Date,Open,High,Low,Close,Volume,Change
2022-01-03,0,0,0,5000,0,0.0
2022-01-04,0,0,0,5000,0,0.0
2022-01-05,0,0,0,5000,0,0.0
2022-01-06,0,0,0,5000,0,0.0
2022-01-07,0,0,0,5000,0,0.0
2022-01-10,0,0,0,5000,0,0.0
2022-01-11,0,0,0,5000,0,0.0
2022-01-12,0,0,0,5000,0,0.0
2022-01-13,0,0,0,5000,0,0.0
2022-01-14,0,0,0,5000,0,0.0
2022-01-17,0,0,0,5000,0,0.0
2022-01-18,0,0,0,5000,0,0.0
2022-01-19,0,0,0,5000,0,0.0
2022-01-20,0,0,0,5000,0,0.0
2022-01-21,0,0,0,5000,0,0.0
2022-01-24,0,0,0,5000,0,0.0
2022-01-25,0,0,0,5000,0,0.0
2022-01-26,0,0,0,5000,0,0.0
2022-01-27,0,0,0,5000,0,0.0
2022-01-28,0,0,0,5000,0,0.0
2022-02-03,0,0,0,5000,0,0.0
2022-02-04,0,0,0,5000,0,0.0
2022-02-07,0,0,0,5000,0,0.0
2022-02-08,0,0,0,5000,0,0.0
2022-02-09,0,0,0,5000,0,0.0
2022-02-10,0,0,0,5000,0,0.0
2022-02-11,0,0,0,5000,0,0.0
2022-02-14,0,0,0,5000,0,0.0
2022-02-15,0,0,0,5000,0,0.0
2022-02-16,0,0,0,5000,0,0.0
2022-02-17,0,0,0,5000,0,0.0
2022-02-18,0,0,0,5000,0,0.0
2022-02-21,0,0,0,5000,0,0.0
2022-02-22,0,0,0,5000,0,0.0
2022-02-23,0,0,0,5000,0,0.0
2022-02-24,0,0,0,5000,0,0.0
2022-02-25,0,0,0,5000,0,0.0
2022-02-28,0,0,0,5000,0,0.0
2022-03-02,0,0,0,5000,0,0.0
2022-03-03,0,0,0,5000,0,0.0
2022-03-04,0,0,0,5000,0,0.0
2022-03-07,0,0,0,5000,0,0.0
2022-03-08,0,0,0,5000,0,0.0
2022-03-10,0,0,0,5000,0,0.0
2022-03-11,0,0,0,5000,0,0.0
2022-03-14,0,0,0,5000,0,0.0
2022-03-15,0,0,0,5000,0,0.0
2022-03-16,0,0,0,5000,0,0.0
2022-03-17,0,0,0,5000,0,0.0
2022-03-18,0,0,0,5000,0,0.0
2022-03-21,0,0,0,5000,0,0.0
2022-03-22,0,0,0,5000,0,0.0
2022-03-23,0,0,0,5000,0,0.0
2022-03-24,0,0,0,5000,0,0.0
2022-03-25,0,0,0,5000,0,0.0
2022-03-28,0,0,0,5000,0,0.0
2022-03-29,0,0,0,5000,0,0.0
2022-03-30,0,0,0,5000,0,0.0
2022-03-31,0,0,0,5000,0,0.0
2022-04-01,0,0,0,5000,0,0.0
2022-04-04,0,0,0,5000,0,0.0
2022-04-05,0,0,0,5000,0,0.0
2022-04-06,0,0,0,5000,0,0.0
2022-04-07,0,0,0,5000,0,0.0
2022-04-08,0,0,0,5000,0,0.0
2022-04-11,0,0,0,5000,0,0.0
2022-04-12,0,0,0,5000,0,0.0
2022-04-13,0,0,0,5000,0,0.0
2022-04-14,0,0,0,5000,0,0.0
2022-04-15,0,0,0,5000,0,0.0
2022-04-18,0,0,0,5000,0,0.0
2022-04-19,0,0,0,5000,0,0.0
2022-04-20,0,0,0,5000,0,0.0
2022-04-21,0,0,0,5000,0,0.0
2022-04-22,0,0,0,5000,0,0.0
2022-04-25,0,0,0,5000,0,0.0
2022-04-26,0,0,0,5000,0,0.0
2022-04-27,0,0,0,5000,0,0.0
2022-04-28,0,0,0,5000,0,0.0
2022-04-29,0,0,0,5000,0,0.0
2022-05-02,0,0,0,5000,0,0.0
2022-05-03,0,0,0,5000,0,0.0
2022-05-04,0,0,0,5000,0,0.0
2022-05-06,0,0,0,5000,0,0.0
2022-05-09,0,0,0,5000,0,0.0
2022-05-10,0,0,0,5000,0,0.0
2022-05-11,0,0,0,5000,0,0.0
2022-05-12,0,0,0,5000,0,0.0
2022-05-13,0,0,0,5000,0,0.0
2022-05-16,0,0,0,5000,0,0.0
2022-05-17,0,0,0,5000,0,0.0
2022-05-18,0,0,0,5000,0,0.0
2022-05-19,0,0,0,5000,0,0.0
2022-05-20,0,0,0,5000,0,0.0
2022-05-23,0,0,0,5000,0,0.0
2022-05-24,0,0,0,5000,0,0.0
2022-05-25,5000,5950,3840,4070,11736475,-0.18600000000000005
2022-05-26,4100,4500,3890,4250,5357546,0.04422604422604426
2022-05-27,4230,4265,3970,3980,1379077,-0.06352941176470583
2022-05-30,4100,4315,4005,4160,1803349,0.045226130653266416
2022-05-31,4295,4650,4220,4330,2718593,0.04086538461538458
2022-06-02,4270,4495,4240,4425,696842,0.021939953810623525
2022-06-03,4425,4525,4335,4400,610596,-0.005649717514124242
2022-06-07,4380,4380,4290,4295,278678,-0.02386363636363631
2022-06-08,4430,4430,4265,4285,323421,-0.002328288707799775
2022-06-09,4285,4285,4105,4195,266828,-0.02100350058343059
2022-06-10,4130,4295,4080,4225,221543,0.007151370679380209
2022-06-13,4210,4415,4110,4225,457422,0.0
2022-06-14,4205,4465,4140,4455,816030,0.05443786982248522
2022-06-15,4455,4760,4420,4550,1329116,0.021324354657688005
2022-06-16,4645,4720,4490,4530,574788,-0.00439560439560438
2022-06-17,4530,4930,4400,4900,1145831,0.08167770419426046
2022-06-20,4900,5040,4730,4900,686859,0.0
2022-06-21,4950,5070,4805,5050,333137,0.030612244897959107
2022-06-22,5110,6340,5000,5790,3868630,0.14653465346534644
2022-06-23,5910,6090,5150,5220,1655245,-0.0984455958549223
2022-06-24,5270,5970,5230,5720,1712190,0.09578544061302674
2022-06-27,5780,5950,5750,5780,641008,0.010489510489510412
2022-06-28,5930,6230,5810,6160,1097545,0.0657439446366781
2022-06-29,6140,7000,6060,6890,2321014,0.11850649350649345
2022-06-30,6890,7100,6620,6830,923114,-0.00870827285921627
2022-07-01,6850,7080,6550,6720,837069,-0.016105417276720324
2022-07-04,6720,6990,6120,6250,680914,-0.06994047619047616
2022-07-05,6250,6300,5680,6160,758870,-0.014399999999999968
2022-07-06,6060,6310,6020,6290,361178,0.02110389610389607
2022-07-07,6300,6330,5960,6060,504197,-0.0365659777424483
2022-07-08,6070,6530,6060,6370,437149,0.05115511551155105
2022-07-11,6430,6630,6000,6270,370154,-0.015698587127158548
2022-07-12,6280,6420,5950,6030,327305,-0.038277511961722466
2022-07-13,6030,6070,5700,5840,226206,-0.031509121061359835
2022-07-14,5840,6010,5510,5590,429835,-0.042808219178082196
2022-07-15,5590,5650,5280,5380,370731,-0.03756708407871201
2022-07-18,5380,5770,5280,5650,338151,0.05018587360594795
2022-07-19,5620,5720,5440,5630,210917,-0.0035398230088495852
2022-07-20,5760,5810,5530,5630,239662,0.0
2022-07-21,5550,5770,5530,5700,203741,0.01243339253996445
2022-07-22,5700,5880,5610,5640,216175,-0.010526315789473717
2022-07-25,5670,5670,5330,5400,229169,-0.04255319148936165
2022-07-26,5500,5530,5380,5500,120927,0.0185185185185186
2022-07-27,5500,5640,5400,5600,125805,0.018181818181818077
2022-07-28,5600,6130,5100,5200,1789842,-0.0714285714285714
2022-07-29,5220,5400,5220,5260,233625,0.011538461538461497
2022-08-01,5220,5300,5200,5240,157762,-0.0038022813688213253
2022-08-02,5270,5300,5150,5160,156306,-0.01526717557251911
2022-08-03,5190,5240,5120,5220,67987,0.011627906976744207
2022-08-04,5110,5190,4965,5060,306187,-0.03065134099616862
2022-08-05,5060,5140,4995,5030,162207,-0.005928853754940677
2022-08-08,5050,5230,5010,5190,176705,0.031809145129224614
2022-08-09,5200,5200,5000,5060,172890,-0.025048169556840083
2022-08-10,5010,5300,5000,5110,233574,0.009881422924901129
2022-08-11,5220,5320,5060,5250,213521,0.027397260273972712
2022-08-12,5250,5280,5190,5230,139552,-0.003809523809523818
2022-08-16,5350,5410,5190,5260,217534,0.005736137667303964
2022-08-17,5290,5290,5080,5180,190795,-0.01520912547528519
2022-08-18,5180,5430,5150,5350,328187,0.032818532818532864
2022-08-19,5400,5410,5150,5180,224503,-0.03177570093457949
2022-08-22,5190,5200,5020,5080,171250,-0.019305019305019266
2022-08-23,5020,5140,4985,5080,173224,0.0
2022-08-24,5100,5240,5020,5170,175438,0.017716535433070835
2022-08-25,5170,5250,5120,5210,108670,0.007736943907156624
2022-08-26,5200,5470,5190,5380,447891,0.03262955854126681
2022-08-29,5380,6190,5200,5800,3339122,0.07806691449814118
2022-08-30,6020,6310,5860,6100,2090273,0.051724137931034475
2022-08-31,6170,6350,6030,6090,834199,-0.0016393442622950616
2022-09-01,6060,6290,5840,5900,772845,-0.031198686371100126
2022-09-02,5930,6430,5930,6330,1074809,0.07288135593220346
2022-09-05,6340,6490,6210,6320,631881,-0.0015797788309637184
2022-09-06,6370,6980,6260,6820,1615345,0.07911392405063289
2022-09-07,6850,7120,6770,6880,1838548,0.008797653958944274
2022-09-08,7170,7490,6910,7390,2199788,0.0741279069767442
2022-09-13,7500,7590,6560,6910,2451193,-0.06495263870094725
2022-09-14,6700,7290,6570,7180,1506408,0.0390738060781477
2022-09-15,7240,9080,7240,9000,10343784,0.2534818941504178
2022-09-16,9480,9930,8750,9400,7986884,0.04444444444444451
2022-09-19,9320,9340,7870,8010,3716219,-0.14787234042553188
2022-09-20,8580,9050,8290,8830,4615385,0.10237203495630465
2022-09-21,8490,8810,8340,8580,1395325,-0.028312570781426905
2022-09-22,8480,8970,8450,8730,2071709,0.0174825174825175
2022-09-23,8650,8810,7800,8160,1856842,-0.06529209621993126
2022-09-26,7990,8470,7930,8290,1276250,0.01593137254901955
2022-09-27,8220,8420,7940,8210,794348,-0.00965018094089265
2022-09-28,8300,8720,8170,8320,1342785,0.013398294762484664
2022-09-29,8430,8710,8330,8400,1003543,0.009615384615384581
2022-09-30,8210,8310,7510,7530,1354212,-0.10357142857142854
2022-10-04,7690,7690,7010,7460,736754,-0.009296148738379806
2022-10-05,7620,7810,7080,7100,1116869,-0.04825737265415553
2022-10-06,7200,7580,7150,7310,1046431,0.029577464788732355
2022-10-07,7280,7290,6820,6890,823721,-0.057455540355677126
2022-10-11,6770,6770,6290,6490,1068368,-0.05805515239477499
2022-10-12,6450,6770,6250,6680,790312,0.02927580893682591
2022-10-13,7090,7280,6680,6900,1592309,0.03293413173652704
2022-10-14,7190,7340,6830,7050,1694901,0.021739130434782705
2022-10-17,6880,7200,6740,7200,541838,0.02127659574468077
2022-10-18,7330,7580,7020,7560,1159787,0.050000000000000044
2022-10-19,7800,7910,7580,7600,1214849,0.005291005291005346
2022-10-20,7690,7900,7520,7680,588558,0.010526315789473717
2022-10-21,7640,7670,7240,7290,430565,-0.05078125
2022-10-24,7430,7640,7300,7500,450566,0.028806584362139898
2022-10-25,7490,7570,7080,7090,432040,-0.05466666666666664
2022-10-26,7160,7180,6950,6980,205924,-0.015514809590973178
2022-10-27,6980,7170,6960,7150,169596,0.024355300859598916
2022-10-28,7220,7640,7200,7500,605731,0.04895104895104896
2022-10-31,7580,7770,7450,7530,382256,0.0040000000000000036
2022-11-01,7500,8120,7460,8000,1164262,0.062416998671978696
2022-11-02,8020,8020,7600,7620,659752,-0.04749999999999999
2022-11-03,7500,8350,7430,8240,2517315,0.08136482939632539
2022-11-04,8360,8770,8080,8120,1763962,-0.014563106796116498
2022-11-07,8240,8380,8020,8180,639047,0.00738916256157629
2022-11-08,8120,8240,7920,8000,487454,-0.022004889975550168
2022-11-09,8090,8580,8030,8180,1642808,0.022499999999999964
2022-11-10,8180,9760,8080,9420,6150561,0.15158924205378965
2022-11-11,9920,9950,9090,9250,3296821,-0.018046709129511673
2022-11-14,8900,9650,8810,9650,1800014,0.043243243243243246
2022-11-15,9750,9990,9370,9990,1884456,0.03523316062176174
2022-11-16,9800,10400,9720,9950,1877447,-0.004004004004004025
2022-11-17,9970,11750,9730,11400,5036791,0.14572864321608048
2022-11-18,11300,11700,10950,11550,1961829,0.013157894736842035
2022-11-21,11400,11700,10800,11300,1521156,-0.02164502164502169
2022-11-22,11150,12250,10050,10700,3479449,-0.053097345132743334
2022-11-23,10900,12000,10400,11300,2547672,0.05607476635514019
2022-11-24,11450,11550,10950,11300,951158,0.0
2022-11-25,11150,11450,10550,10750,1074829,-0.04867256637168138
2022-11-28,10500,10700,10100,10300,939457,-0.041860465116279055
2022-11-29,10200,10650,10150,10450,735893,0.014563106796116498
2022-11-30,10700,10900,9830,10150,2654640,-0.028708133971291905
2022-12-01,10250,10350,9880,10350,814235,0.019704433497536922
2022-12-02,10250,10400,9900,10100,518085,-0.024154589371980673
2022-12-05,9970,10150,9380,9410,906784,-0.06831683168316827
2022-12-06,9200,9360,9070,9290,484651,-0.012752391073326264
2022-12-07,9290,9520,9130,9280,461504,-0.0010764262648008671
2022-12-08,9280,9300,8920,9200,416206,-0.008620689655172376
2022-12-09,9390,9440,8830,9130,537517,-0.007608695652173925
2022-12-12,9000,9190,8750,9090,426781,-0.004381161007667056
2022-12-13,9220,9280,8780,8780,424979,-0.034103410341034146
2022-12-14,8820,8950,8700,8920,263459,0.015945330296127658
2022-12-15,8900,8980,8660,8730,308295,-0.02130044843049328
2022-12-16,8500,8600,8200,8370,578229,-0.04123711340206182
2022-12-19,8550,8910,8220,8320,1400265,-0.005973715651135025
2022-12-20,8310,10600,7690,10300,9987167,0.23798076923076916
2022-12-21,10050,10300,9300,9400,4012338,-0.08737864077669899
2022-12-22,9490,9550,9040,9150,1704138,-0.02659574468085102
2022-12-23,9290,9350,8540,8780,2158344,-0.040437158469945333
2022-12-26,8890,9150,8360,8410,1719947,-0.04214123006833714
2022-12-27,8450,8480,8080,8400,1101657,-0.0011890606420927874
2022-12-28,8350,8950,8310,8720,1461727,0.03809523809523818
2022-12-29,8670,8880,8600,8800,671158,0.00917431192660545
2023-01-02,8820,9000,8530,8550,518296,-0.02840909090909094
2023-01-03,8550,8730,8200,8470,452963,-0.009356725146198785
2023-01-04,8470,8490,8210,8400,260757,-0.008264462809917328
2023-01-05,8400,8450,8230,8280,280009,-0.014285714285714235
2023-01-06,8140,8310,8120,8190,255776,-0.010869565217391353
2023-01-09,8210,8350,8150,8260,298695,0.008547008547008517
2023-01-10,8330,8590,8270,8390,471049,0.0157384987893463
2023-01-11,8390,8700,8370,8560,420275,0.020262216924910703
2023-01-12,8850,8890,8620,8720,873727,0.01869158878504673
2023-01-13,8750,8750,8560,8620,335339,-0.011467889908256867
2023-01-16,8650,8680,8360,8400,330057,-0.025522041763341052
2023-01-17,8420,8480,8320,8340,203340,-0.0071428571428571175
2023-01-18,8340,8400,8200,8230,272660,-0.013189448441247031
2023-01-19,8210,8280,7930,8000,444306,-0.027946537059538312
2023-01-20,8020,8210,8010,8180,189173,0.022499999999999964
2023-01-25,8230,8330,7950,8070,387649,-0.01344743276283622
2023-01-26,8070,8580,7980,8540,764789,0.058240396530359284
2023-01-27,8600,8740,8420,8490,477456,-0.005854800936768156
2023-01-30,8460,8670,8400,8490,454203,0.0
2023-01-31,8560,9070,8520,9010,994013,0.06124852767962308
2023-02-01,9130,10000,8760,8990,4333620,-0.002219755826859071
2023-02-02,9840,9850,9200,9410,2545186,0.04671857619577313
2023-02-03,9470,9560,9200,9300,925303,-0.011689691817215686
2023-02-06,9170,9470,9150,9240,566733,-0.006451612903225823
2023-02-07,9240,9450,9150,9390,420535,0.016233766233766156
2023-02-08,9480,9480,9190,9220,442889,-0.018104366347177825
2023-02-09,9220,9440,9110,9390,419916,0.018438177874186445
2023-02-10,9460,9470,9240,9260,369557,-0.013844515441959526
2023-02-13,9260,9420,9260,9260,288845,0.0
2023-02-14,9260,9330,9090,9230,248334,-0.003239740820734305
2023-02-15,9190,9520,8900,8900,953155,-0.03575297941495126
2023-02-16,8990,9720,8930,9500,1353127,0.0674157303370786
2023-02-17,9490,9820,9350,9620,1296947,0.012631578947368327
2023-02-20,9750,9770,9380,9530,555852,-0.009355509355509328
2023-02-21,9530,9880,9450,9790,781663,0.02728226652675758
2023-02-22,9710,10470,9570,9790,2125787,0.0
2023-02-23,9880,9930,9540,9620,642861,-0.01736465781409602
2023-02-24,9630,9810,9470,9640,397357,0.0020790020790020236
2023-02-27,9590,9920,9530,9690,453684,0.005186721991701226
2023-02-28,9790,9920,9590,9630,442750,-0.006191950464396245
2023-03-02,9710,10420,9530,10180,1698033,0.05711318795430942
2023-03-03,10300,12410,10140,11700,10118398,0.14931237721021606
2023-03-06,12230,13910,11910,13250,7404260,0.13247863247863245
2023-03-07,13400,14200,13020,13390,4674323,0.010566037735848965
2023-03-08,13520,14920,13310,14250,6392911,0.06422703510082162
2023-03-09,14760,14850,12850,13040,2657510,-0.08491228070175438
2023-03-10,12440,16950,12270,15800,17480013,0.21165644171779152
2023-03-13,15460,16330,15000,16330,1329932,0.03354430379746831
2023-03-14,16400,16650,15460,16100,831449,-0.014084507042253502
2023-03-15,16800,17200,16300,17200,999258,0.06832298136645965
2023-03-16,16700,18790,16450,17220,3983442,0.0011627906976743319
2023-03-17,17280,17440,15790,16000,2316155,-0.07084785133565619
2023-03-20,15350,18950,15100,18200,5867861,0.13749999999999996
2023-03-21,18540,23650,18290,23650,11235218,0.2994505494505495
2023-03-22,24800,27250,23650,26200,8260746,0.10782241014799165
2023-03-23,25200,30300,24700,27100,5787168,0.03435114503816794
2023-03-24,29300,29900,26850,28750,2655701,0.06088560885608851
2023-03-27,29850,37350,29100,37300,5533633,0.297391304347826
2023-03-28,37300,43900,34750,39100,7046949,0.04825737265415553
2023-03-29,40400,42100,39050,40000,2339135,0.023017902813299296
2023-03-30,41750,42650,35500,38000,3310453,-0.050000000000000044
2023-03-31,36000,37200,32550,33450,3876200,-0.11973684210526314
2023-04-03,34750,35100,30200,34550,4513483,0.03288490284005974
2023-04-04,33650,36600,33050,34200,2459929,-0.01013024602026047
2023-04-05,34750,39450,33700,38600,5097332,0.12865497076023402
2023-04-06,38600,39450,36950,37900,1909990,-0.01813471502590669
2023-04-07,37900,38650,36700,38100,1685509,0.005277044854881341
2023-04-10,38550,39350,37400,38700,2069464,0.015748031496062964
2023-04-11,40250,40400,32150,37400,2176630,-0.03359173126614989
2023-04-12,36200,36200,31200,31250,2556534,-0.16443850267379678
2023-04-13,28700,35550,28150,33900,4440973,0.08479999999999999
2023-04-14,35250,35750,32450,33350,1552857,-0.016224188790560423
2023-04-17,32200,33150,30700,32050,1715713,-0.038980509745127456
2023-04-18,32500,33700,30350,30850,1828950,-0.03744149765990634
2023-04-19,30800,31450,29400,30050,1617404,-0.02593192868719607
2023-04-20,30050,32300,28400,31500,1741672,0.048252911813643884
2023-04-21,30800,31250,27500,27500,1413962,-0.12698412698412698
2023-04-24,27300,29250,26700,28350,1197421,0.030909090909090997
2023-04-25,28100,28350,26000,26850,888219,-0.05291005291005291
2023-04-26,26450,27500,25650,25650,880461,-0.04469273743016755
2023-04-27,25800,26800,25000,26300,900893,0.025341130604288553
2023-04-28,26450,26750,23850,24000,1266524,-0.0874524714828897
2023-05-02,23950,24500,23350,23650,1115342,-0.014583333333333282
2023-05-03,23100,23500,22500,22950,866590,-0.029598308668076112
2023-05-04,23650,24450,22650,23050,1262916,0.004357298474945592
2023-05-08,23250,23350,21400,21550,939250,-0.06507592190889366
2023-05-09,21550,21900,20950,21100,758405,-0.02088167053364265
2023-05-10,20950,21450,20400,20550,625242,-0.026066350710900466
2023-05-11,21700,21950,19510,20000,1289540,-0.02676399026763987
2023-05-12,19980,21150,19660,20100,767770,0.004999999999999893
2023-05-15,20100,20200,18510,19390,895079,-0.035323383084577165
2023-05-16,19730,20500,19120,19680,791634,0.014956162970603426
2023-05-17,19670,22700,19200,21300,3243177,0.08231707317073167
2023-05-18,22000,22150,20250,20400,1027420,-0.04225352112676062
2023-05-19,20550,20600,19140,19180,946678,-0.05980392156862746
2023-05-22,19200,21900,18600,21400,2476356,0.1157455683003128
2023-05-23,22050,27500,21500,25250,9328071,0.17990654205607481
2023-05-24,25250,26400,24500,25500,2420993,0.00990099009900991
2023-05-25,25150,25600,23700,24000,1207807,-0.05882352941176472
2023-05-26,23950,24550,22900,23300,849967,-0.029166666666666674
2023-05-30,23300,23400,22150,22750,737009,-0.023605150214592308
2023-05-31,22500,23800,22250,23800,805007,0.04615384615384621
2023-06-01,23850,24600,22950,23350,720993,-0.018907563025210128
2023-06-02,23600,25850,23200,24900,1796384,0.06638115631691655
2023-06-05,25350,28450,24800,26550,3194789,0.06626506024096379
2023-06-07,27050,28450,26500,28450,1644560,0.07156308851224114
2023-06-08,28250,28900,26900,26900,1564279,-0.054481546572935025
2023-06-09,26950,28700,26650,27650,1491782,0.027881040892193232
2023-06-12,27700,28550,26800,27400,1029995,-0.009041591320072317
2023-06-13,27750,29850,27300,28150,2190844,0.027372262773722733
2023-06-14,28350,30500,26650,27000,3808532,-0.04085257548845467
2023-06-15,29800,29850,27550,28550,1749852,0.05740740740740735
2023-06-16,28250,28600,27600,28000,550580,-0.019264448336252182
2023-06-19,27900,28650,27650,28000,522272,0.0
2023-06-20,27750,27850,26450,26450,581116,-0.05535714285714288
2023-06-21,26300,27250,25000,25200,721324,-0.047258979206049156
2023-06-22,25550,26550,23800,25250,906451,0.001984126984126977
2023-06-23,25300,25400,24150,24450,523283,-0.03168316831683171
2023-06-26,24350,24850,23650,24400,380783,-0.002044989775051076
2023-06-27,24350,24400,23450,23550,340901,-0.0348360655737705
2023-06-28,23900,24100,22650,22850,352510,-0.02972399150743099
2023-06-29,23100,23250,22300,22600,312197,-0.01094091903719907
2023-06-30,22650,23150,22350,23000,286776,0.017699115044247815
2023-07-03,23300,24700,23050,24550,489541,0.06739130434782603
2023-07-04,24600,24900,23900,24050,356480,-0.020366598778004064
2023-07-05,24550,27250,23850,26500,2108638,0.10187110187110182
2023-07-06,27000,27050,25250,25350,658769,-0.04339622641509433
2023-07-07,25350,27850,25350,27550,1972922,0.08678500986193294
2023-07-10,27950,28500,26550,26600,1010575,-0.03448275862068961
2023-07-11,27050,28300,27050,27300,1044835,0.026315789473684292
2023-07-12,27800,28150,26850,27000,759878,-0.01098901098901095
2023-07-13,27400,27800,26800,27050,585738,0.0018518518518517713
2023-07-14,27400,27700,26200,27550,648832,0.01848428835489835
2023-07-17,28400,29800,27850,29000,2159284,0.05263157894736836
2023-07-18,29300,31800,28950,29550,3615661,0.018965517241379404
2023-07-19,29650,29850,27500,27750,1066868,-0.060913705583756306
2023-07-20,27800,28250,26700,27300,667259,-0.01621621621621616
2023-07-21,26350,27950,26300,27350,590495,0.001831501831501825
2023-07-24,27550,27750,26300,26900,941674,-0.01645338208409508
2023-07-25,28300,30350,26800,26950,1778554,0.0018587360594795044
2023-07-26,27450,27450,23200,24050,1682976,-0.10760667903525045
2023-07-27,24500,24550,22100,23000,855163,-0.043659043659043606
2023-07-28,22050,23700,22050,23700,491438,0.0304347826086957
2023-07-31,23700,24600,23600,24450,416065,0.03164556962025311
2023-08-01,24450,24950,23500,23900,497013,-0.02249488752556239
2023-08-02,23900,24150,22800,23450,362192,-0.01882845188284521
2023-08-03,23300,23400,22200,22700,274853,-0.031982942430703654
2023-08-04,23000,23000,21700,22400,175195,-0.013215859030836996
2023-08-07,22400,22750,21150,21350,273346,-0.046875
2023-08-08,21350,21850,20800,21800,222586,0.021077283372365363
2023-08-09,21750,23000,21250,22900,271484,0.050458715596330306
2023-08-10,22900,22900,22200,22350,127711,-0.024017467248908297
2023-08-11,22550,22650,21850,22400,134996,0.0022371364653244186
2023-08-14,22100,25750,20500,24000,919472,0.0714285714285714
2023-08-16,23150,23850,22550,22900,270628,-0.04583333333333328
2023-08-17,22450,24000,21200,23300,313074,0.017467248908296984
2023-08-18,23150,24250,22600,23850,241238,0.023605150214592197
2023-08-21,24000,24050,23250,23450,230443,-0.016771488469601636
2023-08-22,23350,23700,22700,23150,211904,-0.01279317697228144
2023-08-23,23000,23300,22400,22500,179445,-0.02807775377969768
2023-08-24,22600,23450,22550,23400,153596,0.040000000000000036
2023-08-25,22850,27550,22700,23900,3322498,0.02136752136752129
2023-08-28,24600,24650,22950,23550,838626,-0.014644351464435101
2023-08-29,23550,23800,23150,23400,315296,-0.006369426751592355
2023-08-30,23600,23800,23000,23000,328905,-0.017094017094017144
2023-08-31,22850,23200,22300,22650,333554,-0.01521739130434785
2023-09-01,22650,22650,21800,22200,277459,-0.019867549668874163
2023-09-04,22200,22400,21800,22300,158958,0.0045045045045044585
2023-09-05,22150,22700,21900,22600,182130,0.013452914798206317
2023-09-06,22900,22950,21900,21950,184200,-0.028761061946902644
2023-09-07,21950,22100,21100,21150,233891,-0.036446469248291535
2023-09-08,21100,21400,20700,21200,167359,0.0023640661938533203
2023-09-11,21300,21450,20500,20600,163215,-0.028301886792452824
2023-09-12,20900,20950,19870,19880,229084,-0.03495145631067964
2023-09-13,19960,20250,19450,19940,145970,0.003018108651911433
2023-09-14,19930,20350,19870,20050,88899,0.005516549648946878
2023-09-15,20050,21200,19910,21100,196371,0.052369077306733125
2023-09-18,20900,21650,20550,20800,218228,-0.014218009478673022
2023-09-19,21100,21100,20300,20450,97615,-0.016826923076923128
2023-09-20,20450,20600,19980,20050,92275,-0.019559902200488977
2023-09-21,19940,20150,19500,19500,110415,-0.027431421446383997
2023-09-22,19400,19590,18950,19590,92688,0.004615384615384688
2023-09-25,19300,19550,18800,18810,123356,-0.039816232771822335
2023-09-26,18810,19280,18560,18660,77574,-0.00797448165869219
2023-09-27,18510,19390,18400,19300,66522,0.03429796355841375
2023-10-04,19000,19150,18500,18510,85944,-0.040932642487046644
2023-10-05,18610,19470,18580,18750,94670,0.01296596434359798
2023-10-06,18700,19090,18650,18900,44148,0.008000000000000007
2023-10-10,18930,20500,18700,19310,249570,0.021693121693121764
2023-10-11,19970,20150,19600,20000,105649,0.03573278094251675
2023-10-12,20250,20800,20000,20700,175303,0.03499999999999992
2023-10-13,21600,22350,20750,21000,524470,0.01449275362318847
2023-10-16,20500,21400,20250,21000,212384,0.0
2023-10-17,21950,23550,21500,22300,1271033,0.06190476190476191
2023-10-18,22050,22200,21000,21100,311039,-0.053811659192825156
2023-10-19,20450,20500,20000,20000,198741,-0.05213270142180093
2023-10-20,20450,21600,20100,21000,443057,0.050000000000000044
2023-10-23,21850,22700,20400,21100,436516,0.004761904761904745
2023-10-24,21800,22150,20300,22100,305830,0.04739336492891
2023-10-25,22100,22200,21050,21100,173689,-0.04524886877828049
2023-10-26,20500,20950,19500,19880,190900,-0.057819905213270184
2023-10-27,19880,20550,19840,19900,163427,0.001006036217303885
2023-10-30,19650,19900,19280,19340,190913,-0.028140703517587906
2023-10-31,19340,19590,18100,18200,226785,-0.058945191313340195
2023-11-01,18220,18560,16820,16860,233455,-0.07362637362637359
2023-11-02,17060,17700,17010,17500,261732,0.03795966785290639
2023-11-03,17810,19990,17790,18500,532962,0.05714285714285716
2023-11-06,19100,21400,19100,20900,748879,0.12972972972972974
2023-11-07,20650,20750,18850,19200,321931,-0.08133971291866027
2023-11-08,19000,19450,18770,18810,121360,-0.020312499999999956
2023-11-09,19200,19200,18390,18560,96447,-0.01329080276448702
2023-11-10,18200,18350,17970,18200,66802,-0.0193965517241379
2023-11-13,18310,18400,17300,17590,116996,-0.03351648351648351
2023-11-14,17970,18470,17820,17970,102792,0.02160318362706093
2023-11-15,18890,18890,17100,17990,126823,0.0011129660545352582
2023-11-16,18000,18050,17730,17910,72902,-0.004446914952751513
2023-11-17,17910,17910,17140,17290,95059,-0.03461753210496932
2023-11-20,17100,17620,17100,17450,82279,0.009253903990745993
2023-11-21,17450,17550,17100,17150,157221,-0.017191977077363862
2023-11-22,17140,17170,15700,16650,193717,-0.029154518950437303
2023-11-23,16350,16750,16310,16570,93720,-0.00480480480480483
2023-11-24,16610,17450,16610,17240,191222,0.04043452021726002
2023-11-27,17350,17570,17050,17250,150656,0.000580046403712231
2023-11-28,17920,18860,17640,18070,502246,0.04753623188405798
2023-11-29,18080,18500,17560,18440,204943,0.02047592695074707
2023-11-30,18700,19360,18600,18900,339805,0.024945770065075923
2023-12-01,19220,19220,18500,18570,147012,-0.01746031746031751
2023-12-04,18400,18570,17990,18190,120084,-0.020463112547118967
2023-12-05,18190,18200,17510,17540,112813,-0.035733919736118724
2023-12-06,17400,17750,17240,17380,97865,-0.009122006841505104
2023-12-07,17380,17520,17000,17100,85826,-0.016110471806674354
2023-12-08,17400,17830,17210,17800,126585,0.040935672514619936
2023-12-11,18220,18410,17770,17810,158335,0.0005617977528089568
2023-12-12,17800,18340,17600,18060,122556,0.014037057832678279
2023-12-13,17950,17950,17340,17360,124068,-0.03875968992248058
2023-12-14,17560,18790,17360,18520,574379,0.06682027649769595
2023-12-15,18560,21050,18450,19200,1303887,0.036717062634989306
2023-12-18,19390,19490,18830,19170,269434,-0.0015625000000000222
2023-12-19,19150,19170,18630,18990,186035,-0.009389671361502372
2023-12-20,19100,19100,18330,18350,180704,-0.03370194839389151
2023-12-21,18120,18680,18050,18480,187603,0.00708446866485013
2023-12-22,18600,18680,17920,17950,156757,-0.02867965367965364
2023-12-26,18120,18120,17270,17290,125266,-0.03676880222841228
2023-12-27,17270,18000,17240,17800,126587,0.029496818970503158
2023-12-28,17800,17900,17380,17900,118021,0.00561797752808979
2024-01-02,17730,18010,17500,17700,86320,-0.011173184357541888
2024-01-03,17500,17590,17010,17050,190234,-0.03672316384180796
2024-01-04,16790,17240,16780,17100,88675,0.0029325513196480912
2024-01-05,17190,17400,16900,17090,101284,-0.0005847953216374657
2024-01-08,17220,17220,16870,16900,110569,-0.011117612638970154
2024-01-09,17050,17270,16850,16920,122943,0.0011834319526626835
2024-01-10,16950,16950,16460,16500,138979,-0.024822695035460973
2024-01-11,16680,16750,16290,16300,112691,-0.012121212121212088
2024-01-12,16300,16300,15800,15910,153152,-0.023926380368098132
2024-01-15,15910,15910,15160,15400,165812,-0.032055311125078534
2024-01-16,15200,15620,14850,15620,191547,0.014285714285714235
2024-01-17,15650,15670,14700,14740,164105,-0.05633802816901412
2024-01-18,14770,15290,14620,14830,106129,0.006105834464043447
2024-01-19,14970,15320,14590,14870,112604,0.0026972353337828547
2024-01-22,15000,16300,13510,14790,1054597,-0.005379959650302579
2024-01-23,14570,14790,13880,13990,263584,-0.054090601757944556
2024-01-24,14000,14180,13680,13850,132118,-0.010007147962830643
2024-01-25,13720,13720,12900,13080,288376,-0.055595667870036114
2024-01-26,13050,13460,12860,13290,154633,0.016055045871559592
2024-01-29,13390,13390,12790,13100,112339,-0.014296463506395796
2024-01-30,13400,13850,12800,13070,147082,-0.0022900763358778553
2024-01-31,13070,13370,12740,13030,97900,-0.003060443764345777
2024-02-01,12910,13140,12750,13140,113372,0.008442056792018482
2024-02-02,13310,13410,13100,13210,112645,0.0053272450532724225
2024-02-05,13250,13250,12840,12940,66257,-0.020439061317183982
2024-02-06,12800,12890,12400,12600,117819,-0.026275115919629055
2024-02-07,12690,13290,12600,12750,145179,0.011904761904761862
2024-02-08,13050,13700,12880,13220,189410,0.03686274509803922
2024-02-13,13230,13320,13000,13060,139725,-0.012102874432677768
2024-02-14,13150,14980,13130,14050,745832,0.07580398162327717
2024-02-15,14290,15170,14120,15000,529272,0.06761565836298922
2024-02-16,15480,15480,14760,15220,303945,0.014666666666666606
2024-02-19,15120,15430,14800,15080,179983,-0.009198423127463884
2024-02-20,15590,16500,15100,16190,844303,0.073607427055703
2024-02-21,16000,18490,15700,17000,1144145,0.05003088326127236
2024-02-22,17000,17300,16350,16400,298097,-0.03529411764705881
2024-02-23,16200,16350,15720,15850,188685,-0.03353658536585369
2024-02-26,15800,17000,15570,16860,295272,0.06372239747634079
2024-02-27,17800,19500,17410,19490,2591994,0.15599051008303677
2024-02-28,19900,21850,19600,20700,2180610,0.06208311954848633
2024-02-29,20500,21400,19940,20050,813693,-0.03140096618357491
2024-03-04,20400,21400,20050,21000,559240,0.04738154613466339
2024-03-05,20550,21150,18800,20550,512807,-0.021428571428571463
2024-03-06,19900,20550,19760,20000,345067,-0.02676399026763987
2024-03-07,19800,21700,19430,20600,576694,0.030000000000000027
2024-03-08,20550,20850,19220,19560,415957,-0.05048543689320384
2024-03-11,19060,21200,19030,21200,501198,0.08384458077709622
2024-03-12,21250,21750,20700,21750,349802,0.02594339622641506
2024-03-13,21150,21250,20100,20150,426686,-0.0735632183908046
2024-03-14,20200,20300,19530,19730,165946,-0.0208436724565757
2024-03-15,19550,20550,19330,19800,182275,0.003547896604155998
2024-03-18,20300,21300,19960,21050,404127,0.06313131313131315
2024-03-19,21300,21950,20250,20700,335076,-0.016627078384798155
2024-03-20,20500,20750,19990,20000,182882,-0.033816425120772986
2024-03-21,20500,20600,20050,20300,118863,0.014999999999999902
2024-03-22,20200,20600,20000,20100,132956,-0.009852216748768461
2024-03-25,20150,21100,19830,20700,277515,0.029850746268656803
2024-03-26,20750,21550,20350,20950,235674,0.012077294685990392
2024-03-27,21000,21650,20400,20650,184681,-0.014319809069212375
2024-03-28,21400,21450,19920,20050,236621,-0.029055690072639195
2024-03-29,20050,20450,19650,20200,175277,0.007481296758104827
2024-04-01,20200,20700,20100,20150,109031,-0.0024752475247524774
2024-04-02,19760,20150,19700,19740,140818,-0.02034739454094292
2024-04-03,19270,19550,18800,19300,182509,-0.02228976697061802
2024-04-04,19300,19650,18750,18950,122615,-0.01813471502590669
2024-04-05,18710,19040,18410,18600,110087,-0.01846965699208447
2024-04-08,18600,18600,17550,18120,157508,-0.02580645161290318
2024-04-09,18120,18870,18110,18290,102645,0.00938189845474624
2024-04-11,18280,18290,17920,18100,59525,-0.010388190267905939
2024-04-12,18100,18100,17200,17200,159477,-0.04972375690607733
2024-04-15,16880,17050,16280,16620,102152,-0.03372093023255818
2024-04-16,16600,16600,15990,16200,113452,-0.02527075812274371
2024-04-17,16200,16320,15730,15760,72858,-0.02716049382716046
2024-04-18,15760,16290,15760,16210,73579,0.02855329949238583
2024-04-19,16050,16180,15700,15740,74528,-0.028994447871684148
2024-04-22,15750,16300,15750,16200,76735,0.029224904701397714
2024-04-23,16060,17700,16010,17300,177882,0.06790123456790131
2024-04-24,17990,18170,16800,17460,296565,0.009248554913294793
2024-04-25,17250,17920,17040,17590,107226,0.0074455899198166975
2024-04-26,17890,17890,17090,17230,75566,-0.02046617396247863
2024-04-29,17250,17790,17150,17750,66134,0.030179918746372714
2024-04-30,18090,18200,17490,17630,70632,-0.006760563380281637
2024-05-02,17650,17840,17260,17290,71844,-0.019285309132161088
2024-05-03,17290,18540,17290,17890,130075,0.03470213996529781
2024-05-07,17960,17970,17570,17620,69679,-0.015092230296254838
2024-05-08,17620,17650,17290,17430,40601,-0.010783200908059065
2024-05-09,17380,17540,17160,17220,36554,-0.012048192771084376
2024-05-10,17170,17530,17150,17270,45279,0.0029036004645761615
2024-05-13,17570,17570,16800,16800,55703,-0.027214823393167387
2024-05-14,16800,21000,16700,17770,1491886,0.057738095238095255
2024-05-16,17820,18090,17380,17380,179991,-0.0219471018570625
2024-05-17,17480,17950,17070,17100,165082,-0.016110471806674354
2024-05-20,17000,17210,16700,16730,119210,-0.02163742690058479
2024-05-21,16750,16800,16100,16220,129051,-0.030484160191273202
2024-05-22,16260,16660,15590,15590,170661,-0.03884093711467329
2024-05-23,15490,15800,15210,15640,86595,0.003207184092366866
2024-05-24,15310,16000,15300,15580,78344,-0.0038363171355498826
2024-05-27,15580,15920,15020,15900,172565,0.020539152759948553
2024-05-28,15890,15890,15390,15390,102546,-0.0320754716981132
2024-05-29,15410,15530,14860,14920,165082,-0.03053931124106568
2024-05-30,14700,15050,14490,14740,104798,-0.012064343163538882
2024-05-31,14620,15140,14350,14350,300444,-0.026458616010854863
2024-06-03,14400,14590,14280,14320,124790,-0.002090592334494823
2024-06-04,14350,15090,14040,14960,217027,0.04469273743016755
2024-06-05,14990,16170,14800,15560,415603,0.04010695187165769
2024-06-07,15560,16510,15560,16490,336507,0.05976863753213357
2024-06-10,16450,18490,16310,17770,969700,0.07762280169799873
2024-06-11,17970,19360,17710,19150,1077201,0.07765897580191328
2024-06-12,20100,22000,19880,20500,1808351,0.07049608355091386
2024-06-13,21150,22000,20500,21650,1063810,0.056097560975609806
2024-06-14,21000,22800,21000,21650,798360,0.0
2024-06-17,21650,21650,20300,21000,468352,-0.03002309468822173
2024-06-18,21600,22150,18090,18810,1383317,-0.10428571428571431
2024-06-19,18810,19300,18100,18810,556322,0.0
2024-06-20,18810,19300,18240,18260,319172,-0.0292397660818714
2024-06-21,18270,18630,17870,18010,261459,-0.013691128148959453
2024-06-24,18060,18090,17200,18020,300114,0.0005552470849528035
2024-06-25,18020,18220,17230,17300,198806,-0.039955604883462836
2024-06-26,17320,17450,16000,16160,467241,-0.06589595375722546
2024-06-27,16540,17190,15500,15640,458191,-0.03217821782178221
2024-06-28,15640,16230,15380,15860,239394,0.01406649616368294
2024-07-01,15860,15890,15390,15700,172707,-0.010088272383354302
2024-07-02,15710,15850,15200,15240,188247,-0.029299363057324834
2024-07-03,15400,16080,15400,15940,228969,0.04593175853018372
2024-07-04,15900,16140,15340,15360,190615,-0.03638644918444167
2024-07-05,15360,15360,14930,15220,195016,-0.00911458333333337
2024-07-08,15150,15610,15020,15460,106740,0.01576872536136653
2024-07-09,15720,15720,15140,15140,138052,-0.02069857697283317
2024-07-10,15050,15100,14160,14690,333089,-0.029722589167767488
2024-07-11,14890,15080,14740,14940,139302,0.017018379850238352
2024-07-12,14800,15380,14700,14940,103261,0.0
2024-07-15,14930,14970,14560,14900,103179,-0.0026773761713521083
2024-07-16,14850,14890,14150,14170,185946,-0.048993288590604034
2024-07-17,14170,14350,13850,13860,163210,-0.02187720536344384
2024-07-18,13760,13940,13500,13720,116582,-0.010101010101010055
2024-07-19,13680,14250,13550,14150,98602,0.031341107871720064
2024-07-22,14270,14270,13290,13380,138861,-0.054416961130742014
2024-07-23,13380,13700,13090,13250,90943,-0.00971599402092671
2024-07-24,13010,13370,12860,13080,115340,-0.012830188679245236
2024-07-25,12730,13230,12510,13060,132636,-0.001529051987767538
2024-07-26,13060,13120,12740,12840,70947,-0.016845329249617125
2024-07-29,12820,13020,12740,13000,63691,0.012461059190031154
2024-07-30,12880,13070,12730,12770,74028,-0.017692307692307674
2024-07-31,12680,12770,12540,12720,68794,-0.003915426781519238
2024-08-01,12730,13180,12720,13000,69350,0.022012578616352307
2024-08-02,12970,12970,12270,12310,97351,-0.05307692307692302
2024-08-05,12170,12300,10320,10610,261272,-0.13809910641754675
2024-08-06,11000,12140,11000,11720,218937,0.10461828463713485
2024-08-07,11610,12110,11480,11730,83462,0.0008532423208191808
2024-08-08,11500,11750,11300,11320,73379,-0.03495311167945436
2024-08-09,11450,11950,11400,11830,97144,0.045053003533569
2024-08-12,12000,12200,11830,11930,74910,0.008453085376162406
2024-08-13,12100,12280,11690,12010,103852,0.0067057837384745245
2024-08-14,12400,13900,12080,12240,673369,0.019150707743547102
2024-08-16,12170,12500,11800,11950,148987,-0.023692810457516367
2024-08-19,11950,12210,11500,11520,108931,-0.035983263598326376
2024-08-20,11530,12080,11530,11990,106510,0.04079861111111116
2024-08-21,11890,12170,11780,12040,75128,0.00417014178482078
2024-08-22,12200,13030,11910,11950,361422,-0.007475083056478371
2024-08-23,11920,12200,11750,11910,89761,-0.0033472803347280866
2024-08-26,11950,12130,11470,11580,109094,-0.027707808564231717
2024-08-27,11550,11710,11380,11630,48870,0.0043177892918826455
2024-08-28,11600,11850,11370,11400,75035,-0.019776440240756643
2024-08-29,11370,12100,11210,11880,130050,0.042105263157894646
2024-08-30,11950,12080,11770,12050,66124,0.014309764309764272
2024-09-02,12050,12920,11920,12640,281301,0.0489626556016598
2024-09-03,12640,12830,12300,12380,105435,-0.020569620253164556
2024-09-04,11900,12100,11560,11610,126587,-0.06219709208400648
2024-09-05,11610,11840,11310,11480,97524,-0.011197243755383335
2024-09-06,11480,11690,10740,10750,123712,-0.063588850174216
2024-09-09,10280,10980,10280,10840,95220,0.008372093023255811
2024-09-10,10840,10970,10380,10380,92312,-0.04243542435424352
2024-09-11,10280,11250,10280,11140,123444,0.07321772639691715
2024-09-12,12000,12150,11520,11900,192093,0.06822262118491929
2024-09-13,11900,12180,11540,11900,88793,0.0
2024-09-19,11950,12360,11850,12260,115881,0.030252100840336027
2024-09-20,12470,12480,12190,12320,92785,0.004893964110929794
2024-09-23,12320,12750,12140,12480,129708,0.01298701298701288
2024-09-24,12600,12900,12590,12730,128034,0.020032051282051322
2024-09-25,12900,13000,12530,12700,115212,-0.00235663786331497
2024-09-26,12750,12980,12600,12900,106329,0.015748031496062964
2024-09-27,13110,13290,12800,12830,147228,-0.005426356589147252
2024-09-30,12830,13000,12430,12570,95417,-0.020265003897116163
2024-10-02,12440,12590,12100,12450,63745,-0.009546539379474916
2024-10-04,12710,12850,12270,12300,52641,-0.012048192771084376
2024-10-07,12800,15120,12750,14700,1475817,0.19512195121951215
2024-10-08,14520,15420,14250,14960,444359,0.017687074829932037
2024-10-10,14990,15330,14570,15020,239620,0.00401069518716568
2024-10-11,15020,15200,14400,14540,186847,-0.031957390146471365
2024-10-14,14400,14400,13950,14040,119440,-0.03438789546079779
2024-10-15,14030,14100,13370,13390,171822,-0.04629629629629628
2024-10-16,13390,13480,12600,12810,192436,-0.04331590739357727
2024-10-17,12820,12970,12400,12550,82837,-0.020296643247462942
2024-10-18,12420,12550,12090,12200,126166,-0.027888446215139417
2024-10-21,12230,13130,12230,13100,165343,0.07377049180327866
2024-10-22,12970,13100,12420,12690,104082,-0.0312977099236641
2024-10-23,12580,12880,12340,12760,91255,0.005516154452324562
2024-10-24,12960,12980,12260,12340,90977,-0.0329153605015674
2024-10-25,12660,12820,12240,12430,66993,0.007293354943273878
2024-10-28,12430,13060,12310,13040,91230,0.04907481898632349
2024-10-29,13250,13250,12490,12770,77871,-0.020705521472392685
2024-10-30,12680,12770,12400,12440,53981,-0.02584181675802666
2024-10-31,12350,12570,12070,12520,72937,0.006430868167202508
2024-11-01,12500,12590,12260,12530,45625,0.0007987220447285281
2024-11-04,12650,12990,12460,12810,95244,0.022346368715083775
2024-11-05,12820,13240,12600,12880,136873,0.005464480874316946
2024-11-06,13160,13160,12110,12170,128962,-0.05512422360248448
2024-11-07,12220,12270,11710,11910,86375,-0.021364009860312283
2024-11-08,11920,12340,11550,11670,74339,-0.02015113350125941
2024-11-11,11560,11620,11070,11250,99366,-0.03598971722365041
2024-11-12,11250,11430,10810,10950,126054,-0.026666666666666616
2024-11-13,10790,11080,10410,10410,119863,-0.049315068493150704
2024-11-14,10420,10940,10200,10650,134319,0.023054755043227626
2024-11-15,10160,10600,9700,10100,216095,-0.05164319248826288
2024-11-18,10110,10640,10040,10500,101436,0.03960396039603964
2024-11-19,10700,10700,10210,10620,51016,0.011428571428571344
2024-11-20,10750,10850,10430,10620,60598,0.0
2024-11-21,10530,10840,10530,10610,49033,-0.0009416195856873921
2024-11-22,10700,11000,10570,10620,80456,0.0009425070688029447
2024-11-25,10620,11050,10620,10910,82272,0.02730696798493404
2024-11-26,10910,11080,10560,10850,79399,-0.005499541704857891
2024-11-27,11000,11000,10500,10580,87916,-0.02488479262672816
2024-11-28,10680,10770,10390,10620,56359,0.003780718336483968
2024-11-29,10520,10980,10100,10700,162904,0.007532956685499137
2024-12-02,10700,11000,10610,10740,101161,0.0037383177570093906
2024-12-03,10740,10980,10570,10740,62109,0.0
2024-12-04,10420,11100,10380,10700,122759,-0.003724394785847296
2024-12-05,10590,11090,10410,10510,110467,-0.017757009345794383
2024-12-06,10610,10750,9900,10340,98119,-0.016175071360608917
2024-12-09,10010,10330,9010,9140,167812,-0.11605415860735013
2024-12-10,9130,9670,8960,9550,111577,0.0448577680525164
2024-12-11,9550,10340,9300,9960,273647,0.04293193717277477
2024-12-12,9990,10200,9350,9670,768523,-0.029116465863453844
2024-12-13,9760,9900,9410,9680,150618,0.0010341261633919352
2024-12-16,9680,9850,9550,9810,86466,0.013429752066115741
2024-12-17,9720,9940,9160,9250,185178,-0.05708460754332312
2024-12-18,9340,9400,9000,9250,118484,0.0
2024-12-19,8980,9240,8930,8940,103552,-0.033513513513513504
2024-12-20,8930,9850,8930,9550,554989,0.06823266219239366
2024-12-23,9830,12030,9810,10080,2375286,0.05549738219895284
2024-12-24,10080,10230,9510,9530,299109,-0.05456349206349209
2024-12-26,9500,9740,9140,9140,202899,-0.04092339979013637
2024-12-27,8980,9140,8860,8870,144063,-0.029540481400437635
2024-12-30,8870,9040,8800,8950,74847,0.00901916572717032
2025-01-02,8900,8970,8800,8950,94663,0.0
2025-01-03,8940,9730,8940,9420,219876,0.052513966480446816
2025-01-06,9490,9890,9350,9800,159934,0.04033970276008492
2025-01-07,9820,9880,9650,9720,107519,-0.008163265306122436
2025-01-08,9720,9860,9520,9780,75167,0.006172839506172867
2025-01-09,9770,9880,9520,9880,87920,0.010224948875255713
2025-01-10,9880,9880,9570,9620,63351,-0.02631578947368418
2025-01-13,9500,9780,9430,9440,54273,-0.018711018711018657
2025-01-14,9440,9710,9380,9610,106691,0.018008474576271194
2025-01-15,10160,10160,9260,9680,174099,0.007284079084287187
2025-01-16,9730,10280,9730,10060,252265,0.03925619834710736
2025-01-17,10250,10310,9960,10050,136408,-0.0009940357852882276
2025-01-20,10000,10250,9700,10050,154484,0.0
2025-01-21,10000,10000,9150,9340,225153,-0.07064676616915422
2025-01-22,9390,9410,9130,9240,149669,-0.010706638115631661
2025-01-23,9170,9220,9000,9010,91173,-0.024891774891774854
2025-01-24,9010,9150,8930,9010,75205,0.0
2025-01-31,9020,9090,8880,8990,54000,-0.002219755826859071
2025-02-03,9010,9010,8480,8480,122608,-0.05672969966629593
2025-02-04,8490,10930,8490,10320,4421038,0.21698113207547176
2025-02-05,10260,10450,9900,9970,848740,-0.03391472868217049
2025-02-06,9900,9960,9520,9550,354069,-0.04212637913741224
2025-02-07,9550,9550,9100,9110,343981,-0.0460732984293194
2025-02-10,8990,9260,8900,9210,184199,0.010976948408342402
2025-02-11,9120,9360,9000,9010,205653,-0.021715526601520097
2025-02-12,8930,9150,8880,8970,110702,-0.004439511653718142
2025-02-13,8950,9330,8940,9200,146019,0.02564102564102555
2025-02-14,9330,9330,9020,9110,178624,-0.009782608695652173
2025-02-17,9050,9260,8940,9170,189635,0.00658616904500553
2025-02-18,9220,9220,9030,9050,108703,-0.013086150490730697
2025-02-19,9130,9500,9060,9300,319932,0.027624309392265234
2025-02-20,9320,9540,9090,9120,336755,-0.01935483870967747
2025-02-21,9150,9790,9070,9530,585677,0.04495614035087714
2025-02-24,9430,9880,9300,9690,371721,0.016789087093389332
2025-02-25,9660,9670,9200,9230,277616,-0.047471620227038214
2025-02-26,9230,9900,9120,9610,466242,0.041170097508125725
2025-02-27,9610,9630,9250,9300,202515,-0.032258064516129004
2025-02-28,9230,9230,8770,8810,293475,-0.052688172043010795
2025-03-04,8630,8750,8500,8630,156613,-0.020431328036322416
2025-03-05,8630,8760,8570,8680,155308,0.005793742757821629
2025-03-06,8720,8870,8320,8320,231012,-0.04147465437788023
2025-03-07,8320,8490,8190,8220,138490,-0.012019230769230727
2025-03-10,8160,8340,8130,8150,97772,-0.008515815085158196
2025-03-11,7900,7970,7760,7970,138858,-0.02208588957055213
2025-03-12,8000,8150,7970,8050,112709,0.010037641154328814
2025-03-13,8040,8140,7810,7890,115047,-0.019875776397515477
2025-03-14,7820,7990,7810,7870,72111,-0.0025348542458808465
2025-03-17,7940,8070,7800,7880,75517,0.0012706480304955914
2025-03-18,7860,7960,7830,7830,50483,-0.006345177664974666
2025-03-19,7830,7890,7760,7860,80460,0.003831417624521105
2025-03-20,7870,7930,7760,7780,93497,-0.010178117048346036
2025-03-21,7730,7790,7500,7600,147145,-0.023136246786632397
2025-03-24,7580,7580,7150,7190,197567,-0.05394736842105263
2025-03-25,7240,7340,7110,7140,116817,-0.006954102920723182
2025-03-26,7150,7210,7060,7160,98886,0.0028011204481792618
2025-03-27,7160,7230,7060,7120,77275,-0.005586592178770999
2025-03-28,7000,7050,6750,6950,130850,-0.023876404494381998
2025-03-31,6820,6840,6500,6550,79144,-0.05755395683453235
2025-04-01,6550,6760,6550,6620,45476,0.010687022900763399
2025-04-02,6560,6780,6320,6350,83069,-0.04078549848942603
2025-04-03,6110,6660,6010,6660,81049,0.04881889763779523
2025-04-04,6480,6850,6350,6710,89062,0.007507507507507505
2025-04-07,6450,6660,6000,6070,88681,-0.09538002980625937
2025-04-08,6160,6440,5930,6030,65619,-0.00658978583196046
2025-04-09,5810,6020,5730,6000,96563,-0.00497512437810943
2025-04-10,6230,6410,6110,6360,68573,0.06000000000000005
2025-04-11,6250,6660,6160,6650,71914,0.045597484276729494
2025-04-14,6710,6950,6700,6910,72888,0.03909774436090219
2025-04-15,6850,6990,6800,6880,41565,-0.00434153400868309
2025-04-16,6990,6990,6660,6840,39709,-0.005813953488372103
2025-04-17,6780,7020,6780,7020,33973,0.026315789473684292
2025-04-18,7110,7170,6950,7130,62851,0.015669515669515688
2025-04-21,7090,7230,6950,7200,45441,0.009817671809256634
2025-04-22,7090,7280,7090,7130,50315,-0.009722222222222188
2025-04-23,7290,7430,7140,7430,69346,0.04207573632538564
2025-04-24,7450,7460,7240,7270,37531,-0.021534320323014833
2025-04-25,7300,7510,7300,7390,44040,0.016506189821182904
2025-04-28,7490,7530,7260,7320,41571,-0.009472259810554773
2025-04-29,7330,7440,7190,7320,19760,0.0
2025-04-30,7260,7290,6950,7100,38238,-0.030054644808743203
2025-05-02,6970,7090,6870,7050,30910,-0.007042253521126751
2025-05-07,6910,7050,6870,6900,35198,-0.021276595744680882
2025-05-08,6990,7120,6950,7120,34407,0.03188405797101446
2025-05-09,7140,7140,6770,6830,49748,-0.0407303370786517
2025-05-12,6870,6940,6500,6910,41470,0.01171303074670571
2025-05-13,6940,7000,6730,6810,57957,-0.01447178002894356
2025-05-14,6930,6930,6670,6840,42617,0.004405286343612369
