Date,Open,High,Low,Close,Volume,Change
2022-01-03,9580,10150,9250,9970,2116115,0.043979057591623016
2022-01-04,9900,10350,9630,9890,3580835,-0.008024072216649913
2022-01-05,9980,10250,8970,9000,1983557,-0.08998988877654202
2022-01-06,8700,8820,8110,8150,883586,-0.09444444444444444
2022-01-07,8310,8890,8300,8850,1254744,0.08588957055214719
2022-01-10,8700,9070,8430,8620,616811,-0.025988700564971712
2022-01-11,8620,8680,8200,8300,355958,-0.037122969837587005
2022-01-12,8390,8490,8270,8330,283329,0.0036144578313253017
2022-01-13,8400,8800,8330,8580,493306,0.03001200480192079
2022-01-14,8500,8590,8330,8400,298423,-0.020979020979020935
2022-01-17,8400,8400,7880,7920,349752,-0.05714285714285716
2022-01-18,7970,8200,7580,7640,265408,-0.03535353535353536
2022-01-19,7500,7700,7300,7450,355762,-0.02486910994764402
2022-01-20,7400,7680,7330,7580,246717,0.01744966442953011
2022-01-21,7500,7680,7380,7440,186977,-0.01846965699208447
2022-01-24,7320,7390,6980,7120,254988,-0.043010752688172005
2022-01-25,7200,7300,6760,6780,282190,-0.047752808988763995
2022-01-26,6780,8810,6700,8360,11462932,0.23303834808259594
2022-01-27,8490,9330,7730,7870,5365023,-0.05861244019138756
2022-01-28,8010,8470,7890,8110,3635888,0.030495552731893305
2022-02-03,8130,8330,8040,8270,1154304,0.019728729963008673
2022-02-04,8420,9070,8320,8560,5727751,0.03506650544135437
2022-02-07,8500,8650,8280,8430,764350,-0.015186915887850483
2022-02-08,8480,9000,8100,8150,1728326,-0.033214709371293005
2022-02-09,8220,8450,8100,8200,400595,0.006134969325153339
2022-02-10,8280,8280,7920,7930,420147,-0.03292682926829271
2022-02-11,7780,7870,7380,7400,552761,-0.06683480453972257
2022-02-14,7300,7370,6960,7060,341718,-0.04594594594594592
2022-02-15,7020,7340,6960,7080,325719,0.0028328611898016387
2022-02-16,7220,7380,7210,7320,189661,0.03389830508474567
2022-02-17,7360,7450,7010,7160,295445,-0.021857923497267784
2022-02-18,7020,7340,7010,7330,142949,0.023743016759776525
2022-02-21,7220,7390,7120,7360,118709,0.004092769440654953
2022-02-22,7090,7260,7070,7080,158386,-0.03804347826086951
2022-02-23,7120,9200,7110,9200,7767512,0.2994350282485876
2022-02-24,9090,9570,8650,8710,8735751,-0.05326086956521736
2022-02-25,9030,9970,8800,9030,12912275,0.036739380022962065
2022-02-28,8880,9430,8810,9130,3366821,0.011074197120708673
2022-03-02,9070,9820,8950,9420,4973648,0.03176341730558607
2022-03-03,9420,9430,9000,9040,1203489,-0.04033970276008492
2022-03-04,9040,9210,8880,9080,836366,0.004424778761061843
2022-03-07,9050,9090,8720,8720,615222,-0.03964757709251099
2022-03-08,8490,8940,8470,8600,727943,-0.013761467889908285
2022-03-10,8900,9470,8790,9170,3238351,0.0662790697674418
2022-03-11,9080,9330,9050,9310,1069825,0.01526717557251911
2022-03-14,9370,9790,9150,9380,2968814,0.007518796992481258
2022-03-15,9520,9540,9180,9270,846554,-0.011727078891258014
2022-03-16,9370,9420,9070,9310,1038248,0.004314994606256839
2022-03-17,9840,10300,9160,9190,5205197,-0.012889366272824887
2022-03-18,9410,9690,9210,9500,2332413,0.0337323177366704
2022-03-21,9680,9820,9320,9480,2221836,-0.002105263157894721
2022-03-22,9370,9560,9320,9480,537264,0.0
2022-03-23,9560,9560,9250,9460,900043,-0.002109704641350185
2022-03-24,9370,9410,9220,9360,488669,-0.010570824524312905
2022-03-25,9490,9880,9350,9680,3334752,0.03418803418803429
2022-03-28,9700,10100,9500,9620,2669124,-0.006198347107438051
2022-03-29,9740,9830,9400,9550,829640,-0.007276507276507305
2022-03-30,9520,9620,8960,9060,946843,-0.051308900523560186
2022-03-31,9000,9220,8960,9130,294496,0.007726269315673218
2022-04-01,9010,9160,9010,9010,233333,-0.013143483023001057
2022-04-04,9060,9130,8940,9020,232340,0.0011098779134295356
2022-04-05,9040,9120,8980,9000,166913,-0.0022172949002217113
2022-04-06,8940,9180,8810,8950,325615,-0.005555555555555536
2022-04-07,8850,8900,8550,8690,413210,-0.029050279329608908
2022-04-08,8630,8800,8500,8610,220555,-0.009205983889528202
2022-04-11,8630,8900,8580,8660,349741,0.005807200929152101
2022-04-12,8500,8580,8140,8350,310495,-0.035796766743648956
2022-04-13,8440,9800,8360,8970,4299684,0.07425149700598799
2022-04-14,8850,8900,8720,8770,541052,-0.022296544035674493
2022-04-15,8750,8790,8580,8700,293932,-0.007981755986317007
2022-04-18,8620,8740,8540,8550,185226,-0.017241379310344862
2022-04-19,8580,8730,8550,8610,220542,0.007017543859649145
2022-04-20,8610,8610,8460,8470,194983,-0.016260162601625994
2022-04-21,8490,8670,8480,8610,308704,0.016528925619834656
2022-04-22,8930,9100,8520,8520,1186066,-0.010452961672473893
2022-04-25,8350,8400,8160,8170,313217,-0.04107981220657275
2022-04-26,8210,8790,8170,8390,925676,0.02692778457772338
2022-04-27,8210,8270,8090,8180,217096,-0.02502979737783073
2022-04-28,8280,8290,8140,8160,100343,-0.0024449877750610804
2022-04-29,8210,8300,8170,8250,106635,0.011029411764705843
2022-05-02,8010,8190,7980,8190,167421,-0.0072727272727273196
2022-05-03,8200,8980,8150,8370,1174795,0.0219780219780219
2022-05-04,8540,8550,8190,8200,322112,-0.020310633213859064
2022-05-06,8070,8170,8040,8060,130860,-0.017073170731707332
2022-05-09,8020,8070,7600,7650,190810,-0.0508684863523573
2022-05-10,7400,7600,7080,7540,327463,-0.01437908496732021
2022-05-11,7540,7660,7420,7490,117414,-0.006631299734747964
2022-05-12,7300,7390,7030,7090,189460,-0.05340453938584777
2022-05-13,7100,7360,7100,7290,123732,0.028208744710860323
2022-05-16,7340,7480,7320,7340,95829,0.006858710562414272
2022-05-17,7380,7640,7340,7570,209697,0.03133514986376018
2022-05-18,7640,7940,7550,7800,420317,0.03038309114927351
2022-05-19,7830,8360,7810,8070,1031370,0.034615384615384714
2022-05-20,8070,8220,7860,8020,382771,-0.006195786864931829
2022-05-23,8160,8280,8000,8020,236393,0.0
2022-05-24,7990,9000,7940,8000,1908355,-0.0024937655860348684
2022-05-25,8110,8130,7910,7960,187668,-0.0050000000000000044
2022-05-26,7960,8130,7800,7820,135450,-0.017587939698492483
2022-05-27,7830,7980,7830,7840,79389,0.002557544757033181
2022-05-30,8000,8100,7870,8030,131826,0.02423469387755106
2022-05-31,8110,8180,8030,8040,121551,0.001245330012453305
2022-06-02,8020,8230,7930,8090,280632,0.006218905472636926
2022-06-03,8150,8160,7980,7980,111228,-0.013597033374536438
2022-06-07,8060,9940,7970,9060,14955984,0.13533834586466176
2022-06-08,9110,9980,8940,9300,10531211,0.026490066225165476
2022-06-09,9250,9770,8910,8940,3221690,-0.03870967741935483
2022-06-10,8880,9030,8670,8780,910139,-0.017897091722595126
2022-06-13,8560,8830,8290,8300,1023033,-0.0546697038724373
2022-06-14,8140,8590,8040,8570,1153384,0.032530120481927716
2022-06-15,8520,8890,8250,8640,1990042,0.008168028004667427
2022-06-16,8790,8880,8330,8350,936191,-0.03356481481481477
2022-06-17,8040,8090,7830,7960,557296,-0.04670658682634732
2022-06-20,8050,8070,7390,7450,524644,-0.06407035175879394
2022-06-21,7450,7690,7230,7480,349910,0.00402684563758382
2022-06-22,7490,7540,6810,6810,552800,-0.08957219251336901
2022-06-23,6770,6990,6410,6410,540409,-0.058737151248164476
2022-06-24,6410,6840,6400,6750,233238,0.05304212168486733
2022-06-27,6950,7200,6790,7120,290008,0.05481481481481487
2022-06-28,7160,7380,7050,7180,209701,0.008426966292134797
2022-06-29,7000,7260,7000,7210,101182,0.00417827298050133
2022-06-30,7150,7250,6910,6940,204123,-0.03744798890429957
2022-07-01,6940,7100,6710,6760,232727,-0.025936599423631135
2022-07-04,6760,6970,6480,6630,215565,-0.019230769230769273
2022-07-05,6690,6890,6650,6890,114846,0.03921568627450989
2022-07-06,6850,7490,6730,6890,586736,0.0
2022-07-07,6880,7240,6860,7110,323226,0.03193033381712618
2022-07-08,7200,7310,7080,7090,216569,-0.002812939521800284
2022-07-11,7130,7160,6970,7060,103442,-0.004231311706629048
2022-07-12,6920,6990,6780,6870,147544,-0.026912181303116123
2022-07-13,6800,7000,6780,6920,106166,0.00727802037845704
2022-07-14,6830,7350,6790,7270,575174,0.050578034682081
2022-07-15,7240,7250,6910,6970,367013,-0.04126547455295737
2022-07-18,7030,7260,6930,7140,456627,0.024390243902439046
2022-07-19,7030,7180,7030,7140,177739,0.0
2022-07-20,7250,7290,7100,7140,215289,0.0
2022-07-21,7150,7300,7150,7190,223682,0.007002801120448154
2022-07-22,7240,7320,7160,7170,150964,-0.0027816411682892728
2022-07-25,7080,7160,7010,7100,119664,-0.009762900976290068
2022-07-26,7070,7190,7060,7120,114140,0.0028169014084507005
2022-07-27,7120,7250,7100,7240,139067,0.016853932584269593
2022-07-28,7390,7390,7240,7250,182125,0.0013812154696133394
2022-07-29,7300,7400,7300,7360,178447,0.015172413793103523
2022-08-01,7450,7550,7350,7450,337483,0.012228260869565188
2022-08-02,7590,8480,7540,7970,4624255,0.06979865771812088
2022-08-03,8030,8070,7850,8020,588863,0.006273525721455453
2022-08-04,8130,8160,7850,7940,443414,-0.009975062344139696
2022-08-05,7870,8000,7850,7940,241649,0.0
2022-08-08,8270,8570,8080,8190,2274589,0.03148614609571787
2022-08-09,8190,8200,8000,8040,281262,-0.01831501831501836
2022-08-10,8040,8070,7890,7920,213867,-0.014925373134328401
2022-08-11,7990,8100,7960,8100,213285,0.022727272727272707
2022-08-12,8140,8390,8060,8230,659900,0.016049382716049276
2022-08-16,8270,8460,8170,8170,427559,-0.007290400972053468
2022-08-17,8310,8350,8160,8190,194970,0.00244798041615657
2022-08-18,8200,8470,8100,8370,506291,0.0219780219780219
2022-08-19,8450,8450,8100,8100,292161,-0.032258064516129004
2022-08-22,7950,8020,7820,7870,177546,-0.02839506172839501
2022-08-23,7790,7960,7620,7870,234522,0.0
2022-08-24,7900,8230,7880,8200,316937,0.04193138500635318
2022-08-25,8220,8390,8140,8320,298609,0.014634146341463428
2022-08-26,8350,8430,7950,8280,272379,-0.004807692307692291
2022-08-29,7940,8020,7750,7820,307249,-0.05555555555555558
2022-08-30,7940,7960,7810,7920,100131,0.01278772378516635
2022-08-31,7860,8030,7790,7910,131318,-0.0012626262626262985
2022-09-01,7910,8160,7750,7750,237498,-0.020227560050568916
2022-09-02,7790,7870,7670,7690,110318,-0.007741935483870921
2022-09-05,7690,7730,7300,7370,192150,-0.041612483745123496
2022-09-06,7510,7590,7390,7410,78859,0.005427408412483015
2022-09-07,7320,7390,7040,7070,234764,-0.045883940620782715
2022-09-08,7150,7390,7130,7160,178180,0.012729844413012836
2022-09-13,7310,7610,7310,7600,244576,0.06145251396648055
2022-09-14,7280,7590,7180,7580,244709,-0.0026315789473684292
2022-09-15,7690,7960,7450,7730,338174,0.01978891820580464
2022-09-16,7660,8370,7650,8050,1558979,0.04139715394566634
2022-09-19,8190,8200,7710,7720,427784,-0.04099378881987581
2022-09-20,7750,8070,7680,8030,416130,0.04015544041450769
2022-09-21,7950,8400,7900,8120,787060,0.011207970112079746
2022-09-22,8130,8310,7970,8250,823573,0.016009852216748666
2022-09-23,8200,8210,7800,7880,432399,-0.044848484848484804
2022-09-26,7750,7770,6970,7000,615979,-0.1116751269035533
2022-09-27,6960,7650,6810,7160,1104927,0.02285714285714291
2022-09-28,7090,7200,6460,6630,506826,-0.07402234636871508
2022-09-29,6800,6980,6590,6600,217263,-0.004524886877828038
2022-09-30,6420,6690,6420,6520,212153,-0.012121212121212088
2022-10-04,6700,6840,6610,6840,153164,0.04907975460122693
2022-10-05,6940,6980,6690,6780,114078,-0.00877192982456143
2022-10-06,6830,7070,6820,7010,221188,0.03392330383480835
2022-10-07,7010,7170,6950,7010,263722,0.0
2022-10-11,6780,6780,6510,6550,157288,-0.06562054208273893
2022-10-12,6490,6640,6470,6560,96891,0.0015267175572519776
2022-10-13,6450,6560,5840,5900,360877,-0.10060975609756095
2022-10-14,6090,6100,6000,6020,122435,0.02033898305084736
2022-10-17,5900,6050,5530,6040,195540,0.0033222591362125353
2022-10-18,6130,6250,6090,6200,128339,0.026490066225165476
2022-10-19,6220,6280,6000,6000,99575,-0.032258064516129004
2022-10-20,5940,6080,5840,5930,79288,-0.011666666666666714
2022-10-21,5930,6020,5800,5860,70280,-0.01180438448566612
2022-10-24,6010,6040,5910,5910,67167,0.008532423208191142
2022-10-25,5910,6030,5870,5930,60224,0.0033840947546530664
2022-10-26,5980,5990,5810,5810,63397,-0.0202360876897133
2022-10-27,5810,5900,5620,5840,102629,0.005163511187607606
2022-10-28,5790,5900,5750,5820,67217,-0.003424657534246589
2022-10-31,5850,5890,5820,5860,47885,0.0068728522336769515
2022-11-01,5860,6080,5780,6040,130446,0.030716723549488067
2022-11-02,6040,6040,5920,5980,47679,-0.009933774834437137
2022-11-03,5750,5980,5740,5960,69847,-0.0033444816053511683
2022-11-04,5970,6100,5890,5960,65810,0.0
2022-11-07,5970,6080,5910,6010,65944,0.008389261744966348
2022-11-08,6020,6390,6020,6330,266131,0.0532445923460898
2022-11-09,6360,6390,6170,6190,121769,-0.02211690363349128
2022-11-10,6140,6280,6080,6240,83330,0.008077544426494443
2022-11-11,6690,6690,6230,6310,174124,0.011217948717948678
2022-11-14,6300,6490,6290,6290,140470,-0.0031695721077654726
2022-11-15,6280,6340,6160,6320,121476,0.004769475357710551
2022-11-16,6360,6410,6250,6350,89916,0.004746835443038
2022-11-17,6350,6470,6230,6390,152319,0.006299212598425141
2022-11-18,6400,6640,6380,6420,195380,0.0046948356807512415
2022-11-21,6430,6490,6170,6180,119696,-0.03738317757009346
2022-11-22,6130,6360,6090,6250,101734,0.01132686084142387
2022-11-23,6270,6410,6270,6360,75239,0.01760000000000006
2022-11-24,6420,6450,6300,6370,51520,0.0015723270440251014
2022-11-25,6390,6390,6300,6360,35424,-0.0015698587127158659
2022-11-28,6360,6360,6170,6210,87785,-0.02358490566037741
2022-11-29,6180,6310,6160,6300,37093,0.01449275362318847
2022-11-30,6230,6360,6230,6300,57033,0.0
2022-12-01,6380,6430,6290,6320,60968,0.0031746031746031633
2022-12-02,6440,6540,6380,6500,186633,0.028481012658227778
2022-12-05,6580,6780,6550,6680,275171,0.027692307692307683
2022-12-06,6650,6650,6380,6500,86745,-0.026946107784431184
2022-12-07,6490,6490,6280,6360,50824,-0.021538461538461506
2022-12-08,6360,6400,6260,6270,57061,-0.014150943396226467
2022-12-09,6270,6340,6210,6230,48637,-0.006379585326953707
2022-12-12,6240,6270,6200,6210,29839,-0.0032102728731941976
2022-12-13,6330,6360,6220,6250,42068,0.006441223832528209
2022-12-14,6220,6430,6210,6430,53186,0.028799999999999937
2022-12-15,6430,6560,6390,6450,82217,0.0031104199066873672
2022-12-16,6260,6340,6240,6250,43335,-0.03100775193798455
2022-12-19,6270,6460,6050,6250,89151,0.0
2022-12-20,6250,6340,6150,6160,59470,-0.014399999999999968
2022-12-21,6250,6250,6100,6170,39676,0.0016233766233766378
2022-12-22,6200,6420,6150,6170,128573,0.0
2022-12-23,6130,6150,5930,6150,90333,-0.0032414910858995505
2022-12-26,6120,6120,5990,5990,47751,-0.026016260162601612
2022-12-27,5950,6080,5950,6000,35538,0.0016694490818029983
2022-12-28,6000,6130,6000,6040,28267,0.006666666666666599
2022-12-29,6040,6100,5850,6000,67051,-0.0066225165562914245
2023-01-02,6000,6140,5900,5960,65381,-0.00666666666666671
2023-01-03,5980,6160,5860,6040,110733,0.01342281879194629
2023-01-04,6010,6300,5900,6260,88338,0.036423841059602724
2023-01-05,6260,6360,6140,6160,83733,-0.015974440894568676
2023-01-06,6110,6490,6110,6270,178977,0.017857142857142794
2023-01-09,6500,6750,6400,6580,476084,0.04944178628389162
2023-01-10,6600,7000,6550,6690,589697,0.016717325227963542
2023-01-11,6790,6940,6630,6780,186093,0.013452914798206317
2023-01-12,6820,6850,6590,6610,125823,-0.02507374631268433
2023-01-13,6630,6800,6610,6730,132331,0.018154311649016597
2023-01-16,6820,7000,6700,6820,182139,0.013372956909361022
2023-01-17,6860,7150,6790,6930,310360,0.016129032258064502
2023-01-18,6970,7260,6810,7180,583748,0.03607503607503615
2023-01-19,7070,7630,7030,7200,752055,0.0027855153203342198
2023-01-20,7290,7430,7050,7330,271369,0.01805555555555549
2023-01-25,7350,7650,7280,7410,498573,0.01091405184174632
2023-01-26,7620,8510,7500,7670,3477926,0.03508771929824572
2023-01-27,7790,7910,7520,7710,614471,0.0052151238591917615
2023-01-30,7810,7940,7660,7750,481581,0.005188067444876765
2023-01-31,8000,8300,7830,7950,1543262,0.02580645161290329
2023-02-01,8240,8240,7450,8020,1231796,0.008805031446540879
2023-02-02,8000,8120,7890,8000,448252,-0.0024937655860348684
2023-02-03,7980,7990,7700,7840,321784,-0.020000000000000018
2023-02-06,7800,7800,7570,7630,286266,-0.0267857142857143
2023-02-07,7630,7700,7530,7600,262381,-0.003931847968545177
2023-02-08,7650,7840,7590,7710,219745,0.014473684210526416
2023-02-09,7760,7900,7620,7750,214958,0.005188067444876765
2023-02-10,7700,7780,7530,7680,227953,-0.00903225806451613
2023-02-13,7680,8160,7560,7880,598332,0.02604166666666674
2023-02-14,7800,7900,7600,7600,308209,-0.035532994923857864
2023-02-15,7600,7650,7140,7300,296176,-0.03947368421052633
2023-02-16,7280,7500,7280,7340,129619,0.005479452054794498
2023-02-17,7290,7420,7230,7290,64001,-0.006811989100817484
2023-02-20,7380,7410,7170,7410,112635,0.016460905349794164
2023-02-21,7410,7520,7370,7420,108896,0.0013495276653170407
2023-02-22,7540,7950,7530,7640,791842,0.029649595687331498
2023-02-23,7670,8990,7490,8540,7430274,0.11780104712041894
2023-02-24,8500,8630,8300,8310,1456771,-0.02693208430913352
2023-02-27,8320,9050,8310,8600,4849183,0.03489771359807459
2023-02-28,8640,8650,8130,8380,932842,-0.025581395348837188
2023-03-02,8470,8490,8280,8350,560018,-0.0035799522673031214
2023-03-03,8500,9040,8490,9000,2252015,0.07784431137724557
2023-03-06,9050,9230,8760,8950,1294380,-0.005555555555555536
2023-03-07,8970,9040,8510,8690,681588,-0.029050279329608908
2023-03-08,8750,8950,8100,8570,684690,-0.013808975834292303
2023-03-09,8490,8770,8300,8340,351496,-0.02683780630105015
2023-03-10,8200,8560,8140,8200,376030,-0.016786570743405282
2023-03-13,8080,8350,7800,8350,326725,0.018292682926829285
2023-03-14,8350,8350,7550,7590,460087,-0.09101796407185625
2023-03-15,7800,8200,7790,8120,295149,0.06982872200263501
2023-03-16,8320,8440,8000,8300,471171,0.022167487684729092
2023-03-17,8610,9600,8510,9200,6426180,0.10843373493975905
2023-03-20,9260,9370,8580,8990,1356010,-0.022826086956521774
2023-03-21,9110,9470,8970,9020,1289891,0.0033370411568409697
2023-03-22,9200,9870,8980,9710,2113410,0.0764966740576496
2023-03-23,9580,9960,9270,9580,1945527,-0.013388259526261548
2023-03-24,9860,10170,9310,10090,1162654,0.05323590814196244
2023-03-27,9990,10850,9670,10610,1519504,0.05153617443012881
2023-03-28,10710,11000,9900,10210,1210210,-0.03770028275212067
2023-03-29,10180,10180,9690,10050,645122,-0.015670910871694366
2023-03-30,10100,10500,9500,10050,1182599,0.0
2023-03-31,10070,10100,9650,9790,480222,-0.025870646766169125
2023-04-03,9790,9790,9450,9650,378332,-0.01430030643513791
2023-04-04,9630,9780,9340,9350,384695,-0.031088082901554404
2023-04-05,9300,9490,9000,9120,474535,-0.024598930481283476
2023-04-06,9120,9940,8850,9800,1189020,0.07456140350877183
2023-04-07,9930,9940,9380,9620,743961,-0.01836734693877551
2023-04-10,9790,9830,9070,9080,488980,-0.05613305613305608
2023-04-11,9170,10500,9170,9670,3772929,0.06497797356828183
2023-04-12,11100,12570,10680,12570,3801702,0.29989658738366076
2023-04-13,14490,16340,13910,15100,21140076,0.2012728719172634
2023-04-14,14800,17500,14160,15660,12039681,0.03708609271523189
2023-04-17,16120,17990,15320,16900,8473082,0.07918263090676891
2023-04-18,16360,16520,15590,15900,1709585,-0.059171597633136064
2023-04-19,15600,16450,14900,15760,1844135,-0.008805031446540879
2023-04-20,15580,15630,14890,15200,925757,-0.035532994923857864
2023-04-21,15450,15720,14180,14420,1109375,-0.051315789473684204
2023-04-24,13730,14530,13570,14090,893859,-0.02288488210818307
2023-04-25,14090,15300,13430,14680,2184144,0.04187366926898517
2023-04-26,14240,14250,13150,13150,735184,-0.10422343324250682
2023-04-27,13150,13910,12640,13890,883099,0.056273764258555126
2023-04-28,16610,17290,14660,15000,5116061,0.079913606911447
2023-05-02,15050,17160,14730,16940,2978661,0.1293333333333333
2023-05-03,16490,16790,16060,16480,820422,-0.02715466351829987
2023-05-04,16400,16450,15000,15000,1163319,-0.0898058252427184
2023-05-08,15200,15390,14400,14410,591296,-0.03933333333333333
2023-05-09,14850,15600,14120,14300,1398155,-0.007633587786259555
2023-05-10,14100,14340,13790,13790,495031,-0.03566433566433569
2023-05-11,13940,14420,13600,13800,480439,0.0007251631617113397
2023-05-12,13560,14370,13560,14300,480038,0.03623188405797095
2023-05-15,14810,16130,14630,15000,2197692,0.04895104895104896
2023-05-16,14900,15650,14260,15330,941381,0.02200000000000002
2023-05-17,15320,15330,14880,15160,398827,-0.01108936725375087
2023-05-18,15340,15780,15070,15160,606662,0.0
2023-05-19,15300,16650,15060,16330,2452037,0.07717678100263847
2023-05-22,16070,19330,15890,17330,9818816,0.061236987140232735
2023-05-23,17330,17930,16550,17690,2428807,0.020773225620311697
2023-05-24,17180,17290,16940,16950,740298,-0.04183154324477101
2023-05-25,17000,18300,16650,17710,2021631,0.04483775811209445
2023-05-26,17830,17830,17000,17450,711960,-0.01468097120271028
2023-05-30,17410,17750,17120,17260,555928,-0.010888252148997135
2023-05-31,17360,18800,17200,18200,3416857,0.05446118192352256
2023-06-01,18100,19050,17840,17980,1756097,-0.012087912087912045
2023-06-02,18160,18490,17850,17900,652392,-0.004449388209121219
2023-06-05,18000,18000,17180,17180,687565,-0.040223463687150796
2023-06-07,17180,17380,16750,17050,620064,-0.0075669383003492685
2023-06-08,16870,17380,16740,17130,400531,0.004692082111436902
2023-06-09,17120,17480,16870,17210,393730,0.004670169293636839
2023-06-12,17490,17600,17010,17070,297166,-0.00813480534572919
2023-06-13,17070,17380,16140,16260,696154,-0.047451669595782064
2023-06-14,16250,16250,15010,15330,1056185,-0.05719557195571956
2023-06-15,15500,15500,14790,15090,501515,-0.015655577299412915
2023-06-16,15130,16100,15130,15780,658402,0.045725646123260466
2023-06-19,15970,17090,15950,16520,1154787,0.04689480354879594
2023-06-20,16530,16990,16530,16880,489411,0.021791767554479424
2023-06-21,16670,17070,16350,16540,471271,-0.020142180094786744
2023-06-22,16240,20000,16240,18780,9074510,0.13542926239419595
2023-06-23,19030,21750,18160,20900,6674767,0.11288604898828547
2023-06-26,20300,21200,20200,20700,1527614,-0.009569377990430672
2023-06-27,20550,22500,20400,20900,3339024,0.009661835748792313
2023-06-28,20950,24350,20400,23250,6305705,0.1124401913875599
2023-06-29,23150,23200,21700,22350,1353587,-0.03870967741935483
2023-06-30,22050,23650,21850,22450,1251184,0.004474272930648837
2023-07-03,22400,22800,21550,21900,970803,-0.024498886414253906
2023-07-04,22000,22350,21350,21750,752374,-0.006849315068493178
2023-07-05,21400,21850,20500,21250,909291,-0.02298850574712641
2023-07-06,21200,21250,20350,20600,577047,-0.030588235294117694
2023-07-07,20500,22350,20300,21600,1212148,0.04854368932038833
2023-07-10,21600,21600,19420,19450,1067308,-0.09953703703703709
2023-07-11,19650,20800,19550,20450,571851,0.05141388174807204
2023-07-12,20250,20650,19520,19950,447739,-0.02444987775061125
2023-07-13,20200,21350,19800,21150,743876,0.06015037593984962
2023-07-14,21250,21500,20400,20900,407732,-0.011820330969267157
2023-07-17,21150,21700,19500,20900,873432,0.0
2023-07-18,21300,21300,19930,20000,568142,-0.0430622009569378
2023-07-19,19990,20700,19500,19670,564727,-0.01649999999999996
2023-07-20,19940,20550,19200,20300,552416,0.03202846975088969
2023-07-21,19820,20550,19600,19940,504883,-0.017733990147783207
2023-07-24,20100,21700,20000,21700,1357981,0.08826479438314938
2023-07-25,21600,22150,20450,20500,745060,-0.055299539170506895
2023-07-26,20500,22300,19670,21300,2020903,0.039024390243902474
2023-07-27,22250,26850,22000,25400,9709250,0.192488262910798
2023-07-28,24600,26100,23600,26100,2098408,0.027559055118110187
2023-07-31,27050,28000,25550,25750,3222294,-0.013409961685823757
2023-08-01,25800,26800,25450,26150,1345612,0.01553398058252431
2023-08-02,27900,29300,25600,26250,3410470,0.003824091778202643
2023-08-03,25800,26700,24100,25450,988259,-0.030476190476190435
2023-08-04,25000,29150,24900,28600,4791849,0.12377210216110024
2023-08-07,28300,30300,27300,28000,2978864,-0.020979020979020935
2023-08-08,27700,28550,26900,27600,824437,-0.014285714285714235
2023-08-09,28000,29950,27650,28100,1638846,0.018115942028985588
2023-08-10,27950,28650,27300,27350,503186,-0.026690391459074703
2023-08-11,26900,29350,26600,28650,1461892,0.04753199268738584
2023-08-14,28300,34050,28300,33450,6385911,0.16753926701570676
2023-08-16,31700,32450,30500,31450,1712856,-0.05979073243647237
2023-08-17,31100,35600,30800,33050,5047594,0.050874403815580393
2023-08-18,32350,33850,31450,31900,1396269,-0.03479576399394857
2023-08-21,31750,32050,29950,30150,921749,-0.054858934169279006
2023-08-22,30250,30900,29600,30550,594200,0.013266998341625147
2023-08-23,30300,32200,29500,30050,711378,-0.016366612111292977
2023-08-24,30200,32150,30000,30900,827832,0.028286189683860208
2023-08-25,30300,30450,29500,30000,410092,-0.029126213592232997
2023-08-28,30500,31500,30150,30550,693347,0.018333333333333313
2023-08-29,31050,31100,29650,30250,445780,-0.009819967266775809
2023-08-30,30700,32600,30300,32350,1344920,0.06942148760330569
2023-08-31,32300,37250,31800,34700,5203702,0.07264296754250377
2023-09-01,34600,34600,32000,32200,1236859,-0.0720461095100865
2023-09-04,32600,35250,32500,33350,1485441,0.03571428571428581
2023-09-05,33400,37000,33400,36000,2629732,0.07946026986506749
2023-09-06,35500,38550,34150,37150,1929236,0.03194444444444455
2023-09-07,37400,39500,36000,36900,1768409,-0.006729475100942128
2023-09-08,36900,37500,35000,35850,817655,-0.028455284552845517
2023-09-11,36350,37150,32750,34350,1277604,-0.04184100418410042
2023-09-12,33900,33900,31300,31450,919794,-0.0844250363901019
2023-09-13,31000,31350,29700,30100,625336,-0.042925278219395846
2023-09-14,30350,32000,29600,31900,578616,0.05980066445182719
2023-09-15,32100,33000,30200,30250,479567,-0.051724137931034475
2023-09-18,30000,30750,29050,29450,310683,-0.026446280991735516
2023-09-19,29400,29900,28050,28550,337777,-0.03056027164685904
2023-09-20,29450,29700,27350,28200,586630,-0.012259194395796813
2023-09-21,27500,28150,26550,26650,419220,-0.054964539007092195
2023-09-22,25950,27600,25850,27000,489652,0.013133208255159401
2023-09-25,26750,27550,26050,26350,264558,-0.024074074074074026
2023-09-26,27000,27100,25600,25700,271948,-0.024667931688804545
2023-09-27,25350,26900,25350,26900,265480,0.04669260700389111
2023-10-04,27200,27200,24950,25100,300856,-0.06691449814126393
2023-10-05,25400,26050,23050,23350,610474,-0.06972111553784865
2023-10-06,23000,24250,23000,23700,223404,0.01498929336188426
2023-10-10,23500,23900,22500,22550,279631,-0.048523206751054815
2023-10-11,23000,23450,22650,22650,198159,0.0044345898004434225
2023-10-12,22950,24800,22950,24550,416991,0.08388520971302427
2023-10-13,23950,24300,23350,23800,211823,-0.03054989816700615
2023-10-16,23300,23400,21800,22350,327842,-0.060924369747899165
2023-10-17,22950,23400,22550,22900,206778,0.02460850111856816
2023-10-18,22850,23150,22000,22150,197160,-0.03275109170305679
2023-10-19,21400,21650,20500,20700,397166,-0.06546275395033863
2023-10-20,20100,20650,19400,19770,368121,-0.04492753623188406
2023-10-23,19780,20500,19500,19660,198193,-0.005563985837126917
2023-10-24,19980,20250,18500,20250,344208,0.030010172939979762
2023-10-25,20400,20400,18930,19300,326875,-0.04691358024691361
2023-10-26,18410,19020,18360,18520,201116,-0.040414507772020714
2023-10-27,18530,18700,17850,18030,254261,-0.026457883369330415
2023-10-30,17890,19220,17890,19170,379283,0.06322795341098164
2023-10-31,19300,19310,18100,18470,320717,-0.03651538862806469
2023-11-01,18480,19390,18480,18750,276534,0.015159718462371519
2023-11-02,19310,19940,19200,19860,330817,0.05919999999999992
2023-11-03,20450,22550,19600,21850,747521,0.10020140986908355
2023-11-06,22750,24500,22000,24300,1044630,0.11212814645308922
2023-11-07,24900,25000,23400,23700,643767,-0.024691358024691357
2023-11-08,23750,24150,22500,22900,394153,-0.03375527426160341
2023-11-09,22850,22850,21650,21900,336206,-0.04366812227074235
2023-11-10,21350,21500,20600,20950,271495,-0.04337899543378998
2023-11-13,21200,21500,19960,20000,334236,-0.04534606205250602
2023-11-14,20200,21150,20050,20850,237774,0.04249999999999998
2023-11-15,21450,25000,21450,24750,2035328,0.18705035971223016
2023-11-16,25100,25400,24100,25200,880622,0.018181818181818077
2023-11-17,24900,24900,23150,23550,616603,-0.06547619047619047
2023-11-20,23550,24050,22450,23650,435486,0.00424628450106157
2023-11-21,22800,23100,21850,22300,800044,-0.05708245243128962
2023-11-22,21950,22950,21550,22150,608002,-0.006726457399103158
2023-11-23,22300,23550,22050,22250,621249,0.004514672686230181
2023-11-24,22300,22600,20950,21850,738687,-0.017977528089887618
2023-11-27,21900,21900,20400,20550,541355,-0.059496567505720854
2023-11-28,20850,23200,20700,23050,1152314,0.12165450121654509
2023-11-29,22800,23300,21500,21950,1104734,-0.04772234273318876
2023-11-30,22350,23250,22300,23100,784380,0.05239179954441919
2023-12-01,23500,23550,22200,22250,597681,-0.03679653679653683
2023-12-04,21600,21700,20650,21200,319936,-0.04719101123595504
2023-12-05,20900,21700,20350,20850,234254,-0.01650943396226412
2023-12-06,19000,20600,17030,19970,2521943,-0.04220623501199039
2023-12-07,19580,20100,18950,19020,450402,-0.047571357035553374
2023-12-08,19360,19690,19020,19530,424518,0.02681388012618302
2023-12-11,19880,20500,19530,19890,585301,0.018433179723502224
2023-12-12,19880,19880,19100,19650,333291,-0.012066365007541435
2023-12-13,19390,19440,19050,19190,258169,-0.023409669211195916
2023-12-14,19590,19850,18930,19200,421890,0.0005211047420532466
2023-12-15,19410,19550,19050,19470,375176,0.014062500000000089
2023-12-18,19610,19670,19320,19560,358940,0.0046224961479199855
2023-12-19,19560,19560,18610,18910,543642,-0.03323108384458073
2023-12-20,19020,19070,18180,18340,639679,-0.030142781597038648
2023-12-21,18180,18690,18000,18470,330010,0.0070883315158123406
2023-12-22,18710,18710,18200,18250,246878,-0.011911207363291876
2023-12-26,18250,18370,17610,17790,324371,-0.025205479452054758
2023-12-27,17830,18340,17710,18040,295935,0.014052838673412005
2023-12-28,18040,18280,17620,18250,263537,0.01164079822616415
2024-01-02,18440,18870,18250,18500,322509,0.013698630136986356
2024-01-03,18500,18500,17980,18090,197921,-0.022162162162162158
2024-01-04,17900,18050,17500,17560,328016,-0.029297954671088977
2024-01-05,17560,22800,16800,21400,7362332,0.21867881548974943
2024-01-08,20500,20950,19720,20400,2139307,-0.04672897196261683
2024-01-09,20550,23700,20000,22200,7017750,0.08823529411764697
2024-01-10,22600,23450,21800,23000,2658676,0.03603603603603611
2024-01-11,23350,23500,21900,21900,1276825,-0.047826086956521685
2024-01-12,21950,23650,21950,22550,2412587,0.029680365296803624
2024-01-15,22550,22750,21100,21250,949351,-0.05764966740576494
2024-01-16,21300,24350,21150,24150,5152105,0.13647058823529412
2024-01-17,23650,23700,22500,22900,1718540,-0.051759834368530044
2024-01-18,22800,23250,21850,22950,1048158,0.0021834061135370675
2024-01-19,23250,24200,22500,23000,1325934,0.002178649237472685
2024-01-22,23250,23500,22100,23200,864415,0.008695652173912993
2024-01-23,23150,23150,21850,21900,648676,-0.05603448275862066
2024-01-24,21700,22300,21100,21300,535224,-0.0273972602739726
2024-01-25,21100,21150,19800,19960,854710,-0.06291079812206568
2024-01-26,19690,20600,19340,19890,448988,-0.003507014028056088
2024-01-29,19930,19930,18520,18820,613049,-0.05379587732528912
2024-01-30,18900,19100,18150,18370,358273,-0.023910733262486716
2024-01-31,18300,19860,18150,18800,552818,0.023407729994556314
2024-02-01,18660,19840,18660,19830,519676,0.05478723404255326
2024-02-02,20350,20350,19500,19600,387779,-0.011598587997982857
2024-02-05,19800,20350,19360,20200,385616,0.030612244897959107
2024-02-06,20000,20100,19220,19610,238000,-0.029207920792079234
2024-02-07,19500,19740,19310,19310,174768,-0.015298317185109656
2024-02-08,20200,20300,19520,19690,356452,0.01967892283790773
2024-02-13,19700,20700,19530,20350,394361,0.033519553072625774
2024-02-14,19900,20800,19600,20350,421924,0.0
2024-02-15,20600,20600,19940,20100,240711,-0.012285012285012331
2024-02-16,20200,20300,19650,19780,259820,-0.015920398009950265
2024-02-19,19720,20100,19550,19700,199328,-0.004044489383215333
2024-02-20,19950,21400,19800,21050,1230141,0.06852791878172582
2024-02-21,21050,21500,20400,20800,575564,-0.01187648456057011
2024-02-22,20900,21400,20350,21300,459082,0.024038461538461453
2024-02-23,21300,21300,20350,21000,335781,-0.014084507042253502
2024-02-26,21200,21700,20600,21200,533961,0.00952380952380949
2024-02-27,21500,21550,20300,20500,473726,-0.03301886792452835
2024-02-28,20350,20750,20000,20050,256829,-0.02195121951219514
2024-02-29,19850,20000,19350,19500,282274,-0.027431421446383997
2024-03-04,19510,20400,19510,19930,249047,0.02205128205128215
2024-03-05,20400,22250,20350,21850,2230174,0.09633718013045667
2024-03-06,21500,21550,20500,21250,535085,-0.027459954233409634
2024-03-07,21400,21600,19850,20250,597027,-0.04705882352941182
2024-03-08,20250,21700,20050,21600,684162,0.06666666666666665
2024-03-11,21550,21950,21000,21650,488159,0.0023148148148148806
2024-03-12,21700,22150,21100,21800,577627,0.006928406466512715
2024-03-13,21800,22450,21500,22100,764144,0.013761467889908285
2024-03-14,22600,22600,21450,21900,608307,-0.009049773755656076
2024-03-15,21950,22400,20950,21300,731625,-0.0273972602739726
2024-03-18,21150,21600,20800,21550,367309,0.011737089201877993
2024-03-19,21750,22500,21450,22150,761166,0.0278422273781902
2024-03-20,22400,22450,21500,21650,290301,-0.02257336343115124
2024-03-21,21900,22000,21400,21700,304626,0.002309468822170979
2024-03-22,21850,22300,21200,21350,518210,-0.016129032258064502
2024-03-25,21600,21600,20000,20750,403161,-0.02810304449648715
2024-03-26,20700,20700,20000,20400,424568,-0.016867469879518038
2024-03-27,20500,20850,20100,20500,302184,0.004901960784313708
2024-03-28,20850,20900,20250,20700,220998,0.009756097560975618
2024-03-29,20900,21900,20800,21800,649642,0.0531400966183575
2024-04-01,21650,22800,21200,22450,975671,0.029816513761467878
2024-04-02,22450,22450,20800,20850,682344,-0.07126948775055675
2024-04-03,21000,21450,20450,20900,333098,0.0023980815347721673
2024-04-04,21250,21250,20600,20900,254173,0.0
2024-04-05,20800,22350,20800,21150,636738,0.011961722488038173
2024-04-08,21350,21400,20500,20600,204666,-0.026004728132387744
2024-04-09,20600,20950,20350,20600,145108,0.0
2024-04-11,20000,20300,19670,20050,242463,-0.02669902912621358
2024-04-12,20150,20250,19920,19940,205411,-0.005486284289276777
2024-04-15,19500,19510,18340,18800,463364,-0.0571715145436309
2024-04-16,18400,18610,17450,17460,426449,-0.07127659574468082
2024-04-17,17520,18690,17520,17910,222018,0.025773195876288568
2024-04-18,17910,18490,17910,18370,94592,0.025683975432719164
2024-04-19,18370,18490,17500,17950,150981,-0.02286336418072943
2024-04-22,18020,18220,17360,18020,110146,0.003899721448467952
2024-04-23,18200,18300,17830,17970,71111,-0.002774694783573839
2024-04-24,18100,18250,18000,18160,126912,0.01057317751808573
2024-04-25,18110,18410,17960,17970,91379,-0.010462555066079293
2024-04-26,18010,18180,17910,17910,79105,-0.0033388981636059967
2024-04-29,17970,18440,17970,18240,117650,0.018425460636515956
2024-04-30,18380,18470,18100,18150,97740,-0.004934210526315819
2024-05-02,18150,18150,17450,17630,266480,-0.028650137741046855
2024-05-03,17640,18200,17550,17900,162569,0.015314804310833763
2024-05-07,18000,18000,17630,17850,166531,-0.0027932960893854997
2024-05-08,17900,17900,17540,17670,129306,-0.010084033613445342
2024-05-09,17710,17710,17090,17220,205105,-0.025466893039049254
2024-05-10,17650,17790,17220,17260,201159,0.0023228803716608404
2024-05-13,17280,17340,15370,15750,745490,-0.08748551564310547
2024-05-14,15750,16100,15470,15710,223034,-0.0025396825396825085
2024-05-16,15800,15920,15520,15750,178927,0.0025461489497136114
2024-05-17,15750,15770,15410,15480,156436,-0.017142857142857126
2024-05-20,15510,15800,15010,15720,196928,0.015503875968992276
2024-05-21,15720,15730,15000,15090,196314,-0.040076335877862634
2024-05-22,15090,16900,14890,16030,814028,0.062292909211398184
2024-05-23,16010,16210,15520,15660,250580,-0.02308172177167811
2024-05-24,15630,15630,14710,14780,357642,-0.056194125159642394
2024-05-27,14780,14800,14050,14520,298259,-0.017591339648173165
2024-05-28,14530,14960,14430,14490,177142,-0.0020661157024793875
2024-05-29,14490,14550,14060,14080,217680,-0.028295376121463045
2024-05-30,14100,14850,14010,14060,176833,-0.0014204545454545858
2024-05-31,14000,14230,13740,13800,191075,-0.01849217638691325
2024-06-03,13810,14100,13770,14000,106538,0.01449275362318847
2024-06-04,14040,14260,13960,14080,135544,0.005714285714285783
2024-06-05,14240,14290,13990,14230,130217,0.010653409090909172
2024-06-07,14340,14640,14120,14530,144835,0.0210822206605763
2024-06-10,14530,14530,14100,14380,92703,-0.010323468685478288
2024-06-11,14530,15140,14480,14950,270169,0.03963838664812247
2024-06-12,15100,16210,14950,15860,599960,0.0608695652173914
2024-06-13,16090,16570,15640,16230,260078,0.02332912988650704
2024-06-14,16490,16520,15620,15840,203230,-0.02402957486136781
2024-06-17,16020,16200,15050,15100,188000,-0.04671717171717171
2024-06-18,15150,17200,14500,15710,1480721,0.04039735099337749
2024-06-19,15640,15640,14940,15210,378337,-0.031826861871419476
2024-06-20,15100,15350,14930,14940,168057,-0.017751479289940808
2024-06-21,14920,14920,13880,13920,473840,-0.06827309236947787
2024-06-24,13900,13900,12430,12800,710310,-0.08045977011494254
2024-06-25,13500,15350,13420,13620,2074450,0.06406249999999991
2024-06-26,13620,13700,13300,13530,159066,-0.0066079295154185536
2024-06-27,13530,13590,12980,13010,200219,-0.03843311160384333
2024-06-28,13010,13260,12770,13000,145165,-0.000768639508070712
2024-07-01,13000,13090,12780,12850,163417,-0.011538461538461497
2024-07-02,12760,12810,12010,12150,294828,-0.054474708171206254
2024-07-03,12150,12240,11760,11920,140601,-0.018930041152263377
2024-07-04,11830,12200,11800,11930,85033,0.0008389261744965459
2024-07-05,12280,12520,12000,12020,192151,0.007544006705783701
2024-07-08,11980,12220,11890,12100,98983,0.006655574043261225
2024-07-09,12140,12160,11920,11940,92366,-0.013223140495867813
2024-07-10,11950,12190,11940,12190,102395,0.020938023450586263
2024-07-11,12250,12440,12000,12120,149726,-0.005742411812961423
2024-07-12,12280,12900,12260,12350,392988,0.018976897689769068
2024-07-15,12360,12400,11400,11980,123708,-0.029959514170040502
2024-07-16,12090,12090,11730,11730,105998,-0.02086811352253759
2024-07-17,11750,11860,11410,11410,140178,-0.027280477408354598
2024-07-18,11120,11330,11010,11180,103740,-0.02015775635407535
2024-07-19,11120,11450,11070,11280,81440,0.008944543828264706
2024-07-22,11250,11280,10590,10680,164274,-0.05319148936170215
2024-07-23,10700,11000,10650,10700,67243,0.001872659176029856
2024-07-24,10650,10860,10500,10600,57239,-0.009345794392523366
2024-07-25,10510,10560,10130,10310,137230,-0.027358490566037785
2024-07-26,10300,10370,10000,10120,141438,-0.018428709990300662
2024-07-29,10120,10140,9900,10060,105887,-0.005928853754940677
2024-07-30,10060,10140,9760,9810,118371,-0.0248508946322068
2024-07-31,9510,9860,9510,9840,92738,0.003058103975535076
2024-08-01,9970,10180,9870,10070,74575,0.023373983739837456
2024-08-02,9970,9970,9400,9410,155028,-0.06554121151936443
2024-08-05,9200,9340,7590,8000,300605,-0.14984059511158343
2024-08-06,7910,8610,7910,8460,200843,0.05750000000000011
2024-08-07,8390,8550,8320,8330,115453,-0.015366430260047248
2024-08-08,8200,8330,7960,8170,80905,-0.019207683073229287
2024-08-09,8240,8690,8240,8620,83188,0.055079559363525155
2024-08-12,8540,9180,8540,9100,119493,0.05568445475638062
2024-08-13,9100,9330,8870,8960,85933,-0.01538461538461533
2024-08-14,9200,9390,9000,9230,80303,0.030133928571428603
2024-08-16,9230,9550,9100,9450,128516,0.02383531960996743
2024-08-19,9500,9500,9250,9300,55073,-0.015873015873015928
2024-08-20,9310,9880,9310,9770,123908,0.05053763440860215
2024-08-21,9790,10060,9520,9930,108313,0.016376663254861867
2024-08-22,9940,9960,9570,9610,105170,-0.03222557905337364
2024-08-23,9500,9560,9280,9490,73560,-0.012486992715920908
2024-08-26,9500,9640,9330,9370,51165,-0.012644889357218081
2024-08-27,9550,9620,9300,9470,34653,0.01067235859124871
2024-08-28,9500,9550,9230,9320,46801,-0.015839493136219684
2024-08-29,9220,9340,9020,9240,42385,-0.008583690987124415
2024-08-30,9240,9370,9080,9250,70189,0.0010822510822510178
2024-09-02,9380,9470,9170,9420,59101,0.018378378378378413
2024-09-03,9420,9450,9000,9000,95756,-0.04458598726114649
2024-09-04,8500,8780,8500,8610,79732,-0.043333333333333335
2024-09-05,8750,8800,8100,8450,103628,-0.018583042973286834
2024-09-06,8370,8440,7950,7950,87455,-0.059171597633136064
2024-09-09,7680,7990,7610,7880,58498,-0.008805031446540879
2024-09-10,7880,8000,7700,7740,52924,-0.017766497461928932
2024-09-11,7850,8250,7780,8040,89939,0.03875968992248069
2024-09-12,8130,8570,8090,8440,94502,0.04975124378109452
2024-09-13,8490,8490,8200,8370,61013,-0.008293838862559189
2024-09-19,8370,8490,8070,8420,72011,0.005973715651135025
2024-09-20,8360,8550,8360,8490,55576,0.008313539192398967
2024-09-23,8490,8610,8200,8350,110256,-0.01648998822143699
2024-09-24,8270,8560,8270,8510,41646,0.01916167664670665
2024-09-25,8510,8680,8500,8500,40409,-0.001175088131609825
2024-09-26,8480,9300,8480,8830,205724,0.0388235294117647
2024-09-27,8830,9020,8700,8840,100433,0.0011325028312569874
2024-09-30,8990,9150,8640,8650,81045,-0.021493212669683293
2024-10-02,8490,8590,8370,8410,45913,-0.02774566473988438
2024-10-04,8410,8600,8340,8440,34136,0.00356718192627814
2024-10-07,8570,8860,8450,8810,83350,0.04383886255924163
2024-10-08,8810,8880,8630,8700,47173,-0.012485811577752526
2024-10-10,8710,8770,8310,8320,69547,-0.04367816091954024
2024-10-11,8330,8800,8130,8210,111974,-0.013221153846153855
2024-10-14,8210,8440,8080,8240,116630,0.0036540803897686658
2024-10-15,8350,9000,8290,8300,272041,0.00728155339805836
2024-10-16,8250,8430,8040,8040,85513,-0.031325301204819245
2024-10-17,8140,8140,7890,7900,81430,-0.01741293532338306
2024-10-18,7900,8070,7510,7610,115765,-0.036708860759493644
2024-10-21,7610,7890,7440,7730,74730,0.01576872536136653
2024-10-22,7700,7700,7200,7220,143289,-0.06597671410090555
2024-10-23,7310,7530,7090,7410,80541,0.026315789473684292
2024-10-24,7410,7480,7120,7200,68881,-0.028340080971659964
2024-10-25,7210,7280,7050,7120,65214,-0.011111111111111072
2024-10-28,7130,7600,7060,7540,122149,0.0589887640449438
2024-10-29,7690,7700,7190,7300,78665,-0.03183023872679047
2024-10-30,7350,7480,7110,7140,64350,-0.021917808219178103
2024-10-31,7150,7600,7000,7430,120092,0.04061624649859952
2024-11-01,7310,7400,7170,7220,48987,-0.02826379542395696
2024-11-04,7200,7430,7120,7180,95972,-0.005540166204986097
2024-11-05,7250,7670,7190,7390,100039,0.029247910863509752
2024-11-06,7480,7560,7140,7160,69486,-0.03112313937753719
2024-11-07,7220,8090,7200,7920,489598,0.1061452513966481
2024-11-08,8100,8280,7720,8040,189641,0.015151515151515138
2024-11-11,8080,8190,7830,8090,172649,0.006218905472636926
2024-11-12,8090,8220,7420,7420,224620,-0.08281829419035847
2024-11-13,7410,8470,7110,7510,596780,0.0121293800539084
2024-11-14,7510,7660,7180,7180,136788,-0.04394141145139818
2024-11-15,7020,7570,7000,7500,170177,0.04456824512534818
2024-11-18,7500,7600,7300,7340,79732,-0.021333333333333315
2024-11-19,7340,8000,7310,7780,196652,0.05994550408719346
2024-11-20,7810,7840,7360,7610,65247,-0.02185089974293064
2024-11-21,7600,7610,7300,7330,124145,-0.036793692509855425
2024-11-22,7420,7780,7380,7420,131116,0.012278308321964637
2024-11-25,7430,7730,7430,7730,98880,0.0417789757412399
2024-11-26,7800,7920,7570,7910,97780,0.023285899094437346
2024-11-27,7920,8240,7700,8140,210755,0.029077117572692712
2024-11-28,8220,8220,7870,8060,122363,-0.009828009828009798
2024-11-29,8080,8100,7720,7760,99751,-0.037220843672456594
2024-12-02,7830,7910,7310,7340,148011,-0.054123711340206215
2024-12-03,7350,7490,7230,7300,96425,-0.00544959128065392
2024-12-04,7010,7230,6880,7010,217233,-0.03972602739726028
2024-12-05,7090,7490,6810,7380,159941,0.05278174037089878
2024-12-06,7380,7390,6700,6970,213405,-0.05555555555555558
2024-12-09,6700,6880,6240,6270,188019,-0.1004304160688666
2024-12-10,6270,6830,6250,6820,120075,0.08771929824561409
2024-12-11,6790,7250,6720,7200,173158,0.055718475073313734
2024-12-12,7200,7320,7020,7220,104687,0.002777777777777768
2024-12-13,7050,7520,7050,7480,210906,0.03601108033241007
2024-12-16,7350,8000,7350,7470,392882,-0.0013368983957219305
2024-12-17,7590,7690,7370,7530,113328,0.008032128514056325
2024-12-18,7530,7610,7360,7580,79990,0.006640106241699861
2024-12-19,7400,7530,7110,7370,57852,-0.02770448548812665
2024-12-20,7370,7390,6990,7030,72508,-0.046132971506105847
2024-12-23,7130,7260,7000,7160,54776,0.01849217638691325
2024-12-24,7210,7450,7210,7270,85838,0.015363128491620026
2024-12-26,7300,7640,7300,7350,158307,0.011004126547455195
2024-12-27,7350,7430,7000,7120,97393,-0.03129251700680269
2024-12-30,7050,7580,6950,7530,149594,0.057584269662921406
2025-01-02,8010,8980,7950,8980,1377042,0.1925630810092962
2025-01-03,8980,8980,8310,8530,805203,-0.05011135857461024
2025-01-06,8750,8760,8470,8580,335535,0.0058616647127784915
2025-01-07,8660,8700,8400,8410,251420,-0.019813519813519864
2025-01-08,8350,8420,8140,8220,168177,-0.022592152199762183
2025-01-09,8220,8540,7860,8500,318149,0.03406326034063256
2025-01-10,8610,9060,8420,8580,555052,0.009411764705882453
2025-01-13,8540,8600,8310,8420,210494,-0.018648018648018683
2025-01-14,8530,8630,8250,8580,195498,0.019002375296912177
2025-01-15,8990,9380,8580,8890,920252,0.036130536130536184
2025-01-16,8960,9430,8830,9350,549528,0.05174353205849269
2025-01-17,9410,9680,8910,9530,543594,0.019251336898395754
2025-01-20,9600,9900,9350,9720,527502,0.019937040923399874
2025-01-21,9620,10890,9410,10770,1662476,0.10802469135802473
2025-01-22,11250,11280,10550,10640,1261402,-0.0120705663881151
2025-01-23,10710,10710,9760,9780,556859,-0.08082706766917291
2025-01-24,9640,10120,9480,9820,382554,0.004089979550102152
2025-01-31,9800,10090,9420,10090,445614,0.027494908350305547
2025-02-03,10090,10250,9380,10030,330968,-0.00594648166501488
2025-02-04,10090,10640,9950,10340,521887,0.030907278165503538
2025-02-05,10600,10790,10340,10680,505374,0.03288201160541582
2025-02-06,10780,10800,10230,10290,366912,-0.0365168539325843
2025-02-07,10070,10660,10070,10370,457374,0.007774538386783325
2025-02-10,11000,12400,10650,11400,3541699,0.09932497589199607
2025-02-11,11220,11540,10780,11200,586598,-0.01754385964912286
2025-02-12,11100,11100,10460,10480,347098,-0.06428571428571428
2025-02-13,10480,10700,10210,10600,254383,0.011450381679389388
2025-02-14,10540,10790,10380,10610,174528,0.0009433962264151496
2025-02-17,10550,10700,10350,10600,174755,-0.0009425070688030557
2025-02-18,10810,11500,10630,11360,1039194,0.07169811320754715
2025-02-19,11550,11590,11060,11180,449201,-0.015845070422535246
2025-02-20,11200,11200,10690,10750,258211,-0.038461538461538436
2025-02-21,10550,10910,10480,10630,199436,-0.011162790697674452
2025-02-24,10780,11000,10650,10800,254822,0.015992474129821188
2025-02-25,10600,10900,10400,10770,175243,-0.002777777777777768
2025-02-26,10510,11330,10500,10800,249217,0.0027855153203342198
2025-02-27,10800,10940,10590,10600,102019,-0.01851851851851849
2025-02-28,10490,10540,9450,9920,211836,-0.0641509433962264
2025-03-04,9520,9850,9350,9670,145683,-0.025201612903225756
2025-03-05,9670,9840,9370,9680,132911,0.0010341261633919352
2025-03-06,9660,9790,9190,9220,176050,-0.0475206611570248
2025-03-07,9000,9360,9000,9260,112204,0.00433839479392617
2025-03-10,9190,9650,9190,9560,155360,0.03239740820734349
2025-03-11,9130,12420,9130,12420,9152223,0.2991631799163179
2025-03-12,13870,15130,13310,14590,14825070,0.174718196457327
2025-03-13,14590,14600,14010,14100,2193757,-0.03358464701850583
2025-03-14,14480,16190,14300,15790,7952273,0.11985815602836869
2025-03-17,16060,17300,16000,16290,3609783,0.03166561114629518
2025-03-18,15750,16350,15200,16200,1618429,-0.0055248618784530246
2025-03-19,15490,15500,14500,14650,1352906,-0.095679012345679
2025-03-20,14960,15360,13880,14030,1272672,-0.04232081911262797
2025-03-21,13740,14360,13320,13940,857948,-0.00641482537419813
2025-03-24,13950,14020,13440,13890,568029,-0.0035868005738880493
2025-03-25,14200,14200,12960,12990,689671,-0.06479481641468687
2025-03-26,12990,13490,12800,13300,459399,0.02386451116243271
2025-03-27,13100,13440,12680,13230,394079,-0.0052631578947368585
2025-03-28,13350,13410,12440,12570,435549,-0.049886621315192725
2025-03-31,12350,12760,11800,11880,702925,-0.054892601431980936
2025-04-01,12160,12630,11650,11740,681416,-0.011784511784511786
2025-04-02,12210,12560,11370,11590,876533,-0.01277683134582619
2025-04-03,11150,12550,11080,11990,1370624,0.0345125107851596
2025-04-04,11900,11900,10360,10830,1376574,-0.09674728940783983
2025-04-07,10310,10500,9900,10030,604722,-0.07386888273314862
2025-04-08,10400,10450,9920,10070,475048,0.003988035892322994
2025-04-09,9810,10230,9610,9760,320680,-0.030784508440913627
2025-04-10,10400,10470,10040,10210,394029,0.04610655737704916
2025-04-11,10170,10800,10070,10690,831210,0.04701273261508332
2025-04-14,10930,11580,10760,11560,988318,0.08138447146866223
2025-04-15,11640,12440,11570,11830,1932037,0.023356401384083014
2025-04-16,11830,11970,11280,11290,584929,-0.04564666103127646
2025-04-17,11110,11890,11070,11850,474200,0.049601417183348095
2025-04-18,11990,12000,11330,11550,359113,-0.025316455696202556
2025-04-21,11500,11610,11200,11290,230501,-0.02251082251082248
2025-04-22,11000,11970,10980,11890,662344,0.0531443755535872
2025-04-23,12100,12150,11560,11710,444571,-0.015138772077375906
2025-04-24,11720,11950,11610,11650,281624,-0.005123825789923098
2025-04-25,11650,11830,11550,11640,209514,-0.0008583690987123971
2025-04-28,11610,11610,11240,11290,260603,-0.030068728522336774
2025-04-29,11370,11450,11180,11340,153059,0.004428697962798989
2025-04-30,11350,11360,10870,10950,230900,-0.03439153439153442
2025-05-02,10930,11220,10700,11170,158974,0.020091324200913308
2025-05-07,11200,12020,10990,11930,513776,0.0680393912264996
2025-05-08,12050,12050,11710,11990,327920,0.005029337803855727
2025-05-09,11990,12040,11390,11480,333970,-0.042535446205171024
2025-05-12,11510,11690,11220,11630,250113,0.013066202090592283
2025-05-13,11770,12200,11710,11920,817426,0.024935511607910632
2025-05-14,12040,12900,11820,12760,1330681,0.07046979865771807
