Date,Open,High,Low,Close,Volume,Change
2022-01-03,5780,5940,5780,5870,1162093,0.017331022530329365
2022-01-04,5860,6010,5820,5980,1311654,0.01873935264054505
2022-01-05,5980,6080,5950,5980,1788618,0.0
2022-01-06,5930,6320,5870,6260,4410699,0.04682274247491636
2022-01-07,6300,6310,6120,6170,2176503,-0.014376996805111841
2022-01-10,6220,6290,6100,6230,1977541,0.009724473257698651
2022-01-11,6230,6290,6140,6160,1649135,-0.011235955056179803
2022-01-12,6170,6200,6020,6100,1973289,-0.009740259740259716
2022-01-13,6110,6170,6060,6090,1157663,-0.0016393442622950616
2022-01-14,6110,6130,5950,5960,1578986,-0.021346469622331665
2022-01-17,5930,5940,5750,5770,1530166,-0.03187919463087252
2022-01-18,5710,5800,5360,5410,4228075,-0.06239168110918547
2022-01-19,5320,5700,5320,5580,2955366,0.031423290203327126
2022-01-20,5520,5890,5520,5860,2273219,0.05017921146953408
2022-01-21,5850,5930,5760,5850,1682419,-0.0017064846416382506
2022-01-24,5840,5960,5670,5690,1678343,-0.027350427350427364
2022-01-25,5700,5780,5440,5450,1702041,-0.04217926186291743
2022-01-26,5450,5620,5450,5470,1332632,0.003669724770642091
2022-01-27,5500,5550,5330,5340,1633696,-0.02376599634369292
2022-01-28,5410,5750,5310,5670,2510266,0.061797752808988804
2022-02-03,5780,5940,5750,5860,2202662,0.0335097001763669
2022-02-04,5800,5960,5800,5960,3413956,0.017064846416382284
2022-02-07,5920,5920,5710,5750,1646013,-0.03523489932885904
2022-02-08,5770,5820,5610,5660,1503631,-0.01565217391304352
2022-02-09,5710,5760,5680,5750,1253514,0.01590106007067127
2022-02-10,5770,5790,5670,5710,1121215,-0.006956521739130417
2022-02-11,5690,5700,5560,5600,1230859,-0.019264448336252182
2022-02-14,5500,5550,5360,5430,1710940,-0.03035714285714286
2022-02-15,5410,5450,5330,5370,1486295,-0.011049723756906049
2022-02-16,5470,5620,5460,5600,1095763,0.04283054003724396
2022-02-17,5650,5750,5510,5590,1487395,-0.0017857142857142794
2022-02-18,5500,5710,5500,5710,1180668,0.02146690518783534
2022-02-21,5650,5880,5610,5770,1865366,0.01050788091068311
2022-02-22,5670,5760,5600,5690,1176683,-0.013864818024263426
2022-02-23,5720,6120,5710,6090,5292758,0.07029876977152894
2022-02-24,6040,6310,5990,6170,5578196,0.013136288998357948
2022-02-25,6180,6250,6040,6130,3396224,-0.00648298217179899
2022-02-28,6130,6400,6090,6270,3474542,0.022838499184339334
2022-03-02,6300,6400,6250,6380,2345400,0.01754385964912286
2022-03-03,6400,6780,6390,6780,5857758,0.06269592476489039
2022-03-04,6770,6990,6720,6950,6106720,0.025073746312684442
2022-03-07,6950,7100,6810,7020,4922531,0.010071942446043147
2022-03-08,6910,7020,6700,6740,5349873,-0.03988603988603989
2022-03-10,6990,7050,6820,7000,7255167,0.03857566765578646
2022-03-11,7010,7320,6950,7320,7712596,0.04571428571428582
2022-03-14,7330,7510,7260,7300,5283200,-0.002732240437158473
2022-03-15,7240,7340,7010,7100,4146306,-0.0273972602739726
2022-03-16,7130,7330,7010,7180,4314964,0.011267605633802802
2022-03-17,7290,7300,7010,7050,3734645,-0.01810584958217265
2022-03-18,7050,7130,6980,7130,2454932,0.01134751773049647
2022-03-21,7120,7140,6970,6990,2061507,-0.01963534361851338
2022-03-22,6980,7090,6970,7070,1426333,0.011444921316166035
2022-03-23,7100,7120,7040,7100,1664573,0.004243281471004279
2022-03-24,7080,7130,7020,7130,1761845,0.004225352112676051
2022-03-25,7160,7230,7020,7070,1894719,-0.008415147265077194
2022-03-28,7070,7130,7020,7080,1575548,0.0014144271570013522
2022-03-29,7100,7130,6790,6820,3512963,-0.03672316384180796
2022-03-30,6850,6900,6710,6810,1595439,-0.0014662756598240456
2022-03-31,6810,7020,6810,7000,1706338,0.027900146842878115
2022-04-01,7010,7010,6820,6890,1308699,-0.01571428571428568
2022-04-04,6900,6940,6720,6730,2098152,-0.023222060957910018
2022-04-05,6740,6790,6680,6740,1559652,0.0014858841010401136
2022-04-06,6720,6720,6580,6680,1457822,-0.008902077151335286
2022-04-07,6670,6670,6500,6520,1680238,-0.0239520958083832
2022-04-08,6570,6640,6410,6640,1668164,0.018404907975460016
2022-04-11,6560,6640,6530,6620,997378,-0.003012048192771122
2022-04-12,6520,6650,6520,6620,1133877,0.0
2022-04-13,6670,6670,6550,6630,968299,0.0015105740181269312
2022-04-14,6640,6640,6520,6560,1314511,-0.010558069381598756
2022-04-15,6510,6620,6480,6590,1048041,0.004573170731707377
2022-04-18,6520,6610,6510,6530,857171,-0.009104704097116834
2022-04-19,6530,6590,6480,6580,809641,0.007656967840734996
2022-04-20,6550,6550,6340,6380,1968994,-0.03039513677811545
2022-04-21,6360,6610,6360,6520,2099424,0.021943573667711602
2022-04-22,6500,6580,6420,6560,1187621,0.006134969325153339
2022-04-25,6400,6470,6300,6300,1483323,-0.03963414634146345
2022-04-26,6350,6370,6250,6260,1166817,-0.006349206349206327
2022-04-27,6100,6330,6100,6300,1094650,0.006389776357827559
2022-04-28,6390,7060,6340,7000,11957677,0.11111111111111116
2022-04-29,7010,7010,6720,6770,3357254,-0.03285714285714281
2022-05-02,6770,6960,6750,6760,2199319,-0.001477104874446078
2022-05-03,6820,6900,6740,6750,1873029,-0.0014792899408283544
2022-05-04,6820,6900,6740,6750,1862783,0.0
2022-05-06,6670,6840,6640,6780,1892529,0.004444444444444473
2022-05-09,6800,6810,6430,6440,2575080,-0.05014749262536877
2022-05-10,6300,6460,6210,6330,1964909,-0.017080745341614856
2022-05-11,6310,6360,6150,6240,1655922,-0.014218009478673022
2022-05-12,6130,6230,6020,6070,2115665,-0.027243589743589758
2022-05-13,6080,6290,6070,6220,1356900,0.02471169686985175
2022-05-16,6290,6300,6180,6180,804730,-0.006430868167202619
2022-05-17,6230,6400,6210,6240,1282524,0.009708737864077666
2022-05-18,6270,6290,6150,6170,1033032,-0.011217948717948678
2022-05-19,5990,6080,5980,6010,1475172,-0.02593192868719607
2022-05-20,6020,6150,6020,6120,799151,0.01830282861896837
2022-05-23,6130,6140,6040,6090,826478,-0.004901960784313708
2022-05-24,6130,6410,6120,6320,3217453,0.03776683087027921
2022-05-25,6360,6600,6260,6540,3080291,0.034810126582278444
2022-05-26,6490,6540,6400,6410,1357956,-0.019877675840978548
2022-05-27,6440,6530,6380,6440,1084005,0.004680187207488196
2022-05-30,6510,6590,6430,6510,1189498,0.010869565217391353
2022-05-31,6560,6670,6430,6550,2356280,0.006144393241167334
2022-06-02,6510,6510,6380,6460,1229361,-0.013740458015267132
2022-06-03,6470,6530,6390,6500,917569,0.006191950464396356
2022-06-07,6560,6560,6290,6340,1260290,-0.024615384615384595
2022-06-08,6370,6530,6340,6520,1538966,0.028391167192429068
2022-06-09,6440,6450,6310,6450,1609118,-0.010736196319018454
2022-06-10,6370,6680,6330,6580,2434095,0.020155038759689825
2022-06-13,6490,6500,6170,6180,1928548,-0.06079027355623101
2022-06-14,6030,6180,5920,6110,2130147,-0.01132686084142398
2022-06-15,6060,6210,6000,6060,1496508,-0.008183306055646433
2022-06-16,6150,6220,6050,6060,1920522,0.0
2022-06-17,5890,5980,5630,5920,2759818,-0.02310231023102305
2022-06-20,5950,5970,5630,5720,1644221,-0.03378378378378377
2022-06-21,5790,5790,5640,5670,1350110,-0.00874125874125875
2022-06-22,5720,5740,5310,5310,2238066,-0.06349206349206349
2022-06-23,5310,5380,5060,5070,2235046,-0.04519774011299438
2022-06-24,5040,5390,5040,5330,1946879,0.05128205128205132
2022-06-27,5400,5500,5350,5450,1045087,0.022514071294559068
2022-06-28,5470,5610,5420,5550,1254009,0.0183486238532109
2022-06-29,5480,5710,5450,5610,1222419,0.0108108108108107
2022-06-30,5630,5970,5570,5840,2810200,0.04099821746880572
2022-07-01,5900,6120,5780,5890,2459175,0.008561643835616417
2022-07-04,5960,5960,5630,5730,1426315,-0.02716468590831922
2022-07-05,5770,5890,5680,5730,1185126,0.0
2022-07-06,5720,5730,5500,5500,1191394,-0.04013961605584637
2022-07-07,5580,5630,5500,5550,969139,0.009090909090909038
2022-07-08,5570,5760,5570,5640,1088101,0.016216216216216273
2022-07-11,5610,5700,5510,5610,991576,-0.005319148936170248
2022-07-12,5600,5600,5350,5410,1054870,-0.035650623885918
2022-07-13,5400,5420,5300,5330,1168474,-0.014787430683918634
2022-07-14,5270,5330,5170,5240,1759860,-0.016885553470919357
2022-07-15,5250,5300,5050,5120,2057735,-0.022900763358778664
2022-07-18,5130,5410,5130,5360,1877166,0.046875
2022-07-19,5390,5410,5310,5330,541853,-0.005597014925373123
2022-07-20,5430,5450,5300,5340,1102800,0.0018761726078799779
2022-07-21,5340,5350,5290,5320,614923,-0.0037453183520599342
2022-07-22,5340,5450,5290,5350,1254048,0.005639097744360999
2022-07-25,5310,5390,5300,5350,674449,0.0
2022-07-26,5350,5640,5310,5400,2603317,0.009345794392523255
2022-07-27,5410,5490,5360,5490,1237903,0.016666666666666607
2022-07-28,5490,5490,5110,5170,6876271,-0.05828779599271405
2022-07-29,5190,5250,5150,5250,2773233,0.015473887814313247
2022-08-01,5230,5340,5220,5300,1862766,0.00952380952380949
2022-08-02,5290,5300,5210,5210,1549438,-0.016981132075471694
2022-08-03,5180,5250,5170,5210,1130371,0.0
2022-08-04,5260,5280,5180,5190,1551106,-0.0038387715930902067
2022-08-05,5220,5290,5210,5280,1594488,0.01734104046242768
2022-08-08,5310,5310,5220,5310,1186497,0.005681818181818121
2022-08-09,5300,5310,5250,5290,1301769,-0.0037664783427495685
2022-08-10,5280,5500,5280,5420,4763107,0.02457466918714557
2022-08-11,5520,5530,5440,5480,2257598,0.011070110701107083
2022-08-12,5540,5710,5500,5680,3557808,0.03649635036496357
2022-08-16,5760,5760,5520,5530,2543598,-0.026408450704225372
2022-08-17,5560,5590,5400,5410,1786705,-0.02169981916817365
2022-08-18,5360,5440,5320,5390,1139887,-0.003696857670979714
2022-08-19,5380,5400,5290,5290,1466172,-0.01855287569573283
2022-08-22,5210,5290,5170,5220,1393015,-0.013232514177693777
2022-08-23,5170,5220,5120,5140,1403910,-0.01532567049808431
2022-08-24,5150,5260,5150,5220,1194031,0.015564202334630295
2022-08-25,5260,5300,5210,5280,1331431,0.011494252873563315
2022-08-26,5330,5390,5260,5360,1534920,0.015151515151515138
2022-08-29,5150,5230,5150,5170,1301401,-0.035447761194029814
2022-08-30,5200,5240,5120,5160,1423700,-0.0019342359767892114
2022-08-31,5120,5200,5100,5200,1141153,0.007751937984496138
2022-09-01,5150,5170,5020,5020,2433681,-0.0346153846153846
2022-09-02,5080,5080,4960,4970,1850327,-0.009960159362549792
2022-09-05,4935,5020,4935,4970,1019645,0.0
2022-09-06,4970,4995,4815,4835,2266894,-0.02716297786720323
2022-09-07,4790,4790,4565,4635,3509813,-0.04136504653567741
2022-09-08,4700,4820,4700,4810,1644601,0.03775620280474645
2022-09-13,4970,5030,4905,5010,1728774,0.04158004158004158
2022-09-14,4810,4945,4790,4900,1118471,-0.021956087824351322
2022-09-15,4910,5030,4880,4930,1087848,0.00612244897959191
2022-09-16,4835,4965,4825,4840,1401290,-0.018255578093306246
2022-09-19,4860,4880,4755,4760,737114,-0.016528925619834656
2022-09-20,4860,4865,4775,4785,602343,0.005252100840336116
2022-09-21,4745,4840,4730,4760,652078,-0.005224660397074143
2022-09-22,4710,4715,4535,4585,2209954,-0.03676470588235292
2022-09-23,4565,4605,4500,4545,1118387,-0.008724100327153761
2022-09-26,4400,4495,4265,4270,2258845,-0.060506050605060535
2022-09-27,4210,4330,4195,4290,1392875,0.004683840749414525
2022-09-28,4235,4290,4070,4130,1724101,-0.037296037296037254
2022-09-29,4175,4250,4120,4125,1224415,-0.001210653753026647
2022-09-30,4040,4150,4040,4120,1434104,-0.00121212121212122
2022-10-04,4185,4340,4165,4255,982188,0.03276699029126218
2022-10-05,4330,4345,4220,4275,1037088,0.004700352526439522
2022-10-06,4275,4305,4235,4235,768708,-0.009356725146198785
2022-10-07,4195,4250,4170,4235,1042414,0.0
2022-10-11,4160,4210,4065,4080,942870,-0.0365997638724912
2022-10-12,4050,4195,4050,4175,1157098,0.023284313725490113
2022-10-13,4120,4165,4000,4000,1187964,-0.041916167664670656
2022-10-14,4085,4180,4065,4155,1061151,0.03875000000000006
2022-10-17,4105,4120,4010,4050,1273285,-0.02527075812274371
2022-10-18,4120,4300,4105,4290,1717076,0.059259259259259345
2022-10-19,4305,4310,4185,4215,1396010,-0.0174825174825175
2022-10-20,4205,4275,4180,4230,829267,0.003558718861210064
2022-10-21,4180,4225,3965,3975,2470371,-0.06028368794326244
2022-10-24,4070,4310,4050,4165,2966217,0.04779874213836477
2022-10-25,4165,4165,3970,3980,2119528,-0.044417767106842754
2022-10-26,4005,4045,3950,3975,1277864,-0.0012562814070351536
2022-10-27,4090,4270,3980,4260,2997658,0.07169811320754715
2022-10-28,4210,4325,4195,4240,1417329,-0.0046948356807511304
2022-10-31,4305,4305,4160,4205,1249327,-0.008254716981132115
2022-11-01,4270,4485,4240,4460,2898798,0.06064209274673016
2022-11-02,4500,4600,4415,4550,2165259,0.020179372197309364
2022-11-03,4445,4665,4420,4555,1897930,0.001098901098901095
2022-11-04,4560,4615,4505,4590,1238569,0.007683863885839637
2022-11-07,4750,4900,4675,4685,3065359,0.020697167755991286
2022-11-08,4740,4765,4615,4620,2013579,-0.0138740661686233
2022-11-09,4620,4775,4620,4750,1751269,0.02813852813852824
2022-11-10,4725,4820,4710,4785,1166639,0.007368421052631469
2022-11-11,4930,4935,4770,4810,1906457,0.0052246603970742544
2022-11-14,4865,4920,4810,4840,1193648,0.006237006237006293
2022-11-15,4875,4900,4840,4865,966179,0.005165289256198413
2022-11-16,4880,4890,4710,4890,1973756,0.005138746145940454
2022-11-17,4985,5070,4755,4770,2632306,-0.024539877300613466
2022-11-18,4795,4915,4795,4835,1665400,0.013626834381551323
2022-11-21,4870,4890,4670,4750,1019033,-0.0175801447776629
2022-11-22,4750,4890,4730,4840,1063992,0.0189473684210526
2022-11-23,4890,4915,4800,4910,1183425,0.01446280991735538
2022-11-24,4940,4940,4860,4910,712179,0.0
2022-11-25,4915,4925,4865,4900,614310,-0.0020366598778004397
2022-11-28,4900,4905,4805,4900,815085,0.0
2022-11-29,4900,4935,4880,4920,790119,0.004081632653061273
2022-11-30,4920,5090,4920,5090,2076704,0.03455284552845539
2022-12-01,5140,5160,5010,5030,1737607,-0.011787819253438081
2022-12-02,5010,5020,4890,4900,907188,-0.025844930417495027
2022-12-05,4920,4950,4850,4870,552979,-0.006122448979591799
2022-12-06,4800,4855,4735,4745,830234,-0.02566735112936347
2022-12-07,4715,4775,4650,4685,647113,-0.012644889357218081
2022-12-08,4650,4680,4550,4615,1282703,-0.014941302027748127
2022-12-09,4615,4670,4575,4670,579489,0.011917659804983716
2022-12-12,4600,4640,4450,4480,1178878,-0.0406852248394004
2022-12-13,4490,4515,4435,4455,638852,-0.005580357142857095
2022-12-14,4475,4525,4455,4505,519421,0.011223344556677839
2022-12-15,4505,4510,4445,4475,832702,-0.006659267480577102
2022-12-16,4435,4465,4370,4375,887442,-0.022346368715083775
2022-12-19,4345,4385,4310,4360,630166,-0.0034285714285714475
2022-12-20,4360,4525,4355,4500,1399245,0.032110091743119185
2022-12-21,4505,4510,4350,4350,858012,-0.033333333333333326
2022-12-22,4365,4420,4330,4380,1024453,0.006896551724137945
2022-12-23,4320,4350,4190,4250,819769,-0.029680365296803624
2022-12-26,4260,4300,4240,4270,483887,0.004705882352941115
2022-12-27,4265,4330,4185,4245,1554035,-0.005854800936768156
2022-12-28,4200,4275,4175,4270,791730,0.005889281507656108
2022-12-29,4235,4290,4135,4180,1065599,-0.021077283372365363
2023-01-02,4200,4205,3980,4000,1030277,-0.0430622009569378
2023-01-03,4000,4060,3870,4010,1445595,0.0024999999999999467
2023-01-04,3935,4125,3930,4105,1716321,0.023690773067331694
2023-01-05,4065,4130,4030,4120,1158998,0.0036540803897686658
2023-01-06,4060,4515,4030,4490,3297310,0.08980582524271852
2023-01-09,4520,4525,4450,4505,1275087,0.0033407572383072903
2023-01-10,4495,4780,4495,4750,2529611,0.05438401775804658
2023-01-11,4745,4745,4580,4615,1609489,-0.028421052631578902
2023-01-12,4625,4710,4575,4590,1457362,-0.005417118093174467
2023-01-13,4650,4715,4610,4640,1143100,0.01089324618736387
2023-01-16,4660,4660,4570,4590,1235688,-0.010775862068965525
2023-01-17,4585,4680,4550,4585,925098,-0.0010893246187363426
2023-01-18,4580,4585,4435,4465,1397492,-0.026172300981461283
2023-01-19,4430,4495,4400,4465,795467,0.0
2023-01-20,4440,4660,4440,4645,1122311,0.04031354983202684
2023-01-25,4675,4715,4630,4665,1051083,0.0043057050592034685
2023-01-26,4665,4710,4625,4695,796020,0.006430868167202508
2023-01-27,4695,4770,4660,4715,1050091,0.004259850905218299
2023-01-30,4720,4735,4640,4645,886511,-0.014846235418875975
2023-01-31,4645,4950,4600,4785,6202506,0.030139935414424057
2023-02-01,4800,4800,4560,4615,3897612,-0.03552769070010453
2023-02-02,4665,4730,4545,4615,2088171,0.0
2023-02-03,4660,4730,4605,4605,2116915,-0.0021668472372697867
2023-02-06,4590,4590,4450,4470,1564937,-0.02931596091205213
2023-02-07,4480,4490,4355,4400,1627644,-0.015659955257270708
2023-02-08,4410,4470,4390,4465,805185,0.014772727272727382
2023-02-09,4415,4490,4400,4420,829534,-0.01007838745800671
2023-02-10,4415,4520,4360,4515,1061255,0.02149321266968318
2023-02-13,4520,4525,4410,4450,633558,-0.01439645625692132
2023-02-14,4460,4515,4450,4460,595971,0.0022471910112360494
2023-02-15,4470,4485,4350,4360,814216,-0.022421524663677084
2023-02-16,4400,4450,4380,4440,584870,0.0183486238532109
2023-02-17,4370,4565,4370,4475,850488,0.007882882882882969
2023-02-20,4475,4500,4420,4480,468409,0.0011173184357542443
2023-02-21,4515,4665,4440,4635,2002707,0.03459821428571419
2023-02-22,4575,4610,4510,4525,992813,-0.02373247033441206
2023-02-23,4570,4640,4500,4595,1060548,0.015469613259668558
2023-02-24,4595,4640,4520,4535,721003,-0.01305767138193692
2023-02-27,4520,4520,4405,4445,794383,-0.019845644983461974
2023-02-28,4435,4460,4305,4305,1485861,-0.03149606299212604
2023-03-02,4295,4450,4295,4415,1248478,0.025551684088269466
2023-03-03,4430,4465,4355,4400,610058,-0.003397508493771184
2023-03-06,4430,4435,4330,4365,721368,-0.007954545454545436
2023-03-07,4370,4435,4350,4390,738592,0.00572737686139746
2023-03-08,4335,4340,4270,4285,938521,-0.023917995444191376
2023-03-09,4305,4420,4305,4375,1150686,0.02100350058343059
2023-03-10,4450,4540,4355,4360,1815379,-0.0034285714285714475
2023-03-13,4360,4390,4215,4285,882490,-0.017201834862385357
2023-03-14,4230,4270,4130,4175,919967,-0.025670945157526215
2023-03-15,4220,4335,4205,4270,648238,0.022754491017964007
2023-03-16,4200,4240,4160,4170,798145,-0.023419203747072626
2023-03-17,4230,4245,4190,4200,1074879,0.007194244604316502
2023-03-20,4190,4265,4180,4185,570521,-0.0035714285714285587
2023-03-21,4210,4210,4070,4100,1826402,-0.020310633213859064
2023-03-22,4130,4145,4080,4090,664149,-0.0024390243902439046
2023-03-23,4090,4090,3990,4005,1256964,-0.020782396088019572
2023-03-24,4005,4050,3980,4010,805078,0.0012484394506866447
2023-03-27,4020,4045,3940,3970,838801,-0.009975062344139696
2023-03-28,3970,4005,3955,4000,732407,0.007556675062972307
2023-03-29,4000,4030,3960,4000,1032754,0.0
2023-03-30,4015,4130,3955,4100,2078201,0.02499999999999991
2023-03-31,4105,4140,4030,4030,1601265,-0.017073170731707332
2023-04-03,4055,4170,4055,4170,1801612,0.03473945409429291
2023-04-04,4185,4210,4100,4130,1269854,-0.00959232613908878
2023-04-05,4130,4160,4090,4090,1246519,-0.009685230024213065
2023-04-06,4090,4115,4025,4025,1404807,-0.0158924205378973
2023-04-07,4040,4185,4010,4125,1449959,0.024844720496894457
2023-04-10,4125,4140,4060,4070,805865,-0.013333333333333308
2023-04-11,4075,4100,4040,4090,1007281,0.004914004914004844
2023-04-12,4095,4210,4090,4185,1587377,0.023227383863080764
2023-04-13,4185,4200,4125,4185,883809,0.0
2023-04-14,4225,4305,4210,4230,1724912,0.010752688172043001
2023-04-17,4260,4300,4190,4235,1014395,0.0011820330969267712
2023-04-18,4225,4245,4145,4185,1490933,-0.011806375442739103
2023-04-19,4185,4295,4185,4215,1331982,0.007168458781362075
2023-04-20,4240,4255,4155,4160,996758,-0.013048635824436494
2023-04-21,4145,4295,4120,4280,1423054,0.028846153846153744
2023-04-24,4280,4325,4145,4150,1016246,-0.030373831775700966
2023-04-25,4160,4205,4070,4070,1387884,-0.01927710843373498
2023-04-26,4065,4200,4020,4120,915475,0.01228501228501222
2023-04-27,4125,4230,4105,4170,1137240,0.012135922330097193
2023-04-28,4185,4255,4150,4215,1765231,0.010791366906474753
2023-05-02,4225,4225,4085,4145,1384343,-0.016607354685646447
2023-05-03,4115,4160,4085,4090,670443,-0.013268998793727338
2023-05-04,4075,4115,4060,4105,648838,0.003667481662591676
2023-05-08,4125,4395,4125,4355,3013984,0.06090133982947621
2023-05-09,4320,4375,4245,4325,1147111,-0.006888633754305373
2023-05-10,4315,4345,4200,4245,1048075,-0.018497109826589586
2023-05-11,4255,4375,4250,4320,1175579,0.0176678445229681
2023-05-12,4325,4330,4210,4225,951336,-0.0219907407407407
2023-05-15,4225,4250,4160,4220,566183,-0.0011834319526626835
2023-05-16,4195,4245,4130,4145,700957,-0.017772511848341277
2023-05-17,4120,4175,4105,4145,487010,0.0
2023-05-18,4170,4230,4165,4210,681625,0.01568154402895061
2023-05-19,4220,4320,4220,4280,1112458,0.016627078384798155
2023-05-22,4305,4490,4295,4395,2278438,0.026869158878504606
2023-05-23,4400,4440,4325,4365,1266267,-0.0068259385665528916
2023-05-24,4365,4550,4310,4420,2373820,0.012600229095074411
2023-05-25,4420,4420,4305,4325,1171063,-0.021493212669683293
2023-05-26,4300,4330,4235,4240,984832,-0.01965317919075149
2023-05-30,4280,4345,4260,4310,901993,0.01650943396226423
2023-05-31,4310,4385,4270,4295,1520090,-0.0034802784222738303
2023-06-01,4315,4335,4230,4250,1194392,-0.010477299185098987
2023-06-02,4270,4280,4210,4270,739038,0.004705882352941115
2023-06-05,4300,4395,4290,4355,1020391,0.01990632318501162
2023-06-07,4370,4385,4330,4330,820490,-0.00574052812858783
2023-06-08,4330,4390,4290,4385,1289508,0.012702078521940052
2023-06-09,4415,4415,4345,4365,954446,-0.004561003420752607
2023-06-12,4395,4395,4300,4320,841069,-0.010309278350515427
2023-06-13,4340,4370,4305,4345,981723,0.0057870370370369795
2023-06-14,4350,4355,4250,4255,1248630,-0.020713463751438455
2023-06-15,4260,4290,4155,4165,1368826,-0.021151586368977626
2023-06-16,4185,4220,4160,4180,1907360,0.0036014405762305746
2023-06-19,4200,4380,4200,4345,2440943,0.03947368421052633
2023-06-20,4365,4415,4250,4250,1686576,-0.021864211737629424
2023-06-21,4255,4320,4210,4225,1190810,-0.00588235294117645
2023-06-22,4255,4330,4180,4250,1240507,0.00591715976331364
2023-06-23,4240,4250,4120,4120,1646344,-0.030588235294117694
2023-06-26,4180,4260,4140,4165,1369050,0.010922330097087318
2023-06-27,4225,4290,4180,4195,1606701,0.007202881152460927
2023-06-28,4205,4225,4180,4185,857820,-0.0023837902264600697
2023-06-29,4185,4185,4030,4035,2423249,-0.03584229390681004
2023-06-30,4055,4105,4020,4065,908864,0.0074349442379182396
2023-07-03,4095,4215,4090,4165,1398769,0.024600246002460135
2023-07-04,4170,4170,4095,4100,889343,-0.015606242496998823
2023-07-05,4105,4115,4045,4050,1226790,-0.012195121951219523
2023-07-06,4040,4045,3920,3925,2791530,-0.030864197530864224
2023-07-07,3920,3920,3800,3815,2842462,-0.028025477707006363
2023-07-10,3815,4165,3815,4120,3910168,0.0799475753604193
2023-07-11,4165,4290,4150,4250,3268031,0.031553398058252524
2023-07-12,4255,4320,4180,4195,2936354,-0.012941176470588234
2023-07-13,4235,4270,4200,4235,1938179,0.009535160905840279
2023-07-14,4255,4320,4220,4275,4013784,0.009445100354191327
2023-07-17,4360,4790,4305,4695,17018811,0.0982456140350878
2023-07-18,4695,4705,4255,4290,8239965,-0.08626198083067094
2023-07-19,4310,4330,4175,4210,3397018,-0.018648018648018683
2023-07-20,4240,4325,4160,4270,2553659,0.014251781472684133
2023-07-21,4280,4345,4235,4295,1540753,0.005854800936768045
2023-07-24,4285,4285,4205,4235,1735288,-0.01396973224679865
2023-07-25,4210,4290,4175,4250,2117657,0.0035419126328217754
2023-07-26,4215,4220,4050,4135,3371429,-0.027058823529411802
2023-07-27,4180,4255,4105,4225,2954935,0.021765417170495738
2023-07-28,4230,4365,4185,4330,2787432,0.024852071005917242
2023-07-31,4380,4540,4345,4520,5166600,0.04387990762124705
2023-08-01,4515,4640,4405,4610,3873024,0.019911504424778848
2023-08-02,4580,4650,4545,4585,2556339,-0.005422993492407824
2023-08-03,4565,4600,4465,4525,1876306,-0.013086150490730697
2023-08-04,4525,4540,4415,4535,1175664,0.0022099447513812542
2023-08-07,4505,4550,4455,4550,1372444,0.00330760749724357
2023-08-08,4560,4625,4500,4530,1345915,-0.00439560439560438
2023-08-09,4530,4560,4480,4555,1113636,0.0055187637969094094
2023-08-10,4570,4775,4550,4685,4121088,0.028540065861690556
2023-08-11,4690,4690,4605,4660,1794100,-0.005336179295624355
2023-08-14,4665,4760,4650,4685,2819572,0.005364806866952732
2023-08-16,4675,4685,4465,4590,2133141,-0.02027748132337248
2023-08-17,4550,4575,4485,4545,1604020,-0.009803921568627416
2023-08-18,4490,4515,4415,4480,1645993,-0.014301430143014326
2023-08-21,4495,4540,4410,4435,1206932,-0.010044642857142905
2023-08-22,4430,4480,4395,4455,1177209,0.004509582863585049
2023-08-23,4415,4465,4395,4410,730451,-0.010101010101010055
2023-08-24,4420,4445,4350,4375,1051638,-0.007936507936507908
2023-08-25,4335,4380,4305,4345,865474,-0.006857142857142895
2023-08-28,4385,4530,4310,4525,2438462,0.04142692750287691
2023-08-29,4565,4725,4520,4645,1953957,0.026519337016574607
2023-08-30,4690,4710,4630,4645,1262434,0.0
2023-08-31,4645,4650,4540,4600,1402199,-0.009687836383207804
2023-09-01,4610,4695,4560,4565,1303691,-0.007608695652173925
2023-09-04,4575,4605,4470,4555,1112840,-0.0021905805038334725
2023-09-05,4520,4580,4520,4560,794370,0.001097694840834329
2023-09-06,4555,4570,4480,4510,811595,-0.010964912280701733
2023-09-07,4465,4495,4425,4450,651412,-0.013303769401330379
2023-09-08,4440,4480,4360,4450,839228,0.0
2023-09-11,4500,4565,4450,4520,748574,0.01573033707865168
2023-09-12,4535,4535,4365,4390,1165316,-0.028761061946902644
2023-09-13,4375,4415,4345,4410,706388,0.004555808656036442
2023-09-14,4415,4480,4385,4480,1054438,0.015873015873015817
2023-09-15,4485,4660,4480,4570,2100127,0.02008928571428581
2023-09-18,4580,4675,4520,4560,1511771,-0.002188183807439792
2023-09-19,4560,4585,4500,4550,824872,-0.002192982456140302
2023-09-20,4545,4625,4525,4555,795108,0.001098901098901095
2023-09-21,4530,4550,4425,4425,961633,-0.028540065861690445
2023-09-22,4380,4410,4310,4335,1058344,-0.02033898305084747
2023-09-25,4300,4390,4260,4350,1361937,0.0034602076124568004
2023-09-26,4315,4335,4120,4150,1955550,-0.04597701149425293
2023-09-27,4110,4220,4100,4205,813257,0.013253012048192847
2023-10-04,4200,4200,4075,4085,1277627,-0.028537455410225898
2023-10-05,4100,4140,4015,4020,976471,-0.01591187270501837
2023-10-06,3985,4095,3985,4095,955211,0.018656716417910557
2023-10-10,4105,4140,3965,4015,1266029,-0.019536019536019578
2023-10-11,4025,4105,4020,4060,934639,0.011207970112079746
2023-10-12,4075,4140,4060,4125,885682,0.016009852216748666
2023-10-13,4090,4110,4025,4055,687820,-0.016969696969696968
2023-10-16,4030,4080,4010,4080,736133,0.006165228113440113
2023-10-17,4060,4105,4045,4060,573283,-0.004901960784313708
2023-10-18,4040,4135,4040,4100,912280,0.009852216748768461
2023-10-19,4060,4060,3975,4000,1225111,-0.024390243902439046
2023-10-20,3975,4095,3910,4070,1527795,0.01750000000000007
2023-10-23,4070,4075,3870,3930,2378985,-0.03439803439803435
2023-10-24,3940,4010,3865,4010,1284295,0.020356234096692072
2023-10-25,4010,4070,3990,4025,904290,0.0037406483790523026
2023-10-26,3970,4020,3930,3945,911512,-0.019875776397515477
2023-10-27,3945,4000,3920,3925,935751,-0.005069708491761693
2023-10-30,3910,3960,3885,3905,1138274,-0.005095541401273884
2023-10-31,3940,4035,3900,3930,1711414,0.006402048655569814
2023-11-01,3950,3970,3915,3940,828458,0.0025445292620864812
2023-11-02,3985,4010,3955,3995,1000118,0.013959390862944066
2023-11-03,4045,4055,3990,4035,863378,0.01001251564455563
2023-11-06,4190,4210,4130,4210,2352636,0.04337050805452303
2023-11-07,4175,4175,4070,4140,1138206,-0.016627078384798155
2023-11-08,4155,4160,4100,4120,716709,-0.004830917874396157
2023-11-09,4115,4155,4090,4120,683670,0.0
2023-11-10,4120,4185,4075,4165,781911,0.010922330097087318
2023-11-13,4185,4205,4115,4140,714794,-0.00600240096038418
2023-11-14,4155,4230,4150,4230,1076903,0.021739130434782705
2023-11-15,4300,4410,4265,4390,2456198,0.0378250591016549
2023-11-16,4380,4430,4340,4395,823707,0.001138952164009055
2023-11-17,4380,4530,4370,4475,1502786,0.018202502844141044
2023-11-20,4500,4530,4455,4460,1068314,-0.003351955307262622
2023-11-21,4485,4545,4420,4515,1019503,0.012331838565022402
2023-11-22,4515,4535,4460,4515,948170,0.0
2023-11-23,4505,4535,4470,4495,878241,-0.0044296788482834915
2023-11-24,4500,4590,4485,4560,1176766,0.014460511679644128
2023-11-27,4560,4590,4520,4585,655074,0.005482456140350811
2023-11-28,4595,4645,4560,4605,1106881,0.004362050163576825
2023-11-29,4620,4630,4515,4555,1216115,-0.010857763300760048
2023-11-30,4555,4650,4480,4640,2187359,0.01866081229418226
2023-12-01,4590,4660,4575,4625,1149620,-0.003232758620689613
2023-12-04,4650,4650,4490,4540,993639,-0.018378378378378413
2023-12-05,4520,4535,4460,4480,699834,-0.013215859030836996
2023-12-06,4480,4545,4480,4510,640740,0.006696428571428603
2023-12-07,4490,4530,4430,4435,691494,-0.016629711751662946
2023-12-08,4490,4490,4400,4430,690821,-0.0011273957158962622
2023-12-11,4445,4460,4350,4400,843555,-0.006772009029345383
2023-12-12,4435,4440,4385,4410,1259994,0.002272727272727204
2023-12-13,4430,4430,4260,4265,1010560,-0.03287981859410427
2023-12-14,4350,4380,4285,4305,1471642,0.009378663540445586
2023-12-15,4330,4385,4305,4350,1156720,0.010452961672473782
2023-12-18,4350,4365,4240,4250,1409218,-0.02298850574712641
2023-12-19,4110,4145,4070,4130,2094640,-0.028235294117647025
2023-12-20,4160,4200,4125,4180,979443,0.012106537530266248
2023-12-21,4150,4185,4130,4175,635310,-0.0011961722488038617
2023-12-22,4185,4185,4130,4135,763144,-0.009580838323353325
2023-12-26,4160,4170,4110,4170,611351,0.00846432889963733
2023-12-27,4150,4165,4085,4145,878547,-0.005995203836930418
2023-12-28,4150,4165,4090,4145,1219957,0.0
2024-01-02,4130,4180,4095,4170,719049,0.006031363088057962
2024-01-03,4155,4160,4100,4110,898798,-0.014388489208633115
2024-01-04,4095,4160,4080,4100,670099,-0.0024330900243308973
2024-01-05,4100,4135,4090,4100,594583,0.0
2024-01-08,4100,4135,4090,4100,571677,0.0
2024-01-09,4125,4210,4110,4170,1013228,0.017073170731707332
2024-01-10,4195,4280,4155,4260,1804623,0.021582733812949728
2024-01-11,4285,4340,4240,4240,1851147,-0.0046948356807511304
2024-01-12,4240,4330,4180,4205,925648,-0.008254716981132115
2024-01-15,4205,4220,4085,4095,1173481,-0.026159334126040434
2024-01-16,4080,4135,4075,4090,693242,-0.0012210012210012167
2024-01-17,4090,4110,3970,4010,1197367,-0.019559902200488977
2024-01-18,4000,4090,3955,3970,954485,-0.009975062344139696
2024-01-19,4000,4040,3970,3980,744125,0.0025188916876575096
2024-01-22,4015,4015,3870,3880,1450301,-0.025125628140703515
2024-01-23,3880,3950,3875,3900,674001,0.005154639175257714
2024-01-24,3905,3930,3870,3910,626494,0.002564102564102555
2024-01-25,3910,3945,3880,3925,772467,0.0038363171355497716
2024-01-26,3915,4025,3900,4015,804840,0.02292993630573248
2024-01-29,4020,4080,3990,4035,732584,0.00498132004981322
2024-01-30,4050,4180,4035,4065,1507067,0.0074349442379182396
2024-01-31,4060,4065,3935,3935,1919729,-0.03198031980319804
2024-02-01,3910,4005,3905,3965,1386298,0.007623888182973326
2024-02-02,3980,3980,3920,3970,1935985,0.0012610340479193294
2024-02-05,3980,3985,3865,3950,1861599,-0.005037783375314908
2024-02-06,3910,3945,3875,3885,1526082,-0.016455696202531622
2024-02-07,3910,3960,3880,3920,954492,0.009009009009008917
2024-02-08,3955,3980,3915,3915,1379842,-0.0012755102040816757
2024-02-13,3990,4065,3960,3985,2031875,0.017879948914431676
2024-02-14,3930,3970,3930,3935,1190912,-0.012547051442910906
2024-02-15,3985,3990,3930,3930,945761,-0.0012706480304955914
2024-02-16,3950,4045,3950,4040,1612043,0.027989821882951738
2024-02-19,4055,4120,4030,4055,1188989,0.003712871287128605
2024-02-20,4055,4085,4000,4010,1118824,-0.011097410604192337
2024-02-21,4045,4075,4005,4005,942040,-0.0012468827930174342
2024-02-22,4045,4045,4000,4000,671738,-0.0012484394506866447
2024-02-23,4015,4020,3965,3965,978934,-0.008750000000000036
2024-02-26,3990,4015,3940,3960,1050376,-0.0012610340479193294
2024-02-27,3955,4000,3930,3935,794146,-0.0063131313131312705
2024-02-28,3960,4035,3935,4025,998740,0.02287166454891998
2024-02-29,4025,4040,3980,3980,1072401,-0.011180124223602483
2024-03-04,4000,4020,3930,3935,1345836,-0.011306532663316604
2024-03-05,3920,3955,3880,3885,1862253,-0.01270648030495558
2024-03-06,3880,3910,3820,3860,1678319,-0.006435006435006385
2024-03-07,3855,3890,3800,3805,1797788,-0.014248704663212486
2024-03-08,3805,3855,3805,3850,1070229,0.01182654402102501
2024-03-11,3810,3845,3790,3800,1432913,-0.012987012987012991
2024-03-12,3815,3815,3725,3770,2305047,-0.007894736842105288
2024-03-13,3760,3780,3685,3695,2310941,-0.019893899204244003
2024-03-14,3670,3785,3625,3730,2928733,0.009472259810554773
2024-03-15,3780,3885,3770,3830,3124557,0.02680965147453085
2024-03-18,3830,3840,3780,3815,1337911,-0.003916449086161844
2024-03-19,3810,3870,3725,3735,1704929,-0.020969855832241202
2024-03-20,3765,3785,3745,3780,1006653,0.012048192771084265
2024-03-21,3800,3850,3790,3840,1341800,0.015873015873015817
2024-03-22,3845,3850,3795,3815,918787,-0.00651041666666663
2024-03-25,3810,3810,3750,3750,1062538,-0.017038007863695914
2024-03-26,3745,3775,3720,3725,1185437,-0.00666666666666671
2024-03-27,3715,3770,3715,3730,923355,0.0013422818791946067
2024-03-28,3730,3765,3725,3730,743416,0.0
2024-03-29,3735,3755,3700,3705,811369,-0.006702412868632712
2024-04-01,3700,3795,3700,3785,1034059,0.021592442645074206
2024-04-02,3760,3790,3735,3750,762339,-0.009247027741083214
2024-04-03,3760,3865,3730,3805,2481663,0.014666666666666606
2024-04-04,3835,3835,3750,3780,902283,-0.006570302233902758
2024-04-05,3760,3800,3720,3775,772093,-0.001322751322751281
2024-04-08,3775,3785,3710,3720,790155,-0.014569536423841067
2024-04-09,3715,3845,3715,3735,1103196,0.0040322580645162365
2024-04-11,3715,3735,3675,3705,1282793,-0.008032128514056214
2024-04-12,3685,3745,3685,3705,758404,0.0
2024-04-15,3700,3700,3645,3670,693842,-0.009446693657219951
2024-04-16,3630,3650,3605,3605,947865,-0.017711171662125325
2024-04-17,3580,3650,3580,3600,664140,-0.001386962552011095
2024-04-18,3600,3675,3600,3645,466468,0.012499999999999956
2024-04-19,3620,3665,3580,3635,834331,-0.002743484224965731
2024-04-22,3680,3725,3670,3710,680485,0.02063273727647874
2024-04-23,3700,3730,3680,3700,418833,-0.0026954177897574594
2024-04-24,3715,3720,3665,3675,613015,-0.006756756756756799
2024-04-25,3670,3725,3635,3675,662782,0.0
2024-04-26,3675,3700,3650,3675,673187,0.0
2024-04-29,3705,3795,3665,3785,1206389,0.029931972789115635
2024-04-30,3745,3835,3740,3835,1280409,0.013210039630118908
2024-05-02,3805,3840,3760,3805,837391,-0.007822685788787531
2024-05-03,3810,3815,3760,3790,455431,-0.003942181340341633
2024-05-07,3825,3845,3795,3820,786422,0.0079155672823219
2024-05-08,3825,3840,3815,3830,736695,0.002617801047120505
2024-05-09,3830,3855,3815,3815,779590,-0.003916449086161844
2024-05-10,3850,3870,3800,3810,1073403,-0.001310615989515096
2024-05-13,3840,3840,3765,3775,688783,-0.009186351706036766
2024-05-14,3770,3830,3745,3780,841247,0.0013245033112583293
2024-05-16,3815,3835,3755,3760,914775,-0.005291005291005346
2024-05-17,3750,3755,3700,3705,910111,-0.0146276595744681
2024-05-20,3700,3750,3695,3725,627236,0.005398110661268607
2024-05-21,3705,3725,3655,3660,896114,-0.01744966442953022
2024-05-22,3670,3720,3640,3695,617914,0.0095628415300546
2024-05-23,3660,3695,3650,3655,678234,-0.010825439783491153
2024-05-24,3635,3640,3600,3625,901283,-0.008207934336525335
2024-05-27,3635,3720,3635,3715,975619,0.024827586206896513
2024-05-28,3715,3740,3675,3725,950793,0.0026917900403768957
2024-05-29,3720,3755,3685,3705,1175271,-0.005369127516778538
2024-05-30,3695,3695,3640,3650,829995,-0.014844804318488558
2024-05-31,3625,3720,3625,3655,1652499,0.00136986301369868
2024-06-03,3690,3765,3690,3735,1057530,0.02188782489740082
2024-06-04,3710,3730,3660,3665,831983,-0.018741633199464536
2024-06-05,3675,3695,3635,3645,808407,-0.00545702592087316
2024-06-07,3645,3680,3645,3650,666049,0.00137174211248281
2024-06-10,3640,3660,3610,3630,942046,-0.005479452054794498
2024-06-11,3650,3665,3620,3625,534113,-0.0013774104683195176
2024-06-12,3615,3645,3615,3620,621219,-0.0013793103448276334
2024-06-13,3630,3705,3630,3640,1349858,0.005524861878453136
2024-06-14,3640,3720,3635,3715,1187319,0.02060439560439553
2024-06-17,3730,3790,3690,3720,1333930,0.0013458950201883368
2024-06-18,3685,3720,3660,3660,884561,-0.016129032258064502
2024-06-19,3660,3755,3645,3705,1185171,0.012295081967213184
2024-06-20,3710,3890,3690,3835,2999680,0.03508771929824572
2024-06-21,3600,3850,3600,3780,1529881,-0.014341590612777066
2024-06-24,3780,3780,3710,3710,769468,-0.01851851851851849
2024-06-25,3735,3750,3685,3725,523299,0.0040431266846361336
2024-06-26,3725,3725,3690,3700,570849,-0.006711409395973145
2024-06-27,3680,3690,3640,3650,667522,-0.013513513513513487
2024-06-28,3650,3725,3645,3720,672447,0.019178082191780854
2024-07-01,3715,3815,3695,3810,1336380,0.024193548387096753
2024-07-02,3785,3795,3705,3735,861944,-0.019685039370078705
2024-07-03,3740,3765,3680,3690,827070,-0.012048192771084376
2024-07-04,3690,3730,3685,3720,517872,0.008130081300812941
2024-07-05,3730,3755,3690,3700,711929,-0.005376344086021501
2024-07-08,3695,3770,3695,3750,795087,0.013513513513513598
2024-07-09,3795,3970,3790,3890,4599091,0.03733333333333344
2024-07-10,3900,3910,3830,3840,1866420,-0.01285347043701801
2024-07-11,3855,3915,3830,3895,1509107,0.01432291666666674
2024-07-12,3930,4030,3900,3990,3944253,0.024390243902439046
2024-07-15,4050,4265,4035,4260,8693455,0.06766917293233088
2024-07-16,4270,4345,4065,4100,6838611,-0.03755868544600938
2024-07-17,4140,4315,4120,4180,6253263,0.019512195121951237
2024-07-18,4865,4965,4220,4250,24854545,0.01674641148325362
2024-07-19,4240,4240,4055,4120,5228831,-0.030588235294117694
2024-07-22,4120,4225,4080,4175,3873396,0.013349514563106846
2024-07-23,4150,4265,4145,4150,2600789,-0.005988023952095856
2024-07-24,4080,4125,3955,4015,3243209,-0.032530120481927716
2024-07-25,4000,4050,3955,3975,1824092,-0.00996264009962644
2024-07-26,3970,4235,3970,4220,3974702,0.06163522012578615
2024-07-29,4235,4275,4160,4215,2177179,-0.0011848341232227888
2024-07-30,4190,4195,4010,4060,3014560,-0.03677342823250296
2024-07-31,4070,4215,3980,4170,2958865,0.027093596059113212
2024-08-01,4170,4185,4075,4120,1991451,-0.011990407673860948
2024-08-02,4050,4085,3925,3985,2465883,-0.03276699029126218
2024-08-05,3915,3945,3545,3640,3560363,-0.0865746549560853
2024-08-06,3670,3815,3660,3705,2578908,0.017857142857142794
2024-08-07,3705,3760,3675,3680,1850661,-0.006747638326585648
2024-08-08,3645,3885,3625,3885,3100275,0.05570652173913038
2024-08-09,3920,4040,3855,3980,2362739,0.024453024453024552
2024-08-12,4020,4060,3940,4040,1603497,0.015075376884422065
2024-08-13,4020,4065,3910,3940,1217653,-0.024752475247524774
2024-08-14,3970,3985,3880,3980,1389558,0.010152284263959421
2024-08-16,4000,4020,3950,3950,1293165,-0.007537688442211032
2024-08-19,3950,3970,3905,3955,1427379,0.0012658227848101333
2024-08-20,3980,4175,3950,4120,3417643,0.041719342604298326
2024-08-21,4130,4285,4085,4240,3874476,0.029126213592232997
2024-08-22,4270,4280,4135,4185,1973785,-0.01297169811320753
2024-08-23,4200,4260,4180,4230,1825846,0.010752688172043001
2024-08-26,4285,4320,4220,4260,2471435,0.007092198581560183
2024-08-27,4250,4255,4170,4230,1489828,-0.007042253521126751
2024-08-28,4250,4250,4010,4025,2482148,-0.048463356973995286
2024-08-29,4035,4045,3985,4000,1264649,-0.006211180124223614
2024-08-30,4005,4030,3940,4030,2079301,0.007500000000000062
2024-09-02,4055,4060,3985,4045,1198109,0.003722084367245637
2024-09-03,4065,4070,3990,4000,1052715,-0.011124845488257096
2024-09-04,3900,3955,3865,3905,1623283,-0.02375000000000005
2024-09-05,3920,3955,3825,3860,1105171,-0.011523687580025643
2024-09-06,3860,3880,3760,3850,1035570,-0.002590673575129543
2024-09-09,3760,3850,3755,3840,971746,-0.0025974025974025983
2024-09-10,3850,3870,3780,3780,786887,-0.015625
2024-09-11,3800,3810,3745,3770,947036,-0.002645502645502673
2024-09-12,3795,3940,3795,3940,1354073,0.04509283819628651
2024-09-13,3980,4030,3940,3995,1178051,0.013959390862944066
2024-09-19,4055,4085,3980,4015,1338037,0.005006257822277815
2024-09-20,4060,4065,3940,3960,1698653,-0.013698630136986356
2024-09-23,3985,3995,3865,3875,1508844,-0.02146464646464652
2024-09-24,3890,3975,3880,3975,1017323,0.02580645161290329
2024-09-25,4005,4020,3900,3900,984238,-0.018867924528301883
2024-09-26,3910,3940,3880,3930,1035824,0.007692307692307665
2024-09-27,3920,3945,3860,3865,1375070,-0.01653944020356235
2024-09-30,3870,3895,3820,3830,1037577,-0.009055627425614499
2024-10-02,3800,3825,3745,3765,810962,-0.016971279373368175
2024-10-04,3735,3790,3730,3745,795351,-0.005312084993359889
2024-10-07,3745,3810,3720,3795,599894,0.013351134846461887
2024-10-08,3770,3845,3770,3790,500142,-0.0013175230566534468
2024-10-10,3805,3820,3760,3760,1002792,-0.0079155672823219
2024-10-11,3800,3865,3770,3790,703429,0.007978723404255428
2024-10-14,3775,3800,3740,3790,726878,0.0
2024-10-15,3780,3820,3765,3770,527318,-0.00527704485488123
2024-10-16,3750,3780,3720,3745,596063,-0.006631299734747964
2024-10-17,3750,3860,3750,3820,1020407,0.020026702269692942
2024-10-18,3825,3825,3770,3780,698310,-0.010471204188481686
2024-10-21,3880,3880,3780,3795,819363,0.003968253968253954
2024-10-22,3775,3800,3700,3705,1213701,-0.02371541501976282
2024-10-23,3720,3730,3655,3655,1156913,-0.013495276653171406
2024-10-24,3640,3665,3610,3635,844204,-0.005471956224350261
2024-10-25,3630,3645,3585,3620,785193,-0.004126547455295726
2024-10-28,3600,3680,3600,3675,493135,0.015193370165745845
2024-10-29,3680,3685,3640,3660,422084,-0.004081632653061273
2024-10-30,3670,3715,3630,3645,629080,-0.004098360655737654
2024-10-31,3565,3575,3525,3535,1651288,-0.03017832647462282
2024-11-01,3525,3560,3520,3540,486146,0.0014144271570013522
2024-11-04,3530,3620,3520,3600,570610,0.016949152542372836
2024-11-05,3575,3630,3555,3595,741889,-0.001388888888888884
2024-11-06,3610,3720,3575,3720,1395594,0.03477051460361613
2024-11-07,3730,3735,3600,3670,1070981,-0.013440860215053752
2024-11-08,3695,3705,3660,3705,657950,0.0095367847411445
2024-11-11,3700,3735,3610,3610,930175,-0.02564102564102566
2024-11-12,3585,3680,3545,3585,1174273,-0.006925207756232732
2024-11-13,3540,3600,3375,3445,1244120,-0.03905160390516038
2024-11-14,3440,3700,3430,3700,1232798,0.07402031930333819
2024-11-15,3660,3660,3545,3585,927225,-0.031081081081081097
2024-11-18,3555,3630,3555,3600,985511,0.004184100418409997
2024-11-19,3600,3625,3555,3590,988799,-0.002777777777777768
2024-11-20,3575,3600,3560,3570,434869,-0.005571030640668551
2024-11-21,3575,3635,3560,3605,556597,0.009803921568627416
2024-11-22,3600,3660,3600,3625,626439,0.00554785020804438
2024-11-25,3645,3715,3625,3715,916897,0.024827586206896513
2024-11-26,3680,3760,3620,3745,1117562,0.008075370121130465
2024-11-27,3715,3765,3710,3740,750800,-0.001335113484646211
2024-11-28,3750,3775,3690,3745,616451,0.0013368983957218195
2024-11-29,3745,3745,3635,3690,619684,-0.014686248331108098
2024-12-02,3680,3735,3625,3630,590578,-0.016260162601625994
2024-12-03,3655,3705,3635,3695,764904,0.017906336088154173
2024-12-04,3610,3640,3515,3535,1505134,-0.043301759133964834
2024-12-05,3530,3550,3420,3420,1020303,-0.032531824611032545
2024-12-06,3395,3455,3305,3415,1200135,-0.0014619883040936088
2024-12-09,3335,3365,3170,3180,1456252,-0.06881405563689602
2024-12-10,3180,3370,3180,3355,836932,0.055031446540880546
2024-12-11,3340,3425,3330,3425,458229,0.02086438152011927
2024-12-12,3445,3465,3355,3465,1090036,0.011678832116788218
2024-12-13,3435,3455,3390,3415,636981,-0.01443001443001446
2024-12-16,3415,3435,3370,3370,647287,-0.013177159590043952
2024-12-17,3370,3410,3315,3335,795903,-0.010385756676557834
2024-12-18,3350,3355,3325,3340,394197,0.0014992503748125774
2024-12-19,3280,3300,3245,3285,553298,-0.01646706586826352
2024-12-20,3300,3305,3225,3300,692745,0.004566210045662045
2024-12-23,3285,3345,3275,3335,462718,0.010606060606060508
2024-12-24,3315,3355,3310,3310,385086,-0.007496251874062998
2024-12-26,3320,3325,3225,3235,663868,-0.0226586102719033
2024-12-27,3205,3225,3140,3160,929184,-0.023183925811437356
2024-12-30,3105,3235,3105,3105,905485,-0.017405063291139222
2025-01-02,3115,3140,3085,3095,462381,-0.0032206119162641045
2025-01-03,3090,3225,3085,3205,613135,0.035541195476575194
2025-01-06,3205,3250,3175,3235,571288,0.009360374414976613
2025-01-07,3235,3280,3230,3245,411407,0.0030911901081915882
2025-01-08,3255,3260,3215,3225,345875,-0.006163328197226536
2025-01-09,3210,3230,3160,3230,822651,0.0015503875968991832
2025-01-10,3210,3275,3200,3270,698556,0.01238390092879249
2025-01-13,3260,3275,3145,3190,1043256,-0.024464831804281384
2025-01-14,3170,3175,3125,3135,600899,-0.017241379310344862
2025-01-15,3135,3160,3085,3090,967668,-0.014354066985645897
2025-01-16,3115,3140,3090,3130,809030,0.012944983818770295
2025-01-17,3135,3165,3110,3120,1041458,-0.0031948881789137795
2025-01-20,3140,3150,3115,3140,463585,0.0064102564102563875
2025-01-21,3145,3170,3120,3145,647063,0.0015923566878981443
2025-01-22,3160,3245,3130,3205,1496951,0.019077901430842648
2025-01-23,3210,3285,3155,3180,1601596,-0.007800312012480548
2025-01-24,3180,3375,3170,3370,2898877,0.05974842767295607
2025-01-31,3370,3415,3300,3375,1835801,0.0014836795252226587
2025-02-03,3360,3360,3180,3200,1408761,-0.051851851851851816
2025-02-04,3245,3315,3200,3215,1008622,0.004687499999999956
2025-02-05,3215,3290,3215,3225,683073,0.0031104199066873672
2025-02-06,3290,3420,3285,3360,1843821,0.041860465116279055
2025-02-07,3325,3405,3315,3330,1022156,-0.008928571428571397
2025-02-10,3340,3435,3340,3380,1041905,0.01501501501501501
2025-02-11,3380,3450,3350,3440,970117,0.01775147928994092
2025-02-12,3435,3435,3385,3415,489223,-0.007267441860465129
2025-02-13,3460,3610,3445,3580,2760090,0.04831625183016097
2025-02-14,3600,3615,3545,3595,1205362,0.0041899441340782495
2025-02-17,3595,3605,3560,3580,722495,-0.004172461752433909
2025-02-18,3595,3735,3570,3725,2236264,0.0405027932960893
2025-02-19,3755,3760,3660,3720,1328037,-0.0013422818791946067
2025-02-20,3720,3720,3565,3595,1577379,-0.03360215053763438
2025-02-21,3575,3615,3535,3555,619744,-0.011126564673157202
2025-02-24,3550,3595,3505,3590,689413,0.009845288326300938
2025-02-25,3570,3625,3545,3580,750683,-0.0027855153203342198
2025-02-26,3565,3600,3535,3595,941019,0.0041899441340782495
2025-02-27,3585,3605,3535,3570,671959,-0.006954102920723182
2025-02-28,3520,3520,3390,3390,1458860,-0.050420168067226934
2025-03-04,3340,3380,3200,3290,996942,-0.029498525073746285
2025-03-05,3290,3490,3290,3465,881911,0.05319148936170204
2025-03-06,3505,3515,3470,3500,573191,0.010101010101010166
2025-03-07,3500,3595,3445,3545,601828,0.0128571428571429
2025-03-10,3550,3565,3490,3555,555660,0.0028208744710860323
2025-03-11,3500,3500,3420,3435,681620,-0.03375527426160341
2025-03-12,3450,3515,3450,3490,533248,0.01601164483260553
2025-03-13,3510,3540,3450,3450,600545,-0.011461318051575908
2025-03-14,3480,3515,3420,3465,380325,0.004347826086956497
2025-03-17,3470,3480,3425,3480,392845,0.0043290043290042934
2025-03-18,3480,3510,3465,3495,315370,0.004310344827586299
2025-03-19,3505,3570,3360,3380,1443458,-0.03290414878397707
2025-03-20,3395,3420,3300,3320,1242281,-0.017751479289940808
2025-03-21,3325,3340,3250,3250,4133209,-0.02108433734939763
2025-03-24,3260,3345,3250,3270,677762,0.006153846153846176
2025-03-25,3280,3325,3255,3290,438321,0.006116207951070374
2025-03-26,3340,3340,3270,3270,408607,-0.006079027355623046
2025-03-27,3285,3330,3260,3275,335544,0.001529051987767538
2025-03-28,3275,3295,3200,3210,628810,-0.01984732824427482
2025-03-31,3160,3185,3130,3150,809936,-0.01869158878504673
2025-04-01,3180,3215,3150,3205,664700,0.0174603174603174
2025-04-02,3195,3210,3150,3160,824633,-0.01404056162246492
2025-04-03,3105,3180,3065,3180,544715,0.006329113924050667
2025-04-04,3125,3190,3110,3190,668016,0.003144654088050425
2025-04-07,3100,3105,3000,3015,1157219,-0.054858934169279006
2025-04-08,3035,3100,3025,3035,747943,0.0066334991708125735
2025-04-09,2990,3040,2940,2970,790287,-0.021416803953871466
2025-04-10,3080,3150,3045,3150,846239,0.06060606060606055
2025-04-11,3105,3195,3075,3195,469827,0.014285714285714235
2025-04-14,3210,3220,3180,3200,300352,0.0015649452269170805
2025-04-15,3205,3265,3205,3265,527474,0.020312499999999956
2025-04-16,3240,3290,3230,3245,370676,-0.006125574272588086
2025-04-17,3225,3245,3190,3245,615436,0.0
2025-04-18,3250,3305,3245,3295,405520,0.015408320493066174
2025-04-21,3315,3340,3270,3290,428361,-0.0015174506828528056
2025-04-22,3270,3295,3235,3245,461731,-0.01367781155015202
2025-04-23,3280,3300,3260,3280,517936,0.01078582434514641
2025-04-24,3270,3310,3260,3295,382198,0.004573170731707377
2025-04-25,3395,3410,3340,3375,825527,0.02427921092564489
2025-04-28,3395,3505,3385,3455,1384329,0.023703703703703782
2025-04-29,3490,3580,3430,3520,1709574,0.01881331403762654
2025-04-30,3540,3585,3485,3545,1201955,0.007102272727272707
2025-05-02,3700,3700,3565,3600,1941861,0.015514809590973178
2025-05-07,3410,3545,3410,3480,1593579,-0.033333333333333326
2025-05-08,3480,3580,3480,3500,1047007,0.005747126436781658
2025-05-09,3545,3545,3475,3475,901995,-0.0071428571428571175
2025-05-12,3530,3715,3515,3700,2330979,0.06474820143884896
2025-05-13,3685,3705,3640,3690,785402,-0.002702702702702675
2025-05-14,3705,3725,3635,3645,1301907,-0.012195121951219523
2025-05-15,3630,3645,3605,3605,574745,-0.010973936899862813
2025-05-16,3620,3730,3615,3685,1435978,0.02219140083217752
2025-05-19,3665,3745,3635,3670,1306214,-0.004070556309362261
2025-05-20,3705,3825,3685,3790,1691130,0.032697547683923744
2025-05-21,3805,3865,3750,3785,1413292,-0.0013192612137202797
2025-05-22,3755,3770,3705,3730,842527,-0.014531043593130732
2025-05-23,3800,4000,3790,3930,3841026,0.0536193029490617
2025-05-26,4045,4045,3875,4025,2742868,0.024173027989821794
2025-05-27,4000,4045,3975,4045,1152427,0.00496894409937898
2025-05-28,4100,4325,4085,4190,5473118,0.03584672435105074
2025-05-29,4210,4285,4160,4260,2145625,0.01670644391408116
2025-05-30,4230,4245,4115,4215,2095898,-0.010563380281690127
2025-06-02,4275,4275,4120,4165,1696835,-0.011862396204033177
2025-06-04,4225,4440,4180,4395,2859570,0.055222088835534144
2025-06-05,4805,4805,4440,4535,6503096,0.03185437997724683
2025-06-09,4590,4655,4450,4470,2921367,-0.01433296582138921
2025-06-10,4420,4565,4400,4475,3254048,0.0011185682326622093
2025-06-11,4475,4480,4360,4440,1989604,-0.007821229050279377
2025-06-12,4505,4595,4455,4515,3689225,0.016891891891891886
2025-06-13,4500,4505,4285,4345,2203738,-0.03765227021040973
2025-06-16,4295,4620,4275,4610,3586323,0.06098964326812428
2025-06-17,4680,4680,4440,4530,2363196,-0.017353579175705014
2025-06-18,4485,4520,4390,4455,1766131,-0.01655629139072845
2025-06-19,4445,4460,4280,4395,2088882,-0.013468013468013518
2025-06-20,4420,4425,4245,4255,2223374,-0.03185437997724683
2025-06-23,4135,4240,4125,4165,2152600,-0.021151586368977626
2025-06-24,4315,4345,4195,4240,1698093,0.01800720288115243
2025-06-25,4310,4585,4270,4360,4465856,0.028301886792452935
2025-06-26,4385,4395,4150,4340,2139677,-0.004587155963302725
2025-06-27,4330,4350,4200,4240,1472328,-0.02304147465437789
2025-06-30,4225,4265,4150,4180,1372041,-0.014150943396226467
2025-07-01,4195,4370,4190,4225,2070319,0.010765550239234534
2025-07-02,4265,4270,4085,4160,1701874,-0.01538461538461533
2025-07-03,4180,4230,4145,4180,1065315,0.004807692307692291
2025-07-04,4240,4255,4085,4095,1047721,-0.020334928229665095
2025-07-07,4050,4080,3980,4035,1498818,-0.0146520146520146
2025-07-08,4045,4115,4030,4100,1182341,0.01610904584882289
2025-07-09,4130,4175,4075,4175,1043541,0.018292682926829285
2025-07-10,4180,4195,4115,4155,1234374,-0.004790419161676662
2025-07-11,4160,4190,4075,4095,1321996,-0.014440433212996373
2025-07-14,4090,4135,4070,4130,642854,0.008547008547008517
2025-07-15,4140,4170,4080,4130,1027068,0.0
2025-07-16,4110,4130,4000,4005,1238700,-0.030266343825665842
2025-07-17,4040,4045,3975,4030,915607,0.006242197253433224
2025-07-18,4040,4045,3970,4015,920653,-0.003722084367245637
2025-07-21,4015,4015,3975,3995,661068,-0.00498132004981322
2025-07-22,3985,3990,3940,3965,965412,-0.007509386733416723
2025-07-23,3965,4000,3915,3960,852518,-0.0012610340479193294
2025-07-24,3950,4010,3885,3915,1278321,-0.011363636363636354
2025-07-25,3835,3930,3835,3920,996753,0.0012771392081736277
2025-07-28,3905,3940,3805,3810,1338370,-0.028061224489795866
2025-07-29,3800,3905,3705,3905,1797200,0.02493438320209984
2025-07-30,3875,3875,3765,3800,1561655,-0.02688860435339313
2025-07-31,3795,3835,3750,3750,2213713,-0.013157894736842146
2025-08-01,3715,3750,3655,3665,1355263,-0.022666666666666613
2025-08-04,3665,3770,3630,3730,772138,0.017735334242837686
2025-08-05,3745,3805,3740,3765,613584,0.009383378016085686
2025-08-06,3740,3880,3740,3840,933686,0.019920318725099584
2025-08-07,3845,3850,3785,3810,789430,-0.0078125
2025-08-08,3815,3850,3800,3830,666135,0.005249343832020914
2025-08-11,3845,3845,3740,3800,823870,-0.007832898172323799
2025-08-12,3795,3845,3745,3765,800328,-0.009210526315789447
2025-08-13,3770,3780,3690,3735,1076169,-0.007968127490039834
2025-08-14,3735,3775,3705,3730,585561,-0.0013386880856760541
2025-08-18,3705,3730,3685,3700,418319,-0.008042895442359255
2025-08-19,3730,3740,3670,3695,982691,-0.0013513513513513375
2025-08-20,3650,3685,3540,3675,1653820,-0.005412719891745632
2025-08-21,3700,4255,3685,4155,12983812,0.1306122448979592
2025-08-22,4170,4440,4135,4370,8515954,0.05174488567990365
2025-08-25,4390,4430,4270,4300,2840971,-0.016018306636155555
2025-08-26,4150,4160,3850,3850,9388453,-0.10465116279069764
2025-08-27,3905,3910,3780,3810,2835363,-0.010389610389610393
2025-08-28,3790,3820,3760,3795,1555866,-0.003937007874015741
2025-08-29,3755,3795,3710,3720,2181985,-0.01976284584980237
2025-09-01,3720,3725,3630,3645,1340105,-0.020161290322580627
2025-09-02,3670,3700,3620,3680,758796,0.009602194787379892
2025-09-03,3660,3705,3635,3655,922429,-0.006793478260869512
2025-09-04,3695,3825,3690,3805,2043267,0.041039671682626455
2025-09-05,3830,3830,3750,3770,1179791,-0.009198423127463884
2025-09-08,3800,3880,3795,3830,1213818,0.01591511936339529
2025-09-09,3840,3840,3790,3825,752978,-0.0013054830287205776
2025-09-10,3750,3790,3745,3785,923251,-0.010457516339869244
2025-09-11,3785,3815,3765,3780,1130380,-0.0013210039630119352
2025-09-12,3805,3805,3755,3790,950172,0.002645502645502562
2025-09-15,3785,3815,3765,3800,899440,0.0026385224274405594
2025-09-16,3810,3845,3740,3760,1824214,-0.010526315789473717
2025-09-17,3755,3760,3700,3710,1044228,-0.013297872340425565
2025-09-18,3720,3725,3700,3725,752628,0.0040431266846361336
2025-09-19,3720,3740,3670,3740,1440412,0.00402684563758382
2025-09-22,3740,3740,3685,3685,739179,-0.014705882352941124
