Date,Open,High,Low,Close,Volume,Change
2022-01-03,2820,2850,2815,2815,55016,-0.0017730496453900457
2022-01-04,2845,2870,2825,2870,37916,0.019538188277087087
2022-01-05,2870,2880,2835,2855,42735,-0.005226480836236891
2022-01-06,2830,2840,2800,2840,30901,-0.005253940455341555
2022-01-07,2840,3020,2840,2985,235485,0.051056338028169
2022-01-10,2990,3075,2955,3030,133914,0.015075376884422065
2022-01-11,3030,3080,2985,2990,82285,-0.01320132013201325
2022-01-12,2990,3035,2960,3005,74547,0.0050167224080268635
2022-01-13,3035,3040,2925,2940,74376,-0.021630615640598982
2022-01-14,2940,3175,2940,3050,215417,0.03741496598639449
2022-01-17,3050,3320,3050,3140,626977,0.029508196721311553
2022-01-18,3105,3125,2880,2880,168569,-0.08280254777070062
2022-01-19,2880,2965,2875,2910,86111,0.01041666666666674
2022-01-20,2880,3010,2880,3000,64579,0.030927835051546282
2022-01-21,3030,3030,2955,3000,51123,0.0
2022-01-24,2875,2940,2755,2765,181248,-0.07833333333333337
2022-01-25,2765,2790,2640,2645,89937,-0.04339963833634719
2022-01-26,2600,2685,2600,2655,50562,0.003780718336483968
2022-01-27,2650,2685,2550,2565,45353,-0.03389830508474578
2022-01-28,2595,2670,2505,2670,51349,0.040935672514619936
2022-02-03,2680,2805,2680,2790,63288,0.04494382022471921
2022-02-04,2795,2890,2795,2875,64950,0.03046594982078843
2022-02-07,2875,2950,2875,2940,36550,0.022608695652173827
2022-02-08,2955,3025,2940,2940,109468,0.0
2022-02-09,2985,3090,2940,3040,131905,0.03401360544217691
2022-02-10,3050,3180,3010,3040,95274,0.0
2022-02-11,3040,3215,2960,3045,89245,0.00164473684210531
2022-02-14,3000,3005,2915,2915,33698,-0.04269293924466333
2022-02-15,2885,2970,2825,2825,47227,-0.030874785591766707
2022-02-16,2850,2930,2840,2925,29869,0.03539823008849563
2022-02-17,2940,2990,2880,2930,55464,0.0017094017094017033
2022-02-18,2920,3045,2800,3000,95497,0.023890784982935065
2022-02-21,3000,3045,2975,3030,44608,0.010000000000000009
2022-02-22,3030,3030,2855,2875,68704,-0.051155115511551164
2022-02-23,2850,2970,2850,2955,63651,0.027826086956521667
2022-02-24,2955,3045,2880,2935,107443,-0.006768189509306244
2022-02-25,2920,2980,2920,2935,35051,0.0
2022-02-28,2935,2965,2920,2950,32224,0.005110732538330387
2022-03-02,2955,3000,2945,2990,37097,0.013559322033898313
2022-03-03,3195,3380,2980,2995,429619,0.0016722408026756952
2022-03-04,3000,3010,2960,2980,55335,-0.005008347245408995
2022-03-07,2975,3025,2870,2885,67916,-0.03187919463087252
2022-03-08,2860,2865,2760,2790,89233,-0.032928942807625705
2022-03-10,2830,2965,2830,2930,103813,0.05017921146953408
2022-03-11,2960,3085,2930,3040,116446,0.03754266211604085
2022-03-14,3050,3165,3020,3150,134588,0.03618421052631571
2022-03-15,3145,3245,3085,3190,114236,0.012698412698412653
2022-03-16,3190,3250,3120,3175,88184,-0.00470219435736674
2022-03-17,3250,3330,3165,3325,110412,0.04724409448818889
2022-03-18,3325,3345,3250,3310,48284,-0.004511278195488688
2022-03-21,3345,3370,3275,3330,72617,0.0060422960725075026
2022-03-22,3290,3365,3240,3250,67374,-0.024024024024024038
2022-03-23,3215,3265,3200,3230,43867,-0.006153846153846176
2022-03-24,3215,3350,3215,3325,67210,0.02941176470588225
2022-03-25,3345,3410,3340,3365,81482,0.012030075187969835
2022-03-28,3365,3375,3230,3255,63293,-0.03268945022288261
2022-03-29,3255,3270,3215,3250,23259,-0.001536098310291889
2022-03-30,3250,3265,3190,3195,62000,-0.01692307692307693
2022-03-31,3195,3410,3195,3380,82143,0.05790297339593109
2022-04-01,3380,3585,3300,3540,249480,0.047337278106508895
2022-04-04,3720,3925,3550,3925,685399,0.10875706214689274
2022-04-05,4020,4100,3900,4100,269678,0.04458598726114649
2022-04-06,4100,4100,3745,3825,218800,-0.06707317073170727
2022-04-07,3825,3875,3780,3815,82698,-0.002614379084967311
2022-04-08,3815,3815,3625,3815,68508,0.0
2022-04-11,3815,3975,3815,3850,78634,0.00917431192660545
2022-04-12,3850,3950,3705,3845,49721,-0.0012987012987012436
2022-04-13,3845,3875,3795,3875,38520,0.007802340702210753
2022-04-14,3980,3990,3875,3920,76861,0.011612903225806548
2022-04-15,3930,3965,3660,3665,93438,-0.06505102040816324
2022-04-18,3670,3895,3670,3840,75576,0.04774897680763979
2022-04-19,3820,3940,3790,3880,72078,0.01041666666666674
2022-04-20,3920,4025,3905,3995,127381,0.029639175257731853
2022-04-21,4010,4035,3885,3900,101691,-0.02377972465581979
2022-04-22,3900,3960,3745,3830,59386,-0.017948717948717996
2022-04-25,3790,3790,3655,3690,65620,-0.036553524804177506
2022-04-26,3690,3715,3655,3670,62998,-0.005420054200542035
2022-04-27,3670,3670,3535,3560,56409,-0.02997275204359673
2022-04-28,3560,3590,3500,3575,40135,0.004213483146067398
2022-04-29,3560,3865,3560,3865,120124,0.08111888111888121
2022-05-02,3880,3970,3865,3960,91580,0.024579560155239433
2022-05-03,3960,4005,3920,3985,92999,0.0063131313131312705
2022-05-04,3985,4050,3950,3975,67525,-0.0025094102885822034
2022-05-06,3935,3965,3760,3955,39670,-0.005031446540880502
2022-05-09,3895,3895,3700,3720,31402,-0.05941845764854614
2022-05-10,3700,3705,3465,3630,69156,-0.024193548387096753
2022-05-11,3600,3670,3405,3440,85506,-0.052341597796143224
2022-05-12,3500,3540,3405,3405,84990,-0.01017441860465118
2022-05-13,3370,3540,3370,3410,86527,0.001468428781204123
2022-05-16,3510,3565,3430,3455,59279,0.01319648093841641
2022-05-17,3470,3630,3470,3495,57062,0.011577424023154759
2022-05-18,3495,3980,3455,3455,478077,-0.011444921316165924
2022-05-19,3425,3425,3225,3295,144597,-0.04630969609261937
2022-05-20,3300,3560,3300,3410,92537,0.03490136570561453
2022-05-23,3445,3500,3390,3410,52165,0.0
2022-05-24,3415,3425,3210,3210,84377,-0.058651026392961825
2022-05-25,3210,3325,3180,3300,60066,0.028037383177569986
2022-05-26,3300,3390,3275,3390,52703,0.027272727272727337
2022-05-27,3390,3500,3355,3410,62484,0.005899705014749346
2022-05-30,3420,3500,3390,3500,54622,0.02639296187683282
2022-05-31,3500,3535,3360,3500,94137,0.0
2022-06-02,3500,3500,3350,3500,109272,0.0
2022-06-03,3500,3765,3490,3710,154422,0.06000000000000005
2022-06-07,3710,3710,3575,3580,102618,-0.035040431266846306
2022-06-08,3535,3535,3395,3395,56152,-0.0516759776536313
2022-06-09,3395,3395,3350,3395,52066,0.0
2022-06-10,3395,3395,3280,3315,68905,-0.02356406480117823
2022-06-13,3220,3265,2975,3040,69328,-0.0829562594268477
2022-06-14,2935,3040,2795,2965,83560,-0.024671052631578982
2022-06-15,2935,2935,2810,2900,77193,-0.021922428330522714
2022-06-16,2900,2990,2880,2900,70179,0.0
2022-06-17,2845,2880,2705,2835,61039,-0.022413793103448265
2022-06-20,2835,2905,2720,2720,65969,-0.040564373897707284
2022-06-21,2710,2810,2710,2810,31546,0.03308823529411775
2022-06-22,2835,2870,2780,2850,56711,0.014234875444839812
2022-06-23,2835,3240,2540,2620,1566391,-0.08070175438596494
2022-06-24,2535,2715,2400,2710,131889,0.03435114503816794
2022-06-27,2800,2850,2720,2830,91723,0.04428044280442811
2022-06-28,2835,2910,2835,2845,59423,0.005300353356890497
2022-06-29,2845,2940,2845,2935,81132,0.03163444639718804
2022-06-30,2965,2980,2800,2825,96998,-0.03747870528109032
2022-07-01,2795,2810,2730,2735,59696,-0.031858407079646045
2022-07-04,2710,2755,2675,2725,76612,-0.003656307129798919
2022-07-05,2720,2920,2710,2920,66860,0.071559633027523
2022-07-06,2950,3240,2875,2900,346172,-0.006849315068493178
2022-07-07,2900,2945,2900,2920,31072,0.006896551724137945
2022-07-08,2920,2965,2920,2920,48674,0.0
2022-07-11,2920,3085,2920,3025,69936,0.03595890410958913
2022-07-12,3025,3240,3025,3035,188140,0.0033057851239668423
2022-07-13,3035,3125,3035,3090,49465,0.01812191103789118
2022-07-14,3090,3195,3090,3170,55582,0.025889967637540368
2022-07-15,3170,3170,3070,3070,31435,-0.03154574132492116
2022-07-18,3070,3180,3070,3135,32492,0.021172638436482094
2022-07-19,3135,3175,3135,3140,19918,0.0015948963317384823
2022-07-20,3155,3220,3145,3175,21982,0.011146496815286566
2022-07-21,3180,3220,3160,3160,19997,-0.0047244094488189115
2022-07-22,3160,3215,3135,3170,19317,0.0031645569620253333
2022-07-25,3170,3200,3170,3175,17445,0.001577287066246047
2022-07-26,3175,3240,3175,3205,13462,0.009448818897637823
2022-07-27,3205,3280,3205,3240,28385,0.010920436817472678
2022-07-28,3245,3380,3245,3335,35450,0.029320987654321007
2022-07-29,3335,3435,3275,3435,59049,0.02998500749625177
2022-08-01,3435,3435,3275,3385,42742,-0.01455604075691408
2022-08-02,3385,3415,3200,3220,37667,-0.048744460856720795
2022-08-03,3220,3540,3200,3255,132661,0.010869565217391353
2022-08-04,3285,3440,3255,3360,53377,0.032258064516129004
2022-08-05,3360,3520,3360,3505,60908,0.04315476190476186
2022-08-08,3505,3540,3470,3495,33101,-0.0028530670470755526
2022-08-09,3495,3535,3425,3430,20852,-0.01859799713876964
2022-08-10,3430,3465,3330,3330,26855,-0.029154518950437303
2022-08-11,3330,3370,3305,3330,32557,0.0
2022-08-12,3330,3335,3295,3300,17480,-0.009009009009009028
2022-08-16,3300,3310,3045,3070,106320,-0.0696969696969697
2022-08-17,3055,3060,2765,2910,162452,-0.05211726384364823
2022-08-18,2880,2930,2810,2845,143200,-0.022336769759450203
2022-08-19,2845,2885,2820,2820,64729,-0.008787346221441172
2022-08-22,2780,2810,2690,2695,88291,-0.04432624113475181
2022-08-23,2655,2725,2650,2725,68759,0.011131725417439675
2022-08-24,2700,2760,2695,2750,48595,0.00917431192660545
2022-08-25,2760,3000,2760,2895,150573,0.052727272727272734
2022-08-26,2895,2960,2860,2875,86465,-0.006908462867012077
2022-08-29,2845,2845,2700,2730,67462,-0.050434782608695605
2022-08-30,2705,2780,2695,2750,72146,0.0073260073260073
2022-08-31,2755,2830,2750,2760,73648,0.0036363636363636598
2022-09-01,2760,2805,2745,2745,56971,-0.005434782608695676
2022-09-02,2720,2720,2600,2675,125083,-0.025500910746812377
2022-09-05,2650,2745,2575,2630,154133,-0.016822429906542036
2022-09-06,2630,2665,2575,2660,82728,0.011406844106463865
2022-09-07,2660,2695,2630,2630,61219,-0.011278195488721776
2022-09-08,2630,2730,2615,2675,68484,0.017110266159695797
2022-09-13,2680,2750,2675,2750,75917,0.028037383177569986
2022-09-14,2720,2720,2560,2660,88617,-0.032727272727272716
2022-09-15,2660,2740,2660,2695,70954,0.013157894736842035
2022-09-16,2665,2670,2610,2620,62009,-0.0278293135435993
2022-09-19,2590,2605,2510,2545,78387,-0.028625954198473247
2022-09-20,2535,2615,2535,2570,45323,0.00982318271119853
2022-09-21,2570,2610,2550,2560,30202,-0.0038910505836575737
2022-09-22,2560,2595,2475,2580,57464,0.0078125
2022-09-23,2580,2585,2550,2560,24730,-0.007751937984496138
2022-09-26,2535,2545,2285,2340,112372,-0.0859375
2022-09-27,2265,2400,2255,2400,86818,0.02564102564102555
2022-09-28,2395,2690,2350,2390,378313,-0.004166666666666652
2022-09-29,2415,2600,2415,2460,65226,0.029288702928870203
2022-09-30,2460,2510,2340,2500,40055,0.016260162601626105
2022-10-04,2500,2500,2405,2440,122260,-0.02400000000000002
2022-10-05,2450,2480,2370,2415,106328,-0.010245901639344246
2022-10-06,2430,2610,2420,2550,53663,0.05590062111801242
2022-10-07,2550,2605,2355,2460,101437,-0.03529411764705881
2022-10-11,2450,2460,2340,2400,57307,-0.024390243902439046
2022-10-12,2375,2415,2360,2405,73792,0.002083333333333437
2022-10-13,2405,2435,2365,2395,37732,-0.004158004158004158
2022-10-14,2470,2510,2400,2435,40638,0.016701461377870652
2022-10-17,2435,2565,2435,2565,37350,0.05338809034907599
2022-10-18,2565,2690,2565,2660,57689,0.03703703703703698
2022-10-19,2660,2760,2630,2635,59654,-0.009398496240601517
2022-10-20,2645,2715,2605,2620,46181,-0.005692599620493399
2022-10-21,2595,2710,2585,2640,59279,0.007633587786259444
2022-10-24,2640,2710,2600,2605,35921,-0.013257575757575801
2022-10-25,2640,2680,2605,2650,23698,0.017274472168905985
2022-10-26,2645,2645,2540,2540,39755,-0.04150943396226414
2022-10-27,2545,2645,2545,2630,21167,0.03543307086614167
2022-10-28,2630,2640,2580,2580,16968,-0.019011406844106515
2022-10-31,2580,2615,2550,2555,28687,-0.009689922480620172
2022-11-01,2580,2680,2570,2615,20743,0.023483365949119372
2022-11-02,2615,2640,2580,2585,18851,-0.01147227533460804
2022-11-03,2585,2605,2560,2570,18833,-0.005802707930367523
2022-11-04,2570,2580,2555,2575,5802,0.0019455252918287869
2022-11-07,2580,2630,2575,2615,22880,0.01553398058252431
2022-11-08,2620,2685,2615,2670,32282,0.021032504780114758
2022-11-09,2675,2740,2670,2675,17907,0.001872659176029856
2022-11-10,2675,2740,2645,2725,53762,0.01869158878504673
2022-11-11,2735,2815,2725,2750,58252,0.00917431192660545
2022-11-14,2750,2770,2720,2760,23108,0.0036363636363636598
2022-11-15,2760,2820,2695,2770,38368,0.0036231884057971175
2022-11-16,2770,2770,2650,2735,114425,-0.012635379061371799
2022-11-17,2740,2760,2705,2755,40529,0.007312614259597838
2022-11-18,2755,2755,2670,2670,81959,-0.030852994555353952
2022-11-21,2670,2700,2615,2630,73917,-0.014981273408239737
2022-11-22,2625,2625,2570,2585,32507,-0.017110266159695797
2022-11-23,2580,2665,2570,2590,55107,0.0019342359767891004
2022-11-24,2620,2670,2610,2650,34003,0.02316602316602312
2022-11-25,2675,2715,2660,2690,31076,0.015094339622641506
2022-11-28,2750,2750,2690,2700,36517,0.0037174721189590088
2022-11-29,2630,2740,2630,2740,37917,0.014814814814814836
2022-11-30,2825,2825,2730,2795,60987,0.02007299270072993
2022-12-01,2915,2915,2795,2815,49928,0.007155635062611854
2022-12-02,2815,2830,2785,2815,39578,0.0
2022-12-05,2790,2825,2735,2750,31670,-0.023090586145648295
2022-12-06,2745,2925,2650,2895,97724,0.052727272727272734
2022-12-07,2835,2980,2805,2930,157024,0.012089810017271052
2022-12-08,2920,2925,2740,2745,69423,-0.06313993174061439
2022-12-09,2745,2835,2745,2810,31319,0.023679417122040025
2022-12-12,2840,2890,2810,2830,56704,0.007117437722419906
2022-12-13,2830,2830,2720,2800,36244,-0.010600706713780883
2022-12-14,2800,2915,2795,2855,68295,0.019642857142857073
2022-12-15,2860,2880,2855,2865,51284,0.003502626970227629
2022-12-16,2840,2865,2770,2790,42826,-0.02617801047120416
2022-12-19,2760,2795,2735,2790,35243,0.0
2022-12-20,2775,2790,2670,2740,30232,-0.017921146953404965
2022-12-21,2715,2740,2680,2735,23714,-0.0018248175182481452
2022-12-22,2735,2775,2735,2770,21296,0.01279707495429605
2022-12-23,2785,2785,2740,2760,32367,-0.0036101083032491488
2022-12-26,2760,2760,2670,2695,42596,-0.023550724637681153
2022-12-27,2670,2695,2630,2690,48799,-0.0018552875695733162
2022-12-28,2715,2745,2700,2745,13156,0.020446096654274992
2022-12-29,2715,2720,2635,2635,24909,-0.04007285974499086
2023-01-02,2595,2635,2595,2605,34328,-0.011385199240986688
2023-01-03,2595,2605,2500,2585,41322,-0.007677543186180413
2023-01-04,2555,2775,2555,2675,79130,0.03481624758220514
2023-01-05,2700,2755,2675,2715,38518,0.01495327102803734
2023-01-06,2715,2765,2700,2725,24949,0.0036832412523020164
2023-01-09,2705,2740,2695,2725,24731,0.0
2023-01-10,2725,2790,2695,2730,42686,0.0018348623853210455
2023-01-11,2745,2855,2715,2760,196855,0.01098901098901095
2023-01-12,2770,2780,2710,2750,66356,-0.0036231884057971175
2023-01-13,2750,2800,2695,2725,66401,-0.009090909090909038
2023-01-16,2715,2725,2695,2705,32925,-0.007339449541284404
2023-01-17,2705,2735,2700,2700,43541,-0.001848428835489857
2023-01-18,2700,2730,2670,2720,32257,0.007407407407407307
2023-01-19,2710,2720,2660,2675,28056,-0.016544117647058876
2023-01-20,2675,2705,2645,2700,29305,0.009345794392523255
2023-01-25,2700,2710,2675,2675,31714,-0.0092592592592593
2023-01-26,2690,2725,2680,2710,27084,0.013084112149532645
2023-01-27,2710,2735,2690,2695,23697,-0.005535055350553542
2023-01-30,2705,2740,2685,2695,17882,0.0
2023-01-31,2695,2940,2675,2750,109729,0.020408163265306145
2023-02-01,2765,2785,2730,2755,35087,0.0018181818181817189
2023-02-02,2755,2815,2755,2795,29339,0.014519056261343088
2023-02-03,2800,2810,2765,2765,56652,-0.01073345259391767
2023-02-06,2765,2825,2735,2815,20136,0.018083182640144635
2023-02-07,2785,2790,2765,2765,12292,-0.017761989342806372
2023-02-08,2765,2765,2745,2755,15610,-0.003616636528028905
2023-02-09,2765,2765,2740,2760,18109,0.001814882032667775
2023-02-10,2760,2765,2725,2725,23190,-0.0126811594202898
2023-02-13,2725,2740,2700,2715,10589,-0.003669724770642202
2023-02-14,2715,2715,2680,2695,17903,-0.007366482504604033
2023-02-15,2670,2715,2635,2710,41125,0.005565862708719838
2023-02-16,2695,2735,2690,2730,21535,0.007380073800737907
2023-02-17,2735,2755,2710,2715,18412,-0.005494505494505475
2023-02-20,2715,2745,2700,2745,22656,0.011049723756906049
2023-02-21,2750,2800,2750,2770,15469,0.00910746812386165
2023-02-22,2770,2785,2620,2740,40120,-0.010830324909747335
2023-02-23,2715,2800,2715,2795,51556,0.02007299270072993
2023-02-24,2795,2950,2795,2895,83794,0.035778175313059046
2023-02-27,2895,2980,2870,2960,64613,0.022452504317789224
2023-02-28,2960,2960,2900,2925,38322,-0.011824324324324342
2023-03-02,2945,2970,2930,2970,62254,0.01538461538461533
2023-03-03,2970,2985,2920,2920,39195,-0.01683501683501687
2023-03-06,2945,2990,2920,2950,25738,0.010273972602739656
2023-03-07,2950,2955,2915,2940,12710,-0.003389830508474523
2023-03-08,2940,2940,2920,2930,16698,-0.003401360544217691
2023-03-09,2930,2930,2890,2930,36189,0.0
2023-03-10,2900,2900,2840,2840,35352,-0.030716723549488067
2023-03-13,2720,2800,2715,2760,37942,-0.028169014084507005
2023-03-14,2725,2735,2510,2675,41266,-0.030797101449275388
2023-03-15,2645,2785,2645,2730,41764,0.020560747663551426
2023-03-16,2735,2740,2700,2700,19642,-0.01098901098901095
2023-03-17,2700,2755,2690,2715,13266,0.005555555555555536
2023-03-20,2715,2740,2705,2710,18640,-0.0018416206261510082
2023-03-21,2710,2835,2710,2760,20295,0.01845018450184499
2023-03-22,2760,2775,2730,2730,11711,-0.010869565217391353
2023-03-23,2725,2725,2645,2645,23364,-0.031135531135531136
2023-03-24,2650,2710,2635,2710,19801,0.02457466918714557
2023-03-27,2735,2735,2705,2735,22012,0.009225092250922495
2023-03-28,2725,2765,2710,2740,13022,0.001828153564899404
2023-03-29,2765,2790,2745,2775,11199,0.012773722627737127
2023-03-30,2775,2800,2755,2770,19578,-0.0018018018018017834
2023-03-31,2770,2820,2695,2810,76967,0.014440433212996373
2023-04-03,2820,3035,2815,3020,228415,0.07473309608540935
2023-04-04,3020,3130,3005,3070,143225,0.01655629139072845
2023-04-05,3085,3160,2885,3130,170990,0.019543973941368087
2023-04-06,3060,3120,3035,3075,66922,-0.01757188498402551
2023-04-07,3075,3110,3025,3090,38717,0.004878048780487809
2023-04-10,3090,3140,3020,3110,52288,0.006472491909385036
2023-04-11,3140,3170,3095,3095,50002,-0.004823151125401881
2023-04-12,3125,3190,3105,3175,32723,0.025848142164781818
2023-04-13,3150,3185,3115,3185,91891,0.0031496062992126816
2023-04-14,3185,3210,3175,3175,53284,-0.0031397174254317317
2023-04-17,3210,3280,3160,3275,96313,0.03149606299212593
2023-04-18,3275,3310,3205,3285,77154,0.003053435114503733
2023-04-19,3285,3320,3125,3130,66102,-0.04718417047184176
2023-04-20,3160,3165,3030,3035,74244,-0.030351437699680517
2023-04-21,3005,3020,2860,2860,129439,-0.05766062602965405
2023-04-24,2835,2845,2800,2845,52916,-0.005244755244755206
2023-04-25,2830,2875,2805,2845,82271,0.0
2023-04-26,2845,2940,2815,2935,35297,0.03163444639718804
2023-04-27,2900,3000,2835,2995,80160,0.020442930153321992
2023-04-28,3025,3055,2965,3000,70174,0.0016694490818029983
2023-05-02,3000,3135,3000,3135,59157,0.04499999999999993
2023-05-03,3135,3245,3135,3215,63882,0.02551834130781505
2023-05-04,3185,3185,2980,2980,56157,-0.07309486780715402
2023-05-08,2980,3050,2950,3025,38065,0.015100671140939603
2023-05-09,3010,3125,3005,3025,31482,0.0
2023-05-10,3025,3060,2985,3025,25970,0.0
2023-05-11,3025,3025,2960,2960,19062,-0.02148760330578514
2023-05-12,2960,2970,2870,2870,33004,-0.030405405405405372
2023-05-15,2870,2890,2830,2885,37600,0.005226480836237002
2023-05-16,2845,2895,2765,2775,75795,-0.03812824956672445
2023-05-17,2775,2840,2755,2780,90346,0.0018018018018017834
2023-05-18,2825,2845,2780,2815,60884,0.012589928057553879
2023-05-19,2825,2870,2820,2835,29560,0.007104795737122638
2023-05-22,2860,2910,2840,2860,43610,0.008818342151675429
2023-05-23,2865,2890,2830,2850,65596,-0.0034965034965035446
2023-05-24,2850,2850,2800,2845,41491,-0.0017543859649122862
2023-05-25,2825,2830,2770,2775,31756,-0.024604569420035194
2023-05-26,2780,2800,2755,2775,45031,0.0
2023-05-30,2780,2790,2735,2750,46408,-0.009009009009009028
2023-05-31,2755,2820,2720,2720,75614,-0.010909090909090868
2023-06-01,2750,2790,2685,2695,92964,-0.009191176470588203
2023-06-02,2705,2760,2700,2730,47143,0.01298701298701288
2023-06-05,2735,2750,2690,2730,59993,0.0
2023-06-07,2730,2740,2680,2705,64957,-0.009157509157509125
2023-06-08,2705,2720,2680,2715,40839,0.003696857670979714
2023-06-09,2715,2750,2700,2750,27691,0.012891344383057168
2023-06-12,2750,2755,2720,2735,32485,-0.00545454545454549
2023-06-13,2725,2730,2700,2705,24679,-0.010968921389396757
2023-06-14,2705,2715,2675,2675,30694,-0.011090573012939031
2023-06-15,2675,2675,2630,2635,59543,-0.01495327102803734
2023-06-16,2650,2650,2635,2640,21884,0.00189753320683117
2023-06-19,2640,2655,2625,2655,30015,0.005681818181818121
2023-06-20,2655,2665,2625,2635,26644,-0.007532956685499026
2023-06-21,2635,2675,2620,2620,29984,-0.005692599620493399
2023-06-22,2560,2640,2560,2620,41354,0.0
2023-06-23,2610,2630,2595,2620,29732,0.0
2023-06-26,2615,2615,2580,2590,53352,-0.011450381679389277
2023-06-27,2615,2720,2615,2645,37439,0.021235521235521304
2023-06-28,2645,2660,2600,2630,40638,-0.005671077504725952
2023-06-29,2605,2625,2575,2585,67448,-0.017110266159695797
2023-06-30,2570,2585,2560,2585,67251,0.0
2023-07-03,2585,2650,2585,2650,130048,0.025145067698259194
2023-07-04,2655,2685,2625,2635,55697,-0.005660377358490565
2023-07-05,2635,2650,2615,2625,46099,-0.003795066413662229
2023-07-06,2630,2640,2555,2555,27270,-0.026666666666666616
2023-07-07,2515,2550,2515,2540,35045,-0.005870841487279899
2023-07-10,2535,2560,2515,2545,30239,0.0019685039370078705
2023-07-11,2545,2600,2515,2600,40879,0.0216110019646365
2023-07-12,2635,2655,2600,2630,27634,0.011538461538461497
2023-07-13,2630,2660,2605,2605,36103,-0.009505703422053258
2023-07-14,2615,2675,2590,2635,40985,0.011516314779270731
2023-07-17,2660,2665,2605,2630,34461,-0.00189753320683117
2023-07-18,2630,2655,2550,2565,24614,-0.024714828897338448
2023-07-19,2565,2580,2515,2520,21613,-0.01754385964912286
2023-07-20,2495,2525,2465,2475,26950,-0.017857142857142905
2023-07-21,2475,2515,2475,2505,16518,0.0121212121212122
2023-07-24,2505,2520,2470,2500,32659,-0.001996007984031989
2023-07-25,2500,2500,2425,2430,42960,-0.028000000000000025
2023-07-26,2405,2430,2170,2250,81155,-0.07407407407407407
2023-07-27,2235,2350,2225,2335,50932,0.03777777777777769
2023-07-28,2350,2400,2350,2390,16891,0.023554603854389677
2023-07-31,2410,2455,2410,2440,17413,0.02092050209205021
2023-08-01,2440,2455,2420,2445,28730,0.002049180327868827
2023-08-02,2455,2455,2370,2405,33136,-0.01635991820040905
2023-08-03,2390,2445,2330,2445,27632,0.016632016632016633
2023-08-04,2445,2460,2380,2425,22627,-0.008179959100204526
2023-08-07,2425,2485,2425,2485,19843,0.024742268041237025
2023-08-08,2470,2475,2430,2430,7641,-0.02213279678068414
2023-08-09,2430,2445,2400,2445,8624,0.006172839506172867
2023-08-10,2460,2470,2415,2445,12183,0.0
2023-08-11,2430,2445,2400,2400,34461,-0.018404907975460127
2023-08-14,2400,2400,2370,2385,27986,-0.006249999999999978
2023-08-16,2340,2365,2195,2210,129984,-0.07337526205450728
2023-08-17,2180,2200,2020,2125,107763,-0.038461538461538436
2023-08-18,2110,2235,2095,2230,57314,0.049411764705882266
2023-08-21,2230,2235,2165,2180,50080,-0.022421524663677084
2023-08-22,2240,2300,2185,2230,58591,0.022935779816513735
2023-08-23,2250,2275,2230,2235,21866,0.0022421524663676085
2023-08-24,2235,2255,2220,2255,15541,0.008948545861297452
2023-08-25,2255,2295,2230,2230,27146,-0.011086474501108667
2023-08-28,2230,2290,2205,2290,39103,0.026905829596412634
2023-08-29,2300,2310,2250,2305,19075,0.0065502183406114245
2023-08-30,2305,2315,2265,2270,12593,-0.015184381778741818
2023-08-31,2270,2270,2205,2205,35206,-0.028634361233480177
2023-09-01,2205,2220,2160,2185,63099,-0.009070294784580546
2023-09-04,2185,2200,2165,2195,48745,0.004576659038901587
2023-09-05,2200,2250,2195,2230,39473,0.015945330296127658
2023-09-06,2230,2255,2210,2215,29809,-0.006726457399103158
2023-09-07,2205,2210,2175,2175,32474,-0.018058690744920947
2023-09-08,2165,2190,2155,2190,35801,0.006896551724137945
2023-09-11,2190,2250,2180,2235,44839,0.020547945205479534
2023-09-12,2235,2245,2220,2230,14487,-0.0022371364653244186
2023-09-13,2215,2230,2205,2230,13776,0.0
2023-09-14,2210,2225,2185,2200,22555,-0.013452914798206317
2023-09-15,2200,2255,2195,2255,29371,0.02499999999999991
2023-09-18,2255,2265,2230,2250,24083,-0.0022172949002217113
2023-09-19,2250,2275,2200,2230,30317,-0.008888888888888835
2023-09-20,2230,2245,2205,2205,13336,-0.011210762331838597
2023-09-21,2190,2220,2185,2205,20613,0.0
2023-09-22,2175,2195,2140,2170,16965,-0.015873015873015928
2023-09-25,2170,2175,2120,2135,38405,-0.016129032258064502
2023-09-26,2120,2160,2050,2090,45769,-0.021077283372365363
2023-09-27,2085,2155,2070,2140,28874,0.02392344497607657
2023-10-04,2115,2135,2055,2090,49834,-0.02336448598130836
2023-10-05,2070,2090,2030,2035,31488,-0.02631578947368418
2023-10-06,2015,2045,1960,2030,40219,-0.002457002457002422
2023-10-10,2030,2100,2020,2090,24749,0.029556650246305383
2023-10-11,2050,2125,2025,2125,26814,0.01674641148325362
2023-10-12,2125,2165,2125,2125,9515,0.0
2023-10-13,2125,2165,2100,2140,14017,0.007058823529411784
2023-10-16,2140,2145,2020,2095,30509,-0.0210280373831776
2023-10-17,2090,2090,2035,2045,27504,-0.023866348448687402
2023-10-18,2065,2105,2040,2065,12677,0.009779951100244544
2023-10-19,2045,2045,1991,2000,14302,-0.03147699757869249
2023-10-20,1980,1991,1936,1985,22622,-0.007499999999999951
2023-10-23,1970,1980,1943,1958,23764,-0.01360201511335013
2023-10-24,1934,2000,1934,2000,17949,0.021450459652706755
2023-10-25,2010,2050,2005,2030,16165,0.014999999999999902
2023-10-26,2030,2030,1942,1944,20737,-0.04236453201970447
2023-10-27,1944,1972,1925,1950,17653,0.0030864197530864335
2023-10-30,1950,1968,1920,1955,29013,0.002564102564102555
2023-10-31,1969,2015,1957,1957,18284,0.001023017902813228
2023-11-01,1957,2070,1956,2060,23429,0.05263157894736836
2023-11-02,2060,2090,2055,2080,14679,0.009708737864077666
2023-11-03,2080,2095,2055,2055,23198,-0.012019230769230727
2023-11-06,2055,2100,2055,2070,13584,0.007299270072992803
2023-11-07,2070,2150,2000,2060,24738,-0.004830917874396157
2023-11-08,2060,2155,2060,2115,12599,0.02669902912621369
2023-11-09,2115,2140,2110,2130,8633,0.007092198581560183
2023-11-10,2130,2130,2045,2090,7779,-0.018779342723004744
2023-11-13,2090,2090,2050,2050,7986,-0.019138755980861233
2023-11-14,2045,2050,2015,2035,19198,-0.007317073170731714
2023-11-15,2035,2120,2035,2060,22116,0.01228501228501222
2023-11-16,2060,2105,2030,2055,28271,-0.0024271844660194164
2023-11-17,2055,2190,2050,2165,48373,0.05352798053527974
2023-11-20,2225,2250,2110,2110,66706,-0.025404157043879882
2023-11-21,2110,2160,2110,2150,11374,0.018957345971563955
2023-11-22,2105,2180,2105,2150,18127,0.0
2023-11-23,2145,2175,2135,2170,15607,0.009302325581395321
2023-11-24,2170,2180,2150,2170,14898,0.0
2023-11-27,2170,2185,2150,2185,15702,0.00691244239631339
2023-11-28,2180,2220,2165,2220,23964,0.016018306636155666
2023-11-29,2200,2220,2195,2215,7782,-0.0022522522522522292
2023-11-30,2190,2235,2190,2215,14191,0.0
2023-12-01,2195,2215,2180,2195,16160,-0.009029345372460473
2023-12-04,2175,2195,2130,2130,30214,-0.029612756264236872
2023-12-05,2130,2200,2120,2125,19328,-0.0023474178403756207
2023-12-06,2105,2130,2085,2125,13017,0.0
2023-12-07,2105,2115,2050,2055,14053,-0.03294117647058825
2023-12-08,2055,2170,2045,2170,19139,0.05596107055961075
2023-12-11,2170,2190,2080,2080,43073,-0.04147465437788023
2023-12-12,2120,2135,2085,2130,12791,0.024038461538461453
2023-12-13,2130,2150,2090,2090,15244,-0.018779342723004744
2023-12-14,2090,2110,2075,2100,6083,0.004784688995215225
2023-12-15,2145,2145,2095,2140,12204,0.01904761904761898
2023-12-18,2140,2160,2085,2085,15554,-0.025700934579439227
2023-12-19,2105,2175,2090,2115,17390,0.014388489208633004
2023-12-20,2115,2125,2070,2085,15319,-0.014184397163120588
2023-12-21,2100,2140,2060,2080,24627,-0.0023980815347721673
2023-12-22,2095,2100,2050,2080,19469,0.0
2023-12-26,2105,2125,2065,2110,13946,0.014423076923076872
2023-12-27,2110,2110,2065,2085,9776,-0.011848341232227444
2023-12-28,2085,2085,2020,2035,29292,-0.023980815347721784
2024-01-02,2035,2070,2030,2055,32349,0.00982800982800991
2024-01-03,2055,2230,2055,2120,28841,0.031630170316301776
2024-01-04,2120,2130,2110,2120,10713,0.0
2024-01-05,2120,2150,2105,2135,13857,0.007075471698113178
2024-01-08,2135,2150,2095,2095,18070,-0.0187353629976581
2024-01-09,2095,2110,2075,2075,11401,-0.009546539379474916
2024-01-10,2075,2075,2020,2025,37654,-0.02409638554216864
2024-01-11,2030,2085,2025,2055,30581,0.014814814814814836
2024-01-12,2055,2070,1985,2025,42257,-0.014598540145985384
2024-01-15,2005,2025,1987,1987,39922,-0.018765432098765467
2024-01-16,1987,1987,1950,1975,22846,-0.006039255158530432
2024-01-17,1970,1970,1940,1943,36941,-0.016202531645569618
2024-01-18,1938,1943,1921,1932,11530,-0.005661348430262447
2024-01-19,1933,1975,1933,1967,18173,0.018115942028985588
2024-01-22,1987,2000,1985,1998,11161,0.015760040671072728
2024-01-23,1998,2020,1993,2000,12905,0.0010010010010010895
2024-01-24,2010,2020,2000,2000,6706,0.0
2024-01-25,2000,2000,1925,1928,68987,-0.03600000000000003
2024-01-26,1928,1950,1921,1949,60682,0.010892116182572575
2024-01-29,1949,1999,1924,1977,66540,0.014366341713699438
2024-01-30,1977,1988,1977,1988,16338,0.005563985837127028
2024-01-31,1988,1997,1976,1980,15641,-0.004024144869215318
2024-02-01,1961,2045,1953,2040,34217,0.030303030303030276
2024-02-02,2040,2070,2020,2025,12813,-0.007352941176470562
2024-02-05,2025,2040,1962,1979,41754,-0.022716049382716097
2024-02-06,1984,2010,1978,1979,18568,0.0
2024-02-07,1979,1989,1960,1960,13743,-0.009600808489135915
2024-02-08,1991,1997,1970,1977,10441,0.00867346938775504
2024-02-13,1977,1996,1956,1962,77358,-0.007587253414264028
2024-02-14,1980,2005,1962,1986,49552,0.012232415902140747
2024-02-15,1986,2000,1968,1976,68293,-0.0050352467270896595
2024-02-16,1980,2060,1980,2055,39584,0.03997975708502022
2024-02-19,2055,2110,2050,2110,33586,0.02676399026763998
2024-02-20,2105,2145,2090,2135,18691,0.011848341232227444
2024-02-21,2135,2160,2130,2150,21315,0.007025761124121788
2024-02-22,2145,2150,2090,2090,25947,-0.027906976744186074
2024-02-23,2090,2120,2055,2060,28779,-0.014354066985645897
2024-02-26,2060,2095,2035,2095,25380,0.016990291262136026
2024-02-27,2095,2120,2075,2120,16967,0.01193317422434359
2024-02-28,2100,2150,2090,2135,12322,0.007075471698113178
2024-02-29,2135,2140,2090,2120,13344,-0.007025761124121788
2024-03-04,2120,2185,2100,2180,30416,0.028301886792452935
2024-03-05,2160,2180,2060,2180,42934,0.0
2024-03-06,2155,2170,2095,2150,17689,-0.013761467889908285
2024-03-07,2120,2170,2090,2120,24578,-0.013953488372092981
2024-03-08,2120,2120,2085,2085,15508,-0.01650943396226412
2024-03-11,2075,2100,2075,2100,11238,0.007194244604316502
2024-03-12,2090,2125,2075,2110,10778,0.004761904761904745
2024-03-13,2070,2110,2070,2095,16335,-0.007109004739336511
2024-03-14,2075,2095,2040,2085,30260,-0.004773269689737458
2024-03-15,2060,2085,2055,2085,10954,0.0
2024-03-18,2075,2075,2015,2015,23599,-0.033573141486810565
2024-03-19,2000,2035,1955,1986,23312,-0.014392059553349879
2024-03-20,1986,2010,1975,1977,45978,-0.004531722054380682
2024-03-21,1978,2145,1978,2085,40689,0.054628224582701
2024-03-22,2085,2140,2065,2140,37153,0.026378896882494063
2024-03-25,2140,2145,2090,2135,26924,-0.002336448598130869
2024-03-26,2120,2170,2100,2160,32507,0.011709601873536313
2024-03-27,2160,2160,2075,2090,16479,-0.03240740740740744
2024-03-28,2090,2125,2080,2095,24586,0.0023923444976077235
2024-03-29,2070,2150,2070,2085,25896,-0.004773269689737458
2024-04-01,2085,2170,2085,2165,67804,0.0383693045563549
2024-04-02,2205,2335,2150,2175,214942,0.004618937644341736
2024-04-03,2175,2320,2150,2215,149372,0.01839080459770126
2024-04-04,2215,2330,2195,2320,94371,0.04740406320541757
2024-04-05,2290,2320,2230,2310,49366,-0.004310344827586188
2024-04-08,2310,2310,2240,2280,35352,-0.012987012987012991
2024-04-09,2280,2280,2250,2275,25222,-0.002192982456140302
2024-04-11,2275,2275,2230,2230,22033,-0.01978021978021982
2024-04-12,2230,2310,2230,2270,30593,0.017937219730941756
2024-04-15,2270,2325,2250,2320,59491,0.022026431718061623
2024-04-16,2320,2320,2245,2290,48328,-0.012931034482758674
2024-04-17,2290,2335,2245,2335,61778,0.01965065502183405
2024-04-18,2335,2350,2285,2350,30449,0.0064239828693790635
2024-04-19,2350,2360,2315,2345,24550,-0.0021276595744680327
2024-04-22,2335,2350,2290,2350,37557,0.002132196162046851
2024-04-23,2350,2350,2330,2345,21015,-0.0021276595744680327
2024-04-24,2345,2345,2220,2275,63149,-0.02985074626865669
2024-04-25,2270,2275,2195,2240,34430,-0.01538461538461533
2024-04-26,2235,2245,2155,2190,28441,-0.022321428571428603
2024-04-29,2200,2315,2190,2245,45738,0.02511415525114158
2024-04-30,2255,2420,2255,2420,91183,0.07795100222717144
2024-05-02,2420,2420,2345,2370,81443,-0.02066115702479343
2024-05-03,2370,2395,2360,2380,36764,0.00421940928270037
2024-05-07,2380,2415,2380,2415,75709,0.014705882352941124
2024-05-08,2415,2460,2390,2445,47082,0.012422360248447228
2024-05-09,2445,2500,2420,2470,57379,0.010224948875255713
2024-05-10,2445,2525,2445,2520,41234,0.020242914979757165
2024-05-13,2520,2530,2480,2500,35325,-0.007936507936507908
2024-05-14,2475,2475,2315,2440,70795,-0.02400000000000002
2024-05-16,2450,2465,2340,2380,49347,-0.024590163934426257
2024-05-17,2375,2530,2350,2470,78804,0.037815126050420256
2024-05-20,2435,2435,2300,2300,50373,-0.06882591093117407
2024-05-21,2300,2355,2245,2355,38745,0.023913043478260843
2024-05-22,2355,2415,2335,2390,16676,0.014861995753715496
2024-05-23,2390,2405,2365,2405,13373,0.006276150627614996
2024-05-24,2405,2430,2355,2355,19186,-0.02079002079002079
2024-05-27,2355,2355,2300,2335,19235,-0.00849256900212314
2024-05-28,2335,2365,2300,2300,21282,-0.01498929336188437
2024-05-29,2280,2310,2270,2270,17050,-0.013043478260869601
2024-05-30,2260,2260,2200,2245,26917,-0.011013215859030812
2024-05-31,2220,2305,2205,2245,30261,0.0
2024-06-03,2200,2230,2155,2210,64495,-0.015590200445434244
2024-06-04,2210,2270,2150,2260,65162,0.02262443438914019
2024-06-05,2260,2335,2175,2310,60808,0.022123893805309658
2024-06-07,2285,2290,2205,2235,47038,-0.03246753246753242
2024-06-10,2220,2220,2155,2195,31789,-0.017897091722595126
2024-06-11,2195,2200,2165,2200,22468,0.002277904328018332
2024-06-12,2190,2190,2150,2185,17422,-0.006818181818181834
2024-06-13,2175,2185,2150,2180,14575,-0.0022883295194507935
2024-06-14,2150,2180,2150,2150,13707,-0.013761467889908285
2024-06-17,2140,2150,2105,2125,41947,-0.011627906976744207
2024-06-18,2115,2115,2080,2110,29755,-0.007058823529411784
2024-06-19,2100,2110,2065,2075,27343,-0.016587677725118488
2024-06-20,2075,2075,2000,2000,104152,-0.03614457831325302
2024-06-21,1997,2045,1992,2010,65674,0.004999999999999893
2024-06-24,1997,2010,1920,1978,54899,-0.015920398009950265
2024-06-25,1978,2005,1958,1997,29617,0.009605662285136596
2024-06-26,1995,1997,1950,1972,32639,-0.012518778167250888
2024-06-27,1972,1972,1952,1952,16549,-0.010141987829614618
2024-06-28,1950,1980,1942,1965,23583,0.006659836065573854
2024-07-01,1965,1974,1955,1963,40533,-0.0010178117048346147
2024-07-02,1932,1963,1932,1953,30919,-0.005094243504839557
2024-07-03,1953,1953,1900,1920,87195,-0.016897081413210446
2024-07-04,1910,1934,1910,1923,20279,0.0015624999999999112
2024-07-05,1923,1923,1903,1905,33647,-0.009360374414976613
2024-07-08,1905,1905,1868,1890,58693,-0.007874015748031482
2024-07-09,1890,1932,1887,1909,52474,0.010052910052910091
2024-07-10,1924,1983,1905,1930,42896,0.011000523834468368
2024-07-11,1930,1977,1872,1950,31317,0.010362694300518172
2024-07-12,1933,2000,1933,1966,14913,0.00820512820512831
2024-07-15,1965,1965,1941,1950,9258,-0.008138351983723258
2024-07-16,1950,1986,1944,1959,11652,0.004615384615384688
2024-07-17,1959,1990,1959,1986,11329,0.013782542113323082
2024-07-18,1941,2010,1941,2010,27336,0.012084592145015005
2024-07-19,1994,2010,1969,1982,5224,-0.013930348258706426
2024-07-22,1982,1982,1927,1959,37597,-0.011604439959636781
2024-07-23,1939,1950,1909,1923,14368,-0.018376722817764146
2024-07-24,1923,1935,1900,1922,36979,-0.0005200208008320217
2024-07-25,1908,1938,1900,1938,13163,0.008324661810613865
2024-07-26,1923,1938,1915,1938,9883,0.0
2024-07-29,1936,1955,1917,1946,13773,0.0041279669762641635
2024-07-30,1924,1952,1924,1927,9782,-0.009763617677286729
2024-07-31,1926,1926,1903,1910,16393,-0.008822003113648114
2024-08-01,1895,1934,1893,1918,36860,0.004188481675392763
2024-08-02,1924,1930,1899,1903,11884,-0.00782064650677794
2024-08-05,1870,1883,1744,1774,54678,-0.06778770362585396
2024-08-06,1702,1814,1686,1768,82635,-0.0033821871476887866
2024-08-07,1786,1808,1768,1798,34780,0.016968325791855143
2024-08-08,1798,1852,1786,1837,15438,0.02169076751946597
2024-08-09,1825,1860,1825,1860,13557,0.012520413718018597
2024-08-12,1859,1870,1846,1860,10489,0.0
2024-08-13,1842,1880,1833,1853,8133,-0.0037634408602150726
2024-08-14,1846,1860,1837,1860,12297,0.0037776578521315773
2024-08-16,1837,1851,1780,1804,75227,-0.03010752688172047
2024-08-19,1804,1825,1715,1783,61730,-0.01164079822616404
2024-08-20,1783,1795,1720,1751,68921,-0.01794727986539535
2024-08-21,1751,1774,1751,1751,35167,0.0
2024-08-22,1760,1769,1740,1759,25210,0.004568817818389581
2024-08-23,1759,1820,1759,1784,32986,0.01421262080727681
2024-08-26,1784,1815,1770,1783,35868,-0.0005605381165919576
2024-08-27,1783,1821,1783,1799,38537,0.008973639932697619
2024-08-28,1810,1820,1793,1820,28895,0.011673151750972721
2024-08-29,1820,1838,1795,1805,22258,-0.008241758241758212
2024-08-30,1805,1972,1805,1856,74555,0.028254847645429404
2024-09-02,1856,1914,1854,1885,24997,0.015625
2024-09-03,1872,1912,1867,1886,25452,0.0005305039787797394
2024-09-04,1859,1886,1820,1842,32832,-0.02332979851537642
2024-09-05,1828,1842,1744,1828,21455,-0.007600434310532034
2024-09-06,1809,2010,1804,1892,346506,0.035010940919037115
2024-09-09,1930,1986,1904,1905,143309,0.006871035940803294
2024-09-10,1885,1988,1869,1910,86377,0.002624671916010568
2024-09-11,1904,2040,1904,2005,157988,0.04973821989528804
2024-09-12,1985,2000,1944,1953,82986,-0.025935162094763098
2024-09-13,1952,1973,1926,1942,70984,-0.005632360471070186
2024-09-19,1925,1925,1805,1853,62035,-0.045829042224510785
2024-09-20,1853,1900,1853,1889,56878,0.019427954668105762
2024-09-23,1889,1899,1871,1878,35135,-0.0058231868713605195
2024-09-24,1869,1880,1860,1860,19592,-0.009584664536741228
2024-09-25,1857,1889,1810,1871,17745,0.005913978494623606
2024-09-26,1863,1886,1860,1865,29335,-0.003206841261357618
2024-09-27,1865,1918,1858,1918,49476,0.028418230563002744
2024-09-30,1901,1945,1873,1885,71038,-0.0172054223149114
2024-10-02,1869,1885,1756,1817,65754,-0.036074270557029164
2024-10-04,1817,1845,1813,1822,31206,0.0027517886626307053
2024-10-07,1820,1875,1796,1840,34818,0.009879253567508295
2024-10-08,1839,1859,1797,1840,24814,0.0
2024-10-10,1822,1850,1818,1829,37161,-0.005978260869565211
2024-10-11,1824,1859,1803,1812,15516,-0.009294696555494752
2024-10-14,1800,1835,1776,1833,16717,0.011589403973509826
2024-10-15,1827,1833,1801,1806,45046,-0.014729950900163713
2024-10-16,1806,1835,1791,1824,37520,0.009966777408637828
2024-10-17,1822,1870,1806,1844,29610,0.010964912280701844
2024-10-18,1820,1859,1775,1835,27344,-0.0048806941431670525
2024-10-21,1825,1860,1810,1843,37283,0.004359673024523225
2024-10-22,1844,1868,1827,1832,27239,-0.005968529571351078
2024-10-23,1832,1880,1820,1836,15534,0.0021834061135370675
2024-10-24,1836,1836,1809,1820,30656,-0.008714596949891074
2024-10-25,1815,1820,1780,1820,115385,0.0
2024-10-28,1820,1820,1762,1793,46346,-0.014835164835164782
2024-10-29,1793,1795,1773,1787,33684,-0.003346346904629094
2024-10-30,1787,1795,1710,1763,15830,-0.013430330162283122
2024-10-31,1755,1789,1755,1755,17023,-0.004537719795802642
2024-11-01,1755,1780,1743,1765,41512,0.005698005698005604
2024-11-04,1762,1857,1745,1800,24811,0.019830028328611915
2024-11-05,1800,1845,1800,1830,48621,0.016666666666666607
2024-11-06,1821,1849,1795,1802,26503,-0.015300546448087426
2024-11-07,1802,1825,1784,1808,32734,0.0033296337402886067
2024-11-08,1808,1845,1790,1792,18553,-0.008849557522123908
2024-11-11,1793,1799,1750,1755,35773,-0.020647321428571397
2024-11-12,1746,1785,1720,1785,27588,0.017094017094017033
2024-11-13,1761,1785,1726,1735,19493,-0.02801120448179273
2024-11-14,1735,1755,1725,1745,32419,0.0057636887608070175
2024-11-15,1745,1849,1739,1815,45595,0.04011461318051568
2024-11-18,1815,1842,1800,1842,33306,0.014876033057851235
2024-11-19,1842,1852,1824,1845,15181,0.0016286644951140072
2024-11-20,1845,1845,1799,1800,39055,-0.024390243902439046
2024-11-21,1790,1836,1782,1836,46039,0.020000000000000018
2024-11-22,1810,1860,1810,1857,99762,0.011437908496731986
2024-11-25,1840,1858,1839,1857,26086,0.0
2024-11-26,1857,1879,1839,1860,48333,0.001615508885298933
2024-11-27,1860,1878,1842,1870,23723,0.005376344086021501
2024-11-28,1855,1870,1825,1840,53737,-0.016042780748663055
2024-11-29,1839,1841,1822,1829,18295,-0.005978260869565211
2024-12-02,1829,1850,1780,1780,19663,-0.026790595954073293
2024-12-03,1781,1813,1781,1807,22055,0.015168539325842723
2024-12-04,1713,1830,1713,1756,20893,-0.0282235749861649
2024-12-05,1756,1800,1756,1783,14216,0.015375854214122908
2024-12-06,1775,1778,1666,1693,73039,-0.05047672462142461
2024-12-09,1693,1693,1625,1625,26967,-0.04016538688718252
2024-12-10,1559,1660,1553,1647,56406,0.0135384615384615
2024-12-11,1692,1727,1660,1686,33986,0.023679417122040025
2024-12-12,1695,1712,1691,1705,14853,0.011269276393831573
2024-12-13,1705,1720,1692,1719,10951,0.008211143695014744
2024-12-16,1729,1741,1697,1740,9648,0.01221640488656206
2024-12-17,1740,1750,1697,1706,16046,-0.019540229885057436
2024-12-18,1706,1744,1706,1721,15581,0.008792497069167737
2024-12-19,1713,1735,1687,1735,13082,0.008134805345729301
2024-12-20,1720,1741,1665,1705,21168,-0.01729106628242072
2024-12-23,1705,1715,1654,1711,31058,0.0035190615835776207
2024-12-24,1703,1740,1702,1720,16232,0.005260081823495133
2024-12-26,1720,1723,1686,1717,26548,-0.0017441860465116088
2024-12-27,1705,1717,1665,1694,10332,-0.013395457192778126
2024-12-30,1691,1694,1625,1651,14095,-0.025383707201888983
2025-01-02,1651,1670,1643,1670,23629,0.011508176862507602
2025-01-03,1670,1825,1670,1719,43025,0.02934131736526946
2025-01-06,1726,1800,1719,1737,43012,0.010471204188481575
2025-01-07,1737,1775,1737,1770,54657,0.01899827288428324
2025-01-08,1770,1868,1753,1778,43837,0.004519774011299438
2025-01-09,1780,1825,1770,1823,99733,0.0253093363329584
2025-01-10,1823,1867,1805,1805,80873,-0.009873834339001686
2025-01-13,1815,1834,1803,1810,46004,0.0027700831024930483
2025-01-14,1805,1830,1792,1830,33639,0.011049723756906049
2025-01-15,1817,1830,1780,1823,51005,-0.0038251366120218844
2025-01-16,1823,1834,1803,1830,45456,0.0038398244651673963
2025-01-17,1830,1840,1780,1815,53671,-0.008196721311475419
2025-01-20,1811,1838,1743,1826,78455,0.0060606060606061
2025-01-21,1826,1826,1791,1791,50581,-0.0191675794085433
2025-01-22,1777,1830,1761,1824,27944,0.018425460636515956
2025-01-23,1824,1890,1743,1780,22403,-0.02412280701754388
2025-01-24,1781,1838,1781,1816,38999,0.020224719101123556
2025-01-31,1807,1845,1782,1790,21399,-0.014317180616740033
2025-02-03,1790,1805,1760,1760,30922,-0.016759776536312887
2025-02-04,1760,1815,1729,1790,50604,0.017045454545454586
2025-02-05,1792,1809,1771,1788,23285,-0.0011173184357542443
2025-02-06,1788,1810,1771,1791,25552,0.001677852348993314
2025-02-07,1791,1816,1764,1811,26884,0.011166945840312748
2025-02-10,1793,1802,1752,1770,29432,-0.022639425731640017
2025-02-11,1764,1800,1749,1793,31259,0.012994350282485856
2025-02-12,1791,1800,1748,1776,45163,-0.009481316229782433
2025-02-13,1773,1785,1758,1785,14478,0.0050675675675675436
2025-02-14,1767,1785,1766,1769,26077,-0.008963585434173638
2025-02-17,1760,1874,1760,1803,33008,0.01921989824759751
2025-02-18,1810,1820,1773,1776,38734,-0.014975041597337757
2025-02-19,1776,1822,1740,1790,27766,0.007882882882882969
2025-02-20,1790,1798,1778,1783,20226,-0.003910614525139633
2025-02-21,1790,1794,1715,1790,51927,0.003925967470555181
2025-02-24,1790,1800,1755,1773,39317,-0.009497206703910632
2025-02-25,1773,1804,1760,1772,28995,-0.0005640157924421407
2025-02-26,1760,1826,1760,1796,8961,0.013544018058690765
2025-02-27,1801,1819,1791,1810,51614,0.007795100222717233
2025-02-28,1796,1810,1791,1791,26181,-0.010497237569060736
2025-03-04,1791,1829,1770,1806,36957,0.008375209380234505
2025-03-05,1806,1824,1800,1820,16917,0.007751937984496138
2025-03-06,1820,1837,1804,1815,32316,-0.0027472527472527375
2025-03-07,1813,1825,1805,1820,19130,0.0027548209366390353
2025-03-10,1802,1830,1802,1816,23750,-0.00219780219780219
2025-03-11,1798,1816,1798,1813,5073,-0.0016519823788546661
2025-03-12,1800,1825,1800,1820,18196,0.0038610038610038533
2025-03-13,1820,1835,1812,1820,31418,0.0
2025-03-14,1819,1826,1806,1823,11081,0.0016483516483516425
2025-03-17,1823,1834,1815,1830,15972,0.0038398244651673963
2025-03-18,1829,1915,1824,1828,9371,-0.0010928961748634114
2025-03-19,1820,1828,1811,1818,6684,-0.005470459518599591
2025-03-20,1822,1822,1799,1807,14794,-0.006050605060506031
2025-03-21,1798,1815,1798,1805,9440,-0.0011068068622025473
2025-03-24,1805,1826,1791,1798,14283,-0.0038781163434903343
2025-03-25,1798,1806,1788,1792,9160,-0.0033370411568409697
2025-03-26,1800,1804,1786,1796,14728,0.0022321428571427937
2025-03-27,1796,1804,1759,1764,44664,-0.017817371937639215
2025-03-28,1764,1770,1745,1746,22225,-0.010204081632653073
2025-03-31,1746,1746,1659,1738,13936,-0.004581901489117968
2025-04-01,1740,1784,1740,1781,22876,0.02474108170310707
2025-04-02,1782,1798,1751,1798,29978,0.009545199326221221
2025-04-03,1800,1810,1788,1804,12572,0.0033370411568409697
2025-04-04,1804,1804,1743,1791,28067,-0.007206208425720617
2025-04-07,1780,1780,1720,1751,38858,-0.022333891680625384
2025-04-08,1753,1790,1750,1766,48515,0.008566533409480215
2025-04-09,1766,1803,1745,1762,27589,-0.0022650056625141968
2025-04-10,1762,2200,1762,2150,1051473,0.22020431328036327
2025-04-11,2235,2395,1893,1923,1369466,-0.10558139534883726
2025-04-14,1940,1945,1830,1850,531771,-0.037961518460738475
2025-04-15,1868,1933,1823,1928,194544,0.042162162162162176
2025-04-16,1942,1950,1909,1925,64712,-0.001556016597510368
2025-04-17,1900,1987,1895,1932,156438,0.0036363636363636598
2025-04-18,1972,1980,1913,1930,147077,-0.0010351966873706209
2025-04-21,1970,1985,1828,1980,153137,0.02590673575129543
2025-04-22,1964,1973,1876,1960,184665,-0.010101010101010055
2025-04-23,1850,1850,1770,1808,315404,-0.07755102040816331
2025-04-24,1819,1834,1791,1825,70158,0.009402654867256555
2025-04-25,1825,1845,1823,1832,39404,0.003835616438356171
2025-04-28,1845,1845,1815,1841,32065,0.004912663755458624
2025-04-29,1833,1850,1802,1845,55607,0.0021727322107549796
2025-04-30,1861,1861,1826,1852,44686,0.003794037940379358
2025-05-02,1851,1886,1840,1879,54233,0.014578833693304594
2025-05-07,1910,1980,1881,1967,85859,0.04683342203299623
2025-05-08,1968,2000,1942,1946,46769,-0.010676156583629859
2025-05-09,1946,1998,1920,1973,58559,0.013874614594039159
2025-05-12,1997,1997,1919,1926,46249,-0.023821591485048144
2025-05-13,1927,2020,1927,1975,98166,0.02544132917964692
2025-05-14,1975,1995,1959,1977,43767,0.0010126582278480178
2025-05-15,1977,2005,1956,1994,31878,0.008598887202832639
2025-05-16,1994,2055,1980,2030,76568,0.01805416248746239
2025-05-19,2030,2045,1985,2005,48467,-0.012315270935960632
2025-05-20,2005,2020,1985,1993,26558,-0.0059850374064838174
2025-05-21,1993,1993,1939,1939,36543,-0.02709483191169093
2025-05-22,1939,1968,1923,1959,30700,0.010314595152140171
2025-05-23,1940,2110,1940,2015,83591,0.02858601327207766
2025-05-26,2015,2100,2015,2025,37359,0.00496277915632759
2025-05-27,2025,2080,1995,2010,17442,-0.007407407407407418
2025-05-28,2010,2030,1970,1980,38704,-0.014925373134328401
2025-05-29,1980,1999,1968,1984,26386,0.002020202020202033
2025-05-30,1982,2010,1974,1989,47485,0.002520161290322509
2025-06-02,1989,1999,1928,1938,66468,-0.02564102564102566
2025-06-04,1942,2000,1890,1962,97468,0.01238390092879249
2025-06-05,1981,2025,1967,2005,79679,0.021916411824668636
2025-06-09,2005,2060,1995,2050,39507,0.02244389027431426
2025-06-10,2050,2080,2015,2035,22084,-0.007317073170731714
2025-06-11,2020,2080,2015,2060,19211,0.01228501228501222
2025-06-12,2055,2075,2005,2020,20310,-0.01941747572815533
2025-06-13,2040,2050,1956,1960,100069,-0.02970297029702973
2025-06-16,1979,1985,1950,1966,47791,0.003061224489795844
2025-06-17,1970,2005,1966,1972,28110,0.003051881993896277
2025-06-18,1972,2010,1958,1981,23450,0.004563894523326617
2025-06-19,1984,2000,1962,1970,16863,-0.005552751135790013
2025-06-20,1970,2000,1960,1994,38093,0.012182741116751217
2025-06-23,1994,2005,1940,1972,48383,-0.011033099297893645
2025-06-24,1975,2000,1962,1975,41773,0.0015212981744421317
2025-06-25,1976,2000,1976,1994,24011,0.009620253164557058
2025-06-26,2000,2030,1949,1953,51525,-0.020561685055165535
2025-06-27,1960,2005,1950,1970,29100,0.008704557091653964
2025-06-30,1970,2010,1953,1995,30876,0.012690355329949332
2025-07-01,1995,2075,1976,2000,36982,0.0025062656641603454
2025-07-02,2020,2035,1985,2030,42657,0.014999999999999902
2025-07-03,2015,2125,2015,2075,44081,0.022167487684729092
2025-07-04,2075,2075,2010,2055,11468,-0.009638554216867434
2025-07-07,2035,2055,2010,2035,14010,-0.009732360097323589
2025-07-08,2030,2040,2005,2020,9774,-0.0073710073710073765
2025-07-09,2000,2090,2000,2085,31876,0.03217821782178221
2025-07-10,2070,2120,2055,2075,17619,-0.004796163069544335
2025-07-11,2075,2120,2060,2080,28834,0.002409638554216942
