Date,Open,High,Low,Close,Volume,Change
2022-01-03,3530,3735,3530,3700,379924,0.04519774011299438
2022-01-04,3745,4100,3730,4020,1518427,0.08648648648648649
2022-01-05,4030,4050,3830,4020,495094,0.0
2022-01-06,3875,4230,3875,3950,806137,-0.01741293532338306
2022-01-07,3950,4005,3660,3895,641886,-0.013924050632911356
2022-01-10,3770,3775,3400,3675,741158,-0.056482670089858744
2022-01-11,3595,3720,3545,3635,279134,-0.010884353741496544
2022-01-12,3635,3755,3540,3540,221132,-0.02613480055020634
2022-01-13,3525,3595,3375,3480,252632,-0.016949152542372836
2022-01-14,3470,3755,3350,3680,713376,0.05747126436781613
2022-01-17,3680,3880,3645,3780,468729,0.02717391304347827
2022-01-18,3790,3880,3555,3620,295501,-0.042328042328042326
2022-01-19,3550,3735,3490,3490,219723,-0.035911602209944715
2022-01-20,3350,3510,2860,2920,1721304,-0.16332378223495703
2022-01-21,2965,2985,2720,2760,856361,-0.0547945205479452
2022-01-24,2760,2795,2080,2355,2958843,-0.1467391304347826
2022-01-25,2420,2420,2110,2195,830943,-0.06794055201698512
2022-01-26,2175,2550,2150,2375,1339462,0.08200455580865595
2022-01-27,2460,2465,2250,2290,276076,-0.03578947368421048
2022-01-28,2340,2430,2290,2400,197762,0.048034934497816595
2022-02-03,2450,2480,2400,2410,158965,0.004166666666666652
2022-02-04,2410,2430,2360,2420,136884,0.004149377593360981
2022-02-07,2430,2445,2345,2385,115598,-0.01446280991735538
2022-02-08,2405,2450,2335,2335,134576,-0.02096436058700213
2022-02-09,2335,2390,2320,2355,114227,0.008565310492505418
2022-02-10,2380,2395,2295,2335,105595,-0.00849256900212314
2022-02-11,2330,2330,2175,2205,334744,-0.05567451820128477
2022-02-14,2170,2270,2110,2235,140694,0.013605442176870763
2022-02-15,2285,2300,2125,2150,167778,-0.03803131991051456
2022-02-16,2240,2240,2170,2225,72093,0.03488372093023262
2022-02-17,2250,2280,2150,2230,109617,0.0022471910112360494
2022-02-18,2195,2255,2100,2235,221367,0.0022421524663676085
2022-02-21,2210,2230,2170,2180,142984,-0.02460850111856827
2022-02-22,2180,2250,2130,2140,143693,-0.01834862385321101
2022-02-23,2140,2170,2120,2140,112861,0.0
2022-02-24,2145,2145,2045,2055,154836,-0.03971962616822433
2022-02-25,2055,2125,2055,2090,74085,0.017031630170316392
2022-02-28,2090,2135,2080,2110,104718,0.009569377990430672
2022-03-02,2110,2135,2085,2115,90515,0.0023696682464455776
2022-03-03,2180,2205,2080,2180,134428,0.030732860520094496
2022-03-04,2240,2240,2140,2155,77410,-0.011467889908256867
2022-03-07,2140,2150,1935,2055,259137,-0.04640371229698381
2022-03-08,2045,2055,1945,2030,69262,-0.012165450121654486
2022-03-10,2030,2090,2015,2070,81978,0.019704433497536922
2022-03-11,2070,2090,2040,2070,48661,0.0
2022-03-14,2070,2090,2000,2010,91028,-0.02898550724637683
2022-03-15,2010,2050,1955,2040,109659,0.014925373134328401
2022-03-16,2075,2080,2000,2060,77785,0.009803921568627416
2022-03-17,2095,2155,2055,2100,118704,0.01941747572815533
2022-03-18,2130,2140,2070,2090,67327,-0.004761904761904745
2022-03-21,2090,2160,2090,2130,177519,0.019138755980861344
2022-03-22,2135,2210,2135,2190,154923,0.028169014084507005
2022-03-23,2240,2245,2125,2135,157577,-0.02511415525114158
2022-03-24,2135,2165,2075,2135,193484,0.0
2022-03-25,2135,2155,2090,2130,44121,-0.0023419203747072626
2022-03-28,2130,2225,2100,2195,130425,0.030516431924882736
2022-03-29,2245,2245,2150,2165,82473,-0.013667425968109326
2022-03-30,2200,2200,2150,2170,95982,0.002309468822170979
2022-03-31,2170,2220,2150,2175,113602,0.0023041474654377225
2022-04-01,2185,2190,2135,2150,92284,-0.011494252873563204
2022-04-04,2150,2340,2115,2320,363302,0.07906976744186056
2022-04-05,2340,2400,2255,2320,357760,0.0
2022-04-06,2315,2335,2265,2310,159917,-0.004310344827586188
2022-04-07,2295,2295,2230,2250,117475,-0.025974025974025983
2022-04-08,2230,2315,2220,2250,96154,0.0
2022-04-11,2250,2310,2150,2155,154254,-0.04222222222222227
2022-04-12,2195,2240,2155,2185,113020,0.0139211136890951
2022-04-13,2190,2235,2170,2195,59205,0.004576659038901587
2022-04-14,2195,2205,2160,2170,74195,-0.011389521640091105
2022-04-15,2175,2175,2130,2160,81413,-0.004608294930875556
2022-04-18,2140,2185,2100,2165,60202,0.0023148148148148806
2022-04-19,2165,2180,2135,2150,84908,-0.006928406466512715
2022-04-20,2150,2240,2150,2210,89101,0.027906976744185963
2022-04-21,2260,2260,2185,2235,65117,0.011312217194570096
2022-04-22,2235,2235,2185,2225,34269,-0.004474272930648726
2022-04-25,2210,2210,2130,2160,106974,-0.02921348314606742
2022-04-26,2160,2260,2130,2160,63548,0.0
2022-04-27,2150,2160,2110,2140,51880,-0.0092592592592593
2022-04-28,2140,2160,2090,2120,59901,-0.009345794392523366
2022-04-29,2120,2175,2090,2170,68563,0.02358490566037741
2022-05-02,2180,2240,2120,2205,173545,0.016129032258064502
2022-05-03,2230,2230,2175,2200,62930,-0.0022675736961451642
2022-05-04,2170,2215,2155,2180,60395,-0.009090909090909038
2022-05-06,2155,2210,2145,2210,50602,0.013761467889908285
2022-05-09,2175,2175,2115,2125,72583,-0.038461538461538436
2022-05-10,2060,2205,2050,2205,158014,0.03764705882352937
2022-05-11,2230,2235,2170,2200,92400,-0.0022675736961451642
2022-05-12,2200,2200,2110,2180,89796,-0.009090909090909038
2022-05-13,2155,2240,2150,2170,113317,-0.004587155963302725
2022-05-16,2170,2270,2160,2260,332840,0.041474654377880116
2022-05-17,2245,2275,2180,2240,145765,-0.008849557522123908
2022-05-18,2210,2310,2210,2260,223092,0.008928571428571397
2022-05-19,2230,2230,2100,2195,181368,-0.028761061946902644
2022-05-20,2160,2530,2160,2500,1789518,0.1389521640091116
2022-05-23,2525,2570,2460,2560,1007695,0.02400000000000002
2022-05-24,2560,2630,2510,2560,503288,0.0
2022-05-25,2555,3300,2555,3240,11776990,0.265625
2022-05-26,3160,3200,2930,2930,2294948,-0.095679012345679
2022-05-27,2935,3130,2810,2935,2287953,0.0017064846416381396
2022-05-30,2910,3050,2905,2975,655503,0.013628620102214661
2022-05-31,2995,3175,2800,2980,1604869,0.001680672268907557
2022-06-02,2980,3055,2865,2895,658746,-0.028523489932885893
2022-06-03,2950,2950,2840,2870,422702,-0.008635578583765069
2022-06-07,2840,2870,2615,2705,640437,-0.057491289198606244
2022-06-08,2675,2935,2635,2810,1061836,0.038817005545286554
2022-06-09,2810,2825,2700,2800,248732,-0.003558718861209953
2022-06-10,2725,2790,2495,2625,827304,-0.0625
2022-06-13,2550,2595,1855,2090,6369826,-0.20380952380952377
2022-06-14,2090,2135,1925,1990,1271270,-0.04784688995215314
2022-06-15,2000,2030,1775,1860,1090386,-0.0653266331658291
2022-06-16,1875,1940,1680,1705,1342675,-0.08333333333333337
2022-06-17,1650,1715,1590,1645,768037,-0.035190615835777095
2022-06-20,1605,1635,1505,1510,532835,-0.0820668693009119
2022-06-21,1540,1610,1450,1530,347298,0.013245033112582849
2022-06-22,1540,1595,1455,1490,547684,-0.02614379084967322
2022-06-23,1490,1490,1340,1355,712521,-0.09060402684563762
2022-06-24,1360,1475,1360,1400,614287,0.03321033210332103
2022-06-27,1450,1485,1380,1475,562940,0.0535714285714286
2022-06-28,1500,1500,1395,1420,640838,-0.037288135593220306
2022-06-29,1375,1430,1355,1400,353000,-0.014084507042253502
2022-06-30,1390,1400,1320,1330,371922,-0.050000000000000044
2022-07-01,1330,1365,1280,1305,373515,-0.018796992481203034
2022-07-04,1300,1360,1255,1285,300551,-0.01532567049808431
2022-07-05,1280,1335,1270,1335,177073,0.03891050583657596
2022-07-06,1325,1350,1295,1330,126076,-0.0037453183520599342
2022-07-07,1330,1375,1320,1350,213774,0.015037593984962516
2022-07-08,1370,1425,1350,1400,501197,0.03703703703703698
2022-07-11,1415,1415,1360,1370,132676,-0.021428571428571463
2022-07-12,1365,1365,1305,1320,210194,-0.03649635036496346
2022-07-13,1325,1375,1290,1320,112972,0.0
2022-07-14,1320,1350,1295,1350,100800,0.022727272727272707
2022-07-15,1340,1360,1300,1320,143729,-0.022222222222222254
2022-07-18,1330,1365,1315,1355,205185,0.026515151515151603
2022-07-19,1355,1370,1315,1365,138063,0.007380073800737907
2022-07-20,1380,1390,1350,1375,171182,0.0073260073260073
2022-07-21,1390,1410,1300,1350,523992,-0.018181818181818188
2022-07-22,1360,1405,1350,1380,286543,0.022222222222222143
2022-07-25,1365,1450,1360,1370,368589,-0.007246376811594235
2022-07-26,1370,1390,1365,1365,84676,-0.0036496350364964014
2022-07-27,1365,1390,1325,1370,243160,0.00366300366300365
2022-07-28,1370,1385,1360,1360,103297,-0.007299270072992692
2022-07-29,1380,1395,1370,1390,138536,0.022058823529411686
2022-08-01,1390,1400,1370,1390,78341,0.0
2022-08-02,1380,1400,1355,1360,104016,-0.021582733812949617
2022-08-03,1355,1380,1330,1330,187022,-0.022058823529411797
2022-08-04,1355,1400,1350,1395,243432,0.048872180451127845
2022-08-05,1395,1430,1375,1430,194289,0.02508960573476693
2022-08-08,1415,1475,1390,1400,270023,-0.020979020979020935
2022-08-09,1410,1470,1380,1400,131745,0.0
2022-08-10,1420,1430,1380,1380,86027,-0.014285714285714235
2022-08-11,1420,1440,1405,1420,187349,0.02898550724637672
2022-08-12,1425,1445,1410,1445,191358,0.01760563380281699
2022-08-16,1440,1475,1440,1450,177143,0.0034602076124568004
2022-08-17,1460,1460,1410,1415,134012,-0.024137931034482807
2022-08-18,1400,1435,1390,1410,104536,-0.0035335689045936647
2022-08-19,1410,1430,1355,1375,163259,-0.024822695035460973
2022-08-22,1360,1375,1335,1335,122262,-0.029090909090909056
2022-08-23,1330,1660,1305,1435,4554775,0.07490636704119846
2022-08-24,1430,1445,1410,1440,356308,0.0034843205574912606
2022-08-25,1440,1450,1375,1400,359238,-0.02777777777777779
2022-08-26,1400,1415,1390,1395,154920,-0.0035714285714285587
2022-08-29,1340,1385,1335,1360,199614,-0.02508960573476704
2022-08-30,1345,1385,1340,1345,176639,-0.011029411764705843
2022-08-31,1350,1380,1325,1360,125861,0.011152416356877248
2022-09-01,1365,1375,1340,1340,112818,-0.014705882352941124
2022-09-02,1330,1350,1300,1320,181294,-0.014925373134328401
2022-09-05,1305,1320,1290,1295,121466,-0.018939393939393923
2022-09-06,1290,1320,1270,1280,150997,-0.01158301158301156
2022-09-07,1290,1300,1210,1220,315351,-0.046875
2022-09-08,1245,1275,1235,1270,105308,0.040983606557376984
2022-09-13,1270,1320,1270,1305,117321,0.027559055118110187
2022-09-14,1270,1305,1270,1290,74816,-0.011494252873563204
2022-09-15,1280,1350,1280,1315,226169,0.019379844961240345
2022-09-16,1290,1345,1270,1275,119235,-0.03041825095057038
2022-09-19,1265,1265,1215,1215,145868,-0.04705882352941182
2022-09-20,1220,1245,1215,1225,106356,0.008230452674897082
2022-09-21,1240,1280,1230,1240,117990,0.012244897959183598
2022-09-22,1235,1240,1170,1210,123561,-0.024193548387096753
2022-09-23,1175,1225,1140,1165,146490,-0.037190082644628086
2022-09-26,1150,1155,1050,1050,248166,-0.09871244635193133
2022-09-27,1040,1085,1025,1070,112504,0.01904761904761898
2022-09-28,1040,1095,1020,1030,116383,-0.03738317757009346
2022-09-29,1070,1075,1025,1025,118800,-0.004854368932038833
2022-09-30,1020,1170,931,1040,273502,0.014634146341463428
2022-10-04,1040,1085,1030,1065,136321,0.024038461538461453
2022-10-05,1140,1140,1005,1030,122192,-0.032863849765258246
2022-10-06,1040,1075,1035,1045,85073,0.014563106796116498
2022-10-07,1055,1300,1040,1095,3167491,0.04784688995215314
2022-10-11,1360,1360,1130,1135,2873347,0.0365296803652968
2022-10-12,1120,1120,1025,1030,659168,-0.09251101321585908
2022-10-13,1080,1095,973,1000,463684,-0.029126213592232997
2022-10-14,1025,1040,990,1005,270128,0.004999999999999893
2022-10-17,1025,1040,985,1015,168173,0.00995024875621886
2022-10-18,1020,1035,1010,1030,127342,0.014778325123152802
2022-10-19,1070,1120,1030,1045,248601,0.014563106796116498
2022-10-20,1065,1065,1025,1045,132047,0.0
2022-10-21,1015,1035,998,1000,166820,-0.0430622009569378
2022-10-24,1010,1035,1000,1015,80488,0.014999999999999902
2022-10-25,1045,1045,1005,1005,66845,-0.009852216748768461
2022-10-26,1025,1025,995,995,90295,-0.00995024875621886
2022-10-27,1010,1015,990,1000,79526,0.005025125628140614
2022-10-28,1000,1015,995,996,48007,-0.0040000000000000036
2022-10-31,996,1005,989,997,66389,0.0010040160642570406
2022-11-01,1005,1010,999,1000,47136,0.0030090270812437314
2022-11-02,1015,1015,999,1005,22304,0.004999999999999893
2022-11-03,1000,1005,992,997,61614,-0.007960199004975133
2022-11-04,997,997,935,952,194391,-0.04513540621865597
2022-11-07,961,1000,941,981,190588,0.03046218487394947
2022-11-08,989,995,985,994,75098,0.013251783893985625
2022-11-09,1005,1010,992,1010,146770,0.016096579476861272
2022-11-10,1015,1015,994,997,52640,-0.012871287128712883
2022-11-11,1020,1020,998,1005,92161,0.008024072216650024
2022-11-14,1005,1020,999,1015,112683,0.00995024875621886
2022-11-15,1015,1030,1005,1015,94490,0.0
2022-11-16,1015,1040,1010,1040,113616,0.024630541871921263
2022-11-17,1030,1045,1010,1040,112488,0.0
2022-11-18,1025,1050,1020,1020,87892,-0.019230769230769273
2022-11-21,1030,1035,1000,1010,56380,-0.009803921568627416
2022-11-22,1005,1010,992,1000,45088,-0.00990099009900991
2022-11-23,1015,1020,994,1000,65509,0.0
2022-11-24,1020,1020,1000,1010,46529,0.010000000000000009
2022-11-25,1010,1020,997,1010,58770,0.0
2022-11-28,1020,1020,995,1000,98559,-0.00990099009900991
2022-11-29,976,1020,976,1000,77286,0.0
2022-11-30,1010,1040,997,1010,69716,0.010000000000000009
2022-12-01,1020,1020,1005,1005,69028,-0.004950495049504955
2022-12-02,1010,1015,1000,1010,36248,0.004975124378109541
2022-12-05,1010,1020,1005,1020,79550,0.00990099009900991
2022-12-06,1015,1020,1005,1010,32701,-0.009803921568627416
2022-12-07,999,1010,997,1000,65181,-0.00990099009900991
2022-12-08,996,1000,986,986,115996,-0.014000000000000012
2022-12-09,986,998,978,995,72457,0.009127789046653234
2022-12-12,995,1015,995,1010,67580,0.015075376884422065
2022-12-13,1020,1025,987,994,91052,-0.015841584158415856
2022-12-14,1020,1020,987,991,117234,-0.003018108651911433
2022-12-15,1000,1010,990,1000,82357,0.00908173562058523
2022-12-16,990,1005,976,995,78285,-0.0050000000000000044
2022-12-19,986,1000,986,992,36716,-0.0030150753768843908
2022-12-20,993,994,979,985,93868,-0.007056451612903247
2022-12-21,986,989,975,975,35433,-0.010152284263959421
2022-12-22,975,984,971,974,39771,-0.0010256410256410664
2022-12-23,979,979,955,959,224336,-0.015400410677618104
2022-12-26,948,953,906,919,107924,-0.04171011470281538
2022-12-27,919,924,900,904,83352,-0.016322089227421066
2022-12-28,914,989,909,948,127527,0.04867256637168138
2022-12-29,943,943,891,920,71372,-0.029535864978902926
2023-01-02,902,930,902,916,41158,-0.004347826086956497
2023-01-03,901,913,889,911,51079,-0.00545851528384278
2023-01-04,908,920,901,918,29880,0.007683863885839637
2023-01-05,925,950,920,927,65871,0.009803921568627416
2023-01-06,927,935,923,931,25730,0.004314994606256839
2023-01-09,922,931,875,931,157138,0.0
2023-01-10,931,943,927,932,62398,0.0010741138560688146
2023-01-11,934,959,926,935,50944,0.0032188841201716833
2023-01-12,927,944,927,935,25692,0.0
2023-01-13,944,950,935,935,82516,0.0
2023-01-16,948,949,935,946,35216,0.0117647058823529
2023-01-17,943,952,942,948,27908,0.0021141649048626032
2023-01-18,953,953,935,950,38801,0.0021097046413502962
2023-01-19,948,955,933,948,35207,-0.002105263157894721
2023-01-20,948,950,935,944,24038,-0.00421940928270037
2023-01-25,944,947,935,938,51647,-0.006355932203389814
2023-01-26,938,945,935,942,38473,0.004264392324093924
2023-01-27,947,950,941,945,35219,0.0031847133757962887
2023-01-30,945,952,942,944,44303,-0.0010582010582010914
2023-01-31,930,939,915,923,79192,-0.022245762711864403
2023-02-01,914,943,912,934,33470,0.011917659804983716
2023-02-02,940,942,931,935,60683,0.0010706638115631772
2023-02-03,939,945,937,940,38149,0.005347593582887722
2023-02-06,940,943,933,937,40599,-0.0031914893617021045
2023-02-07,939,946,936,940,40010,0.0032017075773747017
2023-02-08,941,950,937,944,50466,0.004255319148936065
2023-02-09,946,956,943,944,48311,0.0
2023-02-10,944,978,935,935,228272,-0.009533898305084776
2023-02-13,934,965,934,957,85772,0.0235294117647058
2023-02-14,957,973,950,973,97023,0.016718913270637348
2023-02-15,979,997,954,970,176363,-0.0030832476875641834
2023-02-16,957,1053,957,1016,636214,0.04742268041237119
2023-02-17,1026,1120,1020,1082,731475,0.06496062992125995
2023-02-20,1082,1130,1023,1060,376768,-0.020332717190388205
2023-02-21,1066,1080,1012,1041,196418,-0.017924528301886844
2023-02-22,1048,1048,1001,1030,109290,-0.01056676272814605
2023-02-23,1024,1024,1004,1005,86792,-0.024271844660194164
2023-02-24,1005,1019,950,963,261299,-0.04179104477611939
2023-02-27,961,974,924,938,115172,-0.025960539979231534
2023-02-28,938,968,938,959,58039,0.02238805970149249
2023-03-02,955,988,950,967,74444,0.008342022940563076
2023-03-03,989,989,948,948,47950,-0.01964839710444677
2023-03-06,948,954,934,939,76046,-0.009493670886076
2023-03-07,939,975,935,975,84909,0.03833865814696491
2023-03-08,975,975,934,938,71149,-0.0379487179487179
2023-03-09,938,947,926,945,74944,0.00746268656716409
2023-03-10,937,939,922,931,48698,-0.014814814814814836
2023-03-13,901,920,894,906,104446,-0.02685284640171859
2023-03-14,887,906,887,893,72494,-0.014348785871964642
2023-03-15,893,910,892,892,74216,-0.0011198208286674616
2023-03-16,915,917,868,871,127039,-0.023542600896861
2023-03-17,886,886,870,880,43045,0.010332950631458004
2023-03-20,880,913,876,896,70524,0.018181818181818077
2023-03-21,891,903,891,898,47928,0.0022321428571427937
2023-03-22,910,910,887,895,51733,-0.0033407572383074013
2023-03-23,895,895,857,861,166970,-0.03798882681564242
2023-03-24,861,873,853,864,103314,0.0034843205574912606
2023-03-27,875,875,844,850,97463,-0.01620370370370372
2023-03-28,851,854,844,852,53701,0.0023529411764706687
2023-03-29,852,869,848,865,63180,0.015258215962441257
2023-03-30,873,906,870,897,151297,0.03699421965317917
2023-03-31,897,945,897,934,187221,0.04124860646599782
2023-04-03,934,940,869,930,150791,-0.004282655246252709
2023-04-04,931,956,924,936,75684,0.006451612903225712
2023-04-05,936,976,920,923,344807,-0.01388888888888884
2023-04-06,925,925,899,910,100942,-0.014084507042253502
2023-04-07,910,939,892,933,216197,0.025274725274725185
2023-04-10,935,935,910,916,60545,-0.018220793140407254
2023-04-11,916,931,900,928,63009,0.013100436681222627
2023-04-12,929,966,929,947,167759,0.020474137931034475
2023-04-13,947,964,925,954,106203,0.007391763463569179
2023-04-14,954,961,945,945,140808,-0.009433962264150941
2023-04-17,950,960,942,955,126207,0.010582010582010692
2023-04-18,959,975,930,946,75489,-0.009424083769633551
2023-04-19,946,975,920,955,152884,0.009513742071881603
2023-04-20,955,957,943,954,82634,-0.0010471204188481353
2023-04-21,954,954,919,921,137569,-0.03459119496855345
2023-04-24,921,954,915,938,63275,0.018458197611292082
2023-04-25,938,938,891,896,165638,-0.04477611940298509
2023-04-26,896,932,889,927,101023,0.03459821428571419
2023-04-27,928,933,902,921,46116,-0.006472491909385147
2023-04-28,926,940,919,930,78326,0.009771986970684043
2023-05-02,930,965,930,957,117207,0.029032258064516148
2023-05-03,957,970,950,954,136849,-0.0031347962382445305
2023-05-04,946,970,941,969,146621,0.01572327044025168
2023-05-08,969,988,955,983,216418,0.014447884416924683
2023-05-09,985,988,964,965,70143,-0.01831129196337744
2023-05-10,965,967,949,964,56779,-0.0010362694300518616
2023-05-11,957,973,952,970,39858,0.006224066390041472
2023-05-12,970,970,946,959,58895,-0.01134020618556697
2023-05-15,950,970,943,950,71340,-0.009384775808133461
2023-05-16,941,970,941,947,42425,-0.0031578947368421373
2023-05-17,947,994,937,939,185262,-0.008447729672650506
2023-05-18,952,952,931,948,72900,0.009584664536741228
2023-05-19,957,964,941,950,46022,0.0021097046413502962
2023-05-22,977,977,937,945,102839,-0.0052631578947368585
2023-05-23,951,954,939,947,61498,0.002116402116402183
2023-05-24,937,946,936,939,36721,-0.008447729672650506
2023-05-25,942,960,939,940,64331,0.0010649627263046302
2023-05-26,933,942,929,930,101427,-0.010638297872340385
2023-05-30,940,943,905,905,164098,-0.026881720430107503
2023-05-31,920,943,909,943,116361,0.041988950276243164
2023-06-01,946,946,926,927,94568,-0.016967126193001114
2023-06-02,936,944,927,937,46310,0.010787486515641875
2023-06-05,932,967,888,908,129301,-0.03094983991462108
2023-06-07,917,940,905,922,136600,0.01541850220264318
2023-06-08,922,932,908,917,122440,-0.005422993492407824
2023-06-09,926,934,915,918,70859,0.0010905125408942062
2023-06-12,927,958,918,938,152202,0.02178649237472774
2023-06-13,945,945,924,931,73257,-0.007462686567164201
2023-06-14,945,945,910,914,158327,-0.018259935553168627
2023-06-15,918,925,895,908,86424,-0.006564551422319487
2023-06-16,913,918,900,915,39287,0.007709251101321479
2023-06-19,930,930,910,920,40179,0.005464480874316946
2023-06-20,929,929,911,917,37959,-0.003260869565217428
2023-06-21,919,926,911,914,39151,-0.0032715376226826187
2023-06-22,910,915,901,911,43484,-0.003282275711159688
2023-06-23,916,919,889,905,80631,-0.00658616904500553
2023-06-26,905,910,881,905,42053,0.0
2023-06-27,905,905,900,903,43290,-0.0022099447513812542
2023-06-28,903,1139,898,1000,9410819,0.10741971207087486
2023-06-29,1011,1011,951,959,993702,-0.041000000000000036
2023-06-30,968,1246,946,1246,4188253,0.2992700729927007
2023-07-03,1437,1478,1247,1313,22177126,0.0537720706260032
2023-07-04,1314,1316,1216,1237,2852471,-0.05788271134805789
2023-07-05,1237,1300,1214,1214,2513583,-0.018593371059013708
2023-07-06,1227,1270,1099,1130,2005805,-0.06919275123558488
2023-07-07,1130,1135,1062,1068,844574,-0.05486725663716818
2023-07-10,1075,1171,1026,1162,2725538,0.08801498127340834
2023-07-11,1158,1158,1106,1148,831824,-0.012048192771084376
2023-07-12,1148,1155,1081,1118,570211,-0.026132404181184676
2023-07-13,1100,1118,1065,1090,515911,-0.025044722719141377
2023-07-14,1092,1093,1031,1052,590811,-0.034862385321100864
2023-07-17,1052,1130,1008,1081,1490523,0.027566539923954414
2023-07-18,1081,1091,1014,1014,471973,-0.061979648473635574
2023-07-19,1020,1025,970,1010,385899,-0.0039447731755424265
2023-07-20,1010,1100,983,991,1159822,-0.01881188118811883
2023-07-21,981,1000,971,991,212703,0.0
2023-07-24,992,995,930,930,454022,-0.061553985872855654
2023-07-25,930,955,902,920,437989,-0.010752688172043001
2023-07-26,921,925,834,857,935455,-0.06847826086956521
2023-07-27,857,870,823,843,631947,-0.016336056009334854
2023-07-28,846,885,826,875,240915,0.03795966785290639
2023-07-31,883,915,850,915,321301,0.04571428571428582
2023-08-01,917,940,900,916,198865,0.0010928961748633004
2023-08-02,945,985,920,959,539808,0.04694323144104806
2023-08-03,961,961,900,904,331730,-0.05735140771637126
2023-08-04,903,904,875,898,131006,-0.006637168141592875
2023-08-07,898,927,879,921,221708,0.025612472160356337
2023-08-08,921,936,882,888,210780,-0.03583061889250816
2023-08-09,887,919,878,905,90323,0.019144144144144226
2023-08-10,915,915,889,903,105975,-0.0022099447513812542
2023-08-11,910,938,903,919,183989,0.017718715393133966
2023-08-14,919,925,901,918,125418,-0.0010881392818280489
2023-08-16,908,912,830,862,392118,-0.061002178649237515
2023-08-17,851,862,826,846,280463,-0.018561484918793503
2023-08-18,844,864,825,831,133223,-0.01773049645390068
2023-08-21,826,875,825,832,178701,0.001203369434416457
2023-08-22,840,849,818,818,138465,-0.016826923076923128
2023-08-23,825,830,790,792,272547,-0.0317848410757946
2023-08-24,802,834,745,745,459604,-0.059343434343434365
2023-08-25,800,968,788,870,5895640,0.16778523489932895
2023-08-28,870,880,805,869,891895,-0.0011494252873562871
2023-08-29,869,872,837,847,300079,-0.025316455696202556
2023-08-30,852,865,840,853,223487,0.007083825265643551
2023-08-31,861,861,830,850,256646,-0.003516998827667095
2023-09-01,850,934,840,869,829850,0.022352941176470686
2023-09-04,869,869,837,859,178617,-0.011507479861910253
2023-09-05,855,861,846,859,141906,0.0
2023-09-06,860,863,845,851,133023,-0.0093131548311991
2023-09-07,851,851,830,844,112282,-0.008225616921269108
2023-09-08,844,855,830,855,156582,0.013033175355450233
2023-09-11,855,875,847,868,131904,0.015204678362572999
2023-09-12,890,895,850,857,88298,-0.012672811059907807
2023-09-13,857,857,837,847,71588,-0.011668611435239229
2023-09-14,838,865,830,858,108835,0.01298701298701288
2023-09-15,863,906,862,884,243861,0.030303030303030276
2023-09-18,887,900,845,867,78010,-0.019230769230769273
2023-09-19,867,867,851,851,62595,-0.018454440599769306
2023-09-20,851,854,834,834,136890,-0.0199764982373678
2023-09-21,880,880,834,858,242419,0.02877697841726623
2023-09-22,907,940,840,852,599447,-0.006993006993006978
2023-09-25,855,858,820,832,245230,-0.023474178403755874
2023-09-26,830,845,815,836,115076,0.004807692307692291
2023-09-27,821,842,819,842,88374,0.0071770334928229484
2023-10-04,842,843,814,823,60626,-0.0225653206650831
2023-10-05,823,826,810,825,41604,0.002430133657351119
2023-10-06,825,846,825,846,67022,0.025454545454545396
2023-10-10,846,928,830,860,724451,0.016548463356973908
2023-10-11,845,880,844,866,87099,0.006976744186046435
2023-10-12,866,870,855,868,67750,0.002309468822170979
2023-10-13,868,905,868,873,148048,0.005760368663594528
2023-10-16,873,920,870,919,311297,0.05269186712485685
2023-10-17,890,930,884,930,180649,0.01196953210010876
2023-10-18,923,951,895,948,211473,0.019354838709677358
2023-10-19,923,947,915,933,106578,-0.015822784810126556
2023-10-20,924,928,870,904,130267,-0.03108252947481238
2023-10-23,904,995,879,901,745466,-0.0033185840707964376
2023-10-24,901,909,840,904,189698,0.0033296337402886067
2023-10-25,904,913,892,899,56157,-0.00553097345132747
2023-10-26,899,899,860,860,94791,-0.04338153503893216
2023-10-27,869,889,854,888,135347,0.032558139534883734
2023-10-30,880,925,857,870,197394,-0.020270270270270285
2023-10-31,870,874,850,867,74348,-0.0034482758620689724
2023-11-01,867,875,858,861,51405,-0.00692041522491349
2023-11-02,861,873,860,867,26645,0.006968641114982521
2023-11-03,867,876,850,871,154351,0.0046136101499423265
2023-11-06,888,888,854,860,137611,-0.012629161882893203
2023-11-07,875,875,845,860,100310,0.0
2023-11-08,860,863,856,860,40952,0.0
2023-11-09,860,865,845,850,54060,-0.011627906976744207
2023-11-10,830,850,830,846,45940,-0.004705882352941226
2023-11-13,838,850,829,830,35783,-0.01891252955082745
2023-11-14,829,836,826,835,20584,0.006024096385542244
2023-11-15,856,856,835,842,46482,0.008383233532934131
2023-11-16,842,870,842,866,133480,0.028503562945368266
2023-11-17,866,874,855,859,36346,-0.008083140877598205
2023-11-20,859,861,846,850,90429,-0.010477299185098987
2023-11-21,859,870,850,850,56888,0.0
2023-11-22,850,860,840,850,43716,0.0
2023-11-23,850,853,845,846,31752,-0.004705882352941226
2023-11-24,838,855,838,842,53064,-0.004728132387706863
2023-11-27,870,870,841,842,48661,0.0
2023-11-28,842,862,837,839,133213,-0.0035629453681710332
2023-11-29,842,850,828,832,107333,-0.008343265792610244
2023-11-30,840,847,828,842,73956,0.012019230769230838
2023-12-01,842,846,831,838,67322,-0.004750593824228044
2023-12-04,838,843,832,840,60051,0.0023866348448686736
2023-12-05,845,845,827,838,83790,-0.0023809523809523725
2023-12-06,836,840,833,838,30038,0.0
2023-12-07,838,838,827,836,46017,-0.0023866348448687846
2023-12-08,833,839,805,838,50769,0.0023923444976077235
2023-12-11,838,853,821,833,83181,-0.005966587112171795
2023-12-12,841,841,829,837,56084,0.004801920768307433
2023-12-13,837,840,825,836,59302,-0.0011947431302270495
2023-12-14,836,839,830,836,73581,0.0
2023-12-15,836,836,823,826,64284,-0.011961722488038284
2023-12-18,826,834,776,813,114550,-0.0157384987893463
2023-12-19,822,839,822,827,192116,0.017220172201722006
2023-12-20,827,836,826,826,56032,-0.0012091898428052694
2023-12-21,827,865,825,842,484304,0.01937046004842613
2023-12-22,842,852,831,831,151502,-0.013064133016627122
2023-12-26,837,837,794,821,209568,-0.012033694344163681
2023-12-27,825,831,811,825,41795,0.004872107186357999
2023-12-28,825,831,817,830,59086,0.0060606060606061
2024-01-02,834,834,810,830,76032,0.0
2024-01-03,813,830,813,827,30650,-0.0036144578313253017
2024-01-04,823,827,811,824,24432,-0.0036275695284159193
2024-01-05,824,830,815,830,47004,0.00728155339805836
2024-01-08,831,831,810,824,46714,-0.0072289156626506035
2024-01-09,824,830,820,824,19556,0.0
2024-01-10,830,830,820,827,55754,0.00364077669902918
2024-01-11,825,825,817,824,49421,-0.0036275695284159193
2024-01-12,817,828,816,824,43252,0.0
2024-01-15,822,823,814,814,118836,-0.012135922330097082
2024-01-16,814,824,812,820,54573,0.0073710073710073765
2024-01-17,822,822,790,807,97047,-0.01585365853658538
2024-01-18,801,807,774,796,56381,-0.013630731102850069
2024-01-19,788,804,788,804,112767,0.01005025125628145
2024-01-22,798,798,789,795,36436,-0.011194029850746245
2024-01-23,794,794,785,785,40907,-0.012578616352201255
2024-01-24,785,788,772,779,37050,-0.007643312101910826
2024-01-25,779,779,766,770,68537,-0.011553273427471145
2024-01-26,770,770,763,769,128809,-0.0012987012987012436
2024-01-29,769,776,766,769,62771,0.0
2024-01-30,766,770,765,770,30153,0.0013003901170351995
2024-01-31,768,772,753,760,133750,-0.012987012987012991
2024-02-01,760,770,753,761,135580,0.001315789473684159
2024-02-02,761,777,760,777,57977,0.021024967148488782
2024-02-05,777,779,763,778,55661,0.0012870012870012104
2024-02-06,778,790,769,778,43487,0.0
2024-02-07,781,783,775,781,36827,0.003856041131105492
2024-02-08,782,790,779,790,41140,0.011523687580025532
2024-02-13,790,800,784,797,40202,0.008860759493670933
2024-02-14,797,800,791,795,19910,-0.0025094102885822034
2024-02-15,797,800,740,778,129689,-0.021383647798742134
2024-02-16,790,790,765,782,70736,0.005141388174807249
2024-02-19,782,790,765,778,153644,-0.005115089514066473
2024-02-20,781,786,762,767,109985,-0.014138817480719768
2024-02-21,783,783,751,768,42798,0.0013037809647979959
2024-02-22,768,768,756,768,26239,0.0
2024-02-23,768,776,748,748,85698,-0.02604166666666663
2024-02-26,748,972,746,972,19215111,0.2994652406417113
2024-02-27,925,955,805,815,5531696,-0.16152263374485598
2024-02-28,815,847,778,784,1347925,-0.03803680981595092
2024-02-29,780,790,738,753,1140166,-0.039540816326530615
2024-03-04,752,753,730,742,471593,-0.014608233731739695
2024-03-05,740,746,734,736,205921,-0.008086253369272267
2024-03-06,736,752,735,739,231706,0.0040760869565217295
2024-03-07,732,739,727,731,261225,-0.010825439783491153
2024-03-08,732,744,729,735,168711,0.00547195622435015
2024-03-11,735,741,727,733,129723,-0.0027210884353741083
2024-03-12,737,744,728,732,152374,-0.0013642564802183177
2024-03-13,732,738,730,736,115113,0.005464480874316946
2024-03-14,736,740,719,736,246517,0.0
2024-03-15,736,750,711,747,638866,0.014945652173913082
2024-03-18,749,750,725,735,139281,-0.016064257028112428
2024-03-19,742,742,726,739,133216,0.0054421768707482165
2024-03-20,739,752,732,740,98121,0.0013531799729364913
2024-03-21,740,740,731,734,92338,-0.008108108108108136
2024-03-22,734,738,723,738,98569,0.005449591280654031
2024-03-25,746,746,726,735,88559,-0.004065040650406471
2024-03-26,739,739,726,732,89338,-0.004081632653061273
2024-03-27,732,735,726,728,94658,-0.005464480874316946
2024-03-28,728,735,727,734,100529,0.008241758241758212
2024-03-29,732,734,719,731,132586,-0.004087193460490468
2024-04-01,731,744,713,736,293158,0.0068399452804377425
2024-04-02,736,736,725,728,46553,-0.010869565217391353
2024-04-03,723,736,722,736,81897,0.01098901098901095
2024-04-04,728,733,722,733,62812,-0.0040760869565217295
2024-04-05,730,733,723,723,46218,-0.013642564802182844
2024-04-08,723,731,716,717,134156,-0.008298755186721962
2024-04-09,717,728,717,722,53018,0.0069735006973501434
2024-04-11,717,723,715,719,43221,-0.0041551246537395725
2024-04-12,715,848,714,717,2484885,-0.0027816411682892728
2024-04-15,716,716,705,711,148078,-0.008368200836820106
2024-04-16,713,715,703,708,182085,-0.00421940928270037
2024-04-17,708,715,704,709,96436,0.0014124293785311437
2024-04-18,707,715,704,715,91539,0.008462623413258097
2024-04-19,715,740,706,734,167510,0.02657342657342654
2024-04-22,727,727,710,717,52862,-0.023160762942779245
2024-04-23,710,717,707,708,57965,-0.012552301255230103
2024-04-24,709,718,706,707,126465,-0.0014124293785310327
2024-04-25,707,713,703,705,44552,-0.0028288543140028155
2024-04-26,705,711,700,709,94057,0.005673758865248235
2024-04-29,709,719,702,714,99030,0.007052186177715081
2024-04-30,714,719,710,715,101512,0.0014005602240896309
2024-05-02,711,750,711,737,416253,0.03076923076923066
2024-05-03,736,736,716,721,82044,-0.02170963364993217
2024-05-07,716,746,716,730,191229,0.012482662968099856
2024-05-08,724,734,716,730,140223,0.0
2024-05-09,723,735,721,727,127604,-0.004109589041095929
2024-05-10,734,744,730,739,162112,0.016506189821182904
2024-05-13,739,769,734,752,352395,0.017591339648173276
2024-05-14,752,760,743,752,170771,0.0
2024-05-16,752,770,742,758,251147,0.007978723404255428
2024-05-17,758,763,740,742,118850,-0.02110817941952503
2024-05-20,742,755,741,750,87584,0.010781671159029615
2024-05-21,750,750,740,740,59248,-0.013333333333333308
2024-05-22,740,745,702,740,84355,0.0
2024-05-23,730,740,725,728,60476,-0.01621621621621616
2024-05-24,728,749,706,749,166847,0.028846153846153744
2024-05-27,749,763,723,749,148283,0.0
2024-05-28,756,756,733,752,58244,0.004005340453938633
2024-05-29,752,760,745,753,55081,0.0013297872340425343
2024-05-30,753,753,734,750,89444,-0.003984063745019917
2024-05-31,745,758,744,749,93158,-0.0013333333333332975
2024-06-03,749,749,736,744,65982,-0.006675567423230944
2024-06-04,744,744,726,742,95582,-0.0026881720430107503
2024-06-05,742,742,726,729,69695,-0.01752021563342321
2024-06-07,729,735,722,733,55978,0.005486968449931462
2024-06-10,733,742,725,737,49702,0.005457025920873049
2024-06-11,737,737,727,731,46040,-0.008141112618724522
2024-06-12,731,736,722,731,63359,0.0
2024-06-13,731,731,725,725,49976,-0.008207934336525335
2024-06-14,725,740,724,729,53065,0.0055172413793103114
2024-06-17,729,732,716,719,56206,-0.013717421124828544
2024-06-18,719,730,718,721,61093,0.0027816411682892728
2024-06-19,728,731,716,716,73992,-0.006934812760055475
2024-06-20,723,729,715,719,35270,0.0041899441340782495
2024-06-21,726,726,712,715,32061,-0.0055632823365785455
2024-06-24,720,724,713,715,22644,0.0
2024-06-25,715,715,709,711,50494,-0.005594405594405605
2024-06-26,717,719,701,715,97445,0.005625879043600568
2024-06-27,716,721,711,716,37882,0.0013986013986013734
2024-06-28,723,724,708,717,42103,0.0013966480446927498
2024-07-01,718,723,713,715,30355,-0.002789400278940035
2024-07-02,721,721,706,719,112691,0.005594405594405494
2024-07-03,718,719,712,712,16423,-0.009735744089012566
2024-07-04,719,724,709,710,51863,-0.002808988764044895
2024-07-05,717,717,706,710,109598,0.0
2024-07-08,710,711,705,709,46030,-0.0014084507042253502
2024-07-09,709,716,701,710,79974,0.0014104372355430161
2024-07-10,710,710,702,705,31532,-0.007042253521126751
2024-07-11,709,709,703,706,33465,0.0014184397163119478
2024-07-12,706,724,706,710,16043,0.0056657223796034994
2024-07-15,717,717,704,706,60765,-0.005633802816901401
2024-07-16,712,712,700,707,88914,0.0014164305949009304
2024-07-17,707,711,697,698,192957,-0.012729844413012725
2024-07-18,698,703,689,697,102546,-0.0014326647564469885
2024-07-19,697,700,670,691,62604,-0.008608321377331474
2024-07-22,691,699,671,690,29457,-0.0014471780028944004
2024-07-23,696,698,687,696,19702,0.008695652173912993
2024-07-24,696,698,680,687,39835,-0.012931034482758674
2024-07-25,674,695,674,693,36831,0.008733624454148492
2024-07-26,692,693,680,680,31440,-0.018759018759018753
2024-07-29,692,692,679,685,26237,0.007352941176470562
2024-07-30,685,685,675,685,28138,0.0
2024-07-31,685,690,680,687,26278,0.0029197080291971655
2024-08-01,684,689,679,687,28076,0.0
2024-08-02,687,692,677,678,53054,-0.013100436681222738
2024-08-05,678,690,646,650,114217,-0.041297935103244865
2024-08-06,630,662,629,649,143269,-0.0015384615384614886
2024-08-07,646,684,642,681,94427,0.04930662557781207
2024-08-08,676,682,665,671,24274,-0.014684287812041119
2024-08-09,677,685,663,684,47852,0.019374068554396384
2024-08-12,688,698,688,690,35593,0.00877192982456143
2024-08-13,700,705,689,700,56804,0.01449275362318847
2024-08-14,708,708,688,706,82812,0.008571428571428674
2024-08-16,707,708,659,700,52136,-0.008498583569405138
2024-08-19,687,712,687,698,75779,-0.0028571428571428914
2024-08-20,700,711,687,706,59424,0.011461318051575908
2024-08-21,706,712,691,710,89877,0.0056657223796034994
2024-08-22,712,712,702,709,23665,-0.0014084507042253502
2024-08-23,709,709,699,704,34231,-0.007052186177715081
2024-08-26,708,708,700,707,36966,0.0042613636363635354
2024-08-27,707,712,698,707,57697,0.0
2024-08-28,708,712,699,706,25777,-0.0014144271570014633
2024-08-29,706,712,694,700,84176,-0.008498583569405138
2024-08-30,700,709,700,708,31724,0.011428571428571344
2024-09-02,712,712,703,710,45426,0.0028248587570620654
2024-09-03,710,711,699,709,41009,-0.0014084507042253502
2024-09-04,709,710,696,707,18580,-0.0028208744710860323
2024-09-05,701,710,697,703,54001,-0.005657708628005631
2024-09-06,703,710,693,708,53328,0.007112375533428139
2024-09-09,703,711,696,711,86829,0.004237288135593209
2024-09-10,711,780,711,768,1129153,0.08016877637130793
2024-09-11,788,815,753,753,1052936,-0.01953125
2024-09-12,776,794,753,772,295379,0.025232403718459473
2024-09-13,793,793,767,774,173903,0.002590673575129543
2024-09-19,774,797,774,791,239737,0.021963824289405576
2024-09-20,791,804,787,794,240854,0.0037926675094817064
2024-09-23,794,837,789,793,467650,-0.0012594458438287548
2024-09-24,790,800,787,795,136337,0.0025220680958386588
2024-09-25,795,810,792,796,244890,0.0012578616352201255
2024-09-26,788,796,750,789,163577,-0.008793969849246186
2024-09-27,789,809,789,802,292582,0.016476552598225558
2024-09-30,802,859,802,835,915145,0.041147132169575995
2024-10-02,835,996,805,882,2441849,0.05628742514970053
2024-10-04,882,907,810,846,759473,-0.04081632653061229
2024-10-07,838,840,780,801,203810,-0.05319148936170215
2024-10-08,797,875,789,864,249027,0.0786516853932584
2024-10-10,864,929,864,917,807537,0.06134259259259256
2024-10-11,921,991,893,926,890062,0.009814612868048078
2024-10-14,924,926,877,900,207384,-0.02807775377969768
2024-10-15,892,943,881,904,195343,0.004444444444444473
2024-10-16,903,945,896,909,103849,0.005530973451327359
2024-10-17,909,933,895,908,121684,-0.0011001100110010764
2024-10-18,899,903,830,903,202616,-0.005506607929515406
2024-10-21,894,903,856,868,109669,-0.03875968992248058
2024-10-22,859,919,824,893,289362,0.02880184331797242
2024-10-23,893,899,861,884,137227,-0.01007838745800671
2024-10-24,884,900,846,863,231902,-0.02375565610859731
2024-10-25,863,870,820,860,111387,-0.0034762456546929554
2024-10-28,860,885,846,860,177490,0.0
2024-10-29,855,870,837,852,49274,-0.009302325581395321
2024-10-30,855,880,835,835,89943,-0.0199530516431925
2024-10-31,826,868,744,766,873113,-0.08263473053892212
2024-11-01,802,802,727,741,128210,-0.03263707571801566
2024-11-04,741,795,739,749,148600,0.010796221322537214
2024-11-05,755,799,739,772,164710,0.030707610146862407
2024-11-06,812,812,745,757,125781,-0.01943005181347146
2024-11-07,757,776,715,770,103187,0.017173051519154603
2024-11-08,769,769,742,763,98651,-0.009090909090909038
2024-11-11,793,793,733,734,118934,-0.038007863695937116
2024-11-12,734,746,715,729,111484,-0.006811989100817484
2024-11-13,729,738,661,690,327711,-0.053497942386831254
2024-11-14,690,721,642,694,349336,0.005797101449275255
2024-11-15,687,694,670,683,121543,-0.015850144092218965
2024-11-18,683,690,668,678,108437,-0.007320644216691097
2024-11-19,678,689,662,677,18097,-0.001474926253687281
2024-11-20,677,690,651,653,77917,-0.03545051698670609
2024-11-21,653,664,640,651,51921,-0.003062787136294043
2024-11-22,649,669,637,646,75352,-0.007680491551459334
2024-11-25,646,665,642,647,136586,0.001547987616099089
2024-11-26,665,665,644,659,21100,0.018547140649149974
2024-11-27,665,665,650,657,59662,-0.003034901365705611
2024-11-28,657,657,635,646,64654,-0.016742770167427756
2024-11-29,655,655,624,630,105364,-0.024767801857585092
2024-12-02,626,646,600,630,116844,0.0
2024-12-03,625,640,623,625,47824,-0.007936507936507908
2024-12-04,618,625,589,620,187479,-0.008000000000000007
2024-12-05,620,680,597,640,254236,0.032258064516129004
2024-12-06,730,760,633,648,491134,0.012499999999999956
2024-12-09,639,646,600,620,59949,-0.043209876543209846
2024-12-10,597,640,597,634,126565,0.022580645161290214
2024-12-11,635,680,633,666,81517,0.050473186119873725
2024-12-12,680,858,678,732,2004131,0.0990990990990992
2024-12-13,781,845,745,790,1519012,0.0792349726775956
2024-12-16,791,837,761,801,378191,0.013924050632911467
2024-12-17,827,827,745,799,326559,-0.0024968789013732895
2024-12-18,787,799,772,790,89669,-0.01126408010012514
2024-12-19,798,798,770,791,128913,0.0012658227848101333
2024-12-20,791,810,765,798,174655,0.008849557522123908
2024-12-23,810,824,794,811,238626,0.01629072681704269
2024-12-24,827,827,755,799,328859,-0.01479654747225645
2024-12-26,799,818,778,809,233317,0.01251564455569465
2024-12-27,811,984,811,897,2752725,0.10877626699629173
2024-12-30,897,950,849,940,1195416,0.047937569676700154
2025-01-02,940,974,878,913,627887,-0.028723404255319163
2025-01-03,912,930,886,907,264757,-0.006571741511500528
2025-01-06,919,950,906,934,443329,0.029768467475193017
2025-01-07,950,1038,950,1009,1190688,0.08029978586723763
2025-01-08,1009,1052,980,1051,1052582,0.04162537165510405
2025-01-09,1072,1156,1004,1149,1437609,0.09324452901998104
2025-01-10,1151,1294,1136,1262,2829921,0.09834638816362062
2025-01-13,1253,1269,1210,1261,1233576,-0.0007923930269413404
2025-01-14,1269,1300,1232,1275,831337,0.011102299762093537
2025-01-15,1305,1349,1278,1310,1055082,0.027450980392156765
2025-01-16,1325,1332,1009,1086,3735001,-0.17099236641221371
2025-01-17,1100,1119,870,880,4687173,-0.1896869244935543
2025-01-20,889,913,819,865,1955591,-0.017045454545454586
2025-01-21,865,898,790,805,1079847,-0.06936416184971095
2025-01-22,810,920,800,887,1759120,0.1018633540372671
2025-01-23,915,980,830,889,1854979,0.0022547914317925244
2025-01-24,910,910,842,869,729404,-0.022497187851518552
2025-01-31,850,866,820,855,551505,-0.016110471806674354
2025-02-03,847,847,785,817,710251,-0.0444444444444444
2025-02-04,845,845,813,821,202070,0.004895960832313362
2025-02-05,830,835,800,828,519194,0.008526187576126665
2025-02-06,837,899,823,882,733835,0.0652173913043479
2025-02-07,882,890,839,840,366135,-0.04761904761904767
2025-02-10,834,851,789,798,590506,-0.050000000000000044
2025-02-11,811,821,789,818,299688,0.02506265664160412
2025-02-12,818,826,800,820,208424,0.0024449877750611915
2025-02-13,819,845,803,839,180812,0.023170731707317094
2025-02-14,838,838,800,824,341770,-0.017878426698450522
2025-02-17,811,833,801,818,308480,-0.007281553398058249
2025-02-18,813,821,798,816,194751,-0.0024449877750610804
2025-02-19,807,816,795,810,346887,-0.007352941176470562
2025-02-20,810,817,787,799,385644,-0.013580246913580285
2025-02-21,813,813,777,799,387935,0.0
2025-02-24,792,795,756,785,459503,-0.017521902377972465
2025-02-25,785,785,738,744,769453,-0.05222929936305731
2025-02-26,744,770,739,759,217676,0.02016129032258074
2025-02-27,759,777,745,756,79629,-0.0039525691699604515
2025-02-28,749,756,710,710,442825,-0.060846560846560815
2025-03-04,710,727,663,707,270297,-0.004225352112676051
2025-03-05,707,719,702,708,92220,0.0014144271570013522
2025-03-06,704,713,695,712,136221,0.005649717514124353
2025-03-07,720,720,698,698,132421,-0.0196629213483146
2025-03-10,705,705,667,688,270262,-0.014326647564469885
2025-03-11,670,688,660,685,112233,-0.0043604651162790775
2025-03-12,677,689,666,685,40000,0.0
2025-03-13,673,709,673,704,89992,0.027737226277372296
2025-03-14,702,702,693,701,32892,-0.0042613636363636465
2025-03-17,700,704,680,683,113323,-0.025677603423680417
2025-03-18,689,710,679,690,122314,0.01024890190336758
2025-03-19,693,721,690,700,96640,0.01449275362318847
2025-03-20,720,720,675,684,213637,-0.02285714285714291
2025-03-21,682,682,628,654,320799,-0.04385964912280704
2025-03-24,654,668,640,650,105618,-0.006116207951070374
2025-03-25,658,663,631,644,112118,-0.009230769230769265
2025-03-26,637,642,626,634,154282,-0.01552795031055898
2025-03-27,633,649,624,645,115268,0.017350157728706517
2025-03-28,636,648,626,642,128928,-0.0046511627906976605
2025-03-31,642,661,630,638,87375,-0.006230529595015577
2025-04-01,639,702,638,690,471295,0.08150470219435735
2025-04-02,689,704,671,695,102050,0.007246376811594235
2025-04-03,694,709,685,692,88047,-0.004316546762589968
2025-04-04,692,703,665,699,103645,0.01011560693641611
2025-04-07,695,798,681,785,897578,0.12303290414878387
2025-04-08,785,806,744,795,446957,0.01273885350318471
2025-04-09,795,850,773,815,1133727,0.02515723270440251
2025-04-10,845,845,761,814,336914,-0.0012269938650306678
2025-04-11,808,820,790,809,136340,-0.00614250614250611
2025-04-14,826,887,801,876,1461518,0.08281829419035858
2025-04-15,890,1011,883,988,2981253,0.1278538812785388
2025-04-16,1100,1100,955,982,1983701,-0.006072874493927127
2025-04-17,990,1025,891,984,816401,0.0020366598778003286
2025-04-18,1000,1025,970,1010,621371,0.026422764227642226
2025-04-21,1020,1135,1020,1096,1079853,0.08514851485148522
2025-04-22,1096,1347,1070,1246,4479975,0.13686131386861322
2025-04-23,1246,1280,1141,1228,1421148,-0.014446227929374
2025-04-24,1228,1228,1100,1202,705252,-0.021172638436482094
2025-04-25,1202,1245,1155,1204,366292,0.0016638935108153063
2025-04-28,1204,1270,1127,1127,656859,-0.06395348837209303
2025-04-29,1137,1167,978,1128,1056850,0.0008873114463177068
2025-04-30,1166,1166,1060,1129,390166,0.0008865248226950229
2025-05-02,1157,1300,1133,1220,1289566,0.08060230292294057
2025-05-07,1220,1277,1215,1235,626367,0.012295081967213184
2025-05-08,1235,1261,1202,1230,449087,-0.004048582995951455
2025-05-09,1230,1260,1140,1210,492138,-0.016260162601625994
2025-05-12,1210,1224,1114,1170,552388,-0.03305785123966942
2025-05-13,1170,1215,1100,1206,583772,0.03076923076923066
2025-05-14,1206,1232,1170,1212,524591,0.004975124378109541
2025-05-15,1212,1238,1143,1205,434048,-0.005775577557755818
2025-05-16,1205,1224,1177,1186,250522,-0.01576763485477184
2025-05-19,1180,1180,1131,1163,166476,-0.019392917369308593
2025-05-20,1153,1158,1089,1112,377781,-0.043852106620808295
2025-05-21,1112,1113,1068,1098,333377,-0.01258992805755399
2025-05-22,1098,1107,1060,1080,167361,-0.016393442622950838
2025-05-23,1080,1081,998,1040,196757,-0.03703703703703709
2025-05-26,1040,1096,1039,1070,196562,0.028846153846153744
2025-05-27,1075,1190,1040,1157,727761,0.08130841121495336
2025-05-28,1158,1174,1103,1159,255693,0.0017286084701815252
2025-05-29,1159,1159,1107,1121,199460,-0.032786885245901676
2025-05-30,1154,1154,1097,1106,98726,-0.01338090990187335
2025-06-02,1106,1166,1087,1145,329823,0.03526220614828213
2025-06-04,1190,1190,1079,1145,208723,0.0
2025-06-05,1145,1170,1083,1138,235008,-0.006113537117903967
2025-06-09,1138,1251,1126,1248,755029,0.09666080843585245
2025-06-10,1260,1297,1197,1232,455360,-0.012820512820512775
2025-06-11,1232,1241,1132,1168,614528,-0.051948051948051965
2025-06-12,1168,1168,1121,1151,202126,-0.014554794520547976
2025-06-13,1145,1146,1090,1124,229521,-0.023457862728062606
2025-06-16,1124,1144,1110,1125,338857,0.000889679715302405
2025-06-17,1125,1127,1084,1109,262150,-0.014222222222222247
2025-06-18,1107,1118,1088,1118,190637,0.008115419296663706
2025-06-19,1118,1160,1104,1124,118991,0.005366726296958779
2025-06-20,1113,1160,1113,1152,236433,0.02491103202846978
2025-06-23,1120,1140,1080,1140,368945,-0.01041666666666663
2025-06-24,1150,1150,1091,1101,144617,-0.03421052631578947
2025-06-25,1101,1118,1081,1089,199472,-0.010899182561307952
2025-06-26,1089,1110,1021,1063,156373,-0.023875114784205675
2025-06-27,1064,1084,1046,1055,82768,-0.007525870178739402
2025-06-30,1090,1135,1057,1097,214000,0.03981042654028433
2025-07-01,1111,1131,1080,1088,144814,-0.008204193254329972
2025-07-02,1090,1103,1031,1064,162735,-0.022058823529411797
2025-07-03,1064,1087,1010,1030,253438,-0.03195488721804507
2025-07-04,1030,1050,1023,1035,123063,0.004854368932038833
2025-07-07,1035,1049,1012,1016,206452,-0.018357487922705307
2025-07-08,1025,1103,994,1102,345804,0.08464566929133865
2025-07-09,1120,1120,1052,1091,217905,-0.009981851179673318
2025-07-10,1101,1110,1062,1091,97132,0.0
2025-07-11,1077,1097,1050,1090,77233,-0.0009165902841430373
2025-07-14,1090,1120,1078,1098,149964,0.007339449541284404
2025-07-15,1150,1150,1037,1066,200084,-0.02914389799635697
2025-07-16,1090,1100,1047,1059,107831,-0.0065666041275797005
2025-07-17,1059,1075,1012,1021,182301,-0.03588290840415487
2025-07-18,1061,1100,1033,1056,220296,0.03428011753183147
2025-07-21,1065,1090,1045,1058,218554,0.0018939393939394478
2025-07-22,1080,1080,1029,1047,136137,-0.010396975425330801
