Date,Open,High,Low,Close,Volume,Change
2022-01-03,2970,2970,2895,2905,62914,-0.01358234295415961
2022-01-04,2930,2930,2880,2910,64285,0.001721170395869276
2022-01-05,2860,2895,2830,2865,48545,-0.015463917525773141
2022-01-06,2870,2935,2800,2865,105232,0.0
2022-01-07,2880,2900,2850,2865,53919,0.0
2022-01-10,2865,2920,2810,2895,38929,0.010471204188481575
2022-01-11,2875,2895,2745,2780,79023,-0.03972366148531947
2022-01-12,2780,2795,2745,2765,60497,-0.0053956834532373765
2022-01-13,2765,2785,2690,2690,85422,-0.027124773960216952
2022-01-14,2655,2710,2585,2625,83677,-0.024163568773234223
2022-01-17,2610,2665,2490,2520,92259,-0.040000000000000036
2022-01-18,2520,2570,2455,2490,44959,-0.011904761904761862
2022-01-19,2410,2575,2410,2470,28215,-0.008032128514056214
2022-01-20,2535,2535,2430,2500,18089,0.012145748987854255
2022-01-21,2570,2570,2435,2500,39785,0.0
2022-01-24,2400,2485,2280,2320,128393,-0.07199999999999995
2022-01-25,2330,2500,2315,2370,107127,0.02155172413793105
2022-01-26,2445,2445,2370,2430,44487,0.025316455696202445
2022-01-27,2430,2430,2180,2220,178016,-0.0864197530864198
2022-01-28,2220,2295,2220,2265,35881,0.020270270270270174
2022-02-03,2275,2430,2265,2400,54215,0.0596026490066226
2022-02-04,2410,2700,2305,2520,355081,0.050000000000000044
2022-02-07,2530,2565,2485,2535,91163,0.005952380952380931
2022-02-08,2570,2570,2415,2470,87157,-0.02564102564102566
2022-02-09,2445,2525,2445,2475,26852,0.002024291497975783
2022-02-10,2540,2540,2455,2470,32264,-0.002020202020202033
2022-02-11,2495,2495,2400,2440,31594,-0.012145748987854255
2022-02-14,2330,2395,2235,2295,44058,-0.05942622950819676
2022-02-15,2280,2365,2240,2250,15402,-0.019607843137254943
2022-02-16,2385,2385,2275,2330,25120,0.03555555555555556
2022-02-17,2385,2385,2305,2330,23175,0.0
2022-02-18,2320,2380,2270,2345,24337,0.006437768240343367
2022-02-21,2340,2410,2205,2355,9024,0.004264392324093924
2022-02-22,2315,2470,2240,2330,14162,-0.010615711252653925
2022-02-23,2350,2435,2330,2335,44510,0.0021459227467810482
2022-02-24,2335,2385,2275,2275,51986,-0.025695931477516032
2022-02-25,2490,2490,2340,2385,14739,0.0483516483516484
2022-02-28,2395,2400,2250,2350,10234,-0.014675052410901501
2022-03-02,2370,2380,2300,2380,11388,0.012765957446808418
2022-03-03,2400,2400,2335,2395,11094,0.006302521008403339
2022-03-04,2375,2395,2340,2380,19906,-0.006263048016701411
2022-03-07,2390,2390,2260,2280,47306,-0.04201680672268904
2022-03-08,2255,2300,2200,2270,35319,-0.004385964912280715
2022-03-10,2280,2300,2270,2270,31659,0.0
2022-03-11,2280,2390,2230,2255,28470,-0.0066079295154185536
2022-03-14,2255,2310,2220,2245,13080,-0.0044345898004434225
2022-03-15,2245,2260,2140,2140,63300,-0.04677060133630284
2022-03-16,2200,2780,2200,2780,894712,0.2990654205607477
2022-03-17,3280,3290,2535,2540,2372586,-0.08633093525179858
2022-03-18,2530,2595,2490,2570,248057,0.011811023622047223
2022-03-21,2580,2580,2500,2500,149387,-0.027237354085603127
2022-03-22,2480,2490,2445,2470,131259,-0.01200000000000001
2022-03-23,2445,2580,2445,2555,164395,0.03441295546558698
2022-03-24,2560,2580,2490,2550,98646,-0.00195694716242667
2022-03-25,2550,2550,2450,2490,46746,-0.02352941176470591
2022-03-28,2500,2580,2490,2565,110381,0.030120481927710774
2022-03-29,2560,2560,2510,2545,41153,-0.007797270955165692
2022-03-30,2550,2550,2505,2530,43429,-0.005893909626719096
2022-03-31,2510,2560,2510,2520,40382,-0.0039525691699604515
2022-04-01,2540,2575,2470,2550,131245,0.011904761904761862
2022-04-04,2550,2570,2480,2535,33020,-0.00588235294117645
2022-04-05,2525,2565,2520,2525,32160,-0.0039447731755424265
2022-04-06,2545,2550,2485,2510,83093,-0.005940594059405946
2022-04-07,2525,2540,2475,2515,79631,0.0019920318725099584
2022-04-08,2510,2545,2430,2500,61471,-0.005964214711729587
2022-04-11,2500,2500,2400,2435,54077,-0.026000000000000023
2022-04-12,2420,2475,2350,2445,50756,0.004106776180698102
2022-04-13,2430,2475,2430,2440,13904,-0.002044989775051076
2022-04-14,2475,2475,2380,2430,30489,-0.004098360655737654
2022-04-15,2430,2435,2330,2385,65588,-0.01851851851851849
2022-04-18,2405,2405,2365,2405,15286,0.008385744234800763
2022-04-19,2395,2500,2305,2355,67570,-0.02079002079002079
2022-04-20,2360,2410,2300,2380,58685,0.010615711252653925
2022-04-21,2400,2400,2305,2340,47760,-0.01680672268907568
2022-04-22,2305,2360,2285,2330,63999,-0.004273504273504258
2022-04-25,2320,2320,2260,2275,24232,-0.023605150214592308
2022-04-26,2275,2340,2275,2315,28951,0.01758241758241752
2022-04-27,2290,2335,2255,2315,65570,0.0
2022-04-28,2315,2420,2305,2390,35103,0.03239740820734349
2022-04-29,2400,2535,2355,2500,166601,0.046025104602510414
2022-05-02,2495,2495,2425,2470,76751,-0.01200000000000001
2022-05-03,2465,2470,2400,2400,24784,-0.028340080971659964
2022-05-04,2370,3100,2370,2655,9511355,0.10624999999999996
2022-05-06,2765,3135,2540,2595,5542824,-0.02259887005649719
2022-05-09,2550,2585,2440,2440,371970,-0.05973025048169556
2022-05-10,2400,3170,2400,3170,3692478,0.2991803278688525
2022-05-11,3250,3390,2930,3050,14089580,-0.03785488958990535
2022-05-12,3000,3145,2720,2770,3020210,-0.09180327868852456
2022-05-13,2820,2905,2700,2845,2083330,0.02707581227436817
2022-05-16,2865,3015,2780,2955,2521965,0.03866432337434089
2022-05-17,2925,2970,2825,2955,814423,0.0
2022-05-18,2915,2950,2790,2940,735427,-0.005076142131979711
2022-05-19,2845,3020,2820,2970,1309107,0.010204081632652962
2022-05-20,2970,2990,2875,2875,505767,-0.03198653198653201
2022-05-23,2900,2900,2715,2725,507616,-0.05217391304347829
2022-05-24,2725,2740,2540,2555,930906,-0.062385321100917435
2022-05-25,2555,2595,2535,2555,435049,0.0
2022-05-26,2565,2580,2520,2555,257839,0.0
2022-05-27,2560,2560,2490,2525,178899,-0.011741682974559686
2022-05-30,2525,3040,2500,2840,19783452,0.12475247524752486
2022-05-31,2795,2850,2765,2810,1602210,-0.010563380281690127
2022-06-02,2785,2930,2770,2915,2074861,0.03736654804270456
2022-06-03,2860,2895,2790,2850,924419,-0.022298456260720356
2022-06-07,2860,3705,2830,3600,30235815,0.26315789473684204
2022-06-08,3600,4230,3490,3860,44845142,0.07222222222222219
2022-06-09,3775,4015,3540,3600,7143410,-0.06735751295336789
2022-06-10,3545,3870,3320,3430,9232152,-0.047222222222222276
2022-06-13,3390,3515,3255,3275,3586953,-0.04518950437317781
2022-06-14,3270,3645,3080,3205,12465712,-0.021374045801526687
2022-06-15,3220,3255,2980,3010,1785565,-0.060842433697347875
2022-06-16,3165,3570,3070,3280,9365443,0.0897009966777409
2022-06-17,3180,3210,3040,3195,1207060,-0.02591463414634143
2022-06-20,3250,3460,3070,3320,6139892,0.039123630672926346
2022-06-21,3210,3390,3110,3385,2655743,0.01957831325301207
2022-06-22,3320,3595,3000,3075,5448742,-0.09158050221565728
2022-06-23,3075,3100,2500,2540,1846116,-0.17398373983739834
2022-06-24,2530,2780,2505,2600,2610225,0.023622047244094446
2022-06-27,2980,3230,2805,3000,13261732,0.15384615384615374
2022-06-28,2945,3085,2940,2980,2823110,-0.00666666666666671
2022-06-29,2890,3180,2835,3100,3528885,0.04026845637583887
2022-06-30,3055,3400,3050,3205,10162181,0.03387096774193554
2022-07-01,3240,3385,2830,2870,3570000,-0.1045241809672387
2022-07-04,2990,3495,2865,3170,15181451,0.1045296167247387
2022-07-05,3185,3615,3150,3390,15754918,0.06940063091482651
2022-07-06,3320,3425,3165,3225,3007768,-0.04867256637168138
2022-07-07,3245,3300,2970,3110,2103867,-0.03565891472868221
2022-07-08,3135,4040,3135,4040,23343844,0.2990353697749195
2022-07-11,4100,4345,3855,4040,24478030,0.0
2022-07-12,4035,4080,3825,3905,6610981,-0.033415841584158446
2022-07-13,3855,4030,3730,3730,5262993,-0.04481434058898848
2022-07-14,3710,3880,3560,3605,4278930,-0.03351206434316356
2022-07-15,3605,3730,3460,3480,3189199,-0.03467406380027738
2022-07-18,3540,3595,3480,3525,2258828,0.012931034482758674
2022-07-19,3535,3685,3510,3685,3564902,0.04539007092198588
2022-07-20,3800,3835,3580,3635,4122689,-0.013568521031207648
2022-07-21,3600,3695,3585,3600,1145226,-0.009628610729023435
2022-07-22,3615,3945,3610,3705,11344217,0.029166666666666563
2022-07-25,3690,3690,3210,3315,3552561,-0.10526315789473684
2022-07-26,3245,3365,3235,3365,1179271,0.015082956259426794
2022-07-27,3230,3300,3225,3260,1292168,-0.031203566121842496
2022-07-28,3290,3770,3290,3475,17443345,0.06595092024539873
2022-07-29,3580,4490,3550,4150,51608870,0.19424460431654667
2022-08-01,4105,4145,3910,3910,4813952,-0.05783132530120483
2022-08-02,3940,4005,3855,3870,3866704,-0.010230179028132946
2022-08-03,3830,3910,3775,3820,2255243,-0.012919896640826822
2022-08-04,3850,3900,3745,3790,3858488,-0.007853403141361293
2022-08-05,3980,4110,3715,3740,11586922,-0.01319261213720313
2022-08-08,3780,3980,3745,3980,9809948,0.06417112299465244
2022-08-09,3890,3900,3585,3775,2398317,-0.051507537688442184
2022-08-10,3680,3850,3680,3725,1838209,-0.013245033112582738
2022-08-11,3780,3885,3740,3810,3086391,0.02281879194630876
2022-08-12,4040,4040,3740,3740,5369944,-0.018372703412073532
2022-08-16,3840,3840,3710,3800,923371,0.016042780748663166
2022-08-17,3830,3830,3660,3665,971100,-0.03552631578947374
2022-08-18,3635,3815,3560,3785,1330870,0.032742155525238736
2022-08-19,3850,3940,3715,3715,2667060,-0.018494055482166427
2022-08-22,3670,3820,3580,3670,1454284,-0.012113055181695809
2022-08-23,3625,3815,3615,3670,1423587,0.0
2022-08-24,3705,3930,3670,3700,5561779,0.008174386920980936
2022-08-25,3740,3870,3700,3800,1813931,0.027027027027026973
2022-08-26,3785,3825,3620,3660,2353802,-0.0368421052631579
2022-08-29,3470,3565,3410,3505,932012,-0.042349726775956276
2022-08-30,3550,3720,3530,3635,1745305,0.03708987161198296
2022-08-31,3605,3675,3575,3640,739377,0.0013755158184318717
2022-09-01,3630,3645,3410,3410,763628,-0.06318681318681318
2022-09-02,3540,3890,3445,3460,9900795,0.014662756598240456
2022-09-05,3515,3725,3460,3555,6264884,0.027456647398844014
2022-09-06,3520,3650,3490,3540,1415848,-0.00421940928270037
2022-09-07,3620,3685,3470,3500,3091995,-0.011299435028248594
2022-09-08,3500,3500,3275,3370,959912,-0.037142857142857144
2022-09-13,3410,3450,3350,3395,731430,0.007418397626112849
2022-09-14,3305,3495,3220,3350,1571803,-0.013254786450662692
2022-09-15,3370,3670,3305,3480,6652571,0.0388059701492538
2022-09-16,3525,3545,3325,3325,1148141,-0.04454022988505746
2022-09-19,3360,3420,3095,3115,1336607,-0.06315789473684208
2022-09-20,3115,3165,3040,3040,540723,-0.024077046548956704
2022-09-21,3000,3405,2995,3140,4416349,0.03289473684210531
2022-09-22,3095,3230,3060,3150,991858,0.0031847133757962887
2022-09-23,3170,3170,3045,3060,421288,-0.02857142857142858
2022-09-26,3015,3045,2700,2790,1097249,-0.08823529411764708
2022-09-27,2740,2835,2610,2710,872416,-0.028673835125448077
2022-09-28,2720,2770,2495,2505,823613,-0.07564575645756455
2022-09-29,2595,2755,2585,2595,1009340,0.03592814371257491
2022-09-30,2515,2600,2465,2560,566359,-0.013487475915221592
2022-10-04,2625,2705,2605,2705,558985,0.056640625
2022-10-05,2765,2765,2630,2630,458400,-0.027726432532347522
2022-10-06,2650,2730,2640,2705,478293,0.028517110266159662
2022-10-07,2700,2815,2680,2750,626278,0.01663585951940849
2022-10-11,2645,2645,2385,2470,820255,-0.10181818181818181
2022-10-12,2440,2460,2295,2345,1133612,-0.05060728744939269
2022-10-13,2325,2330,2190,2265,541970,-0.034115138592750505
2022-10-14,2335,2420,2335,2400,492463,0.0596026490066226
2022-10-17,2330,2440,2295,2435,385529,0.014583333333333393
2022-10-18,2500,2580,2450,2465,577864,0.012320328542094527
2022-10-19,2505,2905,2455,2610,7640294,0.05882352941176472
2022-10-20,2555,2735,2480,2680,2511272,0.026819923371647514
2022-10-21,2940,3025,2520,2520,6390432,-0.05970149253731338
2022-10-24,2575,2770,2560,2625,2978925,0.04166666666666674
2022-10-25,2650,2720,2545,2545,1106802,-0.030476190476190435
2022-10-26,2565,2565,2385,2385,747650,-0.06286836935166995
2022-10-27,2390,2490,2385,2435,341377,0.020964360587002018
2022-10-28,2430,2430,2350,2415,366951,-0.008213552361396315
2022-10-31,2450,2470,2395,2445,405277,0.012422360248447228
2022-11-01,2445,2535,2420,2500,546375,0.02249488752556239
2022-11-02,2475,2585,2475,2520,657444,0.008000000000000007
2022-11-03,2450,2495,2430,2470,408599,-0.019841269841269882
2022-11-04,2440,2445,2350,2415,787943,-0.022267206477732837
2022-11-07,2400,2440,2395,2430,302423,0.006211180124223503
2022-11-08,2450,2685,2435,2585,3873581,0.06378600823045266
2022-11-09,2680,2680,2560,2580,1851820,-0.0019342359767892114
2022-11-10,2560,2600,2490,2495,772992,-0.032945736434108475
2022-11-11,2565,2590,2530,2550,446626,0.022044088176352616
2022-11-14,2570,2625,2530,2535,631131,-0.00588235294117645
2022-11-15,2550,2600,2505,2570,363747,0.013806706114398493
2022-11-16,2575,2575,2500,2530,303838,-0.015564202334630295
2022-11-17,2515,2570,2475,2475,280945,-0.021739130434782594
2022-11-18,2475,2520,2430,2435,247562,-0.016161616161616155
2022-11-21,2495,2495,2400,2430,245019,-0.002053388090349051
2022-11-22,2450,2470,2400,2415,199062,-0.006172839506172867
2022-11-23,2440,2635,2440,2620,2310001,0.08488612836438914
2022-11-24,2660,2695,2565,2580,1724585,-0.01526717557251911
2022-11-25,2615,2715,2550,2555,1899806,-0.009689922480620172
2022-11-28,2550,2665,2430,2650,1668429,0.03718199608610573
2022-11-29,2555,2605,2525,2570,630584,-0.030188679245283012
2022-11-30,2570,2595,2510,2510,388911,-0.023346303501945553
2022-12-01,2540,2675,2505,2605,1486938,0.03784860557768921
2022-12-02,2600,2600,2550,2580,328339,-0.009596928982725572
2022-12-05,2620,2620,2520,2520,245498,-0.023255813953488413
2022-12-06,2505,2520,2440,2460,242769,-0.023809523809523836
2022-12-07,2450,2465,2405,2430,221382,-0.012195121951219523
2022-12-08,2430,2460,2385,2410,149760,-0.008230452674897082
2022-12-09,2415,2440,2350,2415,158708,0.0020746887966804906
2022-12-12,2380,2505,2370,2450,389389,0.01449275362318847
2022-12-13,2440,2465,2400,2405,210849,-0.01836734693877551
2022-12-14,2410,2460,2405,2460,246597,0.022869022869022926
2022-12-15,2490,2590,2460,2535,667853,0.030487804878048808
2022-12-16,2495,2555,2460,2520,238041,-0.00591715976331364
2022-12-19,2530,2595,2520,2525,312680,0.001984126984126977
2022-12-20,2500,2535,2385,2400,305329,-0.04950495049504955
2022-12-21,2410,2430,2340,2370,211738,-0.012499999999999956
2022-12-22,2410,2410,2355,2380,139623,0.00421940928270037
2022-12-23,2355,2370,2230,2230,273290,-0.06302521008403361
2022-12-26,2260,2280,2195,2195,182412,-0.015695067264574036
2022-12-27,2210,2260,2195,2195,111520,0.0
2022-12-28,2230,2230,2160,2200,122232,0.002277904328018332
2022-12-29,2205,2205,2050,2090,270725,-0.050000000000000044
2023-01-02,2095,2145,2035,2080,310441,-0.004784688995215336
2023-01-03,2035,2115,1980,2110,305639,0.014423076923076872
2023-01-04,2100,2200,2090,2185,203860,0.035545023696682554
2023-01-05,2190,2200,2095,2135,162032,-0.022883295194508046
2023-01-06,2090,2230,2090,2215,519523,0.0374707259953162
2023-01-09,2260,2265,2200,2240,277901,0.011286681715575675
2023-01-10,2235,2250,2210,2215,154550,-0.011160714285714302
2023-01-11,2220,2260,2220,2250,186347,0.015801354401805856
2023-01-12,2255,2275,2220,2265,167783,0.006666666666666599
2023-01-13,2245,2280,2230,2260,141877,-0.002207505518763808
2023-01-16,2260,2265,2210,2260,271361,0.0
2023-01-17,2270,2935,2230,2765,23095713,0.22345132743362828
2023-01-18,2685,2695,2540,2630,4617980,-0.0488245931283906
2023-01-19,2585,2650,2570,2580,1733690,-0.019011406844106515
2023-01-20,2550,2585,2500,2570,1158319,-0.003875968992248069
2023-01-25,2550,2585,2530,2570,840603,0.0
2023-01-26,2580,2600,2550,2595,1010774,0.009727626459143934
2023-01-27,2600,2615,2525,2555,754168,-0.015414258188824692
2023-01-30,2560,2565,2480,2535,483206,-0.007827788649706457
2023-01-31,2525,2675,2495,2515,4148429,-0.007889546351084853
2023-02-01,2515,2545,2500,2500,524759,-0.005964214711729587
2023-02-02,2550,2630,2505,2600,2451272,0.040000000000000036
2023-02-03,2645,2715,2575,2580,3065657,-0.007692307692307665
2023-02-06,2545,2675,2545,2655,1394945,0.029069767441860517
2023-02-07,2680,2685,2620,2660,804775,0.0018832391713747842
2023-02-08,2670,2685,2620,2650,911059,-0.003759398496240629
2023-02-09,2630,2640,2575,2610,342719,-0.015094339622641506
2023-02-10,2605,2620,2525,2530,445347,-0.03065134099616862
2023-02-13,2510,2680,2500,2555,963970,0.009881422924901129
2023-02-14,2560,2640,2560,2590,457428,0.013698630136986356
2023-02-15,2610,2610,2520,2545,312691,-0.01737451737451734
2023-02-16,2545,2665,2540,2665,1598116,0.047151277013752546
2023-02-17,2645,2710,2625,2660,1138740,-0.0018761726078799779
2023-02-20,2650,2705,2610,2705,670937,0.016917293233082775
2023-02-21,2685,2765,2680,2690,1172979,-0.00554528650646946
2023-02-22,2655,2685,2580,2610,494134,-0.029739776951672847
2023-02-23,2610,2625,2535,2580,394500,-0.011494252873563204
2023-02-24,2580,2620,2535,2590,375855,0.003875968992248069
2023-02-27,2590,2590,2520,2525,217194,-0.025096525096525046
2023-02-28,2525,2565,2515,2530,237600,0.001980198019801982
2023-03-02,2535,2640,2530,2630,561691,0.03952569169960474
2023-03-03,2730,2770,2620,2640,1256221,0.0038022813688212143
2023-03-06,2660,2720,2620,2705,949710,0.024621212121212155
2023-03-07,2715,2735,2665,2720,785494,0.005545286506469571
2023-03-08,2670,2695,2630,2680,436966,-0.014705882352941124
2023-03-09,2680,2930,2550,2650,6601670,-0.011194029850746245
2023-03-10,2580,2680,2550,2595,950894,-0.02075471698113207
2023-03-13,2550,2565,2465,2540,812945,-0.021194605009633882
2023-03-14,2510,2540,2260,2330,725517,-0.08267716535433067
2023-03-15,2340,2575,2340,2520,2188455,0.0815450643776825
2023-03-16,2505,2510,2405,2445,375992,-0.029761904761904767
2023-03-17,2450,2495,2400,2420,525693,-0.010224948875255602
2023-03-20,2445,2520,2410,2450,590482,0.012396694214876103
2023-03-21,2475,2595,2475,2545,1177431,0.038775510204081653
2023-03-22,2550,2570,2500,2520,194376,-0.00982318271119842
2023-03-23,2480,2650,2410,2650,2806139,0.051587301587301626
2023-03-24,2790,2930,2625,2630,7531058,-0.007547169811320753
2023-03-27,2635,2650,2520,2575,800317,-0.020912547528517123
2023-03-28,2550,2625,2530,2600,397214,0.009708737864077666
2023-03-29,2580,2720,2560,2715,944049,0.044230769230769296
2023-03-30,2780,3055,2680,2965,10835209,0.09208103130755063
2023-03-31,2945,2945,2735,2820,1489417,-0.04890387858347389
2023-04-03,2850,2935,2775,2825,1264021,0.0017730496453900457
2023-04-04,2840,3100,2815,2950,4978820,0.04424778761061954
2023-04-05,2890,2970,2870,2885,769814,-0.02203389830508473
2023-04-06,2885,2925,2795,2875,602523,-0.0034662045060658286
2023-04-07,2900,2985,2815,2825,676314,-0.017391304347826098
2023-04-10,2825,2835,2720,2735,466561,-0.031858407079646045
2023-04-11,2765,2960,2750,2915,1836494,0.06581352833638032
2023-04-12,2905,2990,2855,2925,1308296,0.0034305317324185847
2023-04-13,2880,3155,2860,3155,3350658,0.07863247863247858
2023-04-14,3090,3095,2970,2980,1313536,-0.05546751188589538
2023-04-17,2980,2980,2880,2925,530311,-0.01845637583892612
2023-04-18,2910,3015,2820,2875,1088037,-0.017094017094017144
2023-04-19,2875,3005,2865,2950,912729,0.026086956521739202
2023-04-20,3015,3070,2755,2770,1375292,-0.06101694915254241
2023-04-21,2735,3265,2670,2875,14159802,0.03790613718411562
2023-04-24,2805,2965,2750,2875,1861164,0.0
2023-04-25,2865,2895,2715,2750,795312,-0.04347826086956519
2023-04-26,2730,2920,2725,2840,1320665,0.032727272727272716
2023-04-27,2810,2900,2810,2825,690479,-0.005281690140845119
2023-04-28,2865,2865,2690,2710,495960,-0.04070796460176995
2023-05-02,2805,2910,2755,2880,946099,0.0627306273062731
2023-05-03,2880,3040,2850,2970,1767774,0.03125
2023-05-04,2980,3155,2810,2840,3418720,-0.043771043771043794
2023-05-08,2870,3050,2855,2980,1431282,0.04929577464788726
2023-05-09,2980,3015,2915,2975,802709,-0.001677852348993314
2023-05-10,2975,2990,2875,2880,636775,-0.031932773109243695
2023-05-11,2925,3100,2910,3080,2445252,0.06944444444444442
2023-05-12,3050,3100,2920,2935,1143678,-0.04707792207792205
2023-05-15,2935,3040,2835,2835,1553558,-0.03407155025553665
2023-05-16,2900,2910,2755,2765,503844,-0.024691358024691357
2023-05-17,2770,2835,2765,2805,296424,0.014466546112115841
2023-05-18,2830,2900,2775,2790,366891,-0.005347593582887722
2023-05-19,2805,2905,2800,2855,540345,0.023297491039426577
2023-05-22,2855,2930,2825,2930,346561,0.02626970227670755
2023-05-23,2915,2990,2895,2895,712025,-0.011945392491467532
2023-05-24,2910,2960,2880,2915,366834,0.006908462867012188
2023-05-25,2915,2940,2840,2850,375116,-0.022298456260720356
2023-05-26,2855,2890,2710,2725,571766,-0.04385964912280704
2023-05-30,2750,2780,2680,2710,272599,-0.0055045871559632475
2023-05-31,2710,2730,2630,2680,229872,-0.011070110701106972
2023-06-01,2655,2725,2655,2715,160997,0.013059701492537323
2023-06-02,2715,2730,2690,2690,149695,-0.009208103130755041
2023-06-05,2715,2820,2710,2710,518343,0.0074349442379182396
2023-06-07,2745,2770,2720,2730,140986,0.007380073800737907
2023-06-08,2705,2735,2630,2640,365180,-0.03296703296703296
2023-06-09,2680,2715,2650,2655,229403,0.005681818181818121
2023-06-12,2660,2665,2540,2545,446066,-0.04143126177024481
2023-06-13,2570,2595,2510,2525,258292,-0.007858546168958758
2023-06-14,2535,2560,2440,2480,406004,-0.017821782178217838
2023-06-15,2480,2515,2400,2470,242101,-0.0040322580645161255
2023-06-16,2470,2505,2465,2475,118829,0.002024291497975783
2023-06-19,2490,2525,2455,2515,146056,0.016161616161616266
2023-06-20,2515,2515,2450,2475,159904,-0.015904572564612307
2023-06-21,2475,2475,2400,2445,186694,-0.012121212121212088
2023-06-22,2440,2465,2405,2440,169745,-0.002044989775051076
2023-06-23,2440,2440,2350,2385,182025,-0.02254098360655743
2023-06-26,2370,2425,2355,2420,112290,0.01467505241090139
2023-06-27,2435,2495,2380,2390,121318,-0.012396694214875992
2023-06-28,2395,2400,2370,2385,69204,-0.0020920502092049986
2023-06-29,2385,2400,2305,2340,185275,-0.018867924528301883
2023-06-30,2340,2395,2280,2370,109923,0.012820512820512775
2023-07-03,2390,2460,2375,2455,106162,0.03586497890295348
2023-07-04,2455,2460,2410,2445,74137,-0.004073319755600768
2023-07-05,2435,2470,2370,2405,133404,-0.01635991820040905
2023-07-06,2385,2420,2345,2355,128282,-0.02079002079002079
2023-07-07,2320,2360,2315,2330,113557,-0.010615711252653925
2023-07-10,2330,2335,2270,2320,93137,-0.0042918454935622075
2023-07-11,2300,2345,2295,2335,97233,0.006465517241379226
2023-07-12,2355,2380,2320,2345,89182,0.004282655246252709
2023-07-13,2345,2420,2335,2370,125858,0.010660980810234477
2023-07-14,2365,2380,2310,2320,130396,-0.021097046413502074
2023-07-17,2335,2375,2295,2375,87033,0.0237068965517242
2023-07-18,2375,2400,2355,2355,150730,-0.008421052631578996
2023-07-19,2345,2600,2285,2440,2481650,0.03609341825902335
2023-07-20,2415,2440,2380,2395,309835,-0.018442622950819665
2023-07-21,2400,2485,2365,2470,283729,0.03131524008350728
2023-07-24,2455,2455,2330,2330,280161,-0.05668016194331982
2023-07-25,2310,2350,2140,2190,368067,-0.06008583690987124
2023-07-26,2165,2175,2020,2075,383308,-0.05251141552511418
2023-07-27,2035,2180,2035,2165,123682,0.04337349397590362
2023-07-28,2120,2210,2120,2205,51275,0.018475750577367167
2023-07-31,2215,2235,2180,2230,74978,0.01133786848072571
2023-08-01,2220,2250,2200,2215,76434,-0.006726457399103158
2023-08-02,2195,2230,2150,2190,100349,-0.011286681715575675
2023-08-03,2150,2170,2090,2135,113696,-0.02511415525114158
2023-08-04,2135,2135,2090,2115,67926,-0.00936768149882905
2023-08-07,2125,2155,2050,2135,78746,0.009456264775413725
2023-08-08,2115,2155,2055,2080,103366,-0.025761124121779888
2023-08-09,2050,2170,2040,2150,76176,0.033653846153846256
2023-08-10,2160,2175,2095,2115,59699,-0.016279069767441867
2023-08-11,2120,2175,2120,2155,59801,0.01891252955082745
2023-08-14,2155,2155,2085,2095,70336,-0.02784222737819031
2023-08-16,2050,2080,2020,2035,173332,-0.02863961813842486
2023-08-17,2015,2025,1981,2020,129024,-0.0073710073710073765
2023-08-18,1988,2120,1988,2095,134288,0.03712871287128716
2023-08-21,2095,2105,2040,2045,99993,-0.023866348448687402
2023-08-22,2045,2065,2005,2045,57878,0.0
2023-08-23,2110,2195,2075,2110,304648,0.0317848410757946
2023-08-24,2110,2145,2080,2145,67233,0.016587677725118377
2023-08-25,2145,2145,2085,2085,51030,-0.027972027972028024
2023-08-28,2120,2165,2085,2150,98260,0.031175059952038398
2023-08-29,2170,2195,2155,2190,84939,0.018604651162790642
2023-08-30,2190,2215,2175,2195,69329,0.0022831050228311334
2023-08-31,2180,2200,2125,2145,94616,-0.02277904328018221
2023-09-01,2145,2175,2115,2130,62843,-0.006993006993006978
2023-09-04,2120,2120,2080,2105,93303,-0.011737089201877882
2023-09-05,2090,2185,2090,2160,136019,0.026128266033254244
2023-09-06,2160,2260,2145,2200,411649,0.0185185185185186
2023-09-07,2195,2310,2155,2175,346782,-0.011363636363636354
2023-09-08,2150,2185,2130,2185,65237,0.0045977011494253706
2023-09-11,2210,2220,2180,2205,78687,0.009153318077803174
2023-09-12,2185,2220,2150,2150,107982,-0.024943310657596363
2023-09-13,2135,2195,2135,2190,83116,0.018604651162790642
2023-09-14,2160,2205,2160,2175,75688,-0.006849315068493178
2023-09-15,2190,2235,2170,2190,80175,0.006896551724137945
2023-09-18,2185,2200,2110,2115,137311,-0.03424657534246578
2023-09-19,2100,2120,2065,2070,108804,-0.021276595744680882
2023-09-20,2065,2095,2050,2095,67367,0.012077294685990392
2023-09-21,2065,2090,2020,2040,77155,-0.026252983293556076
2023-09-22,2010,2050,1999,2030,55690,-0.004901960784313708
2023-09-25,2030,2090,1999,2015,79848,-0.007389162561576401
2023-09-26,2015,2030,1983,1983,69727,-0.01588089330024811
2023-09-27,1983,1995,1922,1947,138002,-0.018154311649016597
2023-10-04,1947,1955,1843,1860,135607,-0.044684129429892194
2023-10-05,1860,1890,1835,1851,95435,-0.004838709677419395
2023-10-06,1831,1906,1831,1902,31752,0.027552674230145957
2023-10-10,1903,1921,1840,1840,38849,-0.03259726603575186
2023-10-11,1830,1900,1830,1900,50533,0.032608695652173836
2023-10-12,1905,1937,1900,1930,25365,0.015789473684210575
2023-10-13,1934,1934,1882,1895,20188,-0.01813471502590669
2023-10-16,1895,1990,1857,1857,192037,-0.020052770448548807
2023-10-17,1870,1940,1870,1917,51911,0.03231017770597733
2023-10-18,1930,1950,1861,1872,50772,-0.023474178403755874
2023-10-19,1872,1872,1785,1798,203453,-0.0395299145299145
2023-10-20,1763,1797,1691,1750,141154,-0.026696329254727424
2023-10-23,1727,1775,1716,1718,79241,-0.01828571428571424
2023-10-24,1714,1784,1676,1771,74766,0.030849825378346907
2023-10-25,1800,1800,1753,1758,27696,-0.00734048560135514
2023-10-26,1745,1750,1682,1682,88738,-0.04323094425483509
2023-10-27,1660,1825,1660,1721,315498,0.023186682520808466
2023-10-30,1722,1770,1715,1760,33801,0.02266124346310283
2023-10-31,1796,1796,1711,1754,64654,-0.003409090909090917
2023-11-01,1740,1785,1740,1784,52827,0.01710376282782211
2023-11-02,1788,1820,1788,1815,47572,0.017376681614349687
2023-11-03,1839,1839,1799,1817,24357,0.001101928374655614
2023-11-06,1840,1858,1816,1818,51159,0.0005503577325260967
2023-11-07,1819,1853,1770,1794,117207,-0.01320132013201325
2023-11-08,1829,1889,1796,1804,116173,0.00557413600891854
2023-11-09,1832,1833,1786,1789,25699,-0.008314855875831473
2023-11-10,1770,1789,1730,1736,54538,-0.029625489100055913
2023-11-13,1736,1754,1709,1709,24538,-0.015552995391705071
2023-11-14,1710,1796,1710,1796,90847,0.050906963136337025
2023-11-15,1808,1884,1808,1844,152759,0.026726057906458767
2023-11-16,1890,1960,1878,1960,261567,0.06290672451193058
2023-11-17,1960,1964,1921,1954,92716,-0.003061224489795955
2023-11-20,1942,1988,1939,1984,66167,0.01535312180143289
2023-11-21,1984,2025,1975,2005,69777,0.01058467741935476
2023-11-22,2005,2020,1960,1971,40067,-0.01695760598503737
2023-11-23,1951,1984,1920,1920,57715,-0.025875190258751957
2023-11-24,1950,1995,1920,1995,41131,0.0390625
2023-11-27,1994,1995,1947,1971,28586,-0.012030075187969946
2023-11-28,1971,1971,1930,1935,24294,-0.0182648401826484
2023-11-29,1935,1970,1917,1930,39958,-0.0025839793281653423
2023-11-30,1930,2000,1930,2000,36642,0.03626943005181338
2023-12-01,1990,2000,1946,1965,24301,-0.01749999999999996
2023-12-04,1965,1965,1920,1956,42356,-0.004580152671755711
2023-12-05,1947,1947,1905,1935,38163,-0.010736196319018454
2023-12-06,1909,1929,1903,1929,21982,-0.0031007751937984773
2023-12-07,1929,1955,1902,1927,29123,-0.0010368066355624928
2023-12-08,1927,1938,1902,1929,29520,0.0010378827192527584
2023-12-11,1929,1948,1923,1933,14654,0.0020736132711249855
2023-12-12,1935,1948,1906,1915,29072,-0.009311950336264863
2023-12-13,1915,1915,1875,1875,29180,-0.02088772845953002
2023-12-14,1880,1900,1875,1900,22064,0.01333333333333342
2023-12-15,1900,1911,1870,1878,35075,-0.011578947368421022
2023-12-18,1880,1897,1870,1878,27608,0.0
2023-12-19,1878,1890,1865,1885,29992,0.0037273695420660946
2023-12-20,1894,1915,1881,1901,33540,0.008488063660477385
2023-12-21,1901,1906,1850,1852,48304,-0.025775907417148858
2023-12-22,1853,1909,1852,1852,34049,0.0
2023-12-26,1860,1865,1838,1842,30458,-0.005399568034557212
2023-12-27,1842,1851,1832,1841,22446,-0.0005428881650380024
2023-12-28,1841,1892,1829,1884,41284,0.023356871265616475
2024-01-02,1884,1884,1863,1882,67857,-0.0010615711252653925
2024-01-03,1882,1882,1858,1870,26221,-0.006376195536663132
2024-01-04,1861,1895,1850,1864,26887,-0.0032085561497325887
2024-01-05,1859,1864,1851,1851,15807,-0.006974248927038573
2024-01-08,1851,1853,1818,1830,68916,-0.011345218800648316
2024-01-09,1840,1840,1810,1819,91227,-0.006010928961748596
2024-01-10,1830,1830,1790,1799,82266,-0.010995052226498103
2024-01-11,1798,1817,1790,1805,57576,0.0033351862145636346
2024-01-12,1800,1800,1773,1785,75263,-0.011080332409972304
2024-01-15,1775,1784,1770,1773,45483,-0.006722689075630228
2024-01-16,1760,1785,1737,1771,63785,-0.0011280315848843925
2024-01-17,1762,1764,1716,1717,85911,-0.030491247882552197
2024-01-18,1710,1730,1707,1725,59687,0.004659289458357696
2024-01-19,1726,1752,1726,1741,39683,0.00927536231884063
2024-01-22,1759,1759,1732,1740,47392,-0.0005743825387708457
2024-01-23,1739,1804,1728,1763,62772,0.013218390804597746
2024-01-24,1764,1786,1764,1779,30303,0.009075439591605283
2024-01-25,1779,1779,1739,1753,23724,-0.014614952220348476
2024-01-26,1738,1753,1733,1748,47732,-0.0028522532800913103
2024-01-29,1748,1766,1748,1749,24919,0.0005720823798627261
2024-01-30,1749,1777,1749,1777,36380,0.01600914808461984
2024-01-31,1777,1788,1769,1775,35532,-0.0011254924029262536
2024-02-01,1774,1821,1763,1818,60644,0.02422535211267607
2024-02-02,1800,1824,1800,1814,49821,-0.002200220022002153
2024-02-05,1823,1868,1798,1838,88565,0.013230429988974723
2024-02-06,1838,1838,1755,1780,46623,-0.031556039173014194
2024-02-07,1781,1814,1781,1792,26801,0.006741573033707926
2024-02-08,1792,1804,1785,1800,25911,0.0044642857142858094
2024-02-13,1800,1808,1791,1802,28160,0.0011111111111110628
2024-02-14,1801,1807,1787,1805,30399,0.0016648168701443034
2024-02-15,1805,1820,1792,1815,31603,0.005540166204986097
2024-02-16,1812,1839,1812,1823,35750,0.0044077134986226785
2024-02-19,1825,1840,1825,1835,28421,0.006582556226001124
2024-02-20,1831,1842,1830,1835,40956,0.0
2024-02-21,1827,1834,1810,1810,24890,-0.013623978201634857
2024-02-22,1811,1835,1811,1815,28381,0.0027624309392264568
2024-02-23,1815,1825,1799,1804,49355,-0.0060606060606061
2024-02-26,1804,1804,1771,1781,45434,-0.012749445676274895
2024-02-27,1781,1789,1747,1758,46449,-0.012914093206063959
2024-02-28,1747,1792,1747,1779,50334,0.011945392491467643
2024-02-29,1776,1794,1769,1794,26025,0.008431703204047292
2024-03-04,1793,1794,1777,1794,27821,0.0
2024-03-05,1786,1805,1780,1780,49542,-0.0078037904124860225
2024-03-06,1767,1784,1741,1743,44555,-0.020786516853932624
2024-03-07,1743,1743,1708,1708,57446,-0.02008032128514059
2024-03-08,1707,1720,1682,1703,86630,-0.0029274004683840227
2024-03-11,1703,1720,1701,1715,31134,0.007046388725778119
2024-03-12,1705,1712,1698,1707,33828,-0.004664723032069995
2024-03-13,1700,1712,1699,1700,39699,-0.004100761570005829
2024-03-14,1690,1707,1686,1702,45446,0.0011764705882353343
2024-03-15,1699,1734,1694,1729,29198,0.015863689776733247
2024-03-18,1710,1723,1700,1717,35363,-0.006940427993059606
2024-03-19,1710,1730,1697,1697,59358,-0.011648223645894018
2024-03-20,1697,1712,1693,1708,27472,0.006482027106658794
2024-03-21,1705,1708,1689,1703,45751,-0.0029274004683840227
2024-03-22,1703,1720,1689,1703,35374,0.0
2024-03-25,1704,1704,1686,1694,58107,-0.005284791544333478
2024-03-26,1682,1697,1682,1686,72360,-0.0047225501770956635
2024-03-27,1686,1704,1676,1691,63250,0.0029655990510082386
2024-03-28,1687,1712,1682,1707,72137,0.009461856889414477
2024-03-29,1700,1754,1699,1748,46079,0.02401874633860568
2024-04-01,1741,1756,1714,1738,110238,-0.005720823798627039
2024-04-02,1752,1860,1738,1842,416119,0.05983889528193331
2024-04-03,1836,1837,1760,1780,117102,-0.03365906623235615
2024-04-04,1785,1885,1785,1870,250336,0.050561797752809
2024-04-05,1837,1858,1816,1848,60765,-0.0117647058823529
2024-04-08,1848,1855,1745,1766,184680,-0.044372294372294396
2024-04-09,1723,1829,1723,1807,58611,0.02321630804077013
2024-04-11,1780,1790,1748,1749,48016,-0.03209739900387387
2024-04-12,1760,1782,1731,1733,47828,-0.009148084619782781
2024-04-15,1716,1733,1680,1684,87278,-0.028274668205424125
2024-04-16,1684,1685,1657,1665,73938,-0.01128266033254155
2024-04-17,1664,1690,1661,1690,24428,0.01501501501501501
2024-04-18,1656,1724,1650,1695,47262,0.002958579881656709
2024-04-19,1695,1695,1650,1652,75159,-0.025368731563421787
2024-04-22,1652,1670,1644,1666,45463,0.008474576271186418
2024-04-23,1654,1684,1654,1683,19673,0.010204081632652962
2024-04-24,1683,1685,1662,1682,37286,-0.0005941770647652778
2024-04-25,1682,1682,1661,1669,50955,-0.007728894173602896
2024-04-26,1652,1667,1651,1660,47259,-0.005392450569203122
2024-04-29,1660,1666,1654,1662,47406,0.00120481927710836
2024-04-30,1662,1677,1658,1660,87050,-0.001203369434416346
2024-05-02,1660,1669,1653,1660,83689,0.0
2024-05-03,1660,1670,1657,1665,37040,0.003012048192771122
2024-05-07,1665,1670,1657,1660,82274,-0.0030030030030030463
2024-05-08,1660,1675,1660,1673,28021,0.007831325301204783
2024-05-09,1673,1694,1673,1694,49675,0.012552301255230214
2024-05-10,1694,1739,1694,1723,72764,0.017119244391971655
2024-05-13,1707,1722,1679,1694,43898,-0.016831108531630834
2024-05-14,1683,1711,1683,1695,32535,0.0005903187721369996
2024-05-16,1698,1715,1695,1700,35093,0.002949852507374562
2024-05-17,1700,1700,1684,1693,69071,-0.004117647058823559
2024-05-20,1787,1900,1707,1710,844635,0.010041346721795685
2024-05-21,1704,1728,1699,1712,75658,0.0011695906432749315
2024-05-22,1712,1717,1700,1700,27309,-0.007009345794392496
2024-05-23,1698,1725,1685,1725,32871,0.014705882352941124
2024-05-24,1724,1728,1709,1713,33810,-0.006956521739130417
2024-05-27,1713,1723,1700,1701,28704,-0.007005253940455369
2024-05-28,1701,1710,1700,1701,22467,0.0
2024-05-29,1688,1710,1684,1701,38262,0.0
2024-05-30,1686,1699,1675,1693,16797,-0.004703115814226888
2024-05-31,1670,1720,1668,1696,46467,0.0017720023626697223
2024-06-03,1705,1716,1686,1700,35807,0.002358490566037652
2024-06-04,1700,1710,1691,1709,53757,0.0052941176470588935
2024-06-05,1715,1715,1690,1690,56661,-0.011117612638970154
2024-06-07,1683,1710,1678,1694,54595,0.002366863905325367
