Date,Open,High,Low,Close,Volume,Change
2022-01-03,2990,3030,2970,3010,123098,0.0016638935108153063
2022-01-04,3005,3080,3000,3055,110954,0.014950166112956742
2022-01-05,3030,3110,3000,3050,85896,-0.0016366612111292644
2022-01-06,3000,3050,2965,3000,96906,-0.016393442622950838
2022-01-07,3000,3030,2970,3015,73764,0.004999999999999893
2022-01-10,2990,3025,2960,3000,55135,-0.00497512437810943
2022-01-11,2995,3045,2930,2960,104436,-0.013333333333333308
2022-01-12,2945,3070,2940,3035,119703,0.02533783783783794
2022-01-13,3060,3060,3005,3030,78679,-0.0016474464579900872
2022-01-14,3025,3045,2970,2995,80654,-0.011551155115511524
2022-01-17,2995,3025,2935,2980,95557,-0.005008347245408995
2022-01-18,2950,3035,2905,2915,127535,-0.021812080536912748
2022-01-19,2910,2945,2680,2825,280320,-0.030874785591766707
2022-01-20,2800,2870,2790,2865,91280,0.014159292035398341
2022-01-21,2865,2890,2835,2860,100452,-0.0017452006980802626
2022-01-24,2805,2840,2745,2785,86470,-0.02622377622377625
2022-01-25,2755,2790,2615,2660,193207,-0.044883303411131115
2022-01-26,2635,2760,2630,2690,88950,0.011278195488721776
2022-01-27,2655,2695,2550,2570,121965,-0.044609665427509326
2022-01-28,2570,2720,2530,2720,105632,0.05836575875486383
2022-02-03,2735,2875,2735,2860,115994,0.05147058823529416
2022-02-04,2875,2875,2820,2860,63605,0.0
2022-02-07,2870,2870,2815,2820,50271,-0.013986013986013957
2022-02-08,2810,2850,2760,2795,61750,-0.00886524822695034
2022-02-09,2830,2850,2770,2840,68335,0.01610017889087656
2022-02-10,2870,2875,2830,2850,61385,0.0035211267605634866
2022-02-11,2805,2865,2795,2845,53387,-0.0017543859649122862
2022-02-14,2835,2835,2725,2760,84629,-0.02987697715289983
2022-02-15,2760,2795,2710,2730,46692,-0.010869565217391353
2022-02-16,2830,2845,2785,2820,41968,0.03296703296703307
2022-02-17,2835,2895,2790,2835,86387,0.005319148936170137
2022-02-18,2810,2855,2790,2835,88373,0.0
2022-02-21,2780,2825,2755,2805,65987,-0.010582010582010581
2022-02-22,2775,2795,2700,2720,70863,-0.030303030303030276
2022-02-23,2720,2740,2700,2730,56442,0.003676470588235281
2022-02-24,2730,2730,2610,2645,137468,-0.031135531135531136
2022-02-25,2650,2695,2650,2690,82998,0.017013232514177634
2022-02-28,2660,2705,2650,2675,98661,-0.005576208178438624
2022-03-02,2675,2700,2650,2700,61159,0.009345794392523255
2022-03-03,2725,2725,2700,2720,41906,0.007407407407407307
2022-03-04,2740,2740,2675,2710,42377,-0.003676470588235281
2022-03-07,2705,2705,2590,2590,122953,-0.044280442804428
2022-03-08,2550,2575,2520,2540,85817,-0.019305019305019266
2022-03-10,2555,2610,2555,2585,45150,0.017716535433070835
2022-03-11,2585,2615,2570,2595,44438,0.003868471953578423
2022-03-14,2595,2605,2495,2500,124885,-0.036608863198458574
2022-03-15,2490,2520,2435,2450,102694,-0.020000000000000018
2022-03-16,2460,2540,2440,2525,83881,0.030612244897959107
2022-03-17,2580,2630,2550,2600,71703,0.02970297029702973
2022-03-18,2610,2630,2560,2620,46411,0.007692307692307665
2022-03-21,2620,2630,2595,2605,32668,-0.005725190839694694
2022-03-22,2600,2630,2590,2610,27403,0.0019193857965451588
2022-03-23,2615,2685,2615,2630,70438,0.00766283524904221
2022-03-24,2620,2625,2575,2625,63995,-0.0019011406844106071
2022-03-25,2635,2680,2620,2640,182639,0.005714285714285783
2022-03-28,2630,2670,2595,2635,86063,-0.0018939393939394478
2022-03-29,2635,2675,2625,2665,121329,0.011385199240986799
2022-03-30,2660,2695,2660,2675,80919,0.0037523452157599557
2022-03-31,2675,2675,2635,2660,34608,-0.005607476635513975
2022-04-01,2640,2660,2625,2640,44126,-0.007518796992481258
2022-04-04,2640,2670,2615,2655,29204,0.005681818181818121
2022-04-05,2640,2675,2640,2645,35339,-0.0037664783427495685
2022-04-06,2620,2645,2610,2625,61756,-0.007561436672967825
2022-04-07,2600,2625,2575,2590,64296,-0.013333333333333308
2022-04-08,2600,2615,2580,2595,22935,0.0019305019305020377
2022-04-11,2580,2605,2580,2590,27258,-0.0019267822736031004
2022-04-12,2570,2590,2540,2565,62322,-0.009652509652509633
2022-04-13,2550,2595,2550,2595,30135,0.011695906432748648
2022-04-14,2605,2605,2565,2580,50977,-0.005780346820809301
2022-04-15,2565,2580,2550,2570,21123,-0.003875968992248069
2022-04-18,2550,2600,2550,2565,32141,-0.0019455252918287869
2022-04-19,2565,2580,2550,2580,45724,0.005847953216374213
2022-04-20,2580,2620,2565,2615,63908,0.013565891472868241
2022-04-21,2615,2640,2615,2630,53257,0.005736137667303964
2022-04-22,2605,2625,2560,2585,84946,-0.017110266159695797
2022-04-25,2560,2575,2520,2520,56839,-0.025145067698259194
2022-04-26,2535,2570,2520,2570,104090,0.01984126984126977
2022-04-27,2530,2540,2515,2530,31139,-0.015564202334630295
2022-04-28,2520,2535,2480,2495,73724,-0.013833992094861691
2022-04-29,2500,2525,2490,2520,47835,0.01002004008016022
2022-05-02,2435,2540,2435,2520,131575,0.0
2022-05-03,2495,2535,2495,2520,37832,0.0
2022-05-04,2520,2530,2495,2515,24493,-0.001984126984126977
2022-05-06,2500,2510,2465,2475,43488,-0.015904572564612307
2022-05-09,2445,2475,2365,2395,111830,-0.03232323232323231
2022-05-10,2360,2370,2295,2345,85635,-0.02087682672233826
2022-05-11,2345,2365,2320,2350,58179,0.002132196162046851
2022-05-12,2345,2350,2230,2240,120405,-0.04680851063829783
2022-05-13,2240,2290,2225,2260,103165,0.008928571428571397
2022-05-16,2300,2345,2275,2320,67296,0.026548672566371723
2022-05-17,2330,2370,2325,2360,45404,0.01724137931034475
2022-05-18,2360,2400,2345,2365,23118,0.0021186440677967155
2022-05-19,2325,2345,2300,2335,28770,-0.012684989429175508
2022-05-20,2340,2400,2325,2400,47057,0.027837259100642386
2022-05-23,2415,2465,2370,2380,87251,-0.008333333333333304
2022-05-24,2385,2410,2310,2335,48529,-0.018907563025210128
2022-05-25,2320,2355,2310,2355,29851,0.008565310492505418
2022-05-26,2360,2365,2325,2350,24478,-0.002123142250530785
2022-05-27,2355,2370,2330,2340,37377,-0.004255319148936176
2022-05-30,2380,2410,2355,2400,43209,0.02564102564102555
2022-05-31,2405,2430,2380,2390,112951,-0.004166666666666652
2022-06-02,2395,2400,2350,2380,87333,-0.004184100418409997
2022-06-03,2395,2430,2355,2380,105306,0.0
2022-06-07,2385,2385,2330,2350,37367,-0.012605042016806678
2022-06-08,2350,2350,2325,2325,28994,-0.010638297872340385
2022-06-09,2295,2320,2275,2320,88729,-0.0021505376344086446
2022-06-10,2285,2290,2260,2285,65269,-0.015086206896551713
2022-06-13,2240,2245,2170,2180,145377,-0.045951859956236296
2022-06-14,2115,2155,2065,2125,100704,-0.025229357798165153
2022-06-15,2110,2150,1930,1930,322817,-0.09176470588235297
2022-06-16,2030,2060,1970,2015,105043,0.04404145077720201
2022-06-17,1980,2005,1915,1955,121807,-0.02977667493796521
2022-06-20,1955,1975,1795,1825,221782,-0.06649616368286448
2022-06-21,1800,1860,1800,1850,102762,0.013698630136986356
2022-06-22,1840,1860,1730,1740,131116,-0.05945945945945941
2022-06-23,1715,1735,1610,1635,253910,-0.06034482758620685
2022-06-24,1605,1750,1605,1750,142660,0.07033639143730896
2022-06-27,1800,1855,1755,1840,113476,0.05142857142857138
2022-06-28,1840,1860,1790,1840,58135,0.0
2022-06-29,1790,1850,1780,1845,33140,0.0027173913043478937
2022-06-30,1825,1830,1755,1760,104222,-0.046070460704607075
2022-07-01,1740,1840,1740,1795,89931,0.019886363636363535
2022-07-04,1780,1785,1675,1700,96212,-0.05292479108635095
2022-07-05,1695,1800,1695,1795,64756,0.055882352941176494
2022-07-06,1800,1805,1760,1765,29190,-0.01671309192200554
2022-07-07,1765,1825,1765,1820,104674,0.031161473087818692
2022-07-08,1825,1875,1810,1830,106006,0.005494505494505475
2022-07-11,1850,1860,1810,1830,40150,0.0
2022-07-12,1810,1825,1730,1755,64267,-0.040983606557377095
2022-07-13,1755,1805,1730,1800,59988,0.02564102564102555
2022-07-14,1810,1825,1775,1820,47004,0.011111111111111072
2022-07-15,1820,1845,1775,1825,43743,0.0027472527472527375
2022-07-18,1820,1880,1820,1860,50998,0.019178082191780854
2022-07-19,1870,1905,1840,1895,55959,0.018817204301075252
2022-07-20,1925,1935,1880,1915,48595,0.01055408970976246
2022-07-21,1910,1940,1895,1915,31937,0.0
2022-07-22,1915,1950,1900,1915,46670,0.0
2022-07-25,1915,1915,1900,1900,16442,-0.007832898172323799
2022-07-26,1890,1940,1890,1920,24084,0.010526315789473717
2022-07-27,1900,1965,1900,1950,34950,0.015625
2022-07-28,1975,1975,1940,1955,38375,0.002564102564102555
2022-07-29,1955,1985,1955,1975,27190,0.010230179028132946
2022-08-01,1980,2000,1960,1980,30220,0.0025316455696202667
2022-08-02,1980,1995,1950,1980,63126,0.0
2022-08-03,1950,2035,1940,2015,56877,0.017676767676767735
2022-08-04,2015,2040,1995,2010,51669,-0.002481389578163795
2022-08-05,2010,2025,1990,2010,39125,0.0
2022-08-08,2010,2040,2000,2005,43146,-0.0024875621890547706
2022-08-09,2005,2025,1970,1995,46658,-0.004987531172069848
2022-08-10,1995,1995,1980,1990,14818,-0.0025062656641604564
2022-08-11,1990,2010,1975,2000,47704,0.005025125628140614
2022-08-12,2010,2020,1980,2005,53312,0.0024999999999999467
2022-08-16,2005,2025,1995,2025,50831,0.009975062344139696
2022-08-17,2035,2070,1990,2015,93400,-0.004938271604938316
2022-08-18,2015,2015,1970,2005,75982,-0.00496277915632759
2022-08-19,1995,2025,1995,2000,41372,-0.0024937655860348684
2022-08-22,2000,2010,1975,1995,45101,-0.0024999999999999467
2022-08-23,1980,1995,1940,1945,51341,-0.02506265664160401
2022-08-24,1950,1970,1925,1965,39350,0.010282776349614497
2022-08-25,1965,2005,1955,2000,30644,0.01781170483460559
2022-08-26,2005,2025,1980,1985,34850,-0.007499999999999951
2022-08-29,1950,1980,1905,1940,23849,-0.02267002518891692
2022-08-30,1940,1965,1925,1950,30419,0.005154639175257714
2022-08-31,1955,1960,1920,1950,19740,0.0
2022-09-01,1945,1945,1860,1860,79515,-0.0461538461538461
2022-09-02,1850,1910,1850,1890,34031,0.016129032258064502
2022-09-05,1880,1905,1870,1890,25440,0.0
2022-09-06,1870,1920,1870,1905,19089,0.007936507936507908
2022-09-07,1885,1915,1835,1880,43337,-0.013123359580052507
2022-09-08,1870,1900,1870,1890,15915,0.005319148936170137
2022-09-13,1900,1925,1895,1905,28329,0.007936507936507908
2022-09-14,1875,1915,1840,1885,45061,-0.01049868766404205
2022-09-15,1900,1910,1860,1880,22194,-0.0026525198938992522
2022-09-16,1880,1880,1825,1850,38765,-0.015957446808510634
2022-09-19,1850,1855,1750,1800,80235,-0.027027027027026973
2022-09-20,1780,1845,1780,1815,36946,0.008333333333333304
2022-09-21,1810,1815,1775,1805,25487,-0.0055096418732781816
2022-09-22,1785,1795,1740,1790,22919,-0.008310249307479256
2022-09-23,1785,1800,1700,1700,40419,-0.05027932960893855
2022-09-26,1665,1705,1580,1600,143302,-0.05882352941176472
2022-09-27,1610,1610,1520,1545,46691,-0.034375000000000044
2022-09-28,1555,1585,1475,1475,42660,-0.04530744336569581
2022-09-29,1500,1550,1470,1495,40828,0.013559322033898313
2022-09-30,1435,1525,1410,1510,82718,0.010033444816053505
2022-10-04,1515,1580,1515,1575,40115,0.04304635761589415
2022-10-05,1600,1625,1560,1565,22666,-0.006349206349206327
2022-10-06,1580,1625,1580,1600,26952,0.022364217252396124
2022-10-07,1625,1640,1580,1630,35319,0.018750000000000044
2022-10-11,1615,1630,1540,1600,36534,-0.018404907975460127
2022-10-12,1575,1600,1520,1595,113794,-0.0031250000000000444
2022-10-13,1545,1600,1520,1560,34240,-0.021943573667711602
2022-10-14,1595,1635,1560,1610,20174,0.03205128205128216
2022-10-17,1605,1620,1530,1600,29204,-0.006211180124223614
2022-10-18,1610,1730,1610,1720,95383,0.07499999999999996
2022-10-19,1720,1800,1680,1800,86515,0.04651162790697683
2022-10-20,1890,2015,1690,1695,1145874,-0.05833333333333335
2022-10-21,1695,1710,1630,1645,48969,-0.029498525073746285
2022-10-24,1665,1690,1650,1650,25815,0.003039513677811634
2022-10-25,1660,1670,1640,1660,19787,0.0060606060606061
2022-10-26,1660,1675,1590,1615,39994,-0.027108433734939763
2022-10-27,1625,1680,1615,1635,23245,0.01238390092879249
2022-10-28,1640,1640,1590,1620,29856,-0.00917431192660545
2022-10-31,1645,1655,1615,1655,23993,0.021604938271605034
2022-11-01,1655,1685,1640,1670,27615,0.009063444108761365
2022-11-02,1650,1680,1640,1675,17583,0.0029940119760478723
2022-11-03,1645,1670,1640,1660,16835,-0.008955223880596996
2022-11-04,1640,1655,1625,1645,27071,-0.009036144578313254
2022-11-07,1650,1655,1620,1620,50156,-0.015197568389057725
2022-11-08,1640,1650,1600,1640,67850,0.012345679012345734
2022-11-09,1640,1670,1615,1645,64244,0.0030487804878047697
2022-11-10,1640,1660,1620,1650,30933,0.003039513677811634
2022-11-11,1685,1695,1665,1685,70697,0.021212121212121238
2022-11-14,1685,1710,1685,1710,29826,0.014836795252225476
2022-11-15,1710,1820,1710,1805,118617,0.05555555555555558
2022-11-16,1810,1820,1780,1800,17255,-0.0027700831024930483
2022-11-17,1800,1800,1765,1775,27859,-0.01388888888888884
2022-11-18,1775,1805,1765,1765,24631,-0.005633802816901401
2022-11-21,1765,1770,1700,1715,45548,-0.028328611898016942
2022-11-22,1720,1750,1670,1735,42984,0.011661807580174877
2022-11-23,1715,1765,1715,1755,27315,0.011527377521613813
2022-11-24,1775,1800,1755,1800,29949,0.02564102564102555
2022-11-25,1810,1820,1780,1805,32525,0.002777777777777768
2022-11-28,1805,1805,1735,1755,26255,-0.027700831024930705
2022-11-29,1730,1790,1720,1785,43118,0.017094017094017033
2022-11-30,1780,1810,1750,1805,37926,0.011204481792717047
2022-12-01,1820,1835,1795,1810,34589,0.0027700831024930483
2022-12-02,1810,1825,1800,1820,56010,0.005524861878453136
2022-12-05,1815,1820,1785,1800,36360,-0.01098901098901095
2022-12-06,1790,1810,1780,1800,28333,0.0
2022-12-07,1765,1800,1765,1795,17664,-0.002777777777777768
2022-12-08,1790,1790,1735,1760,43192,-0.01949860724233987
2022-12-09,1765,1780,1735,1780,16636,0.011363636363636465
2022-12-12,1775,1780,1730,1750,61445,-0.016853932584269704
2022-12-13,1750,1785,1735,1770,26138,0.011428571428571344
2022-12-14,1750,1790,1750,1790,31119,0.011299435028248483
2022-12-15,1790,1810,1775,1790,39730,0.0
2022-12-16,1770,1780,1735,1775,11889,-0.008379888268156388
2022-12-19,1750,1800,1750,1770,25980,-0.0028169014084507005
2022-12-20,1770,1775,1725,1765,19033,-0.0028248587570621764
2022-12-21,1750,1765,1735,1755,15460,-0.005665722379603388
2022-12-22,1755,1770,1730,1760,35770,0.002849002849002913
2022-12-23,1740,1755,1700,1740,47951,-0.011363636363636354
2022-12-26,1715,1745,1705,1735,18048,-0.002873563218390829
2022-12-27,1710,1745,1670,1735,55867,0.0
2022-12-28,1730,1730,1665,1695,69644,-0.023054755043227626
2022-12-29,1690,1690,1615,1645,64366,-0.029498525073746285
2023-01-02,1645,1655,1555,1555,53331,-0.054711246200607855
2023-01-03,1555,1585,1500,1560,92420,0.003215434083601254
2023-01-04,1500,1665,1500,1610,123533,0.03205128205128216
2023-01-05,1615,1650,1585,1605,41255,-0.0031055900621117516
2023-01-06,1615,1670,1595,1635,28987,0.01869158878504673
2023-01-09,1650,1750,1650,1750,93919,0.07033639143730896
2023-01-10,1750,1760,1720,1750,62092,0.0
2023-01-11,1760,1785,1735,1750,59007,0.0
2023-01-12,1750,1770,1740,1755,18905,0.0028571428571428914
2023-01-13,1755,1785,1720,1720,25985,-0.019943019943019946
2023-01-16,1740,1765,1720,1745,29123,0.014534883720930258
2023-01-17,1775,1775,1735,1735,16670,-0.005730659025787954
2023-01-18,1735,1770,1735,1745,22879,0.0057636887608070175
2023-01-19,1745,1775,1740,1770,39084,0.014326647564469885
2023-01-20,1770,1795,1765,1780,17438,0.005649717514124353
2023-01-25,1780,1805,1780,1787,28535,0.00393258426966292
2023-01-26,1787,1808,1787,1806,40364,0.010632344711807518
2023-01-27,1810,1815,1804,1808,46787,0.001107419712070845
2023-01-30,1808,1819,1781,1807,44747,-0.0005530973451327581
2023-01-31,1807,1819,1789,1813,40153,0.003320420586607531
2023-02-01,1829,1830,1803,1824,55646,0.006067291781577389
2023-02-02,1825,1857,1825,1854,60359,0.016447368421052655
2023-02-03,1860,1907,1850,1904,125852,0.026968716289104577
2023-02-06,1904,1904,1850,1886,34560,-0.009453781512605008
2023-02-07,1868,1880,1860,1880,47003,-0.0031813361611876534
2023-02-08,1870,1955,1870,1926,57765,0.024468085106382986
2023-02-09,1917,1926,1904,1916,39701,-0.005192107995846351
2023-02-10,1916,1925,1888,1910,34213,-0.0031315240083507057
2023-02-13,1910,1910,1870,1887,20495,-0.012041884816753945
2023-02-14,1889,1920,1887,1900,20077,0.006889242183359734
2023-02-15,1905,1910,1850,1880,24424,-0.010526315789473717
2023-02-16,1880,1880,1860,1875,32925,-0.0026595744680850686
2023-02-17,1871,1875,1862,1865,21318,-0.005333333333333301
2023-02-20,1855,1870,1852,1866,28924,0.0005361930294907058
2023-02-21,1863,1878,1850,1870,47228,0.002143622722400762
2023-02-22,1866,1890,1830,1856,11206,-0.007486631016042744
2023-02-23,1846,1886,1838,1859,23032,0.001616379310344751
2023-02-24,1871,1896,1806,1847,35687,-0.0064550833781602535
2023-02-27,1810,1831,1803,1824,43481,-0.012452625879805113
2023-02-28,1801,1850,1801,1848,39934,0.013157894736842035
2023-03-02,1848,1850,1815,1818,66641,-0.016233766233766267
2023-03-03,1822,1839,1818,1833,39421,0.008250825082508184
2023-03-06,1834,1885,1834,1858,40220,0.013638843426077463
2023-03-07,1858,1898,1848,1898,36681,0.02152852529601712
2023-03-08,1895,1907,1864,1895,109220,-0.0015806111696522462
2023-03-09,1889,1926,1850,1881,71415,-0.0073878627968337884
2023-03-10,1880,1881,1851,1870,34055,-0.005847953216374324
2023-03-13,1848,1848,1793,1806,45349,-0.03422459893048124
2023-03-14,1799,1804,1742,1760,54315,-0.025470653377630104
2023-03-15,1760,1782,1755,1780,36255,0.011363636363636465
2023-03-16,1780,1783,1748,1775,38048,-0.002808988764044895
2023-03-17,1780,1785,1771,1785,30576,0.005633802816901401
2023-03-20,1785,1799,1772,1779,29438,-0.003361344537815114
2023-03-21,1790,1790,1760,1767,37617,-0.006745362563237767
2023-03-22,1793,1818,1650,1800,91086,0.018675721561969505
2023-03-23,1800,1800,1701,1701,62441,-0.05500000000000005
2023-03-24,1726,1820,1725,1783,53442,0.04820693709582602
2023-03-27,1784,2065,1784,1988,802194,0.11497476163768927
2023-03-28,1989,1989,1940,1941,203088,-0.023641851106639855
2023-03-29,1950,2240,1940,2060,1585864,0.06130860381246772
2023-03-30,2085,2145,2035,2100,280999,0.01941747572815533
2023-03-31,2100,2105,1994,2060,155487,-0.01904761904761909
2023-04-03,2060,2070,1988,2040,143391,-0.009708737864077666
2023-04-04,2040,2110,2030,2080,156178,0.019607843137254832
2023-04-05,2160,2220,2105,2145,372326,0.03125
2023-04-06,2125,2180,2025,2025,122641,-0.05594405594405594
2023-04-07,2100,2100,2015,2075,84229,0.024691358024691468
2023-04-10,2070,2100,1961,2040,128454,-0.016867469879518038
2023-04-11,2025,2060,1998,2050,122346,0.004901960784313708
2023-04-12,2045,2100,2005,2025,73994,-0.012195121951219523
2023-04-13,2030,2070,1999,2060,51874,0.01728395061728394
2023-04-14,2060,2105,2035,2045,123865,-0.007281553398058249
2023-04-17,2045,2095,2010,2070,124664,0.012224938875305513
2023-04-18,2075,2180,2070,2100,323290,0.01449275362318847
2023-04-19,2170,2585,2150,2355,7332065,0.12142857142857144
2023-04-20,2330,2340,2225,2225,801927,-0.05520169851380041
2023-04-21,2210,2210,2065,2100,634725,-0.0561797752808989
2023-04-24,2100,2100,2045,2065,193602,-0.01666666666666672
2023-04-25,2075,2085,2015,2045,125331,-0.009685230024213065
2023-04-26,2040,2055,1995,2050,114621,0.0024449877750611915
2023-04-27,2050,2075,1998,2070,102158,0.009756097560975618
2023-04-28,2075,2085,1958,1965,287883,-0.050724637681159424
2023-05-02,1965,2040,1965,2015,64770,0.025445292620865034
2023-05-03,1975,2040,1975,2035,44748,0.00992555831265518
2023-05-04,2005,2075,1999,2025,35394,-0.004914004914004955
2023-05-08,2030,2130,2030,2095,135755,0.03456790123456788
2023-05-09,2085,2120,2045,2055,65400,-0.019093078758949833
2023-05-10,2050,2130,2030,2120,110666,0.031630170316301776
2023-05-11,2120,2150,2090,2110,86418,-0.004716981132075526
2023-05-12,2110,2150,2035,2075,79108,-0.016587677725118488
2023-05-15,2060,2100,2005,2010,91010,-0.031325301204819245
2023-05-16,2070,2070,1998,2045,51480,0.017412935323383172
2023-05-17,2050,2135,2045,2095,64408,0.02444987775061125
2023-05-18,2120,2150,2095,2140,80538,0.021479713603818507
2023-05-19,2140,2170,2120,2160,114328,0.009345794392523255
2023-05-22,2150,2180,2125,2160,104835,0.0
2023-05-23,2160,2170,2120,2125,46492,-0.01620370370370372
2023-05-24,2125,2150,2080,2115,31477,-0.004705882352941226
2023-05-25,2115,2160,2075,2075,33081,-0.01891252955082745
2023-05-26,2130,2130,2050,2090,38978,0.0072289156626506035
2023-05-30,2095,2115,2065,2110,49699,0.009569377990430672
2023-05-31,2090,2150,2090,2125,81037,0.007109004739336511
2023-06-01,2130,2170,2100,2115,53266,-0.004705882352941226
2023-06-02,2125,2160,2120,2160,56157,0.02127659574468077
2023-06-05,2150,2190,2135,2155,87010,-0.0023148148148147696
2023-06-07,2150,2160,2110,2150,73849,-0.002320185614849146
2023-06-08,2140,2180,2110,2120,40974,-0.013953488372092981
2023-06-09,2130,2175,2120,2135,39514,0.007075471698113178
2023-06-12,2145,2175,2135,2135,50726,0.0
2023-06-13,2140,2170,2125,2140,82864,0.0023419203747072626
2023-06-14,2135,2170,2110,2125,82638,-0.007009345794392496
2023-06-15,2125,2160,2060,2105,71518,-0.009411764705882342
2023-06-16,2105,2150,2075,2135,70172,0.014251781472684133
2023-06-19,2135,2220,2130,2205,174330,0.032786885245901676
2023-06-20,2205,2215,2160,2200,82877,-0.0022675736961451642
2023-06-21,2200,2230,2165,2200,77977,0.0
2023-06-22,2190,2215,2185,2205,45498,0.002272727272727204
2023-06-23,2175,2205,2155,2160,83793,-0.020408163265306145
2023-06-26,2160,2170,2110,2170,20208,0.004629629629629539
2023-06-27,2170,2170,2130,2160,27248,-0.004608294930875556
2023-06-28,2160,2185,2130,2150,21999,-0.00462962962962965
2023-06-29,2130,2180,2100,2100,48839,-0.023255813953488413
2023-06-30,2065,2150,2065,2150,29409,0.023809523809523725
2023-07-03,2125,2165,2125,2140,27273,-0.0046511627906976605
2023-07-04,2145,2230,2140,2210,92755,0.032710280373831724
2023-07-05,2230,2230,2165,2190,87503,-0.009049773755656076
2023-07-06,2190,2220,2140,2190,67526,0.0
2023-07-07,2165,2185,2100,2145,81294,-0.020547945205479423
2023-07-10,2130,2180,2100,2175,42121,0.013986013986013957
2023-07-11,2155,2205,2125,2130,36984,-0.020689655172413834
2023-07-12,2155,2170,2130,2150,24351,0.009389671361502261
2023-07-13,2175,2190,2140,2140,30633,-0.0046511627906976605
2023-07-14,2150,2205,2130,2155,49170,0.007009345794392496
2023-07-17,2155,2190,2155,2175,24092,0.009280742459396807
2023-07-18,2190,2225,2130,2155,84923,-0.00919540229885063
2023-07-19,2170,2170,2100,2160,87466,0.002320185614849146
2023-07-20,2145,2160,2110,2145,25117,-0.00694444444444442
2023-07-21,2160,2175,2100,2160,58635,0.006993006993007089
2023-07-24,2140,2160,2035,2035,120180,-0.05787037037037035
2023-07-25,2030,2065,1895,1907,204777,-0.06289926289926295
2023-07-26,1900,1903,1730,1826,317304,-0.04247509176717357
2023-07-27,1761,1896,1761,1892,86903,0.03614457831325302
2023-07-28,1832,1935,1832,1921,39789,0.015327695560253707
2023-07-31,1925,1975,1910,1946,50873,0.013014055179593864
2023-08-01,1952,1987,1916,1942,24297,-0.0020554984583761593
2023-08-02,2105,2400,1967,2245,6712436,0.15602471678681762
2023-08-03,2505,2665,2020,2110,9453273,-0.060133630289532336
2023-08-04,2015,2095,1968,2015,821957,-0.04502369668246442
2023-08-07,2015,2300,2010,2300,1853817,0.14143920595533488
2023-08-08,2450,2495,1983,2000,2543314,-0.13043478260869568
2023-08-09,2020,2055,1928,2050,325517,0.02499999999999991
2023-08-10,2090,2095,1979,1991,282041,-0.028780487804878074
2023-08-11,2060,2185,2005,2150,934124,0.07985936715218478
2023-08-14,2270,2575,2205,2575,5558951,0.19767441860465107
2023-08-16,2525,3345,2515,3345,16675593,0.29902912621359223
2023-08-17,3600,3840,2800,3400,60812635,0.01644245142002987
2023-08-18,3400,3515,2480,2580,11774814,-0.24117647058823533
2023-08-21,2495,2600,2310,2360,3837236,-0.0852713178294574
2023-08-22,2320,2420,2215,2415,3161696,0.02330508474576276
2023-08-23,2440,2505,2115,2165,7064288,-0.10351966873706009
2023-08-24,2170,2210,2105,2155,1405581,-0.004618937644341847
2023-08-25,2150,2170,2060,2085,1110792,-0.0324825986078886
2023-08-28,2100,2160,2030,2155,627296,0.033573141486810565
2023-08-29,2150,2265,2125,2190,689932,0.016241299303944245
2023-08-30,2200,2255,2180,2220,439183,0.013698630136986356
2023-08-31,2245,2325,2150,2170,743762,-0.022522522522522515
2023-09-01,2170,2175,2065,2075,488029,-0.04377880184331795
2023-09-04,2100,2100,2035,2055,377429,-0.009638554216867434
2023-09-05,2055,2220,2055,2145,1025870,0.04379562043795615
2023-09-06,2170,2170,2115,2135,316970,-0.004662004662004615
2023-09-07,2145,2160,2065,2070,320509,-0.030444964871194413
2023-09-08,2060,2140,2060,2120,329001,0.024154589371980784
2023-09-11,2120,2145,2085,2090,225164,-0.014150943396226467
2023-09-12,2090,2135,2035,2060,304019,-0.014354066985645897
2023-09-13,2050,2095,2030,2055,238005,-0.0024271844660194164
2023-09-14,2095,2275,2065,2190,1537274,0.06569343065693434
2023-09-15,2195,2220,2140,2145,489219,-0.020547945205479423
2023-09-18,2145,2230,2145,2185,531525,0.018648018648018683
2023-09-19,2185,2200,2120,2125,277076,-0.027459954233409634
2023-09-20,2125,2205,2125,2145,304642,0.009411764705882453
2023-09-21,2135,2175,2100,2145,285645,0.0
2023-09-22,2115,2185,2095,2145,339762,0.0
2023-09-25,2155,2175,2050,2050,373247,-0.044289044289044344
2023-09-26,2095,2095,1980,1989,220422,-0.029756097560975636
2023-09-27,1967,2010,1953,1985,157672,-0.002011060834590239
2023-10-04,1988,1999,1851,1885,198888,-0.05037783375314864
2023-10-05,1905,1955,1844,1855,157461,-0.01591511936339518
2023-10-06,1810,1943,1810,1906,146424,0.027493261455525664
2023-10-10,1906,1985,1866,1873,154310,-0.017313746065057756
2023-10-11,1860,1941,1860,1908,113198,0.01868659903897485
2023-10-12,1926,1948,1900,1924,129658,0.008385744234800763
2023-10-13,1924,1924,1850,1875,188472,-0.025467775467775455
2023-10-16,1880,1880,1810,1831,114079,-0.023466666666666636
2023-10-17,1832,1918,1832,1880,141934,0.026761332605133914
2023-10-18,1883,1915,1859,1870,93945,-0.005319148936170248
2023-10-19,1852,1866,1794,1803,145059,-0.03582887700534765
2023-10-20,1800,1800,1720,1743,170993,-0.03327787021630613
2023-10-23,1743,1762,1701,1722,135689,-0.012048192771084376
2023-10-24,1722,1776,1677,1770,132676,0.027874564459930307
2023-10-25,1790,1832,1770,1770,94735,0.0
2023-10-26,1737,1793,1701,1730,114920,-0.02259887005649719
2023-10-27,1730,1770,1713,1735,51689,0.0028901734104045396
2023-10-30,1740,1765,1698,1752,61630,0.009798270893371708
2023-10-31,1752,1768,1694,1719,87255,-0.018835616438356184
2023-11-01,1719,1755,1713,1740,44947,0.01221640488656206
2023-11-02,1790,1792,1748,1783,76591,0.02471264367816084
2023-11-03,1783,1809,1760,1800,63834,0.009534492428491248
2023-11-06,1810,1840,1791,1811,124598,0.006111111111111178
2023-11-07,1814,1833,1760,1788,146777,-0.012700165654334628
2023-11-08,1798,1824,1787,1804,42121,0.008948545861297452
2023-11-09,1804,1808,1770,1770,73909,-0.018847006651884657
2023-11-10,1742,1770,1739,1739,39236,-0.017514124293785294
2023-11-13,1740,1790,1711,1753,94889,0.00805060379528455
2023-11-14,1747,1770,1728,1756,33386,0.0017113519680547196
2023-11-15,1780,1829,1762,1800,130362,0.02505694760820054
2023-11-16,1800,1829,1791,1824,79434,0.01333333333333342
2023-11-17,1820,1820,1780,1812,124534,-0.006578947368421018
2023-11-20,1808,1822,1797,1807,53626,-0.0027593818984547047
2023-11-21,1820,1845,1807,1826,93610,0.010514665190924255
2023-11-22,1826,1858,1814,1841,82913,0.008214676889375605
2023-11-23,1855,1860,1825,1840,77646,-0.0005431830526887449
2023-11-24,1835,1844,1821,1836,42964,-0.0021739130434782483
2023-11-27,1833,1833,1781,1785,115002,-0.02777777777777779
2023-11-28,1786,1804,1773,1796,109188,0.006162464985994376
2023-11-29,1799,1799,1770,1777,58844,-0.010579064587973308
2023-11-30,1777,1794,1761,1780,80364,0.0016882386043894915
2023-12-01,1779,1790,1761,1769,65040,-0.006179775280898858
2023-12-04,1775,1789,1767,1784,56375,0.00847936687394002
2023-12-05,1784,1789,1762,1762,119838,-0.012331838565022402
2023-12-06,1762,1789,1757,1786,58600,0.013620885357548351
2023-12-07,1786,1794,1750,1764,155492,-0.012318029115341522
2023-12-08,1764,1785,1764,1779,74486,0.008503401360544283
2023-12-11,1778,1810,1776,1800,86417,0.01180438448566612
2023-12-12,1820,1820,1791,1810,78838,0.005555555555555536
2023-12-13,1810,1813,1797,1802,63949,-0.0044198895027623974
2023-12-14,1802,1814,1782,1811,55608,0.00499445061043291
2023-12-15,1810,1850,1803,1835,100783,0.01325234676974052
2023-12-18,1836,1860,1820,1853,78820,0.009809264305177035
2023-12-19,1853,1853,1829,1841,33989,-0.0064759848893686245
2023-12-20,1859,1859,1841,1856,63250,0.008147745790331395
2023-12-21,1850,1861,1825,1846,80096,-0.0053879310344827624
2023-12-22,1912,1914,1846,1855,260783,0.0048754062838569645
2023-12-26,1855,1939,1852,1919,239283,0.0345013477088949
2023-12-27,1918,1918,1855,1860,142493,-0.030745179781136
2023-12-28,1860,1868,1835,1857,56539,-0.001612903225806428
2024-01-02,1883,1883,1838,1848,62230,-0.004846526655896577
2024-01-03,1839,1900,1826,1832,91671,-0.008658008658008698
2024-01-04,1848,2190,1820,1901,2527984,0.0376637554585153
2024-01-05,1905,1960,1872,1914,346702,0.006838506049447579
2024-01-08,1915,2140,1893,1995,2144028,0.042319749216300995
2024-01-09,1981,1999,1939,1947,396404,-0.024060150375939893
2024-01-10,1932,1943,1910,1925,207237,-0.011299435028248594
2024-01-11,1927,1980,1927,1955,153010,0.01558441558441559
2024-01-12,1955,1960,1919,1936,114790,-0.009718670076726332
2024-01-15,1947,1947,1901,1913,69284,-0.011880165289256173
2024-01-16,1932,1950,1885,1887,87456,-0.013591217982226844
2024-01-17,1881,1889,1812,1821,227053,-0.03497615262321141
2024-01-18,1834,1859,1820,1844,65536,0.012630422844590816
2024-01-19,1846,1890,1846,1879,56584,0.01898047722342744
2024-01-22,1920,2050,1879,1942,1194201,0.03352847259180414
2024-01-23,1947,1955,1914,1941,158946,-0.000514933058702316
