Date,Open,High,Low,Close,Volume,Change
2022-01-03,966,966,946,962,79479,0.006276150627614996
2022-01-04,975,975,961,971,64392,0.009355509355509328
2022-01-05,1025,1259,1025,1259,18362366,0.2966014418125644
2022-01-06,1319,1633,1301,1633,23166872,0.2970611596505164
2022-01-07,1878,2050,1559,1633,55942153,0.0
2022-01-10,1590,1829,1559,1633,41387774,0.0
2022-01-11,1614,1768,1571,1633,14134680,0.0
2022-01-12,1547,1645,1448,1455,8852548,-0.1090018371096142
2022-01-13,1436,1891,1375,1891,54652883,0.2996563573883162
2022-01-14,2087,2406,1755,1940,126076508,0.025912215758857826
2022-01-17,1897,1897,1805,1873,4147005,-0.03453608247422679
2022-01-18,1909,1946,1903,1916,2961410,0.022957821676454992
2022-01-19,1878,1952,1804,1854,2520704,-0.03235908141962418
2022-01-20,1865,2049,1730,1755,28498641,-0.05339805825242716
2022-01-21,1725,2278,1663,2278,77515989,0.298005698005698
2022-01-24,2252,2289,1945,1964,24114582,-0.13784021071115016
2022-01-25,1969,2000,1730,1749,11696363,-0.10947046843177188
2022-01-26,1725,1842,1682,1707,9790892,-0.02401372212692965
2022-01-27,1707,1713,1474,1474,6764146,-0.13649677797305215
2022-01-28,1535,1596,1473,1486,4848003,0.008141112618724522
2022-02-03,1497,1589,1435,1540,5034047,0.03633916554508754
2022-02-04,1516,1688,1430,1455,13595035,-0.05519480519480524
2022-02-07,1485,1534,1442,1498,3101147,0.02955326460481089
2022-02-08,1503,1583,1466,1571,3366357,0.04873164218958603
2022-02-09,1565,1645,1541,1615,4220065,0.02800763844684906
2022-02-10,1589,1614,1534,1559,2112555,-0.03467492260061922
2022-02-11,1522,1534,1436,1449,2172630,-0.07055805003207183
2022-02-14,1412,1510,1252,1259,6841838,-0.13112491373360935
2022-02-15,1289,1430,1246,1271,7402652,0.009531374106433788
2022-02-16,1301,1423,1282,1338,7723469,0.05271439811172307
2022-02-17,1319,1375,1258,1277,3212487,-0.04559043348281011
2022-02-18,1257,1324,1226,1288,1794445,0.008613938919342257
2022-02-21,1301,1657,1294,1522,40209001,0.18167701863354035
2022-02-22,1437,1651,1394,1480,17017678,-0.02759526938239154
2022-02-23,1498,1608,1473,1486,8953472,0.004054054054054124
2022-02-24,1485,1559,1436,1492,5321449,0.004037685060565233
2022-02-25,1540,1607,1490,1540,9703628,0.03217158176943702
2022-02-28,1559,1651,1522,1621,11900879,0.05259740259740253
2022-03-02,1638,1638,1558,1571,4763810,-0.03084515731030224
2022-03-03,1326,1559,1326,1437,7175872,-0.0852959898154042
2022-03-04,1435,1435,1307,1350,3099564,-0.06054279749478075
2022-03-07,1375,1553,1350,1449,13775649,0.07333333333333325
2022-03-08,1455,1473,1356,1406,5318479,-0.029675638371290503
2022-03-10,1116,1159,1073,1103,8270604,-0.21550497866287344
2022-03-11,1092,1101,1033,1054,3545060,-0.04442429737080689
2022-03-14,1038,1046,989,1007,1883015,-0.044592030360531276
2022-03-15,1019,1307,1007,1307,15010521,0.29791459781529306
2022-03-16,1430,1657,1412,1498,33751183,0.1461361897475133
2022-03-17,1498,1522,1418,1492,5719000,-0.004005340453938633
2022-03-18,1479,1479,1399,1430,2598405,-0.041554959785522816
2022-03-21,1436,1436,1337,1387,2508913,-0.030069930069930084
2022-03-22,1374,1448,1337,1393,3020324,0.00432588320115368
2022-03-23,1393,1596,1338,1455,13735674,0.044508255563531884
2022-03-24,1436,1503,1411,1467,3449905,0.008247422680412342
2022-03-25,1485,1497,1423,1430,2373561,-0.025221540558963862
2022-03-28,1429,1429,1374,1393,966260,-0.025874125874125853
2022-03-29,1412,1529,1375,1480,4955131,0.06245513280689163
2022-03-30,1436,1442,1387,1406,2015453,-0.050000000000000044
2022-03-31,1400,1424,1381,1400,990180,-0.004267425320056861
2022-04-01,1393,1479,1362,1412,5363146,0.008571428571428674
2022-04-04,1406,1424,1381,1406,993639,-0.004249291784702569
2022-04-05,1417,1473,1381,1424,4627644,0.012802275960170695
2022-04-06,1405,1423,1386,1393,932901,-0.0217696629213483
2022-04-07,1368,1405,1337,1344,1133313,-0.035175879396984966
2022-04-08,1344,1362,1234,1277,1275518,-0.049851190476190466
2022-04-11,1277,1326,1246,1265,397132,-0.009397024275646038
2022-04-12,1252,1264,1215,1234,497511,-0.02450592885375491
2022-04-13,1240,1295,1228,1228,570655,-0.004862236628849326
2022-04-14,1301,1596,1258,1369,31736621,0.1148208469055374
2022-04-15,1374,1620,1331,1510,35763613,0.10299488677867052
2022-04-18,1486,1553,1437,1437,4610812,-0.04834437086092713
2022-04-19,1448,1589,1442,1571,14791777,0.09324982602644405
2022-04-20,1547,1559,1442,1449,5010544,-0.07765754296626348
2022-04-21,1442,1485,1412,1449,2028772,0.0
2022-04-22,1412,1448,1405,1412,1778136,-0.02553485162180813
2022-04-25,1369,1467,1356,1406,1467834,-0.004249291784702569
2022-04-26,1417,1497,1386,1393,2083032,-0.009246088193456625
2022-04-27,1393,1393,1331,1338,1257056,-0.03948312993539127
2022-04-28,1350,1540,1344,1430,10908790,0.06875934230194325
2022-04-29,1430,1485,1412,1443,2728956,0.009090909090909038
2022-05-02,1405,1430,1393,1412,724121,-0.021483021483021503
2022-05-03,1424,1461,1406,1437,1852050,0.01770538243626052
2022-05-04,1436,1442,1400,1400,754763,-0.025748086290883765
2022-05-06,1381,1516,1350,1418,4616433,0.0128571428571429
2022-05-09,1431,1492,1406,1474,3165225,0.03949224259520445
2022-05-10,1449,1498,1418,1486,2296285,0.008141112618724522
2022-05-11,1497,1534,1448,1467,2482047,-0.012786002691790088
2022-05-12,1466,1472,1417,1430,1191987,-0.025221540558963862
2022-05-13,1436,1473,1430,1449,1069353,0.01328671328671338
2022-05-16,1437,1467,1424,1437,1049459,-0.008281573498964856
2022-05-17,1387,1430,1375,1406,1109319,-0.021572720946416157
2022-05-18,1393,1461,1387,1461,1709119,0.03911806543385499
2022-05-19,1412,1523,1412,1474,2370270,0.00889801505817922
2022-05-20,1485,1498,1449,1449,1138990,-0.016960651289009476
2022-05-23,1449,1547,1449,1486,3662479,0.02553485162180813
2022-05-24,1485,1491,1454,1461,1315234,-0.01682368775235532
2022-05-25,1479,1485,1436,1449,1501423,-0.008213552361396315
2022-05-26,1473,1522,1430,1437,3133369,-0.008281573498964856
2022-05-27,1460,1466,1417,1424,973046,-0.009046624913013224
2022-05-30,1418,1424,1276,1369,2584038,-0.038623595505618
2022-05-31,1368,1368,1332,1332,656622,-0.027027027027026973
2022-06-02,1356,1356,1319,1332,433864,0.0
2022-06-03,1331,1337,1276,1295,904856,-0.02777777777777779
2022-06-07,1258,1289,1246,1271,625858,-0.018532818532818518
2022-06-08,1276,1313,1227,1246,782237,-0.019669551534225005
2022-06-09,1233,1252,1210,1225,987292,-0.016853932584269704
2022-06-10,1226,1226,1172,1191,644338,-0.027755102040816326
2022-06-13,1181,1191,1094,1135,486927,-0.0470193115029387
2022-06-14,1082,1448,1079,1234,19412063,0.08722466960352415
2022-06-15,1294,1325,1109,1123,5030892,-0.08995137763371153
2022-06-16,1142,1148,1102,1102,880483,-0.018699910952804988
2022-06-17,1152,1215,1043,1106,1455429,0.003629764065335772
2022-06-20,1106,1106,1025,1034,568882,-0.06509945750452084
2022-06-21,1013,1068,1006,1056,401470,0.02127659574468077
2022-06-22,1043,1090,1003,1007,371154,-0.04640151515151514
2022-06-23,1006,1018,946,946,507093,-0.06057596822244293
2022-06-24,958,1006,946,994,279775,0.05073995771670181
2022-06-27,1029,1043,995,1041,472770,0.04728370221327971
2022-06-28,1026,1063,1017,1056,215821,0.014409221902017322
2022-06-29,1031,1088,1026,1038,243741,-0.017045454545454586
2022-06-30,1038,1072,1025,1025,198544,-0.012524084778420042
2022-07-01,1024,1045,981,985,182774,-0.039024390243902474
2022-07-04,995,1000,938,972,173047,-0.013197969543147225
2022-07-05,971,1007,971,1003,142796,0.03189300411522633
2022-07-06,1029,1029,946,985,132125,-0.017946161515453585
2022-07-07,994,1004,981,991,151371,0.006091370558375608
2022-07-08,999,1209,995,1047,3991248,0.056508577194752885
2022-07-11,1043,1060,1019,1037,398305,-0.009551098376313294
2022-07-12,1032,1034,1003,1003,202104,-0.032786885245901676
2022-07-13,988,1041,979,1003,261415,0.0
2022-07-14,1004,1023,994,1012,220263,0.008973080757726848
2022-07-15,1010,1014,982,996,215664,-0.015810276679841917
2022-07-18,1006,1022,994,1013,291817,0.017068273092369468
2022-07-19,1012,1034,1008,1026,215573,0.012833168805528095
2022-07-20,1033,1045,1023,1025,235519,-0.0009746588693957392
2022-07-21,1038,1038,1014,1024,196934,-0.0009756097560975618
2022-07-22,1032,1032,1014,1018,158056,-0.005859375
2022-07-25,1020,1028,1000,1002,126672,-0.015717092337917515
2022-07-26,1007,1029,1002,1007,132231,0.004990019960079861
2022-07-27,1007,1017,1006,1015,128458,0.00794438927507457
2022-07-28,1016,1021,1000,1002,149107,-0.012807881773398977
2022-07-29,1012,1042,1002,1041,351579,0.038922155688622784
2022-08-01,1040,1041,1020,1028,176773,-0.012487992315081686
2022-08-02,1028,1028,1007,1016,111121,-0.011673151750972721
2022-08-03,1011,1027,1009,1019,130909,0.0029527559055118058
2022-08-04,1018,1032,1018,1020,162506,0.0009813542688910104
2022-08-05,1023,1077,1023,1044,590633,0.0235294117647058
2022-08-08,1040,1118,1040,1092,1082378,0.04597701149425282
2022-08-09,1102,1116,1067,1080,415082,-0.01098901098901095
2022-08-10,1070,1070,1049,1058,213561,-0.020370370370370372
2022-08-11,1061,1093,1061,1084,309385,0.02457466918714557
2022-08-12,1084,1084,1060,1064,254657,-0.01845018450184499
2022-08-16,1065,1090,1055,1089,320934,0.023496240601503793
2022-08-17,1087,1090,1062,1072,136675,-0.015610651974288348
2022-08-18,1070,1070,1033,1059,155625,-0.012126865671641784
2022-08-19,1058,1223,1036,1108,5356230,0.04627006610009432
2022-08-22,1112,1154,1057,1072,691410,-0.032490974729241895
2022-08-23,1080,1080,1043,1047,260066,-0.02332089552238803
2022-08-24,1064,1078,1051,1058,82340,0.010506208213944657
2022-08-25,1057,1085,1057,1070,155080,0.011342155009451904
2022-08-26,1068,1098,1067,1086,203883,0.01495327102803734
2022-08-29,1092,1097,1059,1059,220277,-0.024861878453038666
2022-08-30,1088,1088,1044,1059,165242,0.0
2022-08-31,1073,1073,1049,1059,181371,0.0
2022-09-01,1057,1068,995,1019,247007,-0.03777148253068929
2022-09-02,1020,1036,1018,1025,97158,0.0058881256133465065
2022-09-05,1024,1024,987,996,184174,-0.028292682926829293
2022-09-06,995,1026,987,999,90716,0.003012048192771122
2022-09-07,999,1016,958,977,245560,-0.02202202202202197
2022-09-08,980,1153,973,999,3562470,0.022517911975435068
2022-09-13,1003,1043,970,1007,494579,0.00800800800800805
2022-09-14,997,997,968,988,196606,-0.018867924528301883
2022-09-15,988,1068,988,1001,410750,0.013157894736842035
2022-09-16,1005,1010,981,988,256457,-0.012987012987012991
2022-09-19,988,1000,981,981,233923,-0.007085020242915019
2022-09-20,980,1004,975,978,234153,-0.003058103975535187
2022-09-21,967,993,963,963,191474,-0.015337423312883458
2022-09-22,963,969,932,939,479969,-0.024922118380062308
2022-09-23,929,951,927,942,132466,0.0031948881789136685
2022-09-26,941,941,859,863,377509,-0.08386411889596601
2022-09-27,858,880,846,855,126074,-0.009269988412514474
2022-09-28,836,863,816,850,267220,-0.005847953216374324
2022-09-29,850,951,831,847,1444526,-0.003529411764705892
2022-09-30,833,895,818,848,371802,0.0011806375442739991
2022-10-04,847,877,847,871,180743,0.027122641509433887
2022-10-05,869,882,846,854,169941,-0.019517795637198576
2022-10-06,854,879,854,873,155524,0.022248243559718883
2022-10-07,908,908,859,874,107803,0.001145475372279492
2022-10-11,899,900,822,843,233250,-0.035469107551487467
2022-10-12,828,858,821,841,144325,-0.0023724792408066353
2022-10-13,846,846,810,810,101332,-0.03686087990487519
2022-10-14,874,968,831,835,2963847,0.030864197530864113
2022-10-17,809,837,809,824,236357,-0.013173652694610793
2022-10-18,846,857,828,842,248535,0.02184466019417486
2022-10-19,842,849,836,841,190338,-0.001187648456057011
2022-10-20,835,849,824,824,173398,-0.02021403091557672
2022-10-21,837,838,814,814,156901,-0.012135922330097082
2022-10-24,815,837,815,820,83011,0.0073710073710073765
2022-10-25,833,833,807,820,219722,0.0
2022-10-26,820,830,805,813,111935,-0.008536585365853666
2022-10-27,812,818,796,810,195984,-0.0036900369003689537
2022-10-28,819,819,797,806,105930,-0.004938271604938316
2022-10-31,809,810,798,803,95751,-0.003722084367245637
2022-11-01,802,808,797,807,110294,0.00498132004981322
2022-11-02,807,807,800,804,75232,-0.0037174721189591198
2022-11-03,797,802,754,795,97086,-0.011194029850746245
2022-11-04,796,796,774,788,78434,-0.008805031446540879
2022-11-07,790,810,790,798,44495,0.012690355329949332
2022-11-08,790,801,790,800,54402,0.0025062656641603454
2022-11-09,799,870,797,812,388995,0.014999999999999902
2022-11-10,818,818,800,807,46117,-0.006157635467980316
2022-11-11,815,820,807,819,153052,0.014869888475836479
2022-11-14,819,828,815,822,139533,0.00366300366300365
2022-11-15,821,830,817,824,135924,0.0024330900243310083
2022-11-16,835,845,821,833,234384,0.010922330097087318
2022-11-17,837,839,819,833,125214,0.0
2022-11-18,825,840,822,827,127638,-0.007202881152461038
2022-11-21,833,833,810,818,85779,-0.010882708585247869
2022-11-22,811,837,802,820,99114,0.0024449877750611915
2022-11-23,832,832,812,819,82967,-0.0012195121951219523
2022-11-24,827,834,810,826,97884,0.008547008547008517
2022-11-25,825,834,823,833,144722,0.008474576271186418
2022-11-28,833,949,822,849,3991839,0.019207683073229287
2022-11-29,846,846,808,822,458395,-0.03180212014134276
2022-11-30,821,841,810,824,192432,0.0024330900243310083
2022-12-01,828,841,825,838,139850,0.016990291262136026
2022-12-02,844,846,828,833,114793,-0.005966587112171795
2022-12-05,833,849,828,837,89241,0.004801920768307433
2022-12-06,834,844,817,819,115118,-0.021505376344086002
2022-12-07,817,833,809,830,61033,0.013431013431013383
2022-12-08,828,887,810,819,528535,-0.013253012048192736
2022-12-09,824,824,810,820,79328,0.0012210012210012167
2022-12-12,825,830,820,829,123885,0.01097560975609757
2022-12-13,822,836,822,827,109197,-0.0024125452352231624
2022-12-14,833,857,827,843,200770,0.0193470374848852
2022-12-15,843,846,832,837,163271,-0.007117437722419906
2022-12-16,833,843,827,836,113448,-0.0011947431302270495
2022-12-19,833,853,833,842,151077,0.0071770334928229484
2022-12-20,856,856,828,855,106324,0.015439429928741033
2022-12-21,858,862,838,845,133034,-0.011695906432748537
2022-12-22,847,858,843,843,90938,-0.002366863905325478
2022-12-23,842,856,819,829,98921,-0.016607354685646447
2022-12-26,824,828,810,813,148471,-0.0193003618817853
2022-12-27,818,827,809,818,78068,0.006150061500614923
2022-12-28,808,820,807,811,92759,-0.008557457212713948
2022-12-29,800,810,795,797,117765,-0.01726263871763256
2023-01-02,797,801,779,786,79464,-0.013801756587201952
2023-01-03,782,785,766,778,138749,-0.010178117048346036
2023-01-04,772,776,759,761,128243,-0.02185089974293064
2023-01-05,765,785,760,768,55104,0.009198423127463773
2023-01-06,766,775,760,769,31291,0.0013020833333332593
2023-01-09,768,787,768,780,54972,0.014304291287386306
2023-01-10,787,787,774,781,19511,0.0012820512820512775
2023-01-11,776,789,776,785,72436,0.005121638924455718
2023-01-12,787,797,787,791,75360,0.007643312101910826
2023-01-13,797,807,790,793,66319,0.0025284450063212116
2023-01-16,792,796,778,794,73591,0.0012610340479193294
2023-01-17,794,802,787,791,37588,-0.0037783375314861534
2023-01-18,789,796,781,785,56790,-0.007585335018963302
2023-01-19,784,786,780,782,21057,-0.003821656050955413
2023-01-20,782,788,781,784,27347,0.002557544757033181
2023-01-25,783,803,783,795,59010,0.014030612244897878
2023-01-26,802,802,791,793,125301,-0.002515723270440251
2023-01-27,804,804,791,795,45114,0.0025220680958386588
2023-01-30,794,906,791,807,1707012,0.015094339622641506
2023-01-31,821,821,800,809,153274,0.0024783147459728205
2023-02-01,809,810,796,803,108395,-0.007416563658838027
2023-02-02,802,894,798,812,2097579,0.011207970112079746
2023-02-03,815,871,805,830,1256050,0.022167487684729092
2023-02-06,839,839,817,822,309282,-0.009638554216867434
2023-02-07,817,829,803,816,275050,-0.007299270072992692
2023-02-08,814,816,803,824,318295,0.009803921568627416
2023-02-09,824,824,807,816,230786,-0.009708737864077666
2023-02-10,813,813,782,787,332848,-0.035539215686274495
2023-02-13,788,797,780,793,106986,0.007623888182973326
2023-02-14,779,807,779,784,214733,-0.011349306431273631
2023-02-15,784,791,757,771,410769,-0.01658163265306123
2023-02-16,764,777,760,776,285717,0.006485084306095956
2023-02-17,821,858,761,776,1259615,0.0
2023-02-20,793,809,774,779,266924,0.0038659793814432852
2023-02-21,785,795,767,771,330778,-0.010269576379974277
2023-02-22,764,768,747,749,416332,-0.02853437094682232
2023-02-23,746,753,733,735,512759,-0.01869158878504673
2023-02-24,734,739,703,716,563270,-0.025850340136054473
2023-02-27,717,718,702,711,197102,-0.006983240223463638
2023-02-28,711,716,687,694,432382,-0.023909985935302358
2023-03-02,694,698,674,674,361205,-0.028818443804034533
2023-03-03,688,688,654,659,358320,-0.022255192878338326
2023-03-06,657,667,640,643,278466,-0.02427921092564489
2023-03-07,644,658,634,652,269808,0.013996889580093264
2023-03-08,655,655,637,642,139210,-0.015337423312883458
2023-03-09,642,720,642,674,924892,0.049844236760124616
2023-03-10,685,685,656,672,214532,-0.0029673590504450953
2023-03-13,667,667,640,650,147384,-0.03273809523809523
2023-03-14,650,653,615,615,345665,-0.05384615384615388
2023-03-15,615,631,614,629,105195,0.02276422764227637
2023-03-16,630,632,615,628,57766,-0.0015898251192368873
2023-03-17,627,642,621,640,54073,0.019108280254777066
2023-03-20,638,643,627,636,109049,-0.006249999999999978
2023-03-21,625,636,624,634,127702,-0.0031446540880503138
2023-03-22,633,639,624,624,107058,-0.01577287066246058
2023-03-23,637,637,616,628,120373,0.0064102564102563875
2023-03-24,626,664,625,639,133835,0.01751592356687892
2023-03-27,638,645,623,643,87855,0.006259780907668322
2023-03-28,627,680,627,643,456395,0.0
2023-03-29,637,652,637,641,83766,-0.0031104199066873672
2023-03-30,640,653,638,642,68751,0.0015600624024960652
2023-03-31,647,681,647,666,381223,0.03738317757009346
2023-04-03,674,701,674,687,373429,0.03153153153153143
2023-04-04,712,712,680,684,421780,-0.004366812227074246
2023-04-05,689,693,675,691,210181,0.01023391812865504
2023-04-06,674,685,661,674,282838,-0.02460202604920403
2023-04-07,674,703,650,674,607190,0.0
2023-04-10,680,680,647,652,246898,-0.03264094955489616
2023-04-11,652,659,643,652,78336,0.0
2023-04-12,651,668,650,664,135598,0.018404907975460016
2023-04-13,657,673,657,665,93014,0.001506024096385561
2023-04-14,658,675,658,668,75164,0.004511278195488799
2023-04-17,676,677,657,665,73105,-0.004491017964071808
2023-04-18,660,668,656,665,105712,0.0
2023-04-19,665,665,656,659,86754,-0.009022556390977488
2023-04-20,663,670,644,646,149423,-0.019726858877086473
2023-04-21,644,650,634,643,137031,-0.004643962848297267
2023-04-24,642,646,625,638,168224,-0.007776049766718529
2023-04-25,638,645,622,632,81168,-0.009404388714733591
2023-04-26,631,643,623,628,43520,-0.006329113924050667
2023-04-27,627,638,614,623,79749,-0.0079617834394905
2023-04-28,627,637,617,626,90241,0.0048154093097914075
2023-05-02,625,635,614,633,131411,0.011182108626198062
2023-05-03,632,642,612,636,98278,0.004739336492890933
2023-05-04,633,662,628,654,250710,0.028301886792452935
2023-05-08,651,668,651,664,154997,0.015290519877675823
2023-05-09,663,669,657,661,151480,-0.004518072289156572
2023-05-10,654,671,650,662,82964,0.001512859304084735
2023-05-11,662,672,662,666,82897,0.0060422960725075026
2023-05-12,676,676,655,664,79130,-0.0030030030030030463
2023-05-15,672,672,623,650,79634,-0.02108433734939763
2023-05-16,656,666,649,658,79184,0.012307692307692353
2023-05-17,661,667,651,665,49362,0.010638297872340496
2023-05-18,658,669,658,667,42280,0.003007518796992459
2023-05-19,667,703,661,691,409971,0.0359820089955023
2023-05-22,704,740,694,728,566872,0.05354558610709126
2023-05-23,727,741,715,718,277804,-0.013736263736263687
2023-05-24,712,741,705,730,235228,0.01671309192200554
2023-05-25,742,773,735,766,824657,0.049315068493150704
2023-05-26,775,792,761,774,596592,0.010443864229765065
2023-05-30,773,823,771,823,992276,0.06330749354005172
2023-05-31,825,830,797,806,586683,-0.020656136087484844
2023-06-01,806,806,770,806,193937,0.0
2023-06-02,799,808,795,804,90218,-0.002481389578163795
2023-06-05,793,803,784,792,82169,-0.014925373134328401
2023-06-07,791,801,775,779,152515,-0.016414141414141437
2023-06-08,771,815,771,785,464572,0.007702182284980763
2023-06-09,798,798,766,784,82420,-0.001273885350318471
2023-06-12,786,788,772,780,240385,-0.005102040816326481
2023-06-13,780,789,748,755,515075,-0.03205128205128205
2023-06-14,762,786,759,785,264816,0.039735099337748325
2023-06-15,780,781,762,762,193610,-0.029299363057324834
2023-06-16,765,800,765,797,301610,0.04593175853018372
2023-06-19,836,952,811,908,6888126,0.13927227101631123
2023-06-20,972,1180,970,1180,7313668,0.2995594713656389
2023-06-21,1460,1534,1316,1382,44447161,0.17118644067796618
2023-06-22,1321,1621,1319,1364,24429607,-0.013024602026049159
2023-06-23,1375,1580,1364,1487,14544776,0.0901759530791788
2023-06-26,1535,1558,1446,1516,4404319,0.0195023537323471
2023-06-27,1583,1970,1520,1970,16040368,0.29947229551451193
2023-06-28,1994,2148,1841,1920,12272159,-0.025380710659898442
2023-06-29,1921,2272,1794,2081,8042911,0.08385416666666656
2023-06-30,2080,2173,1994,2112,3533007,0.014896684286400674
2023-07-03,2113,2689,2112,2487,11058500,0.17755681818181812
2023-07-04,2455,2529,2034,2063,7073968,-0.17048652995576996
2023-07-05,2110,2287,2070,2171,5216367,0.05235094522539985
2023-07-06,2187,2248,1969,2032,2758671,-0.06402579456471669
2023-07-07,2032,2178,2029,2112,1742583,0.03937007874015741
2023-07-10,2112,2184,2028,2095,1078153,-0.008049242424242431
2023-07-11,2100,2144,2050,2109,936986,0.006682577565632508
2023-07-12,2110,2123,1977,2013,1446732,-0.045519203413940224
2023-07-13,2012,2448,2012,2172,8711586,0.07898658718330842
2023-07-14,2150,2190,2069,2117,1057707,-0.025322283609576446
2023-07-17,2115,2272,2088,2157,1737950,0.01889466225791203
2023-07-18,2171,2333,2112,2171,1924753,0.0064904960593417105
2023-07-19,2179,2220,2117,2119,1134710,-0.0239520958083832
2023-07-20,2159,2181,2074,2110,804767,-0.004247286455875465
2023-07-21,2083,2247,2072,2108,1266390,-0.0009478672985782088
2023-07-24,2111,2120,1965,2087,745013,-0.009962049335863421
2023-07-25,2084,2111,1902,1964,1093510,-0.05893627216099662
2023-07-26,1945,2023,1909,1981,886833,0.00865580448065173
2023-07-27,1989,1995,1877,1906,513558,-0.037859666834931804
2023-07-28,1906,1937,1849,1879,750040,-0.014165792235047214
2023-07-31,1938,1938,1779,1792,991132,-0.046301224055348644
2023-08-01,1845,1885,1736,1760,987486,-0.017857142857142905
2023-08-02,1755,1755,1657,1683,1036299,-0.043749999999999956
2023-08-03,1681,1828,1595,1792,1639097,0.06476530005941772
2023-08-04,1952,2195,1802,2090,5157266,0.1662946428571428
2023-08-07,2092,2395,2090,2334,3915691,0.11674641148325349
2023-08-08,2346,2403,2223,2227,2176223,-0.045844044558697505
2023-08-09,2221,2247,1813,1939,2356426,-0.12932195779074984
2023-08-10,1934,1938,1663,1851,1487082,-0.04538421866941722
2023-08-11,1823,1935,1823,1878,659857,0.014586709886547755
2023-08-14,1877,1983,1755,1891,541640,0.006922257720979763
2023-08-16,1876,1914,1834,1873,309904,-0.009518773135906877
2023-08-17,1854,1889,1780,1847,311476,-0.01388147357180991
2023-08-18,1817,1835,1719,1751,588441,-0.0519761775852734
2023-08-21,1751,2026,1743,1949,976574,0.11307824100513986
2023-08-22,1949,2107,1948,1963,785906,0.007183170856849719
2023-08-23,1977,2056,1873,1892,420507,-0.036169128884360635
2023-08-24,1921,2022,1861,1930,409049,0.020084566596194398
2023-08-25,1915,2001,1905,1995,250690,0.033678756476683835
2023-08-28,1945,1986,1842,1849,658512,-0.07318295739348368
2023-08-29,1854,1877,1784,1842,480986,-0.0037858301784748916
2023-08-30,1890,1894,1834,1836,212288,-0.0032573289902280145
2023-08-31,1835,1886,1768,1789,365616,-0.025599128540304994
2023-09-01,1772,1902,1743,1888,391939,0.0553381777529347
2023-09-04,1888,1949,1840,1892,415727,0.0021186440677967155
2023-09-05,1933,1934,1768,1818,391044,-0.039112050739957716
2023-09-06,1822,1875,1750,1809,393240,-0.004950495049504955
2023-09-07,1792,1829,1749,1779,205791,-0.016583747927031545
2023-09-08,1790,1791,1719,1734,375467,-0.025295109612141653
2023-09-11,1719,1779,1701,1722,195249,-0.00692041522491349
2023-09-12,1718,1885,1718,1811,503206,0.05168408826945403
2023-09-13,1810,1835,1680,1710,470510,-0.055770292655991205
2023-09-14,1711,1730,1694,1718,93301,0.004678362573099504
2023-09-15,2131,2136,1780,1780,5105917,0.03608847497089629
2023-09-18,1744,1914,1681,1781,1150040,0.0005617977528089568
2023-09-19,1780,1889,1780,1876,947472,0.05334081976417737
2023-09-20,1847,1888,1818,1823,363182,-0.028251599147121498
2023-09-21,1823,1877,1749,1761,320599,-0.034009873834338955
2023-09-22,1760,1847,1706,1778,348788,0.009653605905735274
2023-09-25,1776,1830,1718,1720,274670,-0.032620922384701934
2023-09-26,1719,1769,1622,1659,300144,-0.035465116279069786
2023-09-27,1729,1730,1641,1683,162257,0.014466546112115841
2023-10-04,1658,1777,1596,1720,320510,0.021984551396316165
2023-10-05,1823,1823,1721,1766,202078,0.02674418604651163
2023-10-06,1737,1796,1737,1761,87385,-0.0028312570781426905
2023-10-10,1760,1774,1671,1671,280057,-0.05110732538330498
2023-10-11,1673,1805,1660,1761,270753,0.05385996409335725
2023-10-12,1771,1785,1718,1774,193782,0.0073821692220328305
2023-10-13,1829,1829,1762,1769,161714,-0.002818489289740711
2023-10-16,1780,1828,1725,1809,414247,0.022611644997173608
2023-10-17,1841,1914,1818,1869,844634,0.03316749585406309
2023-10-18,1841,1865,1724,1729,538674,-0.07490636704119846
2023-10-19,1734,1734,1677,1730,201089,0.0005783689994216523
2023-10-20,1722,1767,1691,1737,127949,0.004046242774566444
2023-10-23,1767,1857,1718,1743,513286,0.003454231433505983
2023-10-24,1830,1846,1722,1840,572712,0.055651176133103775
2023-10-25,1832,1865,1810,1856,389318,0.008695652173912993
2023-10-26,1855,1933,1785,1848,784235,-0.004310344827586188
2023-10-27,1848,1854,1794,1847,144695,-0.0005411255411255089
2023-10-30,1848,1849,1815,1830,176964,-0.00920411478072547
2023-10-31,1882,1882,1826,1851,568395,0.011475409836065653
2023-11-01,1865,1865,1767,1780,324092,-0.03835764451647761
2023-11-02,1802,1871,1657,1859,575988,0.04438202247191003
2023-11-03,1862,1927,1817,1842,1168409,-0.009144701452393766
2023-11-06,1841,1841,1695,1709,983308,-0.07220412595005432
2023-11-07,1710,1746,1639,1670,920351,-0.022820362785254567
2023-11-08,1669,1700,1645,1698,155161,0.016766467065868262
2023-11-09,1702,1717,1632,1705,117107,0.0041224970553592755
2023-11-10,1624,1687,1595,1685,340469,-0.011730205278592365
2023-11-13,1684,1688,1632,1680,151217,-0.0029673590504450953
2023-11-14,1681,1734,1633,1695,166609,0.008928571428571397
2023-11-15,1695,1713,1679,1689,81050,-0.0035398230088495852
2023-11-16,1694,1711,1664,1682,74664,-0.00414446417998815
2023-11-17,1682,1682,1602,1633,165713,-0.029131985731272292
2023-11-20,1609,1651,1606,1638,106720,0.0030618493570115923
2023-11-21,1650,1650,1564,1592,253782,-0.028083028083028094
2023-11-22,1645,1777,1550,1704,1753824,0.07035175879396993
2023-11-23,1663,1695,1645,1645,502344,-0.03462441314553988
2023-11-24,1652,1706,1573,1655,374327,0.006079027355623046
2023-11-27,1655,1655,1461,1474,829839,-0.10936555891238675
2023-11-28,1472,1472,1031,1031,25579438,-0.3005427408412483
2023-11-29,980,1005,720,781,93491800,-0.24248302618816686
2023-11-30,772,815,734,737,17134220,-0.05633802816901412
2023-12-01,740,768,699,727,13442640,-0.013568521031207648
2023-12-04,733,740,681,688,6444177,-0.05364511691884455
2023-12-05,697,733,682,711,5702797,0.03343023255813948
2023-12-06,704,706,678,704,3722290,-0.009845288326300938
2023-12-07,703,719,683,685,4632658,-0.026988636363636354
2023-12-08,682,724,678,698,4370403,0.01897810218978102
2023-12-11,699,704,660,676,3221815,-0.03151862464183386
2023-12-12,670,684,649,667,1707369,-0.013313609467455634
2023-12-13,667,670,543,617,12923734,-0.07496251874062965
2023-12-14,619,639,612,621,2272255,0.006482982171799101
2023-12-15,629,639,618,621,1657331,0.0
2023-12-18,628,639,615,638,1187665,0.027375201288244666
2023-12-19,640,651,624,642,1097300,0.006269592476489061
2023-12-20,642,711,629,677,4886001,0.054517133956386354
2023-12-21,675,676,646,658,1632582,-0.028064992614475592
2023-12-22,652,660,620,624,1862039,-0.05167173252279633
2023-12-26,624,634,612,616,717551,-0.012820512820512775
2023-12-27,616,631,615,624,741830,0.01298701298701288
2023-12-28,622,626,614,622,548264,-0.0032051282051281937
2024-01-02,620,620,598,603,2017102,-0.030546623794212246
2024-01-03,601,608,558,578,3473699,-0.041459369817578806
2024-01-04,578,601,563,577,4778247,-0.0017301038062284002
2024-01-05,577,589,572,574,1138638,-0.005199306759098743
2024-01-08,584,584,571,576,742215,0.0034843205574912606
2024-01-09,571,582,571,578,550763,0.003472222222222321
2024-01-10,580,582,566,574,674432,-0.00692041522491349
2024-01-11,574,576,563,563,1073612,-0.019163763066202044
2024-01-12,557,566,544,548,1292523,-0.026642984014209614
2024-01-15,558,576,548,552,691728,0.007299270072992803
2024-01-16,553,563,546,546,488057,-0.010869565217391353
2024-01-17,545,547,525,525,876572,-0.038461538461538436
2024-01-18,525,545,522,522,331268,-0.005714285714285672
2024-01-19,534,538,520,523,586490,0.0019157088122605526
2024-01-22,522,522,506,510,830864,-0.0248565965583174
2024-01-23,510,511,495,504,885942,-0.0117647058823529
2024-01-24,504,504,475,482,1462131,-0.04365079365079361
2024-01-25,482,485,472,476,768441,-0.012448132780082943
2024-01-26,475,486,469,478,638214,0.004201680672268893
2024-01-29,477,477,452,459,789221,-0.03974895397489542
2024-01-30,461,468,448,453,927773,-0.013071895424836555
2024-01-31,453,453,422,425,1396725,-0.061810154525386296
2024-02-01,429,489,426,456,2768594,0.07294117647058829
2024-02-02,454,454,408,428,4464142,-0.06140350877192979
2024-02-05,428,447,412,427,2291490,-0.002336448598130869
2024-02-06,428,452,428,438,1396241,0.025761124121779888
2024-02-07,440,440,419,434,603092,-0.0091324200913242
2024-02-08,434,549,429,488,22731470,0.12442396313364057
2024-02-13,483,509,464,490,3818071,0.004098360655737654
2024-02-14,490,503,478,503,1423118,0.026530612244898055
2024-02-15,523,523,496,500,2126322,-0.005964214711729587
2024-02-16,523,567,496,526,3881667,0.052000000000000046
2024-02-19,541,545,500,500,1705311,-0.049429657794676785
2024-02-20,505,506,490,497,927124,-0.006000000000000005
2024-02-21,497,503,483,485,930684,-0.024144869215291798
2024-02-22,488,488,460,469,1507653,-0.03298969072164948
2024-02-23,463,471,428,459,1456425,-0.021321961620469065
2024-02-26,460,484,454,459,1189875,0.0
2024-02-27,461,464,445,455,493914,-0.008714596949891074
2024-02-28,459,504,453,458,1602418,0.00659340659340657
2024-02-29,457,464,447,451,713075,-0.015283842794759805
2024-03-04,451,458,446,450,677563,-0.0022172949002217113
2024-03-05,450,452,444,449,413876,-0.0022222222222222365
2024-03-06,441,447,429,433,766266,-0.03563474387527843
2024-03-07,434,543,434,469,9482039,0.08314087759815236
2024-03-08,451,488,451,465,1347000,-0.008528784648187626
2024-03-11,466,477,453,476,1094833,0.023655913978494647
2024-03-12,475,475,450,450,1101920,-0.054621848739495826
2024-03-13,450,456,440,455,674876,0.011111111111111072
2024-03-14,456,462,448,450,437333,-0.01098901098901095
2024-03-15,446,464,443,462,659008,0.026666666666666616
2024-03-18,463,463,435,439,1984893,-0.04978354978354982
2024-03-19,438,441,344,402,8396534,-0.08428246013667429
2024-03-20,401,446,394,435,2578959,0.08208955223880587
2024-03-21,434,434,402,426,2851467,-0.020689655172413834
2024-03-22,481,505,416,423,9609619,-0.007042253521126751
2024-03-25,415,417,393,411,2004103,-0.028368794326241176
2024-03-26,410,441,398,424,1936115,0.031630170316301776
2024-03-27,424,446,417,431,1251434,0.01650943396226423
2024-03-28,431,438,423,431,966979,0.0
2024-03-29,432,438,421,437,830007,0.0139211136890951
2024-04-01,431,507,425,478,10670817,0.09382151029748287
2024-04-02,476,477,443,458,2300792,-0.04184100418410042
2024-04-03,457,497,454,464,2286582,0.013100436681222627
2024-04-04,464,481,456,477,1238835,0.028017241379310276
2024-04-05,477,483,440,447,1708246,-0.06289308176100628
2024-04-08,447,481,443,451,1260815,0.008948545861297452
2024-04-09,444,456,442,452,545693,0.0022172949002217113
2024-04-11,452,457,433,437,682867,-0.0331858407079646
2024-04-12,0,0,0,437,0,0.0
2024-04-15,0,0,0,437,0,0.0
2024-04-16,0,0,0,437,0,0.0
2024-04-17,0,0,0,437,0,0.0
2024-04-18,0,0,0,437,0,0.0
2024-04-19,0,0,0,437,0,0.0
2024-04-22,0,0,0,437,0,0.0
2024-04-23,0,0,0,437,0,0.0
2024-04-24,0,0,0,437,0,0.0
2024-04-25,0,0,0,437,0,0.0
2024-04-26,0,0,0,437,0,0.0
2024-04-29,452,486,404,424,4818139,-0.029748283752860427
2024-04-30,426,426,388,392,2845299,-0.07547169811320753
2024-05-02,393,398,378,387,1137509,-0.012755102040816313
2024-05-03,398,414,387,407,1293546,0.05167958656330751
2024-05-07,405,459,405,445,5109698,0.09336609336609336
2024-05-08,438,449,413,427,1778227,-0.04044943820224722
2024-05-09,429,436,417,421,914938,-0.014051522248243575
2024-05-10,421,426,409,412,559539,-0.02137767220902609
2024-05-13,410,410,398,401,490854,-0.02669902912621358
2024-05-14,402,407,393,396,613381,-0.012468827930174564
2024-05-16,397,398,383,390,769780,-0.015151515151515138
2024-05-17,0,0,0,390,0,0.0
2024-05-20,356,384,312,331,4018776,-0.1512820512820513
2024-05-21,331,378,331,352,2742240,0.06344410876132933
2024-05-22,357,368,344,365,720555,0.03693181818181812
2024-05-23,368,446,363,388,6209479,0.06301369863013706
2024-05-24,403,437,393,408,1961053,0.05154639175257736
2024-05-27,398,428,383,406,1212334,-0.004901960784313708
2024-05-28,405,416,398,403,656960,-0.007389162561576401
2024-05-29,403,430,386,405,1241029,0.00496277915632759
2024-05-30,404,423,403,423,787276,0.04444444444444451
2024-05-31,422,549,416,521,53094720,0.23167848699763582
2024-06-03,520,571,504,523,17449118,0.0038387715930903177
2024-06-04,517,523,470,472,6429118,-0.09751434034416828
2024-06-05,465,511,449,451,5692682,-0.044491525423728806
2024-06-07,450,454,419,428,2355059,-0.0509977827050998
2024-06-10,430,436,398,400,2898387,-0.06542056074766356
2024-06-11,397,511,377,464,16314664,0.15999999999999992
2024-06-12,466,475,415,424,5641414,-0.08620689655172409
2024-06-13,423,486,421,452,10439098,0.0660377358490567
2024-06-14,451,474,432,439,3017925,-0.028761061946902644
2024-06-17,438,439,403,427,1287287,-0.02733485193621865
2024-06-18,428,429,410,417,1577254,-0.023419203747072626
2024-06-19,414,429,412,417,1155453,0.0
2024-06-20,416,422,408,413,1159739,-0.00959232613908878
2024-06-21,411,411,404,409,554472,-0.009685230024213065
2024-06-24,409,414,404,407,689758,-0.004889975550122272
2024-06-25,406,419,404,408,657211,0.002457002457002533
2024-06-26,411,419,399,402,913549,-0.014705882352941124
2024-06-27,401,414,387,392,1137238,-0.02487562189054726
2024-06-28,388,389,376,381,992495,-0.028061224489795866
2024-07-01,366,397,366,385,967654,0.01049868766404205
2024-07-02,0,0,0,385,0,0.0
2024-07-03,0,0,0,385,0,0.0
2024-07-04,0,0,0,385,0,0.0
2024-07-05,0,0,0,385,0,0.0
2024-07-08,0,0,0,385,0,0.0
2024-07-09,0,0,0,385,0,0.0
2024-07-10,0,0,0,385,0,0.0
2024-07-11,0,0,0,385,0,0.0
2024-07-12,0,0,0,385,0,0.0
2024-07-15,0,0,0,385,0,0.0
2024-07-16,0,0,0,385,0,0.0
2024-07-17,0,0,0,385,0,0.0
2024-07-18,0,0,0,385,0,0.0
2024-07-19,0,0,0,385,0,0.0
2024-07-22,0,0,0,385,0,0.0
2024-07-23,0,0,0,385,0,0.0
2024-07-24,0,0,0,385,0,0.0
2024-07-25,0,0,0,385,0,0.0
2024-07-26,0,0,0,385,0,0.0
2024-07-29,0,0,0,385,0,0.0
2024-07-30,0,0,0,385,0,0.0
2024-07-31,0,0,0,385,0,0.0
2024-08-01,0,0,0,385,0,0.0
2024-08-02,0,0,0,385,0,0.0
2024-08-05,0,0,0,385,0,0.0
2024-08-06,0,0,0,385,0,0.0
2024-08-07,0,0,0,385,0,0.0
2024-08-08,0,0,0,385,0,0.0
2024-08-09,0,0,0,385,0,0.0
2024-08-12,0,0,0,385,0,0.0
2024-08-13,0,0,0,385,0,0.0
2024-08-14,0,0,0,385,0,0.0
2024-08-16,0,0,0,385,0,0.0
2024-08-19,0,0,0,385,0,0.0
2024-08-20,0,0,0,385,0,0.0
2024-08-21,0,0,0,385,0,0.0
2024-08-22,0,0,0,385,0,0.0
2024-08-23,0,0,0,385,0,0.0
2024-08-26,0,0,0,385,0,0.0
2024-08-27,0,0,0,385,0,0.0
2024-08-28,0,0,0,385,0,0.0
2024-08-29,0,0,0,385,0,0.0
2024-08-30,0,0,0,385,0,0.0
2024-09-02,0,0,0,385,0,0.0
2024-09-03,0,0,0,385,0,0.0
2024-09-04,0,0,0,385,0,0.0
2024-09-05,0,0,0,385,0,0.0
2024-09-06,0,0,0,385,0,0.0
2024-09-09,0,0,0,385,0,0.0
2024-09-10,385,431,324,327,16391418,-0.1506493506493507
2024-09-11,326,331,281,285,3352213,-0.12844036697247707
2024-09-12,289,347,289,306,8914879,0.0736842105263158
2024-09-13,309,321,300,302,1239673,-0.013071895424836555
2024-09-19,303,305,285,287,1386790,-0.04966887417218546
2024-09-20,0,0,0,287,0,0.0
2024-09-23,0,0,0,287,0,0.0
2024-09-24,0,0,0,287,0,0.0
2024-09-25,0,0,0,287,0,0.0
2024-09-26,0,0,0,287,0,0.0
2024-09-27,0,0,0,287,0,0.0
2024-09-30,0,0,0,287,0,0.0
2024-10-02,0,0,0,287,0,0.0
2024-10-04,0,0,0,287,0,0.0
2024-10-07,0,0,0,287,0,0.0
2024-10-08,0,0,0,287,0,0.0
2024-10-10,0,0,0,287,0,0.0
2024-10-11,0,0,0,287,0,0.0
2024-10-14,0,0,0,287,0,0.0
2024-10-15,0,0,0,287,0,0.0
2024-10-16,0,0,0,287,0,0.0
2024-10-17,0,0,0,287,0,0.0
2024-10-18,0,0,0,287,0,0.0
2024-10-21,0,0,0,287,0,0.0
2024-10-22,0,0,0,287,0,0.0
2024-10-23,0,0,0,287,0,0.0
2024-10-24,0,0,0,287,0,0.0
2024-10-25,0,0,0,287,0,0.0
2024-10-28,0,0,0,287,0,0.0
2024-10-29,0,0,0,287,0,0.0
2024-10-30,0,0,0,287,0,0.0
2024-10-31,0,0,0,287,0,0.0
2024-11-01,0,0,0,287,0,0.0
2024-11-04,0,0,0,287,0,0.0
2024-11-05,0,0,0,287,0,0.0
2024-11-06,0,0,0,287,0,0.0
2024-11-07,0,0,0,287,0,0.0
2024-11-08,0,0,0,287,0,0.0
2024-11-11,0,0,0,287,0,0.0
2024-11-12,0,0,0,287,0,0.0
2024-11-13,0,0,0,287,0,0.0
2024-11-14,0,0,0,287,0,0.0
2024-11-15,0,0,0,287,0,0.0
2024-11-18,0,0,0,287,0,0.0
2024-11-19,0,0,0,287,0,0.0
2024-11-20,0,0,0,287,0,0.0
2024-11-21,0,0,0,287,0,0.0
2024-11-22,0,0,0,287,0,0.0
2024-11-25,0,0,0,287,0,0.0
2024-11-26,0,0,0,287,0,0.0
2024-11-27,0,0,0,287,0,0.0
2024-11-28,0,0,0,287,0,0.0
2024-11-29,0,0,0,287,0,0.0
2024-12-02,0,0,0,287,0,0.0
2024-12-03,0,0,0,287,0,0.0
2024-12-04,0,0,0,287,0,0.0
2024-12-05,0,0,0,287,0,0.0
2024-12-06,0,0,0,287,0,0.0
2024-12-09,0,0,0,287,0,0.0
2024-12-10,0,0,0,287,0,0.0
2024-12-11,0,0,0,287,0,0.0
2024-12-12,0,0,0,287,0,0.0
2024-12-13,0,0,0,287,0,0.0
2024-12-16,0,0,0,287,0,0.0
2024-12-17,0,0,0,287,0,0.0
2024-12-18,0,0,0,287,0,0.0
2024-12-19,0,0,0,287,0,0.0
2024-12-20,0,0,0,287,0,0.0
2024-12-23,0,0,0,287,0,0.0
2024-12-24,0,0,0,287,0,0.0
2024-12-26,0,0,0,287,0,0.0
2024-12-27,0,0,0,287,0,0.0
2024-12-30,0,0,0,287,0,0.0
2025-01-02,0,0,0,287,0,0.0
2025-01-03,0,0,0,287,0,0.0
2025-01-06,0,0,0,287,0,0.0
2025-01-07,0,0,0,287,0,0.0
2025-01-08,0,0,0,287,0,0.0
2025-01-09,0,0,0,287,0,0.0
2025-01-10,0,0,0,287,0,0.0
2025-01-13,0,0,0,287,0,0.0
2025-01-14,0,0,0,287,0,0.0
2025-01-15,0,0,0,287,0,0.0
2025-01-16,0,0,0,287,0,0.0
2025-01-17,0,0,0,287,0,0.0
2025-01-20,0,0,0,287,0,0.0
2025-01-21,0,0,0,287,0,0.0
2025-01-22,0,0,0,287,0,0.0
2025-01-23,0,0,0,287,0,0.0
2025-01-24,0,0,0,287,0,0.0
2025-01-31,0,0,0,287,0,0.0
2025-02-03,0,0,0,287,0,0.0
2025-02-04,0,0,0,287,0,0.0
2025-02-05,0,0,0,287,0,0.0
2025-02-06,0,0,0,287,0,0.0
2025-02-07,0,0,0,287,0,0.0
2025-02-10,0,0,0,287,0,0.0
2025-02-11,0,0,0,287,0,0.0
2025-02-12,0,0,0,287,0,0.0
2025-02-13,0,0,0,287,0,0.0
2025-02-14,0,0,0,287,0,0.0
2025-02-17,287,315,264,264,3936007,-0.08013937282229966
2025-02-18,263,268,237,245,3252130,-0.07196969696969702
2025-02-19,245,247,215,216,4690689,-0.11836734693877549
2025-02-20,223,280,223,280,12619767,0.2962962962962963
2025-02-21,319,364,306,338,82292553,0.20714285714285707
2025-02-24,333,333,289,292,11749697,-0.13609467455621305
2025-02-25,286,379,258,350,68294460,0.19863013698630128
2025-02-26,363,378,340,342,32864823,-0.02285714285714291
2025-02-27,342,365,323,331,15768009,-0.032163742690058506
2025-02-28,328,353,328,334,7071541,0.009063444108761365
2025-03-04,334,334,301,304,3899254,-0.08982035928143717
2025-03-05,304,312,297,300,2601730,-0.013157894736842146
2025-03-06,302,304,282,282,2877063,-0.06000000000000005
2025-03-07,283,289,267,268,2353098,-0.049645390070921946
2025-03-10,268,324,259,284,9978801,0.05970149253731338
2025-03-11,276,316,270,294,9465127,0.035211267605633756
2025-03-12,294,312,289,290,2635451,-0.013605442176870763
2025-03-13,290,304,286,291,1247594,0.0034482758620688614
2025-03-14,291,292,275,280,2022207,-0.037800687285223344
2025-03-17,282,283,270,278,1292476,-0.0071428571428571175
2025-03-18,278,281,274,276,728248,-0.007194244604316502
2025-03-19,276,279,267,269,1504597,-0.025362318840579712
2025-03-20,269,269,250,253,2825325,-0.059479553903345694
2025-03-21,253,253,240,242,1816994,-0.04347826086956519
2025-03-24,243,288,243,260,6030462,0.07438016528925617
2025-03-25,259,262,250,256,1286063,-0.01538461538461533
2025-03-26,253,256,242,256,1394755,0.0
2025-03-27,261,262,245,256,1043350,0.0
2025-03-28,263,296,255,269,9867225,0.05078125
2025-03-31,264,295,263,268,2867020,-0.0037174721189591198
2025-04-01,264,276,263,269,1428082,0.003731343283582156
2025-04-02,278,279,262,263,1014851,-0.022304832713754608
2025-04-03,269,269,255,263,632162,0.0
2025-04-04,252,282,250,282,2475232,0.07224334600760463
2025-04-07,282,335,267,322,14366130,0.14184397163120566
2025-04-08,317,322,289,297,6661775,-0.07763975155279501
2025-04-09,295,325,263,274,11457138,-0.07744107744107742
2025-04-10,285,295,277,295,1963762,0.07664233576642343
2025-04-11,285,287,267,280,3915573,-0.05084745762711862
2025-04-14,287,288,271,279,1712323,-0.0035714285714285587
2025-04-15,284,295,278,282,2874204,0.010752688172043001
2025-04-16,282,285,274,276,1530884,-0.021276595744680882
2025-04-17,277,280,270,278,1298091,0.007246376811594235
2025-04-18,277,283,272,281,1187055,0.010791366906474753
2025-04-21,281,295,279,284,2314180,0.01067615658362997
2025-04-22,284,292,259,271,3158550,-0.045774647887323994
2025-04-23,273,276,254,259,3224217,-0.044280442804428
2025-04-24,262,265,255,258,1223748,-0.0038610038610038533
2025-04-25,264,264,251,256,891549,-0.007751937984496138
2025-04-28,256,261,250,253,977768,-0.01171875
2025-04-29,250,256,250,254,777734,0.0039525691699604515
2025-04-30,254,265,245,252,794026,-0.007874015748031482
2025-05-02,252,253,245,250,717639,-0.007936507936507908
2025-05-07,250,255,245,254,400173,0.016000000000000014
2025-05-08,248,260,248,255,521135,0.003937007874015741
2025-05-09,255,258,249,252,752804,-0.0117647058823529
2025-05-12,252,260,251,256,606310,0.015873015873015817
2025-05-13,254,259,251,258,513395,0.0078125
2025-05-14,259,264,251,258,1286489,0.0
2025-05-15,255,263,252,255,754584,-0.011627906976744207
2025-05-16,255,265,248,264,1581019,0.03529411764705892
2025-05-19,264,270,254,257,579017,-0.02651515151515149
2025-05-20,257,260,248,254,563058,-0.011673151750972721
2025-05-21,256,257,246,247,1091206,-0.027559055118110187
2025-05-22,247,290,246,255,16434706,0.03238866396761142
2025-05-23,255,277,249,256,6147456,0.0039215686274509665
2025-05-26,256,260,249,254,3005134,-0.0078125
2025-05-27,255,258,245,247,1506643,-0.027559055118110187
2025-05-28,247,249,239,242,2087562,-0.020242914979757054
2025-05-29,243,253,238,245,1940006,0.012396694214876103
2025-05-30,245,245,235,238,2173712,-0.02857142857142858
2025-06-02,238,242,235,240,583421,0.008403361344537785
2025-06-04,243,243,236,239,836407,-0.004166666666666652
2025-06-05,240,243,237,241,883127,0.008368200836819994
2025-06-09,241,245,236,240,748735,-0.004149377593360981
2025-06-10,239,243,235,238,1091838,-0.008333333333333304
2025-06-11,238,240,235,236,688220,-0.008403361344537785
2025-06-12,238,248,236,244,2139793,0.03389830508474567
2025-06-13,247,247,233,236,1432378,-0.032786885245901676
2025-06-16,237,237,232,234,584189,-0.008474576271186418
2025-06-17,235,236,228,232,816945,-0.008547008547008517
2025-06-18,233,233,227,229,577658,-0.012931034482758674
2025-06-19,232,232,223,227,621380,-0.008733624454148492
2025-06-20,229,231,225,229,714468,0.008810572687224738
2025-06-23,230,231,226,226,481632,-0.013100436681222738
2025-06-24,228,231,225,228,1623113,0.008849557522123908
2025-06-25,230,230,219,222,2334009,-0.02631578947368418
2025-06-26,224,224,214,218,1439479,-0.018018018018018056
2025-06-27,220,227,217,219,887268,0.004587155963302836
2025-06-30,214,224,213,220,1117321,0.004566210045662045
2025-07-01,214,221,214,220,1239110,0.0
2025-07-02,217,230,217,229,2017602,0.040909090909091006
2025-07-03,226,231,224,229,883287,0.0
2025-07-04,225,251,225,235,3867876,0.026200873362445476
2025-07-07,230,234,227,229,1114702,-0.025531914893617058
2025-07-08,226,231,221,226,1377655,-0.013100436681222738
2025-07-09,223,232,222,229,1286480,0.01327433628318575
2025-07-10,227,238,227,237,1837373,0.03493449781659397
2025-07-11,237,251,233,235,2496534,-0.008438818565400852
2025-07-14,232,260,232,248,7319079,0.05531914893617018
2025-07-15,247,251,239,242,2134714,-0.024193548387096753
2025-07-16,236,241,235,236,1400876,-0.024793388429752095
2025-07-17,233,238,230,237,919441,0.004237288135593209
2025-07-18,235,237,229,230,1406760,-0.029535864978902926
2025-07-21,227,230,224,228,1084074,-0.008695652173912993
2025-07-22,227,232,225,226,1105989,-0.00877192982456143
2025-07-23,224,226,221,222,792433,-0.017699115044247815
2025-07-24,220,222,216,218,1152928,-0.018018018018018056
2025-07-25,215,219,214,215,861893,-0.013761467889908285
2025-07-28,210,214,206,206,1803577,-0.041860465116279055
2025-07-29,202,210,193,207,1592615,0.004854368932038833
2025-07-30,200,211,200,204,1667098,-0.01449275362318836
2025-07-31,200,203,197,199,1506548,-0.02450980392156865
2025-08-01,195,200,192,198,1400554,-0.005025125628140725
2025-08-04,194,210,194,202,1133021,0.02020202020202011
2025-08-05,200,226,200,212,6617894,0.04950495049504955
2025-08-06,207,219,205,219,2141679,0.03301886792452824
2025-08-07,219,250,217,234,14204437,0.06849315068493156
2025-08-08,238,255,231,233,5548600,-0.004273504273504258
2025-08-11,239,240,225,227,1396722,-0.025751072961373356
2025-08-12,227,249,225,236,2948376,0.0396475770925111
2025-08-13,237,237,225,229,1282651,-0.029661016949152574
2025-08-14,231,238,226,230,1263765,0.004366812227074135
2025-08-18,230,263,225,243,10788329,0.05652173913043468
2025-08-19,263,280,230,233,17462654,-0.04115226337448563
2025-08-20,225,236,225,229,1557639,-0.01716738197424894
2025-08-21,226,235,226,227,1075002,-0.008733624454148492
2025-08-22,223,230,220,221,1407784,-0.026431718061673992
2025-08-25,223,230,220,221,1314453,0.0
2025-08-26,220,228,219,226,1054343,0.02262443438914019
2025-08-27,226,229,220,221,1098304,-0.02212389380530977
2025-08-28,222,228,220,226,1068928,0.02262443438914019
2025-08-29,224,230,222,224,857828,-0.008849557522123908
2025-09-01,223,225,211,211,2057499,-0.0580357142857143
2025-09-02,208,238,208,224,4820743,0.06161137440758302
2025-09-03,222,226,217,219,1616605,-0.022321428571428603
2025-09-04,218,228,217,223,1601988,0.0182648401826484
2025-09-05,225,226,218,218,1528311,-0.022421524663677084
2025-09-08,218,221,213,215,1177248,-0.013761467889908285
2025-09-09,214,215,210,211,1026624,-0.018604651162790753
