Date,Open,High,Low,Close,Volume,Change
2022-01-03,9600,9710,9350,9470,23135,-0.013541666666666674
2022-01-04,9450,10300,9450,9780,102503,0.032734952481520585
2022-01-05,9780,11500,9740,10950,519780,0.11963190184049077
2022-01-06,10900,11450,10700,11200,261547,0.022831050228310446
2022-01-07,11550,11550,10750,11200,123735,0.0
2022-01-10,11200,11550,11000,11050,75737,-0.013392857142857095
2022-01-11,10900,11300,10500,10950,40663,-0.009049773755656076
2022-01-12,10800,11400,10650,11150,68389,0.0182648401826484
2022-01-13,11200,11950,11200,11500,124739,0.03139013452914807
2022-01-14,11400,11900,11200,11850,107015,0.0304347826086957
2022-01-17,12050,12550,11300,11550,192826,-0.025316455696202556
2022-01-18,11550,11650,10350,10400,129292,-0.09956709956709953
2022-01-19,10250,10700,10100,10450,47218,0.004807692307692291
2022-01-20,10500,10850,10300,10850,29107,0.038277511961722466
2022-01-21,10650,10700,10250,10600,32691,-0.02304147465437789
2022-01-24,10600,10650,9600,9610,94315,-0.09339622641509437
2022-01-25,9860,9860,9000,9060,64076,-0.05723204994797082
2022-01-26,9000,9580,9000,9400,28643,0.03752759381898452
2022-01-27,9230,9450,8960,9080,39501,-0.03404255319148941
2022-01-28,9080,9540,8980,9480,30276,0.044052863436123246
2022-02-03,9980,10100,9810,9970,53008,0.05168776371308015
2022-02-04,9830,10150,9650,10050,33728,0.008024072216650024
2022-02-07,10050,10100,9830,9930,17837,-0.011940298507462699
2022-02-08,9930,10250,9680,9960,48539,0.0030211480362538623
2022-02-09,10050,10150,9900,10100,15437,0.014056224899598346
2022-02-10,10100,10200,9930,9990,22209,-0.0108910891089109
2022-02-11,10000,10100,9300,9880,19051,-0.011011011011010985
2022-02-14,9730,9780,9380,9460,26771,-0.04251012145748989
2022-02-15,9460,9670,9190,9310,16619,-0.015856236786469302
2022-02-16,9380,9560,9380,9530,15315,0.023630504833512367
2022-02-17,9710,9900,9490,9750,49614,0.023084994753410193
2022-02-18,9700,9990,9460,9960,21981,0.021538461538461506
2022-02-21,9960,10550,9600,9700,137150,-0.026104417670682722
2022-02-22,9610,9730,9280,9440,40577,-0.026804123711340222
2022-02-23,9440,12250,9440,12250,2137940,0.29766949152542366
2022-02-24,12750,14900,12300,13200,7001367,0.07755102040816331
2022-02-25,13150,14750,12500,12850,2259541,-0.02651515151515149
2022-02-28,13100,16300,12900,14350,7685838,0.11673151750972766
2022-03-02,14600,17500,14450,15650,6895417,0.09059233449477344
2022-03-03,15700,15900,14950,15000,732338,-0.04153354632587858
2022-03-04,15300,16100,14600,15200,1371742,0.01333333333333342
2022-03-07,15600,16100,15000,15000,1164528,-0.013157894736842146
2022-03-08,14600,15650,14250,14350,954558,-0.043333333333333335
2022-03-10,14550,14700,13550,14300,420221,-0.0034843205574912606
2022-03-11,14350,15150,14200,14950,503430,0.045454545454545414
2022-03-14,15100,15300,14250,14350,354990,-0.04013377926421402
2022-03-15,14150,14500,13650,13900,235120,-0.03135888501742157
2022-03-16,13750,14050,13250,13800,186776,-0.007194244604316502
2022-03-17,13750,14000,13400,13750,226072,-0.0036231884057971175
2022-03-18,13700,14050,13500,13800,211064,0.0036363636363636598
2022-03-21,13800,13800,13100,13350,152036,-0.03260869565217395
2022-03-22,13250,14750,13250,14000,844540,0.04868913857677892
2022-03-23,14000,14900,13700,14700,669891,0.050000000000000044
2022-03-24,14700,16100,14050,14450,1549417,-0.017006802721088454
2022-03-25,14450,14450,13800,14100,205258,-0.02422145328719727
2022-03-28,14100,14100,13300,13300,167282,-0.05673758865248224
2022-03-29,13500,13850,13200,13300,180692,0.0
2022-03-30,13300,13400,12800,12850,180371,-0.03383458646616544
2022-03-31,13000,13250,12850,12950,88829,0.0077821011673151474
2022-04-01,12650,12850,12400,12650,127727,-0.02316602316602312
2022-04-04,12650,13100,12550,12900,106626,0.01976284584980248
2022-04-05,12750,13000,12600,12750,104640,-0.011627906976744207
2022-04-06,12800,13050,12650,12700,69207,-0.0039215686274509665
2022-04-07,12600,12750,12100,12250,95653,-0.03543307086614178
2022-04-08,12200,14950,11900,12600,2623650,0.02857142857142847
2022-04-11,12650,13350,12400,13100,635114,0.039682539682539764
2022-04-12,13150,15350,13100,14350,4045709,0.09541984732824438
2022-04-13,14400,15500,13950,15000,1932902,0.04529616724738683
2022-04-14,15000,15550,14250,14350,954765,-0.043333333333333335
2022-04-15,14450,15600,14300,15000,1487199,0.04529616724738683
2022-04-18,14800,15050,14200,14300,310637,-0.046666666666666634
2022-04-19,14500,16550,14400,15400,4315191,0.07692307692307687
2022-04-20,15250,16200,15050,16100,974706,0.045454545454545414
2022-04-21,15900,16050,15000,15350,561616,-0.04658385093167705
2022-04-22,15250,15700,15050,15300,281499,-0.0032573289902280145
2022-04-25,14800,14850,14300,14400,242535,-0.05882352941176472
2022-04-26,14450,14600,14050,14150,163949,-0.01736111111111116
2022-04-27,13800,15300,13700,15000,906518,0.060070671378091856
2022-04-28,15150,16550,14750,15700,2123000,0.046666666666666634
2022-04-29,15650,16050,15200,15400,468333,-0.019108280254777066
2022-05-02,15100,15700,14900,15050,235031,-0.022727272727272707
2022-05-03,15050,15900,14950,15450,361787,0.02657807308970095
2022-05-04,15500,16400,15000,15000,879120,-0.029126213592232997
2022-05-06,14550,15200,14400,14700,203889,-0.020000000000000018
2022-05-09,14550,14550,13500,13600,273238,-0.07482993197278909
2022-05-10,13250,14450,12950,13800,385223,0.014705882352941124
2022-05-11,13900,14050,13300,13500,97542,-0.021739130434782594
2022-05-12,13150,13800,13150,13350,115534,-0.011111111111111072
2022-05-13,13350,13750,13350,13600,63405,0.01872659176029967
2022-05-16,13500,13800,13300,13450,72732,-0.011029411764705843
2022-05-17,13550,13550,12650,12750,176464,-0.052044609665427455
2022-05-18,12850,13000,12500,12500,78722,-0.019607843137254943
2022-05-19,12100,12650,12100,12350,73097,-0.01200000000000001
2022-05-20,12450,12750,12350,12650,48826,0.02429149797570851
2022-05-23,12550,12750,12400,12550,39660,-0.007905138339920903
2022-05-24,12500,13050,12500,12600,86609,0.003984063745019917
2022-05-25,12600,12950,12600,12750,42489,0.011904761904761862
2022-05-26,12850,13350,12750,13250,90027,0.03921568627450989
2022-05-27,13300,13500,13150,13250,55165,0.0
2022-05-30,13250,13300,13000,13100,37868,-0.01132075471698113
2022-05-31,13100,13300,12900,13200,40498,0.007633587786259444
2022-06-02,13300,13600,13200,13300,40104,0.007575757575757569
2022-06-03,13200,13750,13200,13600,57643,0.022556390977443552
2022-06-07,13700,14000,13250,13400,104799,-0.014705882352941124
2022-06-08,13450,13950,13450,13600,88460,0.014925373134328401
2022-06-09,13600,14050,13500,13800,117629,0.014705882352941124
2022-06-10,14200,14200,13750,13850,110400,0.0036231884057971175
2022-06-13,13450,13650,13150,13400,101240,-0.032490974729241895
2022-06-14,13000,13250,12800,13150,76047,-0.018656716417910446
2022-06-15,13000,13150,12400,12450,59472,-0.05323193916349811
2022-06-16,12750,13000,12450,12450,36520,0.0
2022-06-17,12150,13400,12100,13000,83073,0.04417670682730934
2022-06-20,13050,13200,12150,12450,51615,-0.04230769230769227
2022-06-21,12400,13900,12400,13300,226686,0.06827309236947787
2022-06-22,13300,13700,12800,12900,80012,-0.03007518796992481
2022-06-23,13100,13800,13000,13150,304975,0.019379844961240345
2022-06-24,12950,13450,12750,13350,94207,0.015209125475285079
2022-06-27,13350,13800,13350,13400,78001,0.0037453183520599342
2022-06-28,13550,13600,13200,13550,62903,0.011194029850746245
2022-06-29,13200,14200,13200,13750,246758,0.014760147601476037
2022-06-30,14000,15500,13850,14500,1179587,0.05454545454545445
2022-07-01,14550,14850,14150,14700,241453,0.01379310344827589
2022-07-04,14850,14850,13250,13650,219341,-0.0714285714285714
2022-07-05,13600,13650,13050,13650,104873,0.0
2022-07-06,13750,13750,12800,12950,116029,-0.05128205128205132
2022-07-07,13300,13300,12900,13150,35429,0.015444015444015413
2022-07-08,13200,13550,13050,13200,52291,0.0038022813688212143
2022-07-11,13100,13200,12600,12700,82769,-0.037878787878787845
2022-07-12,12700,13250,12400,12650,60197,-0.003937007874015741
2022-07-13,12500,12700,12250,12400,55258,-0.01976284584980237
2022-07-14,12250,12450,12100,12400,37257,0.0
2022-07-15,12450,12550,12050,12350,26160,-0.0040322580645161255
2022-07-18,12400,12900,12400,12850,48836,0.04048582995951411
2022-07-19,13100,13350,12900,13100,59379,0.01945525291828787
2022-07-20,13350,13400,13050,13200,39879,0.007633587786259444
2022-07-21,13050,13500,13050,13500,48556,0.022727272727272707
2022-07-22,13500,14800,13350,13550,452973,0.0037037037037037646
2022-07-25,13500,13500,13150,13300,44225,-0.01845018450184499
2022-07-26,13400,13800,13300,13750,63960,0.03383458646616533
2022-07-27,13900,14450,13700,13900,102327,0.01090909090909098
2022-07-28,14100,14150,13650,13700,39762,-0.014388489208633115
2022-07-29,13900,13950,13500,13950,55057,0.018248175182481674
2022-08-01,13950,14600,13900,14550,193796,0.043010752688172005
2022-08-02,14600,15400,14400,15050,341414,0.03436426116838498
2022-08-03,15050,15450,14700,15150,134210,0.006644518272425293
2022-08-04,15050,15150,14550,14800,93183,-0.02310231023102305
2022-08-05,14850,15250,14750,15250,103265,0.030405405405405483
2022-08-08,15450,15450,14800,15200,80019,-0.003278688524590123
2022-08-09,15200,15350,14800,15200,98015,0.0
2022-08-10,15200,16500,15150,15700,510849,0.03289473684210531
2022-08-11,15850,16050,15600,15850,111101,0.009554140127388644
2022-08-12,16100,16400,15250,15300,210164,-0.034700315457413256
2022-08-16,15300,15600,14600,15300,97549,0.0
2022-08-17,15050,15500,14900,15300,85268,0.0
2022-08-18,15300,15850,14950,15400,130661,0.006535947712418277
2022-08-19,15350,15950,15350,15450,106225,0.0032467532467532756
2022-08-22,15350,15700,15000,15200,86172,-0.016181229773462813
2022-08-23,14950,16500,14950,16300,606371,0.07236842105263164
2022-08-24,16150,17950,16000,16850,1162043,0.033742331288343586
2022-08-25,17350,19250,17300,17650,1144020,0.04747774480712175
2022-08-26,17700,18350,17100,17900,335545,0.014164305949008416
2022-08-29,17350,18750,17200,18200,471683,0.016759776536312776
2022-08-30,18000,18350,17500,17750,219570,-0.02472527472527475
2022-08-31,17700,19500,16850,17900,1040251,0.008450704225352101
2022-09-01,17750,18700,17500,17750,348766,-0.008379888268156388
2022-09-02,17900,18200,17050,17200,125517,-0.030985915492957705
2022-09-05,16900,17100,15500,15850,446279,-0.07848837209302328
2022-09-06,16100,16900,15750,16250,353781,0.025236593059936974
2022-09-07,16150,16350,15250,15750,168349,-0.03076923076923077
2022-09-08,15750,15800,15100,15400,123311,-0.022222222222222254
2022-09-13,15600,15600,14950,15250,101183,-0.009740259740259716
2022-09-14,14700,15200,14650,15100,82056,-0.00983606557377048
2022-09-15,15200,15550,14950,15000,103960,-0.0066225165562914245
2022-09-16,14900,15250,14350,15100,155422,0.006666666666666599
2022-09-19,15200,15250,14400,14550,91640,-0.03642384105960261
2022-09-20,14450,14700,14250,14450,43824,-0.0068728522336769515
2022-09-21,14450,15150,14250,14550,122053,0.006920415224913601
2022-09-22,14600,15150,14400,15050,169446,0.03436426116838498
2022-09-23,15050,15300,14250,14700,116873,-0.023255813953488413
2022-09-26,14300,17150,13650,13750,1293173,-0.06462585034013602
2022-09-27,13650,14350,12600,13000,289481,-0.054545454545454564
2022-09-28,13000,13250,12150,12250,171261,-0.05769230769230771
2022-09-29,12350,12900,12300,12350,103906,0.008163265306122547
2022-09-30,12000,13050,12000,12950,140259,0.04858299595141702
2022-10-04,13200,13550,12800,13200,98370,0.019305019305019266
2022-10-05,13350,14300,13050,13600,657119,0.030303030303030276
2022-10-06,13800,14050,13550,13700,144471,0.007352941176470562
2022-10-07,13600,13900,13100,13150,72736,-0.04014598540145986
2022-10-11,12800,13000,12350,12400,121299,-0.057034220532319435
2022-10-12,12300,13050,12200,12850,62734,0.03629032258064524
2022-10-13,12700,12850,11600,11850,95337,-0.0778210116731517
2022-10-14,12100,12500,12000,12300,49218,0.03797468354430378
2022-10-17,12000,12700,11950,12650,42817,0.028455284552845628
2022-10-18,12850,15350,12500,13100,944082,0.035573122529644285
2022-10-19,13000,13350,12700,12800,128562,-0.022900763358778664
2022-10-20,12800,13150,12550,13000,80252,0.015625
2022-10-21,12800,13000,12350,12500,52421,-0.038461538461538436
2022-10-24,12750,12900,12400,12600,44098,0.008000000000000007
2022-10-25,12750,12750,12150,12200,33935,-0.031746031746031744
2022-10-26,12250,12300,11850,11950,58566,-0.020491803278688492
2022-10-27,12050,12800,11950,12450,101969,0.04184100418410042
2022-10-28,12450,12700,12400,12700,34975,0.02008032128514059
2022-10-31,12800,13100,12650,13000,48439,0.023622047244094446
2022-11-01,12850,13350,12800,13200,61246,0.01538461538461533
2022-11-02,13100,13450,12850,13050,44995,-0.011363636363636354
2022-11-03,12800,13250,12650,13150,48887,0.00766283524904221
2022-11-04,13150,13450,13050,13250,58323,0.0076045627376426506
2022-11-07,13350,13450,12900,13000,60031,-0.018867924528301883
2022-11-08,13050,13350,12900,13200,39637,0.01538461538461533
2022-11-09,13400,13750,13000,13100,91919,-0.007575757575757569
2022-11-10,13050,13350,12750,13150,45656,0.003816793893129722
2022-11-11,13400,13650,13200,13400,112734,0.019011406844106515
2022-11-14,13500,13600,13150,13200,40946,-0.014925373134328401
2022-11-15,13200,15950,13200,15100,1942859,0.14393939393939403
2022-11-16,15050,17350,14600,15500,2955375,0.026490066225165476
2022-11-17,15300,15800,14200,14300,557504,-0.07741935483870965
2022-11-18,14500,14500,13800,14000,143155,-0.020979020979020935
2022-11-21,13950,15050,13950,14000,417741,0.0
2022-11-22,13850,14500,13800,14400,92242,0.02857142857142847
2022-11-23,14450,14700,14100,14550,105926,0.01041666666666674
2022-11-24,14500,14900,14200,14250,93206,-0.020618556701030966
2022-11-25,14250,14250,14050,14250,35814,0.0
2022-11-28,14250,14350,13600,13800,85121,-0.03157894736842104
2022-11-29,13750,13900,13600,13800,41877,0.0
2022-11-30,13800,13850,13550,13750,54456,-0.0036231884057971175
2022-12-01,13900,14250,13800,14150,68333,0.029090909090909056
2022-12-02,14150,14150,13450,13600,58899,-0.03886925795053009
2022-12-05,13700,13700,13400,13550,41432,-0.003676470588235281
2022-12-06,13350,13700,13300,13400,31428,-0.011070110701106972
2022-12-07,13400,13550,13250,13250,31867,-0.011194029850746245
2022-12-08,13150,13200,12500,12650,76663,-0.04528301886792452
2022-12-09,12650,12900,12450,12750,33723,0.007905138339920903
2022-12-12,12750,13000,12650,12800,25941,0.0039215686274509665
2022-12-13,12800,13100,12800,13000,28450,0.015625
2022-12-14,13000,13350,13000,13300,22735,0.023076923076922995
2022-12-15,13100,13750,13100,13500,115045,0.015037593984962516
2022-12-16,16700,16950,13650,13650,2929724,0.011111111111111072
2022-12-19,13500,13850,13050,13100,455665,-0.04029304029304026
2022-12-20,13000,13300,12850,12950,138553,-0.011450381679389277
2022-12-21,12800,13300,12700,12950,179652,0.0
2022-12-22,12950,13150,12750,12800,83654,-0.01158301158301156
2022-12-23,12500,12750,12250,12250,139445,-0.04296875
2022-12-26,12400,12650,12200,12200,140670,-0.004081632653061273
2022-12-27,13150,13400,12450,12450,477507,0.020491803278688492
2022-12-28,12450,13450,12400,13000,419949,0.04417670682730934
2022-12-29,12950,13500,12850,13450,140254,0.034615384615384714
2023-01-02,13500,13500,13100,13300,107383,-0.01115241635687736
2023-01-03,13100,13250,12650,13250,79839,-0.003759398496240629
2023-01-04,12900,13500,12900,13350,61535,0.007547169811320753
2023-01-05,13350,13350,12950,13250,45294,-0.0074906367041198685
2023-01-06,13100,13450,13100,13400,45395,0.01132075471698113
2023-01-09,13400,13700,13300,13400,60899,0.0
2023-01-10,13450,14400,13400,13900,187257,0.03731343283582089
2023-01-11,13850,13850,13550,13750,68590,-0.010791366906474864
2023-01-12,13800,13900,13650,13900,49948,0.01090909090909098
2023-01-13,13900,14000,13700,13900,43892,0.0
2023-01-16,14050,14400,13800,14300,191571,0.02877697841726623
2023-01-17,14350,14550,14150,14150,64157,-0.010489510489510523
2023-01-18,14350,14350,13800,14000,72083,-0.010600706713780883
2023-01-19,14000,14150,13650,13850,59399,-0.010714285714285676
2023-01-20,13850,13900,13600,13700,42737,-0.010830324909747335
2023-01-25,13710,13750,13560,13650,34671,-0.0036496350364964014
2023-01-26,13800,13900,13570,13860,45018,0.01538461538461533
2023-01-27,13880,14290,13870,13890,81502,0.0021645021645022577
2023-01-30,14040,14550,13920,14230,108519,0.024478041756659463
2023-01-31,14230,14840,14050,14540,81620,0.021784961349262222
2023-02-01,14540,14750,13850,13920,114049,-0.04264099037138924
2023-02-02,14090,14090,13880,13900,40374,-0.001436781609195359
2023-02-03,13900,13960,13780,13960,42805,0.004316546762589857
2023-02-06,13810,13990,13790,13960,26232,0.0
2023-02-07,13960,14000,13610,13610,46121,-0.025071633237822355
2023-02-08,13710,13880,13630,13770,30941,0.011756061719323974
2023-02-09,13770,13810,13660,13670,20560,-0.0072621641249092095
2023-02-10,13670,13670,13440,13550,35122,-0.008778346744696464
2023-02-13,13550,13980,13520,13820,49879,0.019926199261992572
2023-02-14,13750,13950,13740,13870,25817,0.003617945007236001
2023-02-15,13880,14030,13550,13720,43976,-0.010814708002883977
2023-02-16,13790,13890,13690,13770,37052,0.0036443148688045657
2023-02-17,13520,13710,13240,13390,50366,-0.027596223674655085
2023-02-20,13350,13350,12990,13220,37708,-0.012696041822255366
2023-02-21,13470,13800,13360,13520,47880,0.0226928895612708
2023-02-22,13510,14220,13300,13760,44889,0.01775147928994092
2023-02-23,13540,13960,13510,13740,36390,-0.0014534883720930258
2023-02-24,13740,13890,13500,13550,19735,-0.013828238719068464
2023-02-27,13500,13850,13340,13710,26928,0.011808118081180874
2023-02-28,13840,13840,13500,13560,15758,-0.01094091903719907
2023-03-02,13430,13750,13420,13580,16030,0.001474926253687281
2023-03-03,13580,13760,13400,13470,14248,-0.008100147275404979
2023-03-06,13490,13600,13270,13360,29533,-0.008166295471418006
2023-03-07,13360,13720,13210,13720,43058,0.026946107784431073
2023-03-08,13900,14300,13320,13440,59442,-0.020408163265306145
2023-03-09,13350,13510,13250,13330,26274,-0.008184523809523836
2023-03-10,13190,13220,13000,13190,28714,-0.010502625656414133
2023-03-13,12800,13140,12770,13000,23568,-0.014404852160727843
2023-03-14,12900,13040,12440,12440,29766,-0.043076923076923124
2023-03-15,12440,12810,12440,12590,35345,0.012057877813504758
2023-03-16,12460,12710,12250,12430,25846,-0.012708498808578272
2023-03-17,12490,12890,12490,12560,12431,0.01045856798069189
2023-03-20,12500,12840,12500,12600,16175,0.0031847133757962887
2023-03-21,12610,14200,12610,13150,438439,0.04365079365079372
2023-03-22,13150,13150,12800,12820,44707,-0.025095057034220547
2023-03-23,12880,12970,12640,12750,46691,-0.005460218408736339
2023-03-24,12600,12760,12600,12690,21803,-0.004705882352941226
2023-03-27,12550,12660,12300,12630,25695,-0.004728132387706863
2023-03-28,12550,12960,12510,12810,38904,0.014251781472684133
2023-03-29,12810,12950,12630,12690,21491,-0.00936768149882905
2023-03-30,12900,13140,12510,12860,37165,0.013396375098502666
2023-03-31,12930,12940,12690,12780,30406,-0.0062208398133748455
2023-04-03,12980,13170,12670,13010,47482,0.017996870109546093
2023-04-04,12950,13670,12800,13150,191590,0.010760953112989968
2023-04-05,13090,13260,12910,12950,28446,-0.01520912547528519
2023-04-06,12970,13200,12780,12890,34249,-0.004633204633204602
2023-04-07,12910,12910,12700,12700,33876,-0.014740108611326574
2023-04-10,12700,12740,12520,12590,34718,-0.008661417322834652
2023-04-11,12620,12730,12400,12540,30446,-0.003971405877680745
2023-04-12,12500,12860,12500,12640,21056,0.00797448165869219
2023-04-13,12650,12730,12450,12700,26306,0.004746835443038
2023-04-14,12680,13080,12680,12980,33300,0.022047244094488105
2023-04-17,12980,13490,12970,13350,83776,0.028505392912172578
2023-04-18,13320,13320,12950,13120,33547,-0.017228464419475675
2023-04-19,12950,13410,12950,13360,40793,0.018292682926829285
2023-04-20,13400,14180,13190,13480,458636,0.008982035928143617
2023-04-21,13650,13650,12850,13470,112268,-0.0007418397626113293
2023-04-24,13590,13590,13050,13060,52444,-0.03043801039346694
2023-04-25,13060,16080,13060,13510,2728223,0.034456355283307705
2023-04-26,13500,14700,12800,13210,805252,-0.022205773501110304
2023-04-27,13000,13200,12700,12910,195749,-0.022710068130204375
2023-04-28,12880,13410,12730,12730,152808,-0.013942680092951187
2023-05-02,12740,13000,12700,12860,62036,0.01021209740769824
2023-05-03,13160,13270,12710,12740,130741,-0.009331259720062213
2023-05-04,12710,12920,12690,12730,41915,-0.0007849293563578774
2023-05-08,12750,13070,12750,12860,47424,0.01021209740769824
2023-05-09,12760,13300,12760,12880,77951,0.0015552099533437946
2023-05-10,12870,13300,12870,13030,53741,0.01164596273291929
2023-05-11,12940,13220,12940,13150,33807,0.009209516500383819
2023-05-12,13240,13240,12930,12930,37895,-0.016730038022813698
2023-05-15,12910,13000,12830,12890,23970,-0.0030935808197989356
2023-05-16,12880,12990,12700,12700,36039,-0.014740108611326574
2023-05-17,12610,12900,12600,12800,21409,0.007874015748031482
2023-05-18,12800,12890,12770,12770,14722,-0.002343749999999978
2023-05-19,12890,12890,12720,12750,13579,-0.001566170712607673
2023-05-22,12810,13210,12580,13210,83047,0.03607843137254907
2023-05-23,13350,13610,13220,13500,143505,0.02195306585919754
2023-05-24,14150,14250,13570,13690,309577,0.014074074074074128
2023-05-25,13700,13910,13200,13440,63403,-0.018261504747991264
2023-05-26,13430,13430,13050,13100,56104,-0.02529761904761907
2023-05-30,13100,13290,13020,13190,30636,0.006870229007633677
2023-05-31,13150,13300,12950,12950,37463,-0.0181956027293404
2023-06-01,12880,13030,12880,12920,24301,-0.0023166023166023564
2023-06-02,13030,13610,13020,13550,82901,0.04876160990712064
2023-06-05,13690,14100,13610,13920,123900,0.0273062730627307
2023-06-07,14060,14220,13780,13990,111890,0.005028735632183867
2023-06-08,13990,14250,13860,13860,55417,-0.009292351679771271
2023-06-09,14140,14150,13700,13740,43995,-0.008658008658008698
2023-06-12,13760,14940,13550,14070,155857,0.024017467248908186
2023-06-13,14080,14700,13720,13770,331565,-0.021321961620469065
2023-06-14,14020,14110,13710,13930,74417,0.01161946259985469
2023-06-15,14150,14150,13830,13850,53776,-0.005743000717875035
2023-06-16,14000,14450,13850,14360,137044,0.03682310469314087
2023-06-19,14280,14710,14280,14600,100778,0.01671309192200554
2023-06-20,14600,14960,14310,14780,135603,0.012328767123287676
2023-06-21,14890,15420,14660,14770,149302,-0.0006765899864682456
2023-06-22,14840,14840,14330,14650,41590,-0.008124576844956044
2023-06-23,14650,14700,14340,14580,47488,-0.004778156996587013
2023-06-26,14370,15000,14340,14470,61667,-0.007544581618655677
2023-06-27,14450,14620,14350,14550,31960,0.005528680027643507
2023-06-28,14550,14670,14290,14300,26059,-0.01718213058419249
2023-06-29,14300,14380,14070,14100,35527,-0.013986013986013957
2023-06-30,14040,14900,14030,14220,75770,0.008510638297872353
2023-07-03,14250,14500,14220,14340,25714,0.00843881856540074
2023-07-04,14590,14590,14000,14450,65337,0.007670850767085069
2023-07-05,14500,14640,14120,14520,111575,0.004844290657439521
2023-07-06,14520,14730,14240,14400,72149,-0.008264462809917328
2023-07-07,14410,14510,14150,14330,63814,-0.004861111111111094
2023-07-10,14330,15750,14020,15490,382368,0.0809490579204466
2023-07-11,15680,15680,14910,15120,181153,-0.023886378308586198
2023-07-12,15200,16000,15010,15280,261677,0.010582010582010692
2023-07-13,15540,16180,15370,15660,251205,0.024869109947643908
2023-07-14,15700,15700,15160,15330,91302,-0.021072796934865856
2023-07-17,15620,15620,14710,14820,88284,-0.0332681017612525
2023-07-18,14900,15200,14700,14830,44910,0.0006747638326585204
2023-07-19,14830,15540,14830,15160,88236,0.022252191503708607
2023-07-20,15390,15390,14600,14710,78250,-0.02968337730870707
2023-07-21,14710,14830,14210,14270,50452,-0.029911624745071363
2023-07-24,14260,14380,13920,14290,91794,0.0014015416958654825
2023-07-25,14670,14670,13970,14010,50329,-0.019594121763470973
2023-07-26,13930,13930,12880,13490,124763,-0.03711634546752318
2023-07-27,13700,13940,13140,13150,92730,-0.025203854707190554
2023-07-28,13440,14270,13160,13900,60358,0.057034220532319324
2023-07-31,13830,14300,13760,14110,30006,0.015107913669064832
2023-08-01,14210,15790,14170,14910,903713,0.05669737774627914
2023-08-02,14900,15170,14080,14100,190423,-0.05432595573440646
2023-08-03,13880,14030,13600,13980,76634,-0.008510638297872353
2023-08-04,13910,14590,13750,14420,66570,0.03147353361945626
2023-08-07,14510,14520,14020,14410,63910,-0.0006934812760055475
2023-08-08,14210,15600,14210,14770,479693,0.02498265093684937
2023-08-09,14770,14790,14260,14590,74620,-0.012186865267433955
2023-08-10,14590,14590,14250,14360,47513,-0.015764222069910905
2023-08-11,14270,14670,14270,14370,39847,0.0006963788300835549
2023-08-14,14500,14500,13730,13990,75475,-0.026443980514961773
2023-08-16,13650,15500,13650,14250,398199,0.018584703359542543
2023-08-17,14110,14390,13780,14130,57440,-0.008421052631578996
2023-08-18,14090,14300,13740,13830,74457,-0.02123142250530785
2023-08-21,13730,14260,13730,14110,53010,0.02024584237165583
2023-08-22,13920,14140,13720,14050,51752,-0.00425230333097093
2023-08-23,14030,14040,13800,13910,24384,-0.009964412811387935
2023-08-24,13890,13950,13750,13870,28787,-0.0028756290438533005
2023-08-25,13780,13970,13700,13880,16060,0.0007209805335255393
2023-08-28,14060,14490,14050,14430,85342,0.039625360230547635
2023-08-29,14540,15000,14440,14880,124050,0.031185031185031242
2023-08-30,14720,14910,14400,14500,48950,-0.025537634408602128
2023-08-31,14700,14710,14220,14310,30848,-0.013103448275862073
2023-09-01,14160,14420,13830,13880,50365,-0.030048916841369677
2023-09-04,13980,14320,13800,13920,41358,0.0028818443804035088
2023-09-05,13930,14150,13710,13780,33786,-0.010057471264367845
2023-09-06,13720,14100,13720,13830,42021,0.0036284470246734646
2023-09-07,13760,13840,13750,13790,19216,-0.002892263195950817
2023-09-08,14130,14130,13680,13790,23032,0.0
2023-09-11,13720,14020,13720,13890,22894,0.007251631617113841
2023-09-12,13840,14000,13770,13830,30264,-0.004319654427645814
2023-09-13,13860,14050,13710,14050,34782,0.01590744757772966
2023-09-14,14050,14050,13800,13990,15641,-0.004270462633451988
2023-09-15,14290,14490,13810,13880,77003,-0.00786275911365264
2023-09-18,13800,13880,13500,13740,53690,-0.010086455331412059
2023-09-19,13600,13770,13530,13620,21918,-0.008733624454148492
2023-09-20,13700,13720,13580,13650,13328,0.0022026431718060735
2023-09-21,13650,13700,13410,13700,42074,0.00366300366300365
2023-09-22,13670,13670,13350,13440,21826,-0.01897810218978102
2023-09-25,13440,13440,12950,13060,24803,-0.028273809523809534
2023-09-26,13070,13100,12690,12840,14592,-0.016845329249617125
2023-09-27,12600,13080,12600,13070,14933,0.01791277258566981
2023-10-04,13020,13050,12710,12810,14504,-0.019892884468247884
2023-10-05,12770,13000,12700,12700,13554,-0.00858704137392663
2023-10-06,12800,12950,12750,12920,5502,0.017322834645669305
2023-10-10,13000,13100,12480,12800,24655,-0.009287925696594423
2023-10-11,12710,12900,12710,12770,10717,-0.002343749999999978
2023-10-12,12680,12900,12680,12780,10332,0.000783085356303781
2023-10-13,12830,12830,12550,12650,10769,-0.010172143974960912
2023-10-16,12700,12700,12390,12500,8681,-0.011857707509881465
2023-10-17,12420,12700,12420,12490,6309,-0.0008000000000000229
2023-10-18,12650,13400,12490,12590,22445,0.008006405124099336
2023-10-19,12640,12660,12010,12110,27482,-0.038125496425734706
2023-10-20,11840,12060,11130,11470,32956,-0.05284888521882747
2023-10-23,11470,11470,11150,11300,15595,-0.01482127288578905
2023-10-24,11120,11570,11000,11480,9299,0.015929203539823078
2023-10-25,11480,11980,11480,11930,10528,0.03919860627177707
2023-10-26,11950,11950,11460,11840,8829,-0.007544006705783701
2023-10-27,11730,11900,11500,11700,11706,-0.011824324324324342
2023-10-30,11990,11990,11600,11850,9124,0.012820512820512775
2023-10-31,11950,11950,11510,11790,14028,-0.005063291139240533
2023-11-01,11770,12190,11730,11800,9214,0.0008481764206955678
2023-11-02,11870,12040,11800,11910,6680,0.009322033898305104
2023-11-03,12280,12280,11930,12130,15293,0.018471872376154552
2023-11-06,12180,12260,11900,11970,21055,-0.013190436933223415
2023-11-07,12190,12190,11810,12060,13940,0.007518796992481258
2023-11-08,11860,12170,11860,12030,12494,-0.0024875621890547706
2023-11-09,11970,12190,11750,11750,13411,-0.023275145469659142
2023-11-10,12040,12040,11350,11590,19525,-0.013617021276595698
2023-11-13,11460,13510,11280,11530,983110,-0.0051768766177739955
2023-11-14,11530,11770,11280,11420,88933,-0.009540329575021711
2023-11-15,11400,12340,11380,11490,229143,0.0061295971978985175
2023-11-16,11410,11630,11410,11510,36410,0.0017406440382941035
2023-11-17,11780,11780,11360,11430,46466,-0.0069504778453518545
2023-11-20,11370,11770,11370,11600,45260,0.014873140857392775
2023-11-21,11550,11720,11520,11690,34515,0.00775862068965516
2023-11-22,11690,11910,11690,11860,26733,0.014542343883661157
2023-11-23,11980,12010,11700,11750,21188,-0.009274873524451888
2023-11-24,11850,11880,11500,11520,38175,-0.019574468085106433
2023-11-27,11610,11660,11420,11480,16423,-0.00347222222222221
2023-11-28,11510,12300,11490,11930,86382,0.03919860627177707
2023-11-29,12350,12350,11820,11900,49292,-0.0025146689019278634
2023-11-30,11780,12260,11780,12020,45244,0.010084033613445342
2023-12-01,12150,12200,11880,11960,31653,-0.004991680532445919
2023-12-04,12230,12230,11930,11940,22472,-0.0016722408026755842
2023-12-05,11780,12070,11780,11850,16421,-0.007537688442211032
2023-12-06,11760,11870,11710,11790,14652,-0.005063291139240533
2023-12-07,11790,11850,11590,11750,13027,-0.003392705682782049
2023-12-08,11770,12050,11740,11890,20973,0.01191489361702125
2023-12-11,12000,12110,11890,11950,14714,0.005046257359125228
2023-12-12,11830,12060,11830,11990,11803,0.0033472803347280866
2023-12-13,12090,12090,11830,11930,9513,-0.005004170141784781
2023-12-14,12060,12660,11780,12190,96766,0.021793797150041927
2023-12-15,12190,12190,11960,12100,22549,-0.007383100902379036
2023-12-18,12230,12230,11940,12050,9413,-0.004132231404958664
2023-12-19,12050,12120,11740,11850,34609,-0.016597510373444035
2023-12-20,11840,11980,11590,11840,37371,-0.0008438818565400519
2023-12-21,11810,11830,11600,11610,20932,-0.019425675675675658
2023-12-22,11400,12000,11400,11910,52489,0.025839793281653645
2023-12-26,12000,12000,11550,11650,18270,-0.02183039462636438
2023-12-27,11700,11800,11580,11790,8946,0.012017167381974225
2023-12-28,11800,11950,11780,11850,10478,0.0050890585241729624
2024-01-02,11850,12150,11810,12130,23396,0.02362869198312234
2024-01-03,12190,12650,12050,12250,65725,0.009892827699917506
2024-01-04,12260,12440,12110,12270,32121,0.0016326530612245094
2024-01-05,12450,12500,12110,12170,23779,-0.008149959250203787
2024-01-08,12180,12780,12020,12080,72431,-0.007395234182415722
2024-01-09,12030,12250,11950,12120,25338,0.0033112582781456013
2024-01-10,11970,12150,11860,11910,22526,-0.017326732673267342
2024-01-11,11860,12000,11850,11960,14220,0.004198152812762368
2024-01-12,11960,12020,11810,11870,15426,-0.007525083612040184
2024-01-15,11960,12180,11760,12120,28613,0.021061499578769904
2024-01-16,12120,12120,11810,11940,18764,-0.014851485148514865
2024-01-17,11940,11940,11500,11530,27317,-0.03433835845896149
2024-01-18,11540,11630,11470,11480,16430,-0.004336513443191636
2024-01-19,11480,11690,11450,11640,11622,0.013937282229965264
2024-01-22,11650,11670,11500,11530,6235,-0.009450171821305808
2024-01-23,11530,11630,11510,11570,15212,0.003469210754553309
2024-01-24,11570,11680,11570,11620,8974,0.004321521175453702
2024-01-25,11540,11690,11510,11690,13390,0.006024096385542244
2024-01-26,11640,12000,11640,11660,14442,-0.0025662959794696683
2024-01-29,11620,11790,11620,11700,17519,0.0034305317324185847
2024-01-30,11700,11840,11550,11550,16822,-0.012820512820512775
2024-01-31,11550,11690,11460,11690,9151,0.0121212121212122
2024-02-01,11480,11710,11480,11670,10103,-0.0017108639863130382
2024-02-02,11610,11850,11610,11800,9964,0.011139674378748854
2024-02-05,11800,11930,11720,11870,19771,0.0059322033898305815
2024-02-06,11840,11940,11790,11800,8756,-0.005897219882055604
2024-02-07,11970,11970,11740,11900,14274,0.008474576271186418
2024-02-08,11900,11930,11700,11710,13878,-0.015966386554621903
2024-02-13,11720,11980,11720,11900,11847,0.016225448334756587
2024-02-14,11900,12070,11700,12040,15983,0.0117647058823529
2024-02-15,11840,12420,11840,12190,22544,0.012458471760797396
2024-02-16,12160,12460,12140,12300,22020,0.009023789991796649
2024-02-19,12400,12690,12300,12670,39409,0.030081300813008083
2024-02-20,12700,12700,12370,12560,18713,-0.008681925808997626
2024-02-21,12490,12550,12300,12440,29967,-0.009554140127388533
2024-02-22,12900,12960,12350,12900,78516,0.036977491961414755
2024-02-23,12950,13100,12610,12800,53174,-0.007751937984496138
2024-02-26,12800,12810,12400,12690,17929,-0.008593749999999956
2024-02-27,12540,12880,12470,12690,33099,0.0
2024-02-28,12690,12920,12650,12880,26289,0.014972419227738287
2024-02-29,12940,12990,12790,12860,17354,-0.0015527950310558758
2024-03-04,12830,12920,12650,12650,23354,-0.016329704510108844
2024-03-05,12560,12800,12560,12560,13613,-0.007114624505928813
2024-03-06,12770,13210,12670,13180,59276,0.0493630573248407
2024-03-07,13260,13260,12830,12950,21790,-0.017450682852807264
2024-03-08,12940,13010,12680,12860,16249,-0.006949806949806958
2024-03-11,13110,13400,12900,13180,45500,0.02488335925349916
2024-03-12,13190,13330,13020,13130,18257,-0.003793626707132014
2024-03-13,12990,13190,12740,12960,28418,-0.012947448591012933
2024-03-14,12960,13800,12960,13560,109886,0.04629629629629628
2024-03-15,13740,13850,13230,13260,49917,-0.02212389380530977
2024-03-18,13270,13800,13270,13550,43984,0.02187028657616885
2024-03-19,13560,13790,13410,13650,25907,0.007380073800737907
2024-03-20,13650,13840,13550,13800,833821,0.01098901098901095
2024-03-21,13850,13900,13310,13420,79711,-0.02753623188405796
2024-03-22,13380,13380,13000,13030,41043,-0.029061102831594687
2024-03-25,13030,13130,12700,13050,39842,0.0015349194167306734
2024-03-26,12950,12960,12700,12790,35204,-0.01992337164750957
2024-03-27,12820,12990,12500,12890,33829,0.007818608287724738
2024-03-28,12850,13100,12710,13000,21440,0.00853374709076804
2024-03-29,12930,13200,12860,12970,24935,-0.002307692307692344
2024-04-01,13000,13160,12870,13080,16153,0.008481110254433322
2024-04-02,13130,13700,13070,13590,92888,0.03899082568807333
2024-04-03,13560,13560,13060,13300,37894,-0.021339220014716664
2024-04-04,13450,13450,13100,13180,24996,-0.009022556390977488
2024-04-05,13180,13360,12850,12850,24420,-0.025037936267071292
2024-04-08,12760,12980,12680,12960,23067,0.008560311284046662
2024-04-09,13090,13090,12700,12720,22297,-0.01851851851851849
2024-04-11,12700,12970,12310,12420,20894,-0.02358490566037741
2024-04-12,12330,12800,12330,12610,9877,0.015297906602254496
2024-04-15,12320,13140,12320,12930,37193,0.025376685170499513
2024-04-16,13140,13180,12500,13030,44657,0.007733952049497228
2024-04-17,13000,13290,12860,13060,36975,0.00230237912509601
2024-04-18,13000,14000,12860,13760,174875,0.05359877488514542
2024-04-19,13760,13990,13050,13970,111179,0.015261627906976827
2024-04-22,13930,14140,13350,13450,72731,-0.03722261989978526
2024-04-23,13750,14500,13480,14390,244272,0.06988847583643132
2024-04-24,14900,15730,14390,14860,711011,0.03266157053509389
2024-04-25,14850,14890,14090,14280,248740,-0.03903095558546432
2024-04-26,14220,14540,14000,14160,120752,-0.008403361344537785
2024-04-29,14170,14170,13800,13870,84053,-0.020480225988700584
2024-04-30,13710,13900,13640,13730,59539,-0.010093727469358327
2024-05-02,13730,13870,13370,13440,59286,-0.02112163146394752
2024-05-03,13460,13700,13100,13210,52320,-0.017113095238095233
2024-05-07,13190,13660,13090,13540,78459,0.02498107494322488
2024-05-08,13710,13720,13300,13590,59613,0.0036927621861151394
2024-05-09,13690,14070,13630,13990,72017,0.029433406916850702
2024-05-10,14130,14140,13630,14030,91962,0.002859185132237263
2024-05-13,14170,14650,13810,14490,213162,0.032786885245901676
2024-05-14,14620,14790,14290,14500,83025,0.0006901311249136732
2024-05-16,14500,14820,14220,14670,89266,0.01172413793103444
2024-05-17,14440,14580,13490,13840,149912,-0.05657805044308106
2024-05-20,13800,14050,13490,13750,60000,-0.006502890173410436
2024-05-21,13950,14110,13350,13530,44561,-0.016000000000000014
2024-05-22,13790,13790,13050,13160,59183,-0.02734663710273466
2024-05-23,13120,13360,13010,13280,48126,0.00911854103343468
2024-05-24,13200,13820,13100,13650,58039,0.027861445783132543
2024-05-27,13680,13900,13430,13530,56828,-0.00879120879120876
2024-05-28,13660,13660,13290,13300,34405,-0.016999260901699897
2024-05-29,13300,13320,12890,13190,90192,-0.008270676691729317
2024-05-30,13110,13610,12940,13150,84572,-0.0030326004548900665
2024-05-31,12900,13490,12900,13290,43345,0.010646387832699666
2024-06-03,13300,14320,13300,14130,134364,0.06320541760722342
2024-06-04,14130,14190,13780,14020,842981,-0.007784854918612916
2024-06-05,13990,14410,13910,14190,127141,0.012125534950071293
2024-06-07,14170,14420,14040,14350,126858,0.01127554615926707
2024-06-10,14520,15400,14290,15380,333380,0.07177700348432059
2024-06-11,15380,15380,14700,14980,138864,-0.026007802340702213
2024-06-12,15020,15730,14430,15700,289616,0.04806408544726293
2024-06-13,15590,15700,15260,15580,150963,-0.007643312101910826
2024-06-14,15520,16880,15480,15780,406239,0.012836970474968012
2024-06-17,15920,16060,15220,15980,132619,0.012674271229404344
2024-06-18,16390,16750,16100,16360,229034,0.02377972465581979
2024-06-19,16390,16640,16180,16610,133689,0.015281173594132058
2024-06-20,17050,17680,16810,17400,352787,0.04756170981336538
2024-06-21,17300,17720,16770,17420,203339,0.0011494252873562871
2024-06-24,17420,18010,17420,17950,135247,0.030424799081515408
2024-06-25,18210,18660,16900,16910,422097,-0.05793871866295264
2024-06-26,16800,17410,16300,16770,191090,-0.008279124778237779
2024-06-27,16770,16950,16150,16800,155844,0.0017889087656528524
2024-06-28,16900,17210,16330,17100,116149,0.017857142857142794
2024-07-01,17000,17570,16430,17390,196912,0.016959064327485285
2024-07-02,17700,17700,16800,17220,113064,-0.009775733179988477
2024-07-03,17600,17600,16300,16960,156584,-0.015098722415795574
2024-07-04,16960,17140,16410,16470,65180,-0.028891509433962237
2024-07-05,16360,16550,15640,15800,133024,-0.040680024286581684
2024-07-08,15590,16380,15590,16080,77184,0.017721518987341867
2024-07-09,16100,16140,15660,15670,840384,-0.025497512437810954
2024-07-10,15850,17690,15850,16290,368868,0.03956604977664324
2024-07-11,16310,16430,16100,16370,71341,0.0049109883364026885
2024-07-12,16500,16640,16060,16490,83735,0.007330482590103937
2024-07-15,16490,16950,16300,16610,137355,0.0072771376591873604
2024-07-16,16760,17500,16470,16980,418661,0.02227573750752554
2024-07-17,17190,17730,16770,16800,299133,-0.010600706713780883
2024-07-18,16440,16920,16200,16540,122169,-0.015476190476190421
2024-07-19,16450,16580,16150,16190,75803,-0.021160822249093103
2024-07-22,16000,16580,15700,16160,81151,-0.0018529956763434496
2024-07-23,16370,16980,16080,16980,192268,0.05074257425742568
2024-07-24,17300,17300,16720,17080,140253,0.005889281507656108
2024-07-25,16990,16990,15900,15930,161501,-0.06733021077283374
2024-07-26,16080,17000,16010,16950,199551,0.064030131826742
2024-07-29,16910,17380,16680,17080,202625,0.007669616519174083
2024-07-30,17080,17080,16530,16700,94212,-0.022248243559718994
2024-07-31,16590,17000,15950,16150,152704,-0.03293413173652693
2024-08-01,16150,16380,16010,16100,135704,-0.003095975232198178
2024-08-02,15710,16090,15200,15250,158151,-0.052795031055900665
2024-08-05,15000,15050,12880,13690,263744,-0.10229508196721315
2024-08-06,13850,14400,13280,14300,178714,0.04455807158509861
2024-08-07,14500,14700,14110,14110,108804,-0.01328671328671327
2024-08-08,14000,14530,13760,14310,104751,0.014174344436569841
2024-08-09,14430,14650,14110,14220,121951,-0.0062893081761006275
2024-08-12,14290,14290,14000,14260,72537,0.002812939521800173
2024-08-13,14250,14320,14010,14150,78385,-0.007713884992987419
2024-08-14,14250,17590,14060,16610,2116548,0.17385159010600715
2024-08-16,16650,21550,16420,21550,3998099,0.29741119807344973
2024-08-19,22250,24400,21200,23000,4250385,0.06728538283062635
2024-08-20,22000,22800,21200,22200,1004548,-0.034782608695652195
2024-08-21,22000,22400,21350,22250,596327,0.0022522522522523403
2024-08-22,22000,22200,20600,21800,621344,-0.020224719101123556
2024-08-23,21300,21550,20300,21450,558086,-0.016055045871559592
2024-08-26,21150,21850,20300,20600,517969,-0.03962703962703962
2024-08-27,20500,21400,20500,21200,386591,0.029126213592232997
2024-08-28,20850,21350,20350,20900,367969,-0.014150943396226467
2024-08-29,21000,21000,20150,20950,334089,0.0023923444976077235
2024-08-30,20700,21350,20550,20900,312269,-0.0023866348448687846
2024-09-02,20900,21050,20400,20700,171033,-0.009569377990430672
2024-09-03,20750,21100,20350,20550,340688,-0.007246376811594235
2024-09-04,19950,19950,18000,19010,615417,-0.07493917274939177
2024-09-05,19010,19100,17550,18240,408294,-0.040504997369805396
2024-09-06,18010,18180,17140,17550,243314,-0.03782894736842102
2024-09-09,17150,18710,17140,18540,317076,0.05641025641025643
2024-09-10,18900,19430,18000,18190,236140,-0.018878101402373226
2024-09-11,18250,18610,18030,18610,174117,0.023089609675645884
2024-09-12,18800,19170,18300,19130,194152,0.027941966684578157
2024-09-13,19190,19830,19050,19400,299084,0.014113957135389432
2024-09-19,19400,20150,19000,19600,231195,0.010309278350515427
2024-09-20,19500,20450,19300,19610,222378,0.0005102040816327147
2024-09-23,20050,20550,19740,19800,1531196,0.009688934217236156
2024-09-24,19620,19620,17900,18300,550292,-0.0757575757575758
2024-09-25,18350,18730,18030,18160,251902,-0.007650273224043769
2024-09-26,18200,18340,18020,18340,145020,0.009911894273127775
2024-09-27,18460,18530,17870,18150,265918,-0.01035986913849507
2024-09-30,18410,18770,18020,18120,253412,-0.0016528925619834212
2024-10-02,17950,19300,17830,18950,397300,0.04580573951434874
2024-10-04,19200,19530,18770,19390,303397,0.02321899736147759
2024-10-07,19650,19730,19040,19670,301579,0.014440433212996373
2024-10-08,19670,20150,19500,19890,224330,0.011184544992374201
2024-10-10,19870,20350,19200,19710,278756,-0.009049773755656076
2024-10-11,19850,19860,19200,19450,239636,-0.013191273465246067
2024-10-14,19460,19740,19320,19700,156013,0.01285347043701801
2024-10-15,19870,20650,19610,20450,412673,0.038071065989847774
2024-10-16,20200,20450,19630,19800,216502,-0.0317848410757946
2024-10-17,19840,21300,19650,21200,671436,0.07070707070707072
2024-10-18,21200,21250,20500,21050,517710,-0.007075471698113178
2024-10-21,21400,21800,20750,21450,420057,0.019002375296912177
2024-10-22,21500,22000,21000,21500,409423,0.002331002331002363
2024-10-23,21850,21950,19710,19820,756054,-0.07813953488372094
2024-10-24,19690,19770,19280,19580,249017,-0.012108980827447047
2024-10-25,19750,20200,19610,19760,212076,0.009193054136874323
2024-10-28,19760,19930,18900,18930,280306,-0.042004048582996
2024-10-29,19100,20300,19100,20100,1318188,0.06180665610142633
2024-10-30,19600,19700,19080,19230,287997,-0.043283582089552186
2024-10-31,19230,19260,18910,19070,175258,-0.00832033281331257
2024-11-01,18890,19110,18330,18820,203185,-0.013109596224436304
2024-11-04,18850,18850,18270,18500,320317,-0.01700318809776835
2024-11-05,18410,19310,18400,19250,314496,0.04054054054054057
2024-11-06,19250,19940,19100,19680,296205,0.022337662337662323
2024-11-07,19770,22100,19600,20800,1791573,0.05691056910569103
2024-11-08,20650,20950,19800,20200,597057,-0.028846153846153855
2024-11-11,20400,21600,20300,21000,982735,0.03960396039603964
2024-11-12,21500,21750,20100,20200,722311,-0.03809523809523807
2024-11-13,20400,20600,19860,19900,439594,-0.014851485148514865
2024-11-14,20250,22500,19230,20350,2498429,0.022613065326633208
2024-11-15,20300,21750,20000,21300,982079,0.04668304668304679
2024-11-18,21300,21650,20350,20500,610639,-0.03755868544600938
2024-11-19,20600,21200,20200,20550,325614,0.0024390243902439046
2024-11-20,20750,21750,20550,21450,650144,0.04379562043795615
2024-11-21,21450,21450,20150,20350,562861,-0.05128205128205132
2024-11-22,20400,21150,20050,20950,414243,0.029484029484029506
2024-11-25,21200,22450,21050,21550,784520,0.02863961813842475
2024-11-26,21550,21600,20050,20500,600768,-0.04872389791183296
2024-11-27,20350,20500,19340,19720,621813,-0.03804878048780491
2024-11-28,19720,19720,19100,19150,260703,-0.028904665314401612
2024-11-29,19350,19400,18890,19150,177246,0.0
2024-12-02,19160,19400,18110,18750,304686,-0.02088772845953002
2024-12-03,18550,19610,18540,19510,175254,0.04053333333333331
2024-12-04,18800,19450,18650,18970,210198,-0.027678113787801162
2024-12-05,19090,19110,18000,18000,251727,-0.05113336847654193
2024-12-06,18000,18070,16290,16850,549948,-0.06388888888888888
2024-12-09,16400,16510,15150,15750,240824,-0.06528189910979232
2024-12-10,15750,16660,15750,16560,168009,0.05142857142857138
2024-12-11,16900,17910,16770,17710,227383,0.06944444444444442
2024-12-12,17880,17940,17350,17680,107716,-0.0016939582156973998
2024-12-13,17800,19040,17370,18990,306221,0.07409502262443435
2024-12-16,19040,20350,18930,20200,537511,0.06371774618220116
2024-12-17,20500,20500,19690,19820,145405,-0.01881188118811883
2024-12-18,19780,20300,19200,19320,188692,-0.025227043390514625
2024-12-19,18750,20300,18670,19910,303895,0.030538302277432816
2024-12-20,19900,20050,19360,19490,157530,-0.021094927172275235
2024-12-23,19600,20450,19280,19450,342389,-0.0020523345305284435
2024-12-24,19460,19770,19150,19520,232552,0.0035989717223650075
2024-12-26,19820,20700,19600,19780,751130,0.013319672131147486
2024-12-27,19700,20450,19350,20100,472564,0.016177957532861553
2024-12-30,20100,20650,19830,20100,245570,0.0
2025-01-02,20500,21250,20050,20750,733480,0.03233830845771135
2025-01-03,20850,21150,19740,19900,544962,-0.04096385542168679
2025-01-06,19850,19900,19150,19400,412586,-0.025125628140703515
2025-01-07,19580,20200,19300,19740,424512,0.017525773195876226
2025-01-08,20200,20450,19810,20250,531840,0.02583586626139822
2025-01-09,20300,23100,19830,22250,1659882,0.09876543209876543
2025-01-10,22100,24000,21600,23600,1243244,0.06067415730337089
2025-01-13,23800,23900,22850,23400,526592,-0.008474576271186418
2025-01-14,23650,24400,22900,23200,650184,-0.008547008547008517
2025-01-15,23150,24800,23000,23750,971716,0.0237068965517242
2025-01-16,24050,24050,23150,23850,474623,0.004210526315789442
2025-01-17,23650,24000,22600,23550,389864,-0.012578616352201255
2025-01-20,23150,24250,22800,24200,485307,0.027600849256900206
2025-01-21,24400,24950,23950,24600,548865,0.016528925619834656
2025-01-22,24500,25550,24050,24250,1080626,-0.014227642276422814
2025-01-23,23200,23900,22250,22350,783601,-0.07835051546391758
2025-01-24,22350,23350,22300,22950,392923,0.02684563758389258
2025-01-31,22850,23550,22450,22550,264031,-0.017429193899782147
2025-02-03,22350,22500,21550,21950,255990,-0.026607538802660757
2025-02-04,22350,23700,22050,23300,540861,0.06150341685649208
2025-02-05,23350,23400,22050,22300,419084,-0.0429184549356223
2025-02-06,22400,23100,21950,22350,451278,0.0022421524663676085
2025-02-07,22450,22450,21850,22000,244681,-0.015659955257270708
2025-02-10,21850,22800,21300,21400,359134,-0.027272727272727226
2025-02-11,21550,23350,21400,23000,775452,0.07476635514018692
2025-02-12,23000,26500,22800,25750,3020986,0.11956521739130443
2025-02-13,25850,27650,25250,26850,1600483,0.042718446601941684
2025-02-14,26850,27150,25500,25900,738914,-0.035381750465549366
2025-02-17,26000,27000,25700,26550,1507837,0.025096525096525157
2025-02-18,25950,31650,25650,30000,3103094,0.12994350282485878
2025-02-19,30000,30050,28500,28950,920033,-0.03500000000000003
2025-02-20,28800,28800,26300,26750,1030617,-0.07599309153713296
2025-02-21,26500,28100,25950,27650,517985,0.03364485981308407
2025-02-24,27000,27800,26050,26900,374500,-0.027124773960216952
2025-02-25,26350,28350,26300,28100,545561,0.044609665427509215
2025-02-26,28650,29450,27550,29150,1143614,0.03736654804270456
2025-02-27,26500,26700,24800,25150,1979308,-0.13722126929674094
2025-02-28,24700,25400,23900,24150,768467,-0.03976143141153077
2025-03-04,24400,26200,24350,25800,1013430,0.06832298136645965
2025-03-05,26150,26400,25150,26100,469135,0.011627906976744207
2025-03-06,26400,26950,25750,26100,691033,0.0
2025-03-07,26800,27400,26100,26950,770714,0.03256704980842917
2025-03-10,27400,27800,26000,27250,975539,0.011131725417439675
2025-03-11,26300,26650,25750,26150,455103,-0.04036697247706422
2025-03-12,26350,26550,24200,24400,752216,-0.0669216061185468
2025-03-13,24600,25600,24600,25450,354357,0.04303278688524581
2025-03-14,25500,25900,25150,25550,186671,0.003929273084479323
2025-03-17,25550,26250,24750,25750,327003,0.007827788649706457
2025-03-18,26000,27500,25750,26900,1137392,0.044660194174757306
2025-03-19,27150,27350,26250,26600,392033,-0.01115241635687736
2025-03-20,26600,26600,23950,24500,855521,-0.07894736842105265
2025-03-21,24500,25600,23950,25350,426181,0.03469387755102038
2025-03-24,25050,25450,24600,24650,184057,-0.027613412228796874
2025-03-25,24650,24950,23200,24100,353861,-0.022312373225152116
2025-03-26,24100,24150,22675,23200,494625,-0.03734439834024894
2025-03-27,20150,21650,19620,21100,1505516,-0.09051724137931039
2025-03-28,21100,21200,20100,20450,503674,-0.03080568720379151
2025-03-31,19920,20900,19800,20800,225080,0.017114914425427896
2025-04-01,20800,21450,20100,21300,234412,0.024038461538461453
2025-04-02,21100,21250,20250,20500,230277,-0.03755868544600938
2025-04-03,19900,21050,19710,20700,170504,0.009756097560975618
2025-04-04,20300,20950,19900,20200,218248,-0.024154589371980673
2025-04-07,19400,19400,18310,18310,318589,-0.09356435643564354
2025-04-08,18970,19600,18740,19230,221205,0.05024576734025121
2025-04-09,19900,19900,18600,19090,150903,-0.007280291211648415
2025-04-10,20300,20550,19900,20350,164051,0.06600314300680976
2025-04-11,21150,22200,21000,21550,445500,0.05896805896805901
2025-04-14,22150,22250,21550,21900,197450,0.016241299303944245
2025-04-15,22300,22550,21850,22350,225583,0.020547945205479534
2025-04-16,22350,22700,21800,21900,148929,-0.020134228187919434
2025-04-17,21750,22500,21750,22300,155407,0.0182648401826484
2025-04-18,22500,22650,21850,22600,216707,0.013452914798206317
2025-04-21,22850,22950,21350,21750,196246,-0.03761061946902655
2025-04-22,21300,22300,21300,22050,127543,0.01379310344827589
2025-04-23,22400,22400,21950,22150,111151,0.0045351473922903285
2025-04-24,22200,22650,21800,22600,219891,0.020316027088036037
2025-04-25,23000,23800,22650,23600,349603,0.04424778761061954
2025-04-28,25950,27000,24500,25050,2361537,0.06144067796610164
2025-04-29,24300,24650,23500,24600,920037,-0.017964071856287456
2025-04-30,24600,24600,23750,24000,324340,-0.024390243902439046
2025-05-02,23900,24300,23800,24150,129464,0.006250000000000089
2025-05-07,24200,24700,24200,24600,150542,0.01863354037267073
2025-05-08,24650,24650,24050,24500,216756,-0.004065040650406471
2025-05-09,24900,26350,24600,26300,854880,0.07346938775510203
2025-05-12,26800,26800,24500,24500,570704,-0.0684410646387833
2025-05-13,24100,24900,23650,24700,221606,0.008163265306122547
2025-05-14,24700,25000,24250,24600,184117,-0.004048582995951455
2025-05-15,24600,24900,23350,24300,416761,-0.012195121951219523
2025-05-16,24550,24600,23700,23850,159306,-0.01851851851851849
2025-05-19,23300,23850,22800,23450,146951,-0.016771488469601636
2025-05-20,25700,26100,24150,25450,982242,0.08528784648187626
2025-05-21,25300,26150,24975,25800,372759,0.013752455795677854
2025-05-22,25400,25550,24700,24800,253993,-0.03875968992248058
2025-05-23,24750,25200,24150,24600,192753,-0.008064516129032251
2025-05-26,24950,25450,24300,24850,163399,0.010162601626016343
2025-05-27,25100,25250,24650,24950,137647,0.004024144869215318
2025-05-28,24400,24400,23100,23150,567930,-0.07214428857715427
2025-05-29,23400,23500,22900,23000,230388,-0.006479481641468721
2025-05-30,23000,23250,22500,22750,149437,-0.010869565217391353
2025-06-02,22700,23150,22600,22750,185349,0.0
2025-06-04,23000,23400,22200,23300,247289,0.02417582417582409
2025-06-05,23350,23800,23250,23600,202285,0.012875536480686733
2025-06-09,23300,23350,22100,22700,344708,-0.03813559322033899
2025-06-10,22750,23750,22500,23250,408778,0.02422907488986792
2025-06-11,23550,23700,22700,23050,326594,-0.008602150537634357
2025-06-12,23000,23550,22800,23150,450717,0.00433839479392617
2025-06-13,23200,24800,23100,24650,963371,0.06479481641468676
2025-06-16,25000,25500,24450,25350,478725,0.028397565922920975
2025-06-17,25300,25650,24200,24850,1339268,-0.01972386587771202
2025-06-18,25250,25600,24250,24350,673890,-0.02012072434607648
2025-06-19,24400,24400,23800,24400,258244,0.002053388090349051
2025-06-20,24600,24950,24050,24750,415523,0.014344262295082011
2025-06-23,24300,24500,23950,24100,201224,-0.02626262626262621
2025-06-24,24150,24500,23350,24000,456746,-0.004149377593360981
2025-06-25,24000,24000,22350,22400,538889,-0.06666666666666665
2025-06-26,22500,22650,21650,22000,209716,-0.017857142857142905
2025-06-27,22250,22300,21600,21700,133538,-0.013636363636363669
2025-06-30,21500,21900,21400,21500,155170,-0.009216589861751112
2025-07-01,21700,21850,21300,21450,139406,-0.0023255813953488857
2025-07-02,21500,21600,20700,21150,215390,-0.013986013986013957
2025-07-03,21450,21450,20700,21150,201209,0.0
2025-07-04,21150,21200,20150,20200,227932,-0.044917257683215084
2025-07-07,20000,20350,19910,20300,101425,0.004950495049504955
2025-07-08,20350,20800,20300,20700,138747,0.019704433497536922
2025-07-09,21000,21150,20600,20900,116814,0.009661835748792313
2025-07-10,20900,20900,20400,20650,218858,-0.011961722488038284
2025-07-11,20850,20850,20300,20350,157043,-0.014527845036319653
2025-07-14,20500,20700,19990,20350,70536,0.0
2025-07-15,20500,20650,20150,20450,166835,0.004914004914004844
2025-07-16,20550,20550,20150,20300,131995,-0.007334963325183352
2025-07-17,20250,20300,19980,20150,113240,-0.007389162561576401
2025-07-18,20300,20350,19970,20050,79901,-0.00496277915632759
2025-07-21,20300,20900,20200,20750,220132,0.034912718204488824
2025-07-22,20850,21150,20400,20650,248243,-0.004819277108433773
2025-07-23,20700,20700,20050,20600,181800,-0.002421307506053294
2025-07-24,20550,21600,20450,21150,338454,0.02669902912621369
2025-07-25,21700,22600,20950,22200,785091,0.049645390070921946
2025-07-28,23000,23800,22450,23250,785005,0.04729729729729737
2025-07-29,23200,24250,22750,23900,667561,0.027956989247311936
2025-07-30,24150,24200,23350,23700,239156,-0.008368200836820106
2025-07-31,24050,24600,23450,23800,378154,0.00421940928270037
2025-08-01,24950,26500,23850,24650,1664796,0.03571428571428581
2025-08-04,24050,24950,23650,24300,377849,-0.014198782961460488
2025-08-05,24700,26250,24600,25850,909924,0.06378600823045266
2025-08-06,25350,26000,25100,25850,361866,0.0
2025-08-07,25900,27800,25650,27450,985097,0.061895551257253434
2025-08-08,28500,29550,27450,29000,1249823,0.0564663023679417
2025-08-11,29350,29500,27550,29100,638549,0.0034482758620688614
2025-08-12,28250,29500,28100,28500,405313,-0.020618556701030966
2025-08-13,28850,29150,28100,28450,477115,-0.0017543859649122862
2025-08-14,28000,36950,27600,36300,4778174,0.2759226713532512
2025-08-18,34400,42850,34100,38600,6378177,0.06336088154269981
2025-08-19,38650,38950,36850,37900,1048835,-0.01813471502590669
2025-08-20,36350,36900,34200,35900,1259418,-0.05277044854881263
2025-08-21,35400,35800,34400,35750,1141772,-0.004178272980501441
2025-08-22,36550,36600,34400,34550,1066723,-0.03356643356643352
2025-08-25,34900,35100,33400,34850,752326,0.00868306801736618
2025-08-26,35950,35950,33400,34550,753751,-0.008608321377331474
2025-08-27,35850,37200,34650,35750,1945888,0.0347322720694645
2025-08-28,35100,41400,34100,40400,3899919,0.13006993006993017
2025-08-29,39900,44700,39300,43300,2704685,0.07178217821782185
2025-09-01,43300,44450,42500,43850,750119,0.012702078521940052
