Date,Open,High,Low,Close,Volume,Change
2022-01-03,38900,42650,38250,39000,502664,0.022280471821756187
2022-01-04,41350,42300,39250,40550,350455,0.039743589743589824
2022-01-05,40050,43800,39450,41300,426903,0.018495684340320562
2022-01-06,41300,49900,40500,44400,1531558,0.07506053268765123
2022-01-07,43050,43250,40500,40850,258377,-0.07995495495495497
2022-01-10,41350,41350,37250,37950,222407,-0.07099143206854341
2022-01-11,38550,39050,36900,37100,183869,-0.022397891963109373
2022-01-12,36600,37300,35000,36150,183200,-0.025606469002695365
2022-01-13,35800,38800,35650,37000,271917,0.023513139695712226
2022-01-14,36300,38550,36300,36400,153436,-0.01621621621621616
2022-01-17,35550,35550,33300,33500,134400,-0.07967032967032972
2022-01-18,33500,34750,32200,33500,91439,0.0
2022-01-19,32150,33650,32100,33000,56361,-0.014925373134328401
2022-01-20,33000,33600,32250,32750,68945,-0.007575757575757569
2022-01-21,32600,32850,31300,31550,76395,-0.036641221374045796
2022-01-24,31150,31150,29150,29150,102230,-0.07606973058637079
2022-01-25,29250,30150,27550,27550,94654,-0.054888507718696355
2022-01-26,27100,29150,27050,28250,116375,0.025408348457350183
2022-01-27,28250,28850,26100,26500,86558,-0.06194690265486724
2022-01-28,26950,29500,26950,29500,107667,0.1132075471698113
2022-02-03,30400,30500,28450,30450,113193,0.03220338983050852
2022-02-04,29750,29950,28800,29250,102303,-0.039408866995073843
2022-02-07,29050,29200,28250,28450,46661,-0.027350427350427364
2022-02-08,28400,29500,27750,28300,60463,-0.005272407732864637
2022-02-09,28600,29100,28250,28600,49533,0.010600706713780994
2022-02-10,28900,29400,28200,28400,61638,-0.006993006993006978
2022-02-11,28400,28400,27200,27700,53298,-0.02464788732394363
2022-02-14,26550,26650,24750,24750,145262,-0.10649819494584833
2022-02-15,24750,25350,22800,22800,124023,-0.07878787878787874
2022-02-16,23100,24750,23100,24200,104204,0.06140350877192979
2022-02-17,24050,25200,23400,23900,97496,-0.012396694214875992
2022-02-18,23000,24450,22650,23950,146447,0.0020920502092049986
2022-02-21,24750,26350,24250,25050,306063,0.04592901878914413
2022-02-22,24350,24750,22900,23550,100147,-0.05988023952095811
2022-02-23,23750,24450,23450,23500,74910,-0.002123142250530785
2022-02-24,23300,24850,23150,23400,130997,-0.004255319148936176
2022-02-25,24200,24400,23600,23900,104114,0.02136752136752129
2022-02-28,24600,25400,23750,24000,136541,0.004184100418409997
2022-03-02,23800,23800,22650,23150,118130,-0.03541666666666665
2022-03-03,20750,22050,20750,21650,397770,-0.06479481641468687
2022-03-04,21650,22050,20350,20400,231939,-0.05773672055427248
2022-03-07,20650,24300,20600,22800,1507771,0.11764705882352944
2022-03-08,23000,23400,18700,19400,628968,-0.14912280701754388
2022-03-10,15500,16500,14900,15800,1271722,-0.18556701030927836
2022-03-11,15800,17350,15600,16200,818034,0.025316455696202445
2022-03-14,16250,16550,15800,16100,201155,-0.006172839506172867
2022-03-15,16100,16200,15250,15500,139504,-0.037267080745341574
2022-03-16,15700,20150,15500,18900,2538180,0.2193548387096773
2022-03-17,19150,21000,18800,20050,1014805,0.060846560846560926
2022-03-18,20150,20300,19250,19650,275678,-0.01995012468827928
2022-03-21,19650,19800,18800,19100,211851,-0.027989821882951627
2022-03-22,19000,19400,18450,19400,180964,0.015706806282722585
2022-03-23,19750,20900,19150,19700,500204,0.015463917525773141
2022-03-24,19550,25200,19300,23300,3828191,0.18274111675126914
2022-03-25,23800,29400,23250,27150,3281433,0.16523605150214582
2022-03-28,28200,33200,28000,29950,2094346,0.10313075506445668
2022-03-29,30500,31950,29350,29900,782332,-0.0016694490818029983
2022-03-30,30400,32300,28800,29600,586259,-0.010033444816053505
2022-03-31,29400,29700,28300,28950,258498,-0.02195945945945943
2022-04-01,28350,30300,27700,29650,476888,0.024179620034542326
2022-04-04,29950,30100,29250,29550,224619,-0.003372681281618939
2022-04-05,29450,29550,28350,29250,185864,-0.010152284263959421
2022-04-06,28800,29200,28000,28400,102385,-0.029059829059829068
2022-04-07,28150,28150,26300,26300,156487,-0.073943661971831
2022-04-08,26700,27300,25450,25450,129558,-0.03231939163498099
2022-04-11,25750,25750,23450,23850,165557,-0.06286836935166995
2022-04-12,23800,24100,23000,23100,81037,-0.03144654088050314
2022-04-13,23050,23600,22650,22900,74138,-0.008658008658008698
2022-04-14,23000,23000,22200,22300,62441,-0.026200873362445365
2022-04-15,22400,28950,22200,28950,2986762,0.2982062780269059
2022-04-18,30000,30650,27700,29150,1923118,0.006908462867012188
2022-04-19,28550,29200,27850,28850,384506,-0.010291595197255532
2022-04-20,29450,29600,28200,28300,311455,-0.01906412478336217
2022-04-21,28600,31900,28150,31000,2028554,0.09540636042402828
2022-04-22,30400,31350,29300,30150,516828,-0.02741935483870972
2022-04-25,29600,31500,29350,30800,624131,0.021558872305140975
2022-04-26,30300,30500,29750,30300,217393,-0.016233766233766267
2022-04-27,29150,29900,28750,29400,176348,-0.02970297029702973
2022-04-28,30250,31700,29850,29850,484797,0.015306122448979664
2022-04-29,30700,31200,30000,30250,269708,0.01340033500837512
2022-05-02,29550,30700,29500,30350,121412,0.0033057851239668423
2022-05-03,30300,30350,27550,28150,296434,-0.07248764415156506
2022-05-04,28350,28750,27950,28100,96883,-0.001776198934280604
2022-05-06,28450,30500,28350,28600,712127,0.017793594306049876
2022-05-09,29050,30300,26150,26300,407201,-0.08041958041958042
2022-05-10,25500,25700,24150,25550,125993,-0.028517110266159662
2022-05-11,25250,25650,24700,24700,77198,-0.0332681017612525
2022-05-12,23950,24300,22800,22950,110832,-0.07085020242914974
2022-05-13,22600,25250,22600,23250,121502,0.013071895424836555
2022-05-16,23300,24000,23200,23400,48590,0.006451612903225712
2022-05-17,23800,24500,23600,23800,58092,0.017094017094017033
2022-05-18,23850,24150,23100,23200,51033,-0.025210084033613467
2022-05-19,22100,22550,21800,22150,75698,-0.04525862068965514
2022-05-20,22150,24100,22150,22900,133907,0.0338600451467268
2022-05-23,22950,22950,22200,22450,39189,-0.01965065502183405
2022-05-24,22450,23000,22000,22050,42953,-0.017817371937639215
2022-05-25,22200,22450,21800,22250,23682,0.009070294784580435
2022-05-26,22250,24100,22100,23000,215334,0.03370786516853941
2022-05-27,23000,23750,22650,22750,59330,-0.010869565217391353
2022-05-30,23450,23450,22800,22900,33727,0.00659340659340657
2022-05-31,23450,23450,22700,23050,37683,0.0065502183406114245
2022-06-02,23250,23300,22600,22900,41496,-0.006507592190889366
2022-06-03,23200,23200,22600,22750,32022,-0.0065502183406113135
2022-06-07,23150,23150,22150,22150,35851,-0.02637362637362639
2022-06-08,21950,22550,21350,21350,47101,-0.036117381489842004
2022-06-09,21200,21250,20350,20500,49338,-0.03981264637002346
2022-06-10,19900,21000,19900,20000,44014,-0.024390243902439046
2022-06-13,19300,19750,19000,19000,50976,-0.050000000000000044
2022-06-14,18350,19150,18100,18650,40117,-0.018421052631578894
2022-06-15,18350,19150,17650,17650,36964,-0.0536193029490617
2022-06-16,17800,18750,17400,17500,38231,-0.008498583569405138
2022-06-17,16800,19450,16800,18200,99288,0.040000000000000036
2022-06-20,18200,18500,16500,17200,50953,-0.05494505494505497
2022-06-21,16950,17900,16950,17700,37114,0.029069767441860517
2022-06-22,17550,18050,16350,16450,46814,-0.07062146892655363
2022-06-23,16200,17000,15650,15650,73352,-0.04863221884498481
2022-06-24,15300,16900,15300,16600,52041,0.060702875399361034
2022-06-27,17950,18050,17050,17800,36595,0.07228915662650603
2022-06-28,17850,21350,17650,19050,409446,0.0702247191011236
2022-06-29,18700,20950,18700,20900,391427,0.09711286089238835
2022-06-30,20900,22000,19900,20000,239497,-0.0430622009569378
2022-07-01,19650,21600,19650,20250,264935,0.012499999999999956
2022-07-04,20500,21500,20150,20400,166275,0.007407407407407307
2022-07-05,20550,20550,19750,19900,86753,-0.02450980392156865
2022-07-06,19800,19900,18950,19200,64439,-0.035175879396984966
2022-07-07,19200,19900,19100,19900,44704,0.03645833333333326
2022-07-08,19900,20600,19850,20250,46858,0.017587939698492372
2022-07-11,20700,21800,20350,21550,138583,0.06419753086419755
2022-07-12,21400,21550,19300,20500,68364,-0.04872389791183296
2022-07-13,20450,20500,19800,20300,31166,-0.009756097560975618
2022-07-14,20150,22100,20150,20900,220148,0.029556650246305383
2022-07-15,20800,21700,20300,20650,78971,-0.011961722488038284
2022-07-18,20300,20800,19550,20500,96058,-0.007263922518159771
2022-07-19,20200,21600,20200,21200,106034,0.034146341463414664
2022-07-20,21350,21400,20950,20950,47323,-0.011792452830188704
2022-07-21,21100,21500,20450,20800,56206,-0.007159904534606243
2022-07-22,20800,21100,20150,21050,70751,0.012019230769230838
2022-07-25,21100,21550,20800,20950,59393,-0.004750593824228044
2022-07-26,20800,21150,20700,20750,33540,-0.009546539379474916
2022-07-27,20700,20950,20550,20800,22618,0.002409638554216942
2022-07-28,21000,21250,20650,20650,56931,-0.007211538461538436
2022-07-29,20700,20750,20400,20400,31671,-0.01210653753026636
2022-08-01,20300,20900,20100,20600,39261,0.009803921568627416
2022-08-02,20600,21300,20400,21250,68679,0.031553398058252524
2022-08-03,21250,21500,20800,20950,44553,-0.014117647058823568
2022-08-04,20950,21250,20600,20850,47738,-0.004773269689737458
2022-08-05,21650,21850,20850,21050,95554,0.00959232613908867
2022-08-08,21600,24300,21300,23050,959237,0.09501187648456066
2022-08-09,22400,22750,22050,22250,138735,-0.03470715835141003
2022-08-10,21900,23050,21800,22150,129300,-0.004494382022471877
2022-08-11,22600,22750,22250,22450,85706,0.013544018058690765
2022-08-12,22450,23650,22200,23200,268034,0.03340757238307357
2022-08-16,23550,23600,22100,22100,167213,-0.04741379310344829
2022-08-17,22150,22250,21450,21550,81181,-0.02488687782805432
2022-08-18,21200,21550,20900,21300,55562,-0.011600928074245953
2022-08-19,21300,21400,20850,20850,36211,-0.021126760563380254
2022-08-22,20450,20800,19800,19800,62627,-0.05035971223021585
2022-08-23,19650,20300,19200,19550,48054,-0.012626262626262652
2022-08-24,19650,20300,19400,20000,35021,0.023017902813299296
2022-08-25,19900,20300,19800,20100,17492,0.004999999999999893
2022-08-26,20100,20550,20100,20400,38577,0.014925373134328401
2022-08-29,19900,20000,19200,19450,44347,-0.04656862745098034
2022-08-30,19450,19800,19150,19450,17811,0.0
2022-08-31,19100,19550,19050,19050,40477,-0.020565552699228773
2022-09-01,19050,19200,17950,18000,54786,-0.055118110236220486
2022-09-02,18100,18350,17600,17750,26479,-0.01388888888888884
2022-09-05,17600,18100,17500,17650,14377,-0.005633802816901401
2022-09-06,17350,18150,17350,17650,17368,0.0
2022-09-07,17650,17850,16400,16850,33148,-0.04532577903682722
2022-09-08,16850,17300,16850,16950,12959,0.005934718100890191
2022-09-13,17050,18500,17050,17500,29694,0.032448377581120846
2022-09-14,17000,17400,16750,17200,19028,-0.017142857142857126
2022-09-15,17850,17950,17050,17450,31509,0.014534883720930258
2022-09-16,17300,17500,16900,16900,17776,-0.03151862464183386
2022-09-19,16900,17150,16150,16250,23507,-0.038461538461538436
2022-09-20,16250,16700,16250,16300,14539,0.003076923076922977
2022-09-21,16100,16800,16050,16200,15176,-0.006134969325153339
2022-09-22,15700,16100,15400,16100,19924,-0.006172839506172867
2022-09-23,15950,16100,15350,15350,26218,-0.04658385093167705
2022-09-26,14800,15250,14000,14150,42668,-0.07817589576547235
2022-09-27,13900,14650,13650,14350,34797,0.014134275618374659
2022-09-28,14000,14550,13300,13600,31378,-0.05226480836236935
2022-09-29,13700,14200,13500,13650,26913,0.003676470588235281
2022-09-30,13350,13800,13200,13550,18971,-0.0073260073260073
2022-10-04,13700,14100,13650,14000,9402,0.03321033210332103
2022-10-05,14200,14300,13400,13400,14609,-0.042857142857142816
2022-10-06,13450,14000,13300,13700,12565,0.02238805970149249
2022-10-07,13550,14000,13550,13900,9047,0.014598540145985384
2022-10-11,13600,13700,12800,13000,20921,-0.06474820143884896
2022-10-12,12700,13000,12600,12650,17124,-0.02692307692307694
2022-10-13,12450,12600,11500,11600,37318,-0.08300395256916993
2022-10-14,11850,15050,11850,15050,553290,0.2974137931034482
2022-10-17,14600,15000,13950,13950,231030,-0.07308970099667778
2022-10-18,14000,17650,13900,15750,1773047,0.12903225806451624
2022-10-19,15800,19950,15450,18450,2929229,0.17142857142857149
2022-10-20,19850,21900,18950,19150,2130623,0.03794037940379402
2022-10-21,18700,20550,17050,17150,513191,-0.1044386422976501
2022-10-24,16700,18300,16450,16650,389642,-0.029154518950437303
2022-10-25,16650,17000,16200,16350,112532,-0.018018018018018056
2022-10-26,16350,16850,15600,15700,126535,-0.03975535168195721
2022-10-27,16150,18000,16050,17050,703454,0.08598726114649691
2022-10-28,17050,18250,16350,16350,336340,-0.04105571847507328
2022-10-31,16650,17400,16600,16650,137832,0.0183486238532109
2022-11-01,16800,17450,16050,16350,166769,-0.018018018018018056
2022-11-02,16500,16700,16050,16100,52060,-0.015290519877675823
2022-11-03,15800,17000,15800,16150,113549,0.0031055900621117516
2022-11-04,16150,16600,15650,16000,82492,-0.009287925696594423
2022-11-07,16350,16650,16050,16250,88466,0.015625
2022-11-08,16850,19100,16700,17550,1324500,0.08000000000000007
2022-11-09,17400,18300,17100,17300,211194,-0.014245014245014231
2022-11-10,17500,18250,16750,16800,222783,-0.028901734104046284
2022-11-11,17150,17750,17000,17100,130369,0.017857142857142794
2022-11-14,17300,17600,16500,16600,94659,-0.0292397660818714
2022-11-15,17100,17750,16900,17100,119545,0.030120481927710774
2022-11-16,17050,17250,16850,16850,39614,-0.014619883040935644
2022-11-17,17200,17750,17050,17100,137318,0.014836795252225476
2022-11-18,17250,17500,16900,16950,46165,-0.00877192982456143
2022-11-21,16950,17000,16350,16450,37788,-0.029498525073746285
2022-11-22,16400,16500,15650,16100,57770,-0.021276595744680882
2022-11-23,16500,16500,16000,16100,30943,0.0
2022-11-24,16150,16300,16050,16150,17761,0.0031055900621117516
2022-11-25,16300,16850,16100,16150,75886,0.0
2022-11-28,16100,16100,15250,15350,31240,-0.049535603715170295
2022-11-29,15300,15550,15000,15450,20077,0.006514657980456029
2022-11-30,15100,15650,15100,15400,28765,-0.003236245954692518
2022-12-01,15650,17850,15650,16500,336245,0.0714285714285714
2022-12-02,16600,16850,15900,15950,58001,-0.033333333333333326
2022-12-05,15950,16150,15450,15450,49003,-0.031347962382445194
2022-12-06,15200,15800,15050,15200,36669,-0.016181229773462813
2022-12-07,15200,15700,14850,15150,35086,-0.003289473684210509
2022-12-08,15150,15350,14700,14800,23382,-0.02310231023102305
2022-12-09,14800,15500,14650,14950,26617,0.010135135135135087
2022-12-12,14950,15150,14850,14850,15171,-0.006688963210702337
2022-12-13,14900,15350,14700,14700,18983,-0.010101010101010055
2022-12-14,14750,14900,14700,14800,13835,0.006802721088435382
2022-12-15,14650,14900,14600,14700,9153,-0.006756756756756799
2022-12-16,14600,14700,14300,14350,15255,-0.023809523809523836
2022-12-19,14100,14600,14100,14350,18323,0.0
2022-12-20,14100,14300,13900,13900,15426,-0.03135888501742157
2022-12-21,13950,14150,13900,13900,16786,0.0
2022-12-22,13900,14750,13900,14200,20122,0.021582733812949728
2022-12-23,13950,14050,13250,13450,21568,-0.052816901408450745
2022-12-26,13450,13450,13000,13000,17243,-0.03345724907063197
2022-12-27,12850,13700,12850,13150,20092,0.011538461538461497
2022-12-28,13050,13800,12900,13150,27905,0.0
2022-12-29,13400,13500,12500,12550,19599,-0.04562737642585546
2023-01-02,12550,15000,12400,13000,283163,0.03585657370517925
2023-01-03,12700,13650,12350,12700,62060,-0.023076923076923106
2023-01-04,12650,14150,12650,13350,104347,0.051181102362204633
2023-01-05,13450,14750,13150,14200,157209,0.06367041198501866
2023-01-06,13850,14700,13600,13950,85489,-0.017605633802816878
2023-01-09,13900,14400,13900,14100,29925,0.010752688172043001
2023-01-10,14100,15500,14100,14550,233102,0.03191489361702127
2023-01-11,14650,14950,14450,14600,52321,0.0034364261168384758
2023-01-12,14600,14950,14450,14650,46577,0.003424657534246478
2023-01-13,14750,15400,14700,15300,75521,0.04436860068259385
2023-01-16,15150,16300,14950,15300,75776,0.0
2023-01-17,15300,15400,14800,14900,32221,-0.02614379084967322
2023-01-18,15000,15300,14650,14650,26730,-0.016778523489932917
2023-01-19,14350,14800,14350,14450,15348,-0.013651877133105783
2023-01-20,14300,16150,14300,14950,83200,0.03460207612456756
2023-01-25,15050,15440,14820,14970,33041,0.0013377926421405117
2023-01-26,14920,15020,14700,14750,28086,-0.014696058784235189
2023-01-27,14800,14960,14640,14720,17355,-0.0020338983050847137
2023-01-30,14870,14880,14550,14550,19565,-0.01154891304347827
2023-01-31,14410,14700,14320,14610,22839,0.004123711340206171
2023-02-01,14570,14990,14570,14600,24325,-0.000684462696783017
2023-02-02,14900,15640,14700,14880,86359,0.019178082191780854
2023-02-03,14910,15000,14710,14760,24630,-0.008064516129032251
2023-02-06,14650,14760,14450,14460,23937,-0.020325203252032575
2023-02-07,14160,14460,14150,14230,29146,-0.015905947441217205
2023-02-08,14300,14530,14300,14390,18159,0.011243851018974071
2023-02-09,14310,14380,14110,14170,18456,-0.015288394718554588
2023-02-10,14170,14170,13750,13810,44977,-0.025405786873676783
2023-02-13,13730,14070,13570,13710,12049,-0.007241129616220143
2023-02-14,13720,14050,13720,13850,8231,0.010211524434719177
2023-02-15,13800,13860,13000,13580,15047,-0.01949458483754518
2023-02-16,13600,13900,13580,13890,18857,0.022827687776141303
2023-02-17,13770,13980,13660,13800,10892,-0.006479481641468721
2023-02-20,13780,14230,13780,14060,20439,0.018840579710144967
2023-02-21,14060,14550,13950,14450,52361,0.027738264580369876
2023-02-22,14340,14340,14050,14150,18411,-0.02076124567474047
2023-02-23,14060,14270,13900,14200,17349,0.0035335689045936647
2023-02-24,14100,14270,13770,13800,22774,-0.028169014084507005
2023-02-27,13800,14700,13690,14200,84788,0.02898550724637672
2023-02-28,13820,13880,13510,13510,52132,-0.048591549295774694
2023-03-02,13690,13690,13160,13200,26540,-0.022945965951147285
2023-03-03,13200,13250,12970,13060,20601,-0.010606060606060619
2023-03-06,13060,13150,12950,13070,21804,0.0007656967840734552
2023-03-07,13070,13070,12850,12900,16052,-0.013006885998469775
2023-03-08,12980,12980,12670,12750,15900,-0.011627906976744207
2023-03-09,12750,12830,12650,12740,10057,-0.0007843137254901489
2023-03-10,12830,12830,12550,12560,15565,-0.014128728414442682
2023-03-13,12560,12670,12350,12400,17470,-0.01273885350318471
2023-03-14,12130,12390,11860,11870,16120,-0.04274193548387095
2023-03-15,11890,12490,11890,12290,16267,0.035383319292333626
2023-03-16,12290,12290,11840,11940,7986,-0.028478437754271724
2023-03-17,12060,12460,12020,12400,16214,0.038525963149078635
2023-03-20,12200,13030,12200,12810,18014,0.03306451612903216
2023-03-21,13010,13010,12420,12420,9918,-0.030444964871194413
2023-03-22,12570,12580,12050,12150,13374,-0.021739130434782594
2023-03-23,12090,12090,11870,11930,14106,-0.018106995884773713
2023-03-24,11930,12080,11730,11950,9797,0.0016764459346185756
2023-03-27,11950,12200,11500,11890,10238,-0.005020920502092019
2023-03-28,11890,12410,11750,12220,16757,0.027754415475189198
2023-03-29,12220,12490,12010,12100,14004,-0.009819967266775809
2023-03-30,12260,12580,11990,12390,22529,0.023966942148760273
2023-03-31,12310,12650,12270,12400,15251,0.0008071025020177647
2023-04-03,12400,12900,12400,12550,21511,0.012096774193548487
2023-04-04,12600,13500,12600,12820,65897,0.021513944223107595
2023-04-05,12950,13400,12710,12850,31206,0.002340093603744098
2023-04-06,12760,12800,12500,12500,17908,-0.027237354085603127
2023-04-07,12600,12700,12300,12300,12780,-0.016000000000000014
2023-04-10,12190,12200,11800,11990,16421,-0.025203252032520274
2023-04-11,12180,12180,11820,12130,8687,0.011676396997498006
2023-04-12,12130,12340,12040,12220,12590,0.007419620774938185
2023-04-13,12220,12280,11910,12250,13352,0.002454991816693841
2023-04-14,12250,12810,12250,12780,26551,0.043265306122449054
2023-04-17,12970,12970,12510,12690,20779,-0.007042253521126751
2023-04-18,12690,12690,12330,12470,14928,-0.01733648542159183
2023-04-19,12490,12770,12230,12690,16212,0.017642341619887647
2023-04-20,12570,12800,12210,12230,15395,-0.03624901497241928
2023-04-21,12110,12490,11780,11950,32684,-0.02289452166802941
2023-04-24,11910,12080,11780,11840,11578,-0.009205020920502127
2023-04-25,11730,11900,11480,11690,23858,-0.01266891891891897
2023-04-26,11690,11750,11310,11400,21969,-0.02480752780153983
2023-04-27,11400,12300,11300,12040,42279,0.056140350877192935
2023-04-28,12050,12210,11890,12000,13613,-0.0033222591362126463
2023-05-02,11880,12350,11810,12230,20948,0.019166666666666776
2023-05-03,12140,12380,12140,12330,11759,0.00817661488143906
2023-05-04,12140,12360,12060,12180,8641,-0.012165450121654486
2023-05-08,12180,12490,12080,12080,9791,-0.008210180623973717
2023-05-09,11940,12160,11940,12020,9841,-0.004966887417218513
2023-05-10,11900,12160,11900,12010,9452,-0.0008319467554076532
2023-05-11,12050,12700,12050,12080,24757,0.005828476269775118
2023-05-12,12200,12600,12170,12350,26425,0.022350993377483475
2023-05-15,12290,12410,11510,11950,12894,-0.03238866396761131
2023-05-16,11970,12600,11930,12000,12301,0.004184100418409997
2023-05-17,12030,12560,12030,12500,18044,0.04166666666666674
2023-05-18,12660,12680,12450,12560,18507,0.0047999999999999154
2023-05-19,12790,12980,12620,12800,36104,0.019108280254777066
2023-05-22,12990,13350,12800,13030,47531,0.01796875000000009
2023-05-23,13010,13500,12960,13320,33736,0.0222563315425941
2023-05-24,13370,13890,12980,13140,94532,-0.013513513513513487
2023-05-25,13390,13390,12750,12790,26304,-0.026636225266362223
2023-05-26,12850,12960,12600,12600,14782,-0.014855355746677068
2023-05-30,12600,12770,12600,12600,9606,0.0
2023-05-31,12600,12730,12540,12540,7481,-0.004761904761904745
2023-06-01,12540,12660,12480,12520,8827,-0.0015948963317384823
2023-06-02,12520,12590,12410,12480,9388,-0.0031948881789137795
2023-06-05,12480,12730,12480,12560,10685,0.0064102564102563875
2023-06-07,12610,12620,12420,12440,11650,-0.009554140127388533
2023-06-08,12440,12930,12200,12430,32397,-0.000803858520900369
2023-06-09,12520,12620,12430,12430,9464,0.0
2023-06-12,12590,12590,12240,12450,10290,0.0016090104585679832
2023-06-13,12450,13090,12350,12550,25552,0.008032128514056325
2023-06-14,12500,12850,12220,12240,18163,-0.024701195219123506
2023-06-15,12240,12360,11920,12040,8888,-0.016339869281045805
2023-06-16,12060,12290,12060,12260,7749,0.0182724252491695
2023-06-19,12260,13460,12160,13090,98253,0.06769983686786296
2023-06-20,13100,13210,12640,12810,34031,-0.021390374331550777
2023-06-21,12790,12890,12630,12670,9779,-0.010928961748633892
2023-06-22,12620,12700,12480,12480,12057,-0.014996053670086829
2023-06-23,12480,12520,12320,12380,6084,-0.008012820512820484
2023-06-26,12400,12500,12140,12380,9649,0.0
2023-06-27,12500,12510,12330,12450,7082,0.0056542810985460434
2023-06-28,12330,12440,12200,12220,20642,-0.01847389558232937
2023-06-29,12220,12320,11800,11900,17216,-0.026186579378068786
2023-06-30,11870,12380,11870,12210,16180,0.026050420168067134
2023-07-03,12110,12530,12110,12480,15314,0.02211302211302213
2023-07-04,12370,12540,12370,12500,12143,0.0016025641025640969
2023-07-05,12500,12570,12240,12260,10248,-0.019199999999999995
2023-07-06,12130,12130,11800,11870,33389,-0.03181076672104399
2023-07-07,11550,12020,11550,11970,11442,0.008424599831508006
2023-07-10,11960,12700,11750,12140,21750,0.014202172096908994
2023-07-11,12100,12440,11900,12060,6988,-0.00658978583196046
2023-07-12,12060,12170,11920,11990,8796,-0.005804311774461057
2023-07-13,12060,12150,11990,12020,4442,0.002502085070892335
2023-07-14,12080,12100,11780,11860,17392,-0.01331114808652245
2023-07-17,12000,12100,11810,11900,9672,0.003372681281618828
2023-07-18,11900,11900,11650,11690,17752,-0.01764705882352946
2023-07-19,11700,11790,11510,11550,13110,-0.0119760479041916
2023-07-20,11650,11650,11390,11430,12085,-0.010389610389610393
2023-07-21,11380,11410,11170,11190,21093,-0.02099737532808399
2023-07-24,11190,11190,10050,10270,43673,-0.08221626452189457
2023-07-25,10260,10490,9910,9920,40106,-0.03407984420642651
2023-07-26,9740,9920,8670,8840,79073,-0.1088709677419355
2023-07-27,8810,9740,8810,9550,50815,0.0803167420814479
2023-07-28,9450,10140,9220,9850,27494,0.03141361256544495
2023-07-31,9850,10450,9660,9830,25612,-0.0020304568527919065
2023-08-01,9850,11360,9850,10320,144761,0.04984740590030512
2023-08-02,10310,10310,9810,9810,21137,-0.04941860465116277
2023-08-03,9990,10080,9320,10060,23318,0.025484199796126372
2023-08-04,10060,10340,9930,10040,9096,-0.001988071570576566
2023-08-07,10130,10130,9780,9850,9888,-0.018924302788844605
2023-08-08,9880,10000,9620,9950,8550,0.010152284263959421
2023-08-09,9770,10130,9770,10060,9094,0.011055276381909618
2023-08-10,10060,10250,9970,10200,11622,0.013916500994035852
2023-08-11,10140,10300,9760,10110,10200,-0.008823529411764675
2023-08-14,10020,10110,9780,9840,12780,-0.02670623145400597
2023-08-16,9530,9800,9530,9600,7755,-0.024390243902439046
2023-08-17,9650,10060,9150,9500,16392,-0.01041666666666663
2023-08-18,9300,9790,9300,9730,17653,0.02421052631578946
2023-08-21,9780,9820,9630,9750,6256,0.0020554984583760483
2023-08-22,9660,9790,9530,9640,5234,-0.011282051282051286
2023-08-23,9720,9730,9550,9670,5585,0.003112033195020736
2023-08-24,9560,9720,9550,9610,6770,-0.006204756980351611
2023-08-25,9660,9740,9610,9700,3944,0.009365244536940764
2023-08-28,9750,10070,9750,10000,12402,0.030927835051546282
2023-08-29,10000,10190,9890,10010,13228,0.0009999999999998899
2023-08-30,10010,10350,9970,10060,6642,0.004995004995004937
2023-08-31,10060,13070,9910,13070,755552,0.2992047713717694
2023-09-01,12730,15320,11980,12100,1925177,-0.07421576128538643
2023-09-04,12350,15340,12330,14110,1869983,0.16611570247933893
2023-09-05,13890,15270,13680,14200,845813,0.006378454996456506
2023-09-06,14090,14730,13880,13970,218897,-0.016197183098591528
2023-09-07,14110,15100,14060,14500,433119,0.03793843951324272
2023-09-08,14520,17990,14310,15770,2396445,0.08758620689655183
2023-09-11,15690,16350,15610,16350,153948,0.036778693722257394
2023-09-12,16680,16680,15980,15980,96640,-0.022629969418960227
2023-09-13,15610,15610,14460,14460,95957,-0.09511889862327905
2023-09-14,14780,15280,14150,14290,307183,-0.011756569847856113
2023-09-15,14250,14960,13860,14200,232286,-0.00629811056682994
2023-09-18,14790,18460,14470,18460,2865784,0.30000000000000004
2023-09-19,19850,23200,17200,18270,3523829,-0.010292524377031431
2023-09-20,18420,20900,18080,18980,1660091,0.038861521620142225
2023-09-21,18510,21950,18280,19000,3880693,0.0010537407797681642
2023-09-22,15010,17000,13810,14950,3606648,-0.2131578947368421
2023-09-25,14730,17750,14640,15840,3758882,0.059531772575250885
2023-09-26,16400,19000,15860,17460,6093862,0.10227272727272729
2023-09-27,21050,22550,20300,21900,2791721,0.2542955326460481
2023-10-04,21550,21600,18050,18050,796114,-0.17579908675799083
2023-10-05,18160,19620,17080,17500,921788,-0.030470914127423865
2023-10-06,17230,20100,17180,19150,2119663,0.0942857142857143
2023-10-10,19300,22700,18910,22250,2794114,0.16187989556135762
2023-10-11,21500,23450,21150,22250,1762407,0.0
2023-10-12,20750,21600,19040,19460,986853,-0.12539325842696625
2023-10-13,19210,20600,18480,18600,715926,-0.04419321685508737
2023-10-16,18300,20300,18280,19200,667652,0.032258064516129004
2023-10-17,19010,19540,18590,18590,229072,-0.031770833333333304
2023-10-18,18310,18820,16680,16950,275166,-0.08821947283485743
2023-10-19,16550,18050,16000,16420,483777,-0.03126843657817113
2023-10-20,16110,21300,16110,19750,3856502,0.20280146163215584
2023-10-23,19500,21350,18710,18960,887535,-0.040000000000000036
2023-10-24,18960,20550,18850,19150,569338,0.010021097046413407
2023-10-25,19310,20200,18990,19060,443711,-0.004699738903394257
2023-10-26,18660,20050,18300,19230,522560,0.00891920251836309
2023-10-27,19150,19690,18250,18260,264573,-0.05044201768070722
2023-10-30,18140,18540,17200,18290,119825,0.0016429353778750766
2023-10-31,18280,19930,18280,18500,426263,0.011481683980317126
2023-11-01,18500,18950,18140,18200,119560,-0.01621621621621616
2023-11-02,18200,18640,18050,18600,98158,0.0219780219780219
2023-11-03,18630,19130,18190,19040,129798,0.023655913978494647
2023-11-06,18850,19100,18560,18680,117108,-0.018907563025210128
2023-11-07,18610,18680,17600,18110,158293,-0.03051391862955033
2023-11-08,18140,18270,17700,17710,103499,-0.022087244616234125
2023-11-09,17710,18300,17300,17370,56512,-0.019198193111236606
2023-11-10,17040,17810,17000,17690,50592,0.01842256764536554
2023-11-13,17760,18000,16880,16900,106647,-0.04465799886941779
2023-11-14,16700,17210,16580,16840,55663,-0.0035502958579881616
2023-11-15,16740,17090,16710,16820,54220,-0.001187648456057011
2023-11-16,17100,17900,16920,17230,112039,0.024375743162901253
2023-11-17,17300,17300,16610,16650,57879,-0.03366221706326178
2023-11-20,16540,17140,16530,16870,52724,0.013213213213213226
2023-11-21,17000,17850,16650,17490,96790,0.036751630112626055
2023-11-22,17830,17830,17310,17640,45008,0.00857632933104635
2023-11-23,17760,17800,17330,17530,50529,-0.006235827664399118
2023-11-24,17530,17790,17440,17690,29233,0.00912721049629206
2023-11-27,17690,17940,17460,17930,51573,0.013566986998304165
2023-11-28,18000,18750,17780,18400,82899,0.026213050752928124
2023-11-29,18540,18540,17820,18230,52269,-0.009239130434782639
2023-11-30,18170,18350,16400,16520,126739,-0.09380142622051568
2023-12-01,16520,17190,16450,16920,78590,0.02421307506053272
2023-12-04,16600,16850,15050,16160,71914,-0.044917257683215084
2023-12-05,15910,16150,15830,16110,30323,-0.0030940594059405413
2023-12-06,16110,16300,15800,16250,38690,0.008690254500310468
2023-12-07,16150,16330,15980,15980,31013,-0.016615384615384587
2023-12-08,15990,16240,15870,16100,41124,0.007509386733416834
2023-12-11,16290,17320,16190,17070,64417,0.060248447204968913
2023-12-12,17200,17990,16760,17600,85057,0.03104862331575875
2023-12-13,17600,17600,17090,17220,26100,-0.021590909090909105
2023-12-14,17500,17500,16650,16770,29772,-0.026132404181184676
2023-12-15,16650,17710,16600,17030,20842,0.015503875968992276
2023-12-18,17140,17540,16970,17200,29287,0.009982384028185631
2023-12-19,17300,18100,17130,17800,69332,0.03488372093023262
2023-12-20,17560,17820,17400,17580,24258,-0.012359550561797716
2023-12-21,17590,17900,17280,17460,43862,-0.0068259385665528916
2023-12-22,17460,17590,17250,17300,32312,-0.009163802978235935
2023-12-26,17050,17470,16770,17170,25515,-0.007514450867052047
2023-12-27,17490,17490,17090,17270,31494,0.0058241118229469535
2023-12-28,17270,17400,17120,17270,29452,0.0
2024-01-02,17290,22450,16700,22450,2905109,0.29994209612044
2024-01-03,22300,28450,22200,24500,3995469,0.09131403118040082
2024-01-04,25750,26950,22900,23300,2170201,-0.048979591836734726
2024-01-05,22600,23600,21850,22300,375462,-0.0429184549356223
2024-01-08,21650,22150,21050,21750,210656,-0.024663677130044803
2024-01-09,21400,21550,20850,21000,113654,-0.03448275862068961
2024-01-10,21050,22700,20750,21100,307750,0.004761904761904745
2024-01-11,21000,21600,20500,21100,88746,0.0
2024-01-12,20800,20850,19700,20100,102032,-0.04739336492891
2024-01-15,19790,20650,19790,20250,53825,0.00746268656716409
2024-01-16,20200,20450,19440,19660,62016,-0.02913580246913583
2024-01-17,20200,20550,18950,18950,95556,-0.036113936927772095
2024-01-18,18710,19690,18710,19250,59300,0.0158311345646438
2024-01-19,19240,20350,19190,19990,72123,0.0384415584415585
2024-01-22,21500,21500,19940,20600,169856,0.030515257628814352
2024-01-23,20250,20500,19850,20100,56164,-0.024271844660194164
2024-01-24,19990,20350,19340,19400,44170,-0.03482587064676612
2024-01-25,19280,19770,19120,19140,35658,-0.013402061855670055
2024-01-26,18900,19600,18500,19480,26289,0.017763845350052154
2024-01-29,19360,19630,18620,18720,52915,-0.03901437371663241
2024-01-30,18650,19090,18600,18930,26990,0.011217948717948678
2024-01-31,19000,19480,18720,18790,30044,-0.007395668251452769
2024-02-01,18510,18680,17750,18000,54010,-0.04204364023416707
2024-02-02,17900,18500,17900,18010,33513,0.0005555555555556424
2024-02-05,17980,18550,17820,18170,37178,0.008883953359244856
2024-02-06,18290,19950,18000,19550,161551,0.07594936708860756
2024-02-07,19490,19720,19090,19530,39668,-0.001023017902813339
2024-02-08,19940,21150,19830,20850,131940,0.06758832565284179
2024-02-13,20300,20900,20050,20550,63461,-0.014388489208633115
2024-02-14,20300,21200,20000,20800,50020,0.012165450121654597
2024-02-15,20800,20850,20150,20200,46707,-0.028846153846153855
2024-02-16,20200,20500,19950,20250,38785,0.0024752475247524774
2024-02-19,19970,20150,19640,20150,24256,-0.004938271604938316
2024-02-20,20200,20200,19790,19950,27881,-0.00992555831265507
2024-02-21,19720,20450,19270,19640,49676,-0.015538847117794519
2024-02-22,19470,20200,19470,20100,30090,0.023421588594704668
2024-02-23,20100,21500,19600,21100,114688,0.04975124378109452
2024-02-26,21000,21050,20200,20300,54644,-0.03791469194312791
2024-02-27,20300,20900,19700,20300,50489,0.0
2024-02-28,20100,20600,20000,20250,25404,-0.0024630541871921707
2024-02-29,20050,20300,19870,20300,26957,0.0024691358024691024
2024-03-04,20250,21450,19990,21400,109494,0.054187192118226646
2024-03-05,21400,21450,20600,21300,45745,-0.004672897196261627
2024-03-06,21050,23150,21000,22550,186707,0.05868544600938974
2024-03-07,22350,22800,21850,22350,76874,-0.008869179600886956
2024-03-08,22200,23600,21950,22150,113732,-0.008948545861297563
2024-03-11,22500,23000,21750,22150,75803,0.0
2024-03-12,22450,23650,22100,22850,127421,0.03160270880361171
2024-03-13,22600,23400,22300,22950,82528,0.004376367614879584
2024-03-14,22950,27450,22950,26500,732628,0.15468409586056642
2024-03-15,26200,27750,24800,26100,307389,-0.015094339622641506
2024-03-18,26300,27950,25900,27350,232862,0.04789272030651337
2024-03-19,27900,27950,22550,24350,307088,-0.10968921389396713
2024-03-20,24850,26600,24350,24750,196683,0.01642710472279263
2024-03-21,24650,25950,24550,25600,103143,0.03434343434343434
2024-03-22,25700,27700,24700,27150,174242,0.060546875
2024-03-25,27500,31850,27150,30850,614972,0.13627992633517505
2024-03-26,30200,31450,27600,28950,275828,-0.06158833063209079
2024-03-27,28950,29900,28400,29000,155606,0.0017271157167531026
2024-03-28,28650,29450,25450,25650,286522,-0.1155172413793103
2024-03-29,25900,29600,25900,26950,384209,0.050682261208577106
2024-04-01,27200,29300,27000,28650,208813,0.06307977736549164
2024-04-02,29000,30500,26950,29250,289874,0.020942408376963373
2024-04-03,28800,29800,27000,27350,205641,-0.06495726495726495
2024-04-04,27600,27800,23750,24100,348433,-0.11882998171846437
2024-04-05,23100,25800,23100,24600,240305,0.020746887966804906
2024-04-08,24500,24600,21950,22800,154286,-0.07317073170731703
2024-04-09,23050,26650,23050,25900,578927,0.13596491228070184
2024-04-11,23750,24000,20000,20000,642366,-0.2277992277992278
2024-04-12,19490,22050,18590,20850,547398,0.04249999999999998
2024-04-15,20000,20450,19460,19690,124614,-0.05563549160671466
2024-04-16,19500,20500,19270,20000,101438,0.015744032503808958
2024-04-17,19800,20600,19750,19790,81995,-0.010499999999999954
2024-04-18,19550,20150,19550,19680,54236,-0.005558362809499728
2024-04-19,19870,19870,18720,19110,129533,-0.02896341463414631
2024-04-22,22350,22900,20200,20450,826477,0.07012035583464149
2024-04-23,20100,21350,19920,20700,138071,0.012224938875305513
2024-04-24,20600,21600,20600,21300,116016,0.02898550724637672
2024-04-25,21100,21700,21050,21450,72228,0.007042253521126751
2024-04-26,21600,21700,20700,20800,102618,-0.030303030303030276
2024-04-29,21000,21150,20400,20500,79638,-0.014423076923076872
2024-04-30,20000,20400,19810,19840,87087,-0.03219512195121954
2024-05-02,19850,20100,19620,19960,49326,0.006048387096774244
2024-05-03,20050,20150,19730,19750,32387,-0.010521042084168375
2024-05-07,19800,20200,19800,20100,36491,0.017721518987341867
2024-05-08,20000,20250,19880,20000,34870,-0.00497512437810943
2024-05-09,20200,21150,19990,21000,109995,0.050000000000000044
2024-05-10,20900,21600,20500,20850,65007,-0.0071428571428571175
2024-05-13,21050,21200,20400,20700,53944,-0.007194244604316502
2024-05-14,20850,21500,20550,21150,68158,0.021739130434782705
2024-05-16,21150,21350,20750,20950,43080,-0.009456264775413725
2024-05-17,21100,21100,20200,20200,41964,-0.03579952267303099
2024-05-20,20200,20550,19780,19910,69504,-0.01435643564356437
2024-05-21,19910,20050,19720,19810,30004,-0.0050226017076845375
2024-05-22,19960,20400,19650,19710,43227,-0.00504795557799087
2024-05-23,19710,23800,19710,22100,521619,0.12125824454591583
2024-05-24,22000,23050,21700,22950,111881,0.03846153846153855
2024-05-27,22950,23100,22150,22150,100133,-0.034858387799564294
2024-05-28,22600,23150,20550,21550,126362,-0.02708803611738153
2024-05-29,21650,22700,21450,21650,87221,0.004640371229698292
2024-05-30,21650,23250,21300,22000,116011,0.01616628175519641
2024-05-31,22000,22650,21700,22100,47355,0.00454545454545463
2024-06-03,22600,25600,22200,24650,211027,0.11538461538461542
2024-06-04,24800,26200,24550,25000,138007,0.014198782961460488
2024-06-05,25000,25000,23900,24000,74908,-0.040000000000000036
2024-06-07,24000,24250,22850,23550,73054,-0.018750000000000044
2024-06-10,22750,22850,21450,22250,105113,-0.05520169851380041
2024-06-11,22350,22550,22000,22300,41575,0.0022471910112360494
2024-06-12,22150,22200,21150,21400,91071,-0.04035874439461884
2024-06-13,21400,21850,21100,21600,27342,0.009345794392523255
2024-06-14,21400,21650,20900,21650,42945,0.0023148148148148806
2024-06-17,21500,21700,20150,20800,43505,-0.03926096997690531
2024-06-18,20700,21150,20550,21000,29662,0.009615384615384581
2024-06-19,20850,21950,20700,21700,33163,0.03333333333333344
2024-06-20,21700,22900,21450,22350,55369,0.02995391705069128
2024-06-21,22350,22400,21100,21250,47059,-0.04921700223713643
2024-06-24,21250,21500,20500,20800,36021,-0.02117647058823524
2024-06-25,20800,22300,20800,22250,64269,0.06971153846153855
2024-06-26,22150,22300,21550,21650,30464,-0.026966292134831482
2024-06-27,21650,21900,20900,21800,13332,0.006928406466512715
2024-06-28,22050,22700,21750,22100,35640,0.013761467889908285
2024-07-01,22100,22650,22000,22300,33893,0.009049773755656076
2024-07-02,22050,22300,21300,21350,27400,-0.04260089686098656
2024-07-03,21600,21600,20850,21100,16312,-0.011709601873536313
2024-07-04,21100,21600,21050,21150,17602,0.0023696682464455776
2024-07-05,21000,21500,21000,21400,10520,0.011820330969267046
2024-07-08,21400,22050,21150,21400,25667,0.0
2024-07-09,21650,21650,20900,21150,48601,-0.011682242990654235
2024-07-10,21350,22800,21350,22350,166416,0.05673758865248235
2024-07-11,22000,22450,21700,22250,46551,-0.004474272930648726
2024-07-12,22100,22500,21800,22000,36874,-0.011235955056179803
2024-07-15,22100,22450,22000,22200,26588,0.009090909090909038
2024-07-16,22550,22550,21400,21550,34588,-0.029279279279279313
2024-07-17,21550,22300,21500,21650,25641,0.004640371229698292
2024-07-18,21600,21650,20950,21550,29292,-0.004618937644341847
2024-07-19,21700,22350,21450,21850,32600,0.0139211136890951
2024-07-22,22100,22600,21850,22300,39766,0.020594965675057253
2024-07-23,22000,22300,21400,21450,50256,-0.03811659192825112
2024-07-24,21450,21900,20600,20750,45229,-0.03263403263403264
2024-07-25,20350,21200,20350,20800,29485,0.002409638554216942
2024-07-26,20700,21350,20700,21050,17704,0.012019230769230838
2024-07-29,21050,21300,20550,21050,28568,0.0
2024-07-30,21100,21550,20250,20650,56036,-0.019002375296912066
2024-07-31,20650,21250,20500,20650,28326,0.0
2024-08-01,20700,21100,20550,20550,17130,-0.004842615012106588
2024-08-02,20500,20550,19740,19950,38784,-0.029197080291970767
2024-08-05,19960,19960,17530,18480,51767,-0.0736842105263158
2024-08-06,18170,19770,18170,19230,23112,0.0405844155844155
2024-08-07,19410,19630,19220,19530,19634,0.015600624024961096
2024-08-08,19480,19490,19120,19230,10293,-0.015360983102918557
2024-08-09,19150,20200,19150,19880,21316,0.03380135205408208
2024-08-12,19880,20300,19500,20250,16813,0.018611670020120652
2024-08-13,20150,20600,19700,20500,28063,0.012345679012345734
2024-08-14,20500,20800,19980,20100,22300,-0.019512195121951237
2024-08-16,20300,20300,19920,20000,14124,-0.00497512437810943
2024-08-19,20500,21000,19820,19920,35955,-0.0040000000000000036
2024-08-20,19930,20150,19700,19800,14454,-0.0060240963855421326
2024-08-21,19720,20100,19540,20000,18660,0.010101010101010166
2024-08-22,19900,20150,19660,19760,14460,-0.01200000000000001
2024-08-23,19800,20650,19760,20300,33979,0.027327935222672073
2024-08-26,20650,20650,19880,20100,12354,-0.009852216748768461
2024-08-27,20100,20100,19700,19980,16008,-0.005970149253731294
2024-08-28,19740,20050,19620,19640,17133,-0.017017017017016967
2024-08-29,19640,19780,19440,19440,16395,-0.010183299389002087
2024-08-30,19450,19710,19320,19390,9175,-0.002572016460905324
2024-09-02,19600,19600,19260,19260,6286,-0.0067044868488911336
