Date,Open,High,Low,Close,Volume,Change
2022-01-03,13359,13451,13222,13269,19377,-0.01021930478890054
2022-01-04,13360,13588,13268,13498,20165,0.01725827115833889
2022-01-05,13496,13542,13222,13360,18286,-0.010223736849903742
2022-01-06,12948,13176,12810,12948,25890,-0.030838323353293395
2022-01-07,12856,13314,12810,13314,19588,0.028266913809082528
2022-01-10,13451,13451,13039,13223,21165,-0.006834910620399537
2022-01-11,13130,13130,12582,12628,29271,-0.04499735309687669
2022-01-12,12628,12994,12582,12766,12764,0.010928096293949974
2022-01-13,12948,13040,12811,12812,11577,0.003603321322262154
2022-01-14,12810,13039,12764,12902,12427,0.007024664377146328
2022-01-17,12765,12810,12124,12400,26086,-0.038908696326151015
2022-01-18,12078,12352,11940,12170,32507,-0.0185483870967742
2022-01-19,11941,12170,11713,11759,25102,-0.033771569433032056
2022-01-20,11666,12261,11620,12170,34997,0.034951951696572836
2022-01-21,12262,12399,11987,12080,21179,-0.007395234182415722
2022-01-24,11850,11896,11529,11622,20507,-0.03791390728476818
2022-01-25,11438,11483,10888,11118,30647,-0.04336602994321115
2022-01-26,10980,11346,10980,11302,27711,0.016549739161719756
2022-01-27,11484,11529,10797,10890,17959,-0.03645372500442401
2022-01-28,10889,11712,10385,11622,49515,0.06721763085399446
2022-02-03,11850,11986,11758,11896,10826,0.02357597659611077
2022-02-04,11941,12170,11896,11988,17166,0.00773369199731011
2022-02-07,12032,12216,11896,11988,11434,0.0
2022-02-08,12033,12170,11850,12125,20127,0.011428094761428031
2022-02-09,12125,12307,11987,12125,13037,0.0
2022-02-10,12124,12170,11896,11896,21278,-0.01888659793814429
2022-02-11,11896,12124,11621,11668,25048,-0.01916610625420312
2022-02-14,11621,11621,11117,11347,28074,-0.027511141583818954
2022-02-15,11209,11712,11026,11347,53509,0.0
2022-02-16,11438,11896,11392,11622,28964,0.02423548074380899
2022-02-17,11804,11941,11484,11713,27678,0.007829977628635243
2022-02-18,11713,11850,11575,11759,13801,0.0039272603090583225
2022-02-21,11758,11850,11392,11668,10046,-0.007738753295348233
2022-02-22,11575,11575,11163,11210,22311,-0.039252656839218414
2022-02-23,11117,11895,11117,11530,41711,0.028545941123996332
2022-02-24,11620,11620,11026,11072,25336,-0.03972246313963568
2022-02-25,11209,11666,11209,11256,38216,0.016618497109826658
2022-02-28,11438,11528,11346,11438,5638,0.016169154228855787
2022-03-02,11529,11666,11438,11622,9888,0.016086728449029586
2022-03-03,11986,11986,11620,11896,12632,0.02357597659611077
2022-03-04,11896,12078,11529,11576,13048,-0.02689979825151312
2022-03-07,11575,11621,11209,11256,11670,-0.027643400138216978
2022-03-08,10935,11163,10935,10981,17128,-0.02443141435678753
2022-03-10,11072,11438,11026,11118,14163,0.01247609507330849
2022-03-11,11209,11621,11163,11256,20621,0.012412304371289817
2022-03-14,11392,11575,11301,11302,6001,0.004086709310589853
2022-03-15,11300,11300,11117,11118,10640,-0.016280304370907772
2022-03-16,11162,11849,11162,11804,48121,0.061701744918150725
2022-03-17,11986,12124,11804,11850,21972,0.0038969840731954974
2022-03-18,11850,11986,11529,11896,16991,0.0038818565400844385
2022-03-21,11896,11941,11621,11713,9104,-0.015383322125084087
2022-03-22,11713,12124,11667,12080,38523,0.03133270724835646
2022-03-23,12078,12078,11804,12034,15239,-0.0038079470198675303
2022-03-24,12032,12032,11620,11804,11827,-0.019112514542130588
2022-03-25,11850,12170,11850,11942,20105,0.011690952219586492
2022-03-28,11941,12125,11896,12125,7766,0.01532406632054939
2022-03-29,11986,12261,11986,12170,41084,0.003711340206185465
2022-03-30,12170,12261,11850,11896,22494,-0.022514379622021408
2022-03-31,11986,12078,11896,11896,4741,0.0
2022-04-01,11896,12124,11850,11896,14345,0.0
2022-04-04,11895,12216,11758,12034,19698,0.011600537995964944
2022-04-05,12307,12536,12032,12308,65986,0.022768821671929507
2022-04-06,12306,12352,12032,12170,23195,-0.011212219694507586
2022-04-07,12078,12078,11758,11942,27669,-0.018734593262120014
2022-04-08,11896,12216,11574,11896,58758,-0.0038519510969686754
2022-04-11,11895,11895,11666,11850,12451,-0.003866845998655055
2022-04-12,11621,11850,11484,11759,16259,-0.0076793248945147274
2022-04-13,11712,11940,11574,11850,47333,0.007738753295348344
2022-04-14,11895,12033,11850,12034,10353,0.015527426160337532
2022-04-15,11987,11987,11667,11713,17469,-0.026674422469669223
2022-04-18,11621,11712,11529,11668,9497,-0.0038418850849483155
2022-04-19,11575,11758,11575,11713,17094,0.00385670209118949
2022-04-20,11849,11986,11666,11804,16675,0.007769145394006749
2022-04-21,11804,11894,11712,11804,10321,0.0
2022-04-22,11666,11758,11621,11622,12710,-0.01541850220264318
2022-04-25,11484,11529,11255,11347,14156,-0.02366202030631559
2022-04-26,11254,11712,11254,11484,21944,0.012073675861461242
2022-04-27,11301,11438,11163,11393,10723,-0.0079240682688958
2022-04-28,11347,11393,11027,11393,33201,0.0
2022-04-29,11301,11529,11255,11393,24298,0.0
2022-05-02,11346,11574,11072,11484,29934,0.007987360660054454
2022-05-03,11484,11758,11392,11713,21999,0.01994078718216641
2022-05-04,11712,11895,11438,11530,11383,-0.015623666012123283
2022-05-06,11347,11713,11209,11713,16795,0.015871639202081456
2022-05-09,11484,11713,11393,11393,13578,-0.027320071715188243
2022-05-10,11163,11392,11026,11347,17770,-0.004037566927060476
2022-05-11,11255,11438,11163,11302,10907,-0.003965805939896039
2022-05-12,11301,11758,11255,11347,25671,0.00398159617766769
2022-05-13,11347,11438,11163,11347,10455,0.0
2022-05-16,11484,11575,11301,11347,10370,0.0
2022-05-17,11438,11712,11392,11622,21070,0.02423548074380899
2022-05-18,11621,11804,11529,11668,16400,0.003958010669420142
2022-05-19,11666,11758,11438,11576,14217,-0.007884813164209858
2022-05-20,11529,11667,11438,11668,13916,0.007947477539737458
2022-05-23,11666,11895,11529,11530,17987,-0.011827219746314732
2022-05-24,11621,11621,11209,11256,17715,-0.023764093668690367
2022-05-25,11255,11484,11209,11347,7386,0.008084577114427782
2022-05-26,11346,11484,11117,11164,9851,-0.016127610822243788
2022-05-27,11301,11438,11209,11302,5950,0.012361160874238664
2022-05-30,11346,11529,11346,11530,11053,0.020173420633516237
2022-05-31,11528,11803,11438,11438,20247,-0.007979184735472655
2022-06-02,11438,11574,11438,11530,10667,0.008043364224514793
2022-06-03,11529,11758,11529,11622,11994,0.007979184735472655
2022-06-07,11620,11804,11529,11530,8980,-0.007916021338840173
2022-06-08,11392,11574,11392,11530,9491,0.0
2022-06-09,11529,11529,11255,11256,6222,-0.023764093668690367
2022-06-10,11255,11346,11117,11256,14007,0.0
2022-06-13,11026,11163,10706,10981,26118,-0.02443141435678753
2022-06-14,10431,10797,10385,10569,41867,-0.03751935160732178
2022-06-15,10476,10568,10019,10020,27192,-0.05194436559750215
2022-06-16,10019,11804,10019,10890,139138,0.08682634730538918
2022-06-17,10796,10796,10202,10386,35297,-0.046280991735537236
2022-06-20,10384,10384,9332,9654,61464,-0.07047949162333911
2022-06-21,9653,10339,9516,10249,58956,0.061632483944479066
2022-06-22,10385,10385,9517,9517,44521,-0.07142160210752269
2022-06-23,9379,9561,8931,8931,30859,-0.061574025428181134
2022-06-24,8893,9424,8857,9379,29981,0.05016235583921169
2022-06-27,9471,9607,9333,9517,21769,0.014713722145218044
2022-06-28,9516,9699,9470,9700,21890,0.019228748555216946
2022-06-29,9883,9974,9562,9609,17405,-0.009381443298969061
2022-06-30,9607,9699,9378,9700,29824,0.009470288271412164
2022-07-01,9516,10339,9470,9700,48562,0.0
2022-07-04,9699,9699,9287,9425,23841,-0.028350515463917536
2022-07-05,9425,10339,9379,10157,45766,0.07766578249336864
2022-07-06,10156,12810,9790,11164,797234,0.09914344786846518
2022-07-07,11163,11850,10797,11027,165376,-0.01227158724471511
2022-07-08,11163,11209,10569,10707,61674,-0.0290196789698014
2022-07-11,10706,11026,10339,10615,63938,-0.008592509573176477
2022-07-12,10614,10614,10156,10432,45529,-0.017239755063589213
2022-07-13,10294,10477,10111,10249,26613,-0.01754217791411039
2022-07-14,10294,10660,10248,10432,28938,0.017855400526880727
2022-07-15,10431,10477,10157,10157,31578,-0.026361196319018454
2022-07-18,10203,13177,10203,13178,1284785,0.29743034360539533
2022-07-19,14274,15006,12947,13589,1454595,0.031188344210047125
2022-07-20,13908,13954,13360,13360,217691,-0.01685186547943185
2022-07-21,13360,13726,12628,12720,224547,-0.04790419161676651
2022-07-22,12902,13176,12582,12994,131174,0.021540880503144733
2022-07-25,13406,13726,11987,12080,338598,-0.07034015699553642
2022-07-26,12352,13039,12124,12262,257672,0.015066225165562885
2022-07-27,12170,13634,12033,12812,615936,0.044854020551296614
2022-07-28,12810,13176,12490,12994,200026,0.014205432407118357
2022-07-29,12902,12994,12216,12354,115504,-0.04925350161613051
2022-08-01,12307,12582,12216,12446,57367,0.007446980734984621
2022-08-02,12445,12674,11987,12125,79003,-0.025791418929776655
2022-08-03,12170,12444,12033,12400,41832,0.02268041237113394
2022-08-04,12536,12536,12079,12125,41264,-0.022177419354838745
2022-08-05,12262,12262,11896,11988,44221,-0.011298969072164988
2022-08-08,11986,11986,11438,11850,57753,-0.01151151151151153
2022-08-09,11896,12307,11621,12125,62317,0.02320675105485237
2022-08-10,11895,12398,11712,12216,75490,0.007505154639175338
2022-08-11,12261,12398,11986,12216,47979,0.0
2022-08-12,12262,12262,11987,12034,26854,-0.014898493778650934
2022-08-16,12032,12444,11941,12354,46482,0.026591324580355735
2022-08-17,12352,12352,11850,11850,35601,-0.04079650315687222
2022-08-18,11758,12124,11529,12080,33217,0.01940928270042197
2022-08-19,12078,12078,11850,11896,20838,-0.015231788079470232
2022-08-22,11896,12398,11712,11942,79189,0.003866845998655055
2022-08-23,11804,12078,11484,11942,45306,0.0
2022-08-24,11986,12856,11986,12308,246411,0.030648132641098558
2022-08-25,12216,12582,12124,12354,56354,0.003737406564835899
2022-08-26,12490,12536,12033,12080,50051,-0.02217905131941067
2022-08-29,11529,11667,11117,11393,79995,-0.05687086092715232
2022-08-30,11255,11758,11255,11668,55556,0.02413762836829636
2022-08-31,11667,11804,11438,11713,15307,0.00385670209118949
2022-09-01,11712,11712,11346,11484,30920,-0.019550926321181605
2022-09-02,11438,11804,11392,11576,17557,0.008011145942180331
2022-09-05,11574,11574,11346,11438,35138,-0.011921216309606075
2022-09-06,11392,11896,11392,11713,109759,0.024042664801538827
2022-09-07,11758,11850,11575,11622,20366,-0.007769145394006638
2022-09-08,11667,11987,11667,11713,15344,0.007829977628635243
2022-09-13,11941,11941,11621,11713,14095,0.0
2022-09-14,11484,11621,11209,11393,14132,-0.027320071715188243
2022-09-15,11392,11575,11255,11302,42893,-0.007987360660054454
2022-09-16,11254,11574,11072,11072,37068,-0.0203503804636348
2022-09-19,11117,11209,10568,10890,89165,-0.016437861271676346
2022-09-20,10751,11301,10751,11027,34890,0.012580348943985298
2022-09-21,11072,11072,10797,11027,19606,0.0
2022-09-22,10889,11072,10339,10981,55207,-0.004171578851908997
2022-09-23,10797,11850,10477,10478,193350,-0.04580639286039523
2022-09-26,10248,10294,9791,10203,122308,-0.026245466692116803
2022-09-27,9882,10248,9607,10112,60155,-0.008918945408213252
2022-09-28,10156,10385,9149,9425,175034,-0.067939082278481
2022-09-29,9561,9745,9149,9471,52424,0.0048806366047744465
2022-09-30,9195,11529,9195,10478,550314,0.1063245697392039
2022-10-04,10339,10568,9973,10157,99554,-0.030635617484252697
2022-10-05,10248,10248,9699,9837,49374,-0.03150536575760554
2022-10-06,9791,10249,9745,9975,44503,0.014028667276608786
2022-10-07,9973,10339,9973,10112,26043,0.013734335839598932
2022-10-11,9882,9927,9517,9517,20235,-0.05884098101265822
2022-10-12,9379,9928,9333,9563,17771,0.004833455920983498
2022-10-13,9561,9653,9379,9517,26289,-0.004810206002300532
2022-10-14,9607,9882,9607,9700,10290,0.019228748555216946
2022-10-17,9607,9882,9425,9837,9201,0.01412371134020618
2022-10-18,10064,10294,9790,10020,19036,0.01860323269289421
2022-10-19,10111,10202,9791,9791,12458,-0.022854291417165662
2022-10-20,9882,9882,9561,9700,11222,-0.009294249821264478
2022-10-21,9561,9882,9561,9837,13651,0.01412371134020618
2022-10-24,9882,10019,9607,9791,22731,-0.004676222425536225
2022-10-25,9882,10065,9699,9837,14182,0.004698192217342356
2022-10-26,9882,10064,9698,10020,13269,0.01860323269289421
2022-10-27,9927,10294,9882,10112,24239,0.009181636726546927
2022-10-28,10110,10248,9882,10020,13739,-0.009098101265822778
2022-10-31,10111,10889,9928,9929,64361,-0.009081836327345272
2022-11-01,9927,10202,9836,10066,23826,0.013797965555443659
2022-11-02,10019,10339,10019,10203,11301,0.013610172859129799
2022-11-03,10019,10385,9882,10157,5095,-0.0045084778986572704
2022-11-04,10157,10294,10019,10249,6352,0.009057792655311703
2022-11-07,10249,10339,10157,10295,13121,0.004488242755390726
2022-11-08,10295,10431,10249,10295,8514,0.0
2022-11-09,10294,10430,10248,10386,9946,0.008839242350655585
2022-11-10,10294,10522,10248,10386,5953,0.0
2022-11-11,10614,10614,10385,10569,9622,0.017619872905834777
2022-11-14,10568,10843,10294,10844,16721,0.026019490964140468
2022-11-15,11072,11162,10660,10798,45696,-0.004241977130210239
2022-11-16,10751,10751,10615,10707,14752,-0.008427486571587317
2022-11-17,10706,11162,10522,11072,31759,0.0340898477631455
2022-11-18,11027,11209,10661,10707,49980,-0.03296604046242779
2022-11-21,10706,10706,10203,10295,15689,-0.0384794993929205
2022-11-22,10203,10295,10111,10295,8113,0.0
2022-11-23,10248,10751,10202,10752,32684,0.04439048081593011
2022-11-24,11072,11072,10707,10707,71510,-0.004185267857142905
2022-11-25,10706,10797,10522,10798,18126,0.008499112729989822
2022-11-28,10797,10797,10431,10615,19910,-0.016947582885719625
2022-11-29,10614,11346,10523,11256,138601,0.060386245878473854
2022-11-30,11301,11529,11072,11347,41057,0.008084577114427782
2022-12-01,11392,11392,11026,11347,33642,0.0
2022-12-02,11346,11483,11072,11118,20888,-0.020181545783026333
2022-12-05,11208,11529,11072,11530,12016,0.03705702464472038
2022-12-06,11392,11987,11347,11713,26264,0.015871639202081456
2022-12-07,11438,11712,11347,11347,14883,-0.031247332024246566
2022-12-08,11255,11255,10889,11027,17399,-0.028201286683704918
2022-12-09,11026,11301,10980,11302,12255,0.02493878661467308
2022-12-12,11301,11575,11163,11302,10974,0.0
2022-12-13,11209,11575,11209,11347,13818,0.00398159617766769
2022-12-14,11392,11666,11300,11622,18694,0.02423548074380899
2022-12-15,11620,11620,11484,11530,10619,-0.007916021338840173
2022-12-16,11346,11528,11346,11438,5322,-0.007979184735472655
2022-12-19,11346,11894,11300,11438,9166,0.0
2022-12-20,11529,11529,11347,11347,7747,-0.00795593635250913
2022-12-21,11208,11894,11208,11438,13574,0.008019740900678585
2022-12-22,11896,12078,11621,11713,34314,0.024042664801538827
2022-12-23,11712,12216,11667,12034,40513,0.02740544693929814
2022-12-26,12032,12032,11758,11896,29572,-0.011467508725278353
2022-12-27,12261,12261,11666,11896,60093,0.0
2022-12-28,11991,12612,11991,12278,21083,0.032111634162743874
2022-12-29,12278,12469,12182,12374,29261,0.007818863007004406
2023-01-02,12373,12708,12039,12708,27534,0.02699208016809429
2023-01-03,12613,12804,12278,12470,12502,-0.0187283600881335
2023-01-04,12421,12469,12183,12183,12326,-0.02301523656776261
2023-01-05,12182,12230,11943,12087,10660,-0.007879832553558286
2023-01-06,12087,12661,12087,12661,12503,0.04748903780921654
2023-01-09,12660,12804,12326,12422,25013,-0.018876865966353407
2023-01-10,12517,13138,12374,12804,37385,0.030751891804862375
2023-01-11,12803,13090,12755,12947,12166,0.011168384879725046
2023-01-12,12947,13473,12947,13330,37984,0.02958214258129299
2023-01-13,13233,13759,12516,13568,52341,0.017854463615903926
2023-01-16,13568,13711,13424,13568,22330,0.0
2023-01-17,13568,13760,13091,13330,20500,-0.017541273584905648
2023-01-18,13281,13520,13186,13234,14678,-0.007201800450112539
2023-01-19,13282,13473,13186,13330,8969,0.007254042617500289
2023-01-20,13281,13329,12803,12947,21726,-0.028732183045761417
2023-01-25,12947,13080,12182,12756,29097,-0.014752452305553443
2023-01-26,12880,13090,11943,12775,34472,0.0014894951395421074
2023-01-27,12899,13262,12775,13215,20582,0.03444227005870837
2023-01-30,13166,13787,13080,13377,31618,0.012258796821793316
2023-01-31,13377,13903,13377,13760,49030,0.028631232712865273
2023-02-01,13759,14313,13759,14199,59944,0.031904069767441756
2023-02-02,14199,15613,14199,15413,113493,0.08549897880132407
2023-02-03,15335,15440,14055,14170,122432,-0.08064620774670728
2023-02-06,14170,15585,13654,15394,91889,0.08637967537050106
2023-02-07,15374,15565,15020,15470,37807,0.004936988437053369
2023-02-08,15479,15766,15193,15690,28430,0.014221073044602406
2023-02-09,15737,17093,15689,17008,94331,0.0840025493945189
2023-02-10,17008,18154,16453,17782,85606,0.04550799623706481
2023-02-13,17792,18441,17495,17792,33058,0.0005623664379710291
2023-02-14,17906,18012,16769,18012,60369,0.012365107913669071
2023-02-15,17868,18910,17343,18700,64629,0.03819675771707742
2023-02-16,18690,19082,17677,18375,90197,-0.017379679144384985
2023-02-17,18250,18470,17734,17964,42956,-0.022367346938775512
2023-02-20,17964,19063,17582,18853,86149,0.049487864618125155
2023-02-21,18566,18757,15671,16445,100447,-0.12772503049912476
2023-02-22,16110,17686,15957,17257,42404,0.049376710246275435
2023-02-23,17257,18250,17257,17735,40988,0.027698904792258228
2023-02-24,17906,17906,17170,17247,23424,-0.027516210882435832
2023-02-27,17247,17247,16482,16712,16568,-0.03101988751666962
2023-02-28,16816,16912,15297,15718,71919,-0.05947821924365726
2023-03-02,15728,16320,15432,15566,26252,-0.009670441532001472
2023-03-03,15565,15881,14906,15881,58775,0.02023641269433374
2023-03-06,16052,16138,14858,15183,107952,-0.04395189219822426
2023-03-07,15183,15432,14180,14381,244295,-0.05282223539484954
2023-03-08,14237,14409,13846,14018,78178,-0.025241638272720968
2023-03-09,14018,14132,13664,13846,55390,-0.012269938650306789
2023-03-10,13626,13903,13444,13607,53453,-0.017261302903365583
2023-03-13,13462,14236,12956,14170,58536,0.0413757624751967
2023-03-14,14189,14361,12976,13024,46782,-0.0808750882145377
2023-03-15,13186,13367,13081,13081,17408,0.004376535626535727
2023-03-16,12947,13138,12670,12986,14421,-0.007262441709349421
2023-03-17,13091,13932,12823,13932,38913,0.07284768211920523
2023-03-20,13664,13931,13454,13626,65386,-0.021963824289405687
2023-03-21,13711,14017,13348,13425,58906,-0.014751210920299407
2023-03-22,13386,13386,12937,12995,20601,-0.032029795158286745
2023-03-23,13109,13300,12823,13062,41475,0.005155829165063519
2023-03-24,12947,13291,12852,13158,39096,0.007349563619660104
2023-03-27,13157,13224,12708,12861,11814,-0.022571819425444617
2023-03-28,12861,13138,12794,13119,9649,0.020060648472125076
2023-03-29,13109,13587,12918,13559,43636,0.03353914170287364
2023-03-30,13558,13596,12765,12947,101302,-0.04513607198170955
2023-03-31,12994,13262,12755,13205,165991,0.01992739630802509
2023-04-03,13262,13473,12966,13196,53905,-0.0006815600151457435
2023-04-04,13119,13310,12947,13186,32388,-0.0007578053955744624
2023-04-05,13214,13511,13052,13511,65752,0.024647353253450577
2023-04-06,13501,13501,13013,13119,86622,-0.0290133964917475
2023-04-07,13129,13521,13024,13521,98563,0.030642579464898345
2023-04-10,13473,13520,13071,13349,69010,-0.012720952592263912
2023-04-11,13233,13415,13090,13339,77841,-0.0007491197842535158
2023-04-12,13520,13520,12842,12871,115276,-0.03508508883724415
2023-04-13,12861,12890,12508,12814,58866,-0.004428560329422737
2023-04-14,12851,13090,12717,12756,38465,-0.00452629936007487
2023-04-17,12995,12995,12775,12785,41320,0.002273439949827427
2023-04-18,12861,12861,12393,12508,41552,-0.021666014861165483
2023-04-19,12507,12794,12326,12737,71950,0.018308282699072587
2023-04-20,12565,12737,12269,12355,36944,-0.029991363743424704
2023-04-21,12278,12460,12087,12336,73401,-0.0015378389316066388
2023-04-24,12335,12507,11896,12164,57582,-0.013942931258106306
2023-04-25,12058,12288,11800,12183,69672,0.0015619861887536945
2023-04-26,12011,12173,11695,12145,26229,-0.0031191003857834465
2023-04-27,12039,12230,11867,12068,69486,-0.006340057636887608
2023-04-28,12039,12039,11456,11504,51833,-0.04673516738481931
2023-05-02,11447,11877,11294,11715,55348,0.018341446453407517
2023-05-03,11829,14954,11714,13989,1060128,0.19411011523687582
2023-05-04,14045,14064,12650,12689,220684,-0.09293015941096572
2023-05-08,12775,13138,12163,12183,111130,-0.03987705886988735
2023-05-09,12220,13099,12000,12794,142863,0.05015185093983421
2023-05-10,12689,16625,12564,14390,2930885,0.1247459746756292
2023-05-11,14390,14657,13463,13492,293967,-0.062404447533009
2023-05-12,13387,14371,13091,13951,301470,0.03402016009487108
2023-05-15,13835,14237,12975,13014,135744,-0.06716364418321263
2023-05-16,13234,13253,12890,13177,58313,0.012524973105886072
2023-05-17,13052,13319,13013,13205,49184,0.0021249146239659122
2023-05-18,13271,15641,13176,13998,837960,0.06005301022340026
2023-05-19,14075,14791,13807,13865,244965,-0.009501357336762384
2023-05-22,14055,14256,13855,13970,81219,0.007573025604038941
2023-05-23,13998,14169,13806,13998,45772,0.002004294917680838
2023-05-24,13864,13912,13530,13597,39709,-0.028646949564223423
2023-05-25,13597,13702,13234,13435,33595,-0.011914392880782554
2023-05-26,13434,14762,13300,13740,183449,0.02270189802753997
2023-05-30,13998,14046,13654,13760,34314,0.0014556040756914523
2023-05-31,13768,13826,13434,13616,35221,-0.010465116279069764
2023-06-01,13587,13616,13282,13282,29041,-0.024529964747356026
2023-06-02,13281,13386,13186,13215,31359,-0.005044421020930612
2023-06-05,13253,13262,12985,13091,21657,-0.009383276579644328
2023-06-07,13090,13291,12927,13291,15824,0.015277671682835559
2023-06-08,13606,13606,12890,12890,27824,-0.030170792265442836
2023-06-09,12890,13339,12861,13215,126721,0.02521334367726924
2023-06-12,13138,13339,13081,13282,19301,0.00506999621642068
2023-06-13,13234,13520,13033,13282,58589,0.0
2023-06-14,13224,13377,13100,13234,47152,-0.0036139135672338396
2023-06-15,13148,13406,13052,13301,47887,0.0050627172434638545
2023-06-16,13300,13520,13071,13492,79678,0.014359822569731673
2023-06-19,13491,13539,13205,13463,41789,-0.002149421879632407
2023-06-20,13396,13558,13224,13473,38402,0.0007427764985514784
2023-06-21,13406,13406,12890,13196,55178,-0.020559637794106744
2023-06-22,13196,13358,12995,13282,84565,0.00651712640193991
2023-06-23,13319,13358,12737,12737,52536,-0.04103297696130104
2023-06-26,12622,13072,12556,13072,36053,0.02630132684305564
2023-06-27,13071,13243,12756,13215,31603,0.010939412484700206
2023-06-28,13157,13501,13100,13358,110604,0.010821036700718878
2023-06-29,13377,13520,13243,13358,106725,0.0
2023-06-30,13300,13310,12880,13272,67178,-0.006438089534361424
2023-07-03,13358,13482,13282,13435,91126,0.012281494876431598
2023-07-04,13520,13606,12966,13062,61565,-0.027763304800893174
2023-07-05,13167,13329,13014,13282,55769,0.01684274996172097
2023-07-06,13281,13338,12851,13033,79137,-0.018747176630025564
2023-07-07,12956,13204,12832,13033,105297,0.0
2023-07-10,13032,13147,13004,13033,58956,0.0
2023-07-11,13014,13367,13014,13358,68346,0.024936699148315755
2023-07-12,13453,13453,12842,13043,66434,-0.023581374457254056
2023-07-13,13081,13186,13004,13110,50729,0.005136855018017306
2023-07-14,13186,13186,12909,12919,34347,-0.014569031273836797
2023-07-17,12985,13052,12669,13033,49735,0.008824212400340592
2023-07-18,13080,13262,12946,13138,119297,0.008056472032532902
2023-07-19,13138,13215,12899,13177,65619,0.002968488354391896
2023-07-20,13252,13310,12784,12909,81468,-0.020338468543674604
2023-07-21,12899,13042,12803,13014,70989,0.008133860097606416
2023-07-24,12852,12995,12288,12900,89348,-0.008759797141539849
2023-07-25,12689,12747,12135,12212,57247,-0.053333333333333344
2023-07-26,12211,12306,11112,11638,100696,-0.04700294792007864
2023-07-27,11637,11733,11389,11590,39367,-0.004124420003437046
2023-07-28,11466,12068,11466,12068,37146,0.041242450388265794
2023-07-31,12144,12230,11896,11944,27915,-0.01027510772290352
2023-08-01,11943,12020,11590,11638,21472,-0.025619557937039517
2023-08-02,11475,11695,11427,11504,28607,-0.011514005842928388
2023-08-03,11399,11896,11323,11801,72646,0.025817107093184966
2023-08-04,11790,11895,11351,11762,38395,-0.0033048046775696616
2023-08-07,11752,12096,11485,11982,36698,0.018704301989457495
2023-08-08,11810,11953,11561,11772,31088,-0.017526289434151243
2023-08-09,11619,12212,11619,12212,53785,0.03737682636765216
2023-08-10,12278,12383,11619,11772,36093,-0.03603013429413693
2023-08-11,11820,12030,11676,11992,25354,0.01868841318382608
2023-08-14,11838,12105,11637,11934,52603,-0.004836557705136801
2023-08-16,11847,12115,11513,11676,45815,-0.021618903971845183
2023-08-17,11561,11848,11332,11848,95478,0.014731072285029123
2023-08-18,11848,13759,11628,12718,526976,0.07343011478730577
2023-08-21,12593,12976,12106,12613,137964,-0.008256015096713365
2023-08-22,12517,12517,11820,11906,84856,-0.056053278363593084
2023-08-23,11992,12154,11791,11801,36452,-0.008819082815387236
2023-08-24,11810,11982,11609,11963,39644,0.013727650199135688
2023-08-25,11848,12010,11628,11925,23842,-0.0031764607539914724
2023-08-28,11924,12182,11886,11934,27448,0.0007547169811321641
2023-08-29,11819,12077,11752,11934,20235,0.0
2023-08-30,11962,12182,11800,11982,40656,0.004022121669180478
2023-08-31,11991,12020,11800,11820,11993,-0.013520280420630915
2023-09-01,11772,12106,11762,12078,36370,0.021827411167512745
2023-09-04,11962,11962,11666,11848,31082,-0.019042887895346916
2023-09-05,11848,12230,11848,11992,27433,0.012153950033761074
2023-09-06,11838,11944,11667,11753,23116,-0.019929953302201486
2023-09-07,11723,11953,11580,11934,43184,0.015400323321705045
2023-09-08,11820,12030,11657,11801,50498,-0.01114462879168765
2023-09-11,11724,11724,11561,11619,20711,-0.015422421828658606
2023-09-12,11618,11781,11485,11485,23074,-0.011532834150959625
2023-09-13,11466,11609,11265,11285,22307,-0.017414018284719224
2023-09-14,11227,11466,11227,11371,17194,0.00762073548958786
2023-09-15,11418,11466,11332,11466,9340,0.008354586228124239
2023-09-18,11466,11581,11294,11562,29503,0.008372579801151137
2023-09-19,11571,11838,11418,11619,30185,0.004929942916450436
2023-09-20,11666,11800,11380,11514,32267,-0.00903692228246833
2023-09-21,11341,11418,11255,11275,27761,-0.020757338891783883
2023-09-22,11045,11360,11016,11227,7275,-0.0042572062084257345
2023-09-25,11322,11351,11016,11227,11545,0.0
2023-09-26,11226,11265,11045,11160,18576,-0.005967756301772487
2023-09-27,11122,11227,11055,11199,9853,0.0034946236559139088
2023-10-04,11131,11198,10835,10902,10005,-0.026520225020091104
2023-10-05,10835,10979,10711,10874,12470,-0.0025683360851219694
2023-10-06,10683,11151,10683,11094,6514,0.02023174544785733
2023-10-10,11169,11169,10911,10969,7480,-0.011267351721651386
2023-10-11,10893,11256,10893,11113,6665,0.013127905916674232
2023-10-12,11121,11389,11121,11332,4604,0.019706649869522197
2023-10-13,11275,11609,11131,11600,18332,0.023649841157783236
2023-10-16,11600,11752,11284,11600,12575,0.0
2023-10-17,11485,11600,11351,11581,10041,-0.0016379310344827314
2023-10-18,11571,11657,11323,11610,18464,0.0025041015456350735
2023-10-19,11446,11609,11379,11571,20292,-0.003359173126614934
2023-10-20,11380,11581,11113,11457,20961,-0.009852216748768461
2023-10-23,11456,11456,11103,11457,17381,0.0
2023-10-24,11370,12364,11237,11667,32769,0.018329405603561222
2023-10-25,12030,12039,11361,11753,50573,0.007371217965201016
2023-10-26,11581,11638,11332,11610,26356,-0.012167106270739358
2023-10-27,11562,11724,11390,11696,20244,0.007407407407407307
2023-10-30,11695,11829,11418,11753,13226,0.004873461012312008
2023-10-31,11810,11829,11628,11753,10968,0.0
2023-11-01,11743,11895,11618,11810,17858,0.004849825576448641
2023-11-02,11991,11991,11724,11858,27206,0.004064352243861036
2023-11-03,11867,12182,11733,12173,21857,0.026564344746162982
2023-11-06,12163,12326,11991,12288,56922,0.009447137106711523
2023-11-07,12135,12230,11991,12202,27074,-0.00699869791666663
2023-11-08,12192,12287,12125,12202,39041,0.0
2023-11-09,12134,12278,12048,12240,23214,0.003114243566628483
2023-11-10,12220,12220,12020,12192,16191,-0.0039215686274509665
2023-11-13,12154,12374,11791,11906,29620,-0.023458005249343827
2023-11-14,11848,12183,11848,12183,47136,0.023265580379640438
2023-11-15,12278,12278,12010,12221,45259,0.0031191003857835575
2023-11-16,12278,12288,11963,12212,24916,-0.0007364372800916508
2023-11-17,12134,12201,12020,12173,13586,-0.0031935800851621288
2023-11-20,12134,12211,12058,12154,43838,-0.0015608313480653946
2023-11-21,12526,12622,11924,12030,227534,-0.010202402501234165
2023-11-22,11944,12096,11800,11944,48424,-0.007148794679966763
2023-11-23,12020,12403,11887,12040,82625,0.008037508372404467
2023-11-24,11992,12116,11934,12078,31598,0.003156146179402075
2023-11-27,12049,12230,11915,12078,27685,0.0
2023-11-28,12058,12154,11963,12049,23393,-0.002401059778109005
2023-11-29,12049,12125,11877,12097,31812,0.003983733089882868
2023-11-30,12125,12135,11972,12078,12336,-0.0015706373481028102
2023-12-01,12077,12144,11857,12001,25534,-0.006375227686703067
2023-12-04,11962,12048,11943,12001,27352,0.0
2023-12-05,12039,12134,11781,11848,32027,-0.012748937588534237
2023-12-06,11876,12010,11771,12001,19177,0.012913571910871058
2023-12-07,12001,12135,11877,12116,8928,0.009582534788767694
2023-12-08,12116,12116,11944,12078,45115,-0.0031363486299108567
2023-12-11,12078,12230,12011,12078,42460,0.0
2023-12-12,12077,12125,12000,12106,34408,0.00231826461334661
2023-12-13,12087,12087,11743,11887,21144,-0.018090203205022304
2023-12-14,11886,12030,11810,12011,16289,0.010431563893328777
2023-12-15,12039,12125,11973,11973,37608,-0.0031637665473316368
2023-12-18,11963,12020,11781,11963,15976,-0.0008352125615969097
2023-12-19,12020,12020,11791,11801,4530,-0.013541753740700546
2023-12-20,11829,11991,11800,11963,17739,0.013727650199135688
2023-12-21,11934,12029,11685,11724,11987,-0.019978266321156846
2023-12-22,11724,11915,11504,11820,12602,0.008188331627430934
2023-12-26,11839,12106,11801,12040,21012,0.01861252115059231
2023-12-27,12000,12510,12000,12200,4520,0.013289036544850585
2023-12-28,12490,12490,12170,12230,2890,0.0024590163934425924
2024-01-02,12020,12390,12020,12390,12523,0.013082583810302584
2024-01-03,12400,12450,12220,12410,8725,0.0016142050040355294
2024-01-04,12250,12400,12160,12400,6638,-0.0008058017727639033
2024-01-05,12440,12610,12250,12490,10327,0.007258064516129092
2024-01-08,12490,12590,12300,12300,20907,-0.01521216973578865
2024-01-09,12450,12500,12270,12400,20472,0.008130081300812941
2024-01-10,12400,12500,12160,12500,18774,0.008064516129032251
2024-01-11,12380,12520,12340,12500,19744,0.0
2024-01-12,12420,12590,12310,12480,46876,-0.0016000000000000458
2024-01-15,12490,12580,12210,12460,57540,-0.0016025641025640969
2024-01-16,12500,12530,12090,12260,25720,-0.0160513643659711
2024-01-17,12220,12400,12070,12160,14913,-0.00815660685154973
2024-01-18,12160,12380,12050,12350,30367,0.015625
2024-01-19,12220,12450,12210,12440,33001,0.007287449392712642
2024-01-22,12470,12690,12370,12610,64781,0.013665594855305496
2024-01-23,12750,12750,12450,12670,36656,0.004758128469468659
2024-01-24,12790,12900,12440,12780,75798,0.008681925808997626
2024-01-25,12670,12670,12320,12460,43993,-0.025039123630672955
2024-01-26,12460,12640,12360,12610,39959,0.012038523274478408
2024-01-29,12610,12660,12260,12440,29275,-0.013481363996827866
2024-01-30,12440,12590,12400,12490,31874,0.004019292604501512
2024-01-31,12490,12550,11770,11770,43655,-0.05764611689351484
2024-02-01,11770,12050,11490,12020,37052,0.021240441801189558
2024-02-02,11910,12060,11720,12020,19872,0.0
2024-02-05,12090,12250,11680,12120,36462,0.008319467554076532
2024-02-06,12000,12160,11760,11990,35174,-0.010726072607260773
2024-02-07,11990,12100,11720,11950,43842,-0.0033361134278565574
2024-02-08,12010,12080,11860,12080,14541,0.01087866108786617
2024-02-13,12000,12200,11910,12080,16912,0.0
2024-02-14,12000,12220,11820,11820,34915,-0.021523178807947074
2024-02-15,11950,11970,11740,11820,33751,0.0
2024-02-16,11800,11880,11630,11840,24118,0.0016920473773265332
2024-02-19,11870,12100,11760,12010,31423,0.014358108108108114
2024-02-20,12010,12010,11750,11890,16682,-0.009991673605328932
2024-02-21,11800,11980,11770,11980,18128,0.007569386038688064
2024-02-22,11980,11980,11760,11920,11192,-0.005008347245408995
2024-02-23,11970,11970,11750,11890,16759,-0.002516778523489971
2024-02-26,11750,11880,11690,11790,8543,-0.008410428931875491
2024-02-27,11710,11940,11590,11800,17103,0.0008481764206955678
2024-02-28,12150,12260,11710,11860,51398,0.005084745762711895
2024-02-29,12000,12000,11770,11880,33699,0.001686340640809414
2024-03-04,11950,12140,11860,11990,42415,0.0092592592592593
2024-03-05,12000,12050,11730,11880,16962,-0.00917431192660545
2024-03-06,11850,11920,11690,11730,27723,-0.012626262626262652
2024-03-07,11760,11760,11560,11670,23241,-0.005115089514066473
2024-03-08,11580,11640,11460,11500,9961,-0.014567266495287057
2024-03-11,11510,11590,11400,11400,7830,-0.008695652173912993
2024-03-12,11400,11710,11290,11690,15553,0.025438596491228038
2024-03-13,11690,11720,11570,11660,8758,-0.0025662959794696683
2024-03-14,11660,11890,11500,11760,17478,0.00857632933104635
2024-03-15,11760,11780,11460,11540,17143,-0.018707482993197244
2024-03-18,11540,11560,11400,11440,8966,-0.008665511265164683
2024-03-19,11450,11450,11250,11360,5588,-0.006993006993006978
2024-03-20,11350,11350,11150,11310,18847,-0.004401408450704247
2024-03-21,11370,11370,11100,11240,17381,-0.006189213085764811
2024-03-22,11200,11350,11110,11330,6182,0.008007117437722311
2024-03-25,11380,11700,11210,11660,23558,0.029126213592232997
2024-03-26,11540,11750,11450,11650,31448,-0.0008576329331045907
2024-03-27,11650,11850,11340,11350,39210,-0.025751072961373356
2024-03-28,11370,11370,11200,11320,9004,-0.002643171806167355
2024-03-29,11400,11490,11200,11390,22589,0.006183745583038913
2024-04-01,11280,11400,11250,11390,6796,0.0
2024-04-02,11380,11470,11260,11300,16609,-0.007901668129938533
2024-04-03,11250,11410,11100,11400,22678,0.008849557522123908
2024-04-04,11470,11610,11320,11580,31369,0.015789473684210575
2024-04-05,11650,11650,11220,11580,23262,0.0
2024-04-08,11570,11650,11430,11560,40730,-0.0017271157167529916
2024-04-09,11560,12150,11420,11700,64724,0.01211072664359869
2024-04-11,11580,11850,11470,11840,8580,0.011965811965811923
2024-04-12,11950,11980,11500,11670,35362,-0.014358108108108114
2024-04-15,11580,11670,11410,11520,24390,-0.01285347043701801
2024-04-16,11360,11490,11250,11390,27702,-0.01128472222222221
2024-04-17,11450,11630,11350,11490,24734,0.008779631255487308
2024-04-18,11500,11690,11470,11650,8856,0.013925152306353272
2024-04-19,11700,11870,11220,11430,33960,-0.018884120171673846
2024-04-22,11420,11510,11310,11400,13089,-0.002624671916010457
2024-04-23,11330,11670,11310,11620,17539,0.019298245614035148
2024-04-24,11700,11750,11550,11580,15658,-0.0034423407917383297
2024-04-25,11650,11650,11390,11570,7541,-0.0008635578583765513
2024-04-26,11600,11700,11400,11650,15420,0.006914433880726101
2024-04-29,11600,11690,11460,11650,12243,0.0
2024-04-30,11700,11810,11550,11700,16624,0.0042918454935623185
2024-05-02,11710,11710,11530,11620,7731,-0.006837606837606813
2024-05-03,11690,11780,11500,11590,23183,-0.002581755593803803
2024-05-07,11590,14370,11570,12900,2501787,0.11302847282139772
2024-05-08,12910,13080,12380,12710,202244,-0.014728682170542684
2024-05-09,12600,12940,12350,12840,143895,0.010228166797797034
2024-05-10,12680,12680,12320,12430,80031,-0.031931464174454804
2024-05-13,12400,12560,12250,12370,39370,-0.00482703137570395
2024-05-14,12370,12560,12300,12410,51593,0.003233629749393785
2024-05-16,12440,12550,12380,12470,49786,0.00483481063658342
2024-05-17,12530,12540,12130,12230,42696,-0.019246190858059342
2024-05-20,12380,12450,12150,12310,44126,0.006541291905151292
2024-05-21,12320,12480,12310,12370,31077,0.004874086108854536
2024-05-22,12370,12490,12160,12450,36087,0.006467259498787348
2024-05-23,12440,12580,12290,12560,37247,0.008835341365461824
2024-05-24,12500,12580,12310,12570,27067,0.0007961783439489611
2024-05-27,12600,12650,12280,12320,28411,-0.019888623707239428
2024-05-28,12400,12400,12260,12290,16306,-0.0024350649350649567
2024-05-29,12300,12570,12260,12500,39688,0.01708706265256299
2024-05-30,12600,12610,11880,11880,50120,-0.04959999999999998
2024-05-31,11870,12160,11820,12130,26476,0.021043771043770976
2024-06-03,12130,12190,11990,12040,11156,-0.007419620774938185
2024-06-04,12040,12130,11900,12040,14008,0.0
2024-06-05,12080,12110,11910,11950,14917,-0.007475083056478371
2024-06-07,11960,11960,11720,11830,26907,-0.010041841004184149
2024-06-10,11800,12070,11740,12070,12087,0.020287404902789463
2024-06-11,12100,12100,11900,12020,10759,-0.0041425020712509975
2024-06-12,12000,12060,11850,11940,13489,-0.006655574043261225
2024-06-13,12050,12100,11770,11770,21682,-0.014237855946398703
2024-06-14,12000,12350,11790,11800,75835,0.002548853016142827
2024-06-17,11800,11920,11480,11480,41273,-0.027118644067796627
2024-06-18,11510,11670,11370,11460,31551,-0.0017421602787456303
2024-06-19,11520,11680,11410,11650,21056,0.016579406631762605
2024-06-20,11600,11700,11460,11620,21065,-0.0025751072961373023
2024-06-21,11620,11660,11390,11410,21294,-0.01807228915662651
2024-06-24,11360,11500,11250,11280,17155,-0.011393514460999121
2024-06-25,11350,11500,11280,11370,27496,0.007978723404255428
2024-06-26,11350,11520,11290,11510,10970,0.012313104661389573
2024-06-27,11600,11690,11360,11390,18756,-0.010425716768027837
2024-06-28,11520,11820,11340,11490,23729,0.008779631255487308
2024-07-01,11380,11640,11330,11630,39699,0.012184508268059169
2024-07-02,11630,11630,11240,11570,27889,-0.005159071367153878
2024-07-03,11560,11590,11300,11310,17466,-0.022471910112359605
2024-07-04,11320,11440,11270,11360,17321,0.004420866489831976
2024-07-05,11360,11450,11260,11380,16517,0.0017605633802817433
2024-07-08,11370,11560,11260,11560,25190,0.01581722319859402
2024-07-09,11600,11630,11410,11480,12137,-0.00692041522491349
2024-07-10,11480,11600,11410,11590,32887,0.009581881533101022
2024-07-11,11630,11630,11410,11490,13913,-0.008628127696289956
2024-07-12,11550,11590,11420,11450,17758,-0.003481288076588318
2024-07-15,11360,11450,11330,11440,5700,-0.0008733624454148048
2024-07-16,11440,11470,11320,11360,9361,-0.006993006993006978
2024-07-17,11380,11550,11330,11370,3640,0.0008802816901407606
2024-07-18,11370,11540,11250,11280,7813,-0.0079155672823219
2024-07-19,11300,11370,11210,11260,6428,-0.0017730496453900457
2024-07-22,11260,11300,11100,11250,15291,-0.000888099467140302
2024-07-23,11150,11290,11150,11250,8812,0.0
2024-07-24,11150,11370,11150,11300,7819,0.004444444444444473
2024-07-25,11300,11370,11180,11250,7826,-0.004424778761061954
2024-07-26,11240,11440,11180,11430,13590,0.016000000000000014
2024-07-29,11340,11520,11340,11490,11574,0.005249343832020914
