Date,Open,High,Low,Close,Volume,Change
2022-01-03,125500,130000,125500,129000,48010,0.023809523809523725
2022-01-04,129500,129500,127500,129000,29849,0.0
2022-01-05,128000,129500,126000,126500,59947,-0.019379844961240345
2022-01-06,126500,127500,125000,125500,50687,-0.007905138339920903
2022-01-07,125500,127500,125000,127500,32423,0.015936254980079667
2022-01-10,126500,127500,125000,126000,26951,-0.0117647058823529
2022-01-11,125000,126500,124500,126000,36051,0.0
2022-01-12,126500,127500,126000,127500,27916,0.011904761904761862
2022-01-13,128000,128000,127000,128000,23848,0.0039215686274509665
2022-01-14,128000,128000,124500,124500,37157,-0.02734375
2022-01-17,124500,125000,122500,123500,36572,-0.008032128514056214
2022-01-18,124000,124000,121000,121500,31556,-0.01619433198380571
2022-01-19,120500,121500,119000,120000,40836,-0.012345679012345734
2022-01-20,120500,125000,120000,124000,35024,0.03333333333333344
2022-01-21,122500,125500,122500,124000,35527,0.0
2022-01-24,125000,125500,120500,121000,32670,-0.024193548387096753
2022-01-25,121000,121000,117000,117500,44706,-0.02892561983471076
2022-01-26,117000,118500,117000,117000,27250,-0.004255319148936176
2022-01-27,116500,117500,112000,113000,60702,-0.03418803418803418
2022-01-28,113500,117000,113000,116000,40308,0.026548672566371723
2022-02-03,116000,121500,116000,119000,35595,0.02586206896551735
2022-02-04,119000,122000,119000,121000,31654,0.01680672268907557
2022-02-07,121000,121500,118500,121000,28257,0.0
2022-02-08,122000,124000,121000,122000,31727,0.008264462809917328
2022-02-09,124000,125500,122500,125000,24623,0.024590163934426146
2022-02-10,124000,128000,124000,127500,48321,0.020000000000000018
2022-02-11,127000,127000,124000,124500,38299,-0.02352941176470591
2022-02-14,120500,122000,116000,117500,69980,-0.05622489959839361
2022-02-15,118000,125000,117500,122000,61383,0.038297872340425476
2022-02-16,122000,124500,120000,123500,39305,0.012295081967213184
2022-02-17,124000,125500,120500,123000,43336,-0.004048582995951455
2022-02-18,121500,124500,121000,124500,22205,0.012195121951219523
2022-02-21,121500,126000,121500,125000,30671,0.004016064257028162
2022-02-22,125000,126000,123000,125000,37730,0.0
2022-02-23,126500,126500,123500,124000,37535,-0.008000000000000007
2022-02-24,123500,125000,122000,123500,37325,-0.0040322580645161255
2022-02-25,124000,125000,123000,123500,29933,0.0
2022-02-28,123500,125000,122000,124000,37907,0.004048582995951344
2022-03-02,124500,133000,124000,131000,136465,0.056451612903225756
2022-03-03,133000,134000,131000,131500,77408,0.003816793893129722
2022-03-04,131500,134500,131000,132000,62447,0.0038022813688212143
2022-03-07,131500,132500,129000,130000,62195,-0.015151515151515138
2022-03-08,127500,131000,125000,128000,58777,-0.01538461538461533
2022-03-10,130000,134000,129500,133000,71427,0.0390625
2022-03-11,132500,135000,131000,134000,73432,0.007518796992481258
2022-03-14,133500,138000,132000,137500,95012,0.026119402985074647
2022-03-15,137000,137000,132500,133500,61811,-0.029090909090909056
2022-03-16,133500,135500,133500,134500,25623,0.0074906367041198685
2022-03-17,137000,138000,134000,134000,42514,-0.0037174721189591198
2022-03-18,134000,136500,133000,135500,68348,0.011194029850746245
2022-03-21,135500,135500,131000,131000,37265,-0.03321033210332103
2022-03-22,130500,133000,130500,132000,18726,0.007633587786259444
2022-03-23,132000,133500,132000,132500,28272,0.0037878787878788955
2022-03-24,131000,133500,130500,132000,26991,-0.0037735849056603765
2022-03-25,132000,132000,127000,127500,58671,-0.03409090909090906
2022-03-28,127000,130500,126000,130000,27455,0.019607843137254832
2022-03-29,131000,131500,129000,130500,33944,0.0038461538461538325
2022-03-30,131500,131500,130500,131000,22188,0.003831417624521105
2022-03-31,131500,132000,128000,129500,38131,-0.011450381679389277
2022-04-01,128000,128500,126500,126500,40994,-0.02316602316602312
2022-04-04,126500,127500,125000,127000,30107,0.0039525691699604515
2022-04-05,127000,128000,126000,128000,26338,0.007874015748031482
2022-04-06,127500,128500,126500,127000,25328,-0.0078125
2022-04-07,125500,127000,125000,125500,29713,-0.011811023622047223
2022-04-08,125500,126000,121500,122000,52197,-0.027888446215139417
2022-04-11,121500,122500,119500,122000,53137,0.0
2022-04-12,121000,125500,121000,123000,50776,0.008196721311475308
2022-04-13,124500,129000,123000,127500,120438,0.03658536585365857
2022-04-14,126500,130000,126000,129000,67263,0.0117647058823529
2022-04-15,127000,131500,126500,130000,60779,0.007751937984496138
2022-04-18,129500,132500,128000,132000,54533,0.01538461538461533
2022-04-19,132500,133000,129500,130000,60688,-0.015151515151515138
2022-04-20,129000,129500,127000,128000,65182,-0.01538461538461533
2022-04-21,129000,129500,127000,127000,46930,-0.0078125
2022-04-22,127000,128000,125000,125000,44550,-0.015748031496062964
2022-04-25,124000,124000,121500,122000,40942,-0.02400000000000002
2022-04-26,122500,123500,120500,121000,49158,-0.008196721311475419
2022-04-27,117500,121000,117000,119500,37442,-0.012396694214875992
2022-04-28,119000,122500,118000,121500,37567,0.01673640167364021
2022-04-29,121000,123500,121000,123000,27947,0.012345679012345734
2022-05-02,122500,123500,121000,122500,18957,-0.004065040650406471
2022-05-03,122000,123500,120500,121000,31103,-0.01224489795918371
2022-05-04,121000,122000,120500,122000,23075,0.008264462809917328
2022-05-06,120500,122000,119500,120500,27226,-0.012295081967213073
2022-05-09,120000,120500,117500,118500,35737,-0.016597510373444035
2022-05-10,119000,122500,115500,121500,71519,0.025316455696202445
2022-05-11,121000,128000,120000,127000,138674,0.04526748971193406
2022-05-12,127500,131500,126000,129000,114004,0.015748031496062964
2022-05-13,131000,132000,130000,131000,74074,0.015503875968992276
2022-05-16,131000,133000,129500,131500,63712,0.003816793893129722
2022-05-17,131000,132500,130500,131500,22972,0.0
2022-05-18,131000,133000,129000,132500,38045,0.0076045627376426506
2022-05-19,131000,131000,125500,125500,76344,-0.05283018867924527
2022-05-20,126500,127500,123000,124500,80555,-0.007968127490039834
2022-05-23,124500,124500,122000,123000,42648,-0.012048192771084376
2022-05-24,122500,126000,122500,125500,39830,0.020325203252032464
2022-05-25,126500,128000,124000,125500,35812,0.0
2022-05-26,124000,127500,124000,127500,36138,0.015936254980079667
2022-05-27,128000,130500,126500,129000,39071,0.0117647058823529
2022-05-30,130000,130500,129000,129500,21877,0.003875968992248069
2022-05-31,129500,130000,128000,129500,55135,0.0
2022-06-02,128000,128000,125000,125500,37414,-0.030888030888030937
2022-06-03,127000,129500,126000,129000,27737,0.027888446215139417
2022-06-07,128000,128500,124000,124000,42315,-0.03875968992248058
2022-06-08,124000,125000,122000,122500,36951,-0.012096774193548376
2022-06-09,122000,122500,119500,121000,76240,-0.01224489795918371
2022-06-10,119500,122000,119000,120500,31332,-0.004132231404958664
2022-06-13,119500,120000,114000,115500,72356,-0.04149377593360992
2022-06-14,114500,115000,110500,112000,72224,-0.030303030303030276
2022-06-15,113000,116500,110500,112500,75713,0.0044642857142858094
2022-06-16,113500,115000,113000,114000,32809,0.01333333333333342
2022-06-17,111500,111500,109500,111000,93726,-0.02631578947368418
2022-06-20,111500,113000,110000,112000,39203,0.009009009009008917
2022-06-21,113000,113500,111000,111500,24775,-0.004464285714285698
2022-06-22,112000,112000,109500,110000,22901,-0.013452914798206317
2022-06-23,110500,113000,109500,110000,43502,0.0
2022-06-24,109000,113500,109000,112500,31371,0.022727272727272707
2022-06-27,112500,115500,111500,115500,32090,0.026666666666666616
2022-06-28,115500,117000,113500,114500,27768,-0.008658008658008698
2022-06-29,114500,116000,113500,115000,17981,0.004366812227074135
2022-06-30,115500,116000,113500,114000,38856,-0.008695652173912993
2022-07-01,117000,117000,113000,114000,31916,0.0
2022-07-04,115500,119500,115000,117500,59687,0.030701754385964897
2022-07-05,118500,122000,118000,121500,45775,0.03404255319148941
2022-07-06,120000,121000,118000,118000,31135,-0.028806584362139898
2022-07-07,120000,120500,117000,117000,34175,-0.008474576271186418
2022-07-08,117500,122500,117500,122000,42152,0.042735042735042805
2022-07-11,120500,121000,115500,116000,52801,-0.049180327868852514
2022-07-12,116000,116000,111000,112500,45482,-0.030172413793103425
2022-07-13,114000,117000,113500,115000,38124,0.022222222222222143
2022-07-14,113500,115500,113500,115000,29343,0.0
2022-07-15,115000,115000,111000,111500,36943,-0.0304347826086957
2022-07-18,112000,113500,111000,113000,42909,0.013452914798206317
2022-07-19,112500,114000,112000,113000,33156,0.0
2022-07-20,114500,115000,112000,113000,45939,0.0
2022-07-21,113000,116500,112500,115500,57115,0.022123893805309658
2022-07-22,114500,117500,114000,116500,36704,0.008658008658008587
2022-07-25,116500,117500,115500,116000,26155,-0.0042918454935622075
2022-07-26,115000,119500,115000,118000,47196,0.01724137931034475
2022-07-27,118500,119500,117000,118000,31991,0.0
2022-07-28,118000,119500,115000,116000,43085,-0.016949152542372836
2022-07-29,117000,117000,115000,116500,39535,0.004310344827586299
2022-08-01,116000,116000,113500,114500,39794,-0.01716738197424894
2022-08-02,113500,114000,112000,113500,51539,-0.008733624454148492
2022-08-03,112500,115500,112500,115500,38494,0.017621145374449254
2022-08-04,115500,115500,114000,115000,28882,-0.0043290043290042934
2022-08-05,115000,116500,114000,114500,35495,-0.004347826086956497
2022-08-08,114000,115000,113000,115000,35349,0.004366812227074135
2022-08-09,116500,123000,116500,122500,152700,0.0652173913043479
2022-08-10,122500,127500,122000,125500,111423,0.02448979591836742
2022-08-11,125500,128000,123500,125500,67539,0.0
2022-08-12,125500,127500,124500,127500,57587,0.015936254980079667
2022-08-16,127500,129000,126000,128000,44182,0.0039215686274509665
2022-08-17,129000,129000,125500,127500,27923,-0.00390625
2022-08-18,126000,128000,125500,126500,31318,-0.007843137254901933
2022-08-19,126500,126500,123000,124500,27613,-0.015810276679841917
2022-08-22,123000,126000,121500,125000,41145,0.004016064257028162
2022-08-23,123000,125000,121500,121500,19310,-0.028000000000000025
2022-08-24,122500,123000,120500,121500,32027,0.0
2022-08-25,122000,122500,121000,122000,18160,0.004115226337448652
2022-08-26,122000,123500,120500,121500,28282,-0.004098360655737654
2022-08-29,118000,120000,117500,119500,30333,-0.016460905349794275
2022-08-30,118500,119500,117500,119000,33594,-0.004184100418409997
2022-08-31,118500,119500,118000,118500,40918,-0.004201680672268893
2022-09-01,118500,120000,117000,118000,38686,-0.00421940928270037
2022-09-02,118000,119000,116500,117500,24217,-0.004237288135593209
2022-09-05,118000,120000,115500,116500,20918,-0.008510638297872353
2022-09-06,117500,118500,115500,116500,24938,0.0
2022-09-07,115500,116000,112500,113500,33634,-0.025751072961373356
2022-09-08,114000,115500,112500,113500,31824,0.0
2022-09-13,115000,117000,114500,116500,37930,0.026431718061673992
2022-09-14,115000,115000,112000,112500,49252,-0.03433476394849788
2022-09-15,112500,113500,112000,113000,39694,0.004444444444444473
2022-09-16,112500,113000,107000,108500,101006,-0.03982300884955747
2022-09-19,108000,108500,104500,106500,64435,-0.018433179723502335
2022-09-20,108000,108500,106000,106500,46936,0.0
2022-09-21,106000,107500,104500,106000,45406,-0.0046948356807511304
2022-09-22,105000,105000,103000,103500,57898,-0.02358490566037741
2022-09-23,104500,104500,100500,100500,50854,-0.02898550724637683
2022-09-26,99900,100500,95300,96000,99928,-0.04477611940298509
2022-09-27,96000,97000,93500,95700,98001,-0.0031250000000000444
2022-09-28,94500,97500,93900,97200,119909,0.01567398119122254
2022-09-29,97400,98100,93700,94500,99381,-0.02777777777777779
2022-09-30,94200,94300,90000,90400,116038,-0.04338624338624342
2022-10-04,90600,93100,90600,92000,72918,0.017699115044247815
2022-10-05,92800,93500,85400,86600,168098,-0.05869565217391304
2022-10-06,86600,86900,85700,85900,115356,-0.008083140877598205
2022-10-07,85800,85800,82000,83200,154247,-0.03143189755529685
2022-10-11,80900,81500,78100,80300,214064,-0.034855769230769273
2022-10-12,79900,81000,78100,78600,159247,-0.021170610211706076
2022-10-13,78800,79400,77000,77500,111133,-0.013994910941475869
2022-10-14,78000,81000,77200,81000,139784,0.04516129032258065
2022-10-17,79400,79800,77900,78400,68385,-0.032098765432098775
2022-10-18,79800,84100,79500,84100,110364,0.07270408163265296
2022-10-19,84300,84400,82600,83200,60961,-0.010701545778834753
2022-10-20,83100,85000,82900,85000,88815,0.02163461538461542
2022-10-21,84700,84800,82200,82300,66799,-0.03176470588235292
2022-10-24,84200,84200,82300,82400,30003,0.0012150668286756705
2022-10-25,82500,82600,79700,79800,35761,-0.03155339805825241
2022-10-26,79800,80500,78900,80100,24498,0.003759398496240518
2022-10-27,80800,85000,80600,85000,93351,0.06117353308364537
2022-10-28,83900,87200,83800,86900,61613,0.022352941176470686
2022-10-31,87800,87900,84800,87900,62078,0.011507479861910141
2022-11-01,87600,88800,86000,86100,55215,-0.020477815699658675
2022-11-02,85200,87800,83800,87500,74431,0.016260162601626105
2022-11-03,85300,86400,84700,85000,62159,-0.02857142857142858
2022-11-04,84200,86300,83900,86300,61870,0.015294117647058902
2022-11-07,86500,87900,85700,87900,60393,0.018539976825028948
2022-11-08,88500,89400,86900,88500,83995,0.006825938566553003
2022-11-09,88500,88600,86500,86800,100133,-0.019209039548022555
2022-11-10,85900,86100,84000,84200,127591,-0.02995391705069128
2022-11-11,86500,88700,83800,86600,211458,0.028503562945368266
2022-11-14,86600,91000,86600,90000,149101,0.03926096997690531
2022-11-15,91000,91900,88500,91700,111815,0.018888888888888955
2022-11-16,92000,92400,88800,90600,95430,-0.01199563794983638
2022-11-17,90600,92600,89800,91400,75085,0.008830022075055233
2022-11-18,91600,91600,89500,89500,61414,-0.020787746170678356
2022-11-21,89900,89900,87400,88300,70263,-0.013407821229050265
2022-11-22,88700,89400,87200,88700,54516,0.0045300113250283935
2022-11-23,88700,90500,88500,89900,51134,0.013528748590755368
2022-11-24,89600,90800,88600,90700,47482,0.008898776418242438
2022-11-25,90700,92500,90100,92300,62954,0.01764057331863289
2022-11-28,91900,92000,89700,91400,68525,-0.009750812567713929
2022-11-29,91600,94200,90600,92500,97710,0.012035010940919078
2022-11-30,92500,92800,88400,88400,1264673,-0.044324324324324316
2022-12-01,89500,92700,89500,89900,172695,0.016968325791855143
2022-12-02,90500,90500,87900,88000,75783,-0.021134593993325956
2022-12-05,88700,89500,87200,87400,57403,-0.006818181818181834
2022-12-06,87400,87800,84600,84600,115145,-0.03203661327231122
2022-12-07,84800,85200,83300,84400,80145,-0.0023640661938534313
2022-12-08,84600,87900,84200,86700,76908,0.027251184834123254
2022-12-09,86800,91700,86800,90700,123633,0.046136101499423265
2022-12-12,91000,91600,89700,89800,54343,-0.009922822491730932
2022-12-13,90800,90800,89000,90000,38408,0.00222717149220486
2022-12-14,90700,91800,89600,91400,65864,0.015555555555555545
2022-12-15,91000,93400,90500,92400,77477,0.010940919037199182
2022-12-16,91600,92700,90300,91700,55107,-0.007575757575757569
2022-12-19,91200,91400,89200,89600,51162,-0.022900763358778664
2022-12-20,90300,91500,89100,90000,55064,0.0044642857142858094
2022-12-21,90900,90900,89300,89700,20204,-0.0033333333333332993
2022-12-22,90300,94500,90300,93400,101336,0.04124860646599782
2022-12-23,92800,94800,92400,93200,58368,-0.0021413276231263545
2022-12-26,93200,94300,92400,93400,43590,0.0021459227467810482
2022-12-27,94100,95700,93400,94800,67834,0.01498929336188426
2022-12-28,93800,95900,92500,94600,53721,-0.002109704641350185
2022-12-29,95600,97500,93300,93700,68572,-0.009513742071881603
2023-01-02,95100,95100,89700,91000,35326,-0.028815368196371427
2023-01-03,91600,92200,88800,89700,42142,-0.014285714285714235
2023-01-04,90300,90300,87200,87700,69220,-0.022296544035674493
2023-01-05,87700,90000,86800,89300,56368,0.018244013683010207
2023-01-06,87400,89300,87400,88700,45634,-0.006718924972004436
2023-01-09,89700,91300,88800,90600,31060,0.021420518602029315
2023-01-10,90500,90500,88800,89200,36055,-0.015452538631346546
2023-01-11,89600,89700,88200,89700,57368,0.005605381165919354
2023-01-12,89600,90300,88800,88800,57982,-0.010033444816053505
2023-01-13,90000,93100,89900,92700,83787,0.04391891891891886
2023-01-16,92400,93500,91600,93000,34112,0.003236245954692629
2023-01-17,92000,92900,90800,91700,30514,-0.013978494623655968
2023-01-18,91700,93500,91300,93500,31968,0.019629225736095934
2023-01-19,92100,94000,92100,93000,34301,-0.005347593582887722
2023-01-20,92200,92700,91200,92300,44209,-0.007526881720430145
2023-01-25,92500,93000,90200,90400,53685,-0.020585048754062862
2023-01-26,90300,90900,89500,90200,69383,-0.0022123893805309214
2023-01-27,90000,92000,89900,91500,51994,0.014412416851441234
2023-01-30,91500,91900,90200,90300,29220,-0.013114754098360604
2023-01-31,90900,90900,89900,90200,43132,-0.001107419712070845
2023-02-01,90200,90300,89400,90100,46094,-0.0011086474501108556
2023-02-02,90700,91300,90000,90400,55464,0.0033296337402886067
2023-02-03,90400,93300,89800,91900,65516,0.0165929203539823
2023-02-06,91400,91400,89700,89700,57365,-0.02393906420021763
2023-02-07,89700,89900,89100,89600,41820,-0.0011148272017836858
2023-02-08,89600,90400,89100,89800,51566,0.0022321428571427937
2023-02-09,90000,90700,89100,89100,51224,-0.007795100222717122
2023-02-10,89100,89300,86800,87200,91269,-0.021324354657688005
2023-02-13,87200,87900,86200,86500,44503,-0.008027522935779796
2023-02-14,87000,87100,85900,86500,34389,0.0
2023-02-15,86600,86600,83000,83500,109662,-0.034682080924855474
2023-02-16,83700,84800,83700,84400,31805,0.010778443113772518
2023-02-17,83700,84500,82900,83600,37878,-0.009478672985781977
2023-02-20,83600,85100,83000,84100,46005,0.005980861244019087
2023-02-21,84000,85000,83400,84800,32581,0.00832342449464929
2023-02-22,84200,84200,83100,83400,41104,-0.01650943396226412
2023-02-23,83400,84500,83300,83800,24913,0.004796163069544335
2023-02-24,83600,84300,83300,83300,35878,-0.005966587112171795
2023-02-27,82800,82900,81500,82500,40057,-0.009603841536614643
2023-02-28,82600,83600,81700,81700,45978,-0.009696969696969648
2023-03-02,82000,84600,81800,83600,57904,0.023255813953488413
2023-03-03,83600,83900,82100,82900,30126,-0.00837320574162681
2023-03-06,83500,83500,82300,82400,27357,-0.006031363088057851
2023-03-07,82500,83100,82200,82200,31380,-0.0024271844660194164
2023-03-08,81700,82100,80600,81000,46254,-0.014598540145985384
2023-03-09,81000,81700,80500,80800,43228,-0.0024691358024691024
2023-03-10,80600,80700,79300,79300,47171,-0.01856435643564358
2023-03-13,79900,79900,77500,79000,42525,-0.003783102143757877
2023-03-14,78200,78900,77300,77800,35409,-0.015189873417721489
2023-03-15,78700,78700,77200,77500,51730,-0.003856041131105381
2023-03-16,76800,77200,75900,76900,42435,-0.007741935483870921
2023-03-17,77600,78900,76800,78900,54526,0.026007802340702213
2023-03-20,79400,79500,77700,78500,21912,-0.005069708491761693
2023-03-21,78900,79100,78100,78700,25089,0.002547770700636942
2023-03-22,79000,79100,78100,78600,26852,-0.0012706480304955914
2023-03-23,78600,79300,77600,79200,42967,0.007633587786259444
2023-03-24,78500,79200,78000,78400,32799,-0.010101010101010055
2023-03-27,78900,78900,76700,77400,31564,-0.012755102040816313
2023-03-28,77500,78200,77200,78000,31205,0.007751937984496138
2023-03-29,78300,79000,77600,78100,31765,0.0012820512820512775
2023-03-30,78200,79700,77800,79100,40029,0.012804097311139628
2023-03-31,79300,80500,78400,79900,47718,0.010113780025284402
2023-04-03,80000,80100,78100,78100,41598,-0.02252816020025028
2023-04-04,78600,79400,77700,79300,48867,0.015364916773367376
2023-04-05,79600,80200,78300,79000,50000,-0.003783102143757877
2023-04-06,78800,78900,78000,78100,40794,-0.011392405063291089
2023-04-07,78200,78600,77400,78100,23099,0.0
2023-04-10,77900,77900,77000,77000,36755,-0.014084507042253502
2023-04-11,77000,78300,77000,78300,34157,0.016883116883116944
2023-04-12,78600,79200,78100,79000,44483,0.008939974457215838
2023-04-13,78900,79400,78000,79300,43548,0.0037974683544304
2023-04-14,79500,81700,79300,81000,100564,0.021437578814627933
2023-04-17,81200,81200,79600,79900,35423,-0.013580246913580285
2023-04-18,79600,80400,79100,80100,44577,0.0025031289111390187
2023-04-19,80100,80500,79200,79300,37560,-0.009987515605493158
2023-04-20,79400,79800,78600,79700,29580,0.0050441361916770955
2023-04-21,79400,79700,78600,79400,49369,-0.0037641154328732496
2023-04-24,79400,79400,77500,77700,36888,-0.021410579345088165
2023-04-25,78000,78800,77500,77900,29634,0.002574002574002643
2023-04-26,77900,78400,77200,77300,34918,-0.007702182284980763
2023-04-27,77300,77300,75200,75900,78354,-0.018111254851228997
2023-04-28,75900,78100,75900,77100,45457,0.015810276679841806
2023-05-02,76800,78100,76300,77500,24638,0.005188067444876765
2023-05-03,77500,78300,76900,77900,33753,0.005161290322580614
2023-05-04,77000,79700,76500,79500,53844,0.020539152759948553
2023-05-08,78800,80200,78400,80200,52094,0.008805031446540879
2023-05-09,79900,83200,79800,82300,121139,0.026184538653366562
2023-05-10,82700,84300,82300,82900,91266,0.007290400972053357
2023-05-11,82900,84100,82500,83700,63280,0.00965018094089265
2023-05-12,83900,83900,82000,82500,34980,-0.014336917562724039
2023-05-15,81800,82000,80500,81400,23257,-0.013333333333333308
2023-05-16,81700,81900,80900,81400,21461,0.0
2023-05-17,81400,82100,81000,81600,19145,0.002457002457002533
2023-05-18,81400,81800,80400,81200,28734,-0.004901960784313708
2023-05-19,81200,81500,80600,81300,37957,0.0012315270935960854
2023-05-22,81300,83700,81300,83100,48338,0.022140221402213944
2023-05-23,83100,85100,82500,84200,45524,0.013237063778579916
2023-05-24,83700,85800,83500,85600,57215,0.016627078384798155
2023-05-25,84600,85400,83000,83000,48707,-0.030373831775700966
2023-05-26,82600,84100,82100,83700,26045,0.008433734939758963
2023-05-30,83700,84300,82100,82200,31575,-0.017921146953404965
2023-05-31,82200,83200,80700,81500,67357,-0.008515815085158196
2023-06-01,81500,82400,81000,81400,35143,-0.0012269938650306678
2023-06-02,81400,81500,80400,80900,45467,-0.00614250614250611
2023-06-05,80900,82300,80500,81400,44355,0.006180469715698411
2023-06-07,81900,81900,81200,81700,51871,0.0036855036855036882
2023-06-08,82600,84700,82200,83000,97848,0.01591187270501826
2023-06-09,83800,83800,81300,81400,68236,-0.01927710843373498
2023-06-12,82000,82300,80800,81400,55969,0.0
2023-06-13,82000,82900,81000,81100,75737,-0.0036855036855036882
2023-06-14,80700,81400,80100,80600,60216,-0.006165228113440224
2023-06-15,80600,81100,79100,79900,73776,-0.008684863523573227
2023-06-16,80000,81500,80000,80700,65196,0.01001251564455563
2023-06-19,80700,81300,79100,79300,53730,-0.01734820322180919
2023-06-20,79300,79800,78100,78300,59064,-0.01261034047919296
2023-06-21,78300,78300,77100,77600,54229,-0.008939974457215838
2023-06-22,77100,77700,76600,77200,131213,-0.005154639175257714
2023-06-23,77000,77200,76100,76600,93656,-0.007772020725388629
2023-06-26,76300,76600,74400,74600,82392,-0.026109660574412552
2023-06-27,74300,75500,74300,74800,43968,0.002680965147453085
2023-06-28,74800,78300,74800,78300,68198,0.046791443850267456
2023-06-29,78400,78700,76400,76500,52712,-0.02298850574712641
2023-06-30,77400,77400,75300,76400,32606,-0.0013071895424836555
2023-07-03,76300,77100,75600,76000,49011,-0.005235602094240788
2023-07-04,76000,76500,75600,76000,25723,0.0
2023-07-05,75800,75800,70500,70800,258958,-0.06842105263157894
2023-07-06,70800,71700,69000,71400,93776,0.008474576271186418
2023-07-07,70500,70600,69000,69800,82882,-0.022408963585434205
2023-07-10,69800,71400,69200,70800,30241,0.014326647564469885
2023-07-11,71500,72000,70800,71700,43499,0.012711864406779627
2023-07-12,71600,73100,70900,72800,57556,0.015341701534170138
2023-07-13,73500,73800,72000,72100,60147,-0.009615384615384581
2023-07-14,72800,75500,72600,75200,87991,0.04299583911234395
2023-07-17,75000,75600,73400,75200,37849,0.0
2023-07-18,75600,75600,72200,72800,92386,-0.03191489361702127
2023-07-19,72800,76400,72800,75200,112247,0.03296703296703307
2023-07-20,75200,77700,75000,77400,129682,0.0292553191489362
2023-07-21,77400,77500,75100,75700,71192,-0.021963824289405687
2023-07-24,75200,75400,73700,74400,80791,-0.017173051519154603
2023-07-25,74000,74500,73200,73700,58818,-0.009408602150537626
2023-07-26,73200,73600,70200,71300,111592,-0.0325644504748982
2023-07-27,71300,73700,71300,73700,79191,0.033660589060308554
2023-07-28,72600,73400,72400,73000,38308,-0.009497964721845276
2023-07-31,73300,73900,71800,72000,84872,-0.013698630136986356
2023-08-01,71800,74600,71500,73000,132488,0.01388888888888884
2023-08-02,72900,74200,72900,73300,125972,0.004109589041095818
2023-08-03,73600,76600,72900,74600,271536,0.017735334242837686
2023-08-04,74700,82600,74600,82500,349188,0.10589812332439674
2023-08-07,81600,81600,77900,80800,172998,-0.020606060606060628
2023-08-08,78400,79200,76300,77700,221927,-0.0383663366336634
2023-08-09,77500,79600,77000,78300,99930,0.007722007722007707
2023-08-10,78100,80800,78100,80500,79702,0.02809706257982114
2023-08-11,80100,83100,79700,83000,134174,0.03105590062111796
2023-08-14,83100,83300,80800,81300,74704,-0.02048192771084334
2023-08-16,81400,81500,79800,80800,96434,-0.006150061500615034
2023-08-17,80600,80600,78100,78900,67895,-0.023514851485148536
2023-08-18,77600,81600,77600,81100,85431,0.027883396704689423
2023-08-21,81100,81500,79600,80000,37677,-0.013563501849568449
2023-08-22,79500,80600,78400,79200,47945,-0.010000000000000009
2023-08-23,78400,80300,78300,79500,36365,0.0037878787878788955
2023-08-24,79700,80000,78400,78600,45532,-0.01132075471698113
2023-08-25,77800,80100,77800,78700,31754,0.0012722646310432406
2023-08-28,79900,82300,79900,81000,55307,0.029224904701397714
2023-08-29,81100,82200,80400,80600,29817,-0.004938271604938316
2023-08-30,81400,81400,79300,79400,34374,-0.01488833746898266
2023-08-31,79400,79900,78600,78900,29460,-0.006297229219143552
2023-09-01,78200,82900,78100,82300,125807,0.043092522179974724
2023-09-04,82500,83000,81200,82500,56550,0.002430133657351119
2023-09-05,81700,82800,80800,81000,43153,-0.018181818181818188
2023-09-06,80800,81300,79200,79700,47399,-0.016049382716049387
2023-09-07,79300,80500,79000,79200,26128,-0.006273525721455453
2023-09-08,80200,81400,79200,81100,30816,0.023989898989899006
2023-09-11,81100,81500,80100,80800,32573,-0.0036991368680641123
2023-09-12,81300,82100,79700,79700,30545,-0.013613861386138626
2023-09-13,79500,80200,79100,79300,28438,-0.005018820577164407
2023-09-14,80000,80700,79300,80600,55400,0.016393442622950838
2023-09-15,80400,80500,79200,79800,64185,-0.00992555831265507
2023-09-18,79800,86500,79800,85600,225600,0.07268170426065157
2023-09-19,85400,86400,83800,84400,64319,-0.014018691588784993
2023-09-20,83700,84900,81600,82100,57548,-0.027251184834123254
2023-09-21,82800,82800,81000,81100,35067,-0.01218026796589522
2023-09-22,80100,82300,79800,81500,45987,0.004932182490752224
2023-09-25,81100,81700,79500,79800,28361,-0.020858895705521463
2023-09-26,79200,81400,78600,80600,41008,0.010025062656641603
2023-09-27,79700,81800,79000,80800,31789,0.002481389578163684
2023-10-04,80100,82900,79700,81300,68692,0.006188118811881083
2023-10-05,81200,84100,80700,83600,67039,0.02829028290282909
2023-10-06,84000,84000,82700,82900,34724,-0.00837320574162681
2023-10-10,83000,84000,80600,81200,45116,-0.020506634499396825
2023-10-11,81000,82400,80300,80400,33266,-0.009852216748768461
2023-10-12,81300,81300,79000,79300,64674,-0.013681592039801016
2023-10-13,79100,79800,77500,78600,34951,-0.008827238335435084
2023-10-16,77900,78200,76000,76700,136225,-0.024173027989821905
2023-10-17,77900,78600,76800,78000,34781,0.016949152542372836
2023-10-18,77800,79500,77200,79400,52491,0.017948717948717885
2023-10-19,79300,79300,77600,78100,31445,-0.016372795969773257
2023-10-20,78200,78200,75000,76000,51586,-0.02688860435339313
2023-10-23,75900,75900,73100,74300,25845,-0.022368421052631593
2023-10-24,75000,76200,72600,75400,87128,0.014804845222072593
2023-10-25,75100,76400,75000,76100,42010,0.009283819628647105
2023-10-26,76400,76400,74500,75100,41743,-0.013140604467805517
2023-10-27,76600,76600,74100,74400,34648,-0.009320905459387463
2023-10-30,74400,76000,73500,75600,33015,0.016129032258064502
2023-10-31,76300,76800,75500,75900,36674,0.003968253968253954
2023-11-01,76800,76800,75000,76200,33418,0.0039525691699604515
2023-11-02,76400,76500,75400,75900,49731,-0.003937007874015741
2023-11-03,76000,77000,74500,75900,48021,0.0
2023-11-06,76800,78400,76300,78400,56413,0.03293807641633739
2023-11-07,77700,78700,77000,77500,74956,-0.011479591836734748
2023-11-08,78500,81200,77000,80500,117110,0.03870967741935494
2023-11-09,80000,80900,78700,79600,74416,-0.011180124223602483
2023-11-10,78700,80600,78700,79600,66853,0.0
2023-11-13,80000,80300,78900,79200,40518,-0.005025125628140725
2023-11-14,79900,81000,79500,79500,48365,0.0037878787878788955
2023-11-15,80900,81300,78800,79700,113333,0.002515723270440251
2023-11-16,79700,80200,78700,79200,59650,-0.006273525721455453
2023-11-17,79900,89900,79800,87400,465532,0.10353535353535359
2023-11-20,87400,92900,86500,89900,309613,0.028604118993134975
2023-11-21,90400,92500,88800,91900,113742,0.022246941045606317
2023-11-22,91500,94900,90700,93500,152348,0.017410228509249226
2023-11-23,93000,97200,92400,96300,196841,0.0299465240641712
2023-11-24,96900,97200,95000,95800,84624,-0.005192107995846351
2023-11-27,95600,103800,95100,103500,219967,0.08037578288100211
2023-11-28,103500,104300,101300,103100,113375,-0.0038647342995169476
2023-11-29,103200,108000,101900,107200,230705,0.039767216294859464
2023-11-30,107200,114700,105500,113100,319834,0.05503731343283591
2023-12-01,114000,121000,112200,113800,406167,0.006189213085764811
2023-12-04,113100,115400,111000,112800,175801,-0.008787346221441172
2023-12-05,112700,119600,112100,113500,230581,0.00620567375886516
2023-12-06,114600,119500,113700,117500,192719,0.03524229074889873
2023-12-07,117600,119600,114700,115500,134962,-0.017021276595744705
2023-12-08,116600,121200,115800,118600,217167,0.026839826839826886
2023-12-11,117600,121400,116400,120800,94733,0.018549747048903775
2023-12-12,120800,125200,118700,119500,139623,-0.010761589403973537
2023-12-13,120000,123300,119300,119800,85786,0.002510460251045954
2023-12-14,122900,123000,118100,121800,173903,0.016694490818029983
2023-12-15,121100,121700,113700,118200,283258,-0.029556650246305383
2023-12-18,118200,118200,115500,116500,117367,-0.014382402707275754
2023-12-19,117000,122000,115400,117000,99972,0.0042918454935623185
2023-12-20,118100,126500,117000,125300,236364,0.07094017094017091
2023-12-21,124300,125300,121000,123800,166202,-0.011971268954509173
2023-12-22,124000,129600,122500,126300,106048,0.020193861066235774
2023-12-26,126700,128400,124300,125600,45760,-0.005542359461599422
2023-12-27,125600,129600,125300,129000,75777,0.027070063694267565
2023-12-28,128000,129500,126500,127200,79844,-0.013953488372092981
2024-01-02,127100,131400,126900,127900,111937,0.005503144654088077
2024-01-03,127900,130000,125100,125100,85241,-0.0218921032056294
2024-01-04,125000,128200,123500,126200,80355,0.008792965627498095
2024-01-05,126300,128000,124900,125100,51587,-0.008716323296354966
2024-01-08,125600,128900,124500,128000,90676,0.0231814548361311
2024-01-09,129300,129300,126300,128400,57047,0.0031250000000000444
2024-01-10,129300,134100,128800,133000,125306,0.03582554517133962
2024-01-11,134100,136500,131300,132500,118432,-0.003759398496240629
2024-01-12,132500,132800,129000,131500,65378,-0.007547169811320753
2024-01-15,131500,132000,125500,126000,131203,-0.041825095057034245
2024-01-16,124800,127800,120200,124100,101585,-0.015079365079365026
2024-01-17,123500,124400,120100,123000,89943,-0.008863819500402936
2024-01-18,122100,124400,122000,122400,34205,-0.004878048780487809
2024-01-19,123000,124800,119000,121900,93183,-0.004084967320261423
2024-01-22,123100,128900,122000,126000,88133,0.033634126333059955
2024-01-23,126000,127300,124000,124700,46147,-0.01031746031746028
2024-01-24,125500,125500,121200,122500,43983,-0.017642341619887758
2024-01-25,122500,131400,121500,129600,166402,0.05795918367346942
2024-01-26,130000,136600,129400,136000,154588,0.04938271604938271
2024-01-29,136100,138700,135300,136900,96053,0.006617647058823506
2024-01-30,137100,139100,133000,133600,82859,-0.024105186267348477
2024-01-31,133000,136600,132900,135800,85465,0.01646706586826352
2024-02-01,135700,138500,134500,137400,145952,0.01178203240058906
2024-02-02,136000,148600,134500,148500,236800,0.08078602620087327
2024-02-05,146000,146500,140000,143100,96853,-0.036363636363636376
2024-02-06,142900,146700,140000,142800,69554,-0.002096436058700246
2024-02-07,144900,147800,142800,145300,80158,0.017507002801120386
2024-02-08,147100,147500,135100,139100,146222,-0.042670337233310374
2024-02-13,141900,142600,131800,134900,124475,-0.030194104960460155
2024-02-14,133200,140400,131400,138600,102592,0.02742772424017792
2024-02-15,139900,140500,135500,135800,59891,-0.02020202020202022
2024-02-16,137800,139400,136400,139300,75064,0.025773195876288568
2024-02-19,139300,140000,131600,134000,153198,-0.03804737975592243
2024-02-20,134000,134000,128700,130500,122012,-0.026119402985074647
2024-02-21,131600,132900,129400,132700,77588,0.01685823754789273
2024-02-22,132700,132900,127700,129200,127334,-0.026375282592313476
2024-02-23,129000,132600,127200,128300,136717,-0.00696594427244579
2024-02-26,129300,129500,126900,128300,59908,0.0
2024-02-27,128300,129000,123600,125400,96726,-0.02260327357755265
2024-02-28,126000,126500,123400,124800,70894,-0.004784688995215336
2024-02-29,124100,125700,121900,124400,95419,-0.0032051282051281937
2024-03-04,125900,126500,123200,124000,105514,-0.003215434083601254
2024-03-05,125400,139300,124500,134100,274781,0.08145161290322589
2024-03-06,134200,134300,130400,132700,85715,-0.010439970171513768
2024-03-07,131700,133400,129400,130400,79988,-0.017332328560663135
2024-03-08,132300,135900,124300,127600,129731,-0.021472392638036797
2024-03-11,124300,126900,118800,123200,246086,-0.03448275862068961
2024-03-12,123700,125200,120100,121400,120575,-0.01461038961038963
2024-03-13,123000,123100,120400,120900,57733,-0.004118616144975329
2024-03-14,121600,127200,121500,126100,195471,0.043010752688172005
2024-03-15,122800,126200,120100,124600,100113,-0.011895321173671647
2024-03-18,125800,131900,125000,127900,90085,0.026484751203852408
2024-03-19,126400,134100,126400,129400,138879,0.011727912431587217
2024-03-20,130600,130700,127000,128700,46641,-0.005409582689335446
2024-03-21,122100,125000,115500,120000,740352,-0.06759906759906764
2024-03-22,121300,123100,118000,118200,152984,-0.015000000000000013
2024-03-25,117300,118200,113700,116700,149251,-0.012690355329949221
2024-03-26,116900,119100,116800,117100,88668,0.003427592116538092
2024-03-27,117800,123900,117800,123000,178069,0.05038428693424413
2024-03-28,123000,123400,119100,119700,88994,-0.02682926829268295
2024-03-29,119500,119900,114600,114900,109719,-0.040100250626566414
2024-04-01,115900,119600,115600,119100,85636,0.036553524804177506
2024-04-02,117700,118700,115700,118000,59430,-0.009235936188077276
2024-04-03,117000,119200,116600,119000,63056,0.008474576271186418
2024-04-04,119700,120000,116100,117400,41751,-0.013445378151260456
2024-04-05,116300,120000,116000,120000,62962,0.022146507666098714
2024-04-08,118900,119400,114000,117800,82746,-0.018333333333333313
2024-04-09,118700,120400,117000,117800,65587,0.0
2024-04-11,115500,125500,115400,123300,157033,0.04668930390492365
2024-04-12,123100,124500,117800,118200,71897,-0.041362530413625254
2024-04-15,118500,120300,116600,119400,62428,0.010152284263959421
2024-04-16,118300,119300,112600,113800,85509,-0.04690117252931325
2024-04-17,113900,116200,113600,116000,69842,0.019332161687170446
2024-04-18,116800,123200,116000,123000,172346,0.06034482758620685
2024-04-19,120700,121700,117600,118400,70141,-0.0373983739837398
2024-04-22,120800,124300,119200,123500,57537,0.04307432432432434
2024-04-23,123500,125100,120400,125100,51720,0.012955465587044523
2024-04-24,126200,126200,122900,125000,72162,-0.0007993605115906854
2024-04-25,123100,129500,123100,127200,69035,0.01760000000000006
2024-04-26,127200,128200,124800,125100,44598,-0.01650943396226412
2024-04-29,126300,127500,123800,124200,49167,-0.007194244604316502
2024-04-30,123100,124200,122000,122600,64460,-0.012882447665056307
2024-05-02,121900,124400,119600,120600,52564,-0.01631321370309946
2024-05-03,121900,122000,119600,121800,38494,0.00995024875621886
2024-05-07,122900,124000,119200,120800,50917,-0.008210180623973717
2024-05-08,121600,129900,120000,129900,139408,0.07533112582781465
2024-05-09,130000,131000,121700,122900,136675,-0.05388760585065433
2024-05-10,124200,126700,119000,119400,126970,-0.028478437754271724
2024-05-13,119400,121600,115500,117800,148956,-0.01340033500837523
2024-05-14,117700,118300,111400,114000,240499,-0.032258064516129004
2024-05-16,114600,115500,113300,114600,74760,0.0052631578947368585
2024-05-17,111700,114000,111700,113000,82545,-0.013961605584642212
2024-05-20,115000,117600,112600,112900,72180,-0.0008849557522123686
2024-05-21,112900,113200,110700,111400,98299,-0.013286093888396855
2024-05-22,111400,111800,109300,109900,90875,-0.013464991023339312
2024-05-23,109600,112200,109500,110500,49989,0.005459508644221955
2024-05-24,110500,110900,108900,109900,56348,-0.005429864253393646
2024-05-27,110100,111700,109600,109800,37122,-0.0009099181073702889
2024-05-28,109600,110000,104400,105200,201408,-0.041894353369763215
2024-05-29,104200,105700,101900,104600,124051,-0.005703422053231932
2024-05-30,103700,104600,101900,103200,72870,-0.013384321223709361
2024-05-31,104800,106200,103100,103700,96423,0.004844961240310086
2024-06-03,104900,105100,102000,103700,87465,0.0
2024-06-04,102700,103300,101800,101800,42592,-0.018322082931533257
2024-06-05,102800,103400,100400,101800,55357,0.0
2024-06-07,103200,104400,102000,103100,44026,0.012770137524557912
2024-06-10,102100,102200,99800,101100,39699,-0.019398642095053376
2024-06-11,101100,101500,99900,100700,46909,-0.003956478733926794
2024-06-12,100900,101100,96800,97400,132849,-0.03277060575968227
2024-06-13,98000,102700,98000,99500,160592,0.021560574948665368
2024-06-14,100400,103500,99300,99300,103769,-0.0020100502512563345
2024-06-17,100000,101300,98800,99400,63084,0.001007049345417954
2024-06-18,100100,100100,97700,98600,68141,-0.008048289738430636
2024-06-19,99000,99000,96700,98900,65710,0.0030425963488844854
2024-06-20,98700,99700,97500,98100,41041,-0.008088978766430777
2024-06-21,97900,98400,97000,97600,55514,-0.0050968399592252744
2024-06-24,97100,97600,94800,95200,86404,-0.024590163934426257
2024-06-25,95800,97300,95500,97200,65363,0.021008403361344463
2024-06-26,97200,97300,94900,96000,79214,-0.012345679012345734
2024-06-27,95100,96000,93600,94200,62754,-0.018750000000000044
2024-06-28,94300,96000,94300,95100,65917,0.009554140127388644
2024-07-01,94500,95900,94100,95300,39208,0.002103049421661396
2024-07-02,94800,94800,92200,92700,91403,-0.02728226652675758
2024-07-03,93200,95300,92100,94300,77262,0.01725997842502691
2024-07-04,95500,95600,93600,94700,43644,0.0042417815482502785
2024-07-05,95000,95600,92100,93400,57148,-0.01372756071805703
2024-07-08,92800,93300,91800,92600,31739,-0.008565310492505307
2024-07-09,93000,93800,92300,93200,46913,0.00647948164146861
2024-07-10,93700,93800,91800,91900,45050,-0.013948497854077258
2024-07-11,92200,94400,91800,91900,113223,0.0
2024-07-12,92300,92900,91600,92200,29244,0.0032644178454841466
2024-07-15,93000,93700,90300,90600,72220,-0.017353579175705014
2024-07-16,91100,93300,90700,91600,68660,0.011037527593819041
2024-07-17,91800,92500,89700,90300,104786,-0.014192139737991272
2024-07-18,90400,91200,89100,90700,63235,0.0044296788482836025
2024-07-19,91300,93500,89800,93200,94759,0.027563395810363822
2024-07-22,93200,93200,90900,91200,48072,-0.02145922746781115
2024-07-23,91200,95300,90900,93100,108741,0.02083333333333326
2024-07-24,92300,97000,91600,96000,138210,0.031149301825993625
2024-07-25,95900,97400,94100,94500,87113,-0.015625
2024-07-26,94600,95100,93300,94200,47625,-0.0031746031746031633
2024-07-29,94200,96900,94000,95500,44652,0.013800424628450214
2024-07-30,95200,99300,94700,97300,130288,0.018848167539267102
2024-07-31,97300,100500,96600,98500,133032,0.012332990750256956
2024-08-01,98500,100500,97600,98800,100389,0.003045685279187804
2024-08-02,97700,101800,96700,99700,156302,0.009109311740890691
2024-08-05,99700,100000,91000,93300,102931,-0.06419257773319964
2024-08-06,94200,99400,94200,96700,73926,0.03644158628081451
2024-08-07,96100,100300,95800,97900,73964,0.012409513960703222
2024-08-08,98000,101000,97400,99200,130553,0.013278855975485282
2024-08-09,100200,101600,98500,98600,78408,-0.006048387096774244
2024-08-12,100000,101500,99500,100300,81752,0.01724137931034475
2024-08-13,100300,101100,94000,94000,143072,-0.06281156530408771
2024-08-14,95000,96000,93200,96000,94050,0.02127659574468077
2024-08-16,96900,96900,93900,93900,97479,-0.021874999999999978
2024-08-19,94300,95100,92800,94600,65741,0.007454739084131967
2024-08-20,94700,95200,93400,93800,76247,-0.008456659619450302
2024-08-21,94200,96200,93500,93500,69450,-0.0031982942430703876
2024-08-22,93500,94200,91400,91800,77812,-0.018181818181818188
2024-08-23,92300,94100,92100,93800,55912,0.02178649237472774
2024-08-26,94000,97000,93500,96400,76500,0.02771855010660973
2024-08-27,96600,97800,93700,97400,100473,0.010373443983402453
2024-08-28,97400,97400,94200,95900,69260,-0.015400410677618104
2024-08-29,95000,95300,93300,93400,71651,-0.026068821689259614
2024-08-30,94300,96000,93600,94300,84169,0.009635974304068595
2024-09-02,95100,95700,93600,94100,48478,-0.0021208907741251393
2024-09-03,93800,96900,93800,96500,56391,0.025504782146652527
2024-09-04,95000,95000,91600,92100,90424,-0.0455958549222798
2024-09-05,93000,98300,92200,97400,122622,0.057546145494028256
2024-09-06,97400,102500,97100,100800,229007,0.03490759753593431
2024-09-09,99800,102000,97800,101500,101881,0.00694444444444442
2024-09-10,101100,103700,98400,98500,112656,-0.029556650246305383
2024-09-11,99900,105400,99700,104000,184153,0.055837563451776706
2024-09-12,104400,105100,99700,101700,158310,-0.022115384615384648
2024-09-13,102000,102000,100100,101400,41872,-0.002949852507374673
2024-09-19,102200,102300,98500,99700,59675,-0.0167652859960552
2024-09-20,100200,100600,96700,96700,113030,-0.030090270812437314
2024-09-23,97500,99300,96400,98400,71386,0.0175801447776629
2024-09-24,98900,99300,97700,98300,39208,-0.00101626016260159
2024-09-25,99100,100000,97100,97100,58256,-0.012207527975584997
2024-09-26,97900,97900,96100,97200,59291,0.001029866117404632
2024-09-27,97900,99000,96500,97600,54008,0.004115226337448652
2024-09-30,98500,98800,93100,93100,106076,-0.04610655737704916
2024-10-02,92000,93600,90600,92900,63640,-0.002148227712137518
2024-10-04,92300,93600,91300,92700,44562,-0.0021528525296017342
2024-10-07,93200,93200,91700,92000,40658,-0.007551240560949246
2024-10-08,92000,92200,89500,89800,102652,-0.023913043478260843
2024-10-10,90700,91000,89100,90500,107033,0.007795100222717233
2024-10-11,91000,91300,89200,89500,45708,-0.011049723756906049
2024-10-14,89500,90400,89100,90200,41381,0.007821229050279266
2024-10-15,90200,90400,87900,89000,86115,-0.013303769401330379
2024-10-16,88500,89100,86700,88800,96762,-0.0022471910112359383
2024-10-17,89100,89300,87600,88100,59951,-0.007882882882882858
2024-10-18,88300,89300,87900,89300,53969,0.013620885357548351
2024-10-21,89500,89500,87700,88300,64787,-0.011198208286674172
2024-10-22,88300,88300,84200,87100,127463,-0.013590033975084959
2024-10-23,86400,90300,86400,89200,102370,0.024110218140068973
2024-10-24,89600,90500,87700,90500,59926,0.014573991031390232
2024-10-25,90600,90600,88300,88700,82686,-0.019889502762430955
2024-10-28,88700,89900,88300,89200,29943,0.005636978579481422
2024-10-29,89200,90500,87800,90500,39903,0.014573991031390232
2024-10-30,89900,90000,86400,87300,93158,-0.0353591160220994
2024-10-31,87200,88200,85400,87800,71793,0.00572737686139746
2024-11-01,87100,90000,86200,88400,61976,0.006833712984054774
2024-11-04,88100,89400,87800,89000,39487,0.006787330316742057
2024-11-05,88200,90600,88200,88600,51628,-0.004494382022471877
2024-11-06,88700,89400,87700,88900,51365,0.003386004514672747
2024-11-07,88100,88500,86100,86200,69878,-0.030371203599550034
2024-11-08,87000,90600,86400,88300,83856,0.024361948955916368
2024-11-11,86800,87400,82700,83100,122353,-0.05889014722536812
2024-11-12,82500,83100,80200,80200,83160,-0.03489771359807459
2024-11-13,78300,80600,78300,79600,47375,-0.007481296758104716
2024-11-14,79600,80500,78300,78900,55067,-0.008793969849246186
2024-11-15,78900,79300,76800,77900,310316,-0.012674271229404344
2024-11-18,77300,79700,77300,78900,48141,0.012836970474968012
2024-11-19,79000,79800,78000,79600,31015,0.008871989860582907
2024-11-20,79700,81800,79100,81300,48211,0.021356783919598055
2024-11-21,81600,81600,79200,79200,44463,-0.02583025830258301
2024-11-22,79300,80300,78900,79400,34189,0.002525252525252597
2024-11-25,80200,80800,79400,80000,44999,0.007556675062972307
2024-11-26,79500,81500,78800,81400,54833,0.01750000000000007
2024-11-27,81500,82400,80400,80800,47011,-0.0073710073710073765
2024-11-28,81400,84400,80400,82900,71800,0.025990099009900902
2024-11-29,83000,83200,81600,81900,34329,-0.012062726176115812
2024-12-02,82700,83500,81800,82000,41669,0.0012210012210012167
2024-12-03,83000,85100,82100,84400,55276,0.029268292682926855
2024-12-04,83800,84400,82200,83000,36911,-0.016587677725118488
2024-12-05,82400,82600,80700,81500,30893,-0.01807228915662651
2024-12-06,80700,82100,79600,81100,38827,-0.004907975460122671
2024-12-09,80500,80600,78100,79200,44266,-0.023427866831072786
2024-12-10,79500,82600,79500,82100,50514,0.03661616161616155
2024-12-11,81500,83700,81100,83000,41849,0.010962241169305775
2024-12-12,83200,85700,82800,83700,81364,0.008433734939758963
2024-12-13,83700,86300,83400,85700,65244,0.0238948626045401
2024-12-16,85700,86200,83500,84000,38349,-0.019836639439906656
2024-12-17,84000,84300,82600,82600,43784,-0.01666666666666672
2024-12-18,83300,84600,82700,84200,35583,0.01937046004842613
2024-12-19,83200,83400,81500,81600,49319,-0.030878859857482177
2024-12-20,81600,82200,80200,80900,48838,-0.008578431372548989
2024-12-23,81600,82800,80400,82500,38073,0.01977750309023496
2024-12-24,82700,83400,81800,82200,30324,-0.0036363636363636598
2024-12-26,83000,83200,81000,81200,34883,-0.012165450121654486
2024-12-27,86500,91000,85200,85700,435740,0.05541871921182273
2024-12-30,84900,85600,82800,84400,93648,-0.01516919486581092
2025-01-02,84600,85900,81300,84100,77119,-0.0035545023696682554
2025-01-03,83700,87400,83500,85100,52667,0.01189060642092743
2025-01-06,86300,88300,84800,87000,76586,0.02232667450058745
2025-01-07,89000,89000,85600,85700,79305,-0.014942528735632177
2025-01-08,85200,87000,84700,86100,59463,0.004667444574095736
2025-01-09,85800,87300,85500,85500,73607,-0.006968641114982632
2025-01-10,85500,86900,84800,84800,49717,-0.008187134502923965
2025-01-13,84700,85200,83200,84300,42444,-0.005896226415094352
2025-01-14,84700,84700,81500,81800,80181,-0.029655990510083052
2025-01-15,82000,83300,81200,81600,54682,-0.0024449877750610804
2025-01-16,82300,82300,80200,80900,125545,-0.008578431372548989
2025-01-17,80600,81700,80300,80600,60543,-0.003708281829419069
2025-01-20,81100,81100,79400,80200,62941,-0.00496277915632759
2025-01-21,80700,80800,79500,80400,60702,0.0024937655860348684
2025-01-22,80700,81400,80200,81200,40206,0.00995024875621886
2025-01-23,81500,81500,80300,80300,55999,-0.011083743842364546
2025-01-24,81000,81000,79500,79500,54721,-0.00996264009962644
2025-01-31,80200,81600,79300,79800,72513,0.0037735849056603765
2025-02-03,79300,79600,77500,78500,80213,-0.016290726817042578
2025-02-04,79000,81500,78800,79800,75040,0.016560509554140124
2025-02-05,80600,81400,80100,80300,32525,0.006265664160401085
2025-02-06,81200,81800,80500,81200,48371,0.011207970112079746
2025-02-07,81200,82300,80000,81800,54057,0.00738916256157629
2025-02-10,81900,86000,81900,84100,117158,0.028117359413202925
2025-02-11,84100,89300,83400,88900,203915,0.057074910820451796
2025-02-12,90400,94800,88800,94300,286213,0.06074240719910007
2025-02-13,93700,96400,92700,95200,138884,0.009544008483563182
2025-02-14,94500,95900,93800,95300,105149,0.0010504201680672232
2025-02-17,96100,97000,94400,96200,73116,0.009443861490031402
2025-02-18,95600,96700,94700,96100,62685,-0.0010395010395010118
2025-02-19,94700,98500,94700,95400,84446,-0.007284079084287187
2025-02-20,94200,97500,93800,97500,92617,0.022012578616352307
2025-02-21,97500,97700,95000,97100,58345,-0.004102564102564155
2025-02-24,95600,97700,95400,96200,53956,-0.009268795056642687
2025-02-25,95500,97500,94200,96600,79827,0.004158004158004047
2025-02-26,98200,98200,95400,96500,59701,-0.0010351966873706209
2025-02-27,95600,97100,94800,95700,62978,-0.00829015544041456
2025-02-28,95600,95600,92300,93600,75436,-0.021943573667711602
2025-03-04,93600,93600,89500,89700,68318,-0.04166666666666663
2025-03-05,91100,94000,89400,93200,103675,0.03901895206243022
2025-03-06,94800,96400,92700,96200,81628,0.032188841201716833
2025-03-07,96200,96500,94800,94900,40792,-0.013513513513513487
2025-03-10,94400,98200,94400,96800,69807,0.02002107481559534
2025-03-11,94800,94800,93300,94100,84575,-0.02789256198347112
2025-03-12,93600,94500,92600,92800,35929,-0.01381509032943673
2025-03-13,92800,93500,90300,90300,81010,-0.026939655172413812
2025-03-14,89900,92300,89900,90400,41134,0.001107419712070845
2025-03-17,90700,91500,88800,89500,54341,-0.009955752212389424
2025-03-18,90400,91300,88200,88600,57112,-0.010055865921787754
2025-03-19,87900,90300,87600,88900,42373,0.003386004514672747
2025-03-20,89200,89900,87550,87800,57359,-0.01237345331833517
2025-03-21,87800,89400,85800,87400,113193,-0.004555808656036442
2025-03-24,87400,89000,87100,87700,38986,0.003432494279176135
2025-03-25,87100,87700,85200,86500,69957,-0.013683010262257711
2025-03-26,86700,87300,85500,86300,30449,-0.0023121387283236983
2025-03-27,85700,86300,85100,85300,40332,-0.011587485515643148
2025-03-28,85300,85600,83700,85600,41332,0.003516998827667095
2025-03-31,84900,86300,83700,86300,56072,0.008177570093457875
2025-04-01,86300,86600,85000,85800,32716,-0.005793742757821518
2025-04-02,85900,86200,84600,84900,31267,-0.010489510489510523
2025-04-03,84200,84200,81800,82900,45291,-0.02355712603062421
2025-04-04,83400,89700,82600,89400,98545,0.07840772014475261
2025-04-07,86600,87200,84600,85700,52379,-0.04138702460850108
2025-04-08,85900,86500,79800,80000,102484,-0.06651108518086346
2025-04-09,79800,81800,79600,81300,45268,0.016250000000000098
2025-04-10,82300,83600,81400,82200,80871,0.011070110701107083
2025-04-11,81400,84000,81400,82700,73356,0.006082725060827299
2025-04-14,82700,83000,81600,82100,65190,-0.00725513905683195
2025-04-15,82200,83300,81700,82600,43652,0.006090133982947554
2025-04-16,83400,83500,81600,81800,39146,-0.009685230024213065
2025-04-17,82400,82500,81200,81900,42019,0.0012224938875304847
2025-04-18,82100,84100,81300,83500,45415,0.019536019536019467
2025-04-21,83900,85700,83000,85000,44815,0.017964071856287456
2025-04-22,84900,85400,82700,83400,69178,-0.018823529411764683
2025-04-23,84300,85500,84100,84500,61834,0.01318944844124692
2025-04-24,84800,84900,82900,83200,46814,-0.01538461538461533
2025-04-25,83700,83800,82500,82500,55975,-0.008413461538461564
2025-04-28,82900,83100,82500,82900,40107,0.00484848484848488
2025-04-29,83000,83000,82200,82400,44499,-0.006031363088057851
2025-04-30,82500,83300,82400,83200,46289,0.009708737864077666
2025-05-02,83200,83300,81900,81900,49850,-0.015625
2025-05-07,82700,84800,82500,84100,81638,0.026862026862026767
2025-05-08,83500,86100,83000,83000,81614,-0.013079667063020217
2025-05-09,83200,85000,83000,84200,37769,0.014457831325301207
2025-05-12,85000,85800,84600,85500,34014,0.015439429928741033
2025-05-13,84700,85600,82600,82900,92836,-0.03040935672514622
2025-05-14,83200,83600,80900,81000,168141,-0.022919179734619988
2025-05-15,81100,81100,79200,79200,130764,-0.022222222222222254
2025-05-16,79700,79800,78700,79500,68841,0.0037878787878788955
2025-05-19,79500,80900,79000,79200,60700,-0.0037735849056603765
2025-05-20,79500,79500,77700,77900,89912,-0.016414141414141437
2025-05-21,78100,78500,77500,77600,58144,-0.0038510911424903815
2025-05-22,77600,80400,77400,79100,108270,0.019329896907216426
2025-05-23,79200,80500,78900,80100,57906,0.012642225031605614
2025-05-26,80100,80400,79300,80100,52510,0.0
2025-05-27,79600,80300,79300,79800,36609,-0.0037453183520599342
2025-05-28,79800,80900,79800,80500,55246,0.00877192982456143
2025-05-29,80900,81500,80200,81200,62629,0.008695652173912993
2025-05-30,80700,81800,80400,80400,55967,-0.009852216748768461
2025-06-02,80100,80800,79500,79900,47431,-0.006218905472636815
2025-06-04,80700,84100,80500,83500,147399,0.04505632040050056
2025-06-05,82900,85000,82800,84500,102961,0.011976047904191711
2025-06-09,85000,88200,84800,87400,117615,0.03431952662721893
2025-06-10,88700,88900,86100,87300,112937,-0.0011441647597254523
2025-06-11,87200,88400,86600,87500,51859,0.002290950744558984
2025-06-12,87000,88300,85900,85900,101235,-0.01828571428571424
2025-06-13,86300,87800,84800,85100,90796,-0.0093131548311991
2025-06-16,84500,85800,83500,84300,60652,-0.009400705052878933
2025-06-17,84800,85000,82900,83500,62615,-0.009489916963226541
2025-06-18,82800,85100,82800,84900,52308,0.016766467065868262
2025-06-19,85100,86050,84700,85500,58706,0.007067137809187329
2025-06-20,85900,92300,85300,90700,221613,0.06081871345029244
2025-06-23,89800,89900,86900,87900,73989,-0.030871003307607503
2025-06-24,91200,91200,88300,88900,97012,0.011376564277588264
2025-06-25,89800,90000,88500,89200,49547,0.003374578177727683
2025-06-26,89200,89200,86300,87300,69915,-0.02130044843049328
2025-06-27,87400,88400,86300,87500,54219,0.002290950744558984
2025-06-30,88400,88700,87200,87400,40476,-0.0011428571428571122
2025-07-01,87400,90100,87400,88600,86275,0.013729977116704761
2025-07-02,89100,90700,88100,90400,55210,0.020316027088036037
2025-07-03,91200,91800,89700,91400,88099,0.01106194690265494
2025-07-04,91900,91900,89800,90700,56909,-0.007658643326039383
2025-07-07,90800,92500,90000,90900,45536,0.0022050716648291946
2025-07-08,91500,91500,88800,89700,86978,-0.01320132013201325
2025-07-09,89900,93700,89500,93600,117478,0.04347826086956519
2025-07-10,92900,93700,92400,92800,85246,-0.008547008547008517
2025-07-11,92900,95300,92600,94000,101464,0.012931034482758674
2025-07-14,94000,95000,92300,94800,49181,0.008510638297872353
2025-07-15,94600,95500,93200,94100,56707,-0.007383966244725704
2025-07-16,94100,94100,92500,92600,50209,-0.015940488841657774
2025-07-17,93200,94400,92100,94400,55692,0.01943844492440605
2025-07-18,94300,94800,91800,92300,56103,-0.022245762711864403
2025-07-21,91400,93000,91100,92200,42828,-0.0010834236186348933
2025-07-22,92200,93200,91600,92500,53301,0.0032537960954446277
2025-07-23,93100,93100,90800,91500,59784,-0.010810810810810811
2025-07-24,91100,92200,88900,89800,67631,-0.01857923497267755
2025-07-25,89000,90500,88900,90000,48693,0.00222717149220486
2025-07-28,89700,90900,87700,88700,54068,-0.014444444444444482
2025-07-29,88200,89600,87400,89200,48866,0.005636978579481422
2025-07-30,88600,90400,88600,89600,38067,0.004484304932735439
2025-07-31,89900,90300,88500,89000,50538,-0.006696428571428603
2025-08-01,88200,88800,86100,86100,78318,-0.032584269662921383
2025-08-04,85700,88100,85400,87600,55865,0.017421602787456525
2025-08-05,88300,89000,85500,86300,64038,-0.014840182648401812
2025-08-06,86000,88400,85900,88200,51142,0.022016222479721792
2025-08-07,88600,88600,87100,88000,62564,-0.0022675736961451642
2025-08-08,88300,90800,86100,87200,104057,-0.009090909090909038
2025-08-11,87300,87300,84000,84600,106316,-0.029816513761467878
2025-08-12,84500,85100,83400,83600,77246,-0.011820330969267157
2025-08-13,84300,84400,82300,83400,53489,-0.0023923444976076125
