Date,Open,High,Low,Close,Volume,Change
2022-01-03,3760,3780,3720,3765,130846,0.0013297872340425343
2022-01-04,3770,3780,3735,3780,67167,0.003984063745019917
2022-01-05,3780,3810,3740,3740,174526,-0.010582010582010581
2022-01-06,3700,4275,3680,3800,5831761,0.016042780748663166
2022-01-07,3865,3870,3795,3815,403477,0.003947368421052699
2022-01-10,3840,3910,3780,3780,374023,-0.00917431192660545
2022-01-11,4050,4340,3745,3940,14176987,0.042328042328042326
2022-01-12,3880,4190,3870,3940,3174948,0.0
2022-01-13,3940,3955,3810,3865,784250,-0.019035532994923887
2022-01-14,3865,3880,3750,3765,496066,-0.02587322121604141
2022-01-17,3765,3795,3670,3670,284566,-0.025232403718459473
2022-01-18,3660,3695,3560,3560,228089,-0.02997275204359673
2022-01-19,3500,3580,3455,3500,273022,-0.016853932584269704
2022-01-20,3470,3815,3470,3610,642973,0.03142857142857136
2022-01-21,3710,3775,3520,3555,392384,-0.015235457063711877
2022-01-24,3520,3555,3455,3455,213496,-0.02812939521800284
2022-01-25,3455,3510,3330,3360,219433,-0.02749638205499272
2022-01-26,3315,3410,3305,3345,158231,-0.004464285714285698
2022-01-27,3345,3400,3270,3280,162382,-0.019431988041853532
2022-01-28,3280,3480,3265,3375,321077,0.028963414634146423
2022-02-03,3405,3510,3405,3485,201150,0.032592592592592506
2022-02-04,3450,3545,3450,3520,183874,0.010043041606886627
2022-02-07,3550,3610,3450,3530,135461,0.0028409090909091717
2022-02-08,3530,3575,3480,3500,101706,-0.008498583569405138
2022-02-09,3520,3735,3510,3605,432449,0.030000000000000027
2022-02-10,3605,3640,3580,3615,125537,0.00277392510402219
2022-02-11,3610,3610,3475,3480,177506,-0.03734439834024894
2022-02-14,3415,3455,3365,3370,131959,-0.031609195402298895
2022-02-15,3330,3435,3280,3300,117640,-0.020771513353115778
2022-02-16,3325,3645,3325,3470,727266,0.051515151515151514
2022-02-17,3495,3820,3445,3510,4417745,0.011527377521613813
2022-02-18,3460,3555,3445,3515,285636,0.0014245014245013454
2022-02-21,3520,3665,3460,3590,689113,0.021337126600284417
2022-02-22,3505,3605,3505,3555,262828,-0.00974930362116988
2022-02-23,3565,3605,3550,3570,129090,0.00421940928270037
2022-02-24,3545,3570,3430,3450,189612,-0.03361344537815125
2022-02-25,3500,3560,3455,3540,143150,0.026086956521739202
2022-02-28,3510,3575,3475,3545,106452,0.0014124293785311437
2022-03-02,3540,3620,3535,3600,142971,0.015514809590973178
2022-03-03,3610,3645,3600,3625,128668,0.00694444444444442
2022-03-04,3605,3640,3590,3605,122869,-0.0055172413793103114
2022-03-07,3555,3770,3485,3490,417220,-0.03190013869625519
2022-03-08,3450,3510,3420,3455,72083,-0.01002865329512892
2022-03-10,3505,3515,3465,3470,70353,0.004341534008682979
2022-03-11,3470,3560,3465,3525,67109,0.015850144092218965
2022-03-14,3540,3540,3435,3440,132490,-0.024113475177305
2022-03-15,3440,3470,3390,3455,83945,0.0043604651162789665
2022-03-16,3495,3510,3470,3495,94598,0.011577424023154759
2022-03-17,3515,3555,3500,3535,76601,0.011444921316166035
2022-03-18,3575,3575,3520,3545,81035,0.0028288543140029265
2022-03-21,3575,3575,3540,3560,80910,0.004231311706629048
2022-03-22,3560,3580,3515,3565,75239,0.001404494382022392
2022-03-23,3570,3605,3565,3575,118225,0.0028050490883591017
2022-03-24,3540,3580,3540,3550,62993,-0.006993006993006978
2022-03-25,3585,3720,3550,3595,911983,0.012676056338028152
2022-03-28,3595,3620,3550,3560,134378,-0.009735744089012566
2022-03-29,3545,3685,3545,3595,308547,0.00983146067415741
2022-03-30,3605,3660,3590,3660,163927,0.018080667593880495
2022-03-31,3665,3690,3640,3645,132648,-0.004098360655737654
2022-04-01,3630,3695,3615,3650,98455,0.00137174211248281
2022-04-04,3650,3685,3630,3670,113744,0.005479452054794498
2022-04-05,3675,3700,3630,3695,150890,0.006811989100817373
2022-04-06,3675,3680,3630,3650,102939,-0.012178619756427644
2022-04-07,3645,3645,3515,3540,170618,-0.03013698630136985
2022-04-08,3540,3570,3495,3515,83359,-0.007062146892655385
2022-04-11,3555,3555,3480,3490,61597,-0.007112375533428139
2022-04-12,3500,3505,3410,3425,99529,-0.01862464183381085
2022-04-13,3420,3495,3420,3465,92332,0.011678832116788218
2022-04-14,3465,3500,3450,3470,68954,0.0014430014430013571
2022-04-15,3435,3470,3430,3460,43156,-0.0028818443804035088
2022-04-18,3480,3545,3445,3445,98104,-0.00433526011560692
2022-04-19,3445,3485,3425,3460,43841,0.004354136429608024
2022-04-20,3460,3485,3460,3480,48159,0.005780346820809301
2022-04-21,3490,3585,3460,3480,132829,0.0
2022-04-22,3460,3480,3425,3440,72557,-0.011494252873563204
2022-04-25,3410,3415,3350,3365,108959,-0.021802325581395388
2022-04-26,3380,3400,3365,3385,55407,0.005943536404160454
2022-04-27,3325,3335,3275,3320,121836,-0.019202363367799125
2022-04-28,3320,3335,3270,3285,110128,-0.010542168674698815
2022-04-29,3300,3325,3280,3300,77683,0.004566210045662045
2022-05-02,3265,3325,3255,3325,52750,0.007575757575757569
2022-05-03,3315,3375,3315,3350,49912,0.007518796992481258
2022-05-04,3365,3365,3305,3305,70099,-0.013432835820895495
2022-05-06,3275,3300,3190,3200,217053,-0.0317700453857791
2022-05-09,3160,3205,3085,3095,168122,-0.03281250000000002
2022-05-10,3040,3090,2950,3050,166089,-0.014539579967689842
2022-05-11,3030,3075,3020,3035,50818,-0.004918032786885296
2022-05-12,3020,3530,2945,3015,3088198,-0.00658978583196046
2022-05-13,3130,3780,3060,3550,11588964,0.17744610281923712
2022-05-16,3640,4105,3610,3825,13173183,0.07746478873239426
2022-05-17,3750,4035,3625,3770,5066659,-0.01437908496732021
2022-05-18,3665,3715,3600,3620,1364224,-0.03978779840848812
2022-05-19,3400,3735,3385,3420,2587886,-0.05524861878453036
2022-05-20,3420,3555,3345,3385,1380555,-0.010233918128654929
2022-05-23,3385,3560,3290,3335,1666630,-0.01477104874446089
2022-05-24,3360,3370,3230,3235,484499,-0.02998500749625188
2022-05-25,3235,3555,3190,3255,3337214,0.0061823802163833985
2022-05-26,3270,3320,3255,3270,327011,0.004608294930875667
2022-05-27,3295,3350,3255,3265,246211,-0.001529051987767538
2022-05-30,3270,3320,3270,3300,203486,0.010719754977029039
2022-05-31,3330,3330,3285,3300,172847,0.0
2022-06-02,3300,3375,3290,3315,267828,0.00454545454545463
2022-06-03,3320,3360,3285,3305,161513,-0.003016591251885359
2022-06-07,3330,3330,3210,3215,217899,-0.027231467473525006
2022-06-08,3250,3250,3200,3200,99614,-0.004665629860031051
2022-06-09,3230,3250,3110,3145,179061,-0.017187500000000022
2022-06-10,3140,3180,3095,3130,93923,-0.004769475357710662
2022-06-13,3100,3110,2995,2995,250230,-0.04313099041533541
2022-06-14,2960,3025,2910,2990,160677,-0.0016694490818029983
2022-06-15,2950,3035,2880,2890,208695,-0.03344481605351168
2022-06-16,2940,3000,2890,2905,137673,0.00519031141868509
2022-06-17,2820,2965,2805,2960,153269,0.018932874354561147
2022-06-20,2935,2960,2655,2655,278785,-0.10304054054054057
2022-06-21,2680,2900,2680,2830,206385,0.06591337099811678
2022-06-22,2830,2905,2755,2775,123543,-0.019434628975265045
2022-06-23,2790,2870,2540,2540,191848,-0.08468468468468471
2022-06-24,2480,2655,2480,2650,112587,0.04330708661417315
2022-06-27,2695,2815,2660,2790,75734,0.05283018867924527
2022-06-28,2760,2820,2760,2805,64511,0.005376344086021501
2022-06-29,2765,2870,2765,2820,68265,0.005347593582887722
2022-06-30,2790,2835,2705,2730,81631,-0.03191489361702127
2022-07-01,2760,2935,2685,2715,415307,-0.005494505494505475
2022-07-04,2715,2760,2660,2715,62173,0.0
2022-07-05,2715,2795,2650,2750,95461,0.012891344383057168
2022-07-06,2765,2920,2740,2755,335860,0.0018181818181817189
2022-07-07,2780,2830,2755,2800,96404,0.016333938294010864
2022-07-08,2845,2925,2805,2875,176930,0.02678571428571419
2022-07-11,2865,2950,2850,2930,137330,0.019130434782608674
2022-07-12,2915,2970,2855,2940,161962,0.0034129692832765013
2022-07-13,2950,3085,2910,2925,362257,-0.005102040816326481
2022-07-14,2975,2975,2855,2905,85673,-0.006837606837606813
2022-07-15,2910,2945,2870,2940,65532,0.012048192771084265
2022-07-18,2980,3040,2925,2980,142981,0.013605442176870763
2022-07-19,2980,3090,2935,2980,340014,0.0
2022-07-20,3020,3040,2965,2990,131091,0.003355704697986628
2022-07-21,2980,3035,2965,2985,120043,-0.0016722408026755842
2022-07-22,2985,2995,2965,2965,60785,-0.00670016750418756
2022-07-25,2970,3075,2950,2985,231274,0.006745362563237878
2022-07-26,2990,3010,2960,2975,64767,-0.00335008375209378
2022-07-27,2990,3035,2975,3025,108430,0.01680672268907557
2022-07-28,3025,3065,2995,3015,99443,-0.0033057851239669533
2022-07-29,3020,3035,2995,3015,54791,0.0
2022-08-01,3025,3025,2980,3010,38950,-0.0016583747927031434
2022-08-02,3020,3020,2945,2965,78727,-0.014950166112956853
2022-08-03,2940,2970,2940,2965,38137,0.0
2022-08-04,2965,3005,2965,3000,100375,0.01180438448566612
2022-08-05,3050,3170,3000,3040,460290,0.01333333333333342
2022-08-08,3040,3060,3005,3030,74744,-0.003289473684210509
2022-08-09,3015,3030,2985,2985,84259,-0.014851485148514865
2022-08-10,2980,2995,2915,2915,156068,-0.02345058626465657
2022-08-11,2950,2955,2935,2935,52466,0.006861063464836947
2022-08-12,2940,3175,2925,2990,795043,0.01873935264054505
2022-08-16,3005,3020,2985,3000,123566,0.0033444816053511683
2022-08-17,3000,3140,2960,2970,866533,-0.010000000000000009
2022-08-18,2970,2970,2925,2930,98418,-0.013468013468013518
2022-08-19,2950,2975,2920,2940,91852,0.0034129692832765013
2022-08-22,2895,2915,2850,2850,98387,-0.030612244897959218
2022-08-23,2775,2865,2770,2805,111666,-0.015789473684210575
2022-08-24,2800,2830,2765,2790,88824,-0.005347593582887722
2022-08-25,2805,2870,2800,2850,34712,0.021505376344086002
2022-08-26,2865,2895,2840,2855,41970,0.0017543859649122862
2022-08-29,2755,2820,2755,2790,46176,-0.02276707530647981
2022-08-30,2790,2815,2760,2800,28776,0.0035842293906809264
2022-08-31,2810,2835,2770,2835,37101,0.012499999999999956
2022-09-01,2805,2850,2770,2770,31965,-0.022927689594356315
2022-09-02,2785,2795,2700,2710,51317,-0.02166064981949456
2022-09-05,2735,2750,2655,2655,73694,-0.020295202952029467
2022-09-06,2650,2705,2650,2700,41021,0.016949152542372836
2022-09-07,2695,2700,2600,2635,84475,-0.024074074074074026
2022-09-08,2645,2670,2640,2670,41819,0.013282732447817747
2022-09-13,2740,2740,2690,2730,33249,0.022471910112359605
2022-09-14,2645,2700,2630,2665,32596,-0.023809523809523836
2022-09-15,2675,2740,2675,2695,37949,0.011257035647279645
2022-09-16,2690,2695,2640,2655,28052,-0.014842300556586308
2022-09-19,2690,2690,2560,2590,36529,-0.024482109227871973
2022-09-20,2600,2620,2565,2595,37268,0.0019305019305020377
2022-09-21,2590,2620,2545,2565,45156,-0.011560693641618491
2022-09-22,2540,2545,2460,2480,103336,-0.033138401559454245
2022-09-23,2480,2480,2365,2370,114660,-0.04435483870967738
2022-09-26,2350,2380,2150,2210,196200,-0.0675105485232067
2022-09-27,2160,2225,2110,2160,76010,-0.022624434389140302
2022-09-28,2050,2250,2050,2150,249004,-0.00462962962962965
2022-09-29,2155,2330,2155,2220,168922,0.032558139534883734
2022-09-30,2150,2325,2105,2280,114154,0.027027027027026973
2022-10-04,2280,2340,2280,2330,45920,0.021929824561403466
2022-10-05,2330,2355,2240,2280,46320,-0.02145922746781115
2022-10-06,2265,2350,2265,2350,19006,0.030701754385964897
2022-10-07,2360,2375,2300,2345,20857,-0.0021276595744680327
2022-10-11,2275,2305,2230,2230,40259,-0.049040511727078906
2022-10-12,2240,2245,2190,2235,31185,0.0022421524663676085
2022-10-13,2225,2225,2050,2050,54264,-0.08277404921700227
2022-10-14,2065,2175,2065,2160,42987,0.0536585365853659
2022-10-17,2085,2170,2005,2160,40733,0.0
2022-10-18,2180,2235,2175,2215,48475,0.02546296296296302
2022-10-19,2225,2255,2225,2240,31988,0.011286681715575675
2022-10-20,2210,2240,2180,2235,25641,-0.0022321428571429047
2022-10-21,2235,2235,2185,2190,24107,-0.020134228187919434
2022-10-24,2220,2245,2200,2210,36477,0.009132420091324311
2022-10-25,2210,2260,2190,2215,58227,0.002262443438914019
2022-10-26,2230,2230,2170,2210,50437,-0.0022573363431150906
2022-10-27,2185,2250,2185,2235,46412,0.011312217194570096
2022-10-28,2235,2235,2180,2200,22240,-0.015659955257270708
2022-10-31,2205,2230,2175,2215,25493,0.006818181818181834
2022-11-01,2210,2240,2190,2225,53446,0.004514672686230181
2022-11-02,2225,2225,2195,2220,23614,-0.0022471910112359383
2022-11-03,2190,2220,2165,2200,23896,-0.009009009009009028
2022-11-04,2215,2215,2170,2195,34749,-0.002272727272727315
2022-11-07,2195,2200,2160,2170,43373,-0.011389521640091105
2022-11-08,2175,2215,2175,2180,65165,0.004608294930875667
2022-11-09,2205,2270,2175,2240,257582,0.02752293577981657
2022-11-10,2230,2255,2215,2240,40507,0.0
2022-11-11,2280,2300,2250,2265,65684,0.01116071428571419
2022-11-14,2265,2320,2265,2280,82744,0.0066225165562914245
2022-11-15,2300,2350,2280,2330,100936,0.021929824561403466
2022-11-16,2340,2355,2255,2315,82698,-0.006437768240343367
2022-11-17,2305,2310,2280,2310,33613,-0.002159827213822907
2022-11-18,2310,2350,2290,2290,53380,-0.008658008658008698
2022-11-21,2290,2290,2235,2265,43826,-0.01091703056768556
2022-11-22,2240,2265,2215,2235,32142,-0.013245033112582738
2022-11-23,2235,2280,2230,2265,53697,0.01342281879194629
2022-11-24,2265,2335,2260,2295,68539,0.013245033112582849
2022-11-25,2320,2540,2315,2340,621982,0.019607843137254832
2022-11-28,2340,2355,2250,2255,116084,-0.03632478632478631
2022-11-29,2245,2300,2215,2260,41929,0.0022172949002217113
2022-11-30,2270,2375,2270,2345,108653,0.03761061946902644
2022-12-01,2360,2425,2340,2400,182448,0.023454157782516027
2022-12-02,2400,2420,2310,2335,209110,-0.027083333333333348
2022-12-05,2350,2430,2325,2395,170760,0.025695931477516032
2022-12-06,2390,2400,2330,2335,75667,-0.025052192066805867
2022-12-07,2325,2400,2300,2390,85475,0.023554603854389677
2022-12-08,2390,2390,2330,2370,37350,-0.008368200836820106
2022-12-09,2385,2385,2305,2350,52296,-0.008438818565400852
2022-12-12,2370,2500,2360,2455,321828,0.044680851063829685
2022-12-13,2495,2920,2440,2580,4138067,0.050916496945010215
2022-12-14,2580,2670,2535,2630,572595,0.019379844961240345
2022-12-15,2630,2690,2605,2650,278717,0.0076045627376426506
2022-12-16,2540,2630,2530,2600,231441,-0.018867924528301883
2022-12-19,2570,2600,2455,2455,178108,-0.05576923076923079
2022-12-20,2440,2500,2345,2355,168089,-0.04073319755600813
2022-12-21,2355,2435,2355,2410,77764,0.023354564755838636
2022-12-22,2485,2490,2435,2460,66937,0.020746887966804906
2022-12-23,2440,2440,2345,2345,102088,-0.0467479674796748
2022-12-26,2360,2415,2355,2380,117036,0.014925373134328401
2022-12-27,2345,2405,2345,2385,56133,0.0021008403361344463
2022-12-28,2380,2440,2380,2420,55184,0.01467505241090139
2022-12-29,2425,2430,2310,2355,104134,-0.02685950413223137
2023-01-02,2355,2590,2355,2500,530736,0.06157112526539277
2023-01-03,2785,2885,2445,2445,2849344,-0.02200000000000002
2023-01-04,2440,2610,2430,2550,487922,0.042944785276073594
2023-01-05,2510,2530,2475,2480,300732,-0.027450980392156876
2023-01-06,2485,2495,2440,2495,166698,0.006048387096774244
2023-01-09,2510,2530,2490,2525,134430,0.012024048096192397
2023-01-10,2510,2525,2500,2515,77602,-0.003960396039603964
2023-01-11,2515,2585,2515,2565,114888,0.01988071570576544
2023-01-12,2565,2565,2515,2530,84038,-0.013645224171540016
2023-01-13,2530,2545,2480,2490,102760,-0.015810276679841917
2023-01-16,2495,2560,2485,2485,50440,-0.002008032128514081
2023-01-17,2490,2495,2420,2420,96075,-0.026156941649899346
2023-01-18,2425,2480,2405,2410,62779,-0.004132231404958664
2023-01-19,2420,2430,2380,2420,46846,0.004149377593360981
2023-01-20,2405,2440,2400,2435,29501,0.006198347107438051
2023-01-25,2450,2505,2440,2485,47578,0.02053388090349073
2023-01-26,2530,2530,2470,2475,39036,-0.004024144869215318
2023-01-27,2500,2500,2465,2470,62970,-0.002020202020202033
2023-01-30,2515,2515,2450,2495,40043,0.010121457489878471
2023-01-31,2455,2515,2455,2505,54846,0.004008016032064132
2023-02-01,2510,2540,2490,2515,76354,0.003992015968063978
2023-02-02,2515,2570,2515,2540,102791,0.00994035785288272
2023-02-03,2550,2590,2535,2540,62056,0.0
2023-02-06,2505,2540,2490,2515,61561,-0.009842519685039353
2023-02-07,2515,2545,2495,2510,69831,-0.001988071570576566
2023-02-08,2535,2545,2500,2535,66104,0.009960159362549792
2023-02-09,2540,2580,2510,2570,73279,0.013806706114398493
2023-02-10,2595,2595,2480,2485,92988,-0.03307392996108949
2023-02-13,2470,2500,2450,2480,69646,-0.002012072434607659
2023-02-14,2480,2545,2480,2490,120963,0.0040322580645162365
2023-02-15,2490,2495,2365,2380,153400,-0.04417670682730923
2023-02-16,2390,2430,2380,2380,59802,0.0
2023-02-17,2375,2400,2340,2370,76376,-0.004201680672268893
2023-02-20,2355,2430,2330,2375,73854,0.0021097046413502962
2023-02-21,2410,2410,2370,2390,54686,0.006315789473684275
2023-02-22,2360,2395,2325,2340,64301,-0.02092050209205021
2023-02-23,2330,2360,2285,2320,81501,-0.008547008547008517
2023-02-24,2330,2335,2295,2300,58699,-0.008620689655172376
2023-02-27,2270,2300,2245,2275,48706,-0.010869565217391353
2023-02-28,2250,2320,2250,2285,64326,0.00439560439560438
2023-03-02,2285,2300,2265,2280,39299,-0.002188183807439792
2023-03-03,2285,2320,2285,2300,40695,0.00877192982456143
2023-03-06,2300,2320,2280,2295,54726,-0.0021739130434782483
2023-03-07,2295,2320,2285,2310,47538,0.006535947712418277
2023-03-08,2300,2340,2285,2295,50478,-0.00649350649350644
2023-03-09,2310,2325,2260,2290,48326,-0.002178649237472796
2023-03-10,2265,2275,2150,2215,102707,-0.03275109170305679
2023-03-13,2155,2200,2115,2185,101784,-0.013544018058690765
2023-03-14,2185,2185,2075,2085,102929,-0.04576659038901598
2023-03-15,2090,2145,2090,2130,41114,0.021582733812949728
2023-03-16,2130,2130,2070,2090,30785,-0.018779342723004744
2023-03-17,2100,2185,2100,2185,41038,0.045454545454545414
2023-03-20,2185,2235,2165,2185,63780,0.0
2023-03-21,2195,2210,2150,2175,30744,-0.004576659038901587
2023-03-22,2175,2205,2130,2140,48536,-0.016091954022988464
2023-03-23,2130,2130,2065,2085,73675,-0.025700934579439227
2023-03-24,2095,2115,2080,2090,49876,0.0023980815347721673
2023-03-27,2095,2115,2070,2100,66503,0.004784688995215225
2023-03-28,2110,2135,2095,2135,59410,0.016666666666666607
2023-03-29,2135,2170,2125,2165,48812,0.014051522248243575
2023-03-30,2170,2270,2130,2225,115625,0.02771362586605086
2023-03-31,2230,2255,2195,2225,50153,0.0
2023-04-03,2280,2290,2200,2280,99156,0.024719101123595433
2023-04-04,2280,2300,2215,2290,63856,0.004385964912280604
2023-04-05,2300,2340,2280,2310,86674,0.008733624454148492
2023-04-06,2305,2310,2245,2250,51082,-0.025974025974025983
2023-04-07,2240,2290,2230,2270,37564,0.008888888888888946
2023-04-10,2250,2255,2195,2225,51583,-0.01982378854625555
2023-04-11,2230,2270,2215,2240,51783,0.006741573033707926
2023-04-12,2240,2310,2240,2295,48760,0.024553571428571397
2023-04-13,2300,2340,2270,2330,40221,0.015250544662309462
2023-04-14,2310,2370,2305,2325,98417,-0.0021459227467811592
2023-04-17,2325,2370,2285,2325,96738,0.0
2023-04-18,2325,2335,2285,2300,53667,-0.010752688172043001
2023-04-19,2280,2310,2280,2300,33093,0.0
2023-04-20,2290,2290,2230,2245,79005,-0.023913043478260843
2023-04-21,2240,2250,2175,2185,97403,-0.026726057906458767
2023-04-24,2170,2200,2160,2170,40825,-0.006864988558352381
2023-04-25,2170,2190,2160,2170,29281,0.0
2023-04-26,2170,2210,2150,2170,37497,0.0
2023-04-27,2170,2180,2130,2150,41204,-0.009216589861751112
2023-04-28,2180,2195,2130,2150,55946,0.0
2023-05-02,2150,2190,2130,2175,76201,0.011627906976744207
2023-05-03,2170,2215,2165,2180,32152,0.0022988505747125743
2023-05-04,2170,2220,2165,2195,36689,0.006880733944954143
2023-05-08,2200,2225,2180,2200,35073,0.002277904328018332
2023-05-09,2200,2250,2185,2235,58465,0.015909090909090873
2023-05-10,2220,2250,2210,2220,27125,-0.006711409395973145
2023-05-11,2220,2265,2215,2235,66135,0.006756756756756799
2023-05-12,2235,2250,2210,2225,36133,-0.004474272930648726
2023-05-15,2225,2230,2180,2190,28471,-0.01573033707865168
2023-05-16,2185,2200,2155,2170,40681,-0.0091324200913242
2023-05-17,2155,2220,2140,2190,54914,0.009216589861751112
2023-05-18,2175,2370,2175,2240,305782,0.022831050228310446
2023-05-19,2250,2260,2215,2240,67928,0.0
2023-05-22,2280,2300,2230,2265,65620,0.01116071428571419
2023-05-23,2250,2290,2245,2290,84905,0.011037527593819041
2023-05-24,2280,2290,2250,2255,37397,-0.015283842794759805
2023-05-25,2250,2270,2240,2265,31275,0.0044345898004434225
2023-05-26,2255,2265,2215,2255,36798,-0.004415011037527616
2023-05-30,2270,2270,2230,2255,48888,0.0
2023-05-31,2235,2265,2230,2245,34134,-0.0044345898004434225
2023-06-01,2225,2340,2225,2290,111414,0.020044543429844186
2023-06-02,2295,2315,2250,2290,32915,0.0
2023-06-05,2275,2305,2265,2280,69003,-0.004366812227074246
2023-06-07,2290,2295,2270,2280,28663,0.0
2023-06-08,2270,2285,2235,2255,39689,-0.010964912280701733
2023-06-09,2250,2270,2250,2270,24210,0.006651884700665134
2023-06-12,2260,2270,2220,2230,45225,-0.017621145374449365
2023-06-13,2230,2250,2180,2215,71552,-0.006726457399103158
2023-06-14,2245,2245,2155,2160,113250,-0.02483069977426633
2023-06-15,2160,2180,2110,2115,83524,-0.02083333333333337
2023-06-16,2135,2180,2115,2145,39129,0.014184397163120588
2023-06-19,2145,2185,2140,2145,37070,0.0
2023-06-20,2155,2170,2130,2150,42227,0.002331002331002363
2023-06-21,2150,2150,2125,2125,61766,-0.011627906976744207
2023-06-22,2120,2210,2120,2135,74514,0.004705882352941115
2023-06-23,2130,2160,2120,2120,40292,-0.007025761124121788
2023-06-26,2120,2140,2100,2135,12045,0.007075471698113178
2023-06-27,2155,2155,2105,2130,19035,-0.0023419203747072626
2023-06-28,2130,2140,2110,2130,29290,0.0
2023-06-29,2125,2135,2110,2115,23702,-0.007042253521126751
2023-06-30,2135,2150,2105,2145,32722,0.014184397163120588
2023-07-03,2125,2165,2110,2150,64035,0.002331002331002363
2023-07-04,2170,2175,2115,2125,34238,-0.011627906976744207
2023-07-05,2130,2165,2105,2165,56290,0.018823529411764683
2023-07-06,2155,2155,2090,2100,42310,-0.03002309468822173
2023-07-07,2080,2100,2050,2060,50676,-0.01904761904761909
2023-07-10,2050,2065,2000,2045,82788,-0.007281553398058249
2023-07-11,2040,2065,2030,2050,46631,0.0024449877750611915
2023-07-12,2050,2085,1979,2050,249061,0.0
2023-07-13,2050,2090,2045,2050,48658,0.0
2023-07-14,2075,2075,2010,2040,41307,-0.004878048780487809
2023-07-17,2010,2035,1997,2005,86417,-0.01715686274509809
2023-07-18,2015,2030,1995,1998,40659,-0.003491271820448838
2023-07-19,1996,2020,1992,1995,59896,-0.0015015015015015232
2023-07-20,1993,2005,1992,1993,35053,-0.001002506265664116
2023-07-21,2010,2050,1997,2010,61822,0.008529854490717526
2023-07-24,2005,2005,1929,1945,113040,-0.03233830845771146
2023-07-25,1945,1959,1801,1807,308018,-0.07095115681233932
2023-07-26,1808,1821,1671,1702,229848,-0.05810736026563368
2023-07-27,1702,1782,1702,1780,45604,0.04582843713278506
2023-07-28,1800,1830,1716,1792,96182,0.006741573033707926
2023-07-31,1811,1863,1788,1833,47072,0.02287946428571419
2023-08-01,1835,1849,1826,1831,51394,-0.0010911074740862503
2023-08-02,1831,1984,1831,1866,94735,0.01911523757509559
2023-08-03,1866,1889,1829,1850,55136,-0.008574490889603381
2023-08-04,1919,1919,1853,1876,40874,0.014054054054054133
2023-08-07,1900,1900,1870,1880,31573,0.002132196162046851
2023-08-08,1873,1883,1837,1838,30875,-0.022340425531914843
2023-08-09,1838,1880,1838,1880,57790,0.02285092491838947
2023-08-10,1881,1920,1867,1902,61579,0.011702127659574568
2023-08-11,1904,1930,1902,1928,57051,0.013669821240799074
2023-08-14,1909,1916,1860,1860,98662,-0.03526970954356845
2023-08-16,1841,1850,1762,1771,162068,-0.0478494623655914
2023-08-17,1760,1796,1727,1772,88964,0.000564652738565874
2023-08-18,1772,1800,1750,1769,77974,-0.0016930022573363734
2023-08-21,1770,1777,1731,1768,26667,-0.0005652911249293124
2023-08-22,1796,1800,1764,1791,33087,0.01300904977375561
2023-08-23,1796,1818,1765,1774,58905,-0.009491903964265802
2023-08-24,1775,1805,1775,1797,20608,0.012965050732807182
2023-08-25,1805,2295,1787,1918,1899956,0.0673344462993879
2023-08-28,1901,1990,1900,1924,251077,0.0031282586027112647
2023-08-29,1930,1998,1896,1910,246452,-0.007276507276507305
2023-08-30,1915,1926,1903,1919,61670,0.0047120418848167755
2023-08-31,1919,1919,1900,1900,50050,-0.00990099009900991
2023-09-01,1910,1963,1856,1893,156433,-0.0036842105263157343
2023-09-04,1894,1912,1856,1872,58554,-0.011093502377179099
2023-09-05,1880,1890,1869,1872,36300,0.0
2023-09-06,1919,2005,1874,1936,190931,0.03418803418803429
2023-09-07,1901,2030,1901,1936,109751,0.0
2023-09-08,1927,2020,1927,1991,145807,0.02840909090909083
2023-09-11,2010,2035,1985,2020,47113,0.014565544952285236
2023-09-12,2020,2045,1986,2000,36606,-0.00990099009900991
2023-09-13,1971,1998,1940,1976,40342,-0.01200000000000001
2023-09-14,1965,1985,1950,1978,30610,0.0010121457489877805
2023-09-15,1977,1997,1964,1964,39524,-0.00707785642062686
2023-09-18,1964,1965,1943,1953,16535,-0.005600814663951126
2023-09-19,1952,2120,1926,1954,93415,0.0005120327700973704
2023-09-20,1954,1989,1933,1945,24604,-0.004605936540429845
2023-09-21,1944,1944,1880,1901,39378,-0.02262210796915165
2023-09-22,1886,1910,1860,1885,12907,-0.008416622830089482
2023-09-25,1910,2210,1892,1980,1539236,0.05039787798408479
2023-09-26,2000,2270,1990,2115,2194189,0.06818181818181812
2023-09-27,2220,2220,2065,2080,478405,-0.01654846335697402
2023-10-04,2055,2115,1980,2075,365491,-0.0024038461538461453
2023-10-05,2065,2255,2065,2130,1097253,0.026506024096385472
2023-10-06,2070,2270,2070,2265,622385,0.06338028169014076
2023-10-10,2240,2340,2095,2135,614963,-0.05739514348785868
2023-10-11,2135,2250,2135,2200,187527,0.030444964871194413
2023-10-12,2255,2280,2210,2250,119772,0.022727272727272707
2023-10-13,2250,2250,2105,2130,229182,-0.053333333333333344
2023-10-16,2130,2145,2070,2120,82529,-0.0046948356807511304
2023-10-17,2120,2175,2090,2090,53870,-0.014150943396226467
2023-10-18,2075,2100,1999,2035,120197,-0.02631578947368418
2023-10-19,1997,2025,1965,1992,67974,-0.021130221130221116
2023-10-20,1986,1986,1889,1950,113705,-0.02108433734939763
2023-10-23,1952,2100,1950,2045,160011,0.04871794871794877
2023-10-24,2045,2110,1995,2070,105474,0.012224938875305513
2023-10-25,2055,2200,2025,2125,447326,0.02657004830917864
2023-10-26,2055,2140,2010,2015,163713,-0.051764705882352935
2023-10-27,2025,2200,2025,2130,481193,0.05707196029776673
2023-10-30,2095,2210,2090,2195,216827,0.030516431924882736
2023-10-31,2235,2235,2080,2100,177156,-0.0432801822323462
2023-11-01,2100,2160,2065,2070,95928,-0.014285714285714235
2023-11-02,2080,2155,2020,2095,136575,0.012077294685990392
2023-11-03,2115,2165,2080,2145,74666,0.023866348448687402
2023-11-06,2160,2195,2095,2160,196434,0.006993006993007089
2023-11-07,2150,2260,2140,2220,429501,0.02777777777777768
2023-11-08,2220,2275,2190,2250,218011,0.013513513513513598
2023-11-09,2230,2230,2080,2230,185219,-0.008888888888888835
2023-11-10,2245,2410,2150,2260,1270575,0.013452914798206317
2023-11-13,2275,2285,2130,2155,295908,-0.04646017699115046
2023-11-14,2145,2230,2135,2205,127408,0.023201856148491906
2023-11-15,2205,2220,2080,2135,494490,-0.031746031746031744
2023-11-16,2145,2145,2070,2090,218796,-0.021077283372365363
2023-11-17,2075,2145,2060,2070,318224,-0.009569377990430672
2023-11-20,2070,2120,2040,2120,132550,0.024154589371980784
2023-11-21,2150,2150,2070,2110,106221,-0.004716981132075526
2023-11-22,2110,2125,2090,2110,101385,0.0
2023-11-23,2110,2120,2045,2045,169178,-0.03080568720379151
2023-11-24,2050,2090,2045,2065,112283,0.009779951100244544
2023-11-27,2070,2095,2045,2095,107772,0.014527845036319542
2023-11-28,2095,2100,2045,2080,75264,-0.007159904534606243
2023-11-29,2080,2080,2030,2050,96181,-0.014423076923076872
2023-11-30,2050,2065,2040,2050,49842,0.0
2023-12-01,2045,2095,2045,2055,37666,0.0024390243902439046
2023-12-04,2040,2040,1965,1988,249404,-0.03260340632603409
2023-12-05,1985,2055,1951,2055,133329,0.03370221327967804
2023-12-06,2060,2090,2025,2045,82684,-0.0048661800486617945
2023-12-07,2035,2150,2035,2075,235750,0.014669926650366705
2023-12-08,2080,2110,2060,2085,77205,0.004819277108433662
2023-12-11,2085,2120,2035,2055,73462,-0.014388489208633115
2023-12-12,2080,2080,2030,2035,57936,-0.009732360097323589
2023-12-13,2035,2035,1990,1993,137224,-0.02063882063882061
2023-12-14,1999,2025,1994,2005,115224,0.006021073758153639
2023-12-15,2010,2030,2000,2005,38630,0.0
2023-12-18,2025,2025,1990,2005,63268,0.0
2023-12-19,2015,2015,1995,2000,33125,-0.0024937655860348684
2023-12-20,2010,2020,1997,2000,40308,0.0
2023-12-21,2010,2015,1995,1998,41386,-0.0010000000000000009
2023-12-22,1996,2020,1993,1999,66879,0.0005005005005005447
2023-12-26,1990,2015,1990,1993,57383,-0.0030015007503751967
2023-12-27,1993,2010,1993,2000,49864,0.00351229302558953
2023-12-28,1996,2010,1963,1981,313497,-0.009499999999999953
2024-01-02,1985,2015,1977,2000,70357,0.009591115598182709
2024-01-03,2000,2015,1990,2005,65115,0.0024999999999999467
2024-01-04,1996,2000,1982,1985,95355,-0.009975062344139696
2024-01-05,1997,2010,1985,1994,58550,0.00453400503778334
2024-01-08,1994,1996,1986,1988,57664,-0.0030090270812437314
2024-01-09,1986,1995,1986,1992,37949,0.002012072434607548
2024-01-10,1990,1995,1987,1988,42523,-0.002008032128514081
2024-01-11,2000,2000,1985,1994,25943,0.003018108651911433
2024-01-12,1990,1998,1973,1985,43242,-0.004513540621865597
2024-01-15,1985,1985,1950,1960,70418,-0.012594458438287104
2024-01-16,1970,1977,1897,1902,69332,-0.0295918367346939
2024-01-17,1921,1921,1859,1862,75228,-0.02103049421661407
2024-01-18,1847,1882,1847,1859,54882,-0.0016111707841031109
2024-01-19,1877,1882,1857,1869,24661,0.005379236148467026
2024-01-22,1887,1887,1851,1859,42353,-0.005350454788657033
2024-01-23,1853,1864,1845,1848,28870,-0.00591715976331364
2024-01-24,1880,1880,1831,1839,36154,-0.004870129870129913
2024-01-25,1839,1839,1801,1826,48625,-0.007069059271343159
2024-01-26,1831,1833,1808,1819,45347,-0.00383351588170866
2024-01-29,1830,1845,1805,1819,44488,0.0
2024-01-30,1828,1864,1816,1843,31094,0.01319406267179768
2024-01-31,1850,1851,1801,1812,37044,-0.016820401519262118
2024-02-01,1820,1820,1780,1812,38765,0.0
2024-02-02,1824,1850,1799,1849,83578,0.02041942604856506
2024-02-05,1849,1864,1828,1838,30372,-0.005949161709031925
2024-02-06,1835,1847,1811,1825,30823,-0.007072905331882429
2024-02-07,1824,1833,1810,1810,90135,-0.008219178082191747
2024-02-08,1830,1830,1802,1810,48068,0.0
2024-02-13,1817,1869,1817,1860,70886,0.027624309392265234
2024-02-14,1825,1894,1825,1884,84278,0.012903225806451646
2024-02-15,1866,1895,1860,1869,51672,-0.0079617834394905
2024-02-16,1871,1883,1840,1882,49794,0.006955591225254132
2024-02-19,1857,1898,1857,1886,37345,0.002125398512220933
2024-02-20,1887,1897,1869,1876,47589,-0.005302226935312793
2024-02-21,1876,1898,1861,1881,48869,0.0026652452025586193
2024-02-22,1867,1882,1859,1876,37955,-0.0026581605528973595
2024-02-23,1884,1894,1858,1885,38791,0.00479744136460547
2024-02-26,1885,1886,1847,1862,50743,-0.012201591511936338
2024-02-27,1862,1900,1835,1859,39619,-0.0016111707841031109
2024-02-28,1849,1862,1810,1820,38753,-0.020979020979020935
2024-02-29,1840,1840,1814,1824,44616,0.00219780219780219
2024-03-04,1835,1835,1791,1791,81805,-0.018092105263157854
2024-03-05,1793,1809,1747,1772,103578,-0.010608598548296988
2024-03-06,1773,1773,1743,1770,76933,-0.0011286681715575453
2024-03-07,1770,1770,1702,1740,101596,-0.016949152542372836
2024-03-08,1740,1758,1725,1733,51631,-0.004022988505747116
2024-03-11,1724,1749,1719,1734,33909,0.0005770340450086398
2024-03-12,1735,1736,1715,1718,40398,-0.009227220299884653
2024-03-13,1718,1724,1698,1709,78279,-0.005238649592549494
2024-03-14,1709,1720,1686,1708,90629,-0.0005851375073142595
2024-03-15,1708,1800,1698,1737,61688,0.01697892271662771
2024-03-18,1715,1872,1715,1868,274308,0.07541738629821526
2024-03-19,1873,1927,1805,1855,337551,-0.006959314775160652
2024-03-20,1878,1930,1830,1868,232906,0.007008086253369239
2024-03-21,1919,1958,1824,1824,326752,-0.023554603854389677
2024-03-22,1824,1911,1824,1873,109270,0.026864035087719396
2024-03-25,1925,1966,1885,1938,334613,0.03470368392952472
2024-03-26,1975,1980,1826,1893,141545,-0.023219814241486114
2024-03-27,1886,1913,1840,1843,71993,-0.026413100898045383
2024-03-28,1826,1897,1813,1843,64399,0.0
2024-03-29,1843,1843,1796,1816,85932,-0.014650027129679888
2024-04-01,1839,1864,1816,1856,59263,0.022026431718061623
2024-04-02,1837,1861,1813,1817,40590,-0.021012931034482762
2024-04-03,1817,1833,1784,1803,38916,-0.007705008255366019
2024-04-04,1803,1826,1775,1784,37106,-0.010537992235163607
2024-04-05,1805,1805,1730,1749,87791,-0.019618834080717518
2024-04-08,1763,1763,1718,1718,58615,-0.01772441395082902
2024-04-09,1712,1730,1703,1703,48012,-0.008731082654249156
2024-04-11,1717,1726,1685,1690,57906,-0.007633587786259555
2024-04-12,1712,1712,1583,1583,151006,-0.06331360946745557
2024-04-15,1592,1628,1570,1606,75776,0.014529374605180001
2024-04-16,1606,1629,1585,1597,65583,-0.005603985056039873
2024-04-17,1618,1618,1594,1594,15090,-0.0018785222291797243
2024-04-18,1595,1626,1595,1603,61806,0.005646173149309819
2024-04-19,1601,1623,1590,1598,44828,-0.003119151590767366
2024-04-22,1624,1699,1601,1623,37579,0.015644555694618312
2024-04-23,1623,1631,1609,1617,24741,-0.003696857670979714
2024-04-24,1609,1638,1602,1625,39875,0.0049474335188621765
2024-04-25,1622,1622,1600,1617,59942,-0.004923076923076919
2024-04-26,1609,1627,1605,1605,27749,-0.007421150278293154
2024-04-29,1607,1620,1594,1615,43002,0.006230529595015577
2024-04-30,1614,1615,1601,1613,32654,-0.0012383900928792935
2024-05-02,1625,1630,1615,1618,34581,0.0030998140111593298
2024-05-03,1635,1635,1615,1617,10470,-0.0006180469715698633
2024-05-07,1635,1635,1619,1621,24612,0.0024737167594310883
2024-05-08,1621,1631,1621,1630,26597,0.005552128315854388
2024-05-09,1630,1677,1630,1637,15943,0.004294478527607337
2024-05-10,1670,1670,1637,1653,33956,0.009773976786805028
2024-05-13,1653,1669,1650,1663,36287,0.006049606775559546
2024-05-14,1669,1669,1646,1659,18786,-0.0024052916416115178
2024-05-16,1651,1674,1650,1651,20485,-0.004822182037371947
2024-05-17,1670,1670,1645,1654,11881,0.001817080557237949
2024-05-20,1654,1670,1617,1617,36834,-0.022370012091898483
2024-05-21,1618,1629,1616,1617,28869,0.0
2024-05-22,1617,1629,1581,1590,63345,-0.016697588126159513
2024-05-23,1599,1599,1521,1581,34995,-0.005660377358490565
2024-05-24,1575,1598,1553,1580,30691,-0.0006325110689436864
2024-05-27,1580,1585,1564,1574,32876,-0.0037974683544304
2024-05-28,1567,1625,1566,1585,43679,0.006988564167725642
2024-05-29,1584,1619,1570,1572,27800,-0.008201892744479466
2024-05-30,1572,1588,1502,1522,100984,-0.03180661577608146
2024-05-31,1522,1537,1508,1518,38038,-0.0026281208935611255
2024-06-03,1518,1528,1506,1511,28306,-0.00461133069828723
2024-06-04,1518,1527,1510,1514,19976,0.0019854401058900795
2024-06-05,1514,1530,1506,1507,27119,-0.004623513870541607
2024-06-07,1490,1514,1490,1500,41730,-0.004644990046449915
2024-06-10,1500,1511,1497,1504,9050,0.002666666666666595
2024-06-11,1505,1519,1504,1514,23427,0.0066489361702126715
2024-06-12,1514,1529,1510,1512,41752,-0.0013210039630119352
2024-06-13,1512,1529,1505,1506,38130,-0.003968253968253954
2024-06-14,1507,1509,1467,1488,75551,-0.01195219123505975
2024-06-17,1504,1504,1475,1493,26670,0.0033602150537634934
2024-06-18,1491,1495,1453,1474,38010,-0.01272605492297385
2024-06-19,1453,1478,1451,1461,30532,-0.008819538670284954
2024-06-20,1461,1466,1449,1466,54514,0.003422313483915085
2024-06-21,1466,1466,1450,1451,16523,-0.01023192360163716
2024-06-24,1451,1477,1445,1450,16763,-0.000689179875947632
2024-06-25,1448,1460,1445,1455,49043,0.0034482758620688614
2024-06-26,1455,1455,1447,1448,12064,-0.004810996563573866
2024-06-27,1448,1510,1433,1468,83632,0.013812154696132506
2024-06-28,1468,1509,1467,1500,33221,0.021798365122615904
2024-07-01,1500,1514,1476,1493,30513,-0.004666666666666708
2024-07-02,1493,1493,1458,1462,44865,-0.02076356329537843
2024-07-03,1461,1471,1440,1441,40510,-0.014363885088919282
2024-07-04,1441,1456,1411,1411,61166,-0.020818875780707846
2024-07-05,1409,1420,1407,1410,34256,-0.0007087172218285254
2024-07-08,1410,1425,1403,1423,43982,0.009219858156028327
2024-07-09,1423,1424,1411,1424,18214,0.0007027406886859211
2024-07-10,1424,1424,1403,1405,56702,-0.013342696629213502
2024-07-11,1412,1422,1403,1405,30545,0.0
2024-07-12,1405,1418,1399,1399,40446,-0.004270462633451988
2024-07-15,1396,1413,1396,1396,30261,-0.0021443888491780028
2024-07-16,1393,1418,1393,1416,65256,0.014326647564469885
2024-07-17,1416,1434,1401,1428,40702,0.008474576271186418
2024-07-18,1428,1450,1406,1442,29762,0.009803921568627416
2024-07-19,1442,1445,1421,1426,32176,-0.01109570041608876
2024-07-22,1426,1433,1411,1424,27464,-0.0014025245441795509
2024-07-23,1409,1464,1409,1462,45324,0.026685393258427004
2024-07-24,1450,1586,1450,1535,202086,0.0499316005471957
2024-07-25,1520,1523,1492,1509,44007,-0.01693811074918572
2024-07-26,1490,1580,1471,1523,86323,0.009277667329357087
2024-07-29,1550,1567,1523,1553,42772,0.019697964543663904
2024-07-30,1550,1551,1515,1531,20802,-0.014166130070830674
2024-07-31,1531,1563,1516,1529,27670,-0.0013063357282822041
2024-08-01,1529,1529,1495,1527,53855,-0.001308044473512071
2024-08-02,1520,1534,1504,1515,24542,-0.007858546168958758
2024-08-05,1515,1515,1357,1428,143947,-0.05742574257425748
2024-08-06,1413,1458,1407,1449,50439,0.014705882352941124
2024-08-07,1421,1530,1421,1509,62819,0.04140786749482395
2024-08-08,1510,1550,1502,1541,75080,0.021206096752816483
2024-08-09,1541,1585,1511,1511,63513,-0.0194678780012979
2024-08-12,1514,1610,1514,1574,181852,0.041694242223693
2024-08-13,1602,1602,1520,1530,63774,-0.027954256670902122
2024-08-14,1531,1558,1530,1550,27461,0.013071895424836555
2024-08-16,1558,1586,1540,1574,48268,0.015483870967741842
2024-08-19,1574,1591,1557,1569,42596,-0.0031766200762388674
2024-08-20,1571,1584,1555,1568,43380,-0.0006373486297004405
2024-08-21,1552,1568,1513,1522,30790,-0.029336734693877542
2024-08-22,1522,1574,1455,1455,38810,-0.04402102496714844
2024-08-23,1445,1486,1445,1474,28141,0.013058419243986208
2024-08-26,1485,1485,1455,1464,19445,-0.006784260515603768
2024-08-27,1452,1480,1447,1480,37434,0.010928961748633892
2024-08-28,1480,1480,1462,1462,3226,-0.012162162162162149
2024-08-29,1461,1461,1411,1418,42523,-0.030095759233926156
2024-08-30,1418,1442,1417,1427,24333,0.006346967559943684
2024-09-02,1428,1428,1414,1415,27724,-0.008409250175192673
2024-09-03,1417,1426,1398,1399,73633,-0.011307420494699683
2024-09-04,1395,1395,1341,1366,31389,-0.02358827734095781
2024-09-05,1347,1475,1347,1399,55041,0.024158125915080486
2024-09-06,1399,1410,1361,1379,8622,-0.014295925661186537
2024-09-09,1349,1399,1349,1379,11811,0.0
2024-09-10,1380,1410,1373,1384,15269,0.0036258158085569203
2024-09-11,1420,1420,1365,1369,10417,-0.010838150289017356
2024-09-12,1384,1403,1360,1375,14740,0.0043827611395179655
2024-09-13,1381,1464,1381,1397,59938,0.016000000000000014
2024-09-19,1396,1430,1396,1430,56557,0.023622047244094446
2024-09-20,1436,1462,1425,1438,17845,0.005594405594405494
2024-09-23,1438,1471,1417,1439,23367,0.0006954102920724292
2024-09-24,1458,1458,1418,1424,34780,-0.010423905489923557
2024-09-25,1423,1448,1412,1418,16547,-0.004213483146067398
2024-09-26,1408,1452,1404,1425,15291,0.0049365303244006675
2024-09-27,1425,1447,1425,1440,12101,0.010526315789473717
2024-09-30,1440,1440,1404,1419,14503,-0.014583333333333282
2024-10-02,1419,1421,1393,1406,7676,-0.009161381254404466
2024-10-04,1406,1425,1406,1407,11529,0.0007112375533429027
2024-10-07,1448,1448,1420,1429,19085,0.01563610518834402
2024-10-08,1414,1434,1414,1414,5736,-0.01049685094471664
2024-10-10,1415,1433,1401,1409,9622,-0.0035360678925034916
2024-10-11,1401,1407,1386,1387,24801,-0.015613910574875822
2024-10-14,1387,1436,1386,1403,16707,0.011535688536409516
2024-10-15,1431,1431,1402,1412,11069,0.006414825374198241
2024-10-16,1412,1435,1409,1434,16154,0.015580736543909346
2024-10-17,1434,1440,1403,1408,12549,-0.018131101813110173
2024-10-18,1432,1432,1394,1411,11506,0.0021306818181818787
2024-10-21,1411,1431,1381,1385,25399,-0.01842664776754077
2024-10-22,1427,1427,1360,1378,14839,-0.005054151624548697
2024-10-23,1378,1402,1369,1379,13769,0.0007256894049347817
2024-10-24,1365,1379,1356,1360,12422,-0.013778100072516342
2024-10-25,1359,1399,1333,1338,38829,-0.016176470588235348
2024-10-28,1362,1362,1340,1343,6755,0.0037369207772794955
2024-10-29,1344,1357,1321,1326,34898,-0.012658227848101222
2024-10-30,1326,1351,1320,1320,18399,-0.004524886877828038
2024-10-31,1321,1343,1304,1307,38817,-0.009848484848484884
2024-11-01,1316,1333,1304,1310,10675,0.002295332823259333
2024-11-04,1312,1333,1285,1287,55349,-0.017557251908396965
2024-11-05,1303,1309,1284,1286,34938,-0.0007770007770008247
2024-11-06,1318,1318,1286,1289,23127,0.00233281493001547
2024-11-07,1289,1329,1249,1250,52330,-0.03025601241272302
2024-11-08,1250,1256,1226,1229,64823,-0.016800000000000037
2024-11-11,1221,1229,1158,1160,108472,-0.056143205858421474
2024-11-12,1160,1165,1044,1079,105654,-0.06982758620689655
2024-11-13,1072,1119,1034,1037,66036,-0.0389249304911955
2024-11-14,1037,1068,888,892,458481,-0.13982642237222753
2024-11-15,900,955,900,954,123314,0.06950672645739919
2024-11-18,955,962,943,957,55790,0.003144654088050425
2024-11-19,961,980,958,971,45599,0.014629049111807735
2024-11-20,972,997,912,916,127306,-0.05664263645726053
2024-11-21,935,967,919,943,87901,0.029475982532751077
2024-11-22,958,960,937,960,39984,0.018027571580063517
2024-11-25,960,968,951,959,32778,-0.0010416666666667185
2024-11-26,961,963,950,957,39588,-0.002085505735140769
2024-11-27,957,975,956,972,69631,0.01567398119122254
2024-11-28,972,993,921,921,75508,-0.05246913580246915
2024-11-29,945,952,909,916,74437,-0.005428881650380024
2024-12-02,908,947,908,913,48211,-0.0032751091703057122
2024-12-03,919,968,913,930,55382,0.018619934282584794
2024-12-04,896,964,896,932,68384,0.0021505376344086446
2024-12-05,932,958,925,925,23249,-0.007510729613733891
2024-12-06,925,925,900,913,41196,-0.012972972972972951
2024-12-09,913,913,841,852,91308,-0.06681270536692219
2024-12-10,851,851,797,840,443492,-0.014084507042253502
2024-12-11,840,854,819,853,186867,0.015476190476190421
2024-12-12,880,880,845,870,80936,0.01992966002344665
2024-12-13,862,879,862,871,44940,0.0011494252873562871
2024-12-16,871,923,871,917,101785,0.05281285878300812
2024-12-17,917,970,904,912,102333,-0.005452562704471142
2024-12-18,912,1180,908,1003,3183291,0.09978070175438591
2024-12-19,1001,1001,943,955,335985,-0.047856430707876374
2024-12-20,951,1120,947,1013,922291,0.060732984293193626
2024-12-23,1015,1015,990,1001,116659,-0.011846001974333609
2024-12-24,1018,1018,991,1001,65998,0.0
2024-12-26,987,1000,973,973,87154,-0.027972027972028024
2024-12-27,971,985,961,983,29847,0.010277492291880685
2024-12-30,956,980,956,979,67115,-0.004069175991861629
2025-01-02,979,981,960,973,31947,-0.006128702757916216
2025-01-03,970,983,961,981,33013,0.008221993833504637
2025-01-06,999,1046,985,1042,110667,0.06218144750254839
2025-01-07,1053,1055,1009,1018,75061,-0.02303262955854124
2025-01-08,1036,1130,1008,1066,232684,0.047151277013752546
2025-01-09,1039,1066,1039,1058,51795,-0.007504690431519689
2025-01-10,1058,1058,1044,1045,36291,-0.012287334593572785
2025-01-13,1045,1045,1003,1021,19011,-0.022966507177033524
2025-01-14,1020,1034,1016,1028,23083,0.006856023506366382
2025-01-15,1027,1027,1010,1021,22819,-0.006809338521400754
2025-01-16,1019,1026,1010,1025,20677,0.003917727717923647
2025-01-17,1028,1028,1010,1013,16776,-0.011707317073170742
2025-01-20,1020,1033,1001,1029,79983,0.015794669299111552
2025-01-21,1026,1054,1026,1040,65694,0.010689990281826933
2025-01-22,1054,1054,1007,1009,41305,-0.029807692307692313
2025-01-23,1009,1228,993,1066,3320678,0.05649157581764119
2025-01-24,1070,1124,1042,1058,213794,-0.007504690431519689
2025-01-31,1074,1080,993,1029,78550,-0.027410207939508546
2025-02-03,1030,1030,993,1000,70913,-0.02818270165208936
2025-02-04,1007,1024,1004,1008,26879,0.008000000000000007
2025-02-05,1010,1023,1003,1007,44389,-0.0009920634920634885
2025-02-06,1013,1097,1013,1095,153181,0.08738828202581916
2025-02-07,1095,1095,1033,1051,93580,-0.040182648401826504
2025-02-10,1052,1052,1009,1023,52518,-0.026641294005708804
2025-02-11,1049,1050,1018,1031,33899,0.00782013685239491
2025-02-12,1031,1031,1006,1021,27153,-0.009699321047526688
2025-02-13,1021,1034,1020,1026,25969,0.004897159647404559
2025-02-14,1037,1037,1005,1024,20865,-0.0019493177387914784
2025-02-17,1024,1039,1017,1030,11090,0.005859375
2025-02-18,1017,1040,1017,1025,12903,-0.004854368932038833
2025-02-19,1025,1036,1005,1026,19748,0.0009756097560975618
2025-02-20,1026,1042,1008,1025,46970,-0.0009746588693957392
2025-02-21,1025,1036,1019,1021,47513,-0.0039024390243902474
2025-02-24,1021,1050,1021,1040,43509,0.0186092066601371
2025-02-25,1048,1048,1021,1025,52650,-0.014423076923076872
2025-02-26,1025,1050,1015,1030,26168,0.004878048780487809
2025-02-27,1018,1044,1018,1041,18956,0.010679611650485477
2025-02-28,1041,1070,1030,1067,128899,0.024975984630163373
2025-03-04,1067,1073,1041,1051,27980,-0.014995313964386137
2025-03-05,1042,1059,1028,1048,20513,-0.0028544243577545148
2025-03-06,1055,1220,1055,1079,1356432,0.029580152671755622
2025-03-07,1080,1088,1055,1060,74718,-0.017608897126969447
2025-03-10,1060,1123,1042,1108,91503,0.04528301886792452
2025-03-11,1099,1112,1043,1110,90282,0.0018050541516245744
2025-03-12,1110,1110,1088,1106,70639,-0.003603603603603567
2025-03-13,1115,1115,1074,1080,35740,-0.023508137432188048
2025-03-14,1079,1188,1068,1112,379594,0.029629629629629672
2025-03-17,1112,1130,1091,1111,55579,-0.0008992805755395628
2025-03-18,1102,1109,1081,1094,39193,-0.015301530153015275
2025-03-19,1085,1094,1061,1070,56223,-0.021937842778793404
2025-03-20,1069,1079,1067,1073,27690,0.002803738317757043
2025-03-21,1073,1073,1041,1041,41453,-0.02982292637465056
2025-03-24,1032,1041,1020,1024,31747,-0.016330451488952957
2025-03-25,1028,1028,1010,1010,40484,-0.013671875
2025-03-26,1016,1022,1005,1011,24286,0.000990099009900991
2025-03-27,994,1018,994,1009,32213,-0.001978239366963397
2025-03-28,1007,1011,1003,1003,27697,-0.00594648166501488
2025-03-31,1004,1095,980,983,105751,-0.019940179461615193
2025-04-01,984,1000,973,995,45290,0.012207527975584886
2025-04-02,989,1005,989,1000,39129,0.005025125628140614
2025-04-03,995,1000,982,992,16904,-0.008000000000000007
2025-04-04,991,1010,972,1003,24865,0.011088709677419262
2025-04-07,999,1002,969,977,43609,-0.025922233300099684
2025-04-08,990,1020,990,1016,20661,0.03991811668372569
2025-04-09,1005,1016,976,976,53113,-0.03937007874015752
2025-04-10,989,1027,989,1000,25825,0.024590163934426146
2025-04-11,1014,1035,993,1011,43119,0.010999999999999899
2025-04-14,1022,1025,989,1006,39621,-0.004945598417408492
2025-04-15,1006,1028,999,1018,15481,0.011928429423459175
2025-04-16,1018,1022,1001,1005,18593,-0.012770137524557912
2025-04-17,1020,1025,1007,1022,32395,0.01691542288557213
2025-04-18,1022,1039,1015,1027,16661,0.004892367906066619
2025-04-21,1050,1130,1027,1059,244619,0.031158714703018564
2025-04-22,1050,1070,1037,1048,76008,-0.010387157695939564
2025-04-23,1058,1063,1048,1057,57569,0.00858778625954204
2025-04-24,1057,1061,1033,1061,32339,0.0037842951750235443
2025-04-25,1061,1078,1052,1070,24655,0.008482563619227168
2025-04-28,1070,1124,1049,1073,39364,0.002803738317757043
2025-04-29,1073,1098,1052,1075,27819,0.0018639328984155767
2025-04-30,1100,1100,1058,1083,19301,0.007441860465116301
2025-05-02,1080,1106,1060,1069,33977,-0.012927054478301003
2025-05-07,1050,1050,1033,1050,36800,-0.017773620205799867
2025-05-08,1050,1050,1000,1041,31678,-0.008571428571428563
2025-05-09,1041,1052,1004,1017,31210,-0.023054755043227626
2025-05-12,1017,1057,1017,1056,25222,0.03834808259587019
2025-05-13,1063,1067,1050,1055,19293,-0.0009469696969697239
2025-05-14,1043,1064,1040,1055,18135,0.0
2025-05-15,1080,1080,1060,1074,77964,0.018009478672985857
2025-05-16,1074,1074,1030,1051,31424,-0.02141527001862198
2025-05-19,1051,1051,1011,1022,19623,-0.027592768791626976
2025-05-20,1022,1027,1013,1027,20835,0.004892367906066619
2025-05-21,1014,1040,1010,1029,37501,0.0019474196689386325
2025-05-22,1029,1043,1015,1033,34167,0.0038872691933915515
2025-05-23,1049,1059,1016,1024,91039,-0.00871248789932233
2025-05-26,1024,1064,970,1000,100058,-0.0234375
2025-05-27,1000,1012,997,997,29012,-0.0030000000000000027
2025-05-28,1020,1020,1002,1002,15657,0.005015045135406293
2025-05-29,1010,1010,997,1009,18071,0.00698602794411185
2025-05-30,1030,1030,1000,1001,28604,-0.007928642220019877
2025-06-02,1011,1011,996,1000,21869,-0.0009990009990009652
2025-06-04,1000,1027,1000,1017,23767,0.016999999999999904
2025-06-05,1025,1040,1010,1029,36117,0.01179941002949847
2025-06-09,1029,1030,1011,1023,42104,-0.005830903790087438
2025-06-10,1046,1046,1020,1030,19762,0.006842619745845546
2025-06-11,1030,1030,1005,1021,34358,-0.008737864077669855
2025-06-12,1050,1050,1021,1032,39427,0.010773751224289807
2025-06-13,1028,1032,1010,1020,29861,-0.011627906976744207
2025-06-16,1021,1040,1016,1029,22984,0.008823529411764675
2025-06-17,1049,1049,1018,1019,37030,-0.0097181729834791
2025-06-18,1011,1043,1010,1027,49901,0.007850834151128527
2025-06-19,1031,1037,1017,1021,26535,-0.0058422590068160085
2025-06-20,1021,1040,1012,1034,43021,0.01273261508325163
2025-06-23,1025,1038,984,1011,50524,-0.022243713733075432
2025-06-24,1011,1048,1000,1040,116855,0.028684470820969254
2025-06-25,1025,1035,1011,1025,81685,-0.014423076923076872
2025-06-26,1015,1024,1007,1020,40274,-0.004878048780487809
2025-06-27,1020,1025,1011,1024,17897,0.0039215686274509665
2025-06-30,1025,1025,1005,1020,13709,-0.00390625
2025-07-01,1027,1027,1012,1022,24805,0.0019607843137254832
2025-07-02,1022,1033,1020,1026,26824,0.00391389432485334
2025-07-03,1026,1041,1026,1041,79773,0.014619883040935644
2025-07-04,1100,1135,1041,1048,302963,0.00672430355427478
2025-07-07,1095,1095,1041,1060,37559,0.011450381679389388
2025-07-08,1050,1069,1020,1062,29407,0.0018867924528302993
2025-07-09,1062,1080,1048,1069,37236,0.006591337099811634
2025-07-10,1070,1089,1049,1070,38375,0.00093545369504211
2025-07-11,1059,1100,1059,1073,22952,0.002803738317757043
2025-07-14,1074,1100,1073,1084,28562,0.010251630941286116
2025-07-15,1084,1132,1075,1110,70014,0.023985239852398532
2025-07-16,1110,1110,1075,1082,25030,-0.02522522522522519
2025-07-17,1082,1316,1057,1137,6632623,0.05083179297597051
2025-07-18,1137,1229,1109,1165,1129456,0.024626209322779147
2025-07-21,1165,1260,1164,1166,272331,0.0008583690987125081
2025-07-22,1204,1204,1132,1134,102076,-0.027444253859348233
2025-07-23,1134,1134,1112,1115,69312,-0.01675485008818345
2025-07-24,1115,1133,1113,1132,56108,0.015246636771300448
2025-07-25,1136,1137,1088,1099,109081,-0.02915194346289751
2025-07-28,1099,1099,1019,1053,190953,-0.04185623293903551
2025-07-29,1053,1071,1044,1060,20810,0.006647673314339908
2025-07-30,1074,1074,1055,1071,34375,0.01037735849056598
2025-07-31,1074,1074,1050,1072,24681,0.0009337068160597539
2025-08-01,1089,1089,1027,1036,52250,-0.03358208955223885
2025-08-04,1043,1066,1034,1050,21084,0.013513513513513598
2025-08-05,1050,1062,1049,1058,19549,0.007619047619047636
2025-08-06,1059,1068,1055,1061,9274,0.002835538752362865
2025-08-07,1068,1085,1055,1055,31413,-0.005655042412818112
2025-08-08,1056,1086,1055,1057,34545,0.0018957345971564177
2025-08-11,1057,1073,1055,1068,9944,0.010406811731314969
2025-08-12,1081,1083,1055,1059,27551,-0.008426966292134797
