Date,Open,High,Low,Close,Volume,Change
2022-01-03,36400,36400,36200,36300,790,-0.014925373134328401
2022-01-04,37000,37000,35500,36950,960,0.017906336088154173
2022-01-05,35600,36600,35600,36600,204,-0.009472259810554773
2022-01-06,36600,36800,35600,36800,306,0.005464480874316946
2022-01-07,36800,36950,36750,36950,132,0.0040760869565217295
2022-01-10,36950,36950,35300,36100,389,-0.023004059539918797
2022-01-11,36050,36400,35800,36400,90,0.008310249307479145
2022-01-12,36800,36800,36700,36700,22,0.008241758241758212
2022-01-13,36500,37450,36100,37450,507,0.02043596730245234
2022-01-14,37500,37500,37200,37450,74,0.0
2022-01-17,37500,37500,37000,37400,151,-0.001335113484646211
2022-01-18,37500,37500,37000,37400,32,0.0
2022-01-19,36150,37200,36150,37200,686,-0.005347593582887722
2022-01-20,37450,37450,37300,37300,459,0.0026881720430107503
2022-01-21,37350,37350,36850,37050,664,-0.006702412868632712
2022-01-24,37300,37300,36500,37000,1026,-0.0013495276653171517
2022-01-25,37400,37400,35050,36150,583,-0.02297297297297296
2022-01-26,36500,36500,36150,36300,70,0.004149377593360981
2022-01-27,35950,36450,35900,36450,90,0.004132231404958775
2022-01-28,36850,36850,36150,36700,124,0.006858710562414272
2022-02-03,39950,39950,36000,36400,2294,-0.008174386920980936
2022-02-04,36400,36900,36000,36550,327,0.004120879120879106
2022-02-07,37400,37400,36250,36700,200,0.004103967168262557
2022-02-08,37000,37000,36450,36700,233,0.0
2022-02-09,36700,38000,36650,38000,392,0.03542234332425065
2022-02-10,37950,37950,36900,37800,194,-0.0052631578947368585
2022-02-11,37650,37750,37500,37750,17,-0.001322751322751281
2022-02-14,37350,37350,37000,37250,107,-0.013245033112582738
2022-02-15,37650,37650,36350,37000,163,-0.006711409395973145
2022-02-16,37800,37800,36650,37500,394,0.013513513513513598
2022-02-17,37550,37550,36450,36800,1018,-0.01866666666666672
2022-02-18,37300,37300,37000,37200,82,0.010869565217391353
2022-02-21,37200,37200,37150,37150,31,-0.0013440860215053752
2022-02-22,36650,37100,36650,37100,142,-0.0013458950201884479
2022-02-23,37000,37000,36700,37000,57,-0.0026954177897574594
2022-02-24,38200,38200,37000,37050,75,0.0013513513513514486
2022-02-25,38500,38500,37000,37000,132,-0.0013495276653171517
2022-02-28,37000,37500,36300,37500,1332,0.013513513513513598
2022-03-02,37000,38900,37000,38900,5609,0.03733333333333344
2022-03-03,37600,38150,37100,38150,1862,-0.019280205655527016
2022-03-04,37850,38750,37250,38750,1078,0.01572739187418093
2022-03-07,38700,38700,37400,38500,1596,-0.006451612903225823
2022-03-08,38100,38350,37400,38350,790,-0.003896103896103842
2022-03-10,39000,39000,38100,39000,782,0.016949152542372836
2022-03-11,38800,39700,38300,39700,1488,0.017948717948717885
2022-03-14,38450,38750,37550,37550,727,-0.05415617128463479
2022-03-15,37500,38500,36600,38500,1215,0.025299600532623145
2022-03-16,38500,39500,38300,39500,242,0.025974025974025983
2022-03-17,39500,39500,39500,39500,132,0.0
2022-03-18,39500,39700,38250,39700,718,0.005063291139240533
2022-03-21,39450,39600,38600,39600,685,-0.0025188916876573986
2022-03-22,39900,39900,38700,39650,907,0.0012626262626262985
2022-03-23,39900,39900,39800,39850,75,0.0050441361916770955
2022-03-24,39950,42000,38000,38100,24241,-0.04391468005018817
2022-03-25,37750,37750,36500,37650,3580,-0.011811023622047223
2022-03-28,37250,37250,36800,36800,1450,-0.02257636122177953
2022-03-29,37000,37000,36650,36650,717,-0.0040760869565217295
2022-03-30,36650,36800,36450,36800,959,0.004092769440654953
2022-03-31,37000,38350,36800,37400,2879,0.016304347826086918
2022-04-01,37400,37850,36800,37750,968,0.009358288770053402
2022-04-04,38200,38200,37300,37350,316,-0.01059602649006619
2022-04-05,37200,38500,37100,38500,1471,0.0307898259705488
2022-04-06,38450,38500,37300,38150,1101,-0.009090909090909038
2022-04-07,38150,38150,37150,38000,542,-0.003931847968545177
2022-04-08,38000,38000,37400,38000,1163,0.0
2022-04-11,38500,38500,37950,38300,303,0.007894736842105177
2022-04-12,38300,38500,37900,38500,351,0.005221932114882533
2022-04-13,38700,38700,37750,38600,682,0.0025974025974024872
2022-04-14,38600,38600,38150,38550,319,-0.0012953367875647714
2022-04-15,38750,38750,38200,38700,403,0.0038910505836575737
2022-04-18,38950,40000,38700,38700,6226,0.0
2022-04-19,38700,38900,37500,38800,1933,0.0025839793281654533
2022-04-20,38800,41000,38800,39300,14088,0.012886597938144284
2022-04-21,39600,41000,39600,40000,7400,0.01781170483460559
2022-04-22,40000,40800,38900,40000,2243,0.0
2022-04-25,40000,42000,39000,39000,9679,-0.025000000000000022
2022-04-26,39150,39150,38000,38100,4338,-0.023076923076923106
2022-04-27,38100,39500,36350,36350,4509,-0.04593175853018372
2022-04-28,35800,36250,35650,35950,763,-0.011004126547455306
2022-04-29,35900,36300,35750,36000,514,0.0013908205841446364
2022-05-02,35650,36150,35650,36050,332,0.001388888888888884
2022-05-03,36050,36050,35100,35100,1932,-0.026352288488210807
2022-05-04,34950,35000,32400,32400,4275,-0.07692307692307687
2022-05-06,32300,32750,32200,32700,683,0.0092592592592593
2022-05-09,32700,32700,32000,32100,1492,-0.01834862385321101
2022-05-10,32900,32900,31500,32300,439,0.006230529595015577
2022-05-11,32400,33300,32400,33300,742,0.030959752321981338
2022-05-12,32700,33400,31700,31700,1460,-0.048048048048048075
2022-05-13,32000,32150,31800,31800,292,0.003154574132492094
2022-05-16,32300,33250,32300,32450,125,0.020440251572326984
2022-05-17,32600,32800,31900,32700,180,0.007704160246533087
2022-05-18,32900,33350,32900,33350,298,0.01987767584097866
2022-05-19,33450,33450,32150,33300,282,-0.0014992503748125774
2022-05-20,33350,33350,32750,33200,134,-0.0030030030030030463
2022-05-23,33150,33150,32900,33050,56,-0.004518072289156572
2022-05-24,33050,33050,32200,32200,215,-0.02571860816944027
2022-05-25,32150,32150,31750,31750,263,-0.013975155279503104
2022-05-26,31750,31800,31500,31650,421,-0.0031496062992125706
2022-05-27,31750,32000,31750,32000,330,0.011058451816745585
2022-05-30,31600,32300,31600,32200,120,0.006250000000000089
2022-05-31,32750,32750,32000,32300,699,0.0031055900621117516
2022-06-02,32800,32950,32800,32900,54,0.018575851393188847
2022-06-03,33000,33300,32550,33200,193,0.00911854103343468
2022-06-07,33450,33450,32900,32950,70,-0.0075301204819276935
2022-06-08,32650,33250,32600,33150,144,0.006069802731411222
2022-06-09,33250,33350,31650,33350,469,0.006033182503770718
2022-06-10,33400,33500,33000,33500,264,0.004497751124437732
2022-06-13,32700,33800,32700,33800,593,0.008955223880596996
2022-06-14,33800,33900,32800,33750,803,-0.0014792899408283544
2022-06-15,34000,34000,33400,33800,184,0.001481481481481417
2022-06-16,34250,34250,34000,34000,72,0.00591715976331364
2022-06-17,34000,34000,33850,33850,118,-0.004411764705882337
2022-06-20,34650,34650,34500,34500,192,0.019202363367799125
2022-06-21,34000,34450,34000,34300,209,-0.005797101449275366
2022-06-22,34900,34900,33650,33650,433,-0.01895043731778423
2022-06-23,31000,31200,28500,28500,4462,-0.15304606240713226
2022-06-24,28450,29000,28450,28950,214,0.015789473684210575
2022-06-27,29500,29500,28650,29150,399,0.006908462867012188
2022-06-28,28700,29100,28700,29100,132,-0.0017152658662092923
2022-06-29,29050,29050,28350,28850,184,-0.00859106529209619
2022-06-30,28850,29100,28850,29100,47,0.008665511265164572
2022-07-01,28800,29450,28800,29450,26,0.012027491408934665
2022-07-04,28800,28900,28600,28750,209,-0.02376910016977929
2022-07-05,28500,29050,28500,28950,20,0.006956521739130528
2022-07-06,28950,28950,28650,28650,46,-0.010362694300518172
2022-07-07,29100,29200,28800,29200,284,0.01919720767888311
2022-07-08,29800,29800,29750,29750,318,0.018835616438356073
2022-07-11,30700,30700,27650,29300,327,-0.015126050420168013
2022-07-12,29150,29300,28450,28450,128,-0.029010238907849817
2022-07-13,28000,29000,28000,29000,126,0.019332161687170446
2022-07-14,28600,28950,28250,28950,127,-0.0017241379310344307
2022-07-15,28150,28350,28100,28100,280,-0.029360967184801412
2022-07-18,28300,28300,27950,27950,601,-0.005338078291814985
2022-07-19,28100,28100,27950,27950,43,0.0
2022-07-20,27650,27950,27650,27850,174,-0.003577817531305927
2022-07-21,27900,28500,27900,28350,294,0.01795332136445249
2022-07-22,28300,28350,27550,27800,804,-0.01940035273368612
2022-07-25,27850,28000,27800,28000,115,0.007194244604316502
2022-07-26,28000,28000,27900,28000,63,0.0
2022-07-27,27850,27850,27750,27800,78,-0.0071428571428571175
2022-07-28,29200,29200,27950,27950,574,0.0053956834532373765
2022-07-29,27650,27950,27650,27850,86,-0.003577817531305927
2022-08-01,27850,28350,27200,27200,248,-0.02333931777378817
2022-08-02,27450,27600,27400,27600,280,0.014705882352941124
2022-08-03,27600,28000,27550,28000,233,0.01449275362318847
2022-08-04,28300,28300,28150,28300,183,0.010714285714285676
2022-08-05,28300,28500,28300,28500,30,0.007067137809187329
2022-08-08,29650,29650,28500,28500,47,0.0
2022-08-09,28500,28900,28500,28550,24,0.0017543859649122862
2022-08-10,28750,28750,28300,28600,183,0.0017513134851139256
2022-08-11,28500,28600,28500,28600,74,0.0
2022-08-12,28600,28600,28500,28550,43,-0.0017482517482517723
2022-08-16,28550,29000,28250,29000,135,0.015761821366024442
2022-08-17,28600,29000,28500,28500,123,-0.017241379310344862
2022-08-18,28500,28750,28500,28700,131,0.007017543859649145
2022-08-19,28650,28800,28600,28750,99,0.0017421602787457413
2022-08-22,28100,28300,28100,28300,226,-0.01565217391304352
2022-08-23,28250,28250,27900,27900,31,-0.014134275618374548
2022-08-24,28000,28300,28000,28300,6,0.014336917562723928
2022-08-25,28300,28450,28300,28450,267,0.005300353356890497
2022-08-26,28400,28900,28400,28900,74,0.01581722319859402
2022-08-29,28100,28200,27900,27950,53,-0.03287197231833905
2022-08-30,27800,27950,27800,27950,84,0.0
2022-08-31,27950,28200,27950,28200,3,0.008944543828264706
2022-09-01,28050,28200,28050,28200,8,0.0
2022-09-02,28200,28350,28200,28350,86,0.005319148936170137
2022-09-05,29000,29000,27400,27450,426,-0.031746031746031744
2022-09-06,27550,27750,27400,27400,13,-0.0018214936247723523
2022-09-07,27400,27550,27300,27300,66,-0.0036496350364964014
2022-09-08,27650,27800,27650,27800,5,0.01831501831501825
2022-09-13,27800,27800,27550,27700,14,-0.003597122302158251
2022-09-14,27550,27700,27500,27700,55,0.0
2022-09-15,27850,28450,27850,28400,51,0.025270758122743597
2022-09-16,28500,28500,28100,28400,33,0.0
2022-09-19,28300,28300,27550,27600,58,-0.028169014084507005
2022-09-20,27400,27400,27300,27400,106,-0.007246376811594235
2022-09-21,27550,27550,27550,27550,8,0.005474452554744547
2022-09-22,27400,27700,27000,27700,47,0.005444646098003547
2022-09-23,27300,27300,26700,27000,38,-0.02527075812274371
2022-09-26,25200,25450,24950,24950,372,-0.07592592592592595
2022-09-27,24950,24950,23700,24300,176,-0.02605210420841686
2022-09-28,22750,24000,22750,24000,110,-0.012345679012345734
2022-09-29,23100,23750,23100,23750,566,-0.01041666666666663
2022-09-30,22850,23800,22850,23800,138,0.002105263157894832
2022-10-04,23800,25000,23800,24950,250,0.04831932773109249
2022-10-05,25100,25550,25100,25500,152,0.022044088176352616
2022-10-06,25500,26850,25500,26850,107,0.05294117647058827
2022-10-07,26050,26900,26050,26900,31,0.0018621973929235924
2022-10-11,25950,26300,25300,25300,108,-0.059479553903345694
2022-10-12,24650,25300,24550,25300,36,0.0
2022-10-13,24000,25150,24000,25150,125,-0.005928853754940677
2022-10-14,24650,26050,24650,26050,85,0.035785288270377746
2022-10-17,26050,26500,26050,26500,6,0.017274472168905985
2022-10-18,26500,26600,26450,26450,95,-0.0018867924528301883
2022-10-19,25650,26200,25400,26200,175,-0.009451795841209809
2022-10-20,25600,26900,25500,25500,136,-0.026717557251908386
2022-10-21,25050,25450,25000,25100,654,-0.015686274509803977
2022-10-24,25500,25500,25500,25500,16,0.015936254980079667
2022-10-25,25700,26800,25700,26650,136,0.045098039215686336
2022-10-26,26650,26650,26100,26650,157,0.0
2022-10-27,26650,27000,26200,27000,74,0.013133208255159401
2022-10-28,26600,27000,26600,26900,69,-0.0037037037037036535
2022-10-31,26550,27300,26400,27300,53,0.014869888475836479
2022-11-01,25900,26550,25900,26350,294,-0.034798534798534786
2022-11-02,26350,26350,26050,26350,52,0.0
2022-11-03,26350,26900,26350,26900,130,0.020872865275142205
2022-11-04,26050,26500,25000,25000,639,-0.07063197026022305
2022-11-07,25150,25150,24800,24850,638,-0.006000000000000005
2022-11-08,25100,25150,25050,25100,48,0.010060362173038184
2022-11-09,25100,25900,25100,25800,30,0.027888446215139417
2022-11-10,25800,25800,25750,25800,33,0.0
2022-11-11,25800,25800,25800,25800,143,0.0
2022-11-14,25800,25800,25800,25800,80,0.0
2022-11-15,25800,25800,25600,25750,111,-0.0019379844961240345
2022-11-16,25750,25750,25750,25750,16,0.0
2022-11-17,25050,25300,24600,25200,70,-0.021359223300970842
2022-11-18,25500,25700,25500,25600,16,0.015873015873015817
2022-11-21,25600,25600,25600,25600,4,0.0
2022-11-22,25100,25500,25000,25500,172,-0.00390625
2022-11-23,25100,25100,25000,25000,779,-0.019607843137254943
2022-11-24,25000,25200,25000,25000,406,0.0
2022-11-25,25000,25000,24950,24950,15,-0.0020000000000000018
2022-11-28,24550,24900,24550,24900,177,-0.002004008016032066
2022-11-29,24850,24900,24850,24900,17,0.0
2022-11-30,24550,25000,24550,25000,148,0.004016064257028162
2022-12-01,25050,25900,25000,25500,819,0.020000000000000018
2022-12-02,26300,26300,25350,25950,124,0.01764705882352935
2022-12-05,25800,26150,25550,25550,262,-0.015414258188824692
2022-12-06,25500,26200,25500,26200,73,0.02544031311154593
2022-12-07,25100,25500,25100,25500,27,-0.026717557251908386
2022-12-08,25750,25750,25750,25750,6,0.009803921568627416
2022-12-09,26100,26100,25700,26100,11,0.013592233009708687
2022-12-12,25600,25600,25500,25600,191,-0.019157088122605415
2022-12-13,25200,25200,25000,25000,1259,-0.0234375
2022-12-14,25000,25150,24900,24900,7,-0.0040000000000000036
2022-12-15,25150,25450,25000,25000,25,0.004016064257028162
2022-12-16,25000,25100,25000,25000,35,0.0
2022-12-19,25000,25700,25000,25000,420,0.0
2022-12-20,25350,25650,25350,25400,62,0.016000000000000014
2022-12-21,25400,25400,25400,25400,27,0.0
2022-12-22,25000,25300,25000,25100,11,-0.011811023622047223
2022-12-23,25250,25300,25000,25000,96,-0.003984063745019917
2022-12-26,25000,25200,24900,25200,36,0.008000000000000007
2022-12-27,24900,25150,24900,25100,27,-0.003968253968253954
2022-12-28,24900,24900,24900,24900,183,-0.007968127490039834
2022-12-29,27300,31850,25850,25850,21876,0.0381526104417671
2023-01-02,25000,25000,23650,23650,4873,-0.08510638297872342
2023-01-03,25300,30700,25000,30700,19494,0.2980972515856237
2023-01-04,31400,31400,28550,29000,17225,-0.055374592833876246
2023-01-05,27300,28300,27200,27450,5560,-0.05344827586206902
2023-01-06,28500,33500,28500,28500,25544,0.03825136612021862
2023-01-09,27350,28700,27350,27700,7806,-0.028070175438596467
2023-01-10,28000,29750,26450,28850,8514,0.041516245487364545
2023-01-11,27900,28700,27800,27900,3810,-0.032928942807625705
2023-01-12,27650,29100,27650,27650,6012,-0.008960573476702538
2023-01-13,28400,29100,28000,28250,6898,0.02169981916817365
2023-01-16,27800,28100,27800,28000,3341,-0.008849557522123908
2023-01-17,28000,28000,27550,27950,2084,-0.0017857142857142794
2023-01-18,27550,27600,27150,27200,3135,-0.02683363148479423
2023-01-19,27250,27600,27250,27250,589,0.0018382352941177516
2023-01-20,28000,29200,27350,29200,1911,0.071559633027523
2023-01-25,29200,29200,27350,27400,5712,-0.06164383561643838
2023-01-26,27200,27500,27150,27350,450,-0.0018248175182481452
2023-01-27,27400,27450,27050,27050,863,-0.010968921389396757
2023-01-30,27300,27300,26600,26750,787,-0.011090573012939031
2023-01-31,26750,26750,26450,26500,521,-0.009345794392523366
2023-02-01,26550,26700,26550,26650,283,0.005660377358490676
2023-02-02,26650,26900,26650,26850,165,0.007504690431519689
2023-02-03,26850,27000,26650,26850,661,0.0
2023-02-06,26800,27600,26800,26950,853,0.003724394785847407
2023-02-07,27050,27500,27050,27150,700,0.007421150278293043
2023-02-08,27150,27550,27150,27550,560,0.014732965009208066
2023-02-09,27500,27700,27250,27250,197,-0.010889292196007205
2023-02-10,27700,28450,27300,28450,1281,0.044036697247706424
2023-02-13,27500,28000,27500,27800,2086,-0.02284710017574687
2023-02-14,28350,28350,27550,27750,393,-0.0017985611510791255
2023-02-15,27750,27750,27150,27150,431,-0.021621621621621623
2023-02-16,27350,27450,26900,27000,1039,-0.0055248618784530246
2023-02-17,26900,26900,26600,26700,268,-0.011111111111111072
2023-02-20,27300,27300,26550,26700,688,0.0
2023-02-21,26650,26850,26500,26850,187,0.00561797752808979
2023-02-22,26800,26950,26500,26500,292,-0.013035381750465591
2023-02-23,26850,26850,26400,26400,484,-0.0037735849056603765
2023-02-24,26500,27100,26500,26900,290,0.018939393939394034
2023-02-27,27100,27100,26300,26300,1036,-0.022304832713754608
2023-02-28,26300,26450,26300,26300,22,0.0
2023-03-02,26200,26550,26000,26300,159,0.0
2023-03-03,26150,26400,26000,26150,373,-0.005703422053231932
2023-03-06,26150,26250,25850,26250,379,0.003824091778202643
2023-03-07,26200,26200,25800,25950,301,-0.011428571428571455
2023-03-08,25750,25750,25700,25750,346,-0.0077071290944122905
2023-03-09,26000,26000,25200,25500,268,-0.009708737864077666
2023-03-10,25500,25500,25000,25100,527,-0.015686274509803977
2023-03-13,25050,25350,25050,25350,46,0.009960159362549792
2023-03-14,24750,25000,24750,24750,83,-0.023668639053254448
2023-03-15,25200,25700,25000,25650,163,0.036363636363636376
2023-03-16,25000,25500,24800,25500,160,-0.005847953216374324
2023-03-17,25550,25550,25050,25050,172,-0.01764705882352946
2023-03-20,24700,24750,24700,24750,314,-0.0119760479041916
2023-03-21,25000,25200,24900,25150,103,0.016161616161616266
2023-03-22,25400,25400,25400,25400,41,0.00994035785288272
2023-03-23,25250,25250,24600,24950,145,-0.017716535433070835
2023-03-24,25400,25400,24500,24500,82,-0.018036072144288595
2023-03-27,24500,24500,23800,23800,140,-0.02857142857142858
2023-03-28,24400,25400,24000,25400,153,0.0672268907563025
2023-03-29,24800,25300,24400,25300,572,-0.003937007874015741
2023-03-30,24700,24700,24450,24500,698,-0.031620553359683834
2023-03-31,24800,25800,24450,25800,198,0.05306122448979589
2023-04-03,25750,25750,24500,24500,2015,-0.050387596899224785
2023-04-04,24500,24500,24200,24350,183,-0.006122448979591799
2023-04-05,24300,25200,24250,25100,606,0.030800821355236208
2023-04-06,24850,25500,24500,24550,2520,-0.021912350597609542
2023-04-07,24750,24750,24600,24650,306,0.004073319755600879
2023-04-10,25100,25100,24150,24200,803,-0.018255578093306246
2023-04-11,24400,24400,24000,24100,279,-0.004132231404958664
2023-04-12,24200,24850,24200,24750,490,0.026970954356846377
2023-04-13,24950,24950,24500,24750,714,0.0
2023-04-14,24600,25950,24600,24800,120,0.002020202020202033
2023-04-17,24550,25000,24550,24950,531,0.006048387096774244
2023-04-18,24900,25150,24850,25150,1201,0.008016032064128265
2023-04-19,25100,25500,24900,25500,218,0.013916500994035852
2023-04-20,25250,26500,25250,26500,2180,0.03921568627450989
2023-04-21,26450,26450,25500,25900,582,-0.02264150943396226
2023-04-24,25900,25900,25300,25650,366,-0.009652509652509633
2023-04-25,25650,25650,24550,24900,485,-0.0292397660818714
2023-04-26,24900,24900,24450,24450,120,-0.01807228915662651
2023-04-27,24300,24700,24300,24700,223,0.010224948875255713
2023-04-28,25200,25200,24450,25000,161,0.012145748987854255
2023-05-02,24150,24350,24150,24250,939,-0.030000000000000027
2023-05-03,24250,24650,24250,24350,219,0.004123711340206171
2023-05-04,24350,24450,24100,24450,131,0.004106776180698102
2023-05-08,24700,27200,24250,26200,3190,0.07157464212678932
2023-05-09,25850,25900,25500,25550,1358,-0.024809160305343525
2023-05-10,25550,25550,24950,24950,328,-0.023483365949119372
2023-05-11,25000,25950,25000,25500,901,0.022044088176352616
2023-05-12,25300,25300,24800,25300,978,-0.007843137254901933
2023-05-15,25300,25300,24900,25200,43,-0.0039525691699604515
2023-05-16,24550,25000,24550,25000,276,-0.007936507936507908
2023-05-17,25000,25300,25000,25250,452,0.010000000000000009
2023-05-18,24600,24750,24600,24750,134,-0.01980198019801982
2023-05-19,24750,25150,24700,25100,177,0.014141414141414232
2023-05-22,25850,25850,24850,25600,168,0.019920318725099584
2023-05-23,24800,25000,24800,24800,1333,-0.03125
2023-05-24,25950,25950,24800,25750,2319,0.03830645161290325
2023-05-25,25600,25750,25150,25600,53,-0.005825242718446644
2023-05-26,25500,25500,24850,24850,1028,-0.029296875
2023-05-30,25700,25700,25350,25350,452,0.02012072434607637
2023-05-31,25650,25650,24700,24950,247,-0.015779092702169595
2023-06-01,24950,25700,24850,25300,176,0.014028056112224352
2023-06-02,25700,25700,25200,25200,29,-0.0039525691699604515
2023-06-05,25550,25550,25350,25350,103,0.005952380952380931
2023-06-07,25600,26850,25350,25900,6621,0.021696252465483346
2023-06-08,24900,25550,24900,25250,1580,-0.025096525096525046
2023-06-09,25050,25400,25050,25300,463,0.001980198019801982
2023-06-12,26050,26050,25500,26000,940,0.027667984189723382
2023-06-13,26100,26200,25100,26200,2710,0.007692307692307665
2023-06-14,27400,27400,25550,26300,5654,0.003816793893129722
2023-06-15,25800,26000,25650,25650,2010,-0.024714828897338448
2023-06-16,25650,26000,25650,25900,440,0.00974658869395717
2023-06-19,25350,25800,25350,25650,242,-0.009652509652509633
2023-06-20,25650,25650,25300,25350,198,-0.011695906432748537
2023-06-21,25250,25250,25000,25050,142,-0.011834319526627168
2023-06-22,24950,25600,24950,25000,100,-0.001996007984031989
2023-06-23,24750,24750,23650,24200,1501,-0.03200000000000003
2023-06-26,24000,24650,23950,24650,322,0.018595041322314154
2023-06-27,23800,24100,23800,23950,457,-0.028397565922920864
2023-06-28,24200,25000,24200,24300,95,0.014613778705636848
2023-06-29,24000,24950,23750,24350,158,0.002057613168724215
2023-06-30,24000,24350,23900,24350,240,0.0
2023-07-03,24300,24300,23700,23950,236,-0.01642710472279263
2023-07-04,23700,23850,23650,23850,195,-0.0041753653444676075
2023-07-05,23950,24650,23650,23750,263,-0.004192872117400381
2023-07-06,23450,23550,22500,23050,317,-0.02947368421052632
2023-07-07,22500,23050,22500,23050,423,0.0
2023-07-10,23050,23050,22300,22300,212,-0.03253796095444683
2023-07-11,22200,22200,22000,22000,732,-0.013452914798206317
2023-07-12,22000,22350,22000,22000,129,0.0
2023-07-13,22300,22600,22300,22300,60,0.013636363636363669
2023-07-14,22700,22700,22050,22150,184,-0.006726457399103158
2023-07-17,21800,22000,21450,22000,604,-0.006772009029345383
2023-07-18,22000,22000,21150,21400,531,-0.027272727272727226
2023-07-19,21400,21900,21200,21200,231,-0.009345794392523366
2023-07-20,22000,22000,21200,21550,72,0.01650943396226423
2023-07-21,22150,22150,21250,21750,87,0.009280742459396807
2023-07-24,21750,21750,21250,21250,37,-0.02298850574712641
2023-07-25,21250,21250,21000,21250,362,0.0
2023-07-26,21200,21200,19120,19580,560,-0.07858823529411763
2023-07-27,20600,20600,20100,20300,47,0.036772216547497516
2023-07-28,20350,20350,20200,20200,344,-0.0049261083743842304
2023-07-31,20200,20950,20200,20950,340,0.03712871287128716
2023-08-01,21800,21800,20950,21800,117,0.04057279236276856
2023-08-02,21800,21800,20850,20900,149,-0.041284403669724745
2023-08-03,20650,20650,20150,20200,105,-0.03349282296650713
2023-08-04,20600,21000,20600,20950,72,0.03712871287128716
2023-08-07,20950,21400,20450,20450,53,-0.023866348448687402
2023-08-08,20450,20700,20200,20550,98,0.004889975550122161
2023-08-09,20550,20600,20100,20600,84,0.0024330900243310083
2023-08-10,20700,21000,20700,21000,46,0.01941747572815533
2023-08-11,20950,21000,20200,20450,181,-0.02619047619047621
2023-08-14,20450,20900,20450,20900,28,0.022004889975550057
2023-08-16,20850,20850,20800,20800,17,-0.004784688995215336
2023-08-17,20500,20800,19830,20450,231,-0.016826923076923128
2023-08-18,20400,20500,19810,19810,278,-0.03129584352078241
2023-08-21,20300,20300,19800,20100,117,0.01463907117617369
2023-08-22,19800,23700,19800,20450,7422,0.017412935323383172
2023-08-23,20500,20500,20000,20050,1892,-0.019559902200488977
2023-08-24,20500,20500,19440,19700,967,-0.017456359102244412
2023-08-25,19700,19700,19430,19490,102,-0.010659898477157315
2023-08-28,19460,19960,19450,19960,1576,0.024114930733709627
2023-08-29,19950,19950,19890,19890,481,-0.003507014028056088
2023-08-30,19930,19930,19710,19890,365,0.0
2023-08-31,19900,19900,19800,19890,125,0.0
2023-09-01,19850,19850,19730,19800,303,-0.004524886877828038
2023-09-04,20200,20200,19410,19770,784,-0.0015151515151514694
2023-09-05,19490,19580,19470,19580,577,-0.00961052099140114
2023-09-06,19900,20350,19510,19510,204,-0.003575076608784422
2023-09-07,19510,19980,19510,19920,41,0.021014864172219427
2023-09-08,20350,20600,19550,19960,939,0.002008032128514081
2023-09-11,19960,19960,19600,19610,137,-0.01753507014028055
2023-09-12,19970,19990,19970,19970,22,0.018357980622131675
2023-09-13,20250,20250,19450,19450,153,-0.026039058587881803
2023-09-14,19870,19870,19500,19670,281,0.01131105398457577
2023-09-15,20000,20000,19400,19430,524,-0.012201321809862775
2023-09-18,19990,19990,19420,19760,175,0.016984045290787453
2023-09-19,19150,19400,19150,19400,1379,-0.018218623481781382
2023-09-20,19400,19400,19130,19190,86,-0.010824742268041199
2023-09-21,19130,19270,19130,19270,60,0.004168837936425307
2023-09-22,19300,19300,19120,19260,206,-0.0005189413596263792
2023-09-25,19870,19870,19160,19160,169,-0.005192107995846351
2023-09-26,19160,19160,19000,19000,521,-0.008350730688935326
2023-09-27,19000,19150,19000,19150,119,0.007894736842105177
2023-10-04,19170,19170,19010,19170,227,0.001044386422976551
2023-10-05,19010,19020,19000,19000,770,-0.008868022952529975
2023-10-06,18990,19000,18860,19000,687,0.0
2023-10-10,18820,18820,18810,18810,100,-0.010000000000000009
2023-10-11,18650,18810,18650,18800,64,-0.0005316321105794941
2023-10-12,18780,20600,18780,20200,1809,0.07446808510638303
2023-10-13,22450,22450,20250,20800,1191,0.02970297029702973
2023-10-16,21000,21000,19960,20900,278,0.004807692307692291
2023-10-17,21150,21150,20400,20600,86,-0.014354066985645897
2023-10-18,21050,21050,18440,18440,1183,-0.10485436893203881
2023-10-19,20400,20400,18740,19310,1780,0.04718004338394799
2023-10-20,21250,21250,19000,19950,288,0.03314344899016053
2023-10-23,20000,20050,18830,19950,1092,0.0
2023-10-24,20200,20200,19800,19800,17,-0.007518796992481258
2023-10-25,19050,19990,19050,19780,179,-0.0010101010101010166
2023-10-26,21450,21450,19310,19650,222,-0.0065722952477249574
2023-10-27,20000,20000,17520,17520,131,-0.10839694656488552
2023-10-30,20300,20300,18500,18500,1260,0.05593607305936077
2023-10-31,19990,19990,18500,19000,663,0.027027027027026973
2023-11-01,19590,19590,18080,18080,194,-0.04842105263157892
2023-11-02,18700,19190,18700,19080,1144,0.055309734513274256
2023-11-03,19250,19250,18830,19100,296,0.0010482180293500676
2023-11-06,20000,20000,18720,19130,28,0.0015706806282722585
2023-11-07,19010,19130,19010,19130,6,0.0
2023-11-08,18800,18900,18800,18870,516,-0.013591217982226844
2023-11-09,18900,18900,18610,18610,400,-0.01377848436671969
2023-11-10,18980,18980,18250,18250,208,-0.01934443847393874
2023-11-13,18900,18900,18880,18900,52,0.03561643835616435
2023-11-14,19980,19980,18620,18820,639,-0.004232804232804255
2023-11-15,19000,19400,18900,19400,144,0.03081827842720508
2023-11-16,19400,21500,19400,21500,213,0.10824742268041243
2023-11-17,21500,21500,19460,19460,424,-0.09488372093023256
2023-11-20,19500,19800,19500,19510,194,0.002569373072970116
2023-11-21,20050,25350,20050,25350,20281,0.2993336750384419
2023-11-22,27350,29100,23850,25200,33040,-0.00591715976331364
2023-11-23,23800,23800,22900,22950,7604,-0.0892857142857143
2023-11-24,22150,22150,21650,21800,3368,-0.050108932461873645
2023-11-27,22300,22850,20350,20350,4719,-0.0665137614678899
2023-11-28,20350,22800,20350,22550,4673,0.10810810810810811
2023-11-29,16800,21900,16800,21200,3947,-0.05986696230598665
2023-11-30,20600,23400,20550,23000,7758,0.08490566037735858
2023-12-01,24000,26400,23050,25800,8365,0.12173913043478257
2023-12-04,26900,27950,24800,24800,6130,-0.03875968992248058
2023-12-05,23100,23100,22400,22450,3040,-0.094758064516129
2023-12-06,22400,23750,22000,23500,1924,0.04677060133630295
2023-12-07,23550,30550,23550,30550,24157,0.30000000000000004
2023-12-08,27550,27550,25250,25600,11955,-0.1620294599018003
2023-12-11,25550,25700,24000,24000,4957,-0.0625
2023-12-12,24000,24000,23150,23600,3704,-0.01666666666666672
2023-12-13,24050,24100,23200,23600,1080,0.0
2023-12-14,24300,24300,23200,23300,1671,-0.012711864406779627
2023-12-15,23000,24150,22650,23850,1596,0.023605150214592197
2023-12-18,23850,23850,23300,23400,1410,-0.018867924528301883
2023-12-19,23900,23900,22550,22600,1485,-0.03418803418803418
2023-12-20,22000,22200,22000,22100,2773,-0.02212389380530977
2023-12-21,22100,22450,21350,22400,999,0.013574660633484115
2023-12-22,22550,22550,21400,22300,1895,-0.004464285714285698
2023-12-26,22950,22950,22500,22500,798,0.008968609865470878
2023-12-27,21650,22650,21550,22650,2182,0.006666666666666599
2023-12-28,22050,22900,21650,21850,3308,-0.03532008830022071
2024-01-02,21550,21800,20900,21550,1695,-0.013729977116704761
2024-01-03,21450,21650,21300,21650,421,0.004640371229698292
2024-01-04,21400,21850,21400,21700,142,0.002309468822170979
2024-01-05,21700,21700,21400,21500,253,-0.009216589861751112
2024-01-08,21400,21500,21300,21500,533,0.0
2024-01-09,21550,21950,21150,21700,129,0.009302325581395321
2024-01-10,21600,21600,20900,21300,557,-0.018433179723502335
2024-01-11,22000,22000,21300,21650,276,0.016431924882629012
2024-01-12,21000,21750,21000,21250,147,-0.018475750577367167
2024-01-15,21250,21500,21050,21500,118,0.0117647058823529
2024-01-16,21600,21600,20850,21300,800,-0.009302325581395321
2024-01-17,21000,21550,21000,21300,396,0.0
2024-01-18,21300,21650,21250,21250,1172,-0.0023474178403756207
2024-01-19,21250,21300,21000,21300,162,0.0023529411764706687
2024-01-22,20200,21300,20200,21300,305,0.0
2024-01-23,20950,21700,20950,21200,251,-0.0046948356807511304
2024-01-24,20700,21000,20050,20500,307,-0.03301886792452835
2024-01-25,20050,20500,20050,20500,462,0.0
2024-01-26,19660,20500,19660,20300,763,-0.009756097560975618
2024-01-29,20700,20700,20050,20250,14,-0.0024630541871921707
2024-01-30,20450,20450,20200,20250,195,0.0
2024-01-31,20500,20500,20450,20450,236,0.009876543209876631
2024-02-01,21300,21300,20100,20550,273,0.004889975550122161
2024-02-02,21150,21150,20250,20450,689,-0.0048661800486617945
2024-02-05,21300,21300,20500,20950,137,0.02444987775061125
2024-02-06,20650,20650,20300,20300,46,-0.031026252983293534
2024-02-07,20400,20450,20200,20450,18,0.00738916256157629
2024-02-08,20550,20600,20550,20600,176,0.007334963325183352
2024-02-13,21200,21200,20650,20700,121,0.004854368932038833
2024-02-14,20650,20700,20550,20550,115,-0.007246376811594235
2024-02-15,21000,21000,20200,20950,90,0.019464720194647178
2024-02-16,20950,21000,20950,21000,756,0.0023866348448686736
2024-02-19,21000,21000,20650,21000,352,0.0
2024-02-20,21000,21000,20700,20950,130,-0.0023809523809523725
2024-02-21,20550,21150,20550,20750,571,-0.009546539379474916
2024-02-22,21100,21100,20450,21050,453,0.014457831325301207
2024-02-23,20800,21400,20800,21050,100,0.0
2024-02-26,21500,21500,20700,21150,338,0.004750593824228044
2024-02-27,21100,21100,20600,21000,327,-0.007092198581560294
2024-02-28,21400,21400,20700,21250,67,0.011904761904761862
2024-02-29,21250,21250,20700,21200,389,-0.0023529411764705577
2024-03-04,21200,21200,20550,21000,81,-0.009433962264150941
2024-03-05,20750,21450,20600,21000,246,0.0
2024-03-06,20800,20800,20800,20800,100,-0.00952380952380949
2024-03-07,21200,21200,20600,20700,173,-0.004807692307692291
2024-03-08,21200,21200,20350,20450,760,-0.012077294685990392
2024-03-11,20000,20150,20000,20150,446,-0.014669926650366705
2024-03-12,20650,20650,20000,20050,181,-0.00496277915632759
2024-03-13,20300,20300,19800,19950,171,-0.004987531172069848
2024-03-14,19890,20100,19870,19870,274,-0.004010025062656686
2024-03-15,19700,20000,19600,19950,897,0.004026170105686955
2024-03-18,19880,20700,19880,20650,134,0.03508771929824572
2024-03-19,20200,20650,20200,20600,327,-0.002421307506053294
2024-03-20,20250,20500,20100,20500,324,-0.004854368932038833
2024-03-21,21100,21100,19980,19980,1002,-0.025365853658536608
2024-03-22,20000,20150,20000,20050,454,0.003503503503503591
2024-03-25,20250,20300,19880,20300,107,0.012468827930174564
2024-03-26,20300,20400,20000,20300,167,0.0
2024-03-27,20300,20300,20050,20300,781,0.0
2024-03-28,20500,20500,20450,20450,922,0.00738916256157629
2024-03-29,20650,20650,20250,20600,21,0.007334963325183352
2024-04-01,20600,20600,20250,20600,103,0.0
2024-04-02,20600,20600,20150,20600,213,0.0
2024-04-03,21300,21300,20200,20200,635,-0.01941747572815533
2024-04-04,21000,21000,20800,20950,211,0.03712871287128716
2024-04-05,21250,21250,20300,20300,137,-0.031026252983293534
2024-04-08,20300,21150,20300,21000,69,0.034482758620689724
2024-04-09,21250,21250,20800,20850,37,-0.0071428571428571175
2024-04-11,20750,20800,20500,20500,69,-0.016786570743405282
2024-04-12,20500,20600,20350,20550,394,0.0024390243902439046
2024-04-15,21350,21350,20050,20050,161,-0.024330900243308973
2024-04-16,20350,20350,19700,19700,119,-0.017456359102244412
2024-04-17,19700,20300,19700,19730,95,0.001522842639593902
2024-04-18,20800,20800,20000,20300,99,0.028890015205271125
2024-04-19,21200,21200,19840,20850,101,0.027093596059113212
2024-04-22,20800,21000,20750,20750,199,-0.004796163069544335
2024-04-23,21050,21050,20350,20400,55,-0.016867469879518038
2024-04-24,20950,20950,20300,20800,320,0.019607843137254832
2024-04-25,21900,21900,20800,20800,329,0.0
2024-04-26,21950,21950,20550,20800,52,0.0
2024-04-29,21950,21950,20500,20800,199,0.0
2024-04-30,20500,21050,20500,21050,180,0.012019230769230838
2024-05-02,20850,21050,20850,21000,56,-0.002375296912114022
2024-05-03,21000,21450,21000,21450,690,0.021428571428571352
2024-05-07,21900,22200,21850,22200,2811,0.034965034965035
2024-05-08,23150,23150,22100,22200,192,0.0
2024-05-09,22400,22400,21500,22100,1663,-0.0045045045045044585
2024-05-10,22100,23000,21700,22850,1193,0.03393665158371051
2024-05-13,22850,22900,22850,22850,1131,0.0
2024-05-14,22600,23350,22500,23200,396,0.015317286652078765
2024-05-16,22550,24250,22550,24250,7077,0.04525862068965525
2024-05-17,24350,25800,23100,23100,13705,-0.04742268041237119
2024-05-20,23000,23100,22500,22500,5194,-0.025974025974025983
2024-05-21,22400,22400,22150,22150,1242,-0.015555555555555545
2024-05-22,22150,22400,21550,22350,809,0.009029345372460584
2024-05-23,22350,22900,21900,22450,523,0.004474272930648837
2024-05-24,22050,25100,22050,23200,14052,0.03340757238307357
2024-05-27,23200,23500,22700,23300,4066,0.004310344827586299
2024-05-28,23900,24600,22650,22800,4458,-0.02145922746781115
2024-05-29,22200,22200,21200,21200,4705,-0.07017543859649122
2024-05-30,21200,21350,21050,21050,1223,-0.007075471698113178
2024-05-31,20700,21200,20700,20850,1590,-0.009501187648456089
2024-06-03,21050,23500,21050,23400,4107,0.1223021582733812
2024-06-04,23400,23400,21650,22300,2246,-0.047008547008547064
2024-06-05,22300,23100,21850,22000,591,-0.013452914798206317
2024-06-07,23000,24000,21700,23000,6354,0.045454545454545414
2024-06-10,22350,23200,21700,21900,1834,-0.047826086956521685
2024-06-11,22050,22100,21650,21950,234,0.0022831050228311334
2024-06-12,21600,21900,21550,21650,488,-0.013667425968109326
2024-06-13,21550,22100,21550,21700,976,0.002309468822170979
2024-06-14,22250,26850,22100,24900,27695,0.14746543778801846
2024-06-17,24000,24000,22300,23100,6942,-0.07228915662650603
2024-06-18,22850,23400,22400,22900,5004,-0.008658008658008698
2024-06-19,22750,22750,21950,22550,5286,-0.015283842794759805
2024-06-20,22300,22500,22100,22100,2782,-0.019955654101995512
2024-06-21,22100,22200,21800,21950,2401,-0.006787330316742057
2024-06-24,22100,22150,21200,21950,1174,0.0
2024-06-25,21950,21950,21550,21900,587,-0.002277904328018221
2024-06-26,21900,21900,21500,21700,1056,-0.0091324200913242
2024-06-27,21500,21500,21200,21450,1202,-0.011520737327188946
2024-06-28,21450,21850,21400,21400,821,-0.002331002331002363
2024-07-01,22200,22200,21400,21450,1197,0.002336448598130758
2024-07-02,21850,22250,21500,22100,2143,0.030303030303030276
2024-07-03,22050,22050,21100,21350,1879,-0.0339366515837104
2024-07-04,21700,21700,21500,21500,618,0.007025761124121788
2024-07-05,21350,21750,21350,21550,671,0.0023255813953488857
2024-07-08,22250,23300,22000,22200,3676,0.030162412993039345
2024-07-09,21950,22450,21800,22450,757,0.011261261261261257
2024-07-10,22450,22450,21800,21950,144,-0.022271714922049046
2024-07-11,22500,22500,21950,22000,126,0.002277904328018332
2024-07-12,21750,22800,21750,22200,212,0.009090909090909038
2024-07-15,22200,22200,21550,21650,416,-0.024774774774774744
2024-07-16,21650,21800,21650,21800,287,0.006928406466512715
2024-07-17,22050,22050,21050,21050,1273,-0.0344036697247706
2024-07-18,21200,21200,20700,21000,440,-0.002375296912114022
2024-07-19,21000,21000,20700,21000,22,0.0
2024-07-22,21200,21200,20700,20900,84,-0.004761904761904745
2024-07-23,20850,21050,20700,21050,65,0.0071770334928229484
2024-07-24,21050,21250,20800,21250,433,0.009501187648456089
2024-07-25,20900,20950,20550,20700,234,-0.025882352941176467
2024-07-26,20700,20900,20700,20850,18,0.007246376811594235
2024-07-29,20550,20700,20500,20550,1138,-0.014388489208633115
2024-07-30,20800,20800,20550,20550,58,0.0
2024-07-31,21100,21100,20450,20600,50,0.0024330900243310083
2024-08-01,20950,20950,20600,20800,129,0.009708737864077666
2024-08-02,21100,21100,20100,20400,251,-0.019230769230769273
2024-08-05,20400,20400,18980,18980,618,-0.06960784313725488
2024-08-06,19350,19400,19000,19400,90,0.02212855637513167
2024-08-07,20050,20050,19400,19600,118,0.010309278350515427
2024-08-08,19600,19860,19600,19860,32,0.013265306122449028
2024-08-09,20000,21000,19950,20000,1170,0.007049345417925457
2024-08-12,19900,20400,19900,20400,58,0.020000000000000018
2024-08-13,19700,19730,19440,19440,670,-0.04705882352941182
2024-08-14,19440,19440,19350,19360,36,-0.004115226337448541
2024-08-16,19500,19500,19020,19020,260,-0.017561983471074405
2024-08-19,19010,19890,18840,18840,575,-0.009463722397476393
2024-08-20,19190,19190,18860,18880,212,0.002123142250530785
2024-08-21,19090,19150,18800,18990,174,0.005826271186440746
2024-08-22,18980,18980,18810,18880,160,-0.005792522380200116
2024-08-23,18880,18940,18770,18940,179,0.0031779661016948513
2024-08-26,18940,19030,18800,19030,38,0.0047518479408659164
2024-08-27,19070,19250,18900,19080,48,0.0026274303730950965
2024-08-28,19070,19190,18980,18980,76,-0.00524109014675056
2024-08-29,18890,18900,18720,18810,148,-0.008956796628029506
2024-08-30,18800,18860,18710,18780,159,-0.0015948963317384823
2024-09-02,19400,19400,19200,19200,332,0.022364217252396124
2024-09-03,19000,19450,18330,18330,96,-0.04531249999999998
2024-09-04,18340,18800,18340,18620,1282,0.015821058374249963
2024-09-05,20000,20000,18620,18620,338,0.0
2024-09-06,18620,18620,17310,17500,1255,-0.06015037593984962
2024-09-09,17500,17500,17000,17010,967,-0.028000000000000025
2024-09-10,17640,17640,16990,17080,715,0.004115226337448652
2024-09-11,17080,17180,17000,17180,188,0.005854800936768045
2024-09-12,17180,17420,17180,17420,149,0.01396973224679865
2024-09-13,17420,17420,17410,17410,58,-0.0005740528128588274
2024-09-19,17830,18190,17560,18190,259,0.04480183802412396
2024-09-20,18180,18700,18170,18470,251,0.015393073117097256
2024-09-23,17910,18450,17910,18450,662,-0.0010828370330265846
2024-09-24,18470,18990,17800,17800,377,-0.035230352303523005
2024-09-25,18250,18250,17790,17800,313,0.0
2024-09-26,18330,18330,17820,17820,24,0.0011235955056179137
2024-09-27,18200,18200,17930,17930,9,0.006172839506172867
2024-09-30,17930,17930,17750,17750,40,-0.010039040713887393
2024-10-02,17700,17700,17370,17550,18,-0.011267605633802802
2024-10-04,17550,17900,17550,17810,12,0.014814814814814836
2024-10-07,17810,17810,17390,17540,61,-0.015160022459292488
2024-10-08,17540,17540,17540,17540,124,0.0
2024-10-10,18020,18020,17540,17770,633,0.013112884834663552
2024-10-11,17740,17800,17550,17640,668,-0.007315700619020871
2024-10-14,17960,17960,17750,17840,384,0.01133786848072571
2024-10-15,18000,18110,17800,18110,358,0.015134529147982079
2024-10-16,18540,18540,18250,18250,65,0.007730535615682044
2024-10-17,19010,19010,18300,18450,187,0.010958904109588996
2024-10-18,18430,18430,18270,18270,19,-0.009756097560975618
2024-10-21,18270,18270,17500,18000,616,-0.014778325123152691
2024-10-22,18290,18410,17990,18400,144,0.022222222222222143
2024-10-23,18200,18390,18190,18380,19,-0.0010869565217391797
2024-10-24,18000,18290,17990,18130,51,-0.013601741022850944
2024-10-25,18060,18060,17830,17900,17,-0.012686155543298439
2024-10-28,17730,18380,17330,18380,718,0.02681564245810053
2024-10-29,20300,20300,17560,18210,500,-0.009249183895538637
2024-10-30,18210,18210,17650,17890,291,-0.01757276221856119
2024-10-31,17830,17890,17600,17880,102,-0.0005589714924538747
2024-11-01,17880,17880,17560,17880,66,0.0
2024-11-04,17880,17900,17810,17850,1236,-0.001677852348993314
2024-11-05,17400,17890,17400,17890,81,0.0022408963585434094
2024-11-06,17980,17980,17630,17870,43,-0.0011179429849077493
2024-11-07,18120,18120,17240,17240,952,-0.03525461667599328
2024-11-08,17110,17600,16970,17600,737,0.02088167053364276
2024-11-11,17330,17600,17330,17600,36,0.0
2024-11-12,17110,17530,17110,17530,279,-0.003977272727272774
2024-11-13,18090,18090,17360,17800,48,0.01540216771249292
2024-11-14,17250,17760,17250,17730,38,-0.00393258426966292
2024-11-15,18000,18000,17220,17850,377,0.006768189509306355
2024-11-18,17300,17700,17300,17560,250,-0.01624649859943983
2024-11-19,17400,17520,17070,17110,344,-0.025626423690204958
2024-11-20,17110,17180,16700,17090,362,-0.0011689070718877703
2024-11-21,16590,17020,16260,17020,1245,-0.0040959625511994835
2024-11-22,16980,16980,16330,16700,1026,-0.018801410105757976
2024-11-25,17000,17000,16560,16630,371,-0.004191616766467066
2024-11-26,16640,16800,16430,16600,114,-0.0018039687312086938
2024-11-27,16590,16590,16350,16470,758,-0.007831325301204783
2024-11-28,16490,16490,16210,16210,265,-0.015786278081360017
2024-11-29,16210,16210,16010,16020,261,-0.01172115977791488
2024-12-02,16430,16430,16200,16200,43,0.011235955056179803
2024-12-03,16020,16300,16020,16140,717,-0.0037037037037036535
2024-12-04,16000,16610,15990,16350,860,0.013011152416356975
2024-12-05,17500,17500,16900,16960,534,0.037308868501529036
2024-12-06,16200,16260,16020,16050,1376,-0.05365566037735847
2024-12-09,15900,15900,14600,14870,1866,-0.07352024922118383
2024-12-10,14840,19330,14840,19330,11263,0.2999327505043712
2024-12-11,19330,22500,18100,18100,26863,-0.06363166063114334
2024-12-12,17560,17560,16090,16240,11846,-0.10276243093922655
2024-12-13,16880,21100,16880,21100,25355,0.2992610837438423
2024-12-16,19490,22100,18100,18230,16292,-0.13601895734597158
2024-12-17,19500,23650,19500,23650,17848,0.2973121228743829
2024-12-18,21400,24000,21000,22200,24301,-0.06131078224101483
2024-12-19,20550,21600,20300,21000,16786,-0.05405405405405406
2024-12-20,22050,24900,19800,20250,28583,-0.0357142857142857
2024-12-23,21400,21400,19820,19930,12658,-0.01580246913580252
2024-12-24,19510,22500,19510,19830,17216,-0.005017561465127995
2024-12-26,20800,21000,19620,19820,7979,-0.0005042864346949116
2024-12-27,19630,19630,18800,19010,6334,-0.040867810292633755
2024-12-30,18710,19240,18710,18970,4255,-0.002104155707522315
2025-01-02,20000,23800,20000,22000,20850,0.1597258829731154
2025-01-03,20950,20950,19990,19990,14577,-0.09136363636363631
2025-01-06,19530,19530,19200,19200,5590,-0.03951975987993994
2025-01-07,19200,19200,18760,18890,4924,-0.016145833333333304
2025-01-08,19150,19380,18810,18830,5419,-0.0031762837480148187
2025-01-09,18750,18750,18460,18560,4949,-0.014338821030270843
2025-01-10,18630,19040,18560,18690,2834,0.0070043103448276245
2025-01-13,18360,18470,18240,18310,1904,-0.02033172819689677
2025-01-14,18270,18340,18020,18250,3993,-0.003276897870016393
2025-01-15,18500,18790,18070,18120,5012,-0.007123287671232825
2025-01-16,18060,18120,18000,18090,2812,-0.0016556291390728006
2025-01-17,18060,18060,17870,17900,1835,-0.010503040353786575
2025-01-20,17730,17800,17650,17670,1557,-0.012849162011173143
2025-01-21,17750,17750,17410,17430,1179,-0.01358234295415961
2025-01-22,17590,17590,17430,17430,749,0.0
2025-01-23,17290,17300,17040,17120,901,-0.017785427423981592
2025-01-24,17000,17290,17000,17000,1003,-0.007009345794392496
2025-01-31,17000,17000,16930,16930,444,-0.004117647058823559
2025-02-03,17000,17000,16690,16870,308,-0.0035440047253396667
2025-02-04,16840,16930,16750,16850,340,-0.0011855364552459946
2025-02-05,16850,16940,16720,16760,571,-0.005341246290801238
2025-02-06,16760,16830,16620,16810,1294,0.002983293556085842
2025-02-07,16980,16980,16800,16800,432,-0.0005948839976204212
2025-02-10,16880,16880,16460,16540,626,-0.015476190476190421
2025-02-11,16670,16670,16520,16620,616,0.0048367593712213
2025-02-12,16620,16620,16550,16550,183,-0.004211793020457266
2025-02-13,16500,16640,16500,16640,592,0.005438066465256908
2025-02-14,16500,16690,16470,16650,217,0.0006009615384614531
2025-02-17,16700,17080,16700,16920,1266,0.016216216216216273
2025-02-18,16840,16940,16810,16820,380,-0.005910165484633523
2025-02-19,16710,16920,16700,16870,308,0.0029726516052319685
2025-02-20,16870,16870,16560,16560,616,-0.018375815056313027
2025-02-21,16420,17180,16290,17180,1952,0.03743961352656999
2025-02-24,16950,16990,16720,16720,2091,-0.0267753201396973
2025-02-25,16730,16730,16510,16510,452,-0.012559808612440215
2025-02-26,16400,16580,16320,16390,1142,-0.007268322228952129
2025-02-27,16380,16470,16310,16310,451,-0.004881025015253226
2025-02-28,16300,16430,16260,16260,291,-0.003065603923973037
2025-03-04,16300,16300,16200,16290,199,0.0018450184501845879
2025-03-05,16290,16370,16170,16230,176,-0.0036832412523020164
2025-03-06,16330,16330,15980,15980,1307,-0.015403573629081957
2025-03-07,15980,16050,15940,15940,581,-0.0025031289111389077
2025-03-10,15910,15990,15820,15890,256,-0.0031367628607277265
2025-03-11,15610,15800,15610,15610,690,-0.017621145374449365
2025-03-12,15850,15850,15760,15780,298,0.010890454836643082
2025-03-13,15780,15800,15610,15620,529,-0.010139416983523497
2025-03-14,15850,15850,15750,15830,108,0.013444302176696565
2025-03-17,15830,15980,15830,15850,267,0.0012634238787112562
2025-03-18,17290,17290,15870,15870,1171,0.0012618296529969264
2025-03-19,16200,16200,16000,16180,103,0.01953371140516702
2025-03-20,16220,16870,15810,16820,1172,0.0395550061804697
2025-03-21,16050,16520,16000,16000,1500,-0.04875148632580262
2025-03-24,16070,16500,16070,16200,248,0.012499999999999956
2025-03-25,16210,16210,15100,15710,756,-0.030246913580246892
2025-03-26,16090,16860,15760,16860,992,0.07320178230426477
2025-03-27,16210,16800,16210,16800,2271,-0.003558718861209953
2025-03-28,16780,20500,16690,20200,24016,0.20238095238095233
2025-03-31,19050,23500,18700,19020,41113,-0.05841584158415847
2025-04-01,18800,21000,18610,18610,20465,-0.02155625657202942
2025-04-02,18020,18020,17160,17160,14561,-0.07791509940891994
2025-04-03,16600,17500,16600,17150,9342,-0.0005827505827505908
2025-04-04,17000,18160,16910,17010,6752,-0.008163265306122436
2025-04-07,16590,16590,16180,16180,4123,-0.048794826572604366
2025-04-08,16260,18400,16210,17080,8724,0.05562422744128548
2025-04-09,16710,19000,16710,18100,7569,0.059718969555035084
2025-04-10,18060,19200,18060,19000,8331,0.04972375690607733
2025-04-11,19350,21000,19270,19270,13297,0.014210526315789451
2025-04-14,18400,18850,18370,18370,9198,-0.046704722366372575
2025-04-15,18030,23850,18030,23850,31053,0.29831246597713656
2025-04-16,22150,22150,20000,20400,24486,-0.14465408805031443
2025-04-17,20400,21900,19630,20200,19339,-0.009803921568627416
2025-04-18,20050,21200,19770,19800,9177,-0.01980198019801982
2025-04-21,19420,19480,19270,19270,5010,-0.026767676767676774
2025-04-22,20400,20400,19100,19120,2646,-0.007784120394395466
2025-04-23,19250,19300,18870,18910,2921,-0.010983263598326354
2025-04-24,19180,19180,18470,18670,1356,-0.012691697514542577
2025-04-25,18690,19200,18670,18800,1288,0.006963042313872458
2025-04-28,18430,18860,18350,18530,2094,-0.014361702127659526
2025-04-29,18450,18990,18450,18520,1812,-0.0005396654074474316
2025-04-30,18160,18620,17820,17990,5222,-0.028617710583153322
2025-05-02,17630,17780,17550,17760,2508,-0.0127848804891606
2025-05-07,17620,18270,17350,18200,2171,0.024774774774774855
2025-05-08,17700,18000,17600,17600,1407,-0.03296703296703296
2025-05-09,17820,17820,17450,17540,1026,-0.003409090909090917
2025-05-12,17600,18100,17460,17840,687,0.01710376282782211
2025-05-13,17550,17810,17450,17450,1909,-0.021860986547085237
2025-05-14,17270,17400,17200,17370,1687,-0.004584527220630408
2025-05-15,17350,17350,17200,17330,296,-0.0023028209556706924
2025-05-16,17290,17840,17280,17400,279,0.004039238315060478
2025-05-19,17930,17930,17200,17600,766,0.011494252873563315
2025-05-20,17250,17590,17250,17250,897,-0.019886363636363646
2025-05-21,17240,17500,17240,17500,554,0.01449275362318847
2025-05-22,17500,17500,17110,17150,872,-0.020000000000000018
2025-05-23,17150,17190,17100,17160,543,0.0005830903790087216
2025-05-26,17480,17480,17180,17180,137,0.0011655011655011815
2025-05-27,17440,17440,17110,17300,914,0.006984866123399325
2025-05-28,17900,17900,17180,17210,245,-0.005202312138728349
2025-05-29,17120,17270,17120,17240,88,0.0017431725740848503
2025-05-30,17970,17970,17210,17230,735,-0.0005800464037123421
2025-06-02,17120,17370,17120,17300,380,0.004062681369704002
2025-06-04,17310,18180,17290,18180,1823,0.05086705202312136
2025-06-05,18030,18030,17750,17970,636,-0.011551155115511524
2025-06-09,17730,17890,17730,17770,598,-0.01112966054535336
2025-06-10,17750,17770,17700,17700,357,-0.003939223410241999
2025-06-11,18000,18000,17780,17810,1166,0.00621468926553681
2025-06-12,18000,18120,17890,18120,853,0.01740595171252113
2025-06-13,18560,18560,17810,17910,858,-0.011589403973509937
2025-06-16,17910,18000,17910,17920,756,0.0005583472920156485
2025-06-17,18790,18790,17900,18000,194,0.0044642857142858094
2025-06-18,18900,18900,17930,17930,1087,-0.0038888888888889417
2025-06-19,18800,18800,17960,18290,130,0.020078081427774785
2025-06-20,18660,18660,18010,18470,215,0.009841443411700457
2025-06-23,18460,18460,18460,18460,2,-0.0005414185165132368
2025-06-24,18460,18460,18210,18210,258,-0.013542795232936111
2025-06-25,18210,18210,18020,18020,719,-0.010433827567270737
2025-06-26,18110,18110,17510,17570,449,-0.024972253052164217
2025-06-27,17650,17950,17650,17950,91,0.021627774615822437
2025-06-30,18190,18190,17720,17720,952,-0.012813370473537589
2025-07-01,18160,18160,17760,17820,589,0.0056433408577878375
2025-07-02,17950,17990,17660,17910,193,0.005050505050504972
2025-07-03,18000,18000,17800,17970,66,0.003350083752093891
2025-07-04,17980,17980,17730,17810,245,-0.008903728436282732
2025-07-07,17900,17900,17660,17860,20,0.0028074115665357446
2025-07-08,17970,18050,17760,17770,538,-0.0050391937290034106
2025-07-09,17950,17950,17610,17930,141,0.009003939223410251
2025-07-10,17850,17920,17810,17910,399,-0.001115448968209698
2025-07-11,17840,17840,17520,17650,1887,-0.014517029592406527
2025-07-14,17650,17900,17640,17890,868,0.013597733711048221
2025-07-15,17870,17870,17670,17670,495,-0.012297372833985465
2025-07-16,17790,17790,17590,17720,348,0.0028296547821164975
2025-07-17,17740,17740,17620,17620,229,-0.0056433408577878375
2025-07-18,17900,17900,17540,17540,480,-0.004540295119182747
2025-07-21,17540,17600,17510,17600,738,0.003420752565564511
2025-07-22,17740,17740,17660,17660,59,0.003409090909090917
2025-07-23,17660,17660,17540,17540,390,-0.006795016987542479
2025-07-24,17680,17680,17540,17660,74,0.0068415051311288
2025-07-25,17650,17650,17500,17500,928,-0.009060022650056676
2025-07-28,17500,17500,17400,17400,333,-0.005714285714285672
2025-07-29,17950,17950,17220,17440,119,0.0022988505747125743
2025-07-30,17520,17520,17310,17310,635,-0.007454128440366969
2025-07-31,17310,17360,17220,17360,410,0.002888503755054783
2025-08-01,17360,17360,17140,17160,614,-0.011520737327188946
2025-08-04,17450,17450,17170,17420,89,0.015151515151515138
2025-08-05,17170,17650,17170,17650,12,0.01320321469575192
2025-08-06,17640,17640,17410,17590,177,-0.0033994334277620553
2025-08-07,17500,17500,17330,17350,335,-0.013644115974985827
2025-08-08,17170,17240,17130,17240,136,-0.006340057636887608
2025-08-11,17070,17300,17070,17290,199,0.0029002320185613772
2025-08-12,17150,17260,17150,17260,80,-0.001735106998264846
2025-08-13,17260,17260,17240,17240,54,-0.0011587485515642815
2025-08-14,17250,17270,17250,17270,15,0.0017401392111369152
2025-08-18,17270,17310,17100,17310,130,0.0023161551823971394
2025-08-19,17140,17410,17140,17220,232,-0.005199306759098743
2025-08-20,17100,17200,17100,17190,147,-0.0017421602787456303
2025-08-21,17190,17200,17150,17150,473,-0.0023269342641070168
2025-08-22,17150,17150,17010,17010,190,-0.008163265306122436
2025-08-25,17010,17250,17010,17010,438,0.0
2025-08-26,17010,17010,16900,17000,375,-0.0005878894767783471
2025-08-27,17020,17290,17020,17290,14,0.017058823529411793
2025-08-28,17150,17150,17030,17100,35,-0.01098901098901095
2025-08-29,17020,17020,16980,16980,116,-0.007017543859649145
2025-09-01,16550,16830,16550,16830,70,-0.00883392226148405
2025-09-02,17000,17000,17000,17000,12,0.010101010101010166
2025-09-03,16880,17010,16880,17010,34,0.0005882352941175562
2025-09-04,17010,17010,16720,16900,93,-0.0064667842445620405
2025-09-05,16950,16950,16100,16900,1045,0.0
2025-09-08,16900,17000,16870,16900,87,0.0
2025-09-09,16500,16750,16500,16540,636,-0.02130177514792897
2025-09-10,16540,16540,16440,16500,490,-0.00241837968561065
2025-09-11,16450,16620,16370,16370,1019,-0.00787878787878793
2025-09-12,16380,16380,16350,16350,1061,-0.0012217470983506562
2025-09-15,16480,17400,16450,17400,264,0.06422018348623859
2025-09-16,17390,17390,16710,16970,312,-0.02471264367816095
2025-09-17,17000,17000,16950,17000,113,0.001767825574543247
