Date,Open,High,Low,Close,Volume,Change
2022-01-03,0,0,0,1440,0,0.0
2022-01-04,0,0,0,1440,0,0.0
2022-01-05,0,0,0,1440,0,0.0
2022-01-06,0,0,0,1440,0,0.0
2022-01-07,0,0,0,1440,0,0.0
2022-01-10,0,0,0,1440,0,0.0
2022-01-11,0,0,0,1440,0,0.0
2022-01-12,0,0,0,1440,0,0.0
2022-01-13,0,0,0,1440,0,0.0
2022-01-14,0,0,0,1440,0,0.0
2022-01-17,0,0,0,1440,0,0.0
2022-01-18,0,0,0,1440,0,0.0
2022-01-19,0,0,0,1440,0,0.0
2022-01-20,0,0,0,1440,0,0.0
2022-01-21,0,0,0,1440,0,0.0
2022-01-24,0,0,0,1440,0,0.0
2022-01-25,0,0,0,1440,0,0.0
2022-01-26,0,0,0,1440,0,0.0
2022-01-27,0,0,0,1440,0,0.0
2022-01-28,0,0,0,1440,0,0.0
2022-02-03,0,0,0,1440,0,0.0
2022-02-04,0,0,0,1440,0,0.0
2022-02-07,0,0,0,1440,0,0.0
2022-02-08,0,0,0,1440,0,0.0
2022-02-09,0,0,0,1440,0,0.0
2022-02-10,0,0,0,1440,0,0.0
2022-02-11,0,0,0,1440,0,0.0
2022-02-14,0,0,0,1440,0,0.0
2022-02-15,0,0,0,1440,0,0.0
2022-02-16,0,0,0,1440,0,0.0
2022-02-17,0,0,0,1440,0,0.0
2022-02-18,0,0,0,1440,0,0.0
2022-02-21,0,0,0,1440,0,0.0
2022-02-22,0,0,0,1440,0,0.0
2022-02-23,0,0,0,1440,0,0.0
2022-02-24,0,0,0,1440,0,0.0
2022-02-25,0,0,0,1440,0,0.0
2022-02-28,0,0,0,1440,0,0.0
2022-03-02,0,0,0,1440,0,0.0
2022-03-03,0,0,0,1440,0,0.0
2022-03-04,0,0,0,1440,0,0.0
2022-03-07,0,0,0,1440,0,0.0
2022-03-08,0,0,0,1440,0,0.0
2022-03-10,0,0,0,1440,0,0.0
2022-03-11,0,0,0,1440,0,0.0
2022-03-14,0,0,0,1440,0,0.0
2022-03-15,0,0,0,1440,0,0.0
2022-03-16,0,0,0,1440,0,0.0
2022-03-17,0,0,0,1440,0,0.0
2022-03-18,0,0,0,1440,0,0.0
2022-03-21,0,0,0,1440,0,0.0
2022-03-22,0,0,0,1440,0,0.0
2022-03-23,0,0,0,1440,0,0.0
2022-03-24,0,0,0,1440,0,0.0
2022-03-25,0,0,0,1440,0,0.0
2022-03-28,0,0,0,1440,0,0.0
2022-03-29,0,0,0,1440,0,0.0
2022-03-30,0,0,0,1440,0,0.0
2022-03-31,0,0,0,1440,0,0.0
2022-04-01,0,0,0,1440,0,0.0
2022-04-04,0,0,0,1440,0,0.0
2022-04-05,0,0,0,1440,0,0.0
2022-04-06,0,0,0,1440,0,0.0
2022-04-07,0,0,0,1440,0,0.0
2022-04-08,0,0,0,1440,0,0.0
2022-04-11,0,0,0,1440,0,0.0
2022-04-12,0,0,0,1440,0,0.0
2022-04-13,0,0,0,1440,0,0.0
2022-04-14,0,0,0,1440,0,0.0
2022-04-15,0,0,0,1440,0,0.0
2022-04-18,0,0,0,1440,0,0.0
2022-04-19,0,0,0,1440,0,0.0
2022-04-20,0,0,0,1440,0,0.0
2022-04-21,0,0,0,1440,0,0.0
2022-04-22,0,0,0,1440,0,0.0
2022-04-25,0,0,0,1440,0,0.0
2022-04-26,0,0,0,1440,0,0.0
2022-04-27,0,0,0,1440,0,0.0
2022-04-28,0,0,0,1440,0,0.0
2022-04-29,0,0,0,1440,0,0.0
2022-05-02,0,0,0,1440,0,0.0
2022-05-03,0,0,0,1440,0,0.0
2022-05-04,0,0,0,1440,0,0.0
2022-05-06,0,0,0,1440,0,0.0
2022-05-09,0,0,0,1440,0,0.0
2022-05-10,0,0,0,1440,0,0.0
2022-05-11,0,0,0,1440,0,0.0
2022-05-12,0,0,0,1440,0,0.0
2022-05-13,0,0,0,1440,0,0.0
2022-05-16,0,0,0,1440,0,0.0
2022-05-17,0,0,0,1440,0,0.0
2022-05-18,0,0,0,1440,0,0.0
2022-05-19,0,0,0,1440,0,0.0
2022-05-20,0,0,0,1440,0,0.0
2022-05-23,0,0,0,1440,0,0.0
2022-05-24,0,0,0,1440,0,0.0
2022-05-25,0,0,0,1440,0,0.0
2022-05-26,0,0,0,1440,0,0.0
2022-05-27,0,0,0,1440,0,0.0
2022-05-30,0,0,0,1440,0,0.0
2022-05-31,0,0,0,1440,0,0.0
2022-06-02,0,0,0,1440,0,0.0
2022-06-03,0,0,0,1440,0,0.0
2022-06-07,0,0,0,1440,0,0.0
2022-06-08,0,0,0,1440,0,0.0
2022-06-09,0,0,0,1440,0,0.0
2022-06-10,0,0,0,1440,0,0.0
2022-06-13,0,0,0,1440,0,0.0
2022-06-14,0,0,0,1440,0,0.0
2022-06-15,0,0,0,1440,0,0.0
2022-06-16,0,0,0,1440,0,0.0
2022-06-17,0,0,0,1440,0,0.0
2022-06-20,0,0,0,1440,0,0.0
2022-06-21,0,0,0,1440,0,0.0
2022-06-22,0,0,0,1440,0,0.0
2022-06-23,0,0,0,1440,0,0.0
2022-06-24,0,0,0,1440,0,0.0
2022-06-27,0,0,0,1440,0,0.0
2022-06-28,0,0,0,1440,0,0.0
2022-06-29,0,0,0,1440,0,0.0
2022-06-30,0,0,0,1440,0,0.0
2022-07-01,0,0,0,1440,0,0.0
2022-07-04,0,0,0,1440,0,0.0
2022-07-05,0,0,0,1440,0,0.0
2022-07-06,0,0,0,1440,0,0.0
2022-07-07,0,0,0,1440,0,0.0
2022-07-08,0,0,0,1440,0,0.0
2022-07-11,0,0,0,1440,0,0.0
2022-07-12,0,0,0,1440,0,0.0
2022-07-13,0,0,0,1440,0,0.0
2022-07-14,0,0,0,1440,0,0.0
2022-07-15,0,0,0,1440,0,0.0
2022-07-18,0,0,0,1440,0,0.0
2022-07-19,0,0,0,1440,0,0.0
2022-07-20,0,0,0,1440,0,0.0
2022-07-21,0,0,0,1440,0,0.0
2022-07-22,0,0,0,1440,0,0.0
2022-07-25,0,0,0,1440,0,0.0
2022-07-26,0,0,0,1440,0,0.0
2022-07-27,0,0,0,1440,0,0.0
2022-07-28,0,0,0,1440,0,0.0
2022-07-29,0,0,0,1440,0,0.0
2022-08-01,0,0,0,1440,0,0.0
2022-08-02,0,0,0,1440,0,0.0
2022-08-03,0,0,0,1440,0,0.0
2022-08-04,0,0,0,1440,0,0.0
2022-08-05,0,0,0,1440,0,0.0
2022-08-08,0,0,0,1440,0,0.0
2022-08-09,0,0,0,1440,0,0.0
2022-08-10,0,0,0,1440,0,0.0
2022-08-11,0,0,0,1440,0,0.0
2022-08-12,0,0,0,1440,0,0.0
2022-08-16,0,0,0,1440,0,0.0
2022-08-17,0,0,0,1440,0,0.0
2022-08-18,0,0,0,1440,0,0.0
2022-08-19,0,0,0,1440,0,0.0
2022-08-22,0,0,0,1440,0,0.0
2022-08-23,0,0,0,1440,0,0.0
2022-08-24,0,0,0,1440,0,0.0
2022-08-25,0,0,0,1440,0,0.0
2022-08-26,0,0,0,1440,0,0.0
2022-08-29,0,0,0,1440,0,0.0
2022-08-30,0,0,0,1440,0,0.0
2022-08-31,0,0,0,1440,0,0.0
2022-09-01,0,0,0,1440,0,0.0
2022-09-02,0,0,0,1440,0,0.0
2022-09-05,0,0,0,1440,0,0.0
2022-09-06,0,0,0,1440,0,0.0
2022-09-07,0,0,0,1440,0,0.0
2022-09-08,0,0,0,1440,0,0.0
2022-09-13,0,0,0,1440,0,0.0
2022-09-14,0,0,0,1440,0,0.0
2022-09-15,0,0,0,1440,0,0.0
2022-09-16,0,0,0,1440,0,0.0
2022-09-19,0,0,0,1440,0,0.0
2022-09-20,0,0,0,1440,0,0.0
2022-09-21,0,0,0,1440,0,0.0
2022-09-22,0,0,0,1440,0,0.0
2022-09-23,0,0,0,1440,0,0.0
2022-09-26,0,0,0,1440,0,0.0
2022-09-27,0,0,0,1440,0,0.0
2022-09-28,0,0,0,1440,0,0.0
2022-09-29,0,0,0,1440,0,0.0
2022-09-30,0,0,0,1440,0,0.0
2022-10-04,0,0,0,1440,0,0.0
2022-10-05,0,0,0,1440,0,0.0
2022-10-06,0,0,0,1440,0,0.0
2022-10-07,0,0,0,1440,0,0.0
2022-10-11,0,0,0,1440,0,0.0
2022-10-12,0,0,0,1440,0,0.0
2022-10-13,0,0,0,1440,0,0.0
2022-10-14,0,0,0,1440,0,0.0
2022-10-17,0,0,0,1440,0,0.0
2022-10-18,0,0,0,1440,0,0.0
2022-10-19,0,0,0,1440,0,0.0
2022-10-20,0,0,0,1440,0,0.0
2022-10-21,0,0,0,1440,0,0.0
2022-10-24,0,0,0,1440,0,0.0
2022-10-25,0,0,0,1440,0,0.0
2022-10-26,0,0,0,1440,0,0.0
2022-10-27,0,0,0,1440,0,0.0
2022-10-28,0,0,0,1440,0,0.0
2022-10-31,0,0,0,1440,0,0.0
2022-11-01,0,0,0,1440,0,0.0
2022-11-02,0,0,0,1440,0,0.0
2022-11-03,0,0,0,1440,0,0.0
2022-11-04,0,0,0,1440,0,0.0
2022-11-07,0,0,0,1440,0,0.0
2022-11-08,0,0,0,1440,0,0.0
2022-11-09,0,0,0,1440,0,0.0
2022-11-10,0,0,0,1440,0,0.0
2022-11-11,0,0,0,1440,0,0.0
2022-11-14,0,0,0,1440,0,0.0
2022-11-15,0,0,0,1440,0,0.0
2022-11-16,0,0,0,1440,0,0.0
2022-11-17,0,0,0,1440,0,0.0
2022-11-18,0,0,0,1440,0,0.0
2022-11-21,0,0,0,1440,0,0.0
2022-11-22,0,0,0,1440,0,0.0
2022-11-23,0,0,0,1440,0,0.0
2022-11-24,0,0,0,1440,0,0.0
2022-11-25,0,0,0,1440,0,0.0
2022-11-28,0,0,0,1440,0,0.0
2022-11-29,0,0,0,1440,0,0.0
2022-11-30,0,0,0,1440,0,0.0
2022-12-01,0,0,0,1440,0,0.0
2022-12-02,0,0,0,1440,0,0.0
2022-12-05,0,0,0,1440,0,0.0
2022-12-06,0,0,0,1440,0,0.0
2022-12-07,0,0,0,1440,0,0.0
2022-12-08,0,0,0,1440,0,0.0
2022-12-09,0,0,0,1440,0,0.0
2022-12-12,0,0,0,1440,0,0.0
2022-12-13,0,0,0,1440,0,0.0
2022-12-14,0,0,0,1440,0,0.0
2022-12-15,0,0,0,1440,0,0.0
2022-12-16,0,0,0,1440,0,0.0
2022-12-19,0,0,0,1440,0,0.0
2022-12-20,0,0,0,1440,0,0.0
2022-12-21,0,0,0,1440,0,0.0
2022-12-22,0,0,0,1440,0,0.0
2022-12-23,0,0,0,1440,0,0.0
2022-12-26,0,0,0,1440,0,0.0
2022-12-27,0,0,0,1440,0,0.0
2022-12-28,0,0,0,1440,0,0.0
2022-12-29,0,0,0,1440,0,0.0
2023-01-02,0,0,0,1440,0,0.0
2023-01-03,0,0,0,1440,0,0.0
2023-01-04,0,0,0,1440,0,0.0
2023-01-05,0,0,0,1440,0,0.0
2023-01-06,0,0,0,1440,0,0.0
2023-01-09,0,0,0,1440,0,0.0
2023-01-10,0,0,0,1440,0,0.0
2023-01-11,0,0,0,1440,0,0.0
2023-01-12,0,0,0,1440,0,0.0
2023-01-13,0,0,0,1440,0,0.0
2023-01-16,0,0,0,1440,0,0.0
2023-01-17,0,0,0,1440,0,0.0
2023-01-18,0,0,0,1440,0,0.0
2023-01-19,0,0,0,1440,0,0.0
2023-01-20,0,0,0,1440,0,0.0
2023-01-25,0,0,0,1440,0,0.0
2023-01-26,0,0,0,1440,0,0.0
2023-01-27,0,0,0,1440,0,0.0
2023-01-30,0,0,0,1440,0,0.0
2023-01-31,0,0,0,1440,0,0.0
2023-02-01,0,0,0,1440,0,0.0
2023-02-02,0,0,0,1440,0,0.0
2023-02-03,0,0,0,1440,0,0.0
2023-02-06,0,0,0,1440,0,0.0
2023-02-07,0,0,0,1440,0,0.0
2023-02-08,0,0,0,1440,0,0.0
2023-02-09,0,0,0,1440,0,0.0
2023-02-10,0,0,0,1440,0,0.0
2023-02-13,0,0,0,1440,0,0.0
2023-02-14,0,0,0,1440,0,0.0
2023-02-15,0,0,0,1440,0,0.0
2023-02-16,0,0,0,1440,0,0.0
2023-02-17,0,0,0,1440,0,0.0
2023-02-20,0,0,0,1440,0,0.0
2023-02-21,0,0,0,1440,0,0.0
2023-02-22,0,0,0,1440,0,0.0
2023-02-23,0,0,0,1440,0,0.0
2023-02-24,0,0,0,1440,0,0.0
2023-02-27,0,0,0,1440,0,0.0
2023-02-28,0,0,0,1440,0,0.0
2023-03-02,0,0,0,1440,0,0.0
2023-03-03,0,0,0,1440,0,0.0
2023-03-06,0,0,0,1440,0,0.0
2023-03-07,0,0,0,1440,0,0.0
2023-03-08,0,0,0,1440,0,0.0
2023-03-09,0,0,0,1440,0,0.0
2023-03-10,0,0,0,1440,0,0.0
2023-03-13,0,0,0,1440,0,0.0
2023-03-14,0,0,0,1440,0,0.0
2023-03-15,0,0,0,1440,0,0.0
2023-03-16,0,0,0,1440,0,0.0
2023-03-17,0,0,0,1440,0,0.0
2023-03-20,0,0,0,1440,0,0.0
2023-03-21,0,0,0,1440,0,0.0
2023-03-22,0,0,0,1440,0,0.0
2023-03-23,0,0,0,1440,0,0.0
2023-03-24,0,0,0,1440,0,0.0
2023-03-27,0,0,0,1440,0,0.0
2023-03-28,2880,3740,2880,3740,4985971,1.5972222222222223
2023-03-29,4200,4765,3365,4300,8925748,0.14973262032085555
2023-03-30,4205,4305,3825,3825,1200765,-0.11046511627906974
2023-03-31,3870,4540,3840,4200,3412291,0.0980392156862746
2023-04-03,4230,4510,3810,4220,1660054,0.004761904761904745
2023-04-04,4310,4435,4115,4245,717071,0.005924170616113722
2023-04-05,4245,4355,4000,4205,379078,-0.009422850412249661
2023-04-06,4170,4170,4050,4070,143396,-0.03210463733650415
2023-04-07,4070,4070,3890,3985,192604,-0.020884520884520863
2023-04-10,3985,3995,3670,3800,205643,-0.046424090338770374
2023-04-11,3800,4940,3780,4940,2521698,0.30000000000000004
2023-04-12,5550,6420,4950,5040,4750573,0.020242914979757165
2023-04-13,5100,6420,5100,5820,4846127,0.15476190476190466
2023-04-14,5950,6540,5450,5470,1731688,-0.06013745704467355
2023-04-17,5470,5490,5060,5110,795748,-0.06581352833638021
2023-04-18,5300,5550,5100,5290,768431,0.03522504892367917
2023-04-19,5230,5300,5000,5100,302168,-0.03591682419659736
2023-04-20,5110,5210,4980,4980,170736,-0.02352941176470591
2023-04-21,4980,4980,4585,4855,257479,-0.025100401606425682
2023-04-24,4810,6100,4715,5300,2246884,0.09165808444902157
2023-04-25,5250,5280,4820,4880,245122,-0.0792452830188679
2023-04-26,4880,5300,4785,4825,259780,-0.01127049180327866
2023-04-27,4930,5640,4830,4905,1191606,0.01658031088082912
2023-04-28,5010,5460,4845,4895,646594,-0.0020387359836900876
2023-05-02,5000,5140,4870,5000,219217,0.021450459652706755
2023-05-03,5000,5490,4950,5170,553346,0.03400000000000003
2023-05-04,5160,5160,5000,5070,120048,-0.01934235976789167
2023-05-08,5070,5290,4800,4825,163648,-0.0483234714003945
2023-05-09,4855,4940,4455,4575,160657,-0.051813471502590636
2023-05-10,4575,4665,4575,4635,47895,0.013114754098360715
2023-05-11,4635,4800,4455,4475,58185,-0.034519956850053934
2023-05-12,4480,4580,4415,4500,58575,0.005586592178770999
2023-05-15,4500,4515,4120,4220,99101,-0.06222222222222218
2023-05-16,4220,4310,4135,4215,65899,-0.0011848341232227888
2023-05-17,4170,4480,4160,4370,66961,0.03677342823250296
2023-05-18,4370,4520,4370,4520,38569,0.034324942791762014
2023-05-19,4520,4590,4485,4585,47005,0.014380530973451267
2023-05-22,4605,4670,4560,4670,64696,0.018538713195201728
2023-05-23,4670,4750,4430,4450,66626,-0.047109207708779466
2023-05-24,4550,4550,4290,4290,45779,-0.035955056179775235
2023-05-25,4290,4500,4280,4300,23696,0.002331002331002363
2023-05-26,4310,4450,4220,4230,33852,-0.016279069767441867
2023-05-30,4230,4400,4120,4230,84225,0.0
2023-05-31,4270,4345,4185,4220,41434,-0.0023640661938534313
2023-06-01,4260,4275,3900,4040,90056,-0.042654028436018954
2023-06-02,4070,4190,4040,4085,43010,0.011138613861386037
2023-06-05,4125,4490,4125,4135,98813,0.012239902080783294
2023-06-07,4160,4570,4155,4230,182787,0.022974607013301007
2023-06-08,4270,4270,4155,4190,53969,-0.009456264775413725
2023-06-09,4190,4280,4145,4155,38028,-0.00835322195704058
2023-06-12,4155,4175,4080,4140,27626,-0.0036101083032491488
2023-06-13,4140,4240,4125,4200,34807,0.01449275362318847
2023-06-14,4200,4230,4045,4065,43277,-0.03214285714285714
2023-06-15,4060,4065,3880,3910,74903,-0.03813038130381308
2023-06-16,3910,4015,3885,3925,37345,0.0038363171355497716
2023-06-19,3925,4010,3880,3970,31851,0.01146496815286624
2023-06-20,3970,3970,3830,3860,27812,-0.027707808564231717
2023-06-21,3860,3890,3740,3880,33259,0.005181347150259086
2023-06-22,3880,3880,3770,3800,20857,-0.020618556701030966
2023-06-23,3840,3875,3750,3810,25840,0.002631578947368318
2023-06-26,3880,4090,3770,3935,39673,0.03280839895013132
2023-06-27,3955,4200,3945,4145,55121,0.053367217280813284
2023-06-28,4145,4190,4100,4125,30587,-0.004825090470446325
2023-06-29,4080,4185,4060,4150,25332,0.0060606060606061
2023-06-30,4080,4235,4005,4100,47052,-0.012048192771084376
2023-07-03,4140,4230,4100,4155,40410,0.013414634146341475
2023-07-04,4190,4340,4125,4320,64337,0.03971119133573997
2023-07-05,4300,4360,4065,4190,42252,-0.03009259259259256
2023-07-06,4190,4190,3780,4005,31046,-0.04415274463007157
2023-07-07,3905,4080,3865,4005,42075,0.0
2023-07-10,3755,3855,3620,3765,119061,-0.05992509363295884
2023-07-11,3750,3870,3750,3850,27286,0.02257636122177953
2023-07-12,3925,4075,3890,4035,50282,0.04805194805194812
2023-07-13,4075,4140,3995,4100,32611,0.01610904584882289
2023-07-14,4100,4185,4015,4020,24287,-0.019512195121951237
2023-07-17,4020,4020,3800,3920,17285,-0.02487562189054726
2023-07-18,3960,3980,3800,3805,23533,-0.029336734693877542
2023-07-19,3810,4100,3690,3805,24110,0.0
2023-07-20,3805,3835,3730,3820,8103,0.003942181340341744
2023-07-21,3790,3790,3725,3765,19595,-0.014397905759162333
2023-07-24,3760,3760,3480,3650,31416,-0.030544488711819362
2023-07-25,3660,3720,3630,3710,26895,0.016438356164383494
2023-07-26,3655,3715,3520,3630,52956,-0.021563342318059342
2023-07-27,3575,3675,3525,3630,26751,0.0
2023-07-28,3610,3750,3595,3735,12406,0.02892561983471076
2023-07-31,3680,3780,3590,3700,30692,-0.009370816599732268
2023-08-01,3755,3875,3700,3820,22158,0.03243243243243232
2023-08-02,3805,3855,3695,3695,15056,-0.0327225130890052
2023-08-03,3695,3735,3585,3595,14747,-0.02706359945872805
2023-08-04,3640,3640,3420,3570,12891,-0.006954102920723182
2023-08-07,3550,3555,3490,3535,13065,-0.009803921568627416
2023-08-08,3520,3535,3420,3420,21058,-0.032531824611032545
2023-08-09,3410,3475,3200,3475,32594,0.016081871345029253
2023-08-10,3525,3585,3510,3540,11929,0.018705035971223083
2023-08-11,3550,3640,3500,3520,15670,-0.005649717514124242
2023-08-14,3540,3555,3435,3450,9317,-0.019886363636363646
2023-08-16,3390,3450,3150,3215,45760,-0.06811594202898552
2023-08-17,3215,3215,3000,3100,36874,-0.03576982892690517
2023-08-18,3100,3120,2985,3095,23492,-0.001612903225806428
2023-08-21,3095,3190,3005,3055,14731,-0.012924071082390909
2023-08-22,3145,3145,2930,3000,66451,-0.018003273322422242
2023-08-23,3005,3200,2880,3040,48459,0.01333333333333342
2023-08-24,3025,3070,3020,3020,17646,-0.006578947368421018
2023-08-25,3280,3280,2990,3000,50738,-0.0066225165562914245
2023-08-28,3000,3160,3000,3080,11191,0.026666666666666616
2023-08-29,3080,3250,3055,3055,30974,-0.008116883116883078
2023-08-30,3085,3155,3070,3135,8454,0.026186579378068675
2023-08-31,3135,3135,3040,3050,12274,-0.027113237639553422
2023-09-01,3050,3130,3050,3050,14950,0.0
2023-09-04,3050,3145,3020,3080,13527,0.009836065573770592
2023-09-05,3110,3120,3050,3085,17085,0.0016233766233766378
2023-09-06,3090,3350,3090,3125,27175,0.01296596434359798
2023-09-07,3185,3185,3030,3035,13728,-0.028800000000000048
2023-09-08,3005,3050,2900,3025,20762,-0.0032948929159802853
2023-09-11,3055,3095,3035,3070,7937,0.014876033057851235
2023-09-12,3185,3185,3070,3075,5697,0.0016286644951140072
2023-09-13,3065,3075,2950,3000,27717,-0.024390243902439046
2023-09-14,2970,3010,2950,3000,8122,0.0
2023-09-15,3000,3045,2970,2980,7790,-0.00666666666666671
2023-09-18,3000,3025,2970,3015,4565,0.011744966442952975
2023-09-19,2985,3005,2940,2955,4986,-0.01990049751243783
2023-09-20,2940,2955,2900,2905,13209,-0.016920473773265665
2023-09-21,2920,2920,2770,2810,19154,-0.03270223752151458
2023-09-22,2785,2830,2660,2815,27991,0.001779359430605032
2023-09-25,2815,2845,2815,2835,10053,0.007104795737122638
2023-09-26,2835,2835,2565,2655,24060,-0.06349206349206349
2023-09-27,2645,2645,2435,2575,45327,-0.030131826741996215
2023-10-04,2575,2660,2535,2555,30985,-0.007766990291262155
2023-10-05,2555,2610,2450,2490,36800,-0.025440313111546042
2023-10-06,2540,2700,2515,2560,26618,0.028112449799196693
2023-10-10,2685,2685,2585,2620,20147,0.0234375
2023-10-11,2620,2625,2560,2560,18602,-0.022900763358778664
2023-10-12,2645,2645,2560,2565,20327,0.001953125
2023-10-13,2565,2730,2560,2560,30581,-0.0019493177387914784
2023-10-16,2540,2645,2500,2550,12425,-0.00390625
2023-10-17,2550,2575,2450,2450,19468,-0.039215686274509776
2023-10-18,2475,2495,2450,2450,9695,0.0
2023-10-19,2395,2395,2225,2325,30844,-0.05102040816326525
2023-10-20,2325,2325,2210,2225,27168,-0.043010752688172005
2023-10-23,2225,2225,2005,2165,49635,-0.026966292134831482
2023-10-24,2165,2225,2140,2225,28210,0.02771362586605086
2023-10-25,2290,2295,2235,2280,29065,0.024719101123595433
2023-10-26,2270,2340,2225,2240,24108,-0.01754385964912286
2023-10-27,2240,2340,2240,2310,10203,0.03125
2023-10-30,2320,2375,2310,2320,12834,0.0043290043290042934
2023-10-31,2385,2400,2330,2340,5301,0.008620689655172376
2023-11-01,2340,2400,2335,2375,4378,0.014957264957264904
2023-11-02,2385,2500,2385,2460,13499,0.03578947368421059
2023-11-03,2470,2540,2460,2520,19798,0.024390243902439046
2023-11-06,2520,2565,2520,2535,4778,0.005952380952380931
2023-11-07,2540,2700,2520,2700,24206,0.06508875739644981
2023-11-08,2700,2725,2580,2580,6660,-0.0444444444444444
2023-11-09,2580,2670,2560,2670,4441,0.03488372093023262
2023-11-10,2640,2640,2380,2455,14018,-0.08052434456928836
2023-11-13,2455,2550,2435,2515,9003,0.024439918533604832
2023-11-14,2490,2555,2400,2525,15452,0.003976143141153132
2023-11-15,2525,2640,2525,2530,12263,0.001980198019801982
2023-11-16,2555,2725,2540,2540,34999,0.0039525691699604515
2023-11-17,2540,2575,2495,2495,15869,-0.017716535433070835
2023-11-20,2520,2530,2450,2495,11931,0.0
2023-11-21,2495,2500,2470,2470,7510,-0.01002004008016033
2023-11-22,2475,2490,2445,2470,11504,0.0
2023-11-23,2515,2515,2450,2460,6638,-0.004048582995951455
2023-11-24,2465,2600,2440,2460,19719,0.0
2023-11-27,2500,2565,2440,2560,29146,0.04065040650406515
2023-11-28,2560,2610,2560,2565,11527,0.001953125
2023-11-29,2570,2585,2530,2550,7379,-0.005847953216374324
2023-11-30,2550,2570,2505,2505,11198,-0.01764705882352946
2023-12-01,2505,2620,2480,2520,11684,0.0059880239520957446
2023-12-04,2520,2540,2485,2495,7997,-0.009920634920634885
2023-12-05,2500,2520,2435,2475,18225,-0.008016032064128265
2023-12-06,2455,2475,2435,2470,6433,-0.002020202020202033
2023-12-07,2455,2460,2380,2460,8357,-0.004048582995951455
2023-12-08,2420,2455,2410,2450,7432,-0.004065040650406471
2023-12-11,2450,2500,2405,2455,35944,0.0020408163265306367
2023-12-12,2455,2570,2455,2530,11136,0.03054989816700604
2023-12-13,2530,2535,2470,2470,4441,-0.02371541501976282
2023-12-14,2470,2480,2450,2475,16302,0.002024291497975783
2023-12-15,2475,2570,2470,2545,5489,0.028282828282828243
2023-12-18,2545,2550,2490,2495,7778,-0.01964636542239684
2023-12-19,2495,2515,2475,2500,7716,0.002004008016031955
2023-12-20,2475,2505,2470,2480,6497,-0.008000000000000007
2023-12-21,2480,2600,2475,2505,18242,0.010080645161290258
2023-12-22,2505,2530,2480,2520,8676,0.0059880239520957446
2023-12-26,2480,2525,2475,2475,12271,-0.017857142857142905
2023-12-27,2475,2495,2460,2490,6360,0.0060606060606061
2023-12-28,2510,2515,2490,2515,14971,0.010040160642570184
2024-01-02,2515,3200,2495,2705,719404,0.07554671968190863
2024-01-03,2770,3515,2705,3515,354869,0.29944547134935307
2024-01-04,4040,4565,3515,3560,3885451,0.012802275960170695
2024-01-05,3645,4500,3645,3800,3672115,0.0674157303370786
2024-01-08,3760,3930,3735,3900,225688,0.026315789473684292
2024-01-09,3990,4020,3800,3860,159178,-0.01025641025641022
2024-01-10,3905,4060,3830,4060,194898,0.051813471502590636
2024-01-11,3870,3985,3485,3550,1240336,-0.12561576354679804
2024-01-12,3550,3610,3155,3185,338073,-0.10281690140845068
2024-01-15,3180,3695,3130,3255,617574,0.0219780219780219
2024-01-16,3235,3280,3125,3185,80116,-0.021505376344086002
2024-01-17,3155,3180,2840,3015,123342,-0.053375196232339106
2024-01-18,3015,3175,3000,3015,72008,0.0
2024-01-19,3015,3085,2895,2930,64261,-0.028192371475953548
2024-01-22,2915,3120,2915,2925,46254,-0.0017064846416382506
2024-01-23,3015,3100,2805,2935,92641,0.0034188034188034067
2024-01-24,2935,3090,2935,2960,27659,0.008517887563884052
2024-01-25,2945,2950,2725,2820,69415,-0.04729729729729726
2024-01-26,2820,2950,2800,2850,32020,0.010638297872340496
2024-01-29,2850,2920,2730,2730,34372,-0.04210526315789476
2024-01-30,2720,2790,2620,2740,34916,0.00366300366300365
2024-01-31,2740,2755,2630,2650,21637,-0.03284671532846717
2024-02-01,2650,2695,2540,2620,24543,-0.01132075471698113
2024-02-02,2625,3100,2620,2785,346967,0.06297709923664119
2024-02-05,2830,3495,2830,3105,1113674,0.1149012567324954
2024-02-06,3105,3180,2840,2920,129318,-0.05958132045088571
2024-02-07,2940,2970,2770,2810,53550,-0.03767123287671237
2024-02-08,2835,2865,2745,2805,43027,-0.001779359430605032
2024-02-13,2805,2920,2775,2880,54297,0.02673796791443861
2024-02-14,2885,2920,2805,2900,27043,0.00694444444444442
2024-02-15,2900,2945,2835,2945,30340,0.01551724137931032
2024-02-16,2945,3010,2915,2950,29643,0.001697792869269854
2024-02-19,2930,2950,2795,2820,39539,-0.04406779661016946
2024-02-20,2830,2940,2830,2900,13475,0.028368794326241176
2024-02-21,2900,2950,2815,2845,25811,-0.018965517241379293
2024-02-22,2845,2870,2730,2735,37898,-0.038664323374341
2024-02-23,2770,2770,2605,2670,33014,-0.02376599634369292
2024-02-26,2685,2740,2655,2740,18039,0.02621722846441954
2024-02-27,2745,2750,2665,2740,12838,0.0
2024-02-28,2740,2740,2670,2710,9437,-0.010948905109489093
2024-02-29,2825,2845,2705,2710,17998,0.0
2024-03-04,2720,2725,2660,2680,24351,-0.011070110701106972
2024-03-05,2680,2690,2550,2645,26895,-0.013059701492537323
2024-03-06,2645,2660,2545,2610,15406,-0.013232514177693777
2024-03-07,2605,2605,2480,2505,23521,-0.04022988505747127
2024-03-08,2500,2605,2495,2525,14950,0.007984031936127733
2024-03-11,2525,2875,2525,2610,129480,0.03366336633663369
2024-03-12,2610,2735,2595,2655,20306,0.01724137931034475
2024-03-13,2655,2810,2625,2760,47531,0.039548022598870025
2024-03-14,2760,2800,2650,2725,25519,-0.0126811594202898
2024-03-15,2725,2765,2655,2730,6079,0.0018348623853210455
2024-03-18,2690,2790,2660,2785,30946,0.020146520146520075
2024-03-19,2785,2800,2700,2750,7268,-0.012567324955116699
2024-03-20,2700,2740,2650,2650,18057,-0.036363636363636376
2024-03-21,2665,2680,2490,2600,20465,-0.018867924528301883
2024-03-22,2600,2745,2600,2690,18436,0.034615384615384714
2024-03-25,2710,2800,2645,2710,30025,0.0074349442379182396
2024-03-26,2700,2705,2630,2675,8093,-0.01291512915129156
2024-03-27,2660,2675,2570,2675,16230,0.0
2024-03-28,2640,2800,2640,2715,19997,0.01495327102803734
2024-03-29,2715,2755,2690,2690,22682,-0.009208103130755041
2024-04-01,2795,2795,2650,2700,40039,0.0037174721189590088
2024-04-02,2700,2710,2585,2670,19671,-0.011111111111111072
2024-04-03,2650,2655,2560,2635,20603,-0.01310861423220977
2024-04-04,2620,2620,2525,2600,12514,-0.013282732447817858
2024-04-05,2600,2600,2560,2590,9238,-0.0038461538461538325
2024-04-08,2565,2580,2490,2525,8429,-0.025096525096525046
2024-04-09,2525,2525,2465,2480,14053,-0.017821782178217838
2024-04-11,2480,2480,2375,2410,24823,-0.028225806451612878
2024-04-12,2410,2850,2400,2475,218132,0.026970954356846377
2024-04-15,2475,2475,2375,2420,27376,-0.022222222222222254
2024-04-16,2400,2415,2305,2330,14159,-0.037190082644628086
2024-04-17,2330,2415,2205,2340,26520,0.0042918454935623185
2024-04-18,2340,2415,2300,2390,9370,0.02136752136752129
2024-04-19,2390,2445,2265,2360,27599,-0.012552301255230103
2024-04-22,2340,2355,2280,2295,9673,-0.02754237288135597
2024-04-23,2295,2390,2275,2295,24221,0.0
2024-04-24,2295,2370,2295,2335,10355,0.017429193899782147
2024-04-25,2335,2950,2325,2400,561122,0.027837259100642386
2024-04-26,2410,2530,2360,2395,129023,-0.002083333333333326
2024-04-29,2395,2470,2395,2440,25682,0.018789144050104456
2024-04-30,2440,2490,2440,2465,20135,0.010245901639344357
2024-05-02,2465,2500,2410,2480,19637,0.006085192697768749
2024-05-03,2480,2480,2410,2445,30431,-0.014112903225806495
2024-05-07,2445,2495,2390,2480,31721,0.014314928425357865
2024-05-08,2470,2570,2455,2530,27529,0.02016129032258074
2024-05-09,2505,2530,2470,2475,7115,-0.021739130434782594
2024-05-10,2475,2495,2455,2480,7064,0.002020202020202033
2024-05-13,2460,2490,2450,2460,10242,-0.008064516129032251
2024-05-14,2460,2590,2460,2580,38521,0.04878048780487809
2024-05-16,2580,2595,2475,2495,35150,-0.032945736434108475
2024-05-17,2495,2495,2450,2485,6248,-0.004008016032064132
2024-05-20,2455,2580,2455,2515,17652,0.012072434607645954
2024-05-21,2515,2535,2465,2480,16432,-0.013916500994035741
2024-05-22,2465,2480,2405,2415,22356,-0.02620967741935487
2024-05-23,2420,2425,2265,2300,45004,-0.04761904761904767
2024-05-24,2300,2390,2255,2275,18685,-0.010869565217391353
2024-05-27,2265,2380,2265,2375,27912,0.04395604395604402
2024-05-28,2380,2510,2380,2505,29081,0.054736842105263195
2024-05-29,2470,2530,2470,2500,23537,-0.001996007984031989
2024-05-30,2500,2540,2400,2450,17103,-0.020000000000000018
2024-05-31,2425,2425,2310,2365,27828,-0.03469387755102038
2024-06-03,2365,2395,2340,2390,21125,0.010570824524312794
2024-06-04,2390,2430,2350,2385,24185,-0.0020920502092049986
2024-06-05,2385,2495,2380,2470,31853,0.03563941299790363
2024-06-07,2470,2545,2460,2545,39889,0.030364372469635637
2024-06-10,2520,2545,2455,2460,32262,-0.03339882121807469
2024-06-11,2460,2460,2430,2440,14836,-0.008130081300813052
2024-06-12,2415,2440,2415,2440,5448,0.0
2024-06-13,2400,2430,2400,2405,13288,-0.014344262295082011
2024-06-14,2405,2405,2385,2400,5574,-0.0020790020790020236
2024-06-17,2380,2405,2370,2390,16496,-0.004166666666666652
2024-06-18,2390,2410,2270,2390,21404,0.0
2024-06-19,2390,2400,2365,2385,3843,-0.0020920502092049986
2024-06-20,2385,2435,2365,2425,12922,0.016771488469601747
2024-06-21,2425,2440,2365,2385,12925,-0.016494845360824795
2024-06-24,2375,2385,2350,2370,7757,-0.0062893081761006275
2024-06-25,2360,2360,2330,2340,6849,-0.012658227848101222
2024-06-26,2325,2340,2300,2340,9778,0.0
2024-06-27,2330,2360,2320,2330,3039,-0.004273504273504258
2024-06-28,2350,2400,2350,2385,10355,0.023605150214592197
2024-07-01,2365,2380,2320,2380,7459,-0.002096436058700246
2024-07-02,2355,2395,2350,2370,4707,-0.004201680672268893
2024-07-03,2360,2395,2350,2360,10204,-0.00421940928270037
2024-07-04,2370,2370,2240,2290,13709,-0.029661016949152574
2024-07-05,2300,2300,2260,2270,8239,-0.008733624454148492
2024-07-08,2280,2280,2270,2280,5309,0.004405286343612369
2024-07-09,2270,2285,2260,2280,8740,0.0
2024-07-10,2300,2370,2280,2290,11504,0.004385964912280604
2024-07-11,2390,2390,2295,2350,8013,0.026200873362445476
2024-07-12,2350,2485,2350,2455,12421,0.044680851063829685
2024-07-15,2470,2575,2460,2550,33313,0.0386965376782078
2024-07-16,2550,2650,2490,2590,62814,0.015686274509803866
2024-07-17,2590,2590,2470,2485,27047,-0.04054054054054057
2024-07-18,2440,2495,2375,2400,11237,-0.03420523138832998
2024-07-19,2400,2420,2325,2420,8568,0.008333333333333304
2024-07-22,2400,2475,2340,2475,11630,0.022727272727272707
2024-07-23,2475,2535,2450,2470,9812,-0.002020202020202033
2024-07-24,2470,2495,2365,2400,7755,-0.028340080971659964
2024-07-25,2410,2520,2350,2520,22905,0.050000000000000044
2024-07-26,2520,2540,2460,2540,13001,0.007936507936507908
2024-07-29,2525,2525,2395,2410,24704,-0.051181102362204745
2024-07-30,2355,2410,2335,2340,12063,-0.02904564315352698
2024-07-31,2340,2385,2255,2300,13373,-0.017094017094017144
2024-08-01,2300,2390,2295,2320,10336,0.008695652173912993
2024-08-02,2315,2320,2220,2230,22763,-0.03879310344827591
2024-08-05,2230,2260,1857,2000,51476,-0.10313901345291476
2024-08-06,2000,2135,1980,2105,13895,0.05249999999999999
2024-08-07,2105,2165,2065,2065,10700,-0.019002375296912066
2024-08-08,2075,2120,2065,2120,6176,0.026634382566586012
2024-08-09,2120,2225,2120,2225,6549,0.04952830188679247
2024-08-12,2225,2270,2210,2265,6090,0.01797752808988773
2024-08-13,2265,2330,2250,2310,6452,0.019867549668874274
2024-08-14,2290,2405,2290,2405,34815,0.04112554112554112
2024-08-16,2440,2655,2430,2655,80570,0.10395010395010384
2024-08-19,2650,2655,2520,2605,31021,-0.01883239171374762
2024-08-20,2605,2615,2570,2605,15166,0.0
2024-08-21,2605,2710,2560,2700,49416,0.03646833013435691
2024-08-22,2675,2720,2470,2515,15211,-0.06851851851851853
2024-08-23,2530,2585,2515,2585,10326,0.027833001988071482
2024-08-26,2535,2620,2485,2620,11615,0.013539651837524147
2024-08-27,2620,2620,2480,2590,13199,-0.011450381679389277
2024-08-28,2580,2625,2550,2600,8402,0.0038610038610038533
2024-08-29,2580,2700,2570,2690,21305,0.034615384615384714
2024-08-30,2700,2735,2600,2670,12966,-0.0074349442379182396
2024-09-02,2670,2670,2590,2605,6349,-0.02434456928838946
2024-09-03,2605,2605,2495,2530,13953,-0.028790786948176605
2024-09-04,2530,2530,2470,2495,8947,-0.013833992094861691
2024-09-05,2420,2455,2260,2395,26824,-0.04008016032064132
2024-09-06,2375,2395,2375,2380,4118,-0.006263048016701411
2024-09-09,2360,2380,2200,2305,29087,-0.031512605042016806
2024-09-10,2305,2800,2305,2410,88566,0.045553145336225676
2024-09-11,2410,2450,2365,2370,9403,-0.016597510373444035
2024-09-12,2375,2510,2375,2445,7292,0.03164556962025311
2024-09-13,2565,2570,2445,2540,9957,0.03885480572597144
2024-09-19,2540,2565,2515,2560,14724,0.007874015748031482
2024-09-20,2560,2650,2560,2595,11366,0.013671875
2024-09-23,2595,2655,2570,2610,5044,0.005780346820809301
2024-09-24,2580,2710,2580,2645,9459,0.013409961685823646
2024-09-25,2625,2710,2625,2695,12923,0.018903591682419618
2024-09-26,2670,2775,2520,2730,12315,0.01298701298701288
2024-09-27,2700,2730,2675,2705,17675,-0.009157509157509125
2024-09-30,2680,2810,2675,2810,19714,0.038817005545286554
2024-10-02,2710,2845,2710,2745,12256,-0.02313167259786475
2024-10-04,2745,2815,2745,2780,8671,0.012750455373406133
2024-10-07,2760,2830,2720,2735,15297,-0.01618705035971224
2024-10-08,2795,2795,2725,2725,10577,-0.003656307129798919
2024-10-10,2725,2795,2640,2645,4219,-0.029357798165137616
2024-10-11,2645,2675,2565,2565,7055,-0.03024574669187141
2024-10-14,2565,2590,2400,2480,20120,-0.033138401559454245
2024-10-15,2480,2635,2480,2610,10555,0.05241935483870974
2024-10-16,2610,2635,2525,2530,12901,-0.03065134099616862
2024-10-17,2530,2595,2510,2570,7533,0.015810276679841806
2024-10-18,2550,2570,2445,2480,5979,-0.035019455252918275
2024-10-21,2465,2470,2440,2440,3743,-0.016129032258064502
2024-10-22,2440,2470,2405,2415,5194,-0.010245901639344246
2024-10-23,2415,2415,2355,2380,4118,-0.01449275362318836
2024-10-24,2350,2415,2350,2380,5029,0.0
2024-10-25,2380,2495,2310,2315,12654,-0.027310924369747913
2024-10-28,2315,2430,2315,2340,8397,0.010799136069114423
2024-10-29,2360,2425,2260,2425,13664,0.03632478632478642
2024-10-30,2400,2450,2345,2400,8285,-0.010309278350515427
2024-10-31,2410,2465,2300,2395,9632,-0.002083333333333326
2024-11-01,2410,2815,2410,2565,175094,0.07098121085595
2024-11-04,2590,2650,2480,2610,46814,0.01754385964912286
2024-11-05,2635,2670,2560,2595,19984,-0.005747126436781658
2024-11-06,2580,2605,2545,2550,9695,-0.017341040462427793
2024-11-07,2570,2665,2400,2515,15575,-0.013725490196078383
2024-11-08,2515,2655,2515,2620,16550,0.041749502982107334
2024-11-11,2620,2620,2470,2620,7857,0.0
2024-11-12,2570,2610,2430,2435,22117,-0.07061068702290074
2024-11-13,2430,2430,2260,2270,16812,-0.06776180698151946
2024-11-14,2270,2335,2200,2210,18011,-0.026431718061673992
2024-11-15,2195,2250,2050,2130,36464,-0.03619909502262442
2024-11-18,2110,2155,1950,1995,41522,-0.06338028169014087
2024-11-19,2005,2095,2005,2040,9898,0.022556390977443552
2024-11-20,2040,2205,2040,2190,36499,0.07352941176470584
2024-11-21,2155,2845,2150,2845,198663,0.2990867579908676
2024-11-22,3000,3690,2610,2670,2658853,-0.061511423550087874
2024-11-25,2690,2695,2430,2545,228415,-0.04681647940074907
2024-11-26,2555,2680,2535,2630,171260,0.03339882121807469
2024-11-27,2605,2730,2535,2705,145203,0.028517110266159662
2024-11-28,2695,2695,2400,2435,127645,-0.09981515711645106
2024-11-29,2420,2420,2185,2225,87647,-0.08624229979466114
2024-12-02,2225,2275,2185,2200,34633,-0.011235955056179803
2024-12-03,2200,2250,2135,2170,53697,-0.013636363636363669
2024-12-04,2075,2260,2070,2150,44531,-0.009216589861751112
2024-12-05,2150,2185,2065,2070,36551,-0.037209302325581395
2024-12-06,2025,2120,1996,2025,64654,-0.021739130434782594
2024-12-09,2020,2050,1994,2005,42372,-0.00987654320987652
2024-12-10,2030,2155,2005,2090,41503,0.04239401496259343
2024-12-11,2095,2200,2095,2135,25605,0.021531100478468845
2024-12-12,2175,2190,2100,2110,24915,-0.011709601873536313
2024-12-13,2110,2180,2110,2180,28225,0.033175355450236976
2024-12-16,2180,2260,2140,2250,53023,0.032110091743119185
2024-12-17,2250,2925,2215,2925,934982,0.30000000000000004
2024-12-18,3460,3800,3400,3800,718349,0.2991452991452992
2024-12-19,4940,4940,4315,4750,2914486,0.25
2024-12-20,3840,4270,3440,3465,3292263,-0.2705263157894737
2024-12-23,3410,3545,3150,3235,976176,-0.06637806637806642
2024-12-24,3230,3230,3000,3150,472407,-0.026275115919629055
2024-12-26,3130,3165,2985,3105,235373,-0.014285714285714235
2024-12-27,3030,3225,2860,2955,625790,-0.048309178743961345
2024-12-30,2895,3005,2850,2975,169979,0.006768189509306355
2025-01-02,2980,3090,2855,3085,158233,0.03697478991596648
2025-01-03,3085,3130,3000,3120,140188,0.011345218800648205
2025-01-06,3085,3120,2825,2860,241083,-0.08333333333333337
2025-01-07,2860,2980,2760,2845,144049,-0.005244755244755206
2025-01-08,2825,2840,2760,2815,93942,-0.010544815465729385
2025-01-09,2800,2800,2660,2750,112306,-0.023090586145648295
2025-01-10,2755,2770,2680,2715,109443,-0.012727272727272698
2025-01-13,2710,2710,2645,2685,55271,-0.011049723756906049
2025-01-14,2685,2700,2645,2680,51442,-0.0018621973929237035
2025-01-15,2665,3175,2650,2960,1446937,0.10447761194029859
2025-01-16,2875,3120,2820,3060,1205357,0.03378378378378377
2025-01-17,2975,3040,2900,2980,249872,-0.02614379084967322
2025-01-20,2975,3210,2905,3090,466565,0.03691275167785224
2025-01-21,3025,3025,2890,2970,198040,-0.03883495145631066
2025-01-22,2960,3050,2930,2995,96356,0.008417508417508435
2025-01-23,2940,2985,2750,2800,119742,-0.06510851419031716
2025-01-24,2800,3235,2780,2930,769843,0.046428571428571486
2025-01-31,2850,3005,2790,2965,155139,0.011945392491467643
2025-02-03,2960,3055,2855,3020,191029,0.018549747048903775
2025-02-04,2990,3090,2970,3055,117080,0.011589403973509826
2025-02-05,3055,3245,2955,3150,312961,0.03109656301145658
2025-02-06,3315,3375,3105,3250,256324,0.031746031746031855
2025-02-07,3250,3250,3060,3070,124363,-0.055384615384615365
