Date,Open,High,Low,Close,Volume,Change
2022-01-03,31200,31350,30550,31050,77672,0.0
2022-01-04,30950,31050,30600,30900,63684,-0.004830917874396157
2022-01-05,30550,30650,30100,30100,118929,-0.02588996763754048
2022-01-06,30000,30250,29300,29350,122081,-0.02491694352159468
2022-01-07,29300,30200,29300,29950,82583,0.020442930153321992
2022-01-10,29900,30200,29450,29650,62423,-0.01001669449081799
2022-01-11,29350,30000,29350,29550,44132,-0.003372681281618939
2022-01-12,29600,30150,29600,30100,49310,0.01861252115059231
2022-01-13,30000,30000,29600,29600,50725,-0.01661129568106312
2022-01-14,29400,36250,28800,33150,3276818,0.11993243243243246
2022-01-17,31900,32300,30200,30400,426649,-0.0829562594268477
2022-01-18,30400,30650,28150,28150,302335,-0.07401315789473684
2022-01-19,27700,28450,27150,27400,218751,-0.026642984014209614
2022-01-20,27100,27500,26450,27200,173913,-0.007299270072992692
2022-01-21,27000,27600,27000,27050,124966,-0.005514705882352922
2022-01-24,26700,27300,26100,26100,121854,-0.03512014787430684
2022-01-25,26100,26450,24900,25100,145588,-0.03831417624521072
2022-01-26,24950,25750,24700,24700,103247,-0.015936254980079667
2022-01-27,24750,25000,23850,23850,118513,-0.03441295546558709
2022-01-28,24200,24700,23900,24450,115955,0.02515723270440251
2022-02-03,24550,26600,24550,26200,127019,0.07157464212678932
2022-02-04,26450,27100,26250,26950,99681,0.028625954198473247
2022-02-07,27250,27800,26100,27000,103751,0.0018552875695732052
2022-02-08,27650,28200,26650,27300,86917,0.011111111111111072
2022-02-09,27900,27900,26950,27100,65394,-0.0073260073260073
2022-02-10,27400,27950,27100,27500,85342,0.014760147601476037
2022-02-11,27200,27250,26700,26750,74755,-0.027272727272727226
2022-02-14,26750,27200,26250,26700,68236,-0.0018691588785046953
2022-02-15,27000,27500,26650,26950,86544,0.009363295880149725
2022-02-16,27350,29000,27150,28750,136529,0.06679035250463827
2022-02-17,28800,29100,27850,28300,102677,-0.01565217391304352
2022-02-18,28800,29650,28550,29350,169717,0.03710247349823326
2022-02-21,28650,29650,28600,29400,63907,0.0017035775127767216
2022-02-22,28900,29550,28800,29350,83685,-0.00170068027210879
2022-02-23,29550,29900,29350,29550,62547,0.006814310051107331
2022-02-24,29050,29800,29050,29300,75625,-0.008460236886632777
2022-02-25,29450,29800,29300,29600,74247,0.010238907849829282
2022-02-28,29500,30150,29400,30150,72854,0.01858108108108114
2022-03-02,30000,30600,29850,30250,66630,0.0033167495854062867
2022-03-03,30250,30900,30250,30900,56157,0.02148760330578514
2022-03-04,30850,31050,30000,31050,51794,0.004854368932038833
2022-03-07,30850,31350,30200,31150,64506,0.0032206119162641045
2022-03-08,31000,31950,30700,31400,99642,0.008025682182985605
2022-03-10,31450,32000,31400,31750,64775,0.011146496815286566
2022-03-11,31700,31800,31400,31400,50474,-0.011023622047244053
2022-03-14,31350,31750,31000,31550,57484,0.004777070063694211
2022-03-15,31150,32100,31100,31950,67300,0.01267828843106189
2022-03-16,31900,32350,31750,32150,41277,0.006259780907668322
2022-03-17,32300,32800,32050,32050,58082,-0.0031104199066873672
2022-03-18,32000,32850,32000,32850,67163,0.024960998439937487
2022-03-21,32400,32450,30300,31050,172351,-0.0547945205479452
2022-03-22,30700,31600,30700,31500,57011,0.01449275362318847
2022-03-23,31250,31850,31250,31650,33263,0.004761904761904745
2022-03-24,31250,31600,30950,31550,37023,-0.003159557661927326
2022-03-25,31400,31750,31250,31450,40600,-0.0031695721077654726
2022-03-28,31100,31450,31000,31200,41597,-0.007949125596184436
2022-03-29,31100,31650,31100,31300,42973,0.0032051282051281937
2022-03-30,31500,31900,31300,31700,45154,0.012779552715654896
2022-03-31,31700,31850,31100,31250,38450,-0.014195583596214534
2022-04-01,31250,31250,30600,30600,46030,-0.02080000000000004
2022-04-04,30250,31450,30050,31300,47912,0.02287581699346397
2022-04-05,31100,31650,31000,31000,37394,-0.009584664536741228
2022-04-06,30850,31100,30500,30650,29302,-0.011290322580645107
2022-04-07,30250,30750,29850,29950,54797,-0.022838499184339334
2022-04-08,30000,30200,29450,30100,32827,0.005008347245408995
2022-04-11,30000,30100,29450,29650,34612,-0.014950166112956853
2022-04-12,29300,29700,29000,29400,32936,-0.00843170320404718
2022-04-13,29200,29750,29200,29700,30779,0.010204081632652962
2022-04-14,29450,29900,29350,29900,35934,0.006734006734006703
2022-04-15,29250,30100,29250,29900,44536,0.0
2022-04-18,29650,30300,29550,30200,30954,0.010033444816053505
2022-04-19,29950,30450,29950,30400,23878,0.0066225165562914245
2022-04-20,30150,30550,30150,30200,29483,-0.006578947368421018
2022-04-21,30350,31550,30200,30850,82304,0.021523178807947074
2022-04-22,30350,30500,29900,29900,50806,-0.030794165316045397
2022-04-25,29400,29500,28550,28550,80630,-0.04515050167224077
2022-04-26,28600,29300,28600,28850,29114,0.01050788091068311
2022-04-27,28450,28900,28250,28650,38887,-0.006932409012131768
2022-04-28,28700,28900,28500,28900,28088,0.008726003490401313
2022-04-29,29100,30100,28800,30050,76792,0.03979238754325265
2022-05-02,30000,30050,29550,29750,38397,-0.009983361064891838
2022-05-03,29650,30500,29650,29950,54250,0.006722689075630228
2022-05-04,29950,30200,29750,29750,24542,-0.006677796327211993
2022-05-06,29400,30200,29050,29500,50701,-0.008403361344537785
2022-05-09,29200,29700,28650,29000,42312,-0.016949152542372836
2022-05-10,28950,29000,27100,27800,79615,-0.04137931034482756
2022-05-11,27550,27850,27300,27550,47039,-0.008992805755395739
2022-05-12,27050,28050,27050,27750,62518,0.007259528130671544
2022-05-13,27900,28900,27750,28850,40820,0.03963963963963968
2022-05-16,28850,29400,28750,29050,46981,0.006932409012131657
2022-05-17,29050,29400,28650,29300,33367,0.008605851979345935
2022-05-18,29050,29600,28800,29200,42239,-0.0034129692832765013
2022-05-19,28600,28900,28250,28400,35024,-0.0273972602739726
2022-05-20,28200,29250,28150,28600,37559,0.007042253521126751
2022-05-23,28600,29400,28550,29300,45472,0.02447552447552437
2022-05-24,29050,29700,28950,29350,35640,0.0017064846416381396
2022-05-25,29650,30350,29400,29700,61803,0.011925042589437718
2022-05-26,29500,30250,29500,29650,34900,-0.0016835016835017313
2022-05-27,29700,30400,29700,30050,41085,0.013490725126475533
2022-05-30,30350,30400,29550,29600,41639,-0.014975041597337757
2022-05-31,29450,30000,28900,28900,79193,-0.023648648648648685
2022-06-02,28850,29400,28600,29100,59325,0.006920415224913601
2022-06-03,29250,29400,28950,29150,21420,0.0017182130584192379
2022-06-07,28900,29200,28650,28850,37152,-0.010291595197255532
2022-06-08,28750,29000,28550,28850,23368,0.0
2022-06-09,28900,29150,28450,28900,37166,0.0017331022530329143
2022-06-10,28550,28750,28150,28200,30049,-0.02422145328719727
2022-06-13,27600,28450,26400,26400,90469,-0.06382978723404253
2022-06-14,26100,26600,25100,25600,76921,-0.030303030303030276
2022-06-15,25200,25600,24200,24350,69300,-0.048828125
2022-06-16,24700,25250,24050,24100,44243,-0.010266940451745366
2022-06-17,23400,24700,23400,24600,57980,0.020746887966804906
2022-06-20,24500,24750,23500,23900,39075,-0.028455284552845517
2022-06-21,24000,25050,23550,24700,49258,0.03347280334728042
2022-06-22,24750,25700,24600,24900,60025,0.00809716599190291
2022-06-23,24650,25300,23950,24050,69267,-0.034136546184738936
2022-06-24,23500,26000,23500,25550,77824,0.06237006237006226
2022-06-27,25600,25750,24900,25500,55810,-0.00195694716242667
2022-06-28,25500,26150,25450,25550,44529,0.0019607843137254832
2022-06-29,25250,25600,25050,25250,26396,-0.011741682974559686
2022-06-30,25600,27800,25000,27250,105425,0.07920792079207928
2022-07-01,27650,27800,26700,26950,53037,-0.011009174311926606
2022-07-04,27300,27300,26250,26950,39321,0.0
2022-07-05,27500,27800,26850,27050,28124,0.0037105751391466324
2022-07-06,27050,27650,26850,27100,48092,0.001848428835489857
2022-07-07,27750,27750,27100,27350,24074,0.009225092250922495
2022-07-08,27100,27650,27100,27250,27691,-0.003656307129798919
2022-07-11,27550,28400,27250,27500,41665,0.00917431192660545
2022-07-12,27550,28250,27100,27950,43996,0.016363636363636358
2022-07-13,27950,28550,27900,28300,32794,0.012522361359570633
2022-07-14,28150,28300,27200,27500,28442,-0.028268551236749095
2022-07-15,27400,28450,27400,28100,49076,0.021818181818181737
2022-07-18,28400,28400,27700,27850,33301,-0.008896797153024938
2022-07-19,27900,29000,27900,28200,39453,0.012567324955116588
2022-07-20,28450,28850,28100,28600,31949,0.014184397163120588
2022-07-21,28400,28500,27750,27800,35598,-0.027972027972028024
2022-07-22,27600,28000,27550,27850,22963,0.0017985611510791255
2022-07-25,27800,28100,27450,27800,32846,-0.0017953321364452268
2022-07-26,27450,28000,27450,28000,21079,0.007194244604316502
2022-07-27,28100,28450,27800,27900,26654,-0.0035714285714285587
2022-07-28,27900,28600,27900,28450,29830,0.019713261648745428
2022-07-29,28750,28750,27800,28250,36269,-0.007029876977152849
2022-08-01,27950,28650,27900,28150,29173,-0.0035398230088495852
2022-08-02,27900,28400,27900,28050,31353,-0.003552397868561319
2022-08-03,27950,28250,27700,27850,24685,-0.007130124777183555
2022-08-04,27850,28200,27600,27650,34021,-0.007181328545781018
2022-08-05,27950,28350,27700,28050,37021,0.014466546112115841
2022-08-08,27950,28150,27500,27750,32489,-0.010695187165775444
2022-08-09,27650,27950,27550,27750,17388,0.0
2022-08-10,27850,28100,27050,27100,36766,-0.023423423423423406
2022-08-11,27200,27400,26850,27050,48226,-0.0018450184501844769
2022-08-12,26750,27300,26700,27100,21645,0.001848428835489857
2022-08-16,27100,27200,26900,26950,26899,-0.005535055350553542
2022-08-17,27350,27350,26500,26500,41731,-0.016697588126159513
2022-08-18,26500,26500,25550,25700,52032,-0.030188679245283012
2022-08-19,26000,26000,25350,25800,22350,0.0038910505836575737
2022-08-22,25800,25800,25000,25100,34268,-0.027131782945736482
2022-08-23,25200,25200,24400,24450,39753,-0.02589641434262946
2022-08-24,24450,24850,24400,24550,28948,0.004089979550102152
2022-08-25,24550,24900,24500,24700,25584,0.006109979633401208
2022-08-26,24750,25100,24500,24750,26063,0.002024291497975783
2022-08-29,24050,24200,23750,24000,36957,-0.030303030303030276
2022-08-30,23800,24300,23800,24200,27729,0.008333333333333304
2022-08-31,24150,24500,23850,24250,31672,0.0020661157024792765
2022-09-01,23900,24200,23500,23500,50603,-0.030927835051546393
2022-09-02,23550,23950,23550,23750,40612,0.010638297872340496
2022-09-05,23750,23900,23500,23800,28827,0.002105263157894832
2022-09-06,24150,24300,23650,24000,28619,0.008403361344537785
2022-09-07,23800,23850,23350,23450,32301,-0.022916666666666696
2022-09-08,23850,23950,23450,23800,39567,0.014925373134328401
2022-09-13,24000,24500,24000,24400,32766,0.025210084033613356
2022-09-14,23400,23950,23400,23850,28949,-0.02254098360655743
2022-09-15,24050,24250,23550,23750,22029,-0.004192872117400381
2022-09-16,23450,24000,23300,23400,26915,-0.01473684210526316
2022-09-19,23450,23750,22700,22900,32114,-0.021367521367521403
2022-09-20,23000,23350,22650,22850,24019,-0.0021834061135370675
2022-09-21,22700,22900,22200,22250,33658,-0.026258205689277947
2022-09-22,22150,22150,20850,21350,74748,-0.04044943820224722
2022-09-23,21200,21750,20900,20900,40042,-0.021077283372365363
2022-09-26,20450,20900,19600,20150,60919,-0.03588516746411485
2022-09-27,19750,20700,19750,20600,68792,0.022332506203474045
2022-09-28,20400,21000,20050,20600,42585,0.0
2022-09-29,21150,21600,20750,21200,47298,0.029126213592232997
2022-09-30,21100,21400,20700,20950,45746,-0.011792452830188704
2022-10-04,21050,21300,20600,21000,26131,0.0023866348448686736
2022-10-05,21250,21250,20450,20450,36010,-0.02619047619047621
2022-10-06,20250,21050,20250,20800,27118,0.017114914425427896
2022-10-07,20500,20850,20400,20400,26150,-0.019230769230769273
2022-10-11,20050,20800,19350,19500,50086,-0.044117647058823484
2022-10-12,19250,19500,18700,19050,47895,-0.023076923076923106
2022-10-13,19000,19350,18200,18200,55377,-0.044619422572178435
2022-10-14,18300,19800,18300,19800,62995,0.08791208791208782
2022-10-17,19650,19950,19250,19850,28214,0.002525252525252597
2022-10-18,20000,20350,19850,20150,19261,0.015113350125944613
2022-10-19,20300,20400,19900,19900,19573,-0.012406947890818865
2022-10-20,19600,20150,19600,19700,21701,-0.01005025125628145
2022-10-21,19700,20100,19600,20050,30123,0.017766497461928932
2022-10-24,20600,20900,20200,20400,32324,0.0174563591022443
2022-10-25,20850,20850,20300,20300,18895,-0.004901960784313708
2022-10-26,20150,20600,20100,20500,21431,0.009852216748768461
2022-10-27,20850,21250,20550,21050,37013,0.02682926829268295
2022-10-28,21250,21500,20950,21000,30364,-0.002375296912114022
2022-10-31,21000,21250,20650,20650,15788,-0.01666666666666672
2022-11-01,20650,20850,20500,20650,22369,0.0
2022-11-02,19850,20950,19850,20650,28942,0.0
2022-11-03,20150,20500,20050,20100,38253,-0.0266343825665859
2022-11-04,20250,20250,19800,20150,20360,0.0024875621890547706
2022-11-07,20100,20350,19900,20200,17173,0.002481389578163684
2022-11-08,20200,20550,20200,20250,24010,0.0024752475247524774
2022-11-09,20400,20950,20300,20350,41470,0.004938271604938205
2022-11-10,20000,20400,19850,19850,52612,-0.02457002457002455
2022-11-11,20250,21000,20250,21000,60132,0.057934508816120944
2022-11-14,21100,21250,20300,21000,46670,0.0
2022-11-15,21200,21950,21150,21850,63297,0.040476190476190554
2022-11-16,21850,21950,21150,21200,43264,-0.029748283752860427
2022-11-17,21150,21450,21100,21150,29192,-0.002358490566037763
2022-11-18,21150,21300,20750,20850,31106,-0.014184397163120588
2022-11-21,21100,21100,20250,20550,27828,-0.014388489208633115
2022-11-22,20600,20650,19850,20000,32618,-0.02676399026763987
2022-11-23,20100,20450,19800,20150,33099,0.007500000000000062
2022-11-24,20050,20450,20050,20350,21816,0.00992555831265518
2022-11-25,20550,20550,19950,20000,18945,-0.017199017199017175
2022-11-28,20100,20100,19450,19800,30893,-0.010000000000000009
2022-11-29,20450,20450,19500,19750,27921,-0.002525252525252486
2022-11-30,19600,20500,19550,20300,44033,0.02784810126582271
2022-12-01,20750,21700,20350,20850,98699,0.027093596059113212
2022-12-02,21150,21150,20500,20800,60586,-0.0023980815347721673
2022-12-05,20750,21200,20750,21050,43889,0.012019230769230838
2022-12-06,21050,21350,20600,20700,57550,-0.016627078384798155
2022-12-07,20950,21700,20450,21600,93382,0.04347826086956519
2022-12-08,21750,21800,21000,21300,86960,-0.01388888888888884
2022-12-09,21750,21750,21150,21250,38283,-0.0023474178403756207
2022-12-12,21200,21400,20850,20950,41737,-0.014117647058823568
2022-12-13,21200,21550,20850,21450,36585,0.023866348448687402
2022-12-14,21500,22000,21300,21300,42656,-0.006993006993006978
2022-12-15,21650,21650,21000,21050,27662,-0.011737089201877882
2022-12-16,20950,21200,20350,21200,32527,0.0071258907363420665
2022-12-19,20750,20950,20700,20750,22914,-0.021226415094339646
2022-12-20,20650,21100,20500,20550,26349,-0.009638554216867434
2022-12-21,20700,21200,20350,20900,31891,0.017031630170316392
2022-12-22,20950,21450,20950,21350,45301,0.021531100478468845
2022-12-23,21350,21350,20400,20600,46016,-0.03512880562060894
2022-12-26,20500,20800,20250,20750,34860,0.00728155339805836
2022-12-27,20600,21050,20550,20900,43674,0.0072289156626506035
2022-12-28,20500,21300,20150,20850,55198,-0.0023923444976076125
2022-12-29,20750,20750,19900,20350,53230,-0.023980815347721784
2023-01-02,20350,20350,19450,19700,42308,-0.03194103194103193
2023-01-03,19500,19600,18500,18850,84180,-0.043147208121827374
2023-01-04,18500,19200,18500,19100,37893,0.013262599469495928
2023-01-05,19100,19450,18950,19050,42728,-0.002617801047120394
2023-01-06,18800,19500,18800,19200,43940,0.007874015748031482
2023-01-09,19250,19750,19250,19650,37220,0.0234375
2023-01-10,19750,20000,19500,19700,45852,0.0025445292620864812
2023-01-11,19700,19850,19550,19850,26749,0.0076142131979695105
2023-01-12,19750,19950,19650,19700,33627,-0.007556675062972307
2023-01-13,19650,20200,19450,19700,56522,0.0
2023-01-16,19650,20050,19600,19850,47994,0.0076142131979695105
2023-01-17,20100,20100,19250,19350,57304,-0.02518891687657432
2023-01-18,19450,19450,18950,19200,36670,-0.007751937984496138
2023-01-19,19200,20400,18850,20000,84306,0.04166666666666674
2023-01-20,20250,20350,19850,19950,42247,-0.0024999999999999467
2023-01-25,19960,20300,19900,20000,26508,0.0025062656641603454
2023-01-26,20000,20500,19800,20200,47621,0.010000000000000009
2023-01-27,20050,20350,20000,20300,36941,0.004950495049504955
2023-01-30,20300,20850,20200,20400,60012,0.0049261083743843415
2023-01-31,20900,22150,20450,22150,169367,0.08578431372549011
2023-02-01,21950,22050,21450,21700,79939,-0.020316027088036148
2023-02-02,21700,21800,21100,21200,55559,-0.02304147465437789
2023-02-03,21050,21300,20750,21000,47199,-0.009433962264150941
2023-02-06,20900,21050,20550,20900,57314,-0.004761904761904745
2023-02-07,20650,21050,20600,21050,45789,0.0071770334928229484
2023-02-08,20900,21250,20750,21250,50153,0.009501187648456089
2023-02-09,20900,21300,20650,20950,56453,-0.014117647058823568
2023-02-10,20800,21650,18350,18400,315151,-0.12171837708830546
2023-02-13,18630,18850,17900,18490,229891,0.004891304347826031
2023-02-14,18450,18690,18350,18550,71207,0.0032449972958354945
2023-02-15,18550,18660,18160,18180,74275,-0.0199460916442048
2023-02-16,18180,18500,18030,18500,103301,0.017601760176017667
2023-02-17,18310,18310,17970,18000,83425,-0.027027027027026973
2023-02-20,18950,18980,18000,18080,155136,0.004444444444444473
2023-02-21,18080,18160,17970,18020,83784,-0.0033185840707964376
2023-02-22,18000,18020,17790,17900,121372,-0.006659267480577102
2023-02-23,17900,17990,17810,17970,58133,0.003910614525139744
2023-02-24,17910,17910,17750,17880,80133,-0.005008347245408995
2023-02-27,17810,17810,17150,17240,94709,-0.03579418344519014
2023-02-28,17210,17330,17010,17130,96035,-0.006380510440835319
2023-03-02,17090,17160,16900,17000,63006,-0.007589025102159974
2023-03-03,17000,17280,16960,17280,54246,0.016470588235294015
2023-03-06,17300,17360,17080,17240,70604,-0.0023148148148147696
2023-03-07,17190,17410,17100,17190,56803,-0.0029002320185614883
2023-03-08,17110,17110,16660,16730,86687,-0.026759744037230915
2023-03-09,16780,16890,16560,16760,69874,0.001793185893604221
2023-03-10,16440,16690,16020,16200,122822,-0.03341288782816232
2023-03-13,16330,16330,15610,15850,62335,-0.021604938271604923
2023-03-14,15620,15670,14880,14980,115430,-0.054889589905362746
2023-03-15,15000,15260,15000,15200,78380,0.014686248331108098
2023-03-16,14860,14910,14500,14630,84215,-0.03749999999999998
2023-03-17,14660,15050,14640,14850,88483,0.015037593984962516
2023-03-20,14930,15270,14890,14890,47261,0.002693602693602637
2023-03-21,14900,15250,14900,14910,50018,0.001343183344526544
2023-03-22,14930,15010,14720,14750,63501,-0.010731052984574108
2023-03-23,14850,14850,14390,14430,77450,-0.02169491525423728
2023-03-24,14330,14530,14310,14470,50901,0.002772002772002846
2023-03-27,14650,14650,14030,14560,107491,0.0062197650310988895
2023-03-28,14510,14820,14480,14800,52671,0.016483516483516425
2023-03-29,14800,15000,14600,14690,52153,-0.007432432432432412
2023-03-30,14690,15200,14500,15080,88214,0.026548672566371723
2023-03-31,15100,15320,14960,15190,65401,0.007294429708222916
2023-04-03,15170,15220,14410,14560,124583,-0.04147465437788023
2023-04-04,14590,15180,14550,15120,107421,0.03846153846153855
2023-04-05,15250,15420,15000,15340,64893,0.014550264550264647
2023-04-06,15440,15570,15200,15220,68602,-0.007822685788787531
2023-04-07,15230,15440,15040,15440,39984,0.014454664914586024
2023-04-10,15450,15450,14850,14940,69867,-0.032383419689119175
2023-04-11,14850,15300,14750,15290,73260,0.023427041499330725
2023-04-12,15120,15550,15100,15470,76541,0.011772400261608862
2023-04-13,15430,16000,15380,16000,110605,0.034259857789269654
2023-04-14,15900,16350,15880,16020,113292,0.0012499999999999734
2023-04-17,16040,16060,15360,15360,115852,-0.041198501872659166
2023-04-18,15260,15560,15070,15470,94530,0.007161458333333259
2023-04-19,15520,15520,15190,15250,95079,-0.014221073044602406
2023-04-20,15210,15210,14900,15200,92369,-0.003278688524590123
2023-04-21,15210,15210,14920,14940,71400,-0.017105263157894735
2023-04-24,14830,15150,14590,14660,62162,-0.018741633199464536
2023-04-25,14590,14670,14470,14550,60487,-0.007503410641200525
2023-04-26,14450,15170,14300,15060,69399,0.035051546391752675
2023-04-27,14910,15080,14510,14610,75786,-0.029880478087649376
2023-04-28,15000,15260,14870,14930,89608,0.021902806297056765
2023-05-02,14920,15120,14610,15050,47011,0.008037508372404467
2023-05-03,15000,15060,14720,14750,46638,-0.019933554817275767
2023-05-04,14670,15250,14600,15110,76015,0.02440677966101701
2023-05-08,15070,15450,14780,15200,47266,0.0059563203176704604
2023-05-09,15120,15300,15120,15120,38213,-0.0052631578947368585
2023-05-10,15070,15180,14920,15040,27756,-0.005291005291005346
2023-05-11,15050,15260,14920,14920,34817,-0.007978723404255317
2023-05-12,14900,15010,14630,14890,42250,-0.002010723860589758
2023-05-15,14800,14980,14760,14980,25857,0.006044325050369448
2023-05-16,14870,15100,14510,14580,76280,-0.026702269692923886
2023-05-17,14540,14770,14510,14760,33329,0.012345679012345734
2023-05-18,14700,14820,14660,14770,34364,0.0006775067750677266
2023-05-19,14670,15100,14670,14940,44206,0.011509817197020933
2023-05-22,15000,15230,14970,15150,52589,0.014056224899598346
2023-05-23,15260,15450,15120,15430,73174,0.018481848184818572
2023-05-24,15430,15440,15300,15320,35359,-0.0071289695398574215
2023-05-25,15240,15350,15060,15290,50590,-0.001958224543080922
2023-05-26,15130,15140,14800,14890,57073,-0.026160889470241977
2023-05-30,14880,15070,14780,14900,38548,0.000671591672263272
2023-05-31,14900,15050,14660,14660,82370,-0.016107382550335614
2023-06-01,14780,14990,14660,14910,57686,0.017053206002728416
2023-06-02,14850,15120,14790,15060,48620,0.010060362173038184
2023-06-05,15060,15230,15000,15070,30036,0.0006640106241699861
2023-06-07,15220,15230,14860,14860,50197,-0.013934970139349745
2023-06-08,14950,15230,14670,14920,89065,0.004037685060565233
2023-06-09,14940,15080,14820,14880,45518,-0.002680965147453085
2023-06-12,15010,15010,14610,14690,77382,-0.01276881720430112
2023-06-13,14720,14880,14530,14530,87694,-0.010891763104152519
2023-06-14,14570,14570,14080,14250,127866,-0.019270474879559574
2023-06-15,14260,14260,13870,13880,114234,-0.025964912280701746
2023-06-16,13920,14000,13850,13850,66510,-0.002161383285302576
2023-06-19,13850,13920,13640,13800,58771,-0.0036101083032491488
2023-06-20,13800,13940,13640,13670,61058,-0.009420289855072483
2023-06-21,13720,13720,13350,13360,96650,-0.022677395757132457
2023-06-22,13370,13450,13250,13390,50466,0.002245508982035904
2023-06-23,13370,13370,13130,13190,102020,-0.014936519790888725
2023-06-26,13190,13310,12950,13240,52191,0.0037907505686125553
2023-06-27,13240,13310,13100,13250,62208,0.0007552870090634656
2023-06-28,13250,13320,13060,13140,53440,-0.008301886792452806
2023-06-29,12980,13000,12310,12320,180331,-0.06240487062404876
2023-06-30,12310,12560,12120,12520,97828,0.016233766233766156
2023-07-03,12470,12930,12470,12730,67631,0.016773162939297093
2023-07-04,12690,12740,12500,12500,46407,-0.01806755695208173
2023-07-05,12420,12570,12360,12360,62588,-0.011199999999999988
2023-07-06,12360,12360,11950,12160,98787,-0.016181229773462813
2023-07-07,12070,12130,11940,12060,62295,-0.008223684210526327
2023-07-10,12060,12370,12030,12130,47329,0.005804311774461057
2023-07-11,12290,12290,11990,12110,82065,-0.0016488046166529546
2023-07-12,12120,12420,12080,12360,68068,0.02064409578860449
2023-07-13,12360,12730,12360,12550,84265,0.0153721682847896
2023-07-14,12550,12780,12360,12750,73241,0.015936254980079667
2023-07-17,12640,12690,12380,12480,47518,-0.02117647058823524
2023-07-18,12600,12600,12120,12120,65545,-0.028846153846153855
2023-07-19,12200,12400,12130,12260,73921,0.011551155115511635
2023-07-20,12260,12440,12110,12240,49948,-0.0016313213703099683
2023-07-21,12260,12660,12140,12520,95114,0.02287581699346397
2023-07-24,12570,12610,12000,12310,102397,-0.016773162939297093
2023-07-25,12290,12300,12040,12180,51434,-0.010560519902518273
2023-07-26,12140,12290,11460,11550,161103,-0.051724137931034475
2023-07-27,11550,12490,11550,12420,99786,0.07532467532467524
2023-07-28,12410,13070,12330,12920,169308,0.040257648953301084
2023-07-31,13040,13040,12500,13000,104086,0.006191950464396356
2023-08-01,12900,13250,12860,13250,117045,0.019230769230769162
2023-08-02,13260,13710,13050,13450,180435,0.015094339622641506
2023-08-03,13380,14160,13290,14080,215716,0.046840148698884754
2023-08-04,14080,14300,13810,14160,117813,0.005681818181818121
2023-08-07,14100,14330,13890,14110,98392,-0.003531073446327637
2023-08-08,14070,14140,13520,13670,99769,-0.031183557760453562
2023-08-09,13540,14240,13540,14110,99094,0.03218727139722022
2023-08-10,14110,14720,14110,14620,176525,0.03614457831325302
2023-08-11,14620,14680,14380,14520,74152,-0.0068399452804377425
2023-08-14,14370,14480,14240,14350,56995,-0.011707988980716233
2023-08-16,14160,14200,13540,13980,78947,-0.025783972125435595
2023-08-17,13870,13870,13500,13690,67786,-0.0207439198855508
2023-08-18,13550,13950,13420,13920,68863,0.016800584368152016
2023-08-21,13920,14130,13800,14020,70427,0.007183908045977017
2023-08-22,14010,14160,13850,13870,55531,-0.010699001426533572
2023-08-23,13740,13910,13720,13870,56123,0.0
2023-08-24,13870,14000,13800,13830,56421,-0.002883922134102379
2023-08-25,13710,14100,13710,13960,58987,0.009399855386840184
2023-08-28,13970,14080,13830,13990,39072,0.0021489971346704273
2023-08-29,13900,14180,13900,14180,39407,0.013581129378127166
2023-08-30,14180,14290,14090,14110,46153,-0.0049365303244005565
2023-08-31,14110,14250,14030,14250,59877,0.009922041105598911
2023-09-01,14210,14330,14080,14130,62848,-0.008421052631578996
2023-09-04,14090,14100,13840,14080,63291,-0.0035385704175513455
2023-09-05,13940,14050,13610,13610,95435,-0.03338068181818177
2023-09-06,13600,13620,13140,13170,141924,-0.03232916972814104
2023-09-07,13130,13410,13100,13210,82660,0.0030372057706908873
2023-09-08,13240,14200,13210,14180,146047,0.07342922028766097
2023-09-11,14300,14760,14240,14750,151588,0.04019746121297607
2023-09-12,14800,15070,14480,14600,127131,-0.01016949152542368
2023-09-13,14410,14510,14220,14340,76484,-0.017808219178082174
2023-09-14,14340,14590,14190,14550,74486,0.014644351464435212
2023-09-15,14750,14750,14360,14370,88611,-0.012371134020618513
2023-09-18,14370,14620,14230,14460,64992,0.006263048016701411
2023-09-19,14470,14630,14270,14520,55572,0.004149377593360981
2023-09-20,14520,14580,14310,14500,36857,-0.0013774104683195176
2023-09-21,14400,14470,14110,14230,62001,-0.018620689655172384
2023-09-22,14150,14390,13960,14330,37240,0.007027406886858767
2023-09-25,14200,14720,14070,14210,44686,-0.008374040474528943
2023-09-26,14070,14410,14030,14400,54689,0.013370865587614356
2023-09-27,15170,15720,14710,15640,430918,0.08611111111111103
2023-10-04,15570,15940,15110,15800,207601,0.010230179028132946
2023-10-05,15650,16680,15350,16440,229701,0.040506329113924044
2023-10-06,16690,17330,16190,17180,212857,0.045012165450121655
2023-10-10,17270,17960,17000,17290,288292,0.00640279394644927
2023-10-11,17370,17800,17060,17600,138931,0.017929438982070556
2023-10-12,17700,17740,16580,17460,165803,-0.007954545454545436
2023-10-13,17290,17370,16650,16850,108622,-0.034936998854524615
2023-10-16,16610,17050,16490,16930,91408,0.004747774480712064
2023-10-17,16830,17100,16340,16340,73345,-0.03484937979917302
2023-10-18,16190,16370,15670,15720,104187,-0.03794369645042839
2023-10-19,15540,15600,15000,15270,73073,-0.028625954198473247
2023-10-20,15000,15130,14800,14920,69722,-0.022920759659463052
2023-10-23,14920,15230,14590,15230,72114,0.020777479892761352
2023-10-24,15230,15240,14330,14830,115723,-0.02626395272488513
2023-10-25,14850,14990,14620,14880,45742,0.003371544167228624
2023-10-26,14800,14860,14450,14600,52099,-0.018817204301075252
2023-10-27,14890,15150,14620,14940,46459,0.023287671232876672
2023-10-30,14810,14920,14560,14860,38131,-0.0053547523427041055
2023-10-31,15000,15260,14710,14900,52891,0.0026917900403768957
2023-11-01,14900,15520,14810,15340,69693,0.029530201342281792
2023-11-02,15520,15540,15160,15350,69146,0.0006518904823988869
2023-11-03,15350,15350,14910,15180,84689,-0.011074918566775227
2023-11-06,15400,16380,15260,16380,97767,0.07905138339920947
2023-11-07,16380,16770,15570,15980,91578,-0.024420024420024444
2023-11-08,16360,16420,16010,16160,68118,0.01126408010012514
2023-11-09,16160,16320,15580,15940,62188,-0.013613861386138626
2023-11-10,15820,15890,15270,15740,63873,-0.012547051442910906
2023-11-13,15750,15890,15080,15080,62521,-0.041931385006353294
2023-11-14,15110,15350,15080,15350,40508,0.017904509283819703
2023-11-15,15950,15950,15360,15450,47224,0.006514657980456029
2023-11-16,15450,15580,15220,15220,30822,-0.014886731391585806
2023-11-17,15220,19500,15030,17500,3090655,0.14980289093298294
2023-11-20,17160,18370,16630,16970,1253024,-0.03028571428571425
2023-11-21,16860,17140,16520,16620,228279,-0.020624631703005325
2023-11-22,16420,17280,16410,16620,304165,0.0
2023-11-23,16560,17090,16520,16850,118636,0.013838748495788256
2023-11-24,17000,17040,16600,16600,72457,-0.014836795252225476
2023-11-27,16580,16950,16570,16630,71836,0.0018072289156625398
2023-11-28,16630,18670,16620,17200,943692,0.03427540589296463
2023-11-29,17200,17900,16870,16980,238817,-0.01279069767441865
2023-11-30,16920,17070,16610,16700,109188,-0.01648998822143699
2023-12-01,16720,17070,16630,16680,112508,-0.0011976047904191933
2023-12-04,16710,17350,16550,17330,125081,0.03896882494004794
2023-12-05,17160,17890,17060,17600,161701,0.015579919215233717
2023-12-06,17990,17990,17210,17350,102165,-0.014204545454545414
2023-12-07,17510,18450,17410,18130,292745,0.04495677233429385
2023-12-08,18170,18480,17960,18160,129450,0.001654715940430318
2023-12-11,18270,18320,17650,17960,107489,-0.011013215859030812
2023-12-12,17880,18640,17810,18440,137068,0.026726057906458767
2023-12-13,18440,18940,18090,18090,96100,-0.018980477223427328
2023-12-14,18120,18500,17850,17850,128550,-0.013266998341625258
2023-12-15,18070,18140,17820,18050,59572,0.011204481792717047
2023-12-18,17900,18530,17900,18330,72191,0.015512465373961115
2023-12-19,18080,19050,18080,19010,145996,0.037097654118930734
2023-12-20,19040,19930,19010,19800,202112,0.04155707522356655
2023-12-21,19620,20150,19520,19540,139545,-0.013131313131313105
2023-12-22,19710,19940,19510,19600,84105,0.003070624360286489
2023-12-26,19750,20050,19520,19660,89053,0.003061224489795844
2023-12-27,19570,20350,19550,20150,108936,0.02492370295015256
2023-12-28,20300,20900,20050,20650,112072,0.02481389578163773
2024-01-02,20650,20900,20000,20600,89507,-0.002421307506053294
2024-01-03,20600,21300,20400,20950,108034,0.016990291262136026
2024-01-04,20950,21150,20000,20100,111238,-0.04057279236276845
2024-01-05,20050,20850,19980,19990,92241,-0.005472636815920362
2024-01-08,20050,20350,19860,19860,65762,-0.006503251625812889
2024-01-09,20200,20350,19950,20150,59885,0.01460221550855989
2024-01-10,20000,20600,19980,20250,67859,0.00496277915632759
2024-01-11,20350,20500,19840,19840,68511,-0.020246913580246884
2024-01-12,19840,20200,19700,19920,70468,0.0040322580645162365
2024-01-15,20150,20350,19800,20050,74293,0.006526104417670764
2024-01-16,20000,20800,20000,20450,74759,0.01995012468827939
2024-01-17,20800,20800,19900,19960,59255,-0.023960880195599055
2024-01-18,20350,20600,19910,19920,48164,-0.002004008016032066
2024-01-19,19850,20200,19510,19510,66752,-0.02058232931726911
2024-01-22,19730,19830,19380,19630,57529,0.006150691952844678
2024-01-23,19700,20250,19410,20200,59297,0.029037187977585255
2024-01-24,20350,20600,19950,19990,24632,-0.010396039603960405
2024-01-25,19990,20400,19990,20200,34645,0.010505252626313188
2024-01-26,20050,21300,20050,20800,132491,0.02970297029702973
2024-01-29,21100,21150,20400,20400,66496,-0.019230769230769273
2024-01-30,20400,21900,20350,21650,157342,0.06127450980392157
2024-01-31,22050,25450,21850,23200,1089650,0.07159353348729791
2024-02-01,24150,25700,23450,25700,784163,0.10775862068965525
2024-02-02,25750,27100,25100,26100,355596,0.015564202334630295
2024-02-05,25850,26150,24250,24600,221029,-0.05747126436781613
2024-02-06,24400,24750,23550,24200,144032,-0.016260162601625994
2024-02-07,24000,24200,23600,23900,96850,-0.012396694214875992
2024-02-08,23900,24600,23600,24300,110835,0.01673640167364021
2024-02-13,24300,25700,24300,25400,86504,0.04526748971193406
2024-02-14,25050,25150,24600,24750,59418,-0.025590551181102317
2024-02-15,24950,24950,23700,23700,67534,-0.042424242424242475
2024-02-16,23900,23900,22950,23200,85779,-0.021097046413502074
2024-02-19,23550,23550,22800,23150,53704,-0.0021551724137931494
2024-02-20,23150,24000,23150,23800,62645,0.02807775377969768
2024-02-21,23850,23950,22900,23250,64174,-0.02310924369747902
2024-02-22,23400,23400,22700,22800,46446,-0.01935483870967747
2024-02-23,22800,23700,22600,23350,48069,0.02412280701754388
2024-02-26,23550,23650,23100,23250,47143,-0.004282655246252709
2024-02-27,23450,23850,22850,22900,55392,-0.01505376344086018
2024-02-28,23450,23450,22150,22600,75065,-0.013100436681222738
2024-02-29,22350,22550,21850,22000,81163,-0.026548672566371723
2024-03-04,22000,22400,21850,22150,48022,0.006818181818181834
2024-03-05,21850,22250,21850,21900,36183,-0.011286681715575675
2024-03-06,21750,22300,21550,21650,37740,-0.011415525114155223
2024-03-07,21650,21850,21000,21600,70472,-0.002309468822170868
2024-03-08,22200,22200,21400,21850,86419,0.011574074074074181
2024-03-11,21900,22350,21250,21250,50371,-0.027459954233409634
2024-03-12,21250,21450,20000,20450,78930,-0.03764705882352937
2024-03-13,20500,20700,20100,20150,52540,-0.014669926650366705
2024-03-14,20350,20500,19960,20050,71062,-0.00496277915632759
2024-03-15,20050,20200,19450,19450,98979,-0.029925187032418976
2024-03-18,19700,20350,19500,19880,52693,0.022107969151671014
2024-03-19,19680,20050,19360,19540,66561,-0.017102615694164935
2024-03-20,19910,20700,19740,20350,62905,0.041453428863869046
2024-03-21,20650,20700,20150,20500,38306,0.0073710073710073765
2024-03-22,20400,21800,20300,21200,71091,0.034146341463414664
2024-03-25,21100,22250,21000,21650,112212,0.021226415094339535
2024-03-26,22000,22350,21650,21800,67343,0.006928406466512715
2024-03-27,21600,22000,21200,21200,48289,-0.02752293577981646
2024-03-28,21000,21450,20550,20700,53264,-0.02358490566037741
2024-03-29,21000,21050,20050,20200,34505,-0.024154589371980673
2024-04-01,20550,20550,20000,20200,35538,0.0
2024-04-02,20150,20150,19740,19790,43744,-0.020297029702970315
2024-04-03,19810,19920,19460,19480,58578,-0.015664477008590194
2024-04-04,19780,19780,19210,19260,33001,-0.011293634496919891
2024-04-05,19210,19540,18350,18680,53934,-0.03011422637590866
2024-04-08,18550,19080,18300,19000,41075,0.017130620985010614
2024-04-09,19000,19340,18820,18870,17339,-0.006842105263157872
2024-04-11,18600,19000,18260,18630,75412,-0.012718600953895098
2024-04-12,18350,18690,18340,18400,31319,-0.012345679012345734
2024-04-15,18390,18520,18080,18300,37088,-0.005434782608695676
2024-04-16,18120,18170,17600,17750,59075,-0.030054644808743203
2024-04-17,17580,17840,17400,17400,39840,-0.019718309859154903
2024-04-18,17570,17970,17440,17760,30436,0.020689655172413834
2024-04-19,17760,17980,17190,17200,50937,-0.03153153153153154
2024-04-22,17860,18550,17620,18140,35966,0.054651162790697594
2024-04-23,18150,18290,18000,18150,24452,0.0005512679162071876
2024-04-24,18410,18450,17960,18130,23627,-0.001101928374655614
2024-04-25,17820,18290,17810,17900,18395,-0.012686155543298439
2024-04-26,17900,18380,17770,18180,33944,0.015642458100558754
2024-04-29,18490,18700,18100,18700,40152,0.028602860286028653
2024-04-30,18690,18870,18520,18820,46543,0.0064171122994651775
2024-05-02,18810,19200,18680,19030,48416,0.011158342189160564
2024-05-03,19030,19300,18770,18770,17999,-0.01366263794009459
2024-05-07,19060,19760,19040,19680,71505,0.04848161960575381
2024-05-08,19940,20050,19610,19900,44319,0.011178861788617933
2024-05-09,20050,20100,19500,19500,34175,-0.02010050251256279
2024-05-10,19930,19940,19400,19580,32214,0.004102564102564044
2024-05-13,19800,19800,19210,19270,26604,-0.015832482124616964
2024-05-14,19270,19530,18980,19200,23035,-0.0036325895173845435
2024-05-16,19690,19800,18820,18820,60003,-0.019791666666666652
2024-05-17,18720,19190,18720,19050,47842,0.01222104144527103
2024-05-20,19330,19330,18640,18640,28900,-0.021522309711286103
2024-05-21,18460,18770,18170,18300,34075,-0.018240343347639465
2024-05-22,18150,18300,18100,18160,31484,-0.007650273224043769
2024-05-23,18040,18320,18040,18080,23140,-0.004405286343612369
2024-05-24,17770,18060,17760,17950,49172,-0.007190265486725633
2024-05-27,17810,17990,17520,17540,47029,-0.022841225626740957
2024-05-28,17490,17640,17400,17550,33581,0.0005701254275940482
2024-05-29,17380,17390,16800,17010,69261,-0.03076923076923077
2024-05-30,16850,16850,15800,15900,113434,-0.06525573192239864
2024-05-31,16060,16420,15860,16420,89278,0.03270440251572326
2024-06-03,16440,16940,16260,16330,59653,-0.005481120584652888
2024-06-04,16200,16570,16150,16480,35283,0.009185548071034999
2024-06-05,16550,16810,16300,16500,45492,0.0012135922330096527
2024-06-07,16490,16870,16490,16690,40393,0.011515151515151478
2024-06-10,16480,16630,16220,16220,67206,-0.028160575194727366
2024-06-11,16340,16930,16270,16500,65929,0.01726263871763245
2024-06-12,16610,16670,16260,16410,28472,-0.00545454545454549
2024-06-13,16410,17640,16370,17640,196956,0.07495429616087756
2024-06-14,17470,17470,16590,16590,86654,-0.059523809523809534
2024-06-17,16500,16850,16400,16700,43222,0.006630500301386455
2024-06-18,16710,16790,16300,16530,30823,-0.010179640718562921
2024-06-19,16670,16670,16220,16250,36781,-0.016938898971566863
2024-06-20,16190,16380,15990,16140,70022,-0.00676923076923075
2024-06-21,16140,16140,15730,15740,62165,-0.024783147459727428
2024-06-24,15740,16070,15550,15960,78243,0.013977128335451061
2024-06-25,16110,16140,15800,15800,30684,-0.010025062656641603
2024-06-26,15680,15730,15500,15730,38359,-0.004430379746835467
2024-06-27,15580,15740,15050,15050,82891,-0.04322949777495233
2024-06-28,15290,15440,15120,15400,43514,0.023255813953488413
2024-07-01,15390,15690,15230,15670,32601,0.01753246753246751
2024-07-02,15510,15840,15200,15650,32314,-0.0012763241863433805
2024-07-03,15750,15990,15120,15460,143425,-0.012140575079872207
2024-07-04,15750,20050,15450,20050,2768591,0.296895213454075
2024-07-05,20650,20900,19300,19300,1076608,-0.03740648379052369
2024-07-08,19130,22000,19110,20250,2309700,0.04922279792746109
2024-07-09,20250,23100,20200,21450,1909153,0.059259259259259345
2024-07-10,21300,22650,20700,21050,628668,-0.018648018648018683
2024-07-11,21250,21300,20350,20600,185497,-0.02137767220902609
2024-07-12,20450,21550,20450,20850,204372,0.012135922330097193
2024-07-15,20850,21100,20600,20900,103565,0.0023980815347721673
2024-07-16,20650,21300,20450,20500,131425,-0.019138755980861233
2024-07-17,20500,21400,20450,21100,195694,0.029268292682926855
2024-07-18,21300,22500,20650,20950,594684,-0.007109004739336511
2024-07-19,20500,21400,20500,21200,111477,0.01193317422434359
2024-07-22,21350,21800,21000,21200,132133,0.0
2024-07-23,21050,21600,20500,20650,137233,-0.02594339622641506
2024-07-24,20700,22450,20700,22000,414904,0.06537530266343827
2024-07-25,21550,22200,21400,21550,207679,-0.020454545454545503
2024-07-26,21950,22750,21800,22100,283758,0.025522041763341052
2024-07-29,22450,23900,22400,22550,339455,0.020361990950226172
2024-07-30,22400,22700,21500,21850,128499,-0.03104212860310418
2024-07-31,21850,21900,21200,21500,98102,-0.016018306636155555
2024-08-01,21400,22400,21250,21800,111914,0.013953488372093092
2024-08-02,21600,21600,20150,20300,170416,-0.06880733944954132
2024-08-05,19760,20050,18480,18940,156776,-0.06699507389162562
2024-08-06,19130,20500,19050,19440,120211,0.026399155227032844
2024-08-07,19060,21500,19060,21200,174183,0.09053497942386834
2024-08-08,20800,22100,20700,22000,149907,0.037735849056603765
2024-08-09,22250,22550,21800,22000,116064,0.0
2024-08-12,22250,22850,22250,22500,125627,0.022727272727272707
2024-08-13,22500,22950,21900,22900,164406,0.01777777777777767
2024-08-14,23100,23150,22550,23000,147525,0.004366812227074135
2024-08-16,23250,24500,22950,24100,213108,0.047826086956521685
2024-08-19,24100,25000,23950,24650,176486,0.022821576763485396
2024-08-20,24650,24800,23850,24200,112332,-0.018255578093306246
2024-08-21,23950,24800,23650,24200,139274,0.0
2024-08-22,24350,24350,23700,23850,96756,-0.01446280991735538
2024-08-23,23600,24350,23300,24250,93147,0.016771488469601747
2024-08-26,24500,24750,24200,24600,79535,0.014432989690721598
2024-08-27,24800,24850,23850,24200,64207,-0.016260162601625994
2024-08-28,24300,25200,23750,24950,114390,0.030991735537190035
2024-08-29,24950,26000,24700,25000,165428,0.002004008016031955
2024-08-30,25200,26500,24900,25650,235205,0.026000000000000023
2024-09-02,25750,26000,25000,25500,118880,-0.005847953216374324
2024-09-03,25800,26100,25250,25450,70087,-0.0019607843137254832
2024-09-04,24900,25100,24150,24550,95289,-0.035363457760314354
2024-09-05,24650,24950,23600,23850,75281,-0.02851323828920571
2024-09-06,24050,24100,23300,23550,54475,-0.012578616352201255
2024-09-09,23300,25150,23100,24750,111586,0.05095541401273884
2024-09-10,24600,25200,24400,24600,50530,-0.0060606060606061
2024-09-11,24600,25000,23750,23950,62227,-0.026422764227642226
2024-09-12,24150,24200,23800,24200,60985,0.010438413361169019
2024-09-13,24400,25700,24250,25500,120488,0.05371900826446274
2024-09-19,25800,26050,25300,25550,72996,0.0019607843137254832
2024-09-20,25750,26350,25400,26150,97518,0.023483365949119372
2024-09-23,26400,26450,25200,26000,120146,-0.005736137667303964
2024-09-24,26200,26300,25350,26100,82254,0.0038461538461538325
2024-09-25,26200,26400,25050,25050,85889,-0.04022988505747127
2024-09-26,25000,25200,24350,24550,81031,-0.019960079840319334
2024-09-27,24600,24800,23950,23950,63778,-0.024439918533604943
2024-09-30,24150,24300,23100,23500,74241,-0.018789144050104345
2024-10-02,23250,23250,22200,22400,82580,-0.04680851063829783
2024-10-04,22250,22600,22000,22300,88481,-0.004464285714285698
2024-10-07,22300,22550,22050,22400,48296,0.004484304932735439
2024-10-08,22550,25150,22500,24400,257018,0.08928571428571419
2024-10-10,24400,26950,24400,26950,281828,0.10450819672131151
2024-10-11,26700,27550,26400,27400,205016,0.016697588126159513
2024-10-14,27550,27600,26300,26700,114263,-0.025547445255474477
2024-10-15,26600,27500,25900,26950,120139,0.009363295880149725
2024-10-16,26650,26900,26000,26400,99289,-0.020408163265306145
2024-10-17,26400,27250,26100,26650,75574,0.009469696969697017
2024-10-18,26950,28100,26150,26550,170019,-0.0037523452157598447
2024-10-21,26800,27000,26300,26300,58374,-0.00941619585687381
2024-10-22,25950,26150,25450,25700,85608,-0.02281368821292773
2024-10-23,25700,26400,24950,25400,84606,-0.011673151750972721
2024-10-24,25150,25650,24400,25550,59244,0.0059055118110236116
2024-10-25,25650,25750,25000,25150,32582,-0.015655577299412915
2024-10-28,25050,26450,25050,25700,78351,0.021868787276341894
2024-10-29,25850,25950,25150,25350,35035,-0.013618677042801508
2024-10-30,25350,25350,24600,24800,45940,-0.021696252465483234
2024-10-31,24550,25950,24550,25950,53481,0.0463709677419355
2024-11-01,25700,25750,24700,25150,36371,-0.030828516377649273
2024-11-04,25150,25800,24600,25700,38369,0.021868787276341894
2024-11-05,25450,25800,24900,24900,23171,-0.0311284046692607
2024-11-06,24900,25850,24650,25700,48249,0.032128514056224855
2024-11-07,25450,25550,24650,25400,36318,-0.011673151750972721
2024-11-08,25700,25700,23900,24300,85653,-0.04330708661417326
2024-11-11,24050,24450,23150,23650,56920,-0.026748971193415683
2024-11-12,23300,23450,22000,22300,87039,-0.05708245243128962
2024-11-13,22050,22400,21400,21600,94315,-0.03139013452914796
2024-11-14,21800,21800,21250,21450,90180,-0.00694444444444442
2024-11-15,21200,21500,20550,21050,59883,-0.018648018648018683
2024-11-18,20850,20950,20100,20950,46457,-0.004750593824228044
2024-11-19,20800,21200,20750,20800,38655,-0.007159904534606243
2024-11-20,21000,21650,20750,20950,40100,0.007211538461538547
2024-11-21,21200,21600,20850,21300,46031,0.01670644391408116
2024-11-22,21500,21700,20700,20900,57723,-0.018779342723004744
2024-11-25,21100,21250,20800,21000,37845,0.004784688995215225
2024-11-26,20800,21100,20100,20500,54456,-0.023809523809523836
2024-11-27,20350,21300,20300,21300,36529,0.039024390243902474
2024-11-28,21400,22500,21300,22100,71756,0.03755868544600949
2024-11-29,22100,22100,20900,21150,59382,-0.042986425339366474
2024-12-02,21400,21800,20500,20700,59357,-0.021276595744680882
2024-12-03,20900,21750,20900,21650,50462,0.04589371980676327
2024-12-04,21300,21500,20550,20950,69993,-0.0323325635103926
2024-12-05,20750,20950,20150,20450,46697,-0.023866348448687402
2024-12-06,20700,20700,20000,20450,41338,0.0
2024-12-09,20200,20400,19670,19680,56125,-0.03765281173594137
2024-12-10,19870,20500,19870,20500,30637,0.04166666666666674
2024-12-11,20500,20900,20300,20650,23872,0.007317073170731714
2024-12-12,20900,21600,20850,21150,76364,0.02421307506053272
2024-12-13,21000,21500,20850,21150,46675,0.0
2024-12-16,21350,21850,21250,21250,35102,0.004728132387706863
2024-12-17,21500,22050,21250,21800,78023,0.025882352941176467
2024-12-18,21900,22050,21350,21450,44695,-0.016055045871559592
2024-12-19,21000,21250,20250,20500,65398,-0.044289044289044344
2024-12-20,20300,20400,19970,20400,42343,-0.004878048780487809
2024-12-23,20600,21200,20450,21150,24536,0.03676470588235303
2024-12-24,20950,21250,20800,20950,17724,-0.009456264775413725
2024-12-26,20950,21200,20700,20900,21689,-0.0023866348448687846
2024-12-27,20700,20900,20250,20450,28373,-0.021531100478468845
2024-12-30,20650,22100,20450,21600,71473,0.05623471882640585
2025-01-02,21350,21600,21200,21200,27447,-0.01851851851851849
2025-01-03,21400,21850,21300,21350,27077,0.007075471698113178
2025-01-06,21350,21750,20900,21600,37858,0.011709601873536313
2025-01-07,21400,22050,21400,22000,33466,0.0185185185185186
2025-01-08,21900,22500,21500,21500,38380,-0.022727272727272707
2025-01-09,21900,22900,21650,22050,100353,0.0255813953488373
2025-01-10,21850,22000,21250,21450,41635,-0.027210884353741527
2025-01-13,21350,21800,21000,21300,47864,-0.006993006993006978
2025-01-14,21400,21400,20350,20500,58331,-0.03755868544600938
2025-01-15,20750,20850,20100,20200,45290,-0.014634146341463428
2025-01-16,20400,20850,20200,20700,42316,0.024752475247524774
2025-01-17,20500,20750,20350,20550,21137,-0.007246376811594235
2025-01-20,20450,20700,20000,20600,25907,0.0024330900243310083
2025-01-21,20800,20950,20300,20500,31532,-0.004854368932038833
2025-01-22,20700,21400,20700,21100,41571,0.029268292682926855
2025-01-23,21250,21250,20500,20500,21991,-0.028436018957345932
2025-01-24,20500,21150,20350,20850,24516,0.017073170731707332
2025-01-31,21100,21450,20550,20600,34432,-0.011990407673860948
2025-02-03,20350,20400,19610,20100,47713,-0.024271844660194164
2025-02-04,20200,20750,20050,20250,28398,0.00746268656716409
2025-02-05,20400,20850,20250,20700,31471,0.022222222222222143
2025-02-06,20900,21750,20700,21700,58795,0.048309178743961345
2025-02-07,21500,21700,21100,21100,26002,-0.027649769585253448
2025-02-10,21350,21850,20650,21550,60133,0.021327014218009532
2025-02-11,21800,21800,20850,20950,36372,-0.02784222737819031
2025-02-12,21150,21250,20800,20800,20073,-0.007159904534606243
2025-02-13,21000,21200,20600,20700,40561,-0.004807692307692291
2025-02-14,20900,21000,20300,20450,52634,-0.012077294685990392
2025-02-17,20700,21300,20600,21200,42097,0.03667481662591676
2025-02-18,21400,21450,20450,20700,63618,-0.02358490566037741
2025-02-19,20700,21050,20650,20750,44372,0.0024154589371980784
2025-02-20,20650,21150,20600,20950,31990,0.009638554216867545
2025-02-21,21000,21350,21000,21150,27600,0.009546539379474916
2025-02-24,21100,21300,20750,20800,21765,-0.01654846335697402
2025-02-25,20800,20950,20500,20550,24768,-0.012019230769230727
2025-02-26,20750,21350,20550,21350,38166,0.038929440389294356
2025-02-27,21300,21300,20750,20950,26728,-0.0187353629976581
2025-02-28,20950,20950,20100,20100,72005,-0.04057279236276845
2025-03-04,20100,20250,19860,19910,37510,-0.009452736318407928
2025-03-05,20150,20450,19940,19940,37595,0.0015067805123054612
2025-03-06,19940,20500,19940,20450,28262,0.025576730190571606
2025-03-07,20200,20250,19690,19740,47301,-0.034718826405867986
2025-03-10,19730,19730,19100,19520,40466,-0.011144883485309065
2025-03-11,19200,19450,19070,19230,38216,-0.014856557377049162
2025-03-12,19100,19950,19100,19440,24617,0.010920436817472678
2025-03-13,19280,19700,19280,19360,38311,-0.004115226337448541
2025-03-14,19480,19770,19220,19430,13503,0.003615702479338845
2025-03-17,19580,19900,19420,19900,24624,0.024189397838394244
2025-03-18,19980,20250,19720,20050,27079,0.007537688442211143
2025-03-19,20150,20250,19900,20150,15130,0.004987531172069737
2025-03-20,20000,20400,20000,20050,22243,-0.00496277915632759
2025-03-21,19830,20400,19620,19670,41044,-0.01895261845386531
2025-03-24,19480,19980,19410,19790,17550,0.006100660904931443
2025-03-25,19540,20500,19540,20150,18000,0.018191005558362727
2025-03-26,20350,20350,19830,19980,16787,-0.008436724565756837
2025-03-27,19830,20050,19710,19740,16217,-0.012012012012011963
2025-03-28,19740,19790,19180,19200,20227,-0.027355623100303927
2025-03-31,19230,19400,18370,18740,39655,-0.023958333333333304
2025-04-01,18710,19310,18700,19110,17368,0.01974386339381007
2025-04-02,19100,19210,18630,18630,18785,-0.025117739403453743
2025-04-03,18400,18810,18110,18770,28030,0.007514761137949577
2025-04-04,18590,19060,18390,18970,25513,0.010655301012253648
2025-04-07,18410,18410,17420,18320,57248,-0.034264628360569316
2025-04-08,18320,19060,18140,18440,31878,0.0065502183406114245
2025-04-09,18240,18340,17520,17770,37226,-0.03633405639913234
2025-04-10,18110,19020,18110,18890,28771,0.06302757456387176
2025-04-11,18690,19770,18520,19620,36933,0.03864478560084694
2025-04-14,19800,19800,19200,19280,18977,-0.01732925586136591
2025-04-15,19280,19780,19210,19660,31343,0.01970954356846466
2025-04-16,19690,20100,19580,19750,33405,0.004577822990844416
2025-04-17,20150,20150,19690,19780,19624,0.0015189873417722488
2025-04-18,19600,19980,19590,19800,7671,0.0010111223458038054
2025-04-21,19620,19890,19580,19880,8646,0.004040404040404066
2025-04-22,20150,20150,19720,19850,11434,-0.0015090543259557165
2025-04-23,20050,20200,19750,20150,25010,0.015113350125944613
2025-04-24,19980,20200,19900,19960,19065,-0.009429280397022288
2025-04-25,20650,20650,19790,19790,29221,-0.008517034068136309
2025-04-28,19600,19980,19520,19600,24492,-0.009600808489135915
2025-04-29,19780,20450,19770,20450,30684,0.04336734693877542
2025-04-30,20450,21050,19990,20300,36639,-0.007334963325183352
2025-05-02,20100,20650,20100,20350,17277,0.0024630541871921707
2025-05-07,20500,20500,18970,19260,71894,-0.05356265356265355
2025-05-08,18990,19540,18970,19490,36180,0.011941848390446541
2025-05-09,19310,20300,19100,19950,60472,0.02360184710107749
2025-05-12,19800,20350,19570,20300,40309,0.01754385964912286
2025-05-13,19920,20100,19640,19810,31172,-0.024137931034482807
2025-05-14,19820,20400,19720,20100,47198,0.01463907117617369
2025-05-15,19830,20750,19830,20350,43124,0.01243781094527363
2025-05-16,20750,20800,19900,20500,45396,0.0073710073710073765
2025-05-19,20300,21050,20300,20450,29651,-0.0024390243902439046
2025-05-20,20450,20850,19930,19930,18585,-0.025427872860635747
2025-05-21,19900,20600,19900,20250,23010,0.016056196688409408
2025-05-22,20450,20550,19970,20300,23759,0.0024691358024691024
2025-05-23,20150,20300,19700,19800,28289,-0.024630541871921152
2025-05-26,19990,19990,19400,19720,36402,-0.004040404040404066
2025-05-27,19630,19670,19100,19320,46564,-0.020283975659229236
2025-05-28,19160,19320,18870,19270,63817,-0.0025879917184264967
2025-05-29,19360,25050,19180,25050,803870,0.2999481058640374
2025-05-30,25350,26650,23650,25350,893042,0.011976047904191711
2025-06-02,25000,27900,25000,27450,596028,0.08284023668639051
2025-06-04,27100,28550,26700,28000,371354,0.020036429872495543
2025-06-05,27700,28350,26750,27550,152557,-0.016071428571428625
2025-06-09,27850,28650,27150,27300,153300,-0.00907441016333943
2025-06-10,27600,28100,26750,27850,166201,0.020146520146520075
2025-06-11,27350,27800,26650,27000,114620,-0.030520646319569078
2025-06-12,26650,27100,26200,26700,115758,-0.011111111111111072
2025-06-13,26500,26700,25100,25400,108568,-0.048689138576779034
2025-06-16,25700,26100,24900,26100,90775,0.027559055118110187
2025-06-17,25650,26150,24650,24800,87281,-0.04980842911877392
2025-06-18,24550,25150,24250,24800,81145,0.0
2025-06-19,24800,24900,23800,24150,64594,-0.02620967741935487
2025-06-20,24500,24500,23900,24200,62893,0.0020703933747412417
2025-06-23,23900,23950,23100,23350,122217,-0.03512396694214881
2025-06-24,23700,23800,22900,23200,107358,-0.0064239828693790635
2025-06-25,22900,23000,22500,22750,103307,-0.0193965517241379
2025-06-26,22650,22850,22000,22400,71310,-0.01538461538461533
2025-06-27,22400,23650,22200,23450,172733,0.046875
2025-06-30,23200,23350,22550,23050,86976,-0.017057569296375252
2025-07-01,23150,24050,23150,23750,143592,0.030368763557483636
2025-07-02,23650,24100,22750,23200,88966,-0.023157894736842155
2025-07-03,23700,24300,23050,23600,96719,0.01724137931034475
2025-07-04,23700,23750,22550,22550,70617,-0.044491525423728806
2025-07-07,22800,23000,22200,22800,46154,0.011086474501108556
2025-07-08,22800,24100,22550,23500,119311,0.030701754385964897
2025-07-09,25150,28700,24750,27200,1244621,0.1574468085106382
2025-07-10,27000,28450,26700,27900,604530,0.025735294117646967
2025-07-11,28800,28850,27300,27450,272041,-0.016129032258064502
2025-07-14,28300,28300,27450,28050,166773,0.021857923497267784
2025-07-15,27650,27850,27050,27450,148546,-0.021390374331550777
2025-07-16,27800,27950,27250,27400,125405,-0.0018214936247723523
2025-07-17,27300,27500,26650,26900,145150,-0.018248175182481785
2025-07-18,27050,27100,26000,26150,130917,-0.027881040892193343
2025-07-21,26250,26550,25150,25250,163036,-0.03441682600382412
2025-07-22,25850,26000,25250,25550,130185,0.011881188118811892
2025-07-23,25800,26300,25350,25650,95700,0.00391389432485334
2025-07-24,25800,26300,25050,25250,97313,-0.015594541910331383
2025-07-25,25000,25500,24250,24550,109899,-0.027722772277227747
2025-07-28,24550,24850,23300,23700,99890,-0.03462321792260692
2025-07-29,24400,24650,24000,24350,137821,0.02742616033755274
2025-07-30,24450,24600,23750,23800,78464,-0.022587268993839782
2025-07-31,23600,24300,23250,23350,79195,-0.018907563025210128
2025-08-01,23100,23100,21950,22000,155436,-0.05781584582441113
2025-08-04,22200,22300,21850,22100,62385,0.00454545454545463
2025-08-05,22800,22850,22100,22200,87532,0.004524886877828038
2025-08-06,22000,22300,21550,22250,86018,0.0022522522522523403
2025-08-07,22300,22350,21700,22050,110698,-0.008988764044943864
2025-08-08,22000,22200,21650,22200,95378,0.006802721088435382
2025-08-11,22200,22400,21600,22100,116043,-0.0045045045045044585
2025-08-12,21900,22100,21300,21550,81658,-0.02488687782805432
2025-08-13,25000,25200,22250,22500,770299,0.044083526682134666
2025-08-14,22600,22750,22100,22450,171360,-0.0022222222222222365
2025-08-18,22450,22550,22000,22050,92925,-0.017817371937639215
2025-08-19,22150,22300,21650,21950,76426,-0.0045351473922902175
2025-08-20,21600,21750,21100,21400,116176,-0.02505694760820043
2025-08-21,21300,21650,21250,21450,73228,0.002336448598130758
2025-08-22,21200,21600,21100,21150,72267,-0.013986013986013957
2025-08-25,21350,22050,21300,21950,98050,0.0378250591016549
2025-08-26,21800,22200,21600,21900,91405,-0.002277904328018221
2025-08-27,21900,22450,21650,22350,85363,0.020547945205479534
2025-08-28,22200,24200,21950,24000,439287,0.0738255033557047
2025-08-29,25100,26150,24500,24700,529350,0.029166666666666563
2025-09-01,24650,24850,23650,24050,162889,-0.02631578947368418
2025-09-02,24100,24100,23000,23400,178367,-0.027027027027026973
2025-09-03,23350,24100,23150,24050,132327,0.02777777777777768
2025-09-04,24050,24400,23600,24250,120408,0.008316008316008316
2025-09-05,24250,24750,24000,24400,134208,0.006185567010309256
2025-09-08,24600,24600,23700,24100,79286,-0.012295081967213073
2025-09-09,24100,24800,23700,24450,137867,0.014522821576763434
2025-09-10,24800,25100,23750,24600,135198,0.006134969325153339
2025-09-11,24600,24600,23750,24050,117352,-0.022357723577235755
2025-09-12,24100,24150,23600,24050,100630,0.0
2025-09-15,23900,24900,23700,24450,153175,0.016632016632016633
2025-09-16,24600,25650,24500,25150,216852,0.02862985685071573
