Date,Open,High,Low,Close,Volume,Change
2022-01-03,10850,11050,10750,11050,56022,0.018433179723502224
2022-01-04,11000,11250,10900,11200,62168,0.013574660633484115
2022-01-05,11100,11300,10900,11000,81856,-0.017857142857142905
2022-01-06,10800,11450,10800,11100,152592,0.009090909090909038
2022-01-07,11250,11300,10950,11150,54299,0.0045045045045044585
2022-01-10,11200,11400,11050,11300,119024,0.013452914798206317
2022-01-11,11350,11350,10950,11100,123384,-0.017699115044247815
2022-01-12,11150,11950,10900,11900,407881,0.072072072072072
2022-01-13,11900,12000,11700,11850,161307,-0.004201680672268893
2022-01-14,11650,11850,11450,11500,143863,-0.029535864978902926
2022-01-17,11450,11700,11350,11550,118141,0.004347826086956497
2022-01-18,11500,11650,11050,11100,117613,-0.038961038961038974
2022-01-19,10900,11150,10550,10750,191938,-0.03153153153153154
2022-01-20,10650,10950,10600,10800,88309,0.0046511627906977715
2022-01-21,10700,10900,10500,10700,114030,-0.0092592592592593
2022-01-24,10550,10600,10250,10350,117745,-0.032710280373831724
2022-01-25,10500,10550,9970,10250,161709,-0.009661835748792313
2022-01-26,10150,10400,10100,10100,93020,-0.014634146341463428
2022-01-27,10100,10200,9750,9800,165234,-0.02970297029702973
2022-01-28,9770,10300,9600,10250,125836,0.04591836734693877
2022-02-03,10350,10450,10250,10350,82083,0.009756097560975618
2022-02-04,10250,10500,10200,10450,95055,0.009661835748792313
2022-02-07,10550,10550,10250,10350,83148,-0.009569377990430672
2022-02-08,10400,10550,10000,10100,181534,-0.024154589371980673
2022-02-09,10150,10350,10100,10200,80515,0.00990099009900991
2022-02-10,10200,10350,10050,10150,58771,-0.004901960784313708
2022-02-11,10000,10150,9900,9910,85976,-0.02364532019704435
2022-02-14,9640,9840,9510,9600,76992,-0.03128153380423815
2022-02-15,9510,9810,9450,9520,73843,-0.008333333333333304
2022-02-16,9780,9920,9720,9910,44517,0.040966386554621925
2022-02-17,9930,10200,9330,9950,90574,0.004036326942482349
2022-02-18,9790,10100,9790,10000,24975,0.005025125628140614
2022-02-21,10000,10100,9790,10050,27628,0.004999999999999893
2022-02-22,9950,10050,9880,9940,29378,-0.010945273631840835
2022-02-23,9960,10550,9960,10350,178311,0.041247484909456844
2022-02-24,10300,10500,10150,10400,93431,0.004830917874396157
2022-02-25,10400,10700,10250,10350,79198,-0.004807692307692291
2022-02-28,10650,10700,10350,10500,94356,0.01449275362318847
2022-03-02,10450,11050,10450,10900,148058,0.03809523809523818
2022-03-03,11000,11100,10750,10850,93039,-0.004587155963302725
2022-03-04,10900,11000,10750,10950,54595,0.009216589861751112
2022-03-07,10950,11100,10750,10900,97160,-0.004566210045662156
2022-03-08,10700,10950,10600,10800,88288,-0.00917431192660545
2022-03-10,10950,11000,10650,10750,80036,-0.00462962962962965
2022-03-11,10750,11050,10700,11000,95551,0.023255813953488413
2022-03-14,11000,11100,10600,10600,114764,-0.036363636363636376
2022-03-15,10500,10650,10300,10350,111800,-0.02358490566037741
2022-03-16,10400,10500,10200,10350,65218,0.0
2022-03-17,10450,10550,10300,10350,88455,0.0
2022-03-18,10450,10500,10200,10200,86707,-0.01449275362318836
2022-03-21,10300,10400,10150,10250,91088,0.004901960784313708
2022-03-22,10200,10350,10200,10350,76587,0.009756097560975618
2022-03-23,10400,10500,10200,10500,122495,0.01449275362318847
2022-03-24,10450,10450,10250,10350,87620,-0.014285714285714235
2022-03-25,10350,10450,10200,10300,66086,-0.004830917874396157
2022-03-28,10200,10400,10200,10300,63427,0.0
2022-03-29,10300,10350,10200,10200,64148,-0.009708737864077666
2022-03-30,10300,10300,10150,10250,60458,0.004901960784313708
2022-03-31,10250,10500,10250,10450,85936,0.019512195121951237
2022-04-01,10400,10400,10200,10250,64759,-0.019138755980861233
2022-04-04,10250,10300,10150,10250,83870,0.0
2022-04-05,10300,10300,10150,10200,49392,-0.004878048780487809
2022-04-06,10200,10350,10000,10000,135511,-0.019607843137254943
2022-04-07,10000,10100,9840,9910,94875,-0.009000000000000008
2022-04-08,9970,10050,9820,9880,68024,-0.003027245206861706
2022-04-11,9810,10150,9810,10050,89830,0.0172064777327936
2022-04-12,10050,10300,9920,10200,86597,0.014925373134328401
2022-04-13,10300,10750,10150,10550,372301,0.03431372549019618
2022-04-14,10550,10950,10550,10600,183999,0.004739336492890933
2022-04-15,10600,10850,10450,10700,91524,0.009433962264151052
2022-04-18,10850,11000,10700,10950,207334,0.02336448598130847
2022-04-19,11000,11200,10850,11050,253377,0.009132420091324311
2022-04-20,11050,11300,10900,11050,206414,0.0
2022-04-21,11200,11200,10850,11100,143940,0.004524886877828038
2022-04-22,11000,11300,10900,11100,88578,0.0
2022-04-25,10850,11250,10850,11000,199729,-0.009009009009009028
2022-04-26,11100,11100,10800,10850,109785,-0.013636363636363669
2022-04-27,10550,10950,10550,10850,117731,0.0
2022-04-28,10900,11100,10800,10850,72690,0.0
2022-04-29,10950,11000,10750,10900,82473,0.004608294930875667
2022-05-02,10800,10900,10700,10900,64180,0.0
2022-05-03,10800,11200,10800,11150,145049,0.022935779816513735
2022-05-04,11150,11300,11000,11000,101484,-0.013452914798206317
2022-05-06,10850,11100,10650,10800,153089,-0.018181818181818188
2022-05-09,10750,11550,10650,11450,914545,0.06018518518518512
2022-05-10,11200,11900,10850,11850,507852,0.03493449781659397
2022-05-11,11800,11800,11250,11300,309848,-0.04641350210970463
2022-05-12,11300,11950,11150,11400,471170,0.008849557522123908
2022-05-13,11700,12300,11550,12050,596685,0.05701754385964919
2022-05-16,12100,12400,11850,12100,381507,0.004149377593360981
2022-05-17,12150,12500,11850,12450,350652,0.02892561983471076
2022-05-18,12400,12400,12050,12150,210951,-0.02409638554216864
2022-05-19,11800,12000,11550,11700,197116,-0.03703703703703709
2022-05-20,11700,12300,11700,12200,200922,0.042735042735042805
2022-05-23,12300,12450,11700,11850,135881,-0.02868852459016391
2022-05-24,11800,12250,11750,12000,187510,0.012658227848101333
2022-05-25,12000,12500,11900,12250,180727,0.02083333333333326
2022-05-26,12400,12800,12300,12650,307419,0.03265306122448974
2022-05-27,12800,12900,12450,12500,349842,-0.011857707509881465
2022-05-30,12550,12550,12100,12250,184026,-0.020000000000000018
2022-05-31,12250,12800,12150,12650,149625,0.03265306122448974
2022-06-02,12700,13250,12650,13100,452432,0.035573122529644285
2022-06-03,13200,13450,13000,13150,256192,0.003816793893129722
2022-06-07,13150,13400,13150,13150,143563,0.0
2022-06-08,13300,13500,13000,13050,191185,-0.0076045627376425395
2022-06-09,13000,13150,12750,12950,135185,-0.007662835249042099
2022-06-10,12800,13150,12500,12800,205724,-0.01158301158301156
2022-06-13,12500,12600,12100,12400,230204,-0.03125
2022-06-14,12050,12500,11900,12350,244097,-0.0040322580645161255
2022-06-15,12300,12400,11650,11900,255099,-0.036437246963562764
2022-06-16,12150,12500,11950,12150,146279,0.021008403361344463
2022-06-17,11850,12600,11700,12300,315877,0.012345679012345734
2022-06-20,12600,12700,12150,12350,346959,0.004065040650406582
2022-06-21,12450,13100,12100,13000,287265,0.05263157894736836
2022-06-22,13100,13250,12450,12500,274035,-0.038461538461538436
2022-06-23,12700,13050,12200,12300,260113,-0.016000000000000014
2022-06-24,12500,12550,12000,12150,202741,-0.012195121951219523
2022-06-27,12250,12700,12250,12700,207271,0.04526748971193406
2022-06-28,12800,13200,12700,13050,309426,0.027559055118110187
2022-06-29,12950,14200,12850,13900,941067,0.06513409961685834
2022-06-30,14000,14200,13700,13700,411341,-0.014388489208633115
2022-07-01,14000,14150,13450,13650,271882,-0.0036496350364964014
2022-07-04,13500,13550,12600,13000,364995,-0.04761904761904767
2022-07-05,13100,13850,12700,13800,302193,0.06153846153846154
2022-07-06,13650,13700,11900,11950,734533,-0.1340579710144928
2022-07-07,12200,12550,11850,12400,295815,0.03765690376569042
2022-07-08,12500,13200,12500,13050,328465,0.05241935483870974
2022-07-11,13100,13450,12600,12600,156304,-0.03448275862068961
2022-07-12,12500,12850,12350,12650,112627,0.003968253968253954
2022-07-13,12450,12550,11950,12100,192782,-0.04347826086956519
2022-07-14,12050,12250,11750,11900,188819,-0.016528925619834656
2022-07-15,11850,12000,11350,11650,200376,-0.021008403361344574
2022-07-18,11750,12400,11750,12350,187177,0.06008583690987135
2022-07-19,12300,12800,12200,12550,153847,0.0161943319838056
2022-07-20,12850,12850,12250,12350,97351,-0.015936254980079667
2022-07-21,12400,12600,12250,12500,121675,0.012145748987854255
2022-07-22,12400,12950,12400,12900,201580,0.03200000000000003
2022-07-25,12850,12950,12600,12750,73129,-0.011627906976744207
2022-07-26,12650,12950,12650,12850,103380,0.007843137254901933
2022-07-27,12750,12850,12450,12600,137454,-0.01945525291828798
2022-07-28,12700,12900,12550,12650,132293,0.003968253968253954
2022-07-29,12700,13100,12600,13050,158389,0.031620553359683834
2022-08-01,13100,13950,13000,13700,495648,0.04980842911877392
2022-08-02,13650,14000,13450,13900,248615,0.014598540145985384
2022-08-03,13800,14000,13450,13600,175654,-0.021582733812949617
2022-08-04,13650,13700,12850,12900,339509,-0.05147058823529416
2022-08-05,12950,13250,12700,13200,203189,0.023255813953488413
2022-08-08,13200,13700,13050,13400,290996,0.015151515151515138
2022-08-09,13450,14000,13150,13850,535477,0.033582089552238736
2022-08-10,14100,16800,14100,16350,5441977,0.18050541516245477
2022-08-11,16350,17300,16200,16650,1716305,0.0183486238532109
2022-08-12,16700,17150,16400,16600,770568,-0.0030030030030030463
2022-08-16,16750,17050,16300,16650,509969,0.003012048192771122
2022-08-17,16700,17150,16100,16500,652832,-0.009009009009009028
2022-08-18,16250,18350,16150,17700,1994302,0.07272727272727275
2022-08-19,17750,18950,17350,18000,979684,0.016949152542372836
2022-08-22,17950,18500,17700,17900,437466,-0.005555555555555536
2022-08-23,17800,18800,17600,18650,618845,0.04189944134078205
2022-08-24,18650,19000,18250,18950,388366,0.01608579088471851
2022-08-25,18950,18950,17800,18650,638690,-0.0158311345646438
2022-08-26,18650,18850,17950,18500,328162,-0.008042895442359255
2022-08-29,18000,18750,17800,18200,417171,-0.01621621621621616
2022-08-30,18900,19700,18400,19600,1198534,0.07692307692307687
2022-08-31,19400,19700,18850,19450,387796,-0.007653061224489832
2022-09-01,19450,20200,19050,19050,524127,-0.020565552699228773
2022-09-02,19200,19250,18100,18550,365584,-0.026246719160105014
2022-09-05,18450,18800,18150,18400,257484,-0.008086253369272267
2022-09-06,18450,19300,18350,18950,399726,0.029891304347826164
2022-09-07,18700,19000,18200,18950,312918,0.0
2022-09-08,18950,19000,18100,18250,307535,-0.03693931398416883
2022-09-13,18350,18400,16700,17150,973079,-0.0602739726027397
2022-09-14,16800,17500,16750,17200,464991,0.00291545189504383
2022-09-15,17500,18100,17450,17750,450782,0.03197674418604657
2022-09-16,17400,17750,16750,17100,428652,-0.036619718309859106
2022-09-19,16950,17150,16100,16500,611989,-0.03508771929824561
2022-09-20,16850,17450,16350,17350,418646,0.051515151515151514
2022-09-21,17300,17800,16900,17200,276655,-0.008645533141210415
2022-09-22,17100,18100,16800,17800,403881,0.03488372093023262
2022-09-23,17800,18100,17100,17150,302751,-0.0365168539325843
2022-09-26,16950,17000,15800,16150,497805,-0.058309037900874605
2022-09-27,16150,16150,15300,15800,439340,-0.021671826625387025
2022-09-28,15700,16000,14900,15000,540959,-0.05063291139240511
2022-09-29,15700,16400,15450,15450,736612,0.030000000000000027
2022-09-30,15400,16900,15350,16400,763981,0.06148867313915862
2022-10-04,17050,17100,16300,16700,387604,0.018292682926829285
2022-10-05,17000,17000,16100,16400,275213,-0.017964071856287456
2022-10-06,16550,17550,16350,17150,367453,0.0457317073170731
2022-10-07,16950,17550,16700,16850,321532,-0.017492711370262426
2022-10-11,16150,16900,16150,16700,300286,-0.008902077151335286
2022-10-12,16850,16900,16150,16750,183134,0.0029940119760478723
2022-10-13,16900,16900,15950,16000,257581,-0.04477611940298509
2022-10-14,16550,16550,14950,15800,886234,-0.012499999999999956
2022-10-17,15400,15800,15250,15650,287930,-0.009493670886076
2022-10-18,16050,16100,14650,14950,575794,-0.04472843450479236
2022-10-19,15050,15100,14500,14650,409709,-0.02006688963210701
2022-10-20,14800,15450,14750,15050,448940,0.027303754266211566
2022-10-21,15150,15300,14350,14600,289769,-0.029900332225913595
2022-10-24,14850,15150,14650,15050,234218,0.03082191780821919
2022-10-25,15050,15150,14250,14500,389135,-0.03654485049833889
2022-10-26,14550,14750,14300,14350,222193,-0.010344827586206917
2022-10-27,14500,15500,14450,15400,416606,0.07317073170731714
2022-10-28,15350,16200,15200,15750,495430,0.022727272727272707
2022-10-31,16050,16650,15500,16400,335832,0.041269841269841345
2022-11-01,16500,17250,16300,17150,493011,0.0457317073170731
2022-11-02,17150,17250,16200,16250,245209,-0.05247813411078717
2022-11-03,15950,17550,15900,17450,452462,0.0738461538461539
2022-11-04,17600,18500,17150,17350,794975,-0.005730659025787954
2022-11-07,17350,17600,16600,17250,395055,-0.0057636887608069065
2022-11-08,17250,17800,17200,17400,233922,0.008695652173912993
2022-11-09,17450,17650,16850,17150,191578,-0.014367816091954033
2022-11-10,16900,17650,16800,17000,475222,-0.008746355685131157
2022-11-11,17450,17600,16200,17250,797492,0.014705882352941124
2022-11-14,17250,17400,16800,17150,232943,-0.005797101449275366
2022-11-15,17150,17700,16900,17400,367556,0.014577259475218707
2022-11-16,17300,18250,16900,18050,484305,0.03735632183908044
2022-11-17,18050,18300,17600,17650,239000,-0.02216066481994461
2022-11-18,17650,18350,17550,17650,363058,0.0
2022-11-21,17600,17700,17150,17400,148580,-0.014164305949008527
2022-11-22,17300,18250,17300,18150,306304,0.0431034482758621
2022-11-23,18250,19150,17950,18950,402921,0.0440771349862259
2022-11-24,19100,19200,18650,19000,206085,0.0026385224274405594
2022-11-25,18800,19050,18300,18700,188326,-0.015789473684210575
2022-11-28,18500,18950,17700,17850,266905,-0.045454545454545414
2022-11-29,17750,18000,17600,17750,132898,-0.0056022408963585235
2022-11-30,17600,18300,17500,17800,149327,0.0028169014084507005
2022-12-01,17900,18050,17200,17300,249930,-0.028089887640449396
2022-12-02,17300,17300,16400,17050,378639,-0.014450867052023142
2022-12-05,16850,17100,16450,16800,284317,-0.014662756598240456
2022-12-06,16500,17550,16400,17450,310145,0.038690476190476275
2022-12-07,17400,17550,17100,17300,88922,-0.008595988538681931
2022-12-08,17300,17650,17100,17150,169098,-0.00867052023121384
2022-12-09,17200,17300,16050,16150,290590,-0.058309037900874605
2022-12-12,16150,16200,15600,15750,445478,-0.024767801857585092
2022-12-13,15950,16250,15750,15950,286042,0.012698412698412653
2022-12-14,16150,16150,15450,15900,279070,-0.0031347962382445305
2022-12-15,15800,16450,15750,16450,277974,0.03459119496855356
2022-12-16,16200,17000,16100,16100,324422,-0.021276595744680882
2022-12-19,16000,16850,15900,16550,206598,0.02795031055900621
2022-12-20,16600,16850,16150,16200,140065,-0.02114803625377648
2022-12-21,16300,16600,16100,16450,112263,0.015432098765432167
2022-12-22,16500,16750,16300,16400,156834,-0.003039513677811523
2022-12-23,15950,16150,15600,15750,322701,-0.03963414634146345
2022-12-26,15600,15850,15300,15700,158974,-0.0031746031746031633
2022-12-27,15700,16450,15650,16300,214556,0.03821656050955413
2022-12-28,16300,16750,16200,16750,150288,0.027607361963190247
2022-12-29,16650,16700,15950,16100,147861,-0.03880597014925369
2023-01-02,16050,16400,15800,16050,95404,-0.0031055900621117516
2023-01-03,16200,16350,15300,15500,229514,-0.034267912772585674
2023-01-04,15350,15400,14550,15000,226714,-0.032258064516129004
2023-01-05,15050,15200,14500,14700,147331,-0.020000000000000018
2023-01-06,14600,15250,14600,15050,147457,0.023809523809523725
2023-01-09,15100,15350,15000,15200,114599,0.009966777408637828
2023-01-10,15200,15800,15200,15450,128980,0.016447368421052655
2023-01-11,15500,15650,15250,15300,111627,-0.009708737864077666
2023-01-12,15350,16200,15350,16100,178530,0.05228758169934644
2023-01-13,16400,16600,15950,16000,119019,-0.006211180124223614
2023-01-16,16000,16200,15700,15850,127884,-0.009375000000000022
2023-01-17,15850,15950,15300,15400,159283,-0.028391167192429068
2023-01-18,15450,15650,14850,15000,267173,-0.025974025974025983
2023-01-19,15000,15300,14850,15050,133418,0.0033333333333334103
2023-01-20,15250,15250,14650,14950,206167,-0.006644518272425293
2023-01-25,15060,15150,14730,14890,142446,-0.004013377926421424
2023-01-26,14990,15740,14950,15640,234724,0.05036937541974473
2023-01-27,15900,16490,15650,16070,292800,0.027493606138107474
2023-01-30,16300,16340,15810,15910,167590,-0.00995644057249534
2023-01-31,15900,16400,15640,16280,137615,0.023255813953488413
2023-02-01,16330,16490,15930,15930,172306,-0.02149877149877155
2023-02-02,15960,16110,15610,15670,194446,-0.016321406151914575
2023-02-03,15640,15800,15510,15780,95557,0.007019783024888371
2023-02-06,15780,15900,15500,15630,104411,-0.009505703422053258
2023-02-07,15570,15720,15380,15410,120431,-0.01407549584133072
2023-02-08,15420,15610,15320,15350,124269,-0.0038935756002596023
2023-02-09,15350,15550,15120,15390,120437,0.002605863192182367
2023-02-10,15380,15380,15050,15150,165620,-0.015594541910331383
2023-02-13,15300,16190,15220,16030,502669,0.05808580858085799
2023-02-14,16000,16170,15680,15690,142632,-0.021210230817217735
2023-02-15,15770,16300,15470,15660,201570,-0.0019120458891013214
2023-02-16,15670,15870,15550,15670,82187,0.0006385696040869249
2023-02-17,15460,15720,15290,15480,188593,-0.01212507977026167
2023-02-20,15510,15670,15200,15500,94506,0.0012919896640826156
2023-02-21,15600,15770,15330,15640,281415,0.00903225806451613
2023-02-22,15400,16390,15400,15520,175351,-0.007672634271099765
2023-02-23,15510,16650,15510,16330,759640,0.05219072164948457
2023-02-24,16640,16810,15930,15990,393472,-0.02082057562767914
2023-02-27,15980,16400,15780,16280,178219,0.01813633520950586
2023-02-28,16490,16490,16140,16230,153002,-0.0030712530712531105
2023-03-02,16520,17950,16520,17560,974899,0.08194701170671603
2023-03-03,17640,17870,17400,17770,322349,0.011958997722095743
2023-03-06,17500,17680,17010,17450,229370,-0.018007878446820502
2023-03-07,17380,17690,16780,16890,289944,-0.03209169054441263
2023-03-08,17000,17160,16400,16590,199792,-0.017761989342806372
2023-03-09,16700,17050,16390,16800,202940,0.012658227848101333
2023-03-10,16700,17000,16360,16520,125950,-0.01666666666666672
2023-03-13,16520,16520,15890,16020,202773,-0.030266343825665842
2023-03-14,16070,16260,15740,15950,197698,-0.004369538077403257
2023-03-15,16060,16610,16060,16600,210274,0.040752351097178785
2023-03-16,16330,16600,15770,16010,258434,-0.03554216867469884
2023-03-17,16050,16160,15200,15620,329697,-0.02435977514053711
2023-03-20,15650,16030,15480,15680,150925,0.003841229193341844
2023-03-21,15870,16380,15700,16300,185653,0.039540816326530503
2023-03-22,16580,16590,16000,16100,157515,-0.012269938650306789
2023-03-23,16090,16100,15600,15810,190052,-0.01801242236024847
2023-03-24,15860,16050,15700,15820,74738,0.0006325110689437974
2023-03-27,16070,16220,15840,16010,115398,0.012010113780025256
2023-03-28,16290,16470,16090,16430,187413,0.02623360399750152
2023-03-29,16600,16600,16290,16520,118299,0.005477784540474762
2023-03-30,16620,16780,16330,16690,161006,0.010290556900726333
2023-03-31,16710,17160,16570,16920,197960,0.013780707010185633
2023-04-03,17190,17390,16710,17260,290413,0.02009456264775422
2023-04-04,17400,18280,17360,18150,639007,0.05156431054461175
2023-04-05,17960,18170,17010,17020,526804,-0.062258953168044084
2023-04-06,17170,17250,16730,16880,161849,-0.008225616921269108
2023-04-07,16890,17000,16400,16550,263373,-0.01954976303317535
2023-04-10,16450,16530,15920,16130,300736,-0.025377643504531755
2023-04-11,16150,16580,15870,16560,213776,0.026658400495970236
2023-04-12,16640,16900,16600,16720,169720,0.009661835748792313
2023-04-13,16990,17070,16500,16800,120215,0.004784688995215225
2023-04-14,16800,17450,16610,17280,274444,0.02857142857142847
2023-04-17,17280,17540,17000,17400,279961,0.00694444444444442
2023-04-18,17490,17490,16870,16880,148720,-0.029885057471264354
2023-04-19,16860,17470,16830,17380,224558,0.02962085308056861
2023-04-20,17460,17750,17160,17400,272782,0.0011507479861909697
2023-04-21,17400,17600,16880,17510,277273,0.006321839080459801
2023-04-24,17720,18070,17310,17310,262642,-0.01142204454597373
2023-04-25,17450,18060,17170,17910,526505,0.03466204506065851
2023-04-26,17910,17980,17250,17850,317418,-0.00335008375209378
2023-04-27,17950,17950,17500,17780,143283,-0.0039215686274509665
2023-04-28,18140,18190,17540,17760,272435,-0.0011248593925758943
2023-05-02,17750,18190,17580,18100,215559,0.019144144144144226
2023-05-03,17980,18500,17870,18060,354170,-0.0022099447513812542
2023-05-04,18250,18560,17930,18120,323564,0.0033222591362125353
2023-05-08,18120,19150,17790,18850,557362,0.04028697571743933
2023-05-09,19300,19920,18370,18630,1019890,-0.011671087533156488
2023-05-10,18740,19650,18200,18480,688652,-0.008051529790660261
2023-05-11,18520,18720,18240,18340,205134,-0.007575757575757569
2023-05-12,18330,18390,17140,17550,460504,-0.0430752453653217
2023-05-15,17600,18150,17370,17580,279285,0.0017094017094017033
2023-05-16,17790,17840,17110,17190,169060,-0.022184300341296925
2023-05-17,17210,17340,17180,17340,127938,0.008726003490401313
2023-05-18,17400,17940,17370,17890,152811,0.03171856978085352
2023-05-19,17950,17950,17310,17590,195280,-0.016769144773616573
2023-05-22,17600,18200,17570,18030,268974,0.025014212620807275
2023-05-23,18120,18200,17890,18040,110193,0.0005546311702717688
2023-05-24,18040,18660,17920,18510,299088,0.026053215077605385
2023-05-25,18550,18750,18050,18100,133663,-0.022150189086979966
2023-05-26,18100,18330,18000,18000,104798,-0.0055248618784530246
2023-05-30,18000,18230,17420,17860,249419,-0.007777777777777772
2023-05-31,17840,18100,17740,17960,130996,0.005599104143336975
2023-06-01,17950,18150,17640,17920,93074,-0.00222717149220486
2023-06-02,17960,18170,17880,17930,95919,0.0005580357142858094
2023-06-05,18130,18700,18030,18540,338955,0.03402119353039601
2023-06-07,18580,18670,18320,18580,145192,0.0021574973031284195
2023-06-08,18650,18950,18160,18410,321800,-0.00914962325080737
2023-06-09,18510,18610,17850,17890,322013,-0.02824551873981529
2023-06-12,17900,18070,17640,17950,153942,0.003353828954723248
2023-06-13,17960,18060,17660,17670,120584,-0.01559888579387192
2023-06-14,17730,17980,17500,17620,108646,-0.0028296547821166085
2023-06-15,17630,17720,17260,17620,170238,0.0
2023-06-16,17630,18280,17630,18180,274163,0.03178206583427934
2023-06-19,18190,18620,18160,18200,168695,0.0011001100110010764
2023-06-20,18200,18500,18100,18340,116145,0.007692307692307665
2023-06-21,18420,18640,18180,18250,184238,-0.004907306434024039
2023-06-22,18230,18380,18050,18310,67843,0.0032876712328766544
2023-06-23,18440,18590,17800,17850,149996,-0.025122883670125606
2023-06-26,18200,18530,17800,17910,236699,0.003361344537815114
2023-06-27,17920,18360,17830,18280,135436,0.02065884980457855
2023-06-28,18320,18440,18000,18150,111292,-0.007111597374179435
2023-06-29,18170,18270,17830,18020,113187,-0.007162534435261714
2023-06-30,18090,18570,17920,18430,182085,0.022752497225305257
2023-07-03,18570,18570,18180,18350,124181,-0.0043407487791644606
2023-07-04,18690,19760,18500,19400,975013,0.05722070844686655
2023-07-05,19610,19880,19190,19600,388967,0.010309278350515427
2023-07-06,19880,20000,19370,19540,436956,-0.003061224489795955
2023-07-07,19540,19930,19370,19700,229779,0.008188331627430934
2023-07-10,19700,19960,19210,19320,236513,-0.019289340101522834
2023-07-11,19500,19700,19320,19690,182024,0.019151138716356098
2023-07-12,19700,21650,19670,21200,1042372,0.0766886744540376
2023-07-13,21000,21800,20950,21300,377892,0.004716981132075526
2023-07-14,21400,21500,20500,21100,338474,-0.009389671361502372
2023-07-17,21150,21450,20400,20700,247994,-0.018957345971563955
2023-07-18,20950,21200,20450,20950,174759,0.012077294685990392
2023-07-19,21000,21700,20650,21500,251974,0.026252983293556076
2023-07-20,21650,21650,20600,20800,228119,-0.032558139534883734
2023-07-21,20550,20750,20100,20400,219797,-0.019230769230769273
2023-07-24,20100,20550,19870,20400,184212,0.0
2023-07-25,20400,21550,20400,21550,361086,0.056372549019607865
2023-07-26,21550,21550,19900,19990,406294,-0.0723897911832947
2023-07-27,19990,20750,19550,19820,188850,-0.008504252126062983
2023-07-28,19850,21450,19850,21100,292338,0.06458123107971736
2023-07-31,21100,21400,20700,21100,169669,0.0
2023-08-01,21000,21250,20150,20600,254991,-0.023696682464455
2023-08-02,20400,21000,20150,20150,173239,-0.021844660194174748
2023-08-03,20150,20200,19600,19870,187972,-0.013895781637717097
2023-08-04,19970,20600,19700,19730,115504,-0.007045797684952171
2023-08-07,19650,20250,19260,20000,159257,0.013684744044602182
2023-08-08,20350,22650,20350,21200,1155809,0.06000000000000005
2023-08-09,20900,21600,20600,21200,297283,0.0
2023-08-10,21250,21950,20700,21000,371284,-0.009433962264150941
2023-08-11,21350,21450,19800,20600,439659,-0.01904761904761909
2023-08-14,20550,20600,19900,20050,230581,-0.02669902912621358
2023-08-16,20000,20150,19790,19810,131332,-0.011970074812967635
2023-08-17,19570,19810,18920,19320,214093,-0.02473498233215543
2023-08-18,19010,19300,18920,19190,153299,-0.006728778467908869
2023-08-21,19190,19290,18820,18870,88374,-0.016675351745700895
2023-08-22,18810,19250,18580,19000,142800,0.006889242183359734
2023-08-23,19250,19280,18860,18920,101432,-0.004210526315789442
2023-08-24,19160,19270,18690,19220,119784,0.015856236786469413
2023-08-25,19220,19390,18760,18780,79716,-0.02289281997918835
2023-08-28,18920,19740,18820,19730,176261,0.0505857294994676
2023-08-29,19800,19990,19550,19750,95379,0.0010136847440445074
2023-08-30,19770,19880,19510,19730,83149,-0.0010126582278481289
2023-08-31,19940,20750,19880,20550,401144,0.04156107450582858
2023-09-01,20800,22600,19830,19850,933499,-0.03406326034063256
2023-09-04,20000,20650,19960,20400,204879,0.027707808564231717
2023-09-05,20450,20500,19570,19800,275994,-0.02941176470588236
2023-09-06,19950,20100,19490,19610,94985,-0.009595959595959602
2023-09-07,19530,19790,19120,19150,116153,-0.023457419683834746
2023-09-08,19150,19340,18950,19050,110479,-0.005221932114882533
2023-09-11,19060,19350,18810,19100,136130,0.002624671916010568
2023-09-12,19200,19200,18820,18850,79111,-0.01308900523560208
2023-09-13,19310,19400,18720,18770,167394,-0.004244031830238693
2023-09-14,18780,19100,18720,18840,83646,0.0037293553542887548
2023-09-15,18840,19250,18830,18860,147701,0.0010615711252655036
2023-09-18,18850,19280,18790,19050,117207,0.010074231177094273
2023-09-19,19110,19300,18820,18980,149456,-0.0036745406824146842
2023-09-20,18980,19020,18760,18910,80179,-0.0036880927291885746
2023-09-21,18790,19130,18690,18710,86564,-0.01057641459545211
2023-09-22,18580,18700,18080,18240,84341,-0.02512025654730088
2023-09-25,18100,18610,18100,18190,63432,-0.0027412280701754055
2023-09-26,18200,18410,17820,17850,89350,-0.01869158878504673
2023-09-27,17580,18140,17580,17990,78105,0.007843137254901933
2023-10-04,17860,18100,17460,17460,108114,-0.029460811561978884
2023-10-05,17560,17810,17370,17370,65406,-0.005154639175257714
2023-10-06,17300,17640,17060,17150,80034,-0.012665515256188864
2023-10-10,17170,17710,17070,17150,75821,0.0
2023-10-11,17310,17460,17060,17100,80970,-0.002915451895043719
2023-10-12,17100,17250,17000,17090,100681,-0.0005847953216374657
2023-10-13,17070,17070,16460,16770,117618,-0.018724400234054972
2023-10-16,16730,17070,16580,16870,104311,0.005963029218843063
2023-10-17,17200,17520,17120,17170,104665,0.01778304682868992
2023-10-18,17390,17430,17060,17170,63017,0.0
2023-10-19,16940,17000,16280,16300,126716,-0.05066977285963892
2023-10-20,16070,16640,15690,16490,107914,0.011656441717791344
2023-10-23,16380,16590,15750,16150,152139,-0.020618556701030966
2023-10-24,16200,16520,15730,16450,113333,0.018575851393188847
2023-10-25,16410,16650,16100,16160,130280,-0.017629179331307032
2023-10-26,15910,15980,15400,15610,189867,-0.03403465346534651
2023-10-27,15620,15880,15240,15400,121801,-0.013452914798206317
2023-10-30,15450,15570,14970,15080,145414,-0.020779220779220786
2023-10-31,15150,15370,15040,15200,126458,0.007957559681697646
2023-11-01,15340,15560,15050,15120,88599,-0.0052631578947368585
2023-11-02,15370,15880,15260,15510,162737,0.025793650793650702
2023-11-03,15790,15920,15370,15760,102164,0.01611863313990969
2023-11-06,16000,16020,15620,15750,178898,-0.0006345177664974777
2023-11-07,15800,15840,15050,15420,169450,-0.020952380952380945
2023-11-08,15420,15480,14670,14930,259936,-0.031776913099870296
2023-11-09,14830,15020,14330,14390,336615,-0.036168787675820546
2023-11-10,14390,14590,14150,14470,167505,0.005559416261292638
2023-11-13,14670,14710,13810,14000,233840,-0.03248099516240499
2023-11-14,14150,14180,13890,14120,223761,0.008571428571428674
2023-11-15,14410,14680,14280,14490,255655,0.026203966005665658
2023-11-16,14510,15430,14450,15250,319554,0.05244996549344383
2023-11-17,15220,15220,14600,14650,183954,-0.03934426229508192
2023-11-20,14720,15030,14640,14980,149530,0.022525597269624553
2023-11-21,15120,16150,14920,15190,471307,0.014018691588784993
2023-11-22,15190,15400,15080,15340,114163,0.00987491770901916
2023-11-23,15400,15500,15130,15140,126665,-0.013037809647979182
2023-11-24,15140,15200,14940,15040,75438,-0.006605019815059454
2023-11-27,15100,15170,14920,14920,96686,-0.007978723404255317
2023-11-28,14930,15340,14900,15270,149277,0.023458445040214437
2023-11-29,15300,15460,14960,15040,142366,-0.015062213490504295
2023-11-30,14990,15160,14780,15030,114589,-0.0006648936170212671
2023-12-01,15030,15340,14960,15180,151401,0.009980039920159722
2023-12-04,15340,15340,15090,15150,94159,-0.0019762845849802257
2023-12-05,15140,15320,14920,14960,142755,-0.012541254125412515
2023-12-06,14970,15110,14880,15010,76841,0.0033422459893048817
2023-12-07,14940,15060,14550,14710,84112,-0.019986675549633626
2023-12-08,14730,14850,14550,14700,59484,-0.0006798096532970588
2023-12-11,14630,14830,14630,14690,54910,-0.0006802721088435826
2023-12-12,14790,14930,14710,14920,103416,0.015656909462219204
2023-12-13,14870,14910,14480,14550,90472,-0.02479892761394098
2023-12-14,14610,14800,14580,14800,83319,0.01718213058419238
2023-12-15,14860,15130,14790,15130,110013,0.022297297297297236
2023-12-18,15130,15240,15000,15230,100787,0.006609385327164485
2023-12-19,15250,15330,14980,15010,103355,-0.014445173998686833
2023-12-20,15060,15190,15030,15190,79698,0.011992005329780175
2023-12-21,15130,15150,14590,14610,244735,-0.03818301514154043
2023-12-22,14660,14740,14580,14610,125727,0.0
2023-12-26,14640,14640,13950,14050,229887,-0.038329911019849394
2023-12-27,14070,14480,14070,14450,131314,0.028469750889679624
2023-12-28,14470,14730,14430,14730,87534,0.01937716262975786
2024-01-02,14730,14730,14610,14700,162061,-0.0020366598778004397
2024-01-03,14650,14650,14410,14540,92245,-0.010884353741496544
2024-01-04,14540,14640,14420,14490,75465,-0.00343878954607979
2024-01-05,14570,14750,14410,14520,62817,0.0020703933747412417
2024-01-08,14540,14710,14420,14510,72809,-0.0006887052341597588
2024-01-09,14590,14590,14210,14220,140348,-0.019986216402480994
2024-01-10,14290,14290,14080,14150,59506,-0.004922644163150469
2024-01-11,14240,14260,14000,14010,83284,-0.009893992932862195
2024-01-12,14090,14190,13990,14120,68593,0.007851534618129818
2024-01-15,14120,14220,14000,14000,89266,-0.008498583569405138
2024-01-16,14010,14060,13670,13680,90382,-0.02285714285714291
2024-01-17,13630,13820,12940,13010,252427,-0.04897660818713445
2024-01-18,12950,13260,12950,13100,58230,0.006917755572636519
2024-01-19,13300,13320,12970,13100,167703,0.0
2024-01-22,13130,13230,12860,13000,198187,-0.007633587786259555
2024-01-23,12980,13070,12720,12860,275193,-0.010769230769230753
2024-01-24,12920,12920,12500,12650,236911,-0.016329704510108844
2024-01-25,12640,12820,12340,12730,203476,0.006324110671936722
2024-01-26,12680,12820,12620,12700,130119,-0.00235663786331497
2024-01-29,12710,12780,12550,12670,147238,-0.0023622047244094
2024-01-30,12690,12850,12550,12680,159983,0.0007892659826360671
2024-01-31,12650,12920,12520,12590,212987,-0.007097791798107211
2024-02-01,12660,12730,12450,12710,174403,0.009531374106433788
2024-02-02,12880,12890,12710,12790,198762,0.006294256490952055
2024-02-05,12850,13030,12730,12800,284350,0.0007818608287724071
2024-02-06,12800,12820,12550,12700,171344,-0.0078125
2024-02-07,12810,12910,12730,12900,206721,0.015748031496062964
2024-02-08,12990,13580,12750,13430,405893,0.04108527131782935
2024-02-13,13450,13550,13120,13230,216228,-0.014892032762472085
2024-02-14,13000,13210,12890,12990,145414,-0.01814058956916098
2024-02-15,13050,13230,12960,12990,131475,0.0
2024-02-16,13070,13160,12950,13020,99790,0.002309468822170979
2024-02-19,13000,13060,12900,13050,132353,0.0023041474654377225
2024-02-20,12900,13050,12550,12580,322649,-0.03601532567049803
2024-02-21,12620,12750,12550,12640,121137,0.004769475357710551
2024-02-22,12650,12660,12410,12470,186830,-0.013449367088607556
2024-02-23,12530,12530,12360,12400,74187,-0.005613472333600655
2024-02-26,12470,12470,12330,12410,85853,0.0008064516129031585
2024-02-27,12450,12490,12210,12220,121793,-0.015310233682514052
2024-02-28,12210,12740,12210,12690,196788,0.03846153846153855
2024-02-29,12690,13320,12620,13060,627351,0.029156816390858875
2024-03-04,13120,13260,12750,12790,263806,-0.020673813169984734
2024-03-05,12780,12870,12290,12300,255806,-0.03831118060985139
2024-03-06,12250,12290,11950,11980,224054,-0.026016260162601612
2024-03-07,11980,12060,11530,11680,254930,-0.025041736227045086
2024-03-08,11690,11730,11440,11510,206451,-0.014554794520547976
2024-03-11,11440,11970,11440,11630,231086,0.010425716768027726
2024-03-12,11690,11800,11530,11680,105814,0.004299226139294898
2024-03-13,11690,12010,11690,11850,194826,0.014554794520547976
2024-03-14,11950,13190,11850,13090,891360,0.10464135021097043
2024-03-15,13180,13370,12710,12710,519143,-0.029029793735676046
2024-03-18,12820,13630,12820,13500,593835,0.06215578284815115
2024-03-19,13500,13700,13110,13150,319032,-0.025925925925925908
2024-03-20,13270,13700,13140,13320,352657,0.012927756653992484
2024-03-21,13370,13390,12880,13000,391029,-0.024024024024024038
2024-03-22,12970,13130,12830,12910,135797,-0.006923076923076921
2024-03-25,12860,12890,12550,12670,176885,-0.018590240123934954
2024-03-26,12600,12930,12600,12780,161889,0.008681925808997626
2024-03-27,12910,12910,12330,12430,237904,-0.027386541471048464
2024-03-28,12430,12610,12330,12420,127685,-0.0008045052292839916
2024-03-29,12500,12500,12260,12280,107009,-0.011272141706924366
2024-04-01,12300,12430,12120,12400,104432,0.009771986970684043
2024-04-02,12420,12420,12180,12200,119815,-0.016129032258064502
2024-04-03,12120,12390,12090,12310,115197,0.00901639344262306
2024-04-04,12380,12540,11950,12530,298060,0.017871649065800188
2024-04-05,12490,12640,12340,12480,108347,-0.003990422984836428
2024-04-08,12580,12580,12150,12200,119702,-0.022435897435897467
2024-04-09,12170,12410,12150,12270,69270,0.0057377049180327155
2024-04-11,12200,12250,11890,12050,108464,-0.01792991035044822
2024-04-12,12020,12230,11970,12070,85847,0.0016597510373443924
2024-04-15,11920,11990,11760,11850,115574,-0.01822700911350461
2024-04-16,11760,11810,11300,11430,237335,-0.03544303797468351
2024-04-17,11430,11580,11170,11250,173732,-0.015748031496062964
2024-04-18,11130,12050,11130,12000,210314,0.06666666666666665
2024-04-19,11910,12150,11570,12100,147409,0.008333333333333304
2024-04-22,12150,12500,12050,12130,230199,0.0024793388429751317
2024-04-23,12270,12930,12230,12500,444362,0.030502885408079106
2024-04-24,12700,12830,12400,12730,265863,0.018399999999999972
2024-04-25,12730,13140,12590,12730,291848,0.0
2024-04-26,12750,13000,12600,12780,166294,0.003927729772191579
2024-04-29,12990,13000,12600,12790,199630,0.0007824726134584292
2024-04-30,12720,12840,12450,12450,197846,-0.026583268178264285
2024-05-02,12370,12540,12240,12260,123607,-0.015261044176706817
2024-05-03,12350,12390,12210,12280,69756,0.0016313213703098572
2024-05-07,12320,12430,12220,12410,149087,0.010586319218240936
2024-05-08,12410,13360,12350,13090,747679,0.0547945205479452
2024-05-09,13140,13330,12820,12940,291052,-0.01145912910618796
2024-05-10,13050,13090,12730,12890,221406,-0.003863987635239541
2024-05-13,12900,13700,12830,13440,530990,0.0426687354538402
2024-05-14,13400,13400,12950,13170,270407,-0.0200892857142857
2024-05-16,13270,13270,12850,12900,262736,-0.02050113895216399
2024-05-17,12700,12900,12320,12330,415201,-0.04418604651162794
2024-05-20,12390,12670,12340,12420,139191,0.007299270072992803
2024-05-21,12450,12510,12280,12380,133791,-0.0032206119162641045
2024-05-22,12430,12430,12030,12100,238930,-0.022617124394184174
2024-05-23,12100,12550,12010,12400,175834,0.024793388429751984
2024-05-24,12380,12550,12150,12370,162315,-0.0024193548387096975
