Date,Open,High,Low,Close,Volume,Change
2022-01-03,0,0,0,12980,0,0.0
2022-01-04,0,0,0,12980,0,0.0
2022-01-05,0,0,0,12980,0,0.0
2022-01-06,0,0,0,12980,0,0.0
2022-01-07,0,0,0,12980,0,0.0
2022-01-10,0,0,0,12980,0,0.0
2022-01-11,0,0,0,12980,0,0.0
2022-01-12,0,0,0,12980,0,0.0
2022-01-13,0,0,0,12980,0,0.0
2022-01-14,0,0,0,12980,0,0.0
2022-01-17,0,0,0,12980,0,0.0
2022-01-18,0,0,0,12980,0,0.0
2022-01-19,0,0,0,12980,0,0.0
2022-01-20,0,0,0,12980,0,0.0
2022-01-21,0,0,0,12980,0,0.0
2022-01-24,0,0,0,12980,0,0.0
2022-01-25,0,0,0,12980,0,0.0
2022-01-26,0,0,0,12980,0,0.0
2022-01-27,0,0,0,12980,0,0.0
2022-01-28,0,0,0,12980,0,0.0
2022-02-03,0,0,0,12980,0,0.0
2022-02-04,0,0,0,12980,0,0.0
2022-02-07,0,0,0,12980,0,0.0
2022-02-08,0,0,0,12980,0,0.0
2022-02-09,0,0,0,12980,0,0.0
2022-02-10,0,0,0,12980,0,0.0
2022-02-11,0,0,0,12980,0,0.0
2022-02-14,0,0,0,12980,0,0.0
2022-02-15,0,0,0,12980,0,0.0
2022-02-16,0,0,0,12980,0,0.0
2022-02-17,0,0,0,12980,0,0.0
2022-02-18,0,0,0,12980,0,0.0
2022-02-21,0,0,0,12980,0,0.0
2022-02-22,0,0,0,12980,0,0.0
2022-02-23,0,0,0,12980,0,0.0
2022-02-24,0,0,0,12980,0,0.0
2022-02-25,0,0,0,12980,0,0.0
2022-02-28,0,0,0,12980,0,0.0
2022-03-02,0,0,0,12980,0,0.0
2022-03-03,0,0,0,12980,0,0.0
2022-03-04,0,0,0,12980,0,0.0
2022-03-07,0,0,0,12980,0,0.0
2022-03-08,0,0,0,12980,0,0.0
2022-03-10,0,0,0,12980,0,0.0
2022-03-11,0,0,0,12980,0,0.0
2022-03-14,0,0,0,12980,0,0.0
2022-03-15,0,0,0,12980,0,0.0
2022-03-16,0,0,0,12980,0,0.0
2022-03-17,0,0,0,12980,0,0.0
2022-03-18,0,0,0,12980,0,0.0
2022-03-21,0,0,0,12980,0,0.0
2022-03-22,0,0,0,12980,0,0.0
2022-03-23,0,0,0,12980,0,0.0
2022-03-24,0,0,0,12980,0,0.0
2022-03-25,0,0,0,12980,0,0.0
2022-03-28,0,0,0,12980,0,0.0
2022-03-29,0,0,0,12980,0,0.0
2022-03-30,0,0,0,12980,0,0.0
2022-03-31,0,0,0,12980,0,0.0
2022-04-01,0,0,0,12980,0,0.0
2022-04-04,0,0,0,12980,0,0.0
2022-04-05,0,0,0,12980,0,0.0
2022-04-06,0,0,0,12980,0,0.0
2022-04-07,0,0,0,12980,0,0.0
2022-04-08,0,0,0,12980,0,0.0
2022-04-11,0,0,0,12980,0,0.0
2022-04-12,0,0,0,12980,0,0.0
2022-04-13,0,0,0,12980,0,0.0
2022-04-14,0,0,0,12980,0,0.0
2022-04-15,0,0,0,12980,0,0.0
2022-04-18,0,0,0,12980,0,0.0
2022-04-19,0,0,0,12980,0,0.0
2022-04-20,0,0,0,12980,0,0.0
2022-04-21,0,0,0,12980,0,0.0
2022-04-22,0,0,0,12980,0,0.0
2022-04-25,0,0,0,12980,0,0.0
2022-04-26,0,0,0,12980,0,0.0
2022-04-27,0,0,0,12980,0,0.0
2022-04-28,0,0,0,12980,0,0.0
2022-04-29,0,0,0,12980,0,0.0
2022-05-02,0,0,0,12980,0,0.0
2022-05-03,0,0,0,12980,0,0.0
2022-05-04,0,0,0,12980,0,0.0
2022-05-06,0,0,0,12980,0,0.0
2022-05-09,0,0,0,12980,0,0.0
2022-05-10,0,0,0,12980,0,0.0
2022-05-11,0,0,0,12980,0,0.0
2022-05-12,0,0,0,12980,0,0.0
2022-05-13,0,0,0,12980,0,0.0
2022-05-16,0,0,0,12980,0,0.0
2022-05-17,0,0,0,12980,0,0.0
2022-05-18,0,0,0,12980,0,0.0
2022-05-19,0,0,0,12980,0,0.0
2022-05-20,0,0,0,12980,0,0.0
2022-05-23,0,0,0,12980,0,0.0
2022-05-24,0,0,0,12980,0,0.0
2022-05-25,0,0,0,12980,0,0.0
2022-05-26,0,0,0,12980,0,0.0
2022-05-27,0,0,0,12980,0,0.0
2022-05-30,0,0,0,12980,0,0.0
2022-05-31,0,0,0,12980,0,0.0
2022-06-02,0,0,0,12980,0,0.0
2022-06-03,0,0,0,12980,0,0.0
2022-06-07,0,0,0,12980,0,0.0
2022-06-08,0,0,0,12980,0,0.0
2022-06-09,0,0,0,12980,0,0.0
2022-06-10,0,0,0,12980,0,0.0
2022-06-13,0,0,0,12980,0,0.0
2022-06-14,0,0,0,12980,0,0.0
2022-06-15,0,0,0,12980,0,0.0
2022-06-16,0,0,0,12980,0,0.0
2022-06-17,0,0,0,12980,0,0.0
2022-06-20,0,0,0,12980,0,0.0
2022-06-21,0,0,0,12980,0,0.0
2022-06-22,0,0,0,12980,0,0.0
2022-06-23,0,0,0,12980,0,0.0
2022-06-24,0,0,0,12980,0,0.0
2022-06-27,0,0,0,12980,0,0.0
2022-06-28,0,0,0,12980,0,0.0
2022-06-29,0,0,0,12980,0,0.0
2022-06-30,0,0,0,12980,0,0.0
2022-07-01,0,0,0,12980,0,0.0
2022-07-04,0,0,0,12980,0,0.0
2022-07-05,0,0,0,12980,0,0.0
2022-07-06,0,0,0,12980,0,0.0
2022-07-07,0,0,0,12980,0,0.0
2022-07-08,0,0,0,12980,0,0.0
2022-07-11,0,0,0,12980,0,0.0
2022-07-12,0,0,0,12980,0,0.0
2022-07-13,0,0,0,12980,0,0.0
2022-07-14,0,0,0,12980,0,0.0
2022-07-15,0,0,0,12980,0,0.0
2022-07-18,0,0,0,12980,0,0.0
2022-07-19,0,0,0,12980,0,0.0
2022-07-20,0,0,0,12980,0,0.0
2022-07-21,0,0,0,12980,0,0.0
2022-07-22,0,0,0,12980,0,0.0
2022-07-25,0,0,0,12980,0,0.0
2022-07-26,0,0,0,12980,0,0.0
2022-07-27,0,0,0,12980,0,0.0
2022-07-28,0,0,0,12980,0,0.0
2022-07-29,0,0,0,12980,0,0.0
2022-08-01,0,0,0,12980,0,0.0
2022-08-02,0,0,0,12980,0,0.0
2022-08-03,0,0,0,12980,0,0.0
2022-08-04,0,0,0,12980,0,0.0
2022-08-05,0,0,0,12980,0,0.0
2022-08-08,0,0,0,12980,0,0.0
2022-08-09,0,0,0,12980,0,0.0
2022-08-10,0,0,0,12980,0,0.0
2022-08-11,0,0,0,12980,0,0.0
2022-08-12,0,0,0,12980,0,0.0
2022-08-16,0,0,0,12980,0,0.0
2022-08-17,0,0,0,12980,0,0.0
2022-08-18,0,0,0,12980,0,0.0
2022-08-19,0,0,0,12980,0,0.0
2022-08-22,0,0,0,12980,0,0.0
2022-08-23,0,0,0,12980,0,0.0
2022-08-24,0,0,0,12980,0,0.0
2022-08-25,0,0,0,12980,0,0.0
2022-08-26,0,0,0,12980,0,0.0
2022-08-29,0,0,0,12980,0,0.0
2022-08-30,0,0,0,12980,0,0.0
2022-08-31,0,0,0,12980,0,0.0
2022-09-01,0,0,0,12980,0,0.0
2022-09-02,0,0,0,12980,0,0.0
2022-09-05,0,0,0,12980,0,0.0
2022-09-06,0,0,0,12980,0,0.0
2022-09-07,0,0,0,12980,0,0.0
2022-09-08,0,0,0,12980,0,0.0
2022-09-13,0,0,0,12980,0,0.0
2022-09-14,0,0,0,12980,0,0.0
2022-09-15,0,0,0,12980,0,0.0
2022-09-16,0,0,0,12980,0,0.0
2022-09-19,0,0,0,12980,0,0.0
2022-09-20,0,0,0,12980,0,0.0
2022-09-21,0,0,0,12980,0,0.0
2022-09-22,0,0,0,12980,0,0.0
2022-09-23,0,0,0,12980,0,0.0
2022-09-26,0,0,0,12980,0,0.0
2022-09-27,0,0,0,12980,0,0.0
2022-09-28,0,0,0,12980,0,0.0
2022-09-29,0,0,0,12980,0,0.0
2022-09-30,0,0,0,12980,0,0.0
2022-10-04,0,0,0,12980,0,0.0
2022-10-05,0,0,0,12980,0,0.0
2022-10-06,0,0,0,12980,0,0.0
2022-10-07,12978,13639,10646,10752,811075,-0.1716486902927581
2022-10-11,10752,10752,8838,9013,543409,-0.16173735119047616
2022-10-12,8977,9847,8907,9082,246172,0.007655608565405592
2022-10-13,9254,9742,8002,8281,263197,-0.08819643250385378
2022-10-14,8629,10195,8560,9813,471268,0.1850018113754377
2022-10-17,9464,9707,8907,9534,133533,-0.028431672271476582
2022-10-18,9498,9916,9185,9395,159108,-0.014579400041955126
2022-10-19,9256,9359,8699,8943,102430,-0.04811069717935068
2022-10-20,8629,8698,7689,8003,370486,-0.10511014201051105
2022-10-21,7793,7897,7236,7272,234624,-0.09134074721979257
2022-10-24,7375,7793,7375,7411,75273,0.01911441144114412
2022-10-25,7446,8489,7411,8073,259897,0.08932667656186744
2022-10-26,7968,8420,7550,8073,96248,0.0
2022-10-27,8037,8629,7793,8003,91793,-0.00867087823609558
2022-10-28,7933,8177,7828,7864,22167,-0.017368486817443407
2022-10-31,8072,8107,7759,7864,23444,0.0
2022-11-01,7758,8385,7341,7794,54662,-0.008901322482197327
2022-11-02,7794,7864,7446,7864,48469,0.008981267641775759
2022-11-03,7619,7828,7515,7655,33590,-0.026576805696846395
2022-11-04,7516,7620,7307,7447,50133,-0.02717178314826907
2022-11-07,7307,7376,6951,6994,146861,-0.06082986437491611
2022-11-08,6959,7167,6959,7029,85752,0.00500428939090658
2022-11-09,6958,7237,6930,6945,121936,-0.011950490823730231
2022-11-10,6923,6993,6750,6820,105850,-0.017998560115190743
2022-11-11,6889,6994,6653,6765,118458,-0.008064516129032251
2022-11-14,6749,6916,6687,6799,67722,0.005025868440502679
2022-11-15,6819,6819,6415,6437,151377,-0.05324312398882192
2022-11-16,6521,6576,6305,6375,111806,-0.009631816063383591
2022-11-17,6373,6429,6179,6263,135613,-0.017568627450980423
2022-11-18,6227,6359,6199,6249,59025,-0.002235350471020303
2022-11-21,6248,6464,6116,6263,76835,0.002240358457353153
2022-11-22,6332,6360,6116,6138,80723,-0.019958486348395366
2022-11-23,6360,6360,6124,6194,30401,0.009123492994460802
2022-11-24,6207,7829,6207,6820,1380840,0.10106554730384243
2022-11-25,6819,7411,6562,7342,293235,0.07653958944281536
2022-11-28,7203,7203,6890,6890,121607,-0.06156360664669025
2022-11-29,6826,7132,6735,6945,88748,0.007982583454281489
2022-11-30,6944,7828,6805,7272,222408,0.04708423326133904
2022-12-01,7619,9324,7411,8351,1196041,0.14837733773377337
2022-12-02,8350,8732,8141,8420,253399,0.008262483534906107
2022-12-05,8559,8733,7897,8490,187615,0.008313539192398967
2022-12-06,8455,8628,8107,8212,116636,-0.032744405182567715
2022-12-07,8211,8211,7515,7864,187690,-0.04237700925474919
2022-12-08,7794,7898,7272,7760,98540,-0.01322482197355035
2022-12-09,7655,7898,7585,7760,76728,0.0
2022-12-12,7724,7759,7480,7690,43943,-0.009020618556700999
2022-12-13,7793,8036,7688,7724,116518,0.004421326397919367
2022-12-14,7724,7932,7689,7794,49076,0.009062661833246999
2022-12-15,7724,8002,7515,7794,45615,0.0
2022-12-16,7620,8177,7446,7934,193659,0.017962535283551517
2022-12-19,7829,8177,7237,7447,228366,-0.0613813965213007
2022-12-20,7411,7481,7133,7238,59199,-0.028064992614475592
2022-12-21,7306,7411,7063,7203,60887,-0.004835589941972973
2022-12-22,7133,7202,6958,7133,68894,-0.0097181729834791
2022-12-23,7132,7132,6792,7029,51788,-0.014580120566381582
2022-12-26,6993,7063,6534,6890,78433,-0.019775216958315522
2022-12-27,6806,7028,6708,6897,67379,0.0010159651669086056
2022-12-28,6736,7028,6736,6911,25276,0.0020298680585761897
2022-12-29,6840,7411,6757,7377,90389,0.06742873679641148
2023-01-02,7341,7341,6993,7133,42190,-0.03307577606072931
2023-01-03,7098,7167,6756,6952,36450,-0.025375017524183363
2023-01-04,6959,6993,6750,6890,37499,-0.008918296892980404
2023-01-05,6952,7133,6840,6897,71792,0.0010159651669086056
2023-01-06,6958,6958,6833,6952,18141,0.00797448165869219
2023-01-09,6958,7237,6951,7168,39099,0.031070195627157737
2023-01-10,7132,7271,6902,6952,23786,-0.030133928571428603
2023-01-11,6993,7237,6959,7203,17333,0.03610471806674331
2023-01-12,7271,7271,6888,6952,40179,-0.034846591697903606
2023-01-13,6994,6994,6903,6994,18076,0.006041426927502869
2023-01-16,6994,6994,6882,6925,19321,-0.009865599084929899
2023-01-17,6931,6945,6792,6925,28994,0.0
2023-01-18,6889,6903,6652,6820,47083,-0.015162454873646203
2023-01-19,6888,7480,6603,6715,170180,-0.015395894428152479
2023-01-20,6681,6778,6611,6765,32305,0.007446016381235987
2023-01-25,6750,6750,6611,6695,33814,-0.010347376201034764
2023-01-26,6736,6743,6583,6667,47501,-0.00418222554144887
2023-01-27,6659,7236,6617,6980,110927,0.04694765261736911
2023-01-30,7021,7021,6771,6883,42975,-0.013896848137535778
2023-01-31,6819,6868,6694,6834,45173,-0.007118988813017535
2023-02-01,6881,8559,6818,7411,1089655,0.0844307872402692
2023-02-02,7410,7654,7278,7634,187945,0.030090406153015836
2023-02-03,7522,8350,7522,8031,608630,0.05200419177364424
2023-02-06,8685,8691,7306,7746,660487,-0.035487485991781864
2023-02-07,7619,7801,7202,7370,232126,-0.048541182545830064
2023-02-08,7404,7404,7056,7189,202914,-0.02455902306648572
2023-02-09,7188,7285,7000,7161,112492,-0.003894839337877265
2023-02-10,7125,7125,6916,6959,89600,-0.028208350788995973
2023-02-13,6868,6959,6660,6744,89709,-0.03089524356947837
2023-02-14,6777,7000,6665,6952,70497,0.03084223013048626
2023-02-15,6937,7000,6666,6813,48633,-0.01999424626006907
2023-02-16,6777,6874,6686,6736,43753,-0.011301922794657249
2023-02-17,6708,6784,6583,6688,63770,-0.0071258907363420665
2023-02-20,6701,6958,6624,6785,56652,0.01450358851674638
2023-02-21,6826,6826,6652,6778,48067,-0.0010316875460574249
2023-02-22,6714,6798,6673,6778,58171,0.0
2023-02-23,6749,6944,6749,6875,52912,0.01431100619651815
2023-02-24,6944,6944,6694,6848,44412,-0.003927272727272779
2023-02-27,6833,6847,6652,6785,22657,-0.009199766355140193
2023-02-28,6784,6888,6756,6771,39046,-0.0020633750921149607
2023-03-02,6757,6819,6617,6681,43245,-0.01329198050509528
2023-03-03,6687,6694,6576,6660,46411,-0.0031432420296362285
2023-03-06,6618,6632,6193,6326,155289,-0.05015015015015012
2023-03-07,6276,6367,6249,6333,31418,0.0011065444198545826
2023-03-08,6332,6354,6124,6208,66282,-0.01973788094110218
2023-03-09,6192,6457,6116,6256,55010,0.0077319587628865705
2023-03-10,6255,6255,6061,6152,34940,-0.01662404092071612
2023-03-13,6046,6116,5636,5769,112097,-0.062256176853055956
2023-03-14,5776,5804,5337,5338,125133,-0.07470965505286875
2023-03-15,5489,5706,5302,5553,56095,0.04027725739977517
2023-03-16,5545,5559,5343,5553,32186,0.0
2023-03-17,5566,5824,5497,5769,43089,0.03889789303079416
2023-03-20,5741,5824,5692,5811,25208,0.007280291211648526
2023-03-21,5873,6005,5825,5902,27184,0.015659955257270708
2023-03-22,5907,5936,5629,5644,40242,-0.04371399525584552
2023-03-23,5671,5671,5233,5345,112335,-0.05297661233167961
2023-03-24,5378,5421,5170,5421,65795,0.014218896164639894
2023-03-27,5309,5393,5170,5359,51788,-0.011437004242759619
2023-03-28,5323,5427,5149,5414,48064,0.01026310878895309
2023-03-29,5351,5455,5302,5449,30697,0.006464721093461412
2023-03-30,5448,5830,5392,5699,58735,0.045879977977610675
2023-03-31,5622,6200,5622,6131,87519,0.07580277241621336
2023-04-03,6130,6200,5929,6194,110064,0.010275648344478805
2023-04-04,6144,6568,6137,6256,102286,0.010009686793671202
2023-04-05,6255,6750,6255,6542,110023,0.04571611253196939
2023-04-06,6540,6888,6443,6576,64775,0.005197187404463399
2023-04-07,6548,6729,6443,6653,27741,0.011709245742092422
2023-04-10,6589,6652,6186,6263,58825,-0.05862017135127007
2023-04-11,6234,6512,6179,6423,38050,0.025546862525946068
2023-04-12,6374,6645,6367,6528,52381,0.01634750116767858
2023-04-13,6527,6923,6430,6827,108142,0.04580269607843146
2023-04-14,7021,8273,7021,8003,807963,0.17225721400322258
2023-04-17,8420,8434,7522,7739,221995,-0.03298762963888546
2023-04-18,7738,7939,7327,7516,233914,-0.02881509238919755
2023-04-19,7584,7584,7000,7161,123443,-0.047232570516232086
2023-04-20,7160,7188,6875,6952,86942,-0.029185867895545337
2023-04-21,6952,9033,6918,8011,2239660,0.1523302646720368
2023-04-24,7968,8351,7794,8198,357766,0.02334290350767687
2023-04-25,8267,8768,7926,8435,450389,0.028909490119541248
2023-04-26,8350,8350,7793,7954,175619,-0.05702430349733256
2023-04-27,8281,8559,7334,7537,245326,-0.05242645209957253
2023-04-28,7620,8337,7418,7558,300719,0.0027862544779089227
2023-05-02,7584,7619,7153,7481,108197,-0.010187880391637982
2023-05-03,7480,8155,7341,7794,168695,0.04183932629327636
2023-05-04,7751,8343,7634,8177,182150,0.049140364382858515
2023-05-08,8211,8294,8023,8281,86262,0.012718600953895098
2023-05-09,8205,8281,7885,8150,83881,-0.01581934548967512
2023-05-10,8100,8392,7724,8184,92854,0.004171779141104226
2023-05-11,8100,8267,8093,8184,39656,0.0
2023-05-12,8176,8176,7821,8170,74884,-0.0017106549364613866
2023-05-15,8059,8059,7523,7600,102859,-0.06976744186046513
2023-05-16,7654,7688,7431,7578,37046,-0.0028947368421052833
2023-05-17,7502,7606,7306,7593,48285,0.001979414093428389
2023-05-18,7514,7577,7313,7418,37362,-0.023047543790333247
2023-05-19,7438,7494,7132,7265,51555,-0.0206255055270963
2023-05-22,7167,7265,7069,7265,47521,0.0
2023-05-23,7196,7523,7167,7454,38657,0.026015141087405436
2023-05-24,7341,7584,7174,7425,30095,-0.0038905285752616203
2023-05-25,7571,7571,7236,7425,44820,0.0
2023-05-26,7481,7655,7370,7447,39896,0.002962962962963056
2023-05-30,7447,7488,7370,7447,34689,0.0
2023-05-31,7446,7473,7202,7370,41588,-0.010339734121122546
2023-06-01,7370,7738,7237,7461,43239,0.012347354138398936
2023-06-02,7425,7537,7377,7461,13813,0.0
2023-06-05,7460,7516,7258,7454,14180,-0.0009382120359201496
2023-06-07,7487,7487,7160,7432,43085,-0.002951435470888164
2023-06-08,7376,7424,7257,7314,21041,-0.015877287405812734
2023-06-09,7375,7633,7313,7571,29601,0.035138091331692545
2023-06-12,7536,7863,7487,7690,49860,0.01571787082287668
2023-06-13,7884,7884,7675,7836,74711,0.01898569570871267
2023-06-14,7864,7864,7461,7461,56713,-0.04785604900459417
2023-06-15,7542,7591,7236,7404,29497,-0.0076397265782066626
2023-06-16,7404,7480,7258,7356,25935,-0.00648298217179899
2023-06-19,7236,7341,7062,7105,54776,-0.034121805328983124
2023-06-20,7069,7131,6937,7021,45857,-0.011822660098522175
2023-06-21,6958,7021,6917,6987,65359,-0.004842615012106588
2023-06-22,7236,7244,6902,6959,49080,-0.004007442393015648
2023-06-23,6959,7000,6875,6904,25632,-0.007903434401494436
2023-06-26,6874,6881,6193,6472,161423,-0.06257242178447275
2023-06-27,6387,6478,6276,6291,61748,-0.027966625463535233
2023-06-28,6332,6485,6179,6270,31562,-0.0033381020505484083
2023-06-29,6192,6297,6165,6242,17866,-0.004465709728867617
2023-06-30,6242,6506,6200,6500,21198,0.04133290611983331
2023-07-03,6436,6443,6304,6430,26840,-0.010769230769230753
2023-07-04,6394,6430,5949,6124,88989,-0.047589424572317296
2023-07-05,6199,6221,5900,5922,78727,-0.03298497713912474
2023-07-06,5922,6005,5497,5623,222282,-0.05048969942586967
2023-07-07,5636,5845,5455,5839,55942,0.038413658189578426
2023-07-10,5782,5817,5121,5261,270360,-0.0989895530056516
2023-07-11,5289,5337,4975,5289,321452,0.005322182094658734
2023-07-12,5246,5831,5121,5748,126103,0.08678389109472495
2023-07-13,5719,5983,5684,5880,69795,0.022964509394572064
2023-07-14,5789,6136,5740,6033,56314,0.02602040816326534
2023-07-17,6032,6032,5719,5769,49029,-0.0437593237195425
2023-07-18,5768,5768,5323,5637,71254,-0.02288091523660951
2023-07-19,5483,5734,5435,5679,19249,0.007450771687067537
2023-07-20,5677,5705,5482,5699,27374,0.0035217467864061547
2023-07-21,5733,6054,5545,5748,52289,0.008597999649061272
2023-07-24,5740,5740,5490,5616,38958,-0.022964509394572064
2023-07-25,5608,5608,5364,5553,39453,-0.011217948717948678
2023-07-26,5552,5552,5204,5323,74802,-0.0414190527642716
2023-07-27,5343,5677,5121,5546,57518,0.04189366898365576
2023-07-28,5545,5691,5448,5553,46799,0.0012621709340066012
2023-07-31,5580,5643,5399,5609,22022,0.01008463893390954
2023-08-01,5622,5741,5525,5595,38621,-0.002495988589766407
2023-08-02,5595,5825,5462,5679,43303,0.01501340482573732
2023-08-03,5678,5977,5594,5950,101183,0.04771966895580215
2023-08-04,5921,5950,5295,5359,296987,-0.09932773109243698
2023-08-07,5358,5601,5219,5491,42493,0.024631461093487683
2023-08-08,5441,5532,5302,5498,50059,0.0012748133309050669
2023-08-09,5392,5650,5198,5268,214464,-0.04183339396144048
2023-08-10,5267,5539,5225,5393,129943,0.023728170083523237
2023-08-11,5386,5441,5240,5345,94941,-0.008900426478768764
2023-08-14,5685,5726,5065,5226,162278,-0.02226379794200184
2023-08-16,5462,5462,4822,5122,246210,-0.01990049751243783
2023-08-17,5065,5086,4829,5073,68523,-0.009566575556423262
2023-08-18,5010,5093,4891,4934,61706,-0.02739996057559635
2023-08-21,4933,5086,4884,5003,31952,0.01398459667612495
2023-08-22,5009,5030,4870,5017,47074,0.002798321007395632
2023-08-23,5232,6521,5177,6521,415806,0.29978074546541755
2023-08-24,7313,7480,5594,5866,1455083,-0.10044471706793434
2023-08-25,5949,5949,5469,5818,362462,-0.008182748039549992
2023-08-28,5664,5908,5538,5755,308449,-0.010828463389480958
2023-08-29,5837,5879,5671,5741,118995,-0.002432667245873099
2023-08-30,5761,5852,5622,5804,151807,0.010973697962027629
2023-08-31,5747,5990,5712,5859,139257,0.009476223294279773
2023-09-01,5844,5886,5656,5713,94546,-0.02491892814473462
2023-09-04,5650,5949,5650,5887,85681,0.030456852791878264
2023-09-05,5831,5831,5288,5393,267193,-0.08391370817054522
2023-09-06,5393,5657,4898,5101,278052,-0.05414426107917669
2023-09-07,5072,5309,4996,5240,122759,0.02724955891001768
2023-09-08,5191,5365,5066,5338,75825,0.018702290076335837
2023-09-11,5336,5489,5204,5309,99418,-0.00543274634694646
2023-09-12,5308,5357,4919,4996,133912,-0.05895648898097572
2023-09-13,4995,5051,4821,5003,79907,0.0014011208967172895
2023-09-14,5239,5281,4898,4913,179663,-0.01798920647611435
2023-09-15,4836,4940,4683,4753,232780,-0.03256665988194585
2023-09-18,4746,4794,4593,4663,120663,-0.018935409215232513
2023-09-19,3965,4591,3958,4467,305198,-0.04203302594895986
2023-09-20,4578,4592,4272,4419,64039,-0.01074546675621224
2023-09-21,4292,4418,4069,4356,141213,-0.014256619144602856
2023-09-22,4105,4390,4105,4356,36673,0.0
2023-09-25,4264,4382,4174,4286,39599,-0.016069788797061557
2023-09-26,4286,4286,4195,4210,20925,-0.017732151189920664
2023-09-27,4161,4286,4140,4266,38747,0.013301662707838391
2023-10-04,4244,4266,3959,3967,71678,-0.07008907641819029
2023-10-05,3966,4062,3708,3820,64095,-0.03705570960423499
2023-10-06,3826,3903,3757,3876,60240,0.014659685863874339
2023-10-10,3875,3896,3687,3702,28102,-0.04489164086687303
2023-10-11,3659,3756,3555,3639,58162,-0.017017828200972418
2023-10-12,3687,3729,3513,3674,46096,0.00961802693047531
2023-10-13,3694,3702,3534,3702,21388,0.007621121393576402
2023-10-16,3701,3701,3447,3507,65993,-0.05267423014586714
2023-10-17,3461,3701,3457,3618,58618,0.031650983746792205
2023-10-18,3589,3617,3450,3486,30323,-0.036484245439469265
2023-10-19,3447,3485,3269,3458,66391,-0.008032128514056214
2023-10-20,3251,3404,3216,3360,55381,-0.028340080971659964
2023-10-23,3328,3371,2800,2999,314561,-0.10744047619047614
2023-10-24,2949,3450,2890,3204,243325,0.06835611870623537
2023-10-25,3297,3325,3078,3089,61786,-0.03589263420724098
2023-10-26,3039,3060,2775,2849,107927,-0.07769504694075757
2023-10-27,2792,2886,2566,2654,259189,-0.06844506844506848
2023-10-30,2546,2720,2462,2491,254463,-0.061416729464958575
2023-10-31,2468,2678,2135,2226,426357,-0.1063829787234043
2023-11-01,2309,2724,2198,2345,759054,0.053459119496855445
2023-11-02,2281,3047,2281,3047,1064017,0.2993603411513859
2023-11-03,3353,3960,3343,3960,4416092,0.29963898916967513
2023-11-06,4146,4153,3377,3646,1643201,-0.0792929292929293
2023-11-07,3527,3548,3270,3427,610351,-0.06006582556226003
2023-11-08,3395,3610,3280,3441,563850,0.004085205719287943
2023-11-09,3683,3683,3083,3207,282005,-0.06800348735832606
2023-11-10,3306,3944,3206,3610,1000606,0.12566261303398818
2023-11-13,3580,3645,3310,3357,193373,-0.07008310249307481
2023-11-14,3314,3583,3314,3568,96907,0.06285373845695563
2023-11-15,3521,3744,3502,3587,120751,0.005325112107623209
2023-11-16,3614,3744,3502,3664,112587,0.021466406467800292
2023-11-17,3656,3714,3475,3714,76852,0.013646288209606894
2023-11-20,3637,3791,3591,3699,89853,-0.0040387722132472215
2023-11-21,3699,4744,3568,4099,2854611,0.10813733441470674
2023-11-22,4060,4229,3829,3945,498129,-0.03757013905830686
2023-11-23,3945,4283,3779,3922,533203,-0.0058301647655260025
2023-11-24,3922,3945,3630,3707,191328,-0.05481896991330959
2023-11-27,3760,3807,3514,3634,162111,-0.01969247369840843
2023-11-28,3663,3698,3444,3537,128352,-0.026692350027517908
2023-11-29,3610,3629,3429,3518,114686,-0.005371783997738189
2023-11-30,3487,3617,3345,3345,112084,-0.04917566799317796
2023-12-01,3337,3337,3153,3334,164909,-0.003288490284006018
2023-12-04,3229,3844,3163,3360,555381,0.007798440311937549
2023-12-05,3341,3422,3110,3130,375110,-0.06845238095238093
2023-12-06,3068,3717,3068,3122,941568,-0.002555910543130979
2023-12-07,3168,3214,3045,3045,110334,-0.024663677130044803
2023-12-08,3114,3137,2972,3053,197515,0.002627257799671545
2023-12-11,3079,3891,3079,3476,1936757,0.1385522436947264
2023-12-12,3460,3575,3118,3541,297765,0.018699654775604202
2023-12-13,3576,4599,3576,4599,5080031,0.29878565377012145
2023-12-14,4576,5029,4468,4653,3161092,0.011741682974559797
2023-12-15,4999,5491,4614,4730,1280081,0.016548463356973908
2023-12-18,5400,5790,4680,4810,1197205,0.016913319238900604
2023-12-19,4820,6250,4810,6250,2573043,0.2993762993762994
2023-12-20,6280,6500,5690,5840,1292785,-0.06559999999999999
2023-12-21,5750,5770,5100,5130,716536,-0.12157534246575341
2023-12-22,5130,5190,4860,4970,388585,-0.031189083820662766
2023-12-26,4960,5150,4655,4780,351868,-0.0382293762575453
2023-12-27,4780,4840,4585,4705,261563,-0.01569037656903771
2023-12-28,4710,4965,4500,4670,260374,-0.007438894792773598
2024-01-02,3580,4210,3525,3955,6315584,-0.15310492505353324
2024-01-03,3900,4135,3805,3955,1193265,0.0
2024-01-04,4055,4420,3880,4150,1858747,0.04930467762326174
2024-01-05,4110,4150,3850,3920,583496,-0.055421686746988
2024-01-08,3920,4060,3850,3960,395248,0.010204081632652962
2024-01-09,4010,4175,3925,4070,489343,0.02777777777777768
2024-01-10,4060,4070,3850,3850,450346,-0.05405405405405406
2024-01-11,3750,4325,3700,4250,2612247,0.10389610389610393
2024-01-12,4210,4275,4035,4270,619450,0.004705882352941115
2024-01-15,4220,4365,4050,4335,920196,0.015222482435597096
2024-01-16,4300,4680,4120,4525,971122,0.04382929642445221
2024-01-17,4520,4710,4195,4525,764194,0.0
2024-01-18,4435,4525,4205,4345,369601,-0.03977900552486191
2024-01-19,4375,4475,4105,4250,373761,-0.021864211737629424
2024-01-22,4290,4295,4040,4055,397678,-0.045882352941176485
2024-01-23,4075,4185,3920,4070,411901,0.0036991368680641123
2024-01-24,4065,4180,3965,4070,230620,0.0
2024-01-25,4100,4240,4020,4225,230615,0.03808353808353804
2024-01-26,4195,4310,4105,4290,298844,0.01538461538461533
2024-01-29,4300,4480,4120,4175,281036,-0.026806526806526842
2024-01-30,4200,4275,4050,4210,218364,0.008383233532934131
2024-01-31,4150,4210,4100,4175,106959,-0.008313539192399078
2024-02-01,4130,4265,4075,4265,173666,0.021556886227544814
2024-02-02,4280,4365,4150,4265,181606,0.0
2024-02-05,4265,4265,4160,4180,106470,-0.01992966002344665
2024-02-06,4180,4220,4025,4025,172740,-0.037081339712918715
2024-02-07,4030,4100,3955,3990,142810,-0.008695652173912993
2024-02-08,4055,4055,3750,3980,343809,-0.0025062656641604564
2024-02-13,3970,4055,3915,3930,142376,-0.012562814070351758
2024-02-14,3920,3970,3830,3840,124044,-0.022900763358778664
2024-02-15,3840,3930,3805,3875,84851,0.00911458333333326
2024-02-16,3880,4005,3870,3880,104249,0.001290322580645098
2024-02-19,3885,3940,3700,3750,229083,-0.03350515463917525
2024-02-20,3750,3750,3450,3630,108413,-0.03200000000000003
2024-02-21,3630,3730,3555,3710,120299,0.02203856749311295
2024-02-22,3710,3780,3470,3620,218114,-0.02425876010781669
2024-02-23,3625,4065,3595,3805,654139,0.05110497237569067
2024-02-26,3805,4015,3690,3965,380720,0.042049934296977565
2024-02-27,3960,4285,3800,4180,685165,0.05422446406052961
2024-02-28,4135,4345,4050,4330,449311,0.03588516746411474
2024-02-29,4330,4455,4170,4335,297586,0.0011547344110853786
2024-03-04,4300,4380,4100,4270,297129,-0.014994232987312617
2024-03-05,4200,4265,4140,4255,159013,-0.003512880562060894
2024-03-06,4350,4635,4300,4595,790647,0.0799059929494712
2024-03-07,4570,4745,4450,4645,519867,0.01088139281828071
2024-03-08,4630,4885,4580,4870,616467,0.0484391819160388
2024-03-11,4855,4920,4500,4660,496452,-0.043121149897330624
2024-03-12,4660,4670,4455,4645,181864,-0.0032188841201716833
2024-03-13,4600,4695,4495,4650,254257,0.0010764262648008671
2024-03-14,4650,4695,4225,4470,396446,-0.03870967741935483
2024-03-15,4450,4515,4345,4470,183128,0.0
2024-03-18,4455,4620,4400,4470,142525,0.0
2024-03-19,4455,4525,4355,4460,136659,-0.0022371364653244186
2024-03-20,4460,4715,4460,4680,331443,0.049327354260089606
2024-03-21,4680,4825,4590,4820,268937,0.029914529914529808
2024-03-22,4840,4910,4720,4835,248317,0.003112033195020736
2024-03-25,4830,4935,4715,4935,172125,0.020682523267838704
2024-03-26,4900,5030,4820,4940,248159,0.0010131712259371373
2024-03-27,4950,4950,4755,4840,143030,-0.020242914979757054
2024-03-28,4840,4840,4630,4640,140286,-0.04132231404958675
2024-03-29,4600,4785,4560,4700,92981,0.012931034482758674
2024-04-01,4695,4800,4640,4690,70432,-0.0021276595744680327
2024-04-02,4725,4725,4375,4425,220187,-0.05650319829424311
2024-04-03,4420,4635,4355,4415,112201,-0.002259887005649719
2024-04-04,4415,4500,4170,4350,215907,-0.014722536806342057
2024-04-05,4350,4385,4175,4280,72366,-0.016091954022988464
2024-04-08,4415,4415,4120,4320,91493,0.009345794392523255
2024-04-09,4300,4315,4195,4240,67206,-0.01851851851851849
2024-04-11,4160,4540,4115,4370,330888,0.030660377358490587
2024-04-12,4375,4565,4285,4560,245021,0.04347826086956519
2024-04-15,4400,4680,4400,4540,273933,-0.004385964912280715
2024-04-16,4595,4610,4350,4410,147793,-0.028634361233480177
2024-04-17,4450,4555,4280,4400,117632,-0.0022675736961451642
2024-04-18,4385,4550,4375,4500,72616,0.022727272727272707
2024-04-19,4500,4580,4230,4400,108618,-0.022222222222222254
2024-04-22,4480,4480,4320,4350,39706,-0.011363636363636354
2024-04-23,4395,4405,4065,4250,189530,-0.02298850574712641
2024-04-24,4250,4380,4170,4370,61270,0.028235294117647136
2024-04-25,4390,4550,4260,4455,160271,0.0194508009153318
2024-04-26,4460,4550,4330,4450,54819,-0.001122334455667784
2024-04-29,4450,4450,4255,4255,121169,-0.043820224719101075
2024-04-30,4275,4425,4275,4335,58321,0.018801410105757865
2024-05-02,4340,4365,4255,4360,38869,0.005767012687427853
2024-05-03,4370,4420,4280,4315,67433,-0.010321100917431214
2024-05-07,4320,4505,4280,4500,142617,0.042873696407879525
2024-05-08,4490,4510,4360,4385,59512,-0.025555555555555554
2024-05-09,4410,4410,4275,4290,47331,-0.02166476624857472
2024-05-10,4325,4350,4220,4280,57359,-0.002331002331002363
2024-05-13,4275,4275,4110,4235,86674,-0.010514018691588745
2024-05-14,4235,4235,4025,4060,181543,-0.04132231404958675
2024-05-16,4060,4240,4060,4230,79776,0.041871921182266014
2024-05-17,4195,4300,4100,4230,127902,0.0
2024-05-20,4380,4380,4140,4195,70150,-0.008274231678486954
2024-05-21,4155,4710,4120,4125,875664,-0.016686531585220488
2024-05-22,4125,4365,3900,4225,344257,0.024242424242424176
2024-05-23,4170,4210,4060,4195,125924,-0.007100591715976323
2024-05-24,4200,4245,4050,4080,93416,-0.0274135876042908
2024-05-27,4175,4200,3920,4110,76546,0.007352941176470562
2024-05-28,4100,4150,4000,4130,60702,0.0048661800486617945
2024-05-29,4055,4105,3960,4065,84654,-0.0157384987893463
2024-05-30,4040,4150,3990,4050,62934,-0.0036900369003689537
2024-05-31,4050,4280,3990,4235,79736,0.04567901234567895
2024-06-03,4120,4280,4120,4200,52895,-0.008264462809917328
2024-06-04,4135,4265,4030,4030,67448,-0.04047619047619044
2024-06-05,4030,4075,3950,3990,54542,-0.00992555831265507
2024-06-07,4000,4040,3935,4025,29715,0.00877192982456143
2024-06-10,4025,4030,3950,4010,60335,-0.003726708074534124
2024-06-11,4010,4010,3825,3835,142586,-0.043640897755610975
2024-06-12,3900,3900,3675,3750,107275,-0.022164276401564487
2024-06-13,3815,3815,3630,3755,77755,0.0013333333333334085
2024-06-14,3895,4000,3510,3680,242727,-0.01997336884154466
2024-06-17,3660,3720,3550,3570,117735,-0.029891304347826053
2024-06-18,3570,3570,3450,3535,51907,-0.009803921568627416
2024-06-19,3530,3795,3460,3710,124740,0.04950495049504955
2024-06-20,3720,3845,3660,3760,66206,0.013477088948786964
2024-06-21,3765,3850,3625,3725,44554,-0.009308510638297851
2024-06-24,3680,3750,3560,3595,61298,-0.03489932885906044
2024-06-25,3595,3770,3530,3695,52572,0.02781641168289295
2024-06-26,3730,3730,3595,3690,48163,-0.0013531799729363803
2024-06-27,3650,3680,3545,3600,53331,-0.024390243902439046
2024-06-28,3600,3610,3540,3550,29615,-0.01388888888888884
2024-07-01,3505,3590,3455,3500,34864,-0.014084507042253502
2024-07-02,3500,3550,3455,3460,32542,-0.011428571428571455
2024-07-03,3460,3520,3290,3415,95784,-0.013005780346820761
2024-07-04,3365,3415,3225,3295,106166,-0.03513909224011713
2024-07-05,3280,3430,3215,3415,62807,0.036418816388467334
2024-07-08,3410,3595,3370,3395,62983,-0.005856515373352855
2024-07-09,3395,3485,3360,3460,51784,0.019145802650957222
2024-07-10,3465,3560,3365,3530,96729,0.020231213872832443
2024-07-11,3520,3775,3520,3630,135533,0.028328611898017053
2024-07-12,3715,4340,3685,4320,1392003,0.1900826446280992
2024-07-15,4110,4110,3965,4020,341343,-0.06944444444444442
2024-07-16,4020,4075,3775,3780,188176,-0.05970149253731338
2024-07-17,3750,4035,3660,3660,199313,-0.031746031746031744
2024-07-18,3650,3650,3445,3570,71986,-0.024590163934426257
2024-07-19,3600,3965,3550,3860,148176,0.08123249299719881
2024-07-22,3870,4055,3740,3950,160977,0.023316062176165886
2024-07-23,3920,4255,3870,4090,202376,0.03544303797468351
2024-07-24,4050,4230,3980,4120,76068,0.007334963325183352
2024-07-25,4080,4170,3900,4025,63297,-0.02305825242718451
2024-07-26,4025,4100,3905,4025,77838,0.0
2024-07-29,3995,4050,3910,4025,54027,0.0
2024-07-30,3985,4260,3935,3995,91904,-0.007453416149068359
2024-07-31,3995,4150,3930,4015,93526,0.005006257822277815
2024-08-01,4000,4160,4000,4125,98877,0.027397260273972712
2024-08-02,4140,4145,3970,4070,115062,-0.013333333333333308
2024-08-05,4060,4060,3200,3610,191608,-0.11302211302211307
2024-08-06,3750,3820,3610,3750,76271,0.03878116343490312
2024-08-07,3710,3975,3710,3940,79963,0.05066666666666664
2024-08-08,3965,4255,3840,4180,167875,0.060913705583756306
2024-08-09,4260,4425,4065,4085,439731,-0.022727272727272707
2024-08-12,4085,4270,3940,4210,109912,0.030599755201958345
2024-08-13,4220,4500,4105,4480,340290,0.06413301662707838
2024-08-14,4480,4700,4340,4490,345884,0.0022321428571427937
2024-08-16,4480,4940,4395,4940,428070,0.10022271714922049
2024-08-19,4990,5040,4430,4600,310666,-0.06882591093117407
2024-08-20,4525,4690,4510,4640,73641,0.008695652173912993
2024-08-21,4595,4660,4380,4425,75838,-0.04633620689655171
2024-08-22,4425,4595,4310,4350,63786,-0.016949152542372836
2024-08-23,4340,4610,4260,4380,128095,0.006896551724137945
2024-08-26,4395,4455,4150,4455,148858,0.017123287671232834
2024-08-27,4500,4645,4335,4490,124136,0.007856341189674598
2024-08-28,4490,4580,4260,4330,94906,-0.03563474387527843
2024-08-29,4330,4460,4300,4390,49224,0.01385681293302543
2024-08-30,4390,4435,4240,4395,82529,0.001138952164009055
2024-09-02,4395,4395,4260,4370,38520,-0.005688282138794132
2024-09-03,4425,4470,4200,4300,91293,-0.016018306636155555
2024-09-04,4160,4240,4050,4080,75223,-0.051162790697674376
2024-09-05,4020,4135,3900,4070,124311,-0.002450980392156854
2024-09-06,4070,4160,3885,4140,95263,0.017199017199017286
2024-09-09,3995,4125,3970,4065,82858,-0.018115942028985477
2024-09-10,4075,4120,3960,4020,53203,-0.011070110701106972
2024-09-11,4005,4085,3885,3970,45275,-0.01243781094527363
2024-09-12,3950,4515,3950,4450,327427,0.12090680100755669
2024-09-13,4435,4435,4250,4310,82600,-0.03146067415730336
2024-09-19,4310,4770,4255,4750,324200,0.10208816705336421
2024-09-20,4720,4780,4545,4665,129918,-0.017894736842105297
2024-09-23,4620,4805,4475,4550,132579,-0.024651661307609873
2024-09-24,4470,4560,4300,4450,96552,-0.02197802197802201
2024-09-25,4450,4500,4245,4245,91173,-0.046067415730337125
2024-09-26,4245,4385,4225,4280,94601,0.008244994110718551
2024-09-27,4325,4480,4255,4380,75046,0.02336448598130847
2024-09-30,4380,4570,4325,4475,100983,0.02168949771689488
2024-10-02,4300,4475,4160,4335,132205,-0.031284916201117285
2024-10-04,4320,4455,4260,4370,61230,0.008073817762399127
2024-10-07,4330,4465,4290,4440,81247,0.016018306636155666
2024-10-08,4440,4555,4310,4435,79029,-0.0011261261261261701
2024-10-10,4425,4575,4265,4575,144778,0.031567080045095786
2024-10-11,4640,4940,4550,4865,547080,0.06338797814207653
2024-10-14,4920,5000,4640,4755,339122,-0.022610483042137752
2024-10-15,4755,4800,4605,4720,111773,-0.007360672975814886
2024-10-16,4790,4925,4610,4835,144837,0.02436440677966112
2024-10-17,4790,5250,4790,5250,519383,0.0858324715615304
2024-10-18,5200,5300,5040,5280,250923,0.005714285714285783
2024-10-21,5640,5860,5310,5730,1338335,0.08522727272727271
2024-10-22,5720,5820,5530,5670,441519,-0.010471204188481686
2024-10-23,5620,5700,5180,5450,310115,-0.03880070546737213
2024-10-24,5360,5390,5170,5230,103012,-0.04036697247706422
2024-10-25,5200,5200,4820,4875,333409,-0.06787762906309747
2024-10-28,4850,5090,4820,4905,176290,0.006153846153846176
2024-10-29,4900,4935,4635,4830,152073,-0.015290519877675823
2024-10-30,4800,4875,4525,4680,186106,-0.03105590062111796
2024-10-31,4675,4850,4590,4820,111482,0.029914529914529808
2024-11-01,4715,5100,4645,5010,152039,0.03941908713692954
2024-11-04,5020,5180,4840,5040,179332,0.0059880239520957446
2024-11-05,5000,5050,4915,4935,74649,-0.02083333333333337
2024-11-06,4985,5110,4685,4910,153621,-0.005065856129685908
2024-11-07,4910,4910,4625,4660,115592,-0.050916496945010215
2024-11-08,4605,4705,4330,4550,324170,-0.023605150214592308
2024-11-11,4435,4795,4435,4680,119204,0.02857142857142847
2024-11-12,4685,4700,4430,4500,159284,-0.038461538461538436
2024-11-13,4460,4525,4160,4315,336060,-0.0411111111111111
2024-11-14,4345,4460,4050,4200,127374,-0.02665121668597914
2024-11-15,4200,4345,4000,4300,111409,0.023809523809523725
2024-11-18,4290,4430,4185,4285,65631,-0.0034883720930232176
2024-11-19,4245,4400,4140,4375,99067,0.02100350058343059
2024-11-20,4375,4520,4215,4430,88931,0.012571428571428678
2024-11-21,4430,4465,4265,4450,47155,0.004514672686230181
2024-11-22,4445,4455,4260,4420,140494,-0.006741573033707815
2024-11-25,4380,4600,4380,4485,83147,0.014705882352941124
2024-11-26,4505,4545,4285,4485,137340,0.0
2024-11-27,4445,4630,4445,4615,82753,0.02898550724637672
2024-11-28,4650,4930,4565,4860,153387,0.05308775731310944
2024-11-29,4850,4915,4750,4855,76659,-0.0010288065843621075
2024-12-02,4855,4855,4530,4550,121148,-0.06282183316168899
2024-12-03,4550,4865,4505,4785,78964,0.05164835164835169
2024-12-04,4650,4695,4530,4530,94357,-0.053291536050156685
2024-12-05,4530,4605,4350,4350,61598,-0.039735099337748325
2024-12-06,4350,4390,4095,4345,63155,-0.0011494252873562871
2024-12-09,4300,4300,3965,4050,110256,-0.06789413118527043
2024-12-10,4095,4250,4055,4200,70188,0.03703703703703698
2024-12-11,4260,4390,4105,4370,47331,0.040476190476190554
2024-12-12,4400,4440,4250,4395,43544,0.005720823798627039
2024-12-13,4400,4540,4345,4450,39470,0.012514220705347023
2024-12-16,4450,4515,4430,4500,30369,0.011235955056179803
2024-12-17,4485,4560,4405,4535,38638,0.007777777777777883
2024-12-18,4495,4575,4395,4535,88664,0.0
2024-12-19,4450,4490,4380,4480,48872,-0.012127894156560126
2024-12-20,4515,4525,4325,4370,30198,-0.024553571428571397
2024-12-23,4380,4490,4285,4465,32265,0.021739130434782705
2024-12-24,4480,4505,4360,4400,33218,-0.014557670772676334
2024-12-26,4385,4400,4220,4285,59683,-0.026136363636363624
2024-12-27,4220,4235,4110,4160,59420,-0.029171528588098017
2024-12-30,4090,4360,4090,4315,35145,0.03725961538461542
2025-01-02,4315,4565,4255,4455,170074,0.03244495944380077
2025-01-03,4445,4665,4410,4605,118664,0.03367003367003374
2025-01-06,4670,4870,4640,4825,142364,0.04777415852334421
2025-01-07,4890,4890,4685,4815,55375,-0.002072538860103612
2025-01-08,4815,4930,4765,4825,76787,0.0020768431983384517
2025-01-09,4750,4825,4660,4750,91811,-0.015544041450777257
2025-01-10,4760,4785,4660,4775,37854,0.0052631578947368585
2025-01-13,4800,5210,4780,5180,465050,0.08481675392670152
2025-01-14,5200,5550,5150,5250,294463,0.013513513513513598
2025-01-15,5320,5330,5030,5100,166539,-0.02857142857142858
2025-01-16,5120,5730,5120,5570,444843,0.09215686274509793
2025-01-17,5510,5590,5220,5530,161046,-0.007181328545781018
2025-01-20,5540,5540,5250,5260,99906,-0.0488245931283906
2025-01-21,5340,5440,5190,5420,73454,0.03041825095057038
2025-01-22,5420,5450,5270,5360,51814,-0.011070110701106972
2025-01-23,5360,5360,4970,5040,244783,-0.05970149253731338
2025-01-24,4920,5150,4920,5020,131276,-0.003968253968253954
2025-01-31,5020,5190,4950,4950,175900,-0.013944223107569709
2025-02-03,4940,4940,4675,4800,142761,-0.030303030303030276
2025-02-04,4890,4950,4730,4805,174088,0.0010416666666666075
2025-02-05,4805,4855,4650,4725,167109,-0.01664932362122784
2025-02-06,4700,4975,4700,4890,99509,0.03492063492063502
2025-02-07,4845,4875,4450,4630,378736,-0.053169734151329195
2025-02-10,4665,4750,4520,4585,152370,-0.009719222462203025
2025-02-11,4600,4980,4500,4800,215814,0.046892039258451534
2025-02-12,4790,4845,4675,4810,123808,0.002083333333333437
2025-02-13,4855,5250,4740,5200,323965,0.08108108108108114
2025-02-14,5270,5270,4950,5050,199098,-0.028846153846153855
2025-02-17,4985,5170,4960,5170,113231,0.023762376237623783
2025-02-18,5200,5330,5090,5180,149281,0.0019342359767891004
2025-02-19,5160,6040,5140,5880,845613,0.1351351351351351
2025-02-20,5760,5800,5540,5620,257790,-0.04421768707482998
2025-02-21,5540,6060,5540,5950,338820,0.0587188612099645
2025-02-24,5850,6190,5800,6100,217508,0.025210084033613356
2025-02-25,6240,6370,6000,6310,303202,0.03442622950819674
2025-02-26,6280,6350,5870,6040,270019,-0.0427892234548336
2025-02-27,6040,6140,5800,5900,207492,-0.023178807947019875
2025-02-28,5850,5930,5640,5740,145458,-0.027118644067796627
2025-03-04,5830,6090,5740,5930,225944,0.03310104529616731
2025-03-05,5930,6200,5900,6100,178215,0.02866779089376048
2025-03-06,6110,6210,6000,6100,104581,0.0
2025-03-07,6100,6130,5890,6050,128205,-0.008196721311475419
2025-03-10,6050,6750,6020,6600,450901,0.09090909090909083
2025-03-11,6450,6750,6280,6750,253871,0.022727272727272707
2025-03-12,6750,7690,6730,7080,652238,0.04888888888888898
2025-03-13,7080,7170,6700,6750,336289,-0.04661016949152541
2025-03-14,6750,7280,6200,7280,406100,0.07851851851851843
2025-03-17,7450,7630,7020,7490,457311,0.028846153846153744
2025-03-18,7600,8100,7340,7450,450283,-0.005340453938584733
2025-03-19,7460,7990,7300,7700,285496,0.033557046979865834
2025-03-20,7700,7860,7370,7500,228906,-0.025974025974025983
2025-03-21,7400,8800,7390,8700,680422,0.15999999999999992
2025-03-24,8700,9300,8580,9250,609687,0.06321839080459779
2025-03-25,9180,9490,8850,8990,336536,-0.028108108108108154
2025-03-26,9500,9750,8000,8890,800857,-0.011123470522803158
2025-03-27,8890,9140,8300,8560,305956,-0.03712035995500562
2025-03-28,8560,8700,8280,8690,215741,0.015186915887850372
2025-03-31,8660,8660,8090,8340,240572,-0.04027617951668583
2025-04-01,8200,8700,8190,8290,220254,-0.005995203836930418
2025-04-02,8350,8520,8070,8130,223940,-0.0193003618817853
2025-04-03,8080,8320,7900,8080,172851,-0.006150061500615034
2025-04-04,7990,8250,7580,7950,328259,-0.016089108910891103
2025-04-07,7890,7890,7260,7550,366370,-0.05031446540880502
2025-04-08,7800,7800,7290,7600,202808,0.0066225165562914245
2025-04-09,7630,8090,7070,7290,375597,-0.04078947368421049
2025-04-10,7570,7950,7570,7830,255263,0.07407407407407418
2025-04-11,7910,8400,7680,8300,137697,0.06002554278416339
2025-04-14,8390,9140,8280,9050,351119,0.09036144578313254
2025-04-15,9130,9130,8340,8570,263972,-0.053038674033149213
2025-04-16,8550,8750,8460,8600,134874,0.003500583430571691
2025-04-17,8460,8890,8460,8690,115400,0.010465116279069875
2025-04-18,8740,9030,8600,8840,202011,0.017261219792865434
2025-04-21,8840,10330,8780,10240,669608,0.158371040723982
2025-04-22,10160,10270,9850,10190,227857,-0.0048828125
2025-04-23,10180,10210,9960,10080,139351,-0.01079489695780178
2025-04-24,10080,10510,9930,10360,121489,0.02777777777777768
2025-04-25,10370,10380,9960,10200,142539,-0.015444015444015413
2025-04-28,10190,10420,10000,10170,174024,-0.002941176470588225
2025-04-29,10170,10600,9530,9640,311381,-0.05211406096361848
2025-04-30,9640,9900,9200,9500,229830,-0.014522821576763434
2025-05-02,9490,10000,9150,9420,258445,-0.008421052631578996
2025-05-07,9420,10020,9100,9870,171155,0.047770700636942776
2025-05-08,9820,10150,9650,10150,180634,0.028368794326241176
2025-05-09,10400,10460,9760,9980,256638,-0.016748768472906406
2025-05-12,9990,10260,9780,9890,152333,-0.009018036072144242
2025-05-13,9900,10060,9770,9980,139125,0.009100101112234471
2025-05-14,9980,10810,9900,10700,295468,0.07214428857715438
2025-05-15,10570,11390,10520,11250,173420,0.051401869158878455
2025-05-16,11260,11710,11240,11560,267274,0.027555555555555555
2025-05-19,11600,12000,11450,11900,231061,0.02941176470588225
2025-05-20,12090,12430,11730,12150,266562,0.021008403361344463
2025-05-21,12000,12150,11080,11400,312832,-0.06172839506172845
2025-05-22,11370,11800,11280,11700,150563,0.026315789473684292
2025-05-23,11760,12930,11680,12780,374823,0.0923076923076922
2025-05-26,12750,12900,12350,12870,163442,0.007042253521126751
2025-05-27,12820,12820,11850,12050,256057,-0.06371406371406374
2025-05-28,12050,12200,11350,11860,218720,-0.01576763485477184
2025-05-29,10950,11520,10120,10930,505900,-0.07841483979763908
2025-05-30,10610,11020,10000,10620,192277,-0.02836230558096986
