Date,Open,High,Low,Close,Volume,Change
2023-11-24,16600,19790,16590,18330,35846607,
2023-11-27,19220,20650,16000,16000,14626133,-0.12711402073104205
2023-11-28,15300,16410,12550,12880,5316362,-0.19499999999999995
2023-11-29,13200,14390,12030,12100,7605512,-0.060559006211180155
2023-11-30,12530,14300,12300,12700,8364144,0.04958677685950419
2023-12-01,12600,12850,11680,11740,1479852,-0.07559055118110236
2023-12-04,12040,12290,10880,11030,1218315,-0.060477001703577504
2023-12-05,11150,11520,10380,10510,1543349,-0.04714415231187674
2023-12-06,10580,10930,10100,10630,980338,0.011417697431018059
2023-12-07,10730,12490,10630,11170,4678161,0.05079962370649116
2023-12-08,11170,11440,10790,10800,766132,-0.033124440465532645
2023-12-11,10900,11500,10600,10600,1150194,-0.01851851851851849
2023-12-12,10400,10530,10170,10240,495342,-0.03396226415094339
2023-12-13,10190,10200,9600,9600,467546,-0.0625
2023-12-14,9650,9850,9130,9130,420575,-0.048958333333333326
2023-12-15,9150,9280,9050,9130,278518,0.0
2023-12-18,9160,10070,8980,9260,841748,0.014238773274917849
2023-12-19,9390,10100,9300,9470,801843,0.022678185745140356
2023-12-20,9670,10350,9560,10030,980069,0.05913410770855343
2023-12-21,9840,9900,9540,9580,353617,-0.04486540378863413
2023-12-22,9770,9770,9300,9310,228378,-0.028183716075156573
2023-12-26,9240,9360,8980,9030,233055,-0.03007518796992481
2023-12-27,9060,9290,9000,9010,132675,-0.0022148394241418012
2023-12-28,9040,9420,9000,9280,215166,0.029966703662597016
2024-01-02,9250,9520,9250,9400,123478,0.012931034482758674
2024-01-03,9350,9350,9150,9200,107048,-0.021276595744680882
2024-01-04,9120,9430,9100,9280,80837,0.008695652173912993
2024-01-05,9310,9320,9170,9190,80175,-0.00969827586206895
2024-01-08,9200,9970,9190,9480,685431,0.03155603917301408
2024-01-09,9600,9940,9550,9780,477467,0.03164556962025311
2024-01-10,9660,9810,9410,9580,188990,-0.020449897750511203
2024-01-11,9780,10180,9630,9830,542328,0.02609603340292277
2024-01-12,9800,9880,9460,9500,153915,-0.033570701932858604
2024-01-15,9500,9510,9160,9160,155300,-0.03578947368421048
2024-01-16,9100,9230,8930,8950,129328,-0.022925764192139764
2024-01-17,9000,9050,8420,8460,141146,-0.054748603351955305
2024-01-18,8700,8700,8150,8390,76509,-0.008274231678486954
2024-01-19,8410,8700,8350,8450,74459,0.007151370679380209
2024-01-22,8530,8580,8060,8120,94444,-0.03905325443786978
2024-01-23,8010,8250,8010,8040,76227,-0.009852216748768461
2024-01-24,8150,8150,7820,7970,94985,-0.008706467661691586
2024-01-25,7980,7980,7560,7750,184202,-0.027603513174404015
2024-01-26,7750,7860,7690,7800,72610,0.006451612903225712
2024-01-29,7810,7850,7520,7630,94375,-0.02179487179487183
2024-01-30,7760,7850,7610,7740,66821,0.014416775884665833
2024-01-31,7730,7730,7510,7530,48019,-0.027131782945736482
2024-02-01,7430,7500,7120,7350,115835,-0.0239043824701195
2024-02-02,7320,7590,7320,7500,59470,0.020408163265306145
2024-02-05,7430,7890,7400,7720,87236,0.029333333333333433
2024-02-06,7690,7790,7520,7590,38234,-0.016839378238341918
2024-02-07,7500,7710,7490,7550,33614,-0.005270092226614009
2024-02-08,7550,7590,7440,7500,33162,-0.0066225165562914245
2024-02-13,7510,7820,7510,7750,74380,0.03333333333333344
2024-02-14,7650,7840,7600,7770,43794,0.002580645161290418
2024-02-15,7820,8390,7790,8090,205836,0.041184041184041176
2024-02-16,8080,8080,7870,7930,51581,-0.01977750309023485
2024-02-19,7940,7940,7780,7790,49267,-0.017654476670870167
2024-02-20,7770,7890,7620,7830,46905,0.005134788189987249
2024-02-21,7830,7840,7550,7570,74975,-0.033205619412515985
2024-02-22,7530,7780,7500,7600,55684,0.003963011889035695
2024-02-23,7600,7600,7320,7320,77027,-0.0368421052631579
2024-02-26,7280,7310,6900,7000,246950,-0.04371584699453557
2024-02-27,7000,7000,6680,6780,147736,-0.03142857142857147
2024-02-28,6780,7030,6780,6990,63505,0.030973451327433565
2024-02-29,6910,7010,6850,6920,34979,-0.010014306151645225
2024-03-04,6930,7030,6800,6840,32247,-0.011560693641618491
2024-03-05,6840,6910,6660,6760,61147,-0.011695906432748537
2024-03-06,6700,6760,6580,6590,65066,-0.025147928994082802
2024-03-07,6670,6750,6380,6450,87151,-0.02124430955993928
2024-03-08,6530,7400,6530,6650,418473,0.03100775193798455
2024-03-11,6610,6690,6520,6660,59025,0.0015037593984963404
2024-03-12,6660,6720,6550,6560,68237,-0.01501501501501501
2024-03-13,6560,6700,6420,6490,63989,-0.010670731707317027
2024-03-14,6490,7140,6430,6860,331284,0.057010785824345156
2024-03-15,6840,6900,6650,6700,68135,-0.023323615160349864
2024-03-18,6720,6940,6640,6910,81881,0.03134328358208949
2024-03-19,6950,6950,6620,6690,82946,-0.03183791606367581
2024-03-20,6690,6930,6640,6700,58459,0.001494768310911887
2024-03-21,6750,6850,6630,6670,58815,-0.004477611940298498
2024-03-22,6750,6960,6670,6900,85861,0.034482758620689724
2024-03-25,6930,6940,6530,6610,126987,-0.04202898550724643
2024-03-26,6600,6690,6520,6620,47435,0.001512859304084735
2024-03-27,6730,6760,6600,6600,48291,-0.0030211480362537513
2024-03-28,6620,6630,6470,6500,77762,-0.015151515151515138
2024-03-29,6520,6590,6420,6590,59356,0.013846153846153841
2024-04-01,6590,6770,6540,6700,38919,0.01669195751138086
2024-04-02,6680,6800,6510,6520,49869,-0.0268656716417911
2024-04-03,6540,6570,6330,6460,57955,-0.009202453987730008
2024-04-04,6410,6480,6130,6200,97550,-0.04024767801857587
2024-04-05,6100,6180,6100,6130,40667,-0.011290322580645107
2024-04-08,6140,6350,6050,6090,42700,-0.006525285481239762
2024-04-09,6100,6200,6000,6070,29189,-0.003284072249589487
2024-04-11,6010,6090,5830,5940,42077,-0.021416803953871466
2024-04-12,6000,6070,5840,5880,29577,-0.010101010101010055
2024-04-15,5740,5870,5660,5820,47735,-0.010204081632653073
2024-04-16,5780,5780,5560,5570,58481,-0.04295532646048106
2024-04-17,5570,5730,5570,5590,25867,0.0035906642728904536
2024-04-18,5560,5920,5560,5840,36954,0.04472271914132375
2024-04-19,5790,5900,5410,5520,77012,-0.0547945205479452
2024-04-22,5640,6730,5540,6090,1075816,0.1032608695652173
2024-04-23,6100,6450,5990,6060,160438,-0.0049261083743842304
2024-04-24,6120,6220,6020,6210,63485,0.024752475247524774
2024-04-25,6170,6530,6100,6200,110224,-0.0016103059581320522
2024-04-26,6230,6930,6000,6590,632688,0.06290322580645169
2024-04-29,6700,6890,6350,6630,246081,0.006069802731411222
2024-04-30,6650,6950,6540,6820,278278,0.02865761689291091
2024-05-02,6830,6870,6480,6540,123488,-0.04105571847507328
2024-05-03,6550,6800,6460,6460,82688,-0.012232415902140636
2024-05-07,6470,8330,6320,8050,4626078,0.24613003095975228
2024-05-08,8180,8600,7970,8410,4096858,0.044720496894409933
2024-05-09,9440,10840,8730,8900,10831677,0.058263971462544584
2024-05-10,8840,9520,8550,8910,3235221,0.0011235955056179137
2024-05-13,8970,9150,8970,9040,537498,0.014590347923681302
2024-05-14,9200,9640,9040,9640,494372,0.0663716814159292
2024-05-16,9700,10080,9470,9990,760590,0.03630705394190881
2024-05-17,10400,10600,9190,9400,1856288,-0.05905905905905906
2024-05-20,9400,9660,8930,9100,843009,-0.03191489361702127
2024-05-21,9300,10020,9100,9100,1652736,0.0
2024-05-22,9820,11830,9660,11830,12269151,0.30000000000000004
2024-05-23,13100,14600,12500,13260,16807478,0.1208791208791209
2024-05-24,12750,13460,12460,13270,3533601,0.0007541478129713397
2024-05-27,13040,13480,13040,13330,954067,0.0045214770158250595
2024-05-28,13200,13340,13080,13340,569298,0.0007501875468867159
2024-05-29,13570,14130,13380,14120,1115236,0.058470764617691184
2024-05-30,13020,13370,11920,12220,1892685,-0.13456090651558072
2024-05-31,12290,12510,11510,11860,1180217,-0.029459901800327315
2024-06-03,11750,11760,10890,11180,999814,-0.05733558178752107
2024-06-04,11240,11710,10630,11000,1262739,-0.01610017889087656
2024-06-05,10900,10910,9550,9800,1150119,-0.10909090909090913
2024-06-07,9870,9900,9450,9750,507900,-0.005102040816326481
2024-06-10,9650,10080,9500,10050,481431,0.03076923076923066
2024-06-11,10170,10180,9630,9630,323891,-0.04179104477611939
2024-06-12,9800,10590,9330,9460,1098617,-0.017653167185877505
2024-06-13,9670,10390,9600,9990,1232018,0.05602536997885843
2024-06-14,9830,9990,9190,9220,548065,-0.07707707707707712
2024-06-17,9370,9670,9130,9160,338329,-0.006507592190889366
2024-06-18,9160,9330,9060,9190,229850,0.0032751091703056012
2024-06-19,9190,10300,9100,9900,1654780,0.07725788900979325
2024-06-20,10000,12480,9870,11870,17815817,0.19898989898989905
2024-06-21,11630,12850,11110,11830,9501781,-0.0033698399326032025
2024-06-24,11660,12350,11360,11850,2766592,0.0016906170752324368
2024-06-25,11580,12880,11170,12300,7075297,0.03797468354430378
2024-06-26,12400,13390,12110,12520,7038186,0.01788617886178856
2024-06-27,12270,12500,11450,11450,1235853,-0.08546325878594252
2024-06-28,11450,12130,11280,11330,1447832,-0.010480349344978213
2024-07-01,11400,11470,10690,10810,837591,-0.04589585172109445
2024-07-02,10770,10810,9530,9710,1062882,-0.10175763182238673
2024-07-03,9730,9930,9310,9880,548100,0.01750772399588052
2024-07-04,9980,10220,9450,9520,678193,-0.036437246963562764
2024-07-05,9380,10400,9380,9790,928477,0.028361344537815025
2024-07-08,9800,10080,9520,9520,349589,-0.02757916241062308
2024-07-09,9620,9710,9180,9270,357120,-0.02626050420168069
2024-07-10,9270,10380,9270,10150,1779289,0.09492988133764824
2024-07-11,10100,10140,9800,9880,412502,-0.026600985221674867
2024-07-12,9800,10180,9460,9490,433209,-0.03947368421052633
2024-07-15,9510,9710,9310,9430,181994,-0.006322444678609096
2024-07-16,9560,10400,9550,10300,1921382,0.09225874867444328
2024-07-17,11050,11620,10550,10890,4314159,0.05728155339805818
2024-07-18,10700,11390,10010,11230,1820768,0.031221303948576695
2024-07-19,11130,11540,10580,10580,1149126,-0.05788067675868214
2024-07-22,10480,11140,10270,10600,859736,0.001890359168241984
2024-07-23,10600,10930,10330,10380,517440,-0.02075471698113207
2024-07-24,10120,10480,9460,9880,629399,-0.048169556840077066
2024-07-25,10120,10450,9480,9480,714198,-0.04048582995951422
2024-07-26,9460,9740,9300,9400,337268,-0.008438818565400852
2024-07-29,9880,12220,9800,12220,9359158,0.30000000000000004
2024-07-30,12860,13080,12100,12490,5858648,0.02209492635024546
2024-07-31,12240,12400,11470,11780,2755872,-0.05684547638110493
2024-08-01,12140,12680,11700,12330,7354985,0.04668930390492365
2024-08-02,11760,12200,11610,11930,1629889,-0.032441200324412
2024-08-05,11540,12490,9510,10470,4574982,-0.12238055322715846
2024-08-06,10640,11420,10480,10880,1593359,0.03915950334288443
2024-08-07,11580,12640,11430,11850,5668340,0.08915441176470584
2024-08-08,11350,11890,11180,11220,900056,-0.05316455696202527
2024-08-09,11380,12060,11380,11600,1172188,0.033868092691622165
2024-08-12,11800,12330,11680,12020,1929696,0.036206896551724155
2024-08-13,11910,12180,11430,11460,927090,-0.04658901830282858
2024-08-14,11550,12700,11550,12500,5962751,0.09075043630017454
2024-08-16,12250,12830,12200,12430,2232481,-0.005600000000000049
2024-08-19,12430,12650,11870,12090,1263999,-0.027353177795655714
2024-08-20,12680,13780,11770,11770,7778528,-0.026468155500413593
2024-08-21,11740,14000,11450,12500,13972224,0.062022090059473234
2024-08-22,12360,12530,11840,12160,1366908,-0.027200000000000002
2024-08-23,12020,13090,12020,12750,4327184,0.04851973684210531
2024-08-26,13560,14630,12900,13790,12433221,0.08156862745098037
2024-08-27,13990,15750,13430,14730,16809266,0.06816533720087015
2024-08-28,14500,14900,13790,14480,3508114,-0.0169721656483367
2024-08-29,14120,15230,13340,13340,4157595,-0.0787292817679558
2024-08-30,13600,14800,13250,14500,6858317,0.08695652173913038
2024-09-02,14220,14540,14010,14050,1373410,-0.03103448275862064
2024-09-03,14150,14880,13620,13790,3162894,-0.0185053380782918
2024-09-04,13240,14260,13120,14240,1794271,0.03263234227701228
2024-09-05,14210,14530,12930,12930,1949252,-0.0919943820224719
2024-09-06,12710,12830,11570,11660,1340275,-0.0982211910286156
2024-09-09,12000,12600,11770,12180,1929162,0.04459691252144071
2024-09-10,12110,12310,11720,11990,641694,-0.015599343185550119
2024-09-11,11920,12280,11700,12070,862850,0.006672226855713115
2024-09-12,12230,12620,12200,12520,820373,0.03728251864125931
2024-09-13,12580,13490,12470,12870,1956545,0.027955271565495154
2024-09-19,12880,13650,12690,13150,966244,0.02175602175602176
2024-09-20,13300,13600,13140,13430,1172445,0.021292775665399333
2024-09-23,13480,13520,12930,13130,429805,-0.022338049143708072
2024-09-24,13230,13600,12870,12980,741635,-0.011424219345011477
2024-09-25,13370,13490,11800,11800,1322136,-0.09090909090909094
2024-09-26,11790,12090,11750,12040,366443,0.02033898305084736
2024-09-27,12080,12170,11600,11610,308850,-0.0357142857142857
2024-09-30,11450,11540,11000,11160,388617,-0.03875968992248058
2024-10-02,10880,10990,10510,10540,357156,-0.05555555555555558
2024-10-04,10400,10930,10400,10750,239494,0.019924098671726842
2024-10-07,10850,11100,10610,10920,179437,0.015813953488372112
2024-10-08,10870,11950,10760,11050,1389680,0.011904761904761862
2024-10-10,11130,11370,10900,11220,253357,0.01538461538461533
2024-10-11,11170,11370,10840,10900,203153,-0.028520499108734443
2024-10-14,10770,10780,10320,10410,246695,-0.04495412844036695
2024-10-15,10400,10580,10140,10300,179040,-0.01056676272814605
2024-10-16,10420,10800,9730,9780,494655,-0.05048543689320384
2024-10-17,9710,9940,9500,9810,259890,0.0030674846625766694
2024-10-18,9710,9810,9450,9610,156737,-0.020387359836901098
2024-10-21,9940,10070,9550,9550,218474,-0.00624349635796051
2024-10-22,9410,9610,9160,9300,179787,-0.02617801047120416
2024-10-23,9230,9380,9050,9190,148421,-0.011827956989247324
2024-10-24,9020,9230,8800,8810,215182,-0.041349292709466856
2024-10-25,8710,8930,8620,8720,164292,-0.010215664018161208
2024-10-28,8610,8840,8530,8800,111842,0.00917431192660545
2024-10-29,8800,8930,8520,8930,122726,0.014772727272727382
2024-10-30,8930,8950,8570,8610,101359,-0.035834266517357216
2024-10-31,8520,8600,8350,8450,126211,-0.018583042973286834
2024-11-01,8250,8480,8240,8310,126817,-0.016568047337278125
2024-11-04,8710,9560,8530,9180,1077937,0.10469314079422376
2024-11-05,9470,9480,9070,9130,280894,-0.005446623093681935
2024-11-06,9240,9320,9010,9140,189062,0.0010952902519167917
2024-11-07,9300,9800,9060,9500,764760,0.03938730853391692
2024-11-08,9470,9700,9360,9370,287423,-0.013684210526315743
2024-11-11,9500,9500,8780,8820,301188,-0.05869797225186768
2024-11-12,8780,8870,8370,8490,315636,-0.0374149659863946
2024-11-13,8300,8510,8060,8080,187479,-0.04829210836277975
2024-11-14,8060,8270,7610,7620,188278,-0.05693069306930698
2024-11-15,7490,7730,7340,7720,213592,0.013123359580052396
2024-11-18,8500,9740,8140,9350,3483379,0.21113989637305708
2024-11-19,9400,9880,9280,9480,930905,0.013903743315508033
2024-11-20,9650,9800,9300,9440,386844,-0.00421940928270037
2024-11-21,9360,9640,9010,9010,489665,-0.045550847457627164
2024-11-22,9220,9650,9010,9360,483596,0.0388457269700333
2024-11-25,9480,10000,9480,9780,845196,0.044871794871794934
2024-11-26,9860,10570,9740,10350,1541310,0.05828220858895716
2024-11-27,10600,10650,9620,9710,914477,-0.061835748792270495
2024-11-28,9890,9890,9250,9350,341505,-0.037075180226570525
2024-11-29,9350,9410,9120,9120,185175,-0.024598930481283476
2024-12-02,8900,8900,7850,7960,645529,-0.1271929824561403
2024-12-03,7800,8160,7800,8110,267850,0.018844221105527748
2024-12-04,7700,7760,6730,6780,915708,-0.16399506781750928
2024-12-05,7030,7200,6740,6780,397447,0.0
2024-12-06,6740,7000,6170,6430,382107,-0.05162241887905605
2024-12-09,6440,6600,5800,5810,294926,-0.0964230171073095
2024-12-10,5810,6380,5810,6340,244794,0.09122203098106718
2024-12-11,6260,6550,6210,6430,181421,0.014195583596214423
2024-12-12,6460,6640,6350,6640,169335,0.03265940902021769
2024-12-13,6690,6690,6450,6570,110340,-0.010542168674698815
2024-12-16,6660,6880,6650,6830,214076,0.03957382039573831
2024-12-17,6870,6870,6650,6720,125695,-0.016105417276720324
2024-12-18,6650,6750,6550,6730,106567,0.0014880952380953438
2024-12-19,6550,6660,6410,6530,79777,-0.029717682020802383
2024-12-20,6520,6650,6290,6390,126380,-0.02143950995405819
2024-12-23,6400,6500,6360,6490,90000,0.015649452269170583
2024-12-24,6450,6470,6250,6320,88466,-0.026194144838212585
2024-12-26,6270,6310,6110,6200,126106,-0.01898734177215189
2024-12-27,6060,6190,5950,6110,91871,-0.014516129032258074
2024-12-30,6000,6200,5950,6180,49406,0.011456628477905184
2025-01-02,6090,6240,6070,6220,55723,0.006472491909385036
2025-01-03,6170,6500,6160,6490,112081,0.04340836012861726
2025-01-06,6580,6800,6490,6790,168212,0.046224961479198745
2025-01-07,6840,6840,6640,6660,101254,-0.019145802650957333
2025-01-08,6630,6820,6600,6710,105531,0.007507507507507505
2025-01-09,6710,6810,6530,6810,65626,0.014903129657227954
2025-01-10,6900,6920,6660,6740,79562,-0.01027900146842875
2025-01-13,6680,6810,6620,6640,67242,-0.014836795252225476
2025-01-14,6680,7260,6680,6830,691646,0.028614457831325213
2025-01-15,6970,6970,6600,6620,131013,-0.030746705710102518
2025-01-16,6700,6850,6670,6750,99054,0.01963746223564944
2025-01-17,6810,6990,6690,6880,173104,0.01925925925925931
2025-01-20,6970,8850,6930,8470,5956463,0.23110465116279078
2025-01-21,8700,9690,8140,8360,5123252,-0.012987012987012991
2025-01-22,8370,8630,8280,8520,943819,0.019138755980861344
2025-01-23,8440,8480,8080,8100,501422,-0.04929577464788737
2025-01-24,8130,8280,7850,8100,307798,0.0
2025-01-31,7880,7970,7780,7810,217458,-0.03580246913580243
2025-02-03,8730,8980,7950,8010,2953489,0.025608194622279035
2025-02-04,7810,8120,7810,7880,324126,-0.01622971285892638
2025-02-05,7900,8090,7820,7830,195654,-0.006345177664974666
2025-02-06,7850,8090,7650,7870,279324,0.005108556832694733
2025-02-07,6750,7090,6730,6730,714617,-0.14485387547649298
2025-02-10,6800,6800,6520,6660,163037,-0.010401188707280795
2025-02-11,6600,8390,6600,7690,7176063,0.15465465465465456
2025-02-12,7690,7800,7400,7450,408370,-0.031209362808842678
2025-02-13,7360,7530,7320,7320,192055,-0.01744966442953022
2025-02-14,7300,7380,7160,7210,140442,-0.015027322404371546
2025-02-17,7300,7380,7110,7290,95184,0.01109570041608876
2025-02-18,7260,7270,7070,7270,134957,-0.002743484224965731
2025-02-19,7320,7630,7280,7420,312125,0.02063273727647874
2025-02-20,7440,7560,7240,7240,135164,-0.02425876010781669
2025-02-21,7540,7690,7360,7400,296427,0.022099447513812098
2025-02-24,7210,7490,7170,7410,120016,0.0013513513513514486
2025-02-25,7370,7450,7260,7280,96354,-0.01754385964912286
2025-02-26,7440,7650,7370,7470,169136,0.026098901098901006
2025-02-27,7470,7550,6900,7180,127129,-0.038821954484605126
2025-02-28,6980,7120,6950,6950,91312,-0.03203342618384397
2025-03-04,6930,7140,6710,7130,89662,0.025899280575539585
2025-03-05,7200,8690,7200,8520,4669426,0.1949509116409538
2025-03-06,8440,8520,7840,7940,936345,-0.068075117370892
2025-03-07,8020,8490,7800,8230,1067641,0.03652392947103267
2025-03-10,8160,8180,7870,8140,314559,-0.010935601458080146
2025-03-11,7760,8310,7760,8000,316841,-0.017199017199017175
2025-03-12,8000,8050,7860,7860,174753,-0.01749999999999996
2025-03-13,7870,8150,7750,7750,249356,-0.013994910941475869
2025-03-14,7830,8190,7830,7950,262932,0.02580645161290329
2025-03-17,7950,8050,7850,7970,150862,0.002515723270440251
2025-03-18,7950,8150,7910,8080,297510,0.013801756587201952
2025-03-19,8080,8110,7780,7860,203120,-0.027227722772277252
2025-03-20,7940,7990,7620,7790,192314,-0.008905852417302795
2025-03-21,7750,7980,7370,7940,274659,0.019255455712451797
2025-03-24,8010,8150,7680,7780,176605,-0.02015113350125941
2025-03-25,7800,7830,7380,7590,194851,-0.024421593830334154
2025-03-26,7510,7550,7300,7300,136184,-0.03820816864295129
2025-03-27,7390,7390,7040,7090,146883,-0.02876712328767128
2025-03-28,7060,7060,6760,6950,181236,-0.019746121297602226
2025-03-31,6600,6840,6510,6510,88284,-0.06330935251798564
2025-04-01,6580,6770,6510,6600,69979,0.01382488479262678
2025-04-02,6600,6670,6420,6420,50549,-0.027272727272727226
2025-04-03,6300,6510,6260,6460,41462,0.006230529595015577
2025-04-04,6300,6530,6080,6450,147284,-0.001547987616099089
2025-04-07,6200,6450,5910,6400,146477,-0.007751937984496138
2025-04-08,6430,6430,6120,6190,89230,-0.03281250000000002
2025-04-09,6700,7170,6430,6600,905793,0.06623586429725359
2025-04-10,6840,6890,6450,6800,202971,0.030303030303030276
2025-04-11,6820,7100,6720,6990,205007,0.027941176470588136
2025-04-14,7030,7030,6850,7010,126122,0.0028612303290413976
2025-04-15,7270,7310,7040,7070,193425,0.008559201141226769
2025-04-16,7100,7110,6880,6910,90050,-0.022630834512022635
2025-04-17,6850,6960,6810,6920,67057,0.0014471780028944004
2025-04-18,6860,6940,6770,6920,60604,0.0
2025-04-21,6950,7030,6770,6780,57293,-0.020231213872832332
2025-04-22,6710,6870,6610,6860,38536,0.01179941002949847
2025-04-23,6910,7270,6870,7180,232377,0.04664723032069973
2025-04-24,7300,7300,7050,7240,77005,0.008356545961002881
2025-04-25,7240,7240,6690,6950,111948,-0.04005524861878451
2025-04-28,7000,7020,6740,6830,65538,-0.01726618705035976
2025-04-29,6800,6880,6710,6740,47254,-0.013177159590043952
2025-04-30,6800,6860,6650,6690,37972,-0.007418397626112738
2025-05-02,6700,6770,6600,6650,37656,-0.005979073243647215
2025-05-07,6560,6690,6410,6670,35262,0.003007518796992459
2025-05-08,6650,6740,6640,6740,14664,0.010494752623688264
2025-05-09,6780,6810,6610,6690,57292,-0.007418397626112738
2025-05-12,6760,6790,6670,6750,23224,0.008968609865470878
2025-05-13,6790,6850,6730,6780,30836,0.004444444444444473
2025-05-14,6800,7000,6750,6920,61957,0.020648967551622377
2025-05-15,6970,6970,6770,6780,22993,-0.020231213872832332
2025-05-16,6820,6850,6640,6710,33845,-0.010324483775811188
2025-05-19,6880,7000,6790,6890,121919,0.02682563338301036
2025-05-20,6980,7040,6890,6960,46390,0.010159651669085612
2025-05-21,7030,7230,7000,7220,118449,0.03735632183908044
2025-05-22,7150,7230,7010,7010,54046,-0.02908587257617734
2025-05-23,7060,7390,6910,7310,145536,0.042796005706134066
2025-05-26,7370,7380,7240,7320,76246,0.001367989056087593
2025-05-27,7350,7350,7150,7240,52870,-0.010928961748633892
2025-05-28,7280,7300,7040,7120,41436,-0.016574585635359074
2025-05-29,7120,7190,7020,7110,60948,-0.001404494382022503
2025-05-30,7110,7120,6980,7030,34904,-0.011251758087201136
2025-06-02,7090,7140,6990,7050,36264,0.002844950213371167
2025-06-04,7200,7410,7100,7410,83706,0.051063829787234116
2025-06-05,7430,7470,7270,7400,46278,-0.0013495276653171517
2025-06-09,7460,7660,7440,7500,83830,0.013513513513513598
2025-06-10,7520,7720,7380,7490,78173,-0.0013333333333332975
2025-06-11,7650,7670,7390,7450,62452,-0.005340453938584733
2025-06-12,7550,7670,7450,7550,79724,0.01342281879194629
2025-06-13,7560,7630,7330,7400,84721,-0.019867549668874163
2025-06-16,7400,7600,7370,7490,70047,0.012162162162162149
2025-06-17,7490,7530,7160,7220,91088,-0.03604806408544725
2025-06-18,7150,7270,7100,7170,33619,-0.006925207756232732
2025-06-19,7190,7210,6700,7070,57556,-0.013947001394700176
2025-06-20,7290,7430,7100,7240,73683,0.0240452616690241
2025-06-23,7250,7250,6930,6990,65617,-0.03453038674033149
2025-06-24,7120,7120,7010,7100,60575,0.01573676680972813
2025-06-25,7120,7300,7110,7150,61502,0.007042253521126751
2025-06-26,7190,7220,6860,6930,57087,-0.03076923076923077
2025-06-27,6930,7110,6830,6860,33219,-0.010101010101010055
2025-06-30,6880,7020,6840,6960,46657,0.014577259475218707
2025-07-01,7000,7030,6900,6910,33857,-0.007183908045977017
2025-07-02,6910,6970,6720,6800,32272,-0.01591895803183796
2025-07-03,6800,6980,6710,6980,39791,0.026470588235294024
2025-07-04,6980,7090,6840,6890,33349,-0.012893982808022897
2025-07-07,6880,6930,6690,6710,26323,-0.026124818577648812
2025-07-08,6710,7020,6650,6870,91677,0.023845007451564815
2025-07-09,6870,6900,6730,6800,21709,-0.010189228529839833
2025-07-10,7030,7070,6780,6820,64894,0.002941176470588225
2025-07-11,6900,6930,6800,6860,17724,0.0058651026392961825
2025-07-14,6820,6860,6660,6720,34635,-0.020408163265306145
2025-07-15,6760,6770,6600,6640,35258,-0.011904761904761862
2025-07-16,6600,6750,6550,6700,37241,0.009036144578313143
2025-07-17,6680,6720,6610,6650,19483,-0.007462686567164201
2025-07-18,6680,6700,6620,6670,18122,0.003007518796992459
2025-07-21,6680,6810,6680,6800,19489,0.019490254872563728
2025-07-22,6630,6800,6630,6660,45236,-0.020588235294117685
2025-07-23,6570,6880,6570,6770,61881,0.016516516516516422
2025-07-24,6810,6950,6760,6860,50336,0.013293943870014813
2025-07-25,8000,8440,7200,7250,1838110,0.05685131195335269
2025-07-28,7270,7370,7070,7360,214148,0.015172413793103523
2025-07-29,7800,7900,7530,7600,409506,0.032608695652173836
2025-07-30,7480,7570,7410,7430,140697,-0.022368421052631593
2025-07-31,7540,7550,7160,7250,176078,-0.024226110363391617
2025-08-01,7220,7250,6840,6840,134353,-0.05655172413793108
2025-08-04,6870,7010,6640,6930,36881,0.013157894736842035
2025-08-05,7010,7340,7010,7340,78822,0.059163059163059195
2025-08-06,7210,7350,7170,7250,46552,-0.012261580381471404
2025-08-07,7300,7300,7160,7240,55039,-0.0013793103448276334
2025-08-08,7210,7370,7150,7250,50258,0.0013812154696133394
2025-08-11,7260,7380,7210,7350,44367,0.01379310344827589
2025-08-12,7300,7640,7280,7400,129814,0.006802721088435382
2025-08-13,7470,7480,7330,7430,46849,0.004054054054054124
2025-08-14,7470,7540,7340,7490,65367,0.008075370121130465
2025-08-18,7510,7510,7310,7350,41048,-0.01869158878504673
2025-08-19,7390,7470,7170,7220,56873,-0.017687074829931926
2025-08-20,7070,7140,6910,7070,49639,-0.020775623268698085
2025-08-21,7070,7190,7000,7010,18347,-0.008486562942008447
2025-08-22,7120,7290,7090,7120,35344,0.015691868758915817
2025-08-25,7240,7270,7140,7200,20920,0.011235955056179803
2025-08-26,7250,7480,7070,7070,88849,-0.018055555555555602
2025-08-27,7250,7500,7190,7220,123509,0.021216407355021172
2025-08-28,7220,7400,7190,7300,71138,0.011080332409972193
2025-08-29,7330,7970,7330,7720,573221,0.05753424657534256
2025-09-01,8110,8170,7800,7890,436417,0.022020725388601115
2025-09-02,7890,8590,7780,7820,1406812,-0.008871989860583018
2025-09-03,8100,8100,7800,7830,145891,0.0012787723785165905
2025-09-04,7850,8430,7770,8250,632278,0.05363984674329503
2025-09-05,8250,8250,8010,8010,183926,-0.029090909090909056
2025-09-08,7950,8240,7850,8170,176211,0.019975031210986316
2025-09-09,8730,9600,8460,8620,3195297,0.055079559363525155
2025-09-10,8910,8990,8720,8830,473753,0.024361948955916368
2025-09-11,10330,11470,10090,11470,6135807,0.29898074745186864
2025-09-12,12450,12540,11260,11520,2279915,0.0043591979075849885
2025-09-15,11120,11760,10990,11560,1082072,0.003472222222222321
2025-09-16,12100,12400,11150,11410,1153779,-0.012975778546712835
2025-09-17,11930,12175,11510,11630,775046,0.019281332164767795
2025-09-18,11870,11880,11370,11740,425703,0.009458297506448776
2025-09-19,11600,11610,11090,11170,400302,-0.048551959114139676
2025-09-22,11130,11320,10510,10520,653416,-0.058191584601611446
2025-09-23,10440,12080,10360,11390,4607509,0.08269961977186302
2025-09-24,11140,11680,10670,11340,833113,-0.004389815627743654
2025-09-25,11370,11930,11090,11110,990562,-0.020282186948853642
2025-09-26,11000,11640,10400,10500,607178,-0.054905490549054914
2025-09-29,10500,10890,10180,10660,232180,0.015238095238095273
2025-09-30,10450,11320,10400,10970,542985,0.02908067542213888
2025-10-01,11510,12080,10960,10960,3146911,-0.0009115770282588365
2025-10-02,11600,11810,11210,11400,629826,0.04014598540145986
2025-10-10,11500,11660,11070,11380,497228,-0.0017543859649122862
2025-10-13,10900,11640,10600,10600,545518,-0.06854130052724072
2025-10-14,11400,12240,10800,11140,2662034,0.050943396226415194
2025-10-15,11280,11810,10920,11710,666689,0.0511669658886893
2025-10-16,11850,11950,11450,11480,625969,-0.01964133219470543
2025-10-17,11300,11540,10930,10970,378172,-0.04442508710801396
2025-10-20,10980,11140,10720,10810,304800,-0.01458523245214216
2025-10-21,10710,11490,10710,11130,525936,0.029602220166512483
2025-10-22,11130,11130,10500,10760,345848,-0.03324348607367478
2025-10-23,10620,11440,10450,10970,510026,0.01951672862453524
2025-10-24,11010,11260,10690,11130,361250,0.014585232452142272
2025-10-27,11290,12350,11250,11410,1278822,0.02515723270440251
2025-10-28,11430,12300,10950,12100,1935313,0.060473269062226054
2025-10-29,12300,12300,11210,11270,972947,-0.06859504132231409
2025-10-30,11550,12210,10720,10750,992017,-0.0461401952085182
2025-10-31,10720,11130,10640,10820,330316,0.006511627906976791
2025-11-03,10830,10980,10500,10510,292548,-0.02865064695009245
2025-11-04,10740,11000,10030,10110,440947,-0.038058991436726974
2025-11-05,9890,9890,9280,9610,336548,-0.04945598417408503
2025-11-06,9800,9920,9290,9360,221022,-0.026014568158168605
2025-11-07,9190,9400,8880,9040,200003,-0.03418803418803418
2025-11-10,9040,9210,8910,9100,115431,0.006637168141592875
2025-11-11,9100,9430,9100,9340,164778,0.02637362637362628
2025-11-12,9290,9440,9200,9340,76548,0.0
2025-11-13,9400,9530,9190,9440,114457,0.010706638115631772
2025-11-14,9290,9560,9140,9200,109453,-0.025423728813559365
2025-11-17,9350,9350,8980,9230,91338,0.003260869565217428
2025-11-18,9090,9770,8980,8990,210125,-0.026002166847237218
2025-11-19,9070,9220,8610,8770,124253,-0.024471635150166815
2025-11-20,8950,9150,8885,8900,83840,0.014823261117445918
2025-11-21,8610,8710,8460,8520,106075,-0.04269662921348316
2025-11-24,8530,8680,8380,8450,71308,-0.008215962441314506
2025-11-25,8510,8760,8470,8550,51689,0.01183431952662728
2025-11-26,8670,8960,8550,8950,43873,0.04678362573099415
2025-11-27,9120,9120,8740,8800,65880,-0.016759776536312887
2025-11-28,8800,9060,8800,8930,67370,0.014772727272727382
2025-12-01,8940,9100,8810,8830,65912,-0.011198208286674172
2025-12-02,8770,9020,8770,8930,60853,0.011325028312570762
2025-12-03,8960,9150,8890,9070,103464,0.015677491601343796
2025-12-04,9030,9170,8750,8900,71864,-0.018743109151047377
