Date,Open,High,Low,Close,Volume,Change
2022-01-03,2074,2093,2056,2075,80150,0.009241245136186738
2022-01-04,2116,2116,2065,2089,108197,0.006746987951807171
2022-01-05,2097,2116,2042,2047,91060,-0.020105313547151726
2022-01-06,2028,2065,1982,1983,304448,-0.03126526624328285
2022-01-07,1991,2024,1982,1997,80088,0.007060010085728763
2022-01-10,2001,2014,1959,1997,127948,0.0
2022-01-11,1991,1996,1922,1997,135023,0.0
2022-01-12,1996,2194,1978,2089,645699,0.04606910365548322
2022-01-13,2106,2364,2051,2167,3192802,0.03733843944471049
2022-01-14,2166,2378,2162,2323,3105984,0.07198892478080299
2022-01-17,2295,2313,2166,2236,654869,-0.03745157124408094
2022-01-18,2235,2511,2129,2199,2504772,-0.016547406082289773
2022-01-19,2189,2203,2088,2194,295183,-0.002273760800363789
2022-01-20,2203,2254,2143,2254,523056,0.027347310847766648
2022-01-21,2286,2336,2152,2162,580652,-0.04081632653061229
2022-01-24,2143,2148,2042,2052,249250,-0.050878815911193365
2022-01-25,2051,2074,1932,1978,244110,-0.03606237816764135
2022-01-26,1941,2014,1941,1969,152264,-0.0045500505561172355
2022-01-27,2010,2010,1835,1863,279566,-0.05383443372270191
2022-01-28,1844,1922,1761,1918,234263,0.029522275899087402
2022-02-03,1932,2001,1932,1974,92600,0.029197080291970767
2022-02-04,1973,2014,1932,2006,84745,0.016210739614994862
2022-02-07,2005,2037,1955,2020,95097,0.006979062811565351
2022-02-08,2019,2037,1968,1992,102440,-0.013861386138613874
2022-02-09,2010,2010,1964,1983,81358,-0.004518072289156572
2022-02-10,1987,2014,1941,1951,86482,-0.01613716591023706
2022-02-11,1941,1955,1886,1955,119656,0.002050230650948226
2022-02-14,1913,1913,1830,1845,107868,-0.05626598465473143
2022-02-15,1830,1849,1775,1799,104701,-0.024932249322493272
2022-02-16,1807,1863,1807,1859,129224,0.03335186214563657
2022-02-17,1876,1876,1807,1831,84496,-0.015061861215707406
2022-02-18,1807,1858,1784,1845,88150,0.007646095030038325
2022-02-21,1826,1844,1784,1836,62373,-0.004878048780487809
2022-02-22,1830,1844,1784,1799,82225,-0.02015250544662306
2022-02-23,1784,1812,1775,1808,61939,0.005002779321845452
2022-02-24,1807,1812,1702,1711,121876,-0.05365044247787609
2022-02-25,1706,1775,1706,1744,107918,0.019286966686148377
2022-02-28,1743,1780,1725,1767,81668,0.013188073394495348
2022-03-02,1775,1830,1766,1822,60575,0.03112620260328236
2022-03-03,1840,1858,1821,1840,60589,0.009879253567508295
2022-03-04,1830,1853,1798,1813,39405,-0.014673913043478315
2022-03-07,1812,1830,1748,1748,67583,-0.03585217870932156
2022-03-08,1720,1761,1706,1716,57336,-0.01830663615560646
2022-03-10,1720,1761,1688,1707,67321,-0.005244755244755206
2022-03-11,1729,1738,1692,1730,33942,0.013473930872876405
2022-03-14,1729,1729,1646,1670,101563,-0.034682080924855474
2022-03-15,1651,1683,1642,1661,27351,-0.005389221556886259
2022-03-16,1679,1729,1614,1707,107037,0.02769416014449133
2022-03-17,1729,1766,1720,1753,55056,0.02694786174575281
2022-03-18,1757,1784,1729,1757,56665,0.0022818026240729594
2022-03-21,1766,1780,1748,1771,60323,0.007968127490039834
2022-03-22,1771,1876,1752,1845,239691,0.04178430265386779
2022-03-23,1849,1867,1807,1840,72767,-0.0027100271002710175
2022-03-24,1840,1849,1794,1817,79835,-0.012499999999999956
2022-03-25,1821,1840,1807,1813,30932,-0.0022014309301046087
2022-03-28,1812,1835,1757,1803,28511,-0.00551571980143406
2022-03-29,1807,1830,1757,1790,50401,-0.007210205213532994
2022-03-30,1798,1840,1794,1836,87246,0.025698324022346286
2022-03-31,1840,1867,1821,1859,62075,0.012527233115468439
2022-04-01,1826,1849,1826,1840,47041,-0.010220548682087105
2022-04-04,1840,1876,1812,1854,44692,0.007608695652173925
2022-04-05,1858,1876,1835,1868,46686,0.007551240560949246
2022-04-06,1895,1895,1840,1859,43614,-0.004817987152034298
2022-04-07,1840,1858,1789,1799,66914,-0.03227541689080149
2022-04-08,1798,1817,1784,1803,34847,0.0022234574763757564
2022-04-11,1803,1840,1803,1813,46268,0.005546311702717688
2022-04-12,1830,1890,1807,1859,179670,0.025372311086596877
2022-04-13,1858,1876,1748,1840,87139,-0.010220548682087105
2022-04-14,1840,1872,1826,1831,44812,-0.004891304347826142
2022-04-15,1858,1858,1798,1845,60995,0.007646095030038325
2022-04-18,1830,1904,1830,1872,89003,0.014634146341463428
2022-04-19,1849,1867,1840,1854,60857,-0.009615384615384581
2022-04-20,1867,1876,1840,1872,71574,0.009708737864077666
2022-04-21,1872,1895,1849,1886,98935,0.007478632478632452
2022-04-22,1886,1895,1858,1891,78688,0.002651113467656341
2022-04-25,1936,2065,1899,1987,1311143,0.05076679005817031
2022-04-26,1987,2106,1955,2093,627570,0.05334675390035226
2022-04-27,2065,2139,2001,2112,454218,0.00907787864309606
2022-04-28,2070,2111,2005,2043,351871,-0.032670454545454586
2022-04-29,2088,2106,1996,2079,144865,0.017621145374449254
2022-05-02,2070,2079,2028,2047,88400,-0.015392015392015401
2022-05-03,2051,2060,2019,2024,71968,-0.011235955056179803
2022-05-04,2042,2180,2037,2116,424578,0.045454545454545414
2022-05-06,2106,2111,2028,2052,112733,-0.03024574669187141
2022-05-09,2051,2051,1978,1997,143267,-0.02680311890838205
2022-05-10,1982,1987,1890,1987,140187,-0.005007511266900355
2022-05-11,1955,2005,1945,1987,48263,0.0
2022-05-12,1978,2116,1913,2015,270756,0.014091595369904342
2022-05-13,2014,2088,2014,2075,96797,0.02977667493796532
2022-05-16,2106,2106,1968,2006,92592,-0.033253012048192754
2022-05-17,2005,2143,1982,2093,364795,0.04336989032901295
2022-05-18,2097,2097,2001,2038,157995,-0.026278069756330624
2022-05-19,1978,2065,1964,2043,90251,0.002453385672227748
2022-05-20,2042,2074,2014,2033,76077,-0.004894762604013669
2022-05-23,2056,2056,1978,2043,54203,0.004918839153959631
2022-05-24,2047,2047,1978,1978,56938,-0.03181595692608907
2022-05-25,1978,1982,1945,1960,42915,-0.009100101112234582
2022-05-26,1959,1978,1918,1918,55559,-0.021428571428571463
2022-05-27,1918,1978,1913,1960,37564,0.021897810218978186
2022-05-30,1959,2014,1918,2001,53455,0.02091836734693886
2022-05-31,1982,2019,1968,1997,21456,-0.001999000499750103
2022-06-02,1996,2024,1968,1997,21686,0.0
2022-06-03,1996,2166,1982,2006,599487,0.004506760140210231
2022-06-07,2024,2024,1941,1941,140706,-0.032402791625124605
2022-06-08,1936,1987,1918,1946,64065,0.0025759917568264346
2022-06-09,1945,1950,1840,1882,168234,-0.03288797533401855
2022-06-10,1881,1895,1835,1845,66174,-0.01965993623804463
2022-06-13,1830,1863,1757,1757,85897,-0.04769647696476964
2022-06-14,1757,1826,1702,1780,111910,0.013090495162208393
2022-06-15,1748,1876,1748,1822,119304,0.02359550561797752
2022-06-16,1835,1904,1821,1826,84912,0.002195389681668436
2022-06-17,1826,1840,1766,1822,55601,-0.0021905805038334725
2022-06-20,1840,1844,1674,1716,120924,-0.05817782656421511
2022-06-21,1734,1757,1697,1716,43081,0.0
2022-06-22,1725,1775,1628,1665,94544,-0.029720279720279685
2022-06-23,1665,1665,1550,1550,82554,-0.06906906906906907
2022-06-24,1568,1637,1568,1633,36281,0.05354838709677412
2022-06-27,1633,1688,1619,1665,58785,0.019595835884874457
2022-06-28,1674,1697,1642,1665,45478,0.0
2022-06-29,1628,1669,1610,1642,37418,-0.013813813813813858
2022-06-30,1642,1642,1591,1606,20896,-0.02192448233861144
2022-07-01,1605,1619,1504,1546,93730,-0.03735990037359904
2022-07-04,1541,1541,1462,1527,83140,-0.012289780077619716
2022-07-05,1513,1564,1472,1560,47377,0.0216110019646365
2022-07-06,1559,1605,1508,1555,22281,-0.0032051282051281937
2022-07-07,1554,2019,1550,1702,6117221,0.09453376205787789
2022-07-08,1683,1688,1623,1652,489375,-0.029377203290246734
2022-07-11,1646,1660,1633,1652,186868,0.0
2022-07-12,1637,1646,1527,1527,328041,-0.0756658595641646
2022-07-13,1527,1559,1518,1523,111690,-0.0026195153896528822
2022-07-14,1541,1619,1522,1546,169462,0.015101772816809023
2022-07-15,1527,1559,1518,1518,95568,-0.018111254851228997
2022-07-18,1518,1610,1518,1541,102611,0.015151515151515138
2022-07-19,1568,1596,1550,1592,122727,0.0330953926022064
2022-07-20,1600,1619,1577,1587,103298,-0.003140703517587995
2022-07-21,1587,1610,1550,1583,101782,-0.002520478890989275
2022-07-22,1582,1628,1559,1569,134649,-0.008843967150979126
2022-07-25,1610,1646,1568,1606,119554,0.02358189929891652
2022-07-26,1605,1605,1568,1587,38659,-0.011830635118306398
2022-07-27,1596,1596,1568,1596,36138,0.005671077504725952
2022-07-28,1610,1610,1582,1592,52503,-0.0025062656641604564
2022-07-29,1605,1674,1587,1601,268299,0.005653266331658191
2022-08-01,1610,1651,1591,1601,165388,0.0
2022-08-02,1610,1978,1577,1688,4599903,0.05434103685196745
2022-08-03,1669,1821,1665,1739,1465437,0.030213270142180004
2022-08-04,1757,1761,1725,1744,162779,0.002875215641173101
2022-08-05,1725,1761,1706,1725,185041,-0.01089449541284404
2022-08-08,1784,1784,1711,1739,142963,0.008115942028985579
2022-08-09,1720,1734,1674,1711,111998,-0.016101207590569322
2022-08-10,1688,1734,1674,1693,99856,-0.010520163646990044
2022-08-11,1697,1725,1692,1716,87726,0.013585351447135352
2022-08-12,1715,1738,1688,1716,96039,0.0
2022-08-16,1706,1752,1702,1753,124664,0.021561771561771526
2022-08-17,1771,1771,1692,1739,161182,-0.00798630918425558
2022-08-18,1738,1748,1692,1748,131737,0.005175388154111449
2022-08-19,1748,1849,1725,1753,205845,0.0028604118993134087
2022-08-22,1748,1748,1702,1721,92190,-0.01825442099258412
2022-08-23,1720,1720,1665,1675,70173,-0.026728646135967482
2022-08-24,1674,1725,1637,1725,87216,0.029850746268656803
2022-08-25,1738,1743,1711,1716,79181,-0.00521739130434784
2022-08-26,1729,1761,1715,1730,97776,0.008158508158508049
2022-08-29,1729,1729,1619,1619,131279,-0.06416184971098271
2022-08-30,1619,1651,1600,1652,73871,0.020382952439777613
2022-08-31,1656,1688,1623,1652,92131,0.0
2022-09-01,1665,1683,1582,1583,70688,-0.041767554479418934
2022-09-02,1582,1637,1582,1587,80935,0.0025268477574225123
2022-09-05,1591,1651,1573,1642,73366,0.03465658475110267
2022-09-06,1642,1803,1614,1716,671273,0.045066991473812434
2022-09-07,1743,1794,1697,1721,290585,0.002913752913752843
2022-09-08,1720,1766,1665,1711,150280,-0.005810575246949501
2022-09-13,1729,1826,1711,1767,326841,0.03272939801285801
2022-09-14,1748,1748,1665,1711,158940,-0.03169213355970568
2022-09-15,1711,1849,1711,1817,553443,0.061952074810052604
2022-09-16,1817,1982,1784,1918,763445,0.055586130985140425
2022-09-19,1968,2171,1738,1822,2864080,-0.05005213764337857
2022-09-20,1821,1872,1794,1845,309816,0.012623490669593895
2022-09-21,1840,1881,1803,1872,179895,0.014634146341463428
2022-09-22,1812,1853,1771,1822,138829,-0.026709401709401726
2022-09-23,1807,1812,1729,1785,167103,-0.020307354555433643
2022-09-26,1757,1761,1679,1707,114406,-0.043697478991596594
2022-09-27,1688,1729,1656,1716,131684,0.005272407732864748
2022-09-28,1715,1757,1623,1656,155222,-0.034965034965035
2022-09-29,1669,1729,1651,1652,94619,-0.0024154589371980784
2022-09-30,1628,1702,1600,1665,74035,0.007869249394673039
2022-10-04,1665,1715,1665,1702,81404,0.022222222222222143
2022-10-05,1702,1752,1633,1684,110798,-0.010575793184488869
2022-10-06,1669,1784,1665,1725,134117,0.02434679334916856
2022-10-07,1725,1757,1702,1748,61374,0.01333333333333342
2022-10-11,1729,1835,1646,1647,327999,-0.057780320366132676
2022-10-12,1637,1702,1605,1638,126027,-0.005464480874316946
2022-10-13,1628,1628,1518,1546,120277,-0.05616605616605619
2022-10-14,1545,1642,1545,1596,297396,0.03234152652005173
2022-10-17,1582,2024,1559,1790,6730779,0.12155388471177941
2022-10-18,1789,1807,1734,1790,748295,0.0
2022-10-19,1789,1844,1702,1748,1009835,-0.02346368715083802
2022-10-20,1725,1752,1669,1702,352322,-0.02631578947368418
2022-10-21,1669,1711,1623,1647,275632,-0.03231492361927146
2022-10-24,1660,1821,1642,1647,653385,0.0
2022-10-25,1669,1738,1656,1716,345676,0.041894353369763104
2022-10-26,1738,1752,1692,1730,244117,0.008158508158508049
2022-10-27,1729,1761,1720,1744,134816,0.008092485549132888
2022-10-28,1766,1789,1729,1776,204437,0.0183486238532109
2022-10-31,1771,1784,1734,1767,100489,-0.0050675675675675436
2022-11-01,1766,1775,1725,1762,115782,-0.0028296547821166085
2022-11-02,1743,1757,1729,1748,66248,-0.007945516458569779
2022-11-03,1697,1766,1697,1748,92014,0.0
2022-11-04,1715,1766,1715,1757,60228,0.005148741418764313
2022-11-07,1766,1775,1748,1771,68642,0.007968127490039834
2022-11-08,1771,1817,1748,1794,114507,0.01298701298701288
2022-11-09,1798,1821,1775,1794,108457,0.0
2022-11-10,1775,1803,1766,1780,70910,-0.0078037904124860225
2022-11-11,1803,1849,1789,1826,297343,0.02584269662921357
2022-11-14,1784,1959,1780,1854,1455420,0.01533406352683464
2022-11-15,1858,1890,1757,1831,348867,-0.012405609492988079
2022-11-16,1826,1826,1761,1790,233354,-0.022392135445111983
2022-11-17,1775,1784,1734,1757,200962,-0.018435754189944142
2022-11-18,1757,1798,1725,1744,142379,-0.007398975526465512
2022-11-21,1743,1752,1702,1707,132762,-0.021215596330275255
2022-11-22,1706,1706,1669,1679,71537,-0.016403046280023426
2022-11-23,1674,1706,1674,1693,66807,0.008338296605122197
2022-11-24,1692,1748,1692,1739,112336,0.027170702894270482
2022-11-25,1725,1738,1674,1702,114449,-0.021276595744680882
2022-11-28,1702,1702,1656,1665,126490,-0.021739130434782594
2022-11-29,1656,1683,1656,1679,131824,0.008408408408408397
2022-11-30,1679,1692,1656,1679,102244,0.0
2022-12-01,1679,1789,1679,1707,488554,0.016676593210244173
2022-12-02,1706,1715,1683,1702,99150,-0.0029291154071470205
2022-12-05,1702,1738,1683,1693,123143,-0.005287896592244379
2022-12-06,1688,1697,1656,1684,173212,-0.0053160070880095
2022-12-07,1660,1679,1646,1661,94781,-0.013657957244655572
2022-12-08,1646,1660,1587,1619,207437,-0.025285972305839843
2022-12-09,1614,1628,1550,1601,140909,-0.011117974058060476
2022-12-12,1591,1600,1573,1578,71405,-0.014366021236727033
2022-12-13,1577,1610,1573,1596,70361,0.011406844106463865
2022-12-14,1600,1646,1596,1638,72513,0.026315789473684292
2022-12-15,1637,1637,1610,1629,64377,-0.005494505494505475
2022-12-16,1605,1642,1587,1638,56757,0.005524861878453136
2022-12-19,1623,1637,1605,1633,36914,-0.0030525030525030417
2022-12-20,1633,1656,1587,1619,88438,-0.008573178199632547
2022-12-21,1633,1633,1564,1583,76028,-0.022235948116121063
2022-12-22,1582,1623,1582,1606,92854,0.014529374605180001
2022-12-23,1600,1605,1518,1555,145147,-0.03175591531755917
2022-12-26,1536,1550,1508,1518,100881,-0.023794212218649524
2022-12-27,1518,1568,1499,1555,67834,0.0243741765480896
2022-12-28,1554,1564,1513,1537,53275,-0.011575562700964603
2022-12-29,1518,1536,1472,1491,145954,-0.029928432010409844
2023-01-02,1490,1527,1476,1495,66088,0.0026827632461434714
2023-01-03,1481,1536,1472,1527,65849,0.021404682274247522
2023-01-04,1518,1665,1518,1652,678191,0.08185985592665368
2023-01-05,1628,1669,1628,1652,166808,0.0
2023-01-06,1646,1789,1637,1780,693855,0.07748184019370452
2023-01-09,1798,1863,1798,1849,423176,0.03876404494382024
2023-01-10,1844,1863,1752,1822,381139,-0.01460248783126017
2023-01-11,1812,1849,1803,1808,126704,-0.007683863885839748
2023-01-12,1798,1849,1748,1831,245807,0.012721238938053103
2023-01-13,1812,1840,1812,1836,101087,0.002730748225013624
2023-01-16,1821,1922,1821,1918,369035,0.04466230936819171
2023-01-17,1978,2005,1936,1974,457701,0.029197080291970767
2023-01-18,1982,2111,1973,2107,798233,0.06737588652482263
2023-01-19,2079,2451,2051,2130,4254022,0.010915994304698584
2023-01-20,2152,2185,2106,2125,564503,-0.0023474178403756207
2023-01-25,2116,2152,2037,2070,562824,-0.025882352941176467
2023-01-26,2088,2171,2051,2125,441628,0.02657004830917864
2023-01-27,2134,2189,2074,2144,361886,0.00894117647058823
2023-01-30,2208,2258,2185,2227,466738,0.03871268656716409
2023-01-31,2217,2267,2171,2231,211796,0.0017961383026492417
2023-02-01,2244,2244,2102,2102,513733,-0.0578216046615867
2023-02-02,2134,2152,2051,2130,212132,0.013320647002854402
2023-02-03,2111,2120,2060,2079,259517,-0.023943661971830954
2023-02-06,2079,2263,2033,2139,1020082,0.02886002886002892
2023-02-07,2162,2286,2111,2231,705610,0.043010752688172005
2023-02-08,2300,2300,2120,2162,429962,-0.030927835051546393
2023-02-09,2143,2203,2106,2185,168444,0.010638297872340496
2023-02-10,2189,2208,2074,2158,324805,-0.01235697940503433
2023-02-13,2212,2346,2171,2273,1119187,0.0532900834105654
2023-02-14,2346,2382,2249,2296,805200,0.010118785745710568
2023-02-15,2341,2382,2180,2227,1125153,-0.030052264808362317
2023-02-16,2226,2249,2189,2217,314776,-0.004490345756623215
2023-02-17,2189,2208,2134,2167,323200,-0.022552999548939967
2023-02-20,2194,2507,2194,2443,3594119,0.12736502076603595
2023-02-21,2474,2479,2373,2397,1057087,-0.018829308227588992
2023-02-22,2346,2668,2309,2613,3230138,0.09011264080100134
2023-02-23,2617,2622,2438,2443,1176958,-0.06505931879066207
2023-02-24,2502,2511,2401,2466,659791,0.009414654113794496
2023-02-27,2065,2162,1890,1992,2807738,-0.1922141119221411
2023-02-28,1991,1991,1853,1900,1415436,-0.04618473895582331
2023-03-02,1886,1996,1858,1969,746294,0.0363157894736843
2023-03-03,1987,2097,1973,2098,951554,0.0655154900964956
2023-03-06,2139,2290,2134,2268,1327505,0.08102955195424211
2023-03-07,2300,2300,2171,2236,689660,-0.014109347442680775
2023-03-08,2226,2272,2162,2217,423589,-0.008497316636851493
2023-03-09,2235,2249,2111,2139,433427,-0.03518267929634644
2023-03-10,2157,2254,2116,2194,609161,0.025712949976624655
2023-03-13,2212,2212,2088,2204,484103,0.004557885141294404
2023-03-14,2171,2185,2060,2102,500639,-0.04627949183303082
2023-03-15,2111,2157,2037,2079,427829,-0.010941960038059029
2023-03-16,2116,2493,2093,2346,6162527,0.12842712842712833
2023-03-17,2382,2645,2300,2337,4141333,-0.0038363171355498826
2023-03-20,2318,2539,2240,2507,1812802,0.07274283269148474
2023-03-21,2530,2553,2447,2480,923243,-0.010769844435580378
2023-03-22,2525,2612,2484,2516,1048317,0.014516129032257963
2023-03-23,2516,2755,2415,2645,2027834,0.05127186009538942
2023-03-24,2645,2668,2525,2595,779221,-0.018903591682419618
2023-03-27,2557,2705,2525,2705,830418,0.042389210019267765
2023-03-28,2790,2980,2705,2750,836840,0.01663585951940849
2023-03-29,2755,2900,2685,2865,577914,0.041818181818181754
2023-03-30,2990,2990,2820,2860,577603,-0.0017452006980802626
2023-03-31,2780,2860,2740,2835,376980,-0.00874125874125875
2023-04-03,2885,2885,2670,2720,812457,-0.040564373897707284
2023-04-04,2720,2770,2570,2600,595740,-0.044117647058823484
2023-04-05,2600,2730,2520,2685,494620,0.0326923076923078
2023-04-06,2690,2710,2630,2700,358314,0.005586592178770999
2023-04-07,2700,2725,2620,2690,299725,-0.0037037037037036535
2023-04-10,2730,2860,2730,2815,951700,0.04646840148698894
2023-04-11,2815,2840,2590,2675,655943,-0.04973357015985791
2023-04-12,2735,2770,2480,2565,1379640,-0.04112149532710285
2023-04-13,2575,2635,2480,2590,619746,0.00974658869395717
2023-04-14,2625,2680,2530,2570,507771,-0.007722007722007707
2023-04-17,2590,2630,2515,2575,457727,0.0019455252918287869
2023-04-18,2590,2780,2530,2765,888809,0.0737864077669903
2023-04-19,2795,3590,2760,3590,2582007,0.2983725135623869
2023-04-20,3945,4595,3605,4130,12934155,0.1504178272980501
2023-04-21,4025,4025,3315,3315,2842635,-0.19733656174334135
2023-04-24,3440,3770,3200,3360,2235242,0.013574660633484115
2023-04-25,3375,3425,3030,3110,1195197,-0.07440476190476186
2023-04-26,3100,3200,2930,3075,1002801,-0.0112540192926045
2023-04-27,3020,3100,2860,3045,987089,-0.009756097560975618
2023-04-28,3060,3150,2805,2860,902525,-0.06075533661740562
2023-05-02,2860,2960,2850,2875,623541,0.005244755244755206
2023-05-03,2905,3245,2880,3050,2118003,0.0608695652173914
2023-05-04,3050,3055,2880,2950,523801,-0.032786885245901676
2023-05-08,3035,3335,2965,2975,3337730,0.008474576271186418
2023-05-09,2975,3020,2750,2830,716075,-0.04873949579831938
2023-05-10,2825,2900,2730,2820,310452,-0.0035335689045936647
2023-05-11,2830,2910,2640,2715,712530,-0.037234042553191515
2023-05-12,2720,2730,2620,2620,474579,-0.03499079189686927
2023-05-15,2630,2630,2515,2550,426858,-0.026717557251908386
2023-05-16,2590,2605,2495,2505,389111,-0.01764705882352946
2023-05-17,2505,2625,2470,2580,260681,0.029940119760478945
2023-05-18,2580,3200,2580,3000,4253879,0.16279069767441867
2023-05-19,3015,3120,2880,2900,942917,-0.033333333333333326
2023-05-22,2800,2845,2540,2750,2051767,-0.051724137931034475
2023-05-23,2780,3010,2730,2840,1378599,0.032727272727272716
2023-05-24,2840,2995,2685,2895,1231513,0.01936619718309851
2023-05-25,2895,2895,2760,2790,661084,-0.03626943005181349
2023-05-26,2805,2850,2660,2735,521411,-0.01971326164874554
2023-05-30,2775,2895,2705,2730,1148223,-0.001828153564899404
2023-05-31,2730,2765,2570,2615,966785,-0.042124542124542086
2023-06-01,2660,2695,2590,2605,528935,-0.003824091778202643
2023-06-02,2610,2690,2605,2680,903848,0.028790786948176494
2023-06-05,2725,2725,2600,2635,574739,-0.016791044776119368
2023-06-07,2635,2680,2600,2670,556794,0.013282732447817747
2023-06-08,2670,2670,2580,2600,595820,-0.02621722846441943
2023-06-09,2605,2645,2565,2625,339491,0.009615384615384581
2023-06-12,2645,2970,2620,2900,3943248,0.10476190476190483
2023-06-13,2910,3045,2850,3000,2096369,0.034482758620689724
2023-06-14,3085,3180,2820,2900,1931375,-0.033333333333333326
2023-06-15,2985,3150,2930,3100,1946325,0.06896551724137923
2023-06-16,3110,3115,2950,2970,1195205,-0.041935483870967794
2023-06-19,2960,3100,2890,2965,1072257,-0.0016835016835017313
2023-06-20,2950,2975,2865,2880,555364,-0.028667790893760592
2023-06-21,2855,2985,2835,2900,449065,0.00694444444444442
2023-06-22,2905,2935,2825,2880,343113,-0.006896551724137945
2023-06-23,2900,2970,2865,2935,486810,0.01909722222222232
2023-06-26,2965,3090,2840,2900,1410150,-0.011925042589437829
2023-06-27,2960,3750,2870,3300,9586668,0.13793103448275867
2023-06-28,3305,3325,3055,3055,2083368,-0.07424242424242422
2023-06-29,3070,3125,2905,3060,992281,0.0016366612111293755
2023-06-30,3045,3060,2950,3020,654836,-0.013071895424836555
2023-07-03,3050,3140,3020,3045,795020,0.008278145695364225
2023-07-04,3095,3220,3025,3220,1603430,0.05747126436781613
2023-07-05,3245,3255,3155,3200,1160740,-0.006211180124223614
2023-07-06,3200,3200,3005,3015,967934,-0.057812500000000044
2023-07-07,2995,3150,2970,3090,498069,0.02487562189054726
2023-07-10,3090,3260,2965,3165,1176487,0.024271844660194164
2023-07-11,3220,3260,3135,3190,736317,0.00789889415481837
2023-07-12,3200,3565,3180,3455,5243980,0.08307210031347956
2023-07-13,3455,3520,3305,3500,2063229,0.013024602026049159
2023-07-14,3500,3625,3285,3600,1807427,0.02857142857142847
2023-07-17,3610,3940,3530,3750,3293135,0.04166666666666674
2023-07-18,3690,3890,3570,3840,1684854,0.02400000000000002
2023-07-19,3840,3885,3680,3835,1184006,-0.0013020833333333703
2023-07-20,3880,4575,3855,4320,5880038,0.1264667535853976
2023-07-21,4300,4460,4050,4400,2265518,0.0185185185185186
2023-07-24,4430,5720,4420,5720,8832979,0.30000000000000004
2023-07-25,5720,7290,5650,5830,17817719,0.019230769230769162
2023-07-26,5870,5900,4645,4930,8318780,-0.15437392795883365
2023-07-27,4920,5530,4450,5070,4666366,0.028397565922920975
2023-07-28,5000,5490,4640,5380,3251594,0.06114398422090739
2023-07-31,5600,5640,5200,5400,2205162,0.0037174721189590088
2023-08-01,5320,5470,5120,5270,1504550,-0.024074074074074026
2023-08-02,5120,5890,4990,5050,4050082,-0.04174573055028463
2023-08-03,4970,5050,4600,4735,1769941,-0.06237623762376243
2023-08-04,4745,5180,4505,4990,1812791,0.05385427666314668
2023-08-07,5080,5100,4350,4450,1854179,-0.10821643286573146
2023-08-08,4420,4460,4000,4215,1733521,-0.05280898876404494
2023-08-09,4200,4235,4030,4060,1063909,-0.03677342823250296
2023-08-10,4075,4145,3880,3955,999352,-0.025862068965517238
2023-08-11,3950,3975,3780,3860,1047051,-0.024020227560050622
2023-08-14,3860,4050,3655,4020,1786976,0.041450777202072464
2023-08-16,4070,4075,3695,3750,1236278,-0.06716417910447758
2023-08-17,3755,3995,3605,3935,1178235,0.04933333333333323
2023-08-18,3960,3970,3795,3915,479296,-0.0050825921219822545
2023-08-21,3800,4160,3800,4040,970324,0.03192848020434225
2023-08-22,4150,4150,3935,4000,546217,-0.00990099009900991
2023-08-23,4010,4325,3925,4180,2196092,0.04499999999999993
2023-08-24,4505,4870,4225,4370,5078932,0.045454545454545414
2023-08-25,4315,4370,4180,4260,743518,-0.02517162471395884
2023-08-28,4390,4395,4225,4225,569537,-0.008215962441314506
2023-08-29,4155,4160,3935,3970,1280223,-0.06035502958579886
2023-08-30,4000,4160,4000,4035,682345,0.016372795969773257
2023-08-31,4060,4090,3970,4035,391461,0.0
2023-09-01,4035,4050,3945,4010,423429,-0.006195786864931829
2023-09-04,4035,4200,3970,4125,583261,0.02867830423940143
2023-09-05,4185,4190,3900,4095,414484,-0.0072727272727273196
2023-09-06,4105,4190,3995,4000,422583,-0.023199023199023228
2023-09-07,4000,4045,3850,3865,527325,-0.03374999999999995
2023-09-08,3845,3945,3750,3830,390622,-0.009055627425614499
2023-09-11,3830,3830,3650,3715,474859,-0.030026109660574396
2023-09-12,3700,3760,3570,3595,514037,-0.032301480484522194
2023-09-13,3580,3630,3485,3540,444304,-0.015299026425591111
2023-09-14,3540,3650,3475,3615,266179,0.021186440677966045
2023-09-15,3675,3730,3550,3665,359842,0.013831258644536604
2023-09-18,3665,3665,3480,3485,315738,-0.049113233287858105
2023-09-19,3485,3530,3350,3350,364469,-0.038737446197991354
2023-09-20,3350,3500,3310,3500,203590,0.04477611940298498
2023-09-21,3580,3580,3310,3315,320074,-0.052857142857142825
2023-09-22,3280,3345,3180,3270,214340,-0.013574660633484115
2023-09-25,3270,3270,3100,3135,325382,-0.041284403669724745
2023-09-26,3075,3200,3035,3040,391910,-0.030303030303030276
2023-09-27,3000,3200,3000,3185,316080,0.047697368421052655
2023-10-04,3185,3195,2905,2925,462566,-0.08163265306122447
2023-10-05,2950,3055,2895,2895,425116,-0.01025641025641022
2023-10-06,2920,3050,2900,2995,287998,0.0345423143350605
2023-10-10,2995,3025,2725,2745,688554,-0.08347245409015025
2023-10-11,2770,2925,2770,2895,283792,0.05464480874316946
2023-10-12,2895,3070,2895,3025,377546,0.04490500863557867
2023-10-13,3095,3100,2945,2990,362777,-0.011570247933884281
2023-10-16,2920,2920,2720,2850,350434,-0.04682274247491636
2023-10-17,2870,3100,2870,2955,577081,0.03684210526315779
2023-10-18,2925,2965,2750,2790,555901,-0.055837563451776595
2023-10-19,2715,2780,2620,2620,454326,-0.06093189964157708
2023-10-20,2550,2580,2380,2485,661772,-0.05152671755725191
2023-10-23,2485,2560,2435,2465,252297,-0.008048289738430636
2023-10-24,2450,2515,2305,2425,791850,-0.016227180527383367
2023-10-25,2430,2480,2260,2270,575092,-0.06391752577319587
2023-10-26,2200,2250,2140,2155,532517,-0.0506607929515418
2023-10-27,2155,2270,2110,2200,380948,0.02088167053364276
2023-10-30,2200,2230,2100,2165,300621,-0.015909090909090873
2023-10-31,2170,2220,2020,2065,355945,-0.04618937644341803
2023-11-01,2070,2140,2020,2065,278375,0.0
2023-11-02,2160,2280,2130,2250,451182,0.08958837772397099
2023-11-03,2310,2340,2175,2275,357190,0.011111111111111072
2023-11-06,2405,2490,2310,2470,755512,0.08571428571428563
2023-11-07,2490,2490,2230,2270,641532,-0.08097165991902833
2023-11-08,2270,2330,2160,2185,303741,-0.037444933920704804
2023-11-09,2185,2210,2100,2100,235580,-0.0389016018306636
2023-11-10,2085,2105,2050,2065,233283,-0.01666666666666672
2023-11-13,2045,2115,1970,2030,453133,-0.016949152542372836
2023-11-14,2045,2140,2045,2090,237722,0.029556650246305383
2023-11-15,2170,2220,2100,2115,266116,0.011961722488038173
2023-11-16,2115,2155,2085,2120,127084,0.0023640661938533203
2023-11-17,2120,2120,2015,2050,227998,-0.03301886792452835
2023-11-20,2050,2150,2030,2105,256348,0.02682926829268295
2023-11-21,2150,2150,2085,2100,137220,-0.002375296912114022
2023-11-22,2090,2120,2075,2085,156938,-0.0071428571428571175
2023-11-23,2150,2160,2070,2120,275976,0.01678657074340517
2023-11-24,2120,2120,2050,2105,136469,-0.007075471698113178
2023-11-27,2125,2125,2045,2055,250461,-0.02375296912114011
2023-11-28,2045,2095,2030,2060,150666,0.0024330900243310083
2023-11-29,2060,2110,2020,2090,241044,0.014563106796116498
2023-11-30,2090,2225,2080,2175,699931,0.04066985645933019
2023-12-01,2175,2175,2080,2105,277973,-0.03218390804597704
2023-12-04,2085,2105,2050,2055,242663,-0.02375296912114011
2023-12-05,2055,2080,2010,2030,229929,-0.012165450121654486
2023-12-06,2035,2060,2000,2030,136357,0.0
2023-12-07,2040,2040,1979,2000,232629,-0.014778325123152691
2023-12-08,2005,2030,1984,2025,191911,0.012499999999999956
2023-12-11,2050,2070,2015,2060,239276,0.01728395061728394
2023-12-12,2070,2090,2020,2080,126756,0.009708737864077666
2023-12-13,2095,2100,2010,2010,174168,-0.033653846153846145
2023-12-14,2060,2160,2020,2080,526933,0.03482587064676612
2023-12-15,2105,2255,2090,2140,1301846,0.028846153846153744
2023-12-18,2140,2205,2115,2115,397481,-0.011682242990654235
2023-12-19,2145,2175,2070,2175,303624,0.028368794326241176
2023-12-20,2270,2810,2150,2465,9635384,0.1333333333333333
2023-12-21,2450,2450,2280,2315,1272792,-0.0608519269776876
2023-12-22,2300,2340,2220,2240,694867,-0.03239740820734338
2023-12-26,2215,2255,2150,2160,458359,-0.0357142857142857
2023-12-27,2145,2245,2145,2220,341449,0.02777777777777768
2023-12-28,2200,2220,2170,2215,203820,-0.0022522522522522292
2024-01-02,2215,2380,2215,2315,990665,0.04514672686230248
2024-01-03,2300,2400,2265,2315,537256,0.0
2024-01-04,2340,2535,2265,2440,1938436,0.05399568034557234
2024-01-05,2440,2440,2320,2380,956002,-0.024590163934426257
2024-01-08,2430,2430,2300,2375,359379,-0.0021008403361344463
2024-01-09,2355,2660,2355,2520,3826060,0.06105263157894747
2024-01-10,2580,2585,2450,2515,726025,-0.001984126984126977
2024-01-11,2485,2535,2430,2480,535264,-0.013916500994035741
2024-01-12,2695,2790,2430,2440,1622604,-0.016129032258064502
2024-01-15,2410,2430,2335,2365,339806,-0.030737704918032738
2024-01-16,2350,2410,2320,2370,265647,0.0021141649048626032
2024-01-17,2370,2370,2195,2230,420450,-0.05907172995780585
2024-01-18,2195,2360,2195,2300,299597,0.03139013452914807
2024-01-19,2315,2500,2315,2380,1166233,0.034782608695652195
2024-01-22,2380,2380,2245,2270,484860,-0.04621848739495793
2024-01-23,2300,2320,2225,2245,282391,-0.011013215859030812
2024-01-24,2240,2300,2215,2240,238725,-0.00222717149220486
2024-01-25,2240,2280,2115,2150,385477,-0.0401785714285714
2024-01-26,2155,2210,2135,2175,243904,0.011627906976744207
2024-01-29,2190,2410,2130,2290,1321673,0.05287356321839076
2024-01-30,2315,2515,2280,2300,1598044,0.004366812227074135
2024-01-31,2275,2350,2240,2240,401816,-0.02608695652173909
2024-02-01,2200,2305,2190,2250,241334,0.0044642857142858094
2024-02-02,2265,2345,2255,2285,212897,0.015555555555555545
2024-02-05,2285,2285,2205,2220,196509,-0.02844638949671774
2024-02-06,2220,2255,2090,2205,455988,-0.006756756756756799
2024-02-07,2200,2240,2160,2165,258653,-0.01814058956916098
2024-02-08,2185,2205,2140,2160,298044,-0.002309468822170868
2024-02-13,2135,2220,2120,2205,242661,0.02083333333333326
2024-02-14,2200,2245,2115,2230,303261,0.01133786848072571
2024-02-15,2235,2290,2195,2270,258569,0.017937219730941756
2024-02-16,2315,2315,2230,2250,284644,-0.008810572687224627
2024-02-19,2250,2275,2190,2195,276846,-0.02444444444444449
2024-02-20,2190,2230,2160,2215,182944,0.009111617312072884
2024-02-21,2205,2530,2190,2405,3836340,0.08577878103837477
2024-02-22,2415,2435,2325,2335,769181,-0.029106029106029108
2024-02-23,2335,2345,2260,2270,444453,-0.027837259100642386
2024-02-26,2350,2460,2260,2290,839304,0.008810572687224738
2024-02-27,2290,2315,2220,2260,361774,-0.013100436681222738
2024-02-28,2265,2305,2210,2215,328669,-0.019911504424778736
2024-02-29,2215,2305,2180,2220,246358,0.0022573363431150906
2024-03-04,2200,2320,2200,2260,591063,0.018018018018018056
2024-03-05,2250,2250,2190,2220,436438,-0.017699115044247815
2024-03-06,2215,2215,2170,2175,272155,-0.020270270270270285
2024-03-07,2175,2545,2125,2315,2729986,0.06436781609195408
2024-03-08,2300,2395,2275,2325,745255,0.004319654427645814
2024-03-11,2305,2360,2275,2300,422546,-0.010752688172043001
2024-03-12,2320,2790,2320,2750,10746751,0.19565217391304346
2024-03-13,2750,2770,2610,2675,3297073,-0.027272727272727226
2024-03-14,2660,2660,2515,2555,1554975,-0.04485981308411213
2024-03-15,2510,2515,2400,2435,1078762,-0.046966731898238745
2024-03-18,2450,2485,2380,2480,913162,0.01848049281314168
2024-03-19,2480,2485,2375,2410,666829,-0.028225806451612878
2024-03-20,2425,2445,2345,2370,519573,-0.016597510373444035
2024-03-21,2405,2450,2380,2440,561501,0.029535864978903037
2024-03-22,2440,2455,2380,2420,373808,-0.008196721311475419
2024-03-25,2445,2480,2395,2470,555969,0.02066115702479343
2024-03-26,2470,2475,2410,2420,393531,-0.020242914979757054
2024-03-27,2415,2435,2330,2355,465645,-0.02685950413223137
2024-03-28,2370,2370,2290,2315,377658,-0.01698513800424628
2024-03-29,2310,2335,2275,2320,264681,0.002159827213822796
2024-04-01,2340,2405,2335,2365,242393,0.0193965517241379
2024-04-02,2375,2400,2300,2345,344257,-0.008456659619450302
2024-04-03,2335,2345,2250,2330,456202,-0.006396588486140775
2024-04-04,2330,2340,2265,2265,312456,-0.027896995708154515
2024-04-05,2225,2265,2205,2245,329805,-0.008830022075055233
2024-04-08,2245,2255,2175,2185,433703,-0.026726057906458767
2024-04-09,2205,2240,2150,2175,235467,-0.004576659038901587
2024-04-11,2145,2220,2130,2175,140659,0.0
2024-04-12,2195,2215,2150,2160,245209,-0.006896551724137945
2024-04-15,2120,2145,2090,2130,186447,-0.01388888888888884
2024-04-16,2130,2130,2020,2020,398291,-0.05164319248826288
2024-04-17,2070,2080,2040,2050,130430,0.014851485148514865
2024-04-18,2050,2125,2050,2110,195883,0.029268292682926855
2024-04-19,2115,2115,2030,2100,204670,-0.004739336492891044
2024-04-22,2085,2185,2080,2120,130948,0.00952380952380949
2024-04-23,2120,2145,2100,2120,86139,0.0
2024-04-24,2145,2170,2140,2150,140693,0.014150943396226356
2024-04-25,2150,2170,2115,2145,131592,-0.0023255813953488857
2024-04-26,2145,2160,2095,2115,134405,-0.013986013986013957
2024-04-29,2135,2155,2115,2140,97301,0.011820330969267046
2024-04-30,2150,2185,2145,2170,132389,0.014018691588784993
2024-05-02,2175,2215,2130,2200,252007,0.01382488479262678
2024-05-03,2210,2275,2200,2240,318811,0.018181818181818077
2024-05-07,2255,2275,2205,2240,147497,0.0
2024-05-08,2240,2275,2195,2240,179991,0.0
2024-05-09,2240,2290,2205,2270,244008,0.013392857142857206
2024-05-10,2270,2325,2245,2315,349210,0.01982378854625555
2024-05-13,2315,2315,2245,2270,156176,-0.01943844492440605
2024-05-14,2270,2380,2260,2340,454813,0.03083700440528636
2024-05-16,2360,2430,2325,2410,691435,0.029914529914529808
2024-05-17,2420,2420,2350,2360,189628,-0.020746887966805017
2024-05-20,2360,2475,2315,2465,728210,0.044491525423728806
2024-05-21,2465,2600,2250,2330,1965730,-0.05476673427991885
2024-05-22,2330,2360,2255,2295,483041,-0.015021459227467782
2024-05-23,2270,2365,2270,2350,262820,0.023965141612200425
2024-05-24,2330,2340,2280,2300,228234,-0.021276595744680882
2024-05-27,2300,2310,2225,2290,418686,-0.004347826086956497
2024-05-28,2285,2320,2250,2285,232618,-0.0021834061135370675
2024-05-29,2285,2305,2205,2210,369941,-0.03282275711159732
2024-05-30,2210,2285,2190,2240,222194,0.013574660633484115
2024-05-31,2230,2275,2225,2240,155797,0.0
2024-06-03,2240,2280,2225,2250,105523,0.0044642857142858094
2024-06-04,2260,2345,2240,2315,341927,0.028888888888888964
2024-06-05,2355,2575,2330,2485,3060075,0.07343412526997839
2024-06-07,2460,2555,2435,2545,883822,0.024144869215291687
2024-06-10,2560,2565,2450,2470,815442,-0.029469548133595258
2024-06-11,2490,2570,2410,2495,619766,0.010121457489878471
2024-06-12,2505,2545,2465,2485,429644,-0.004008016032064132
2024-06-13,2520,2980,2520,2910,8794350,0.1710261569416498
2024-06-14,2920,2950,2755,2780,2176965,-0.044673539518900296
2024-06-17,2775,2775,2610,2610,907024,-0.0611510791366906
2024-06-18,2615,2640,2550,2610,734459,0.0
2024-06-19,2600,2610,2500,2515,718661,-0.036398467432950166
2024-06-20,2545,2545,2480,2485,379079,-0.011928429423459286
2024-06-21,2485,2500,2405,2450,438065,-0.014084507042253502
2024-06-24,2445,2445,2355,2390,326153,-0.024489795918367308
2024-06-25,2390,2445,2350,2430,302637,0.01673640167364021
2024-06-26,2415,2465,2390,2400,381819,-0.012345679012345734
2024-06-27,2450,2450,2350,2370,240297,-0.012499999999999956
2024-06-28,2370,2420,2360,2370,129114,0.0
2024-07-01,2370,2385,2320,2385,258010,0.006329113924050667
2024-07-02,2385,2395,2305,2325,382748,-0.02515723270440251
2024-07-03,2335,2360,2305,2310,305079,-0.006451612903225823
2024-07-04,2330,2330,2260,2320,151437,0.0043290043290042934
2024-07-05,2310,2345,2250,2260,344214,-0.025862068965517238
2024-07-08,2260,2290,2255,2265,127070,0.0022123893805310324
2024-07-09,2270,2340,2265,2280,191193,0.0066225165562914245
2024-07-10,2300,2300,2235,2270,158227,-0.004385964912280715
2024-07-11,2295,2300,2265,2280,153638,0.004405286343612369
2024-07-12,2275,2290,2250,2255,146392,-0.010964912280701733
2024-07-15,2255,2275,2230,2265,108751,0.0044345898004434225
2024-07-16,2265,2265,2200,2210,209725,-0.02428256070640178
2024-07-17,2210,2245,2150,2150,430763,-0.02714932126696834
2024-07-18,2130,2150,2075,2125,170205,-0.011627906976744207
2024-07-19,2120,2205,2105,2200,117071,0.03529411764705892
2024-07-22,2200,2200,2110,2125,254153,-0.03409090909090906
2024-07-23,2130,2165,2080,2125,180263,0.0
2024-07-24,2105,2155,2095,2120,115962,-0.0023529411764705577
2024-07-25,2095,2100,2035,2055,227547,-0.030660377358490587
2024-07-26,2040,2085,2040,2080,55403,0.012165450121654597
2024-07-29,2060,2100,2055,2085,72785,0.0024038461538462563
2024-07-30,2100,2100,2060,2060,118254,-0.011990407673860948
2024-07-31,2045,2075,2025,2060,140292,0.0
2024-08-01,2065,2110,2065,2095,103540,0.016990291262136026
2024-08-02,2060,2065,1920,1942,737088,-0.0730310262529833
2024-08-05,1880,1880,1600,1677,559400,-0.13645726055612772
2024-08-06,1621,1809,1621,1789,286530,0.0667859272510436
2024-08-07,1735,1855,1735,1789,184555,0.0
2024-08-08,1780,1789,1722,1749,155462,-0.02235885969815543
2024-08-09,1770,1831,1770,1810,146973,0.03487707261292172
2024-08-12,1810,1903,1810,1902,197443,0.05082872928176796
2024-08-13,1902,1902,1836,1883,88641,-0.009989484752891742
2024-08-14,1900,2030,1899,2030,265497,0.07806691449814118
2024-08-16,2080,2240,2050,2185,579808,0.07635467980295574
2024-08-19,2155,2195,2135,2180,182074,-0.0022883295194507935
2024-08-20,2180,2230,2150,2225,153726,0.020642201834862428
2024-08-21,2285,2285,2175,2180,175669,-0.020224719101123556
2024-08-22,2180,2240,2150,2200,131509,0.00917431192660545
2024-08-23,2200,2260,2170,2235,188807,0.015909090909090873
2024-08-26,2240,2260,2170,2185,95207,-0.022371364653243853
2024-08-27,2160,2200,2110,2185,109096,0.0
2024-08-28,2165,2230,2150,2215,113371,0.013729977116704761
2024-08-29,2210,2225,2175,2210,102731,-0.0022573363431150906
2024-08-30,2210,2240,2180,2210,58593,0.0
2024-09-02,2210,2270,2170,2220,161552,0.004524886877828038
2024-09-03,2215,2270,2200,2205,74301,-0.006756756756756799
2024-09-04,2160,2160,2050,2115,159535,-0.04081632653061229
2024-09-05,2160,2180,2050,2135,157048,0.009456264775413725
2024-09-06,2150,2150,2025,2040,165119,-0.04449648711943799
2024-09-09,1998,2065,1958,2050,108235,0.004901960784313708
2024-09-10,2070,2070,2005,2020,85431,-0.014634146341463428
2024-09-11,2020,2075,2000,2025,75935,0.0024752475247524774
2024-09-12,2025,2125,2025,2085,103490,0.029629629629629672
2024-09-13,2090,2090,2035,2065,62961,-0.00959232613908878
2024-09-19,2065,2095,2005,2065,83088,0.0
2024-09-20,2050,2110,2035,2070,84073,0.002421307506053294
2024-09-23,2070,2080,2000,2070,72166,0.0
2024-09-24,2070,2140,2050,2090,140402,0.009661835748792313
2024-09-25,2120,2125,2075,2100,63879,0.004784688995215225
2024-09-26,2100,2155,2095,2150,103703,0.023809523809523725
2024-09-27,2150,2170,2125,2145,68148,-0.0023255813953488857
2024-09-30,2125,2130,2065,2090,69941,-0.02564102564102566
2024-10-02,2085,2085,1994,2070,96996,-0.009569377990430672
2024-10-04,2070,2090,2015,2075,101637,0.0024154589371980784
2024-10-07,2075,2240,2060,2130,701993,0.026506024096385472
2024-10-08,2130,2150,2085,2145,117801,0.007042253521126751
2024-10-10,2190,2190,2045,2080,147655,-0.030303030303030276
2024-10-11,2060,2085,2010,2050,211173,-0.014423076923076872
2024-10-14,2030,2065,2000,2025,102016,-0.012195121951219523
2024-10-15,2025,2045,1993,2005,176093,-0.00987654320987652
2024-10-16,1990,2015,1990,2005,49181,0.0
2024-10-17,1988,2010,1980,1982,107171,-0.011471321695760595
2024-10-18,1982,1984,1907,1936,177437,-0.02320887991927345
2024-10-21,1936,1945,1920,1924,47518,-0.006198347107438051
2024-10-22,1911,1924,1855,1871,201254,-0.02754677754677759
2024-10-23,1871,1917,1855,1910,80599,0.02084446819882424
2024-10-24,1910,1910,1865,1886,57918,-0.012565445026177957
2024-10-25,1887,1902,1880,1896,56846,0.005302226935312904
2024-10-28,1890,1904,1879,1902,64447,0.0031645569620253333
2024-10-29,1914,1915,1875,1875,92267,-0.014195583596214534
2024-10-30,1877,1903,1849,1874,76412,-0.0005333333333333856
2024-10-31,1875,1879,1811,1873,92227,-0.0005336179295624133
2024-11-01,1854,1860,1825,1838,98234,-0.01868659903897496
2024-11-04,1838,1868,1830,1864,50459,0.014145810663764857
2024-11-05,1865,1912,1859,1898,83304,0.018240343347639465
2024-11-06,1898,1907,1820,1829,105167,-0.03635405690200211
2024-11-07,1829,1829,1790,1813,130029,-0.00874794969928927
2024-11-08,1815,1860,1798,1829,60150,0.008825151682294585
2024-11-11,1831,1833,1754,1780,171199,-0.026790595954073293
2024-11-12,1780,1790,1650,1671,195181,-0.061235955056179736
2024-11-13,1671,1671,1581,1581,209335,-0.05385996409335725
2024-11-14,1570,1588,1470,1480,308813,-0.06388361796331432
2024-11-15,1470,1506,1350,1455,441120,-0.016891891891891886
2024-11-18,1440,1507,1435,1480,136586,0.01718213058419238
2024-11-19,1480,1508,1440,1508,111790,0.018918918918918948
2024-11-20,1473,1509,1473,1495,70421,-0.008620689655172376
2024-11-21,1495,1501,1460,1494,72343,-0.0006688963210702559
2024-11-22,1480,1515,1479,1490,92758,-0.0026773761713521083
2024-11-25,1490,1527,1490,1525,62821,0.02348993288590595
2024-11-26,1538,1541,1517,1537,66951,0.007868852459016473
2024-11-27,1548,1548,1496,1514,50471,-0.014964216005204922
2024-11-28,1540,1540,1470,1471,114337,-0.028401585204755664
2024-11-29,1470,1470,1401,1418,138186,-0.036029911624745115
2024-12-02,1418,1430,1361,1384,141432,-0.023977433004231274
2024-12-03,1384,1445,1384,1392,126693,0.005780346820809301
2024-12-04,1380,1380,1310,1332,153304,-0.0431034482758621
2024-12-05,1332,1333,1280,1300,190724,-0.024024024024024038
2024-12-06,1300,1300,1153,1267,325737,-0.02538461538461534
2024-12-09,1267,1267,1150,1150,206840,-0.0923441199684294
2024-12-10,1150,1262,1150,1260,322440,0.09565217391304337
2024-12-11,1248,1316,1248,1300,108169,0.031746031746031855
2024-12-12,1300,1313,1284,1312,108024,0.009230769230769154
2024-12-13,1300,1333,1299,1333,59199,0.016006097560975707
2024-12-16,1341,1352,1332,1348,74648,0.011252813203300738
2024-12-17,1338,1348,1305,1311,69401,-0.027448071216617187
2024-12-18,1311,1347,1302,1346,62705,0.026697177726926036
2024-12-19,1325,1335,1305,1321,59328,-0.01857355126300153
2024-12-20,1310,1320,1251,1253,71331,-0.05147615442846332
2024-12-23,1260,1302,1260,1291,84969,0.03032721468475663
2024-12-24,1292,1311,1270,1279,43337,-0.009295120061967421
2024-12-26,1270,1288,1260,1269,66427,-0.007818608287724738
2024-12-27,1260,1260,1211,1240,62002,-0.022852639873916503
2024-12-30,1237,1277,1211,1265,44753,0.02016129032258074
2025-01-02,1253,1297,1253,1297,47785,0.02529644268774711
2025-01-03,1297,1340,1285,1331,94253,0.026214340786430146
2025-01-06,1334,1378,1321,1376,79194,0.03380916604057105
2025-01-07,1361,1380,1330,1360,59737,-0.011627906976744207
2025-01-08,1328,1356,1325,1356,48326,-0.002941176470588225
2025-01-09,1360,1363,1324,1363,37278,0.005162241887905594
2025-01-10,1369,1377,1329,1351,59430,-0.00880410858400582
2025-01-13,1351,1351,1325,1335,23131,-0.011843079200592133
2025-01-14,1337,1345,1300,1330,41764,-0.0037453183520599342
2025-01-15,1330,1404,1305,1317,52491,-0.009774436090225547
2025-01-16,1318,1355,1318,1353,74906,0.02733485193621865
2025-01-17,1354,1359,1320,1342,49703,-0.008130081300813052
2025-01-20,1340,1350,1309,1348,72718,0.0044709388971684305
2025-01-21,1355,1358,1320,1334,47765,-0.010385756676557834
2025-01-22,1345,1345,1290,1329,75248,-0.0037481259370314435
2025-01-23,1329,1335,1291,1329,53015,0.0
2025-01-24,1321,1329,1310,1324,33543,-0.003762227238525262
2025-01-31,1324,1430,1270,1430,371198,0.08006042296072513
2025-02-03,1430,1508,1311,1347,425581,-0.058041958041958
2025-02-04,1347,1365,1300,1313,174913,-0.025241276911655564
2025-02-05,1313,1317,1303,1311,100970,-0.0015232292460015673
2025-02-06,1310,1324,1304,1311,68827,0.0
2025-02-07,1311,1473,1297,1363,604466,0.03966437833714731
2025-02-10,1363,1369,1301,1333,133109,-0.022010271460014663
2025-02-11,1340,1530,1336,1471,1171700,0.10352588147036768
2025-02-12,1485,1880,1455,1870,9502877,0.27124405166553367
2025-02-13,1876,2165,1831,1863,6342454,-0.0037433155080214275
2025-02-14,1920,1922,1729,1780,1024969,-0.04455179817498656
2025-02-17,1786,1850,1754,1773,717296,-0.00393258426966292
2025-02-18,1768,1768,1710,1730,442161,-0.02425267907501405
2025-02-19,1727,1741,1652,1703,502658,-0.015606936416184936
2025-02-20,1670,1715,1663,1677,220497,-0.01526717557251911
2025-02-21,1661,1705,1650,1705,183765,0.016696481812760844
2025-02-24,1651,1685,1641,1673,172445,-0.01876832844574783
2025-02-25,1673,1727,1662,1677,201197,0.002390914524805776
2025-02-26,1692,1794,1690,1750,564553,0.043530113297555184
2025-02-27,1755,1755,1677,1681,241855,-0.03942857142857148
2025-02-28,1679,1679,1607,1628,159257,-0.031528851873884545
2025-03-04,1617,1618,1530,1567,123285,-0.03746928746928746
2025-03-05,1567,1595,1551,1584,66381,0.01084875558391829
2025-03-06,1585,1605,1555,1560,105705,-0.015151515151515138
2025-03-07,1562,1573,1534,1534,97691,-0.01666666666666672
2025-03-10,1534,1564,1506,1542,73232,0.0052151238591917615
2025-03-11,1500,1555,1482,1541,79518,-0.0006485084306095956
2025-03-12,1541,1596,1526,1586,70148,0.029201817001946795
2025-03-13,1586,1609,1570,1570,60946,-0.010088272383354302
2025-03-14,1572,1596,1550,1557,81597,-0.008280254777070062
2025-03-17,1481,1574,1480,1549,77299,-0.005138086062941527
2025-03-18,1549,1555,1530,1540,49070,-0.005810200129115595
2025-03-19,1542,1605,1517,1573,80836,0.021428571428571352
2025-03-20,1573,1600,1560,1582,85273,0.005721551176096629
2025-03-21,1582,1582,1540,1581,58777,-0.0006321112515802474
2025-03-24,1581,1582,1554,1570,40710,-0.006957621758380772
2025-03-25,1570,1669,1545,1669,210398,0.06305732484076443
2025-03-26,1675,1676,1620,1662,173693,-0.004194128220491367
2025-03-27,1622,1678,1619,1650,80863,-0.0072202166064981865
2025-03-28,1632,1644,1583,1583,98404,-0.040606060606060645
2025-03-31,1575,1890,1507,1541,1395506,-0.02653190145293749
2025-04-01,1543,1645,1542,1560,235784,0.012329656067488592
2025-04-02,1560,1619,1516,1528,137730,-0.02051282051282055
2025-04-03,1516,1547,1504,1528,76221,0.0
2025-04-04,1528,1570,1500,1530,78900,0.0013089005235602524
2025-04-07,1510,1655,1400,1490,320458,-0.02614379084967322
2025-04-08,1500,1535,1490,1531,99608,0.027516778523489993
2025-04-09,1460,1526,1450,1484,95730,-0.030698889614630964
2025-04-10,1530,1574,1518,1539,82836,0.03706199460916437
2025-04-11,1534,1606,1524,1606,138968,0.0435347628330085
2025-04-14,1627,1627,1595,1610,65374,0.00249066002490661
2025-04-15,1615,1629,1583,1613,82482,0.0018633540372670065
2025-04-16,1613,1613,1572,1580,54102,-0.020458772473651576
2025-04-17,1580,1596,1573,1596,22623,0.010126582278481067
2025-04-18,1596,1620,1571,1618,78707,0.013784461152882121
2025-04-21,1617,1688,1520,1609,126714,-0.005562422744128548
2025-04-22,1609,1615,1575,1615,74858,0.003729024238657619
2025-04-23,1640,1650,1615,1630,73513,0.009287925696594534
2025-04-24,1650,1650,1600,1617,61994,-0.00797546012269934
2025-04-25,1634,1669,1611,1616,158772,-0.0006184291898577721
2025-04-28,1616,1688,1611,1640,239609,0.014851485148514865
2025-04-29,1641,1747,1641,1650,449596,0.0060975609756097615
2025-04-30,1668,1719,1550,1660,301838,0.0060606060606061
2025-05-02,1643,1659,1610,1625,102973,-0.02108433734939763
2025-05-07,1634,1673,1600,1661,206468,0.02215384615384619
2025-05-08,1669,1820,1648,1693,942294,0.019265502709211235
2025-05-09,1705,1800,1681,1782,662126,0.05256940342587124
2025-05-12,1780,1782,1712,1758,192445,-0.013468013468013518
2025-05-13,1762,1800,1745,1761,236858,0.0017064846416381396
2025-05-14,1763,1775,1714,1735,190711,-0.014764338444065883
2025-05-15,1735,1752,1683,1704,104417,-0.01786743515850142
2025-05-16,1702,1702,1620,1641,174961,-0.0369718309859155
2025-05-19,1641,1641,1600,1606,97316,-0.021328458257160232
2025-05-20,1606,1650,1606,1626,67723,0.012453300124533051
2025-05-21,1626,1646,1608,1620,64200,-0.0036900369003689537
2025-05-22,1620,1626,1585,1596,47934,-0.014814814814814836
2025-05-23,1596,1605,1579,1588,82535,-0.005012531328320802
2025-05-26,1588,1656,1578,1621,64737,0.020780856423173732
2025-05-27,1621,1629,1555,1558,114576,-0.038864898210980825
2025-05-28,1558,1590,1505,1565,124574,0.00449293966623876
2025-05-29,1584,1584,1559,1573,44910,0.005111821086261958
2025-05-30,1573,1573,1541,1552,60007,-0.013350286077558837
2025-06-02,1552,1564,1530,1530,89751,-0.014175257731958713
2025-06-04,1551,1551,1471,1486,156444,-0.02875816993464053
2025-06-05,1519,1519,1482,1501,171691,0.010094212651413192
2025-06-09,1503,1530,1494,1514,202427,0.008660892738174608
2025-06-10,1520,1520,1485,1510,72337,-0.0026420079260237594
2025-06-11,1510,1538,1497,1514,103126,0.0026490066225166586
2025-06-12,1516,1546,1507,1527,94790,0.00858652575957719
2025-06-13,1530,1590,1530,1553,300022,0.017026850032743956
2025-06-16,1553,1560,1500,1513,96053,-0.025756600128783003
2025-06-17,1513,1542,1504,1515,87657,0.0013218770654328527
2025-06-18,1538,1538,1515,1520,74281,0.0033003300330032292
2025-06-19,1535,1535,1500,1510,70717,-0.006578947368421018
2025-06-20,1519,1519,1497,1511,132248,0.0006622516556291647
2025-06-23,1494,1509,1454,1461,223277,-0.033090668431502324
2025-06-24,1463,1528,1463,1500,149561,0.026694045174537884
2025-06-25,1509,1526,1492,1515,106277,0.010000000000000009
2025-06-26,1515,1523,1490,1498,58863,-0.011221122112211268
2025-06-27,1518,1518,1450,1461,68545,-0.02469959946595457
2025-06-30,1440,1475,1423,1449,96607,-0.008213552361396315
2025-07-01,1449,1499,1449,1480,119598,0.021394064872325647
2025-07-02,1465,1468,1437,1459,76149,-0.01418918918918921
2025-07-03,1459,1498,1450,1495,112842,0.024674434544208257
2025-07-04,1495,1510,1476,1490,54267,-0.0033444816053511683
2025-07-07,1499,1499,1470,1481,28496,-0.006040268456375841
2025-07-08,1471,1498,1460,1482,28011,0.0006752194463199857
2025-07-09,1482,1482,1466,1478,28156,-0.0026990553306343035
2025-07-10,1470,1491,1461,1476,54297,-0.0013531799729363803
2025-07-11,1480,1489,1447,1484,84248,0.005420054200542035
2025-07-14,1484,1499,1456,1468,49454,-0.010781671159029615
2025-07-15,1468,1468,1432,1448,61691,-0.013623978201634857
2025-07-16,1449,1499,1414,1424,142994,-0.016574585635359074
2025-07-17,1426,1443,1411,1435,42403,0.0077247191011236005
2025-07-18,1409,1664,1409,1470,1448644,0.024390243902439046
2025-07-21,1470,1486,1453,1476,156569,0.004081632653061273
2025-07-22,1471,1476,1442,1470,87545,-0.004065040650406471
2025-07-23,1470,1470,1423,1430,86225,-0.027210884353741527
2025-07-24,1430,1438,1415,1427,76098,-0.00209790209790206
2025-07-25,1427,1470,1411,1425,70763,-0.0014015416958654825
2025-07-28,1425,1435,1408,1427,55489,0.00140350877192974
2025-07-29,1427,1448,1407,1427,45615,0.0
2025-07-30,1427,1471,1412,1468,131200,0.028731604765241725
2025-07-31,1466,1474,1446,1460,62508,-0.00544959128065392
2025-08-01,1445,1461,1416,1424,93659,-0.024657534246575352
2025-08-04,1420,1449,1400,1438,23417,0.00983146067415741
2025-08-05,1438,1483,1411,1464,73987,0.018080667593880495
2025-08-06,1465,1481,1457,1468,45502,0.002732240437158362
2025-08-07,1466,1478,1458,1465,41705,-0.002043596730245234
2025-08-08,1467,1478,1460,1461,64701,-0.0027303754266211344
2025-08-11,1461,1524,1451,1516,166494,0.03764544832306638
2025-08-12,1518,1588,1517,1534,238086,0.01187335092348274
2025-08-13,1534,1534,1501,1529,74659,-0.0032594524119947677
2025-08-14,1549,1550,1501,1522,48150,-0.00457815565729236
2025-08-18,1522,1522,1421,1476,81676,-0.030223390275952666
2025-08-19,1464,1499,1453,1465,36349,-0.007452574525745215
