Date,Open,High,Low,Close,Volume,Change
2022-01-03,3970,4070,3925,4060,78585,0.02267002518891692
2022-01-04,4060,4070,3970,4020,56425,-0.009852216748768461
2022-01-05,4005,4015,3950,4005,32417,-0.003731343283582045
2022-01-06,3950,4035,3930,4025,39929,0.004993757802746579
2022-01-07,4000,4120,4000,4120,58686,0.023602484472049712
2022-01-10,4110,4145,4015,4040,41940,-0.01941747572815533
2022-01-11,4000,4065,3980,4020,14545,-0.004950495049504955
2022-01-12,4025,4040,3955,4010,31184,-0.0024875621890547706
2022-01-13,3965,4015,3965,3970,29250,-0.009975062344139696
2022-01-14,3985,3995,3890,3940,39021,-0.007556675062972307
2022-01-17,3940,3945,3805,3850,39199,-0.022842639593908642
2022-01-18,3815,3900,3775,3775,48013,-0.01948051948051943
2022-01-19,3705,3775,3685,3775,25762,0.0
2022-01-20,3775,3800,3690,3800,11851,0.0066225165562914245
2022-01-21,3800,3800,3600,3690,54209,-0.02894736842105261
2022-01-24,3735,3735,3435,3535,104913,-0.04200542005420049
2022-01-25,3540,3555,3300,3430,137271,-0.02970297029702973
2022-01-26,3355,3450,3325,3370,23985,-0.017492711370262426
2022-01-27,3390,3440,3225,3250,101502,-0.035608308605341255
2022-01-28,3205,3400,3205,3395,55692,0.04461538461538472
2022-02-03,3445,3500,3395,3490,76302,0.027982326951399017
2022-02-04,3500,3520,3435,3510,24092,0.005730659025787954
2022-02-07,3510,3595,3435,3590,35258,0.02279202279202286
2022-02-08,3530,3610,3485,3555,37650,-0.00974930362116988
2022-02-09,3550,3595,3525,3570,30201,0.00421940928270037
2022-02-10,3570,3735,3550,3725,143493,0.04341736694677878
2022-02-11,3685,3725,3630,3680,44792,-0.012080536912751683
2022-02-14,3600,3650,3495,3630,63450,-0.013586956521739135
2022-02-15,3570,3615,3485,3540,58196,-0.024793388429752095
2022-02-16,3540,3650,3535,3650,36007,0.031073446327683607
2022-02-17,3650,3650,3490,3565,34738,-0.023287671232876672
2022-02-18,3560,3570,3455,3550,24230,-0.0042075736325385416
2022-02-21,3545,3545,3425,3475,35385,-0.021126760563380254
2022-02-22,3320,3485,3320,3330,63490,-0.04172661870503602
2022-02-23,3440,3440,3315,3365,18573,0.010510510510510551
2022-02-24,3330,3360,3240,3275,45798,-0.026745913818722156
2022-02-25,3295,3445,3290,3380,22069,0.032061068702289974
2022-02-28,3400,3455,3345,3450,14476,0.020710059171597628
2022-03-02,3415,3470,3375,3440,27961,-0.0028985507246376274
2022-03-03,3440,3495,3435,3490,21042,0.014534883720930258
2022-03-04,3455,3545,3370,3490,23138,0.0
2022-03-07,3395,3470,3350,3370,25046,-0.034383954154727836
2022-03-08,3300,3370,3230,3325,23490,-0.013353115727002929
2022-03-10,3325,3455,3325,3455,26092,0.03909774436090219
2022-03-11,3420,3530,3360,3440,24425,-0.00434153400868309
2022-03-14,3440,3440,3325,3385,29175,-0.015988372093023284
2022-03-15,3300,3375,3300,3340,14565,-0.013293943870014813
2022-03-16,3335,3395,3320,3390,22559,0.014970059880239583
2022-03-17,3445,3480,3380,3470,44786,0.02359882005899716
2022-03-18,3465,3485,3355,3445,39647,-0.007204610951008661
2022-03-21,3445,3520,3385,3480,68761,0.010159651669085612
2022-03-22,3410,3500,3410,3465,42818,-0.004310344827586188
2022-03-23,3465,3540,3440,3525,22106,0.017316017316017396
2022-03-24,3480,3515,3425,3485,23126,-0.01134751773049647
2022-03-25,3475,3520,3435,3490,29724,0.0014347202295552641
2022-03-28,3470,3495,3460,3480,21372,-0.002865329512893977
2022-03-29,3480,3510,3480,3500,14592,0.005747126436781658
2022-03-30,3520,3555,3490,3505,36360,0.0014285714285713347
2022-03-31,3480,3555,3475,3525,29083,0.005706134094151105
2022-04-01,3535,3690,3520,3690,39552,0.04680851063829783
2022-04-04,3740,3770,3670,3755,62172,0.017615176151761558
2022-04-05,3785,3830,3760,3785,37311,0.007989347536617952
2022-04-06,3785,3825,3755,3800,22648,0.003963011889035695
2022-04-07,3765,3850,3760,3815,35346,0.003947368421052699
2022-04-08,3780,3835,3775,3785,15076,-0.007863695937090465
2022-04-11,3800,3840,3660,3715,55049,-0.018494055482166427
2022-04-12,3715,3715,3620,3670,29292,-0.012113055181695809
2022-04-13,3635,3715,3635,3685,10828,0.004087193460490468
2022-04-14,3685,3760,3675,3685,11631,0.0
2022-04-15,3690,3705,3655,3690,11803,0.0013568521031208647
2022-04-18,3775,3775,3665,3685,9161,-0.0013550135501354532
2022-04-19,3635,3805,3635,3760,25642,0.020352781546811416
2022-04-20,3795,3900,3725,3880,71168,0.03191489361702127
2022-04-21,3880,3880,3730,3780,43088,-0.02577319587628868
2022-04-22,3780,3840,3715,3805,25916,0.006613756613756516
2022-04-25,3705,3760,3700,3745,18314,-0.015768725361366642
2022-04-26,3730,3745,3600,3660,75581,-0.022696929238985364
2022-04-27,3655,3655,3525,3580,42739,-0.021857923497267784
2022-04-28,3555,3580,3490,3515,33464,-0.018156424581005637
2022-04-29,3515,3695,3515,3625,35607,0.031294452347083945
2022-05-02,3620,3625,3555,3610,28808,-0.004137931034482789
2022-05-03,3615,3700,3610,3665,25883,0.015235457063711877
2022-05-04,3705,3705,3630,3660,9737,-0.0013642564802183177
2022-05-06,3590,3785,3570,3735,55008,0.020491803278688492
2022-05-09,3700,3720,3620,3715,34136,-0.0053547523427041055
2022-05-10,3675,3685,3535,3645,25553,-0.018842530282637937
2022-05-11,3625,3645,3580,3580,19063,-0.017832647462277085
2022-05-12,3560,3780,3555,3650,66061,0.019553072625698276
2022-05-13,3640,3740,3605,3700,24908,0.013698630136986356
2022-05-16,3700,3740,3650,3685,22050,-0.004054054054054013
2022-05-17,3645,3715,3540,3650,15178,-0.009497964721845276
2022-05-18,3635,3645,3520,3560,77122,-0.024657534246575352
2022-05-19,3560,3560,3430,3520,24958,-0.011235955056179803
2022-05-20,3500,3595,3465,3565,32865,0.012784090909090828
2022-05-23,3580,3705,3540,3665,45272,0.028050490883590573
2022-05-24,3665,3685,3560,3615,13847,-0.013642564802182844
2022-05-25,3560,3615,3550,3580,11926,-0.009681881051175623
2022-05-26,3585,3660,3525,3580,37455,0.0
2022-05-27,3580,3630,3545,3575,12646,-0.0013966480446927498
2022-05-30,3575,3705,3575,3615,38218,0.01118881118881121
2022-05-31,3615,3680,3585,3625,82312,0.0027662517289073207
2022-06-02,3675,3675,3565,3565,66638,-0.016551724137931045
2022-06-03,3585,3730,3585,3650,64061,0.02384291725105192
2022-06-07,3650,3740,3640,3685,38609,0.009589041095890316
2022-06-08,3685,3775,3685,3750,42739,0.01763907734056991
2022-06-09,3705,3715,3645,3705,18473,-0.01200000000000001
2022-06-10,3650,3725,3600,3635,35696,-0.018893387314439902
2022-06-13,3595,3615,3470,3495,50205,-0.038514442916093516
2022-06-14,3400,3485,3240,3345,161237,-0.0429184549356223
2022-06-15,3300,3360,3150,3170,76526,-0.05231689088191327
2022-06-16,3170,3300,3000,3270,95563,0.03154574132492116
2022-06-17,3105,3235,3025,3140,96836,-0.03975535168195721
2022-06-20,3095,3150,2900,2935,105654,-0.0652866242038217
2022-06-21,2955,3035,2895,2955,22709,0.006814310051107331
2022-06-22,2925,2970,2670,2675,125377,-0.09475465313028764
2022-06-23,2665,2750,2385,2405,106312,-0.10093457943925233
2022-06-24,2350,2585,2350,2430,137629,0.01039501039501034
2022-06-27,2525,2895,2510,2790,175850,0.14814814814814814
2022-06-28,2795,2845,2790,2830,31720,0.014336917562723928
2022-06-29,2725,2800,2685,2790,21967,-0.014134275618374548
2022-06-30,2745,2775,2705,2715,32600,-0.026881720430107503
2022-07-01,2675,2880,2675,2830,57654,0.0423572744014733
2022-07-04,2985,2985,2780,2850,24473,0.007067137809187329
2022-07-05,2830,2950,2830,2920,20724,0.024561403508772006
2022-07-06,2930,2985,2885,2910,26858,-0.003424657534246589
2022-07-07,2925,2985,2875,2875,19352,-0.012027491408934665
2022-07-08,2890,2980,2890,2950,16342,0.026086956521739202
2022-07-11,2950,2980,2890,2890,16716,-0.02033898305084747
2022-07-12,2905,2905,2815,2900,22621,0.0034602076124568004
2022-07-13,2900,2900,2775,2850,26664,-0.017241379310344862
2022-07-14,2800,2940,2760,2915,26409,0.02280701754385972
2022-07-15,2915,2950,2835,2880,19973,-0.012006861063464824
2022-07-18,2880,2965,2860,2920,9237,0.01388888888888884
2022-07-19,2845,2960,2845,2880,14070,-0.013698630136986356
2022-07-20,2880,2940,2850,2895,24440,0.005208333333333259
2022-07-21,2880,2880,2825,2845,34636,-0.01727115716753025
2022-07-22,2845,2960,2840,2860,8995,0.005272407732864748
2022-07-25,2860,2885,2820,2880,11811,0.006993006993007089
2022-07-26,2920,3000,2830,2900,76190,0.00694444444444442
2022-07-27,2900,3120,2870,2995,145413,0.03275862068965507
2022-07-28,2995,3040,2925,2970,21967,-0.008347245409014992
2022-07-29,2980,3030,2945,2945,18306,-0.008417508417508435
2022-08-01,2950,3015,2925,2980,9575,0.011884550084889645
2022-08-02,2990,2990,2915,2980,18663,0.0
2022-08-03,2970,2995,2920,2970,23413,-0.003355704697986628
2022-08-04,2970,3045,2965,3015,9536,0.015151515151515138
2022-08-05,3060,3060,2990,3040,6264,0.008291873963515828
2022-08-08,3040,3055,2985,3040,9087,0.0
2022-08-09,3020,3065,3000,3065,11271,0.008223684210526327
2022-08-10,3045,3055,2915,2955,37084,-0.03588907014681897
2022-08-11,2955,3030,2940,2950,34880,-0.0016920473773265332
2022-08-12,2945,2965,2885,2955,29748,0.0016949152542373724
2022-08-16,3010,3085,3005,3040,35065,0.02876480541455151
2022-08-17,3040,3225,3015,3135,98237,0.03125
2022-08-18,3120,3205,3075,3180,60173,0.014354066985645897
2022-08-19,3155,3250,3145,3195,30839,0.004716981132075526
2022-08-22,3160,3175,3045,3060,45187,-0.04225352112676062
2022-08-23,3050,3060,2950,3025,28817,-0.011437908496731986
2022-08-24,3000,3050,2895,3005,54961,-0.006611570247933907
2022-08-25,3035,3105,3005,3085,24276,0.0266222961730449
2022-08-26,3120,3135,2940,3015,107886,-0.02269043760129663
2022-08-29,2900,3015,2865,2900,38630,-0.03814262023217252
2022-08-30,2900,3070,2880,3055,34714,0.053448275862068906
2022-08-31,3065,3065,2970,3030,17245,-0.008183306055646433
2022-09-01,3060,3100,2965,2995,24031,-0.011551155115511524
2022-09-02,2970,3040,2965,3025,40781,0.01001669449081799
2022-09-05,2995,3040,2900,3010,36734,-0.0049586776859503745
2022-09-06,3035,3070,2950,2995,22709,-0.004983388704318914
2022-09-07,2995,2995,2890,2930,38548,-0.02170283806343909
2022-09-08,2930,3000,2890,2960,47768,0.010238907849829282
2022-09-13,2975,3050,2950,2995,30142,0.011824324324324342
2022-09-14,2975,2995,2810,2970,30053,-0.008347245409014992
2022-09-15,3000,3000,2900,2940,27631,-0.010101010101010055
2022-09-16,2910,2910,2800,2800,61278,-0.04761904761904767
2022-09-19,2800,2810,2600,2620,116565,-0.06428571428571428
2022-09-20,2625,2720,2625,2675,25845,0.020992366412213803
2022-09-21,2720,2730,2620,2675,31118,0.0
2022-09-22,2675,2745,2625,2730,24666,0.020560747663551426
2022-09-23,2730,2745,2645,2710,26501,-0.0073260073260073
2022-09-26,2680,2690,2495,2605,70390,-0.03874538745387457
2022-09-27,2525,2690,2455,2510,52463,-0.03646833013435702
2022-09-28,2525,2565,2420,2505,37355,-0.0019920318725099584
2022-09-29,2520,2615,2500,2500,26392,-0.001996007984031989
2022-09-30,2500,2550,2405,2505,38423,0.0020000000000000018
2022-10-04,2575,2610,2480,2510,60284,0.001996007984031989
2022-10-05,2585,2590,2495,2515,60772,0.0019920318725099584
2022-10-06,2530,2575,2515,2530,65832,0.005964214711729587
2022-10-07,2550,2555,2500,2535,38689,0.0019762845849802257
2022-10-11,2500,2500,2395,2445,52482,-0.035502958579881616
2022-10-12,2435,2450,2380,2445,45103,0.0
2022-10-13,2440,2440,2310,2380,45985,-0.026584867075664653
2022-10-14,2395,2480,2370,2440,35864,0.025210084033613356
2022-10-17,2440,2505,2430,2485,32604,0.018442622950819665
2022-10-18,2510,2520,2460,2480,45490,-0.002012072434607659
2022-10-19,2490,2515,2460,2490,23680,0.0040322580645162365
2022-10-20,2490,2490,2440,2455,25034,-0.014056224899598346
2022-10-21,2435,2440,2305,2440,22792,-0.006109979633401208
2022-10-24,2420,2490,2420,2445,45391,0.002049180327868827
2022-10-25,2470,2485,2445,2465,23419,0.008179959100204526
2022-10-26,2470,2550,2440,2500,46544,0.014198782961460488
2022-10-27,2495,2525,2480,2495,18673,-0.0020000000000000018
2022-10-28,2495,2520,2465,2485,16156,-0.004008016032064132
2022-10-31,2490,2615,2490,2615,38902,0.05231388329979869
2022-11-01,2610,2670,2585,2640,19244,0.009560229445506607
2022-11-02,2640,2640,2555,2620,13608,-0.007575757575757569
2022-11-03,2550,2580,2455,2540,15377,-0.03053435114503822
2022-11-04,2535,2555,2485,2535,13959,-0.0019685039370078705
2022-11-07,2535,2600,2525,2540,21411,0.0019723865877712132
2022-11-08,2540,2565,2520,2535,25856,-0.0019685039370078705
2022-11-09,2545,2655,2540,2620,31757,0.0335305719921104
2022-11-10,2605,2660,2580,2620,17040,0.0
2022-11-11,2745,2745,2620,2700,28812,0.03053435114503822
2022-11-14,2690,2810,2615,2630,50623,-0.025925925925925908
2022-11-15,2630,2680,2540,2625,52172,-0.0019011406844106071
2022-11-16,2630,2780,2625,2750,184235,0.04761904761904767
2022-11-17,2725,2780,2680,2680,44000,-0.025454545454545507
2022-11-18,2710,2710,2645,2675,82109,-0.001865671641791078
2022-11-21,2675,2680,2590,2590,55399,-0.03177570093457949
2022-11-22,2565,2595,2550,2585,14863,-0.0019305019305019266
2022-11-23,2580,2600,2540,2550,34672,-0.013539651837524147
2022-11-24,2585,2735,2575,2705,119003,0.0607843137254902
2022-11-25,2700,2740,2675,2710,31633,0.001848428835489857
2022-11-28,2705,2705,2570,2615,29072,-0.035055350553505504
2022-11-29,2615,2675,2560,2620,17883,0.0019120458891013214
2022-11-30,2645,2725,2640,2680,62748,0.022900763358778553
2022-12-01,2680,2775,2680,2730,73950,0.018656716417910557
2022-12-02,2730,2760,2690,2700,28642,-0.01098901098901095
2022-12-05,2700,2755,2675,2695,88529,-0.0018518518518518823
2022-12-06,2695,3050,2695,2770,749172,0.027829313543599188
2022-12-07,2760,2890,2720,2815,112354,0.016245487364620947
2022-12-08,2815,2885,2780,2845,74163,0.010657193605683846
2022-12-09,2845,2845,2775,2790,39925,-0.019332161687170446
2022-12-12,2800,2835,2745,2755,26615,-0.012544802867383464
2022-12-13,2725,2750,2710,2720,27445,-0.012704174228675091
2022-12-14,2720,2780,2705,2780,19591,0.022058823529411686
2022-12-15,2795,2810,2750,2780,16432,0.0
2022-12-16,2725,2865,2640,2740,91427,-0.014388489208633115
2022-12-19,2700,2720,2665,2670,22705,-0.025547445255474477
2022-12-20,2640,2655,2535,2560,53665,-0.041198501872659166
2022-12-21,2560,2585,2520,2550,14489,-0.00390625
2022-12-22,2550,2645,2545,2600,13659,0.019607843137254832
2022-12-23,2600,2600,2530,2555,33288,-0.017307692307692357
2022-12-26,2540,2550,2485,2515,13575,-0.015655577299412915
2022-12-27,2515,2530,2505,2510,23507,-0.001988071570576566
2022-12-28,2515,2560,2510,2555,15029,0.017928286852589626
2022-12-29,2540,2545,2455,2495,27723,-0.023483365949119372
2023-01-02,2495,2495,2370,2430,53074,-0.02605210420841686
2023-01-03,2410,2430,2335,2375,91640,-0.02263374485596703
2023-01-04,2375,2470,2310,2365,85937,-0.004210526315789442
2023-01-05,2435,2435,2300,2370,134357,0.0021141649048626032
2023-01-06,2385,2495,2380,2480,36510,0.04641350210970474
2023-01-09,2490,2550,2490,2550,22401,0.02822580645161299
2023-01-10,2600,2600,2515,2555,29711,0.0019607843137254832
2023-01-11,2555,2610,2520,2600,22482,0.017612524461839474
2023-01-12,2600,2600,2520,2540,55109,-0.023076923076923106
2023-01-13,2565,2585,2520,2585,37173,0.017716535433070835
2023-01-16,2600,2600,2525,2550,37271,-0.013539651837524147
2023-01-17,2550,2565,2500,2500,31436,-0.019607843137254943
2023-01-18,2500,2575,2490,2565,27845,0.026000000000000023
2023-01-19,2550,2580,2535,2570,15554,0.0019493177387914784
2023-01-20,2570,2600,2510,2595,22022,0.009727626459143934
2023-01-25,2630,2630,2525,2585,42085,-0.003853564547206201
2023-01-26,2610,2630,2575,2630,90124,0.01740812379110257
2023-01-27,2630,2660,2595,2615,37265,-0.005703422053231932
2023-01-30,2620,2650,2610,2650,25892,0.013384321223709472
2023-01-31,2650,2700,2620,2700,32376,0.018867924528301883
2023-02-01,2700,2745,2655,2725,80748,0.0092592592592593
2023-02-02,2725,2770,2705,2715,25890,-0.003669724770642202
2023-02-03,2730,2755,2665,2665,19963,-0.018416206261510082
2023-02-06,2665,2720,2620,2705,23492,0.015009380863039379
2023-02-07,2675,2720,2665,2665,26450,-0.014787430683918634
2023-02-08,2665,2720,2650,2705,37473,0.015009380863039379
2023-02-09,2710,2710,2685,2705,27990,0.0
2023-02-10,2685,2720,2680,2710,48149,0.001848428835489857
2023-02-13,2715,2795,2715,2795,142752,0.03136531365313644
2023-02-14,2780,2850,2780,2845,80947,0.017889087656529412
2023-02-15,2845,2860,2800,2815,67350,-0.010544815465729385
2023-02-16,2810,2855,2810,2845,69231,0.010657193605683846
2023-02-17,2815,2840,2790,2840,38265,-0.0017574692442882123
2023-02-20,2840,2870,2810,2855,51750,0.005281690140845008
2023-02-21,2845,2865,2815,2840,56750,-0.005253940455341555
2023-02-22,2830,2845,2775,2785,77291,-0.01936619718309862
2023-02-23,2785,2825,2785,2800,98741,0.0053859964093356805
2023-02-24,2800,2825,2765,2795,46960,-0.0017857142857142794
2023-02-27,2770,2785,2730,2780,36099,-0.00536672629695889
2023-02-28,2750,2805,2725,2780,50161,0.0
2023-03-02,2780,2800,2750,2780,39141,0.0
2023-03-03,2780,2795,2730,2740,68138,-0.014388489208633115
2023-03-06,2740,2785,2740,2775,39372,0.012773722627737127
2023-03-07,2775,2775,2735,2750,13072,-0.009009009009009028
2023-03-08,2745,2770,2680,2720,41002,-0.010909090909090868
2023-03-09,2720,2720,2650,2690,26726,-0.011029411764705843
2023-03-10,2660,2685,2540,2670,82610,-0.0074349442379182396
2023-03-13,2615,2635,2550,2550,59366,-0.0449438202247191
2023-03-14,2550,2550,2425,2455,112740,-0.03725490196078429
2023-03-15,2475,2505,2445,2455,78775,0.0
2023-03-16,2480,2505,2440,2480,63001,0.010183299389002087
2023-03-17,2505,2580,2480,2505,300203,0.010080645161290258
2023-03-20,2510,2580,2480,2495,160240,-0.003992015968063867
2023-03-21,2515,2535,2450,2510,84008,0.006012024048096087
2023-03-22,2510,2515,2425,2475,155781,-0.013944223107569709
2023-03-23,2475,2475,2410,2450,58534,-0.010101010101010055
2023-03-24,2430,2525,2420,2485,92950,0.014285714285714235
2023-03-27,2500,2525,2435,2435,73035,-0.02012072434607648
2023-03-28,2460,2540,2450,2500,83065,0.026694045174537884
2023-03-29,2510,2570,2500,2555,52831,0.02200000000000002
2023-03-30,2675,2675,2555,2600,87717,0.017612524461839474
2023-03-31,2640,2650,2535,2610,81995,0.0038461538461538325
2023-04-03,2610,2675,2595,2675,84528,0.02490421455938696
2023-04-04,2665,2710,2635,2650,91114,-0.009345794392523366
2023-04-05,2625,2685,2615,2615,79674,-0.013207547169811318
2023-04-06,2615,2615,2530,2595,57450,-0.007648183556405397
2023-04-07,2580,2665,2530,2575,60171,-0.0077071290944122905
2023-04-10,2600,2620,2530,2535,88511,-0.01553398058252431
2023-04-11,2540,2600,2535,2585,63269,0.019723865877712132
2023-04-12,2590,2620,2545,2575,66359,-0.003868471953578312
2023-04-13,2550,2630,2540,2615,49110,0.01553398058252431
2023-04-14,2635,2655,2575,2600,76458,-0.005736137667303964
2023-04-17,2595,2735,2590,2730,155858,0.050000000000000044
2023-04-18,2700,2730,2650,2680,68546,-0.01831501831501836
2023-04-19,2680,2710,2665,2675,62069,-0.001865671641791078
2023-04-20,2670,2675,2570,2585,117196,-0.03364485981308407
2023-04-21,2545,2585,2485,2500,118030,-0.03288201160541582
2023-04-24,2500,2500,2470,2485,39880,-0.006000000000000005
2023-04-25,2480,2535,2430,2460,67797,-0.010060362173038184
2023-04-26,2450,2480,2425,2465,41565,0.00203252032520318
2023-04-27,2460,2490,2415,2485,54631,0.008113590263691739
2023-04-28,2490,2490,2430,2450,26946,-0.014084507042253502
2023-05-02,2470,2490,2430,2445,52211,-0.0020408163265306367
2023-05-03,2470,2480,2435,2460,34100,0.006134969325153339
2023-05-04,2430,2475,2430,2460,38631,0.0
2023-05-08,2465,2545,2460,2525,94280,0.026422764227642226
2023-05-09,2525,2540,2475,2515,27479,-0.003960396039603964
2023-05-10,2500,2555,2490,2550,46039,0.013916500994035852
2023-05-11,2545,2585,2520,2540,59753,-0.0039215686274509665
2023-05-12,2540,2560,2510,2535,16371,-0.0019685039370078705
2023-05-15,2540,2600,2480,2575,79804,0.015779092702169706
2023-05-16,2580,2610,2515,2555,158585,-0.007766990291262155
2023-05-17,2615,2675,2570,2635,169240,0.03131115459882583
2023-05-18,2650,2700,2610,2615,139145,-0.007590132827324458
2023-05-19,2655,2695,2635,2675,82673,0.02294455066921608
2023-05-22,2675,2695,2635,2635,59358,-0.01495327102803734
2023-05-23,2640,2680,2600,2635,51343,0.0
2023-05-24,2635,2650,2535,2550,181884,-0.032258064516129004
2023-05-25,2580,2580,2540,2570,50292,0.007843137254901933
2023-05-26,2575,2660,2565,2590,83112,0.0077821011673151474
2023-05-30,2620,2745,2620,2670,322934,0.030888030888030826
2023-05-31,2710,2940,2710,2790,905564,0.04494382022471921
2023-06-01,2805,2870,2765,2860,236648,0.02508960573476693
2023-06-02,2860,2880,2765,2790,156935,-0.02447552447552448
2023-06-05,2795,2850,2740,2835,151177,0.016129032258064502
2023-06-07,2825,2900,2815,2830,65141,-0.0017636684303351524
2023-06-08,2830,2845,2775,2800,80439,-0.010600706713780883
2023-06-09,2810,2860,2810,2830,57636,0.010714285714285676
2023-06-12,2850,2930,2820,2920,132207,0.03180212014134276
2023-06-13,2930,3045,2920,3015,198880,0.03253424657534243
2023-06-14,3000,3040,2890,2940,170704,-0.02487562189054726
2023-06-15,2940,3000,2900,2940,83175,0.0
2023-06-16,2945,2990,2925,2950,32606,0.00340136054421758
2023-06-19,2950,2975,2885,2930,66845,-0.006779661016949157
2023-06-20,2910,2930,2830,2890,81745,-0.013651877133105783
2023-06-21,2840,2915,2835,2865,39453,-0.00865051903114189
2023-06-22,2820,2930,2810,2900,45071,0.01221640488656206
2023-06-23,2855,2935,2765,2765,101905,-0.04655172413793107
2023-06-26,2765,2890,2735,2880,45320,0.041591320072332794
2023-06-27,2905,2940,2855,2875,38912,-0.0017361111111111605
2023-06-28,2875,2920,2825,2895,25760,0.006956521739130528
2023-06-29,2880,2955,2810,2835,22942,-0.020725388601036232
2023-06-30,2835,2900,2790,2875,33462,0.014109347442680775
2023-07-03,2875,2985,2875,2960,95883,0.029565217391304355
2023-07-04,2965,2990,2910,2910,62504,-0.016891891891891886
2023-07-05,2940,2970,2830,2870,50323,-0.013745704467353903
2023-07-06,2870,2870,2725,2795,70141,-0.026132404181184676
2023-07-07,2745,2790,2705,2745,73632,-0.017889087656529523
2023-07-10,2745,2785,2665,2785,89424,0.014571948998178597
2023-07-11,2785,2790,2750,2790,36038,0.0017953321364452268
2023-07-12,2815,2860,2795,2845,64628,0.019713261648745428
2023-07-13,2845,2895,2790,2790,99309,-0.019332161687170446
2023-07-14,2790,3205,2765,3190,1372477,0.14336917562724016
2023-07-17,3195,3380,3090,3145,767981,-0.014106583072100332
2023-07-18,3145,3185,3015,3080,198916,-0.020667726550079535
2023-07-19,3080,3090,3010,3055,84560,-0.008116883116883078
2023-07-20,3050,3050,2910,2960,215367,-0.03109656301145658
2023-07-21,2930,3040,2930,3015,52799,0.01858108108108114
2023-07-24,2985,3100,2920,3100,109307,0.028192371475953548
2023-07-25,3035,3105,2965,3025,108701,-0.024193548387096753
2023-07-26,3005,3005,2670,2775,221536,-0.0826446280991735
2023-07-27,2775,2925,2745,2890,98456,0.04144144144144146
2023-07-28,2855,2930,2855,2865,90133,-0.00865051903114189
2023-07-31,2890,2930,2850,2905,65479,0.013961605584642323
2023-08-01,2905,2965,2900,2955,57817,0.01721170395869187
2023-08-02,2925,3060,2905,2910,101532,-0.015228426395939132
2023-08-03,2890,2970,2845,2940,99716,0.010309278350515427
2023-08-04,2945,2950,2835,2920,63647,-0.006802721088435382
2023-08-07,2915,2920,2745,2785,116830,-0.046232876712328785
2023-08-08,2785,2835,2730,2755,78948,-0.010771992818671472
2023-08-09,2730,2790,2710,2770,37534,0.005444646098003547
2023-08-10,2780,2835,2725,2725,52235,-0.016245487364620947
2023-08-11,2730,2915,2715,2715,133286,-0.003669724770642202
2023-08-14,2620,2705,2345,2400,431582,-0.11602209944751385
2023-08-16,2400,2430,2300,2345,202770,-0.022916666666666696
2023-08-17,2315,2345,2215,2280,293194,-0.02771855010660984
2023-08-18,2235,2280,2165,2265,135307,-0.006578947368421018
2023-08-21,2260,2310,2250,2295,90127,0.013245033112582849
2023-08-22,2350,2350,2245,2260,73024,-0.015250544662309351
2023-08-23,2260,2310,2225,2250,60803,-0.004424778761061954
2023-08-24,2325,2400,2285,2390,100341,0.06222222222222218
2023-08-25,2385,2385,2330,2380,56462,-0.004184100418409997
2023-08-28,2385,2425,2350,2370,48035,-0.004201680672268893
2023-08-29,2370,2410,2335,2345,59032,-0.010548523206751037
2023-08-30,2360,2400,2310,2310,98359,-0.014925373134328401
2023-08-31,2320,2360,2310,2315,78207,0.0021645021645022577
2023-09-01,2315,2405,2315,2375,66021,0.02591792656587466
2023-09-04,2375,2380,2310,2355,53121,-0.008421052631578996
2023-09-05,2360,2425,2325,2355,40730,0.0
2023-09-06,2360,2390,2330,2330,46212,-0.010615711252653925
2023-09-07,2310,2375,2305,2375,38059,0.0193133047210301
2023-09-08,2355,2385,2310,2375,63042,0.0
2023-09-11,2375,2385,2340,2355,70141,-0.008421052631578996
2023-09-12,2380,2380,2335,2355,43374,0.0
2023-09-13,2350,2375,2270,2270,74443,-0.03609341825902335
2023-09-14,2270,2335,2270,2290,125473,0.008810572687224738
2023-09-15,2320,2345,2300,2335,104768,0.01965065502183405
2023-09-18,2320,2335,2255,2275,78263,-0.025695931477516032
2023-09-19,2275,2280,2230,2235,55923,-0.01758241758241763
2023-09-20,2225,2290,2225,2270,32482,0.015659955257270708
2023-09-21,2265,2265,2220,2230,45880,-0.017621145374449365
2023-09-22,2210,2230,2195,2205,47368,-0.011210762331838597
2023-09-25,2200,2255,2200,2230,23560,0.01133786848072571
2023-09-26,2215,2235,2200,2235,29055,0.0022421524663676085
2023-09-27,2230,2255,2200,2240,27080,0.0022371364653244186
2023-10-04,2235,2260,2195,2225,78577,-0.006696428571428603
2023-10-05,2220,2235,2145,2175,72805,-0.022471910112359605
2023-10-06,2175,2225,2175,2225,14328,0.02298850574712641
2023-10-10,2225,2235,2180,2200,28783,-0.011235955056179803
2023-10-11,2200,2250,2200,2240,22857,0.018181818181818077
2023-10-12,2240,2260,2225,2245,29907,0.0022321428571427937
2023-10-13,2245,2250,2215,2225,26457,-0.008908685968819552
2023-10-16,2230,2275,2210,2235,29192,0.004494382022471877
2023-10-17,2205,2270,2205,2255,29496,0.008948545861297452
2023-10-18,2255,2300,2240,2260,19959,0.0022172949002217113
2023-10-19,2230,2260,2210,2255,21676,-0.0022123893805309214
2023-10-20,2220,2235,2165,2190,81438,-0.02882483370288247
2023-10-23,2175,2195,2150,2155,38026,-0.01598173515981738
2023-10-24,2150,2210,2150,2210,24086,0.025522041763341052
2023-10-25,2250,2250,2200,2210,14820,0.0
2023-10-26,2185,2215,2140,2215,51957,0.002262443438914019
2023-10-27,2200,2215,2165,2180,13467,-0.015801354401805856
2023-10-30,2190,2240,2180,2240,26679,0.02752293577981657
2023-10-31,2245,2295,2240,2255,26385,0.006696428571428603
2023-11-01,2255,2290,2230,2245,41600,-0.0044345898004434225
2023-11-02,2270,2290,2255,2275,25013,0.013363028953229383
2023-11-03,2300,2510,2295,2380,258857,0.04615384615384621
2023-11-06,2390,2455,2380,2440,82185,0.025210084033613356
2023-11-07,2440,2500,2375,2390,72212,-0.020491803278688492
2023-11-08,2390,2440,2390,2425,41753,0.014644351464435212
2023-11-09,2410,2490,2410,2435,64630,0.004123711340206171
2023-11-10,2435,2440,2370,2400,58183,-0.014373716632443578
2023-11-13,2430,2445,2375,2400,33192,0.0
2023-11-14,2400,2450,2355,2375,124935,-0.01041666666666663
2023-11-15,2405,2485,2405,2440,164332,0.027368421052631486
2023-11-16,2510,2645,2470,2570,338916,0.05327868852459017
2023-11-17,2580,2650,2565,2575,130908,0.0019455252918287869
2023-11-20,2595,2695,2580,2695,104561,0.046601941747572706
2023-11-21,2695,2775,2670,2775,91876,0.029684601113172615
2023-11-22,2750,2820,2725,2800,56021,0.009009009009008917
2023-11-23,2800,2825,2745,2745,36288,-0.019642857142857184
2023-11-24,2800,2840,2740,2835,56325,0.032786885245901676
2023-11-27,2805,2860,2745,2810,88450,-0.00881834215167554
2023-11-28,2810,2810,2720,2760,69125,-0.017793594306049876
2023-11-29,2785,2790,2735,2770,38559,0.0036231884057971175
2023-11-30,2770,2870,2770,2870,66627,0.036101083032491044
2023-12-01,2885,2930,2835,2850,89394,-0.006968641114982632
2023-12-04,2845,2845,2710,2785,121098,-0.02280701754385961
2023-12-05,2785,2785,2695,2770,66393,-0.0053859964093356805
2023-12-06,2745,2745,2690,2705,65533,-0.023465703971119134
2023-12-07,2700,2710,2665,2710,48937,0.001848428835489857
2023-12-08,2715,2785,2715,2730,75569,0.007380073800737907
2023-12-11,2770,2770,2720,2740,51336,0.00366300366300365
2023-12-12,2745,2830,2735,2810,72811,0.025547445255474477
2023-12-13,2810,2840,2780,2825,24650,0.005338078291814874
2023-12-14,2830,2840,2765,2790,87865,-0.012389380530973493
2023-12-15,2800,2865,2800,2810,45532,0.007168458781362075
2023-12-18,2820,2820,2715,2720,65697,-0.03202846975088969
2023-12-19,2745,3195,2705,2830,773882,0.040441176470588314
2023-12-20,2835,2925,2825,2915,115917,0.030035335689045928
2023-12-21,2910,2910,2805,2810,63224,-0.03602058319039447
2023-12-22,2810,2835,2790,2810,47046,0.0
2023-12-26,2815,2815,2750,2770,43418,-0.014234875444839812
2023-12-27,2770,2850,2760,2780,26092,0.0036101083032491488
2023-12-28,2785,2800,2725,2745,43794,-0.01258992805755399
2024-01-02,2720,2850,2610,2785,101215,0.014571948998178597
2024-01-03,2765,2865,2750,2845,63504,0.021543985637342944
2024-01-04,2845,2865,2810,2850,27994,0.0017574692442883233
2024-01-05,2845,2845,2775,2825,44625,-0.00877192982456143
2024-01-08,2825,2900,2795,2900,84679,0.026548672566371723
2024-01-09,2905,2925,2855,2895,70794,-0.0017241379310344307
2024-01-10,2910,2910,2850,2875,54480,-0.006908462867012077
2024-01-11,2860,2915,2860,2890,38168,0.00521739130434784
2024-01-12,2890,2915,2860,2880,51430,-0.0034602076124568004
2024-01-15,2865,3020,2850,3015,154321,0.046875
2024-01-16,3030,3470,2855,2980,3098687,-0.011608623548922004
2024-01-17,2955,2970,2840,2960,198954,-0.006711409395973145
2024-01-18,2930,3295,2850,3265,779715,0.10304054054054057
2024-01-19,3275,3415,3240,3355,442993,0.027565084226646164
2024-01-22,3380,3470,3290,3380,494419,0.007451564828613977
2024-01-23,3400,3630,3395,3605,531956,0.06656804733727806
2024-01-24,3610,3710,3450,3575,368025,-0.00832177531206657
2024-01-25,3575,3580,3265,3305,319610,-0.0755244755244755
2024-01-26,3305,3350,3260,3310,144535,0.001512859304084735
2024-01-29,3310,3340,3120,3160,198347,-0.0453172205438066
2024-01-30,3160,3195,3055,3165,126856,0.0015822784810126667
2024-01-31,3140,3145,3010,3060,119035,-0.033175355450236976
2024-02-01,3060,3090,2950,2970,145455,-0.02941176470588236
2024-02-02,2975,3025,2935,2945,119884,-0.008417508417508435
2024-02-05,2960,2990,2855,2890,144433,-0.018675721561969394
2024-02-06,2890,3020,2865,3000,119538,0.03806228373702414
2024-02-07,3010,3100,2945,2990,76567,-0.0033333333333332993
2024-02-08,2955,3035,2935,3010,79900,0.006688963210702337
2024-02-13,3020,3110,3015,3070,59495,0.019933554817275656
2024-02-14,2980,3055,2915,3000,153319,-0.0228013029315961
2024-02-15,3000,3010,2880,2920,135357,-0.026666666666666616
2024-02-16,2920,2935,2805,2805,188920,-0.03938356164383561
2024-02-19,2805,2890,2770,2870,95793,0.02317290552584672
2024-02-20,2870,2870,2780,2810,106236,-0.020905923344947785
2024-02-21,2795,2870,2700,2865,138824,0.019572953736654908
2024-02-22,2870,2950,2835,2890,108069,0.008726003490401313
2024-02-23,2920,2945,2850,2865,76168,-0.00865051903114189
2024-02-26,2865,2940,2800,2815,52649,-0.017452006980802848
2024-02-27,2810,2855,2755,2825,75093,0.003552397868561208
2024-02-28,2800,2895,2665,2665,174424,-0.05663716814159292
2024-02-29,2675,2840,2660,2800,137544,0.05065666041275807
2024-03-04,2810,2890,2760,2845,67174,0.016071428571428514
2024-03-05,2845,2880,2725,2755,65262,-0.03163444639718804
2024-03-06,2725,2850,2705,2800,48066,0.016333938294010864
2024-03-07,2800,2830,2725,2750,86737,-0.017857142857142905
2024-03-08,2755,2820,2730,2795,38640,0.016363636363636358
2024-03-11,2795,2795,2705,2705,60155,-0.03220035778175312
2024-03-12,2705,2990,2650,2705,410030,0.0
2024-03-13,2705,2790,2700,2785,114318,0.02957486136783727
2024-03-14,2785,2795,2700,2700,95106,-0.030520646319569078
2024-03-15,2710,2775,2700,2745,99210,0.016666666666666607
2024-03-18,2745,2845,2745,2835,90204,0.032786885245901676
2024-03-19,2830,2830,2730,2745,74694,-0.031746031746031744
2024-03-20,2745,2830,2695,2710,149678,-0.012750455373406244
2024-03-21,2710,3160,2710,2880,805646,0.0627306273062731
2024-03-22,2895,2935,2860,2880,112529,0.0
2024-03-25,2885,2975,2885,2945,78583,0.02256944444444442
2024-03-26,2945,2995,2850,2860,173538,-0.028862478777589184
2024-03-27,2845,2880,2785,2810,113589,-0.0174825174825175
2024-03-28,2805,2840,2705,2735,125198,-0.026690391459074703
2024-03-29,2730,2745,2675,2705,126854,-0.010968921389396757
2024-04-01,2705,2790,2665,2675,145937,-0.011090573012939031
2024-04-02,2665,2680,2620,2645,115605,-0.01121495327102806
2024-04-03,2615,2635,2525,2530,181781,-0.04347826086956519
2024-04-04,2515,2590,2515,2580,100726,0.01976284584980248
2024-04-05,2550,2590,2485,2495,102753,-0.032945736434108475
2024-04-08,2485,2645,2435,2640,151560,0.05811623246492981
2024-04-09,2610,2635,2540,2570,77676,-0.02651515151515149
2024-04-11,2620,2710,2535,2685,114592,0.04474708171206232
2024-04-12,2685,2790,2655,2745,110202,0.022346368715083775
2024-04-15,2705,2815,2705,2740,71397,-0.0018214936247723523
2024-04-16,2735,2740,2650,2710,94882,-0.010948905109489093
2024-04-17,2695,2730,2670,2680,39918,-0.011070110701106972
2024-04-18,2680,2725,2660,2720,42140,0.014925373134328401
2024-04-19,2705,2715,2635,2680,51997,-0.014705882352941124
2024-04-22,2710,2710,2645,2695,39591,0.005597014925373234
2024-04-23,2695,2780,2695,2735,55383,0.014842300556586308
2024-04-24,2740,2810,2740,2800,57771,0.02376599634369292
2024-04-25,2795,2950,2775,2870,138305,0.02499999999999991
2024-04-26,2860,2930,2800,2870,128493,0.0
2024-04-29,2950,3285,2920,3055,908928,0.06445993031358888
2024-04-30,3050,3120,3000,3025,183705,-0.009819967266775809
2024-05-02,3015,3085,2945,3055,152650,0.009917355371900749
2024-05-03,3040,3185,3035,3150,245592,0.03109656301145658
2024-05-07,3145,3165,3045,3125,139416,-0.007936507936507908
2024-05-08,3115,3220,3070,3155,162207,0.009600000000000053
2024-05-09,3200,3215,3110,3200,113976,0.014263074484944571
2024-05-10,3210,3230,3080,3105,112627,-0.029687499999999978
2024-05-13,3105,3115,2910,3020,124010,-0.027375201288244777
2024-05-14,3000,3145,3000,3005,127806,-0.004966887417218513
2024-05-16,3010,3115,3010,3115,65320,0.03660565723793674
2024-05-17,3050,3150,3005,3110,162446,-0.0016051364365970988
2024-05-20,3070,3115,2905,2920,175390,-0.06109324758842438
2024-05-21,2925,3055,2925,3015,143335,0.03253424657534243
2024-05-22,3035,3095,2995,3020,118158,0.0016583747927032544
2024-05-23,3020,3025,2940,2965,59984,-0.018211920529801362
2024-05-24,2935,3085,2530,2600,740556,-0.12310286677908933
2024-05-27,2530,2680,2520,2645,238198,0.017307692307692246
2024-05-28,2645,2655,2440,2450,401825,-0.07372400756143671
2024-05-29,2480,2480,2400,2475,136756,0.010204081632652962
2024-05-30,2455,2495,2450,2475,69222,0.0
2024-05-31,2455,2490,2380,2395,235056,-0.03232323232323231
2024-06-03,2400,2470,2380,2455,108820,0.025052192066805867
2024-06-04,2430,2535,2430,2470,127713,0.006109979633401208
2024-06-05,2525,2605,2480,2515,171165,0.018218623481781382
2024-06-07,2525,2565,2490,2535,70101,0.007952286282306265
2024-06-10,2535,2570,2500,2565,59511,0.01183431952662728
2024-06-11,2575,2595,2540,2550,55929,-0.005847953216374324
2024-06-12,2550,2610,2505,2580,62677,0.0117647058823529
2024-06-13,2610,2610,2490,2515,88248,-0.025193798449612448
2024-06-14,2560,2560,2460,2510,46023,-0.001988071570576566
2024-06-17,2510,2560,2480,2560,62898,0.019920318725099584
2024-06-18,2535,2570,2525,2545,43103,-0.005859375
2024-06-19,2540,2605,2540,2590,47957,0.017681728880157177
2024-06-20,2610,2610,2540,2560,24265,-0.01158301158301156
2024-06-21,2560,2570,2490,2510,60849,-0.01953125
2024-06-24,2510,2555,2440,2530,31837,0.007968127490039834
2024-06-25,2500,2560,2450,2560,33797,0.011857707509881354
2024-06-26,2505,2585,2505,2565,31001,0.001953125
2024-06-27,2530,2560,2490,2520,28982,-0.01754385964912286
2024-06-28,2520,2570,2490,2490,25638,-0.011904761904761862
2024-07-01,2490,2545,2485,2505,22060,0.006024096385542244
2024-07-02,2530,2530,2420,2475,38864,-0.0119760479041916
2024-07-03,2450,2490,2385,2415,48695,-0.024242424242424288
2024-07-04,2390,2455,2350,2400,75612,-0.006211180124223614
2024-07-05,2400,2400,2260,2260,97054,-0.05833333333333335
2024-07-08,2270,2315,2220,2255,47812,-0.0022123893805309214
2024-07-09,2260,2310,2205,2270,62026,0.006651884700665134
2024-07-10,2270,2285,2215,2240,67556,-0.013215859030836996
2024-07-11,2220,2265,2165,2230,69302,-0.004464285714285698
2024-07-12,2230,2250,2160,2250,88049,0.008968609865470878
2024-07-15,2250,2250,2180,2205,54085,-0.020000000000000018
2024-07-16,2205,2220,2140,2165,60085,-0.01814058956916098
2024-07-17,2165,2245,2160,2190,65643,0.011547344110854452
2024-07-18,2170,2205,2135,2185,47961,-0.0022831050228310223
2024-07-19,2220,2220,2120,2185,31878,0.0
2024-07-22,2175,2190,2125,2135,30641,-0.022883295194508046
2024-07-23,2135,2145,2050,2090,39765,-0.021077283372365363
2024-07-24,2090,2150,2080,2115,46846,0.011961722488038173
2024-07-25,2115,2115,2030,2100,60321,-0.007092198581560294
2024-07-26,2105,2110,2050,2105,28601,0.0023809523809523725
2024-07-29,2090,2090,2025,2025,96120,-0.038004750593824244
2024-07-30,2015,2025,1965,1980,52529,-0.022222222222222254
2024-07-31,1970,2010,1970,2010,38515,0.015151515151515138
2024-08-01,2030,2030,1990,1992,32761,-0.008955223880596996
2024-08-02,1991,1991,1910,1925,71649,-0.033634538152610416
2024-08-05,1897,1897,1516,1531,285343,-0.20467532467532468
2024-08-06,1536,1621,1536,1595,90677,0.04180274330502942
2024-08-07,1611,1746,1536,1734,250889,0.08714733542319753
2024-08-08,1750,1777,1664,1707,31803,-0.01557093425605538
2024-08-09,1710,1756,1680,1707,49246,0.0
2024-08-12,1703,2100,1703,2100,1184468,0.23022847100175747
2024-08-13,2300,2730,2245,2545,6847538,0.21190476190476182
2024-08-14,2420,2980,2365,2510,12706843,-0.013752455795677854
2024-08-16,2610,2680,2335,2335,1996589,-0.06972111553784865
2024-08-19,2380,2415,2195,2285,649907,-0.021413276231263434
2024-08-20,2270,2485,2200,2260,1160464,-0.01094091903719907
2024-08-21,2205,2245,2100,2145,469006,-0.05088495575221241
2024-08-22,2125,2155,1915,1994,653425,-0.07039627039627039
2024-08-23,1950,1993,1918,1918,267610,-0.03811434302908723
2024-08-26,1898,1918,1840,1864,289258,-0.028154327424400383
2024-08-27,1864,1866,1815,1864,161344,0.0
2024-08-28,1848,1851,1789,1790,237855,-0.03969957081545061
2024-08-29,1790,1796,1724,1762,177520,-0.015642458100558643
2024-08-30,1752,1797,1710,1722,144064,-0.022701475595913734
2024-09-02,1748,1750,1695,1726,165030,0.0023228803716608404
2024-09-03,1721,1790,1721,1724,99132,-0.0011587485515642815
2024-09-04,1650,1713,1637,1659,87937,-0.03770301624129935
2024-09-05,1646,1725,1599,1634,125681,-0.015069318866787196
2024-09-06,1642,1659,1574,1592,100973,-0.025703794369645094
2024-09-09,1590,1630,1482,1624,159872,0.0201005025125629
2024-09-10,1624,1643,1608,1622,52202,-0.0012315270935960854
2024-09-11,1630,1630,1570,1610,33205,-0.007398273736128225
2024-09-12,1616,1712,1616,1710,55083,0.06211180124223592
2024-09-13,1715,1736,1655,1676,59495,-0.019883040935672502
2024-09-19,1705,1705,1656,1688,49238,0.007159904534606243
2024-09-20,1701,1738,1686,1687,46520,-0.0005924170616113944
2024-09-23,1686,1736,1656,1658,30002,-0.017190278601067033
2024-09-24,1657,1707,1641,1688,27817,0.018094089264173663
2024-09-25,1778,1778,1671,1712,28706,0.014218009478673022
2024-09-26,1713,1771,1710,1768,44366,0.032710280373831724
2024-09-27,1770,1772,1743,1757,41279,-0.0062217194570135526
2024-09-30,1757,1757,1711,1750,58921,-0.003984063745019917
2024-10-02,1719,1729,1699,1711,32632,-0.022285714285714242
2024-10-04,1690,1713,1660,1700,95805,-0.006428988895382792
2024-10-07,1700,1720,1666,1703,42927,0.0017647058823528905
2024-10-08,1680,1720,1680,1705,21874,0.0011743981209630938
2024-10-10,1707,1742,1685,1700,11677,-0.0029325513196480912
2024-10-11,1695,1735,1683,1705,17328,0.002941176470588225
2024-10-14,1705,1724,1684,1700,18081,-0.0029325513196480912
2024-10-15,1738,1738,1689,1700,7272,0.0
2024-10-16,1700,1700,1665,1700,29306,0.0
2024-10-17,1674,1739,1658,1699,24690,-0.0005882352941176672
2024-10-18,1699,1699,1630,1644,30295,-0.032371983519717484
2024-10-21,1644,1657,1629,1656,23919,0.007299270072992803
2024-10-22,1648,1675,1615,1641,19847,-0.009057971014492794
2024-10-23,1640,1641,1608,1633,22641,-0.0048750761730651515
2024-10-24,1592,1610,1576,1578,17494,-0.03368034292712796
2024-10-25,1578,1609,1562,1603,20888,0.01584283903675532
2024-10-28,1603,1656,1565,1620,16222,0.010605115408608867
2024-10-29,1620,1653,1550,1617,11916,-0.0018518518518518823
2024-10-30,1617,1629,1600,1600,4833,-0.010513296227581903
2024-10-31,1600,1618,1556,1601,13079,0.0006250000000000977
2024-11-01,1619,1619,1569,1601,26970,0.0
2024-11-04,1580,1609,1550,1586,19946,-0.00936914428482194
2024-11-05,1586,1642,1572,1586,13624,0.0
2024-11-06,1586,1650,1562,1594,25123,0.0050441361916770955
2024-11-07,1578,1594,1567,1578,10719,-0.010037641154328703
2024-11-08,1578,1635,1570,1589,18805,0.006970849176172411
2024-11-11,1645,1645,1532,1575,30098,-0.008810572687224627
2024-11-12,1575,1575,1483,1511,43070,-0.04063492063492069
2024-11-13,1511,1557,1400,1479,51376,-0.021178027796161514
2024-11-14,1450,1533,1443,1500,25847,0.014198782961460488
2024-11-15,1433,1552,1424,1552,113671,0.03466666666666662
2024-11-18,1576,1576,1537,1558,18078,0.0038659793814432852
2024-11-19,1504,1578,1460,1560,72779,0.0012836970474967568
2024-11-20,1548,1574,1530,1554,13949,-0.0038461538461538325
2024-11-21,1534,1569,1505,1556,19606,0.0012870012870012104
2024-11-22,1536,1589,1536,1580,11203,0.015424164524421524
2024-11-25,1569,1638,1496,1582,11985,0.0012658227848101333
2024-11-26,1562,1608,1562,1597,4846,0.009481668773704266
2024-11-27,1582,1619,1571,1619,31263,0.013775829680651164
2024-11-28,1619,1639,1609,1621,15335,0.001235330450895633
2024-11-29,1645,1645,1604,1612,17247,-0.005552128315854388
2024-12-02,1612,1615,1519,1519,32690,-0.05769230769230771
2024-12-03,1519,1568,1519,1529,30936,0.006583278472679366
2024-12-04,1503,1557,1485,1542,31504,0.008502289077828573
2024-12-05,1528,1637,1506,1571,64372,0.018806744487678273
2024-12-06,1544,1680,1544,1662,124148,0.05792488860598355
2024-12-09,1650,1790,1610,1738,271623,0.04572803850782181
2024-12-10,1742,2255,1742,2255,1773669,0.2974683544303798
2024-12-11,2580,2655,2175,2425,2308159,0.07538802660753885
2024-12-12,2365,2425,2120,2135,775922,-0.1195876288659794
2024-12-13,2115,2225,1954,2210,728316,0.03512880562060894
2024-12-16,2150,2210,1945,1964,535075,-0.11131221719457018
2024-12-17,1970,1983,1821,1915,310488,-0.024949083503055025
2024-12-18,1884,1894,1808,1850,245683,-0.03394255874673624
2024-12-19,1848,1848,1745,1782,188525,-0.036756756756756714
2024-12-20,1770,1836,1735,1784,223181,0.001122334455667895
2024-12-23,1784,1899,1767,1885,185355,0.05661434977578472
2024-12-24,1900,1909,1810,1810,133407,-0.03978779840848812
2024-12-26,1829,1857,1710,1747,122731,-0.0348066298342542
2024-12-27,1714,1739,1641,1738,88039,-0.005151688609044025
2024-12-30,1729,1809,1725,1799,108523,0.03509781357882624
2025-01-02,1814,1916,1770,1905,366443,0.05892162312395777
2025-01-03,1900,1917,1811,1831,242937,-0.03884514435695541
2025-01-06,1829,1876,1798,1818,136154,-0.007099945385035444
2025-01-07,1819,1855,1799,1814,69840,-0.002200220022002153
2025-01-08,1796,1847,1796,1800,51474,-0.007717750826901848
2025-01-09,1820,1874,1777,1874,121266,0.0411111111111111
2025-01-10,1857,1890,1844,1859,76592,-0.008004268943436532
2025-01-13,1840,1840,1754,1805,88575,-0.029047875201721363
2025-01-14,1801,1814,1777,1792,25653,-0.00720221606648197
2025-01-15,1839,1923,1811,1812,134432,0.01116071428571419
2025-01-16,1812,1885,1779,1796,70551,-0.008830022075055233
2025-01-17,1834,1834,1706,1756,104696,-0.022271714922049046
2025-01-20,1757,1782,1720,1740,43402,-0.009111617312072884
2025-01-21,1721,1740,1699,1718,56815,-0.012643678160919491
2025-01-22,1737,1737,1669,1698,46464,-0.011641443538998875
2025-01-23,1698,1698,1651,1697,36895,-0.0005889281507656108
2025-01-24,1679,1749,1660,1682,78465,-0.008839127872716568
2025-01-31,1679,1712,1666,1681,74175,-0.0005945303210463937
2025-02-03,1662,1703,1625,1665,49200,-0.009518143961927406
2025-02-04,1651,1723,1651,1722,46178,0.03423423423423433
2025-02-05,1729,1787,1729,1770,39265,0.027874564459930307
2025-02-06,1800,1825,1770,1807,62498,0.020903954802259817
2025-02-07,1807,1889,1807,1861,97792,0.029883785279468666
2025-02-10,1823,1915,1823,1910,79545,0.026329930145083225
2025-02-11,1904,2110,1904,2010,407582,0.05235602094240832
2025-02-12,2015,2070,1987,2050,117110,0.01990049751243772
2025-02-13,1920,2090,1920,2065,135778,0.007317073170731714
2025-02-14,2065,2100,1990,2070,36889,0.002421307506053294
2025-02-17,2055,2180,1986,1987,141984,-0.0400966183574879
2025-02-18,1987,2145,1986,2125,91882,0.06945143432310008
2025-02-19,2100,2170,1980,2165,86340,0.018823529411764683
2025-02-20,2170,2290,2135,2195,132212,0.01385681293302543
2025-02-21,2180,2260,2180,2260,45918,0.029612756264236983
2025-02-24,2300,2370,2220,2330,166505,0.030973451327433565
2025-02-25,2385,2385,2285,2325,69146,-0.0021459227467811592
2025-02-26,2290,2365,2260,2305,63808,-0.008602150537634357
2025-02-27,2290,2295,2145,2195,85894,-0.04772234273318876
2025-02-28,2195,2340,2130,2330,154384,0.06150341685649208
2025-03-04,2325,2370,2245,2280,82426,-0.02145922746781115
2025-03-05,2220,2385,2220,2330,88542,0.021929824561403466
2025-03-06,2320,2385,2285,2380,62739,0.02145922746781115
2025-03-07,2370,2390,2065,2200,119550,-0.07563025210084029
2025-03-10,2185,2240,2110,2210,34246,0.00454545454545463
2025-03-11,2100,2195,2095,2140,26709,-0.03167420814479638
2025-03-12,2140,2245,2105,2200,38465,0.028037383177569986
2025-03-13,2200,2250,2065,2150,16558,-0.022727272727272707
2025-03-14,2125,2240,2115,2150,5293,0.0
2025-03-17,2125,2140,2010,2100,20184,-0.023255813953488413
2025-03-18,2110,2115,2005,2035,40689,-0.030952380952380953
2025-03-19,2010,2070,1993,2005,45647,-0.014742014742014753
2025-03-20,2005,2005,1920,1920,33885,-0.04239401496259354
2025-03-21,2010,2010,1894,1905,46207,-0.0078125
2025-03-24,1905,1905,1800,1800,53955,-0.055118110236220486
2025-03-25,1800,1801,1715,1749,54918,-0.02833333333333332
2025-03-26,1749,2045,1716,2020,89796,0.15494568324756997
2025-03-27,2060,2060,1904,1908,74401,-0.055445544554455495
2025-03-28,1897,1897,1762,1845,48288,-0.03301886792452835
2025-03-31,1845,1845,1717,1814,36371,-0.01680216802168022
2025-04-01,1814,2060,1802,1972,96350,0.08710033076074963
2025-04-02,1972,2015,1848,1856,52376,-0.05882352941176472
2025-04-03,1841,1996,1841,1919,20469,0.033943965517241326
2025-04-04,1967,2160,1898,2120,263669,0.1047420531526837
2025-04-07,2100,2140,1907,2095,97944,-0.011792452830188704
2025-04-08,2095,2145,1920,1992,80888,-0.0491646778042959
2025-04-09,1992,2045,1863,1883,72618,-0.054718875502008046
2025-04-10,1883,1988,1883,1930,77546,0.024960169941582677
2025-04-11,1968,1971,1907,1960,19533,0.015544041450777257
2025-04-14,1960,2090,1922,1989,43448,0.01479591836734695
2025-04-15,2040,2040,1936,1989,23303,0.0
2025-04-16,1989,2025,1930,1955,20536,-0.017094017094017144
2025-04-17,1957,2060,1955,2060,23220,0.053708439897698135
2025-04-18,2060,2100,1983,1983,26673,-0.03737864077669906
2025-04-21,1983,2010,1944,1968,37381,-0.0075642965204235635
2025-04-22,1968,1982,1874,1907,40416,-0.030995934959349603
2025-04-23,1907,1950,1736,1867,41856,-0.02097535395909811
2025-04-24,1867,1867,1786,1850,33512,-0.00910551687198713
2025-04-25,1850,1889,1819,1859,18144,0.004864864864864815
2025-04-28,1892,1892,1773,1833,52683,-0.013986013986013957
2025-04-29,1833,1876,1809,1856,24513,0.012547735951991212
2025-04-30,1856,1939,1856,1891,19545,0.018857758620689724
2025-05-02,1891,1894,1811,1849,17629,-0.022210470650449454
2025-05-07,1895,1922,1840,1889,38303,0.021633315305570555
2025-05-08,1915,1915,1872,1901,10441,0.0063525674960296374
2025-05-09,1939,1939,1823,1862,16619,-0.02051551814834296
2025-05-12,1909,1909,1800,1827,18742,-0.018796992481203034
2025-05-13,1827,1872,1815,1858,21593,0.016967706622879053
2025-05-14,1904,1904,1841,1902,15230,0.023681377825618855
2025-05-15,1920,1920,1805,1864,31675,-0.019978969505783373
2025-05-16,1883,1948,1883,1909,98404,0.024141630901287625
2025-05-19,1926,1930,1880,1912,67591,0.0015715034049239573
2025-05-20,1944,1955,1900,1916,15347,0.0020920502092049986
2025-05-21,1936,1952,1898,1952,23766,0.018789144050104456
2025-05-22,1960,1960,1899,1958,17100,0.0030737704918033515
2025-05-23,1939,1962,1885,1888,51207,-0.035750766087844776
2025-05-26,1887,1887,1807,1865,52798,-0.01218220338983056
2025-05-27,1867,1914,1856,1914,64878,0.026273458445040143
2025-05-28,1914,1914,1781,1835,26002,-0.04127481713688608
2025-05-29,1845,1881,1644,1836,208114,0.0005449591280652921
2025-05-30,1731,1894,1731,1885,27043,0.026688453159041448
2025-06-02,1865,1895,1787,1860,30449,-0.01326259946949604
2025-06-04,1860,1894,1795,1860,19835,0.0
2025-06-05,1840,1874,1806,1862,32895,0.0010752688172042113
2025-06-09,1863,1897,1824,1868,39227,0.0032223415682062218
2025-06-10,1889,1889,1849,1880,30205,0.0064239828693790635
2025-06-11,1880,1900,1762,1860,21126,-0.010638297872340385
2025-06-12,1860,1889,1846,1874,21843,0.007526881720430145
2025-06-13,1874,1913,1800,1869,56438,-0.0026680896478121774
2025-06-16,1869,1887,1833,1882,19595,0.006955591225254132
2025-06-17,1882,1892,1751,1860,31164,-0.011689691817215686
2025-06-18,1858,1881,1829,1850,58648,-0.005376344086021501
2025-06-19,1856,1881,1840,1876,48897,0.014054054054054133
2025-06-20,1876,1881,1850,1876,33015,0.0
2025-06-23,1876,1876,1845,1865,31500,-0.005863539445629007
2025-06-24,1865,1884,1854,1859,34090,-0.0032171581769436797
2025-06-25,1853,1886,1852,1869,33917,0.005379236148467026
2025-06-26,1869,1880,1841,1868,27477,-0.0005350454788657366
2025-06-27,1868,1887,1864,1864,31040,-0.0021413276231263545
2025-06-30,1845,1886,1845,1869,27419,0.002682403433476477
2025-07-01,1869,1898,1850,1870,44342,0.0005350454788657366
2025-07-02,1911,1911,1850,1855,9967,-0.008021390374331583
2025-07-03,1856,1886,1830,1850,38422,-0.0026954177897574594
2025-07-04,1850,1888,1850,1870,16645,0.0108108108108107
2025-07-07,1874,1902,1864,1899,29486,0.015508021390374438
2025-07-08,1910,1910,1850,1885,16689,-0.007372301211163723
2025-07-09,1865,1932,1865,1890,16412,0.0026525198938991412
2025-07-10,1934,1934,1858,1900,20471,0.005291005291005346
2025-07-11,1900,1932,1892,1916,19369,0.008421052631578885
2025-07-14,1913,1928,1897,1920,14226,0.0020876826722338038
2025-07-15,1915,1929,1900,1921,11506,0.0005208333333333037
2025-07-16,1922,1930,1903,1919,25356,-0.0010411244143675447
2025-07-17,1927,1927,1879,1915,10373,-0.0020844189682126535
2025-07-18,1930,1933,1889,1889,14246,-0.013577023498694496
2025-07-21,1889,1918,1878,1903,16634,0.007411328745367873
2025-07-22,1881,1937,1881,1925,42256,0.011560693641618602
2025-07-23,1925,1925,1882,1921,26098,-0.002077922077922123
2025-07-24,1909,1933,1897,1916,28318,-0.0026028110359187506
2025-07-25,1916,1926,1890,1911,24372,-0.0026096033402922547
2025-07-28,1911,1913,1800,1889,43084,-0.01151229722658298
2025-07-29,1934,1934,1872,1886,13488,-0.0015881418740074649
2025-07-30,1888,1923,1888,1903,30986,0.00901378579003187
2025-07-31,1883,1912,1840,1907,17660,0.0021019442984759884
2025-08-01,1871,1924,1862,1924,118151,0.008914525432616616
2025-08-04,1905,1940,1898,1928,22201,0.0020790020790020236
2025-08-05,1928,1972,1915,1957,27869,0.015041493775933557
2025-08-06,1960,2065,1946,2040,58103,0.042411854879918165
2025-08-07,2025,2170,2025,2095,122875,0.026960784313725394
2025-08-08,2095,2140,2040,2085,60128,-0.004773269689737458
2025-08-11,2080,2110,2040,2080,55797,-0.0023980815347721673
2025-08-12,2080,2135,2075,2075,44641,-0.0024038461538461453
2025-08-13,2085,2100,2050,2095,13555,0.009638554216867545
2025-08-14,2105,2110,2065,2075,31069,-0.009546539379474916
2025-08-18,2095,2145,2070,2125,136479,0.024096385542168752
2025-08-19,2120,2130,2045,2070,121716,-0.025882352941176467
2025-08-20,2065,2100,1995,2100,52413,0.01449275362318847
2025-08-21,2080,2115,2065,2095,48793,-0.0023809523809523725
2025-08-22,2095,2300,2090,2220,285178,0.059665871121718395
2025-08-25,2230,2360,2210,2300,125857,0.03603603603603611
2025-08-26,2305,2310,2160,2170,107758,-0.05652173913043479
2025-08-27,2210,2210,2125,2140,97528,-0.01382488479262678
2025-08-28,2140,2205,2090,2200,102308,0.028037383177569986
2025-08-29,2185,2205,2090,2200,83142,0.0
2025-09-01,2195,2295,2170,2295,69495,0.04318181818181821
2025-09-02,2310,2310,2225,2250,66220,-0.019607843137254943
2025-09-03,2250,2285,2210,2250,35897,0.0
2025-09-04,2250,2300,2205,2205,47347,-0.020000000000000018
2025-09-05,2240,2240,2150,2160,33003,-0.020408163265306145
2025-09-08,2180,2395,2170,2330,279369,0.07870370370370372
2025-09-09,2310,2345,2255,2270,92401,-0.025751072961373356
2025-09-10,2270,2455,2270,2450,253745,0.07929515418502198
2025-09-11,2450,2455,2355,2365,120810,-0.03469387755102038
2025-09-12,2385,2425,2340,2350,69222,-0.006342494714587699
2025-09-15,2370,2430,2340,2395,61884,0.01914893617021285
2025-09-16,2395,2420,2355,2385,48712,-0.0041753653444676075
2025-09-17,2385,2400,2330,2350,35259,-0.014675052410901501
2025-09-18,2350,2365,2310,2355,44964,0.0021276595744681437
2025-09-19,2355,2745,2335,2565,533194,0.08917197452229297
2025-09-22,2575,2660,2535,2630,164855,0.025341130604288553
2025-09-23,2665,3100,2590,2890,1775156,0.09885931558935357
2025-09-24,2830,2970,2825,2895,232556,0.0017301038062282892
2025-09-25,2875,2875,2710,2720,159069,-0.060449050086355816
2025-09-26,2670,2760,2670,2695,48929,-0.009191176470588203
2025-09-29,2700,2730,2565,2625,137531,-0.025974025974025983
2025-09-30,2625,2640,2540,2590,64973,-0.013333333333333308
2025-10-01,2540,2765,2540,2600,73659,0.0038610038610038533
2025-10-02,2655,2750,2600,2640,65598,0.01538461538461533
2025-10-10,2665,2725,2650,2665,39161,0.009469696969697017
2025-10-13,2655,3400,2540,2740,3033871,0.02814258911819878
2025-10-14,2755,3195,2650,2975,2094502,0.08576642335766427
2025-10-15,2935,2935,2830,2860,380885,-0.03865546218487392
2025-10-16,2825,2850,2705,2715,310097,-0.05069930069930073
2025-10-17,2680,2710,2580,2580,169931,-0.04972375690607733
2025-10-20,2610,2650,2500,2500,205409,-0.03100775193798455
2025-10-21,2515,2590,2450,2560,113903,0.02400000000000002
2025-10-22,2560,2575,2470,2570,84072,0.00390625
2025-10-23,2550,2655,2525,2530,72799,-0.015564202334630295
2025-10-24,2585,2650,2545,2635,65673,0.04150197628458496
2025-10-27,2710,2740,2600,2625,89397,-0.003795066413662229
2025-10-28,2635,2655,2560,2600,95254,-0.00952380952380949
2025-10-29,2605,2650,2545,2590,74106,-0.0038461538461538325
2025-10-30,2580,2580,2470,2495,73235,-0.03667953667953672
2025-10-31,2515,2570,2465,2490,59834,-0.002004008016032066
2025-11-03,2490,2525,2440,2480,89102,-0.004016064257028162
2025-11-04,2470,2490,2410,2480,56099,0.0
2025-11-05,2480,2480,2355,2440,72590,-0.016129032258064502
2025-11-06,2445,2490,2400,2400,49969,-0.016393442622950838
2025-11-07,2400,2490,2375,2485,50851,0.03541666666666665
2025-11-10,2460,2535,2435,2515,63367,0.012072434607645954
2025-11-11,2500,2560,2480,2535,44211,0.007952286282306265
2025-11-12,2535,2550,2520,2535,16669,0.0
2025-11-13,2535,2535,2430,2485,64377,-0.01972386587771202
2025-11-14,2470,2470,2385,2385,61909,-0.04024144869215296
2025-11-17,2405,2430,2260,2355,208271,-0.012578616352201255
2025-11-18,2355,2355,2215,2245,97024,-0.04670912951167727
