Date,Open,High,Low,Close,Volume,Change
2022-01-03,3705,3705,3550,3575,32304,0.0028050490883591017
2022-01-04,3610,3610,3510,3605,26698,0.008391608391608463
2022-01-05,3630,3750,3550,3715,79056,0.030513176144244092
2022-01-06,3675,3750,3600,3695,49454,-0.0053835800807536804
2022-01-07,3650,3740,3620,3735,36345,0.010825439783491264
2022-01-10,3730,3740,3560,3625,34987,-0.029451137884872858
2022-01-11,3590,3645,3530,3535,30201,-0.024827586206896513
2022-01-12,3570,3675,3510,3610,34764,0.021216407355021172
2022-01-13,3610,3610,3480,3570,75198,-0.011080332409972304
2022-01-14,3570,3605,3485,3545,58762,-0.007002801120448154
2022-01-17,3545,3545,3385,3410,55136,-0.03808180535966155
2022-01-18,3375,3410,3285,3285,53968,-0.03665689149560114
2022-01-19,3280,3420,3235,3380,62709,0.028919330289193246
2022-01-20,3385,3465,3310,3460,62877,0.023668639053254337
2022-01-21,3465,3650,3395,3480,58002,0.005780346820809301
2022-01-24,3450,3505,3350,3400,49032,-0.02298850574712641
2022-01-25,3400,3430,3245,3250,70460,-0.044117647058823484
2022-01-26,3180,3400,3180,3325,43005,0.023076923076922995
2022-01-27,3325,3450,3110,3110,72358,-0.06466165413533831
2022-01-28,3120,3295,3090,3255,42981,0.04662379421221874
2022-02-03,3350,3450,3290,3430,47272,0.053763440860215006
2022-02-04,3495,3530,3430,3480,23167,0.014577259475218707
2022-02-07,3470,3540,3375,3450,27520,-0.008620689655172376
2022-02-08,3460,3495,3250,3250,50231,-0.05797101449275366
2022-02-09,3300,3380,3250,3380,49786,0.040000000000000036
2022-02-10,3405,3630,3405,3525,132557,0.04289940828402372
2022-02-11,3525,3525,3400,3470,46353,-0.015602836879432647
2022-02-14,3355,3435,3345,3375,46437,-0.02737752161383289
2022-02-15,3350,3380,3200,3200,59502,-0.051851851851851816
2022-02-16,3205,3360,3205,3240,48781,0.012499999999999956
2022-02-17,3270,3345,3240,3290,46899,0.015432098765432167
2022-02-18,3275,3350,3275,3295,18068,0.001519756838905817
2022-02-21,3260,3400,3240,3300,41750,0.0015174506828528056
2022-02-22,3270,3350,3150,3155,49879,-0.043939393939393945
2022-02-23,3140,3290,3140,3255,33428,0.031695721077654504
2022-02-24,3255,3300,3115,3215,49101,-0.01228878648233489
2022-02-25,3215,3300,3160,3215,26013,0.0
2022-02-28,3215,3300,3180,3285,27292,0.021772939346811793
2022-03-02,3285,3315,3140,3220,28792,-0.019786910197869156
2022-03-03,3220,3270,3205,3235,14959,0.004658385093167627
2022-03-04,3185,3230,3130,3165,59706,-0.021638330757341562
2022-03-07,3165,3165,3075,3110,36770,-0.017377567140600347
2022-03-08,3050,3095,2980,2980,44335,-0.04180064308681675
2022-03-10,3005,3120,3000,3100,16242,0.04026845637583887
2022-03-11,3070,3180,3070,3115,21497,0.004838709677419395
2022-03-14,3120,3165,3025,3095,15278,-0.006420545746388395
2022-03-15,3050,3095,2980,3040,34785,-0.017770597738287597
2022-03-16,3040,3060,2985,3025,24714,-0.004934210526315819
2022-03-17,3055,3145,3025,3135,42649,0.036363636363636376
2022-03-18,3150,3175,3135,3155,22948,0.006379585326953707
2022-03-21,3200,3200,3120,3170,22341,0.004754358161648264
2022-03-22,3165,3210,3090,3140,20126,-0.009463722397476393
2022-03-23,3160,3195,3090,3125,25458,-0.004777070063694322
2022-03-24,3135,3185,3120,3185,29990,0.019200000000000106
2022-03-25,3215,3235,3100,3130,32603,-0.017268445839874413
2022-03-28,3135,3180,3100,3135,52671,0.0015974440894568342
2022-03-29,3135,3170,3005,3150,15186,0.004784688995215225
2022-03-30,3155,3195,3115,3145,26747,-0.0015873015873015817
2022-03-31,3145,3160,3070,3115,43008,-0.009538950715421324
2022-04-01,3155,3240,3110,3215,64443,0.0321027287319422
2022-04-04,3215,3320,3195,3320,58504,0.03265940902021769
2022-04-05,3320,3400,3285,3395,42941,0.02259036144578319
2022-04-06,3365,3400,3320,3400,39908,0.0014727540500736325
2022-04-07,3360,3420,3305,3355,91212,-0.013235294117647012
2022-04-08,3335,3425,3315,3370,30960,0.0044709388971684305
2022-04-11,3355,3370,3250,3300,31292,-0.020771513353115778
2022-04-12,3250,3285,3190,3265,32537,-0.010606060606060619
2022-04-13,3250,3365,3240,3365,26155,0.030627871362940207
2022-04-14,3360,3400,3275,3325,47176,-0.011887072808320909
2022-04-15,3320,3350,3275,3350,36148,0.007518796992481258
2022-04-18,3315,3370,3200,3215,35528,-0.040298507462686595
2022-04-19,3185,3240,3170,3185,32869,-0.009331259720062213
2022-04-20,3290,4075,3215,3650,5995908,0.14599686028257453
2022-04-21,3610,3650,3475,3525,392795,-0.03424657534246578
2022-04-22,3490,3550,3420,3505,277593,-0.005673758865248235
2022-04-25,3460,3590,3380,3570,413647,0.01854493580599148
2022-04-26,3570,3580,3460,3570,221929,0.0
2022-04-27,3500,3520,3390,3520,110856,-0.014005602240896309
2022-04-28,3520,3590,3480,3520,84782,0.0
2022-04-29,3520,3605,3495,3530,127230,0.0028409090909091717
2022-05-02,3520,3630,3510,3630,168967,0.028328611898017053
2022-05-03,3630,3645,3545,3605,100725,-0.00688705234159781
2022-05-04,3610,3645,3470,3540,106253,-0.018030513176144236
2022-05-06,3500,3590,3440,3530,98680,-0.0028248587570621764
2022-05-09,3505,3530,3380,3380,71838,-0.04249291784702547
2022-05-10,3300,3380,3165,3350,147606,-0.00887573964497046
2022-05-11,3305,3380,3305,3375,35765,0.00746268656716409
2022-05-12,3375,3385,3170,3215,70772,-0.047407407407407454
2022-05-13,3215,3285,3200,3275,50990,0.018662519440124425
2022-05-16,3190,3495,3190,3365,65602,0.027480916030534264
2022-05-17,3370,3460,3365,3440,58398,0.022288261515601704
2022-05-18,3465,3475,3260,3335,150848,-0.030523255813953543
2022-05-19,3325,3325,3210,3270,38182,-0.019490254872563728
2022-05-20,3270,3365,3240,3290,31563,0.006116207951070374
2022-05-23,3270,3325,3225,3260,60844,-0.00911854103343468
2022-05-24,3220,3300,3185,3200,57241,-0.018404907975460127
2022-05-25,3200,3250,3195,3235,30916,0.010937500000000044
2022-05-26,3245,3300,3240,3280,20685,0.01391035548686248
2022-05-27,3280,3330,3230,3295,29902,0.004573170731707377
2022-05-30,3295,3320,3225,3290,52869,-0.0015174506828528056
2022-05-31,3270,3310,3235,3295,39303,0.001519756838905817
2022-06-02,3280,3295,3150,3210,112193,-0.025796661608497695
2022-06-03,3210,3290,3165,3220,45733,0.0031152647975076775
2022-06-07,3215,3215,3040,3090,180205,-0.04037267080745344
2022-06-08,3090,3145,3020,3140,43862,0.016181229773462702
2022-06-09,3120,3120,3030,3085,36497,-0.017515923566879033
2022-06-10,3080,3080,3000,3025,51247,-0.01944894651539708
2022-06-13,2910,2965,2800,2825,132041,-0.06611570247933884
2022-06-14,2700,2825,2690,2815,68777,-0.0035398230088495852
2022-06-15,2855,2930,2700,2910,81333,0.03374777975133214
2022-06-16,2915,3000,2900,3000,48125,0.030927835051546282
2022-06-17,2995,3040,2915,3000,46580,0.0
2022-06-20,3000,3050,2880,3000,41008,0.0
2022-06-21,2975,3020,2925,3000,35842,0.0
2022-06-22,2935,3050,2810,2870,83024,-0.043333333333333335
2022-06-23,2870,2900,2610,2755,68417,-0.04006968641114983
2022-06-24,2755,2900,2710,2865,88934,0.03992740471869327
2022-06-27,2865,2945,2835,2885,36390,0.00698080279232105
2022-06-28,2910,2910,2815,2845,22776,-0.013864818024263426
2022-06-29,2860,3060,2790,2965,63101,0.04217926186291732
2022-06-30,2965,2980,2875,2935,30266,-0.010118043844856706
2022-07-01,2935,3000,2700,2945,38184,0.0034071550255536653
2022-07-04,2845,2945,2795,2910,64121,-0.011884550084889645
2022-07-05,2930,2975,2875,2915,24138,0.0017182130584192379
2022-07-06,2945,2945,2875,2925,15019,0.0034305317324185847
2022-07-07,2920,2935,2890,2930,9115,0.0017094017094017033
2022-07-08,2900,3025,2900,3025,59320,0.03242320819112621
2022-07-11,3025,3045,2930,3010,18352,-0.0049586776859503745
2022-07-12,2965,3070,2900,2910,23508,-0.03322259136212624
2022-07-13,2820,2980,2820,2910,17165,0.0
2022-07-14,2850,2950,2850,2870,11473,-0.013745704467353903
2022-07-15,2830,2950,2830,2930,22798,0.020905923344947785
2022-07-18,2960,2985,2900,2980,17535,0.017064846416382284
2022-07-19,2980,3015,2920,3010,26885,0.010067114093959662
2022-07-20,3010,3040,2960,2970,27573,-0.013289036544850474
2022-07-21,2950,3010,2930,2930,27265,-0.013468013468013518
2022-07-22,2960,2985,2940,2970,8636,0.013651877133105783
2022-07-25,2990,3000,2950,2975,8515,0.0016835016835017313
2022-07-26,2965,3000,2850,2965,43519,-0.003361344537815114
2022-07-27,2965,2990,2875,2895,12145,-0.02360876897133224
2022-07-28,2830,3040,2830,2975,34153,0.02763385146804831
2022-07-29,2975,2985,2940,2950,26425,-0.008403361344537785
2022-08-01,2980,2980,2910,2955,16922,0.0016949152542373724
2022-08-02,2955,2955,2890,2890,11084,-0.021996615905245376
2022-08-03,2890,2955,2875,2955,19415,0.02249134948096887
2022-08-04,2980,3225,2900,2950,316268,-0.0016920473773265332
2022-08-05,3000,3000,2925,2945,16679,-0.0016949152542372614
2022-08-08,2945,2990,2915,2915,19121,-0.01018675721561968
2022-08-09,2915,2950,2885,2925,18880,0.0034305317324185847
2022-08-10,2925,2980,2885,2930,12002,0.0017094017094017033
2022-08-11,2930,2970,2915,2945,15211,0.005119453924914641
2022-08-12,2940,2975,2875,2920,24622,-0.008488964346349714
2022-08-16,2920,2925,2890,2925,8854,0.001712328767123239
2022-08-17,2915,2925,2840,2870,25460,-0.018803418803418848
2022-08-18,2840,2880,2830,2880,18270,0.0034843205574912606
2022-08-19,2855,2920,2800,2880,29317,0.0
2022-08-22,2880,2880,2775,2780,22085,-0.03472222222222221
2022-08-23,2705,2765,2640,2680,80654,-0.03597122302158273
2022-08-24,2610,2730,2610,2680,28281,0.0
2022-08-25,2730,2745,2675,2700,23748,0.00746268656716409
2022-08-26,2705,2735,2690,2695,11908,-0.0018518518518518823
2022-08-29,2665,2665,2540,2650,47623,-0.016697588126159513
2022-08-30,2605,2745,2605,2710,28267,0.02264150943396226
2022-08-31,2710,2760,2680,2740,12493,0.011070110701107083
2022-09-01,2730,2770,2625,2675,19855,-0.02372262773722633
2022-09-02,2675,2690,2640,2665,6530,-0.0037383177570093906
2022-09-05,2620,2680,2580,2585,17765,-0.030018761726078758
2022-09-06,2530,2660,2505,2600,27749,0.005802707930367523
2022-09-07,2600,2680,2575,2675,23567,0.028846153846153744
2022-09-08,2630,2675,2605,2675,18179,0.0
2022-09-13,2700,2715,2610,2710,33470,0.013084112149532645
2022-09-14,2680,2760,2630,2735,14710,0.009225092250922495
2022-09-15,2740,2795,2680,2705,22725,-0.010968921389396757
2022-09-16,2660,2715,2660,2715,14341,0.003696857670979714
2022-09-19,2690,2800,2625,2650,13179,-0.023941068139963217
2022-09-20,2695,3095,2635,2730,1222309,0.030188679245283012
2022-09-21,2750,2755,2650,2655,66108,-0.027472527472527486
2022-09-22,2655,2715,2630,2715,43926,0.02259887005649719
2022-09-23,2700,2700,2520,2530,65722,-0.06813996316758753
2022-09-26,2465,2515,2325,2355,119037,-0.06916996047430835
2022-09-27,2360,2690,2360,2495,192309,0.05944798301486198
2022-09-28,2520,2520,2350,2350,39373,-0.05811623246492981
2022-09-29,2350,2430,2310,2340,25201,-0.004255319148936176
2022-09-30,2290,2710,2290,2380,249326,0.017094017094017033
2022-10-04,2475,2565,2410,2445,93598,0.027310924369747802
2022-10-05,2475,2560,2465,2500,51472,0.02249488752556239
2022-10-06,2480,2620,2480,2590,62460,0.03600000000000003
2022-10-07,2590,2700,2545,2625,62521,0.013513513513513598
2022-10-11,2645,2665,2430,2485,48303,-0.053333333333333344
2022-10-12,2445,2630,2410,2600,108090,0.046277665995975825
2022-10-13,2570,2600,2420,2515,66717,-0.03269230769230769
2022-10-14,2515,2600,2430,2500,45409,-0.005964214711729587
2022-10-17,2510,2510,2400,2485,72674,-0.006000000000000005
2022-10-18,2485,2550,2460,2500,13526,0.006036217303822866
2022-10-19,2565,2565,2410,2485,26430,-0.006000000000000005
2022-10-20,2485,2485,2385,2420,23950,-0.026156941649899346
2022-10-21,2420,2420,2355,2355,23454,-0.02685950413223137
2022-10-24,2355,2595,2350,2485,105119,0.05520169851380041
2022-10-25,2560,2590,2460,2520,32513,0.014084507042253502
2022-10-26,2520,2530,2470,2490,7416,-0.011904761904761862
2022-10-27,2490,2575,2470,2565,24193,0.030120481927710774
2022-10-28,2540,2565,2495,2525,11846,-0.015594541910331383
2022-10-31,2500,2520,2420,2495,15213,-0.011881188118811892
2022-11-01,2570,2570,2430,2435,24337,-0.024048096192384794
2022-11-02,2450,2450,2395,2405,23896,-0.012320328542094416
2022-11-03,2405,2555,2380,2515,49796,0.04573804573804563
2022-11-04,2485,2595,2485,2590,76876,0.02982107355864816
2022-11-07,2575,2600,2500,2600,16707,0.0038610038610038533
2022-11-08,2575,2610,2535,2595,27436,-0.0019230769230769162
2022-11-09,2595,2610,2525,2570,10251,-0.009633911368015391
2022-11-10,2515,2685,2515,2580,90822,0.0038910505836575737
2022-11-11,2605,2680,2605,2660,65434,0.03100775193798455
2022-11-14,2680,2680,2605,2655,21774,-0.001879699248120259
2022-11-15,2660,2665,2595,2650,16596,-0.0018832391713747842
2022-11-16,2645,2645,2580,2635,18008,-0.005660377358490565
2022-11-17,2630,2680,2585,2660,14789,0.009487666034155628
2022-11-18,2645,2665,2600,2600,10912,-0.022556390977443663
2022-11-21,2580,2625,2545,2565,11764,-0.013461538461538414
2022-11-22,2535,2565,2500,2565,18532,0.0
2022-11-23,2545,2590,2540,2550,6553,-0.005847953216374324
2022-11-24,2585,2585,2500,2520,24240,-0.0117647058823529
2022-11-25,2545,2560,2500,2510,10871,-0.003968253968253954
2022-11-28,2510,2510,2480,2480,17466,-0.01195219123505975
2022-11-29,2410,2625,2410,2585,72691,0.04233870967741926
2022-11-30,2600,2620,2580,2610,18670,0.009671179883945946
2022-12-01,2615,2650,2580,2620,29626,0.003831417624521105
2022-12-02,2620,2900,2580,2720,536462,0.03816793893129766
2022-12-05,2770,2990,2725,2895,424166,0.06433823529411775
2022-12-06,2890,2920,2795,2890,73298,-0.0017271157167529916
2022-12-07,2830,3000,2720,2805,393852,-0.02941176470588236
2022-12-08,2805,3335,2700,2885,2728022,0.028520499108734443
2022-12-09,2880,2915,2810,2830,141110,-0.01906412478336217
2022-12-12,2925,2925,2715,2845,232521,0.005300353356890497
2022-12-13,2830,3065,2800,3020,447364,0.06151142355008776
2022-12-14,2980,3140,2960,3055,273934,0.011589403973509826
2022-12-15,3080,3250,3040,3145,252722,0.029459901800327426
2022-12-16,3050,3310,3050,3310,358068,0.05246422893481717
2022-12-19,3310,3375,3175,3225,222607,-0.025679758308157052
2022-12-20,3200,3200,3050,3065,101804,-0.04961240310077519
2022-12-21,3130,3440,3065,3130,556384,0.021207177814029254
2022-12-22,3150,3320,3115,3240,194744,0.03514376996805102
2022-12-23,3240,3245,3130,3195,50021,-0.01388888888888884
2022-12-26,3190,3375,3095,3355,203514,0.05007824726134591
2022-12-27,3355,3355,3220,3250,108424,-0.03129657228017879
2022-12-28,3270,3275,3185,3270,81872,0.006153846153846176
2022-12-29,3270,3270,3080,3165,58530,-0.032110091743119296
2023-01-02,3165,3165,3030,3080,76646,-0.026856240126382325
2023-01-03,3080,3175,3010,3155,57515,0.024350649350649345
2023-01-04,3200,3220,3090,3175,51517,0.006339144215530945
2023-01-05,3195,3255,3105,3185,43600,0.0031496062992126816
2023-01-06,3185,3290,3180,3270,39437,0.02668759811616961
2023-01-09,3270,3450,3265,3270,82537,0.0
2023-01-10,3270,3340,3225,3260,32062,-0.003058103975535187
2023-01-11,3260,3345,3165,3245,89373,-0.004601226993865004
2023-01-12,3245,3245,3175,3195,32143,-0.015408320493066285
2023-01-13,3195,3195,3140,3165,26265,-0.009389671361502372
2023-01-16,3165,3165,3085,3160,39278,-0.0015797788309637184
2023-01-17,3130,3210,3080,3200,40645,0.012658227848101333
2023-01-18,3165,3405,3165,3330,157742,0.04062499999999991
2023-01-19,3290,3390,3235,3380,36789,0.01501501501501501
2023-01-20,3460,3460,3380,3400,179180,0.00591715976331364
2023-01-25,3400,3455,3325,3415,71097,0.004411764705882337
2023-01-26,3415,3450,3365,3400,52461,-0.004392386530014614
2023-01-27,3355,3430,3355,3395,25676,-0.0014705882352941124
2023-01-30,3395,3400,3300,3310,36399,-0.025036818851251863
2023-01-31,3330,3340,3260,3310,28144,0.0
2023-02-01,3330,3330,3240,3240,19552,-0.02114803625377648
2023-02-02,3250,3360,3235,3360,32311,0.03703703703703698
2023-02-03,3360,3410,3300,3355,30115,-0.0014880952380952328
2023-02-06,3355,3355,3135,3195,71807,-0.04769001490312963
2023-02-07,3155,3185,3125,3135,40809,-0.018779342723004744
2023-02-08,3150,3220,3105,3210,36206,0.02392344497607657
2023-02-09,3190,3280,3190,3230,42637,0.006230529595015577
2023-02-10,3195,3260,3160,3205,31619,-0.007739938080495334
2023-02-13,3205,3370,3155,3340,99635,0.04212168486739465
2023-02-14,3390,3525,3355,3370,250522,0.008982035928143617
2023-02-15,3370,3515,3365,3440,130813,0.020771513353115667
2023-02-16,3405,3560,3390,3555,173822,0.03343023255813948
2023-02-17,3520,3540,3415,3525,68144,-0.008438818565400852
2023-02-20,3495,3550,3410,3515,27233,-0.0028368794326241176
2023-02-21,3495,3555,3435,3515,51732,0.0
2023-02-22,3460,3490,3355,3440,75151,-0.02133712660028453
2023-02-23,3430,3430,3340,3430,52814,-0.0029069767441860517
2023-02-24,3460,3460,3265,3290,70809,-0.04081632653061229
2023-02-27,3210,3290,3200,3270,36048,-0.006079027355623046
2023-02-28,3240,3340,3240,3325,38718,0.01681957186544336
2023-03-02,3325,3390,3215,3280,73567,-0.013533834586466176
2023-03-03,3250,3450,3250,3385,85474,0.03201219512195119
2023-03-06,3385,3385,3345,3375,25310,-0.002954209748892156
2023-03-07,3325,3385,3260,3265,44533,-0.03259259259259262
2023-03-08,3250,3295,3205,3255,42066,-0.003062787136294043
2023-03-09,3255,3255,3135,3140,109015,-0.03533026113671278
2023-03-10,3135,3170,3050,3070,45959,-0.022292993630573243
2023-03-13,3010,3070,2900,3000,132573,-0.0228013029315961
2023-03-14,2915,3000,2860,2930,84539,-0.023333333333333317
2023-03-15,2955,3590,2955,3370,937485,0.15017064846416384
2023-03-16,3550,3550,3300,3455,188402,0.02522255192878342
2023-03-17,3450,3690,3420,3690,583768,0.06801736613603482
2023-03-20,3700,3985,3585,3770,1105591,0.021680216802167918
2023-03-21,3680,3890,3615,3845,390468,0.019893899204244114
2023-03-22,3920,3935,3600,3695,223962,-0.03901170351105332
2023-03-23,3695,3720,3475,3650,222371,-0.012178619756427644
2023-03-24,3575,3715,3500,3620,148940,-0.008219178082191747
2023-03-27,3600,3610,3465,3580,92746,-0.011049723756906049
2023-03-28,3550,3785,3505,3750,149915,0.04748603351955305
2023-03-29,3710,4060,3710,3990,638330,0.06400000000000006
2023-03-30,4060,4365,3950,4295,784109,0.07644110275689231
2023-03-31,4195,4200,3885,3970,600109,-0.07566938300349246
2023-04-03,3970,4190,3860,4150,274416,0.04534005037783384
2023-04-04,4085,4260,4010,4115,169316,-0.008433734939759074
2023-04-05,4080,4085,3875,3985,522846,-0.03159173754556499
2023-04-06,3935,4195,3910,4080,293165,0.023839397741530766
2023-04-07,4140,4460,4050,4370,664842,0.07107843137254899
2023-04-10,4375,4390,4240,4375,233567,0.0011441647597254523
2023-04-11,4365,4650,4330,4430,490737,0.012571428571428678
2023-04-12,4465,4565,4250,4420,237351,-0.0022573363431150906
2023-04-13,4320,4545,4250,4520,178570,0.02262443438914019
2023-04-14,4550,4595,4340,4425,164434,-0.021017699115044253
2023-04-17,4505,4505,4200,4365,156331,-0.013559322033898313
2023-04-18,4445,4470,4170,4390,231945,0.00572737686139746
2023-04-19,4320,4375,3960,4080,684641,-0.07061503416856496
2023-04-20,4060,4090,3930,3950,175627,-0.031862745098039214
2023-04-21,3930,3990,3790,3885,160893,-0.016455696202531622
2023-04-24,3775,4015,3775,4015,232310,0.03346203346203347
2023-04-25,4015,4015,3655,3830,365250,-0.04607721046077207
2023-04-26,3830,3830,3510,3610,386500,-0.057441253263707526
2023-04-27,3610,4045,3560,3950,616833,0.09418282548476453
2023-04-28,3950,4075,3820,3870,249696,-0.020253164556962022
2023-05-02,3810,4170,3810,4105,360407,0.060723514211886265
2023-05-03,4050,4180,3980,4140,303248,0.008526187576126665
2023-05-04,4145,4445,4145,4290,644603,0.03623188405797095
2023-05-08,4300,4470,4200,4300,430574,0.002331002331002363
2023-05-09,4220,4310,4095,4285,161966,-0.0034883720930232176
2023-05-10,4350,4465,4200,4360,509880,0.0175029171528589
2023-05-11,4410,4555,4265,4360,554794,0.0
2023-05-12,4350,4430,4230,4250,195243,-0.025229357798165153
2023-05-15,4295,4295,4105,4260,167004,0.0023529411764706687
2023-05-16,4200,4260,3995,4240,443547,-0.0046948356807511304
2023-05-17,4220,4230,4080,4190,450022,-0.011792452830188704
2023-05-18,4225,4380,4140,4235,285175,0.010739856801909253
2023-05-19,4300,4335,4145,4250,153598,0.0035419126328217754
2023-05-22,4370,4465,4205,4320,337233,0.016470588235294015
2023-05-23,4320,4475,4235,4425,291974,0.02430555555555558
2023-05-24,4415,4460,4200,4290,206391,-0.03050847457627115
2023-05-25,4290,4390,4200,4370,155495,0.018648018648018683
2023-05-26,4450,4460,4270,4335,108864,-0.008009153318077833
2023-05-30,4265,4310,3860,4020,1180575,-0.0726643598615917
2023-05-31,4060,4140,4020,4105,137849,0.021144278606965106
2023-06-01,4155,4175,4030,4100,108334,-0.0012180267965895553
2023-06-02,4125,4290,4100,4280,210103,0.04390243902439028
2023-06-05,4330,4355,4150,4230,293676,-0.011682242990654235
2023-06-07,4195,4235,4100,4190,200654,-0.009456264775413725
2023-06-08,4195,4310,4105,4280,376398,0.021479713603818507
2023-06-09,4235,4790,4235,4290,2744860,0.002336448598130758
2023-06-12,4360,5500,4350,5040,8377085,0.1748251748251748
2023-06-13,4995,5200,4810,5180,2023188,0.02777777777777768
2023-06-14,5150,5580,5060,5530,2606131,0.06756756756756754
2023-06-15,5640,5830,5250,5550,1636863,0.003616636528029016
2023-06-16,5430,6080,5220,5980,1857217,0.07747747747747757
2023-06-19,5980,6710,5920,6620,1749493,0.10702341137123739
2023-06-20,6650,6800,6350,6470,1005405,-0.0226586102719033
2023-06-21,6530,6750,6360,6430,564832,-0.0061823802163832875
2023-06-22,6340,6980,6200,6850,816006,0.06531881804043538
2023-06-23,6850,6920,6600,6700,569031,-0.021897810218978075
2023-06-26,6700,6770,6390,6590,567368,-0.016417910447761197
2023-06-27,6520,6680,6280,6420,690938,-0.025796661608497695
2023-06-28,6610,6620,6070,6180,884336,-0.03738317757009346
2023-06-29,6250,6380,5900,6000,589668,-0.029126213592232997
2023-06-30,6000,6310,5910,6160,515022,0.026666666666666616
2023-07-03,6200,6490,5940,6430,829797,0.043831168831168776
2023-07-04,6480,6480,6100,6280,508012,-0.023328149300155476
2023-07-05,6280,6760,6240,6570,893870,0.04617834394904463
2023-07-06,6580,6610,6200,6300,727616,-0.04109589041095896
2023-07-07,6200,6450,6130,6230,405910,-0.011111111111111072
2023-07-10,6300,6300,5270,5850,1399991,-0.0609951845906902
2023-07-11,6060,6270,5780,6030,777618,0.03076923076923066
2023-07-12,6010,6020,5500,5760,752108,-0.04477611940298509
2023-07-13,5760,5920,5690,5690,477618,-0.01215277777777779
2023-07-14,5610,5760,5470,5610,498278,-0.01405975395430581
2023-07-17,5620,6040,5600,5690,834756,0.01426024955436711
2023-07-18,5710,6380,5710,6120,3656928,0.07557117750439368
2023-07-19,6120,6450,5950,6330,1464038,0.03431372549019618
2023-07-20,6340,6740,6140,6530,1181135,0.03159557661927326
2023-07-21,6380,6820,6220,6750,795816,0.03369065849923425
2023-07-24,6930,7080,6330,6500,1419659,-0.03703703703703709
2023-07-25,6510,6550,6090,6240,1031834,-0.040000000000000036
2023-07-26,6210,6510,5950,6110,1232228,-0.02083333333333337
2023-07-27,6240,6800,6100,6240,1883018,0.02127659574468077
2023-07-28,6220,6220,5750,6090,792399,-0.024038461538461564
2023-07-31,6030,6390,6030,6320,397653,0.03776683087027921
2023-08-01,6440,6450,6080,6190,493618,-0.020569620253164556
2023-08-02,6190,6200,5700,5770,572380,-0.06785137318255252
2023-08-03,5770,6030,5530,5910,556221,0.024263431542461023
2023-08-04,5830,6110,5800,5950,365706,0.006768189509306355
2023-08-07,5900,6320,5840,5960,840987,0.001680672268907557
2023-08-08,6080,6250,5680,5780,432470,-0.030201342281879207
2023-08-09,5830,6150,5600,6100,633787,0.05536332179930792
2023-08-10,6090,6560,6060,6470,1689706,0.060655737704917945
2023-08-11,6550,6550,6270,6380,534027,-0.01391035548686248
2023-08-14,6380,6990,6240,6800,2317784,0.0658307210031348
2023-08-16,6810,6820,6420,6520,975588,-0.04117647058823526
2023-08-17,6390,6440,6010,6130,846526,-0.059815950920245387
2023-08-18,6010,6450,5950,6320,679505,0.030995106035889064
2023-08-21,6290,6360,6140,6230,302314,-0.014240506329113889
2023-08-22,6200,6660,6170,6180,909866,-0.008025682182985605
2023-08-23,6190,6330,5940,6030,508723,-0.024271844660194164
2023-08-24,6040,6320,5950,6200,511988,0.028192371475953548
2023-08-25,6180,6620,6110,6390,950411,0.030645161290322687
2023-08-28,6400,6490,6160,6300,544348,-0.014084507042253502
2023-08-29,6200,6640,6040,6520,1209979,0.03492063492063502
2023-08-30,6570,6730,6280,6510,947484,-0.0015337423312883347
2023-08-31,6720,6790,6220,6280,2448954,-0.03533026113671278
2023-09-01,6280,6410,5870,5900,963687,-0.060509554140127375
2023-09-04,5900,5930,5330,5570,1223766,-0.055932203389830515
2023-09-05,5510,5640,5300,5560,640109,-0.0017953321364452268
2023-09-06,5600,5740,5400,5580,668362,0.003597122302158251
2023-09-07,5610,5870,5570,5580,641349,0.0
2023-09-08,5580,5740,5550,5650,178889,0.012544802867383575
2023-09-11,5570,5670,5490,5590,265804,-0.010619469026548645
2023-09-12,5590,5700,5400,5420,260179,-0.030411449016100156
2023-09-13,5400,5640,5120,5200,544340,-0.040590405904059046
2023-09-14,5200,5250,4995,5250,392970,0.009615384615384581
2023-09-15,5270,5270,5120,5200,146993,-0.00952380952380949
2023-09-18,5150,5200,4850,5040,815079,-0.03076923076923077
2023-09-19,5000,5070,4880,4975,277499,-0.012896825396825351
2023-09-20,4945,4970,4710,4895,435497,-0.016080402010050232
2023-09-21,4805,4955,4725,4785,288507,-0.022471910112359605
2023-09-22,4655,4805,4580,4715,211274,-0.014629049111807735
2023-09-25,4715,4725,4520,4610,437342,-0.022269353128313907
2023-09-26,4615,4750,4580,4635,232681,0.005422993492407713
2023-09-27,4635,4735,4585,4725,103571,0.01941747572815533
2023-10-04,4730,4730,4310,4485,550305,-0.050793650793650835
2023-10-05,4485,4520,4320,4360,253699,-0.027870680044593144
2023-10-06,4290,4545,4290,4525,175365,0.037844036697247674
2023-10-10,4530,4575,4285,4340,201991,-0.04088397790055254
2023-10-11,4360,4495,4360,4435,98636,0.02188940092165903
2023-10-12,4440,4585,4440,4575,278302,0.031567080045095786
2023-10-13,4570,4580,4410,4580,249718,0.0010928961748633004
2023-10-16,4565,4845,4400,4755,702830,0.03820960698689957
2023-10-17,4800,4855,4670,4705,337462,-0.01051524710830709
2023-10-18,4715,4735,4505,4590,247466,-0.02444208289054195
2023-10-19,4485,4485,4245,4260,268186,-0.07189542483660127
2023-10-20,4200,4245,3980,4105,380205,-0.03638497652582162
2023-10-23,4020,4240,4020,4145,162039,0.00974421437271622
2023-10-24,4145,4290,3920,4290,225181,0.03498190591073591
2023-10-25,4290,4355,4225,4260,109659,-0.006993006993006978
2023-10-26,4175,4175,4000,4030,153804,-0.0539906103286385
2023-10-27,4005,4205,3960,4135,154815,0.026054590570719682
2023-10-30,4065,4160,4010,4090,73452,-0.010882708585247869
2023-10-31,4170,4170,3920,3940,108888,-0.03667481662591687
2023-11-01,4000,4050,3920,3995,107867,0.013959390862944066
2023-11-02,4020,4200,4020,4150,141539,0.038798498122653235
2023-11-03,4165,4350,4110,4350,181157,0.04819277108433728
2023-11-06,4475,4540,4310,4500,410396,0.034482758620689724
2023-11-07,4495,4510,4250,4375,229246,-0.02777777777777779
2023-11-08,4475,4675,4425,4485,369442,0.025142857142857133
2023-11-09,4495,4515,4220,4220,302194,-0.059085841694537344
2023-11-10,4200,4295,4110,4165,158172,-0.013033175355450233
2023-11-13,4185,4255,4095,4115,168077,-0.01200480192076836
2023-11-14,4215,4480,4110,4295,292101,0.04374240583232081
2023-11-15,4300,4390,4245,4300,118274,0.0011641443538998875
2023-11-16,4275,4860,4275,4820,766524,0.12093023255813962
2023-11-17,4775,4775,4535,4635,412214,-0.038381742738589186
2023-11-20,4530,4695,4530,4610,154987,-0.005393743257820938
2023-11-21,4610,4725,4590,4720,206843,0.02386117136659438
2023-11-22,4635,4680,4550,4580,183550,-0.029661016949152574
2023-11-23,4595,4765,4505,4735,258752,0.033842794759825434
2023-11-24,4725,4735,4635,4650,106591,-0.017951425554382228
2023-11-27,4635,4720,4500,4670,188678,0.004301075268817289
2023-11-28,4715,5130,4625,5040,1570897,0.07922912205567445
2023-11-29,5000,5290,4955,5060,774076,0.003968253968253954
2023-11-30,5020,5410,5020,5250,636584,0.03754940711462451
2023-12-01,5310,5430,5060,5270,499557,0.003809523809523707
2023-12-04,5230,5340,5090,5110,406347,-0.030360531309297945
2023-12-05,5000,5220,4900,4970,301451,-0.0273972602739726
2023-12-06,4970,5060,4830,4960,185027,-0.002012072434607659
2023-12-07,4960,5000,4770,4820,242437,-0.028225806451612878
2023-12-08,4825,5070,4825,4950,156481,0.026970954356846377
2023-12-11,4950,5050,4845,4860,126808,-0.018181818181818188
2023-12-12,4820,4860,4700,4730,201208,-0.026748971193415683
2023-12-13,4740,4920,4620,4715,123082,-0.003171247357293905
2023-12-14,4790,4790,4610,4665,142890,-0.010604453870625696
2023-12-15,4630,4780,4630,4650,167159,-0.003215434083601254
2023-12-18,4605,4795,4605,4725,66990,0.016129032258064502
2023-12-19,4730,4810,4655,4810,102819,0.017989417989418
2023-12-20,4805,4880,4610,4745,222967,-0.013513513513513487
2023-12-21,4670,4790,4670,4755,99434,0.0021074815595363283
2023-12-22,4755,4755,4630,4650,93090,-0.02208201892744477
2023-12-26,4610,4670,4580,4650,157871,0.0
2023-12-27,4650,4790,4600,4695,69189,0.00967741935483879
2023-12-28,4760,4850,4665,4820,147746,0.026624068157614422
2024-01-02,4920,5280,4885,5160,622739,0.0705394190871369
2024-01-03,5080,5320,5010,5130,352006,-0.005813953488372103
2024-01-04,5070,5460,5050,5120,478487,-0.0019493177387914784
2024-01-05,5200,5430,5140,5250,616918,0.025390625
2024-01-08,5350,5780,5220,5660,1081715,0.078095238095238
2024-01-09,5700,6050,5690,5910,1177338,0.044169611307420586
2024-01-10,6050,6050,5580,5730,516283,-0.030456852791878153
2024-01-11,5730,5770,5360,5410,789626,-0.05584642233856896
2024-01-12,5410,5490,5250,5440,238380,0.005545286506469571
2024-01-15,5400,5550,5200,5230,354183,-0.03860294117647056
