Date,Open,High,Low,Close,Volume,Change
2022-01-03,0,0,0,7000,0,0.0
2022-01-04,0,0,0,7000,0,0.0
2022-01-05,0,0,0,7000,0,0.0
2022-01-06,0,0,0,7000,0,0.0
2022-01-07,0,0,0,7000,0,0.0
2022-01-10,0,0,0,7000,0,0.0
2022-01-11,0,0,0,7000,0,0.0
2022-01-12,0,0,0,7000,0,0.0
2022-01-13,0,0,0,7000,0,0.0
2022-01-14,0,0,0,7000,0,0.0
2022-01-17,0,0,0,7000,0,0.0
2022-01-18,0,0,0,7000,0,0.0
2022-01-19,0,0,0,7000,0,0.0
2022-01-20,0,0,0,7000,0,0.0
2022-01-21,0,0,0,7000,0,0.0
2022-01-24,0,0,0,7000,0,0.0
2022-01-25,0,0,0,7000,0,0.0
2022-01-26,0,0,0,7000,0,0.0
2022-01-27,0,0,0,7000,0,0.0
2022-01-28,0,0,0,7000,0,0.0
2022-02-03,0,0,0,7000,0,0.0
2022-02-04,0,0,0,7000,0,0.0
2022-02-07,0,0,0,7000,0,0.0
2022-02-08,0,0,0,7000,0,0.0
2022-02-09,0,0,0,7000,0,0.0
2022-02-10,0,0,0,7000,0,0.0
2022-02-11,0,0,0,7000,0,0.0
2022-02-14,0,0,0,7000,0,0.0
2022-02-15,0,0,0,7000,0,0.0
2022-02-16,0,0,0,7000,0,0.0
2022-02-17,0,0,0,7000,0,0.0
2022-02-18,0,0,0,7000,0,0.0
2022-02-21,0,0,0,7000,0,0.0
2022-02-22,0,0,0,7000,0,0.0
2022-02-23,0,0,0,7000,0,0.0
2022-02-24,0,0,0,7000,0,0.0
2022-02-25,0,0,0,7000,0,0.0
2022-02-28,0,0,0,7000,0,0.0
2022-03-02,0,0,0,7000,0,0.0
2022-03-03,0,0,0,7000,0,0.0
2022-03-04,0,0,0,7000,0,0.0
2022-03-07,0,0,0,7000,0,0.0
2022-03-08,0,0,0,7000,0,0.0
2022-03-10,0,0,0,7000,0,0.0
2022-03-11,0,0,0,7000,0,0.0
2022-03-14,0,0,0,7000,0,0.0
2022-03-15,0,0,0,7000,0,0.0
2022-03-16,0,0,0,7000,0,0.0
2022-03-17,0,0,0,7000,0,0.0
2022-03-18,0,0,0,7000,0,0.0
2022-03-21,0,0,0,7000,0,0.0
2022-03-22,0,0,0,7000,0,0.0
2022-03-23,0,0,0,7000,0,0.0
2022-03-24,0,0,0,7000,0,0.0
2022-03-25,0,0,0,7000,0,0.0
2022-03-28,0,0,0,7000,0,0.0
2022-03-29,0,0,0,7000,0,0.0
2022-03-30,0,0,0,7000,0,0.0
2022-03-31,0,0,0,7000,0,0.0
2022-04-01,0,0,0,7000,0,0.0
2022-04-04,0,0,0,7000,0,0.0
2022-04-05,0,0,0,7000,0,0.0
2022-04-06,0,0,0,7000,0,0.0
2022-04-07,0,0,0,7000,0,0.0
2022-04-08,0,0,0,7000,0,0.0
2022-04-11,0,0,0,7000,0,0.0
2022-04-12,0,0,0,7000,0,0.0
2022-04-13,0,0,0,7000,0,0.0
2022-04-14,0,0,0,7000,0,0.0
2022-04-15,0,0,0,7000,0,0.0
2022-04-18,0,0,0,7000,0,0.0
2022-04-19,0,0,0,7000,0,0.0
2022-04-20,0,0,0,7000,0,0.0
2022-04-21,0,0,0,7000,0,0.0
2022-04-22,0,0,0,7000,0,0.0
2022-04-25,0,0,0,7000,0,0.0
2022-04-26,0,0,0,7000,0,0.0
2022-04-27,0,0,0,7000,0,0.0
2022-04-28,0,0,0,7000,0,0.0
2022-04-29,0,0,0,7000,0,0.0
2022-05-02,0,0,0,7000,0,0.0
2022-05-03,0,0,0,7000,0,0.0
2022-05-04,0,0,0,7000,0,0.0
2022-05-06,0,0,0,7000,0,0.0
2022-05-09,0,0,0,7000,0,0.0
2022-05-10,0,0,0,7000,0,0.0
2022-05-11,0,0,0,7000,0,0.0
2022-05-12,0,0,0,7000,0,0.0
2022-05-13,0,0,0,7000,0,0.0
2022-05-16,0,0,0,7000,0,0.0
2022-05-17,0,0,0,7000,0,0.0
2022-05-18,0,0,0,7000,0,0.0
2022-05-19,0,0,0,7000,0,0.0
2022-05-20,0,0,0,7000,0,0.0
2022-05-23,0,0,0,7000,0,0.0
2022-05-24,0,0,0,7000,0,0.0
2022-05-25,0,0,0,7000,0,0.0
2022-05-26,0,0,0,7000,0,0.0
2022-05-27,0,0,0,7000,0,0.0
2022-05-30,0,0,0,7000,0,0.0
2022-05-31,0,0,0,7000,0,0.0
2022-06-02,0,0,0,7000,0,0.0
2022-06-03,0,0,0,7000,0,0.0
2022-06-07,0,0,0,7000,0,0.0
2022-06-08,0,0,0,7000,0,0.0
2022-06-09,0,0,0,7000,0,0.0
2022-06-10,0,0,0,7000,0,0.0
2022-06-13,0,0,0,7000,0,0.0
2022-06-14,0,0,0,7000,0,0.0
2022-06-15,0,0,0,7000,0,0.0
2022-06-16,0,0,0,7000,0,0.0
2022-06-17,0,0,0,7000,0,0.0
2022-06-20,0,0,0,7000,0,0.0
2022-06-21,0,0,0,7000,0,0.0
2022-06-22,0,0,0,7000,0,0.0
2022-06-23,0,0,0,7000,0,0.0
2022-06-24,0,0,0,7000,0,0.0
2022-06-27,0,0,0,7000,0,0.0
2022-06-28,0,0,0,7000,0,0.0
2022-06-29,0,0,0,7000,0,0.0
2022-06-30,0,0,0,7000,0,0.0
2022-07-01,0,0,0,7000,0,0.0
2022-07-04,0,0,0,7000,0,0.0
2022-07-05,0,0,0,7000,0,0.0
2022-07-06,0,0,0,7000,0,0.0
2022-07-07,0,0,0,7000,0,0.0
2022-07-08,0,0,0,7000,0,0.0
2022-07-11,0,0,0,7000,0,0.0
2022-07-12,0,0,0,7000,0,0.0
2022-07-13,0,0,0,7000,0,0.0
2022-07-14,0,0,0,7000,0,0.0
2022-07-15,0,0,0,7000,0,0.0
2022-07-18,0,0,0,7000,0,0.0
2022-07-19,0,0,0,7000,0,0.0
2022-07-20,0,0,0,7000,0,0.0
2022-07-21,0,0,0,7000,0,0.0
2022-07-22,0,0,0,7000,0,0.0
2022-07-25,0,0,0,7000,0,0.0
2022-07-26,0,0,0,7000,0,0.0
2022-07-27,0,0,0,7000,0,0.0
2022-07-28,0,0,0,7000,0,0.0
2022-07-29,0,0,0,7000,0,0.0
2022-08-01,0,0,0,7000,0,0.0
2022-08-02,0,0,0,7000,0,0.0
2022-08-03,0,0,0,7000,0,0.0
2022-08-04,0,0,0,7000,0,0.0
2022-08-05,0,0,0,7000,0,0.0
2022-08-08,0,0,0,7000,0,0.0
2022-08-09,0,0,0,7000,0,0.0
2022-08-10,0,0,0,7000,0,0.0
2022-08-11,7000,7200,5140,5590,2926764,-0.2014285714285714
2022-08-12,5570,5650,5290,5540,726348,-0.008944543828264706
2022-08-16,5570,5580,5400,5510,221238,-0.005415162454873612
2022-08-17,5510,5520,5300,5320,163226,-0.03448275862068961
2022-08-18,5300,5410,4900,4970,347696,-0.06578947368421051
2022-08-19,4920,4935,4770,4780,134532,-0.0382293762575453
2022-08-22,4710,4780,4390,4395,287827,-0.08054393305439334
2022-08-23,4360,4400,4170,4200,230340,-0.04436860068259385
2022-08-24,4220,4490,4175,4245,156218,0.010714285714285676
2022-08-25,4400,4975,4315,4800,1009149,0.1307420494699647
2022-08-26,4845,5200,4675,4685,445736,-0.023958333333333304
2022-08-29,4400,4645,4385,4585,346028,-0.021344717182497308
2022-08-30,4520,4765,4520,4740,90043,0.03380588876772084
2022-08-31,4795,4985,4690,4960,89146,0.04641350210970474
2022-09-01,4930,5060,4845,4975,118983,0.003024193548387011
2022-09-02,4930,5090,4920,4985,85556,0.0020100502512563345
2022-09-05,4950,4950,4375,4660,181386,-0.06519558676028081
2022-09-06,4620,5040,4620,4880,162572,0.047210300429184615
2022-09-07,4950,4950,4620,4695,49779,-0.03790983606557374
2022-09-08,4705,4705,4575,4575,40815,-0.025559105431309903
2022-09-13,4615,4690,4485,4535,97377,-0.008743169398907069
2022-09-14,4485,4980,4375,4855,252438,0.07056229327453134
2022-09-15,4910,4910,4745,4840,71237,-0.003089598352214229
2022-09-16,4765,4890,4625,4705,40112,-0.02789256198347112
2022-09-19,4630,5000,4630,4950,190917,0.05207226354941552
2022-09-20,4905,5140,4905,4960,176714,0.002020202020202033
2022-09-21,5040,5130,4860,5080,126700,0.024193548387096753
2022-09-22,5070,6220,5010,6090,974968,0.19881889763779537
2022-09-23,6300,7910,6200,7100,2245098,0.1658456486042692
2022-09-26,7550,7550,6600,6680,353377,-0.05915492957746482
2022-09-27,6780,6780,5850,6400,172650,-0.041916167664670656
2022-09-28,6300,6300,5800,6100,142105,-0.046875
2022-09-29,6020,6170,5580,5580,113559,-0.08524590163934431
2022-09-30,5550,6100,5500,6050,74576,0.08422939068100366
2022-10-04,6050,6050,5770,5800,70846,-0.04132231404958675
2022-10-05,5650,5750,5490,5590,110569,-0.036206896551724155
2022-10-06,5540,5840,5430,5740,101337,0.02683363148479434
2022-10-07,5800,6490,5800,6220,85302,0.08362369337979092
2022-10-11,6100,6350,6100,6350,74758,0.020900321543408262
2022-10-12,6100,6350,5650,5720,164623,-0.09921259842519681
2022-10-13,5610,6470,5600,5940,250705,0.03846153846153855
2022-10-14,6100,6600,5700,6260,184376,0.05387205387205385
2022-10-17,6190,6260,5860,6000,123017,-0.04153354632587858
2022-10-18,5950,6190,5950,6010,46291,0.0016666666666667052
2022-10-19,6010,6610,6010,6230,183965,0.03660565723793674
2022-10-20,6190,6330,5970,6280,58351,0.008025682182985605
2022-10-21,6140,6340,6130,6280,39361,0.0
2022-10-24,6350,6730,6230,6660,120888,0.060509554140127486
2022-10-25,6720,6980,6550,6970,138384,0.04654654654654644
2022-10-26,6960,7000,6410,6550,174866,-0.06025824964131998
2022-10-27,6480,6710,6350,6600,91598,0.007633587786259444
2022-10-28,6640,6640,6250,6400,96884,-0.030303030303030276
2022-10-31,6400,6470,6350,6350,48020,-0.0078125
2022-11-01,6380,6390,5860,5960,80300,-0.06141732283464563
2022-11-02,6000,6000,5710,5740,149325,-0.03691275167785235
2022-11-03,5600,5740,5480,5530,65489,-0.03658536585365857
2022-11-04,5520,5700,5430,5530,53903,0.0
2022-11-07,5520,5600,5400,5500,50051,-0.005424954792043413
2022-11-08,5500,5540,5380,5480,27971,-0.0036363636363636598
2022-11-09,5450,5520,5390,5410,39355,-0.012773722627737238
2022-11-10,5500,5500,5300,5370,52266,-0.007393715341959317
2022-11-11,5420,5430,5210,5270,76396,-0.01862197392923648
2022-11-14,5270,5310,5000,5240,38774,-0.005692599620493399
2022-11-15,5240,5440,5180,5270,37645,0.005725190839694694
2022-11-16,5340,5340,5090,5180,30071,-0.017077798861480087
2022-11-17,5220,5220,5150,5200,14854,0.0038610038610038533
2022-11-18,5210,5240,5150,5200,23078,0.0
2022-11-21,5270,5270,5100,5100,22655,-0.019230769230769273
2022-11-22,5120,5170,4940,5000,38579,-0.019607843137254943
2022-11-23,5000,5120,4960,5100,19648,0.020000000000000018
2022-11-24,5120,5120,4995,5050,12972,-0.009803921568627416
2022-11-25,4985,5120,4985,5090,15118,0.007920792079207928
2022-11-28,5090,5100,5010,5060,10218,-0.005893909626719096
2022-11-29,5010,5060,4990,5050,6401,-0.0019762845849802257
2022-11-30,5050,5280,5000,5080,14621,0.005940594059405946
2022-12-01,5100,5100,5000,5050,18549,-0.0059055118110236116
2022-12-02,5000,5050,4995,5020,15410,-0.005940594059405946
2022-12-05,5010,5080,5010,5050,18898,0.005976095617529875
2022-12-06,5000,5070,4995,5050,13639,0.0
2022-12-07,5000,5030,4930,5030,26059,-0.003960396039603964
2022-12-08,5000,5030,4960,5000,6908,-0.005964214711729587
2022-12-09,5010,5060,5010,5040,13816,0.008000000000000007
2022-12-12,5100,5150,5040,5060,15677,0.003968253968253954
2022-12-13,5000,5200,5000,5100,37808,0.007905138339920903
2022-12-14,5130,5170,4870,5110,21130,0.0019607843137254832
2022-12-15,5150,5310,5140,5310,47140,0.03913894324853229
2022-12-16,5200,5860,5200,5770,212710,0.08662900188323919
2022-12-19,5610,5750,5400,5400,40461,-0.06412478336221838
2022-12-20,5400,5560,5330,5510,41639,0.020370370370370372
2022-12-21,5510,5800,5440,5710,42908,0.0362976406533575
2022-12-22,5780,5970,5590,5840,55132,0.022767075306479923
2022-12-23,5810,5820,5690,5690,27235,-0.025684931506849362
2022-12-26,5690,5710,5680,5700,35050,0.0017574692442883233
2022-12-27,5700,5700,5600,5650,30814,-0.00877192982456143
2022-12-28,5590,5690,5470,5650,38364,0.0
2022-12-29,5600,5680,5550,5680,9764,0.005309734513274433
2023-01-02,5700,5800,5700,5780,27542,0.01760563380281699
2023-01-03,5800,5840,5690,5810,40542,0.00519031141868509
2023-01-04,5790,5810,5750,5810,37464,0.0
2023-01-05,5820,5900,5800,5900,44881,0.015490533562822817
2023-01-06,5910,6010,5910,6010,50376,0.01864406779661021
2023-01-09,6130,6280,6020,6250,91397,0.03993344425956735
2023-01-10,6290,6290,6090,6180,27316,-0.011199999999999988
2023-01-11,6230,6230,5670,6000,75804,-0.029126213592232997
2023-01-12,6180,6180,5820,5950,38312,-0.008333333333333304
2023-01-13,5950,6200,5900,6070,62101,0.020168067226890685
2023-01-16,6010,6100,5930,6020,42683,-0.008237232289950547
2023-01-17,6050,6100,5910,6090,24609,0.011627906976744207
2023-01-18,6040,6040,5910,6010,40466,-0.013136288998357948
2023-01-19,6000,6000,5860,5930,24251,-0.01331114808652245
2023-01-20,5900,5970,5890,5970,11985,0.006745362563237878
2023-01-25,5970,6070,5860,5990,22542,0.003350083752093891
2023-01-26,5920,6050,5900,5970,10791,-0.0033388981636059967
2023-01-27,5950,5970,5870,5930,16529,-0.00670016750418756
2023-01-30,5930,5960,5790,5940,41392,0.001686340640809414
2023-01-31,5930,6100,5900,6000,17544,0.010101010101010166
2023-02-01,6010,6010,5860,5980,10316,-0.0033333333333332993
2023-02-02,5980,6210,5880,6160,54816,0.030100334448160515
2023-02-03,6130,6440,6070,6400,31349,0.03896103896103886
2023-02-06,6310,6550,6250,6250,32749,-0.0234375
2023-02-07,6260,6380,6110,6130,21156,-0.019199999999999995
2023-02-08,6130,6250,6060,6150,35056,0.0032626427406199365
2023-02-09,6190,6190,6000,6090,35167,-0.009756097560975618
2023-02-10,6140,6140,5940,5980,31878,-0.01806239737274218
2023-02-13,6010,6010,5810,5820,55836,-0.026755852842809347
2023-02-14,6020,6090,5730,5900,24973,0.013745704467353903
2023-02-15,5890,5890,5650,5690,18113,-0.035593220338983045
2023-02-16,5690,5820,5600,5610,26818,-0.01405975395430581
2023-02-17,5610,5920,5430,5610,37257,0.0
2023-02-20,5720,5720,5450,5480,19705,-0.02317290552584672
2023-02-21,5640,5640,5420,5500,14916,0.0036496350364962904
2023-02-22,5370,5630,5370,5540,18700,0.0072727272727273196
2023-02-23,5480,5740,5480,5710,21041,0.03068592057761732
2023-02-24,5640,5750,5610,5630,12522,-0.014010507880910628
2023-02-27,5630,5820,5560,5650,21818,0.003552397868561208
2023-02-28,5750,5810,5510,5670,31262,0.003539823008849474
2023-03-02,5680,5910,5650,5880,39359,0.03703703703703698
2023-03-03,5940,6080,5880,6060,75378,0.030612244897959107
2023-03-06,6030,6090,5590,5740,127518,-0.05280528052805278
2023-03-07,5740,6190,5700,6140,117435,0.06968641114982588
2023-03-08,6100,6370,6000,6350,88679,0.03420195439739415
2023-03-09,6200,6810,6200,6750,217099,0.06299212598425208
2023-03-10,6760,6900,6570,6860,59446,0.016296296296296253
2023-03-13,6850,7000,6570,6810,158643,-0.007288629737609353
2023-03-14,6980,6990,6300,6830,118230,0.002936857562408246
2023-03-15,6800,7070,6710,7020,86363,0.027818448023426035
2023-03-16,7070,7500,6900,7290,160702,0.03846153846153855
2023-03-17,7480,7480,7060,7300,59580,0.00137174211248281
2023-03-20,7550,7550,7100,7320,77138,0.00273972602739736
2023-03-21,7370,7510,7210,7400,107306,0.010928961748633892
2023-03-22,7400,7670,7350,7550,215772,0.020270270270270174
2023-03-23,7470,7620,7180,7300,131462,-0.0331125827814569
2023-03-24,7300,7770,7280,7520,255398,0.03013698630136985
2023-03-27,7530,7670,6800,7350,256516,-0.022606382978723416
2023-03-28,7600,7600,7280,7460,144663,0.014965986394557929
2023-03-29,7600,7600,7250,7420,151271,-0.00536193029490617
2023-03-30,7590,7870,7390,7750,168642,0.04447439353099725
2023-03-31,7650,7950,7560,7870,168632,0.015483870967741842
2023-04-03,7890,8270,7830,8260,136426,0.04955527318932651
2023-04-04,8300,8310,7400,7860,326778,-0.048426150121065326
2023-04-05,7600,8030,7000,8030,554416,0.021628498727735312
2023-04-06,8190,8810,8120,8800,541552,0.09589041095890405
2023-04-07,8800,9240,8490,8800,661646,0.0
2023-04-10,8550,8660,8100,8370,416517,-0.04886363636363633
2023-04-11,8760,8950,8300,8560,203676,0.022700119474313052
2023-04-12,8300,8930,8280,8720,487498,0.01869158878504673
2023-04-13,8750,8800,8330,8540,211404,-0.020642201834862428
2023-04-14,8450,8500,7880,7880,423142,-0.07728337236533955
2023-04-17,7990,7990,7270,7680,310285,-0.025380710659898442
2023-04-18,7650,8270,7310,8270,333128,0.07682291666666674
2023-04-19,8360,8530,7900,8110,232455,-0.019347037484885088
2023-04-20,8270,8560,8070,8280,524721,0.020961775585696563
2023-04-21,8280,8280,7700,7900,301272,-0.04589371980676327
2023-04-24,7770,8130,7430,7940,298639,0.005063291139240533
2023-04-25,7740,8020,7740,8000,124390,0.007556675062972307
2023-04-26,7910,8350,7400,8250,416522,0.03125
2023-04-27,8200,8400,7950,7950,494990,-0.036363636363636376
2023-04-28,7950,8050,7160,7360,392188,-0.0742138364779874
2023-05-02,7050,7610,6150,7070,455972,-0.03940217391304346
2023-05-03,6950,7060,6400,6800,307757,-0.038189533239038176
2023-05-04,6790,7250,6650,6790,185759,-0.0014705882352941124
2023-05-08,6960,7190,6830,6890,131568,0.014727540500736325
2023-05-09,7040,7040,6640,6900,51578,0.0014513788098693414
2023-05-10,6850,6850,6250,6650,114839,-0.036231884057971064
2023-05-11,6650,6690,6260,6430,131891,-0.03308270676691727
2023-05-12,6410,6470,5780,6390,157898,-0.0062208398133748455
2023-05-15,6390,6470,6130,6360,105445,-0.0046948356807511304
2023-05-16,6400,6600,6160,6550,207966,0.029874213836478036
2023-05-17,6700,7490,6460,6980,1276269,0.06564885496183215
2023-05-18,7010,7110,6350,6510,546115,-0.06733524355300857
2023-05-19,6330,6500,6260,6400,164923,-0.016897081413210446
2023-05-22,6450,6770,6150,6740,166919,0.05312500000000009
2023-05-23,6750,6750,6500,6540,119858,-0.029673590504451064
2023-05-24,6540,6610,6350,6580,57492,0.006116207951070374
2023-05-25,6580,6670,6490,6560,69965,-0.003039513677811523
2023-05-26,6460,6680,6350,6550,65412,-0.0015243902439023849
2023-05-30,6540,6570,6390,6540,43002,-0.0015267175572518665
2023-05-31,6540,6580,6360,6530,129747,-0.001529051987767538
2023-06-01,6530,6530,6240,6300,131970,-0.03522205206738127
2023-06-02,6290,6300,6080,6230,100445,-0.011111111111111072
2023-06-05,6230,6520,6030,6440,138831,0.03370786516853941
2023-06-07,6460,6650,6430,6590,154198,0.02329192546583858
2023-06-08,6500,6700,6360,6520,72902,-0.01062215477996964
2023-06-09,6640,6640,6380,6610,132185,0.013803680981595123
2023-06-12,6700,6750,6490,6700,144093,0.013615733736762392
2023-06-13,6630,6750,6450,6550,140757,-0.02238805970149249
2023-06-14,6460,6520,6240,6300,192628,-0.03816793893129766
2023-06-15,6300,6540,6070,6100,159027,-0.031746031746031744
2023-06-16,6270,6270,6000,6050,87980,-0.008196721311475419
2023-06-19,6050,6150,5960,5980,56509,-0.011570247933884281
2023-06-20,5940,6070,5790,6050,100196,0.0117056856187292
2023-06-21,6050,6250,5800,6100,152821,0.008264462809917328
2023-06-22,6030,6080,5690,5760,194423,-0.05573770491803276
2023-06-23,5710,5890,5550,5860,129960,0.01736111111111116
2023-06-26,5760,5900,5650,5840,102693,-0.0034129692832765013
2023-06-27,5700,5780,5600,5630,103315,-0.03595890410958902
2023-06-28,5570,5700,5430,5520,99455,-0.019538188277087087
2023-06-29,5520,5590,5190,5270,101192,-0.04528985507246375
2023-06-30,5300,5450,5050,5450,99402,0.034155597722960174
2023-07-03,5430,5570,5390,5570,43059,0.022018348623853212
2023-07-04,5560,5650,5430,5530,56089,-0.007181328545781018
2023-07-05,5450,5480,5260,5330,108098,-0.03616636528028938
2023-07-06,5330,5350,5200,5320,43946,-0.0018761726078799779
2023-07-07,5290,5350,4990,5000,225875,-0.06015037593984962
2023-07-10,5050,5080,4975,5000,89912,0.0
2023-07-11,5090,5110,4950,5000,47736,0.0
2023-07-12,5010,5050,4970,5020,34299,0.0040000000000000036
2023-07-13,5020,5070,4880,5000,83367,-0.003984063745019917
2023-07-14,5000,5040,4945,4950,38617,-0.010000000000000009
2023-07-17,4950,4995,4855,4905,37754,-0.009090909090909038
2023-07-18,5000,5000,4750,4860,64117,-0.00917431192660545
2023-07-19,4860,4885,4620,4700,53114,-0.03292181069958844
2023-07-20,4775,4775,4620,4715,41840,0.0031914893617022155
2023-07-21,4715,5070,4700,4885,112401,0.036055143160127257
2023-07-24,4885,4900,4685,4730,37193,-0.03172978505629476
2023-07-25,4705,4755,4455,4580,70427,-0.031712473572938715
2023-07-26,4630,4630,3800,4075,288289,-0.11026200873362446
2023-07-27,4080,4150,3850,4075,51696,0.0
2023-07-28,3860,4140,3860,4105,48910,0.007361963190184007
2023-07-31,4130,4130,3990,4060,54757,-0.010962241169305775
2023-08-01,4090,4285,4035,4280,68180,0.054187192118226646
2023-08-02,4280,4375,4120,4220,40062,-0.014018691588784993
2023-08-03,4100,4215,4045,4140,20737,-0.018957345971563955
2023-08-04,4135,4145,4045,4145,13745,0.0012077294685990392
2023-08-07,4145,4145,3990,4070,29291,-0.018094089264173663
2023-08-08,4070,4270,4000,4150,31734,0.019656019656019597
2023-08-09,4080,4150,4035,4120,8122,-0.0072289156626506035
2023-08-10,4140,4140,3995,4050,24703,-0.016990291262135915
2023-08-11,4095,4135,4040,4125,19647,0.0185185185185186
2023-08-14,4125,4165,4015,4110,11760,-0.0036363636363636598
2023-08-16,4110,4110,3960,4070,18166,-0.009732360097323589
2023-08-17,4030,4070,3925,4030,23835,-0.009828009828009798
2023-08-18,4035,4035,3910,3965,18337,-0.016129032258064502
2023-08-21,4040,4040,3890,3960,54639,-0.0012610340479193294
2023-08-22,3980,4055,3935,3960,8896,0.0
2023-08-23,3930,3995,3920,3970,10623,0.002525252525252597
2023-08-24,3960,4000,3920,3950,22475,-0.005037783375314908
2023-08-25,3985,4000,3885,3930,20430,-0.005063291139240533
2023-08-28,3940,3940,3650,3725,139079,-0.05216284987277353
2023-08-29,3725,3910,3710,3910,116161,0.04966442953020134
2023-08-30,3910,3980,3850,3955,27095,0.011508951406649537
2023-08-31,3955,4100,3940,4065,61484,0.027812895069532217
2023-09-01,4045,4230,4005,4140,60789,0.01845018450184499
2023-09-04,4215,4415,4105,4290,105451,0.03623188405797095
2023-09-05,4470,4470,4215,4235,35624,-0.012820512820512775
2023-09-06,4235,4300,4160,4290,19582,0.01298701298701288
2023-09-07,4250,4250,4130,4235,16054,-0.012820512820512775
2023-09-08,4195,4350,4100,4290,42807,0.01298701298701288
2023-09-11,4290,4295,4145,4175,25535,-0.026806526806526842
2023-09-12,4175,4220,3995,4165,47431,-0.0023952095808382756
2023-09-13,4130,4130,4010,4110,18587,-0.013205282112845107
2023-09-14,4085,4110,4000,4110,7220,0.0
2023-09-15,4115,4150,4045,4140,14324,0.007299270072992803
2023-09-18,4200,4200,3945,4045,40284,-0.022946859903381633
2023-09-19,4040,4070,3910,4040,19103,-0.0012360939431397266
2023-09-20,4060,4060,3935,4010,6002,-0.007425742574257432
2023-09-21,4010,4050,3915,4010,13550,0.0
2023-09-22,4010,4040,3915,3975,8980,-0.00872817955112215
2023-09-25,3935,3995,3755,3870,43921,-0.026415094339622636
2023-09-26,3870,3940,3795,3940,22399,0.01808785529715773
2023-09-27,3900,3975,3810,3970,8569,0.0076142131979695105
2023-10-04,3955,3955,3790,3930,28300,-0.010075566750629705
2023-10-05,3860,3935,3785,3785,10568,-0.03689567430025442
2023-10-06,3790,4000,3785,3840,8483,0.014531043593130732
2023-10-10,3840,3970,3725,3825,48630,-0.00390625
2023-10-11,3825,3830,3730,3785,20023,-0.010457516339869244
2023-10-12,3825,3850,3755,3790,23745,0.0013210039630118242
2023-10-13,3800,3800,3700,3775,11142,-0.00395778364116095
2023-10-16,3760,3790,3685,3780,8970,0.0013245033112583293
2023-10-17,3790,3870,3750,3845,8413,0.01719576719576721
2023-10-18,3860,3860,3770,3835,12836,-0.002600780234070177
2023-10-19,3750,3940,3750,3835,14312,0.0
2023-10-20,3835,3865,3720,3835,20507,0.0
2023-10-23,3835,3865,3775,3805,6919,-0.007822685788787531
2023-10-24,3720,3835,3690,3790,20248,-0.003942181340341633
2023-10-25,3790,3900,3770,3830,9859,0.01055408970976246
2023-10-26,3830,3895,3770,3850,9728,0.005221932114882533
2023-10-27,3855,3935,3840,3920,27907,0.018181818181818077
2023-10-30,3900,3945,3805,3925,35230,0.0012755102040815647
2023-10-31,4025,4125,3890,4120,46463,0.04968152866242037
2023-11-01,4130,4200,4025,4200,48551,0.01941747572815533
2023-11-02,4165,4215,4105,4205,28318,0.0011904761904761862
2023-11-03,4230,4230,3900,4205,12171,0.0
2023-11-06,4205,4260,4025,4210,22840,0.0011890606420927874
2023-11-07,4130,4245,4080,4220,17922,0.002375296912114022
2023-11-08,4235,4235,4130,4220,10482,0.0
2023-11-09,4250,4250,4030,4215,25245,-0.0011848341232227888
2023-11-10,4215,4260,4120,4195,12004,-0.004744958481613271
2023-11-13,4195,4250,4150,4200,24945,0.0011918951132301459
2023-11-14,4200,4230,4145,4190,16733,-0.0023809523809523725
2023-11-15,4190,4220,4085,4190,32489,0.0
2023-11-16,4215,4215,4100,4170,53970,-0.004773269689737458
2023-11-17,4170,4195,4090,4170,18452,0.0
2023-11-20,4175,4255,4105,4175,45711,0.0011990407673860837
2023-11-21,4150,4200,4115,4150,34142,-0.005988023952095856
2023-11-22,4195,4195,4100,4150,11731,0.0
2023-11-23,4150,4195,4075,4160,15482,0.002409638554216942
2023-11-24,4175,4175,4065,4175,53986,0.0036057692307691624
2023-11-27,4185,4185,3995,4150,54095,-0.005988023952095856
2023-11-28,4150,4150,3900,4060,77198,-0.02168674698795181
2023-11-29,4060,4060,3665,3930,224641,-0.03201970443349755
2023-11-30,3930,3965,3780,3850,97254,-0.020356234096692072
2023-12-01,3850,3875,3720,3855,48992,0.0012987012987013546
2023-12-04,3855,3855,3665,3840,119380,-0.0038910505836575737
2023-12-05,3825,3840,3660,3775,79621,-0.01692708333333337
2023-12-06,3760,3780,3670,3760,94745,-0.003973509933774877
2023-12-07,3755,3920,3715,3855,80825,0.025265957446808596
2023-12-08,3900,3900,3805,3900,40045,0.011673151750972721
2023-12-11,3925,3925,3810,3900,54677,0.0
2023-12-12,3900,3945,3800,3920,64402,0.00512820512820511
2023-12-13,3920,3995,3795,3860,52502,-0.015306122448979553
2023-12-14,3890,4120,3735,3830,78325,-0.007772020725388629
2023-12-15,4035,4035,3740,3870,77945,0.010443864229765065
2023-12-18,3910,3910,3725,3740,82621,-0.03359173126614989
2023-12-19,3705,3765,3705,3765,22275,0.006684491978609541
2023-12-20,3780,3780,3715,3765,23180,0.0
2023-12-21,3765,3780,3695,3765,20889,0.0
2023-12-22,3770,3825,3700,3765,20941,0.0
2023-12-26,3825,3825,3635,3790,79801,0.006640106241699861
2023-12-27,3805,3810,3735,3795,16247,0.0013192612137202797
2023-12-28,3800,3815,3720,3785,14841,-0.0026350461133070047
2024-01-02,3825,3825,3690,3730,29912,-0.014531043593130732
2024-01-03,3670,3770,3670,3760,25979,0.008042895442359255
2024-01-04,3735,3810,3720,3770,53003,0.0026595744680850686
2024-01-05,3800,3805,3680,3770,73038,0.0
2024-01-08,3770,3830,3695,3775,32236,0.0013262599469496816
2024-01-09,3790,3945,3680,3940,97933,0.04370860927152309
2024-01-10,3930,4155,3800,4130,118286,0.048223350253807196
2024-01-11,4160,4200,4025,4200,53854,0.016949152542372836
2024-01-12,4200,4480,4135,4300,119083,0.023809523809523725
2024-01-15,4305,4430,4275,4415,59747,0.02674418604651163
2024-01-16,4440,4440,4315,4425,35446,0.0022650056625141968
2024-01-17,4425,4430,4300,4420,32173,-0.001129943502824804
2024-01-18,4390,4430,4335,4405,14208,-0.0033936651583710287
2024-01-19,4495,4495,4330,4425,29585,0.004540295119182858
2024-01-22,4425,4480,4165,4315,63330,-0.024858757062146908
2024-01-23,4310,4315,4030,4100,70336,-0.049826187717265324
2024-01-24,4110,4180,3930,4100,64370,0.0
2024-01-25,4020,4055,3850,3970,48524,-0.03170731707317076
2024-01-26,3950,4130,3920,4130,28060,0.04030226700251882
2024-01-29,4130,4140,3885,3885,68674,-0.05932203389830504
2024-01-30,3885,3945,3830,3940,24274,0.014157014157014203
2024-01-31,3910,4000,3890,3955,25320,0.0038071065989848663
2024-02-01,3905,4000,3890,3920,68074,-0.008849557522123908
2024-02-02,3925,3975,3865,3900,19627,-0.005102040816326481
2024-02-05,3935,4300,3850,4250,60451,0.08974358974358965
2024-02-06,4240,4440,4180,4250,49600,0.0
2024-02-07,4250,4260,3960,4260,14808,0.0023529411764706687
2024-02-08,4260,4260,4075,4085,26426,-0.04107981220657275
2024-02-13,4085,4220,4005,4220,24968,0.03304773561811514
2024-02-14,4220,4250,4010,4200,24151,-0.004739336492891044
2024-02-15,4145,4255,4115,4200,19262,0.0
2024-02-16,4215,4215,4100,4200,24394,0.0
2024-02-19,4200,4200,4105,4195,11793,-0.0011904761904761862
2024-02-20,4200,4220,4135,4190,23026,-0.0011918951132300348
2024-02-21,4140,4250,4130,4190,8761,0.0
2024-02-22,4200,4250,4150,4200,17239,0.0023866348448686736
2024-02-23,4200,4260,4135,4195,23964,-0.0011904761904761862
2024-02-26,4195,4270,4115,4175,11505,-0.004767580452920139
2024-02-27,4335,4335,4120,4195,86142,0.004790419161676551
2024-02-28,4190,4335,4120,4155,54215,-0.009535160905840279
2024-02-29,4240,4240,4020,4155,27865,0.0
2024-03-04,4155,4155,4000,4000,45077,-0.03730445246690739
2024-03-05,3940,4000,3830,3900,66673,-0.025000000000000022
2024-03-06,3845,3895,3785,3890,46674,-0.002564102564102555
2024-03-07,3915,3920,3785,3830,37235,-0.015424164524421635
2024-03-08,3830,3850,3770,3850,30120,0.005221932114882533
2024-03-11,3800,3940,3800,3940,45443,0.023376623376623273
2024-03-12,3940,3955,3795,3890,68355,-0.012690355329949221
2024-03-13,3890,3905,3705,3835,142347,-0.014138817480719768
2024-03-14,3835,4000,3760,3880,28015,0.011734028683181297
2024-03-15,3810,3865,3670,3680,78220,-0.05154639175257736
2024-03-18,3685,3730,3595,3680,123439,0.0
2024-03-19,3730,3730,3610,3630,15314,-0.013586956521739135
2024-03-20,3645,3695,3550,3660,20600,0.008264462809917328
2024-03-21,3620,3735,3620,3685,26197,0.006830601092896238
2024-03-22,3700,3710,3585,3600,33812,-0.023066485753052923
2024-03-25,3560,3650,3500,3510,40355,-0.025000000000000022
2024-03-26,3600,3600,3500,3510,16377,0.0
2024-03-27,3570,3570,3440,3505,39584,-0.0014245014245014564
2024-03-28,3550,3740,3545,3735,45876,0.06562054208273893
2024-03-29,3730,3730,3615,3710,43935,-0.00669344042838016
2024-04-01,3715,3750,3680,3725,27730,0.0040431266846361336
2024-04-02,3770,3770,3670,3730,20372,0.0013422818791946067
2024-04-03,3735,3755,3655,3735,42830,0.0013404825737264314
2024-04-04,3735,3830,3720,3775,32368,0.010709504685408211
2024-04-05,3815,3815,3690,3785,14135,0.0026490066225166586
2024-04-08,3800,3820,3745,3800,22153,0.003963011889035695
2024-04-09,3805,3825,3765,3770,56673,-0.007894736842105288
2024-04-11,3770,3785,3695,3770,22021,0.0
2024-04-12,3705,3795,3705,3775,18774,0.0013262599469496816
2024-04-15,3785,3785,3665,3770,4743,-0.0013245033112583293
2024-04-16,3735,3765,3635,3730,24431,-0.010610079575596787
2024-04-17,3730,3730,3655,3730,4294,0.0
2024-04-18,3705,3730,3565,3590,54608,-0.03753351206434319
2024-04-19,3605,3635,3480,3600,39798,0.0027855153203342198
2024-04-22,3600,3650,3480,3555,17869,-0.012499999999999956
2024-04-23,3570,3570,3480,3490,15309,-0.01828410689170179
2024-04-24,3545,3545,3335,3465,75289,-0.007163323782234943
2024-04-25,3460,3460,3335,3340,55026,-0.03607503607503604
2024-04-26,3340,3495,3325,3490,36988,0.04491017964071853
2024-04-29,3525,3550,3475,3520,5897,0.008595988538681931
2024-04-30,3550,3565,3475,3530,12306,0.0028409090909091717
2024-05-02,3485,3530,3470,3530,10062,0.0
2024-05-03,3560,3580,3480,3515,16605,-0.004249291784702569
2024-05-07,3515,3545,3495,3525,10286,0.002844950213371167
2024-05-08,3525,3555,3460,3525,9962,0.0
2024-05-09,3520,3525,3380,3500,63595,-0.007092198581560294
2024-05-10,3500,3500,3465,3500,5047,0.0
2024-05-13,3700,3700,3420,3500,48366,0.0
2024-05-14,3485,3500,3425,3480,6009,-0.005714285714285672
2024-05-16,3455,3540,3455,3540,11374,0.01724137931034475
2024-05-17,3560,3625,3440,3610,25479,0.019774011299435124
2024-05-20,3610,3610,3440,3525,36917,-0.023545706371191133
2024-05-21,3525,3560,3425,3480,12477,-0.012765957446808529
2024-05-22,3480,4200,3370,3605,408284,0.03591954022988508
2024-05-23,3555,4165,3370,3900,888002,0.08183079056865461
2024-05-24,3865,4195,3800,4100,305913,0.05128205128205132
2024-05-27,4200,4220,4030,4110,476589,0.0024390243902439046
2024-05-28,4160,4160,4050,4085,173989,-0.006082725060827299
2024-05-29,4085,4390,4045,4150,604139,0.01591187270501826
2024-05-30,4085,4125,3975,4000,199281,-0.03614457831325302
2024-05-31,3945,4055,3920,3920,78355,-0.020000000000000018
2024-06-03,3930,3990,3845,3900,75728,-0.005102040816326481
2024-06-04,3875,3895,3765,3850,66188,-0.012820512820512775
2024-06-05,3950,4120,3890,3960,249989,0.02857142857142847
2024-06-07,3960,3965,3850,3850,75785,-0.02777777777777779
2024-06-10,3850,3855,3720,3825,44107,-0.00649350649350644
2024-06-11,3845,3845,3700,3715,80720,-0.02875816993464053
2024-06-12,3740,3785,3710,3730,26639,0.004037685060565233
2024-06-13,3750,3790,3600,3715,48198,-0.004021447721179627
2024-06-14,3680,3730,3640,3640,47572,-0.020188425302826385
2024-06-17,3640,3680,3565,3605,38871,-0.009615384615384581
2024-06-18,3570,4015,3565,4015,228582,0.1137309292649098
2024-06-19,4070,4080,3770,3770,210693,-0.06102117061021173
2024-06-20,3770,3815,3700,3735,37105,-0.009283819628647216
2024-06-21,3735,3780,3600,3675,67900,-0.016064257028112428
2024-06-24,3675,3700,3600,3630,37065,-0.01224489795918371
2024-06-25,3585,3655,3550,3620,29981,-0.0027548209366391463
2024-06-26,3650,3650,3575,3580,22472,-0.011049723756906049
2024-06-27,3640,3650,3510,3510,54019,-0.019553072625698276
2024-06-28,3520,3580,3430,3510,68109,0.0
2024-07-01,3505,3575,3500,3565,30842,0.015669515669515688
2024-07-02,3510,3535,3445,3465,54099,-0.028050490883590462
2024-07-03,3480,3480,3340,3360,70497,-0.030303030303030276
2024-07-04,3360,3395,3345,3380,16019,0.005952380952380931
2024-07-05,3360,3460,3350,3380,39188,0.0
2024-07-08,3380,3440,3360,3420,17737,0.01183431952662728
2024-07-09,3420,3460,3400,3455,17310,0.01023391812865504
2024-07-10,3460,3500,3435,3455,19272,0.0
2024-07-11,3430,3475,3350,3440,23869,-0.00434153400868309
2024-07-12,3440,3440,3340,3405,24460,-0.01017441860465118
2024-07-15,3405,3530,3405,3515,30974,0.032305433186490484
2024-07-16,3485,3530,3410,3465,13769,-0.014224751066856278
2024-07-17,3460,3515,3395,3410,30618,-0.015873015873015928
2024-07-18,3395,3410,3295,3325,55283,-0.024926686217008776
2024-07-19,3310,3325,3200,3260,32025,-0.019548872180451093
2024-07-22,3230,3440,3195,3365,67515,0.03220858895705514
2024-07-23,3365,3450,3300,3310,10031,-0.01634472511144136
2024-07-24,3280,3335,3280,3325,21493,0.004531722054380571
2024-07-25,3335,3370,3275,3340,22890,0.004511278195488799
2024-07-26,3310,3345,3285,3300,11776,-0.0119760479041916
2024-07-29,3270,3345,3235,3315,40809,0.00454545454545463
2024-07-30,3285,3285,3180,3230,25913,-0.02564102564102566
2024-07-31,3200,3230,3155,3185,12770,-0.01393188854489169
2024-08-01,3155,3265,3155,3205,6426,0.006279434850863463
2024-08-02,3160,3180,3110,3165,12583,-0.012480499219968744
2024-08-05,3100,3100,2805,2965,95332,-0.06319115323854663
2024-08-06,2955,3015,2910,3005,26086,0.013490725126475533
2024-08-07,3005,3040,2995,3005,8053,0.0
2024-08-08,2975,3040,2940,2950,23180,-0.01830282861896837
2024-08-09,2955,3060,2925,3000,11566,0.016949152542372836
2024-08-12,2975,3060,2970,3020,8461,0.006666666666666599
2024-08-13,2990,3040,2965,2995,5536,-0.008278145695364225
2024-08-14,3030,3030,2965,2995,5386,0.0
2024-08-16,3010,3010,2900,2945,22866,-0.016694490818030094
2024-08-19,2900,2935,2805,2840,54973,-0.035653650254668934
2024-08-20,2840,2870,2785,2830,43102,-0.0035211267605633756
2024-08-21,2830,3080,2765,3075,123669,0.08657243816254412
2024-08-22,3380,3570,2885,3070,480355,-0.001626016260162566
2024-08-23,3000,3145,2925,3090,38637,0.006514657980456029
2024-08-26,3070,3095,2875,3020,73495,-0.02265372168284785
2024-08-27,2940,3080,2815,2895,90805,-0.04139072847682124
2024-08-28,2985,2995,2785,2830,118237,-0.022452504317789335
2024-08-29,2830,2855,2665,2760,99625,-0.02473498233215543
2024-08-30,2735,2785,2575,2760,35328,0.0
2024-09-02,2790,2790,2710,2740,10162,-0.007246376811594235
2024-09-03,2735,2760,2680,2760,16352,0.007299270072992803
2024-09-04,2730,2730,2595,2715,26551,-0.016304347826086918
2024-09-05,2715,2725,2655,2690,14954,-0.009208103130755041
2024-09-06,2690,2690,2570,2610,14886,-0.029739776951672847
2024-09-09,2465,2600,2465,2510,28934,-0.03831417624521072
2024-09-10,2510,2540,2450,2475,13223,-0.013944223107569709
2024-09-11,2460,2465,2355,2415,28512,-0.024242424242424288
2024-09-12,2345,2530,2345,2465,44729,0.020703933747411973
2024-09-13,2465,2510,2465,2490,9230,0.010141987829614507
2024-09-19,2480,2550,2480,2505,13646,0.006024096385542244
2024-09-20,2520,2700,2515,2555,18153,0.019960079840319445
2024-09-23,2555,2555,2430,2490,20032,-0.025440313111546042
2024-09-24,2490,2540,2435,2530,23234,0.016064257028112428
2024-09-25,2525,2560,2485,2535,43334,0.0019762845849802257
2024-09-26,2555,2555,2505,2545,8901,0.0039447731755424265
2024-09-27,2565,2565,2475,2530,7581,-0.005893909626719096
2024-09-30,2530,2530,2500,2525,4982,-0.0019762845849802257
2024-10-02,2525,2540,2495,2525,8411,0.0
2024-10-04,2540,2540,2490,2520,3737,-0.001980198019801982
2024-10-07,2505,2550,2485,2535,37339,0.005952380952380931
2024-10-08,2550,2550,2490,2515,15021,-0.007889546351084853
2024-10-10,2550,2550,2480,2520,27635,0.001988071570576455
2024-10-11,2535,2535,2410,2410,20984,-0.04365079365079361
2024-10-14,2480,2510,2450,2500,7047,0.03734439834024905
2024-10-15,2490,2490,2430,2430,15963,-0.028000000000000025
2024-10-16,2430,2500,2405,2450,14101,0.008230452674897082
2024-10-17,2470,2470,2380,2400,13190,-0.020408163265306145
2024-10-18,2400,2400,2250,2350,28670,-0.02083333333333337
2024-10-21,2375,2415,2335,2340,3128,-0.004255319148936176
2024-10-22,2340,2405,2235,2235,20912,-0.04487179487179482
2024-10-23,2210,2270,2105,2200,79075,-0.015659955257270708
2024-10-24,2160,2185,1997,2020,49847,-0.08181818181818179
2024-10-25,1981,2015,1954,1958,74657,-0.03069306930693072
2024-10-28,1958,2155,1958,2145,59993,0.09550561797752799
2024-10-29,2145,2145,2040,2095,23718,-0.023310023310023298
2024-10-30,2095,2125,2070,2105,8968,0.004773269689737569
2024-10-31,2050,2150,2040,2130,10565,0.01187648456057011
2024-11-01,2115,2150,2080,2150,5596,0.009389671361502261
2024-11-04,2145,2165,2090,2115,12295,-0.016279069767441867
2024-11-05,2115,2155,2105,2140,12794,0.011820330969267046
2024-11-06,2160,2170,2070,2120,11035,-0.009345794392523366
2024-11-07,2155,2190,2085,2145,4808,0.011792452830188704
2024-11-08,2165,2165,2100,2105,352041,-0.018648018648018683
2024-11-11,2105,2105,1978,2010,28707,-0.04513064133016631
2024-11-12,2010,2010,1911,1925,20887,-0.04228855721393032
2024-11-13,1921,1943,1850,1907,4312,-0.009350649350649332
2024-11-14,1937,1937,1860,1885,17075,-0.011536444677503921
2024-11-15,1894,1894,1795,1888,10955,0.0015915119363394403
2024-11-18,1869,1898,1851,1889,6205,0.0005296610169491789
2024-11-19,1939,1939,1872,1895,3888,0.0031762837480149297
2024-11-20,1876,1895,1875,1889,12432,-0.0031662269129287823
2024-11-21,1889,1907,1889,1907,5028,0.009528851244044567
2024-11-22,1910,1917,1811,1911,8625,0.002097535395909844
2024-11-25,1925,1925,1868,1906,10540,-0.0026164311878598134
2024-11-26,1906,1920,1871,1893,6302,-0.006820566631689395
2024-11-27,1915,1915,1850,1860,10181,-0.017432646592709933
2024-11-28,1843,1895,1793,1848,28436,-0.006451612903225823
2024-11-29,1846,1846,1790,1830,14589,-0.009740259740259716
2024-12-02,1790,1804,1776,1796,36777,-0.01857923497267755
2024-12-03,1796,1796,1760,1785,28374,-0.006124721603563477
2024-12-04,1766,1775,1725,1741,28182,-0.024649859943977614
2024-12-05,1770,1770,1710,1713,24313,-0.016082711085583012
2024-12-06,1746,1746,1602,1700,25788,-0.007589025102159974
2024-12-09,1699,1699,1615,1617,37922,-0.04882352941176471
2024-12-10,1616,1639,1610,1622,26616,0.0030921459492887493
2024-12-11,1622,1710,1615,1698,22831,0.04685573366214557
2024-12-12,1701,2045,1701,1861,248975,0.09599528857479389
2024-12-13,1972,1972,1777,1884,36945,0.012358946802794257
2024-12-16,1900,1900,1824,1859,7746,-0.013269639065817462
2024-12-17,1860,1884,1845,1875,8342,0.008606777837547153
2024-12-18,1875,1920,1865,1880,13227,0.002666666666666595
2024-12-19,1880,1907,1780,1907,14440,0.014361702127659637
2024-12-20,1907,1910,1811,1886,8390,-0.01101206082852646
2024-12-23,1886,1886,1755,1870,12351,-0.008483563096500557
2024-12-24,1877,1884,1845,1865,3000,-0.002673796791443861
2024-12-26,1875,1875,1838,1864,3560,-0.0005361930294905948
2024-12-27,1864,1864,1770,1820,9106,-0.023605150214592308
2024-12-30,1801,1836,1800,1833,8735,0.0071428571428571175
2025-01-02,1833,1888,1735,1828,1314,-0.0027277686852155147
2025-01-03,1828,1849,1750,1800,30167,-0.015317286652078765
2025-01-06,1844,1844,1781,1840,14097,0.022222222222222143
2025-01-07,1858,1858,1820,1845,4593,0.0027173913043478937
2025-01-08,1845,1845,1831,1842,1608,-0.001626016260162566
