Date,Open,High,Low,Close,Volume,Change
2022-01-03,32800,33300,32000,32150,302924,-0.009244992295839749
2022-01-04,32200,32600,30700,32200,355287,0.0015552099533437946
2022-01-05,31850,31850,29650,30000,470056,-0.06832298136645965
2022-01-06,29300,30200,29000,29100,348353,-0.030000000000000027
2022-01-07,29250,30500,29000,29800,187653,0.02405498281786933
2022-01-10,29600,29650,28450,29200,108388,-0.020134228187919434
2022-01-11,29200,29950,28300,28350,206734,-0.02910958904109584
2022-01-12,29100,29950,28900,29650,258647,0.04585537918871263
2022-01-13,29650,30150,28950,30000,179397,0.01180438448566612
2022-01-14,29700,31350,29600,30650,423480,0.021666666666666723
2022-01-17,30400,30500,29600,29850,181093,-0.02610114192495927
2022-01-18,30100,31600,30100,30600,395675,0.025125628140703515
2022-01-19,30000,30450,29100,29500,223487,-0.03594771241830064
2022-01-20,29500,30650,28950,30650,193165,0.03898305084745757
2022-01-21,30100,30150,28000,28100,356656,-0.0831973898858075
2022-01-24,28000,29250,27900,28700,203976,0.021352313167259718
2022-01-25,29500,29600,28450,29050,246318,0.012195121951219523
2022-01-26,28950,29300,28150,28700,151766,-0.012048192771084376
2022-01-27,29400,29450,27100,28100,248573,-0.020905923344947785
2022-01-28,28500,28900,26850,28650,222716,0.019572953736654908
2022-02-03,29500,29650,28500,28650,150791,0.0
2022-02-04,28600,29350,28350,29150,128505,0.017452006980802848
2022-02-07,29250,29250,27050,27350,413497,-0.061749571183533414
2022-02-08,27550,27650,26100,26250,323498,-0.04021937842778789
2022-02-09,27050,27700,26850,27400,212122,0.04380952380952374
2022-02-10,27600,27800,26900,27200,124076,-0.007299270072992692
2022-02-11,26800,27150,26400,26500,98785,-0.02573529411764708
2022-02-14,25900,26200,25100,25350,241589,-0.04339622641509433
2022-02-15,25450,26250,25100,25450,97098,0.0039447731755424265
2022-02-16,26300,26300,25700,26000,124227,0.0216110019646365
2022-02-17,26100,27200,25800,26450,192318,0.017307692307692246
2022-02-18,25800,27700,25750,27400,204502,0.03591682419659725
2022-02-21,27100,27300,26400,27200,98931,-0.007299270072992692
2022-02-22,26500,27150,26400,26500,85352,-0.02573529411764708
2022-02-23,26950,27400,26750,27200,100139,0.026415094339622636
2022-02-24,26700,27100,26250,26700,100901,-0.018382352941176516
2022-02-25,27450,27450,25650,26000,268419,-0.02621722846441943
2022-02-28,25800,26000,24450,24700,395586,-0.050000000000000044
2022-03-02,24500,25500,23750,25300,165581,0.02429149797570851
2022-03-03,25650,25800,25150,25400,116146,0.0039525691699604515
2022-03-04,25400,25550,24750,25350,98840,-0.0019685039370078705
2022-03-07,24750,25250,24550,24800,80249,-0.021696252465483234
2022-03-08,24350,24950,24100,24350,80062,-0.01814516129032262
2022-03-10,25000,25200,24450,24450,50179,0.004106776180698102
2022-03-11,24550,24600,23500,23650,123503,-0.03271983640081799
2022-03-14,23400,23500,22200,22400,215819,-0.052854122621564525
2022-03-15,22300,22450,21650,22200,110835,-0.008928571428571397
2022-03-16,22900,22950,22100,22350,135626,0.006756756756756799
2022-03-17,22950,23650,22800,23500,237628,0.05145413870246096
2022-03-18,23700,24450,23350,24350,122266,0.036170212765957555
2022-03-21,24600,25250,24350,24500,181984,0.006160164271047153
2022-03-22,24700,26000,24700,25750,263639,0.05102040816326525
2022-03-23,25900,26550,25750,26350,153228,0.023300970873786353
2022-03-24,26150,26700,25750,26350,131999,0.0
2022-03-25,27250,27350,26500,26800,160739,0.017077798861480087
2022-03-28,26800,26950,26050,26550,84291,-0.009328358208955279
2022-03-29,26750,26950,26050,26100,84650,-0.016949152542372836
2022-03-30,26750,27200,26300,26650,195443,0.021072796934865856
2022-03-31,26350,27050,26300,26750,122243,0.0037523452157599557
2022-04-01,26450,26600,25350,25900,285185,-0.03177570093457949
2022-04-04,25900,26100,25500,25850,66467,-0.0019305019305019266
2022-04-05,26200,26600,25950,26300,120152,0.01740812379110257
2022-04-06,25900,25900,25200,25450,135293,-0.03231939163498099
2022-04-07,25100,25350,24850,25150,50113,-0.011787819253438081
2022-04-08,25100,25200,24300,25100,104283,-0.001988071570576566
2022-04-11,25100,25100,24500,24850,42477,-0.009960159362549792
2022-04-12,24300,25450,24300,25450,76432,0.024144869215291687
2022-04-13,25500,26000,25250,25950,78948,0.01964636542239684
2022-04-14,26150,26350,25100,26150,100414,0.007707129094412402
2022-04-15,25950,26500,25750,26250,87198,0.003824091778202643
2022-04-18,25950,26500,25800,25800,71670,-0.017142857142857126
2022-04-19,25850,26750,25850,26000,100412,0.007751937984496138
2022-04-20,26100,27300,26100,26750,224229,0.028846153846153744
2022-04-21,26750,27950,26750,27700,211590,0.03551401869158877
2022-04-22,27500,27700,26900,27400,118322,-0.010830324909747335
2022-04-25,26600,26900,26100,26300,126098,-0.04014598540145986
2022-04-26,26450,26900,26450,26500,67143,0.0076045627376426506
2022-04-27,25350,26500,25350,26400,68112,-0.0037735849056603765
2022-04-28,26800,26800,26100,26300,60011,-0.0037878787878787845
2022-04-29,26500,27000,26250,26550,42836,0.009505703422053147
2022-05-02,26200,26450,25600,26250,69887,-0.011299435028248594
2022-05-03,26100,27000,26100,26800,85674,0.020952380952381056
2022-05-04,26950,26950,26400,26800,63769,0.0
2022-05-06,26450,26500,25450,26000,104897,-0.02985074626865669
2022-05-09,25700,25700,24700,25100,73360,-0.0346153846153846
2022-05-10,24350,25850,23900,25750,95666,0.02589641434262946
2022-05-11,25700,25950,25200,25300,55228,-0.01747572815533982
2022-05-12,24550,25150,24250,24400,76584,-0.035573122529644285
2022-05-13,24600,25450,24550,24950,75280,0.02254098360655732
2022-05-16,25500,25500,24650,24750,49704,-0.008016032064128265
2022-05-17,25400,26800,24950,26650,189369,0.07676767676767682
2022-05-18,26650,27250,25650,26650,175310,0.0
2022-05-19,25950,27250,25800,27000,110753,0.013133208255159401
2022-05-20,27300,27300,26650,26900,57924,-0.0037037037037036535
2022-05-23,27200,27200,26400,26800,46352,-0.0037174721189591198
2022-05-24,26700,26900,26150,26250,53507,-0.020522388059701524
2022-05-25,26300,27300,25950,27050,107961,0.030476190476190546
2022-05-26,27150,27300,26500,26800,68442,-0.009242144177449174
2022-05-27,27100,27100,26650,26750,47819,-0.001865671641791078
2022-05-30,27200,27350,26700,27300,74982,0.020560747663551426
2022-05-31,27450,28350,27100,28100,165328,0.0293040293040292
2022-06-02,28100,28300,27400,27950,72211,-0.005338078291814985
2022-06-03,28100,28300,27400,27550,53051,-0.014311270125223596
2022-06-07,27500,27500,26350,26800,77313,-0.02722323049001818
2022-06-08,26800,27000,26500,26700,34939,-0.003731343283582045
2022-06-09,26750,26900,26100,26450,30367,-0.009363295880149836
2022-06-10,26200,26650,25800,26550,48162,0.003780718336483968
2022-06-13,25900,25950,24800,24900,93976,-0.062146892655367214
2022-06-14,24600,24850,23500,24200,106747,-0.028112449799196804
2022-06-15,24400,24450,23000,23350,71653,-0.03512396694214881
2022-06-16,23750,24200,22800,22950,80300,-0.017130620985010725
2022-06-17,22600,23600,21800,23600,125943,0.028322440087146017
2022-06-20,23600,23750,21950,22350,100760,-0.052966101694915224
2022-06-21,22500,22700,21700,22350,82847,0.0
2022-06-22,22400,22550,21000,21200,152709,-0.05145413870246085
2022-06-23,21200,21750,20600,20700,103069,-0.02358490566037741
2022-06-24,20700,21850,20650,21550,124208,0.04106280193236711
2022-06-27,21750,22450,21450,21800,42200,0.011600928074245953
2022-06-28,22000,22200,21300,21450,38992,-0.016055045871559592
2022-06-29,21250,21250,20450,20900,73944,-0.02564102564102566
2022-06-30,20900,20900,19850,20250,108417,-0.031100478468899517
2022-07-01,20250,20750,19550,19750,80638,-0.024691358024691357
2022-07-04,19550,19600,18500,19400,154047,-0.017721518987341756
2022-07-05,19350,19950,18750,19050,212419,-0.01804123711340211
2022-07-06,19250,19600,18750,18800,130555,-0.013123359580052507
2022-07-07,19100,19350,18400,19250,134649,0.02393617021276606
2022-07-08,19800,19800,19150,19200,107382,-0.0025974025974025983
2022-07-11,19200,19350,18800,19100,107482,-0.00520833333333337
2022-07-12,19000,19000,17300,17650,208052,-0.0759162303664922
2022-07-13,17400,17800,16800,17550,417007,-0.005665722379603388
2022-07-14,17300,18100,17300,17700,122895,0.008547008547008517
2022-07-15,17950,18450,17650,17850,141637,0.008474576271186418
2022-07-18,18200,18900,18200,18700,95031,0.04761904761904767
2022-07-19,18250,18650,18100,18550,45887,-0.008021390374331583
2022-07-20,19000,19950,18850,19200,199748,0.03504043126684642
2022-07-21,19100,20000,19050,19750,117540,0.02864583333333326
2022-07-22,20050,20450,19700,19800,132714,0.0025316455696202667
2022-07-25,19800,20400,19550,19950,40306,0.007575757575757569
2022-07-26,19700,20250,19700,20000,40110,0.0025062656641603454
2022-07-27,19900,20050,19600,19650,36586,-0.01749999999999996
2022-07-28,20500,20650,19950,19950,154941,0.01526717557251911
2022-07-29,20300,20500,19750,19900,73450,-0.0025062656641604564
2022-08-01,19900,20300,19700,19950,79902,0.002512562814070307
2022-08-02,20100,20200,19750,19800,60938,-0.007518796992481258
2022-08-03,20150,20500,19800,20150,111235,0.017676767676767735
2022-08-04,20350,20400,19950,20050,62453,-0.00496277915632759
2022-08-05,20300,20450,19950,20350,53833,0.014962593516209433
2022-08-08,20350,20350,19800,19850,48092,-0.02457002457002455
2022-08-09,19850,19900,18550,18900,184340,-0.04785894206549124
2022-08-10,18450,18500,17600,17850,234083,-0.05555555555555558
2022-08-11,18350,18600,17950,18200,131350,0.019607843137254832
2022-08-12,18300,18800,18100,18700,69974,0.027472527472527375
2022-08-16,18950,19150,18600,18700,80401,0.0
2022-08-17,18850,18850,18050,18250,172045,-0.024064171122994638
2022-08-18,18100,18800,17950,18700,60121,0.024657534246575352
2022-08-19,18750,18750,18250,18250,70140,-0.024064171122994638
2022-08-22,18000,18000,17600,17700,66739,-0.03013698630136985
2022-08-23,17350,18100,17100,17500,58718,-0.011299435028248594
2022-08-24,17550,18100,17550,17950,106742,0.0257142857142858
2022-08-25,18200,18950,17850,18450,129877,0.027855153203342642
2022-08-26,18600,19400,18550,19000,123604,0.02981029810298108
2022-08-29,18450,18450,17800,18050,111461,-0.050000000000000044
2022-08-30,17950,18300,17850,18250,51663,0.011080332409972193
2022-08-31,17900,18500,17900,18500,33270,0.013698630136986356
2022-09-01,18200,18600,17950,18100,39048,-0.021621621621621623
2022-09-02,18100,18250,17450,17500,78118,-0.03314917127071826
2022-09-05,17300,17750,16500,16700,160954,-0.04571428571428571
2022-09-06,16700,17400,16700,17250,96822,0.03293413173652704
2022-09-07,17250,17300,16650,16950,64204,-0.017391304347826098
2022-09-08,17100,17300,16850,17100,39888,0.008849557522123908
2022-09-13,17950,18050,17450,17750,83320,0.03801169590643272
2022-09-14,16850,17050,16800,16900,68342,-0.04788732394366202
2022-09-15,16950,17000,16500,16700,91887,-0.011834319526627168
2022-09-16,16500,16650,15900,15900,106013,-0.04790419161676651
2022-09-19,15950,16250,15400,15700,263558,-0.012578616352201255
2022-09-20,15850,16300,15850,16100,45672,0.02547770700636942
2022-09-21,16000,16150,15600,15800,43035,-0.018633540372670843
2022-09-22,15450,15650,14350,15550,106752,-0.015822784810126556
2022-09-23,15400,15400,14700,14900,84890,-0.04180064308681675
2022-09-26,14400,14750,13700,14000,137954,-0.06040268456375841
2022-09-27,13750,14550,13600,14550,97031,0.03928571428571437
2022-09-28,14450,14700,13750,14050,62522,-0.03436426116838487
2022-09-29,14250,14500,13750,13750,95782,-0.02135231316725983
2022-09-30,13500,14100,13200,13800,129691,0.0036363636363636598
2022-10-04,14000,14550,13950,14450,49557,0.047101449275362306
2022-10-05,14850,14900,14100,14400,45051,-0.0034602076124568004
2022-10-06,14700,15150,14500,15000,45573,0.04166666666666674
2022-10-07,14800,15700,14600,15300,127938,0.020000000000000018
2022-10-11,14600,15000,14350,14550,55877,-0.0490196078431373
2022-10-12,14350,14650,14300,14400,31852,-0.010309278350515427
2022-10-13,14350,14400,13700,13750,30833,-0.04513888888888884
2022-10-14,14100,14350,14000,14350,23916,0.043636363636363695
2022-10-17,14050,14500,14000,14400,19588,0.0034843205574912606
2022-10-18,14550,14800,14200,14400,39866,0.0
2022-10-19,14350,14400,13500,13550,115401,-0.05902777777777779
2022-10-20,13500,13650,13000,13450,55640,-0.0073800738007380184
2022-10-21,13250,13450,13050,13100,30777,-0.026022304832713727
2022-10-24,13550,13950,13100,13150,205107,0.003816793893129722
2022-10-25,13250,13800,13150,13750,123311,0.04562737642585546
2022-10-26,13750,13750,13450,13600,44959,-0.010909090909090868
2022-10-27,13550,14100,13300,13900,60188,0.022058823529411686
2022-10-28,13650,13850,13350,13400,63469,-0.03597122302158273
2022-10-31,13650,14050,13550,13800,58042,0.029850746268656803
2022-11-01,13900,13900,13450,13550,53084,-0.018115942028985477
2022-11-02,13550,13750,13200,13350,76976,-0.014760147601476037
2022-11-03,13100,13250,12950,13050,75003,-0.022471910112359605
2022-11-04,12950,13200,12650,13150,62339,0.00766283524904221
2022-11-07,13300,13600,13100,13450,57199,0.02281368821292773
2022-11-08,13700,14050,13550,13900,64315,0.03345724907063197
2022-11-09,14000,14200,13800,13850,68019,-0.003597122302158251
2022-11-10,13450,13700,13250,13300,73226,-0.03971119133574008
2022-11-11,14450,14450,13900,14250,147960,0.0714285714285714
2022-11-14,14200,14650,14050,14400,93255,0.010526315789473717
2022-11-15,14400,15000,14150,15000,108873,0.04166666666666674
2022-11-16,15050,15200,14750,15000,48687,0.0
2022-11-17,14800,14850,14450,14450,40264,-0.036666666666666625
2022-11-18,14550,16400,14550,15650,451637,0.08304498269896188
2022-11-21,15550,15550,14750,14750,133165,-0.057507987220447254
2022-11-22,14700,14800,14250,14300,63064,-0.03050847457627115
2022-11-23,14500,14550,14150,14300,46665,0.0
2022-11-24,14350,15000,14350,14900,60529,0.04195804195804187
2022-11-25,14900,15000,14550,14700,30072,-0.01342281879194629
2022-11-28,14600,14600,14250,14250,36908,-0.030612244897959218
2022-11-29,14100,14500,14100,14400,17016,0.010526315789473717
2022-11-30,14250,14550,14100,14450,21492,0.003472222222222321
2022-12-01,15000,15150,14700,14700,67260,0.01730103806228378
2022-12-02,14800,14950,14500,14600,30137,-0.006802721088435382
2022-12-05,14700,15100,14600,14900,46358,0.020547945205479534
2022-12-06,14850,14850,14250,14300,31773,-0.04026845637583898
2022-12-07,14150,14400,13950,14150,30444,-0.010489510489510523
2022-12-08,14100,14300,13950,14000,23646,-0.010600706713780883
2022-12-09,14000,14200,13800,14100,17315,0.0071428571428571175
2022-12-12,14050,14050,13650,13750,25510,-0.024822695035460973
2022-12-13,13800,13950,13500,13500,37047,-0.018181818181818188
2022-12-14,13700,14000,13650,13900,21509,0.029629629629629672
2022-12-15,13750,14100,13650,13950,31298,0.003597122302158251
2022-12-16,13650,13850,13550,13750,29887,-0.014336917562724039
2022-12-19,13800,13950,13450,13700,12244,-0.0036363636363636598
2022-12-20,13750,14000,13500,13700,23748,0.0
2022-12-21,13700,14150,13500,13550,25127,-0.010948905109489093
2022-12-22,13900,13900,13600,13700,17837,0.011070110701107083
2022-12-23,13500,13750,13300,13500,90023,-0.014598540145985384
2022-12-26,13700,14250,13450,13950,73056,0.03333333333333344
2022-12-27,14150,14550,14050,14200,60289,0.017921146953405076
2022-12-28,14200,14350,13700,13850,62210,-0.02464788732394363
2022-12-29,13850,14000,13550,13750,33491,-0.0072202166064981865
2023-01-02,13750,14150,13600,13700,28948,-0.0036363636363636598
2023-01-03,13800,14150,13400,14150,55846,0.03284671532846706
2023-01-04,14150,15150,13850,14700,130757,0.03886925795053009
2023-01-05,14700,14900,14300,14700,45434,0.0
2023-01-06,14600,15600,14550,15200,110810,0.03401360544217691
2023-01-09,15450,15800,15150,15600,76779,0.026315789473684292
2023-01-10,15600,16300,15550,15700,68562,0.0064102564102563875
2023-01-11,15850,16000,15300,15600,62488,-0.006369426751592355
2023-01-12,15800,16000,15300,15900,64452,0.019230769230769162
2023-01-13,15900,16000,15150,15200,74414,-0.04402515723270439
2023-01-16,15200,15500,15000,15100,39032,-0.006578947368421018
2023-01-17,15150,15350,14950,14950,43666,-0.009933774834437137
2023-01-18,14950,15900,14900,15850,90398,0.06020066889632103
2023-01-19,15850,17000,15650,16500,164164,0.04100946372239744
2023-01-20,16850,17300,16250,16350,101263,-0.009090909090909038
2023-01-25,16700,16700,16340,16340,60641,-0.0006116207951070152
2023-01-26,16370,16830,16260,16790,72663,0.027539779681762466
2023-01-27,16900,17550,16850,17000,105625,0.012507444907683185
2023-01-30,16930,17100,16510,16750,65221,-0.014705882352941124
2023-01-31,16650,17350,16550,16900,63226,0.008955223880596996
2023-02-01,16940,17240,16870,17040,34749,0.008284023668639007
2023-02-02,17210,17900,17210,17880,137294,0.04929577464788726
2023-02-03,18000,18050,17550,17830,66439,-0.002796420581655523
2023-02-06,17840,18250,17710,17880,55240,0.0028042624789679227
2023-02-07,17880,18470,17810,18380,72501,0.027964205816554788
2023-02-08,18510,18520,17550,17690,293629,-0.037540805223068574
2023-02-09,17690,17910,17150,17670,115779,-0.0011305822498586249
2023-02-10,17490,17540,16920,17440,87412,-0.013016411997736288
2023-02-13,17440,17440,17040,17250,51647,-0.01089449541284404
2023-02-14,17300,18180,17280,17590,137159,0.01971014492753631
2023-02-15,17890,19500,17050,17610,324323,0.0011370096645821892
2023-02-16,18050,18050,17590,17860,59086,0.014196479273140161
2023-02-17,17810,17850,17480,17630,49212,-0.012877939529675198
2023-02-20,18100,18100,17450,17660,45598,0.001701644923425949
2023-02-21,17530,17920,17470,17560,41155,-0.005662514156285381
2023-02-22,17500,17970,17120,17180,119093,-0.021640091116173155
2023-02-23,17270,17490,17050,17340,30144,0.0093131548311991
2023-02-24,17250,17630,16510,16780,71849,-0.032295271049596286
2023-02-27,16460,16670,16300,16330,56405,-0.02681764004767584
2023-02-28,16370,16490,16280,16340,35067,0.0006123698714022296
2023-03-02,16350,16420,15930,16030,68331,-0.01897184822521425
2023-03-03,16050,16260,15910,16000,36735,-0.0018714909544603753
2023-03-06,16110,16820,15830,16800,91783,0.050000000000000044
2023-03-07,16950,16950,16320,16450,48732,-0.02083333333333337
2023-03-08,16280,16450,16050,16210,26479,-0.014589665653495398
2023-03-09,16500,16520,16070,16190,34732,-0.0012338062924120985
2023-03-10,15820,16150,15700,15720,42281,-0.029030265596046934
2023-03-13,15700,15990,15300,15700,56926,-0.0012722646310432406
2023-03-14,15410,15700,15050,15050,63582,-0.04140127388535031
2023-03-15,15440,15520,15130,15250,40301,0.013289036544850585
2023-03-16,15060,15690,14960,15240,55983,-0.0006557377049180024
2023-03-17,15640,16700,15500,16400,176985,0.07611548556430447
2023-03-20,16410,16660,16080,16200,42910,-0.012195121951219523
2023-03-21,16340,16340,15890,16200,37661,0.0
2023-03-22,16200,16500,15910,16340,68158,0.00864197530864197
2023-03-23,16100,16460,16100,16180,40594,-0.009791921664626724
2023-03-24,16290,17750,16290,17590,253357,0.08714462299134729
2023-03-27,17830,17910,17260,17370,74812,-0.012507106310403637
2023-03-28,17490,18400,17210,18200,156387,0.04778353483016695
2023-03-29,18280,18990,18060,18610,136059,0.022527472527472447
2023-03-30,19210,21500,19160,20800,671539,0.11767866738312738
2023-03-31,20850,21550,20150,20950,366728,0.007211538461538547
2023-04-03,21250,21700,20050,20650,207649,-0.014319809069212375
2023-04-04,20700,20800,19990,20050,164996,-0.029055690072639195
2023-04-05,19880,21350,19880,20800,161117,0.03740648379052369
2023-04-06,20800,20850,19760,20600,184970,-0.009615384615384581
2023-04-07,20700,21450,20250,20550,152781,-0.0024271844660194164
2023-04-10,20500,20900,19880,19930,103085,-0.030170316301703193
2023-04-11,20250,22750,20200,22200,823391,0.11389864525840432
2023-04-12,21650,21950,21250,21800,175929,-0.018018018018018056
2023-04-13,21500,21900,21050,21650,121932,-0.006880733944954143
2023-04-14,22250,22250,21050,22000,153036,0.01616628175519641
2023-04-17,21750,21850,21050,21650,117885,-0.015909090909090873
2023-04-18,21750,21900,20850,21500,95202,-0.006928406466512715
2023-04-19,21450,21900,21150,21650,83306,0.006976744186046435
2023-04-20,21750,22450,20950,21200,181812,-0.020785219399538146
2023-04-21,23000,23050,21300,21500,489966,0.014150943396226356
2023-04-24,21100,21250,20050,20300,174816,-0.05581395348837215
2023-04-25,20250,20400,19480,19720,104311,-0.02857142857142858
2023-04-26,19870,21100,19750,20550,103566,0.042089249492900604
2023-04-27,20550,20750,20000,20500,45162,-0.0024330900243308973
2023-04-28,20900,20900,19910,19980,52484,-0.025365853658536608
2023-05-02,19980,20150,19780,20100,38194,0.006006006006006093
2023-05-03,19910,19950,19370,19500,118609,-0.02985074626865669
2023-05-04,19590,19590,18830,19010,72033,-0.025128205128205128
2023-05-08,19210,19700,19010,19070,53037,0.0031562335612835835
2023-05-09,18880,19050,18460,18600,52884,-0.024646040901940225
2023-05-10,18600,18740,18260,18490,40347,-0.005913978494623606
2023-05-11,18600,18670,18250,18490,59161,0.0
2023-05-12,18410,18600,18100,18310,50139,-0.009734991887506705
2023-05-15,18000,18380,17840,18320,38170,0.0005461496450027692
2023-05-16,18170,18350,16960,17670,220293,-0.035480349344978124
2023-05-17,17700,18200,17490,18080,61463,0.02320316921335608
2023-05-18,18120,19000,18120,19000,71298,0.05088495575221241
2023-05-19,19400,19850,19230,19700,146231,0.03684210526315779
2023-05-22,19840,19940,19480,19500,61070,-0.010152284263959421
2023-05-23,19740,19740,18950,19000,168164,-0.02564102564102566
2023-05-24,18950,19300,18730,19150,61903,0.007894736842105177
2023-05-25,19420,20100,19420,19760,105262,0.03185378590078325
2023-05-26,19960,20650,19960,20100,89151,0.0172064777327936
2023-05-30,20550,21150,20350,20850,155050,0.03731343283582089
2023-05-31,20850,20850,19900,20050,139540,-0.0383693045563549
2023-06-01,19750,20450,19690,20250,82543,0.009975062344139696
2023-06-02,20450,20700,19580,19650,126239,-0.029629629629629672
2023-06-05,19600,20250,19410,19660,46171,0.0005089058524172518
2023-06-07,19660,20200,19500,19840,39366,0.00915564598168861
2023-06-08,19740,20000,19510,19840,30369,0.0
2023-06-09,19930,20950,19930,20350,181129,0.025705645161290258
2023-06-12,20650,20850,20100,20500,99960,0.0073710073710073765
2023-06-13,21000,25450,20950,24500,1976877,0.19512195121951215
2023-06-14,25250,25900,24400,25600,818458,0.044897959183673564
2023-06-15,26450,28000,25500,26900,925104,0.05078125
2023-06-16,26950,27250,26400,27000,344883,0.0037174721189590088
2023-06-19,26800,26950,26000,26150,289654,-0.031481481481481444
2023-06-20,25950,26350,25050,26100,222594,-0.0019120458891013214
2023-06-21,25850,26000,24550,25050,274976,-0.04022988505747127
2023-06-22,24650,25550,24550,24950,211988,-0.003992015968063867
2023-06-23,25000,26400,24900,25350,261575,0.01603206412825653
2023-06-26,25550,25600,24550,25350,136446,0.0
2023-06-27,25000,25400,24250,24700,120287,-0.02564102564102566
2023-06-28,25800,26500,25200,25400,237650,0.028340080971659853
2023-06-29,25500,29500,25450,29000,1163665,0.1417322834645669
2023-06-30,28500,31500,27350,30500,997881,0.051724137931034475
2023-07-03,30950,33900,30850,33600,767124,0.10163934426229515
2023-07-04,33700,34500,32800,33500,369707,-0.0029761904761904656
2023-07-05,33400,34800,33100,34500,450234,0.029850746268656803
2023-07-06,34150,34150,31700,31850,586169,-0.07681159420289851
2023-07-07,31850,33650,31750,32200,429236,0.01098901098901095
2023-07-10,32200,35000,30700,31450,653119,-0.02329192546583847
2023-07-11,31750,34350,31750,33500,479550,0.06518282988871227
2023-07-12,34350,36400,32250,36000,603910,0.07462686567164178
2023-07-13,37350,40000,35450,37700,1064314,0.047222222222222276
2023-07-14,37850,41850,37800,41350,1266962,0.09681697612732099
2023-07-17,41450,48150,40750,43350,1089466,0.048367593712212775
2023-07-18,44100,47000,42450,43700,661586,0.008073817762399127
2023-07-19,43900,44250,39650,41000,764913,-0.06178489702517165
2023-07-20,41250,46000,40350,46000,756045,0.12195121951219523
2023-07-21,43850,44600,42800,43650,409909,-0.05108695652173911
2023-07-24,43400,45000,41450,44350,433787,0.016036655211912887
2023-07-25,43800,45350,41800,42600,430078,-0.03945885005636973
2023-07-26,43850,45000,40450,41700,845021,-0.021126760563380254
2023-07-27,41700,46050,41050,45600,813219,0.09352517985611519
2023-07-28,47900,48450,44200,46350,548472,0.016447368421052655
2023-07-31,46000,47700,44600,44800,259079,-0.033441208198489725
2023-08-01,45150,45600,42300,44950,312565,0.0033482142857141906
2023-08-02,44050,46950,41300,41700,549839,-0.0723025583982202
2023-08-03,41350,41950,37300,40200,787343,-0.03597122302158273
2023-08-04,39850,41000,38700,39200,217536,-0.02487562189054726
2023-08-07,38700,39350,37250,37700,295501,-0.03826530612244894
2023-08-08,38100,40550,37300,37900,352186,0.0053050397877985045
2023-08-09,37600,38150,36550,36900,235867,-0.02638522427440637
2023-08-10,35650,35950,34200,35400,578430,-0.04065040650406504
2023-08-11,36000,36600,35000,35200,249143,-0.005649717514124242
2023-08-14,34050,35550,34050,35100,137384,-0.0028409090909090606
2023-08-16,34950,36800,34500,34850,280423,-0.007122507122507171
2023-08-17,34100,36550,33500,36100,363869,0.03586800573888094
2023-08-18,35050,39150,34150,38900,939311,0.07756232686980602
2023-08-21,39900,40500,38550,38900,349469,0.0
2023-08-22,40550,40600,36650,36750,487257,-0.055269922879177424
2023-08-23,36700,37950,36050,37050,238040,0.008163265306122547
2023-08-24,38950,42000,36800,37300,1082237,0.006747638326585648
2023-08-25,36000,36250,34400,34950,363870,-0.0630026809651475
2023-08-28,35000,35750,34050,35300,174694,0.010014306151645114
2023-08-29,35800,36200,34250,34850,252820,-0.012747875354107596
2023-08-30,36500,39550,36500,38150,828272,0.09469153515064566
2023-08-31,39250,40850,39050,40150,633266,0.05242463958060295
2023-09-01,39800,41500,39800,40600,326542,0.011207970112079746
2023-09-04,41400,41700,38650,38950,252830,-0.04064039408866993
2023-09-05,39350,40400,38650,38900,211141,-0.0012836970474967568
2023-09-06,39900,40350,37250,37600,301126,-0.033419023136246784
2023-09-07,37000,38700,36750,38100,263294,0.013297872340425565
2023-09-08,37900,37900,34000,35700,652210,-0.06299212598425197
2023-09-11,35550,36600,34950,36600,203792,0.025210084033613356
2023-09-12,38950,40500,37250,39000,624038,0.06557377049180335
2023-09-13,39450,42950,36300,36300,947490,-0.0692307692307692
2023-09-14,37200,39300,36800,39300,361720,0.0826446280991735
2023-09-15,38550,38750,37000,37800,215113,-0.03816793893129766
2023-09-18,36300,36450,34300,34500,397412,-0.08730158730158732
2023-09-19,34700,35150,32650,32650,270559,-0.05362318840579705
2023-09-20,32650,33100,31900,32300,136055,-0.01071975497702915
2023-09-21,31200,32500,29650,30200,435986,-0.06501547987616096
2023-09-22,29400,30200,29100,30100,279971,-0.0033112582781457123
2023-09-25,30300,31150,28500,30700,173299,0.019933554817275656
2023-09-26,31200,31500,30300,31300,123848,0.019543973941368087
2023-09-27,31000,32150,30150,31750,156963,0.01437699680511173
2023-10-04,31100,31450,30200,30650,146489,-0.03464566929133861
2023-10-05,31500,31950,30300,30550,138377,-0.0032626427406199365
2023-10-06,30600,31400,30000,30950,74407,0.013093289689034338
2023-10-10,30900,31550,28650,29000,227157,-0.06300484652665594
2023-10-11,29650,30950,29650,30300,158389,0.04482758620689653
2023-10-12,30450,32050,30400,31550,144246,0.041254125412541365
2023-10-13,31550,33650,31150,32500,277089,0.030110935023771823
2023-10-16,31850,32400,30450,31150,154752,-0.041538461538461524
2023-10-17,31650,32550,30400,31850,155123,0.022471910112359605
2023-10-18,31200,31800,30600,31600,150695,-0.00784929356357933
2023-10-19,30600,30700,28700,28850,327474,-0.08702531645569622
2023-10-20,28200,28700,27100,27850,223261,-0.03466204506065862
2023-10-23,27500,28800,27500,27850,93237,0.0
2023-10-24,28700,29500,28100,29500,141580,0.05924596050269293
2023-10-25,29950,30750,29300,29800,169799,0.01016949152542379
2023-10-26,28200,29500,28200,28700,101387,-0.03691275167785235
2023-10-27,29600,29650,27600,28150,124459,-0.019163763066202044
2023-10-30,27950,28750,27500,27750,84087,-0.014209591474245165
2023-10-31,28300,28450,26650,26900,141222,-0.03063063063063065
2023-11-01,27250,27850,26850,27150,90784,0.009293680297397744
2023-11-02,28250,31000,28200,31000,314911,0.14180478821362796
2023-11-03,31250,31550,30650,30950,157142,-0.001612903225806428
2023-11-06,31300,32950,30550,32150,278085,0.03877221324717284
2023-11-07,32150,33600,31250,32100,256310,-0.0015552099533436836
2023-11-08,33100,34150,32000,32100,421348,0.0
2023-11-09,32100,32550,31300,31550,144209,-0.01713395638629278
2023-11-10,31350,33650,31150,33300,289000,0.05546751188589538
2023-11-13,32700,33750,31900,32050,390091,-0.037537537537537524
2023-11-14,32600,32950,31950,32950,114056,0.02808112324492984
2023-11-15,33900,34900,33350,34700,470078,0.053110773899848196
2023-11-16,34100,34850,33300,34600,191244,-0.0028818443804035088
2023-11-17,35000,37300,34150,34650,711456,0.0014450867052022698
2023-11-20,34250,35300,33500,34700,239794,0.0014430014430013571
2023-11-21,35900,36850,34900,34950,425223,0.007204610951008661
2023-11-22,34500,35200,33600,34700,317953,-0.007153075822603716
2023-11-23,34400,34600,33150,33700,218165,-0.028818443804034533
2023-11-24,33550,34150,32650,32750,160771,-0.028189910979228516
2023-11-27,32350,33800,31500,33700,146451,0.02900763358778624
2023-11-28,34100,35800,33300,35350,297913,0.04896142433234418
2023-11-29,35150,36450,34400,35900,189014,0.01555869872701554
2023-11-30,36150,36350,34800,34950,334095,-0.026462395543175532
2023-12-01,34250,35350,33150,33500,237658,-0.0414878397711016
2023-12-04,33300,33400,30750,31050,388166,-0.07313432835820899
2023-12-05,30500,31000,29100,29600,309513,-0.04669887278582929
2023-12-06,29600,30150,29250,29800,115387,0.006756756756756799
2023-12-07,29050,29800,29000,29250,100455,-0.01845637583892612
2023-12-08,30300,31550,30100,30950,227100,0.058119658119658135
2023-12-11,31100,31200,30300,30800,101337,-0.004846526655896577
2023-12-12,31700,32550,30700,30700,133116,-0.0032467532467532756
2023-12-13,30800,32050,30700,31850,228912,0.037459283387622166
2023-12-14,32900,32950,31200,31950,158084,0.0031397174254317317
2023-12-15,32550,32600,30400,30600,177756,-0.04225352112676062
2023-12-18,30800,31700,30700,30950,156444,0.011437908496731986
2023-12-19,30950,31400,30200,30500,124402,-0.014539579967689842
2023-12-20,30600,30950,29800,30000,205549,-0.016393442622950838
2023-12-21,29600,30300,29350,30100,123649,0.0033333333333334103
2023-12-22,30800,31100,29850,29900,114968,-0.006644518272425293
2023-12-26,29850,30000,29100,29250,115679,-0.021739130434782594
2023-12-27,30250,30950,30050,30550,210085,0.04444444444444451
2023-12-28,30600,30700,29500,30250,79674,-0.009819967266775809
2024-01-02,29950,31000,29750,30950,167686,0.023140495867768562
2024-01-03,30200,30200,29300,30100,306234,-0.02746365105008075
2024-01-04,29700,31550,29600,30600,197996,0.01661129568106312
2024-01-05,30500,31100,29900,30900,139411,0.009803921568627416
2024-01-08,30900,31400,30450,30800,97848,-0.003236245954692518
2024-01-09,31500,31700,30650,30800,187715,0.0
2024-01-10,31300,31300,29800,30200,118651,-0.01948051948051943
2024-01-11,30200,30550,29900,30200,56746,0.0
2024-01-12,30200,30300,29200,29400,135217,-0.026490066225165587
2024-01-15,29300,29450,28000,28100,194392,-0.04421768707482998
2024-01-16,28050,28300,27000,27200,175239,-0.03202846975088969
2024-01-17,27500,27700,26400,26550,153081,-0.023897058823529438
2024-01-18,26400,27050,26150,27050,138487,0.01883239171374762
2024-01-19,28350,29900,28050,29700,341044,0.09796672828096109
2024-01-22,30600,30600,29500,30350,233002,0.02188552188552184
2024-01-23,30000,30200,28600,29100,162596,-0.041186161449752845
2024-01-24,29900,30550,29350,30550,354663,0.04982817869415812
2024-01-25,31200,31400,29200,29450,316186,-0.036006546644844484
2024-01-26,30300,30400,28000,28100,294632,-0.04584040747028861
2024-01-29,27750,28950,27450,27900,134588,-0.007117437722419906
2024-01-30,28200,28850,27750,28600,125510,0.02508960573476693
2024-01-31,28450,30700,27750,29200,400897,0.020979020979021046
2024-02-01,29000,29650,27000,27850,324762,-0.046232876712328785
2024-02-02,28050,29200,27900,28650,145989,0.02872531418312385
2024-02-05,28500,30200,28100,29850,288021,0.041884816753926746
2024-02-06,29650,30000,28900,29750,113010,-0.00335008375209378
2024-02-07,30000,30000,29000,29400,59810,-0.0117647058823529
2024-02-08,29750,30750,29400,30350,248675,0.03231292517006801
2024-02-13,31000,33000,30900,32300,646480,0.06425041186161451
2024-02-14,31500,32450,31100,32300,257622,0.0
2024-02-15,32650,32950,31750,32800,258700,0.015479876160990669
2024-02-16,32850,33650,32150,32250,244589,-0.01676829268292679
2024-02-19,32050,32600,31000,31400,315673,-0.02635658914728678
2024-02-20,31650,37300,31650,35750,2916729,0.13853503184713367
2024-02-21,36100,38200,35050,36500,2037212,0.020979020979021046
2024-02-22,38150,38350,35150,36100,1044480,-0.010958904109588996
2024-02-23,36800,39450,34100,37300,1888107,0.0332409972299168
2024-02-26,36900,39800,36550,37800,1088881,0.013404825737265424
2024-02-27,38450,38450,35900,37700,700042,-0.002645502645502673
2024-02-28,37700,39300,36300,36650,788998,-0.02785145888594165
2024-02-29,35950,39400,35850,37300,777309,0.017735334242837686
2024-03-04,39050,40600,38200,40200,1049642,0.07774798927613946
2024-03-05,39900,40750,38300,39850,498384,-0.008706467661691586
2024-03-06,39300,40850,39000,40450,464221,0.015056461731492998
2024-03-07,40500,40900,37200,37500,664450,-0.07292954264524099
2024-03-08,39350,40450,37950,38150,935166,0.017333333333333423
2024-03-11,36600,36950,35750,36700,512275,-0.038007863695937116
2024-03-12,36700,37200,35850,36250,438674,-0.012261580381471404
2024-03-13,37150,38900,36200,36500,596791,0.006896551724137945
2024-03-14,36300,36450,34000,34300,553063,-0.0602739726027397
2024-03-15,33900,35300,33900,34600,247628,0.008746355685131268
2024-03-18,35700,36900,35050,36400,458056,0.052023121387283267
2024-03-19,36150,36200,35000,35250,192350,-0.03159340659340659
2024-03-20,36150,36650,34700,35300,356917,0.0014184397163119478
2024-03-21,37250,38250,37100,37450,661110,0.06090651558073645
2024-03-22,38150,38150,36400,36700,244575,-0.020026702269692942
2024-03-25,36800,37150,34950,35050,347773,-0.04495912806539515
2024-03-26,34950,35300,34000,34700,286174,-0.0099857346647646
2024-03-27,34550,35700,34000,35500,268880,0.023054755043227626
2024-03-28,35700,37200,35000,37100,449606,0.04507042253521121
2024-03-29,37100,38500,36100,37700,532350,0.016172506738544534
2024-04-01,38350,38700,36150,36600,350800,-0.02917771883289122
2024-04-02,36650,37350,35500,36100,262610,-0.013661202185792365
2024-04-03,35350,35950,34800,35500,166862,-0.0166204986149584
2024-04-04,36000,37000,35750,36400,350549,0.025352112676056304
2024-04-05,35100,35900,34500,35050,292159,-0.03708791208791207
2024-04-08,35700,36950,35000,35100,492031,0.0014265335235377208
2024-04-09,35450,36700,35250,35900,295901,0.02279202279202286
2024-04-11,35100,36950,34700,36550,249013,0.01810584958217265
2024-04-12,37400,37400,36100,36100,235151,-0.012311901504788003
2024-04-15,35200,36100,34750,35650,172874,-0.012465373961218829
2024-04-16,34900,35400,33600,34200,226571,-0.0406732117812062
2024-04-17,34250,34950,33950,34150,134554,-0.0014619883040936088
2024-04-18,34150,35000,33650,34950,174887,0.02342606149341142
2024-04-19,34650,34650,31350,32300,525432,-0.07582260371959948
2024-04-22,31500,31800,29500,29900,397986,-0.07430340557275539
2024-04-23,30400,30600,29300,29300,140702,-0.02006688963210701
2024-04-24,30200,31000,30050,30400,131335,0.03754266211604085
2024-04-25,30000,31000,29700,30400,72917,0.0
2024-04-26,31000,31850,30600,30950,134703,0.018092105263157965
2024-04-29,31700,31750,30550,30800,79471,-0.004846526655896577
2024-04-30,30450,31050,29900,30600,136007,-0.00649350649350644
2024-05-02,30100,30200,29600,29900,122347,-0.022875816993464082
2024-05-03,30150,30550,29600,29600,80096,-0.010033444816053505
2024-05-07,30100,30550,29900,30200,84167,0.020270270270270174
2024-05-08,30200,30200,29600,29950,85325,-0.008278145695364225
2024-05-09,30050,30050,28600,29050,210278,-0.03005008347245408
2024-05-10,29000,29100,28000,28100,145951,-0.03270223752151458
2024-05-13,28200,28600,27800,28300,63445,0.007117437722419906
2024-05-14,28100,28550,27950,28300,98317,0.0
2024-05-16,28550,29350,28050,29000,172962,0.02473498233215543
2024-05-17,28750,28800,26200,26350,568058,-0.0913793103448276
2024-05-20,26450,26700,26200,26550,130303,0.007590132827324458
2024-05-21,26550,26950,25600,26150,223278,-0.015065913370998163
2024-05-22,26400,26600,25800,26250,150231,0.003824091778202643
2024-05-23,26450,26800,26150,26450,91809,0.007619047619047636
2024-05-24,26000,26300,25400,25500,157555,-0.03591682419659736
2024-05-27,25600,26200,25500,26150,76328,0.025490196078431282
2024-05-28,26200,26450,25550,25700,104521,-0.017208413001912004
2024-05-29,25900,26350,25650,25650,76292,-0.0019455252918287869
2024-05-30,25400,25450,24450,24500,170405,-0.04483430799220278
2024-05-31,24400,24600,23800,24350,116315,-0.006122448979591799
2024-06-03,24300,24700,24000,24500,88893,0.006160164271047153
2024-06-04,24350,24750,23550,23750,102729,-0.030612244897959218
2024-06-05,24450,25300,24150,24600,109593,0.03578947368421059
2024-06-07,25050,25750,24650,24900,131187,0.012195121951219523
2024-06-10,24600,24950,24150,24550,86163,-0.014056224899598346
2024-06-11,24850,24850,24200,24200,51650,-0.014256619144602856
2024-06-12,24400,24600,23700,24000,90710,-0.008264462809917328
2024-06-13,24300,24400,23150,24100,203682,0.004166666666666652
2024-06-14,24000,24250,23000,23250,158187,-0.03526970954356845
2024-06-17,23200,23400,22650,23150,109835,-0.004301075268817178
2024-06-18,23150,23400,22550,22900,102692,-0.010799136069114423
2024-06-19,23000,23500,22750,22950,72438,0.0021834061135370675
2024-06-20,23050,23400,22450,22500,119093,-0.019607843137254943
2024-06-21,22350,22500,21450,21700,162419,-0.03555555555555556
2024-06-24,21550,21900,21250,21550,130044,-0.00691244239631339
2024-06-25,21300,21600,21000,21600,86480,0.002320185614849146
2024-06-26,22000,22000,21000,21250,115454,-0.01620370370370372
2024-06-27,21150,21650,21000,21350,98960,0.004705882352941115
2024-06-28,27000,27750,26800,27750,544308,0.2997658079625294
2024-07-01,29150,29900,25500,25700,2444467,-0.0738738738738739
2024-07-02,25500,25950,23250,24100,738818,-0.0622568093385214
2024-07-03,24650,24700,22800,22900,377403,-0.049792531120331995
2024-07-04,23000,23850,22550,22700,354742,-0.008733624454148492
2024-07-05,22900,23150,22350,22550,204075,-0.0066079295154185536
2024-07-08,22450,22750,22100,22550,143842,0.0
2024-07-09,23250,23650,23050,23250,264130,0.03104212860310418
2024-07-10,23250,23250,22500,22600,149005,-0.027956989247311825
2024-07-11,22800,23200,22500,22500,147848,-0.004424778761061954
2024-07-12,22200,22350,21550,21750,177895,-0.033333333333333326
2024-07-15,21750,21900,21500,21600,102699,-0.006896551724137945
2024-07-16,21850,21900,20750,21600,249234,0.0
2024-07-17,21550,21600,20450,20450,174977,-0.0532407407407407
2024-07-18,20150,20400,19620,20100,168026,-0.017114914425427896
2024-07-19,19890,20900,19790,20600,91565,0.02487562189054726
2024-07-22,20600,20850,19640,19680,156570,-0.044660194174757306
2024-07-23,19730,20050,18990,19100,115353,-0.029471544715447107
2024-07-24,18970,19390,18740,19010,74498,-0.0047120418848167755
2024-07-25,18660,18670,18050,18110,142975,-0.047343503419252975
2024-07-26,18220,18350,17900,18000,73135,-0.006073992269464368
2024-07-29,18100,18380,17810,18270,36359,0.014999999999999902
2024-07-30,18150,18250,17650,18060,59685,-0.011494252873563204
2024-07-31,18000,19720,17740,19490,139840,0.07918050941306753
2024-08-01,19890,20450,19500,19910,110995,0.021549512570548934
2024-08-02,19160,19490,18380,18440,96494,-0.07383224510296338
2024-08-05,17860,18140,14810,15150,248502,-0.17841648590021697
2024-08-06,15150,16380,15150,16270,183252,0.07392739273927385
2024-08-07,16270,16740,16020,16320,73170,0.003073140749846326
2024-08-08,16210,16240,15800,16110,115585,-0.012867647058823484
2024-08-09,16960,16970,16060,16400,67516,0.018001241464928652
2024-08-12,16310,16930,16310,16650,96987,0.015243902439024293
2024-08-13,16710,16790,16210,16400,46835,-0.01501501501501501
2024-08-14,16700,17000,16650,16700,39713,0.018292682926829285
2024-08-16,16990,17370,16600,16830,84177,0.007784431137724646
2024-08-19,16710,16750,15300,15420,236597,-0.08377896613190727
2024-08-20,15750,16500,15530,16490,122263,0.06939040207522695
2024-08-21,19900,20600,17260,17270,1019824,0.047301394784718065
2024-08-22,17460,17920,17070,17200,139599,-0.004053271569195105
2024-08-23,16970,17740,16420,17560,106517,0.020930232558139528
2024-08-26,17310,17520,16860,16890,73527,-0.03815489749430523
2024-08-27,16700,16950,16240,16550,85295,-0.02013025458851392
2024-08-28,16400,16710,16230,16390,58803,-0.00966767371601207
2024-08-29,16090,16200,15530,15680,113074,-0.043319097010372176
2024-08-30,15710,16120,15680,15820,49387,0.008928571428571397
2024-09-02,15820,15820,15000,15160,84694,-0.041719342604298326
2024-09-03,15190,15320,14940,14960,46663,-0.01319261213720313
2024-09-04,13930,14640,13850,13960,139770,-0.0668449197860963
2024-09-05,13960,14160,13830,13830,47924,-0.009312320916905481
2024-09-06,13800,13990,13100,13390,88462,-0.0318148951554591
2024-09-09,13010,13580,12700,13410,66875,0.0014936519790889058
2024-09-10,13490,13600,13210,13290,29829,-0.008948545861297563
2024-09-11,13300,13640,13250,13390,28306,0.007524454477050524
2024-09-12,13790,14500,13630,13680,221901,0.02165795369678869
2024-09-13,13700,13770,13320,13360,46536,-0.023391812865497075
2024-09-19,13250,13320,12720,12900,62772,-0.034431137724550864
2024-09-20,13160,13720,12640,13110,55294,0.016279069767441756
2024-09-23,13000,13440,13000,13210,42810,0.0076277650648359785
2024-09-24,13230,13700,13220,13690,43122,0.036336109008326956
2024-09-25,13760,14160,13750,13760,61835,0.0051132213294375894
2024-09-26,14160,14600,14080,14490,75057,0.05305232558139528
2024-09-27,14700,15030,14300,14530,51998,0.002760524499654915
2024-09-30,14530,14530,14100,14110,23641,-0.02890571231933925
2024-10-02,13990,14230,13600,13890,45200,-0.015591778880226781
2024-10-04,13900,14370,13850,14010,44062,0.008639308855291628
2024-10-07,14030,14770,13810,14750,58099,0.05281941470378304
2024-10-08,14650,14840,14410,14670,29616,-0.0054237288135593476
2024-10-10,14850,15000,14410,14480,75059,-0.012951601908657073
2024-10-11,14350,14830,14240,14240,61691,-0.016574585635359074
2024-10-14,14240,15380,14230,14830,88481,0.04143258426966301
2024-10-15,15010,15290,14690,14730,45780,-0.006743088334457137
2024-10-16,14430,14430,14000,14110,55455,-0.04209097080787505
2024-10-17,14290,15080,13590,15080,199322,0.06874557051736363
2024-10-18,14600,14680,13700,13940,160481,-0.0755968169761273
2024-10-21,13900,14110,13500,13660,51037,-0.020086083213773365
2024-10-22,13670,13740,13050,13070,73656,-0.04319180087847729
2024-10-23,12950,13630,12890,13550,50077,0.03672532517214999
2024-10-24,13230,13480,13060,13060,23742,-0.03616236162361619
2024-10-25,13130,13350,12920,12920,22236,-0.01071975497702915
2024-10-28,12800,13080,12800,12940,104942,0.001547987616099089
2024-10-29,12990,12990,12490,12640,58765,-0.023183925811437356
2024-10-30,12640,12780,12450,12530,33780,-0.008702531645569667
2024-10-31,12470,13120,12310,12820,54683,0.02314445331205106
2024-11-01,12820,13020,12630,12640,45957,-0.01404056162246492
2024-11-04,12680,13090,12500,12990,34578,0.027689873417721556
2024-11-05,12990,13290,12860,13000,32637,0.0007698229407235857
2024-11-06,13080,13500,12820,12860,45486,-0.010769230769230753
2024-11-07,12860,13100,12320,12470,43891,-0.03032659409020222
2024-11-08,12470,12890,12400,12550,31348,0.006415396952686558
2024-11-11,12500,12500,11680,11690,98652,-0.06852589641434259
2024-11-12,11590,11900,10800,10890,146289,-0.06843455945252352
2024-11-13,10790,11010,10330,10410,124174,-0.0440771349862259
2024-11-14,10410,10700,10000,10100,152139,-0.029779058597502406
2024-11-15,9960,10430,9900,10340,62266,0.023762376237623783
2024-11-18,10340,10430,9970,10080,71051,-0.025145067698259194
2024-11-19,10200,10200,9900,10030,50144,-0.004960317460317443
2024-11-20,10040,10140,9830,9990,46599,-0.003988035892322994
2024-11-21,9840,9940,9510,9590,94439,-0.040040040040040026
2024-11-22,9600,9770,9220,9220,155272,-0.03858185610010423
2024-11-25,9270,9840,9270,9740,161487,0.05639913232104132
2024-11-26,9730,9840,9570,9760,45659,0.002053388090349051
2024-11-27,9760,9760,9330,9490,106801,-0.027663934426229497
2024-11-28,9430,9580,9330,9490,48131,0.0
2024-11-29,9500,9590,9180,9280,76268,-0.02212855637513167
2024-12-02,9270,9350,8860,8860,100069,-0.04525862068965514
2024-12-03,8760,9390,8760,9330,53021,0.053047404063205406
2024-12-04,9150,9300,8760,9150,34586,-0.019292604501607746
2024-12-05,9100,9470,9020,9320,32788,0.01857923497267766
2024-12-06,9300,9300,8670,8980,58791,-0.03648068669527893
2024-12-09,8660,8930,8350,8400,66255,-0.06458797327394206
2024-12-10,8360,8930,8360,8900,38502,0.059523809523809534
2024-12-11,8700,9310,8700,9310,101354,0.046067415730337125
2024-12-12,9310,9410,9050,9400,70679,0.009667024704618665
2024-12-13,9280,9720,9280,9330,72036,-0.007446808510638281
2024-12-16,9630,9820,9470,9690,45817,0.03858520900321549
2024-12-17,9700,10240,9620,10230,104424,0.05572755417956654
2024-12-18,10150,10320,9970,10320,68934,0.008797653958944274
2024-12-19,9930,10170,9890,10140,47618,-0.01744186046511631
2024-12-20,10060,10180,9590,9680,64921,-0.04536489151873768
2024-12-23,9690,10190,9690,10030,40924,0.03615702479338845
2024-12-24,10070,10150,9970,10060,47958,0.0029910269192423566
2024-12-26,10080,10150,9810,9930,43063,-0.012922465208747513
2024-12-27,9930,10210,9700,9750,43370,-0.01812688821752262
2024-12-30,9700,10040,9550,10030,16651,0.02871794871794875
2025-01-02,10030,12530,9790,10720,490522,0.0687936191425722
2025-01-03,10520,10940,10410,10920,86425,0.018656716417910557
2025-01-06,11000,12090,10920,11950,207714,0.09432234432234443
2025-01-07,12180,12250,11600,11750,95560,-0.01673640167364021
2025-01-08,11460,12870,11460,12750,256111,0.0851063829787233
2025-01-09,12850,13100,12580,12800,133500,0.0039215686274509665
2025-01-10,12790,12910,12500,12650,57951,-0.01171875
2025-01-13,12460,12570,12000,12060,70285,-0.04664031620553355
2025-01-14,12100,12310,11960,12190,40396,0.010779436152570376
2025-01-15,12270,12530,12120,12370,39604,0.014766201804758072
2025-01-16,12540,13140,12410,12510,71129,0.011317704122878025
2025-01-17,12430,13030,12270,12550,61017,0.003197442046362964
2025-01-20,12900,15600,12660,14650,3894741,0.16733067729083673
2025-01-21,14380,15120,14370,14890,1015036,0.01638225255972703
2025-01-22,14400,14650,14060,14250,405918,-0.04298186702484885
2025-01-23,14370,14370,13710,13710,226197,-0.037894736842105314
2025-01-24,13790,14440,13770,13880,240171,0.012399708242158969
2025-01-31,13590,13610,13110,13210,179171,-0.04827089337175794
2025-02-03,12910,13100,11490,11600,220921,-0.12187736563209695
2025-02-04,11820,12300,11750,11950,137960,0.030172413793103425
2025-02-05,12100,12260,11960,12180,91551,0.019246861924686165
2025-02-06,12200,12900,11820,12850,171935,0.05500821018062396
2025-02-07,13000,14290,12910,13190,521697,0.0264591439688715
2025-02-10,12880,14050,12530,13660,302525,0.0356330553449582
2025-02-11,13660,13970,13410,13600,144518,-0.004392386530014614
2025-02-12,13810,13810,13270,13380,107756,-0.016176470588235348
2025-02-13,13480,14020,13450,13510,138445,0.009715994020926821
2025-02-14,13920,14680,13690,14170,491739,0.048852701702442713
2025-02-17,14540,14680,14190,14300,194232,0.00917431192660545
2025-02-18,14300,14460,14040,14300,112561,0.0
2025-02-19,15010,17110,14920,15250,2040016,0.06643356643356646
2025-02-20,15240,15240,14210,14250,312202,-0.06557377049180324
2025-02-21,14350,14400,13860,14100,107346,-0.010526315789473717
2025-02-24,13720,13880,13380,13790,108508,-0.021985815602836856
2025-02-25,13760,13890,13140,13170,112572,-0.044960116026105834
2025-02-26,13000,13040,12700,12790,129178,-0.028853454821564206
2025-02-27,12890,13040,12260,12260,121888,-0.041438623924941353
2025-02-28,11900,11940,11430,11480,160632,-0.0636215334420881
2025-03-04,11200,11760,11000,11400,81592,-0.006968641114982632
2025-03-05,11410,11770,11310,11700,52155,0.026315789473684292
2025-03-06,11700,11760,10770,10820,103245,-0.07521367521367517
2025-03-07,10690,11120,10560,10840,60044,0.001848428835489857
2025-03-10,10690,10970,10600,10820,40071,-0.0018450184501844769
2025-03-11,10370,10730,10220,10670,41007,-0.013863216266173706
2025-03-12,10670,12580,10640,11470,882066,0.07497656982193068
2025-03-13,12340,12710,11170,11240,424246,-0.02005231037489097
2025-03-14,11500,11730,11350,11550,288069,0.02758007117437722
2025-03-17,11650,11880,11350,11400,153371,-0.012987012987012991
2025-03-18,11650,11670,10840,11000,128859,-0.03508771929824561
2025-03-19,11000,11130,10690,10800,136355,-0.018181818181818188
2025-03-20,10910,11150,10540,10610,98805,-0.017592592592592604
2025-03-21,10490,10670,10310,10310,120651,-0.02827521206409045
2025-03-24,10410,10700,10120,10490,63664,0.01745877788554795
2025-03-25,10540,10620,10000,10000,91811,-0.046711153479504275
2025-03-26,10060,10290,9880,10240,54698,0.02400000000000002
2025-03-27,10110,10200,9900,9940,45188,-0.029296875
2025-03-28,9920,9920,9400,9470,114505,-0.04728370221327971
2025-03-31,9240,9390,8820,8900,65887,-0.060190073917634646
2025-04-01,9010,9350,8940,9330,45614,0.04831460674157295
2025-04-02,9280,9500,9000,9180,28615,-0.01607717041800638
2025-04-03,8910,9210,8790,9000,33540,-0.019607843137254943
2025-04-04,8890,9250,8660,9120,53534,0.01333333333333342
2025-04-07,8760,8760,8340,8380,69616,-0.08114035087719296
2025-04-08,8510,8730,8340,8480,37947,0.01193317422434359
2025-04-09,8130,8570,7980,8070,57407,-0.04834905660377353
2025-04-10,8750,8930,8590,8920,47598,0.10532837670384132
2025-04-11,8770,9050,8590,9050,42431,0.014573991031390232
2025-04-14,9250,9430,9080,9420,43746,0.04088397790055254
2025-04-15,9580,9850,9420,9780,39579,0.03821656050955413
2025-04-16,9570,9810,9560,9700,42089,-0.008179959100204526
2025-04-17,9610,9890,9580,9840,39800,0.014432989690721598
2025-04-18,9930,9930,9620,9860,18882,0.00203252032520318
2025-04-21,9860,10020,9650,9720,42161,-0.014198782961460488
2025-04-22,9600,9800,9500,9630,48998,-0.0092592592592593
2025-04-23,9840,10060,9740,10040,47991,0.04257528556593981
2025-04-24,10100,10180,9930,10100,65527,0.005976095617529875
2025-04-25,10240,10430,10110,10420,54475,0.03168316831683171
2025-04-28,10420,10420,9910,10120,67539,-0.028790786948176605
2025-04-29,10120,10220,9780,9990,86607,-0.012845849802371578
2025-04-30,9920,10070,9710,9760,35139,-0.02302302302302306
2025-05-02,9760,10140,9660,9800,42780,0.004098360655737654
2025-05-07,9810,9940,9620,9830,15694,0.003061224489795844
2025-05-08,9800,9930,9600,9650,40644,-0.01831129196337744
2025-05-09,9640,9660,9150,9410,57365,-0.024870466321243567
2025-05-12,9410,9690,9250,9640,41712,0.02444208289054206
2025-05-13,9800,9840,9540,9650,28264,0.0010373443983402453
2025-05-14,9700,9780,9610,9730,23227,0.008290155440414448
2025-05-15,9720,9790,9560,9680,32331,-0.005138746145940343
2025-05-16,9610,9750,9420,9660,53759,-0.0020661157024793875
2025-05-19,9450,9520,9210,9300,26076,-0.037267080745341574
2025-05-20,9500,9560,9310,9460,37881,0.017204301075268713
2025-05-21,9490,9540,8900,9420,25994,-0.0042283298097252064
2025-05-22,9330,9380,9010,9020,26610,-0.0424628450106157
2025-05-23,9000,9230,8980,9030,23058,0.0011086474501109667
2025-05-26,9030,9320,9030,9170,29796,0.015503875968992276
2025-05-27,9180,9280,8900,9030,33244,-0.01526717557251911
2025-05-28,9060,9270,9040,9250,22549,0.02436323366555926
2025-05-29,9330,9370,9150,9270,41880,0.00216216216216214
2025-05-30,9170,9260,9040,9080,23093,-0.02049622437971954
2025-06-02,9000,9170,8880,8920,26261,-0.017621145374449365
