Date,Open,High,Low,Close,Volume,Change
2022-01-03,3006,3062,2996,3053,718341,0.015635395874916913
2022-01-04,3077,3095,3016,3049,726870,-0.0013101867016049873
2022-01-05,3048,3105,2978,2983,627569,-0.021646441456215193
2022-01-06,2917,3006,2917,2922,529710,-0.02044921220248075
2022-01-07,2931,3044,2931,2969,427735,0.01608487337440101
2022-01-10,3058,3058,2936,2955,569273,-0.004715392388009443
2022-01-11,2954,2982,2893,2917,435521,-0.012859560067681852
2022-01-12,2917,3175,2917,3044,3378732,0.04353788138498449
2022-01-13,3048,3194,3006,3058,2218437,0.0045992115637318864
2022-01-14,2996,3104,2991,3034,717308,-0.007848266841072649
2022-01-17,3043,3095,2991,3006,936177,-0.009228740936057966
2022-01-18,3025,3058,2922,2922,498852,-0.027944111776447067
2022-01-19,2851,2935,2813,2837,729763,-0.029089664613278554
2022-01-20,2800,2908,2800,2894,571698,0.02009164610504044
2022-01-21,2869,2911,2850,2865,426544,-0.010020732550103717
2022-01-24,2860,2865,2752,2781,347151,-0.029319371727748678
2022-01-25,2766,2794,2634,2677,579371,-0.037396619920891716
2022-01-26,2654,2729,2649,2654,395592,-0.008591707134852467
2022-01-27,2640,2691,2536,2551,558845,-0.03880934438583272
2022-01-28,2541,2668,2527,2645,344617,0.036848294786358204
2022-02-03,2668,2766,2668,2734,295566,0.033648393194706916
2022-02-04,2742,2846,2719,2771,568999,0.013533284564740233
2022-02-07,2780,2799,2729,2762,289566,-0.003247924936845892
2022-02-08,2766,2837,2733,2762,397464,0.0
2022-02-09,2789,2827,2789,2804,131372,0.01520637219406229
2022-02-10,2808,2818,2747,2757,203559,-0.01676176890156922
2022-02-11,2720,2752,2696,2706,191732,-0.018498367791077275
2022-02-14,2686,2686,2602,2635,331388,-0.026237989652623805
2022-02-15,2634,2733,2602,2602,356555,-0.012523719165085434
2022-02-16,2630,2691,2630,2668,219367,0.025365103766333608
2022-02-17,2667,2752,2615,2691,621235,0.008620689655172376
2022-02-18,2639,2729,2635,2715,193160,0.008918617614269708
2022-02-21,2663,2715,2658,2701,173710,-0.0051565377532228895
2022-02-22,2635,2682,2555,2607,343503,-0.034801925212884166
2022-02-23,2612,2677,2607,2645,329301,0.014576141158419542
2022-02-24,2606,2644,2348,2527,376086,-0.04461247637051036
2022-02-25,2559,2616,2559,2588,222090,0.024139295607439548
2022-02-28,2598,2616,2560,2598,112840,0.003863987635239541
2022-03-02,2593,2645,2569,2645,198174,0.018090839107005374
2022-03-03,2677,2705,2648,2677,226586,0.012098298676748609
2022-03-04,2677,2691,2630,2640,183555,-0.013821441912588717
2022-03-07,2635,2654,2588,2593,171302,-0.01780303030303032
2022-03-08,2522,2597,2517,2546,182630,-0.018125723100655633
2022-03-10,2568,2644,2568,2630,250741,0.03299293008641002
2022-03-11,2658,2696,2635,2654,340306,0.009125475285171047
2022-03-14,2635,2663,2588,2607,170254,-0.017709118311981964
2022-03-15,2578,2625,2578,2593,133343,-0.005370157268891451
2022-03-16,2602,2630,2583,2621,134289,0.010798303123794817
2022-03-17,2672,2719,2644,2682,235606,0.02327355971003442
2022-03-18,2691,2719,2667,2710,228202,0.01043997017151388
2022-03-21,2710,2729,2700,2715,116755,0.0018450184501845879
2022-03-22,2714,2728,2681,2724,194852,0.0033149171270718814
2022-03-23,2743,2757,2710,2715,327962,-0.0033039647577092213
2022-03-24,2691,2710,2663,2701,151807,-0.0051565377532228895
2022-03-25,2706,2724,2687,2706,129624,0.001851166234727808
2022-03-28,2706,2734,2677,2706,161430,0.0
2022-03-29,2696,2790,2696,2720,536549,0.005173688100517326
2022-03-30,2738,2897,2723,2832,1897704,0.04117647058823537
2022-03-31,2809,2823,2771,2809,314976,-0.008121468926553632
2022-04-01,2785,2832,2780,2809,234581,0.0
2022-04-04,2790,2827,2785,2823,266521,0.0049839800640798515
2022-04-05,2837,2842,2795,2800,212396,-0.008147360963513983
2022-04-06,2771,2959,2752,2861,1523750,0.021785714285714297
2022-04-07,2860,2874,2766,2776,426108,-0.029709891646277575
2022-04-08,2785,2813,2752,2790,194635,0.005043227665705974
2022-04-11,2789,2836,2761,2785,221149,-0.0017921146953404632
2022-04-12,2794,3147,2794,2978,22538812,0.06929982046678629
2022-04-13,2912,3175,2884,3058,10220461,0.026863666890530657
2022-04-14,3057,3071,2968,2978,1681498,-0.026160889470241977
2022-04-15,2978,3123,2940,3091,4374733,0.03794492948287442
2022-04-18,3044,3076,2992,3030,1423354,-0.019734713684891658
2022-04-19,3025,3063,2997,3049,808237,0.006270627062706202
2022-04-20,3039,3170,2997,2997,4348569,-0.017054772056411927
2022-04-21,3001,3029,2964,2964,723235,-0.011011011011010985
2022-04-22,2964,2992,2898,2969,533143,0.001686909581646523
2022-04-25,2875,2959,2861,2861,443570,-0.036375884136072734
2022-04-26,2874,3076,2870,2983,2315619,0.04264243271583368
2022-04-27,2893,2959,2888,2959,516842,-0.008045591686221876
2022-04-28,2959,2991,2883,2898,474107,-0.02061507265968232
2022-04-29,2912,2921,2879,2889,332785,-0.0031055900621117516
2022-05-02,2874,2973,2771,2903,442683,0.0048459674627898686
2022-05-03,2954,2959,2898,2908,211002,0.0017223561832586665
2022-05-04,2903,3020,2889,2955,1027297,0.016162310866574936
2022-05-06,2912,2931,2865,2894,345232,-0.020642978003384105
2022-05-09,2856,2931,2795,2795,434058,-0.03420870767104356
2022-05-10,2832,2987,2715,2903,2785964,0.03864042933810374
2022-05-11,2935,3100,2926,2978,3739195,0.02583534274888044
2022-05-12,2935,3537,2931,3321,49374871,0.11517797179314981
2022-05-13,3372,3419,3212,3330,11059600,0.0027100271002709064
2022-05-16,3438,3701,3363,3476,36238461,0.043843843843843766
2022-05-17,3386,3504,3382,3415,3857130,-0.01754890678941312
2022-05-18,3457,3583,3358,3457,8594758,0.012298682284040963
2022-05-19,3335,3476,3255,3392,3602664,-0.018802429852473268
2022-05-20,3475,3494,3259,3288,4256390,-0.030660377358490587
2022-05-23,3287,3306,3132,3189,2050311,-0.030109489051094895
2022-05-24,3166,3419,3109,3152,9060670,-0.011602383192223287
2022-05-25,3288,3339,3166,3166,3119765,0.004441624365482344
2022-05-26,3207,3245,3156,3175,1398155,0.002842703727100382
2022-05-27,3199,3199,3063,3110,1486484,-0.020472440944881876
2022-05-30,3132,3273,3109,3269,2307091,0.051125401929260406
2022-05-31,3456,3456,3269,3269,4675261,0.0
2022-06-02,3241,3311,3226,3288,880394,0.005812174977057216
2022-06-03,3288,3307,3222,3246,958313,-0.012773722627737238
2022-06-07,3246,3250,3109,3124,796959,-0.03758471965495991
2022-06-08,3146,3255,3062,3255,1829275,0.04193341869398215
2022-06-09,3203,3217,3109,3114,881526,-0.04331797235023038
2022-06-10,3072,3142,3034,3105,694703,-0.0028901734104046506
2022-06-13,3048,3048,2875,2875,1005509,-0.07407407407407407
2022-06-14,2785,2865,2775,2837,948795,-0.013217391304347847
2022-06-15,2804,2861,2701,2706,740289,-0.04617553753965453
2022-06-16,2766,2855,2733,2738,457390,0.01182557280118246
2022-06-17,2644,2757,2620,2729,588737,-0.0032870708546384186
2022-06-20,2733,2780,2527,2574,810333,-0.05679736167094174
2022-06-21,2574,2653,2541,2621,476949,0.018259518259518215
2022-06-22,2635,2677,2466,2466,660431,-0.05913773368943154
2022-06-23,2460,2493,2287,2287,841749,-0.07258718572587186
2022-06-24,2287,2465,2287,2461,577868,0.07608220376038477
2022-06-27,2532,2621,2504,2598,484719,0.05566842746850864
2022-06-28,2602,2677,2592,2668,393687,0.026943802925327276
2022-06-29,2625,2681,2578,2677,221973,0.0033733133433282436
2022-06-30,2653,2667,2583,2588,260209,-0.03324617108703776
2022-07-01,2564,2630,2461,2485,373910,-0.03979907264296756
2022-07-04,2485,2532,2367,2424,289397,-0.024547283702213263
2022-07-05,2442,2517,2437,2513,350556,0.036716171617161786
2022-07-06,2493,2512,2447,2447,258559,-0.02626343016315158
2022-07-07,2465,2550,2461,2527,230752,0.032693093583980426
2022-07-08,2536,2573,2526,2541,163233,0.005540166204986097
2022-07-11,2569,2654,2527,2598,317385,0.022432113341204207
2022-07-12,2569,2658,2513,2513,631312,-0.03271747498075439
2022-07-13,2512,2658,2489,2583,723204,0.027855153203342642
2022-07-14,2573,2616,2545,2588,334688,0.0019357336430507743
2022-07-15,2606,2616,2512,2555,287996,-0.012751159196290551
2022-07-18,2583,2630,2583,2616,240573,0.023874755381604773
2022-07-19,2597,2695,2587,2663,531133,0.017966360856269015
2022-07-20,2714,2761,2667,2696,703813,0.0123920390536989
2022-07-21,2724,2790,2687,2734,695236,0.014094955489614147
2022-07-22,2733,2832,2724,2748,963494,0.00512070226773953
2022-07-25,2767,2842,2767,2800,619042,0.018922852983988436
2022-07-26,2776,2785,2724,2767,336917,-0.011785714285714288
2022-07-27,2738,2780,2724,2762,215797,-0.0018070112034694885
2022-07-28,2790,2799,2738,2753,295451,-0.0032585083272990145
2022-07-29,2780,2794,2752,2762,193908,0.003269160915364999
2022-08-01,2771,2846,2771,2804,544041,0.01520637219406229
2022-08-02,2818,2865,2785,2814,436788,0.003566333808844524
2022-08-03,2804,2856,2781,2847,382506,0.011727078891258014
2022-08-04,2883,2883,2837,2837,287672,-0.0035124692658938805
2022-08-05,2832,2855,2794,2809,263368,-0.009869580542826939
2022-08-08,2809,2832,2762,2828,214808,0.006763972944108243
2022-08-09,2827,2841,2794,2823,216877,-0.0017680339462518013
2022-08-10,2822,2897,2766,2865,953793,0.014877789585547196
2022-08-11,2879,2879,2799,2804,637705,-0.02129144851657938
2022-08-12,2799,2837,2790,2809,233405,0.001783166904422151
2022-08-16,2818,3151,2813,2931,9361465,0.04343182627269493
2022-08-17,2944,3024,2926,2973,1977019,0.014329580348004134
2022-08-18,2940,2954,2842,2842,1099450,-0.04406323578876559
2022-08-19,2874,2954,2850,2926,903007,0.029556650246305383
2022-08-22,2902,2907,2799,2804,633756,-0.041695146958304896
2022-08-23,2771,2850,2761,2771,520674,-0.011768901569186863
2022-08-24,2785,2874,2785,2851,526370,0.028870443883074692
2022-08-25,2865,2921,2856,2903,431579,0.018239214310768137
2022-08-26,2926,2945,2893,2922,471046,0.006544953496383066
2022-08-29,2790,2827,2766,2795,389145,-0.04346338124572213
2022-08-30,2795,2955,2795,2894,618308,0.03542039355992843
2022-08-31,2864,3001,2860,2940,1378166,0.015894955079474693
2022-09-01,2921,2973,2902,2931,536325,-0.003061224489795955
2022-09-02,2959,3043,2945,2978,1592224,0.016035482770385467
2022-09-05,3024,3043,2949,2978,1423159,0.0
2022-09-06,3043,3081,2996,3053,1759121,0.025184687709872478
2022-09-07,3029,3114,3020,3053,1508243,0.0
2022-09-08,3104,3104,3029,3053,627753,0.0
2022-09-13,3057,3109,3038,3100,809836,0.01539469374385849
2022-09-14,2987,3053,2973,3044,655136,-0.01806451612903226
2022-09-15,3062,3213,3025,3030,2755298,-0.0045992115637318864
2022-09-16,3010,3057,2945,2945,709482,-0.028052805280528004
2022-09-19,2945,2973,2860,2875,576803,-0.02376910016977929
2022-09-20,2912,3137,2912,3133,2845437,0.08973913043478254
2022-09-21,3142,3175,3076,3161,1360929,0.00893712097031596
2022-09-22,3067,3081,2926,2997,1380748,-0.051882315722872496
2022-09-23,2973,2982,2846,2856,960266,-0.0470470470470471
2022-09-26,2776,2813,2574,2593,1653380,-0.09208683473389356
2022-09-27,2564,2644,2521,2630,931467,0.014269186270728929
2022-09-28,2583,2640,2424,2471,970170,-0.06045627376425855
2022-09-29,2522,2578,2447,2466,519793,-0.0020234722784298054
2022-09-30,2447,2480,2381,2438,478069,-0.01135442011354415
2022-10-04,2480,2546,2461,2532,392509,0.03855619360131257
2022-10-05,2573,2578,2437,2461,486186,-0.028041074249605002
2022-10-06,2494,2593,2494,2593,714637,0.05363673303535155
2022-10-07,2719,2790,2611,2621,1852615,0.010798303123794817
2022-10-11,2494,2545,2428,2433,665101,-0.07172834795879435
2022-10-12,2461,2489,2400,2485,460526,0.021372790793259266
2022-10-13,2447,2461,2344,2349,576376,-0.05472837022132793
2022-10-14,2409,2446,2390,2442,398418,0.03959131545338446
2022-10-17,2362,2498,2357,2466,285485,0.00982800982800991
2022-10-18,2513,2555,2494,2546,450657,0.03244120032441211
2022-10-19,2550,2625,2512,2522,397627,-0.00942655145325999
2022-10-20,2508,2564,2465,2508,183663,-0.0055511498810467685
2022-10-21,2479,2508,2447,2447,194300,-0.02432216905901119
2022-10-24,2498,2536,2447,2452,268862,0.002043318348998735
2022-10-25,2474,2507,2456,2489,146212,0.015089722675367012
2022-10-26,2494,2512,2461,2466,152383,-0.009240658899156262
2022-10-27,2480,2517,2470,2499,161484,0.01338199513381988
2022-10-28,2499,2560,2485,2532,367926,0.013205282112845218
2022-10-31,2573,2658,2531,2602,1133818,0.027646129541864184
2022-11-01,2616,2630,2574,2607,340521,0.0019215987701768356
2022-11-02,2583,2602,2560,2579,229732,-0.010740314537782902
2022-11-03,2517,2560,2499,2546,274294,-0.012795657231485125
2022-11-04,2512,2555,2498,2555,216497,0.0035349567949725103
2022-11-07,2574,2621,2564,2607,382451,0.020352250489236834
2022-11-08,2733,2893,2663,2762,9132191,0.05945531261986958
2022-11-09,2761,2831,2728,2738,1584035,-0.00868935553946415
2022-11-10,2719,2780,2682,2748,610247,0.0036523009495983416
2022-11-11,2822,2831,2728,2738,839255,-0.00363901018922852
2022-11-14,2738,2785,2667,2729,1579017,-0.0032870708546384186
2022-11-15,2719,2719,2653,2677,711456,-0.01905459875412241
2022-11-16,2677,2700,2634,2663,464653,-0.00522973477773625
2022-11-17,2677,2705,2616,2635,458350,-0.010514457378896003
2022-11-18,2639,2677,2616,2621,364273,-0.0053130929791271875
2022-11-21,2621,2630,2518,2518,540101,-0.03929797787104161
2022-11-22,2489,2550,2480,2518,241405,0.0
2022-11-23,2531,2564,2508,2541,231585,0.009134233518665713
2022-11-24,2554,2606,2554,2583,423396,0.016528925619834656
2022-11-25,2588,2612,2555,2598,366133,0.005807200929152101
2022-11-28,2592,2629,2536,2536,607613,-0.0238645111624326
2022-11-29,2507,2592,2507,2583,347889,0.018533123028391163
2022-11-30,2568,2597,2550,2583,184297,0.0
2022-12-01,2616,2616,2588,2598,230717,0.005807200929152101
2022-12-02,2602,2644,2574,2598,288297,0.0
2022-12-05,2625,2625,2559,2602,265287,0.0015396458814471714
2022-12-06,2574,2715,2559,2715,1384506,0.043428132205995285
2022-12-07,2611,2649,2583,2588,554694,-0.0467771639042357
2022-12-08,2578,2601,2507,2522,371279,-0.025502318392581103
2022-12-09,2522,2597,2518,2565,313276,0.01704996034892936
2022-12-12,2569,2611,2541,2565,362370,0.0
2022-12-13,2574,2621,2546,2546,422634,-0.007407407407407418
2022-12-14,2541,2607,2541,2579,316880,0.012961508248232612
2022-12-15,2555,2602,2555,2565,271965,-0.0054284606436603156
2022-12-16,2503,2578,2493,2536,232405,-0.011306042884990264
2022-12-19,2507,2559,2498,2536,132534,0.0
2022-12-20,2531,2574,2499,2499,418384,-0.014589905362776046
2022-12-21,2503,2512,2442,2442,267481,-0.02280912364945975
2022-12-22,2484,2489,2437,2461,171566,0.007780507780507762
2022-12-23,2423,2442,2348,2353,254992,-0.04388459975619663
2022-12-26,2358,2424,2349,2349,434380,-0.0016999575010624435
2022-12-27,2353,2376,2343,2358,310080,0.003831417624521105
2022-12-28,2353,2376,2301,2311,379755,-0.0199321458863444
2022-12-29,2287,2334,2202,2217,306315,-0.04067503245348336
2023-01-02,2221,2287,2207,2212,308435,-0.002255299954894041
2023-01-03,2207,2231,2113,2175,321990,-0.01672694394213381
2023-01-04,2141,2339,2141,2325,825966,0.06896551724137923
2023-01-05,2325,2344,2255,2255,298105,-0.03010752688172047
2023-01-06,2264,2381,2231,2302,455308,0.020842572062084175
2023-01-09,2367,2386,2348,2363,365238,0.026498696785403952
2023-01-10,2376,2390,2324,2353,336931,-0.004231908590774491
2023-01-11,2367,2414,2357,2414,282523,0.02592435189120268
2023-01-12,2414,2456,2409,2424,468467,0.0041425020712511085
2023-01-13,2442,2451,2418,2442,218457,0.007425742574257432
2023-01-16,2451,2479,2442,2442,405523,0.0
2023-01-17,2447,2447,2386,2386,215137,-0.0229320229320229
2023-01-18,2386,2400,2353,2386,133329,0.0
2023-01-19,2377,2471,2353,2457,196670,0.029756915339480328
2023-01-20,2437,2442,2414,2419,84477,-0.015466015466015448
2023-01-25,2433,2484,2400,2438,214249,0.00785448532451416
2023-01-26,2423,2559,2423,2541,896212,0.04224774405250198
2023-01-27,2494,2550,2447,2518,739157,-0.009051554506099957
2023-01-30,2545,2601,2517,2522,1145927,0.001588562351072298
2023-01-31,2479,2550,2479,2541,342157,0.007533703409992043
2023-02-01,2559,2569,2522,2555,493633,0.005509641873278293
2023-02-02,2569,2574,2536,2560,410454,0.001956947162426559
2023-02-03,2565,2574,2541,2565,304114,0.001953125
2023-02-06,2573,2587,2540,2555,433285,-0.003898635477582846
2023-02-07,2540,2573,2526,2536,290303,-0.007436399217221168
2023-02-08,2545,2583,2541,2574,357919,0.014984227129337446
2023-02-09,2564,2592,2554,2583,376252,0.0034965034965035446
2023-02-10,2602,2630,2564,2579,441764,-0.0015485869144405973
2023-02-13,2569,2573,2531,2541,211207,-0.014734393175649507
2023-02-14,2545,2569,2540,2555,137084,0.005509641873278293
2023-02-15,2555,2559,2456,2466,290256,-0.03483365949119377
2023-02-16,2475,2554,2475,2522,219054,0.0227088402270883
2023-02-17,2503,2550,2494,2518,88116,-0.0015860428231562196
2023-02-20,2518,2569,2503,2565,148383,0.01866560762509928
2023-02-21,2565,2574,2555,2565,91701,0.0
2023-02-22,2536,2560,2499,2532,192560,-0.012865497076023358
2023-02-23,2536,2601,2522,2522,321325,-0.003949447077409185
2023-02-24,2536,2550,2451,2480,223513,-0.016653449643140417
2023-02-27,2442,2471,2400,2457,204955,-0.0092741935483871
2023-02-28,2447,2546,2447,2532,192293,0.030525030525030417
2023-03-02,2531,2550,2512,2536,137598,0.0015797788309637184
2023-03-03,2550,2554,2517,2536,211759,0.0
2023-03-06,2555,2565,2522,2565,282755,0.011435331230283952
2023-03-07,2560,2569,2536,2560,157174,-0.0019493177387914784
2023-03-08,2536,2564,2536,2555,229011,-0.001953125
2023-03-09,2554,2855,2550,2818,10506467,0.10293542074363993
2023-03-10,2738,2814,2701,2706,2447083,-0.039744499645138376
2023-03-13,2743,2827,2639,2776,3267266,0.025868440502586854
2023-03-14,2898,2898,2729,2734,4978409,-0.015129682997118143
2023-03-15,2817,2949,2789,2940,4036307,0.0753474762253108
2023-03-16,2950,2955,2800,2847,2261009,-0.031632653061224536
2023-03-17,2884,2893,2767,2814,1473130,-0.011591148577449917
2023-03-20,2799,2864,2785,2832,880568,0.006396588486140775
2023-03-21,2837,2903,2790,2795,979338,-0.013064971751412413
2023-03-22,2836,2968,2808,2959,2039686,0.058676207513416845
2023-03-23,2916,3085,2879,2912,1679028,-0.015883744508279785
2023-03-24,2950,3030,2889,3016,1238055,0.03571428571428581
2023-03-27,2977,3006,2898,2931,864778,-0.028183023872679014
2023-03-28,2921,2963,2897,2926,496245,-0.0017059024223814445
2023-03-29,2945,3109,2926,3063,2008570,0.04682159945317843
2023-03-30,3100,3222,3034,3185,2569154,0.03983023179888989
2023-03-31,3175,3179,3015,3039,1385751,-0.045839874411302994
2023-04-03,3100,3405,3072,3166,4565296,0.04179006252056605
2023-04-04,3118,3264,3081,3147,2379972,-0.006001263423878744
2023-04-05,3166,3311,3138,3279,2092942,0.04194470924690186
2023-04-06,3325,3339,3226,3302,1767089,0.007014333638304393
2023-04-07,3288,3330,3236,3288,1155400,-0.004239854633555473
2023-04-10,3306,3372,3236,3274,1224029,-0.0042579075425790425
2023-04-11,3250,3565,3142,3523,8123098,0.0760537568723274
2023-04-12,3899,4087,3669,3749,15935081,0.06414987226795343
2023-04-13,3805,3828,3537,3622,3215151,-0.033875700186716484
2023-04-14,3673,3692,3551,3678,2162237,0.015461071231363865
2023-04-17,3683,3772,3575,3716,2054080,0.010331702011963095
2023-04-18,3720,3729,3489,3565,2119376,-0.040635091496232456
2023-04-19,3560,3711,3509,3669,1659339,0.02917251051893399
2023-04-20,3631,3640,3438,3462,1348880,-0.05641864268192964
2023-04-21,3485,3518,3363,3401,1330353,-0.017619872905834777
2023-04-24,3396,3508,3363,3443,988494,0.012349309026756794
2023-04-25,3475,3625,3405,3579,3450671,0.0395004356665698
2023-04-26,3574,3719,3362,3377,4861899,-0.05644034646549312
2023-04-27,3476,4063,3467,3843,56007615,0.13799230085875047
2023-04-28,3940,3987,3701,3739,9751333,-0.02706219099661722
2023-05-02,3800,3875,3729,3805,4808627,0.017651778550414443
2023-05-03,3739,3786,3659,3730,3303309,-0.019710906701708275
2023-05-04,3691,3701,3419,3457,3517613,-0.07319034852546913
2023-05-08,3532,3715,3527,3664,3269802,0.05987850737633793
2023-05-09,3658,3795,3471,3767,3314934,0.0281113537117903
2023-05-10,3734,4640,3729,4439,50766837,0.17839129280594634
2023-05-11,4448,4692,4255,4547,26067922,0.024329804009912248
2023-05-12,4504,5195,4495,4641,33321276,0.020672971189795497
2023-05-15,4669,5627,4518,5139,42149677,0.10730446024563678
2023-05-16,5655,6059,5148,5374,39057776,0.04572874100019453
2023-05-17,5496,6341,5430,6229,40969934,0.15909936732415342
2023-05-18,6191,6416,6022,6163,9504929,-0.010595601220099504
2023-05-19,6068,6266,5862,5975,6684667,-0.03050462437124779
2023-05-22,5852,6040,5749,5928,3723385,-0.00786610878661087
2023-05-23,5965,6050,5561,5712,7264951,-0.036437246963562764
2023-05-24,5637,5768,5533,5656,3602387,-0.009803921568627416
2023-05-25,5571,5609,5430,5506,3331748,-0.026520509193776576
2023-05-26,5533,5589,5308,5308,3659928,-0.03596077006901566
2023-05-30,5420,5514,5289,5383,2783587,0.0141296156744537
2023-05-31,5383,5599,5317,5355,2892173,-0.005201560468140465
2023-06-01,5308,5703,5271,5647,7492002,0.05452847805788985
2023-06-02,5656,5665,5402,5440,2932691,-0.036656631839914966
2023-06-05,5871,6050,5571,5759,11959628,0.0586397058823529
2023-06-07,5740,5862,5430,5449,3634247,-0.053828789720437586
2023-06-08,5439,5702,5336,5590,4140624,0.025876307579372426
2023-06-09,5543,5637,5364,5440,2808497,-0.02683363148479423
2023-06-12,5440,5449,5289,5365,1632519,-0.01378676470588236
2023-06-13,5402,5543,5308,5468,2237083,0.01919850885368124
2023-06-14,5514,5655,5270,5308,2541252,-0.029261155815654694
2023-06-15,5345,5392,5214,5299,1393053,-0.0016955538809344528
2023-06-16,5326,5383,5148,5280,1820542,-0.0035855821853180148
2023-06-19,5252,5346,5177,5290,990526,0.0018939393939394478
2023-06-20,5289,5533,5185,5383,2894780,0.017580340264650385
2023-06-21,5543,5796,5505,5656,12822244,0.050715214564369226
2023-06-22,5599,5730,5458,5524,3316591,-0.02333804809052331
2023-06-23,5487,5562,5308,5318,2084661,-0.03729181752353372
2023-06-26,5318,6050,5252,5816,13343156,0.09364422715306508
2023-06-27,5749,5900,5665,5825,3918038,0.0015474552957359666
2023-06-28,5910,6304,5731,6098,12822607,0.046866952789699656
2023-06-29,6106,6106,5646,5712,4599474,-0.0632994424401443
2023-06-30,5778,6379,5740,6182,20552860,0.08228291316526604
2023-07-03,6200,6491,6106,6257,7563847,0.012131996117761279
2023-07-04,6361,6953,6229,6737,17071539,0.07671408023014226
2023-07-05,6614,6961,6520,6943,7241566,0.030577408341992074
2023-07-06,7122,7610,7000,7094,20469587,0.021748523692928234
2023-07-07,6971,7028,6549,6737,4914387,-0.050324217648717195
2023-07-10,6774,6980,6567,6793,3820230,0.008312305180347312
2023-07-11,6717,7150,6548,7122,4224874,0.04843220962755779
2023-07-12,7187,7413,6849,6934,5955268,-0.026397079472058382
2023-07-13,6952,7111,6867,7018,2373969,0.01211421978655891
2023-07-14,6981,7047,6680,6784,3015126,-0.03334283271587346
2023-07-17,6830,6924,6501,6539,2261149,-0.036114386792452824
2023-07-18,6605,6830,6417,6643,2394712,0.015904572564612307
2023-07-19,6680,6896,6482,6746,2862397,0.015505042902303146
2023-07-20,6689,6708,6483,6577,1560905,-0.025051882597094566
2023-07-21,6435,6736,6388,6586,1632227,0.00136840504789415
2023-07-24,6614,6614,6210,6295,1770518,-0.044184634072274576
2023-07-25,6313,6802,6304,6802,2787424,0.08054011119936466
2023-07-26,6689,6717,5938,6173,4076056,-0.09247280211702436
2023-07-27,6163,6483,5872,6051,2296560,-0.019763486149360077
2023-07-28,5966,6313,5966,6126,1451936,0.012394645513138292
2023-07-31,6285,6370,6022,6173,1573445,0.007672216780933772
2023-08-01,6172,6285,6088,6276,1109649,0.016685566175279387
2023-08-02,6200,6238,5683,5712,2399180,-0.08986615678776289
2023-08-03,5599,5787,5505,5590,1419293,-0.021358543417366982
2023-08-04,5589,5730,5542,5712,936115,0.021824686940965954
2023-08-07,5542,5552,5129,5355,2090195,-0.0625
2023-08-08,5346,5430,5242,5365,709538,0.0018674136321195078
2023-08-09,5298,5589,5298,5477,869982,0.020876048462255437
2023-08-10,5430,5458,5270,5393,861962,-0.015336863246302679
2023-08-11,5412,5778,5365,5694,1700683,0.05581309104394583
2023-08-14,5768,5843,5608,5684,1613202,-0.0017562346329469403
2023-08-16,4790,4978,3983,3983,9880314,-0.2992610837438424
2023-08-17,3894,4505,3866,4153,13522405,0.04268139593271414
2023-08-18,4035,4293,3983,4209,3085991,0.01348422826872131
2023-08-21,4227,4298,4068,4101,2361700,-0.02565930149679263
2023-08-22,4096,4157,4025,4035,1093209,-0.01609363569861011
2023-08-23,4025,4110,3969,3993,1045008,-0.010408921933085513
2023-08-24,4030,4162,4030,4073,1156261,0.020035061357375428
2023-08-25,4068,4143,4002,4068,718932,-0.0012275963663147538
2023-08-28,4076,4217,4011,4185,923258,0.028761061946902755
2023-08-29,4189,4359,4189,4298,970195,0.02700119474313012
2023-08-30,4368,4490,4274,4467,1438232,0.039320614239181095
2023-08-31,4467,4471,4237,4270,1456608,-0.044101186478621046
2023-09-01,4284,4293,4124,4162,842452,-0.025292740046838458
2023-09-04,4161,4255,4086,4176,512287,0.0033637674195099443
2023-09-05,4180,4199,4086,4176,460971,0.0
2023-09-06,4176,4204,4040,4059,544909,-0.028017241379310387
2023-09-07,4026,4096,3932,3965,505368,-0.023158413402315836
2023-09-08,3946,4143,3894,3951,380702,-0.0035308953341740557
2023-09-11,3951,4021,3908,3951,350000,0.0
2023-09-12,3987,4086,3931,3936,412169,-0.0037965072133636646
2023-09-13,3931,4110,3884,3974,727213,0.009654471544715548
2023-09-14,3965,4030,3965,3998,295312,0.006039255158530432
2023-09-15,3969,4143,3969,4073,522707,0.01875937968984487
2023-09-18,4044,4044,3856,3866,872764,-0.050822489565430895
2023-09-19,3870,3946,3842,3885,382920,0.004914640455250918
2023-09-20,3879,4039,3874,3936,847217,0.013127413127413057
2023-09-21,3884,3922,3767,3805,695332,-0.03328252032520329
2023-09-22,3748,3823,3696,3767,389140,-0.009986859395532233
2023-09-25,3692,3809,3692,3711,298818,-0.014865941067162214
2023-09-26,3682,3771,3668,3725,292160,0.0037725680409592677
2023-09-27,3687,3796,3612,3796,356065,0.01906040268456377
2023-10-04,3734,3776,3617,3617,511860,-0.04715489989462596
2023-10-05,3654,3753,3612,3617,380263,0.0
2023-10-06,3561,3725,3561,3655,306885,0.010505944152612745
2023-10-10,3645,3668,3457,3462,545534,-0.052804377564979466
2023-10-11,3485,3612,3485,3594,312565,0.03812824956672434
2023-10-12,3598,3852,3598,3824,648070,0.0639955481357819
2023-10-13,3766,3818,3705,3734,281548,-0.023535564853556457
2023-10-16,3673,3715,3575,3622,213548,-0.029994643813604727
2023-10-17,3640,3772,3640,3702,189047,0.022087244616234125
2023-10-18,3673,3824,3669,3669,266716,-0.008914100486223653
2023-10-19,3593,3617,3476,3509,307157,-0.043608612701008465
2023-10-20,3471,3476,3297,3387,398075,-0.03476774009689365
2023-10-23,3344,3481,3344,3420,208332,0.009743135518157642
2023-10-24,3443,3485,3302,3462,322414,0.012280701754386003
2023-10-25,3490,3532,3429,3429,251925,-0.00953206239168114
2023-10-26,3311,3372,3260,3293,354005,-0.03966170895304755
2023-10-27,3293,3654,3293,3575,1188570,0.08563619799574851
2023-10-30,3889,4040,3542,3575,3219385,0.0
2023-10-31,3762,3917,3607,3744,2915765,0.047272727272727355
2023-11-01,3711,3744,3626,3683,991771,-0.016292735042735096
2023-11-02,3730,3734,3664,3730,843026,0.01276133586749939
2023-11-03,3776,3860,3607,3828,1327853,0.026273458445040143
2023-11-06,3894,3922,3819,3890,1077832,0.016196447230929945
2023-11-07,3865,3879,3710,3767,580218,-0.03161953727506428
2023-11-08,3795,3837,3588,3612,610813,-0.04114680116803826
2023-11-09,3579,3636,3499,3528,618487,-0.023255813953488413
2023-11-10,3480,3518,3415,3434,315238,-0.026643990929705264
2023-11-13,3471,3494,3372,3382,301836,-0.015142690739662235
2023-11-14,3405,3894,3405,3894,2465809,0.15138971023063275
2023-11-15,4054,4199,3955,4059,3107510,0.04237288135593231
2023-11-16,4082,4166,4035,4120,1587221,0.015028332101502784
2023-11-17,4176,4176,3997,4026,1169979,-0.02281553398058256
2023-11-20,4062,4086,3936,3936,669175,-0.02235469448584204
2023-11-21,3988,4054,3922,3998,716274,0.01575203252032531
2023-11-22,3959,4002,3861,3866,672511,-0.03301650825412705
2023-11-23,3875,3899,3805,3810,424845,-0.014485256078634268
2023-11-24,3809,4190,3776,4176,2120952,0.09606299212598435
2023-11-27,4185,4190,4040,4087,1101391,-0.021312260536398453
2023-11-28,4148,4185,3983,4092,1122797,0.0012233912405186231
2023-11-29,4161,4171,3959,3974,971642,-0.02883675464320623
2023-11-30,4021,4035,3931,3993,651739,0.004781077000503231
2023-12-01,4007,4007,3861,3885,491152,-0.02704733283245675
2023-12-04,3903,3922,3805,3810,409997,-0.019305019305019266
2023-12-05,3804,3884,3743,3772,435671,-0.009973753280839937
2023-12-06,3772,3809,3710,3772,286746,0.0
2023-12-07,3805,3805,3683,3749,435921,-0.0060975609756097615
2023-12-08,3758,3805,3711,3791,323423,0.011202987463323488
2023-12-11,3837,3927,3804,3866,892316,0.019783698232656244
2023-12-12,3899,3903,3772,3838,477309,-0.007242628039317078
2023-12-13,3856,3894,3758,3758,409890,-0.02084418968212609
2023-12-14,3786,3847,3716,3763,458085,0.0013304949441192981
2023-12-15,3804,4016,3804,3894,1956987,0.03481264948179641
2023-12-18,3922,3922,3842,3894,540495,0.0
2023-12-19,3894,3894,3804,3833,540989,-0.01566512583461732
2023-12-20,3851,4119,3847,4115,2088023,0.07357161492303677
2023-12-21,4077,4223,4016,4087,2520859,-0.006804374240583222
2023-12-22,4213,4213,4068,4087,1563947,0.0
2023-12-26,4058,4091,3959,3974,676860,-0.027648642035723037
2023-12-27,3973,4001,3908,3955,447720,-0.004781077000503231
2023-12-28,3969,4185,3969,4148,1468218,0.0487989886219975
2024-01-02,4143,4171,4044,4106,826378,-0.010125361620057838
2024-01-03,4058,4086,3973,3983,682887,-0.029956161714564056
2024-01-04,3945,3988,3866,3899,510978,-0.02108963093145866
2024-01-05,3899,3951,3871,3890,473979,-0.002308284175429609
2024-01-08,3890,3960,3875,3890,433633,0.0
2024-01-09,0,0,0,3890,0,0.0
2024-01-10,0,0,0,3890,0,0.0
2024-01-11,0,0,0,3890,0,0.0
2024-01-12,0,0,0,3890,0,0.0
2024-01-15,0,0,0,3890,0,0.0
2024-01-16,0,0,0,3890,0,0.0
2024-01-17,0,0,0,3890,0,0.0
2024-01-18,0,0,0,3890,0,0.0
2024-01-19,0,0,0,3890,0,0.0
2024-01-22,0,0,0,3890,0,0.0
2024-01-23,0,0,0,3890,0,0.0
2024-01-24,0,0,0,3890,0,0.0
2024-01-25,0,0,0,3890,0,0.0
2024-01-26,0,0,0,3890,0,0.0
2024-01-29,0,0,0,3890,0,0.0
2024-01-30,0,0,0,3890,0,0.0
2024-01-31,0,0,0,3890,0,0.0
2024-02-01,0,0,0,3890,0,0.0
2024-02-02,0,0,0,3890,0,0.0
2024-02-05,0,0,0,3890,0,0.0
2024-02-06,0,0,0,3890,0,0.0
2024-02-07,0,0,0,3890,0,0.0
2024-02-08,0,0,0,3890,0,0.0
2024-02-13,0,0,0,3890,0,0.0
2024-02-14,0,0,0,3890,0,0.0
2024-02-15,0,0,0,3890,0,0.0
2024-02-16,0,0,0,3890,0,0.0
2024-02-19,0,0,0,3890,0,0.0
2024-02-20,0,0,0,3890,0,0.0
2024-02-21,0,0,0,3890,0,0.0
2024-02-22,3890,4275,3740,4120,2494772,0.059125964010282805
2024-02-23,4055,4100,3945,3965,700418,-0.03762135922330101
2024-02-26,3940,4000,3685,3880,780507,-0.021437578814628044
2024-02-27,3880,3920,3755,3770,364608,-0.028350515463917536
2024-02-28,3705,3940,3685,3910,369634,0.037135278514588865
2024-02-29,3910,4500,3910,4290,1978994,0.09718670076726332
2024-03-04,4350,4440,4230,4315,1179941,0.005827505827505908
2024-03-05,4315,4335,4084,4125,719079,-0.044032444959443806
2024-03-06,4130,4190,4040,4115,228289,-0.00242424242424244
2024-03-07,4090,4115,4010,4020,288386,-0.023086269744835963
2024-03-08,4050,4160,4020,4090,309532,0.017412935323383172
2024-03-11,4100,4245,4060,4150,387316,0.014669926650366705
2024-03-12,4165,4215,4050,4115,232890,-0.008433734939759074
2024-03-13,4105,4170,4070,4130,403052,0.0036452004860267895
2024-03-14,4135,4235,4105,4150,337549,0.004842615012106588
2024-03-15,4150,4185,4000,4080,220697,-0.016867469879518038
2024-03-18,4100,4170,4075,4120,298997,0.009803921568627416
2024-03-19,4120,4250,4100,4175,365509,0.013349514563106846
2024-03-20,4200,4280,4150,4235,250411,0.014371257485029876
2024-03-21,4235,4315,4180,4230,468008,-0.0011806375442738881
2024-03-22,4215,4235,4155,4160,241107,-0.01654846335697402
2024-03-25,4150,4185,4100,4110,294774,-0.012019230769230727
2024-03-26,4110,4130,4050,4085,251358,-0.006082725060827299
2024-03-27,4050,4105,4040,4075,169916,-0.002447980416156681
2024-03-28,4090,4090,3990,3990,317827,-0.020858895705521463
2024-03-29,3995,4015,3930,3930,349641,-0.015037593984962405
2024-04-01,3940,4010,3940,3980,158183,0.012722646310432628
2024-04-02,3965,4025,3910,3915,222463,-0.01633165829145733
2024-04-03,3915,3940,3840,3925,268465,0.0025542784163474774
2024-04-04,3910,3950,3865,3880,260310,-0.01146496815286624
2024-04-05,3850,3885,3785,3805,325820,-0.019329896907216537
2024-04-08,3800,3930,3770,3840,222140,0.009198423127463773
2024-04-09,3825,3905,3790,3800,176027,-0.01041666666666663
2024-04-11,3760,3910,3735,3895,167008,0.02499999999999991
2024-04-12,3890,3925,3860,3910,158927,0.0038510911424902705
2024-04-15,3810,4050,3810,4035,425110,0.03196930946291565
2024-04-16,3980,4025,3920,3950,195406,-0.02106567534076831
2024-04-17,3950,4020,3880,3880,337573,-0.017721518987341756
2024-04-18,3855,3925,3855,3900,111420,0.005154639175257714
2024-04-19,3900,3920,3750,3825,283935,-0.019230769230769273
2024-04-22,3825,3950,3825,3900,141300,0.019607843137254832
2024-04-23,3855,3950,3840,3840,151243,-0.01538461538461533
2024-04-24,3895,3915,3835,3895,160796,0.01432291666666674
2024-04-25,3875,3985,3860,3925,190322,0.007702182284980763
2024-04-26,3935,3970,3880,3950,161990,0.006369426751592355
2024-04-29,3950,4045,3930,4025,270271,0.018987341772152
2024-04-30,3970,4070,3965,4005,232586,-0.004968944099378869
2024-05-02,4060,4060,3980,4005,243601,0.0
2024-05-03,4005,4045,3955,3965,192630,-0.009987515605493158
2024-05-07,3975,3995,3915,3950,265616,-0.003783102143757877
2024-05-08,3920,4005,3920,3990,206129,0.010126582278481067
2024-05-09,4005,4030,3915,3935,234507,-0.013784461152882233
2024-05-10,3955,3970,3885,3925,165363,-0.0025412960609910717
2024-05-13,3950,3960,3890,3940,150762,0.003821656050955413
2024-05-14,3940,3995,3930,3965,324007,0.006345177664974555
2024-05-16,3745,3790,3700,3755,987546,-0.05296343001261039
2024-05-17,3745,3745,3650,3650,396466,-0.0279627163781625
2024-05-20,3650,3665,3575,3585,363758,-0.017808219178082174
2024-05-21,3575,3590,3415,3460,574057,-0.034867503486750384
2024-05-22,3455,3550,3420,3530,417930,0.020231213872832443
2024-05-23,3550,3550,3445,3485,178544,-0.012747875354107596
2024-05-24,3460,3555,3440,3500,230323,0.004304160688665792
2024-05-27,3500,3525,3470,3490,135964,-0.0028571428571428914
2024-05-28,3465,3530,3465,3500,83201,0.002865329512893977
2024-05-29,3490,3520,3430,3470,150510,-0.008571428571428563
2024-05-30,3470,3470,3305,3370,175623,-0.028818443804034533
2024-05-31,3380,3410,3305,3360,110014,-0.0029673590504450953
2024-06-03,3360,3525,3360,3480,169119,0.03571428571428581
2024-06-04,3550,3550,3415,3455,126388,-0.007183908045977017
2024-06-05,3475,3550,3390,3435,236426,-0.005788712011577379
2024-06-07,3435,3460,3370,3390,175891,-0.013100436681222738
2024-06-10,3360,3415,3340,3380,110588,-0.002949852507374673
2024-06-11,3405,3450,3380,3390,108454,0.002958579881656709
2024-06-12,3375,3665,3375,3530,497278,0.041297935103244754
2024-06-13,3540,3675,3530,3620,321937,0.025495750708215192
2024-06-14,3660,3660,3525,3530,209354,-0.024861878453038666
2024-06-17,3555,3775,3555,3670,513267,0.03966005665722383
2024-06-18,3685,3735,3615,3670,164357,0.0
2024-06-19,3700,3730,3610,3670,214506,0.0
2024-06-20,3670,3675,3620,3665,91373,-0.0013623978201634523
2024-06-21,3665,3665,3560,3570,141141,-0.02592087312414737
2024-06-24,3570,3570,3500,3500,145012,-0.019607843137254943
2024-06-25,3500,3665,3395,3560,251972,0.017142857142857126
2024-06-26,3570,3655,3550,3560,121810,0.0
2024-06-27,3560,3630,3505,3565,160636,0.001404494382022392
2024-06-28,3545,3585,3495,3510,193861,-0.015427769985974726
2024-07-01,3500,3520,3470,3510,93428,0.0
2024-07-02,3505,3510,3360,3440,292141,-0.019943019943019946
2024-07-03,3445,3505,3400,3410,196826,-0.008720930232558155
2024-07-04,3380,3465,3380,3445,109142,0.01026392961876832
2024-07-05,3425,3475,3370,3380,181082,-0.018867924528301883
2024-07-08,3370,3400,3335,3365,184792,-0.004437869822485174
2024-07-09,3345,3370,3290,3335,219299,-0.008915304606240682
2024-07-10,3325,3395,3280,3390,215105,0.016491754122938573
2024-07-11,3370,3400,3340,3355,89738,-0.010324483775811188
2024-07-12,3345,3355,3310,3330,128633,-0.007451564828613977
2024-07-15,3330,3355,3250,3340,180186,0.0030030030030030463
2024-07-16,3320,3345,3285,3310,119277,-0.008982035928143728
2024-07-17,3300,3330,3210,3210,366255,-0.030211480362537735
2024-07-18,3200,3215,3115,3170,186610,-0.012461059190031154
2024-07-19,3140,3265,3115,3240,81495,0.02208201892744488
2024-07-22,3210,3230,3105,3170,130236,-0.021604938271604923
2024-07-23,3140,3230,3130,3155,96550,-0.004731861198738141
2024-07-24,3115,3210,3110,3130,114446,-0.007923930269413626
2024-07-25,3115,3185,3010,3145,255485,0.004792332268370503
2024-07-26,3145,3170,3055,3135,90795,-0.0031796502384737746
2024-07-29,3115,3240,3115,3195,97977,0.019138755980861344
2024-07-30,3195,3205,3085,3105,146281,-0.028169014084507005
2024-07-31,3090,3135,3065,3125,119391,0.006441223832528209
2024-08-01,3125,3240,3125,3205,138678,0.025600000000000067
2024-08-02,3195,3195,3035,3040,192857,-0.05148205928237126
2024-08-05,3000,3020,2655,2710,583261,-0.10855263157894735
2024-08-06,2670,2910,2670,2860,257926,0.05535055350553497
2024-08-07,2800,2950,2800,2890,140856,0.010489510489510412
2024-08-08,2850,2940,2835,2900,96158,0.0034602076124568004
2024-08-09,2915,3045,2900,2930,224564,0.010344827586206806
2024-08-12,2930,3080,2930,3065,188508,0.04607508532423199
2024-08-13,3085,3130,3010,3045,121028,-0.006525285481239762
2024-08-14,3060,3175,3060,3150,200149,0.034482758620689724
2024-08-16,3160,3180,3045,3050,163944,-0.031746031746031744
2024-08-19,3035,3145,3035,3080,134521,0.009836065573770592
2024-08-20,3085,3200,3085,3180,157973,0.032467532467532534
2024-08-21,3200,3200,3130,3145,75631,-0.011006289308176154
2024-08-22,3120,3205,3120,3160,137764,0.004769475357710551
2024-08-23,3130,3160,3095,3135,51575,-0.007911392405063333
2024-08-26,3150,3170,3070,3100,117217,-0.011164274322169043
2024-08-27,3105,3205,3045,3195,141937,0.030645161290322687
2024-08-28,3170,3195,3095,3145,86636,-0.015649452269170583
2024-08-29,3140,3180,3085,3125,61244,-0.006359300476947549
2024-08-30,3125,3175,3100,3170,80816,0.014399999999999968
2024-09-02,3170,3170,3095,3140,80239,-0.009463722397476393
2024-09-03,3140,3140,3085,3100,66086,-0.01273885350318471
2024-09-04,3050,3060,2960,3025,136315,-0.024193548387096753
2024-09-05,3025,3075,2985,3025,104189,0.0
2024-09-06,3005,3050,2965,2995,87743,-0.00991735537190086
2024-09-09,2975,3045,2935,3035,72570,0.013355592654423987
2024-09-10,3035,3055,2930,2945,103344,-0.029654036243822124
2024-09-11,2950,3020,2910,2995,149445,0.01697792869269943
2024-09-12,2995,3090,2995,3080,73843,0.028380634390651194
2024-09-13,3080,3275,3080,3100,283760,0.006493506493506551
2024-09-19,3100,3175,3065,3125,147951,0.008064516129032251
2024-09-20,3125,3170,3085,3085,50360,-0.012800000000000034
2024-09-23,3085,3090,3045,3050,125497,-0.011345218800648316
2024-09-24,3050,3085,3045,3060,50563,0.003278688524590123
2024-09-25,3065,3100,3040,3045,74195,-0.004901960784313708
2024-09-26,3065,3070,3020,3055,90866,0.003284072249589487
2024-09-27,3055,3075,3040,3065,80390,0.003273322422258529
2024-09-30,3085,3085,3010,3035,53802,-0.009787928221859699
2024-10-02,3035,3035,2980,3010,66268,-0.008237232289950547
2024-10-04,3025,3025,2965,2975,74628,-0.011627906976744207
2024-10-07,2975,2990,2945,2970,56717,-0.001680672268907557
2024-10-08,2965,2980,2915,2950,64403,-0.006734006734006703
2024-10-10,2960,2990,2920,2925,60557,-0.008474576271186418
2024-10-11,2925,2950,2920,2925,57150,0.0
2024-10-14,2925,2940,2875,2935,67817,0.0034188034188034067
2024-10-15,2935,2935,2885,2905,49532,-0.010221465076660996
2024-10-16,2905,2930,2865,2870,67233,-0.012048192771084376
2024-10-17,2870,2885,2805,2805,102955,-0.022648083623693416
2024-10-18,2830,2930,2800,2835,117841,0.010695187165775444
2024-10-21,2835,2850,2810,2840,69440,0.0017636684303350414
2024-10-22,2825,2840,2760,2775,79829,-0.022887323943661997
2024-10-23,2775,2810,2750,2760,88692,-0.00540540540540535
2024-10-24,2755,3330,2710,2850,5344662,0.032608695652173836
2024-10-25,2825,2940,2760,2760,528531,-0.03157894736842104
2024-10-28,2735,2790,2735,2770,167757,0.0036231884057971175
2024-10-29,2770,2775,2700,2730,186926,-0.014440433212996373
2024-10-30,2720,2745,2680,2690,105231,-0.0146520146520146
2024-10-31,2685,2750,2650,2705,137971,0.005576208178438735
2024-11-01,2705,2740,2690,2700,63352,-0.001848428835489857
2024-11-04,2705,2760,2705,2740,63695,0.014814814814814836
2024-11-05,2710,2815,2710,2815,118855,0.027372262773722733
2024-11-06,2805,2815,2750,2780,103445,-0.01243339253996445
2024-11-07,2780,2780,2725,2770,57596,-0.003597122302158251
2024-11-08,2780,2820,2735,2765,106204,-0.0018050541516245744
2024-11-11,2735,2745,2700,2735,96527,-0.010849909584086825
2024-11-12,2695,2715,2600,2625,231238,-0.04021937842778789
2024-11-13,2625,2625,2515,2550,96289,-0.02857142857142858
2024-11-14,2520,2560,2495,2520,103687,-0.0117647058823529
2024-11-15,2500,2500,2325,2495,218969,-0.009920634920634885
2024-11-18,2490,2585,2485,2540,88669,0.018036072144288484
2024-11-19,2525,2565,2510,2555,47446,0.0059055118110236116
2024-11-20,2540,2590,2540,2555,50530,0.0
2024-11-21,2555,2620,2520,2555,80569,0.0
2024-11-22,2550,2585,2530,2550,46387,-0.00195694716242667
2024-11-25,2575,2575,2530,2530,84012,-0.007843137254901933
2024-11-26,2520,2545,2500,2540,53120,0.0039525691699604515
2024-11-27,2540,2540,2415,2455,124790,-0.03346456692913391
2024-11-28,2470,2490,2435,2440,69343,-0.006109979633401208
2024-11-29,2470,2470,2370,2380,111264,-0.024590163934426257
2024-12-02,2400,2410,2360,2385,73782,0.0021008403361344463
2024-12-03,2415,2415,2365,2405,83530,0.008385744234800763
2024-12-04,2380,2400,2340,2360,100884,-0.018711018711018657
2024-12-05,2420,2420,2290,2300,82408,-0.025423728813559365
2024-12-06,2330,2330,2200,2285,125835,-0.006521739130434745
2024-12-09,2280,2280,2165,2165,208760,-0.05251641137855578
2024-12-10,2190,2370,2170,2360,143897,0.09006928406466508
2024-12-11,2360,2435,2345,2425,78643,0.02754237288135597
2024-12-12,2425,2590,2420,2470,176820,0.01855670103092777
2024-12-13,2470,2475,2435,2470,61568,0.0
2024-12-16,2455,2515,2455,2480,75048,0.004048582995951344
2024-12-17,2470,2490,2460,2475,40363,-0.0020161290322581182
2024-12-18,2475,2535,2475,2505,105474,0.0121212121212122
2024-12-19,2470,2500,2435,2455,78594,-0.019960079840319334
2024-12-20,2480,2480,2360,2380,69183,-0.03054989816700615
2024-12-23,2390,2455,2380,2430,82552,0.021008403361344463
2024-12-24,2430,2475,2430,2475,60308,0.0185185185185186
2024-12-26,2475,2490,2445,2485,65487,0.004040404040404066
2024-12-27,2460,2465,2370,2405,59120,-0.03219315895372232
2024-12-30,2400,2430,2330,2405,39185,0.0
2025-01-02,2400,2495,2400,2475,50027,0.029106029106028997
2025-01-03,2515,2575,2500,2545,121993,0.028282828282828243
2025-01-06,2540,2565,2515,2535,61799,-0.003929273084479323
2025-01-07,2570,2590,2540,2555,80382,0.007889546351084853
2025-01-08,2550,2610,2535,2595,67374,0.015655577299412915
2025-01-09,2600,2630,2575,2595,68977,0.0
2025-01-10,2595,2655,2595,2600,64700,0.0019267822736031004
2025-01-13,2610,2665,2610,2645,121245,0.017307692307692246
2025-01-14,2670,2690,2620,2690,85133,0.017013232514177634
2025-01-15,2665,2705,2640,2665,78479,-0.009293680297397744
2025-01-16,2665,2680,2640,2645,62308,-0.007504690431519689
2025-01-17,2650,2675,2620,2650,52207,0.001890359168241984
2025-01-20,2630,2730,2630,2725,104444,0.028301886792452935
2025-01-21,2720,2735,2670,2710,73221,-0.0055045871559632475
2025-01-22,2710,2730,2675,2690,83001,-0.0073800738007380184
2025-01-23,2700,2725,2610,2660,97948,-0.01115241635687736
2025-01-24,2655,2700,2640,2675,69616,0.005639097744360999
2025-01-31,2690,2695,2625,2680,55936,0.0018691588785046953
2025-02-03,2630,2680,2515,2515,104052,-0.06156716417910446
2025-02-04,2520,2645,2520,2605,38532,0.035785288270377746
2025-02-05,2605,2665,2605,2640,27947,0.013435700575815668
2025-02-06,2645,2670,2575,2585,77754,-0.02083333333333337
2025-02-07,2595,2625,2570,2590,77889,0.0019342359767891004
2025-02-10,2590,2590,2500,2540,124612,-0.019305019305019266
2025-02-11,2540,2570,2520,2540,36768,0.0
2025-02-12,2555,2560,2505,2510,67783,-0.011811023622047223
2025-02-13,2545,2655,2540,2640,141561,0.05179282868525892
2025-02-14,2635,2635,2430,2565,107701,-0.02840909090909094
2025-02-17,2565,2580,2540,2570,62022,0.0019493177387914784
2025-02-18,2565,2595,2550,2585,60835,0.005836575875486361
2025-02-19,2565,2625,2565,2590,96737,0.0019342359767891004
2025-02-20,2600,2630,2570,2605,85608,0.005791505791505891
2025-02-21,2690,2770,2630,2715,193181,0.042226487523992384
2025-02-24,2670,2835,2660,2800,213447,0.03130755064456725
2025-02-25,2810,2845,2745,2795,238291,-0.0017857142857142794
2025-02-26,2795,2830,2750,2815,80089,0.007155635062611854
2025-02-27,2835,2835,2705,2770,89127,-0.01598579040852577
2025-02-28,2750,2750,2685,2685,110523,-0.03068592057761732
2025-03-04,2680,2720,2610,2715,76760,0.011173184357541999
2025-03-05,2695,2750,2695,2730,49851,0.005524861878453136
2025-03-06,2755,2795,2700,2735,96865,0.001831501831501825
2025-03-07,2730,2735,2695,2700,89550,-0.012797074954296161
2025-03-10,2700,2710,2650,2690,47267,-0.0037037037037036535
2025-03-11,2635,2655,2605,2650,47271,-0.014869888475836479
2025-03-12,2645,2665,2610,2640,94463,-0.0037735849056603765
2025-03-13,2640,2725,2630,2685,84365,0.017045454545454586
2025-03-14,2700,2730,2655,2670,92671,-0.005586592178770999
2025-03-17,2675,2705,2655,2685,37904,0.00561797752808979
2025-03-18,2685,2705,2660,2690,52327,0.0018621973929235924
2025-03-19,2710,2750,2680,2720,77869,0.011152416356877248
2025-03-20,2715,2730,2670,2700,67052,-0.007352941176470562
2025-03-21,2700,2715,2645,2695,84738,-0.0018518518518518823
2025-03-24,2695,2800,2675,2785,151732,0.033395176252319025
2025-03-25,2880,3395,2875,2985,9839563,0.07181328545780974
2025-03-26,3025,3145,2990,2990,920207,0.0016750418760469454
2025-03-27,2960,3095,2860,2925,620282,-0.021739130434782594
2025-03-28,2855,2920,2800,2810,344576,-0.03931623931623929
2025-03-31,2745,2810,2675,2780,261020,-0.010676156583629859
2025-04-01,2780,3335,2755,2990,8445031,0.07553956834532372
2025-04-02,2945,3030,2885,2920,864360,-0.02341137123745818
2025-04-03,2870,2895,2815,2850,409423,-0.023972602739726012
2025-04-04,2825,2935,2775,2935,587716,0.029824561403508865
2025-04-07,2850,2850,2715,2775,431549,-0.054514480408858645
2025-04-08,2800,2865,2785,2810,245718,0.012612612612612706
2025-04-09,2785,2835,2665,2675,423409,-0.04804270462633453
2025-04-10,2810,2880,2775,2870,301312,0.07289719626168223
2025-04-11,2830,2875,2770,2840,198870,-0.010452961672473893
2025-04-14,2825,2880,2785,2835,232797,-0.0017605633802817433
2025-04-15,3070,3070,2905,2935,814597,0.03527336860670194
2025-04-16,2935,2935,2845,2860,278612,-0.02555366269165249
2025-04-17,2830,2915,2830,2890,205085,0.010489510489510412
2025-04-18,2925,2940,2875,2930,190790,0.01384083044982698
2025-04-21,2930,2935,2855,2880,155551,-0.017064846416382284
2025-04-22,2830,2920,2830,2910,163914,0.01041666666666674
2025-04-23,2955,2965,2885,2945,257703,0.012027491408934665
2025-04-24,2960,2960,2910,2950,128719,0.001697792869269854
2025-04-25,2940,3055,2940,3005,301085,0.01864406779661021
2025-04-28,2990,3000,2945,2960,166707,-0.014975041597337757
2025-04-29,2995,3075,2970,2985,270842,0.008445945945946054
2025-04-30,3030,3030,2915,2950,276157,-0.011725293132328285
2025-05-02,2950,2950,2830,2855,189566,-0.03220338983050852
2025-05-07,2860,2910,2830,2910,135392,0.019264448336252293
2025-05-08,2910,2945,2890,2940,119750,0.010309278350515427
2025-05-09,2950,2970,2890,2900,100448,-0.013605442176870763
2025-05-12,2910,3010,2900,3000,195384,0.034482758620689724
2025-05-13,3010,3020,2970,3000,167592,0.0
2025-05-14,3005,3010,2940,3005,118021,0.0016666666666667052
2025-05-15,3005,3005,2920,2930,189834,-0.024958402662229595
2025-05-16,2945,2945,2865,2865,131324,-0.022184300341296925
2025-05-19,2900,2900,2850,2865,108982,0.0
2025-05-20,2880,2900,2855,2885,99208,0.00698080279232105
2025-05-21,2910,2910,2860,2875,89709,-0.0034662045060658286
2025-05-22,2870,2875,2725,2785,244462,-0.03130434782608693
2025-05-23,2785,2790,2720,2750,132677,-0.012567324955116699
2025-05-26,2790,2840,2750,2800,86222,0.018181818181818077
2025-05-27,2805,2815,2735,2745,90135,-0.019642857142857184
2025-05-28,2765,2835,2765,2795,93235,0.01821493624772308
2025-05-29,2800,2930,2800,2920,181239,0.04472271914132375
2025-05-30,2920,2935,2845,2870,118744,-0.017123287671232834
2025-06-02,2870,2870,2810,2835,79720,-0.012195121951219523
2025-06-04,2830,2875,2830,2870,145172,0.012345679012345734
2025-06-05,2870,2905,2840,2895,127046,0.008710801393728262
2025-06-09,2895,3025,2885,2935,182190,0.013816925734024155
2025-06-10,2940,2940,2895,2910,112367,-0.008517887563884163
2025-06-11,2910,2945,2885,2925,89116,0.005154639175257714
2025-06-12,2935,2970,2910,2940,149933,0.00512820512820511
2025-06-13,2930,2940,2825,2855,186880,-0.028911564625850317
2025-06-16,2850,2850,2745,2840,202690,-0.005253940455341555
2025-06-17,2840,2895,2790,2835,174437,-0.0017605633802817433
2025-06-18,2835,2855,2785,2850,185937,0.005291005291005346
2025-06-19,2920,2925,2815,2900,227883,0.01754385964912286
2025-06-20,2900,2915,2850,2890,185060,-0.0034482758620689724
2025-06-23,2815,2850,2770,2775,274223,-0.03979238754325265
2025-06-24,2810,2920,2795,2905,293284,0.04684684684684681
2025-06-25,2910,2995,2895,2940,351584,0.012048192771084265
2025-06-26,2940,2940,2855,2900,125637,-0.013605442176870763
2025-06-27,2905,2905,2790,2805,159200,-0.03275862068965518
2025-06-30,2800,2825,2775,2780,146357,-0.0089126559714795
2025-07-01,2800,2870,2785,2835,99051,0.019784172661870603
2025-07-02,2835,2870,2755,2840,207046,0.0017636684303350414
2025-07-03,2845,2910,2835,2890,151322,0.01760563380281699
2025-07-04,2890,2910,2835,2845,95663,-0.01557093425605538
2025-07-07,2810,2835,2795,2800,108545,-0.01581722319859402
2025-07-08,2770,2810,2765,2800,134954,0.0
2025-07-09,2800,2800,2760,2775,161007,-0.008928571428571397
2025-07-10,2775,2810,2765,2790,105617,0.00540540540540535
2025-07-11,2805,2815,2755,2785,112514,-0.0017921146953404632
2025-07-14,2785,2845,2760,2830,144549,0.016157989228007263
2025-07-15,2835,2835,2770,2780,110832,-0.017667844522968212
2025-07-16,2780,2780,2730,2750,117772,-0.010791366906474864
2025-07-17,2750,2755,2715,2745,78814,-0.0018181818181818299
2025-07-18,2735,2760,2720,2740,74245,-0.0018214936247723523
2025-07-21,2725,2745,2705,2730,72841,-0.0036496350364964014
2025-07-22,2710,2750,2700,2700,122346,-0.01098901098901095
2025-07-23,2710,2805,2705,2760,229169,0.022222222222222143
2025-07-24,2760,2880,2730,2790,324713,0.010869565217391353
2025-07-25,2800,3080,2725,2940,2867388,0.053763440860215006
2025-07-28,2925,2975,2860,2885,579666,-0.018707482993197244
2025-07-29,2850,2875,2795,2855,206641,-0.010398613518197597
2025-07-30,2820,3000,2820,2935,1016210,0.028021015761821255
2025-07-31,2970,2990,2780,2780,729927,-0.05281090289608181
2025-08-01,2750,2775,2710,2750,270229,-0.010791366906474864
2025-08-04,2750,2790,2725,2750,97486,0.0
2025-08-05,2750,2790,2735,2765,108199,0.005454545454545379
2025-08-06,2760,2785,2735,2750,74918,-0.005424954792043413
2025-08-07,2770,2800,2750,2775,80520,0.009090909090909038
2025-08-08,2775,2820,2765,2795,125280,0.007207207207207134
2025-08-11,2820,2820,2780,2800,101430,0.0017889087656528524
2025-08-12,2800,2825,2785,2800,53843,0.0
2025-08-13,2800,2850,2780,2830,127813,0.010714285714285676
2025-08-14,2830,2865,2815,2865,396742,0.012367491166077826
2025-08-18,3295,3410,3035,3110,4318506,0.08551483420593375
2025-08-19,3090,3440,3090,3220,4891295,0.03536977491961424
2025-08-20,3210,3775,3190,3600,13712857,0.11801242236024834
2025-08-21,3635,3950,3635,3745,6056745,0.04027777777777786
2025-08-22,3800,3885,3625,3715,2358984,-0.008010680907877155
2025-08-25,3715,3795,3685,3745,1047375,0.008075370121130465
2025-08-26,3770,3850,3675,3730,878292,-0.004005340453938633
2025-08-27,3725,3750,3605,3695,784852,-0.009383378016085797
2025-08-28,3680,3725,3585,3640,541048,-0.014884979702300405
2025-08-29,3640,3730,3595,3680,617871,0.01098901098901095
2025-09-01,3680,3740,3625,3680,457995,0.0
2025-09-02,3680,3730,3340,3525,737631,-0.04211956521739135
2025-09-03,3525,3620,3450,3470,503957,-0.015602836879432647
2025-09-04,3490,3510,3395,3420,513210,-0.014409221902017322
2025-09-05,3440,3475,3405,3425,290479,0.0014619883040936088
2025-09-08,3420,3420,3305,3345,406536,-0.023357664233576658
2025-09-09,3365,3400,3300,3320,296125,-0.007473841554558991
2025-09-10,3320,3370,3305,3350,287946,0.009036144578313143
2025-09-11,3340,3410,3280,3310,305368,-0.011940298507462699
2025-09-12,3310,3330,3250,3295,374433,-0.004531722054380682
2025-09-15,3295,3295,3215,3245,289059,-0.015174506828528056
2025-09-16,3245,3360,3245,3300,433259,0.016949152542372836
2025-09-17,3335,3370,3280,3340,315472,0.0121212121212122
2025-09-18,3340,3380,3280,3355,248660,0.004491017964071808
2025-09-19,3350,3350,3250,3270,234876,-0.025335320417287588
2025-09-22,3300,3305,3255,3270,210708,0.0
2025-09-23,3280,3285,3220,3285,214485,0.004587155963302836
2025-09-24,3285,3285,3160,3210,182500,-0.022831050228310557
2025-09-25,3210,3215,3150,3195,153310,-0.004672897196261627
2025-09-26,3160,3185,3090,3100,204211,-0.029733959311424085
2025-09-29,3100,3155,3100,3130,112439,0.00967741935483879
2025-09-30,3130,3140,3050,3070,138057,-0.019169329073482455
2025-10-01,3075,3130,3075,3095,115311,0.008143322475570036
2025-10-02,3095,3170,3095,3140,152655,0.01453957996768973
2025-10-10,3145,3145,3040,3080,236229,-0.019108280254777066
2025-10-13,3025,3100,2985,3080,188425,0.0
2025-10-14,3085,3200,3070,3160,369207,0.025974025974025983
2025-10-15,3160,3200,3115,3160,183155,0.0
2025-10-16,3395,3440,3225,3245,1078227,0.02689873417721511
2025-10-17,3230,3320,3225,3260,412078,0.0046224961479199855
2025-10-20,3300,3415,3200,3325,454943,0.019938650306748462
2025-10-21,3375,3410,3300,3310,489801,-0.004511278195488688
2025-10-22,3450,3680,3355,3520,2352153,0.06344410876132933
2025-10-23,3450,3485,3350,3370,570150,-0.042613636363636354
2025-10-24,3380,3400,3290,3360,334968,-0.0029673590504450953
2025-10-27,3360,3400,3305,3340,402920,-0.005952380952380931
2025-10-28,3310,3340,3265,3330,251532,-0.0029940119760478723
2025-10-29,3335,3360,3285,3320,253684,-0.0030030030030030463
2025-10-30,3505,3575,3250,3255,1071114,-0.01957831325301207
2025-10-31,3270,3400,3250,3295,488337,0.01228878648233489
2025-11-03,3295,3295,3195,3200,457727,-0.028831562974203306
2025-11-04,3185,3195,3100,3125,347089,-0.0234375
2025-11-05,3150,3150,2980,3090,573604,-0.011199999999999988
2025-11-06,3100,3115,3030,3100,215850,0.003236245954692629
2025-11-07,3090,3090,2980,3015,233784,-0.02741935483870972
2025-11-10,3005,3130,3005,3115,170528,0.03316749585406309
2025-11-11,3115,3160,3105,3150,152216,0.011235955056179803
2025-11-12,3150,3340,3125,3340,353767,0.060317460317460325
2025-11-13,3340,3430,3285,3350,383039,0.0029940119760478723
2025-11-14,3285,3415,3285,3395,488252,0.013432835820895495
2025-11-17,2995,3010,2770,2905,1786134,-0.14432989690721654
2025-11-18,2905,2915,2770,2770,504977,-0.04647160068846812
2025-11-19,2770,2800,2710,2735,353515,-0.012635379061371799
2025-11-20,2740,2805,2720,2745,239539,0.003656307129798808
2025-11-21,2700,2720,2645,2665,412599,-0.02914389799635697
2025-11-24,2700,2725,2655,2675,143382,0.0037523452157599557
2025-11-25,2675,2745,2630,2665,144001,-0.0037383177570093906
