Date,Open,High,Low,Close,Volume,Change
2022-01-03,12938,13027,12805,12851,20005,-0.010243376463339504
2022-01-04,12939,13160,12850,13073,20819,0.017274920239670033
2022-01-05,13071,13116,12806,12940,18879,-0.01017364032739232
2022-01-06,12541,12761,12407,12541,26730,-0.030834621329211775
2022-01-07,12451,12895,12406,12895,20223,0.02822741408181173
2022-01-10,13027,13027,12628,12807,21851,-0.006824350523458755
2022-01-11,12717,12717,12186,12231,30220,-0.04497540407589595
2022-01-12,12230,12584,12185,12364,13178,0.010874008666503121
2022-01-13,12540,12629,12408,12409,11952,0.0036395988353283837
2022-01-14,12406,12628,12362,12496,12830,0.007011040373922084
2022-01-17,12363,12407,11742,12010,26932,-0.03889244558258642
2022-01-18,11697,11963,11564,11787,33561,-0.018567860116569523
2022-01-19,11565,11787,11344,11389,25916,-0.03376601340459828
2022-01-20,11298,11875,11254,11787,36132,0.03494600052682406
2022-01-21,11876,12008,11609,11700,21866,-0.0073810129804021685
2022-01-24,11476,11521,11165,11256,21172,-0.0379487179487179
2022-01-25,11077,11121,10545,10768,31641,-0.04335465529495375
2022-01-26,10634,10988,10634,10946,28610,0.016530460624071264
2022-01-27,11122,11165,10456,10547,18541,-0.03645167184359588
2022-01-28,10546,11343,10057,11256,51121,0.067222906987769
2022-02-03,11477,11609,11388,11522,11177,0.023631840796019876
2022-02-04,11565,11787,11521,11611,17723,0.0077243534108661915
2022-02-07,11653,11831,11521,11611,11805,0.0
2022-02-08,11653,11786,11476,11743,20780,0.011368529842390895
2022-02-09,11743,11919,11609,11743,13460,0.0
2022-02-10,11742,11787,11522,11522,21968,-0.018819722387805493
2022-02-11,11521,11742,11255,11301,25860,-0.019180697795521562
2022-02-14,11255,11255,10767,10990,28984,-0.027519688523139574
2022-02-15,10856,11343,10679,10990,55245,0.0
2022-02-16,11077,11521,11033,11256,29903,0.02420382165605095
2022-02-17,11432,11564,11122,11344,28576,0.00781805259417201
2022-02-18,11344,11477,11210,11389,14248,0.003966854724964719
2022-02-21,11388,11477,11033,11301,10371,-0.007726753885327953
2022-02-22,11210,11210,10811,10857,23034,-0.03928855853464297
2022-02-23,10767,11520,10767,11167,43064,0.028553007276411524
2022-02-24,11254,11254,10679,10724,26158,-0.039670457598280695
2022-02-25,10856,11299,10856,10902,39456,0.016598284222305137
2022-02-28,11078,11165,10988,11078,5820,0.01614382682076676
2022-03-02,11165,11298,11077,11256,10208,0.016067882289221957
2022-03-03,11609,11609,11254,11522,13041,0.023631840796019876
2022-03-04,11521,11698,11166,11212,13471,-0.026905051206387753
2022-03-07,11210,11255,10856,10902,12048,-0.02764894755618985
2022-03-08,10590,10811,10590,10635,17683,-0.0244909190974133
2022-03-10,10723,11077,10678,10768,14622,0.012505876821814699
2022-03-11,10856,11255,10811,10902,21290,0.012444279346210951
2022-03-14,11033,11210,10945,10946,6195,0.0040359567051917455
2022-03-15,10944,10944,10767,10768,10985,-0.01626164809062669
2022-03-16,10811,11476,10811,11433,49682,0.06175705794947994
2022-03-17,11608,11742,11432,11477,22684,0.003848508702877673
2022-03-18,11477,11609,11166,11522,17542,0.003920885248758443
2022-03-21,11521,11564,11254,11344,9399,-0.015448706821732383
2022-03-22,11344,11742,11299,11700,39773,0.031382228490832054
2022-03-23,11697,11697,11432,11655,15733,-0.0038461538461538325
2022-03-24,11653,11653,11254,11433,12210,-0.01904761904761909
2022-03-25,11476,11786,11476,11566,20757,0.011632992215516502
2022-03-28,11564,11743,11521,11743,8017,0.015303475704651515
2022-03-29,11608,11875,11608,11787,42417,0.003746913054585743
2022-03-30,11787,11875,11477,11522,23223,-0.022482395859845572
2022-03-31,11609,11698,11522,11522,4894,0.0
2022-04-01,11522,11742,11477,11522,14810,0.0
2022-04-04,11520,11831,11387,11655,20337,0.011543134872417982
2022-04-05,11920,12141,11653,11921,68127,0.022822822822822886
2022-04-06,11918,11963,11653,11787,23947,-0.01124066772921739
2022-04-07,11697,11697,11387,11566,28566,-0.01874946975481462
2022-04-08,11522,11831,11210,11522,60664,-0.0038042538474839516
2022-04-11,11520,11520,11298,11477,12855,-0.0039055719493144014
2022-04-12,11255,11477,11122,11389,16786,-0.007667508930905287
2022-04-13,11343,11564,11209,11477,48868,0.007726753885327842
2022-04-14,11520,11654,11476,11655,10688,0.015509279428421952
2022-04-15,11609,11609,11299,11344,18035,-0.02668382668382674
2022-04-18,11255,11343,11166,11301,9805,-0.0037905500705218698
2022-04-19,11210,11387,11210,11344,17648,0.0038049730112379443
2022-04-20,11476,11609,11299,11433,17216,0.007845557122708069
2022-04-21,11433,11520,11343,11433,10655,0.0
2022-04-22,11298,11387,11255,11256,13122,-0.015481500918394175
2022-04-25,11122,11166,10900,10990,14615,-0.023631840796019876
2022-04-26,10900,11343,10900,11123,22656,0.012101910828025586
2022-04-27,10944,11077,10811,11034,11070,-0.008001438460846888
2022-04-28,10989,11034,10679,11034,34278,0.0
2022-04-29,10944,11165,10900,11034,25086,0.0
2022-05-02,10989,11210,10723,11123,30905,0.008065977886532627
2022-05-03,11122,11387,11033,11344,22712,0.019868740447720912
2022-05-04,11343,11520,11077,11167,11752,-0.015602961918194658
2022-05-06,10989,11344,10855,11344,17339,0.015850273126175374
2022-05-09,11122,11343,11034,11034,14018,-0.027327221438645966
2022-05-10,10811,11033,10679,10990,18346,-0.003987674460757651
2022-05-11,10900,11077,10811,10946,11260,-0.004003639672429449
2022-05-12,10945,11388,10900,10990,26503,0.004019733235885337
2022-05-13,10990,11078,10811,10990,10794,0.0
2022-05-16,11122,11210,10945,10990,10706,0.0
2022-05-17,11077,11343,11033,11256,21753,0.02420382165605095
2022-05-18,11255,11432,11166,11301,16932,0.003997867803837929
2022-05-19,11299,11388,11078,11212,14678,-0.007875409255818089
2022-05-20,11166,11300,11078,11301,14367,0.007937923653228651
2022-05-23,11298,11520,11166,11167,18570,-0.01185735775595076
2022-05-24,11255,11255,10856,10902,18289,-0.02373063490642069
2022-05-25,10900,11122,10856,10990,7625,0.008071913410383491
2022-05-26,10989,11122,10767,10813,10170,-0.016105550500454924
2022-05-27,10945,11077,10855,10946,6143,0.012300009248127353
2022-05-30,10988,11166,10988,11167,11411,0.020190023752969077
2022-05-31,11165,11431,11078,11078,20903,-0.007969911345929948
2022-06-02,11077,11209,11077,11167,11013,0.008033941144610868
2022-06-03,11165,11387,11165,11256,12383,0.007969911345929948
2022-06-07,11254,11432,11166,11167,9271,-0.007906894100923934
2022-06-08,11033,11209,11033,11167,9798,0.0
2022-06-09,11166,11166,10901,10902,6423,-0.02373063490642069
2022-06-10,10901,10989,10767,10902,14461,0.0
2022-06-13,10678,10811,10368,10635,26965,-0.0244909190974133
2022-06-14,10102,10456,10057,10236,43225,-0.03751763046544432
2022-06-15,10146,10235,9704,9705,28074,-0.051875732708089095
2022-06-16,9703,11432,9703,10547,143652,0.08675940236991231
2022-06-17,10456,10456,9880,10059,36442,-0.046269081255333244
2022-06-20,10057,10057,9038,9350,63458,-0.07048414355303712
2022-06-21,9348,10013,9216,9926,60869,0.06160427807486624
2022-06-22,10057,10057,9217,9217,45965,-0.0714285714285714
2022-06-23,9083,9260,8650,8650,31860,-0.06151676250406857
2022-06-24,8613,9127,8578,9084,30953,0.05017341040462431
2022-06-27,9172,9304,9038,9217,22475,0.01464112725671507
2022-06-28,9216,9394,9172,9395,22600,0.019312140609742956
2022-06-29,9572,9660,9261,9307,17969,-0.009366684406599268
2022-06-30,9304,9394,9083,9395,30791,0.00945524873750947
2022-07-01,9216,10013,9172,9395,50137,0.0
2022-07-04,9393,9393,8994,9128,24614,-0.028419372006386334
2022-07-05,9128,10013,9083,9837,47251,0.07767309377738818
2022-07-06,9836,12407,9482,10813,823102,0.09921724102876883
2022-07-07,10811,11477,10457,10680,170742,-0.012300009248127242
2022-07-08,10811,10856,10236,10370,63675,-0.029026217228464435
2022-07-11,10369,10679,10013,10281,66012,-0.008582449373191858
2022-07-12,10280,10280,9836,10104,47006,-0.01721622410271373
2022-07-13,9969,10146,9792,9926,27476,-0.01761678543151224
2022-07-14,9970,10324,9925,10104,29876,0.01793270199476127
2022-07-15,10102,10146,9837,9837,32602,-0.026425178147268413
2022-07-18,9881,12762,9881,12763,1326474,0.2974484090678051
2022-07-19,13824,14533,12539,13161,1501794,0.031183890934733283
2022-07-20,13470,13515,12940,12940,224754,-0.016792037079249256
2022-07-21,12939,13294,12230,12320,231833,-0.04791344667697062
2022-07-22,12495,12761,12185,12585,135430,0.021509740259740173
2022-07-25,12984,13294,11609,11700,349584,-0.07032181168057206
2022-07-26,11963,12628,11742,11876,266033,0.015042735042735123
2022-07-27,11787,13205,11654,12409,635922,0.04488043112158979
2022-07-28,12406,12761,12096,12585,206516,0.0141832540897735
2022-07-29,12495,12584,11831,11965,119251,-0.04926499801350814
2022-08-01,11919,12185,11831,12054,59228,0.007438361888842504
2022-08-02,12052,12274,11609,11743,81566,-0.025800564128090286
2022-08-03,11787,12052,11654,12010,43189,0.022736949672145013
2022-08-04,12141,12141,11698,11743,42602,-0.022231473771856747
2022-08-05,11876,11876,11521,11611,45655,-0.011240739163757119
2022-08-08,11608,11608,11077,11477,59626,-0.011540780294548303
2022-08-09,11521,11919,11254,11743,64339,0.02317678835932746
2022-08-10,11521,12008,11343,11832,77939,0.0075789832240482635
2022-08-11,11875,12008,11609,11832,49535,0.0
2022-08-12,11875,11875,11609,11655,27725,-0.014959432048681554
2022-08-16,11653,12052,11565,11965,47990,0.02659802659802657
2022-08-17,11963,11963,11477,11477,36756,-0.040785624738821524
2022-08-18,11388,11742,11166,11700,34294,0.019430164677180395
2022-08-19,11698,11698,11477,11522,21514,-0.015213675213675226
2022-08-22,11521,12007,11343,11566,81758,0.00381878146155179
2022-08-23,11432,11697,11122,11566,46776,0.0
2022-08-24,11609,12451,11609,11921,254406,0.030693411724018738
2022-08-25,11831,12185,11742,11965,58182,0.0036909655230266125
2022-08-26,12097,12141,11654,11700,51675,-0.02214793146677807
2022-08-29,11165,11299,10766,11034,82590,-0.056923076923076965
2022-08-30,10900,11388,10900,11301,57358,0.02419793365959766
2022-08-31,11299,11432,11077,11344,15803,0.0038049730112379443
2022-09-01,11343,11343,10989,11123,31923,-0.019481664315937897
2022-09-02,11078,11432,11033,11212,18126,0.008001438460846888
2022-09-05,11209,11209,10988,11078,36278,-0.011951480556546601
2022-09-06,11033,11521,11033,11344,113320,0.024011554432207927
2022-09-07,11387,11476,11210,11256,21026,-0.007757404795486589
2022-09-08,11299,11609,11299,11344,15841,0.00781805259417201
2022-09-13,11564,11564,11254,11344,14552,0.0
2022-09-14,11122,11254,10855,11034,14590,-0.027327221438645966
2022-09-15,11033,11210,10900,10946,44284,-0.007975348921515302
2022-09-16,10900,11210,10724,10724,38270,-0.020281381326511916
2022-09-19,10766,10855,10235,10547,92058,-0.016505035434539406
2022-09-20,10412,10945,10412,10680,36022,0.01261022091590025
2022-09-21,10723,10723,10457,10680,20242,0.0
2022-09-22,10545,10723,10013,10635,56998,-0.004213483146067398
2022-09-23,10456,11476,10147,10148,199623,-0.04579219558062997
2022-09-26,9925,9970,9482,9882,126276,-0.026212061489948812
2022-09-27,9571,9925,9304,9794,62106,-0.00890507994333134
2022-09-28,9835,10057,8860,9128,180713,-0.06800081682662851
2022-09-29,9260,9438,8861,9173,54125,0.004929886064855449
2022-09-30,8905,11165,8905,10148,568170,0.10629019949852836
2022-10-04,10013,10235,9658,9837,102784,-0.0306464327946393
2022-10-05,9925,9925,9393,9527,50976,-0.0315136728677442
2022-10-06,9482,9926,9438,9661,45947,0.01406528812847685
2022-10-07,9659,10013,9659,9794,26888,0.013766690818755922
2022-10-11,9570,9614,9217,9217,20891,-0.058913620584031046
2022-10-12,9083,9615,9039,9262,18347,0.0048822827384180645
2022-10-13,9259,9348,9083,9217,27142,-0.004858561865687783
2022-10-14,9304,9571,9304,9395,10623,0.019312140609742956
2022-10-17,9304,9570,9127,9527,9499,0.014050026609898847
2022-10-18,9747,9970,9482,9705,19653,0.018683740946782823
2022-10-19,9792,9881,9483,9483,12862,-0.022874806800618264
2022-10-20,9571,9571,9260,9395,11586,-0.009279763787830908
2022-10-21,9259,9570,9259,9527,14093,0.014050026609898847
2022-10-24,9571,9703,9304,9483,23468,-0.004618452818305863
2022-10-25,9570,9747,9393,9527,14642,0.0046398818939155095
2022-10-26,9571,9747,9393,9705,13699,0.018683740946782823
2022-10-27,9614,9970,9571,9794,25025,0.009170530654301956
2022-10-28,9792,9925,9571,9705,14184,-0.009087196242597462
2022-10-31,9792,10545,9615,9616,66449,-0.009170530654301956
2022-11-01,9614,9880,9526,9749,24599,0.01383111480865229
2022-11-02,9703,10013,9703,9882,11667,0.013642424864088731
2022-11-03,9703,10057,9570,9837,5260,-0.004553734061930825
2022-11-04,9836,9969,9703,9926,6558,0.009047473823320162
2022-11-07,9926,10013,9837,9971,13546,0.004533548257102504
2022-11-08,9971,10102,9926,9971,8790,0.0
2022-11-09,9969,10101,9925,10059,10268,0.008825594223247357
2022-11-10,9969,10190,9925,10059,6146,0.0
2022-11-11,10279,10279,10057,10236,9934,0.01759618252311368
2022-11-14,10235,10502,9970,10503,17263,0.026084407971864065
2022-11-15,10723,10810,10324,10458,47178,-0.00428449014567267
2022-11-16,10412,10412,10280,10370,15230,-0.008414610824249324
2022-11-17,10369,10811,10191,10724,32789,0.03413693346190927
2022-11-18,10679,10856,10325,10370,51601,-0.0330100708690787
2022-11-21,10369,10369,9881,9971,16198,-0.03847637415621985
2022-11-22,9881,9971,9792,9971,8376,0.0
2022-11-23,9925,10413,9881,10414,33744,0.04442884364657518
2022-11-24,10723,10723,10370,10370,73830,-0.004225081620894966
2022-11-25,10368,10457,10190,10458,18714,0.008486017357762776
2022-11-28,10457,10457,10102,10281,20556,-0.016924842226047065
2022-11-29,10280,10989,10192,10902,143098,0.06040268456375841
2022-11-30,10945,11166,10723,10990,42389,0.008071913410383491
2022-12-01,11033,11033,10679,10990,34733,0.0
2022-12-02,10988,11121,10723,10768,21565,-0.0202001819836215
2022-12-05,10855,11166,10723,11167,12405,0.037054234769688055
2022-12-06,11033,11609,10989,11344,27116,0.015850273126175374
2022-12-07,11078,11343,10990,10990,15365,-0.031205923836389315
2022-12-08,10900,10900,10546,10680,17963,-0.0282074613284804
2022-12-09,10678,10945,10634,10946,12652,0.02490636704119842
2022-12-12,10945,11210,10811,10946,11330,0.0
2022-12-13,10856,11210,10856,10990,14266,0.004019733235885337
2022-12-14,11033,11298,10944,11256,19300,0.02420382165605095
2022-12-15,11254,11254,11122,11167,10963,-0.007906894100923934
2022-12-16,10988,11165,10988,11078,5494,-0.007969911345929948
2022-12-19,10988,11519,10944,11078,9463,0.0
2022-12-20,11166,11166,10990,10990,7998,-0.00794367214298608
2022-12-21,10855,11519,10855,11078,14014,0.008007279344858897
2022-12-22,11521,11697,11254,11344,35427,0.024011554432207927
2022-12-23,11343,11831,11299,11655,41827,0.027415373765867335
2022-12-26,11653,11653,11388,11522,30531,-0.011411411411411443
2022-12-27,11875,11875,11299,11522,62042,0.0
2022-12-28,11614,12215,11614,11892,21767,0.032112480472140215
2022-12-29,11892,12077,11799,11985,30210,0.00782038345105951
2023-01-02,11983,12308,11660,12308,28427,0.026950354609929006
2023-01-03,12216,12401,11892,12078,12907,-0.018687032824179384
2023-01-04,12030,12077,11799,11800,12725,-0.02301705580394109
2023-01-05,11799,11845,11567,11707,11005,-0.007881355932203404
2023-01-06,11707,12263,11707,12263,12908,0.04749295293414191
2023-01-09,12261,12400,11938,12031,25824,-0.018918698524015287
2023-01-10,12123,12724,11984,12401,38598,0.03075388579502958
2023-01-11,12400,12678,12354,12540,12560,0.011208773486009127
2023-01-12,12540,13049,12540,12911,39216,0.029585326953748048
2023-01-13,12816,13325,12122,13141,54039,0.0178142669041903
2023-01-16,13141,13279,13001,13141,23054,0.0
2023-01-17,13141,13327,12679,12911,21165,-0.01750247317555742
2023-01-18,12863,13095,12771,12818,15154,-0.0072031600960421605
2023-01-19,12864,13049,12771,12911,9260,0.007255422062724337
2023-01-20,12863,12909,12400,12540,22430,-0.02873518704980249
2023-01-25,12539,12668,11799,12355,30041,-0.014752791068580517
2023-01-26,12474,12678,11567,12373,35590,0.0014569000404693888
2023-01-27,12492,12844,12372,12799,21249,0.03442980683746866
2023-01-30,12751,13353,12668,12956,32643,0.012266583326822511
2023-01-31,12956,13465,12956,13327,50620,0.02863538129052179
2023-02-01,13325,13862,13325,13752,61889,0.03189014782021471
2023-02-02,13752,15121,13752,14928,117175,0.08551483420593375
2023-02-03,14852,14954,13612,13724,126404,-0.08065380493033225
2023-02-06,13724,15094,13224,14910,94870,0.08641795394928597
2023-02-07,14890,15075,14547,14983,39033,0.004896042924211974
2023-02-08,14991,15269,14714,15196,29352,0.014216111593138958
2023-02-09,15241,16555,15195,16473,97391,0.08403527244011588
2023-02-10,16473,17583,15935,17223,88383,0.04552904753232556
2023-02-13,17232,17860,16944,17232,34130,0.0005225570458109452
2023-02-14,17342,17445,16241,17445,62327,0.012360724233983378
2023-02-15,17306,18315,16797,18112,66726,0.03823445113212953
2023-02-16,18102,18481,17120,17797,93123,-0.017391784452296832
2023-02-17,17676,17889,17176,17399,44349,-0.022363319660616998
2023-02-20,17398,18463,17028,18260,88944,0.04948560262084034
2023-02-21,17982,18167,15178,15928,103706,-0.12771084337349392
2023-02-22,15603,17129,15454,16714,43779,0.04934706177800097
2023-02-23,16714,17675,16714,17177,42317,0.02770132822783289
2023-02-24,17342,17342,16629,16704,24184,-0.027536822495197066
2023-02-27,16704,16704,15963,16186,17105,-0.031010536398467403
2023-02-28,16287,16380,14816,15224,74252,-0.05943407883355989
2023-03-02,15232,15806,14946,15076,27103,-0.009721492380451946
2023-03-03,15074,15381,14436,15381,60682,0.020230830459007754
2023-03-06,15546,15629,14390,14705,111454,-0.04395032832715684
2023-03-07,14705,14946,13734,13929,252221,-0.052771166269976244
2023-03-08,13789,13955,13410,13577,80714,-0.02527101730203174
2023-03-09,13576,13686,13233,13410,57187,-0.012300213596523557
2023-03-10,13197,13465,13021,13179,55187,-0.017225950782997712
2023-03-13,13038,13787,12548,13724,60435,0.0413536687153806
2023-03-14,13742,13908,12567,12614,48299,-0.08088020985135524
2023-03-15,12770,12945,12669,12669,17972,0.004360234659901652
2023-03-16,12539,12724,12270,12577,14888,-0.0072618201910173985
2023-03-17,12679,13493,12419,13494,40175,0.07291086904667243
2023-03-20,13233,13492,13030,13197,67507,-0.022009782125389066
2023-03-21,13280,13576,12928,13003,60817,-0.014700310676668993
2023-03-22,12964,12964,12529,12586,21269,-0.03206952241790351
2023-03-23,12696,12881,12419,12651,42820,0.005164468457015792
2023-03-24,12539,12872,12447,12744,40364,0.007351197533791876
2023-03-27,12742,12807,12307,12456,12197,-0.02259887005649719
2023-03-28,12456,12724,12391,12706,9962,0.0200706486833655
2023-03-29,12696,13159,12511,13132,45051,0.03352746733826528
2023-03-30,13131,13168,12363,12540,104589,-0.0450807188547061
2023-03-31,12584,12844,12353,12789,171377,0.019856459330143572
2023-04-03,12844,13049,12558,12781,55654,-0.0006255375713504208
2023-04-04,12706,12891,12539,12771,33438,-0.0007824113919098208
2023-04-05,12798,13086,12641,13086,67885,0.02466525722339674
2023-04-06,13075,13075,12603,12706,89432,-0.02903866727800708
2023-04-07,12716,13095,12614,13096,101761,0.030694160239256973
2023-04-10,13049,13094,12659,12929,71249,-0.012751985339034766
2023-04-11,12816,12992,12677,12919,80366,-0.0007734550235903859
2023-04-12,13094,13094,12437,12466,119016,-0.03506463348556388
2023-04-13,12456,12484,12114,12411,60776,-0.004412000641745517
2023-04-14,12447,12678,12317,12355,39713,-0.004512126339537459
2023-04-17,12586,12586,12373,12383,42660,0.002266288951841444
2023-04-18,12455,12455,12002,12114,42900,-0.021723330372284577
2023-04-19,12113,12391,11937,12336,74284,0.018325903912828068
2023-04-20,12169,12335,11882,11966,38142,-0.02999351491569391
2023-04-21,11891,12068,11706,11948,75782,-0.0015042620758816128
2023-04-24,11946,12113,11521,11781,59450,-0.013977234683629103
2023-04-25,11678,11901,11429,11800,71932,0.0016127663186487062
2023-04-26,11633,11790,11327,11763,27080,-0.0031355932203389614
2023-04-27,11659,11844,11493,11688,71740,-0.006375924509053776
2023-04-28,11660,11660,11095,11142,53514,-0.04671457905544152
2023-05-02,11086,11502,10938,11346,57143,0.01830910070005376
2023-05-03,11456,14483,11345,13549,1094527,0.19416534461484214
2023-05-04,13603,13621,12252,12290,227844,-0.09292198686249908
2023-05-08,12373,12724,11780,11800,114735,-0.03986981285598046
2023-05-09,11835,12686,11622,12391,147498,0.050084745762711824
2023-05-10,12289,16101,12168,13937,3025987,0.12476797675732376
2023-05-11,13936,14195,13038,13067,303505,-0.06242376408122263
2023-05-12,12965,13918,12679,13512,311252,0.034055253692507836
2023-05-15,13399,13788,12566,12604,140148,-0.06719952634695081
2023-05-16,12817,12835,12484,12762,60205,0.012535702951443906
2023-05-17,12640,12899,12603,12789,50779,0.0021156558533146352
2023-05-18,12853,15149,12761,13558,865150,0.0601297990460552
2023-05-19,13632,14325,13372,13429,252913,-0.009514677681073946
2023-05-22,13612,13806,13418,13530,83854,0.007521036562662786
2023-05-23,13558,13723,13372,13558,47257,0.0020694752402068417
2023-05-24,13427,13474,13104,13169,40997,-0.028691547425873987
2023-05-25,13168,13270,12817,13012,34685,-0.011921937884425526
2023-05-26,13011,14297,12881,13308,189401,0.02274823240086077
2023-05-30,13557,13604,13224,13327,35427,0.0014277126540427343
2023-05-31,13335,13391,13011,13188,36363,-0.010429954228258431
2023-06-01,13159,13187,12864,12864,29983,-0.024567788898999132
2023-06-02,12862,12964,12770,12799,32376,-0.005052860696517447
2023-06-05,12835,12844,12576,12679,22359,-0.009375732479099952
2023-06-07,12678,12873,12520,12873,16337,0.015300891237479242
2023-06-08,13177,13177,12483,12484,28726,-0.03021828633574153
2023-06-09,12484,12919,12456,12799,130832,0.025232297340596066
2023-06-12,12724,12919,12669,12864,19927,0.0050785217595124
2023-06-13,12817,13094,12622,12864,60490,0.0
2023-06-14,12808,12956,12688,12818,48682,-0.0035758706467661217
2023-06-15,12733,12983,12640,12882,49440,0.004992978623810318
2023-06-16,12881,13094,12659,13067,82263,0.014361124049060647
2023-06-19,13066,13112,12789,13039,43144,-0.0021428024795285827
2023-06-20,12974,13131,12807,13049,39648,0.0007669299792929518
2023-06-21,12984,12984,12484,12781,56968,-0.020537972258410586
2023-06-22,12780,12937,12586,12864,87308,0.006494014552851812
2023-06-23,12899,12937,12336,12336,54240,-0.04104477611940294
2023-06-26,12225,12661,12161,12661,37222,0.026345654993514822
2023-06-27,12659,12826,12354,12799,32628,0.01089961298475628
2023-06-28,12743,13076,12688,12938,114192,0.010860223454957518
2023-06-29,12956,13094,12826,12938,110188,0.0
2023-06-30,12881,12890,12474,12854,69357,-0.006492502705209513
2023-07-03,12937,13057,12863,13012,94082,0.012291893573984858
2023-07-04,13094,13177,12558,12651,63562,-0.02774362127267138
2023-07-05,12752,12909,12604,12864,57578,0.016836613706426418
2023-07-06,12863,12918,12446,12623,81704,-0.018734452736318463
2023-07-07,12548,12788,12428,12623,108713,0.0
2023-07-10,12622,12733,12594,12623,60869,0.0
2023-07-11,12604,12946,12604,12938,70563,0.024954448229422388
2023-07-12,13030,13030,12438,12633,68589,-0.023573968155820024
2023-07-13,12668,12770,12594,12697,52375,0.005066096730784508
2023-07-14,12770,12770,12502,12512,35461,-0.014570370953768563
2023-07-17,12576,12641,12270,12623,51348,0.00887148337595911
2023-07-18,12668,12845,12539,12725,123167,0.008080487998098684
2023-07-19,12724,12798,12492,12762,67748,0.002907662082514806
2023-07-20,12835,12891,12381,12503,84111,-0.020294624666980066
2023-07-21,12492,12631,12399,12604,73292,0.008078061265296421
2023-07-24,12447,12586,11901,12494,92247,-0.008727388130752134
2023-07-25,12290,12346,11753,11828,59104,-0.05330558668160712
2023-07-26,11826,11918,10762,11272,103963,-0.04700710179235712
2023-07-27,11270,11363,11030,11225,40644,-0.0041696238466998325
2023-07-28,11104,11688,11104,11688,38351,0.04124721603563475
2023-07-31,11761,11844,11521,11568,28820,-0.010266940451745366
2023-08-01,11567,11641,11225,11272,22168,-0.025587828492392828
2023-08-02,11113,11326,11067,11142,29535,-0.011533002129169634
2023-08-03,11040,11522,10967,11430,75003,0.025848142164781818
2023-08-04,11419,11520,10993,11392,39640,-0.0033245844269466085
2023-08-07,11382,11715,11123,11605,37888,0.018697331460674205
2023-08-08,11438,11577,11197,11402,32096,-0.01749246014648853
2023-08-09,11253,11828,11253,11828,55530,0.03736186633923877
2023-08-10,11892,11993,11253,11402,37264,-0.03601623266824483
2023-08-11,11448,11651,11308,11615,26176,0.018680933169619385
2023-08-14,11465,11723,11270,11558,54309,-0.004907447266465748
2023-08-16,11474,11734,11151,11309,47301,-0.02154351964007617
2023-08-17,11197,11475,10975,11475,98576,0.01467857458661248
2023-08-18,11475,13326,11262,12318,544075,0.0734640522875818
2023-08-21,12196,12567,11724,12216,142440,-0.008280565026790088
2023-08-22,12122,12122,11447,11531,87609,-0.056074001309757704
2023-08-23,11614,11771,11420,11430,37634,-0.008758997485040276
2023-08-24,11438,11605,11244,11587,40930,0.01373578302712164
2023-08-25,11475,11632,11262,11550,24615,-0.0031932337964960533
2023-08-28,11548,11798,11511,11558,28338,0.0006926406926406337
2023-08-29,11446,11696,11381,11558,20891,0.0
2023-08-30,11585,11798,11428,11605,41975,0.004066447482263369
2023-08-31,11613,11641,11428,11448,12382,-0.013528651443343365
2023-09-01,11401,11725,11391,11698,37550,0.021837875611460555
2023-09-04,11585,11585,11298,11475,32090,-0.019063087707300364
2023-09-05,11475,11845,11475,11615,28323,0.012200435729847525
2023-09-06,11465,11567,11299,11383,23866,-0.019974171330176538
2023-09-07,11353,11576,11215,11558,44585,0.015373803039620437
2023-09-08,11448,11651,11290,11430,52136,-0.01107458037722786
2023-09-11,11354,11354,11196,11253,21383,-0.015485564304461907
2023-09-12,11252,11410,11124,11124,23822,-0.011463609704078892
2023-09-13,11105,11243,10910,10930,23030,-0.01743976986695428
2023-09-14,10873,11105,10873,11013,17751,0.0075937785910338285
2023-09-15,11058,11105,10975,11105,9643,0.00835376373376917
2023-09-18,11105,11216,10938,11198,30460,0.0083746060333183
2023-09-19,11206,11465,11058,11253,31164,0.004911591355599265
2023-09-20,11299,11429,11022,11152,33314,-0.008975384341953219
2023-09-21,10983,11058,10900,10920,28661,-0.020803443328550886
2023-09-22,10697,11002,10669,10874,7511,-0.0042124542124541975
2023-09-25,10966,10994,10669,10874,11919,0.0
2023-09-26,10872,10910,10697,10809,19178,-0.005977561155048772
2023-09-27,10772,10874,10707,10847,10172,0.0035155888611342334
2023-10-04,10780,10845,10494,10559,10329,-0.0265511201253803
2023-10-05,10494,10633,10374,10532,12874,-0.0025570603276825477
2023-10-06,10346,10800,10346,10745,6725,0.020224078997341355
2023-10-10,10817,10817,10567,10624,7722,-0.011261051651931142
2023-10-11,10549,10901,10549,10763,6881,0.013083584337349352
2023-10-12,10770,11030,10770,10975,4753,0.019697110471058155
2023-10-13,10920,11243,10780,11235,18926,0.02369020501138963
2023-10-16,11235,11382,10928,11235,12983,0.0
2023-10-17,11124,11235,10994,11217,10366,-0.0016021361815754531
2023-10-18,11207,11290,10967,11245,19063,0.0024962111081394678
2023-10-19,11085,11243,11021,11207,20950,-0.0033792796798577385
2023-10-20,11021,11216,10762,11096,21641,-0.009904523958240374
2023-10-23,11095,11095,10753,11096,17944,0.0
2023-10-24,11012,11975,10883,11300,33832,0.018385003604902694
2023-10-25,11651,11659,11003,11383,52214,0.007345132743362903
2023-10-26,11216,11272,10975,11245,27211,-0.012123341825529321
2023-10-27,11198,11355,11031,11328,20900,0.007381058248110195
2023-10-30,11326,11456,11058,11383,13655,0.004855225988700473
2023-10-31,11438,11456,11261,11383,11323,0.0
2023-11-01,11373,11520,11252,11438,18437,0.00483176666959495
2023-11-02,11613,11613,11355,11485,28088,0.004109109984262949
2023-11-03,11493,11798,11363,11790,22566,0.026556377884196847
2023-11-06,11779,11937,11613,11901,58769,0.009414758269720158
2023-11-07,11753,11845,11613,11818,27952,-0.006974203848416072
2023-11-08,11808,11900,11743,11818,40307,0.0
2023-11-09,11752,11891,11669,11855,23967,0.003130817397190677
2023-11-10,11835,11835,11641,11808,16716,-0.003964571910586301
2023-11-13,11771,11984,11419,11531,30581,-0.023458672086720922
2023-11-14,11475,11799,11475,11800,48665,0.023328419044315263
2023-11-15,11891,11891,11631,11836,46727,0.0030508474576271816
2023-11-16,11891,11901,11586,11828,25724,-0.0006759040216289813
2023-11-17,11752,11817,11641,11790,14026,-0.003212715590125148
2023-11-20,11752,11827,11679,11772,45260,-0.0015267175572518665
2023-11-21,12131,12224,11548,11651,234917,-0.010278627251104289
2023-11-22,11568,11715,11428,11568,49995,-0.007123852029868649
2023-11-23,11641,12012,11512,11661,85306,0.008039419087136901
2023-11-24,11614,11734,11558,11698,32623,0.0031729697281537295
2023-11-27,11669,11845,11540,11698,28583,0.0
2023-11-28,11678,11771,11586,11670,24152,-0.0023935715506924193
2023-11-29,11669,11743,11502,11716,32844,0.003941730934018839
2023-11-30,11743,11753,11595,11698,12736,-0.0015363605326049745
2023-12-01,11696,11761,11483,11623,26362,-0.006411352367926115
2023-12-04,11585,11668,11566,11623,28239,0.0
2023-12-05,11659,11751,11410,11475,33066,-0.012733373483610033
2023-12-06,11501,11631,11400,11623,19799,0.012897603485838793
2023-12-07,11623,11753,11503,11735,9217,0.009636066420029232
2023-12-08,11734,11734,11568,11698,46578,-0.0031529612270984053
2023-12-11,11698,11845,11633,11698,43837,0.0
2023-12-12,11696,11743,11622,11725,35524,0.002308086852453428
2023-12-13,11706,11706,11373,11513,21830,-0.01808102345415774
2023-12-14,11511,11651,11438,11633,16817,0.01042300008685837
2023-12-15,11659,11743,11596,11596,38828,-0.0031806068941803156
2023-12-18,11587,11642,11410,11587,16494,-0.0007761296998964884
2023-12-19,11642,11642,11420,11430,4676,-0.013549667731077908
2023-12-20,11457,11614,11429,11587,18314,0.01373578302712164
2023-12-21,11558,11650,11317,11355,12375,-0.020022438940191623
2023-12-22,11355,11540,11141,11448,13010,0.008190224570673754
2023-12-26,11466,11724,11429,11661,21693,0.018605870020964366
2023-12-27,11622,12116,11622,11816,4666,0.013292170482805954
2023-12-28,12096,12096,11786,11845,2983,0.0024542992552472054
2024-01-02,11641,12000,11641,12000,12929,0.013085690164626351
2024-01-03,12009,12057,11834,12019,9008,0.00158333333333327
2024-01-04,11864,12010,11777,12010,6853,-0.0007488143772360623
2024-01-05,12048,12213,11864,12097,10662,0.007243963363863459
2024-01-08,12097,12193,11913,11913,21585,-0.015210382739522244
2024-01-09,12058,12106,11884,12010,21136,0.008142365483085667
2024-01-10,12010,12107,11777,12107,19383,0.008076602830974222
2024-01-11,11990,12126,11952,12107,20384,0.0
2024-01-12,12028,12193,11922,12087,48397,-0.0016519368960106195
2024-01-15,12097,12184,11825,12068,59407,-0.0015719367915942861
2024-01-16,12106,12135,11709,11874,26554,-0.016075571760026497
2024-01-17,11835,12009,11689,11777,15396,-0.00816910897759815
2024-01-18,11776,11990,11670,11961,31352,0.015623673261441873
2024-01-19,11835,12058,11826,12049,34071,0.007357244377560468
2024-01-22,12077,12290,11980,12213,66883,0.013611088057100096
2024-01-23,12348,12348,12057,12271,37845,0.004749037910423359
2024-01-24,12387,12494,12048,12378,78257,0.008719745741993412
2024-01-25,12271,12271,11932,12068,45420,-0.025044433672644972
2024-01-26,12067,12242,11970,12213,41255,0.012015246934040436
2024-01-29,12213,12262,11874,12049,30224,-0.013428314091541771
2024-01-30,12048,12193,12009,12097,32908,0.003983733089882868
2024-01-31,12097,12155,11400,11400,45071,-0.057617591138298785
2024-02-01,11399,11671,11128,11642,38254,0.021228070175438596
2024-02-02,11535,11680,11351,11642,20516,0.0
2024-02-05,11709,11864,11312,11739,37645,0.008331901735097125
2024-02-06,11622,11777,11390,11613,36315,-0.01073345259391767
2024-02-07,11612,11719,11351,11574,45264,-0.0033583053474554037
2024-02-08,11632,11700,11486,11700,15012,0.010886469673405896
2024-02-13,11622,11816,11535,11700,17460,0.0
2024-02-14,11622,11835,11448,11448,36047,-0.021538461538461506
2024-02-15,11573,11593,11370,11448,34846,0.0
2024-02-16,11428,11505,11263,11467,24900,0.0016596785464710884
2024-02-19,11496,11719,11389,11632,32442,0.014389116595447726
2024-02-20,11632,11632,11380,11516,17223,-0.009972489683631403
2024-02-21,11428,11603,11399,11603,18716,0.007554706495310981
2024-02-22,11603,11603,11390,11545,11555,-0.004998707230888577
2024-02-23,11593,11593,11380,11516,17302,-0.0025119099177133286
2024-02-26,11380,11506,11322,11419,8820,-0.008423063563737454
2024-02-27,11341,11564,11225,11429,17657,0.0008757334267448513
2024-02-28,11767,11874,11341,11487,53065,0.005074809694636473
2024-02-29,11622,11622,11399,11506,34792,0.0016540437015757359
2024-03-04,11574,11758,11487,11613,43791,0.00929949591517465
2024-03-05,11622,11670,11360,11506,17512,-0.009213812107121355
2024-03-06,11477,11545,11322,11361,28622,-0.012602120632713376
2024-03-07,11390,11390,11196,11303,23995,-0.005105184402781404
2024-03-08,11215,11273,11099,11138,10284,-0.014597894364328012
2024-03-11,11147,11225,11041,11041,8084,-0.008708924402944906
2024-03-12,11041,11341,10934,11322,16057,0.025450593243365738
2024-03-13,11322,11351,11205,11293,9042,-0.0025613849143261147
2024-03-14,11293,11515,11138,11390,18045,0.00858939165854955
2024-03-15,11390,11409,11099,11177,17699,-0.018700614574187924
2024-03-18,11176,11196,11041,11080,9256,-0.008678536279860483
2024-03-19,11089,11089,10895,11002,5769,-0.007039711191335729
2024-03-20,10992,10992,10799,10954,19458,-0.004362843119432802
2024-03-21,11011,11011,10750,10886,17944,-0.006207777980646312
2024-03-22,10847,10992,10759,10973,6382,0.00799191622267137
2024-03-25,11021,11331,10857,11293,24322,0.029162489747562192
2024-03-26,11176,11379,11089,11283,32468,-0.0008855042946958047
2024-03-27,11283,11477,10983,10993,40482,-0.025702384117699206
2024-03-28,11012,11012,10847,10964,9296,-0.002638042390612161
2024-03-29,11041,11128,10847,11032,23321,0.0062021160160525834
2024-04-01,10925,11041,10896,11032,7016,0.0
2024-04-02,11021,11108,10905,10944,17147,-0.00797679477882518
2024-04-03,10895,11050,10750,11041,23413,0.008863304093567281
2024-04-04,11109,11245,10964,11216,32386,0.01585001358572602
2024-04-05,11283,11283,10867,11216,24016,0.0
2024-04-08,11205,11283,11070,11196,42051,-0.001783166904422262
2024-04-09,11196,11767,11060,11332,66824,0.012147195426938096
2024-04-11,11215,11476,11108,11467,8858,0.011913166254853502
2024-04-12,11574,11603,11138,11303,36509,-0.014301909828202675
2024-04-15,11215,11302,11050,11157,25181,-0.012916924710253963
2024-04-16,11002,11128,10896,11032,28600,-0.011203728600878371
2024-04-17,11089,11263,10992,11128,25536,0.00870195794053652
2024-04-18,11137,11321,11108,11283,9143,0.013928828181164699
2024-04-19,11331,11496,10866,11070,35061,-0.018877957989896332
2024-04-22,11060,11147,10953,11041,13513,-0.002619692863595313
2024-04-23,10973,11302,10953,11254,18108,0.0192917308214835
2024-04-24,11332,11380,11186,11216,16166,-0.0033765772169894737
2024-04-25,11283,11283,11031,11206,7785,-0.0008915834522110755
2024-04-26,11234,11331,11040,11283,15920,0.006871318936284121
2024-04-29,11234,11321,11098,11283,12640,0.0
2024-04-30,11332,11438,11186,11332,17163,0.004342816626783597
2024-05-02,11341,11341,11166,11254,7981,-0.006883162725026426
2024-05-03,11321,11409,11137,11225,23935,-0.0025768615603340983
2024-05-07,11225,13917,11205,12494,2582965,0.11305122494432074
2024-05-08,12503,12668,11990,12310,208806,-0.01472706899311671
2024-05-09,12203,12532,11961,12436,148564,0.010235580828594548
2024-05-10,12281,12281,11932,12039,82627,-0.031923448054036685
2024-05-13,12010,12165,11864,11981,40647,-0.004817675886701567
2024-05-14,11980,12164,11912,12019,53267,0.0031716885068024947
2024-05-16,12048,12155,11990,12078,51401,0.004908894250769569
2024-05-17,12135,12145,11748,11845,44081,-0.0192912733896341
2024-05-20,11990,12058,11768,11923,45557,0.006585056986070148
2024-05-21,11932,12087,11922,11981,32085,0.00486454751320986
2024-05-22,11980,12096,11777,12058,37257,0.006426842500625973
2024-05-23,12048,12184,11903,12165,38455,0.008873776745728978
2024-05-24,12106,12183,11922,12174,27945,0.0007398273736127781
2024-05-27,12203,12251,11893,11932,29332,-0.01987842943978968
2024-05-28,12009,12009,11873,11903,16835,-0.0024304391552129045
2024-05-29,11913,12174,11874,12107,40975,0.01713853650340247
2024-05-30,12203,12213,11506,11506,51746,-0.04964070372511775
2024-05-31,11496,11777,11447,11748,27335,0.021032504780114758
2024-06-03,11748,11806,11612,11661,11517,-0.007405515832482168
2024-06-04,11660,11748,11525,11661,14462,0.0
2024-06-05,11699,11728,11535,11574,15401,-0.007460766658091034
2024-06-07,11583,11583,11351,11458,27780,-0.010022464143770504
2024-06-10,11428,11690,11370,11690,12479,0.020247861755978258
2024-06-11,11719,11719,11525,11642,11108,-0.004106073567151425
2024-06-12,11622,11680,11476,11564,13926,-0.00669987974574815
2024-06-13,11671,11719,11400,11400,22385,-0.014181943964026278
2024-06-14,11622,11961,11419,11429,78295,0.002543859649122737
2024-06-17,11428,11545,11119,11119,42612,-0.027123982850643102
2024-06-18,11147,11302,11011,11099,32574,-0.0017987229067362165
2024-06-19,11157,11312,11050,11283,21739,0.016578070096405106
2024-06-20,11234,11331,11099,11254,21748,-0.002570238411769954
2024-06-21,11254,11293,11031,11051,21984,-0.018038030922338688
2024-06-24,11002,11138,10895,10925,17711,-0.011401683105601301
2024-06-25,10992,11137,10924,11012,28388,0.007963386727688704
2024-06-26,10993,11157,10934,11148,11325,0.012350163458045849
2024-06-27,11235,11322,11002,11032,19364,-0.010405453893075012
2024-06-28,11157,11447,10982,11128,24498,0.00870195794053652
2024-07-01,11021,11273,10973,11264,40987,0.012221423436376666
2024-07-02,11264,11264,10886,11206,28793,-0.005149147727272707
2024-07-03,11196,11225,10944,10954,18032,-0.022487952882384477
2024-07-04,10963,11079,10914,11002,17883,0.004381960927515083
2024-07-05,11002,11089,10905,11022,17052,0.0018178512997637508
2024-07-08,11011,11196,10905,11196,26007,0.015786608600979912
2024-07-09,11235,11264,11051,11119,12530,-0.006877456234369417
2024-07-10,11118,11234,11050,11225,33954,0.009533231405701947
2024-07-11,11263,11263,11050,11128,14364,-0.008641425389754986
2024-07-12,11186,11225,11060,11090,18334,-0.003414809489575843
2024-07-15,11002,11089,10973,11080,5884,-0.0009017132551848439
2024-07-16,11079,11108,10963,11002,9664,-0.007039711191335729
2024-07-17,11021,11186,10973,11012,3758,0.0009089256498817644
2024-07-18,11012,11176,10895,10925,8066,-0.007900472212132192
2024-07-19,10944,11012,10857,10906,6636,-0.0017391304347825765
2024-07-22,10905,10944,10750,10896,15787,-0.0009169264624977469
2024-07-23,10799,10934,10799,10896,9097,0.0
2024-07-24,10798,11011,10798,10944,8072,0.004405286343612369
2024-07-25,10944,11012,10828,10896,8079,-0.004385964912280715
2024-07-26,10885,11079,10827,11070,14030,0.0159691629955947
2024-07-29,10982,11157,10982,11128,11950,0.005239385727190626
2024-07-30,11148,11148,11031,11119,2132,-0.0008087706685837581
2024-07-31,11099,11108,10973,11041,4232,-0.007015019336271244
2024-08-01,11089,11186,11021,11138,13553,0.008785436101802269
2024-08-02,11137,11137,10847,10857,17019,-0.025228945950799053
2024-08-05,10760,10760,10169,10334,37954,-0.04817168646955883
2024-08-06,10218,10741,10218,10712,13469,0.036578285271917865
2024-08-07,10605,10867,10605,10848,7120,0.012696041822255477
2024-08-08,10827,10827,10604,10818,2565,-0.0027654867256636795
2024-08-09,10828,11109,10770,11109,10846,0.026899611758180786
2024-08-12,11186,11186,10983,11119,15339,0.0009001710324960666
2024-08-13,11119,11119,10954,11032,4557,-0.007824444644302542
2024-08-14,11128,11166,10895,11128,5693,0.00870195794053652
2024-08-16,11244,11244,11060,11128,12593,0.0
2024-08-19,11128,11215,11069,11099,15407,-0.002606038820992085
2024-08-20,11098,11166,10943,11157,2586,0.005225696008649416
2024-08-21,11099,11186,11021,11138,6990,-0.0017029667473335008
2024-08-22,11109,11118,10992,11022,2412,-0.010414796193212394
2024-08-23,11128,11128,10993,10993,9760,-0.002631101433496652
2024-08-26,10954,10993,10944,10993,5074,0.0
2024-08-27,10944,11167,10828,11167,11666,0.015828254343673187
2024-08-28,11235,11235,11041,11061,7801,-0.009492253962568253
2024-08-29,11089,11099,10963,11012,4364,-0.004429979206220014
2024-08-30,10992,11186,10953,11167,4242,0.014075553941155006
2024-09-02,11186,11186,11002,11099,19603,-0.006089370466553223
2024-09-03,10963,11080,10963,11022,3536,-0.0069375619425173785
2024-09-04,10867,10876,10750,10780,9617,-0.021956087824351322
2024-09-05,10808,10934,10798,10818,7005,0.003525046382189201
2024-09-06,10760,10847,10702,10770,6684,-0.00443704936217415
2024-09-09,10654,10964,10605,10964,2914,0.018012999071494784
2024-09-10,10954,10954,10857,10877,2141,-0.007935060197008403
2024-09-11,10905,11099,10827,11099,5687,0.02041003953295939
2024-09-12,11070,11138,10983,11138,10231,0.0035138300747814544
2024-09-13,11041,11225,11041,11206,9240,0.006105225354641863
2024-09-19,11205,11205,11012,11080,2540,-0.011243976441192238
2024-09-20,11108,11137,11040,11099,2232,0.0017148014440433457
2024-09-23,11099,11147,11050,11138,1714,0.0035138300747814544
2024-09-24,11108,11215,11108,11167,3094,0.002603699048303154
2024-09-25,11070,11186,11070,11148,2631,-0.0017014417480075705
2024-09-26,11186,11206,11070,11148,5583,0.0
2024-09-27,11147,11205,11041,11041,10233,-0.009598134194474306
2024-09-30,11090,11090,10925,11032,2082,-0.0008151435558373388
2024-10-02,10731,11012,10731,11012,9870,-0.0018129079042784602
2024-10-04,10924,11012,10895,11012,2458,0.0
2024-10-07,11002,11002,10905,10983,2037,-0.0026334907373773975
2024-10-08,10973,11137,10866,11128,5935,0.013202221615223442
2024-10-10,11118,11118,11002,11080,2751,-0.004313443565780006
2024-10-11,11061,11099,10964,11032,3671,-0.0043321299638988675
2024-10-14,11031,11109,10915,10925,6164,-0.009699057287889779
2024-10-15,10925,10925,10828,10838,1542,-0.007963386727688815
2024-10-16,10856,10856,10750,10760,717,-0.0071968997970105475
2024-10-17,10760,10760,10692,10741,3712,-0.0017657992565055514
2024-10-18,10731,10750,10556,10731,7234,-0.0009310120100549657
2024-10-21,10702,10808,10653,10702,1494,-0.0027024508433510785
2024-10-22,10605,10711,10479,10605,2189,-0.009063726406279171
2024-10-23,10595,10702,10586,10586,152,-0.001791607732201772
2024-10-24,10372,10954,10372,10954,4355,0.03476289438881541
2024-10-25,10847,10847,10683,10683,2903,-0.02473982106992878
2024-10-28,10595,10847,10595,10780,2431,0.009079846485069654
2024-10-29,10779,10789,10672,10731,3742,-0.004545454545454519
2024-10-30,10731,10760,10653,10712,1494,-0.0017705712421954845
2024-10-31,10711,10837,10527,10799,6355,0.008121732636295675
2024-11-01,10682,10769,10537,10731,7664,-0.006296879340679684
2024-11-04,10731,10731,10566,10683,5114,-0.004473022085546563
2024-11-05,10702,10770,10615,10693,4946,0.0009360666479454327
2024-11-06,10624,10750,10440,10518,17813,-0.016365846815673768
2024-11-07,10518,10634,10460,10567,1470,0.004658680357482403
2024-11-08,10624,10731,10411,10731,12749,0.015520015141478272
2024-11-11,10663,10663,10488,10547,2675,-0.017146584661261732
2024-11-12,10537,10605,10305,10383,6989,-0.015549445339907098
2024-11-13,10266,10459,10207,10266,3975,-0.011268419531927143
2024-11-14,10430,10547,10208,10276,4921,0.0009740892265730494
2024-11-15,10266,10411,10208,10315,7282,0.00379525107045553
2024-11-18,10315,10402,10179,10354,1931,0.0037809015996121964
2024-11-19,10266,10401,10188,10392,3570,0.003670079196445908
2024-11-20,10489,10489,10305,10305,787,-0.00837182448036955
2024-11-21,10315,10412,10228,10228,6018,-0.007472100921882552
2024-11-22,10257,10344,10082,10228,2299,0.0
2024-11-25,10140,10431,10140,10354,4610,0.012319123973406398
2024-11-26,10256,10324,10169,10179,1966,-0.01690168050994789
2024-11-27,10179,10247,10121,10170,2402,-0.0008841732979664174
2024-11-28,10140,10353,10101,10208,3119,0.003736479842674445
2024-11-29,10189,10198,10092,10189,3341,-0.0018612852664576796
2024-12-02,10179,10188,9985,10092,1898,-0.009520070664442049
2024-12-03,10111,10170,9966,10170,5615,0.007728894173602896
2024-12-04,10266,10266,9985,10034,7281,-0.013372664700098347
2024-12-05,9975,10072,9956,9956,1883,-0.0077735698624675775
2024-12-06,9849,10072,9685,9685,2394,-0.02721976697468864
2024-12-09,9685,9830,9491,9627,9635,-0.005988642230252972
2024-12-10,9501,9879,9501,9734,5034,0.011114573595097044
2024-12-11,9646,9937,9646,9889,1680,0.015923566878981
2024-12-12,9888,9956,9820,9869,2001,-0.0020224491859641702
2024-12-13,9781,10024,9781,10024,2352,0.015705745262944548
2024-12-16,10024,10091,9936,10024,805,0.0
2024-12-17,10053,10286,10053,10286,3445,0.026137270550678382
2024-12-18,10285,10450,10276,10276,3151,-0.0009721952167995873
2024-12-19,10275,10275,10121,10121,839,-0.015083690151809992
2024-12-20,10111,10150,9791,9937,4509,-0.01818002173698252
2024-12-23,9936,10004,9936,9985,1194,0.004830431719834882
2024-12-24,9927,10160,9927,10102,1895,0.011717576364546733
2024-12-26,10102,10266,10102,10170,1257,0.00673134032864775
2024-12-27,10080,10300,10080,10290,4122,0.01179941002949847
2024-12-30,10290,10400,10290,10400,669,0.010689990281826933
2025-01-02,10400,10520,10220,10520,1954,0.011538461538461497
2025-01-03,10420,10570,10420,10530,353,0.000950570342205248
2025-01-06,10430,10500,10400,10480,238,-0.0047483380816714105
2025-01-07,10430,10620,10430,10620,518,0.013358778625954137
2025-01-08,10520,10660,10420,10420,1140,-0.01883239171374762
2025-01-09,10330,10530,10330,10350,432,-0.006717850287907834
2025-01-10,10250,10440,10250,10310,176,-0.0038647342995169476
2025-01-13,10470,10470,10170,10240,465,-0.006789524733268659
2025-01-14,10300,10300,10260,10290,735,0.0048828125
2025-01-15,10400,10400,10250,10280,368,-0.0009718172983479434
2025-01-16,10430,10430,10120,10130,1728,-0.014591439688715901
2025-01-17,10140,10300,10060,10150,743,0.001974333662388972
2025-01-20,10060,10160,10060,10150,391,0.0
2025-01-21,10130,10150,10000,10070,1763,-0.007881773399014746
2025-01-22,10080,10100,10000,10000,1684,-0.006951340615690138
2025-01-23,10030,10050,9940,9970,1135,-0.0030000000000000027
2025-01-24,9960,10180,9940,10050,1602,0.008024072216650024
2025-01-31,9970,10040,9930,10040,1108,-0.0009950248756218638
2025-02-03,9960,10040,9850,9870,1397,-0.016932270916334646
2025-02-04,10000,10000,9840,9870,585,0.0
2025-02-05,9800,9990,9800,9950,635,0.008105369807497542
2025-02-06,9850,10020,9840,10000,787,0.005025125628140614
2025-02-07,9900,10040,9780,10000,2823,0.0
2025-02-10,10000,10050,9800,9990,1567,-0.0010000000000000009
2025-02-11,10010,10090,9860,9990,3010,0.0
2025-02-12,9990,10000,9850,9960,2362,-0.0030030030030030463
2025-02-13,9880,10130,9850,9970,5760,0.0010040160642570406
2025-02-14,9860,10100,9860,10030,6351,0.006018054162487463
2025-02-17,10000,10210,10000,10200,2485,0.016949152542372836
2025-02-18,10200,10360,10050,10350,1937,0.014705882352941124
2025-02-19,10240,10450,10240,10370,2491,0.0019323671497584183
2025-02-20,10260,10370,10260,10310,752,-0.005785920925747368
2025-02-21,10210,10280,10190,10220,3432,-0.008729388942773975
2025-02-24,10220,10300,10170,10180,1282,-0.003913894324853229
2025-02-25,10380,10380,10170,10210,223,0.0029469548133596035
2025-02-26,10180,10300,10180,10180,1264,-0.002938295788442735
2025-02-27,10180,10370,10070,10160,256,-0.0019646365422396617
2025-02-28,10050,10290,10030,10100,2065,-0.0059055118110236116
2025-03-04,10050,10110,9800,10050,560,-0.004950495049504955
2025-03-05,9970,10150,9970,10070,1892,0.0019900497512437276
2025-03-06,10090,10110,9940,10070,1175,0.0
2025-03-07,10070,10150,10050,10050,1921,-0.0019860973187686426
2025-03-10,10050,10190,10000,10100,1353,0.004975124378109541
2025-03-11,10190,10190,10000,10150,1702,0.004950495049504955
2025-03-12,10150,10290,10100,10200,417,0.0049261083743843415
2025-03-13,10220,10330,10200,10290,1412,0.008823529411764675
2025-03-14,10210,10340,10130,10320,199,0.00291545189504383
2025-03-17,10400,10400,10100,10100,2138,-0.02131782945736438
2025-03-18,10060,10330,10060,10190,92,0.008910891089108919
2025-03-19,10110,10350,10100,10330,819,0.013738959764475034
2025-03-20,10320,10320,10250,10320,428,-0.0009680542110358514
2025-03-21,10250,10300,10110,10110,1709,-0.02034883720930236
2025-03-24,10210,10330,10120,10120,2372,0.0009891196834816984
2025-03-25,10150,10270,10000,10000,1609,-0.011857707509881465
2025-03-26,10000,10190,10000,10110,1175,0.010999999999999899
2025-03-27,10000,10230,9850,10100,272,-0.0009891196834816984
2025-03-28,10200,10210,10110,10200,838,0.00990099009900991
2025-03-31,10200,10200,10100,10120,433,-0.007843137254901933
2025-04-01,10150,10400,10140,10170,1915,0.004940711462450675
2025-04-02,10260,10260,10050,10180,1075,0.000983284169124854
2025-04-03,10120,10850,10100,10240,3407,0.005893909626718985
2025-04-04,10150,10350,10150,10350,410,0.0107421875
2025-04-07,10350,10350,9930,10290,636,-0.005797101449275366
2025-04-08,10190,10400,10130,10260,4493,-0.002915451895043719
2025-04-09,9730,10220,9730,10000,1864,-0.025341130604288553
2025-04-10,10100,10510,10100,10510,5055,0.050999999999999934
2025-04-11,10380,10510,10380,10500,2243,-0.0009514747859181716
2025-04-14,10470,10670,10370,10530,5750,0.0028571428571428914
2025-04-15,10530,10670,10500,10670,1158,0.013295346628680038
2025-04-16,10550,10740,10400,10700,1617,0.00281162136832247
2025-04-17,10570,10660,10410,10600,3551,-0.009345794392523366
2025-04-18,10520,10720,10480,10700,3367,0.009433962264151052
2025-04-21,10620,10740,10520,10630,2476,-0.0065420560747663226
2025-04-22,10550,10730,10510,10690,1113,0.005644402634054524
2025-04-23,10770,10820,10570,10790,2970,0.009354536950420878
2025-04-24,10820,10820,10600,10600,7874,-0.017608897126969447
2025-04-25,10750,10790,10440,10440,3906,-0.015094339622641506
2025-04-28,10640,10640,10230,10420,7209,-0.0019157088122605526
2025-04-29,10420,10660,10410,10580,2369,0.015355086372360827
2025-04-30,10320,10600,10320,10530,1444,-0.00472589792060496
2025-05-02,10530,10610,10320,10600,3657,0.006647673314339908
2025-05-07,10690,10690,10500,10560,819,-0.0037735849056603765
2025-05-08,10480,10740,10430,10700,6749,0.01325757575757569
2025-05-09,10820,10820,10350,10610,2951,-0.008411214953271018
2025-05-12,10610,10720,10610,10680,1844,0.006597549481621057
2025-05-13,10680,10800,10650,10750,2456,0.0065543071161049404
2025-05-14,10680,10800,10650,10720,3217,-0.0027906976744186407
2025-05-15,10800,10830,10700,10720,1911,0.0
2025-05-16,10740,10800,10620,10800,1582,0.00746268656716409
2025-05-19,10690,10770,10640,10650,1180,-0.01388888888888884
2025-05-20,10650,10790,10640,10780,1240,0.012206572769952961
2025-05-21,10700,10810,10570,10570,4357,-0.01948051948051943
2025-05-22,10560,10650,10560,10580,58,0.0009460737937558861
2025-05-23,10640,10650,10530,10530,922,-0.00472589792060496
2025-05-26,10510,10660,10350,10570,25743,0.003798670465337217
2025-05-27,10750,10750,10460,10460,2806,-0.01040681173131508
2025-05-28,10460,10660,10420,10650,1097,0.018164435946462776
2025-05-29,10630,10710,10380,10550,4833,-0.009389671361502372
2025-05-30,10540,10700,10540,10690,156,0.013270142180094702
2025-06-02,10590,10730,10590,10650,459,-0.003741814780168329
2025-06-04,10650,10740,10600,10700,2543,0.0046948356807512415
2025-06-05,10620,10740,10570,10740,1345,0.0037383177570093906
2025-06-09,10750,10790,10610,10790,2536,0.004655493482309092
2025-06-10,10730,10770,10610,10650,466,-0.0129749768303985
2025-06-11,10650,10790,10640,10760,2307,0.010328638497652642
2025-06-12,10780,10830,10650,10810,1381,0.004646840148698983
2025-06-13,10700,10770,10670,10730,1436,-0.007400555041628176
2025-06-16,10680,10760,10650,10660,1168,-0.006523765144454852
2025-06-17,10710,10740,10670,10730,2590,0.0065666041275798115
2025-06-18,10620,10800,10620,10750,3018,0.0018639328984155767
2025-06-19,10750,10750,10580,10680,4126,-0.006511627906976791
2025-06-20,10680,10750,10660,10720,1340,0.0037453183520599342
2025-06-23,10700,10720,10610,10720,1785,0.0
2025-06-24,10690,10820,10690,10820,3022,0.009328358208955168
2025-06-25,10760,10850,10690,10780,3086,-0.003696857670979714
2025-06-26,10780,10780,10610,10730,1524,-0.004638218923933235
2025-06-27,10720,10830,10720,10750,678,0.0018639328984155767
2025-06-30,10830,10830,10660,10770,352,0.0018604651162790198
2025-07-01,10800,10850,10740,10850,3247,0.00742804085422466
2025-07-02,10810,10850,10740,10850,796,0.0
2025-07-03,10820,10890,10810,10850,1519,0.0
2025-07-04,10850,10900,10790,10880,375,0.0027649769585254003
2025-07-07,10900,10910,10700,10700,1436,-0.016544117647058876
2025-07-08,10700,10840,10590,10820,615,0.01121495327102795
2025-07-09,10820,10840,10800,10810,1190,-0.0009242144177449285
2025-07-10,10810,10860,10760,10850,285,0.0037002775208141436
2025-07-11,10850,10870,10790,10830,315,-0.0018433179723502668
2025-07-14,10850,10930,10830,10930,1381,0.009233610341643494
2025-07-15,10880,11050,10820,11000,2086,0.006404391582799596
2025-07-16,10950,11150,10910,11100,3155,0.009090909090909038
2025-07-17,11100,11200,10980,11190,1944,0.008108108108108025
2025-07-18,11110,11110,10740,11080,2583,-0.009830205540661274
2025-07-21,10980,11140,10950,11040,792,-0.0036101083032491488
2025-07-22,11010,11170,11000,11150,2827,0.009963768115942129
2025-07-23,11190,11270,11040,11260,2193,0.009865470852017832
2025-07-24,11280,11280,11060,11140,1734,-0.010657193605683846
2025-07-25,11200,11200,11000,11120,3198,-0.0017953321364452268
2025-07-28,11120,11200,11010,11040,403,-0.007194244604316502
2025-07-29,11000,11190,10940,11060,449,0.0018115942028984477
2025-07-30,10960,11190,10910,11010,2645,-0.004520795660036159
2025-07-31,11000,11140,10910,10980,901,-0.0027247956403270157
2025-08-01,11030,11110,10650,10880,13555,-0.00910746812386154
2025-08-04,10880,11100,10660,11050,2496,0.015625
2025-08-05,11110,11250,10890,11230,1370,0.016289592760180938
2025-08-06,11160,11280,11140,11170,4283,-0.005342831700801409
2025-08-07,11200,11290,11110,11250,3160,0.0071620411817368
2025-08-08,11260,11330,11150,11260,7371,0.000888888888888939
2025-08-11,11250,11450,11110,11300,5387,0.003552397868561208
2025-08-12,11230,11410,11100,11230,7650,-0.006194690265486691
2025-08-13,11230,11390,11170,11230,2681,0.0
2025-08-14,11230,11280,11170,11280,1422,0.0044523597506678225
2025-08-18,11330,11380,11290,11340,179,0.005319148936170137
2025-08-19,11290,11340,11210,11290,1210,-0.0044091710758377145
2025-08-20,11150,11270,11010,11010,258,-0.024800708591674048
2025-08-21,10900,11300,10900,11150,3188,0.012715712988192518
2025-08-22,11150,11270,11150,11260,940,0.009865470852017832
2025-08-25,11390,11390,11200,11330,1670,0.006216696269982336
2025-08-26,11380,11380,11330,11370,976,0.003530450132391838
2025-08-27,11390,11390,11310,11340,434,-0.0026385224274406704
2025-08-28,11310,11390,11280,11310,1710,-0.002645502645502673
2025-08-29,11290,11410,11290,11310,170,0.0
2025-09-01,11390,11390,11250,11280,529,-0.0026525198938992522
2025-09-02,11430,11430,11210,11340,3449,0.005319148936170137
2025-09-03,11360,11390,11300,11310,1661,-0.002645502645502673
2025-09-04,11310,11370,11270,11340,1637,0.0026525198938991412
2025-09-05,11390,11390,11360,11380,98,0.003527336860670305
2025-09-08,11430,11820,11250,11710,15508,0.02899824253075578
2025-09-09,11720,11740,11620,11620,17140,-0.0076857386848847575
2025-09-10,11730,11810,11650,11790,12253,0.014629948364888179
2025-09-11,11850,12230,11840,12230,17603,0.037319762510602095
2025-09-12,12230,12350,12120,12270,16422,0.003270645952575535
2025-09-15,12270,12640,12140,12630,16958,0.02933985330073341
2025-09-16,12630,12880,12500,12830,21171,0.015835312747426666
2025-09-17,12830,12910,12720,12830,16561,0.0
2025-09-18,12730,13100,12730,13060,18135,0.017926734216679563
2025-09-19,13250,13250,12960,13150,16995,0.006891271056661541
2025-09-22,13050,13220,13050,13140,17506,-0.0007604562737643095
2025-09-23,13140,13160,13050,13140,16212,0.0
2025-09-24,13060,13140,12930,13090,17752,-0.003805175038051778
2025-09-25,13020,13120,12990,13000,10758,-0.006875477463712754
2025-09-26,12830,13000,12340,12480,15783,-0.040000000000000036
2025-09-29,12380,12480,12300,12380,1437,-0.008012820512820484
2025-09-30,12380,12470,11750,11860,4685,-0.04200323101777059
2025-10-01,11860,11890,11520,11620,5270,-0.0202360876897133
2025-10-02,11620,11860,11320,11520,4817,-0.008605851979345935
2025-10-10,11520,11650,11270,11300,886,-0.01909722222222221
2025-10-13,11200,11310,11200,11240,281,-0.005309734513274322
2025-10-14,11460,11460,11200,11300,2805,0.005338078291814874
2025-10-15,11300,11520,11300,11480,2938,0.015929203539823078
2025-10-16,11480,11540,11450,11490,6213,0.0008710801393727596
2025-10-17,11700,11850,11530,11760,2684,0.023498694516971286
2025-10-20,11880,11880,11440,11800,4820,0.00340136054421758
2025-10-21,15340,15340,14510,15340,463347,0.30000000000000004
2025-10-22,16050,18970,15530,16320,1643656,0.0638852672750978
2025-10-23,16200,16200,15150,15250,124460,-0.06556372549019607
2025-10-24,15230,15580,14000,14980,142699,-0.017704918032786843
2025-10-27,14790,15270,14620,14830,39818,-0.010013351134846471
2025-10-28,14900,15270,14650,15200,84825,0.024949426837491462
2025-10-29,15220,15600,15170,15280,47870,0.0052631578947368585
2025-10-30,15180,15880,15000,15700,109528,0.027486910994764413
2025-10-31,15670,15950,15300,15750,82009,0.0031847133757962887
2025-11-03,15750,15850,15020,15500,59950,-0.015873015873015928
2025-11-04,15500,15730,14800,14800,53408,-0.04516129032258065
2025-11-05,14800,14800,13770,14060,8354,-0.050000000000000044
2025-11-06,14270,14810,13840,14590,11184,0.03769559032716918
2025-11-07,14370,14420,13820,14130,9664,-0.03152844413982181
2025-11-10,13850,14080,13580,13700,6456,-0.030431705590941216
2025-11-11,13700,13910,12920,13200,14299,-0.03649635036496346
2025-11-12,13200,13210,12800,13070,10175,-0.009848484848484884
2025-11-13,13070,13090,12710,12970,5034,-0.007651109410864554
2025-11-14,12800,12950,12600,12840,4157,-0.010023130300693905
2025-11-17,12840,13040,12750,13030,12767,0.014797507788161912
2025-11-18,13180,13180,12660,12910,3347,-0.009209516500383708
2025-11-19,12800,12980,12630,12870,8113,-0.0030983733539891034
2025-11-20,12880,13040,12760,12870,5705,0.0
2025-11-21,12460,13110,12310,13100,3502,0.01787101787101797
2025-11-24,13150,13260,12960,13160,15894,0.004580152671755711
2025-11-25,13130,13260,12900,13130,5657,-0.0022796352583586144
