Date,Open,High,Low,Close,Volume,Change
2022-01-03,12250,12500,12000,12450,482113,0.012195121951219523
2022-01-04,12250,12350,11900,12150,454742,-0.02409638554216864
2022-01-05,11900,12000,11150,11450,636680,-0.057613168724279795
2022-01-06,11100,11700,11050,11250,435482,-0.017467248908296984
2022-01-07,11550,12050,11500,11900,506348,0.057777777777777706
2022-01-10,11700,11800,11350,11550,253910,-0.02941176470588236
2022-01-11,11550,11650,11250,11450,167773,-0.008658008658008698
2022-01-12,11700,11700,11350,11500,175655,0.004366812227074135
2022-01-13,11500,11600,11250,11400,170818,-0.008695652173912993
2022-01-14,11250,11400,11000,11300,206339,-0.00877192982456143
2022-01-17,11300,11300,10750,10950,218836,-0.030973451327433676
2022-01-18,10950,11300,10750,11000,214400,0.004566210045662045
2022-01-19,10800,11300,10750,11200,253601,0.018181818181818077
2022-01-20,11050,11350,10950,11250,166914,0.0044642857142858094
2022-01-21,11250,11900,10600,11100,927067,-0.013333333333333308
2022-01-24,10900,10950,10500,10700,241394,-0.036036036036036
2022-01-25,10850,10850,10250,10600,289713,-0.009345794392523366
2022-01-26,10600,10950,10400,10600,243892,0.0
2022-01-27,10750,10800,10150,10600,309995,0.0
2022-01-28,10850,11550,10450,11500,441413,0.08490566037735858
2022-02-03,11550,11700,11050,11150,342664,-0.0304347826086957
2022-02-04,11000,11350,10950,11250,257004,0.008968609865470878
2022-02-07,11250,11350,11000,11050,148575,-0.01777777777777778
2022-02-08,11100,11150,10500,10600,275588,-0.040723981900452455
2022-02-09,10700,10850,10550,10800,121935,0.018867924528301883
2022-02-10,10900,11050,10650,10800,125839,0.0
2022-02-11,10600,10700,10400,10500,139068,-0.02777777777777779
2022-02-14,10150,10250,9720,9780,434935,-0.06857142857142862
2022-02-15,9600,10200,9540,9970,334988,0.01942740286298572
2022-02-16,10350,10600,10250,10350,236315,0.03811434302908734
2022-02-17,10350,10450,10000,10150,216094,-0.019323671497584516
2022-02-18,9970,10550,9970,10400,147210,0.024630541871921263
2022-02-21,10200,10400,10050,10350,90760,-0.004807692307692291
2022-02-22,10050,10350,10050,10050,82204,-0.02898550724637683
2022-02-23,10150,10300,10000,10200,85856,0.014925373134328401
2022-02-24,10050,10150,9860,9880,160001,-0.03137254901960784
2022-02-25,10050,10400,10000,10300,148963,0.04251012145748989
2022-02-28,10200,10400,10100,10250,79346,-0.004854368932038833
2022-03-02,10250,10450,10200,10300,73407,0.004878048780487809
2022-03-03,10550,10700,10350,10550,132847,0.024271844660194164
2022-03-04,10400,10450,10150,10250,87676,-0.028436018957345932
2022-03-07,10000,10100,9920,9970,117060,-0.02731707317073173
2022-03-08,9840,10050,9780,9840,78334,-0.013039117352056206
2022-03-10,10000,10150,9940,9940,46136,0.010162601626016343
2022-03-11,9900,10050,9670,9820,122981,-0.012072434607645843
2022-03-14,9820,10050,9520,9570,233092,-0.025458248472505107
2022-03-15,9570,9600,9420,9490,58863,-0.008359456635318674
2022-03-16,9650,9650,9430,9570,110567,0.008429926238145313
2022-03-17,9700,9970,9700,9960,201764,0.040752351097178785
2022-03-18,9990,10100,9850,10100,89255,0.014056224899598346
2022-03-21,10200,10550,9970,10450,214328,0.034653465346534684
2022-03-22,10300,10600,10250,10500,136396,0.004784688995215225
2022-03-23,10500,10700,10350,10650,180533,0.014285714285714235
2022-03-24,10500,10650,10450,10600,72723,-0.0046948356807511304
2022-03-25,10600,10600,10350,10450,82889,-0.014150943396226467
2022-03-28,10400,10600,10300,10450,88486,0.0
2022-03-29,10450,10550,10300,10500,59034,0.004784688995215225
2022-03-30,10600,10800,10350,10600,157063,0.00952380952380949
2022-03-31,10500,10600,10450,10600,65156,0.0
2022-04-01,10550,10550,10250,10550,83962,-0.004716981132075526
2022-04-04,10500,10950,10350,10950,240980,0.03791469194312791
2022-04-05,10900,11050,10750,10950,72433,0.0
2022-04-06,10800,10800,10450,10700,115268,-0.022831050228310557
2022-04-07,10700,11300,10550,11250,356544,0.051401869158878455
2022-04-08,11600,11850,11150,11350,536996,0.008888888888888946
2022-04-11,11200,12050,11150,11650,679487,0.026431718061673992
2022-04-12,11550,12100,11450,11900,581624,0.02145922746781115
2022-04-13,12000,12000,11450,11800,328300,-0.008403361344537785
2022-04-14,11850,11850,11450,11700,279270,-0.008474576271186418
2022-04-15,11500,12250,11450,12200,400615,0.042735042735042805
2022-04-18,12200,12200,11650,11650,269490,-0.04508196721311475
2022-04-19,11700,11850,11600,11750,121384,0.008583690987124415
2022-04-20,11750,12300,11650,11850,270683,0.008510638297872353
2022-04-21,12000,12750,12000,12450,845045,0.05063291139240511
2022-04-22,12250,12850,12250,12650,273856,0.016064257028112428
2022-04-25,12300,12900,12300,12400,451907,-0.01976284584980237
2022-04-26,12650,12700,12150,12500,226238,0.008064516129032251
2022-04-27,12150,12750,12100,12400,277589,-0.008000000000000007
2022-04-28,12500,12500,11750,12050,327490,-0.028225806451612878
2022-04-29,12150,12350,11950,12100,113715,0.004149377593360981
2022-05-02,11900,12400,11800,12350,165783,0.02066115702479343
2022-05-03,12450,12800,12300,12600,216288,0.020242914979757165
2022-05-04,12650,12750,12200,12650,182435,0.003968253968253954
2022-05-06,12800,12800,12350,12450,186228,-0.015810276679841917
2022-05-09,12350,12400,11550,12000,306616,-0.03614457831325302
2022-05-10,11700,12200,11500,12150,327708,0.012499999999999956
2022-05-11,12100,12200,11750,12100,210110,-0.004115226337448541
2022-05-12,11800,12500,11750,11850,239326,-0.02066115702479343
2022-05-13,12200,14500,12050,13850,5378747,0.16877637130801681
2022-05-16,14150,14700,13900,14350,2211673,0.036101083032491044
2022-05-17,14250,14650,14200,14650,881311,0.020905923344947785
2022-05-18,15100,15400,13300,13350,2453502,-0.0887372013651877
2022-05-19,12950,13650,12950,13400,896191,0.0037453183520599342
2022-05-20,13250,13350,12950,13000,554959,-0.02985074626865669
2022-05-23,13150,13300,12750,13150,494906,0.011538461538461497
2022-05-24,13100,13150,12450,12450,398611,-0.05323193916349811
2022-05-25,12650,12900,12300,12650,278493,0.016064257028112428
2022-05-26,12850,13300,12800,13000,461966,0.027667984189723382
2022-05-27,13300,13350,12900,12950,228443,-0.0038461538461538325
2022-05-30,13200,13200,12600,12750,291202,-0.015444015444015413
2022-05-31,12700,12850,12500,12800,231274,0.0039215686274509665
2022-06-02,12700,12800,12600,12750,113215,-0.00390625
2022-06-03,12900,12950,12200,12400,272958,-0.027450980392156876
2022-06-07,12200,12350,11900,12050,273608,-0.028225806451612878
2022-06-08,12050,12150,11800,11950,139517,-0.008298755186721962
2022-06-09,11800,12450,11450,11900,601576,-0.004184100418409997
2022-06-10,11750,12000,11650,11900,111535,0.0
2022-06-13,11450,11550,11000,11100,463897,-0.0672268907563025
2022-06-14,10750,11300,10550,11300,378229,0.018018018018018056
2022-06-15,11050,11550,10950,11400,305109,0.008849557522123908
2022-06-16,11600,11750,11100,11350,275314,-0.004385964912280715
2022-06-17,10950,11150,10800,11000,173549,-0.03083700440528636
2022-06-20,11050,11150,10050,10150,396268,-0.07727272727272727
2022-06-21,10300,10350,10050,10250,193353,0.009852216748768461
2022-06-22,10400,10550,9510,9600,369321,-0.06341463414634141
2022-06-23,9550,9660,8900,8950,714894,-0.06770833333333337
2022-06-24,9000,9320,8900,9320,323178,0.04134078212290504
2022-06-27,9400,9860,9330,9800,196070,0.05150214592274671
2022-06-28,9700,10100,9700,10100,211075,0.030612244897959107
2022-06-29,9860,10050,9800,9980,173441,-0.011881188118811892
2022-06-30,9960,9960,9390,9630,222317,-0.0350701402805611
2022-07-01,9540,9760,9330,9450,108450,-0.01869158878504673
2022-07-04,9340,9470,8950,9300,137822,-0.015873015873015928
2022-07-05,9300,9760,9250,9710,158488,0.04408602150537644
2022-07-06,9710,9840,9450,9550,90963,-0.016477857878475777
2022-07-07,9640,9940,9570,9810,103170,0.027225130890052407
2022-07-08,10200,10950,9900,10050,1445953,0.024464831804281273
2022-07-11,10100,10150,9820,10100,164321,0.004975124378109541
2022-07-12,9900,9970,9640,9660,181633,-0.0435643564356436
2022-07-13,9650,9800,9460,9780,119364,0.012422360248447228
2022-07-14,9780,10000,9670,10000,124076,0.02249488752556239
2022-07-15,10000,10350,9840,10300,200283,0.030000000000000027
2022-07-18,10500,10700,10400,10500,288576,0.01941747572815533
2022-07-19,10400,10600,10200,10600,192296,0.00952380952380949
2022-07-20,10850,10900,10350,10600,220377,0.0
2022-07-21,10550,10900,10400,10850,189627,0.02358490566037741
2022-07-22,10850,11000,10700,10900,176752,0.004608294930875667
2022-07-25,10900,11100,10800,11100,225367,0.0183486238532109
2022-07-26,11050,11250,10950,11200,151046,0.009009009009008917
2022-07-27,11000,11300,11000,11200,136184,0.0
2022-07-28,11400,11450,11150,11300,186501,0.008928571428571397
2022-07-29,11300,11500,11100,11350,172448,0.004424778761061843
2022-08-01,11450,11600,11350,11600,139765,0.022026431718061623
2022-08-02,11600,11750,11350,11550,165116,-0.004310344827586188
2022-08-03,11500,11500,11100,11350,127342,-0.017316017316017285
2022-08-04,11350,11700,11300,11700,304955,0.03083700440528636
2022-08-05,11750,11850,11500,11850,209492,0.012820512820512775
2022-08-08,11850,11850,11350,11550,329208,-0.025316455696202556
2022-08-09,11550,11550,10950,11350,357213,-0.017316017316017285
2022-08-10,11050,11600,11000,11600,244512,0.022026431718061623
2022-08-11,11850,12200,11800,11900,358806,0.02586206896551735
2022-08-12,11850,12050,11750,12000,144817,0.008403361344537785
2022-08-16,12000,12550,11900,12350,359422,0.029166666666666563
2022-08-17,12450,12450,12000,12350,185968,0.0
2022-08-18,12150,12700,12100,12600,244921,0.020242914979757165
2022-08-19,12650,12650,12350,12500,126550,-0.007936507936507908
2022-08-22,12250,12450,12100,12200,142858,-0.02400000000000002
2022-08-23,12050,12350,11900,12200,149684,0.0
2022-08-24,12350,12350,12000,12300,67557,0.008196721311475308
2022-08-25,12300,12500,12100,12450,122643,0.012195121951219523
2022-08-26,12500,12750,12250,12400,130111,-0.004016064257028162
2022-08-29,11800,12200,11700,12100,238630,-0.024193548387096753
2022-08-30,12200,12950,12200,12750,433439,0.05371900826446274
2022-08-31,12600,12950,12550,12900,156911,0.0117647058823529
2022-09-01,12800,13200,12450,12650,428876,-0.019379844961240345
2022-09-02,12700,12700,12200,12400,156906,-0.01976284584980237
2022-09-05,12200,12350,11900,12100,226105,-0.024193548387096753
2022-09-06,12100,12350,11900,12300,124227,0.016528925619834656
2022-09-07,12300,12450,12000,12450,149014,0.012195121951219523
2022-09-08,12500,12650,12150,12200,146219,-0.02008032128514059
2022-09-13,12350,13050,12350,13050,293112,0.069672131147541
2022-09-14,12550,12750,12400,12600,266548,-0.03448275862068961
2022-09-15,12800,13250,12600,13150,325819,0.04365079365079372
2022-09-16,12950,13200,12700,12950,211815,-0.01520912547528519
2022-09-19,13150,13200,12400,12450,259710,-0.038610038610038644
2022-09-20,12650,12950,12600,12750,148067,0.024096385542168752
2022-09-21,12600,12650,12150,12350,221621,-0.03137254901960784
2022-09-22,11950,12450,11900,12350,185006,0.0
2022-09-23,12200,12300,10300,10400,1267215,-0.1578947368421053
2022-09-26,10000,10250,9550,9580,620192,-0.0788461538461539
2022-09-27,9600,9890,9430,9750,313355,0.017745302713987554
2022-09-28,9790,9790,9110,9210,285009,-0.055384615384615365
2022-09-29,9420,9520,8800,8970,211696,-0.026058631921824116
2022-09-30,8750,8910,8500,8770,219179,-0.022296544035674493
2022-10-04,9030,9340,8960,9340,125895,0.06499429874572415
2022-10-05,9700,10650,9440,9570,718427,0.024625267665952855
2022-10-06,9660,10300,9660,10150,273136,0.06060606060606055
2022-10-07,9990,10950,9980,10700,463752,0.054187192118226646
2022-10-11,10450,10550,10100,10350,283077,-0.032710280373831724
2022-10-12,10300,10950,10250,10550,241354,0.019323671497584627
2022-10-13,10550,10550,10250,10300,130485,-0.023696682464455
2022-10-14,10800,10850,10400,10600,168376,0.029126213592232997
2022-10-17,10100,10600,10100,10450,153387,-0.014150943396226467
2022-10-18,10650,10700,10000,10200,302493,-0.02392344497607657
2022-10-19,10250,10350,10000,10100,203764,-0.009803921568627416
2022-10-20,10050,10200,9580,9840,242029,-0.025742574257425765
2022-10-21,9780,9880,9680,9780,91309,-0.0060975609756097615
2022-10-24,9960,10100,9850,9970,136677,0.01942740286298572
2022-10-25,10000,10750,10000,10600,320906,0.06318956870611836
2022-10-26,10550,10800,10250,10300,158456,-0.028301886792452824
2022-10-27,10400,10550,10200,10350,104939,0.004854368932038833
2022-10-28,10200,10700,10000,10350,216415,0.0
2022-10-31,10600,10600,10350,10550,86493,0.019323671497584627
2022-11-01,10600,10700,10400,10550,104122,0.0
2022-11-02,10550,11000,10200,11000,268307,0.042654028436019065
2022-11-03,11300,11700,11150,11450,586041,0.040909090909091006
2022-11-04,11400,11600,11200,11200,288963,-0.02183406113537123
2022-11-07,11250,11500,11100,11250,153816,0.0044642857142858094
2022-11-08,11300,11850,11300,11600,313313,0.03111111111111109
2022-11-09,11650,11650,11400,11500,133631,-0.008620689655172376
2022-11-10,11350,11500,11250,11400,83144,-0.008695652173912993
2022-11-11,11800,11850,11500,11650,178446,0.021929824561403466
2022-11-14,11650,11650,11250,11350,119527,-0.025751072961373356
2022-11-15,11300,11800,11300,11750,152093,0.03524229074889873
2022-11-16,11850,11950,11600,11950,201922,0.017021276595744705
2022-11-17,11750,11750,11400,11550,119840,-0.03347280334728031
2022-11-18,11500,11800,11500,11550,114570,0.0
2022-11-21,11950,12300,11250,11450,579995,-0.008658008658008698
2022-11-22,11250,11450,11100,11250,97061,-0.017467248908296984
2022-11-23,11350,11750,11250,11550,207782,0.026666666666666616
2022-11-24,11650,11800,11450,11700,150073,0.01298701298701288
2022-11-25,11800,11850,11500,11550,86840,-0.012820512820512775
2022-11-28,11500,11550,11150,11300,101308,-0.02164502164502169
2022-11-29,11500,11800,11400,11550,147322,0.022123893805309658
2022-11-30,11500,11700,11400,11500,94780,-0.0043290043290042934
2022-12-01,11900,12000,11550,11650,219306,0.01304347826086949
2022-12-02,11650,11650,11250,11350,112494,-0.025751072961373356
2022-12-05,11450,11750,11400,11700,226857,0.03083700440528636
2022-12-06,11600,11600,11200,11250,154427,-0.038461538461538436
2022-12-07,11050,11250,11000,11150,97632,-0.008888888888888835
2022-12-08,11050,11450,11050,11250,101995,0.008968609865470878
2022-12-09,11350,11450,11050,11100,137564,-0.013333333333333308
2022-12-12,11050,11100,10600,10750,173518,-0.03153153153153154
2022-12-13,10850,10900,10450,10700,103811,-0.0046511627906976605
2022-12-14,10750,11050,10700,11000,100518,0.028037383177569986
2022-12-15,10850,10900,10650,10650,62932,-0.03181818181818186
2022-12-16,10350,10550,10300,10350,130676,-0.028169014084507005
2022-12-19,10300,10550,10150,10150,93620,-0.019323671497584516
2022-12-20,10100,10250,9820,9870,167008,-0.02758620689655178
2022-12-21,10000,10100,9810,9870,130045,0.0
2022-12-22,9970,10150,9970,10050,100978,0.01823708206686936
2022-12-23,9880,9980,9480,9490,329308,-0.05572139303482582
2022-12-26,9420,9720,9420,9670,140785,0.018967334035827177
2022-12-27,9660,10050,9650,9960,190909,0.02998965873836612
2022-12-28,9940,10200,9850,10050,151791,0.009036144578313143
2022-12-29,10050,10200,9860,10100,164957,0.004975124378109541
2023-01-02,10250,10350,9860,9930,162517,-0.016831683168316847
2023-01-03,9900,10300,9560,10200,176565,0.027190332326284095
2023-01-04,10150,10650,10000,10500,213012,0.02941176470588225
2023-01-05,10650,10650,9990,10050,252273,-0.042857142857142816
2023-01-06,9940,10450,9930,10400,200275,0.03482587064676612
2023-01-09,10850,11050,10450,10700,351355,0.028846153846153744
2023-01-10,10700,10850,10500,10500,111230,-0.01869158878504673
2023-01-11,10850,11600,10800,11150,1071655,0.06190476190476191
2023-01-12,11350,11500,11000,11050,472603,-0.008968609865470878
2023-01-13,11150,11150,10600,10700,320386,-0.03167420814479638
2023-01-16,10650,10850,10550,10750,148182,0.004672897196261738
2023-01-17,10700,10750,10450,10700,139000,-0.0046511627906976605
2023-01-18,10650,10900,10400,10900,203982,0.01869158878504673
2023-01-19,11450,11750,10900,11100,1972941,0.0183486238532109
2023-01-20,11100,11200,10700,10750,322092,-0.03153153153153154
2023-01-25,10950,10990,10750,10980,360269,0.021395348837209394
2023-01-26,11070,11190,10810,10940,236887,-0.0036429872495445936
2023-01-27,10960,10960,10700,10790,248642,-0.013711151736745864
2023-01-30,10790,10810,10460,10460,191978,-0.030583873957367946
2023-01-31,10400,10620,10340,10400,157693,-0.005736137667303964
2023-02-01,10500,10810,10490,10790,196847,0.03750000000000009
2023-02-02,10990,11250,10920,11180,354835,0.03614457831325302
2023-02-03,11050,11230,10910,11230,219430,0.004472271914132353
2023-02-06,11100,11110,10900,11000,127385,-0.02048085485307216
2023-02-07,10960,11240,10910,11190,164484,0.01727272727272733
2023-02-08,11300,11300,10930,11120,237119,-0.006255585344057235
2023-02-09,10960,11180,10940,11160,132494,0.003597122302158251
2023-02-10,11150,11460,11060,11060,359206,-0.008960573476702538
2023-02-13,11050,11060,10750,10940,136204,-0.010849909584086825
2023-02-14,11110,11470,11100,11290,469175,0.03199268738574035
2023-02-15,11430,11430,11030,11080,251076,-0.018600531443755508
2023-02-16,11200,11560,11120,11470,265836,0.035198555956678756
2023-02-17,11300,11380,11170,11180,156363,-0.025283347863993
2023-02-20,11180,11430,11020,11400,150264,0.019677996422182487
2023-02-21,11400,11410,11120,11190,111812,-0.018421052631578894
2023-02-22,10960,11140,10780,10820,225597,-0.03306523681858797
2023-02-23,10910,11020,10740,10970,128792,0.013863216266173817
2023-02-24,10970,11120,10760,10810,108392,-0.01458523245214216
2023-02-27,10710,10840,10530,10730,154862,-0.007400555041628176
2023-02-28,10760,10900,10530,10610,141970,-0.011183597390493905
2023-03-02,10690,10790,10540,10610,87617,0.0
2023-03-03,10620,10840,10590,10690,142192,0.007540056550424223
2023-03-06,10690,10860,10400,10850,319492,0.014967259120673537
2023-03-07,10900,10900,10560,10640,197149,-0.01935483870967747
2023-03-08,10570,10570,10380,10400,174680,-0.022556390977443663
2023-03-09,10470,10540,10160,10250,186155,-0.014423076923076872
2023-03-10,10100,10200,9840,9930,324512,-0.03121951219512198
2023-03-13,9900,10050,9610,10050,168662,0.012084592145015005
2023-03-14,9990,9990,9510,9550,205571,-0.04975124378109452
2023-03-15,9720,9830,9500,9660,142455,0.011518324607329822
2023-03-16,9660,10920,9640,10170,1908582,0.052795031055900665
2023-03-17,10240,10800,10210,10610,410506,0.043264503441494684
2023-03-20,10570,10600,10270,10380,182781,-0.021677662582469392
2023-03-21,10380,10750,10230,10530,325192,0.014450867052023142
2023-03-22,10590,10790,10360,10660,273751,0.012345679012345734
2023-03-23,10510,11480,10450,10920,737086,0.024390243902439046
2023-03-24,10970,11400,10890,11270,425136,0.03205128205128216
2023-03-27,11290,11290,10890,11050,188389,-0.01952085181898844
2023-03-28,11060,11320,10960,11310,194165,0.0235294117647058
2023-03-29,11410,11580,11150,11430,237192,0.010610079575596787
2023-03-30,11810,11900,11430,11570,499274,0.012248468941382429
2023-03-31,11570,11950,11340,11390,385400,-0.015557476231633505
2023-04-03,11380,11450,11020,11300,200720,-0.007901668129938533
2023-04-04,11350,11350,10860,10890,283830,-0.036283185840708
2023-04-05,10820,11250,10730,11150,205509,0.023875114784205786
2023-04-06,11150,11150,10750,10810,186060,-0.030493273542600896
2023-04-07,10900,11490,10900,11390,430655,0.05365402405180397
2023-04-10,11710,12490,11600,12310,1312151,0.08077260755048288
2023-04-11,12430,12830,12200,12540,764539,0.018683996750609166
2023-04-12,12630,12900,12450,12480,489868,-0.004784688995215336
2023-04-13,12490,13280,12280,13050,918360,0.04567307692307687
2023-04-14,13020,13080,12750,12810,380022,-0.01839080459770115
2023-04-17,12840,13190,12750,12950,303541,0.010928961748633892
2023-04-18,12970,12980,12460,12650,357596,-0.02316602316602312
2023-04-19,12690,13140,12670,12950,343172,0.02371541501976293
2023-04-20,12970,12980,12250,12390,357853,-0.043243243243243246
2023-04-21,12480,12690,12030,12290,302864,-0.008071025020177536
2023-04-24,12310,12330,11850,12080,206680,-0.0170870626525631
2023-04-25,12090,12450,11830,12100,293624,0.0016556291390728006
2023-04-26,12050,12470,11900,12280,284653,0.014876033057851235
2023-04-27,12360,12640,12280,12590,280067,0.025244299674267
2023-04-28,12680,12680,12280,12500,208982,-0.00714853057982523
2023-05-02,12550,12860,12300,12610,283884,0.008799999999999919
2023-05-03,12520,13760,12350,13030,1485264,0.03330689928628083
2023-05-04,13210,13210,12670,12950,396246,-0.006139677666922472
2023-05-08,12980,13080,12570,12860,285354,-0.006949806949806958
2023-05-09,12730,12820,12110,12210,326475,-0.05054432348367033
2023-05-10,12180,12270,11830,11940,193332,-0.02211302211302213
2023-05-11,11990,12230,11760,11790,159466,-0.012562814070351758
2023-05-12,11790,12040,11610,12000,142234,0.01781170483460559
2023-05-15,12000,12090,11610,12000,169391,0.0
2023-05-16,11980,12130,11760,11920,119907,-0.00666666666666671
2023-05-17,11920,12120,11790,12080,79537,0.01342281879194629
2023-05-18,12220,15090,12150,14730,7626400,0.2193708609271523
2023-05-19,14500,15850,14440,15270,5911508,0.03665987780040725
2023-05-22,15270,15520,15030,15200,1067687,-0.004584151931892655
2023-05-23,15160,15200,14710,14790,726763,-0.02697368421052626
2023-05-24,14640,14830,14440,14700,481548,-0.006085192697768749
2023-05-25,15500,15600,14780,14860,1335544,0.010884353741496655
2023-05-26,15000,17160,14970,15950,5352137,0.07335127860026924
2023-05-30,16580,17100,15830,16070,2383324,0.007523510971786829
2023-05-31,15880,17380,15490,16470,2072540,0.024891101431238294
2023-06-01,16610,16830,16040,16500,915634,0.0018214936247722413
2023-06-02,16730,17000,15970,16010,757482,-0.029696969696969666
2023-06-05,16060,16540,15940,16240,434107,0.014366021236727144
2023-06-07,16240,16310,15900,16220,286402,-0.0012315270935960854
2023-06-08,16020,17450,15420,16870,1639902,0.04007398273736129
2023-06-09,16660,17320,16500,17160,862511,0.017190278601066922
2023-06-12,17010,17160,16410,16650,543617,-0.029720279720279685
2023-06-13,16810,17940,16800,17290,1968327,0.038438438438438416
2023-06-14,17280,17290,16530,16930,575591,-0.020821283979178706
2023-06-15,17110,17720,17030,17530,732324,0.035440047253396445
2023-06-16,17430,17580,16920,17070,594580,-0.0262407301768397
2023-06-19,17060,17070,16600,17010,420495,-0.0035149384885764245
2023-06-20,17130,17130,16520,16830,336518,-0.010582010582010581
2023-06-21,16830,16950,16290,16400,351881,-0.025549613784907943
2023-06-22,16200,16510,16020,16230,227470,-0.010365853658536595
2023-06-23,16400,16860,16250,16460,309408,0.014171287738755423
2023-06-26,16440,17250,16010,17140,464550,0.04131227217496969
2023-06-27,17150,17150,16450,16530,356563,-0.0355892648774796
2023-06-28,16720,16720,15870,15870,465686,-0.03992740471869327
2023-06-29,15980,16570,15900,16380,391538,0.032136105860113506
2023-06-30,16380,16540,15900,16430,238026,0.0030525030525030417
2023-07-03,16450,18240,16450,18240,1698394,0.11016433353621413
2023-07-04,18240,19250,17940,18420,1495672,0.009868421052631637
2023-07-05,18470,18640,17460,17510,735611,-0.04940282301845822
2023-07-06,17350,17550,16340,16440,759326,-0.0611079383209594
2023-07-07,16630,16660,15930,16140,405905,-0.018248175182481785
2023-07-10,16110,16110,15490,15540,360132,-0.03717472118959109
2023-07-11,15710,16320,15710,16200,304382,0.042471042471042386
2023-07-12,16200,16620,16130,16620,294762,0.025925925925925908
2023-07-13,16920,17550,16640,17480,752420,0.05174488567990365
2023-07-14,17500,19400,17500,18060,2187309,0.03318077803203656
2023-07-17,18260,18950,17740,18140,794126,0.0044296788482836025
2023-07-18,18370,18370,17300,17480,633126,-0.03638368246968027
2023-07-19,17510,17750,16790,16930,429734,-0.031464530892448495
2023-07-20,16810,16990,16240,16690,585960,-0.014176018901358556
2023-07-21,16220,16470,16130,16310,358176,-0.022768124625524244
2023-07-24,16300,16470,15900,16390,346731,0.004904966278356904
2023-07-25,16580,17220,16200,16500,577418,0.006711409395973256
2023-07-26,16700,16760,15490,15870,552630,-0.038181818181818206
2023-07-27,15840,17050,15800,16860,475644,0.06238185255198481
2023-07-28,17000,17260,16610,17000,383992,0.008303677342823335
2023-07-31,17190,17190,16290,16710,363522,-0.017058823529411793
2023-08-01,16670,16710,16160,16400,304753,-0.018551765409934196
2023-08-02,16070,17140,15820,15890,529202,-0.031097560975609784
2023-08-03,15840,16020,15110,15530,316085,-0.02265575833857769
2023-08-04,15490,15770,15050,15110,230175,-0.027044430135222175
2023-08-07,15100,15320,14910,15090,145921,-0.001323626737260053
2023-08-08,15150,15270,14710,14890,167452,-0.013253810470510219
2023-08-09,14750,15360,14730,15120,180279,0.015446608462055034
2023-08-10,14910,14910,14190,14220,287649,-0.059523809523809534
2023-08-11,14120,14750,14120,14420,167210,0.014064697609001309
2023-08-14,14200,14250,13890,14000,151088,-0.029126213592232997
2023-08-16,13980,14150,13470,13550,239427,-0.03214285714285714
2023-08-17,13220,14290,13220,14210,262720,0.048708487084870855
2023-08-18,13930,14530,13800,14230,221786,0.0014074595355384467
2023-08-21,14400,14900,14350,14360,160153,0.009135628952916308
2023-08-22,14900,14900,13590,13610,272268,-0.0522284122562674
2023-08-23,13610,13900,13440,13730,107797,0.00881704628949298
2023-08-24,14100,14370,13880,13900,156414,0.012381646030589888
2023-08-25,13550,13710,13260,13300,150665,-0.043165467625899234
2023-08-28,13510,14050,13400,13850,121332,0.041353383458646586
2023-08-29,14000,14200,13860,14000,64461,0.010830324909747224
2023-08-30,14200,14450,14170,14330,122599,0.023571428571428577
2023-08-31,14390,14390,13870,14160,154309,-0.011863224005582707
2023-09-01,14250,15570,14200,15400,608435,0.08757062146892647
2023-09-04,15600,16360,15250,16090,626835,0.04480519480519485
2023-09-05,16000,16420,16000,16190,213060,0.00621504039776255
2023-09-06,16200,16200,14700,14900,650222,-0.07967881408276711
2023-09-07,14620,15400,14620,15170,249660,0.018120805369127524
2023-09-08,15020,15170,14480,14650,326027,-0.03427818061964405
2023-09-11,14500,14700,14320,14620,150575,-0.0020477815699658786
2023-09-12,14630,15050,14480,14820,156713,0.013679890560875485
2023-09-13,14850,15190,14540,14720,168860,-0.006747638326585648
2023-09-14,14780,15470,14780,15390,195771,0.045516304347826164
2023-09-15,15380,15430,15080,15240,108115,-0.00974658869395717
2023-09-18,14900,15130,14750,15030,92249,-0.013779527559055094
2023-09-19,15040,15370,15030,15150,123837,0.007984031936127733
2023-09-20,15150,15350,14860,14900,173789,-0.01650165016501648
2023-09-21,14630,14740,13670,13800,342136,-0.0738255033557047
2023-09-22,13590,13950,13410,13680,116586,-0.008695652173912993
2023-09-25,13680,14250,13670,14000,115330,0.023391812865497075
2023-09-26,14090,14230,13850,13890,73437,-0.007857142857142896
2023-09-27,13730,14290,13730,14290,43943,0.028797696184305277
2023-10-04,14000,14140,13450,13530,122005,-0.05318404478656402
2023-10-05,13760,14100,13520,13590,99060,0.0044345898004434225
2023-10-06,13590,14200,13590,14000,60366,0.030169242089771897
2023-10-10,14170,14290,13490,13550,95845,-0.03214285714285714
2023-10-11,13970,14430,13970,14100,97439,0.040590405904058935
2023-10-12,14400,15720,14250,15580,576829,0.10496453900709213
2023-10-13,15440,15630,15130,15390,180135,-0.012195121951219523
2023-10-16,15210,16260,14810,16050,550275,0.042884990253411415
2023-10-17,16280,16280,15750,16090,257969,0.0024922118380061864
2023-10-18,15800,16690,15800,16380,390219,0.01802361715351153
2023-10-19,15990,16190,15420,15450,246375,-0.0567765567765568
2023-10-20,15260,16650,15000,16400,567609,0.06148867313915862
2023-10-23,16350,16400,15610,15610,218215,-0.048170731707317116
2023-10-24,15610,16200,15320,16070,219178,0.029468289557975647
2023-10-25,16100,16400,15630,15740,250875,-0.020535158680771604
2023-10-26,15210,16000,15100,15500,229729,-0.015247776365946653
2023-10-27,15450,15800,15150,15270,153190,-0.014838709677419404
2023-10-30,15240,15370,14640,14800,161446,-0.0307793058284217
2023-10-31,14810,15130,13920,13920,208805,-0.05945945945945941
2023-11-01,14110,14440,14030,14130,133042,0.015086206896551824
2023-11-02,14590,15300,14570,14780,343975,0.046001415428166936
2023-11-03,15000,15970,14820,15400,381133,0.04194857916102834
2023-11-06,15670,16120,15150,15840,324286,0.02857142857142847
2023-11-07,15840,16270,15400,15890,243731,0.0031565656565657463
2023-11-08,15920,16080,15000,15240,215261,-0.040906230333543125
2023-11-09,15240,15560,15070,15070,133636,-0.011154855643044637
2023-11-10,14880,15270,14730,15110,95037,0.002654280026542777
2023-11-13,15110,15240,14510,14600,155624,-0.03375248180013235
2023-11-14,14610,15670,14610,15530,233530,0.0636986301369864
2023-11-15,15820,16200,15670,15890,260192,0.023180940115904658
2023-11-16,15920,16290,15650,16170,200960,0.017621145374449254
2023-11-17,16170,16330,15780,15820,139011,-0.02164502164502169
2023-11-20,16050,16440,15820,15990,235299,0.01074589127686476
2023-11-21,16010,16410,15930,16130,184908,0.008755472170106415
2023-11-22,15800,16100,15750,16030,80156,-0.0061996280223186595
2023-11-23,16010,16030,15530,15580,104302,-0.02807236431690585
2023-11-24,15500,15900,15480,15640,88545,0.0038510911424902705
2023-11-27,15640,16480,15300,16400,331283,0.04859335038363177
2023-11-28,16400,16530,16050,16380,234607,-0.0012195121951219523
2023-11-29,16380,16400,15890,15980,130832,-0.024420024420024444
2023-11-30,16010,16310,15750,15850,188388,-0.008135168961201478
2023-12-01,15850,15960,15590,15710,150424,-0.00883280757097793
