Date,Open,High,Low,Close,Volume,Change
2022-01-03,15950,16250,15950,16150,19997,0.009374999999999911
2022-01-04,16150,16200,16000,16150,41055,0.0
2022-01-05,16150,16250,16050,16200,32110,0.003095975232198178
2022-01-06,16150,16600,16050,16400,53731,0.012345679012345734
2022-01-07,16450,16900,16450,16800,49878,0.024390243902439046
2022-01-10,16800,17000,16600,16800,49123,0.0
2022-01-11,16800,17000,16650,16850,38486,0.0029761904761904656
2022-01-12,16850,17050,16850,17050,35655,0.011869436201780381
2022-01-13,17050,17300,17000,17250,52589,0.011730205278592365
2022-01-14,17300,17350,17150,17300,34493,0.0028985507246377384
2022-01-17,17350,17450,17200,17350,36549,0.0028901734104045396
2022-01-18,17400,17400,17200,17400,37755,0.0028818443804035088
2022-01-19,17250,17450,17150,17300,39496,-0.005747126436781658
2022-01-20,17300,17450,17250,17350,30811,0.0028901734104045396
2022-01-21,17350,17400,16850,17100,68794,-0.014409221902017322
2022-01-24,16950,17100,16800,17100,31539,0.0
2022-01-25,17050,17150,16650,16750,48020,-0.020467836257309968
2022-01-26,16800,17150,16750,17150,40279,0.023880597014925398
2022-01-27,17050,17150,16700,16850,36342,-0.017492711370262426
2022-01-28,16950,17100,16700,16900,51724,0.0029673590504450953
2022-02-03,16950,17150,16850,17000,72105,0.00591715976331364
2022-02-04,17000,17250,16900,17000,79490,0.0
2022-02-07,17200,17200,16850,17000,46936,0.0
2022-02-08,17000,17150,16900,17100,47760,0.00588235294117645
2022-02-09,17150,17200,17050,17200,34955,0.005847953216374213
2022-02-10,17200,17250,16850,17150,42574,-0.0029069767441860517
2022-02-11,17200,17200,16950,17100,23519,-0.002915451895043719
2022-02-14,16950,17100,16800,17100,26671,0.0
2022-02-15,16950,17100,16800,16900,33395,-0.011695906432748537
2022-02-16,16950,17250,16950,17200,30409,0.01775147928994092
2022-02-17,17200,17300,17050,17200,24554,0.0
2022-02-18,17150,17250,17100,17150,18702,-0.0029069767441860517
2022-02-21,17100,17150,16950,17100,37210,-0.002915451895043719
2022-02-22,17050,17050,16700,16750,40352,-0.020467836257309968
2022-02-23,16800,16850,16600,16850,38448,0.005970149253731405
2022-02-24,16800,17000,16600,16800,34634,-0.0029673590504450953
2022-02-25,16950,16950,16550,16600,35470,-0.011904761904761862
2022-02-28,16500,16700,16450,16700,29715,0.006024096385542244
2022-03-02,16650,16650,16400,16450,48237,-0.014970059880239472
2022-03-03,16500,16550,16350,16500,33465,0.003039513677811634
2022-03-04,16350,16650,16350,16550,25075,0.003030303030302939
2022-03-07,16450,16600,16400,16600,28849,0.0030211480362538623
2022-03-08,16550,16700,16450,16700,30533,0.006024096385542244
2022-03-10,16700,16950,16700,16800,17604,0.0059880239520957446
2022-03-11,16700,16950,16650,16900,39247,0.005952380952380931
2022-03-14,16900,17150,16850,17150,50957,0.014792899408283988
2022-03-15,17250,17300,17150,17200,28610,0.00291545189504383
2022-03-16,17200,17400,17200,17400,27791,0.011627906976744207
2022-03-17,17450,17500,17250,17350,40155,-0.002873563218390829
2022-03-18,17350,17500,17000,17250,88598,-0.0057636887608069065
2022-03-21,17250,17350,16950,17000,36850,-0.01449275362318836
2022-03-22,17000,17250,16700,16900,64927,-0.00588235294117645
2022-03-23,16850,17250,16800,17250,32197,0.020710059171597628
2022-03-24,17200,17250,16800,16900,81384,-0.020289855072463725
2022-03-25,16950,17000,16400,16700,102414,-0.011834319526627168
2022-03-28,16650,16800,16550,16800,20517,0.0059880239520957446
2022-03-29,16750,17050,16750,17050,24050,0.014880952380952328
2022-03-30,17100,17150,16950,17100,20495,0.0029325513196480912
2022-03-31,17000,17150,16750,16950,35855,-0.00877192982456143
2022-04-01,16950,16950,16700,16900,29525,-0.002949852507374673
2022-04-04,16900,16900,16650,16750,36522,-0.00887573964497046
2022-04-05,16850,16850,16700,16800,30044,0.0029850746268655914
2022-04-06,16800,16800,16600,16700,35231,-0.005952380952380931
2022-04-07,16600,16800,16550,16700,17561,0.0
2022-04-08,16700,16800,16650,16700,14877,0.0
2022-04-11,16850,16850,16650,16650,15314,-0.0029940119760478723
2022-04-12,16650,16800,16600,16600,12815,-0.0030030030030030463
2022-04-13,16600,16950,16600,16950,13154,0.02108433734939763
2022-04-14,16850,17000,16800,16900,17915,-0.002949852507374673
2022-04-15,16900,16950,16600,16650,62669,-0.014792899408283988
2022-04-18,16700,16850,16600,16750,12468,0.006006006006006093
2022-04-19,16750,17300,16700,17300,99868,0.032835820895522394
2022-04-20,17300,17400,17100,17400,38334,0.005780346820809301
2022-04-21,17300,17400,17300,17400,17186,0.0
2022-04-22,17300,17350,17100,17350,16645,-0.002873563218390829
2022-04-25,17350,17350,17050,17300,23010,-0.0028818443804035088
2022-04-26,17350,17400,16850,17000,60785,-0.017341040462427793
2022-04-27,16800,17000,16750,16900,15761,-0.00588235294117645
2022-04-28,16950,17050,16800,16950,19802,0.002958579881656709
2022-04-29,17000,17050,16850,17050,14818,0.005899705014749346
2022-05-02,17050,17050,16900,16950,33571,-0.0058651026392961825
2022-05-03,16950,16950,16750,16800,22449,-0.008849557522123908
2022-05-04,16900,16950,16750,16950,19152,0.008928571428571397
2022-05-06,16850,16850,16500,16750,59291,-0.01179941002949858
2022-05-09,16700,16700,16550,16700,12795,-0.0029850746268657025
2022-05-10,16550,17050,16350,16950,30520,0.014970059880239583
2022-05-11,16900,16900,16400,16500,58446,-0.026548672566371723
2022-05-12,16450,16500,16250,16500,31864,0.0
2022-05-13,16400,16550,16300,16500,19415,0.0
2022-05-16,16550,16550,16150,16350,37885,-0.009090909090909038
2022-05-17,16300,16300,15950,15950,37354,-0.024464831804281384
2022-05-18,16000,16100,15350,15850,177804,-0.006269592476489061
2022-05-19,15800,15800,15400,15550,36481,-0.018927444794952675
2022-05-20,15600,16350,15500,15900,36611,0.022508038585209
2022-05-23,16150,16200,15700,15900,21205,0.0
2022-05-24,15900,15900,15650,15850,16294,-0.0031446540880503138
2022-05-25,15850,15850,15600,15650,10926,-0.012618296529968487
2022-05-26,15650,15700,15400,15600,24430,-0.0031948881789137795
2022-05-27,15600,15600,15200,15300,73136,-0.019230769230769273
2022-05-30,15300,15400,15250,15350,18061,0.0032679738562091387
2022-05-31,15400,15500,15300,15400,23221,0.0032573289902280145
2022-06-02,15450,15450,15300,15450,33044,0.0032467532467532756
2022-06-03,15500,15500,15300,15400,21659,-0.003236245954692518
2022-06-07,15400,15450,15300,15450,26457,0.0032467532467532756
2022-06-08,15450,15500,15250,15400,36896,-0.003236245954692518
2022-06-09,15350,15400,15200,15300,15365,-0.00649350649350644
2022-06-10,15250,15400,14950,15100,53763,-0.013071895424836555
2022-06-13,15000,15000,14450,14650,51131,-0.0298013245033113
2022-06-14,14550,14550,13800,14050,101793,-0.04095563139931746
2022-06-15,14050,14100,13550,13850,182868,-0.014234875444839812
2022-06-16,13950,14500,13850,14000,39269,0.010830324909747224
2022-06-17,13850,13950,13700,13800,32180,-0.014285714285714235
2022-06-20,13800,13950,13250,13450,72451,-0.025362318840579712
2022-06-21,13400,13500,13150,13150,69272,-0.022304832713754608
2022-06-22,13250,13300,12800,12950,90748,-0.01520912547528519
2022-06-23,12950,13000,12650,12750,59066,-0.015444015444015413
2022-06-24,12700,13650,12700,13600,167167,0.06666666666666665
2022-06-27,13500,14150,13450,13950,42890,0.025735294117646967
2022-06-28,14000,14300,13950,14300,24098,0.02508960573476693
2022-06-29,14250,14700,14150,14700,38500,0.027972027972027913
2022-06-30,14700,14800,14500,14800,64399,0.006802721088435382
2022-07-01,14800,15350,14750,15200,60371,0.027027027027026973
2022-07-04,15350,15350,14750,15250,50433,0.00328947368421062
2022-07-05,15300,15300,14950,15150,46827,-0.006557377049180357
2022-07-06,15050,15300,14850,15200,50703,0.0033003300330032292
2022-07-07,15150,15250,14850,14850,89794,-0.023026315789473673
2022-07-08,14900,14900,14400,14600,101282,-0.01683501683501687
2022-07-11,14550,14600,14100,14450,80096,-0.010273972602739767
2022-07-12,14400,14400,14100,14250,46746,-0.01384083044982698
2022-07-13,14200,14400,14150,14350,85590,0.007017543859649145
2022-07-14,14300,14850,14200,14600,86392,0.017421602787456525
2022-07-15,14550,14900,14100,14550,60548,-0.003424657534246589
2022-07-18,14600,14750,14450,14650,36677,0.0068728522336769515
2022-07-19,14600,14700,14150,14350,47427,-0.020477815699658675
2022-07-20,14450,14450,14150,14300,25997,-0.0034843205574912606
2022-07-21,14200,14300,14150,14300,9692,0.0
2022-07-22,14250,14500,14200,14500,20554,0.013986013986013957
2022-07-25,14500,14500,14250,14450,13708,-0.0034482758620689724
2022-07-26,14450,14500,14300,14500,5824,0.0034602076124568004
2022-07-27,14450,14500,14250,14350,30426,-0.010344827586206917
2022-07-28,14300,14400,14100,14100,18075,-0.017421602787456414
2022-07-29,14100,14100,13950,14050,24031,-0.0035460992907800915
2022-08-01,14050,14050,13650,13700,31971,-0.02491103202846978
2022-08-02,13650,13700,13450,13600,39738,-0.007299270072992692
2022-08-03,13550,13600,13350,13600,32673,0.0
2022-08-04,13600,13600,13400,13550,53666,-0.003676470588235281
2022-08-05,13550,13900,13500,13750,107716,0.014760147601476037
2022-08-08,13800,13800,13500,13750,33202,0.0
2022-08-09,13700,13750,13200,13400,211166,-0.025454545454545507
2022-08-10,13400,13400,13150,13300,43912,-0.007462686567164201
2022-08-11,13300,13500,13250,13350,39312,0.003759398496240518
2022-08-12,13350,13500,13300,13500,35370,0.011235955056179803
2022-08-16,13500,13550,13300,13450,68073,-0.0037037037037036535
2022-08-17,13450,13550,13250,13500,325477,0.0037174721189590088
2022-08-18,13400,13700,13400,13500,59344,0.0
2022-08-19,13500,13700,13400,13700,32002,0.014814814814814836
2022-08-22,13700,13700,13450,13550,28760,-0.010948905109489093
2022-08-23,13450,13550,13300,13350,34681,-0.014760147601476037
2022-08-24,13350,13650,13250,13650,40051,0.022471910112359605
2022-08-25,13650,13700,13500,13700,24185,0.00366300366300365
2022-08-26,13650,13700,13450,13600,44884,-0.007299270072992692
2022-08-29,13250,13400,13150,13400,47161,-0.014705882352941124
2022-08-30,13600,14050,13300,13600,132687,0.014925373134328401
2022-08-31,13550,13650,13400,13650,25575,0.003676470588235281
2022-09-01,13600,13600,13350,13550,34027,-0.0073260073260073
2022-09-02,13450,13550,13350,13450,29618,-0.0073800738007380184
2022-09-05,13350,13500,13300,13450,26156,0.0
2022-09-06,13450,13500,13250,13500,43342,0.0037174721189590088
2022-09-07,13450,14750,13400,14450,636292,0.07037037037037042
2022-09-08,14450,14550,14150,14450,98530,0.0
2022-09-13,14500,14500,13900,14450,82915,0.0
2022-09-14,14000,14450,13900,14100,85942,-0.02422145328719727
2022-09-15,14000,14800,13950,14800,124080,0.049645390070921946
2022-09-16,14800,14800,14450,14600,63729,-0.013513513513513487
2022-09-19,14650,14700,14150,14350,66579,-0.017123287671232834
2022-09-20,14350,14550,14050,14200,49829,-0.010452961672473893
2022-09-21,14150,14500,14050,14500,47532,0.021126760563380254
2022-09-22,14450,14450,14000,14200,63209,-0.020689655172413834
2022-09-23,14100,14200,13850,14100,43316,-0.007042253521126751
2022-09-26,14050,14050,13650,13900,46864,-0.014184397163120588
2022-09-27,13800,14050,13600,13800,34397,-0.007194244604316502
2022-09-28,13800,13800,13350,13450,50869,-0.025362318840579712
2022-09-29,13650,13700,12850,12850,82061,-0.044609665427509326
2022-09-30,12750,12850,12300,12350,84287,-0.03891050583657585
2022-10-04,12350,12550,12050,12450,124952,0.00809716599190291
2022-10-05,12550,12600,12050,12350,99485,-0.008032128514056214
2022-10-06,12350,12550,12200,12450,75886,0.00809716599190291
2022-10-07,12400,12600,12300,12600,18974,0.012048192771084265
2022-10-11,12550,12550,12150,12200,47974,-0.031746031746031744
2022-10-12,12200,12450,12050,12300,37990,0.008196721311475308
2022-10-13,12300,12600,12150,12300,48124,0.0
2022-10-14,12350,12650,12250,12250,34389,-0.004065040650406471
2022-10-17,12200,12250,12050,12250,35645,0.0
2022-10-18,12350,12800,12250,12800,48713,0.044897959183673564
2022-10-19,12800,12800,12450,12600,46895,-0.015625
2022-10-20,12550,12550,11950,11950,118845,-0.051587301587301626
2022-10-21,11950,12100,11650,11700,45473,-0.02092050209205021
2022-10-24,11850,11950,11600,11850,49256,0.012820512820512775
2022-10-25,11800,12200,11800,12200,32655,0.029535864978903037
2022-10-26,12150,12250,12050,12200,24830,0.0
2022-10-27,12200,12350,12100,12350,39078,0.012295081967213184
2022-10-28,12250,12350,12150,12350,30723,0.0
2022-10-31,12350,12400,12250,12350,18447,0.0
2022-11-01,12300,12500,12250,12400,20710,0.004048582995951344
2022-11-02,12350,12850,12300,12850,37841,0.03629032258064524
2022-11-03,12600,12650,12400,12400,45022,-0.035019455252918275
2022-11-04,12400,12500,12250,12400,28888,0.0
2022-11-07,12500,12500,12350,12500,16654,0.008064516129032251
2022-11-08,12550,12800,12500,12750,17825,0.020000000000000018
2022-11-09,12750,12850,12600,12650,34422,-0.007843137254901933
2022-11-10,12550,12700,12400,12550,19037,-0.007905138339920903
2022-11-11,12750,13050,12700,12800,119994,0.019920318725099584
2022-11-14,12800,12900,12650,12750,22817,-0.00390625
2022-11-15,12800,13100,12750,13050,20575,0.0235294117647058
2022-11-16,13050,13150,12900,13000,117352,-0.003831417624521105
2022-11-17,13000,13000,12800,12900,19706,-0.007692307692307665
2022-11-18,13000,13000,12750,12950,27699,0.003875968992248069
2022-11-21,12950,13050,12650,12700,154776,-0.019305019305019266
2022-11-22,12600,12700,12450,12550,17316,-0.011811023622047223
2022-11-23,12550,12700,12450,12700,23003,0.01195219123505975
2022-11-24,12700,12750,12550,12700,15932,0.0
2022-11-25,12750,12800,12600,12700,25667,0.0
2022-11-28,12750,12750,12450,12550,126624,-0.011811023622047223
2022-11-29,12550,12550,12300,12450,41888,-0.007968127490039834
2022-11-30,12450,12650,12400,12550,178227,0.008032128514056325
2022-12-01,12650,12700,12500,12600,134786,0.003984063745019917
2022-12-02,12600,12700,12550,12700,82854,0.007936507936507908
2022-12-05,12800,13000,12700,12750,132118,0.003937007874015741
2022-12-06,12700,13000,12700,12850,145931,0.007843137254901933
2022-12-07,12800,13400,12750,13150,70030,0.023346303501945442
2022-12-08,13200,13350,13150,13200,70772,0.0038022813688212143
2022-12-09,13450,13800,13250,13700,90876,0.037878787878787845
2022-12-12,13750,13800,13350,13500,54713,-0.014598540145985384
2022-12-13,13500,13750,13300,13750,54340,0.0185185185185186
2022-12-14,13600,13750,13450,13600,34196,-0.010909090909090868
2022-12-15,13500,13650,13400,13600,30352,0.0
2022-12-16,13450,13650,13400,13600,29854,0.0
2022-12-19,13600,13650,13500,13550,16343,-0.003676470588235281
2022-12-20,13550,13700,13450,13600,22655,0.0036900369003689537
2022-12-21,13600,13600,13500,13600,26567,0.0
2022-12-22,13600,13750,13550,13700,22537,0.007352941176470562
2022-12-23,13550,13700,13450,13550,23833,-0.010948905109489093
2022-12-26,13650,13750,13500,13700,13873,0.011070110701107083
2022-12-27,13650,13900,13650,13900,28407,0.014598540145985384
2022-12-28,13750,13750,13250,13250,35731,-0.046762589928057596
2022-12-29,13250,13300,12750,12900,40604,-0.026415094339622636
2023-01-02,12750,12900,12500,12650,24424,-0.019379844961240345
2023-01-03,12650,12650,12350,12600,29070,-0.0039525691699604515
2023-01-04,12550,12750,12400,12650,13231,0.003968253968253954
2023-01-05,12700,12900,12550,12900,23550,0.01976284584980248
2023-01-06,12900,12950,12750,12950,21333,0.003875968992248069
2023-01-09,12950,13000,12850,13000,28792,0.0038610038610038533
2023-01-10,13000,13000,12800,12850,14963,-0.011538461538461497
2023-01-11,12950,12950,12750,12950,14104,0.0077821011673151474
2023-01-12,13000,13150,12850,13150,16231,0.015444015444015413
2023-01-13,13200,13300,12850,13000,33734,-0.011406844106463865
2023-01-16,12950,13250,12900,13200,46898,0.01538461538461533
2023-01-17,13200,13300,13050,13200,9798,0.0
2023-01-18,13200,13300,13100,13300,9275,0.007575757575757569
2023-01-19,13300,13400,13150,13400,11079,0.007518796992481258
2023-01-20,13400,13400,13200,13350,13307,-0.003731343283582045
2023-01-25,13350,13550,13310,13400,12011,0.0037453183520599342
2023-01-26,13440,13440,13130,13330,27798,-0.0052238805970149516
2023-01-27,13300,13300,13060,13060,52655,-0.02025506376594144
2023-01-30,13080,13090,12920,13080,22557,0.0015313935681469104
2023-01-31,13080,13450,13040,13400,31482,0.024464831804281273
2023-02-01,13400,13690,13320,13600,25264,0.014925373134328401
2023-02-02,13690,13900,13650,13900,24774,0.022058823529411686
2023-02-03,13950,14280,13760,14230,38395,0.023741007194244546
2023-02-06,14490,14750,14280,14600,86137,0.026001405481377304
2023-02-07,14600,14700,14090,14200,62149,-0.0273972602739726
2023-02-08,14300,14450,13940,14400,42974,0.014084507042253502
2023-02-09,14370,14550,14020,14070,32452,-0.022916666666666696
2023-02-10,14060,14170,13920,14170,20600,0.007107320540156392
2023-02-13,14140,14140,13830,13930,27157,-0.016937191249117856
2023-02-14,13930,14160,13860,14030,21310,0.007178750897343766
2023-02-15,14190,14190,13850,14110,28323,0.005702066999287325
2023-02-16,14120,14200,14040,14200,46601,0.006378454996456506
2023-02-17,14200,14240,14110,14150,6860,-0.0035211267605633756
2023-02-20,14120,14120,13910,14020,6852,-0.009187279151943506
2023-02-21,14020,14110,13760,13900,15730,-0.008559201141226769
2023-02-22,13900,13980,13480,13480,19900,-0.030215827338129442
2023-02-23,13480,13640,13350,13530,15052,0.0037091988130564246
2023-02-24,13520,13650,13360,13450,12611,-0.00591278640059123
2023-02-27,13450,13450,13040,13210,19525,-0.017843866171003753
2023-02-28,13250,13800,13250,13700,20804,0.03709311127933379
2023-03-02,13700,13790,13480,13600,11477,-0.007299270072992692
2023-03-03,13630,13750,13510,13730,10993,0.00955882352941173
2023-03-06,13730,13750,13520,13650,16458,-0.0058266569555717185
2023-03-07,13650,13740,13400,13540,14664,-0.00805860805860803
2023-03-08,13540,13540,13190,13490,1140909,-0.0036927621861152504
2023-03-09,13740,13910,13600,13890,31988,0.029651593773165397
2023-03-10,13830,13930,13600,13890,15337,0.0
2023-03-13,13800,13800,13200,13530,20520,-0.02591792656587477
2023-03-14,13530,13530,13000,13050,28036,-0.03547671840354771
2023-03-15,13100,13450,13050,13190,24688,0.01072796934865905
2023-03-16,13300,13350,12920,13050,8354,-0.010614101592115288
2023-03-17,13010,13080,12590,12590,41385,-0.03524904214559388
2023-03-20,12590,12660,12390,12440,47294,-0.011914217633042123
2023-03-21,12470,12470,12350,12410,681644,-0.002411575562700996
2023-03-22,12390,12580,12340,12550,31238,0.011281224818694646
2023-03-23,12480,12560,12350,12530,14068,-0.0015936254980080111
2023-03-24,12520,12520,12320,12430,19745,-0.007980845969672745
2023-03-27,12370,12500,12130,12160,24185,-0.021721641190667773
2023-03-28,12200,12240,12120,12160,20129,0.0
2023-03-29,12200,12250,12160,12160,16677,0.0
2023-03-30,12200,12200,12100,12180,21503,0.00164473684210531
2023-03-31,12220,12240,12130,12200,30918,0.0016420361247948545
2023-04-03,12200,12210,12030,12150,20597,-0.004098360655737654
2023-04-04,12120,12190,12080,12180,24512,0.0024691358024691024
2023-04-05,12180,12200,12100,12180,22586,0.0
2023-04-06,12230,12230,12060,12130,21815,-0.004105090311986914
2023-04-07,12170,12250,12130,12180,15809,0.004122011541632276
2023-04-10,12180,12180,11980,12120,23839,-0.0049261083743842304
2023-04-11,12140,12180,12000,12100,28481,-0.0016501650165016146
2023-04-12,12100,12160,11940,12010,43080,-0.007438016528925617
2023-04-13,12000,12020,11940,12020,27188,0.0008326394671107629
2023-04-14,12050,12300,12020,12140,34451,0.009983361064891838
2023-04-17,12150,12160,12020,12140,28267,0.0
2023-04-18,12140,12140,12030,12100,14524,-0.0032948929159802853
2023-04-19,12060,12100,12020,12090,19162,-0.0008264462809917106
2023-04-20,12090,12110,11950,11960,27103,-0.010752688172043001
2023-04-21,11940,12220,11900,12190,48082,0.019230769230769162
2023-04-24,12140,12320,12140,12280,24748,0.007383100902379036
2023-04-25,12350,12590,12250,12390,23485,0.008957654723126929
2023-04-26,12340,12600,12250,12490,22176,0.008071025020177647
2023-04-27,12600,12610,12420,12560,23956,0.005604483586869602
2023-04-28,12560,12690,12480,12690,31693,0.010350318471337605
2023-05-02,12690,13050,12680,13000,30141,0.024428684003152012
2023-05-03,12950,13100,12930,13070,14580,0.005384615384615321
2023-05-04,13010,13160,12870,13000,16589,-0.005355776587605221
2023-05-08,13020,13140,12770,12800,16283,-0.01538461538461533
2023-05-09,12800,12950,12560,12660,26088,-0.010937500000000044
2023-05-10,12710,12950,12370,12460,23698,-0.01579778830963663
2023-05-11,12430,12860,12400,12700,13848,0.019261637239165408
2023-05-12,12600,12870,12550,12580,10593,-0.009448818897637823
2023-05-15,12650,12790,12520,12680,9441,0.007949125596184325
2023-05-16,12670,12950,12580,12730,27014,0.0039432176656151174
2023-05-17,12710,12730,12630,12700,3761,-0.00235663786331497
2023-05-18,12700,12800,12600,12650,8559,-0.003937007874015741
2023-05-19,12650,12850,12510,12580,15609,-0.005533596837944632
2023-05-22,12580,12720,12490,12590,8559,0.0007949125596184992
2023-05-23,12570,12600,12490,12520,14536,-0.005559968228752932
2023-05-24,12520,12580,12410,12470,11868,-0.003993610223642197
2023-05-25,12470,12560,12340,12450,11799,-0.001603849238171584
2023-05-26,12440,12440,12320,12390,10559,-0.004819277108433773
2023-05-30,12380,12480,12320,12480,6896,0.007263922518159882
2023-05-31,12470,12470,12200,12200,24581,-0.022435897435897467
2023-06-01,12170,12270,12100,12180,20341,-0.0016393442622950616
2023-06-02,12150,12180,12130,12180,8202,0.0
2023-06-05,12170,12290,12090,12180,24278,0.0
2023-06-07,12140,12180,12110,12180,8939,0.0
2023-06-08,12170,12180,12030,12120,17359,-0.0049261083743842304
2023-06-09,12120,12180,11770,11800,92413,-0.02640264026402639
2023-06-12,11800,11870,11560,11560,35812,-0.02033898305084747
2023-06-13,11560,11560,11440,11540,38863,-0.0017301038062284002
2023-06-14,11520,11520,11350,11480,33700,-0.005199306759098743
2023-06-15,11430,11480,11320,11400,26158,-0.006968641114982632
2023-06-16,11390,11390,11230,11250,39500,-0.013157894736842146
2023-06-19,11250,11480,11210,11400,20232,0.01333333333333342
2023-06-20,11390,11390,11000,11000,40306,-0.03508771929824561
2023-06-21,11040,11150,11000,11100,19610,0.009090909090909038
2023-06-22,11040,11270,11010,11180,26079,0.007207207207207134
2023-06-23,11160,11280,11140,11230,15511,0.004472271914132353
2023-06-26,11230,11310,11180,11260,11944,0.002671415850400649
2023-06-27,11280,11380,11230,11380,10894,0.010657193605683846
2023-06-28,11370,11570,11360,11520,21297,0.012302284710017597
2023-06-29,11460,11580,11420,11470,17528,-0.00434027777777779
2023-06-30,11450,11740,11450,11720,33482,0.021795989537924942
2023-07-03,11710,11950,11690,11930,44044,0.017918088737201465
2023-07-04,11880,11950,11760,11810,1820688,-0.010058675607711676
2023-07-05,11800,11890,11340,11490,37007,-0.02709568162574094
2023-07-06,11490,11550,11120,11330,44700,-0.013925152306353383
2023-07-07,11340,11430,11020,11140,45576,-0.016769638128861453
2023-07-10,11090,11380,11090,11320,16821,0.016157989228007263
2023-07-11,11340,11510,11320,11450,14678,0.01148409893992941
2023-07-12,11530,11540,11430,11490,9102,0.003493449781659441
2023-07-13,11500,11650,11470,11560,15881,0.006092254134029584
2023-07-14,11560,11600,11240,11550,30345,-0.0008650519031141446
2023-07-17,11530,11530,11290,11350,19502,-0.017316017316017285
2023-07-18,11390,11390,11240,11270,10738,-0.007048458149779724
2023-07-19,11300,11370,11200,11250,8539,-0.0017746228926353025
2023-07-20,11250,11540,11250,11380,23083,0.011555555555555541
2023-07-21,11450,11490,11330,11400,14265,0.0017574692442883233
2023-07-24,11400,11400,11200,11240,16820,-0.01403508771929829
2023-07-25,11220,11300,11120,11290,21565,0.004448398576512469
2023-07-26,11330,11330,10890,11020,30174,-0.023914968999114272
2023-07-27,11000,11110,10940,10960,23774,-0.005444646098003658
2023-07-28,10960,11080,10920,10950,10005,-0.0009124087591241281
2023-07-31,10980,10980,10790,10850,31078,-0.0091324200913242
2023-08-01,10880,11050,10800,11050,22738,0.018433179723502224
2023-08-02,11040,11050,10920,11030,10237,-0.0018099547511312153
2023-08-03,10930,11080,10850,11030,11027,0.0
2023-08-04,11040,11250,10950,11100,12307,0.006346328195829587
2023-08-07,11100,12100,11100,12090,103289,0.08918918918918917
2023-08-08,12030,12350,11800,12050,39752,-0.003308519437551727
2023-08-09,12050,12360,12050,12230,28880,0.014937759336099532
2023-08-10,12170,12480,12070,12280,42317,0.004088307440719641
2023-08-11,12520,12680,12320,12550,47967,0.021986970684038987
2023-08-14,12550,12960,12330,12900,45277,0.027888446215139417
2023-08-16,12900,12950,12480,12890,29856,-0.0007751937984495916
2023-08-17,12880,12880,12500,12870,26028,-0.0015515903801396336
2023-08-18,12860,12980,12690,12900,18538,0.002331002331002363
2023-08-21,12900,12980,12800,12970,17103,0.005426356589147252
2023-08-22,12970,12980,12840,12850,21904,-0.009252120277563614
2023-08-23,12960,12960,12710,12800,21921,-0.0038910505836575737
2023-08-24,12990,12990,12830,12940,14282,0.010937500000000044
2023-08-25,12940,13110,12910,13050,22940,0.008500772797527034
2023-08-28,13050,13220,13050,13210,19154,0.012260536398467359
2023-08-29,13210,13560,13210,13540,21468,0.02498107494322488
2023-08-30,13540,13880,13540,13820,18535,0.02067946824224509
2023-08-31,13710,14150,13710,14040,53924,0.01591895803183796
2023-09-01,14020,14190,13830,13890,27695,-0.010683760683760646
2023-09-04,13880,13930,13510,13620,27585,-0.01943844492440605
2023-09-05,13620,13700,13560,13670,16022,0.0036710719530101965
2023-09-06,13750,13960,13410,13540,22850,-0.009509875640087762
2023-09-07,13560,13640,13230,13530,27980,-0.0007385524372230945
2023-09-08,13530,13740,13400,13740,17996,0.015521064301552201
2023-09-11,13750,13790,13550,13640,9883,-0.00727802037845704
2023-09-12,13680,13750,13620,13700,7932,0.004398826979472137
2023-09-13,13700,13750,13400,13570,7401,-0.00948905109489051
2023-09-14,13610,13700,13560,13600,13811,0.002210759027265974
2023-09-15,13600,13700,13360,13480,15932,-0.008823529411764675
2023-09-18,13440,13650,13110,13270,12267,-0.015578635014836806
2023-09-19,13290,13400,13200,13300,18152,0.0022607385079125297
2023-09-20,13270,13400,13230,13290,7775,-0.0007518796992481702
2023-09-21,13290,13500,13210,13260,9493,-0.0022573363431150906
2023-09-22,13260,13300,13060,13100,6336,-0.012066365007541435
2023-09-25,13110,13210,12860,13040,13978,-0.004580152671755711
2023-09-26,12990,13000,12560,12990,7393,-0.0038343558282208923
2023-09-27,12940,13000,12870,13000,9133,0.0007698229407235857
2023-10-04,13000,13000,12510,12600,21103,-0.03076923076923077
2023-10-05,12740,12840,12610,12800,13594,0.015873015873015817
2023-10-06,12820,12890,12750,12890,2675,0.007031250000000044
2023-10-10,12860,12890,12550,12700,15561,-0.014740108611326574
2023-10-11,12740,12800,12550,12640,12790,-0.0047244094488189115
2023-10-12,12680,12740,12560,12580,7263,-0.004746835443038
2023-10-13,12560,12670,12380,12590,5157,0.0007949125596184992
2023-10-16,12590,12790,12560,12700,9748,0.008737092930897639
2023-10-17,12800,12800,12600,12640,6597,-0.0047244094488189115
2023-10-18,12640,12770,12640,12700,12257,0.004746835443038
2023-10-19,12790,12790,12440,12750,12716,0.003937007874015741
2023-10-20,12750,12750,12620,12690,8013,-0.004705882352941226
2023-10-23,12690,12800,12610,12670,3018,-0.0015760441292356209
2023-10-24,12670,12700,12570,12650,11071,-0.0015785319652722452
2023-10-25,12680,12680,12590,12650,1584,0.0
2023-10-26,12600,12650,12460,12590,5172,-0.004743083003952542
2023-10-27,12590,12590,12480,12590,1639,0.0
2023-10-30,12560,12560,12150,12200,22597,-0.030976965845909477
2023-10-31,12200,12200,11780,11990,19478,-0.01721311475409837
2023-11-01,11990,12000,11900,12000,13334,0.0008340283569641116
2023-11-02,11990,12010,11820,11990,27013,-0.0008333333333333526
2023-11-03,11990,12000,11840,11990,10970,0.0
2023-11-06,11990,12000,11940,11990,12356,0.0
2023-11-07,11990,12000,11900,11970,13417,-0.0016680567139282232
2023-11-08,11970,11980,11860,11940,14556,-0.0025062656641604564
2023-11-09,11940,11970,11850,11950,15909,0.0008375209380233617
2023-11-10,11950,11960,11870,11950,10833,0.0
2023-11-13,11950,12010,11880,11950,13713,0.0
2023-11-14,11950,12010,11920,11950,15793,0.0
2023-11-15,11980,11980,11750,11940,31415,-0.0008368200836820217
2023-11-16,11940,12000,11890,11960,12159,0.0016750418760469454
2023-11-17,11960,12490,11960,12400,29769,0.03678929765886285
2023-11-20,12400,12510,12200,12270,9250,-0.010483870967741948
2023-11-21,12380,13110,12360,12960,52129,0.05623471882640585
2023-11-22,13180,13180,12760,13030,20078,0.005401234567901314
2023-11-23,13030,13150,12770,13000,19759,-0.002302379125095899
2023-11-24,12990,13060,12830,12950,11790,-0.0038461538461538325
2023-11-27,12950,13200,12950,13110,14964,0.01235521235521242
2023-11-28,13130,13200,13110,13190,9993,0.006102212051868783
2023-11-29,13220,13300,13130,13190,13029,0.0
2023-11-30,13250,13430,13210,13290,19609,0.007581501137225111
2023-12-01,13240,13280,13020,13220,10136,-0.005267118133935322
2023-12-04,13220,13490,13190,13490,12611,0.0204236006051437
2023-12-05,13490,13600,13310,13500,8935,0.000741289844329085
2023-12-06,13500,13600,13230,13450,14842,-0.0037037037037036535
2023-12-07,13420,13500,12910,13290,18757,-0.011895910780669094
2023-12-08,13350,13460,13310,13440,6343,0.011286681715575675
2023-12-11,13440,13500,13060,13500,11053,0.0044642857142858094
2023-12-12,13490,13490,13170,13220,21366,-0.020740740740740726
2023-12-13,13210,13250,12300,13250,11204,0.0022692889561271024
2023-12-14,13230,13230,13000,13100,14202,-0.01132075471698113
2023-12-15,13150,13350,12930,13000,20842,-0.007633587786259555
2023-12-18,13070,13090,12900,12930,11822,-0.005384615384615432
2023-12-19,12900,13150,12830,13150,15409,0.017014694508894035
2023-12-20,13150,13190,13020,13160,9655,0.0007604562737641984
2023-12-21,13150,13370,13070,13370,15312,0.015957446808510634
2023-12-22,13350,13500,13220,13500,9872,0.00972326103216159
2023-12-26,13490,13490,13340,13430,10179,-0.005185185185185182
2023-12-27,13430,13450,13150,13360,31159,-0.005212211466865235
2023-12-28,13360,13360,13060,13180,11348,-0.013473053892215536
2024-01-02,13180,13300,13050,13060,11637,-0.009104704097116834
2024-01-03,13050,13070,12870,13000,5639,-0.004594180704441064
2024-01-04,12880,12900,12670,12760,23700,-0.018461538461538418
2024-01-05,12760,12790,12680,12680,10893,-0.006269592476489061
2024-01-08,12680,12680,12410,12510,13813,-0.01340694006309151
2024-01-09,12510,12600,12360,12380,18935,-0.010391686650679466
2024-01-10,12420,12570,12410,12540,13895,0.01292407108239102
2024-01-11,12550,12600,12400,12440,13089,-0.00797448165869219
2024-01-12,12450,12500,12320,12360,14218,-0.006430868167202619
2024-01-15,12360,12400,12210,12400,6699,0.003236245954692629
2024-01-16,12400,12410,12190,12300,14547,-0.008064516129032251
2024-01-17,12300,12300,12100,12270,11835,-0.0024390243902439046
2024-01-18,12270,12340,12160,12310,11710,0.0032599837000815146
2024-01-19,12340,12340,12130,12230,11624,-0.006498781478472826
2024-01-22,12230,12230,12090,12190,7941,-0.003270645952575646
2024-01-23,12200,12300,12170,12290,16969,0.008203445447087843
2024-01-24,12300,12330,12090,12310,12545,0.0016273393002441683
2024-01-25,12300,12310,12190,12290,1465599,-0.0016246953696181787
2024-01-26,12100,13000,12100,12900,50690,0.04963384865744502
2024-01-29,12890,13140,12820,13060,31206,0.01240310077519391
2024-01-30,12800,13100,12800,12880,34769,-0.013782542113323082
2024-01-31,12800,13040,12630,12840,17745,-0.0031055900621117516
2024-02-01,12830,13940,12750,13860,94860,0.07943925233644866
2024-02-02,13780,13920,13300,13600,27685,-0.018759018759018753
2024-02-05,13570,13570,13140,13470,35297,-0.00955882352941173
2024-02-06,13450,13530,13260,13450,14763,-0.0014847809948033142
2024-02-07,13460,13600,13340,13600,27286,0.011152416356877248
2024-02-08,13600,13790,13460,13720,26727,0.008823529411764675
2024-02-13,13720,13750,13520,13530,26905,-0.01384839650145775
2024-02-14,13500,13900,13350,13740,19514,0.015521064301552201
2024-02-15,13750,13800,13090,13240,46722,-0.03639010189228531
2024-02-16,13440,13440,12940,13250,29001,0.0007552870090634656
2024-02-19,13250,13340,13120,13260,13168,0.0007547169811321641
2024-02-20,13340,13360,13110,13360,14148,0.007541478129713397
2024-02-21,13350,13350,13060,13170,16435,-0.014221556886227504
2024-02-22,13170,13200,13010,13010,10784,-0.012148823082763882
2024-02-23,13010,13240,12910,13200,24202,0.01460415065334364
2024-02-26,13200,13280,13020,13100,15787,-0.007575757575757569
2024-02-27,13100,13200,12950,13160,19330,0.004580152671755711
2024-02-28,13190,13190,12870,13030,31228,-0.009878419452887588
2024-02-29,12950,12950,12590,12840,37594,-0.014581734458940954
2024-03-04,12820,12880,12480,12880,35421,0.0031152647975076775
2024-03-05,12850,13270,12680,13250,26766,0.028726708074534146
2024-03-06,13270,13740,13090,13670,36454,0.03169811320754712
2024-03-07,13630,13750,13100,13370,16547,-0.021945866861741048
2024-03-08,13390,13450,13150,13320,25726,-0.0037397157816005944
2024-03-11,13330,13330,13040,13180,18314,-0.010510510510510551
2024-03-12,13170,13220,12940,12990,14920,-0.014415781487101653
2024-03-13,12970,12970,12660,12760,19085,-0.01770592763664358
2024-03-14,12750,12750,12560,12650,23218,-0.008620689655172376
2024-03-15,12630,12820,12520,12780,20162,0.010276679841897174
2024-03-18,12770,12770,12340,12470,27446,-0.024256651017214415
2024-03-19,12450,12450,12110,12380,30358,-0.007217321571772239
2024-03-20,12370,12370,12010,12110,43328,-0.021809369951534707
2024-03-21,12040,12310,12040,12250,27568,0.011560693641618602
2024-03-22,12250,12260,12110,12150,26422,-0.008163265306122436
2024-03-25,12140,12160,11970,12160,27015,0.0008230452674897748
2024-03-26,12160,12250,11980,12070,19764,-0.0074013157894736725
2024-03-27,12060,12130,11920,11920,18079,-0.012427506213753103
2024-03-28,11880,12080,11780,11960,28295,0.003355704697986628
2024-03-29,12000,12340,11890,12170,54188,0.01755852842809369
2024-04-01,12210,12450,12130,12350,24748,0.014790468364831444
2024-04-02,12320,12320,12040,12210,19082,-0.011336032388663986
2024-04-03,12200,12290,11990,12200,29346,-0.0008190008190007703
2024-04-04,12200,12290,12030,12150,26112,-0.004098360655737654
2024-04-05,12130,12190,11980,12100,12624,-0.004115226337448541
2024-04-08,12160,12160,11950,11980,7475,-0.00991735537190086
2024-04-09,12010,12180,11960,12180,32200,0.016694490818029983
2024-04-11,12220,12720,12190,12680,46158,0.0410509031198687
2024-04-12,12680,12700,12400,12610,31513,-0.005520504731861164
2024-04-15,12610,12610,12410,12490,16070,-0.009516256938937317
2024-04-16,12540,12550,12320,12480,19001,-0.0008006405124099114
2024-04-17,12530,12580,12360,12530,17938,0.004006410256410353
2024-04-18,12580,12630,12420,12560,19957,0.002394253790901857
2024-04-19,12620,12790,12380,12450,30588,-0.00875796178343946
2024-04-22,12500,12500,12110,12300,26169,-0.012048192771084376
2024-04-23,12300,12400,12160,12230,27329,-0.005691056910569148
2024-04-24,12340,12340,12130,12200,20794,-0.002452984464431762
2024-04-25,12180,12490,12120,12330,41568,0.010655737704918122
2024-04-26,12430,12430,12190,12340,32588,0.0008110300081103361
2024-04-29,12360,12400,12230,12250,26790,-0.007293354943273878
2024-04-30,12290,12290,12160,12280,26525,0.002448979591836764
2024-05-02,12280,12300,12180,12300,15566,0.0016286644951140072
2024-05-03,12300,12320,12200,12250,12021,-0.004065040650406471
2024-05-07,12300,12300,12120,12190,14867,-0.004897959183673417
2024-05-08,12200,12300,12120,12240,16900,0.00410172272354381
2024-05-09,12240,12260,12110,12150,23590,-0.007352941176470562
2024-05-10,12140,12200,12120,12150,6701,0.0
2024-05-13,12150,12180,12030,12100,8377,-0.004115226337448541
2024-05-14,12210,12560,12110,12480,50563,0.03140495867768589
2024-05-16,12480,12500,12230,12250,17371,-0.018429487179487225
2024-05-17,12280,12310,12190,12280,11076,0.002448979591836764
2024-05-20,12260,12260,11780,11990,81992,-0.023615635179153105
2024-05-21,11970,11970,11530,11570,64119,-0.0350291909924938
2024-05-22,11650,11910,11570,11850,92986,0.02420051858254113
2024-05-23,11870,11870,11540,11650,34600,-0.016877637130801704
2024-05-24,11620,11620,11350,11470,58950,-0.015450643776824036
2024-05-27,11470,11560,11350,11560,38325,0.007846556233652935
2024-05-28,11550,11580,11490,11550,21263,-0.0008650519031141446
2024-05-29,11550,11550,11350,11450,30066,-0.008658008658008698
2024-05-30,11440,11450,11290,11340,12889,-0.009606986899563297
2024-05-31,11340,11390,10870,10870,291468,-0.041446208112874805
2024-06-03,10950,11060,10850,10950,57454,0.007359705611775569
2024-06-04,10950,11090,10870,11050,39439,0.009132420091324311
2024-06-05,11080,11150,11040,11150,20701,0.009049773755656076
2024-06-07,11150,11150,10850,10880,54306,-0.024215246636771326
2024-06-10,10880,10980,10830,10860,40333,-0.0018382352941176405
2024-06-11,10860,10950,10790,10860,35771,0.0
2024-06-12,10860,10930,10820,10880,17804,0.0018416206261511192
2024-06-13,10890,10970,10800,10880,32351,0.0
2024-06-14,10880,10950,10810,10910,29769,0.0027573529411764053
2024-06-17,10940,10970,10880,10960,21985,0.004582951420714965
2024-06-18,10960,10970,10850,10960,21648,0.0
2024-06-19,10960,10960,10770,10840,24848,-0.010948905109489093
2024-06-20,10820,10960,10810,10900,50604,0.005535055350553542
2024-06-21,10900,11150,10820,11150,48093,0.022935779816513735
2024-06-24,11050,11140,10850,10930,34646,-0.019730941704035887
2024-06-25,10930,10940,10770,10930,48383,0.0
2024-06-26,10930,10930,10810,10900,14445,-0.0027447392497712553
2024-06-27,10850,10910,10740,10790,19255,-0.010091743119266083
2024-06-28,10800,10950,10770,10950,16643,0.014828544949026856
2024-07-01,10960,10960,10750,10800,18818,-0.013698630136986356
2024-07-02,10800,10800,10620,10720,20589,-0.007407407407407418
2024-07-03,10730,10810,10650,10710,28161,-0.000932835820895539
2024-07-04,10740,10840,10730,10810,20532,0.00933706816059754
2024-07-05,10810,10880,10750,10850,21445,0.0037002775208141436
2024-07-08,10850,10910,10720,10840,34387,-0.0009216589861751334
2024-07-09,10840,10880,10690,10790,34544,-0.004612546125461248
2024-07-10,10800,10800,10670,10800,24659,0.000926784059314123
2024-07-11,10800,10830,10680,10790,28837,-0.0009259259259258856
2024-07-12,10790,10820,10590,10710,49112,-0.007414272474513428
2024-07-15,10720,10750,10600,10620,39006,-0.008403361344537785
2024-07-16,10600,10720,10570,10710,25325,0.008474576271186418
2024-07-17,10710,10740,10630,10690,18209,-0.0018674136321195078
2024-07-18,10690,10690,10520,10640,47899,-0.004677268475210439
2024-07-19,10580,10580,10390,10500,37607,-0.013157894736842146
2024-07-22,10480,10540,10400,10530,32507,0.0028571428571428914
2024-07-23,10530,10710,10500,10650,73258,0.01139601139601143
2024-07-24,10650,10870,10610,10870,33672,0.020657276995305063
2024-07-25,10870,10880,10700,10870,19862,0.0
2024-07-26,10870,10930,10790,10910,20150,0.0036798528058876734
2024-07-29,10810,10880,10220,10400,163473,-0.04674610449129235
2024-07-30,10380,10410,9960,10150,138947,-0.024038461538461564
2024-07-31,10130,10480,10090,10440,67314,0.02857142857142847
2024-08-01,10420,10900,10420,10790,50189,0.03352490421455934
2024-08-02,10840,10840,10400,10540,45574,-0.023169601482854518
2024-08-05,10520,10520,9950,10050,48368,-0.046489563567362446
2024-08-06,10070,10360,10070,10360,49170,0.030845771144278666
2024-08-07,10350,10450,10220,10320,50011,-0.0038610038610038533
2024-08-08,10290,10490,10250,10450,52257,0.012596899224806224
2024-08-09,10450,10530,10310,10400,35296,-0.004784688995215336
2024-08-12,10400,10500,10330,10430,24233,0.0028846153846153744
2024-08-13,10430,10480,10350,10460,13320,0.0028763183125599667
2024-08-14,10460,10790,10460,10790,25186,0.031548757170172026
2024-08-16,10820,10900,10700,10790,54154,0.0
2024-08-19,10730,10920,10540,10690,78909,-0.009267840593141785
2024-08-20,10650,10900,10610,10890,67068,0.018709073900841977
2024-08-21,10890,10910,10530,10700,67728,-0.017447199265381075
2024-08-22,10690,10710,10520,10530,40305,-0.015887850467289688
2024-08-23,10530,10630,10490,10550,59435,0.0018993352326686086
2024-08-26,10580,10610,10450,10560,53579,0.0009478672985780978
2024-08-27,10560,10650,10500,10650,112798,0.008522727272727293
2024-08-28,10650,11170,10650,11170,90220,0.04882629107981229
2024-08-29,11050,11170,11000,11150,34897,-0.0017905102954342
2024-08-30,11150,11190,11100,11150,10141,0.0
2024-09-02,11150,11150,10740,10920,22074,-0.020627802690582953
2024-09-03,10910,11170,10910,11170,29411,0.022893772893772812
2024-09-04,10990,11080,10850,11070,40404,-0.008952551477171
2024-09-05,11100,11280,11020,11260,20136,0.017163504968382925
2024-09-06,11250,11250,11010,11010,13101,-0.022202486678507993
2024-09-09,10840,11080,10680,11080,20525,0.006357856494096259
2024-09-10,11070,11170,10960,11170,30372,0.008122743682310363
2024-09-11,11170,11300,11080,11220,12654,0.004476275738585445
2024-09-12,11120,11300,11120,11280,13261,0.005347593582887722
2024-09-13,11320,11320,11140,11290,10094,0.0008865248226950229
2024-09-19,11290,11290,11060,11230,18433,-0.005314437555358764
2024-09-20,11240,11240,11060,11210,55203,-0.0017809439002671734
2024-09-23,11120,11270,11090,11200,13184,-0.000892060660124927
2024-09-24,11140,11250,11020,11160,18840,-0.0035714285714285587
2024-09-25,11160,11160,10760,10760,30346,-0.03584229390681004
2024-09-26,10770,10920,10750,10900,34380,0.013011152416356975
2024-09-27,10850,10910,10740,10830,13047,-0.006422018348623881
2024-09-30,10810,10820,10540,10730,42120,-0.009233610341643606
2024-10-02,10720,10720,10490,10620,21310,-0.010251630941286116
2024-10-04,10600,10600,10460,10540,18583,-0.007532956685499026
2024-10-07,10580,11020,10560,11010,41365,0.04459203036053139
2024-10-08,11010,11250,10900,11130,58598,0.01089918256130784
2024-10-10,11130,11510,11110,11380,45646,0.022461814914645162
2024-10-11,11380,11430,11200,11350,19996,-0.002636203866432374
2024-10-14,11360,11360,11090,11280,34471,-0.006167400881057272
2024-10-15,11280,11290,11140,11250,19889,-0.0026595744680850686
2024-10-16,11260,11260,11130,11230,13771,-0.001777777777777767
2024-10-17,11240,11340,11170,11240,18264,0.0008904719501334757
2024-10-18,11270,11420,11230,11330,37916,0.008007117437722311
2024-10-21,11340,11340,11100,11200,29493,-0.011473962930273585
2024-10-22,11200,11220,11110,11200,7526,0.0
2024-10-23,11200,11320,11100,11320,18429,0.010714285714285676
2024-10-24,11330,11380,11190,11320,15955,0.0
2024-10-25,11330,11360,11200,11300,21363,-0.0017667844522968323
2024-10-28,11290,11320,11230,11310,20773,0.0008849557522123686
2024-10-29,11310,11310,11180,11240,26785,-0.006189213085764811
2024-10-30,11250,11290,11130,11290,21192,0.004448398576512469
2024-10-31,11290,11290,11170,11270,13006,-0.001771479185119551
2024-11-01,11270,11270,11160,11210,17849,-0.0053238686779059075
2024-11-04,11210,11240,11120,11220,48201,0.000892060660124816
2024-11-05,11140,11280,11140,11240,20673,0.0017825311942958333
2024-11-06,11240,11300,11070,11070,17579,-0.015124555160142328
2024-11-07,11070,11150,10970,11070,16561,0.0
2024-11-08,11040,11130,11040,11070,4646,0.0
2024-11-11,11040,11100,11000,11100,7493,0.0027100271002709064
2024-11-12,11100,11110,10940,11020,19906,-0.007207207207207245
2024-11-13,11020,11100,10670,10670,57592,-0.03176043557168784
2024-11-14,10670,10750,10590,10720,17203,0.004686035613870709
2024-11-15,10760,10760,10590,10740,22371,0.001865671641791078
2024-11-18,10730,10840,10570,10670,68065,-0.0065176908752327956
2024-11-19,10710,10740,10580,10730,13675,0.005623242736644718
2024-11-20,10730,10760,10650,10740,19787,0.0009319664492077884
2024-11-21,10740,10770,10660,10660,21047,-0.007448789571694592
2024-11-22,10660,10750,10660,10720,4804,0.0056285178236397115
2024-11-25,10740,10880,10730,10850,29001,0.012126865671641784
2024-11-26,10870,11090,10850,11090,19245,0.022119815668202758
2024-11-27,11100,11260,11030,11170,21278,0.007213706041478751
2024-11-28,11200,11240,11090,11170,15718,0.0
2024-11-29,11170,11170,10980,11120,16133,-0.004476275738585445
2024-12-02,11120,11140,11050,11110,8020,-0.0008992805755395628
2024-12-03,11110,11290,11090,11270,28409,0.014401440144014455
2024-12-04,11150,11160,10960,11150,32455,-0.010647737355811926
2024-12-05,11090,11160,11040,11070,18675,-0.007174887892376636
2024-12-06,11070,11120,10980,10990,28793,-0.0072267389340560095
2024-12-09,10950,10950,10630,10770,26348,-0.020018198362147355
2024-12-10,10680,10970,10680,10890,12620,0.011142061281337101
2024-12-11,10890,11110,10770,11040,21626,0.01377410468319562
2024-12-12,11030,11180,11030,11170,20533,0.011775362318840576
2024-12-13,11110,11240,11110,11200,22300,0.0026857654431513556
2024-12-16,11170,11290,11120,11240,20441,0.0035714285714285587
2024-12-17,11160,11250,11160,11240,11980,0.0
2024-12-18,11230,11320,11180,11290,27585,0.004448398576512469
2024-12-19,11150,11530,11070,11520,48150,0.02037201062887517
2024-12-20,11520,11800,11430,11800,60368,0.02430555555555558
2024-12-23,11770,11860,11590,11860,14345,0.005084745762711895
2024-12-24,11750,11810,11530,11660,15116,-0.016863406408094472
2024-12-26,11570,11760,11420,11500,10210,-0.013722126929674117
2024-12-27,11350,11350,10980,11030,21447,-0.04086956521739127
2024-12-30,11030,11030,10840,10870,15926,-0.01450589301903904
2025-01-02,10870,10940,10810,10820,9038,-0.004599816007359703
2025-01-03,10820,10980,10820,10870,8200,0.004621072088724532
2025-01-06,10870,10930,10820,10920,4606,0.004599816007359703
2025-01-07,10930,10990,10900,10950,7465,0.0027472527472527375
2025-01-08,10940,10970,10800,10910,4073,-0.0036529680365297024
2025-01-09,10920,11020,10840,10840,14341,-0.006416131989000928
2025-01-10,10830,10910,10820,10900,6682,0.005535055350553542
2025-01-13,10890,10890,10750,10760,7058,-0.012844036697247652
2025-01-14,10760,10800,10700,10790,8242,0.0027881040892192566
2025-01-15,10830,10830,10670,10690,11740,-0.009267840593141785
2025-01-16,10770,10770,10520,10640,18193,-0.004677268475210439
2025-01-17,10720,10750,10650,10750,3491,0.010338345864661758
2025-01-20,10800,10800,10660,10670,7469,-0.007441860465116301
2025-01-21,10750,10780,10630,10650,12526,-0.0018744142455482393
2025-01-22,10730,10730,10500,10550,618501,-0.009389671361502372
2025-01-23,10590,10590,10470,10480,10587,-0.006635071090047351
2025-01-24,10430,10640,10430,10640,9372,0.01526717557251911
2025-01-31,10660,10680,10580,10610,7198,-0.0028195488721804995
2025-02-03,10660,10680,10500,10530,3265,-0.007540056550424112
2025-02-04,10480,10600,10480,10600,20383,0.006647673314339908
2025-02-05,10610,10660,10580,10580,15074,-0.0018867924528301883
2025-02-06,10560,10690,10560,10690,13924,0.010396975425330801
2025-02-07,10700,10720,10650,10670,3667,-0.00187090739008422
2025-02-10,10640,10720,10560,10710,14490,0.0037488284910964786
2025-02-11,10710,10750,10660,10710,9785,0.0
2025-02-12,10720,10740,10650,10650,4208,-0.0056022408963585235
2025-02-13,10680,10700,10500,10510,22741,-0.013145539906103232
2025-02-14,10510,10610,10490,10510,25153,0.0
2025-02-17,10510,10650,10510,10610,47002,0.009514747859181716
2025-02-18,10570,10670,10540,10600,17477,-0.0009425070688030557
2025-02-19,10560,10680,10560,10590,37788,-0.0009433962264151496
2025-02-20,10590,10760,10590,10620,26007,0.0028328611898016387
2025-02-21,10710,10760,10650,10670,18198,0.00470809792843685
2025-02-24,10640,10850,10640,10830,37344,0.014995313964386137
2025-02-25,10800,10990,10790,10950,41009,0.011080332409972193
2025-02-26,11110,11770,11110,11640,145628,0.06301369863013706
2025-02-27,11610,11610,11200,11500,85362,-0.012027491408934665
2025-02-28,11500,11520,11330,11400,26085,-0.008695652173912993
2025-03-04,11400,11540,11370,11370,15671,-0.0026315789473684292
2025-03-05,11440,11480,11310,11370,9446,0.0
2025-03-06,11330,11550,11330,11490,17649,0.01055408970976246
2025-03-07,11490,11620,11210,11570,26658,0.006962576153176636
2025-03-10,11390,11550,11390,11520,17424,-0.004321521175453813
2025-03-11,11410,11580,11400,11550,26836,0.0026041666666667407
2025-03-12,11530,11540,11220,11230,77203,-0.027705627705627678
2025-03-13,11230,11340,11010,11170,21710,-0.005342831700801409
2025-03-14,11070,11240,11070,11180,17258,0.0008952551477170445
2025-03-17,11300,11370,11200,11340,29013,0.014311270125223707
2025-03-18,11340,11360,11260,11350,6049,0.0008818342151675207
2025-03-19,11350,11460,11300,11450,6735,0.008810572687224738
2025-03-20,11450,11560,11400,11550,10280,0.008733624454148492
2025-03-21,11520,11650,11480,11480,16513,-0.0060606060606061
2025-03-24,11400,11520,11360,11440,8290,-0.0034843205574912606
2025-03-25,11450,11480,11310,11340,7646,-0.00874125874125875
2025-03-26,11360,11390,11320,11370,6380,0.002645502645502562
2025-03-27,11300,11490,11300,11460,27675,0.0079155672823219
2025-03-28,11260,11300,11000,11120,24367,-0.029668411867364797
2025-03-31,11050,11050,10930,10970,13860,-0.013489208633093552
2025-04-01,10920,11100,10890,10940,58386,-0.0027347310847766204
2025-04-02,10950,11080,10830,10830,26811,-0.010054844606946944
2025-04-03,10770,10810,10700,10770,13474,-0.005540166204986097
2025-04-04,10770,10800,10650,10730,19270,-0.00371402042711233
2025-04-07,10720,10730,10310,10400,25834,-0.03075489282385835
2025-04-08,10540,10640,10480,10640,16891,0.023076923076922995
2025-04-09,10640,10690,10470,10600,27057,-0.003759398496240629
2025-04-10,10700,10900,10600,10850,54746,0.02358490566037741
2025-04-11,10800,10890,10760,10860,21019,0.0009216589861751334
2025-04-14,10860,10930,10760,10800,19448,-0.0055248618784530246
2025-04-15,10860,10950,10770,10860,83443,0.005555555555555536
2025-04-16,10900,10960,10820,10890,38036,0.0027624309392264568
2025-04-17,10930,10940,10790,10830,16983,-0.0055096418732781816
2025-04-18,10900,10940,10800,10800,13235,-0.0027700831024930483
2025-04-21,10850,10930,10810,10890,24260,0.008333333333333304
2025-04-22,10920,10990,10800,10880,41692,-0.0009182736455464191
2025-04-23,10890,11000,10780,10810,48742,-0.006433823529411797
2025-04-24,10820,11090,10810,11090,37934,0.02590194264569834
2025-04-25,11100,11240,11070,11180,29012,0.008115419296663706
2025-04-28,11220,11250,11070,11070,30807,-0.009838998211091243
2025-04-29,11070,11240,11010,11230,38355,0.014453477868112019
2025-04-30,11230,11270,11130,11260,22370,0.002671415850400649
2025-05-02,11270,11300,11170,11200,42879,-0.005328596802841923
2025-05-07,11300,11300,11100,11170,15239,-0.002678571428571419
2025-05-08,11080,11190,10910,10970,24515,-0.017905102954342
2025-05-09,11000,11200,10950,11080,33285,0.010027347310847867
2025-05-12,11000,11190,11000,11080,27395,0.0
2025-05-13,11150,11560,11090,11440,68879,0.032490974729241895
2025-05-14,11440,11610,11380,11500,21320,0.005244755244755206
2025-05-15,11500,11560,11380,11480,22145,-0.0017391304347825765
2025-05-16,11480,11650,11440,11500,26777,0.0017421602787457413
2025-05-19,11550,11550,11230,11340,22511,-0.013913043478260834
2025-05-20,11360,11450,11320,11380,13822,0.003527336860670305
2025-05-21,11380,11480,11310,11410,21824,0.002636203866432263
2025-05-22,11410,11410,11220,11370,20608,-0.0035056967572304476
2025-05-23,11350,11410,11200,11280,34721,-0.0079155672823219
2025-05-26,11300,11490,11220,11470,31221,0.016843971631205656
2025-05-27,11470,11480,11370,11470,12464,0.0
2025-05-28,11480,11650,11410,11580,64925,0.009590235396687019
2025-05-29,11650,12260,11650,12210,140312,0.05440414507772018
2025-05-30,12260,12390,11920,11930,79291,-0.0229320229320229
2025-06-02,12140,12240,11820,11910,57168,-0.0016764459346185756
2025-06-04,12100,12300,11860,11890,283377,-0.0016792611251049694
2025-06-05,12090,12600,12060,12220,225366,0.027754415475189198
2025-06-09,12400,13150,12400,12720,317124,0.04091653027823239
2025-06-10,13300,13630,12720,12950,371326,0.018081761006289332
2025-06-11,12930,12930,12350,12500,431102,-0.03474903474903479
2025-06-12,12500,12700,12420,12510,157094,0.0007999999999999119
2025-06-13,12600,12600,12140,12240,131065,-0.021582733812949617
2025-06-16,12240,12730,12180,12700,141632,0.03758169934640532
