Date,Open,High,Low,Close,Volume,Change
2022-01-03,41100,41200,39900,40350,82257,-0.01585365853658538
2022-01-04,40100,40350,39000,39400,90833,-0.023543990086741018
2022-01-05,39600,41400,38500,39400,164769,0.0
2022-01-06,38500,39200,37700,37700,119607,-0.043147208121827374
2022-01-07,37750,38700,37500,37600,90958,-0.0026525198938992522
2022-01-10,37600,37700,36100,36250,104158,-0.03590425531914898
2022-01-11,36300,36800,34700,35050,164008,-0.03310344827586209
2022-01-12,35450,37600,35450,37150,136069,0.059914407988587826
2022-01-13,37800,37800,35050,35450,205256,-0.04576043068640645
2022-01-14,34800,35750,34650,35750,62733,0.008462623413258097
2022-01-17,35200,35600,34700,34900,76318,-0.023776223776223793
2022-01-18,34550,35250,33750,33800,81178,-0.03151862464183386
2022-01-19,32900,33500,31950,32450,148973,-0.0399408284023669
2022-01-20,32450,33450,32400,33400,70896,0.02927580893682591
2022-01-21,32900,33650,32200,32500,66013,-0.026946107784431184
2022-01-24,32500,32500,30700,31050,104411,-0.04461538461538461
2022-01-25,31100,31800,28950,29200,157227,-0.05958132045088571
2022-01-26,28750,29800,28750,29000,76123,-0.006849315068493178
2022-01-27,28700,28900,27150,27650,95148,-0.04655172413793107
2022-01-28,27800,29000,27200,28850,69671,0.0433996383363473
2022-02-03,30200,31400,29800,30500,98090,0.05719237435008662
2022-02-04,30400,31250,30050,31250,37556,0.024590163934426146
2022-02-07,31200,31200,29250,30900,43682,-0.011199999999999988
2022-02-08,30550,31350,30250,30550,34926,-0.01132686084142398
2022-02-09,31000,31000,30050,30350,31155,-0.006546644844517169
2022-02-10,30800,31300,29900,30200,45499,-0.0049423393739703725
2022-02-11,29750,31850,29550,30400,63906,0.0066225165562914245
2022-02-14,29550,30300,28700,28750,55814,-0.05427631578947367
2022-02-15,28550,29350,27300,27550,72531,-0.04173913043478261
2022-02-16,28000,28700,27900,28650,77254,0.03992740471869327
2022-02-17,28350,28750,27400,27950,78336,-0.024432809773123898
2022-02-18,27500,28150,26850,27700,56772,-0.008944543828264706
2022-02-21,27600,27950,27000,27800,25412,0.0036101083032491488
2022-02-22,27100,27700,26850,27300,41805,-0.017985611510791366
2022-02-23,27300,27950,27200,27350,35740,0.001831501831501825
2022-02-24,27200,27450,26400,26850,57071,-0.018281535648994485
2022-02-25,27100,27950,27000,27400,38717,0.020484171322160183
2022-02-28,27750,27750,27000,27650,20011,0.009124087591240837
2022-03-02,27750,28500,27500,28300,30566,0.02350813743218816
2022-03-03,28350,29050,28250,28800,30933,0.0176678445229681
2022-03-04,29000,29000,28050,28250,36359,-0.01909722222222221
2022-03-07,28000,28000,27300,27400,26988,-0.030088495575221197
2022-03-08,27150,27600,26550,27050,37119,-0.012773722627737238
2022-03-10,27600,28250,27350,27750,27218,0.025878003696857776
2022-03-11,27750,29900,27750,28750,68395,0.03603603603603611
2022-03-14,28750,28900,27050,27250,60704,-0.05217391304347829
2022-03-15,27000,27550,26700,27200,38597,-0.0018348623853210455
2022-03-16,27400,27850,27200,27500,40178,0.011029411764705843
2022-03-17,27800,28800,27800,28450,54104,0.034545454545454435
2022-03-18,28850,28850,27900,28700,36100,0.008787346221441172
2022-03-21,28700,28800,28200,28300,32903,-0.013937282229965153
2022-03-22,28100,28650,27850,27950,56109,-0.012367491166077715
2022-03-23,28200,29750,27400,27800,108331,-0.00536672629695889
2022-03-24,27400,27800,26650,27200,117653,-0.021582733812949617
2022-03-25,27300,27300,26600,27000,121789,-0.007352941176470562
2022-03-28,27100,27150,26700,26700,52490,-0.011111111111111072
2022-03-29,26800,27500,26400,27150,77636,0.016853932584269593
2022-03-30,27350,27600,26550,26900,75765,-0.009208103130755041
2022-03-31,27000,27350,26750,27050,54478,0.005576208178438735
2022-04-01,27150,27200,26700,26750,43227,-0.011090573012939031
2022-04-04,26950,27000,26650,26800,38514,0.0018691588785046953
2022-04-05,26950,27450,26800,26900,34904,0.003731343283582156
2022-04-06,26800,26800,26300,26400,56614,-0.018587360594795488
2022-04-07,26200,26600,24950,25100,139677,-0.0492424242424242
2022-04-08,25000,25450,24550,25200,90685,0.003984063745019917
2022-04-11,25150,25150,24450,24750,32691,-0.017857142857142905
2022-04-12,24300,24500,23700,23850,91573,-0.036363636363636376
2022-04-13,23850,24450,23700,24450,39926,0.02515723270440251
2022-04-14,24450,25350,23500,25000,43539,0.02249488752556239
2022-04-15,24950,24950,24200,24400,23074,-0.02400000000000002
2022-04-18,24350,24350,23700,23700,26758,-0.02868852459016391
2022-04-19,23700,24050,23350,23400,43054,-0.012658227848101222
2022-04-20,23400,23550,22100,22450,121427,-0.040598290598290565
2022-04-21,22700,22950,22350,22700,38739,0.011135857461024523
2022-04-22,22350,22500,21700,21900,65001,-0.03524229074889873
2022-04-25,21700,21700,21000,21250,58658,-0.029680365296803624
2022-04-26,21050,22050,21050,21800,28970,0.025882352941176467
2022-04-27,21200,23300,20950,21850,79191,0.002293577981651307
2022-04-28,22300,22750,21750,22650,32648,0.03661327231121292
2022-04-29,22650,23650,22250,23500,49596,0.03752759381898452
2022-05-02,22800,23850,22700,23550,25105,0.0021276595744681437
2022-05-03,23600,23700,22750,22800,26092,-0.031847133757961776
2022-05-04,22700,22900,21900,22000,30477,-0.03508771929824561
2022-05-06,21750,21750,21100,21100,37508,-0.040909090909090895
2022-05-09,21000,21350,20100,20350,40456,-0.03554502369668244
2022-05-10,20000,20500,19150,20250,58589,-0.004914004914004955
2022-05-11,20250,20650,19900,20450,20744,0.009876543209876631
2022-05-12,20250,20450,19400,19450,42824,-0.0488997555012225
2022-05-13,19400,20250,19400,20150,24338,0.0359897172236503
2022-05-16,20300,21200,20250,20400,19237,0.012406947890818865
2022-05-17,20400,20750,20150,20500,19470,0.004901960784313708
2022-05-18,20700,21050,20400,20750,14980,0.012195121951219523
2022-05-19,20350,20450,19900,20450,17505,-0.014457831325301207
2022-05-20,20450,21650,20300,21400,37360,0.046454767726161306
2022-05-23,21550,23450,21500,23200,90888,0.08411214953271018
2022-05-24,23000,24900,22550,24150,228098,0.04094827586206895
2022-05-25,24600,24600,23800,24150,91483,0.0
2022-05-26,23900,24400,23000,23350,96097,-0.0331262939958592
2022-05-27,23450,23800,22600,22800,60624,-0.023554603854389677
2022-05-30,22900,23150,22100,22300,54249,-0.021929824561403466
2022-05-31,22550,22950,22200,22450,112241,0.006726457399103047
2022-06-02,22700,24500,22500,24100,115557,0.07349665924276172
2022-06-03,24100,24300,23250,23350,46018,-0.03112033195020747
2022-06-07,23350,23350,22150,22250,28215,-0.047109207708779466
2022-06-08,22250,23650,22000,22700,59196,0.020224719101123556
2022-06-09,22800,27200,22700,26850,685609,0.18281938325991187
2022-06-10,26400,27150,25300,25300,235849,-0.05772811918063314
2022-06-13,24850,25850,23800,24000,153511,-0.0513833992094862
2022-06-14,23500,25800,23150,25150,231985,0.04791666666666661
2022-06-15,24900,26300,24300,25350,138587,0.007952286282306265
2022-06-16,26050,26550,24950,24950,91284,-0.015779092702169595
2022-06-17,24400,27700,24050,27550,337023,0.10420841683366744
2022-06-20,27500,27950,26200,26400,184061,-0.04174228675136116
2022-06-21,27100,28650,26400,27400,259663,0.037878787878787845
2022-06-22,27950,28500,25600,25800,144091,-0.058394160583941646
2022-06-23,25950,28350,25950,26850,274473,0.04069767441860472
2022-06-24,27500,29250,27450,27850,231369,0.03724394785847296
2022-06-27,28400,28400,26950,27300,131763,-0.019748653500897717
2022-06-28,27000,27750,24500,24800,218081,-0.09157509157509158
2022-06-29,24250,24450,22150,23300,235182,-0.06048387096774188
2022-06-30,23000,23500,22550,22600,79643,-0.030042918454935674
2022-07-01,22650,23800,20600,21000,210284,-0.07079646017699115
2022-07-04,21000,21400,19850,20300,88600,-0.033333333333333326
2022-07-05,20600,21600,20150,21500,111929,0.059113300492610765
2022-07-06,21700,24500,21200,22950,331947,0.06744186046511635
2022-07-07,23000,23550,22700,22950,79951,0.0
2022-07-08,23100,23650,22500,23500,68715,0.023965141612200425
2022-07-11,23500,24500,22750,23400,61682,-0.004255319148936176
2022-07-12,23050,23800,22500,23000,47154,-0.017094017094017144
2022-07-13,23400,23900,22700,23000,84504,0.0
2022-07-14,22700,22900,20950,21750,162076,-0.05434782608695654
2022-07-15,21750,21900,20500,20950,94751,-0.0367816091954023
2022-07-18,21100,21750,21100,21700,46974,0.03579952267303099
2022-07-19,21150,22000,21150,21750,33709,0.0023041474654377225
2022-07-20,22100,22100,21300,21600,65829,-0.006896551724137945
2022-07-21,21500,21650,21050,21250,28510,-0.01620370370370372
2022-07-22,21450,21450,20850,20950,44947,-0.014117647058823568
2022-07-25,21000,21000,20350,20450,43407,-0.023866348448687402
2022-07-26,20450,21800,20350,21000,49995,0.02689486552567244
2022-07-27,21400,21750,20800,21350,45941,0.016666666666666607
2022-07-28,21500,21600,20700,20700,55728,-0.030444964871194413
2022-07-29,20850,20850,20450,20650,46852,-0.0024154589371980784
2022-08-01,20600,21150,20400,21150,31266,0.02421307506053272
2022-08-02,21150,21800,20650,21500,61711,0.016548463356973908
2022-08-03,21500,22050,21250,21450,58715,-0.0023255813953488857
2022-08-04,22500,23450,21950,22600,256016,0.053613053613053685
2022-08-05,22600,25400,22300,25200,431087,0.11504424778761058
2022-08-08,25450,26500,24500,25050,296938,-0.005952380952380931
2022-08-09,24750,25000,24200,24650,86078,-0.015968063872255467
2022-08-10,24450,24550,22750,22800,144657,-0.07505070993914809
2022-08-11,22900,23500,22900,23500,63142,0.030701754385964897
2022-08-12,23150,23450,22600,23200,57049,-0.012765957446808529
2022-08-16,23050,23100,22400,22700,59627,-0.02155172413793105
2022-08-17,22700,22700,22050,22100,49982,-0.026431718061673992
2022-08-18,22000,22000,21350,21650,69132,-0.020361990950226283
2022-08-19,21350,21800,21150,21800,58672,0.006928406466512715
2022-08-22,21450,21750,21100,21200,33361,-0.02752293577981646
2022-08-23,21350,21350,20500,20650,53577,-0.02594339622641506
2022-08-24,20650,21000,20150,20700,60632,0.002421307506053294
2022-08-25,20600,21650,20600,21450,44047,0.03623188405797095
2022-08-26,21500,21950,21250,21450,37571,0.0
2022-08-29,20200,21150,20150,20700,69312,-0.034965034965035
2022-08-30,20950,21550,20800,21400,27136,0.033816425120772875
2022-08-31,21400,21500,20950,21400,22849,0.0
2022-09-01,22300,22650,21350,21850,117567,0.02102803738317749
2022-09-02,21750,23550,21750,23550,172868,0.0778032036613272
2022-09-05,23600,23650,22350,23000,101049,-0.023354564755838636
2022-09-06,23350,23350,22400,22750,56393,-0.010869565217391353
2022-09-07,22450,22650,21750,22600,45477,-0.00659340659340657
2022-09-08,22450,23050,21450,21550,79304,-0.04646017699115046
2022-09-13,21550,21950,21550,21850,43630,0.0139211136890951
2022-09-14,21000,21250,20750,21200,41867,-0.029748283752860427
2022-09-15,21400,21750,20850,20950,33320,-0.011792452830188704
2022-09-16,20700,20850,20050,20050,79498,-0.042959427207637235
2022-09-19,21050,21300,20150,20400,62876,0.0174563591022443
2022-09-20,20600,21250,20050,20050,99338,-0.01715686274509809
2022-09-21,20050,20150,19650,20000,45677,-0.0024937655860348684
2022-09-22,19500,19650,18750,19200,92195,-0.040000000000000036
2022-09-23,18850,19300,17950,18250,95714,-0.04947916666666663
2022-09-26,17650,17850,17050,17250,95014,-0.0547945205479452
2022-09-27,17250,17600,16750,17350,67713,0.005797101449275255
2022-09-28,18100,22500,17350,21000,738637,0.21037463976945237
2022-09-29,20100,21400,18600,18700,317787,-0.10952380952380958
2022-09-30,18200,19750,17800,18550,132947,-0.008021390374331583
2022-10-04,18600,19350,18500,18750,74097,0.010781671159029615
2022-10-05,18950,20000,18950,19300,108080,0.029333333333333433
2022-10-06,19400,20100,19100,19750,74669,0.023316062176165886
2022-10-07,19600,21150,19400,20300,121308,0.02784810126582271
2022-10-11,19800,19850,18050,18050,120236,-0.11083743842364535
2022-10-12,18100,18550,17800,18450,45055,0.02216066481994461
2022-10-13,18100,18300,16950,17050,93802,-0.07588075880758804
2022-10-14,17450,19050,17400,18800,96666,0.1026392961876832
2022-10-17,18300,19350,18300,19000,45423,0.010638297872340496
2022-10-18,19700,20200,19050,19800,63473,0.042105263157894646
2022-10-19,19950,20550,19400,19600,84171,-0.010101010101010055
2022-10-20,19250,19950,19250,19550,42192,-0.0025510204081632404
2022-10-21,19350,19500,18750,18750,40579,-0.04092071611253201
2022-10-24,19200,19800,18800,19600,59147,0.045333333333333226
2022-10-25,19800,20450,19450,19950,58287,0.017857142857142794
2022-10-26,19850,20100,19050,19300,53591,-0.03258145363408527
2022-10-27,19350,20000,19150,19750,34718,0.023316062176165886
2022-10-28,19450,19900,19300,19400,18124,-0.017721518987341756
2022-10-31,19900,20500,19800,19800,46105,0.020618556701030855
2022-11-01,19850,20500,19300,19700,55051,-0.005050505050505083
2022-11-02,20000,21300,19850,20300,216107,0.030456852791878264
2022-11-03,19800,20500,19750,20250,56384,-0.0024630541871921707
2022-11-04,19900,20450,19750,20150,37822,-0.004938271604938316
2022-11-07,20150,20850,20050,20450,39280,0.014888337468982549
2022-11-08,20550,22250,20550,21700,211763,0.06112469437652801
2022-11-09,22000,22450,21250,21700,82980,0.0
2022-11-10,21300,21850,21150,21150,69922,-0.025345622119815614
2022-11-11,21850,22800,21750,21850,153813,0.03309692671394804
2022-11-14,21850,21850,20000,20200,158558,-0.07551487414187641
2022-11-15,20250,21250,19600,20900,126467,0.034653465346534684
2022-11-16,20950,22500,20650,21950,157125,0.05023923444976086
2022-11-17,22200,22350,21400,21550,47526,-0.018223234624145768
2022-11-18,21600,21850,21000,21100,49767,-0.02088167053364265
2022-11-21,21050,21500,20550,20600,40147,-0.023696682464455
2022-11-22,20300,20700,20200,20250,42550,-0.016990291262135915
2022-11-23,20500,21150,20300,20900,46056,0.032098765432098775
2022-11-24,20650,21250,20650,21100,21547,0.009569377990430672
2022-11-25,21100,22650,20650,21100,121415,0.0
2022-11-28,21200,21300,20300,20400,51843,-0.033175355450236976
2022-11-29,20300,21250,20300,21000,31138,0.02941176470588225
2022-11-30,21200,21700,20800,21350,40022,0.016666666666666607
2022-12-01,21750,21900,21350,21600,37733,0.011709601873536313
2022-12-02,21850,21850,21050,21700,20467,0.004629629629629539
2022-12-05,21350,22100,21250,22000,42535,0.01382488479262678
2022-12-06,21850,22000,21100,21150,37767,-0.03863636363636369
2022-12-07,21150,21650,20400,20850,46654,-0.014184397163120588
2022-12-08,21200,21200,20150,20750,38777,-0.004796163069544335
2022-12-09,20800,21400,20650,21250,36565,0.024096385542168752
2022-12-12,21250,21250,20800,20900,21784,-0.016470588235294126
2022-12-13,20950,21450,20450,21100,44282,0.009569377990430672
2022-12-14,21400,22200,21250,21400,98076,0.014218009478673022
2022-12-15,21500,21600,21000,21200,30064,-0.009345794392523366
2022-12-16,20800,21700,20750,21700,34435,0.02358490566037741
2022-12-19,21800,22200,21600,21700,66232,0.0
2022-12-20,22000,22550,20450,20800,124788,-0.04147465437788023
2022-12-21,21000,21800,20600,21350,93821,0.02644230769230771
2022-12-22,21500,21700,21250,21400,27402,0.0023419203747072626
2022-12-23,21350,21350,20350,20500,47167,-0.04205607476635509
2022-12-26,20250,21300,20250,20550,26077,0.0024390243902439046
2022-12-27,20800,20950,20400,20850,28268,0.014598540145985384
2022-12-28,20900,21250,20650,20900,24596,0.0023980815347721673
2022-12-29,20950,20950,20200,20350,28449,-0.02631578947368418
2023-01-02,20600,22250,20600,21300,127614,0.04668304668304679
2023-01-03,21500,22800,21150,22600,200733,0.06103286384976525
2023-01-04,22600,23100,21850,22150,105185,-0.019911504424778736
2023-01-05,22150,22150,21150,21500,87017,-0.02934537246049662
2023-01-06,21500,21650,20800,21500,40181,0.0
2023-01-09,21500,23200,21200,21850,224073,0.016279069767441756
2023-01-10,21850,22000,21050,21350,77991,-0.022883295194508046
2023-01-11,21550,22400,21000,21900,107799,0.025761124121779888
2023-01-12,22300,22300,21400,21900,44130,0.0
2023-01-13,22050,22800,21750,22450,113154,0.02511415525114158
2023-01-16,22500,22900,21950,22550,62772,0.00445434298440972
2023-01-17,22550,22550,21450,21500,68920,-0.04656319290465627
2023-01-18,21500,21700,21150,21500,25209,0.0
2023-01-19,21550,22100,21300,21500,33522,0.0
2023-01-20,21700,21750,21000,21100,51233,-0.018604651162790753
2023-01-25,21250,21400,20750,21100,37944,0.0
2023-01-26,21000,21600,20900,21100,45344,0.0
2023-01-27,21100,21400,20950,21350,46478,0.011848341232227444
2023-01-30,21400,21400,21050,21150,24175,-0.00936768149882905
2023-01-31,20950,21400,20600,21350,54486,0.009456264775413725
2023-02-01,21500,22600,21300,22350,158262,0.04683840749414525
2023-02-02,22600,23300,22100,22800,115724,0.020134228187919545
2023-02-03,22700,23450,22500,22850,55494,0.002192982456140413
2023-02-06,22800,24300,22300,24100,196376,0.054704595185995686
2023-02-07,24100,24150,23550,24050,67813,-0.0020746887966804906
2023-02-08,24050,24300,23700,24150,54987,0.004158004158004047
2023-02-09,23900,24000,23350,23600,73003,-0.022774327122153215
2023-02-10,23550,23600,22700,23050,44547,-0.02330508474576276
2023-02-13,23050,23450,22500,22750,35184,-0.013015184381778733
2023-02-14,23050,23550,22700,23500,39595,0.03296703296703307
2023-02-15,23250,23900,20700,21900,261805,-0.06808510638297871
2023-02-16,22200,22600,21900,21900,38397,0.0
2023-02-17,21800,22350,21400,22000,41894,0.004566210045662045
2023-02-20,21700,23100,21550,22900,53305,0.040909090909091006
2023-02-21,23000,23150,22000,22250,51949,-0.028384279475982543
2023-02-22,21650,22350,21300,21900,67922,-0.01573033707865168
2023-02-23,22300,22300,21400,21400,44698,-0.022831050228310557
2023-02-24,21700,21700,20850,21200,60367,-0.009345794392523366
2023-02-27,21050,23000,20850,22200,98225,0.04716981132075482
2023-02-28,22200,22200,21300,21600,59474,-0.027027027027026973
2023-03-02,21550,21650,21100,21200,37365,-0.01851851851851849
2023-03-03,21300,22200,21050,21600,56689,0.018867924528301883
2023-03-06,21700,21800,21200,21600,46068,0.0
2023-03-07,21500,23450,21350,22900,167423,0.06018518518518512
2023-03-08,23100,26800,22400,25000,1406902,0.09170305676855905
2023-03-09,24950,24950,23200,24100,343877,-0.03600000000000003
2023-03-10,24100,25350,23500,23850,236264,-0.010373443983402453
2023-03-13,23200,23400,22400,22750,99397,-0.04612159329140464
2023-03-14,22700,22700,21100,21150,124898,-0.0703296703296703
2023-03-15,21850,22950,21550,22700,91815,0.07328605200945626
2023-03-16,22350,23000,21800,22450,58100,-0.011013215859030812
2023-03-17,22450,23950,22150,23800,122386,0.060133630289532336
2023-03-20,24050,24600,23350,23600,70376,-0.008403361344537785
2023-03-21,24200,25000,23700,23700,154838,0.004237288135593209
2023-03-22,23800,24050,23250,23600,58304,-0.00421940928270037
2023-03-23,23400,24000,22650,22900,78129,-0.029661016949152574
2023-03-24,22900,23550,22700,22900,55977,0.0
2023-03-27,22750,22850,21300,22050,144567,-0.037117903930131035
2023-03-28,22050,22150,21500,21900,95916,-0.006802721088435382
2023-03-29,21800,22150,21650,21950,54612,0.0022831050228311334
2023-03-30,22000,22400,21500,22050,92309,0.004555808656036442
2023-03-31,22250,22600,21750,22400,72465,0.015873015873015817
2023-04-03,22450,22800,21550,21750,85218,-0.029017857142857095
2023-04-04,21850,22950,21400,22950,148562,0.05517241379310356
2023-04-05,23050,24100,22400,22750,239815,-0.008714596949891074
2023-04-06,23000,23800,22800,23200,155200,0.01978021978021971
2023-04-07,23500,23600,22350,22650,140078,-0.023706896551724088
2023-04-10,22700,22700,21650,22450,100751,-0.008830022075055233
2023-04-11,22450,22900,21950,22350,79946,-0.0044543429844098315
2023-04-12,22400,23500,21950,23200,156698,0.03803131991051445
2023-04-13,23200,23450,22500,23300,105445,0.004310344827586299
2023-04-14,23600,24750,23300,23850,222416,0.023605150214592197
2023-04-17,23850,24100,22500,22650,120885,-0.05031446540880502
2023-04-18,22850,23200,22500,22500,77172,-0.0066225165562914245
2023-04-19,22550,22550,21950,22100,129432,-0.01777777777777778
2023-04-20,22800,22800,21900,21900,105778,-0.009049773755656076
2023-04-21,22200,22350,21750,22050,60620,0.006849315068493178
2023-04-24,22100,22350,21700,22000,48680,-0.0022675736961451642
2023-04-25,22050,22150,21250,21600,66460,-0.018181818181818188
2023-04-26,21000,21900,20850,21100,62351,-0.02314814814814814
2023-04-27,21000,21150,20550,20900,60639,-0.009478672985781977
2023-04-28,21900,22050,20850,21150,94627,0.011961722488038173
2023-05-02,21400,21450,21150,21200,38125,0.0023640661938533203
2023-05-03,21000,21050,20600,20750,50646,-0.021226415094339646
2023-05-04,20750,21300,20650,21200,33125,0.02168674698795181
2023-05-08,21450,22200,21100,21250,77639,0.002358490566037652
2023-05-09,21200,21600,21050,21450,29232,0.009411764705882453
2023-05-10,21350,21550,21000,21000,27057,-0.020979020979020935
2023-05-11,20800,21100,20650,20650,41879,-0.01666666666666672
2023-05-12,20650,20850,19930,19930,83935,-0.03486682808716712
2023-05-15,19800,19800,18950,19210,55672,-0.03612644254892128
2023-05-16,19260,19500,19010,19100,31473,-0.005726184279021385
2023-05-17,19010,19400,19010,19090,37566,-0.0005235602094241232
2023-05-18,19130,19960,19110,19860,44811,0.04033525405971705
2023-05-19,19980,20050,19550,19990,27423,0.00654582074521648
2023-05-22,19990,20750,19850,20400,56197,0.02051025512756377
2023-05-23,20100,20550,20100,20300,18394,-0.004901960784313708
2023-05-24,20600,20600,19970,19970,20148,-0.01625615763546795
2023-05-25,19970,20050,19740,19820,25181,-0.007511266900350533
2023-05-26,19940,19940,19550,19740,31203,-0.004036326942482349
2023-05-30,19740,19800,19190,19220,51864,-0.02634245187436679
2023-05-31,19220,19750,19050,19230,37509,0.0005202913631634498
2023-06-01,19410,19890,19410,19640,38742,0.021320852834113335
2023-06-02,19900,20250,19810,20250,34664,0.031059063136456233
2023-06-05,20200,20400,19850,20200,26219,-0.0024691358024691024
2023-06-07,20200,20400,19800,19800,30355,-0.01980198019801982
2023-06-08,20050,20200,19710,19750,23158,-0.002525252525252486
2023-06-09,19750,20100,19750,19990,28243,0.012151898734177324
2023-06-12,20100,20150,19470,19470,33572,-0.026013006503251668
2023-06-13,19520,19590,19340,19340,27744,-0.00667693888032872
2023-06-14,19300,19300,18190,18280,145064,-0.054808686659772454
2023-06-15,18300,19300,17830,18900,97048,0.03391684901531722
2023-06-16,19200,19200,18140,18300,87909,-0.031746031746031744
2023-06-19,18580,18580,18000,18040,41425,-0.014207650273224015
2023-06-20,18040,18380,17850,18220,27482,0.009977827050997812
2023-06-21,18340,18340,17700,17720,49435,-0.027442371020856227
2023-06-22,17850,17870,17420,17420,27376,-0.0169300225733634
2023-06-23,17440,17590,17090,17280,44786,-0.008036739380022917
2023-06-26,17120,17480,16620,16990,40607,-0.01678240740740744
2023-06-27,17390,17390,16460,16590,64222,-0.023543260741612726
2023-06-28,16640,16840,16470,16500,26527,-0.005424954792043413
2023-06-29,16300,16450,15950,16200,49447,-0.018181818181818188
2023-06-30,16200,17050,15850,17010,66412,0.050000000000000044
2023-07-03,17010,17300,16200,16350,62018,-0.03880070546737213
2023-07-04,16360,16360,15620,15650,64585,-0.042813455657492394
2023-07-05,15650,15770,15240,15470,50568,-0.011501597444089406
2023-07-06,15450,15450,14650,15070,95267,-0.025856496444731758
2023-07-07,15070,15400,14840,15100,45818,0.001990710019907027
2023-07-10,14910,15240,14400,14600,76969,-0.0331125827814569
2023-07-11,14880,15020,14560,14960,42846,0.024657534246575352
2023-07-12,15050,15070,14600,14810,37065,-0.010026737967914423
2023-07-13,14810,15430,14810,15400,58352,0.03983794733288315
2023-07-14,15430,15430,14810,14840,72151,-0.036363636363636376
2023-07-17,15120,15310,14650,15260,44756,0.028301886792452935
2023-07-18,15360,15600,14780,15290,56699,0.001965923984272644
2023-07-19,15180,17010,15090,16120,221821,0.05428384565075217
2023-07-20,16200,16350,15700,16090,47392,-0.0018610421836228186
2023-07-21,16090,18830,15920,17600,467062,0.09384711000621504
2023-07-24,17610,17680,16660,16660,114316,-0.05340909090909096
2023-07-25,16550,16660,15500,15800,95526,-0.05162064825930368
2023-07-26,15690,15700,14130,14580,194057,-0.07721518987341769
2023-07-27,14310,14900,14310,14610,73241,0.002057613168724215
2023-07-28,14620,14900,14440,14800,34950,0.013004791238877544
2023-07-31,14810,15070,14710,14810,26337,0.0006756756756756133
2023-08-01,14710,15390,14710,15100,43822,0.019581363943281582
2023-08-02,15020,15500,14540,14710,59606,-0.025827814569536423
2023-08-03,14710,15300,14380,15270,48877,0.0380693405846364
2023-08-04,15200,15290,14790,14960,47998,-0.02030124426981006
2023-08-07,14850,15520,14700,15100,41578,0.009358288770053402
2023-08-08,15100,15100,14460,14540,55765,-0.03708609271523178
2023-08-09,14550,16480,14540,16000,199995,0.10041265474552952
2023-08-10,16000,16780,15580,16620,112974,0.03875000000000006
2023-08-11,16440,16700,16050,16450,47453,-0.010228640192539107
2023-08-14,16450,16560,15660,15660,46917,-0.04802431610942248
2023-08-16,15320,16130,15230,15460,50621,-0.012771392081736943
2023-08-17,15400,15560,15010,15470,35187,0.0006468305304010435
2023-08-18,15300,15300,14810,14950,39239,-0.03361344537815125
2023-08-21,15100,15750,14870,15380,36777,0.028762541806020003
2023-08-22,15140,15540,15140,15260,34870,-0.007802340702210642
2023-08-23,15430,16380,15210,16040,97825,0.051114023591087854
2023-08-24,15910,16180,15760,16050,37891,0.0006234413965087171
2023-08-25,16000,16500,15820,15900,37459,-0.009345794392523366
2023-08-28,15910,16100,15720,15830,33821,-0.004402515723270439
2023-08-29,15370,15600,14960,15460,96918,-0.023373341756159238
2023-08-30,15470,19740,15470,19000,875241,0.2289780077619663
2023-08-31,19190,21100,18850,19560,829730,0.02947368421052632
2023-09-01,19360,19400,17900,17900,269379,-0.0848670756646217
2023-09-04,18400,19390,17640,19030,396770,0.0631284916201118
2023-09-05,19030,20450,18990,19410,341877,0.019968470835522778
2023-09-06,20550,25200,19920,23750,4216497,0.22359608449252955
2023-09-07,23550,23950,22450,23600,744521,-0.0063157894736841635
2023-09-08,23600,25950,23600,25050,1267698,0.06144067796610164
2023-09-11,24850,25550,22850,23100,477678,-0.07784431137724546
2023-09-12,23700,24200,20950,22050,537006,-0.045454545454545414
2023-09-13,21700,24100,19640,19970,1382029,-0.09433106575963723
2023-09-14,20200,20700,19420,20350,233985,0.019028542814221394
2023-09-15,20800,21100,19430,19600,205628,-0.03685503685503688
2023-09-18,19550,20400,18930,19040,173930,-0.02857142857142858
2023-09-19,19040,19190,18180,18530,177490,-0.0267857142857143
2023-09-20,19000,19560,17710,17850,332330,-0.03669724770642202
2023-09-21,17640,17840,17000,17100,164853,-0.04201680672268904
2023-09-22,17010,17290,16500,16500,123679,-0.03508771929824561
2023-09-25,16500,16710,15560,16200,69827,-0.018181818181818188
2023-09-26,16180,16330,15590,15600,98242,-0.03703703703703709
2023-09-27,15500,16180,15060,16050,71317,0.028846153846153744
2023-10-04,16150,16200,15430,15560,69148,-0.030529595015576283
2023-10-05,15560,15800,15160,15430,73767,-0.008354755784061751
2023-10-06,15450,16970,15450,16970,163602,0.0998055735580039
2023-10-10,16930,16930,15800,15800,105315,-0.06894519740718918
2023-10-11,15910,16350,15900,16200,76948,0.025316455696202445
2023-10-12,16600,17090,16380,16510,109996,0.01913580246913571
2023-10-13,16490,16570,15950,16070,53844,-0.026650514839491213
2023-10-16,15810,16070,15420,15700,45287,-0.02302426882389541
2023-10-17,16000,16550,16000,16290,54324,0.03757961783439501
2023-10-18,16280,16280,15610,15670,58602,-0.03806015960712095
2023-10-19,15950,16900,15320,16000,264118,0.02105934907466489
2023-10-20,15910,15920,14790,15060,105757,-0.05874999999999997
2023-10-23,14810,15060,14250,14330,79077,-0.04847277556440899
2023-10-24,14430,14610,13240,14250,110245,-0.005582693649685999
2023-10-25,14260,14260,13600,13670,50294,-0.040701754385964906
2023-10-26,13330,13550,12900,13290,59842,-0.027798098024871987
2023-10-27,13170,13660,12930,13250,41852,-0.0030097817908201208
2023-10-30,12950,13600,12950,13430,24080,0.0135849056603774
2023-10-31,13520,13690,12930,12930,40665,-0.03723008190618016
2023-11-01,12960,13610,12960,13300,51291,0.028615622583139988
2023-11-02,13330,13930,13310,13750,41292,0.03383458646616533
2023-11-03,13750,14200,13540,14120,44356,0.026909090909090994
2023-11-06,14180,14430,13900,14300,61146,0.012747875354107707
2023-11-07,14500,14500,13910,14040,42647,-0.018181818181818188
2023-11-08,14120,14590,14050,14100,77627,0.004273504273504258
2023-11-09,14050,14260,13640,13670,63858,-0.03049645390070921
2023-11-10,13670,13860,13100,13640,88398,-0.002194586686174116
2023-11-13,13450,13590,12990,12990,67585,-0.04765395894428148
2023-11-14,13010,13500,13010,13320,20660,0.025404157043879882
2023-11-15,13490,13800,13450,13700,32444,0.028528528528528607
2023-11-16,13800,14000,13600,13830,41852,0.009489051094890621
2023-11-17,13950,13950,13530,13600,20391,-0.016630513376717282
2023-11-20,13600,14080,13600,14030,41114,0.03161764705882364
2023-11-21,14030,14140,13970,14100,23775,0.0049893086243764095
2023-11-22,14100,14100,13800,13900,28293,-0.014184397163120588
2023-11-23,13830,14430,13730,14350,53508,0.03237410071942448
2023-11-24,14370,14370,13920,14120,37385,-0.016027874564459976
2023-11-27,13950,14980,13800,14380,67247,0.018413597733710985
2023-11-28,14380,14380,13950,14100,23124,-0.01947148817802502
2023-11-29,14100,14100,13500,13570,107928,-0.0375886524822695
2023-11-30,13570,13840,13570,13750,24785,0.013264554163596065
2023-12-01,13750,14000,13700,13890,24510,0.010181818181818292
2023-12-04,13890,13890,13430,13450,42006,-0.03167746580273578
2023-12-05,13600,13600,13170,13380,41468,-0.005204460966542701
2023-12-06,13380,13510,13200,13260,25007,-0.008968609865470878
2023-12-07,13190,13790,13160,13660,93145,0.030165912518853588
2023-12-08,13710,14050,13200,13340,63108,-0.02342606149341142
2023-12-11,13360,13630,13190,13200,51554,-0.010494752623688153
2023-12-12,13210,13290,13080,13230,34163,0.002272727272727204
2023-12-13,13290,13450,13000,13230,43045,0.0
2023-12-14,13380,13450,13050,13150,28954,-0.006046863189720364
2023-12-15,13160,13270,13080,13260,34179,0.008365019011406849
2023-12-18,13280,13450,13090,13190,70217,-0.005279034690799378
2023-12-19,13190,13930,13100,13930,83672,0.056103108415466174
2023-12-20,13950,14040,13520,13770,58134,-0.011486001435750182
2023-12-21,13770,14840,13610,14440,133550,0.04865649963689189
2023-12-22,14410,14830,14110,14830,74539,0.0270083102493075
2023-12-26,14680,15120,14050,14290,102974,-0.03641267700606876
2023-12-27,14440,15020,14350,14640,91904,0.024492652204338716
2023-12-28,14700,14800,14300,14580,64412,-0.004098360655737654
2024-01-02,14530,15210,14200,15190,74571,0.041838134430727036
2024-01-03,15040,15490,15030,15340,66289,0.00987491770901916
2024-01-04,15330,15340,14290,14320,83522,-0.06649282920469357
2024-01-05,15750,16950,15200,15840,543486,0.1061452513966481
2024-01-08,15980,16460,15500,16450,104128,0.038510101010100994
2024-01-09,16440,16730,16020,16230,77800,-0.013373860182370856
2024-01-10,16500,16800,16200,16700,139603,0.028958718422674057
2024-01-11,16700,17870,16600,17290,412278,0.035329341317365204
2024-01-12,17650,17710,15760,15850,211894,-0.08328513591671483
2024-01-15,15850,15940,15150,15320,90012,-0.03343848580441644
2024-01-16,15130,15930,15130,15250,65403,-0.004569190600522188
2024-01-17,15210,16730,14560,14880,277143,-0.0242622950819672
2024-01-18,15050,15210,14300,14500,56232,-0.025537634408602128
2024-01-19,14500,15660,14360,15100,116259,0.04137931034482767
2024-01-22,15100,15260,14550,14800,57285,-0.019867549668874163
2024-01-23,14800,15450,14670,15330,50959,0.035810810810810834
2024-01-24,15330,15500,14800,14830,32836,-0.03261578604044357
2024-01-25,14800,14810,14260,14450,37557,-0.025623735670937342
2024-01-26,14450,15000,14430,14850,42820,0.02768166089965396
2024-01-29,14800,15000,14220,14390,50159,-0.03097643097643099
2024-01-30,14390,14640,14190,14380,27080,-0.0006949270326616075
2024-01-31,14600,15360,14280,14970,120387,0.041029207232267106
2024-02-01,14970,14970,13650,13810,125610,-0.07748830995323985
2024-02-02,13810,14400,13710,13930,43706,0.00868935553946426
2024-02-05,14290,14290,13760,14000,31393,0.005025125628140614
2024-02-06,14000,14170,13750,13930,45740,-0.0050000000000000044
2024-02-07,13930,14000,13170,13640,90498,-0.02081837760229721
2024-02-08,13700,13730,13500,13520,26192,-0.008797653958944274
2024-02-13,13310,13890,13310,13800,42035,0.020710059171597628
2024-02-14,13840,13880,13480,13850,28301,0.0036231884057971175
2024-02-15,13900,14070,13600,14070,32693,0.015884476534296033
2024-02-16,14100,14270,13830,14100,26836,0.002132196162046851
2024-02-19,14250,14350,13830,14160,37906,0.004255319148936065
2024-02-20,14160,15570,13900,15220,191223,0.07485875706214684
2024-02-21,15190,15800,14880,15280,113574,0.003942181340341744
2024-02-22,15300,15660,15100,15490,91559,0.013743455497382095
2024-02-23,15500,17020,15500,16650,413428,0.07488702388637836
2024-02-26,16600,16940,16030,16810,177691,0.00960960960960966
2024-02-27,17020,18000,16600,16810,350204,0.0
2024-02-28,16790,17550,16660,16900,170360,0.005353955978584235
2024-02-29,17000,17030,15730,15930,161756,-0.05739644970414204
2024-03-04,16450,16450,15790,16000,54167,0.00439422473320783
2024-03-05,15770,16950,15700,16580,123392,0.03624999999999989
2024-03-06,17000,17890,16550,17540,358157,0.0579010856453559
2024-03-07,17540,17850,16950,17580,174403,0.0022805017103761926
2024-03-08,18000,18440,17630,18040,242912,0.026166097838452806
2024-03-11,18340,18490,16760,17060,312704,-0.05432372505543237
2024-03-12,17060,17420,16500,17000,142353,-0.003516998827667095
2024-03-13,17000,17430,16510,17000,107016,0.0
2024-03-14,17000,17200,16300,16540,193186,-0.027058823529411802
2024-03-15,17070,17500,16100,16430,173307,-0.006650544135429315
2024-03-18,16430,16980,16200,16210,107251,-0.013390139987827121
2024-03-19,16060,16210,15300,15390,113159,-0.050586057988895705
2024-03-20,15240,15550,15090,15200,59080,-0.012345679012345734
2024-03-21,15200,15800,15200,15640,59372,0.02894736842105261
2024-03-22,15800,17230,15420,16860,263416,0.07800511508951402
2024-03-25,16860,17720,16600,17330,170430,0.02787663107947802
2024-03-26,17450,17820,16940,17280,131321,-0.0028851702250433098
2024-03-27,17350,17640,16700,16820,83208,-0.02662037037037035
2024-03-28,16820,16940,16140,16160,68261,-0.03923900118906065
2024-03-29,16400,16850,16260,16650,64254,0.030321782178217793
2024-04-01,16800,16840,16370,16450,42549,-0.012012012012011963
2024-04-02,16370,16370,15000,15210,189188,-0.07537993920972641
2024-04-03,15030,15460,14860,15450,49216,0.015779092702169706
2024-04-04,15450,15470,14840,15170,50079,-0.018122977346278324
2024-04-05,15000,15070,14600,14700,50913,-0.030982201713909086
2024-04-08,14700,14920,14340,14740,23932,0.0027210884353741083
2024-04-09,14740,14900,14600,14740,26643,0.0
2024-04-11,14120,15880,14120,14410,125472,-0.02238805970149249
2024-04-12,14410,15180,14410,15130,49177,0.04996530187369874
2024-04-15,14900,14900,14400,14670,32330,-0.030403172504957054
2024-04-16,14630,14630,13960,13960,41802,-0.04839809134287665
2024-04-17,13970,14300,13870,13940,34313,-0.0014326647564469885
2024-04-18,13940,14760,13940,14700,38626,0.05451936872309893
2024-04-19,14900,14970,14350,14970,35361,0.01836734693877551
2024-04-22,14700,15470,14700,15240,48827,0.018036072144288484
2024-04-23,15220,16460,15220,16000,133992,0.04986876640419946
2024-04-24,16400,16400,15480,15570,75543,-0.026874999999999982
2024-04-25,15480,15860,14800,15310,109400,-0.01669877970456002
2024-04-26,15440,15930,15150,15220,43715,-0.005878510777269752
2024-04-29,15070,15670,15050,15500,35840,0.018396846254927768
2024-04-30,15450,15870,15380,15670,36832,0.010967741935483888
2024-05-02,15520,15680,15300,15340,34037,-0.021059349074665
2024-05-03,15480,15630,15200,15400,23338,0.003911342894393766
2024-05-07,15420,15600,15200,15300,25102,-0.00649350649350644
2024-05-08,15300,15520,15110,15120,20821,-0.0117647058823529
2024-05-09,15070,15350,14800,14840,25143,-0.01851851851851849
2024-05-10,14860,14960,14600,14750,32319,-0.0060646900269542
2024-05-13,14710,14800,14330,14710,31666,-0.0027118644067796183
2024-05-14,14860,15430,14600,15200,43113,0.03331067301155666
2024-05-16,15200,15390,14930,15180,34860,-0.001315789473684159
2024-05-17,14950,15190,14230,14820,30078,-0.02371541501976282
2024-05-20,14900,15030,14700,14920,24839,0.006747638326585648
2024-05-21,14920,15090,14700,14900,22287,-0.0013404825737265424
2024-05-22,14660,14940,14520,14520,48361,-0.025503355704697972
2024-05-23,14520,14660,14240,14260,61897,-0.017906336088154284
2024-05-24,14260,14640,13890,14430,53620,0.01192145862552585
2024-05-27,14200,14660,14020,14020,79007,-0.028413028413028396
2024-05-28,14010,14550,13980,14390,46809,0.02639087018544939
2024-05-29,14260,14380,14000,14160,27896,-0.015983321751216084
2024-05-30,14160,14220,13980,14140,22632,-0.0014124293785310327
2024-05-31,14300,15000,14000,14200,46403,0.004243281471004279
2024-06-03,14150,15060,14140,14900,67866,0.04929577464788726
2024-06-04,14900,14940,14600,14630,40828,-0.018120805369127524
2024-06-05,14630,14790,14270,14420,24187,-0.014354066985645897
2024-06-07,14440,14790,14190,14740,50760,0.02219140083217752
2024-06-10,14460,14560,14100,14170,48229,-0.038670284938941646
2024-06-11,14170,14370,14100,14200,22040,0.0021171489061397875
2024-06-12,14200,14400,14130,14240,31447,0.0028169014084507005
2024-06-13,14240,14380,13800,13810,73579,-0.030196629213483095
2024-06-14,13810,14100,13430,13430,49830,-0.027516292541636456
2024-06-17,13410,13690,12900,13290,49428,-0.01042442293373047
2024-06-18,13160,13480,13050,13270,34758,-0.0015048908954100604
2024-06-19,13310,13520,13010,13260,32496,-0.0007535795026375469
2024-06-20,13260,13460,12500,12620,106846,-0.04826546003016596
2024-06-21,12540,12540,11400,11560,228516,-0.08399366085578452
2024-06-24,8600,9800,8280,9550,765861,-0.1738754325259516
2024-06-25,9500,9700,9000,9280,178985,-0.028272251308900542
2024-06-26,9300,9580,9050,9190,69676,-0.00969827586206895
2024-06-27,9380,9380,8850,8900,77888,-0.031556039173014194
2024-06-28,8990,9080,8560,8750,76772,-0.016853932584269704
2024-07-01,8760,9500,8690,9400,81116,0.07428571428571429
2024-07-02,8960,9340,8960,9170,44037,-0.024468085106382986
2024-07-03,9170,9320,8880,9080,31627,-0.009814612868047967
2024-07-04,9080,9100,8870,8880,21457,-0.022026431718061623
2024-07-05,8810,9220,8790,9120,40263,0.027027027027026973
2024-07-08,9170,9650,9170,9500,50433,0.04166666666666674
2024-07-09,9400,9600,9250,9360,39473,-0.01473684210526316
2024-07-10,9370,9600,9150,9280,46951,-0.008547008547008517
2024-07-11,9300,10760,9250,10410,236563,0.12176724137931028
2024-07-12,10280,11340,10140,10810,290909,0.03842459173871271
2024-07-15,10810,11450,10290,10740,160900,-0.00647548566142464
2024-07-16,10740,11160,10630,11060,50217,0.029795158286778367
2024-07-17,11060,11550,10750,10860,103258,-0.018083182640144635
2024-07-18,10500,12470,10490,11600,432867,0.06813996316758741
2024-07-19,11680,13950,11680,13320,1633715,0.14827586206896548
2024-07-22,13860,17300,13700,16070,3376252,0.20645645645645638
2024-07-23,15700,16530,15580,16100,886153,0.0018668326073427721
2024-07-24,15660,16100,14710,14870,432078,-0.07639751552795027
2024-07-25,14660,14820,13800,14050,259141,-0.05514458641560194
2024-07-26,14250,16420,14250,15900,1044987,0.1316725978647686
2024-07-29,15580,15970,15100,15610,202413,-0.01823899371069182
2024-07-30,15620,16120,15090,15750,158868,0.008968609865470878
2024-07-31,15600,15930,14500,14930,190269,-0.052063492063492034
2024-08-01,14990,15600,14710,15100,106709,0.011386470194239884
2024-08-02,15050,15260,14410,14920,140740,-0.01192052980132452
2024-08-05,14510,15460,13060,13980,332037,-0.0630026809651475
2024-08-06,14000,14500,12910,13330,473397,-0.046494992846924155
2024-08-07,13500,14800,13440,14210,337353,0.06601650412603144
2024-08-08,14000,14110,13080,13300,217399,-0.0640394088669951
2024-08-09,13730,14170,13320,13640,124879,0.02556390977443601
2024-08-12,13870,13990,13310,13510,104478,-0.009530791788856297
2024-08-13,13510,13510,13010,13020,81411,-0.03626943005181349
2024-08-14,13290,13370,12530,12570,142067,-0.03456221198156684
2024-08-16,12750,12750,12400,12500,71240,-0.005568814638027053
2024-08-19,12400,12750,12270,12500,69718,0.0
2024-08-20,12720,12920,12510,12610,61142,0.008799999999999919
2024-08-21,12640,13260,12400,12540,165725,-0.0055511498810467685
2024-08-22,12690,12690,11780,11820,117365,-0.0574162679425837
2024-08-23,11800,11800,11200,11300,104924,-0.04399323181049064
2024-08-26,11580,12150,11400,11530,115090,0.02035398230088492
2024-08-27,11420,13330,11420,12870,419630,0.11621856027753696
2024-08-28,13000,14510,13000,14090,561094,0.09479409479409484
2024-08-29,14200,14860,13590,13930,461770,-0.011355571327182346
2024-08-30,14100,16700,13620,15790,676428,0.13352476669059588
2024-09-02,15600,16120,15050,15680,318618,-0.006966434452184922
2024-09-03,15460,16660,15250,16000,519951,0.020408163265306145
2024-09-04,15630,16010,14770,15520,307369,-0.030000000000000027
2024-09-05,15420,16930,15250,15510,630477,-0.0006443298969072142
2024-09-06,15720,17290,15150,17060,682039,0.09993552546744033
2024-09-09,16900,17100,16160,16980,322890,-0.004689331770222793
2024-09-10,17000,17580,16560,16840,281520,-0.00824499411071844
2024-09-11,16840,17100,15450,16850,391927,0.000593824228028561
2024-09-12,16700,18350,16700,17470,552736,0.03679525222551927
2024-09-13,18100,19130,16720,18890,615363,0.08128219805380654
2024-09-19,18890,19800,18620,18670,348134,-0.011646373742721039
2024-09-20,18670,19750,18260,19000,577969,0.01767541510444559
2024-09-23,19030,20500,18620,20000,475012,0.05263157894736836
2024-09-24,20100,21150,19550,19800,481682,-0.010000000000000009
2024-09-25,19810,20450,19010,19340,212017,-0.02323232323232327
2024-09-26,19130,19670,18720,18970,174664,-0.0191313340227508
2024-09-27,18900,18990,16660,17280,580205,-0.0890880337374802
2024-09-30,17280,17290,15950,16720,365889,-0.03240740740740744
2024-10-02,16150,17330,16150,16640,196681,-0.004784688995215336
2024-10-04,16490,17780,16320,17330,155600,0.041466346153846256
2024-10-07,17330,18300,16680,17960,230378,0.03635314483554519
2024-10-08,18300,21950,18300,21600,1733336,0.20267260579064583
2024-10-10,21350,21950,20700,21550,494020,-0.0023148148148147696
2024-10-11,21350,27400,21050,26900,2388472,0.24825986078886308
2024-10-14,26200,26800,24800,25650,698142,-0.04646840148698883
2024-10-15,25650,28000,25400,27800,1038086,0.08382066276803113
2024-10-16,26650,28350,25700,27850,846872,0.0017985611510791255
2024-10-17,28300,31800,27550,30100,1389500,0.08078994614003587
2024-10-18,30700,31400,29050,29200,553694,-0.029900332225913595
2024-10-21,29200,30150,27850,29000,352662,-0.006849315068493178
2024-10-22,28600,31900,26950,31200,1046844,0.07586206896551717
2024-10-23,30650,31700,28550,31200,611502,0.0
2024-10-24,30300,32750,28950,30100,843190,-0.03525641025641024
2024-10-25,30150,30400,26000,27100,890803,-0.09966777408637872
2024-10-28,26850,27600,24200,25200,966762,-0.07011070110701112
2024-10-29,25050,27050,24150,27000,725414,0.0714285714285714
2024-10-30,27100,27200,25350,25700,405795,-0.04814814814814816
2024-10-31,24950,25900,24000,24000,315259,-0.06614785992217898
2024-11-01,23500,24250,21900,22150,659278,-0.07708333333333328
2024-11-04,21900,24100,20700,23400,1026862,0.05643340857787815
2024-11-05,23500,23650,20900,21050,549260,-0.1004273504273504
2024-11-06,21450,21600,19140,19800,950784,-0.05938242280285033
2024-11-07,19800,20150,18370,18400,493232,-0.07070707070707072
2024-11-08,18600,21750,18370,20750,895004,0.1277173913043479
2024-11-11,22350,22900,20800,21950,798728,0.05783132530120483
2024-11-12,22500,22500,20300,21150,436077,-0.036446469248291535
2024-11-13,21300,21550,19510,19800,373242,-0.06382978723404253
2024-11-14,20200,23000,20150,21800,733211,0.101010101010101
2024-11-15,21650,22550,20750,21150,331898,-0.029816513761467878
2024-11-18,20150,20150,15130,17550,2368832,-0.17021276595744683
2024-11-19,17570,19350,17100,19350,788245,0.10256410256410264
2024-11-20,19300,21850,18800,19880,812109,0.02739018087855305
2024-11-21,20500,21350,18900,19610,447247,-0.01358148893360156
2024-11-22,19650,19830,17800,18510,568430,-0.05609382967873533
2024-11-25,18700,20550,18700,20150,339783,0.08860075634792008
2024-11-26,20150,21150,19720,20100,241459,-0.002481389578163795
2024-11-27,20700,22600,19930,21100,643501,0.04975124378109452
2024-11-28,20800,21800,20500,20900,224323,-0.009478672985781977
2024-11-29,21050,21400,19980,21000,168228,0.004784688995215225
2024-12-02,21300,22700,20950,21000,397639,0.0
2024-12-03,20800,24500,20700,24500,702229,0.16666666666666674
2024-12-04,24000,25300,22300,25200,969005,0.02857142857142847
2024-12-05,24950,25950,23500,24900,347079,-0.011904761904761862
2024-12-06,24550,25950,22500,24700,472379,-0.008032128514056214
2024-12-09,23700,24400,22900,23000,276313,-0.06882591093117407
2024-12-10,23400,25300,23150,25150,411760,0.09347826086956523
2024-12-11,25700,26400,24150,24700,356712,-0.017892644135188873
2024-12-12,24700,26600,24700,25200,406393,0.020242914979757165
2024-12-13,24800,25400,23050,24450,461754,-0.029761904761904767
2024-12-16,24500,24500,22800,23000,383888,-0.059304703476482645
2024-12-17,23000,23000,19770,20250,975830,-0.11956521739130432
2024-12-18,19410,19850,18050,19620,837709,-0.03111111111111109
2024-12-19,18800,19050,18280,18550,391083,-0.05453618756371048
2024-12-20,18680,18710,16320,16490,682330,-0.11105121293800535
2024-12-23,17300,17750,16990,16990,441993,0.03032140691328067
2024-12-24,17090,19020,16730,18000,476032,0.059446733372572114
2024-12-26,17850,18440,16670,16730,330046,-0.0705555555555556
2024-12-27,16730,17400,16510,17020,143433,0.017334130304841544
2024-12-30,16980,19540,16950,19260,515506,0.1316098707403055
2025-01-02,19610,19620,18740,18960,266916,-0.015576323987538943
2025-01-03,19000,19940,18620,19290,266546,0.017405063291139333
2025-01-06,19300,19460,18920,18960,204923,-0.017107309486780742
2025-01-07,19130,19130,17300,17410,575914,-0.0817510548523207
2025-01-08,17280,17740,15020,15250,925774,-0.12406662837449745
2025-01-09,15700,15700,14800,15450,356690,0.013114754098360715
2025-01-10,15470,16260,15370,15700,229184,0.016181229773462702
2025-01-13,16030,16310,15370,15690,192104,-0.0006369426751592355
2025-01-14,15520,15760,15190,15500,135697,-0.01210962396430848
2025-01-15,15340,16060,15340,15750,149421,0.016129032258064502
2025-01-16,15750,16040,15360,15570,167175,-0.011428571428571455
2025-01-17,15800,15800,13380,14200,698683,-0.08798972382787407
2025-01-20,14500,14500,13900,14080,142324,-0.008450704225352101
2025-01-21,14080,14330,13790,14220,134165,0.009943181818181879
2025-01-22,14220,14470,13860,14000,164854,-0.015471167369901506
2025-01-23,14110,14450,13650,14030,232738,0.002142857142857224
2025-01-24,14200,14330,13800,14120,182990,0.006414825374198241
2025-01-31,14250,16410,14250,16300,1251624,0.15439093484419253
2025-02-03,16280,16280,15170,15810,286590,-0.030061349693251582
2025-02-04,16200,16940,15870,16930,437464,0.07084123972169509
2025-02-05,17300,19120,17130,18850,658327,0.11340815121086822
2025-02-06,18850,19610,17050,17390,526153,-0.07745358090185672
2025-02-07,17930,21150,16500,20550,1266924,0.18171362852213924
2025-02-10,26700,26700,26700,26700,95531,0.2992700729927007
2025-02-11,34700,34700,34700,34700,105369,0.2996254681647941
2025-02-12,42000,45100,39800,45100,7285634,0.2997118155619596
2025-02-13,43200,46950,42000,44600,2317281,-0.011086474501108667
2025-02-14,43500,44550,40500,42100,1504424,-0.056053811659192876
2025-02-17,43500,52400,42000,48150,3685599,0.14370546318289779
2025-02-18,47000,49600,45750,48300,1481302,0.0031152647975076775
2025-02-19,47000,47350,43300,45000,1351315,-0.06832298136645965
2025-02-20,45000,47950,41250,42250,1187226,-0.061111111111111116
2025-02-21,42250,44400,41000,43150,803927,0.02130177514792897
2025-02-24,42150,44400,41050,43700,721686,0.012746234067207318
2025-02-25,45900,52200,44700,52200,3955164,0.194508009153318
2025-02-26,53700,57500,50100,55600,2807336,0.06513409961685834
2025-02-27,53900,56800,52600,55700,1141616,0.0017985611510791255
2025-02-28,53500,59700,52300,58800,1364030,0.055655296229802476
2025-03-04,57200,61500,51500,57200,2162392,-0.027210884353741527
2025-03-05,55800,57500,51800,53400,1403190,-0.06643356643356646
2025-03-06,53000,55400,51800,53900,1182671,0.009363295880149725
2025-03-07,52600,64000,46600,48250,5224470,-0.10482374768089053
2025-03-10,45800,49250,44750,45900,1489441,-0.04870466321243527
2025-03-11,43550,45200,41750,44100,1342681,-0.039215686274509776
2025-03-12,43500,49000,42900,46350,2038819,0.05102040816326525
2025-03-13,47500,49650,44050,45300,1133089,-0.02265372168284785
2025-03-14,45200,49750,44500,49700,1200389,0.09713024282560712
2025-03-17,49900,50500,46150,47650,948013,-0.04124748490945673
2025-03-18,47650,47750,44400,46100,855735,-0.03252885624344182
2025-03-19,46350,48700,42950,43400,782452,-0.0585683297180043
2025-03-20,42650,44400,40150,40550,1119191,-0.06566820276497698
2025-03-21,39550,40950,39300,39450,575040,-0.027127003699136898
2025-03-24,39300,42500,38800,41100,773562,0.041825095057034245
2025-03-25,39900,44200,39600,43500,960253,0.058394160583941535
2025-03-26,43000,44450,42350,44000,373921,0.011494252873563315
2025-03-27,43650,44200,41700,42100,318490,-0.04318181818181821
2025-03-28,42100,44200,41200,43850,409019,0.04156769596199528
2025-03-31,42800,43100,37250,38300,726505,-0.1265678449258837
2025-04-01,38800,41300,38400,41050,369406,0.07180156657963455
2025-04-02,41200,43800,39450,41800,443326,0.018270401948842885
2025-04-03,40300,42500,39800,41650,247591,-0.0035885167464114742
2025-04-04,40800,43000,40200,43000,331903,0.032412965186074505
2025-04-07,41200,41950,39300,40800,243383,-0.051162790697674376
2025-04-08,41450,41650,37350,40050,904679,-0.018382352941176516
2025-04-09,39650,46650,39350,46200,1205991,0.15355805243445686
2025-04-10,45450,49000,44550,48250,967976,0.044372294372294396
2025-04-11,47300,49550,46800,49050,658200,0.01658031088082912
2025-04-14,48500,51700,47800,49350,813233,0.006116207951070374
2025-04-15,49000,50800,46450,49700,661312,0.007092198581560183
2025-04-16,48500,49150,46000,47000,492119,-0.05432595573440646
2025-04-17,46100,48550,45950,47750,261800,0.015957446808510634
2025-04-18,49400,52200,47400,50900,917813,0.06596858638743464
2025-04-21,52500,54100,50600,50900,831133,0.0
2025-04-22,50200,52700,50000,52000,488002,0.0216110019646365
2025-04-23,52400,52800,51200,51700,317654,-0.005769230769230749
2025-04-24,51900,54300,47000,51600,1106476,-0.0019342359767892114
2025-04-25,52800,52900,50000,50200,416465,-0.027131782945736482
2025-04-28,50500,50800,46150,47650,579328,-0.05079681274900394
2025-04-29,47100,49600,44500,48850,853714,0.025183630640083887
2025-04-30,48800,49100,46650,47200,349447,-0.03377686796315249
2025-05-02,46700,52000,46400,52000,779496,0.10169491525423724
2025-05-07,50900,51100,47400,47800,643802,-0.08076923076923082
2025-05-08,48050,48650,46050,47450,341714,-0.007322175732217606
2025-05-09,47450,47700,43400,43500,539111,-0.08324552160168597
2025-05-12,42500,43700,41050,42800,359513,-0.016091954022988464
2025-05-13,43500,45450,42500,43700,385227,0.02102803738317749
2025-05-14,42700,45050,41200,44200,363996,0.011441647597254079
2025-05-15,44050,46950,43950,46350,427372,0.04864253393665163
2025-05-16,44550,46450,43400,45450,401598,-0.01941747572815533
2025-05-19,44900,46950,44850,45600,239512,0.0033003300330032292
2025-05-20,45900,46750,44400,45850,213834,0.005482456140350811
2025-05-21,45500,48650,45350,48100,362058,0.04907306434023995
2025-05-22,47100,48600,44850,47700,401303,-0.008316008316008316
2025-05-23,48000,48500,46000,46100,265421,-0.033542976939203384
2025-05-26,45400,46650,45200,46150,179473,0.0010845986984815426
2025-05-27,46150,51700,45650,51700,1071493,0.12026002166847238
2025-05-28,50400,50500,47150,47300,606325,-0.08510638297872342
2025-05-29,48000,53500,47350,50100,837788,0.059196617336152224
2025-05-30,50700,54800,49650,54300,1452939,0.08383233532934131
2025-06-02,53500,57000,51000,56600,765917,0.0423572744014733
2025-06-04,54500,54800,49100,51700,890819,-0.08657243816254412
2025-06-05,52000,53500,48400,49150,765443,-0.04932301740812384
2025-06-09,49950,51500,44500,46650,1676660,-0.05086469989827058
2025-06-10,48600,49200,46700,47650,840012,0.02143622722400851
2025-06-11,48450,48500,44600,46750,902316,-0.018887722980062915
2025-06-12,46600,48450,45800,47000,446862,0.005347593582887722
2025-06-13,47500,47550,42800,43550,700945,-0.07340425531914896
2025-06-16,43550,46400,40800,45600,737626,0.04707233065442029
2025-06-17,45650,48200,44400,46750,741952,0.025219298245614086
2025-06-18,47250,47300,42700,43250,708513,-0.07486631016042777
2025-06-19,43250,43300,40100,41000,569515,-0.052023121387283267
2025-06-20,41700,41950,40100,40850,373997,-0.003658536585365857
2025-06-23,39800,39850,38200,38950,328885,-0.046511627906976716
2025-06-24,40200,41850,39500,40150,307899,0.030808729139923052
2025-06-25,40000,40000,36450,39300,281573,-0.021170610211706076
2025-06-26,39050,39050,37000,37800,227518,-0.03816793893129766
2025-06-27,37450,37600,35650,36400,296432,-0.03703703703703709
2025-06-30,36400,36400,34500,34800,276239,-0.04395604395604391
2025-07-01,36200,39550,35100,37950,576004,0.09051724137931028
2025-07-02,39050,40300,37800,38850,446607,0.02371541501976293
2025-07-03,39400,39600,37350,39150,302863,0.007722007722007707
2025-07-04,39000,39000,36200,37250,299017,-0.048531289910600295
2025-07-07,37300,38950,35000,38850,218060,0.04295302013422808
2025-07-08,38300,38800,37750,38100,107172,-0.019305019305019266
2025-07-09,37750,38550,36600,38050,576438,-0.001312335958005284
2025-07-10,40350,41550,38900,39350,883405,0.0341655716162943
2025-07-11,40050,40050,38250,39000,208272,-0.008894536213468918
2025-07-14,39900,40050,38600,39000,183857,0.0
2025-07-15,39100,40100,37050,38750,454784,-0.0064102564102563875
2025-07-16,38050,38200,36350,36800,397551,-0.05032258064516126
2025-07-17,37100,39200,36450,38250,408085,0.03940217391304346
2025-07-18,39700,42500,39150,42000,1291006,0.0980392156862746
2025-07-21,41700,42000,40300,41600,275286,-0.00952380952380949
2025-07-22,42050,45200,41800,43100,1083310,0.03605769230769229
2025-07-23,45100,48050,44000,45050,1161608,0.04524361948955913
2025-07-24,46300,48850,44650,47700,1114184,0.05882352941176472
2025-07-25,46850,48150,45000,47950,615428,0.00524109014675056
2025-07-28,47300,49950,42600,44750,1269382,-0.06673618352450472
2025-07-29,46000,47500,44750,46550,701515,0.040223463687150796
2025-07-30,46450,46700,43700,44400,727392,-0.04618689581095592
2025-07-31,44900,46400,42850,45900,597065,0.03378378378378377
2025-08-01,45200,47700,43950,46200,737116,0.006535947712418277
2025-08-04,46450,48800,46450,47250,712977,0.022727272727272707
2025-08-05,48450,52000,47100,51000,1321213,0.0793650793650793
2025-08-06,50900,54000,50100,51500,653336,0.009803921568627416
2025-08-07,51000,53000,49100,53000,461121,0.029126213592232997
2025-08-08,53900,54500,51500,52100,513525,-0.016981132075471694
2025-08-11,51400,51500,49200,49600,411245,-0.04798464491362764
2025-08-12,49150,52300,48850,49950,289177,0.007056451612903247
2025-08-13,51200,55300,50300,54900,865423,0.0990990990990992
2025-08-14,56500,60100,54300,57700,1476883,0.051001821493624755
2025-08-18,59300,60400,56400,57000,558443,-0.012131715771230511
2025-08-19,58200,58300,55100,56900,616887,-0.0017543859649122862
2025-08-20,59700,60200,52900,54100,1335824,-0.04920913884007028
2025-08-21,55300,56800,53800,54000,363212,-0.001848428835489857
2025-08-22,53000,55200,51750,54600,567057,0.011111111111111072
2025-08-25,56000,57800,55600,56700,339574,0.03846153846153855
2025-08-26,55600,56800,54300,55500,309795,-0.021164021164021163
2025-08-27,55800,60500,55400,59400,769262,0.07027027027027022
2025-08-28,60000,60000,56800,58200,382280,-0.02020202020202022
2025-08-29,58900,63100,57700,61800,810919,0.061855670103092786
2025-09-01,61700,62400,57500,58800,841169,-0.04854368932038833
2025-09-02,61000,76400,60400,76400,6446720,0.2993197278911566
2025-09-03,77600,83900,75200,81600,4750064,0.0680628272251309
2025-09-04,82200,83500,79700,81800,1557329,0.002450980392156854
2025-09-05,82400,93800,81900,88700,3417347,0.08435207823960877
2025-09-08,89500,92500,88000,91300,1344176,0.02931228861330326
2025-09-09,91000,94000,88800,93100,1196585,0.019715224534501585
2025-09-10,90500,90800,87000,88500,1510037,-0.04940923737916214
2025-09-11,87800,89200,85000,86100,1130817,-0.027118644067796627
2025-09-12,86500,88600,85100,87100,845981,0.011614401858304202
2025-09-15,87200,91500,85000,90700,1100643,0.04133180252583246
2025-09-16,90700,90900,81800,83200,1592470,-0.08269018743109147
2025-09-17,83000,84200,81000,81700,752625,-0.018028846153846145
2025-09-18,83500,85300,81700,84500,701813,0.03427172582619331
2025-09-19,85500,107500,85300,100100,5094662,0.18461538461538463
2025-09-22,100700,102700,98000,101700,1383856,0.015984015984015887
2025-09-23,101000,106500,100600,105700,1355256,0.039331366764995046
2025-09-24,104500,105200,94900,96100,1814628,-0.09082308420056762
2025-09-25,95900,98700,92600,93800,885239,-0.02393340270551514
2025-09-26,92800,95800,91400,94000,573032,0.002132196162046851
2025-09-29,94100,96000,92000,94800,418455,0.008510638297872353
2025-09-30,95600,98100,93100,95000,624633,0.0021097046413502962
2025-10-01,95600,99200,92800,93800,592787,-0.012631578947368438
2025-10-02,94600,95500,88200,91700,701337,-0.02238805970149249
2025-10-10,93100,98700,92400,96300,917475,0.05016357688113415
2025-10-13,94000,95000,91100,92300,608491,-0.041536863966770476
