Date,Open,High,Low,Close,Volume,Change
2022-01-03,15950,16150,15500,15950,90208,-0.0031250000000000444
2022-01-04,15750,16000,15200,15200,109960,-0.047021943573667735
2022-01-05,15300,15500,14800,15350,70314,0.009868421052631637
2022-01-06,15000,16550,14800,16300,244984,0.061889250814332275
2022-01-07,16450,16550,15900,16450,120029,0.009202453987730008
2022-01-10,16500,16550,15950,16350,57563,-0.006079027355623046
2022-01-11,16350,16350,15850,16200,60441,-0.00917431192660545
2022-01-12,16400,16550,15750,16250,60773,0.0030864197530864335
2022-01-13,16250,16300,15750,15800,38929,-0.027692307692307683
2022-01-14,15650,16100,15550,15850,25583,0.0031645569620253333
2022-01-17,15850,15850,14700,14950,124093,-0.056782334384858024
2022-01-18,15000,15100,14400,14750,47173,-0.013377926421404673
2022-01-19,14650,14750,13950,14450,57966,-0.02033898305084747
2022-01-20,14200,14700,14150,14500,22952,0.0034602076124568004
2022-01-21,14550,14550,13750,13950,38118,-0.037931034482758585
2022-01-24,13800,14100,13150,13400,24924,-0.03942652329749108
2022-01-25,13800,13800,13000,13350,27630,-0.003731343283582045
2022-01-26,13250,13800,13050,13500,32834,0.011235955056179803
2022-01-27,13300,13750,12950,13500,31079,0.0
2022-01-28,13400,14000,13300,13750,28785,0.0185185185185186
2022-02-03,13750,14600,13700,13950,49040,0.014545454545454639
2022-02-04,13750,14550,13750,14300,32284,0.02508960573476693
2022-02-07,14350,14550,14050,14250,8331,-0.0034965034965035446
2022-02-08,14250,14550,13850,14100,16155,-0.010526315789473717
2022-02-09,14150,14400,14100,14300,7715,0.014184397163120588
2022-02-10,14300,14300,13850,14100,10992,-0.013986013986013957
2022-02-11,13800,14150,13800,13950,11163,-0.010638297872340385
2022-02-14,13700,14100,13400,13800,33928,-0.010752688172043001
2022-02-15,13800,13900,13400,13550,16231,-0.018115942028985477
2022-02-16,13600,13950,13550,13800,16228,0.01845018450184499
2022-02-17,13800,14000,13400,13700,16453,-0.007246376811594235
2022-02-18,13400,14050,13400,13800,9341,0.007299270072992803
2022-02-21,13800,13850,13450,13500,15870,-0.021739130434782594
2022-02-22,13400,13550,12950,12950,29886,-0.040740740740740744
2022-02-23,13100,13200,12750,13000,17496,0.0038610038610038533
2022-02-24,12950,13000,12100,12500,26200,-0.038461538461538436
2022-02-25,12650,12950,12450,12650,21535,0.01200000000000001
2022-02-28,12850,13200,12600,13100,20643,0.035573122529644285
2022-03-02,12950,13350,12950,13250,13301,0.011450381679389388
2022-03-03,13350,13900,13350,13700,33666,0.03396226415094339
2022-03-04,13950,13950,13400,13650,9551,-0.0036496350364964014
2022-03-07,13650,13700,13250,13500,21719,-0.01098901098901095
2022-03-08,13350,13600,12950,13100,70965,-0.029629629629629672
2022-03-10,13450,13450,13050,13100,11126,0.0
2022-03-11,13050,13600,13000,13200,13861,0.007633587786259444
2022-03-14,13400,13400,12700,12850,14741,-0.02651515151515149
2022-03-15,12850,13000,12400,12500,22687,-0.027237354085603127
2022-03-16,12750,12800,12250,12500,15140,0.0
2022-03-17,12800,13000,12450,12800,29045,0.02400000000000002
2022-03-18,12800,13000,12600,12600,17051,-0.015625
2022-03-21,12800,12950,12500,12700,59074,0.007936507936507908
2022-03-22,12750,12750,11850,11950,104945,-0.05905511811023623
2022-03-23,12100,12200,11800,12000,36374,0.004184100418409997
2022-03-24,11950,11950,11500,11800,41554,-0.01666666666666672
2022-03-25,11850,12000,11700,11900,18695,0.008474576271186418
2022-03-28,11900,11900,11650,11900,22377,0.0
2022-03-29,11950,14500,11950,13450,471213,0.13025210084033612
2022-03-30,13450,14150,13150,14000,125353,0.040892193308550207
2022-03-31,13800,14750,13800,14500,98268,0.03571428571428581
2022-04-01,14400,14600,14050,14100,89879,-0.02758620689655178
2022-04-04,14200,14750,13900,14400,54444,0.02127659574468077
2022-04-05,14400,14400,14200,14200,15608,-0.01388888888888884
2022-04-06,14200,14250,13900,14000,14352,-0.014084507042253502
2022-04-07,13700,14000,13400,13800,37495,-0.014285714285714235
2022-04-08,13750,15000,13650,14800,79841,0.07246376811594213
2022-04-11,14600,14900,14200,14450,52453,-0.023648648648648685
2022-04-12,14400,14400,13950,14300,21227,-0.01038062283737029
2022-04-13,14300,14450,14100,14300,16946,0.0
2022-04-14,14200,14400,14150,14150,10547,-0.010489510489510523
2022-04-15,14200,14200,13950,14150,10722,0.0
2022-04-18,14150,14500,14050,14500,27798,0.02473498233215543
2022-04-19,14500,14600,14300,14500,13856,0.0
2022-04-20,14500,14700,14200,14450,7077,-0.0034482758620689724
2022-04-21,14450,14500,14200,14350,17935,-0.00692041522491349
2022-04-22,14050,14400,14050,14350,8677,0.0
2022-04-25,14200,14300,13700,13750,25749,-0.04181184668989546
2022-04-26,13800,14200,13650,13650,7623,-0.0072727272727273196
2022-04-27,13650,13650,13000,13550,31341,-0.0073260073260073
2022-04-28,13900,15000,13900,14500,97503,0.07011070110701101
2022-04-29,14500,15650,14400,15250,111345,0.051724137931034475
2022-05-02,15250,15650,15000,15350,68342,0.006557377049180246
2022-05-03,15250,16700,15250,16250,188049,0.05863192182410426
2022-05-04,16150,16500,15950,16400,66566,0.009230769230769154
2022-05-06,16250,16500,15750,16350,84488,-0.0030487804878048808
2022-05-09,16150,16300,15300,15550,108280,-0.04892966360856266
2022-05-10,15300,15700,14750,15600,60967,0.003215434083601254
2022-05-11,15350,16250,15300,16250,61265,0.04166666666666674
2022-05-12,16200,17550,15950,17250,292818,0.06153846153846154
2022-05-13,17250,18250,16900,17450,207728,0.011594202898550732
2022-05-16,17750,18700,17500,18200,217537,0.042979942693409656
2022-05-17,18250,18500,17950,18100,71388,-0.005494505494505475
2022-05-18,18200,18750,18050,18600,95787,0.027624309392265234
2022-05-19,18050,18850,18000,18600,71866,0.0
2022-05-20,18500,18600,17750,18300,75474,-0.016129032258064502
2022-05-23,18100,18600,18000,18300,27129,0.0
2022-05-24,18150,18850,18100,18450,101490,0.008196721311475308
2022-05-25,18450,18650,18100,18600,60536,0.008130081300812941
2022-05-26,18500,18850,17750,17750,79153,-0.045698924731182755
2022-05-27,18000,18100,17500,17900,43635,0.008450704225352101
2022-05-30,17850,18300,17850,18000,32895,0.005586592178770999
2022-05-31,18100,18500,17800,18000,27483,0.0
2022-06-02,18250,18250,17700,17850,19997,-0.008333333333333304
2022-06-03,18000,18000,17000,17200,59778,-0.036414565826330514
2022-06-07,17350,17400,16400,17000,65093,-0.011627906976744207
2022-06-08,16950,17800,16800,17600,59422,0.03529411764705892
2022-06-09,17450,17650,16800,17300,45479,-0.017045454545454586
2022-06-10,16950,17450,16650,17000,27627,-0.017341040462427793
2022-06-13,16500,17000,16250,16750,50546,-0.014705882352941124
2022-06-14,16750,16750,15450,16500,174761,-0.014925373134328401
2022-06-15,16100,16300,15300,15800,103664,-0.042424242424242475
2022-06-16,15900,16450,15600,15600,52502,-0.012658227848101222
2022-06-17,15300,15700,14950,15200,53472,-0.02564102564102566
2022-06-20,15350,15350,14300,14750,65435,-0.02960526315789469
2022-06-21,14750,15200,14400,15200,29875,0.03050847457627115
2022-06-22,15200,15750,14100,14150,77945,-0.06907894736842102
2022-06-23,14450,16950,13550,15800,252252,0.11660777385159005
2022-06-24,16150,17000,16000,16650,145785,0.053797468354430444
2022-06-27,16850,17050,16550,16850,72619,0.012012012012011963
2022-06-28,16850,17100,16500,16850,29636,0.0
2022-06-29,16650,16850,16450,16600,19556,-0.014836795252225476
2022-06-30,16650,17300,16500,16750,38351,0.009036144578313143
2022-07-01,16550,17250,16550,16850,55548,0.005970149253731405
2022-07-04,17350,17350,15900,16600,53994,-0.014836795252225476
2022-07-05,16550,17300,16550,17100,42269,0.030120481927710774
2022-07-06,17150,17400,16850,17200,29010,0.005847953216374213
2022-07-07,17200,17450,16850,17350,36154,0.008720930232558155
2022-07-08,17200,17550,17150,17500,40850,0.008645533141210304
2022-07-11,17500,17750,17300,17550,22557,0.0028571428571428914
2022-07-12,17600,17850,17200,17500,49661,-0.002849002849002802
2022-07-13,17300,18400,17250,18000,83200,0.02857142857142847
2022-07-14,17950,18300,17800,17950,58340,-0.002777777777777768
2022-07-15,18100,18100,17600,17950,34483,0.0
2022-07-18,18100,18400,18000,18250,49974,0.01671309192200554
2022-07-19,18150,18850,17850,18650,109242,0.021917808219177992
2022-07-20,18600,18850,18400,18700,58004,0.002680965147453085
2022-07-21,18700,19250,18650,19250,79859,0.02941176470588225
2022-07-22,19250,21000,19100,20950,242213,0.08831168831168834
2022-07-25,21000,21500,20550,20800,146749,-0.007159904534606243
2022-07-26,20750,21500,20500,21350,66938,0.02644230769230771
2022-07-27,21300,22400,21100,22350,109858,0.04683840749414525
2022-07-28,22900,26350,22650,25700,561374,0.14988814317673382
2022-07-29,25900,26500,24700,25000,861415,-0.027237354085603127
2022-08-01,25000,25400,23500,24150,187837,-0.03400000000000003
2022-08-02,24100,24800,23200,23800,108924,-0.01449275362318836
2022-08-03,24000,24400,23500,24400,78436,0.025210084033613356
2022-08-04,24200,24450,22800,22800,112176,-0.06557377049180324
2022-08-05,22850,23650,22450,23300,112184,0.021929824561403466
2022-08-08,23250,23250,21800,22500,95095,-0.03433476394849788
2022-08-09,22500,22900,21750,22800,70881,0.01333333333333342
2022-08-10,22550,23450,22200,23000,64526,0.00877192982456143
2022-08-11,23050,23150,22500,23150,46972,0.006521739130434856
2022-08-12,23000,24700,23000,24400,109918,0.05399568034557234
2022-08-16,24550,25000,23600,23600,88269,-0.032786885245901676
2022-08-17,23500,24950,23200,24600,79073,0.04237288135593231
2022-08-18,24950,25850,24050,25550,111813,0.03861788617886175
2022-08-19,25500,26000,25000,25550,76954,0.0
2022-08-22,25000,26500,25000,25400,92965,-0.005870841487279899
2022-08-23,24800,25700,23750,25200,74278,-0.007874015748031482
2022-08-24,24950,27750,24950,27600,224841,0.09523809523809534
2022-08-25,27600,27700,26900,27500,90170,-0.0036231884057971175
2022-08-26,27550,28700,27450,28050,76741,0.020000000000000018
2022-08-29,27100,28200,26850,27500,92632,-0.019607843137254943
2022-08-30,27500,27950,26150,26700,83376,-0.029090909090909056
2022-08-31,26350,26950,26000,26950,59014,0.009363295880149725
2022-09-01,26650,28500,26550,27950,62413,0.03710575139146566
2022-09-02,28200,28450,26900,27150,95130,-0.028622540250447193
2022-09-05,27150,28000,27000,27150,61675,0.0
2022-09-06,27000,28200,27000,28050,49081,0.03314917127071815
2022-09-07,28100,28150,26800,27400,67972,-0.02317290552584672
2022-09-08,27400,27850,26900,27150,39814,-0.009124087591240837
2022-09-13,27800,29450,27300,28800,174093,0.06077348066298338
2022-09-14,27600,28350,27450,27850,74109,-0.03298611111111116
2022-09-15,27850,29200,27750,29050,80965,0.04308797127468589
2022-09-16,29250,30250,28650,30250,129263,0.04130808950086062
2022-09-19,30400,30400,25300,26550,248692,-0.12231404958677683
2022-09-20,27100,27900,26600,27300,91895,0.02824858757062154
2022-09-21,27300,27800,24150,26600,174836,-0.02564102564102566
2022-09-22,25600,26850,25450,26450,94957,-0.005639097744360888
2022-09-23,26500,27350,25700,26450,95541,0.0
2022-09-26,25950,26450,24800,25200,118031,-0.047258979206049156
2022-09-27,24650,25400,23650,24500,195531,-0.02777777777777779
2022-09-28,24350,25400,22750,23450,177497,-0.042857142857142816
2022-09-29,23900,25150,23250,24450,116427,0.04264392324093813
2022-09-30,23950,24000,19900,21900,464900,-0.10429447852760731
2022-10-04,22150,22450,20050,20050,206835,-0.08447488584474883
2022-10-05,20100,20600,18100,18900,288982,-0.05735660847880297
2022-10-06,19100,21350,19100,20750,222599,0.0978835978835979
2022-10-07,20850,21000,20300,20550,100343,-0.009638554216867434
2022-10-11,19900,20050,18950,19250,114058,-0.06326034063260344
2022-10-12,19000,19150,18150,18650,78661,-0.03116883116883118
2022-10-13,18350,18450,17450,17500,104149,-0.06166219839142095
2022-10-14,18000,19300,18000,19050,85494,0.08857142857142852
2022-10-17,18650,19300,18100,19250,690797,0.01049868766404205
2022-10-18,19250,19400,18500,18900,56635,-0.018181818181818188
2022-10-19,19400,19700,18500,18850,61643,-0.002645502645502673
2022-10-20,18650,19500,18600,19000,40369,0.007957559681697646
2022-10-21,18950,19150,18200,18850,68759,-0.007894736842105288
2022-10-24,19000,19300,18800,18850,23030,0.0
2022-10-25,18700,19200,18550,19150,29629,0.01591511936339529
2022-10-26,19100,19150,18600,18650,31898,-0.026109660574412552
2022-10-27,18900,18900,18450,18800,22452,0.008042895442359255
2022-10-28,18550,18900,18400,18750,21873,-0.0026595744680850686
2022-10-31,18900,19250,18550,18950,23619,0.010666666666666602
2022-11-01,18950,21700,18600,21400,171503,0.12928759894459096
2022-11-02,21400,21700,20450,20750,46357,-0.030373831775700966
2022-11-03,20250,20900,19800,20200,35746,-0.026506024096385583
2022-11-04,20000,20650,19550,20300,42881,0.004950495049504955
2022-11-07,19950,20400,19850,20000,17058,-0.014778325123152691
2022-11-08,20400,20750,19950,20600,19925,0.030000000000000027
2022-11-09,20750,20750,19800,20100,47012,-0.024271844660194164
2022-11-10,20050,20050,19500,19850,17858,-0.01243781094527363
2022-11-11,20250,20550,19900,20200,19901,0.017632241813602123
2022-11-14,20250,20450,19900,20200,17707,0.0
2022-11-15,19850,21000,19850,20900,38008,0.034653465346534684
2022-11-16,20800,22000,20800,21650,73285,0.03588516746411474
2022-11-17,22000,23400,21800,23100,88763,0.06697459584295617
2022-11-18,23350,23350,22500,22700,44537,-0.017316017316017285
2022-11-21,22700,23600,22350,23250,59244,0.02422907488986792
2022-11-22,23200,23300,22750,23000,21921,-0.010752688172043001
2022-11-23,23000,23450,22700,22750,22656,-0.010869565217391353
2022-11-24,22900,24000,22800,23800,72270,0.04615384615384621
2022-11-25,24000,25500,23250,24750,102552,0.0399159663865547
2022-11-28,25300,25850,24050,24550,137325,-0.008080808080808133
2022-11-29,24550,25500,24000,24750,56866,0.008146639511201537
2022-11-30,24550,25000,22900,24850,50993,0.004040404040404066
2022-12-01,25300,25300,24450,24950,26974,0.004024144869215318
2022-12-02,24800,25050,24150,24600,35474,-0.014028056112224463
2022-12-05,24600,24750,23700,24200,43409,-0.016260162601625994
2022-12-06,23750,24050,22200,23700,56083,-0.02066115702479343
2022-12-07,23000,23600,22850,23300,30844,-0.016877637130801704
2022-12-08,23250,23650,23050,23650,15252,0.015021459227467782
2022-12-09,23300,23900,23000,23200,22333,-0.019027484143763207
2022-12-12,23250,23750,22900,23300,34522,0.004310344827586299
2022-12-13,22900,24150,22900,23650,48426,0.015021459227467782
2022-12-14,23400,25450,23400,24750,115810,0.04651162790697683
2022-12-15,24800,25500,24800,25050,74570,0.0121212121212122
2022-12-16,24700,26100,24650,25300,120696,0.009980039920159722
2022-12-19,25400,25400,23700,23700,126660,-0.06324110671936756
2022-12-20,23700,24050,23200,23900,75971,0.00843881856540074
2022-12-21,23900,24650,23450,23950,75858,0.0020920502092049986
2022-12-22,23900,24800,23900,24200,70645,0.010438413361169019
2022-12-23,23300,23300,21050,21800,602249,-0.09917355371900827
2022-12-26,21800,22600,21500,22400,410518,0.02752293577981657
2022-12-27,22950,24400,22900,24250,445105,0.08258928571428581
2022-12-28,24150,26250,24150,25500,418436,0.05154639175257736
2022-12-29,25200,26650,25000,25800,172177,0.0117647058823529
2023-01-02,25850,26050,25200,25250,91738,-0.02131782945736438
2023-01-03,25450,25500,24700,25500,65037,0.00990099009900991
2023-01-04,25950,25950,24800,25350,95078,-0.00588235294117645
2023-01-05,25700,25700,25050,25100,53697,-0.009861932938856066
2023-01-06,25100,25550,24600,24950,78722,-0.005976095617529875
2023-01-09,25000,25000,24050,24100,90489,-0.034068136272545124
2023-01-10,23850,24500,23450,23550,69952,-0.022821576763485507
2023-01-11,23600,24400,23500,24300,64944,0.031847133757961776
2023-01-12,24500,24500,23500,23550,42495,-0.030864197530864224
2023-01-13,23800,23800,22850,23150,51495,-0.01698513800424628
2023-01-16,23450,23500,23000,23350,28405,0.008639308855291628
2023-01-17,23350,23700,23000,23250,38970,-0.004282655246252709
2023-01-18,23200,23350,22500,22800,65441,-0.01935483870967747
2023-01-19,22550,22950,22400,22850,42285,0.002192982456140413
2023-01-20,23000,23000,22600,22700,19648,-0.006564551422319487
2023-01-25,22950,23750,22650,23400,55574,0.03083700440528636
2023-01-26,23400,24550,23400,24500,58225,0.047008547008547064
2023-01-27,24500,24750,23300,23800,77224,-0.02857142857142858
2023-01-30,23550,23800,23300,23400,41963,-0.01680672268907568
2023-01-31,23450,24550,23100,23900,42635,0.02136752136752129
2023-02-01,24300,24300,23600,23650,41196,-0.010460251046025104
2023-02-02,23700,24550,23550,24250,50291,0.025369978858351017
2023-02-03,24300,24450,23800,24150,28540,-0.004123711340206171
2023-02-06,24250,24700,23900,24250,32673,0.0041407867494824835
2023-02-07,24000,24550,23900,23900,30016,-0.014432989690721598
2023-02-08,24100,24250,23650,23700,33480,-0.008368200836820106
2023-02-09,23800,24250,23150,24000,36673,0.012658227848101333
2023-02-10,24200,24200,23300,23450,31074,-0.022916666666666696
2023-02-13,23050,23300,22600,22950,34967,-0.021321961620469065
2023-02-14,22950,23200,22250,22350,42941,-0.02614379084967322
2023-02-15,22350,22400,21750,21850,43010,-0.022371364653243853
2023-02-16,22600,23250,22150,23000,41300,0.05263157894736836
2023-02-17,23000,23300,22350,22600,26249,-0.017391304347826098
2023-02-20,22950,23450,22300,23100,24729,0.022123893805309658
2023-02-21,23200,23200,21550,22300,78254,-0.03463203463203468
2023-02-22,22000,22000,21400,21650,37322,-0.029147982062780242
2023-02-23,21650,22100,20600,20600,75517,-0.0484988452655889
2023-02-24,20250,20800,19850,20800,49991,0.009708737864077666
2023-02-27,20600,21000,19950,20900,34121,0.004807692307692291
2023-02-28,21000,21500,20150,21100,63555,0.009569377990430672
2023-03-02,21400,21400,20800,21100,24782,0.0
2023-03-03,21200,21550,20850,21150,14435,0.0023696682464455776
2023-03-06,21150,21450,20500,21200,30338,0.0023640661938533203
2023-03-07,21000,23300,20900,23000,96866,0.08490566037735858
2023-03-08,23000,23000,22100,22300,31029,-0.0304347826086957
2023-03-09,22100,22350,21700,22300,23784,0.0
2023-03-10,22250,22350,21550,21800,22820,-0.022421524663677084
2023-03-13,21500,22000,20800,21900,36910,0.004587155963302836
2023-03-14,21500,22250,20900,21400,36730,-0.022831050228310557
2023-03-15,21800,21850,21300,21650,28591,0.011682242990654235
2023-03-16,21700,21800,20900,21500,35216,-0.006928406466512715
2023-03-17,21600,23200,21150,22550,97722,0.04883720930232549
2023-03-20,21700,22350,21400,22000,77078,-0.024390243902439046
2023-03-21,22000,22200,21500,21500,37431,-0.022727272727272707
2023-03-22,21550,23550,21550,23100,178648,0.07441860465116279
2023-03-23,23050,25150,22900,25000,357396,0.08225108225108224
2023-03-24,25050,26050,24400,25400,230636,0.016000000000000014
2023-03-27,25400,27100,24850,26900,209464,0.059055118110236116
2023-03-28,26900,27750,25500,26300,188713,-0.022304832713754608
2023-03-29,26300,26500,22150,22150,315598,-0.1577946768060836
2023-03-30,22350,23000,21250,21800,165091,-0.015801354401805856
2023-03-31,21800,22750,21700,22550,98430,0.034403669724770714
2023-04-03,22300,22900,21350,21500,105230,-0.04656319290465627
2023-04-04,21550,21800,21150,21300,49156,-0.009302325581395321
2023-04-05,21150,21650,20950,21400,58458,0.0046948356807512415
2023-04-06,21400,22250,21150,21950,53802,0.025700934579439227
2023-04-07,21850,22500,21850,22300,36864,0.015945330296127658
2023-04-10,22000,23000,21700,22300,36620,0.0
2023-04-11,22300,22300,21500,22200,47977,-0.004484304932735439
2023-04-12,22200,22400,21500,21850,72836,-0.015765765765765716
2023-04-13,21600,23800,21600,23750,167088,0.08695652173913038
2023-04-14,24100,25000,23600,23900,96990,0.006315789473684275
2023-04-17,23900,24250,23300,23700,59617,-0.008368200836820106
2023-04-18,23900,24700,22900,24350,93558,0.02742616033755274
2023-04-19,24250,24750,23600,23900,58693,-0.01848049281314168
2023-04-20,23900,23900,22700,23550,60195,-0.014644351464435101
2023-04-21,23600,23600,22700,23000,31095,-0.023354564755838636
2023-04-24,23000,23500,22050,22700,32303,-0.013043478260869601
2023-04-25,22600,22850,21650,22300,50485,-0.017621145374449365
2023-04-26,22000,22450,21500,22400,30984,0.004484304932735439
2023-04-27,22950,22950,21900,22400,11095,0.0
2023-04-28,22850,22850,21950,22300,23798,-0.004464285714285698
2023-05-02,22050,22850,21950,22600,21909,0.013452914798206317
2023-05-03,22600,22850,22200,22800,15560,0.008849557522123908
2023-05-04,22800,22800,22250,22600,11539,-0.00877192982456143
2023-05-08,22950,23050,22450,22950,16684,0.015486725663716783
2023-05-09,22850,23100,22350,22650,15809,-0.013071895424836555
2023-05-10,22900,22900,21900,21900,23276,-0.0331125827814569
2023-05-11,21650,22200,21600,21650,23804,-0.011415525114155223
2023-05-12,21650,21950,21300,21600,8789,-0.002309468822170868
2023-05-15,21950,21950,21100,21650,17120,0.0023148148148148806
2023-05-16,21900,21900,21000,21400,20821,-0.011547344110854452
2023-05-17,21750,22200,21250,21950,19242,0.025700934579439227
2023-05-18,22100,22250,21650,22050,18697,0.004555808656036442
2023-05-19,22550,22550,21900,22250,15681,0.009070294784580435
2023-05-22,22550,22650,21850,22650,21477,0.01797752808988773
2023-05-23,22650,22900,22300,22500,16495,-0.0066225165562914245
2023-05-24,22650,22650,21900,22150,19098,-0.015555555555555545
2023-05-25,21850,22150,21650,21850,22151,-0.013544018058690765
2023-05-26,21650,22200,21500,21700,13403,-0.006864988558352381
2023-05-30,22000,22250,21300,22000,27627,0.01382488479262678
2023-05-31,21600,22250,21600,21800,11323,-0.009090909090909038
2023-06-01,22300,22300,21500,21600,11776,-0.00917431192660545
2023-06-02,22150,22150,21200,22050,51189,0.02083333333333326
2023-06-05,22000,23600,21700,22950,95240,0.04081632653061229
2023-06-07,23000,23300,22500,22850,22565,-0.004357298474945481
2023-06-08,22600,22800,21850,22300,31855,-0.024070021881838044
2023-06-09,22300,22400,21900,22400,20476,0.004484304932735439
2023-06-12,22400,22400,21850,21900,25133,-0.022321428571428603
2023-06-13,21900,22200,21800,22100,14845,0.009132420091324311
2023-06-14,22100,22100,21400,21600,29386,-0.022624434389140302
2023-06-15,21600,21700,21400,21550,14872,-0.0023148148148147696
2023-06-16,21550,22300,21550,21950,16428,0.018561484918793614
2023-06-19,22350,22350,21500,21900,23593,-0.002277904328018221
2023-06-20,21950,22000,21500,21600,19062,-0.013698630136986356
2023-06-21,21900,21900,20400,20700,76466,-0.04166666666666663
2023-06-22,20050,20950,20050,20450,49382,-0.012077294685990392
2023-06-23,19920,20800,19650,20350,96999,-0.004889975550122272
2023-06-26,20000,20800,19970,20350,30733,0.0
2023-06-27,20400,20650,19850,19900,46363,-0.02211302211302213
2023-06-28,19910,20050,19400,19540,32275,-0.018090452261306567
2023-06-29,19450,19650,18810,19400,49712,-0.007164790174002067
2023-06-30,19750,19750,18750,19300,29017,-0.005154639175257714
2023-07-03,19420,20000,18890,19260,37523,-0.002072538860103612
2023-07-04,19040,19780,18880,19240,39553,-0.0010384215991692258
2023-07-05,19240,19550,18550,18800,72529,-0.022869022869022815
2023-07-06,18620,18780,17880,18320,68718,-0.025531914893617058
2023-07-07,18310,18420,17440,17520,50872,-0.04366812227074235
2023-07-10,17320,18410,17320,17970,22525,0.02568493150684925
2023-07-11,17970,18240,17550,17950,35214,-0.0011129660545353692
2023-07-12,17950,18000,17630,17800,19577,-0.00835654596100277
2023-07-13,17710,19200,17660,19120,50123,0.07415730337078652
2023-07-14,19100,20650,19100,20000,58349,0.046025104602510414
2023-07-17,19900,22000,19410,21950,110749,0.09749999999999992
2023-07-18,21950,21950,21100,21650,36930,-0.013667425968109326
2023-07-19,21650,21800,21200,21450,21563,-0.009237875288683584
2023-07-20,21500,22300,19850,21950,129154,0.02331002331002341
2023-07-21,21950,21950,21200,21700,18143,-0.011389521640091105
2023-07-24,21700,21750,20450,21100,51546,-0.027649769585253448
2023-07-25,20850,21100,20100,20400,37974,-0.033175355450236976
2023-07-26,20200,20700,18630,19520,39334,-0.04313725490196074
2023-07-27,19520,20600,19520,20400,16399,0.04508196721311486
2023-07-28,20700,20800,19790,19950,34214,-0.022058823529411797
2023-07-31,19950,21400,19350,20500,54363,0.027568922305764465
2023-08-01,20250,21000,19980,20200,16179,-0.014634146341463428
2023-08-02,20200,21100,19850,20150,42393,-0.0024752475247524774
2023-08-03,20000,20600,19750,19990,32758,-0.007940446650124056
2023-08-04,20200,20200,19580,19610,24967,-0.019009504752376172
2023-08-07,19450,19550,19130,19400,25746,-0.010708822029576792
2023-08-08,19840,19840,18940,19180,17260,-0.01134020618556697
2023-08-09,19190,19390,18650,19150,15763,-0.0015641293013556323
2023-08-10,19140,19140,18780,18960,11602,-0.00992167101827679
2023-08-11,18990,19340,18750,18850,11451,-0.005801687763713037
2023-08-14,18850,19020,18150,18640,23917,-0.011140583554376637
2023-08-16,18510,18770,18000,18000,17255,-0.03433476394849788
2023-08-17,18010,18500,17720,18500,13813,0.02777777777777768
2023-08-18,18450,18500,18160,18240,6728,-0.014054054054054022
2023-08-21,18240,19980,18150,19810,73766,0.08607456140350878
2023-08-22,19540,19990,19060,19580,26168,-0.011610297829379057
2023-08-23,19250,21150,19110,21000,108266,0.07252298263534218
2023-08-24,21500,22700,21050,22600,227974,0.07619047619047614
2023-08-25,22400,22700,21400,22600,61737,0.0
2023-08-28,21850,22600,21600,22450,50124,-0.006637168141592875
2023-08-29,22250,23350,21800,23050,100214,0.026726057906458767
2023-08-30,23100,24300,23000,23500,118563,0.01952277657266821
2023-08-31,23500,24700,23350,24550,175168,0.044680851063829685
2023-09-01,25800,28350,25500,27600,666045,0.12423625254582493
2023-09-04,27600,28500,27100,27400,158416,-0.007246376811594235
2023-09-05,27150,27700,26200,26200,159123,-0.04379562043795615
2023-09-06,26250,27450,25900,26950,118700,0.028625954198473247
2023-09-07,26700,28200,26300,27700,149638,0.027829313543599188
2023-09-08,27700,28450,26500,27600,116075,-0.0036101083032491488
2023-09-11,27400,28150,26500,26550,69628,-0.03804347826086951
2023-09-12,26200,27000,25100,26300,141416,-0.00941619585687381
2023-09-13,25850,26300,24500,25750,132727,-0.020912547528517123
2023-09-14,25450,29750,25050,29700,371571,0.15339805825242725
2023-09-15,29750,32400,29750,31600,610945,0.06397306397306401
2023-09-18,31450,32350,30400,30600,146669,-0.03164556962025311
2023-09-19,30600,31100,29100,29750,150516,-0.02777777777777779
2023-09-20,29300,30350,28800,29850,117996,0.003361344537815114
2023-09-21,29300,29650,27900,28550,127159,-0.04355108877721947
2023-09-22,27950,28650,27850,28550,41443,0.0
2023-09-25,28200,29000,27300,28050,87695,-0.017513134851138368
2023-09-26,28050,28800,27300,27350,44315,-0.024955436720142554
2023-09-27,27600,28500,26650,28250,47344,0.03290676416819016
2023-10-04,28000,29000,27200,27900,100147,-0.012389380530973493
2023-10-05,28650,28650,26500,27150,60008,-0.026881720430107503
2023-10-06,27150,27950,26600,27800,42957,0.023941068139963217
2023-10-10,27950,29200,27250,27400,67368,-0.014388489208633115
2023-10-11,27500,28900,27500,28750,48925,0.0492700729927007
2023-10-12,28500,32100,27700,31650,162952,0.10086956521739121
2023-10-13,31650,31700,29900,30150,89291,-0.04739336492891
2023-10-16,29750,30650,29400,30250,47215,0.0033167495854062867
2023-10-17,30200,31100,29500,29600,64689,-0.02148760330578514
2023-10-18,29500,30800,29450,30800,47785,0.04054054054054057
2023-10-19,30800,31250,29450,30050,98332,-0.024350649350649345
2023-10-20,29850,30150,26050,28650,184672,-0.04658901830282858
2023-10-23,28400,28400,27000,27400,77033,-0.04363001745200701
2023-10-24,27400,29700,27000,29100,62682,0.06204379562043805
2023-10-25,29150,30400,27650,28050,76952,-0.03608247422680411
2023-10-26,27050,27800,26450,27400,62735,-0.02317290552584672
2023-10-27,27400,28850,27300,28550,44119,0.04197080291970812
2023-10-30,28800,28800,27750,28300,19050,-0.008756567425569184
2023-10-31,28500,28800,27200,27350,47371,-0.03356890459363959
2023-11-01,27350,28100,27150,27550,33790,0.007312614259597838
2023-11-02,27700,30350,27550,29900,163872,0.08529945553539009
2023-11-03,30000,31800,29900,31500,236628,0.05351170568561869
2023-11-06,31900,32600,30650,31650,163873,0.004761904761904745
2023-11-07,31100,33900,30150,33700,221903,0.06477093206951023
2023-11-08,33700,33950,32450,32750,90918,-0.028189910979228516
2023-11-09,32750,33000,31900,32500,64095,-0.007633587786259555
2023-11-10,32150,32800,31450,32150,74038,-0.010769230769230753
2023-11-13,31550,32000,30700,31000,73755,-0.03576982892690517
2023-11-14,31000,33000,30650,33000,81103,0.06451612903225801
2023-11-15,33500,33600,31300,31700,96089,-0.039393939393939426
2023-11-16,31450,32000,30950,31950,34231,0.007886435331230235
2023-11-17,31650,32500,31150,31750,33629,-0.006259780907668211
2023-11-20,32100,32600,31450,32100,44842,0.011023622047244164
2023-11-21,32500,32500,31100,31450,50413,-0.02024922118380057
2023-11-22,31450,32600,31250,31550,61955,0.0031796502384737746
2023-11-23,31550,31800,29700,29950,83836,-0.05071315372424723
2023-11-24,29900,30700,29700,30100,60225,0.005008347245408995
2023-11-27,29650,30250,28850,30000,153085,-0.0033222591362126463
2023-11-28,29800,30800,29350,30000,47689,0.0
2023-11-29,30000,30750,29800,30050,63993,0.0016666666666667052
2023-11-30,30050,30050,28500,29300,102810,-0.024958402662229595
2023-12-01,29350,29450,28400,28700,55746,-0.020477815699658675
2023-12-04,28500,29150,27500,28000,85561,-0.024390243902439046
2023-12-05,27250,27950,26300,26700,160712,-0.046428571428571375
2023-12-06,26500,27450,26100,27050,92188,0.013108614232209659
2023-12-07,27200,28400,26650,28000,105632,0.03512014787430684
2023-12-08,28600,29650,28350,28950,99935,0.03392857142857153
2023-12-11,28950,29300,28250,29250,48662,0.010362694300518172
2023-12-12,28700,29650,28600,29250,62211,0.0
2023-12-13,29250,29550,28400,29100,80675,-0.00512820512820511
2023-12-14,29100,30450,28850,29500,124168,0.013745704467353903
2023-12-15,29450,30300,28850,30100,81003,0.02033898305084736
2023-12-18,30450,30850,29900,30250,65844,0.004983388704318914
2023-12-19,29850,30100,29300,29900,41183,-0.011570247933884281
2023-12-20,29900,30100,29400,29800,46478,-0.0033444816053511683
2023-12-21,29700,30700,29250,30450,95955,0.02181208053691286
2023-12-22,30650,30850,30200,30700,102407,0.008210180623973828
2023-12-26,30900,31100,29950,30450,105569,-0.008143322475570036
2023-12-27,30400,35450,30150,34500,445945,0.13300492610837433
2023-12-28,34500,37200,33750,36000,378902,0.04347826086956519
2024-01-02,36000,38950,36000,38850,302093,0.07916666666666661
