Date,Open,High,Low,Close,Volume,Change
2022-01-03,211500,212500,209000,210500,468732,0.0071770334928229484
2022-01-04,212500,212500,208500,210000,499857,-0.002375296912114022
2022-01-05,214000,217500,212000,213500,1175411,0.016666666666666607
2022-01-06,210000,216500,210000,214000,866582,0.0023419203747072626
2022-01-07,214500,216500,213500,215000,577852,0.004672897196261738
2022-01-10,214000,215000,209000,209500,744261,-0.025581395348837188
2022-01-11,209500,211500,209000,210500,482235,0.004773269689737569
2022-01-12,211500,213000,210500,211500,470451,0.004750593824228044
2022-01-13,211500,213000,210000,210000,499094,-0.007092198581560294
2022-01-14,209500,211000,208000,209000,406569,-0.004761904761904745
2022-01-17,208500,209000,202500,205000,724213,-0.019138755980861233
2022-01-18,206000,206000,201500,202500,580959,-0.012195121951219523
2022-01-19,200500,203500,200000,200500,525014,-0.00987654320987652
2022-01-20,200500,202500,199500,202000,451581,0.007481296758104827
2022-01-21,199500,201000,198500,200000,513891,-0.00990099009900991
2022-01-24,197500,200000,195000,197000,659010,-0.015000000000000013
2022-01-25,196500,197000,190000,194500,1174185,-0.012690355329949221
2022-01-26,193000,194500,189500,190000,1191581,-0.023136246786632397
2022-01-27,190000,191500,185500,186500,1072651,-0.018421052631578894
2022-01-28,186500,190500,180000,189500,1415358,0.01608579088471851
2022-02-03,193000,195500,191500,191500,837241,0.01055408970976246
2022-02-04,190500,192000,188000,190000,837609,-0.007832898172323799
2022-02-07,189500,190000,184500,186500,829365,-0.018421052631578894
2022-02-08,186500,188000,183500,184500,1150733,-0.01072386058981234
2022-02-09,186000,186000,182500,185000,1015966,0.0027100271002709064
2022-02-10,186000,187000,182500,185500,1280607,0.002702702702702675
2022-02-11,183000,184500,181000,183000,1001635,-0.013477088948787075
2022-02-14,179500,181000,176000,176500,1380176,-0.03551912568306015
2022-02-15,177000,183000,176500,180500,961742,0.022662889518413554
2022-02-16,184500,185500,181000,182000,561867,0.008310249307479145
2022-02-17,183000,186000,181000,183500,767679,0.008241758241758212
2022-02-18,181000,184000,180500,183500,426090,0.0
2022-02-21,180500,185500,179500,185000,463279,0.008174386920980936
2022-02-22,180500,183000,180000,181500,572593,-0.018918918918918948
2022-02-23,182500,183000,179500,180500,549304,-0.0055096418732781816
2022-02-24,178500,179000,171000,173000,1722526,-0.04155124653739617
2022-02-25,175000,175500,171500,174000,949885,0.005780346820809301
2022-02-28,171000,175000,168000,175000,1247805,0.005747126436781658
2022-03-02,171500,172500,169500,170500,1384049,-0.02571428571428569
2022-03-03,173500,179000,173000,177500,1244300,0.04105571847507328
2022-03-04,176500,177500,172500,172500,868483,-0.028169014084507005
2022-03-07,170000,171000,165500,168000,1439259,-0.02608695652173909
2022-03-08,164000,170500,163500,168000,728464,0.0
2022-03-10,171500,172000,167500,169000,1082310,0.005952380952380931
2022-03-11,169000,169500,165500,169000,774655,0.0
2022-03-14,166500,167500,163000,164500,1112790,-0.026627218934911268
2022-03-15,164000,165500,162000,163000,878905,-0.00911854103343468
2022-03-16,165000,168500,163000,168000,863044,0.030674846625766916
2022-03-17,172500,173000,168500,168500,945451,0.0029761904761904656
2022-03-18,171500,171500,169500,171000,782119,0.014836795252225476
2022-03-21,171500,172000,168500,168500,582102,-0.014619883040935644
2022-03-22,169000,174500,169000,173500,1166430,0.029673590504450953
2022-03-23,175000,177500,174000,176000,952954,0.014409221902017322
2022-03-24,174000,177000,173500,176000,709518,0.0
2022-03-25,176500,176500,173000,174000,563456,-0.011363636363636354
2022-03-28,172000,175500,171000,174500,459678,0.002873563218390718
2022-03-29,176000,178000,174000,176500,545335,0.011461318051575908
2022-03-30,180000,183000,179500,181000,1082135,0.025495750708215192
2022-03-31,180500,181000,179000,180500,576522,-0.002762430939226568
2022-04-01,178000,178500,177000,178000,470770,-0.013850415512465353
2022-04-04,177000,179000,174500,178000,509106,0.0
2022-04-05,178500,180000,177000,179000,426072,0.00561797752808979
2022-04-06,177000,182000,176500,180000,641803,0.005586592178770999
2022-04-07,180000,182000,178500,178500,778374,-0.008333333333333304
2022-04-08,178000,179000,175500,176500,458780,-0.011204481792717047
2022-04-11,176000,181000,175500,179500,641674,0.016997167138810276
2022-04-12,179000,180500,176500,178000,626266,-0.00835654596100277
2022-04-13,179500,181000,178500,181000,498547,0.016853932584269593
2022-04-14,181000,182000,176500,177500,898024,-0.01933701657458564
2022-04-15,176500,178000,175500,177000,559522,-0.0028169014084507005
2022-04-18,176000,178500,175500,178500,275773,0.008474576271186418
2022-04-19,178500,181500,178000,181000,623880,0.014005602240896309
2022-04-20,181000,184000,180000,183000,814107,0.011049723756906049
2022-04-21,184000,184500,182500,183000,657116,0.0
2022-04-22,181500,182500,179000,180000,852781,-0.016393442622950838
2022-04-25,177000,184500,176500,182000,1504197,0.011111111111111072
2022-04-26,187000,191000,186500,187000,2313611,0.027472527472527375
2022-04-27,184000,188500,183000,187000,1152068,0.0
2022-04-28,188000,189000,186000,188500,705457,0.008021390374331583
2022-04-29,187000,188000,184000,186000,767005,-0.01326259946949604
2022-05-02,184000,188000,184000,187000,496083,0.005376344086021501
2022-05-03,185500,186500,182500,183500,662535,-0.018716577540106916
2022-05-04,183500,184500,182000,184000,347996,0.0027247956403269047
2022-05-06,181500,183500,181000,182500,375723,-0.008152173913043459
2022-05-09,182000,183500,180500,181500,504477,-0.005479452054794498
2022-05-10,180500,181500,176000,180500,774377,-0.0055096418732781816
2022-05-11,178500,184500,178000,183000,724251,0.013850415512465464
2022-05-12,181000,183500,180000,180500,691192,-0.013661202185792365
2022-05-13,182000,187000,181500,186500,924029,0.0332409972299168
2022-05-16,188500,189500,183500,184000,548683,-0.013404825737265424
2022-05-17,185500,186500,182500,185500,530263,0.008152173913043459
2022-05-18,187000,187500,183500,185500,541137,0.0
2022-05-19,181500,183500,181000,182000,542030,-0.018867924528301883
2022-05-20,183500,186500,183000,186500,469517,0.024725274725274637
2022-05-23,188500,189000,186500,188000,436270,0.008042895442359255
2022-05-24,187000,188000,183500,185000,431231,-0.015957446808510634
2022-05-25,186000,186000,182000,183500,482136,-0.008108108108108136
2022-05-26,183500,186000,183000,184000,428541,0.0027247956403269047
2022-05-27,186500,186500,184500,185500,334939,0.008152173913043459
2022-05-30,187500,188000,185500,187500,368902,0.010781671159029615
2022-05-31,187000,189500,187000,189500,916327,0.010666666666666602
2022-06-02,189000,189000,186500,187500,387758,-0.01055408970976257
2022-06-03,188500,189000,185000,187000,400003,-0.002666666666666706
2022-06-07,186000,186500,183000,183500,621262,-0.018716577540106916
2022-06-08,183500,185000,182000,183000,556940,-0.0027247956403270157
2022-06-09,183000,183500,180500,182500,656175,-0.002732240437158473
2022-06-10,181500,185000,180500,184500,571131,0.010958904109588996
2022-06-13,180000,181500,173000,175000,1193167,-0.051490514905149
2022-06-14,171500,172500,169000,171500,1122467,-0.020000000000000018
2022-06-15,173500,179000,171500,174000,995832,0.014577259475218707
2022-06-16,177000,177500,172500,173000,619047,-0.005747126436781658
2022-06-17,168000,172000,168000,170000,784685,-0.017341040462427793
2022-06-20,172500,173000,168500,170500,518566,0.002941176470588225
2022-06-21,171500,175000,170000,172500,532008,0.011730205278592365
2022-06-22,174500,175000,171000,171500,633838,-0.005797101449275366
2022-06-23,171500,174000,170000,171000,807430,-0.002915451895043719
2022-06-24,170500,175000,170500,173000,472975,0.011695906432748648
2022-06-27,177000,185000,176500,183000,1348957,0.05780346820809257
2022-06-28,183500,189000,183500,186000,1021549,0.016393442622950838
2022-06-29,180000,181000,172500,175500,2543120,-0.056451612903225756
2022-06-30,176500,184500,175500,180500,1651221,0.028490028490028463
2022-07-01,181500,185000,179500,180000,916020,-0.0027700831024930483
2022-07-04,181000,183000,175000,178000,1006440,-0.011111111111111072
2022-07-05,180000,181000,173500,177500,1097504,-0.002808988764044895
2022-07-06,176000,177000,172000,172500,924184,-0.028169014084507005
2022-07-07,175000,177000,172500,175000,536363,0.01449275362318847
2022-07-08,177500,180500,177000,178000,824702,0.017142857142857126
2022-07-11,180000,182000,179000,179000,660814,0.00561797752808979
2022-07-12,180000,181500,177000,179000,539027,0.0
2022-07-13,180000,185000,178500,183500,941277,0.025139664804469275
2022-07-14,183000,184500,180500,182500,780637,-0.00544959128065392
2022-07-15,183000,184500,178500,183500,768143,0.005479452054794498
2022-07-18,187000,188500,183500,185500,699961,0.01089918256130784
2022-07-19,185000,189000,184500,188500,868892,0.016172506738544534
2022-07-20,191500,191500,188500,189000,985986,0.0026525198938991412
2022-07-21,189000,193500,185500,189000,2136819,0.0
2022-07-22,191000,193000,188000,191000,1378005,0.010582010582010692
2022-07-25,192500,198500,192500,196000,1352264,0.02617801047120416
2022-07-26,196000,196500,192500,196000,735482,0.0
2022-07-27,196000,197000,193000,196000,608998,0.0
2022-07-28,198000,198000,194000,195000,757504,-0.005102040816326481
2022-07-29,196000,197000,194000,196000,844829,0.00512820512820511
2022-08-01,196000,198000,195000,196000,601112,0.0
2022-08-02,196500,197000,193500,196500,721088,0.0025510204081633514
2022-08-03,197000,198000,196000,197000,683572,0.0025445292620864812
2022-08-04,198000,198500,194500,196500,622111,-0.0025380710659898
2022-08-05,196000,197500,193500,194500,919482,-0.010178117048346036
2022-08-08,193500,196000,193000,196000,635689,0.007712082262210762
2022-08-09,195500,196000,191000,193500,962838,-0.012755102040816313
2022-08-10,193000,194500,192000,192500,510243,-0.0051679586563307955
2022-08-11,195000,195000,192500,193000,731121,0.0025974025974024872
2022-08-12,193500,197500,193500,196000,627417,0.015544041450777257
2022-08-16,198000,199500,196000,197500,505801,0.007653061224489832
2022-08-17,195000,196500,188000,190000,1410422,-0.03797468354430378
2022-08-18,186500,187500,184000,186000,1438270,-0.021052631578947323
2022-08-19,187000,191500,186500,190000,770986,0.021505376344086002
2022-08-22,187500,192000,187000,189000,532730,-0.0052631578947368585
2022-08-23,189000,193000,188000,189000,711974,0.0
2022-08-24,190000,191000,185500,188000,700265,-0.005291005291005346
2022-08-25,189000,192500,188500,192000,561737,0.02127659574468077
2022-08-26,192500,194000,191500,193500,473581,0.0078125
2022-08-29,188500,189000,186500,188500,601747,-0.025839793281653756
2022-08-30,190500,196000,190500,195500,891335,0.037135278514588865
2022-08-31,195000,197500,194500,196000,762426,0.002557544757033181
2022-09-01,193500,197500,191000,195500,785337,-0.0025510204081632404
2022-09-02,199000,203500,196000,196500,1401989,0.005115089514066584
2022-09-05,197500,201000,197500,200000,886938,0.01781170483460559
2022-09-06,200500,201000,198000,201000,591596,0.004999999999999893
2022-09-07,201000,203000,199000,202000,758254,0.004975124378109541
2022-09-08,202500,203000,198500,200000,860563,-0.00990099009900991
2022-09-13,200500,201500,198000,200500,910285,0.0024999999999999467
2022-09-14,197000,200000,196000,198500,668955,-0.009975062344139696
2022-09-15,199000,201000,198000,198000,404656,-0.0025188916876573986
2022-09-16,199500,202500,199000,201000,911954,0.015151515151515138
2022-09-19,201500,202000,198000,201500,693456,0.0024875621890547706
2022-09-20,202500,202500,198500,198500,692217,-0.01488833746898266
2022-09-21,197000,197500,194500,197000,622478,-0.007556675062972307
2022-09-22,194500,197000,192500,193500,540322,-0.017766497461928932
2022-09-23,194000,195500,190500,190500,680644,-0.015503875968992276
2022-09-26,187000,187500,180500,182500,1609911,-0.04199475065616798
2022-09-27,182500,186000,182000,186000,890612,0.019178082191780854
2022-09-28,184000,184500,177500,179500,1163914,-0.034946236559139754
2022-09-29,182500,184000,181000,181500,714142,0.011142061281337101
2022-09-30,181000,183000,174000,176500,1005125,-0.02754820936639113
2022-10-04,179000,183000,177500,179500,831935,0.016997167138810276
2022-10-05,183500,184000,172000,177000,1144019,-0.013927576601671321
2022-10-06,178500,179500,175000,178000,611007,0.005649717514124353
2022-10-07,176500,176500,174000,175500,608384,-0.014044943820224698
2022-10-11,170000,170500,166000,168000,1145441,-0.042735042735042694
2022-10-12,166500,169500,165500,168000,821753,0.0
2022-10-13,167500,168000,164500,164500,691537,-0.02083333333333337
2022-10-14,167000,168000,165000,167000,657249,0.015197568389057725
2022-10-17,166000,168500,164000,167000,665601,0.0
2022-10-18,170500,171500,165000,168000,1286984,0.0059880239520957446
2022-10-19,166000,172500,166000,168000,1111330,0.0
2022-10-20,168500,169500,166500,168500,692203,0.0029761904761904656
2022-10-21,169000,169500,165500,167000,695788,-0.008902077151335286
2022-10-24,169000,169500,161500,161500,1443569,-0.03293413173652693
2022-10-25,162500,163000,160000,162500,967860,0.006191950464396356
2022-10-26,163000,164000,160000,160500,1023919,-0.012307692307692353
2022-10-27,161000,163500,160500,162000,876823,0.009345794392523255
2022-10-28,162000,166000,161500,164000,752111,0.012345679012345734
2022-10-31,166000,166500,162000,164500,622380,0.0030487804878047697
2022-11-01,163500,165000,162000,164500,628185,0.0
2022-11-02,164500,165000,162000,165000,941434,0.003039513677811634
2022-11-03,162500,163000,160500,162000,1008989,-0.018181818181818188
2022-11-04,162000,164000,161500,163000,522276,0.006172839506172867
2022-11-07,166500,170000,165500,169500,1126417,0.039877300613496924
2022-11-08,171500,172000,167500,170000,804889,0.002949852507374562
2022-11-09,170500,172000,167000,169500,953568,-0.002941176470588225
2022-11-10,167000,173000,166500,169500,1018720,0.0
2022-11-11,174500,175500,171000,172000,980474,0.014749262536873253
2022-11-14,174500,179500,174000,176000,1379189,0.023255813953488413
2022-11-15,176500,177000,173000,174500,838806,-0.008522727272727293
2022-11-16,175000,175500,170500,172000,642717,-0.014326647564469885
2022-11-17,171000,172500,169500,170000,502812,-0.011627906976744207
2022-11-18,170000,173000,169500,169500,559141,-0.002941176470588225
2022-11-21,169500,170000,166500,168000,517728,-0.008849557522123908
2022-11-22,167500,168000,165000,165500,454542,-0.014880952380952328
2022-11-23,166500,167500,164000,166000,449446,0.0030211480362538623
2022-11-24,168000,168500,166500,167500,323362,0.009036144578313143
2022-11-25,168000,168500,166000,166000,356637,-0.008955223880596996
2022-11-28,166000,169500,164000,167500,551024,0.009036144578313143
2022-11-29,168000,169500,167000,169000,341427,0.008955223880596996
2022-11-30,169000,170500,168500,169000,633720,0.0
2022-12-01,172000,173000,170500,171500,499538,0.014792899408283988
2022-12-02,172000,172500,168500,169000,453689,-0.014577259475218707
2022-12-05,169500,170000,164500,165500,788455,-0.020710059171597628
2022-12-06,164000,165000,162500,164500,434862,-0.0060422960725075026
2022-12-07,163500,165000,163000,163000,379112,-0.00911854103343468
2022-12-08,163500,163500,161000,162000,703551,-0.006134969325153339
2022-12-09,163500,164000,162000,162500,464194,0.0030864197530864335
2022-12-12,162000,163500,162000,163500,232963,0.006153846153846176
2022-12-13,164000,164000,158000,159500,756323,-0.024464831804281384
2022-12-14,160000,165000,159500,163500,614474,0.02507836990595602
2022-12-15,162500,165000,162000,162000,383741,-0.00917431192660545
2022-12-16,160000,163000,160000,162500,446581,0.0030864197530864335
2022-12-19,160500,161500,157500,159000,734465,-0.021538461538461506
2022-12-20,158000,158500,154500,157000,1039931,-0.012578616352201255
2022-12-21,157000,157500,155500,156000,531850,-0.006369426751592355
2022-12-22,156500,159500,156500,158500,452454,0.01602564102564097
2022-12-23,157000,158000,155500,157000,336597,-0.009463722397476393
2022-12-26,157000,159000,157000,158000,387872,0.006369426751592355
2022-12-27,158500,160000,157000,158000,637139,0.0
2022-12-28,156000,156500,154000,154000,556921,-0.025316455696202556
2022-12-29,153000,154000,150500,151000,552974,-0.01948051948051943
2023-01-02,154000,161000,154000,157000,1132256,0.039735099337748325
2023-01-03,158500,160500,156000,159000,787752,0.01273885350318471
2023-01-04,157500,161000,157500,160500,463444,0.009433962264151052
2023-01-05,161000,161500,158000,159000,577152,-0.009345794392523366
2023-01-06,157500,161500,157500,159500,502420,0.003144654088050425
2023-01-09,161000,164500,160000,164000,614204,0.028213166144200663
2023-01-10,162500,164000,161500,163000,414613,-0.0060975609756097615
2023-01-11,163500,165000,163000,164000,367725,0.006134969325153339
2023-01-12,166000,168000,164500,166500,869403,0.015243902439024293
2023-01-13,167500,170000,167000,169000,707095,0.01501501501501501
2023-01-16,166500,167500,163500,166500,797353,-0.014792899408283988
2023-01-17,166500,167000,164500,166000,452113,-0.0030030030030030463
2023-01-18,166500,166500,162500,164500,499603,-0.009036144578313254
2023-01-19,162000,164000,162000,164000,353522,-0.003039513677811523
2023-01-20,163000,164500,163000,164500,296063,0.0030487804878047697
2023-01-25,166100,166500,165200,165700,359163,0.007294832826747699
2023-01-26,166600,176200,166600,174900,1692960,0.05552202776101378
2023-01-27,177000,177600,173300,173900,1174428,-0.005717552887364197
2023-01-30,174400,175700,169400,170000,831088,-0.022426682001150056
2023-01-31,169000,170400,167000,167000,698589,-0.01764705882352946
2023-02-01,169200,171500,168700,170000,599556,0.017964071856287456
2023-02-02,171500,172900,169300,169900,548264,-0.0005882352941176672
2023-02-03,170100,174500,169600,172800,770290,0.017068864037669274
2023-02-06,174000,174700,170700,170700,582407,-0.01215277777777779
2023-02-07,171000,171200,169500,170500,533337,-0.0011716461628588082
2023-02-08,171500,173000,170200,172700,442701,0.012903225806451646
2023-02-09,171900,174000,171500,172600,583923,-0.0005790387955992848
2023-02-10,171600,173500,171100,173400,372830,0.004634994206257348
2023-02-13,172700,174300,171300,171600,373651,-0.01038062283737029
2023-02-14,172900,175700,172700,173700,502938,0.012237762237762295
2023-02-15,174600,175300,171800,172700,451687,-0.005757052389176787
2023-02-16,173400,180000,173300,179300,1070527,0.03821656050955413
2023-02-17,177400,179800,177000,179000,457976,-0.001673173452314547
2023-02-20,179400,179400,176600,178200,404747,-0.004469273743016755
2023-02-21,178500,179000,175500,178200,454862,0.0
2023-02-22,175800,176900,174000,174200,432567,-0.02244668911335579
2023-02-23,174400,178600,174300,176200,446435,0.01148105625717566
2023-02-24,176200,177300,173800,173900,382070,-0.013053348467650383
2023-02-27,173100,173600,170200,173300,427027,-0.0034502587694077436
2023-02-28,174100,178100,174000,176300,824763,0.017311021350259637
2023-03-02,176500,179800,176500,178500,747929,0.012478729438457181
2023-03-03,177500,178200,175000,176100,549203,-0.013445378151260456
2023-03-06,177800,178500,176000,177500,547005,0.007950028392958552
2023-03-07,176500,177500,175100,175100,462996,-0.013521126760563384
2023-03-08,174300,176100,174100,174900,497195,-0.0011422044545973398
2023-03-09,176600,180400,175700,176300,808110,0.008004574042309809
2023-03-10,174700,176700,174600,175000,443221,-0.007373794668179223
2023-03-13,174400,176300,173500,176000,529759,0.005714285714285783
2023-03-14,175200,175900,170500,171000,589581,-0.02840909090909094
2023-03-15,172700,175500,172700,174300,481716,0.019298245614035148
2023-03-16,172800,174800,171800,174000,392030,-0.0017211703958691649
2023-03-17,175200,176600,173200,176600,507745,0.014942528735632177
2023-03-20,176500,177000,174800,175100,366357,-0.008493771234428071
2023-03-21,175900,176900,174800,175800,297779,0.003997715591090856
2023-03-22,177000,180500,176700,180300,718542,0.025597269624573427
2023-03-23,179300,182400,178700,180500,591091,0.0011092623405435376
2023-03-24,180600,180600,175300,177700,649952,-0.015512465373961226
2023-03-27,177700,177700,174800,176100,402749,-0.009003939223410251
2023-03-28,177100,178300,175800,177100,341408,0.005678591709256109
2023-03-29,175800,180700,175800,180400,571771,0.01863354037267073
2023-03-30,179200,181900,178800,181200,525981,0.0044345898004434225
2023-03-31,182000,184900,181900,184500,668373,0.01821192052980125
2023-04-03,184600,185500,182300,183600,534323,-0.004878048780487809
2023-04-04,184000,186500,183300,183800,510739,0.0010893246187364536
2023-04-05,185100,187200,184000,186700,509578,0.015778019586507153
2023-04-06,186900,189400,184700,185100,667512,-0.008569898232458462
2023-04-07,185400,186500,184600,185100,435717,0.0
2023-04-10,186000,188500,184200,185900,480371,0.00432198811453266
2023-04-11,186600,192400,185100,192100,1067237,0.03335126412049494
2023-04-12,195000,199500,194600,198200,1517626,0.031754294638209224
2023-04-13,199000,199900,196200,198900,824006,0.003531786074671972
2023-04-14,199500,199700,196000,196100,670548,-0.014077425842131674
2023-04-17,195400,196100,193800,195000,497443,-0.0056093829678735
2023-04-18,192700,193000,188200,191400,961739,-0.018461538461538418
2023-04-19,191400,194200,190300,193600,571094,0.011494252873563315
2023-04-20,193000,194100,191400,192500,423616,-0.005681818181818232
2023-04-21,191100,191800,188300,190400,454248,-0.010909090909090868
2023-04-24,190600,193100,190600,191900,434584,0.007878151260504174
2023-04-25,193000,201500,191200,201000,2084924,0.047420531526836784
2023-04-26,205500,207500,199900,201500,2214068,0.0024875621890547706
2023-04-27,201500,205000,200500,202000,976414,0.002481389578163684
2023-04-28,203000,203500,196200,197500,1056770,-0.022277227722772297
2023-05-02,198500,202000,197700,201500,573959,0.020253164556962133
2023-05-03,200500,202000,198500,201000,460771,-0.002481389578163795
2023-05-04,200000,201000,197400,199200,472704,-0.008955223880596996
2023-05-08,201000,203000,200000,202500,590557,0.016566265060240948
2023-05-09,202000,205500,199900,205000,704155,0.012345679012345734
2023-05-10,206000,211000,205000,210000,1476327,0.024390243902439046
2023-05-11,211500,211500,208000,208000,919476,-0.00952380952380949
2023-05-12,207000,209500,205500,208500,539737,0.0024038461538462563
2023-05-15,207000,209000,204000,208000,594282,-0.0023980815347721673
2023-05-16,206500,207500,201000,202500,874247,-0.02644230769230771
2023-05-17,202500,205500,202500,204500,550297,0.009876543209876631
2023-05-18,207000,207000,205000,206500,476896,0.009779951100244544
2023-05-19,206000,207500,204000,205500,528680,-0.004842615012106588
2023-05-22,206000,208500,204500,207500,469209,0.009732360097323589
2023-05-23,209000,209000,207000,207500,356438,0.0
2023-05-24,206000,208000,205500,207500,305061,0.0
2023-05-25,206000,206500,203000,203500,528730,-0.01927710843373498
2023-05-26,204500,205500,201000,205500,596247,0.00982800982800991
2023-05-30,207000,207000,200000,200500,861994,-0.024330900243308973
2023-05-31,200500,203000,200000,200000,879887,-0.0024937655860348684
2023-06-01,199800,199800,196300,197500,791585,-0.012499999999999956
2023-06-02,198500,199800,198100,199500,418613,0.010126582278481067
2023-06-05,201500,203500,200000,201000,454150,0.007518796992481258
2023-06-07,202500,203000,195400,196400,960900,-0.022885572139303534
2023-06-08,195500,197200,194000,196700,928559,0.0015274949083503575
2023-06-09,197400,198300,196300,197100,421616,0.0020335536349771477
2023-06-12,197500,198500,195100,196200,429448,-0.004566210045662156
2023-06-13,196700,198200,196200,198000,474628,0.00917431192660545
2023-06-14,198800,201500,198500,201000,662184,0.015151515151515138
2023-06-15,201500,202000,199400,199700,354685,-0.006467661691542337
2023-06-16,201000,201500,198000,199400,548562,-0.001502253380070151
2023-06-19,198000,199400,197000,199300,375749,-0.0005015045135405849
2023-06-20,198300,199000,197000,197900,331277,-0.007024586051179171
2023-06-21,197900,205000,196300,204000,1028131,0.030823648307225948
2023-06-22,202500,203500,200500,202000,392056,-0.009803921568627416
2023-06-23,201000,202000,199000,199900,349362,-0.010396039603960405
2023-06-26,199900,202500,199900,200500,307090,0.0030015007503751967
2023-06-27,201000,206000,201000,206000,806971,0.027431421446383997
2023-06-28,206000,206500,203000,206000,630872,0.0
2023-06-29,205500,206000,204000,204500,320058,-0.007281553398058249
2023-06-30,204500,209000,204500,206500,563079,0.009779951100244544
2023-07-03,207500,208500,205500,208500,545516,0.009685230024213176
2023-07-04,208500,210000,206500,208000,424908,-0.0023980815347721673
2023-07-05,208000,209500,204500,205500,586067,-0.012019230769230727
2023-07-06,204000,208500,204000,206500,643771,0.0048661800486617945
2023-07-07,205500,206000,202500,204000,476427,-0.01210653753026636
2023-07-10,205000,208000,202000,205500,511222,0.007352941176470562
2023-07-11,206500,208000,205000,207000,538193,0.007299270072992803
2023-07-12,206000,206500,202500,203500,503118,-0.016908212560386437
2023-07-13,205000,205000,203000,203500,540814,0.0
2023-07-14,204500,209000,204500,208500,655619,0.024570024570024662
2023-07-17,207000,208500,203500,203500,517107,-0.023980815347721784
2023-07-18,204000,205000,201000,201500,501091,-0.009828009828009798
2023-07-19,201500,203500,200000,202000,491509,0.002481389578163684
2023-07-20,202000,204000,200000,200500,531811,-0.007425742574257432
2023-07-21,199700,201000,198200,200000,508793,-0.0024937655860348684
2023-07-24,199100,200500,197600,199200,614300,-0.0040000000000000036
2023-07-25,199900,202500,199200,200500,492019,0.006526104417670764
2023-07-26,201000,202000,195000,198700,1347123,-0.008977556109725726
2023-07-27,202500,203000,194000,197800,1244827,-0.00452944136889788
2023-07-28,196500,201500,196500,196800,782058,-0.005055611729019249
2023-07-31,198000,198200,195100,196000,678535,-0.004065040650406471
2023-08-01,195200,199600,194600,199400,698965,0.0173469387755103
2023-08-02,197800,198800,192400,192500,917045,-0.03460381143430291
2023-08-03,192500,194300,190800,191700,531818,-0.004155844155844135
2023-08-04,191600,193400,190500,192200,378998,0.002608242044861653
2023-08-07,191000,191100,187300,188000,842043,-0.02185223725286156
2023-08-08,188000,190500,187700,188400,557129,0.0021276595744681437
2023-08-09,188400,189800,187500,189400,366474,0.005307855626327074
2023-08-10,189000,190300,188100,188400,489856,-0.0052798310454065245
2023-08-11,188900,193200,188400,190500,529916,0.011146496815286566
2023-08-14,190000,190500,188300,188800,297138,-0.00892388451443571
2023-08-16,186900,188100,185300,185800,563291,-0.01588983050847459
2023-08-17,184900,185500,182600,184800,458036,-0.005382131324004336
2023-08-18,182600,187500,182600,186100,420787,0.007034632034631949
2023-08-21,187000,187200,185300,186100,279766,0.0
2023-08-22,186200,187900,186200,187900,297596,0.00967221923696937
2023-08-23,186500,188700,186000,187500,252159,-0.002128791910590788
2023-08-24,188300,189300,186000,186400,320108,-0.005866666666666687
2023-08-25,184200,187000,184200,186200,368503,-0.0010729613733905241
2023-08-28,186200,186900,184700,185400,300125,-0.004296455424274925
2023-08-29,185500,188200,185400,186700,321448,0.007011866235167252
2023-08-30,188600,189300,187800,187800,331121,0.005891805034815123
2023-08-31,187800,189100,186200,189100,590270,0.006922257720979763
2023-09-01,188000,188900,186700,187400,281460,-0.008989952406134316
2023-09-04,186400,187400,185600,187300,307475,-0.0005336179295624133
2023-09-05,186500,186900,185600,186600,290618,-0.0037373198077950143
2023-09-06,186000,188300,186000,186700,259552,0.000535905680600246
2023-09-07,185500,187200,185400,187200,299030,0.0026780931976433386
2023-09-08,187500,187500,185200,185700,192047,-0.008012820512820484
2023-09-11,185700,186300,184400,185500,195283,-0.001077005923532548
2023-09-12,186500,188400,185600,186200,273908,0.0037735849056603765
2023-09-13,187300,190700,187200,189800,579550,0.01933404940923733
2023-09-14,191200,191200,188600,190700,627998,0.00474183350895685
2023-09-15,190700,192700,189100,192200,526604,0.007865757734661694
2023-09-18,191200,192200,190200,191000,289943,-0.00624349635796051
2023-09-19,191500,193200,190000,190000,289352,-0.005235602094240788
2023-09-20,190600,196000,190000,194900,636780,0.025789473684210584
2023-09-21,194400,194500,191600,191900,327599,-0.015392508978963604
2023-09-22,189600,192400,189200,191500,326229,-0.0020844189682126535
2023-09-25,191700,193500,189600,192900,346374,0.0073107049608354124
2023-09-26,191600,192900,189900,190700,302642,-0.011404872991187198
2023-09-27,189200,192400,189000,191100,367983,0.002097535395909844
2023-10-04,188000,193200,187100,190800,641075,-0.0015698587127158659
2023-10-05,190900,192200,189500,190500,396264,-0.0015723270440252124
2023-10-06,191000,192600,189600,192200,345787,0.00892388451443571
2023-10-10,192700,192800,187700,188400,575373,-0.019771071800208095
2023-10-11,189000,191400,189000,189400,490998,0.005307855626327074
2023-10-12,189600,189800,187700,188000,451893,-0.007391763463569179
2023-10-13,187500,188400,187100,187100,254250,-0.004787234042553212
2023-10-16,186900,188300,186500,186800,291429,-0.0016034206306787535
2023-10-17,188300,189300,187100,188500,423633,0.009100642398286896
2023-10-18,190400,193000,189500,191800,532948,0.017506631299734732
2023-10-19,189900,190800,188800,188900,408555,-0.015119916579770631
2023-10-20,187800,188600,183500,183500,602367,-0.02858655373213337
2023-10-23,184200,186100,183800,185400,286602,0.010354223433242549
2023-10-24,186900,187000,181400,182800,418638,-0.014023732470334394
2023-10-25,182700,183700,182000,182000,374888,-0.004376367614879695
2023-10-26,180300,182500,178500,179500,651245,-0.013736263736263687
2023-10-27,181200,182900,174600,175600,787539,-0.021727019498607225
2023-10-30,175000,176300,171400,172500,726773,-0.01765375854214124
2023-10-31,174300,175900,169300,169700,697296,-0.016231884057971047
2023-11-01,170800,171500,169400,170300,450423,0.003535651149086716
2023-11-02,172000,175100,171500,172000,661435,0.009982384028185631
2023-11-03,175000,175400,172700,173400,431491,0.008139534883720989
2023-11-06,175400,177900,174900,177900,661383,0.02595155709342567
2023-11-07,177500,177500,174200,176100,532443,-0.010118043844856706
2023-11-08,177900,179000,174500,174800,395162,-0.007382169222032942
2023-11-09,174700,175700,174200,174700,384071,-0.0005720823798627261
2023-11-10,173800,175300,173500,173700,255065,-0.005724098454493398
2023-11-13,175000,175000,172800,173300,348523,-0.0023028209556706924
2023-11-14,174900,175900,173900,175200,329429,0.010963646855164377
2023-11-15,178700,182600,178600,182500,806741,0.04166666666666674
2023-11-16,182500,186400,181800,184800,432174,0.012602739726027323
2023-11-17,185900,185900,183500,184400,259919,-0.0021645021645021467
2023-11-20,184400,184900,182100,183600,277906,-0.004338394793926281
2023-11-21,184700,184800,183500,184200,252833,0.0032679738562091387
2023-11-22,182300,183400,181200,183000,219027,-0.006514657980456029
2023-11-23,183600,185000,182400,184800,240354,0.009836065573770592
2023-11-24,184600,185600,183900,184000,161656,-0.0043290043290042934
2023-11-27,184000,185700,184000,184900,188306,0.004891304347826031
2023-11-28,185900,185900,183600,185700,269820,0.004326663061114067
2023-11-29,185700,186500,184700,184800,298485,-0.004846526655896577
2023-11-30,184200,184900,182100,184300,574490,-0.0027056277056276556
2023-12-01,183300,183800,181700,182800,304309,-0.008138903960933308
2023-12-04,183900,184100,181600,181600,378913,-0.006564551422319487
2023-12-05,181600,182000,180700,181400,275980,-0.0011013215859030367
2023-12-06,181100,183400,181100,182900,280528,0.008269018743109147
2023-12-07,181400,183300,181400,182600,296154,-0.0016402405686167798
2023-12-08,183600,185700,183400,185100,327749,0.013691128148959564
2023-12-11,185400,185400,184000,185400,218073,0.0016207455429497752
2023-12-12,185500,186400,185000,185600,332590,0.0010787486515642097
2023-12-13,185300,186200,184400,185000,287425,-0.003232758620689613
2023-12-14,187000,187100,184200,184800,760383,-0.00108108108108107
2023-12-15,185800,192800,185200,192800,1228522,0.04329004329004338
2023-12-18,192800,193000,190000,192000,482331,-0.004149377593360981
2023-12-19,191900,192900,190800,192200,272670,0.0010416666666666075
2023-12-20,192700,199700,192600,199100,961888,0.03590010405827271
2023-12-21,197500,202000,197100,198700,545031,-0.002009040683073837
2023-12-22,200000,200500,198500,199000,347866,0.0015098137896325525
2023-12-26,200500,200500,197700,198800,409928,-0.0010050251256281673
2023-12-27,198700,199300,197200,198500,331186,-0.0015090543259557165
2023-12-28,198800,203500,198400,203500,766503,0.025188916876574208
2024-01-02,202000,202500,199800,200500,373050,-0.014742014742014753
2024-01-03,199100,199500,193800,193800,548675,-0.033416458852867814
2024-01-04,192000,192800,189100,190000,505979,-0.019607843137254943
2024-01-05,190100,190500,187200,187300,440219,-0.014210526315789451
2024-01-08,187600,188900,185500,185700,323498,-0.008542445274959953
2024-01-09,187800,187800,185500,185600,349068,-0.000538502961766274
2024-01-10,185600,187300,185200,186700,330767,0.00592672413793105
2024-01-11,187200,189000,187000,187000,538799,0.0016068559185860032
2024-01-12,186600,187400,185800,186000,240690,-0.005347593582887722
2024-01-15,186000,188600,185800,187500,251099,0.008064516129032251
2024-01-16,186600,188100,185700,186200,225780,-0.006933333333333347
2024-01-17,186300,186400,181000,181800,481127,-0.023630504833512367
2024-01-18,180000,182500,179900,180200,433597,-0.008800880088008833
2024-01-19,183000,183000,180100,181700,288166,0.008324084350721517
2024-01-22,182300,182400,179800,180100,391914,-0.008805723720418324
2024-01-23,181200,184800,180900,184800,376671,0.026096612992781765
2024-01-24,185300,185400,182100,185000,345726,0.0010822510822510178
2024-01-25,184400,190500,183500,188700,778658,0.020000000000000018
2024-01-26,189300,189600,186500,187300,468376,-0.007419183889772141
2024-01-29,187300,197300,186600,195600,1199045,0.04431393486385482
2024-01-30,196000,196600,189300,190000,955999,-0.02862985685071573
2024-01-31,189300,195400,188500,194600,1053355,0.02421052631578946
2024-02-01,193900,209000,193500,208000,2855056,0.06885919835560128
2024-02-02,221500,228000,214000,227000,5844398,0.09134615384615374
2024-02-05,233500,239500,226000,238000,5742710,0.048458149779735615
2024-02-06,234000,240000,230500,235500,3293825,-0.010504201680672232
2024-02-07,239000,246500,238000,245000,2711612,0.04033970276008492
2024-02-08,243000,250500,241500,250000,3017429,0.020408163265306145
2024-02-13,251000,261000,247500,249000,2690468,-0.0040000000000000036
2024-02-14,245000,251000,244500,245500,1702299,-0.014056224899598346
2024-02-15,250000,250500,237000,240000,2103428,-0.022403258655804503
2024-02-16,241500,253000,235500,252500,2261790,0.05208333333333326
2024-02-19,253500,257000,248500,252500,1801441,0.0
2024-02-20,250000,253000,238500,242000,1944653,-0.04158415841584162
2024-02-21,242000,246000,237500,239500,1149137,-0.010330578512396715
2024-02-22,239000,245500,237500,243500,1475580,0.016701461377870652
2024-02-23,244000,249500,242000,244000,1660625,0.002053388090349051
2024-02-26,237500,241000,231500,239000,1751340,-0.020491803278688492
2024-02-27,239000,244500,237500,238500,1265434,-0.0020920502092049986
2024-02-28,234000,250000,231500,248000,1911431,0.0398322851153039
2024-02-29,246500,253500,243500,250500,2056620,0.010080645161290258
2024-03-04,255500,260000,253000,255500,1854280,0.019960079840319445
2024-03-05,251500,254500,247500,249000,1436614,-0.025440313111546042
2024-03-06,247000,254000,246000,251000,1103072,0.008032128514056325
2024-03-07,252500,258000,247500,250000,988457,-0.003984063745019917
2024-03-08,251500,255000,249500,253000,1210240,0.01200000000000001
2024-03-11,251000,252500,242000,243500,1178615,-0.03754940711462451
2024-03-12,244000,247000,240000,241500,1096802,-0.008213552361396315
2024-03-13,243500,250000,241000,248500,1413782,0.02898550724637672
2024-03-14,248000,255000,246000,251500,1574794,0.012072434607645954
2024-03-15,250000,254500,243500,243500,1175933,-0.031809145129224614
2024-03-18,244000,247500,241000,242500,723835,-0.004106776180698102
2024-03-19,241000,244000,236000,237500,944727,-0.020618556701030966
2024-03-20,240000,246000,237500,241000,1230314,0.01473684210526316
2024-03-21,247000,254000,246000,252000,1578378,0.045643153526971014
2024-03-22,252500,254000,241000,243500,1091572,-0.03373015873015872
2024-03-25,244000,245500,239500,239500,784822,-0.01642710472279263
2024-03-26,239000,244000,238500,240500,802094,0.0041753653444676075
2024-03-27,241000,247500,240500,244000,818180,0.01455301455301461
2024-03-28,246000,246000,236000,237000,1050347,-0.02868852459016391
2024-03-29,238000,239000,232000,233000,852346,-0.016877637130801704
2024-04-01,234500,235000,227000,227500,898781,-0.023605150214592308
2024-04-02,225000,226500,216500,220000,1802613,-0.03296703296703296
2024-04-03,219000,223500,214500,216000,1138600,-0.018181818181818188
2024-04-04,218500,228500,216500,226000,1357330,0.04629629629629628
2024-04-05,223500,230000,223000,225500,1121453,-0.0022123893805309214
2024-04-08,227000,238000,226000,232500,1245057,0.03104212860310418
2024-04-09,234500,236500,228000,228000,663665,-0.01935483870967747
2024-04-11,222000,241000,220000,241000,1849764,0.05701754385964919
