Date,Open,High,Low,Close,Volume,Change
2022-01-03,1145,1295,1125,1215,2674232,0.08000000000000007
2022-01-04,1215,1225,1180,1210,393103,-0.004115226337448541
2022-01-05,1210,1375,1185,1265,4210562,0.045454545454545414
2022-01-06,1270,1345,1270,1275,2686493,0.007905138339920903
2022-01-07,1285,1295,1255,1280,307191,0.0039215686274509665
2022-01-10,1275,1285,1245,1245,230401,-0.02734375
2022-01-11,1255,1265,1210,1235,160586,-0.008032128514056214
2022-01-12,1275,1275,1245,1270,176800,0.028340080971659853
2022-01-13,1260,1275,1230,1250,180369,-0.015748031496062964
2022-01-14,1250,1250,1215,1245,80206,-0.0040000000000000036
2022-01-17,1240,1240,1205,1215,97466,-0.02409638554216864
2022-01-18,1215,1230,1165,1165,221988,-0.04115226337448563
2022-01-19,1165,1280,1155,1175,1075774,0.008583690987124415
2022-01-20,1165,1190,1160,1190,154359,0.012765957446808418
2022-01-21,1190,1200,1165,1195,171684,0.004201680672268893
2022-01-24,1185,1185,1125,1135,217095,-0.05020920502092052
2022-01-25,1135,1150,1060,1080,191885,-0.048458149779735726
2022-01-26,1080,1115,1070,1085,128991,0.004629629629629539
2022-01-27,1090,1090,1045,1065,171227,-0.018433179723502335
2022-01-28,1070,1120,1055,1115,58561,0.04694835680751175
2022-02-03,1115,1140,1100,1130,122337,0.013452914798206317
2022-02-04,1130,1145,1115,1145,121526,0.01327433628318575
2022-02-07,1145,1150,1125,1135,62185,-0.008733624454148492
2022-02-08,1140,1335,1120,1165,4213209,0.026431718061673992
2022-02-09,1170,1205,1165,1185,480277,0.01716738197424883
2022-02-10,1195,1195,1140,1150,249011,-0.029535864978902926
2022-02-11,1145,1150,1135,1135,98748,-0.013043478260869601
2022-02-14,1120,1135,1095,1095,121278,-0.03524229074889873
2022-02-15,1095,1120,1075,1075,164860,-0.0182648401826484
2022-02-16,1100,1130,1100,1125,134464,0.04651162790697683
2022-02-17,1130,1145,1115,1135,159988,0.008888888888888946
2022-02-18,1115,1155,1110,1145,148494,0.008810572687224738
2022-02-21,1140,1145,1120,1145,53942,0.0
2022-02-22,1130,1190,1120,1165,238667,0.017467248908296984
2022-02-23,1165,1200,1145,1175,405384,0.008583690987124415
2022-02-24,1160,1190,1130,1145,239569,-0.025531914893617058
2022-02-25,1160,1200,1140,1190,330968,0.0393013100436681
2022-02-28,1185,1205,1180,1180,96001,-0.008403361344537785
2022-03-02,1180,1305,1170,1225,2937711,0.03813559322033888
2022-03-03,1225,1240,1210,1215,258120,-0.008163265306122436
2022-03-04,1220,1230,1205,1225,186029,0.008230452674897082
2022-03-07,1220,1245,1215,1230,204606,0.004081632653061273
2022-03-08,1215,1215,1180,1185,142593,-0.03658536585365857
2022-03-10,1185,1345,1185,1220,2376956,0.029535864978903037
2022-03-11,1240,1240,1200,1225,224671,0.004098360655737654
2022-03-14,1215,1255,1210,1250,296269,0.020408163265306145
2022-03-15,1230,1245,1220,1235,145564,-0.01200000000000001
2022-03-16,1235,1275,1230,1270,339955,0.028340080971659853
2022-03-17,1285,1290,1250,1260,215144,-0.007874015748031482
2022-03-18,1270,1300,1245,1250,208270,-0.007936507936507908
2022-03-21,1255,1300,1250,1270,162211,0.016000000000000014
2022-03-22,1260,1270,1255,1265,101370,-0.003937007874015741
2022-03-23,1265,1280,1255,1255,189232,-0.007905138339920903
2022-03-24,1260,1310,1260,1300,629950,0.03585657370517925
2022-03-25,1305,1330,1275,1280,221170,-0.01538461538461533
2022-03-28,1290,1290,1255,1280,127301,0.0
2022-03-29,1280,1285,1260,1275,88884,-0.00390625
2022-03-30,1275,1275,1235,1235,243137,-0.03137254901960784
2022-03-31,1235,1265,1235,1255,91006,0.0161943319838056
2022-04-01,1255,1290,1245,1255,220571,0.0
2022-04-04,1255,1305,1250,1280,237359,0.019920318725099584
2022-04-05,1280,1295,1255,1290,426105,0.0078125
2022-04-06,1290,1290,1270,1280,72800,-0.007751937984496138
2022-04-07,1270,1275,1225,1230,187619,-0.0390625
2022-04-08,1230,1245,1220,1225,83329,-0.004065040650406471
2022-04-11,1220,1250,1220,1240,72657,0.012244897959183598
2022-04-12,1210,1245,1210,1225,100105,-0.012096774193548376
2022-04-13,1235,1310,1225,1275,708970,0.04081632653061229
2022-04-14,1275,1400,1265,1360,3187463,0.06666666666666665
2022-04-15,1360,1370,1315,1340,786539,-0.014705882352941124
2022-04-18,1335,1580,1325,1390,14562412,0.03731343283582089
2022-04-19,1390,1420,1360,1390,1330850,0.0
2022-04-20,1400,1420,1380,1390,1092736,0.0
2022-04-21,1395,1530,1345,1355,9966692,-0.025179856115107868
2022-04-22,1350,1760,1320,1760,29491455,0.29889298892988925
2022-04-25,1965,2285,1855,2005,89288277,0.13920454545454541
2022-04-26,2060,2240,1900,2005,30943925,0.0
2022-04-27,2040,2155,1770,1815,19455203,-0.09476309226932667
2022-04-28,1850,1890,1730,1795,9145238,-0.011019283746556474
2022-04-29,1795,1795,1690,1730,4746778,-0.03621169916434541
2022-05-02,1725,1935,1725,1840,37851653,0.06358381502890165
2022-05-03,1870,1905,1735,1750,6472994,-0.048913043478260865
2022-05-04,1760,1765,1590,1595,3948566,-0.08857142857142852
2022-05-06,1585,1640,1545,1615,4225849,0.012539184952978122
2022-05-09,1680,1720,1580,1635,5764769,0.01238390092879249
2022-05-10,1655,1690,1535,1550,2772989,-0.051987767584097844
2022-05-11,1550,1660,1520,1580,4031136,0.019354838709677358
2022-05-12,1555,1630,1480,1480,1694270,-0.06329113924050633
2022-05-13,1485,1520,1465,1485,1270196,0.0033783783783782884
2022-05-16,1500,1600,1500,1575,3882558,0.06060606060606055
2022-05-17,1575,1585,1530,1555,1264073,-0.012698412698412653
2022-05-18,1565,1565,1515,1535,1063743,-0.012861736334405127
2022-05-19,1475,1515,1470,1490,875304,-0.02931596091205213
2022-05-20,1485,1715,1475,1590,12175727,0.06711409395973145
2022-05-23,1595,1825,1510,1570,16629273,-0.012578616352201255
2022-05-24,1555,1740,1555,1610,18946180,0.02547770700636942
2022-05-25,1605,1635,1515,1520,2547026,-0.05590062111801242
2022-05-26,1535,1580,1475,1480,2039004,-0.02631578947368418
2022-05-27,1510,1660,1510,1595,14043468,0.07770270270270263
2022-05-30,1595,1650,1590,1615,2083756,0.012539184952978122
2022-05-31,1635,1695,1590,1650,4528275,0.021671826625387025
2022-06-02,1660,1660,1595,1600,1757257,-0.030303030303030276
2022-06-03,1610,1760,1600,1650,10614345,0.03125
2022-06-07,1645,1715,1610,1635,3782316,-0.009090909090909038
2022-06-08,1635,1635,1530,1555,2407407,-0.04892966360856266
2022-06-09,1530,1555,1490,1505,1807638,-0.032154340836012874
2022-06-10,1490,1520,1445,1495,1137063,-0.006644518272425293
2022-06-13,1465,1680,1460,1650,14481256,0.10367892976588622
2022-06-14,1590,1650,1500,1555,2709258,-0.05757575757575761
2022-06-15,1540,1710,1535,1605,12078810,0.03215434083601276
2022-06-16,1645,1675,1550,1655,3433632,0.031152647975077885
2022-06-17,1700,1855,1635,1685,16644758,0.01812688821752273
2022-06-20,1680,1835,1640,1680,14235241,-0.0029673590504450953
2022-06-21,1680,1705,1600,1640,3725983,-0.023809523809523836
2022-06-22,1645,1730,1370,1370,6887372,-0.16463414634146345
2022-06-23,1410,1470,1240,1250,5053539,-0.08759124087591241
2022-06-24,1230,1310,1225,1290,1434540,0.03200000000000003
2022-06-27,1300,1380,1300,1350,1253528,0.04651162790697683
2022-06-28,1350,1400,1320,1370,1920737,0.014814814814814836
2022-06-29,1400,1425,1345,1405,1776393,0.025547445255474477
2022-06-30,1410,1415,1350,1355,695789,-0.03558718861209964
2022-07-01,1345,1375,1230,1245,1691610,-0.08118081180811809
2022-07-04,1245,1280,1165,1190,1152603,-0.04417670682730923
2022-07-05,1275,1355,1235,1330,2602288,0.11764705882352944
2022-07-06,1345,1350,1285,1330,872791,0.0
2022-07-07,1350,1365,1325,1335,623243,0.003759398496240518
2022-07-08,1350,1410,1330,1365,1802549,0.022471910112359605
2022-07-11,1385,1405,1345,1355,5669432,-0.0073260073260073
2022-07-12,1365,1375,1240,1260,3360509,-0.07011070110701112
2022-07-13,1255,1315,1215,1270,1184227,0.007936507936507908
2022-07-14,1270,1280,1230,1250,611657,-0.015748031496062964
2022-07-15,1250,1260,1205,1225,395225,-0.020000000000000018
2022-07-18,1230,1250,1230,1250,245847,0.020408163265306145
2022-07-19,1250,1250,1215,1250,265311,0.0
2022-07-20,1255,1285,1235,1240,531754,-0.008000000000000007
2022-07-21,1245,1275,1235,1270,708583,0.024193548387096753
2022-07-22,1260,1275,1240,1260,410237,-0.007874015748031482
2022-07-25,1255,1270,1235,1235,343591,-0.019841269841269882
2022-07-26,1235,1265,1235,1260,310524,0.020242914979757165
2022-07-27,1255,1280,1250,1265,370223,0.003968253968253954
2022-07-28,1265,1275,1215,1225,1034749,-0.031620553359683834
2022-07-29,1225,1240,1210,1220,622091,-0.004081632653061273
2022-08-01,1220,1225,1205,1215,257081,-0.004098360655737654
2022-08-02,1210,1220,1200,1205,357767,-0.008230452674897082
2022-08-03,1205,1320,1195,1230,5660587,0.020746887966804906
2022-08-04,1235,1235,1210,1220,653845,-0.008130081300813052
2022-08-05,1220,1225,1200,1205,559144,-0.012295081967213073
2022-08-08,1200,1215,1200,1210,304388,0.004149377593360981
2022-08-09,1200,1220,1200,1210,405659,0.0
2022-08-10,1210,1215,1195,1195,313499,-0.012396694214875992
2022-08-11,1200,1500,1200,1255,26574567,0.05020920502092041
2022-08-12,1265,1300,1245,1270,2904417,0.01195219123505975
2022-08-16,1285,1295,1250,1265,1474407,-0.003937007874015741
2022-08-17,1265,1350,1260,1285,5945761,0.015810276679841806
2022-08-18,1275,1285,1260,1275,962389,-0.0077821011673151474
2022-08-19,1285,1315,1270,1275,1730200,0.0
2022-08-22,1275,1310,1270,1290,1622798,0.0117647058823529
2022-08-23,1285,1290,1255,1265,961719,-0.019379844961240345
2022-08-24,1270,1290,1260,1275,871030,0.007905138339920903
2022-08-25,1285,1315,1280,1295,885263,0.015686274509803866
2022-08-26,1300,1310,1280,1290,831287,-0.0038610038610038533
2022-08-29,1255,1260,1225,1230,714400,-0.046511627906976716
2022-08-30,1245,1315,1235,1250,2806443,0.016260162601626105
2022-08-31,1235,1255,1210,1250,631753,0.0
2022-09-01,1240,1250,1215,1225,552985,-0.020000000000000018
2022-09-02,1230,1235,1210,1210,346384,-0.01224489795918371
2022-09-05,1190,1205,1170,1180,665463,-0.024793388429752095
2022-09-06,1180,1195,1155,1180,423559,0.0
2022-09-07,1175,1180,1120,1130,787709,-0.0423728813559322
2022-09-08,1140,1160,1125,1135,323486,0.004424778761061843
2022-09-13,1145,1170,1135,1165,446349,0.026431718061673992
2022-09-14,1125,1195,1120,1195,646942,0.025751072961373467
2022-09-15,1190,1220,1175,1180,524976,-0.012552301255230103
2022-09-16,1165,1185,1135,1140,738614,-0.03389830508474578
2022-09-19,1135,1135,1075,1080,715919,-0.052631578947368474
2022-09-20,1075,1120,1075,1100,394532,0.0185185185185186
2022-09-21,1085,1115,1085,1095,346260,-0.004545454545454519
2022-09-22,1080,1155,1075,1120,863473,0.022831050228310446
2022-09-23,1105,1140,1060,1065,482235,-0.049107142857142905
2022-09-26,1045,1065,977,983,883856,-0.0769953051643193
2022-09-27,951,994,948,966,622765,-0.017293997965411978
2022-09-28,952,998,935,935,452495,-0.03209109730848858
2022-09-29,950,997,950,965,271433,0.03208556149732611
2022-09-30,950,1005,950,964,458816,-0.0010362694300518616
2022-10-04,970,989,970,985,159685,0.02178423236514515
2022-10-05,990,1000,978,982,206364,-0.003045685279187804
2022-10-06,986,1030,984,1020,413869,0.0386965376782078
2022-10-07,1010,1035,1010,1025,184423,0.004901960784313708
2022-10-11,1010,1020,973,984,306669,-0.040000000000000036
2022-10-12,984,987,963,973,199997,-0.011178861788617933
2022-10-13,963,972,905,910,504436,-0.06474820143884896
2022-10-14,915,946,915,938,192650,0.03076923076923066
2022-10-17,909,948,909,944,169373,0.006396588486140775
2022-10-18,952,970,950,963,281821,0.020127118644067687
2022-10-19,972,996,959,963,382883,0.0
2022-10-20,967,1160,960,1010,13076095,0.04880581516095539
2022-10-21,1020,1045,966,968,1922580,-0.04158415841584162
2022-10-24,972,1015,968,969,836247,0.0010330578512396382
2022-10-25,976,987,947,955,493947,-0.014447884416924683
2022-10-26,955,957,935,935,355374,-0.020942408376963373
2022-10-27,939,972,939,967,457626,0.03422459893048124
2022-10-28,967,968,950,956,203202,-0.011375387797311287
2022-10-31,968,979,958,966,150269,0.010460251046025215
2022-11-01,961,976,957,974,166693,0.008281573498964745
2022-11-02,980,983,969,970,179625,-0.004106776180698102
2022-11-03,956,965,951,965,96847,-0.005154639175257714
2022-11-04,960,960,947,957,169191,-0.00829015544041456
2022-11-07,960,975,960,971,137546,0.014629049111807735
2022-11-08,973,1015,973,997,866679,0.026776519052523096
2022-11-09,1010,1045,1000,1015,750348,0.01805416248746239
2022-11-10,1015,1070,1005,1025,769888,0.009852216748768461
2022-11-11,1040,1045,1005,1020,617854,-0.004878048780487809
2022-11-14,1020,1050,1020,1045,381369,0.02450980392156854
2022-11-15,1050,1140,1030,1110,2482553,0.062200956937799035
2022-11-16,1090,1105,1055,1085,912539,-0.022522522522522515
2022-11-17,1070,1075,1035,1050,552717,-0.032258064516129004
2022-11-18,1040,1055,1015,1040,271081,-0.00952380952380949
2022-11-21,1040,1050,1005,1035,272666,-0.004807692307692291
2022-11-22,1025,1065,1015,1030,203494,-0.004830917874396157
2022-11-23,1030,1040,1015,1030,217729,0.0
2022-11-24,1030,1055,1030,1040,233260,0.009708737864077666
2022-11-25,1040,1045,1025,1035,278357,-0.004807692307692291
2022-11-28,1030,1040,997,997,469364,-0.03671497584541061
2022-11-29,992,1065,988,1065,1085072,0.06820461384152465
2022-11-30,1075,1075,1040,1040,449214,-0.023474178403755874
2022-12-01,1065,1090,1045,1075,626275,0.033653846153846256
2022-12-02,1065,1070,1045,1055,239352,-0.018604651162790753
2022-12-05,1060,1150,1055,1120,3919847,0.06161137440758302
2022-12-06,1090,1125,1055,1075,1024132,-0.0401785714285714
2022-12-07,1075,1175,1070,1115,3635318,0.037209302325581506
2022-12-08,1135,1140,1055,1070,1269807,-0.04035874439461884
2022-12-09,1085,1255,1060,1190,14488627,0.11214953271028039
2022-12-12,1175,1290,1130,1140,6665468,-0.04201680672268904
2022-12-13,1155,1180,1125,1135,1386395,-0.004385964912280715
2022-12-14,1130,1150,1120,1125,758163,-0.008810572687224627
2022-12-15,1120,1280,1090,1195,15100457,0.06222222222222218
2022-12-16,1155,1200,1155,1165,1779066,-0.025104602510460206
2022-12-19,1170,1180,1120,1125,1018208,-0.03433476394849788
2022-12-20,1115,1120,1060,1075,1430586,-0.0444444444444444
2022-12-21,1080,1115,1055,1060,850610,-0.013953488372092981
2022-12-22,1065,1105,1050,1075,1258639,0.014150943396226356
2022-12-23,1055,1090,1025,1050,1350545,-0.023255813953488413
2022-12-26,1055,1065,1010,1015,780335,-0.033333333333333326
2022-12-27,1005,1050,1005,1035,469380,0.019704433497536922
2022-12-28,1035,1045,1020,1030,255086,-0.004830917874396157
2022-12-29,1025,1045,1005,1010,412089,-0.01941747572815533
2023-01-02,1010,1030,999,1010,298888,0.0
2023-01-03,996,1010,979,999,402841,-0.0108910891089109
2023-01-04,993,1020,991,1020,143847,0.021021021021021102
2023-01-05,1015,1040,1010,1025,355146,0.004901960784313708
2023-01-06,1010,1045,1005,1040,250107,0.014634146341463428
2023-01-09,1045,1060,1040,1060,238818,0.019230769230769162
2023-01-10,1050,1070,1045,1055,298571,-0.004716981132075526
2023-01-11,1065,1075,1055,1070,316165,0.014218009478673022
2023-01-12,1065,1110,1055,1060,931585,-0.009345794392523366
2023-01-13,1060,1070,1050,1060,263059,0.0
2023-01-16,1060,1140,1055,1080,2908055,0.018867924528301883
2023-01-17,1085,1105,1070,1085,494205,0.004629629629629539
2023-01-18,1090,1090,1065,1065,347499,-0.018433179723502335
2023-01-19,1060,1085,1050,1080,210738,0.014084507042253502
2023-01-20,1070,1085,1060,1075,285209,-0.00462962962962965
2023-01-25,1085,1085,1058,1058,367995,-0.015813953488372112
2023-01-26,1059,1061,1024,1030,702489,-0.026465028355387554
2023-01-27,1030,1046,1030,1036,281347,0.005825242718446644
2023-01-30,1046,1046,1033,1038,144078,0.0019305019305020377
2023-01-31,1039,1039,1031,1036,147250,-0.0019267822736031004
2023-02-01,1036,1050,1036,1038,257291,0.0019305019305020377
2023-02-02,1041,1059,1039,1052,310739,0.01348747591522148
2023-02-03,1065,1065,1046,1046,188649,-0.005703422053231932
2023-02-06,1049,1050,1039,1041,127855,-0.004780114722753304
2023-02-07,1043,1050,1037,1042,263812,0.0009606147934677622
2023-02-08,1042,1049,1035,1041,188746,-0.0009596928982725794
2023-02-09,1041,1044,1028,1034,355778,-0.00672430355427478
2023-02-10,1043,1043,1003,1015,453263,-0.01837524177949712
2023-02-13,1013,1022,1011,1014,137219,-0.0009852216748768017
2023-02-14,1015,1024,1014,1018,114806,0.0039447731755424265
2023-02-15,1022,1022,1001,1002,277141,-0.015717092337917515
2023-02-16,1001,1009,1000,1006,108742,0.003992015968063978
2023-02-17,1006,1011,994,1010,167064,0.003976143141153132
2023-02-20,1006,1018,997,1018,152073,0.007920792079207928
2023-02-21,1008,1025,1008,1020,149518,0.0019646365422396617
2023-02-22,1017,1041,1011,1018,414505,-0.0019607843137254832
2023-02-23,1015,1022,1012,1017,68687,-0.0009823182711198308
2023-02-24,1024,1024,1005,1012,156395,-0.004916420845624381
2023-02-27,1000,1013,999,1001,135527,-0.010869565217391353
2023-02-28,1001,1010,995,1000,247685,-0.0009990009990009652
2023-03-02,1007,1008,999,1000,157651,0.0
2023-03-03,1006,1010,999,1009,123847,0.008999999999999897
2023-03-06,1011,1015,997,1002,157463,-0.0069375619425173785
2023-03-07,1000,1005,997,1001,155077,-0.0009980039920159944
2023-03-08,996,1000,992,995,179419,-0.005994005994006013
2023-03-09,995,998,972,973,251527,-0.022110552763819125
2023-03-10,964,970,944,947,240200,-0.02672147995889007
2023-03-13,933,947,910,936,215262,-0.011615628299894376
2023-03-14,921,931,905,910,263815,-0.02777777777777779
2023-03-15,915,930,905,913,117595,0.003296703296703285
2023-03-16,909,918,897,907,211114,-0.006571741511500528
2023-03-17,919,928,906,922,120166,0.016538037486218293
2023-03-20,908,940,908,916,87547,-0.006507592190889366
2023-03-21,913,934,910,917,96098,0.0010917030567685337
2023-03-22,918,920,899,915,353832,-0.0021810250817884125
2023-03-23,908,909,900,906,197685,-0.00983606557377048
2023-03-24,903,920,903,912,86130,0.0066225165562914245
2023-03-27,909,911,894,907,118518,-0.005482456140350922
2023-03-28,899,913,899,908,190788,0.0011025358324145973
2023-03-29,908,918,908,916,79199,0.008810572687224738
2023-03-30,916,924,916,922,103313,0.0065502183406114245
2023-03-31,924,925,917,921,96417,-0.0010845986984815426
2023-04-03,919,997,918,936,622618,0.016286644951140072
2023-04-04,937,971,936,962,208122,0.02777777777777768
2023-04-05,962,972,945,954,122556,-0.008316008316008316
2023-04-06,949,949,930,937,110142,-0.017819706498951815
2023-04-07,936,994,931,953,616098,0.01707577374599789
2023-04-10,954,991,954,975,361106,0.023084994753410193
2023-04-11,975,985,956,964,165788,-0.011282051282051286
2023-04-12,964,1140,960,1030,12107405,0.06846473029045641
2023-04-13,1020,1030,989,1003,1576930,-0.026213592233009675
2023-04-14,1004,1020,997,1013,603895,0.009970089730807485
2023-04-17,1015,1027,1001,1027,694154,0.01382033563672258
2023-04-18,1050,1145,1027,1079,7003593,0.05063291139240511
2023-04-19,1067,1080,1054,1069,673074,-0.009267840593141785
2023-04-20,1065,1089,1057,1072,1064739,0.00280636108512633
2023-04-21,1082,1114,1027,1027,1529143,-0.041977611940298476
2023-04-24,1020,1043,996,1007,444367,-0.019474196689386547
2023-04-25,996,1007,953,972,640421,-0.0347567030784508
2023-04-26,962,985,960,977,228410,0.005144032921810648
2023-04-27,971,977,955,962,201631,-0.015353121801433
2023-04-28,972,972,920,930,421611,-0.033264033264033266
2023-05-02,930,962,930,959,153085,0.031182795698924792
2023-05-03,962,972,956,960,115829,0.0010427528675704956
2023-05-04,954,967,950,967,55580,0.007291666666666696
2023-05-08,967,1013,965,1000,384900,0.03412616339193386
2023-05-09,1000,1004,980,981,160211,-0.019000000000000017
2023-05-10,975,1005,975,995,162672,0.014271151885830724
2023-05-11,999,1020,997,1008,291970,0.01306532663316573
2023-05-12,1015,1015,995,1000,209483,-0.007936507936507908
2023-05-15,1007,1045,992,993,368933,-0.007000000000000006
2023-05-16,1018,1018,991,1015,340538,0.022155085599194324
2023-05-17,1020,1020,1000,1000,187803,-0.014778325123152691
2023-05-18,1003,1007,991,997,130127,-0.0030000000000000027
2023-05-19,993,1013,993,1000,82232,0.0030090270812437314
2023-05-22,1001,1034,1001,1029,390263,0.028999999999999915
2023-05-23,1025,1039,1024,1033,220951,0.0038872691933915515
2023-05-24,1025,1069,1024,1055,838176,0.021297192642788065
2023-05-25,1051,1065,1037,1043,286577,-0.011374407582938395
2023-05-26,1044,1048,1020,1020,201561,-0.02205177372962608
2023-05-30,1020,1038,1011,1028,161744,0.007843137254901933
2023-05-31,1017,1033,1010,1030,157221,0.0019455252918287869
2023-06-01,1030,1032,1009,1011,194677,-0.01844660194174752
2023-06-02,1012,1030,1010,1020,148687,0.008902077151335286
2023-06-05,1021,1040,1015,1040,201773,0.019607843137254832
2023-06-07,1040,1174,1029,1039,7080943,-0.0009615384615384581
2023-06-08,1041,1057,1036,1040,847417,0.0009624639076035724
2023-06-09,1051,1074,1040,1046,608492,0.005769230769230749
2023-06-12,1051,1054,1037,1039,263420,-0.006692160611854736
2023-06-13,1050,1079,1038,1038,308623,-0.0009624639076034613
2023-06-14,1035,1120,1035,1056,2874343,0.01734104046242768
2023-06-15,1051,1093,1038,1058,1230955,0.0018939393939394478
2023-06-16,1060,1085,1050,1065,712023,0.006616257088846833
2023-06-19,1068,1077,1060,1066,209176,0.0009389671361501595
2023-06-20,1073,1084,1051,1052,543973,-0.013133208255159512
2023-06-21,1051,1051,1021,1028,400513,-0.02281368821292773
2023-06-22,1025,1051,1024,1036,200023,0.0077821011673151474
2023-06-23,1036,1036,1019,1025,223785,-0.010617760617760652
2023-06-26,1023,1026,1011,1012,219899,-0.012682926829268304
2023-06-27,1012,1034,1012,1022,113542,0.009881422924901129
2023-06-28,1029,1029,1013,1014,59702,-0.007827788649706457
2023-06-29,1022,1022,989,990,340789,-0.023668639053254448
2023-06-30,987,1000,960,990,149236,0.0
2023-07-03,991,1015,981,990,305058,0.0
2023-07-04,998,1000,986,995,92833,0.005050505050504972
2023-07-05,1000,1000,985,989,138321,-0.0060301507537688925
2023-07-06,989,989,960,964,285128,-0.025278058645096024
2023-07-07,956,964,936,937,165421,-0.028008298755186734
2023-07-10,937,937,922,930,130002,-0.007470651013874119
2023-07-11,929,947,927,945,39184,0.016129032258064502
2023-07-12,953,990,943,949,191659,0.004232804232804144
2023-07-13,960,973,940,968,70431,0.02002107481559534
2023-07-14,973,973,948,951,125695,-0.017561983471074405
2023-07-17,962,980,952,980,77890,0.030494216614090464
2023-07-18,978,983,948,967,147291,-0.013265306122449028
2023-07-19,956,968,933,948,264132,-0.01964839710444677
2023-07-20,948,949,934,943,82878,-0.0052742616033755185
2023-07-21,932,945,932,936,79121,-0.007423117709437932
2023-07-24,932,941,907,914,229767,-0.023504273504273532
2023-07-25,905,913,884,887,250269,-0.029540481400437635
2023-07-26,887,957,841,841,310316,-0.05186020293122884
2023-07-27,846,884,846,884,154008,0.05112960760998808
2023-07-28,876,925,876,912,145993,0.03167420814479649
2023-07-31,913,926,903,905,94796,-0.007675438596491224
2023-08-01,913,913,896,910,65559,0.005524861878453136
2023-08-02,915,915,892,893,107447,-0.018681318681318726
2023-08-03,892,893,873,883,62349,-0.011198208286674172
2023-08-04,883,919,880,889,44667,0.006795016987542368
2023-08-07,894,917,877,917,99364,0.03149606299212593
2023-08-08,908,913,881,881,53529,-0.03925845147219198
2023-08-09,881,904,881,894,28349,0.014755959137343844
2023-08-10,895,940,894,924,193352,0.033557046979865834
2023-08-11,924,971,912,936,376285,0.01298701298701288
2023-08-14,937,964,921,952,180650,0.017094017094017033
2023-08-16,931,932,906,906,208029,-0.04831932773109249
2023-08-17,890,899,869,882,220062,-0.026490066225165587
2023-08-18,881,894,873,886,93716,0.0045351473922903285
2023-08-21,871,890,871,884,72442,-0.0022573363431150906
2023-08-22,890,974,874,911,1533804,0.030542986425339258
2023-08-23,912,960,911,925,649712,0.015367727771679496
2023-08-24,925,1136,914,1095,19378591,0.18378378378378368
2023-08-25,1423,1423,1423,1423,10386969,0.2995433789954338
2023-08-28,1680,1697,1424,1428,43646627,0.0035137034434293835
2023-08-29,1373,1415,1263,1284,9836965,-0.10084033613445376
2023-08-30,1276,1280,1167,1190,5343618,-0.07320872274143297
2023-08-31,1175,1200,1118,1140,3411449,-0.04201680672268904
2023-09-01,1148,1154,1059,1078,2612410,-0.05438596491228065
2023-09-04,1078,1099,1031,1034,1356081,-0.04081632653061229
2023-09-05,1034,1044,1015,1031,850387,-0.0029013539651837617
2023-09-06,1031,1063,1017,1030,886971,-0.0009699321047527132
2023-09-07,1030,1038,1021,1035,629913,0.004854368932038833
2023-09-08,1060,1060,981,1008,3501400,-0.02608695652173909
2023-09-11,998,1015,964,978,925523,-0.029761904761904767
2023-09-12,978,1072,966,988,6583332,0.010224948875255713
2023-09-13,982,993,966,966,749205,-0.022267206477732837
2023-09-14,963,974,954,959,626100,-0.007246376811594235
2023-09-15,965,989,950,964,553200,0.005213764337852034
2023-09-18,967,968,947,950,497966,-0.014522821576763434
2023-09-19,949,965,941,950,405944,0.0
2023-09-20,950,969,945,953,387916,0.0031578947368420263
2023-09-21,953,959,922,922,324477,-0.03252885624344182
2023-09-22,908,922,900,905,392844,-0.018438177874186557
2023-09-25,904,931,892,898,355588,-0.007734806629834279
2023-09-26,899,907,883,897,372188,-0.00111358574610243
2023-09-27,893,900,875,900,453850,0.0033444816053511683
2023-10-04,905,1037,876,880,7385002,-0.022222222222222254
2023-10-05,872,884,845,847,1059376,-0.03749999999999998
2023-10-06,842,865,842,858,352236,0.01298701298701288
2023-10-10,858,864,842,845,500762,-0.015151515151515138
2023-10-11,846,868,842,860,193958,0.01775147928994092
2023-10-12,874,874,860,868,234857,0.009302325581395321
2023-10-13,871,896,867,870,504344,0.0023041474654377225
2023-10-16,872,872,847,852,322184,-0.020689655172413834
2023-10-17,852,870,852,868,204010,0.018779342723004744
2023-10-18,864,870,841,842,371444,-0.02995391705069128
2023-10-19,840,842,797,800,597229,-0.049881235154394354
2023-10-20,800,800,763,783,382379,-0.02124999999999999
2023-10-23,790,860,790,809,836627,0.033205619412515874
2023-10-24,802,813,759,795,543603,-0.017305315203955507
2023-10-25,816,838,801,812,361500,0.021383647798742134
2023-10-26,800,840,782,783,684856,-0.0357142857142857
2023-10-27,783,799,767,778,197218,-0.0063856960408684715
2023-10-30,765,791,765,786,221507,0.010282776349614497
2023-10-31,790,791,765,768,221121,-0.022900763358778664
2023-11-01,771,793,771,787,141349,0.02473958333333326
2023-11-02,790,806,786,803,216304,0.020330368487928796
2023-11-03,812,812,791,805,117808,0.00249066002490661
2023-11-06,813,838,804,818,273241,0.016149068322981464
2023-11-07,815,816,798,806,113605,-0.014669926650366705
2023-11-08,806,813,801,807,78916,0.001240694789081953
2023-11-09,808,811,794,798,109394,-0.01115241635687736
2023-11-10,798,800,780,786,100921,-0.015037593984962405
2023-11-13,785,786,768,769,189837,-0.021628498727735423
2023-11-14,769,790,769,790,94393,0.027308192457737412
2023-11-15,800,805,789,801,115992,0.013924050632911467
2023-11-16,793,807,792,802,120428,0.0012484394506866447
2023-11-17,802,807,785,797,98505,-0.006234413965087282
2023-11-20,791,806,791,799,113402,0.0025094102885820924
2023-11-21,799,804,795,802,102745,0.003754693366708306
2023-11-22,804,805,792,793,163835,-0.01122194513715713
2023-11-23,797,800,784,786,156831,-0.008827238335435084
2023-11-24,790,794,783,788,106481,0.0025445292620864812
2023-11-27,788,799,787,789,113362,0.0012690355329949554
2023-11-28,787,787,773,781,185276,-0.010139416983523497
2023-11-29,784,788,767,768,303350,-0.016645326504481472
2023-11-30,770,792,768,790,286161,0.02864583333333326
2023-12-01,790,793,781,787,102593,-0.0037974683544304
2023-12-04,787,805,777,802,404478,0.019059720457433205
2023-12-05,807,807,760,794,163742,-0.009975062344139696
2023-12-06,781,798,780,793,129883,-0.0012594458438287548
2023-12-07,793,799,787,789,91415,-0.0050441361916772065
2023-12-08,789,801,782,801,196044,0.015209125475285079
2023-12-11,800,802,789,795,98967,-0.0074906367041198685
2023-12-12,795,803,790,795,136868,0.0
2023-12-13,795,801,790,796,78611,0.0012578616352201255
2023-12-14,795,800,782,783,131779,-0.01633165829145733
2023-12-15,780,788,773,775,242885,-0.010217113665389577
2023-12-18,775,783,775,780,48665,0.006451612903225712
2023-12-19,780,785,773,781,84823,0.0012820512820512775
2023-12-20,777,792,774,780,239505,-0.001280409731113985
2023-12-21,785,785,773,773,141785,-0.008974358974358942
2023-12-22,773,775,766,769,205975,-0.005174644243208237
2023-12-26,769,773,764,765,142958,-0.005201560468140465
2023-12-27,761,772,761,767,88936,0.002614379084967311
2023-12-28,764,828,764,782,583217,0.019556714471968606
2024-01-02,776,796,776,787,155816,0.006393861892583175
2024-01-03,787,794,777,784,195567,-0.003811944091486663
2024-01-04,779,784,771,779,160101,-0.0063775510204081565
2024-01-05,779,782,770,776,166313,-0.0038510911424903815
2024-01-08,776,782,772,778,78023,0.002577319587628857
2024-01-09,778,780,772,778,87783,0.0
2024-01-10,776,779,771,779,87858,0.0012853470437017567
2024-01-11,779,782,770,774,114051,-0.006418485237484006
2024-01-12,778,778,767,770,132688,-0.0051679586563307955
2024-01-15,770,771,763,769,129382,-0.0012987012987012436
2024-01-16,764,768,759,764,101628,-0.006501950585175553
2024-01-17,757,776,741,741,255823,-0.030104712041884807
2024-01-18,741,746,739,741,109827,0.0
2024-01-19,742,746,732,736,186782,-0.006747638326585648
2024-01-22,749,755,731,751,242090,0.020380434782608647
2024-01-23,745,751,730,732,222401,-0.025299600532623145
2024-01-24,737,759,730,745,272865,0.01775956284153013
2024-01-25,745,792,739,771,818289,0.03489932885906044
2024-01-26,767,771,756,767,148475,-0.005188067444876765
2024-01-29,771,771,752,761,158020,-0.007822685788787531
2024-01-30,761,761,716,742,312849,-0.024967148488830526
2024-01-31,742,742,708,717,505595,-0.03369272237196763
2024-02-01,708,727,706,717,190757,0.0
2024-02-02,719,725,710,717,112725,0.0
2024-02-05,725,726,710,716,158242,-0.001394700139469962
2024-02-06,716,720,708,717,161829,0.0013966480446927498
2024-02-07,722,722,711,713,155744,-0.00557880055788007
2024-02-08,713,719,712,717,90904,0.005610098176718203
2024-02-13,720,720,712,716,112701,-0.001394700139469962
2024-02-14,718,719,705,715,214475,-0.0013966480446927498
2024-02-15,717,718,710,716,89661,0.0013986013986013734
2024-02-16,719,724,714,720,135872,0.005586592178770999
2024-02-19,721,740,721,740,299973,0.02777777777777768
2024-02-20,739,745,732,741,153566,0.0013513513513514486
2024-02-21,741,792,737,782,538894,0.055330634278002666
2024-02-22,783,787,754,766,126356,-0.020460358056266004
2024-02-23,760,770,748,760,237400,-0.007832898172323799
2024-02-26,760,789,755,788,470920,0.03684210526315779
2024-02-27,788,802,780,796,293873,0.010152284263959421
2024-02-28,797,870,797,863,2090154,0.08417085427135684
2024-02-29,845,883,840,883,782540,0.023174971031286296
2024-03-04,883,937,883,933,1551120,0.05662514156285381
2024-03-05,915,985,910,985,1204484,0.055734190782422255
2024-03-06,1000,1104,992,1104,3044600,0.12081218274111682
2024-03-07,1435,1435,1435,1435,2338735,0.2998188405797102
2024-03-08,1865,1865,1295,1510,95417316,0.05226480836236935
2024-03-11,1511,1730,1462,1504,22641401,-0.003973509933774877
2024-03-12,1475,1522,1248,1270,8050121,-0.15558510638297873
2024-03-13,1257,1349,1188,1190,6458208,-0.06299212598425197
2024-03-14,1230,1333,1153,1191,7912395,0.0008403361344537785
2024-03-15,1188,1250,1154,1158,2665455,-0.027707808564231717
2024-03-18,1174,1355,1163,1303,9111063,0.12521588946459405
2024-03-19,1302,1302,1172,1177,3177103,-0.09669992325402921
2024-03-20,1195,1238,1154,1183,1577992,0.005097706032285432
2024-03-21,1165,1216,1146,1191,1142258,0.006762468300929747
2024-03-22,1192,1200,1158,1165,996930,-0.02183039462636438
2024-03-25,1160,1205,1137,1203,1020977,0.032618025751072866
2024-03-26,1175,1245,1170,1180,1015438,-0.019118869492934287
2024-03-27,1171,1190,1155,1180,579460,0.0
2024-03-28,1180,1185,1165,1165,464787,-0.012711864406779627
2024-03-29,1162,1230,1162,1215,1086158,0.0429184549356223
2024-04-01,1210,1228,1196,1213,419069,-0.0016460905349794386
2024-04-02,1207,1226,1175,1223,636791,0.008244023083264551
2024-04-03,1221,1589,1200,1589,27428469,0.29926410466067055
2024-04-04,1740,1825,1472,1589,28859431,0.0
2024-04-05,1566,1582,1450,1450,3647973,-0.08747640025173065
2024-04-08,1420,1700,1368,1586,9227839,0.09379310344827596
2024-04-09,1563,1719,1515,1595,8123750,0.005674653215636871
2024-04-11,1682,1825,1598,1695,13034336,0.06269592476489039
2024-04-12,1680,1703,1587,1587,2336806,-0.06371681415929209
2024-04-15,1560,1721,1495,1672,3271098,0.05356017643352229
2024-04-16,1668,1706,1565,1608,1476542,-0.038277511961722466
2024-04-17,1608,1635,1537,1537,905657,-0.0441542288557214
2024-04-18,1540,1660,1455,1590,1441329,0.034482758620689724
2024-04-19,1587,1620,1493,1537,961631,-0.033333333333333326
2024-04-22,1541,1691,1538,1559,2272763,0.014313597918022225
2024-04-23,1600,1929,1579,1728,28897239,0.10840282232200127
2024-04-24,1706,1790,1671,1699,5015416,-0.01678240740740744
2024-04-25,1665,1731,1639,1682,1737242,-0.010005885815185356
2024-04-26,1675,1675,1590,1603,1911756,-0.04696789536266355
2024-04-29,1613,1708,1610,1690,1626283,0.05427323767935133
2024-04-30,1670,1736,1650,1726,1344917,0.02130177514792897
2024-05-02,1699,1743,1664,1684,953135,-0.024333719582850466
2024-05-03,1684,1694,1592,1607,1126633,-0.04572446555819476
2024-05-07,1600,1791,1600,1709,3896927,0.0634723086496578
2024-05-08,1704,1722,1617,1623,1725696,-0.050321825629022765
2024-05-09,1626,1745,1530,1740,2812434,0.07208872458410354
