Date,Open,High,Low,Close,Volume,Change
2022-01-03,6690,6720,6620,6710,100572,0.0014925373134329067
2022-01-04,6710,6760,6640,6720,95553,0.0014903129657228842
2022-01-05,6770,6770,6650,6690,110015,-0.004464285714285698
2022-01-06,6680,6710,6590,6610,161361,-0.01195814648729443
2022-01-07,6610,6690,6610,6670,88124,0.00907715582450841
2022-01-10,6710,6710,6570,6640,95052,-0.004497751124437732
2022-01-11,6640,6650,6490,6590,158626,-0.0075301204819276935
2022-01-12,6600,6620,6540,6610,77022,0.003034901365705611
2022-01-13,6610,6760,6580,6620,121432,0.001512859304084735
2022-01-14,6620,6630,6540,6570,66783,-0.007552870090634434
2022-01-17,6570,6590,6500,6520,118203,-0.007610350076103556
2022-01-18,6520,6560,6480,6530,76551,0.0015337423312884457
2022-01-19,6480,6630,6470,6520,98893,-0.0015313935681470214
2022-01-20,6500,6600,6480,6510,45735,-0.0015337423312883347
2022-01-21,6520,6530,6390,6460,91222,-0.007680491551459334
2022-01-24,6390,6440,6280,6380,114549,-0.012383900928792602
2022-01-25,6330,6480,6180,6270,134870,-0.017241379310344862
2022-01-26,6220,6320,6200,6270,63416,0.0
2022-01-27,6230,6350,6170,6350,306637,0.012759170653907415
2022-01-28,6350,6590,6300,6520,89396,0.026771653543307128
2022-02-03,6520,6600,6520,6580,44556,0.009202453987730008
2022-02-04,6570,6630,6520,6630,51276,0.0075987841945288626
2022-02-07,6630,6640,6500,6530,56168,-0.015082956259426794
2022-02-08,6530,6570,6480,6530,93424,0.0
2022-02-09,6570,6570,6500,6540,53450,0.0015313935681469104
2022-02-10,6560,6710,6500,6710,151788,0.025993883792049033
2022-02-11,6600,6670,6520,6570,105720,-0.02086438152011927
2022-02-14,6540,6540,6380,6520,96633,-0.007610350076103556
2022-02-15,6490,6540,6430,6490,36460,-0.004601226993865004
2022-02-16,6490,6620,6490,6510,59326,0.0030816640986133237
2022-02-17,6530,6600,6410,6510,59761,0.0
2022-02-18,6500,6540,6460,6540,48330,0.004608294930875667
2022-02-21,6500,6550,6460,6550,22943,0.001529051987767538
2022-02-22,6540,6590,6470,6550,89221,0.0
2022-02-23,6530,6620,6520,6620,30267,0.010687022900763399
2022-02-24,6580,6800,6570,6730,211636,0.0166163141993958
2022-02-25,6710,6890,6690,6820,160899,0.013372956909361022
2022-02-28,6830,6890,6750,6860,78652,0.0058651026392961825
2022-03-02,6790,6960,6790,6900,93723,0.005830903790087438
2022-03-03,6940,6940,6810,6860,45497,-0.005797101449275366
2022-03-04,6810,6850,6710,6750,67185,-0.01603498542274051
2022-03-07,6730,7090,6540,6610,453172,-0.020740740740740726
2022-03-08,6600,6900,6590,6780,148715,0.02571860816944027
2022-03-10,6790,6850,6720,6830,87761,0.007374631268436627
2022-03-11,6830,6910,6780,6850,76100,0.002928257686676483
2022-03-14,6860,6920,6790,6860,103220,0.0014598540145984717
2022-03-15,6900,7010,6840,6860,250033,0.0
2022-03-16,6870,6920,6690,6790,172739,-0.010204081632653073
2022-03-17,6870,6870,6700,6740,104206,-0.007363770250368162
2022-03-18,6750,6950,6750,6920,124631,0.026706231454005858
2022-03-21,6950,6950,6840,6900,49631,-0.0028901734104046506
2022-03-22,6870,7000,6870,6900,63268,0.0
2022-03-23,6900,7090,6810,6930,179850,0.004347826086956497
2022-03-24,6900,7030,6860,6930,108426,0.0
2022-03-25,6980,7030,6910,6940,87933,0.0014430014430013571
2022-03-28,6910,6970,6850,6910,67467,-0.004322766570605152
2022-03-29,6900,6930,6810,6850,77044,-0.00868306801736618
2022-03-30,6850,6890,6730,6760,77776,-0.013138686131386912
2022-03-31,6800,6940,6760,6940,83321,0.026627218934911268
2022-04-01,6930,7180,6880,7070,410196,0.018731988472622474
2022-04-04,7090,7150,7020,7100,140134,0.004243281471004279
2022-04-05,7100,7190,7070,7180,125136,0.011267605633802802
2022-04-06,7160,7300,7070,7080,300077,-0.013927576601671321
2022-04-07,7060,7140,6980,7120,130339,0.005649717514124353
2022-04-08,7100,7170,7000,7150,94857,0.004213483146067398
2022-04-11,7150,7280,7080,7210,122371,0.008391608391608463
2022-04-12,7150,7240,7060,7140,103142,-0.009708737864077666
2022-04-13,7140,7170,7080,7140,49466,0.0
2022-04-14,7160,7220,7130,7200,64326,0.008403361344537785
2022-04-15,7200,7260,7130,7190,164392,-0.001388888888888884
2022-04-18,7190,7260,7150,7230,83284,0.0055632823365785455
2022-04-19,7240,7420,7230,7380,201328,0.020746887966804906
2022-04-20,7410,7490,7300,7450,159478,0.009485094850948617
2022-04-21,7480,7570,7430,7510,185023,0.008053691275167862
2022-04-22,7500,7570,7410,7530,121970,0.0026631158455392434
2022-04-25,7450,7700,7430,7570,251847,0.005312084993359889
2022-04-26,7570,7680,7380,7520,192503,-0.006605019815059454
2022-04-27,7320,7500,7250,7440,244185,-0.010638297872340385
2022-04-28,7440,7510,7390,7430,97862,-0.0013440860215053752
2022-04-29,7460,7460,7350,7370,67973,-0.008075370121130576
2022-05-02,7320,7430,7310,7420,73085,0.006784260515603879
2022-05-03,7420,7480,7320,7420,77325,0.0
2022-05-04,7440,7510,7390,7440,102260,0.0026954177897573484
2022-05-06,7390,7650,7260,7340,168216,-0.013440860215053752
2022-05-09,7340,7340,7140,7180,155874,-0.021798365122615793
2022-05-10,7140,8260,6810,7000,4444990,-0.02506963788300831
2022-05-11,7030,7060,6890,6970,191509,-0.004285714285714337
2022-05-12,6900,7160,6870,7020,257923,0.007173601147776099
2022-05-13,6900,7010,6900,6970,116349,-0.007122507122507171
2022-05-16,6980,7360,6970,7080,493500,0.015781922525107683
2022-05-17,7050,7320,7030,7150,432666,0.009887005649717562
2022-05-18,7200,7280,7080,7120,186223,-0.004195804195804231
2022-05-19,7020,7190,6970,6990,106435,-0.018258426966292096
2022-05-20,7010,7150,6990,7060,102390,0.010014306151645114
2022-05-23,7190,7190,7030,7060,75001,0.0
2022-05-24,7180,7210,7060,7080,172054,0.0028328611898016387
2022-05-25,7070,7110,7030,7030,71970,-0.007062146892655385
2022-05-26,7050,7090,6970,7000,75702,-0.004267425320056861
2022-05-27,7050,7100,7000,7080,55868,0.011428571428571344
2022-05-30,7080,7110,7040,7090,37012,0.0014124293785311437
2022-05-31,7090,7110,7010,7030,122656,-0.008462623413258097
2022-06-02,7030,7220,7020,7140,152364,0.01564722617354186
2022-06-03,7140,7200,7090,7110,60489,-0.004201680672268893
2022-06-07,7060,7100,6910,6940,113338,-0.023909985935302358
2022-06-08,6960,6960,6770,6800,196444,-0.02017291066282423
2022-06-09,6790,6840,6560,6560,285030,-0.03529411764705881
2022-06-10,6570,6810,6470,6810,254168,0.038109756097560954
2022-06-13,6750,6770,6550,6570,137628,-0.03524229074889873
2022-06-14,6490,6520,6360,6450,162105,-0.0182648401826484
2022-06-15,6380,6500,6230,6260,135022,-0.029457364341085257
2022-06-16,6350,6420,6260,6260,96225,0.0
2022-06-17,6190,6240,6160,6200,71693,-0.009584664536741228
2022-06-20,6210,6280,5960,6000,95472,-0.032258064516129004
2022-06-21,6040,6110,6000,6080,46612,0.01333333333333342
2022-06-22,6100,6170,5890,5910,143648,-0.02796052631578949
2022-06-23,5920,5960,5720,5720,113860,-0.032148900169204686
2022-06-24,5700,5890,5690,5860,58009,0.02447552447552437
2022-06-27,5920,6050,5880,6040,29298,0.030716723549488067
2022-06-28,6060,6150,6040,6100,38011,0.009933774834437026
2022-06-29,6070,6130,6030,6090,26987,-0.0016393442622950616
2022-06-30,6100,6140,6020,6080,41986,-0.0016420361247947435
2022-07-01,6070,6130,5980,6060,40742,-0.003289473684210509
2022-07-04,6060,6110,5920,5980,46962,-0.01320132013201325
2022-07-05,5980,6100,5910,6100,68157,0.02006688963210701
2022-07-06,6070,6100,6020,6050,32766,-0.008196721311475419
2022-07-07,6060,6090,6010,6080,25372,0.0049586776859504855
2022-07-08,6110,6200,6100,6180,26799,0.016447368421052655
2022-07-11,6140,6280,6130,6230,36551,0.008090614886731462
2022-07-12,6210,6290,6130,6190,37938,-0.006420545746388395
2022-07-13,6250,6400,6140,6370,61119,0.029079159935379684
2022-07-14,6360,6420,6260,6390,46957,0.0031397174254317317
2022-07-15,6450,6450,6320,6340,36787,-0.007824726134585291
2022-07-18,6330,6390,6250,6350,24411,0.001577287066246047
2022-07-19,6350,6390,6280,6390,17554,0.006299212598425141
2022-07-20,6440,6440,6310,6380,27013,-0.0015649452269170805
2022-07-21,6380,6440,6320,6400,21754,0.0031347962382444194
2022-07-22,6400,6430,6270,6290,35868,-0.017187500000000022
2022-07-25,6280,6320,6210,6270,34901,-0.0031796502384737746
2022-07-26,6270,6310,6220,6270,8758,0.0
2022-07-27,6250,6300,6230,6300,40014,0.004784688995215225
2022-07-28,6350,6360,6280,6300,16914,0.0
2022-07-29,6300,6440,6280,6320,21616,0.0031746031746031633
2022-08-01,6300,6350,6280,6350,8900,0.004746835443038
2022-08-02,6350,6350,6260,6280,34111,-0.011023622047244053
2022-08-03,6290,6390,6260,6300,50595,0.0031847133757962887
2022-08-04,6320,6900,6280,6390,872730,0.014285714285714235
2022-08-05,6410,6430,6360,6390,71237,0.0
2022-08-08,6380,7020,6360,6660,5225555,0.04225352112676051
2022-08-09,6690,6690,6530,6630,271361,-0.0045045045045044585
2022-08-10,6580,6740,6530,6630,251710,0.0
2022-08-11,6650,6900,6610,6750,358591,0.018099547511312153
2022-08-12,6750,6780,6670,6670,122447,-0.011851851851851891
2022-08-16,6760,6790,6650,6710,117106,0.0059970014992503096
2022-08-17,6800,6850,6650,6690,127848,-0.0029806259314456574
2022-08-18,6660,6710,6570,6670,108638,-0.002989536621823663
2022-08-19,6650,6710,6620,6620,58071,-0.007496251874062998
2022-08-22,6580,6650,6510,6550,50455,-0.010574018126888185
2022-08-23,6480,6680,6480,6650,50939,0.01526717557251911
2022-08-24,6670,6810,6620,6770,101548,0.018045112781954975
2022-08-25,6790,6850,6750,6780,131452,0.001477104874446189
2022-08-26,6810,6820,6680,6750,83716,-0.004424778761061954
2022-08-29,6600,6980,6550,6730,248097,-0.002962962962962945
2022-08-30,6760,6870,6660,6760,43132,0.004457652303120341
2022-08-31,6760,6800,6660,6760,37922,0.0
2022-09-01,6680,7000,6650,6890,416744,0.019230769230769162
2022-09-02,6890,6970,6780,6790,143637,-0.014513788098693747
2022-09-05,6740,6860,6670,6750,87830,-0.00589101620029453
2022-09-06,6750,6990,6700,6980,187093,0.034074074074074145
2022-09-07,6980,7230,6940,7120,433633,0.02005730659025784
2022-09-08,7120,7420,7000,7320,646423,0.028089887640449396
2022-09-13,7500,7730,7400,7590,803785,0.03688524590163933
2022-09-14,7350,8070,7260,7960,1466993,0.0487483530961792
2022-09-15,8050,8120,7850,7910,597173,-0.006281407035175879
2022-09-16,7980,8230,7750,7860,627148,-0.006321112515802807
2022-09-19,8100,8130,7110,7280,1588461,-0.07379134860050895
2022-09-20,7230,7490,7190,7410,305646,0.017857142857142794
2022-09-21,7380,7390,7150,7290,206612,-0.01619433198380571
2022-09-22,7250,7640,7070,7640,298536,0.0480109739368999
2022-09-23,7690,7690,7290,7310,212383,-0.04319371727748689
2022-09-26,7190,7460,6940,7100,255072,-0.028727770177838563
2022-09-27,7110,7550,7110,7350,472224,0.035211267605633756
2022-09-28,7340,7400,6660,6800,460282,-0.07482993197278909
2022-09-29,6970,6990,6710,6710,276602,-0.013235294117647012
2022-09-30,6600,6740,6550,6600,169596,-0.016393442622950838
2022-10-04,6760,6970,6670,6970,134936,0.056060606060606144
2022-10-05,7200,7290,6790,6900,327323,-0.010043041606886627
2022-10-06,6870,7240,6870,7160,204747,0.037681159420289934
2022-10-07,7140,7420,7070,7190,206990,0.0041899441340782495
2022-10-11,7080,7140,6920,7000,142592,-0.026425591098748313
2022-10-12,6950,7040,6800,6940,152428,-0.008571428571428563
2022-10-13,6900,6980,6450,6450,270678,-0.07060518731988474
2022-10-14,6560,6680,6500,6630,210449,0.027906976744185963
2022-10-17,6640,6740,6470,6710,102060,0.012066365007541435
2022-10-18,6810,6970,6760,6950,176164,0.03576751117734722
2022-10-19,6950,7070,6860,6900,153396,-0.007194244604316502
2022-10-20,6910,7050,6730,6820,75063,-0.011594202898550732
2022-10-21,6820,6860,6460,6480,135086,-0.04985337243401755
2022-10-24,6620,6640,6500,6570,127031,0.01388888888888884
2022-10-25,6630,6640,6430,6480,98443,-0.013698630136986356
2022-10-26,6520,6530,6280,6300,113139,-0.02777777777777779
2022-10-27,6310,6400,6310,6340,56150,0.006349206349206327
2022-10-28,6340,6580,6340,6420,63373,0.012618296529968376
2022-10-31,6450,6480,6380,6450,51121,0.004672897196261738
2022-11-01,6460,6720,6410,6640,107403,0.029457364341085368
2022-11-02,6640,6700,6560,6640,65811,0.0
2022-11-03,6570,6680,6520,6570,105001,-0.010542168674698815
2022-11-04,6570,6630,6410,6600,84984,0.004566210045662045
2022-11-07,6670,6770,6600,6730,65103,0.01969696969696977
2022-11-08,6740,6800,6650,6750,88000,0.002971768202080227
2022-11-09,6750,6840,6700,6810,86793,0.008888888888888946
2022-11-10,6740,6840,6700,6750,51355,-0.008810572687224627
2022-11-11,6860,6940,6800,6870,87264,0.01777777777777767
2022-11-14,6870,6970,6860,6900,60664,0.004366812227074135
2022-11-15,6970,6970,6780,6820,83566,-0.011594202898550732
2022-11-16,6830,6900,6760,6820,50313,0.0
2022-11-17,6810,6870,6650,6770,161937,-0.007331378299120228
2022-11-18,6790,6830,6600,6640,98067,-0.019202363367799125
2022-11-21,6640,6880,6530,6630,204994,-0.001506024096385561
2022-11-22,6630,6780,6590,6760,93888,0.019607843137254832
2022-11-23,6750,6900,6690,6880,131353,0.01775147928994092
2022-11-24,6870,6980,6850,6920,83635,0.005813953488372103
2022-11-25,6920,7050,6880,7010,96806,0.013005780346820872
2022-11-28,7010,7170,6940,7110,142874,0.014265335235378096
2022-11-29,7090,7280,7040,7210,201262,0.014064697609001309
2022-11-30,7190,7320,7150,7220,109420,0.001386962552011095
2022-12-01,7250,7280,7030,7050,120355,-0.023545706371191133
2022-12-02,7060,7110,7020,7060,48217,0.0014184397163119478
2022-12-05,7070,7300,7060,7190,124132,0.018413597733710985
2022-12-06,7190,7200,6910,6950,121189,-0.033379694019471495
2022-12-07,6950,6990,6850,6870,66253,-0.01151079136690647
2022-12-08,6870,6950,6750,6870,84282,0.0
2022-12-09,6840,6910,6730,6740,84933,-0.018922852983988325
2022-12-12,6730,6800,6700,6750,59357,0.0014836795252226587
2022-12-13,6750,6870,6680,6770,74186,0.002962962962963056
2022-12-14,6830,6850,6760,6840,50539,0.010339734121122657
2022-12-15,6840,6930,6780,6910,50378,0.01023391812865504
2022-12-16,6810,6850,6720,6740,205428,-0.02460202604920403
2022-12-19,6760,6760,6650,6670,64181,-0.010385756676557834
2022-12-20,6670,6710,6520,6600,74648,-0.010494752623688153
2022-12-21,6640,6650,6520,6600,47716,0.0
2022-12-22,6670,6690,6610,6670,27698,0.010606060606060508
2022-12-23,6660,6660,6520,6540,70367,-0.019490254872563728
2022-12-26,6580,6600,6510,6590,105203,0.007645259938837912
2022-12-27,6640,6810,6600,6740,70479,0.022761760242792084
2022-12-28,6600,6600,6480,6500,76391,-0.035608308605341255
2022-12-29,6470,6500,6370,6480,81989,-0.003076923076923088
2023-01-02,6480,6510,6160,6260,163231,-0.03395061728395066
2023-01-03,6160,6320,6090,6270,54054,0.0015974440894568342
2023-01-04,6240,6480,6160,6310,30765,0.006379585326953707
2023-01-05,6310,6370,6250,6310,18892,0.0
2023-01-06,6310,6540,6290,6440,136620,0.020602218700475516
2023-01-09,6440,6660,6440,6580,87594,0.021739130434782705
2023-01-10,6530,6570,6420,6430,89389,-0.022796352583586588
2023-01-11,6430,6520,6350,6470,25338,0.0062208398133747345
2023-01-12,6520,7130,6420,6650,1241246,0.02782071097372496
2023-01-13,6760,6760,6530,6550,226574,-0.015037593984962405
2023-01-16,6580,6720,6550,6650,112042,0.01526717557251911
2023-01-17,6650,6650,6550,6550,42836,-0.015037593984962405
2023-01-18,6550,6590,6480,6510,43728,-0.006106870229007688
2023-01-19,6490,6510,6430,6440,45961,-0.010752688172043001
2023-01-20,6430,6500,6420,6490,22048,0.007763975155279601
2023-01-25,6520,6720,6480,6530,79078,0.006163328197226425
2023-01-26,6530,6600,6500,6570,57948,0.006125574272588086
2023-01-27,6580,6610,6560,6590,48197,0.003044140030441511
2023-01-30,6590,6630,6530,6600,34836,0.0015174506828528056
2023-01-31,6600,6640,6520,6630,35246,0.00454545454545463
2023-02-01,6630,6650,6580,6650,19638,0.003016591251885359
2023-02-02,6670,6780,6620,6740,84065,0.013533834586466176
2023-02-03,6740,6760,6670,6700,86059,-0.005934718100890191
2023-02-06,6750,6750,6600,6630,54020,-0.010447761194029903
2023-02-07,6600,6650,6570,6610,37535,-0.003016591251885359
2023-02-08,6650,6720,6580,6700,64561,0.013615733736762392
2023-02-09,6690,6790,6650,6680,44726,-0.0029850746268657025
2023-02-10,6680,6680,6500,6550,72844,-0.019461077844311392
2023-02-13,6520,6600,6440,6520,53166,-0.004580152671755711
2023-02-14,6570,6580,6480,6510,67535,-0.0015337423312883347
2023-02-15,6510,6530,6300,6350,68456,-0.02457757296466978
2023-02-16,6400,6530,6370,6490,39299,0.022047244094488105
2023-02-17,6430,6550,6340,6480,55511,-0.0015408320493066618
2023-02-20,6480,6540,6420,6500,29307,0.0030864197530864335
2023-02-21,6540,6550,6470,6520,47205,0.003076923076922977
2023-02-22,6490,6500,6420,6460,31921,-0.009202453987730008
2023-02-23,6420,6510,6360,6430,52238,-0.004643962848297267
2023-02-24,6430,6440,6320,6370,58519,-0.009331259720062213
2023-02-27,6380,6380,6220,6260,54581,-0.017268445839874413
2023-02-28,6340,6400,6260,6370,80941,0.01757188498402562
2023-03-02,6370,6520,6370,6470,81628,0.01569858712715866
2023-03-03,6600,6610,6470,6510,89965,0.0061823802163833985
2023-03-06,6610,6770,6590,6660,223309,0.02304147465437789
2023-03-07,6690,6920,6600,6910,306947,0.037537537537537524
2023-03-08,6900,7050,6760,6800,274753,-0.01591895803183796
2023-03-09,7720,7860,6610,7000,2032588,0.02941176470588225
2023-03-10,6880,6990,6730,6780,280398,-0.03142857142857147
2023-03-13,6680,6780,6480,6690,250684,-0.013274336283185861
2023-03-14,6680,6710,6280,6330,293627,-0.053811659192825156
2023-03-15,6400,6600,6370,6450,185645,0.018957345971563955
2023-03-16,6450,6560,6300,6450,185157,0.0
2023-03-17,6470,6680,6430,6490,132319,0.006201550387596955
2023-03-20,6450,6520,6400,6480,92803,-0.0015408320493066618
2023-03-21,6540,6570,6450,6490,110754,0.0015432098765431057
2023-03-22,6510,6970,6430,6800,787028,0.04776579352850541
2023-03-23,6750,8000,6730,7500,3457405,0.10294117647058831
2023-03-24,7640,7650,7110,7310,925340,-0.02533333333333332
2023-03-27,7300,7350,7000,7150,536067,-0.02188782489740082
2023-03-28,7150,7470,7070,7360,718819,0.029370629370629286
2023-03-29,7400,7590,7240,7360,489905,0.0
2023-03-30,7380,7390,7160,7290,239856,-0.009510869565217406
2023-03-31,7290,7300,7120,7200,221844,-0.012345679012345734
2023-04-03,7200,7650,7120,7490,512670,0.04027777777777786
2023-04-04,7510,7930,7210,7400,1026374,-0.012016021361815787
2023-04-05,7390,7400,7190,7330,212346,-0.009459459459459474
2023-04-06,7340,7340,7110,7250,238498,-0.010914051841746208
2023-04-07,7310,7520,7160,7440,219665,0.026206896551724146
2023-04-10,7440,7510,7250,7410,216204,-0.0040322580645161255
2023-04-11,7450,7800,7350,7630,586754,0.029689608636977116
2023-04-12,7620,7650,7420,7430,195568,-0.026212319790301475
2023-04-13,7390,7400,7140,7330,201004,-0.013458950201884257
2023-04-14,7450,7500,7270,7300,200838,-0.004092769440654842
2023-04-17,7320,7600,7250,7580,342150,0.03835616438356171
2023-04-18,7600,7990,7580,7990,868866,0.05408970976253302
2023-04-19,8200,9810,8050,9530,6945539,0.1927409261576971
2023-04-20,10410,11240,8930,9080,5917922,-0.047219307450157344
2023-04-21,9250,9700,8960,9160,2790211,0.008810572687224738
2023-04-24,9610,9700,8000,8230,2363527,-0.10152838427947597
2023-04-25,8290,8360,7800,8240,1362735,0.0012150668286756705
2023-04-26,8400,8730,8240,8250,1518286,0.0012135922330096527
2023-04-27,8230,8330,7900,8260,765263,0.00121212121212122
2023-04-28,8350,8350,7690,7900,841689,-0.04358353510895885
2023-05-02,8050,8980,8010,8980,2066310,0.13670886075949373
2023-05-03,9310,11600,9210,10920,16713683,0.21603563474387522
2023-05-04,10400,10460,9160,9610,4163108,-0.11996336996336998
2023-05-08,9310,9570,8850,9040,1516106,-0.0593132154006244
2023-05-09,9050,9180,8590,8700,1359493,-0.03761061946902655
2023-05-10,8510,8790,8050,8200,2971264,-0.05747126436781613
2023-05-11,8410,8790,8160,8500,2150712,0.03658536585365857
2023-05-12,8470,8570,8050,8220,917138,-0.03294117647058825
2023-05-15,8170,8190,7620,7730,996765,-0.05961070559610704
2023-05-16,7680,7680,7400,7550,849307,-0.023285899094437235
2023-05-17,7510,7630,7410,7500,513304,-0.0066225165562914245
2023-05-18,7550,7990,7510,7930,1015899,0.057333333333333236
2023-05-19,7970,7970,7510,7600,769865,-0.04161412358133665
2023-05-22,7590,7670,7420,7650,397990,0.006578947368421018
2023-05-23,7670,7880,7660,7750,610434,0.013071895424836555
2023-05-24,7700,7810,7600,7810,261464,0.007741935483871032
2023-05-25,7800,7800,7530,7600,370121,-0.02688860435339313
2023-05-26,7600,7620,7350,7470,472984,-0.017105263157894735
2023-05-30,7470,7520,7270,7400,285141,-0.009370816599732268
2023-05-31,7380,7490,7230,7260,330134,-0.018918918918918948
2023-06-01,7270,7420,7250,7310,159974,0.00688705234159781
2023-06-02,7380,7540,7290,7540,229941,0.03146374829001375
2023-06-05,7550,7580,7450,7510,177880,-0.003978779840848823
2023-06-07,7520,7750,7510,7630,473275,0.015978695073235683
2023-06-08,7630,7760,7570,7690,293065,0.007863695937090354
2023-06-09,7700,7710,7550,7610,317547,-0.01040312093628093
2023-06-12,7640,7690,7560,7660,216255,0.006570302233902758
2023-06-13,7640,7830,7550,7640,620801,-0.0026109660574412663
2023-06-14,7700,7930,7430,7600,679598,-0.005235602094240788
2023-06-15,7640,7670,7460,7600,238864,0.0
2023-06-16,7610,7610,7460,7540,224919,-0.007894736842105288
2023-06-19,7490,7590,7450,7590,225409,0.006631299734747964
2023-06-20,7590,7600,7430,7510,203758,-0.010540184453227908
2023-06-21,7500,7500,7270,7380,278813,-0.017310252996005304
2023-06-22,7340,8560,7330,8040,9184358,0.08943089430894302
2023-06-23,7830,7870,7500,7610,1246168,-0.05348258706467657
2023-06-26,7680,7750,7400,7430,570282,-0.023653088042049908
2023-06-27,7400,7590,7360,7410,437870,-0.0026917900403768957
2023-06-28,7470,7710,7390,7450,538254,0.005398110661268607
2023-06-29,7480,7520,7210,7230,330872,-0.029530201342281903
2023-06-30,7230,7450,7100,7360,338045,0.017980636237897585
2023-07-03,7360,7810,7360,7750,809744,0.052989130434782705
2023-07-04,7770,7960,7660,7840,490728,0.011612903225806548
2023-07-05,7940,8450,7850,8130,2450439,0.036989795918367374
2023-07-06,8050,8150,7830,7880,638752,-0.03075030750307506
2023-07-07,7830,7940,7610,7720,360722,-0.02030456852791873
2023-07-10,7720,7760,7480,7600,217419,-0.015544041450777257
2023-07-11,7610,7890,7550,7830,356785,0.03026315789473677
2023-07-12,7840,7920,7660,7740,226430,-0.011494252873563204
2023-07-13,7770,7940,7710,7810,231226,0.009043927648578753
2023-07-14,7870,7870,7450,7560,478859,-0.03201024327784896
2023-07-17,7560,7680,7450,7630,166397,0.0092592592592593
2023-07-18,7640,7730,7400,7420,258747,-0.02752293577981646
2023-07-19,7500,7500,7240,7270,308928,-0.020215633423180557
2023-07-20,7160,7290,7130,7230,214778,-0.005502063273727598
2023-07-21,7170,7250,7120,7200,215108,-0.004149377593360981
2023-07-24,7140,7200,6900,7060,397963,-0.019444444444444486
2023-07-25,6940,7140,6940,7000,176487,-0.008498583569405138
2023-07-26,7030,7030,6580,6750,460843,-0.0357142857142857
2023-07-27,6700,6910,6650,6650,227061,-0.014814814814814836
2023-07-28,6620,7010,6620,6990,213518,0.051127819548872244
2023-07-31,7050,7160,6990,7150,208992,0.022889842632331847
2023-08-01,7150,7200,6800,7020,306901,-0.018181818181818188
2023-08-02,7020,7190,6870,7020,353521,0.0
2023-08-03,7020,7070,6680,6880,399982,-0.019943019943019946
2023-08-04,6880,6910,6730,6800,268911,-0.011627906976744207
2023-08-07,6800,6800,6580,6730,184514,-0.010294117647058787
2023-08-08,6740,6860,6650,6710,162120,-0.002971768202080227
2023-08-09,6660,6800,6650,6780,94986,0.010432190760059523
2023-08-10,6780,7040,6620,6720,258988,-0.008849557522123908
2023-08-11,6750,6830,6690,6780,92064,0.008928571428571397
2023-08-14,6800,6800,6580,6770,161317,-0.001474926253687281
2023-08-16,6690,6720,6480,6500,210188,-0.03988183161004433
2023-08-17,6430,6530,6270,6500,190755,0.0
2023-08-18,6410,8450,6350,8450,16173711,0.30000000000000004
2023-08-21,10470,10980,10020,10980,12130234,0.2994082840236687
2023-08-22,9990,10300,7720,8300,9159068,-0.24408014571949
2023-08-23,8600,10000,8050,8490,13643328,0.02289156626506017
2023-08-24,8120,8740,7950,8380,2347642,-0.012956419316843326
2023-08-25,8370,8530,8060,8210,1853961,-0.02028639618138428
2023-08-28,8210,8670,8000,8460,2645410,0.030450669914738215
2023-08-29,8350,8510,8080,8130,2199758,-0.03900709219858156
2023-08-30,8180,8240,7980,8050,1543447,-0.009840098400983988
2023-08-31,8400,8550,7770,7800,2353938,-0.03105590062111796
2023-09-01,7740,7800,7510,7550,784906,-0.03205128205128205
2023-09-04,7550,7610,7340,7370,530150,-0.02384105960264904
2023-09-05,7340,7550,7300,7360,666261,-0.0013568521031207537
2023-09-06,7360,7420,7100,7170,488712,-0.025815217391304324
2023-09-07,7230,7280,7010,7100,573185,-0.009762900976290068
2023-09-08,7210,7230,7080,7110,321603,0.0014084507042253502
2023-09-11,7090,7190,6990,7010,336069,-0.01406469760900142
2023-09-12,7020,7120,6870,6920,371013,-0.012838801711840264
2023-09-13,6930,6960,6800,6820,338353,-0.014450867052023142
2023-09-14,6800,6950,6800,6900,263359,0.011730205278592365
2023-09-15,6900,7040,6880,6950,259052,0.007246376811594235
2023-09-18,6900,7050,6860,6960,534050,0.0014388489208632116
2023-09-19,7230,7240,6760,6810,1068059,-0.02155172413793105
2023-09-20,6800,6900,6750,6760,277618,-0.007342143906020504
2023-09-21,6830,6920,6680,6680,498463,-0.011834319526627168
2023-09-22,6640,6790,6620,6700,237860,0.0029940119760478723
2023-09-25,6650,6740,6590,6590,219314,-0.016417910447761197
2023-09-26,6590,6670,6500,6510,174046,-0.012139605462822445
2023-09-27,6500,6620,6440,6550,134279,0.006144393241167334
2023-10-04,6560,6590,6380,6450,211259,-0.01526717557251911
2023-10-05,6500,6550,6380,6420,174288,-0.0046511627906976605
2023-10-06,6400,6580,6400,6560,152715,0.02180685358255441
2023-10-10,6560,6710,6490,6600,235783,0.0060975609756097615
2023-10-11,6630,6760,6610,6730,164245,0.01969696969696977
2023-10-12,6730,6910,6730,6880,240363,0.022288261515601704
2023-10-13,6900,6940,6760,6840,182314,-0.005813953488372103
2023-10-16,6790,6790,6580,6690,169950,-0.021929824561403466
2023-10-17,6710,6830,6650,6770,167517,0.01195814648729443
2023-10-18,6740,6910,6740,6760,219132,-0.001477104874446078
2023-10-19,6750,6890,6570,6890,362220,0.019230769230769162
2023-10-20,6920,6930,6510,6660,607594,-0.03338171262699563
2023-10-23,6800,7090,6540,6550,926002,-0.016516516516516533
2023-10-24,6740,6990,6490,6790,859797,0.03664122137404591
2023-10-25,6890,6890,6620,6620,312623,-0.025036818851251863
2023-10-26,6530,6730,6480,6510,326082,-0.0166163141993958
2023-10-27,6510,6600,6450,6540,167310,0.004608294930875667
2023-10-30,6500,6690,6490,6680,151639,0.021406727828746197
2023-10-31,6700,6730,6550,6650,163479,-0.004491017964071808
2023-11-01,6660,6740,6630,6650,134336,0.0
2023-11-02,6700,6820,6690,6760,187829,0.016541353383458635
2023-11-03,6800,6920,6760,6910,270566,0.022189349112426093
2023-11-06,6940,7000,6880,6970,319350,0.00868306801736618
2023-11-07,6980,7000,6750,6890,262847,-0.011477761836441891
2023-11-08,6950,7030,6750,6790,209799,-0.014513788098693747
2023-11-09,6780,6880,6740,6830,117949,0.00589101620029453
2023-11-10,6780,6800,6670,6730,136759,-0.014641288433382083
2023-11-13,6750,6850,6690,6710,105029,-0.002971768202080227
2023-11-14,6760,6840,6690,6810,133686,0.014903129657227954
2023-11-15,6810,6900,6790,6840,267113,0.004405286343612369
2023-11-16,6840,6880,6790,6830,124663,-0.0014619883040936088
2023-11-17,6810,6850,6680,6700,230652,-0.019033674963396807
2023-11-20,6700,6810,6690,6750,123559,0.00746268656716409
2023-11-21,6760,6850,6740,6780,157100,0.004444444444444473
2023-11-22,6760,6810,6720,6790,86765,0.001474926253687281
2023-11-23,6800,6860,6740,6750,196422,-0.00589101620029453
2023-11-24,6750,6820,6750,6800,90561,0.007407407407407307
2023-11-27,6810,6820,6700,6710,193133,-0.013235294117647012
2023-11-28,6710,6760,6630,6650,206516,-0.008941877794336861
2023-11-29,6690,6690,6570,6670,106991,0.003007518796992459
2023-11-30,6650,6780,6650,6750,106742,0.011994002998500841
2023-12-01,6750,6850,6750,6800,211551,0.007407407407407307
2023-12-04,6840,6840,6760,6790,121432,-0.0014705882352941124
2023-12-05,6760,6790,6640,6700,166062,-0.013254786450662692
2023-12-06,6700,6740,6630,6720,143806,0.0029850746268655914
2023-12-07,6660,6720,6610,6660,149320,-0.008928571428571397
2023-12-08,6680,6710,6640,6680,118302,0.0030030030030030463
2023-12-11,6680,6720,6660,6710,80646,0.004491017964071808
2023-12-12,6710,6730,6670,6690,63965,-0.0029806259314456574
2023-12-13,6690,6720,6580,6600,194671,-0.013452914798206317
2023-12-14,6630,6640,6460,6530,297251,-0.010606060606060619
2023-12-15,6530,6600,6520,6570,109600,0.006125574272588086
2023-12-18,6590,6620,6540,6600,88332,0.004566210045662045
2023-12-19,6580,6640,6570,6630,75233,0.00454545454545463
2023-12-20,6650,6690,6620,6680,73717,0.007541478129713397
2023-12-21,6620,6710,6620,6690,106299,0.0014970059880239361
2023-12-22,6710,6710,6650,6690,101133,0.0
2023-12-26,6690,6770,6680,6730,232527,0.005979073243647326
2023-12-27,6590,6670,6510,6550,276183,-0.026745913818722156
2023-12-28,6550,6580,6500,6560,93730,0.0015267175572519776
2024-01-02,6540,6580,6460,6500,185405,-0.009146341463414642
2024-01-03,6500,6520,6290,6320,382615,-0.027692307692307683
2024-01-04,6320,6330,6250,6330,116990,0.0015822784810126667
2024-01-05,6340,6420,6330,6370,83708,0.006319115323854652
2024-01-08,6330,6430,6330,6380,63816,0.0015698587127157548
2024-01-09,6390,6410,6370,6380,86867,0.0
2024-01-10,6420,6420,6350,6360,68692,-0.0031347962382445305
2024-01-11,6400,6410,6350,6360,71921,0.0
2024-01-12,6310,6370,6210,6240,197061,-0.018867924528301883
2024-01-15,6240,6310,6160,6190,117610,-0.008012820512820484
2024-01-16,6230,6260,6160,6210,92333,0.003231017770597644
2024-01-17,6230,6250,6020,6040,188114,-0.027375201288244777
2024-01-18,6000,6120,6000,6010,76155,-0.004966887417218513
2024-01-19,6050,6130,6050,6110,53605,0.016638935108153063
2024-01-22,6150,6170,6020,6020,64910,-0.014729950900163713
2024-01-23,6060,6200,6000,6110,79600,0.014950166112956742
2024-01-24,6110,6110,6000,6040,73093,-0.011456628477905073
2024-01-25,6040,6090,5990,6060,107422,0.0033112582781456013
2024-01-26,6060,6170,6010,6110,232828,0.008250825082508184
2024-01-29,6340,6340,6110,6130,304453,0.003273322422258529
2024-01-30,6180,6260,6100,6130,124939,0.0
2024-01-31,6130,6180,6080,6110,66665,-0.0032626427406199365
2024-02-01,6100,6290,6040,6260,140844,0.02454991816693952
2024-02-02,6280,6350,6220,6330,156501,0.011182108626198062
2024-02-05,6350,6360,6240,6310,90816,-0.003159557661927326
2024-02-06,6310,6350,6240,6270,49851,-0.006339144215530945
2024-02-07,6270,6340,6220,6320,97230,0.00797448165869219
2024-02-08,6350,6400,6310,6350,106636,0.004746835443038
2024-02-13,6350,6390,6330,6350,80921,0.0
2024-02-14,6290,6400,6290,6400,79525,0.007874015748031482
2024-02-15,6440,6540,6380,6450,217992,0.0078125
2024-02-16,6470,6500,6430,6480,75453,0.0046511627906977715
2024-02-19,6480,6510,6100,6420,181718,-0.0092592592592593
2024-02-20,6440,6470,6400,6430,69439,0.0015576323987538387
2024-02-21,6410,6440,6340,6370,71307,-0.009331259720062213
2024-02-22,6370,6390,6310,6350,56000,-0.0031397174254317317
2024-02-23,6370,6390,6210,6240,116666,-0.017322834645669305
2024-02-26,6230,6230,6150,6170,63110,-0.011217948717948678
2024-02-27,6150,6190,6020,6070,152425,-0.01620745542949753
2024-02-28,6070,6150,6070,6110,38855,0.006589785831960571
2024-02-29,6080,6120,6060,6070,57966,-0.006546644844517169
2024-03-04,6100,6160,6090,6140,41167,0.011532125205930832
2024-03-05,6110,6170,6060,6090,66114,-0.008143322475570036
2024-03-06,6070,6140,6040,6120,54817,0.0049261083743843415
2024-03-07,6120,6120,6060,6080,38286,-0.006535947712418277
2024-03-08,6080,6120,6040,6040,58218,-0.006578947368421018
2024-03-11,6060,6110,6010,6030,54156,-0.0016556291390728006
2024-03-12,6030,6070,6000,6020,50402,-0.0016583747927031434
2024-03-13,6020,6040,6000,6020,53844,0.0
2024-03-14,6000,6050,6000,6000,44942,-0.0033222591362126463
2024-03-15,6040,6040,5960,6000,64909,0.0
2024-03-18,5990,6080,5990,6040,55087,0.006666666666666599
2024-03-19,6060,6070,6010,6050,29784,0.0016556291390728006
2024-03-20,6030,6070,6010,6040,38046,-0.0016528925619834212
2024-03-21,6020,6080,6010,6070,45615,0.004966887417218624
2024-03-22,6080,6080,6030,6060,34256,-0.0016474464579900872
2024-03-25,6070,6080,6030,6070,47733,0.0016501650165017256
2024-03-26,6050,6100,6030,6060,51909,-0.0016474464579900872
2024-03-27,6060,6120,6030,6100,75284,0.0066006600660066805
2024-03-28,6100,6110,6040,6050,42188,-0.008196721311475419
2024-03-29,6050,6080,6010,6020,59984,-0.0049586776859503745
2024-04-01,6020,6070,5980,6060,40635,0.006644518272425293
2024-04-02,6060,6060,6000,6040,82747,-0.0033003300330033403
2024-04-03,6010,6030,5970,6010,89101,-0.004966887417218513
2024-04-04,6050,6050,5990,6020,39141,0.0016638935108153063
2024-04-05,6020,6040,5980,6020,40068,0.0
2024-04-08,6020,6020,5910,6020,77046,0.0
2024-04-09,6020,6030,5960,6000,34636,-0.0033222591362126463
2024-04-11,5960,5980,5920,5940,20439,-0.010000000000000009
2024-04-12,5940,5990,5920,5930,20570,-0.0016835016835017313
2024-04-15,5920,5920,5830,5880,53327,-0.00843170320404718
2024-04-16,5870,5910,5750,5760,54028,-0.020408163265306145
2024-04-17,5830,5830,5730,5740,38242,-0.00347222222222221
2024-04-18,5710,5870,5710,5870,23523,0.022648083623693305
2024-04-19,5840,5870,5720,5870,25271,0.0
2024-04-22,5870,5910,5860,5890,19309,0.0034071550255536653
2024-04-23,5930,5930,5870,5920,21600,0.005093378607809784
2024-04-24,5940,5980,5870,5960,28753,0.006756756756756799
2024-04-25,5950,6020,5940,6010,31411,0.008389261744966348
2024-04-26,5980,6060,5970,6050,39489,0.006655574043261225
2024-04-29,6060,6090,6020,6040,19170,-0.0016528925619834212
2024-04-30,6070,6070,5950,6030,17626,-0.0016556291390728006
2024-05-02,6000,6040,5990,6000,21470,-0.00497512437810943
2024-05-03,5980,6030,5980,6020,17924,0.0033333333333334103
2024-05-07,6050,6080,6010,6010,25483,-0.0016611295681062677
2024-05-08,6030,6080,6010,6070,24821,0.009983361064891838
2024-05-09,6050,6100,6050,6060,39893,-0.0016474464579900872
2024-05-10,6080,6100,6000,6040,42253,-0.0033003300330033403
2024-05-13,6030,6060,6000,6010,44967,-0.004966887417218513
2024-05-14,6030,6080,6010,6070,48083,0.009983361064891838
2024-05-16,6080,6090,6020,6090,42710,0.0032948929159801743
2024-05-17,6070,6130,6050,6100,65031,0.0016420361247948545
2024-05-20,6090,6130,6070,6070,36072,-0.004918032786885296
2024-05-21,6070,6090,6010,6060,66008,-0.0016474464579900872
2024-05-22,6090,6150,6030,6110,87029,0.008250825082508184
2024-05-23,6080,6110,6040,6070,54036,-0.006546644844517169
2024-05-24,6050,6060,6010,6030,49307,-0.00658978583196046
2024-05-27,6050,6050,5990,6010,49845,-0.0033167495854062867
2024-05-28,6000,6050,6000,6010,29591,0.0
2024-05-29,6020,6030,5950,5960,54663,-0.008319467554076532
2024-05-30,5970,6000,5890,5900,45395,-0.010067114093959773
2024-05-31,5900,5940,5890,5920,27661,0.003389830508474523
2024-06-03,5960,5980,5910,5980,21695,0.010135135135135087
2024-06-04,5960,5980,5870,5900,52271,-0.013377926421404673
2024-06-05,5900,5950,5900,5940,9699,0.006779661016949046
2024-06-07,5940,5960,5890,5910,28792,-0.005050505050505083
2024-06-10,5880,5920,5850,5910,28612,0.0
2024-06-11,5900,6010,5900,5900,59504,-0.0016920473773265332
2024-06-12,5940,5970,5890,5950,41332,0.008474576271186418
2024-06-13,5980,6000,5940,5950,25673,0.0
2024-06-14,5900,5980,5900,5900,35661,-0.008403361344537785
2024-06-17,5900,5950,5880,5890,38597,-0.0016949152542372614
2024-06-18,5930,5960,5830,5830,47969,-0.01018675721561968
2024-06-19,5890,5890,5760,5770,48872,-0.010291595197255532
2024-06-20,5780,5810,5740,5790,38911,0.0034662045060658286
2024-06-21,5790,5850,5650,5690,146822,-0.01727115716753025
2024-06-24,5700,5750,5520,5540,157717,-0.026362038664323406
2024-06-25,5540,5630,5490,5610,28560,0.012635379061371799
2024-06-26,5580,5650,5570,5600,12037,-0.0017825311942959443
2024-06-27,5570,5610,5480,5540,74103,-0.010714285714285676
2024-06-28,5550,5570,5500,5560,37495,0.0036101083032491488
2024-07-01,5530,5590,5500,5520,38886,-0.007194244604316502
2024-07-02,5520,5530,5400,5410,81328,-0.019927536231884035
2024-07-03,5420,5500,5380,5450,30856,0.007393715341959428
2024-07-04,5500,5500,5430,5470,10975,0.003669724770642091
2024-07-05,5480,5490,5410,5420,21045,-0.009140767824497242
2024-07-08,5450,5520,5410,5520,24946,0.01845018450184499
2024-07-09,5550,5550,5470,5520,14636,0.0
2024-07-10,5550,5550,5480,5530,15145,0.0018115942028984477
2024-07-11,5600,5600,5490,5550,18074,0.003616636528029016
2024-07-12,5540,5580,5520,5540,29059,-0.0018018018018017834
2024-07-15,5540,5590,5530,5590,20008,0.00902527075812265
2024-07-16,5600,5600,5520,5560,21399,-0.00536672629695889
2024-07-17,5550,5560,5510,5540,20079,-0.003597122302158251
2024-07-18,5510,5550,5460,5490,36721,-0.009025270758122761
2024-07-19,5500,5500,5420,5470,19729,-0.0036429872495445936
2024-07-22,5430,5470,5330,5390,49048,-0.014625228519195566
2024-07-23,5370,5410,5290,5310,49372,-0.014842300556586308
2024-07-24,5310,5330,5220,5290,45439,-0.0037664783427495685
2024-07-25,5250,5410,5180,5410,62126,0.022684310018903586
2024-07-26,5390,5410,5350,5380,10317,-0.00554528650646946
2024-07-29,5400,5450,5370,5400,20258,0.0037174721189590088
2024-07-30,5420,5420,5320,5360,18999,-0.007407407407407418
2024-07-31,5370,5380,5320,5360,13948,0.0
2024-08-01,5370,5450,5360,5440,24261,0.014925373134328401
2024-08-02,5430,5440,5280,5340,29734,-0.018382352941176516
2024-08-05,5310,5310,4720,4850,164371,-0.09176029962546817
2024-08-06,4800,5060,4800,4965,75310,0.023711340206185483
2024-08-07,4865,5050,4865,5020,58454,0.011077542799597273
2024-08-08,5010,5100,4880,5100,51985,0.015936254980079667
2024-08-09,5100,5150,5090,5140,22310,0.007843137254901933
2024-08-12,5140,5220,5090,5170,55574,0.005836575875486361
2024-08-13,5130,5190,5090,5130,32243,-0.007736943907156624
2024-08-14,5160,5190,5110,5180,21911,0.00974658869395717
2024-08-16,5240,5350,5210,5300,39679,0.02316602316602312
2024-08-19,5300,5320,5240,5290,15846,-0.0018867924528301883
2024-08-20,5290,5430,5290,5430,85892,0.026465028355387554
2024-08-21,5430,5430,5320,5420,35794,-0.0018416206261510082
2024-08-22,5420,5430,5360,5390,40723,-0.005535055350553542
2024-08-23,5350,5390,5320,5380,34386,-0.0018552875695733162
2024-08-26,5380,5390,5260,5390,41693,0.0018587360594795044
2024-08-27,5390,5400,5330,5400,16646,0.0018552875695732052
2024-08-28,5400,5450,5320,5320,24006,-0.014814814814814836
2024-08-29,5320,5320,5240,5240,27420,-0.015037593984962405
2024-08-30,5290,5330,5240,5270,7912,0.005725190839694694
2024-09-02,5310,5330,5260,5280,14650,0.00189753320683117
2024-09-03,5280,5410,5280,5410,26994,0.024621212121212155
2024-09-04,5370,5390,5210,5260,37592,-0.027726432532347522
2024-09-05,5270,5330,5230,5240,12464,-0.0038022813688213253
2024-09-06,5270,5280,5100,5140,19236,-0.01908396946564883
2024-09-09,5100,5150,4990,5150,27522,0.0019455252918287869
2024-09-10,5150,5200,4995,5050,25721,-0.01941747572815533
2024-09-11,5050,5080,5030,5060,8696,0.001980198019801982
2024-09-12,5130,5170,5100,5150,11334,0.01778656126482203
2024-09-13,5160,5270,5160,5270,13572,0.023300970873786353
2024-09-19,5270,5310,5240,5310,11491,0.007590132827324458
2024-09-20,5320,5400,5300,5320,25887,0.0018832391713747842
2024-09-23,5330,5350,5300,5330,9367,0.001879699248120259
2024-09-24,5310,5340,5250,5320,16693,-0.0018761726078799779
2024-09-25,5360,5360,5250,5250,31360,-0.013157894736842146
2024-09-26,5280,5330,5280,5320,11183,0.01333333333333342
2024-09-27,5340,5350,5280,5330,24681,0.001879699248120259
2024-09-30,5330,5360,5240,5240,17516,-0.016885553470919357
2024-10-02,5240,5240,5110,5170,32930,-0.013358778625954248
2024-10-04,5140,5250,5140,5220,7147,0.009671179883945946
2024-10-07,5240,5270,5200,5250,12285,0.005747126436781658
2024-10-08,5250,5280,5200,5200,22051,-0.00952380952380949
2024-10-10,5270,5300,5210,5280,18822,0.01538461538461533
2024-10-11,5250,5300,5240,5290,11555,0.0018939393939394478
2024-10-14,5280,5300,5230,5260,12294,-0.005671077504725952
2024-10-15,5260,5300,5190,5260,19602,0.0
2024-10-16,5240,5250,5190,5240,21759,-0.0038022813688213253
2024-10-17,5240,5280,5170,5220,34344,-0.003816793893129722
2024-10-18,5220,5230,5170,5210,13348,-0.0019157088122605526
2024-10-21,5210,5230,5150,5200,15595,-0.0019193857965451588
2024-10-22,5180,5200,5110,5150,18395,-0.009615384615384581
2024-10-23,5150,5180,5100,5120,28798,-0.005825242718446644
2024-10-24,5140,5150,5100,5110,10014,-0.001953125
2024-10-25,5110,5110,5040,5060,24673,-0.009784735812133127
2024-10-28,5090,5120,5050,5110,7488,0.009881422924901129
2024-10-29,5120,5150,5100,5140,23155,0.005870841487279899
2024-10-30,5160,5200,5130,5170,21003,0.005836575875486361
2024-10-31,5180,5210,5110,5190,13265,0.003868471953578423
2024-11-01,5180,5200,5130,5180,11349,-0.0019267822736031004
2024-11-04,5180,5230,5110,5210,20015,0.005791505791505891
2024-11-05,5150,5290,5150,5270,32606,0.011516314779270731
2024-11-06,5280,5340,5210,5270,37439,0.0
2024-11-07,5270,5300,5220,5240,17360,-0.005692599620493399
2024-11-08,5290,5320,5240,5300,26666,0.011450381679389388
2024-11-11,5310,5310,5150,5240,24445,-0.01132075471698113
2024-11-12,5210,5210,5080,5110,33998,-0.024809160305343525
2024-11-13,5100,5130,4990,4990,34580,-0.023483365949119372
2024-11-14,5030,5050,4990,5020,11774,0.006012024048096087
2024-11-15,5020,5160,5020,5120,22891,0.019920318725099584
2024-11-18,5070,5200,5070,5190,20405,0.013671875
2024-11-19,5190,5230,5140,5220,12397,0.005780346820809301
2024-11-20,5220,5230,5160,5190,12605,-0.005747126436781658
2024-11-21,5210,5230,5130,5160,14232,-0.005780346820809301
2024-11-22,5160,5210,5140,5180,11124,0.003875968992248069
2024-11-25,5190,5260,5180,5210,29553,0.005791505791505891
2024-11-26,5210,5250,5160,5240,15088,0.0057581573896352545
2024-11-27,5260,5340,5240,5270,43323,0.005725190839694694
2024-11-28,5270,5340,5270,5340,23195,0.013282732447817747
2024-11-29,5340,5350,5180,5240,48819,-0.01872659176029967
2024-12-02,5260,5280,5190,5240,19487,0.0
2024-12-03,5240,5270,5200,5240,13994,0.0
2024-12-04,5160,5230,5100,5180,74895,-0.011450381679389277
2024-12-05,5170,5190,5080,5090,39352,-0.01737451737451734
2024-12-06,5060,5110,4900,5000,85823,-0.017681728880157177
2024-12-09,4900,4995,4740,4770,78246,-0.04600000000000004
2024-12-10,4770,4950,4770,4950,40058,0.037735849056603765
2024-12-11,4950,5070,4940,5060,38701,0.022222222222222143
2024-12-12,5070,5100,5020,5080,57957,0.0039525691699604515
2024-12-13,5080,5140,5060,5130,29562,0.009842519685039353
2024-12-16,5130,5230,5110,5190,52062,0.011695906432748648
2024-12-17,5200,5240,5140,5180,44378,-0.0019267822736031004
2024-12-18,5300,5380,5190,5220,148735,0.007722007722007707
2024-12-19,5160,5230,5140,5150,74673,-0.013409961685823757
2024-12-20,5130,5170,5030,5090,102392,-0.011650485436893177
2024-12-23,5120,5170,5070,5120,48430,0.005893909626718985
2024-12-24,5160,5180,5120,5160,68805,0.0078125
2024-12-26,5190,5240,5160,5190,93324,0.005813953488372103
2024-12-27,5010,5060,4880,4930,116241,-0.050096339113680166
2024-12-30,4900,4990,4870,4900,28511,-0.006085192697768749
2025-01-02,4860,4890,4835,4880,36452,-0.004081632653061273
2025-01-03,4850,4955,4850,4945,46049,0.013319672131147486
2025-01-06,4960,5030,4945,5030,21356,0.01718907987866536
2025-01-07,5030,5030,4970,5000,27868,-0.005964214711729587
2025-01-08,5000,5000,4935,4985,32055,-0.0030000000000000027
2025-01-09,4950,4985,4915,4940,42379,-0.009027081243731194
2025-01-10,4965,4965,4925,4960,18519,0.004048582995951344
2025-01-13,4955,4955,4900,4910,12976,-0.01008064516129037
2025-01-14,4910,5000,4910,4935,7698,0.005091649694501044
2025-01-15,4935,4975,4915,4915,17872,-0.004052684903748771
2025-01-16,4920,4975,4920,4950,18887,0.007121057985757906
2025-01-17,4950,5000,4945,4990,32923,0.008080808080808133
2025-01-20,4960,5000,4960,4985,13098,-0.0010020040080159776
2025-01-21,4985,4985,4925,4950,20810,-0.007021063189568744
2025-01-22,4950,4975,4930,4945,18188,-0.0010101010101010166
2025-01-23,4945,4970,4890,4925,30078,-0.004044489383215333
2025-01-24,4925,4925,4885,4910,24335,-0.003045685279187804
2025-01-31,4885,4910,4865,4900,22179,-0.0020366598778004397
2025-02-03,4900,4900,4815,4845,40777,-0.011224489795918391
2025-02-04,4845,4895,4845,4870,20216,0.005159958720330149
2025-02-05,4870,4895,4865,4870,23063,0.0
2025-02-06,4880,4930,4875,4910,36726,0.008213552361396204
2025-02-07,4895,4935,4895,4920,18976,0.0020366598778003286
2025-02-10,4875,4920,4860,4920,33166,0.0
2025-02-11,4920,4930,4890,4905,25750,-0.0030487804878048808
2025-02-12,4950,4950,4855,4865,68079,-0.008154943934760461
2025-02-13,4860,4885,4850,4855,33770,-0.0020554984583761593
2025-02-14,4855,4885,4855,4875,29390,0.004119464469618972
2025-02-17,4880,4910,4860,4910,34080,0.007179487179487243
2025-02-18,4920,4930,4870,4890,47666,-0.004073319755600768
2025-02-19,4890,4930,4885,4890,35796,0.0
2025-02-20,4890,4915,4870,4880,55867,-0.002044989775051076
2025-02-21,4895,4910,4825,4875,41633,-0.0010245901639344135
2025-02-24,4855,4915,4850,4915,64258,0.00820512820512831
2025-02-25,4915,4935,4900,4925,37651,0.0020345879959309254
2025-02-26,4915,4955,4910,4950,23403,0.0050761421319796
2025-02-27,4940,4955,4920,4930,27732,-0.004040404040404066
2025-02-28,4890,4925,4835,4850,69853,-0.016227180527383367
2025-03-04,4850,4850,4755,4755,61590,-0.019587628865979423
2025-03-05,4760,4835,4760,4835,22460,0.016824395373291168
2025-03-06,4835,4850,4790,4795,36505,-0.008273009307135482
2025-03-07,4785,4820,4760,4770,45843,-0.005213764337851923
2025-03-10,4760,4805,4760,4805,17877,0.007337526205450695
2025-03-11,4750,4795,4700,4745,48404,-0.012486992715920908
2025-03-12,4740,4785,4730,4750,26172,0.0010537407797681642
2025-03-13,4740,4770,4705,4710,25529,-0.008421052631578996
2025-03-14,4715,4800,4710,4770,27677,0.01273885350318471
2025-03-17,4755,4810,4755,4770,18073,0.0
2025-03-18,4750,4785,4750,4760,17183,-0.002096436058700246
2025-03-19,4760,4825,4750,4800,36237,0.008403361344537785
2025-03-20,4795,4970,4775,4880,163032,0.016666666666666607
2025-03-21,4865,4865,4765,4825,58867,-0.01127049180327866
2025-03-24,4800,4885,4800,4880,31091,0.011398963730570033
2025-03-25,4880,4915,4815,4835,35729,-0.009221311475409832
2025-03-26,4835,4855,4820,4845,17701,0.0020682523267838704
2025-03-27,4840,4850,4810,4840,14625,-0.0010319917440660964
2025-03-28,4840,4855,4790,4795,63149,-0.009297520661157077
2025-03-31,4795,4795,4710,4720,32413,-0.015641293013555768
2025-04-01,4725,4760,4710,4730,26861,0.0021186440677967155
2025-04-02,4715,4740,4700,4720,30899,-0.0021141649048626032
2025-04-03,4700,4705,4650,4650,39344,-0.014830508474576232
2025-04-04,4645,4690,4575,4690,41798,0.008602150537634357
2025-04-07,4600,4685,4445,4470,106368,-0.046908315565031944
2025-04-08,4475,4575,4465,4485,36767,0.003355704697986628
2025-04-09,4425,4525,4390,4465,71554,-0.004459308807134854
2025-04-10,4525,4595,4490,4575,89851,0.024636058230683044
2025-04-11,4530,4660,4530,4655,34970,0.017486338797814138
2025-04-14,4680,4790,4655,4740,64944,0.018259935553168738
2025-04-15,4745,4805,4745,4795,34122,0.011603375527426074
2025-04-16,4800,4855,4770,4810,46859,0.0031282586027112647
2025-04-17,4790,4840,4785,4795,26145,-0.0031185031185031464
2025-04-18,4800,4820,4770,4820,12161,0.005213764337852034
2025-04-21,4825,4850,4800,4845,39136,0.005186721991701226
2025-04-22,4845,4920,4835,4890,38180,0.009287925696594534
2025-04-23,4900,4900,4860,4900,30481,0.002044989775051187
2025-04-24,4870,4910,4860,4885,22161,-0.003061224489795955
2025-04-25,4885,4975,4885,4930,42346,0.00921187308085969
2025-04-28,4930,4935,4860,4865,41658,-0.013184584178498993
2025-04-29,4855,4920,4845,4920,47749,0.01130524152106882
2025-04-30,4905,4940,4870,4920,24011,0.0
2025-05-02,4925,4940,4880,4920,22152,0.0
2025-05-07,4920,4920,4885,4900,9997,-0.004065040650406471
2025-05-08,4900,4945,4900,4935,28443,0.0071428571428571175
2025-05-09,4940,4950,4880,4935,21128,0.0
2025-05-12,4930,4935,4840,4910,74791,-0.005065856129685908
2025-05-13,4925,4955,4910,4940,23451,0.006109979633401208
2025-05-14,4960,5010,4930,5000,65481,0.012145748987854255
2025-05-15,4990,5010,4945,4995,22087,-0.0010000000000000009
2025-05-16,4995,5010,4915,4920,41341,-0.01501501501501501
2025-05-19,4910,4910,4855,4855,35596,-0.013211382113821113
2025-05-20,4855,4915,4855,4885,12825,0.006179196704428458
2025-05-21,4890,4970,4890,4895,32568,0.0020470829068577334
2025-05-22,4895,4950,4850,4870,30256,-0.005107252298263587
2025-05-23,4875,4945,4855,4900,25720,0.006160164271047153
2025-05-26,4900,5110,4835,5000,114964,0.020408163265306145
2025-05-27,5020,5030,4972,5000,44160,0.0
2025-05-28,5000,5080,5000,5020,48065,0.0040000000000000036
2025-05-29,5030,5150,5030,5130,70040,0.021912350597609542
2025-05-30,5140,5170,5090,5120,39716,-0.0019493177387914784
2025-06-02,5120,5140,5030,5030,27121,-0.017578125
2025-06-04,5050,5190,5040,5180,73885,0.02982107355864816
2025-06-05,5180,5360,5160,5340,173021,0.030888030888030826
2025-06-09,5450,5460,5340,5420,126155,0.014981273408239737
2025-06-10,5390,5470,5320,5390,67447,-0.005535055350553542
2025-06-11,5400,5480,5380,5440,82178,0.00927643784786647
2025-06-12,5420,5510,5420,5480,61917,0.007352941176470562
2025-06-13,5490,5510,5270,5370,93017,-0.02007299270072993
2025-06-16,5360,5400,5240,5400,36132,0.005586592178770999
2025-06-17,5420,5450,5290,5350,56428,-0.0092592592592593
2025-06-18,5320,5380,5260,5380,31596,0.005607476635514086
2025-06-19,5400,5400,5270,5290,47864,-0.016728624535315983
2025-06-20,5290,5330,5240,5320,43372,0.005671077504725952
2025-06-23,5350,5350,5190,5270,51974,-0.009398496240601517
2025-06-24,5310,5350,5260,5330,53917,0.011385199240986799
2025-06-25,5330,5350,5290,5330,46179,0.0
2025-06-26,5330,5330,5170,5230,49603,-0.018761726078799223
2025-06-27,5210,5300,5200,5200,37454,-0.005736137667303964
2025-06-30,5200,5250,5170,5210,20857,0.0019230769230769162
2025-07-01,5210,5320,5210,5260,56884,0.009596928982725572
2025-07-02,5290,5320,5180,5280,42653,0.0038022813688212143
2025-07-03,5320,5430,5300,5390,64176,0.02083333333333326
2025-07-04,5390,5420,5300,5330,42223,-0.011131725417439675
