Date,Open,High,Low,Close,Volume,Change
2022-01-03,13350,13450,13150,13150,24502,-0.014981273408239737
2022-01-04,13350,13350,13100,13250,18026,0.0076045627376426506
2022-01-05,13300,13300,12950,13050,38173,-0.015094339622641506
2022-01-06,12900,13000,12700,12800,42018,-0.019157088122605415
2022-01-07,12800,13100,12800,13000,22803,0.015625
2022-01-10,13000,13100,12700,13050,29747,0.0038461538461538325
2022-01-11,13050,13150,12800,12900,17171,-0.011494252873563204
2022-01-12,12900,13100,12900,13050,11947,0.011627906976744207
2022-01-13,13050,13150,12900,12950,11071,-0.007662835249042099
2022-01-14,12950,13000,12700,12750,20107,-0.015444015444015413
2022-01-17,12750,12950,12400,12550,33062,-0.015686274509803977
2022-01-18,12550,12600,12250,12300,26666,-0.019920318725099584
2022-01-19,12300,12550,12200,12400,19963,0.008130081300812941
2022-01-20,12400,12650,12300,12600,10281,0.016129032258064502
2022-01-21,12600,12600,12300,12400,12656,-0.015873015873015928
2022-01-24,12400,12450,12050,12250,28865,-0.012096774193548376
2022-01-25,12350,12350,11800,11950,32930,-0.024489795918367308
2022-01-26,11850,12100,11800,11800,19828,-0.012552301255230103
2022-01-27,11850,12050,11400,11400,50383,-0.03389830508474578
2022-01-28,11350,11600,11200,11400,43556,0.0
2022-02-03,11550,12250,11550,12200,31336,0.07017543859649122
2022-02-04,12200,12550,11950,12450,82178,0.020491803278688492
2022-02-07,12550,12750,12250,12400,77794,-0.004016064257028162
2022-02-08,12450,12450,12200,12350,18182,-0.0040322580645161255
2022-02-09,12350,12850,12350,12700,30353,0.028340080971659853
2022-02-10,12850,12900,12450,12600,27509,-0.007874015748031482
2022-02-11,12550,12600,12350,12350,18023,-0.019841269841269882
2022-02-14,12300,12300,12000,12050,25701,-0.02429149797570851
2022-02-15,12000,12250,11850,11850,19783,-0.016597510373444035
2022-02-16,12100,12150,11950,12150,8776,0.025316455696202445
2022-02-17,12150,12350,12000,12050,16788,-0.008230452674897082
2022-02-18,11950,12400,11950,12350,8375,0.024896265560165887
2022-02-21,12250,12450,12150,12400,7018,0.004048582995951344
2022-02-22,12400,12450,12150,12250,11893,-0.012096774193548376
2022-02-23,12200,12300,12150,12200,8900,-0.004081632653061273
2022-02-24,12200,12250,12000,12050,14735,-0.012295081967213073
2022-02-25,12000,12300,12000,12100,14697,0.004149377593360981
2022-02-28,12150,12300,12000,12100,7512,0.0
2022-03-02,12050,12350,12050,12350,12510,0.02066115702479343
2022-03-03,12350,12500,12350,12450,11364,0.00809716599190291
2022-03-04,12500,12500,12200,12400,10466,-0.004016064257028162
2022-03-07,12400,12450,12100,12250,14373,-0.012096774193548376
2022-03-08,12100,12150,11850,11950,20754,-0.024489795918367308
2022-03-10,12100,12300,12050,12300,8801,0.029288702928870203
2022-03-11,12350,12500,12300,12500,11852,0.016260162601626105
2022-03-14,12650,13050,12550,12800,67946,0.02400000000000002
2022-03-15,12800,12900,12350,12800,13942,0.0
2022-03-16,12800,13100,12600,12850,40440,0.00390625
2022-03-17,13000,13000,12650,12750,58875,-0.0077821011673151474
2022-03-18,12700,13000,12700,12900,35526,0.0117647058823529
2022-03-21,12950,13100,12850,12900,26837,0.0
2022-03-22,12950,12950,12800,12800,13793,-0.007751937984496138
2022-03-23,12800,12850,12700,12800,18518,0.0
2022-03-24,12800,12850,12600,12750,21146,-0.00390625
2022-03-25,12750,12750,12600,12750,14938,0.0
2022-03-28,12750,13000,12650,12850,24132,0.007843137254901933
2022-03-29,12800,12950,12700,12850,14248,0.0
2022-03-30,12850,12900,12700,12700,22602,-0.011673151750972721
2022-03-31,12700,12950,12650,12900,27478,0.015748031496062964
2022-04-01,12850,12950,12800,12850,15256,-0.003875968992248069
2022-04-04,12850,13000,12800,12900,18804,0.0038910505836575737
2022-04-05,12900,13100,12850,13050,27170,0.011627906976744207
2022-04-06,13050,13350,12950,13200,36019,0.011494252873563315
2022-04-07,13200,13200,12900,12950,32426,-0.018939393939393923
2022-04-08,13000,13050,12850,12850,19521,-0.007722007722007707
2022-04-11,12850,13000,12750,12950,15358,0.0077821011673151474
2022-04-12,12850,12950,12750,12850,21813,-0.007722007722007707
2022-04-13,12900,12950,12750,12850,10571,0.0
2022-04-14,12850,12950,12750,12850,12231,0.0
2022-04-15,12850,12850,12550,12600,46188,-0.01945525291828798
2022-04-18,12600,12750,12550,12750,12439,0.011904761904761862
2022-04-19,12700,12850,12650,12750,11999,0.0
2022-04-20,12750,12900,12650,12800,20152,0.0039215686274509665
2022-04-21,12800,12900,12750,12750,12673,-0.00390625
2022-04-22,12750,12750,12300,12450,69521,-0.02352941176470591
2022-04-25,12450,12450,12100,12200,26522,-0.02008032128514059
2022-04-26,12200,12400,12150,12350,17163,0.012295081967213184
2022-04-27,12300,12300,12050,12250,16671,-0.0080971659919028
2022-04-28,12200,12300,12050,12100,18818,-0.01224489795918371
2022-04-29,12100,12250,12100,12150,12853,0.004132231404958775
2022-05-02,12100,12250,12050,12150,16306,0.0
2022-05-03,12150,12300,12150,12200,14837,0.004115226337448652
2022-05-04,12200,12250,12100,12200,14028,0.0
2022-05-06,12200,12200,12050,12100,11758,-0.008196721311475419
2022-05-09,12100,12100,11800,11850,27816,-0.02066115702479343
2022-05-10,11800,11850,11450,11800,32279,-0.00421940928270037
2022-05-11,11800,11850,11600,11700,10075,-0.008474576271186418
2022-05-12,11550,11700,11150,11250,41472,-0.038461538461538436
2022-05-13,11250,11450,11200,11300,43642,0.004444444444444473
2022-05-16,11350,11500,11300,11450,26752,0.01327433628318575
2022-05-17,11350,11550,11350,11550,27979,0.008733624454148492
2022-05-18,11550,11600,11350,11450,22479,-0.008658008658008698
2022-05-19,11050,11250,11050,11150,64828,-0.026200873362445365
2022-05-20,11200,11250,11050,11250,27780,0.008968609865470878
2022-05-23,11300,11300,11100,11150,19183,-0.008888888888888835
2022-05-24,11150,11300,11100,11100,28300,-0.004484304932735439
2022-05-25,11150,11350,11050,11150,30818,0.0045045045045044585
2022-05-26,11200,11350,11200,11300,21912,0.013452914798206317
2022-05-27,11350,11550,11350,11400,22172,0.008849557522123908
2022-05-30,11500,12050,11400,11750,46924,0.030701754385964897
2022-05-31,11900,11950,11750,11950,29541,0.017021276595744705
2022-06-02,11800,11950,11700,11750,26359,-0.01673640167364021
2022-06-03,11750,11850,11700,11750,8662,0.0
2022-06-07,11750,11750,11600,11750,18100,0.0
2022-06-08,11800,12000,11650,11750,19782,0.0
2022-06-09,11700,11800,11550,11750,18566,0.0
2022-06-10,11750,11800,11550,11650,19616,-0.008510638297872353
2022-06-13,11500,11650,11250,11250,37393,-0.03433476394849788
2022-06-14,11200,11400,10950,11200,44239,-0.004444444444444473
2022-06-15,11100,11200,10800,10850,42509,-0.03125
2022-06-16,10950,11050,10700,10800,36715,-0.004608294930875556
2022-06-17,10700,10700,10500,10700,26756,-0.0092592592592593
2022-06-20,10750,10800,10100,10150,53492,-0.051401869158878455
2022-06-21,10150,10300,10050,10200,20657,0.0049261083743843415
2022-06-22,10200,10400,9980,10050,21630,-0.014705882352941124
2022-06-23,10100,10100,9750,9830,37619,-0.02189054726368156
2022-06-24,9740,10200,9740,10150,28262,0.03255340793489325
2022-06-27,10200,10900,10150,10800,87294,0.0640394088669951
2022-06-28,10900,11200,10800,11000,64875,0.0185185185185186
2022-06-29,10950,11350,10800,11350,40255,0.031818181818181746
2022-06-30,11250,11400,11150,11250,22794,-0.008810572687224627
2022-07-01,11250,11350,11050,11200,40630,-0.004444444444444473
2022-07-04,11200,11200,10700,10850,71699,-0.03125
2022-07-05,10750,11050,10750,10800,36796,-0.004608294930875556
2022-07-06,10950,11050,10700,10950,41246,0.01388888888888884
2022-07-07,11000,11300,10950,11150,49813,0.0182648401826484
2022-07-08,11150,11300,11050,11200,51814,0.004484304932735439
2022-07-11,11200,11500,11100,11350,44445,0.013392857142857206
2022-07-12,11350,11350,11000,11100,53973,-0.022026431718061623
2022-07-13,11100,11300,10950,11200,22957,0.009009009009008917
2022-07-14,11100,11300,11100,11250,14714,0.0044642857142858094
2022-07-15,11150,11250,11050,11250,15567,0.0
2022-07-18,11300,11400,11250,11350,21164,0.008888888888888946
2022-07-19,11400,11450,11300,11400,20288,0.004405286343612369
2022-07-20,11500,11650,11450,11500,37781,0.00877192982456143
2022-07-21,11600,12550,11550,11550,478069,0.004347826086956497
2022-07-22,11550,11600,11250,11300,75850,-0.02164502164502169
2022-07-25,11300,11850,11200,11700,69077,0.03539823008849563
2022-07-26,12200,12250,11100,11300,210280,-0.03418803418803418
2022-07-27,11350,11800,11300,11450,131656,0.01327433628318575
2022-07-28,11550,11600,11250,11350,31909,-0.008733624454148492
2022-07-29,11400,11400,11200,11250,22593,-0.008810572687224627
2022-08-01,11400,11800,11400,11500,97819,0.022222222222222143
2022-08-02,11500,11500,11200,11450,26899,-0.004347826086956497
2022-08-03,11400,11400,11250,11300,20606,-0.013100436681222738
2022-08-04,11300,11500,11250,11450,23120,0.01327433628318575
2022-08-05,11450,11500,11350,11500,12890,0.004366812227074135
2022-08-08,11500,11500,11300,11400,16130,-0.008695652173912993
2022-08-09,11300,11450,11250,11300,19207,-0.00877192982456143
2022-08-10,11300,11350,11150,11200,30327,-0.008849557522123908
2022-08-11,11200,11350,11200,11250,20394,0.0044642857142858094
2022-08-12,11250,11350,11200,11300,15318,0.004444444444444473
2022-08-16,11300,12250,11250,11700,400252,0.03539823008849563
2022-08-17,11700,11750,11500,11750,57692,0.004273504273504258
2022-08-18,11600,11700,11500,11700,40017,-0.004255319148936176
2022-08-19,11700,11700,11450,11550,32140,-0.012820512820512775
2022-08-22,11400,11450,11250,11350,20696,-0.017316017316017285
2022-08-23,11200,11350,11150,11350,32780,0.0
2022-08-24,11350,11500,11250,11500,20688,0.013215859030837107
2022-08-25,11350,11550,11350,11450,19199,-0.004347826086956497
2022-08-26,11450,11550,11400,11400,4905,-0.004366812227074246
2022-08-29,11100,11350,11100,11300,31741,-0.00877192982456143
2022-08-30,11150,11450,11150,11450,9977,0.01327433628318575
2022-08-31,11350,11450,11250,11350,9847,-0.008733624454148492
2022-09-01,11250,11350,11100,11250,15167,-0.008810572687224627
2022-09-02,11250,11250,11050,11150,13535,-0.008888888888888835
2022-09-05,11250,11250,10850,11000,17091,-0.013452914798206317
2022-09-06,11000,11000,10700,10800,31854,-0.018181818181818188
2022-09-07,10800,10800,10550,10600,21550,-0.01851851851851849
2022-09-08,10650,10800,10600,10800,13162,0.018867924528301883
2022-09-13,10850,11250,10800,11250,17293,0.04166666666666674
2022-09-14,10900,11250,10850,11250,8286,0.0
2022-09-15,11300,11300,11000,11150,7709,-0.008888888888888835
2022-09-16,11000,11300,10900,11300,38293,0.013452914798206317
2022-09-19,11350,11350,10950,11050,23032,-0.02212389380530977
2022-09-20,10950,11350,10950,11350,30245,0.02714932126696823
2022-09-21,11250,12000,11250,11900,81611,0.048458149779735615
2022-09-22,11850,11900,11500,11800,26958,-0.008403361344537785
2022-09-23,11800,12150,11650,11850,44254,0.004237288135593209
2022-09-26,11700,11700,11100,11200,32008,-0.05485232067510548
2022-09-27,11100,11300,11000,11250,19805,0.0044642857142858094
2022-09-28,11300,11300,10700,11200,30270,-0.004444444444444473
2022-09-29,11200,11250,11000,11100,13057,-0.008928571428571397
2022-09-30,10950,11200,10850,11200,9109,0.009009009009008917
2022-10-04,11200,11350,11050,11200,24269,0.0
2022-10-05,11350,11700,11050,11100,31669,-0.008928571428571397
2022-10-06,11100,11500,11050,11450,34143,0.03153153153153143
2022-10-07,11450,11550,11300,11450,20315,0.0
2022-10-11,11250,11300,10850,11000,48753,-0.0393013100436681
2022-10-12,11000,11000,10650,11000,15270,0.0
2022-10-13,11000,11000,10750,11000,13157,0.0
2022-10-14,11000,11150,10900,11100,14445,0.009090909090909038
2022-10-17,11050,11100,10900,11100,6345,0.0
2022-10-18,11150,11200,11100,11150,14405,0.0045045045045044585
2022-10-19,11150,11200,11100,11150,12118,0.0
2022-10-20,11150,11250,11050,11100,17959,-0.004484304932735439
2022-10-21,11150,11150,10950,11100,19467,0.0
2022-10-24,11200,11400,11150,11250,20316,0.013513513513513598
2022-10-25,11250,11300,11000,11000,18139,-0.022222222222222254
2022-10-26,11000,11100,10950,11050,12066,0.00454545454545463
2022-10-27,11050,11150,11000,11150,7862,0.009049773755656076
2022-10-28,11150,11150,11050,11150,8547,0.0
2022-10-31,11150,11200,10850,11000,47131,-0.013452914798206317
2022-11-01,11000,11000,10850,10950,11930,-0.004545454545454519
2022-11-02,10950,11000,10850,10950,15412,0.0
2022-11-03,10950,10950,10750,10800,15073,-0.013698630136986356
2022-11-04,10800,10950,10750,10950,7993,0.01388888888888884
2022-11-07,11000,11000,10850,10900,9087,-0.004566210045662156
2022-11-08,11000,11050,10900,11000,5735,0.00917431192660545
2022-11-09,11000,11100,11000,11100,21379,0.009090909090909038
2022-11-10,11000,11150,10950,10950,19951,-0.013513513513513487
2022-11-11,11100,11750,11050,11550,49073,0.0547945205479452
2022-11-14,11550,11600,11300,11400,12107,-0.012987012987012991
2022-11-15,11400,11500,11300,11500,12174,0.00877192982456143
2022-11-16,11500,11650,11400,11500,12862,0.0
2022-11-17,11650,11650,11300,11500,14771,0.0
2022-11-18,11350,11700,11350,11500,8237,0.0
2022-11-21,11500,11500,11250,11450,6487,-0.004347826086956497
2022-11-22,11300,11450,11250,11400,3243,-0.004366812227074246
2022-11-23,11400,11400,11300,11400,2047,0.0
2022-11-24,11400,11450,11350,11450,12354,0.004385964912280604
2022-11-25,11450,11500,11300,11500,5349,0.004366812227074135
2022-11-28,11500,11550,11300,11500,5198,0.0
2022-11-29,11450,11550,11400,11500,5893,0.0
2022-11-30,11500,11550,11400,11550,8222,0.004347826086956497
2022-12-01,11550,11600,11400,11550,10886,0.0
2022-12-02,11550,11600,11450,11600,8733,0.0043290043290042934
2022-12-05,11600,11700,11450,11700,9050,0.008620689655172376
2022-12-06,11700,11700,11450,11550,6918,-0.012820512820512775
2022-12-07,11550,11550,11400,11500,1854,-0.0043290043290042934
2022-12-08,11400,11500,11300,11500,9743,0.0
2022-12-09,11500,11600,11350,11600,10555,0.008695652173912993
2022-12-12,11600,11600,11450,11600,6770,0.0
2022-12-13,11600,11600,11450,11450,5867,-0.012931034482758674
2022-12-14,11500,11600,11450,11550,6933,0.008733624454148492
2022-12-15,11550,11550,11450,11550,8960,0.0
2022-12-16,11500,11600,11400,11550,12796,0.0
2022-12-19,11550,11700,11450,11650,75359,0.008658008658008587
2022-12-20,11650,11700,11550,11600,10093,-0.0042918454935622075
2022-12-21,11700,11700,11450,11600,12083,0.0
2022-12-22,11600,11650,11500,11600,7917,0.0
2022-12-23,11550,11600,11350,11450,58821,-0.012931034482758674
2022-12-26,11400,11500,11350,11500,29693,0.004366812227074135
2022-12-27,11500,11550,11350,11400,48807,-0.008695652173912993
2022-12-28,11000,11050,10800,10850,30600,-0.04824561403508776
2022-12-29,10850,10900,10500,10850,16661,0.0
2023-01-02,10700,10800,10350,10350,20448,-0.04608294930875578
2023-01-03,10350,10450,10150,10450,16505,0.009661835748792313
2023-01-04,10350,10750,10350,10700,16218,0.02392344497607657
2023-01-05,10750,10850,10600,10800,22750,0.009345794392523255
2023-01-06,11450,11800,10650,10650,185003,-0.01388888888888884
2023-01-09,10700,10850,10650,10800,27407,0.014084507042253502
2023-01-10,10750,10900,10700,10900,26148,0.0092592592592593
2023-01-11,10800,11000,10800,10900,36577,0.0
2023-01-12,10900,10900,10750,10800,16761,-0.00917431192660545
2023-01-13,10850,10850,10700,10800,20949,0.0
2023-01-16,10800,10850,10650,10750,19737,-0.00462962962962965
2023-01-17,10800,10850,10650,10800,13367,0.0046511627906977715
2023-01-18,10800,10800,10650,10800,7875,0.0
2023-01-19,10650,10800,10650,10800,5138,0.0
2023-01-20,10700,10900,10700,10800,10592,0.0
2023-01-25,10800,10830,10740,10830,9258,0.002777777777777768
2023-01-26,10830,10890,10750,10870,8667,0.003693444136657398
2023-01-27,10910,11010,10870,10980,14713,0.010119595216191435
2023-01-30,11050,11050,10800,10990,9119,0.0009107468123861207
2023-01-31,10990,10990,10820,10880,5354,-0.010009099181073733
2023-02-01,10930,10940,10830,10880,3318,0.0
2023-02-02,10940,10990,10890,10990,11554,0.010110294117646967
2023-02-03,10930,11040,10930,11040,9700,0.0045495905368517775
2023-02-06,11040,11040,10920,10990,10796,-0.004528985507246341
2023-02-07,10990,11080,10950,10960,8543,-0.0027297543221109777
2023-02-08,11030,11040,10890,10950,7275,-0.0009124087591241281
2023-02-09,11000,11000,10880,10890,7668,-0.005479452054794498
2023-02-10,10920,10930,10750,10780,7164,-0.010101010101010055
2023-02-13,10780,10870,10730,10820,5719,0.0037105751391466324
2023-02-14,10820,10880,10760,10870,2641,0.004621072088724532
2023-02-15,10880,10880,10750,10750,3751,-0.011039558417663242
2023-02-16,10710,10870,10700,10730,6390,-0.0018604651162790198
2023-02-17,10680,10820,10650,10730,4173,0.0
2023-02-20,10760,10830,10670,10720,8590,-0.0009319664492077884
2023-02-21,10720,10750,10690,10700,4457,-0.001865671641791078
2023-02-22,10700,10740,10660,10730,13580,0.002803738317757043
2023-02-23,10980,11670,10980,11500,228506,0.07176141658900281
2023-02-24,11580,11640,11380,11420,31514,-0.006956521739130417
2023-02-27,11400,11850,11370,11790,95890,0.03239929947460585
2023-02-28,11680,11850,11670,11820,20800,0.0025445292620864812
2023-03-02,11820,11850,11620,11650,27031,-0.014382402707275754
2023-03-03,11650,11900,11650,11810,41548,0.013733905579399242
2023-03-06,11810,11820,11560,11740,11957,-0.005927180355630779
2023-03-07,11540,11770,11530,11770,17606,0.0025553662691653045
2023-03-08,11770,11950,11660,11850,12598,0.00679694137638065
2023-03-09,11850,12080,11770,12060,21355,0.017721518987341867
2023-03-10,12000,12060,11820,11980,16757,-0.0066334991708125735
2023-03-13,11950,11950,11550,11950,15502,-0.0025041736227044975
2023-03-14,12000,12000,11580,11670,14650,-0.023430962343096273
2023-03-15,11670,11810,11650,11650,10553,-0.001713796058269046
2023-03-16,11620,11760,11600,11610,7233,-0.0034334763948498104
2023-03-17,11650,11800,11630,11780,8364,0.014642549526270532
2023-03-20,11790,11900,11710,11880,10803,0.008488964346349714
2023-03-21,11930,11930,11700,11900,9819,0.0016835016835017313
2023-03-22,11900,11950,11700,11920,10951,0.001680672268907557
2023-03-23,11910,11920,11700,11870,9697,-0.004194630872483174
2023-03-24,11870,11900,11730,11850,10353,-0.0016849199663016012
2023-03-27,11850,11900,11660,11870,15148,0.0016877637130801038
2023-03-28,11850,11850,11660,11850,15072,-0.0016849199663016012
2023-03-29,11850,11850,11710,11780,7682,-0.005907172995780585
2023-03-30,11780,11950,11770,11770,4844,-0.000848896434634927
2023-03-31,11770,11910,11710,11840,7218,0.005947323704333041
2023-04-03,11840,11840,11720,11800,8030,-0.0033783783783783994
2023-04-04,11730,11860,11700,11740,8045,-0.005084745762711895
2023-04-05,11740,11770,11600,11630,18685,-0.009369676320272524
2023-04-06,11600,11630,11390,11490,9122,-0.012037833190025826
2023-04-07,11590,11590,11200,11440,34518,-0.00435161009573537
2023-04-10,11440,11440,11210,11300,11355,-0.012237762237762184
2023-04-11,11300,11300,11100,11270,13700,-0.0026548672566372167
2023-04-12,11230,11340,11190,11300,10275,0.002661934338952898
2023-04-13,11340,11340,11240,11320,6719,0.001769911504424737
2023-04-14,11220,11600,11220,11510,13435,0.016784452296819685
2023-04-17,11600,11600,11470,11520,6618,0.0008688097306690512
2023-04-18,11560,11800,11520,11700,9893,0.015625
2023-04-19,11700,11790,11600,11690,10021,-0.0008547008547008517
2023-04-20,11690,11690,11560,11660,8440,-0.0025662959794696683
2023-04-21,11660,11660,11390,11560,9642,-0.00857632933104635
2023-04-24,11560,11560,11410,11490,4059,-0.006055363321799345
2023-04-25,11410,11530,11380,11430,6124,-0.005221932114882533
2023-04-26,11430,11460,11330,11410,5666,-0.0017497812773403787
2023-04-27,11320,11400,11260,11360,5238,-0.004382120946538115
2023-04-28,11440,11540,11260,11440,5286,0.007042253521126751
2023-05-02,11440,11490,11380,11490,5528,0.004370629370629375
2023-05-03,11370,11560,11370,11500,7104,0.0008703220191470518
2023-05-04,11480,11740,11390,11720,15715,0.019130434782608674
2023-05-08,11720,11800,11670,11770,18903,0.00426621160409546
2023-05-09,11800,11800,11640,11770,10450,0.0
2023-05-10,11770,11820,11650,11740,52533,-0.002548853016142716
2023-05-11,11740,11830,11740,11790,75586,0.004258943781942026
2023-05-12,11790,11870,11720,11870,52455,0.006785411365564098
2023-05-15,11870,12070,11870,11950,85268,0.006739679865206405
2023-05-16,11940,11990,11700,11850,56111,-0.008368200836820106
2023-05-17,11860,11860,11490,11660,33507,-0.016033755274261652
2023-05-18,11660,11660,11470,11540,11589,-0.010291595197255532
2023-05-19,11530,11550,11460,11500,9024,-0.0034662045060658286
2023-05-22,11530,11700,11470,11700,10290,0.017391304347825987
2023-05-23,11700,11790,11660,11760,8823,0.00512820512820511
2023-05-24,11680,11830,11680,11790,10077,0.0025510204081633514
2023-05-25,11840,11840,11580,11600,10584,-0.016115351993214566
2023-05-26,11600,11650,11530,11560,4319,-0.0034482758620689724
2023-05-30,11560,11560,11480,11520,6416,-0.0034602076124568004
2023-05-31,11520,11520,11320,11390,21890,-0.01128472222222221
2023-06-01,11390,11560,11360,11410,8400,0.0017559262510975504
2023-06-02,11420,11460,11300,11320,16200,-0.007887817703768674
2023-06-05,11350,11380,11280,11320,11718,0.0
2023-06-07,11360,11410,11350,11400,9924,0.007067137809187329
2023-06-08,11400,11410,11350,11400,7769,0.0
2023-06-09,11410,11440,11380,11420,6221,0.0017543859649122862
2023-06-12,11420,11430,11320,11370,5701,-0.004378283712784592
2023-06-13,11370,11450,11350,11350,9520,-0.0017590149516271136
2023-06-14,11350,11360,11200,11230,10044,-0.010572687224669641
2023-06-15,11230,11250,11040,11120,14847,-0.009795191451469232
2023-06-16,11120,11160,11090,11140,6540,0.0017985611510791255
2023-06-19,11140,11350,11140,11340,8815,0.01795332136445249
2023-06-20,11340,11340,11190,11200,10120,-0.012345679012345734
2023-06-21,11200,11700,11110,11340,74442,0.012499999999999956
2023-06-22,11260,11840,11200,11200,111564,-0.012345679012345734
2023-06-23,11290,11290,10910,10980,31878,-0.019642857142857184
2023-06-26,10980,11200,10860,11060,11223,0.007285974499089187
2023-06-27,11060,11130,10950,11000,11918,-0.005424954792043413
2023-06-28,10990,11150,10980,11020,12913,0.0018181818181817189
2023-06-29,10950,10950,10500,10640,44208,-0.03448275862068961
2023-06-30,10750,10760,10630,10710,15268,0.006578947368421018
2023-07-03,10710,11070,10710,11070,15426,0.03361344537815136
2023-07-04,11100,11250,10940,11000,9859,-0.006323396567298967
2023-07-05,10990,11150,10900,11000,6411,0.0
2023-07-06,11000,11050,10750,10800,8753,-0.018181818181818188
2023-07-07,10800,10800,10500,10730,36552,-0.0064814814814815325
2023-07-10,10730,10730,10660,10730,4730,0.0
2023-07-11,10720,10810,10610,10660,13844,-0.006523765144454852
2023-07-12,10720,10950,10650,10650,9525,-0.0009380863039399889
2023-07-13,10680,10870,10660,10700,6871,0.0046948356807512415
2023-07-14,10700,10830,10700,10760,6564,0.005607476635514086
2023-07-17,10760,10870,10750,10790,9188,0.0027881040892192566
2023-07-18,10870,10870,10730,10760,5939,-0.002780352177942591
2023-07-19,10760,10760,10670,10720,9957,-0.0037174721189591198
2023-07-20,10710,10710,10600,10650,10863,-0.006529850746268662
2023-07-21,10590,10630,10530,10620,11311,-0.0028169014084507005
2023-07-24,10510,10610,10280,10300,30991,-0.030131826741996215
2023-07-25,10270,10300,10050,10090,19559,-0.020388349514563142
2023-07-26,10080,10090,9830,9930,35980,-0.015857284440039643
2023-07-27,9930,10300,9930,10300,8525,0.03726082578046319
2023-07-28,10300,10300,10170,10250,6114,-0.004854368932038833
2023-07-31,10290,10300,10160,10280,6096,0.0029268292682926855
2023-08-01,10320,10330,10220,10300,9008,0.0019455252918287869
2023-08-02,10340,10350,10250,10280,8875,-0.001941747572815511
2023-08-03,10280,10280,10180,10210,5064,-0.006809338521400754
2023-08-04,10210,10270,10160,10170,7534,-0.003917727717923647
2023-08-07,10170,10220,10160,10180,7295,0.000983284169124854
2023-08-08,10180,10350,10150,10240,14322,0.005893909626718985
2023-08-09,10200,10250,10180,10240,7008,0.0
2023-08-10,10230,10280,10200,10280,11933,0.00390625
2023-08-11,10280,10380,10280,10370,10037,0.008754863813229541
2023-08-14,10370,10370,10240,10320,8619,-0.004821600771456103
2023-08-16,10320,10320,10180,10240,16443,-0.007751937984496138
2023-08-17,10240,10320,10110,10220,6642,-0.001953125
2023-08-18,10220,10220,10140,10200,5562,-0.00195694716242667
2023-08-21,10200,10250,10140,10250,5210,0.004901960784313708
2023-08-22,10350,10350,10220,10270,6877,0.0019512195121951237
2023-08-23,10270,10270,10210,10250,6102,-0.0019474196689386325
2023-08-24,10250,10320,10190,10240,9370,-0.0009756097560975618
2023-08-25,10240,10440,10230,10410,11599,0.0166015625
2023-08-28,10400,10450,10290,10400,13941,-0.0009606147934678733
2023-08-29,10400,10950,10350,10420,49251,0.0019230769230769162
2023-08-30,10400,10470,10400,10450,9250,0.0028790786948176272
2023-08-31,10450,10590,10420,10570,7658,0.011483253588516762
2023-09-01,10600,10640,10540,10580,9442,0.0009460737937558861
2023-09-04,10580,10600,10510,10560,8326,-0.001890359168241984
2023-09-05,10560,10650,10500,10530,5808,-0.0028409090909090606
2023-09-06,10540,10620,10470,10550,8543,0.0018993352326686086
2023-09-07,10550,10600,10470,10520,5398,-0.0028436018957346265
2023-09-08,10510,10650,10510,10630,9843,0.010456273764258617
2023-09-11,10630,10690,10520,10620,8870,-0.0009407337723423836
2023-09-12,10630,10750,10630,10730,7298,0.010357815442561202
2023-09-13,10730,10800,10700,10760,9221,0.002795899347623587
2023-09-14,10730,10810,10700,10810,7850,0.004646840148698983
2023-09-15,10820,11010,10820,11000,18931,0.01757631822386685
2023-09-18,11000,11020,10900,10980,7002,-0.0018181818181818299
2023-09-19,10980,10980,10700,10780,16486,-0.01821493624772308
2023-09-20,10780,10860,10710,10830,4745,0.004638218923933124
2023-09-21,10830,10900,10670,10800,12449,-0.0027700831024930483
2023-09-22,10700,10780,10690,10690,5720,-0.010185185185185186
2023-09-25,10650,10740,10600,10670,8247,-0.00187090739008422
2023-09-26,10710,10800,10550,10580,6883,-0.008434864104967188
2023-09-27,10510,10640,10500,10510,9438,-0.006616257088846833
2023-10-04,10500,10560,10400,10510,8421,0.0
2023-10-05,10500,10590,10400,10490,9646,-0.0019029495718363432
2023-10-06,10490,10590,10490,10590,2846,0.009532888465205058
2023-10-10,10590,10740,10590,10700,9740,0.010387157695939564
2023-10-11,10850,10850,10700,10790,12789,0.008411214953271129
2023-10-12,10780,10900,10720,10900,5451,0.010194624652456019
2023-10-13,10900,10910,10840,10910,8034,0.0009174311926605228
2023-10-16,10920,11200,10920,11180,19749,0.024747937671860676
2023-10-17,11200,11220,10730,11010,15861,-0.015205724508050134
2023-10-18,11010,11010,10860,10930,7566,-0.0072661217075385975
2023-10-19,10930,11000,10900,10900,11123,-0.0027447392497712553
2023-10-20,11250,11250,10840,10890,16687,-0.0009174311926605228
2023-10-23,10920,11020,10890,10980,72675,0.008264462809917328
2023-10-24,11000,11020,10890,10930,12007,-0.004553734061930825
2023-10-25,10990,11070,10960,11030,57326,0.009149130832570851
2023-10-26,11030,11060,10960,11010,7962,-0.0018132366273798661
2023-10-27,11200,11540,10900,10930,44585,-0.0072661217075385975
2023-10-30,10830,10950,10800,10830,13155,-0.009149130832570851
2023-10-31,10830,10990,10830,10860,7315,0.0027700831024930483
2023-11-01,10860,10990,10860,10960,4236,0.009208103130755152
2023-11-02,10880,11070,10880,11010,6187,0.0045620437956204185
2023-11-03,11080,11200,11010,11120,13817,0.009990917347865613
2023-11-06,11230,11230,11020,11040,12520,-0.007194244604316502
2023-11-07,11040,11120,11010,11070,7587,0.0027173913043478937
2023-11-08,11100,11110,11060,11080,9294,0.0009033423667570428
2023-11-09,11080,11210,11060,11210,10266,0.011732851985559511
2023-11-10,11210,11220,11110,11180,8139,-0.00267618198037467
2023-11-13,11230,11230,11000,11060,14655,-0.01073345259391767
2023-11-14,11060,11200,10990,11180,8913,0.010849909584086825
2023-11-15,11250,11250,11110,11190,10525,0.0008944543828264262
2023-11-16,11210,11230,11130,11160,10364,-0.002680965147453085
2023-11-17,11180,11220,11150,11210,11347,0.0044802867383513245
2023-11-20,11250,11330,11170,11310,13385,0.008920606601248826
2023-11-21,11310,11540,11250,11310,18064,0.0
2023-11-22,11310,11440,11300,11390,10252,0.007073386383731117
2023-11-23,11390,11460,11370,11400,9883,0.0008779631255486642
2023-11-24,11400,11450,11360,11370,9639,-0.0026315789473684292
2023-11-27,11370,11410,11290,11380,11289,0.0008795074758134458
2023-11-28,11380,11390,11320,11350,6018,-0.002636203866432374
2023-11-29,11350,11390,11300,11370,7625,0.0017621145374449032
2023-11-30,11360,11360,11260,11270,8389,-0.008795074758135457
2023-12-01,11280,11280,11210,11270,6612,0.0
2023-12-04,11480,11480,11350,11380,12143,0.00976042590949433
2023-12-05,11420,11420,11310,11350,12084,-0.002636203866432374
2023-12-06,11250,11350,11240,11340,10264,-0.0008810572687224516
2023-12-07,11310,11390,11240,11390,15000,0.0044091710758378255
2023-12-08,11450,11450,11200,11420,17114,0.0026338893766462146
2023-12-11,11420,11440,11330,11360,9152,-0.005253940455341555
2023-12-12,11360,11400,11340,11360,9246,0.0
2023-12-13,11420,11430,11350,11390,9438,0.002640845070422504
2023-12-14,11440,11440,11360,11400,26348,0.0008779631255486642
2023-12-15,11400,11420,11370,11400,10847,0.0
2023-12-18,11400,11500,11370,11430,16124,0.002631578947368318
2023-12-19,11430,11550,11410,11450,22195,0.0017497812773403787
2023-12-20,11440,11570,11440,11520,32712,0.006113537117903967
2023-12-21,11520,11610,11490,11550,13943,0.0026041666666667407
2023-12-22,11540,11620,11480,11600,32478,0.0043290043290042934
2023-12-26,11610,11840,11590,11750,101866,0.012931034482758674
2023-12-27,10990,11170,10910,11010,58888,-0.06297872340425537
2023-12-28,11010,11010,10850,10890,31524,-0.010899182561307952
2024-01-02,10890,10910,10750,10830,16902,-0.0055096418732781816
2024-01-03,10890,10890,10760,10840,15249,0.0009233610341643494
2024-01-04,10840,10840,10690,10700,14576,-0.01291512915129156
2024-01-05,10700,10800,10640,10770,7504,0.006542056074766434
2024-01-08,10800,10800,10700,10780,3664,0.0009285051067779992
2024-01-09,10780,10800,10700,10720,8659,-0.005565862708719838
2024-01-10,10720,10750,10560,10580,27256,-0.013059701492537323
2024-01-11,10640,10640,10530,10560,14227,-0.001890359168241984
2024-01-12,10630,10670,10580,10620,12792,0.005681818181818121
2024-01-15,10500,10640,10480,10560,9147,-0.005649717514124242
2024-01-16,10560,10600,10510,10520,5617,-0.0037878787878787845
2024-01-17,10620,10660,10480,10510,11877,-0.0009505703422053591
2024-01-18,10560,10700,10510,10700,18922,0.01807802093244537
2024-01-19,10740,10800,10630,10630,6822,-0.0065420560747663226
2024-01-22,10710,10710,10530,10560,8767,-0.006585136406397019
2024-01-23,10560,10580,10500,10560,4836,0.0
2024-01-24,10570,10740,10540,10540,12925,-0.0018939393939394478
2024-01-25,10590,10650,10540,10540,3191,0.0
2024-01-26,10580,10680,10540,10630,4783,0.008538899430740043
2024-01-29,10660,10740,10580,10680,10139,0.00470366886171214
2024-01-30,10680,10780,10660,10750,16914,0.0065543071161049404
2024-01-31,10720,10750,10650,10730,10722,-0.0018604651162790198
2024-02-01,10790,10990,10720,10990,38201,0.024231127679403608
2024-02-02,11030,11100,10780,11100,29936,0.010009099181073733
2024-02-05,11100,11200,11000,11190,24445,0.008108108108108025
2024-02-06,11250,11590,11120,11380,128485,0.016979445933869464
2024-02-07,11650,11660,11110,11220,38653,-0.01405975395430581
