Date,Open,High,Low,Close,Volume,Change
2022-01-03,6497,6616,6377,6426,77841,-0.011080332409972304
2022-01-04,6424,6424,6305,6378,80407,-0.007469654528478031
2022-01-05,6353,6353,6163,6259,114234,-0.018657886484791497
2022-01-06,6162,6329,6162,6163,85722,-0.015337913404697257
2022-01-07,6162,6257,6139,6163,101588,0.0
2022-01-10,6162,6210,6019,6020,87862,-0.023202985558981037
2022-01-11,6042,6114,5923,6091,83070,0.011794019933554889
2022-01-12,6138,6186,6043,6044,70858,-0.0077163027417501695
2022-01-13,6043,6067,5900,5949,65007,-0.01571806750496363
2022-01-14,5876,5948,5590,5638,253167,-0.052277693730038655
2022-01-17,5638,5661,5447,5495,109532,-0.025363604114934324
2022-01-18,5541,5541,5255,5303,152886,-0.034940855323020936
2022-01-19,5255,5350,5135,5351,120321,0.00905148029417302
2022-01-20,5350,5565,5278,5566,51370,0.04017940571855738
2022-01-21,5565,5613,5446,5566,40359,0.0
2022-01-24,5517,5517,5255,5279,61327,-0.051563061444484415
2022-01-25,5303,5326,5088,5160,56925,-0.022542148134116258
2022-01-26,5159,5422,5135,5184,96782,0.0046511627906977715
2022-01-27,5278,5350,5063,5064,102680,-0.02314814814814814
2022-01-28,5087,5326,5063,5279,57736,0.0424565560821486
2022-02-03,5303,5517,5303,5399,133829,0.022731577950369397
2022-02-04,5327,5566,5327,5495,47246,0.01778107056862388
2022-02-07,5589,5899,5493,5733,213135,0.043312101910828016
2022-02-08,5732,5780,5541,5733,31455,0.0
2022-02-09,5731,5755,5636,5709,36355,-0.004186289900575568
2022-02-10,5755,5755,5589,5685,29093,-0.004203888596952199
2022-02-11,5685,5709,5471,5495,61364,-0.033421284080914715
2022-02-14,5445,5469,5302,5351,46133,-0.026205641492265674
2022-02-15,5279,5469,5255,5279,29350,-0.013455428891795962
2022-02-16,5375,5590,5351,5471,60576,0.03637052472059099
2022-02-17,5564,6233,5541,5709,783685,0.04350210199232318
2022-02-18,5709,6115,5661,5949,330478,0.042038885969521766
2022-02-21,6019,6425,5900,6283,312044,0.056143889729366236
2022-02-22,6163,6306,5995,6283,161392,0.0
2022-02-23,6186,6282,5948,5996,170939,-0.045678815852299826
2022-02-24,5899,5995,5708,5853,111748,-0.023849232821881228
2022-02-25,5876,5995,5828,5972,53798,0.02033145395523661
2022-02-28,5851,6042,5828,5924,48252,-0.008037508372404578
2022-03-02,5828,6043,5804,5996,44726,0.012153950033761074
2022-03-03,5995,6162,5947,6139,62624,0.02384923282188134
2022-03-04,6139,6163,5996,6116,13449,-0.003746538524189602
2022-03-07,6067,6091,5852,5877,38450,-0.03907782864617393
2022-03-08,5829,6043,5781,5949,77947,0.012251148545176171
2022-03-10,5923,6018,5875,5924,26967,-0.004202386955790893
2022-03-11,5947,6066,5875,5900,25773,-0.004051316677920358
2022-03-14,5851,5922,5660,5685,73917,-0.03644067796610173
2022-03-15,5708,5780,5589,5709,53310,0.004221635883905117
2022-03-16,5732,5780,5684,5757,37233,0.008407777193904398
2022-03-17,5780,5827,5660,5709,263126,-0.008337675872850392
2022-03-18,5707,5755,5636,5685,79411,-0.004203888596952199
2022-03-21,5684,5731,5636,5685,34409,0.0
2022-03-22,5684,5780,5661,5757,46984,0.01266490765171513
2022-03-23,5828,6807,5780,6020,2777113,0.04568351571999307
2022-03-24,6020,6163,5948,6116,299399,0.015946843853820614
2022-03-25,6114,6161,5994,6067,161529,-0.00801177240026163
2022-03-28,6234,6282,6115,6235,206955,0.027690786220537333
2022-03-29,6234,6234,6090,6163,136942,-0.011547714514835605
2022-03-30,6138,6209,6018,6067,131091,-0.015576829466169118
2022-03-31,6066,6186,6019,6187,108452,0.019779133014669492
2022-04-01,6186,6305,6043,6211,111080,0.003879101341522473
2022-04-04,6282,6400,6162,6378,142189,0.026887779745612628
2022-04-05,6497,6688,6425,6617,509653,0.03747256193164006
2022-04-06,6592,6735,6521,6617,293197,0.0
2022-04-07,6641,6688,6497,6641,205968,0.0036270213087501446
2022-04-08,6664,6926,6472,6760,430208,0.017918988104201228
2022-04-11,6736,6736,6425,6498,213635,-0.03875739644970411
2022-04-12,6448,6807,6353,6736,144101,0.036626654355186306
2022-04-13,6711,7237,6664,7071,712444,0.04973277909738716
2022-04-14,7023,7142,6880,6976,188924,-0.013435157686324417
2022-04-15,6974,7118,6902,7047,98903,0.01017775229357798
2022-04-18,7069,7093,6735,6736,142098,-0.04413225486022421
2022-04-19,6735,6926,6640,6880,153039,0.0213776722090262
2022-04-20,6807,6878,6711,6736,38546,-0.020930232558139528
2022-04-21,6759,6831,6617,6617,46754,-0.01766627078384797
2022-04-22,6592,6735,6449,6641,112415,0.0036270213087501446
2022-04-25,6568,6568,6354,6474,101921,-0.025146815238668907
2022-04-26,6424,6520,6114,6354,504742,-0.01853568118628357
2022-04-27,6162,6473,6090,6402,141599,0.007554296506137925
2022-04-28,6401,6496,6329,6402,90422,0.0
2022-04-29,6400,6472,6305,6354,56109,-0.007497656982193068
2022-05-02,6282,6306,6163,6283,69411,-0.011174063581995575
2022-05-03,6306,6306,6163,6283,73041,0.0
2022-05-04,6258,6401,6163,6283,123379,0.0
2022-05-06,6282,6282,6090,6139,49816,-0.022918987744707908
2022-05-09,6091,6307,5876,5949,242401,-0.030949666069392423
2022-05-10,5780,5827,5517,5661,116029,-0.04841149773071107
2022-05-11,5755,5803,5540,5685,74243,0.004239533651298366
2022-05-12,5565,5684,5278,5351,170155,-0.05875109938434475
2022-05-13,5397,5684,5397,5518,172678,0.031209119790693407
2022-05-16,5614,5828,5446,5638,165404,0.021747009786154514
2022-05-17,5636,6639,5445,5518,1289822,-0.021284143313231696
2022-05-18,5566,5614,5375,5495,161386,-0.004168176875679608
2022-05-19,5350,5923,5327,5423,988173,-0.013102820746132893
2022-05-20,5470,5565,5423,5447,124765,0.004425594689286383
2022-05-23,5542,5829,5471,5471,434354,0.004406095098219209
2022-05-24,5493,5517,5302,5375,156114,-0.017547066349844598
2022-05-25,5397,5397,5279,5375,137436,0.0
2022-05-26,5374,5398,5231,5256,104036,-0.02213953488372089
2022-05-27,5278,5373,5255,5351,65166,0.018074581430745917
2022-05-30,5350,5470,5303,5399,113626,0.008970285927863975
2022-05-31,5422,5422,5303,5399,105096,0.0
2022-06-02,5374,5374,5255,5303,90373,-0.01778107056862377
2022-06-03,5327,5398,5279,5327,109920,0.004525740147086621
2022-06-07,5325,5325,5158,5207,112191,-0.02252675051623798
2022-06-08,5206,5255,5111,5184,59441,-0.004417130785481116
2022-06-09,5183,5183,5063,5112,61607,-0.01388888888888884
2022-06-10,5110,5134,4967,5016,94262,-0.018779342723004744
2022-06-13,4896,4944,4767,4768,140826,-0.04944178628389151
2022-06-14,4633,4762,4533,4596,126135,-0.036073825503355694
2022-06-15,4647,4647,4408,4409,106962,-0.04068755439512617
2022-06-16,4451,4547,4356,4524,173432,0.02608301202086638
2022-06-17,4356,4490,4332,4491,74799,-0.007294429708222805
2022-06-20,4461,4801,4461,4534,146728,0.009574704965486625
2022-06-21,4510,4677,4510,4649,77747,0.025363917071018927
2022-06-22,4624,4748,4581,4601,69558,-0.010324801032480124
2022-06-23,4571,4614,4352,4352,89029,-0.05411866985437952
2022-06-24,4351,4571,4351,4538,82233,0.04273897058823528
2022-06-27,4543,4667,4543,4649,59304,0.024460114587924187
2022-06-28,4609,4704,4518,4538,62753,-0.023876102387610287
2022-06-29,4519,4672,4490,4625,42936,0.019171441163508218
2022-06-30,4643,4643,4524,4549,42360,-0.01643243243243242
2022-07-01,4519,4586,4208,4405,97090,-0.03165530885908996
2022-07-04,4381,4638,4203,4276,233211,-0.0292849035187287
2022-07-05,4237,4438,4237,4429,33675,0.03578110383536015
2022-07-06,4456,4542,4351,4438,57895,0.002032061413411501
2022-07-07,4423,4824,4423,4682,274568,0.05497972059486256
2022-07-08,4657,4748,4590,4591,97660,-0.01943613840239211
2022-07-11,4676,4738,4580,4720,54869,0.028098453495970288
2022-07-12,4720,5016,4658,4969,207459,0.05275423728813555
2022-07-13,4968,4992,4849,4945,70438,-0.004829945663111235
2022-07-14,4920,5038,4848,5016,57963,0.01435793731041457
2022-07-15,5015,5063,4896,4992,60133,-0.004784688995215336
2022-07-18,4992,5135,4992,5088,59737,0.019230769230769162
2022-07-19,5063,5135,5039,5064,44877,-0.004716981132075526
2022-07-20,5207,5230,5112,5136,147210,0.014218009478673022
2022-07-21,5160,5160,5088,5160,38203,0.004672897196261738
2022-07-22,5158,5158,5039,5064,50261,-0.018604651162790753
2022-07-25,5063,5088,4921,4969,38040,-0.01875987361769349
2022-07-26,4967,5087,4895,5016,47772,0.009458643590259719
2022-07-27,5016,5279,5016,5256,113412,0.04784688995215314
2022-07-28,5256,5303,5183,5256,39557,0.0
2022-07-29,5278,5349,5206,5207,59165,-0.009322678843226795
2022-08-01,5207,5279,5183,5256,25452,0.00941040906472046
2022-08-02,5254,5254,5158,5207,46333,-0.009322678843226795
2022-08-03,5230,6497,5183,5566,6000767,0.06894565008642206
2022-08-04,5565,5613,5422,5566,481336,0.0
2022-08-05,5637,5732,5541,5566,392677,0.0
2022-08-08,5589,5613,5517,5566,132555,0.0
2022-08-09,5541,5613,5517,5566,120104,0.0
2022-08-10,5565,5685,5541,5614,109951,0.008623787279913753
2022-08-11,5613,5732,5589,5661,132738,0.008371927324545725
2022-08-12,5661,5732,5638,5638,84813,-0.004062886415827638
2022-08-16,5637,5685,5423,5471,170353,-0.029620432777580752
2022-08-17,5495,5949,5327,5495,889801,0.004386766587461066
2022-08-18,5541,5756,5374,5614,302031,0.021656050955414008
2022-08-19,5661,5661,5471,5471,85536,-0.02547203420021371
2022-08-22,5398,5422,5136,5136,111648,-0.061231950283311964
2022-08-23,5112,5255,5063,5112,75771,-0.004672897196261627
2022-08-24,5110,5206,4943,5016,76814,-0.018779342723004744
2022-08-25,5016,5159,5016,5112,30236,0.019138755980861344
2022-08-26,5159,5159,4921,4945,83796,-0.03266823161189358
2022-08-29,4767,4824,4728,4763,60309,-0.036804853387259806
2022-08-30,4771,4871,4771,4849,28346,0.018055847155154403
2022-08-31,4848,4895,4800,4873,36143,0.004949474118374875
2022-09-01,4825,4896,4763,4802,57348,-0.014570080032833999
2022-09-02,4825,4825,4663,4687,78878,-0.02394835485214497
2022-09-05,4733,4733,4594,4605,41192,-0.017495199487945423
2022-09-06,4590,4652,4590,4610,33336,0.0010857763300760048
2022-09-07,4680,4680,4380,4481,55845,-0.027982646420824264
2022-09-08,4509,4542,4446,4481,23552,0.0
2022-09-13,4590,4590,4499,4577,33527,0.021423789332738252
2022-09-14,4489,4580,4432,4543,25371,-0.0074284465807297195
2022-09-15,4533,4609,4513,4519,28838,-0.005282852740479904
2022-09-16,4519,4542,4442,4519,27284,0.0
2022-09-19,4476,4481,4290,4305,96155,-0.04735560964815222
2022-09-20,4328,4352,4318,4343,18064,0.008826945412311327
2022-09-21,4337,4337,4269,4285,25324,-0.013354823854478504
2022-09-22,4279,4279,4103,4161,74690,-0.02893815635939323
2022-09-23,4107,4145,3911,3922,159456,-0.057438115837539105
2022-09-26,3873,3912,3606,3683,194761,-0.06093829678735341
2022-09-27,3591,3705,3505,3587,163744,-0.0260657073038284
2022-09-28,3549,3692,3334,3402,214621,-0.05157513242263734
2022-09-29,3486,3563,3429,3511,134725,0.03203997648442103
2022-09-30,3534,3544,3405,3492,66372,-0.005411563657077734
2022-10-04,3558,3582,3462,3568,70844,0.021764032073310347
2022-10-05,3582,3639,3439,3564,106723,-0.0011210762331838042
2022-10-06,3562,3668,3524,3664,260019,0.02805836139169471
2022-10-07,3649,3663,3539,3545,39802,-0.032478165938864656
2022-10-11,3411,3454,3358,3378,109822,-0.04710860366713676
2022-10-12,3367,3511,3367,3502,51852,0.03670811130846663
2022-10-13,3443,3510,3357,3373,66828,-0.036836093660765235
2022-10-14,3486,3510,3434,3492,35877,0.03528016602431072
2022-10-17,3442,3605,3409,3549,47372,0.01632302405498276
2022-10-18,3577,3668,3530,3626,105896,0.021696252465483346
2022-10-19,3624,3692,3534,3535,123424,-0.025096525096525046
2022-10-20,3544,3572,3453,3511,27204,-0.006789250353606779
2022-10-21,3467,3510,3381,3420,76528,-0.02591854172600394
2022-10-24,3443,3515,3443,3487,37266,0.019590643274853825
2022-10-25,3500,3557,3462,3520,61869,0.009463722397476282
2022-10-26,3486,3572,3462,3535,92704,0.0042613636363635354
2022-10-27,3533,3582,3505,3549,54527,0.003960396039603964
2022-10-28,3549,3577,3496,3497,53751,-0.0146520146520146
2022-10-31,3520,3549,3496,3545,33080,0.013726050900772169
2022-11-01,3544,3649,3534,3607,109022,0.017489421720733533
2022-11-02,3606,3830,3606,3707,273519,0.027723870252287286
2022-11-03,3654,3755,3602,3727,89691,0.005395198273536517
2022-11-04,3683,3726,3607,3698,36110,-0.007781057150523241
2022-11-07,3702,3754,3674,3698,75495,0.0
2022-11-08,3691,3806,3691,3769,139380,0.01919956733369399
2022-11-09,3749,3840,3749,3807,45151,0.010082249933669463
2022-11-10,3791,3830,3720,3745,86539,-0.016285789335434675
2022-11-11,3802,3850,3764,3803,117193,0.015487316421895825
2022-11-14,3816,3902,3812,3836,53257,0.008677359978964017
2022-11-15,3826,3826,3540,3765,223290,-0.018508863399374298
2022-11-16,3783,3850,3697,3736,75362,-0.007702523240371795
2022-11-17,3759,3803,3683,3722,33478,-0.0037473233404711204
2022-11-18,3721,3764,3697,3727,22235,0.0013433637829123324
2022-11-21,3715,3749,3601,3626,41974,-0.027099543869063547
2022-11-22,3629,3629,3558,3573,38791,-0.014616657473800365
2022-11-23,3577,3620,3572,3616,26036,0.012034704729918744
2022-11-24,3631,3798,3631,3727,71434,0.030696902654867353
2022-11-25,3749,3749,3677,3693,26245,-0.009122618728199638
2022-11-28,3726,3726,3563,3607,61969,-0.023287300297860858
2022-11-29,3558,3712,3558,3712,26353,0.02911006376490155
2022-11-30,3721,3788,3630,3636,59031,-0.020474137931034475
2022-12-01,3658,3691,3624,3678,99777,0.011551155115511635
2022-12-02,3677,3711,3653,3678,63053,0.0
2022-12-05,3677,3730,3663,3683,44520,0.0013594344752583254
2022-12-06,3662,3767,3586,3587,325345,-0.0260657073038284
2022-12-07,3586,3606,3534,3592,47099,0.0013939224979091502
2022-12-08,3592,3607,3487,3531,75248,-0.016982182628062392
2022-12-09,3529,3592,3468,3583,114004,0.014726706315491445
2022-12-12,3576,3620,3562,3587,29168,0.0011163829193412411
2022-12-13,3620,3620,3586,3602,20838,0.004181767493727451
2022-12-14,3582,3674,3582,3674,51654,0.019988895058300926
2022-12-15,3673,3777,3644,3664,138868,-0.0027218290691344293
2022-12-16,3686,3840,3662,3807,181958,0.03902838427947608
2022-12-19,3774,3802,3721,3760,86373,-0.012345679012345734
2022-12-20,3760,3760,3563,3598,114387,-0.04308510638297869
2022-12-21,3626,3654,3583,3598,47540,0.0
2022-12-22,3605,3744,3605,3740,85489,0.0394663702056699
2022-12-23,3702,3702,3630,3636,56985,-0.027807486631016065
2022-12-26,3597,3683,3597,3631,58984,-0.001375137513751401
2022-12-27,3673,3727,3631,3727,68716,0.026438997521343932
2022-12-28,3800,3800,3627,3707,82531,-0.005366246310705702
2022-12-29,3660,3690,3517,3567,103664,-0.03776638791475584
2023-01-02,3547,3558,3463,3474,86051,-0.026072329688814122
2023-01-03,3498,3498,3433,3449,49724,-0.007196315486470928
2023-01-04,3448,3573,3418,3573,25916,0.035952449985503065
2023-01-05,3572,3607,3523,3523,26087,-0.013993842709207893
2023-01-06,3523,3563,3498,3563,26908,0.011353959693443105
2023-01-09,3562,3632,3553,3573,114628,0.002806623631770977
2023-01-10,3572,3592,3507,3538,42538,-0.009795689896445525
2023-01-11,3537,3626,3537,3607,68837,0.019502543810062223
2023-01-12,3626,3631,3552,3592,53610,-0.004158580537843126
2023-01-13,3592,3646,3592,3637,63722,0.01252783964365256
2023-01-16,3651,4529,3651,4034,12268626,0.10915589771789946
2023-01-17,4038,4048,3978,3989,662769,-0.01115518096182444
2023-01-18,3979,4177,3949,4064,992250,0.018801704687891663
2023-01-19,4044,4143,3999,4089,416524,0.00615157480314954
2023-01-20,4078,4167,4048,4158,296369,0.01687454145267786
2023-01-25,4217,4317,4073,4317,568521,0.038239538239538184
2023-01-26,4326,4340,4217,4267,282110,-0.0115821172110262
2023-01-27,4296,4355,4226,4242,210944,-0.005858917272088093
2023-01-30,4267,4267,4133,4188,168811,-0.012729844413012725
2023-01-31,4142,4147,4078,4118,142677,-0.016714422158548237
2023-02-01,4122,4142,4013,4118,136797,0.0
2023-02-02,4123,4162,4098,4143,113949,0.00607090820786782
2023-02-03,4153,4153,4093,4129,79395,-0.0033791938209026817
2023-02-06,4088,4188,4048,4188,76585,0.014289174134172855
2023-02-07,4187,4291,4123,4193,257358,0.0011938872970391756
2023-02-08,4163,4237,4163,4213,86147,0.004769854519437233
2023-02-09,4178,4227,4173,4218,81195,0.0011868027533823433
2023-02-10,4216,4216,4118,4143,104989,-0.01778093883357046
2023-02-13,4118,4122,4023,4118,73674,-0.006034274680183471
2023-02-14,4142,4152,4102,4133,58500,0.0036425449247208253
2023-02-15,4133,4143,3960,3960,116203,-0.04185821437212678
2023-02-16,3969,4083,3969,4079,33807,0.030050505050505105
2023-02-17,4063,4108,4004,4094,50998,0.0036773719048786013
2023-02-20,4073,4142,4028,4133,90216,0.009526135808500147
2023-02-21,4133,4217,4133,4213,151886,0.01935639970965397
2023-02-22,4188,4188,4079,4124,92962,-0.021125089010206488
2023-02-23,4172,4172,4079,4099,73810,-0.00606207565470418
2023-02-24,4132,4148,3999,4039,80272,-0.014637716516223476
2023-02-27,4038,4038,3934,3965,65390,-0.01832136667491957
2023-02-28,4018,4018,3934,3994,70131,0.007313997477931933
2023-03-02,4018,4311,4008,4242,493001,0.062093139709564316
2023-03-03,4312,4525,4168,4278,1078306,0.008486562942008558
2023-03-06,4341,4341,4178,4233,161698,-0.01051893408134641
2023-03-07,4217,4248,4143,4248,126730,0.003543586109142405
2023-03-08,4202,4202,4118,4143,124661,-0.024717514124293793
2023-03-09,4133,4178,4089,4129,85109,-0.0033791938209026817
2023-03-10,4128,4128,3954,3960,135491,-0.040930007265681745
2023-03-13,3959,3959,3820,3920,118216,-0.010101010101010055
2023-03-14,3919,3944,3691,3741,193639,-0.045663265306122414
2023-03-15,3776,3816,3727,3727,52424,-0.0037423148890670666
2023-03-16,3760,3760,3612,3687,141142,-0.010732492621411294
2023-03-17,3696,3830,3696,3791,89117,0.028207214537564473
2023-03-20,3845,3854,3750,3761,116051,-0.00791347929306252
2023-03-21,3761,3905,3736,3821,169105,0.01595320393512356
2023-03-22,3910,3910,3810,3826,111752,0.001308557969118107
2023-03-23,3820,3820,3731,3756,79968,-0.018295870360690025
2023-03-24,3771,3875,3756,3871,73700,0.03061767838125662
2023-03-27,3870,3974,3835,3935,189718,0.016533195556703628
2023-03-28,3929,3968,3859,3895,108320,-0.010165184243964398
2023-03-29,3894,3904,3850,3895,38511,0.0
2023-03-30,3899,3929,3855,3895,38209,0.0
2023-03-31,3964,4048,3929,3940,183559,0.011553273427471034
2023-04-03,3929,4048,3885,3885,60803,-0.013959390862944177
2023-04-04,3860,3969,3855,3871,43230,-0.003603603603603567
2023-04-05,3869,4003,3869,3969,70123,0.025316455696202445
2023-04-06,3974,3974,3820,3836,65329,-0.0335097001763669
2023-04-07,3844,3899,3815,3860,44018,0.006256517205422307
2023-04-10,3835,3890,3790,3821,88817,-0.01010362694300515
2023-04-11,3855,3925,3830,3925,46468,0.027218005757654984
2023-04-12,3944,3944,3885,3935,59545,0.002547770700636942
2023-04-13,3890,3949,3875,3940,47960,0.0012706480304955914
2023-04-14,3940,3959,3900,3940,50802,0.0
2023-04-17,3964,3964,3875,3925,36602,-0.0038071065989847552
2023-04-18,3954,3954,3855,3895,60697,-0.007643312101910826
2023-04-19,3875,3909,3864,3900,72651,0.0012836970474967568
2023-04-20,3875,3900,3815,3846,81091,-0.013846153846153841
2023-04-21,3785,3785,3720,3756,95845,-0.023400936037441533
2023-04-24,3711,3751,3691,3702,63904,-0.014376996805111841
2023-04-25,3710,3755,3671,3716,78951,0.003781739600215994
2023-04-26,3701,3746,3692,3712,22231,-0.0010764262648008671
2023-04-27,3711,3711,3622,3707,21886,-0.0013469827586206629
2023-04-28,3746,3746,3682,3682,14658,-0.006743997841920701
2023-05-02,3681,3765,3666,3761,27719,0.021455730581205756
2023-05-03,3745,3760,3696,3741,48720,-0.005317734645041261
2023-05-04,3725,3790,3706,3761,53424,0.005346164127238762
2023-05-08,3785,3845,3766,3791,61869,0.00797660196756178
2023-05-09,3810,3909,3775,3905,137755,0.030071221313637597
2023-05-10,3905,4193,3840,4109,739562,0.052240717029449435
2023-05-11,4028,4143,3984,4059,376462,-0.012168410805548757
2023-05-12,4054,4114,3994,4005,183749,-0.013303769401330379
2023-05-15,4018,4287,3969,4287,577525,0.07041198501872659
2023-05-16,4291,4495,4218,4218,1119402,-0.016095171448565426
2023-05-17,4287,4416,4267,4357,290646,0.03295400663821724
2023-05-18,4357,4406,4242,4377,192724,0.0045903144365389
2023-05-19,4371,4391,4267,4337,145632,-0.009138679460817922
2023-05-22,4336,4451,4312,4372,154556,0.00807009453539309
2023-05-23,4381,4391,4272,4342,141620,-0.006861848124428138
2023-05-24,4336,4381,4302,4342,68529,0.0
2023-05-25,4351,4386,4292,4362,65646,0.004606172270843034
2023-05-26,4371,4376,4217,4228,103070,-0.030719853278312725
2023-05-30,4226,4301,4167,4262,71512,0.008041627246925254
2023-05-31,4237,4272,4143,4218,138157,-0.010323791647114056
2023-06-01,4192,4564,4137,4555,472008,0.07989568515884304
2023-06-02,4545,4996,4545,4694,1363303,0.030515916575192037
2023-06-05,4718,4738,4559,4694,172441,0.0
2023-06-07,4649,4768,4535,4615,400629,-0.0168299957392416
2023-06-08,4629,4868,4615,4615,310780,0.0
2023-06-09,4649,4688,4570,4615,132963,0.0
2023-06-12,4634,4634,4490,4526,155015,-0.019284940411700924
2023-06-13,4531,4664,4520,4551,130066,0.005523641184268735
2023-06-14,4639,4753,4535,4590,281104,0.00856954515491104
2023-06-15,4585,4640,4461,4531,127767,-0.012854030501089353
2023-06-16,4530,4748,4511,4675,210811,0.0317810637828293
2023-06-19,4669,4753,4599,4669,199192,-0.001283422459893102
2023-06-20,4634,4763,4614,4724,175083,0.011779824373527426
2023-06-21,4718,4778,4624,4724,168579,0.0
2023-06-22,4704,4788,4689,4729,151344,0.0010584250635055081
2023-06-23,4743,4748,4630,4630,131415,-0.02093465849016707
2023-06-26,4615,4694,4565,4675,217161,0.009719222462202914
2023-06-27,4624,4822,4624,4788,291383,0.024171122994652405
2023-06-28,4749,4848,4729,4804,142988,0.003341687552213868
2023-06-29,4848,4888,4783,4799,164522,-0.0010407993338884536
2023-06-30,4773,4917,4739,4908,207236,0.02271306522192118
2023-07-03,4927,4972,4873,4933,247673,0.005093724531377353
2023-07-04,4961,5036,4892,4997,197367,0.012973849584431374
2023-07-05,5011,5011,4823,4848,214203,-0.029817890734440633
2023-07-06,4872,4897,4664,4754,181529,-0.019389438943894444
2023-07-07,4772,4802,4653,4664,102811,-0.018931426167437926
2023-07-10,4664,4709,4540,4546,110678,-0.02530017152658659
2023-07-11,4589,4599,4490,4555,103436,0.0019797624285085025
2023-07-12,4584,4659,4495,4620,63753,0.014270032930845167
2023-07-13,4619,4768,4619,4714,108532,0.020346320346320335
2023-07-14,4713,4728,4624,4684,88447,-0.0063640220619431975
2023-07-17,4634,4703,4565,4610,72998,-0.01579846285226305
2023-07-18,4639,4643,4534,4570,87704,-0.008676789587852451
2023-07-19,4590,4604,4515,4590,61199,0.004376367614879584
2023-07-20,4570,4630,4525,4630,91424,0.008714596949890963
2023-07-21,4599,4629,4529,4560,67569,-0.015118790496760237
2023-07-24,4574,4574,4366,4411,139554,-0.032675438596491246
2023-07-25,4366,4366,4078,4218,372376,-0.0437542507367944
2023-07-26,4173,4197,3994,4104,282269,-0.027027027027026973
2023-07-27,4103,4306,4098,4297,69813,0.047027290448343084
2023-07-28,4322,4356,4217,4322,47464,0.005818012566907171
2023-07-31,4327,4441,4317,4382,40267,0.013882461823230052
2023-08-01,4401,4426,4316,4347,65999,-0.007987220447284393
2023-08-02,4321,4366,4256,4262,50766,-0.01955371520588911
2023-08-03,4217,4317,4207,4317,34593,0.012904739558892597
2023-08-04,4277,4505,4277,4491,122311,0.040305767894371014
2023-08-07,4604,4961,4351,4391,1040298,-0.022266755733689636
2023-08-08,4475,4550,4377,4377,314300,-0.003188339785925809
2023-08-09,4436,4555,4416,4511,279934,0.030614576193739973
2023-08-10,4510,4694,4500,4694,315694,0.04056750166260259
2023-08-11,4694,4739,4610,4675,256529,-0.004047720494247953
2023-08-14,4674,4792,4654,4694,235610,0.004064171122994731
2023-08-16,4684,4684,4445,4476,179363,-0.04644226672347673
2023-08-17,4475,4475,4312,4362,112650,-0.025469168900804307
2023-08-18,4361,4376,4167,4203,156030,-0.03645116918844571
2023-08-21,4242,4252,4182,4193,85209,-0.0023792529145848507
2023-08-22,4213,4267,4178,4233,65354,0.009539709038874244
2023-08-23,4227,4252,4128,4168,97870,-0.015355539806284013
2023-08-24,4207,4217,4128,4193,86283,0.005998080614203483
2023-08-25,4113,4232,4113,4228,53208,0.008347245409014992
2023-08-28,4197,4341,4197,4292,78386,0.015137180700094621
2023-08-29,4346,4346,4267,4267,45167,-0.005824790307548899
2023-08-30,4316,4475,4302,4471,141234,0.047808764940239
2023-08-31,4515,4540,4405,4436,94695,-0.007828226347573297
2023-09-01,4440,4440,4287,4327,79607,-0.024571686203787246
2023-09-04,4326,4485,4282,4446,100040,0.02750173330251915
2023-09-05,4446,4470,4357,4377,43599,-0.015519568151147078
2023-09-06,4391,4391,4317,4367,45427,-0.0022846698652044806
2023-09-07,4366,4366,4256,4262,77953,-0.02404396610945725
2023-09-08,4242,4367,4218,4367,43105,0.024636320976067605
2023-09-11,4341,4470,4316,4411,62442,0.010075566750629816
2023-09-12,4401,4446,4317,4342,52987,-0.01564271140330986
2023-09-13,4341,4381,4232,4317,79119,-0.005757715338553626
2023-09-14,4322,4366,4257,4347,41711,0.006949270326615631
2023-09-15,4351,4361,4307,4347,27382,0.0
2023-09-18,4326,4430,4316,4416,103585,0.015873015873015817
2023-09-19,4396,4441,4322,4377,53446,-0.008831521739130488
2023-09-20,4376,4376,4257,4337,56062,-0.009138679460817922
2023-09-21,4326,4326,4158,4178,95728,-0.036661286603643095
2023-09-22,4162,4187,4118,4168,57458,-0.002393489707994245
2023-09-25,4168,4302,4148,4248,103229,0.019193857965451144
2023-09-26,4277,4316,4223,4223,74180,-0.005885122410546173
2023-09-27,4173,4258,4168,4258,17810,0.008287946957139525
2023-10-04,4212,4212,4053,4059,68798,-0.046735556599342365
2023-10-05,4049,4113,3880,3985,201050,-0.018231091401823107
2023-10-06,3945,3999,3945,3985,84027,0.0
2023-10-10,4009,4009,3895,3940,31770,-0.01129234629861986
2023-10-11,3935,4009,3831,3851,163958,-0.022588832487309696
2023-10-12,3880,3939,3830,3925,117732,0.01921578810698521
2023-10-13,3919,3934,3756,3801,148453,-0.03159235668789806
2023-10-16,3755,3766,3637,3682,164399,-0.03130755064456725
2023-10-17,3725,3740,3631,3716,179440,0.009234111895708885
2023-10-18,3666,3731,3641,3647,74662,-0.018568353067814902
2023-10-19,3641,3641,3517,3533,108413,-0.031258568686591715
2023-10-20,3547,3666,3462,3642,98501,0.03085196716671379
2023-10-23,3631,3770,3631,3647,70250,0.0013728720483250356
2023-10-24,3616,3740,3562,3731,63688,0.02303262955854124
2023-10-25,3731,3840,3696,3801,95953,0.018761726078799335
2023-10-26,3785,3805,3646,3766,47795,-0.009208103130755041
2023-10-27,3765,3805,3701,3766,30169,0.0
2023-10-30,3786,3786,3716,3727,21561,-0.010355815188528905
2023-10-31,3745,3760,3696,3741,30528,0.003756372417494047
2023-11-01,3740,3800,3721,3771,28452,0.008019246190858142
2023-11-02,3780,3835,3780,3811,19215,0.010607265977194302
2023-11-03,3825,3835,3766,3816,42440,0.0013119916032537926
2023-11-06,3865,3909,3805,3905,65719,0.023322851153039892
2023-11-07,3905,3910,3816,3856,65215,-0.012548015364916787
2023-11-08,3795,3810,3627,3647,256919,-0.05420124481327804
2023-11-09,3602,3657,3577,3578,97462,-0.018919659994516058
2023-11-10,3607,3607,3502,3538,75773,-0.011179429849077716
2023-11-13,3541,3547,3457,3468,133222,-0.019785189372526824
2023-11-14,3468,3532,3457,3493,47103,0.007208765859284982
2023-11-15,3507,3596,3498,3523,123696,0.008588605782994474
2023-11-16,3556,3571,3517,3567,60464,0.012489355662787416
2023-11-17,3567,3567,3493,3518,72800,-0.01373703392206338
2023-11-20,3687,4302,3681,3836,5788188,0.09039226833428082
2023-11-21,3855,3889,3785,3796,535380,-0.010427528675703845
2023-11-22,3821,3880,3776,3821,225967,0.0065858798735511925
2023-11-23,3820,3854,3741,3761,270783,-0.015702695629416397
2023-11-24,3765,3820,3736,3781,150438,0.005317734645041261
2023-11-27,3780,3865,3776,3796,174073,0.0039672044432690345
2023-11-28,3791,3875,3776,3856,168401,0.015806111696522684
2023-11-29,3855,3865,3811,3851,94177,-0.0012966804979253066
2023-11-30,3845,3870,3791,3851,84348,0.0
2023-12-01,3835,3890,3831,3871,83594,0.005193456245131234
2023-12-04,3870,3895,3801,3871,83282,0.0
2023-12-05,3864,3894,3824,3840,91629,-0.008008266597778313
2023-12-06,3825,3875,3806,3856,78482,0.004166666666666652
2023-12-07,3855,3895,3816,3836,65652,-0.005186721991701226
2023-12-08,3840,3914,3820,3905,80646,0.01798748696558916
2023-12-11,3920,4138,3885,3960,148772,0.014084507042253502
2023-12-12,4024,4024,3929,3965,87110,0.0012626262626262985
2023-12-13,3949,3989,3895,3920,48685,-0.011349306431273631
2023-12-14,3934,3944,3894,3900,60670,-0.005102040816326481
2023-12-15,3914,3989,3845,3930,84558,0.007692307692307665
2023-12-18,3959,3979,3930,3955,58877,0.006361323155216203
2023-12-19,3924,4008,3924,3994,63833,0.009860935524652392
2023-12-20,4073,4113,4019,4069,230594,0.01877816725087622
2023-12-21,4073,4073,4004,4029,58904,-0.00983042516588839
2023-12-22,4078,4078,3999,4005,58675,-0.005956813104988856
2023-12-26,4005,4005,3949,4005,44883,0.0
2023-12-27,4071,4071,3943,3964,101712,-0.010237203495630509
2023-12-28,3994,3994,3907,3979,75830,0.0037840565085771605
2024-01-02,3953,4030,3948,4020,47760,0.010304096506659866
2024-01-03,4024,4024,3948,3979,38756,-0.010199004975124382
2024-01-04,3989,4019,3922,3979,88758,0.0
2024-01-05,4020,4051,3979,4046,51045,0.01683840160844441
2024-01-08,4075,4091,4040,4081,97660,0.00865051903114189
2024-01-09,4320,4351,4183,4331,791668,0.06125949522175933
2024-01-10,4382,4387,4234,4260,385858,-0.016393442622950838
2024-01-11,4213,4279,4187,4244,132783,-0.003755868544600971
2024-01-12,4381,4580,4213,4239,624146,-0.0011781338360037363
2024-01-15,4239,4239,4081,4097,138643,-0.033498466619485745
2024-01-16,4147,4147,4004,4030,84354,-0.01635342933854045
2024-01-17,4035,4086,3928,3954,118683,-0.018858560794044688
2024-01-18,3994,4290,3994,4117,176735,0.04122407688416785
2024-01-19,4285,4356,4224,4321,394349,0.04955064367257722
2024-01-22,4320,4320,4152,4193,159066,-0.029622772506364248
2024-01-23,4183,4264,4147,4183,81455,-0.0023849272597186166
2024-01-24,4183,4214,4112,4153,65503,-0.007171886206072231
2024-01-25,4173,4173,4071,4117,90338,-0.008668432458463715
2024-01-26,4101,4163,4091,4107,71205,-0.0024289531212047244
2024-01-29,4127,4147,3994,4025,126942,-0.01996591185780372
2024-01-30,4034,4075,3983,4040,43595,0.003726708074534235
2024-01-31,4040,4065,3978,4030,58306,-0.0024752475247524774
2024-02-01,4024,4040,3958,3989,37850,-0.01017369727047146
2024-02-02,3999,4132,3999,4132,61713,0.03584858360491361
2024-02-05,4254,4264,4131,4183,153184,0.012342691190706745
2024-02-06,4182,4244,4137,4234,83672,0.012192206550322826
2024-02-07,4203,4229,4066,4158,108942,-0.017949929145016585
2024-02-08,4116,4188,4116,4168,37421,0.00240500240500241
2024-02-13,4162,4208,4086,4132,57264,-0.008637236084452993
2024-02-14,4091,4178,4081,4158,45912,0.006292352371732868
2024-02-15,4260,4295,4209,4209,102254,0.012265512265512202
2024-02-16,4208,4244,4182,4234,40678,0.005939653124257482
2024-02-19,4234,4254,4157,4234,61358,0.0
2024-02-20,4285,4464,4249,4301,438044,0.015824279641001526
2024-02-21,4300,5060,4249,4678,3014370,0.08765403394559401
2024-02-22,4775,4949,4637,4745,826910,0.014322359982898769
2024-02-23,4840,4983,4682,4892,801575,0.030979978925184337
2024-02-26,4958,4974,4718,4770,350432,-0.02493867538838923
2024-02-27,4790,4816,4698,4760,175610,-0.002096436058700246
2024-02-28,4759,4779,4682,4734,166598,-0.00546218487394956
2024-02-29,4672,4749,4672,4724,155079,-0.0021123785382340943
2024-03-04,4688,4739,4652,4668,166684,-0.011854360711261669
2024-03-05,4678,4785,4642,4745,454235,0.016495287060839692
2024-03-06,4800,4980,4440,4520,450035,-0.04741833508956794
2024-03-07,4505,4560,4450,4530,65778,0.0022123893805310324
2024-03-08,4530,4725,4530,4565,166166,0.007726269315673218
2024-03-11,4530,4690,4450,4690,71760,0.027382256297918905
2024-03-12,4775,4885,4665,4740,122033,0.010660980810234477
2024-03-13,4745,4865,4675,4850,139395,0.02320675105485237
2024-03-14,4880,4880,4760,4815,119868,-0.007216494845360799
2024-03-15,4840,4840,4680,4685,75730,-0.02699896157840087
2024-03-18,4660,4740,4625,4655,32947,-0.006403415154749181
2024-03-19,4655,4765,4645,4730,59309,0.01611170784103111
2024-03-20,4705,4780,4645,4670,27179,-0.012684989429175508
2024-03-21,4745,4745,4600,4700,42979,0.0064239828693790635
2024-03-22,4850,4875,4660,4690,81719,-0.0021276595744680327
2024-03-25,4750,4870,4720,4800,94352,0.023454157782516027
2024-03-26,4795,4795,4600,4650,56108,-0.03125
2024-03-27,4505,4550,4400,4470,159406,-0.03870967741935483
2024-03-28,4485,4510,4410,4415,63744,-0.01230425055928408
2024-03-29,4310,4340,4130,4235,349765,-0.040770101925254765
2024-04-01,4215,4310,4135,4260,122764,0.005903187721369552
2024-04-02,4415,4415,4190,4210,156484,-0.011737089201877882
2024-04-03,4225,4225,4080,4100,125234,-0.026128266033254133
2024-04-04,4095,4120,4025,4040,134282,-0.014634146341463428
2024-04-05,4035,4035,3910,3960,93617,-0.01980198019801982
2024-04-08,3955,3960,3845,3885,109365,-0.018939393939393923
2024-04-09,3900,3950,3900,3940,46734,0.014157014157014203
2024-04-11,3900,4000,3895,3920,55828,-0.005076142131979711
2024-04-12,3925,4110,3925,4110,103766,0.04846938775510212
2024-04-15,4050,4050,3940,3985,82517,-0.03041362530413627
2024-04-16,3920,3935,3780,3885,92040,-0.025094102885821812
2024-04-17,3855,3905,3840,3860,26663,-0.006435006435006385
2024-04-18,3830,3940,3825,3930,27875,0.0181347150259068
2024-04-19,3900,3935,3775,3810,60110,-0.03053435114503822
2024-04-22,3810,3845,3720,3775,101543,-0.009186351706036766
2024-04-23,3790,3815,3705,3780,52321,0.0013245033112583293
2024-04-24,3785,3880,3720,3875,65976,0.025132275132275117
2024-04-25,3875,3900,3830,3865,41344,-0.002580645161290307
2024-04-26,3840,3940,3840,3885,64882,0.005174644243208348
2024-04-29,3935,3935,3885,3905,46500,0.005148005148005064
2024-04-30,3940,3950,3860,3905,54961,0.0
2024-05-02,3910,3950,3885,3925,41731,0.005121638924455718
2024-05-03,3980,3980,3870,3905,53318,-0.005095541401273884
2024-05-07,3900,3915,3865,3880,40922,-0.006402048655569814
2024-05-08,3900,3995,3885,3985,159284,0.027061855670102997
2024-05-09,4025,4025,3950,3975,74652,-0.0025094102885822034
2024-05-10,4000,4000,3910,3930,92386,-0.01132075471698113
2024-05-13,3940,3940,3865,3895,62000,-0.008905852417302795
2024-05-14,3895,3955,3880,3945,68404,0.012836970474968012
2024-05-16,3885,3885,3715,3735,244388,-0.05323193916349811
2024-05-17,3740,3785,3725,3730,81391,-0.0013386880856760541
2024-05-20,3730,3755,3630,3640,97475,-0.024128686327077764
2024-05-21,3645,3650,3555,3585,92943,-0.015109890109890056
2024-05-22,3625,3625,3565,3615,53891,0.008368200836819994
2024-05-23,3635,3645,3560,3610,54845,-0.0013831258644536604
2024-05-24,3600,3690,3565,3650,57515,0.011080332409972193
2024-05-27,3705,3820,3660,3665,208485,0.004109589041095818
2024-05-28,3655,3700,3650,3665,49531,0.0
2024-05-29,3660,3685,3630,3635,43091,-0.008185538881309684
2024-05-30,3645,3725,3600,3680,66358,0.012379642365887289
2024-05-31,3670,3725,3625,3645,43761,-0.009510869565217406
2024-06-03,3645,3725,3635,3650,43476,0.00137174211248281
2024-06-04,3680,3715,3610,3610,41702,-0.010958904109588996
2024-06-05,3585,3595,3520,3525,130017,-0.023545706371191133
2024-06-07,3550,3550,3500,3530,56617,0.0014184397163119478
2024-06-10,3510,3560,3500,3560,37494,0.008498583569405138
2024-06-11,3575,3575,3515,3525,35516,-0.0098314606741573
2024-06-12,3525,3570,3505,3570,31155,0.012765957446808418
2024-06-13,3585,3650,3565,3640,83931,0.019607843137254832
2024-06-14,3640,3645,3560,3565,38810,-0.020604395604395642
2024-06-17,3595,3640,3570,3635,39661,0.019635343618513268
2024-06-18,3635,3640,3540,3575,54909,-0.016506189821182904
2024-06-19,3560,3625,3475,3505,130242,-0.01958041958041956
2024-06-20,3565,3660,3520,3540,86153,0.009985734664764712
2024-06-21,3560,3560,3485,3535,68650,-0.0014124293785310327
2024-06-24,3535,3570,3470,3470,74913,-0.018387553041018356
2024-06-25,3455,3500,3450,3475,30021,0.0014409221902016434
2024-06-26,3475,3490,3450,3470,26789,-0.0014388489208633226
2024-06-27,3470,3495,3450,3455,32319,-0.004322766570605152
2024-06-28,3450,3475,3425,3460,29801,0.0014471780028944004
2024-07-01,3490,3500,3445,3455,12275,-0.0014450867052022698
2024-07-02,3455,3465,3355,3400,68975,-0.01591895803183796
2024-07-03,3400,3410,3350,3360,29904,-0.0117647058823529
2024-07-04,3340,3365,3320,3355,47598,-0.0014880952380952328
2024-07-05,3330,3370,3330,3340,38104,-0.0044709388971684305
2024-07-08,3345,3435,3315,3435,36996,0.02844311377245501
2024-07-09,3435,3470,3430,3470,18421,0.010189228529839944
2024-07-10,3470,3475,3420,3435,24100,-0.010086455331412059
2024-07-11,3435,3445,3395,3435,25252,0.0
2024-07-12,3440,3570,3395,3570,56885,0.0393013100436681
2024-07-15,3575,3575,3500,3540,25451,-0.008403361344537785
2024-07-16,3500,3575,3500,3530,42475,-0.0028248587570621764
2024-07-17,3575,3575,3520,3555,35417,0.007082152974504208
2024-07-18,3555,3575,3460,3480,43935,-0.021097046413502074
2024-07-19,3470,3565,3430,3535,64953,0.015804597701149392
2024-07-22,3540,3540,3450,3495,39101,-0.011315417256011262
2024-07-23,3495,3530,3450,3450,45757,-0.012875536480686733
2024-07-24,3450,3505,3430,3475,25615,0.007246376811594235
2024-07-25,3470,3470,3370,3395,39150,-0.02302158273381294
2024-07-26,3415,3440,3365,3370,19008,-0.007363770250368162
2024-07-29,3420,3430,3370,3400,24387,0.008902077151335286
2024-07-30,3415,3425,3340,3355,26727,-0.013235294117647012
2024-07-31,3350,3415,3350,3375,30359,0.005961251862891315
2024-08-01,3395,3470,3380,3455,35348,0.023703703703703782
2024-08-02,3475,3475,3295,3300,111445,-0.04486251808972508
2024-08-05,3235,3280,2800,2885,235834,-0.12575757575757573
2024-08-06,2880,3020,2880,3005,128202,0.04159445407279039
2024-08-07,2935,3125,2935,3090,61489,0.028286189683860208
2024-08-08,3060,3095,3030,3070,28636,-0.006472491909385147
2024-08-09,3090,3165,3065,3110,45397,0.013029315960912058
2024-08-12,3110,3205,3110,3185,29565,0.02411575562700974
2024-08-13,3105,3165,3065,3125,69481,-0.01883830455259028
2024-08-14,3125,3165,3110,3130,33474,0.0016000000000000458
2024-08-16,3180,3185,3080,3080,47088,-0.015974440894568676
2024-08-19,3100,3235,3050,3205,105669,0.0405844155844155
2024-08-20,3200,3225,3170,3220,17442,0.004680187207488196
2024-08-21,3195,3195,3150,3175,12042,-0.013975155279503104
2024-08-22,3175,3185,3080,3125,22395,-0.015748031496062964
2024-08-23,3055,3145,3055,3090,16905,-0.011199999999999988
2024-08-26,3105,3105,3050,3080,15701,-0.003236245954692518
2024-08-27,3040,3060,3005,3060,29006,-0.00649350649350644
2024-08-28,3040,3060,3000,3040,39060,-0.006535947712418277
2024-08-29,3040,3040,2940,3015,56179,-0.008223684210526327
2024-08-30,3030,3040,2955,2985,27768,-0.00995024875621886
2024-09-02,3000,3035,2965,3015,31187,0.01005025125628145
2024-09-03,3050,3295,2980,3125,125613,0.036484245439469376
2024-09-04,3070,3070,2860,2955,213734,-0.054400000000000004
2024-09-05,2955,2985,2845,2850,78111,-0.035532994923857864
2024-09-06,2850,2900,2795,2860,62705,0.0035087719298245723
2024-09-09,2775,2900,2775,2870,24226,0.0034965034965035446
2024-09-10,2845,2960,2820,2850,51123,-0.006968641114982632
2024-09-11,2865,2880,2820,2865,20009,0.0052631578947368585
2024-09-12,2880,2975,2865,2975,22712,0.03839441535776622
2024-09-13,2945,2990,2925,2990,24671,0.005042016806722671
2024-09-19,2985,3005,2935,2965,23889,-0.00836120401337792
2024-09-20,2945,3020,2945,3005,26596,0.013490725126475533
2024-09-23,3005,3060,2975,3025,25516,0.006655574043261225
2024-09-24,3075,3075,2940,3060,30993,0.011570247933884392
2024-09-25,3030,3060,3015,3060,9853,0.0
2024-09-26,3035,3085,3035,3085,38590,0.008169934640522847
2024-09-27,3095,3095,3050,3090,21900,0.0016207455429497752
2024-09-30,3085,3110,3010,3010,31412,-0.02588996763754048
2024-10-02,2995,3045,2965,3040,53348,0.009966777408637828
2024-10-04,3030,3050,2985,3035,21429,-0.00164473684210531
2024-10-07,3035,3055,3015,3025,21834,-0.0032948929159802853
2024-10-08,3025,3035,2990,3030,29266,0.0016528925619834212
2024-10-10,3030,3060,2965,3060,41097,0.00990099009900991
2024-10-11,3025,3080,2990,3065,17580,0.0016339869281045694
2024-10-14,3035,3065,3005,3030,10991,-0.011419249592169667
2024-10-15,3045,3050,2980,3040,23734,0.0033003300330032292
2024-10-16,3020,3020,2965,3010,30657,-0.009868421052631526
2024-10-17,2975,3040,2975,3015,65757,0.0016611295681063787
2024-10-18,3030,3035,2900,2955,95811,-0.01990049751243783
2024-10-21,2955,2970,2920,2960,30277,0.0016920473773265332
2024-10-22,2985,2985,2865,2960,56465,0.0
2024-10-23,2930,2960,2880,2960,73105,0.0
