Date,Open,High,Low,Close,Volume,Change
2022-01-03,4905,5000,4825,4980,275562,0.015290519877675823
2022-01-04,5020,5030,4930,4970,221578,-0.002008032128514081
2022-01-05,4970,5030,4905,4970,264194,0.0
2022-01-06,4905,5330,4905,4925,2766214,-0.00905432595573441
2022-01-07,4920,5010,4880,4965,303235,0.008121827411167404
2022-01-10,4985,4985,4865,4875,247084,-0.01812688821752262
2022-01-11,4895,4910,4740,4800,249330,-0.01538461538461533
2022-01-12,4840,5100,4835,5100,639381,0.0625
2022-01-13,5100,5430,5050,5350,2036564,0.0490196078431373
2022-01-14,5320,6110,5300,5980,7643992,0.11775700934579447
2022-01-17,6050,6240,5880,6130,3322326,0.025083612040133874
2022-01-18,6010,6170,5950,5960,1283569,-0.027732463295269127
2022-01-19,5950,6220,5750,5790,2379299,-0.028523489932885893
2022-01-20,5790,6050,5600,6000,1484990,0.03626943005181338
2022-01-21,6000,6000,5370,5430,1895150,-0.09499999999999997
2022-01-24,5430,5570,5250,5340,847020,-0.016574585635359074
2022-01-25,5340,5440,5010,5050,1217147,-0.054307116104868935
2022-01-26,5040,5040,4675,4785,2033456,-0.05247524752475252
2022-01-27,4785,4820,4525,4525,872504,-0.0543364681295716
2022-01-28,4525,4700,4470,4660,502532,0.029834254143646488
2022-02-03,4715,4765,4655,4655,482008,-0.0010729613733905241
2022-02-04,4635,4720,4600,4700,385853,0.009667024704618665
2022-02-07,4730,4730,4585,4625,298363,-0.015957446808510634
2022-02-08,4650,4670,4565,4585,327219,-0.008648648648648671
2022-02-09,4625,4690,4625,4660,196033,0.016357688113413316
2022-02-10,4660,4885,4655,4735,557329,0.016094420600858417
2022-02-11,4700,4750,4600,4700,263506,-0.007391763463569179
2022-02-14,4600,4600,4390,4435,599545,-0.05638297872340425
2022-02-15,4420,4480,4275,4310,362330,-0.028184892897407
2022-02-16,4400,4685,4400,4545,414411,0.054524361948955935
2022-02-17,4545,4660,4395,4540,267767,-0.0011001100110010764
2022-02-18,4535,4575,4455,4555,144911,0.0033039647577093323
2022-02-21,4485,4520,4430,4500,119404,-0.01207464324917673
2022-02-22,4405,4455,4350,4410,213762,-0.020000000000000018
2022-02-23,4470,4595,4400,4550,227799,0.031746031746031855
2022-02-24,4530,4540,4355,4355,245570,-0.042857142857142816
2022-02-25,4495,4525,4395,4510,144047,0.03559127439724463
2022-02-28,4545,4545,4465,4485,102213,-0.005543237250554278
2022-03-02,4570,4605,4515,4600,162504,0.02564102564102555
2022-03-03,4640,4655,4560,4620,186250,0.004347826086956497
2022-03-04,4600,4650,4550,4565,153248,-0.011904761904761862
2022-03-07,4550,4550,4450,4490,282000,-0.01642935377875132
2022-03-08,4405,4490,4340,4395,272117,-0.021158129175946505
2022-03-10,4460,4490,4430,4460,114531,0.014789533560864543
2022-03-11,4445,4575,4440,4505,140660,0.010089686098654793
2022-03-14,4480,4545,4370,4385,131653,-0.02663706992230852
2022-03-15,4385,4425,4340,4360,132427,-0.005701254275940704
2022-03-16,4390,4490,4390,4460,145554,0.022935779816513735
2022-03-17,4515,4565,4460,4515,127540,0.012331838565022402
2022-03-18,4535,4535,4480,4510,90425,-0.001107419712070845
2022-03-21,4550,4565,4510,4540,88104,0.006651884700665134
2022-03-22,4540,4555,4490,4530,118442,-0.0022026431718061845
2022-03-23,4545,4565,4470,4560,208914,0.0066225165562914245
2022-03-24,4585,4745,4545,4710,586580,0.03289473684210531
2022-03-25,4730,4735,4605,4625,210486,-0.018046709129511673
2022-03-28,4630,4645,4555,4595,140216,-0.006486486486486531
2022-03-29,4690,4770,4665,4735,603713,0.030467899891186034
2022-03-30,4760,4830,4685,4745,586233,0.002111932418162654
2022-03-31,4745,4750,4690,4695,177662,-0.010537407797681753
2022-04-01,4700,4710,4605,4605,187950,-0.019169329073482455
2022-04-04,4620,4960,4605,4740,6312618,0.02931596091205213
2022-04-05,4725,4780,4690,4730,484848,-0.002109704641350185
2022-04-06,4710,4730,4660,4665,257917,-0.01374207188160681
2022-04-07,4660,4780,4560,4660,781353,-0.001071811361200381
2022-04-08,4660,4750,4620,4725,276503,0.013948497854077146
2022-04-11,4725,4780,4655,4685,270551,-0.00846560846560851
2022-04-12,4620,4670,4550,4600,209522,-0.018143009605122717
2022-04-13,4600,4665,4570,4615,134870,0.003260869565217428
2022-04-14,4615,4650,4570,4610,161326,-0.0010834236186348933
2022-04-15,4595,4730,4570,4610,149767,0.0
2022-04-18,4575,4600,4505,4540,267982,-0.015184381778741818
2022-04-19,4540,4570,4470,4520,297089,-0.004405286343612369
2022-04-20,4505,4565,4485,4565,176609,0.009955752212389424
2022-04-21,4570,4745,4570,4660,693938,0.020810514786418377
2022-04-22,4630,4675,4580,4675,241081,0.0032188841201716833
2022-04-25,4585,4600,4495,4500,273128,-0.03743315508021394
2022-04-26,4505,4580,4490,4510,158547,0.0022222222222221255
2022-04-27,4345,4485,4345,4445,191443,-0.014412416851441234
2022-04-28,4510,4750,4485,4530,1410494,0.01912260967379087
2022-04-29,4535,4575,4510,4540,136600,0.002207505518763808
2022-05-02,4500,4760,4450,4540,449348,0.0
2022-05-03,4540,4600,4540,4590,134906,0.011013215859030812
2022-05-04,4590,4715,4555,4670,502851,0.017429193899782147
2022-05-06,4770,4815,4665,4665,629006,-0.0010706638115631772
2022-05-09,4675,4675,4495,4495,248844,-0.03644158628081462
2022-05-10,4400,4485,4375,4450,198510,-0.010011123470522798
2022-05-11,4460,4525,4430,4460,106335,0.0022471910112360494
2022-05-12,4420,4460,4290,4345,177728,-0.02578475336322872
2022-05-13,4340,4525,4310,4485,407783,0.03222094361334871
2022-05-16,4490,4520,4440,4450,125258,-0.0078037904124860225
2022-05-17,4445,4475,4420,4450,233702,0.0
2022-05-18,4450,4535,4450,4505,139499,0.012359550561797716
2022-05-19,4475,4520,4380,4500,137541,-0.0011098779134295356
2022-05-20,4515,4610,4500,4550,251029,0.011111111111111072
2022-05-23,4540,4665,4540,4640,203627,0.01978021978021971
2022-05-24,4645,4645,4520,4550,158001,-0.0193965517241379
2022-05-25,4550,4595,4480,4510,202887,-0.00879120879120876
2022-05-26,4560,4590,4505,4515,101336,0.0011086474501109667
2022-05-27,4540,4635,4535,4555,142253,0.008859357696566983
2022-05-30,4570,4680,4570,4640,353639,0.01866081229418226
2022-05-31,4670,4750,4640,4720,448282,0.01724137931034475
2022-06-02,4750,4890,4730,4855,895026,0.028601694915254328
2022-06-03,4870,5130,4825,5060,1254153,0.04222451081359413
2022-06-07,5200,5440,5100,5270,2225852,0.04150197628458496
2022-06-08,5330,5350,5070,5170,776609,-0.018975332068311146
2022-06-09,5130,5170,4985,5070,640267,-0.01934235976789167
2022-06-10,4980,5180,4980,5070,334589,0.0
2022-06-13,4950,4970,4740,4800,553057,-0.053254437869822535
2022-06-14,4650,4880,4610,4870,435868,0.014583333333333393
2022-06-15,4870,4890,4485,4570,684609,-0.061601642710472304
2022-06-16,4690,4890,4630,4740,529914,0.03719912472647713
2022-06-17,4620,4950,4550,4920,434515,0.03797468354430378
2022-06-20,4920,4995,4630,4775,496206,-0.029471544715447107
2022-06-21,4780,5100,4760,5070,670281,0.06178010471204187
2022-06-22,5140,5290,4975,5020,801198,-0.009861932938856066
2022-06-23,5000,5200,4880,5050,1745600,0.005976095617529875
2022-06-24,5740,5980,5020,5080,13856813,0.005940594059405946
2022-06-27,5210,5410,5170,5250,4776779,0.0334645669291338
2022-06-28,5350,5480,5300,5320,4286568,0.01333333333333342
2022-06-29,5190,5350,5050,5340,1534683,0.003759398496240518
2022-06-30,5240,5290,4940,4940,1368839,-0.07490636704119846
2022-07-01,4910,5080,4670,4695,1385837,-0.04959514170040491
2022-07-04,4800,4860,4440,4590,820228,-0.022364217252396124
2022-07-05,4610,4785,4570,4700,481516,0.023965141612200425
2022-07-06,4725,5080,4610,4860,1758425,0.03404255319148941
2022-07-07,4890,4960,4780,4920,525681,0.012345679012345734
2022-07-08,4960,5250,4895,5200,1793487,0.05691056910569103
2022-07-11,5230,5330,5140,5160,833630,-0.007692307692307665
2022-07-12,5060,5160,4995,5020,473480,-0.027131782945736482
2022-07-13,5010,5070,4920,4980,478977,-0.007968127490039834
2022-07-14,4985,5020,4915,4945,322249,-0.007028112449799173
2022-07-15,4975,4975,4810,4945,337545,0.0
2022-07-18,4965,5110,4940,5090,369492,0.029322548028311468
2022-07-19,5100,5270,5080,5160,506961,0.013752455795677854
2022-07-20,5250,5350,5140,5200,771156,0.007751937984496138
2022-07-21,5240,5300,5150,5240,438884,0.007692307692307665
2022-07-22,5270,5750,5260,5520,5055042,0.05343511450381677
2022-07-25,5560,7170,5550,7170,24705853,0.298913043478261
2022-07-26,7460,9320,7440,9320,59245347,0.29986052998605306
2022-07-27,9210,9690,8870,9320,19662144,0.0
2022-07-28,9100,9100,8570,8750,6742289,-0.06115879828326176
2022-07-29,8640,8960,8460,8540,5576178,-0.02400000000000002
2022-08-01,8540,10050,8400,9560,17797057,0.11943793911007017
2022-08-02,9400,9750,8840,9110,8081163,-0.047071129707113024
2022-08-03,8510,8720,7610,7890,13839322,-0.13391877058177826
2022-08-04,8030,9300,7810,8800,40401287,0.11533586818757913
2022-08-05,8800,9470,8410,9000,15914190,0.022727272727272707
2022-08-08,8960,9190,8910,9070,5499814,0.007777777777777883
2022-08-09,8250,8860,8150,8570,11912662,-0.055126791620727644
2022-08-10,8630,10850,8600,10350,38608463,0.2077012835472578
2022-08-11,10500,11700,10150,11000,25042913,0.06280193236714982
2022-08-12,10800,11750,10550,11050,11289943,0.00454545454545463
2022-08-16,10700,10750,9790,10000,6267128,-0.09502262443438914
2022-08-17,10200,10750,9950,10150,3582524,0.014999999999999902
2022-08-18,9970,10400,9850,10350,1921134,0.019704433497536922
2022-08-19,10250,10500,9960,10000,1548149,-0.033816425120772986
2022-08-22,9900,10200,9550,10200,1714506,0.020000000000000018
2022-08-23,10050,10350,10000,10350,1217580,0.014705882352941124
2022-08-24,10350,11450,10200,11000,5655580,0.06280193236714982
2022-08-25,10800,11200,10750,11050,1706455,0.00454545454545463
2022-08-26,11150,11300,10850,11200,1886105,0.013574660633484115
2022-08-29,10750,12000,10600,11650,3289576,0.0401785714285714
2022-08-30,11650,11900,11400,11900,2009660,0.02145922746781115
2022-08-31,11800,13150,11050,12050,5373907,0.012605042016806678
2022-09-01,11700,12250,11700,12100,1586011,0.004149377593360981
2022-09-02,12150,12250,11800,12100,1099212,0.0
2022-09-05,12600,13550,11350,13150,9487497,0.08677685950413228
2022-09-06,12950,15650,12900,14850,19409079,0.12927756653992395
2022-09-07,15200,16850,14950,16850,11763436,0.13468013468013473
2022-09-08,16700,21250,16250,17450,25814302,0.035608308605341144
2022-09-13,17200,18000,15950,17700,11684668,0.014326647564469885
2022-09-14,17100,19500,16850,19100,12321360,0.07909604519774005
2022-09-15,19650,21600,18950,20800,12790356,0.08900523560209428
2022-09-16,20350,21300,19800,20550,4755864,-0.012019230769230727
2022-09-19,20750,20850,16100,17300,11361724,-0.15815085158150854
2022-09-20,17550,17800,16150,17100,8161690,-0.011560693641618491
2022-09-21,16900,17750,16600,17200,4548759,0.005847953216374213
2022-09-22,16800,20200,16650,19850,13759454,0.15406976744186052
2022-09-23,20050,21350,18800,19150,9747942,-0.035264483627204024
2022-09-26,18750,19300,17700,17950,4549825,-0.06266318537859006
2022-09-27,18350,18350,16900,18300,4670763,0.01949860724233976
2022-09-28,18300,19250,17500,17650,5630794,-0.03551912568306015
2022-09-29,18100,18450,16300,16450,3277325,-0.06798866855524077
2022-09-30,15550,16300,14900,15800,5348714,-0.03951367781155013
2022-10-04,16750,16900,15850,16350,3493198,0.034810126582278444
2022-10-05,16700,17900,16100,16600,5070441,0.015290519877675823
2022-10-06,16450,17200,16200,17050,3315848,0.027108433734939652
2022-10-07,16800,16950,15800,15800,2475315,-0.07331378299120239
2022-10-11,15100,15600,14700,15450,2712076,-0.022151898734177222
2022-10-12,15500,15550,14350,14400,3663486,-0.06796116504854366
2022-10-13,17200,18700,16250,18700,15826570,0.29861111111111116
2022-10-14,18900,21550,18000,18650,23297781,-0.002673796791443861
2022-10-17,18150,19050,17700,18800,6232987,0.008042895442359255
2022-10-18,20200,20250,18700,18900,5964767,0.005319148936170137
2022-10-19,18600,20300,18400,19550,8776590,0.03439153439153442
2022-10-20,19550,20350,19250,19700,5096252,0.007672634271099765
2022-10-21,19500,19550,18400,18750,3029672,-0.048223350253807085
2022-10-24,19000,19500,18400,19500,2657853,0.040000000000000036
2022-10-25,19400,20150,19000,19900,3767043,0.02051282051282044
2022-10-26,20000,20200,18600,18900,2868075,-0.05025125628140703
2022-10-27,18800,19750,18700,19300,1773907,0.021164021164021163
2022-10-28,19300,25050,19150,24500,21013795,0.26943005181347157
2022-10-31,25050,28150,24500,27500,19867174,0.12244897959183665
2022-11-01,27200,29750,26800,28900,12022735,0.050909090909091015
2022-11-02,29250,34550,28900,31850,15785198,0.10207612456747395
2022-11-03,30550,32850,30350,31750,5801361,-0.0031397174254317317
2022-11-04,31800,32250,29250,29800,4277410,-0.06141732283464563
2022-11-07,29150,33600,28350,32800,11245390,0.10067114093959728
2022-11-08,33200,33800,31850,32100,4403556,-0.021341463414634165
2022-11-09,32900,41500,32750,40100,19313857,0.24922118380062308
2022-11-10,36250,38850,31800,31950,12554355,-0.20324189526184544
2022-11-11,34050,34450,28300,31800,17955765,-0.0046948356807511304
2022-11-14,30600,32050,30400,30850,3834812,-0.029874213836478036
2022-11-15,31350,31400,29300,30000,3556009,-0.027552674230145846
2022-11-16,30000,33300,28900,31350,8685945,0.04499999999999993
2022-11-17,30750,32000,30400,31500,2103226,0.004784688995215225
2022-11-18,31200,31700,30700,30900,1154031,-0.01904761904761909
2022-11-21,31250,32800,30950,32700,3421532,0.058252427184465994
2022-11-22,33200,34950,32050,33500,5122338,0.024464831804281273
2022-11-23,33850,33900,32000,33650,2571721,0.004477611940298498
2022-11-24,33300,33650,32150,32350,2215029,-0.038632986627043064
2022-11-25,32450,33500,30450,30650,3379771,-0.05255023183925811
2022-11-28,29850,29900,27300,27650,4316272,-0.0978792822185971
2022-11-29,27050,30300,26850,28250,6046715,0.02169981916817365
2022-11-30,30100,31050,28700,29150,4462956,0.031858407079645934
2022-12-01,29550,34600,29150,32050,13784862,0.09948542024013718
2022-12-02,32350,32900,30900,31950,4097757,-0.0031201248049922414
2022-12-05,32650,33000,31500,31850,2666594,-0.003129890453834161
2022-12-06,31100,31600,29900,30150,1609453,-0.053375196232339106
2022-12-07,29550,30950,29100,29950,1648778,-0.0066334991708125735
2022-12-08,30050,30350,28500,28750,1675748,-0.04006677796327207
2022-12-09,29200,29400,27500,27800,1912795,-0.03304347826086962
2022-12-12,27300,28550,26600,27900,2166630,0.003597122302158251
2022-12-13,28200,28500,26800,26800,1341284,-0.03942652329749108
2022-12-14,26850,27300,26400,27050,1180923,0.009328358208955168
2022-12-15,26550,26750,25300,25500,2103541,-0.05730129390018479
2022-12-16,24700,26300,24200,24200,2889124,-0.050980392156862786
2022-12-19,24050,28950,24050,26850,12534960,0.10950413223140498
2022-12-20,26650,26850,25100,25100,3868570,-0.06517690875232773
2022-12-21,25850,26550,24500,24700,2649376,-0.015936254980079667
2022-12-22,24900,25150,24100,24700,1869407,0.0
2022-12-23,25700,26150,24550,24550,5272304,-0.006072874493927127
2022-12-26,24400,24400,22750,23200,2126258,-0.05498981670061098
2022-12-27,23550,26000,23550,25100,6906445,0.0818965517241379
2022-12-28,24650,25000,23400,23600,2365630,-0.05976095617529875
2022-12-29,23750,24300,23300,23900,1561996,0.012711864406779627
2023-01-02,23400,24550,22800,23450,1972335,-0.01882845188284521
2023-01-03,24850,27000,24200,24550,10132067,0.046908315565032055
2023-01-04,24600,26250,24600,24950,3085200,0.016293279022403295
2023-01-05,25300,25750,24250,24400,1985675,-0.022044088176352727
2023-01-06,24100,25350,23800,24600,1605884,0.008196721311475308
2023-01-09,24800,25250,24650,25200,1279740,0.024390243902439046
2023-01-10,25450,25650,24800,24800,1408774,-0.015873015873015928
2023-01-11,24900,25450,24900,25350,1158658,0.022177419354838745
2023-01-12,25700,26200,25250,25350,2166386,0.0
2023-01-13,25550,25850,25050,25150,1132024,-0.007889546351084853
2023-01-16,25250,25250,24400,24750,1040363,-0.015904572564612307
2023-01-17,24800,24950,23950,24200,994337,-0.022222222222222254
2023-01-18,24200,24250,23300,23400,1067495,-0.03305785123966942
2023-01-19,23000,23500,22750,22800,952622,-0.02564102564102566
2023-01-20,22600,23700,22500,23050,858476,0.010964912280701844
2023-01-25,23200,23800,23150,23450,853366,0.017353579175704903
2023-01-26,23500,25300,23400,24800,5115227,0.05756929637526653
2023-01-27,25450,26000,24800,24950,2572135,0.006048387096774244
2023-01-30,25300,27350,25250,26200,5926831,0.05010020040080154
2023-01-31,26250,26600,25450,26400,2143629,0.007633587786259444
2023-02-01,26600,26950,25850,26100,1748144,-0.011363636363636354
2023-02-02,26900,27150,26200,26350,1727818,0.009578544061302763
2023-02-03,25700,25950,25200,25550,1386015,-0.030360531309297945
2023-02-06,25550,26850,25300,26750,1951862,0.046966731898238745
2023-02-07,26850,27150,26450,26650,1595357,-0.0037383177570093906
2023-02-08,26650,26850,25800,26000,1197529,-0.024390243902439046
2023-02-09,26000,26900,25800,26400,1581752,0.01538461538461533
2023-02-10,26400,27400,26250,26450,1914034,0.0018939393939394478
2023-02-13,26700,28850,26650,28050,6550146,0.06049149338374282
2023-02-14,28450,30050,27500,29800,3590673,0.06238859180035661
2023-02-15,30350,32600,29950,30400,7004483,0.020134228187919545
2023-02-16,31000,32400,30850,31900,4378253,0.049342105263157965
2023-02-17,31400,33250,30700,32150,5189674,0.00783699059561127
2023-02-20,32700,32800,30500,31050,2339295,-0.034214618973561484
2023-02-21,31400,34700,30450,34700,8826019,0.11755233494363937
2023-02-22,34900,41700,34800,36000,24147601,0.03746397694524495
2023-02-23,37450,39550,36500,38950,9837617,0.08194444444444438
2023-02-24,38100,40900,37050,39500,9074627,0.01412066752246477
2023-02-27,38900,40200,38200,39050,3541404,-0.011392405063291089
2023-02-28,39800,41150,37850,38500,4520725,-0.014084507042253502
2023-03-02,38850,44850,38850,42900,15284172,0.11428571428571432
2023-03-03,43000,44150,42100,43900,4445748,0.02331002331002341
2023-03-06,44850,45250,43350,45250,3791732,0.03075170842824604
2023-03-07,45050,55400,44250,53100,12826185,0.17348066298342535
2023-03-08,52000,54300,50100,53500,5432022,0.007532956685499137
2023-03-09,51600,51800,45750,46350,5598893,-0.13364485981308416
2023-03-10,45000,50700,44400,48150,6679726,0.03883495145631066
2023-03-13,47350,49400,46100,48300,3341832,0.0031152647975076775
2023-03-14,48800,49250,45150,46500,2518348,-0.037267080745341574
2023-03-15,48000,50600,47700,49650,4216786,0.06774193548387086
2023-03-16,50300,51000,47400,48650,2904851,-0.020140986908358527
2023-03-17,50100,50100,46650,47450,2491866,-0.02466598150051391
2023-03-20,45500,49400,45100,48750,2346280,0.027397260273972712
2023-03-21,49650,62800,49150,60600,15701440,0.24307692307692297
2023-03-22,62000,63700,60200,61600,5655617,0.01650165016501659
2023-03-23,61200,79400,61100,72200,14169172,0.17207792207792205
2023-03-24,75500,77900,69800,75900,5593676,0.05124653739612195
2023-03-27,76400,82500,73200,77800,4088638,0.025032938076416267
2023-03-28,80000,80300,72100,75500,2569478,-0.029562982005141403
2023-03-29,75500,78600,73000,77000,1929546,0.019867549668874274
2023-03-30,78000,82000,77000,79000,1885339,0.025974025974025983
2023-03-31,77700,80400,76100,78500,1196258,-0.006329113924050667
2023-04-03,79000,80000,72800,78800,2361129,0.003821656050955413
2023-04-04,78800,84500,77000,77900,2897517,-0.011421319796954266
2023-04-05,77900,80000,76400,79900,1325008,0.025673940949935803
2023-04-06,80700,83000,79500,81100,1348294,0.015018773466833446
2023-04-07,81900,85000,80600,84900,2341406,0.04685573366214557
2023-04-10,85500,92500,84200,89500,3597223,0.05418138987043575
2023-04-11,89500,89700,81500,87800,1991383,-0.018994413407821265
2023-04-12,86000,86000,74700,75000,3980826,-0.14578587699316625
2023-04-13,70100,74700,66000,71200,3867669,-0.05066666666666664
2023-04-14,75000,82400,74800,77100,3655784,0.0828651685393258
2023-04-17,77000,79300,74200,77600,2072953,0.006485084306095956
2023-04-18,78200,78900,75000,75800,1484084,-0.023195876288659822
2023-04-19,74900,75400,69200,69700,2404552,-0.08047493403693928
2023-04-20,67700,71900,67200,68200,1874645,-0.021520803443328518
2023-04-21,67300,68800,64500,65400,1659541,-0.04105571847507328
2023-04-24,62400,64100,59200,63600,3398569,-0.02752293577981646
2023-04-25,62800,63200,57500,58900,2161175,-0.07389937106918243
2023-04-26,62400,66600,59700,60000,3217048,0.018675721561969505
2023-04-27,58600,67100,57600,66200,2988137,0.10333333333333328
2023-04-28,69900,72000,65600,66800,2535635,0.009063444108761365
2023-05-02,67000,70500,65000,65400,1464968,-0.020958083832335328
2023-05-03,65400,65900,62000,62300,879776,-0.04740061162079512
2023-05-04,61100,62800,60100,62000,776427,-0.0048154093097912964
2023-05-08,63000,63600,60200,60300,601031,-0.02741935483870972
2023-05-09,60100,61600,58000,59700,790522,-0.00995024875621886
2023-05-10,59200,60600,57200,57400,807793,-0.038525963149078746
2023-05-11,69100,70400,62000,67800,5587318,0.1811846689895471
2023-05-12,66400,70200,62000,62000,2886001,-0.08554572271386429
2023-05-15,63200,66900,60700,61500,1669850,-0.008064516129032251
2023-05-16,59300,60000,54000,55900,3274131,-0.0910569105691057
2023-05-17,53600,54300,50800,53500,3062670,-0.04293381037567079
2023-05-18,55200,56500,53500,54000,1682443,0.009345794392523255
2023-05-19,53400,54900,51600,54700,1182612,0.012962962962963065
2023-05-22,53600,55700,51700,55000,2315184,0.005484460694698434
2023-05-23,54300,56600,53500,55100,1741165,0.0018181818181817189
2023-05-24,54500,54900,53100,53500,921855,-0.029038112522686066
2023-05-25,52800,53400,51500,52200,703857,-0.024299065420560706
2023-05-26,52100,52100,48350,48950,2046788,-0.0622605363984674
2023-05-30,48300,48900,46100,48900,1622261,-0.0010214504596527396
2023-05-31,49050,49350,47700,48250,1093217,-0.013292433537832271
2023-06-01,48300,51600,47700,48200,1957084,-0.0010362694300518616
2023-06-02,48300,48850,47850,48400,921617,0.004149377593360981
2023-06-05,48800,52200,48750,50500,1942515,0.04338842975206614
2023-06-07,51200,52800,50000,52200,1660960,0.03366336633663369
2023-06-08,52500,58900,50600,57000,5398629,0.09195402298850586
2023-06-09,56200,56200,53500,54800,3118974,-0.038596491228070184
2023-06-12,54800,55600,53000,55000,1821826,0.0036496350364962904
2023-06-13,55200,56200,54000,55300,1347114,0.005454545454545379
2023-06-14,56200,64500,56000,58600,7353269,0.05967450271247743
2023-06-15,61700,63500,58900,60400,2907785,0.030716723549488067
2023-06-16,61300,61400,58500,60300,1249341,-0.0016556291390728006
2023-06-19,60000,61200,59200,59400,991452,-0.014925373134328401
2023-06-20,59500,62800,57600,60300,1856518,0.015151515151515138
2023-06-21,60000,60800,58700,58800,752381,-0.02487562189054726
2023-06-22,59200,60000,58800,59600,617807,0.013605442176870763
2023-06-23,59400,59600,57700,58100,619341,-0.025167785234899376
2023-06-26,56500,57400,55300,56000,789716,-0.03614457831325302
2023-06-27,55300,55400,52700,53600,949194,-0.042857142857142816
2023-06-28,54500,54900,53100,53700,681055,0.001865671641791078
2023-06-29,53400,53700,52000,52300,545793,-0.02607076350093107
2023-06-30,54600,56000,52400,53100,822038,0.015296367112810794
2023-07-03,53100,56400,52600,55800,1011297,0.05084745762711873
2023-07-04,56600,60400,56500,58800,1709090,0.053763440860215006
2023-07-05,61100,73600,60700,71200,9219700,0.2108843537414966
2023-07-06,73000,75300,70900,73600,4583816,0.03370786516853941
2023-07-07,74200,87800,74000,83000,9965616,0.1277173913043479
2023-07-10,85600,88500,83000,86900,4623967,0.04698795180722892
2023-07-11,89100,108800,88500,105900,10413568,0.2186421173762947
2023-07-12,101300,101300,92700,94300,6351466,-0.10953729933899903
2023-07-13,89700,97100,86500,95000,6089556,0.007423117709437932
2023-07-14,95000,103600,90500,101300,5960077,0.0663157894736841
2023-07-17,105400,115200,102000,112500,6387697,0.11056268509378087
2023-07-18,106500,117100,105000,111200,5183703,-0.011555555555555541
2023-07-19,114100,116400,109400,111300,3153673,0.0008992805755396738
2023-07-20,106000,111300,105900,108500,2651052,-0.02515723270440251
2023-07-21,111700,128900,110900,122400,9514146,0.1281105990783411
2023-07-24,130500,145000,126500,143200,5132902,0.16993464052287588
2023-07-25,143200,157500,143200,150900,2828497,0.053770949720670425
2023-07-26,163500,194000,126200,152200,8541007,0.008614976805831676
2023-07-27,156800,163500,108200,118000,8250389,-0.2247043363994744
2023-07-28,110000,134600,105400,134100,7337957,0.1364406779661016
2023-07-31,146700,160800,141000,159100,4556204,0.18642803877703207
2023-08-01,163000,171200,146800,151900,5524075,-0.045254556882463826
2023-08-02,143700,154700,137400,138100,3220373,-0.09084924292297569
2023-08-03,146100,149000,135000,149000,2847448,0.07892831281679946
2023-08-04,152000,158400,148000,155400,2325983,0.04295302013422808
2023-08-07,157800,160000,132500,146100,3951291,-0.05984555984555984
2023-08-08,142000,145500,134100,139900,3056904,-0.04243668720054761
2023-08-09,142000,153400,141300,143100,2842013,0.022873481057898548
2023-08-10,145000,147300,141300,143600,1372576,0.0034940600978337066
2023-08-11,139800,139900,128000,129900,2958557,-0.09540389972144847
2023-08-14,123200,134900,122000,131100,2344460,0.009237875288683695
2023-08-16,126100,128800,119600,119800,1740805,-0.08619374523264678
2023-08-17,119200,132700,118500,132500,2969257,0.10601001669449084
2023-08-18,134200,135700,125000,127800,1705722,-0.035471698113207495
2023-08-21,126000,136800,126000,132900,1439390,0.039906103286385
2023-08-22,134000,136500,127000,129600,2045816,-0.02483069977426633
2023-08-23,130700,130900,123300,123900,1001401,-0.04398148148148151
2023-08-24,126100,127400,121500,124400,982491,0.004035512510088823
2023-08-25,121600,130000,120300,126500,1127350,0.01688102893890675
2023-08-28,129200,132600,127600,132000,1005752,0.04347826086956519
2023-08-29,132500,137900,127300,133600,1600086,0.0121212121212122
2023-08-30,135200,135800,129100,129500,1039854,-0.030688622754491024
2023-08-31,128500,129500,126000,129000,897335,-0.0038610038610038533
2023-09-01,128600,128600,124500,125800,590604,-0.024806201550387597
2023-09-04,123000,127500,121600,126300,616639,0.003974562798092274
2023-09-05,126000,129300,123400,128200,719185,0.0150435471100554
2023-09-06,128800,138000,128800,132900,2062772,0.03666146645865842
2023-09-07,133200,133400,126000,130100,889706,-0.02106847253574118
2023-09-08,129400,137700,127500,136200,1141965,0.046887009992313544
2023-09-11,138400,142000,130800,131300,1368033,-0.03597650513950068
2023-09-12,135800,135900,123000,123400,1524173,-0.06016755521706019
2023-09-13,122000,125400,116000,117000,1203086,-0.05186385737439225
2023-09-14,117000,120900,113800,120400,874195,0.029059829059828957
2023-09-15,120300,131700,118500,129300,1476406,0.07392026578073096
2023-09-18,131000,132900,128000,131900,701100,0.02010827532869297
2023-09-19,132300,132800,128600,130000,418858,-0.014404852160727843
2023-09-20,129300,132200,129000,130800,424155,0.006153846153846176
2023-09-21,130800,133400,129200,129500,638277,-0.00993883792048933
2023-09-22,126100,128800,122500,127500,523074,-0.015444015444015413
2023-09-25,125800,127000,120800,120800,562574,-0.052549019607843084
2023-09-26,118500,123800,118200,118700,479658,-0.01738410596026485
2023-09-27,116300,121500,116000,120300,388982,0.01347935973041281
2023-10-04,120200,121500,117900,119100,504886,-0.009975062344139696
2023-10-05,121000,122000,109100,111000,744369,-0.06801007556675065
2023-10-06,108100,114300,108100,110100,508400,-0.008108108108108136
2023-10-10,110000,111800,102000,103000,876714,-0.06448683015440504
2023-10-11,105000,113900,103700,111000,735782,0.07766990291262132
2023-10-12,112100,119000,111600,118900,558207,0.07117117117117111
2023-10-13,120400,121500,115300,117000,511942,-0.015979814970563444
2023-10-16,113500,121100,113100,118200,569313,0.01025641025641022
2023-10-17,121000,121900,117500,117900,487392,-0.0025380710659898
2023-10-18,117600,119000,115400,117000,302298,-0.007633587786259555
2023-10-19,114300,114400,109100,110600,496401,-0.05470085470085473
2023-10-20,106100,109500,100500,103500,3993116,-0.06419529837251359
2023-10-23,103800,104600,98500,98900,674672,-0.0444444444444444
2023-10-24,99400,101000,91500,100800,1176799,0.01921132457027297
2023-10-25,101700,105000,92900,93000,785042,-0.07738095238095233
2023-10-26,89500,92100,84400,85600,1180729,-0.0795698924731183
2023-10-27,85400,92700,83000,91200,1244745,0.06542056074766345
2023-10-30,91000,97300,89100,95600,621385,0.04824561403508776
2023-10-31,96100,96100,87600,87800,764470,-0.08158995815899583
2023-11-01,89400,92500,86200,87400,635249,-0.004555808656036442
2023-11-02,91200,93700,90200,91700,767703,0.04919908466819223
2023-11-03,94600,96100,90700,92100,678664,0.004362050163576825
2023-11-06,105300,119700,100200,119700,2621575,0.2996742671009771
2023-11-07,119700,125300,106000,111000,2416160,-0.07268170426065168
2023-11-08,107500,111200,100000,101400,919919,-0.08648648648648649
2023-11-09,103500,104200,98500,102700,709710,0.012820512820512775
2023-11-10,99500,101900,97800,100400,385336,-0.022395326192794496
2023-11-13,101900,104200,99000,99600,412890,-0.007968127490039834
2023-11-14,101000,104600,100500,104200,656993,0.0461847389558232
2023-11-15,111500,111500,99000,100200,998669,-0.03838771593090207
2023-11-16,100200,101500,99000,99400,470574,-0.007984031936127733
2023-11-17,98800,99400,94400,98000,632147,-0.014084507042253502
2023-11-20,95500,101000,95500,99600,525121,0.01632653061224487
2023-11-21,100700,100900,96000,98700,558551,-0.009036144578313254
2023-11-22,97800,98400,96200,96800,438661,-0.019250253292806496
2023-11-23,97300,101300,96400,99900,619110,0.03202479338842967
2023-11-24,100500,109000,100000,105300,997123,0.054054054054053946
2023-11-27,107400,109500,105500,108200,701314,0.02754036087369416
2023-11-28,109900,124800,109500,115700,2197766,0.06931608133086886
2023-11-29,120500,122500,116500,121000,1397523,0.04580812445980986
2023-11-30,120700,129500,116800,128300,4397760,0.06033057851239665
2023-12-01,124400,127000,120500,122500,1018478,-0.04520654715510519
2023-12-04,122900,126600,114600,116900,1030032,-0.04571428571428571
2023-12-05,116900,120500,112000,113400,560446,-0.029940119760479056
2023-12-06,112200,113300,108600,110000,489580,-0.029982363315696703
2023-12-07,112800,113900,108000,112300,536720,0.020909090909090988
2023-12-08,113400,116100,112500,116000,444216,0.03294746215494215
2023-12-11,116700,116800,112900,113700,385757,-0.019827586206896508
2023-12-12,112900,114400,111400,114400,334345,0.006156552330694787
2023-12-13,113400,113500,108900,109600,439750,-0.04195804195804198
2023-12-14,111400,113000,109600,111700,514772,0.019160583941605802
2023-12-15,112600,117000,112200,115000,677629,0.029543419874664245
2023-12-18,117500,121900,115300,117800,850029,0.024347826086956514
2023-12-19,117800,118200,114000,115900,462765,-0.016129032258064502
2023-12-20,116800,117900,114400,115700,363415,-0.0017256255392580355
2023-12-21,114200,116200,111600,111800,508465,-0.0337078651685393
2023-12-22,111900,113400,108800,109000,430396,-0.025044722719141377
2023-12-26,104600,107000,101000,103800,737433,-0.047706422018348627
2023-12-27,103800,124000,102200,115900,3154061,0.11657032755298657
2023-12-28,117000,120200,107500,109200,2972899,-0.05780845556514236
2024-01-02,109200,110200,105700,105900,590091,-0.030219780219780223
2024-01-03,104600,104600,101600,104000,590200,-0.017941454202077378
2024-01-04,101300,104900,101000,102800,395247,-0.011538461538461497
2024-01-05,102300,107000,101200,104200,592555,0.013618677042801508
2024-01-08,105100,106300,103100,104900,326287,0.006717850287907945
2024-01-09,105200,107000,103900,104400,279458,-0.004766444232602529
2024-01-10,103600,104400,101200,101800,322179,-0.02490421455938696
2024-01-11,101900,103500,101200,101200,342969,-0.005893909626719096
2024-01-12,100600,101100,98000,99700,399230,-0.014822134387351804
2024-01-15,99500,101200,98400,99800,310384,0.0010030090270811698
2024-01-16,99000,100100,97700,98100,263982,-0.017034068136272507
2024-01-17,97100,97900,93500,93500,434439,-0.04689092762487257
2024-01-18,91800,95400,91000,91800,349514,-0.018181818181818188
2024-01-19,92000,93800,88600,89800,524170,-0.02178649237472763
2024-01-22,87100,89200,83000,83000,859776,-0.07572383073496658
2024-01-23,81400,84300,80300,80800,658701,-0.026506024096385583
2024-01-24,80500,81400,76600,79000,689108,-0.022277227722772297
2024-01-25,77900,78400,73600,75100,745916,-0.04936708860759498
2024-01-26,72800,82500,72300,80000,859425,0.06524633821571246
2024-01-29,82800,82900,76800,79000,518854,-0.012499999999999956
2024-01-30,79700,81900,77900,78000,369342,-0.012658227848101222
2024-01-31,77100,80100,76800,78100,331214,0.0012820512820512775
2024-02-01,77200,80000,75100,78900,364873,0.010243277848911658
2024-02-02,79400,82400,78900,80600,385021,0.02154626108998725
2024-02-05,80900,81100,79000,80500,247693,-0.001240694789081842
2024-02-06,79400,80400,77700,79500,271609,-0.012422360248447228
2024-02-07,81200,85700,80600,80900,589695,0.017610062893081757
2024-02-08,82800,84000,81500,83900,418095,0.03708281829419047
2024-02-13,85300,86000,82700,82900,479426,-0.011918951132300348
2024-02-14,81000,85300,79000,84000,454271,0.013268998793727338
2024-02-15,85200,99000,85100,94800,1831413,0.12857142857142856
2024-02-16,98800,99100,94200,95100,627558,0.0031645569620253333
2024-02-19,94000,96000,91000,91500,434487,-0.03785488958990535
2024-02-20,89800,93000,87200,92600,475676,0.012021857923497192
2024-02-21,89600,94600,89500,93000,445597,0.004319654427645814
2024-02-22,97200,97200,91600,92000,287659,-0.010752688172043001
2024-02-23,91000,92300,89700,90900,259514,-0.011956521739130421
2024-02-26,90000,92000,90000,90100,246364,-0.008800880088008833
2024-02-27,91000,94700,89700,91500,501109,0.015538290788013276
2024-02-28,94000,98000,92800,94900,670778,0.0371584699453551
2024-02-29,96600,97400,94800,96500,605250,0.01685985247629085
2024-03-04,98500,101200,98400,100400,570561,0.040414507772020825
2024-03-05,110100,129500,110000,125300,6891039,0.24800796812749004
2024-03-06,130500,134100,116000,118800,4212679,-0.05187549880287312
2024-03-07,122600,130000,118100,124200,2494920,0.045454545454545414
2024-03-08,126900,132000,123500,127700,2592648,0.028180354267310692
2024-03-11,129100,132600,122900,125300,1574901,-0.018794048551292075
2024-03-12,124200,127000,120000,126600,1080603,0.010375099760574713
2024-03-13,127300,127900,122100,123100,674915,-0.027646129541864184
2024-03-14,121900,129300,120100,125800,972301,0.021933387489845746
2024-03-15,123900,126400,121100,126400,1117572,0.004769475357710551
2024-03-18,126700,133400,124800,130100,1233354,0.029272151898734222
2024-03-19,133500,133600,126400,127100,734533,-0.02305918524212147
2024-03-20,127100,127100,123000,123000,512468,-0.032258064516129004
2024-03-21,124400,125400,122900,123000,435314,0.0
2024-03-22,120600,122400,118300,120000,695616,-0.024390243902439046
2024-03-25,118800,123000,116800,120500,610435,0.004166666666666652
2024-03-26,120000,121000,118200,118700,460076,-0.014937759336099532
2024-03-27,118000,118700,113000,114300,855213,-0.03706823925863523
2024-03-28,120000,120200,112500,113100,730513,-0.01049868766404205
2024-03-29,106000,121100,105600,115600,1585109,0.022104332449160102
2024-04-01,118900,120500,116600,118200,495306,0.02249134948096887
2024-04-02,117200,118000,113400,113900,385051,-0.03637901861252113
2024-04-03,110200,119000,108500,114400,3060601,0.004389815627743543
2024-04-04,116900,119100,112000,114800,449206,0.0034965034965035446
2024-04-05,112000,114300,109900,111600,345479,-0.027874564459930307
2024-04-08,108000,111200,106000,109700,465465,-0.01702508960573479
2024-04-09,111500,113400,108000,108300,312694,-0.012762078395624377
2024-04-11,106700,108300,104500,104800,338590,-0.032317636195752564
2024-04-12,104800,104800,100800,101000,464045,-0.0362595419847328
2024-04-15,97700,100800,97300,98400,442018,-0.025742574257425765
2024-04-16,96000,97600,93400,93700,556334,-0.04776422764227639
2024-04-17,92900,94700,90400,91700,481121,-0.021344717182497308
2024-04-18,92200,97600,92200,97100,428607,0.0588876772082878
2024-04-19,99300,100200,92200,94400,542963,-0.02780638516992795
2024-04-22,95600,97900,93400,96000,345296,0.016949152542372836
2024-04-23,96000,96800,93100,93200,262220,-0.029166666666666674
2024-04-24,96300,96500,93100,93900,322435,0.007510729613734002
2024-04-25,94000,94500,91100,91200,373830,-0.028753993610223683
2024-04-26,91600,92100,89600,92000,350444,0.00877192982456143
2024-04-29,92000,94500,90900,93700,286839,0.018478260869565277
2024-04-30,96200,96500,93200,94100,232993,0.004268943436499528
2024-05-02,93400,93500,91500,91500,215330,-0.02763018065887357
2024-05-03,91500,97800,90600,95200,510228,0.040437158469945444
2024-05-07,96700,104900,96100,104000,868705,0.09243697478991586
2024-05-08,106000,106100,99300,104500,610419,0.004807692307692291
2024-05-09,103000,103500,100400,100500,354105,-0.038277511961722466
2024-05-10,100500,101500,97300,98300,351463,-0.02189054726368156
2024-05-13,96800,100800,96000,96000,400606,-0.02339776195320442
2024-05-14,97600,100100,95100,95700,313405,-0.0031250000000000444
2024-05-16,97000,97100,95000,96700,252518,0.010449320794148287
2024-05-17,96000,98400,95200,95200,263084,-0.015511892450879028
2024-05-20,95200,96000,93900,94200,249891,-0.010504201680672232
2024-05-21,93500,93900,90700,90900,1082129,-0.035031847133757954
2024-05-22,90900,92700,88100,90100,499987,-0.008800880088008833
2024-05-23,88500,89900,87200,88100,441602,-0.02219755826859049
2024-05-24,85700,86800,84000,85100,471525,-0.034052213393870656
2024-05-27,84300,87700,81300,86800,789564,0.0199764982373678
2024-05-28,87000,87200,84000,84500,342383,-0.026497695852534586
2024-05-29,82700,83300,80500,80900,424691,-0.04260355029585794
2024-05-30,79200,82200,78700,78800,429771,-0.02595797280593326
2024-05-31,78300,85000,77500,83300,913109,0.05710659898477166
2024-06-03,83500,83900,81300,81600,340631,-0.020408163265306145
2024-06-04,80500,84000,80500,82000,328430,0.004901960784313708
2024-06-05,82000,88100,81300,85400,576556,0.04146341463414638
2024-06-07,87300,90100,85500,90000,529930,0.05386416861826704
2024-06-10,90200,90200,86000,87500,529585,-0.02777777777777779
2024-06-11,88200,92700,87900,89600,648697,0.02400000000000002
2024-06-12,89600,92400,87800,90600,330869,0.01116071428571419
2024-06-13,92000,92200,89500,90700,392839,0.001103752759381793
2024-06-14,90600,90600,87500,88500,390776,-0.02425578831312014
2024-06-17,87300,89000,86000,87600,217541,-0.01016949152542368
2024-06-18,88000,89000,85000,85100,274899,-0.028538812785388168
2024-06-19,83000,85500,82300,84800,478828,-0.003525264394829586
2024-06-20,84100,85200,82200,82400,261166,-0.028301886792452824
2024-06-21,81000,82600,80900,81200,301082,-0.014563106796116498
2024-06-24,81300,83800,80000,80400,342998,-0.009852216748768461
2024-06-25,82300,82900,80200,80800,231085,0.004975124378109541
2024-06-26,80900,82000,79000,79900,335488,-0.011138613861386149
2024-06-27,79900,81300,78800,79300,224311,-0.007509386733416723
2024-06-28,80400,91000,79400,86000,1401653,0.08448928121059263
2024-07-01,86100,86100,83600,84500,381725,-0.01744186046511631
2024-07-02,83400,87500,79300,87300,879936,0.03313609467455625
2024-07-03,86500,88000,82500,83600,692809,-0.04238258877434131
2024-07-04,84000,84900,81700,82800,388385,-0.009569377990430672
2024-07-05,82800,83300,80800,83000,345292,0.0024154589371980784
2024-07-08,83000,85000,81600,83200,348457,0.002409638554216942
2024-07-09,83500,86200,82700,84800,387050,0.019230769230769162
2024-07-10,84800,85000,82500,82500,283263,-0.027122641509433998
2024-07-11,82500,83600,81600,82800,360123,0.0036363636363636598
2024-07-12,82500,82500,80100,81200,303032,-0.019323671497584516
2024-07-15,81300,81900,80000,80100,225216,-0.013546798029556606
2024-07-16,80100,80100,77000,77300,433887,-0.03495630461922594
2024-07-17,77300,78200,74800,74900,388141,-0.031047865459249646
2024-07-18,73300,74700,71600,72600,461755,-0.03070761014686252
2024-07-19,72600,75600,72000,75600,303703,0.04132231404958686
2024-07-22,74900,74900,69700,70500,396593,-0.06746031746031744
2024-07-23,69600,71400,67100,67800,604443,-0.03829787234042559
2024-07-24,66700,68900,66000,66400,362531,-0.020648967551622377
2024-07-25,64800,67000,63000,66500,825872,0.001506024096385561
2024-07-26,66500,68200,64500,66500,373080,0.0
2024-07-29,66500,71300,65800,69100,459673,0.03909774436090219
2024-07-30,68700,70500,68500,69200,227531,0.0014471780028944004
2024-07-31,69200,69400,66500,67500,229163,-0.024566473988439252
