Date,Open,High,Low,Close,Volume,Change
2022-01-03,7415,7776,7343,7524,1173278,0.024370319945541175
2022-01-04,7920,8243,7559,7740,3527390,0.028708133971291794
2022-01-05,7559,7632,7343,7524,860450,-0.027906976744186074
2022-01-06,7199,7271,6839,6841,1135262,-0.09077618288144607
2022-01-07,6732,7380,6732,7057,1354188,0.03157433123812314
2022-01-10,7127,7127,6854,6920,403912,-0.019413348448349188
2022-01-11,6804,6897,6551,6631,525171,-0.04176300578034686
2022-01-12,6839,8208,6804,7236,9466799,0.09123812396320319
2022-01-13,7380,7992,7236,7308,3547396,0.00995024875621886
2022-01-14,7055,7149,6804,6948,1060263,-0.049261083743842415
2022-01-17,6948,7524,6948,7164,1972353,0.031088082901554515
2022-01-18,7092,7452,6962,7417,1653041,0.03531546621998882
2022-01-19,7178,7308,7099,7201,639085,-0.029122286638802786
2022-01-20,7142,7452,7077,7273,652963,0.009998611303985605
2022-01-21,7134,7380,7134,7308,566311,0.004812319538017418
2022-01-24,7192,7199,6854,6854,553667,-0.062123700054734554
2022-01-25,6911,6962,6227,6228,756056,-0.09133352786693905
2022-01-26,6162,6407,6148,6271,417643,0.006904303147077684
2022-01-27,6393,7185,5946,6063,2547321,-0.03316855365970339
2022-01-28,5983,6581,5824,6228,874321,0.027214250371103477
2022-02-03,6588,6595,6335,6336,470849,0.01734104046242768
2022-02-04,6263,7704,6263,6934,6828389,0.09438131313131315
2022-02-07,7020,7308,6883,7064,2055687,0.018748197288722235
2022-02-08,7084,7308,6940,7179,1386203,0.016279728199320553
2022-02-09,7415,7452,7106,7129,859078,-0.006964758322886233
2022-02-10,7236,7343,6919,6985,847180,-0.020199186421657966
2022-02-11,6919,7113,6623,6848,447336,-0.019613457408732993
2022-02-14,6623,7343,6623,7308,3848296,0.06717289719626174
2022-02-15,7487,8027,6739,6740,4411290,-0.07772304324028467
2022-02-16,7027,7236,6847,7057,1407375,0.04703264094955495
2022-02-17,7055,7236,6804,6869,1105716,-0.02664021538897543
2022-02-18,6861,7271,6839,7035,954083,0.02416654534866791
2022-02-21,6897,7084,6847,7006,341969,-0.00412224591329069
2022-02-22,6868,7192,6854,6876,807737,-0.01855552383671144
2022-02-23,6976,6998,6876,6934,344742,0.008435136707388047
2022-02-24,6832,6890,6479,6480,528957,-0.06547447360830694
2022-02-25,7055,7271,6681,6732,2315731,0.03888888888888897
2022-02-28,6739,7704,6695,6920,4731208,0.027926322043969165
2022-03-02,6890,7027,6876,6898,939822,-0.0031791907514451268
2022-03-03,6911,6962,6839,6884,660213,-0.002029573789504191
2022-03-04,6551,6588,6249,6444,1177616,-0.06391632771644395
2022-03-07,6407,6415,6105,6135,441758,-0.047951582867784004
2022-03-08,5904,6069,5839,5861,335528,-0.044661776691116595
2022-03-10,5997,6170,5925,5926,195486,0.011090257635215872
2022-03-11,5860,6004,5802,5883,238205,-0.007256159298008824
2022-03-14,5882,5882,5507,5638,265244,-0.04164541900390961
2022-03-15,5651,6544,5594,5876,2396876,0.042213550904576014
2022-03-16,5990,6055,5874,5941,255768,0.01106194690265494
2022-03-17,6170,6479,6069,6192,1541686,0.0422487796667228
2022-03-18,6263,6357,6170,6308,435349,0.018733850129198926
2022-03-21,6335,6457,6271,6293,508394,-0.002377932783766634
2022-03-22,6256,6372,6249,6264,187180,-0.004608294930875556
2022-03-23,6429,6437,6220,6221,360118,-0.006864623243933554
2022-03-24,6105,6263,5946,6099,343931,-0.019610995016878352
2022-03-25,6170,6249,6018,6027,279940,-0.011805213969503181
2022-03-28,6026,6026,5824,5890,234937,-0.022731043636966985
2022-03-29,5896,5997,5817,5825,216785,-0.011035653650254718
2022-03-30,6350,6839,6055,6099,2485522,0.047038626609442025
2022-03-31,6105,6155,6011,6070,229683,-0.0047548778488276655
2022-04-01,6018,6112,5983,6077,181761,0.0011532125205930832
2022-04-04,6076,6191,6040,6149,155343,0.011847951291755754
2022-04-05,6220,6234,5832,6164,259139,0.002439421044072132
2022-04-06,6162,6177,6055,6106,146544,-0.009409474367294002
2022-04-07,6055,6213,5997,6120,200465,0.0022928267278086167
2022-04-08,6206,6206,6055,6092,99334,-0.004575163398692794
2022-04-11,6055,6465,6011,6055,716588,-0.006073539067629641
2022-04-12,6055,6105,5976,6005,177021,-0.008257638315441795
2022-04-13,6011,6119,6004,6063,155759,0.009658617818484538
2022-04-14,6119,6335,6048,6048,485635,-0.002474022761009387
2022-04-15,6048,6257,6048,6118,144570,0.011574074074074181
2022-04-18,6203,6203,5916,5948,136256,-0.027786858450474017
2022-04-19,5916,5947,5668,5816,156320,-0.02219233355749828
2022-04-20,5815,5823,5730,5746,118108,-0.01203576341127921
2022-04-21,5831,5831,5684,5708,96924,-0.00661329620605644
2022-04-22,5699,5699,5583,5653,85309,-0.00963559915907497
2022-04-25,5506,5808,5459,5491,124508,-0.028657350079603794
2022-04-26,5668,5668,5467,5491,87684,0.0
2022-04-27,5366,5513,5312,5406,106410,-0.015479876160990669
2022-04-28,5413,5606,5173,5607,250152,0.037180910099889
2022-04-29,5544,6079,5351,5452,390096,-0.027644016408061356
2022-05-02,5351,5421,5304,5390,48680,-0.011371973587674278
2022-05-03,5498,5498,5374,5375,47342,-0.002782931354359919
2022-05-04,5374,5444,5304,5359,64191,-0.0029767441860465427
2022-05-06,5227,5359,5173,5181,109446,-0.0332151520806121
2022-05-09,5134,5235,4948,4980,108433,-0.038795599305153416
2022-05-10,4855,4987,4754,4972,110404,-0.0016064257028112205
2022-05-11,4917,5180,4917,5096,64854,0.02493966210780374
2022-05-12,4971,6621,4971,6621,2133367,0.2992543171114599
2022-05-13,6876,8363,6876,7187,17931365,0.08548557619694908
2022-05-16,7086,7465,7000,7163,3344340,-0.003339362738277396
2022-05-17,7256,8286,7217,7481,9528764,0.04439480664526041
2022-05-18,7783,7783,7380,7419,2110246,-0.008287662077262392
2022-05-19,7217,7581,7178,7411,1367528,-0.0010783124410297384
2022-05-20,7295,7488,7287,7295,772484,-0.015652408581837807
2022-05-23,7395,7713,7264,7481,2007375,0.02549691569568191
2022-05-24,9176,9486,7937,8132,13486715,0.08702045181125517
2022-05-25,8596,10145,8441,8828,18907564,0.0855878012788982
2022-05-26,8712,8944,8325,8325,1852555,-0.05697779791572266
2022-05-27,8402,8518,8131,8209,1444211,-0.01393393393393394
2022-05-30,7937,8286,7821,8209,1058088,0.0
2022-05-31,8092,8441,8054,8364,995559,0.01888171519064441
2022-06-02,8325,9176,8131,8945,3897406,0.06946437111429948
2022-06-03,8867,9099,8751,8983,977909,0.004248183342649536
2022-06-07,9022,9060,8441,8519,692426,-0.05165312256484467
2022-06-08,8518,8789,8363,8674,515580,0.01819462378213399
2022-06-09,8673,8673,8092,8248,597867,-0.04911228960110681
2022-06-10,8247,9873,8131,8480,2225723,0.02812803103782735
2022-06-13,9910,11000,9900,11000,6095501,0.2971698113207548
2022-06-14,11900,12450,9600,9630,2670253,-0.12454545454545451
2022-06-15,9720,9740,8600,8700,791445,-0.09657320872274144
2022-06-16,8900,9090,8340,8520,606934,-0.020689655172413834
2022-06-17,8350,10350,8000,9570,5577439,0.12323943661971826
2022-06-20,9790,9870,8400,8580,1014150,-0.10344827586206895
2022-06-21,8420,9450,8130,8670,1721920,0.010489510489510412
2022-06-22,7180,7320,6600,6600,2735832,-0.23875432525951557
2022-06-23,6840,6910,6250,6270,909024,-0.050000000000000044
2022-06-24,6200,6930,6170,6670,1573906,0.06379585326953752
2022-06-27,7000,7840,6910,7380,4858794,0.1064467766116941
2022-06-28,7520,7620,6630,6710,1967084,-0.09078590785907859
2022-06-29,6220,7000,6220,6750,1980018,0.005961251862891315
2022-06-30,6660,6840,6550,6630,565788,-0.01777777777777778
2022-07-01,6540,6610,6050,6240,1169338,-0.05882352941176472
2022-07-04,6300,6310,5700,5780,766929,-0.07371794871794868
2022-07-05,5820,6280,5710,6080,1189890,0.05190311418685112
2022-07-06,6100,6400,5940,6080,805884,0.0
2022-07-07,6570,6570,6210,6230,1806389,0.024671052631578982
2022-07-08,6310,6440,6230,6230,583380,0.0
2022-07-11,6450,7500,6390,6660,8199070,0.0690208667736758
2022-07-12,6480,6510,6270,6270,813765,-0.058558558558558516
2022-07-13,6350,6660,6300,6500,1335396,0.03668261562998398
2022-07-14,6490,6800,6430,6610,1968993,0.01692307692307682
2022-07-15,6640,6650,6360,6430,560624,-0.027231467473525006
2022-07-18,6490,6650,6430,6540,674473,0.01710730948678063
2022-07-19,6470,6600,6390,6560,356335,0.003058103975535076
2022-07-20,6690,6890,6620,6650,876334,0.013719512195121908
2022-07-21,6720,6760,6610,6610,348478,-0.006015037593984918
2022-07-22,7000,7520,6710,6730,6337026,0.018154311649016597
2022-07-25,6740,6850,6650,6650,444602,-0.011887072808320909
2022-07-26,6650,6700,6520,6540,380717,-0.016541353383458635
2022-07-27,6520,6650,6500,6580,254609,0.006116207951070374
2022-07-28,6660,6770,6630,6630,360314,0.0075987841945288626
2022-07-29,6760,6860,6690,6740,497412,0.016591251885369473
2022-08-01,6820,6990,6780,6960,616791,0.03264094955489605
2022-08-02,7080,7090,6780,6850,480137,-0.015804597701149392
2022-08-03,6910,7070,6860,7060,637405,0.03065693430656924
2022-08-04,7100,7250,7030,7160,843976,0.014164305949008416
2022-08-05,7210,7210,7090,7190,468931,0.0041899441340782495
2022-08-08,7260,9000,7000,7920,12705465,0.10152990264255912
2022-08-09,7840,7960,7660,7700,2270845,-0.02777777777777779
2022-08-10,8130,8810,7800,7980,14949777,0.036363636363636376
2022-08-11,7950,8080,7810,7950,1599199,-0.003759398496240629
2022-08-12,7850,7860,7550,7580,1364399,-0.046540880503144644
2022-08-16,7880,8210,7660,7670,2390412,0.01187335092348274
2022-08-17,7600,7710,7360,7390,835907,-0.03650586701434155
2022-08-18,7300,7430,7130,7280,590445,-0.014884979702300405
2022-08-19,7500,7500,7120,7150,510321,-0.017857142857142905
2022-08-22,6970,7090,6810,6930,608733,-0.03076923076923077
2022-08-23,6800,6820,6670,6710,538751,-0.031746031746031744
2022-08-24,6710,6840,6640,6760,329187,0.007451564828613977
2022-08-25,6740,6970,6740,6910,372753,0.022189349112426093
2022-08-26,6910,6950,6720,6780,379650,-0.01881331403762665
2022-08-29,6400,6590,6370,6490,365897,-0.042772861356932146
2022-08-30,6510,6590,6470,6540,166224,0.007704160246533087
2022-08-31,6520,6600,6450,6590,204270,0.007645259938837912
2022-09-01,6590,6640,6350,6350,337875,-0.036418816388467334
2022-09-02,6460,6460,6270,6320,169227,-0.0047244094488189115
2022-09-05,6260,6340,6030,6090,329786,-0.03639240506329111
2022-09-06,6090,6300,6090,6220,181384,0.021346469622331776
2022-09-07,6190,6310,6000,6020,240901,-0.032154340836012874
2022-09-08,6100,6220,6040,6040,210194,0.0033222591362125353
2022-09-13,6310,6650,6210,6300,692567,0.04304635761589415
2022-09-14,6010,6210,6010,6190,155079,-0.01746031746031751
2022-09-15,6190,6270,6100,6110,197295,-0.012924071082390909
2022-09-16,6070,6180,5990,6000,199687,-0.018003273322422242
2022-09-19,6010,6030,5730,5780,203979,-0.036666666666666625
2022-09-20,5780,6180,5780,5920,478676,0.02422145328719716
2022-09-21,5890,5930,5800,5880,121903,-0.006756756756756799
2022-09-22,5760,5860,5590,5810,219228,-0.011904761904761862
2022-09-23,5720,5770,5500,5500,221648,-0.05335628227194489
2022-09-26,5460,5480,5010,5140,369132,-0.06545454545454543
2022-09-27,5040,5300,4865,5010,482049,-0.02529182879377434
2022-09-28,5050,5120,4700,4790,334156,-0.043912175648702645
2022-09-29,4845,5530,4790,4790,1091872,0.0
2022-09-30,4650,4855,4605,4685,246542,-0.02192066805845516
2022-10-04,4980,5050,4735,4980,506407,0.06296691568836721
2022-10-05,5510,5700,4995,5000,1480886,0.004016064257028162
2022-10-06,5000,5120,4875,5050,270650,0.010000000000000009
2022-10-07,5030,5180,4950,5010,208155,-0.007920792079207928
2022-10-11,4815,4815,4600,4625,254098,-0.07684630738522957
2022-10-12,4525,4620,4450,4560,217773,-0.014054054054054022
2022-10-13,4500,4580,4100,4105,364547,-0.09978070175438591
2022-10-14,4180,4450,4180,4295,345146,0.04628501827040199
2022-10-17,4105,4330,4060,4275,160959,-0.00465657741559955
2022-10-18,4410,4535,4360,4500,250137,0.05263157894736836
2022-10-19,4500,4570,4410,4420,216597,-0.01777777777777778
2022-10-20,4380,4470,4305,4340,105469,-0.018099547511312264
2022-10-21,4390,4390,4205,4210,118386,-0.02995391705069128
2022-10-24,4310,4370,4230,4255,103133,0.010688836104512989
2022-10-25,4255,4320,4190,4260,84067,0.001175088131609936
2022-10-26,4470,5090,4130,4360,4237516,0.023474178403755763
2022-10-27,4290,4925,4280,4725,2610482,0.08371559633027514
2022-10-28,5230,5550,4855,4855,5238615,0.02751322751322749
2022-10-31,4905,5160,4900,4945,1031044,0.018537590113285374
2022-11-01,4945,5050,4905,4965,502522,0.004044489383215444
2022-11-02,4940,4975,4800,4800,364750,-0.033232628398791486
2022-11-03,4640,4900,4620,4810,287230,0.002083333333333437
2022-11-04,4760,4970,4695,4860,388900,0.01039501039501034
2022-11-07,4815,4920,4815,4840,236790,-0.004115226337448541
2022-11-08,4870,4970,4825,4895,279365,0.011363636363636465
2022-11-09,4895,4980,4860,4905,226168,0.0020429009193054792
2022-11-10,4900,4900,4760,4800,236691,-0.021406727828746197
2022-11-11,5100,5100,4950,5030,603430,0.04791666666666661
2022-11-14,5050,5320,5010,5230,596753,0.03976143141153088
2022-11-15,5170,5230,5010,5070,387323,-0.030592734225621365
2022-11-16,5100,5110,4940,5000,228975,-0.013806706114398382
2022-11-17,4995,5000,4900,4925,114259,-0.015000000000000013
2022-11-18,4980,5050,4900,4920,154696,-0.0010152284263958977
2022-11-21,4990,4990,4780,4810,164720,-0.022357723577235755
2022-11-22,4730,4800,4650,4685,205616,-0.02598752598752596
2022-11-23,4685,4715,4440,4685,153526,0.0
2022-11-24,4730,4865,4730,4825,189808,0.029882604055496254
2022-11-25,4795,4795,4715,4725,121861,-0.020725388601036232
2022-11-28,4740,4850,4665,4665,108724,-0.012698412698412653
2022-11-29,4620,4720,4600,4705,130348,0.008574490889603492
2022-11-30,4605,4720,4605,4645,138144,-0.012752391073326264
2022-12-01,4795,4915,4745,4870,435347,0.0484391819160388
2022-12-02,4880,4880,4735,4740,129416,-0.026694045174537995
2022-12-05,4740,4760,4660,4685,82024,-0.011603375527426185
2022-12-06,4655,4675,4575,4580,95445,-0.022411953041622246
2022-12-07,4530,4555,4450,4490,98309,-0.01965065502183405
2022-12-08,4470,4500,4350,4375,106197,-0.025612472160356337
2022-12-09,4365,4445,4365,4385,123412,0.0022857142857142243
2022-12-12,4380,4425,4340,4370,65080,-0.0034207525655644
2022-12-13,4375,4395,4265,4295,112568,-0.017162471395881007
2022-12-14,4230,4385,4230,4380,126164,0.019790454016298087
2022-12-15,4380,4400,4280,4325,75288,-0.01255707762557079
2022-12-16,4260,4330,4225,4260,67907,-0.015028901734104094
2022-12-19,4170,4250,4145,4190,97296,-0.016431924882629123
2022-12-20,4150,4175,4080,4120,106001,-0.01670644391408116
2022-12-21,4120,4265,4080,4150,132111,0.00728155339805836
2022-12-22,4400,4970,4360,4435,3015711,0.06867469879518073
2022-12-23,4400,4400,4115,4145,313751,-0.0653889515219842
2022-12-26,4100,4160,4035,4050,174237,-0.022919179734619988
2022-12-27,4015,4080,4005,4035,165702,-0.0037037037037036535
2022-12-28,4045,4080,4005,4010,117184,-0.006195786864931829
2022-12-29,4015,4015,3850,3850,158653,-0.03990024937655856
2023-01-02,3785,3920,3680,3710,205479,-0.036363636363636376
2023-01-03,3680,3730,3545,3680,170603,-0.008086253369272267
2023-01-04,3610,3970,3600,3855,273996,0.04755434782608692
2023-01-05,3865,3905,3790,3795,88389,-0.015564202334630295
2023-01-06,3725,3860,3725,3830,64785,0.00922266139657446
2023-01-09,3835,3965,3835,3960,107733,0.03394255874673635
2023-01-10,4000,4090,3970,3975,164980,0.0037878787878788955
2023-01-11,4030,4070,3985,4035,67018,0.015094339622641506
2023-01-12,4125,4125,4020,4100,100562,0.01610904584882289
2023-01-13,4155,4155,4055,4080,92882,-0.004878048780487809
2023-01-16,4100,4120,4030,4035,93602,-0.011029411764705843
2023-01-17,4040,4630,4000,4210,4588144,0.04337050805452303
2023-01-18,4190,4285,4125,4170,295933,-0.009501187648456089
2023-01-19,4100,4230,4070,4125,123641,-0.010791366906474864
2023-01-20,4095,4145,4095,4110,100737,-0.0036363636363636598
2023-01-25,4210,4230,4145,4185,152783,0.018248175182481674
2023-01-26,4200,4290,4190,4270,186944,0.020310633213858953
2023-01-27,4300,4395,4230,4245,249169,-0.005854800936768156
2023-01-30,4385,4585,4310,4515,737326,0.06360424028268552
2023-01-31,4425,4485,4350,4460,219306,-0.01218161683277963
2023-02-01,4505,4600,4445,4470,306314,0.0022421524663676085
2023-02-02,4500,4550,4410,4470,129630,0.0
2023-02-03,4535,4540,4450,4475,99569,0.0011185682326622093
2023-02-06,4460,4680,4385,4490,156030,0.003351955307262511
2023-02-07,4450,4540,4450,4515,105680,0.0055679287305121505
2023-02-08,4520,4535,4480,4500,111563,-0.0033222591362126463
2023-02-09,4515,4595,4455,4460,198234,-0.008888888888888835
2023-02-10,4465,4465,4340,4360,101904,-0.022421524663677084
2023-02-13,4360,4360,4235,4300,125065,-0.013761467889908285
2023-02-14,4305,4345,4260,4320,49593,0.0046511627906977715
2023-02-15,4340,4365,4160,4185,96816,-0.03125
2023-02-16,4205,4360,4205,4290,108860,0.02508960573476693
2023-02-17,4280,4465,4215,4450,161408,0.037296037296037365
2023-02-20,4410,4495,4350,4465,155368,0.003370786516853963
2023-02-21,4455,4485,4410,4460,66284,-0.0011198208286674616
2023-02-22,4375,4420,4280,4285,81688,-0.039237668161434924
2023-02-23,4365,4365,4255,4300,75001,0.003500583430571691
2023-02-24,4275,4375,4175,4200,134236,-0.023255813953488413
2023-02-27,4195,4200,4065,4165,64361,-0.008333333333333304
2023-02-28,4165,4350,4165,4310,125753,0.034813925570228
2023-03-02,4310,4310,4170,4220,113734,-0.02088167053364265
2023-03-03,4200,4300,4125,4250,124904,0.007109004739336511
2023-03-06,4245,4625,4245,4550,1273317,0.07058823529411762
2023-03-07,4800,5380,4630,5100,6016883,0.1208791208791209
2023-03-08,5030,5290,5000,5060,1654760,-0.007843137254901933
2023-03-09,5060,5200,4785,4980,951322,-0.015810276679841917
2023-03-10,4790,4850,4570,4575,498974,-0.08132530120481929
2023-03-13,4575,4705,4440,4695,263291,0.026229508196721207
2023-03-14,4695,4695,4295,4295,390038,-0.0851970181043663
2023-03-15,4340,4465,4315,4360,246221,0.015133876600698537
2023-03-16,4300,4310,4120,4205,219077,-0.03555045871559637
2023-03-17,4260,4400,4250,4365,166759,0.038049940546967864
2023-03-20,4310,4400,4300,4385,114210,0.004581901489117968
2023-03-21,4375,4465,4340,4360,154386,-0.005701254275940704
2023-03-22,4425,4440,4260,4320,239651,-0.00917431192660545
2023-03-23,4300,4370,4230,4270,186380,-0.01157407407407407
2023-03-24,4370,4395,4245,4335,151759,0.015222482435597096
2023-03-27,4320,4360,4155,4300,371782,-0.008073817762399127
2023-03-28,4285,4400,4240,4370,298204,0.016279069767441756
2023-03-29,4370,4680,4320,4540,608833,0.0389016018306636
2023-03-30,4650,4850,4555,4610,758968,0.01541850220264318
2023-03-31,4615,4620,4475,4535,217752,-0.01626898047722347
2023-04-03,4595,4615,4500,4545,189406,0.0022050716648291946
2023-04-04,4500,4945,4500,4560,1383980,0.0033003300330032292
2023-04-05,4565,4735,4485,4670,372511,0.02412280701754388
2023-04-06,4635,4815,4600,4620,312087,-0.010706638115631661
2023-04-07,4620,4635,4460,4515,405093,-0.022727272727272707
2023-04-10,4515,4605,4410,4470,299899,-0.009966777408637828
2023-04-11,4470,4720,4405,4675,536280,0.045861297539149914
2023-04-12,4835,5000,4610,4920,1312666,0.05240641711229954
2023-04-13,5040,5130,4840,4845,873931,-0.015243902439024404
2023-04-14,4850,4990,4810,4850,341602,0.0010319917440659854
2023-04-17,4850,4945,4620,4880,274612,0.006185567010309256
2023-04-18,4900,4900,4700,4810,316546,-0.014344262295082011
2023-04-19,4800,4905,4720,4795,313834,-0.0031185031185031464
2023-04-20,4740,4795,4590,4615,278390,-0.037539103232533844
2023-04-21,4540,4610,4470,4490,211178,-0.02708559046587211
2023-04-24,4445,4535,4390,4400,155129,-0.020044543429844075
2023-04-25,4455,4455,4200,4300,231541,-0.022727272727272707
2023-04-26,4210,4320,4160,4215,153496,-0.019767441860465085
2023-04-27,4210,4230,4075,4225,144888,0.0023724792408066353
2023-04-28,4185,4340,4050,4060,221532,-0.03905325443786978
2023-05-02,4060,4220,4060,4195,100883,0.03325123152709364
2023-05-03,4155,4240,4115,4165,100895,-0.007151370679380209
2023-05-04,4160,4165,4080,4125,126264,-0.009603841536614643
2023-05-08,4130,4250,4130,4165,103835,0.00969696969696976
2023-05-09,4155,5140,4000,4460,3425346,0.07082833133253308
2023-05-10,4325,4580,4225,4505,1587664,0.010089686098654793
2023-05-11,4405,4490,4310,4310,547790,-0.04328523862375133
2023-05-12,4315,4885,4255,4610,4467310,0.06960556844547572
2023-05-15,4635,4770,4400,4635,1117833,0.005422993492407713
2023-05-16,4715,5000,4640,4785,2211974,0.032362459546925626
2023-05-17,4820,4925,4705,4720,1064544,-0.013584117032392928
2023-05-18,4720,4825,4640,4710,350754,-0.0021186440677966045
2023-05-19,4720,4755,4600,4600,324102,-0.023354564755838636
2023-05-22,4625,4690,4540,4630,201249,0.006521739130434856
2023-05-23,4695,4775,4595,4600,253662,-0.006479481641468721
2023-05-24,4600,4605,4510,4525,153573,-0.016304347826086918
2023-05-25,4530,4530,4395,4395,215409,-0.02872928176795575
2023-05-26,4395,4440,4125,4320,270946,-0.017064846416382284
2023-05-30,4320,4400,4280,4320,109825,0.0
2023-05-31,4320,4350,4280,4285,101255,-0.00810185185185186
2023-06-01,4235,4350,4235,4345,133548,0.014002333722286986
2023-06-02,4385,4385,4310,4350,89428,0.0011507479861909697
2023-06-05,4360,4445,4340,4430,104432,0.01839080459770126
2023-06-07,4385,4440,4385,4395,106742,-0.007900677200902928
2023-06-08,4390,4390,4290,4300,147004,-0.021615472127417545
2023-06-09,4295,4350,4290,4300,80208,0.0
2023-06-12,4300,4300,4245,4270,80617,-0.006976744186046546
2023-06-13,4280,4330,4270,4310,70769,0.00936768149882905
2023-06-14,4370,4370,4190,4215,249716,-0.022041763341067333
2023-06-15,4215,4250,4135,4140,143986,-0.017793594306049876
2023-06-16,4145,4240,4140,4150,108018,0.0024154589371980784
2023-06-19,4165,4165,4080,4150,80501,0.0
2023-06-20,4110,4150,4110,4130,81045,-0.004819277108433773
2023-06-21,4150,4415,4140,4215,173544,0.02058111380145289
2023-06-22,4170,4235,4135,4220,63749,0.0011862396204034287
2023-06-23,4190,4220,4120,4125,110940,-0.02251184834123221
2023-06-26,4120,4140,4080,4130,59495,0.00121212121212122
2023-06-27,4120,4185,4115,4135,71035,0.001210653753026536
2023-06-28,4145,4170,4125,4140,58349,0.0012091898428052694
2023-06-29,4135,4140,4065,4075,77703,-0.0157004830917874
2023-06-30,4085,4180,4075,4160,80308,0.020858895705521574
2023-07-03,4165,4255,4165,4210,90425,0.012019230769230838
2023-07-04,4620,4970,4260,4260,2945118,0.01187648456057011
2023-07-05,4330,4480,4205,4295,841764,0.008215962441314506
2023-07-06,4285,4420,4275,4300,424453,0.0011641443538998875
2023-07-07,4355,4435,4225,4240,230574,-0.013953488372092981
2023-07-10,4470,4470,4305,4305,389558,0.015330188679245182
2023-07-11,4375,4510,4370,4480,543440,0.04065040650406515
2023-07-12,4500,4550,4380,4420,259913,-0.013392857142857095
2023-07-13,4455,4465,4335,4340,148237,-0.018099547511312264
2023-07-14,4370,4380,4255,4320,135404,-0.004608294930875556
2023-07-17,4280,4315,4210,4270,129030,-0.01157407407407407
2023-07-18,4240,4375,4240,4320,202119,0.011709601873536313
2023-07-19,4275,4320,4180,4200,192958,-0.02777777777777779
2023-07-20,4200,4245,4155,4170,67162,-0.0071428571428571175
2023-07-21,3995,4170,3995,4110,234565,-0.014388489208633115
2023-07-24,4095,4095,3900,3920,284735,-0.04622871046228716
2023-07-25,3870,4145,3820,3900,235791,-0.005102040816326481
2023-07-26,3850,3880,3650,3690,368690,-0.05384615384615388
2023-07-27,3685,4050,3680,3820,342184,0.035230352303523116
2023-07-28,3820,4080,3790,4035,167848,0.05628272251308908
2023-07-31,4015,4095,3965,4015,99303,-0.00495662949194553
2023-08-01,3910,4070,3810,4010,121813,-0.001245330012453305
2023-08-02,3925,4030,3915,3915,70693,-0.023690773067331694
2023-08-03,3895,3955,3835,3840,60978,-0.019157088122605415
2023-08-04,3850,3995,3805,3880,34468,0.01041666666666674
2023-08-07,3880,3940,3805,3870,79795,-0.002577319587628857
2023-08-08,3820,3880,3775,3790,103961,-0.02067183462532296
2023-08-09,3790,3880,3765,3855,53164,0.01715039577836408
2023-08-10,3830,3895,3810,3885,39093,0.0077821011673151474
2023-08-11,3900,4065,3900,3985,149529,0.025740025740025763
2023-08-14,3990,4035,3910,3910,82663,-0.01882057716436636
2023-08-16,3830,3950,3725,3750,173944,-0.04092071611253201
2023-08-17,3690,3810,3620,3705,146282,-0.01200000000000001
2023-08-18,3660,3900,3650,3740,79984,0.009446693657219951
2023-08-21,3735,3805,3710,3730,53778,-0.002673796791443861
2023-08-22,3705,3740,3650,3660,61729,-0.018766756032171594
2023-08-23,3630,3735,3620,3700,51262,0.010928961748633892
2023-08-24,3670,3715,3670,3710,26935,0.002702702702702675
2023-08-25,3650,3695,3635,3660,25395,-0.013477088948787075
2023-08-28,3700,3700,3640,3695,92136,0.0095628415300546
2023-08-29,3690,3765,3670,3755,72694,0.016238159675236785
2023-08-30,3735,3860,3735,3800,88753,0.011984021304926706
2023-08-31,3800,3830,3705,3740,43692,-0.015789473684210575
2023-09-01,3760,3760,3660,3660,62580,-0.021390374331550777
2023-09-04,3690,3750,3625,3650,100633,-0.002732240437158473
2023-09-05,3630,3700,3625,3675,43419,0.006849315068493178
2023-09-06,3640,3675,3600,3600,60933,-0.020408163265306145
2023-09-07,3555,3590,3490,3490,106535,-0.030555555555555558
2023-09-08,3490,3550,3420,3440,65547,-0.014326647564469885
2023-09-11,3440,3535,3425,3510,50538,0.02034883720930236
2023-09-12,3525,3605,3480,3480,71030,-0.008547008547008517
2023-09-13,3450,3485,3375,3380,77197,-0.028735632183908066
2023-09-14,3355,3410,3340,3410,84266,0.008875739644970349
2023-09-15,3415,3495,3405,3445,44557,0.01026392961876832
2023-09-18,3405,3435,3325,3325,62276,-0.03483309143686497
2023-09-19,3305,3335,3205,3255,82863,-0.021052631578947323
2023-09-20,3255,3310,3235,3280,35467,0.007680491551459223
2023-09-21,3280,3285,3110,3135,71478,-0.044207317073170715
2023-09-22,3135,3135,3050,3130,64639,-0.0015948963317384823
2023-09-25,3130,3145,3060,3090,40874,-0.012779552715655007
2023-09-26,3040,3110,3030,3035,94927,-0.017799352750809017
2023-09-27,3015,3090,3015,3090,40032,0.01812191103789118
2023-10-04,3085,3085,2900,2930,62640,-0.05177993527508096
2023-10-05,2925,3015,2890,2950,52409,0.006825938566553003
2023-10-06,2910,3055,2910,3025,92397,0.025423728813559254
2023-10-10,3025,3050,2905,2940,54191,-0.028099173553719048
2023-10-11,2955,3060,2955,3005,85306,0.022108843537415046
2023-10-12,2940,3055,2940,3025,58344,0.006655574043261225
2023-10-13,3010,3035,2970,3010,44705,-0.0049586776859503745
2023-10-16,3010,3010,2840,2875,79201,-0.04485049833887045
2023-10-17,2860,2955,2850,2925,34096,0.017391304347825987
2023-10-18,2895,2950,2890,2930,18874,0.0017094017094017033
2023-10-19,2870,2900,2745,2760,81931,-0.058020477815699634
2023-10-20,2760,2945,2600,2860,219583,0.03623188405797095
2023-10-23,2835,2990,2750,2875,84272,0.005244755244755206
2023-10-24,2820,2895,2730,2895,51197,0.006956521739130528
2023-10-25,2895,2900,2800,2810,24798,-0.029360967184801412
2023-10-26,2700,2795,2660,2715,57969,-0.03380782918149461
2023-10-27,2685,2780,2645,2690,29024,-0.009208103130755041
2023-10-30,2690,2850,2685,2685,29641,-0.0018587360594795044
2023-10-31,2700,2725,2610,2635,41253,-0.01862197392923648
2023-11-01,2620,2700,2610,2695,27507,0.022770398481973375
2023-11-02,2705,2775,2700,2750,31212,0.020408163265306145
2023-11-03,2785,2800,2755,2785,20757,0.012727272727272698
2023-11-06,2790,2850,2775,2840,59990,0.019748653500897717
2023-11-07,2845,2850,2770,2840,51357,0.0
2023-11-08,2840,2845,2775,2775,45285,-0.022887323943661997
2023-11-09,2780,2820,2760,2810,32471,0.012612612612612706
2023-11-10,2805,2805,2740,2750,19239,-0.02135231316725983
2023-11-13,2750,2820,2710,2765,35419,0.005454545454545379
2023-11-14,2745,2805,2745,2800,46883,0.012658227848101333
2023-11-15,2820,2880,2820,2855,55165,0.019642857142857073
2023-11-16,2860,2895,2840,2875,28889,0.007005253940455258
2023-11-17,2880,2880,2795,2795,25598,-0.02782608695652178
2023-11-20,2725,2805,2725,2795,77863,0.0
2023-11-21,2750,2850,2750,2820,44388,0.008944543828264706
2023-11-22,2825,2835,2805,2810,26354,-0.0035460992907800915
2023-11-23,2810,2825,2800,2825,19923,0.005338078291814874
2023-11-24,2825,2855,2825,2835,22311,0.003539823008849474
2023-11-27,2840,2845,2775,2815,47119,-0.007054673721340388
2023-11-28,2820,2820,2770,2775,31244,-0.014209591474245165
2023-11-29,2800,2805,2710,2735,36708,-0.014414414414414378
2023-11-30,2740,2795,2740,2775,21622,0.014625228519195677
2023-12-01,2780,2795,2730,2775,37564,0.0
2023-12-04,2775,2775,2695,2710,49236,-0.023423423423423406
2023-12-05,2725,2730,2680,2710,58763,0.0
2023-12-06,2710,2720,2680,2705,32328,-0.0018450184501844769
2023-12-07,2760,2760,2635,2660,35280,-0.01663585951940849
2023-12-08,2685,2690,2650,2660,31546,0.0
2023-12-11,2670,2870,2650,2720,59130,0.022556390977443552
2023-12-12,2715,2805,2680,2770,54104,0.018382352941176405
2023-12-13,2800,2815,2745,2785,27343,0.005415162454873723
2023-12-14,2795,2845,2725,2780,62113,-0.0017953321364452268
2023-12-15,2945,3250,2800,2820,857733,0.014388489208633004
2023-12-18,2820,2820,2610,2760,84709,-0.021276595744680882
2023-12-19,2760,2845,2675,2765,34780,0.0018115942028984477
2023-12-20,2775,2840,2745,2835,71852,0.025316455696202445
2023-12-21,2830,3070,2800,2980,138091,0.051146384479717755
2023-12-22,2980,2980,2840,2885,101264,-0.03187919463087252
2023-12-26,2880,2885,2705,2780,72672,-0.036395147313691534
2023-12-27,2815,2815,2760,2800,73637,0.007194244604316502
2023-12-28,2740,2820,2740,2800,116820,0.0
2024-01-02,2775,2915,2775,2850,42344,0.017857142857142794
2024-01-03,2850,2890,2800,2860,44840,0.0035087719298245723
2024-01-04,2825,2890,2800,2820,53710,-0.013986013986013957
2024-01-05,2805,2890,2800,2870,54384,0.01773049645390068
2024-01-08,2870,2910,2835,2860,46112,-0.0034843205574912606
2024-01-09,2830,2890,2830,2855,77762,-0.0017482517482517723
2024-01-10,2860,2910,2825,2910,70589,0.019264448336252293
2024-01-11,2910,2940,2875,2930,61152,0.0068728522336769515
2024-01-12,2930,2930,2835,2850,77707,-0.027303754266211566
2024-01-15,2850,2870,2815,2860,27657,0.0035087719298245723
2024-01-16,2850,2880,2800,2830,28917,-0.010489510489510523
2024-01-17,2820,2825,2675,2685,97741,-0.051236749116607805
2024-01-18,2685,2710,2665,2670,31049,-0.005586592178770999
2024-01-19,2670,2800,2670,2735,49112,0.02434456928838946
2024-01-22,2735,2775,2680,2700,38579,-0.012797074954296161
2024-01-23,2745,2750,2670,2680,58453,-0.007407407407407418
2024-01-24,2680,2680,2595,2600,68675,-0.02985074626865669
2024-01-25,2600,2660,2545,2630,75020,0.011538461538461497
2024-01-26,2650,2650,2600,2630,38339,0.0
2024-01-29,2600,2675,2575,2580,34805,-0.019011406844106515
2024-01-30,2580,2645,2550,2580,45237,0.0
2024-01-31,2625,2625,2435,2540,102413,-0.015503875968992276
2024-02-01,2535,2535,2445,2455,53331,-0.03346456692913391
2024-02-02,2455,2560,2450,2525,48113,0.02851323828920571
2024-02-05,2530,2625,2530,2580,60820,0.0217821782178218
2024-02-06,2580,2605,2510,2555,33748,-0.009689922480620172
2024-02-07,2555,2630,2530,2570,29441,0.005870841487279899
2024-02-08,2630,2630,2525,2575,25204,0.0019455252918287869
2024-02-13,2605,2605,2550,2600,55829,0.009708737864077666
2024-02-14,2600,2615,2520,2605,29986,0.0019230769230769162
2024-02-15,2620,2630,2540,2620,34977,0.0057581573896352545
2024-02-16,2590,2660,2590,2645,50046,0.009541984732824416
2024-02-19,2645,2660,2615,2625,21821,-0.007561436672967825
2024-02-20,2560,2635,2560,2630,42204,0.0019047619047618536
2024-02-21,2550,2660,2550,2605,41455,-0.009505703422053258
2024-02-22,2605,2615,2565,2580,30798,-0.009596928982725572
2024-02-23,2540,2580,2495,2520,102024,-0.023255813953488413
2024-02-26,2520,2535,2470,2470,76414,-0.019841269841269882
2024-02-27,2490,2490,2420,2440,46713,-0.012145748987854255
2024-02-28,2440,2475,2430,2430,25465,-0.004098360655737654
2024-02-29,2470,2505,2385,2465,66865,0.014403292181069949
2024-03-04,2510,2530,2460,2495,63467,0.012170385395537497
2024-03-05,2495,2495,2365,2400,159205,-0.038076152304609256
2024-03-06,2405,2465,2380,2465,51903,0.027083333333333348
2024-03-07,2495,2495,2400,2450,48176,-0.006085192697768749
2024-03-08,2450,2595,2410,2455,93224,0.0020408163265306367
2024-03-11,2450,2490,2400,2425,97186,-0.012219959266802416
2024-03-12,2430,2600,2415,2455,216273,0.012371134020618513
2024-03-13,2450,2475,2440,2460,41506,0.0020366598778003286
2024-03-14,2455,2480,2415,2450,71451,-0.004065040650406471
2024-03-15,2450,2450,2400,2445,44700,-0.0020408163265306367
2024-03-18,2430,2505,2415,2450,127683,0.002044989775051187
2024-03-19,2450,2450,2400,2420,63713,-0.01224489795918371
2024-03-20,2420,2445,2385,2390,64033,-0.012396694214875992
2024-03-21,2430,2430,2380,2410,75235,0.008368200836819994
2024-03-22,2385,2460,2385,2460,82597,0.020746887966804906
2024-03-25,2460,2475,2420,2470,42245,0.004065040650406582
2024-03-26,2460,2465,2435,2450,32996,-0.0080971659919028
2024-03-27,2450,2495,2440,2480,45012,0.012244897959183598
2024-03-28,2480,3110,2460,2670,4991545,0.0766129032258065
2024-03-29,2660,2750,2605,2730,558521,0.022471910112359605
2024-04-01,2745,2760,2630,2680,294010,-0.01831501831501836
2024-04-02,2665,2680,2585,2615,123249,-0.02425373134328357
2024-04-03,2615,2615,2510,2520,85461,-0.03632887189292544
2024-04-04,2525,2620,2525,2565,65964,0.017857142857142794
2024-04-05,2565,2750,2545,2580,111309,0.005847953216374213
2024-04-08,2580,2650,2580,2620,108115,0.015503875968992276
2024-04-09,2590,2635,2525,2560,76310,-0.022900763358778664
2024-04-11,2560,2560,2450,2485,97080,-0.029296875
2024-04-12,2495,2535,2460,2515,33641,0.012072434607645954
2024-04-15,2465,2495,2410,2450,98410,-0.025844930417495027
2024-04-16,2445,2465,2385,2395,108731,-0.022448979591836782
2024-04-17,2410,2450,2410,2410,25889,0.006263048016701411
2024-04-18,2410,2460,2410,2450,31130,0.016597510373443924
2024-04-19,2450,2465,2310,2330,157330,-0.048979591836734726
2024-04-22,2330,2380,2300,2340,48849,0.0042918454935623185
2024-04-23,2345,2380,2345,2360,29560,0.008547008547008517
2024-04-24,2370,2425,2370,2425,45302,0.02754237288135597
2024-04-25,2420,2435,2350,2410,25921,-0.006185567010309256
2024-04-26,2395,2420,2380,2400,18072,-0.004149377593360981
2024-04-29,2425,2435,2380,2380,45962,-0.008333333333333304
2024-04-30,2395,2420,2365,2415,30835,0.014705882352941124
2024-05-02,2385,2425,2380,2400,28456,-0.006211180124223614
2024-05-03,2415,2440,2400,2410,25221,0.004166666666666652
2024-05-07,2460,2600,2450,2600,177940,0.07883817427385886
2024-05-08,2590,2665,2535,2605,155982,0.0019230769230769162
2024-05-09,2600,2610,2545,2600,61918,-0.0019193857965451588
2024-05-10,2595,2620,2500,2550,94907,-0.019230769230769273
2024-05-13,2550,2605,2530,2590,63785,0.015686274509803866
2024-05-14,2605,2620,2550,2570,38256,-0.007722007722007707
2024-05-16,2610,2655,2530,2595,128558,0.009727626459143934
2024-05-17,2570,2600,2450,2505,95998,-0.034682080924855474
2024-05-20,2485,2700,2485,2595,211130,0.03592814371257491
2024-05-21,2600,2650,2515,2600,93794,0.0019267822736031004
2024-05-22,2555,2685,2540,2600,60107,0.0
2024-05-23,2600,2610,2485,2525,54383,-0.028846153846153855
2024-05-24,2485,2490,2400,2405,99923,-0.04752475247524757
2024-05-27,2450,2450,2370,2390,56056,-0.006237006237006182
2024-05-28,2400,2435,2380,2420,35747,0.012552301255230214
2024-05-29,2420,2430,2385,2395,17347,-0.010330578512396715
2024-05-30,2395,2395,2330,2355,65871,-0.01670146137787054
2024-05-31,2360,2400,2355,2395,34132,0.01698513800424628
2024-06-03,2375,2410,2360,2375,32568,-0.008350730688935326
2024-06-04,2375,2375,2340,2360,40100,-0.0063157894736841635
2024-06-05,2360,2375,2300,2345,53541,-0.006355932203389814
2024-06-07,2330,2355,2325,2355,29348,0.004264392324093924
2024-06-10,2365,2365,2325,2350,16379,-0.002123142250530785
2024-06-11,2365,2370,2330,2360,23023,0.004255319148936065
2024-06-12,2370,2380,2335,2340,23634,-0.008474576271186418
2024-06-13,2340,2355,2300,2300,60819,-0.017094017094017144
2024-06-14,2300,2305,2210,2235,67249,-0.02826086956521734
2024-06-17,2260,2305,2240,2275,30372,0.017897091722595126
2024-06-18,2315,2320,2250,2270,31277,-0.00219780219780219
2024-06-19,2270,2295,2220,2235,19736,-0.01541850220264318
2024-06-20,2270,2270,2135,2165,67707,-0.031319910514541416
2024-06-21,2185,2185,2105,2135,45564,-0.01385681293302543
2024-06-24,2145,2145,2000,2050,96230,-0.03981264637002346
2024-06-25,2015,2075,2010,2070,20651,0.009756097560975618
2024-06-26,2685,2690,2675,2690,565507,0.2995169082125604
2024-06-27,3160,3380,2960,3000,13948767,0.11524163568773238
2024-06-28,2970,2990,2735,2825,2659233,-0.05833333333333335
2024-07-01,2760,2795,2625,2675,856148,-0.053097345132743334
2024-07-02,2630,2665,2520,2630,1063813,-0.016822429906542036
2024-07-03,2600,2950,2480,2510,2538284,-0.04562737642585546
2024-07-04,2500,2775,2500,2575,1165663,0.02589641434262946
2024-07-05,2605,2630,2430,2440,449063,-0.05242718446601946
2024-07-08,2480,2725,2450,2590,748428,0.061475409836065475
2024-07-09,2665,2795,2570,2610,357799,0.007722007722007707
2024-07-10,2650,2655,2530,2625,295019,0.005747126436781658
2024-07-11,2650,2665,2515,2535,239603,-0.03428571428571425
2024-07-12,2510,2590,2485,2500,139841,-0.013806706114398382
2024-07-15,2585,2585,2455,2520,159424,0.008000000000000007
2024-07-16,2500,2520,2310,2475,163165,-0.017857142857142905
2024-07-17,2475,2500,2410,2430,78290,-0.018181818181818188
2024-07-18,2350,2415,2120,2240,831837,-0.07818930041152261
2024-07-19,2205,2220,2150,2200,113964,-0.017857142857142905
2024-07-22,2185,2240,1995,1997,915378,-0.09227272727272728
2024-07-23,2005,2040,1805,1885,487600,-0.056084126189283934
2024-07-24,1915,1915,1832,1835,185356,-0.02652519893899208
2024-07-25,1815,1815,1703,1710,326190,-0.0681198910081744
2024-07-26,1700,1728,1629,1675,320585,-0.020467836257309968
2024-07-29,1686,1913,1636,1806,567290,0.0782089552238805
2024-07-30,1829,1972,1800,1848,540450,0.023255813953488413
2024-07-31,1830,1869,1775,1813,114456,-0.018939393939393923
