Date,Open,High,Low,Close,Volume,Change
2022-01-03,81700,83400,79600,80900,171917,-0.012210012210012167
2022-01-04,80800,80900,76500,77600,277209,-0.040791100123609425
2022-01-05,76900,76900,72100,72600,261001,-0.06443298969072164
2022-01-06,70000,71700,65000,66100,426466,-0.08953168044077131
2022-01-07,67800,69400,67000,68400,191625,0.03479576399394846
2022-01-10,67600,69400,64900,69000,202048,0.00877192982456143
2022-01-11,68900,71100,67400,69000,140903,0.0
2022-01-12,70300,70500,68000,68200,111675,-0.011594202898550732
2022-01-13,68200,71700,65000,71700,270436,0.0513196480938416
2022-01-14,69900,71300,68700,68900,128295,-0.03905160390516038
2022-01-17,68300,69600,66900,67600,63537,-0.018867924528301883
2022-01-18,67500,69400,65200,65500,87344,-0.031065088757396442
2022-01-19,65600,66800,65000,65200,75295,-0.004580152671755711
2022-01-20,65300,69900,65200,69100,114981,0.059815950920245387
2022-01-21,69400,69600,67100,67500,114191,-0.02315484804630974
2022-01-24,66200,66900,64500,64600,75587,-0.04296296296296298
2022-01-25,64900,65700,58600,58900,174103,-0.08823529411764708
2022-01-26,58100,60200,54000,54400,196043,-0.07640067911714776
2022-01-27,55000,55000,49600,50600,275575,-0.06985294117647056
2022-01-28,51200,51600,48100,49750,169280,-0.01679841897233203
2022-02-03,52200,53800,50000,50600,206945,0.0170854271356784
2022-02-04,49550,53100,49500,52800,102313,0.04347826086956519
2022-02-07,53500,55500,52300,54300,99082,0.02840909090909083
2022-02-08,54300,56500,53000,54800,132668,0.009208103130755152
2022-02-09,55000,55900,53400,54600,109689,-0.0036496350364964014
2022-02-10,53600,54300,49800,50100,428108,-0.08241758241758246
2022-02-11,49700,49700,44700,45000,406286,-0.10179640718562877
2022-02-14,44850,44850,41000,41400,313002,-0.07999999999999996
2022-02-15,41450,42700,40500,40700,265285,-0.016908212560386437
2022-02-16,41900,44000,41700,43900,208098,0.07862407862407861
2022-02-17,44050,46600,43150,44900,251579,0.02277904328018221
2022-02-18,43800,45150,42850,44000,114008,-0.020044543429844075
2022-02-21,43200,46100,42000,45900,170410,0.04318181818181821
2022-02-22,44750,49200,44600,48250,500189,0.05119825708060999
2022-02-23,48250,48700,46900,47000,144763,-0.025906735751295318
2022-02-24,46550,47750,45200,45300,152635,-0.036170212765957444
2022-02-25,46400,47000,42750,43400,269431,-0.04194260485651213
2022-02-28,43700,45100,42900,43300,206674,-0.0023041474654378336
2022-03-02,43850,47150,43700,46700,251435,0.07852193995381063
2022-03-03,46850,49000,46850,48000,187537,0.027837259100642386
2022-03-04,47400,48150,45500,47200,83096,-0.01666666666666672
2022-03-07,46900,48050,45350,46200,139683,-0.021186440677966156
2022-03-08,45250,46800,44500,45500,115378,-0.015151515151515138
2022-03-10,46800,49550,46800,49000,257798,0.07692307692307687
2022-03-11,49200,54900,48300,54400,621919,0.11020408163265305
2022-03-14,54600,54800,50800,50900,295641,-0.06433823529411764
2022-03-15,51400,53800,51400,51900,204969,0.01964636542239684
2022-03-16,53100,53700,50000,52500,167491,0.011560693641618602
2022-03-17,53300,56000,52800,55100,385740,0.049523809523809526
2022-03-18,55100,55200,52000,54600,224993,-0.00907441016333943
2022-03-21,55300,56000,52300,52700,144393,-0.034798534798534786
2022-03-22,53000,54800,52500,54700,166656,0.03795066413662229
2022-03-23,55100,55500,54200,54600,124801,-0.001828153564899404
2022-03-24,54200,58400,53500,57500,295581,0.05311355311355315
2022-03-25,57500,60000,57200,58700,217632,0.02086956521739136
2022-03-28,59100,60700,57900,58700,181535,0.0
2022-03-29,59600,60700,58700,60500,131161,0.030664395229982988
2022-03-30,60100,62500,59800,60500,248039,0.0
2022-03-31,60100,60800,58000,58900,171802,-0.026446280991735516
2022-04-01,58200,62200,58100,60100,231024,0.02037351443123936
2022-04-04,60800,61100,58400,58900,124745,-0.019966722129783676
2022-04-05,59400,59400,56400,56400,209044,-0.04244482173174868
2022-04-06,55800,56200,53300,54000,273607,-0.04255319148936165
2022-04-07,53600,54600,52400,53600,137612,-0.007407407407407418
2022-04-08,53600,54700,53400,54400,72079,0.014925373134328401
2022-04-11,54400,54400,51300,51300,133746,-0.05698529411764708
2022-04-12,51000,53900,50500,53100,112279,0.03508771929824572
2022-04-13,52800,53500,51500,53400,61822,0.005649717514124353
2022-04-14,53900,54000,52500,52500,47023,-0.016853932584269704
2022-04-15,52000,53300,51700,52200,38365,-0.005714285714285672
2022-04-18,52600,52700,50300,50400,72794,-0.03448275862068961
2022-04-19,50500,51800,50100,51000,54816,0.011904761904761862
2022-04-20,51000,51800,50500,51000,37198,0.0
2022-04-21,51700,51900,51000,51200,41589,0.0039215686274509665
2022-04-22,51000,51100,48850,49350,105592,-0.0361328125
2022-04-25,48050,49200,47300,48000,67397,-0.027355623100303927
2022-04-26,48350,50600,48100,49800,89721,0.03750000000000009
2022-04-27,48800,51300,48450,50200,86784,0.008032128514056325
2022-04-28,50300,50900,48300,49100,77360,-0.021912350597609542
2022-04-29,49950,50000,48000,48000,83319,-0.022403258655804503
2022-05-02,47050,47300,46000,46850,64143,-0.023958333333333304
2022-05-03,46900,47600,45600,46200,78578,-0.0138740661686233
2022-05-04,46500,46500,44950,45150,67858,-0.022727272727272707
2022-05-06,44050,44900,43750,44450,68427,-0.015503875968992276
2022-05-09,43800,44150,40750,41050,162503,-0.07649043869516314
2022-05-10,38150,38500,35050,37000,617211,-0.09866017052375153
2022-05-11,37000,37950,36250,37450,263585,0.012162162162162149
2022-05-12,36700,36900,32100,32900,498445,-0.12149532710280375
2022-05-13,33500,34050,32750,33800,237385,0.02735562310030404
2022-05-16,34450,35650,33550,33800,224934,0.0
2022-05-17,34100,36700,34100,36500,373001,0.0798816568047338
2022-05-18,37050,40450,36500,37800,521943,0.03561643835616435
2022-05-19,36750,37350,35950,36700,218583,-0.02910052910052907
2022-05-20,36750,38750,36050,38750,319652,0.05585831062670299
2022-05-23,39050,39050,36850,37100,198069,-0.04258064516129034
2022-05-24,37350,38500,36600,36600,178543,-0.013477088948787075
2022-05-25,37000,37150,34950,36750,250238,0.004098360655737654
2022-05-26,36850,38950,36700,37500,243426,0.020408163265306145
2022-05-27,38650,41950,38450,39450,587510,0.052000000000000046
2022-05-30,40500,41400,39650,39950,221300,0.012674271229404344
2022-05-31,40300,40750,39300,39500,187148,-0.01126408010012514
2022-06-02,39350,39400,38000,39300,136387,-0.005063291139240533
2022-06-03,39800,40800,39300,39400,152585,0.0025445292620864812
2022-06-07,39750,39750,37800,38100,132013,-0.032994923857868064
2022-06-08,38000,39100,37750,38300,94011,0.005249343832020914
2022-06-09,38000,39750,37400,39750,164962,0.037859007832898195
2022-06-10,39100,40400,38750,40400,158811,0.01635220125786163
2022-06-13,39000,39400,37850,37900,157552,-0.061881188118811936
2022-06-14,36700,37500,34550,36050,205231,-0.04881266490765168
2022-06-15,35900,36250,34050,34500,195235,-0.04299583911234395
2022-06-16,35350,37900,35350,36050,179478,0.04492753623188417
2022-06-17,35200,35850,34800,35700,88619,-0.009708737864077666
2022-06-20,36500,36500,34350,35000,102070,-0.019607843137254943
2022-06-21,35250,36000,34250,35800,94317,0.02285714285714291
2022-06-22,35950,36300,33950,34200,163356,-0.04469273743016755
2022-06-23,33800,34350,31700,31950,155229,-0.06578947368421051
2022-06-24,32000,34300,31600,33900,152168,0.06103286384976525
2022-06-27,34750,36300,34300,35050,117654,0.03392330383480835
2022-06-28,34600,35400,33550,34350,86019,-0.0199714693295292
2022-06-29,33600,33900,32950,33300,81576,-0.03056768558951961
2022-06-30,33100,33100,32000,32100,97896,-0.036036036036036
2022-07-01,31900,32650,30850,31300,106019,-0.024922118380062308
2022-07-04,31300,32550,30200,31300,124903,0.0
2022-07-05,31450,32350,31450,32200,111592,0.028753993610223683
2022-07-06,32200,34000,31400,33200,208206,0.03105590062111796
2022-07-07,33400,35950,33150,35800,169683,0.07831325301204828
2022-07-08,35700,36900,34600,34750,168948,-0.029329608938547524
2022-07-11,34850,36750,34150,36300,179315,0.04460431654676267
2022-07-12,35650,36400,34900,35200,128247,-0.030303030303030276
2022-07-13,34850,37300,34850,36800,125134,0.045454545454545414
2022-07-14,36900,37950,36300,37700,176650,0.024456521739130377
2022-07-15,37900,37900,36550,37050,97758,-0.017241379310344862
2022-07-18,37200,37600,35850,37300,96790,0.006747638326585648
2022-07-19,37000,37250,36350,36750,57045,-0.014745308310991967
2022-07-20,37450,39600,37250,37950,385360,0.03265306122448974
2022-07-21,38100,40350,37850,39800,403026,0.0487483530961792
2022-07-22,39800,40000,38550,38950,175594,-0.021356783919597944
2022-07-25,38800,39550,37900,39450,132448,0.012836970474968012
2022-07-26,39200,39450,38300,38800,81153,-0.016476552598225558
2022-07-27,38550,38650,37350,37850,105798,-0.02448453608247425
2022-07-28,38300,38500,36900,37450,117879,-0.010568031704095149
2022-07-29,37600,38350,37200,37450,109043,0.0
2022-08-01,37450,37750,36800,37100,53480,-0.009345794392523366
2022-08-02,36750,37050,34950,35500,183251,-0.04312668463611857
2022-08-03,35200,36950,35200,36950,95873,0.04084507042253516
2022-08-04,37500,39550,37100,38500,314773,0.04194857916102834
2022-08-05,38800,38800,37700,37900,108289,-0.01558441558441559
2022-08-08,37700,37950,36650,37550,131167,-0.00923482849604218
2022-08-09,37800,39400,37300,38500,231942,0.025299600532623145
2022-08-10,38050,38700,36850,36850,182538,-0.042857142857142816
2022-08-11,37800,38800,37000,38250,184616,0.037991858887381325
2022-08-12,38300,38800,36700,36850,186764,-0.036601307189542465
2022-08-16,37200,37300,35400,35650,206112,-0.0325644504748982
2022-08-17,35650,35750,34650,34700,140536,-0.02664796633941091
2022-08-18,34700,34700,33150,34050,120613,-0.018731988472622474
2022-08-19,34200,34500,33400,33750,83709,-0.008810572687224627
2022-08-22,32650,33350,32500,32800,78164,-0.028148148148148144
2022-08-23,32450,32550,31850,32000,115166,-0.024390243902439046
2022-08-24,32000,32500,31200,32250,91654,0.0078125
2022-08-25,32250,35600,32100,35150,303514,0.08992248062015507
2022-08-26,35150,37250,34850,35850,392779,0.019914651493598834
2022-08-29,34200,37750,34150,37300,339875,0.04044630404463034
2022-08-30,37750,39000,36900,37050,208898,-0.006702412868632712
2022-08-31,37450,38350,36450,37200,220770,0.004048582995951344
2022-09-01,38050,38600,35650,35700,272055,-0.040322580645161255
2022-09-02,36250,37900,36100,37300,254322,0.04481792717086841
2022-09-05,37350,38300,36850,37100,178170,-0.00536193029490617
2022-09-06,37900,38950,37400,38000,291768,0.0242587601078168
2022-09-07,37850,38000,36600,37150,174224,-0.022368421052631593
2022-09-08,37650,37750,36000,37400,168636,0.006729475100942128
2022-09-13,37700,38450,37100,38250,179822,0.022727272727272707
2022-09-14,36550,37100,36300,36500,160723,-0.04575163398692805
2022-09-15,36700,36850,35250,35650,171918,-0.023287671232876672
2022-09-16,37300,40650,36400,36600,1344823,0.026647966339411022
2022-09-19,36550,36550,33050,34450,414495,-0.058743169398907114
2022-09-20,33950,35350,33900,34000,149125,-0.013062409288824406
2022-09-21,33400,35200,33400,34850,116336,0.02499999999999991
2022-09-22,34400,35250,34000,34850,82982,0.0
2022-09-23,34700,34750,32350,32550,144982,-0.06599713055954093
2022-09-26,31800,31950,29300,29500,211721,-0.09370199692780334
2022-09-27,29450,30550,29400,30350,137148,0.028813559322034
2022-09-28,30400,30500,27150,27450,200740,-0.09555189456342672
2022-09-29,28200,28750,27050,27050,189404,-0.014571948998178486
2022-09-30,26450,27450,26000,26650,102365,-0.014787430683918634
2022-10-04,27050,27750,26700,27700,120695,0.039399624765478425
2022-10-05,27950,28350,26000,26200,157385,-0.054151624548736454
2022-10-06,26450,27150,26450,26800,70612,0.022900763358778553
2022-10-07,26400,26650,26000,26050,82452,-0.027985074626865725
2022-10-11,25350,25350,23950,24150,122041,-0.07293666026871404
2022-10-12,23950,24800,23400,24350,78104,0.008281573498964745
2022-10-13,23950,24200,22650,22950,161895,-0.05749486652977409
2022-10-14,23500,25300,23500,24650,198310,0.07407407407407418
2022-10-17,23800,25450,23200,25000,86773,0.014198782961460488
2022-10-18,25800,26850,25300,25600,118127,0.02400000000000002
2022-10-19,25900,27100,25700,26350,136561,0.029296875
2022-10-20,26050,26500,25250,26200,80121,-0.005692599620493399
2022-10-21,25750,26500,25500,25900,49362,-0.011450381679389277
2022-10-24,26550,26800,25150,25150,72173,-0.02895752895752901
2022-10-25,25350,26800,25000,26450,148463,0.05168986083499005
2022-10-26,26600,27950,26150,27300,188971,0.032136105860113506
2022-10-27,27100,27750,26600,26850,86864,-0.016483516483516536
2022-10-28,26700,27200,26050,26100,66487,-0.027932960893854775
2022-10-31,26450,27000,25500,25900,84696,-0.007662835249042099
2022-11-01,25700,25700,24050,24450,249820,-0.055984555984555984
2022-11-02,24450,25450,24100,24950,119723,0.020449897750511203
2022-11-03,24400,25600,24400,24700,65222,-0.01002004008016033
2022-11-04,24350,25300,24250,25100,67320,0.0161943319838056
2022-11-07,24950,25600,24950,25100,71385,0.0
2022-11-08,25400,27700,25300,27350,246375,0.08964143426294813
2022-11-09,27350,27650,26200,26550,169857,-0.029250457038391242
2022-11-10,26300,28250,26150,26900,146474,0.013182674199623268
2022-11-11,28000,28400,27400,27500,194498,0.02230483271375472
2022-11-14,27700,28750,27200,28050,146567,0.020000000000000018
2022-11-15,27950,29150,27900,29100,97049,0.03743315508021383
2022-11-16,29400,29450,28500,29150,104507,0.0017182130584192379
2022-11-17,28650,29450,28200,28300,87444,-0.029159519725557415
2022-11-18,28400,28800,28050,28200,51172,-0.0035335689045936647
2022-11-21,28400,28800,27400,27600,57510,-0.021276595744680882
2022-11-22,27300,27750,26800,27550,55058,-0.0018115942028985588
2022-11-23,28250,29100,28200,28300,111804,0.02722323049001818
2022-11-24,28350,30750,28350,30250,216305,0.06890459363957602
2022-11-25,30550,31300,30200,30600,172702,0.011570247933884392
2022-11-28,30600,30750,29800,30000,93255,-0.019607843137254943
2022-11-29,29500,32450,29050,32200,307466,0.07333333333333325
2022-11-30,32250,32350,30850,31450,145583,-0.02329192546583847
2022-12-01,32000,33900,31850,33900,270667,0.07790143084260737
2022-12-02,34400,35150,33850,33850,237628,-0.001474926253687281
2022-12-05,35000,35300,33850,34750,192141,0.026587887740029625
2022-12-06,34000,34100,32450,32500,177067,-0.06474820143884896
2022-12-07,31950,33600,31350,32650,104688,0.004615384615384688
2022-12-08,32650,33600,31450,32600,303885,-0.0015313935681470214
2022-12-09,32750,34550,32600,34450,290410,0.05674846625766872
2022-12-12,34300,35000,33750,33850,171136,-0.01741654571843254
2022-12-13,34900,35050,33450,33500,181870,-0.010339734121122546
2022-12-14,33850,34500,33050,34400,148577,0.02686567164179099
2022-12-15,34000,34500,32750,33150,103777,-0.036337209302325535
2022-12-16,32200,32650,31800,32200,411560,-0.02865761689291102
2022-12-19,32500,32850,31650,32000,147400,-0.006211180124223614
2022-12-20,31700,31800,30000,30200,181505,-0.05625000000000002
2022-12-21,30650,30700,29600,29700,111220,-0.01655629139072845
2022-12-22,30100,30750,29450,30700,135397,0.03367003367003374
2022-12-23,30000,30400,29250,29250,125313,-0.04723127035830621
2022-12-26,29300,30200,28700,29850,117432,0.02051282051282044
2022-12-27,30000,30550,29500,29850,128369,0.0
2022-12-28,29600,29600,28350,28800,121957,-0.035175879396984966
2022-12-29,28650,29550,27900,28800,98732,0.0
2023-01-02,28900,29600,27800,28450,65709,-0.01215277777777779
2023-01-03,28100,29750,27800,29300,108300,0.02987697715289972
2023-01-04,29200,30250,28150,28500,127791,-0.027303754266211566
2023-01-05,28650,29300,28400,28500,79229,0.0
2023-01-06,28200,28450,27200,27250,176429,-0.04385964912280704
2023-01-09,27900,29750,27500,28300,369387,0.038532110091743066
2023-01-10,28350,29350,27450,29200,243869,0.03180212014134276
2023-01-11,30200,35250,30100,34900,2567895,0.1952054794520548
2023-01-12,35750,37800,35050,36450,1657318,0.044412607449856756
2023-01-13,36650,37300,34550,34950,559179,-0.04115226337448563
2023-01-16,34950,36500,34650,35450,417711,0.014306151645207432
2023-01-17,35500,38450,35000,37050,1009229,0.04513399153737652
2023-01-18,37600,40000,37050,38600,1192762,0.04183535762483137
2023-01-19,37950,42000,37350,39500,1461121,0.023316062176165886
2023-01-20,39950,40300,38500,39000,461632,-0.012658227848101222
2023-01-25,39400,40350,38350,40000,409824,0.02564102564102555
2023-01-26,39600,39800,37500,37900,522168,-0.05249999999999999
2023-01-27,37900,38750,37350,38150,344095,0.006596306068601621
2023-01-30,37850,38650,37150,38000,251688,-0.003931847968545177
2023-01-31,38000,42850,37650,42200,1666879,0.11052631578947358
2023-02-01,41800,42250,40350,41250,498608,-0.02251184834123221
2023-02-02,41600,46000,41600,44750,1138540,0.08484848484848495
2023-02-03,45000,46400,43200,44950,639694,0.004469273743016755
2023-02-06,44750,45700,43900,44650,326333,-0.006674082313681828
2023-02-07,44600,48850,43550,47050,1530960,0.053751399776035935
2023-02-08,48050,49300,47150,48850,699033,0.03825717321997879
2023-02-09,49800,53500,49500,51200,1469305,0.048106448311156624
2023-02-10,58000,58000,46600,49350,5686442,-0.0361328125
2023-02-13,49350,49950,46700,47000,1106980,-0.04761904761904767
2023-02-14,47150,50900,47000,49300,1542516,0.04893617021276597
2023-02-15,50500,53500,49200,50600,2184697,0.026369168356997985
2023-02-16,52300,52400,48650,50900,1301825,0.005928853754940677
2023-02-17,49950,51100,46800,46800,1004998,-0.08055009823182713
2023-02-20,45900,47400,45350,46050,518341,-0.01602564102564108
2023-02-21,46350,47500,45850,46500,452713,0.009771986970684043
2023-02-22,45400,46600,44700,45650,380662,-0.018279569892473146
2023-02-23,45700,49500,45350,48900,755885,0.07119386637458924
2023-02-24,48700,48750,45550,45550,488073,-0.06850715746421265
2023-02-27,45700,47450,44700,46300,447193,0.016465422612513825
2023-02-28,46300,48450,44600,47700,740015,0.030237580993520474
2023-03-02,47000,47150,44700,44800,501498,-0.06079664570230603
2023-03-03,44900,46100,43550,45550,434896,0.016741071428571397
2023-03-06,44450,46950,44300,46350,495838,0.01756311745334793
2023-03-07,49300,50500,45050,45550,1353077,-0.017259978425027023
2023-03-08,46100,46250,42750,43100,499582,-0.053787047200878124
2023-03-09,43250,43400,41550,42350,276942,-0.01740139211136893
2023-03-10,41750,42900,41250,41750,335016,-0.01416765053128688
2023-03-13,41200,41550,38350,40350,885136,-0.033532934131736525
2023-03-14,40450,40550,38600,38600,397307,-0.043370508054522916
2023-03-15,39000,39500,38400,38650,218809,0.0012953367875647714
2023-03-16,38450,38600,36950,38200,222004,-0.011642949547218673
2023-03-17,38500,39800,38000,39200,229091,0.02617801047120416
2023-03-20,39500,39500,37200,37600,291383,-0.04081632653061229
2023-03-21,37850,38150,37350,37550,138989,-0.0013297872340425343
2023-03-22,37750,38200,36900,37900,214004,0.009320905459387463
2023-03-23,37900,39750,37200,38950,355180,0.02770448548812654
2023-03-24,39550,46250,38400,45050,1505710,0.15661103979460855
2023-03-27,45050,46150,42750,45800,600393,0.01664816870144281
2023-03-28,45300,49700,45250,47150,1132247,0.029475982532751077
2023-03-29,47150,47600,45850,46150,379219,-0.02120890774125128
2023-03-30,46150,46550,44700,45350,260146,-0.017334777898158182
2023-03-31,45350,46350,44600,46000,219745,0.014332965821389099
2023-04-03,45500,45500,43000,43450,335572,-0.05543478260869561
2023-04-04,43450,46400,43400,45250,293545,0.04142692750287691
2023-04-05,45950,46500,43500,44100,285214,-0.02541436464088398
2023-04-06,44250,45600,43700,44650,355524,0.012471655328798237
2023-04-07,44650,45300,43900,44850,189754,0.004479283314669624
2023-04-10,45350,46350,44350,45850,485412,0.02229654403567438
2023-04-11,45650,46600,44200,46400,296690,0.01199563794983649
2023-04-12,47000,49000,46800,48400,765187,0.0431034482758621
2023-04-13,48900,52200,48600,51200,899762,0.05785123966942152
2023-04-14,52800,52800,50000,51000,529183,-0.00390625
2023-04-17,48500,51000,45600,50000,919001,-0.019607843137254943
2023-04-18,49950,49950,45900,46400,667910,-0.07199999999999995
2023-04-19,46400,46650,43600,43650,519766,-0.05926724137931039
2023-04-20,43650,44450,42400,42650,294352,-0.02290950744558995
2023-04-21,42300,43000,40600,41000,378728,-0.0386869871043376
2023-04-24,40500,43700,40500,43400,377803,0.05853658536585371
2023-04-25,43200,44200,42500,43350,214990,-0.0011520737327188613
2023-04-26,42550,43750,40650,41550,195047,-0.04152249134948094
2023-04-27,42200,42800,41200,41800,129691,0.006016847172081841
2023-04-28,42000,42650,40700,41100,143900,-0.01674641148325362
2023-05-02,41550,43300,40600,42600,147574,0.03649635036496357
2023-05-03,42500,44050,42050,42100,148615,-0.011737089201877882
2023-05-04,42750,42750,40800,41500,104940,-0.014251781472684133
2023-05-08,41550,42750,41550,42250,80262,0.01807228915662651
2023-05-09,42200,42250,40550,40700,127014,-0.03668639053254441
2023-05-10,40800,41450,40150,40700,94306,0.0
2023-05-11,41000,41300,40050,40400,99608,-0.0073710073710073765
2023-05-12,40700,41900,40400,41550,130595,0.02846534653465338
2023-05-15,41550,42000,40650,41450,115207,-0.002406738868832692
2023-05-16,42400,43850,42250,42750,264059,0.031363088057901
2023-05-17,42450,45850,42050,45700,531063,0.06900584795321629
2023-05-18,45500,45550,44000,44250,250952,-0.03172866520787743
2023-05-19,44500,44500,42800,43600,161571,-0.014689265536723117
2023-05-22,43350,43550,42400,43100,123899,-0.011467889908256867
2023-05-23,43050,45000,43050,44750,173390,0.03828306264501169
2023-05-24,44800,45500,43600,44600,156236,-0.003351955307262622
2023-05-25,43850,44250,42800,43100,120976,-0.03363228699551568
2023-05-26,42500,42750,41000,41000,635434,-0.04872389791183296
2023-05-30,41250,41350,39550,40000,293971,-0.024390243902439046
2023-05-31,39150,39500,34300,38400,1578221,-0.040000000000000036
2023-06-01,38400,39550,37150,37600,469246,-0.02083333333333337
2023-06-02,38100,38150,36100,36300,415685,-0.034574468085106336
2023-06-05,36550,37350,35600,36500,207770,0.005509641873278293
2023-06-07,36550,39300,36550,38700,377093,0.0602739726027397
2023-06-08,38500,39200,37900,38100,164768,-0.015503875968992276
2023-06-09,39150,41050,38550,41050,343617,0.07742782152230965
2023-06-12,40700,40750,38450,38600,298862,-0.059683313032886764
2023-06-13,39050,39050,37850,38350,179030,-0.006476683937823857
2023-06-14,38500,39650,38350,39200,240774,0.022164276401564598
2023-06-15,39450,40250,38200,38600,172162,-0.015306122448979553
2023-06-16,38750,39500,37000,38800,123557,0.005181347150259086
2023-06-19,39300,40750,38150,40700,266832,0.0489690721649485
2023-06-20,40600,42500,39450,40650,442829,-0.0012285012285012664
2023-06-21,40650,41250,38700,38900,186698,-0.043050430504305015
2023-06-22,39200,40400,38450,38900,137766,0.0
2023-06-23,39700,39700,38250,38300,94500,-0.015424164524421635
2023-06-26,38300,39650,37950,39100,91868,0.02088772845953013
2023-06-27,39000,39100,38100,38350,92398,-0.019181585677749413
2023-06-28,39100,40200,38700,38900,174023,0.014341590612777066
2023-06-29,39100,39950,38550,39000,105365,0.0025706940874035134
2023-06-30,38800,39150,38200,39050,103250,0.0012820512820512775
2023-07-03,39050,39600,38600,39000,111389,-0.001280409731113985
2023-07-04,38750,39550,38200,38800,131396,-0.00512820512820511
2023-07-05,38650,39250,37550,39200,184000,0.010309278350515427
2023-07-06,39550,41900,39150,40700,845214,0.03826530612244894
2023-07-07,40750,40750,38650,39750,280085,-0.023341523341523396
2023-07-10,40150,40150,38000,38000,217907,-0.04402515723270439
2023-07-11,38600,40650,37950,40350,209338,0.06184210526315792
2023-07-12,40400,41500,39250,40650,227501,0.0074349442379182396
2023-07-13,41400,43400,40500,42750,650434,0.05166051660516602
2023-07-14,43300,43300,40650,40800,323922,-0.04561403508771933
2023-07-17,40750,40750,39550,39600,185182,-0.02941176470588236
2023-07-18,39850,39850,38700,38900,175428,-0.017676767676767624
2023-07-19,39150,39900,38550,38900,133620,0.0
2023-07-20,38700,39300,38250,39000,113319,0.0025706940874035134
2023-07-21,38600,39000,38100,38100,149368,-0.023076923076923106
2023-07-24,38250,38250,36700,36700,218373,-0.03674540682414695
2023-07-25,36350,38150,36350,37000,182319,0.008174386920980936
2023-07-26,36500,36900,33950,34150,364423,-0.07702702702702702
2023-07-27,34000,36450,34000,36150,178643,0.05856515373352855
2023-07-28,35300,36900,35300,35800,96882,-0.009681881051175623
2023-07-31,36000,37250,35450,37000,83838,0.033519553072625774
2023-08-01,37000,37350,35800,36150,193306,-0.02297297297297296
2023-08-02,35900,36450,34750,34950,176575,-0.03319502074688796
2023-08-03,34700,35100,34100,34650,103510,-0.008583690987124415
2023-08-04,34500,35600,34400,35250,89840,0.017316017316017396
2023-08-07,35300,36150,35050,35850,92927,0.017021276595744705
2023-08-08,36350,36400,34950,35200,86629,-0.018131101813110173
2023-08-09,34950,35900,34900,35700,44714,0.014204545454545414
2023-08-10,35900,37150,35750,36900,172271,0.03361344537815136
2023-08-11,37500,37600,36100,36150,133013,-0.020325203252032575
2023-08-14,36850,36950,35700,36150,100086,0.0
2023-08-16,35650,37200,35650,36700,148132,0.015214384508990264
2023-08-17,36650,37250,35650,37200,102370,0.013623978201634968
2023-08-18,36350,37250,36050,37250,73185,0.0013440860215054862
2023-08-21,37250,38050,37250,37350,107493,0.0026845637583892135
2023-08-22,37650,37650,36550,37300,80887,-0.0013386880856760541
2023-08-23,36850,38200,36850,37700,73106,0.01072386058981234
2023-08-24,37650,39200,37550,38900,138647,0.03183023872679036
2023-08-25,38100,38950,37950,38850,67024,-0.0012853470437017567
2023-08-28,39250,39300,38300,38800,56954,-0.0012870012870013214
2023-08-29,38850,40300,38850,39700,133135,0.02319587628865971
2023-08-30,39700,40200,39350,40100,73141,0.010075566750629816
2023-08-31,39850,40750,39400,40050,78115,-0.0012468827930174342
2023-09-01,40100,40150,38600,38650,83681,-0.03495630461922594
2023-09-04,38950,39200,38300,38750,43131,0.002587322121604174
2023-09-05,38300,39350,38200,39300,48608,0.014193548387096744
2023-09-06,39000,39400,38300,38300,45937,-0.025445292620865145
2023-09-07,38350,39000,37400,37400,46235,-0.023498694516971286
2023-09-08,37450,39150,37200,38850,69694,0.03877005347593587
2023-09-11,39150,40850,38500,40550,169213,0.04375804375804382
2023-09-12,41100,41650,40100,41000,152968,0.011097410604192337
2023-09-13,41250,42300,40500,40750,122293,-0.0060975609756097615
2023-09-14,40700,43800,40250,41550,872616,0.019631901840490906
2023-09-15,41650,42700,39550,42050,439361,0.012033694344163681
2023-09-18,42500,43200,41400,42300,289382,0.005945303210463715
2023-09-19,42500,42500,40900,41600,122540,-0.01654846335697402
2023-09-20,41550,42000,40350,40700,103748,-0.02163461538461542
2023-09-21,40300,41950,40200,41750,195698,0.025798525798525818
2023-09-22,41750,42600,40200,41300,144986,-0.010778443113772407
2023-09-25,41000,43450,41000,41600,195615,0.007263922518159882
2023-09-26,41900,42400,40950,41300,160903,-0.007211538461538436
2023-09-27,41000,43550,40700,43050,249076,0.04237288135593231
2023-10-04,42600,42700,39750,39850,196940,-0.07433217189314756
2023-10-05,40400,40800,38700,38800,138356,-0.02634880803011297
2023-10-06,38400,40150,38400,39100,81533,0.0077319587628865705
2023-10-10,38950,40050,38900,39000,75860,-0.002557544757033292
2023-10-11,39300,40400,39300,40050,57822,0.026923076923076827
2023-10-12,40600,40700,38900,38950,122976,-0.027465667915106073
2023-10-13,39100,39450,37250,37700,108793,-0.03209242618741981
2023-10-16,37150,38100,36800,37550,76709,-0.003978779840848823
2023-10-17,37900,38100,36250,36400,124637,-0.030625832223701743
2023-10-18,36300,37350,36250,36850,62796,0.012362637362637319
2023-10-19,36100,36150,34700,34800,136801,-0.05563093622795112
2023-10-20,34100,35400,33600,33850,119723,-0.027298850574712596
2023-10-23,33500,35050,33500,34200,60020,0.010339734121122657
2023-10-24,34350,34750,33400,34750,71683,0.016081871345029253
2023-10-25,35000,35150,33900,34100,65728,-0.018705035971222972
2023-10-26,33000,33500,32300,32550,99224,-0.045454545454545414
2023-10-27,32850,33600,32200,33200,67882,0.019969278033794113
2023-10-30,32700,33350,32700,33000,48477,-0.0060240963855421326
2023-10-31,33100,33300,31850,31850,61263,-0.034848484848484795
2023-11-01,32100,34400,32100,33500,94878,0.05180533751962324
2023-11-02,34350,34600,33650,34300,49285,0.023880597014925398
2023-11-03,34600,34600,33650,34150,39568,-0.004373177842565634
2023-11-06,35250,38250,34850,37700,254499,0.10395314787701326
2023-11-07,38150,38750,36750,37300,117089,-0.010610079575596787
2023-11-08,37300,38200,37000,37700,76789,0.01072386058981234
2023-11-09,38200,38200,37150,37600,43803,-0.0026525198938992522
2023-11-10,37100,37300,36600,36900,32847,-0.018617021276595702
2023-11-13,37000,37500,35700,35850,69390,-0.028455284552845517
2023-11-14,36050,37250,35850,36250,77225,0.01115760111576014
2023-11-15,36850,37400,36550,37000,52678,0.020689655172413834
2023-11-16,37000,37550,36900,37150,42836,0.004054054054054124
2023-11-17,37050,37350,35050,35300,102417,-0.04979811574697168
2023-11-20,35350,37000,35150,36450,92500,0.03257790368271962
2023-11-21,36600,37000,36150,36400,51342,-0.00137174211248281
2023-11-22,36200,36400,35400,35600,105602,-0.02197802197802201
2023-11-23,35850,36800,35550,36750,76199,0.032303370786516794
2023-11-24,37000,37350,36550,36600,48673,-0.004081632653061273
2023-11-27,36850,36900,35850,35950,37808,-0.01775956284153002
2023-11-28,35600,36150,34700,34850,87448,-0.030598052851182223
2023-11-29,34750,35000,33000,33200,171195,-0.04734576757532283
2023-11-30,32850,33150,32050,32700,130895,-0.015060240963855387
2023-12-01,32850,32850,31900,32000,132861,-0.021406727828746197
2023-12-04,32200,32500,31250,32100,174278,0.0031250000000000444
2023-12-05,31650,32050,30850,30950,111113,-0.03582554517133951
2023-12-06,31000,32650,31000,31950,140932,0.03231017770597733
2023-12-07,31950,32050,31250,31350,90634,-0.018779342723004744
2023-12-08,31450,32600,31450,32100,105138,0.02392344497607657
2023-12-11,32400,32450,32000,32150,43547,0.0015576323987538387
2023-12-12,32000,32100,31400,31650,50434,-0.015552099533437058
2023-12-13,31450,31950,31050,31800,71547,0.004739336492890933
2023-12-14,32150,32550,32100,32450,71803,0.020440251572326984
2023-12-15,32450,32650,31650,31700,93158,-0.023112480739599373
2023-12-18,31700,32350,31700,32000,57416,0.009463722397476282
2023-12-19,31900,32950,31750,32500,109676,0.015625
2023-12-20,32850,32850,32250,32500,82507,0.0
2023-12-21,32300,32650,32100,32350,51645,-0.004615384615384577
2023-12-22,32450,32500,32150,32400,44047,0.0015455950540959051
2023-12-26,32200,32250,31450,31550,73544,-0.026234567901234573
2023-12-27,31500,32400,31250,32400,57830,0.02694136291600624
2023-12-28,32400,32500,32050,32100,53074,-0.0092592592592593
2024-01-02,31950,32550,31650,32400,57689,0.009345794392523255
2024-01-03,32100,32150,31350,31650,76627,-0.02314814814814814
2024-01-04,31650,31850,31200,31700,44407,0.0015797788309637184
2024-01-05,31700,32450,31450,32000,64368,0.009463722397476282
2024-01-08,32250,33500,31750,33250,135193,0.0390625
2024-01-09,33300,33750,33100,33600,105522,0.010526315789473717
2024-01-10,33350,34000,32800,33550,93327,-0.0014880952380952328
2024-01-11,33500,35100,33300,34800,231605,0.037257824143070106
2024-01-12,35000,35200,33650,34400,132642,-0.011494252873563204
2024-01-15,34350,34350,32650,33000,116105,-0.04069767441860461
2024-01-16,32550,33850,32500,32950,144244,-0.0015151515151514694
2024-01-17,33150,33350,30900,30950,137286,-0.060698027314112335
2024-01-18,31200,32600,30450,32250,181266,0.042003231017770704
2024-01-19,32250,33300,31250,31700,125038,-0.01705426356589146
2024-01-22,32400,33000,31800,32450,132377,0.023659305993690927
2024-01-23,32750,33350,31800,32300,89544,-0.0046224961479198745
2024-01-24,32300,35550,31950,34500,491414,0.06811145510835903
2024-01-25,34150,35350,32250,34350,232369,-0.004347826086956497
2024-01-26,34350,35100,33450,34500,127486,0.004366812227074135
2024-01-29,34150,34250,31500,31600,165802,-0.08405797101449275
2024-01-30,31650,32050,30900,31400,95705,-0.006329113924050667
2024-01-31,31000,31250,29800,29800,97742,-0.05095541401273884
2024-02-01,29700,30250,27050,27500,317895,-0.07718120805369133
2024-02-02,27500,29300,27500,28000,161776,0.018181818181818077
2024-02-05,28150,30200,27250,28450,223583,0.016071428571428514
2024-02-06,28800,31450,27850,30900,252689,0.08611599297012296
2024-02-07,30900,32700,30150,31800,139133,0.029126213592232997
2024-02-08,31800,33650,31450,32300,148570,0.01572327044025168
2024-02-13,32100,33400,31250,32500,103246,0.006191950464396356
2024-02-14,31700,33100,31650,32450,104486,-0.0015384615384614886
2024-02-15,32600,32600,31650,31900,65074,-0.016949152542372836
2024-02-16,32050,32800,31650,32350,69732,0.014106583072100332
2024-02-19,32400,33000,31950,32500,30359,0.004636785162287493
2024-02-20,32200,32200,31550,31600,30062,-0.027692307692307683
2024-02-21,31250,33200,31050,32750,113968,0.03639240506329111
2024-02-22,33400,38900,33050,38000,945589,0.16030534351145032
2024-02-23,37700,38250,36150,37400,329641,-0.015789473684210575
2024-02-26,36700,39500,36500,37300,367293,-0.002673796791443861
2024-02-27,36950,37200,34700,35700,242017,-0.04289544235924936
2024-02-28,35600,37300,35350,36050,143818,0.009803921568627416
2024-02-29,35650,35850,33450,35400,278028,-0.018030513176144236
2024-03-04,35150,35600,33500,33600,136616,-0.05084745762711862
2024-03-05,33600,34550,33500,33650,86642,0.0014880952380953438
2024-03-06,33300,34050,32550,32600,142597,-0.031203566121842496
2024-03-07,32600,32850,31000,31200,157425,-0.042944785276073594
2024-03-08,31350,32500,30950,32150,162936,0.03044871794871784
2024-03-11,32200,33200,31900,32350,176680,0.0062208398133747345
2024-03-12,32400,33700,32100,32200,117702,-0.004636785162287493
2024-03-13,32700,32700,31700,31950,55969,-0.00776397515527949
2024-03-14,32000,32150,28600,29450,892019,-0.07824726134585291
2024-03-15,29100,29800,29050,29800,228063,0.011884550084889645
2024-03-18,29950,30050,29250,29250,113761,-0.01845637583892612
2024-03-19,29300,29450,28600,28750,108004,-0.017094017094017144
2024-03-20,29000,29100,28600,28650,77196,-0.003478260869565264
2024-03-21,28950,29650,28950,29200,122302,0.01919720767888311
2024-03-22,29150,29350,28850,28900,80456,-0.010273972602739767
2024-03-25,29000,29200,28600,28800,70856,-0.0034602076124568004
2024-03-26,28800,29550,28750,29450,120872,0.02256944444444442
2024-03-27,29400,31700,29350,30500,251654,0.035653650254668934
2024-03-28,30650,31250,30050,30300,110965,-0.006557377049180357
2024-03-29,30350,30800,29700,30400,78315,0.0033003300330032292
2024-04-01,31150,31150,30200,30900,108742,0.016447368421052655
2024-04-02,30750,31000,29000,29150,171342,-0.05663430420711979
2024-04-03,29100,29900,28900,29300,80040,0.005145797598627766
2024-04-04,29600,29850,28750,29000,63810,-0.010238907849829393
2024-04-05,29000,29050,28150,28250,127608,-0.025862068965517238
2024-04-08,28350,28350,27400,27450,103564,-0.02831858407079646
2024-04-09,27450,28100,27200,27450,80328,0.0
2024-04-11,27050,27350,26900,27350,52152,-0.0036429872495445936
2024-04-12,27400,27500,26350,26400,137461,-0.034734917733089565
2024-04-15,25800,26150,25050,25300,95821,-0.04166666666666663
2024-04-16,24700,25400,24650,24800,67108,-0.01976284584980237
2024-04-17,24650,25600,24650,25350,60883,0.022177419354838745
2024-04-18,25300,27000,25250,26900,90753,0.06114398422090739
2024-04-19,26650,27200,26000,26450,74447,-0.016728624535315983
2024-04-22,26800,27100,26500,26950,88068,0.018903591682419618
2024-04-23,26700,27250,26500,26700,66425,-0.00927643784786647
2024-04-24,27000,27350,26450,27000,79226,0.011235955056179803
2024-04-25,26750,26850,25700,25750,93260,-0.04629629629629628
2024-04-26,25750,26150,25700,26050,28613,0.011650485436893288
2024-04-29,26300,26850,26000,26850,60816,0.030710172744721653
2024-04-30,26650,26750,26250,26550,42377,-0.011173184357541888
2024-05-02,26250,27050,26250,26600,35338,0.0018832391713747842
2024-05-03,26850,27700,26700,27450,79208,0.03195488721804507
2024-05-07,27700,27750,26850,26950,65285,-0.01821493624772308
2024-05-08,27050,27400,26850,27200,36031,0.00927643784786647
2024-05-09,27200,27300,26700,26700,29352,-0.018382352941176516
2024-05-10,26900,27300,26750,26950,37908,0.009363295880149725
2024-05-13,26800,27100,25100,25600,135788,-0.05009276437847865
2024-05-14,25700,26150,25200,25550,42771,-0.001953125
2024-05-16,25600,26150,25350,25600,39429,0.001956947162426559
2024-05-17,25850,26150,25600,26000,62229,0.015625
2024-05-20,26000,26200,24350,24850,119852,-0.044230769230769185
2024-05-21,25000,25400,24400,25050,72543,0.008048289738430636
2024-05-22,25050,25100,24650,24650,41374,-0.015968063872255467
2024-05-23,24550,26250,24000,26150,107015,0.06085192697768771
2024-05-24,26200,26900,25950,26100,78304,-0.0019120458891013214
2024-05-27,26850,27450,25800,26150,152487,0.0019157088122605526
2024-05-28,26100,26100,25000,25000,90747,-0.04397705544933084
2024-05-29,25000,25000,24650,24750,35678,-0.010000000000000009
2024-05-30,24550,25000,24350,24950,36311,0.008080808080808133
2024-05-31,24800,25650,24750,25650,45278,0.028056112224448926
2024-06-03,25450,26100,25450,26050,41895,0.015594541910331383
2024-06-04,26150,26450,25100,25450,50609,-0.02303262955854124
2024-06-05,25500,25700,25100,25350,23903,-0.003929273084479323
2024-06-07,25300,25450,25150,25150,23855,-0.007889546351084853
2024-06-10,24850,25300,24800,25100,18144,-0.001988071570576566
2024-06-11,24950,25450,24900,25000,24585,-0.003984063745019917
2024-06-12,25000,25750,25000,25300,31506,0.01200000000000001
2024-06-13,25400,25850,25300,25500,67203,0.007905138339920903
2024-06-14,25400,25750,24650,25400,86337,-0.0039215686274509665
2024-06-17,25200,25500,24400,24550,62633,-0.03346456692913391
2024-06-18,24550,24800,24050,24150,40480,-0.016293279022403295
2024-06-19,24150,24350,23900,24200,35938,0.0020703933747412417
2024-06-20,24450,24450,23900,24000,31725,-0.008264462809917328
2024-06-21,23900,24200,23300,23650,41622,-0.014583333333333282
2024-06-24,23700,23850,22800,23000,70064,-0.02748414376321351
2024-06-25,22750,23150,22450,22700,42368,-0.013043478260869601
2024-06-26,22750,24500,22700,24500,80479,0.07929515418502198
2024-06-27,24300,26500,23950,25900,205405,0.05714285714285716
2024-06-28,25600,26500,25500,25650,63406,-0.009652509652509633
2024-07-01,25700,26800,25250,26500,76949,0.033138401559454245
2024-07-02,26200,26550,25350,25850,64513,-0.024528301886792447
2024-07-03,25600,26150,25000,25450,46871,-0.015473887814313358
2024-07-04,25200,25550,24700,24850,47053,-0.023575638506876273
2024-07-05,25250,26300,25100,25100,51523,0.010060362173038184
2024-07-08,25400,27200,25400,26700,142433,0.06374501992031867
2024-07-09,26800,26950,25900,26500,78262,-0.0074906367041198685
2024-07-10,26200,26200,25150,25350,85167,-0.04339622641509433
2024-07-11,25400,25750,25150,25150,48214,-0.007889546351084853
2024-07-12,25150,28100,25150,27350,354843,0.0874751491053678
2024-07-15,27350,27850,26750,27550,97962,0.007312614259597838
2024-07-16,27300,27300,26500,26950,64638,-0.02177858439201452
2024-07-17,26850,26850,25550,25950,82417,-0.03710575139146566
2024-07-18,25650,26500,25650,26350,43126,0.015414258188824581
2024-07-19,26100,26100,24600,25100,114653,-0.04743833017077803
2024-07-22,25050,25100,24300,24650,33261,-0.017928286852589626
2024-07-23,24450,25000,24350,24750,33896,0.0040567951318457585
2024-07-24,24300,25000,24300,24400,16690,-0.014141414141414121
2024-07-25,24400,24900,23750,24550,43806,0.006147540983606481
2024-07-26,24250,24750,24250,24300,21737,-0.010183299389002087
2024-07-29,24550,25300,24500,25050,32054,0.030864197530864113
2024-07-30,24850,25100,24350,24350,20271,-0.027944111776447067
2024-07-31,24400,24650,23950,24500,18746,0.006160164271047153
2024-08-01,24300,25600,24250,24600,50976,0.004081632653061273
2024-08-02,24500,24850,23500,23550,46519,-0.04268292682926833
2024-08-05,23300,23500,19780,20350,124803,-0.13588110403397025
2024-08-06,20350,22000,20350,21450,169086,0.054054054054053946
2024-08-07,21050,22600,20850,21500,87937,0.002331002331002363
2024-08-08,20950,21550,20650,21100,53244,-0.018604651162790753
2024-08-09,21550,21950,21200,21450,41691,0.016587677725118377
2024-08-12,21300,21750,20950,21200,78239,-0.011655011655011704
2024-08-13,21200,21250,20350,20550,50306,-0.030660377358490587
2024-08-14,20650,21000,19900,20950,108194,0.019464720194647178
2024-08-16,21150,21500,20950,20950,37939,0.0
2024-08-19,20850,22500,20850,21750,107652,0.038186157517899666
2024-08-20,22000,22200,21500,21750,36696,0.0
2024-08-21,21550,22150,21200,21200,38812,-0.025287356321839094
2024-08-22,21250,21900,21100,21400,38428,0.009433962264151052
2024-08-23,21150,21300,20750,20900,44445,-0.02336448598130836
2024-08-26,20950,21250,20650,20850,38531,-0.0023923444976076125
2024-08-27,20850,20900,20450,20750,18599,-0.004796163069544335
2024-08-28,20900,21400,20500,20700,46473,-0.002409638554216831
2024-08-29,20400,20400,19990,20000,55109,-0.033816425120772986
2024-08-30,20050,20850,20050,20800,27812,0.040000000000000036
2024-09-02,20800,20800,20100,20250,37302,-0.02644230769230771
2024-09-03,20250,20650,20250,20350,20950,0.004938271604938205
2024-09-04,20000,20050,19200,19200,87268,-0.05651105651105648
2024-09-05,19220,19850,18900,19010,74580,-0.009895833333333326
2024-09-06,19000,19250,18200,18290,62072,-0.037874802735402446
2024-09-09,17800,18540,17640,18510,38994,0.012028430836522608
2024-09-10,18320,18510,18070,18220,30273,-0.015667206915180976
2024-09-11,18350,18720,18130,18240,33611,0.001097694840834329
2024-09-12,18330,18880,18330,18610,40049,0.020285087719298156
2024-09-13,18620,18700,18340,18590,28825,-0.0010746910263299547
2024-09-19,18650,18760,18250,18580,26296,-0.0005379236148467248
2024-09-20,18750,18820,18450,18530,39966,-0.002691065662002168
2024-09-23,18370,18740,18250,18630,31613,0.005396654074473872
2024-09-24,18560,19350,18560,19350,55059,0.03864734299516903
2024-09-25,19270,19540,19150,19150,33463,-0.01033591731266148
2024-09-26,19350,20300,19230,20100,70676,0.04960835509138373
2024-09-27,20050,20700,19920,20550,73513,0.02238805970149249
2024-09-30,20650,20650,19810,19980,30208,-0.027737226277372296
2024-10-02,19760,20750,19610,20350,57856,0.0185185185185186
2024-10-04,20150,20600,20000,20050,26978,-0.014742014742014753
2024-10-07,20050,20800,19760,20300,40984,0.012468827930174564
2024-10-08,19970,22400,19970,21500,190825,0.059113300492610765
2024-10-10,21800,21900,20900,21550,63925,0.0023255813953488857
2024-10-11,21450,21750,20850,20900,45954,-0.030162412993039456
2024-10-14,21000,21550,20750,21450,26623,0.026315789473684292
2024-10-15,21100,23950,21100,23550,195102,0.09790209790209792
2024-10-16,23400,23400,22750,22800,27286,-0.031847133757961776
2024-10-17,22800,24500,22800,23400,68350,0.026315789473684292
2024-10-18,23800,25000,23250,24700,189455,0.05555555555555558
2024-10-21,24950,24950,24200,24250,282008,-0.018218623481781382
2024-10-22,24500,24850,23650,24200,74281,-0.0020618556701030855
2024-10-23,24200,25050,23600,24600,62046,0.016528925619834656
2024-10-24,24500,24600,22950,23100,72307,-0.060975609756097615
2024-10-25,23300,24500,22700,23800,71125,0.030303030303030276
2024-10-28,24100,30700,24000,29800,2534935,0.25210084033613445
2024-10-29,30350,33350,29700,31500,2720643,0.057046979865771785
2024-10-30,31150,32400,31100,31550,429772,0.0015873015873015817
2024-10-31,31850,33000,31850,33000,271197,0.045958795562599075
2024-11-01,32800,35500,32800,35250,298701,0.06818181818181812
2024-11-04,36150,37300,34500,34500,295626,-0.021276595744680882
2024-11-05,34850,39900,34750,39200,2115894,0.13623188405797104
2024-11-06,39450,39650,37400,38700,558339,-0.012755102040816313
2024-11-07,38050,40500,37500,39850,484120,0.029715762273901714
2024-11-08,39650,40200,38550,39850,391073,0.0
2024-11-11,39050,39450,35850,38700,541532,-0.02885821831869506
2024-11-12,38750,38750,35100,36050,414567,-0.0684754521963824
2024-11-13,35700,39650,34800,38600,735864,0.07073509015256585
2024-11-14,38550,39550,36250,37750,492593,-0.022020725388601003
2024-11-15,37750,38700,37100,38250,182172,0.013245033112582849
2024-11-18,37200,40250,36250,39900,363271,0.04313725490196085
2024-11-19,39600,40700,38850,39450,417612,-0.011278195488721776
2024-11-20,39800,39900,38100,38500,183520,-0.02408111533586821
2024-11-21,37800,38750,37050,37500,176907,-0.025974025974025983
2024-11-22,37500,38600,36450,38100,170393,0.016000000000000014
2024-11-25,39000,41950,38300,39200,779139,0.028871391076115582
2024-11-26,38350,39900,37450,37850,257086,-0.034438775510204134
2024-11-27,37650,40700,37650,39200,412786,0.03566710700132103
2024-11-28,39350,40500,38250,38500,164019,-0.017857142857142905
2024-11-29,38000,38450,34900,36450,541137,-0.05324675324675321
2024-12-02,36850,37500,35700,35700,180518,-0.020576131687242816
2024-12-03,35700,36400,33650,35150,410052,-0.01540616246498594
2024-12-04,34400,35500,33950,34650,168241,-0.014224751066856278
2024-12-05,34350,36200,34250,35050,124368,0.011544011544011523
2024-12-06,35000,35050,32300,33700,358145,-0.03851640513552068
2024-12-09,33200,34000,32450,32750,175860,-0.028189910979228516
2024-12-10,32700,36200,32700,35600,238812,0.08702290076335872
