Date,Open,High,Low,Close,Volume,Change
2022-01-03,7910,8010,7100,7230,4539636,0.0742942050520059
2022-01-04,7520,7610,7180,7490,1867822,0.03596127247579539
2022-01-05,7590,9270,7350,8720,11151967,0.16421895861148195
2022-01-06,8100,8100,7490,7760,739844,-0.11009174311926606
2022-01-07,7250,7560,7000,7560,420086,-0.02577319587628868
2022-01-10,7680,7700,7280,7530,385333,-0.003968253968253954
2022-01-11,7300,7350,6510,6690,954096,-0.11155378486055778
2022-01-12,6690,6980,6440,6830,654665,0.020926756352765308
2022-01-13,6780,6920,6400,6600,651443,-0.03367496339677889
2022-01-14,6460,6640,6340,6520,402714,-0.012121212121212088
2022-01-17,6160,6180,5400,5520,806820,-0.15337423312883436
2022-01-18,5560,6840,5550,5700,5365104,0.032608695652173836
2022-01-19,5440,5670,5230,5560,399975,-0.024561403508771895
2022-01-20,5470,5790,5400,5700,398716,0.02517985611510798
2022-01-21,5700,6120,5590,5770,834735,0.012280701754386003
2022-01-24,5600,5690,5280,5320,263641,-0.07798960138648181
2022-01-25,5270,5470,5010,5010,239931,-0.05827067669172936
2022-01-26,5060,5730,5030,5060,996673,0.009980039920159722
2022-01-27,5090,5130,4720,4755,283635,-0.06027667984189722
2022-01-28,4755,5010,4640,4935,291379,0.03785488958990535
2022-02-03,4990,5240,4980,5210,160554,0.05572441742654499
2022-02-04,5220,5280,4950,5110,202530,-0.019193857965451033
2022-02-07,5200,5420,5140,5350,194646,0.046966731898238745
2022-02-08,5350,5430,5200,5250,116157,-0.01869158878504673
2022-02-09,5300,5550,5300,5460,109736,0.040000000000000036
2022-02-10,5510,5540,5250,5270,79570,-0.034798534798534786
2022-02-11,5240,5480,5100,5430,102211,0.030360531309297834
2022-02-14,5290,5340,4765,4765,273243,-0.12246777163904232
2022-02-15,4720,4855,4550,4610,163135,-0.03252885624344182
2022-02-16,4650,4825,4650,4770,101162,0.03470715835141003
2022-02-17,4850,4965,4745,4835,148470,0.013626834381551323
2022-02-18,4760,5050,4760,5050,80935,0.04446742502585321
2022-02-21,4905,5110,4820,5040,93152,-0.001980198019801982
2022-02-22,5010,5120,4800,4810,77759,-0.045634920634920584
2022-02-23,4795,4870,4740,4835,72654,0.005197505197505281
2022-02-24,4830,4915,4595,4615,85797,-0.04550155118924504
2022-02-25,4665,4875,4665,4785,96390,0.03683640303358615
2022-02-28,4830,4830,4695,4710,50059,-0.01567398119122254
2022-03-02,4715,4945,4710,4815,85318,0.022292993630573354
2022-03-03,5200,5390,4745,4780,249114,-0.007268951194184803
2022-03-04,4810,4870,4570,4585,141210,-0.04079497907949792
2022-03-07,4570,4570,4300,4375,106755,-0.04580152671755722
2022-03-08,4175,4335,4145,4280,92193,-0.021714285714285686
2022-03-10,4350,4790,4320,4530,260046,0.05841121495327095
2022-03-11,4575,5380,4550,5000,704625,0.10375275938189854
2022-03-14,5160,5250,4660,4700,393767,-0.06000000000000005
2022-03-15,4665,4750,4530,4585,107377,-0.024468085106382986
2022-03-16,4610,4720,4540,4700,96406,0.025081788440566966
2022-03-17,4760,4945,4710,4795,148985,0.0202127659574467
2022-03-18,4795,5140,4760,5060,167132,0.05526590198123049
2022-03-21,5110,5360,5000,5170,449090,0.021739130434782705
2022-03-22,5170,5260,5020,5180,128434,0.0019342359767891004
2022-03-23,5190,6070,5110,5680,3443687,0.09652509652509655
2022-03-24,5600,5790,5060,5100,863284,-0.102112676056338
2022-03-25,5150,5160,4960,4970,215472,-0.025490196078431393
2022-03-28,4980,5230,4980,5190,147041,0.04426559356136828
2022-03-29,5190,5870,5180,5310,1845289,0.023121387283236983
2022-03-30,5110,5190,4965,4975,378760,-0.0630885122410546
2022-03-31,5020,5090,4985,5050,90965,0.015075376884422065
2022-04-01,5090,5150,4985,4985,158790,-0.012871287128712883
2022-04-04,4985,5210,4930,5210,212903,0.04513540621865597
2022-04-05,5210,5230,5080,5200,137292,-0.0019193857965451588
2022-04-06,5200,5200,4980,5050,98908,-0.028846153846153855
2022-04-07,5050,5050,4790,4815,163496,-0.046534653465346576
2022-04-08,4815,4920,4740,4770,95390,-0.009345794392523366
2022-04-11,4770,4850,4645,4790,90131,0.004192872117400492
2022-04-12,4755,4910,4665,4885,96326,0.019832985386221358
2022-04-13,4885,5100,4855,5030,112447,0.029682702149437024
2022-04-14,5040,5120,4980,5060,87902,0.005964214711729587
2022-04-15,5060,5160,4940,5110,93268,0.009881422924901129
2022-04-18,5090,5130,4990,4990,53254,-0.023483365949119372
2022-04-19,4980,5040,4930,5000,50254,0.002004008016031955
2022-04-20,5010,5240,5010,5120,109530,0.02400000000000002
2022-04-21,5130,5180,4990,5010,78239,-0.021484375
2022-04-22,5010,5010,4830,4855,65888,-0.03093812375249505
2022-04-25,4800,4900,4650,4775,109244,-0.016477857878475777
2022-04-26,4735,4870,4725,4805,62949,0.006282722513089034
2022-04-27,4740,4745,4650,4660,55555,-0.030176899063475537
2022-04-28,4655,4715,4545,4610,70415,-0.010729613733905574
2022-04-29,4610,4760,4595,4680,65084,0.015184381778741818
2022-05-02,4695,4870,4680,4790,80979,0.02350427350427342
2022-05-03,4800,4920,4790,4800,66125,0.0020876826722338038
2022-05-04,4800,4860,4775,4790,39109,-0.002083333333333326
2022-05-06,4780,4930,4745,4820,163008,0.006263048016701411
2022-05-09,4770,4795,4570,4570,68347,-0.051867219917012486
2022-05-10,4555,4615,4310,4610,73690,0.00875273522975939
2022-05-11,4515,4930,4515,4760,127783,0.03253796095444694
2022-05-12,4760,4850,4600,4600,70422,-0.03361344537815125
2022-05-13,4550,4690,4520,4635,47081,0.007608695652173925
2022-05-16,4640,4910,4640,4740,53832,0.02265372168284796
2022-05-17,4760,4785,4690,4690,49517,-0.010548523206751037
2022-05-18,4710,4825,4690,4690,71214,0.0
2022-05-19,4665,4680,4520,4550,58752,-0.02985074626865669
2022-05-20,4550,4630,4450,4460,64357,-0.01978021978021982
2022-05-23,4460,4650,4460,4480,52026,0.004484304932735439
2022-05-24,4540,4570,4390,4450,52525,-0.006696428571428603
2022-05-25,4430,4475,4400,4435,37673,-0.003370786516853963
2022-05-26,4435,4555,4425,4425,45709,-0.0022547914317925244
2022-05-27,4435,4540,4415,4435,33231,0.002259887005649608
2022-05-30,4465,4700,4465,4660,95833,0.050732807215332576
2022-05-31,4660,4730,4610,4610,57884,-0.010729613733905574
2022-06-02,4620,4690,4585,4635,43079,0.005422993492407713
2022-06-03,4635,4675,4610,4610,42306,-0.005393743257820938
2022-06-07,4610,4680,4545,4590,61434,-0.004338394793926281
2022-06-08,4545,4590,4495,4500,44700,-0.019607843137254943
2022-06-09,4500,4500,4405,4490,29955,-0.0022222222222222365
2022-06-10,4490,4590,4390,4405,49275,-0.018930957683741645
2022-06-13,4350,4350,4070,4080,136097,-0.07377979568671966
2022-06-14,3870,4050,3850,3990,79675,-0.022058823529411797
2022-06-15,3965,4030,3730,3825,107576,-0.041353383458646586
2022-06-16,3860,4010,3850,3885,59823,0.015686274509803866
2022-06-17,3870,3990,3675,3990,66553,0.027027027027026973
2022-06-20,3990,4030,3530,3530,84732,-0.11528822055137844
2022-06-21,3530,4150,3460,3700,504238,0.04815864022662897
2022-06-22,3730,3765,3460,3460,61027,-0.06486486486486487
2022-06-23,3460,3525,3115,3200,77647,-0.07514450867052025
2022-06-24,3200,3450,3200,3435,45676,0.07343750000000004
2022-06-27,3470,3670,3470,3625,42244,0.055312954876273634
2022-06-28,3645,3755,3630,3740,52461,0.03172413793103446
2022-06-29,3740,3750,3625,3730,28167,-0.002673796791443861
2022-06-30,3685,3715,3535,3550,31049,-0.04825737265415553
2022-07-01,3505,3635,3390,3390,34220,-0.04507042253521132
2022-07-04,3390,3555,3350,3415,46665,0.007374631268436627
2022-07-05,3395,3590,3395,3560,46263,0.04245973645680823
2022-07-06,3730,3730,3570,3690,47126,0.03651685393258419
2022-07-07,3700,3895,3700,3770,99725,0.021680216802167918
2022-07-08,3780,3850,3730,3795,33200,0.006631299734747964
2022-07-11,3795,4440,3650,3690,1235522,-0.02766798418972327
2022-07-12,3690,3700,3450,3505,120101,-0.050135501355013545
2022-07-13,3460,3535,3410,3510,74312,0.0014265335235377208
2022-07-14,3545,3630,3490,3545,63500,0.009971509971509862
2022-07-15,3545,3610,3430,3445,29283,-0.028208744710860323
2022-07-18,3480,3670,3465,3575,73664,0.037735849056603765
2022-07-19,3575,3995,3575,3750,578416,0.04895104895104896
2022-07-20,3765,3815,3725,3730,52447,-0.005333333333333301
2022-07-21,3800,3805,3730,3750,31760,0.00536193029490617
2022-07-22,3755,3825,3750,3785,41599,0.009333333333333416
2022-07-25,3825,4640,3770,3935,2860768,0.039630118890356725
2022-07-26,3940,4215,3830,3950,486298,0.003811944091486552
2022-07-27,3935,4020,3905,3905,115529,-0.011392405063291089
2022-07-28,3960,3995,3920,3935,61867,0.007682458386683688
2022-07-29,3950,4485,3950,4030,1143697,0.02414231257941557
2022-08-01,4060,4635,4050,4370,3341888,0.08436724565756815
2022-08-02,4335,4340,4170,4205,207645,-0.03775743707093826
2022-08-03,4235,4540,4215,4500,478121,0.07015457788347201
2022-08-04,4500,4520,4400,4450,153909,-0.011111111111111072
2022-08-05,4460,4800,4330,4490,552591,0.008988764044943753
2022-08-08,4490,4490,4315,4335,102151,-0.034521158129176
2022-08-09,4335,4375,4245,4275,76448,-0.01384083044982698
2022-08-10,4300,4375,4270,4270,63764,-0.0011695906432748204
2022-08-11,4270,4365,4270,4275,29097,0.0011709601873535203
2022-08-12,4340,4340,4280,4330,37960,0.012865497076023358
2022-08-16,4330,4420,4315,4370,51077,0.009237875288683695
2022-08-17,4305,4480,4180,4230,112749,-0.03203661327231122
2022-08-18,4230,4230,4100,4190,44441,-0.009456264775413725
2022-08-19,4150,4220,4125,4135,40312,-0.013126491646778038
2022-08-22,4095,4100,3990,4010,41202,-0.030229746070132957
2022-08-23,3970,4015,3870,3950,33987,-0.014962593516209433
2022-08-24,3940,4060,3920,4060,25291,0.02784810126582271
2022-08-25,4100,4230,4085,4225,40945,0.04064039408866993
2022-08-26,4245,4290,4100,4110,52147,-0.02721893491124261
2022-08-29,3990,4075,3920,4065,36900,-0.010948905109489093
2022-08-30,4020,4135,3970,4010,32514,-0.013530135301353052
2022-08-31,4010,4125,3975,4080,35671,0.0174563591022443
2022-09-01,4110,4110,3975,3975,34886,-0.02573529411764708
2022-09-02,3975,4050,3880,3880,49504,-0.023899371069182385
2022-09-05,3880,3940,3755,3880,54455,0.0
2022-09-06,3850,4010,3830,3970,30078,0.02319587628865971
2022-09-07,4030,4040,3830,3920,35484,-0.012594458438287104
2022-09-08,3885,3945,3840,3840,16989,-0.020408163265306145
2022-09-13,3895,4200,3895,4015,72460,0.04557291666666674
2022-09-14,4015,4070,3810,3990,43537,-0.0062266500622665255
2022-09-15,4010,4395,4010,4115,249231,0.03132832080200498
2022-09-16,4080,4115,3950,3960,48000,-0.0376670716889429
2022-09-19,3940,4010,3740,3835,53777,-0.031565656565656575
2022-09-20,3835,3930,3810,3930,26518,0.024771838331160367
2022-09-21,3930,3950,3850,3875,19684,-0.013994910941475869
2022-09-22,3875,3880,3665,3775,37884,-0.02580645161290318
2022-09-23,3795,3795,3610,3610,43179,-0.0437086092715232
2022-09-26,3555,3595,3300,3380,89721,-0.06371191135734067
2022-09-27,3380,3450,3250,3375,36639,-0.0014792899408283544
2022-09-28,3355,3470,3215,3335,50204,-0.011851851851851891
2022-09-29,3355,3465,3300,3300,39605,-0.010494752623688153
2022-09-30,3230,3400,3190,3360,39744,0.018181818181818077
2022-10-04,3390,3525,3380,3480,33703,0.03571428571428581
2022-10-05,3520,3590,3480,3520,52299,0.011494252873563315
2022-10-06,3565,3695,3530,3605,41274,0.024147727272727293
2022-10-07,3610,3735,3500,3605,84176,0.0
2022-10-11,3600,3600,3350,3380,41016,-0.06241331484049928
2022-10-12,3350,3435,3310,3410,29810,0.008875739644970349
2022-10-13,3385,3385,3195,3215,32800,-0.05718475073313778
2022-10-14,3300,3500,3260,3475,65713,0.08087091757387244
2022-10-17,3475,3765,3420,3645,100124,0.048920863309352525
2022-10-18,3655,3785,3645,3780,63995,0.03703703703703698
2022-10-19,3720,3820,3600,3600,57361,-0.04761904761904767
2022-10-20,3600,3700,3440,3440,46143,-0.0444444444444444
2022-10-21,3440,3580,3440,3500,32820,0.01744186046511631
2022-10-24,3550,3660,3545,3655,17486,0.04428571428571426
2022-10-25,3670,3745,3615,3615,25960,-0.01094391244870041
2022-10-26,3620,3755,3575,3575,18830,-0.011065006915629283
2022-10-27,3575,3635,3560,3635,13982,0.016783216783216703
2022-10-28,3635,3650,3600,3625,20900,-0.0027510316368638543
2022-10-31,3625,3665,3600,3605,14708,-0.0055172413793103114
2022-11-01,3640,3695,3605,3620,16192,0.004160887656033285
2022-11-02,3605,3695,3605,3670,20289,0.013812154696132506
2022-11-03,3625,3690,3615,3665,10781,-0.0013623978201634523
2022-11-04,3665,3695,3590,3670,26630,0.0013642564802183177
2022-11-07,3670,3670,3605,3610,31256,-0.016348773841961872
2022-11-08,3615,3690,3615,3685,26386,0.020775623268697974
2022-11-09,3690,3730,3685,3690,25748,0.0013568521031208647
2022-11-10,3650,3690,3595,3650,12254,-0.010840108401083959
2022-11-11,3700,3725,3680,3720,26290,0.019178082191780854
2022-11-14,3720,3765,3675,3675,47668,-0.012096774193548376
2022-11-15,3705,3705,3670,3670,13084,-0.0013605442176870541
2022-11-16,3680,3705,3640,3640,25178,-0.008174386920980936
2022-11-17,3645,3700,3625,3645,9551,0.0013736263736263687
2022-11-18,3645,3675,3550,3560,33888,-0.023319615912208547
2022-11-21,3560,3670,3460,3545,30636,-0.004213483146067398
2022-11-22,3450,3530,3435,3480,25214,-0.01833568406205921
2022-11-23,3475,3550,3450,3550,22685,0.02011494252873569
2022-11-24,3585,3695,3585,3680,28306,0.036619718309859106
2022-11-25,3695,3720,3650,3660,29798,-0.005434782608695676
2022-11-28,3660,3660,3570,3570,20742,-0.024590163934426257
2022-11-29,3510,3650,3510,3545,26625,-0.007002801120448154
2022-11-30,3545,3600,3545,3585,25312,0.01128349788434413
2022-12-01,3605,3680,3605,3640,19708,0.015341701534170138
2022-12-02,3655,3675,3585,3585,21991,-0.015109890109890056
2022-12-05,3590,3675,3580,3650,33070,0.018131101813110284
2022-12-06,3650,3705,3555,3580,42984,-0.019178082191780854
2022-12-07,3545,4160,3475,3670,1212654,0.025139664804469275
2022-12-08,3680,3715,3600,3610,75750,-0.016348773841961872
2022-12-09,3625,3775,3585,3665,153716,0.015235457063711877
2022-12-12,3665,3690,3560,3590,49157,-0.02046384720327421
2022-12-13,3595,3665,3560,3560,35259,-0.00835654596100277
2022-12-14,3565,3715,3565,3650,47597,0.02528089887640439
2022-12-15,3650,3750,3620,3750,41792,0.027397260273972712
2022-12-16,3700,3960,3645,3670,108758,-0.021333333333333315
2022-12-19,3670,4125,3635,3795,633252,0.034059945504087086
2022-12-20,3760,3790,3655,3695,76446,-0.026350461133069825
2022-12-21,3695,3695,3570,3665,44444,-0.008119079837618393
2022-12-22,3665,3725,3615,3720,30797,0.01500682128240105
2022-12-23,3720,3730,3450,3570,63813,-0.040322580645161255
2022-12-26,3510,3595,3460,3580,44792,0.0028011204481792618
2022-12-27,3580,3635,3505,3590,25689,0.0027932960893854997
2022-12-28,3615,3635,3545,3595,27564,0.0013927576601671099
2022-12-29,3560,3595,3395,3425,72644,-0.04728789986091797
2023-01-02,3435,3500,3395,3410,52041,-0.004379562043795637
2023-01-03,3400,3400,3210,3400,51069,-0.0029325513196480912
2023-01-04,3340,3465,3295,3440,33932,0.0117647058823529
2023-01-05,3485,3590,3450,3525,42514,0.024709302325581328
2023-01-06,3525,3650,3510,3540,30980,0.004255319148936065
2023-01-09,3570,3670,3570,3600,19054,0.016949152542372836
2023-01-10,3615,3640,3450,3580,60438,-0.005555555555555536
2023-01-11,3575,3605,3560,3565,28509,-0.0041899441340782495
2023-01-12,3615,3640,3530,3550,19216,-0.0042075736325385416
2023-01-13,3550,3590,3490,3490,26077,-0.016901408450704203
2023-01-16,3490,3610,3465,3565,15590,0.02148997134670494
2023-01-17,3575,3665,3500,3550,41538,-0.0042075736325385416
2023-01-18,3545,3780,3535,3680,68100,0.036619718309859106
2023-01-19,3675,3730,3615,3695,32028,0.0040760869565217295
2023-01-20,3695,3715,3640,3665,13587,-0.008119079837618393
2023-01-25,3710,4565,3710,4200,4291624,0.145975443383356
2023-01-26,4345,4350,4005,4150,801983,-0.011904761904761862
2023-01-27,4110,4400,4010,4185,450097,0.008433734939758963
2023-01-30,4225,4950,4095,4615,2440612,0.10274790919952204
2023-01-31,4985,5980,4615,5420,11108725,0.1744312026002166
2023-02-01,5450,5570,5060,5060,1581027,-0.06642066420664205
2023-02-02,5080,5570,5020,5330,1391702,0.05335968379446632
2023-02-03,5240,5260,4910,5020,497021,-0.05816135084427765
2023-02-06,4840,4950,4715,4750,481147,-0.05378486055776888
2023-02-07,4750,4940,4640,4725,460912,-0.0052631578947368585
2023-02-08,4650,4820,4620,4720,280049,-0.0010582010582010914
2023-02-09,4720,5740,4695,5090,9113749,0.07838983050847448
2023-02-10,5170,5170,4655,4675,780627,-0.08153241650294696
2023-02-13,4645,4725,4415,4500,404675,-0.03743315508021394
2023-02-14,4510,4655,4250,4360,362506,-0.03111111111111109
2023-02-15,4345,4345,4140,4170,270495,-0.04357798165137616
2023-02-16,4180,4280,4160,4205,168121,0.008393285371702586
2023-02-17,4210,4210,4110,4140,80923,-0.015457788347205681
2023-02-20,4145,4230,4030,4230,144072,0.021739130434782705
2023-02-21,4275,4275,4140,4140,88217,-0.021276595744680882
2023-02-22,4050,4135,3980,4010,108186,-0.03140096618357491
2023-02-23,4000,4215,3990,4170,126131,0.03990024937655856
2023-02-24,4180,4820,4160,4270,1678310,0.023980815347721895
2023-02-27,4310,4390,4220,4320,262896,0.011709601873536313
2023-02-28,4340,4450,4280,4400,211888,0.0185185185185186
2023-03-02,4370,4425,4265,4305,178253,-0.021590909090909105
2023-03-03,4300,4370,4235,4270,84321,-0.008130081300813052
2023-03-06,4290,4495,4245,4425,171188,0.03629976580796246
2023-03-07,4425,4465,4360,4420,114445,-0.001129943502824804
2023-03-08,4420,4420,4265,4270,83465,-0.0339366515837104
2023-03-09,4250,4315,4050,4070,167153,-0.04683840749414525
2023-03-10,4070,4110,3965,3965,65911,-0.025798525798525818
2023-03-13,3865,3970,3830,3945,89230,-0.0050441361916772065
2023-03-14,3915,3945,3610,3720,102090,-0.057034220532319435
2023-03-15,3760,3910,3760,3870,54275,0.040322580645161255
2023-03-16,3880,3910,3730,3885,65128,0.003875968992248069
2023-03-17,3900,4020,3885,3985,63073,0.025740025740025763
2023-03-20,3985,4050,3930,3965,25253,-0.005018820577164407
2023-03-21,3965,4030,3845,3900,49464,-0.016393442622950838
2023-03-22,3900,3905,3805,3845,82017,-0.014102564102564052
2023-03-23,3815,3815,3705,3705,79476,-0.03641092327698314
2023-03-24,3725,3840,3705,3840,46060,0.036437246963562764
2023-03-27,3840,3910,3775,3875,39190,0.00911458333333326
2023-03-28,3860,3915,3845,3855,32562,-0.005161290322580614
2023-03-29,3855,3875,3790,3855,35708,0.0
2023-03-30,3855,3945,3785,3860,46952,0.0012970168612191912
2023-03-31,3870,3940,3750,3885,74454,0.006476683937823857
2023-04-03,3885,4085,3885,4085,129349,0.051480051480051525
2023-04-04,4090,4145,4010,4125,90931,0.009791921664626724
2023-04-05,4125,4185,4090,4130,90816,0.00121212121212122
2023-04-06,4130,4265,4065,4235,128604,0.025423728813559254
2023-04-07,4245,4280,4080,4100,74884,-0.031877213695395534
2023-04-10,4155,4155,3920,4020,60846,-0.019512195121951237
2023-04-11,4020,4100,3920,4095,35959,0.018656716417910557
2023-04-12,4095,4180,4060,4140,30936,0.01098901098901095
2023-04-13,4140,4155,4010,4060,27763,-0.019323671497584516
2023-04-14,4100,4140,4070,4100,31974,0.009852216748768461
2023-04-17,4140,4295,4105,4290,93029,0.04634146341463419
2023-04-18,4290,4355,4175,4295,115736,0.0011655011655011815
2023-04-19,4295,4360,4265,4295,92452,0.0
2023-04-20,4305,4370,4205,4230,65970,-0.015133876600698537
2023-04-21,4200,4200,4020,4045,79616,-0.043735224586288424
2023-04-24,4035,4045,3875,3950,79114,-0.023485784919653918
2023-04-25,3950,3950,3700,3880,62831,-0.017721518987341756
2023-04-26,3840,4050,3720,4040,66871,0.04123711340206193
2023-04-27,4040,4080,3930,4025,35765,-0.003712871287128716
2023-04-28,4065,4135,4030,4030,62748,0.001242236024844745
2023-05-02,4050,4240,4050,4210,70968,0.04466501240694787
2023-05-03,4210,4225,4125,4130,50466,-0.019002375296912066
2023-05-04,4125,4125,4015,4050,45420,-0.01937046004842613
2023-05-08,4050,4200,4020,4100,26853,0.012345679012345734
2023-05-09,4100,4110,3965,4000,31391,-0.024390243902439046
2023-05-10,4000,4095,3960,3970,27062,-0.007499999999999951
2023-05-11,3970,4045,3930,4040,45245,0.017632241813602123
2023-05-12,4040,4040,3970,4000,22310,-0.00990099009900991
2023-05-15,4000,4000,3860,3880,41036,-0.030000000000000027
2023-05-16,3810,3855,3690,3710,131057,-0.04381443298969068
2023-05-17,3690,3745,3650,3705,69037,-0.0013477088948786742
2023-05-18,3725,3820,3725,3765,35244,0.0161943319838056
2023-05-19,3775,3850,3770,3810,30909,0.01195219123505975
2023-05-22,3810,3845,3795,3810,45894,0.0
2023-05-23,3970,3970,3810,3840,27269,0.007874015748031482
2023-05-24,3835,3835,3770,3795,34014,-0.01171875
2023-05-25,3795,3885,3765,3785,29543,-0.0026350461133070047
2023-05-26,3805,3815,3725,3730,56831,-0.014531043593130732
2023-05-30,3730,3860,3730,3850,46395,0.03217158176943702
2023-05-31,3870,3890,3810,3855,32343,0.0012987012987013546
2023-06-01,3855,3855,3760,3810,32091,-0.011673151750972721
2023-06-02,3810,3850,3715,3850,48905,0.01049868766404205
2023-06-05,3840,3845,3735,3750,68057,-0.025974025974025983
2023-06-07,3765,3795,3710,3720,62616,-0.008000000000000007
2023-06-08,3710,3720,3665,3715,37502,-0.0013440860215053752
2023-06-09,3715,3750,3515,3705,73785,-0.0026917900403768957
2023-06-12,3705,3750,3665,3705,25983,0.0
2023-06-13,3690,3725,3685,3710,18591,0.0013495276653170407
2023-06-14,3710,3725,3565,3620,60628,-0.02425876010781669
2023-06-15,3600,3655,3520,3540,72066,-0.02209944751381221
2023-06-16,3545,3565,3525,3530,32324,-0.0028248587570621764
2023-06-19,3545,3615,3530,3615,28943,0.024079320113314484
2023-06-20,3615,3625,3545,3570,45696,-0.012448132780082943
2023-06-21,3570,3610,3550,3560,32112,-0.0028011204481792618
2023-06-22,3505,3545,3485,3495,44051,-0.018258426966292096
2023-06-23,3485,3600,3480,3570,56343,0.02145922746781115
2023-06-26,3720,3750,3460,3475,102323,-0.026610644257703098
2023-06-27,3540,3540,3465,3475,24639,0.0
2023-06-28,3470,3475,3440,3475,23354,0.0
2023-06-29,3465,3465,3395,3430,33802,-0.012949640287769792
2023-06-30,3400,3420,3330,3380,32555,-0.014577259475218707
2023-07-03,3380,3585,3380,3525,63058,0.04289940828402372
2023-07-04,3525,3560,3460,3500,35799,-0.007092198581560294
2023-07-05,3500,3555,3450,3475,21916,-0.0071428571428571175
2023-07-06,3475,3510,3360,3365,34145,-0.031654676258992764
2023-07-07,3340,3365,3280,3345,28473,-0.005943536404160454
2023-07-10,3345,3370,3280,3370,19224,0.007473841554558991
2023-07-11,3370,3420,3370,3420,15752,0.014836795252225476
2023-07-12,3425,3455,3385,3420,12686,0.0
2023-07-13,3420,3475,3420,3455,30619,0.01023391812865504
2023-07-14,3480,3490,3420,3455,31490,0.0
2023-07-17,3455,3490,3395,3410,18494,-0.013024602026049159
2023-07-18,3410,3465,3375,3410,23949,0.0
2023-07-19,3415,3420,3350,3390,19120,-0.0058651026392961825
2023-07-20,3360,3400,3340,3360,24278,-0.008849557522123908
2023-07-21,3360,3425,3335,3380,9109,0.005952380952380931
2023-07-24,3360,3620,3245,3245,156041,-0.0399408284023669
2023-07-25,3230,3360,3155,3175,41872,-0.02157164869029271
2023-07-26,3170,3170,2860,2980,134061,-0.06141732283464563
2023-07-27,2960,3080,2960,3035,37279,0.01845637583892623
2023-07-28,3060,3190,3060,3130,20822,0.0313014827018121
2023-07-31,3155,3200,3145,3200,19059,0.022364217252396124
2023-08-01,3215,3250,3115,3140,35302,-0.018750000000000044
2023-08-02,3185,3235,3045,3090,60460,-0.015923566878980888
2023-08-03,3060,3090,3005,3070,46405,-0.006472491909385147
2023-08-04,3055,3100,2970,3095,31487,0.008143322475570036
2023-08-07,3095,3150,3005,3135,25383,0.01292407108239102
2023-08-08,3095,3105,2970,2975,51060,-0.05103668261562999
2023-08-09,3000,3025,2975,3025,19206,0.01680672268907557
2023-08-10,3085,3105,3030,3095,15877,0.023140495867768562
2023-08-11,3095,3115,3075,3075,13386,-0.00646203554119551
2023-08-14,3110,3125,3035,3070,40455,-0.001626016260162566
2023-08-16,3070,3100,2945,2980,55206,-0.02931596091205213
2023-08-17,2920,3000,2920,2970,42405,-0.003355704697986628
2023-08-18,2950,3065,2910,3065,23934,0.03198653198653201
2023-08-21,3055,3055,2975,3040,18456,-0.00815660685154973
2023-08-22,3040,3100,3040,3060,13792,0.006578947368421018
2023-08-23,3060,3095,3030,3080,10696,0.006535947712418277
2023-08-24,3080,3115,3040,3115,14214,0.011363636363636465
2023-08-25,3115,3130,3070,3070,23720,-0.014446227929374
2023-08-28,3075,3170,3070,3150,34225,0.026058631921824116
2023-08-29,3160,3465,3135,3170,308188,0.006349206349206327
2023-08-30,3185,3250,3150,3195,13134,0.007886435331230235
2023-08-31,3195,3230,3135,3145,19433,-0.015649452269170583
2023-09-01,3145,3270,3145,3230,47504,0.027027027027026973
2023-09-04,3230,3280,3180,3260,15491,0.009287925696594534
2023-09-05,3265,3310,3225,3295,24168,0.010736196319018454
2023-09-06,3295,3325,3205,3220,44828,-0.022761760242792084
2023-09-07,3205,3325,3120,3120,35726,-0.03105590062111796
2023-09-08,3130,3200,3120,3185,13641,0.02083333333333326
2023-09-11,3135,3170,3135,3140,12197,-0.014128728414442682
2023-09-12,3125,3140,3070,3070,26636,-0.022292993630573243
2023-09-13,3035,3070,3010,3035,24614,-0.01140065146579805
2023-09-14,3005,3065,2990,3055,33082,0.006589785831960571
2023-09-15,3085,3135,3065,3120,9677,0.02127659574468077
2023-09-18,3140,3155,3105,3150,12660,0.009615384615384581
2023-09-19,3105,3120,3070,3085,10186,-0.020634920634920673
2023-09-20,3085,3095,3040,3080,11762,-0.0016207455429497752
2023-09-21,3065,3075,2985,3020,17163,-0.01948051948051943
2023-09-22,2935,3020,2930,3020,13508,0.0
2023-09-25,2975,3080,2960,3020,16214,0.0
2023-09-26,2990,3010,2915,2925,35239,-0.0314569536423841
2023-09-27,2885,2950,2865,2950,22167,0.008547008547008517
2023-10-04,2960,3010,2855,2895,42525,-0.01864406779661021
2023-10-05,2855,2870,2800,2800,26101,-0.032815198618307395
2023-10-06,2800,2935,2800,2910,14007,0.03928571428571437
2023-10-10,2910,3130,2860,2860,35505,-0.01718213058419249
2023-10-11,2860,2995,2855,2975,14584,0.04020979020979021
2023-10-12,2975,3020,2910,3000,22115,0.008403361344537785
2023-10-13,3000,3040,2920,2990,13320,-0.0033333333333332993
2023-10-16,2960,2960,2865,2900,19497,-0.030100334448160515
2023-10-17,2885,2940,2860,2895,15332,-0.0017241379310344307
2023-10-18,2910,2945,2895,2945,17887,0.017271157167530138
2023-10-19,2915,2925,2820,2820,17247,-0.04244482173174868
2023-10-20,2810,2815,2720,2740,21334,-0.028368794326241176
2023-10-23,2720,2760,2700,2710,14066,-0.010948905109489093
2023-10-24,2660,2795,2650,2795,18326,0.03136531365313644
2023-10-25,2815,2850,2805,2845,6321,0.017889087656529412
2023-10-26,2810,2830,2735,2760,5732,-0.02987697715289983
2023-10-27,2735,2760,2705,2730,17883,-0.010869565217391353
2023-10-30,2725,2740,2690,2730,9774,0.0
2023-10-31,2740,2780,2700,2705,16463,-0.009157509157509125
2023-11-01,2695,2870,2675,2860,21295,0.0573012939001849
2023-11-02,2860,2955,2860,2905,7926,0.01573426573426584
2023-11-03,2920,2960,2875,2950,16338,0.015490533562822817
2023-11-06,2970,2990,2900,2975,18190,0.008474576271186418
2023-11-07,2975,2975,2895,2930,17221,-0.015126050420168013
2023-11-08,2930,2985,2870,2960,15740,0.010238907849829282
2023-11-09,2960,2960,2905,2945,25781,-0.0050675675675675436
2023-11-10,2915,2945,2830,2885,16645,-0.02037351443123936
2023-11-13,2845,2885,2800,2870,16631,-0.005199306759098743
2023-11-14,2840,2920,2800,2920,10930,0.017421602787456525
2023-11-15,2980,3125,2930,3050,78873,0.044520547945205546
2023-11-16,3135,3300,3130,3290,160972,0.07868852459016384
2023-11-17,3340,3465,3305,3465,108462,0.05319148936170204
2023-11-20,3465,3520,3430,3475,68847,0.0028860028860029363
2023-11-21,3550,3555,3465,3505,38038,0.008633093525179936
2023-11-22,3505,3555,3470,3470,26548,-0.0099857346647646
2023-11-23,3470,3540,3470,3495,20789,0.007204610951008661
2023-11-24,3495,3545,3495,3540,25267,0.012875536480686733
2023-11-27,3540,3600,3535,3560,33328,0.005649717514124353
2023-11-28,3560,3610,3560,3590,27193,0.008426966292134797
2023-11-29,3590,3615,3515,3565,26519,-0.0069637883008356605
2023-11-30,3575,3630,3540,3630,31305,0.018232819074333717
2023-12-01,3630,3750,3620,3745,100495,0.031680440771349794
2023-12-04,3745,3870,3725,3860,87263,0.030707610146862407
2023-12-05,3860,3930,3560,3640,76271,-0.05699481865284972
2023-12-06,3640,3800,3640,3700,40743,0.016483516483516425
2023-12-07,3700,3820,3700,3810,36696,0.029729729729729648
2023-12-08,3810,3845,3680,3695,22364,-0.030183727034120755
2023-12-11,3695,3885,3695,3840,38193,0.03924221921515558
2023-12-12,3840,3880,3655,3720,35577,-0.03125
2023-12-13,3750,3845,3720,3810,25772,0.024193548387096753
2023-12-14,3815,3850,3720,3720,34460,-0.023622047244094446
2023-12-15,3735,3960,3735,3870,57680,0.040322580645161255
2023-12-18,3875,3905,3830,3835,30496,-0.009043927648578864
2023-12-19,3840,3940,3840,3915,32112,0.020860495436766602
2023-12-20,3915,3980,3845,3845,36315,-0.017879948914431676
2023-12-21,3930,3930,3780,3840,29564,-0.0013003901170350884
2023-12-22,3840,3900,3840,3870,26521,0.0078125
2023-12-26,3900,3930,3885,3910,30146,0.010335917312661591
2023-12-27,3910,3935,3870,3885,16011,-0.006393861892583175
2023-12-28,3885,3885,3635,3655,39574,-0.05920205920205923
2024-01-02,3690,3940,3690,3910,77771,0.06976744186046502
2024-01-03,3950,4035,3920,4020,43242,0.028132992327365658
2024-01-04,4020,4055,3850,3860,31571,-0.03980099502487566
2024-01-05,3860,3925,3820,3860,16697,0.0
2024-01-08,3870,4000,3860,3925,59215,0.01683937823834203
2024-01-09,3955,4040,3950,4000,16714,0.019108280254777066
2024-01-10,4000,4000,3850,3870,17403,-0.03249999999999997
2024-01-11,3905,3940,3780,3840,17819,-0.007751937984496138
2024-01-12,3835,3840,3630,3630,20942,-0.0546875
2024-01-15,3630,3835,3625,3720,23443,0.024793388429751984
2024-01-16,3720,3865,3705,3795,15861,0.02016129032258074
2024-01-17,3790,3900,3600,3600,29153,-0.0513833992094862
2024-01-18,3580,3600,3465,3505,24268,-0.026388888888888906
2024-01-19,3505,3625,3480,3600,25251,0.02710413694721825
2024-01-22,3600,3640,3585,3585,22762,-0.004166666666666652
2024-01-23,3585,3585,3520,3575,19943,-0.002789400278940035
2024-01-24,3575,3690,3560,3615,24992,0.01118881118881121
2024-01-25,3560,3615,3410,3465,23934,-0.04149377593360992
2024-01-26,3465,3605,3440,3580,22826,0.03318903318903321
2024-01-29,3580,3580,3505,3545,21666,-0.009776536312849138
2024-01-30,3495,3545,3475,3475,19597,-0.019746121297602226
2024-01-31,3475,3600,3445,3550,26330,0.021582733812949728
2024-02-01,3545,3690,3540,3680,54130,0.036619718309859106
2024-02-02,3660,3660,3560,3620,37846,-0.016304347826086918
2024-02-05,3620,3700,3510,3545,35232,-0.02071823204419887
2024-02-06,3545,3545,3315,3320,83910,-0.06346967559943584
2024-02-07,3320,3320,3125,3305,40783,-0.004518072289156572
2024-02-08,3305,3335,3285,3335,21311,0.00907715582450841
2024-02-13,3335,3365,3300,3365,38407,0.008995502248875464
2024-02-14,3365,3465,3350,3410,32974,0.013372956909361022
2024-02-15,3410,3495,3410,3450,30021,0.011730205278592365
2024-02-16,3445,3495,3445,3475,30212,0.007246376811594235
2024-02-19,3475,3535,3440,3535,32660,0.01726618705035965
2024-02-20,3535,3560,3395,3470,23370,-0.018387553041018356
2024-02-21,3465,3470,3360,3360,28613,-0.03170028818443804
2024-02-22,3360,3455,3325,3455,23280,0.028273809523809534
2024-02-23,3470,3480,3270,3270,27917,-0.05354558610709115
2024-02-26,3270,3395,3270,3345,23600,0.022935779816513735
2024-02-27,3345,3405,3345,3370,18061,0.007473841554558991
2024-02-28,3370,3370,3295,3320,11446,-0.014836795252225476
2024-02-29,3320,3320,3230,3280,16944,-0.012048192771084376
2024-03-04,3280,3350,3275,3315,47254,0.010670731707317138
2024-03-05,3315,3420,3315,3415,38421,0.030165912518853588
2024-03-06,3415,3470,3380,3470,23721,0.016105417276720324
2024-03-07,3470,3470,3350,3390,28358,-0.023054755043227626
2024-03-08,3385,3385,3245,3385,21989,-0.001474926253687281
2024-03-11,3350,3400,3335,3400,18844,0.004431314623338345
2024-03-12,3380,3380,3280,3290,21186,-0.032352941176470584
2024-03-13,3255,3290,3255,3265,8561,-0.0075987841945288626
2024-03-14,3265,3265,3210,3240,14055,-0.007656967840735107
2024-03-15,3240,3340,3210,3340,17321,0.030864197530864113
2024-03-18,3305,3360,3305,3335,15580,-0.0014970059880239361
2024-03-19,3335,3375,3320,3325,17060,-0.0029985007496251548
2024-03-20,3320,3325,3230,3230,18859,-0.02857142857142858
2024-03-21,3215,3315,3215,3310,10521,0.024767801857585203
2024-03-22,3280,3445,3280,3440,26573,0.0392749244712991
2024-03-25,3440,3440,3385,3410,19918,-0.008720930232558155
2024-03-26,3410,3470,3375,3450,25316,0.011730205278592365
2024-03-27,3425,3425,3315,3345,15803,-0.0304347826086957
2024-03-28,3320,3320,3230,3240,38044,-0.03139013452914796
2024-03-29,3240,3305,3220,3225,26152,-0.00462962962962965
2024-04-01,3220,3220,3100,3135,88222,-0.027906976744186074
2024-04-02,3135,3135,3000,3020,73667,-0.036682615629984094
2024-04-03,3005,3010,2925,3005,60305,-0.004966887417218513
2024-04-04,2980,2995,2950,2990,38423,-0.004991680532445919
2024-04-05,2985,2985,2870,2960,35065,-0.010033444816053505
2024-04-08,2955,2960,2885,2910,49785,-0.016891891891891886
2024-04-09,2860,2910,2825,2910,47687,0.0
2024-04-11,2865,2900,2835,2850,35694,-0.020618556701030966
2024-04-12,2850,3705,2835,3705,2749255,0.30000000000000004
2024-04-15,3585,3590,3360,3400,1157459,-0.08232118758434548
2024-04-16,3340,3480,3150,3155,321780,-0.07205882352941173
2024-04-17,3215,3280,3065,3175,139053,0.006339144215530945
2024-04-18,3135,3175,3050,3150,77041,-0.007874015748031482
2024-04-19,3150,3150,2975,2995,95636,-0.049206349206349254
2024-04-22,2985,3065,2925,2945,109644,-0.016694490818030094
2024-04-23,2980,3100,2905,2945,175653,0.0
2024-04-24,2970,3065,2970,3025,86639,0.02716468590831922
2024-04-25,3025,3105,2985,3080,104027,0.018181818181818077
2024-04-26,3060,3150,3035,3140,83782,0.01948051948051943
2024-04-29,3100,3235,3070,3070,91571,-0.022292993630573243
2024-04-30,3095,3120,3030,3075,69898,0.0016286644951140072
2024-05-02,3075,3075,2995,3035,47386,-0.013008130081300862
2024-05-03,3035,3085,3000,3045,48256,0.0032948929159801743
2024-05-07,3015,3110,3015,3080,54941,0.011494252873563315
2024-05-08,3065,3100,3045,3080,20775,0.0
2024-05-09,3080,3115,3030,3030,28311,-0.016233766233766267
2024-05-10,3035,3090,3025,3085,56503,0.018151815181518094
2024-05-13,3065,3085,2995,3010,38722,-0.024311183144246407
2024-05-14,3010,3080,2960,2990,35196,-0.006644518272425293
2024-05-16,3000,3060,2995,3045,46020,0.018394648829431537
2024-05-17,3040,3045,2965,2990,68157,-0.01806239737274218
2024-05-20,2990,3020,2975,2990,36165,0.0
2024-05-21,2990,3020,2915,3020,46011,0.010033444816053505
2024-05-22,3020,3045,2990,3025,28444,0.0016556291390728006
2024-05-23,3040,3040,2965,3015,14520,-0.0033057851239669533
2024-05-24,3010,3010,2950,2960,16085,-0.018242122719734688
2024-05-27,2950,2975,2930,2935,30463,-0.008445945945945943
2024-05-28,2950,3020,2940,3020,18550,0.028960817717206044
2024-05-29,3020,3030,2905,2905,31830,-0.038079470198675525
2024-05-30,2885,2930,2875,2910,17220,0.001721170395869276
2024-05-31,2880,3025,2880,2915,34312,0.0017182130584192379
2024-06-03,2945,2985,2910,2985,52986,0.02401372212692965
2024-06-04,2980,3025,2935,3025,24028,0.01340033500837512
2024-06-05,3020,3020,2900,2940,39620,-0.028099173553719048
2024-06-07,2940,2985,2865,2885,48196,-0.018707482993197244
2024-06-10,2900,2900,2835,2895,44421,0.0034662045060658286
2024-06-11,2895,2925,2865,2895,16352,0.0
2024-06-12,2880,2885,2850,2880,22301,-0.005181347150259086
2024-06-13,2870,2905,2850,2875,24712,-0.0017361111111111605
2024-06-14,2875,2875,2845,2870,27857,-0.0017391304347825765
2024-06-17,2870,2890,2835,2845,46194,-0.008710801393728262
2024-06-18,2840,2945,2840,2895,37159,0.017574692442882345
2024-06-19,2895,3030,2865,2975,88976,0.02763385146804831
2024-06-20,2975,3030,2950,3025,24905,0.01680672268907557
2024-06-21,2935,2995,2935,2980,37016,-0.014876033057851235
2024-06-24,2950,2970,2910,2910,18888,-0.023489932885906062
2024-06-25,2910,2985,2890,2965,23814,0.018900343642611617
2024-06-26,2965,3015,2940,2955,8525,-0.003372681281618939
2024-06-27,2950,2955,2855,2880,21726,-0.025380710659898442
2024-06-28,2880,2925,2855,2910,10900,0.01041666666666674
2024-07-01,2900,2910,2855,2880,9225,-0.010309278350515427
2024-07-02,2880,2915,2855,2910,11644,0.01041666666666674
2024-07-03,2895,2895,2830,2835,25867,-0.02577319587628868
2024-07-04,2810,2835,2800,2815,15528,-0.007054673721340388
2024-07-05,2800,2815,2780,2805,6826,-0.003552397868561319
2024-07-08,2800,2920,2775,2900,20908,0.033868092691622165
2024-07-09,2900,2925,2860,2920,10614,0.006896551724137945
2024-07-10,2910,2975,2895,2975,13021,0.018835616438356073
2024-07-11,2975,3000,2950,2990,11914,0.005042016806722671
2024-07-12,2990,3005,2940,2985,17360,-0.0016722408026755842
2024-07-15,2985,3005,2950,2980,16705,-0.0016750418760469454
2024-07-16,2980,2990,2905,2930,18648,-0.016778523489932917
2024-07-17,2900,2930,2895,2895,8104,-0.011945392491467532
2024-07-18,2870,2895,2860,2880,5174,-0.005181347150259086
2024-07-19,2880,2880,2840,2850,8153,-0.01041666666666663
2024-07-22,2810,2850,2810,2840,7819,-0.0035087719298245723
2024-07-23,2815,2840,2785,2840,27272,0.0
2024-07-24,2840,2850,2805,2850,8450,0.0035211267605634866
2024-07-25,2845,2845,2760,2840,6904,-0.0035087719298245723
2024-07-26,2840,2880,2800,2840,13473,0.0
2024-07-29,2810,2875,2810,2860,10344,0.007042253521126751
2024-07-30,2860,2890,2830,2880,5222,0.006993006993007089
2024-07-31,2880,2880,2840,2870,2557,-0.00347222222222221
2024-08-01,2870,2880,2840,2865,13059,-0.0017421602787456303
2024-08-02,2865,2895,2825,2875,15089,0.003490401396160525
2024-08-05,2865,2865,2550,2590,41078,-0.09913043478260875
2024-08-06,2565,2690,2500,2650,31718,0.02316602316602312
2024-08-07,2615,2700,2600,2655,18457,0.0018867924528302993
2024-08-08,2650,2730,2590,2630,19363,-0.00941619585687381
2024-08-09,2700,2750,2630,2680,10572,0.019011406844106515
2024-08-12,2675,2685,2630,2680,10987,0.0
2024-08-13,2680,2770,2625,2735,19954,0.020522388059701413
2024-08-14,2735,2800,2710,2710,10221,-0.009140767824497242
2024-08-16,2710,2795,2710,2740,9304,0.011070110701107083
2024-08-19,2740,2795,2720,2755,13332,0.005474452554744547
2024-08-20,2760,2800,2725,2770,12469,0.005444646098003547
2024-08-21,2770,2770,2720,2725,6746,-0.016245487364620947
2024-08-22,2725,2805,2700,2700,6591,-0.00917431192660545
2024-08-23,2700,2735,2685,2690,5780,-0.0037037037037036535
2024-08-26,2690,2720,2660,2660,6889,-0.01115241635687736
2024-08-27,2655,2660,2600,2645,7638,-0.005639097744360888
2024-08-28,2645,2675,2615,2625,6743,-0.007561436672967825
2024-08-29,2625,2730,2560,2580,23154,-0.017142857142857126
2024-08-30,2580,2640,2560,2605,7574,0.009689922480620172
2024-09-02,2670,2790,2610,2645,14717,0.015355086372360827
2024-09-03,2670,2730,2650,2710,12144,0.02457466918714557
2024-09-04,2680,2680,2615,2615,9152,-0.035055350553505504
2024-09-05,2635,2640,2560,2580,9418,-0.013384321223709361
2024-09-06,2580,2580,2525,2535,9337,-0.01744186046511631
2024-09-09,2530,2530,2450,2505,20278,-0.011834319526627168
2024-09-10,2530,2540,2465,2480,6605,-0.009980039920159722
2024-09-11,2480,2530,2425,2425,13916,-0.022177419354838745
2024-09-12,2425,2495,2425,2460,5748,0.014432989690721598
2024-09-13,2470,2545,2460,2485,13694,0.010162601626016343
2024-09-19,2485,2640,2485,2520,12878,0.014084507042253502
2024-09-20,2520,2625,2505,2550,8134,0.011904761904761862
2024-09-23,2550,2615,2515,2560,10392,0.0039215686274509665
2024-09-24,2585,2625,2550,2550,6098,-0.00390625
2024-09-25,2620,2630,2565,2590,5787,0.015686274509803866
2024-09-26,2615,2675,2595,2615,5629,0.009652509652509744
2024-09-27,2615,2645,2585,2635,5929,0.007648183556405286
2024-09-30,2635,2675,2605,2630,8644,-0.00189753320683117
2024-10-02,2630,2640,2585,2620,7467,-0.0038022813688213253
2024-10-04,2645,2705,2620,2660,12374,0.01526717557251911
2024-10-07,2675,2710,2640,2645,11992,-0.005639097744360888
2024-10-08,2645,2730,2645,2650,10362,0.001890359168241984
2024-10-10,2650,2675,2620,2625,7293,-0.009433962264150941
2024-10-11,2610,2655,2600,2600,5865,-0.00952380952380949
2024-10-14,2620,2660,2570,2615,9532,0.005769230769230749
2024-10-15,2640,2650,2620,2620,5670,0.0019120458891013214
2024-10-16,2645,2645,2590,2635,8283,0.005725190839694694
2024-10-17,2610,2650,2610,2635,5062,0.0
2024-10-18,2635,2660,2615,2655,4912,0.007590132827324458
2024-10-21,2645,2650,2625,2650,6036,-0.0018832391713747842
2024-10-22,2650,2705,2625,2650,15620,0.0
2024-10-23,2650,2675,2650,2665,2645,0.005660377358490676
2024-10-24,2665,2705,2665,2695,4839,0.011257035647279645
2024-10-25,2700,2705,2670,2680,4799,-0.005565862708719838
2024-10-28,2690,2695,2660,2670,3812,-0.003731343283582045
2024-10-29,2715,2715,2665,2665,1750,-0.0018726591760299671
2024-10-30,2655,2720,2655,2685,5176,0.007504690431519689
2024-10-31,2685,2745,2620,2735,22651,0.01862197392923659
2024-11-01,2750,2755,2655,2655,6415,-0.029250457038391242
2024-11-04,2680,2755,2660,2670,10597,0.005649717514124353
2024-11-05,2670,2780,2670,2700,11797,0.011235955056179803
2024-11-06,2700,2770,2685,2695,9592,-0.0018518518518518823
2024-11-07,2695,2720,2665,2665,4498,-0.011131725417439675
2024-11-08,2690,2705,2635,2685,1468,0.007504690431519689
2024-11-11,2660,2685,2595,2595,5314,-0.03351955307262566
2024-11-12,2595,2595,2455,2480,13399,-0.044315992292870865
2024-11-13,2480,2570,2430,2440,11565,-0.016129032258064502
2024-11-14,2425,2500,2425,2465,8963,0.010245901639344357
2024-11-15,2445,2465,2400,2425,23248,-0.016227180527383367
2024-11-18,2425,2600,2355,2435,28787,0.004123711340206171
2024-11-19,2435,2520,2435,2435,7465,0.0
2024-11-20,2435,2525,2410,2435,13644,0.0
2024-11-21,2435,2440,2365,2380,16920,-0.022587268993839782
2024-11-22,2380,2610,2355,2375,20908,-0.0021008403361344463
2024-11-25,2375,2415,2365,2405,17413,0.012631578947368327
2024-11-26,2405,2450,2385,2435,13247,0.012474012474012364
2024-11-27,2435,2495,2415,2415,15603,-0.008213552361396315
2024-11-28,2430,2475,2380,2400,17352,-0.006211180124223614
2024-11-29,2385,2425,2345,2365,48711,-0.014583333333333282
