Date,Open,High,Low,Close,Volume,Change
2022-01-03,730,767,690,712,108322,0.004231311706629048
2022-01-04,712,712,671,709,265636,-0.004213483146067398
2022-01-05,800,800,672,688,80003,-0.02961918194640334
2022-01-06,769,769,640,659,93616,-0.04215116279069764
2022-01-07,659,659,612,650,54409,-0.01365705614567525
2022-01-10,709,709,566,622,65888,-0.043076923076923124
2022-01-11,645,645,585,605,88670,-0.02733118971061088
2022-01-12,605,676,593,593,21706,-0.01983471074380161
2022-01-13,676,676,585,610,8844,0.02866779089376048
2022-01-14,650,650,585,610,10845,0.0
2022-01-17,611,649,590,621,4878,0.0180327868852459
2022-01-18,638,638,535,600,5443,-0.033816425120772986
2022-01-19,600,600,539,596,8350,-0.00666666666666671
2022-01-20,620,620,545,560,4721,-0.06040268456375841
2022-01-21,618,618,520,590,45742,0.0535714285714286
2022-01-24,590,619,541,619,17859,0.04915254237288136
2022-01-25,609,609,564,597,8715,-0.03554119547657508
2022-01-26,610,610,556,589,1643,-0.01340033500837523
2022-01-27,616,616,522,534,17273,-0.09337860780984719
2022-01-28,483,607,483,520,163072,-0.02621722846441943
2022-02-03,520,598,520,550,41058,0.05769230769230771
2022-02-04,550,617,506,550,9603,0.0
2022-02-07,620,620,508,522,30764,-0.050909090909090904
2022-02-08,559,559,502,524,56560,0.003831417624521105
2022-02-09,524,601,508,528,52900,0.007633587786259444
2022-02-10,548,548,510,531,6360,0.005681818181818121
2022-02-11,530,530,515,523,9627,-0.015065913370998163
2022-02-14,466,559,466,513,17949,-0.019120458891013437
2022-02-15,500,583,477,499,29494,-0.02729044834307992
2022-02-16,567,567,508,547,22321,0.09619238476953917
2022-02-17,605,605,547,564,20351,0.031078610603290757
2022-02-18,564,564,557,562,1276,-0.0035460992907800915
2022-02-21,630,630,478,549,38332,-0.02313167259786475
2022-02-22,598,598,520,569,3652,0.03642987249544616
2022-02-23,590,590,506,549,11712,-0.03514938488576447
2022-02-24,590,590,506,549,9253,0.0
2022-02-25,530,629,504,549,1763,0.0
2022-02-28,552,590,505,538,37830,-0.02003642987249543
2022-03-02,588,588,498,561,25774,0.04275092936802971
2022-03-03,549,549,500,541,23980,-0.035650623885918
2022-03-04,607,607,503,553,7374,0.022181146025878062
2022-03-07,569,569,510,543,31045,-0.018083182640144635
2022-03-08,539,568,518,542,5545,-0.0018416206261510082
2022-03-10,605,605,498,531,19935,-0.020295202952029467
2022-03-11,594,594,505,540,13471,0.016949152542372836
2022-03-14,563,569,522,527,11374,-0.024074074074074026
2022-03-15,566,566,511,537,24414,0.018975332068311257
2022-03-16,597,597,501,550,5325,0.024208566108007368
2022-03-17,549,560,504,556,24123,0.01090909090909098
2022-03-18,566,610,560,576,16687,0.03597122302158273
2022-03-21,591,593,570,582,4806,0.01041666666666674
2022-03-22,561,599,561,594,31098,0.020618556701030855
2022-03-23,599,683,575,678,422477,0.14141414141414144
2022-03-24,775,779,718,779,755998,0.14896755162241893
2022-03-25,885,885,666,804,652428,0.03209242618741981
2022-03-28,877,877,684,694,818899,-0.13681592039800994
2022-03-29,743,743,612,705,219820,0.015850144092218965
2022-03-30,739,750,682,736,200405,0.04397163120567371
2022-03-31,800,800,738,780,179994,0.059782608695652106
2022-04-01,799,897,676,897,260975,0.1499999999999999
2022-04-04,1010,1030,1000,1030,54502,0.1482720178372352
2022-04-05,1180,1180,1180,1180,43794,0.14563106796116498
2022-04-06,1355,1355,1105,1355,263151,0.14830508474576276
2022-04-07,1555,1555,1155,1355,634797,0.0
2022-04-08,1220,1390,1160,1240,402756,-0.08487084870848705
2022-04-11,1385,1385,1115,1250,87863,0.008064516129032251
2022-04-12,1250,1370,1145,1310,251143,0.04800000000000004
2022-04-13,1310,1505,1215,1505,589541,0.14885496183206115
2022-04-14,1450,1640,1415,1600,449987,0.06312292358803995
2022-04-15,0,0,0,1600,0,0.0
2022-04-18,1840,1840,1750,1840,697995,0.1499999999999999
2022-04-19,1910,2100,1745,1995,308309,0.0842391304347827
2022-04-20,1995,2085,1930,2000,141245,0.0025062656641603454
2022-04-21,2000,2000,1700,1920,710156,-0.040000000000000036
2022-04-22,2000,2010,1750,1890,126084,-0.015625
2022-04-25,1890,1890,1770,1790,71928,-0.05291005291005291
2022-04-26,1825,1950,1730,1825,302942,0.019553072625698276
2022-04-27,1850,1850,1635,1710,224099,-0.06301369863013695
2022-04-28,1660,1780,1500,1715,238311,0.0029239766081872176
2022-04-29,1810,1810,1600,1695,88211,-0.011661807580174877
2022-05-02,1740,1740,1565,1700,61108,0.002949852507374562
2022-05-03,1770,1770,1600,1665,58499,-0.020588235294117685
2022-05-04,1820,1820,1625,1665,32948,0.0
2022-05-06,1685,1685,1430,1615,126890,-0.03003003003003002
2022-05-09,1615,1615,1375,1375,234278,-0.1486068111455109
2022-05-10,1375,1435,1170,1170,611710,-0.14909090909090905
2022-05-11,1170,1230,1100,1175,159227,0.004273504273504258
2022-05-12,1205,1255,1130,1190,363729,0.012765957446808418
2022-05-13,1200,1225,1155,1220,54239,0.025210084033613356
2022-05-16,1255,1255,1190,1235,23385,0.012295081967213184
2022-05-17,1190,1315,1190,1240,68218,0.004048582995951344
2022-05-18,1270,1280,1180,1240,142100,0.0
2022-05-19,1200,1300,1115,1230,61379,-0.008064516129032251
2022-05-20,1245,1375,1110,1130,173217,-0.08130081300813008
2022-05-23,1175,1175,1050,1140,175223,0.008849557522123908
2022-05-24,1120,1150,1100,1145,23759,0.004385964912280604
2022-05-25,1275,1275,1060,1145,30823,0.0
2022-05-26,1235,1235,1090,1155,30992,0.008733624454148492
2022-05-27,1075,1220,1075,1150,4257,-0.0043290043290042934
2022-05-30,1150,1195,1135,1150,39053,0.0
2022-05-31,1150,1195,1140,1180,40513,0.026086956521739202
2022-06-02,1185,1345,1185,1200,91725,0.016949152542372836
2022-06-03,1320,1320,1170,1200,34331,0.0
2022-06-07,1265,1265,1095,1115,47158,-0.0708333333333333
2022-06-08,1115,1185,1105,1170,13536,0.049327354260089606
2022-06-09,1150,1290,995,1145,320770,-0.021367521367521403
2022-06-10,1100,1160,1035,1135,27220,-0.008733624454148492
2022-06-13,1225,1225,965,990,81827,-0.1277533039647577
2022-06-14,990,1055,950,998,270534,0.008080808080808133
2022-06-15,998,1065,946,990,31420,-0.008016032064128265
2022-06-16,1035,1035,842,900,318856,-0.09090909090909094
2022-06-17,900,900,776,898,159690,-0.0022222222222222365
2022-06-20,994,994,813,914,13073,0.017817371937639104
2022-06-21,937,937,815,909,31169,-0.005470459518599591
2022-06-22,999,999,868,910,11567,0.0011001100110010764
2022-06-23,790,899,790,888,29465,-0.0241758241758242
2022-06-24,937,937,809,887,46820,-0.0011261261261261701
2022-06-27,887,937,838,888,44384,0.0011273957158963732
2022-06-28,895,895,792,804,101535,-0.09459459459459463
2022-06-29,798,818,750,785,50734,-0.023631840796019876
2022-06-30,871,871,668,724,157732,-0.07770700636942673
2022-07-01,690,799,690,744,34246,0.027624309392265234
2022-07-04,800,800,710,779,4174,0.04704301075268824
2022-07-05,869,869,702,799,24320,0.025673940949935803
2022-07-06,780,848,751,820,58074,0.026282853566958808
2022-07-07,899,899,765,814,57635,-0.007317073170731714
2022-07-08,817,817,760,798,60493,-0.019656019656019708
2022-07-11,780,866,754,800,31143,0.0025062656641603454
2022-07-12,863,863,749,795,7461,-0.006249999999999978
2022-07-13,890,890,718,795,4282,0.0
2022-07-14,876,876,749,804,2964,0.01132075471698113
2022-07-15,740,888,740,789,11676,-0.018656716417910446
2022-07-18,867,867,724,777,20830,-0.01520912547528519
2022-07-19,800,800,740,753,49341,-0.030888030888030937
2022-07-20,759,759,705,750,43753,-0.003984063745019917
2022-07-21,750,789,750,758,16139,0.010666666666666602
2022-07-22,758,797,740,758,17989,0.0
2022-07-25,864,864,747,747,25406,-0.014511873350923521
2022-07-26,779,779,737,759,16086,0.016064257028112428
2022-07-27,755,755,734,750,6878,-0.011857707509881465
2022-07-28,745,752,722,750,6155,0.0
2022-07-29,749,749,680,719,134343,-0.04133333333333333
2022-08-01,765,765,696,720,6174,0.0013908205841446364
2022-08-02,753,753,615,644,249051,-0.10555555555555551
2022-08-03,680,699,634,692,68698,0.07453416149068315
2022-08-04,744,744,692,718,31269,0.037572254335260125
2022-08-05,742,799,719,745,38908,0.03760445682451263
2022-08-08,745,780,730,746,113753,0.0013422818791946067
2022-08-09,747,852,747,758,33798,0.01608579088471851
2022-08-10,779,779,735,757,11131,-0.0013192612137202797
2022-08-11,757,757,708,720,66225,-0.04887714663143994
2022-08-12,719,780,715,746,50170,0.036111111111111205
2022-08-16,744,744,700,710,94546,-0.04825737265415553
2022-08-17,729,729,700,708,4520,-0.0028169014084507005
2022-08-18,708,752,666,705,27262,-0.004237288135593209
2022-08-19,666,735,666,705,19503,0.0
2022-08-22,726,726,663,704,8703,-0.0014184397163120588
2022-08-23,738,738,660,709,49245,0.007102272727272707
2022-08-24,719,719,673,704,12186,-0.007052186177715081
2022-08-25,699,708,661,689,13695,-0.021306818181818232
2022-08-26,717,717,668,698,42409,0.013062409288824295
2022-08-29,662,716,662,706,7975,0.011461318051575908
2022-08-30,668,707,668,702,12634,-0.005665722379603388
2022-08-31,709,709,666,690,12864,-0.017094017094017144
2022-09-01,700,700,673,689,6555,-0.0014492753623188692
2022-09-02,670,705,590,662,265183,-0.03918722786647311
2022-09-05,703,703,606,633,121834,-0.04380664652567978
2022-09-06,633,697,610,631,72505,-0.003159557661927326
2022-09-07,630,695,625,640,11609,0.014263074484944571
2022-09-08,684,684,635,663,13354,0.035937499999999956
2022-09-13,699,699,650,676,8664,0.019607843137254832
2022-09-14,670,695,655,679,18145,0.004437869822485174
2022-09-15,662,696,652,659,17932,-0.02945508100147276
2022-09-16,685,685,634,671,773,0.018209408194233667
2022-09-19,688,688,647,676,3377,0.007451564828613977
2022-09-20,689,689,657,676,9084,0.0
2022-09-21,679,679,646,670,4325,-0.00887573964497046
2022-09-22,678,682,619,658,12345,-0.017910447761193993
2022-09-23,691,691,644,648,6414,-0.015197568389057725
2022-09-26,648,685,600,600,23323,-0.07407407407407407
2022-09-27,629,629,555,600,37923,0.0
2022-09-28,599,664,575,624,19513,0.040000000000000036
2022-09-29,678,678,600,632,32417,0.012820512820512775
2022-09-30,678,678,572,644,57927,0.018987341772152
2022-10-04,669,669,573,665,29390,0.032608695652173836
2022-10-05,665,679,640,662,18718,-0.004511278195488688
2022-10-06,691,691,630,643,114199,-0.028700906344410915
2022-10-07,643,660,602,649,32624,0.009331259720062102
2022-10-11,640,689,606,617,97511,-0.04930662557781207
2022-10-12,659,659,601,610,67662,-0.011345218800648316
2022-10-13,690,690,591,600,32996,-0.016393442622950838
2022-10-14,643,643,560,600,130387,0.0
2022-10-17,674,674,555,655,86917,0.09166666666666656
2022-10-18,660,729,622,674,66439,0.02900763358778624
2022-10-19,719,719,620,700,10672,0.03857566765578646
2022-10-20,700,700,649,692,13749,-0.011428571428571455
2022-10-21,706,706,626,684,40530,-0.011560693641618491
2022-10-24,767,767,616,679,5689,-0.007309941520467822
2022-10-25,660,689,645,657,11223,-0.032400589101620025
2022-10-26,697,697,622,650,16661,-0.010654490106544956
2022-10-27,649,650,592,638,19830,-0.018461538461538418
2022-10-28,600,639,590,639,54907,0.0015673981191222097
2022-10-31,689,689,616,638,2037,-0.0015649452269170805
2022-11-01,676,676,589,629,32089,-0.014106583072100332
2022-11-02,629,644,574,624,8737,-0.007949125596184436
2022-11-03,620,620,585,610,16943,-0.022435897435897467
2022-11-04,610,690,600,610,10486,0.0
2022-11-07,611,683,581,647,24117,0.060655737704917945
2022-11-08,639,639,598,601,40037,-0.07109737248840808
2022-11-09,659,659,570,583,72150,-0.029950083194675514
2022-11-10,661,661,515,598,109528,0.02572898799313883
2022-11-11,598,598,572,598,46094,0.0
2022-11-14,600,635,580,609,8955,0.018394648829431537
2022-11-15,646,646,558,583,108555,-0.04269293924466333
2022-11-16,624,624,552,598,21824,0.02572898799313883
2022-11-17,643,643,571,598,36310,0.0
2022-11-18,600,637,573,610,30365,0.02006688963210701
2022-11-21,609,609,555,588,109114,-0.0360655737704918
2022-11-22,588,629,570,590,10654,0.00340136054421758
2022-11-23,600,600,576,588,24365,-0.003389830508474523
2022-11-24,580,589,563,584,25093,-0.006802721088435382
2022-11-25,584,599,570,593,13584,0.015410958904109595
2022-11-28,595,595,535,589,32615,-0.006745362563237767
2022-11-29,580,619,580,612,15291,0.039049235993208864
2022-11-30,612,612,590,590,5555,-0.03594771241830064
2022-12-01,630,630,580,612,22592,0.03728813559322042
2022-12-02,561,598,551,594,86130,-0.02941176470588236
2022-12-05,594,611,578,589,26704,-0.008417508417508435
2022-12-06,602,602,577,590,2406,0.001697792869269854
2022-12-07,666,666,568,580,20645,-0.016949152542372836
2022-12-08,570,599,530,587,100170,0.012068965517241459
2022-12-09,580,625,573,617,42260,0.05110732538330498
2022-12-12,615,620,598,618,17450,0.0016207455429497752
2022-12-13,618,620,530,591,362062,-0.043689320388349495
2022-12-14,588,598,560,598,19880,0.011844331641285955
2022-12-15,600,600,514,540,457774,-0.09698996655518399
2022-12-16,518,589,518,589,45095,0.09074074074074079
2022-12-19,541,590,541,576,45708,-0.022071307300509324
2022-12-20,560,587,515,572,155269,-0.00694444444444442
2022-12-21,570,570,530,555,35977,-0.029720279720279685
2022-12-22,569,569,511,540,310173,-0.027027027027026973
2022-12-23,544,555,524,554,17503,0.025925925925925908
2022-12-26,587,587,531,560,19063,0.010830324909747224
2022-12-27,560,633,536,614,17468,0.09642857142857153
2022-12-28,613,613,553,584,53353,-0.04885993485342022
2022-12-29,606,610,535,600,98172,0.027397260273972712
2023-01-02,599,603,550,589,30747,-0.018333333333333313
2023-01-03,600,648,510,550,190716,-0.06621392190152797
2023-01-04,550,573,545,570,29567,0.036363636363636376
2023-01-05,649,649,549,571,11137,0.0017543859649122862
2023-01-06,625,625,553,573,21170,0.003502626970227629
2023-01-09,617,617,550,585,66213,0.020942408376963373
2023-01-10,598,599,567,587,32159,0.0034188034188034067
2023-01-11,587,600,570,595,125527,0.013628620102214661
2023-01-12,596,599,570,595,38808,0.0
2023-01-13,599,620,580,596,39926,0.001680672268907557
2023-01-16,619,619,571,575,17459,-0.03523489932885904
2023-01-17,599,599,560,570,42131,-0.008695652173912993
2023-01-18,575,590,551,577,59207,0.012280701754386003
2023-01-19,542,595,542,578,39800,0.0017331022530329143
2023-01-20,578,588,560,582,83678,0.006920415224913601
2023-01-25,581,603,557,594,211007,0.020618556701030855
2023-01-26,594,599,570,573,140884,-0.03535353535353536
2023-01-27,579,579,562,576,47694,0.005235602094240788
2023-01-30,576,592,564,588,39516,0.02083333333333326
2023-01-31,564,595,560,581,99395,-0.011904761904761862
2023-02-01,565,594,564,578,39903,-0.005163511187607606
2023-02-02,578,594,564,573,86584,-0.00865051903114189
2023-02-03,575,588,567,580,112686,0.01221640488656206
2023-02-06,590,590,558,563,101094,-0.02931034482758621
2023-02-07,570,570,534,555,86441,-0.014209591474245165
2023-02-08,545,569,530,554,177963,-0.0018018018018017834
2023-02-09,569,569,535,553,149443,-0.0018050541516245744
2023-02-10,559,571,510,535,569211,-0.032549728752260365
2023-02-13,535,575,499,510,268516,-0.04672897196261683
2023-02-14,532,532,494,528,47747,0.03529411764705892
2023-02-15,530,535,498,528,162195,0.0
2023-02-16,512,553,512,535,22867,0.01325757575757569
2023-02-17,535,584,526,536,29889,0.0018691588785046953
2023-02-20,521,562,515,527,175735,-0.016791044776119368
2023-02-21,526,545,520,527,137134,0.0
2023-02-22,527,542,515,540,84486,0.024667931688804545
2023-02-23,564,564,519,550,170094,0.0185185185185186
2023-02-24,544,559,520,521,69387,-0.052727272727272734
2023-02-27,530,563,515,563,285706,0.08061420345489445
2023-02-28,563,583,555,570,218402,0.01243339253996445
2023-03-02,575,580,543,580,248488,0.01754385964912286
2023-03-03,580,580,553,575,91372,-0.008620689655172376
2023-03-06,575,575,542,561,76141,-0.024347826086956514
2023-03-07,561,610,560,571,102222,0.017825311942959
2023-03-08,553,569,547,563,76610,-0.014010507880910628
2023-03-09,568,608,550,564,59592,0.001776198934280604
2023-03-10,565,648,540,648,234785,0.14893617021276606
2023-03-13,651,695,605,677,247507,0.044753086419753174
2023-03-14,677,774,677,714,91622,0.05465288035450522
2023-03-15,739,780,729,777,162394,0.08823529411764697
2023-03-16,827,840,700,776,269053,-0.0012870012870013214
2023-03-17,828,828,745,771,166754,-0.006443298969072142
2023-03-20,776,776,691,701,121780,-0.09079118028534372
2023-03-21,710,754,679,713,50792,0.017118402282453538
2023-03-22,730,737,701,715,45590,0.0028050490883591017
2023-03-23,744,744,668,688,73762,-0.03776223776223775
2023-03-24,700,714,600,684,93681,-0.005813953488372103
2023-03-27,684,713,641,668,48804,-0.023391812865497075
2023-03-28,668,697,635,658,29230,-0.014970059880239472
2023-03-29,658,679,621,668,116094,0.015197568389057725
2023-03-30,710,710,656,668,11904,0.0
2023-03-31,668,697,661,680,6853,0.017964071856287456
2023-04-03,685,689,636,680,27945,0.0
2023-04-04,650,690,621,668,77960,-0.01764705882352946
2023-04-05,668,706,640,660,57204,-0.0119760479041916
2023-04-06,660,660,612,654,47131,-0.009090909090909038
2023-04-07,733,733,613,646,79986,-0.012232415902140636
2023-04-10,616,669,601,619,84793,-0.04179566563467496
2023-04-11,620,658,599,642,61443,0.037156704361873905
2023-04-12,642,652,615,628,51068,-0.02180685358255452
2023-04-13,631,681,600,641,24571,0.02070063694267521
2023-04-14,641,670,624,646,21487,0.007800312012480548
2023-04-17,678,678,616,625,60618,-0.03250773993808054
2023-04-18,625,659,625,644,230770,0.030399999999999983
2023-04-19,644,661,620,637,254955,-0.010869565217391353
2023-04-20,644,648,618,636,499851,-0.0015698587127158659
2023-04-21,636,653,615,624,35389,-0.018867924528301883
2023-04-24,643,643,605,624,64624,0.0
2023-04-25,601,655,581,630,39966,0.009615384615384581
2023-04-26,630,633,599,633,63640,0.004761904761904745
2023-04-27,657,657,613,635,72204,0.003159557661927437
2023-04-28,656,656,621,635,40631,0.0
2023-05-02,620,664,617,617,52901,-0.028346456692913358
2023-05-03,608,643,608,623,33594,0.009724473257698651
2023-05-04,643,643,605,612,107757,-0.017656500802568198
2023-05-08,639,639,594,601,69405,-0.017973856209150374
2023-05-09,614,614,592,600,39644,-0.0016638935108153063
2023-05-10,600,600,582,600,61855,0.0
2023-05-11,583,600,577,585,60069,-0.025000000000000022
2023-05-12,586,599,550,584,252415,-0.0017094017094017033
2023-05-15,588,588,567,579,51954,-0.008561643835616417
2023-05-16,590,590,561,573,63857,-0.010362694300518172
2023-05-17,630,630,545,550,136813,-0.04013961605584637
2023-05-18,594,594,527,550,81538,0.0
2023-05-19,550,550,506,543,329402,-0.012727272727272698
2023-05-22,567,579,525,565,91619,0.04051565377532218
2023-05-23,600,600,554,564,33258,-0.001769911504424737
2023-05-24,564,579,542,566,33917,0.0035460992907800915
2023-05-25,566,598,537,548,72678,-0.03180212014134276
2023-05-26,583,583,520,537,86880,-0.02007299270072993
2023-05-30,558,558,530,536,28137,-0.0018621973929237035
2023-05-31,535,580,524,564,59882,0.052238805970149294
2023-06-01,559,576,533,576,29520,0.02127659574468077
2023-06-02,585,585,563,577,43920,0.0017361111111111605
2023-06-05,594,594,567,578,19225,0.0017331022530329143
2023-06-07,578,595,572,593,20204,0.02595155709342567
2023-06-08,609,609,555,587,7209,-0.010118043844856706
2023-06-09,589,590,552,590,73227,0.005110732538330387
2023-06-12,608,608,578,591,9344,0.0016949152542373724
2023-06-13,608,608,564,585,106692,-0.010152284263959421
2023-06-14,583,610,570,585,2776,0.0
2023-06-15,605,605,571,581,44426,-0.006837606837606813
2023-06-16,596,596,569,570,37520,-0.018932874354561147
2023-06-19,583,600,566,583,305957,0.02280701754385972
2023-06-20,583,594,573,584,8122,0.0017152658662091813
2023-06-21,584,594,530,586,40383,0.003424657534246478
2023-06-22,599,599,572,585,3311,-0.0017064846416382506
2023-06-23,603,603,566,586,34439,0.0017094017094017033
2023-06-26,594,594,567,581,17310,-0.008532423208191142
2023-06-27,587,587,570,580,11305,-0.0017211703958691649
2023-06-28,575,586,550,584,43632,0.006896551724137945
2023-06-29,584,595,571,585,22760,0.001712328767123239
2023-06-30,594,594,571,588,23622,0.00512820512820511
2023-07-03,604,604,562,590,63648,0.00340136054421758
2023-07-04,581,604,581,590,30590,0.0
2023-07-05,603,603,581,589,8767,-0.0016949152542372614
2023-07-06,603,603,586,590,13365,0.001697792869269854
2023-07-07,590,629,560,581,121345,-0.015254237288135575
2023-07-10,604,604,553,582,24363,0.001721170395869276
2023-07-11,609,609,563,586,1751,0.0068728522336769515
2023-07-12,595,595,569,590,1844,0.006825938566553003
2023-07-13,555,586,555,583,40744,-0.011864406779661052
2023-07-14,583,598,566,584,33879,0.0017152658662091813
2023-07-17,604,604,581,589,18252,0.008561643835616417
2023-07-18,607,607,570,584,18814,-0.008488964346349714
2023-07-19,600,600,574,586,15158,0.003424657534246478
2023-07-20,586,649,579,627,217379,0.06996587030716728
2023-07-21,625,625,606,606,14591,-0.03349282296650713
2023-07-24,657,657,591,605,37163,-0.0016501650165016146
2023-07-25,658,658,596,607,53459,0.0033057851239668423
2023-07-26,608,623,581,595,32188,-0.01976935749588138
2023-07-27,609,609,576,600,69536,0.008403361344537785
2023-07-28,600,608,567,600,104470,0.0
2023-07-31,581,609,581,600,77178,0.0
2023-08-01,610,610,595,598,26252,-0.0033333333333332993
2023-08-02,678,678,593,613,55136,0.025083612040133874
2023-08-03,613,649,595,607,39082,-0.009787928221859699
2023-08-04,607,625,595,615,39543,0.01317957166392092
2023-08-07,600,657,594,641,33591,0.042276422764227606
2023-08-08,647,647,606,640,103798,-0.0015600624024960652
2023-08-09,621,639,610,633,38586,-0.010937500000000044
2023-08-10,638,639,570,610,338114,-0.0363349131121643
2023-08-11,610,610,519,571,649150,-0.06393442622950818
2023-08-14,578,578,564,578,46516,0.012259194395796813
2023-08-16,597,598,572,578,82178,0.0
2023-08-17,625,625,570,580,40861,0.0034602076124568004
2023-08-18,609,609,568,572,40598,-0.01379310344827589
2023-08-21,570,587,565,572,111153,0.0
2023-08-22,573,590,570,590,14812,0.03146853146853146
2023-08-23,599,599,570,589,49152,-0.0016949152542372614
2023-08-24,628,628,580,607,55997,0.03056027164685915
2023-08-25,602,619,596,607,169178,0.0
2023-08-28,606,615,587,606,23266,-0.0016474464579900872
2023-08-29,600,642,600,608,33427,0.0033003300330032292
2023-08-30,608,618,602,618,78850,0.016447368421052655
2023-08-31,618,629,615,626,126308,0.012944983818770295
2023-09-01,630,648,611,630,74139,0.006389776357827559
2023-09-04,639,646,620,636,63822,0.00952380952380949
2023-09-05,639,659,624,648,126987,0.018867924528301883
2023-09-06,659,667,635,641,258148,-0.010802469135802517
2023-09-07,641,645,623,645,122291,0.006240249609984483
2023-09-08,658,709,643,657,243027,0.018604651162790642
2023-09-11,657,755,657,755,424986,0.14916286149162872
2023-09-12,800,868,800,836,750538,0.10728476821192046
2023-09-13,770,961,758,961,896586,0.1495215311004785
2023-09-14,1007,1065,880,967,410646,0.00624349635796051
2023-09-15,987,987,860,917,320958,-0.05170630816959665
2023-09-18,919,919,815,815,506389,-0.11123227917121048
2023-09-19,840,880,760,866,237209,0.0625766871165645
2023-09-20,900,924,843,868,261873,0.002309468822170979
2023-09-21,872,909,857,870,226780,0.0023041474654377225
2023-09-22,852,897,827,870,160379,0.0
2023-09-25,904,904,870,897,213798,0.03103448275862064
2023-09-26,897,943,883,936,220599,0.04347826086956519
2023-09-27,930,953,901,936,158892,0.0
2023-10-04,975,975,901,935,69227,-0.0010683760683760646
2023-10-05,938,958,880,936,191301,0.0010695187165774556
2023-10-06,936,936,894,913,150979,-0.024572649572649596
2023-10-10,915,915,855,885,168463,-0.03066812705366917
2023-10-11,897,897,871,888,56131,0.003389830508474523
2023-10-12,888,915,868,902,214218,0.015765765765765716
2023-10-13,900,919,871,898,58725,-0.0044345898004434225
2023-10-16,864,894,856,871,67585,-0.030066815144766168
2023-10-17,870,888,805,882,159205,0.012629161882893314
2023-10-18,892,930,885,912,153689,0.03401360544217691
2023-10-19,913,939,844,910,189612,-0.002192982456140302
2023-10-20,883,908,876,898,58998,-0.01318681318681314
2023-10-23,900,947,864,889,113020,-0.010022271714922093
2023-10-24,901,937,860,888,41173,-0.0011248593925758943
2023-10-25,887,887,807,846,303196,-0.04729729729729726
2023-10-26,860,860,760,799,249809,-0.05555555555555558
2023-10-27,0,0,0,799,0,0.0
2023-10-30,0,0,0,799,0,0.0
2023-10-31,0,0,0,799,0,0.0
2023-11-01,0,0,0,799,0,0.0
2023-11-02,0,0,0,799,0,0.0
2023-11-03,0,0,0,799,0,0.0
2023-11-06,0,0,0,799,0,0.0
2023-11-07,0,0,0,799,0,0.0
2023-11-08,0,0,0,799,0,0.0
2023-11-09,0,0,0,799,0,0.0
2023-11-10,0,0,0,799,0,0.0
2023-11-13,0,0,0,799,0,0.0
2023-11-14,0,0,0,799,0,0.0
2023-11-15,0,0,0,799,0,0.0
2023-11-16,0,0,0,799,0,0.0
2023-11-17,800,878,800,858,297431,0.07384230287859816
2023-11-20,848,890,811,836,145628,-0.02564102564102566
2023-11-21,840,840,760,800,190184,-0.0430622009569378
2023-11-22,810,812,745,750,183554,-0.0625
2023-11-23,760,780,725,748,105241,-0.002666666666666706
2023-11-24,750,750,701,741,148223,-0.009358288770053513
2023-11-27,724,725,701,707,51048,-0.045883940620782715
2023-11-28,698,735,675,735,132426,0.03960396039603964
2023-11-29,734,790,713,737,34784,0.0027210884353741083
2023-11-30,712,768,712,737,52977,0.0
2023-12-01,723,734,654,728,181978,-0.012211668928086894
2023-12-04,701,724,685,712,24626,-0.02197802197802201
2023-12-05,773,773,692,701,24987,-0.015449438202247201
2023-12-06,789,789,681,700,58795,-0.0014265335235378318
2023-12-07,700,706,684,700,32640,0.0
2023-12-08,683,727,680,700,55412,0.0
2023-12-11,713,713,682,701,31733,0.0014285714285713347
2023-12-12,718,718,682,702,32004,0.0014265335235377208
2023-12-13,745,745,681,692,33410,-0.014245014245014231
2023-12-14,728,728,659,660,105585,-0.046242774566473965
2023-12-15,709,709,635,642,74192,-0.027272727272727226
2023-12-18,687,687,625,642,129174,0.0
2023-12-19,664,664,633,650,84622,0.012461059190031154
2023-12-20,656,690,613,665,257357,0.023076923076922995
2023-12-21,665,699,629,668,227304,0.004511278195488799
2023-12-22,681,713,641,713,198676,0.06736526946107779
2023-12-26,704,749,685,731,157610,0.02524544179523147
2023-12-27,757,757,705,751,84252,0.02735978112175097
2023-12-28,748,751,680,747,313938,-0.005326231691078598
2024-01-02,747,784,730,782,1825408,0.04685408299866123
2024-01-03,785,899,760,899,601918,0.1496163682864451
2024-01-04,901,986,825,891,419287,-0.008898776418242438
2024-01-05,856,908,800,819,447504,-0.08080808080808077
2024-01-08,819,819,772,799,262958,-0.024420024420024444
2024-01-09,811,877,811,838,146401,0.04881101376720909
2024-01-10,882,884,806,813,153749,-0.029832935560859197
2024-01-11,830,830,775,783,155262,-0.03690036900369009
2024-01-12,800,809,779,798,95978,0.019157088122605304
2024-01-15,800,878,780,856,1188118,0.07268170426065157
2024-01-16,857,888,811,811,395330,-0.052570093457943945
2024-01-17,839,859,788,808,259930,-0.0036991368680641123
2024-01-18,809,877,809,875,366775,0.08292079207920788
2024-01-19,994,1006,892,1006,1101990,0.1497142857142857
2024-01-22,1045,1094,1001,1017,583471,0.010934393638170947
2024-01-23,1019,1043,950,1008,308737,-0.008849557522123908
2024-01-24,1008,1159,950,1149,625593,0.13988095238095233
2024-01-25,1200,1238,1041,1159,589993,0.00870322019147074
2024-01-26,1180,1230,1154,1178,265378,0.016393442622950838
2024-01-29,1170,1248,1110,1149,382562,-0.024617996604414216
2024-01-30,1149,1220,1135,1176,304565,0.023498694516971286
2024-01-31,1154,1199,1103,1143,243077,-0.028061224489795866
2024-02-01,1131,1289,1010,1230,588209,0.07611548556430447
2024-02-02,1232,1287,1171,1171,261931,-0.047967479674796754
2024-02-05,1180,1230,1135,1150,156582,-0.017933390264730953
2024-02-06,1150,1185,1112,1125,192923,-0.021739130434782594
2024-02-07,1155,1190,1121,1151,256909,0.023111111111111082
2024-02-08,1155,1175,1145,1160,153962,0.007819287576020795
2024-02-13,1239,1239,1160,1172,285986,0.010344827586206806
2024-02-14,1172,1182,1111,1144,293981,-0.023890784982935176
2024-02-15,1139,1180,973,1143,457533,-0.0008741258741258306
2024-02-16,1123,1181,1109,1138,284184,-0.004374453193350836
2024-02-19,1197,1197,1125,1158,175179,0.017574692442882345
2024-02-20,1158,1175,1119,1162,98219,0.003454231433505983
2024-02-21,1175,1175,1127,1165,270589,0.002581755593803692
2024-02-22,1163,1180,1106,1147,250575,-0.015450643776824036
2024-02-23,1147,1149,1090,1105,282402,-0.03661726242371399
2024-02-26,1104,1200,1080,1163,775508,0.052488687782805465
2024-02-27,1198,1198,1080,1139,430145,-0.020636285468615623
2024-02-28,1160,1178,1123,1128,358017,-0.009657594381035972
2024-02-29,1101,1104,959,959,1046995,-0.14982269503546097
2024-03-04,950,959,816,816,359093,-0.1491136600625652
2024-03-05,716,794,695,704,2149024,-0.13725490196078427
2024-03-06,749,809,696,800,733600,0.13636363636363646
2024-03-07,798,864,719,745,1116843,-0.06874999999999998
2024-03-08,745,789,723,770,245456,0.033557046979865834
2024-03-11,819,819,727,734,262739,-0.04675324675324677
2024-03-12,749,768,633,749,903587,0.02043596730245234
2024-03-13,750,758,650,660,648858,-0.11882510013351133
2024-03-14,630,659,561,634,830007,-0.039393939393939426
2024-03-15,634,661,610,646,174489,0.018927444794952786
2024-03-18,679,679,630,650,90690,0.006191950464396356
2024-03-19,660,670,623,661,214317,0.01692307692307682
2024-03-20,637,698,637,670,180008,0.013615733736762392
2024-03-21,690,690,596,610,855676,-0.08955223880597019
2024-03-22,610,625,530,625,549656,0.024590163934426146
2024-03-25,625,670,625,643,80970,0.028799999999999937
2024-03-26,683,683,623,643,274659,0.0
2024-03-27,644,666,621,653,209001,0.015552099533437058
2024-03-28,698,738,650,731,254243,0.119448698315467
2024-03-29,750,822,750,778,283727,0.06429548563611487
2024-04-01,778,779,720,748,176423,-0.03856041131105403
2024-04-02,775,775,702,721,167636,-0.03609625668449201
2024-04-03,742,744,682,721,140914,0.0
2024-04-04,721,726,695,708,83091,-0.018030513176144236
2024-04-05,710,769,710,734,244033,0.03672316384180796
2024-04-08,750,754,705,733,82548,-0.0013623978201634523
2024-04-09,730,743,702,707,30432,-0.03547066848567526
2024-04-11,755,755,685,710,25068,0.004243281471004279
2024-04-12,737,737,692,710,56978,0.0
2024-04-15,719,719,695,702,22807,-0.011267605633802802
2024-04-16,714,714,645,670,246406,-0.04558404558404561
2024-04-17,707,707,656,664,195384,-0.008955223880596996
2024-04-18,720,720,636,670,149484,0.009036144578313143
2024-04-19,670,686,617,630,211738,-0.05970149253731338
2024-04-22,638,639,610,636,43864,0.00952380952380949
2024-04-23,612,697,612,650,26594,0.022012578616352307
2024-04-24,650,684,628,645,91152,-0.007692307692307665
2024-04-25,668,668,621,621,64626,-0.037209302325581395
2024-04-26,621,685,590,631,117789,0.016103059581320522
2024-04-29,655,655,630,639,98980,0.01267828843106189
2024-04-30,612,649,612,626,92508,-0.020344287949921713
2024-05-02,649,649,610,625,63664,-0.0015974440894568342
2024-05-03,624,638,610,620,111615,-0.008000000000000007
2024-05-07,634,634,597,608,172744,-0.01935483870967747
2024-05-08,608,618,570,604,277612,-0.006578947368421018
2024-05-09,622,622,589,605,32468,0.0016556291390728006
2024-05-10,600,614,570,600,206124,-0.008264462809917328
2024-05-13,610,630,567,574,155067,-0.043333333333333335
2024-05-14,575,586,555,570,152528,-0.006968641114982632
2024-05-16,599,599,545,559,317462,-0.019298245614035037
2024-05-17,550,569,540,550,76929,-0.01610017889087656
2024-05-20,550,555,505,515,259773,-0.0636363636363636
2024-05-21,514,548,503,514,115539,-0.001941747572815511
2024-05-22,533,533,500,515,136407,0.0019455252918287869
2024-05-23,539,566,500,548,237764,0.06407766990291264
2024-05-24,550,577,544,559,171680,0.02007299270072993
2024-05-27,571,571,545,545,113486,-0.025044722719141377
2024-05-28,533,558,533,543,47830,-0.003669724770642202
2024-05-29,550,559,532,543,49826,0.0
2024-05-30,570,570,540,540,78142,-0.0055248618784530246
2024-05-31,568,568,537,547,68781,0.012962962962963065
2024-06-03,559,559,520,553,53111,0.010968921389396646
2024-06-04,559,568,530,540,175230,-0.023508137432188048
2024-06-05,550,550,520,525,103899,-0.02777777777777779
2024-06-07,530,542,513,528,74107,0.005714285714285783
2024-06-10,530,548,515,535,75488,0.01325757575757569
2024-06-11,530,534,508,524,164555,-0.020560747663551426
2024-06-12,540,540,505,513,89630,-0.020992366412213692
2024-06-13,512,519,491,495,182317,-0.03508771929824561
2024-06-14,504,512,474,485,254638,-0.02020202020202022
2024-06-17,485,496,475,486,42569,0.0020618556701030855
2024-06-18,495,496,468,480,260916,-0.012345679012345734
2024-06-19,495,495,461,473,41202,-0.014583333333333282
2024-06-20,460,486,450,454,166433,-0.04016913319238902
2024-06-21,479,479,452,467,52703,0.028634361233480066
2024-06-24,490,490,443,462,108968,-0.010706638115631661
2024-06-25,486,490,440,469,137182,0.015151515151515138
2024-06-26,470,519,462,501,152230,0.06823027718550101
2024-06-27,501,517,471,502,163910,0.001996007984031989
2024-06-28,502,526,470,480,220660,-0.043824701195219085
2024-07-01,492,520,468,520,157830,0.08333333333333326
2024-07-02,520,530,492,509,38797,-0.02115384615384619
2024-07-03,535,535,491,514,42778,0.00982318271119853
2024-07-04,514,514,492,500,31048,-0.027237354085603127
2024-07-05,526,526,480,501,79507,0.0020000000000000018
2024-07-08,515,515,482,497,30054,-0.007984031936127733
2024-07-09,499,510,470,500,227339,0.006036217303822866
2024-07-10,519,519,488,496,17322,-0.008000000000000007
2024-07-11,497,497,452,460,248645,-0.07258064516129037
2024-07-12,460,474,420,449,298789,-0.023913043478260843
2024-07-15,440,449,399,400,375252,-0.10913140311804004
2024-07-16,411,411,356,399,328709,-0.0024999999999999467
2024-07-17,400,412,377,392,39379,-0.01754385964912286
2024-07-18,392,417,361,390,75980,-0.005102040816326481
2024-07-19,395,395,370,381,41564,-0.023076923076923106
2024-07-22,381,381,350,361,130404,-0.05249343832021003
2024-07-23,396,396,344,350,79320,-0.030470914127423865
2024-07-24,375,396,344,380,111633,0.08571428571428563
2024-07-25,404,404,362,362,159209,-0.047368421052631615
2024-07-26,396,396,357,380,35974,0.04972375690607733
2024-07-29,390,390,350,357,231563,-0.06052631578947365
2024-07-30,306,348,304,336,462383,-0.05882352941176472
2024-07-31,339,352,314,352,52736,0.04761904761904767
2024-08-01,380,380,352,366,59447,0.03977272727272729
2024-08-02,381,381,352,372,37501,0.016393442622950838
2024-08-05,336,372,322,340,85413,-0.08602150537634412
2024-08-06,289,384,289,323,529875,-0.050000000000000044
2024-08-07,320,352,305,325,43249,0.006191950464396356
2024-08-08,325,358,279,305,367743,-0.06153846153846154
2024-08-09,305,320,290,300,51745,-0.016393442622950838
2024-08-12,301,317,255,255,710582,-0.15000000000000002
2024-08-13,250,250,217,217,1226131,-0.14901960784313728
2024-08-14,225,249,213,249,435444,0.14746543778801846
2024-08-16,284,286,257,286,598858,0.14859437751004023
2024-08-19,328,328,328,328,73782,0.14685314685314688
2024-08-20,377,377,332,377,790473,0.14939024390243905
2024-08-21,433,433,404,433,819505,0.14854111405835546
2024-08-22,475,475,434,458,334200,0.05773672055427248
2024-08-23,459,459,408,444,271543,-0.03056768558951961
2024-08-26,485,485,413,437,121273,-0.015765765765765716
2024-08-27,455,455,404,439,104815,0.004576659038901587
2024-08-28,455,455,420,433,91364,-0.013667425968109326
2024-08-29,471,471,403,432,246714,-0.002309468822170868
2024-08-30,459,459,405,437,249691,0.011574074074074181
2024-09-02,457,457,411,423,84683,-0.03203661327231122
2024-09-03,430,430,375,416,206235,-0.01654846335697402
2024-09-04,432,432,385,417,77522,0.0024038461538462563
2024-09-05,430,435,395,417,53056,0.0
2024-09-06,422,422,392,414,114924,-0.007194244604316502
2024-09-09,431,431,385,392,56000,-0.0531400966183575
2024-09-10,430,435,393,416,128277,0.061224489795918435
2024-09-11,428,460,391,433,267645,0.04086538461538458
2024-09-12,450,450,415,431,196193,-0.004618937644341847
2024-09-13,431,444,408,408,97406,-0.05336426914153136
2024-09-19,415,447,391,424,123966,0.03921568627450989
2024-09-20,426,426,397,413,104613,-0.02594339622641506
2024-09-23,413,429,410,429,27021,0.03874092009685226
2024-09-24,432,438,402,402,80176,-0.06293706293706292
2024-09-25,429,429,378,385,249566,-0.04228855721393032
2024-09-26,392,392,351,377,152298,-0.020779220779220786
2024-09-27,371,397,362,378,286638,0.0026525198938991412
2024-09-30,432,434,336,422,748660,0.1164021164021165
2024-10-02,439,439,395,420,236207,-0.004739336492891044
2024-10-04,420,423,400,409,234978,-0.02619047619047621
2024-10-07,409,470,385,403,928151,-0.014669926650366705
2024-10-08,426,428,386,398,130682,-0.012406947890818865
2024-10-10,398,428,398,403,140918,0.012562814070351758
2024-10-11,405,410,393,410,127522,0.017369727047146455
2024-10-14,420,420,389,399,126247,-0.02682926829268295
2024-10-15,398,414,393,400,88150,0.0025062656641603454
2024-10-16,399,414,393,404,107059,0.010000000000000009
2024-10-17,397,409,397,400,55166,-0.00990099009900991
2024-10-18,395,411,395,404,30726,0.010000000000000009
2024-10-21,403,413,399,405,62357,0.0024752475247524774
2024-10-22,405,406,394,400,41069,-0.012345679012345734
2024-10-23,423,423,393,408,53909,0.020000000000000018
2024-10-24,412,412,380,400,100856,-0.019607843137254943
2024-10-25,390,400,387,393,33274,-0.01749999999999996
2024-10-28,380,402,370,389,148308,-0.010178117048346036
2024-10-29,418,418,378,380,27526,-0.023136246786632397
2024-10-30,393,393,360,375,83438,-0.013157894736842146
2024-10-31,375,375,345,369,150706,-0.016000000000000014
2024-11-01,369,379,351,369,16861,0.0
2024-11-04,377,377,353,366,20597,-0.008130081300813052
2024-11-05,367,379,351,370,67831,0.010928961748633892
2024-11-06,377,378,358,367,32708,-0.008108108108108136
2024-11-07,361,371,361,368,21461,0.0027247956403269047
2024-11-08,398,398,363,371,43208,0.008152173913043459
2024-11-11,362,389,357,373,33459,0.005390835579514919
2024-11-12,383,383,360,365,70190,-0.02144772117962468
2024-11-13,375,375,344,375,142599,0.027397260273972712
2024-11-14,375,386,363,382,37346,0.01866666666666661
2024-11-15,410,410,367,381,53116,-0.002617801047120394
2024-11-18,388,388,350,354,131108,-0.07086614173228345
2024-11-19,344,363,320,353,193939,-0.0028248587570621764
2024-11-20,348,362,330,344,44142,-0.025495750708215303
2024-11-21,345,345,310,322,144380,-0.06395348837209303
2024-11-22,350,359,311,349,169467,0.08385093167701863
2024-11-25,359,359,318,330,87484,-0.054441260744985676
2024-11-26,342,379,302,336,276360,0.018181818181818077
2024-11-27,335,356,335,346,10236,0.029761904761904656
2024-11-28,355,355,295,311,615713,-0.10115606936416188
2024-11-29,300,322,294,320,94493,0.02893890675241151
2024-12-02,327,327,296,304,153576,-0.050000000000000044
2024-12-03,304,304,270,299,259034,-0.016447368421052655
2024-12-04,298,298,271,284,69927,-0.050167224080267525
2024-12-05,289,313,250,299,189617,0.052816901408450745
2024-12-06,320,320,267,297,41114,-0.006688963210702337
2024-12-09,290,296,253,259,384098,-0.12794612794612792
2024-12-10,281,289,241,288,87532,0.11196911196911197
2024-12-11,297,297,265,273,94902,-0.05208333333333337
2024-12-12,271,298,270,286,35296,0.04761904761904767
2024-12-13,299,319,276,295,19925,0.03146853146853146
2024-12-16,319,319,295,302,21637,0.023728813559322104
2024-12-17,287,319,279,293,37441,-0.0298013245033113
2024-12-18,308,308,266,291,97755,-0.0068259385665528916
2024-12-19,298,305,252,285,190120,-0.020618556701030966
2024-12-20,296,296,261,274,53911,-0.038596491228070184
2024-12-23,290,290,266,273,13212,-0.0036496350364964014
2024-12-24,261,290,261,280,17708,0.02564102564102555
2024-12-26,286,286,270,283,51814,0.010714285714285676
2024-12-27,266,283,251,266,265151,-0.060070671378091856
2024-12-30,293,293,247,259,146700,-0.02631578947368418
2025-01-02,285,285,247,254,337381,-0.019305019305019266
2025-01-03,254,273,216,217,774562,-0.14566929133858264
2025-01-06,226,249,223,242,1025464,0.11520737327188946
2025-01-07,256,259,236,245,79824,0.012396694214876103
2025-01-08,255,255,220,231,743795,-0.05714285714285716
2025-01-09,224,235,223,226,197453,-0.02164502164502169
2025-01-10,223,259,223,259,324249,0.14601769911504414
2025-01-13,284,284,245,270,219488,0.042471042471042386
2025-01-14,295,295,249,258,262202,-0.0444444444444444
2025-01-15,258,260,245,250,81191,-0.03100775193798455
2025-01-16,259,259,225,230,702445,-0.07999999999999996
2025-01-17,225,248,218,224,335523,-0.02608695652173909
2025-01-20,232,232,209,217,356779,-0.03125
2025-01-21,207,225,206,214,285575,-0.01382488479262678
2025-01-22,217,225,195,200,563040,-0.06542056074766356
2025-01-23,198,205,180,184,681834,-0.07999999999999996
2025-01-24,179,203,179,190,366169,0.032608695652173836
2025-01-31,192,200,186,196,400739,0.03157894736842115
2025-02-03,209,209,185,194,210928,-0.010204081632653073
2025-02-04,193,197,190,194,136164,0.0
2025-02-05,194,209,175,181,928864,-0.0670103092783505
2025-02-06,187,187,180,184,182903,0.016574585635359185
2025-02-07,178,194,178,184,293742,0.0
2025-02-10,189,203,175,203,598753,0.1032608695652173
2025-02-11,207,210,199,207,170759,0.019704433497536922
2025-02-12,210,238,197,238,528209,0.1497584541062802
2025-02-13,245,273,240,273,392624,0.1470588235294117
2025-02-14,313,313,306,313,592773,0.14652014652014644
2025-02-17,359,359,277,327,955598,0.04472843450479225
2025-02-18,327,348,293,348,714491,0.06422018348623859
2025-02-19,347,385,341,373,760816,0.07183908045977017
2025-02-20,374,411,347,366,1052079,-0.018766756032171594
2025-02-21,365,380,312,339,897462,-0.07377049180327866
2025-02-24,339,339,295,323,467329,-0.0471976401179941
2025-02-25,349,349,288,308,479234,-0.04643962848297212
2025-02-26,302,314,285,292,500437,-0.051948051948051965
2025-02-27,293,298,249,256,720996,-0.12328767123287676
2025-02-28,258,274,231,253,412654,-0.01171875
2025-03-04,257,290,249,290,485284,0.1462450592885376
2025-03-05,316,322,290,306,566931,0.05517241379310356
2025-03-06,302,320,280,293,630749,-0.042483660130718914
2025-03-07,293,311,280,298,675413,0.017064846416382284
2025-03-10,300,316,287,292,414639,-0.020134228187919434
2025-03-11,290,291,258,276,607676,-0.0547945205479452
2025-03-12,276,292,245,249,657183,-0.09782608695652173
2025-03-13,248,265,230,252,538786,0.012048192771084265
2025-03-14,249,275,243,260,346954,0.031746031746031855
2025-03-17,269,270,230,249,670124,-0.04230769230769227
2025-03-18,247,262,241,250,369573,0.004016064257028162
2025-03-19,259,264,240,240,461101,-0.040000000000000036
2025-03-20,237,258,227,244,1201021,0.016666666666666607
2025-03-21,259,259,223,243,516282,-0.004098360655737654
2025-03-24,207,243,207,207,1668786,-0.14814814814814814
2025-03-25,210,236,197,220,834113,0.06280193236714982
2025-03-26,220,233,210,221,233108,0.00454545454545463
2025-03-27,229,229,203,205,498649,-0.07239819004524883
2025-03-28,207,211,196,206,443565,0.004878048780487809
2025-03-31,196,210,195,207,423593,0.004854368932038833
2025-04-01,205,235,200,209,429774,0.009661835748792313
2025-04-02,204,213,198,205,401389,-0.019138755980861233
2025-04-03,205,207,175,194,1141081,-0.0536585365853659
2025-04-04,177,199,170,190,543425,-0.020618556701030966
2025-04-07,0,0,0,190,0,0.0
2025-04-08,0,0,0,190,0,0.0
2025-04-09,0,0,0,190,0,0.0
2025-04-10,0,0,0,190,0,0.0
2025-04-11,0,0,0,190,0,0.0
2025-04-14,0,0,0,190,0,0.0
2025-04-15,0,0,0,190,0,0.0
2025-04-16,0,0,0,190,0,0.0
2025-04-17,0,0,0,190,0,0.0
2025-04-18,0,0,0,190,0,0.0
2025-04-21,0,0,0,190,0,0.0
2025-04-22,0,0,0,190,0,0.0
2025-04-23,0,0,0,190,0,0.0
2025-04-24,0,0,0,190,0,0.0
2025-04-25,0,0,0,190,0,0.0
2025-04-28,0,0,0,190,0,0.0
2025-04-29,0,0,0,190,0,0.0
2025-04-30,0,0,0,190,0,0.0
2025-05-02,0,0,0,190,0,0.0
2025-05-07,0,0,0,190,0,0.0
2025-05-08,0,0,0,190,0,0.0
2025-05-09,0,0,0,190,0,0.0
2025-05-12,0,0,0,190,0,0.0
2025-05-13,0,0,0,190,0,0.0
2025-05-14,0,0,0,190,0,0.0
2025-05-15,0,0,0,190,0,0.0
2025-05-16,0,0,0,190,0,0.0
2025-05-19,0,0,0,190,0,0.0
2025-05-20,0,0,0,190,0,0.0
2025-05-21,0,0,0,190,0,0.0
2025-05-22,0,0,0,190,0,0.0
2025-05-23,0,0,0,190,0,0.0
2025-05-26,0,0,0,190,0,0.0
2025-05-27,0,0,0,190,0,0.0
2025-05-28,0,0,0,190,0,0.0
2025-05-29,0,0,0,190,0,0.0
2025-05-30,0,0,0,190,0,0.0
2025-06-02,0,0,0,190,0,0.0
2025-06-04,0,0,0,190,0,0.0
2025-06-05,0,0,0,190,0,0.0
2025-06-09,0,0,0,190,0,0.0
2025-06-10,0,0,0,190,0,0.0
2025-06-11,0,0,0,190,0,0.0
2025-06-12,0,0,0,190,0,0.0
2025-06-13,0,0,0,190,0,0.0
2025-06-16,0,0,0,190,0,0.0
2025-06-17,0,0,0,190,0,0.0
2025-06-18,0,0,0,190,0,0.0
2025-06-19,0,0,0,190,0,0.0
2025-06-20,0,0,0,190,0,0.0
2025-06-23,0,0,0,190,0,0.0
2025-06-24,0,0,0,190,0,0.0
2025-06-25,0,0,0,190,0,0.0
2025-06-26,0,0,0,190,0,0.0
2025-06-27,0,0,0,190,0,0.0
2025-06-30,0,0,0,190,0,0.0
2025-07-01,0,0,0,190,0,0.0
2025-07-02,0,0,0,190,0,0.0
2025-07-03,0,0,0,190,0,0.0
2025-07-04,0,0,0,190,0,0.0
2025-07-07,0,0,0,190,0,0.0
2025-07-08,0,0,0,190,0,0.0
2025-07-09,0,0,0,190,0,0.0
2025-07-10,0,0,0,190,0,0.0
2025-07-11,0,0,0,190,0,0.0
2025-07-14,0,0,0,190,0,0.0
2025-07-15,0,0,0,190,0,0.0
2025-07-16,0,0,0,190,0,0.0
2025-07-17,0,0,0,190,0,0.0
2025-07-18,0,0,0,190,0,0.0
2025-07-21,0,0,0,190,0,0.0
2025-07-22,0,0,0,190,0,0.0
2025-07-23,0,0,0,190,0,0.0
2025-07-24,0,0,0,190,0,0.0
2025-07-25,0,0,0,190,0,0.0
2025-07-28,0,0,0,190,0,0.0
2025-07-29,0,0,0,190,0,0.0
2025-07-30,0,0,0,190,0,0.0
2025-07-31,0,0,0,190,0,0.0
2025-08-01,0,0,0,190,0,0.0
2025-08-04,0,0,0,190,0,0.0
2025-08-05,0,0,0,190,0,0.0
2025-08-06,0,0,0,190,0,0.0
2025-08-07,0,0,0,190,0,0.0
2025-08-08,0,0,0,190,0,0.0
2025-08-11,0,0,0,190,0,0.0
2025-08-12,0,0,0,190,0,0.0
2025-08-13,0,0,0,190,0,0.0
2025-08-14,0,0,0,190,0,0.0
2025-08-18,0,0,0,190,0,0.0
2025-08-19,0,0,0,190,0,0.0
2025-08-20,0,0,0,190,0,0.0
2025-08-21,0,0,0,190,0,0.0
2025-08-22,0,0,0,190,0,0.0
2025-08-25,0,0,0,190,0,0.0
2025-08-26,0,0,0,190,0,0.0
2025-08-27,0,0,0,190,0,0.0
2025-08-28,0,0,0,190,0,0.0
2025-08-29,0,0,0,190,0,0.0
2025-09-01,0,0,0,190,0,0.0
2025-09-02,0,0,0,190,0,0.0
2025-09-03,0,0,0,190,0,0.0
2025-09-04,0,0,0,190,0,0.0
2025-09-05,0,0,0,190,0,0.0
2025-09-08,0,0,0,190,0,0.0
2025-09-09,0,0,0,190,0,0.0
2025-09-10,0,0,0,190,0,0.0
2025-09-11,0,0,0,190,0,0.0
2025-09-12,0,0,0,190,0,0.0
2025-09-15,0,0,0,190,0,0.0
2025-09-16,0,0,0,190,0,0.0
2025-09-17,0,0,0,190,0,0.0
2025-09-18,0,0,0,190,0,0.0
2025-09-19,0,0,0,190,0,0.0
2025-09-22,0,0,0,190,0,0.0
2025-09-23,0,0,0,190,0,0.0
2025-09-24,0,0,0,190,0,0.0
2025-09-25,0,0,0,190,0,0.0
2025-09-26,0,0,0,190,0,0.0
2025-09-29,0,0,0,190,0,0.0
2025-09-30,0,0,0,190,0,0.0
2025-10-01,0,0,0,190,0,0.0
2025-10-02,0,0,0,190,0,0.0
2025-10-10,0,0,0,190,0,0.0
2025-10-13,0,0,0,190,0,0.0
2025-10-14,0,0,0,190,0,0.0
2025-10-15,0,0,0,190,0,0.0
2025-10-16,0,0,0,190,0,0.0
2025-10-17,0,0,0,190,0,0.0
2025-10-20,0,0,0,190,0,0.0
2025-10-21,0,0,0,190,0,0.0
2025-10-22,0,0,0,190,0,0.0
2025-10-23,0,0,0,190,0,0.0
2025-10-24,0,0,0,190,0,0.0
2025-10-27,0,0,0,190,0,0.0
2025-10-28,0,0,0,190,0,0.0
2025-10-29,0,0,0,190,0,0.0
2025-10-30,0,0,0,190,0,0.0
2025-10-31,0,0,0,190,0,0.0
2025-11-03,0,0,0,190,0,0.0
2025-11-04,0,0,0,190,0,0.0
2025-11-05,0,0,0,190,0,0.0
2025-11-06,0,0,0,190,0,0.0
2025-11-07,0,0,0,190,0,0.0
2025-11-10,0,0,0,190,0,0.0
2025-11-11,0,0,0,190,0,0.0
2025-11-12,0,0,0,190,0,0.0
2025-11-13,0,0,0,190,0,0.0
2025-11-14,0,0,0,190,0,0.0
2025-11-17,0,0,0,190,0,0.0
2025-11-18,0,0,0,190,0,0.0
2025-11-19,0,0,0,190,0,0.0
2025-11-20,0,0,0,190,0,0.0
2025-11-21,0,0,0,190,0,0.0
2025-11-24,0,0,0,190,0,0.0
2025-11-25,0,0,0,190,0,0.0
2025-11-26,0,0,0,190,0,0.0
2025-11-27,0,0,0,190,0,0.0
2025-11-28,0,0,0,190,0,0.0
2025-12-01,0,0,0,190,0,0.0
2025-12-02,0,0,0,190,0,0.0
2025-12-03,0,0,0,190,0,0.0
2025-12-04,0,0,0,190,0,0.0
2025-12-05,0,0,0,190,0,0.0
2025-12-08,0,0,0,190,0,0.0
2025-12-09,0,0,0,190,0,0.0
2025-12-10,0,0,0,190,0,0.0
2025-12-11,0,0,0,190,0,0.0
2025-12-12,0,0,0,190,0,0.0
2025-12-15,0,0,0,190,0,0.0
2025-12-16,0,0,0,190,0,0.0
2025-12-17,0,0,0,190,0,0.0
2025-12-18,0,0,0,190,0,0.0
2025-12-19,0,0,0,190,0,0.0
2025-12-22,0,0,0,190,0,0.0
2025-12-23,0,0,0,190,0,0.0
2025-12-24,0,0,0,190,0,0.0
2025-12-26,0,0,0,190,0,0.0
2025-12-29,0,0,0,190,0,0.0
2025-12-30,0,0,0,190,0,0.0
2026-01-02,0,0,0,190,0,0.0
2026-01-05,0,0,0,190,0,0.0
2026-01-06,0,0,0,190,0,0.0
2026-01-07,0,0,0,190,0,0.0
2026-01-08,0,0,0,190,0,0.0
2026-01-09,0,0,0,190,0,0.0
2026-01-12,0,0,0,190,0,0.0
2026-01-13,0,0,0,190,0,0.0
2026-01-14,0,0,0,190,0,0.0
2026-01-15,0,0,0,190,0,0.0
2026-01-16,0,0,0,190,0,0.0
2026-01-19,0,0,0,190,0,0.0
2026-01-20,0,0,0,190,0,0.0
2026-01-21,0,0,0,190,0,0.0
2026-01-22,0,0,0,190,0,0.0
2026-01-23,0,0,0,190,0,0.0
2026-01-26,0,0,0,190,0,0.0
2026-01-27,0,0,0,190,0,0.0
2026-01-28,0,0,0,190,0,0.0
2026-01-29,0,0,0,190,0,0.0
2026-01-30,0,0,0,190,0,0.0
2026-02-02,0,0,0,190,0,0.0
2026-02-03,0,0,0,190,0,0.0
2026-02-04,0,0,0,190,0,0.0
