Date,Open,High,Low,Close,Volume,Change
2022-01-03,3110,3150,3100,3120,22570,0.003215434083601254
2022-01-04,3120,3140,3105,3110,43524,-0.0032051282051281937
2022-01-05,3160,3160,3105,3115,73629,0.001607717041800738
2022-01-06,3110,3160,3105,3130,123067,0.0048154093097914075
2022-01-07,3175,3200,3130,3150,90527,0.006389776357827559
2022-01-10,3125,3175,3125,3145,48873,-0.0015873015873015817
2022-01-11,3145,3165,3140,3150,81796,0.0015898251192367763
2022-01-12,3140,3180,3140,3145,35211,-0.0015873015873015817
2022-01-13,3150,3155,3145,3155,103123,0.0031796502384737746
2022-01-14,3155,3190,3145,3180,72380,0.007923930269413626
2022-01-17,3185,3230,3180,3200,179882,0.0062893081761006275
2022-01-18,3190,3240,3190,3210,113617,0.0031250000000000444
2022-01-19,3170,3245,3170,3200,120202,-0.0031152647975077885
2022-01-20,3170,3225,3170,3185,78297,-0.004687499999999956
2022-01-21,3205,3220,3140,3150,160159,-0.01098901098901095
2022-01-24,3025,3135,3025,3040,154323,-0.03492063492063491
2022-01-25,3035,3190,2960,2960,106019,-0.02631578947368418
2022-01-26,3000,3070,2960,3010,180383,0.016891891891891886
2022-01-27,3000,3055,2980,2980,68663,-0.009966777408637828
2022-01-28,3020,3165,3010,3165,168563,0.06208053691275173
2022-02-03,3165,3185,3050,3135,133505,-0.009478672985781977
2022-02-04,3125,3170,3100,3140,196435,0.0015948963317384823
2022-02-07,3135,3145,3120,3125,103512,-0.004777070063694322
2022-02-08,3120,3135,3110,3115,105763,-0.0031999999999999806
2022-02-09,3120,3130,3105,3115,113821,0.0
2022-02-10,3110,3150,3090,3115,231600,0.0
2022-02-11,3115,3135,3100,3120,90462,0.0016051364365972098
2022-02-14,3095,3135,3090,3120,180059,0.0
2022-02-15,3125,3250,3115,3215,489160,0.03044871794871784
2022-02-16,3220,3220,3120,3150,177584,-0.02021772939346811
2022-02-17,3200,3200,3105,3115,109924,-0.011111111111111072
2022-02-18,3105,3145,3105,3130,45117,0.0048154093097914075
2022-02-21,3130,3150,3110,3120,67507,-0.0031948881789137795
2022-02-22,3140,3140,3110,3120,40122,0.0
2022-02-23,3115,3140,3105,3120,41235,0.0
2022-02-24,3150,3150,3070,3100,119923,-0.0064102564102563875
2022-02-25,3100,3135,3065,3080,88040,-0.006451612903225823
2022-02-28,3095,3110,3040,3070,48022,-0.0032467532467532756
2022-03-02,3070,3085,3005,3025,37998,-0.014657980456026065
2022-03-03,3100,3140,3075,3075,42918,0.016528925619834656
2022-03-04,3075,3100,3075,3090,18896,0.004878048780487809
2022-03-07,3120,3125,3050,3095,39968,0.0016181229773462036
2022-03-08,3030,3095,3030,3050,31244,-0.014539579967689842
2022-03-10,3060,3095,3055,3080,22333,0.009836065573770592
2022-03-11,3075,3120,3030,3070,58274,-0.0032467532467532756
2022-03-14,3045,3095,3030,3085,80007,0.004885993485342022
2022-03-15,3060,3090,3060,3075,16928,-0.0032414910858995505
2022-03-16,3090,3120,3075,3095,58826,0.006504065040650486
2022-03-17,3110,3200,3110,3130,66676,0.011308562197092087
2022-03-18,3160,3185,3145,3170,51720,0.012779552715654896
2022-03-21,3245,3295,3225,3285,315322,0.0362776025236593
2022-03-22,3295,3295,3255,3275,90994,-0.0030441400304414
2022-03-23,3280,3390,3260,3290,407024,0.004580152671755711
2022-03-24,3300,3300,3190,3235,131838,-0.016717325227963542
2022-03-25,3220,3245,3200,3215,72478,-0.0061823802163832875
2022-03-28,3215,3330,3215,3260,78337,0.013996889580093264
2022-03-29,3260,3300,3250,3260,42324,0.0
2022-03-30,3270,3290,3190,3195,62836,-0.019938650306748462
2022-03-31,3225,3275,3210,3235,65516,0.012519561815336422
2022-04-01,3235,3260,3200,3230,44579,-0.0015455950540957941
2022-04-04,3260,3300,3250,3295,158999,0.020123839009287936
2022-04-05,3310,3360,3280,3320,217365,0.007587253414264028
2022-04-06,3355,3390,3270,3325,159402,0.001506024096385561
2022-04-07,3290,3290,3225,3240,54372,-0.025563909774436122
2022-04-08,3235,3275,3210,3230,22450,-0.0030864197530864335
2022-04-11,3210,3280,3200,3215,47008,-0.004643962848297267
2022-04-12,3190,3260,3190,3225,64872,0.0031104199066873672
2022-04-13,3225,3240,3200,3220,33497,-0.0015503875968991832
2022-04-14,3220,3220,3165,3200,28759,-0.006211180124223614
2022-04-15,3220,3300,3190,3270,71455,0.02187500000000009
2022-04-18,3270,3285,3210,3230,38080,-0.012232415902140636
2022-04-19,3230,3240,3200,3215,41131,-0.004643962848297267
2022-04-20,3220,3245,3195,3220,46284,0.0015552099533437946
2022-04-21,3215,3240,3185,3210,20696,-0.0031055900621117516
2022-04-22,3165,3210,3165,3200,60767,-0.0031152647975077885
2022-04-25,3150,3205,3065,3140,145995,-0.018750000000000044
2022-04-26,3140,3180,3135,3150,5276,0.0031847133757962887
2022-04-27,3150,3150,3080,3110,45235,-0.012698412698412653
2022-04-28,3110,3145,3075,3075,34992,-0.0112540192926045
2022-04-29,3070,3125,3070,3085,11985,0.003252032520325132
2022-05-02,3145,3145,3055,3070,28520,-0.004862236628849326
2022-05-03,3090,3130,2985,3065,21871,-0.0016286644951140072
2022-05-04,3065,3065,2855,2940,127333,-0.04078303425774876
2022-05-06,2940,3080,2900,2900,30610,-0.013605442176870763
2022-05-09,2905,2920,2650,2695,125940,-0.07068965517241377
2022-05-10,2600,3155,2600,2905,508907,0.07792207792207795
2022-05-11,2900,2970,2805,2905,60079,0.0
2022-05-12,2905,3030,2800,2805,27681,-0.03442340791738385
2022-05-13,2905,2905,2765,2845,26466,0.01426024955436711
2022-05-16,2895,2895,2815,2825,19551,-0.007029876977152849
2022-05-17,2860,2900,2830,2850,29795,0.008849557522123908
2022-05-18,2900,2920,2855,2885,30818,0.012280701754386003
2022-05-19,2885,2885,2830,2860,28848,-0.008665511265164683
2022-05-20,2860,2950,2685,2870,88723,0.0034965034965035446
2022-05-23,2880,2885,2870,2880,13272,0.0034843205574912606
2022-05-24,2880,2885,2850,2870,17960,-0.00347222222222221
2022-05-25,2870,2950,2860,2940,27226,0.024390243902439046
2022-05-26,2955,3010,2940,2960,34532,0.006802721088435382
2022-05-27,2960,3010,2960,3000,32892,0.013513513513513598
2022-05-30,3015,3030,2970,3010,11442,0.0033333333333334103
2022-05-31,3030,3030,2985,3025,52091,0.004983388704318914
2022-06-02,2995,3285,2995,3115,174814,0.02975206611570247
2022-06-03,3115,3160,3110,3150,14396,0.011235955056179803
2022-06-07,3205,3205,3050,3115,50847,-0.011111111111111072
2022-06-08,3110,3115,3050,3075,24213,-0.012841091492776902
2022-06-09,3110,3110,3025,3085,12323,0.003252032520325132
2022-06-10,3085,3095,3050,3080,11603,-0.0016207455429497752
2022-06-13,3050,3050,2855,2855,93631,-0.07305194805194803
2022-06-14,2800,2875,2705,2875,33424,0.007005253940455258
2022-06-15,2870,2910,2755,2880,24097,0.0017391304347826875
2022-06-16,2965,3095,2895,2940,22489,0.02083333333333326
2022-06-17,2800,2935,2800,2910,12842,-0.010204081632653073
2022-06-20,2910,2910,2830,2840,18016,-0.02405498281786944
2022-06-21,2830,2995,2770,2780,33040,-0.021126760563380254
2022-06-22,2860,2860,2600,2610,49121,-0.0611510791366906
2022-06-23,2610,2875,2570,2610,77813,0.0
2022-06-24,2610,2760,2610,2700,15149,0.034482758620689724
2022-06-27,2780,2795,2700,2735,20064,0.012962962962963065
2022-06-28,2760,2795,2710,2710,12807,-0.009140767824497242
2022-06-29,2680,2790,2650,2665,32743,-0.016605166051660514
2022-06-30,2690,2820,2610,2620,29079,-0.016885553470919357
2022-07-01,2610,2835,2580,2670,112031,0.01908396946564883
2022-07-04,2660,2790,2630,2700,17123,0.011235955056179803
2022-07-05,2700,2755,2670,2755,58890,0.020370370370370372
2022-07-06,2800,2800,2720,2720,8603,-0.012704174228675091
2022-07-07,2720,2845,2670,2740,33751,0.007352941176470562
2022-07-08,2795,2795,2675,2705,24767,-0.012773722627737238
2022-07-11,2705,2725,2665,2675,10022,-0.011090573012939031
2022-07-12,2655,2675,2640,2640,9711,-0.013084112149532756
2022-07-13,2630,2700,2620,2675,10708,0.01325757575757569
2022-07-14,2675,2690,2640,2670,6564,-0.0018691588785046953
2022-07-15,2670,2690,2610,2645,12561,-0.009363295880149836
2022-07-18,2645,2715,2645,2690,24042,0.017013232514177634
2022-07-19,2720,2740,2690,2710,13395,0.0074349442379182396
2022-07-20,2745,2765,2685,2715,8459,0.0018450184501845879
2022-07-21,2730,2730,2650,2680,26999,-0.012891344383057057
2022-07-22,2710,2715,2655,2660,29970,-0.007462686567164201
2022-07-25,2685,2745,2620,2715,16868,0.020676691729323293
2022-07-26,2690,2720,2650,2700,8132,-0.0055248618784530246
2022-07-27,2730,2730,2670,2680,4375,-0.007407407407407418
2022-07-28,2700,2800,2680,2730,18607,0.018656716417910557
2022-07-29,2745,2745,2700,2730,14927,0.0
2022-08-01,2735,2745,2690,2700,17662,-0.01098901098901095
2022-08-02,2685,2700,2625,2660,77531,-0.014814814814814836
2022-08-03,2675,2760,2645,2700,31277,0.015037593984962516
2022-08-04,2700,2735,2675,2700,24647,0.0
2022-08-05,2700,2715,2685,2700,10828,0.0
2022-08-08,2685,2700,2685,2700,14736,0.0
2022-08-09,2680,2695,2660,2660,12060,-0.014814814814814836
2022-08-10,2655,2700,2630,2665,34468,0.001879699248120259
2022-08-11,2700,2700,2665,2675,19308,0.0037523452157599557
2022-08-12,2665,2690,2665,2675,13368,0.0
2022-08-16,2710,2710,2655,2670,19068,-0.0018691588785046953
2022-08-17,2655,2680,2615,2645,27643,-0.009363295880149836
2022-08-18,2630,2640,2595,2615,45526,-0.011342155009451793
2022-08-19,2610,2615,2590,2595,19430,-0.007648183556405397
2022-08-22,2585,2595,2500,2545,56315,-0.019267822736030782
2022-08-23,2485,2535,2485,2520,8749,-0.00982318271119842
2022-08-24,2485,2520,2485,2500,23033,-0.007936507936507908
2022-08-25,2525,2590,2520,2565,29803,0.026000000000000023
2022-08-26,2665,2665,2600,2615,10362,0.01949317738791434
2022-08-29,2615,2615,2530,2545,15098,-0.026768642447418722
2022-08-30,2520,2545,2485,2505,24046,-0.015717092337917515
2022-08-31,2505,2535,2495,2515,11945,0.003992015968063978
2022-09-01,2540,2555,2510,2530,26159,0.005964214711729587
2022-09-02,2530,2570,2500,2530,18193,0.0
2022-09-05,2510,2530,2480,2485,22580,-0.017786561264822143
2022-09-06,2460,2535,2455,2530,24313,0.01810865191146882
2022-09-07,2530,2685,2500,2505,37938,-0.00988142292490124
2022-09-08,2505,2540,2505,2520,16902,0.0059880239520957446
2022-09-13,2520,2530,2510,2520,16335,0.0
2022-09-14,2480,2505,2460,2495,20463,-0.009920634920634885
2022-09-15,2490,2510,2450,2500,21139,0.002004008016031955
2022-09-16,2485,2850,2475,2500,223380,0.0
2022-09-19,2500,2525,2440,2470,36792,-0.01200000000000001
2022-09-20,2470,2505,2465,2480,16216,0.004048582995951344
2022-09-21,2480,2695,2480,2530,195547,0.02016129032258074
2022-09-22,2510,2585,2505,2550,31176,0.007905138339920903
2022-09-23,2545,2555,2490,2495,53566,-0.021568627450980427
2022-09-26,2485,2620,2430,2495,109213,0.0
2022-09-27,2495,2565,2440,2450,45673,-0.018036072144288595
2022-09-28,2490,2515,2420,2420,47779,-0.01224489795918371
2022-09-29,2460,2530,2445,2455,31322,0.01446280991735538
2022-09-30,2510,2510,2410,2500,30183,0.018329938900203624
2022-10-04,2500,2550,2480,2545,20675,0.018000000000000016
2022-10-05,2545,2685,2490,2490,86025,-0.0216110019646365
2022-10-06,2555,2560,2505,2530,11283,0.016064257028112428
2022-10-07,2530,2535,2510,2515,11271,-0.005928853754940677
2022-10-11,2520,2600,2500,2505,122768,-0.003976143141153132
2022-10-12,2500,2535,2490,2500,23567,-0.001996007984031989
2022-10-13,2500,2540,2500,2500,34635,0.0
2022-10-14,2500,2555,2500,2525,35863,0.010000000000000009
2022-10-17,2520,2525,2500,2520,13321,-0.001980198019801982
2022-10-18,2520,2530,2505,2530,15353,0.003968253968253954
2022-10-19,2515,2535,2490,2490,47752,-0.015810276679841917
2022-10-20,2505,2510,2490,2505,14129,0.006024096385542244
2022-10-21,2490,2515,2490,2490,8874,-0.005988023952095856
2022-10-24,2500,2525,2500,2510,6056,0.008032128514056325
2022-10-25,2500,2550,2500,2510,4494,0.0
2022-10-26,2505,2510,2495,2495,5774,-0.005976095617529875
2022-10-27,2565,2565,2490,2490,13764,-0.002004008016032066
2022-10-28,2490,2530,2475,2475,22718,-0.0060240963855421326
2022-10-31,2490,2520,2480,2500,9763,0.010101010101010166
2022-11-01,2500,2545,2495,2540,14134,0.016000000000000014
2022-11-02,2515,2625,2515,2610,55051,0.027559055118110187
2022-11-03,2580,2825,2580,2800,162808,0.07279693486590033
2022-11-04,2785,2845,2705,2810,153407,0.0035714285714285587
2022-11-07,2790,2845,2765,2775,32900,-0.01245551601423489
2022-11-08,2805,2955,2785,2820,35078,0.016216216216216273
2022-11-09,2820,2885,2795,2840,33859,0.007092198581560183
2022-11-10,2810,2830,2720,2720,19246,-0.04225352112676062
2022-11-11,2805,2990,2760,2810,55103,0.03308823529411775
2022-11-14,2810,2885,2710,2800,65028,-0.003558718861209953
2022-11-15,2810,2970,2810,2910,184909,0.03928571428571437
2022-11-16,2705,2910,2700,2880,444221,-0.010309278350515427
2022-11-17,2815,2920,2770,2810,180809,-0.02430555555555558
2022-11-18,2830,2890,2815,2880,55207,0.02491103202846978
2022-11-21,2880,2900,2810,2845,37100,-0.01215277777777779
2022-11-22,2845,2885,2810,2810,28166,-0.012302284710017597
2022-11-23,2810,2850,2810,2825,12755,0.005338078291814874
2022-11-24,2910,2915,2825,2900,26730,0.026548672566371723
2022-11-25,2950,2950,2870,2910,19219,0.0034482758620688614
2022-11-28,2910,2920,2885,2885,8885,-0.00859106529209619
2022-11-29,2885,2885,2835,2870,8517,-0.005199306759098743
2022-11-30,2920,2920,2840,2895,21380,0.008710801393728262
2022-12-01,2920,2930,2865,2900,45757,0.0017271157167531026
2022-12-02,2920,2965,2865,2900,34580,0.0
2022-12-05,2915,2930,2860,2875,19258,-0.008620689655172376
2022-12-06,2845,2875,2795,2795,17807,-0.02782608695652178
2022-12-07,2775,2815,2735,2790,21248,-0.0017889087656529634
2022-12-08,2790,2870,2755,2755,19558,-0.012544802867383464
2022-12-09,2800,2800,2755,2790,11206,0.012704174228675091
2022-12-12,2805,2810,2770,2770,7501,-0.007168458781361964
2022-12-13,2770,2795,2725,2725,23363,-0.016245487364620947
2022-12-14,2740,2780,2710,2715,18895,-0.003669724770642202
2022-12-15,2740,2745,2625,2635,55229,-0.029465930018416242
2022-12-16,2625,2690,2625,2680,13856,0.017077798861480087
2022-12-19,2650,2680,2630,2680,5486,0.0
2022-12-20,2635,2800,2635,2740,43182,0.02238805970149249
2022-12-21,2725,2810,2710,2730,20851,-0.0036496350364964014
2022-12-22,2730,2765,2725,2735,7512,0.001831501831501825
2022-12-23,2760,2760,2685,2690,11077,-0.01645338208409508
2022-12-26,2690,2800,2690,2750,26081,0.02230483271375472
2022-12-27,2830,2830,2765,2795,25569,0.016363636363636358
2022-12-28,2780,2825,2760,2760,21465,-0.012522361359570633
2022-12-29,2730,2785,2725,2755,14402,-0.0018115942028985588
2023-01-02,2755,2755,2665,2665,27452,-0.03266787658802173
2023-01-03,2635,2665,2595,2605,28330,-0.022514071294559068
2023-01-04,2605,2710,2600,2710,15302,0.040307101727447225
2023-01-05,2785,2785,2685,2735,7300,0.009225092250922495
2023-01-06,2735,2775,2735,2735,6989,0.0
2023-01-09,2745,2780,2720,2745,13635,0.003656307129798808
2023-01-10,2745,2745,2715,2730,12574,-0.005464480874316946
2023-01-11,2705,2775,2700,2765,9291,0.012820512820512775
2023-01-12,2790,2790,2735,2750,3809,-0.005424954792043413
2023-01-13,2785,2785,2735,2750,9738,0.0
2023-01-16,2750,2775,2735,2775,11350,0.009090909090909038
2023-01-17,2790,2835,2785,2825,27615,0.018018018018018056
2023-01-18,2815,2870,2800,2855,28086,0.010619469026548645
2023-01-19,2855,2865,2805,2820,21808,-0.012259194395796813
2023-01-20,2830,2860,2780,2860,38319,0.014184397163120588
2023-01-25,2890,2910,2860,2885,48148,0.00874125874125875
2023-01-26,2905,2920,2880,2900,30419,0.005199306759098743
2023-01-27,2915,2990,2900,2990,149126,0.03103448275862064
2023-01-30,2975,3060,2975,3045,150455,0.018394648829431537
2023-01-31,3045,3105,3045,3100,70612,0.01806239737274229
2023-02-01,3100,3170,3100,3145,69525,0.014516129032257963
2023-02-02,3165,3165,3100,3100,50607,-0.014308426073131986
2023-02-03,3100,3160,3100,3120,16305,0.006451612903225712
2023-02-06,3120,3125,3060,3060,54882,-0.019230769230769273
2023-02-07,3060,3070,3000,3020,38793,-0.013071895424836555
2023-02-08,3020,3020,2935,3000,80142,-0.0066225165562914245
2023-02-09,3000,3120,3000,3110,61118,0.036666666666666625
2023-02-10,3110,3150,3075,3075,57152,-0.0112540192926045
2023-02-13,3080,3135,3055,3090,27355,0.004878048780487809
2023-02-14,3090,3125,3090,3120,21288,0.009708737864077666
2023-02-15,3120,3125,3015,3015,34163,-0.033653846153846145
2023-02-16,3015,3115,3015,3115,42277,0.03316749585406309
2023-02-17,3110,3125,3095,3115,28488,0.0
2023-02-20,3140,3140,3090,3105,25865,-0.0032102728731941976
2023-02-21,3110,3125,3095,3110,18507,0.0016103059581320522
2023-02-22,3115,3400,3110,3365,565758,0.08199356913183276
2023-02-23,3400,3570,3400,3450,274663,0.02526002971768193
2023-02-24,3465,3465,3275,3305,134076,-0.04202898550724643
2023-02-27,3280,3315,3230,3255,46725,-0.015128593040847238
2023-02-28,3250,3355,3245,3355,44135,0.030721966205837115
2023-03-02,3350,3400,3345,3395,51124,0.011922503725782407
2023-03-03,3395,3450,3375,3420,65233,0.007363770250368162
2023-03-06,3425,3490,3420,3465,62120,0.013157894736842035
2023-03-07,3460,3485,3445,3460,65333,-0.0014430014430014682
2023-03-08,3455,3460,3385,3415,42254,-0.013005780346820761
2023-03-09,3415,3415,3255,3270,79152,-0.04245973645680823
2023-03-10,3295,3330,3265,3300,78801,0.00917431192660545
2023-03-13,3295,3370,3270,3335,48540,0.010606060606060508
2023-03-14,3335,3440,3275,3400,93895,0.019490254872563728
2023-03-15,3400,3445,3380,3400,65122,0.0
2023-03-16,3400,3410,3330,3370,42579,-0.008823529411764675
2023-03-17,3370,3400,3320,3345,26154,-0.007418397626112738
2023-03-20,3345,3395,3345,3380,38686,0.010463378176382765
2023-03-21,3405,3405,3365,3380,16091,0.0
2023-03-22,3415,3530,3390,3470,85031,0.026627218934911268
2023-03-23,3510,3525,3465,3500,113613,0.008645533141210304
2023-03-24,3515,3520,3480,3510,75280,0.0028571428571428914
2023-03-27,3530,3590,3425,3480,59217,-0.008547008547008517
2023-03-28,3495,3510,3350,3435,91733,-0.012931034482758674
2023-03-29,3420,3420,3265,3335,83178,-0.02911208151382827
2023-03-30,3335,3375,3325,3355,25219,0.0059970014992503096
2023-03-31,3355,3520,3335,3515,114459,0.04769001490312963
2023-04-03,3500,3660,3490,3540,177544,0.007112375533428139
2023-04-04,3565,3670,3470,3510,86266,-0.008474576271186418
2023-04-05,3620,3620,3430,3515,71938,0.0014245014245013454
2023-04-06,3515,3515,3405,3440,51473,-0.02133712660028453
2023-04-07,3415,3440,3090,3180,408653,-0.07558139534883723
2023-04-10,3210,3225,3015,3060,296888,-0.037735849056603765
2023-04-11,3065,3375,3065,3375,275642,0.10294117647058831
2023-04-12,3405,3405,3240,3270,77024,-0.03111111111111109
2023-04-13,3300,3350,3180,3350,56965,0.024464831804281273
2023-04-14,3370,4355,3370,4065,4457970,0.21343283582089545
2023-04-17,4065,4185,4000,4120,750789,0.013530135301353052
2023-04-18,4105,4245,4070,4145,377915,0.0060679611650484855
2023-04-19,4265,4265,4040,4135,270661,-0.0024125452352231624
2023-04-20,4120,4690,4030,4400,1557788,0.06408706166868194
2023-04-21,4400,4505,4100,4505,454524,0.02386363636363642
2023-04-24,4510,4625,4315,4495,344167,-0.002219755826859071
2023-04-25,4495,4505,4130,4480,263531,-0.0033370411568409697
2023-04-26,4330,4395,4150,4170,184268,-0.0691964285714286
2023-04-27,4105,4245,3980,4200,171946,0.007194244604316502
2023-04-28,4155,4280,3860,3900,246989,-0.0714285714285714
2023-05-02,3775,3840,3320,3625,592851,-0.07051282051282048
2023-05-03,3705,3890,3625,3830,152627,0.05655172413793097
2023-05-04,3785,3930,3695,3875,159571,0.011749347258485532
2023-05-08,3880,3970,3800,3940,179982,0.016774193548387162
2023-05-09,3905,3960,3730,3940,146826,0.0
2023-05-10,3895,3970,3840,3875,95337,-0.016497461928933976
2023-05-11,3875,4000,3845,3960,154386,0.021935483870967776
2023-05-12,3960,4045,3870,3990,111178,0.007575757575757569
2023-05-15,3980,4170,3970,3990,144173,0.0
2023-05-16,4010,4050,3800,4045,197220,0.013784461152882121
2023-05-17,4170,4390,3980,4370,550425,0.08034610630407912
2023-05-18,4310,4420,4225,4380,314989,0.0022883295194509046
2023-05-19,4270,4450,4120,4385,384757,0.0011415525114155667
2023-05-22,4420,4480,4280,4395,245933,0.0022805017103761926
2023-05-23,4395,4500,4310,4420,150147,0.005688282138794021
2023-05-24,4510,4530,4365,4430,190311,0.002262443438914019
2023-05-25,4385,4420,4250,4380,129926,-0.011286681715575675
2023-05-26,4380,4410,4265,4300,80487,-0.0182648401826484
2023-05-30,4330,4350,4130,4130,156549,-0.03953488372093028
2023-05-31,4195,4200,3990,4065,160168,-0.0157384987893463
2023-06-01,4085,4200,3990,4015,94971,-0.012300123001230068
2023-06-02,4120,4120,3920,3985,102828,-0.007471980074719831
2023-06-05,4000,4140,3915,4000,93105,0.0037641154328733606
2023-06-07,4040,4050,3900,3910,78803,-0.022499999999999964
2023-06-08,3910,3925,3620,3730,253798,-0.04603580562659848
2023-06-09,3985,4200,3660,3750,653326,0.00536193029490617
2023-06-12,3810,3845,3600,3620,139143,-0.03466666666666662
2023-06-13,3650,3900,3620,3880,298563,0.07182320441988943
2023-06-14,3910,3945,3770,3770,132200,-0.028350515463917536
2023-06-15,3770,3900,3700,3800,145516,0.007957559681697646
2023-06-16,3875,3930,3700,3770,61032,-0.007894736842105288
2023-06-19,3765,3770,3625,3695,104851,-0.019893899204244003
2023-06-20,3680,3740,3615,3615,110569,-0.021650879566982417
2023-06-21,3700,3700,3535,3535,133172,-0.022130013831258677
2023-06-22,3535,3580,3440,3440,87198,-0.026874115983026914
2023-06-23,3440,3520,3300,3430,220482,-0.0029069767441860517
2023-06-26,3430,3555,3235,3440,83578,0.00291545189504383
2023-06-27,3430,3445,3240,3280,194417,-0.046511627906976716
2023-06-28,3265,3290,3205,3215,119779,-0.01981707317073167
2023-06-29,3240,3435,3080,3200,146069,-0.004665629860031051
2023-06-30,3120,3395,3120,3335,118351,0.042187500000000044
2023-07-03,3410,3500,3325,3460,211714,0.03748125937031488
2023-07-04,3545,3680,3470,3585,141177,0.036127167630057855
2023-07-05,3540,3700,3540,3565,115546,-0.00557880055788007
2023-07-06,3565,3900,3495,3595,211414,0.008415147265077083
2023-07-07,3500,3595,3500,3520,47463,-0.020862308762169657
2023-07-10,3520,3600,3490,3525,81498,0.0014204545454545858
2023-07-11,3525,3585,3450,3565,58147,0.01134751773049647
2023-07-12,3565,3740,3395,3480,199439,-0.02384291725105192
2023-07-13,3540,3540,3375,3460,88166,-0.005747126436781658
2023-07-14,3450,3450,3335,3350,58720,-0.03179190751445082
2023-07-17,3425,3490,3365,3370,25529,0.005970149253731405
2023-07-18,3450,3450,3325,3350,20557,-0.005934718100890191
2023-07-19,3390,3390,3250,3285,49983,-0.0194029850746269
2023-07-20,3270,3285,3180,3230,77606,-0.016742770167427756
2023-07-21,3230,3255,3150,3240,50409,0.003095975232198178
2023-07-24,3215,3360,3135,3195,103007,-0.01388888888888884
2023-07-25,3350,3350,3180,3210,76954,0.0046948356807512415
2023-07-26,3205,3490,3120,3385,163008,0.054517133956386354
2023-07-27,3385,3540,3360,3405,132974,0.005908419497784312
2023-07-28,3420,3500,3415,3490,102106,0.02496328928046987
2023-07-31,3530,3610,3490,3595,59387,0.03008595988538687
2023-08-01,3580,3645,3570,3595,23406,0.0
2023-08-02,3540,3600,3410,3480,52425,-0.03198887343532686
2023-08-03,3475,3500,3405,3460,19736,-0.005747126436781658
2023-08-04,3455,3650,3420,3620,48831,0.046242774566473965
2023-08-07,3620,3720,3500,3550,34877,-0.01933701657458564
2023-08-08,3510,3645,3510,3545,19250,-0.0014084507042253502
2023-08-09,3570,3610,3475,3590,21797,0.012693935119887145
2023-08-10,3590,3595,3430,3430,33870,-0.04456824512534818
2023-08-11,3490,3595,3470,3545,16879,0.03352769679300294
2023-08-14,3540,3585,3450,3500,7671,-0.012693935119887145
2023-08-16,3400,3500,3385,3425,51741,-0.021428571428571463
2023-08-17,3370,3500,3325,3490,45186,0.01897810218978102
2023-08-18,3490,3510,3435,3465,21645,-0.007163323782234943
2023-08-21,3470,3500,3395,3400,25775,-0.018759018759018753
2023-08-22,3435,3435,3355,3365,22554,-0.010294117647058787
2023-08-23,3365,3480,3280,3355,46466,-0.002971768202080227
2023-08-24,3355,3375,3250,3290,47569,-0.019374068554396384
2023-08-25,3290,3405,3255,3330,21672,0.012158054711246091
2023-08-28,3330,3385,3265,3320,26053,-0.0030030030030030463
2023-08-29,3335,3395,3310,3390,13334,0.02108433734939763
2023-08-30,3420,3420,3305,3415,28440,0.007374631268436627
2023-08-31,3415,3415,3320,3350,29334,-0.019033674963396807
2023-09-01,3350,3415,3305,3310,17354,-0.011940298507462699
2023-09-04,3270,3440,3270,3440,23415,0.0392749244712991
2023-09-05,3440,3440,3330,3390,25651,-0.014534883720930258
2023-09-06,3390,3430,3325,3360,3054,-0.008849557522123908
2023-09-07,3240,3355,3240,3320,38810,-0.011904761904761862
2023-09-08,3310,3430,3285,3370,14270,0.015060240963855387
2023-09-11,3370,3540,3340,3410,46879,0.011869436201780381
2023-09-12,3410,3485,3385,3470,24060,0.017595307917888547
2023-09-13,3415,3545,3415,3475,15410,0.0014409221902016434
2023-09-14,3530,3530,3445,3495,40403,0.0057553956834532904
2023-09-15,3555,3555,3485,3495,13345,0.0
2023-09-18,3530,3530,3450,3455,5453,-0.011444921316165924
2023-09-19,3460,3480,3415,3450,8855,-0.0014471780028944004
2023-09-20,3400,3470,3400,3450,9546,0.0
2023-09-21,3450,3500,3415,3440,16327,-0.0028985507246376274
2023-09-22,3415,3475,3355,3395,5484,-0.013081395348837233
2023-09-25,3410,3410,3280,3315,23103,-0.02356406480117823
2023-09-26,3475,3475,3295,3295,16687,-0.006033182503770718
2023-09-27,3320,3355,3275,3330,5301,0.01062215477996964
2023-10-04,3320,3395,3305,3310,21887,-0.006006006006005982
2023-10-05,3310,3335,3245,3255,20828,-0.0166163141993958
2023-10-06,3340,3340,3135,3190,41396,-0.019969278033794113
2023-10-10,3220,3335,3095,3095,22886,-0.029780564263322873
2023-10-11,3100,3305,3090,3165,21424,0.022617124394184174
2023-10-12,3160,3290,3110,3135,10448,-0.009478672985781977
2023-10-13,3240,3240,3040,3105,19018,-0.009569377990430672
2023-10-16,3105,3255,3040,3070,8742,-0.011272141706924366
2023-10-17,3135,3135,3025,3040,8510,-0.009771986970684043
2023-10-18,3020,3125,2950,2985,19779,-0.018092105263157854
2023-10-19,2960,3000,2925,2945,38723,-0.01340033500837523
2023-10-20,2945,3045,2830,3010,28113,0.022071307300509435
2023-10-23,3100,3105,2930,3010,8645,0.0
2023-10-24,3130,3130,2960,3025,10714,0.004983388704318914
2023-10-25,3140,3140,2950,2955,8679,-0.023140495867768562
2023-10-26,3000,3100,2900,2990,25084,0.011844331641285955
2023-10-27,2910,3030,2910,2985,11327,-0.0016722408026755842
2023-10-30,2995,3090,2945,2980,21101,-0.0016750418760469454
2023-10-31,3000,3050,2900,2940,19680,-0.01342281879194629
2023-11-01,2980,2980,2900,2915,3605,-0.008503401360544172
2023-11-02,2945,2980,2935,2955,5274,0.013722126929674117
2023-11-03,3035,3035,2935,2970,3779,0.0050761421319796
2023-11-06,2970,3050,2970,3050,26094,0.026936026936027035
2023-11-07,3065,3250,3005,3050,22618,0.0
2023-11-08,3085,3085,3045,3070,4913,0.006557377049180246
2023-11-09,3100,3135,3010,3010,13375,-0.019543973941368087
2023-11-10,3080,3080,2930,2975,3592,-0.011627906976744207
2023-11-13,2995,3060,2935,2960,12112,-0.005042016806722671
2023-11-14,2955,3035,2955,2995,4967,0.011824324324324342
2023-11-15,3040,3040,2940,3005,17041,0.0033388981636059967
2023-11-16,2995,3005,2965,2980,43807,-0.008319467554076532
2023-11-17,2995,3015,2980,2995,15095,0.005033557046979942
2023-11-20,2995,3000,2975,2990,7842,-0.0016694490818029983
2023-11-21,2990,3010,2915,2960,17626,-0.010033444816053505
2023-11-22,2990,2990,2940,2960,4569,0.0
2023-11-23,2955,2995,2935,2980,24847,0.006756756756756799
2023-11-24,2990,2995,2955,2970,26165,-0.003355704697986628
2023-11-27,2950,3005,2950,2975,20078,0.0016835016835017313
2023-11-28,2980,2980,2915,2950,18179,-0.008403361344537785
2023-11-29,2950,2980,2905,2925,10754,-0.008474576271186418
2023-11-30,2980,3000,2880,2980,23043,0.018803418803418737
2023-12-01,2980,3000,2895,2905,64062,-0.025167785234899376
2023-12-04,2935,2970,2810,2810,12571,-0.03270223752151458
2023-12-05,2850,2890,2825,2825,7713,0.005338078291814874
2023-12-06,2825,2845,2785,2830,5247,0.001769911504424737
2023-12-07,2815,2860,2700,2800,73773,-0.010600706713780883
2023-12-08,2775,2870,2715,2785,7485,-0.005357142857142838
2023-12-11,2785,2815,2760,2790,14399,0.0017953321364452268
2023-12-12,2795,2820,2720,2800,2128,0.0035842293906809264
2023-12-13,2750,2805,2715,2745,3947,-0.019642857142857184
2023-12-14,2750,2880,2750,2770,54854,0.00910746812386165
2023-12-15,2770,2830,2770,2820,21926,0.018050541516245522
2023-12-18,2920,2920,2795,2805,13843,-0.005319148936170248
2023-12-19,2830,2860,2750,2800,11070,-0.0017825311942959443
2023-12-20,2780,2800,2745,2790,7676,-0.0035714285714285587
2023-12-21,2790,2790,2705,2790,12623,0.0
2023-12-22,2790,2800,2770,2800,8151,0.0035842293906809264
2023-12-26,2825,2825,2730,2795,8637,-0.0017857142857142794
2023-12-27,2770,2795,2635,2780,82384,-0.00536672629695889
2023-12-28,2780,2795,2715,2735,11698,-0.01618705035971224
2024-01-02,2735,2790,2735,2770,11288,0.01279707495429605
2024-01-03,2770,2785,2750,2765,9483,-0.0018050541516245744
2024-01-04,2765,2780,2735,2755,5382,-0.003616636528028905
2024-01-05,2755,2840,2730,2775,24549,0.007259528130671544
2024-01-08,2820,2820,2750,2760,9073,-0.00540540540540535
2024-01-09,2760,2845,2745,2760,8505,0.0
2024-01-10,2830,2830,2725,2760,20017,0.0
2024-01-11,2730,2800,2705,2720,14972,-0.01449275362318836
2024-01-12,2720,2760,2720,2755,2069,0.012867647058823595
2024-01-15,2770,2785,2745,2770,5444,0.005444646098003547
2024-01-16,2750,2800,2700,2785,6195,0.005415162454873723
2024-01-17,2760,2785,2720,2740,5520,-0.016157989228007152
2024-01-18,2740,2750,2700,2700,8775,-0.014598540145985384
2024-01-19,2700,2730,2700,2720,6648,0.007407407407407307
2024-01-22,2705,2800,2680,2740,13629,0.007352941176470562
2024-01-23,2740,2765,2730,2745,8883,0.0018248175182482562
2024-01-24,2770,2800,2745,2750,8981,0.0018214936247722413
2024-01-25,2745,2785,2725,2775,36861,0.009090909090909038
2024-01-26,2770,2795,2745,2795,10769,0.007207207207207134
2024-01-29,2795,2815,2775,2795,40652,0.0
2024-01-30,2790,2795,2745,2755,48854,-0.014311270125223596
2024-01-31,2725,2800,2725,2770,23398,0.005444646098003547
2024-02-01,2770,2770,2705,2740,12742,-0.010830324909747335
2024-02-02,2740,2805,2735,2795,22178,0.02007299270072993
2024-02-05,2795,2820,2760,2795,9187,0.0
2024-02-06,2795,2795,2725,2725,22663,-0.025044722719141377
2024-02-07,2725,2740,2720,2725,7495,0.0
2024-02-08,2750,2750,2720,2740,3389,0.005504587155963359
2024-02-13,2740,2750,2725,2735,8762,-0.0018248175182481452
2024-02-14,2735,2735,2610,2610,18034,-0.04570383912248632
2024-02-15,2635,2650,2560,2615,68209,0.0019157088122605526
2024-02-16,2615,2650,2575,2610,18285,-0.0019120458891013214
2024-02-19,2635,2635,2600,2615,19199,0.0019157088122605526
2024-02-20,2615,2750,2600,2635,13785,0.007648183556405286
2024-02-21,2625,2635,2590,2600,6750,-0.013282732447817858
2024-02-22,2635,2635,2570,2585,7928,-0.005769230769230749
2024-02-23,2600,2665,2580,2640,12224,0.02127659574468077
2024-02-26,2710,2755,2640,2700,17326,0.022727272727272707
2024-02-27,2665,2765,2600,2660,17802,-0.014814814814814836
2024-02-28,2610,2665,2600,2665,12465,0.001879699248120259
2024-02-29,2665,2690,2635,2665,298147,0.0
2024-03-04,2665,2685,2650,2670,284751,0.0018761726078799779
2024-03-05,2665,2710,2640,2650,257556,-0.0074906367041198685
2024-03-06,2655,2765,2500,2745,149216,0.03584905660377369
2024-03-07,2745,2815,2745,2800,126897,0.020036429872495543
2024-03-08,2800,2800,2750,2775,95965,-0.008928571428571397
2024-03-11,2775,2835,2755,2755,77670,-0.007207207207207245
2024-03-12,2755,2790,2710,2710,24550,-0.016333938294010864
2024-03-13,2770,2770,2650,2735,21668,0.009225092250922495
2024-03-14,2775,2780,2710,2730,8315,-0.001828153564899404
2024-03-15,2730,2775,2730,2765,9664,0.012820512820512775
2024-03-18,2765,2765,2585,2685,12349,-0.02893309222423146
2024-03-19,2640,2820,2615,2615,52065,-0.02607076350093107
2024-03-20,2610,2700,2605,2695,15770,0.030592734225621365
2024-03-21,2695,2745,2675,2745,19113,0.01855287569573294
2024-03-22,2735,2875,2735,2810,34692,0.023679417122040025
2024-03-25,2835,2935,2795,2935,25603,0.04448398576512447
2024-03-26,2945,2950,2755,2920,20030,-0.005110732538330498
2024-03-27,2900,2935,2830,2935,12174,0.005136986301369939
2024-03-28,2900,2925,2695,2880,39994,-0.01873935264054516
2024-03-29,2880,2915,2800,2805,16184,-0.02604166666666663
2024-04-01,2805,2890,2800,2800,11087,-0.0017825311942959443
2024-04-02,2945,2945,2825,2835,10889,0.012499999999999956
2024-04-03,2810,2880,2795,2800,7399,-0.012345679012345734
2024-04-04,2800,2840,2800,2805,3787,0.0017857142857142794
2024-04-05,2860,2860,2730,2735,14365,-0.024955436720142554
2024-04-08,2750,2750,2595,2670,14911,-0.02376599634369292
2024-04-09,2670,2670,2605,2645,8403,-0.009363295880149836
2024-04-11,2595,2750,2580,2750,9702,0.03969754253308122
2024-04-12,2825,2830,2730,2800,12829,0.018181818181818077
2024-04-15,2825,2825,2750,2765,7930,-0.012499999999999956
2024-04-16,2755,2760,2665,2720,8873,-0.016274864376130238
2024-04-17,2705,2715,2675,2690,3150,-0.011029411764705843
2024-04-18,2770,2820,2630,2685,21718,-0.0018587360594795044
2024-04-19,2680,2680,2640,2660,6866,-0.009310986964618295
2024-04-22,2660,2780,2660,2695,7831,0.013157894736842035
2024-04-23,2685,2800,2635,2690,9181,-0.0018552875695733162
2024-04-24,2690,2725,2690,2705,3030,0.005576208178438735
2024-04-25,2705,2750,2685,2745,3868,0.014787430683918634
2024-04-26,2745,2765,2695,2765,13591,0.007285974499089187
2024-04-29,2755,2825,2740,2765,9973,0.0
2024-04-30,2760,2785,2740,2760,8583,-0.001808318264014508
2024-05-02,2730,2750,2700,2710,19731,-0.018115942028985477
2024-05-03,2735,2735,2700,2725,3266,0.005535055350553542
2024-05-07,2725,2750,2700,2735,9701,0.003669724770642091
2024-05-08,2750,2805,2710,2750,10063,0.005484460694698434
2024-05-09,2750,2800,2725,2800,9555,0.018181818181818077
2024-05-10,2800,2840,2780,2840,16657,0.014285714285714235
2024-05-13,2815,2860,2815,2830,11232,-0.0035211267605633756
2024-05-14,2830,2830,2780,2805,9996,-0.00883392226148405
2024-05-16,2810,2820,2715,2760,15392,-0.016042780748663055
2024-05-17,2810,2820,2765,2790,14799,0.010869565217391353
2024-05-20,2790,2940,2770,2915,42404,0.04480286738351258
2024-05-21,2910,2940,2895,2930,17679,0.005145797598627766
2024-05-22,2940,3010,2915,2970,79154,0.013651877133105783
2024-05-23,2965,2980,2900,2900,9105,-0.023569023569023573
2024-05-24,2930,2980,2865,2960,14219,0.020689655172413834
2024-05-27,2970,3000,2940,2940,10475,-0.006756756756756799
2024-05-28,2955,2965,2905,2905,3596,-0.011904761904761862
2024-05-29,2955,2960,2905,2905,8121,0.0
2024-05-30,2900,2995,2895,2955,8361,0.01721170395869187
2024-05-31,2925,2990,2925,2945,5550,-0.0033840947546531774
2024-06-03,2950,2960,2905,2950,5181,0.001697792869269854
2024-06-04,2955,2955,2855,2860,11726,-0.03050847457627115
2024-06-05,2900,2910,2880,2900,11125,0.013986013986013957
2024-06-07,2945,2945,2815,2825,41543,-0.025862068965517238
2024-06-10,2900,2905,2820,2830,7235,0.001769911504424737
2024-06-11,2895,2895,2825,2830,8692,0.0
2024-06-12,2810,2840,2810,2825,17399,-0.0017667844522968323
2024-06-13,2840,2945,2825,2900,29811,0.026548672566371723
2024-06-14,2850,2925,2850,2885,16954,-0.005172413793103403
2024-06-17,2885,2910,2885,2895,14606,0.0034662045060658286
2024-06-18,2880,2900,2880,2895,15044,0.0
2024-06-19,2890,2900,2870,2900,15729,0.0017271157167531026
2024-06-20,2915,2915,2840,2860,29615,-0.01379310344827589
2024-06-21,2860,2880,2830,2865,29630,0.0017482517482516613
2024-06-24,2855,2940,2840,2860,12466,-0.0017452006980802626
2024-06-25,2850,2860,2840,2860,6611,0.0
2024-06-26,2860,2890,2820,2860,19878,0.0
2024-06-27,2840,2880,2710,2860,33539,0.0
2024-06-28,2865,2870,2810,2840,35408,-0.006993006993006978
2024-07-01,2830,2865,2795,2800,23159,-0.014084507042253502
