Date,Open,High,Low,Close,Volume,Change
2022-01-03,3055,3185,3055,3185,200361,0.042553191489361764
2022-01-04,3190,3285,3140,3170,128892,-0.004709576138147598
2022-01-05,3190,3210,3115,3175,92910,0.001577287066246047
2022-01-06,3115,3160,3070,3105,144888,-0.022047244094488216
2022-01-07,3090,3230,3090,3210,121052,0.033816425120772875
2022-01-10,3210,3210,3125,3140,78357,-0.02180685358255452
2022-01-11,3105,3150,3065,3075,74733,-0.02070063694267521
2022-01-12,3075,3165,3045,3090,79726,0.004878048780487809
2022-01-13,3145,3260,3140,3175,259379,0.027508090614886793
2022-01-14,3175,3190,3100,3140,85108,-0.011023622047244053
2022-01-17,3125,3135,3025,3045,106594,-0.030254777070063743
2022-01-18,3010,3080,2955,2975,68225,-0.02298850574712641
2022-01-19,2945,3000,2920,2950,38383,-0.008403361344537785
2022-01-20,2945,3015,2930,2990,59275,0.013559322033898313
2022-01-21,2970,3010,2930,2950,67370,-0.013377926421404673
2022-01-24,2925,2930,2820,2870,85248,-0.027118644067796627
2022-01-25,2870,2910,2705,2775,135583,-0.0331010452961672
2022-01-26,2740,2835,2740,2815,68105,0.01441441441441449
2022-01-27,2775,2845,2685,2730,116442,-0.030195381882770822
2022-01-28,2700,2890,2690,2860,151047,0.04761904761904767
2022-02-03,2900,2990,2880,2955,94804,0.03321678321678312
2022-02-04,2905,3195,2900,3120,482417,0.055837563451776706
2022-02-07,3160,3165,3050,3130,80079,0.0032051282051281937
2022-02-08,3175,3175,3030,3070,95291,-0.019169329073482455
2022-02-09,3070,3100,3030,3060,31294,-0.0032573289902280145
2022-02-10,3080,3080,3005,3020,37632,-0.013071895424836555
2022-02-11,3020,3045,2960,3010,44711,-0.0033112582781457123
2022-02-14,2970,2970,2870,2940,88497,-0.023255813953488413
2022-02-15,2900,2930,2855,2915,78002,-0.008503401360544172
2022-02-16,2910,2995,2910,2990,56801,0.02572898799313883
2022-02-17,2970,2995,2890,2930,157624,-0.02006688963210701
2022-02-18,2920,2950,2850,2925,78515,-0.0017064846416382506
2022-02-21,2910,2925,2865,2920,28637,-0.0017094017094017033
2022-02-22,2905,2905,2790,2830,92057,-0.03082191780821919
2022-02-23,2830,2845,2785,2820,59155,-0.0035335689045936647
2022-02-24,2785,2795,2650,2745,238946,-0.02659574468085102
2022-02-25,2730,2790,2730,2745,71683,0.0
2022-02-28,2765,2770,2720,2760,30477,0.005464480874316946
2022-03-02,2760,2835,2735,2800,55454,0.01449275362318847
2022-03-03,2805,2845,2805,2845,36703,0.016071428571428514
2022-03-04,2865,2865,2795,2840,49906,-0.0017574692442882123
2022-03-07,2830,2830,2725,2770,39588,-0.02464788732394363
2022-03-08,2740,2755,2685,2720,51627,-0.018050541516245522
2022-03-10,2735,2780,2705,2740,90849,0.007352941176470562
2022-03-11,2750,2790,2720,2790,32401,0.018248175182481674
2022-03-14,2780,2790,2685,2720,78114,-0.02508960573476704
2022-03-15,2715,2715,2670,2715,59364,-0.0018382352941176405
2022-03-16,2715,2750,2715,2750,63592,0.012891344383057168
2022-03-17,2785,2820,2740,2800,66307,0.018181818181818077
2022-03-18,2815,2955,2790,2885,327723,0.03035714285714275
2022-03-21,2925,2925,2865,2865,68378,-0.006932409012131768
2022-03-22,2865,2900,2865,2885,52614,0.00698080279232105
2022-03-23,2885,2905,2855,2865,65276,-0.006932409012131768
2022-03-24,2865,2975,2855,2930,105916,0.022687609075043635
2022-03-25,2930,2945,2880,2880,79811,-0.017064846416382284
2022-03-28,2910,2910,2855,2905,45291,0.00868055555555558
2022-03-29,2930,2930,2855,2890,39163,-0.005163511187607606
2022-03-30,2910,2910,2870,2905,78662,0.00519031141868509
2022-03-31,2885,2970,2885,2970,82108,0.022375215146299476
2022-04-01,2955,3005,2955,3005,39714,0.011784511784511675
2022-04-04,3000,3060,2985,3035,112341,0.009983361064891838
2022-04-05,3060,3120,3035,3070,109981,0.011532125205930832
2022-04-06,3035,3055,3000,3040,65404,-0.009771986970684043
2022-04-07,3025,3025,2940,2955,62580,-0.02796052631578949
2022-04-08,2945,2975,2885,2910,83518,-0.015228426395939132
2022-04-11,2880,2945,2880,2905,60664,-0.0017182130584192379
2022-04-12,2890,2905,2840,2905,49930,0.0
2022-04-13,2900,2955,2870,2935,72737,0.010327022375215211
2022-04-14,2945,3050,2905,3015,92924,0.027257240204429323
2022-04-15,2990,3030,2955,3030,38460,0.004975124378109541
2022-04-18,2995,3025,2970,3025,63558,-0.0016501650165016146
2022-04-19,2990,3110,2985,3110,99923,0.028099173553719048
2022-04-20,3100,3100,3035,3050,78807,-0.019292604501607746
2022-04-21,3050,3085,3030,3065,57537,0.004918032786885185
2022-04-22,3040,3060,3010,3055,33356,-0.0032626427406199365
2022-04-25,3105,3105,3005,3045,70077,-0.00327332242225864
2022-04-26,3055,3120,3025,3075,71015,0.009852216748768461
2022-04-27,3030,3095,2995,3095,122544,0.006504065040650486
2022-04-28,3110,3110,3020,3045,74682,-0.016155088852988664
2022-04-29,3040,3075,3035,3055,60267,0.003284072249589487
2022-05-02,3030,3040,3000,3040,28818,-0.004909983633387904
2022-05-03,3020,3055,3000,3015,35925,-0.008223684210526327
2022-05-04,3025,3025,2945,2945,125791,-0.023217247097844118
2022-05-06,2910,2935,2870,2905,82846,-0.01358234295415961
2022-05-09,2870,2905,2830,2860,86008,-0.015490533562822706
2022-05-10,2810,2840,2750,2840,62374,-0.006993006993006978
2022-05-11,2810,2870,2775,2870,51114,0.010563380281690238
2022-05-12,2820,2905,2795,2850,67520,-0.006968641114982632
2022-05-13,2835,2880,2810,2835,61405,-0.0052631578947368585
2022-05-16,2880,2895,2805,2845,63876,0.003527336860670305
2022-05-17,2825,2855,2815,2845,44456,0.0
2022-05-18,2845,2970,2810,2920,103824,0.026362038664323295
2022-05-19,2895,2895,2835,2845,56724,-0.025684931506849362
2022-05-20,2830,2910,2815,2910,99780,0.02284710017574687
2022-05-23,2875,2880,2825,2860,67208,-0.01718213058419249
2022-05-24,2850,2860,2775,2795,73844,-0.022727272727272707
2022-05-25,2765,2825,2765,2820,63907,0.008944543828264706
2022-05-26,2825,2840,2745,2745,99777,-0.02659574468085102
2022-05-27,2750,2780,2740,2755,41859,0.0036429872495447047
2022-05-30,2780,3310,2765,3095,9497224,0.12341197822141559
2022-05-31,3090,3220,3030,3065,2280712,-0.009693053311793265
2022-06-02,3090,3140,3050,3105,534761,0.013050570962479524
2022-06-03,3100,3105,3040,3040,340168,-0.020933977455716568
2022-06-07,3045,3055,2935,3000,381651,-0.013157894736842146
2022-06-08,2990,3040,2960,2995,359215,-0.0016666666666667052
2022-06-09,3005,3005,2910,2975,255551,-0.006677796327211993
2022-06-10,2950,2990,2915,2990,127279,0.005042016806722671
2022-06-13,2915,2925,2790,2800,283921,-0.0635451505016722
2022-06-14,2750,2795,2675,2745,220499,-0.019642857142857184
2022-06-15,2745,2745,2545,2550,453825,-0.07103825136612019
2022-06-16,2570,2665,2540,2540,160158,-0.0039215686274509665
2022-06-17,2440,2500,2390,2460,247493,-0.03149606299212604
2022-06-20,2510,2510,2220,2320,460453,-0.05691056910569103
2022-06-21,2310,3015,2260,3015,17621190,0.2995689655172413
2022-06-22,3165,3295,2850,2920,14422334,-0.031509121061359835
2022-06-23,2865,3720,2860,3150,44555084,0.07876712328767121
2022-06-24,3120,3410,3085,3285,12767230,0.04285714285714293
2022-06-27,3350,3555,3260,3340,6969908,0.016742770167427645
2022-06-28,3365,4270,3325,3980,41770031,0.19161676646706582
2022-06-29,3945,4210,3860,3980,11418191,0.0
2022-06-30,4015,4400,3890,4290,15719816,0.07788944723618085
2022-07-01,4080,4095,3780,3875,2759525,-0.09673659673659674
2022-07-04,3910,3960,3750,3920,2521584,0.011612903225806548
2022-07-05,3860,3960,3805,3890,1774485,-0.007653061224489832
2022-07-06,3950,4490,3915,4065,13575677,0.04498714652956304
2022-07-07,4065,4210,3855,3995,3745963,-0.017220172201722006
2022-07-08,4195,4600,4060,4200,10297998,0.051314142678347885
2022-07-11,4195,5460,4150,5320,29169126,0.2666666666666666
2022-07-12,5230,5250,4700,4700,8145430,-0.11654135338345861
2022-07-13,4760,4800,4535,4565,4597097,-0.028723404255319163
2022-07-14,4600,4720,4370,4440,3826188,-0.027382256297918905
2022-07-15,4440,4545,4310,4425,2437280,-0.0033783783783783994
2022-07-18,4445,4575,4390,4510,2681947,0.019209039548022666
2022-07-19,4480,4500,4250,4360,2563664,-0.03325942350332589
2022-07-20,4425,4940,4410,4720,15554161,0.08256880733944949
2022-07-21,4720,5960,4635,5670,36586786,0.20127118644067798
2022-07-22,5500,5610,5290,5320,4646527,-0.06172839506172845
2022-07-25,5380,5460,5090,5120,3972179,-0.03759398496240607
2022-07-26,5140,5220,5020,5150,2593455,0.005859375
2022-07-27,5120,5180,5020,5070,1571723,-0.01553398058252431
2022-07-28,5160,5190,4990,5090,1782534,0.0039447731755424265
2022-07-29,5150,5880,4915,4935,17877220,-0.03045186640471509
2022-08-01,4990,5080,4745,4890,2687080,-0.00911854103343468
2022-08-02,4865,4975,4510,4720,3200716,-0.03476482617586907
2022-08-03,4690,5410,4625,5100,16967203,0.0805084745762712
2022-08-04,5130,5600,5080,5230,8415390,0.025490196078431282
2022-08-05,5240,5740,5050,5500,12871658,0.05162523900573612
2022-08-08,5450,5450,5040,5100,3522099,-0.07272727272727275
2022-08-09,5200,5350,5050,5090,5133846,-0.0019607843137254832
2022-08-10,5010,5150,4890,5150,2280332,0.011787819253438192
2022-08-11,5150,5170,5060,5110,1321866,-0.007766990291262155
2022-08-12,5100,5150,4950,4950,1067319,-0.03131115459882583
2022-08-16,4975,5070,4920,4960,917846,0.002020202020202033
2022-08-17,4925,4930,4680,4705,1500567,-0.05141129032258063
2022-08-18,4650,4770,4535,4770,1462079,0.01381509032943673
2022-08-19,4750,4780,4470,4480,1087927,-0.06079664570230603
2022-08-22,4350,5220,4350,4650,16041379,0.0379464285714286
2022-08-23,4485,4505,4280,4280,1827049,-0.0795698924731183
2022-08-24,4280,4385,4215,4335,1134955,0.012850467289719614
2022-08-25,4295,4455,4290,4375,988714,0.009227220299884653
2022-08-26,4420,4550,4300,4310,1430610,-0.014857142857142902
2022-08-29,4055,4160,3995,4130,1316842,-0.04176334106728541
2022-08-30,4185,4220,4040,4165,756186,0.008474576271186418
2022-08-31,4100,4445,4080,4280,2380344,0.027611044417767072
2022-09-01,4260,4270,4050,4075,865836,-0.04789719626168221
2022-09-02,4115,4245,4020,4075,1421583,0.0
2022-09-05,4055,4105,4000,4045,576079,-0.007361963190184007
2022-09-06,4045,4370,4020,4270,3106893,0.05562422744128548
2022-09-07,4280,4490,4205,4430,3101238,0.0374707259953162
2022-09-08,4490,4745,4430,4495,4001101,0.0146726862302482
2022-09-13,4610,4645,4220,4360,1991312,-0.030033370411568394
2022-09-14,4320,4445,4215,4280,2659092,-0.01834862385321101
2022-09-15,4310,4310,4100,4145,1143071,-0.031542056074766345
2022-09-16,4090,4125,3880,3880,1406024,-0.06393244873341375
2022-09-19,3885,3925,3695,3730,1159301,-0.03865979381443296
2022-09-20,3740,3880,3740,3770,836037,0.01072386058981234
2022-09-21,3690,3775,3610,3665,609823,-0.02785145888594165
2022-09-22,3580,3735,3540,3735,655582,0.019099590723056004
2022-09-23,3735,3735,3465,3590,933426,-0.038821954484605126
2022-09-26,3450,3500,3330,3365,875270,-0.06267409470752094
2022-09-27,3300,3600,3250,3505,1058910,0.0416047548291234
2022-09-28,3440,3450,3085,3400,1669923,-0.029957203994293913
2022-09-29,3390,3470,3140,3140,772886,-0.07647058823529407
2022-09-30,3060,3315,3030,3210,754557,0.022292993630573354
2022-10-04,3275,3395,3265,3380,549036,0.052959501557632294
2022-10-05,3450,3515,3220,3250,691985,-0.038461538461538436
2022-10-06,3320,3490,3290,3450,1038025,0.06153846153846154
2022-10-07,3590,3650,3385,3460,1340306,0.0028985507246377384
2022-10-11,3300,3325,3130,3185,770440,-0.07947976878612717
2022-10-12,3200,3275,3090,3235,562735,0.01569858712715866
2022-10-13,3200,3200,3000,3035,560781,-0.0618238021638331
2022-10-14,3110,3195,3095,3175,564609,0.04612850082372333
2022-10-17,3055,3230,3050,3210,317334,0.011023622047244164
2022-10-18,3330,3330,3230,3265,566394,0.017133956386292892
2022-10-19,3275,3575,3275,3335,3168168,0.0214395099540583
2022-10-20,3285,3360,3090,3130,754301,-0.06146926536731634
2022-10-21,3100,3170,3000,3020,495899,-0.03514376996805113
2022-10-24,3125,3455,3070,3230,2242968,0.06953642384105962
2022-10-25,3290,3315,3195,3240,562253,0.003095975232198178
2022-10-26,3255,3275,3075,3095,486810,-0.04475308641975306
2022-10-27,3085,3140,3050,3110,333967,0.004846526655896577
2022-10-28,3065,3115,2960,2995,614514,-0.036977491961414755
2022-10-31,3045,3140,2995,3080,589987,0.028380634390651194
2022-11-01,3040,3140,3035,3140,292013,0.01948051948051943
2022-11-02,3140,3140,3040,3060,272681,-0.02547770700636942
2022-11-03,2990,3110,2970,3075,459709,0.004901960784313708
2022-11-04,3160,3550,3160,3245,7311945,0.055284552845528356
2022-11-07,3345,3810,3320,3535,11739257,0.08936825885978439
2022-11-08,3550,3565,3435,3480,1381109,-0.01555869872701554
2022-11-09,3480,3530,3365,3490,1018625,0.002873563218390718
2022-11-10,3400,3490,3345,3400,948797,-0.025787965616045794
2022-11-11,3540,3560,3445,3485,1054059,0.02499999999999991
2022-11-14,3455,3535,3425,3430,919373,-0.015781922525107572
2022-11-15,3445,3580,3420,3520,880652,0.026239067055393583
2022-11-16,3575,3575,3420,3510,527745,-0.0028409090909090606
2022-11-17,3510,3575,3415,3435,604216,-0.021367521367521403
2022-11-18,3435,3475,3350,3350,542055,-0.024745269286754024
2022-11-21,3350,3575,3310,3515,1366834,0.04925373134328348
2022-11-22,3525,3800,3490,3715,3817333,0.056899004267425335
2022-11-23,3780,3825,3650,3700,1093856,-0.004037685060565233
2022-11-24,3795,4020,3675,3865,2983870,0.044594594594594694
2022-11-25,3900,3900,3715,3765,1342158,-0.02587322121604141
2022-11-28,3800,4095,3730,3890,3478184,0.033200531208499307
2022-11-29,3925,3930,3720,3805,904659,-0.02185089974293064
2022-11-30,3830,3905,3760,3805,618687,0.0
2022-12-01,3890,4160,3840,4100,2452756,0.07752956636005259
2022-12-02,4140,4510,4085,4295,5064532,0.04756097560975614
2022-12-05,4275,4280,3870,3900,3794226,-0.09196740395809078
2022-12-06,3900,4185,3785,3790,5548521,-0.028205128205128216
2022-12-07,3725,3765,3635,3655,817215,-0.03562005277044855
2022-12-08,3585,3645,3405,3465,1401524,-0.051983584131326976
2022-12-09,3525,3555,3325,3390,826416,-0.02164502164502169
2022-12-12,3335,3415,3295,3300,479761,-0.026548672566371723
2022-12-13,3340,3375,3210,3210,593505,-0.027272727272727226
2022-12-14,3230,3405,3225,3345,824688,0.0420560747663552
2022-12-15,3300,3375,3265,3320,320838,-0.007473841554558991
2022-12-16,3230,3280,3160,3175,437297,-0.04367469879518071
2022-12-19,3150,3275,3135,3235,223053,0.018897637795275646
2022-12-20,3255,3280,3095,3130,302931,-0.03245749613601234
2022-12-21,3170,3185,3080,3090,336280,-0.012779552715655007
2022-12-22,3115,3185,3115,3150,196483,0.01941747572815533
2022-12-23,3090,3100,3010,3030,379304,-0.03809523809523807
2022-12-26,3030,3275,3030,3235,852952,0.06765676567656764
2022-12-27,3240,3380,3240,3310,963709,0.023183925811437467
2022-12-28,3370,3475,3305,3320,670004,0.0030211480362538623
2022-12-29,3435,3440,3295,3365,854420,0.013554216867469826
2023-01-02,3360,3450,3060,3060,665407,-0.09063893016344726
2023-01-03,3020,3140,3000,3100,426549,0.013071895424836555
2023-01-04,3050,3190,3050,3170,435607,0.022580645161290214
2023-01-05,3200,3220,3075,3100,368774,-0.02208201892744477
2023-01-06,3050,3175,3050,3155,418962,0.01774193548387104
2023-01-09,3175,3215,3135,3175,382844,0.006339144215530945
2023-01-10,3220,3275,3150,3150,394795,-0.007874015748031482
2023-01-11,3180,3280,3180,3250,342047,0.031746031746031855
2023-01-12,3295,3295,3205,3250,262180,0.0
2023-01-13,3270,3380,3245,3250,914166,0.0
2023-01-16,3260,3285,3200,3275,268495,0.007692307692307665
2023-01-17,3260,3345,3200,3265,520686,-0.003053435114503844
2023-01-18,3330,3390,3200,3215,671244,-0.015313935681470103
2023-01-19,3175,3180,3100,3145,550569,-0.021772939346811793
2023-01-20,3265,3570,3185,3185,5796607,0.012718600953895098
2023-01-25,3230,3245,3170,3170,707351,-0.004709576138147598
2023-01-26,3170,3195,3100,3100,715626,-0.02208201892744477
2023-01-27,3120,3160,3100,3110,472145,0.003225806451612856
2023-01-30,3140,3170,3105,3125,383555,0.004823151125401992
2023-01-31,3130,3135,3085,3100,279864,-0.008000000000000007
2023-02-01,3130,3205,3115,3200,491862,0.032258064516129004
2023-02-02,3350,3420,3220,3245,2489172,0.014062500000000089
2023-02-03,3285,3410,3275,3340,2123753,0.02927580893682591
2023-02-06,3330,3330,3225,3230,633593,-0.03293413173652693
2023-02-07,3215,3290,3205,3290,496048,0.018575851393188847
2023-02-08,3300,3325,3270,3285,421184,-0.001519756838905817
2023-02-09,3265,3280,3150,3165,561815,-0.0365296803652968
2023-02-10,3150,3150,3045,3080,596473,-0.026856240126382325
2023-02-13,3060,3130,3060,3120,173741,0.01298701298701288
2023-02-14,3105,3140,3100,3100,313393,-0.0064102564102563875
2023-02-15,3095,3125,3020,3045,334406,-0.01774193548387093
2023-02-16,3100,3150,3075,3115,229803,0.02298850574712641
2023-02-17,3085,3105,3060,3080,137378,-0.011235955056179803
2023-02-20,3100,3110,3055,3080,146903,0.0
2023-02-21,3100,3150,3070,3115,164050,0.011363636363636465
2023-02-22,3045,3085,3035,3050,194570,-0.020866773675762396
2023-02-23,3060,3085,3050,3055,149919,0.0016393442622950616
2023-02-24,3090,3095,2980,3020,366836,-0.011456628477905073
2023-02-27,3040,3040,2935,2950,287038,-0.023178807947019875
2023-02-28,2950,3075,2950,3010,276289,0.02033898305084736
2023-03-02,2985,3010,2960,2965,202949,-0.014950166112956853
2023-03-03,2985,3075,2980,3020,204200,0.018549747048903775
2023-03-06,3025,3055,2995,3040,209462,0.0066225165562914245
2023-03-07,3010,3060,2995,3010,132815,-0.009868421052631526
2023-03-08,2970,3005,2960,3005,133764,-0.0016611295681062677
2023-03-09,3030,3030,2860,2865,421315,-0.04658901830282858
2023-03-10,2860,2885,2740,2775,282779,-0.03141361256544506
2023-03-13,2710,2795,2700,2760,158573,-0.00540540540540535
2023-03-14,2745,2785,2650,2650,171837,-0.03985507246376807
2023-03-15,2675,2755,2670,2715,200546,0.02452830188679256
2023-03-16,2645,2705,2595,2685,168340,-0.011049723756906049
2023-03-17,2705,2815,2705,2790,168159,0.03910614525139655
2023-03-20,2750,2850,2750,2790,81317,0.0
2023-03-21,2800,2845,2785,2790,80172,0.0
2023-03-22,2780,2985,2755,2985,835706,0.06989247311827951
2023-03-23,2890,2930,2860,2910,350419,-0.025125628140703515
2023-03-24,2910,2950,2860,2915,154333,0.0017182130584192379
2023-03-27,2910,2945,2860,2915,149516,0.0
2023-03-28,2910,3170,2900,3030,2360077,0.039451114922812947
2023-03-29,3000,3050,2970,3005,302839,-0.008250825082508295
2023-03-30,3005,3105,2995,3085,533333,0.0266222961730449
2023-03-31,3095,3095,2975,3000,371531,-0.027552674230145846
2023-04-03,3010,3095,3000,3075,366058,0.02499999999999991
2023-04-04,3075,3125,3030,3050,234777,-0.008130081300813052
2023-04-05,3150,3175,3090,3100,455667,0.016393442622950838
2023-04-06,3120,3130,3010,3055,227691,-0.014516129032258074
2023-04-07,3045,3090,3005,3080,145476,0.008183306055646433
2023-04-10,3080,3095,2940,2975,239240,-0.03409090909090906
2023-04-11,2945,3015,2940,2995,152642,0.006722689075630228
2023-04-12,3045,3110,3040,3065,312102,0.023372287145241977
2023-04-13,3050,3100,3025,3095,186169,0.00978792822185981
2023-04-14,3100,3120,3040,3080,156833,-0.004846526655896577
2023-04-17,3080,3105,3030,3050,123996,-0.009740259740259716
2023-04-18,3045,3060,2975,2990,229220,-0.01967213114754096
2023-04-19,2990,3045,2990,2990,134129,0.0
2023-04-20,3015,3020,2895,2940,223047,-0.01672240802675584
2023-04-21,2910,2935,2805,2830,154903,-0.0374149659863946
2023-04-24,2830,2975,2800,2945,169623,0.04063604240282692
2023-04-25,2910,2975,2860,2935,179861,-0.00339558573853993
2023-04-26,2910,3085,2890,2990,256912,0.01873935264054505
2023-04-27,2970,2990,2875,2895,147786,-0.0317725752508361
2023-04-28,2905,2985,2835,2955,243893,0.020725388601036343
2023-05-02,2935,3145,2935,3130,489938,0.05922165820642977
2023-05-03,3135,3265,3115,3225,641211,0.030351437699680517
2023-05-04,3220,3245,3150,3210,180425,-0.0046511627906976605
2023-05-08,3250,3385,3160,3300,840172,0.028037383177569986
2023-05-09,3240,3300,3195,3275,200750,-0.007575757575757569
2023-05-10,3275,3275,3195,3240,128808,-0.010687022900763399
2023-05-11,3230,3295,3230,3255,130118,0.004629629629629539
2023-05-12,3260,3575,3210,3505,1921273,0.0768049155145929
2023-05-15,3580,3595,3250,3350,1048928,-0.0442225392296719
2023-05-16,3345,3355,3190,3240,472535,-0.032835820895522394
2023-05-17,3230,3385,3170,3345,299234,0.03240740740740744
2023-05-18,3380,3565,3380,3470,883011,0.03736920777279518
2023-05-19,3430,3560,3350,3395,321488,-0.021613832853025983
2023-05-22,3395,3400,3310,3325,148538,-0.020618556701030966
2023-05-23,3325,3380,3290,3320,222728,-0.0015037593984962294
2023-05-24,3320,3330,3200,3250,270456,-0.02108433734939763
2023-05-25,3230,3270,3190,3190,124616,-0.018461538461538418
2023-05-26,3190,3200,3100,3150,258032,-0.01253918495297801
2023-05-30,3150,3220,3130,3220,109371,0.022222222222222143
2023-05-31,3235,3415,3160,3400,410826,0.05590062111801242
2023-06-01,3385,3430,3310,3375,306230,-0.007352941176470562
2023-06-02,3400,3410,3150,3180,599748,-0.05777777777777782
2023-06-05,3240,3420,3180,3335,592575,0.04874213836477992
2023-06-07,3360,3370,3060,3080,1064403,-0.07646176911544222
2023-06-08,3080,3085,2970,3005,316109,-0.024350649350649345
2023-06-09,3015,3090,3000,3005,188985,0.0
2023-06-12,3030,3040,2970,3005,271536,0.0
2023-06-13,3015,3070,3005,3040,165544,0.011647254575707144
2023-06-14,3040,3060,2905,2915,333132,-0.041118421052631526
2023-06-15,2930,2965,2900,2925,107220,0.0034305317324185847
2023-06-16,2925,2960,2915,2925,81931,0.0
2023-06-19,2925,2955,2880,2925,45729,0.0
2023-06-20,2895,2970,2885,2925,150376,0.0
2023-06-21,2925,2955,2905,2935,76397,0.0034188034188034067
2023-06-22,2930,2950,2895,2930,132696,-0.0017035775127768327
2023-06-23,2920,2950,2900,2920,47388,-0.0034129692832765013
2023-06-26,2920,2920,2880,2885,78798,-0.011986301369863006
2023-06-27,2850,2875,2775,2775,238559,-0.03812824956672445
2023-06-28,2810,2910,2800,2835,105446,0.021621621621621623
2023-06-29,2850,2855,2690,2775,126696,-0.021164021164021163
2023-06-30,2795,2820,2765,2790,55583,0.00540540540540535
2023-07-03,2780,2865,2780,2825,65930,0.012544802867383575
2023-07-04,2830,2870,2795,2815,65322,-0.0035398230088495852
2023-07-05,2820,2835,2770,2790,91510,-0.008880994671403242
2023-07-06,2770,2800,2670,2675,201455,-0.04121863799283154
2023-07-07,2720,2720,2580,2595,114423,-0.029906542056074792
2023-07-10,2540,2630,2540,2560,138662,-0.013487475915221592
2023-07-11,2600,2660,2580,2620,86655,0.0234375
2023-07-12,2625,2635,2585,2590,57947,-0.011450381679389277
2023-07-13,2595,2670,2590,2600,103379,0.0038610038610038533
2023-07-14,2630,2630,2580,2620,80490,0.007692307692307665
2023-07-17,2650,2650,2565,2600,78817,-0.007633587786259555
2023-07-18,2615,2625,2555,2555,110859,-0.017307692307692357
2023-07-19,2555,2570,2465,2505,137934,-0.019569471624266144
2023-07-20,2510,2545,2455,2505,88518,0.0
2023-07-21,2505,2505,2435,2475,80224,-0.0119760479041916
2023-07-24,2470,2470,2380,2395,137626,-0.03232323232323231
2023-07-25,2385,2480,2330,2400,233002,0.0020876826722338038
2023-07-26,2400,2550,2250,2255,398166,-0.060416666666666674
2023-07-27,2245,2365,2245,2295,83254,0.017738359201773912
2023-07-28,2295,2395,2290,2385,160022,0.03921568627450989
2023-07-31,2360,2420,2350,2400,38929,0.0062893081761006275
2023-08-01,2385,2450,2360,2435,51045,0.014583333333333393
2023-08-02,2410,2450,2360,2375,59391,-0.024640657084188944
2023-08-03,2375,2375,2280,2360,63136,-0.0063157894736841635
2023-08-04,2325,2440,2325,2440,92790,0.03389830508474567
2023-08-07,2425,2440,2355,2360,76183,-0.032786885245901676
2023-08-08,2330,2365,2280,2290,109959,-0.029661016949152574
2023-08-09,2270,2325,2250,2305,399197,0.0065502183406114245
2023-08-10,2385,2460,2220,2415,340914,0.04772234273318876
2023-08-11,2420,2470,2390,2405,70382,-0.0041407867494823725
2023-08-14,2410,2415,2325,2385,125446,-0.008316008316008316
2023-08-16,2430,2430,2270,2290,111685,-0.03983228511530401
2023-08-17,2290,2290,2230,2280,83631,-0.004366812227074246
2023-08-18,2215,2300,2215,2290,43917,0.004385964912280604
2023-08-21,2290,2315,2270,2300,34031,0.004366812227074135
2023-08-22,2305,2310,2255,2275,47373,-0.010869565217391353
2023-08-23,2285,2290,2245,2280,51090,0.00219780219780219
2023-08-24,2280,2305,2255,2290,19789,0.004385964912280604
2023-08-25,2255,2295,2250,2285,28804,-0.0021834061135370675
2023-08-28,2285,2400,2280,2350,68255,0.02844638949671774
2023-08-29,2360,2385,2320,2350,37448,0.0
2023-08-30,2360,2375,2340,2370,33521,0.008510638297872353
2023-08-31,2360,2380,2320,2345,50904,-0.010548523206751037
2023-09-01,2350,2350,2275,2300,61608,-0.019189765458422214
2023-09-04,2305,2305,2265,2295,17444,-0.0021739130434782483
2023-09-05,2255,2295,2255,2280,51752,-0.006535947712418277
2023-09-06,2300,2435,2260,2305,183340,0.010964912280701844
2023-09-07,2310,2360,2310,2335,55960,0.013015184381778733
2023-09-08,2355,2360,2300,2350,51817,0.0064239828693790635
2023-09-11,2360,2380,2300,2365,46848,0.006382978723404209
2023-09-12,2365,2375,2325,2340,43736,-0.010570824524312905
2023-09-13,2310,2380,2310,2375,39029,0.014957264957264904
2023-09-14,2350,2390,2345,2385,36272,0.004210526315789442
2023-09-15,2390,2400,2370,2380,29362,-0.002096436058700246
2023-09-18,2365,2455,2365,2420,62118,0.01680672268907557
2023-09-19,2410,2450,2370,2395,60080,-0.010330578512396715
2023-09-20,2395,2450,2350,2380,40923,-0.006263048016701411
2023-09-21,2425,2425,2320,2340,77996,-0.01680672268907568
2023-09-22,2345,2345,2220,2275,70528,-0.02777777777777779
2023-09-25,2240,2295,2220,2250,87637,-0.01098901098901095
2023-09-26,2205,2220,2055,2070,330640,-0.07999999999999996
2023-09-27,2015,2090,2010,2070,93069,0.0
2023-10-04,2030,2090,2010,2060,57391,-0.004830917874396157
2023-10-05,2035,2060,1980,2005,138210,-0.02669902912621358
2023-10-06,1979,2030,1871,2020,43939,0.007481296758104827
2023-10-10,1981,2035,1957,1990,69192,-0.014851485148514865
2023-10-11,1990,2035,1990,2025,102921,0.017587939698492372
2023-10-12,2015,2100,2000,2090,104594,0.032098765432098775
2023-10-13,2100,2110,2035,2070,44364,-0.009569377990430672
2023-10-16,2080,2080,1976,2015,62872,-0.02657004830917875
2023-10-17,2035,2045,2000,2025,36209,0.00496277915632759
2023-10-18,2035,2045,1996,2010,22962,-0.007407407407407418
2023-10-19,1988,2010,1910,1995,52455,-0.007462686567164201
2023-10-20,1949,1998,1903,1992,36451,-0.0015037593984962294
2023-10-23,1999,2030,1943,2015,80950,0.011546184738955745
2023-10-24,1995,2090,1955,2030,89135,0.007444168734491274
2023-10-25,2055,2070,2015,2065,37633,0.01724137931034475
2023-10-26,2045,2075,2000,2060,50943,-0.002421307506053294
2023-10-27,2050,2075,2010,2075,33724,0.00728155339805836
2023-10-30,2055,2090,2050,2080,21438,0.002409638554216942
2023-10-31,2070,2100,2000,2075,30059,-0.0024038461538461453
2023-11-01,2075,2090,2045,2075,30394,0.0
2023-11-02,2070,2130,2050,2115,49086,0.01927710843373487
2023-11-03,2115,2220,2115,2220,114046,0.049645390070921946
2023-11-06,2230,2265,2195,2245,38863,0.011261261261261257
2023-11-07,2225,2250,2190,2235,36363,-0.0044543429844098315
2023-11-08,2225,2315,2225,2300,66015,0.029082774049216997
2023-11-09,2280,2390,2265,2295,134995,-0.0021739130434782483
2023-11-10,2295,2300,2215,2300,33086,0.002178649237472685
2023-11-13,2280,2300,2200,2200,52333,-0.04347826086956519
2023-11-14,2165,2250,2155,2250,22625,0.022727272727272707
2023-11-15,2250,2370,2245,2350,103435,0.04444444444444451
2023-11-16,2355,2380,2315,2380,33014,0.012765957446808418
2023-11-17,2355,2375,2305,2315,27860,-0.027310924369747913
2023-11-20,2320,2355,2295,2335,34567,0.008639308855291628
2023-11-21,2335,2360,2315,2315,14691,-0.008565310492505307
2023-11-22,2315,2340,2260,2315,20138,0.0
2023-11-23,2320,2365,2275,2330,56425,0.00647948164146861
2023-11-24,2335,2450,2305,2400,80988,0.030042918454935563
2023-11-27,2405,2440,2340,2340,42064,-0.025000000000000022
2023-11-28,2340,2345,2255,2255,33055,-0.03632478632478631
2023-11-29,2255,2285,2210,2220,41015,-0.01552106430155209
2023-11-30,2225,2250,2195,2205,34519,-0.006756756756756799
2023-12-01,2210,2225,2160,2200,35150,-0.0022675736961451642
2023-12-04,2200,2200,2150,2175,34690,-0.011363636363636354
2023-12-05,2140,2190,2140,2150,9337,-0.011494252873563204
2023-12-06,2130,2165,2105,2150,51988,0.0
2023-12-07,2150,2165,2110,2145,13126,-0.0023255813953488857
2023-12-08,2145,2215,2120,2165,17915,0.00932400932400923
2023-12-11,2140,2225,2140,2225,43261,0.02771362586605086
2023-12-12,2230,2275,2200,2230,30742,0.0022471910112360494
2023-12-13,2225,2230,2145,2185,32691,-0.020179372197309364
2023-12-14,2185,2215,2140,2180,26573,-0.0022883295194507935
2023-12-15,2160,2180,2115,2120,52408,-0.02752293577981646
2023-12-18,2120,2145,2100,2135,36214,0.007075471698113178
2023-12-19,2145,2205,2145,2195,46768,0.02810304449648715
2023-12-20,2190,2200,2155,2200,47424,0.002277904328018332
2023-12-21,2195,2215,2150,2205,32075,0.002272727272727204
2023-12-22,2205,2220,2160,2205,24454,0.0
2023-12-26,2205,2205,2135,2190,33385,-0.006802721088435382
2023-12-27,2195,2200,2105,2200,37841,0.004566210045662045
2023-12-28,2160,2205,2150,2185,33875,-0.006818181818181834
2024-01-02,2185,2200,2165,2195,25171,0.004576659038901587
2024-01-03,2195,2210,2165,2195,18981,0.0
2024-01-04,2195,2195,2130,2150,45391,-0.02050113895216399
2024-01-05,2145,2175,2120,2150,28351,0.0
2024-01-08,2145,2175,2135,2175,26434,0.011627906976744207
2024-01-09,2190,2200,2145,2200,34706,0.011494252873563315
2024-01-10,2200,2710,2175,2340,8972294,0.06363636363636371
2024-01-11,2390,2625,2325,2375,2097211,0.014957264957264904
2024-01-12,2400,2405,2300,2330,299149,-0.0189473684210526
2024-01-15,2330,2330,2240,2280,284446,-0.02145922746781115
2024-01-16,2255,2360,2255,2290,260219,0.004385964912280604
2024-01-17,2290,2480,2285,2360,716199,0.03056768558951961
2024-01-18,2375,2470,2310,2370,537210,0.004237288135593209
2024-01-19,2380,2470,2380,2440,274665,0.029535864978903037
2024-01-22,2480,2515,2335,2350,293001,-0.03688524590163933
2024-01-23,2325,2390,2300,2315,184054,-0.014893617021276562
2024-01-24,2315,2330,2205,2275,291646,-0.017278617710583144
2024-01-25,2270,2350,2235,2335,137138,0.02637362637362628
2024-01-26,2325,2655,2295,2520,4021733,0.07922912205567445
2024-01-29,2495,2595,2435,2505,1055912,-0.005952380952380931
2024-01-30,2520,2565,2420,2440,417244,-0.02594810379241519
2024-01-31,2440,2470,2330,2345,231141,-0.03893442622950816
2024-02-01,2345,2350,2260,2320,199104,-0.010660980810234588
2024-02-02,2320,2370,2255,2270,231042,-0.02155172413793105
2024-02-05,2270,2320,2245,2310,148175,0.017621145374449254
2024-02-06,2290,2310,2175,2200,265167,-0.04761904761904767
2024-02-07,2205,2225,1971,2030,1012542,-0.07727272727272727
2024-02-08,2030,2045,1993,2025,185757,-0.0024630541871921707
2024-02-13,2025,2085,2025,2070,119576,0.022222222222222143
2024-02-14,2070,2075,2025,2065,98503,-0.0024154589371980784
2024-02-15,2065,2105,2045,2100,124484,0.016949152542372836
2024-02-16,2105,2110,2050,2090,81968,-0.004761904761904745
2024-02-19,2100,2150,2095,2130,87196,0.019138755980861344
2024-02-20,2140,2140,2095,2115,103684,-0.007042253521126751
2024-02-21,2095,2135,2075,2105,55562,-0.004728132387706863
2024-02-22,2105,2735,2080,2735,9462003,0.2992874109263659
2024-02-23,2735,2930,2535,2645,11913408,-0.03290676416819016
2024-02-26,2640,2785,2490,2500,2848478,-0.05482041587901698
2024-02-27,2460,2545,2325,2370,1559829,-0.052000000000000046
2024-02-28,2355,2450,2325,2450,761440,0.03375527426160341
2024-02-29,2395,2440,2290,2310,614451,-0.05714285714285716
2024-03-04,2290,2370,2285,2315,330628,0.0021645021645022577
2024-03-05,2290,2320,2245,2270,319419,-0.01943844492440605
2024-03-06,2240,2290,2220,2275,208799,0.0022026431718060735
2024-03-07,2275,2280,2150,2175,371915,-0.04395604395604391
2024-03-08,2175,2245,2175,2200,183329,0.011494252873563315
2024-03-11,2200,2225,2160,2225,118073,0.011363636363636465
2024-03-12,2230,2230,2150,2165,200959,-0.026966292134831482
2024-03-13,2160,2185,2145,2170,117606,0.002309468822170979
2024-03-14,2175,2190,2150,2175,84309,0.0023041474654377225
2024-03-15,2165,2210,2140,2210,123305,0.016091954022988464
2024-03-18,2210,2265,2205,2225,109878,0.006787330316742057
2024-03-19,2225,2265,2200,2230,175388,0.0022471910112360494
2024-03-20,2235,2270,2220,2240,118111,0.004484304932735439
2024-03-21,2240,2285,2200,2230,177596,-0.004464285714285698
2024-03-22,2210,2260,2195,2240,152887,0.004484304932735439
2024-03-25,2245,2265,2215,2245,91355,0.0022321428571427937
2024-03-26,2250,2255,2150,2180,231200,-0.028953229398663738
2024-03-27,2185,2225,2155,2195,143057,0.006880733944954143
2024-03-28,2170,2200,2110,2115,203928,-0.036446469248291535
2024-03-29,2120,2140,2095,2135,135353,0.009456264775413725
2024-04-01,2135,2155,2100,2125,137324,-0.004683840749414525
2024-04-02,2110,2300,2055,2065,397014,-0.028235294117647025
2024-04-03,2080,2110,2025,2065,145966,0.0
2024-04-04,2065,2085,2010,2040,106841,-0.01210653753026636
2024-04-05,2025,2050,1989,2025,181388,-0.007352941176470562
2024-04-08,2055,2055,2000,2020,90346,-0.0024691358024691024
2024-04-09,2015,2020,1998,2020,114554,0.0
2024-04-11,1981,2030,1981,2025,85326,0.0024752475247524774
2024-04-12,2020,2040,1993,2010,135517,-0.007407407407407418
2024-04-15,1998,1999,1956,1995,170272,-0.007462686567164201
2024-04-16,1994,1994,1930,1969,168048,-0.013032581453634062
2024-04-17,1954,1976,1940,1962,74973,-0.003555104113763363
2024-04-18,1962,1985,1948,1985,52536,0.011722731906218087
2024-04-19,1985,1986,1939,1964,115699,-0.010579345088161163
2024-04-22,1964,1975,1951,1968,35923,0.0020366598778003286
2024-04-23,1968,1987,1954,1961,60075,-0.0035569105691056757
2024-04-24,1961,2025,1954,1990,53585,0.014788373278939337
2024-04-25,1990,2000,1972,1990,33359,0.0
2024-04-26,1984,2000,1967,2000,31927,0.005025125628140614
2024-04-29,2010,2040,1998,2030,65531,0.014999999999999902
2024-04-30,2030,2110,2020,2060,91564,0.014778325123152802
2024-05-02,2055,2085,2040,2085,53892,0.012135922330097193
2024-05-03,2080,2080,2040,2070,40112,-0.007194244604316502
2024-05-07,2070,2100,2035,2080,50625,0.004830917874396157
2024-05-08,2080,2080,2020,2045,66301,-0.016826923076923128
2024-05-09,2060,2060,1995,2005,117954,-0.019559902200488977
2024-05-10,2005,2050,1999,2045,78564,0.01995012468827939
2024-05-13,2055,2115,2050,2080,91672,0.017114914425427896
2024-05-14,2075,2180,2070,2115,242007,0.016826923076923128
2024-05-16,2125,2175,2090,2110,200797,-0.0023640661938534313
2024-05-17,2110,2110,2035,2100,139005,-0.004739336492891044
2024-05-20,2075,2115,2055,2075,70226,-0.011904761904761862
2024-05-21,2050,2080,2035,2050,77777,-0.012048192771084376
2024-05-22,2050,2105,2035,2060,103256,0.004878048780487809
2024-05-23,2070,2100,2030,2085,53129,0.012135922330097193
2024-05-24,2045,2085,2040,2055,30299,-0.014388489208633115
2024-05-27,2095,2095,2055,2055,97900,0.0
2024-05-28,2035,2100,2035,2045,36225,-0.0048661800486617945
2024-05-29,2060,2070,1961,2000,95031,-0.022004889975550168
2024-05-30,1998,2010,1981,2010,52770,0.004999999999999893
2024-05-31,1991,2060,1991,2060,53739,0.02487562189054726
2024-06-03,2075,2110,2040,2060,40681,0.0
2024-06-04,2035,2060,2015,2030,27953,-0.014563106796116498
2024-06-05,2045,2045,1991,2010,52304,-0.009852216748768461
2024-06-07,2005,2025,1998,2010,35576,0.0
2024-06-10,1993,2025,1992,2015,35309,0.0024875621890547706
2024-06-11,1999,2030,1999,2015,21344,0.0
2024-06-12,1996,2025,1991,2015,32029,0.0
2024-06-13,2015,2025,1996,1996,51220,-0.009429280397022288
2024-06-14,2010,2025,1994,2005,48402,0.0045090180360720655
2024-06-17,2005,2010,1991,1991,33731,-0.006982543640897787
2024-06-18,1993,2010,1960,1990,67305,-0.0005022601707684871
2024-06-19,1972,1990,1955,1985,49322,-0.002512562814070307
2024-06-20,1985,1986,1960,1975,33317,-0.005037783375314908
2024-06-21,1971,1980,1960,1975,24522,0.0
2024-06-24,1981,1982,1960,1975,33983,0.0
2024-06-25,1974,1978,1951,1962,41650,-0.006582278481012671
2024-06-26,1955,1971,1951,1967,17287,0.0025484199796126372
2024-06-27,1967,2315,1959,1962,4665152,-0.002541942043721379
2024-06-28,1964,1981,1906,1925,269401,-0.01885830784913356
2024-07-01,1925,1935,1910,1927,79667,0.0010389610389609505
2024-07-02,1927,1927,1877,1890,146379,-0.019200830306175365
2024-07-03,1890,1899,1864,1875,89747,-0.007936507936507908
2024-07-04,1865,1875,1845,1870,57021,-0.002666666666666706
2024-07-05,1870,1874,1842,1869,53413,-0.0005347593582887278
2024-07-08,1874,1874,1846,1863,33197,-0.0032102728731941976
2024-07-09,1874,1874,1835,1860,72670,-0.0016103059581320522
2024-07-10,1859,1860,1830,1860,31928,0.0
2024-07-11,1845,1928,1845,1900,63008,0.021505376344086002
2024-07-12,1900,1900,1862,1879,26924,-0.011052631578947314
2024-07-15,1878,1889,1870,1886,21441,0.0037253858435337683
2024-07-16,1886,1886,1871,1886,41211,0.0
2024-07-17,1876,1894,1871,1889,55367,0.0015906680805939377
2024-07-18,1878,1886,1862,1885,45155,-0.002117522498676583
2024-07-19,1885,1887,1863,1879,25001,-0.0031830238726789917
2024-07-22,1879,1886,1848,1886,49750,0.0037253858435337683
2024-07-23,1873,1894,1852,1882,38067,-0.0021208907741251393
2024-07-24,1882,1888,1865,1881,40031,-0.0005313496280552332
2024-07-25,1881,1888,1860,1874,54984,-0.0037214247740563478
2024-07-26,1854,1890,1854,1890,47910,0.008537886872998834
2024-07-29,1890,1893,1862,1890,35784,0.0
2024-07-30,1882,1894,1855,1886,36009,-0.002116402116402072
2024-07-31,1867,1886,1854,1884,43579,-0.0010604453870625141
2024-08-01,1866,1884,1860,1884,15885,0.0
2024-08-02,1861,1876,1830,1875,113367,-0.004777070063694322
2024-08-05,1853,1853,1607,1730,186077,-0.07733333333333337
2024-08-06,1635,1782,1626,1782,498869,0.03005780346820819
2024-08-07,1764,1781,1754,1767,30801,-0.008417508417508435
2024-08-08,1760,1775,1733,1775,128640,0.004527447651386574
2024-08-09,1770,1799,1770,1799,27915,0.013521126760563273
2024-08-12,1800,1800,1783,1799,17978,0.0
2024-08-13,1799,1810,1766,1799,56788,0.0
2024-08-14,1796,1854,1796,1843,54525,0.02445803224013332
2024-08-16,1845,1890,1842,1868,87137,0.013564839934888662
2024-08-19,1863,1863,1805,1821,44853,-0.025160599571734443
2024-08-20,1803,1850,1802,1850,34537,0.015925315760571213
2024-08-21,1849,1849,1818,1840,16585,-0.00540540540540535
2024-08-22,1835,1864,1815,1839,23172,-0.0005434782608695343
2024-08-23,1839,1844,1799,1829,52442,-0.0054377379010331905
2024-08-26,1839,1843,1802,1837,16374,0.004373974849644524
2024-08-27,1823,1823,1783,1823,27523,-0.007621121393576513
2024-08-28,1803,1811,1786,1807,26279,-0.008776741634668128
2024-08-29,1788,1798,1760,1798,35672,-0.004980630879911407
2024-08-30,1785,1803,1741,1785,30991,-0.007230255839822064
2024-09-02,1785,1792,1741,1783,23091,-0.0011204481792717047
2024-09-03,1760,1780,1653,1764,75316,-0.010656197420078506
2024-09-04,1726,1730,1700,1724,39986,-0.0226757369614512
2024-09-05,1710,1735,1692,1727,44272,0.0017401392111369152
2024-09-06,1711,1735,1660,1720,34952,-0.004053271569195105
2024-09-09,1651,1707,1636,1693,132167,-0.0156976744186047
2024-09-10,1691,1699,1661,1688,16698,-0.002953337271116352
2024-09-11,1658,1680,1642,1668,24646,-0.011848341232227444
2024-09-12,1668,1690,1655,1687,26067,0.011390887290167795
2024-09-13,1695,1703,1658,1694,44185,0.004149377593360981
2024-09-19,1685,1705,1660,1705,37373,0.006493506493506551
2024-09-20,1705,1715,1698,1703,18366,-0.001173020527859281
2024-09-23,1700,1710,1665,1703,19480,0.0
2024-09-24,1712,1712,1672,1702,20640,-0.0005871990604815469
2024-09-25,1701,1725,1689,1721,53411,0.011163337250293726
2024-09-26,1737,1747,1720,1745,32306,0.01394538059267858
2024-09-27,1747,1921,1744,1830,346903,0.04871060171919761
2024-09-30,1848,1848,1788,1803,49526,-0.014754098360655776
2024-10-02,1800,1800,1717,1760,61268,-0.023849140321686058
2024-10-04,1759,1780,1735,1779,31974,0.010795454545454497
2024-10-07,1779,1796,1762,1795,16549,0.008993816750983763
2024-10-08,1796,1796,1772,1791,8323,-0.0022284122562674646
2024-10-10,1786,1801,1772,1794,5942,0.0016750418760469454
2024-10-11,1794,1802,1777,1791,13709,-0.0016722408026755842
2024-10-14,1773,1788,1756,1769,16528,-0.012283640424343933
2024-10-15,1769,1900,1741,1790,129288,0.011871113623516116
2024-10-16,1725,1775,1719,1734,98278,-0.031284916201117285
2024-10-17,1723,1764,1709,1725,51774,-0.00519031141868509
2024-10-18,1715,1740,1711,1738,28845,0.007536231884057942
2024-10-21,1738,1740,1712,1739,8927,0.0005753739930955959
2024-10-22,1738,1738,1696,1720,952114,-0.010925819436457762
2024-10-23,1636,1683,1635,1674,201292,-0.02674418604651163
2024-10-24,1664,1721,1654,1691,41874,0.010155316606929476
2024-10-25,1691,1705,1666,1688,36846,-0.0017740981667652145
2024-10-28,1688,1688,1651,1682,17596,-0.0035545023696682554
2024-10-29,1682,1692,1672,1673,3496,-0.005350772889417321
2024-10-30,1660,1685,1652,1672,22260,-0.000597728631201444
2024-10-31,1661,1684,1636,1683,33752,0.006578947368421018
2024-11-01,1666,1690,1649,1688,35554,0.002970885323826611
2024-11-04,1668,1692,1658,1688,25846,0.0
2024-11-05,1688,1709,1681,1694,7957,0.0035545023696681444
2024-11-06,1684,1705,1683,1693,6841,-0.0005903187721369996
2024-11-07,1680,1702,1654,1690,12518,-0.0017720023626698334
2024-11-08,1670,1700,1667,1691,22836,0.0005917159763313418
2024-11-11,1670,1698,1630,1663,45742,-0.016558249556475446
2024-11-12,1646,1669,1613,1627,23953,-0.021647624774503882
2024-11-13,1597,1623,1544,1611,91815,-0.009834050399508243
2024-11-14,1611,1620,1560,1583,27141,-0.017380509000620714
2024-11-15,1567,1584,1540,1573,14043,-0.006317119393556503
2024-11-18,1573,1590,1565,1575,14637,0.0012714558169104606
2024-11-19,1582,1582,1555,1574,8599,-0.0006349206349206549
2024-11-20,1574,1582,1568,1574,10048,0.0
2024-11-21,1570,1579,1520,1540,54495,-0.021601016518424387
2024-11-22,1540,1559,1501,1542,141904,0.0012987012987013546
2024-11-25,1542,1560,1511,1531,123004,-0.007133592736705552
2024-11-26,1521,1535,1512,1533,26844,0.001306335728282093
2024-11-27,1518,1531,1506,1530,21299,-0.00195694716242667
2024-11-28,1533,1533,1505,1525,33980,-0.0032679738562091387
2024-11-29,1517,1533,1509,1527,21524,0.0013114754098360049
2024-12-02,1523,1656,1519,1540,133505,0.008513425016371867
2024-12-03,1540,1547,1513,1539,50706,-0.0006493506493506773
2024-12-04,1508,1534,1490,1505,85403,-0.022092267706302793
2024-12-05,1505,1506,1486,1501,23411,-0.0026578073089701393
2024-12-06,1478,1501,1452,1456,51545,-0.029980013324450328
2024-12-09,1456,1456,1361,1396,122320,-0.04120879120879117
2024-12-10,1370,1439,1367,1433,38737,0.026504297994269344
2024-12-11,1432,1463,1425,1463,42777,0.020935101186322358
2024-12-12,1464,1504,1463,1503,58678,0.027341079972659
2024-12-13,1504,1577,1493,1577,53310,0.04923486360612106
2024-12-16,1578,1731,1578,1698,372546,0.07672796448953711
2024-12-17,1660,1775,1650,1762,196667,0.03769140164899887
2024-12-18,1760,1784,1747,1775,75796,0.007377979568671922
2024-12-19,1773,1773,1691,1754,68693,-0.01183098591549292
2024-12-20,1757,1757,1672,1710,34990,-0.02508551881413912
2024-12-23,1692,1720,1445,1667,244447,-0.02514619883040936
2024-12-24,1667,1791,1617,1684,151916,0.010197960407918316
2024-12-26,1683,1704,1665,1700,5814,0.009501187648456089
2024-12-27,1683,1699,1630,1684,21488,-0.009411764705882342
2024-12-30,1683,1694,1648,1691,24314,0.004156769596199483
2025-01-02,1691,1691,1668,1691,9288,0.0
2025-01-03,1675,1698,1671,1692,8064,0.0005913660555885158
2025-01-06,1692,1712,1671,1710,14664,0.010638297872340496
2025-01-07,1707,1713,1675,1705,10247,-0.0029239766081871066
2025-01-08,1685,1703,1675,1690,17288,-0.008797653958944274
2025-01-09,1697,1697,1676,1695,5490,0.002958579881656709
2025-01-10,1695,1697,1680,1689,15016,-0.0035398230088495852
2025-01-13,1689,1700,1660,1670,10676,-0.011249259917110677
2025-01-14,1676,1676,1631,1650,21052,-0.0119760479041916
2025-01-15,1640,1760,1640,1715,48171,0.039393939393939315
2025-01-16,1705,1729,1701,1711,7658,-0.0023323615160349975
2025-01-17,1699,1719,1688,1700,21250,-0.006428988895382792
2025-01-20,1710,1710,1637,1637,53246,-0.03705882352941181
2025-01-21,1636,1650,1586,1632,91977,-0.0030543677458766405
2025-01-22,1645,1645,1607,1636,30919,0.002450980392156854
2025-01-23,1622,1664,1601,1655,18328,0.011613691931540382
2025-01-24,1655,1655,1627,1655,8278,0.0
2025-01-31,1637,1650,1636,1646,35807,-0.005438066465256797
2025-02-03,1655,1655,1602,1627,17286,-0.011543134872417982
2025-02-04,1608,1640,1575,1627,27943,0.0
2025-02-05,1608,1635,1608,1627,7714,0.0
2025-02-06,1638,1638,1585,1627,127734,0.0
2025-02-07,1628,1628,1600,1620,39631,-0.004302397049784856
2025-02-10,1601,1622,1590,1618,28986,-0.0012345679012345512
2025-02-11,1622,1622,1590,1617,22120,-0.0006180469715698633
2025-02-12,1617,1617,1598,1615,21114,-0.0012368583797155441
2025-02-13,1624,1625,1601,1612,11811,-0.0018575851393188847
2025-02-14,1620,1621,1601,1618,19730,0.003722084367245637
2025-02-17,1600,1648,1600,1646,18703,0.017305315203955507
2025-02-18,1629,1658,1629,1642,13271,-0.002430133657351119
2025-02-19,1642,1659,1620,1659,20628,0.010353227771010998
2025-02-20,1670,1674,1659,1671,16355,0.00723327305605781
2025-02-21,1671,1684,1669,1682,19247,0.006582884500299313
2025-02-24,1684,1696,1676,1689,11831,0.004161712247324534
2025-02-25,1689,1698,1621,1675,30177,-0.0082889283599763
2025-02-26,1656,1681,1656,1677,11616,0.0011940298507462366
2025-02-27,1665,1686,1621,1669,15654,-0.004770423375074495
2025-02-28,1668,1668,1621,1660,29539,-0.005392450569203122
2025-03-04,1667,1667,1636,1657,7258,-0.0018072289156626509
2025-03-05,1656,1665,1626,1657,11420,0.0
2025-03-06,1668,1668,1621,1643,49024,-0.008449004224502121
2025-03-07,1625,1640,1616,1632,15963,-0.0066950699939135605
2025-03-10,1631,1634,1610,1626,11848,-0.003676470588235281
2025-03-11,1626,1626,1591,1613,17121,-0.00799507995079951
2025-03-12,1603,1624,1565,1567,56011,-0.028518288902665834
2025-03-13,1575,1589,1536,1568,129310,0.0006381620931716903
2025-03-14,1556,1568,1553,1568,25037,0.0
2025-03-17,1577,1607,1551,1598,49376,0.01913265306122458
2025-03-18,1606,1606,1580,1600,14202,0.0012515644555695093
2025-03-19,1600,1605,1589,1600,9984,0.0
2025-03-20,1608,1608,1580,1596,12172,-0.0024999999999999467
2025-03-21,1594,1594,1559,1577,18183,-0.011904761904761862
2025-03-24,1576,1576,1529,1563,37839,-0.00887761572606216
2025-03-25,1555,1575,1544,1573,10479,0.006397952655150307
2025-03-26,1573,1581,1557,1578,8278,0.0031786395422759295
2025-03-27,1588,1607,1578,1601,41714,0.014575411913815062
2025-03-28,1587,1606,1587,1606,15745,0.0031230480949406836
2025-03-31,1606,1607,1584,1594,11252,-0.007471980074719831
2025-04-01,1582,1620,1582,1615,35194,0.01317440401505654
2025-04-02,1615,1646,1615,1638,20979,0.014241486068111486
2025-04-03,1620,1646,1620,1645,26293,0.004273504273504258
2025-04-04,1613,1654,1613,1633,10751,-0.007294832826747699
2025-04-07,1633,1633,1515,1593,23972,-0.02449479485609307
2025-04-08,1581,1643,1581,1630,38237,0.02322661644695545
2025-04-09,1617,1650,1617,1630,25117,0.0
2025-04-10,1647,1650,1611,1637,16656,0.004294478527607337
2025-04-11,1637,1637,1611,1629,8556,-0.004886988393402514
2025-04-14,1629,1638,1616,1632,17061,0.0018416206261511192
2025-04-15,1637,1637,1618,1628,31236,-0.002450980392156854
2025-04-16,1628,1636,1618,1624,25115,-0.002457002457002422
2025-04-17,1624,1634,1613,1622,168082,-0.0012315270935960854
2025-04-18,1629,1629,1611,1621,22529,-0.0006165228113440557
2025-04-21,1620,1629,1611,1624,18172,0.0018507094386182033
2025-04-22,1618,1628,1617,1621,11105,-0.001847290640394128
2025-04-23,1629,1654,1621,1650,28327,0.017890191239975373
2025-04-24,1640,1655,1629,1644,25912,-0.0036363636363636598
2025-04-25,1644,1652,1638,1649,10564,0.0030413625304135383
2025-04-28,1650,1702,1650,1695,61417,0.027895694360218215
2025-04-29,1710,1732,1675,1728,40217,0.019469026548672552
2025-04-30,1728,1731,1676,1715,27877,-0.00752314814814814
2025-05-02,1715,1723,1712,1720,17889,0.00291545189504383
2025-05-07,1721,1721,1666,1697,28577,-0.013372093023255816
2025-05-08,1697,1748,1680,1729,33267,0.018856806128461967
2025-05-09,1738,1760,1715,1760,43685,0.017929438982070556
2025-05-12,1761,1882,1748,1850,184681,0.051136363636363535
2025-05-13,1887,1887,1765,1820,49600,-0.01621621621621616
2025-05-14,1820,1947,1795,1915,206625,0.052197802197802234
2025-05-15,1893,1951,1893,1905,103364,-0.005221932114882533
2025-05-16,1906,1929,1846,1917,114210,0.006299212598425141
2025-05-19,1917,1953,1871,1920,96268,0.0015649452269170805
2025-05-20,1920,1944,1913,1928,23341,0.004166666666666652
2025-05-21,1955,1955,1903,1916,46788,-0.006224066390041472
2025-05-22,1928,1928,1844,1891,24287,-0.013048016701461385
2025-05-23,1874,1890,1802,1878,29871,-0.00687466948704385
2025-05-26,1862,1892,1854,1876,19017,-0.0010649627263046302
2025-05-27,1889,1890,1859,1870,13802,-0.0031982942430703876
2025-05-28,1873,1873,1828,1850,94100,-0.010695187165775444
2025-05-29,1850,1877,1826,1868,28482,0.00972972972972963
2025-05-30,1868,1892,1868,1892,31735,0.012847965738758127
2025-06-02,1908,1998,1908,1969,125144,0.04069767441860472
2025-06-04,1969,2060,1969,2000,127637,0.015744032503808958
2025-06-05,1994,2055,1980,2000,70706,0.0
2025-06-09,2000,2045,1975,2000,52766,0.0
2025-06-10,2015,2025,1972,1995,42453,-0.0024999999999999467
2025-06-11,1987,2045,1980,2035,16466,0.020050125313283207
2025-06-12,2020,2045,2005,2030,38757,-0.002457002457002422
2025-06-13,2005,2025,1948,1991,41599,-0.019211822660098576
2025-06-16,1949,2015,1949,1990,35499,-0.0005022601707684871
2025-06-17,1990,2000,1944,1988,34062,-0.0010050251256281673
2025-06-18,1988,1988,1940,1965,55951,-0.011569416498994012
2025-06-19,1946,1976,1939,1973,21089,0.004071246819338459
2025-06-20,1971,2025,1954,1987,32571,0.007095793208312218
2025-06-23,1947,1999,1916,1950,47106,-0.01862103673880222
2025-06-24,1950,2040,1940,2000,69526,0.02564102564102555
2025-06-25,1982,2000,1895,1963,144807,-0.01849999999999996
2025-06-26,1950,1951,1895,1919,49491,-0.02241467142129394
2025-06-27,1919,1920,1837,1902,38081,-0.008858780614903639
2025-06-30,1902,1905,1851,1886,24705,-0.008412197686645584
2025-07-01,1886,1922,1861,1914,32207,0.014846235418875864
2025-07-02,1899,1922,1830,1901,29370,-0.006792058516196464
2025-07-03,1884,1919,1884,1918,23500,0.008942661756970116
2025-07-04,1918,1941,1894,1929,18365,0.0057351407716370595
2025-07-07,1921,1921,1875,1918,25218,-0.005702436495593544
2025-07-08,1900,1938,1900,1920,18781,0.0010427528675704956
2025-07-09,1901,1942,1901,1941,22524,0.010937500000000044
2025-07-10,1955,1956,1922,1940,34882,-0.0005151983513652647
2025-07-11,1929,1955,1925,1941,23003,0.0005154639175257714
2025-07-14,1940,1971,1921,1960,80124,0.00978876867594014
2025-07-15,1958,1965,1932,1960,43478,0.0
2025-07-16,1960,1969,1938,1950,29134,-0.005102040816326481
2025-07-17,1940,1954,1930,1953,40900,0.0015384615384614886
2025-07-18,1953,1959,1932,1952,32112,-0.0005120327700972593
2025-07-21,1954,1954,1930,1947,14507,-0.0025614754098360892
2025-07-22,1947,1989,1935,1976,42961,0.014894709809964102
2025-07-23,1969,1995,1951,1978,31168,0.0010121457489877805
2025-07-24,1978,1996,1940,1966,30666,-0.006066734074823055
2025-07-25,1963,1966,1928,1964,31766,-0.0010172939979654627
2025-07-28,1964,1975,1939,1964,26970,0.0
2025-07-29,1964,1964,1939,1963,23284,-0.0005091649694500822
2025-07-30,1963,1991,1939,1969,43833,0.0030565461029037344
2025-07-31,1970,1988,1950,1971,16513,0.001015744032503818
2025-08-01,1971,1973,1902,1920,38461,-0.025875190258751957
2025-08-04,1897,1919,1876,1911,20011,-0.004687499999999956
2025-08-05,1890,1930,1890,1913,26216,0.0010465724751438366
2025-08-06,1911,1915,1891,1906,11336,-0.003659174072138005
2025-08-07,1880,1905,1862,1888,27214,-0.009443861490031513
2025-08-08,1880,1920,1880,1915,17244,0.014300847457627164
2025-08-11,1915,1921,1858,1895,38765,-0.010443864229765065
2025-08-12,1894,2205,1832,1845,1095800,-0.02638522427440637
2025-08-13,1870,1945,1852,1929,198718,0.04552845528455274
2025-08-14,1935,2020,1899,1935,159061,0.0031104199066873672
2025-08-18,1919,1967,1891,1914,99973,-0.010852713178294615
2025-08-19,1894,1924,1880,1914,71670,0.0
2025-08-20,1890,1916,1755,1914,200694,0.0
2025-08-21,1914,1934,1893,1918,34836,0.002089864158829613
2025-08-22,1917,1935,1819,1925,144743,0.0036496350364962904
2025-08-25,1925,1993,1906,1944,27640,0.009870129870129807
2025-08-26,1933,1945,1889,1940,33006,-0.002057613168724326
2025-08-27,1921,1939,1907,1934,15431,-0.003092783505154628
2025-08-28,1916,1940,1912,1929,29066,-0.002585315408479838
2025-08-29,1918,1929,1891,1908,35857,-0.010886469673405896
2025-09-01,1874,1885,1826,1885,111314,-0.012054507337526221
2025-09-02,1869,1903,1854,1895,26692,0.0053050397877985045
2025-09-03,1895,1905,1877,1902,33078,0.003693931398416783
2025-09-04,1905,1919,1890,1910,33365,0.004206098843322792
2025-09-05,1907,1911,1885,1910,14144,0.0
2025-09-08,1909,1910,1872,1872,57315,-0.019895287958115238
2025-09-09,1872,1885,1866,1882,29655,0.005341880341880323
2025-09-10,1870,1885,1851,1872,149949,-0.005313496280552554
2025-09-11,1872,1878,1855,1872,90539,0.0
2025-09-12,1879,2140,1864,1955,481562,0.0443376068376069
2025-09-15,1955,1969,1933,1962,62274,0.003580562659846631
2025-09-16,1954,2010,1941,1977,105283,0.007645259938837912
2025-09-17,1977,1999,1961,1983,35870,0.003034901365705611
2025-09-18,1982,2040,1946,2020,156304,0.01865859808371151
2025-09-19,2025,2045,1999,2020,39466,0.0
2025-09-22,1998,2055,1993,2010,44083,-0.004950495049504955
2025-09-23,2030,2030,1988,2015,36174,0.0024875621890547706
2025-09-24,2010,2010,1975,2010,37428,-0.002481389578163795
2025-09-25,2010,2010,1987,2010,31353,0.0
2025-09-26,1973,1997,1958,1987,47893,-0.011442786069651767
2025-09-29,1968,2030,1968,1991,29295,0.0020130850528434774
2025-09-30,1991,2000,1942,1970,43592,-0.010547463586137673
2025-10-01,1970,1970,1942,1964,24761,-0.003045685279187804
2025-10-02,1964,2010,1950,1998,52939,0.01731160896130346
2025-10-10,1991,2010,1990,1998,27809,0.0
2025-10-13,1979,2010,1970,1997,18135,-0.0005005005005005447
2025-10-14,2000,2025,1986,1996,31710,-0.0005007511266900133
2025-10-15,1996,2035,1980,1997,31536,0.0005010020040079333
2025-10-16,1982,1996,1951,1975,55119,-0.011016524787180737
2025-10-17,1980,1983,1922,1949,43668,-0.013164556962025342
2025-10-20,1933,1956,1910,1955,56463,0.0030785017957926097
2025-10-21,1943,1990,1880,1938,76723,-0.008695652173912993
2025-10-22,1938,1955,1896,1954,55042,0.008255933952528327
2025-10-23,1950,1986,1939,1976,45954,0.011258955987717423
2025-10-24,1976,1987,1951,1973,57382,-0.0015182186234817818
2025-10-27,1977,1996,1948,1986,100186,0.006588950836289964
2025-10-28,1965,1992,1962,1986,17967,0.0
2025-10-29,1984,1986,1960,1982,51441,-0.002014098690835797
2025-10-30,1982,1982,1947,1957,42302,-0.012613521695257313
2025-10-31,1957,1957,1921,1957,53341,0.0
2025-11-03,1957,1957,1897,1900,94557,-0.029126213592232997
2025-11-04,1900,1900,1862,1884,84439,-0.008421052631578996
2025-11-05,1865,1865,1799,1827,134865,-0.030254777070063743
2025-11-06,1837,1895,1818,1827,36155,0.0
2025-11-07,1836,1836,1726,1812,65409,-0.008210180623973717
2025-11-10,1813,1840,1811,1823,60923,0.006070640176600417
2025-11-11,1868,1869,1790,1823,38963,0.0
2025-11-12,1823,1844,1806,1823,59251,0.0
2025-11-13,1834,1838,1805,1826,82802,0.001645639056500281
2025-11-14,1815,1826,1804,1818,38990,-0.004381161007667056
2025-11-17,1803,1817,1777,1808,100638,-0.005500550055005493
2025-11-18,1799,1807,1744,1771,77885,-0.020464601769911495
2025-11-19,1771,1771,1717,1763,55802,-0.004517221908526214
2025-11-20,1757,1782,1744,1778,27559,0.008508224617129967
2025-11-21,1797,1797,1746,1763,26694,-0.00843644544431943
2025-11-24,1759,1763,1696,1723,81996,-0.022688598979013097
2025-11-25,1723,1748,1650,1700,41140,-0.013348810214741769
2025-11-26,1685,1709,1672,1704,38159,0.0023529411764706687
2025-11-27,1704,1738,1692,1729,31144,0.01467136150234749
2025-11-28,1728,1760,1720,1749,30413,0.011567379988432602
2025-12-01,1762,1785,1716,1735,55596,-0.00800457404230992
2025-12-02,1744,1744,1707,1732,40492,-0.0017291066282421053
2025-12-03,1732,1760,1721,1744,34342,0.006928406466512715
2025-12-04,1747,1747,1710,1735,39968,-0.0051605504587155515
2025-12-05,1735,1736,1704,1727,25146,-0.004610951008645503
2025-12-08,1727,1730,1707,1730,35295,0.0017371163867978545
2025-12-09,1716,1757,1714,1724,17079,-0.003468208092485603
2025-12-10,1733,1741,1710,1722,10209,-0.001160092807424573
2025-12-11,1722,1722,1695,1718,50606,-0.0023228803716608404
2025-12-12,1735,1735,1705,1723,13050,0.0029103608847496076
2025-12-15,1722,1729,1713,1726,83388,0.0017411491584444772
2025-12-16,1732,1739,1713,1722,13415,-0.002317497103128674
2025-12-17,1722,1752,1712,1747,99826,0.014518002322880363
2025-12-18,1732,1751,1732,1747,12886,0.0
2025-12-19,1748,1750,1728,1739,98713,-0.004579278763594763
2025-12-22,1741,1769,1735,1745,43796,0.0034502587694076325
2025-12-23,1745,1754,1736,1744,77301,-0.0005730659025787732
2025-12-24,1820,1826,1743,1750,64577,0.0034403669724769603
2025-12-26,1732,1767,1732,1744,36010,-0.0034285714285714475
2025-12-29,1750,1750,1700,1718,54682,-0.014908256880733939
2025-12-30,1711,1729,1696,1722,11625,0.002328288707799775
2026-01-02,1722,1740,1720,1728,26395,0.0034843205574912606
2026-01-05,1730,1735,1705,1722,36454,-0.00347222222222221
2026-01-06,1733,1733,1704,1717,53174,-0.0029036004645760505
2026-01-07,1717,1719,1681,1704,38258,-0.007571345369831062
2026-01-08,1702,1725,1696,1713,47935,0.005281690140845008
2026-01-09,1699,1710,1699,1710,25569,-0.0017513134851138146
2026-01-12,1710,1723,1700,1716,33851,0.0035087719298245723
2026-01-13,1716,1779,1716,1777,176855,0.03554778554778548
2026-01-14,1774,1783,1746,1754,46947,-0.01294316263365225
2026-01-15,1752,1777,1726,1766,75512,0.0068415051311288
2026-01-16,1778,1822,1761,1788,88461,0.01245753114382775
2026-01-19,1792,1808,1742,1791,109650,0.001677852348993314
2026-01-20,1780,1801,1770,1798,59369,0.003908431044109539
2026-01-21,1800,1817,1763,1789,45223,-0.0050055617352614545
2026-01-22,1789,1797,1761,1785,76170,-0.0022358859698154987
2026-01-23,1785,1790,1753,1785,67605,0.0
2026-01-26,1790,1863,1787,1843,101655,0.03249299719887966
2026-01-27,1843,1880,1825,1847,60402,0.0021703743895822303
2026-01-28,1847,2050,1835,1848,1059107,0.0005414185165133478
2026-01-29,1847,1856,1791,1841,238722,-0.0037878787878787845
2026-01-30,1841,1841,1789,1808,99003,-0.017925040738728915
2026-02-02,1808,1812,1750,1777,121337,-0.017146017699115057
