Date,Open,High,Low,Close,Volume,Change
2022-01-03,3200,3215,3145,3175,83055,-0.010903426791277204
2022-01-04,3155,3260,3150,3255,195455,0.025196850393700787
2022-01-05,3295,3320,3225,3255,177070,0.0
2022-01-06,3195,3250,3115,3115,135959,-0.043010752688172005
2022-01-07,3180,3195,3120,3155,71358,0.01284109149277679
2022-01-10,3155,3190,3100,3105,72375,-0.015847860538827252
2022-01-11,3100,3140,3020,3055,114196,-0.01610305958132041
2022-01-12,3060,3115,3015,3075,43177,0.00654664484451728
2022-01-13,3080,3125,3075,3115,60367,0.01300813008130075
2022-01-14,3060,3160,3040,3120,69985,0.0016051364365972098
2022-01-17,3100,3140,3005,3020,94920,-0.03205128205128205
2022-01-18,3020,3090,2975,3020,95411,0.0
2022-01-19,2955,3020,2940,2950,87096,-0.023178807947019875
2022-01-20,2935,2990,2865,2965,108929,0.005084745762711895
2022-01-21,2935,3020,2900,2910,83367,-0.018549747048903886
2022-01-24,2870,2900,2780,2785,115378,-0.04295532646048106
2022-01-25,2775,2825,2610,2610,193612,-0.0628366247755835
2022-01-26,2575,2670,2575,2605,126300,-0.0019157088122605526
2022-01-27,2590,2655,2395,2420,215569,-0.07101727447216888
2022-01-28,2525,2560,2330,2560,142569,0.05785123966942152
2022-02-03,2745,2745,2630,2660,69617,0.0390625
2022-02-04,2630,2725,2630,2725,69487,0.02443609022556381
2022-02-07,2725,2750,2680,2735,34519,0.003669724770642091
2022-02-08,2780,2780,2660,2705,52487,-0.010968921389396757
2022-02-09,2715,2765,2705,2735,76021,0.01109057301293892
2022-02-10,2770,2770,2725,2745,46437,0.003656307129798808
2022-02-11,2740,2740,2670,2720,50853,-0.00910746812386154
2022-02-14,2695,2695,2590,2605,85579,-0.04227941176470584
2022-02-15,2590,2630,2510,2545,71059,-0.02303262955854124
2022-02-16,2585,2635,2560,2610,45439,0.025540275049115824
2022-02-17,2685,2730,2610,2650,145940,0.015325670498084198
2022-02-18,2620,2680,2560,2665,33100,0.005660377358490676
2022-02-21,2665,2720,2610,2710,56350,0.016885553470919357
2022-02-22,2645,2700,2605,2625,46994,-0.03136531365313655
2022-02-23,2645,2700,2600,2640,37778,0.005714285714285783
2022-02-24,2620,2670,2525,2555,128199,-0.032196969696969724
2022-02-25,2580,2680,2575,2625,71233,0.027397260273972712
2022-02-28,2625,2675,2610,2625,34483,0.0
2022-03-02,2625,2690,2620,2685,36470,0.02285714285714291
2022-03-03,2690,2740,2690,2730,56706,0.016759776536312776
2022-03-04,2705,2765,2675,2750,47611,0.0073260073260073
2022-03-07,2750,2750,2640,2665,79539,-0.030909090909090886
2022-03-08,2655,2655,2555,2635,43868,-0.011257035647279534
2022-03-10,2660,2715,2660,2680,40341,0.017077798861480087
2022-03-11,2655,2735,2655,2700,49245,0.00746268656716409
2022-03-14,2750,2750,2665,2705,60064,0.0018518518518517713
2022-03-15,2705,2740,2685,2705,65048,0.0
2022-03-16,2765,2780,2710,2755,85694,0.01848428835489835
2022-03-17,2760,2825,2755,2780,103023,0.00907441016333932
2022-03-18,2780,2860,2760,2845,115877,0.023381294964028854
2022-03-21,2900,2900,2830,2845,72605,0.0
2022-03-22,2860,2875,2805,2870,105981,0.008787346221441172
2022-03-23,2870,2890,2845,2865,63590,-0.0017421602787456303
2022-03-24,2865,2865,2815,2855,54685,-0.003490401396160525
2022-03-25,2860,2880,2835,2880,47040,0.008756567425569184
2022-03-28,2920,2920,2860,2880,40615,0.0
2022-03-29,2870,2965,2840,2945,134354,0.02256944444444442
2022-03-30,2965,2965,2905,2945,50360,0.0
2022-03-31,2940,3065,2915,3035,258067,0.03056027164685915
2022-04-01,3005,3065,3005,3005,85758,-0.009884678747940745
2022-04-04,3015,3060,3010,3060,62042,0.01830282861896837
2022-04-05,3085,3085,3025,3055,71002,-0.0016339869281045694
2022-04-06,3050,3050,3000,3015,85835,-0.013093289689034338
2022-04-07,3000,3280,2875,2885,1090896,-0.04311774461028195
2022-04-08,2885,2935,2825,2920,116123,0.0121317157712304
2022-04-11,2920,2945,2870,2930,46204,0.003424657534246478
2022-04-12,2925,2925,2715,2860,98801,-0.023890784982935176
2022-04-13,2835,2880,2835,2870,50587,0.0034965034965035446
2022-04-14,2855,2870,2830,2845,41970,-0.008710801393728262
2022-04-15,2845,2845,2810,2815,33291,-0.010544815465729385
2022-04-18,2810,2820,2780,2820,20486,0.001776198934280604
2022-04-19,2815,2855,2800,2840,41533,0.007092198581560183
2022-04-20,2865,2955,2840,2910,90231,0.02464788732394374
2022-04-21,2905,2975,2870,2900,56427,-0.0034364261168384758
2022-04-22,2865,2920,2825,2825,63319,-0.025862068965517238
2022-04-25,2810,2825,2790,2800,20597,-0.008849557522123908
2022-04-26,2800,2885,2785,2835,28282,0.012499999999999956
2022-04-27,2790,2870,2770,2845,60463,0.003527336860670305
2022-04-28,2845,2895,2795,2820,76205,-0.008787346221441172
2022-04-29,2820,2875,2820,2855,42235,0.012411347517730542
2022-05-02,2835,2880,2725,2870,58402,0.005253940455341555
2022-05-03,2850,2970,2830,2900,125260,0.010452961672473782
2022-05-04,3020,3235,2910,2910,1728399,0.0034482758620688614
2022-05-06,2925,2960,2845,2860,115489,-0.01718213058419249
2022-05-09,2840,3525,2835,3240,22092470,0.13286713286713292
2022-05-10,3415,3825,3130,3285,18502089,0.01388888888888884
2022-05-11,3320,3620,3255,3365,10184277,0.0243531202435312
2022-05-12,3330,3390,3040,3130,2604012,-0.06983655274888556
2022-05-13,3155,3510,3125,3235,7736628,0.033546325878594185
2022-05-16,3270,3290,3165,3185,950268,-0.015455950540958274
2022-05-17,3185,3295,3160,3200,964172,0.0047095761381474865
2022-05-18,3225,3765,3215,3665,30001816,0.14531249999999996
2022-05-19,3595,3640,3500,3640,3016491,-0.006821282401091366
2022-05-20,3630,3860,3520,3580,7425063,-0.016483516483516536
2022-05-23,3580,3795,3475,3500,4144880,-0.022346368715083775
2022-05-24,3455,3640,3335,3400,2170654,-0.02857142857142858
2022-05-25,3385,3550,3365,3455,1242370,0.016176470588235237
2022-05-26,3455,3630,3400,3455,1948684,0.0
2022-05-27,3505,3510,3390,3415,436388,-0.01157742402315487
2022-05-30,3415,3475,3335,3450,414338,0.01024890190336758
2022-05-31,3455,3675,3420,3525,3630323,0.021739130434782705
2022-06-02,3545,3685,3525,3560,1798225,0.0099290780141843
2022-06-03,3545,3600,3535,3570,542381,0.002808988764045006
2022-06-07,3610,3675,3530,3600,1318169,0.008403361344537785
2022-06-08,3620,3685,3490,3495,701445,-0.029166666666666674
2022-06-09,3455,3505,3320,3505,540289,0.0028612303290413976
2022-06-10,3420,3560,3420,3450,284037,-0.015691868758915817
2022-06-13,3345,3400,3185,3185,434778,-0.07681159420289851
2022-06-14,3105,3190,3025,3145,344454,-0.012558869701726816
2022-06-15,3120,3180,2910,3000,344372,-0.04610492845786962
2022-06-16,3045,3115,2980,2990,236802,-0.0033333333333332993
2022-06-17,2900,3075,2850,3020,211839,0.010033444816053505
2022-06-20,3000,3025,2765,2820,227711,-0.06622516556291391
2022-06-21,2820,2960,2795,2815,142250,-0.0017730496453900457
2022-06-22,2830,2890,2550,2650,238348,-0.05861456483126115
2022-06-23,2640,2675,2385,2420,380400,-0.08679245283018866
2022-06-24,2410,2580,2410,2570,264841,0.06198347107438007
2022-06-27,2595,2770,2595,2770,201441,0.0778210116731517
2022-06-28,2770,2820,2740,2770,150542,0.0
2022-06-29,2700,2820,2700,2795,112150,0.00902527075812265
2022-06-30,2795,2795,2700,2700,81002,-0.03398926654740608
2022-07-01,2700,2775,2570,2660,125607,-0.014814814814814836
2022-07-04,2635,2665,2470,2525,147463,-0.050751879699248104
2022-07-05,2525,2615,2525,2610,79051,0.03366336633663369
2022-07-06,2580,2670,2560,2590,108521,-0.007662835249042099
2022-07-07,2700,2700,2590,2645,63626,0.021235521235521304
2022-07-08,2675,2710,2670,2680,75777,0.013232514177693666
2022-07-11,2690,2690,2640,2645,69581,-0.013059701492537323
2022-07-12,2630,2630,2510,2540,117818,-0.03969754253308133
2022-07-13,2580,2580,2480,2510,61536,-0.011811023622047223
2022-07-14,2485,2600,2485,2535,64625,0.009960159362549792
2022-07-15,2535,2575,2450,2495,93840,-0.015779092702169595
2022-07-18,2520,2565,2510,2555,68896,0.024048096192384794
2022-07-19,2550,2590,2540,2570,55013,0.005870841487279899
2022-07-20,2680,2685,2615,2620,68796,0.01945525291828787
2022-07-21,2675,2680,2600,2660,80788,0.01526717557251911
2022-07-22,2650,2705,2635,2645,54552,-0.005639097744360888
2022-07-25,2585,2645,2580,2605,91560,-0.015122873345935761
2022-07-26,2585,2755,2585,2650,213454,0.017274472168905985
2022-07-27,2670,2715,2660,2700,101990,0.018867924528301883
2022-07-28,2745,2795,2685,2705,178706,0.0018518518518517713
2022-07-29,2710,2740,2695,2710,70384,0.001848428835489857
2022-08-01,2720,2740,2700,2720,46238,0.0036900369003689537
2022-08-02,2695,2705,2665,2665,71958,-0.020220588235294157
2022-08-03,2665,2790,2665,2760,92528,0.03564727954971847
2022-08-04,2755,3300,2745,2910,10708248,0.05434782608695654
2022-08-05,2910,3080,2840,2920,1796261,0.0034364261168384758
2022-08-08,2925,3040,2865,3005,610851,0.02910958904109595
2022-08-09,3005,3020,2950,3005,292084,0.0
2022-08-10,3000,3005,2905,2915,204511,-0.029950083194675514
2022-08-11,2920,2980,2920,2940,143302,0.00857632933104635
2022-08-12,3030,3130,2960,2975,1317452,0.011904761904761862
2022-08-16,2980,2980,2925,2945,123055,-0.010084033613445342
2022-08-17,2940,2945,2860,2880,156151,-0.022071307300509324
2022-08-18,2830,2895,2820,2895,77349,0.005208333333333259
2022-08-19,2935,2935,2855,2855,76187,-0.013816925734024155
2022-08-22,2795,2825,2755,2765,112790,-0.031523642732048995
2022-08-23,2695,2745,2675,2680,145874,-0.030741410488245968
2022-08-24,2685,2745,2650,2720,100139,0.014925373134328401
2022-08-25,2735,2820,2720,2810,132953,0.03308823529411775
2022-08-26,2835,2840,2765,2765,86385,-0.016014234875444844
2022-08-29,2650,2770,2615,2675,81685,-0.032549728752260365
2022-08-30,2665,2745,2665,2720,44133,0.016822429906542036
2022-08-31,2720,2815,2670,2750,134532,0.011029411764705843
2022-09-01,2710,3020,2710,2795,1182939,0.016363636363636358
2022-09-02,2820,3330,2775,3045,15810048,0.0894454382826475
2022-09-05,3065,3140,3010,3035,1908688,-0.003284072249589487
2022-09-06,3080,3190,3035,3045,2420083,0.0032948929159801743
2022-09-07,3075,3075,2955,3010,703220,-0.011494252873563204
2022-09-08,3015,3135,2940,2955,1121579,-0.01827242524916939
2022-09-13,3000,3040,2970,3025,375969,0.02368866328257191
2022-09-14,2885,2950,2850,2940,271157,-0.028099173553719048
2022-09-15,2935,2950,2855,2870,262064,-0.023809523809523836
2022-09-16,2850,2870,2735,2735,290101,-0.04703832752613235
2022-09-19,2715,2755,2635,2650,291901,-0.031078610603290646
2022-09-20,2645,2740,2640,2740,178261,0.03396226415094339
2022-09-21,2720,2780,2675,2690,147691,-0.018248175182481785
2022-09-22,2700,2950,2565,2690,1035738,0.0
2022-09-23,2690,2770,2580,2610,352578,-0.029739776951672847
2022-09-26,2565,2575,2385,2385,364700,-0.08620689655172409
2022-09-27,2330,2430,2330,2365,171649,-0.008385744234800874
2022-09-28,2365,2650,2195,2265,1067207,-0.04228329809725162
2022-09-29,2290,2490,2290,2290,385288,0.011037527593819041
2022-09-30,2225,2400,2220,2285,134718,-0.0021834061135370675
2022-10-04,2300,2430,2300,2360,289987,0.03282275711159732
2022-10-05,2365,2570,2330,2390,621470,0.012711864406779627
2022-10-06,2405,2455,2400,2420,150996,0.012552301255230214
2022-10-07,2380,2435,2380,2390,104741,-0.012396694214875992
2022-10-11,2345,2345,2195,2210,188327,-0.07531380753138073
2022-10-12,2205,2240,2160,2175,89556,-0.015837104072398245
2022-10-13,2155,2185,2030,2035,215317,-0.06436781609195408
2022-10-14,2085,2255,2075,2135,257068,0.0491400491400491
2022-10-17,2155,2220,2040,2215,77172,0.0374707259953162
2022-10-18,2250,2300,2225,2275,147468,0.02708803611738153
2022-10-19,2305,2305,2250,2260,55848,-0.00659340659340657
2022-10-20,2235,2285,2180,2195,58637,-0.028761061946902644
2022-10-21,2160,2245,2160,2195,33327,0.0
2022-10-24,2360,2360,2205,2205,162448,0.004555808656036442
2022-10-25,2210,2260,2200,2225,78197,0.009070294784580435
2022-10-26,2265,2265,2190,2215,50323,-0.004494382022471877
2022-10-27,2200,2260,2200,2220,53840,0.0022573363431150906
2022-10-28,2250,2250,2210,2250,50828,0.013513513513513598
2022-10-31,2270,2270,2220,2250,46868,0.0
2022-11-01,2230,2350,2225,2300,162358,0.022222222222222143
2022-11-02,2315,2320,2265,2295,65198,-0.0021739130434782483
2022-11-03,2225,2290,2225,2285,46366,-0.004357298474945481
2022-11-04,2250,2360,2250,2320,291802,0.015317286652078765
2022-11-07,2330,2345,2300,2335,99508,0.006465517241379226
2022-11-08,2335,2365,2335,2350,105032,0.0064239828693790635
2022-11-09,2350,2375,2325,2350,90746,0.0
2022-11-10,2320,2355,2300,2345,86120,-0.0021276595744680327
2022-11-11,2405,2415,2360,2405,172857,0.02558635394456288
2022-11-14,2445,2685,2400,2520,2559184,0.047817047817047875
2022-11-15,2540,2560,2490,2550,293548,0.011904761904761862
2022-11-16,2550,2740,2505,2570,1370093,0.007843137254901933
2022-11-17,2555,2600,2500,2600,252753,0.011673151750972721
2022-11-18,2580,2670,2540,2550,355326,-0.019230769230769273
2022-11-21,2560,2625,2530,2545,197685,-0.0019607843137254832
2022-11-22,2510,2560,2500,2500,89728,-0.017681728880157177
2022-11-23,2480,2545,2480,2510,77310,0.0040000000000000036
2022-11-24,2545,2580,2520,2570,80233,0.0239043824701195
2022-11-25,2580,2595,2535,2545,37411,-0.009727626459143934
2022-11-28,2580,2585,2460,2480,67632,-0.025540275049115935
2022-11-29,2495,2495,2440,2495,39684,0.006048387096774244
2022-11-30,2500,2585,2495,2565,115837,0.028056112224448926
2022-12-01,2605,2610,2555,2560,99401,-0.0019493177387914784
2022-12-02,2575,2625,2530,2535,86009,-0.009765625
2022-12-05,2550,2580,2525,2530,96368,-0.0019723865877712132
2022-12-06,2500,2560,2425,2425,86084,-0.04150197628458496
2022-12-07,2425,2445,2350,2390,41363,-0.014432989690721598
2022-12-08,2360,2450,2345,2450,79737,0.025104602510460206
2022-12-09,2475,2600,2450,2555,332836,0.04285714285714293
2022-12-12,2790,2790,2525,2525,783373,-0.011741682974559686
2022-12-13,2490,2545,2470,2485,118287,-0.015841584158415856
2022-12-14,2465,2585,2465,2565,124564,0.03219315895372232
2022-12-15,2540,2680,2540,2600,185727,0.013645224171539905
2022-12-16,2535,2680,2535,2655,258619,0.02115384615384608
2022-12-19,2655,2655,2555,2570,157711,-0.032015065913371
2022-12-20,2570,2595,2430,2515,110322,-0.021400778210116767
2022-12-21,2495,2520,2440,2455,63318,-0.02385685884691846
2022-12-22,2460,2490,2430,2465,69329,0.004073319755600879
2022-12-23,2420,2450,2355,2365,119086,-0.04056795131845847
2022-12-26,2325,2360,2295,2300,75465,-0.02748414376321351
2022-12-27,2300,2345,2285,2290,61671,-0.004347826086956497
2022-12-28,2300,2345,2270,2300,44736,0.004366812227074135
2022-12-29,2300,2315,2160,2160,125854,-0.060869565217391286
2023-01-02,2180,2205,2075,2090,82185,-0.03240740740740744
2023-01-03,2065,2135,2035,2135,137691,0.021531100478468845
2023-01-04,2125,2185,2100,2185,51787,0.023419203747072626
2023-01-05,2175,2220,2155,2190,46657,0.0022883295194509046
2023-01-06,2160,2240,2160,2215,51490,0.011415525114155223
2023-01-09,2260,2310,2260,2260,57426,0.020316027088036037
2023-01-10,2280,2340,2280,2330,86656,0.030973451327433565
2023-01-11,2435,2440,2335,2350,196819,0.008583690987124415
2023-01-12,2400,2400,2300,2350,65628,0.0
2023-01-13,2365,2400,2320,2325,47433,-0.010638297872340385
2023-01-16,2340,2425,2340,2420,141879,0.04086021505376336
2023-01-17,2440,2440,2355,2395,99339,-0.010330578512396715
2023-01-18,2375,2400,2360,2385,71881,-0.0041753653444676075
2023-01-19,2380,2405,2365,2390,70251,0.002096436058700135
2023-01-20,2415,2480,2385,2460,243402,0.029288702928870203
2023-01-25,2470,2475,2440,2465,109868,0.00203252032520318
2023-01-26,2505,2550,2465,2490,320241,0.010141987829614507
2023-01-27,2495,2530,2490,2495,66959,0.002008032128514081
2023-01-30,2505,2515,2430,2470,90935,-0.01002004008016033
2023-01-31,2500,2515,2450,2495,51837,0.010121457489878471
2023-02-01,2515,2535,2485,2485,55709,-0.004008016032064132
2023-02-02,2485,2535,2485,2515,93552,0.012072434607645954
2023-02-03,2515,2530,2505,2510,59808,-0.001988071570576566
2023-02-06,2530,2530,2475,2475,96868,-0.013944223107569709
2023-02-07,2480,2515,2480,2505,65113,0.0121212121212122
2023-02-08,2515,2530,2495,2510,99213,0.001996007984031989
2023-02-09,2535,2570,2490,2510,133948,0.0
2023-02-10,2510,2510,2450,2500,83724,-0.003984063745019917
2023-02-13,2495,2495,2435,2495,75149,-0.0020000000000000018
2023-02-14,2500,2500,2450,2455,57589,-0.01603206412825653
2023-02-15,2455,2485,2355,2405,127115,-0.020366598778004064
2023-02-16,2420,2420,2395,2415,77123,0.004158004158004047
2023-02-17,2350,2425,2350,2400,81302,-0.006211180124223614
2023-02-20,2390,2430,2360,2425,47735,0.01041666666666674
2023-02-21,2415,2440,2410,2430,32767,0.0020618556701030855
2023-02-22,2380,2405,2370,2390,51207,-0.016460905349794275
2023-02-23,2375,2395,2360,2395,38781,0.0020920502092049986
2023-02-24,2375,2420,2350,2360,56612,-0.014613778705636737
2023-02-27,2350,2380,2270,2330,65676,-0.012711864406779627
2023-02-28,2330,2370,2310,2330,55607,0.0
2023-03-02,2315,2380,2315,2350,39910,0.008583690987124415
2023-03-03,2365,2370,2310,2325,55762,-0.010638297872340385
2023-03-06,2330,2330,2280,2310,54569,-0.006451612903225823
2023-03-07,2295,2320,2280,2315,56101,0.0021645021645022577
2023-03-08,2320,2320,2265,2275,66950,-0.017278617710583144
2023-03-09,2280,2290,2255,2260,39194,-0.00659340659340657
2023-03-10,2220,2320,2220,2270,89690,0.004424778761061843
2023-03-13,2220,2275,2195,2275,64995,0.0022026431718060735
2023-03-14,2235,2250,2140,2140,114266,-0.05934065934065935
2023-03-15,2145,2200,2105,2105,83874,-0.016355140186915862
2023-03-16,2085,2165,2085,2145,74792,0.019002375296912177
2023-03-17,2165,2225,2160,2210,45158,0.030303030303030276
2023-03-20,2240,2240,2185,2205,43936,-0.002262443438914019
2023-03-21,2195,2245,2170,2185,34677,-0.009070294784580546
2023-03-22,2185,2190,2135,2135,79049,-0.022883295194508046
2023-03-23,2140,2140,2090,2090,75511,-0.021077283372365363
2023-03-24,2110,2180,2095,2175,67214,0.04066985645933019
2023-03-27,2170,2195,2100,2195,64534,0.009195402298850519
2023-03-28,2165,2250,2160,2240,102007,0.0205011389521641
2023-03-29,2230,2255,2205,2255,63907,0.006696428571428603
2023-03-30,2255,2295,2240,2255,65510,0.0
2023-03-31,2275,2280,2230,2275,105462,0.008869179600886845
2023-04-03,2275,2300,2250,2260,46549,-0.00659340659340657
2023-04-04,2240,2285,2235,2265,30521,0.0022123893805310324
2023-04-05,2265,2295,2240,2270,79069,0.002207505518763808
2023-04-06,2270,2280,2230,2280,57453,0.004405286343612369
2023-04-07,2310,2340,2265,2310,195722,0.013157894736842035
2023-04-10,2315,2330,2210,2250,158703,-0.025974025974025983
2023-04-11,2250,2290,2205,2260,104419,0.004444444444444473
2023-04-12,2295,2295,2230,2280,107650,0.008849557522123908
2023-04-13,2280,2300,2250,2295,94727,0.006578947368421018
2023-04-14,2295,2315,2255,2310,124422,0.006535947712418277
2023-04-17,2310,2320,2255,2300,63177,-0.0043290043290042934
2023-04-18,2300,2305,2250,2285,138863,-0.006521739130434745
2023-04-19,2285,2295,2250,2280,110765,-0.002188183807439792
2023-04-20,2280,2280,2220,2260,141840,-0.00877192982456143
2023-04-21,2255,2260,2185,2230,136701,-0.013274336283185861
2023-04-24,2205,2230,2170,2210,92663,-0.008968609865470878
2023-04-25,2210,2210,2140,2170,149131,-0.018099547511312264
2023-04-26,2170,2175,2125,2175,58667,0.0023041474654377225
2023-04-27,2155,2185,2125,2175,36749,0.0
2023-04-28,2175,2175,2125,2155,72845,-0.00919540229885063
2023-05-02,2145,2165,2120,2160,70697,0.002320185614849146
2023-05-03,2150,2170,2135,2160,48501,0.0
2023-05-04,2140,2160,2130,2155,43169,-0.0023148148148147696
2023-05-08,2160,2190,2150,2190,31987,0.016241299303944245
2023-05-09,2185,2185,2145,2180,47363,-0.004566210045662156
2023-05-10,2155,2320,2150,2320,550258,0.06422018348623859
2023-05-11,2255,2265,2230,2255,211904,-0.028017241379310387
2023-05-12,2250,2265,2190,2200,165031,-0.024390243902439046
2023-05-15,2200,2210,2140,2165,101410,-0.015909090909090873
2023-05-16,2165,2175,2115,2130,99096,-0.0161662817551963
2023-05-17,2110,2150,2110,2145,31481,0.007042253521126751
2023-05-18,2145,2165,2140,2155,33652,0.004662004662004726
2023-05-19,2160,2170,2145,2150,53164,-0.002320185614849146
2023-05-22,2180,2180,2140,2165,56206,0.006976744186046435
2023-05-23,2155,2175,2150,2160,65652,-0.002309468822170868
2023-05-24,2160,2160,2135,2150,52466,-0.00462962962962965
2023-05-25,2155,2155,2130,2145,65363,-0.0023255813953488857
2023-05-26,2145,2160,2130,2130,38833,-0.006993006993006978
2023-05-30,2130,2140,2120,2135,35914,0.0023474178403755097
2023-05-31,2125,2190,2125,2135,49159,0.0
2023-06-01,2135,2155,2130,2130,30296,-0.0023419203747072626
2023-06-02,2135,2150,2135,2150,16347,0.009389671361502261
2023-06-05,2165,2165,2125,2140,71504,-0.0046511627906976605
2023-06-07,2125,2155,2125,2150,93634,0.004672897196261738
2023-06-08,2150,2150,2135,2145,32555,-0.0023255813953488857
2023-06-09,2150,2150,2130,2135,54241,-0.004662004662004615
2023-06-12,2135,2140,2110,2110,63547,-0.011709601873536313
2023-06-13,2115,2125,2100,2105,47851,-0.0023696682464454666
2023-06-14,2105,2120,2075,2105,91220,0.0
2023-06-15,2105,2110,2060,2070,72788,-0.016627078384798155
2023-06-16,2070,2090,2055,2065,55978,-0.0024154589371980784
2023-06-19,2060,2060,2035,2045,50396,-0.009685230024213065
2023-06-20,2035,2070,2035,2065,50122,0.009779951100244544
2023-06-21,2050,2075,2050,2055,50170,-0.004842615012106588
2023-06-22,2050,2065,2035,2050,33681,-0.0024330900243308973
2023-06-23,2065,2065,2025,2040,35768,-0.004878048780487809
2023-06-26,2030,2050,2015,2040,23895,0.0
2023-06-27,2080,2650,2080,2650,10356888,0.2990196078431373
2023-06-28,2895,3275,2755,2810,31473071,0.060377358490566024
2023-06-29,2870,3145,2685,2770,15533207,-0.014234875444839812
2023-06-30,2845,3090,2745,2800,14764315,0.010830324909747224
2023-07-03,2785,2880,2770,2840,2124241,0.014285714285714235
2023-07-04,2810,2830,2650,2715,1841277,-0.04401408450704225
2023-07-05,2715,2720,2575,2620,1197899,-0.03499079189686927
2023-07-06,2625,2630,2455,2485,920043,-0.05152671755725191
2023-07-07,2500,2585,2455,2545,1058049,0.024144869215291687
2023-07-10,2545,2570,2450,2485,523195,-0.023575638506876273
2023-07-11,2480,2645,2465,2585,1681676,0.04024144869215296
2023-07-12,2515,2530,2455,2480,703244,-0.04061895551257255
2023-07-13,2490,2605,2475,2605,818739,0.05040322580645151
2023-07-14,2565,2585,2485,2525,581649,-0.030710172744721653
2023-07-17,2525,2630,2480,2615,809354,0.035643564356435675
2023-07-18,2590,2640,2500,2545,734828,-0.026768642447418722
2023-07-19,2550,2550,2300,2325,1154847,-0.08644400785854622
2023-07-20,2325,2395,2305,2310,349299,-0.006451612903225823
2023-07-21,2300,2330,2235,2265,388496,-0.01948051948051943
2023-07-24,2265,2265,2140,2170,442172,-0.04194260485651213
2023-07-25,2115,2175,2100,2130,384718,-0.018433179723502335
2023-07-26,2090,2165,1944,1986,735753,-0.06760563380281692
2023-07-27,1957,2075,1952,2040,297831,0.027190332326284095
2023-07-28,1997,2080,1997,2075,154272,0.017156862745097978
2023-07-31,2070,2100,2035,2085,119715,0.004819277108433662
2023-08-01,2090,2110,2075,2105,122644,0.00959232613908867
2023-08-02,2105,2125,2050,2075,153979,-0.014251781472684133
2023-08-03,2040,2085,2015,2065,126419,-0.004819277108433773
2023-08-04,2090,2100,2050,2100,102114,0.016949152542372836
2023-08-07,2060,2125,2060,2115,107803,0.0071428571428571175
2023-08-08,2110,2125,2020,2020,157999,-0.044917257683215084
2023-08-09,2000,2140,1997,2060,272547,0.01980198019801982
2023-08-10,2060,2100,2045,2100,91590,0.01941747572815533
2023-08-11,2100,2150,2080,2125,251041,0.011904761904761862
2023-08-14,2115,2120,2040,2100,72851,-0.0117647058823529
2023-08-16,2105,2105,2000,2050,233745,-0.023809523809523836
2023-08-17,2080,2085,1978,2065,190541,0.007317073170731714
2023-08-18,2015,2065,1995,1999,128791,-0.031961259079903104
2023-08-21,1984,2020,1984,2015,61978,0.008004002001000599
2023-08-22,2025,2030,1986,1997,97305,-0.008933002481389618
2023-08-23,2015,2080,1982,2025,136009,0.014021031547321039
2023-08-24,2040,2075,2035,2040,98961,0.007407407407407307
2023-08-25,2030,2070,2020,2035,80115,-0.002450980392156854
2023-08-28,2050,2080,2035,2060,91273,0.01228501228501222
2023-08-29,2065,2100,2050,2080,118683,0.009708737864077666
2023-08-30,2090,2105,2070,2100,81285,0.009615384615384581
2023-08-31,2085,2105,2050,2050,74331,-0.023809523809523836
2023-09-01,2035,2175,2035,2100,443801,0.024390243902439046
2023-09-04,2075,2080,2030,2030,175636,-0.033333333333333326
2023-09-05,2030,2045,2020,2020,71885,-0.0049261083743842304
2023-09-06,2000,2055,2000,2045,102073,0.012376237623762387
2023-09-07,2020,2035,2000,2005,127043,-0.019559902200488977
2023-09-08,1999,2025,1995,2025,72722,0.009975062344139696
2023-09-11,2005,2045,2005,2030,49158,0.0024691358024691024
2023-09-12,2020,2050,2010,2015,71284,-0.007389162561576401
2023-09-13,2000,2200,1996,2145,2377483,0.06451612903225801
2023-09-14,2105,2300,2025,2180,5666272,0.01631701631701632
2023-09-15,2125,2270,2110,2185,1288507,0.002293577981651307
2023-09-18,2150,2160,2050,2085,734498,-0.04576659038901598
2023-09-19,2095,2295,2090,2295,3962233,0.1007194244604317
2023-09-20,2250,2375,2200,2200,2202665,-0.04139433551198257
2023-09-21,2200,2200,2095,2115,576603,-0.03863636363636369
2023-09-22,2100,2165,2030,2040,472504,-0.03546099290780147
2023-09-25,2040,2080,2010,2010,272066,-0.014705882352941124
2023-09-26,2010,2040,1960,1970,263461,-0.01990049751243783
2023-09-27,1956,1975,1901,1973,150794,0.001522842639593902
2023-10-04,1950,1970,1901,1901,153936,-0.03649265078560571
2023-10-05,1901,1936,1847,1847,237589,-0.028406102051551807
2023-10-06,1837,1893,1837,1893,56349,0.024905251759610225
2023-10-10,1862,1901,1840,1840,72458,-0.027997886951928175
2023-10-11,1880,1900,1842,1862,80986,0.011956521739130421
2023-10-12,1862,1880,1850,1868,46079,0.0032223415682062218
2023-10-13,1869,1870,1849,1854,56645,-0.00749464668094213
2023-10-16,1850,1850,1835,1835,36545,-0.01024811218985977
2023-10-17,1830,1870,1830,1868,37966,0.01798365122615797
2023-10-18,1875,1885,1780,1860,46414,-0.004282655246252709
2023-10-19,1847,1857,1807,1809,61749,-0.02741935483870972
2023-10-20,1780,1809,1750,1756,98267,-0.029297954671088977
2023-10-23,1705,1764,1700,1700,94040,-0.03189066059225509
2023-10-24,1701,1747,1676,1725,131814,0.014705882352941124
2023-10-25,1731,1765,1731,1748,52754,0.01333333333333342
2023-10-26,1687,1757,1678,1678,115098,-0.040045766590389054
2023-10-27,1686,1695,1650,1685,71498,0.004171632896305066
2023-10-30,1663,1695,1660,1681,93874,-0.002373887240356032
2023-10-31,1678,1689,1638,1638,81757,-0.02558001189768
2023-11-01,1634,1679,1634,1665,50787,0.016483516483516425
2023-11-02,1667,1735,1667,1730,40693,0.039039039039038936
2023-11-03,1730,1755,1710,1750,70492,0.011560693641618602
2023-11-06,1759,1768,1750,1768,62124,0.010285714285714231
2023-11-07,1770,1770,1729,1729,45719,-0.022058823529411797
2023-11-08,1716,1745,1716,1728,47352,-0.0005783689994216523
2023-11-09,1720,1745,1710,1723,40532,-0.0028935185185184897
2023-11-10,1726,1726,1691,1692,51610,-0.017991874637260596
2023-11-13,1712,1712,1666,1685,47382,-0.004137115839243477
2023-11-14,1681,1725,1681,1720,32409,0.020771513353115667
2023-11-15,1720,1785,1720,1771,108736,0.029651162790697683
2023-11-16,1766,1798,1766,1796,30105,0.014116318464144628
2023-11-17,1770,1795,1768,1786,20845,-0.0055679287305122616
2023-11-20,1792,1794,1775,1779,62315,-0.003919372900335949
2023-11-21,1790,1796,1775,1777,32229,-0.0011242270938729426
2023-11-22,1777,1859,1770,1786,96196,0.005064715813168252
2023-11-23,1782,1820,1782,1800,47045,0.007838745800671898
2023-11-24,1771,1801,1771,1801,35854,0.0005555555555556424
2023-11-27,1818,1818,1788,1788,37483,-0.0072182121043864456
2023-11-28,1773,1810,1769,1783,41155,-0.002796420581655523
2023-11-29,1791,1791,1763,1765,40194,-0.010095344924284877
2023-11-30,1776,1779,1746,1764,110539,-0.0005665722379603055
2023-12-01,1778,1778,1761,1772,33871,0.0045351473922903285
2023-12-04,1782,1782,1760,1767,49344,-0.0028216704288939187
2023-12-05,1751,1768,1751,1752,46422,-0.008488964346349714
2023-12-06,1756,1769,1744,1764,37783,0.006849315068493178
2023-12-07,1766,1770,1751,1763,42122,-0.0005668934240362633
2023-12-08,1763,1795,1751,1772,46446,0.005104934770277847
2023-12-11,1772,1812,1766,1804,43641,0.018058690744920947
2023-12-12,1797,1835,1797,1834,115494,0.016629711751662946
2023-12-13,1839,1839,1804,1833,61999,-0.0005452562704471031
2023-12-14,1835,1855,1835,1853,152637,0.010911074740862059
2023-12-15,1856,1863,1850,1857,44309,0.0021586616297895045
2023-12-18,1857,1882,1850,1878,70209,0.011308562197092087
2023-12-19,1852,1885,1851,1870,60409,-0.004259850905218299
2023-12-20,1885,1890,1866,1890,67510,0.010695187165775444
2023-12-21,1878,1884,1856,1856,67172,-0.017989417989418
2023-12-22,1839,1899,1839,1871,93619,0.0080818965517242
2023-12-26,1866,1900,1843,1871,83270,0.0
2023-12-27,1860,1898,1847,1869,38908,-0.001068947087119243
2023-12-28,1844,1869,1844,1863,24892,-0.0032102728731941976
2024-01-02,1873,1873,1800,1855,32293,-0.004294149221685473
2024-01-03,1825,1864,1825,1858,32323,0.0016172506738545422
2024-01-04,1865,1865,1755,1802,85291,-0.030139935414424057
2024-01-05,1784,1840,1784,1817,16914,0.008324084350721517
2024-01-08,1817,1865,1817,1840,38779,0.012658227848101333
2024-01-09,1831,1865,1830,1845,33440,0.0027173913043478937
2024-01-10,1845,1865,1838,1850,26587,0.0027100271002709064
2024-01-11,1870,2225,1852,1984,6331499,0.07243243243243236
2024-01-12,1966,1991,1931,1962,370729,-0.011088709677419373
2024-01-15,1962,2390,1933,2135,13342036,0.08817533129459743
2024-01-16,2140,2250,2060,2150,3191042,0.007025761124121788
2024-01-17,2110,2580,2080,2260,21394119,0.051162790697674376
2024-01-18,2270,2480,2210,2260,7243365,0.0
2024-01-19,2220,2350,2140,2180,1782493,-0.03539823008849563
2024-01-22,2205,2260,2115,2240,974200,0.02752293577981657
2024-01-23,2220,2250,2155,2155,468252,-0.0379464285714286
2024-01-24,2140,2350,2120,2165,3674068,0.004640371229698292
2024-01-25,2165,2185,2035,2065,652744,-0.04618937644341803
2024-01-26,2065,2200,2055,2150,633988,0.041162227602905554
2024-01-29,2175,2175,2055,2100,287011,-0.023255813953488413
2024-01-30,2100,2135,2055,2090,171123,-0.004761904761904745
2024-01-31,2175,2175,2050,2050,382897,-0.019138755980861233
2024-02-01,2030,2100,2010,2030,241496,-0.009756097560975618
2024-02-02,2030,2080,2000,2035,129169,0.0024630541871921707
2024-02-05,2030,2055,2000,2025,118986,-0.004914004914004955
2024-02-06,2030,2030,1957,1989,197921,-0.01777777777777778
2024-02-07,1970,2015,1969,1970,96306,-0.009552538964303636
2024-02-08,1970,2010,1960,1981,109284,0.005583756345177715
2024-02-13,1979,2050,1979,2050,133324,0.03483089348813739
2024-02-14,2045,2055,2010,2050,86475,0.0
2024-02-15,2045,2100,2030,2090,386562,0.019512195121951237
2024-02-16,2090,2090,2045,2085,133961,-0.0023923444976076125
2024-02-19,2070,2125,2070,2120,141109,0.01678657074340517
2024-02-20,2150,2155,2100,2150,264836,0.014150943396226356
2024-02-21,2150,2155,2070,2075,176782,-0.03488372093023251
2024-02-22,2075,2110,2060,2090,102589,0.0072289156626506035
2024-02-23,2100,2120,2065,2100,126725,0.004784688995215225
2024-02-26,2140,2160,2030,2080,453904,-0.00952380952380949
2024-02-27,2065,2080,1987,2005,344877,-0.03605769230769229
2024-02-28,2005,2015,1980,1994,112641,-0.005486284289276777
2024-02-29,1976,2015,1960,1965,107559,-0.014543630892678072
2024-03-04,1962,1965,1921,1948,80349,-0.00865139949109417
2024-03-05,1945,1945,1900,1901,151390,-0.024127310061601626
2024-03-06,1901,1920,1893,1902,52145,0.0005260389268806342
2024-03-07,1908,1914,1872,1881,96177,-0.01104100946372244
2024-03-08,1862,1920,1862,1886,58103,0.0026581605528974706
2024-03-11,1885,1905,1872,1902,45513,0.008483563096500557
2024-03-12,1905,1925,1885,1903,39096,0.000525762355415349
2024-03-13,1913,1913,1869,1900,73944,-0.0015764582238571023
2024-03-14,1900,1910,1875,1893,60255,-0.0036842105263157343
2024-03-15,1880,1896,1862,1866,78510,-0.014263074484944571
2024-03-18,1851,1868,1850,1858,44956,-0.004287245444801746
2024-03-19,1842,1858,1840,1841,62914,-0.00914962325080737
2024-03-20,1856,1856,1830,1835,53159,-0.0032590983161325804
2024-03-21,1829,2275,1829,2060,9390666,0.12261580381471382
2024-03-22,2040,2315,1996,2145,9956487,0.04126213592233019
2024-03-25,2160,2165,2085,2115,713955,-0.013986013986013957
2024-03-26,2090,2145,2075,2085,548824,-0.014184397163120588
2024-03-27,2080,2105,2040,2050,334907,-0.016786570743405282
2024-03-28,2055,2095,2040,2050,141433,0.0
2024-03-29,2050,2075,2005,2005,196792,-0.02195121951219514
2024-04-01,1990,2060,1990,2060,143453,0.027431421446383997
2024-04-02,2050,2050,1992,1995,188639,-0.03155339805825241
2024-04-03,1990,2005,1926,1927,217241,-0.034085213032581496
2024-04-04,1927,1952,1906,1922,63511,-0.002594706798131785
2024-04-05,1905,1943,1891,1903,76891,-0.009885535900104103
2024-04-08,1903,1915,1880,1906,76260,0.0015764582238571023
2024-04-09,1893,1986,1893,1975,166354,0.03620146904512067
2024-04-11,1975,1975,1913,1943,64009,-0.016202531645569618
2024-04-12,1930,1946,1912,1912,91791,-0.015954709212557927
2024-04-15,1923,1941,1875,1929,77955,0.008891213389121244
2024-04-16,1902,1935,1897,1900,82435,-0.015033696215655756
2024-04-17,1886,1944,1886,1890,51823,-0.0052631578947368585
2024-04-18,1866,1922,1866,1918,31838,0.014814814814814836
2024-04-19,1947,1947,1877,1890,102531,-0.014598540145985384
2024-04-22,1872,1891,1869,1879,62917,-0.0058201058201058364
2024-04-23,1875,1910,1860,1876,62367,-0.0015965939329430912
2024-04-24,1868,1903,1868,1883,25365,0.003731343283582156
2024-04-25,1872,1895,1870,1880,25157,-0.0015932023366967973
2024-04-26,1880,1929,1864,1880,84893,0.0
2024-04-29,1882,1909,1882,1904,33240,0.012765957446808418
2024-04-30,1900,1918,1900,1918,35921,0.007352941176470562
2024-05-02,1898,1960,1898,1946,91283,0.014598540145985384
2024-05-03,1918,1955,1918,1939,38985,-0.003597122302158251
2024-05-07,1944,1952,1925,1930,33103,-0.004641567818463144
2024-05-08,1930,1940,1925,1936,42261,0.0031088082901553626
2024-05-09,1947,1947,1923,1936,34901,0.0
2024-05-10,1936,1936,1919,1924,35266,-0.006198347107438051
2024-05-13,1924,1924,1888,1894,53596,-0.015592515592515621
2024-05-14,1894,1920,1894,1915,57369,0.011087645195353657
2024-05-16,1915,1936,1915,1929,38855,0.0073107049608354124
2024-05-17,1935,1935,1915,1927,43680,-0.0010368066355624928
2024-05-20,1907,1933,1904,1933,36299,0.0031136481577582753
2024-05-21,1940,1940,1916,1922,67956,-0.005690636316606268
2024-05-22,1935,1939,1921,1929,18680,0.0036420395421437046
2024-05-23,1935,1935,1910,1930,32906,0.0005184033177811909
2024-05-24,1930,1930,1920,1921,61202,-0.004663212435233155
2024-05-27,2020,2025,1940,1952,350399,0.016137428422696498
2024-05-28,1960,1973,1932,1969,113001,0.008709016393442681
2024-05-29,1969,1980,1935,1949,64436,-0.01015744032503807
2024-05-30,1927,1950,1925,1950,43859,0.0005130836326321386
2024-05-31,1952,1974,1940,1970,106800,0.01025641025641022
2024-06-03,1970,1990,1967,1980,134505,0.0050761421319796
2024-06-04,1965,1982,1965,1970,70081,-0.005050505050505083
2024-06-05,1956,1980,1942,1949,92881,-0.010659898477157315
2024-06-07,1937,1957,1937,1950,35514,0.0005130836326321386
2024-06-10,1929,1949,1926,1941,18094,-0.004615384615384577
2024-06-11,1943,1946,1935,1936,27596,-0.0025759917568263235
2024-06-12,1959,1959,1926,1929,38742,-0.003615702479338845
2024-06-13,1923,1937,1906,1918,74348,-0.005702436495593544
2024-06-14,1918,1918,1892,1898,66535,-0.010427528675703845
2024-06-17,1882,1907,1882,1894,54336,-0.0021074815595363283
2024-06-18,1888,1894,1877,1878,54816,-0.008447729672650506
2024-06-19,1879,1888,1860,1863,99681,-0.007987220447284393
2024-06-20,1875,1885,1861,1861,43099,-0.0010735373054213682
2024-06-21,1861,1874,1849,1849,41404,-0.006448146157979617
2024-06-24,1860,1860,1800,1806,51221,-0.023255813953488413
2024-06-25,1783,1806,1782,1805,47435,-0.0005537098560354226
2024-06-26,1794,1804,1790,1800,46718,-0.0027700831024930483
2024-06-27,1810,1835,1785,1790,58842,-0.005555555555555536
2024-06-28,1782,1799,1782,1799,24730,0.005027932960893766
2024-07-01,1785,1799,1778,1798,37700,-0.0005558643690939391
2024-07-02,1784,1795,1783,1785,28999,-0.007230255839822064
2024-07-03,1785,1795,1750,1764,51405,-0.0117647058823529
2024-07-04,1764,1775,1762,1762,31355,-0.0011337868480725266
2024-07-05,1745,1775,1745,1763,13479,0.0005675368898978572
2024-07-08,1786,1789,1751,1767,19513,0.0022688598979012653
2024-07-09,1765,1767,1746,1761,13041,-0.00339558573853993
2024-07-10,1760,1767,1758,1765,19846,0.0022714366837024436
2024-07-11,1775,1785,1760,1769,23349,0.002266288951841444
2024-07-12,1770,1787,1770,1787,24806,0.010175240248728068
2024-07-15,1787,1797,1782,1788,25628,0.0005595970900951208
2024-07-16,1791,1867,1770,1828,183838,0.02237136465324374
2024-07-17,1815,1834,1802,1804,39036,-0.013129102844638973
2024-07-18,1820,1820,1770,1805,30946,0.0005543237250553723
2024-07-19,1786,1800,1782,1796,22981,-0.004986149584487509
2024-07-22,1805,1805,1750,1778,60876,-0.010022271714922093
2024-07-23,1757,1789,1757,1769,9767,-0.005061867266591635
2024-07-24,1751,1815,1740,1740,66588,-0.016393442622950838
2024-07-25,1740,1747,1700,1700,65292,-0.02298850574712641
2024-07-26,1729,1730,1679,1710,48258,0.00588235294117645
2024-07-29,1701,1719,1690,1709,21177,-0.0005847953216374657
2024-07-30,1691,1698,1679,1679,31501,-0.017554125219426564
2024-07-31,1679,1709,1670,1670,38317,-0.005360333531864159
2024-08-01,1671,1724,1671,1719,20171,0.02934131736526946
2024-08-02,1700,1728,1680,1680,27089,-0.022687609075043635
2024-08-05,1680,1680,1430,1464,168941,-0.12857142857142856
2024-08-06,1324,1539,1324,1508,97718,0.030054644808743092
2024-08-07,1523,1553,1485,1550,25280,0.027851458885941538
2024-08-08,1540,1600,1503,1520,27713,-0.01935483870967747
2024-08-09,1521,1538,1520,1526,44539,0.003947368421052699
2024-08-12,1550,1563,1506,1535,25917,0.005897771952817932
2024-08-13,1536,1536,1512,1526,17757,-0.005863192182410382
2024-08-14,1569,1569,1527,1543,13672,0.011140235910878094
2024-08-16,1590,1590,1546,1570,10908,0.017498379779649964
2024-08-19,1556,1577,1552,1557,16334,-0.008280254777070062
2024-08-20,1556,1571,1555,1568,38031,0.007064868336544627
2024-08-21,1555,1570,1515,1553,42985,-0.00956632653061229
2024-08-22,1624,1631,1520,1566,129173,0.008370895041854398
2024-08-23,1540,1565,1540,1560,23143,-0.003831417624521105
2024-08-26,1560,1560,1540,1549,27800,-0.007051282051282026
2024-08-27,1512,1554,1511,1550,58784,0.0006455777921239303
2024-08-28,1547,1547,1511,1525,54214,-0.016129032258064502
2024-08-29,1524,1524,1500,1510,41624,-0.00983606557377048
2024-08-30,1499,1533,1499,1517,17666,0.004635761589403931
2024-09-02,1513,1547,1500,1511,29232,-0.0039551746868820015
2024-09-03,1520,1528,1515,1516,3411,0.0033090668431501324
2024-09-04,1472,1515,1472,1490,20261,-0.01715039577836408
2024-09-05,1473,1515,1460,1462,39303,-0.018791946308724827
2024-09-06,1452,1478,1421,1427,51690,-0.0239398084815321
2024-09-09,1390,1420,1362,1409,310975,-0.01261387526278912
2024-09-10,1393,1419,1392,1400,23342,-0.0063875088715400485
2024-09-11,1400,1409,1347,1347,127863,-0.03785714285714281
2024-09-12,1351,1376,1351,1373,45758,0.019302152932442418
2024-09-13,1373,1390,1366,1368,39575,-0.0036416605972323657
2024-09-19,1385,1399,1366,1390,9443,0.016081871345029253
2024-09-20,1383,1409,1383,1408,22754,0.012949640287769792
2024-09-23,1408,1425,1402,1411,19043,0.0021306818181818787
2024-09-24,1412,1420,1383,1413,29076,0.0014174344436570507
2024-09-25,1397,1428,1397,1415,39622,0.0014154281670204494
2024-09-26,1415,1425,1403,1423,38335,0.00565371024734973
2024-09-27,1423,1435,1423,1426,38227,0.0021082220660575413
2024-09-30,1408,1434,1403,1403,23547,-0.016129032258064502
2024-10-02,1388,1400,1377,1387,19781,-0.011404133998574428
2024-10-04,1373,1395,1373,1380,9557,-0.005046863734679219
2024-10-07,1380,1399,1374,1393,7661,0.009420289855072372
2024-10-08,1410,1428,1380,1392,26661,-0.000717875089734421
2024-10-10,1410,1534,1388,1404,157067,0.008620689655172376
2024-10-11,1430,1520,1396,1437,180485,0.02350427350427342
2024-10-14,1439,1480,1435,1456,54543,0.013221990257480831
2024-10-15,1441,1500,1441,1461,59676,0.003434065934065922
2024-10-16,1450,1469,1447,1467,21439,0.004106776180698102
2024-10-17,1467,1545,1463,1486,87573,0.012951601908657073
2024-10-18,1463,1480,1450,1454,31027,-0.021534320323014833
2024-10-21,1427,1452,1425,1435,59687,-0.013067400275103114
2024-10-22,1413,1424,1399,1400,43666,-0.024390243902439046
2024-10-23,1409,1471,1393,1450,32016,0.03571428571428581
2024-10-24,1409,1460,1409,1430,17979,-0.01379310344827589
2024-10-25,1416,1432,1416,1431,21474,0.0006993006993007977
2024-10-28,1431,1435,1419,1428,25264,-0.002096436058700246
2024-10-29,1416,1440,1416,1428,12794,0.0
2024-10-30,1420,1440,1400,1411,68474,-0.011904761904761862
2024-10-31,1411,1415,1385,1413,13960,0.0014174344436570507
2024-11-01,1401,1430,1391,1411,18216,-0.0014154281670205604
2024-11-04,1411,1418,1381,1417,14949,0.00425230333097093
2024-11-05,1396,1430,1396,1404,11021,-0.00917431192660545
2024-11-06,1405,1415,1399,1410,12466,0.004273504273504258
2024-11-07,1410,1470,1400,1447,41512,0.026241134751773032
2024-11-08,1441,1492,1441,1463,65367,0.011057360055286791
2024-11-11,1448,1475,1417,1432,30865,-0.021189336978810647
2024-11-12,1417,1432,1357,1357,72318,-0.052374301675977675
2024-11-13,1335,1365,1328,1344,70034,-0.009579955784819405
2024-11-14,1314,1344,1311,1317,51879,-0.0200892857142857
2024-11-15,1300,1335,1300,1323,31773,0.004555808656036442
2024-11-18,1305,1330,1305,1309,26100,-0.010582010582010581
2024-11-19,1295,1329,1295,1326,13835,0.01298701298701288
2024-11-20,1314,1421,1314,1360,104771,0.02564102564102555
2024-11-21,1356,1390,1356,1358,17474,-0.0014705882352941124
2024-11-22,1330,1358,1330,1350,37447,-0.00589101620029453
2024-11-25,1330,1460,1330,1376,153322,0.01925925925925931
2024-11-26,1362,1402,1361,1402,32969,0.018895348837209225
2024-11-27,1398,1398,1372,1374,72120,-0.0199714693295292
2024-11-28,1370,1380,1355,1377,24187,0.0021834061135370675
2024-11-29,1377,1407,1352,1370,24653,-0.005083514887436413
2024-12-02,1370,1376,1295,1314,50927,-0.040875912408759096
2024-12-03,1304,1330,1304,1329,34802,0.011415525114155223
2024-12-04,1329,1339,1258,1311,69445,-0.013544018058690765
2024-12-05,1311,1311,1295,1296,21812,-0.011441647597253968
2024-12-06,1296,1299,1235,1237,61322,-0.04552469135802473
2024-12-09,1222,1244,1190,1193,98857,-0.035569927243330635
2024-12-10,1156,1250,1156,1250,97442,0.047778709136630404
2024-12-11,1250,1289,1220,1289,40718,0.031199999999999894
2024-12-12,1292,1316,1260,1283,38552,-0.004654771140418901
2024-12-13,1290,1314,1283,1314,58633,0.024162120031177015
2024-12-16,1314,1329,1300,1308,36027,-0.004566210045662156
2024-12-17,1308,1315,1300,1315,39619,0.005351681957186605
2024-12-18,1320,1320,1306,1318,34189,0.0022813688212928174
2024-12-19,1339,1339,1301,1307,36724,-0.00834597875569043
2024-12-20,1311,1311,1290,1293,33500,-0.010711553175210442
2024-12-23,1293,1328,1282,1328,97696,0.02706883217324063
2024-12-24,1312,1345,1305,1328,21707,0.0
2024-12-26,1320,1334,1312,1316,41364,-0.009036144578313254
2024-12-27,1330,1330,1282,1282,36066,-0.02583586626139822
2024-12-30,1282,1305,1282,1298,7788,0.012480499219968744
2025-01-02,1275,1300,1275,1299,15984,0.0007704160246533309
2025-01-03,1299,1307,1294,1301,23373,0.0015396458814471714
2025-01-06,1300,1324,1300,1313,8984,0.009223674096848544
2025-01-07,1320,1328,1299,1309,18357,-0.0030464584920030235
2025-01-08,1308,1331,1295,1307,36900,-0.0015278838808250317
2025-01-09,1307,1319,1291,1305,7616,-0.0015302218821728886
2025-01-10,1296,1305,1275,1303,12577,-0.0015325670498084198
2025-01-13,1303,1303,1273,1280,23731,-0.01765157329240219
2025-01-14,1275,1312,1271,1311,8881,0.024218749999999956
2025-01-15,1311,1331,1295,1323,29254,0.009153318077803174
2025-01-16,1329,1329,1305,1322,14549,-0.0007558578987150177
2025-01-17,1322,1338,1298,1310,27363,-0.009077155824508298
2025-01-20,1310,1319,1286,1288,34704,-0.016793893129770976
2025-01-21,1284,1299,1281,1283,17385,-0.0038819875776398005
2025-01-22,1290,1296,1280,1293,18067,0.0077942322681214815
2025-01-23,1305,1310,1290,1304,22362,0.008507347254447017
2025-01-24,1304,1399,1285,1394,358837,0.0690184049079754
2025-01-31,1395,1398,1355,1355,66142,-0.027977044476327095
2025-02-03,1355,1360,1290,1297,94834,-0.04280442804428042
2025-02-04,1286,1320,1283,1317,33427,0.01542020046260606
2025-02-05,1306,1323,1297,1300,22412,-0.012908124525436548
2025-02-06,1310,1320,1294,1315,52013,0.011538461538461497
2025-02-07,1315,1323,1291,1315,57170,0.0
2025-02-10,1300,1315,1285,1315,28599,0.0
2025-02-11,1318,1320,1291,1307,45188,-0.006083650190114032
2025-02-12,1307,1312,1289,1291,44376,-0.01224177505738333
2025-02-13,1297,1308,1283,1287,56029,-0.0030983733539891034
2025-02-14,1284,1307,1275,1285,73822,-0.0015540015540015384
2025-02-17,1292,1292,1278,1290,55800,0.0038910505836575737
2025-02-18,1294,1304,1285,1303,40208,0.010077519379845024
2025-02-19,1299,1325,1289,1298,68460,-0.0038372985418265726
2025-02-20,1298,1309,1291,1295,35747,-0.0023112480739599928
2025-02-21,1305,1307,1291,1303,8141,0.00617760617760621
2025-02-24,1288,1325,1288,1299,43576,-0.003069838833461236
2025-02-25,1285,1320,1285,1299,69689,0.0
2025-02-26,1301,1303,1293,1299,17918,0.0
2025-02-27,1299,1306,1296,1302,14798,0.002309468822170979
2025-02-28,1292,1293,1275,1277,36581,-0.01920122887864828
2025-03-04,1265,1285,1255,1260,29488,-0.013312451057165275
2025-03-05,1246,1280,1246,1279,49356,0.015079365079365026
2025-03-06,1282,1282,1264,1264,20524,-0.011727912431587217
2025-03-07,1264,1274,1261,1264,13274,0.0
2025-03-10,1258,1377,1250,1282,128957,0.014240506329114
2025-03-11,1253,1377,1253,1308,74270,0.020280811232449292
2025-03-12,1300,1335,1232,1273,77966,-0.02675840978593269
2025-03-13,1280,1328,1267,1293,48757,0.01571091908876676
2025-03-14,1282,1349,1268,1310,60782,0.01314771848414531
2025-03-17,1310,1320,1291,1295,47910,-0.011450381679389277
2025-03-18,1282,1305,1280,1284,16762,-0.008494208494208455
2025-03-19,1288,1289,1277,1289,11286,0.003894080996884819
2025-03-20,1279,1298,1279,1283,5675,-0.004654771140418901
2025-03-21,1283,1283,1271,1280,7472,-0.002338269680436489
2025-03-24,1271,1280,1266,1276,16375,-0.0031250000000000444
2025-03-25,1276,1285,1261,1271,57818,-0.003918495297805635
2025-03-26,1270,1300,1261,1268,20612,-0.002360346184106965
2025-03-27,1268,1271,1259,1266,10838,-0.001577287066246047
2025-03-28,1261,1263,1242,1255,33032,-0.008688783570300118
2025-03-31,1254,1264,1231,1254,43049,-0.0007968127490040056
2025-04-01,1240,1300,1237,1274,26027,0.01594896331738438
2025-04-02,1270,1273,1250,1251,19442,-0.01805337519623229
2025-04-03,1251,1254,1243,1252,7972,0.0007993605115907965
2025-04-04,1252,1270,1231,1253,29493,0.0007987220447285281
2025-04-07,1231,1291,1156,1205,81299,-0.03830806065442938
2025-04-08,1200,1240,1115,1186,123604,-0.01576763485477184
2025-04-09,1186,1203,1176,1176,22426,-0.00843170320404718
2025-04-10,1190,1220,1190,1211,28738,0.029761904761904656
2025-04-11,1190,1209,1174,1194,52825,-0.014037985136250986
2025-04-14,1194,1221,1192,1221,54809,0.022613065326633208
2025-04-15,1223,1250,1219,1247,46076,0.02129402129402136
2025-04-16,1247,1273,1220,1259,35778,0.009623095429029727
2025-04-17,1259,1270,1258,1264,19400,0.003971405877680745
2025-04-18,1275,1278,1255,1269,17587,0.003955696202531556
2025-04-21,1269,1289,1269,1283,15583,0.011032308904649346
2025-04-22,1283,1290,1267,1290,7350,0.005455962587685104
2025-04-23,1280,1320,1280,1320,30813,0.023255813953488413
2025-04-24,1330,1330,1300,1307,25743,-0.009848484848484884
2025-04-25,1307,1320,1307,1310,18851,0.002295332823259333
2025-04-28,1313,1324,1293,1320,35466,0.007633587786259444
2025-04-29,1320,1320,1294,1306,24781,-0.010606060606060619
2025-04-30,1306,1315,1297,1298,8932,-0.006125574272588086
2025-05-02,1298,1349,1291,1336,54455,0.02927580893682591
2025-05-07,1336,1349,1316,1325,22865,-0.00823353293413176
2025-05-08,1299,1328,1299,1328,12634,0.0022641509433962703
2025-05-09,1318,1325,1315,1316,11986,-0.009036144578313254
2025-05-12,1316,1316,1300,1306,20607,-0.0075987841945288626
2025-05-13,1307,1308,1300,1305,10314,-0.0007656967840734552
2025-05-14,1292,1305,1290,1299,33606,-0.0045977011494252595
2025-05-15,1291,1299,1289,1298,19533,-0.0007698229407235857
2025-05-16,1296,1298,1270,1270,41696,-0.02157164869029271
2025-05-19,1280,1361,1252,1310,222244,0.03149606299212593
2025-05-20,1320,1320,1290,1298,84544,-0.009160305343511421
2025-05-21,1290,1305,1290,1297,28610,-0.0007704160246533309
2025-05-22,1299,1304,1270,1285,43720,-0.009252120277563614
2025-05-23,1290,1294,1270,1280,13697,-0.0038910505836575737
2025-05-26,1280,1280,1260,1265,27285,-0.01171875
2025-05-27,1265,1266,1257,1264,18190,-0.0007905138339920903
2025-05-28,1273,1273,1262,1273,11491,0.007120253164556889
2025-05-29,1280,1289,1269,1274,27761,0.0007855459544383603
2025-05-30,1274,1370,1271,1330,247508,0.04395604395604402
2025-06-02,1330,1330,1301,1313,79149,-0.012781954887218006
2025-06-04,1350,1362,1324,1333,79830,0.015232292460015229
2025-06-05,1330,1332,1319,1325,32456,-0.006001500375093727
2025-06-09,1323,1340,1323,1330,31600,0.0037735849056603765
2025-06-10,1324,1339,1319,1323,34084,-0.0052631578947368585
2025-06-11,1323,1340,1319,1319,51751,-0.003023431594860182
2025-06-12,1337,1337,1316,1327,29799,0.006065200909780133
2025-06-13,1316,1329,1315,1324,36095,-0.0022607385079125297
2025-06-16,1324,1329,1296,1313,26757,-0.0083081570996979
2025-06-17,1328,1328,1298,1311,43898,-0.0015232292460015673
2025-06-18,1298,1311,1295,1300,28236,-0.008390541571319576
2025-06-19,1312,1312,1298,1304,13409,0.003076923076922977
2025-06-20,1300,1325,1300,1325,34270,0.01610429447852768
2025-06-23,1326,1326,1295,1319,56580,-0.00452830188679243
2025-06-24,1312,1325,1306,1318,47085,-0.0007581501137224889
2025-06-25,1324,1324,1299,1307,69526,-0.00834597875569043
2025-06-26,1307,1307,1293,1307,15109,0.0
2025-06-27,1307,1313,1299,1307,29730,0.0
2025-06-30,1300,1310,1288,1292,41306,-0.011476664116296886
2025-07-01,1292,1308,1281,1298,35964,0.004643962848297267
2025-07-02,1305,1305,1282,1300,13613,0.0015408320493066618
2025-07-03,1308,1308,1300,1306,20938,0.004615384615384688
2025-07-04,1306,1306,1298,1300,13804,-0.004594180704441064
2025-07-07,1300,1303,1297,1303,14865,0.002307692307692344
2025-07-08,1297,1305,1297,1303,14615,0.0
2025-07-09,1303,1303,1297,1301,9648,-0.0015349194167306734
2025-07-10,1309,1309,1297,1302,15919,0.000768639508070823
2025-07-11,1302,1309,1294,1301,45547,-0.0007680491551459445
2025-07-14,1305,1305,1296,1300,16249,-0.000768639508070712
2025-07-15,1301,1309,1299,1303,29575,0.002307692307692344
2025-07-16,1304,1309,1297,1301,11593,-0.0015349194167306734
2025-07-17,1301,1301,1296,1301,22081,0.0
2025-07-18,1302,1309,1299,1305,14754,0.003074558032282848
2025-07-21,1305,1305,1297,1299,33606,-0.0045977011494252595
2025-07-22,1303,1303,1295,1299,18346,0.0
2025-07-23,1299,1307,1298,1307,19756,0.00615858352578913
2025-07-24,1307,1307,1299,1305,32145,-0.0015302218821728886
2025-07-25,1303,1433,1299,1300,726084,-0.003831417624521105
2025-07-28,1300,1314,1298,1313,39792,0.010000000000000009
2025-07-29,1313,1346,1313,1326,52876,0.00990099009900991
2025-07-30,1313,1326,1313,1315,24985,-0.008295625942684737
2025-07-31,1315,1315,1302,1304,23307,-0.008365019011406849
2025-08-01,1304,1319,1299,1299,45921,-0.0038343558282208923
2025-08-04,1321,1321,1294,1301,28465,0.0015396458814471714
2025-08-05,1293,1319,1293,1301,13162,0.0
2025-08-06,1302,1309,1294,1299,38836,-0.001537279016141424
2025-08-07,1304,1310,1299,1309,21824,0.007698229407236301
2025-08-08,1302,1309,1300,1303,16689,-0.004583651642475206
2025-08-11,1303,1307,1296,1301,21730,-0.0015349194167306734
2025-08-12,1303,1309,1299,1305,12968,0.003074558032282848
2025-08-13,1307,1310,1295,1310,42823,0.003831417624521105
2025-08-14,1305,1323,1304,1321,24843,0.008396946564885432
2025-08-18,1306,1322,1298,1304,50402,-0.012869038607115857
2025-08-19,1304,1347,1298,1345,93191,0.03144171779141103
2025-08-20,1334,1566,1300,1303,2535596,-0.03122676579925654
2025-08-21,1304,1305,1294,1296,168407,-0.005372217958557135
2025-08-22,1298,1318,1295,1304,62350,0.006172839506172867
2025-08-25,1297,1304,1291,1295,52043,-0.006901840490797562
2025-08-26,1295,1329,1295,1314,83367,0.014671814671814776
2025-08-27,1315,1315,1300,1308,34115,-0.004566210045662156
2025-08-28,1299,1308,1299,1308,14307,0.0
2025-08-29,1308,1318,1301,1313,22784,0.003822629969419067
2025-09-01,1323,1323,1297,1300,46650,-0.00990099009900991
2025-09-02,1300,1665,1300,1460,9507726,0.12307692307692308
2025-09-03,1450,1459,1375,1425,1176678,-0.023972602739726012
2025-09-04,1407,1407,1379,1389,443210,-0.025263157894736876
2025-09-05,1383,1400,1380,1387,225982,-0.0014398848092153083
2025-09-08,1393,1411,1382,1396,253727,0.006488824801730297
2025-09-09,1395,1395,1380,1387,178651,-0.006446991404011504
2025-09-10,1387,1406,1386,1403,113319,0.011535688536409516
2025-09-11,1403,1415,1378,1404,123300,0.0007127583749109156
2025-09-12,1404,1429,1398,1405,205528,0.0007122507122507837
2025-09-15,1418,1454,1409,1441,322736,0.025622775800711706
2025-09-16,1437,1441,1405,1405,143043,-0.02498265093684937
2025-09-17,1406,1428,1381,1412,83962,0.004982206405693912
2025-09-18,1412,1428,1402,1417,57259,0.003541076487252104
2025-09-19,1417,1418,1399,1399,46019,-0.012702893436838392
2025-09-22,1393,1400,1381,1399,72985,0.0
2025-09-23,1381,1414,1380,1404,108625,0.0035739814152966343
2025-09-24,1408,1409,1375,1383,44514,-0.014957264957264904
2025-09-25,1383,1386,1360,1360,55242,-0.016630513376717282
2025-09-26,1370,1381,1331,1332,62941,-0.020588235294117685
2025-09-29,1363,1363,1331,1346,43802,0.010510510510510551
2025-09-30,1360,1559,1359,1390,2504026,0.03268945022288272
2025-10-01,1415,1450,1370,1423,535367,0.023741007194244546
2025-10-02,1404,1499,1401,1447,733849,0.016865776528460996
2025-10-10,1447,1459,1409,1433,168984,-0.009675190048375915
2025-10-13,1382,1468,1382,1439,133440,0.004187020237264472
2025-10-14,1440,1448,1412,1420,73983,-0.013203613620569876
2025-10-15,1420,1459,1420,1437,75165,0.011971830985915588
2025-10-16,1445,1445,1405,1425,128286,-0.008350730688935326
2025-10-17,1424,1431,1383,1409,122317,-0.011228070175438587
2025-10-20,1407,1407,1385,1400,60839,-0.0063875088715400485
2025-10-21,1408,1408,1380,1380,75662,-0.014285714285714235
2025-10-22,1380,1400,1370,1400,63846,0.01449275362318847
2025-10-23,1400,1400,1380,1380,40501,-0.014285714285714235
2025-10-24,1396,1396,1366,1388,43183,0.005797101449275255
2025-10-27,1388,1397,1370,1397,67596,0.006484149855907839
2025-10-28,1397,1397,1379,1390,48298,-0.005010737294201872
2025-10-29,1436,1490,1405,1430,691184,0.02877697841726623
2025-10-30,1426,1427,1389,1396,151325,-0.023776223776223793
2025-10-31,1396,1410,1380,1395,56651,-0.0007163323782235498
2025-11-03,1400,1499,1396,1493,828843,0.07025089605734758
2025-11-04,1498,1534,1457,1460,663532,-0.022103148024112507
2025-11-05,1460,1469,1380,1436,158963,-0.016438356164383605
2025-11-06,1437,1491,1436,1491,168738,0.03830083565459619
2025-11-07,1491,1552,1420,1440,446728,-0.03420523138832998
2025-11-10,1440,1477,1433,1448,98038,0.005555555555555536
2025-11-11,1460,1487,1434,1439,149345,-0.006215469613259694
2025-11-12,1453,1464,1435,1453,87266,0.00972897845726206
2025-11-13,1463,1463,1432,1454,36337,0.0006882312456986117
2025-11-14,1454,1463,1424,1462,99318,0.005502063273727709
2025-11-17,1472,1472,1441,1454,56108,-0.005471956224350261
2025-11-18,1470,1470,1397,1420,74193,-0.023383768913342484
2025-11-19,1448,1448,1385,1400,33773,-0.014084507042253502
2025-11-20,1385,1436,1385,1422,32958,0.01571428571428579
2025-11-21,1399,1413,1377,1397,86912,-0.017580872011251802
2025-11-24,1378,1420,1375,1375,125556,-0.015748031496062964
2025-11-25,1379,1394,1354,1390,49885,0.01090909090909098
2025-11-26,1390,1411,1368,1411,42921,0.015107913669064832
2025-11-27,1400,1419,1400,1411,25437,0.0
2025-11-28,1411,1424,1398,1411,20815,0.0
2025-12-01,1411,1422,1390,1420,39019,0.006378454996456506
2025-12-02,1435,1435,1409,1417,22544,-0.0021126760563380254
2025-12-03,1418,1438,1390,1430,43652,0.00917431192660545
2025-12-04,1430,1440,1411,1434,37189,0.002797202797202747
2025-12-05,1444,1446,1412,1438,70542,0.002789400278939924
2025-12-08,1437,1437,1399,1400,87321,-0.026425591098748313
2025-12-09,1400,1417,1384,1399,28434,-0.0007142857142856673
2025-12-10,1399,1412,1381,1390,38630,-0.006433166547534008
2025-12-11,1392,1395,1381,1384,75166,-0.004316546762589968
2025-12-12,1386,1405,1383,1390,89147,0.004335260115607031
2025-12-15,1390,1403,1383,1391,33530,0.0007194244604316058
2025-12-16,1391,1409,1367,1392,83979,0.0007189072609632419
2025-12-17,1392,1398,1376,1394,25711,0.001436781609195359
2025-12-18,1394,1397,1358,1358,80299,-0.02582496413199431
2025-12-19,1371,1371,1338,1366,77493,0.00589101620029453
2025-12-22,1364,1405,1364,1395,72130,0.021229868228404003
2025-12-23,1391,1410,1374,1378,35220,-0.012186379928315394
2025-12-24,1378,1386,1366,1377,34945,-0.0007256894049346707
2025-12-26,1377,1393,1372,1379,30994,0.001452432824981864
2025-12-29,1378,1378,1365,1371,50920,-0.00580130529369105
2025-12-30,1371,1371,1349,1355,17330,-0.011670313639679075
2026-01-02,1355,1365,1347,1347,35190,-0.005904059040590437
2026-01-05,1350,1367,1343,1354,46150,0.0051967334818114885
2026-01-06,1354,1389,1342,1345,42543,-0.006646971935007406
2026-01-07,1340,1340,1321,1321,69344,-0.017843866171003753
2026-01-08,1326,1326,1282,1285,90481,-0.027252081756245272
2026-01-09,1280,1290,1267,1281,28839,-0.003112840466926059
2026-01-12,1279,1289,1267,1278,62971,-0.0023419203747072626
2026-01-13,1278,1279,1249,1249,124622,-0.022691705790297334
2026-01-14,1252,1258,1241,1258,41308,0.007205764611689425
2026-01-15,1258,1296,1254,1288,45604,0.0238473767885532
2026-01-16,1295,1315,1240,1278,83599,-0.00776397515527949
2026-01-19,1273,1300,1272,1278,53352,0.0
2026-01-20,1278,1294,1261,1293,75594,0.011737089201877993
2026-01-21,1293,1310,1286,1310,51821,0.01314771848414531
2026-01-22,1309,1324,1284,1299,61395,-0.008396946564885543
2026-01-23,1300,1310,1288,1305,52354,0.004618937644341736
2026-01-26,1329,1330,1301,1330,58200,0.019157088122605304
2026-01-27,1319,1350,1316,1350,40766,0.015037593984962516
2026-01-28,1350,1350,1326,1346,71313,-0.002962962962962945
2026-01-29,1332,1341,1322,1338,59119,-0.005943536404160454
2026-01-30,1338,1338,1322,1326,92777,-0.008968609865470878
2026-02-02,1339,1339,1307,1307,68970,-0.014328808446455454
