Date,Open,High,Low,Close,Volume,Change
2022-01-03,3860,3900,3825,3900,146984,0.01298701298701288
2022-01-04,3925,4190,3905,4190,4137217,0.07435897435897432
2022-01-05,4260,4430,4155,4330,6575337,0.03341288782816232
2022-01-06,4360,4395,4195,4295,2069581,-0.008083140877598205
2022-01-07,4480,4505,4165,4275,2548643,-0.00465657741559955
2022-01-10,4225,4330,4130,4170,748530,-0.024561403508771895
2022-01-11,4265,4450,4055,4055,4991284,-0.027577937649880147
2022-01-12,4175,4190,4060,4150,656982,0.023427866831072786
2022-01-13,4120,4140,4045,4075,493611,-0.01807228915662651
2022-01-14,4050,4095,4010,4030,501733,-0.011042944785276121
2022-01-17,4050,4150,3930,3940,823522,-0.022332506203473934
2022-01-18,3900,3910,3710,3755,861808,-0.04695431472081213
2022-01-19,3660,3845,3650,3725,427699,-0.007989347536617841
2022-01-20,3715,3820,3710,3800,305246,0.020134228187919545
2022-01-21,3755,3815,3705,3750,216990,-0.013157894736842146
2022-01-24,3750,3760,3600,3600,314871,-0.040000000000000036
2022-01-25,3645,3650,3355,3520,569230,-0.022222222222222254
2022-01-26,3455,3555,3455,3460,386578,-0.017045454545454586
2022-01-27,3470,3515,3200,3305,461942,-0.044797687861271696
2022-01-28,3325,3560,3225,3485,543105,0.05446293494705001
2022-02-03,3485,3695,3485,3540,388232,0.015781922525107683
2022-02-04,3530,3600,3505,3590,218810,0.01412429378531077
2022-02-07,3590,3600,3500,3560,255504,-0.00835654596100277
2022-02-08,3585,3590,3460,3545,233739,-0.004213483146067398
2022-02-09,3540,3600,3535,3575,152386,0.008462623413258097
2022-02-10,3600,3605,3520,3520,140104,-0.01538461538461533
2022-02-11,3455,3520,3430,3440,209058,-0.022727272727272707
2022-02-14,3345,3430,3265,3290,255393,-0.043604651162790664
2022-02-15,3290,3535,3220,3260,499010,-0.00911854103343468
2022-02-16,3310,3410,3310,3410,174595,0.04601226993865026
2022-02-17,3410,3445,3290,3370,240388,-0.011730205278592365
2022-02-18,3300,3420,3300,3405,100275,0.010385756676557945
2022-02-21,3405,3500,3340,3440,241875,0.010279001468428861
2022-02-22,3350,3435,3320,3350,189423,-0.026162790697674465
2022-02-23,3365,3420,3345,3420,151442,0.020895522388059806
2022-02-24,3380,3415,3280,3295,229453,-0.03654970760233922
2022-02-25,3340,3420,3340,3380,191737,0.025796661608497695
2022-02-28,3420,3750,3420,3535,1881127,0.04585798816568043
2022-03-02,3510,3600,3465,3600,483490,0.018387553041018467
2022-03-03,3640,3730,3600,3650,875468,0.01388888888888884
2022-03-04,3710,4060,3520,3715,5338801,0.017808219178082174
2022-03-07,3775,4440,3725,4120,29873971,0.10901749663526239
2022-03-08,4120,4140,3880,3930,3321101,-0.04611650485436891
2022-03-10,3995,4385,3970,4150,13932087,0.05597964376590325
2022-03-11,4190,4485,4170,4275,11903066,0.030120481927710774
2022-03-14,4280,4345,4195,4235,1745323,-0.009356725146198785
2022-03-15,4220,4430,4030,4135,4100150,-0.023612750885478206
2022-03-16,4240,4645,4240,4360,29402783,0.054413542926239344
2022-03-17,4360,4365,4250,4290,2257292,-0.016055045871559592
2022-03-18,4400,4630,4385,4410,17656837,0.027972027972027913
2022-03-21,4520,4585,4320,4395,3823497,-0.003401360544217691
2022-03-22,4500,4565,4375,4405,3761564,0.0022753128555177415
2022-03-23,4410,4730,4330,4655,9488459,0.05675368898978439
2022-03-24,4780,4925,4610,4670,17048398,0.0032223415682062218
2022-03-25,4630,4645,4465,4465,2952433,-0.043897216274089934
2022-03-28,4585,4775,4500,4500,8929783,0.007838745800671898
2022-03-29,4780,5600,4775,5090,79436090,0.13111111111111118
2022-03-30,5250,5300,4895,4895,14831419,-0.03831041257367385
2022-03-31,4940,5250,4935,4975,15025380,0.01634320735444339
2022-04-01,4880,4900,4720,4795,4076600,-0.03618090452261302
2022-04-04,4820,5270,4820,5030,22058411,0.049009384775808185
2022-04-05,5060,5110,4910,4975,4421650,-0.010934393638170947
2022-04-06,4905,4925,4770,4780,2944582,-0.039195979899497524
2022-04-07,4680,4805,4570,4585,2605919,-0.04079497907949792
2022-04-08,4590,4635,4370,4480,2386679,-0.022900763358778664
2022-04-11,4470,4470,4340,4340,1272903,-0.03125
2022-04-12,4715,5090,4515,4545,29761461,0.047235023041474644
2022-04-13,4550,4900,4405,4750,6274088,0.04510451045104502
2022-04-14,4610,4950,4545,4870,14708184,0.025263157894736876
2022-04-15,4870,5000,4800,4875,5406087,0.0010266940451746365
2022-04-18,5070,5070,4750,4765,4502887,-0.022564102564102573
2022-04-19,4770,4915,4750,4815,2487282,0.01049317943336825
2022-04-20,4825,5010,4670,5010,5943500,0.04049844236760114
2022-04-21,4920,4960,4835,4855,3017999,-0.03093812375249505
2022-04-22,4815,4970,4750,4900,4487933,0.009268795056642576
2022-04-25,4800,4885,4685,4720,2058430,-0.03673469387755102
2022-04-26,4785,4950,4755,4865,4506444,0.03072033898305082
2022-04-27,4870,5130,4735,5030,7199195,0.033915724563206684
2022-04-28,4930,4955,4840,4870,3309680,-0.031809145129224614
2022-04-29,4895,5130,4800,5020,13823738,0.030800821355236208
2022-05-02,4890,4985,4860,4890,2444320,-0.02589641434262946
2022-05-03,4905,5020,4790,4790,2872595,-0.020449897750511203
2022-05-04,4800,4850,4645,4655,2081567,-0.028183716075156573
2022-05-06,4565,4630,4485,4545,1298565,-0.023630504833512367
2022-05-09,4500,4630,4340,4385,1246487,-0.03520352035203522
2022-05-10,4220,4350,4160,4295,1177837,-0.02052451539338651
2022-05-11,4315,4340,4255,4255,631132,-0.0093131548311991
2022-05-12,4160,4190,4010,4030,1100250,-0.05287896592244423
2022-05-13,4010,4095,3995,4040,631392,0.002481389578163684
2022-05-16,4020,4120,4020,4120,631501,0.01980198019801982
2022-05-17,4095,4155,4060,4130,509660,0.0024271844660195274
2022-05-18,4130,4150,4015,4020,610438,-0.0266343825665859
2022-05-19,3835,3920,3805,3915,765034,-0.026119402985074647
2022-05-20,3910,4015,3895,3960,493181,0.011494252873563315
2022-05-23,4010,4020,3905,3930,417810,-0.007575757575757569
2022-05-24,3935,3955,3815,3830,547227,-0.025445292620865145
2022-05-25,3825,3880,3785,3855,359091,0.006527415143603221
2022-05-26,3860,3940,3830,3840,410244,-0.0038910505836575737
2022-05-27,3890,3960,3865,3865,386299,0.006510416666666741
2022-05-30,3900,3945,3860,3915,377390,0.012936610608020649
2022-05-31,3915,3925,3885,3910,255480,-0.0012771392081737387
2022-06-02,3910,3930,3870,3890,285327,-0.005115089514066473
2022-06-03,3900,4200,3860,3995,5292507,0.02699228791773778
2022-06-07,4000,4025,3885,3910,723781,-0.021276595744680882
2022-06-08,3970,4100,3875,4080,2662862,0.04347826086956519
2022-06-09,4125,4195,3980,4000,2299260,-0.019607843137254943
2022-06-10,4075,4360,4000,4000,9402735,0.0
2022-06-13,3960,3965,3765,3765,1097032,-0.05874999999999997
2022-06-14,3575,3695,3530,3550,1148942,-0.05710491367861881
2022-06-15,3625,4005,3590,3595,6296514,0.012676056338028152
2022-06-16,3610,3700,3540,3540,884038,-0.015299026425591111
2022-06-17,3455,3560,3355,3530,688791,-0.0028248587570621764
2022-06-20,3530,3570,3335,3365,766970,-0.04674220963172804
2022-06-21,3325,3465,3325,3415,379151,0.014858841010401136
2022-06-22,3415,3515,3250,3250,467334,-0.04831625183016108
2022-06-23,3205,3295,3005,3005,909770,-0.07538461538461538
2022-06-24,2965,3250,2965,3220,771998,0.07154742096505817
2022-06-27,3270,3490,3270,3375,559332,0.048136645962732816
2022-06-28,3420,3550,3400,3455,687758,0.023703703703703782
2022-06-29,3370,3500,3370,3465,288597,0.0028943560057888007
2022-06-30,3430,3470,3385,3425,321808,-0.011544011544011523
2022-07-01,3430,3490,3310,3410,478627,-0.004379562043795637
2022-07-04,3425,3450,3210,3245,426588,-0.048387096774193505
2022-07-05,3245,3380,3240,3375,270643,0.04006163328197232
2022-07-06,3355,3375,3305,3325,165343,-0.014814814814814836
2022-07-07,3350,3405,3305,3385,226002,0.018045112781954975
2022-07-08,3410,3490,3395,3450,361413,0.019202363367799125
2022-07-11,3455,3525,3390,3425,349393,-0.007246376811594235
2022-07-12,3380,3415,3235,3250,328654,-0.051094890510948954
2022-07-13,3260,3280,3100,3230,217665,-0.006153846153846176
2022-07-14,3215,3275,3140,3200,225763,-0.009287925696594423
2022-07-15,3195,3245,3060,3105,417349,-0.029687499999999978
2022-07-18,3135,3225,3120,3200,296140,0.03059581320450877
2022-07-19,3160,3230,3155,3215,154556,0.004687499999999956
2022-07-20,3280,3320,3220,3230,238804,0.004665629860031162
2022-07-21,3225,3375,3220,3235,504132,0.001547987616099089
2022-07-22,3255,3280,3210,3230,196868,-0.0015455950540957941
2022-07-25,3230,3235,3170,3215,128445,-0.004643962848297267
2022-07-26,3190,3255,3190,3220,137752,0.0015552099533437946
2022-07-27,3205,3280,3200,3270,262064,0.01552795031055898
2022-07-28,3305,3340,3265,3285,253499,0.004587155963302836
2022-07-29,3295,3395,3295,3395,438057,0.03348554033485551
2022-08-01,3450,3550,3380,3395,641422,0.0
2022-08-02,3390,3550,3385,3460,1461554,0.019145802650957222
2022-08-03,3495,3600,3480,3560,1558020,0.028901734104046284
2022-08-04,3840,4175,3605,3635,14957892,0.02106741573033699
2022-08-05,3670,3775,3625,3660,2288179,0.00687757909215958
2022-08-08,3720,3725,3600,3620,879012,-0.010928961748633892
2022-08-09,3620,3800,3610,3710,2905131,0.024861878453038777
2022-08-10,3730,3780,3660,3690,1128091,-0.005390835579514808
2022-08-11,3750,3760,3715,3720,475125,0.008130081300812941
2022-08-12,3725,3745,3700,3700,533606,-0.005376344086021501
2022-08-16,3755,3760,3645,3675,720398,-0.006756756756756799
2022-08-17,3705,3705,3585,3610,394943,-0.017687074829931926
2022-08-18,3560,3610,3530,3610,336697,0.0
2022-08-19,3610,3610,3490,3500,355508,-0.030470914127423865
2022-08-22,3480,3485,3375,3385,403192,-0.03285714285714281
2022-08-23,3360,3430,3340,3340,316836,-0.013293943870014813
2022-08-24,3405,3585,3380,3465,703468,0.03742514970059885
2022-08-25,3475,3500,3440,3500,296439,0.010101010101010166
2022-08-26,3530,3550,3430,3435,270313,-0.018571428571428572
2022-08-29,3310,3420,3300,3365,221525,-0.020378457059679778
2022-08-30,3370,3435,3365,3405,170103,0.011887072808320909
2022-08-31,3370,3460,3350,3450,255317,0.013215859030837107
2022-09-01,3415,3725,3415,3470,4840055,0.005797101449275255
2022-09-02,3455,3520,3370,3375,561619,-0.02737752161383289
2022-09-05,3335,3430,3320,3320,350043,-0.016296296296296253
2022-09-06,3290,3385,3280,3320,305353,0.0
2022-09-07,3285,3305,3150,3160,606689,-0.048192771084337394
2022-09-08,3190,3320,3185,3205,300136,0.014240506329114
2022-09-13,3280,3295,3240,3275,177327,0.021840873634945357
2022-09-14,3165,3235,3165,3215,177682,-0.018320610687022953
2022-09-15,3245,3270,3215,3215,130576,0.0
2022-09-16,3200,3210,3135,3140,202949,-0.023328149300155476
2022-09-19,3140,3165,3050,3060,282681,-0.02547770700636942
2022-09-20,3060,3110,3055,3090,197691,0.009803921568627416
2022-09-21,3045,3090,3040,3060,175738,-0.009708737864077666
2022-09-22,3020,3055,2970,3035,256867,-0.008169934640522847
2022-09-23,3000,3050,2925,2935,233454,-0.0329489291598023
2022-09-26,2840,2895,2695,2695,571904,-0.08177172061328786
2022-09-27,2625,2725,2580,2635,680591,-0.02226345083487946
2022-09-28,2600,2675,2465,2505,400750,-0.04933586337760909
2022-09-29,2530,2635,2510,2510,251875,0.001996007984031989
2022-09-30,2440,2550,2430,2540,243160,0.01195219123505975
2022-10-04,2575,2640,2565,2640,177633,0.03937007874015741
2022-10-05,2680,2735,2580,2615,179536,-0.009469696969697017
2022-10-06,2615,2720,2610,2720,175271,0.040152963671128195
2022-10-07,2710,2845,2660,2725,666442,0.0018382352941177516
2022-10-11,2635,2670,2455,2540,214758,-0.06788990825688068
2022-10-12,2510,2580,2480,2540,129240,0.0
2022-10-13,2510,2975,2390,2580,6583712,0.015748031496062964
2022-10-14,2605,2715,2580,2595,991343,0.005813953488372103
2022-10-17,2550,2615,2465,2530,493159,-0.025048169556840083
2022-10-18,2620,2680,2600,2675,524490,0.05731225296442677
2022-10-19,2675,2705,2605,2615,319337,-0.02242990654205612
2022-10-20,2595,2660,2520,2560,309318,-0.021032504780114758
2022-10-21,2520,2570,2480,2485,208934,-0.029296875
2022-10-24,2525,3035,2520,2730,13581387,0.09859154929577474
2022-10-25,2760,2825,2655,2675,2282462,-0.020146520146520186
2022-10-26,2695,2720,2635,2635,601075,-0.01495327102803734
2022-10-27,2635,2715,2635,2670,468969,0.013282732447817747
2022-10-28,2660,2770,2645,2690,490135,0.0074906367041198685
2022-10-31,2705,2790,2535,2645,614543,-0.016728624535315983
2022-11-01,2660,2840,2650,2730,2142603,0.032136105860113506
2022-11-02,2725,2765,2675,2700,396480,-0.01098901098901095
2022-11-03,2620,2780,2620,2705,662946,0.0018518518518517713
2022-11-04,2845,2870,2725,2755,1981246,0.01848428835489835
2022-11-07,2735,2810,2735,2795,514676,0.014519056261343088
2022-11-08,2890,2950,2820,2820,1819976,0.008944543828264706
2022-11-09,2865,2875,2780,2810,425791,-0.0035460992907800915
2022-11-10,2820,2820,2755,2775,285612,-0.01245551601423489
2022-11-11,2850,2860,2810,2835,442919,0.021621621621621623
2022-11-14,2835,2950,2835,2895,1371461,0.021164021164021163
2022-11-15,2925,2970,2895,2925,890784,0.010362694300518172
2022-11-16,2935,2935,2880,2885,433240,-0.013675213675213627
2022-11-17,2895,2920,2860,2900,487199,0.005199306759098743
2022-11-18,2900,2935,2835,2835,409846,-0.022413793103448265
2022-11-21,2835,2870,2765,2840,282195,0.0017636684303350414
2022-11-22,2800,3025,2800,2950,2671206,0.03873239436619724
2022-11-23,2980,2995,2900,2900,553750,-0.016949152542372836
2022-11-24,2965,3040,2935,3040,2220365,0.048275862068965614
2022-11-25,2995,3010,2960,2970,758099,-0.023026315789473673
2022-11-28,2990,2990,2860,2860,855375,-0.03703703703703709
2022-11-29,2900,3045,2760,2865,2472210,0.0017482517482516613
2022-11-30,2875,2950,2835,2905,622708,0.013961605584642323
2022-12-01,2935,2985,2915,2950,660436,0.015490533562822817
2022-12-02,2950,2990,2875,2900,444044,-0.016949152542372836
2022-12-05,2925,2930,2830,2865,284559,-0.012068965517241348
2022-12-06,2805,2875,2800,2815,193657,-0.017452006980802848
2022-12-07,2830,2830,2760,2795,201819,-0.007104795737122527
2022-12-08,2765,2780,2715,2730,256903,-0.023255813953488413
2022-12-09,2745,2810,2710,2795,205683,0.023809523809523725
2022-12-12,2775,2795,2735,2750,146201,-0.01610017889087656
2022-12-13,2750,2795,2720,2730,136703,-0.0072727272727273196
2022-12-14,2730,2800,2730,2760,111557,0.01098901098901095
2022-12-15,2745,2830,2730,2750,121786,-0.0036231884057971175
2022-12-16,2690,2755,2665,2695,178758,-0.020000000000000018
2022-12-19,2670,2720,2650,2700,137036,0.0018552875695732052
2022-12-20,2695,2710,2635,2635,239259,-0.024074074074074026
2022-12-21,2650,2735,2630,2635,256974,0.0
2022-12-22,2650,2660,2630,2635,108962,0.0
2022-12-23,2600,2625,2510,2530,256827,-0.03984819734345346
2022-12-26,2525,2535,2460,2465,157035,-0.025691699604743046
2022-12-27,2450,2500,2425,2430,202405,-0.014198782961460488
2022-12-28,2410,2460,2380,2450,131006,0.008230452674897082
2022-12-29,2430,2460,2370,2380,245776,-0.02857142857142858
2023-01-02,2380,2400,2270,2280,152128,-0.04201680672268904
2023-01-03,2265,2350,2215,2285,272221,0.002192982456140413
2023-01-04,2305,2720,2305,2460,7778512,0.07658643326039383
2023-01-05,2545,2545,2410,2440,486081,-0.008130081300813052
2023-01-06,2390,2485,2390,2450,277237,0.004098360655737654
2023-01-09,2505,2550,2450,2500,346813,0.020408163265306145
2023-01-10,2500,2605,2475,2505,548203,0.0020000000000000018
2023-01-11,2505,2565,2505,2525,192498,0.007984031936127733
2023-01-12,2525,2700,2510,2550,1508225,0.00990099009900991
2023-01-13,2550,2580,2545,2560,190806,0.0039215686274509665
2023-01-16,2555,2580,2550,2555,163787,-0.001953125
2023-01-17,2535,2565,2515,2525,128720,-0.011741682974559686
2023-01-18,2540,2635,2470,2495,336154,-0.011881188118811892
2023-01-19,2455,2510,2435,2485,110053,-0.004008016032064132
2023-01-20,2460,2525,2460,2520,86527,0.014084507042253502
2023-01-25,2545,2545,2515,2525,113085,0.001984126984126977
2023-01-26,2515,2595,2515,2570,244133,0.017821782178217838
2023-01-27,2570,2595,2525,2590,232028,0.0077821011673151474
2023-01-30,2590,2610,2560,2585,130420,-0.0019305019305019266
2023-01-31,2555,2615,2550,2600,133421,0.005802707930367523
2023-02-01,2590,2620,2575,2595,157507,-0.0019230769230769162
2023-02-02,2600,2625,2595,2605,187493,0.003853564547206201
2023-02-03,2635,2635,2570,2580,125022,-0.009596928982725572
2023-02-06,2565,2615,2550,2585,107382,0.0019379844961240345
2023-02-07,2570,2600,2570,2570,107980,-0.005802707930367523
2023-02-08,2585,2630,2565,2600,176523,0.011673151750972721
2023-02-09,2615,2615,2570,2580,116895,-0.007692307692307665
2023-02-10,2615,2615,2525,2550,129917,-0.011627906976744207
2023-02-13,2555,2560,2505,2510,92484,-0.015686274509803977
2023-02-14,2510,2540,2500,2505,100447,-0.0019920318725099584
2023-02-15,2510,2520,2440,2440,122703,-0.02594810379241519
2023-02-16,2455,2485,2440,2470,103548,0.012295081967213184
2023-02-17,2435,2495,2410,2485,116854,0.006072874493927127
2023-02-20,2475,2535,2460,2530,146692,0.01810865191146882
2023-02-21,2540,2690,2535,2680,1223096,0.059288537549407216
2023-02-22,2635,2645,2560,2580,327548,-0.03731343283582089
2023-02-23,2580,2775,2520,2775,862980,0.07558139534883712
2023-02-24,2680,2685,2610,2615,480951,-0.057657657657657624
2023-02-27,2600,2600,2530,2530,260448,-0.0325047801147228
2023-02-28,2520,2555,2505,2550,152641,0.007905138339920903
2023-03-02,2530,2570,2520,2540,129652,-0.0039215686274509665
2023-03-03,2580,2580,2540,2545,86738,0.0019685039370078705
2023-03-06,2545,2575,2525,2555,124096,0.003929273084479323
2023-03-07,2535,2570,2525,2545,118043,-0.003913894324853229
2023-03-08,2540,2550,2495,2520,107928,-0.00982318271119842
2023-03-09,2530,2530,2460,2475,175307,-0.017857142857142905
2023-03-10,2460,2600,2415,2450,292991,-0.010101010101010055
2023-03-13,2380,2425,2375,2400,159977,-0.020408163265306145
2023-03-14,2400,2400,2285,2290,197151,-0.04583333333333328
2023-03-15,2340,2450,2340,2355,181238,0.028384279475982543
2023-03-16,2325,2365,2300,2355,91506,0.0
2023-03-17,2355,2400,2350,2400,104423,0.019108280254777066
2023-03-20,2385,2435,2385,2410,77955,0.004166666666666652
2023-03-21,2410,2425,2370,2385,70510,-0.010373443983402453
2023-03-22,2415,2415,2360,2375,75430,-0.004192872117400381
2023-03-23,2350,2370,2325,2330,115157,-0.0189473684210526
2023-03-24,2385,2490,2340,2350,373525,0.008583690987124415
2023-03-27,2380,2385,2310,2335,129340,-0.006382978723404209
2023-03-28,2335,2415,2335,2400,206433,0.027837259100642386
2023-03-29,2390,2410,2375,2395,126477,-0.002083333333333326
2023-03-30,2405,2585,2380,2485,1228587,0.03757828810020869
2023-03-31,2530,2535,2460,2465,448048,-0.008048289738430636
2023-04-03,2550,2600,2510,2535,748776,0.028397565922920975
2023-04-04,2560,2890,2555,2780,8278221,0.096646942800789
2023-04-05,2750,2805,2655,2805,1317023,0.008992805755395628
2023-04-06,2755,2850,2720,2720,994103,-0.030303030303030276
2023-04-07,2720,2880,2695,2695,2415174,-0.009191176470588203
2023-04-10,2665,2685,2565,2600,604996,-0.03525046382189234
2023-04-11,2670,2670,2565,2650,421613,0.019230769230769162
2023-04-12,2620,2680,2535,2645,379515,-0.0018867924528301883
2023-04-13,2665,2665,2570,2650,221381,0.001890359168241984
2023-04-14,2650,2680,2635,2675,242358,0.009433962264151052
2023-04-17,2675,2705,2630,2680,287513,0.0018691588785046953
2023-04-18,2680,2700,2615,2635,204898,-0.016791044776119368
2023-04-19,2640,2680,2600,2630,277925,-0.00189753320683117
2023-04-20,2635,2645,2550,2565,255789,-0.024714828897338448
2023-04-21,2565,2570,2460,2500,279967,-0.025341130604288553
2023-04-24,2480,2515,2450,2465,137240,-0.014000000000000012
2023-04-25,2450,2465,2385,2410,248862,-0.022312373225152116
2023-04-26,2370,2440,2360,2390,159334,-0.008298755186721962
2023-04-27,2375,2415,2345,2400,139357,0.004184100418409997
2023-04-28,2400,2430,2355,2390,250694,-0.004166666666666652
2023-05-02,2420,2455,2365,2440,181747,0.02092050209205021
2023-05-03,2415,2470,2415,2460,122303,0.008196721311475308
2023-05-04,2460,2470,2430,2455,132559,-0.002032520325203291
2023-05-08,2445,2510,2445,2480,126629,0.010183299389002087
2023-05-09,2490,2500,2460,2475,115163,-0.0020161290322581182
2023-05-10,2475,2500,2460,2475,87627,0.0
2023-05-11,2480,2525,2470,2475,158093,0.0
2023-05-12,2500,2665,2455,2570,1109317,0.03838383838383841
2023-05-15,2520,2555,2475,2480,264596,-0.035019455252918275
2023-05-16,2465,2495,2445,2450,150773,-0.012096774193548376
2023-05-17,2415,2560,2415,2520,241068,0.02857142857142847
2023-05-18,2530,2535,2485,2510,108965,-0.003968253968253954
2023-05-19,2510,2895,2485,2550,5016154,0.015936254980079667
2023-05-22,2550,2650,2530,2625,884753,0.02941176470588225
2023-05-23,2635,2645,2590,2640,358312,0.005714285714285783
2023-05-24,2640,2720,2605,2630,636850,-0.0037878787878787845
2023-05-25,2630,2655,2595,2615,180067,-0.005703422053231932
2023-05-26,2620,2625,2555,2555,177633,-0.02294455066921608
2023-05-30,2560,2600,2530,2570,139864,0.005870841487279899
2023-05-31,2630,2685,2585,2630,466486,0.023346303501945442
2023-06-01,2770,2820,2630,2650,1110524,0.0076045627376426506
2023-06-02,2680,2695,2640,2665,256489,0.005660377358490676
2023-06-05,2730,2795,2665,2680,641353,0.0056285178236397115
2023-06-07,2720,2740,2680,2710,345982,0.011194029850746245
2023-06-08,2710,2755,2680,2710,249866,0.0
2023-06-09,2710,2720,2640,2660,195522,-0.01845018450184499
2023-06-12,2655,2660,2615,2635,119903,-0.009398496240601517
2023-06-13,2645,2660,2435,2480,732603,-0.05882352941176472
2023-06-14,2475,2555,2430,2485,345601,0.002016129032258007
2023-06-15,2465,2505,2450,2490,167496,0.002012072434607548
2023-06-16,2490,2520,2490,2500,98012,0.004016064257028162
2023-06-19,2500,2560,2475,2555,210533,0.02200000000000002
2023-06-20,2555,2595,2520,2530,160734,-0.009784735812133127
2023-06-21,2545,2545,2470,2475,136675,-0.021739130434782594
2023-06-22,2450,2450,2330,2385,434070,-0.036363636363636376
2023-06-23,2385,2415,2370,2410,156146,0.01048218029350112
2023-06-26,2400,2475,2370,2475,88933,0.026970954356846377
2023-06-27,2440,2455,2400,2400,117415,-0.030303030303030276
2023-06-28,2425,2460,2400,2430,180346,0.012499999999999956
2023-06-29,2430,2435,2365,2370,143935,-0.024691358024691357
2023-06-30,2355,2390,2325,2385,122209,0.006329113924050667
2023-07-03,2365,2665,2365,2470,1488077,0.03563941299790363
2023-07-04,2450,2465,2415,2440,134521,-0.012145748987854255
2023-07-05,2445,2450,2375,2380,217103,-0.024590163934426257
2023-07-06,2360,2560,2305,2330,833962,-0.021008403361344574
2023-07-07,2320,2345,2295,2340,142075,0.0042918454935623185
2023-07-10,2335,2390,2305,2380,138949,0.017094017094017033
2023-07-11,2360,2430,2360,2405,114754,0.010504201680672232
2023-07-12,2430,2430,2380,2390,111043,-0.006237006237006182
2023-07-13,2400,2420,2395,2405,66798,0.006276150627614996
2023-07-14,2405,2420,2330,2350,129671,-0.022869022869022815
2023-07-17,2400,2465,2310,2450,374676,0.042553191489361764
2023-07-18,2420,2445,2360,2400,122642,-0.020408163265306145
2023-07-19,2370,2400,2350,2350,115057,-0.02083333333333337
2023-07-20,2350,2365,2315,2325,122896,-0.010638297872340385
2023-07-21,2340,2340,2300,2325,93765,0.0
2023-07-24,2325,2325,2235,2240,171982,-0.03655913978494618
2023-07-25,2220,2275,2110,2140,296976,-0.044642857142857095
2023-07-26,2100,2135,1895,1975,571985,-0.0771028037383178
2023-07-27,1950,2075,1950,2005,198380,0.0151898734177216
2023-07-28,1984,2120,1984,2100,136998,0.04738154613466339
2023-07-31,2095,2155,2095,2145,91346,0.021428571428571352
2023-08-01,2120,2170,2120,2150,88907,0.002331002331002363
2023-08-02,2150,2200,2140,2145,148226,-0.0023255813953488857
2023-08-03,2125,2165,2085,2140,71611,-0.002331002331002363
2023-08-04,2110,2175,2105,2150,53572,0.004672897196261738
2023-08-07,2145,2145,2100,2140,52904,-0.0046511627906976605
2023-08-08,2120,2190,2100,2105,88846,-0.016355140186915862
2023-08-09,2105,2130,2105,2125,23704,0.009501187648456089
2023-08-10,2130,2140,2095,2130,41302,0.0023529411764706687
2023-08-11,2105,2180,2105,2155,61201,0.011737089201877993
2023-08-14,2130,2150,2105,2115,61535,-0.018561484918793503
2023-08-16,2120,2120,2020,2070,130846,-0.021276595744680882
2023-08-17,2025,2065,1895,2010,228295,-0.02898550724637683
2023-08-18,2075,2175,1932,1963,609612,-0.023383084577114466
2023-08-21,1955,2015,1953,1970,93507,0.00356597045338769
2023-08-22,1970,1990,1850,1977,133620,0.0035532994923856975
2023-08-23,1975,1989,1945,1957,54582,-0.010116337885685334
2023-08-24,1966,1976,1954,1964,64386,0.0035769034236075026
2023-08-25,1927,1974,1927,1956,54438,-0.004073319755600768
2023-08-28,1947,1982,1845,1971,158411,0.0076687116564417845
2023-08-29,1953,2010,1953,2000,88828,0.014713343480466712
2023-08-30,1994,2015,1994,2000,69864,0.0
2023-08-31,1990,2030,1990,2005,80241,0.0024999999999999467
2023-09-01,2010,2025,1995,2005,49810,0.0
2023-09-04,2005,2010,1980,1989,89565,-0.007980049875311757
2023-09-05,1997,2000,1980,1987,48583,-0.0010055304172951196
2023-09-06,1999,1999,1971,1975,60472,-0.006039255158530432
2023-09-07,1975,1990,1944,1951,90373,-0.012151898734177213
2023-09-08,1948,1957,1910,1949,77955,-0.001025115325474113
2023-09-11,1949,1969,1943,1951,52259,0.0010261672652642773
2023-09-12,1926,1957,1910,1914,96745,-0.01896463352127109
2023-09-13,1890,1969,1869,1870,200292,-0.02298850574712641
2023-09-14,1850,1890,1850,1869,55135,-0.0005347593582887278
2023-09-15,1869,1919,1865,1908,101997,0.020866773675762396
2023-09-18,1907,1950,1897,1898,74092,-0.00524109014675056
2023-09-19,1898,1906,1866,1870,69525,-0.01475237091675452
2023-09-20,1877,1879,1861,1865,61822,-0.002673796791443861
2023-09-21,1850,1870,1826,1826,106490,-0.020911528150134084
2023-09-22,1777,1830,1777,1830,95563,0.0021905805038335835
2023-09-25,1949,1980,1755,1786,397899,-0.024043715846994496
2023-09-26,1760,1807,1760,1789,91572,0.0016797312430010258
2023-09-27,1750,1801,1750,1799,66965,0.005589714924538747
2023-10-04,1751,1799,1745,1745,79575,-0.030016675931072823
2023-10-05,1705,1745,1705,1715,82933,-0.017191977077363862
2023-10-06,1689,1738,1689,1733,43238,0.010495626822157433
2023-10-10,1713,1745,1690,1690,50840,-0.024812463935372175
2023-10-11,1690,1720,1690,1718,31545,0.016568047337278013
2023-10-12,1699,1729,1699,1728,47621,0.005820721769499437
2023-10-13,1723,1734,1709,1721,44765,-0.00405092592592593
2023-10-16,1720,1728,1680,1681,63021,-0.02324230098779778
2023-10-17,1700,1744,1700,1700,66820,0.011302795954788891
2023-10-18,1710,1827,1710,1750,160048,0.02941176470588225
2023-10-19,1750,1788,1715,1723,66696,-0.015428571428571458
2023-10-20,1723,1734,1630,1690,88028,-0.01915264074289036
2023-10-23,1640,1700,1639,1665,73243,-0.014792899408283988
2023-10-24,1649,1735,1600,1716,101815,0.03063063063063054
2023-10-25,1714,1754,1708,1724,47502,0.004662004662004726
2023-10-26,1670,1724,1630,1695,69473,-0.016821345707656588
2023-10-27,1652,1700,1648,1673,44476,-0.012979351032448405
2023-10-30,1630,1670,1613,1660,63808,-0.0077704722056186615
2023-10-31,1659,1685,1620,1635,50549,-0.015060240963855387
2023-11-01,1628,1650,1628,1635,37967,0.0
2023-11-02,1645,1683,1630,1660,44034,0.015290519877675823
2023-11-03,1660,1709,1657,1705,49292,0.027108433734939652
2023-11-06,1705,1725,1690,1690,79721,-0.008797653958944274
2023-11-07,1690,1712,1682,1685,44144,-0.00295857988165682
2023-11-08,1685,1705,1681,1681,60037,-0.002373887240356032
2023-11-09,1674,1689,1671,1676,62736,-0.002974419988102328
2023-11-10,1645,1686,1645,1647,41586,-0.017303102625298328
2023-11-13,1640,1659,1590,1590,83131,-0.03460837887067392
2023-11-14,1568,1615,1568,1594,73464,0.002515723270440251
2023-11-15,1594,1618,1570,1602,56021,0.005018820577164407
2023-11-16,1604,1624,1603,1619,37543,0.01061173533083637
2023-11-17,1619,1629,1595,1600,43583,-0.011735639283508292
2023-11-20,1600,1617,1593,1611,28261,0.0068749999999999645
2023-11-21,1611,1642,1611,1623,47572,0.007448789571694592
2023-11-22,1623,1667,1623,1653,59682,0.01848428835489835
2023-11-23,1670,1689,1650,1681,64271,0.016938898971566863
2023-11-24,1682,1722,1681,1697,82923,0.009518143961927406
2023-11-27,1697,1709,1648,1648,49065,-0.028874484384207477
2023-11-28,1632,1694,1632,1691,63317,0.026092233009708643
2023-11-29,1691,1691,1595,1656,64308,-0.02069781194559428
2023-11-30,1655,1700,1640,1684,37598,0.01690821256038655
2023-12-01,1695,1695,1678,1679,36745,-0.002969121140142472
2023-12-04,1656,1679,1656,1674,18935,-0.0029779630732579276
2023-12-05,1645,1702,1645,1680,49769,0.0035842293906809264
2023-12-06,1680,1707,1680,1704,49395,0.014285714285714235
2023-12-07,1704,1716,1699,1703,76354,-0.0005868544600938774
2023-12-08,1703,1721,1703,1713,29629,0.005871990604815025
2023-12-11,1703,1738,1698,1700,49694,-0.007589025102159974
2023-12-12,1699,1720,1698,1706,26671,0.003529411764705781
2023-12-13,1707,1727,1698,1724,83131,0.010550996483001063
2023-12-14,1744,1744,1702,1711,44057,-0.007540603248259892
2023-12-15,1713,1740,1704,1722,38441,0.006428988895382792
2023-12-18,1750,1750,1705,1705,34106,-0.009872241579558683
2023-12-19,1700,1704,1680,1697,34683,-0.004692082111436902
2023-12-20,1709,1717,1697,1714,41113,0.01001767825574551
2023-12-21,1710,1715,1699,1699,47988,-0.00875145857642945
2023-12-22,1719,1733,1705,1714,44352,0.008828722778104758
2023-12-26,1720,1720,1696,1701,32491,-0.0075845974329055155
2023-12-27,1700,1709,1698,1704,29215,0.0017636684303350414
2023-12-28,1697,1710,1681,1706,91681,0.0011737089201877549
2024-01-02,1704,1719,1699,1712,42548,0.003516998827667095
2024-01-03,1702,1760,1702,1753,91968,0.02394859813084116
2024-01-04,1753,1757,1709,1721,68234,-0.01825442099258412
2024-01-05,1703,1728,1703,1725,26993,0.0023242300987798004
2024-01-08,1712,1723,1700,1711,52652,-0.008115942028985468
2024-01-09,1700,1730,1700,1729,47239,0.010520163646990044
2024-01-10,1729,1729,1709,1725,40129,-0.0023134759976864983
2024-01-11,1712,1773,1712,1750,80418,0.01449275362318847
2024-01-12,1717,1766,1716,1758,36015,0.004571428571428671
2024-01-15,1753,1765,1733,1740,69227,-0.010238907849829393
2024-01-16,1741,1750,1721,1732,362081,-0.0045977011494252595
2024-01-17,1732,1732,1698,1713,65996,-0.010969976905311762
2024-01-18,1735,1735,1710,1721,38022,0.004670169293636839
2024-01-19,1720,1736,1718,1719,57549,-0.0011621150493899002
2024-01-22,1729,1780,1718,1724,35173,0.002908667830133771
2024-01-23,1700,1729,1700,1713,41440,-0.006380510440835319
2024-01-24,1715,1724,1698,1700,62885,-0.007589025102159974
2024-01-25,1700,1710,1685,1705,69855,0.002941176470588225
2024-01-26,1711,1800,1701,1721,48897,0.009384164222873803
2024-01-29,1763,1763,1633,1721,51481,0.0
2024-01-30,1721,1740,1712,1728,33464,0.004067402672864651
2024-01-31,1728,1763,1727,1758,117628,0.01736111111111116
2024-02-01,1733,1763,1725,1756,67040,-0.0011376564277588708
2024-02-02,1756,1770,1754,1767,42080,0.006264236902050024
2024-02-05,1769,1815,1751,1780,170374,0.007357102433503071
2024-02-06,1790,1790,1751,1768,48388,-0.006741573033707815
2024-02-07,1768,1820,1768,1819,78660,0.028846153846153744
2024-02-08,1815,1834,1793,1809,106787,-0.005497526113249052
2024-02-13,1796,1816,1795,1816,69084,0.003869541182974112
2024-02-14,1790,1827,1790,1791,69617,-0.013766519823788514
2024-02-15,1800,1854,1800,1838,138431,0.026242322724734812
2024-02-16,1839,1840,1807,1840,72300,0.0010881392818280489
2024-02-19,1817,1839,1809,1809,74404,-0.016847826086956563
2024-02-20,1830,1832,1808,1822,61030,0.007186290768380399
2024-02-21,1864,1864,1816,1834,80445,0.00658616904500553
2024-02-22,1834,1843,1806,1811,60716,-0.012540894220283483
2024-02-23,1809,1820,1806,1815,32528,0.002208724461623346
2024-02-26,1859,1859,1813,1813,44239,-0.001101928374655614
2024-02-27,1801,1811,1795,1801,95113,-0.006618863761720939
2024-02-28,1792,1805,1792,1797,40582,-0.002220988339811214
2024-02-29,1800,1825,1790,1807,64797,0.005564830272676735
2024-03-04,1801,1824,1796,1796,66356,-0.006087437742113955
2024-03-05,1797,1805,1759,1760,97760,-0.020044543429844075
2024-03-06,1760,1800,1758,1760,54907,0.0
2024-03-07,1765,1783,1760,1763,44159,0.0017045454545454586
2024-03-08,1765,1800,1761,1774,30767,0.00623936471922848
2024-03-11,1770,1784,1770,1774,46766,0.0
2024-03-12,1775,1795,1770,1777,56315,0.0016910935738443378
2024-03-13,1777,1803,1777,1802,43087,0.014068655036578503
2024-03-14,1802,1802,1775,1800,46735,-0.0011098779134295356
2024-03-15,1802,1813,1797,1810,35456,0.005555555555555536
2024-03-18,1777,1817,1777,1815,41560,0.0027624309392264568
2024-03-19,1800,1826,1800,1810,54593,-0.0027548209366391463
2024-03-20,1810,1835,1800,1806,67268,-0.0022099447513812542
2024-03-21,1819,1820,1800,1813,49546,0.003875968992248069
2024-03-22,1805,1820,1795,1802,37534,-0.0060672917815775
2024-03-25,1790,1809,1786,1800,33256,-0.0011098779134295356
2024-03-26,1782,1810,1782,1805,28936,0.002777777777777768
2024-03-27,1805,1832,1784,1813,33739,0.004432132963988922
2024-03-28,1819,1822,1801,1815,35902,0.0011031439602868787
2024-03-29,1815,1846,1809,1816,47801,0.000550964187327807
2024-04-01,1802,1835,1802,1819,27143,0.0016519823788545551
2024-04-02,1791,1811,1791,1799,73620,-0.010995052226498103
2024-04-03,1795,1805,1790,1805,34446,0.0033351862145636346
2024-04-04,1785,1810,1785,1802,33497,-0.0016620498614958734
2024-04-05,1801,1820,1798,1802,46311,0.0
2024-04-08,1800,1802,1762,1793,67421,-0.004994450610432799
2024-04-09,1790,1816,1760,1784,65577,-0.005019520356943641
2024-04-11,1760,1790,1759,1765,21581,-0.01065022421524664
2024-04-12,1766,1786,1765,1785,72040,0.011331444759206777
2024-04-15,1786,1815,1786,1792,87792,0.0039215686274509665
2024-04-16,1785,1815,1730,1745,68683,-0.026227678571428603
2024-04-17,1755,1772,1752,1767,26461,0.012607449856733455
2024-04-18,1741,1776,1738,1772,46519,0.0028296547821164975
2024-04-19,1772,1788,1744,1768,43890,-0.0022573363431150906
2024-04-22,1768,1780,1681,1729,39517,-0.022058823529411797
2024-04-23,1711,1761,1711,1757,57775,0.0161943319838056
2024-04-24,1737,1762,1736,1737,36051,-0.01138303927148554
2024-04-25,1737,1738,1696,1699,48415,-0.021876799078871634
2024-04-26,1710,1710,1678,1683,52832,-0.009417304296645113
2024-04-29,1678,1684,1675,1679,35985,-0.002376708259061222
2024-04-30,1679,1685,1678,1680,26489,0.0005955926146514745
2024-05-02,1748,1748,1680,1698,26672,0.010714285714285676
2024-05-03,1729,1729,1686,1690,1362079,-0.004711425206124886
2024-05-07,1709,1709,1679,1679,51960,-0.0065088757396449815
2024-05-08,1680,1680,1665,1678,42961,-0.0005955926146515855
2024-05-09,1679,1679,1665,1670,27279,-0.004767580452920139
2024-05-10,1680,1680,1665,1666,26685,-0.0023952095808382756
2024-05-13,1665,1675,1655,1663,15514,-0.0018007202881152873
2024-05-14,1658,1674,1658,1669,30954,0.0036079374624173877
2024-05-16,1668,1674,1665,1672,15080,0.0017974835230676334
2024-05-17,1674,1674,1600,1652,83592,-0.011961722488038284
2024-05-20,1653,1654,1632,1634,22177,-0.010895883777239712
2024-05-21,1632,1644,1610,1621,21899,-0.00795593635250913
2024-05-22,1621,1621,1601,1610,33237,-0.006785934608266486
2024-05-23,1607,1625,1605,1610,17393,0.0
2024-05-24,1608,1618,1600,1607,27017,-0.0018633540372671176
2024-05-27,1607,1645,1601,1607,20266,0.0
2024-05-28,1607,1619,1607,1610,20054,0.0018668326073427721
2024-05-29,1606,1612,1592,1602,63585,-0.004968944099378869
2024-05-30,1660,1670,1620,1632,64736,0.01872659176029967
2024-05-31,1610,1632,1610,1626,26304,-0.003676470588235281
2024-06-03,1626,1642,1612,1627,41097,0.0006150061500616033
2024-06-04,1629,1654,1540,1654,114264,0.01659496004917016
2024-06-05,1654,2150,1642,2150,9927508,0.2998790810157195
2024-06-07,2465,2685,1996,2030,23856110,-0.05581395348837215
2024-06-10,2030,2450,1972,2240,28001559,0.10344827586206895
2024-06-11,2155,2200,2055,2120,2831964,-0.0535714285714286
2024-06-12,2065,2135,2000,2000,1201976,-0.05660377358490565
2024-06-13,1971,2165,1970,2005,2551003,0.0024999999999999467
2024-06-14,2025,2030,1903,1906,828274,-0.04937655860349133
2024-06-17,1900,1964,1851,1939,447944,0.017313746065057645
2024-06-18,1939,2120,1909,2040,2612983,0.052088705518308354
2024-06-19,2390,2650,2105,2530,34994098,0.24019607843137258
2024-06-20,2465,2550,2300,2300,8429577,-0.09090909090909094
2024-06-21,2315,2770,2315,2360,29640667,0.026086956521739202
2024-06-24,2300,2590,2210,2365,6621949,0.0021186440677967155
2024-06-25,2430,2570,2365,2380,5685177,0.00634249471458781
2024-06-26,2350,2440,2275,2325,1653688,-0.02310924369747902
2024-06-27,2330,2370,2250,2255,939002,-0.03010752688172047
2024-06-28,2215,2400,2180,2340,2100202,0.037694013303769314
2024-07-01,2330,2490,2325,2380,2405783,0.017094017094017033
2024-07-02,2370,2370,2220,2240,898659,-0.05882352941176472
2024-07-03,2240,2245,2025,2110,834662,-0.0580357142857143
2024-07-04,2070,2245,2060,2135,1019356,0.011848341232227444
2024-07-05,2225,2235,1999,1999,698432,-0.06370023419203752
2024-07-08,2030,2200,1942,2200,561149,0.10055027513756887
2024-07-09,2060,2125,1990,1990,514653,-0.09545454545454546
2024-07-10,2045,2045,1979,1985,267956,-0.002512562814070307
2024-07-11,1986,2000,1943,1959,246276,-0.013098236775818672
2024-07-12,1959,1982,1890,1890,374054,-0.03522205206738127
2024-07-15,1871,1905,1857,1889,216919,-0.0005291005291004902
2024-07-16,1883,1970,1870,1936,342146,0.024880889359449432
2024-07-17,1952,1988,1909,1909,306131,-0.01394628099173556
2024-07-18,1900,1988,1858,1968,420906,0.030906233630172864
2024-07-19,1948,1984,1900,1905,252474,-0.03201219512195119
2024-07-22,1905,1930,1880,1928,202426,0.012073490813648391
2024-07-23,1930,1955,1890,1903,248379,-0.012966804979253066
2024-07-24,1903,1903,1804,1804,281375,-0.052023121387283267
2024-07-25,1804,1804,1729,1774,279646,-0.016629711751662946
2024-07-26,1756,1796,1749,1786,156495,0.006764374295377573
2024-07-29,1792,1864,1791,1847,173673,0.03415453527435619
2024-07-30,1852,2190,1801,2175,4896794,0.17758527341635078
2024-07-31,2130,2440,2055,2215,16990635,0.01839080459770126
2024-08-01,2200,2210,2100,2165,1216598,-0.02257336343115124
2024-08-02,2125,2130,1967,1982,1282426,-0.084526558891455
2024-08-05,1935,1950,1660,1707,818756,-0.13874873864783044
2024-08-06,1602,1853,1602,1780,613381,0.04276508494434683
2024-08-07,1760,1851,1760,1825,239709,0.02528089887640439
2024-08-08,1824,1824,1650,1784,212205,-0.02246575342465751
2024-08-09,1828,1919,1784,1879,367718,0.0532511210762332
2024-08-12,1919,1919,1836,1855,266581,-0.012772751463544396
2024-08-13,1850,1896,1779,1779,250150,-0.04097035040431263
2024-08-14,1779,1808,1762,1782,147554,0.001686340640809414
2024-08-16,1784,1799,1731,1734,191307,-0.026936026936026924
2024-08-19,1719,1729,1660,1681,251480,-0.030565167243367886
2024-08-20,1699,1727,1695,1713,82215,0.01903628792385481
2024-08-21,1713,1741,1670,1720,159038,0.004086398131932345
2024-08-22,1738,1739,1667,1675,188289,-0.026162790697674465
2024-08-23,1655,1673,1615,1632,190719,-0.025671641791044753
2024-08-26,1620,1638,1607,1637,93103,0.0030637254901961786
2024-08-27,1621,1649,1621,1647,89358,0.006108735491753281
2024-08-28,1647,1667,1600,1600,171864,-0.02853673345476626
2024-08-29,1598,1620,1576,1609,87207,0.005624999999999991
2024-08-30,1618,1618,1597,1610,104840,0.0006215040397763438
2024-09-02,1611,1640,1602,1637,71719,0.016770186335403725
2024-09-03,1631,1647,1615,1630,85332,-0.004276114844227297
2024-09-04,1600,1628,1572,1619,135598,-0.006748466257668673
2024-09-05,1617,1627,1600,1605,105417,-0.00864731315626932
2024-09-06,1618,1618,1551,1551,97626,-0.03364485981308407
2024-09-09,1535,1590,1534,1563,78801,0.007736943907156624
2024-09-10,1598,1600,1556,1587,81154,0.015355086372360827
2024-09-11,1588,1607,1567,1593,78791,0.003780718336483968
2024-09-12,1593,1650,1593,1640,47498,0.029504080351538065
2024-09-13,1640,1648,1630,1639,33614,-0.0006097560975609762
2024-09-19,1658,1658,1604,1611,56484,-0.017083587553386237
2024-09-20,1649,1649,1622,1640,51121,0.018001241464928652
2024-09-23,1655,1655,1633,1638,29732,-0.0012195121951219523
2024-09-24,1645,1657,1638,1646,42142,0.004884004884004867
2024-09-25,1646,1665,1645,1649,64165,0.0018226002430132837
2024-09-26,1665,1665,1641,1655,76121,0.0036385688295936802
2024-09-27,1667,1667,1650,1653,63114,-0.0012084592145015227
2024-09-30,1667,1667,1647,1648,53022,-0.003024803387779773
2024-10-02,1641,1657,1626,1652,118300,0.0024271844660195274
2024-10-04,1652,1663,1610,1611,86590,-0.024818401937045986
2024-10-07,1643,1643,1615,1637,58027,0.01613904407200506
2024-10-08,1645,1655,1631,1642,60574,0.0030543677458765295
2024-10-10,1655,1655,1604,1610,81026,-0.01948842874543244
2024-10-11,1623,1623,1567,1616,116322,0.003726708074534235
2024-10-14,1617,1650,1598,1640,59286,0.014851485148514865
2024-10-15,1640,1645,1629,1629,51344,-0.006707317073170738
2024-10-16,1621,1643,1602,1615,54770,-0.008594229588704705
2024-10-17,1620,1631,1587,1610,37781,-0.003095975232198178
2024-10-18,1626,1626,1552,1585,92072,-0.01552795031055898
2024-10-21,1598,1628,1553,1560,55050,-0.01577287066246058
2024-10-22,1559,1559,1519,1519,59101,-0.0262820512820513
2024-10-23,1545,1580,1499,1500,128889,-0.012508229098090795
2024-10-24,1500,1528,1480,1482,46386,-0.01200000000000001
2024-10-25,1482,1500,1440,1446,76451,-0.02429149797570851
2024-10-28,1432,1470,1430,1442,40877,-0.0027662517289073207
2024-10-29,1427,1459,1427,1442,33710,0.0
2024-10-30,1442,1459,1435,1446,42688,0.00277392510402219
2024-10-31,1446,1465,1417,1463,73959,0.011756569847856113
2024-11-01,1459,1463,1420,1435,57771,-0.019138755980861233
2024-11-04,1439,1449,1426,1426,40143,-0.006271777003484358
2024-11-05,1426,1445,1426,1438,26854,0.008415147265077083
2024-11-06,1444,1444,1402,1437,81791,-0.0006954102920723182
2024-11-07,1438,1445,1422,1422,43829,-0.01043841336116913
2024-11-08,1433,1458,1427,1429,34147,0.004922644163150469
2024-11-11,1437,1449,1327,1360,147896,-0.04828551434569628
2024-11-12,1385,1639,1300,1409,604026,0.036029411764705976
2024-11-13,1409,1419,1287,1287,113914,-0.08658623136976584
2024-11-14,1287,1360,1279,1325,98942,0.029526029526029562
2024-11-15,1325,1531,1308,1470,749129,0.10943396226415092
2024-11-18,1443,1469,1422,1429,103147,-0.027891156462585
2024-11-19,1543,1543,1410,1434,83684,0.0034989503149054357
2024-11-20,1440,1440,1391,1391,83967,-0.02998605299860535
2024-11-21,1412,1430,1386,1420,51779,0.02084831056793668
2024-11-22,1421,1434,1396,1414,46178,-0.004225352112676051
2024-11-25,1418,1418,1400,1400,24699,-0.00990099009900991
2024-11-26,1414,1414,1371,1383,69259,-0.012142857142857122
2024-11-27,1370,1404,1368,1368,62265,-0.010845986984815648
2024-11-28,1368,1403,1335,1335,89325,-0.02412280701754388
2024-11-29,1352,1385,1302,1332,35911,-0.0022471910112359383
2024-12-02,1342,1342,1277,1300,64479,-0.024024024024024038
2024-12-03,1300,1331,1296,1296,28251,-0.003076923076923088
2024-12-04,1277,1293,1200,1219,120129,-0.05941358024691357
2024-12-05,1237,1237,1196,1208,86099,-0.009023789991796538
2024-12-06,1191,1208,1102,1175,122298,-0.027317880794701987
2024-12-09,1161,1161,1053,1055,162688,-0.10212765957446812
2024-12-10,1033,1146,1033,1119,96926,0.0606635071090047
2024-12-11,1099,1197,1099,1183,119965,0.05719392314566574
2024-12-12,1180,1199,1171,1184,42737,0.0008453085376163294
2024-12-13,1172,1189,1167,1183,32781,-0.0008445945945946276
2024-12-16,1192,1215,1190,1214,50396,0.026204564666103103
2024-12-17,1200,1227,1200,1225,47064,0.00906095551894559
2024-12-18,1225,1250,1219,1250,44507,0.020408163265306145
2024-12-19,1250,1252,1221,1245,36941,-0.0040000000000000036
2024-12-20,1245,1245,1219,1219,48048,-0.0208835341365462
2024-12-23,1219,1235,1215,1230,12778,0.009023789991796649
2024-12-24,1219,1252,1219,1220,16543,-0.008130081300813052
2024-12-26,1220,1254,1219,1223,24307,0.0024590163934425924
2024-12-27,1223,1231,1200,1200,32143,-0.01880621422730988
2024-12-30,1230,1230,1187,1203,33176,0.0024999999999999467
2025-01-02,1203,1225,1196,1219,12628,0.013300083125519446
2025-01-03,1219,1250,1204,1237,26505,0.014766201804758072
2025-01-06,1241,1250,1225,1242,13676,0.004042037186742009
2025-01-07,1242,1266,1242,1250,30034,0.006441223832528209
2025-01-08,1249,1250,1232,1235,35654,-0.01200000000000001
2025-01-09,1235,1250,1224,1235,25286,0.0
2025-01-10,1265,1265,1235,1242,16099,0.005668016194331882
2025-01-13,1242,1255,1229,1245,27928,0.0024154589371980784
2025-01-14,1324,1618,1301,1386,8247446,0.11325301204819271
2025-01-15,1356,1680,1330,1442,15843892,0.04040404040404044
2025-01-16,1478,1478,1402,1402,926632,-0.0277392510402219
2025-01-17,1403,1470,1344,1355,460579,-0.033523537803138326
2025-01-20,1355,1382,1324,1326,205187,-0.021402214022140265
2025-01-21,1326,1351,1326,1329,103123,0.002262443438914019
2025-01-22,1343,1343,1250,1304,193314,-0.018811136192626088
2025-01-23,1292,1300,1261,1288,122593,-0.012269938650306789
2025-01-24,1288,1326,1285,1307,117906,0.014751552795031042
2025-01-31,1307,1307,1280,1287,61951,-0.015302218821729108
2025-02-03,1287,1291,1230,1248,106848,-0.030303030303030276
2025-02-04,1238,1279,1236,1255,70519,0.00560897435897445
2025-02-05,1255,1293,1250,1262,50912,0.005577689243027928
2025-02-06,1278,1322,1260,1299,81881,0.029318541996830483
2025-02-07,1296,1319,1277,1316,69605,0.013086989992301845
2025-02-10,1305,1311,1293,1300,53579,-0.012158054711246202
2025-02-11,1300,1306,1290,1300,36644,0.0
2025-02-12,1300,1300,1277,1282,34197,-0.013846153846153841
2025-02-13,1282,1365,1282,1340,178518,0.045241809672387
2025-02-14,1354,1354,1312,1328,56654,-0.008955223880596996
2025-02-17,1340,1353,1321,1325,47916,-0.0022590361445783413
2025-02-18,1330,1338,1320,1322,38821,-0.0022641509433962703
2025-02-19,1313,1354,1310,1342,37712,0.015128593040847127
2025-02-20,1354,1354,1265,1347,47130,0.0037257824143070994
2025-02-21,1345,1355,1333,1349,46672,0.0014847809948033142
2025-02-24,1349,1357,1335,1353,33966,0.002965159377316562
2025-02-25,1353,1353,1331,1340,53759,-0.00960827790096086
2025-02-26,1349,1350,1325,1326,44222,-0.010447761194029903
2025-02-27,1326,1339,1322,1323,18883,-0.002262443438914019
2025-02-28,1323,1323,1282,1284,85116,-0.02947845804988658
2025-03-04,1234,1284,1234,1276,31274,-0.006230529595015577
2025-03-05,1276,1320,1269,1306,46384,0.023510971786833812
2025-03-06,1320,1320,1293,1308,15225,0.0015313935681469104
2025-03-07,1308,1317,1294,1294,18607,-0.010703363914373099
2025-03-10,1268,1294,1268,1288,25163,-0.004636785162287493
2025-03-11,1282,1286,1271,1278,31554,-0.00776397515527949
2025-03-12,1278,1294,1271,1271,23412,-0.005477308294209671
2025-03-13,1280,1280,1232,1257,59585,-0.011014948859165985
2025-03-14,1272,1272,1236,1256,16691,-0.0007955449482895949
2025-03-17,1245,1265,1245,1257,19339,0.0007961783439489611
2025-03-18,1243,1264,1243,1264,35095,0.005568814638027053
2025-03-19,1264,1266,1250,1260,23303,-0.0031645569620253333
2025-03-20,1262,1262,1240,1248,25732,-0.00952380952380949
2025-03-21,1248,1248,1228,1232,78213,-0.012820512820512775
2025-03-24,1232,1232,1151,1214,43901,-0.01461038961038963
2025-03-25,1214,1225,1199,1200,62826,-0.011532125205930832
2025-03-26,1200,1212,1180,1207,20932,0.005833333333333357
2025-03-27,1205,1215,1180,1206,24534,-0.0008285004142501995
2025-03-28,1206,1206,1179,1180,26564,-0.021558872305140975
2025-03-31,1187,1187,1140,1143,29235,-0.031355932203389836
2025-04-01,1140,1156,1132,1155,65229,0.01049868766404205
2025-04-02,1143,1147,1133,1143,28350,-0.010389610389610393
2025-04-03,1138,1138,1124,1128,19593,-0.013123359580052507
2025-04-04,1125,1150,1112,1142,27964,0.012411347517730542
2025-04-07,1142,1143,1110,1115,35984,-0.023642732049036774
2025-04-08,1106,1130,1072,1072,24749,-0.03856502242152471
2025-04-09,1060,1093,1060,1080,48957,0.00746268656716409
2025-04-10,1220,1404,1147,1147,7009014,0.06203703703703711
2025-04-11,1150,1152,1113,1138,452114,-0.007846556233653046
2025-04-14,1148,1157,1130,1135,122816,-0.002636203866432374
2025-04-15,1135,1149,1070,1121,338683,-0.012334801762114544
2025-04-16,1136,1136,1115,1124,67721,0.00267618198037467
2025-04-17,1148,1153,1125,1144,98317,0.017793594306049876
2025-04-18,1135,1143,1075,1139,281515,-0.004370629370629375
2025-04-21,1139,1193,1139,1179,237111,0.03511852502194901
2025-04-22,1278,1400,1211,1238,2199474,0.05004240882103472
2025-04-23,1238,1238,1190,1217,153384,-0.01696284329563813
2025-04-24,1245,1245,1195,1210,145569,-0.005751848808545623
2025-04-25,1210,1233,1196,1233,116504,0.01900826446281001
2025-04-28,1221,1232,1198,1220,67125,-0.010543390105433925
2025-04-29,1220,1243,1201,1222,44839,0.0016393442622950616
2025-04-30,1224,1224,1184,1200,49825,-0.018003273322422242
2025-05-02,1200,1200,1181,1191,36080,-0.007499999999999951
2025-05-07,1201,1210,1176,1210,28241,0.015952980688497043
2025-05-08,1207,1224,1206,1224,48493,0.011570247933884392
2025-05-09,1228,1228,1211,1220,32817,-0.0032679738562091387
2025-05-12,1220,1232,1215,1225,103521,0.004098360655737654
2025-05-13,1219,1237,1219,1225,34441,0.0
2025-05-14,1216,1233,1216,1223,38323,-0.0016326530612245094
2025-05-15,1223,1234,1208,1228,42356,0.004088307440719641
2025-05-16,1230,1230,1205,1219,58992,-0.007328990228013033
2025-05-19,1225,1225,1187,1200,52523,-0.015586546349466768
2025-05-20,1200,1202,1172,1174,43237,-0.021666666666666612
2025-05-21,1210,1210,1136,1155,52134,-0.016183986371379855
2025-05-22,1180,1180,1140,1148,39123,-0.0060606060606061
2025-05-23,1137,1149,1136,1139,45818,-0.007839721254355392
2025-05-26,1141,1196,1136,1190,68162,0.04477611940298498
2025-05-27,1192,1196,1175,1175,33688,-0.012605042016806678
2025-05-28,1182,1182,1152,1175,29859,0.0
2025-05-29,1175,1185,1155,1166,54273,-0.007659574468085073
2025-05-30,1166,1180,1156,1173,21623,0.006003430531732468
2025-06-02,1173,1191,1168,1183,40607,0.008525149190110826
2025-06-04,1177,1211,1176,1211,42936,0.023668639053254337
2025-06-05,1214,1224,1211,1217,56958,0.004954582989264988
2025-06-09,1216,1223,1205,1216,42498,-0.0008216926869351049
2025-06-10,1218,1239,1210,1219,66242,0.002467105263157965
2025-06-11,1229,1229,1205,1213,24583,-0.004922067268252617
2025-06-12,1225,1228,1214,1225,46098,0.009892827699917506
2025-06-13,1225,1225,1191,1197,63266,-0.02285714285714291
2025-06-16,1197,1212,1157,1193,51212,-0.003341687552213868
2025-06-17,1193,1239,1180,1180,54112,-0.010896898575020963
2025-06-18,1195,1198,1168,1185,26420,0.004237288135593209
2025-06-19,1172,1185,1172,1185,36133,0.0
2025-06-20,1173,1215,1172,1200,40797,0.012658227848101333
2025-06-23,1200,1229,1181,1210,82187,0.008333333333333304
2025-06-24,1227,1227,1210,1212,35450,0.0016528925619834212
2025-06-25,1226,1226,1202,1212,25869,0.0
2025-06-26,1203,1217,1190,1194,51196,-0.014851485148514865
2025-06-27,1213,1213,1189,1195,13131,0.0008375209380233617
2025-06-30,1206,1211,1182,1186,15168,-0.007531380753138084
2025-07-01,1191,1204,1179,1190,18551,0.003372681281618828
2025-07-02,1200,1221,1178,1189,21686,-0.0008403361344537785
2025-07-03,1179,1198,1179,1194,36031,0.00420521446593769
2025-07-04,1187,1194,1182,1191,22190,-0.002512562814070307
2025-07-07,1191,1191,1177,1190,30709,-0.0008396305625524292
2025-07-08,1180,1196,1162,1177,24362,-0.01092436974789912
2025-07-09,1170,1187,1167,1179,24749,0.001699235344095218
2025-07-10,1172,1187,1149,1170,96183,-0.007633587786259555
2025-07-11,1170,1187,1167,1177,12426,0.005982905982905962
2025-07-14,1176,1176,1161,1172,27084,-0.004248088360237934
2025-07-15,1172,1172,1156,1170,36242,-0.0017064846416382506
2025-07-16,1160,1358,1160,1187,3048699,0.014529914529914478
2025-07-17,1196,1459,1187,1396,19716848,0.17607413647851722
2025-07-18,1400,1429,1299,1299,2432118,-0.06948424068767911
2025-07-21,1305,1315,1267,1277,397716,-0.016936104695919885
2025-07-22,1240,1271,1240,1260,337388,-0.013312451057165275
2025-07-23,1255,1272,1224,1269,331686,0.0071428571428571175
2025-07-24,1267,1437,1233,1330,6580964,0.048069345941686326
2025-07-25,1320,1335,1279,1316,626415,-0.010526315789473717
2025-07-28,1320,1330,1291,1308,289269,-0.006079027355623046
2025-07-29,1325,1419,1290,1368,760010,0.04587155963302747
2025-07-30,1369,1417,1343,1365,441766,-0.002192982456140302
2025-07-31,1364,1374,1319,1326,124103,-0.02857142857142858
2025-08-01,1323,1323,1256,1286,162110,-0.0301659125188537
2025-08-04,1286,1357,1280,1335,113304,0.03810264385692075
2025-08-05,1335,1377,1320,1339,88785,0.002996254681647992
2025-08-06,1337,1355,1318,1329,85300,-0.007468259895444307
2025-08-07,1339,1365,1315,1357,89808,0.021068472535741067
2025-08-08,1371,1371,1310,1351,66432,-0.004421518054532059
2025-08-11,1351,1354,1321,1337,82113,-0.010362694300518172
2025-08-12,1337,1367,1328,1342,91203,0.0037397157816005944
2025-08-13,1336,1460,1336,1374,485788,0.023845007451564815
2025-08-14,1374,1380,1336,1370,76513,-0.0029112081513827937
2025-08-18,1368,1420,1329,1344,64438,-0.01897810218978102
2025-08-19,1333,1367,1307,1321,83429,-0.017113095238095233
2025-08-20,1321,1321,1260,1315,93030,-0.004542013626040897
2025-08-21,1284,1412,1284,1328,131497,0.009885931558935468
2025-08-22,1328,1378,1318,1339,47628,0.008283132530120474
2025-08-25,1341,1368,1327,1333,41140,-0.004480955937266606
2025-08-26,1341,1341,1305,1315,53025,-0.013503375843960996
2025-08-27,1321,1321,1279,1305,42978,-0.0076045627376425395
2025-08-28,1305,1309,1274,1305,36567,0.0
2025-08-29,1305,1313,1270,1280,49378,-0.019157088122605415
2025-09-01,1262,1306,1250,1270,69775,-0.0078125
2025-09-02,1270,1287,1255,1255,28644,-0.011811023622047223
2025-09-03,1291,1291,1239,1257,38105,0.0015936254980080111
2025-09-04,1257,1331,1256,1269,33691,0.009546539379474916
2025-09-05,1269,1270,1258,1270,18370,0.0007880220646176994
2025-09-08,1289,1353,1286,1288,88734,0.014173228346456623
2025-09-09,1285,1288,1271,1283,23845,-0.0038819875776398005
2025-09-10,1304,1304,1278,1284,32229,0.000779423226812126
2025-09-11,1285,1306,1270,1277,30219,-0.005451713395638658
2025-09-12,1275,1285,1263,1278,32640,0.000783085356303781
2025-09-15,1278,1343,1261,1298,284159,0.015649452269170583
2025-09-16,1286,1298,1274,1294,76535,-0.0030816640986132127
2025-09-17,1280,1300,1275,1296,41089,0.0015455950540959051
2025-09-18,1310,1316,1289,1304,69482,0.006172839506172867
2025-09-19,1324,1324,1295,1305,41300,0.0007668711656441118
2025-09-22,1306,1315,1290,1290,53541,-0.011494252873563204
2025-09-23,1300,1300,1265,1268,31548,-0.01705426356589146
2025-09-24,1268,1295,1255,1264,33608,-0.003154574132492094
2025-09-25,1270,1278,1240,1246,56158,-0.014240506329113889
2025-09-26,1240,1254,1198,1217,69401,-0.0232744783306581
2025-09-29,1223,1233,1212,1221,21006,0.0032867707477404196
2025-09-30,1221,1234,1201,1210,24580,-0.009009009009009028
2025-10-01,1210,1237,1198,1212,27521,0.0016528925619834212
2025-10-02,1235,1269,1208,1239,49474,0.022277227722772297
2025-10-10,1225,1237,1202,1203,58370,-0.029055690072639195
2025-10-13,1203,1208,1119,1200,46409,-0.0024937655860348684
2025-10-14,1200,1211,1181,1189,38680,-0.009166666666666656
2025-10-15,1189,1203,1189,1198,39171,0.007569386038688064
2025-10-16,1198,1200,1178,1197,51299,-0.0008347245409014992
2025-10-17,1195,1195,1178,1186,29664,-0.009189640768588192
2025-10-20,1180,1194,1166,1187,29416,0.000843170320404818
2025-10-21,1187,1197,1176,1179,39050,-0.006739679865206405
2025-10-22,1183,1190,1170,1190,45938,0.00932994062765058
2025-10-23,1190,1195,1172,1182,20858,-0.006722689075630228
2025-10-24,1185,1185,1166,1176,74332,-0.005076142131979711
2025-10-27,1176,1176,1155,1170,29444,-0.005102040816326481
2025-10-28,1170,1170,1157,1161,56150,-0.007692307692307665
2025-10-29,1160,1160,1135,1139,59326,-0.01894918173987936
2025-10-30,1139,1158,1112,1117,101343,-0.019315188762071944
2025-10-31,1117,1122,1105,1108,47740,-0.008057296329453845
2025-11-03,1097,1105,1060,1071,85660,-0.03339350180505418
2025-11-04,1062,1070,1047,1056,80000,-0.014005602240896309
2025-11-05,1056,1057,1003,1003,139886,-0.05018939393939392
2025-11-06,1003,1048,1003,1035,67898,0.031904287138584175
2025-11-07,1034,1034,1008,1020,163678,-0.01449275362318836
2025-11-10,1020,1101,1020,1028,69068,0.007843137254901933
2025-11-11,1039,1142,1030,1045,207620,0.01653696498054469
2025-11-12,1056,1084,1045,1065,23494,0.019138755980861344
2025-11-13,1059,1079,1059,1073,26060,0.007511737089201942
2025-11-14,1073,1101,1063,1080,34340,0.006523765144454741
2025-11-17,1063,1080,1052,1057,32986,-0.021296296296296258
2025-11-18,1057,1058,1030,1033,38304,-0.022705771050141932
2025-11-19,1033,1040,1020,1032,24029,-0.0009680542110358514
2025-11-20,1030,1056,1025,1039,15137,0.006782945736434121
2025-11-21,1037,1039,1020,1021,23855,-0.017324350336862415
2025-11-24,1021,1031,1010,1027,23816,0.00587659157688547
2025-11-25,1016,1056,1015,1038,13654,0.0107108081791627
2025-11-26,1037,1046,1016,1030,34008,-0.0077071290944122905
2025-11-27,1021,1073,1017,1020,41760,-0.009708737864077666
2025-11-28,1020,1036,1020,1033,20056,0.012745098039215641
2025-12-01,1038,1042,1027,1038,30491,0.004840271055179146
2025-12-02,1038,1041,1027,1039,14716,0.0009633911368014392
2025-12-03,1039,1045,1029,1036,34078,-0.002887391722810384
2025-12-04,1036,1041,1020,1026,103698,-0.009652509652509633
2025-12-05,1026,1128,1020,1071,744984,0.04385964912280693
2025-12-08,1071,1095,1002,1070,107237,-0.0009337068160597539
2025-12-09,1070,1095,1060,1074,58596,0.0037383177570093906
2025-12-10,1084,1084,1067,1069,19720,-0.004655493482309092
2025-12-11,1069,1197,1069,1119,812013,0.04677268475210483
2025-12-12,1128,1153,1107,1145,165591,0.02323503127792681
2025-12-15,1145,1159,1130,1146,78270,0.0008733624454149158
2025-12-16,1134,1134,1115,1121,38042,-0.021815008726003504
2025-12-17,1110,1123,1110,1122,22025,0.000892060660124816
2025-12-18,1110,1144,1110,1127,40681,0.004456327985739694
2025-12-19,1150,1156,1108,1134,21318,0.006211180124223503
2025-12-22,1132,1132,1116,1129,36349,-0.0044091710758377145
2025-12-23,1129,1129,1112,1122,14439,-0.00620017714791854
2025-12-24,1122,1137,1060,1120,22805,-0.0017825311942959443
2025-12-26,1133,1134,1032,1110,59833,-0.008928571428571397
2025-12-29,1097,1110,1081,1110,39034,0.0
2025-12-30,1110,1110,1085,1088,34609,-0.01981981981981984
2026-01-02,1088,1099,1080,1092,19096,0.003676470588235281
2026-01-05,1092,1095,1065,1074,47392,-0.016483516483516536
2026-01-06,1074,1074,1060,1065,19333,-0.008379888268156388
2026-01-07,1065,1082,1046,1060,27243,-0.0046948356807511304
2026-01-08,1060,1068,1033,1043,75907,-0.016037735849056656
2026-01-09,1043,1059,1035,1059,26026,0.015340364333652934
2026-01-12,1059,1071,1057,1066,46312,0.006610009442870712
2026-01-13,1070,1086,1055,1062,34147,-0.0037523452157598447
2026-01-14,1062,1062,1049,1062,21003,0.0
2026-01-15,1062,1069,1057,1068,28490,0.005649717514124353
2026-01-16,1059,1079,1057,1062,16810,-0.005617977528089901
2026-01-19,1062,1062,1042,1045,51258,-0.016007532956685444
2026-01-20,1045,1045,1020,1038,74875,-0.006698564593301426
2026-01-21,1026,1038,1023,1025,55473,-0.012524084778420042
2026-01-22,1025,1028,1002,1017,108708,-0.007804878048780495
2026-01-23,1017,1133,1010,1104,471436,0.08554572271386429
2026-01-26,1210,1269,1084,1093,1535590,-0.009963768115942018
2026-01-27,1121,1121,1009,1060,225690,-0.03019213174748403
2026-01-28,1060,1064,1040,1050,155153,-0.009433962264150941
2026-01-29,1054,1054,1031,1047,78361,-0.0028571428571428914
2026-01-30,1046,1047,1033,1040,101715,-0.006685768863419317
2026-02-02,1038,1038,1012,1025,86209,-0.014423076923076872
