Date,Open,High,Low,Close,Volume,Change
2022-01-03,287000,291000,284500,286500,12449,-0.0017421602787456303
2022-01-04,289000,296500,286500,294500,20218,0.027923211169284423
2022-01-05,296000,301000,289000,300000,27076,0.018675721561969505
2022-01-06,299500,305500,296500,305500,29665,0.018333333333333313
2022-01-07,312000,316000,304000,315500,38974,0.032733224222585955
2022-01-10,317000,319500,312500,314000,40249,-0.004754358161648153
2022-01-11,312500,323500,312500,322500,57104,0.027070063694267565
2022-01-12,325500,341500,324500,341500,49062,0.058914728682170514
2022-01-13,338500,342000,328500,337000,58081,-0.013177159590043952
2022-01-14,334500,334500,320500,324000,26739,-0.03857566765578635
2022-01-17,324000,336000,313000,316500,25902,-0.02314814814814814
2022-01-18,317000,323500,311000,320000,17700,0.011058451816745585
2022-01-19,318000,318000,301000,309500,22378,-0.03281250000000002
2022-01-20,309500,327500,301500,324500,14051,0.04846526655896599
2022-01-21,330500,333000,319500,329500,24842,0.015408320493066174
2022-01-24,325000,327000,313500,319000,11569,-0.03186646433990892
2022-01-25,317500,318000,300000,310500,16236,-0.026645768025078342
2022-01-26,309000,318500,309000,313000,10785,0.008051529790660261
2022-01-27,309000,313000,288000,290500,28983,-0.0718849840255591
2022-01-28,303500,306000,295500,302500,36100,0.04130808950086062
2022-02-03,311000,319000,309000,309000,16796,0.02148760330578514
2022-02-04,310000,315000,309000,315000,8068,0.01941747572815533
2022-02-07,318000,318000,304500,308500,13018,-0.020634920634920673
2022-02-08,309000,317500,301000,302000,20590,-0.021069692058346856
2022-02-09,306000,308500,301500,305000,12280,0.009933774834437026
2022-02-10,306000,324000,306000,324000,30987,0.062295081967213006
2022-02-11,318500,323500,313000,319500,10763,-0.01388888888888884
2022-02-14,315000,315500,308500,313000,12824,-0.020344287949921713
2022-02-15,314000,320000,305500,305500,19940,-0.02396166134185307
2022-02-16,312000,314500,309000,309000,8754,0.011456628477905184
2022-02-17,309500,315500,309000,313500,10839,0.014563106796116498
2022-02-18,313000,313000,307500,312000,8982,-0.004784688995215336
2022-02-21,310500,310500,302000,305500,7138,-0.02083333333333337
2022-02-22,302500,303500,290000,290500,17526,-0.04909983633387893
2022-02-23,292500,293000,286000,288500,11166,-0.0068846815834767705
2022-02-24,285000,286500,269000,274000,22699,-0.05025996533795496
2022-02-25,278000,279500,272500,274000,5948,0.0
2022-02-28,275000,275500,270500,270500,12272,-0.012773722627737238
2022-03-02,271500,274500,267000,269000,14722,-0.00554528650646946
2022-03-03,270500,272500,269000,272500,8305,0.013011152416356975
2022-03-04,272000,272000,264500,266500,18908,-0.022018348623853212
2022-03-07,265500,265500,251500,255500,18347,-0.0412757973733584
2022-03-08,252000,257500,250000,250500,12458,-0.019569471624266144
2022-03-10,250500,258000,248500,257500,22630,0.027944111776447178
2022-03-11,255500,256500,248500,254500,12852,-0.011650485436893177
2022-03-14,254500,254500,246000,248000,18864,-0.025540275049115935
2022-03-15,246000,248000,240000,241000,30618,-0.028225806451612878
2022-03-16,243000,244500,239500,241000,24407,0.0
2022-03-17,247000,254500,245500,253500,25356,0.051867219917012486
2022-03-18,255000,257500,250500,250500,44397,-0.011834319526627168
2022-03-21,255000,255000,249000,251000,23289,0.001996007984031989
2022-03-22,251000,254500,250000,252000,21021,0.003984063745019917
2022-03-23,256000,259000,252500,259000,16431,0.02777777777777768
2022-03-24,259500,267500,256000,267500,24289,0.032818532818532864
2022-03-25,269000,269500,260000,264500,23402,-0.01121495327102806
2022-03-28,266000,268000,261000,268000,11199,0.013232514177693666
2022-03-29,269500,273000,268500,269500,19516,0.005597014925373234
2022-03-30,271000,271500,265500,268000,12757,-0.005565862708719838
2022-03-31,267500,273000,265500,273000,16158,0.018656716417910557
2022-04-01,273000,275000,268000,272500,17994,-0.001831501831501825
2022-04-04,270000,270000,264500,266000,12757,-0.023853211009174258
2022-04-05,266500,270000,264000,264500,19147,-0.005639097744360888
2022-04-06,264000,267500,261500,267500,10795,0.011342155009451904
2022-04-07,267000,267000,256500,256500,11881,-0.04112149532710285
2022-04-08,258500,262000,257500,262000,7612,0.021442495126705596
2022-04-11,262000,262000,258000,258500,5072,-0.013358778625954248
2022-04-12,253500,260500,253000,260500,9299,0.007736943907156624
2022-04-13,259500,263500,259500,263500,12663,0.011516314779270731
2022-04-14,263500,271000,258500,265000,20890,0.005692599620493288
2022-04-15,264000,264000,260000,261000,3780,-0.015094339622641506
2022-04-18,261000,262500,256500,256500,4553,-0.017241379310344862
2022-04-19,257000,262500,257000,257000,6199,0.0019493177387914784
2022-04-20,259500,260500,256000,257000,6265,0.0
2022-04-21,257500,260500,256000,256000,8528,-0.0038910505836575737
2022-04-22,255500,255500,251000,251000,10165,-0.01953125
2022-04-25,249000,251500,245000,247000,12992,-0.015936254980079667
2022-04-26,249500,250500,242000,242000,13775,-0.020242914979757054
2022-04-27,235500,236000,232000,233000,23458,-0.037190082644628086
2022-04-28,237000,248000,236500,245000,28200,0.05150214592274671
2022-04-29,246500,255000,246000,250000,31262,0.020408163265306145
2022-05-02,245500,255000,245500,254500,13002,0.018000000000000016
2022-05-03,253500,255000,252000,255000,7853,0.0019646365422396617
2022-05-04,254000,256000,253500,255000,10467,0.0
2022-05-06,250000,259000,247000,256000,14428,0.0039215686274509665
2022-05-09,256500,259500,254000,255000,9444,-0.00390625
2022-05-10,247000,251500,244500,249000,16086,-0.02352941176470591
2022-05-11,250000,255000,248000,254500,12170,0.02208835341365467
2022-05-12,253000,253000,244000,244500,10040,-0.03929273084479368
2022-05-13,247000,252000,245500,249000,7788,0.018404907975460016
2022-05-16,250000,254000,250000,253500,4885,0.01807228915662651
2022-05-17,252500,255000,249500,249500,8558,-0.015779092702169595
2022-05-18,252500,255000,252500,252500,7262,0.012024048096192397
2022-05-19,245500,252000,245500,249500,7654,-0.011881188118811892
2022-05-20,252000,265000,251500,264500,18702,0.060120240480961984
2022-05-23,264500,267500,260500,261000,7861,-0.013232514177693777
2022-05-24,262000,263500,259500,263000,9216,0.00766283524904221
2022-05-25,264500,266500,262000,266500,18293,0.013307984790874583
2022-05-26,272000,272000,262000,268500,17333,0.007504690431519689
2022-05-27,270000,278500,269000,275500,28649,0.026070763500931182
2022-05-30,278000,279000,272000,277500,15953,0.007259528130671544
2022-05-31,279000,292000,275000,292000,49875,0.05225225225225216
2022-06-02,292500,294000,282500,289000,16864,-0.010273972602739767
2022-06-03,290000,291000,283000,288000,10093,-0.0034602076124568004
2022-06-07,286000,286000,276000,279000,9521,-0.03125
2022-06-08,279500,287500,278500,287000,14976,0.028673835125448077
2022-06-09,288500,288500,283000,283000,8520,-0.013937282229965153
2022-06-10,283500,283500,274000,275000,14587,-0.028268551236749095
2022-06-13,268000,271500,265000,265000,9387,-0.036363636363636376
2022-06-14,260000,270500,256000,270500,12145,0.020754716981132182
2022-06-15,268500,271000,264000,265500,12943,-0.01848428835489835
2022-06-16,273000,279000,271000,273000,11389,0.02824858757062154
2022-06-17,267000,275000,265000,275000,13704,0.0073260073260073
2022-06-20,274000,274500,264000,265500,10588,-0.034545454545454546
2022-06-21,265500,271000,263500,271000,8077,0.020715630885122405
2022-06-22,270000,271000,257500,257500,11671,-0.04981549815498154
2022-06-23,256500,264000,251000,255500,11635,-0.007766990291262155
2022-06-24,257000,259500,253000,256000,3736,0.001956947162426559
2022-06-27,256500,260000,255500,257500,4096,0.005859375
2022-06-28,258500,264500,256500,264500,7094,0.027184466019417375
2022-06-29,261000,261500,251500,251500,12967,-0.04914933837429114
2022-06-30,251000,255000,240500,240500,21191,-0.0437375745526839
2022-07-01,241500,243000,236000,237500,18102,-0.012474012474012475
2022-07-04,239000,245000,235500,239000,23701,0.006315789473684275
2022-07-05,240000,245000,239000,241500,12009,0.010460251046025215
2022-07-06,240500,243000,237000,237500,9601,-0.0165631469979296
2022-07-07,238500,243500,237500,240000,13814,0.010526315789473717
2022-07-08,245500,255500,245500,254500,18287,0.06041666666666656
2022-07-11,254000,254000,243500,247500,6349,-0.027504911591355596
2022-07-12,243500,244500,235500,238500,15148,-0.036363636363636376
2022-07-13,239500,242000,237500,238000,11726,-0.002096436058700246
2022-07-14,238000,249500,237500,249500,10730,0.04831932773109249
2022-07-15,247000,249000,241500,245000,9460,-0.018036072144288595
2022-07-18,246000,246000,241500,244500,8536,-0.0020408163265306367
2022-07-19,245000,250000,242000,250000,8930,0.02249488752556239
2022-07-20,253000,256000,253000,255500,11327,0.02200000000000002
2022-07-21,257000,269500,255500,269500,15925,0.0547945205479452
2022-07-22,269500,271500,265500,271000,8631,0.005565862708719838
2022-07-25,271000,273000,264500,265500,10632,-0.020295202952029467
2022-07-26,265500,268000,261500,267000,9726,0.005649717514124353
2022-07-27,272000,272500,261000,267000,9422,0.0
2022-07-28,268000,289000,263500,287000,39062,0.07490636704119846
2022-07-29,289000,291000,284000,291000,20251,0.013937282229965264
2022-08-01,294000,303500,291500,294000,15833,0.010309278350515427
2022-08-02,294500,297000,287000,297000,9613,0.010204081632652962
2022-08-03,294000,298500,291500,298500,7957,0.005050505050504972
2022-08-04,299000,300000,292500,296000,10050,-0.008375209380234505
2022-08-05,296000,306500,296000,306500,20227,0.03547297297297303
2022-08-08,305500,314000,302000,314000,19875,0.02446982055464919
2022-08-09,318500,324000,315000,324000,25167,0.031847133757961776
2022-08-10,320500,325000,316000,316000,18520,-0.024691358024691357
2022-08-11,320000,328000,317000,324500,17238,0.02689873417721511
2022-08-12,321500,328000,319000,323500,11406,-0.0030816640986132127
2022-08-16,327000,327500,315500,316500,15083,-0.021638330757341562
2022-08-17,316500,319000,307500,315500,12267,-0.003159557661927326
2022-08-18,314500,317000,308500,317000,6338,0.004754358161648264
2022-08-19,317000,319500,308000,308500,7142,-0.02681388012618302
2022-08-22,301500,310000,301500,303500,6251,-0.01620745542949753
2022-08-23,302000,307500,300000,307000,13314,0.011532125205930832
2022-08-24,307000,307500,294000,296000,10433,-0.03583061889250816
2022-08-25,296500,297000,292000,293500,6550,-0.008445945945945943
2022-08-26,295000,301500,293500,293500,4976,0.0
2022-08-29,286500,288000,281500,285000,11806,-0.028960817717206155
2022-08-30,285000,291500,284000,290000,6439,0.01754385964912286
2022-08-31,285500,301000,284500,301000,20802,0.037931034482758585
2022-09-01,298000,298500,292500,293000,7671,-0.02657807308970095
2022-09-02,296500,296500,289500,289500,7716,-0.011945392491467532
2022-09-05,288500,290000,286000,289500,7363,0.0
2022-09-06,289500,291500,287500,287500,4033,-0.006908462867012077
2022-09-07,288000,296000,288000,295000,13239,0.026086956521739202
2022-09-08,295500,302000,292500,296000,20184,0.003389830508474523
2022-09-13,300000,308500,298000,302500,15520,0.02195945945945943
2022-09-14,294500,302000,294000,300500,12040,-0.006611570247933907
2022-09-15,301000,303000,298500,300000,13000,-0.0016638935108153063
2022-09-16,296500,298000,292000,292000,12218,-0.026666666666666616
2022-09-19,292000,298500,287500,287500,10074,-0.015410958904109595
2022-09-20,289000,290500,286000,287000,5982,-0.0017391304347825765
2022-09-21,287500,290000,286500,286500,4599,-0.0017421602787456303
2022-09-22,284000,288000,282500,284000,5702,-0.008726003490401424
2022-09-23,283000,284500,275000,275000,4888,-0.03169014084507038
2022-09-26,274500,279000,261000,261000,12647,-0.050909090909090904
2022-09-27,260000,266000,253500,258500,12516,-0.009578544061302652
2022-09-28,257000,262000,251500,251500,13174,-0.027079303675048405
2022-09-29,255500,263500,255000,256500,12633,0.01988071570576544
2022-09-30,252000,258000,252000,252000,13167,-0.01754385964912286
2022-10-04,254500,260500,254500,260000,7019,0.031746031746031855
2022-10-05,267000,267500,262000,264500,8795,0.017307692307692246
2022-10-06,265000,275500,264500,269000,6296,0.017013232514177634
2022-10-07,269000,279500,267500,279500,8357,0.0390334572490707
2022-10-11,275000,279500,270000,276500,9724,-0.01073345259391767
2022-10-12,276500,276500,271000,271500,3512,-0.018083182640144635
2022-10-13,273000,273000,267000,270000,43905,-0.0055248618784530246
2022-10-14,273000,274000,265500,267000,7128,-0.011111111111111072
2022-10-17,265500,268500,263000,267500,4427,0.001872659176029856
2022-10-18,271500,282000,271500,278500,9271,0.04112149532710285
2022-10-19,278500,284500,275000,282000,12527,0.012567324955116588
2022-10-20,282000,282000,273000,279000,15137,-0.010638297872340385
2022-10-21,279000,279500,270500,274000,7854,-0.017921146953404965
2022-10-24,277500,279000,274500,274500,5147,0.0018248175182482562
2022-10-25,274500,274500,265000,268500,10033,-0.021857923497267784
2022-10-26,271000,271500,268500,271500,6761,0.011173184357541999
2022-10-27,275500,283000,273000,282500,14554,0.04051565377532218
2022-10-28,282000,290000,279000,287000,10153,0.015929203539823078
2022-10-31,292500,293000,283000,289000,12237,0.006968641114982521
2022-11-01,291000,318000,290500,316500,31551,0.09515570934256057
2022-11-02,318000,322000,309500,315500,18214,-0.003159557661927326
2022-11-03,306000,321000,306000,315000,17977,-0.0015847860538826808
2022-11-04,313000,320000,312000,319000,8763,0.012698412698412653
2022-11-07,320000,325000,318500,321500,6653,0.00783699059561127
2022-11-08,321500,321500,314500,319000,8485,-0.007776049766718529
2022-11-09,318000,329000,316500,329000,20313,0.03134796238244508
2022-11-10,326000,328500,320000,323000,6776,-0.018237082066869248
2022-11-11,332000,338000,330500,332500,30061,0.02941176470588225
2022-11-14,335500,342000,330000,335000,14705,0.007518796992481258
2022-11-15,336000,336500,323000,327500,14509,-0.02238805970149249
2022-11-16,324500,328000,318500,328000,18854,0.0015267175572519776
2022-11-17,323000,323500,314500,315500,14559,-0.038109756097560954
2022-11-18,316500,323000,315000,321500,9593,0.019017432646592614
2022-11-21,321500,321500,314000,319500,8983,-0.0062208398133748455
2022-11-22,317500,329500,316000,318500,14883,-0.003129890453834161
2022-11-23,321500,326500,319000,319000,13073,0.0015698587127157548
2022-11-24,325000,331000,322000,330500,10333,0.036050156739811934
2022-11-25,330000,336000,327500,334000,11214,0.010590015128593144
2022-11-28,334000,336500,329500,332000,10729,-0.005988023952095856
2022-11-29,329500,332000,327500,331000,5219,-0.003012048192771122
2022-11-30,331500,336500,326500,335000,32690,0.012084592145015005
2022-12-01,337000,339500,325500,325500,18631,-0.028358208955223896
2022-12-02,325500,325500,317500,317500,18840,-0.02457757296466978
2022-12-05,317500,319000,311000,311000,13407,-0.020472440944881876
2022-12-06,309000,312500,306000,311000,7667,0.0
2022-12-07,307500,313000,306000,306500,7596,-0.014469453376205754
2022-12-08,308000,309000,300000,302000,15716,-0.014681892332789603
2022-12-09,303000,303500,287000,289000,22663,-0.04304635761589404
2022-12-12,289000,295000,284000,295000,9246,0.02076124567474058
2022-12-13,295000,295000,289000,293500,10254,-0.005084745762711895
2022-12-14,293500,298000,293000,297000,11139,0.011925042589437718
2022-12-15,296000,301500,293000,301000,9678,0.013468013468013407
2022-12-16,297000,305000,294000,305000,22900,0.013289036544850585
2022-12-19,304000,307500,298000,303500,12539,-0.004918032786885296
2022-12-20,302000,304000,298500,303500,7238,0.0
2022-12-21,305000,308500,295500,296500,19801,-0.023064250411861664
2022-12-22,297500,304500,296500,303500,12896,0.02360876897133224
2022-12-23,299000,301000,294500,296000,10408,-0.02471169686985175
2022-12-26,295500,299000,293500,295500,6961,-0.0016891891891891442
2022-12-27,295500,299500,295000,297000,19102,0.0050761421319796
2022-12-28,290000,290000,280000,281500,22592,-0.05218855218855223
2022-12-29,281500,281500,277000,277500,7206,-0.014209591474245165
2023-01-02,275000,283500,275000,280500,5417,0.0108108108108107
2023-01-03,280500,281500,272000,274000,15512,-0.02317290552584672
2023-01-04,271000,275500,270000,275000,16032,0.0036496350364962904
2023-01-05,276000,276500,270000,274500,8170,-0.0018181818181818299
2023-01-06,271000,281000,271000,281000,6689,0.023679417122040025
2023-01-09,283000,289500,281500,289500,15309,0.030249110320284656
2023-01-10,290000,296000,287000,287000,10000,-0.008635578583765069
2023-01-11,287500,297000,286500,296000,11732,0.03135888501742157
2023-01-12,297500,297500,291500,294500,4470,-0.0050675675675675436
2023-01-13,296000,297000,291000,297000,10741,0.008488964346349714
2023-01-16,295500,298000,294000,296500,5245,-0.0016835016835017313
2023-01-17,296500,296500,286000,291000,12571,-0.018549747048903886
2023-01-18,292000,292000,283500,286000,10453,-0.01718213058419249
2023-01-19,283000,288500,283000,288000,5454,0.006993006993007089
2023-01-20,288000,288000,283500,286000,7171,-0.00694444444444442
2023-01-25,290000,296000,289000,295000,21617,0.03146853146853146
2023-01-26,293500,306500,292000,306000,27319,0.03728813559322042
2023-01-27,309000,311500,305000,309500,11211,0.011437908496731986
2023-01-30,311000,313000,305500,305500,23297,-0.012924071082390909
2023-01-31,304000,311500,298500,305000,41904,-0.0016366612111292644
2023-02-01,305000,310000,302500,310000,17394,0.016393442622950838
2023-02-02,311500,311500,300500,301500,19140,-0.02741935483870972
2023-02-03,302500,302500,296500,298500,16792,-0.00995024875621886
2023-02-06,298000,298500,291500,291500,25189,-0.02345058626465657
2023-02-07,291000,300000,291000,297000,18647,0.018867924528301883
2023-02-08,298000,301500,297000,297000,16666,0.0
2023-02-09,297000,307000,295000,302500,15654,0.0185185185185186
2023-02-10,304000,305000,298000,300000,6111,-0.008264462809917328
2023-02-13,300000,302000,295000,300000,8624,0.0
2023-02-14,300500,305000,297000,305000,11662,0.016666666666666607
2023-02-15,305500,308500,301500,307500,19316,0.008196721311475308
2023-02-16,308500,323000,307000,321000,27475,0.04390243902439028
2023-02-17,316000,323500,309500,313500,16381,-0.02336448598130836
2023-02-20,315500,315500,306000,307500,11213,-0.019138755980861233
2023-02-21,308500,314500,307000,313500,7578,0.019512195121951237
2023-02-22,307500,309500,303000,304000,11184,-0.030303030303030276
2023-02-23,305000,308000,301500,304000,12074,0.0
2023-02-24,304500,308500,299500,300000,11653,-0.013157894736842146
2023-02-27,298500,298500,290500,291000,23920,-0.030000000000000027
2023-02-28,291000,302500,290000,294000,39833,0.010309278350515427
2023-03-02,294000,301500,294000,298000,18484,0.013605442176870763
2023-03-03,300000,306500,299500,303000,16470,0.016778523489932917
2023-03-06,308000,313500,307500,312500,21635,0.031353135313531455
2023-03-07,313000,324500,311000,317500,26947,0.016000000000000014
2023-03-08,313500,314500,309000,314500,17925,-0.009448818897637823
2023-03-09,312500,314000,305000,305000,23226,-0.030206677265500748
2023-03-10,301000,304500,298500,302000,14342,-0.00983606557377048
2023-03-13,302000,308000,298000,303000,14665,0.0033112582781456013
2023-03-14,302000,303000,296000,296500,17101,-0.021452145214521434
2023-03-15,300000,307000,299000,303000,16759,0.021922428330522825
2023-03-16,301000,304500,299000,303500,23155,0.0016501650165017256
2023-03-17,306500,308000,292500,293000,33697,-0.034596375617792385
2023-03-20,293000,295000,289000,291500,17766,-0.005119453924914641
2023-03-21,291500,293500,289000,289000,14058,-0.00857632933104635
2023-03-22,292500,300000,291000,296500,18450,0.02595155709342567
2023-03-23,293000,304500,293000,301000,18244,0.015177065767284947
2023-03-24,302000,304000,296000,300000,20784,-0.0033222591362126463
2023-03-27,302000,307000,299000,301500,20157,0.004999999999999893
2023-03-28,302000,307000,296500,299000,22195,-0.008291873963515717
2023-03-29,300000,303000,298500,302000,8696,0.010033444816053505
2023-03-30,303000,308000,299000,305500,13737,0.011589403973509826
2023-03-31,307500,312500,303000,310500,20949,0.016366612111292866
2023-04-03,318000,322000,313500,318000,27730,0.024154589371980784
2023-04-04,320500,333500,318000,323500,35221,0.01729559748427678
2023-04-05,323500,328500,321000,327500,15192,0.012364760432766575
2023-04-06,327000,327000,317000,318000,21659,-0.02900763358778624
2023-04-07,321000,324000,317000,321000,12182,0.009433962264151052
2023-04-10,326000,346500,325000,341500,53343,0.06386292834890961
2023-04-11,390000,423500,360000,382500,394816,0.12005856515373359
2023-04-12,401500,408500,368000,377000,249947,-0.01437908496732021
2023-04-13,369000,396500,367000,383500,115761,0.01724137931034475
2023-04-14,394000,394000,375500,382500,85830,-0.0026075619295958807
2023-04-17,395500,419500,394000,411000,216629,0.07450980392156858
2023-04-18,425000,456000,421000,442000,262104,0.07542579075425793
2023-04-19,436000,439000,429000,430000,143210,-0.02714932126696834
2023-04-20,421000,427000,408500,413000,138754,-0.03953488372093028
2023-04-21,403500,412500,388500,393500,135407,-0.04721549636803879
2023-04-24,385000,395000,380000,380500,102914,-0.03303684879288438
2023-04-25,385000,387000,362000,369000,109465,-0.030223390275952666
2023-04-26,371000,380000,366500,369000,73039,0.0
2023-04-27,371000,389500,369000,384000,92867,0.04065040650406515
2023-04-28,394500,395000,378000,390000,91103,0.015625
2023-05-02,395000,395500,385000,390000,75968,0.0
2023-05-03,390000,395500,376000,379000,59249,-0.028205128205128216
2023-05-04,379000,386000,375500,382000,32628,0.0079155672823219
2023-05-08,390000,392000,379500,383500,44467,0.003926701570680535
2023-05-09,384000,387000,369500,376500,44406,-0.018252933507170832
2023-05-10,376500,381500,364500,367000,37961,-0.025232403718459473
2023-05-11,369500,375500,360000,365000,36590,-0.00544959128065392
2023-05-12,365000,369500,363000,363500,24276,-0.004109589041095929
2023-05-15,363500,363500,350000,358000,37575,-0.015130674002751032
2023-05-16,359000,367500,358500,365000,17802,0.019553072625698276
2023-05-17,365000,378000,363000,377500,26482,0.03424657534246567
2023-05-18,381500,381500,374000,375000,20050,-0.0066225165562914245
2023-05-19,375000,376000,367500,368500,20247,-0.01733333333333331
2023-05-22,368500,371500,364000,369000,21437,0.0013568521031208647
2023-05-23,370500,382000,368000,371500,49658,0.006775067750677488
2023-05-24,371000,375500,370000,373500,17595,0.0053835800807537915
2023-05-25,372500,374000,366500,366500,23425,-0.018741633199464536
2023-05-26,366500,368000,360500,362500,21351,-0.010914051841746208
2023-05-30,365000,369000,362500,365000,17053,0.006896551724137945
2023-05-31,366000,371000,361000,361000,58660,-0.010958904109588996
2023-06-01,364500,368500,360000,365000,25011,0.011080332409972193
2023-06-02,367000,379500,366500,379000,33181,0.03835616438356171
2023-06-05,383000,383500,376000,378500,25180,-0.0013192612137202797
2023-06-07,381000,388500,380000,385500,41306,0.018494055482166427
2023-06-08,385000,392000,377500,385500,41700,0.0
2023-06-09,386500,393000,384500,387500,37341,0.005188067444876765
2023-06-12,393500,395000,384500,388000,31934,0.001290322580645098
2023-06-13,388500,389000,383500,384500,34869,-0.009020618556700999
2023-06-14,384500,389000,371500,373500,64422,-0.02860858257477239
2023-06-15,374500,375000,365000,370000,59404,-0.009370816599732268
2023-06-16,371000,384500,370000,384500,38913,0.03918918918918912
2023-06-19,387500,389000,376500,387000,33395,0.006501950585175553
2023-06-20,383500,387000,380000,382000,20665,-0.012919896640826822
2023-06-21,382000,383000,375000,377500,21524,-0.011780104712041939
2023-06-22,374000,377500,372500,376000,19121,-0.003973509933774877
2023-06-23,376500,377000,370000,370000,18968,-0.015957446808510634
2023-06-26,370000,373000,366000,372500,20598,0.006756756756756799
2023-06-27,372500,373000,366000,366500,26157,-0.016107382550335614
2023-06-28,367000,369000,349000,353000,49141,-0.03683492496589358
2023-06-29,353000,359500,350000,351500,22554,-0.004249291784702569
2023-06-30,351500,355000,348500,352000,21859,0.0014224751066855834
2023-07-03,360000,373000,360000,373000,31743,0.05965909090909083
2023-07-04,375000,375000,365500,370000,33767,-0.008042895442359255
2023-07-05,373000,378500,371500,376500,40775,0.0175675675675675
2023-07-06,377000,378000,371000,372500,30357,-0.010624169986719778
2023-07-07,372500,372500,366000,367000,31600,-0.014765100671140896
2023-07-10,367000,367000,358000,362000,38913,-0.013623978201634857
2023-07-11,363000,365000,358500,365000,24068,0.008287292817679592
2023-07-12,367500,370000,358500,365000,32453,0.0
2023-07-13,362000,371000,362000,368000,31253,0.008219178082191858
2023-07-14,368000,369000,363000,368500,37338,0.0013586956521738358
2023-07-17,368000,368000,363000,363500,41985,-0.013568521031207648
2023-07-18,364000,382500,363000,377500,59932,0.038514442916093516
2023-07-19,384000,392500,382000,388000,70345,0.027814569536423805
2023-07-20,390000,403000,386000,397000,73165,0.02319587628865971
2023-07-21,393000,417000,390000,410000,75364,0.032745591939546514
2023-07-24,418500,449500,418000,446000,199621,0.08780487804878057
2023-07-25,460000,470000,430000,441000,227964,-0.011210762331838597
2023-07-26,448000,482000,403500,419500,418485,-0.0487528344671202
2023-07-27,419500,425000,378000,378000,212985,-0.098927294398093
2023-07-28,375000,391500,368000,388000,98710,0.02645502645502651
2023-07-31,394500,413500,390000,392500,107634,0.011597938144329856
2023-08-01,397500,407000,387500,393500,98951,0.002547770700636942
2023-08-02,391000,396500,378500,380000,78771,-0.03430749682337997
2023-08-03,376000,384500,370000,383500,46586,0.009210526315789558
2023-08-04,385500,385500,376000,376000,52443,-0.019556714471968717
2023-08-07,375500,375500,361000,362000,62531,-0.037234042553191515
2023-08-08,358500,367500,358500,367000,39667,0.013812154696132506
2023-08-09,367000,377500,363000,372500,30287,0.014986376021798309
2023-08-10,370500,371000,365000,367500,31352,-0.01342281879194629
2023-08-11,368000,368500,357500,358500,48385,-0.024489795918367308
2023-08-14,357500,357500,344500,347000,59382,-0.03207810320781035
2023-08-16,341500,349500,337500,337500,41596,-0.02737752161383289
2023-08-17,332500,343500,328000,343000,44836,0.016296296296296253
2023-08-18,343000,343500,334500,334500,23367,-0.02478134110787167
2023-08-21,333000,340000,331000,335000,21947,0.001494768310911887
2023-08-22,339000,346000,336000,340000,20903,0.014925373134328401
2023-08-23,339000,339000,330000,335000,20513,-0.014705882352941124
2023-08-24,336500,342000,335000,338000,27641,0.008955223880596996
2023-08-25,337000,342500,333000,342000,18558,0.01183431952662728
2023-08-28,346000,346500,340000,342000,27850,0.0
2023-08-29,345000,345000,338500,343000,19991,0.0029239766081872176
2023-08-30,347000,354000,344500,345000,32031,0.005830903790087438
2023-08-31,345500,348500,341500,341500,28912,-0.010144927536231862
2023-09-01,342000,344500,335000,337000,18678,-0.013177159590043952
2023-09-04,336000,345000,331500,343500,16066,0.01928783382789323
2023-09-05,345000,349000,342500,347000,17801,0.010189228529839944
2023-09-06,347000,347000,335000,336000,40525,-0.03170028818443804
2023-09-07,335500,336500,330000,332000,29497,-0.011904761904761862
2023-09-08,330000,337000,327500,331500,20254,-0.001506024096385561
2023-09-11,330500,331500,326000,326000,20665,-0.016591251885369585
2023-09-12,326500,329000,315500,316000,33039,-0.030674846625766916
2023-09-13,313500,319000,308000,308000,31090,-0.025316455696202556
2023-09-14,311000,320000,309000,313500,15631,0.017857142857142794
2023-09-15,315000,324000,311000,320000,25494,0.020733652312599604
2023-09-18,317500,322000,316500,319000,13922,-0.0031250000000000444
2023-09-19,319000,319000,309000,311000,29885,-0.025078369905956133
2023-09-20,315000,323000,312000,322000,41511,0.03536977491961424
2023-09-21,322000,322000,313500,315000,35549,-0.021739130434782594
2023-09-22,308500,317000,305500,317000,25430,0.006349206349206327
2023-09-25,314000,315000,306000,307000,37278,-0.03154574132492116
2023-09-26,306000,311500,306000,311500,19558,0.014657980456026065
2023-09-27,307000,312000,305000,312000,32866,0.0016051364365972098
2023-10-04,312000,314500,307000,309000,49195,-0.009615384615384581
2023-10-05,316000,332500,311000,318000,47599,0.029126213592232997
2023-10-06,317500,326000,314000,316000,36183,-0.0062893081761006275
2023-10-10,320000,326500,312000,315500,36614,-0.0015822784810126667
2023-10-11,326000,335000,321000,334500,48492,0.060221870047543646
2023-10-12,338500,343500,336000,338000,34615,0.010463378176382765
2023-10-13,338000,338000,330000,333000,27647,-0.014792899408283988
2023-10-16,326000,329500,319500,322500,32173,-0.03153153153153154
2023-10-17,323000,330000,322500,323000,22039,0.0015503875968991832
2023-10-18,323000,324500,317500,320000,24699,-0.009287925696594423
2023-10-19,315500,318000,312000,313500,27004,-0.020312499999999956
2023-10-20,310000,310000,300500,302000,52240,-0.036682615629984094
2023-10-23,297000,305500,296500,298000,37568,-0.013245033112582738
2023-10-24,299500,307500,290000,306000,37778,0.02684563758389258
2023-10-25,315000,315000,293000,293500,50471,-0.040849673202614345
2023-10-26,278500,289000,274500,276500,99899,-0.05792163543441231
2023-10-27,274500,287000,274500,282000,62461,0.019891500904159143
2023-10-30,277500,287500,277000,286500,37699,0.015957446808510634
2023-10-31,288500,289500,277000,280500,38417,-0.020942408376963373
2023-11-01,280500,286500,279000,281500,28705,0.0035650623885918886
2023-11-02,284500,297500,284500,296000,31122,0.051509769094138624
2023-11-03,308000,308500,298500,305500,30754,0.03209459459459452
2023-11-06,329000,337000,314000,330500,109568,0.08183306055646478
2023-11-07,329000,329000,300500,314500,74706,-0.04841149773071107
2023-11-08,310000,316000,301000,302000,34661,-0.03974562798092207
2023-11-09,300000,303000,294000,295000,31538,-0.023178807947019875
2023-11-10,288000,291000,285500,290000,23310,-0.016949152542372836
2023-11-13,293500,294500,284000,288000,19196,-0.006896551724137945
2023-11-14,292500,299000,290500,294000,23459,0.02083333333333326
2023-11-15,304000,305000,296000,302000,44034,0.027210884353741527
2023-11-16,299000,302000,296500,300000,14212,-0.0066225165562914245
2023-11-17,299500,300500,294500,299000,19722,-0.0033333333333332993
2023-11-20,299000,306000,298500,303500,28299,0.015050167224080369
2023-11-21,306000,308500,304500,305500,22403,0.006589785831960571
2023-11-22,305000,305500,300000,304500,20780,-0.00327332242225864
2023-11-23,303500,315500,303500,311000,30955,0.021346469622331776
2023-11-24,315000,320500,312000,312000,22864,0.003215434083601254
2023-11-27,313000,315500,308500,308500,21135,-0.011217948717948678
2023-11-28,308500,313000,308000,310500,20879,0.006482982171799101
2023-11-29,311500,314500,307000,313500,23025,0.009661835748792313
2023-11-30,311000,313000,309000,309000,48561,-0.014354066985645897
2023-12-01,308500,309000,302000,304500,20189,-0.014563106796116498
2023-12-04,303500,307500,295500,298000,49057,-0.021346469622331665
2023-12-05,295500,297500,291500,293000,26518,-0.016778523489932917
2023-12-06,293000,299500,292000,293000,22226,0.0
2023-12-07,295000,298500,293000,298000,21504,0.017064846416382284
2023-12-08,300500,303000,298000,302000,20016,0.01342281879194629
2023-12-11,304500,304500,301000,301500,14821,-0.0016556291390728006
2023-12-12,300000,304000,299500,304000,13038,0.008291873963515828
2023-12-13,304000,304500,299000,300000,22825,-0.013157894736842146
2023-12-14,304500,305000,299000,301000,23607,0.0033333333333334103
2023-12-15,303000,312000,302500,310000,41945,0.029900332225913706
2023-12-18,320000,320000,313000,315500,31128,0.01774193548387104
2023-12-19,314500,318500,311000,318500,25735,0.009508716323296307
2023-12-20,320000,324500,319500,324500,25539,0.018838304552590168
2023-12-21,321000,324500,315500,324000,25132,-0.0015408320493066618
2023-12-22,324000,327000,318000,318000,27381,-0.01851851851851849
2023-12-26,318000,321000,313500,314000,31916,-0.012578616352201255
2023-12-27,313000,316500,308000,309000,30886,-0.015923566878980888
2023-12-28,309000,311000,295000,311000,32161,0.006472491909385036
2024-01-02,308500,308500,301000,304000,33334,-0.022508038585209
2024-01-03,300500,302500,295000,298000,34577,-0.019736842105263164
2024-01-04,295000,301500,294000,297000,18249,-0.003355704697986628
2024-01-05,299500,302000,295000,302000,18532,0.01683501683501687
2024-01-08,302500,304500,301000,302000,15810,0.0
2024-01-09,304500,305000,299000,299500,14678,-0.008278145695364225
2024-01-10,299500,300000,296000,296000,19341,-0.011686143572620988
2024-01-11,295000,301500,295000,298500,20872,0.008445945945946054
2024-01-12,298500,299500,295000,297500,19962,-0.00335008375209378
2024-01-15,295000,296000,290000,293000,29608,-0.015126050420168013
2024-01-16,290000,292500,285500,288500,22427,-0.015358361774744034
2024-01-17,285000,285500,277000,279500,38462,-0.03119584055459268
2024-01-18,274000,281000,272500,275500,35045,-0.014311270125223596
2024-01-19,275500,278500,269000,269000,37407,-0.023593466424682408
2024-01-22,269000,269000,255500,255500,40829,-0.05018587360594795
2024-01-23,252000,259500,251500,258500,23755,0.011741682974559797
2024-01-24,255000,269500,254000,266000,28317,0.029013539651837617
2024-01-25,262500,265500,257000,262000,24614,-0.015037593984962405
2024-01-26,259000,273000,257500,271000,22470,0.03435114503816794
2024-01-29,274000,277000,269000,276000,27425,0.01845018450184499
2024-01-30,277500,282500,270000,270000,29415,-0.021739130434782594
2024-01-31,266000,274500,266000,272000,15316,0.007407407407407307
2024-02-01,272000,276500,261000,275500,37967,0.012867647058823595
2024-02-02,276500,288000,276000,288000,38718,0.04537205081669682
2024-02-05,290000,294500,284500,290500,27838,0.00868055555555558
2024-02-06,285000,289500,282500,282500,19417,-0.027538726333907082
2024-02-07,283500,292500,283500,285500,36578,0.010619469026548645
2024-02-08,310500,310500,292500,293500,98227,0.028021015761821255
2024-02-13,294000,299000,293500,294000,49388,0.0017035775127767216
2024-02-14,289500,296000,286500,291500,22094,-0.008503401360544172
2024-02-15,293000,303000,293000,302000,39889,0.036020583190394584
2024-02-16,303500,316000,303500,313500,53509,0.038079470198675525
2024-02-19,312000,323000,309500,318500,66546,0.01594896331738438
2024-02-20,316000,326000,309000,326000,48067,0.023547880690737877
2024-02-21,324000,326000,319000,324000,21988,-0.006134969325153339
2024-02-22,324500,325500,316500,322000,21455,-0.006172839506172867
2024-02-23,321500,322000,312000,315000,33082,-0.021739130434782594
2024-02-26,311000,322000,307500,308000,40745,-0.022222222222222254
2024-02-27,309000,313500,300000,305000,36441,-0.009740259740259716
2024-02-28,306500,309500,304000,304500,18738,-0.0016393442622950616
2024-02-29,306000,308000,299000,300000,49223,-0.014778325123152691
2024-03-04,300000,310500,298000,309000,34933,0.030000000000000027
2024-03-05,304500,309000,302500,306500,22697,-0.008090614886731351
2024-03-06,302500,305500,300000,300000,17964,-0.021207177814029365
2024-03-07,300500,304500,298500,304000,23863,0.01333333333333342
2024-03-08,304000,308500,302500,305000,30126,0.00328947368421062
2024-03-11,301000,304500,297000,297500,27126,-0.024590163934426257
2024-03-12,297500,307000,297500,304000,37278,0.02184873949579824
2024-03-13,304000,313000,302000,306000,23796,0.006578947368421018
2024-03-14,306000,311000,302500,311000,21769,0.016339869281045694
2024-03-15,309500,309500,297500,297500,40916,-0.043408360128617374
2024-03-18,299000,303500,299000,302000,13525,0.015126050420168013
2024-03-19,303000,304000,298500,301500,15594,-0.0016556291390728006
2024-03-20,301000,303000,298500,301000,18240,-0.0016583747927031434
2024-03-21,301000,303500,300500,302000,14854,0.0033222591362125353
2024-03-22,303000,309000,302000,303000,21748,0.0033112582781456013
2024-03-25,303000,312000,303000,308000,23342,0.01650165016501659
2024-03-26,307500,311500,306000,309000,18432,0.0032467532467532756
2024-03-27,309000,311000,303500,304500,17221,-0.014563106796116498
2024-03-28,304500,306500,299000,300000,15888,-0.014778325123152691
2024-03-29,299000,300000,296000,296500,19346,-0.011666666666666714
2024-04-01,296500,296500,289500,289500,26905,-0.02360876897133224
2024-04-02,289500,291500,282500,282500,24841,-0.024179620034542326
2024-04-03,279500,280000,271000,271000,41392,-0.04070796460176995
2024-04-04,270500,276000,270000,276000,19440,0.01845018450184499
2024-04-05,271500,274000,270000,271000,14032,-0.018115942028985477
2024-04-08,269500,270000,259500,263000,37225,-0.029520295202952074
2024-04-09,265500,268000,261000,261000,16873,-0.0076045627376425395
2024-04-11,257000,260000,256000,258000,18479,-0.011494252873563204
2024-04-12,258500,265000,258000,259000,17158,0.003875968992248069
2024-04-15,257000,258500,252000,253500,24101,-0.021235521235521193
2024-04-16,251500,251500,244000,244000,34102,-0.03747534516765283
2024-04-17,242000,247000,241500,241500,22427,-0.010245901639344246
2024-04-18,240000,250500,240000,247500,19630,0.024844720496894457
2024-04-19,247000,248500,241000,243500,18515,-0.016161616161616155
2024-04-22,245500,254000,245500,254000,10527,0.04312114989733051
2024-04-23,250500,262500,250500,255500,14794,0.0059055118110236116
2024-04-24,260500,263500,257500,260000,14239,0.017612524461839474
2024-04-25,260000,262000,256500,259000,12404,-0.0038461538461538325
2024-04-26,258000,261500,256500,258500,10822,-0.0019305019305019266
2024-04-29,257500,270000,257500,269500,23930,0.042553191489361764
2024-04-30,271000,272500,268000,268000,21349,-0.005565862708719838
2024-05-02,267500,269500,263000,265500,12735,-0.009328358208955279
2024-05-03,267000,267000,261500,262500,9092,-0.011299435028248594
2024-05-07,263500,264500,259500,261000,20284,-0.005714285714285672
2024-05-08,257500,269500,257500,269500,14018,0.03256704980842917
2024-05-09,267000,268500,264000,265000,6270,-0.016697588126159513
2024-05-10,265000,267000,261500,261500,9256,-0.013207547169811318
2024-05-13,260000,261500,254000,257000,12534,-0.017208413001912004
2024-05-14,255500,264000,255500,263000,10771,0.023346303501945442
2024-05-16,262500,265500,260500,260500,12242,-0.009505703422053258
2024-05-17,258500,262000,258000,259000,12042,-0.0057581573896353655
2024-05-20,258500,261500,256500,258000,8084,-0.0038610038610038533
2024-05-21,256500,258000,250500,253000,16850,-0.019379844961240345
2024-05-22,253500,254500,250500,252000,12429,-0.0039525691699604515
2024-05-23,250000,260000,248500,256000,20169,0.015873015873015817
2024-05-24,254000,261500,252000,259500,16510,0.013671875
2024-05-27,259500,262500,253000,261500,16916,0.007707129094412402
2024-05-28,259000,261500,253500,254000,16139,-0.028680688336520044
2024-05-29,252000,252000,243500,243500,25226,-0.04133858267716539
2024-05-30,241000,243000,235000,236500,27198,-0.028747433264887046
2024-05-31,236000,241000,236000,237000,28901,0.0021141649048626032
2024-06-03,236500,247500,236500,245000,11471,0.03375527426160341
2024-06-04,243500,248000,240000,242500,16574,-0.010204081632653073
2024-06-05,243000,257000,243000,254000,25227,0.04742268041237119
2024-06-07,257000,264000,256000,263500,18458,0.03740157480314954
2024-06-10,263500,264000,258500,263000,11865,-0.00189753320683117
2024-06-11,263000,267000,260500,263500,15751,0.0019011406844107182
2024-06-12,265500,265500,260500,261000,13144,-0.009487666034155628
2024-06-13,265000,265000,259500,263000,15312,0.00766283524904221
2024-06-14,263000,263000,253500,255000,22902,-0.03041825095057038
2024-06-17,254000,257500,250500,250500,12623,-0.01764705882352946
2024-06-18,252000,257000,248000,248000,10641,-0.009980039920159722
2024-06-19,246000,255000,246000,253000,20854,0.02016129032258074
2024-06-20,254000,256500,250000,251000,10953,-0.007905138339920903
2024-06-21,249000,252500,244500,244500,19488,-0.02589641434262946
2024-06-24,245500,245500,239000,239000,20544,-0.02249488752556239
2024-06-25,239000,241500,238000,239000,10995,0.0
2024-06-26,239000,242000,238000,241500,17046,0.010460251046025215
2024-06-27,241500,243000,239500,240500,11922,-0.0041407867494823725
2024-06-28,240500,243000,237000,241000,14787,0.0020790020790020236
2024-07-01,241000,248500,238000,244000,19041,0.012448132780082943
2024-07-02,245500,248000,243000,244000,14224,0.0
2024-07-03,246500,252500,246000,247500,17876,0.014344262295082011
2024-07-04,248500,250500,245500,246500,12918,-0.004040404040404066
2024-07-05,246500,251500,243000,250000,10812,0.014198782961460488
2024-07-08,251500,254000,249000,251500,13208,0.006000000000000005
2024-07-09,251000,251000,248000,250500,13129,-0.003976143141153132
2024-07-10,248500,250500,241500,242000,30114,-0.03393213572854292
2024-07-11,243000,249000,240000,246000,30996,0.016528925619834656
2024-07-12,243500,250500,243000,250500,23604,0.018292682926829285
2024-07-15,250000,252500,242000,242000,18294,-0.03393213572854292
2024-07-16,241500,243500,234000,237500,31142,-0.018595041322314043
2024-07-17,235500,237000,233000,233000,16934,-0.0189473684210526
2024-07-18,230500,234500,229500,230000,13469,-0.012875536480686733
2024-07-19,230000,232500,229000,230000,13209,0.0
2024-07-22,229500,230000,222500,224000,15677,-0.02608695652173909
2024-07-23,224500,227000,218500,219500,21076,-0.0200892857142857
2024-07-24,215500,222500,215500,216500,10017,-0.013667425968109326
2024-07-25,211500,225000,210000,224000,23007,0.03464203233256358
2024-07-26,223500,223500,216500,219500,11445,-0.0200892857142857
2024-07-29,219000,223000,215500,218000,14187,-0.006833712984054663
2024-07-30,217000,222500,215000,215500,11684,-0.011467889908256867
2024-07-31,215500,218000,210500,213000,35746,-0.011600928074245953
2024-08-01,214000,220500,213000,220500,27657,0.035211267605633756
2024-08-02,216500,217500,212000,214000,23250,-0.02947845804988658
2024-08-05,209500,210000,181100,185800,49155,-0.13177570093457946
2024-08-06,185900,197500,185900,196000,42295,0.054897739504844
2024-08-07,192100,197800,192100,194400,20239,-0.008163265306122436
2024-08-08,191300,194000,185900,187400,29696,-0.03600823045267487
2024-08-09,189400,191500,188300,189100,27090,0.009071504802561359
2024-08-12,189400,193300,189100,193200,9839,0.021681649920676893
2024-08-13,193500,196800,190200,195200,14188,0.010351966873705987
2024-08-14,196700,202000,196700,199000,8606,0.01946721311475419
2024-08-16,202500,204000,199600,200500,9831,0.007537688442211143
2024-08-19,200500,203000,196200,196300,15203,-0.02094763092269325
2024-08-20,200000,200500,190000,196100,11167,-0.0010188487009679115
2024-08-21,194600,203000,194300,202000,21423,0.030086690464048882
2024-08-22,202000,208000,199800,207000,22597,0.024752475247524774
2024-08-23,204500,209000,204000,207000,13593,0.0
2024-08-26,206000,211500,206000,209500,10614,0.012077294685990392
2024-08-27,210500,216500,208000,210000,14063,0.0023866348448686736
2024-08-28,210500,212500,204000,205500,10879,-0.021428571428571463
2024-08-29,203000,218000,202500,216500,31028,0.05352798053527974
2024-08-30,218500,219500,214500,216500,33274,0.0
2024-09-02,219500,224500,219000,222500,37098,0.02771362586605086
2024-09-03,225500,225500,217500,218000,20224,-0.020224719101123556
2024-09-04,210000,214000,209500,211000,19051,-0.032110091743119296
2024-09-05,215000,217500,209500,211500,14556,0.0023696682464455776
2024-09-06,213500,214000,201500,202000,14583,-0.044917257683215084
2024-09-09,197600,203500,197000,200500,11946,-0.007425742574257432
2024-09-10,200500,205000,198900,200500,9951,0.0
2024-09-11,201000,212000,200000,208000,17411,0.03740648379052369
2024-09-12,214500,215000,211000,214000,12846,0.028846153846153744
2024-09-13,215000,215500,210500,213500,10518,-0.002336448598130869
2024-09-19,215000,217000,210000,213000,11324,-0.0023419203747072626
2024-09-20,214500,217000,213000,216000,22713,0.014084507042253502
2024-09-23,217000,218500,214000,218500,13667,0.011574074074074181
2024-09-24,218500,232000,218000,230000,36127,0.05263157894736836
2024-09-25,232000,240500,230000,240000,35399,0.04347826086956519
2024-09-26,241000,244000,236500,241500,27079,0.006250000000000089
2024-09-27,242000,243500,237000,239500,20741,-0.008281573498964856
2024-09-30,241500,246000,240500,242500,27422,0.012526096033402823
2024-10-02,242000,249000,239000,246000,36691,0.014432989690721598
2024-10-04,246000,250000,243000,249000,32001,0.012195121951219523
2024-10-07,249000,254000,247500,253500,19692,0.01807228915662651
2024-10-08,252500,255000,248500,251500,20671,-0.007889546351084853
2024-10-10,257000,257000,250000,251500,22253,0.0
2024-10-11,251500,253500,245000,245000,19236,-0.025844930417495027
2024-10-14,245000,245000,237500,240000,12462,-0.020408163265306145
2024-10-15,241000,243000,231500,234000,14233,-0.025000000000000022
2024-10-16,235000,235500,231000,232000,16865,-0.008547008547008517
2024-10-17,230500,234500,222500,222500,17316,-0.04094827586206895
2024-10-18,222500,225500,219000,222000,12377,-0.0022471910112359383
2024-10-21,220500,226000,220500,225500,6142,0.015765765765765716
2024-10-22,225500,227500,218000,227500,15234,0.008869179600886845
2024-10-23,225500,231000,223500,231000,15708,0.01538461538461533
2024-10-24,232500,233000,226000,226500,14612,-0.01948051948051943
2024-10-25,228500,230500,219000,219000,15648,-0.0331125827814569
2024-10-28,217000,230000,217000,228500,16338,0.04337899543378998
2024-10-29,227000,227000,215000,223000,22257,-0.024070021881838044
2024-10-30,219000,220500,214000,214500,28052,-0.03811659192825112
2024-10-31,213000,213500,209500,210000,24872,-0.020979020979020935
2024-11-01,208000,216500,206000,215000,20159,0.023809523809523725
2024-11-04,214000,220500,212000,220500,15512,0.0255813953488373
2024-11-05,220500,221500,216500,221500,8861,0.0045351473922903285
2024-11-06,222000,222500,207000,215000,27961,-0.02934537246049662
2024-11-07,210500,211500,203000,209500,18143,-0.025581395348837188
2024-11-08,208000,212500,205500,207000,13759,-0.011933174224343701
2024-11-11,211500,215500,206000,206500,16817,-0.0024154589371980784
2024-11-12,206000,209000,203000,204500,17091,-0.009685230024213065
2024-11-13,204000,204500,195400,195800,22839,-0.04254278728606353
2024-11-14,194900,198800,192000,193000,28356,-0.01430030643513791
2024-11-15,184000,188400,181000,184100,41405,-0.04611398963730573
2024-11-18,182500,201000,182500,198600,33841,0.07876154263986956
2024-11-19,198700,206000,198700,202000,19203,0.017119838872104776
2024-11-20,201000,206000,199500,202500,8060,0.0024752475247524774
2024-11-21,200000,210000,200000,205000,11896,0.012345679012345734
2024-11-22,206500,212500,206500,212000,12503,0.034146341463414664
2024-11-25,212000,218000,212000,212500,81574,0.002358490566037652
2024-11-26,215500,215500,208500,208500,10934,-0.018823529411764683
2024-11-27,209000,211000,202500,202500,11364,-0.02877697841726623
2024-11-28,203000,205500,201000,203500,12876,0.004938271604938205
2024-11-29,202500,203500,190000,190000,24009,-0.06633906633906639
2024-12-02,190400,192400,186100,187700,20266,-0.01210526315789473
2024-12-03,187800,189800,186600,188900,16473,0.006393180607352056
2024-12-04,183800,187500,180700,181600,35600,-0.038644785600847054
2024-12-05,181600,181900,178700,179200,21523,-0.013215859030836996
2024-12-06,178000,180400,173000,177600,16017,-0.008928571428571397
2024-12-09,174000,174500,166000,166500,33741,-0.0625
2024-12-10,166500,181300,166100,179500,36816,0.0780780780780781
2024-12-11,178900,180100,176900,177200,7930,-0.012813370473537589
2024-12-12,178000,181100,175600,178000,11300,0.004514672686230181
2024-12-13,178000,180500,177000,177700,9270,-0.0016853932584269815
2024-12-16,178000,179800,174000,174000,19207,-0.020821609454136136
2024-12-17,174300,174300,165000,165300,36661,-0.050000000000000044
2024-12-18,165300,167500,164800,166200,30895,0.005444646098003547
2024-12-19,164100,164100,160000,160900,25280,-0.031889290012033666
2024-12-20,161000,164300,160700,162500,24882,0.009944064636420169
2024-12-23,162500,164500,160000,161900,13751,-0.0036923076923076614
2024-12-24,162200,163700,160700,160700,8016,-0.0074119827053736875
2024-12-26,161000,161100,157200,157200,18401,-0.021779713752333563
2024-12-27,156800,157900,154500,157400,16535,0.0012722646310432406
2024-12-30,156900,159500,155200,158800,13851,0.008894536213468918
2025-01-02,157500,158000,153400,153800,10930,-0.03148614609571787
2025-01-03,152700,161600,152700,161000,19426,0.04681404421326407
2025-01-06,161000,163000,159800,160800,13119,-0.001242236024844745
2025-01-07,161200,164000,159600,159700,16980,-0.006840796019900508
2025-01-08,159700,163000,159600,162400,9165,0.016906700062617297
2025-01-09,163400,163400,159600,160300,15721,-0.012931034482758674
2025-01-10,159100,160000,157700,157800,13739,-0.015595757953836609
2025-01-13,157800,158300,154300,154300,14490,-0.02217997465145749
2025-01-14,154100,157200,153500,157200,9826,0.0187945560596241
2025-01-15,157200,158500,153500,155300,20869,-0.012086513994910897
2025-01-16,156400,157800,154500,154500,8896,-0.005151320025756578
2025-01-17,154200,155400,153800,154800,9190,0.001941747572815622
2025-01-20,156000,159400,155000,159100,18054,0.02777777777777768
2025-01-21,157900,158000,152500,153500,18661,-0.035197988686360815
2025-01-22,153500,155400,152800,153000,20904,-0.0032573289902280145
2025-01-23,153000,153000,147100,147100,41837,-0.03856209150326795
2025-01-24,147300,147500,143500,143900,32313,-0.021753908905506436
2025-01-31,139800,140000,137600,139000,40339,-0.03405142460041699
2025-02-03,137900,138000,132000,132000,38999,-0.05035971223021585
2025-02-04,131000,132000,126800,127000,54880,-0.037878787878787845
2025-02-05,126900,131700,126700,127400,41920,0.0031496062992126816
2025-02-06,128000,128400,125800,128400,40029,0.007849293563579218
2025-02-07,128100,128300,124100,124900,35910,-0.027258566978193177
2025-02-10,123500,126000,121000,123300,37978,-0.012810248198558805
2025-02-11,123400,124400,121500,121800,44208,-0.012165450121654486
2025-02-12,121800,122400,120300,120800,29064,-0.008210180623973717
2025-02-13,120700,123300,120500,123000,38242,0.01821192052980125
2025-02-14,123500,123600,120500,121900,37107,-0.00894308943089428
2025-02-17,121300,126700,120800,123200,68160,0.01066447908121404
2025-02-18,123900,123900,120900,122600,54236,-0.004870129870129913
2025-02-19,122900,125000,122400,124100,131208,0.012234910277324706
2025-02-20,124500,127300,124200,126000,53456,0.015310233682514163
2025-02-21,126900,130100,126200,129000,87781,0.023809523809523725
2025-02-24,127800,132800,127200,131400,67292,0.018604651162790642
2025-02-25,130700,131100,124500,124700,94583,-0.050989345509893425
2025-02-26,124300,126000,123000,124100,98030,-0.004811547714514863
2025-02-27,124400,126100,123600,124400,65352,0.00241740531829171
2025-02-28,122900,123000,111600,113500,1054253,-0.087620578778135
2025-03-04,113200,113800,108300,108300,169075,-0.04581497797356826
2025-03-05,108400,110600,106400,110300,109798,0.01846722068328721
2025-03-06,111400,114300,109500,109700,77573,-0.005439709882139598
2025-03-07,109100,118700,108000,116700,165158,0.0638103919781221
2025-03-10,116800,117300,113700,116500,59114,-0.001713796058269046
2025-03-11,111900,114000,110000,112500,71434,-0.03433476394849788
2025-03-12,113200,118400,112700,118400,83923,0.052444444444444516
2025-03-13,118800,119000,115000,115000,49695,-0.028716216216216228
2025-03-14,115700,116000,110800,112300,57492,-0.02347826086956517
2025-03-17,112500,115500,112300,112900,33503,0.00534283170080152
2025-03-18,113500,115700,111700,111900,36630,-0.008857395925597866
2025-03-19,113200,119100,112400,117200,93702,0.047363717605004574
2025-03-20,118700,123800,118100,121400,99070,0.03583617747440271
2025-03-21,121400,124900,118400,124900,74696,0.02883031301482708
2025-03-24,124400,125050,121500,124100,43930,-0.006405124099279402
2025-03-25,125300,125300,120100,120500,58928,-0.029008863819500408
2025-03-26,120900,126000,120700,124800,68298,0.03568464730290466
2025-03-27,123800,126900,122600,124300,53283,-0.004006410256410242
2025-03-28,125000,125500,120100,120100,34283,-0.03378921962992765
2025-03-31,117000,117300,114000,115300,44656,-0.03996669442131562
2025-04-01,113500,116400,113300,115100,31262,-0.0017346053772766545
2025-04-02,115300,116000,107500,107800,77990,-0.06342311033883574
2025-04-03,103800,105600,103100,104000,50705,-0.03525046382189234
2025-04-04,101800,109600,101800,108300,59808,0.04134615384615392
2025-04-07,103100,104900,101200,101800,48471,-0.06001846722068327
2025-04-08,103900,104600,100400,101700,38438,-0.0009823182711198308
2025-04-09,100700,102500,97400,99100,53030,-0.025565388397246758
2025-04-10,104700,108300,102700,108300,34919,0.0928355196770938
2025-04-11,106200,108500,104200,108200,22638,-0.0009233610341643494
2025-04-14,108300,112200,108300,110100,31521,0.01756007393715331
2025-04-15,109500,111100,108400,110100,37032,0.0
2025-04-16,110400,111800,106600,108200,48136,-0.01725703905540421
2025-04-17,107400,111400,106600,107400,24645,-0.007393715341959317
2025-04-18,107600,108000,105800,106800,181663,-0.005586592178770999
2025-04-21,106600,107100,104900,105600,32881,-0.011235955056179803
2025-04-22,104800,107400,104800,106000,15044,0.0037878787878788955
2025-04-23,107900,110900,107200,110900,26776,0.04622641509433967
2025-04-24,111000,111200,107800,108300,21094,-0.023444544634806164
2025-04-25,109500,111800,109100,110800,41637,0.023084025854108958
2025-04-28,111000,112500,109700,109700,26307,-0.009927797833935048
2025-04-29,109900,113000,109700,111900,24986,0.020054694621695512
2025-04-30,111700,111700,106800,106800,34940,-0.04557640750670244
2025-05-02,107600,107600,104000,105500,30102,-0.01217228464419473
2025-05-07,105700,105800,103200,104300,36020,-0.011374407582938395
2025-05-08,104300,105700,104100,104300,22353,0.0
2025-05-09,104600,105500,103100,103200,53300,-0.010546500479386434
2025-05-12,103800,104800,103300,104600,27442,0.013565891472868241
2025-05-13,105000,105500,102100,102200,63727,-0.02294455066921608
2025-05-14,102200,103200,100200,102500,42544,0.0029354207436398383
2025-05-15,102500,102700,101500,101700,19679,-0.007804878048780495
2025-05-16,102300,102300,98000,99000,67877,-0.026548672566371723
2025-05-19,98700,101400,98200,99700,20359,0.007070707070707005
2025-05-20,100300,100300,96600,97100,56327,-0.026078234704112302
2025-05-21,96500,98500,91000,97300,43481,0.002059732234809486
2025-05-22,95900,97300,94100,95500,52510,-0.018499486125385434
2025-05-23,96700,96700,92500,92900,55879,-0.027225130890052407
2025-05-26,92100,95100,92100,94000,58503,0.011840688912809538
2025-05-27,93200,93400,91000,91500,65441,-0.02659574468085102
2025-05-28,91800,97400,91600,97000,67627,0.060109289617486406
2025-05-29,97000,99400,95300,98900,57409,0.019587628865979312
2025-05-30,97300,98700,95800,97800,51435,-0.011122345803842304
2025-06-02,97900,97900,94200,94800,55711,-0.030674846625766916
2025-06-04,95900,98400,95200,96800,64290,0.021097046413502074
2025-06-05,96900,100400,96800,99900,50871,0.03202479338842967
2025-06-09,100000,102000,98300,100500,58379,0.006006006006006093
2025-06-10,101500,105700,100100,104500,58904,0.03980099502487566
2025-06-11,105300,108600,104900,106400,81195,0.018181818181818077
2025-06-12,107000,110800,106400,110000,89777,0.03383458646616533
2025-06-13,110000,110000,106000,106800,64581,-0.029090909090909056
2025-06-16,104300,105500,101800,105100,68940,-0.015917602996254665
2025-06-17,105500,106200,103000,103900,76018,-0.011417697431018059
2025-06-18,103300,106600,103100,104800,43441,0.008662175168431263
2025-06-19,105000,105300,102500,103400,50258,-0.013358778625954248
2025-06-20,103400,107300,102700,107300,62343,0.03771760154738879
2025-06-23,105300,105400,102000,102600,55524,-0.04380242311276794
2025-06-24,104000,107700,104000,107700,68782,0.04970760233918137
2025-06-25,108100,108700,106800,107600,36729,-0.0009285051067781103
2025-06-26,108400,110700,107500,109500,72461,0.017657992565055736
2025-06-27,110000,110200,104800,105200,50314,-0.03926940639269405
2025-06-30,105600,107600,105000,106700,50408,0.014258555133079831
2025-07-01,106700,117500,106000,115700,123380,0.08434864104967188
2025-07-02,115600,120900,114200,120900,105619,0.04494382022471921
2025-07-03,122600,131100,122600,128100,164705,0.05955334987593042
2025-07-04,126100,133600,123400,130900,151584,0.021857923497267784
2025-07-07,131900,134600,128900,130000,85130,-0.006875477463712754
2025-07-08,127500,133300,127500,129000,49470,-0.007692307692307665
2025-07-09,132200,135000,129900,133900,78153,0.037984496124030986
2025-07-10,138000,145300,134900,145000,128416,0.0828976848394325
2025-07-11,148000,150000,142000,145100,109201,0.0006896551724138167
2025-07-14,145300,148800,138000,148200,62742,0.02136457615437637
2025-07-15,148200,148500,138800,146000,92112,-0.014844804318488558
2025-07-16,145500,152000,138000,138700,91751,-0.050000000000000044
2025-07-17,140000,141900,137200,139800,46539,0.007930785868781598
2025-07-18,140100,143200,139600,141000,53975,0.008583690987124415
2025-07-21,141100,151300,140700,149600,75322,0.06099290780141842
2025-07-22,151200,154500,146900,149600,69494,0.0
2025-07-23,150000,153600,148000,149600,44231,0.0
2025-07-24,149200,157900,149100,156600,88459,0.046791443850267456
2025-07-25,156600,159000,155300,157100,46447,0.0031928480204341803
2025-07-28,158300,162900,158300,160300,62136,0.020369191597708447
