Date,Open,High,Low,Close,Volume,Change
2022-01-03,16700,17600,16700,17350,367602,0.038922155688622784
2022-01-04,17600,17650,17150,17600,195986,0.014409221902017322
2022-01-05,17600,17750,17200,17400,148111,-0.011363636363636354
2022-01-06,17150,17350,16800,17150,121002,-0.014367816091954033
2022-01-07,17200,17400,17100,17300,61323,0.008746355685131268
2022-01-10,17300,17300,16650,16950,104665,-0.020231213872832332
2022-01-11,16850,16950,16000,16650,122546,-0.017699115044247815
2022-01-12,16800,16950,16600,16800,90568,0.009009009009008917
2022-01-13,16800,17350,16650,16850,172481,0.0029761904761904656
2022-01-14,16900,17100,16700,16850,131821,0.0
2022-01-17,16850,16850,16000,16200,189571,-0.03857566765578635
2022-01-18,16250,16450,15850,16100,113518,-0.006172839506172867
2022-01-19,15800,15950,15400,15600,224837,-0.03105590062111796
2022-01-20,15550,15650,15200,15450,171578,-0.009615384615384581
2022-01-21,15450,15500,15050,15300,91158,-0.009708737864077666
2022-01-24,14950,15300,14350,14550,213643,-0.0490196078431373
2022-01-25,14350,14700,13350,13550,403010,-0.06872852233676974
2022-01-26,13550,14100,13350,13800,167504,0.01845018450184499
2022-01-27,13800,13900,12950,13250,248554,-0.03985507246376807
2022-01-28,13300,14000,13050,14000,140112,0.05660377358490565
2022-02-03,14350,15200,14200,14700,155137,0.050000000000000044
2022-02-04,14350,19000,14350,17300,1624048,0.1768707482993197
2022-02-07,17050,18250,16650,17800,1224296,0.028901734104046284
2022-02-08,18500,18950,17800,18100,925370,0.016853932584269593
2022-02-09,18550,19450,18300,18500,1016009,0.022099447513812098
2022-02-10,19000,19000,17400,18300,476043,-0.010810810810810811
2022-02-11,17800,18600,17550,17800,458559,-0.02732240437158473
2022-02-14,17100,17800,16900,17450,449567,-0.0196629213483146
2022-02-15,17300,17800,16650,17400,370651,-0.002865329512893977
2022-02-16,18100,18400,17550,18400,422192,0.05747126436781613
2022-02-17,18450,19600,17150,17800,915452,-0.03260869565217395
2022-02-18,17500,18100,17150,17850,262186,0.002808988764045006
2022-02-21,17450,18050,17200,17750,275552,-0.0056022408963585235
2022-02-22,17250,17850,17100,17300,334752,-0.025352112676056304
2022-02-23,17600,17800,16900,17100,381579,-0.011560693641618491
2022-02-24,16850,17000,16250,16350,281848,-0.04385964912280704
2022-02-25,16700,17050,15550,16050,758611,-0.01834862385321101
2022-02-28,16000,16650,15700,16650,195142,0.03738317757009346
2022-03-02,16450,16600,16050,16350,281138,-0.018018018018018056
2022-03-03,16600,16800,16350,16650,230869,0.0183486238532109
2022-03-04,16600,16600,15950,16400,134417,-0.01501501501501501
2022-03-07,16050,16300,15800,16150,141681,-0.015243902439024404
2022-03-08,15300,15850,15250,15650,330832,-0.03095975232198145
2022-03-10,16350,16850,16150,16800,277510,0.07348242811501593
2022-03-11,16850,17650,16650,17550,502838,0.044642857142857206
2022-03-14,17500,17700,17100,17300,217541,-0.014245014245014231
2022-03-15,17450,18200,17300,17900,428297,0.034682080924855585
2022-03-16,18650,19150,18350,18950,1072267,0.05865921787709505
2022-03-17,19050,19300,18800,18900,383078,-0.0026385224274406704
2022-03-18,18750,18750,18150,18550,297098,-0.01851851851851849
2022-03-21,18650,18800,18300,18450,165123,-0.005390835579514808
2022-03-22,18050,18600,18050,18350,144389,-0.005420054200542035
2022-03-23,18400,18550,17800,18000,198699,-0.019073569482288777
2022-03-24,17700,18250,17550,18250,246174,0.01388888888888884
2022-03-25,18350,18350,17900,18100,133624,-0.008219178082191747
2022-03-28,18300,18400,18000,18050,105908,-0.002762430939226568
2022-03-29,18300,19050,18250,18900,493167,0.047091412742382266
2022-03-30,19300,19400,18750,18800,310304,-0.005291005291005346
2022-03-31,18700,18950,18550,18800,192160,0.0
2022-04-01,19000,19950,18850,19900,1001962,0.0585106382978724
2022-04-04,20200,21000,20100,21000,795650,0.055276381909547645
2022-04-05,21000,21300,20500,20850,332062,-0.0071428571428571175
2022-04-06,20800,21000,20450,20950,311527,0.004796163069544335
2022-04-07,20750,21000,20000,20750,444527,-0.009546539379474916
2022-04-08,20550,21000,19950,20800,354021,0.002409638554216942
2022-04-11,20850,20950,20250,20350,133620,-0.02163461538461542
2022-04-12,20100,20600,20000,20550,208372,0.00982800982800991
2022-04-13,20350,20450,19900,20150,305178,-0.019464720194647178
2022-04-14,20500,20750,19600,19850,507514,-0.01488833746898266
2022-04-15,19750,20000,19400,19800,124669,-0.0025188916876573986
2022-04-18,20000,20100,19300,19400,166113,-0.02020202020202022
2022-04-19,19550,19550,18300,18850,511606,-0.028350515463917536
2022-04-20,19000,19350,18550,19150,216224,0.01591511936339529
2022-04-21,19200,19200,18700,18800,197952,-0.018276762402088753
2022-04-22,18450,18800,18300,18400,180492,-0.021276595744680882
2022-04-25,18250,18250,17700,18000,208499,-0.021739130434782594
2022-04-26,18100,18250,17800,18100,131278,0.005555555555555536
2022-04-27,17800,17900,17600,17800,216950,-0.016574585635359074
2022-04-28,17800,18000,17500,17550,170257,-0.014044943820224698
2022-04-29,17650,18450,17600,18450,217500,0.05128205128205132
2022-05-02,18100,18500,17850,18100,157708,-0.01897018970189701
2022-05-03,18300,18300,17800,18050,164166,-0.002762430939226568
2022-05-04,18100,18100,17500,17600,216161,-0.024930747922437657
2022-05-06,17300,17900,17000,17750,330359,0.008522727272727293
2022-05-09,18000,18000,17000,17100,173699,-0.036619718309859106
2022-05-10,16700,17650,16350,17550,299299,0.026315789473684292
2022-05-11,17500,17750,17100,17450,137488,-0.005698005698005715
2022-05-12,17200,17300,16600,16750,155095,-0.04011461318051579
2022-05-13,16750,17400,16700,17100,215193,0.020895522388059806
2022-05-16,17150,17500,17000,17150,76618,0.0029239766081872176
2022-05-17,17150,17350,17000,17200,89778,0.00291545189504383
2022-05-18,17450,17800,17400,17550,183010,0.02034883720930236
2022-05-19,16900,18200,16900,17850,220432,0.017094017094017033
2022-05-20,17650,17850,17450,17600,99226,-0.014005602240896309
2022-05-23,17600,17600,17150,17200,66766,-0.022727272727272707
2022-05-24,17300,17350,16950,17150,61732,-0.0029069767441860517
2022-05-25,17000,17300,16850,17100,109113,-0.002915451895043719
2022-05-26,17100,17450,16850,16950,145159,-0.00877192982456143
2022-05-27,17300,18050,17050,18000,324236,0.06194690265486735
2022-05-30,18150,18500,17850,17950,248418,-0.002777777777777768
2022-05-31,18150,18350,17950,18200,148496,0.013927576601671321
2022-06-02,18050,18100,17550,17600,112136,-0.03296703296703296
2022-06-03,17950,18650,17850,18400,532178,0.045454545454545414
2022-06-07,18550,18750,18100,18200,189502,-0.010869565217391353
2022-06-08,18300,18300,17750,18000,126286,-0.01098901098901095
2022-06-09,17850,18100,17500,17600,160480,-0.022222222222222254
2022-06-10,17400,17550,17000,17150,170740,-0.025568181818181768
2022-06-13,16750,16900,16050,16550,28920368,-0.03498542274052474
2022-06-14,16400,16650,15650,16300,426974,-0.015105740181268867
2022-06-15,16100,16200,14600,15200,464447,-0.06748466257668717
2022-06-16,15800,15850,15150,15400,268339,0.013157894736842035
2022-06-17,14900,15250,14100,15200,395261,-0.012987012987012991
2022-06-20,15500,15500,14050,14200,330332,-0.06578947368421051
2022-06-21,14200,14550,13800,14450,313589,0.01760563380281699
2022-06-22,14450,14500,13500,13550,285538,-0.06228373702422141
2022-06-23,13800,14300,13400,13550,227745,0.0
2022-06-24,13600,14050,13300,13950,132507,0.029520295202952074
2022-06-27,14400,14600,13950,14200,174957,0.017921146953405076
2022-06-28,14050,14650,14050,14300,197461,0.007042253521126751
2022-06-29,14200,14400,13950,13950,126237,-0.02447552447552448
2022-06-30,13850,14050,13650,13800,123237,-0.010752688172043001
2022-07-01,13800,14000,13200,13400,123080,-0.02898550724637683
2022-07-04,13400,13850,13200,13450,144366,0.003731343283582156
2022-07-05,13900,14400,13700,14100,178324,0.048327137546468446
2022-07-06,14300,14950,14150,14800,286247,0.049645390070921946
2022-07-07,14800,15100,14550,14950,222724,0.010135135135135087
2022-07-08,14900,15050,14450,14550,181593,-0.026755852842809347
2022-07-11,14550,14550,13800,13900,168180,-0.044673539518900296
2022-07-12,13550,13650,13050,13200,214334,-0.05035971223021585
2022-07-13,13500,15200,13500,14000,645087,0.06060606060606055
2022-07-14,13800,14150,13600,13850,183174,-0.010714285714285676
2022-07-15,13500,13950,13350,13700,130833,-0.010830324909747335
2022-07-18,13750,14000,13650,13950,112337,0.018248175182481674
2022-07-19,13950,14100,13700,13850,72321,-0.007168458781361964
2022-07-20,14200,14250,13800,13800,110495,-0.0036101083032491488
2022-07-21,13900,14050,13700,13950,137100,0.010869565217391353
2022-07-22,14000,14200,13800,13800,99583,-0.010752688172043001
2022-07-25,13500,13900,13500,13650,60767,-0.010869565217391353
2022-07-26,13750,13900,13650,13800,67751,0.01098901098901095
2022-07-27,13700,13850,13550,13650,87552,-0.010869565217391353
2022-07-28,13800,13850,13450,13550,111332,-0.0073260073260073
2022-07-29,13650,13850,13550,13800,110185,0.01845018450184499
2022-08-01,13800,13900,13650,13850,118587,0.0036231884057971175
2022-08-02,13900,13900,13600,13750,73441,-0.0072202166064981865
2022-08-03,13750,13900,13550,13900,125088,0.01090909090909098
2022-08-04,14100,15100,14050,14900,691438,0.07194244604316546
2022-08-05,14850,15050,14350,14700,318815,-0.01342281879194629
2022-08-08,14600,14900,14450,14600,235408,-0.006802721088435382
2022-08-09,14650,14700,14250,14350,169253,-0.017123287671232834
2022-08-10,14350,14550,14050,14500,156361,0.010452961672473782
2022-08-11,14700,15400,14500,15300,255724,0.05517241379310356
2022-08-12,15250,15400,15050,15100,101310,-0.013071895424836555
2022-08-16,15450,16750,15400,16350,1060499,0.08278145695364247
2022-08-17,16400,17200,16150,16500,687424,0.00917431192660545
2022-08-18,16300,16600,16050,16350,189475,-0.009090909090909038
2022-08-19,16300,16300,15550,15650,254880,-0.042813455657492394
2022-08-22,15300,15900,15100,15650,258209,0.0
2022-08-23,15300,16250,15200,15800,322451,0.009584664536741228
2022-08-24,15950,17550,15600,17450,1148211,0.10443037974683533
2022-08-25,17300,17650,17150,17300,390573,-0.008595988538681931
2022-08-26,17300,17500,17000,17450,237752,0.00867052023121384
2022-08-29,16900,17850,16400,17500,542038,0.002865329512893977
2022-08-30,17250,17650,16800,16900,307604,-0.03428571428571425
2022-08-31,17250,17800,16800,17500,769366,0.035502958579881616
2022-09-01,17400,18000,17250,17450,501855,-0.0028571428571428914
2022-09-02,17550,17600,16850,16850,313518,-0.034383954154727836
2022-09-05,16900,17300,16000,16300,385882,-0.03264094955489616
2022-09-06,16350,16500,15850,16050,271088,-0.015337423312883458
2022-09-07,16050,16050,15400,15600,307638,-0.028037383177570097
2022-09-08,16100,16850,16050,16450,546269,0.054487179487179516
2022-09-13,16750,17800,16700,17800,710455,0.0820668693009119
2022-09-14,17150,17800,16900,17650,357274,-0.008426966292134797
2022-09-15,17800,18400,17750,18200,461490,0.031161473087818692
2022-09-16,18000,18200,17050,17700,600190,-0.027472527472527486
2022-09-19,17750,17850,16400,16800,433809,-0.05084745762711862
2022-09-20,17250,18200,17000,18100,577805,0.07738095238095233
2022-09-21,18050,18550,17800,18050,267413,-0.002762430939226568
2022-09-22,17600,18100,17450,18000,162886,-0.0027700831024930483
2022-09-23,17900,18000,17000,17050,513604,-0.05277777777777781
2022-09-26,16950,17400,16200,16550,239186,-0.029325513196480912
2022-09-27,16500,17400,16200,17250,352734,0.04229607250755296
2022-09-28,17400,17700,16500,16600,336891,-0.03768115942028982
2022-09-29,17050,17350,16100,16100,274579,-0.030120481927710885
2022-09-30,16050,16700,15750,16200,162725,0.006211180124223503
2022-10-04,16600,16600,15350,15500,331214,-0.043209876543209846
2022-10-05,15950,16100,15450,15800,226096,0.019354838709677358
2022-10-06,15850,16000,15400,15550,175301,-0.015822784810126556
2022-10-07,15350,15950,15350,15900,159883,0.022508038585209
2022-10-11,15850,15850,14650,14850,205448,-0.06603773584905659
2022-10-12,14900,15000,14100,14550,256089,-0.02020202020202022
2022-10-13,14500,14650,13800,14500,215039,-0.0034364261168384758
2022-10-14,14800,14850,14450,14550,199157,0.0034482758620688614
2022-10-17,14450,14500,14050,14250,192531,-0.020618556701030966
2022-10-18,14300,14750,14300,14400,183627,0.010526315789473717
2022-10-19,14750,15200,14400,14500,236672,0.00694444444444442
2022-10-20,14400,14900,14400,14900,187943,0.02758620689655178
2022-10-21,14600,14700,12000,12000,2064261,-0.19463087248322153
2022-10-24,12600,12850,12200,12700,786395,0.05833333333333335
2022-10-25,12700,12800,12400,12550,238816,-0.011811023622047223
2022-10-26,12600,12950,12450,12650,250794,0.007968127490039834
2022-10-27,12650,12850,12600,12750,200150,0.007905138339920903
2022-10-28,12950,13700,12800,13100,480373,0.027450980392156765
2022-10-31,13250,13350,12700,13150,183191,0.003816793893129722
2022-11-01,13150,13200,12900,13150,119298,0.0
2022-11-02,13150,13350,12950,13000,153503,-0.011406844106463865
2022-11-03,12500,13150,12200,12800,180675,-0.01538461538461533
2022-11-04,12950,13500,12800,13300,375732,0.0390625
2022-11-07,13450,13950,13300,13750,313454,0.03383458646616533
2022-11-08,13750,14500,13750,14200,292401,0.032727272727272716
2022-11-09,14500,14500,13950,13950,134230,-0.017605633802816878
2022-11-10,13900,14300,13650,13700,133165,-0.017921146953404965
2022-11-11,14700,14700,13850,14400,359047,0.051094890510948954
2022-11-14,14300,14850,14250,14450,320194,0.003472222222222321
2022-11-15,14250,14550,14000,14400,149685,-0.0034602076124568004
2022-11-16,14400,14600,14150,14550,125429,0.01041666666666674
2022-11-17,14500,14800,14350,14500,86850,-0.0034364261168384758
2022-11-18,14500,14850,14350,14400,126082,-0.006896551724137945
2022-11-21,14400,14550,14150,14150,97719,-0.01736111111111116
2022-11-22,14200,14200,13400,13650,270045,-0.035335689045936425
2022-11-23,13700,14000,13500,13800,177387,0.01098901098901095
2022-11-24,13800,14000,13700,13850,146933,0.0036231884057971175
2022-11-25,13850,13950,13250,13400,408769,-0.032490974729241895
2022-11-28,13300,13400,12900,13100,154620,-0.02238805970149249
2022-11-29,13100,13750,12950,13600,331329,0.03816793893129766
2022-11-30,13650,13950,13450,13700,151071,0.007352941176470562
2022-12-01,14000,14550,13850,14450,445604,0.054744525547445244
2022-12-02,14500,14650,13950,14150,179640,-0.02076124567474047
2022-12-05,14150,15050,14050,14750,438110,0.042402826855123754
2022-12-06,14850,15350,14450,15000,678103,0.016949152542372836
2022-12-07,14900,16050,14800,15700,840471,0.046666666666666634
2022-12-08,15550,15650,15150,15600,392314,-0.006369426751592355
2022-12-09,15850,15850,15250,15650,322479,0.0032051282051281937
2022-12-12,15600,16000,15350,15550,341806,-0.006389776357827448
2022-12-13,15550,15800,15400,15700,325733,0.009646302250803762
2022-12-14,15500,15700,14650,15200,398045,-0.031847133757961776
2022-12-15,14950,15250,14850,15050,168681,-0.009868421052631526
2022-12-16,14550,14750,14450,14650,224745,-0.02657807308970095
2022-12-19,14600,15550,14450,15400,215117,0.05119453924914685
2022-12-20,15150,15550,14850,15200,154085,-0.012987012987012991
2022-12-21,15400,15850,14950,15700,346842,0.03289473684210531
2022-12-22,16000,17000,15800,16500,1093258,0.05095541401273884
2022-12-23,16350,17000,16300,16450,355371,-0.00303030303030305
2022-12-26,16400,17000,16200,16400,251754,-0.003039513677811523
2022-12-27,16800,17100,16350,16900,576345,0.030487804878048808
2022-12-28,16950,17400,16750,17200,566659,0.01775147928994092
2022-12-29,17050,17100,16200,16450,385802,-0.043604651162790664
2023-01-02,16150,16200,15050,16000,748736,-0.027355623100303927
2023-01-03,16000,16800,15300,16500,355629,0.03125
2023-01-04,16400,16850,15850,16000,243541,-0.030303030303030276
2023-01-05,16350,16600,15750,16600,214532,0.03750000000000009
2023-01-06,16350,16600,16200,16300,122755,-0.01807228915662651
2023-01-09,16400,16700,16300,16600,170771,0.018404907975460016
2023-01-10,16450,17200,16450,16850,393142,0.015060240963855387
2023-01-11,17050,17500,16900,17300,279165,0.026706231454005858
2023-01-12,17250,17400,16800,16950,211661,-0.020231213872832332
2023-01-13,17250,17350,16900,17000,193003,0.002949852507374562
2023-01-16,17000,17200,16850,17150,186394,0.008823529411764675
2023-01-17,17200,17800,17000,17600,306325,0.026239067055393583
2023-01-18,17600,18300,17500,18150,491866,0.03125
2023-01-19,18150,18350,17500,17750,389585,-0.02203856749311295
2023-01-20,17800,18150,17400,18100,256962,0.019718309859154903
2023-01-25,18220,18230,17450,17560,283835,-0.029834254143646377
2023-01-26,17680,17680,17100,17190,299190,-0.021070615034168516
2023-01-27,17190,17510,17160,17370,189584,0.010471204188481575
2023-01-30,17370,17800,17370,17450,240206,0.004605641911341385
2023-01-31,17400,17910,17100,17450,405814,0.0
2023-02-01,17680,17700,17210,17490,313419,0.002292263610315093
2023-02-02,17600,17650,17280,17440,128198,-0.002858776443682154
2023-02-03,17430,17430,16800,16900,304601,-0.03096330275229353
2023-02-06,16990,17990,16740,17800,503709,0.053254437869822535
2023-02-07,17910,17950,17560,17840,170443,0.0022471910112360494
2023-02-08,17950,17980,17490,17550,259883,-0.016255605381165883
2023-02-09,17620,17740,17410,17570,209764,0.0011396011396012096
2023-02-10,17680,17840,17330,17620,317499,0.002845759817871274
2023-02-13,17600,17600,16870,17160,283978,-0.026106696935300766
2023-02-14,17280,17280,16930,17120,160123,-0.002331002331002363
2023-02-15,17140,17150,16580,16940,248650,-0.010514018691588745
2023-02-16,17000,17130,16810,16840,194385,-0.005903187721369552
2023-02-17,16840,17110,16680,16890,126236,0.002969121140142583
2023-02-20,16890,16890,16660,16740,88233,-0.008880994671403242
2023-02-21,16840,16840,16410,16440,175724,-0.017921146953404965
2023-02-22,16200,16400,15900,16000,282260,-0.02676399026763987
2023-02-23,16090,16490,16020,16160,127562,0.010000000000000009
2023-02-24,16150,16330,16100,16270,69953,0.0068069306930693685
2023-02-27,16230,16700,15780,16630,214467,0.02212661339889377
2023-02-28,16760,17020,16650,16980,212814,0.021046301864100947
2023-03-02,16980,17200,16620,16760,156867,-0.012956419316843326
2023-03-03,17000,17020,16450,16700,155352,-0.0035799522673031214
2023-03-06,16950,17100,16690,17070,153815,0.02215568862275452
2023-03-07,16900,17040,16400,16660,270848,-0.02401874633860579
2023-03-08,16660,16660,16350,16510,115228,-0.009003601440576214
2023-03-09,16350,16800,16350,16700,124107,0.011508176862507602
2023-03-10,16650,16650,16040,16200,125556,-0.029940119760479056
2023-03-13,15820,16150,15730,16100,157734,-0.006172839506172867
2023-03-14,16150,16150,15670,15700,62642,-0.024844720496894457
2023-03-15,16000,16150,15350,15520,116430,-0.01146496815286624
2023-03-16,15290,15380,14950,14990,189422,-0.034149484536082464
2023-03-17,15240,15850,15060,15770,181836,0.052034689793195366
2023-03-20,15980,16060,15520,15780,73202,0.0006341154090043766
2023-03-21,16000,16010,15760,15840,77011,0.0038022813688212143
2023-03-22,15990,15990,15500,15590,103938,-0.015782828282828287
2023-03-23,15550,16480,15550,16070,295227,0.030788967286722313
2023-03-24,16500,16640,15970,16200,190273,0.008089607965152457
2023-03-27,16490,16490,16020,16150,84475,-0.0030864197530864335
2023-03-28,16220,16410,16150,16350,78038,0.01238390092879249
2023-03-29,16900,17400,16880,17340,589505,0.06055045871559628
2023-03-30,17460,17540,17340,17480,277965,0.008073817762399127
2023-03-31,17500,17500,17090,17240,165696,-0.013729977116704761
2023-04-03,17240,17300,16800,17000,186493,-0.0139211136890951
2023-04-04,16920,16950,16450,16500,210989,-0.02941176470588236
2023-04-05,16490,16590,16300,16350,123354,-0.009090909090909038
2023-04-06,16350,16390,16010,16100,151812,-0.015290519877675823
2023-04-07,16150,16150,15830,16020,164845,-0.004968944099378869
2023-04-10,16020,16200,15900,16070,143537,0.003121098626716501
2023-04-11,16070,16180,15910,16070,111194,0.0
2023-04-12,16140,16150,15770,15790,210414,-0.017423771001866872
2023-04-13,15750,15900,15590,15750,172903,-0.002533248891703588
2023-04-14,15910,15920,15750,15850,166866,0.006349206349206327
2023-04-17,15900,16310,15840,16240,241478,0.02460567823343851
2023-04-18,16450,16920,16370,16900,532999,0.04064039408866993
2023-04-19,17050,17240,16670,17150,457706,0.014792899408283988
2023-04-20,17130,17480,16710,16770,431092,-0.02215743440233231
2023-04-21,16700,16720,16100,16110,318193,-0.03935599284436497
2023-04-24,16080,16100,15520,15560,385407,-0.0341402855369336
2023-04-25,15680,16000,15510,15860,186376,0.019280205655527016
2023-04-26,15800,16140,15620,15910,147252,0.0031525851197982124
2023-04-27,15910,16140,15680,15930,161645,0.0012570710245127792
2023-04-28,15990,16060,15700,15840,122986,-0.005649717514124242
2023-05-02,15840,16020,15710,15930,51985,0.005681818181818121
2023-05-03,16000,16070,15880,15890,58119,-0.0025109855618330457
2023-05-04,15890,15970,15800,15880,74548,-0.0006293266205160686
2023-05-08,15770,15970,15670,15670,122453,-0.013224181360201537
2023-05-09,15760,15780,15300,15440,164544,-0.01467772814294832
2023-05-10,15940,16000,15360,15450,524923,0.0006476683937823857
2023-05-11,15500,15680,15440,15510,188112,0.003883495145631022
2023-05-12,15510,15560,15260,15320,149962,-0.012250161186331376
2023-05-15,15340,15490,15250,15490,57034,0.011096605744125299
2023-05-16,15550,15580,15410,15490,52167,0.0
2023-05-17,15360,15550,15250,15300,138608,-0.01226597805035512
2023-05-18,15400,15430,15040,15100,275025,-0.013071895424836555
2023-05-19,15100,15100,14960,15060,264114,-0.0026490066225165476
2023-05-22,15060,15220,14960,15200,157631,0.009296148738379806
2023-05-23,15340,15500,15210,15300,201860,0.006578947368421018
2023-05-24,15240,15240,15110,15200,104681,-0.006535947712418277
2023-05-25,15280,15280,14950,15010,145111,-0.012499999999999956
2023-05-26,15110,15110,15010,15010,67492,0.0
2023-05-30,15020,15030,14670,14700,202712,-0.020652898067954673
2023-05-31,14770,15100,14770,15100,144978,0.027210884353741527
2023-06-01,15130,15130,14920,15050,55287,-0.0033112582781457123
2023-06-02,15070,15100,14850,14910,113343,-0.009302325581395321
2023-06-05,15050,15050,14780,14830,165969,-0.005365526492287054
2023-06-07,14900,14990,14840,14960,116345,0.008766014834794333
2023-06-08,14940,14940,14670,14700,134485,-0.017379679144384985
2023-06-09,14750,14800,14590,14620,131190,-0.0054421768707483276
2023-06-12,14680,14750,14520,14540,108808,-0.005471956224350261
2023-06-13,14650,15440,14650,15440,485627,0.061898211829436
2023-06-14,15550,16000,15550,15720,712913,0.0181347150259068
2023-06-15,15890,15890,15360,15590,190053,-0.008269720101781175
2023-06-16,15990,16860,15990,16530,1271928,0.060295060936497835
2023-06-19,16730,16750,16380,16430,412876,-0.006049606775559546
2023-06-20,16550,17200,16550,16760,411010,0.020085209981740793
2023-06-21,16700,16700,15950,16190,287056,-0.03400954653937949
2023-06-22,15960,16360,15960,16160,119116,-0.0018529956763434496
2023-06-23,16140,16240,15760,15900,188585,-0.016089108910891103
2023-06-26,15780,15890,15380,15820,124138,-0.005031446540880502
2023-06-27,15820,15860,15480,15690,154468,-0.00821744627054366
2023-06-28,16090,16730,15880,16510,557760,0.052262587635436564
2023-06-29,16390,16890,16390,16540,281374,0.001817080557237949
2023-06-30,16850,17100,16620,16730,306205,0.011487303506650504
2023-07-03,16850,16850,16510,16640,162808,-0.005379557680812885
2023-07-04,16580,16780,16340,16720,193973,0.004807692307692291
2023-07-05,16880,16890,16480,16600,175272,-0.0071770334928229484
2023-07-06,16600,16600,16220,16410,204027,-0.011445783132530085
2023-07-07,16150,16510,16150,16290,127244,-0.007312614259597838
2023-07-10,16300,16500,16060,16190,150923,-0.006138735420503361
2023-07-11,16260,16370,16200,16350,70426,0.009882643607164843
2023-07-12,16550,16750,16410,16700,215957,0.021406727828746197
2023-07-13,16750,16780,16440,16580,197928,-0.007185628742514938
2023-07-14,16580,16680,16360,16570,168904,-0.0006031363088058184
2023-07-17,16610,16620,16240,16500,118461,-0.004224502112251005
2023-07-18,16430,16600,16020,16080,209469,-0.025454545454545507
2023-07-19,16090,16360,16010,16190,92137,0.006840796019900397
2023-07-20,16200,16440,16030,16430,131816,0.014823965410747375
2023-07-21,16440,16490,16120,16190,87178,-0.014607425441266031
2023-07-24,16090,16170,15560,15640,192910,-0.033971587399629355
2023-07-25,15650,15650,14230,14380,832862,-0.08056265984654731
2023-07-26,14530,14740,14000,14650,314638,0.018776077885952702
2023-07-27,14820,15180,14570,14730,245263,0.005460750853242269
2023-07-28,14900,14920,14600,14840,85265,0.007467752885268242
2023-07-31,14840,14900,14520,14830,133370,-0.0006738544474393926
2023-08-01,14890,14960,14750,14950,94848,0.008091706001348564
2023-08-02,14900,15050,14760,14960,122064,0.0006688963210701449
2023-08-03,14960,14990,14720,14800,91613,-0.010695187165775444
2023-08-04,14780,15040,14600,14850,156854,0.0033783783783782884
2023-08-07,14850,14850,14610,14710,63166,-0.009427609427609451
2023-08-08,14710,14950,14620,14770,134250,0.004078857919782353
2023-08-09,14910,14920,14080,14250,384139,-0.03520649966147593
2023-08-10,14670,15300,14610,15210,587554,0.06736842105263152
2023-08-11,15300,15400,15030,15110,211594,-0.006574621959237303
2023-08-14,15200,15460,15000,15190,176459,0.005294506949040434
2023-08-16,15000,15000,14400,14460,180062,-0.04805793285055959
2023-08-17,14140,14390,13890,14130,156209,-0.022821576763485507
2023-08-18,14090,14280,14000,14080,72524,-0.0035385704175513455
2023-08-21,14040,14040,13880,13920,81280,-0.011363636363636354
2023-08-22,13920,13980,13880,13920,63152,0.0
2023-08-23,13920,13920,13800,13850,59762,-0.005028735632183867
2023-08-24,13850,13960,13660,13700,148146,-0.010830324909747335
2023-08-25,13600,13650,13200,13450,180106,-0.018248175182481785
2023-08-28,13460,13550,13150,13240,188439,-0.015613382899628214
2023-08-29,13270,13360,13080,13100,241851,-0.010574018126888185
2023-08-30,13170,13260,13150,13240,101876,0.010687022900763399
2023-08-31,13240,13290,13000,13110,179812,-0.00981873111782472
2023-09-01,13080,13260,12900,13120,224025,0.0007627765064837089
2023-09-04,13130,13130,12980,13070,112958,-0.003810975609756073
2023-09-05,13070,13070,12910,12930,116449,-0.010711553175210442
2023-09-06,12930,12930,12700,12710,148664,-0.017014694508894035
2023-09-07,12720,12830,12500,12550,114832,-0.012588512981903999
2023-09-08,12490,12750,12480,12740,116808,0.015139442231075773
2023-09-11,12630,12730,12480,12500,146663,-0.01883830455259028
2023-09-12,12510,12870,12510,12610,70964,0.008799999999999919
2023-09-13,12550,12550,12320,12340,122263,-0.021411578112609075
2023-09-14,12340,12440,12300,12360,68535,0.0016207455429497752
2023-09-15,12370,12530,12360,12400,81223,0.003236245954692629
2023-09-18,12500,12500,12300,12320,73971,-0.006451612903225823
2023-09-19,12350,12420,12270,12280,47133,-0.0032467532467532756
2023-09-20,12270,12310,12210,12250,64063,-0.002442996742671011
2023-09-21,12240,12290,12120,12120,65838,-0.0106122448979592
2023-09-22,12050,12170,11960,12060,74913,-0.004950495049504955
2023-09-25,12060,12200,11990,12000,41072,-0.00497512437810943
2023-09-26,12020,12250,11990,12190,58381,0.015833333333333366
2023-09-27,12190,12190,12000,12050,44069,-0.011484823625922846
2023-10-04,12050,12050,11550,11580,114085,-0.03900414937759333
2023-10-05,11620,11700,11400,11440,100662,-0.012089810017271163
2023-10-06,11440,11590,11410,11560,47769,0.010489510489510412
2023-10-10,11050,11470,10960,11060,115058,-0.04325259515570934
2023-10-11,11220,11240,11120,11140,40935,0.00723327305605781
2023-10-12,11140,11250,11140,11220,41655,0.007181328545780907
2023-10-13,11210,11210,11020,11050,54141,-0.015151515151515138
2023-10-16,10860,11020,10570,10620,92513,-0.03891402714932124
2023-10-17,10610,10780,10610,10650,33438,0.0028248587570620654
2023-10-18,10630,10780,10630,10760,28858,0.010328638497652642
2023-10-19,10750,10750,10270,10400,84289,-0.03345724907063197
2023-10-20,10200,10340,10020,10310,70272,-0.008653846153846123
2023-10-23,10250,10470,10180,10370,38708,0.005819592628516057
2023-10-24,10370,10520,10180,10520,34301,0.014464802314368308
2023-10-25,10520,11100,10510,10980,93042,0.04372623574144496
2023-10-26,10840,10920,10640,10690,44285,-0.026411657559198498
2023-10-27,10720,10970,10720,10820,39418,0.012160898035547207
2023-10-30,10820,11460,10790,11070,64804,0.02310536044362288
2023-10-31,11070,11580,11070,11200,77535,0.011743450767841113
2023-11-01,11210,11290,11020,11130,29626,-0.006249999999999978
2023-11-02,11130,11250,11100,11170,32354,0.003593890386343279
2023-11-03,11300,11360,11140,11320,42763,0.013428827215756556
2023-11-06,11490,11650,11300,11640,82654,0.028268551236749095
2023-11-07,11630,11860,11230,11270,157469,-0.03178694158075601
2023-11-08,11460,11630,11330,11370,116233,0.008873114463176623
2023-11-09,11490,11770,11270,11620,94969,0.021987686895338587
2023-11-10,11790,11790,11350,11380,89522,-0.02065404475043031
2023-11-13,11380,11380,10880,10900,157799,-0.04217926186291743
2023-11-14,10910,11270,10910,11220,60125,0.029357798165137616
2023-11-15,11400,11650,11310,11650,73638,0.03832442067736186
2023-11-16,11700,12250,11600,12030,177590,0.032618025751072866
2023-11-17,12050,12700,12050,12630,467729,0.04987531172069826
2023-11-20,12630,12650,12260,12380,127448,-0.019794140934283444
2023-11-21,12310,12330,12130,12260,117386,-0.009693053311793265
2023-11-22,12240,12240,12030,12110,84359,-0.012234910277324595
2023-11-23,12150,12400,12050,12220,83691,0.009083402146985886
2023-11-24,12220,12270,12010,12050,54787,-0.013911620294599025
2023-11-27,12040,12140,11940,12050,58491,0.0
2023-11-28,12050,12070,11870,12000,53072,-0.004149377593360981
2023-11-29,12050,12080,11840,12000,41188,0.0
2023-11-30,12100,12100,11690,11800,91903,-0.01666666666666672
2023-12-01,11800,12070,11800,11880,75603,0.006779661016949046
2023-12-04,11990,12170,11780,11960,70785,0.006734006734006703
2023-12-05,12050,12050,11670,11760,86438,-0.01672240802675584
2023-12-06,11710,11800,11630,11660,50540,-0.008503401360544172
2023-12-07,11890,12350,11890,12040,224400,0.032590051457976
2023-12-08,12230,12230,11900,11970,65376,-0.005813953488372103
2023-12-11,12120,12160,11980,12090,79035,0.010025062656641603
2023-12-12,12090,12350,12090,12300,117576,0.017369727047146455
2023-12-13,12500,12570,12320,12340,145992,0.003252032520325132
2023-12-14,12380,12410,12090,12180,115371,-0.012965964343598091
2023-12-15,12180,12410,12040,12320,127810,0.011494252873563315
2023-12-18,12400,12410,12050,12090,76597,-0.018668831168831224
2023-12-19,11980,12040,11800,11840,102465,-0.02067824648469807
2023-12-20,11860,11990,11860,11940,58038,0.008445945945946054
2023-12-21,11940,11940,11800,11810,98368,-0.010887772194304812
2023-12-22,11810,11850,11100,11720,101184,-0.007620660457239636
2023-12-26,11720,11740,11650,11720,42519,0.0
2023-12-27,11720,11720,11460,11550,97271,-0.014505119453924964
2023-12-28,11550,11810,11550,11780,102951,0.019913419913419883
2024-01-02,11780,12080,11780,12060,136806,0.02376910016977929
2024-01-03,11980,12320,11960,12190,124303,0.010779436152570376
2024-01-04,12190,12260,12000,12040,94122,-0.012305168170631653
2024-01-05,12110,12520,12090,12330,154658,0.024086378737541603
2024-01-08,12410,12410,12200,12280,76064,-0.0040551500405514584
2024-01-09,12390,12850,12390,12800,449767,0.04234527687296419
2024-01-10,12850,12940,12710,12850,169804,0.00390625
2024-01-11,12930,12930,12500,12710,108426,-0.010894941634241206
2024-01-12,12830,12860,12510,12750,104869,0.0031471282454760274
2024-01-15,12740,13050,12580,12640,145730,-0.008627450980392193
2024-01-16,12700,12840,12560,12660,106109,0.0015822784810126667
2024-01-17,12790,12950,12700,12780,235345,0.009478672985782088
2024-01-18,13170,13650,13170,13550,1084233,0.06025039123630682
2024-01-19,13650,13670,13150,13610,317411,0.0044280442804427445
2024-01-22,13500,13570,13130,13390,165184,-0.016164584864070575
2024-01-23,13390,13600,13170,13240,104130,-0.011202389843166571
2024-01-24,13240,13560,13240,13400,125967,0.012084592145015005
2024-01-25,13410,13470,13190,13430,73192,0.002238805970149249
2024-01-26,13510,13510,13140,13190,103182,-0.017870439314966458
2024-01-29,13100,13190,12830,12900,221615,-0.021986353297952954
2024-01-30,12930,13390,12930,13250,206832,0.027131782945736482
2024-01-31,13250,13250,12970,13100,93393,-0.01132075471698113
2024-02-01,13320,13490,12930,13190,111662,0.006870229007633677
2024-02-02,13190,13350,12980,13170,99799,-0.0015163002274450887
2024-02-05,13170,13310,12850,13040,80893,-0.009870918754745661
2024-02-06,12980,13340,12910,13150,112358,0.008435582822085896
2024-02-07,13160,13300,12780,12830,119365,-0.024334600760456238
2024-02-08,12830,13020,12510,12770,138595,-0.004676539360872978
2024-02-13,12750,12950,12750,12850,76828,0.006264682850430692
2024-02-14,12900,13180,12800,12970,134526,0.009338521400778177
2024-02-15,12920,13010,12710,12810,80661,-0.012336160370084781
2024-02-16,12710,12920,12710,12800,62600,-0.0007806401249024209
2024-02-19,12950,12950,12580,12710,76063,-0.007031250000000044
2024-02-20,12710,12750,12550,12570,76384,-0.011014948859165985
2024-02-21,12570,12660,12520,12640,34273,0.005568814638027053
2024-02-22,12660,12750,12590,12710,76521,0.005537974683544222
2024-02-23,12710,12890,12580,12800,98213,0.007081038552321006
2024-02-26,12910,12910,12610,12700,40250,-0.0078125
2024-02-27,12700,12720,12480,12680,73492,-0.0015748031496063408
2024-02-28,12650,12710,12530,12550,56149,-0.010252365930599416
2024-02-29,12550,12640,12500,12500,55881,-0.003984063745019917
2024-03-04,12500,12550,11860,11930,169177,-0.045599999999999974
2024-03-05,11960,12080,11870,11960,118121,0.0025146689019279744
2024-03-06,11950,12420,11600,12300,149730,0.028428093645485042
2024-03-07,12170,12240,11990,12140,89266,-0.013008130081300862
2024-03-08,12140,12220,11810,11830,112714,-0.025535420098846795
2024-03-11,11890,12090,11710,11870,98034,0.0033812341504648735
2024-03-12,11900,12080,11820,11850,74764,-0.0016849199663016012
2024-03-13,11870,12040,11810,11860,116753,0.0008438818565401629
2024-03-14,11850,11880,11790,11870,96768,0.000843170320404818
2024-03-15,11810,11830,11650,11690,127855,-0.015164279696714411
2024-03-18,11750,11750,11520,11540,78258,-0.01283147989734812
2024-03-19,11540,11660,11480,11580,71621,0.0034662045060658286
2024-03-20,11600,11740,11590,11720,81305,0.012089810017271052
2024-03-21,11720,11880,11670,11700,110377,-0.0017064846416382506
2024-03-22,11760,12160,11620,11930,237477,0.01965811965811959
2024-03-25,12000,12270,11740,11790,107542,-0.011735121542330251
2024-03-26,11790,11940,11710,11890,71577,0.008481764206955011
2024-03-27,11890,12110,11780,12020,76371,0.010933557611438216
2024-03-28,12150,13090,12020,12850,800556,0.06905158069883521
2024-03-29,12860,13290,12800,13090,276554,0.018677042801556354
2024-04-01,13190,14290,13150,14190,918478,0.08403361344537807
2024-04-02,14080,14290,13670,13880,244197,-0.021846370683579974
2024-04-03,13740,14050,13530,13730,254938,-0.010806916426512991
2024-04-04,13940,13960,13300,13560,184438,-0.012381646030589999
2024-04-05,13480,14010,13100,13700,267959,0.010324483775811188
2024-04-08,13700,13900,13600,13790,119097,0.006569343065693456
2024-04-09,13790,14000,13720,13860,151113,0.0050761421319796
2024-04-11,13580,14060,13430,14000,203715,0.010101010101010166
2024-04-12,14000,14000,13360,13480,176061,-0.037142857142857144
2024-04-15,13370,13450,12860,12980,174677,-0.0370919881305638
2024-04-16,12910,12970,12330,12580,224886,-0.03081664098613246
2024-04-17,12640,13000,11810,13000,166815,0.03338632750397452
2024-04-18,13390,13940,13190,13430,260704,0.033076923076923004
2024-04-19,13490,13490,13100,13280,109654,-0.011169024571854091
2024-04-22,13340,13880,13280,13730,157548,0.03388554216867479
2024-04-23,13750,13850,13290,13370,114895,-0.02621995630007279
2024-04-24,13510,13600,13200,13270,95937,-0.007479431563201189
2024-04-25,13400,13610,13110,13590,106597,0.024114544084400835
2024-04-26,13590,13630,13390,13520,41830,-0.005150846210448812
2024-04-29,13520,13910,13500,13830,113147,0.022928994082840326
2024-04-30,13900,13970,13790,13940,141227,0.00795372378886472
2024-05-02,14000,14270,13970,14200,388827,0.01865136298421799
2024-05-03,14200,14250,13710,13810,115759,-0.02746478873239433
2024-05-07,13970,13980,13700,13900,157190,0.006517016654598029
2024-05-08,13960,14100,13590,13720,99097,-0.012949640287769792
2024-05-09,13920,13920,13370,13740,198697,0.001457725947521915
2024-05-10,13810,13810,13420,13480,121308,-0.018922852983988325
2024-05-13,13470,13610,13350,13500,84407,0.0014836795252226587
2024-05-14,13510,13640,13200,13540,176517,0.002962962962963056
2024-05-16,13530,13610,13160,13210,149470,-0.024372230428360453
2024-05-17,13210,13290,12850,12910,150338,-0.022710068130204375
2024-05-20,12940,13010,12730,12850,89365,-0.004647560030983766
2024-05-21,12850,12850,12490,12590,266240,-0.020233463035019494
2024-05-22,12500,12620,12370,12550,130667,-0.003177124702144596
2024-05-23,12550,12670,12390,12490,108562,-0.004780876494023922
2024-05-24,12490,12520,12220,12300,147681,-0.01521216973578865
2024-05-27,12430,12440,12200,12350,124490,0.004065040650406582
2024-05-28,12450,12500,12240,12350,113008,0.0
2024-05-29,12350,12360,12100,12160,92003,-0.01538461538461533
2024-05-30,12160,12280,12050,12160,46105,0.0
2024-05-31,12180,12770,12180,12760,159775,0.049342105263157965
2024-06-03,12920,13050,12790,12860,162585,0.00783699059561127
2024-06-04,12880,13480,12870,13350,284396,0.03810264385692075
2024-06-05,13430,13440,13020,13050,170163,-0.022471910112359605
2024-06-07,13050,13400,13050,13250,177739,0.015325670498084198
2024-06-10,13340,13400,13070,13370,110742,0.00905660377358486
2024-06-11,13370,13390,12860,12910,202720,-0.03440538519072556
2024-06-12,12910,13070,12780,13020,98974,0.008520526723470256
2024-06-13,13020,13340,12930,13280,169228,0.019969278033794113
2024-06-14,13280,13430,13090,13360,161607,0.006024096385542244
2024-06-17,13330,13410,13160,13300,104804,-0.004491017964071808
2024-06-18,13260,13330,12910,12940,129792,-0.02706766917293235
2024-06-19,12940,13050,12310,12620,274034,-0.02472952086553326
2024-06-20,12620,12720,12500,12590,94099,-0.002377179080824132
2024-06-21,12400,12570,12260,12320,267719,-0.0214455917394758
2024-06-24,12320,12470,12280,12340,109547,0.0016233766233766378
2024-06-25,12300,12600,12300,12600,108362,0.021069692058346856
2024-06-26,12410,12500,11900,12000,453458,-0.04761904761904767
2024-06-27,11990,11990,11610,11700,299645,-0.025000000000000022
2024-06-28,11790,11990,11660,11710,189681,0.0008547008547008517
2024-07-01,11700,12040,11700,11910,168390,0.01707941929974388
2024-07-02,11920,11920,11600,11610,186137,-0.02518891687657432
2024-07-03,11620,11690,11150,11200,265200,-0.03531438415159349
2024-07-04,11200,11360,10970,11280,256449,0.0071428571428571175
2024-07-05,11260,11590,11150,11330,123187,0.004432624113475114
2024-07-08,11430,11430,11200,11320,97875,-0.0008826125330979595
2024-07-09,11320,11510,11240,11300,135639,-0.0017667844522968323
2024-07-10,11300,11300,11170,11280,76628,-0.001769911504424737
2024-07-11,11300,11300,11140,11220,140375,-0.005319148936170248
2024-07-12,11220,11280,11150,11150,86534,-0.0062388591800356386
2024-07-15,11150,11200,11110,11120,105631,-0.0026905829596413078
2024-07-16,11120,11160,11010,11030,113657,-0.008093525179856065
2024-07-17,11200,11290,11050,11240,95540,0.01903898458748876
2024-07-18,11240,11390,11030,11360,177432,0.01067615658362997
2024-07-19,11360,11360,11060,11150,128584,-0.01848591549295775
2024-07-22,11030,11070,10980,10990,92595,-0.014349775784753382
2024-07-23,11090,11090,10900,10900,97624,-0.008189262966333044
2024-07-24,10910,10980,10820,10910,49150,0.0009174311926605228
2024-07-25,10840,10960,10710,10750,84648,-0.01466544454628782
2024-07-26,10750,10840,10710,10780,52980,0.0027906976744185297
2024-07-29,10780,10940,10780,10840,43584,0.005565862708719838
2024-07-30,10850,10950,10390,10510,181261,-0.030442804428044257
2024-07-31,10510,10700,10470,10510,52422,0.0
2024-08-01,10520,10720,10400,10610,60339,0.009514747859181716
2024-08-02,10570,10600,10410,10460,128704,-0.01413760603204528
2024-08-05,10480,10480,9700,9810,232190,-0.0621414913957935
2024-08-06,9800,10280,9760,10110,156477,0.030581039755351647
2024-08-07,10110,10200,9930,10000,54193,-0.010880316518298683
2024-08-08,10000,10100,9790,9840,92063,-0.016000000000000014
2024-08-09,9860,10030,9700,9790,111437,-0.005081300813008172
2024-08-12,9700,9870,9700,9790,125645,0.0
2024-08-13,9780,9780,9460,9500,182025,-0.02962206332992845
2024-08-14,9630,9710,9500,9680,99680,0.0189473684210526
2024-08-16,9700,9850,9680,9840,72157,0.016528925619834656
2024-08-19,9850,9850,9520,9590,106469,-0.025406504065040636
2024-08-20,9590,10110,9570,10100,131793,0.05318039624608972
2024-08-21,10130,10440,10060,10430,135690,0.0326732673267327
2024-08-22,10470,10470,10150,10210,82306,-0.021093000958772756
2024-08-23,10150,10210,9950,10170,67554,-0.003917727717923647
2024-08-26,10170,11180,10170,11080,542821,0.08947885939036371
2024-08-27,11090,11200,10830,11040,167238,-0.0036101083032491488
2024-08-28,10970,10970,10630,10770,148620,-0.024456521739130488
2024-08-29,10770,10770,10500,10520,114860,-0.0232126276694522
2024-08-30,10610,10640,10400,10590,89348,0.0066539923954371805
2024-09-02,10600,10840,10450,10790,116334,0.018885741265344702
2024-09-03,10770,10790,10460,10460,83658,-0.030583873957367946
2024-09-04,10050,10300,10030,10160,97928,-0.028680688336520044
2024-09-05,10170,10850,10170,10510,183837,0.034448818897637734
2024-09-06,10510,10600,10180,10230,98918,-0.026641294005708804
2024-09-09,10160,10230,9930,10070,186798,-0.01564027370478982
2024-09-10,10120,10180,9980,10010,72928,-0.005958291956305817
2024-09-11,10180,10490,10070,10110,95036,0.009990009990010096
2024-09-12,10140,10310,10140,10200,69645,0.008902077151335286
2024-09-13,10210,10250,9960,10180,151381,-0.0019607843137254832
2024-09-19,10250,10570,10200,10400,122381,0.0216110019646365
2024-09-20,10550,10570,10230,10350,104435,-0.004807692307692291
2024-09-23,10200,10230,10040,10060,136236,-0.02801932367149762
2024-09-24,10020,10180,10010,10180,81004,0.011928429423459175
2024-09-25,10140,10280,10100,10170,57737,-0.0009823182711198308
2024-09-26,10190,10230,10090,10200,144053,0.002949852507374562
2024-09-27,10500,10700,10430,10500,278090,0.02941176470588225
2024-09-30,10560,10560,10170,10170,144874,-0.03142857142857147
2024-10-02,10030,10210,9990,10120,92795,-0.004916420845624381
2024-10-04,9960,10090,9900,10020,107003,-0.00988142292490124
2024-10-07,9990,10040,9900,10000,51384,-0.001996007984031989
2024-10-08,10000,10100,9910,10000,42922,0.0
2024-10-10,10100,10320,10060,10190,104704,0.018999999999999906
2024-10-11,10060,10210,10010,10050,68017,-0.013738959764474923
2024-10-14,10030,10110,9660,9960,133653,-0.008955223880596996
2024-10-15,9970,10060,9950,9980,56394,0.002008032128514081
2024-10-16,10080,10080,9930,9950,58055,-0.0030060120240480437
2024-10-17,9990,10210,9860,10150,114629,0.0201005025125629
2024-10-18,10200,10600,10060,10090,248239,-0.005911330049261032
2024-10-21,10210,10860,10180,10710,498353,0.061446977205153575
2024-10-22,10720,10720,10530,10530,165054,-0.01680672268907568
2024-10-23,10610,10790,10410,10570,130377,0.003798670465337217
2024-10-24,10570,10630,10460,10510,68836,-0.0056764427625354275
2024-10-25,10490,10770,10430,10600,183314,0.008563273073263655
2024-10-28,10630,10700,10570,10670,71216,0.006603773584905603
2024-10-29,10700,11390,10670,11380,539987,0.0665417057169635
2024-10-30,11390,11400,11130,11220,198683,-0.01405975395430581
2024-10-31,11110,11270,11020,11190,143650,-0.002673796791443861
2024-11-01,11030,11200,11000,11020,92391,-0.015192135835567444
2024-11-04,11350,11800,11270,11620,570639,0.05444646098003636
2024-11-05,11620,11700,11320,11430,150348,-0.016351118760757344
2024-11-06,11500,11740,11430,11560,279771,0.01137357830271224
2024-11-07,11510,11530,11230,11330,124007,-0.019896193771626325
2024-11-08,11500,11670,11320,11490,145769,0.014121800529567574
2024-11-11,11470,11490,11120,11200,108390,-0.0252393385552655
2024-11-12,11200,11200,10250,10540,283521,-0.05892857142857144
2024-11-13,10420,10670,10290,10380,142947,-0.015180265654648917
2024-11-14,10330,10440,10070,10080,193496,-0.028901734104046284
2024-11-15,10200,11140,10160,10800,360764,0.0714285714285714
2024-11-18,10650,11320,10640,11020,178138,0.020370370370370372
2024-11-19,10910,11420,10840,11350,221178,0.029945553539020064
2024-11-20,11390,11400,11060,11100,180162,-0.022026431718061623
2024-11-21,11100,11220,10920,11040,130227,-0.00540540540540535
2024-11-22,11070,11070,10730,10760,189046,-0.025362318840579712
2024-11-25,10860,11150,10760,10770,533062,0.0009293680297397522
2024-11-26,10770,11840,10770,11830,854127,0.09842154131847725
2024-11-27,11850,12190,11750,11940,600689,0.009298393913778513
2024-11-28,11940,11980,11500,11630,303793,-0.025963149078726988
2024-11-29,11850,11950,11280,11780,488393,0.012897678417884695
2024-12-02,11810,11860,11060,11130,301444,-0.055178268251273366
2024-12-03,11050,11270,11050,11210,184090,0.007187780772686336
2024-12-04,10800,11140,10600,10830,392308,-0.03389830508474578
2024-12-05,10740,11100,10500,10560,231091,-0.024930747922437657
2024-12-06,10570,10950,10440,10640,281635,0.007575757575757569
2024-12-09,10420,10430,9820,9910,394116,-0.06860902255639101
2024-12-10,9950,10360,9950,10290,215133,0.038345105953582204
2024-12-11,10300,10750,10230,10640,227443,0.03401360544217691
2024-12-12,10640,10690,10400,10570,148138,-0.006578947368421018
2024-12-13,10400,10710,10400,10710,108908,0.013245033112582849
2024-12-16,10750,10780,10530,10600,112449,-0.010270774976657293
2024-12-17,10550,10610,10120,10190,301018,-0.038679245283018915
2024-12-18,10120,10330,10070,10290,182907,0.00981354268891077
2024-12-19,10120,10180,10040,10160,137824,-0.01263362487852282
2024-12-20,10160,10180,9990,10050,192921,-0.010826771653543288
2024-12-23,10050,10130,9980,10060,154255,0.0009950248756218638
2024-12-24,10020,10060,9920,9970,140524,-0.008946322067594381
2024-12-26,9920,9990,9860,9860,130714,-0.011033099297893645
2024-12-27,9870,9930,9750,9900,123167,0.0040567951318457585
2024-12-30,9490,10430,9490,9620,572075,-0.028282828282828243
2025-01-02,9620,9860,9510,9790,188394,0.017671517671517645
2025-01-03,9790,9860,9660,9860,212708,0.007150153217568844
2025-01-06,9860,10010,9750,10010,224375,0.015212981744421983
2025-01-07,10060,10090,9970,10020,116847,0.0009990009990010762
2025-01-08,10010,10070,9900,9980,91251,-0.003992015968063867
2025-01-09,9980,9990,9800,9890,201560,-0.009018036072144242
2025-01-10,9860,9880,9780,9820,117777,-0.00707785642062686
2025-01-13,9880,9880,9720,9730,123427,-0.009164969450101812
2025-01-14,9730,9800,9640,9790,74495,0.006166495375128367
2025-01-15,9850,9940,9790,9870,95875,0.008171603677221695
2025-01-16,9870,9890,9760,9850,110279,-0.0020263424518743856
2025-01-17,9850,10190,9830,10110,314302,0.02639593908629445
2025-01-20,10120,10190,9970,10040,148679,-0.006923837784371889
2025-01-21,10130,10190,9940,10030,170410,-0.0009960159362549792
2025-01-22,10140,10510,9950,10430,538706,0.039880358923230386
2025-01-23,10340,10590,10280,10390,301634,-0.003835091083413178
2025-01-24,10500,10600,10310,10320,158714,-0.006737247353224229
2025-01-31,10200,10300,9990,10020,273051,-0.029069767441860517
2025-02-03,9880,10000,9530,9640,316603,-0.03792415169660679
2025-02-04,9710,9830,9640,9700,173089,0.006224066390041472
2025-02-05,9700,9840,9700,9800,127512,0.010309278350515427
2025-02-06,9830,9880,9650,9760,120077,-0.004081632653061273
2025-02-07,9760,9760,9600,9610,173591,-0.015368852459016424
2025-02-10,9620,9940,9550,9630,234304,0.0020811654526535772
2025-02-11,9630,10000,9570,9910,308949,0.029075804776739433
2025-02-12,9910,9910,9740,9790,177651,-0.012108980827447047
2025-02-13,9790,9820,9710,9760,132366,-0.003064351378958108
2025-02-14,9810,9860,9720,9740,168677,-0.002049180327868827
2025-02-17,9740,9910,9730,9810,171332,0.007186858316221789
2025-02-18,9810,9830,9680,9760,191683,-0.0050968399592252744
2025-02-19,9770,9870,9740,9850,220700,0.009221311475409832
2025-02-20,9880,9970,9800,9850,159364,0.0
2025-02-21,9850,10130,9720,10050,282118,0.020304568527918843
2025-02-24,9980,10120,9920,10080,100469,0.0029850746268655914
2025-02-25,10080,10140,9990,10030,145851,-0.004960317460317443
2025-02-26,10000,10130,9970,10050,96026,0.001994017946161497
2025-02-27,10090,10240,10030,10090,120983,0.003980099502487455
2025-02-28,9980,10070,9800,9800,168837,-0.0287413280475719
2025-03-04,9890,9890,9670,9710,94884,-0.009183673469387754
2025-03-05,9670,9890,9670,9760,102571,0.005149330587023604
2025-03-06,9850,10350,9830,10170,374843,0.04200819672131151
2025-03-07,10080,10280,10060,10120,155550,-0.004916420845624381
2025-03-10,10110,10120,9940,10020,116182,-0.00988142292490124
2025-03-11,9800,9960,9760,9800,162558,-0.021956087824351322
2025-03-12,9800,9960,9710,9710,192910,-0.009183673469387754
2025-03-13,9710,9790,9620,9630,171161,-0.008238928939237944
2025-03-14,9710,9710,9540,9610,132381,-0.0020768431983385627
2025-03-17,9620,9700,9580,9580,138454,-0.003121748178980255
2025-03-18,9580,9700,9570,9580,95528,0.0
2025-03-19,9650,9660,9530,9570,127113,-0.0010438413361169019
2025-03-20,9600,9630,9510,9550,116323,-0.002089864158829724
2025-03-21,9550,9570,9510,9560,88801,0.0010471204188482464
2025-03-24,9560,9690,9520,9650,90584,0.009414225941422494
2025-03-25,9730,9750,9590,9650,136800,0.0
2025-03-26,9690,9720,9630,9640,58797,-0.0010362694300518616
2025-03-27,9640,9640,9510,9530,94461,-0.011410788381742698
2025-03-28,9530,9530,9420,9430,96923,-0.01049317943336836
2025-03-31,9400,9400,9230,9250,69037,-0.019088016967126142
2025-04-01,9270,9380,9250,9280,67322,0.00324324324324321
2025-04-02,9240,9250,9020,9040,137492,-0.025862068965517238
2025-04-03,9000,9050,8800,8840,137494,-0.02212389380530977
2025-04-04,8750,9310,8750,9250,189940,0.046380090497737614
2025-04-07,9180,9180,8700,8770,163617,-0.05189189189189192
2025-04-08,8940,8980,8690,8710,47613,-0.0068415051311288
2025-04-09,8670,8870,7990,8250,359704,-0.05281285878300801
2025-04-10,8680,8680,8380,8600,159166,0.042424242424242475
2025-04-11,8490,8490,8280,8460,93821,-0.016279069767441867
2025-04-14,8560,8620,8430,8470,141662,0.0011820330969267712
2025-04-15,8560,8590,8420,8510,45301,0.0047225501770955525
2025-04-16,8560,8560,8400,8420,45426,-0.010575793184488869
2025-04-17,8490,8550,8420,8510,19032,0.010688836104512989
2025-04-18,8580,9060,8580,9030,185884,0.06110458284371334
2025-04-21,9040,9100,8860,8880,57272,-0.01661129568106312
2025-04-22,8850,8910,8600,8650,122172,-0.025900900900900914
2025-04-23,8830,8830,8660,8710,58645,0.006936416184971206
2025-04-24,8800,8840,8710,8730,59541,0.0022962112514350874
2025-04-25,8800,8830,8690,8830,56990,0.01145475372279492
2025-04-28,8840,8870,8780,8790,50145,-0.0045300113250282825
2025-04-29,8760,8920,8760,8880,59575,0.010238907849829282
2025-04-30,8940,9060,8820,8930,70061,0.005630630630630629
2025-05-02,8890,9070,8860,8960,80012,0.0033594624860022737
2025-05-07,9270,9650,9270,9580,473586,0.0691964285714286
2025-05-08,9700,9700,9370,9400,114002,-0.018789144050104345
2025-05-09,9380,9380,9110,9190,77526,-0.022340425531914843
2025-05-12,9270,9410,9170,9290,71770,0.01088139281828071
2025-05-13,9380,9380,9050,9070,175093,-0.023681377825618966
2025-05-14,9080,9180,9070,9130,66641,0.006615214994487362
2025-05-15,9220,9260,8940,9210,80480,0.008762322015334112
2025-05-16,9180,9220,9000,9060,77972,-0.016286644951140072
2025-05-19,9010,9040,8950,8980,53758,-0.008830022075055233
2025-05-20,9070,9110,8870,8970,43675,-0.00111358574610243
2025-05-21,9030,9030,8900,8970,51112,0.0
2025-05-22,9140,9240,8950,9010,118105,0.004459308807134965
2025-05-23,8940,9220,8890,9160,116416,0.01664816870144281
2025-05-26,9340,9360,9160,9240,69655,0.008733624454148492
2025-05-27,9200,9230,9100,9210,69822,-0.0032467532467532756
2025-05-28,9270,9520,9250,9410,151419,0.021715526601520097
