Date,Open,High,Low,Close,Volume,Change
2022-01-03,7480,7740,7430,7700,150308,0.03913630229419707
2022-01-04,7740,8470,7700,8240,891629,0.07012987012987004
2022-01-05,8330,8400,7810,7820,335418,-0.050970873786407744
2022-01-06,7610,7670,7310,7350,225558,-0.06010230179028131
2022-01-07,7350,7620,7350,7590,121735,0.03265306122448974
2022-01-10,7660,7750,7420,7610,135370,0.0026350461133068936
2022-01-11,7680,7680,7390,7420,61131,-0.024967148488830526
2022-01-12,7490,7560,7380,7450,40867,0.0040431266846361336
2022-01-13,7530,7540,7180,7200,99148,-0.03355704697986572
2022-01-14,7140,7200,7040,7070,63112,-0.018055555555555602
2022-01-17,7100,7160,6880,6890,70560,-0.02545968882602545
2022-01-18,7000,7000,6350,6610,94058,-0.04063860667634256
2022-01-19,6480,6720,6480,6580,34629,-0.004538577912254205
2022-01-20,6700,6780,6570,6780,36529,0.03039513677811545
2022-01-21,6700,6870,6620,6830,29220,0.007374631268436627
2022-01-24,6820,6820,6500,6620,47149,-0.030746705710102518
2022-01-25,6630,6640,6050,6420,59728,-0.030211480362537735
2022-01-26,6310,7610,6310,6930,1532329,0.07943925233644866
2022-01-27,6820,7850,6700,6950,1762739,0.0028860028860029363
2022-01-28,7120,8730,6950,8100,7102917,0.16546762589928066
2022-02-03,8020,8220,7990,8070,988361,-0.0037037037037036535
2022-02-04,8030,8360,8030,8150,1141922,0.00991325898389106
2022-02-07,8290,8340,7930,8150,445155,0.0
2022-02-08,8110,8380,7660,7780,554382,-0.04539877300613493
2022-02-09,7900,8020,7750,7900,186250,0.015424164524421524
2022-02-10,8010,8010,7660,7660,186276,-0.03037974683544309
2022-02-11,7650,7900,7440,7480,202223,-0.023498694516971286
2022-02-14,7360,7420,7110,7260,150417,-0.02941176470588236
2022-02-15,7150,7380,7070,7150,127673,-0.015151515151515138
2022-02-16,7190,7450,7190,7450,115393,0.04195804195804187
2022-02-17,7460,7500,7110,7250,137525,-0.02684563758389258
2022-02-18,7250,7400,7100,7400,77409,0.020689655172413834
2022-02-21,7410,7450,7160,7450,72378,0.006756756756756799
2022-02-22,7390,7400,7250,7290,59895,-0.02147651006711404
2022-02-23,7290,7640,7200,7600,127632,0.04252400548696844
2022-02-24,7560,7610,7250,7290,97210,-0.04078947368421049
2022-02-25,7430,7730,7430,7700,250061,0.056241426611796985
2022-02-28,7850,7920,7640,7710,180054,0.0012987012987013546
2022-03-02,7730,7800,7650,7750,83203,0.005188067444876765
2022-03-03,7830,7830,7590,7620,103868,-0.01677419354838705
2022-03-04,7610,7670,7430,7450,76040,-0.022309711286089273
2022-03-07,7390,7410,7260,7370,67623,-0.010738255033557076
2022-03-08,7200,7340,7140,7190,54091,-0.024423337856173677
2022-03-10,7300,7910,7300,7690,699457,0.06954102920723226
2022-03-11,7660,7700,7530,7600,90413,-0.011703511053316018
2022-03-14,7620,7820,7500,7510,112684,-0.011842105263157876
2022-03-15,7510,7640,7510,7620,60712,0.01464713715046595
2022-03-16,7690,7720,7500,7620,97363,0.0
2022-03-17,7790,8080,7600,7680,557396,0.007874015748031482
2022-03-18,7720,8010,7710,7930,276951,0.03255208333333326
2022-03-21,8010,8040,7800,7830,161150,-0.01261034047919296
2022-03-22,7830,7900,7770,7890,70501,0.00766283524904221
2022-03-23,7940,7940,7760,7810,85715,-0.010139416983523497
2022-03-24,7730,7750,7650,7710,66651,-0.012804097311139517
2022-03-25,7750,8090,7690,7890,235669,0.023346303501945442
2022-03-28,7930,8180,7860,8130,398650,0.03041825095057038
2022-03-29,8170,8190,8000,8050,116613,-0.009840098400983988
2022-03-30,8090,8100,7920,7960,111605,-0.011180124223602483
2022-03-31,7960,8060,7910,8060,87242,0.012562814070351758
2022-04-01,8060,8380,7970,8360,386300,0.037220843672456594
2022-04-04,8450,8450,8170,8230,191061,-0.015550239234449759
2022-04-05,8230,8280,8140,8240,123978,0.0012150668286756705
2022-04-06,8170,8200,8010,8120,114187,-0.014563106796116498
2022-04-07,8100,8100,7830,7860,117489,-0.03201970443349755
2022-04-08,7930,8060,7860,8020,88642,0.020356234096692072
2022-04-11,8030,8220,8010,8020,102621,0.0
2022-04-12,8020,8020,7700,7800,91682,-0.027431421446383997
2022-04-13,7850,7860,7730,7760,64641,-0.00512820512820511
2022-04-14,7780,8010,7720,7960,44188,0.025773195876288568
2022-04-15,8060,8260,7940,8150,156542,0.023869346733668362
2022-04-18,8150,8220,8000,8010,61069,-0.01717791411042946
2022-04-19,8090,8290,8010,8230,99906,0.027465667915106184
2022-04-20,8150,8180,7840,8000,172308,-0.027946537059538312
2022-04-21,8090,8090,7890,7960,37666,-0.0050000000000000044
2022-04-22,7990,8100,7860,7870,102365,-0.011306532663316604
2022-04-25,7790,7870,7620,7670,91910,-0.02541296060991105
2022-04-26,7650,7940,7650,7800,58789,0.016949152542372836
2022-04-27,7550,7760,7540,7760,49622,-0.00512820512820511
2022-04-28,7760,7900,7730,7800,15395,0.005154639175257714
2022-04-29,7870,7990,7760,7920,33016,0.01538461538461533
2022-05-02,7850,7940,7740,7930,35488,0.0012626262626262985
2022-05-03,7930,7940,7820,7870,39959,-0.007566204287515754
2022-05-04,7930,8040,7800,7810,70216,-0.007623888182973326
2022-05-06,7730,7890,7670,7790,42976,-0.002560819462227859
2022-05-09,7760,7770,7570,7590,84537,-0.025673940949935803
2022-05-10,7500,7520,7260,7460,57822,-0.017127799736495364
2022-05-11,7410,7540,7390,7430,34635,-0.004021447721179627
2022-05-12,7430,7430,7150,7180,91341,-0.03364737550471064
2022-05-13,7210,7310,7200,7200,31311,0.0027855153203342198
2022-05-16,7220,7350,7220,7280,15280,0.011111111111111072
2022-05-17,7320,7410,7200,7410,32216,0.017857142857142794
2022-05-18,7410,7640,7400,7580,52332,0.02294197031039147
2022-05-19,7330,7640,7330,7620,51909,0.005277044854881341
2022-05-20,7580,8050,7580,7810,168390,0.02493438320209984
2022-05-23,7810,8120,7810,8100,197118,0.03713188220230479
2022-05-24,8260,8350,7710,7830,277450,-0.033333333333333326
2022-05-25,7890,7890,7680,7730,54261,-0.012771392081736943
2022-05-26,7740,8340,7700,8020,496325,0.03751617076326008
2022-05-27,8160,8160,7950,7950,84972,-0.00872817955112215
2022-05-30,8080,8490,7760,8050,454986,0.012578616352201255
2022-05-31,8070,8120,7900,7980,81113,-0.008695652173912993
2022-06-02,7970,8080,7920,8000,41312,0.0025062656641603454
2022-06-03,8090,8100,7900,7950,55340,-0.006249999999999978
2022-06-07,7900,7920,7770,7800,45587,-0.018867924528301883
2022-06-08,7840,7840,7760,7770,22826,-0.0038461538461538325
2022-06-09,7770,7870,7650,7830,53905,0.007722007722007707
2022-06-10,7750,7840,7730,7780,25068,-0.0063856960408684715
2022-06-13,7640,7640,7350,7460,87092,-0.041131105398457546
2022-06-14,7340,7490,7220,7460,39894,0.0
2022-06-15,7370,7450,7250,7360,47107,-0.013404825737265424
2022-06-16,7360,7480,7280,7280,25909,-0.010869565217391353
2022-06-17,7100,7240,6960,7190,51053,-0.012362637362637319
2022-06-20,7260,7280,6780,6900,75295,-0.04033379694019468
2022-06-21,6800,6990,6790,6880,21604,-0.0028985507246376274
2022-06-22,7020,7040,6680,6680,38861,-0.029069767441860517
2022-06-23,6680,6730,6450,6570,39276,-0.01646706586826352
2022-06-24,6660,7140,6660,7080,84598,0.07762557077625565
2022-06-27,7080,7390,7040,7240,42574,0.02259887005649719
2022-06-28,7260,7390,7200,7350,30226,0.015193370165745845
2022-06-29,7290,7390,7230,7300,27122,-0.006802721088435382
2022-06-30,7300,7550,7240,7340,70804,0.005479452054794498
2022-07-01,7340,7380,7110,7290,20089,-0.006811989100817484
2022-07-04,7260,7400,7090,7180,24478,-0.015089163237311354
2022-07-05,7230,7430,7180,7340,23315,0.022284122562674202
2022-07-06,7330,7520,7270,7340,31165,0.0
2022-07-07,7440,7490,7340,7430,15569,0.012261580381471404
2022-07-08,7410,7660,7400,7430,58897,0.0
2022-07-11,7430,7510,7350,7430,17355,0.0
2022-07-12,7490,7490,7240,7360,21248,-0.009421265141319024
2022-07-13,7400,7480,7230,7450,17274,0.012228260869565188
2022-07-14,7450,7510,7310,7450,12882,0.0
2022-07-15,7520,7520,7270,7370,10259,-0.010738255033557076
2022-07-18,7450,7670,7160,7600,73594,0.031207598371777445
2022-07-19,7630,8020,7520,7990,227911,0.051315789473684204
2022-07-20,8030,8030,7860,7880,49534,-0.013767209011264048
2022-07-21,7860,8040,7860,7970,45891,0.011421319796954377
2022-07-22,7980,8050,7850,7970,44640,0.0
2022-07-25,8080,8080,7850,7970,15851,0.0
2022-07-26,7890,8040,7880,7980,38618,0.0012547051442910462
2022-07-27,7980,8030,7890,8000,18481,0.0025062656641603454
2022-07-28,8040,8040,7880,8030,46643,0.00374999999999992
2022-07-29,8050,8130,7980,8130,50001,0.012453300124533051
2022-08-01,8130,8220,8060,8110,55078,-0.002460024600245969
2022-08-02,8100,8240,7940,7990,85851,-0.01479654747225645
2022-08-03,7990,8140,7870,7970,50126,-0.0025031289111389077
2022-08-04,8010,8060,7930,7930,27152,-0.005018820577164407
2022-08-05,7900,7980,7900,7970,21119,0.0050441361916770955
2022-08-08,7970,8230,7920,8200,113901,0.028858218318695172
2022-08-09,8200,8350,8070,8320,76408,0.014634146341463428
2022-08-10,8280,8300,8100,8100,47552,-0.02644230769230771
2022-08-11,8120,8180,7970,8140,61662,0.004938271604938205
2022-08-12,8140,8200,8040,8090,48172,-0.00614250614250611
2022-08-16,8200,8440,8100,8260,281835,0.021013597033374465
2022-08-17,8300,8310,8010,8140,94681,-0.014527845036319653
2022-08-18,8050,8130,7990,8100,46119,-0.004914004914004955
2022-08-19,8090,8210,7850,7880,118685,-0.02716049382716046
2022-08-22,7810,7940,7740,7740,27514,-0.017766497461928932
2022-08-23,7700,7740,7600,7660,20934,-0.01033591731266148
2022-08-24,7660,7760,7610,7700,34643,0.005221932114882533
2022-08-25,7770,7880,7720,7840,26616,0.018181818181818077
2022-08-26,7850,7900,7750,7790,20177,-0.0063775510204081565
2022-08-29,7560,7820,7550,7790,39134,0.0
2022-08-30,7790,7820,7670,7790,26253,0.0
2022-08-31,7790,7800,7700,7770,12380,-0.0025673940949936247
2022-09-01,7710,7770,7630,7740,48489,-0.0038610038610038533
2022-09-02,7730,7750,7670,7720,15024,-0.0025839793281653423
2022-09-05,7640,7800,7570,7690,28523,-0.0038860103626943143
2022-09-06,7640,7730,7640,7680,12266,-0.0013003901170350884
2022-09-07,7680,7820,7540,7820,28686,0.01822916666666674
2022-09-08,7750,7900,7740,7780,15521,-0.005115089514066473
2022-09-13,7740,7940,7740,7940,56880,0.020565552699228773
2022-09-14,7750,7810,7700,7800,23327,-0.017632241813602012
2022-09-15,7800,7860,7770,7850,13644,0.0064102564102563875
2022-09-16,7850,7860,7750,7800,22800,-0.006369426751592355
2022-09-19,7800,7820,7690,7770,22472,-0.0038461538461538325
2022-09-20,7770,8090,7770,8040,107450,0.03474903474903468
2022-09-21,8030,8080,7870,7940,36143,-0.01243781094527363
2022-09-22,7900,7940,7720,7840,41648,-0.012594458438287104
2022-09-23,7770,7950,7620,7820,44420,-0.0025510204081632404
2022-09-26,7740,7740,6960,6960,159171,-0.10997442455242967
2022-09-27,6960,7250,6860,7030,67639,0.010057471264367734
2022-09-28,7030,7150,6660,6660,41925,-0.052631578947368474
2022-09-29,6930,6930,6350,6350,71582,-0.04654654654654655
2022-09-30,6190,6390,6080,6360,63194,0.0015748031496063408
2022-10-04,6370,7830,6370,7190,1209455,0.13050314465408808
2022-10-05,7170,7370,6770,6810,141551,-0.052851182197496516
2022-10-06,6950,7050,6840,7000,57388,0.027900146842878115
2022-10-07,7000,8080,6950,7400,504998,0.05714285714285716
2022-10-11,7370,8070,7130,7270,1064678,-0.01756756756756761
2022-10-12,7270,7350,7020,7070,65476,-0.02751031636863821
2022-10-13,7000,7070,6610,6650,84795,-0.05940594059405946
2022-10-14,6750,6960,6750,6890,52380,0.03609022556390973
2022-10-17,6800,7040,6700,6970,44772,0.011611030478954953
2022-10-18,7020,7400,7020,7400,95483,0.06169296987087525
2022-10-19,7450,7650,7350,7400,63440,0.0
2022-10-20,7440,7450,7270,7410,20642,0.0013513513513514486
2022-10-21,7490,7570,7300,7300,53503,-0.014844804318488558
2022-10-24,7340,7580,7300,7550,56077,0.03424657534246567
2022-10-25,7560,7730,7470,7580,56987,0.003973509933774766
2022-10-26,7680,8500,7100,7160,2239852,-0.0554089709762533
2022-10-27,7160,7410,7010,7280,96835,0.016759776536312776
2022-10-28,7390,7390,7120,7130,40135,-0.020604395604395642
2022-10-31,7070,7560,7070,7150,65791,0.0028050490883591017
2022-11-01,7160,7270,7130,7270,26693,0.016783216783216703
2022-11-02,7300,7300,7120,7140,36895,-0.017881705639614887
2022-11-03,7080,7290,7010,7160,33403,0.0028011204481792618
2022-11-04,7160,7230,7100,7210,13093,0.006983240223463749
2022-11-07,7150,7320,7150,7230,14361,0.00277392510402219
2022-11-08,7160,7300,7130,7220,16191,-0.0013831258644536604
2022-11-09,7270,7410,7200,7300,33334,0.011080332409972193
2022-11-10,7170,7280,7160,7220,15815,-0.010958904109588996
2022-11-11,7390,7390,7270,7290,21099,0.00969529085872578
2022-11-14,7290,7400,7230,7360,47564,0.009602194787379892
2022-11-15,7290,7430,7290,7390,26173,0.0040760869565217295
2022-11-16,7380,7440,7260,7410,23041,0.0027063599458727605
2022-11-17,7400,7500,7350,7420,21493,0.0013495276653170407
2022-11-18,7380,7500,7360,7370,15454,-0.006738544474393482
2022-11-21,7450,7460,7180,7240,25445,-0.01763907734056991
2022-11-22,7290,7290,7180,7210,14116,-0.004143646408839796
2022-11-23,7210,7300,7200,7270,14500,0.00832177531206657
2022-11-24,7310,7570,7180,7450,77569,0.024759284731774356
2022-11-25,7520,7520,7360,7410,13463,-0.005369127516778538
2022-11-28,7430,7430,7140,7140,33208,-0.036437246963562764
2022-11-29,7050,7220,7050,7180,14974,0.0056022408963585235
2022-11-30,7180,7200,7130,7150,12981,-0.004178272980501441
2022-12-01,7180,7250,7180,7200,12686,0.006993006993007089
2022-12-02,7200,7270,7140,7170,11627,-0.004166666666666652
2022-12-05,7170,7230,7150,7210,7876,0.00557880055788007
2022-12-06,7090,7210,7090,7180,6626,-0.004160887656033285
2022-12-07,7100,7190,7050,7070,16134,-0.01532033426183843
2022-12-08,7070,7130,6980,7020,15154,-0.007072135785007094
2022-12-09,7050,7140,6980,7100,15218,0.01139601139601143
2022-12-12,7130,7130,7030,7030,5042,-0.009859154929577452
2022-12-13,7070,7140,6960,6960,23494,-0.009957325746799417
2022-12-14,6990,7030,6900,6930,19297,-0.004310344827586188
2022-12-15,6910,6990,6850,6940,21821,0.0014430014430013571
2022-12-16,6900,6900,6780,6830,28535,-0.015850144092218965
2022-12-19,6830,6910,6770,6790,28837,-0.005856515373352855
2022-12-20,6830,6850,6580,6640,26478,-0.022091310751104598
2022-12-21,6580,6940,6580,6610,38970,-0.004518072289156572
2022-12-22,6690,6740,6620,6730,6209,0.018154311649016597
2022-12-23,6710,6710,6470,6500,53521,-0.034175334323922724
2022-12-26,6500,6560,6350,6350,46953,-0.023076923076923106
2022-12-27,6410,6740,6380,6590,50426,0.03779527559055129
2022-12-28,6640,6870,6550,6830,33745,0.036418816388467334
2022-12-29,6830,6840,6720,6720,12087,-0.016105417276720324
2023-01-02,6800,6840,6670,6710,10613,-0.0014880952380952328
2023-01-03,6680,6900,6650,6790,27159,0.011922503725782407
2023-01-04,6820,6910,6730,6910,14258,0.01767304860088359
2023-01-05,6910,7070,6840,6970,31162,0.00868306801736618
2023-01-06,6970,7180,6940,7160,29592,0.027259684361549574
2023-01-09,7230,7310,7160,7160,70578,0.0
2023-01-10,7270,7550,7220,7240,150131,0.011173184357541999
2023-01-11,7410,7550,7290,7350,74974,0.015193370165745845
2023-01-12,7410,7410,7150,7180,50762,-0.023129251700680253
2023-01-13,7200,7260,7190,7240,16844,0.008356545961002881
2023-01-16,7290,7520,7290,7380,55018,0.01933701657458564
2023-01-17,7310,7480,7270,7290,43307,-0.012195121951219523
2023-01-18,7310,7550,7280,7510,91865,0.030178326474622708
2023-01-19,7600,7960,7560,7800,369570,0.038615179760319585
2023-01-20,7840,7910,7740,7810,90274,0.0012820512820512775
2023-01-25,8150,8240,7950,8110,324668,0.03841229193341866
2023-01-26,8180,8280,7770,7840,277875,-0.03329223181257701
2023-01-27,7950,7950,7730,7830,68189,-0.0012755102040816757
2023-01-30,7830,7900,7650,7700,69055,-0.016602809706257937
2023-01-31,7850,8270,7660,8210,516176,0.0662337662337662
2023-02-01,8400,8690,8250,8480,670242,0.032886723507917104
2023-02-02,8580,8610,8350,8540,158837,0.007075471698113178
2023-02-03,8660,8800,8400,8410,251970,-0.015222482435597207
2023-02-06,8310,8430,8180,8240,110346,-0.02021403091557672
2023-02-07,8240,8330,8200,8240,54922,0.0
2023-02-08,8340,8440,8210,8390,109946,0.01820388349514568
2023-02-09,8330,8430,8030,8100,143886,-0.03456495828367101
2023-02-10,8110,8130,7980,8030,73248,-0.00864197530864197
2023-02-13,8090,8160,7980,8150,52790,0.014943960149439661
2023-02-14,8150,8170,7900,7950,85485,-0.024539877300613466
2023-02-15,8010,8010,7760,7770,72577,-0.02264150943396226
2023-02-16,7860,7930,7690,7770,77927,0.0
2023-02-17,7650,8030,7630,8000,94356,0.029601029601029616
2023-02-20,7940,8090,7920,8080,58626,0.010000000000000009
2023-02-21,8080,8110,7980,8110,39720,0.003712871287128605
2023-02-22,7990,8020,7860,7930,50800,-0.022194821208384674
2023-02-23,7950,8470,7900,8070,459527,0.017654476670870167
2023-02-24,8110,8600,8070,8500,482254,0.053283767038413865
2023-02-27,8620,8800,8420,8510,321470,0.0011764705882353343
2023-02-28,8710,9760,8590,9320,3637062,0.09518213866039948
2023-03-02,9990,10940,9850,10150,4581250,0.08905579399141628
2023-03-03,10150,10240,9860,10000,743356,-0.014778325123152691
2023-03-06,9940,9940,9680,9690,414983,-0.031000000000000028
2023-03-07,9670,9720,9310,9410,347482,-0.028895768833849367
2023-03-08,9450,9770,9260,9260,309707,-0.015940488841657774
2023-03-09,9260,9470,9160,9340,202960,0.008639308855291628
2023-03-10,9090,9170,8920,8960,183565,-0.0406852248394004
2023-03-13,8950,9180,8720,9040,189822,0.008928571428571397
2023-03-14,9040,9150,8660,9150,258428,0.012168141592920456
2023-03-15,9500,9640,9260,9360,222691,0.022950819672131084
2023-03-16,9360,11000,9200,11000,4262199,0.17521367521367526
2023-03-17,11300,13430,10930,12820,7670232,0.16545454545454552
2023-03-20,15290,16590,12870,12990,9880702,0.013260530421216776
2023-03-21,12800,13210,11900,12000,3614274,-0.07621247113163976
2023-03-22,12420,13300,12200,12860,6593974,0.07166666666666677
2023-03-23,13390,13650,12450,12660,3881523,-0.015552099533437058
2023-03-24,12900,14810,12470,13600,9747772,0.07424960505529232
2023-03-27,13050,13220,12260,12700,2509940,-0.06617647058823528
2023-03-28,12730,13290,12130,12250,2104888,-0.03543307086614178
2023-03-29,12140,12190,11610,11760,966501,-0.040000000000000036
2023-03-30,11930,12390,11580,12080,1567132,0.027210884353741527
2023-03-31,12290,12650,11650,11760,1380318,-0.026490066225165587
2023-04-03,11890,12690,11600,12400,1700155,0.054421768707483054
2023-04-04,12440,12790,11850,11980,1071591,-0.03387096774193543
2023-04-05,11960,12800,11780,12550,1948055,0.047579298831385675
2023-04-06,12620,12990,12110,12240,1088566,-0.024701195219123506
2023-04-07,12380,12450,12040,12090,556154,-0.01225490196078427
2023-04-10,12090,12100,10890,11050,1222577,-0.08602150537634412
2023-04-11,11100,11360,10910,11200,513160,0.013574660633484115
2023-04-12,11330,11820,11130,11360,1002348,0.014285714285714235
2023-04-13,11160,11350,10920,11230,424448,-0.011443661971830998
2023-04-14,11240,11350,10930,10980,428998,-0.022261798753339224
2023-04-17,11060,11440,11000,11330,557923,0.031876138433515555
2023-04-18,11400,12800,11090,12190,3741725,0.0759046778464254
2023-04-19,12170,12600,11930,12080,1134431,-0.009023789991796538
2023-04-20,12080,12970,11950,12290,2348774,0.01738410596026485
2023-04-21,12620,12790,12060,12230,1162636,-0.004882017900732283
2023-04-24,12160,12200,11200,11280,649182,-0.07767784137367129
2023-04-25,11280,11770,11080,11140,501479,-0.012411347517730542
2023-04-26,10950,11230,10660,10800,307751,-0.030520646319569078
2023-04-27,10700,11040,10550,10940,296485,0.012962962962963065
2023-04-28,11120,11300,10350,10450,339281,-0.04478976234003651
2023-05-02,10300,10760,10030,10510,273185,0.00574162679425827
2023-05-03,10400,10840,10390,10580,257354,0.006660323501427312
2023-05-04,10650,11140,10520,10980,382850,0.037807183364839236
2023-05-08,11010,11200,10650,10700,246860,-0.025500910746812377
2023-05-09,10570,11320,10400,10420,215917,-0.0261682242990654
2023-05-10,10420,10500,10020,10070,320815,-0.03358925143953939
2023-05-11,10130,10520,10130,10340,282993,0.026812313803376453
2023-05-12,10360,10560,10130,10340,245289,0.0
2023-05-15,10260,10410,10020,10120,214888,-0.021276595744680882
2023-05-16,10210,10230,10040,10080,106140,-0.0039525691699604515
2023-05-17,10030,10420,10030,10390,158308,0.030753968253968145
2023-05-18,10560,10600,10420,10470,116826,0.007699711260827691
2023-05-19,10550,10730,10420,10730,180382,0.024832855778414542
2023-05-22,10750,10800,10520,10660,154347,-0.006523765144454852
2023-05-23,10560,10810,10560,10700,147002,0.0037523452157599557
2023-05-24,10670,10890,10570,10650,145553,-0.004672897196261627
2023-05-25,10660,10910,10550,10660,188166,0.0009389671361501595
2023-05-26,10660,10770,9890,10160,270262,-0.046904315196998114
2023-05-30,10390,10800,10050,10320,420827,0.015748031496062964
2023-05-31,10300,10710,10220,10490,202171,0.016472868217054293
2023-06-01,10360,10680,10330,10660,140184,0.01620591039084851
2023-06-02,10890,12230,10850,12170,2730735,0.14165103189493444
2023-06-05,12170,12280,11720,11880,803681,-0.023829087921117487
2023-06-07,11930,12830,11550,12310,1925205,0.036195286195286114
2023-06-08,12290,12820,12000,12550,923446,0.019496344435418367
2023-06-09,12900,13850,12710,13050,2948269,0.03984063745019917
2023-06-12,13050,13060,12450,12460,697003,-0.04521072796934866
2023-06-13,12530,12650,12030,12220,676048,-0.019261637239165297
2023-06-14,12040,12350,11920,12140,493461,-0.006546644844517169
2023-06-15,12140,12680,12140,12310,529324,0.014003294892916074
2023-06-16,12310,12980,12310,12680,866173,0.03005686433793664
2023-06-19,12930,13600,12600,13430,1386049,0.059148264984227206
2023-06-20,13540,14120,13140,13250,1790755,-0.013402829486224843
2023-06-21,13110,13430,12860,12970,463326,-0.021132075471698153
2023-06-22,12800,14310,12710,13920,2341756,0.0732459521973785
2023-06-23,13820,14720,13520,14010,1517687,0.006465517241379226
2023-06-26,14200,18140,14190,17500,17266872,0.24910778015703072
2023-06-27,17540,20250,16930,17600,18891941,0.005714285714285783
2023-06-28,17730,18800,17240,17610,8173479,0.0005681818181817455
2023-06-29,17400,18150,17070,17350,1321358,-0.014764338444065883
2023-06-30,17600,18470,17310,18440,1030514,0.06282420749279538
2023-07-03,19150,19550,18900,19550,1248261,0.06019522776572672
2023-07-04,20600,22650,19300,19490,7248838,-0.003069053708439906
2023-07-05,21150,21750,19810,20250,6982791,0.03899435608004098
2023-07-06,19830,20800,19330,19330,2761206,-0.04543209876543208
2023-07-07,18450,19560,18340,18800,2247336,-0.027418520434557725
2023-07-10,18450,19210,18060,18450,1809920,-0.018617021276595702
2023-07-11,18780,19660,17230,17730,3553357,-0.039024390243902474
2023-07-12,17750,19990,17470,19620,6430037,0.10659898477157359
2023-07-13,20050,21000,19310,20900,5327460,0.06523955147808369
2023-07-14,21400,22750,20000,20250,7261576,-0.031100478468899517
2023-07-17,19710,20750,18830,19830,2068344,-0.020740740740740726
2023-07-18,19760,21550,19300,21250,4321524,0.07160867372667679
2023-07-19,20750,22300,20300,21150,3923017,-0.004705882352941226
2023-07-20,20700,21500,20050,20300,1295632,-0.04018912529550822
2023-07-21,19840,21200,19800,19800,1590192,-0.024630541871921152
2023-07-24,19560,20350,18810,18950,1536173,-0.04292929292929293
2023-07-25,18950,19240,18160,18550,9162362,-0.02110817941952503
2023-07-26,17860,18180,16100,16600,3200138,-0.10512129380053903
2023-07-27,16700,17860,16640,16770,1818058,0.010240963855421725
2023-07-28,16980,17440,16770,17350,950015,0.03458556946929048
2023-07-31,17570,17790,17050,17630,1261395,0.016138328530259427
2023-08-01,18090,18500,16980,17110,2381484,-0.029495178672717004
2023-08-02,17130,17510,16300,16560,1569183,-0.03214494447691407
2023-08-03,16300,16610,16090,16550,888764,-0.0006038647342995196
2023-08-04,16550,16900,16140,16370,1169999,-0.010876132930513593
2023-08-07,16590,17540,16400,17540,2423327,0.07147220525351261
2023-08-08,18020,18100,17530,17950,1862352,0.023375142531356863
2023-08-09,17950,18410,17330,18040,1965446,0.005013927576601684
2023-08-10,18090,18130,17500,17580,976880,-0.0254988913525499
2023-08-11,17610,19280,17360,19160,5505677,0.08987485779294646
2023-08-14,19210,20200,18870,19470,3881693,0.0161795407098122
2023-08-16,19530,20300,18410,18600,3105482,-0.044684129429892194
2023-08-17,20000,21400,18500,18520,8893722,-0.004301075268817178
2023-08-18,18290,19400,17600,19200,3318495,0.036717062634989306
2023-08-21,19200,21050,18820,20500,5882071,0.06770833333333326
2023-08-22,20350,20850,19710,19950,2500046,-0.02682926829268295
2023-08-23,21400,22100,20000,20550,6311494,0.03007518796992481
2023-08-24,20200,25750,20150,24400,23921349,0.18734793187347942
2023-08-25,23850,24550,23450,23800,5211997,-0.024590163934426257
2023-08-28,25000,25300,22550,22950,6647225,-0.0357142857142857
2023-08-29,22850,23700,22650,23400,3586329,0.019607843137254832
2023-08-30,23550,23550,22300,22300,2696849,-0.047008547008547064
2023-08-31,22250,23350,22100,23250,4458728,0.04260089686098656
2023-09-01,23250,23250,21500,21500,2637641,-0.07526881720430112
2023-09-04,21250,22100,21150,21850,1809453,0.016279069767441756
2023-09-05,21700,23250,21550,22750,4367892,0.041189931350114506
2023-09-06,22850,23300,22200,22750,2330604,0.0
2023-09-07,22550,23650,22400,22550,3210878,-0.00879120879120876
2023-09-08,23600,24200,22700,23000,4289951,0.019955654101995624
2023-09-11,23000,25200,22000,22400,9025484,-0.02608695652173909
2023-09-12,22500,22750,19980,20000,2878742,-0.1071428571428571
2023-09-13,19710,21350,19610,19830,2034128,-0.008499999999999952
2023-09-14,19910,20950,19910,20850,1282424,0.05143721633888054
2023-09-15,20700,21050,19930,20100,1062132,-0.03597122302158273
2023-09-18,19970,20450,19000,19100,1339484,-0.04975124378109452
2023-09-19,19100,19300,18130,18300,1482852,-0.041884816753926746
2023-09-20,18610,18660,17850,18110,868389,-0.01038251366120213
2023-09-21,17900,17920,17150,17200,888499,-0.05024848150193262
2023-09-22,16780,17620,16770,17230,918988,0.0017441860465117198
2023-09-25,17180,17270,16660,16660,593441,-0.03308183401044684
2023-09-26,16670,16960,16140,16500,591063,-0.009603841536614643
2023-09-27,16250,17330,16120,17270,712217,0.046666666666666634
2023-10-04,16940,16970,16010,16020,660413,-0.07237984944991316
2023-10-05,16400,16500,15370,15540,831567,-0.029962546816479363
2023-10-06,15320,16100,15320,15790,457673,0.01608751608751602
2023-10-10,15850,15960,14990,15000,668350,-0.05003166561114625
2023-10-11,15260,15500,14910,14950,567833,-0.0033333333333332993
2023-10-12,15000,16490,14990,15800,1544617,0.05685618729096986
2023-10-13,15700,15950,15150,15280,770120,-0.032911392405063244
2023-10-16,15200,15280,14590,14850,558230,-0.02814136125654454
2023-10-17,14970,15390,14920,15000,429094,0.010101010101010166
2023-10-18,14900,15200,14460,14500,550980,-0.033333333333333326
2023-10-19,14100,14300,13800,13880,583572,-0.04275862068965519
2023-10-20,13650,13780,13250,13530,694133,-0.025216138328530313
2023-10-23,13370,13620,13310,13450,562398,-0.00591278640059123
2023-10-24,13600,14240,13100,14240,680765,0.05873605947955385
2023-10-25,14250,14510,13930,14000,442882,-0.016853932584269704
2023-10-26,13480,14040,13350,13580,471791,-0.030000000000000027
2023-10-27,13680,14020,13300,13780,531561,0.014727540500736325
2023-10-30,13610,14050,13530,13960,568895,0.013062409288824295
2023-10-31,14170,14330,12980,13120,746423,-0.06017191977077363
2023-11-01,13200,13760,13200,13640,583740,0.03963414634146334
2023-11-02,14000,14690,13900,14690,857508,0.0769794721407624
2023-11-03,14900,15440,14500,15050,921745,0.02450646698434311
2023-11-06,15880,16060,15210,15950,1288079,0.05980066445182719
2023-11-07,15950,16450,15300,15940,1085877,-0.0006269592476488839
2023-11-08,16310,16330,15300,15400,636306,-0.03387703889585947
2023-11-09,15280,15620,15070,15140,450423,-0.016883116883116833
2023-11-10,14870,15100,14700,14890,367463,-0.01651254953764858
2023-11-13,14900,15310,14590,14930,549711,0.002686366689053088
2023-11-14,15080,16090,14610,14610,2284846,-0.021433355659745468
2023-11-15,14740,15310,14700,15030,781147,0.028747433264887157
2023-11-16,15240,15240,14740,14940,463431,-0.005988023952095856
2023-11-17,15080,15140,14140,14180,596403,-0.05087014725568939
2023-11-20,14320,14860,14230,14790,399441,0.0430183356840621
2023-11-21,15000,15090,14720,14790,361111,0.0
2023-11-22,14750,15200,14700,15100,555455,0.02096010818120342
2023-11-23,15220,15700,14990,14990,765386,-0.007284768211920478
2023-11-24,15120,15960,15110,15810,1432000,0.05470313542361582
2023-11-27,16190,16190,15430,15620,916909,-0.012017710309930374
2023-11-28,15620,16400,15550,16220,1176940,0.03841229193341866
2023-11-29,16320,18730,16170,17440,7925107,0.07521578298397036
2023-11-30,17750,18500,17370,18500,2389512,0.06077981651376141
2023-12-01,18230,18230,17600,17750,1125418,-0.04054054054054057
2023-12-04,17600,17670,16780,16800,990230,-0.05352112676056342
2023-12-05,16690,17290,16570,17000,691786,0.011904761904761862
2023-12-06,17000,17070,16200,17000,634709,0.0
2023-12-07,16730,16930,16120,16190,591661,-0.047647058823529376
2023-12-08,16360,16650,16210,16600,483992,0.025324274243360145
2023-12-11,17000,17210,16690,16690,535353,0.005421686746987842
2023-12-12,16640,17060,16520,16680,445903,-0.0005991611743558778
2023-12-13,16520,16630,16140,16520,446278,-0.00959232613908878
2023-12-14,16860,17600,16660,17280,1629508,0.04600484261501214
2023-12-15,17180,17580,16990,17280,825319,0.0
2023-12-18,17530,18410,17370,18250,1609137,0.0561342592592593
2023-12-19,18370,18500,17760,18200,980335,-0.002739726027397249
2023-12-20,18360,18680,18100,18100,746647,-0.005494505494505475
2023-12-21,17760,18070,17520,17870,653117,-0.01270718232044199
2023-12-22,18050,18210,17750,17820,715466,-0.002797985450475604
2023-12-26,17720,17960,17480,17480,476646,-0.019079685746352437
2023-12-27,17600,18930,17570,18520,1578585,0.059496567505720854
2023-12-28,18450,18720,18170,18610,544645,0.004859611231101457
2024-01-02,18870,19040,18320,18590,624683,-0.0010746910263299547
2024-01-03,18400,18400,17650,17720,669103,-0.04679935449166217
2024-01-04,17410,17580,16960,16970,682368,-0.04232505643340856
2024-01-05,17000,17760,16700,17700,487327,0.0430170889805539
2024-01-08,17900,18080,17540,17920,460950,0.012429378531073398
2024-01-09,18270,18360,18030,18160,509057,0.013392857142857206
2024-01-10,18330,19430,17880,18480,2647655,0.017621145374449254
2024-01-11,19170,19600,18700,18990,2315056,0.02759740259740262
2024-01-12,19300,19770,18750,19140,1915408,0.00789889415481837
2024-01-15,19130,19130,18240,18250,755854,-0.04649947753396033
2024-01-16,18270,18650,17910,17960,538053,-0.01589041095890409
2024-01-17,17880,18090,17140,17250,558311,-0.039532293986636935
2024-01-18,17380,17990,17250,17940,455154,0.040000000000000036
2024-01-19,18100,18560,17870,17910,468010,-0.0016722408026755842
2024-01-22,18150,18320,17800,18070,425083,0.008933556672250154
2024-01-23,18150,18150,17600,17690,369681,-0.0210293303818484
2024-01-24,17830,18110,17650,17690,339310,0.0
2024-01-25,17550,17560,16040,16040,1157219,-0.09327303561334088
2024-01-26,16050,16900,16030,16550,495392,0.03179551122194524
2024-01-29,16520,16700,15460,15540,679843,-0.06102719033232629
2024-01-30,15710,15810,15020,15200,518922,-0.02187902187902191
2024-01-31,15160,15350,14620,14650,459018,-0.03618421052631582
2024-02-01,14600,15000,14450,14870,594045,0.015017064846416295
2024-02-02,15080,15740,14960,15710,452274,0.05648957632817764
2024-02-05,15980,16180,15540,15720,441656,0.0006365372374284028
2024-02-06,15560,15970,15130,15810,327663,0.005725190839694694
2024-02-07,15950,15960,15240,15370,303752,-0.027830487033523088
2024-02-08,15580,15810,15330,15370,272331,0.0
2024-02-13,15360,15660,15140,15550,329590,0.01171112556929077
2024-02-14,15350,15790,15150,15630,353150,0.005144694533762095
2024-02-15,15730,15970,15540,15590,403164,-0.0025591810620601008
2024-02-16,15640,16050,15560,15700,557611,0.007055805003207238
2024-02-19,16010,16440,15850,16180,782003,0.030573248407643305
2024-02-20,16180,16240,15860,16080,400582,-0.006180469715698411
2024-02-21,16020,16180,15830,15850,337888,-0.014303482587064709
2024-02-22,15880,16250,15810,16070,336572,0.013880126182965302
2024-02-23,16190,16190,15500,15500,603353,-0.03546981953951467
2024-02-26,15500,15530,15100,15100,465042,-0.02580645161290318
2024-02-27,15050,15290,14730,15070,408981,-0.001986754966887383
2024-02-28,15070,15200,14900,14980,312940,-0.005972130059721303
2024-02-29,14940,14950,14730,14900,312178,-0.005340453938584733
2024-03-04,14870,15330,14870,15120,300749,0.014765100671140896
2024-03-05,15120,15320,14730,14820,336689,-0.019841269841269882
2024-03-06,14680,14690,14470,14480,310907,-0.022941970310391357
2024-03-07,14490,14490,13590,13610,811977,-0.06008287292817682
2024-03-08,13610,14450,13610,14180,517409,0.041880969875091933
2024-03-11,14180,14280,13850,14120,212187,-0.004231311706629048
2024-03-12,14080,14190,13840,14190,274485,0.004957507082153034
2024-03-13,14250,14730,14050,14590,427099,0.028188865398167673
2024-03-14,14590,14680,14180,14210,282737,-0.026045236463331012
2024-03-15,14190,14190,13860,13880,298902,-0.023223082336382816
2024-03-18,13880,14230,13880,14110,311664,0.016570605187319787
2024-03-19,14170,14700,13970,14240,443391,0.009213323883770386
2024-03-20,14270,14380,13940,13990,256608,-0.0175561797752809
2024-03-21,14100,14240,13910,13930,299033,-0.0042887776983560055
2024-03-22,13930,14230,13900,14070,265507,0.01005025125628145
2024-03-25,14310,14440,14060,14170,378135,0.007107320540156392
2024-03-26,14110,14240,13980,14000,282580,-0.011997177134791759
2024-03-27,14090,14190,13880,13910,246823,-0.00642857142857145
2024-03-28,14050,14130,13790,13820,242899,-0.006470165348670065
2024-03-29,13820,13850,13550,13550,385535,-0.01953690303907385
2024-04-01,13480,13780,13270,13650,279545,0.007380073800737907
2024-04-02,13740,13740,13010,13040,396108,-0.04468864468864464
2024-04-03,13010,13330,12840,12970,414285,-0.005368098159509227
2024-04-04,13020,13150,12660,12820,414726,-0.01156515034695449
2024-04-05,12780,12810,12350,12500,356847,-0.0249609984399376
2024-04-08,12750,12760,12280,12450,337245,-0.0040000000000000036
2024-04-09,12450,12780,12450,12530,231198,0.006425702811244882
2024-04-11,12310,12450,12130,12390,193838,-0.011173184357541888
2024-04-12,12450,12580,12200,12240,236294,-0.01210653753026636
2024-04-15,12070,12090,11850,11990,203868,-0.020424836601307228
2024-04-16,11790,11990,11490,11590,339810,-0.03336113427856546
2024-04-17,11560,11850,11560,11630,167286,0.003451251078516071
2024-04-18,11600,12090,11570,12080,165562,0.038693035253654307
2024-04-19,11960,11960,11410,11700,223966,-0.0314569536423841
2024-04-22,11700,12040,11650,11880,181929,0.01538461538461533
2024-04-23,11910,12110,11810,11810,127927,-0.005892255892255838
2024-04-24,11950,12170,11950,12140,154897,0.02794242167654537
2024-04-25,12020,12150,11950,12020,79144,-0.009884678747940745
2024-04-26,12060,12160,11870,11980,124810,-0.0033277870216306127
2024-04-29,12030,12230,11980,12230,222230,0.02086811352253748
2024-04-30,12150,12330,12120,12270,155718,0.003270645952575535
2024-05-02,12280,12360,12010,12030,154442,-0.019559902200488977
2024-05-03,12040,12170,12010,12120,106519,0.007481296758104827
2024-05-07,12250,12300,12120,12190,169615,0.005775577557755707
2024-05-08,12240,12310,12100,12250,146494,0.004922067268252617
2024-05-09,12300,12460,12110,12140,149265,-0.00897959183673469
2024-05-10,12270,12740,12200,12240,292061,0.008237232289950658
2024-05-13,12130,12300,11500,11570,320109,-0.054738562091503296
2024-05-14,11570,11710,11510,11630,115668,0.005185825410544576
2024-05-16,11840,11970,11690,11690,126431,0.005159071367153878
2024-05-17,11800,12240,11750,11810,228222,0.010265183917878451
2024-05-20,11850,11960,11520,11560,221945,-0.02116850127011005
2024-05-21,11720,11730,11390,11390,207021,-0.014705882352941124
2024-05-22,11380,11390,11080,11220,197642,-0.014925373134328401
2024-05-23,11120,11430,10940,11430,232096,0.018716577540107027
2024-05-24,11320,11320,10940,10970,274925,-0.0402449693788276
2024-05-27,10960,11010,10550,10980,449294,0.0009115770282588365
2024-05-28,10970,11060,10730,10730,222042,-0.022768670309653904
2024-05-29,10730,10850,10470,10470,219384,-0.024231127679403497
2024-05-30,10390,10650,10330,10650,206900,0.017191977077363862
2024-05-31,10630,10800,10390,10390,522671,-0.024413145539906145
2024-06-03,10300,10650,10250,10350,185124,-0.0038498556304138454
2024-06-04,10350,10480,10280,10300,151453,-0.004830917874396157
2024-06-05,10330,10500,10110,10380,263960,0.007766990291262044
2024-06-07,10390,10480,10300,10310,169447,-0.00674373795761074
2024-06-10,10310,10330,10160,10310,179351,0.0
2024-06-11,10240,11020,10240,10920,397422,0.05916585838991262
2024-06-12,11040,11410,10920,11070,308549,0.013736263736263687
2024-06-13,11070,11290,10950,10950,263739,-0.010840108401083959
2024-06-14,10980,11180,10750,10870,188631,-0.007305936073059405
2024-06-17,10780,10910,10500,10620,168514,-0.022999080036798514
2024-06-18,10600,10700,10430,10480,194444,-0.013182674199623379
2024-06-19,10480,10570,10170,10190,231994,-0.027671755725190872
2024-06-20,10260,10490,10170,10210,141567,0.001962708537782243
2024-06-21,10190,10200,9910,9910,282206,-0.02938295788442702
2024-06-24,9910,9910,9680,9840,199054,-0.007063572149344055
2024-06-25,9850,9970,9700,9770,127149,-0.007113821138211351
2024-06-26,9720,9840,9560,9560,187086,-0.02149437052200609
2024-06-27,9560,10190,9420,10030,398808,0.04916317991631791
2024-06-28,9960,10140,9730,9800,177644,-0.02293120638085744
2024-07-01,10000,10640,9910,10560,448804,0.07755102040816331
2024-07-02,10560,10590,9960,9980,262678,-0.05492424242424243
2024-07-03,9990,11920,9810,10640,6652524,0.06613226452905807
2024-07-04,10750,10760,10200,10300,693820,-0.03195488721804507
2024-07-05,10300,10800,10090,10100,651095,-0.01941747572815533
2024-07-08,10000,10240,9900,10180,248353,0.007920792079207928
2024-07-09,10150,10360,10010,10010,411853,-0.016699410609037346
2024-07-10,9970,10770,9950,10720,617519,0.07092907092907086
2024-07-11,10660,10700,10400,10450,257956,-0.025186567164179108
2024-07-12,10490,10630,10230,10290,444342,-0.015311004784688942
2024-07-15,10170,10350,10110,10260,204528,-0.002915451895043719
2024-07-16,10320,11240,10320,10760,1267803,0.04873294346978563
2024-07-17,10670,11020,10560,10670,456768,-0.008364312267657992
2024-07-18,10680,10890,10330,10480,373709,-0.017806935332708496
2024-07-19,10400,10430,10040,10160,272272,-0.03053435114503822
2024-07-22,10120,10160,9720,9750,318618,-0.04035433070866146
2024-07-23,9760,10050,9760,9850,210225,0.01025641025641022
2024-07-24,9800,10240,9700,10130,196550,0.028426395939086246
2024-07-25,9910,10290,9850,10100,249758,-0.0029615004935834577
2024-07-26,10150,10230,9910,10000,160728,-0.00990099009900991
2024-07-29,10000,10120,9920,10010,112421,0.0009999999999998899
2024-07-30,10090,10360,10080,10180,238154,0.016983016983016963
2024-07-31,10200,10260,9870,9920,202298,-0.025540275049115935
2024-08-01,9930,10190,9930,10140,139899,0.022177419354838745
2024-08-02,9950,9950,9490,9500,326877,-0.06311637080867849
2024-08-05,9070,9150,8300,8300,464948,-0.12631578947368416
2024-08-06,8200,8890,8200,8670,344235,0.04457831325301198
2024-08-07,8510,9030,8500,8860,192916,0.021914648212226107
2024-08-08,8650,8780,8430,8530,140517,-0.03724604966139955
2024-08-09,8640,8970,8640,8870,160457,0.0398593200468933
2024-08-12,8760,9030,8750,8880,128094,0.0011273957158963732
2024-08-13,8800,8980,8630,8790,119558,-0.010135135135135087
2024-08-14,8930,8990,8820,8880,101036,0.010238907849829282
2024-08-16,9030,9090,8750,8790,122780,-0.010135135135135087
2024-08-19,8810,8930,8630,8650,84509,-0.015927189988623414
2024-08-20,8680,8950,8680,8870,135168,0.025433526011560792
2024-08-21,8770,8870,8690,8810,132529,-0.006764374295377684
2024-08-22,8850,8970,8580,8590,159834,-0.024971623155505163
2024-08-23,8530,8640,8310,8460,152521,-0.015133876600698537
2024-08-26,8540,8540,8230,8230,138971,-0.027186761229314405
2024-08-27,8190,8190,7890,8020,178390,-0.025516403402187082
2024-08-28,8050,8120,7860,7910,126782,-0.013715710723191998
2024-08-29,7840,7890,7700,7800,126639,-0.013906447534766109
2024-08-30,7800,7870,7700,7830,141469,0.0038461538461538325
2024-09-02,7840,7850,7670,7700,114666,-0.016602809706257937
2024-09-03,7650,7820,7620,7630,88453,-0.009090909090909038
2024-09-04,7440,7440,7110,7180,234561,-0.05897771952817821
2024-09-05,7180,7410,7170,7340,102159,0.022284122562674202
2024-09-06,7380,7380,6840,7050,160825,-0.03950953678474112
2024-09-09,6840,7340,6810,7320,109604,0.038297872340425476
2024-09-10,7320,7380,7010,7030,106960,-0.0396174863387978
2024-09-11,6950,7240,6950,7020,78523,-0.0014224751066855834
2024-09-12,7060,7450,7060,7260,142074,0.03418803418803429
2024-09-13,7260,7360,7160,7290,83895,0.004132231404958775
2024-09-19,7390,7490,7180,7470,99708,0.024691358024691468
2024-09-20,7530,7600,7450,7510,72410,0.0053547523427042165
2024-09-23,7440,7610,7370,7530,72276,0.0026631158455392434
2024-09-24,7520,7660,7500,7630,71225,0.013280212483399723
2024-09-25,7700,7790,7630,7640,95979,0.001310615989515096
2024-09-26,7670,7900,7670,7870,99428,0.030104712041884918
2024-09-27,7870,7900,7760,7800,69526,-0.008894536213468918
2024-09-30,7830,7890,7600,7660,70608,-0.017948717948717996
2024-10-02,7590,7740,7450,7540,73789,-0.015665796344647487
2024-10-04,7610,7760,7550,7560,65849,0.0026525198938991412
2024-10-07,7550,7740,7500,7640,44359,0.010582010582010692
2024-10-08,7600,7700,7590,7640,50474,0.0
2024-10-10,7640,7700,7300,7320,122186,-0.041884816753926746
2024-10-11,7390,7550,7330,7360,80291,0.005464480874316946
2024-10-14,7330,7360,7120,7250,78812,-0.014945652173913082
2024-10-15,7350,7380,7170,7200,43429,-0.006896551724137945
2024-10-16,7280,7280,7030,7040,94282,-0.022222222222222254
2024-10-17,7040,7170,6960,7000,63516,-0.005681818181818232
2024-10-18,7100,7110,6830,6860,118978,-0.020000000000000018
2024-10-21,6850,7240,6820,7100,116388,0.03498542274052485
2024-10-22,7080,7100,6780,6780,143017,-0.04507042253521132
2024-10-23,6780,7000,6690,6970,80172,0.028023598820059004
2024-10-24,6990,6990,6590,6650,141739,-0.045911047345767564
2024-10-25,6650,6680,6500,6630,95755,-0.003007518796992459
2024-10-28,6680,6810,6600,6800,89252,0.02564102564102555
2024-10-29,6740,6840,6530,6680,122984,-0.01764705882352946
2024-10-30,6700,6850,6600,6680,110836,0.0
2024-10-31,6640,6850,6470,6820,121355,0.020958083832335328
2024-11-01,6760,6770,6590,6680,72460,-0.02052785923753664
2024-11-04,6680,6850,6660,6800,175732,0.017964071856287456
2024-11-05,6700,7080,6700,6930,109622,0.01911764705882346
2024-11-06,6950,7020,6690,6720,114800,-0.030303030303030276
2024-11-07,6710,6870,6610,6760,74365,0.005952380952380931
2024-11-08,6880,7000,6700,6720,93996,-0.00591715976331364
2024-11-11,6710,6800,6350,6400,139187,-0.04761904761904767
2024-11-12,6370,6400,6100,6240,161033,-0.025000000000000022
2024-11-13,6150,6320,6080,6180,149916,-0.009615384615384581
2024-11-14,6270,6420,6100,6140,135603,-0.006472491909385147
2024-11-15,6040,6310,5980,6300,119540,0.026058631921824116
2024-11-18,6200,6510,6190,6480,90682,0.02857142857142847
2024-11-19,6480,7100,6420,7080,376745,0.09259259259259256
2024-11-20,7360,7360,7050,7080,326501,0.0
2024-11-21,7180,7200,6800,6800,161788,-0.039548022598870025
2024-11-22,6850,7490,6850,7450,457592,0.09558823529411775
2024-11-25,7710,7870,7500,7590,443224,0.01879194630872494
2024-11-26,7550,7650,7340,7600,241749,0.0013175230566535578
2024-11-27,7600,7660,7200,7620,210459,0.002631578947368318
2024-11-28,7630,7660,7360,7360,167491,-0.034120734908136496
2024-11-29,7350,7600,7200,7480,171139,0.016304347826086918
2024-12-02,7480,7540,6950,6950,262944,-0.07085561497326198
2024-12-03,6950,7100,6940,6990,81559,0.0057553956834532904
2024-12-04,6780,6900,6560,6650,225625,-0.048640915593705314
2024-12-05,6600,6700,6480,6620,120832,-0.004511278195488688
2024-12-06,6740,6740,6250,6530,185664,-0.013595166163142047
2024-12-09,6300,6380,5830,5830,326739,-0.10719754977029095
2024-12-10,5900,6170,5890,6130,128649,0.05145797598627788
2024-12-11,6130,6660,6130,6540,150558,0.06688417618270792
2024-12-12,6660,6660,6310,6340,197306,-0.030581039755351647
2024-12-13,6440,6670,6340,6670,221586,0.05205047318611977
2024-12-16,6660,6720,6560,6680,165295,0.0014992503748125774
2024-12-17,6740,6740,6470,6550,88474,-0.019461077844311392
2024-12-18,6610,6880,6200,6870,176552,0.04885496183206106
2024-12-19,6700,6710,6540,6560,97149,-0.0451237263464338
2024-12-20,6560,6560,6180,6240,120980,-0.04878048780487809
2024-12-23,6230,6440,6170,6280,131684,0.0064102564102563875
2024-12-24,6280,6450,6280,6330,106046,0.0079617834394905
2024-12-26,6430,6430,6180,6220,98956,-0.017377567140600347
2024-12-27,6220,6300,5880,6050,184348,-0.02733118971061088
2024-12-30,5910,6550,5910,6460,183174,0.06776859504132227
2025-01-02,6670,7660,6650,7660,1189059,0.18575851393188847
2025-01-03,7660,7670,7180,7200,444909,-0.06005221932114879
2025-01-06,7480,7600,7340,7550,405476,0.04861111111111116
2025-01-07,7670,7850,7460,7510,484692,-0.005298013245033095
2025-01-08,7450,7510,7300,7350,162431,-0.02130492676431428
2025-01-09,7260,7750,7130,7730,362486,0.051700680272108945
2025-01-10,7650,7650,7360,7380,193160,-0.04527813712807249
2025-01-13,7370,7510,7190,7240,129819,-0.01897018970189701
2025-01-14,7370,9150,7340,8700,10585736,0.201657458563536
2025-01-15,8670,8670,8320,8540,1275768,-0.01839080459770115
2025-01-16,8680,9250,8460,8800,3153726,0.030444964871194413
2025-01-17,8800,8870,8560,8820,642061,0.002272727272727204
2025-01-20,9040,10830,8530,10050,17472781,0.1394557823129252
2025-01-21,9900,10940,9720,10130,11476880,0.007960199004975133
2025-01-22,10180,10360,9870,9960,1534633,-0.016781836130306038
2025-01-23,10080,10380,9730,9810,2118858,-0.015060240963855387
2025-01-24,9730,10070,9550,9840,728044,0.003058103975535076
2025-01-31,9830,10160,9740,9980,792661,0.014227642276422703
2025-02-03,9880,10130,9050,9090,975053,-0.08917835671342689
2025-02-04,9250,9850,9250,9380,1131558,0.03190319031903188
2025-02-05,9470,10690,9470,9980,3988741,0.06396588486140731
2025-02-06,10450,10580,10130,10260,1719069,0.028056112224448926
2025-02-07,10150,10450,9970,10300,834099,0.003898635477582957
2025-02-10,10080,11270,9920,10500,3346327,0.01941747572815533
2025-02-11,10500,10540,10050,10080,662842,-0.040000000000000036
2025-02-12,10090,10200,9420,9500,637158,-0.05753968253968256
2025-02-13,9500,9580,9230,9320,394499,-0.0189473684210526
2025-02-14,9460,9560,9220,9230,296905,-0.00965665236051505
2025-02-17,9260,9690,9250,9690,309670,0.04983748645720487
2025-02-18,9600,11240,9600,10280,6289817,0.06088751289989691
2025-02-19,10360,10410,10000,10090,656853,-0.018482490272373586
2025-02-20,10050,10070,9700,9720,424896,-0.03666997026759167
2025-02-21,9670,9890,9570,9610,266294,-0.011316872427983515
2025-02-24,9540,9550,9230,9370,345140,-0.024973985431841816
2025-02-25,9380,9380,9130,9350,184697,-0.002134471718249764
2025-02-26,9390,9390,9150,9210,203390,-0.0149732620320856
2025-02-27,9220,9320,8950,9000,262094,-0.0228013029315961
2025-02-28,8820,8900,8350,8430,394156,-0.06333333333333335
2025-03-04,8420,8480,8080,8430,176729,0.0
2025-03-05,8350,8630,8350,8510,211037,0.009489916963226541
2025-03-06,8610,8630,8100,8170,322126,-0.0399529964747356
2025-03-07,8000,8220,8000,8100,125993,-0.008567931456548328
2025-03-10,8040,8220,8030,8070,118441,-0.0037037037037036535
2025-03-11,7950,8270,7770,8230,188408,0.019826517967781898
2025-03-12,8220,8550,8190,8540,331855,0.0376670716889429
2025-03-13,8550,8610,8160,8220,283079,-0.0374707259953162
2025-03-14,8240,9540,8230,9420,1533193,0.14598540145985406
2025-03-17,9470,9900,9280,9870,821380,0.047770700636942776
2025-03-18,9770,9780,9510,9670,345886,-0.020263424518743633
2025-03-19,9730,10860,9290,9380,2489253,-0.02998965873836612
2025-03-20,9450,9650,9290,9360,435150,-0.002132196162046962
2025-03-21,9360,9750,9090,9160,509526,-0.021367521367521403
2025-03-24,8920,9180,8830,9090,126880,-0.007641921397379958
2025-03-25,9140,9200,8620,8630,198554,-0.050605060506050625
2025-03-26,8740,8950,8560,8900,116951,0.03128621089223649
2025-03-27,8800,8830,8550,8610,87660,-0.032584269662921383
2025-03-28,8680,8710,8350,8400,90283,-0.024390243902439046
2025-03-31,8100,8330,7940,7980,165780,-0.050000000000000044
2025-04-01,8020,8270,7980,8070,196799,0.011278195488721776
2025-04-02,8160,8230,7950,8060,111753,-0.0012391573729864103
2025-04-03,7710,7980,7710,7910,140627,-0.018610421836228297
2025-04-04,7670,8100,7610,7930,136196,0.0025284450063212116
2025-04-07,7600,7650,7270,7270,176318,-0.08322824716267341
2025-04-08,7390,7600,7310,7340,98035,0.009628610729023324
2025-04-09,7250,7430,6900,7110,186363,-0.03133514986376018
2025-04-10,7590,7700,7360,7700,141494,0.08298171589310832
2025-04-11,7500,8040,7500,8020,127242,0.04155844155844157
2025-04-14,8260,8320,8070,8260,129721,0.029925187032418865
2025-04-15,8370,8490,8260,8410,136595,0.018159806295399594
2025-04-16,8500,8600,8130,8200,107902,-0.024970273483947647
2025-04-17,8110,8410,8110,8380,94451,0.02195121951219514
2025-04-18,8290,8560,8210,8500,116948,0.014319809069212486
2025-04-21,8520,8540,8260,8370,120906,-0.015294117647058791
2025-04-22,8360,8430,8230,8300,124967,-0.008363201911589013
2025-04-23,8390,8540,8340,8530,79229,0.027710843373494054
2025-04-24,8530,8650,8400,8430,218518,-0.011723329425556872
2025-04-25,8580,8630,8470,8470,133652,0.004744958481613271
2025-04-28,8700,9240,8610,8840,469543,0.04368358913813464
2025-04-29,9320,9830,9020,9190,1159346,0.039592760180995556
2025-04-30,9300,9390,8830,8900,241610,-0.031556039173014194
2025-05-02,8880,9180,8720,8970,115121,0.00786516853932584
2025-05-07,8820,9040,8770,8930,89812,-0.004459308807134854
2025-05-08,9310,9680,9130,9420,614910,0.054871220604703286
2025-05-09,9500,9500,9040,9260,220984,-0.01698513800424628
2025-05-12,9420,9500,9200,9370,172828,0.011879049676025932
2025-05-13,9430,9700,9370,9600,336064,0.0245464247598719
2025-05-14,9600,9940,9420,9920,333636,0.03333333333333344
2025-05-15,9930,10020,9330,9440,385147,-0.048387096774193505
2025-05-16,9440,9600,9350,9440,188201,0.0
2025-05-19,9270,9340,9060,9210,164667,-0.024364406779661008
2025-05-20,9180,9320,9070,9130,123730,-0.008686210640608039
2025-05-21,9160,9800,9090,9150,441864,0.0021905805038335835
2025-05-22,9490,9950,9280,9770,854141,0.06775956284152995
2025-05-23,9930,10190,9510,9770,488658,0.0
2025-05-26,9790,9890,9590,9790,195768,0.0020470829068577334
2025-05-27,9710,9770,9390,9540,202667,-0.025536261491317713
2025-05-28,9560,9830,9540,9650,264354,0.011530398322851187
2025-05-29,9780,9780,9410,9470,203763,-0.01865284974093262
2025-05-30,9420,9430,9180,9350,89926,-0.012671594508975703
2025-06-02,9380,9570,9250,9390,91440,0.004278074866310266
2025-06-04,9540,10060,9400,9930,338710,0.057507987220447365
2025-06-05,10190,10190,9810,9980,231734,0.0050352467270895485
2025-06-09,10160,10170,9730,9810,216462,-0.017034068136272507
2025-06-10,9870,9890,9670,9770,145118,-0.004077471967380175
2025-06-11,9780,9840,9700,9720,223311,-0.0051177072671443335
2025-06-12,9760,10250,9580,10010,522695,0.029835390946502116
2025-06-13,10120,10120,9500,9790,359629,-0.02197802197802201
2025-06-16,9750,9960,9500,9900,209298,0.011235955056179803
2025-06-17,9860,9890,9130,9310,401460,-0.05959595959595965
2025-06-18,9300,9580,9240,9510,227345,0.02148227712137496
2025-06-19,9530,9700,9180,9320,228993,-0.019978969505783373
2025-06-20,9250,9660,9220,9370,209001,0.005364806866952732
2025-06-23,9390,9690,9170,9600,259307,0.0245464247598719
2025-06-24,9900,9960,9770,9940,297815,0.03541666666666665
2025-06-25,9960,10230,9680,9990,470070,0.005030181086519203
2025-06-26,10100,10100,9600,9920,274750,-0.00700700700700696
2025-06-27,9860,9900,9550,9620,186147,-0.030241935483870996
2025-06-30,9750,9800,9350,9500,95372,-0.012474012474012475
2025-07-01,9900,10090,9660,9690,336013,0.020000000000000018
2025-07-02,9720,9720,9390,9520,161923,-0.01754385964912286
2025-07-03,9550,9570,9400,9400,157400,-0.012605042016806678
2025-07-04,9600,9660,9230,9280,162951,-0.012765957446808529
2025-07-07,9330,9330,8860,8950,234311,-0.03556034482758619
2025-07-08,9000,9040,8900,8960,155910,0.0011173184357542443
2025-07-09,9000,9190,8930,9130,93268,0.01897321428571419
2025-07-10,9110,9180,8890,8920,141758,-0.02300109529025196
2025-07-11,8950,8950,8690,8860,133813,-0.006726457399103158
2025-07-14,8870,8890,8640,8750,97434,-0.01241534988713322
2025-07-15,8750,8950,8700,8880,84986,0.014857142857142902
2025-07-16,8860,8890,8700,8780,106857,-0.011261261261261257
2025-07-17,8830,9010,8700,9010,120024,0.026195899772209597
2025-07-18,8970,9080,8930,9070,178303,0.006659267480577213
2025-07-21,9070,9230,9030,9180,98090,0.012127894156560126
2025-07-22,9220,9220,8860,8900,123391,-0.030501089324618702
2025-07-23,8910,8950,8770,8840,76588,-0.006741573033707815
2025-07-24,8870,9000,8740,8740,48294,-0.011312217194570096
2025-07-25,8670,8820,8650,8650,60761,-0.010297482837528626
2025-07-28,8660,8700,8200,8580,79988,-0.008092485549133
2025-07-29,8450,8560,8420,8460,58021,-0.013986013986013957
2025-07-30,8380,8640,8380,8510,66649,0.005910165484633634
2025-07-31,8450,8520,8380,8440,73267,-0.008225616921269108
2025-08-01,8600,8600,8190,8260,112091,-0.021327014218009532
2025-08-04,8310,8510,8210,8450,48730,0.02300242130750596
2025-08-05,8890,9150,8590,8660,235445,0.024852071005917242
2025-08-06,8670,8760,8600,8750,73064,0.010392609699769073
2025-08-07,8820,8820,8620,8710,41371,-0.00457142857142856
2025-08-08,8710,8790,8250,8620,57997,-0.010332950631458115
2025-08-11,8640,8790,8530,8750,62843,0.015081206496519783
2025-08-12,8670,8860,8570,8620,67752,-0.014857142857142902
2025-08-13,8620,8690,8460,8490,73443,-0.015081206496519672
2025-08-14,8550,8550,8400,8400,55491,-0.010600706713780883
2025-08-18,8380,8410,8100,8110,108067,-0.03452380952380951
2025-08-19,8110,8190,8050,8110,43867,0.0
2025-08-20,8080,8080,7880,7990,79624,-0.01479654747225645
2025-08-21,7910,8060,7910,7970,64068,-0.0025031289111389077
2025-08-22,7910,8120,7910,8100,60122,0.016311166875784266
2025-08-25,8090,8500,7970,8440,106187,0.041975308641975406
2025-08-26,8350,8470,8330,8370,62835,-0.008293838862559189
2025-08-27,8370,8470,8220,8370,62107,0.0
2025-08-28,8470,8470,8280,8340,47296,-0.0035842293906810374
2025-08-29,8260,8380,8220,8230,35216,-0.013189448441247031
2025-09-01,8280,8320,8150,8240,38281,0.0012150668286756705
2025-09-02,8250,8570,8250,8560,94924,0.03883495145631066
2025-09-03,8480,8590,8330,8450,54117,-0.012850467289719614
2025-09-04,8400,8580,8400,8490,54560,0.004733727810650956
2025-09-05,8530,8570,8190,8500,75245,0.0011778563015312216
2025-09-08,8420,8560,8400,8500,65558,0.0
2025-09-09,8590,8710,8500,8690,98525,0.022352941176470686
2025-09-10,8800,8900,8690,8770,127268,0.009205983889528202
2025-09-11,8780,8790,8540,8660,104729,-0.012542759407069504
2025-09-12,8750,8900,8680,8840,114289,0.020785219399538146
2025-09-15,8920,9050,8830,8910,149840,0.007918552036199067
2025-09-16,9120,9200,8840,8900,182034,-0.001122334455667784
2025-09-17,8900,8900,8650,8670,125915,-0.025842696629213457
2025-09-18,8700,8900,8700,8860,120386,0.021914648212226107
2025-09-19,8860,9180,8740,9100,345271,0.02708803611738153
2025-09-22,9360,9370,9000,9010,233495,-0.009890109890109855
2025-09-23,9100,9120,8870,9000,87531,-0.0011098779134295356
2025-09-24,9060,9070,8820,8820,121786,-0.020000000000000018
2025-09-25,8840,8950,8660,8750,128628,-0.007936507936507908
2025-09-26,8780,8850,8410,8530,136515,-0.025142857142857133
2025-09-29,8530,8680,8360,8400,83862,-0.015240328253223967
2025-09-30,8430,8430,8160,8290,68387,-0.013095238095238049
2025-10-01,8260,8440,8200,8440,65524,0.018094089264173663
2025-10-02,8560,9630,8560,9200,1346512,0.09004739336492884
2025-10-10,9420,10180,9290,10060,1222260,0.09347826086956523
2025-10-13,9940,10180,9760,10100,495683,0.003976143141153132
2025-10-14,10400,10480,9610,9840,596471,-0.025742574257425765
2025-10-15,10080,10720,9890,10620,824167,0.0792682926829269
2025-10-16,11050,11060,10350,10540,556940,-0.007532956685499026
2025-10-17,10110,10430,10000,10000,362017,-0.05123339658444026
2025-10-20,10370,10990,10180,10940,807373,0.09400000000000008
2025-10-21,12500,13120,11380,11680,4422309,0.06764168190127973
2025-10-22,12000,12020,11170,11540,798130,-0.011986301369863006
2025-10-23,11760,11770,11100,11120,555039,-0.036395147313691534
2025-10-24,11150,11280,11050,11130,408097,0.0008992805755396738
2025-10-27,10880,10920,10620,10780,424584,-0.03144654088050314
2025-10-28,10880,10880,10500,10600,302642,-0.016697588126159513
2025-10-29,10670,10680,10360,10540,297817,-0.005660377358490565
2025-10-30,10390,10410,10080,10250,264705,-0.02751423149905119
2025-10-31,10720,10750,10330,10550,439603,0.029268292682926855
2025-11-03,10990,11410,10900,11140,1058888,0.055924170616113766
2025-11-04,11990,11990,11350,11660,829991,0.04667863554757634
2025-11-05,11340,11360,10720,11180,449180,-0.04116638078902235
2025-11-06,11510,12840,11320,12170,3968791,0.08855098389982108
2025-11-07,11650,11740,11070,11270,740475,-0.07395234182415777
2025-11-10,11530,11830,11200,11500,651499,0.020408163265306145
2025-11-11,11530,11660,10810,11050,486514,-0.03913043478260869
2025-11-12,11250,11540,11080,11350,457516,0.02714932126696823
2025-11-13,11340,11670,11100,11400,492385,0.004405286343612369
2025-11-14,11050,11180,10590,10670,320701,-0.06403508771929822
2025-11-17,10700,10850,10290,10410,266448,-0.024367385192127444
2025-11-18,10210,10400,9910,9970,335097,-0.04226705091258409
2025-11-19,10200,10270,9810,9990,237794,0.0020060180541625616
2025-11-20,10140,10240,9970,10000,185259,0.0010010010010010895
2025-11-21,9510,9660,9470,9550,144390,-0.04500000000000004
2025-11-24,9860,10310,9700,10120,349712,0.0596858638743456
2025-11-25,10360,10440,9900,10090,203696,-0.0029644268774703386
2025-11-26,10190,10210,9700,10070,158622,-0.001982160555004997
2025-11-27,10120,10240,10060,10180,209259,0.010923535253227312
2025-11-28,11640,12170,11050,11940,3847487,0.17288801571709245
2025-12-01,13590,13620,12200,12340,2889609,0.03350083752093802
2025-12-02,12890,14080,12820,13670,7247914,0.10777957860615883
2025-12-03,14470,14950,13750,14020,3510184,0.02560351133869787
2025-12-04,13840,14150,13690,14000,1611761,-0.0014265335235378318
2025-12-05,14640,14650,13180,13230,1796285,-0.05500000000000005
2025-12-08,13450,13600,12800,13030,989336,-0.015117157974300799
2025-12-09,13270,13950,12900,13800,1826121,0.05909439754412893
2025-12-10,14360,14560,13760,14270,1554762,0.034057971014492816
2025-12-11,14150,14310,13840,13930,1003927,-0.023826208829712647
2025-12-12,13780,13830,13470,13610,761874,-0.022972002871500363
2025-12-15,13200,13840,13140,13780,721898,0.012490815576781777
2025-12-16,13540,13580,12810,12830,830787,-0.06894049346879538
2025-12-17,12880,12960,12200,12300,604536,-0.04130943102104445
2025-12-18,11850,12460,11850,12050,429283,-0.020325203252032575
2025-12-19,12760,12880,12220,12490,513823,0.036514522821576856
2025-12-22,12950,13680,12850,13670,1094754,0.09447558046437154
2025-12-23,14200,14270,13390,13730,1324866,0.004389173372348232
2025-12-24,13550,13560,13090,13240,678340,-0.03568827385287687
2025-12-26,13300,13360,12820,12870,485412,-0.02794561933534745
2025-12-29,12880,13710,12840,13700,684590,0.06449106449106456
2025-12-30,13550,13630,12930,12960,587434,-0.05401459854014601
2026-01-02,13000,13800,12970,13600,961772,0.04938271604938271
2026-01-05,13490,13500,13110,13210,487847,-0.028676470588235303
2026-01-06,13300,13300,12640,12730,495627,-0.03633610900832707
2026-01-07,12860,12920,12450,12580,397955,-0.011783189316575071
2026-01-08,12580,12650,12170,12250,420206,-0.026232114467408585
2026-01-09,12400,12640,12320,12530,368947,0.02285714285714291
2026-01-12,13390,13570,12870,13070,915311,0.04309656823623298
2026-01-13,13300,13880,13000,13500,1489857,0.03289977046671777
2026-01-14,13360,13380,13060,13150,355934,-0.025925925925925908
2026-01-15,13360,14420,13190,14190,2569107,0.07908745247148286
2026-01-16,14450,14450,13680,13780,1509481,-0.028893587033121948
2026-01-19,14020,14580,13780,14360,1624792,0.04208998548621201
2026-01-20,15530,15570,14040,14930,2737400,0.0396935933147633
2026-01-21,14410,17890,14380,17060,11295874,0.14266577361018085
2026-01-22,19760,20750,17470,18660,6123099,0.09378663540445475
2026-01-23,19100,19620,18040,18150,2970404,-0.02733118971061088
2026-01-26,18010,19100,17660,18840,2263756,0.0380165289256198
2026-01-27,18950,19360,18000,18300,1757633,-0.0286624203821656
2026-01-28,18440,19180,18210,18920,1634741,0.033879781420764976
2026-01-29,19680,20350,18610,19250,2314204,0.01744186046511631
