Date,Open,High,Low,Close,Volume,Change
2022-01-03,17650,17850,17000,17500,63540,-0.008498583569405138
2022-01-04,17400,17700,17300,17650,29258,0.008571428571428674
2022-01-05,17600,17650,17150,17200,47593,-0.025495750708215303
2022-01-06,16800,17100,16450,16650,68113,-0.03197674418604646
2022-01-07,16650,16900,16550,16800,31404,0.009009009009008917
2022-01-10,16800,16800,16250,16350,40366,-0.0267857142857143
2022-01-11,16300,16600,15900,16400,39706,0.003058103975535076
2022-01-12,16400,16650,16300,16600,20502,0.012195121951219523
2022-01-13,16600,16750,16250,16550,22709,-0.003012048192771122
2022-01-14,16450,16450,16000,16300,33023,-0.015105740181268867
2022-01-17,16250,16250,15650,15800,82861,-0.030674846625766916
2022-01-18,15800,16350,15500,15650,49191,-0.009493670886076
2022-01-19,15850,15850,15050,15250,105335,-0.025559105431309903
2022-01-20,15400,15400,14900,15350,80579,0.006557377049180246
2022-01-21,15250,15500,14950,15050,33551,-0.019543973941368087
2022-01-24,15150,15200,14500,14900,45892,-0.009966777408637828
2022-01-25,14900,14900,14100,14750,62652,-0.010067114093959773
2022-01-26,14550,14950,14350,14550,22236,-0.013559322033898313
2022-01-27,14300,14900,13900,14700,63334,0.010309278350515427
2022-01-28,14700,15050,14300,14800,32702,0.006802721088435382
2022-02-03,15250,15250,14900,15050,14505,0.016891891891891886
2022-02-04,15000,15500,14850,15450,13524,0.02657807308970095
2022-02-07,15500,15600,15050,15600,24972,0.009708737864077666
2022-02-08,15450,15600,15000,15150,23429,-0.028846153846153855
2022-02-09,15300,15500,14900,15100,26158,-0.0033003300330033403
2022-02-10,15200,15250,14850,15100,21890,0.0
2022-02-11,15000,15000,14700,14850,20838,-0.01655629139072845
2022-02-14,14500,14900,14350,14750,21651,-0.006734006734006703
2022-02-15,14500,14700,14250,14700,17274,-0.003389830508474523
2022-02-16,14750,15200,14700,15100,20337,0.027210884353741527
2022-02-17,15250,15300,14750,14900,19502,-0.013245033112582738
2022-02-18,14800,15150,14550,15000,13950,0.006711409395973256
2022-02-21,14850,15850,14700,15800,43415,0.05333333333333323
2022-02-22,15450,15700,15100,15300,32881,-0.03164556962025311
2022-02-23,15350,15950,15250,15300,98585,0.0
2022-02-24,15200,15650,14700,14850,44891,-0.02941176470588236
2022-02-25,15100,15400,14550,14550,52722,-0.02020202020202022
2022-02-28,14650,14650,14300,14500,47153,-0.0034364261168384758
2022-03-02,14500,14650,14250,14600,34957,0.006896551724137945
2022-03-03,14600,15000,14600,15000,34887,0.027397260273972712
2022-03-04,15500,15750,14950,15000,61718,0.0
2022-03-07,14700,14900,14500,14700,37362,-0.020000000000000018
2022-03-08,14400,14800,14300,14650,22055,-0.003401360544217691
2022-03-10,14900,15200,14900,15000,22317,0.023890784982935065
2022-03-11,15250,15250,14900,15050,12386,0.0033333333333334103
2022-03-14,15250,15250,14700,15050,27284,0.0
2022-03-15,15000,15100,14800,14800,18505,-0.01661129568106312
2022-03-16,14950,15200,14850,15150,11688,0.023648648648648685
2022-03-17,15300,15500,15150,15400,32333,0.01650165016501659
2022-03-18,15300,15600,15250,15400,19404,0.0
2022-03-21,15400,15850,15350,15800,46987,0.025974025974025983
2022-03-22,15850,16500,15800,16500,102697,0.044303797468354444
2022-03-23,16750,16750,16100,16450,54883,-0.00303030303030305
2022-03-24,16450,16550,16200,16400,27765,-0.003039513677811523
2022-03-25,16550,16600,16200,16400,27857,0.0
2022-03-28,16400,16400,15950,16150,26222,-0.015243902439024404
2022-03-29,16150,16250,15800,16050,37182,-0.006191950464396245
2022-03-30,16150,16300,15450,15900,50369,-0.009345794392523366
2022-03-31,15900,16350,15750,16200,71261,0.018867924528301883
2022-04-01,16150,16500,16000,16500,57156,0.0185185185185186
2022-04-04,16500,16850,16350,16500,55281,0.0
2022-04-05,16500,16550,16200,16350,41190,-0.009090909090909038
2022-04-06,16150,16300,15950,16000,34273,-0.021406727828746197
2022-04-07,15900,16050,15600,15900,35501,-0.006249999999999978
2022-04-08,15850,15850,15550,15650,20558,-0.01572327044025157
2022-04-11,15650,15800,15450,15550,20893,-0.006389776357827448
2022-04-12,15600,15600,15300,15450,18280,-0.006430868167202619
2022-04-13,15550,15700,15400,15550,11893,0.006472491909385036
2022-04-14,15600,15850,15400,15700,20997,0.009646302250803762
2022-04-15,15450,15550,15300,15500,23790,-0.01273885350318471
2022-04-18,15500,15500,15300,15500,7043,0.0
2022-04-19,15400,15600,15300,15600,18633,0.006451612903225712
2022-04-20,15650,15650,15400,15600,12187,0.0
2022-04-21,15550,15700,15450,15550,17977,-0.0032051282051281937
2022-04-22,15550,15600,15250,15250,21401,-0.019292604501607746
2022-04-25,15100,15150,14500,14600,74411,-0.042622950819672156
2022-04-26,14800,14850,14550,14650,23020,0.003424657534246478
2022-04-27,14150,14850,14150,14800,38442,0.010238907849829282
2022-04-28,14800,14950,14500,14800,17594,0.0
2022-04-29,14800,15050,14700,15000,24923,0.013513513513513598
2022-05-02,14950,14950,14300,14600,51165,-0.026666666666666616
2022-05-03,14650,14800,14600,14650,13025,0.003424657534246478
2022-05-04,14750,14750,14350,14450,16834,-0.013651877133105783
2022-05-06,14300,14400,14200,14250,23000,-0.01384083044982698
2022-05-09,14100,14550,14000,14200,48166,-0.0035087719298245723
2022-05-10,14000,14650,13600,14400,67504,0.014084507042253502
2022-05-11,14400,14550,14150,14300,13690,-0.00694444444444442
2022-05-12,14150,14150,13500,13650,41382,-0.045454545454545414
2022-05-13,13500,13800,13350,13500,43771,-0.01098901098901095
2022-05-16,13600,13750,13250,13300,27523,-0.014814814814814836
2022-05-17,13350,13400,12850,13000,68126,-0.022556390977443663
2022-05-18,13000,13100,12300,12550,116411,-0.0346153846153846
2022-05-19,12250,12500,12050,12450,54155,-0.007968127490039834
2022-05-20,12450,12550,12200,12450,24351,0.0
2022-05-23,12550,12650,12150,12400,27249,-0.004016064257028162
2022-05-24,12400,12450,12050,12300,36614,-0.008064516129032251
2022-05-25,12300,12500,12150,12400,10439,0.008130081300812941
2022-05-26,12500,12500,12400,12450,10426,0.0040322580645162365
2022-05-27,12550,12550,12200,12450,22349,0.0
2022-05-30,12550,13050,12500,13000,43268,0.04417670682730934
2022-05-31,13000,13100,12800,13050,17650,0.0038461538461538325
2022-06-02,13000,13100,12800,13100,7956,0.003831417624521105
2022-06-03,13150,13350,12850,13300,32793,0.01526717557251911
2022-06-07,13150,13300,12950,13050,41425,-0.018796992481203034
2022-06-08,12950,13100,12900,13100,12743,0.003831417624521105
2022-06-09,13000,13100,12800,13000,10761,-0.007633587786259555
2022-06-10,12950,13000,12700,12900,10954,-0.007692307692307665
2022-06-13,12650,12650,11850,12200,96837,-0.054263565891472854
2022-06-14,11700,12050,11600,12000,35516,-0.016393442622950838
2022-06-15,11900,12050,11150,11400,65511,-0.050000000000000044
2022-06-16,11500,11700,11300,11500,28224,0.00877192982456143
2022-06-17,11050,11400,10900,11100,47918,-0.034782608695652195
2022-06-20,11200,11200,10450,10650,51852,-0.04054054054054057
2022-06-21,10550,10950,10500,10850,10532,0.018779342723004744
2022-06-22,10850,10900,10200,10300,54299,-0.05069124423963134
2022-06-23,10250,10450,9920,10150,40273,-0.014563106796116498
2022-06-24,10100,10600,10100,10500,14164,0.034482758620689724
2022-06-27,10550,10850,10500,10800,17422,0.02857142857142847
2022-06-28,10800,10850,10500,10800,12546,0.0
2022-06-29,10700,10800,10450,10750,9543,-0.00462962962962965
2022-06-30,10750,10800,10300,10700,13711,-0.0046511627906976605
2022-07-01,10550,10700,10200,10500,11361,-0.01869158878504673
2022-07-04,10450,10700,10000,10500,24207,0.0
2022-07-05,10400,10700,10400,10700,5506,0.01904761904761898
2022-07-06,10600,10900,10450,10600,10971,-0.009345794392523366
2022-07-07,10600,10800,10600,10750,4426,0.014150943396226356
2022-07-08,10900,10950,10750,10900,4151,0.013953488372093092
2022-07-11,10950,11800,10650,11000,45114,0.00917431192660545
2022-07-12,11150,11150,10700,10950,9183,-0.004545454545454519
2022-07-13,10700,10950,10650,10950,5767,0.0
2022-07-14,10950,11050,10650,10950,5614,0.0
2022-07-15,10850,11150,10800,11000,6069,0.004566210045662045
2022-07-18,10950,11350,10950,11300,9083,0.027272727272727337
2022-07-19,11300,11350,11150,11350,3459,0.004424778761061843
2022-07-20,11450,11550,11300,11450,5773,0.008810572687224738
2022-07-21,11450,11650,11300,11600,10077,0.013100436681222627
2022-07-22,11600,11650,11450,11550,2479,-0.004310344827586188
2022-07-25,11550,11600,11350,11500,4484,-0.0043290043290042934
2022-07-26,11500,11500,11350,11450,2767,-0.004347826086956497
2022-07-27,11450,11500,11350,11500,1211,0.004366812227074135
2022-07-28,11550,11700,11350,11500,7676,0.0
2022-07-29,11500,11600,11400,11550,8336,0.004347826086956497
2022-08-01,11550,11750,11550,11750,6992,0.017316017316017396
2022-08-02,11600,11750,11550,11700,3803,-0.004255319148936176
2022-08-03,11650,11750,11600,11700,4204,0.0
2022-08-04,11850,11850,11600,11700,8613,0.0
2022-08-05,11700,11700,11600,11700,7453,0.0
2022-08-08,11700,11700,11450,11650,8488,-0.004273504273504258
2022-08-09,11600,11700,11550,11650,7201,0.0
2022-08-10,11500,11700,11450,11650,7098,0.0
2022-08-11,11700,11750,11550,11750,12552,0.008583690987124415
2022-08-12,11700,11800,11600,11750,3824,0.0
2022-08-16,12000,12300,11700,12150,61402,0.03404255319148941
2022-08-17,12150,12250,11900,12100,14521,-0.004115226337448541
2022-08-18,12000,12600,11950,12500,44778,0.03305785123966931
2022-08-19,12450,12500,12300,12400,15437,-0.008000000000000007
2022-08-22,12350,12350,11850,12000,16473,-0.032258064516129004
2022-08-23,11850,11950,11750,11850,8294,-0.012499999999999956
2022-08-24,11850,12000,11850,11900,15650,0.00421940928270037
2022-08-25,12000,12250,11950,12150,58997,0.021008403361344463
2022-08-26,12250,12300,12150,12150,12493,0.0
2022-08-29,12000,12000,11700,11900,10081,-0.020576131687242816
2022-08-30,11800,12100,11750,12100,7695,0.01680672268907557
2022-08-31,12050,12250,11950,12250,5091,0.012396694214876103
2022-09-01,12150,12200,11850,11900,8697,-0.02857142857142858
2022-09-02,11900,12050,11850,12000,4971,0.008403361344537785
2022-09-05,11950,11950,11700,11900,12072,-0.008333333333333304
2022-09-06,11950,12050,11800,11900,3018,0.0
2022-09-07,11900,11900,11500,11650,6375,-0.021008403361344574
2022-09-08,11650,11750,11550,11650,3021,0.0
2022-09-13,11750,11900,11600,11850,3979,0.01716738197424883
2022-09-14,11650,11700,11400,11600,17499,-0.021097046413502074
2022-09-15,11700,11750,11600,11700,10014,0.008620689655172376
2022-09-16,11650,11700,11600,11700,2582,0.0
2022-09-19,11600,11650,11250,11500,16862,-0.017094017094017144
2022-09-20,11350,11550,11350,11500,8552,0.0
2022-09-21,11500,11500,11200,11450,4932,-0.004347826086956497
2022-09-22,11250,11450,11000,11250,12144,-0.017467248908296984
2022-09-23,11200,11350,10450,10850,35508,-0.03555555555555556
2022-09-26,10800,10800,10150,10350,36134,-0.04608294930875578
2022-09-27,10450,10500,10000,10350,42495,0.0
2022-09-28,10400,10450,9970,9990,23118,-0.034782608695652195
2022-09-29,10150,10400,10000,10150,45666,0.0160160160160161
2022-09-30,10050,10500,10000,10450,23544,0.029556650246305383
2022-10-04,10450,10900,10400,10850,44082,0.038277511961722466
2022-10-05,10850,10850,10400,10700,9987,-0.01382488479262678
2022-10-06,10650,10750,10500,10650,12872,-0.004672897196261627
2022-10-07,10650,10650,10450,10650,6063,0.0
2022-10-11,10450,10450,9990,10150,26117,-0.04694835680751175
2022-10-12,10000,10200,10000,10150,9927,0.0
2022-10-13,10150,10350,9880,9990,21950,-0.015763546798029604
2022-10-14,10300,10500,10000,10450,21335,0.04604604604604612
2022-10-17,11400,11650,10150,10300,315671,-0.014354066985645897
2022-10-18,10350,10500,10200,10400,48503,0.009708737864077666
2022-10-19,10400,10900,10350,10550,56747,0.014423076923076872
2022-10-20,10600,10700,10300,10650,33302,0.009478672985782088
2022-10-21,10500,10600,10400,10500,10696,-0.014084507042253502
2022-10-24,10500,10750,10500,10750,17219,0.023809523809523725
2022-10-25,10750,10800,10500,10700,10430,-0.0046511627906976605
2022-10-26,10700,10750,10500,10550,6357,-0.014018691588784993
2022-10-27,10700,10700,10450,10700,13773,0.014218009478673022
2022-10-28,10700,10700,10500,10500,5261,-0.01869158878504673
2022-10-31,10600,10750,10600,10650,4791,0.014285714285714235
2022-11-01,10650,10750,10500,10700,12114,0.0046948356807512415
2022-11-02,10700,10750,10550,10750,9600,0.004672897196261738
2022-11-03,10600,10700,10500,10600,12130,-0.013953488372092981
2022-11-04,10550,10700,10400,10700,6996,0.009433962264151052
2022-11-07,10700,10750,10600,10750,5684,0.004672897196261738
2022-11-08,10750,11050,10700,10950,27185,0.018604651162790642
2022-11-09,11000,11250,10950,11250,22435,0.027397260273972712
2022-11-10,11100,11100,10950,11100,9780,-0.013333333333333308
2022-11-11,11400,11500,11200,11500,18444,0.03603603603603611
2022-11-14,11450,11600,11300,11400,22086,-0.008695652173912993
2022-11-15,11450,11650,11300,11650,17534,0.021929824561403466
2022-11-16,11700,11800,11450,11650,12488,0.0
2022-11-17,11650,11750,11250,11750,28236,0.008583690987124415
2022-11-18,12350,14350,12100,12750,985285,0.0851063829787233
2022-11-21,12950,13150,12550,13100,107992,0.027450980392156765
2022-11-22,13150,13850,13000,13150,194655,0.003816793893129722
2022-11-23,13100,13300,12900,12950,49278,-0.01520912547528519
2022-11-24,13150,13550,12800,13500,74258,0.042471042471042386
2022-11-25,13600,13700,13300,13600,47063,0.007407407407407307
2022-11-28,13550,13550,12700,12850,98961,-0.05514705882352944
2022-11-29,12900,13100,12700,13050,16079,0.015564202334630295
2022-11-30,13050,13050,12750,12900,38543,-0.011494252873563204
2022-12-01,12900,13200,12850,13100,32009,0.015503875968992276
2022-12-02,13100,13200,12650,12850,39409,-0.01908396946564883
2022-12-05,13000,13250,12850,13100,32762,0.01945525291828787
2022-12-06,13050,13100,12300,12650,78794,-0.03435114503816794
2022-12-07,12550,12900,12300,12800,28129,0.011857707509881354
2022-12-08,12800,13250,12600,13050,38870,0.01953125
2022-12-09,13150,13150,12600,13000,35859,-0.003831417624521105
2022-12-12,13100,13150,12750,12800,21656,-0.01538461538461533
2022-12-13,12800,12900,12500,12550,24635,-0.01953125
2022-12-14,12550,12700,12550,12650,19381,0.007968127490039834
2022-12-15,12650,12750,12400,12550,31924,-0.007905138339920903
2022-12-16,12500,12600,12250,12250,26895,-0.0239043824701195
2022-12-19,12200,12750,12200,12350,30372,0.008163265306122547
2022-12-20,12350,12550,12050,12350,10402,0.0
2022-12-21,12250,12400,11950,12150,18269,-0.01619433198380571
2022-12-22,12150,12250,12000,12100,15351,-0.004115226337448541
2022-12-23,12050,12050,11700,11850,20963,-0.02066115702479343
2022-12-26,11700,12150,11650,11900,14176,0.00421940928270037
2022-12-27,12000,12450,12000,12350,22000,0.037815126050420256
2022-12-28,12300,12350,11950,12050,10256,-0.02429149797570851
2022-12-29,12000,12300,12000,12100,16378,0.004149377593360981
2023-01-02,12100,12450,12000,12200,19287,0.008264462809917328
2023-01-03,12000,12350,12000,12300,22257,0.008196721311475308
2023-01-04,12650,13100,12600,13050,172908,0.060975609756097615
2023-01-05,13050,13400,12900,13100,41030,0.003831417624521105
2023-01-06,13100,13150,12800,12950,25274,-0.011450381679389277
2023-01-09,13100,13650,13050,13350,81420,0.030888030888030826
2023-01-10,13200,13300,12700,12900,72100,-0.0337078651685393
2023-01-11,12900,13150,12700,12900,46888,0.0
2023-01-12,13050,13150,12850,13050,35353,0.011627906976744207
2023-01-13,13050,13250,12900,13050,25412,0.0
2023-01-16,13200,13350,13050,13300,42843,0.019157088122605304
2023-01-17,13300,13750,13200,13750,48273,0.03383458646616533
2023-01-18,13650,13650,13350,13500,36301,-0.018181818181818188
2023-01-19,13350,13350,13000,13150,85678,-0.025925925925925908
2023-01-20,13150,13500,13150,13450,29544,0.02281368821292773
2023-01-25,13650,13650,13260,13580,26435,0.009665427509293778
2023-01-26,13630,13630,13180,13280,44979,-0.022091310751104598
2023-01-27,13350,13640,13340,13500,34961,0.016566265060240948
2023-01-30,13520,13980,13520,13810,65395,0.022962962962963074
2023-01-31,13890,14190,13550,13700,69302,-0.007965242577842147
2023-02-01,13750,13800,13420,13530,30282,-0.012408759124087565
2023-02-02,13590,13740,13440,13710,17925,0.013303769401330268
2023-02-03,13710,13800,13510,13630,15972,-0.005835156819839482
2023-02-06,13630,13710,13290,13490,15792,-0.010271460014673495
2023-02-07,13490,13570,13290,13490,20097,0.0
2023-02-08,13590,13980,13540,13890,64514,0.029651593773165397
2023-02-09,13960,14100,13650,14030,56116,0.010079193664506825
2023-02-10,14030,14030,13550,13840,54507,-0.013542409123307175
2023-02-13,13840,14030,13650,13830,27704,-0.0007225433526011349
2023-02-14,13950,14190,13870,13950,49912,0.008676789587852562
2023-02-15,14120,14130,13560,13560,49292,-0.027956989247311825
2023-02-16,13580,13940,13550,13850,23947,0.02138643067846613
2023-02-17,13770,13840,13600,13790,18553,-0.0043321299638988675
2023-02-20,13720,13790,13590,13700,9690,-0.006526468455402501
2023-02-21,13870,14030,13720,13990,30254,0.02116788321167884
2023-02-22,13700,13980,13650,13760,21810,-0.01644031451036454
2023-02-23,13760,13800,13570,13770,9886,0.0007267441860465684
2023-02-24,13860,13950,13600,13730,36369,-0.002904865649963728
2023-02-27,13850,14410,13850,14270,115387,0.03932993445010924
2023-02-28,14470,15160,14350,14660,102974,0.027330063069376243
2023-03-02,14760,14760,14220,14250,44953,-0.027967257844474736
2023-03-03,14290,14550,14020,14190,35314,-0.004210526315789442
2023-03-06,14330,14790,14100,14740,45587,0.03875968992248069
2023-03-07,14640,14690,14290,14540,50021,-0.013568521031207648
2023-03-08,14350,14500,14020,14160,34739,-0.02613480055020634
2023-03-09,14120,14220,13830,14180,21175,0.0014124293785311437
2023-03-10,13980,14040,13610,13880,35404,-0.021156558533145242
2023-03-13,13650,13920,13490,13840,30666,-0.0028818443804035088
2023-03-14,13680,13840,13070,13240,34013,-0.043352601156069315
2023-03-15,13400,13520,13200,13320,22549,0.0060422960725075026
2023-03-16,13320,13780,13100,13690,30726,0.02777777777777768
2023-03-17,13720,14080,13400,14030,23524,0.0248356464572681
2023-03-20,14000,14200,13720,14120,25920,0.006414825374198241
2023-03-21,14100,14280,13920,14180,20922,0.004249291784702569
2023-03-22,14260,14450,14040,14270,32122,0.006346967559943684
2023-03-23,14070,14270,13880,14060,12772,-0.014716187806587233
2023-03-24,14010,14460,14000,14340,33163,0.019914651493598834
2023-03-27,14200,14490,13830,14270,32329,-0.004881450488145034
2023-03-28,14230,14670,14230,14650,46355,0.0266292922214435
2023-03-29,14650,14750,13920,14730,16888,0.005460750853242269
2023-03-30,14750,14750,14340,14590,22439,-0.00950441276306857
2023-03-31,14590,14610,14280,14520,17670,-0.00479780671692942
2023-04-03,14470,14920,14320,14610,19883,0.006198347107438051
2023-04-04,14540,14710,14350,14600,17807,-0.000684462696783017
2023-04-05,14600,14650,14310,14440,14585,-0.010958904109588996
2023-04-06,14400,14480,14050,14190,16625,-0.01731301939058172
2023-04-07,14060,14310,13990,14250,12054,0.0042283298097252064
2023-04-10,14250,14340,14130,14230,8070,-0.0014035087719298511
2023-04-11,14220,14350,14040,14130,11415,-0.007027406886858767
2023-04-12,14050,14200,13930,14130,17409,0.0
2023-04-13,14120,14550,13970,14520,52886,0.027600849256900206
2023-04-14,14520,14540,14260,14460,19315,-0.004132231404958664
2023-04-17,14500,15360,14500,14800,75397,0.023513139695712226
2023-04-18,14800,14840,13700,14700,25926,-0.006756756756756799
2023-04-19,14610,14810,14610,14800,17996,0.006802721088435382
2023-04-20,14740,14790,14430,14600,11762,-0.013513513513513487
2023-04-21,14500,14800,14320,14480,11950,-0.008219178082191747
2023-04-24,14480,14540,14220,14270,17908,-0.014502762430939176
2023-04-25,14200,14370,13850,13970,35316,-0.021023125437981793
2023-04-26,14150,14450,13850,13970,15669,0.0
2023-04-27,14010,14190,13750,14130,17731,0.011453113815318439
2023-04-28,14200,14280,13830,13970,20516,-0.01132342533616415
2023-05-02,13990,14240,13990,14180,9721,0.015032211882605617
2023-05-03,14110,15000,14110,14890,46104,0.050070521861777184
2023-05-04,14880,15000,14420,14880,17387,-0.000671591672263272
2023-05-08,14810,14980,14600,14780,12069,-0.006720430107526876
2023-05-09,14900,15050,14490,14630,10351,-0.010148849797023018
2023-05-10,14650,15000,14560,15000,64402,0.025290498974709585
2023-05-11,14960,15080,14650,14770,16799,-0.01533333333333331
2023-05-12,15030,15030,14680,14820,13213,0.003385240352064889
2023-05-15,14900,14900,14390,14510,11428,-0.020917678812415685
2023-05-16,14540,14540,14270,14430,14992,-0.005513439007580945
2023-05-17,14430,14480,14290,14470,3885,0.002772002772002846
2023-05-18,14490,14600,14390,14500,12020,0.0020732550103663705
2023-05-19,14570,14820,14470,14540,7697,0.0027586206896552667
2023-05-22,14540,14540,14270,14420,15129,-0.008253094910591452
2023-05-23,14320,14480,14250,14350,10014,-0.004854368932038833
2023-05-24,14340,14340,14090,14220,11613,-0.009059233449477344
2023-05-25,14240,14310,14110,14180,9131,-0.002812939521800284
2023-05-26,14290,14420,14100,14200,12247,0.0014104372355430161
2023-05-30,14290,14450,14050,14240,9670,0.0028169014084507005
2023-05-31,14400,14800,14260,14500,37793,0.018258426966292207
2023-06-01,14500,14720,14300,14370,21266,-0.008965517241379284
2023-06-02,14500,14590,14110,14190,33589,-0.012526096033402934
2023-06-05,14330,14330,14110,14200,10930,0.0007047216349542751
2023-06-07,14400,14400,14090,14200,10368,0.0
2023-06-08,14060,14200,14000,14180,13980,-0.0014084507042253502
2023-06-09,14120,14180,13940,14090,22420,-0.006346967559943573
2023-06-12,13970,14130,13860,14020,16786,-0.004968062455642297
2023-06-13,14020,14170,13770,14090,36886,0.004992867332382245
2023-06-14,14180,14180,13610,13810,43179,-0.019872249822569188
2023-06-15,13810,13880,13640,13710,10485,-0.007241129616220143
2023-06-16,13620,13880,13200,13700,30869,-0.0007293946024798936
2023-06-19,13700,13700,13500,13590,22934,-0.008029197080291928
2023-06-20,13750,13770,13510,13600,10012,0.0007358351729211954
2023-06-21,13600,13710,13100,13520,28610,-0.00588235294117645
2023-06-22,13810,14300,13750,14280,85833,0.056213017751479244
2023-06-23,14500,16090,14430,15060,552923,0.054621848739495826
2023-06-26,15670,17200,15550,15880,483979,0.05444887118193886
2023-06-27,15650,16480,15630,15810,106573,-0.004408060453400475
2023-06-28,15810,15930,15320,15850,80742,0.0025300442757747454
2023-06-29,16100,17200,15660,16950,311079,0.06940063091482651
2023-06-30,17180,17330,16600,16950,144836,0.0
2023-07-03,16720,16980,15970,16130,129993,-0.048377581120943924
2023-07-04,16290,16730,15730,16690,98643,0.03471791692498449
2023-07-05,16700,16850,16340,16700,59068,0.0005991611743558778
2023-07-06,16780,16810,15990,16270,52677,-0.02574850299401199
2023-07-07,16270,16550,15940,16400,41419,0.007990165949600447
2023-07-10,16500,16970,16190,16780,49192,0.023170731707317094
2023-07-11,16970,16970,16170,16490,47824,-0.01728247914183556
2023-07-12,16600,16600,16100,16500,31211,0.0006064281382656134
2023-07-13,16490,16780,16300,16450,13176,-0.00303030303030305
2023-07-14,16430,16720,16030,16680,53481,0.013981762917933072
2023-07-17,17000,17720,16870,17590,175970,0.05455635491606725
2023-07-18,17710,17710,16340,16510,107953,-0.061398521887436
2023-07-19,16550,16680,15900,16500,117882,-0.0006056935190793533
2023-07-20,16500,16890,16450,16620,61466,0.0072727272727273196
2023-07-21,16590,16590,15950,16000,52676,-0.03730445246690739
2023-07-24,15730,16140,15540,15970,60078,-0.00187499999999996
2023-07-25,16000,16150,15650,15950,39874,-0.00125234815278652
2023-07-26,16090,16090,15240,15380,49490,-0.03573667711598749
2023-07-27,15480,15780,15250,15760,37652,0.024707412223667014
2023-07-28,15620,15770,15300,15520,23949,-0.015228426395939132
2023-07-31,15420,15970,15250,15900,31992,0.02448453608247414
2023-08-01,15940,16070,15640,15960,30256,0.0037735849056603765
2023-08-02,15960,16200,15110,15530,28621,-0.026942355889724268
2023-08-03,15300,15420,15050,15280,25397,-0.01609787508048932
2023-08-04,15300,15860,15130,15390,23516,0.007198952879581055
2023-08-07,15240,15420,14870,15220,25371,-0.011046133853151452
2023-08-08,15080,15450,14900,15140,27065,-0.005256241787122251
2023-08-09,15150,15530,15000,15280,32886,0.009247027741083214
2023-08-10,15280,15330,15000,15250,15574,-0.0019633507853402676
2023-08-11,15290,15290,13800,13970,245718,-0.0839344262295082
2023-08-14,13970,14080,13800,13850,38723,-0.00858983536148894
2023-08-16,13950,13950,13410,13520,37817,-0.02382671480144405
2023-08-17,13510,13510,12650,13260,47932,-0.019230769230769273
2023-08-18,12960,13180,12780,13020,45178,-0.018099547511312264
2023-08-21,13010,13090,12760,13090,41465,0.005376344086021501
2023-08-22,13100,13400,12810,13050,21054,-0.0030557677616500634
2023-08-23,13100,13170,12880,13000,19810,-0.003831417624521105
2023-08-24,13200,13650,12400,13500,66156,0.03846153846153855
2023-08-25,13450,13450,13140,13300,26281,-0.014814814814814836
2023-08-28,13400,13490,13100,13370,23334,0.0052631578947368585
2023-08-29,13400,13600,13260,13570,17816,0.014958863126402377
2023-08-30,13570,13830,13510,13770,17626,0.014738393515106862
2023-08-31,13860,13890,13450,13620,17575,-0.01089324618736387
2023-09-01,13730,13740,13450,13560,11639,-0.004405286343612369
2023-09-04,13520,13650,13050,13470,10852,-0.006637168141592875
2023-09-05,13470,13550,13150,13450,12044,-0.0014847809948033142
2023-09-06,13490,13930,13350,13500,22666,0.0037174721189590088
2023-09-07,13490,13560,12830,13440,30671,-0.004444444444444473
2023-09-08,13280,13410,13080,13180,14868,-0.019345238095238138
2023-09-11,13260,13510,13000,13500,19435,0.02427921092564489
2023-09-12,13510,13510,13040,13210,13948,-0.021481481481481435
2023-09-13,13260,13320,13000,13260,15431,0.0037850113550341735
2023-09-14,13030,13410,12980,13290,17138,0.002262443438914019
2023-09-15,13290,13440,13000,13290,12175,0.0
2023-09-18,13210,13600,13110,13420,19260,0.009781790820165615
2023-09-19,13380,13480,13140,13250,16614,-0.01266766020864385
2023-09-20,13150,13300,13150,13300,7027,0.0037735849056603765
2023-09-21,13210,13210,12980,13000,30764,-0.022556390977443663
2023-09-22,12900,13250,12870,13100,8792,0.007692307692307665
2023-09-25,13100,13430,13050,13280,9080,0.013740458015267132
2023-09-26,13200,13270,12880,13000,12598,-0.02108433734939763
2023-09-27,12980,13090,12910,13080,7244,0.006153846153846176
2023-10-04,13080,13080,12490,12540,12481,-0.041284403669724745
2023-10-05,12400,12880,12400,12640,13109,0.00797448165869219
2023-10-06,12400,13400,12400,13180,15890,0.04272151898734178
2023-10-10,13130,13130,12940,12990,13334,-0.014415781487101653
2023-10-11,13100,13550,13050,13460,11664,0.03618167821401075
2023-10-12,13530,13650,13500,13620,12602,0.011887072808320909
2023-10-13,13600,13630,13200,13440,11876,-0.013215859030836996
2023-10-16,13530,13530,13020,13370,7732,-0.00520833333333337
2023-10-17,13410,13590,13200,13370,4411,0.0
2023-10-18,13440,13440,13110,13340,3684,-0.002243829468960401
2023-10-19,13060,13270,12880,12980,11882,-0.026986506746626726
2023-10-20,12910,13000,12330,12850,24105,-0.01001540832049308
2023-10-23,12840,13000,12690,12990,4362,0.010894941634241206
2023-10-24,13090,13100,12500,12990,17084,0.0
2023-10-25,13020,13340,12870,13050,7960,0.004618937644341736
2023-10-26,12870,13090,12430,12430,12794,-0.04750957854406135
2023-10-27,12310,12580,12300,12400,8819,-0.002413515687851975
2023-10-30,12400,12450,11900,12200,24860,-0.016129032258064502
2023-10-31,12230,12230,11690,12040,31715,-0.013114754098360604
2023-11-01,11970,12280,11970,12250,11062,0.01744186046511631
2023-11-02,12440,12670,12260,12560,5427,0.025306122448979673
2023-11-03,12580,12700,12310,12610,10408,0.00398089171974525
2023-11-06,12640,12720,12440,12650,12294,0.003172085646312439
2023-11-07,12650,12750,12500,12600,5543,-0.0039525691699604515
2023-11-08,12660,12830,12560,12790,11855,0.015079365079365026
2023-11-09,12840,13740,11300,11650,208843,-0.08913213448006252
2023-11-10,11500,11500,10460,10780,110842,-0.07467811158798288
2023-11-13,10900,11130,10100,10360,54819,-0.038961038961038974
2023-11-14,10260,10510,10260,10390,24667,0.0028957528957529455
2023-11-15,10510,10510,10120,10270,61787,-0.011549566891241536
2023-11-16,10330,10600,10240,10600,15965,0.03213242453748788
2023-11-17,10600,10640,10360,10600,14342,0.0
2023-11-20,10150,11080,10050,10360,147508,-0.02264150943396226
2023-11-21,10490,10700,10310,10610,54439,0.024131274131274028
2023-11-22,10610,10840,10350,10750,32243,0.013195098963242113
2023-11-23,10800,10800,10590,10680,20675,-0.006511627906976791
2023-11-24,10680,10680,10430,10650,29283,-0.002808988764044895
2023-11-27,10810,10860,10500,10670,24358,0.001877934272300541
2023-11-28,10670,10710,10330,10530,49595,-0.013120899718837897
2023-11-29,10530,10530,10300,10370,13807,-0.015194681861348536
2023-11-30,10400,10450,10200,10320,44957,-0.004821600771456103
2023-12-01,10350,10520,10200,10360,32571,0.003875968992248069
2023-12-04,10410,10410,10200,10350,19449,-0.0009652509652510188
2023-12-05,10350,10380,10130,10240,17558,-0.010628019323671523
2023-12-06,10240,10420,10210,10340,10876,0.009765625
2023-12-07,10360,10480,10270,10430,22377,0.008704061895551174
2023-12-08,10440,10570,10290,10490,29660,0.0057526366251199335
2023-12-11,10500,10740,10450,10700,27706,0.020019065776930356
2023-12-12,10700,10910,10530,10660,50441,-0.0037383177570093906
2023-12-13,10790,10790,10370,10590,19154,-0.0065666041275797005
2023-12-14,10670,10750,10600,10680,9781,0.008498583569405138
2023-12-15,10680,10840,10530,10730,20323,0.004681647940074862
2023-12-18,10830,10870,10620,10780,20002,0.004659832246039164
2023-12-19,10840,10880,10750,10780,12365,0.0
2023-12-20,10850,10890,10780,10800,12395,0.0018552875695732052
2023-12-21,10760,10880,10750,10780,15409,-0.0018518518518518823
2023-12-22,10720,10880,10700,10860,25829,0.007421150278293043
2023-12-26,10820,10990,10770,10900,17271,0.0036832412523020164
2023-12-27,10940,10980,10700,10700,13644,-0.01834862385321101
2023-12-28,10700,10800,10470,10620,10183,-0.00747663551401867
2024-01-02,10710,10840,10650,10790,5338,0.016007532956685555
2024-01-03,10840,10840,10490,10670,13267,-0.011121408711770142
2024-01-04,10620,10670,10480,10620,13076,-0.004686035613870709
2024-01-05,10550,10570,10320,10400,23593,-0.020715630885122405
2024-01-08,10490,10950,10420,10860,37455,0.044230769230769296
2024-01-09,10860,10890,10680,10850,16722,-0.0009208103130755596
2024-01-10,10840,10940,10780,10880,10745,0.0027649769585254003
2024-01-11,11000,11340,10830,10940,43150,0.005514705882353033
2024-01-12,11020,11050,10580,10620,25425,-0.029250457038391242
2024-01-15,10620,10710,10460,10550,26538,-0.006591337099811634
2024-01-16,10570,10660,10410,10620,10943,0.006635071090047351
2024-01-17,10550,10600,10350,10510,24582,-0.010357815442561202
2024-01-18,10400,10660,10390,10600,19786,0.008563273073263655
2024-01-19,10630,11170,10630,11000,51451,0.037735849056603765
2024-01-22,11110,11360,11040,11210,37591,0.019090909090909047
2024-01-23,11220,11290,10500,10920,25433,-0.025869759143621773
2024-01-24,11270,11740,11040,11420,115398,0.04578754578754585
2024-01-25,11420,11800,11050,11730,76243,0.027145359019264514
2024-01-26,11760,11850,11380,11380,62634,-0.02983802216538789
2024-01-29,11430,11600,10800,10940,63982,-0.038664323374341
2024-01-30,10940,11320,10890,11070,63703,0.01188299817184646
2024-01-31,11070,11190,10720,10840,38490,-0.020776874435410986
2024-02-01,10990,10990,10530,10700,24077,-0.01291512915129156
2024-02-02,10710,10840,10630,10650,32346,-0.004672897196261627
2024-02-05,10700,10950,10550,10750,34942,0.009389671361502261
2024-02-06,10920,11060,10710,10980,36543,0.021395348837209394
2024-02-07,11000,11840,10580,11340,235569,0.032786885245901676
2024-02-08,11340,11400,11030,11090,36819,-0.022045855379188684
2024-02-13,11270,12700,11270,12450,312510,0.12263300270513966
2024-02-14,12450,13350,12020,12900,225158,0.03614457831325302
2024-02-15,12900,13320,12690,12850,116171,-0.003875968992248069
2024-02-16,12510,12860,12350,12650,60277,-0.015564202334630295
2024-02-19,12870,12870,12450,12450,27470,-0.015810276679841917
2024-02-20,12400,12650,12280,12480,37187,0.002409638554216942
2024-02-21,12500,12620,12300,12300,55614,-0.014423076923076872
2024-02-22,12300,12790,12270,12500,56335,0.016260162601626105
2024-02-23,12700,13180,12430,12880,74179,0.030399999999999983
