Date,Open,High,Low,Close,Volume,Change
2022-01-03,11100,11400,11025,11350,838756,0.011135857461024523
2022-01-04,11400,11400,10850,11150,784926,-0.017621145374449365
2022-01-05,10950,11425,10675,11075,849944,-0.006726457399103158
2022-01-06,10775,11125,10550,10575,630844,-0.04514672686230248
2022-01-07,10625,10950,10450,10550,431764,-0.0023640661938534313
2022-01-10,10400,10400,10100,10225,526734,-0.03080568720379151
2022-01-11,10225,10475,10000,10025,532908,-0.019559902200488977
2022-01-12,10150,10750,10025,10700,738516,0.06733167082294256
2022-01-13,10725,10750,10200,10325,684310,-0.03504672897196259
2022-01-14,10250,10475,10050,10100,616692,-0.021791767554479424
2022-01-17,10125,10275,9875,9900,494402,-0.01980198019801982
2022-01-18,9875,10150,9500,9600,636768,-0.030303030303030276
2022-01-19,9350,9775,9225,9500,611736,-0.01041666666666663
2022-01-20,9525,9650,9350,9525,419192,0.002631578947368318
2022-01-21,9500,9600,9050,9200,751458,-0.034120734908136496
2022-01-24,9475,9750,8725,9000,954044,-0.021739130434782594
2022-01-25,9025,10100,8750,9675,2215048,0.07499999999999996
2022-01-26,9500,9725,9200,9200,663184,-0.04909560723514217
2022-01-27,9275,9275,8500,8850,867172,-0.03804347826086951
2022-01-28,8750,9050,8525,9000,719974,0.016949152542372836
2022-02-03,9250,9525,9075,9100,649530,0.011111111111111072
2022-02-04,8975,9175,8900,9100,358080,0.0
2022-02-07,9000,9100,8775,8925,306684,-0.019230769230769273
2022-02-08,8825,9050,8750,8875,393558,-0.0056022408963585235
2022-02-09,8875,9275,8875,9175,497762,0.033802816901408406
2022-02-10,9200,10100,9200,9675,1716168,0.054495912806539426
2022-02-11,9600,9600,9150,9150,618096,-0.054263565891472854
2022-02-14,8900,8975,8250,8375,1236894,-0.08469945355191255
2022-02-15,8350,8400,7650,7900,1043588,-0.05671641791044779
2022-02-16,8099,8325,8050,8325,471068,0.053797468354430444
2022-02-17,8350,8400,7525,7775,1020408,-0.06606606606606602
2022-02-18,7625,8075,7500,7900,551192,0.016077170418006492
2022-02-21,7749,7949,7575,7875,385754,-0.0031645569620253333
2022-02-22,7575,7825,7550,7600,469566,-0.03492063492063491
2022-02-23,7650,7825,7500,7675,412514,0.009868421052631637
2022-02-24,7500,7549,7100,7275,885084,-0.05211726384364823
2022-02-25,7325,7675,7275,7675,726934,0.054982817869415834
2022-02-28,7525,8075,7525,7800,510438,0.016286644951140072
2022-03-02,7800,8100,7675,8025,486306,0.028846153846153744
2022-03-03,8150,8250,8000,8250,481510,0.028037383177569986
2022-03-04,8225,8225,7975,8050,301596,-0.024242424242424288
2022-03-07,7900,8025,7650,8000,476490,-0.006211180124223614
2022-03-08,7700,8125,7700,7975,361660,-0.0031250000000000444
2022-03-10,8149,8375,8075,8175,365988,0.02507836990595602
2022-03-11,8125,8349,8000,8150,305662,-0.003058103975535187
2022-03-14,8100,8150,7625,7725,543060,-0.05214723926380371
2022-03-15,7600,8000,7600,7900,286468,0.02265372168284796
2022-03-16,8000,8300,7850,8300,614572,0.05063291139240511
2022-03-17,8325,8900,8225,8825,1179352,0.06325301204819267
2022-03-18,8825,9175,8750,9075,622362,0.028328611898017053
2022-03-21,9200,9275,8750,8900,774556,-0.019283746556473802
2022-03-22,8850,9200,8750,9200,466516,0.03370786516853941
2022-03-23,9250,9375,9050,9350,357290,0.016304347826086918
2022-03-24,9200,9475,9125,9450,394678,0.010695187165775444
2022-03-25,9500,9900,9350,9775,801228,0.03439153439153442
2022-03-28,9775,10025,9425,10000,646466,0.023017902813299296
2022-03-29,10000,10475,9850,10400,959738,0.040000000000000036
2022-03-30,10400,11025,10000,10125,1459482,-0.02644230769230771
2022-03-31,9900,10250,9875,10250,495336,0.012345679012345734
2022-04-01,10175,10750,9950,10700,918426,0.04390243902439028
2022-04-04,11050,11125,10550,10900,1115558,0.01869158878504673
2022-04-05,10900,10950,10500,10725,449838,-0.016055045871559592
2022-04-06,10550,10750,10275,10750,511530,0.002331002331002363
2022-04-07,10650,11450,10625,11200,1848594,0.041860465116279055
2022-04-08,11350,11500,10775,11075,1167410,-0.011160714285714302
2022-04-11,11000,11400,10750,11300,608896,0.020316027088036037
2022-04-12,11175,11775,10925,11675,1308942,0.0331858407079646
2022-04-13,11750,12275,11575,11925,1636204,0.021413276231263323
2022-04-14,12550,12650,11225,11550,2712936,-0.03144654088050314
2022-04-15,11675,12575,11499,11750,3194944,0.017316017316017396
2022-04-18,11825,11850,10825,10975,1066906,-0.06595744680851068
2022-04-19,10775,10975,10150,10225,1747990,-0.06833712984054674
2022-04-20,10075,10625,10000,10275,805364,0.004889975550122161
2022-04-21,10300,10625,10275,10550,408996,0.02676399026763998
2022-04-22,10375,10800,10200,10800,511250,0.023696682464454888
2022-04-25,10500,11050,10400,10675,598254,-0.01157407407407407
2022-04-26,10900,10900,10550,10675,286728,0.0
2022-04-27,10350,10750,10250,10250,566570,-0.03981264637002346
2022-04-28,10300,10700,9925,10175,756664,-0.007317073170731714
2022-04-29,10275,10550,10200,10550,362352,0.03685503685503688
2022-05-02,10300,10525,10300,10400,189722,-0.014218009478673022
2022-05-03,10450,10825,10425,10750,438448,0.033653846153846256
2022-05-04,10975,11250,10800,11025,927626,0.0255813953488373
2022-05-06,10750,10900,10525,10600,440406,-0.038548752834467126
2022-05-09,10500,10525,9375,9850,1252122,-0.07075471698113212
2022-05-10,9700,10000,9025,9950,994068,0.010152284263959421
2022-05-11,10025,10600,9925,10525,867102,0.057788944723618174
2022-05-12,10375,10650,10050,10200,611154,-0.030878859857482177
2022-05-13,10200,10550,10025,10200,542282,0.0
2022-05-16,10150,10425,9925,9975,462842,-0.022058823529411797
2022-05-17,10000,10050,9850,9875,349914,-0.010025062656641603
2022-05-18,10100,10325,9925,10125,501006,0.025316455696202445
2022-05-19,9675,10225,9675,10225,371536,0.009876543209876631
2022-05-20,10250,11250,10050,10975,1709886,0.07334963325183375
2022-05-23,10975,11075,10650,10700,766760,-0.02505694760820043
2022-05-24,10775,11000,10575,10575,590364,-0.011682242990654235
2022-05-25,10675,11000,10550,10700,815544,0.011820330969267046
2022-05-26,10900,11175,10475,10750,920800,0.004672897196261738
2022-05-27,10825,10825,9075,9750,2860008,-0.09302325581395354
2022-05-30,9850,9925,9350,9875,1033060,0.012820512820512775
2022-05-31,9900,10200,9575,10125,633188,0.025316455696202445
2022-06-02,10100,10550,10000,10450,660756,0.032098765432098775
2022-06-03,10625,10625,9950,10225,964484,-0.021531100478468845
2022-06-07,10050,10125,9850,10050,646740,-0.017114914425427896
2022-06-08,9975,10075,9550,9650,603614,-0.03980099502487566
2022-06-09,9700,10150,9175,9850,1719538,0.020725388601036343
2022-06-10,9675,9700,9000,9025,1822334,-0.08375634517766495
2022-06-13,8650,8700,8000,8025,1320750,-0.11080332409972304
2022-06-14,7649,8225,7649,7925,910716,-0.012461059190031154
2022-06-15,7800,8000,7475,7775,852922,-0.018927444794952675
2022-06-16,8000,8100,7750,7750,534892,-0.003215434083601254
2022-06-17,7575,8000,7450,7850,779372,0.012903225806451646
2022-06-20,8075,8075,7375,7600,684722,-0.031847133757961776
2022-06-21,7600,7900,7350,7600,451250,0.0
2022-06-22,7600,7825,7300,7300,531262,-0.03947368421052633
2022-06-23,7300,7800,7200,7375,985704,0.010273972602739656
2022-06-24,7525,8175,7525,7975,1057288,0.08135593220338988
2022-06-27,8000,8100,7650,7875,570402,-0.01253918495297801
2022-06-28,7875,8100,7600,7650,564108,-0.02857142857142858
2022-06-29,7600,7600,7274,7350,628672,-0.039215686274509776
2022-06-30,7350,7700,7275,7425,513092,0.010204081632652962
2022-07-01,7400,7625,7050,7200,527816,-0.030303030303030276
2022-07-04,7250,7300,6900,7050,523304,-0.02083333333333337
2022-07-05,7100,7825,7100,7675,772236,0.08865248226950362
2022-07-06,7550,7775,7350,7425,576274,-0.032573289902280145
2022-07-07,7425,7925,7275,7600,561308,0.023569023569023573
2022-07-08,7624,7824,7524,7650,438420,0.006578947368421018
2022-07-11,7700,7900,7600,7675,483590,0.0032679738562091387
2022-07-12,7600,7625,7325,7350,483336,-0.04234527687296419
2022-07-13,7475,7749,7325,7575,538030,0.030612244897959107
2022-07-14,7475,7850,7375,7700,483162,0.01650165016501659
2022-07-15,7700,7800,7375,7500,478414,-0.025974025974025983
2022-07-18,7650,8275,7450,8150,1984840,0.08666666666666667
2022-07-19,7950,8500,7850,8200,884600,0.006134969325153339
2022-07-20,8499,8600,7975,8125,1376920,-0.009146341463414642
2022-07-21,8175,8175,7775,7875,602036,-0.03076923076923077
2022-07-22,7875,8050,7775,7875,403634,0.0
2022-07-25,7774,7950,7450,7550,707116,-0.041269841269841234
2022-07-26,7575,7725,7475,7575,492354,0.0033112582781456013
2022-07-27,7400,8024,7300,7850,926836,0.03630363036303641
2022-07-28,7925,8074,7774,7950,435876,0.01273885350318471
2022-07-29,8025,8050,7825,7975,338102,0.003144654088050425
2022-08-01,8000,8075,7775,8050,442872,0.00940438871473348
2022-08-02,8075,8575,8000,8300,1205112,0.03105590062111796
2022-08-03,8300,8500,7975,8450,979484,0.01807228915662651
2022-08-04,8500,8875,8300,8800,1510222,0.041420118343195256
2022-08-05,8825,9550,8700,9350,2393854,0.0625
2022-08-08,9350,9450,8600,8600,1780700,-0.0802139037433155
2022-08-09,8550,8550,8225,8350,800476,-0.029069767441860517
2022-08-10,8300,8425,8000,8075,1109152,-0.03293413173652693
2022-08-11,8150,8525,8150,8500,835610,0.05263157894736836
2022-08-12,8475,8550,8200,8375,604468,-0.014705882352941124
2022-08-16,8375,8425,8150,8300,472416,-0.008955223880596996
2022-08-17,8375,8850,8200,8700,913824,0.04819277108433728
2022-08-18,8700,8925,8325,8400,907880,-0.03448275862068961
2022-08-19,8325,8450,8074,8425,573408,0.0029761904761904656
2022-08-22,8300,8375,8050,8100,423272,-0.03857566765578635
2022-08-23,8175,8350,7750,7850,854716,-0.030864197530864224
2022-08-24,7925,8650,7750,8525,938742,0.08598726114649691
2022-08-25,8525,8925,8325,8750,1021456,0.02639296187683282
2022-08-26,8750,8900,8550,8700,545938,-0.005714285714285672
2022-08-29,8300,8525,8200,8225,614232,-0.054597701149425304
2022-08-30,8300,8750,8250,8725,931264,0.0607902735562309
2022-08-31,8600,9375,8450,9300,1607306,0.0659025787965617
2022-09-01,9500,9825,9200,9550,3537784,0.026881720430107503
2022-09-02,9800,10225,9425,9575,2526214,0.002617801047120505
2022-09-05,9950,9950,8200,8425,4395896,-0.1201044386422977
2022-09-06,8425,8575,7950,8025,1754372,-0.047477744807121636
2022-09-07,8025,8125,7575,7675,1295152,-0.04361370716510904
2022-09-08,7825,8125,7650,7800,1514258,0.016286644951140072
2022-09-13,7875,8175,7675,8125,1144700,0.04166666666666674
2022-09-14,7750,8025,7625,7750,1179166,-0.0461538461538461
2022-09-15,7750,7750,7325,7425,1083888,-0.041935483870967794
2022-09-16,7425,7750,7249,7325,970726,-0.013468013468013518
2022-09-19,7300,7400,7150,7250,484190,-0.010238907849829393
2022-09-20,7325,7425,7200,7275,431658,0.0034482758620688614
2022-09-21,7200,7225,6825,6900,1022114,-0.05154639175257736
2022-09-22,6775,6925,6625,6875,744614,-0.0036231884057971175
2022-09-23,6800,6824,6400,6450,1124750,-0.06181818181818177
2022-09-26,6350,6675,6325,6425,697478,-0.003875968992248069
2022-09-27,6425,6550,6225,6500,538778,0.011673151750972721
2022-09-28,6575,6875,6375,6625,1156620,0.019230769230769162
2022-09-29,6949,7125,6525,6575,1369380,-0.007547169811320753
2022-09-30,6450,6550,6250,6350,624382,-0.034220532319391594
2022-10-04,6400,6800,6375,6700,554136,0.055118110236220375
2022-10-05,6800,6825,6325,6325,493038,-0.05597014925373134
2022-10-06,6325,6550,6300,6525,252344,0.031620553359683834
2022-10-07,6350,6475,6275,6300,412794,-0.03448275862068961
2022-10-11,6150,6175,5800,5825,554266,-0.07539682539682535
2022-10-12,5750,6000,5700,5950,558462,0.02145922746781115
2022-10-13,5900,5900,5600,5775,607304,-0.02941176470588236
2022-10-14,5950,6425,5875,6400,714500,0.10822510822510822
2022-10-17,6250,7025,6225,6900,2628564,0.078125
2022-10-18,7225,7300,6575,6725,1801596,-0.025362318840579712
2022-10-19,6725,6800,6375,6500,800156,-0.03345724907063197
2022-10-20,6350,6475,6150,6225,693252,-0.04230769230769227
2022-10-21,6150,6275,6050,6050,418568,-0.028112449799196804
2022-10-24,6125,6400,6100,6225,498262,0.02892561983471076
2022-10-25,6225,6775,6025,6625,1143042,0.06425702811244971
2022-10-26,6825,6850,6150,6400,1829982,-0.03396226415094339
2022-10-27,6375,6600,6325,6600,526026,0.03125
2022-10-28,6500,6600,6375,6450,374702,-0.022727272727272707
2022-10-31,6525,6775,6425,6700,681594,0.03875968992248069
2022-11-01,6675,6925,6625,6675,716188,-0.003731343283582045
2022-11-02,6650,8150,6450,7600,9968234,0.13857677902621712
2022-11-03,7325,7425,7025,7150,1852040,-0.05921052631578949
2022-11-04,7150,7700,6900,7000,2750710,-0.020979020979020935
2022-11-07,7025,7125,6849,7025,1143882,0.0035714285714285587
2022-11-08,7200,7575,7150,7325,2402558,0.04270462633451966
2022-11-09,7350,7350,7025,7100,1002968,-0.030716723549488067
2022-11-10,6900,7225,6750,7100,1271312,0.0
2022-11-11,7400,7600,7274,7550,1566652,0.06338028169014076
2022-11-14,7500,7700,7249,7425,862162,-0.01655629139072845
2022-11-15,7350,8050,7350,8000,1606684,0.07744107744107742
2022-11-16,7950,8325,7849,8025,1240454,0.0031250000000000444
2022-11-17,8075,8250,7925,8100,700338,0.009345794392523255
2022-11-18,8225,8349,7825,8150,1109958,0.006172839506172867
2022-11-21,8150,8175,7675,7725,944978,-0.05214723926380371
2022-11-22,7575,8075,7575,7825,910724,0.012944983818770295
2022-11-23,7900,7925,7750,7800,517544,-0.0031948881789137795
2022-11-24,7949,7949,7650,7775,596324,-0.0032051282051281937
2022-11-25,7700,8049,7550,8025,819352,0.03215434083601276
2022-11-28,7950,7950,7725,7825,739632,-0.024922118380062308
2022-11-29,7675,8075,7649,7925,744906,0.012779552715654896
2022-11-30,7900,7900,7550,7550,773326,-0.04731861198738174
2022-12-01,7724,8000,7624,7850,1085166,0.039735099337748325
2022-12-02,7850,8250,7800,8000,1373680,0.019108280254777066
2022-12-05,8000,8149,7825,7975,872772,-0.0031250000000000444
2022-12-06,7925,7925,7250,7350,1245460,-0.07836990595611282
2022-12-07,7249,7425,7100,7225,710724,-0.017006802721088454
2022-12-08,7200,7300,7100,7150,638548,-0.01038062283737029
2022-12-09,7250,7575,7100,7475,834622,0.045454545454545414
2022-12-12,7375,7475,7250,7400,403078,-0.010033444816053505
2022-12-13,7500,7575,7125,7225,576786,-0.023648648648648685
2022-12-14,7275,7600,7275,7500,752358,0.03806228373702414
2022-12-15,7400,7775,7249,7325,576432,-0.023333333333333317
2022-12-16,7125,7400,7100,7225,518510,-0.013651877133105783
2022-12-19,7225,7300,7125,7175,242314,-0.00692041522491349
2022-12-20,7175,7175,6800,6850,801192,-0.04529616724738672
2022-12-21,7000,7275,6900,7200,749366,0.051094890510948954
2022-12-22,7200,7350,7175,7300,517172,0.01388888888888884
2022-12-23,7100,7200,6675,6850,1353360,-0.06164383561643838
2022-12-26,6900,6925,6675,6675,948554,-0.025547445255474477
2022-12-27,6700,6925,6675,6875,1495544,0.029962546816479474
2022-12-28,6800,7175,6750,7125,1100184,0.036363636363636376
2022-12-29,6950,7050,6675,6850,633854,-0.038596491228070184
2023-01-02,6950,7000,6425,6525,632304,-0.04744525547445255
2023-01-03,6525,6650,6400,6575,421682,0.00766283524904221
2023-01-04,6500,6550,6350,6450,385678,-0.019011406844106515
2023-01-05,6525,6549,6300,6375,428642,-0.011627906976744207
2023-01-06,6275,6524,6200,6450,436374,0.0117647058823529
2023-01-09,6425,6649,6425,6625,360740,0.027131782945736482
2023-01-10,6500,6550,6250,6300,589560,-0.049056603773584895
2023-01-11,6375,6575,6325,6525,456362,0.03571428571428581
2023-01-12,6550,6575,6400,6500,279390,-0.003831417624521105
2023-01-13,6475,6550,6325,6400,342328,-0.01538461538461533
2023-01-16,6449,6475,6300,6425,311470,0.00390625
2023-01-17,6450,6450,6150,6350,805404,-0.011673151750972721
2023-01-18,6275,6275,6100,6200,579970,-0.023622047244094446
2023-01-19,6075,6325,6050,6300,422570,0.016129032258064502
2023-01-20,6275,6400,6200,6375,445466,0.011904761904761862
2023-01-25,6500,6500,6229,6235,385932,-0.0219607843137255
2023-01-26,6255,6465,6235,6385,373164,0.024057738572574205
2023-01-27,6384,6424,6300,6410,341264,0.003915426781519127
2023-01-30,6410,6575,6190,6200,673172,-0.032761310452418146
2023-01-31,6205,6450,6125,6430,395736,0.0370967741935484
2023-02-01,6425,6700,6275,6620,1065418,0.029548989113530322
2023-02-02,6685,6730,6550,6600,616008,-0.0030211480362537513
2023-02-03,6580,6710,6550,6680,759012,0.0121212121212122
2023-02-06,6650,6680,6425,6440,551098,-0.0359281437125748
2023-02-07,6475,6700,6425,6555,549662,0.017857142857142794
2023-02-08,6675,6875,6635,6660,1046424,0.016018306636155666
2023-02-09,6665,6675,6345,6460,1161034,-0.03003003003003002
2023-02-10,6425,6425,6295,6305,556586,-0.02399380804953566
2023-02-13,6305,6430,6205,6280,433506,-0.003965107057890549
2023-02-14,6349,6385,6215,6275,339894,-0.0007961783439490722
2023-02-15,6230,6305,6100,6160,731358,-0.018326693227091684
2023-02-16,6240,6445,6185,6300,829740,0.022727272727272707
2023-02-17,6185,6200,6070,6150,777164,-0.023809523809523836
2023-02-20,6135,6685,6100,6515,1836404,0.05934959349593494
2023-02-21,6525,6875,6460,6695,1523908,0.027628549501151234
2023-02-22,6550,6600,6360,6390,802542,-0.04555638536221063
2023-02-23,6389,6875,6380,6495,1882498,0.016431924882629012
2023-02-24,6515,6524,6224,6250,1027402,-0.03772132409545803
2023-02-27,6225,6349,6095,6135,580118,-0.018399999999999972
2023-02-28,6175,6255,6135,6185,415746,0.008149959250203676
2023-03-02,6265,6265,6090,6140,637256,-0.007275666936135794
2023-03-03,6140,6270,6080,6190,701696,0.008143322475570036
2023-03-06,6204,6204,5840,5850,1723180,-0.0549273021001615
2023-03-07,5845,5845,5025,5455,4371794,-0.0675213675213675
2023-03-08,5450,5610,5275,5475,1076492,0.0036663611365719273
2023-03-09,5425,5540,5325,5440,577376,-0.006392694063926951
2023-03-10,5345,5425,5165,5250,957828,-0.03492647058823528
2023-03-13,5190,5380,5055,5265,751196,0.0028571428571428914
2023-03-14,5220,5240,5000,5055,942740,-0.03988603988603989
2023-03-15,5300,5335,5135,5245,765650,0.03758654797230454
2023-03-16,5255,5255,5015,5040,790814,-0.03908484270734036
2023-03-17,5105,5415,5100,5345,856318,0.06051587301587302
2023-03-20,5395,5500,5355,5430,704116,0.015902712815715647
2023-03-21,5430,5490,5330,5355,411212,-0.013812154696132617
2023-03-22,5380,5550,5260,5510,801128,0.02894491129785237
2023-03-23,5470,5925,5320,5900,1824548,0.07078039927404722
2023-03-24,6170,6170,5115,5225,3553478,-0.11440677966101698
2023-03-27,5250,5255,4710,5015,2666410,-0.04019138755980867
2023-03-28,4965,5195,4880,5055,912868,0.007976071784645988
2023-03-29,5000,5100,4930,4985,918612,-0.013847675568743778
2023-03-30,5005,5280,4985,5130,987804,0.029087261785356144
2023-03-31,5155,5270,5100,5200,735620,0.013645224171539905
2023-04-03,5105,5225,5085,5175,610942,-0.004807692307692291
2023-04-04,5135,5520,5135,5520,1353944,0.06666666666666665
2023-04-05,5535,5960,5445,5890,1934088,0.06702898550724634
2023-04-06,5890,5980,5695,5780,1050262,-0.018675721561969394
2023-04-07,5780,5820,5605,5780,681116,0.0
2023-04-10,5800,5905,5625,5795,789952,0.002595155709342656
2023-04-11,5825,5855,5660,5760,557886,-0.006039689387402958
2023-04-12,5770,6000,5674,5990,1236084,0.03993055555555558
2023-04-13,5985,6200,5905,6105,1126020,0.01919866444073448
2023-04-14,6175,6495,6085,6465,2025126,0.05896805896805901
2023-04-17,6950,7000,6310,6365,3060908,-0.015467904098994567
2023-04-18,6470,6470,5775,5900,2263390,-0.07305577376276517
2023-04-19,5855,6015,5725,5985,946610,0.014406779661017
2023-04-20,6060,6060,5635,5635,957614,-0.05847953216374269
2023-04-21,5570,5850,5535,5670,510926,0.006211180124223503
2023-04-24,5605,5805,5590,5720,461552,0.008818342151675429
2023-04-25,5625,5705,5495,5625,684986,-0.01660839160839156
2023-04-26,5530,5710,5525,5585,327646,-0.007111111111111068
2023-04-27,5670,5924,5530,5850,741726,0.047448522829006246
2023-04-28,5875,5965,5675,5740,718780,-0.018803418803418848
2023-05-02,5725,5945,5660,5945,554542,0.03571428571428581
2023-05-03,5885,5965,5700,5715,499050,-0.038687973086627414
2023-05-04,5735,6225,5695,6100,1945306,0.0673665791776028
2023-05-08,6100,6205,5980,6060,714356,-0.006557377049180357
2023-05-09,6020,6160,5925,5990,500154,-0.011551155115511524
2023-05-10,5980,6060,5895,6000,565512,0.0016694490818029983
2023-05-11,6045,6105,5950,6045,555890,0.007500000000000062
2023-05-12,6050,6345,5875,5980,1171726,-0.010752688172043001
2023-05-15,5920,5925,5705,5855,531602,-0.020903010033444858
2023-05-16,5890,5975,5780,5810,384760,-0.0076857386848847575
2023-05-17,5809,6535,5780,6465,2348372,0.11273666092943202
2023-05-18,6464,6750,6324,6450,1654160,-0.002320185614849146
2023-05-19,6345,6435,5949,6155,1410284,-0.045736434108527124
2023-05-22,6105,6595,6080,6485,1167340,0.053614947197400564
2023-05-23,6484,6600,6404,6450,755390,-0.005397070161912154
2023-05-24,6405,6540,6285,6440,700574,-0.0015503875968991832
2023-05-25,6515,6610,6264,6290,551402,-0.02329192546583847
2023-05-26,6290,7020,6140,6470,2660544,0.02861685214626397
2023-05-30,6480,6900,6410,6760,1134634,0.04482225656877903
2023-05-31,6700,6860,6625,6860,822062,0.014792899408283988
2023-06-01,6825,6875,6625,6655,722910,-0.02988338192419826
2023-06-02,6729,6795,6590,6725,590710,0.010518407212622094
2023-06-05,6735,6795,6520,6770,613682,0.006691449814126393
2023-06-07,6745,6785,6535,6580,721992,-0.028064992614475592
2023-06-08,6500,6630,6474,6590,445542,0.001519756838905817
2023-06-09,6560,6745,6520,6640,428818,0.007587253414264028
2023-06-12,6600,6625,6260,6260,931284,-0.05722891566265065
2023-06-13,6260,6395,6255,6255,434434,-0.0007987220447284171
2023-06-14,6260,6390,6145,6150,558498,-0.016786570743405282
2023-06-15,6150,6529,6040,6485,1100830,0.05447154471544713
2023-06-16,6445,6675,6355,6560,901726,0.01156515034695449
2023-06-19,6555,6600,6415,6460,515224,-0.015243902439024404
2023-06-20,6250,6775,6145,6700,1363800,0.037151702786377694
2023-06-21,6700,6754,6530,6550,617778,-0.02238805970149249
2023-06-22,6555,6695,6450,6660,424912,0.016793893129771087
2023-06-23,6654,6700,6474,6630,547262,-0.0045045045045044585
2023-06-26,6510,6765,6485,6645,491896,0.002262443438914019
2023-06-27,6595,6725,6550,6600,310706,-0.006772009029345383
2023-06-28,6610,6790,6560,6700,562072,0.015151515151515138
2023-06-29,6700,6970,6700,6915,1019180,0.03208955223880605
2023-06-30,6905,7225,6749,7175,1120690,0.037599421547360734
2023-07-03,7220,7295,7015,7105,776050,-0.009756097560975618
2023-07-04,7105,7575,7005,7295,1218298,0.02674173117522871
2023-07-05,7345,7900,7305,7875,1983928,0.07950651130911579
2023-07-06,7915,7970,7760,7855,1208724,-0.0025396825396825085
2023-07-07,7800,8205,7550,8085,2104068,0.029280712921705865
2023-07-10,8050,8050,7294,7350,1838574,-0.09090909090909094
2023-07-11,7340,7475,7220,7375,697118,0.00340136054421758
2023-07-12,7350,7655,7275,7585,680494,0.028474576271186436
2023-07-13,7665,7965,7590,7825,1049506,0.03164139749505601
2023-07-14,7835,8115,7760,8115,1248240,0.03706070287539931
2023-07-17,7925,7985,6540,7470,2274362,-0.07948243992606285
2023-07-18,7470,7470,6740,6810,1747412,-0.08835341365461846
2023-07-19,6825,7350,6665,7270,1203488,0.06754772393538921
2023-07-20,7270,7365,6995,7120,741024,-0.02063273727647863
2023-07-21,7115,7390,7005,7180,994980,0.008426966292134797
2023-07-24,7174,7225,6945,7030,727858,-0.02089136490250698
2023-07-25,7025,7105,6835,7065,879778,0.004978662873399653
2023-07-26,7000,7025,6600,6625,1330836,-0.06227883934890299
2023-07-27,6680,6930,6485,6595,835240,-0.00452830188679243
2023-07-28,6550,6670,6495,6605,490584,0.0015163002274449777
2023-07-31,6495,6750,6475,6640,689302,0.005299015897047621
2023-08-01,6640,6735,6435,6495,768766,-0.02183734939759041
2023-08-02,6524,6524,6200,6250,793384,-0.03772132409545803
2023-08-03,6365,6660,6234,6590,794554,0.054400000000000004
2023-08-04,6600,6640,6449,6565,408466,-0.003793626707132014
2023-08-07,6475,6689,6409,6545,510732,-0.0030464584920030235
2023-08-08,6670,6670,6405,6460,357294,-0.012987012987012991
2023-08-09,6425,6715,6400,6660,603342,0.030959752321981338
2023-08-10,6700,7000,6455,6930,1006526,0.04054054054054057
2023-08-11,6920,6989,6749,6895,409610,-0.005050505050505083
2023-08-14,7045,7195,6830,7125,827200,0.03335750543872362
2023-08-16,7125,8065,6900,7615,3969412,0.06877192982456148
2023-08-17,7500,7540,7090,7155,1383286,-0.06040709126723576
2023-08-18,7005,7100,6685,6745,828716,-0.057302585604472434
2023-08-21,6750,7885,6750,7725,3026226,0.14529280948850998
2023-08-22,7620,7800,7494,7630,1188676,-0.01229773462783168
2023-08-23,7549,7555,7115,7215,797518,-0.05439056356487548
2023-08-24,7215,7620,7150,7500,767458,0.03950103950103956
2023-08-25,7395,7795,7395,7515,852236,0.0020000000000000018
2023-08-28,7675,7675,7340,7385,497670,-0.017298735861610126
2023-08-29,7424,7975,7400,7850,1587430,0.06296547054840884
2023-08-30,7894,7954,7710,7870,776872,0.002547770700636942
2023-08-31,7750,7750,7225,7360,2000058,-0.06480304955527316
2023-09-01,7190,7325,7000,7240,822924,-0.016304347826086918
2023-09-04,7240,7615,7220,7500,745466,0.035911602209944826
2023-09-05,7429,7555,7400,7435,289654,-0.008666666666666711
2023-09-06,7430,7700,7315,7610,712806,0.02353732347007398
2023-09-07,7405,7675,7400,7445,497534,-0.021681997371879147
2023-09-08,7455,7570,7220,7495,701704,0.00671591672263272
2023-09-11,7450,7760,7229,7355,1095172,-0.01867911941294198
2023-09-12,7494,7734,7300,7470,1593504,0.015635622025832685
2023-09-13,7585,7669,7275,7355,1099674,-0.0153949129852744
2023-09-14,7300,7300,7005,7060,1076062,-0.04010876954452758
2023-09-15,7025,7254,6970,7190,674966,0.018413597733710985
2023-09-18,7010,7215,7010,7090,370266,-0.013908205841446475
2023-09-19,7150,7175,6985,7060,440332,-0.004231311706629048
2023-09-20,7010,7140,7000,7050,398448,-0.0014164305949008194
2023-09-21,6865,6974,6485,6550,1187332,-0.07092198581560283
2023-09-22,6430,6585,6430,6545,381410,-0.0007633587786259888
2023-09-25,6545,6740,6150,6600,787514,0.008403361344537785
2023-09-26,6905,7000,6460,6540,1081476,-0.009090909090909038
2023-09-27,6350,6680,6300,6620,520156,0.012232415902140747
2023-10-04,6009,6200,5410,5765,2134902,-0.12915407854984895
2023-10-05,5985,6125,5685,5885,1136128,0.020815264527320076
2023-10-06,5880,6165,5880,6070,542832,0.03143585386576042
2023-10-10,6075,6135,5800,5845,506630,-0.03706754530477763
2023-10-11,6060,6065,5925,5980,473500,0.023096663815226792
2023-10-12,5980,6070,5920,6000,391988,0.0033444816053511683
2023-10-13,5940,5950,5754,5870,374852,-0.021666666666666612
2023-10-16,5880,6030,5805,5960,303220,0.015332197614991383
2023-10-17,6035,6255,5995,6075,623870,0.019295302013422777
2023-10-18,6014,6050,5705,5750,594062,-0.053497942386831254
2023-10-19,5710,5750,5575,5660,355400,-0.01565217391304352
2023-10-20,5595,5710,5540,5565,455594,-0.016784452296819796
2023-10-23,5565,5710,5500,5600,503644,0.0062893081761006275
2023-10-24,5640,5710,5370,5700,508790,0.017857142857142794
2023-10-25,6000,6125,5480,5555,775830,-0.025438596491228038
2023-10-26,5515,5560,5305,5485,344656,-0.012601260126012592
2023-10-27,5700,7050,5605,6500,8175210,0.18505013673655424
2023-10-30,6289,6300,5825,6025,1854126,-0.07307692307692304
2023-10-31,6005,6180,5890,5975,808302,-0.008298755186721962
2023-11-01,6035,6330,6035,6260,856362,0.04769874476987446
2023-11-02,6345,6425,6209,6365,542036,0.016773162939297093
2023-11-03,6370,6370,6105,6190,617436,-0.027494108405341722
2023-11-06,6500,6745,6335,6740,1525562,0.08885298869143776
2023-11-07,6700,6870,6480,6770,1246404,0.004451038575667754
2023-11-08,6875,6875,6650,6775,521920,0.0007385524372229835
2023-11-09,6784,7404,6664,7090,3836440,0.04649446494464948
2023-11-10,6935,7175,6870,7000,838912,-0.012693935119887145
2023-11-13,6950,7025,6550,6600,720498,-0.05714285714285716
2023-11-14,6600,6735,6540,6585,414644,-0.002272727272727315
2023-11-15,6600,6780,6500,6685,656126,0.01518602885345488
2023-11-16,6685,7270,6610,6940,2117204,0.03814510097232615
2023-11-17,7025,7110,6870,6885,678488,-0.007925072046109483
2023-11-20,6750,6790,6520,6750,536108,-0.019607843137254943
2023-11-21,6700,6835,6660,6825,433034,0.011111111111111072
2023-11-22,6805,6885,6665,6665,667096,-0.02344322344322347
2023-11-23,6725,6905,6605,6840,745716,0.026256564141035277
2023-11-24,6880,6880,6530,6550,710482,-0.042397660818713434
2023-11-27,6504,6604,6480,6490,335796,-0.009160305343511421
2023-11-28,6500,6620,6480,6555,321192,0.01001540832049308
2023-11-29,6585,6595,6270,6305,572230,-0.038138825324180003
2023-11-30,6280,6420,6250,6355,273072,0.007930214115781098
2023-12-01,6275,6400,6165,6165,403090,-0.02989771833202204
2023-12-04,6220,6345,6130,6175,363530,0.0016220600162206722
2023-12-05,6160,6174,6050,6150,448002,-0.004048582995951455
2023-12-06,6185,6850,6110,6390,2063356,0.039024390243902474
2023-12-07,6390,6714,6285,6590,725168,0.031298904538341166
2023-12-08,6649,6705,6520,6665,476972,0.011380880121396153
2023-12-11,6705,6825,6625,6775,523426,0.01650412603150797
2023-12-12,6795,6825,6715,6715,325180,-0.0088560885608856
2023-12-13,6760,6770,6610,6615,309416,-0.014892032762472085
2023-12-14,6675,6815,6620,6745,605858,0.019652305366591127
2023-12-15,6735,6745,6420,6545,710702,-0.029651593773165286
2023-12-18,6540,6649,6430,6445,656742,-0.015278838808250539
2023-12-19,6315,6415,6130,6175,1016678,-0.04189294026377033
2023-12-20,6205,6465,5905,6080,2174698,-0.01538461538461533
2023-12-21,6500,6500,5830,5900,1251970,-0.02960526315789469
2023-12-22,5900,6020,5800,6010,479356,0.01864406779661021
2023-12-26,6050,6090,5800,5920,410246,-0.014975041597337757
2023-12-27,5920,6070,5840,5930,296734,0.0016891891891892552
2023-12-28,6350,6980,6020,6230,2324593,0.050590219224283306
2024-01-02,6160,6570,6150,6480,864406,0.0401284109149278
2024-01-03,6510,8200,6390,7530,5429800,0.16203703703703698
2024-01-04,7400,7570,7150,7150,1024877,-0.050464807436918946
2024-01-05,7100,7190,6930,7100,581098,-0.006993006993006978
2024-01-08,7030,7030,6640,6670,670289,-0.06056338028169017
2024-01-09,6730,6840,6650,6710,400819,0.0059970014992503096
2024-01-10,6540,6570,6260,6320,560822,-0.058122205663189264
2024-01-11,6300,6370,6150,6190,391750,-0.020569620253164556
2024-01-12,5990,6050,5840,5980,1002706,-0.03392568659127626
2024-01-15,5980,6140,5920,6000,721279,0.0033444816053511683
2024-01-16,5980,6040,5870,5960,388390,-0.00666666666666671
2024-01-17,5990,6000,5680,5830,795270,-0.021812080536912748
2024-01-18,5880,5880,5520,5660,762904,-0.029159519725557415
2024-01-19,5710,5780,5550,5660,675568,0.0
2024-01-22,5380,5560,5120,5460,789161,-0.035335689045936425
2024-01-23,5510,5520,5180,5190,882760,-0.0494505494505495
2024-01-24,5080,5150,3640,3690,54331455,-0.2890173410404624
2024-01-25,3610,3630,3000,3415,17634868,-0.07452574525745259
2024-01-26,3350,3530,3275,3435,3801122,0.005856515373352744
2024-01-29,3435,3435,2995,3115,6742386,-0.0931586608442504
2024-01-30,3110,3450,2950,3045,7912930,-0.022471910112359605
2024-01-31,2560,2585,2135,2135,21346563,-0.29885057471264365
2024-02-01,1993,2450,1831,2200,30865913,0.030444964871194413
2024-02-02,2355,2860,2305,2860,31628410,0.30000000000000004
2024-02-05,3050,3050,2605,2675,15586757,-0.06468531468531469
2024-02-06,2490,2695,2370,2405,8042090,-0.10093457943925233
2024-02-07,2460,2495,2310,2345,3316463,-0.02494802494802495
2024-02-08,2350,2390,2245,2310,2671825,-0.014925373134328401
2024-02-13,2125,2270,2040,2225,7616471,-0.03679653679653683
2024-02-14,2155,2250,2125,2155,2511501,-0.03146067415730336
2024-02-15,2415,2780,2275,2500,15667505,0.16009280742459397
2024-02-16,2495,2560,2390,2500,3819703,0.0
2024-02-19,2500,2505,2280,2285,3957503,-0.08599999999999997
2024-02-20,2225,2250,2075,2105,4400702,-0.07877461706783373
2024-02-21,2180,2180,2030,2105,2797324,0.0
2024-02-22,2100,2105,2030,2085,1433723,-0.009501187648456089
2024-02-23,2085,2090,1927,1957,5008640,-0.06139088729016784
