Date,Open,High,Low,Close,Volume,Change
2022-01-03,2915,2930,2895,2915,43952,0.0017182130584192379
2022-01-04,2900,2950,2900,2945,59766,0.010291595197255532
2022-01-05,2945,3040,2930,2990,169418,0.015280135823429575
2022-01-06,2980,3090,2970,3020,196655,0.010033444816053505
2022-01-07,3055,3060,3000,3030,58878,0.0033112582781456013
2022-01-10,3030,3060,2980,2990,76318,-0.01320132013201325
2022-01-11,2960,2990,2895,2915,57616,-0.025083612040133763
2022-01-12,2975,3535,2975,3175,10709558,0.08919382504288165
2022-01-13,3165,3195,3125,3195,668167,0.006299212598425141
2022-01-14,3140,3185,3105,3105,391272,-0.028169014084507005
2022-01-17,3110,3115,3030,3035,279644,-0.02254428341384862
2022-01-18,3020,3320,3020,3060,1331860,0.008237232289950658
2022-01-19,3005,3110,2985,3025,285363,-0.011437908496731986
2022-01-20,3045,3275,3040,3205,1178690,0.05950413223140494
2022-01-21,3185,3370,3165,3305,1073901,0.03120124804992197
2022-01-24,3355,3630,3305,3305,3312128,0.0
2022-01-25,3330,3360,3070,3230,597181,-0.0226928895612708
2022-01-26,3170,3340,3130,3130,491338,-0.03095975232198145
2022-01-27,3160,3170,2930,2960,492222,-0.054313099041533586
2022-01-28,2955,3055,2955,3000,255638,0.013513513513513598
2022-02-03,3105,3295,3060,3295,449454,0.09833333333333338
2022-02-04,3280,3355,3250,3350,451062,0.01669195751138086
2022-02-07,3355,3360,3210,3345,301435,-0.0014925373134327957
2022-02-08,3345,3345,3230,3260,232688,-0.025411061285500747
2022-02-09,3280,3340,3265,3290,183582,0.009202453987730008
2022-02-10,3290,3330,3210,3295,231870,0.001519756838905817
2022-02-11,3250,3850,3240,3445,9425365,0.04552352048558417
2022-02-14,3450,3565,3255,3265,2402828,-0.05224963715529751
2022-02-15,3330,3640,3300,3300,4062728,0.010719754977029039
2022-02-16,3165,3235,3075,3230,781881,-0.021212121212121238
2022-02-17,3280,3345,3200,3250,745062,0.006191950464396356
2022-02-18,3255,3400,3255,3330,922000,0.024615384615384706
2022-02-21,3400,3445,3270,3305,606439,-0.007507507507507505
2022-02-22,3340,3465,3245,3330,1858519,0.0075642965204236745
2022-02-23,3575,3600,3315,3335,2145613,0.0015015015015014122
2022-02-24,3410,3530,3335,3450,2554460,0.034482758620689724
2022-02-25,3385,3430,3210,3290,1100019,-0.04637681159420293
2022-02-28,3295,3355,3200,3225,422138,-0.019756838905775065
2022-03-02,3275,3400,3275,3330,578500,0.032558139534883734
2022-03-03,3335,3335,3270,3310,296189,-0.006006006006005982
2022-03-04,3330,3515,3295,3335,2194707,0.007552870090634434
2022-03-07,3375,3710,3375,3645,8677370,0.09295352323838091
2022-03-08,3550,3635,3380,3400,1526299,-0.0672153635116598
2022-03-10,3370,3435,3280,3410,516911,0.002941176470588225
2022-03-11,3435,3440,3355,3380,374110,-0.008797653958944274
2022-03-14,3380,3510,3380,3420,554163,0.01183431952662728
2022-03-15,3460,3480,3315,3320,453868,-0.0292397660818714
2022-03-16,3350,3380,3315,3370,185112,0.015060240963855387
2022-03-17,3375,3375,3310,3340,280896,-0.008902077151335286
2022-03-18,3360,3385,3340,3365,218493,0.007485029940119681
2022-03-21,3350,3610,3350,3575,2346902,0.06240713224368499
2022-03-22,3620,3970,3520,3770,8095622,0.05454545454545445
2022-03-23,3770,3815,3650,3720,1716864,-0.01326259946949604
2022-03-24,3760,3850,3655,3680,1141295,-0.010752688172043001
2022-03-25,3705,3720,3565,3565,534732,-0.03125
2022-03-28,3555,3680,3555,3650,374779,0.02384291725105192
2022-03-29,3585,3620,3460,3510,733005,-0.0383561643835616
2022-03-30,3495,3605,3460,3585,435915,0.02136752136752129
2022-03-31,3645,3725,3605,3650,622818,0.018131101813110284
2022-04-01,3650,3725,3585,3620,402126,-0.008219178082191747
2022-04-04,3610,3620,3540,3600,278619,-0.0055248618784530246
2022-04-05,3625,3680,3595,3650,345611,0.01388888888888884
2022-04-06,3670,3775,3625,3730,835091,0.021917808219177992
2022-04-07,3730,3740,3565,3585,436166,-0.03887399463806973
2022-04-08,3625,3750,3570,3640,287560,0.015341701534170138
2022-04-11,3700,3780,3645,3760,859799,0.03296703296703307
2022-04-12,3745,3770,3630,3750,425661,-0.0026595744680850686
2022-04-13,3725,3770,3675,3710,297959,-0.010666666666666713
2022-04-14,3720,3875,3685,3820,1092956,0.029649595687331498
2022-04-15,3790,4255,3720,3910,10403443,0.023560209424083878
2022-04-18,4060,4225,3965,4100,6620117,0.04859335038363177
2022-04-19,4245,4640,4100,4385,13162850,0.06951219512195128
2022-04-20,4405,4500,4050,4090,3374000,-0.06727480045610035
2022-04-21,4045,4195,3915,4165,3213048,0.01833740831295838
2022-04-22,4400,5410,4400,5410,21702862,0.2989195678271308
2022-04-25,7030,7030,7030,7030,492436,0.29944547134935307
2022-04-26,8300,9130,8200,9130,4906163,0.29871977240398295
2022-04-27,11300,11850,8020,8970,38450681,-0.017524644030668113
2022-04-28,8700,8890,7390,7790,20622731,-0.13154960981047936
2022-04-29,7400,7660,7050,7220,6950055,-0.07317073170731703
2022-05-02,7500,7860,7220,7390,10943980,0.023545706371191244
2022-05-03,8210,8330,7120,7460,8871723,0.009472259810554773
2022-05-04,7290,7300,6250,6400,4591582,-0.1420911528150134
2022-05-06,6320,6630,5910,6540,3513515,0.02187500000000009
2022-05-09,6360,7100,6330,7100,5357957,0.08562691131498479
2022-05-10,6920,7550,6420,6820,9565953,-0.03943661971830981
2022-05-11,6920,7050,6580,7000,2834754,0.02639296187683282
2022-05-12,6860,6870,6300,6390,2341656,-0.08714285714285719
2022-05-13,6260,6370,5920,6110,2384062,-0.04381846635367759
2022-05-16,6350,7430,6200,7050,23653787,0.15384615384615374
2022-05-17,6910,7020,6150,6250,5039698,-0.11347517730496459
2022-05-18,6160,6990,6050,6370,11563756,0.019200000000000106
2022-05-19,6060,6430,6030,6090,3452078,-0.04395604395604391
2022-05-20,6250,7910,6200,7600,31329282,0.2479474548440066
2022-05-23,7320,8380,6790,8120,17498373,0.06842105263157894
2022-05-24,7690,8040,7290,7360,9030684,-0.09359605911330049
2022-05-25,7250,7400,6950,7000,4052111,-0.048913043478260865
2022-05-26,6890,6900,6470,6490,3524115,-0.07285714285714284
2022-05-27,6650,8110,6550,7290,34434094,0.12326656394453006
2022-05-30,7340,7580,7150,7220,5911031,-0.009602194787380003
2022-05-31,7510,7930,7030,7280,9752566,0.008310249307479145
2022-06-02,7120,7610,7060,7300,4379955,0.0027472527472527375
2022-06-03,7240,7330,6960,6960,2172000,-0.046575342465753455
2022-06-07,7090,7420,6990,7070,4719005,0.015804597701149392
2022-06-08,7060,7060,6670,6790,1640562,-0.03960396039603964
2022-06-09,6690,6720,6320,6380,1512046,-0.06038291605301915
2022-06-10,6330,7230,6320,6810,12332441,0.06739811912225702
2022-06-13,7400,8310,7100,7760,39114138,0.13950073421439058
2022-06-14,7360,7370,6390,6640,6245746,-0.14432989690721654
2022-06-15,6500,7650,6490,6760,16019224,0.01807228915662651
2022-06-16,6600,7010,6590,7010,6265936,0.03698224852071008
2022-06-17,8460,8700,7100,7470,26397703,0.06562054208273893
2022-06-20,7500,9680,7280,9200,66691412,0.23159303882195448
2022-06-21,9350,9460,8580,9290,16798381,0.009782608695652284
2022-06-22,8840,9720,8620,8620,15600616,-0.07212055974165765
2022-06-23,8450,8600,6860,6860,7580162,-0.20417633410672853
2022-06-24,7040,7540,6870,7000,5937657,0.020408163265306145
2022-06-27,6820,7450,6810,7450,4864299,0.06428571428571428
2022-06-28,7350,7660,6980,7100,4790925,-0.046979865771812124
2022-06-29,7650,8300,7490,7600,20105164,0.07042253521126751
2022-06-30,7600,8020,7360,7980,10590392,0.050000000000000044
2022-07-01,7490,7560,6900,7130,4424992,-0.10651629072681701
2022-07-04,7050,7310,6650,6870,2663639,-0.036465638148667656
2022-07-05,6710,6910,6660,6840,1926358,-0.004366812227074246
2022-07-06,6700,6710,6090,6200,4106579,-0.0935672514619883
2022-07-07,6830,7360,6470,6780,18237629,0.09354838709677415
2022-07-08,6810,7100,6650,7070,5371768,0.04277286135693226
2022-07-11,7100,7140,6620,6900,4190353,-0.0240452616690241
2022-07-12,6800,7140,6510,6570,4420718,-0.047826086956521685
2022-07-13,6360,6690,6290,6630,2531038,0.009132420091324311
2022-07-14,6490,6530,6280,6280,1523994,-0.052790346907994
2022-07-15,6150,6220,5790,5810,1930526,-0.07484076433121023
2022-07-18,5820,5950,5750,5910,1398557,0.01721170395869187
2022-07-19,5870,5960,5750,5900,1081066,-0.0016920473773265332
2022-07-20,5900,5940,5800,5880,1040835,-0.003389830508474523
2022-07-21,5840,5870,5700,5700,869760,-0.030612244897959218
2022-07-22,5610,5640,5410,5500,1186507,-0.03508771929824561
2022-07-25,5590,5680,5310,5370,1366331,-0.023636363636363678
2022-07-26,5350,5630,5350,5400,1633925,0.005586592178770999
2022-07-27,5400,5490,5320,5320,575361,-0.014814814814814836
2022-07-28,5360,5390,5140,5220,752014,-0.018796992481203034
2022-07-29,5250,5440,5140,5310,1241142,0.01724137931034475
2022-08-01,5430,5440,5300,5320,560248,0.0018832391713747842
2022-08-02,5280,5290,5130,5180,561965,-0.02631578947368418
2022-08-03,5180,5350,5110,5220,656469,0.007722007722007707
2022-08-04,5240,5260,5100,5110,538408,-0.021072796934865856
2022-08-05,5100,5180,5090,5090,368180,-0.003913894324853229
2022-08-08,5080,5090,4960,5050,536250,-0.007858546168958758
2022-08-09,5040,5050,4940,4945,414083,-0.02079207920792081
2022-08-10,4905,4970,4830,4845,500612,-0.020222446916076886
2022-08-11,4865,4970,4865,4910,507172,0.013415892672858698
2022-08-12,5030,5190,4945,4955,974977,0.009164969450101923
2022-08-16,4950,5090,4870,5000,518811,0.00908173562058523
2022-08-17,5020,6220,5020,5910,33923382,0.18199999999999994
2022-08-18,5830,6850,5760,6230,23834393,0.05414551607445017
2022-08-19,6220,6610,6070,6070,8990867,-0.025682182985553803
2022-08-22,6320,6790,6200,6240,14793011,0.028006589785831926
2022-08-23,6480,6620,6010,6200,5628924,-0.0064102564102563875
2022-08-24,6400,6400,5840,5940,2385624,-0.041935483870967794
2022-08-25,5960,6350,5950,6350,3959204,0.06902356902356899
2022-08-26,6170,6450,6090,6390,4562253,0.006299212598425141
2022-08-29,6570,6600,6240,6240,3394831,-0.023474178403755874
2022-08-30,6280,6350,5980,6050,1586168,-0.03044871794871795
2022-08-31,5960,6100,5890,6030,935790,-0.0033057851239669533
2022-09-01,5980,6160,5600,5630,1985706,-0.06633499170812607
2022-09-02,5600,5750,5350,5440,1027777,-0.03374777975133214
2022-09-05,5360,5680,5330,5420,1479199,-0.003676470588235281
2022-09-06,5330,5440,5250,5290,629833,-0.023985239852398532
2022-09-07,5260,5340,4990,5080,674455,-0.03969754253308133
2022-09-08,5290,5940,5290,5420,7693360,0.06692913385826782
2022-09-13,5460,5620,5380,5610,1055461,0.035055350553505615
2022-09-14,5450,5940,5300,5800,4265082,0.033868092691622165
2022-09-15,5910,6030,5750,5760,2293878,-0.006896551724137945
2022-09-16,5690,5740,5360,5370,984261,-0.06770833333333337
2022-09-19,5430,5780,5330,5330,2109691,-0.007448789571694592
2022-09-20,5330,5400,5200,5260,510889,-0.013133208255159512
2022-09-21,5580,5800,5260,5460,2533279,0.03802281368821303
2022-09-22,5660,6920,5610,6560,29071562,0.20146520146520142
2022-09-23,6620,6880,5920,6000,8199452,-0.08536585365853655
2022-09-26,5870,6690,5820,6200,17487236,0.03333333333333344
2022-09-27,6010,6090,5420,5610,3313344,-0.0951612903225807
2022-09-28,5550,6030,5350,5350,5174292,-0.04634581105169344
2022-09-29,5420,5600,5300,5600,2520301,0.04672897196261672
2022-09-30,5850,6030,5350,5370,3573554,-0.04107142857142854
2022-10-04,5350,5550,5210,5540,1582722,0.03165735567970196
2022-10-05,5550,5950,5440,5950,5355761,0.07400722021660644
2022-10-06,6180,6230,5820,5820,5680483,-0.021848739495798353
2022-10-07,5730,6190,5700,6110,4943837,0.04982817869415812
2022-10-11,6220,6280,5900,6170,4567488,0.009819967266775809
2022-10-12,5940,5970,5610,5640,1720589,-0.08589951377633709
2022-10-13,5540,5540,5090,5140,1748443,-0.08865248226950351
2022-10-14,5150,5400,5150,5260,1260811,0.023346303501945442
2022-10-17,5110,5200,4950,5150,690442,-0.020912547528517123
2022-10-18,5200,5280,5120,5210,632628,0.011650485436893288
2022-10-19,5250,5380,5110,5160,732119,-0.009596928982725572
2022-10-20,5150,5180,4985,5000,690545,-0.03100775193798455
2022-10-21,4950,5010,4755,4755,829601,-0.049000000000000044
2022-10-24,4850,4905,4715,4830,688236,0.01577287066246047
2022-10-25,4750,4805,4695,4695,460719,-0.02795031055900621
2022-10-26,4700,4710,4510,4555,474811,-0.029818956336528202
2022-10-27,4510,4595,4510,4560,343527,0.001097694840834329
2022-10-28,4505,4545,4395,4395,422069,-0.03618421052631582
2022-10-31,5000,5030,4640,4780,2495781,0.08759954493742894
2022-11-01,4720,4970,4645,4700,1299252,-0.01673640167364021
2022-11-02,4750,4750,4580,4600,490922,-0.021276595744680882
2022-11-03,4415,4435,4295,4435,618495,-0.035869565217391264
2022-11-04,4390,4420,4320,4355,477342,-0.018038331454340528
2022-11-07,4355,4415,4280,4405,323181,0.01148105625717566
2022-11-08,4405,4450,4360,4430,307261,0.00567536889897835
2022-11-09,4430,4435,4370,4420,268877,-0.0022573363431150906
2022-11-10,4415,4565,4315,4565,646032,0.0328054298642535
2022-11-11,4600,4600,4485,4530,672398,-0.00766703176341732
2022-11-14,4535,4570,4490,4495,369066,-0.007726269315673329
2022-11-15,4480,4565,4410,4540,371031,0.010011123470522909
2022-11-16,4610,5130,4590,4700,6872322,0.03524229074889873
2022-11-17,4665,4695,4505,4505,680620,-0.04148936170212769
2022-11-18,4465,4525,4435,4435,367512,-0.015538290788013276
2022-11-21,4370,4395,4320,4320,323619,-0.025930101465614475
2022-11-22,4225,4315,4220,4265,218133,-0.01273148148148151
2022-11-23,4270,4350,4270,4320,199838,0.01289566236811246
2022-11-24,4325,4360,4310,4315,212164,-0.0011574074074074403
2022-11-25,4325,4335,4265,4305,184318,-0.002317497103128674
2022-11-28,4305,4305,4200,4205,215918,-0.023228803716608626
2022-11-29,4155,4200,4135,4195,189390,-0.0023781212841854638
2022-11-30,4150,4245,4150,4230,138017,0.008343265792610355
2022-12-01,4245,4270,4230,4245,151789,0.0035460992907800915
2022-12-02,4230,4270,4205,4205,172489,-0.009422850412249661
2022-12-05,4180,4205,4155,4170,149964,-0.008323424494649179
2022-12-06,4125,4130,3980,3995,360646,-0.04196642685851315
2022-12-07,4055,4645,4050,4080,8068349,0.02127659574468077
2022-12-08,4165,4490,4130,4230,4547081,0.03676470588235303
2022-12-09,4230,4230,4050,4065,745658,-0.03900709219858156
2022-12-12,4080,4120,4060,4065,505664,0.0
2022-12-13,4045,4075,4020,4045,337832,-0.004920049200492049
2022-12-14,4050,4110,4030,4100,330362,0.013597033374536549
2022-12-15,4105,4125,4065,4090,220735,-0.0024390243902439046
2022-12-16,4065,4070,4020,4035,186111,-0.01344743276283622
2022-12-19,4010,4045,3940,3940,370333,-0.023543990086741018
2022-12-20,3945,4190,3945,3990,1647478,0.012690355329949332
2022-12-21,3990,4005,3945,3955,244141,-0.00877192982456143
2022-12-22,3985,4040,3950,3955,187502,0.0
2022-12-23,3885,3900,3720,3740,394637,-0.05436156763590394
2022-12-26,3740,3740,3605,3605,276343,-0.03609625668449201
2022-12-27,3545,3650,3545,3570,284756,-0.009708737864077666
2022-12-28,3545,3640,3545,3565,193275,-0.0014005602240896309
2022-12-29,3550,3560,3405,3470,267098,-0.02664796633941091
2023-01-02,3440,3525,3360,3360,220489,-0.03170028818443804
2023-01-03,3345,3680,3285,3565,1387375,0.061011904761904656
2023-01-04,3470,3535,3415,3510,289191,-0.015427769985974726
2023-01-05,3480,3570,3480,3515,233596,0.0014245014245013454
2023-01-06,3460,3615,3455,3580,264030,0.01849217638691325
2023-01-09,3580,3645,3560,3620,183382,0.011173184357541999
2023-01-10,3600,3665,3590,3615,157188,-0.0013812154696132284
2023-01-11,3615,3690,3615,3690,186499,0.020746887966804906
2023-01-12,3700,3775,3640,3730,337833,0.01084010840108407
2023-01-13,3910,3915,3700,3730,668332,0.0
2023-01-16,3700,3765,3700,3720,241686,-0.002680965147453085
2023-01-17,3715,3805,3660,3675,396054,-0.012096774193548376
2023-01-18,3730,3755,3585,3590,266730,-0.023129251700680253
2023-01-19,3565,3665,3550,3560,181015,-0.00835654596100277
2023-01-20,3525,3600,3515,3585,101114,0.0070224719101124045
2023-01-25,3605,3640,3595,3625,141390,0.01115760111576014
2023-01-26,3595,3760,3595,3760,609180,0.03724137931034477
2023-01-27,3910,3945,3730,3760,1131134,0.0
2023-01-30,3770,3995,3740,3785,1616199,0.0066489361702126715
2023-01-31,3775,3820,3680,3695,293817,-0.023778071334214057
2023-02-01,3715,3725,3660,3720,208602,0.006765899864682012
2023-02-02,3710,3765,3700,3760,236741,0.010752688172043001
2023-02-03,3770,3790,3725,3755,179348,-0.0013297872340425343
2023-02-06,3740,3815,3725,3810,219792,0.01464713715046595
2023-02-07,3800,3820,3770,3800,202749,-0.002624671916010457
2023-02-08,3830,3855,3800,3825,202036,0.006578947368421018
2023-02-09,3825,3835,3760,3760,230656,-0.016993464052287632
2023-02-10,3795,3840,3710,3770,335568,0.0026595744680850686
2023-02-13,3820,3890,3745,3745,490951,-0.006631299734747964
2023-02-14,3725,3810,3720,3750,225046,0.001335113484646211
2023-02-15,3740,3750,3525,3540,508516,-0.05600000000000005
2023-02-16,3545,3625,3545,3595,163301,0.015536723163841915
2023-02-17,3530,3630,3530,3620,182413,0.006954102920723182
2023-02-20,3590,3680,3590,3665,173804,0.012430939226519389
2023-02-21,3660,3750,3650,3685,224148,0.005457025920873049
2023-02-22,3890,4790,3880,4645,27158764,0.2605156037991858
2023-02-23,4460,4500,4350,4360,3318226,-0.06135629709364909
2023-02-24,4350,4385,4190,4220,1740365,-0.032110091743119296
2023-02-27,4150,4195,4030,4075,954187,-0.034360189573459765
2023-02-28,4060,4145,4040,4085,1046735,0.0024539877300613355
2023-03-02,4085,4210,4070,4130,1139188,0.01101591187270512
2023-03-03,4130,4175,4055,4150,571294,0.004842615012106588
2023-03-06,4150,4155,3780,4005,1116340,-0.034939759036144546
2023-03-07,4005,4105,3945,4070,778550,0.01622971285892638
2023-03-08,4020,4150,3985,4020,895104,-0.012285012285012331
2023-03-09,4020,4070,3845,4040,929914,0.004975124378109541
2023-03-10,4095,4095,3830,3870,885896,-0.04207920792079212
2023-03-13,3850,3935,3695,3900,637589,0.007751937984496138
2023-03-14,3715,3785,3380,3400,1889693,-0.1282051282051282
2023-03-15,3500,3560,3460,3550,550808,0.044117647058823595
2023-03-16,3485,3530,3420,3475,347527,-0.021126760563380254
2023-03-17,3520,3615,3480,3600,348950,0.03597122302158273
2023-03-20,3545,3655,3535,3605,206202,0.001388888888888884
2023-03-21,3625,3655,3540,3560,237087,-0.012482662968099856
2023-03-22,3565,3595,3505,3520,216435,-0.011235955056179803
2023-03-23,3500,3505,3420,3420,284168,-0.02840909090909094
2023-03-24,3410,3505,3385,3505,197084,0.024853801169590684
2023-03-27,3510,3615,3430,3510,245775,0.0014265335235377208
2023-03-28,3475,3635,3475,3635,287659,0.035612535612535634
2023-03-29,3600,3630,3585,3620,184292,-0.004126547455295726
2023-03-30,3625,3670,3590,3650,342553,0.008287292817679592
2023-03-31,3655,3700,3620,3640,316878,-0.002739726027397249
2023-04-03,3650,3675,3605,3660,222725,0.005494505494505475
2023-04-04,3655,3745,3650,3730,349669,0.0191256830601092
2023-04-05,3705,3735,3665,3720,162116,-0.002680965147453085
2023-04-06,3720,3725,3640,3650,161537,-0.018817204301075252
2023-04-07,3645,3725,3645,3685,143732,0.009589041095890316
2023-04-10,3680,3695,3535,3550,251820,-0.03663500678426057
2023-04-11,3580,3620,3465,3600,166156,0.014084507042253502
2023-04-12,3570,3670,3570,3650,158618,0.01388888888888884
2023-04-13,3655,3690,3610,3690,200521,0.010958904109588996
2023-04-14,3720,3740,3670,3690,250785,0.0
2023-04-17,3720,3780,3705,3775,358908,0.023035230352303593
2023-04-18,3845,3855,3740,3740,399463,-0.009271523178807972
2023-04-19,3755,3925,3740,3925,749502,0.04946524064171132
2023-04-20,3880,4235,3770,4100,9547201,0.04458598726114649
2023-04-21,3970,4700,3950,4115,14691873,0.003658536585365857
2023-04-24,4410,4410,3970,4040,3185931,-0.018226002430133614
2023-04-25,3980,4020,3775,3890,1888666,-0.03712871287128716
2023-04-26,3805,4385,3790,4205,12326790,0.08097686375321334
2023-04-27,4070,4415,3885,4050,4485356,-0.03686087990487519
2023-04-28,4180,4260,3930,4140,2178559,0.022222222222222143
2023-05-02,4030,4135,3985,4100,1177837,-0.009661835748792313
2023-05-03,4090,4530,4065,4345,8785868,0.05975609756097566
2023-05-04,4435,4460,4000,4045,2474528,-0.0690448791714614
2023-05-08,4180,4890,4140,4600,16507645,0.13720642768850433
2023-05-09,5280,5280,4340,4365,11076551,-0.05108695652173911
2023-05-10,4750,5050,4410,4475,7766255,0.025200458190148822
2023-05-11,4340,4400,4220,4220,1565354,-0.05698324022346368
2023-05-12,4225,4240,3980,4000,1418341,-0.05213270142180093
2023-05-15,3965,4120,3895,4060,1105911,0.014999999999999902
2023-05-16,4060,4390,4030,4345,3623569,0.07019704433497531
2023-05-17,4285,4330,4100,4190,1190380,-0.03567318757192173
2023-05-18,3900,4000,3780,3945,1560156,-0.05847255369928406
2023-05-19,3930,4035,3885,3985,779703,0.010139416983523386
2023-05-22,4005,4160,4000,4070,958866,0.02132998745294845
2023-05-23,4015,4070,3990,3990,365029,-0.019656019656019708
2023-05-24,4025,4570,4025,4290,11915489,0.07518796992481214
2023-05-25,4290,4890,4250,4510,15941834,0.05128205128205132
2023-05-26,4445,4460,4235,4295,3118458,-0.047671840354767236
2023-05-30,4230,4260,4105,4150,976708,-0.033760186263096625
2023-05-31,4080,4325,4075,4220,1771299,0.01686746987951815
2023-06-01,4220,4280,4120,4145,582404,-0.017772511848341277
2023-06-02,4155,4300,4155,4255,822160,0.026537997587454676
2023-06-05,4255,4430,4215,4375,1125014,0.02820211515863691
2023-06-07,4420,4465,4335,4395,1145181,0.004571428571428671
2023-06-08,4660,4750,4415,4425,3048552,0.006825938566553003
2023-06-09,4440,4730,4435,4515,2883994,0.02033898305084736
2023-06-12,4560,4590,4340,4365,1246097,-0.03322259136212624
2023-06-13,4380,4390,4275,4335,616797,-0.0068728522336769515
2023-06-14,4405,4510,4290,4500,2111774,0.03806228373702414
2023-06-15,4600,5000,4510,4595,11483995,0.02111111111111108
2023-06-16,4600,4700,4515,4550,1598680,-0.009793253536452662
2023-06-19,4700,4840,4615,4655,3024784,0.023076923076922995
2023-06-20,4605,4670,4455,4480,943647,-0.03759398496240607
2023-06-21,4485,4550,4405,4510,648911,0.006696428571428603
2023-06-22,4580,4685,4435,4440,1051914,-0.01552106430155209
2023-06-23,4440,4480,4185,4195,792406,-0.05518018018018023
2023-06-26,4195,4240,4100,4170,313864,-0.005959475566150174
2023-06-27,4170,4200,4115,4195,322421,0.005995203836930418
2023-06-28,4180,4285,4170,4285,447220,0.021454112038140627
2023-06-29,4275,4300,4125,4170,411611,-0.02683780630105015
2023-06-30,4145,4265,4140,4200,355864,0.007194244604316502
2023-07-03,4165,4265,4165,4245,266039,0.010714285714285676
2023-07-04,4210,4235,4060,4115,371086,-0.03062426383981154
2023-07-05,4160,4205,4095,4140,291306,0.0060753341433779084
2023-07-06,4105,4105,4010,4025,336838,-0.02777777777777779
2023-07-07,4000,4030,3840,3885,374314,-0.034782608695652195
2023-07-10,3870,4000,3810,3940,242964,0.014157014157014203
2023-07-11,3940,3975,3895,3920,203317,-0.005076142131979711
2023-07-12,3940,3940,3855,3900,236101,-0.005102040816326481
2023-07-13,3890,4000,3890,3950,236017,0.012820512820512775
2023-07-14,4010,4245,3975,4115,1541878,0.04177215189873418
2023-07-17,4130,4180,4010,4175,629364,0.014580801944106936
2023-07-18,4385,4430,4070,4165,1863993,-0.0023952095808382756
2023-07-19,4215,4270,4085,4115,574222,-0.01200480192076836
2023-07-20,4200,4280,4095,4220,725147,0.025516403402187082
2023-07-21,4295,4310,4105,4125,515842,-0.02251184834123221
2023-07-24,4075,4120,3880,3900,554625,-0.054545454545454564
2023-07-25,3940,4090,3855,3855,505492,-0.011538461538461497
2023-07-26,3855,3910,3480,3665,639408,-0.04928664072632949
2023-07-27,3625,3735,3625,3630,264778,-0.009549795361528002
2023-07-28,3565,3720,3565,3710,171549,0.02203856749311295
2023-07-31,3735,3820,3735,3795,144505,0.022911051212938016
2023-08-01,3795,3860,3770,3825,164548,0.007905138339920903
2023-08-02,3850,3875,3760,3760,173488,-0.016993464052287632
2023-08-03,3720,3750,3615,3635,262797,-0.0332446808510638
2023-08-04,3600,3760,3600,3675,211790,0.011004126547455195
2023-08-07,3785,3960,3745,3960,778523,0.07755102040816331
2023-08-08,4050,4095,3785,3800,702119,-0.04040404040404044
2023-08-09,3735,3840,3730,3820,146969,0.0052631578947368585
2023-08-10,3765,3870,3760,3820,148935,0.0
2023-08-11,3785,3870,3780,3810,190328,-0.002617801047120394
2023-08-14,3810,3815,3665,3675,213911,-0.03543307086614178
2023-08-16,3630,3680,3565,3610,243676,-0.017687074829931926
2023-08-17,3560,3600,3510,3570,117876,-0.011080332409972304
2023-08-18,3505,3610,3505,3565,98366,-0.0014005602240896309
2023-08-21,3565,3635,3560,3605,74035,0.011220196353436185
2023-08-22,3620,3860,3535,3705,542039,0.0277392510402219
2023-08-23,3655,3770,3600,3655,219815,-0.013495276653171406
2023-08-24,3650,3720,3640,3695,143108,0.010943912448700521
2023-08-25,3725,3850,3710,3775,436863,0.021650879566982306
2023-08-28,3790,3830,3755,3775,125081,0.0
2023-08-29,3775,3835,3735,3775,130218,0.0
2023-08-30,3785,3800,3715,3725,109281,-0.013245033112582738
2023-08-31,3710,3755,3660,3680,117719,-0.012080536912751683
2023-09-01,3660,3660,3615,3630,132276,-0.013586956521739135
2023-09-04,3630,3650,3595,3600,90684,-0.008264462809917328
2023-09-05,3615,3650,3590,3605,91686,0.001388888888888884
2023-09-06,3630,3630,3590,3590,108859,-0.004160887656033285
2023-09-07,3590,3620,3505,3545,125159,-0.012534818941504211
2023-09-08,3710,3885,3600,3610,1127548,0.01833568406205921
2023-09-11,3605,3610,3515,3525,214321,-0.023545706371191133
2023-09-12,3525,3575,3515,3530,114644,0.0014184397163119478
2023-09-13,3500,3615,3500,3535,126177,0.0014164305949009304
2023-09-14,3500,3540,3500,3530,101412,-0.0014144271570014633
2023-09-15,3530,3570,3530,3550,82401,0.0056657223796034994
2023-09-18,3565,3565,3500,3515,119306,-0.009859154929577452
2023-09-19,3500,3515,3440,3440,209915,-0.02133712660028453
2023-09-20,3420,3470,3415,3430,64161,-0.0029069767441860517
2023-09-21,3430,3435,3310,3320,123723,-0.03206997084548102
2023-09-22,3240,3340,3215,3285,94035,-0.010542168674698815
2023-09-25,3225,3330,3225,3250,86923,-0.010654490106544956
2023-09-26,3215,3295,3165,3170,100758,-0.024615384615384595
2023-09-27,3110,3290,3110,3285,66375,0.0362776025236593
2023-10-04,3250,3290,3115,3170,77811,-0.03500761035007616
2023-10-05,3140,3190,3070,3070,108146,-0.03154574132492116
2023-10-06,3030,3160,3030,3145,65517,0.02442996742671011
2023-10-10,3170,3485,3165,3370,653835,0.07154213036565982
2023-10-11,3275,3325,3255,3305,193595,-0.01928783382789323
2023-10-12,3300,3330,3285,3315,75994,0.00302571860816947
2023-10-13,3315,4080,3315,3725,11649969,0.12368024132730016
2023-10-16,3740,4090,3500,3635,5441418,-0.024161073825503365
2023-10-17,3640,3750,3630,3630,767460,-0.0013755158184318717
2023-10-18,3630,3815,3580,3620,940753,-0.0027548209366391463
2023-10-19,3580,3710,3425,3445,525274,-0.048342541436464104
2023-10-20,3550,3610,3290,3320,538362,-0.036284470246734424
2023-10-23,3305,3495,3300,3320,440711,0.0
2023-10-24,3330,3370,3065,3315,729256,-0.001506024096385561
2023-10-25,3355,3570,3325,3395,629362,0.02413273001508287
2023-10-26,3335,3420,3200,3220,282670,-0.05154639175257736
2023-10-27,3220,3350,3150,3150,220256,-0.021739130434782594
2023-10-30,3100,3190,3070,3165,250112,0.004761904761904745
2023-10-31,3165,3255,3080,3095,184441,-0.02211690363349128
2023-11-01,3135,3170,3095,3120,70431,0.008077544426494443
2023-11-02,3180,3220,3130,3195,138123,0.024038461538461453
2023-11-03,3215,3270,3160,3240,162877,0.014084507042253502
2023-11-06,3275,3320,3215,3295,194895,0.016975308641975273
2023-11-07,3295,3305,3075,3235,155723,-0.018209408194233667
2023-11-08,3250,3285,3185,3230,118060,-0.0015455950540957941
2023-11-09,3250,3250,3155,3175,121972,-0.017027863777089758
2023-11-10,3220,3220,3090,3125,137125,-0.015748031496062964
2023-11-13,3145,3150,3085,3085,93752,-0.012800000000000034
2023-11-14,3080,3180,3080,3175,63001,0.029173419773095732
2023-11-15,3200,3220,3170,3190,93194,0.0047244094488188
2023-11-16,3190,3220,3155,3200,64912,0.0031347962382444194
2023-11-17,3200,3200,3110,3125,81698,-0.0234375
2023-11-20,3125,3195,3110,3185,69365,0.019200000000000106
2023-11-21,3185,3210,3150,3195,117063,0.0031397174254317317
2023-11-22,3205,3255,3150,3240,169527,0.014084507042253502
2023-11-23,3220,3265,3155,3190,184425,-0.015432098765432056
2023-11-24,3200,3255,3190,3225,82147,0.01097178683385569
2023-11-27,3250,3250,3160,3165,70036,-0.018604651162790753
2023-11-28,3155,3180,3125,3125,107393,-0.012638230647709303
2023-11-29,3120,3140,3095,3125,108712,0.0
2023-11-30,3110,3140,3110,3135,75225,0.0032000000000000917
2023-12-01,3125,3145,3105,3110,63666,-0.00797448165869219
2023-12-04,3115,3130,3085,3095,96158,-0.004823151125401881
2023-12-05,3090,3120,3085,3100,68369,0.001615508885298933
2023-12-06,3095,3145,3065,3135,63340,0.011290322580645107
2023-12-07,3130,3130,3085,3095,57700,-0.012759170653907526
2023-12-08,3110,3290,3110,3140,247140,0.01453957996768973
2023-12-11,3160,3165,3120,3130,68736,-0.0031847133757961776
2023-12-12,3125,3200,3125,3160,102039,0.009584664536741228
2023-12-13,3155,3155,3105,3120,67054,-0.012658227848101222
2023-12-14,3125,3150,3095,3095,102276,-0.008012820512820484
2023-12-15,3090,3115,3090,3100,72659,0.001615508885298933
2023-12-18,3100,3120,3095,3115,66411,0.004838709677419395
2023-12-19,3100,3130,3100,3120,66075,0.0016051364365972098
2023-12-20,3120,3160,3115,3135,63659,0.004807692307692291
2023-12-21,3120,3145,3100,3110,88931,-0.00797448165869219
2023-12-22,3110,3170,3100,3110,88626,0.0
2023-12-26,3110,3135,3100,3100,93712,-0.003215434083601254
2023-12-27,3095,3195,3095,3130,218776,0.00967741935483879
2023-12-28,3115,3155,3075,3140,82897,0.0031948881789136685
2024-01-02,3140,3175,3105,3150,93935,0.0031847133757962887
2024-01-03,3145,3160,3110,3135,51403,-0.004761904761904745
2024-01-04,3135,3370,3115,3200,1242886,0.020733652312599604
2024-01-05,3185,3185,3140,3145,160807,-0.017187500000000022
2024-01-08,3145,3205,3145,3180,123023,0.0111287758346581
2024-01-09,3175,3230,3170,3220,146924,0.012578616352201255
2024-01-10,3220,3230,3165,3175,104277,-0.013975155279503104
2024-01-11,3175,3210,3160,3185,83683,0.0031496062992126816
2024-01-12,3210,3300,3170,3210,535209,0.007849293563579218
2024-01-15,3280,3350,3220,3265,572731,0.017133956386292892
2024-01-16,3190,3260,3185,3205,249154,-0.018376722817764146
2024-01-17,3220,3495,3170,3495,3261941,0.09048361934477378
2024-01-18,4000,4100,3410,3410,7483777,-0.024320457796852657
2024-01-19,3345,3560,3300,3505,1623350,0.027859237536656867
2024-01-22,3410,3415,3270,3305,717721,-0.05706134094151216
2024-01-23,3240,3320,3230,3270,382194,-0.010590015128593033
2024-01-24,3270,3340,3170,3175,356617,-0.02905198776758411
2024-01-25,3200,3225,3150,3170,211943,-0.0015748031496063408
2024-01-26,3140,3195,3135,3155,159681,-0.004731861198738141
2024-01-29,3165,3240,3165,3195,225715,0.01267828843106189
2024-01-30,3170,3210,3155,3170,169502,-0.007824726134585291
2024-01-31,3140,3190,3140,3155,139368,-0.004731861198738141
2024-02-01,3140,3190,3135,3160,105542,0.0015847860538826808
2024-02-02,3160,3225,3145,3210,104164,0.015822784810126667
2024-02-05,3215,3230,3180,3220,71281,0.0031152647975076775
2024-02-06,3195,3225,3150,3165,113983,-0.017080745341614856
2024-02-07,3155,3215,3155,3195,65741,0.009478672985782088
2024-02-08,3195,3215,3170,3200,73486,0.0015649452269170805
2024-02-13,3220,3220,3160,3215,112326,0.004687499999999956
2024-02-14,3210,3245,3200,3245,148241,0.009331259720062102
2024-02-15,3235,3260,3205,3220,128441,-0.007704160246533087
2024-02-16,3215,3245,3200,3240,109329,0.006211180124223503
2024-02-19,3220,3265,3215,3225,99919,-0.00462962962962965
2024-02-20,3195,3400,3190,3225,242580,0.0
2024-02-21,3225,3260,3220,3235,106491,0.0031007751937983663
2024-02-22,3230,3240,3200,3225,88974,-0.0030911901081916993
2024-02-23,3240,3240,3175,3200,122954,-0.007751937984496138
2024-02-26,3200,3200,3155,3180,68414,-0.006249999999999978
2024-02-27,3165,3180,3120,3125,130333,-0.01729559748427678
2024-02-28,3130,3155,3130,3130,46177,0.0016000000000000458
2024-02-29,3135,3150,3100,3130,66237,0.0
2024-03-04,3130,3145,3090,3130,78256,0.0
2024-03-05,3110,3130,3080,3080,88605,-0.015974440894568676
2024-03-06,3060,3100,3055,3055,76887,-0.008116883116883078
2024-03-07,3055,3070,3015,3030,95201,-0.008183306055646433
2024-03-08,3030,3045,3020,3035,48509,0.0016501650165017256
2024-03-11,3035,3075,3015,3070,52942,0.011532125205930832
2024-03-12,3085,3085,3050,3075,31075,0.0016286644951140072
2024-03-13,3080,3150,3050,3095,115229,0.006504065040650486
2024-03-14,3095,3110,3055,3080,45162,-0.004846526655896577
2024-03-15,3075,3100,3055,3090,50860,0.0032467532467532756
2024-03-18,3065,3100,3045,3095,60930,0.0016181229773462036
2024-03-19,3085,3145,3075,3095,128194,0.0
2024-03-20,3105,3135,3080,3130,111859,0.011308562197092087
2024-03-21,3145,3200,3130,3150,154305,0.006389776357827559
2024-03-22,3150,3200,3130,3170,62546,0.006349206349206327
2024-03-25,3170,3440,3155,3410,2555592,0.0757097791798107
2024-03-26,3255,3335,3235,3295,551413,-0.03372434017595305
2024-03-27,3295,3310,3190,3190,263710,-0.03186646433990892
2024-03-28,3185,3245,3165,3165,136741,-0.00783699059561127
2024-03-29,3175,3255,3125,3145,318005,-0.006319115323854652
2024-04-01,3115,3200,3110,3150,88591,0.0015898251192367763
2024-04-02,3150,3295,3115,3225,331254,0.023809523809523725
2024-04-03,3235,3275,3185,3220,233982,-0.0015503875968991832
2024-04-04,3185,3260,3160,3170,94471,-0.01552795031055898
2024-04-05,3170,3255,3170,3200,219084,0.009463722397476282
2024-04-08,3200,3265,3180,3215,187080,0.004687499999999956
2024-04-09,3200,3250,3170,3195,142246,-0.0062208398133748455
2024-04-11,3195,3235,3185,3210,143284,0.0046948356807512415
2024-04-12,3210,3215,3135,3145,153296,-0.02024922118380057
2024-04-15,3155,3235,3155,3180,215171,0.0111287758346581
2024-04-16,3150,3230,3150,3150,268924,-0.009433962264150941
2024-04-17,3140,3245,3120,3150,242206,0.0
2024-04-18,3130,3170,3130,3165,100075,0.004761904761904745
2024-04-19,3170,3310,3130,3170,1051110,0.0015797788309637184
2024-04-22,3145,3190,3130,3145,197286,-0.007886435331230235
2024-04-23,3140,3190,3130,3135,128656,-0.0031796502384737746
2024-04-24,3125,3155,3120,3140,87853,0.0015948963317384823
2024-04-25,3130,3165,3110,3130,115899,-0.0031847133757961776
2024-04-26,3135,3135,3070,3115,121699,-0.004792332268370614
2024-04-29,3105,3140,3075,3120,44005,0.0016051364365972098
2024-04-30,3085,3120,3085,3110,63286,-0.0032051282051281937
2024-05-02,3110,3125,3080,3095,50634,-0.004823151125401881
2024-05-03,3110,3125,3090,3105,42266,0.003231017770597644
2024-05-07,3120,3170,3105,3170,193823,0.02093397745571668
2024-05-08,3255,3350,3170,3185,724682,0.004731861198738141
2024-05-09,3205,3220,3160,3205,232819,0.006279434850863463
2024-05-10,3400,3450,3240,3275,1000588,0.021840873634945357
2024-05-13,3280,3290,3200,3210,241384,-0.01984732824427482
2024-05-14,3205,3250,3200,3200,165911,-0.0031152647975077885
2024-05-16,3200,3235,3180,3210,91752,0.0031250000000000444
2024-05-17,3200,3295,3195,3245,209541,0.010903426791277315
2024-05-20,3240,3260,3215,3250,138883,0.0015408320493066618
2024-05-21,3255,3305,3235,3285,252585,0.010769230769230864
2024-05-22,3295,3380,3260,3375,358274,0.027397260273972712
2024-05-23,3330,3330,3200,3205,307114,-0.0503703703703704
2024-05-24,3205,3285,3200,3260,126640,0.01716068642745716
2024-05-27,3270,3290,3230,3250,83431,-0.0030674846625766694
2024-05-28,3240,3310,3235,3285,171320,0.010769230769230864
2024-05-29,3250,3295,3245,3245,146579,-0.0121765601217656
2024-05-30,3230,3245,3160,3170,112488,-0.023112480739599373
2024-05-31,3185,3245,3175,3220,67194,0.01577287066246047
2024-06-03,3230,3305,3205,3285,139604,0.020186335403726607
2024-06-04,3275,3275,3200,3215,77782,-0.0213089802130898
2024-06-05,3220,3240,3170,3190,63947,-0.007776049766718529
2024-06-07,3160,3210,3145,3180,70787,-0.0031347962382445305
2024-06-10,3185,3240,3165,3225,87497,0.014150943396226356
2024-06-11,3245,3245,3155,3185,46801,-0.012403100775193798
2024-06-12,3215,3250,3170,3220,61405,0.01098901098901095
2024-06-13,3215,3230,3190,3190,46270,-0.009316770186335366
2024-06-14,3210,3275,3185,3250,182212,0.018808777429467183
2024-06-17,3270,3340,3265,3310,220132,0.01846153846153853
2024-06-18,3310,3325,3225,3285,95434,-0.007552870090634434
2024-06-19,3285,3285,3185,3200,99023,-0.025875190258751957
2024-06-20,3200,3225,3180,3205,48865,0.0015624999999999112
2024-06-21,3170,3200,3125,3135,132240,-0.021840873634945357
2024-06-24,3145,3250,3080,3090,93559,-0.014354066985645897
2024-06-25,3100,3130,3050,3130,34488,0.012944983818770295
2024-06-26,3130,3130,3075,3090,53463,-0.012779552715655007
2024-06-27,3090,3105,3080,3080,29637,-0.003236245954692518
2024-06-28,3070,3100,3070,3100,26665,0.006493506493506551
2024-07-01,3100,3105,3070,3085,33506,-0.004838709677419395
2024-07-02,3085,3100,3035,3050,53570,-0.011345218800648316
2024-07-03,3050,3055,2950,2955,155228,-0.031147540983606503
2024-07-04,2980,3020,2930,2940,64523,-0.005076142131979711
2024-07-05,2955,3000,2925,2935,40446,-0.00170068027210879
2024-07-08,2930,2980,2925,2960,39116,0.008517887563884052
2024-07-09,3055,3055,2945,2950,48063,-0.0033783783783783994
2024-07-10,2950,2975,2910,2975,71291,0.008474576271186418
2024-07-11,2985,2990,2945,2955,38060,-0.006722689075630228
2024-07-12,2975,2975,2940,2955,21025,0.0
2024-07-15,2975,2975,2950,2960,31552,0.0016920473773265332
2024-07-16,2940,2960,2925,2955,32713,-0.0016891891891891442
2024-07-17,2940,2965,2935,2945,22164,-0.0033840947546531774
2024-07-18,2940,2955,2905,2910,74117,-0.011884550084889645
2024-07-19,2880,2920,2835,2870,77726,-0.013745704467353903
2024-07-22,2870,2915,2800,2835,48127,-0.012195121951219523
2024-07-23,2845,2865,2820,2830,29459,-0.0017636684303351524
2024-07-24,2865,2865,2825,2845,35303,0.005300353356890497
2024-07-25,2840,2840,2730,2790,89889,-0.019332161687170446
2024-07-26,2790,2800,2700,2760,49157,-0.010752688172043001
2024-07-29,2760,2955,2760,2810,54023,0.018115942028985588
2024-07-30,2800,2820,2750,2755,35233,-0.019572953736654797
2024-07-31,2755,2835,2750,2815,29127,0.02177858439201441
2024-08-01,2790,2845,2790,2835,16091,0.007104795737122638
2024-08-02,2805,2955,2805,2815,326092,-0.007054673721340388
2024-08-05,2815,2890,2375,2450,319978,-0.12966252220248664
2024-08-06,2450,2635,2450,2630,103373,0.07346938775510203
2024-08-07,2570,2695,2570,2660,66945,0.011406844106463865
2024-08-08,2635,2660,2560,2605,34315,-0.020676691729323293
2024-08-09,2605,2675,2605,2620,47908,0.0057581573896352545
2024-08-12,2610,2660,2610,2650,27534,0.011450381679389388
2024-08-13,2660,2745,2650,2710,76585,0.02264150943396226
2024-08-14,2700,2725,2690,2715,27530,0.0018450184501845879
2024-08-16,2725,2730,2655,2660,65986,-0.02025782688766109
2024-08-19,2660,2685,2620,2675,42060,0.005639097744360999
2024-08-20,2650,2705,2650,2705,24467,0.01121495327102795
2024-08-21,2705,2705,2630,2675,39775,-0.011090573012939031
2024-08-22,2670,2675,2605,2610,41159,-0.024299065420560706
2024-08-23,2605,2610,2550,2585,62622,-0.009578544061302652
2024-08-26,2600,2610,2560,2570,42014,-0.005802707930367523
2024-08-27,2565,2595,2545,2590,31394,0.0077821011673151474
2024-08-28,2610,2610,2525,2555,54533,-0.013513513513513487
2024-08-29,2555,2565,2530,2545,30475,-0.003913894324853229
2024-08-30,2545,2590,2545,2590,13828,0.017681728880157177
2024-09-02,2600,2600,2525,2595,28714,0.0019305019305020377
2024-09-03,2620,2620,2585,2585,25687,-0.003853564547206201
2024-09-04,2550,2565,2435,2510,98592,-0.029013539651837505
2024-09-05,2500,2525,2465,2480,35851,-0.01195219123505975
2024-09-06,2485,2485,2370,2385,80555,-0.03830645161290325
2024-09-09,2375,2410,2330,2405,43915,0.008385744234800763
2024-09-10,2390,2405,2360,2360,46184,-0.018711018711018657
2024-09-11,2365,2375,2335,2340,26242,-0.008474576271186418
2024-09-12,2345,2535,2345,2410,179290,0.029914529914529808
2024-09-13,2415,2430,2370,2410,48874,0.0
2024-09-19,2410,2430,2400,2415,33813,0.0020746887966804906
2024-09-20,2410,2440,2410,2430,38904,0.006211180124223503
2024-09-23,2470,2470,2415,2470,274909,0.016460905349794164
2024-09-24,2570,2945,2530,2620,4341302,0.06072874493927127
2024-09-25,2600,2855,2570,2690,1162454,0.026717557251908497
2024-09-26,2655,2685,2610,2630,234905,-0.022304832713754608
2024-09-27,2700,3375,2665,3220,23528194,0.2243346007604563
2024-09-30,3345,3525,3085,3175,10770833,-0.013975155279503104
2024-10-02,3230,3260,3030,3170,2749775,-0.0015748031496063408
2024-10-04,2865,2945,2815,2900,1735845,-0.08517350157728709
2024-10-07,2845,2865,2780,2830,722467,-0.024137931034482807
2024-10-08,2795,2845,2745,2760,529905,-0.02473498233215543
2024-10-10,2735,2785,2680,2785,435791,0.009057971014492683
2024-10-11,2750,2795,2720,2740,313588,-0.016157989228007152
2024-10-14,2815,2895,2745,2895,2427108,0.0565693430656935
2024-10-15,3040,3760,3015,3760,18422744,0.298791018998273
2024-10-16,3765,3800,3355,3400,9083018,-0.0957446808510638
2024-10-17,3335,3535,3220,3250,7430527,-0.044117647058823484
2024-10-18,3205,3355,3105,3200,2350142,-0.01538461538461533
2024-10-21,3150,3290,3115,3180,1504304,-0.006249999999999978
2024-10-22,3145,3420,2965,3135,6643002,-0.014150943396226467
2024-10-23,3065,3155,3000,3050,1796689,-0.027113237639553422
2024-10-24,3205,3665,3080,3220,23134514,0.05573770491803276
2024-10-25,3225,3510,3080,3225,11526734,0.0015527950310558758
2024-10-28,3160,3225,3080,3080,1466350,-0.04496124031007753
2024-10-29,3045,3080,2940,2970,1344311,-0.0357142857142857
2024-10-30,2945,3010,2875,2875,1050624,-0.03198653198653201
2024-10-31,2860,3100,2810,2930,2416152,0.019130434782608674
2024-11-01,2870,3070,2860,2985,1516734,0.018771331058020424
2024-11-04,2945,2945,2880,2900,515260,-0.028475711892797295
2024-11-05,2900,2955,2860,2875,502004,-0.008620689655172376
2024-11-06,2860,2925,2750,2830,582390,-0.01565217391304352
2024-11-07,2830,2845,2725,2835,398989,0.0017667844522968323
2024-11-08,2835,2870,2800,2815,251652,-0.007054673721340388
2024-11-11,2805,2835,2750,2780,334572,-0.01243339253996445
2024-11-12,2775,2790,2685,2725,406344,-0.01978417266187049
2024-11-13,2685,2730,2625,2650,263689,-0.02752293577981646
2024-11-14,2610,2735,2565,2585,455095,-0.024528301886792447
2024-11-15,2600,2725,2540,2695,301768,0.042553191489361764
2024-11-18,2670,2730,2625,2725,164004,0.011131725417439675
2024-11-19,2710,2760,2680,2760,353329,0.012844036697247763
2024-11-20,2910,3045,2760,3000,4203074,0.08695652173913038
2024-11-21,2825,2860,2760,2765,1164235,-0.07833333333333337
2024-11-22,2795,2820,2745,2755,766305,-0.003616636528028905
2024-11-25,2705,2780,2705,2750,351586,-0.001814882032667886
2024-11-26,2770,2960,2730,2820,1246525,0.025454545454545396
2024-11-27,2800,2880,2785,2810,813941,-0.0035460992907800915
2024-11-28,2980,3275,2865,2895,11921611,0.030249110320284656
2024-11-29,2865,2935,2815,2815,822835,-0.02763385146804831
2024-12-02,2810,2850,2770,2790,577957,-0.008880994671403242
2024-12-03,2760,2900,2760,2895,597779,0.037634408602150504
2024-12-04,2790,2855,2775,2825,455520,-0.024179620034542326
2024-12-05,2820,2845,2685,2685,608286,-0.04955752212389386
2024-12-06,2665,2795,2600,2670,503811,-0.005586592178770999
2024-12-09,2625,2630,2465,2480,528030,-0.07116104868913853
2024-12-10,2475,2680,2395,2675,311660,0.0786290322580645
2024-12-11,2675,2785,2670,2770,326225,0.03551401869158877
2024-12-12,2755,2785,2710,2760,188980,-0.0036101083032491488
2024-12-13,2730,2795,2730,2785,178143,0.009057971014492683
2024-12-16,2825,2825,2770,2785,313647,0.0
2024-12-17,2770,2835,2760,2815,290052,0.010771992818671361
2024-12-18,2800,2830,2770,2820,182508,0.001776198934280604
2024-12-19,2750,2810,2740,2770,138980,-0.01773049645390068
2024-12-20,2750,2785,2670,2670,211870,-0.03610108303249093
2024-12-23,2670,2725,2670,2710,153687,0.014981273408239737
2024-12-24,2690,2730,2670,2670,104773,-0.014760147601476037
2024-12-26,2680,2900,2645,2750,1119964,0.029962546816479474
2024-12-27,2680,2685,2560,2570,439027,-0.06545454545454543
2024-12-30,2540,2610,2520,2585,204765,0.005836575875486361
2025-01-02,2585,2620,2580,2610,108474,0.009671179883945946
2025-01-03,2585,2690,2585,2660,225790,0.019157088122605304
2025-01-06,2660,2710,2660,2710,140149,0.018796992481203034
2025-01-07,2700,2730,2685,2715,166624,0.0018450184501845879
2025-01-08,2715,2725,2700,2700,59928,-0.0055248618784530246
2025-01-09,2730,2760,2705,2760,110903,0.022222222222222143
2025-01-10,2760,2775,2710,2760,111983,0.0
2025-01-13,2730,2800,2725,2790,151872,0.010869565217391353
2025-01-14,2790,2790,2730,2755,128968,-0.012544802867383464
2025-01-15,2765,2805,2745,2755,124496,0.0
2025-01-16,2760,2795,2750,2790,115328,0.012704174228675091
2025-01-17,2785,2825,2765,2790,113650,0.0
2025-01-20,2820,2820,2765,2770,122958,-0.007168458781361964
2025-01-21,2765,2960,2740,2835,1420724,0.023465703971119023
2025-01-22,2815,2855,2805,2815,229034,-0.007054673721340388
2025-01-23,2815,2825,2750,2750,174217,-0.023090586145648295
2025-01-24,2750,2870,2750,2775,181280,0.009090909090909038
2025-01-31,2765,2795,2750,2750,98783,-0.009009009009009028
2025-02-03,2735,3005,2680,2935,2526800,0.06727272727272737
2025-02-04,2865,3120,2825,2970,1941357,0.011925042589437718
2025-02-05,2895,2960,2890,2940,400131,-0.010101010101010055
2025-02-06,2910,2990,2905,2960,410066,0.006802721088435382
2025-02-07,2990,2990,2885,2890,361912,-0.023648648648648685
2025-02-10,2920,2980,2860,2900,493423,0.0034602076124568004
2025-02-11,2890,3000,2860,3000,458829,0.034482758620689724
2025-02-12,2955,2955,2875,2875,334280,-0.04166666666666663
2025-02-13,2860,2900,2850,2850,237529,-0.008695652173912993
2025-02-14,2850,2885,2800,2850,248612,0.0
2025-02-17,2880,2885,2840,2875,132514,0.00877192982456143
2025-02-18,2890,2900,2855,2880,115047,0.0017391304347826875
2025-02-19,2885,2975,2845,2915,402507,0.012152777777777679
2025-02-20,2915,2975,2885,2930,297182,0.005145797598627766
2025-02-21,2930,2970,2900,2965,206579,0.011945392491467643
2025-02-24,2950,2975,2895,2950,293866,-0.005059021922428353
2025-02-25,2930,2985,2925,2935,331102,-0.005084745762711895
2025-02-26,2950,2950,2870,2900,291102,-0.011925042589437829
2025-02-27,2895,2925,2890,2900,117766,0.0
2025-02-28,2905,2915,2835,2835,214607,-0.022413793103448265
2025-03-04,2990,2995,2815,2935,1140906,0.03527336860670194
2025-03-05,2905,2970,2855,2955,514822,0.006814310051107331
2025-03-06,2940,2970,2930,2945,272099,-0.0033840947546531774
2025-03-07,2955,2955,2890,2895,292019,-0.01697792869269954
2025-03-10,2915,3045,2880,2900,903869,0.0017271157167531026
2025-03-11,2980,3280,2850,2865,10738053,-0.012068965517241348
2025-03-12,2885,2950,2865,2900,814977,0.01221640488656206
2025-03-13,2865,2890,2795,2800,599937,-0.03448275862068961
2025-03-14,2790,2840,2770,2790,309997,-0.0035714285714285587
2025-03-17,2780,2830,2780,2815,199376,0.008960573476702427
2025-03-18,2810,2830,2800,2800,159068,-0.005328596802841923
2025-03-19,2790,2815,2755,2770,176868,-0.010714285714285676
2025-03-20,2775,2780,2720,2720,189843,-0.018050541516245522
2025-03-21,2740,2745,2660,2715,213238,-0.0018382352941176405
2025-03-24,2690,2780,2690,2720,102212,0.0018416206261511192
2025-03-25,2730,2765,2660,2660,272864,-0.022058823529411797
2025-03-26,2650,2715,2645,2680,164870,0.007518796992481258
2025-03-27,2665,2720,2660,2670,88139,-0.003731343283582045
2025-03-28,2660,2755,2620,2675,347425,0.001872659176029856
2025-03-31,2670,2670,2610,2610,119402,-0.024299065420560706
2025-04-01,2625,2735,2625,2695,173965,0.03256704980842917
2025-04-02,2700,2720,2665,2705,92434,0.0037105751391466324
2025-04-03,2755,2785,2640,2700,340061,-0.001848428835489857
2025-04-04,2700,2830,2685,2830,506535,0.04814814814814805
2025-04-07,2760,2800,2690,2800,597457,-0.010600706713780883
2025-04-08,2850,2875,2775,2800,857582,0.0
2025-04-09,2765,2805,2705,2730,339462,-0.025000000000000022
2025-04-10,2770,2820,2735,2815,321184,0.031135531135531025
2025-04-11,2815,2820,2770,2815,146211,0.0
2025-04-14,2815,2855,2790,2840,261287,0.008880994671403242
2025-04-15,2830,2905,2815,2860,351884,0.007042253521126751
2025-04-16,2840,2970,2835,2950,568616,0.03146853146853146
2025-04-17,2915,2955,2875,2880,354413,-0.023728813559321993
2025-04-18,2880,2940,2865,2935,293850,0.01909722222222232
2025-04-21,2940,2960,2905,2930,219320,-0.0017035775127768327
2025-04-22,2910,2945,2900,2940,210764,0.0034129692832765013
2025-04-23,2950,2960,2895,2935,120428,-0.00170068027210879
2025-04-24,2945,2955,2900,2940,148210,0.0017035775127767216
2025-04-25,2940,2945,2900,2900,177093,-0.013605442176870763
2025-04-28,2895,2925,2870,2905,150462,0.0017241379310344307
2025-04-29,2900,2930,2885,2930,140594,0.008605851979345935
2025-04-30,2910,2935,2880,2885,106114,-0.015358361774744034
2025-05-02,2885,2900,2850,2890,153047,0.0017331022530329143
2025-05-07,2920,2950,2890,2945,278511,0.01903114186851207
2025-05-08,2925,2980,2890,2915,118373,-0.01018675721561968
2025-05-09,2930,2930,2880,2890,111906,-0.00857632933104635
2025-05-12,2875,2925,2870,2890,95870,0.0
2025-05-13,2905,2905,2845,2860,172105,-0.01038062283737029
2025-05-14,2850,2870,2830,2870,70346,0.0034965034965035446
2025-05-15,2870,2880,2780,2780,140629,-0.03135888501742157
2025-05-16,2815,2815,2760,2795,75735,0.0053956834532373765
2025-05-19,2820,2855,2765,2765,141002,-0.01073345259391767
2025-05-20,2760,2790,2750,2750,51145,-0.005424954792043413
2025-05-21,2755,2815,2755,2765,85288,0.005454545454545379
2025-05-22,2780,2780,2740,2755,47059,-0.003616636528028905
