Date,Open,High,Low,Close,Volume,Change
2022-01-03,5950,6000,5870,5880,38913,-0.0117647058823529
2022-01-04,5960,5960,5820,5920,43290,0.006802721088435382
2022-01-05,5950,5960,5720,5800,104152,-0.020270270270270285
2022-01-06,5720,5840,5700,5750,94052,-0.008620689655172376
2022-01-07,5750,5840,5720,5800,60132,0.008695652173912993
2022-01-10,5920,5920,5680,5700,94840,-0.017241379310344862
2022-01-11,5700,5770,5690,5720,50287,0.0035087719298245723
2022-01-12,5700,5750,5640,5740,138032,0.0034965034965035446
2022-01-13,5740,5740,5410,5460,331582,-0.04878048780487809
2022-01-14,5400,5400,5110,5160,511289,-0.05494505494505497
2022-01-17,5160,5330,5110,5240,195693,0.015503875968992276
2022-01-18,5200,5240,4960,4985,295046,-0.048664122137404564
2022-01-19,5030,5080,4960,5030,101235,0.009027081243731194
2022-01-20,5040,5140,4990,5130,138038,0.01988071570576544
2022-01-21,5100,5150,5050,5070,109129,-0.011695906432748537
2022-01-24,5020,5060,4815,4840,171084,-0.04536489151873768
2022-01-25,4875,4875,4560,4630,189945,-0.04338842975206614
2022-01-26,4610,4710,4610,4675,94077,0.009719222462202914
2022-01-27,4680,4710,4390,4395,148782,-0.059893048128342286
2022-01-28,4395,4480,4290,4480,166215,0.019340159271899804
2022-02-03,4630,4770,4605,4720,116418,0.0535714285714286
2022-02-04,4770,4870,4700,4860,110827,0.029661016949152463
2022-02-07,4895,4895,4730,4780,55355,-0.016460905349794275
2022-02-08,4890,5020,4780,4865,107131,0.01778242677824271
2022-02-09,4865,4940,4865,4935,35271,0.014388489208633004
2022-02-10,4945,4955,4860,4935,31329,0.0
2022-02-11,4935,4935,4855,4880,28508,-0.011144883485309065
2022-02-14,4845,4845,4670,4705,48869,-0.035860655737704916
2022-02-15,4690,4735,4590,4600,40655,-0.022316684378320906
2022-02-16,4650,4820,4650,4805,27366,0.04456521739130426
2022-02-17,4810,4915,4780,4810,29325,0.0010405827263266776
2022-02-18,4810,4835,4760,4835,12410,0.005197505197505281
2022-02-21,4830,4830,4745,4795,27191,-0.008273009307135482
2022-02-22,4750,4770,4610,4665,62358,-0.027111574556829998
2022-02-23,4670,4740,4655,4735,19360,0.015005359056806
2022-02-24,4710,4730,4615,4650,57192,-0.017951425554382228
2022-02-25,4665,4750,4665,4745,22081,0.02043010752688179
2022-02-28,4745,4870,4705,4855,44285,0.023182297154899834
2022-03-02,4850,4900,4825,4900,36357,0.009268795056642576
2022-03-03,4900,4945,4880,4930,29158,0.00612244897959191
2022-03-04,4905,5040,4895,5040,52930,0.022312373225152227
2022-03-07,4970,4990,4850,4885,47603,-0.030753968253968256
2022-03-08,4835,4855,4795,4805,13236,-0.016376663254861867
2022-03-10,4860,4915,4825,4825,25979,0.004162330905306932
2022-03-11,4845,4965,4845,4905,47914,0.01658031088082912
2022-03-14,4870,4890,4775,4790,43148,-0.023445463812436285
2022-03-15,4790,4820,4560,4640,69515,-0.03131524008350728
2022-03-16,4670,4745,4635,4745,37149,0.022629310344827624
2022-03-17,4770,4805,4720,4775,63600,0.006322444678608985
2022-03-18,4780,4800,4715,4745,54209,-0.006282722513089034
2022-03-21,4745,4770,4690,4705,39909,-0.008429926238145424
2022-03-22,4750,4750,4670,4705,62592,0.0
2022-03-23,4720,4815,4700,4750,71395,0.009564293304994642
2022-03-24,4750,4750,4675,4705,59408,-0.0094736842105263
2022-03-25,4735,4805,4680,4710,69395,0.0010626992561104665
2022-03-28,4710,4735,4680,4690,36697,-0.00424628450106157
2022-03-29,4740,4740,4685,4695,35030,0.0010660980810235365
2022-03-30,4700,4800,4700,4750,99830,0.011714589989350266
2022-03-31,4770,4770,4730,4755,42138,0.001052631578947416
2022-04-01,4750,4760,4710,4755,37036,0.0
2022-04-04,4790,4800,4745,4775,65058,0.004206098843322792
2022-04-05,4795,4815,4750,4800,50922,0.005235602094240788
2022-04-06,4765,4795,4725,4755,68375,-0.009375000000000022
2022-04-07,4740,4745,4685,4700,38893,-0.011566771819137789
2022-04-08,4735,4735,4595,4605,83361,-0.02021276595744681
2022-04-11,4605,4685,4605,4630,17508,0.005428881650380024
2022-04-12,4640,4640,4585,4600,19666,-0.006479481641468721
2022-04-13,4600,4665,4600,4635,44289,0.007608695652173925
2022-04-14,4665,4680,4630,4665,40788,0.006472491909385036
2022-04-15,4665,4670,4615,4635,26447,-0.006430868167202619
2022-04-18,4635,4665,4625,4660,26423,0.005393743257820827
2022-04-19,4660,4720,4645,4700,29087,0.008583690987124415
2022-04-20,4700,4760,4680,4755,29148,0.011702127659574568
2022-04-21,4745,4760,4730,4760,37272,0.001051524710830698
2022-04-22,4735,4755,4660,4710,57666,-0.010504201680672232
2022-04-25,4735,4835,4700,4800,134122,0.019108280254777066
2022-04-26,4825,4830,4780,4805,55636,0.0010416666666666075
2022-04-27,4750,4750,4650,4710,42592,-0.019771071800208095
2022-04-28,4730,4760,4670,4675,21390,-0.007430997876857748
2022-04-29,4685,4720,4675,4715,19771,0.00855614973262031
2022-05-02,4670,4705,4660,4695,24212,-0.0042417815482502785
2022-05-03,4700,4710,4680,4680,26898,-0.0031948881789137795
2022-05-04,4720,4970,4695,4850,398091,0.03632478632478642
2022-05-06,4750,4870,4735,4805,105746,-0.009278350515463885
2022-05-09,4800,4805,4700,4705,48279,-0.020811654526534884
2022-05-10,4620,4645,4540,4610,62979,-0.020191285866099862
2022-05-11,4615,4745,4615,4665,51680,0.01193058568329719
2022-05-12,4660,4670,4500,4530,42957,-0.02893890675241162
2022-05-13,4590,4615,4535,4550,27424,0.004415011037527616
2022-05-16,4560,4600,4530,4550,32708,0.0
2022-05-17,4595,4640,4540,4590,41527,0.00879120879120876
2022-05-18,4610,4635,4580,4600,75090,0.002178649237472685
2022-05-19,4450,4560,4450,4520,47765,-0.017391304347826098
2022-05-20,4510,4625,4510,4600,25177,0.017699115044247815
2022-05-23,4590,4640,4565,4595,31751,-0.0010869565217391797
2022-05-24,4575,4580,4525,4525,45818,-0.015233949945593017
2022-05-25,4525,4540,4485,4510,23988,-0.0033149171270717703
2022-05-26,4515,4555,4485,4490,30915,-0.0044345898004434225
2022-05-27,4515,4550,4490,4520,25413,0.006681514476614803
2022-05-30,4570,4580,4530,4550,15708,0.006637168141592875
2022-05-31,4550,4570,4535,4550,55821,0.0
2022-06-02,4570,4570,4530,4550,16911,0.0
2022-06-03,4550,4600,4550,4595,23448,0.009890109890109855
2022-06-07,4610,4610,4525,4530,32601,-0.014145810663764968
2022-06-08,4530,4580,4520,4540,27365,0.002207505518763808
2022-06-09,4545,4570,4505,4525,31451,-0.0033039647577092213
2022-06-10,4530,4565,4480,4560,16827,0.007734806629834168
2022-06-13,4550,4550,4300,4335,94746,-0.049342105263157854
2022-06-14,4315,4385,4225,4250,83739,-0.019607843137254943
2022-06-15,4225,4300,4010,4020,124276,-0.05411764705882349
2022-06-16,4225,4225,4030,4075,33194,0.013681592039801016
2022-06-17,4000,4130,3950,4115,77300,0.009815950920245342
2022-06-20,4115,4125,3710,3850,102710,-0.06439854191980554
2022-06-21,3880,3900,3775,3885,55528,0.009090909090909038
2022-06-22,3885,3930,3715,3745,44572,-0.036036036036036
2022-06-23,3720,3755,3435,3500,139985,-0.06542056074766356
2022-06-24,3505,3650,3505,3640,42110,0.040000000000000036
2022-06-27,3645,3870,3645,3830,44884,0.052197802197802234
2022-06-28,3830,3880,3790,3810,17527,-0.005221932114882533
2022-06-29,3810,3940,3745,3890,12699,0.0209973753280841
2022-06-30,3890,3910,3775,3835,26072,-0.014138817480719768
2022-07-01,3825,3855,3730,3815,30821,-0.0052151238591916504
2022-07-04,3815,3820,3620,3700,50914,-0.03014416775884665
2022-07-05,3710,3840,3695,3810,13811,0.029729729729729648
2022-07-06,3895,3895,3745,3780,20828,-0.007874015748031482
2022-07-07,3800,3840,3780,3825,16351,0.011904761904761862
2022-07-08,3850,3910,3785,3865,17426,0.010457516339869244
2022-07-11,3840,3895,3820,3820,14574,-0.011642949547218673
2022-07-12,3860,3860,3720,3745,14701,-0.01963350785340312
2022-07-13,3745,3795,3700,3765,12972,0.005340453938584844
2022-07-14,3730,3820,3730,3800,16677,0.009296148738379806
2022-07-15,3800,3835,3725,3800,10270,0.0
2022-07-18,3810,3890,3810,3880,12952,0.021052631578947434
2022-07-19,3870,3925,3845,3915,11103,0.009020618556700999
2022-07-20,3920,3980,3920,3960,15403,0.011494252873563315
2022-07-21,3990,3990,3950,3970,7689,0.002525252525252597
2022-07-22,3940,4000,3940,3980,10535,0.0025188916876575096
2022-07-25,3980,4080,3980,4040,20223,0.015075376884422065
2022-07-26,4070,4070,4000,4035,10413,-0.0012376237623762387
2022-07-27,4000,4070,3990,4020,12378,-0.0037174721189591198
2022-07-28,4020,4070,4020,4060,14760,0.00995024875621886
2022-07-29,4070,4275,4055,4070,105591,0.0024630541871921707
2022-08-01,4070,4150,4030,4135,13167,0.01597051597051591
2022-08-02,4130,4155,4090,4130,10535,-0.0012091898428052694
2022-08-03,4085,4140,4085,4130,10058,0.0
2022-08-04,4150,4175,4125,4145,22563,0.00363196125907983
2022-08-05,4185,4205,4145,4180,17372,0.008443908323281013
2022-08-08,4180,4210,4150,4180,14909,0.0
2022-08-09,4140,4235,4120,4200,23838,0.004784688995215225
2022-08-10,4220,4245,4170,4230,20019,0.0071428571428571175
2022-08-11,4230,4270,4225,4260,31181,0.007092198581560183
2022-08-12,4260,4285,4250,4265,14099,0.0011737089201877549
2022-08-16,4340,4475,4340,4420,134111,0.036342321219226204
2022-08-17,4415,4485,4350,4390,75995,-0.006787330316742057
2022-08-18,4420,4530,4350,4450,74251,0.013667425968109326
2022-08-19,4450,4500,4425,4475,30632,0.00561797752808979
2022-08-22,4475,4475,4365,4375,31740,-0.022346368715083775
2022-08-23,4360,4385,4200,4375,71094,0.0
2022-08-24,4395,4400,4320,4375,37355,0.0
2022-08-25,4350,4405,4315,4380,34953,0.0011428571428571122
2022-08-26,4395,4395,4350,4350,36854,-0.006849315068493178
2022-08-29,4290,4290,4150,4250,59050,-0.02298850574712641
2022-08-30,4230,4390,4225,4335,45489,0.020000000000000018
2022-08-31,4350,4360,4300,4330,13947,-0.0011534025374856371
2022-09-01,4380,4380,4260,4265,73976,-0.01501154734411081
2022-09-02,4240,4350,4170,4220,52307,-0.010550996483001174
2022-09-05,4320,4320,4185,4225,43094,0.0011848341232227888
2022-09-06,4245,4360,4245,4330,16060,0.024852071005917242
2022-09-07,4380,4480,4285,4330,76267,0.0
2022-09-08,4340,4400,4255,4290,29394,-0.009237875288683584
2022-09-13,4310,4365,4285,4325,12109,0.008158508158508049
2022-09-14,4225,4345,4200,4325,17431,0.0
2022-09-15,4345,4365,4290,4310,11689,-0.003468208092485603
2022-09-16,4255,4340,4255,4290,29361,-0.004640371229698403
2022-09-19,4315,4345,4265,4315,36880,0.005827505827505908
2022-09-20,4275,4340,4275,4320,11386,0.0011587485515642815
2022-09-21,4350,4350,4275,4305,16003,-0.00347222222222221
2022-09-22,4260,4340,4250,4295,27435,-0.0023228803716608404
2022-09-23,4280,4315,4175,4180,37606,-0.0267753201396973
2022-09-26,4125,4180,3960,3990,69381,-0.045454545454545414
2022-09-27,3925,4010,3825,3900,58845,-0.022556390977443663
2022-09-28,3865,3940,3740,3750,77599,-0.038461538461538436
2022-09-29,3780,3930,3780,3850,41204,0.026666666666666616
2022-09-30,3795,3965,3725,3870,29402,0.0051948051948051965
2022-10-04,3915,3980,3885,3975,22183,0.027131782945736482
2022-10-05,3995,3995,3900,3925,17944,-0.012578616352201255
2022-10-06,3925,4065,3925,4035,20736,0.028025477707006363
2022-10-07,3960,4075,3960,4045,26035,0.0024783147459728205
2022-10-11,4045,4045,3840,3895,46855,-0.037082818294190356
2022-10-12,3895,3930,3795,3830,54950,-0.016688061617458283
2022-10-13,3925,3925,3790,3805,35692,-0.00652741514360311
2022-10-14,3820,3870,3820,3860,30849,0.014454664914586024
2022-10-17,3885,3885,3810,3830,21175,-0.007772020725388629
2022-10-18,3840,3915,3840,3880,14225,0.01305483028720622
2022-10-19,3850,3975,3850,3880,28944,0.0
2022-10-20,3845,3950,3845,3900,7866,0.005154639175257714
2022-10-21,3920,3940,3850,3850,5334,-0.012820512820512775
2022-10-24,3850,3940,3820,3820,14036,-0.007792207792207795
2022-10-25,3830,3875,3800,3835,36930,0.003926701570680535
2022-10-26,3930,3930,3805,3830,22735,-0.0013037809647978849
2022-10-27,3840,3875,3830,3860,11426,0.007832898172323688
2022-10-28,3895,3895,3825,3850,35731,-0.002590673575129543
2022-10-31,3870,3925,3845,3885,28293,0.009090909090909038
2022-11-01,3870,3940,3870,3925,15747,0.01029601029601035
2022-11-02,3945,3945,3880,3905,18775,-0.005095541401273884
2022-11-03,3850,3910,3840,3880,41035,-0.006402048655569814
2022-11-04,3850,3925,3825,3870,47002,-0.002577319587628857
2022-11-07,3900,3990,3895,3985,15521,0.029715762273901714
2022-11-08,3990,4020,3985,4015,19224,0.007528230865746499
2022-11-09,4025,4050,4005,4020,15024,0.001245330012453305
2022-11-10,4015,4015,3950,4000,13344,-0.00497512437810943
2022-11-11,4060,4095,4005,4050,21767,0.012499999999999956
2022-11-14,4050,4115,4050,4105,25881,0.013580246913580174
2022-11-15,4110,4150,4090,4150,24471,0.010962241169305775
2022-11-16,4150,4155,4080,4130,30813,-0.004819277108433773
2022-11-17,4090,4140,4070,4085,20622,-0.010895883777239712
2022-11-18,4120,4125,4090,4095,13384,0.00244798041615657
2022-11-21,4125,4125,4020,4060,16353,-0.008547008547008517
2022-11-22,4005,4080,4000,4080,23921,0.0049261083743843415
2022-11-23,4080,4155,4065,4155,10502,0.018382352941176405
2022-11-24,4160,4175,4115,4175,14022,0.004813477737665384
2022-11-25,4190,4190,4160,4185,12272,0.0023952095808383866
2022-11-28,4180,4180,4115,4125,16077,-0.014336917562724039
2022-11-29,4110,4145,4105,4135,10984,0.00242424242424244
2022-11-30,4150,4230,4135,4175,26344,0.0096735187424426
2022-12-01,4235,4250,4165,4175,19258,0.0
2022-12-02,4220,4230,4185,4190,10792,0.00359281437125758
2022-12-05,4225,4245,4210,4235,7577,0.010739856801909253
2022-12-06,4200,4615,4015,4040,1274083,-0.046044864226682414
2022-12-07,3980,4040,3915,4035,92257,-0.0012376237623762387
2022-12-08,4065,4065,3965,4025,29923,-0.0024783147459727095
2022-12-09,4070,4070,3975,4030,30140,0.001242236024844745
2022-12-12,4040,4040,3970,4025,38009,-0.001240694789081842
2022-12-13,3990,4020,3985,3995,27516,-0.007453416149068359
2022-12-14,4000,4070,3990,4060,20281,0.016270337922402955
2022-12-15,4075,4075,4025,4050,14157,-0.0024630541871921707
2022-12-16,4035,4060,3980,4040,22524,-0.0024691358024691024
2022-12-19,4070,4070,3990,4035,17670,-0.0012376237623762387
2022-12-20,3980,4025,3950,3990,41600,-0.01115241635687736
2022-12-21,4000,4070,3955,4065,18306,0.018796992481203034
2022-12-22,4065,4085,4030,4075,37179,0.002460024600245969
2022-12-23,4080,4080,3995,4000,22466,-0.018404907975460127
2022-12-26,3985,4045,3985,4025,16364,0.006250000000000089
2022-12-27,3980,4065,3980,4060,8978,0.008695652173912993
2022-12-28,4015,4140,3975,4025,23980,-0.008620689655172376
2022-12-29,4025,4025,3915,3955,12851,-0.017391304347826098
2023-01-02,3955,3980,3850,3895,23374,-0.015170670037926715
2023-01-03,3910,3910,3785,3845,28082,-0.012836970474967901
2023-01-04,3870,3905,3805,3905,12927,0.015604681404421283
2023-01-05,3910,3930,3830,3880,24322,-0.006402048655569814
2023-01-06,3910,3950,3845,3915,18144,0.009020618556700999
2023-01-09,3915,3980,3915,3970,17364,0.01404853128991057
2023-01-10,3980,4035,3940,3990,19270,0.005037783375314797
2023-01-11,4035,4035,3985,4010,13125,0.005012531328320913
2023-01-12,4035,4035,3930,3975,38927,-0.00872817955112215
2023-01-13,3980,4020,3980,4005,8123,0.007547169811320753
2023-01-16,3990,4025,3980,4000,22427,-0.0012484394506866447
2023-01-17,4005,4005,3980,3980,17119,-0.0050000000000000044
2023-01-18,3985,4015,3975,3995,29109,0.0037688442211054607
2023-01-19,4010,4030,3990,4030,16687,0.008760951188986343
2023-01-20,4035,4040,4010,4035,12930,0.001240694789081953
2023-01-25,4050,4090,4040,4085,16714,0.012391573729863659
2023-01-26,4085,4100,4050,4090,12981,0.001223990208078396
2023-01-27,4100,4140,4080,4120,23816,0.007334963325183352
2023-01-30,4155,4155,4070,4100,40901,-0.004854368932038833
2023-01-31,4100,4130,4070,4090,26494,-0.0024390243902439046
2023-02-01,4125,4135,4095,4120,34300,0.007334963325183352
2023-02-02,4145,4150,4120,4130,28017,0.0024271844660195274
2023-02-03,4135,4200,4120,4185,35766,0.013317191283293006
2023-02-06,4170,4200,4145,4195,18789,0.002389486260454099
2023-02-07,4150,4210,4150,4180,20022,-0.0035756853396901045
2023-02-08,4220,4220,4155,4175,39313,-0.0011961722488038617
2023-02-09,4145,4200,4120,4165,28405,-0.0023952095808382756
2023-02-10,4195,4195,4100,4125,22603,-0.009603841536614643
2023-02-13,4105,4140,4060,4085,34351,-0.009696969696969648
2023-02-14,4095,4120,4065,4085,22156,0.0
2023-02-15,4100,4110,4050,4055,31911,-0.007343941248470043
2023-02-16,4070,4105,4055,4090,26510,0.008631319358816336
2023-02-17,4125,4125,4065,4095,11846,0.0012224938875304847
2023-02-20,4075,4120,4050,4105,19999,0.0024420024420024333
2023-02-21,4110,4150,4090,4145,22928,0.00974421437271622
2023-02-22,4100,4150,4095,4115,17217,-0.007237635705669487
2023-02-23,4120,4170,4120,4140,22102,0.0060753341433779084
2023-02-24,4100,4160,4100,4125,27019,-0.0036231884057971175
2023-02-27,4110,4125,4065,4095,16054,-0.0072727272727273196
2023-02-28,4095,4150,4095,4125,14008,0.0073260073260073
2023-03-02,4100,4165,4100,4125,14131,0.0
2023-03-03,4130,4160,4120,4140,20776,0.0036363636363636598
2023-03-06,4140,4165,4090,4110,46028,-0.007246376811594235
2023-03-07,4240,4280,4195,4265,240183,0.03771289537712885
2023-03-08,4260,4355,4225,4330,211897,0.015240328253223856
2023-03-09,4340,4450,4325,4410,234030,0.018475750577367167
2023-03-10,4355,4385,4240,4295,126342,-0.02607709750566889
2023-03-13,4225,4345,4105,4330,139775,0.008149010477299212
2023-03-14,4300,4300,4145,4165,75669,-0.038106235565819824
2023-03-15,4180,4330,4175,4230,85441,0.015606242496998712
2023-03-16,4200,4270,4135,4235,67311,0.0011820330969267712
2023-03-17,4235,4320,4235,4320,72705,0.02007083825265643
2023-03-20,4315,4320,4265,4310,38390,-0.0023148148148147696
2023-03-21,4330,4330,4275,4315,47998,0.0011600928074246841
2023-03-22,4315,4335,4285,4310,30350,-0.0011587485515642815
2023-03-23,4295,4305,4240,4290,42908,-0.004640371229698403
2023-03-24,4280,4300,4250,4300,69498,0.002331002331002363
2023-03-27,4310,4310,4250,4300,45247,0.0
2023-03-28,4320,4440,4280,4430,101768,0.03023255813953485
2023-03-29,4410,4450,4355,4450,55547,0.004514672686230181
2023-03-30,4450,4450,4380,4430,64574,-0.004494382022471877
2023-03-31,4405,4455,4315,4330,52735,-0.02257336343115124
2023-04-03,4330,4395,4305,4390,52683,0.01385681293302543
2023-04-04,4430,4475,4360,4475,104268,0.019362186788154823
2023-04-05,4470,4515,4440,4485,72546,0.0022346368715084886
2023-04-06,4490,4490,4375,4445,74880,-0.00891861761426982
2023-04-07,4445,4480,4390,4450,52340,0.0011248593925758943
2023-04-10,4450,4465,4305,4350,70334,-0.022471910112359605
2023-04-11,4320,4665,4320,4635,307355,0.06551724137931036
2023-04-12,4745,4820,4705,4755,435389,0.025889967637540368
2023-04-13,4755,4785,4625,4775,147540,0.004206098843322792
2023-04-14,4735,4775,4650,4730,138654,-0.009424083769633551
2023-04-17,4690,4765,4635,4760,79796,0.00634249471458781
2023-04-18,4770,4770,4640,4745,77838,-0.0031512605042016695
2023-04-19,4745,4805,4705,4805,137296,0.012644889357218192
2023-04-20,4805,4805,4690,4755,78015,-0.010405827263267442
2023-04-21,4725,4800,4600,4795,70856,0.008412197686645584
2023-04-24,4795,4800,4665,4750,76005,-0.009384775808133461
2023-04-25,4750,4800,4675,4795,101332,0.0094736842105263
2023-04-26,4795,4820,4720,4795,86018,0.0
2023-04-27,4790,4850,4715,4835,110986,0.008342022940563076
2023-04-28,4840,4915,4725,4835,159653,0.0
2023-05-02,4835,4950,4835,4925,109354,0.018614270941054833
2023-05-03,4905,4920,4810,4890,53008,-0.007106598984771617
2023-05-04,4875,4915,4835,4910,90806,0.004089979550102152
2023-05-08,4870,4980,4870,4965,95601,0.011201629327902252
2023-05-09,4980,4980,4900,4965,63437,0.0
2023-05-10,4965,5120,4910,5080,214321,0.023162134944612278
2023-05-11,5060,5140,5020,5120,102500,0.007874015748031482
2023-05-12,5100,5230,5070,5200,179541,0.015625
2023-05-15,5200,5280,4920,5100,226486,-0.019230769230769273
2023-05-16,5100,5190,5050,5100,126882,0.0
2023-05-17,5090,5100,4970,5090,146421,-0.0019607843137254832
2023-05-18,5090,5170,5060,5160,62512,0.013752455795677854
2023-05-19,5160,5170,5090,5170,119671,0.0019379844961240345
2023-05-22,5140,5190,5110,5160,96572,-0.0019342359767892114
2023-05-23,5160,5170,5070,5070,95649,-0.01744186046511631
2023-05-24,5020,5080,5000,5060,83124,-0.0019723865877712132
2023-05-25,5060,5080,4920,4995,82916,-0.012845849802371578
2023-05-26,4995,5000,4865,4890,123003,-0.02102102102102099
2023-05-30,4910,4940,4860,4895,62113,0.0010224948875254825
2023-05-31,4890,4970,4885,4925,57718,0.006128702757916216
2023-06-01,4925,5110,4885,5040,138934,0.023350253807106647
2023-06-02,5080,5110,4995,5040,70718,0.0
2023-06-05,5040,5080,5010,5030,30991,-0.001984126984126977
2023-06-07,5000,5080,4905,4960,29268,-0.013916500994035741
2023-06-08,4960,4960,4775,4865,90908,-0.019153225806451624
2023-06-09,4865,5050,4775,5000,36725,0.027749229188078095
2023-06-12,4975,4975,4820,4890,62913,-0.02200000000000002
2023-06-13,4890,4895,4850,4880,19658,-0.002044989775051076
2023-06-14,4895,4905,4795,4825,43491,-0.01127049180327866
2023-06-15,4795,4870,4725,4765,36406,-0.012435233160621784
2023-06-16,4765,4850,4760,4770,24734,0.0010493179433368471
2023-06-19,4770,4800,4730,4780,30624,0.002096436058700135
2023-06-20,4800,4800,4730,4795,29097,0.003138075313807498
2023-06-21,4720,4795,4715,4780,21399,-0.0031282586027111536
2023-06-22,4775,4785,4720,4750,14748,-0.006276150627615107
2023-06-23,4775,4815,4615,4635,57728,-0.02421052631578946
2023-06-26,4640,4665,4585,4630,39106,-0.0010787486515642097
2023-06-27,4630,4660,4575,4620,30905,-0.002159827213822907
2023-06-28,4640,4640,4540,4570,53754,-0.010822510822510845
2023-06-29,4575,4595,4480,4510,66371,-0.013129102844638973
2023-06-30,4515,4600,4485,4540,32148,0.006651884700665134
2023-07-03,4550,4595,4550,4585,23583,0.009911894273127775
2023-07-04,4600,4625,4520,4525,22685,-0.013086150490730697
2023-07-05,4585,4585,4430,4460,59873,-0.01436464088397793
2023-07-06,4460,4555,4420,4525,61552,0.014573991031390232
2023-07-07,4470,4505,4375,4420,46836,-0.023204419889502725
2023-07-10,4420,4555,4375,4520,50043,0.02262443438914019
2023-07-11,4520,4520,4430,4495,37914,-0.00553097345132747
2023-07-12,4470,4550,4400,4440,50480,-0.012235817575083408
2023-07-13,4450,4450,4390,4400,54047,-0.009009009009009028
2023-07-14,4400,4410,4350,4360,25448,-0.009090909090909038
2023-07-17,4350,4400,4290,4330,60502,-0.006880733944954143
2023-07-18,4290,4385,4200,4280,76056,-0.011547344110854452
2023-07-19,4280,4295,4145,4220,59645,-0.014018691588784993
2023-07-20,4135,4235,4135,4210,52160,-0.0023696682464454666
2023-07-21,4205,4260,4150,4235,38986,0.005938242280284944
2023-07-24,4230,4230,4050,4150,133332,-0.02007083825265643
2023-07-25,4100,4145,4010,4070,84907,-0.01927710843373498
2023-07-26,4065,4065,3830,3890,208325,-0.04422604422604426
2023-07-27,3885,4000,3865,4000,70396,0.028277634961439535
2023-07-28,3960,4060,3925,4045,70297,0.011249999999999982
2023-07-31,4065,4105,4000,4075,92004,0.007416563658838138
2023-08-01,4075,4290,4060,4270,164643,0.047852760736196265
2023-08-02,4240,4240,4070,4130,109858,-0.032786885245901676
2023-08-03,4100,4170,4055,4150,43132,0.004842615012106588
2023-08-04,4155,4180,4070,4175,68466,0.006024096385542244
2023-08-07,4170,4175,4010,4135,59971,-0.009580838323353325
2023-08-08,4120,4185,4075,4140,43435,0.0012091898428052694
2023-08-09,4120,4140,4070,4140,24127,0.0
2023-08-10,4140,4140,4090,4120,38527,-0.004830917874396157
2023-08-11,4085,4205,4085,4190,70032,0.016990291262136026
2023-08-14,4170,4230,4120,4230,60381,0.009546539379474916
2023-08-16,4200,4260,4110,4190,126490,-0.009456264775413725
2023-08-17,4190,4190,4055,4150,48745,-0.009546539379474916
2023-08-18,4085,4150,4075,4130,47914,-0.004819277108433773
2023-08-21,4150,4200,4085,4155,48049,0.006053268765133124
2023-08-22,4160,4180,4070,4130,34533,-0.006016847172081841
2023-08-23,4130,4150,4050,4085,45960,-0.010895883777239712
2023-08-24,4075,4150,4055,4120,49345,0.008567931456548328
2023-08-25,4120,4120,4025,4025,59018,-0.02305825242718451
2023-08-28,4030,4170,4005,4155,59499,0.032298136645962705
2023-08-29,4180,4205,4100,4200,69087,0.010830324909747224
2023-08-30,4220,4280,4190,4200,36417,0.0
2023-08-31,4205,4245,4130,4160,13695,-0.00952380952380949
2023-09-01,4160,4165,4085,4130,17947,-0.007211538461538436
2023-09-04,4120,4140,4065,4140,28326,0.002421307506053294
2023-09-05,4145,4170,4105,4125,8573,-0.0036231884057971175
2023-09-06,4120,4120,4050,4050,59877,-0.018181818181818188
2023-09-07,4080,4080,4005,4035,41014,-0.0037037037037036535
2023-09-08,4010,4080,4010,4080,22106,0.011152416356877248
2023-09-11,4040,4090,4040,4070,18520,-0.002450980392156854
2023-09-12,4095,4110,4055,4065,28016,-0.0012285012285012664
2023-09-13,4045,4080,4035,4065,18030,0.0
2023-09-14,4065,4085,4035,4075,17768,0.002460024600245969
2023-09-15,4075,4125,4075,4110,11305,0.008588957055214674
2023-09-18,4110,4120,4055,4090,15979,-0.0048661800486617945
2023-09-19,4090,4140,4065,4080,17116,-0.0024449877750610804
2023-09-20,4075,4095,4055,4055,17809,-0.006127450980392135
2023-09-21,4050,4055,3975,4030,47699,-0.006165228113440224
2023-09-22,4000,4000,3965,3995,30754,-0.008684863523573227
2023-09-25,3985,3995,3975,3990,13040,-0.0012515644555695093
2023-09-26,3970,3985,3930,3930,25285,-0.015037593984962405
2023-09-27,3920,3980,3890,3980,7961,0.012722646310432628
2023-10-04,3980,3980,3910,3930,18697,-0.012562814070351758
2023-10-05,3905,3935,3900,3900,20159,-0.007633587786259555
2023-10-06,3850,3940,3850,3940,18327,0.01025641025641022
2023-10-10,3920,3935,3865,3885,48231,-0.013959390862944177
2023-10-11,3885,3975,3885,3960,21014,0.019305019305019266
2023-10-12,3960,4080,3935,4025,32056,0.016414141414141437
2023-10-13,4025,4025,3985,4010,13233,-0.003726708074534124
2023-10-16,3990,4005,3945,3975,20603,-0.00872817955112215
2023-10-17,4000,4020,3965,3985,21459,0.002515723270440251
2023-10-18,3950,3995,3940,3980,17295,-0.0012547051442910462
2023-10-19,3970,3970,3835,3865,36128,-0.028894472361809087
2023-10-20,3865,3865,3725,3810,54110,-0.014230271668822736
2023-10-23,3795,3820,3760,3760,15155,-0.013123359580052507
2023-10-24,3725,3775,3690,3775,33481,0.003989361702127603
2023-10-25,3755,3815,3740,3780,29772,0.0013245033112583293
2023-10-26,3760,3760,3660,3710,39453,-0.01851851851851849
2023-10-27,3695,3850,3695,3775,58762,0.017520215633423097
2023-10-30,3880,4110,3875,4070,188449,0.07814569536423832
2023-10-31,4100,4120,4035,4065,98887,-0.0012285012285012664
2023-11-01,4075,4145,4070,4080,93750,0.0036900369003689537
2023-11-02,4100,4165,4095,4145,92995,0.01593137254901955
2023-11-03,4185,4265,4145,4260,89664,0.027744270205066313
2023-11-06,4270,4280,4245,4270,75242,0.0023474178403755097
2023-11-07,4290,4300,4235,4295,56174,0.005854800936768045
2023-11-08,4300,4405,4300,4390,81974,0.022118742724097862
2023-11-09,4410,4505,4390,4500,85351,0.02505694760820054
2023-11-10,4505,4540,4435,4530,57106,0.006666666666666599
2023-11-13,4550,4585,4475,4500,56380,-0.0066225165562914245
2023-11-14,4490,4535,4480,4530,34730,0.006666666666666599
2023-11-15,4550,4645,4550,4640,89892,0.024282560706401668
2023-11-16,4645,4650,4600,4650,79862,0.0021551724137931494
2023-11-17,4625,4710,4625,4690,71411,0.008602150537634357
2023-11-20,4710,4770,4690,4765,48461,0.015991471215351716
2023-11-21,4765,4795,4750,4795,58043,0.006295907660021083
2023-11-22,4800,4805,4775,4805,54526,0.002085505735140769
2023-11-23,4805,4890,4780,4860,76756,0.01144640998959412
2023-11-24,4860,4865,4740,4780,100673,-0.016460905349794275
2023-11-27,4780,4795,4690,4750,82061,-0.006276150627615107
2023-11-28,4750,4800,4730,4800,45217,0.010526315789473717
2023-11-29,4800,4830,4785,4810,56230,0.002083333333333437
2023-11-30,4810,4820,4770,4795,43626,-0.0031185031185031464
2023-12-01,4760,4790,4715,4760,71039,-0.007299270072992692
2023-12-04,4760,4760,4690,4755,91961,-0.0010504201680672232
2023-12-05,4755,4815,4755,4795,63020,0.008412197686645584
2023-12-06,4755,4870,4735,4825,101031,0.006256517205422307
2023-12-07,4815,4850,4775,4825,45647,0.0
2023-12-08,4825,4840,4715,4715,42325,-0.022797927461139844
2023-12-11,4745,4745,4645,4680,55134,-0.007423117709437932
2023-12-12,4655,4720,4655,4690,45441,0.002136752136752129
2023-12-13,4680,4725,4585,4705,63897,0.0031982942430703876
2023-12-14,4675,4750,4675,4700,41670,-0.0010626992561104665
2023-12-15,4665,4770,4665,4715,40152,0.0031914893617022155
2023-12-18,4675,4795,4675,4785,44423,0.014846235418875864
2023-12-19,4810,4830,4750,4750,50916,-0.007314524555903867
2023-12-20,4750,4845,4735,4770,44074,0.004210526315789442
2023-12-21,4770,4815,4625,4640,51527,-0.027253668763102756
2023-12-22,4645,4690,4575,4645,27707,0.0010775862068965747
2023-12-26,4645,4645,4585,4595,17470,-0.01076426264800856
2023-12-27,4595,4600,4455,4475,52775,-0.026115342763873728
2023-12-28,4475,4565,4465,4560,15305,0.018994413407821265
2024-01-02,4560,4560,4500,4550,15330,-0.002192982456140302
2024-01-03,4620,4620,4485,4500,13788,-0.01098901098901095
2024-01-04,4460,4595,4425,4455,25547,-0.010000000000000009
2024-01-05,4415,4500,4410,4440,22625,-0.0033670033670033517
2024-01-08,4500,4500,4370,4370,20844,-0.015765765765765716
2024-01-09,4370,4405,4350,4395,13604,0.005720823798627039
2024-01-10,4395,4395,4365,4365,11644,-0.0068259385665528916
2024-01-11,4375,4430,4370,4370,7314,0.001145475372279492
2024-01-12,4370,4400,4270,4300,26093,-0.016018306636155555
2024-01-15,4355,4360,4305,4335,8896,0.008139534883720989
2024-01-16,4335,4365,4320,4365,5014,0.006920415224913601
2024-01-17,4355,4370,4245,4250,23453,-0.026345933562428425
2024-01-18,4250,4300,4105,4125,93143,-0.02941176470588236
2024-01-19,4135,4285,4135,4265,47330,0.033939393939393936
2024-01-22,4265,4290,4195,4275,19365,0.0023446658851113966
2024-01-23,4255,4295,4235,4245,3937,-0.007017543859649145
2024-01-24,4250,4275,4190,4200,24718,-0.010600706713780883
2024-01-25,4200,4255,4145,4235,26443,0.008333333333333304
2024-01-26,4290,4300,4245,4275,17628,0.009445100354191327
2024-01-29,4310,4405,4275,4350,25300,0.01754385964912286
2024-01-30,4355,4420,4355,4405,14554,0.012643678160919603
2024-01-31,4440,4450,4330,4355,12912,-0.011350737797956922
2024-02-01,4355,4465,4305,4440,20022,0.019517795637198576
2024-02-02,4500,4640,4410,4635,74176,0.04391891891891886
2024-02-05,4660,4750,4610,4735,85918,0.02157497303128375
2024-02-06,4695,4695,4565,4620,51056,-0.02428722280887008
2024-02-07,4610,4690,4570,4690,50516,0.015151515151515138
2024-02-08,4690,4690,4600,4685,53426,-0.0010660980810234255
2024-02-13,4630,4680,4550,4580,45678,-0.022411953041622246
2024-02-14,4580,4580,4540,4570,6934,-0.0021834061135370675
2024-02-15,4570,4570,4505,4530,26068,-0.008752735229759279
2024-02-16,4530,4565,4490,4555,16300,0.0055187637969094094
2024-02-19,4575,4620,4560,4620,15153,0.014270032930845167
2024-02-20,4620,4630,4570,4600,14927,-0.0043290043290042934
2024-02-21,4600,4600,4510,4510,14545,-0.019565217391304346
2024-02-22,4510,4525,4460,4490,10036,-0.0044345898004434225
2024-02-23,4490,4520,4410,4500,21853,0.00222717149220486
2024-02-26,4500,4500,4400,4480,22955,-0.004444444444444473
2024-02-27,4480,4485,4375,4375,38270,-0.0234375
2024-02-28,4375,4435,4340,4395,16931,0.004571428571428671
2024-02-29,4445,4470,4395,4420,7005,0.005688282138794021
2024-03-04,4560,5500,4550,5150,2084916,0.16515837104072406
2024-03-05,5130,5140,4880,4945,353044,-0.03980582524271847
2024-03-06,4920,4970,4805,4890,196352,-0.011122345803842304
2024-03-07,4870,4890,4735,4840,129594,-0.010224948875255602
2024-03-08,4840,4845,4705,4755,125155,-0.017561983471074405
2024-03-11,4750,4755,4620,4660,113650,-0.019978969505783373
2024-03-12,4660,4695,4580,4695,85276,0.007510729613734002
2024-03-13,4700,4750,4655,4710,116660,0.0031948881789136685
2024-03-14,4735,4750,4625,4680,52108,-0.006369426751592355
2024-03-15,4665,4760,4650,4760,49744,0.017094017094017033
2024-03-18,4780,4855,4570,4790,105704,0.006302521008403339
2024-03-19,4790,4850,4715,4795,53107,0.0010438413361169019
2024-03-20,4830,4840,4705,4750,55145,-0.009384775808133461
2024-03-21,4750,4775,4600,4685,55224,-0.013684210526315743
2024-03-22,4685,4685,4590,4650,66573,-0.007470651013874119
2024-03-25,4620,4645,4550,4640,55634,-0.0021505376344086446
2024-03-26,4615,4660,4605,4645,39144,0.0010775862068965747
2024-03-27,4650,4650,4600,4600,35819,-0.009687836383207804
2024-03-28,4605,4680,4535,4550,45394,-0.010869565217391353
2024-03-29,4600,4600,4500,4520,33244,-0.00659340659340657
2024-04-01,4520,4585,4520,4570,40364,0.01106194690265494
2024-04-02,4570,4600,4455,4500,51248,-0.015317286652078765
2024-04-03,4450,4500,4420,4480,35810,-0.004444444444444473
2024-04-04,4480,4480,4370,4400,51070,-0.017857142857142905
2024-04-05,4400,4435,4355,4360,43798,-0.009090909090909038
2024-04-08,4400,4415,4250,4300,73670,-0.013761467889908285
2024-04-09,4265,4325,4230,4270,26061,-0.006976744186046546
2024-04-11,4210,4450,4175,4255,32217,-0.003512880562060894
2024-04-12,4255,4295,4195,4195,27248,-0.014101057579318454
2024-04-15,4140,4250,4050,4250,56684,0.013110846245530494
2024-04-16,4235,4235,4030,4055,54264,-0.045882352941176485
2024-04-17,4055,4170,4055,4155,25783,0.024660912453760897
2024-04-18,4100,4190,4085,4145,33453,-0.002406738868832692
2024-04-19,4100,4150,4005,4060,34632,-0.020506634499396825
2024-04-22,4060,4150,4060,4090,14481,0.00738916256157629
2024-04-23,4125,4165,4100,4140,20924,0.012224938875305513
2024-04-24,4140,4240,4140,4240,24552,0.024154589371980784
2024-04-25,4235,4255,4185,4210,18394,-0.007075471698113178
2024-04-26,4175,4215,4175,4200,11294,-0.002375296912114022
2024-04-29,4245,4245,4195,4235,16081,0.008333333333333304
2024-04-30,4260,4260,4200,4240,17735,0.0011806375442739991
2024-05-02,4240,4255,4205,4250,8129,0.002358490566037652
2024-05-03,4255,4255,4195,4210,24710,-0.009411764705882342
2024-05-07,4210,4245,4120,4225,51039,0.0035629453681709222
2024-05-08,4240,4240,4100,4190,139054,-0.008284023668639007
2024-05-09,4190,4220,4165,4170,30440,-0.004773269689737458
2024-05-10,4200,4200,4095,4150,82117,-0.004796163069544335
2024-05-13,4160,4185,4135,4165,18063,0.0036144578313253017
2024-05-14,4225,4250,4180,4240,34074,0.01800720288115243
2024-05-16,4240,4275,4210,4245,35885,0.001179245283018826
2024-05-17,4240,4575,4225,4300,310219,0.012956419316843437
2024-05-20,4305,4360,4265,4300,61734,0.0
2024-05-21,4265,4340,4215,4240,38442,-0.013953488372092981
2024-05-22,4245,4290,4210,4240,37729,0.0
2024-05-23,4240,4320,4210,4300,55011,0.014150943396226356
2024-05-24,4300,4300,4195,4225,27347,-0.01744186046511631
2024-05-27,4225,4295,4210,4220,30147,-0.0011834319526626835
2024-05-28,4240,4265,4210,4210,14817,-0.0023696682464454666
2024-05-29,4220,4235,4120,4150,36065,-0.014251781472684133
2024-05-30,4150,4180,4110,4115,10721,-0.008433734939759074
2024-05-31,4125,4185,4110,4175,7100,0.014580801944106936
2024-06-03,4175,4245,4165,4215,33584,0.009580838323353325
2024-06-04,4225,4225,4145,4150,16210,-0.01542111506524313
2024-06-05,4155,4195,4140,4170,19934,0.004819277108433662
2024-06-07,4155,4240,4155,4220,17600,0.011990407673860837
2024-06-10,4215,4320,4170,4270,35318,0.011848341232227444
2024-06-11,4260,4305,4200,4225,23176,-0.010538641686182681
2024-06-12,4225,4275,4200,4225,14803,0.0
2024-06-13,4250,4255,4170,4170,17772,-0.013017751479289963
2024-06-14,4175,4210,4155,4200,14211,0.007194244604316502
2024-06-17,4255,4290,4200,4265,41800,0.015476190476190421
2024-06-18,4285,4290,4245,4280,20481,0.003516998827667095
2024-06-19,4280,4280,4215,4220,26411,-0.014018691588784993
2024-06-20,4225,4265,4225,4245,11197,0.005924170616113722
2024-06-21,4265,4270,4190,4210,31021,-0.00824499411071844
2024-06-24,4255,4255,4155,4170,22359,-0.009501187648456089
2024-06-25,4200,4225,4140,4225,26001,0.01318944844124692
2024-06-26,4235,4235,4190,4200,10749,-0.00591715976331364
2024-06-27,4230,4230,4160,4225,14378,0.005952380952380931
2024-06-28,4235,4275,4180,4270,20985,0.010650887573964596
2024-07-01,4270,4290,4230,4280,21529,0.0023419203747072626
2024-07-02,4310,4310,4220,4260,28899,-0.004672897196261627
2024-07-03,4225,4305,4220,4220,13109,-0.009389671361502372
2024-07-04,4205,4260,4205,4230,5617,0.0023696682464455776
2024-07-05,4205,4275,4145,4150,18647,-0.01891252955082745
2024-07-08,4145,4185,4135,4175,14859,0.006024096385542244
2024-07-09,4240,4240,4135,4175,11300,0.0
2024-07-10,4190,4200,4090,4100,39530,-0.017964071856287456
2024-07-11,4160,4160,4100,4115,21000,0.003658536585365857
2024-07-12,4160,4160,4085,4095,11474,-0.004860267314702349
2024-07-15,4160,4195,4100,4180,26924,0.020757020757020683
2024-07-16,4200,4200,4145,4165,29044,-0.0035885167464114742
2024-07-17,4200,4200,4130,4150,17620,-0.0036014405762304635
2024-07-18,4195,4195,4115,4140,4767,-0.002409638554216831
2024-07-19,4140,4180,4090,4100,17855,-0.009661835748792313
2024-07-22,4140,4140,4040,4050,12482,-0.012195121951219523
2024-07-23,4105,4105,4050,4070,8914,0.004938271604938205
2024-07-24,4105,4115,4055,4075,10294,0.0012285012285011554
2024-07-25,4070,4100,4000,4050,23412,-0.006134969325153339
2024-07-26,4350,4985,4310,4400,6741117,0.08641975308641969
2024-07-29,4455,4480,4340,4445,411638,0.010227272727272751
2024-07-30,4430,4445,4330,4355,285102,-0.020247469066366652
2024-07-31,4300,4395,4245,4390,188565,0.008036739380022917
2024-08-01,4390,4555,4365,4530,282890,0.03189066059225509
2024-08-02,4465,4515,4420,4485,136934,-0.009933774834437137
2024-08-05,4445,4445,4020,4075,287780,-0.09141583054626534
2024-08-06,4110,4295,4110,4225,97542,0.036809815950920255
2024-08-07,4205,4350,4205,4350,150367,0.029585798816567976
2024-08-08,4310,4330,4240,4275,124803,-0.017241379310344862
2024-08-09,4295,4340,4280,4335,98406,0.01403508771929829
2024-08-12,4325,4400,4325,4400,94760,0.014994232987312506
2024-08-13,4400,4415,4335,4345,98956,-0.012499999999999956
2024-08-14,4355,4435,4350,4425,76960,0.018411967779056404
2024-08-16,4450,4450,4350,4365,82529,-0.013559322033898313
2024-08-19,4385,4415,4300,4340,83585,-0.00572737686139746
2024-08-20,4360,4395,4350,4385,77888,0.010368663594469973
2024-08-21,4350,4400,4350,4385,45569,0.0
2024-08-22,4390,4425,4255,4280,113661,-0.023945267958951022
2024-08-23,4235,4325,4235,4290,64654,0.002336448598130758
2024-08-26,4290,4470,4290,4390,128020,0.02331002331002341
2024-08-27,4410,4500,4330,4500,125058,0.02505694760820054
2024-08-28,4500,4535,4460,4465,72673,-0.007777777777777772
2024-08-29,4430,4525,4405,4515,68342,0.011198208286674172
2024-08-30,4500,4630,4500,4625,91843,0.02436323366555926
2024-09-02,4625,4625,4505,4530,93081,-0.020540540540540553
2024-09-03,4520,4560,4500,4510,54805,-0.004415011037527616
2024-09-04,4395,4450,4300,4320,52805,-0.04212860310421285
2024-09-05,4330,4430,4330,4390,61481,0.01620370370370372
2024-09-06,4350,5390,4305,4380,5340745,-0.002277904328018221
2024-09-09,4230,4430,4210,4340,346225,-0.0091324200913242
2024-09-10,4335,4405,4225,4255,238768,-0.019585253456221197
2024-09-11,4250,4360,4140,4220,195922,-0.008225616921269108
2024-09-12,4245,4370,4245,4340,110371,0.028436018957346043
2024-09-13,4320,4380,4320,4360,47859,0.004608294930875667
2024-09-19,4365,4390,4305,4375,72326,0.0034403669724769603
2024-09-20,4380,4415,4355,4410,75312,0.008000000000000007
2024-09-23,4430,4430,4335,4360,88508,-0.0113378684807256
2024-09-24,4330,4370,4300,4350,70776,-0.002293577981651418
2024-09-25,4355,4385,4255,4255,83759,-0.02183908045977012
2024-09-26,4300,4355,4265,4345,39908,0.021151586368977737
2024-09-27,4305,4345,4295,4320,50874,-0.005753739930955071
2024-09-30,4305,4365,4270,4320,62478,0.0
2024-10-02,4275,4315,4165,4220,51281,-0.02314814814814814
2024-10-04,4275,4275,4190,4200,39037,-0.004739336492891044
2024-10-07,4260,4260,4200,4240,21145,0.00952380952380949
2024-10-08,4240,4240,4190,4195,45985,-0.010613207547169767
2024-10-10,4250,4250,4180,4185,29610,-0.0023837902264600697
2024-10-11,4160,4215,4150,4155,30402,-0.007168458781361964
2024-10-14,4155,4190,4130,4140,24244,-0.0036101083032491488
2024-10-15,4130,4185,4130,4145,18562,0.0012077294685990392
2024-10-16,4190,4190,4060,4060,61331,-0.020506634499396825
2024-10-17,4100,4100,4005,4020,62654,-0.009852216748768461
2024-10-18,4040,4080,4005,4020,22708,0.0
2024-10-21,4020,4080,3995,4040,27293,0.004975124378109541
2024-10-22,4040,4060,3960,3980,23847,-0.014851485148514865
2024-10-23,3980,4020,3950,3950,22656,-0.007537688442211032
2024-10-24,3950,4000,3890,3895,61222,-0.013924050632911356
2024-10-25,3925,3935,3790,3810,54316,-0.02182284980744542
2024-10-28,3880,3880,3815,3860,19692,0.013123359580052396
2024-10-29,3885,3885,3830,3870,11041,0.002590673575129543
2024-10-30,3865,3920,3860,3900,14725,0.007751937984496138
2024-10-31,3900,3915,3840,3855,24094,-0.011538461538461497
2024-11-01,3880,3940,3830,3920,19203,0.016861219195849486
2024-11-04,3920,4000,3920,3945,30008,0.0063775510204082675
2024-11-05,3935,3940,3870,3890,35148,-0.013941698352344711
2024-11-06,3880,3950,3840,3895,30466,0.0012853470437017567
2024-11-07,3895,3930,3870,3900,16446,0.0012836970474967568
2024-11-08,3935,3935,3865,3880,14784,-0.00512820512820511
2024-11-11,3900,3900,3805,3805,36811,-0.019329896907216537
2024-11-12,3810,3830,3725,3740,37783,-0.01708278580814715
2024-11-13,3720,3720,3575,3585,68145,-0.041443850267379734
2024-11-14,3580,3645,3575,3600,25869,0.004184100418409997
2024-11-15,3650,3650,3550,3630,29858,0.008333333333333304
2024-11-18,3600,3660,3545,3545,159092,-0.023415977961432466
2024-11-19,3565,3630,3550,3610,35050,0.01833568406205921
2024-11-20,3650,3655,3610,3630,21561,0.005540166204986097
2024-11-21,3670,3670,3575,3600,18686,-0.008264462809917328
2024-11-22,3630,3675,3595,3620,17650,0.005555555555555536
2024-11-25,3685,3730,3610,3720,33166,0.027624309392265234
2024-11-26,3705,3720,3670,3720,20809,0.0
2024-11-27,3720,3720,3680,3710,15069,-0.0026881720430107503
2024-11-28,3710,3740,3675,3740,24182,0.008086253369272267
2024-11-29,3680,3750,3630,3640,33521,-0.0267379679144385
2024-12-02,3640,3680,3575,3580,35793,-0.016483516483516536
2024-12-03,3560,3650,3560,3635,29168,0.015363128491620026
2024-12-04,3585,3620,3530,3545,54311,-0.024759284731774467
2024-12-05,3535,3560,3445,3445,48355,-0.028208744710860323
2024-12-06,3445,3480,3240,3375,67067,-0.020319303338171224
2024-12-09,3370,3370,3200,3215,34209,-0.047407407407407454
2024-12-10,3215,3420,3215,3315,36422,0.031104199066874116
2024-12-11,3315,3470,3315,3465,23571,0.045248868778280604
2024-12-12,3435,3520,3425,3485,20312,0.005772005772005873
2024-12-13,3520,3545,3430,3520,9853,0.010043041606886627
2024-12-16,3520,3555,3480,3555,27041,0.009943181818181879
2024-12-17,3555,3555,3485,3500,19229,-0.015471167369901506
2024-12-18,3500,3590,3500,3590,11586,0.0257142857142858
2024-12-19,3595,3595,3530,3550,7253,-0.011142061281337101
2024-12-20,3585,3585,3470,3495,9211,-0.015492957746478853
2024-12-23,3500,3575,3500,3555,4675,0.01716738197424883
2024-12-24,3555,3605,3555,3590,16887,0.009845288326300938
2024-12-26,3610,3620,3580,3610,10186,0.0055710306406684396
2024-12-27,3610,3610,3510,3555,7798,-0.015235457063711877
2024-12-30,3560,3560,3505,3545,3699,-0.002812939521800284
2025-01-02,3545,3550,3440,3440,35300,-0.02961918194640334
2025-01-03,3420,3505,3420,3500,20000,0.01744186046511631
2025-01-06,3500,3535,3475,3500,23266,0.0
2025-01-07,3550,3550,3490,3520,11846,0.005714285714285783
2025-01-08,3555,3555,3450,3510,12119,-0.0028409090909090606
2025-01-09,3510,3525,3490,3510,9898,0.0
2025-01-10,3530,3530,3485,3515,10816,0.0014245014245013454
2025-01-13,3515,3515,3470,3500,12007,-0.004267425320056861
2025-01-14,3515,3540,3465,3510,10977,0.0028571428571428914
2025-01-15,3530,3530,3465,3510,8851,0.0
2025-01-16,3510,3565,3510,3520,16609,0.002849002849002913
2025-01-17,3555,3555,3485,3510,7917,-0.0028409090909090606
2025-01-20,3510,3560,3495,3495,7611,-0.004273504273504258
2025-01-21,3535,3555,3480,3480,19258,-0.0042918454935622075
2025-01-22,3520,3520,3470,3485,18503,0.001436781609195359
2025-01-23,3520,3520,3450,3450,19081,-0.010043041606886627
2025-01-24,3455,3490,3455,3490,10054,0.011594202898550732
2025-01-31,3495,3495,3455,3455,4311,-0.01002865329512892
2025-02-03,3440,3455,3340,3400,38809,-0.01591895803183796
2025-02-04,3410,3440,3390,3440,15038,0.0117647058823529
2025-02-05,3440,3445,3405,3440,9258,0.0
2025-02-06,3440,3460,3430,3455,7659,0.0043604651162789665
2025-02-07,3425,3455,3410,3445,9867,-0.0028943560057886897
2025-02-10,3445,3445,3400,3445,10418,0.0
2025-02-11,3445,3445,3410,3415,13381,-0.00870827285921627
2025-02-12,3450,3450,3400,3410,10491,-0.0014641288433382416
2025-02-13,3430,3445,3410,3445,13877,0.01026392961876832
2025-02-14,3455,3465,3435,3465,13436,0.005805515239477588
2025-02-17,3470,3480,3460,3470,9179,0.0014430014430013571
2025-02-18,3485,3525,3450,3505,22553,0.01008645533141217
2025-02-19,3525,3535,3505,3510,7149,0.0014265335235377208
2025-02-20,3540,3550,3495,3510,21758,0.0
2025-02-21,3495,3550,3495,3535,10103,0.007122507122507171
2025-02-24,3500,3535,3485,3520,12055,-0.004243281471004279
2025-02-25,3565,3565,3505,3510,16676,-0.0028409090909090606
2025-02-26,3510,3555,3500,3540,16459,0.008547008547008517
2025-02-27,3555,3610,3540,3595,38192,0.015536723163841915
2025-02-28,3585,3595,3550,3565,11504,-0.008344923504867818
2025-03-04,3530,3540,3490,3535,11441,-0.008415147265077194
2025-03-05,3560,3570,3505,3545,7688,0.0028288543140029265
2025-03-06,3535,3565,3525,3545,10727,0.0
2025-03-07,3510,3590,3510,3575,17580,0.008462623413258097
2025-03-10,3585,3585,3515,3555,19934,-0.005594405594405605
2025-03-11,3515,3565,3495,3540,15133,-0.00421940928270037
2025-03-12,3525,3577,3520,3570,21199,0.008474576271186418
2025-03-13,3570,3600,3570,3590,8746,0.0056022408963585235
2025-03-14,3590,3610,3570,3605,5986,0.00417827298050133
2025-03-17,3605,3670,3605,3650,28569,0.012482662968099856
2025-03-18,3650,3665,3625,3635,18620,-0.004109589041095929
2025-03-19,3640,3655,3630,3645,16881,0.0027510316368637433
2025-03-20,3640,3670,3640,3655,11080,0.00274348422496562
2025-03-21,3670,3670,3590,3650,17596,-0.001367989056087593
2025-03-24,3650,3650,3605,3620,12293,-0.008219178082191747
2025-03-25,3640,3655,3580,3625,24169,0.0013812154696133394
2025-03-26,3645,3685,3595,3625,10185,0.0
2025-03-27,3630,3645,3600,3600,13103,-0.006896551724137945
2025-03-28,3550,3550,3460,3465,25716,-0.03749999999999998
2025-03-31,3465,3465,3385,3405,12427,-0.017316017316017285
2025-04-01,3450,3500,3395,3450,7464,0.013215859030837107
2025-04-02,3465,3465,3405,3435,11021,-0.004347826086956497
2025-04-03,3410,3465,3385,3435,4019,0.0
2025-04-04,3340,3460,3340,3410,14965,-0.00727802037845704
2025-04-07,3380,3405,3280,3305,17186,-0.030791788856304958
2025-04-08,3305,3425,3305,3415,14226,0.033282904689863946
2025-04-09,3415,3415,3270,3280,18761,-0.039531478770131745
2025-04-10,3350,3370,3340,3355,10994,0.02286585365853666
2025-04-11,3410,3410,3355,3385,7300,0.008941877794336861
2025-04-14,3380,3485,3370,3485,5857,0.02954209748892178
2025-04-15,3485,3505,3440,3485,13721,0.0
2025-04-16,3460,3580,3460,3470,16919,-0.004304160688665681
2025-04-17,3575,3575,3450,3480,2763,0.0028818443804035088
2025-04-18,3530,3530,3475,3505,5992,0.007183908045977017
2025-04-21,3585,3585,3480,3515,9758,0.0028530670470756636
2025-04-22,3545,3780,3500,3660,168686,0.04125177809388325
2025-04-23,3655,3690,3585,3595,45296,-0.01775956284153002
2025-04-24,3595,3630,3565,3590,26170,-0.0013908205841446364
2025-04-25,3675,3675,3595,3620,17403,0.008356545961002881
2025-04-28,3620,3660,3610,3610,12254,-0.002762430939226568
2025-04-29,3610,3660,3605,3660,13536,0.013850415512465464
2025-04-30,3660,3660,3600,3605,5741,-0.015027322404371546
2025-05-02,3690,3690,3585,3605,4055,0.0
2025-05-07,3660,3660,3530,3585,19632,-0.00554785020804438
2025-05-08,3610,3655,3600,3655,15570,0.019525801952580135
2025-05-09,3665,3665,3605,3650,11449,-0.001367989056087593
2025-05-12,3650,3665,3615,3660,14012,0.00273972602739736
2025-05-13,3685,3685,3642,3660,18454,0.0
2025-05-14,3670,3680,3640,3670,16754,0.002732240437158362
2025-05-15,3680,3685,3645,3685,14370,0.004087193460490468
2025-05-16,3685,3755,3660,3750,53498,0.01763907734056991
2025-05-19,3780,3780,3680,3685,27728,-0.01733333333333331
2025-05-20,3775,3775,3670,3700,11618,0.004070556309362372
2025-05-21,3770,3770,3705,3725,9763,0.006756756756756799
2025-05-22,3700,3760,3700,3720,16347,-0.0013422818791946067
