Date,Open,High,Low,Close,Volume,Change
2022-01-03,107000,108000,106500,107000,35849,0.0
2022-01-04,106500,107500,105000,107000,64424,0.0
2022-01-05,106000,107000,105000,106000,73055,-0.009345794392523366
2022-01-06,104500,105500,101500,102500,84964,-0.03301886792452835
2022-01-07,102000,104500,101500,102000,77293,-0.004878048780487809
2022-01-10,101500,103000,100000,102000,59730,0.0
2022-01-11,101000,102500,100000,101000,68017,-0.009803921568627416
2022-01-12,101500,103500,101000,103000,87488,0.01980198019801982
2022-01-13,103000,104000,102500,102500,38125,-0.004854368932038833
2022-01-14,101500,103000,101500,102000,77470,-0.004878048780487809
2022-01-17,102000,103000,101000,102000,63552,0.0
2022-01-18,102000,103000,98600,98700,89507,-0.032352941176470584
2022-01-19,98500,100500,97600,98300,88510,-0.004052684903748771
2022-01-20,98400,98800,97000,98300,76633,0.0
2022-01-21,97300,98000,95200,95500,81211,-0.028484231943031513
2022-01-24,94000,95000,92900,93700,74495,-0.01884816753926699
2022-01-25,93400,93700,90000,90000,89736,-0.039487726787620026
2022-01-26,91800,92100,90000,90600,66696,0.006666666666666599
2022-01-27,90100,91000,87200,87900,119243,-0.0298013245033113
2022-01-28,87600,88900,86300,88500,149511,0.006825938566553003
2022-02-03,91200,93600,91000,92400,185376,0.04406779661016946
2022-02-04,92800,92900,91000,92700,89381,0.0032467532467532756
2022-02-07,92800,93100,90700,93000,91548,0.003236245954692629
2022-02-08,93300,93900,92100,92300,73537,-0.007526881720430145
2022-02-09,93000,97500,92800,97200,112100,0.05308775731310944
2022-02-10,96800,97700,95900,97200,44266,0.0
2022-02-11,96800,97400,95500,96600,48210,-0.006172839506172867
2022-02-14,96000,97600,94800,96900,49421,0.0031055900621117516
2022-02-15,96900,97100,95600,96300,36181,-0.006191950464396245
2022-02-16,97000,100500,97000,99600,107009,0.03426791277258556
2022-02-17,99600,101500,97600,99400,92718,-0.002008032128514081
2022-02-18,98300,100500,97500,100000,39530,0.006036217303822866
2022-02-21,97700,99800,97600,99800,47753,-0.0020000000000000018
2022-02-22,99300,99900,98000,98400,46927,-0.014028056112224463
2022-02-23,98600,99900,98500,98600,42814,0.00203252032520318
2022-02-24,97800,98600,96900,97100,68337,-0.015212981744421872
2022-02-25,97900,99900,97400,99900,59107,0.02883625128733258
2022-02-28,99900,101500,98700,101500,59245,0.0160160160160161
2022-03-02,101500,102500,100000,101500,53717,0.0
2022-03-03,101500,105000,101500,104500,72799,0.029556650246305383
2022-03-04,104500,106000,102500,103500,50855,-0.009569377990430672
2022-03-07,101500,103000,99600,100000,89496,-0.033816425120772986
2022-03-08,100000,100500,98600,99600,60760,-0.0040000000000000036
2022-03-10,103000,103500,97600,99000,105180,-0.0060240963855421326
2022-03-11,98500,98600,96400,97200,64570,-0.018181818181818188
2022-03-14,97500,98000,95200,96100,100907,-0.011316872427983515
2022-03-15,95400,96100,93200,93400,59072,-0.02809573361082207
2022-03-16,94500,94700,92400,94600,47596,0.012847965738758127
2022-03-17,96000,98300,95900,97700,51190,0.03276955602537002
2022-03-18,97100,98900,96700,98900,44704,0.0122824974411464
2022-03-21,99000,99100,97600,98500,55793,-0.004044489383215333
2022-03-22,97900,99100,97900,98500,32609,0.0
2022-03-23,98600,99500,98500,99000,30833,0.0050761421319796
2022-03-24,98900,98900,97000,97200,50779,-0.018181818181818188
2022-03-25,97500,97700,95000,97300,78394,0.0010288065843622185
2022-03-28,97100,97300,95800,97100,24073,-0.0020554984583761593
2022-03-29,97700,98500,97100,97100,38784,0.0
2022-03-30,97800,98700,97100,98400,38748,0.013388259526261548
2022-03-31,98000,99400,98000,98800,39951,0.004065040650406582
2022-04-01,97300,99200,97200,99100,49303,0.0030364372469635637
2022-04-04,98100,100500,98000,100500,49320,0.01412714429868811
2022-04-05,100000,100500,99500,99900,33907,-0.005970149253731294
2022-04-06,99100,99500,98200,98500,42943,-0.014014014014014031
2022-04-07,98400,99400,97500,98400,44861,-0.0010152284263958977
2022-04-08,98600,99300,97800,98500,30812,0.00101626016260159
2022-04-11,98300,101000,98000,99700,50947,0.012182741116751217
2022-04-12,98500,99400,98200,98500,45121,-0.012036108324974926
2022-04-13,99300,99900,98400,99900,44773,0.014213197969543234
2022-04-14,99500,101000,99000,100500,68505,0.006006006006006093
2022-04-15,99300,99800,97300,98100,66437,-0.023880597014925398
2022-04-18,97400,97900,96700,97600,40310,-0.0050968399592252744
2022-04-19,97300,98000,97000,97800,41534,0.002049180327868827
2022-04-20,96900,97900,96700,97200,39382,-0.006134969325153339
2022-04-21,97900,99300,97700,98400,52286,0.012345679012345734
2022-04-22,97400,97800,96500,96600,42914,-0.018292682926829285
2022-04-25,95000,96100,94700,95000,44893,-0.0165631469979296
2022-04-26,95100,95200,93900,94200,48909,-0.008421052631578996
2022-04-27,93400,93900,91400,93900,46051,-0.0031847133757961776
2022-04-28,93400,94400,92900,94000,32783,0.0010649627263046302
2022-04-29,93600,95500,93200,95300,40845,0.01382978723404249
2022-05-02,95000,95300,91600,93300,79490,-0.02098635886673661
2022-05-03,93300,94100,92700,93300,46039,0.0
2022-05-04,93300,94200,93100,93100,27925,-0.002143622722400873
2022-05-06,92900,92900,91200,91400,34764,-0.018259935553168627
2022-05-09,90700,91000,88200,89000,64134,-0.026258205689277947
2022-05-10,87500,88600,87000,88000,100350,-0.011235955056179803
2022-05-11,87500,87500,85500,85800,108071,-0.025000000000000022
2022-05-12,84700,85300,82700,83200,104007,-0.030303030303030276
2022-05-13,84000,87400,83500,85800,86525,0.03125
2022-05-16,86900,87600,85700,85900,55383,0.0011655011655011815
2022-05-17,85000,87600,85000,87600,55717,0.019790454016298087
2022-05-18,87600,89300,87000,87100,48221,-0.005707762557077611
2022-05-19,85300,87000,84700,86000,48747,-0.012629161882893203
2022-05-20,88700,91900,88500,90600,109477,0.05348837209302326
2022-05-23,90900,92400,90200,92200,50342,0.017660044150110465
2022-05-24,91300,93100,91300,92300,63368,0.0010845986984815426
2022-05-25,93200,93700,91800,92500,37641,0.0021668472372697867
2022-05-26,92400,93300,91200,92400,27693,-0.00108108108108107
2022-05-27,92900,94400,92500,93900,34658,0.016233766233766156
2022-05-30,94100,95700,94100,95400,40908,0.015974440894568787
2022-05-31,94900,95900,94500,95400,33382,0.0
2022-06-02,94100,95100,93900,94900,36291,-0.00524109014675056
2022-06-03,95300,95600,94100,94900,30157,0.0
2022-06-07,94400,94600,92000,92100,32345,-0.02950474183350893
2022-06-08,92300,92800,91400,91600,27877,-0.005428881650380024
2022-06-09,91700,93000,90300,93000,45083,0.015283842794759916
2022-06-10,93000,93000,90400,91700,36750,-0.013978494623655968
2022-06-13,90100,91100,88100,88300,49888,-0.037077426390403456
2022-06-14,87900,88800,86600,88000,55133,-0.003397508493771184
2022-06-15,87100,89000,86300,86900,59632,-0.012499999999999956
2022-06-16,87900,92100,87400,87500,65206,0.0069044879171460405
2022-06-17,85300,88700,85300,87000,63477,-0.005714285714285672
2022-06-20,87300,88200,85000,86100,52817,-0.010344827586206917
2022-06-21,88900,89000,85500,88100,53338,0.023228803716608626
2022-06-22,88400,88900,85100,85300,56419,-0.03178206583427923
2022-06-23,85700,87600,85100,86300,76685,0.011723329425556761
2022-06-24,86400,89000,86400,88300,54890,0.023174971031286296
2022-06-27,88100,88800,86200,86600,62981,-0.01925254813137034
2022-06-28,86600,87100,84700,85900,52917,-0.008083140877598205
2022-06-29,85000,85700,83700,83900,65391,-0.023282887077997638
2022-06-30,83600,83800,82400,82700,50629,-0.014302741358760418
2022-07-01,83800,84000,78900,79900,81495,-0.03385731559854899
2022-07-04,79500,80000,76500,78300,61783,-0.020025031289111372
2022-07-05,78800,82700,78600,82600,58816,0.054916985951468655
2022-07-06,81400,82400,79000,79500,41187,-0.03753026634382561
2022-07-07,80400,82600,79900,81800,35102,0.028930817610062887
2022-07-08,81900,82100,79400,79600,46661,-0.02689486552567233
2022-07-11,79600,79900,77600,77800,30805,-0.022613065326633208
2022-07-12,77900,78100,73700,74400,88065,-0.04370179948586117
2022-07-13,74400,75500,73200,74100,60194,-0.0040322580645161255
2022-07-14,73500,73600,71600,72000,93974,-0.028340080971659964
2022-07-15,72100,72500,69000,71600,146096,-0.005555555555555536
2022-07-18,72300,78000,71800,77000,188281,0.07541899441340782
2022-07-19,75700,78300,75700,77800,63739,0.010389610389610393
2022-07-20,80000,82900,78900,79900,135786,0.02699228791773778
2022-07-21,79800,82000,79400,81100,65143,0.015018773466833446
2022-07-22,81100,82400,80500,81600,66973,0.006165228113440113
2022-07-25,81100,83600,80400,80800,54196,-0.009803921568627416
2022-07-26,80200,80700,79500,80500,35557,-0.003712871287128716
2022-07-27,79800,81300,79300,80900,36995,0.00496894409937898
2022-07-28,81800,82600,80800,81000,28602,0.0012360939431397266
2022-07-29,82100,85100,82000,84500,71174,0.043209876543209846
2022-08-01,83700,83900,81300,81600,50768,-0.03431952662721893
2022-08-02,81000,82300,80500,81500,49204,-0.001225490196078427
2022-08-03,81500,83700,81000,83300,44034,0.022085889570552242
2022-08-04,84000,85700,83100,85300,55730,0.02400960384153672
2022-08-05,85800,89100,85300,88300,74250,0.035169988276670505
2022-08-08,87100,88400,86900,86900,31979,-0.015855039637599044
2022-08-09,86900,88600,86200,88300,24363,0.016110471806674243
2022-08-10,87400,88400,85800,85800,31313,-0.028312570781426905
2022-08-11,87200,90700,86800,90700,68030,0.05710955710955701
2022-08-12,90500,91300,89900,90300,20203,-0.004410143329658167
2022-08-16,90300,91000,89200,89900,25833,-0.0044296788482834915
2022-08-17,90900,91500,89700,90300,29422,0.004449388209121219
2022-08-18,89200,89900,86700,87800,66328,-0.027685492801771905
2022-08-19,87700,88500,85400,87600,48197,-0.002277904328018221
2022-08-22,87200,87200,83100,84700,65671,-0.03310502283105021
2022-08-23,83200,84100,82300,83200,44010,-0.017709563164108655
2022-08-24,83500,83500,82300,82900,34735,-0.0036057692307692735
2022-08-25,83000,84800,83000,84500,29021,0.0193003618817853
2022-08-26,84800,85000,83200,83400,37941,-0.013017751479289963
2022-08-29,82100,82200,79700,80200,76428,-0.0383693045563549
2022-08-30,80800,84000,80500,83800,46331,0.04488778054862852
2022-08-31,83300,86400,82000,85600,49681,0.021479713603818507
2022-09-01,84300,84700,81800,81900,38741,-0.04322429906542058
2022-09-02,83100,83100,81500,81600,28081,-0.00366300366300365
2022-09-05,81600,83200,81500,82400,18192,0.009803921568627416
2022-09-06,82000,83300,81400,81900,16448,-0.0060679611650485965
2022-09-07,81500,81500,78700,79800,62405,-0.02564102564102566
2022-09-08,80900,81100,79900,80900,46379,0.013784461152882121
2022-09-13,82500,87000,82200,85900,72774,0.06180469715698389
2022-09-14,81700,85400,81700,84600,41667,-0.015133876600698537
2022-09-15,84800,84900,83600,84300,18375,-0.0035460992907800915
2022-09-16,83200,83800,81900,82900,34550,-0.016607354685646447
2022-09-19,82500,83400,81500,81900,18023,-0.012062726176115812
2022-09-20,83900,84800,83100,84100,33048,0.026862026862026767
2022-09-21,83200,84300,82700,83800,19337,-0.003567181926278251
2022-09-22,83100,83300,82000,82400,31058,-0.01670644391408116
2022-09-23,82400,82800,80500,81300,29124,-0.013349514563106846
2022-09-26,80700,80700,78000,79000,59522,-0.028290282902828978
2022-09-27,79000,79900,76500,78300,49751,-0.008860759493670933
2022-09-28,77200,78000,73900,75800,57209,-0.03192848020434225
2022-09-29,76800,78500,74600,75300,56578,-0.006596306068601621
2022-09-30,74700,76000,74200,75700,52339,0.005312084993359889
2022-10-04,77300,79200,76300,77400,36223,0.022457067371202122
2022-10-05,78600,79100,76000,76300,39825,-0.014211886304909549
2022-10-06,76500,77200,74500,75200,67373,-0.014416775884665833
2022-10-07,74800,76400,74400,76100,32592,0.01196808510638303
2022-10-11,73900,75300,72000,73200,51209,-0.03810775295663604
2022-10-12,72500,75000,71700,75000,39849,0.024590163934426146
2022-10-13,75400,75400,73400,73400,34294,-0.021333333333333315
2022-10-14,74500,76900,74400,76800,45975,0.04632152588555849
2022-10-17,75700,77400,75100,77400,26822,0.0078125
2022-10-18,78600,81200,78100,80800,62952,0.043927648578811374
2022-10-19,81400,81400,78700,78700,23841,-0.025990099009901013
2022-10-20,77900,77900,72000,72200,190099,-0.08259212198221089
2022-10-21,71200,71600,69400,70000,138774,-0.030470914127423865
2022-10-24,72000,76900,71900,74200,215020,0.06000000000000005
2022-10-25,74400,75400,71900,73800,71253,-0.005390835579514808
2022-10-26,74000,74700,73200,74000,53982,0.0027100271002709064
2022-10-27,74700,78900,74400,78600,110119,0.06216216216216219
2022-10-28,78600,79800,77800,78500,55110,-0.0012722646310432406
2022-10-31,79700,80800,78700,80800,56148,0.029299363057324834
2022-11-01,80800,80900,79000,79700,42017,-0.013613861386138626
2022-11-02,78600,79200,77600,78600,44648,-0.013801756587201952
2022-11-03,77300,77300,74600,75700,94013,-0.03689567430025442
2022-11-04,75600,77500,74700,77500,46265,0.023778071334213946
2022-11-07,77100,82900,76300,82700,86330,0.06709677419354843
2022-11-08,82400,83300,79800,81800,57922,-0.010882708585247869
2022-11-09,81600,86900,81500,86000,114425,0.05134474327628369
2022-11-10,85000,86800,84200,85800,60442,-0.0023255813953488857
2022-11-11,94300,94300,90600,92600,172480,0.07925407925407923
2022-11-14,92600,93500,91700,91700,45764,-0.009719222462203025
2022-11-15,92000,93500,91800,92600,37501,0.009814612868048078
2022-11-16,92300,93800,91800,92800,83182,0.002159827213822796
2022-11-17,92700,93600,90100,91200,56011,-0.017241379310344862
2022-11-18,90600,91500,88000,88700,88493,-0.027412280701754388
2022-11-21,89100,89300,86200,87100,52583,-0.018038331454340528
2022-11-22,87200,87800,86600,87300,28760,0.0022962112514350874
2022-11-23,87800,88600,87100,88000,29917,0.008018327605956443
2022-11-24,88800,94500,88000,93300,106220,0.060227272727272796
2022-11-25,93700,93800,89100,91300,65197,-0.02143622722400862
2022-11-28,90500,91100,88800,89500,59188,-0.019715224534501696
2022-11-29,89800,92600,89100,92100,39029,0.02905027932960902
2022-11-30,91500,93000,90700,92000,45212,-0.0010857763300760048
2022-12-01,93400,95000,93000,94000,95360,0.021739130434782705
2022-12-02,93300,94100,91800,92100,54054,-0.02021276595744681
2022-12-05,92100,93300,90600,91900,22594,-0.0021715526601520097
2022-12-06,91200,92500,90000,90100,36081,-0.019586507072905324
2022-12-07,92000,92200,88700,89300,26072,-0.008879023307436174
2022-12-08,90300,90300,86900,87600,68930,-0.01903695408734607
2022-12-09,87500,90400,87400,90200,41051,0.029680365296803624
2022-12-12,90200,90200,88100,89200,24432,-0.011086474501108667
2022-12-13,90300,90400,87500,88600,36555,-0.006726457399103158
2022-12-14,89500,91300,89100,90900,44172,0.025959367945823875
2022-12-15,90900,91100,89700,89700,20339,-0.01320132013201325
2022-12-16,88900,89400,87700,89100,69524,-0.006688963210702337
2022-12-19,87700,89900,87700,88800,20483,-0.0033670033670033517
2022-12-20,89000,89800,88500,89000,26367,0.0022522522522523403
2022-12-21,89000,89500,88000,88800,23686,-0.0022471910112359383
2022-12-22,88800,90800,88600,90500,41863,0.019144144144144226
2022-12-23,90500,91400,88000,90600,38801,0.0011049723756906271
2022-12-26,90700,92600,89900,92300,46488,0.01876379690949226
2022-12-27,93100,93300,89800,91800,49773,-0.005417118093174467
2022-12-28,89600,89700,87200,87900,57017,-0.042483660130718914
2022-12-29,87100,87900,83500,84000,72181,-0.04436860068259385
2023-01-02,84300,84300,79800,80900,57146,-0.036904761904761885
2023-01-03,80900,81700,77600,81500,79795,0.007416563658838138
2023-01-04,80300,89600,79800,88100,96813,0.08098159509202452
2023-01-05,87100,93600,87100,90400,115270,0.026106696935300766
2023-01-06,89100,93800,89100,92600,94780,0.02433628318584069
2023-01-09,93800,95000,93000,94400,58733,0.01943844492440605
2023-01-10,94600,97800,93100,95900,108581,0.01588983050847448
2023-01-11,96900,97400,93400,93700,63224,-0.02294056308654846
2023-01-12,94200,95500,93000,93700,50172,0.0
2023-01-13,95000,98000,94500,97500,99994,0.04055496264674496
2023-01-16,97600,102500,97300,100500,118055,0.03076923076923066
2023-01-17,100000,103500,98700,99500,82796,-0.00995024875621886
2023-01-18,100000,100500,98100,99100,78569,-0.004020100502512558
2023-01-19,98000,100000,98000,99700,50269,0.006054490413723412
2023-01-20,98800,101000,98000,98300,55218,-0.014042126379137376
2023-01-25,100000,101900,99700,101500,89747,0.03255340793489325
2023-01-26,101400,102000,100100,100900,63959,-0.005911330049261032
2023-01-27,100400,101500,98700,99200,65584,-0.01684836471754214
2023-01-30,98900,99900,97600,98300,56095,-0.009072580645161255
2023-01-31,98300,99800,97600,98200,57097,-0.0010172939979654627
2023-02-01,97700,101100,97700,100400,94393,0.022403258655804503
2023-02-02,101800,103900,100100,101900,140351,0.014940239043824688
2023-02-03,102000,102800,100200,101400,48940,-0.004906771344455385
2023-02-06,101400,101400,97100,97500,78704,-0.038461538461538436
2023-02-07,97500,99700,96900,99400,72989,0.019487179487179596
2023-02-08,99500,103000,99000,102400,223098,0.030181086519114775
2023-02-09,100900,102500,100400,100700,56104,-0.0166015625
2023-02-10,100000,103200,99600,101800,86210,0.010923535253227312
2023-02-13,101200,104700,100500,102500,115642,0.006876227897838927
2023-02-14,103400,107000,102700,106000,183231,0.034146341463414664
2023-02-15,105800,106800,103400,104000,69723,-0.018867924528301883
2023-02-16,104000,107400,102500,107000,118871,0.028846153846153744
2023-02-17,105300,108000,104600,105800,43428,-0.01121495327102806
2023-02-20,105600,106900,104800,105700,41277,-0.000945179584120992
2023-02-21,104900,107700,104200,106100,56361,0.0037842951750235443
2023-02-22,105000,105400,101300,103600,75349,-0.023562676720075393
2023-02-23,103700,107200,103700,107100,65974,0.03378378378378377
2023-02-24,105400,107700,105400,106100,38393,-0.00933706816059754
2023-02-27,104900,106000,103000,105300,42731,-0.007540056550424112
2023-02-28,106000,106800,102700,103200,41254,-0.019943019943019946
2023-03-02,102800,104500,102100,103700,60839,0.004844961240310086
2023-03-03,103800,104700,100600,101200,63027,-0.024108003857280624
2023-03-06,101500,101700,99300,100100,91480,-0.010869565217391353
2023-03-07,100200,100400,99000,99300,42108,-0.007992007992007943
2023-03-08,98400,98800,97600,98700,40579,-0.0060422960725075026
2023-03-09,99100,99700,97900,98100,31935,-0.006079027355623046
2023-03-10,97700,97700,94500,95500,71236,-0.02650356778797147
2023-03-13,95500,98000,94500,97500,49762,0.020942408376963373
2023-03-14,96100,97500,93300,93600,73076,-0.040000000000000036
2023-03-15,94400,96500,94400,95500,52268,0.020299145299145227
2023-03-16,94400,96200,93000,94700,39879,-0.008376963350785305
2023-03-17,96000,97500,95100,96700,49740,0.021119324181626098
2023-03-20,96700,98700,95500,95500,31320,-0.012409513960703222
2023-03-21,95600,96600,95200,95400,26582,-0.0010471204188481353
2023-03-22,95700,96500,95300,96100,40982,0.007337526205450695
2023-03-23,95100,95600,93400,95300,54282,-0.008324661810613976
2023-03-24,94400,95600,93900,94900,46018,-0.0041972717733472775
2023-03-27,95400,95500,93400,95400,37288,0.005268703898840821
2023-03-28,95700,96400,93200,96100,39916,0.007337526205450695
2023-03-29,96500,98800,96100,98600,51158,0.026014568158168494
2023-03-30,99000,99400,97700,98000,32963,-0.006085192697768749
2023-03-31,99100,101600,98200,101000,102075,0.030612244897959107
2023-04-03,101000,103500,101000,101500,69704,0.004950495049504955
2023-04-04,102400,102400,100100,101500,48613,0.0
2023-04-05,102600,103000,101100,101400,42775,-0.0009852216748768017
2023-04-06,101300,101300,98000,98000,36380,-0.0335305719921104
2023-04-07,98300,102900,97800,102500,53739,0.04591836734693877
2023-04-10,101400,103700,100300,102800,74694,0.0029268292682926855
2023-04-11,103900,106800,103300,105600,103834,0.027237354085603016
2023-04-12,107000,108800,106000,107500,131080,0.01799242424242431
2023-04-13,107600,108700,105500,108700,86935,0.01116279069767434
2023-04-14,109600,110500,108200,109400,72206,0.0064397424103035394
2023-04-17,109600,109900,106500,107100,43556,-0.021023765996343702
2023-04-18,106200,108000,106100,107500,44852,0.0037348272642390157
2023-04-19,107500,108200,106400,107400,46702,-0.0009302325581395099
2023-04-20,106200,107800,105400,106200,42816,-0.011173184357541888
2023-04-21,105300,105800,104300,104700,54652,-0.01412429378531077
2023-04-24,104700,104800,99500,99900,82916,-0.045845272206303744
2023-04-25,100800,100900,98500,99300,64234,-0.006006006006005982
2023-04-26,99300,99700,96600,97200,63919,-0.02114803625377648
2023-04-27,97000,97100,93500,95600,170978,-0.016460905349794275
2023-04-28,94900,96000,89900,93700,317616,-0.01987447698744771
2023-05-02,93300,93700,88800,91100,200641,-0.02774813233724649
2023-05-03,90200,91000,89200,90100,71362,-0.010976948408342513
2023-05-04,89300,89500,87300,89000,154567,-0.01220865704772478
2023-05-08,89300,92700,89200,91700,168903,0.030337078651685445
2023-05-09,91700,92400,90000,91200,103532,-0.005452562704471142
2023-05-10,93500,93900,90300,91000,115522,-0.002192982456140302
2023-05-11,91600,94800,91500,93300,145139,0.025274725274725185
2023-05-12,93500,94400,92500,93800,119912,0.005359056806002238
2023-05-15,92800,97000,92800,97000,138758,0.034115138592750505
2023-05-16,96300,97100,94000,94300,103209,-0.027835051546391765
2023-05-17,93700,94900,93600,94500,43613,0.0021208907741250282
2023-05-18,94600,95300,94400,94600,52291,0.0010582010582009804
2023-05-19,94700,95000,93600,94100,46390,-0.005285412262156397
2023-05-22,94500,95400,93100,94800,38020,0.007438894792773709
2023-05-23,95200,96000,94300,95000,60251,0.0021097046413502962
2023-05-24,94500,96400,93000,96000,92982,0.010526315789473717
2023-05-25,95200,95900,94600,95000,65480,-0.01041666666666663
2023-05-26,94400,94700,92100,92500,76891,-0.02631578947368418
2023-05-30,93500,95800,92400,95700,81095,0.034594594594594685
2023-05-31,94600,95600,93800,93800,59148,-0.019853709508881878
2023-06-01,93400,94800,92800,93500,37078,-0.0031982942430703876
2023-06-02,93600,95500,93600,95400,46990,0.02032085561497321
2023-06-05,95800,95800,94100,94300,35121,-0.011530398322851187
2023-06-07,94500,95700,94200,95000,67999,0.007423117709437932
2023-06-08,95000,96500,94500,95600,79160,0.006315789473684275
2023-06-09,96200,96900,94700,96000,55305,0.004184100418409997
2023-06-12,95800,96200,93800,94000,38875,-0.02083333333333337
2023-06-13,94300,94700,92700,93300,55439,-0.007446808510638281
2023-06-14,93300,93500,92300,93000,53837,-0.003215434083601254
2023-06-15,93000,95000,92800,93900,72820,0.00967741935483879
2023-06-16,94700,94700,91000,91200,87072,-0.028753993610223683
2023-06-19,91100,91300,88800,90000,66865,-0.013157894736842146
2023-06-20,89900,90500,89200,89500,45800,-0.005555555555555536
2023-06-21,89800,91200,89200,91200,70952,0.018994413407821265
2023-06-22,91200,92300,90000,91700,71087,0.005482456140350811
2023-06-23,91600,91900,89400,89700,66573,-0.021810250817884458
2023-06-26,89500,91700,89300,90600,38780,0.010033444816053505
2023-06-27,90700,91500,88700,89600,49557,-0.01103752759381893
2023-06-28,89700,90000,88300,89100,32703,-0.005580357142857095
2023-06-29,88500,89600,88100,88100,40462,-0.011223344556677839
2023-06-30,88800,89200,87200,88400,36322,0.0034052213393871433
2023-07-03,88400,90100,88400,89700,30104,0.014705882352941124
2023-07-04,89200,89900,88200,88600,30392,-0.012263099219620988
2023-07-05,88400,89100,87400,87500,43932,-0.01241534988713322
2023-07-06,87500,88500,86500,86900,59625,-0.006857142857142895
2023-07-07,86700,86800,84000,84600,79791,-0.026467203682393525
2023-07-10,85700,86100,84000,85400,49145,0.009456264775413725
2023-07-11,85800,86800,85400,86300,29559,0.01053864168618257
2023-07-12,86800,86800,85400,85900,41800,-0.004634994206257237
2023-07-13,86600,90800,86500,90100,157002,0.04889406286379505
2023-07-14,89800,92300,89500,91300,63301,0.013318534961154205
2023-07-17,90400,92500,89300,91800,49114,0.005476451259583737
2023-07-18,92700,93300,91800,92500,56363,0.007625272331154731
2023-07-19,92400,92800,90500,90700,32433,-0.019459459459459483
2023-07-20,90100,93200,90000,92400,60234,0.018743109151047488
2023-07-21,91600,92300,90400,91100,50900,-0.01406926406926412
2023-07-24,91200,91200,89200,89600,47831,-0.016465422612513714
2023-07-25,89800,94900,89700,94300,91510,0.052455357142857206
2023-07-26,93700,94100,90200,92500,99501,-0.019088016967126142
2023-07-27,93000,99400,91900,98500,209767,0.06486486486486487
2023-07-28,98500,98800,95400,98200,98434,-0.003045685279187804
2023-07-31,97900,98200,96300,97200,90604,-0.010183299389002087
2023-08-01,98400,105300,96400,103900,177330,0.06893004115226331
2023-08-02,102300,104000,100300,101300,90309,-0.025024061597690106
2023-08-03,101300,103000,99400,101500,73648,0.001974333662388972
2023-08-04,101700,103800,100900,102200,42538,0.006896551724137945
2023-08-07,101300,107200,101300,104100,120274,0.018590998043052753
2023-08-08,105300,105700,102300,103200,42157,-0.008645533141210415
2023-08-09,103200,103200,98400,100000,121444,-0.03100775193798455
2023-08-10,100000,100500,96500,97200,100676,-0.028000000000000025
2023-08-11,97900,100600,97500,97700,58395,0.005144032921810648
2023-08-14,97800,99100,97000,97300,29030,-0.004094165813715467
2023-08-16,96800,98000,95200,95600,41558,-0.0174717368961973
2023-08-17,95200,96200,93000,95800,60505,0.0020920502092049986
2023-08-18,94500,97400,94400,96000,38283,0.0020876826722338038
2023-08-21,97800,97800,95000,95300,33629,-0.007291666666666696
2023-08-22,96200,98000,95300,97600,40001,0.02413431269674704
2023-08-23,96700,98600,95600,97700,42610,0.0010245901639345245
2023-08-24,98700,100700,97800,99900,70206,0.022517911975435068
2023-08-25,98100,100200,98100,98900,39937,-0.010010010010010006
2023-08-28,100000,101600,98500,101200,40610,0.023255813953488413
2023-08-29,101100,103500,100500,102300,48073,0.010869565217391353
2023-08-30,102800,105000,102600,102700,39193,0.003910068426197455
2023-08-31,102300,103700,101900,103300,33437,0.0058422590068158975
2023-09-01,102200,103000,99600,99800,48647,-0.03388189738625358
2023-09-04,98600,102900,98600,102900,28062,0.03106212424849697
2023-09-05,101400,101700,99600,100100,27275,-0.027210884353741527
2023-09-06,100000,100600,98400,98400,33736,-0.016983016983016963
2023-09-07,97500,99600,97500,99200,30271,0.008130081300812941
2023-09-08,99600,103900,99200,102100,78432,0.029233870967741993
2023-09-11,102100,102800,100700,101100,24631,-0.009794319294809006
2023-09-12,101100,101800,99800,100300,27020,-0.007912957467853587
2023-09-13,99500,103600,99500,103000,38385,0.026919242273180544
2023-09-14,103000,104500,101800,102500,49063,-0.004854368932038833
2023-09-15,103700,105200,102600,103900,75793,0.013658536585365866
2023-09-18,102800,103800,101600,101900,32447,-0.019249278152069338
2023-09-19,101700,102400,99700,100000,65036,-0.018645731108930308
2023-09-20,99600,101700,99600,101400,20474,0.014000000000000012
2023-09-21,99600,101400,96100,96500,141724,-0.0483234714003945
2023-09-22,95600,96700,94300,96100,52689,-0.004145077720207224
2023-09-25,96600,97500,96000,96800,34689,0.007284079084287187
2023-09-26,96300,97600,95000,95100,23628,-0.017561983471074405
2023-09-27,94800,96000,93600,94400,30272,-0.007360672975814886
2023-10-04,93500,93900,90400,90900,66899,-0.037076271186440635
2023-10-05,93000,93000,91200,91500,29557,0.0066006600660066805
2023-10-06,91100,93100,91000,92500,17126,0.010928961748633892
2023-10-10,93300,94900,92800,93400,42318,0.00972972972972963
2023-10-11,99000,111000,97000,107500,437725,0.15096359743040688
2023-10-12,106400,106800,102000,104100,147703,-0.031627906976744224
2023-10-13,103000,104800,102100,102200,42487,-0.018251681075888593
2023-10-16,100500,102500,100300,102100,40029,-0.0009784735812132794
2023-10-17,101500,103300,101000,102000,57283,-0.0009794319294809117
2023-10-18,102000,104600,101500,101600,58009,-0.0039215686274509665
2023-10-19,101200,102000,100000,101600,49132,0.0
2023-10-20,101300,101500,97700,100300,46450,-0.012795275590551158
2023-10-23,81000,82900,76100,76300,1140503,-0.23928215353938187
2023-10-24,77700,78000,75300,77500,415076,0.01572739187418093
2023-10-25,77900,82700,77000,80700,642321,0.041290322580645133
2023-10-26,79600,79600,76500,78200,345276,-0.030978934324659257
2023-10-27,78900,80700,77400,79300,198108,0.01406649616368294
2023-10-30,78700,83400,78200,82600,226767,0.04161412358133676
2023-10-31,82700,83400,80100,80500,195903,-0.025423728813559365
2023-11-01,80700,82300,79400,81800,167971,0.016149068322981464
2023-11-02,83100,83600,81900,82900,159771,0.01344743276283622
2023-11-03,84000,87600,84000,86800,241963,0.04704463208685161
2023-11-06,88800,96700,88100,95500,343717,0.10023041474654382
2023-11-07,93600,95600,91700,93900,163185,-0.01675392670157072
2023-11-08,94400,95100,93300,93600,70569,-0.0031948881789137795
2023-11-09,93700,97500,93400,95200,82416,0.017094017094017033
2023-11-10,94300,94300,91000,91600,102630,-0.037815126050420145
2023-11-13,92200,92200,89100,90100,111440,-0.01637554585152834
2023-11-14,90600,92500,90600,92400,41190,0.025527192008879096
2023-11-15,93900,94500,93000,94300,62720,0.02056277056277067
2023-11-16,94300,94400,92500,93100,38299,-0.012725344644750836
2023-11-17,93000,93400,92000,93200,28406,0.0010741138560688146
2023-11-20,92400,93700,92400,93300,22088,0.0010729613733906351
2023-11-21,93900,94300,93100,93500,34225,0.002143622722400762
2023-11-22,92800,93800,92400,93300,27228,-0.002139037433155133
2023-11-23,92900,93200,90900,91700,77160,-0.017148981779206873
2023-11-24,91800,92200,91200,92000,26378,0.0032715376226826187
2023-11-27,92300,92500,91400,92000,18464,0.0
2023-11-28,91800,92100,90800,91300,37264,-0.007608695652173925
2023-11-29,90900,91800,90500,91100,36158,-0.0021905805038334725
2023-11-30,91700,92300,90800,92300,78981,0.01317233809001106
2023-12-01,92300,92300,91000,91200,33107,-0.011917659804983716
2023-12-04,91800,92400,91100,91600,19930,0.004385964912280604
2023-12-05,91500,93600,91500,92500,59192,0.009825327510917026
2023-12-06,93400,93400,91900,92300,22555,-0.00216216216216214
2023-12-07,91200,92300,91000,91500,39950,-0.008667388949079036
2023-12-08,92300,94500,91500,92600,58852,0.012021857923497192
2023-12-11,93900,94800,92700,93700,22785,0.011879049676025932
2023-12-12,94600,95100,93600,93800,65755,0.0010672358591248265
2023-12-13,93900,94700,93100,94000,42878,0.002132196162046851
2023-12-14,96000,100700,95200,96700,101808,0.02872340425531905
2023-12-15,96700,99500,96500,97800,76171,0.011375387797311287
2023-12-18,97600,99200,97000,98200,55855,0.004089979550102152
2023-12-19,98200,99400,97700,98700,40792,0.005091649694501044
2023-12-20,99800,101400,98900,101200,101930,0.025329280648429542
2023-12-21,100000,102000,99700,101600,56413,0.0039525691699604515
2023-12-22,102100,102400,99000,99500,58163,-0.02066929133858264
2023-12-26,100000,102100,99400,101000,86662,0.015075376884422065
2023-12-27,100000,100000,95300,97500,77109,-0.034653465346534684
2023-12-28,99000,99900,97700,99500,54553,0.02051282051282044
2024-01-02,98300,99800,97500,97800,53117,-0.0170854271356784
2024-01-03,96800,97800,94600,94600,82036,-0.03271983640081799
2024-01-04,94300,95000,93500,94300,42839,-0.003171247357293905
2024-01-05,93800,95300,93600,94400,23545,0.0010604453870626251
2024-01-08,95000,95000,92800,93000,26240,-0.014830508474576232
2024-01-09,94100,94500,93200,93700,26701,0.007526881720430145
2024-01-10,93700,95100,93700,93700,26489,0.0
2024-01-11,94700,95700,93500,93500,34919,-0.002134471718249764
2024-01-12,93600,94200,92300,92700,26392,-0.00855614973262031
2024-01-15,93600,94300,92200,93100,20137,0.004314994606256839
2024-01-16,92000,93700,91200,92900,32459,-0.002148227712137518
2024-01-17,93400,94000,91900,92100,23971,-0.008611410118406937
2024-01-18,92800,92900,91300,92800,23737,0.007600434310532034
2024-01-19,93100,94400,92000,92000,29633,-0.008620689655172376
2024-01-22,92400,93800,92200,92200,24554,0.0021739130434783593
2024-01-23,92600,93800,92200,93500,16326,0.014099783080260275
2024-01-24,93900,93900,92500,92900,25049,-0.0064171122994652885
2024-01-25,92900,93300,91700,93000,31134,0.0010764262648008671
2024-01-26,92200,93500,91900,92800,28375,-0.0021505376344086446
2024-01-29,93600,96200,92500,95400,46517,0.028017241379310276
2024-01-30,97000,99900,96100,98400,92991,0.03144654088050314
2024-01-31,98000,99400,96100,96700,70279,-0.017276422764227695
2024-02-01,96100,108200,96100,107600,300681,0.11271975180972071
2024-02-02,107300,113800,105500,112200,197312,0.04275092936802971
2024-02-05,111000,111200,107000,109400,98703,-0.024955436720142554
2024-02-06,109200,112000,106900,107700,68958,-0.015539305301645379
2024-02-07,108500,110900,107300,110000,63438,0.02135561745589598
2024-02-08,110000,112000,108100,108900,50886,-0.010000000000000009
2024-02-13,110300,116200,110300,114500,142774,0.051423324150596805
2024-02-14,113300,114400,111300,112900,59241,-0.013973799126637543
2024-02-15,114800,119000,113000,115800,146951,0.025686448184233823
2024-02-16,118000,119600,115900,119300,94557,0.030224525043177852
2024-02-19,119300,122500,118000,121800,96571,0.020955574182732528
2024-02-20,122000,122000,118800,120300,66136,-0.012315270935960632
2024-02-21,121400,121800,120100,120800,79881,0.004156275976724855
2024-02-22,122000,122500,119900,121700,49379,0.007450331125827825
2024-02-23,122700,127500,121200,126400,158770,0.03861955628594904
2024-02-26,122500,123900,114600,121900,170404,-0.03560126582278478
2024-02-27,121900,125500,120400,123600,62283,0.013945857260049266
2024-02-28,123400,125900,121200,124900,56986,0.010517799352750767
2024-02-29,123600,128600,122500,125700,60961,0.006405124099279513
2024-03-04,127900,133300,127800,132600,167046,0.054892601431980825
2024-03-05,130100,135900,130000,134800,113712,0.016591251885369473
2024-03-06,133800,133800,128300,129500,104741,-0.03931750741839768
2024-03-07,129500,130700,127400,130100,46544,0.004633204633204713
2024-03-08,131400,133600,130200,130800,67152,0.005380476556495095
2024-03-11,128500,130000,123300,124600,146729,-0.04740061162079512
2024-03-12,124600,126400,123600,124600,105524,0.0
2024-03-13,125000,134000,124100,130900,138511,0.050561797752809
2024-03-14,132400,136500,124300,134700,246241,0.029029793735676046
2024-03-15,133800,136600,129600,131300,107076,-0.025241276911655564
2024-03-18,132600,132700,128000,131000,61539,-0.0022848438690022954
2024-03-19,129100,135700,128100,132000,61597,0.007633587786259444
2024-03-20,133600,134900,131300,131600,41680,-0.00303030303030305
2024-03-21,132200,134500,132200,133800,61948,0.016717325227963542
2024-03-22,132000,133800,131000,131400,37379,-0.017937219730941756
2024-03-25,131200,132000,126100,126200,84629,-0.0395738203957382
2024-03-26,127600,128100,125600,126200,49223,0.0
2024-03-27,125100,126400,122200,124800,103927,-0.011093502377179099
2024-03-28,125000,127800,122600,123300,70713,-0.012019230769230727
2024-03-29,123300,123800,120600,121700,62683,-0.012976480129764822
2024-04-01,122900,126100,119300,120000,82318,-0.01396877567789645
2024-04-02,118900,121900,118000,119600,47626,-0.0033333333333332993
2024-04-03,118100,122000,118000,120800,58689,0.010033444816053505
2024-04-04,123100,125400,121600,122400,94605,0.013245033112582849
2024-04-05,121300,128900,120900,124400,90813,0.016339869281045694
2024-04-08,124000,125200,122500,123100,70890,-0.010450160771704131
2024-04-09,124900,128500,124000,125600,55412,0.020308692120227567
2024-04-11,121900,127300,117600,123700,90316,-0.015127388535031816
2024-04-12,123000,123800,120400,120500,41664,-0.025869037995149502
2024-04-15,121600,125000,119500,125000,54206,0.03734439834024905
2024-04-16,123900,124600,119200,119300,41353,-0.045599999999999974
2024-04-17,119300,120900,119000,119100,28597,-0.0016764459346185756
2024-04-18,121000,127000,120000,126400,76068,0.06129303106633088
2024-04-19,122600,127100,121800,123300,52135,-0.024525316455696222
2024-04-22,126000,131100,124600,131000,104336,0.062449310624493215
2024-04-23,131100,133500,129700,130800,62068,-0.0015267175572518665
2024-04-24,132200,134500,130200,130500,72062,-0.002293577981651418
2024-04-25,130100,132100,128700,128700,51326,-0.01379310344827589
2024-04-26,128100,132500,128100,132100,59391,0.026418026418026486
2024-04-29,134300,134300,130300,132300,46313,0.0015140045420136694
2024-04-30,131000,134300,131000,132400,57981,0.0007558578987150177
2024-05-02,132400,132500,126300,130900,61691,-0.01132930513595165
2024-05-03,131300,131300,126200,128300,81855,-0.019862490450725745
2024-05-07,129500,131800,128500,131800,72548,0.02727981293842552
2024-05-08,131600,132600,130000,132500,45675,0.005311077389984931
2024-05-09,132400,132500,127200,128200,61082,-0.03245283018867928
2024-05-10,130500,132300,128600,132000,51578,0.029641185647425905
2024-05-13,132600,132800,129800,132600,48596,0.00454545454545463
2024-05-14,132600,133800,128500,131400,61700,-0.009049773755656076
2024-05-16,132500,136200,132100,133500,79249,0.015981735159817267
2024-05-17,132200,133800,129700,130600,38903,-0.021722846441947552
2024-05-20,131900,132200,129900,130400,36516,-0.0015313935681470214
2024-05-21,130000,131100,129600,130300,26838,-0.0007668711656442229
2024-05-22,129600,131600,128900,129800,35452,-0.0038372985418265726
2024-05-23,128500,130500,128500,128800,22805,-0.007704160246533087
2024-05-24,126600,127100,122900,125400,79168,-0.026397515527950333
2024-05-27,126300,127100,125100,126600,24389,0.009569377990430672
2024-05-28,125400,128300,124600,125800,45792,-0.006319115323854652
2024-05-29,126100,130700,125500,129500,82887,0.02941176470588225
2024-05-30,129000,133000,128300,132800,62732,0.025482625482625476
2024-05-31,134100,134100,132100,133800,56284,0.0075301204819278045
2024-06-03,133200,133300,129900,131000,37109,-0.020926756352765308
2024-06-04,129800,131400,128100,128800,30579,-0.016793893129770976
2024-06-05,128900,131800,128200,130600,30737,0.013975155279503104
2024-06-07,130600,132500,128100,129800,60278,-0.006125574272588086
2024-06-10,128600,131400,127800,128700,27412,-0.008474576271186418
2024-06-11,128700,130500,126500,127400,25767,-0.010101010101010055
2024-06-12,127500,127900,125200,126900,29518,-0.003924646781789609
2024-06-13,127000,130300,127000,127000,67292,0.0007880220646176994
2024-06-14,126000,127600,122300,122300,69793,-0.03700787401574801
2024-06-17,122200,124500,121700,122000,19871,-0.002452984464431762
2024-06-18,122900,124000,119400,122300,72770,0.0024590163934425924
2024-06-19,123400,123400,120100,121700,79675,-0.004905968928863413
2024-06-20,120500,124600,120500,123600,42831,0.015612161051766549
2024-06-21,123300,123900,122000,122600,33665,-0.008090614886731351
2024-06-24,123200,123300,120500,120800,40185,-0.014681892332789603
2024-06-25,122000,129000,121500,126000,75891,0.04304635761589415
2024-06-26,124000,124100,121800,122800,41618,-0.025396825396825418
2024-06-27,121500,122700,120700,121600,19068,-0.009771986970684043
2024-06-28,121900,126300,121900,125900,42587,0.03536184210526305
2024-07-01,125200,125600,122700,123700,30595,-0.017474185861795055
2024-07-02,122500,127400,122400,125900,51814,0.017784963621665373
2024-07-03,127200,131800,124500,129700,104361,0.030182684670373217
2024-07-04,129800,139200,129300,136000,143656,0.04857363145720894
2024-07-05,136100,139500,135200,137700,99601,0.012499999999999956
2024-07-08,138300,138600,135300,136600,36538,-0.007988380537400142
2024-07-09,136900,139100,134100,138500,63506,0.013909224011713128
2024-07-10,138500,140400,136600,138500,56272,0.0
2024-07-11,139900,146200,138100,144600,143375,0.04404332129963895
2024-07-12,144600,144800,139700,141100,66109,-0.024204702627939167
2024-07-15,141800,144700,139400,143600,58983,0.017717930545712246
2024-07-16,144100,146400,142700,143100,48068,-0.0034818941504177747
2024-07-17,144200,144500,140000,140900,51574,-0.015373864430468176
2024-07-18,141000,141000,137000,138900,70797,-0.01419446415897796
2024-07-19,136700,137400,133300,137400,48837,-0.010799136069114423
2024-07-22,137400,137900,132400,135000,39801,-0.017467248908296984
2024-07-23,136400,137100,131300,131900,46707,-0.022962962962962963
2024-07-24,130900,133000,130100,130900,45145,-0.007581501137225222
2024-07-25,130300,130300,126000,126100,66229,-0.036669213139801426
2024-07-26,126100,129600,125600,126900,64993,0.006344171292624878
2024-07-29,128100,138300,127600,133800,91288,0.05437352245862881
2024-07-30,132000,135700,131400,133900,58143,0.0007473841554559435
2024-07-31,136100,139000,131600,132800,76486,-0.00821508588498876
2024-08-01,134000,139200,132800,135800,71845,0.02259036144578319
2024-08-02,133600,133900,124800,124800,128708,-0.08100147275405012
2024-08-05,123500,124000,115200,118500,107170,-0.050480769230769273
2024-08-06,123500,128500,121000,122900,106810,0.037130801687763615
2024-08-07,120100,125200,119100,123400,62759,0.00406834825061031
2024-08-08,122500,127000,121100,125700,64361,0.018638573743922304
2024-08-09,127300,127500,124800,124800,42858,-0.007159904534606243
2024-08-12,125700,127600,124900,126500,29797,0.013621794871794934
2024-08-13,125600,128400,125600,127400,37647,0.007114624505928813
2024-08-14,128000,130500,126400,127500,38581,0.0007849293563579884
2024-08-16,131500,135700,130500,134000,74849,0.050980392156862786
2024-08-19,134000,137000,133200,135000,51469,0.00746268656716409
2024-08-20,135500,138700,135500,138000,61147,0.022222222222222143
2024-08-21,138000,139600,135800,139200,43965,0.008695652173912993
2024-08-22,139200,139900,136600,137300,33825,-0.013649425287356354
2024-08-23,136200,137900,132200,136800,58591,-0.0036416605972323657
2024-08-26,137000,142400,136300,140500,61424,0.027046783625731097
2024-08-27,142000,142300,138200,139900,57952,-0.004270462633451988
2024-08-28,138700,139600,132200,135500,98607,-0.03145103645461045
2024-08-29,136800,138600,135000,136300,44676,0.005904059040590326
2024-08-30,137500,138100,134300,135100,57390,-0.00880410858400582
2024-09-02,135100,136300,133600,134800,33923,-0.0022205773501110526
2024-09-03,134800,137900,134500,136700,40514,0.014094955489614147
2024-09-04,135200,135300,130900,132400,61429,-0.03145574250182881
2024-09-05,132500,137500,132500,134600,58391,0.0166163141993958
2024-09-06,136000,136000,131500,131900,50624,-0.020059435364041645
2024-09-09,130100,134400,127500,133400,50413,0.011372251705837666
2024-09-10,133500,135600,131200,132100,32220,-0.009745127436281864
2024-09-11,132100,132700,123800,125100,88794,-0.052990158970476875
2024-09-12,125800,128500,125200,127700,70073,0.02078337330135893
2024-09-13,129000,131500,128100,130000,50689,0.018010963194988294
2024-09-19,132100,132800,129200,131600,61018,0.012307692307692353
2024-09-20,132900,133600,129000,132000,73487,0.003039513677811634
2024-09-23,132000,135700,131200,133000,45900,0.007575757575757569
2024-09-24,135500,138000,133000,135600,79855,0.019548872180451093
2024-09-25,137400,137500,130600,130600,74066,-0.03687315634218291
2024-09-26,132100,135700,131900,134600,56004,0.030627871362940207
2024-09-27,134600,137700,132100,136200,65516,0.011887072808320909
2024-09-30,137000,137600,130000,130000,82312,-0.04552129221732748
2024-10-02,129800,133100,128000,130900,62614,0.006923076923077032
2024-10-04,132300,135200,130200,134500,60040,0.027501909854851014
2024-10-07,133200,134900,131200,134000,42869,-0.0037174721189591198
2024-10-08,133300,133400,129600,131000,55990,-0.02238805970149249
2024-10-10,132400,136400,131300,132800,95327,0.013740458015267132
2024-10-11,133600,134800,131300,132000,35940,-0.0060240963855421326
2024-10-14,132000,139800,131700,138200,119209,0.046969696969696884
2024-10-15,138100,139100,135700,137100,59551,-0.00795947901591898
