Date,Open,High,Low,Close,Volume,Change
2022-01-03,8720,8720,8420,8580,28107,-0.016055045871559592
2022-01-04,8560,9140,8510,8940,72043,0.04195804195804187
2022-01-05,9050,9100,8850,8940,42787,0.0
2022-01-06,8810,8900,8570,8700,42952,-0.02684563758389258
2022-01-07,8700,8990,8690,8950,28106,0.028735632183908066
2022-01-10,9070,9070,8760,8870,28840,-0.00893854748603351
2022-01-11,8870,8950,8640,8950,31041,0.00901916572717032
2022-01-12,8870,9020,8690,8850,33564,-0.011173184357541888
2022-01-13,8860,9100,8800,8950,31373,0.011299435028248483
2022-01-14,8950,9050,8770,8980,22617,0.003351955307262511
2022-01-17,8870,8910,8650,8800,19375,-0.020044543429844075
2022-01-18,8710,8800,8500,8600,20194,-0.022727272727272707
2022-01-19,8600,8600,8250,8340,20839,-0.03023255813953485
2022-01-20,8170,8660,8150,8500,29472,0.01918465227817756
2022-01-21,8540,8670,8250,8470,29965,-0.003529411764705892
2022-01-24,8380,8400,8100,8240,26234,-0.02715466351829987
2022-01-25,8230,8300,8000,8090,29392,-0.01820388349514568
2022-01-26,8250,8250,7970,8040,30998,-0.006180469715698411
2022-01-27,8370,8370,7610,7970,34077,-0.008706467661691586
2022-01-28,7970,8280,7750,8220,24154,0.031367628607277265
2022-02-03,8260,8390,8230,8280,20529,0.007299270072992803
2022-02-04,8290,8450,8180,8440,11400,0.019323671497584627
2022-02-07,8480,8480,8190,8440,16271,0.0
2022-02-08,8380,8540,8290,8350,7102,-0.010663507109004766
2022-02-09,8360,8700,8300,8560,24701,0.025149700598802394
2022-02-10,8690,8690,8450,8550,10716,-0.001168224299065379
2022-02-11,8550,8870,8410,8840,52643,0.03391812865497079
2022-02-14,8950,9300,8690,9020,120355,0.020361990950226172
2022-02-15,8960,9010,8450,8970,39585,-0.005543237250554278
2022-02-16,8990,9290,8990,9200,43824,0.02564102564102555
2022-02-17,9220,10850,8850,9200,501233,0.0
2022-02-18,9190,9380,9060,9290,32022,0.009782608695652284
2022-02-21,9240,9310,9060,9310,22353,0.0021528525296017342
2022-02-22,9220,9280,9020,9170,13982,-0.015037593984962405
2022-02-23,9160,9270,9090,9220,16608,0.005452562704471031
2022-02-24,9200,9220,8890,8980,39506,-0.026030368763557465
2022-02-25,9010,9270,9000,9140,17384,0.017817371937639104
2022-02-28,9140,9260,9060,9240,22384,0.010940919037199182
2022-03-02,9250,9340,9130,9200,14871,-0.0043290043290042934
2022-03-03,9230,9330,9180,9250,24456,0.005434782608695565
2022-03-04,9300,9300,9130,9200,10213,-0.00540540540540535
2022-03-07,9160,9160,8450,9020,22630,-0.019565217391304346
2022-03-08,8880,9450,8630,9180,22847,0.017738359201773912
2022-03-10,9330,9330,9070,9200,31495,0.002178649237472685
2022-03-11,9200,9200,8920,9080,29270,-0.013043478260869601
2022-03-14,9070,9280,8680,8800,28500,-0.03083700440528636
2022-03-15,8730,8870,8720,8800,6978,0.0
2022-03-16,8800,8890,8750,8830,13976,0.003409090909090917
2022-03-17,8990,8990,8850,8980,6172,0.016987542468856143
2022-03-18,8980,9100,8900,9080,11914,0.011135857461024523
2022-03-21,9080,9150,8990,8990,18860,-0.009911894273127775
2022-03-22,9080,9080,8700,8760,23390,-0.025583982202447175
2022-03-23,8770,8870,8670,8690,18504,-0.007990867579908634
2022-03-24,8770,8830,8560,8700,13032,0.0011507479861909697
2022-03-25,8780,8890,8630,8690,8788,-0.0011494252873562871
2022-03-28,8640,9150,8600,9140,63176,0.05178365937859608
2022-03-29,9140,9150,8940,9050,31949,-0.009846827133479175
2022-03-30,9150,9400,9000,9100,63066,0.005524861878453136
2022-03-31,9090,9200,9050,9130,19932,0.003296703296703285
2022-04-01,9130,9290,9030,9180,39252,0.005476451259583737
2022-04-04,9230,9620,9220,9570,147766,0.042483660130719025
2022-04-05,9590,9660,9480,9600,49161,0.0031347962382444194
2022-04-06,9590,9600,9260,9400,37601,-0.02083333333333337
2022-04-07,9300,9300,9090,9160,30043,-0.025531914893617058
2022-04-08,9160,9360,9000,9350,22533,0.020742358078602585
2022-04-11,9350,9450,9260,9330,20911,-0.002139037433155133
2022-04-12,9190,9350,9150,9310,11485,-0.002143622722400873
2022-04-13,9270,9320,9150,9310,17312,0.0
2022-04-14,9490,9490,9140,9220,27206,-0.009667024704618665
2022-04-15,9160,9250,9110,9200,12172,-0.002169197396963085
2022-04-18,9270,9270,8920,9030,42576,-0.018478260869565166
2022-04-19,8950,9250,8950,9250,34066,0.02436323366555926
2022-04-20,9310,9350,9190,9270,22486,0.00216216216216214
2022-04-21,9290,9380,9210,9250,9743,-0.0021574973031284195
2022-04-22,9150,9250,9030,9130,18901,-0.012972972972972951
2022-04-25,8910,9040,8870,8870,24320,-0.028477546549835697
2022-04-26,8860,9010,8830,8940,16573,0.007891770011273946
2022-04-27,8900,8900,8710,8900,15698,-0.004474272930648726
2022-04-28,8840,8900,8660,8840,24462,-0.006741573033707815
2022-04-29,8930,8950,8800,8940,15841,0.011312217194570096
2022-05-02,8940,8960,8450,8960,23352,0.0022371364653244186
2022-05-03,8970,9020,8820,9000,15531,0.0044642857142858094
2022-05-04,9000,9000,8790,8890,15008,-0.012222222222222245
2022-05-06,8740,8890,8660,8870,22071,-0.0022497187851518996
2022-05-09,8780,8810,8650,8780,21279,-0.01014656144306647
2022-05-10,8600,8700,8440,8590,26439,-0.021640091116173155
2022-05-11,8580,8850,8530,8610,12902,0.002328288707799775
2022-05-12,8700,8840,8480,8650,36217,0.004645760743321681
2022-05-13,8570,8730,8500,8580,21238,-0.008092485549133
2022-05-16,8990,9000,8580,8630,21699,0.005827505827505908
2022-05-17,8640,8650,8440,8440,20806,-0.022016222479721903
2022-05-18,8440,8440,8020,8050,98980,-0.04620853080568721
2022-05-19,8000,8050,7800,8050,33549,0.0
2022-05-20,7970,8240,7970,8180,18162,0.016149068322981464
2022-05-23,8220,8400,8180,8220,23966,0.004889975550122161
2022-05-24,8230,8280,8050,8200,22483,-0.0024330900243308973
2022-05-25,8100,8160,8040,8070,21600,-0.01585365853658538
2022-05-26,8030,8080,7920,8000,17206,-0.008674101610904539
2022-05-27,8000,8140,7900,8050,14537,0.006250000000000089
2022-05-30,7970,8200,7970,8110,14029,0.007453416149068248
2022-05-31,8110,8180,8020,8040,9671,-0.008631319358816225
2022-06-02,7960,8080,7900,8000,27347,-0.00497512437810943
2022-06-03,8000,8030,7930,7970,19901,-0.003750000000000031
2022-06-07,7960,7960,7700,7700,24810,-0.03387703889585947
2022-06-08,7650,7750,7560,7640,22140,-0.007792207792207795
2022-06-09,7700,8040,7650,7970,31064,0.043193717277487
2022-06-10,8000,8000,7780,7930,17779,-0.005018820577164407
2022-06-13,7700,7720,7100,7100,56668,-0.10466582597730134
2022-06-14,6800,7300,6800,7200,52656,0.014084507042253502
2022-06-15,7100,7190,6560,6810,79856,-0.054166666666666696
2022-06-16,6900,7260,6790,7150,20750,0.04992657856093974
2022-06-17,6800,7110,6720,6970,33995,-0.025174825174825166
2022-06-20,6970,6970,6360,6510,39289,-0.06599713055954093
2022-06-21,6520,7160,6520,6850,17612,0.05222734254992312
2022-06-22,7000,7050,6550,6780,15707,-0.010218978102189746
2022-06-23,6780,6930,6430,6650,29213,-0.019174041297935096
2022-06-24,6650,7000,6650,6870,15869,0.03308270676691727
2022-06-27,7100,7100,6900,6980,12977,0.01601164483260553
2022-06-28,7170,7290,6910,6920,17194,-0.008595988538681931
2022-06-29,6960,6960,6550,6810,5819,-0.01589595375722541
2022-06-30,6700,6870,6450,6630,39493,-0.026431718061673992
2022-07-01,6590,6650,6320,6490,25154,-0.021116138763197623
2022-07-04,6550,6550,6100,6170,37448,-0.04930662557781207
2022-07-05,6210,6290,6000,6210,64712,0.006482982171799101
2022-07-06,6270,6290,6050,6180,19756,-0.004830917874396157
2022-07-07,6180,6270,6150,6200,18362,0.003236245954692629
2022-07-08,6220,6430,6160,6230,23549,0.004838709677419395
2022-07-11,6300,6310,6120,6180,9840,-0.008025682182985605
2022-07-12,6180,6200,5840,5860,33124,-0.05177993527508096
2022-07-13,5890,5900,5600,5840,33066,-0.0034129692832765013
2022-07-14,5810,5970,5720,5930,9346,0.015410958904109595
2022-07-15,5860,5930,5780,5910,17982,-0.003372681281618939
2022-07-18,5880,6040,5880,6010,10737,0.016920473773265554
2022-07-19,6000,6050,5950,6000,12757,-0.0016638935108153063
2022-07-20,6040,6190,6040,6140,29630,0.023333333333333428
2022-07-21,6150,6400,6150,6400,17656,0.04234527687296419
2022-07-22,6400,6790,6400,6650,24410,0.0390625
2022-07-25,6600,6600,6430,6560,17916,-0.013533834586466176
2022-07-26,6560,6560,6450,6560,4546,0.0
2022-07-27,6460,6500,6380,6500,6362,-0.009146341463414642
2022-07-28,6610,6630,6490,6550,10156,0.007692307692307665
2022-07-29,6590,6630,6430,6460,8241,-0.013740458015267132
2022-08-01,6440,6500,6300,6460,14295,0.0
2022-08-02,6350,6690,6210,6300,6553,-0.024767801857585092
2022-08-03,6300,6390,6250,6290,7539,-0.0015873015873015817
2022-08-04,6330,6670,6290,6420,7019,0.020667726550079424
2022-08-05,6450,6460,6360,6410,5936,-0.0015576323987538387
2022-08-08,6410,6500,6230,6330,16835,-0.012480499219968744
2022-08-09,6330,6330,6250,6280,11713,-0.00789889415481837
2022-08-10,6280,6410,6020,6180,23965,-0.015923566878980888
2022-08-11,6190,6350,6130,6250,39592,0.01132686084142387
2022-08-12,6410,6460,6170,6370,78588,0.019200000000000106
2022-08-16,6390,6570,6370,6520,22706,0.023547880690737877
2022-08-17,6520,6580,6270,6270,19098,-0.03834355828220859
2022-08-18,6200,6350,6100,6260,22870,-0.0015948963317384823
2022-08-19,6200,6370,6090,6210,16688,-0.007987220447284393
2022-08-22,6210,6210,6000,6020,23336,-0.03059581320450888
2022-08-23,6010,6080,5840,5970,10641,-0.00830564784053156
2022-08-24,5960,6030,5850,6030,11211,0.01005025125628145
2022-08-25,6110,6110,6020,6100,9329,0.011608623548922115
2022-08-26,6100,6220,6100,6200,9822,0.016393442622950838
2022-08-29,5960,6150,5950,6000,29191,-0.032258064516129004
2022-08-30,5940,6030,5910,6010,16971,0.0016666666666667052
2022-08-31,6010,6050,5980,6050,19201,0.006655574043261225
2022-09-01,6110,6110,5910,6010,14364,-0.006611570247933907
2022-09-02,5980,6050,5820,5980,24731,-0.004991680532445919
2022-09-05,5980,5980,5840,5920,18994,-0.010033444816053505
2022-09-06,5880,5900,5790,5860,13523,-0.010135135135135087
2022-09-07,5880,5990,5570,5720,35448,-0.023890784982935176
2022-09-08,5720,5760,5640,5730,15429,0.0017482517482516613
2022-09-13,5810,5930,5730,5910,18045,0.03141361256544495
2022-09-14,5860,5860,5640,5850,14648,-0.010152284263959421
2022-09-15,5850,6300,5810,5850,17610,0.0
2022-09-16,5830,5830,5650,5700,8268,-0.02564102564102566
2022-09-19,5600,5630,5430,5440,18139,-0.04561403508771933
2022-09-20,5440,5490,5180,5390,55076,-0.009191176470588203
2022-09-21,5360,5370,5220,5360,10665,-0.005565862708719838
2022-09-22,5360,5360,5090,5350,18562,-0.001865671641791078
2022-09-23,5270,5270,5070,5160,10806,-0.03551401869158877
2022-09-26,4930,5100,4720,4890,61686,-0.05232558139534882
2022-09-27,4865,4905,4670,4905,31102,0.0030674846625766694
2022-09-28,4785,4900,4705,4710,18969,-0.03975535168195721
2022-09-29,4735,4930,4715,4715,24654,0.0010615711252655036
2022-09-30,4550,5000,4550,4765,16643,0.010604453870625585
2022-10-04,4770,4885,4765,4850,23336,0.01783840503672618
2022-10-05,4910,5230,4755,4765,29306,-0.017525773195876337
2022-10-06,4795,5150,4775,5040,32218,0.057712486883525704
2022-10-07,5040,5150,4985,5110,10915,0.01388888888888884
2022-10-11,5090,5280,4880,4995,9988,-0.022504892367906093
2022-10-12,4755,4995,4755,4995,9870,0.0
2022-10-13,4865,4870,4655,4690,16406,-0.06106106106106102
2022-10-14,4690,4985,4690,4870,10224,0.03837953091684443
2022-10-17,4850,5010,4665,4975,9871,0.021560574948665368
2022-10-18,4975,5250,4920,4990,17150,0.0030150753768845018
2022-10-19,5020,5080,4945,4980,14245,-0.002004008016032066
2022-10-20,4980,5000,4875,4890,5679,-0.01807228915662651
2022-10-21,4815,4890,4735,4870,6997,-0.004089979550102263
2022-10-24,4835,5170,4835,5000,7641,0.026694045174537884
2022-10-25,5030,5050,4950,5000,9085,0.0
2022-10-26,5000,5030,4825,5030,9788,0.006000000000000005
2022-10-27,4965,5100,4930,5070,11942,0.007952286282306265
2022-10-28,5070,5140,4850,4870,26540,-0.03944773175542404
2022-10-31,4955,5050,4915,5000,10053,0.026694045174537884
2022-11-01,5000,5150,5000,5040,10324,0.008000000000000007
2022-11-02,5070,5090,4965,5040,11202,0.0
2022-11-03,4990,4990,4855,4965,5671,-0.014880952380952328
2022-11-04,4920,4995,4865,4995,12542,0.0060422960725075026
2022-11-07,4995,5070,4895,5020,10705,0.005005005005005003
2022-11-08,5090,5090,4990,5050,10671,0.005976095617529875
2022-11-09,5130,5250,5030,5200,23746,0.02970297029702973
2022-11-10,5150,5800,5140,5410,133367,0.04038461538461546
2022-11-11,5550,5900,5330,5380,77887,-0.00554528650646946
2022-11-14,5400,5470,5330,5360,18713,-0.0037174721189591198
2022-11-15,5360,5770,5300,5640,32369,0.052238805970149294
2022-11-16,5650,5860,5640,5830,33445,0.03368794326241131
2022-11-17,5780,5830,5370,5700,38950,-0.022298456260720356
2022-11-18,5700,5700,5550,5590,11289,-0.019298245614035037
2022-11-21,5590,5590,5360,5410,17501,-0.03220035778175312
2022-11-22,5410,6480,5350,5500,592510,0.01663585951940849
2022-11-23,5590,6210,5580,5840,211287,0.06181818181818177
2022-11-24,5930,5930,5700,5730,43114,-0.018835616438356184
2022-11-25,5770,5990,5700,5990,29401,0.04537521815008727
2022-11-28,5990,6030,5810,6000,35132,0.0016694490818029983
2022-11-29,5860,6090,5840,6000,30329,0.0
2022-11-30,6170,6170,5870,5980,36412,-0.0033333333333332993
2022-12-01,6000,6190,5930,6160,30231,0.030100334448160515
2022-12-02,6130,6310,6020,6020,43725,-0.022727272727272707
2022-12-05,6020,6200,5920,6100,15376,0.013289036544850585
2022-12-06,5980,6070,5820,6000,29201,-0.016393442622950838
2022-12-07,5940,5970,5830,5970,11299,-0.0050000000000000044
2022-12-08,5930,5940,5750,5900,19420,-0.011725293132328285
2022-12-09,5870,5870,5670,5680,34623,-0.037288135593220306
2022-12-12,5800,5800,5500,5550,21316,-0.022887323943661997
2022-12-13,5550,5600,5520,5540,6906,-0.0018018018018017834
2022-12-14,5560,5770,5460,5760,16808,0.03971119133573997
2022-12-15,5780,5780,5630,5660,7645,-0.01736111111111116
2022-12-16,5640,5650,5460,5500,10420,-0.028268551236749095
2022-12-19,5450,6480,5420,5760,611073,0.047272727272727355
2022-12-20,5600,5660,5490,5490,46119,-0.046875
2022-12-21,5460,5550,5320,5470,24966,-0.0036429872495445936
2022-12-22,5450,5500,5370,5430,16578,-0.007312614259597838
2022-12-23,5480,5480,5140,5390,30483,-0.007366482504604033
2022-12-26,5290,5360,5280,5360,18194,-0.005565862708719838
2022-12-27,5360,5470,5360,5430,11845,0.013059701492537323
2022-12-28,5480,5500,5310,5320,14185,-0.02025782688766109
2022-12-29,5320,5360,5100,5100,11841,-0.041353383458646586
2023-01-02,4950,5150,4810,4820,40874,-0.05490196078431375
2023-01-03,4820,4860,4600,4700,95242,-0.024896265560165998
2023-01-04,4700,5260,4700,5030,80154,0.07021276595744674
2023-01-05,5260,5260,4985,5060,26216,0.005964214711729587
2023-01-06,5090,5330,5060,5190,41360,0.025691699604743157
2023-01-09,5340,5440,5190,5270,36518,0.015414258188824581
2023-01-10,5300,5410,5210,5300,12613,0.005692599620493288
2023-01-11,5250,5460,5250,5400,8596,0.018867924528301883
2023-01-12,5400,5460,5360,5460,9623,0.011111111111111072
2023-01-13,5460,5640,5460,5600,14503,0.02564102564102555
2023-01-16,5600,5670,5510,5530,13810,-0.012499999999999956
2023-01-17,5530,5590,5410,5460,7044,-0.012658227848101222
2023-01-18,5440,5980,5400,5620,118285,0.0293040293040292
2023-01-19,5570,5730,5570,5690,22425,0.01245551601423478
2023-01-20,5690,5810,5630,5780,10991,0.01581722319859402
2023-01-25,5780,5870,5760,5820,19327,0.006920415224913601
2023-01-26,5850,5970,5750,5810,10651,-0.0017182130584192379
2023-01-27,5810,5910,5720,5850,18066,0.0068846815834766595
2023-01-30,5850,5880,5600,5800,52910,-0.008547008547008517
2023-01-31,5790,6360,5740,5770,291675,-0.005172413793103403
2023-02-01,5770,5880,5670,5850,30514,0.013864818024263537
2023-02-02,5900,6130,5900,6060,51324,0.03589743589743599
2023-02-03,6060,6270,6060,6170,35988,0.018151815181518094
2023-02-06,6070,6960,6010,6340,803846,0.027552674230145957
2023-02-07,6340,6470,6230,6410,81712,0.011041009463722329
2023-02-08,6370,6550,6350,6440,45288,0.004680187207488196
2023-02-09,6310,6500,6300,6450,35243,0.0015527950310558758
2023-02-10,6450,6460,6310,6330,33165,-0.018604651162790753
2023-02-13,6330,6700,6320,6480,67916,0.023696682464454888
2023-02-14,6420,6760,6420,6760,37363,0.043209876543209846
2023-02-15,6770,6860,6390,6390,54074,-0.05473372781065089
2023-02-16,6390,6920,6380,6870,150687,0.07511737089201875
2023-02-17,6800,7180,6740,7030,161598,0.02328966521106257
2023-02-20,7320,7320,6990,7030,67816,0.0
2023-02-21,7030,7080,6870,6950,47158,-0.011379800853485111
2023-02-22,6860,7020,6720,6870,47379,-0.01151079136690647
2023-02-23,6870,7090,6720,7070,40231,0.02911208151382816
2023-02-24,7020,7250,6800,6910,39426,-0.022630834512022635
2023-02-27,6900,6900,6560,6700,59673,-0.03039073806078152
2023-02-28,6720,6810,6620,6700,28314,0.0
2023-03-02,6700,6790,6350,6440,56722,-0.03880597014925369
2023-03-03,6450,6640,6400,6620,30872,0.02795031055900621
2023-03-06,6620,6980,6410,6790,59978,0.025679758308157163
2023-03-07,6790,6790,6440,6490,40717,-0.044182621502209085
2023-03-08,6460,6470,6280,6350,34438,-0.02157164869029271
2023-03-09,6360,6770,6250,6450,33745,0.015748031496062964
2023-03-10,6320,6380,6150,6200,50393,-0.03875968992248058
2023-03-13,6130,6400,5940,6060,54870,-0.022580645161290325
2023-03-14,6060,6300,5980,6100,66739,0.0066006600660066805
2023-03-15,6100,6400,6090,6330,51634,0.03770491803278686
2023-03-16,6330,6470,6100,6410,40861,0.012638230647709303
2023-03-17,6530,6700,6450,6600,55910,0.029641185647425905
2023-03-20,6630,6650,6490,6600,35863,0.0
2023-03-21,6680,6680,6330,6390,45238,-0.03181818181818186
2023-03-22,6540,6540,6290,6330,16015,-0.009389671361502372
2023-03-23,6210,6390,6210,6230,24424,-0.01579778830963663
2023-03-24,6260,6740,6260,6730,58149,0.0802568218298556
2023-03-27,6730,6830,6590,6830,58157,0.014858841010401136
2023-03-28,6630,7150,6630,7060,126297,0.033674963396779
2023-03-29,7110,7700,7110,7620,340022,0.07932011331444766
2023-03-30,7680,8000,7600,7680,153665,0.007874015748031482
2023-03-31,7690,7990,7450,7590,87403,-0.01171875
2023-04-03,7580,7580,7160,7370,86479,-0.02898550724637683
2023-04-04,7370,7490,7130,7200,77897,-0.023066485753052923
2023-04-05,7270,7400,7130,7290,62645,0.012499999999999956
2023-04-06,7290,7740,7110,7570,110577,0.03840877914951979
2023-04-07,7670,8130,7590,8060,184668,0.0647291941875825
2023-04-10,8060,8060,7730,7760,70440,-0.037220843672456594
2023-04-11,7760,8590,7760,8210,261286,0.0579896907216495
2023-04-12,8230,8410,8060,8330,85837,0.014616321559074219
2023-04-13,8950,9260,8490,9210,578517,0.10564225690276108
2023-04-14,9140,9360,8780,8850,124622,-0.039087947882736174
2023-04-17,8850,10020,8770,10000,630627,0.12994350282485878
2023-04-18,10000,10110,9400,9430,245846,-0.05700000000000005
2023-04-19,9430,9700,9150,9200,97283,-0.024390243902439046
2023-04-20,9150,9470,8740,9010,136635,-0.020652173913043526
2023-04-21,8810,9210,8670,8830,123026,-0.019977802441731418
2023-04-24,8830,8830,8400,8590,97428,-0.027180067950169917
2023-04-25,8590,8860,8430,8660,67073,0.008149010477299212
2023-04-26,8650,9050,8530,8680,68305,0.002309468822170979
2023-04-27,8690,9000,8510,9000,46295,0.03686635944700467
2023-04-28,9100,9300,8850,9120,61795,0.01333333333333342
2023-05-02,9120,9730,9110,9480,112225,0.03947368421052633
2023-05-03,9400,9600,9320,9430,64999,-0.0052742616033755185
2023-05-04,9750,9750,9070,9300,72386,-0.01378579003181335
2023-05-08,9300,9430,9020,9330,57416,0.003225806451612856
2023-05-09,9330,9330,9000,9330,51192,0.0
2023-05-10,9220,9790,9110,9580,76749,0.026795284030010746
2023-05-11,9750,10320,9580,10130,213357,0.05741127348643005
2023-05-12,10180,10990,10000,10830,272372,0.06910167818361312
2023-05-15,10280,10550,9340,10300,390161,-0.048938134810710965
2023-05-16,10300,10610,10010,10340,82493,0.003883495145631022
2023-05-17,10180,10470,10010,10400,51069,0.005802707930367523
2023-05-18,10590,10750,10100,10660,104770,0.02499999999999991
2023-05-19,10950,11670,10950,11630,308143,0.09099437148217637
2023-05-22,11630,12450,11630,12350,230041,0.06190885640584698
2023-05-23,12490,12750,11800,12700,149354,0.028340080971659853
2023-05-24,12790,12930,12390,12550,107406,-0.011811023622047223
2023-05-25,12940,14110,12600,12950,392578,0.031872509960159334
2023-05-26,13110,13290,12380,12890,162361,-0.004633204633204602
2023-05-30,13000,13700,12710,13540,169201,0.05042668735453848
2023-05-31,13450,14310,13170,14000,182967,0.033973412112259904
2023-06-01,14000,14100,13260,13710,118388,-0.020714285714285685
2023-06-02,13710,14500,13570,13780,114575,0.0051057622173595885
2023-06-05,13520,14440,13510,14050,142711,0.019593613933236664
2023-06-07,14100,14450,13700,13880,74557,-0.012099644128113929
2023-06-08,13880,14000,13420,14000,63190,0.008645533141210304
2023-06-09,13860,14390,13670,14360,74593,0.0257142857142858
2023-06-12,14490,14580,13880,14390,60566,0.002089136490250665
2023-06-13,14460,14800,14030,14270,106089,-0.008339124391938846
2023-06-14,14050,14210,13300,13640,191569,-0.0441485634197617
2023-06-15,13640,13870,13100,13440,210910,-0.014662756598240456
2023-06-16,13400,13950,12820,13500,231317,0.0044642857142858094
2023-06-19,13480,13880,13100,13750,77944,0.0185185185185186
2023-06-20,13750,13820,13320,13590,95741,-0.011636363636363667
2023-06-21,13380,13990,13380,13660,84621,0.005150846210448812
2023-06-22,13660,13660,13230,13340,47558,-0.02342606149341142
2023-06-23,13180,13840,13180,13720,64345,0.028485757121439192
2023-06-26,13720,13950,13350,13850,72619,0.009475218658892226
2023-06-27,13850,13860,13500,13800,40684,-0.0036101083032491488
2023-06-28,13860,13870,13530,13770,78697,-0.0021739130434782483
2023-06-29,13770,14300,13590,13770,63021,0.0
2023-06-30,13750,13840,13400,13630,45229,-0.010167029774872938
2023-07-03,13700,14790,13610,14750,248163,0.08217168011738818
2023-07-04,15140,16900,14560,16710,478195,0.1328813559322033
2023-07-05,16590,16640,13500,14320,490061,-0.14302812687013766
2023-07-06,14320,14320,13140,13270,280785,-0.0733240223463687
2023-07-07,13590,14090,13200,13770,164664,0.03767897513187646
2023-07-10,13970,14060,13320,13730,70746,-0.002904865649963728
2023-07-11,13730,14230,13400,14000,69725,0.01966496722505462
2023-07-12,14000,14090,13750,14000,39809,0.0
2023-07-13,14250,16520,14110,15870,357151,0.13357142857142867
2023-07-14,16450,17670,16250,16900,514168,0.06490233144297419
2023-07-17,16920,18160,16690,17000,272217,0.00591715976331364
2023-07-18,17490,17490,16080,16490,173600,-0.030000000000000027
2023-07-19,16650,16650,15160,15640,181970,-0.05154639175257736
2023-07-20,15710,16490,15380,16360,101691,0.04603580562659837
2023-07-21,15810,16360,15530,15990,67118,-0.02261613691931541
2023-07-24,15990,16000,15050,15780,70136,-0.013133208255159512
2023-07-25,15400,15860,15000,15000,44527,-0.049429657794676785
2023-07-26,15000,15390,14100,14300,139406,-0.046666666666666634
2023-07-27,14130,15000,13870,14600,132946,0.020979020979021046
2023-07-28,14600,15290,14160,15060,65827,0.03150684931506853
2023-07-31,15590,15590,14330,14880,96072,-0.01195219123505975
2023-08-01,14880,15010,14410,14860,32135,-0.0013440860215053752
2023-08-02,15110,16600,14000,14500,298864,-0.024226110363391617
2023-08-03,14390,15130,13850,14480,100862,-0.0013793103448276334
2023-08-04,14480,15290,14290,14900,83936,0.02900552486187835
2023-08-07,14830,14830,14140,14520,92175,-0.025503355704697972
2023-08-08,14360,15000,14130,14470,39554,-0.003443526170798905
2023-08-09,14470,14570,14110,14490,19966,0.0013821700069107656
2023-08-10,14330,14340,13270,13600,124262,-0.06142167011732225
2023-08-11,13600,13800,13190,13600,68059,0.0
2023-08-14,13450,13850,13260,13610,25995,0.0007352941176470562
2023-08-16,13980,14070,13210,13550,51791,-0.00440852314474649
2023-08-17,13540,13980,12560,13560,61695,0.0007380073800737907
2023-08-18,13560,14190,13010,13840,81318,0.020648967551622377
2023-08-21,13840,13860,13420,13640,28301,-0.014450867052023142
2023-08-22,14290,14290,13210,13500,44009,-0.01026392961876832
2023-08-23,13500,13750,13290,13440,15050,-0.004444444444444473
2023-08-24,13560,13970,13320,13370,21946,-0.00520833333333337
2023-08-25,13070,13820,12690,13140,60866,-0.01720269259536278
2023-08-28,13090,13200,12820,12950,23766,-0.014459665144596623
2023-08-29,12950,13100,12290,12350,81111,-0.04633204633204635
2023-08-30,12500,13190,12500,12800,44549,0.036437246963562764
2023-08-31,12800,13080,12560,12870,42058,0.005468749999999911
2023-09-01,12870,13650,12870,13550,76309,0.05283605283605275
2023-09-04,13550,13800,13010,13130,55756,-0.030996309963099655
2023-09-05,13250,13390,12550,12700,92953,-0.03274942878903275
2023-09-06,12680,12680,12230,12510,57042,-0.014960629921259794
2023-09-07,12510,12790,12240,12630,33620,0.00959232613908867
2023-09-08,12630,12900,12060,12410,40810,-0.017418844022169422
2023-09-11,12080,12560,12000,12560,41797,0.01208702659145855
2023-09-12,12890,14150,12570,13780,209774,0.09713375796178347
2023-09-13,13780,14260,12770,12970,155431,-0.05878084179970977
2023-09-14,13190,14100,13000,13930,135135,0.07401696222050891
2023-09-15,13780,13910,13200,13890,69958,-0.002871500358937573
2023-09-18,13440,13780,13340,13390,34775,-0.035997120230381596
2023-09-19,13440,13480,12840,12930,84160,-0.034353995519044056
2023-09-20,12770,13080,12640,12970,58410,0.0030935808197989356
2023-09-21,12760,12900,12540,12660,55482,-0.02390131071703927
2023-09-22,12100,13020,12100,12890,22549,0.018167456556082096
2023-09-25,12890,12890,12590,12860,18721,-0.002327385570209506
2023-09-26,12860,12860,12610,12790,15391,-0.005443234836702948
2023-09-27,12780,12970,12220,12660,39257,-0.010164190774042181
2023-10-04,12660,12660,12150,12500,19123,-0.012638230647709303
2023-10-05,12330,12620,12200,12250,17055,-0.020000000000000018
2023-10-06,12000,12490,12000,12340,15278,0.007346938775510292
2023-10-10,12210,12620,11940,12050,36576,-0.02350081037277152
2023-10-11,12060,12620,12060,12300,11684,0.020746887966804906
2023-10-12,12230,12500,12200,12400,17254,0.008130081300812941
2023-10-13,12400,12870,12240,12600,31055,0.016129032258064502
2023-10-16,12600,12920,12000,12030,32086,-0.04523809523809519
2023-10-17,12030,12690,12030,12590,32592,0.046550290939318284
2023-10-18,12370,12930,12310,12670,21410,0.006354249404289192
2023-10-19,12570,13000,12080,12300,23297,-0.02920284135753748
2023-10-20,12270,12390,11660,12280,33895,-0.001626016260162566
2023-10-23,11730,12280,11730,12050,13945,-0.018729641693811083
2023-10-24,12300,12300,11720,11930,43780,-0.009958506224066355
2023-10-25,12100,12180,11650,11650,11994,-0.023470243084660503
2023-10-26,11480,11640,11130,11620,33974,-0.0025751072961373023
2023-10-27,11340,11600,11150,11290,17661,-0.02839931153184161
2023-10-30,11290,11400,10840,10850,43796,-0.03897254207263068
2023-10-31,10920,11080,10400,10830,58517,-0.0018433179723502668
2023-11-01,10830,11350,10760,10810,11690,-0.001846722068328699
2023-11-02,11000,11360,10810,11200,32453,0.03607770582793712
2023-11-03,11230,11450,11050,11290,16801,0.008035714285714368
2023-11-06,11400,11660,11100,11380,17259,0.00797165633303809
2023-11-07,11390,11640,11200,11360,14227,-0.0017574692442882123
2023-11-08,11330,11670,10800,10800,37482,-0.04929577464788737
2023-11-09,10800,11500,10790,10910,20664,0.010185185185185075
2023-11-10,11200,11200,10520,10940,21606,0.00274977085242889
2023-11-13,10900,10900,10300,10330,28276,-0.05575868372943327
2023-11-14,10320,10980,10310,10890,40809,0.054211035818005904
2023-11-15,10960,11630,10960,11510,43949,0.0569329660238751
2023-11-16,11600,11980,11250,11890,26726,0.03301476976542128
2023-11-17,11930,12880,11910,12500,94691,0.051303616484440706
2023-11-20,12400,13050,12400,12540,37893,0.0032000000000000917
2023-11-21,12580,12700,11880,11880,67430,-0.052631578947368474
2023-11-22,11800,12830,11800,12150,46606,0.022727272727272707
2023-11-23,12210,12300,11610,11720,23272,-0.03539094650205765
2023-11-24,11840,12650,11820,12000,38737,0.023890784982935065
2023-11-27,12210,12500,11810,12220,19070,0.018333333333333313
2023-11-28,12230,12810,12100,12360,21828,0.011456628477905184
2023-11-29,12550,12550,11940,12110,23159,-0.020226537216828433
2023-11-30,12110,12150,11830,12080,53656,-0.002477291494632494
2023-12-01,12030,12400,11840,12010,46141,-0.005794701986754913
2023-12-04,12020,12100,11600,11600,24344,-0.03413821815154039
2023-12-05,11420,11500,11010,11120,29461,-0.04137931034482756
2023-12-06,11120,11330,11030,11110,24483,-0.0008992805755395628
2023-12-07,11250,13270,11250,12060,356988,0.08550855085508546
2023-12-08,12500,13250,12390,12600,156065,0.04477611940298498
2023-12-11,12800,13410,12600,13370,137593,0.061111111111111116
2023-12-12,13370,13920,13310,13580,82578,0.015706806282722585
2023-12-13,13730,13930,13300,13410,68825,-0.012518409425625876
2023-12-14,13680,13760,13100,13410,61957,0.0
2023-12-15,13610,13690,13170,13580,52559,0.012677106636838076
2023-12-18,13440,13790,13300,13550,29460,-0.0022091310751104487
2023-12-19,13430,13700,13310,13460,29063,-0.006642066420664228
2023-12-20,13490,14220,13200,14030,147248,0.04234769687964346
2023-12-21,14020,14050,13300,13500,46924,-0.037776193870277974
2023-12-22,13700,14060,13470,13500,60845,0.0
2023-12-26,13690,13690,13020,13050,46727,-0.033333333333333326
2023-12-27,13050,13710,13050,13550,45030,0.03831417624521083
2023-12-28,13560,13700,13370,13560,43750,0.0007380073800737907
2024-01-02,13420,13910,13330,13690,41791,0.009587020648967659
2024-01-03,13480,13930,13340,13860,40615,0.01241782322863405
2024-01-04,13900,14060,13420,13480,47980,-0.02741702741702745
2024-01-05,13480,13550,13300,13420,31494,-0.004451038575667643
2024-01-08,13420,13660,13300,13390,28334,-0.0022354694485842153
2024-01-09,13700,13730,13370,13460,51723,0.005227781926810948
2024-01-10,13880,14480,13470,14200,132874,0.054977711738484425
2024-01-11,14350,14750,13950,14120,71510,-0.005633802816901401
2024-01-12,14130,14130,13360,13560,55447,-0.03966005665722383
2024-01-15,13390,13440,12810,12870,65481,-0.05088495575221241
2024-01-16,12870,13080,12540,12970,30496,0.007770007770007803
2024-01-17,12970,13060,12500,12600,38742,-0.028527370855821133
2024-01-18,12600,12800,12350,12770,34741,0.013492063492063444
2024-01-19,13080,13650,12800,13530,64653,0.05951448707909157
2024-01-22,13980,14250,13640,13950,135518,0.03104212860310418
2024-01-23,13950,14470,13840,14450,88872,0.03584229390680993
2024-01-24,15230,16200,15220,15800,515296,0.09342560553633228
2024-01-25,16000,16050,15270,15270,199848,-0.03354430379746831
2024-01-26,15270,15320,14750,14910,74985,-0.023575638506876273
2024-01-29,14870,14940,14160,14280,97265,-0.04225352112676062
2024-01-30,14280,14380,13600,14020,86588,-0.018207282913165312
2024-01-31,14000,14290,13560,13640,42409,-0.02710413694721825
2024-02-01,13640,13720,12950,13200,113603,-0.032258064516129004
2024-02-02,13300,14100,13200,13350,92574,0.011363636363636465
2024-02-05,13360,13360,12750,12820,51167,-0.03970037453183517
2024-02-06,12800,13310,12560,13170,40262,0.027301092043681807
2024-02-07,13100,13100,12700,12900,33373,-0.02050113895216399
2024-02-08,12900,13660,12020,13290,74915,0.03023255813953485
2024-02-13,13320,13940,13280,13490,76879,0.015048908954100826
2024-02-14,13450,16300,13440,16030,582081,0.1882876204595998
2024-02-15,16030,16030,14820,14990,194156,-0.06487835308796008
2024-02-16,14820,15080,14370,14410,171448,-0.03869246164109408
2024-02-19,14410,14470,13910,14270,68029,-0.009715475364330373
2024-02-20,14090,14400,13980,14320,73511,0.0035038542396637062
2024-02-21,14610,14670,13900,14040,135725,-0.019553072625698276
2024-02-22,14400,15020,14260,14940,137312,0.0641025641025641
2024-02-23,15300,15300,14170,14360,94586,-0.038821954484605126
2024-02-26,14650,14800,14310,14460,57404,0.0069637883008355494
2024-02-27,14360,14940,14170,14750,95719,0.020055325034578075
2024-02-28,15260,15400,14760,15050,109121,0.02033898305084736
2024-02-29,14970,15270,14700,14800,54600,-0.01661129568106312
2024-03-04,15100,16000,14960,15890,167554,0.07364864864864873
2024-03-05,15820,15980,15470,15840,62633,-0.003146633102580232
2024-03-06,15670,16240,15500,16110,106713,0.017045454545454586
2024-03-07,16390,17300,15620,15950,178225,-0.009931719428926122
2024-03-08,16180,16250,15420,15510,119895,-0.02758620689655178
2024-03-11,15000,15410,14630,14990,117243,-0.03352675693101226
2024-03-12,14990,15100,14440,15030,139970,0.0026684456304202353
2024-03-13,16400,16930,14590,14730,407230,-0.019960079840319334
2024-03-14,14830,15460,13980,14190,187712,-0.03665987780040736
2024-03-15,14030,14240,13830,14200,47889,0.0007047216349542751
2024-03-18,14200,14340,13950,14280,50131,0.005633802816901401
2024-03-19,14460,14460,13790,13920,91598,-0.025210084033613467
2024-03-20,13870,14490,13870,14330,78322,0.029454022988505857
2024-03-21,14640,14820,14340,14520,61188,0.013258897418004123
2024-03-22,14580,14690,14050,14360,52545,-0.011019283746556474
2024-03-25,14250,14610,13930,14000,58178,-0.02506963788300831
2024-03-26,14190,14600,13990,14390,60872,0.027857142857142803
2024-03-27,14390,14500,14000,14240,38518,-0.010423905489923557
2024-03-28,14370,14850,14150,14710,96674,0.03300561797752799
2024-03-29,14970,15100,14560,14650,100848,-0.004078857919782464
2024-04-01,15000,15000,14250,14500,78836,-0.010238907849829393
2024-04-02,14500,15230,14270,14490,98256,-0.0006896551724138167
2024-04-03,14150,14450,13870,14000,77630,-0.033816425120772986
2024-04-04,14150,14780,14150,14480,72083,0.03428571428571425
2024-04-05,14130,14250,13750,13950,81801,-0.036602209944751385
2024-04-08,14270,14270,13430,13640,67989,-0.022222222222222254
2024-04-09,13640,13890,13460,13550,23805,-0.006598240469208205
2024-04-11,13300,13680,13150,13550,47737,0.0
2024-04-12,13750,13890,13370,13370,36135,-0.013284132841328455
2024-04-15,13330,13440,12870,13440,40209,0.005235602094240788
2024-04-16,13440,13440,12600,12710,87404,-0.054315476190476164
2024-04-17,12990,13170,12580,12800,42281,0.007081038552321006
2024-04-18,12790,14060,12650,13240,223909,0.034375000000000044
2024-04-19,13300,13300,12440,12470,162879,-0.058157099697885184
2024-04-22,12200,12930,12090,12200,64874,-0.02165196471531672
2024-04-23,12320,12400,11900,12070,52748,-0.010655737704918011
2024-04-24,12110,12600,12110,12540,47074,0.03893951946975971
2024-04-25,12530,12700,12190,12460,37392,-0.006379585326953707
2024-04-26,12460,12730,12360,12680,42798,0.017656500802568198
2024-04-29,12700,12830,12500,12680,25132,0.0
2024-04-30,12680,12750,12350,12590,22533,-0.007097791798107211
2024-05-02,12500,12710,12370,12670,13594,0.006354249404289192
2024-05-03,12710,12710,12360,12520,34015,-0.011838989739542227
2024-05-07,12520,12920,12330,12780,27958,0.02076677316293929
2024-05-08,12750,12900,12620,12840,31449,0.0046948356807512415
2024-05-09,12840,12840,12560,12690,23944,-0.011682242990654235
2024-05-10,12710,12750,12110,12490,47776,-0.01576044129235621
2024-05-13,12490,12490,12120,12140,48802,-0.028022417934347454
2024-05-14,12150,12380,12080,12370,40309,0.018945634266886335
2024-05-16,12710,13470,12550,13340,143283,0.07841552142279706
2024-05-17,13280,13280,12800,13030,50600,-0.02323838080959517
2024-05-20,12950,13010,12630,12800,26831,-0.01765157329240219
2024-05-21,12800,13350,12760,12890,25842,0.007031250000000044
2024-05-22,13000,13130,12780,12890,19747,0.0
2024-05-23,12990,13020,12650,12850,41699,-0.003103180760279267
2024-05-24,12660,12830,12450,12730,41470,-0.009338521400778177
2024-05-27,12740,12770,12400,12590,47223,-0.010997643362136711
2024-05-28,12590,12890,12540,12690,32264,0.00794281175536149
2024-05-29,12830,12830,12390,12650,33135,-0.0031520882584712417
2024-05-30,12640,12640,12030,12180,66853,-0.037154150197628466
2024-05-31,12290,12690,11900,11980,57937,-0.016420361247947435
2024-06-03,12000,13100,12000,12650,84050,0.055926544240400666
2024-06-04,12620,12790,12150,12520,47249,-0.010276679841897285
2024-06-05,12470,12830,12160,12220,74676,-0.02396166134185307
2024-06-07,12340,12780,12220,12530,26935,0.025368248772503987
2024-06-10,12530,12730,12440,12660,44706,0.010375099760574713
2024-06-11,12730,12790,12450,12600,33421,-0.004739336492891044
2024-06-12,12710,12900,12500,12710,54264,0.0087301587301587
2024-06-13,12790,12990,12670,12870,36959,0.01258851298190411
2024-06-14,12880,12880,12400,12550,39432,-0.024864024864024836
2024-06-17,12550,12720,12230,12460,27361,-0.007171314741035828
2024-06-18,12490,12490,12190,12350,51028,-0.008828250401284099
2024-06-19,12350,12740,12100,12200,34276,-0.012145748987854255
2024-06-20,12150,12200,11980,11980,29915,-0.0180327868852459
2024-06-21,11950,12010,11650,11730,50741,-0.02086811352253759
2024-06-24,11610,11720,11250,11330,46067,-0.0341005967604433
2024-06-25,11330,11440,11000,11280,61950,-0.0044130626654897975
2024-06-26,11280,11500,11060,11280,28623,0.0
2024-06-27,12040,12190,11330,11490,112197,0.018617021276595702
2024-06-28,11580,11580,11200,11260,38480,-0.020017406440382968
2024-07-01,11260,11420,11130,11180,32535,-0.007104795737122527
2024-07-02,11180,11180,10670,10780,42658,-0.035778175313059046
2024-07-03,10810,10830,10300,10500,48697,-0.025974025974025983
2024-07-04,10500,10730,10500,10700,17931,0.01904761904761898
2024-07-05,10810,11000,10610,10650,28767,-0.004672897196261627
2024-07-08,10530,10700,10390,10660,29175,0.0009389671361501595
2024-07-09,10660,11150,10600,10900,15825,0.022514071294559068
2024-07-10,10810,10880,10590,10690,31905,-0.019266055045871533
2024-07-11,11100,11110,10710,10830,19701,0.013096351730589317
2024-07-12,10830,10830,10330,10470,32690,-0.03324099722991691
2024-07-15,10470,10530,9850,10050,95237,-0.04011461318051579
2024-07-16,10140,12750,9970,12000,556187,0.19402985074626855
2024-07-17,11400,11890,10160,10240,558704,-0.1466666666666666
2024-07-18,9800,9900,9420,9600,242536,-0.0625
2024-07-19,9580,9900,9540,9800,64948,0.02083333333333326
2024-07-22,9630,9680,9140,9220,86895,-0.0591836734693878
2024-07-23,9490,9490,9050,9060,75446,-0.017353579175705014
2024-07-24,9060,9370,8950,9120,70991,0.0066225165562914245
2024-07-25,8800,9480,8730,8970,97603,-0.016447368421052655
2024-07-26,8970,9510,8840,8930,58466,-0.004459308807134854
2024-07-29,8930,9320,8910,9150,28084,0.024636058230683044
2024-07-30,9170,9260,8970,9260,25399,0.012021857923497192
2024-07-31,9250,9460,9100,9450,29265,0.02051835853131756
2024-08-01,9470,9820,9460,9670,40039,0.023280423280423346
2024-08-02,9570,9570,9030,9140,59900,-0.054808686659772454
2024-08-05,9030,9030,7490,7900,94325,-0.1356673960612691
2024-08-06,7830,8520,7830,8320,77625,0.05316455696202538
2024-08-07,8200,8970,8200,8760,30955,0.05288461538461542
2024-08-08,8680,8800,8510,8750,12305,-0.0011415525114155667
2024-08-09,8840,9110,8700,9000,24073,0.02857142857142847
2024-08-12,8920,9220,8800,8870,28692,-0.014444444444444482
2024-08-13,8870,9100,8770,9000,15763,0.014656144306651742
2024-08-14,9090,10000,9050,9450,291917,0.050000000000000044
2024-08-16,9590,9870,9340,9690,72149,0.025396825396825307
2024-08-19,9690,9690,9250,9250,41790,-0.04540763673890613
2024-08-20,9300,9540,9300,9420,15413,0.018378378378378413
2024-08-21,9330,9440,9120,9340,18621,-0.00849256900212314
2024-08-22,9340,9380,9080,9210,15884,-0.013918629550321193
2024-08-23,9210,9730,9060,9660,75214,0.04885993485342022
2024-08-26,9520,9760,9390,9520,15541,-0.01449275362318836
2024-08-27,9520,9540,9300,9480,6505,-0.004201680672268893
2024-08-28,9500,9500,9110,9390,15775,-0.009493670886076
2024-08-29,9100,9340,9000,9130,14486,-0.027689030883919052
2024-08-30,9130,9400,9110,9370,9348,0.026286966046002114
2024-09-02,9370,9370,8800,8920,22282,-0.04802561366061897
2024-09-03,8590,9050,8590,8820,9068,-0.011210762331838597
2024-09-04,8280,8670,8190,8410,43064,-0.046485260770975034
2024-09-05,8410,8470,8120,8260,23302,-0.017835909631391256
2024-09-06,8260,8290,7610,7800,71672,-0.05569007263922521
2024-09-09,7420,8250,7420,7850,28354,0.0064102564102563875
2024-09-10,7850,7970,7500,7500,22112,-0.04458598726114649
2024-09-11,7500,8060,7500,7840,16329,0.045333333333333226
2024-09-12,8100,8190,7840,8070,25186,0.029336734693877542
2024-09-13,8070,8080,7850,7950,10940,-0.014869888475836479
2024-09-19,7860,7920,7510,7720,23434,-0.028930817610062887
2024-09-20,7810,8000,7760,7850,14904,0.01683937823834203
2024-09-23,7880,8310,7690,8030,18561,0.02292993630573248
2024-09-24,8010,8280,7930,8280,16343,0.031133250311332406
2024-09-25,8290,8390,8140,8280,12819,0.0
2024-09-26,8370,8700,8370,8650,26980,0.04468599033816423
2024-09-27,8730,8730,8450,8450,8603,-0.023121387283236983
2024-09-30,8430,8470,8140,8160,10029,-0.03431952662721893
2024-10-02,8080,8350,7970,8110,12399,-0.006127450980392135
2024-10-04,8030,8300,8030,8140,9747,0.0036991368680641123
2024-10-07,7980,8370,7980,8250,15057,0.013513513513513598
2024-10-08,8250,8260,8080,8080,6235,-0.020606060606060628
2024-10-10,8090,8230,8000,8000,16351,-0.00990099009900991
2024-10-11,8250,8250,7750,7790,46763,-0.026249999999999996
2024-10-14,7790,8090,7730,7940,12555,0.019255455712451797
2024-10-15,8010,8080,7800,7990,5878,0.006297229219143663
2024-10-16,7810,7900,7560,7640,58262,-0.04380475594493116
2024-10-17,7660,7890,7410,7630,21634,-0.0013089005235602524
2024-10-18,7560,7780,7490,7670,27845,0.005242463958060384
2024-10-21,7670,9300,7670,7920,604570,0.0325945241199479
2024-10-22,8010,8010,7610,7820,46144,-0.012626262626262652
2024-10-23,7750,8640,7660,8280,306394,0.05882352941176472
2024-10-24,8100,8470,8080,8320,62468,0.004830917874396157
2024-10-25,8320,8520,8240,8330,57138,0.0012019230769231282
2024-10-28,8320,8580,8240,8530,43990,0.02400960384153672
2024-10-29,8540,8590,8110,8340,40489,-0.022274325908558046
2024-10-30,8470,8470,8150,8150,11891,-0.0227817745803357
2024-10-31,8150,8300,7990,8110,22989,-0.004907975460122671
2024-11-01,8110,8160,7790,8050,10989,-0.007398273736128225
2024-11-04,8030,8390,8010,8390,22720,0.04223602484472044
2024-11-05,8400,8600,8290,8450,18175,0.007151370679380209
2024-11-06,8450,8650,8150,8250,19187,-0.023668639053254448
2024-11-07,8230,8230,7900,7970,35868,-0.033939393939393936
2024-11-08,7980,9330,7980,9330,316283,0.1706398996235885
2024-11-11,9230,9790,8950,9600,266222,0.02893890675241151
2024-11-12,9510,9990,9210,9990,148891,0.04062499999999991
2024-11-13,9640,9850,9210,9210,97685,-0.0780780780780781
2024-11-14,9200,9790,9000,9110,78924,-0.010857763300760048
2024-11-15,8850,8980,7590,8310,235215,-0.08781558726673988
2024-11-18,8380,9350,8380,8790,114446,0.05776173285198549
2024-11-19,8730,8940,8600,8810,36450,0.0022753128555177415
2024-11-20,8810,8810,8260,8320,44786,-0.055618615209988675
2024-11-21,8500,8540,8210,8210,22386,-0.013221153846153855
2024-11-22,8250,8460,8020,8050,24976,-0.01948842874543244
2024-11-25,8020,8180,8000,8040,22401,-0.001242236024844745
2024-11-26,8090,8170,7990,8020,17484,-0.0024875621890547706
2024-11-27,8050,8050,7630,7690,74708,-0.041147132169576106
2024-11-28,7700,7700,7440,7500,47311,-0.024707412223667125
2024-11-29,7580,7600,6970,7080,55089,-0.05600000000000005
2024-12-02,7010,7110,6800,6920,45180,-0.02259887005649719
2024-12-03,6800,7120,6790,6920,34737,0.0
2024-12-04,6920,6920,6350,6570,76961,-0.050578034682080886
2024-12-05,6570,6740,6370,6600,33708,0.004566210045662045
2024-12-06,6610,6630,5950,6420,96370,-0.027272727272727226
2024-12-09,6340,6340,5930,5930,41488,-0.07632398753894076
2024-12-10,5930,6400,5930,6400,20532,0.07925801011804379
2024-12-11,6430,6790,6110,6620,20741,0.034375000000000044
2024-12-12,6680,6820,6620,6790,17484,0.025679758308157163
2024-12-13,6730,6950,6650,6860,12822,0.010309278350515427
2024-12-16,6850,7280,6850,7120,22436,0.03790087463556846
2024-12-17,7040,7140,6940,7000,14358,-0.016853932584269704
2024-12-18,6900,7090,6870,7070,9444,0.010000000000000009
2024-12-19,7010,7140,6930,7010,6039,-0.008486562942008447
2024-12-20,7020,7030,6630,6790,27748,-0.031383737517831634
2024-12-23,6810,7110,6810,7000,12809,0.030927835051546282
2024-12-24,7000,7120,6820,6980,19551,-0.0028571428571428914
2024-12-26,6990,7050,6610,6880,9223,-0.014326647564469885
2024-12-27,6880,6900,6600,6870,12240,-0.0014534883720930258
2024-12-30,6870,6960,6710,6780,11948,-0.013100436681222738
2025-01-02,6780,6920,6660,6820,14430,0.005899705014749346
2025-01-03,6760,7180,6730,7110,44388,0.04252199413489732
2025-01-06,7350,7490,7170,7450,21131,0.047819971870604716
2025-01-07,7570,7570,7350,7350,17891,-0.01342281879194629
2025-01-08,7350,7860,7300,7780,37018,0.05850340136054433
2025-01-09,7760,7900,7600,7780,19418,0.0
2025-01-10,7700,7910,7680,7830,10609,0.006426735218509005
2025-01-13,7700,7880,7510,7530,13785,-0.03831417624521072
2025-01-14,7510,7680,7510,7680,4400,0.019920318725099584
2025-01-15,7680,7840,7470,7510,8446,-0.02213541666666663
2025-01-16,7520,7740,7520,7570,4108,0.007989347536617952
2025-01-17,7490,7860,7450,7810,19922,0.031704095112285335
2025-01-20,7700,7990,7690,7890,21875,0.010243277848911658
2025-01-21,7830,8040,7710,7810,20665,-0.010139416983523497
2025-01-22,7710,7940,7650,7880,18415,0.008962868117797784
2025-01-23,7820,8440,7820,8220,61914,0.043147208121827374
2025-01-24,8250,8350,7880,8000,40642,-0.02676399026763987
2025-01-31,7800,7850,7180,7290,66233,-0.08875
2025-02-03,7270,7270,6700,6780,32258,-0.06995884773662553
2025-02-04,6780,7220,6780,7140,19695,0.053097345132743445
2025-02-05,7140,7290,7100,7130,11801,-0.0014005602240896309
2025-02-06,7140,7250,7020,7240,15215,0.015427769985974837
2025-02-07,7350,7350,6860,7240,38588,0.0
2025-02-10,7240,7530,7010,7530,50528,0.04005524861878462
2025-02-11,7510,7580,7320,7330,27348,-0.026560424966799445
2025-02-12,7370,7400,7030,7050,44051,-0.038199181446111896
2025-02-13,7050,7200,7010,7050,20591,0.0
2025-02-14,7050,7550,7050,7340,67577,0.041134751773049594
2025-02-17,7650,7740,7400,7480,30868,0.019073569482288777
2025-02-18,8330,9630,8080,9260,2740072,0.23796791443850274
2025-02-19,9640,11590,9400,10200,7367041,0.10151187904967607
2025-02-20,10140,12240,10030,10350,5904092,0.014705882352941124
2025-02-21,10280,10930,9760,9760,1073776,-0.05700483091787445
2025-02-24,9600,9620,9120,9210,401916,-0.05635245901639341
2025-02-25,9120,9170,8760,8910,291421,-0.032573289902280145
2025-02-26,8890,9240,8790,8980,326406,0.007856341189674598
2025-02-27,8980,9170,8460,8530,256683,-0.05011135857461024
2025-02-28,8410,8430,8070,8200,178055,-0.0386869871043376
2025-03-04,7990,8100,7850,7870,103963,-0.040243902439024426
2025-03-05,7920,8240,7910,8130,88908,0.033036848792884266
2025-03-06,8180,8180,7780,7970,79005,-0.019680196801967975
2025-03-07,7880,8060,7770,7930,47748,-0.005018820577164407
2025-03-10,8010,8240,7830,7950,53578,0.0025220680958386588
2025-03-11,7800,8050,7620,7880,76238,-0.008805031446540879
2025-03-12,7930,8300,7890,8250,104323,0.04695431472081224
2025-03-13,8370,8480,8080,8140,89376,-0.013333333333333308
2025-03-14,8190,8450,8120,8360,82915,0.027027027027026973
2025-03-17,8400,8600,8370,8500,82878,0.01674641148325362
2025-03-18,8420,8530,8230,8280,43442,-0.025882352941176467
2025-03-19,8180,8500,8140,8280,42328,0.0
2025-03-20,8290,8530,8230,8360,32657,0.009661835748792313
2025-03-21,8170,8610,8170,8450,85209,0.010765550239234534
2025-03-24,8450,8480,8210,8390,40603,-0.007100591715976323
2025-03-25,8390,8700,8040,8080,108718,-0.03694874851013108
2025-03-26,8130,8220,7930,8030,36438,-0.006188118811881194
2025-03-27,7910,8100,7830,7970,36563,-0.007471980074719831
2025-03-28,7910,7930,7560,7650,92411,-0.04015056461731492
2025-03-31,7400,7550,7280,7340,57955,-0.04052287581699343
2025-04-01,7340,7650,7340,7520,29860,0.02452316076294281
2025-04-02,7710,7720,7280,7340,23470,-0.02393617021276595
2025-04-03,7180,7350,7070,7260,31549,-0.010899182561307952
2025-04-04,7060,7410,7050,7270,65624,0.0013774104683195176
2025-04-07,7100,7130,6670,6690,88100,-0.07977991746905089
2025-04-08,6800,7030,6670,6720,29930,0.004484304932735439
2025-04-09,6700,6760,6390,6500,48406,-0.03273809523809523
2025-04-10,6880,7150,6860,7130,46752,0.09692307692307689
2025-04-11,7120,7130,6930,7070,25578,-0.008415147265077194
2025-04-14,7170,7290,7110,7260,22042,0.026874115983026803
2025-04-15,7270,7400,7200,7300,24701,0.005509641873278293
2025-04-16,7380,7380,7090,7110,25465,-0.02602739726027392
2025-04-17,7030,7340,6900,7330,19591,0.030942334739803012
2025-04-18,7340,7440,7190,7340,16803,0.0013642564802183177
2025-04-21,7380,7500,7320,7410,18079,0.0095367847411445
2025-04-22,7300,7450,7240,7300,22253,-0.014844804318488558
2025-04-23,7350,7540,7350,7500,32600,0.027397260273972712
2025-04-24,7540,7540,7310,7360,25492,-0.01866666666666672
2025-04-25,7400,7570,7400,7570,38061,0.028532608695652106
2025-04-28,7600,7650,7340,7550,34866,-0.0026420079260237594
2025-04-29,7500,7620,7330,7420,26842,-0.017218543046357615
2025-04-30,7420,7420,7200,7330,25459,-0.0121293800539084
2025-05-02,7330,7410,7230,7330,16114,0.0
2025-05-07,7350,7470,7340,7420,15777,0.012278308321964637
2025-05-08,7430,7540,7280,7360,37603,-0.008086253369272267
2025-05-09,7370,7370,7200,7300,18911,-0.008152173913043459
2025-05-12,7320,7490,7210,7480,42379,0.024657534246575352
2025-05-13,7560,7650,7390,7500,41227,0.002673796791443861
2025-05-14,7500,7570,7400,7510,40189,0.0013333333333334085
2025-05-15,7560,7560,7330,7340,34892,-0.022636484687083902
2025-05-16,7090,7220,6850,6860,172213,-0.06539509536784738
2025-05-19,6860,6900,6650,6700,38551,-0.023323615160349864
2025-05-20,6720,7990,6690,6820,655417,0.017910447761193993
2025-05-21,6860,6880,6710,6800,109968,-0.0029325513196480912
2025-05-22,6770,6780,6650,6700,56181,-0.014705882352941124
2025-05-23,6660,6740,6620,6680,44652,-0.0029850746268657025
2025-05-26,6700,6820,6600,6790,33743,0.01646706586826352
2025-05-27,6720,6760,6600,6640,35579,-0.022091310751104598
2025-05-28,6640,6880,6640,6750,44270,0.016566265060240948
2025-05-29,6810,6820,6670,6780,32688,0.004444444444444473
2025-05-30,6720,6810,6610,6770,27085,-0.001474926253687281
2025-06-02,6720,6810,6620,6780,20416,0.001477104874446189
2025-06-04,6730,6980,6730,6930,35949,0.022123893805309658
2025-06-05,6910,7180,6890,7170,69132,0.03463203463203457
2025-06-09,7200,7200,6990,7100,49373,-0.009762900976290068
2025-06-10,7100,7100,6900,7030,37028,-0.009859154929577452
2025-06-11,7030,7220,7030,7200,35240,0.024182076813655806
2025-06-12,7160,7240,7090,7220,29464,0.002777777777777768
2025-06-13,7160,7200,6900,7030,78988,-0.02631578947368418
2025-06-16,7030,7060,6610,7040,26484,0.0014224751066855834
2025-06-17,6970,7270,6930,7050,47629,0.0014204545454545858
2025-06-18,7000,7160,6960,7160,38503,0.015602836879432536
2025-06-19,7180,7320,7000,7090,26898,-0.009776536312849138
2025-06-20,7090,7140,6990,7120,27032,0.004231311706629048
2025-06-23,7030,7040,6900,7010,49571,-0.015449438202247201
2025-06-24,7030,7210,7030,7210,34970,0.02853067047075597
2025-06-25,7230,7370,7180,7310,57837,0.01386962552011095
2025-06-26,7330,7380,7190,7320,34777,0.001367989056087593
2025-06-27,7470,7470,7000,7130,41867,-0.025956284153005438
2025-06-30,7130,7180,7000,7140,27534,0.0014025245441795509
2025-07-01,7200,7300,7050,7110,19293,-0.004201680672268893
2025-07-02,7430,7430,6950,7090,34860,-0.002812939521800284
2025-07-03,7030,7230,7030,7170,32110,0.01128349788434413
2025-07-04,7320,7320,7020,7060,30229,-0.015341701534170138
2025-07-07,6980,7080,6930,6940,21659,-0.016997167138810165
2025-07-08,6940,7090,6890,7060,27991,0.01729106628242083
2025-07-09,7010,7210,6980,7150,41709,0.012747875354107707
2025-07-10,7150,7300,7020,7030,31071,-0.016783216783216814
2025-07-11,7070,7240,7000,7150,40391,0.017069701280227667
2025-07-14,7150,7270,7050,7080,16434,-0.009790209790209836
2025-07-15,7050,7200,6940,7180,37913,0.01412429378531077
2025-07-16,7180,7400,7060,7310,55569,0.01810584958217265
2025-07-17,7310,7350,7130,7350,31156,0.00547195622435015
2025-07-18,7350,7350,7110,7110,25338,-0.03265306122448974
2025-07-21,7060,7230,7040,7160,26936,0.007032348804500765
2025-07-22,7200,7280,6910,7000,44697,-0.022346368715083775
2025-07-23,7070,7100,6850,7020,39680,0.0028571428571428914
2025-07-24,7030,7260,6920,6930,35909,-0.012820512820512775
2025-07-25,6940,7010,6850,6930,12444,0.0
2025-07-28,6910,7180,6850,7180,38736,0.03607503607503615
2025-07-29,7350,8080,7180,7200,603905,0.0027855153203342198
2025-07-30,7210,7560,7210,7370,109102,0.023611111111111027
2025-07-31,7300,7460,7190,7240,50359,-0.01763907734056991
2025-08-01,7240,7240,6900,6970,61089,-0.037292817679558055
2025-08-04,7030,7140,6810,7080,52844,0.015781922525107683
2025-08-05,7080,7340,7080,7320,50239,0.03389830508474567
2025-08-06,7330,7400,7180,7330,20068,0.001366120218579292
2025-08-07,7300,7600,7270,7390,54892,0.008185538881309684
2025-08-08,7370,7700,7370,7560,50623,0.023004059539918797
2025-08-11,7520,7660,7440,7600,33989,0.005291005291005346
2025-08-12,7600,7680,7500,7570,41775,-0.003947368421052588
2025-08-13,7570,7730,7520,7630,39721,0.00792602377807139
2025-08-14,7600,7750,7550,7610,36569,-0.002621231979030192
2025-08-18,7540,7540,7050,7110,59215,-0.06570302233902758
2025-08-19,7060,7190,7050,7070,27059,-0.005625879043600568
2025-08-20,7070,7070,6850,6960,26095,-0.01555869872701554
2025-08-21,6900,6980,6870,6900,37201,-0.008620689655172376
2025-08-22,6900,6980,6780,6900,38022,0.0
2025-08-25,7060,7120,6910,7100,27956,0.02898550724637672
2025-08-26,7180,7230,6960,7090,25478,-0.0014084507042253502
2025-08-27,7190,7190,7010,7130,19453,0.005641748942172065
2025-08-28,7810,7900,7200,7430,376300,0.04207573632538564
2025-08-29,7440,7710,7400,7540,91293,0.014804845222072593
2025-09-01,7500,7590,7400,7590,31410,0.006631299734747964
2025-09-02,7550,7760,7380,7620,40534,0.0039525691699604515
2025-09-03,7620,7900,7420,7700,49093,0.01049868766404205
2025-09-04,7700,8030,7550,7940,82950,0.03116883116883118
2025-09-05,7940,8080,7840,7980,40083,0.005037783375314797
2025-09-08,7960,8190,7870,8070,70174,0.011278195488721776
2025-09-09,8010,8260,8010,8260,70646,0.023543990086740907
2025-09-10,8270,8370,8130,8200,50737,-0.007263922518159771
2025-09-11,8200,8350,8150,8180,43219,-0.0024390243902439046
2025-09-12,8220,8550,8220,8460,85286,0.03422982885085579
2025-09-15,8460,9580,8360,9160,460068,0.08274231678486998
2025-09-16,9050,9060,8470,8950,147099,-0.022925764192139764
2025-09-17,8920,9100,8750,8910,57575,-0.004469273743016755
2025-09-18,8910,9290,8870,9190,75957,0.03142536475869817
2025-09-19,9300,9360,8980,9120,64117,-0.007616974972796564
2025-09-22,9150,9520,9140,9230,85584,0.012061403508771829
2025-09-23,9310,9450,8830,9100,135592,-0.014084507042253502
