Date,Open,High,Low,Close,Volume,Change
2022-01-03,20300,20450,20050,20100,8079,-0.002481389578163795
2022-01-04,20100,20350,20100,20350,24940,0.01243781094527363
2022-01-05,20400,21500,20250,20950,96069,0.029484029484029506
2022-01-06,20900,21150,20650,21050,20226,0.004773269689737569
2022-01-07,21100,21100,20600,20750,20646,-0.014251781472684133
2022-01-10,20750,20800,19900,20050,50001,-0.03373493975903619
2022-01-11,20050,20150,19700,20000,33042,-0.0024937655860348684
2022-01-12,20000,20150,19900,19900,11482,-0.0050000000000000044
2022-01-13,19900,20000,19550,19700,120190,-0.01005025125628145
2022-01-14,19650,19750,19450,19600,22460,-0.005076142131979711
2022-01-17,19600,19900,19150,19550,33643,-0.0025510204081632404
2022-01-18,19600,19650,19150,19150,16850,-0.020460358056266004
2022-01-19,19000,19200,18600,18700,49733,-0.023498694516971286
2022-01-20,18600,19000,18600,18900,12160,0.010695187165775444
2022-01-21,18600,19100,18600,18900,14937,0.0
2022-01-24,19000,19000,18200,18400,15931,-0.02645502645502651
2022-01-25,18600,19700,17800,19300,67020,0.048913043478260976
2022-01-26,19300,20050,18300,18300,111595,-0.051813471502590636
2022-01-27,18300,18500,17850,17950,38206,-0.01912568306010931
2022-01-28,17850,18250,17750,18150,24173,0.011142061281337101
2022-02-03,18300,18550,18300,18300,17771,0.008264462809917328
2022-02-04,18300,18650,18300,18400,15315,0.005464480874316946
2022-02-07,18500,19050,18250,19000,29683,0.032608695652173836
2022-02-08,19050,19050,18550,18750,19737,-0.013157894736842146
2022-02-09,18900,18950,18650,18800,8344,0.002666666666666595
2022-02-10,18850,19450,18850,19150,28010,0.018617021276595702
2022-02-11,19150,19150,18600,18650,21084,-0.026109660574412552
2022-02-14,18450,19800,18200,18900,17282,0.013404825737265424
2022-02-15,18700,19200,18700,18900,12566,0.0
2022-02-16,19000,19100,18850,18900,17907,0.0
2022-02-17,18900,19100,18600,18800,18094,-0.005291005291005346
2022-02-18,18600,18900,18600,18850,11808,0.0026595744680850686
2022-02-21,18850,18850,18400,18800,11181,-0.0026525198938992522
2022-02-22,18700,18700,18450,18600,8895,-0.010638297872340385
2022-02-23,18650,18800,18550,18750,9635,0.008064516129032251
2022-02-24,18550,18850,18350,18500,21789,-0.013333333333333308
2022-02-25,18700,18800,18500,18700,13168,0.0108108108108107
2022-02-28,18700,19000,18500,18900,13674,0.010695187165775444
2022-03-02,18800,19700,18700,19250,53387,0.0185185185185186
2022-03-03,19250,19400,19100,19150,19877,-0.0051948051948051965
2022-03-04,19250,19250,19050,19150,9982,0.0
2022-03-07,19000,19100,18900,19000,9999,-0.007832898172323799
2022-03-08,18950,19000,18600,18850,12105,-0.007894736842105288
2022-03-10,18950,19100,18850,18850,6145,0.0
2022-03-11,18850,19250,18850,19100,13853,0.013262599469495928
2022-03-14,19200,19200,18650,18700,12159,-0.020942408376963373
2022-03-15,18550,18700,18450,18650,11039,-0.002673796791443861
2022-03-16,18750,18900,18700,18800,5789,0.008042895442359255
2022-03-17,18900,19100,18900,18950,9664,0.007978723404255428
2022-03-18,19100,19150,18950,19100,9055,0.0079155672823219
2022-03-21,18950,19250,18950,19250,11863,0.007853403141361293
2022-03-22,19050,19300,19050,19200,8453,-0.0025974025974025983
2022-03-23,19200,19300,19100,19150,8908,-0.0026041666666666297
2022-03-24,19200,19200,18950,19150,7381,0.0
2022-03-25,19100,19200,18950,19000,11798,-0.007832898172323799
2022-03-28,18950,19150,18700,19100,12607,0.0052631578947368585
2022-03-29,19050,19650,19000,19450,39506,0.018324607329842868
2022-03-30,19550,19550,19200,19300,8056,-0.007712082262210762
2022-03-31,19300,19400,19250,19350,7155,0.002590673575129543
2022-04-01,19350,19350,19050,19200,9329,-0.007751937984496138
2022-04-04,19250,19450,19100,19300,6056,0.005208333333333259
2022-04-05,19400,19450,19200,19400,8482,0.005181347150259086
2022-04-06,19350,19350,19100,19250,6949,-0.0077319587628865705
2022-04-07,19350,19350,18900,18900,9945,-0.018181818181818188
2022-04-08,18900,19050,18850,18950,5544,0.002645502645502562
2022-04-11,18950,19050,18850,18950,3233,0.0
2022-04-12,19000,19050,18750,18800,7855,-0.0079155672823219
2022-04-13,18950,19200,18800,19100,5090,0.015957446808510634
2022-04-14,19000,20100,19000,20100,41106,0.05235602094240832
2022-04-15,19900,20350,19600,20000,58790,-0.00497512437810943
2022-04-18,19800,20050,19800,20000,12210,0.0
2022-04-19,19950,20400,19950,20350,17287,0.01750000000000007
2022-04-20,20500,20600,20250,20400,16590,0.002457002457002533
2022-04-21,20650,20650,20150,20250,17670,-0.007352941176470562
2022-04-22,20150,20150,19950,20000,14295,-0.012345679012345734
2022-04-25,19700,19800,19550,19750,18222,-0.012499999999999956
2022-04-26,19650,19950,19650,19950,13280,0.010126582278481067
2022-04-27,19650,20100,19500,20050,19308,0.005012531328320913
2022-04-28,20050,20050,19800,19950,7057,-0.004987531172069848
2022-04-29,19950,20000,19650,20000,11073,0.0025062656641603454
2022-05-02,19900,19900,19400,19700,14272,-0.015000000000000013
2022-05-03,19650,19850,19600,19700,7225,0.0
2022-05-04,19800,19850,19500,19850,18910,0.0076142131979695105
2022-05-06,19850,20050,19750,20050,17268,0.010075566750629816
2022-05-09,20100,20100,19450,19650,16810,-0.01995012468827928
2022-05-10,19400,19500,19100,19450,18742,-0.010178117048346036
2022-05-11,19500,19550,19300,19400,10085,-0.0025706940874036244
2022-05-12,19400,19400,18900,19100,23041,-0.015463917525773141
2022-05-13,19050,19350,19050,19350,8363,0.01308900523560208
2022-05-16,19300,19750,19200,19750,13283,0.02067183462532296
2022-05-17,19550,19800,19550,19650,7639,-0.005063291139240533
2022-05-18,19700,19750,19500,19600,7530,-0.0025445292620864812
2022-05-19,19550,19550,19300,19400,8390,-0.010204081632653073
2022-05-20,19350,19700,19350,19550,5320,0.0077319587628865705
2022-05-23,19650,19650,19300,19500,8832,-0.002557544757033292
2022-05-24,19550,19550,19050,19150,19086,-0.017948717948717996
2022-05-25,19250,19400,18950,19300,6529,0.007832898172323688
2022-05-26,19350,19550,19300,19450,8062,0.007772020725388629
2022-05-27,19600,20200,19550,20000,35667,0.028277634961439535
2022-05-30,20200,20650,19950,20600,52257,0.030000000000000027
2022-05-31,20650,21100,20450,21100,66836,0.024271844660194164
2022-06-02,21000,21100,20500,20550,167677,-0.026066350710900466
2022-06-03,20550,20700,20200,20250,25936,-0.014598540145985384
2022-06-07,20250,20250,19850,19950,19234,-0.014814814814814836
2022-06-08,19900,20000,19850,19950,13592,0.0
2022-06-09,19900,19900,19600,19750,13333,-0.010025062656641603
2022-06-10,19750,19800,19500,19700,19910,-0.0025316455696202667
2022-06-13,19400,19400,18900,19100,32286,-0.030456852791878153
2022-06-14,18650,18950,18400,18600,32246,-0.02617801047120416
2022-06-15,18600,18650,17950,18050,39259,-0.029569892473118253
2022-06-16,18300,18600,18200,18250,11358,0.011080332409972193
2022-06-17,17800,18250,17800,18250,15719,0.0
2022-06-20,18100,18200,17450,17650,28053,-0.0328767123287671
2022-06-21,17500,17950,17450,17900,18452,0.014164305949008416
2022-06-22,17950,18100,17300,17350,17750,-0.030726256983240274
2022-06-23,17400,17550,16600,16950,20957,-0.023054755043227626
2022-06-24,16950,17750,16950,17700,18402,0.04424778761061954
2022-06-27,17850,18250,17650,18100,21874,0.02259887005649719
2022-06-28,18100,18500,17850,18250,14015,0.008287292817679592
2022-06-29,18000,18300,17950,18200,10651,-0.002739726027397249
2022-06-30,18200,18250,17900,18100,8017,-0.005494505494505475
2022-07-01,18100,18350,17550,17700,14741,-0.02209944751381221
2022-07-04,17800,18000,17250,17450,27167,-0.01412429378531077
2022-07-05,17550,17900,17550,17850,9113,0.022922636103151817
2022-07-06,17900,18000,17700,17900,11631,0.0028011204481792618
2022-07-07,18000,18050,17750,17800,18093,-0.005586592178770999
2022-07-08,18000,18050,17700,17750,16800,-0.002808988764044895
2022-07-11,17850,17850,17500,17600,15098,-0.008450704225352101
2022-07-12,17500,17600,17250,17450,15093,-0.008522727272727293
2022-07-13,17400,17600,17350,17400,9330,-0.002865329512893977
2022-07-14,17300,17500,17200,17500,6837,0.005747126436781658
2022-07-15,17500,17550,17250,17400,7675,-0.005714285714285672
2022-07-18,17450,17500,17350,17400,12778,0.0
2022-07-19,17500,17550,17300,17500,11285,0.005747126436781658
2022-07-20,17700,17800,17550,17650,15013,0.008571428571428674
2022-07-21,17650,17700,17450,17650,9846,0.0
2022-07-22,17650,17850,17550,17550,7659,-0.005665722379603388
2022-07-25,17550,17650,17450,17550,2964,0.0
2022-07-26,17500,17600,17400,17450,7652,-0.005698005698005715
2022-07-27,17500,17600,17400,17600,8900,0.008595988538681931
2022-07-28,17700,17750,17500,17700,10973,0.005681818181818121
2022-07-29,17650,18500,17450,18150,73305,0.025423728813559254
2022-08-01,18100,18200,17950,18100,10348,-0.0027548209366391463
2022-08-02,18050,18150,17800,18050,10001,-0.002762430939226568
2022-08-03,18050,18100,17800,17850,6856,-0.011080332409972304
2022-08-04,17950,18050,17850,18050,7812,0.011204481792717047
2022-08-05,18050,18200,17850,18050,22217,0.0
2022-08-08,18050,18100,17900,18000,8054,-0.0027700831024930483
2022-08-09,18050,18200,17800,17950,17681,-0.002777777777777768
2022-08-10,17900,18000,17700,17750,14799,-0.011142061281337101
2022-08-11,17900,17900,17700,17850,13300,0.005633802816901401
2022-08-12,17800,17950,17700,17900,19343,0.0028011204481792618
2022-08-16,17950,18100,17850,17850,15393,-0.0027932960893854997
2022-08-17,17750,17950,17550,17750,41170,-0.0056022408963585235
2022-08-18,17700,17800,17600,17750,11192,0.0
2022-08-19,17750,17800,17550,17550,15795,-0.011267605633802802
2022-08-22,17550,17550,17050,17200,28569,-0.019943019943019946
2022-08-23,17200,17200,16850,16950,35370,-0.014534883720930258
2022-08-24,16950,17100,16800,16950,15932,0.0
2022-08-25,16900,17100,16900,17000,11728,0.002949852507374562
2022-08-26,17150,17150,16800,16900,20533,-0.00588235294117645
2022-08-29,16550,16800,16500,16550,20825,-0.020710059171597628
2022-08-30,16700,16750,16500,16700,11818,0.009063444108761365
2022-08-31,16700,16800,16550,16650,15282,-0.0029940119760478723
2022-09-01,16650,16650,16350,16500,19430,-0.009009009009009028
2022-09-02,16500,16800,16300,16450,28982,-0.00303030303030305
2022-09-05,16300,16450,16000,16100,30909,-0.021276595744680882
2022-09-06,16100,16300,15950,16300,11461,0.012422360248447228
2022-09-07,16300,16300,16000,16150,14319,-0.009202453987730008
2022-09-08,16200,16400,16200,16300,10465,0.009287925696594534
2022-09-13,16400,16550,16350,16500,12746,0.012269938650306678
2022-09-14,16200,16250,16100,16100,24002,-0.024242424242424288
2022-09-15,16150,16200,16050,16100,11314,0.0
2022-09-16,16200,16250,15950,15950,19428,-0.009316770186335366
2022-09-19,16600,16700,16000,16100,44606,0.00940438871473348
2022-09-20,16050,16450,16050,16250,15513,0.009316770186335477
2022-09-21,16250,16600,16100,16250,18450,0.0
2022-09-22,16200,17150,16050,16350,103533,0.006153846153846176
2022-09-23,16250,16650,16200,16550,30845,0.012232415902140747
2022-09-26,16250,16500,15500,15650,55970,-0.05438066465256797
2022-09-27,15500,15850,15400,15650,34380,0.0
2022-09-28,15450,16350,15050,15650,62621,0.0
2022-09-29,15800,15850,15150,15300,56609,-0.022364217252396124
2022-09-30,15000,15200,14600,14800,42387,-0.0326797385620915
2022-10-04,14950,15100,14850,15100,18130,0.020270270270270174
2022-10-05,15250,15250,14900,15000,9969,-0.0066225165562914245
2022-10-06,14900,15250,14900,15150,11799,0.010000000000000009
2022-10-07,15100,15100,14850,15000,8794,-0.00990099009900991
2022-10-11,14800,14850,14400,14500,17014,-0.033333333333333326
2022-10-12,14250,14500,14100,14200,33976,-0.020689655172413834
2022-10-13,14100,14100,13450,13500,66893,-0.04929577464788737
2022-10-14,13700,14000,13600,13850,29390,0.025925925925925908
2022-10-17,13550,14000,13500,13950,32862,0.0072202166064982976
2022-10-18,14050,14350,13900,14250,31352,0.021505376344086002
2022-10-19,14200,14400,13950,14000,23277,-0.01754385964912286
2022-10-20,13950,14050,13650,13750,27143,-0.017857142857142905
2022-10-21,13750,13750,13450,13550,14144,-0.014545454545454528
2022-10-24,13750,13800,13500,13700,29024,0.011070110701107083
2022-10-25,13750,13900,13550,13700,28377,0.0
2022-10-26,13800,13950,13650,13850,32121,0.010948905109489093
2022-10-27,13800,14400,13750,14350,47951,0.036101083032491044
2022-10-28,14750,14950,14400,14600,81454,0.017421602787456525
2022-10-31,14750,14750,14200,14300,40809,-0.020547945205479423
2022-11-01,14400,14550,14250,14450,12644,0.010489510489510412
2022-11-02,14450,14800,14400,14650,29409,0.01384083044982698
2022-11-03,14600,14650,14450,14600,8227,-0.0034129692832765013
2022-11-04,14500,14700,14200,14600,11775,0.0
2022-11-07,14600,14600,14250,14300,24375,-0.020547945205479423
2022-11-08,14450,14550,14300,14550,9898,0.0174825174825175
2022-11-09,14500,14650,14450,14550,11621,0.0
2022-11-10,14550,14750,14450,14700,14889,0.010309278350515427
2022-11-11,14950,15000,14700,14800,30734,0.006802721088435382
2022-11-14,14900,15150,14750,14900,17834,0.006756756756756799
2022-11-15,14950,15350,14800,15250,23784,0.02348993288590595
2022-11-16,15250,15250,14850,14900,18529,-0.022950819672131195
2022-11-17,15000,15000,14750,14850,7836,-0.003355704697986628
2022-11-18,14900,14900,14750,14800,9668,-0.0033670033670033517
2022-11-21,14750,15100,14700,14850,11887,0.0033783783783782884
2022-11-22,14900,15250,14850,15050,16011,0.013468013468013407
2022-11-23,15150,15550,15050,15350,35679,0.019933554817275656
2022-11-24,15250,15550,15250,15550,17205,0.013029315960912058
2022-11-25,15600,15850,15450,15750,24977,0.012861736334405238
2022-11-28,15750,15900,15350,15650,14950,-0.006349206349206327
2022-11-29,15750,15750,15550,15700,5354,0.0031948881789136685
2022-11-30,15700,15900,15600,15850,10164,0.009554140127388644
2022-12-01,15950,15950,15650,15750,20001,-0.006309148264984188
2022-12-02,15850,15850,15600,15800,10969,0.0031746031746031633
2022-12-05,15800,15850,15700,15800,8174,0.0
2022-12-06,15850,15850,15450,15500,7634,-0.01898734177215189
2022-12-07,15500,15900,15450,15850,12428,0.022580645161290214
2022-12-08,15900,15900,15500,15700,15209,-0.009463722397476393
2022-12-09,15800,15800,15550,15800,10242,0.006369426751592355
2022-12-12,15850,15850,15650,15800,6534,0.0
2022-12-13,15800,16050,15750,16000,27222,0.012658227848101333
2022-12-14,16050,16150,16000,16100,20883,0.006250000000000089
2022-12-15,16100,16300,15950,16200,20670,0.006211180124223503
2022-12-16,16100,16250,15850,16200,9263,0.0
2022-12-19,16200,16200,15850,15850,12252,-0.021604938271604923
2022-12-20,15850,15850,15400,15600,18524,-0.01577287066246058
2022-12-21,15650,19400,15550,18000,1810974,0.15384615384615374
2022-12-22,17450,17900,16800,17650,765232,-0.019444444444444486
2022-12-23,16950,17050,16300,16400,328987,-0.07082152974504252
2022-12-26,16500,17200,16350,16500,499240,0.0060975609756097615
2022-12-27,16700,17200,16250,16800,262813,0.018181818181818077
2022-12-28,16600,17700,16450,16900,488946,0.005952380952380931
2022-12-29,17000,18950,16500,18250,1890293,0.0798816568047338
2023-01-02,19000,19950,17750,17800,3091674,-0.024657534246575352
2023-01-03,17300,17600,16400,16650,478042,-0.0646067415730337
2023-01-04,16900,17650,16900,16950,449649,0.018018018018018056
2023-01-05,16900,17450,16900,17200,218468,0.014749262536873253
2023-01-06,17300,17400,17050,17150,180321,-0.0029069767441860517
2023-01-09,17150,17200,16800,16850,122239,-0.017492711370262426
2023-01-10,16950,17400,16100,16250,392983,-0.035608308605341255
2023-01-11,16300,16500,16150,16300,94582,0.003076923076922977
2023-01-12,16250,16500,16200,16450,53187,0.009202453987730008
2023-01-13,16500,16550,16300,16350,35691,-0.006079027355623046
2023-01-16,16300,16400,16150,16400,60715,0.003058103975535076
2023-01-17,16400,16500,16100,16150,65605,-0.015243902439024404
2023-01-18,16100,16450,16050,16150,35476,0.0
2023-01-19,16150,16300,16050,16200,21716,0.003095975232198178
2023-01-20,16150,16350,16100,16200,25920,0.0
2023-01-25,16200,16220,16100,16140,35916,-0.0037037037037036535
2023-01-26,16100,16150,15820,15900,81221,-0.014869888475836479
2023-01-27,15930,15980,15820,15890,29181,-0.0006289308176100628
2023-01-30,15890,15990,15590,15610,58523,-0.017621145374449365
2023-01-31,15630,15750,15560,15660,20634,0.0032030749519538215
2023-02-01,15690,15740,15550,15650,34210,-0.0006385696040868138
2023-02-02,15700,16000,15650,15870,31792,0.014057507987220497
2023-02-03,15870,16040,15850,15990,24049,0.007561436672967936
2023-02-06,16000,16000,15760,15840,31114,-0.009380863039399667
2023-02-07,15930,15930,15590,15660,31367,-0.011363636363636354
2023-02-08,15750,15760,15660,15660,21218,0.0
2023-02-09,15710,15780,15590,15770,16746,0.007024265644955285
2023-02-10,15730,15770,15460,15530,31617,-0.015218769816106481
2023-02-13,15420,15540,15200,15280,31695,-0.01609787508048932
2023-02-14,15230,15400,15230,15260,17127,-0.0013089005235602524
2023-02-15,15260,15320,15100,15100,37246,-0.010484927916120546
2023-02-16,15110,15300,15080,15100,27482,0.0
2023-02-17,15060,15120,14990,15070,27470,-0.001986754966887383
2023-02-20,15070,15300,15000,15240,29000,0.011280690112806857
2023-02-21,15160,15280,15160,15220,18391,-0.001312335958005284
2023-02-22,15150,15260,14990,15000,28084,-0.014454664914586024
2023-02-23,15000,15310,14980,15100,26695,0.006666666666666599
2023-02-24,15120,15160,14950,15080,23593,-0.0013245033112583293
2023-02-27,15000,15040,14810,14930,23135,-0.009946949602122057
2023-02-28,14940,14960,14680,14890,28609,-0.0026791694574681557
2023-03-02,14930,14930,14770,14870,25079,-0.001343183344526544
2023-03-03,14810,14990,14800,14910,14548,0.0026899798251514007
2023-03-06,15040,15040,14880,14910,16027,0.0
2023-03-07,14970,14970,14820,14900,25052,-0.0006706908115359234
2023-03-08,14890,14890,14650,14850,24851,-0.003355704697986628
2023-03-09,14840,14840,14580,14600,23077,-0.01683501683501687
2023-03-10,14590,14600,14320,14320,38207,-0.019178082191780854
2023-03-13,14150,14300,14010,14190,27262,-0.009078212290502763
2023-03-14,14130,14230,13810,13820,31947,-0.02607470049330518
2023-03-15,13900,14080,13880,13890,22317,0.005065123010130179
2023-03-16,13840,13950,13620,13950,20363,0.004319654427645814
2023-03-17,14000,14690,13980,14450,23865,0.03584229390680993
2023-03-20,14450,14590,14310,14420,15622,-0.0020761245674740803
2023-03-21,14440,14560,14400,14400,20267,-0.001386962552011095
2023-03-22,14430,14570,14410,14500,15299,0.00694444444444442
2023-03-23,14460,14520,14300,14330,16278,-0.01172413793103444
2023-03-24,14320,14520,14280,14280,16734,-0.0034891835310537633
2023-03-27,14200,14980,14200,14860,65381,0.04061624649859952
2023-03-28,14780,14960,14700,14910,26245,0.003364737550471064
2023-03-29,14960,15140,14800,14900,44400,-0.0006706908115359234
2023-03-30,14960,14960,14710,14800,18968,-0.006711409395973145
2023-03-31,14800,14980,14650,14870,30231,0.004729729729729737
2023-04-03,14870,14900,14700,14860,15433,-0.0006724949562878502
2023-04-04,14760,15140,14630,15140,42636,0.018842530282638048
2023-04-05,15050,15670,15050,15350,53510,0.013870541611624931
2023-04-06,15220,15440,15000,15080,27936,-0.017589576547231256
2023-04-07,15190,15190,14920,15020,13741,-0.003978779840848823
2023-04-10,14950,15000,14580,14750,26566,-0.01797603195739017
2023-04-11,14750,14980,14680,14950,14041,0.013559322033898313
2023-04-12,14860,15010,14800,14900,19060,-0.0033444816053511683
2023-04-13,14950,15500,14900,15350,43825,0.030201342281879207
2023-04-14,15450,16000,15370,15750,138059,0.026058631921824116
2023-04-17,15830,15830,15510,15510,42657,-0.015238095238095273
2023-04-18,15460,15630,15220,15300,30386,-0.013539651837524147
2023-04-19,15380,15540,15250,15300,27696,0.0
2023-04-20,15260,15290,14830,14970,54741,-0.021568627450980427
2023-04-21,14870,14900,14560,14800,36155,-0.011356045424181671
2023-04-24,14730,14880,14610,14770,18034,-0.002027027027027062
2023-04-25,14700,14760,14480,14580,25728,-0.012863913337846977
2023-04-26,14470,14670,14400,14500,13220,-0.005486968449931462
2023-04-27,14500,14570,14330,14560,21748,0.004137931034482678
2023-04-28,14630,14630,14430,14550,18132,-0.0006868131868131844
2023-05-02,14510,14570,14460,14500,17826,-0.0034364261168384758
2023-05-03,14500,14580,14300,14370,26888,-0.008965517241379284
2023-05-04,14380,16190,14350,14920,502195,0.0382741823242867
2023-05-08,14860,15020,14700,14710,53326,-0.01407506702412864
2023-05-09,14650,14810,14490,14560,44933,-0.010197144799456104
2023-05-10,14530,14640,14440,14490,29748,-0.004807692307692291
2023-05-11,14460,14650,14460,14550,15946,0.0041407867494824835
2023-05-12,14560,14630,14470,14490,18076,-0.004123711340206171
2023-05-15,14410,14610,14380,14450,28470,-0.002760524499654915
2023-05-16,14410,14550,14350,14420,36587,-0.0020761245674740803
2023-05-17,14500,14670,14460,14580,19773,0.01109570041608876
2023-05-18,14470,14560,14470,14510,26126,-0.004801097393689946
2023-05-19,14520,14660,14470,14570,20830,0.004135079255685792
2023-05-22,14570,14800,14570,14590,36183,0.0013726835964309458
2023-05-23,14580,14690,14580,14650,21520,0.004112405757368043
2023-05-24,14680,15100,14650,14790,43456,0.009556313993174026
2023-05-25,14750,14900,14700,14720,19556,-0.0047329276538201626
2023-05-26,14780,14780,14520,14600,28259,-0.008152173913043459
2023-05-30,14670,14670,14500,14510,32376,-0.006164383561643838
2023-05-31,14590,14590,14490,14510,15470,0.0
2023-06-01,14550,14550,14450,14460,29827,-0.00344589937973816
2023-06-02,14490,14640,14480,14610,21872,0.010373443983402453
2023-06-05,14610,14640,14520,14590,16192,-0.001368925393566034
2023-06-07,14580,14660,14570,14620,11212,0.0020562028786841324
2023-06-08,14650,14650,14490,14570,22163,-0.0034199726402188713
2023-06-09,14550,14600,14450,14530,24212,-0.0027453671928620027
2023-06-12,14530,14580,14440,14440,13602,-0.00619408121128695
2023-06-13,14490,14570,14450,14450,16838,0.0006925207756232066
2023-06-14,14480,14600,14230,14340,34510,-0.00761245674740485
2023-06-15,14380,14400,14170,14170,20400,-0.011854951185495066
2023-06-16,14320,14320,14170,14260,15669,0.00635144671841914
2023-06-19,14260,14440,14160,14250,15180,-0.0007012622720897754
2023-06-20,14180,14250,14000,14140,34929,-0.007719298245614015
2023-06-21,14040,14140,14010,14020,17878,-0.008486562942008447
2023-06-22,14090,14110,14000,14050,8688,0.0021398002853068032
2023-06-23,14030,14100,13860,13900,29796,-0.010676156583629859
2023-06-26,13860,14140,13830,14010,27129,0.007913669064748108
2023-06-27,14070,14070,13920,14050,9475,0.002855103497501732
2023-06-28,14050,14190,14000,14100,9285,0.003558718861210064
2023-06-29,14070,14200,13930,14030,15691,-0.00496453900709215
2023-06-30,14000,14120,13960,14070,10207,0.0028510334996436626
2023-07-03,14050,14170,14050,14060,18913,-0.000710732054015617
2023-07-04,14050,14140,13900,13950,13117,-0.00782361308677093
2023-07-05,14050,14050,13690,13790,46863,-0.011469534050179253
2023-07-06,13790,13790,13600,13680,21696,-0.00797679477882518
2023-07-07,13690,13780,13540,13780,17983,0.007309941520467822
2023-07-10,13470,13690,13470,13620,30998,-0.011611030478954953
2023-07-11,13580,13740,13510,13580,11218,-0.002936857562408246
2023-07-12,13630,13750,13530,13680,14857,0.007363770250368162
2023-07-13,13770,13950,13770,13800,16295,0.00877192982456143
2023-07-14,13790,13950,13600,13620,24249,-0.013043478260869601
2023-07-17,13730,13730,13590,13670,13204,0.0036710719530101965
2023-07-18,13600,13870,13600,13750,19534,0.00585223116313105
2023-07-19,13710,14130,13710,14020,38065,0.019636363636363674
2023-07-20,13970,14290,13950,14170,33406,0.010699001426533572
2023-07-21,13910,14510,13910,14260,69489,0.00635144671841914
2023-07-24,14260,14290,13880,13940,34507,-0.02244039270687237
2023-07-25,13840,14050,13580,13630,31137,-0.02223816355810615
2023-07-26,13600,13670,13290,13380,48816,-0.018341892883345534
2023-07-27,13300,13800,13300,13690,30594,0.02316890881913314
2023-07-28,13700,13750,13590,13700,15580,0.0007304601899196239
2023-07-31,13710,13900,13690,13830,11534,0.009489051094890621
2023-08-01,13710,13870,13710,13800,23123,-0.002169197396963085
2023-08-02,13790,13890,13710,13800,14569,0.0
2023-08-03,13720,13960,13690,13940,31111,0.010144927536231974
2023-08-04,13900,14030,13700,13830,20005,-0.007890961262553842
2023-08-07,13740,14230,13720,14140,44287,0.022415039768618916
2023-08-08,14140,14300,13800,13860,16091,-0.01980198019801982
2023-08-09,13840,14450,13840,14400,69863,0.03896103896103886
2023-08-10,14400,14460,14300,14410,17639,0.000694444444444553
2023-08-11,14410,14500,14260,14300,21622,-0.007633587786259555
2023-08-14,14460,14810,14300,14780,69235,0.03356643356643363
2023-08-16,14700,14790,14310,14410,50149,-0.025033829499323423
2023-08-17,14410,14760,14010,14630,80673,0.01526717557251911
2023-08-18,14570,14570,14260,14350,20010,-0.019138755980861233
2023-08-21,14340,14750,14240,14340,82399,-0.0006968641114982743
2023-08-22,14350,14440,14200,14310,22184,-0.0020920502092049986
2023-08-23,14320,14600,14210,14450,37790,0.009783368273934334
2023-08-24,14450,14820,14420,14770,71867,0.02214532871972308
2023-08-25,14690,14810,14600,14650,18172,-0.008124576844956044
2023-08-28,14650,14730,14570,14590,17467,-0.004095563139931757
2023-08-29,14540,14830,14510,14700,24659,0.007539410555174708
2023-08-30,14800,14800,14610,14640,19611,-0.004081632653061273
2023-08-31,14740,14740,14550,14590,15810,-0.003415300546448119
2023-09-01,14590,14670,14470,14580,22732,-0.0006854009595613775
2023-09-04,14580,14670,14230,14250,36615,-0.02263374485596703
2023-09-05,14250,14340,14100,14180,12067,-0.0049122807017544234
2023-09-06,14150,14500,14150,14430,37877,0.017630465444287813
2023-09-07,14430,14500,14310,14350,10537,-0.005544005544005581
2023-09-08,14260,14430,14150,14280,57772,-0.004878048780487809
2023-09-11,14300,14550,14270,14400,25124,0.008403361344537785
2023-09-12,14400,14510,14220,14240,23366,-0.011111111111111072
2023-09-13,14370,14390,14160,14320,22198,0.00561797752808979
2023-09-14,14370,14630,14250,14560,57029,0.016759776536312776
2023-09-15,14500,14850,14500,14600,41717,0.0027472527472527375
2023-09-18,14590,14680,14490,14510,8517,-0.006164383561643838
2023-09-19,14510,14630,14350,14430,14540,-0.005513439007580945
2023-09-20,14430,14430,14250,14280,12750,-0.01039501039501034
2023-09-21,14240,14320,14050,14180,28179,-0.007002801120448154
2023-09-22,14100,14150,13980,14030,14887,-0.010578279266572621
2023-09-25,14030,14160,13840,13950,17874,-0.005702066999287214
2023-09-26,13870,14010,13830,13890,9902,-0.004301075268817178
2023-09-27,13780,14060,13780,13930,9220,0.0028797696184306165
2023-10-04,13980,13980,13650,13720,21754,-0.015075376884422065
2023-10-05,13700,13840,13500,13510,16558,-0.015306122448979553
2023-10-06,13420,13730,13420,13690,12127,0.013323464100666094
2023-10-10,13690,13820,13580,13670,8668,-0.0014609203798392478
2023-10-11,13690,14030,13690,13920,9792,0.018288222384784225
2023-10-12,13980,14060,13800,14010,12706,0.006465517241379226
2023-10-13,13980,14090,13910,14060,11436,0.0035688793718773315
2023-10-16,13920,14090,13650,13760,25933,-0.02133712660028453
2023-10-17,13760,13900,13750,13880,9431,0.008720930232558155
2023-10-18,13890,13890,13620,13810,13516,-0.005043227665706085
2023-10-19,13620,13760,13400,13680,31222,-0.009413468501086153
2023-10-20,13530,13600,13300,13570,25881,-0.008040935672514626
2023-10-23,13480,13650,13420,13430,13226,-0.010316875460574804
2023-10-24,13350,13690,13350,13680,24265,0.01861504095309008
2023-10-25,13680,13820,13610,13670,14657,-0.0007309941520468044
2023-10-26,13590,13600,13370,13480,20100,-0.013899049012435993
2023-10-27,13480,13650,13390,13470,14439,-0.0007418397626113293
2023-10-30,13480,13520,13390,13490,9753,0.0014847809948033142
2023-10-31,13550,13630,13330,13450,16536,-0.002965159377316562
2023-11-01,13450,13500,13420,13470,15757,0.0014869888475836923
2023-11-02,13500,13630,13470,13630,10275,0.01187824795842607
2023-11-03,13650,13690,13590,13660,15092,0.0022010271460015662
2023-11-06,13740,13840,13660,13670,40963,0.0007320644216690653
2023-11-07,13680,13760,13610,13620,10614,-0.003657644476956823
2023-11-08,13690,13900,13640,13780,14801,0.011747430249632984
2023-11-09,13780,13900,13680,13790,6518,0.0007256894049347817
2023-11-10,13870,13870,13630,13640,18488,-0.010877447425670761
2023-11-13,13680,14020,13640,13730,23941,0.006598240469208205
2023-11-14,13730,13980,13660,13820,17291,0.00655498907501828
2023-11-15,13830,13870,13510,13640,73796,-0.013024602026049159
2023-11-16,13680,13680,13560,13660,11344,0.0014662756598240456
2023-11-17,13660,13680,13590,13650,14893,-0.0007320644216690653
2023-11-20,13650,13890,13610,13840,20002,0.01391941391941387
2023-11-21,13800,13910,13780,13910,13720,0.005057803468208055
2023-11-22,13880,13900,13770,13820,6854,-0.006470165348670065
2023-11-23,13780,13870,13690,13800,11121,-0.0014471780028944004
2023-11-24,13810,13810,13700,13720,10847,-0.005797101449275366
2023-11-27,13720,13800,13580,13600,22153,-0.008746355685131157
2023-11-28,13600,13660,13570,13600,14579,0.0
2023-11-29,13580,13660,13280,13650,14403,0.003676470588235281
2023-11-30,13650,13700,13550,13570,12906,-0.00586080586080584
2023-12-01,13550,13620,13520,13560,9517,-0.0007369196757552876
2023-12-04,13580,13690,13500,13670,12937,0.008112094395280156
2023-12-05,13670,13860,13610,13700,22284,0.002194586686174116
2023-12-06,13840,13910,13740,13800,23527,0.007299270072992803
2023-12-07,13810,13910,13730,13840,15148,0.0028985507246377384
2023-12-08,13920,13940,13750,13810,15166,-0.0021676300578035157
2023-12-11,13810,13860,13780,13820,8500,0.0007241129616220032
2023-12-12,13820,13900,13790,13810,14303,-0.0007235890014472002
2023-12-13,13820,13870,13780,13810,9180,0.0
2023-12-14,13850,13910,13750,13860,15725,0.003620564808110016
2023-12-15,13860,13940,13820,13900,14568,0.0028860028860029363
2023-12-18,13840,14030,13840,14020,32908,0.008633093525179936
2023-12-19,14000,14000,13880,13960,17146,-0.004279600570613384
2023-12-20,13960,14030,13910,13980,14878,0.0014326647564470996
2023-12-21,13930,14020,13870,13880,25240,-0.007153075822603716
2023-12-22,13960,14230,13900,14100,59143,0.015850144092218965
2023-12-26,14130,14300,14110,14200,45111,0.007092198581560183
2023-12-27,13970,14080,13770,13920,50289,-0.019718309859154903
2023-12-28,13920,14010,13900,13950,11205,0.0021551724137931494
2024-01-02,14010,14400,13920,14380,81397,0.030824372759856722
2024-01-03,14280,14370,14210,14250,26628,-0.009040333796940248
2024-01-04,14250,14340,14160,14220,24558,-0.002105263157894721
2024-01-05,14150,14230,14150,14200,15043,-0.0014064697609000865
2024-01-08,14940,14940,14150,14210,117818,0.0007042253521127861
2024-01-09,14210,14400,14210,14300,25720,0.006333567909922566
2024-01-10,14300,14330,14240,14300,22514,0.0
2024-01-11,14310,14430,14250,14300,28756,0.0
2024-01-12,14210,14250,13950,14100,47504,-0.013986013986013957
2024-01-15,14010,14090,13830,13850,20326,-0.01773049645390068
2024-01-16,13900,13900,13660,13810,31128,-0.002888086642599319
2024-01-17,13900,13900,13500,13500,35135,-0.022447501810282433
2024-01-18,13570,13640,13440,13460,18594,-0.002962962962962945
2024-01-19,13470,13650,13470,13500,11808,0.002971768202080227
2024-01-22,13580,13660,13540,13600,13616,0.007407407407407307
2024-01-23,13570,13760,13570,13710,13620,0.008088235294117618
2024-01-24,13700,13710,13560,13580,21082,-0.009482129832239283
2024-01-25,13510,13620,13460,13560,16750,-0.0014727540500736325
2024-01-26,13590,13670,13480,13670,20185,0.008112094395280156
2024-01-29,13670,13730,13570,13620,13517,-0.003657644476956823
2024-01-30,13620,13700,13400,13440,70998,-0.013215859030836996
2024-01-31,13430,13470,13300,13310,39161,-0.009672619047619069
2024-02-01,13290,13430,13280,13410,15794,0.007513148009015813
2024-02-02,13300,13510,13300,13430,27848,0.001491424310216205
2024-02-05,13470,13480,13390,13430,7858,0.0
2024-02-06,13470,14070,13400,13990,126983,0.04169769173492188
2024-02-07,14020,14050,13860,13900,21310,-0.006433166547534008
2024-02-08,13900,13940,13820,13830,10874,-0.005035971223021574
2024-02-13,13830,13930,13800,13830,19342,0.0
2024-02-14,13830,14020,13730,14000,30672,0.012292118582791112
2024-02-15,14000,14030,13890,13900,15797,-0.0071428571428571175
2024-02-16,13900,14170,13890,14100,24203,0.014388489208633004
2024-02-19,14150,14150,14000,14020,21713,-0.005673758865248235
2024-02-20,14110,14140,14000,14020,16426,0.0
2024-02-21,14090,14090,13950,13960,10882,-0.004279600570613384
2024-02-22,14000,14000,13870,13910,11058,-0.003581661891117527
2024-02-23,13980,13980,13850,13850,9791,-0.004313443565780006
2024-02-26,13870,13960,13760,13840,17317,-0.0007220216606498298
2024-02-27,13910,13910,13620,13680,22527,-0.011560693641618491
2024-02-28,13680,13740,13620,13670,8871,-0.0007309941520468044
2024-02-29,13670,13750,13620,13680,12790,0.000731528895391298
2024-03-04,13770,13770,13560,13600,10393,-0.005847953216374324
2024-03-05,13600,13630,13330,13460,34865,-0.010294117647058787
2024-03-06,13450,13800,13370,13570,32822,0.008172362555720625
2024-03-07,13700,13720,13570,13630,16242,0.004421518054531948
2024-03-08,13630,13970,13630,13920,30819,0.02127659574468077
2024-03-11,13880,14040,13860,13870,20863,-0.0035919540229885083
2024-03-12,13870,13950,13790,13840,17993,-0.00216294160057684
2024-03-13,13850,13890,13750,13810,17362,-0.0021676300578035157
2024-03-14,13810,13930,13590,13650,22027,-0.011585807385952163
2024-03-15,13650,13770,13520,13590,14503,-0.00439560439560438
2024-03-18,13550,13810,13550,13700,14400,0.008094186902133815
2024-03-19,13770,13850,13630,13700,16263,0.0
2024-03-20,13720,13960,13690,13860,40753,0.011678832116788218
2024-03-21,13820,13920,13800,13870,9270,0.0007215007215006786
2024-03-22,13850,13930,13810,13930,17395,0.00432588320115368
2024-03-25,13930,14020,13890,13940,24018,0.00071787508973431
2024-03-26,13890,14030,13880,13990,31953,0.0035868005738881603
2024-03-27,13930,14000,13820,13860,16275,-0.009292351679771271
2024-03-28,13930,13960,13790,13860,12035,0.0
2024-03-29,13900,13900,13710,13750,22857,-0.007936507936507908
2024-04-01,13720,13850,13720,13830,12148,0.005818181818181722
2024-04-02,13860,13860,13660,13770,18738,-0.004338394793926281
2024-04-03,13770,13770,13610,13680,12803,-0.006535947712418277
2024-04-04,13610,13700,13410,13510,38503,-0.012426900584795342
2024-04-05,13470,13480,13370,13420,19625,-0.006661732050333047
2024-04-08,13440,13470,13290,13340,19030,-0.005961251862891204
2024-04-09,13400,13430,13280,13340,14628,0.0
2024-04-11,13290,13330,13170,13240,9865,-0.007496251874062998
2024-04-12,13300,13330,13230,13260,5323,0.0015105740181269312
2024-04-15,13100,13510,13100,13470,15790,0.015837104072398134
2024-04-16,13310,13450,13150,13150,22462,-0.02375649591685225
2024-04-17,13230,13250,13120,13160,7010,0.0007604562737641984
2024-04-18,13220,13540,13150,13270,7348,0.008358662613981771
2024-04-19,13270,13300,13090,13240,21710,-0.0022607385079125297
2024-04-22,13290,13330,13130,13200,7257,-0.0030211480362537513
2024-04-23,13250,13310,13220,13310,2677,0.008333333333333304
2024-04-24,13320,13490,13320,13420,10802,0.008264462809917328
2024-04-25,13420,13430,13300,13300,5981,-0.008941877794336861
2024-04-26,13300,13480,13270,13310,10523,0.0007518796992480592
2024-04-29,13400,13410,13170,13300,25037,-0.0007513148009016257
2024-04-30,13250,13410,13210,13300,16824,0.0
2024-05-02,13300,13530,13290,13430,17004,0.009774436090225658
2024-05-03,13430,13510,13300,13430,16748,0.0
2024-05-07,13430,13580,13360,13570,28244,0.01042442293373047
2024-05-08,13410,13530,13390,13480,12314,-0.0066322770817980325
2024-05-09,13480,13480,13280,13320,29708,-0.011869436201780381
2024-05-10,13320,13360,13200,13250,27654,-0.005255255255255276
2024-05-13,13250,13290,13130,13160,22687,-0.0067924528301887
2024-05-14,13160,13280,13160,13250,21220,0.006838905775075954
2024-05-16,13250,13290,13100,13140,29427,-0.008301886792452806
2024-05-17,13200,13260,13110,13200,18599,0.004566210045662045
2024-05-20,13300,13300,13070,13190,37476,-0.0007575757575757347
2024-05-21,13180,13200,12980,13010,38280,-0.013646702047005355
2024-05-22,13050,13050,12750,12780,68396,-0.017678708685626487
2024-05-23,12790,13210,12700,13100,65967,0.025039123630672844
2024-05-24,13090,13160,12850,13160,19253,0.004580152671755711
2024-05-27,13160,13170,12910,13000,23695,-0.012158054711246202
2024-05-28,13000,13040,12830,12950,21554,-0.0038461538461538325
2024-05-29,12950,12950,12800,12850,19573,-0.007722007722007707
2024-05-30,12800,12900,12750,12800,9528,-0.0038910505836575737
2024-05-31,12850,13100,12800,13000,18140,0.015625
2024-06-03,13000,13050,12950,12970,13422,-0.002307692307692344
2024-06-04,12930,13160,12930,12950,18049,-0.0015420200462605838
2024-06-05,13010,13010,12720,12910,10175,-0.003088803088803105
2024-06-07,12920,12960,12840,12920,14283,0.0007745933384972759
2024-06-10,12920,12940,12700,12780,24176,-0.010835913312693513
2024-06-11,12830,12860,12750,12770,13010,-0.0007824726134585402
2024-06-12,12770,12870,12750,12820,11731,0.003915426781519127
2024-06-13,12790,12870,12790,12820,9850,0.0
2024-06-14,12840,12880,12780,12820,11148,0.0
2024-06-17,12790,12930,12770,12830,11248,0.0007800312012480326
2024-06-18,12830,12900,12750,12830,13386,0.0
2024-06-19,12820,12830,12700,12700,16926,-0.010132501948558081
2024-06-20,12720,12830,12650,12780,20380,0.006299212598425141
2024-06-21,12780,12780,12670,12750,9001,-0.0023474178403756207
2024-06-24,12700,12790,12500,12590,21856,-0.01254901960784316
2024-06-25,12500,12770,12500,12690,7613,0.00794281175536149
2024-06-26,12590,12750,12590,12730,6696,0.0031520882584712417
2024-06-27,12790,12790,12610,12680,4417,-0.00392772977219169
2024-06-28,12740,12740,12560,12560,8196,-0.009463722397476393
2024-07-01,12620,12620,12540,12570,7223,0.0007961783439489611
2024-07-02,12600,12800,12260,12400,39853,-0.01352426412092278
2024-07-03,12480,12540,12340,12350,11741,-0.0040322580645161255
2024-07-04,12350,12450,12300,12340,10860,-0.0008097165991902688
2024-07-05,12300,12680,12300,12460,20407,0.009724473257698651
2024-07-08,12480,12600,12410,12500,10988,0.0032102728731941976
2024-07-09,12560,12570,12470,12500,9832,0.0
2024-07-10,12530,12890,12320,12870,35586,0.02960000000000007
2024-07-11,12890,12930,12800,12810,9992,-0.004662004662004615
2024-07-12,12880,12880,12760,12800,8608,-0.0007806401249024209
2024-07-15,12800,12910,12760,12880,6157,0.006250000000000089
2024-07-16,12820,12870,12690,12710,10937,-0.013198757763975166
2024-07-17,12740,12960,12610,12940,24483,0.01809598741148699
2024-07-18,12770,12960,12700,12910,11341,-0.0023183925811437467
2024-07-19,12820,12910,12720,12830,13672,-0.006196746707978318
2024-07-22,12870,12870,12580,12600,15614,-0.017926734216679674
2024-07-23,12570,12700,12480,12510,17403,-0.0071428571428571175
2024-07-24,12410,12740,12410,12560,14817,0.003996802557953538
2024-07-25,12510,12690,12510,12610,4697,0.00398089171974525
2024-07-26,12530,12680,12500,12680,28185,0.0055511498810467685
2024-07-29,12600,12800,12600,12770,8391,0.007097791798107211
2024-07-30,12660,12760,12610,12640,11763,-0.01018010963194993
2024-07-31,12640,12680,12480,12500,20607,-0.011075949367088556
2024-08-01,12590,12640,12500,12610,7614,0.008799999999999919
2024-08-02,12560,12580,12260,12320,26306,-0.022997620935765295
2024-08-05,12280,12280,11050,11280,89521,-0.08441558441558439
2024-08-06,11230,12280,11180,11580,27837,0.02659574468085113
2024-08-07,11720,12080,11680,12040,18732,0.039723661485319584
2024-08-08,11940,12090,11810,12070,9338,0.002491694352159568
2024-08-09,12070,12100,11980,12030,9462,-0.003314001657000798
2024-08-12,12030,12220,12030,12110,15212,0.006650041562759723
2024-08-13,12110,12130,11850,11900,17884,-0.017341040462427793
2024-08-14,11960,11970,11800,11920,12047,0.001680672268907557
2024-08-16,11810,11910,11410,11620,106012,-0.025167785234899376
2024-08-19,11620,11680,11140,11450,101673,-0.014629948364888179
2024-08-20,11480,11760,11350,11760,34020,0.02707423580786017
2024-08-21,11760,11910,11690,11900,34721,0.011904761904761862
2024-08-22,11910,11910,11550,11700,29901,-0.01680672268907568
2024-08-23,11620,11710,11590,11700,7588,0.0
2024-08-26,11700,11730,11560,11600,28706,-0.008547008547008517
2024-08-27,11600,11690,11500,11590,16652,-0.0008620689655172153
2024-08-28,11560,11630,11510,11590,9985,0.0
2024-08-29,11590,11620,11480,11540,9995,-0.004314063848144922
2024-08-30,11540,11660,11540,11660,8942,0.010398613518197486
2024-09-02,11640,11660,11540,11610,18496,-0.004288164665523175
2024-09-03,11620,11620,11570,11570,9145,-0.003445305770887197
2024-09-04,11360,11450,11060,11160,40439,-0.03543647363872082
2024-09-05,11220,11240,10960,11090,35326,-0.006272401433691788
2024-09-06,11080,11090,10850,10990,17227,-0.00901713255184855
2024-09-09,10790,11140,10790,11140,11015,0.01364877161055511
2024-09-10,11030,11150,11010,11050,10205,-0.008078994614003632
2024-09-11,11090,11360,11080,11130,23955,0.007239819004524861
2024-09-12,11130,11270,11130,11230,7452,0.008984725965857976
2024-09-13,11200,11280,11140,11190,5927,-0.003561887800534236
2024-09-19,11190,11300,11160,11280,18264,0.008042895442359255
2024-09-20,11320,11460,11310,11460,20480,0.015957446808510634
2024-09-23,11470,11720,11410,11410,37834,-0.004363001745200656
2024-09-24,11320,11500,11320,11430,11331,0.0017528483786153348
2024-09-25,11450,11640,11170,11620,25073,0.016622922134733153
2024-09-26,11640,11640,11560,11620,13539,0.0
2024-09-27,11610,11650,11510,11560,10653,-0.005163511187607606
2024-09-30,11480,11620,11400,11480,19205,-0.00692041522491349
2024-10-02,11370,11480,11250,11260,13220,-0.019163763066202044
2024-10-04,11260,11310,11210,11290,5824,0.002664298401420906
2024-10-07,11290,11370,11290,11310,2941,0.001771479185119551
2024-10-08,11290,11370,11140,11350,24330,0.0035366931918656697
2024-10-10,11360,11370,11200,11200,12528,-0.013215859030836996
2024-10-11,11200,11260,11160,11200,7798,0.0
2024-10-14,11230,11230,11040,11160,23341,-0.0035714285714285587
2024-10-15,11200,11210,11130,11190,7296,0.0026881720430107503
2024-10-16,11190,11840,11000,11070,192305,-0.01072386058981234
2024-10-17,11070,11100,11000,11060,31949,-0.0009033423667570428
2024-10-18,11060,11130,10920,11000,38612,-0.005424954792043413
2024-10-21,10970,11070,10960,11010,20933,0.0009090909090909705
2024-10-22,11060,11060,10800,10870,48698,-0.012715712988192518
2024-10-23,10930,11100,10870,11100,20030,0.021159153633854677
2024-10-24,11090,11090,10990,11000,7831,-0.009009009009009028
2024-10-25,11090,11090,10780,11040,31924,0.0036363636363636598
2024-10-28,11070,11110,11010,11080,13599,0.0036231884057971175
2024-10-29,11100,11120,11020,11110,7248,0.0027075812274368616
2024-10-30,11120,11160,11020,11080,21913,-0.0027002700270026825
2024-10-31,11080,11190,11010,11140,10885,0.005415162454873723
2024-11-01,11140,11350,11100,11310,32751,0.015260323159784539
2024-11-04,11240,11450,11240,11350,17946,0.0035366931918656697
2024-11-05,11350,11400,11140,11330,36984,-0.0017621145374449032
2024-11-06,11370,11370,11170,11310,14447,-0.001765225066195919
2024-11-07,11300,11370,11200,11320,5768,0.0008841732979663064
2024-11-08,11270,11430,11270,11340,19069,0.0017667844522968323
2024-11-11,11250,11320,11020,11150,24482,-0.01675485008818345
2024-11-12,11010,11130,10750,10750,48569,-0.0358744394618834
2024-11-13,10760,10850,10620,10760,21928,0.0009302325581395099
2024-11-14,10660,10870,10660,10810,14080,0.004646840148698983
2024-11-15,10800,10810,10660,10770,23473,-0.0037002775208140326
2024-11-18,10770,10950,10700,10780,31200,0.0009285051067779992
2024-11-19,10790,10910,10790,10910,5729,0.012059369202226389
2024-11-20,10780,11050,10780,10970,31788,0.005499541704858002
2024-11-21,10990,11030,10860,10950,14308,-0.001823154056517784
2024-11-22,10950,11000,10880,10950,21039,0.0
2024-11-25,10900,11060,10860,11020,32758,0.006392694063926951
2024-11-26,10970,11220,10970,11160,34555,0.012704174228675091
2024-11-27,11090,11200,11060,11100,18315,-0.005376344086021501
2024-11-28,11060,11190,11060,11100,14175,0.0
2024-11-29,11100,11180,11000,11030,22283,-0.006306306306306353
2024-12-02,11020,11020,10850,10950,30083,-0.0072529465095194645
2024-12-03,10860,11150,10830,11010,6847,0.005479452054794498
2024-12-04,10800,10990,10800,10860,20891,-0.013623978201634857
2024-12-05,10940,10940,10770,10820,22719,-0.0036832412523020164
2024-12-06,10760,10820,10530,10600,21469,-0.020332717190388205
2024-12-09,10540,10580,10120,10150,59021,-0.04245283018867929
2024-12-10,10290,10510,10190,10500,18515,0.034482758620689724
2024-12-11,10490,10730,10490,10720,12535,0.020952380952381056
2024-12-12,10720,10790,10620,10660,11652,-0.005597014925373123
2024-12-13,10660,10890,10660,10880,17290,0.02063789868667909
2024-12-16,10900,10960,10830,10910,28656,0.0027573529411764053
2024-12-17,10910,11040,10850,10920,46165,0.0009165902841430373
2024-12-18,10920,10990,10820,10930,20417,0.0009157509157509125
2024-12-19,10800,10920,10770,10850,18660,-0.007319304666056681
2024-12-20,10930,10950,10680,10920,27903,0.006451612903225712
2024-12-23,10930,11150,10900,11130,19381,0.019230769230769162
2024-12-24,11150,11400,11140,11360,31324,0.020664869721473522
2024-12-26,11370,11370,11010,11080,23080,-0.02464788732394363
2024-12-27,10880,11110,10810,10890,16185,-0.017148014440433235
2024-12-30,10810,10950,10730,10900,3811,0.0009182736455464191
2025-01-02,10910,10960,10620,10680,20844,-0.020183486238532056
2025-01-03,10570,11000,10570,10970,64819,0.027153558052434468
2025-01-06,11000,11040,10820,10860,29466,-0.010027347310847756
2025-01-07,10870,11070,10850,10950,32911,0.008287292817679592
2025-01-08,10960,11030,10860,10880,14283,-0.006392694063926951
2025-01-09,10970,10970,10770,10780,12811,-0.009191176470588203
2025-01-10,10770,10780,10640,10690,23628,-0.008348794063079756
2025-01-13,10690,10700,10500,10530,29626,-0.014967259120673537
2025-01-14,10500,10570,10430,10470,12759,-0.005698005698005715
2025-01-15,10530,10540,10450,10450,8580,-0.0019102196752626144
2025-01-16,10550,10560,10450,10460,10189,0.000956937799043045
2025-01-17,10460,10550,10460,10470,15690,0.0009560229445506607
2025-01-20,10470,10500,10430,10460,12228,-0.0009551098376313627
2025-01-21,10470,10520,10330,10390,11215,-0.006692160611854736
2025-01-22,10380,10440,10320,10350,13082,-0.0038498556304138454
2025-01-23,10350,10370,10320,10360,6612,0.0009661835748793202
2025-01-24,10340,10410,10330,10360,6810,0.0
2025-01-31,10360,10360,10260,10260,9520,-0.009652509652509633
2025-02-03,10200,10320,10100,10130,18370,-0.012670565302144277
2025-02-04,10190,10280,10150,10200,5480,0.006910167818361401
2025-02-05,10280,10300,10200,10220,14076,0.0019607843137254832
2025-02-06,10220,10350,10220,10260,7431,0.00391389432485334
2025-02-07,10220,10340,10160,10180,11518,-0.007797270955165692
2025-02-10,10220,10220,10130,10200,13601,0.0019646365422396617
2025-02-11,10250,10300,10170,10210,10354,0.0009803921568627416
2025-02-12,10280,10280,10140,10200,10827,-0.0009794319294809117
2025-02-13,10200,10200,10120,10130,13840,-0.006862745098039191
2025-02-14,10190,10200,10130,10150,4771,0.001974333662388972
2025-02-17,10200,10240,10160,10180,14115,0.002955665024630516
2025-02-18,10190,10310,10150,10280,20653,0.00982318271119853
2025-02-19,10300,10480,10300,10440,12810,0.015564202334630295
2025-02-20,10440,10560,10410,10550,20624,0.010536398467432928
2025-02-21,10460,10590,10420,10510,18139,-0.0037914691943128354
2025-02-24,10470,10610,10470,10580,14435,0.006660323501427312
2025-02-25,10580,10600,10530,10570,4902,-0.000945179584120992
2025-02-26,10600,10630,10520,10630,7978,0.0056764427625355385
2025-02-27,10630,10640,10520,10580,5983,-0.00470366886171214
2025-02-28,10570,10570,10340,10390,18431,-0.017958412098298626
2025-03-04,10340,10450,10200,10300,10559,-0.008662175168431152
2025-03-05,10200,10340,10200,10290,7990,-0.000970873786407811
2025-03-06,10300,10490,10280,10390,20166,0.009718172983479212
2025-03-07,10380,10700,10300,10400,27245,0.0009624639076035724
2025-03-10,10530,10530,10370,10400,7400,0.0
2025-03-11,10390,10390,10240,10280,15930,-0.011538461538461497
2025-03-12,10310,10360,10300,10310,10088,0.0029182879377431803
2025-03-13,10290,10530,10290,10400,28785,0.008729388942773975
2025-03-14,10350,10450,10350,10400,5845,0.0
2025-03-17,10400,10590,10390,10540,17372,0.013461538461538414
2025-03-18,10520,10610,10490,10600,19585,0.005692599620493288
2025-03-19,10530,10620,10520,10600,23986,0.0
2025-03-20,10620,10660,10530,10600,20161,0.0
2025-03-21,10640,10650,10540,10580,16150,-0.0018867924528301883
2025-03-24,10560,10660,10510,10540,13154,-0.003780718336483968
2025-03-25,10590,10670,10050,10430,25747,-0.010436432637571103
2025-03-26,10520,10540,10320,10360,17947,-0.006711409395973145
2025-03-27,10360,10440,10300,10390,13485,0.0028957528957529455
2025-03-28,10380,10400,10300,10380,6606,-0.0009624639076034613
2025-03-31,10370,10370,10140,10250,22210,-0.012524084778420042
2025-04-01,10310,10370,10240,10350,13627,0.009756097560975618
2025-04-02,10350,11150,10300,10980,204794,0.0608695652173914
2025-04-03,10910,11240,10760,11130,82712,0.013661202185792254
2025-04-04,11000,11130,10900,11010,27666,-0.010781671159029615
2025-04-07,11000,11000,10460,10580,42139,-0.03905540417802
2025-04-08,10620,11070,10620,10950,35380,0.03497164461247637
2025-04-09,10850,10980,10720,10920,39656,-0.002739726027397249
2025-04-10,11010,11280,10975,11190,48403,0.024725274725274637
2025-04-11,11190,11190,10970,11060,23731,-0.011617515638963405
2025-04-14,11180,11270,11050,11240,17000,0.016274864376130127
2025-04-15,11240,11350,11090,11260,24407,0.001779359430605032
2025-04-16,11230,11280,11110,11230,12367,-0.002664298401420906
2025-04-17,11110,11280,11110,11210,5308,-0.0017809439002671734
2025-04-18,11220,11340,11210,11260,8396,0.004460303300624524
2025-04-21,11260,11330,11220,11320,14571,0.005328596802841812
2025-04-22,11320,11350,11220,11230,14800,-0.007950530035335635
2025-04-23,11240,11990,11240,11310,167587,0.007123775601068472
2025-04-24,11460,11670,11270,11540,43294,0.020335985853227267
2025-04-25,11550,11710,11510,11620,25367,0.006932409012131657
2025-04-28,11620,11820,11550,11690,35589,0.006024096385542244
2025-04-29,11690,11800,11600,11680,19079,-0.0008554319931565191
2025-04-30,11680,11700,11560,11560,14153,-0.010273972602739767
2025-05-02,11570,11650,11450,11470,18776,-0.007785467128027634
2025-05-07,11480,11500,11330,11480,17114,0.0008718395815170421
2025-05-08,11400,11630,11400,11550,8278,0.0060975609756097615
2025-05-09,11570,11570,11400,11470,11707,-0.006926406926406892
2025-05-12,11470,11540,11370,11540,14543,0.006102877070619073
2025-05-13,11570,11570,11410,11500,8273,-0.0034662045060658286
2025-05-14,11500,11550,11490,11540,4142,0.003478260869565153
2025-05-15,11550,11560,11410,11470,18265,-0.0060658578856152
2025-05-16,11370,11450,11250,11260,33522,-0.018308631211856996
2025-05-19,11340,11340,11110,11200,13279,-0.005328596802841923
2025-05-20,11210,11400,11210,11300,6688,0.008928571428571397
2025-05-21,11310,11460,11310,11360,5677,0.005309734513274433
2025-05-22,11360,11740,11360,11700,21400,0.029929577464788748
2025-05-23,11700,11720,11540,11660,11277,-0.0034188034188034067
2025-05-26,11560,11680,11510,11640,11516,-0.0017152658662092923
2025-05-27,11790,11790,11590,11610,4935,-0.002577319587628857
2025-05-28,11570,11740,11570,11660,13576,0.004306632213608941
2025-05-29,11660,11760,11610,11750,20670,0.007718696397941649
2025-05-30,11750,11910,11670,11830,15232,0.006808510638297793
2025-06-02,11780,11790,11660,11690,6878,-0.011834319526627168
2025-06-04,11750,11890,11750,11810,14871,0.010265183917878451
2025-06-05,11810,11900,11800,11840,10478,0.002540220152413175
2025-06-09,11850,12030,11850,12000,20028,0.013513513513513598
2025-06-10,12000,12030,11880,12000,21357,0.0
2025-06-11,12090,12200,11920,12140,29018,0.011666666666666714
2025-06-12,12110,12340,12100,12220,22443,0.006589785831960571
2025-06-13,12220,12270,11940,12000,43272,-0.018003273322422242
2025-06-16,12000,12310,12000,12270,34039,0.022499999999999964
2025-06-17,12310,12430,12120,12270,38916,0.0
2025-06-18,12200,12400,12200,12300,9257,0.0024449877750611915
2025-06-19,12310,12350,12200,12350,20602,0.004065040650406582
2025-06-20,12340,12430,12250,12370,17522,0.0016194331983805377
2025-06-23,12440,12460,12260,12400,24484,0.0024252223120453387
2025-06-24,12450,12500,12360,12430,28657,0.0024193548387096975
2025-06-25,12440,12470,12280,12290,23866,-0.011263073209975882
2025-06-26,12330,12350,12000,12150,27841,-0.011391375101708734
2025-06-27,12150,12150,11950,12120,15914,-0.0024691358024691024
2025-06-30,12120,12210,12000,12100,18143,-0.0016501650165016146
2025-07-01,12100,12220,12080,12210,11857,0.009090909090909038
2025-07-02,12210,12220,12050,12150,25524,-0.004914004914004955
2025-07-03,12150,12450,12140,12340,21307,0.01563786008230461
2025-07-04,12330,12370,12200,12280,13327,-0.004862236628849326
2025-07-07,12280,12350,12180,12220,28018,-0.004885993485342022
2025-07-08,12220,12330,12160,12180,13384,-0.00327332242225864
2025-07-09,12190,12410,12190,12390,22358,0.01724137931034475
2025-07-10,12330,12430,12330,12380,15928,-0.0008071025020177647
2025-07-11,12360,12490,12320,12400,18266,0.001615508885298933
2025-07-14,12470,12470,12340,12400,20645,0.0
2025-07-15,12420,12420,12240,12310,10077,-0.007258064516128981
2025-07-16,12370,12370,12130,12230,22058,-0.006498781478472826
2025-07-17,12290,12290,12110,12230,15687,0.0
2025-07-18,12280,12280,12140,12250,12940,0.0016353229762877675
2025-07-21,12250,12250,12100,12110,15419,-0.011428571428571455
2025-07-22,12100,12180,12030,12130,12591,0.0016515276630884035
2025-07-23,12130,12190,12030,12110,9465,-0.0016488046166529546
2025-07-24,12160,12390,12080,12080,16060,-0.002477291494632494
2025-07-25,12080,12130,12040,12040,5984,-0.0033112582781457123
2025-07-28,12000,12040,11770,11800,19824,-0.019933554817275767
2025-07-29,12020,12020,11710,11850,14615,0.004237288135593209
2025-07-30,11850,11980,11820,11930,9960,0.006751054852320637
2025-07-31,11950,11990,11870,11970,19154,0.003352891869237151
2025-08-01,11900,12040,11630,11710,23148,-0.02172096908939014
2025-08-04,11780,11870,11530,11800,15195,0.0076857386848847575
2025-08-05,11730,12020,11730,11830,6153,0.0025423728813558366
2025-08-06,12000,12000,11780,11950,10396,0.010143702451394843
2025-08-07,12000,12050,11860,12000,13416,0.004184100418409997
2025-08-08,12000,12160,11840,11890,29975,-0.009166666666666656
2025-08-11,11890,12080,11820,11920,12813,0.002523128679562614
2025-08-12,11920,12100,11860,11970,29648,0.004194630872483174
2025-08-13,12000,12140,11800,11920,10920,-0.00417710944026739
2025-08-14,11940,12030,11860,11900,5383,-0.001677852348993314
2025-08-18,11920,12080,11920,11940,13684,0.003361344537815114
2025-08-19,11940,12000,11780,11880,15471,-0.005025125628140725
2025-08-20,11880,11880,11700,11780,15950,-0.008417508417508435
2025-08-21,11830,11830,11590,11600,29205,-0.015280135823429575
2025-08-22,11550,11660,11500,11570,8000,-0.002586206896551757
2025-08-25,11560,11700,11490,11600,18665,0.0025929127052721768
2025-08-26,11600,11690,11520,11670,9593,0.0060344827586207295
2025-08-27,11580,11750,11580,11700,7949,0.0025706940874035134
2025-08-28,11720,11760,11610,11700,3953,0.0
2025-08-29,11700,12130,11570,12050,46260,0.029914529914529808
2025-09-01,12050,12080,11700,11810,29835,-0.01991701244813282
2025-09-02,11870,11930,11760,11830,9102,0.0016934801016088574
2025-09-03,11890,11930,11780,11790,6978,-0.0033812341504648735
2025-09-04,11780,11920,11780,11790,15294,0.0
2025-09-05,11850,11880,11750,11790,11928,0.0
2025-09-08,11790,11830,11720,11770,9434,-0.0016963528413910245
2025-09-09,11890,12000,11750,11860,15808,0.007646559048428259
2025-09-10,11810,11900,11810,11880,10341,0.001686340640809414
2025-09-11,11850,11920,11770,11790,12697,-0.007575757575757569
2025-09-12,11840,11930,11790,11930,10585,0.01187446988973706
2025-09-15,11870,11990,11860,11870,17287,-0.005029337803855838
2025-09-16,11870,12000,11870,11910,11323,0.0033698399326032025
2025-09-17,11910,11990,11860,11930,8411,0.0016792611251048584
2025-09-18,12000,12240,11940,12210,30065,0.023470243084660503
2025-09-19,12180,12300,12140,12210,20726,0.0
2025-09-22,12180,12370,12150,12290,24529,0.006552006552006606
2025-09-23,12290,12390,12130,12290,21860,0.0
