Date,Open,High,Low,Close,Volume,Change
2022-01-03,1465,1475,1450,1455,911039,-0.0068259385665528916
2022-01-04,1460,1510,1445,1510,1498904,0.037800687285223455
2022-01-05,1510,1525,1450,1465,1452426,-0.0298013245033113
2022-01-06,1450,1485,1435,1450,1137246,-0.010238907849829393
2022-01-07,1470,1560,1470,1500,2586249,0.034482758620689724
2022-01-10,1490,1510,1450,1465,1224260,-0.023333333333333317
2022-01-11,1465,1490,1425,1430,1113270,-0.023890784982935176
2022-01-12,1435,1450,1430,1445,769784,0.010489510489510412
2022-01-13,1450,1450,1425,1430,660405,-0.01038062283737029
2022-01-14,1415,1430,1395,1405,978149,-0.0174825174825175
2022-01-17,1430,1435,1385,1390,798245,-0.010676156583629859
2022-01-18,1385,1400,1340,1345,847517,-0.03237410071942448
2022-01-19,1330,1370,1320,1325,747194,-0.014869888475836479
2022-01-20,1330,1505,1320,1415,4060340,0.06792452830188678
2022-01-21,1390,1445,1360,1360,1501847,-0.03886925795053009
2022-01-24,1345,1360,1325,1330,935971,-0.022058823529411797
2022-01-25,1350,1355,1255,1265,1488950,-0.048872180451127845
2022-01-26,1255,1315,1255,1300,1198421,0.027667984189723382
2022-01-27,1300,1310,1220,1250,1307549,-0.038461538461538436
2022-01-28,1240,1290,1215,1285,944949,0.028000000000000025
2022-02-03,1300,1330,1300,1320,513574,0.027237354085603016
2022-02-04,1310,1355,1310,1350,818684,0.022727272727272707
2022-02-07,1370,1370,1320,1350,303610,0.0
2022-02-08,1350,1395,1320,1340,1272235,-0.007407407407407418
2022-02-09,1430,1475,1390,1390,3696197,0.03731343283582089
2022-02-10,1405,1405,1375,1375,518234,-0.010791366906474864
2022-02-11,1370,1390,1350,1370,670175,-0.0036363636363636598
2022-02-14,1355,1360,1320,1320,862817,-0.03649635036496346
2022-02-15,1325,1350,1300,1310,784770,-0.007575757575757569
2022-02-16,1335,1355,1325,1350,538247,0.03053435114503822
2022-02-17,1350,1390,1320,1355,1042700,0.0037037037037037646
2022-02-18,1345,1450,1325,1415,2035895,0.04428044280442811
2022-02-21,1415,1430,1390,1415,702936,0.0
2022-02-22,1400,1415,1375,1385,701698,-0.021201413427561877
2022-02-23,1395,1425,1395,1410,509213,0.018050541516245522
2022-02-24,1390,1415,1345,1360,1402716,-0.03546099290780147
2022-02-25,1380,1410,1380,1385,683691,0.018382352941176405
2022-02-28,1385,1415,1375,1400,605694,0.010830324909747224
2022-03-02,1400,1425,1395,1415,465194,0.010714285714285676
2022-03-03,1455,1485,1435,1445,1535511,0.021201413427561766
2022-03-04,1455,1460,1440,1455,700471,0.006920415224913601
2022-03-07,1445,1470,1430,1450,731462,-0.0034364261168384758
2022-03-08,1440,1450,1400,1405,1089341,-0.03103448275862064
2022-03-10,1455,1495,1440,1465,1630217,0.04270462633451966
2022-03-11,1470,1565,1450,1540,3728154,0.05119453924914685
2022-03-14,1550,1560,1495,1520,1668444,-0.012987012987012991
2022-03-15,1505,1540,1505,1515,844911,-0.003289473684210509
2022-03-16,1530,1585,1515,1555,1597007,0.0264026402640265
2022-03-17,1570,1575,1525,1540,1258319,-0.009646302250803873
2022-03-18,1545,1575,1535,1545,906026,0.0032467532467532756
2022-03-21,1565,1570,1545,1550,728495,0.003236245954692629
2022-03-22,1565,1565,1540,1555,815823,0.003225806451612856
2022-03-23,1575,1585,1550,1570,1133143,0.009646302250803762
2022-03-24,1570,1580,1545,1565,554466,-0.0031847133757961776
2022-03-25,1570,1620,1560,1610,1351092,0.028753993610223683
2022-03-28,1625,1625,1595,1610,1122090,0.0
2022-03-29,1630,1725,1610,1615,3662547,0.0031055900621117516
2022-03-30,1650,1670,1605,1610,1175159,-0.003095975232198178
2022-03-31,1605,1650,1605,1620,944126,0.006211180124223503
2022-04-01,1630,1640,1610,1630,649289,0.006172839506172867
2022-04-04,1635,1665,1625,1630,802164,0.0
2022-04-05,1625,1640,1590,1600,799142,-0.018404907975460127
2022-04-06,1590,1590,1545,1560,925894,-0.025000000000000022
2022-04-07,1560,1560,1505,1520,701348,-0.02564102564102566
2022-04-08,1530,1540,1480,1510,589862,-0.006578947368421018
2022-04-11,1495,1585,1490,1510,1340136,0.0
2022-04-12,1515,1570,1510,1525,1652655,0.009933774834437026
2022-04-13,1535,1545,1520,1530,458638,0.003278688524590123
2022-04-14,1540,1545,1515,1515,472585,-0.009803921568627416
2022-04-15,1505,1540,1495,1515,726669,0.0
2022-04-18,1525,1565,1520,1535,604491,0.013201320132013139
2022-04-19,1540,1545,1525,1545,327133,0.006514657980456029
2022-04-20,1560,1560,1540,1545,422353,0.0
2022-04-21,1550,1575,1545,1550,424174,0.003236245954692629
2022-04-22,1545,1560,1520,1555,567662,0.003225806451612856
2022-04-25,1545,1545,1490,1500,668906,-0.03536977491961413
2022-04-26,1510,1545,1505,1540,502506,0.026666666666666616
2022-04-27,1520,1545,1500,1535,1088370,-0.0032467532467532756
2022-04-28,1555,1565,1530,1530,827227,-0.0032573289902280145
2022-04-29,1540,1590,1535,1585,1235098,0.03594771241830075
2022-05-02,1565,1585,1560,1570,612559,-0.009463722397476393
2022-05-03,1580,1590,1565,1565,553562,-0.0031847133757961776
2022-05-04,1570,1580,1560,1570,566620,0.0031948881789136685
2022-05-06,1560,1560,1530,1540,455254,-0.019108280254777066
2022-05-09,1540,1540,1465,1475,1143249,-0.04220779220779225
2022-05-10,1440,1475,1410,1465,1094547,-0.006779661016949157
2022-05-11,1475,1485,1450,1475,395298,0.006825938566553003
2022-05-12,1450,1475,1425,1425,637357,-0.03389830508474578
2022-05-13,1430,1450,1425,1430,470867,0.0035087719298245723
2022-05-16,1440,1450,1435,1435,290169,0.0034965034965035446
2022-05-17,1430,1455,1430,1450,535021,0.010452961672473782
2022-05-18,1465,1470,1435,1450,326772,0.0
2022-05-19,1415,1415,1390,1395,1131060,-0.037931034482758585
2022-05-20,1405,1410,1390,1400,430457,0.0035842293906809264
2022-05-23,1400,1405,1380,1395,466437,-0.0035714285714285587
2022-05-24,1400,1400,1350,1350,1018624,-0.032258064516129004
2022-05-25,1355,1365,1345,1345,472603,-0.0037037037037036535
2022-05-26,1350,1380,1350,1355,299935,0.0074349442379182396
2022-05-27,1375,1375,1355,1360,278745,0.0036900369003689537
2022-05-30,1370,1385,1365,1380,209595,0.014705882352941124
2022-05-31,1380,1390,1375,1385,194981,0.0036231884057971175
2022-06-02,1385,1385,1370,1380,157095,-0.0036101083032491488
2022-06-03,1385,1405,1375,1390,291347,0.007246376811594235
2022-06-07,1385,1410,1360,1365,357492,-0.017985611510791366
2022-06-08,1370,1385,1365,1370,289044,0.00366300366300365
2022-06-09,1365,1375,1340,1350,433450,-0.014598540145985384
2022-06-10,1330,1360,1330,1350,361413,0.0
2022-06-13,1320,1335,1260,1270,1332956,-0.059259259259259234
2022-06-14,1220,1280,1220,1260,1372007,-0.007874015748031482
2022-06-15,1260,1290,1200,1210,831233,-0.03968253968253965
2022-06-16,1230,1270,1210,1215,1119589,0.004132231404958775
2022-06-17,1170,1230,1165,1220,907198,0.004115226337448652
2022-06-20,1225,1240,1160,1160,1366126,-0.049180327868852514
2022-06-21,1170,1195,1155,1175,628366,0.012931034482758674
2022-06-22,1185,1200,1100,1100,951273,-0.06382978723404253
2022-06-23,1095,1115,1050,1050,1630066,-0.045454545454545414
2022-06-24,1050,1125,1040,1125,968374,0.0714285714285714
2022-06-27,1140,1175,1115,1155,532200,0.026666666666666616
2022-06-28,1155,1175,1135,1165,271456,0.008658008658008587
2022-06-29,1135,1170,1125,1155,320067,-0.008583690987124415
2022-06-30,1160,1175,1135,1135,405813,-0.017316017316017285
2022-07-01,1140,1160,1110,1130,271010,-0.004405286343612369
2022-07-04,1155,1155,1075,1100,602423,-0.026548672566371723
2022-07-05,1100,1140,1100,1135,257364,0.031818181818181746
2022-07-06,1130,1145,1105,1125,198102,-0.008810572687224627
2022-07-07,1135,1150,1110,1145,246546,0.01777777777777767
2022-07-08,1150,1165,1145,1150,252281,0.004366812227074135
2022-07-11,1150,1165,1140,1150,201815,0.0
2022-07-12,1140,1140,1100,1115,452768,-0.0304347826086957
2022-07-13,1115,1150,1105,1120,233817,0.004484304932735439
2022-07-14,1115,1130,1100,1125,186628,0.0044642857142858094
2022-07-15,1125,1135,1100,1115,186281,-0.008888888888888835
2022-07-18,1120,1150,1120,1150,185447,0.03139013452914807
2022-07-19,1135,1155,1135,1145,177641,-0.004347826086956497
2022-07-20,1160,1170,1145,1155,322541,0.008733624454148492
2022-07-21,1165,1175,1150,1165,221540,0.008658008658008587
2022-07-22,1170,1175,1160,1170,197112,0.0042918454935623185
2022-07-25,1165,1180,1160,1170,202620,0.0
2022-07-26,1170,1180,1165,1170,259025,0.0
2022-07-27,1180,1180,1170,1180,129834,0.008547008547008517
2022-07-28,1190,1195,1170,1180,200277,0.0
2022-07-29,1185,1205,1185,1195,344623,0.012711864406779627
2022-08-01,1195,1210,1185,1205,191261,0.008368200836819994
2022-08-02,1210,1210,1165,1175,295835,-0.024896265560165998
2022-08-03,1180,1210,1170,1200,341892,0.02127659574468077
2022-08-04,1220,1245,1205,1210,597260,0.008333333333333304
2022-08-05,1220,1225,1200,1210,291376,0.0
2022-08-08,1215,1215,1195,1210,142919,0.0
2022-08-09,1215,1215,1175,1190,961774,-0.016528925619834656
2022-08-10,1185,1190,1180,1180,295375,-0.008403361344537785
2022-08-11,1195,1200,1170,1185,484550,0.004237288135593209
2022-08-12,1180,1205,1180,1200,278651,0.012658227848101333
2022-08-16,1210,1225,1200,1210,409264,0.008333333333333304
2022-08-17,1210,1215,1185,1190,446731,-0.016528925619834656
2022-08-18,1180,1190,1155,1165,617422,-0.021008403361344574
2022-08-19,1170,1170,1155,1155,233817,-0.008583690987124415
2022-08-22,1140,1150,1120,1120,415581,-0.030303030303030276
2022-08-23,1110,1115,1095,1095,373829,-0.022321428571428603
2022-08-24,1100,1115,1085,1110,369299,0.013698630136986356
2022-08-25,1110,1155,1110,1145,364543,0.03153153153153143
2022-08-26,1155,1165,1135,1145,269119,0.0
2022-08-29,1125,1125,1100,1110,276590,-0.03056768558951961
2022-08-30,1110,1125,1100,1115,278413,0.0045045045045044585
2022-08-31,1115,1130,1105,1130,155725,0.013452914798206317
2022-09-01,1125,1130,1105,1115,162170,-0.013274336283185861
2022-09-02,1125,1125,1090,1095,269658,-0.017937219730941756
2022-09-05,1100,1105,1085,1085,317322,-0.0091324200913242
2022-09-06,1085,1110,1085,1100,165655,0.01382488479262678
2022-09-07,1110,1115,1065,1100,521459,0.0
2022-09-08,1110,1110,1055,1085,763685,-0.013636363636363669
2022-09-13,1100,1170,1100,1110,3483859,0.02304147465437789
2022-09-14,1070,1090,1060,1085,612620,-0.022522522522522515
2022-09-15,1095,1105,1085,1085,283974,0.0
2022-09-16,1085,1110,1080,1100,433874,0.01382488479262678
2022-09-19,1110,1110,1065,1070,524407,-0.027272727272727226
2022-09-20,1075,1080,1065,1070,250178,0.0
2022-09-21,1065,1075,1055,1065,184635,-0.004672897196261627
2022-09-22,1055,1060,1025,1045,272929,-0.018779342723004744
2022-09-23,1040,1045,1020,1020,324172,-0.02392344497607657
2022-09-26,1005,1010,951,967,655630,-0.05196078431372553
2022-09-27,952,971,952,966,347700,-0.0010341261633919352
2022-09-28,955,997,928,936,729503,-0.03105590062111796
2022-09-29,946,973,931,931,289971,-0.005341880341880323
2022-09-30,911,934,909,916,498804,-0.01611170784103111
2022-10-04,929,943,927,936,236755,0.02183406113537112
2022-10-05,946,952,920,925,265144,-0.01175213675213671
2022-10-06,936,1135,929,993,5980642,0.07351351351351343
2022-10-07,990,1000,976,986,648568,-0.007049345417925457
2022-10-11,971,986,950,952,461565,-0.03448275862068961
2022-10-12,952,964,939,950,454027,-0.0021008403361344463
2022-10-13,941,948,915,916,464912,-0.03578947368421048
2022-10-14,925,970,925,959,320087,0.04694323144104806
2022-10-17,945,960,932,953,243821,-0.006256517205422307
2022-10-18,962,984,953,968,514812,0.015739769150052485
2022-10-19,980,987,962,970,563280,0.0020661157024792765
2022-10-20,969,977,967,977,181369,0.007216494845360799
2022-10-21,980,982,970,975,296800,-0.0020470829068577334
2022-10-24,983,1035,980,982,1295392,0.007179487179487243
2022-10-25,985,987,975,983,210512,0.0010183299389001643
2022-10-26,988,991,975,982,269469,-0.0010172939979654627
2022-10-27,985,993,977,987,264807,0.005091649694501044
2022-10-28,990,995,985,986,197335,-0.0010131712259371373
2022-10-31,997,997,985,992,133461,0.006085192697768749
2022-11-01,992,1015,992,1015,350952,0.02318548387096775
2022-11-02,1015,1020,1005,1010,124087,-0.0049261083743842304
2022-11-03,997,1020,994,1015,147684,0.004950495049504955
2022-11-04,1015,1015,999,1010,133435,-0.0049261083743842304
2022-11-07,1020,1030,1010,1020,154706,0.00990099009900991
2022-11-08,1020,1035,1015,1030,232969,0.009803921568627416
2022-11-09,1030,1055,1030,1035,286009,0.004854368932038833
2022-11-10,1025,1035,1015,1025,156107,-0.009661835748792313
2022-11-11,1050,1055,1035,1045,340291,0.019512195121951237
2022-11-14,1045,1060,1040,1055,199882,0.009569377990430672
2022-11-15,1055,1065,1050,1065,307867,0.009478672985782088
2022-11-16,1060,1065,1040,1050,172179,-0.014084507042253502
2022-11-17,1050,1055,1045,1050,165797,0.0
2022-11-18,1055,1065,1045,1045,155208,-0.004761904761904745
2022-11-21,1045,1055,1035,1035,103255,-0.009569377990430672
2022-11-22,1030,1045,1030,1045,146502,0.009661835748792313
2022-11-23,1050,1060,1040,1055,276256,0.009569377990430672
2022-11-24,1060,1070,1055,1060,205045,0.004739336492890933
2022-11-25,1055,1065,1050,1060,72250,0.0
2022-11-28,1060,1065,1035,1040,140900,-0.018867924528301883
2022-11-29,1035,1065,1030,1050,113903,0.009615384615384581
2022-11-30,1040,1060,1040,1060,252356,0.00952380952380949
2022-12-01,1065,1075,1060,1070,332172,0.009433962264151052
2022-12-02,1080,1095,1070,1090,281967,0.01869158878504673
2022-12-05,1085,1105,1085,1095,293888,0.004587155963302836
2022-12-06,1085,1090,1065,1065,224093,-0.0273972602739726
2022-12-07,1065,1090,1050,1080,272595,0.014084507042253502
2022-12-08,1090,1090,1060,1090,276823,0.0092592592592593
2022-12-09,1095,1100,1075,1080,142830,-0.00917431192660545
2022-12-12,1075,1085,1065,1075,160534,-0.00462962962962965
2022-12-13,1075,1090,1070,1075,101561,0.0
2022-12-14,1080,1085,1070,1070,131807,-0.0046511627906976605
2022-12-15,1070,1090,1070,1085,116894,0.014018691588784993
2022-12-16,1070,1075,1045,1045,575736,-0.03686635944700456
2022-12-19,1050,1060,1045,1050,108924,0.004784688995215225
2022-12-20,1045,1055,1025,1035,251857,-0.014285714285714235
2022-12-21,1045,1045,1030,1030,146318,-0.004830917874396157
2022-12-22,1035,1045,1030,1035,185622,0.004854368932038833
2022-12-23,1030,1050,1025,1040,132303,0.004830917874396157
2022-12-26,1035,1050,1030,1035,156649,-0.004807692307692291
2022-12-27,1035,1045,1035,1045,113973,0.009661835748792313
2022-12-28,1025,1040,1025,1025,138401,-0.019138755980861233
2022-12-29,1030,1030,991,1000,402207,-0.024390243902439046
2023-01-02,997,1095,989,989,1566420,-0.01100000000000001
2023-01-03,981,1030,956,989,565243,0.0
2023-01-04,978,1010,978,1000,142482,0.011122345803842304
2023-01-05,1005,1005,997,999,158070,-0.0010000000000000009
2023-01-06,1000,1010,993,998,174346,-0.0010010010010009784
2023-01-09,1000,1025,1000,1015,211661,0.017034068136272618
2023-01-10,1010,1035,1010,1030,93701,0.014778325123152802
2023-01-11,1035,1045,1030,1035,100145,0.004854368932038833
2023-01-12,1045,1050,1035,1045,241147,0.009661835748792313
2023-01-13,1050,1060,1045,1045,196102,0.0
2023-01-16,1050,1060,1040,1045,202713,0.0
2023-01-17,1050,1060,1045,1055,226428,0.009569377990430672
2023-01-18,1050,1065,1050,1060,240309,0.004739336492890933
2023-01-19,1055,1075,1055,1075,187022,0.014150943396226356
2023-01-20,1065,1080,1060,1075,188118,0.0
2023-01-25,1077,1083,1074,1078,311879,0.0027906976744185297
2023-01-26,1071,1086,1071,1080,275268,0.0018552875695732052
2023-01-27,1084,1120,1084,1119,640838,0.036111111111111205
2023-01-30,1120,1121,1092,1097,384246,-0.01966041108132266
2023-01-31,1097,1109,1088,1102,321336,0.004557885141294404
2023-02-01,1102,1111,1102,1107,269898,0.00453720508166966
2023-02-02,1108,1120,1108,1119,244998,0.01084010840108407
2023-02-03,1121,1126,1109,1117,231212,-0.0017873100983020196
2023-02-06,1117,1142,1107,1138,595646,0.018800358102059045
2023-02-07,1133,1138,1124,1125,320697,-0.011423550087873435
2023-02-08,1132,1132,1123,1130,196842,0.004444444444444473
2023-02-09,1129,1135,1125,1134,196618,0.003539823008849474
2023-02-10,1139,1139,1116,1116,393278,-0.015873015873015928
2023-02-13,1116,1130,1105,1108,235102,-0.007168458781361964
2023-02-14,1108,1126,1108,1121,246419,0.011732851985559511
2023-02-15,1125,1135,1094,1101,313757,-0.017841213202497763
2023-02-16,1101,1121,1101,1118,274099,0.015440508628519423
2023-02-17,1117,1119,1110,1117,133907,-0.0008944543828264262
2023-02-20,1122,1127,1113,1119,211233,0.001790510295434089
2023-02-21,1130,1211,1127,1180,2587641,0.05451295799821265
2023-02-22,1169,1180,1140,1154,683301,-0.02203389830508473
2023-02-23,1154,1165,1131,1135,339712,-0.016464471403812797
2023-02-24,1142,1142,1104,1108,434311,-0.023788546255506637
2023-02-27,1107,1107,1083,1089,228579,-0.017148014440433235
2023-02-28,1089,1097,1088,1091,139797,0.0018365472910928382
2023-03-02,1091,1100,1090,1097,92287,0.005499541704858002
2023-03-03,1107,1107,1095,1104,90236,0.006381039197812299
2023-03-06,1113,1113,1100,1105,164801,0.0009057971014492239
2023-03-07,1117,1124,1100,1121,245785,0.014479638009049722
2023-03-08,1116,1117,1110,1110,243626,-0.009812667261373753
2023-03-09,1111,1131,1107,1122,264734,0.0108108108108107
2023-03-10,1110,1121,1108,1118,189358,-0.0035650623885917776
2023-03-13,1106,1107,1089,1104,168016,-0.012522361359570633
2023-03-14,1094,1094,1063,1071,276477,-0.029891304347826053
2023-03-15,1076,1086,1071,1076,304744,0.00466853408029877
2023-03-16,1060,1076,1057,1064,212586,-0.01115241635687736
2023-03-17,1065,1077,1053,1053,827712,-0.010338345864661647
2023-03-20,1067,1076,1051,1052,371891,-0.0009496676163343043
2023-03-21,1064,1064,1047,1054,211883,0.0019011406844107182
2023-03-22,1054,1055,1029,1031,300882,-0.0218216318785579
2023-03-23,1031,1031,1016,1017,227914,-0.013579049466537318
2023-03-24,1017,1017,1007,1014,214366,-0.002949852507374673
2023-03-27,1014,1019,1000,1014,382667,0.0
2023-03-28,1009,1045,1009,1042,171779,0.027613412228796763
2023-03-29,1042,1087,1039,1082,452781,0.03838771593090207
2023-03-30,1077,1150,1073,1119,945035,0.03419593345656202
2023-03-31,1113,1131,1107,1108,338476,-0.009830205540661274
2023-04-03,1115,1129,1112,1116,278093,0.0072202166064982976
2023-04-04,1118,1146,1118,1129,616760,0.011648745519713177
2023-04-05,1137,1137,1111,1113,297596,-0.01417183348095663
2023-04-06,1125,1125,1086,1091,256750,-0.019766397124887702
2023-04-07,1085,1102,1085,1089,167064,-0.0018331805682859637
2023-04-10,1088,1088,1061,1061,231405,-0.025711662075298403
2023-04-11,1061,1100,1061,1092,457791,0.029217719132893505
2023-04-12,1092,1107,1091,1096,278247,0.00366300366300365
2023-04-13,1090,1104,1083,1097,184432,0.0009124087591241281
2023-04-14,1100,1115,1098,1109,185939,0.010938924339106704
2023-04-17,1108,1117,1101,1112,266712,0.0027051397655546428
2023-04-18,1112,1115,1090,1090,207638,-0.01978417266187049
2023-04-19,1090,1097,1085,1094,315496,0.003669724770642091
2023-04-20,1091,1098,1084,1086,207396,-0.007312614259597838
2023-04-21,1089,1089,1072,1077,165642,-0.008287292817679592
2023-04-24,1077,1085,1059,1061,213384,-0.014856081708449431
2023-04-25,1068,1068,1038,1041,333625,-0.018850141376060336
2023-04-26,1034,1088,1034,1068,337909,0.025936599423631135
2023-04-27,1070,1078,1058,1064,95449,-0.0037453183520599342
2023-04-28,1064,1076,1056,1057,155181,-0.006578947368421018
2023-05-02,1050,1077,1050,1061,141195,0.0037842951750235443
2023-05-03,1059,1064,1051,1057,99729,-0.0037700282752121117
2023-05-04,1055,1074,1050,1065,172809,0.007568590350047311
2023-05-08,1050,1075,1050,1068,204307,0.0028169014084507005
2023-05-09,1067,1074,1060,1062,135935,-0.005617977528089901
2023-05-10,1063,1066,1057,1062,162418,0.0
2023-05-11,1073,1073,1061,1067,49976,0.00470809792843685
2023-05-12,1067,1069,1057,1061,76845,-0.005623242736644829
2023-05-15,1065,1065,1037,1040,297684,-0.01979264844486328
2023-05-16,1045,1048,1026,1032,298012,-0.007692307692307665
2023-05-17,1032,1039,1031,1034,83849,0.0019379844961240345
2023-05-18,1044,1049,1035,1046,114668,0.011605415860735047
2023-05-19,1049,1059,1047,1054,121074,0.007648183556405286
2023-05-22,1054,1067,1054,1060,133387,0.005692599620493288
2023-05-23,1058,1066,1056,1057,97651,-0.002830188679245338
2023-05-24,1057,1059,1046,1057,114615,0.0
2023-05-25,1065,1065,1049,1053,106400,-0.0037842951750236553
2023-05-26,1054,1058,1042,1042,134463,-0.010446343779677125
2023-05-30,1052,1052,1038,1043,111167,0.0009596928982724684
2023-05-31,1043,1055,1043,1045,97909,0.0019175455417066445
2023-06-01,1044,1046,1030,1036,410865,-0.008612440191387516
2023-06-02,1046,1064,1041,1050,301827,0.013513513513513598
2023-06-05,1057,1067,1054,1063,196944,0.012380952380952381
2023-06-07,1064,1071,1062,1064,132193,0.0009407337723423836
2023-06-08,1064,1065,1055,1058,102111,-0.005639097744360888
2023-06-09,1060,1081,1060,1078,196249,0.018903591682419618
2023-06-12,1078,1085,1072,1078,273768,0.0
2023-06-13,1078,1083,1073,1075,165099,-0.002782931354359919
2023-06-14,1080,1080,1059,1060,436564,-0.013953488372092981
2023-06-15,1060,1070,1053,1054,129909,-0.005660377358490565
2023-06-16,1056,1062,1032,1032,387121,-0.020872865275142316
2023-06-19,1041,1051,1032,1048,366164,0.015503875968992276
2023-06-20,1044,1049,1041,1044,226279,-0.003816793893129722
2023-06-21,1043,1044,1030,1033,261897,-0.010536398467432928
2023-06-22,1034,1049,1031,1036,202906,0.0029041626331074433
2023-06-23,1037,1046,1027,1037,142048,0.0009652509652509078
2023-06-26,1037,1047,1030,1044,97599,0.0067502410800386325
2023-06-27,1051,1051,1035,1039,113961,-0.004789272030651381
2023-06-28,1043,1043,1033,1040,160734,0.0009624639076035724
2023-06-29,1043,1043,1034,1037,93653,-0.0028846153846153744
2023-06-30,1034,1047,1029,1047,144664,0.009643201542912205
2023-07-03,1043,1053,1043,1049,253284,0.0019102196752627254
2023-07-04,1049,1053,1043,1049,177214,0.0
2023-07-05,1055,1063,1049,1053,163054,0.0038131553860820677
2023-07-06,1053,1053,1031,1034,282316,-0.018043684710351338
2023-07-07,1029,1029,1017,1026,314836,-0.007736943907156624
2023-07-10,1024,1024,1003,1004,487555,-0.021442495126705707
2023-07-11,1010,1015,1006,1012,93364,0.007968127490039834
2023-07-12,1013,1015,1006,1009,131545,-0.0029644268774703386
2023-07-13,1009,1014,1006,1007,131413,-0.001982160555004997
2023-07-14,1010,1010,1003,1004,185728,-0.002979145978152964
2023-07-17,1004,1010,998,1009,201100,0.004980079681274896
2023-07-18,1009,1012,1001,1004,155728,-0.0049554013875123815
2023-07-19,1004,1008,997,998,228542,-0.005976095617529875
2023-07-20,996,1001,992,992,261041,-0.006012024048096198
2023-07-21,990,995,983,990,264884,-0.0020161290322581182
2023-07-24,990,990,949,958,627927,-0.03232323232323231
2023-07-25,955,958,935,940,355681,-0.018789144050104345
2023-07-26,912,939,896,904,1054719,-0.03829787234042559
2023-07-27,908,927,901,920,429230,0.017699115044247815
2023-07-28,908,948,908,944,274399,0.026086956521739202
2023-07-31,954,962,946,958,166266,0.014830508474576343
2023-08-01,966,968,949,960,188047,0.0020876826722338038
2023-08-02,959,982,953,967,186167,0.007291666666666696
2023-08-03,963,997,952,987,320151,0.020682523267838704
2023-08-04,979,993,976,985,165025,-0.0020263424518743856
2023-08-07,985,987,965,977,170007,-0.008121827411167515
2023-08-08,977,990,959,961,214306,-0.016376663254861867
2023-08-09,961,997,958,984,237461,0.02393340270551514
2023-08-10,992,1016,984,1015,340757,0.0315040650406504
2023-08-11,1010,1043,1010,1041,381181,0.025615763546797954
2023-08-14,1039,1040,1013,1019,250345,-0.02113352545629199
2023-08-16,1024,1026,995,1013,265616,-0.0058881256133463955
2023-08-17,1012,1012,998,1008,159224,-0.0049358341559723184
2023-08-18,1007,1018,999,1005,248791,-0.0029761904761904656
2023-08-21,1005,1020,1004,1006,229564,0.0009950248756218638
2023-08-22,1007,1018,996,1001,134044,-0.00497017892644136
2023-08-23,1000,1009,999,1002,82522,0.0009990009990010762
2023-08-24,1003,1003,994,998,122535,-0.003992015968063867
2023-08-25,997,1009,995,1001,120782,0.0030060120240480437
2023-08-28,1001,1037,999,1025,575857,0.023976023976024052
2023-08-29,1025,1030,1014,1015,223180,-0.009756097560975618
2023-08-30,1016,1022,1012,1021,158682,0.005911330049261032
2023-08-31,1021,1035,1019,1033,205355,0.011753183153770719
2023-09-01,1029,1038,1022,1023,234568,-0.009680542110358181
2023-09-04,1024,1025,1013,1018,120466,-0.004887585532746819
2023-09-05,1020,1024,1016,1018,143421,0.0
2023-09-06,1027,1027,1015,1019,91349,0.0009823182711199419
2023-09-07,1020,1026,1012,1015,94141,-0.003925417075564264
2023-09-08,1016,1019,1010,1014,84964,-0.0009852216748768017
2023-09-11,1016,1016,1009,1012,136879,-0.0019723865877712132
2023-09-12,1010,1017,1009,1010,164942,-0.0019762845849802257
2023-09-13,1009,1016,1005,1013,127705,0.002970297029702973
2023-09-14,1014,1032,1014,1028,196904,0.014807502467917066
2023-09-15,1034,1034,1026,1031,304122,0.0029182879377431803
2023-09-18,1032,1047,1030,1039,407067,0.007759456838021261
2023-09-19,1060,1060,1031,1034,426909,-0.004812319538017307
2023-09-20,1030,1042,1030,1037,199373,0.0029013539651836506
2023-09-21,1037,1037,1021,1024,138809,-0.012536162005785889
2023-09-22,1018,1040,1014,1027,180115,0.0029296875
2023-09-25,1026,1028,1010,1011,158150,-0.015579357351509282
2023-09-26,1011,1025,998,1005,112058,-0.005934718100890191
2023-09-27,997,1004,979,1000,370681,-0.00497512437810943
2023-10-04,1000,1000,977,977,210739,-0.02300000000000002
2023-10-05,981,988,969,976,166293,-0.0010235414534288667
2023-10-06,976,985,969,983,192175,0.0071721311475410054
2023-10-10,993,993,979,979,152233,-0.004069175991861629
2023-10-11,979,995,979,981,144710,0.0020429009193054792
2023-10-12,988,995,981,992,256196,0.011213047910295648
2023-10-13,987,995,987,991,100595,-0.0010080645161290036
2023-10-16,990,990,979,985,160168,-0.006054490413723523
2023-10-17,985,992,985,988,87586,0.003045685279187804
2023-10-18,995,995,982,987,67884,-0.0010121457489878916
2023-10-19,982,987,961,967,194560,-0.020263424518743633
2023-10-20,961,970,946,965,242730,-0.0020682523267838704
2023-10-23,946,981,946,981,277605,0.01658031088082912
2023-10-24,1017,1036,981,993,1185922,0.012232415902140747
2023-10-25,995,1032,994,1022,833176,0.02920443101711978
2023-10-26,1007,1010,984,993,326647,-0.02837573385518588
2023-10-27,985,1004,985,990,159047,-0.0030211480362537513
2023-10-30,991,1006,986,1001,179706,0.011111111111111072
2023-10-31,1010,1013,989,993,188048,-0.007992007992007943
2023-11-01,993,1000,985,987,125773,-0.0060422960725075026
2023-11-02,995,1006,990,1000,232605,0.01317122593718345
2023-11-03,1005,1006,997,1000,57114,0.0
2023-11-06,1006,1012,1000,1004,134130,0.0040000000000000036
2023-11-07,995,1003,994,999,91119,-0.004980079681274896
2023-11-08,1001,1004,992,1002,131577,0.0030030030030030463
2023-11-09,996,1015,996,997,74069,-0.004990019960079861
2023-11-10,997,1000,989,997,109264,0.0
2023-11-13,1003,1003,986,989,158648,-0.008024072216649913
2023-11-14,992,1001,990,991,90261,0.002022244691607611
2023-11-15,994,1003,992,998,158724,0.007063572149344166
2023-11-16,996,1005,996,999,149416,0.0010020040080160886
2023-11-17,998,1022,996,999,210131,0.0
2023-11-20,999,1009,998,1003,108366,0.004004004004003914
2023-11-21,1006,1009,1003,1003,80786,0.0
2023-11-22,1007,1107,1004,1055,4551705,0.05184446660019937
2023-11-23,1035,1055,1028,1047,685773,-0.00758293838862556
2023-11-24,1052,1053,1031,1031,362342,-0.015281757402101248
2023-11-27,1031,1035,1005,1008,451143,-0.022308438409311293
2023-11-28,1012,1049,1012,1022,568230,0.01388888888888884
2023-11-29,1022,1028,1017,1021,149449,-0.0009784735812132794
2023-11-30,1017,1025,1011,1014,158227,-0.006856023506366271
2023-12-01,1014,1022,1006,1015,122475,0.0009861932938854956
2023-12-04,1015,1030,1006,1028,214167,0.012807881773398977
2023-12-05,1028,1028,1000,1004,355409,-0.023346303501945553
2023-12-06,1006,1014,1002,1004,349945,0.0
2023-12-07,1007,1013,1001,1007,202148,0.0029880478087649376
2023-12-08,1007,1016,1005,1013,162609,0.005958291956305928
2023-12-11,1012,1022,1012,1018,155193,0.0049358341559724295
2023-12-12,1021,1024,1016,1022,221703,0.003929273084479323
2023-12-13,1025,1026,1019,1022,168605,0.0
2023-12-14,1026,1028,1020,1021,120870,-0.0009784735812132794
2023-12-15,1021,1038,1021,1038,227469,0.016650342801175277
2023-12-18,1039,1039,1028,1028,158578,-0.009633911368015391
2023-12-19,1030,1030,1023,1027,127680,-0.0009727626459143934
2023-12-20,1029,1034,1028,1033,153215,0.0058422590068158975
2023-12-21,1032,1034,1028,1030,121512,-0.0029041626331074433
2023-12-22,1034,1034,1023,1030,211967,0.0
2023-12-26,1029,1036,1026,1031,160891,0.000970873786407811
2023-12-27,1020,1027,1001,1007,245385,-0.023278370514064006
2023-12-28,1004,1013,998,999,275593,-0.00794438927507446
2024-01-02,1001,1003,977,980,499493,-0.019019019019019034
2024-01-03,981,983,968,970,351316,-0.010204081632653073
2024-01-04,960,974,959,966,174936,-0.004123711340206171
2024-01-05,966,986,966,975,211087,0.009316770186335477
2024-01-08,985,986,972,972,91829,-0.003076923076923088
2024-01-09,981,981,970,979,99835,0.007201646090535085
2024-01-10,980,981,969,971,80087,-0.008171603677221695
2024-01-11,972,979,969,979,70118,0.008238928939237944
2024-01-12,980,982,965,972,154417,-0.007150153217568955
2024-01-15,967,976,967,971,88876,-0.0010288065843621075
2024-01-16,971,974,963,968,102796,-0.003089598352214229
2024-01-17,963,968,937,941,337844,-0.02789256198347112
2024-01-18,934,949,934,941,141867,0.0
2024-01-19,942,951,927,932,282991,-0.009564293304994642
2024-01-22,932,935,905,911,461157,-0.022532188841201672
2024-01-23,910,926,908,920,157672,0.009879253567508295
2024-01-24,920,922,913,913,146796,-0.007608695652173925
2024-01-25,913,913,900,904,195494,-0.009857612267250793
2024-01-26,910,933,910,920,128234,0.017699115044247815
2024-01-29,926,926,914,919,107242,-0.0010869565217391797
2024-01-30,918,945,918,945,131375,0.028291621327529937
2024-01-31,942,954,929,929,227804,-0.016931216931216908
2024-02-01,920,955,920,950,227055,0.022604951560817987
2024-02-02,951,977,949,968,237280,0.0189473684210526
2024-02-05,971,1012,971,982,829083,0.01446280991735538
2024-02-06,991,999,980,991,374504,0.009164969450101923
2024-02-07,991,1005,987,999,327203,0.008072653884964698
2024-02-08,1000,1006,991,996,274469,-0.0030030030030030463
2024-02-13,996,1005,996,999,203056,0.003012048192771122
2024-02-14,991,999,991,997,170412,-0.002002002002001957
2024-02-15,997,1000,985,988,317310,-0.009027081243731194
2024-02-16,993,997,980,989,281648,0.0010121457489877805
2024-02-19,989,1003,988,997,194623,0.008088978766430666
2024-02-20,1000,1007,998,1005,245347,0.008024072216650024
2024-02-21,1003,1023,999,1022,488909,0.01691542288557213
2024-02-22,1024,1028,1018,1025,298024,0.0029354207436398383
2024-02-23,1017,1025,1006,1018,351047,-0.006829268292682933
2024-02-26,1013,1021,992,994,456868,-0.023575638506876273
2024-02-27,989,1009,988,990,224559,-0.004024144869215318
2024-02-28,994,999,989,993,180479,0.003030303030302939
2024-02-29,996,1003,985,987,252042,-0.0060422960725075026
2024-03-04,988,1007,987,998,259258,0.011144883485308954
2024-03-05,998,1004,988,989,138405,-0.009018036072144242
2024-03-06,987,991,975,976,157007,-0.013144590495449915
2024-03-07,976,996,971,973,117026,-0.0030737704918032405
2024-03-08,973,982,970,971,136174,-0.0020554984583761593
2024-03-11,971,971,962,966,106732,-0.005149330587023715
2024-03-12,965,977,961,967,122000,0.0010351966873705098
2024-03-13,970,975,963,964,95750,-0.0031023784901758056
2024-03-14,960,985,960,974,123159,0.010373443983402453
2024-03-15,992,992,968,975,150745,0.0010266940451746365
2024-03-18,975,982,964,975,88315,0.0
2024-03-19,980,980,960,962,151613,-0.013333333333333308
2024-03-20,968,974,953,966,277798,0.004158004158004047
2024-03-21,971,981,968,974,139524,0.008281573498964745
2024-03-22,972,980,966,977,106028,0.0030800821355236874
2024-03-25,977,987,974,977,208804,0.0
2024-03-26,975,990,973,980,241573,0.003070624360286489
2024-03-27,981,987,976,987,115570,0.0071428571428571175
2024-03-28,987,988,976,979,116943,-0.008105369807497431
2024-03-29,980,981,961,965,165544,-0.01430030643513791
2024-04-01,965,969,957,964,218783,-0.0010362694300518616
2024-04-02,970,970,945,947,207914,-0.01763485477178428
2024-04-03,946,949,936,940,144802,-0.007391763463569179
2024-04-04,948,949,920,939,120790,-0.0010638297872340718
2024-04-05,932,950,932,938,101753,-0.0010649627263046302
2024-04-08,938,941,916,926,265022,-0.01279317697228144
2024-04-09,921,938,921,924,129261,-0.002159827213822907
2024-04-11,911,930,911,923,88478,-0.0010822510822511289
2024-04-12,923,925,916,922,136968,-0.0010834236186348933
2024-04-15,920,920,913,919,89522,-0.0032537960954447387
2024-04-16,911,919,894,907,478648,-0.01305767138193692
2024-04-17,901,915,901,907,134092,0.0
2024-04-18,910,920,909,915,129158,0.008820286659316334
2024-04-19,915,917,906,916,169212,0.0010928961748633004
2024-04-22,916,926,914,918,107615,0.0021834061135370675
2024-04-23,926,949,919,921,436822,0.0032679738562091387
2024-04-24,933,933,913,925,135204,0.004343105320304019
2024-04-25,918,927,918,925,40140,0.0
2024-04-26,925,928,920,921,88882,-0.00432432432432428
2024-04-29,922,928,921,927,58443,0.006514657980456029
2024-04-30,929,933,923,925,96039,-0.0021574973031284195
2024-05-02,921,928,918,922,81199,-0.00324324324324321
2024-05-03,923,931,923,929,112574,0.00759219088937102
2024-05-07,926,935,918,920,219051,-0.009687836383207804
2024-05-08,926,931,914,915,153577,-0.005434782608695676
2024-05-09,918,935,916,918,86127,0.003278688524590123
2024-05-10,919,926,916,918,100233,0.0
2024-05-13,918,919,911,914,140420,-0.004357298474945481
2024-05-14,910,917,910,914,78844,0.0
2024-05-16,916,918,910,914,175518,0.0
2024-05-17,914,915,908,914,127394,0.0
2024-05-20,913,924,906,909,132301,-0.005470459518599591
2024-05-21,908,916,904,904,146946,-0.005500550055005493
2024-05-22,910,910,904,907,91540,0.0033185840707965486
2024-05-23,905,910,904,906,192488,-0.0011025358324145973
2024-05-24,902,907,900,902,202930,-0.004415011037527616
2024-05-27,901,910,899,901,131040,-0.0011086474501108556
2024-05-28,903,905,899,900,297371,-0.0011098779134295356
2024-05-29,899,901,888,890,346503,-0.011111111111111072
2024-05-30,890,897,884,890,219965,0.0
2024-05-31,890,897,882,891,330972,0.0011235955056179137
2024-06-03,891,905,890,904,239283,0.014590347923681302
2024-06-04,904,905,895,895,173521,-0.009955752212389424
2024-06-05,899,920,889,903,357794,0.00893854748603351
2024-06-07,917,917,902,907,126679,0.0044296788482836025
2024-06-10,907,910,900,902,105783,-0.005512679162072764
2024-06-11,900,907,892,892,162281,-0.011086474501108667
2024-06-12,892,900,884,893,274259,0.0011210762331839152
2024-06-13,895,895,888,890,131214,-0.0033594624860022737
2024-06-14,890,897,885,890,84547,0.0
2024-06-17,899,899,883,887,100115,-0.003370786516853963
2024-06-18,888,888,881,887,199287,0.0
2024-06-19,884,890,882,882,218853,-0.005636978579481422
2024-06-20,881,890,881,886,165050,0.0045351473922903285
2024-06-21,887,898,881,881,159818,-0.0056433408577878375
2024-06-24,881,889,880,882,156641,0.0011350737797957144
2024-06-25,883,889,881,884,72549,0.0022675736961450532
2024-06-26,884,888,878,882,341968,-0.002262443438914019
2024-06-27,883,886,872,879,248202,-0.003401360544217691
2024-06-28,872,880,870,878,220377,-0.0011376564277588708
2024-07-01,872,880,872,877,84614,-0.001138952164009166
2024-07-02,877,881,871,876,102784,-0.0011402508551880963
2024-07-03,873,879,870,871,71351,-0.005707762557077611
2024-07-04,861,872,861,864,227310,-0.008036739380022917
2024-07-05,865,873,865,870,58369,0.00694444444444442
2024-07-08,875,880,866,871,154656,0.0011494252873562871
2024-07-09,870,875,869,871,80916,0.0
2024-07-10,872,874,869,872,514445,0.0011481056257176547
2024-07-11,872,876,855,867,391213,-0.005733944954128489
2024-07-12,865,868,862,864,78589,-0.0034602076124568004
2024-07-15,864,867,856,859,209077,-0.0057870370370370905
2024-07-16,861,862,855,858,102688,-0.0011641443538998875
2024-07-17,860,864,855,859,207304,0.0011655011655011815
2024-07-18,857,859,852,858,119819,-0.0011641443538998875
2024-07-19,857,859,846,851,189461,-0.00815850815850816
2024-07-22,848,849,841,844,139458,-0.008225616921269108
2024-07-23,849,849,828,837,299651,-0.008293838862559189
2024-07-24,836,836,823,825,265596,-0.014336917562724039
2024-07-25,824,824,817,818,142682,-0.00848484848484854
2024-07-26,811,829,811,829,162182,0.01344743276283622
2024-07-29,830,837,829,837,93456,0.00965018094089265
2024-07-30,838,840,822,829,117947,-0.009557945041816063
2024-07-31,838,853,832,845,471952,0.0193003618817853
2024-08-01,845,851,833,840,199249,-0.00591715976331364
2024-08-02,833,837,819,820,254200,-0.023809523809523836
2024-08-05,818,818,746,747,1287535,-0.08902439024390241
2024-08-06,734,793,734,778,282951,0.041499330655957234
2024-08-07,780,802,776,802,182734,0.03084832904884327
2024-08-08,756,787,756,781,585588,-0.026184538653366562
2024-08-09,782,797,782,789,185061,0.010243277848911658
2024-08-12,791,799,789,795,84295,0.0076045627376426506
2024-08-13,796,798,785,791,156923,-0.005031446540880502
2024-08-14,800,803,792,802,79601,0.013906447534766109
2024-08-16,803,814,803,810,73101,0.009975062344139696
2024-08-19,808,810,800,805,114690,-0.006172839506172867
2024-08-20,804,815,800,815,60694,0.012422360248447228
2024-08-21,815,822,809,816,61642,0.0012269938650306678
2024-08-22,816,820,800,814,105249,-0.002450980392156854
2024-08-23,803,815,803,811,36781,-0.0036855036855036882
2024-08-26,811,826,804,818,140720,0.008631319358816336
2024-08-27,814,835,814,834,110966,0.019559902200489088
2024-08-28,834,836,825,825,115613,-0.010791366906474864
2024-08-29,823,823,813,813,45733,-0.014545454545454528
2024-08-30,813,821,802,814,86965,0.0012300123001229846
2024-09-02,812,824,807,811,75322,-0.0036855036855036882
2024-09-03,810,844,806,844,69161,0.040690505548705236
2024-09-04,830,832,808,815,222799,-0.034360189573459765
2024-09-05,816,832,811,816,41853,0.0012269938650306678
2024-09-06,812,815,792,795,224887,-0.02573529411764708
2024-09-09,791,806,787,805,99583,0.012578616352201255
2024-09-10,808,808,793,796,101845,-0.011180124223602483
2024-09-11,796,804,791,797,96753,0.0012562814070351536
2024-09-12,799,807,799,807,42020,0.012547051442910906
2024-09-13,806,809,798,805,167682,-0.0024783147459727095
2024-09-19,805,807,799,802,61569,-0.003726708074534124
2024-09-20,803,808,799,799,107405,-0.0037406483790524137
2024-09-23,796,801,792,796,82125,-0.003754693366708417
2024-09-24,798,800,791,798,83699,0.002512562814070307
2024-09-25,799,804,795,798,173566,0.0
2024-09-26,798,804,796,802,136267,0.005012531328320913
2024-09-27,799,803,797,802,94794,0.0
2024-09-30,800,806,798,802,83386,0.0
2024-10-02,798,802,793,800,87944,-0.0024937655860348684
2024-10-04,799,805,795,801,80939,0.0012499999999999734
2024-10-07,804,807,798,800,68111,-0.0012484394506866447
2024-10-08,802,804,786,786,105284,-0.01749999999999996
2024-10-10,791,794,781,788,109368,0.0025445292620864812
2024-10-11,788,795,783,794,119183,0.0076142131979695105
2024-10-14,795,801,784,786,71433,-0.010075566750629705
2024-10-15,794,796,786,788,60904,0.0025445292620864812
2024-10-16,782,797,781,795,127907,0.008883248730964466
2024-10-17,795,797,786,790,29658,-0.0062893081761006275
2024-10-18,789,796,778,780,105150,-0.012658227848101222
2024-10-21,780,787,780,785,23639,0.0064102564102563875
2024-10-22,776,785,773,774,113103,-0.014012738853503182
2024-10-23,773,776,750,753,287531,-0.027131782945736482
2024-10-24,758,758,752,755,86071,0.0026560424966799445
2024-10-25,756,756,743,755,133309,0.0
2024-10-28,755,763,750,758,56920,0.003973509933774766
2024-10-29,761,763,753,758,105252,0.0
2024-10-30,757,765,757,759,60252,0.0013192612137202797
2024-10-31,758,762,758,762,45131,0.0039525691699604515
2024-11-01,762,773,759,770,54961,0.01049868766404205
2024-11-04,768,775,761,767,220870,-0.003896103896103842
2024-11-05,765,770,765,769,45143,0.0026075619295957697
2024-11-06,765,775,763,768,159984,-0.0013003901170350884
2024-11-07,768,768,758,764,68379,-0.00520833333333337
2024-11-08,764,769,759,763,59994,-0.0013089005235602524
2024-11-11,763,764,750,757,154730,-0.007863695937090465
2024-11-12,753,762,746,748,256982,-0.011889035667106973
2024-11-13,745,755,730,745,289246,-0.004010695187165791
2024-11-14,744,750,737,745,87355,0.0
2024-11-15,744,753,737,743,145217,-0.0026845637583892135
2024-11-18,743,800,732,799,895930,0.07537012113055175
2024-11-19,825,890,821,827,4489570,0.03504380475594493
2024-11-20,815,840,808,829,769214,0.002418379685610539
2024-11-21,829,844,819,828,587380,-0.0012062726176115257
2024-11-22,830,868,825,868,922537,0.048309178743961345
2024-11-25,868,875,818,831,945098,-0.04262672811059909
2024-11-26,831,834,818,825,189791,-0.0072202166064981865
2024-11-27,824,824,803,806,213669,-0.023030303030303068
2024-11-28,806,812,796,805,230374,-0.001240694789081842
2024-11-29,803,804,789,796,175094,-0.011180124223602483
2024-12-02,796,796,773,777,184835,-0.023869346733668362
2024-12-03,775,785,767,778,111667,0.0012870012870012104
2024-12-04,753,776,748,762,326283,-0.020565552699228773
2024-12-05,763,768,750,758,134282,-0.005249343832021025
2024-12-06,753,760,728,748,367412,-0.01319261213720313
2024-12-09,732,736,716,717,610165,-0.041443850267379734
2024-12-10,706,749,706,745,340749,0.03905160390516049
2024-12-11,745,763,740,762,101112,0.02281879194630876
2024-12-12,771,778,753,776,457214,0.018372703412073532
2024-12-13,775,780,765,766,269986,-0.012886597938144284
2024-12-16,768,778,762,763,232981,-0.003916449086161844
2024-12-17,764,769,760,768,117688,0.006553079947575258
2024-12-18,761,771,761,765,129606,-0.00390625
2024-12-19,763,763,751,758,135716,-0.009150326797385588
2024-12-20,753,761,747,752,172118,-0.0079155672823219
2024-12-23,752,759,751,758,142059,0.007978723404255428
2024-12-24,762,762,755,760,110886,0.0026385224274405594
2024-12-26,761,761,748,756,323276,-0.0052631578947368585
2024-12-27,740,741,690,700,1396991,-0.07407407407407407
2024-12-30,700,715,692,694,675429,-0.008571428571428563
2025-01-02,698,703,689,693,271819,-0.0014409221902017544
2025-01-03,693,704,692,700,319565,0.010101010101010166
2025-01-06,701,711,700,707,184500,0.010000000000000009
2025-01-07,711,713,700,700,219844,-0.00990099009900991
2025-01-08,700,714,700,711,246359,0.01571428571428579
2025-01-09,712,715,706,706,68267,-0.007032348804500654
2025-01-10,707,714,706,712,101466,0.008498583569405138
2025-01-13,710,712,702,702,140718,-0.014044943820224698
2025-01-14,702,709,702,707,64546,0.007122507122507171
2025-01-15,706,709,699,700,108896,-0.00990099009900991
2025-01-16,702,705,699,703,131683,0.004285714285714226
2025-01-17,700,706,696,703,140677,0.0
2025-01-20,707,707,696,698,265994,-0.007112375533428139
2025-01-21,699,703,697,701,142731,0.004297994269341077
2025-01-22,702,707,700,703,149233,0.0028530670470756636
2025-01-23,705,705,698,702,79736,-0.0014224751066855834
2025-01-24,701,708,700,708,123710,0.008547008547008517
2025-01-31,708,708,697,702,144256,-0.008474576271186418
2025-02-03,698,699,677,681,379213,-0.02991452991452992
2025-02-04,681,690,681,685,113487,0.005873715124816492
2025-02-05,685,706,684,688,185181,0.004379562043795637
2025-02-06,688,694,685,692,296635,0.005813953488372103
2025-02-07,687,693,678,680,327472,-0.017341040462427793
2025-02-10,677,681,665,665,940425,-0.022058823529411797
2025-02-11,667,679,664,676,670561,0.016541353383458635
2025-02-12,676,677,658,658,800939,-0.026627218934911268
2025-02-13,667,672,655,658,567932,0.0
2025-02-14,658,666,657,658,285313,0.0
2025-02-17,658,681,658,675,376720,0.02583586626139822
2025-02-18,673,675,668,673,100719,-0.002962962962962945
2025-02-19,672,678,670,675,170444,0.002971768202080227
2025-02-20,673,676,670,670,179168,-0.007407407407407418
2025-02-21,670,673,670,671,65728,0.0014925373134329067
2025-02-24,669,671,664,667,163516,-0.005961251862891204
2025-02-25,666,669,662,665,140943,-0.0029985007496251548
2025-02-26,664,667,655,663,326435,-0.003007518796992459
2025-02-27,663,663,653,658,387991,-0.007541478129713397
2025-02-28,655,655,639,642,512252,-0.024316109422492405
2025-03-04,642,644,633,638,285102,-0.006230529595015577
2025-03-05,637,650,636,645,291448,0.01097178683385569
2025-03-06,646,650,644,648,127754,0.0046511627906977715
2025-03-07,646,649,641,646,88130,-0.0030864197530864335
2025-03-10,645,656,640,641,140865,-0.007739938080495334
2025-03-11,640,640,614,621,319516,-0.03120124804992197
2025-03-12,621,630,619,621,387025,0.0
2025-03-13,622,623,608,609,500784,-0.019323671497584516
2025-03-14,611,616,607,615,560986,0.009852216748768461
2025-03-17,628,628,612,618,645239,0.004878048780487809
2025-03-18,619,621,614,617,168635,-0.0016181229773463146
2025-03-19,620,620,613,615,176593,-0.0032414910858995505
2025-03-20,615,618,607,609,184090,-0.009756097560975618
2025-03-21,609,611,583,592,1410074,-0.02791461412151064
2025-03-24,593,599,589,589,229256,-0.0050675675675675436
2025-03-25,593,595,568,575,455248,-0.02376910016977929
2025-03-26,572,580,567,574,340708,-0.0017391304347825765
2025-03-27,574,574,561,563,360868,-0.019163763066202044
2025-03-28,571,571,547,551,501890,-0.02131438721136769
2025-03-31,551,559,536,545,732666,-0.010889292196007205
2025-04-01,552,570,541,556,561791,0.020183486238532167
2025-04-02,555,562,536,539,378596,-0.030575539568345356
2025-04-03,528,534,522,524,575115,-0.0278293135435993
2025-04-04,521,553,512,542,376521,0.03435114503816794
2025-04-07,534,534,507,509,666904,-0.06088560885608851
2025-04-08,515,530,511,524,192540,0.02946954813359537
2025-04-09,522,523,511,518,192546,-0.011450381679389277
2025-04-10,525,538,522,535,321757,0.032818532818532864
2025-04-11,530,544,524,543,134261,0.01495327102803734
2025-04-14,545,547,538,544,187236,0.0018416206261511192
2025-04-15,544,553,541,547,243395,0.005514705882353033
2025-04-16,548,553,541,545,161383,-0.003656307129798919
2025-04-17,545,551,542,551,182341,0.011009174311926495
2025-04-18,551,585,546,585,544946,0.061705989110707904
2025-04-21,585,611,585,599,521901,0.023931623931623847
2025-04-22,607,607,590,600,288393,0.0016694490818029983
2025-04-23,606,606,591,603,249685,0.004999999999999893
2025-04-24,605,605,584,585,408958,-0.02985074626865669
2025-04-25,586,605,585,600,234749,0.02564102564102555
2025-04-28,600,602,585,586,243885,-0.023333333333333317
2025-04-29,586,761,585,636,55436303,0.0853242320819112
2025-04-30,617,618,586,586,7253476,-0.07861635220125784
2025-05-02,600,651,592,594,12457425,0.013651877133105783
2025-05-07,589,589,565,574,2497397,-0.03367003367003363
2025-05-08,573,580,568,575,1286738,0.0017421602787457413
2025-05-09,571,574,548,554,2405211,-0.03652173913043477
2025-05-12,550,556,520,553,2331127,-0.0018050541516245744
2025-05-13,559,560,537,550,509963,-0.005424954792043413
2025-05-14,550,561,549,557,440262,0.012727272727272698
2025-05-15,562,574,548,551,566407,-0.010771992818671472
2025-05-16,551,554,539,550,379797,-0.001814882032667886
2025-05-19,548,548,530,537,415617,-0.023636363636363678
2025-05-20,537,555,534,538,234922,0.0018621973929235924
2025-05-21,538,565,535,556,636978,0.03345724907063197
2025-05-22,556,569,548,558,615369,0.003597122302158251
2025-05-23,559,571,553,567,645173,0.016129032258064502
2025-05-26,566,571,564,568,367057,0.0017636684303350414
2025-05-27,568,571,561,569,262582,0.0017605633802817433
2025-05-28,568,575,566,570,347885,0.0017574692442883233
2025-05-29,568,584,567,581,645684,0.019298245614035148
2025-05-30,583,609,579,600,1218734,0.03270223752151469
2025-06-02,599,613,599,605,538252,0.008333333333333304
2025-06-04,606,623,606,621,895149,0.026446280991735627
2025-06-05,626,630,611,618,1202094,-0.004830917874396157
2025-06-09,627,646,626,640,1130113,0.03559870550161803
2025-06-10,649,649,630,631,759892,-0.014062499999999978
2025-06-11,634,643,629,641,530297,0.015847860538827252
2025-06-12,643,664,642,651,828628,0.015600624024961096
2025-06-13,653,654,627,638,755954,-0.019969278033794113
2025-06-16,638,643,627,641,370416,0.004702194357366851
2025-06-17,645,651,630,634,551339,-0.010920436817472678
2025-06-18,632,639,629,635,343518,0.001577287066246047
2025-06-19,639,639,625,631,206593,-0.006299212598425252
2025-06-20,632,645,629,640,416513,0.014263074484944571
2025-06-23,634,638,626,637,344834,-0.004687499999999956
2025-06-24,637,660,637,654,497631,0.02668759811616961
2025-06-25,660,668,655,662,664654,0.012232415902140747
2025-06-26,665,665,639,649,434676,-0.01963746223564955
2025-06-27,653,653,623,626,659973,-0.035439137134052334
2025-06-30,628,647,628,635,328314,0.01437699680511173
2025-07-01,635,654,635,649,545883,0.022047244094488105
2025-07-02,649,652,637,648,401776,-0.0015408320493066618
2025-07-03,648,658,647,654,293959,0.0092592592592593
2025-07-04,654,664,647,653,384012,-0.001529051987767538
2025-07-07,653,656,645,653,152798,0.0
2025-07-08,653,664,651,660,225673,0.010719754977029039
2025-07-09,666,694,662,690,1052881,0.045454545454545414
2025-07-10,690,706,685,692,768856,0.0028985507246377384
2025-07-11,693,711,693,699,490979,0.01011560693641611
2025-07-14,699,707,693,705,364288,0.008583690987124415
2025-07-15,704,704,696,700,362700,-0.007092198581560294
2025-07-16,700,700,674,681,1141802,-0.027142857142857135
2025-07-17,681,685,661,675,614705,-0.008810572687224627
2025-07-18,676,680,663,667,342803,-0.011851851851851891
2025-07-21,667,675,663,672,308459,0.007496251874062887
2025-07-22,672,678,656,664,383414,-0.011904761904761862
2025-07-23,662,666,651,660,511107,-0.0060240963855421326
2025-07-24,661,665,645,648,298937,-0.018181818181818188
2025-07-25,647,648,631,634,611913,-0.021604938271604923
2025-07-28,635,635,619,624,461573,-0.01577287066246058
2025-07-29,624,630,610,630,319284,0.009615384615384581
2025-07-30,629,654,629,653,433983,0.0365079365079366
2025-07-31,654,681,654,672,784089,0.029096477794793296
2025-08-01,672,677,650,655,530824,-0.02529761904761907
2025-08-04,655,660,641,654,267959,-0.0015267175572518665
2025-08-05,655,667,650,653,246091,-0.001529051987767538
2025-08-06,653,664,649,664,190157,0.016845329249617125
2025-08-07,666,667,656,659,133891,-0.0075301204819276935
2025-08-08,657,662,651,659,85948,0.0
2025-08-11,660,665,652,659,170625,0.0
2025-08-12,664,667,656,659,176112,0.0
2025-08-13,664,664,643,648,289686,-0.01669195751138086
2025-08-14,648,652,640,647,172980,-0.0015432098765432167
2025-08-18,642,646,631,633,152807,-0.021638330757341562
2025-08-19,637,637,624,628,142130,-0.00789889415481837
2025-08-20,628,632,613,629,184239,0.0015923566878981443
2025-08-21,623,635,623,628,119919,-0.0015898251192368873
2025-08-22,628,632,623,625,115012,-0.004777070063694322
2025-08-25,627,636,622,628,215617,0.0047999999999999154
2025-08-26,629,636,622,630,85389,0.0031847133757962887
2025-08-27,624,628,622,624,121626,-0.00952380952380949
2025-08-28,624,629,623,624,63950,0.0
2025-08-29,628,635,622,629,201540,0.008012820512820484
2025-09-01,630,632,619,624,118209,-0.007949125596184436
2025-09-02,620,626,620,625,75735,0.0016025641025640969
2025-09-03,630,633,621,631,255045,0.009600000000000053
2025-09-04,634,638,628,636,63873,0.007923930269413626
2025-09-05,641,641,623,627,358260,-0.014150943396226467
2025-09-08,630,635,628,635,227841,0.012759170653907415
2025-09-09,640,641,633,639,128069,0.006299212598425141
2025-09-10,645,645,638,645,198810,0.009389671361502261
2025-09-11,650,664,646,661,406873,0.024806201550387597
2025-09-12,661,668,658,662,380123,0.001512859304084735
2025-09-15,661,670,661,667,194075,0.007552870090634434
2025-09-16,667,673,658,663,350600,-0.005997001499250421
2025-09-17,666,666,655,662,157551,-0.0015082956259426794
2025-09-18,665,665,658,663,204461,0.0015105740181269312
2025-09-19,663,664,657,660,174142,-0.004524886877828038
2025-09-22,660,661,647,653,192957,-0.010606060606060619
2025-09-23,649,652,636,639,273734,-0.02143950995405819
2025-09-24,639,642,626,639,315297,0.0
2025-09-25,635,641,632,638,98097,-0.0015649452269170805
2025-09-26,638,829,630,829,62520920,0.29937304075235116
2025-09-29,905,1077,894,1077,37063692,0.2991556091676719
2025-09-30,1286,1330,977,977,213192217,-0.0928505106778087
2025-10-01,952,1222,948,992,181525906,0.01535312180143289
2025-10-02,1029,1115,895,903,53263373,-0.08971774193548387
2025-10-10,912,944,848,850,24306369,-0.058693244739756345
2025-10-13,840,864,762,772,11155586,-0.09176470588235297
2025-10-14,779,1003,775,1003,99723208,0.2992227979274611
2025-10-15,1072,1250,1040,1054,220174098,0.05084745762711873
2025-10-16,1081,1189,1039,1060,95867328,0.005692599620493288
2025-10-17,1046,1145,1003,1011,38430569,-0.04622641509433967
2025-10-20,1015,1085,969,989,29630983,-0.021760633036597476
2025-10-21,1000,1050,969,976,22162185,-0.013144590495449915
2025-10-22,998,1167,981,1075,127026393,0.10143442622950816
2025-10-23,1095,1110,1003,1007,21843676,-0.06325581395348834
2025-10-24,1023,1033,971,984,11184437,-0.022840119165839168
2025-10-27,963,1014,962,982,7792299,-0.002032520325203291
2025-10-28,990,1017,961,962,12038678,-0.020366598778004064
2025-10-29,966,979,909,911,7788420,-0.053014553014553045
2025-10-30,914,927,865,886,5812887,-0.027442371020856227
2025-10-31,883,915,864,874,6714750,-0.013544018058690765
2025-11-03,871,872,830,836,5614582,-0.04347826086956519
2025-11-04,839,985,839,881,36113567,0.053827751196172224
2025-11-05,887,1000,870,899,46004814,0.020431328036322416
2025-11-06,913,922,850,855,7734955,-0.04894327030033374
2025-11-07,856,892,827,849,5589015,-0.007017543859649145
2025-11-10,846,913,846,877,8841577,0.03297997644287398
2025-11-11,882,896,850,856,3606379,-0.023945267958951022
2025-11-12,865,887,858,876,3357883,0.02336448598130847
2025-11-13,887,889,863,866,2842073,-0.011415525114155223
2025-11-14,860,871,840,847,2823555,-0.021939953810623525
2025-11-17,847,856,821,835,2056038,-0.01416765053128688
2025-11-18,837,847,813,820,2170640,-0.017964071856287456
2025-11-19,818,830,803,819,1551994,-0.0012195121951219523
2025-11-20,825,841,821,827,1786227,0.009768009768009733
2025-11-21,819,825,801,814,1384594,-0.01571946795646917
2025-11-24,816,841,811,812,1685355,-0.002457002457002422
