Date,Open,High,Low,Close,Volume,Change
2022-01-03,5220,5350,5130,5220,187893,0.005780346820809301
2022-01-04,5240,5340,5170,5320,271408,0.019157088122605304
2022-01-05,5260,5420,5260,5300,709328,-0.003759398496240629
2022-01-06,5230,5340,5130,5170,281127,-0.024528301886792447
2022-01-07,5190,5460,5170,5420,474284,0.04835589941972929
2022-01-10,5300,5560,5280,5510,845114,0.016605166051660625
2022-01-11,5480,5690,5260,5360,919368,-0.02722323049001818
2022-01-12,5330,5480,5330,5350,312228,-0.001865671641791078
2022-01-13,5350,5370,5180,5200,276336,-0.028037383177570097
2022-01-14,5130,5210,5070,5110,265925,-0.017307692307692357
2022-01-17,5050,5090,4970,4995,188315,-0.022504892367906093
2022-01-18,4950,5100,4920,4920,168772,-0.01501501501501501
2022-01-19,4780,4980,4750,4840,285494,-0.016260162601625994
2022-01-20,4800,4900,4780,4895,200777,0.011363636363636465
2022-01-21,4850,4895,4690,4790,259873,-0.021450459652706866
2022-01-24,4710,4720,4475,4640,357495,-0.03131524008350728
2022-01-25,4605,4640,4045,4210,578517,-0.09267241379310343
2022-01-26,4190,4275,4100,4240,305725,0.0071258907363420665
2022-01-27,4245,4400,3950,4020,331975,-0.05188679245283023
2022-01-28,4020,4230,3855,4230,243794,0.052238805970149294
2022-02-03,4275,4425,4260,4420,208023,0.044917257683215084
2022-02-04,4340,4470,4340,4400,222642,-0.004524886877828038
2022-02-07,4410,4490,4370,4490,145165,0.020454545454545503
2022-02-08,4445,4505,4355,4455,186208,-0.007795100222717122
2022-02-09,4500,4725,4395,4680,851952,0.05050505050505061
2022-02-10,4700,4725,4300,4645,314694,-0.007478632478632452
2022-02-11,4510,4560,4355,4465,381940,-0.038751345532830994
2022-02-14,4330,4350,4060,4105,389817,-0.08062709966405379
2022-02-15,4070,4150,3900,4030,281321,-0.018270401948842885
2022-02-16,4090,4205,4090,4190,213828,0.03970223325062028
2022-02-17,4200,4280,3805,4190,327680,0.0
2022-02-18,4070,4295,4050,4290,249841,0.023866348448687402
2022-02-21,4200,4255,4110,4255,139316,-0.00815850815850816
2022-02-22,4110,4185,3995,4015,413509,-0.05640423031727382
2022-02-23,4050,4075,4020,4065,179838,0.012453300124533051
2022-02-24,4040,4040,3845,3845,404893,-0.0541205412054121
2022-02-25,3910,3985,3905,3965,162665,0.031209362808842567
2022-02-28,3925,4035,3920,4015,148464,0.01261034047919285
2022-03-02,4015,4205,4000,4205,444527,0.04732254047322537
2022-03-03,4205,4220,4015,4120,670452,-0.02021403091557672
2022-03-04,4100,4120,3990,4025,315302,-0.02305825242718451
2022-03-07,4000,4000,3920,3950,206765,-0.018633540372670843
2022-03-08,3830,3835,3700,3715,579876,-0.05949367088607593
2022-03-10,3785,4120,3780,3910,580848,0.05248990578734869
2022-03-11,3920,4090,3860,4080,423678,0.04347826086956519
2022-03-14,4100,4470,4000,4315,3271789,0.05759803921568629
2022-03-15,4200,4315,4120,4255,501590,-0.01390498261877171
2022-03-16,4255,4255,4170,4200,309989,-0.01292596944770863
2022-03-17,4240,4260,4135,4205,442608,0.0011904761904761862
2022-03-18,4230,4230,4155,4205,189062,0.0
2022-03-21,4225,4270,4165,4270,402822,0.015457788347205792
2022-03-22,4240,4280,4195,4235,315660,-0.008196721311475419
2022-03-23,4255,4355,4235,4335,574744,0.023612750885478206
2022-03-24,4305,4590,4275,4590,1676287,0.05882352941176472
2022-03-25,4500,4505,4395,4445,608166,-0.031590413943355156
2022-03-28,4470,4585,4445,4540,766284,0.021372328458942658
2022-03-29,4540,4960,4480,4960,4089721,0.09251101321585908
2022-03-30,4730,4810,4675,4765,1508808,-0.03931451612903225
2022-03-31,4690,4885,4645,4840,1026553,0.015739769150052485
2022-04-01,4750,4800,4660,4750,483592,-0.018595041322314043
2022-04-04,4740,4740,4645,4725,397515,-0.0052631578947368585
2022-04-05,4780,4840,4735,4815,713414,0.01904761904761898
2022-04-06,4755,4835,4670,4830,371447,0.0031152647975076775
2022-04-07,4750,4825,4580,4820,625448,-0.0020703933747412417
2022-04-08,4855,4960,4725,4960,1113147,0.029045643153526868
2022-04-11,4860,4920,4780,4800,435191,-0.032258064516129004
2022-04-12,4785,4785,4595,4705,403973,-0.019791666666666652
2022-04-13,4705,4730,4620,4700,223248,-0.0010626992561104665
2022-04-14,4710,4730,4645,4670,128676,-0.006382978723404209
2022-04-15,4610,4700,4610,4680,120989,0.0021413276231263545
2022-04-18,4675,4680,4550,4550,233931,-0.02777777777777779
2022-04-19,4520,4580,4460,4570,202926,0.00439560439560438
2022-04-20,4570,4615,4505,4575,117498,0.001094091903719896
2022-04-21,4580,4650,4575,4590,126163,0.003278688524590123
2022-04-22,4590,4590,4510,4530,119592,-0.013071895424836555
2022-04-25,4440,4480,4380,4380,209908,-0.0331125827814569
2022-04-26,4385,4445,4360,4380,154110,0.0
2022-04-27,4250,4375,4160,4375,161884,-0.0011415525114155667
2022-04-28,4395,4450,4300,4390,177834,0.0034285714285713365
2022-04-29,4505,4645,4440,4570,669135,0.04100227790432798
2022-05-02,4570,4645,4400,4640,426871,0.015317286652078765
2022-05-03,4640,4740,4470,4540,699088,-0.02155172413793105
2022-05-04,4510,4510,4310,4335,339889,-0.045154185022026394
2022-05-06,4350,4375,4250,4290,160505,-0.01038062283737029
2022-05-09,4250,4290,4050,4065,214693,-0.05244755244755239
2022-05-10,4000,4075,3805,4075,245232,0.002460024600245969
2022-05-11,4000,4085,3995,4075,84090,0.0
2022-05-12,4000,4060,3880,3930,158817,-0.03558282208588959
2022-05-13,3900,4000,3900,3945,140604,0.003816793893129722
2022-05-16,3950,4035,3935,3945,124544,0.0
2022-05-17,3930,3965,3905,3955,114835,0.0025348542458809575
2022-05-18,3980,4055,3960,4040,162360,0.02149178255372952
2022-05-19,3900,3955,3890,3945,70159,-0.023514851485148536
2022-05-20,3945,3960,3910,3940,122046,-0.0012674271229404788
2022-05-23,3935,3935,3865,3875,168773,-0.016497461928933976
2022-05-24,3865,3865,3790,3840,165867,-0.00903225806451613
2022-05-25,3800,3835,3730,3735,255687,-0.02734375
2022-05-26,3740,3820,3740,3790,109880,0.014725568942436373
2022-05-27,3870,3870,3790,3835,133045,0.01187335092348274
2022-05-30,3850,3930,3835,3885,107431,0.01303780964797907
2022-05-31,3900,4040,3850,3885,409025,0.0
2022-06-02,3885,3900,3845,3865,81727,-0.005148005148005175
2022-06-03,3870,3900,3860,3880,82117,0.0038809831824062613
2022-06-07,3850,3970,3700,3865,125686,-0.0038659793814432852
2022-06-08,3865,3865,3815,3830,71811,-0.009055627425614499
2022-06-09,3805,3895,3740,3830,121719,0.0
2022-06-10,3830,3830,3755,3785,62963,-0.011749347258485643
2022-06-13,3700,3750,3425,3435,311361,-0.09247027741083225
2022-06-14,3300,3435,3220,3355,301248,-0.02328966521106257
2022-06-15,3305,3355,3170,3170,195213,-0.05514157973174372
2022-06-16,3230,3335,3170,3210,100488,0.012618296529968376
2022-06-17,3030,3235,3030,3180,140955,-0.009345794392523366
2022-06-20,3155,3215,2900,3175,184126,-0.0015723270440252124
2022-06-21,3040,3090,2950,3045,201876,-0.04094488188976375
2022-06-22,3080,3080,2780,2780,215640,-0.08702791461412152
2022-06-23,2780,2835,2620,2620,253588,-0.05755395683453235
2022-06-24,2570,2800,2570,2795,237922,0.06679389312977091
2022-06-27,2855,3000,2835,2995,135896,0.07155635062611809
2022-06-28,2990,3050,2960,3030,70416,0.011686143572620988
2022-06-29,2940,3025,2940,2975,67777,-0.018151815181518205
2022-06-30,2945,3055,2875,2885,73483,-0.030252100840336138
2022-07-01,2885,2940,2765,2840,70142,-0.01559792027729634
2022-07-04,2810,2850,2690,2770,84006,-0.02464788732394363
2022-07-05,2770,2885,2755,2880,56891,0.03971119133573997
2022-07-06,2935,2980,2850,2915,97145,0.012152777777777679
2022-07-07,2925,2995,2910,2950,78246,0.012006861063464935
2022-07-08,3000,3295,2955,2960,687746,0.003389830508474523
2022-07-11,2955,2995,2915,2920,79068,-0.013513513513513487
2022-07-12,2905,2905,2790,2815,87047,-0.03595890410958902
2022-07-13,2785,2875,2760,2845,68937,0.010657193605683846
2022-07-14,2845,2885,2795,2880,58268,0.012302284710017597
2022-07-15,2860,2895,2775,2850,59050,-0.01041666666666663
2022-07-18,2910,2935,2860,2920,67147,0.024561403508772006
2022-07-19,2920,2980,2900,2975,45243,0.018835616438356073
2022-07-20,3020,3045,2985,3010,65780,0.0117647058823529
2022-07-21,3010,3205,2990,3045,246276,0.011627906976744207
2022-07-22,3050,3080,3015,3025,42516,-0.006568144499178974
2022-07-25,3025,3030,2870,2990,53770,-0.011570247933884281
2022-07-26,3080,3080,3000,3065,49494,0.025083612040133874
2022-07-27,3065,3100,3005,3065,50830,0.0
2022-07-28,3150,3155,3065,3080,80026,0.004893964110929794
2022-07-29,3130,3150,3085,3095,64812,0.004870129870129913
2022-08-01,3130,3160,3085,3120,64703,0.008077544426494443
2022-08-02,3120,3125,3070,3090,42668,-0.009615384615384581
2022-08-03,3080,3130,3055,3130,43630,0.012944983818770295
2022-08-04,3150,3245,3130,3210,142320,0.025559105431310014
2022-08-05,3180,3210,3140,3190,92928,-0.006230529595015577
2022-08-08,3190,3205,3110,3155,52192,-0.010971786833855801
2022-08-09,3155,3165,3100,3150,65432,-0.0015847860538826808
2022-08-10,3145,3170,3085,3100,75704,-0.015873015873015928
2022-08-11,3170,3170,3100,3150,54881,0.016129032258064502
2022-08-12,3150,3590,3125,3235,2289312,0.026984126984126888
2022-08-16,3200,3390,3185,3330,530568,0.029366306027820643
2022-08-17,3365,3750,3305,3400,7210748,0.021021021021021102
2022-08-18,3420,4420,3340,4420,10159427,0.30000000000000004
2022-08-19,4675,4770,4325,4425,16666092,0.0011312217194570096
2022-08-22,4310,4370,4225,4260,2297945,-0.037288135593220306
2022-08-23,4265,4460,3955,3985,6726609,-0.06455399061032863
2022-08-24,4025,4205,4010,4140,4629577,0.038895859473023764
2022-08-25,4320,4425,4115,4115,5724427,-0.006038647342995196
2022-08-26,4145,4245,4105,4195,1290618,0.019441069258809174
2022-08-29,4000,4125,3850,4010,840856,-0.04410011918951129
2022-08-30,4055,4395,4050,4265,8016401,0.06359102244389025
2022-08-31,4220,4335,4210,4250,1704613,-0.003516998827667095
2022-09-01,4240,4245,4015,4075,1045089,-0.04117647058823526
2022-09-02,4065,4150,4005,4150,614192,0.018404907975460016
2022-09-05,4125,4380,4070,4380,3745655,0.055421686746987886
2022-09-06,4390,4480,4280,4475,3302777,0.02168949771689488
2022-09-07,4475,4475,4055,4200,1627945,-0.06145251396648044
2022-09-08,4240,4310,4025,4180,2695749,-0.004761904761904745
2022-09-13,4250,4465,4200,4410,3545608,0.055023923444976086
2022-09-14,4240,4340,4215,4300,1126719,-0.024943310657596363
2022-09-15,4360,4645,4345,4580,6464833,0.06511627906976747
2022-09-16,4505,4730,4445,4730,4121614,0.03275109170305668
2022-09-19,4505,4540,4335,4390,2136933,-0.07188160676532773
2022-09-20,4390,4450,4205,4305,1232667,-0.019362186788154934
2022-09-21,4215,4280,4030,4080,1112094,-0.05226480836236935
2022-09-22,3955,4045,3855,4025,948690,-0.013480392156862697
2022-09-23,4005,4295,3950,4260,1867796,0.05838509316770191
2022-09-26,4160,4330,4035,4170,1402487,-0.021126760563380254
2022-09-27,4560,4790,3805,3845,20057258,-0.07793764988009588
2022-09-28,3870,3980,3300,3335,3318119,-0.13263979193758124
2022-09-29,3400,3445,3100,3100,1235883,-0.07046476761619191
2022-09-30,3040,3105,2980,3000,1208416,-0.032258064516129004
2022-10-04,3080,3185,3025,3175,768537,0.05833333333333335
2022-10-05,3200,3240,3075,3095,708323,-0.025196850393700787
2022-10-06,3115,3280,3095,3225,775333,0.042003231017770704
2022-10-07,3205,3240,3145,3160,426061,-0.020155038759689936
2022-10-11,3085,3290,3050,3080,1404498,-0.025316455696202556
2022-10-12,3100,3200,2970,2995,849372,-0.02759740259740262
2022-10-13,2985,2990,2790,2800,510889,-0.06510851419031716
2022-10-14,2865,3000,2845,2965,437753,0.05892857142857144
2022-10-17,2910,3170,2845,3045,759456,0.026981450252951067
2022-10-18,3085,3135,3060,3110,353212,0.021346469622331776
2022-10-19,3115,3170,3055,3070,386686,-0.012861736334405127
2022-10-20,3070,3120,3030,3050,200541,-0.006514657980456029
2022-10-21,3025,3080,3000,3010,204924,-0.013114754098360604
2022-10-24,3060,3120,3045,3050,139183,0.013289036544850585
2022-10-25,3085,3295,3070,3275,1022709,0.07377049180327866
2022-10-26,3240,3320,3180,3230,816922,-0.013740458015267132
2022-10-27,3280,3310,3230,3260,508628,0.009287925696594534
2022-10-28,3260,3270,3125,3225,332443,-0.010736196319018454
2022-10-31,3225,3225,3125,3135,323786,-0.027906976744186074
2022-11-01,3135,3180,3100,3180,196164,0.014354066985645897
2022-11-02,3145,3350,3130,3255,2622096,0.02358490566037741
2022-11-03,3180,3235,3120,3235,308608,-0.006144393241167445
2022-11-04,3200,3280,3170,3240,278973,0.0015455950540959051
2022-11-07,3230,3295,3220,3255,241827,0.004629629629629539
2022-11-08,3290,3395,3260,3330,765350,0.02304147465437789
2022-11-09,3325,3450,3270,3325,997231,-0.0015015015015015232
2022-11-10,3270,3280,3225,3230,311244,-0.02857142857142858
2022-11-11,3295,3325,3220,3250,291429,0.006191950464396356
2022-11-14,3260,3435,3255,3435,1394767,0.056923076923076854
2022-11-15,3400,3450,3365,3435,438371,0.0
2022-11-16,3405,3420,3335,3355,300963,-0.02328966521106257
2022-11-17,3330,3350,3290,3305,158424,-0.014903129657228065
2022-11-18,3305,3470,3300,3445,1387482,0.04236006051437213
2022-11-21,3465,3470,3345,3390,639482,-0.01596516690856309
2022-11-22,3420,3500,3415,3430,819634,0.01179941002949847
2022-11-23,3455,3545,3420,3505,660252,0.02186588921282806
2022-11-24,3505,3750,3485,3585,2810572,0.022824536376604865
2022-11-25,3535,3580,3450,3490,552722,-0.02649930264993028
2022-11-28,3490,3490,3395,3400,271657,-0.025787965616045794
2022-11-29,3330,3590,3315,3470,919026,0.020588235294117574
2022-11-30,3455,3500,3440,3445,265926,-0.007204610951008661
2022-12-01,3490,3495,3450,3485,241592,0.011611030478954953
2022-12-02,3475,3570,3435,3445,570119,-0.011477761836441891
2022-12-05,3460,3620,3460,3580,1147803,0.03918722786647311
2022-12-06,3550,3685,3480,3600,2247461,0.005586592178770999
2022-12-07,3510,3530,3455,3510,548035,-0.025000000000000022
2022-12-08,3505,3510,3350,3360,404191,-0.042735042735042694
2022-12-09,3340,3450,3340,3390,191638,0.008928571428571397
2022-12-12,3400,3430,3355,3415,167914,0.007374631268436627
2022-12-13,3455,3540,3400,3485,829022,0.020497803806734938
2022-12-14,3540,3545,3470,3495,378048,0.0028694404591105283
2022-12-15,3530,3610,3490,3560,902304,0.01859799713876975
2022-12-16,3490,3515,3460,3495,288426,-0.018258426966292096
2022-12-19,3475,3530,3465,3525,202708,0.008583690987124415
2022-12-20,3515,3520,3370,3425,247985,-0.028368794326241176
2022-12-21,3435,3465,3375,3425,155141,0.0
2022-12-22,3425,3500,3410,3440,167583,0.004379562043795637
2022-12-23,3395,3410,3340,3400,150516,-0.011627906976744207
2022-12-26,3400,3530,3385,3495,822632,0.027941176470588136
2022-12-27,3510,3595,3465,3585,1080822,0.025751072961373467
2022-12-28,3605,3695,3540,3560,1714371,-0.006973500697350032
2022-12-29,3520,3530,3385,3410,515820,-0.042134831460674205
2023-01-02,3475,3530,3395,3410,468949,0.0
2023-01-03,3410,3480,3155,3370,522143,-0.011730205278592365
2023-01-04,3300,3420,3275,3345,274679,-0.007418397626112738
2023-01-05,3355,3410,3330,3400,282952,0.01644245142002987
2023-01-06,3510,3705,3410,3460,4307792,0.01764705882352935
2023-01-09,3420,3475,3365,3460,550155,0.0
2023-01-10,3460,3610,3415,3585,1956384,0.036127167630057855
2023-01-11,3615,3635,3515,3565,856813,-0.00557880055788007
2023-01-12,3600,3645,3535,3610,1000994,0.012622720897615736
2023-01-13,3660,3700,3590,3615,1459583,0.0013850415512466352
2023-01-16,3615,3635,3535,3615,563268,0.0
2023-01-17,3635,3650,3560,3590,487371,-0.006915629322268302
2023-01-18,3590,3605,3520,3600,311944,0.0027855153203342198
2023-01-19,3550,3630,3530,3615,437769,0.004166666666666652
2023-01-20,3580,3710,3565,3610,1082708,-0.0013831258644536604
2023-01-25,3615,3625,3525,3550,664110,-0.0166204986149584
2023-01-26,3550,3590,3530,3555,464167,0.0014084507042253502
2023-01-27,3560,3575,3535,3570,296413,0.00421940928270037
2023-01-30,3580,3645,3570,3590,542753,0.0056022408963585235
2023-01-31,3575,3835,3545,3765,3253924,0.04874651810584951
2023-02-01,3755,3830,3675,3725,966283,-0.010624169986719778
2023-02-02,3730,3815,3695,3815,894851,0.024161073825503365
2023-02-03,3815,3830,3740,3820,611227,0.001310615989515096
2023-02-06,3800,3865,3745,3775,686378,-0.011780104712041939
2023-02-07,3745,3780,3725,3755,357146,-0.005298013245033095
2023-02-08,3740,3900,3740,3800,1426512,0.011984021304926706
2023-02-09,3795,3900,3755,3830,1222970,0.007894736842105177
2023-02-10,3800,3800,3675,3730,490301,-0.026109660574412552
2023-02-13,3690,3715,3585,3650,377296,-0.02144772117962468
2023-02-14,3650,3775,3635,3765,359676,0.03150684931506853
2023-02-15,3770,3775,3710,3765,326326,0.0
2023-02-16,3760,3850,3710,3740,621957,-0.006640106241699861
2023-02-17,3675,3740,3660,3735,206849,-0.0013368983957219305
2023-02-20,3735,3810,3700,3795,438912,0.016064257028112428
2023-02-21,3805,4140,3800,4000,4496788,0.05401844532279321
2023-02-22,3920,4010,3860,3910,843685,-0.022499999999999964
2023-02-23,4010,4275,3940,4155,6094116,0.06265984654731449
2023-02-24,4450,4485,3965,4020,5439389,-0.032490974729241895
2023-02-27,4010,4325,4010,4240,3661876,0.054726368159204064
2023-02-28,4200,4415,4135,4350,2291613,0.02594339622641506
2023-03-02,4310,4540,4215,4540,4789811,0.04367816091954024
2023-03-03,4550,4725,4410,4670,3381617,0.028634361233480066
2023-03-06,4570,4600,4350,4515,1580474,-0.03319057815845827
2023-03-07,4495,4495,4250,4330,1176416,-0.04097452934662238
2023-03-08,4270,4580,4230,4430,3932334,0.023094688221708903
2023-03-09,4415,4415,4210,4300,1023741,-0.02934537246049662
2023-03-10,4195,4350,4180,4305,670328,0.0011627906976743319
2023-03-13,4245,4270,4035,4150,722259,-0.03600464576074336
2023-03-14,4110,4140,3915,3945,615924,-0.04939759036144575
2023-03-15,3995,4065,3995,4025,449545,0.020278833967046994
2023-03-16,3980,3980,3860,3915,403297,-0.027329192546583836
2023-03-17,3935,4100,3900,4100,565542,0.04725415070242667
2023-03-20,3975,4075,3970,4060,398511,-0.009756097560975618
2023-03-21,4200,4260,4080,4195,1326569,0.03325123152709364
2023-03-22,4195,4325,4120,4310,1119186,0.027413587604290912
2023-03-23,4230,4330,4200,4245,704460,-0.015081206496519672
2023-03-24,4250,4445,4200,4415,1881957,0.04004711425206131
2023-03-27,4440,4465,4330,4425,1293234,0.0022650056625141968
2023-03-28,4425,4425,4100,4210,1287035,-0.0485875706214689
2023-03-29,4115,4115,3920,3970,1321008,-0.05700712589073631
2023-03-30,3990,3990,3880,3970,504901,0.0
2023-03-31,3950,4035,3945,3950,602582,-0.005037783375314908
2023-04-03,3940,3965,3870,3875,396053,-0.01898734177215189
2023-04-04,3845,3945,3780,3910,539415,0.00903225806451613
2023-04-05,3875,3930,3865,3870,362679,-0.010230179028132946
2023-04-06,3875,3875,3690,3730,531904,-0.036175710594315236
2023-04-07,3750,3755,3675,3685,224139,-0.012064343163538882
2023-04-10,3675,3680,3570,3620,432869,-0.01763907734056991
2023-04-11,3595,3725,3560,3665,442245,0.012430939226519389
2023-04-12,3635,3690,3625,3665,290026,0.0
2023-04-13,3665,3665,3590,3660,167089,-0.0013642564802183177
2023-04-14,3670,3750,3655,3715,379171,0.015027322404371546
2023-04-17,3750,3750,3670,3710,203730,-0.0013458950201884479
2023-04-18,3690,3745,3675,3740,194121,0.008086253369272267
2023-04-19,3735,3800,3715,3795,325609,0.014705882352941124
2023-04-20,3745,3785,3670,3690,342816,-0.02766798418972327
2023-04-21,3665,3690,3575,3595,203634,-0.0257452574525745
2023-04-24,3580,3625,3495,3540,193456,-0.015299026425591111
2023-04-25,3515,3530,3380,3490,300296,-0.01412429378531077
2023-04-26,3435,3460,3375,3440,171749,-0.014326647564469885
2023-04-27,3415,3440,3330,3440,131772,0.0
2023-04-28,3410,3500,3310,3365,363926,-0.021802325581395388
2023-05-02,3365,3500,3365,3500,175004,0.04011887072808329
2023-05-03,3470,3555,3415,3505,201927,0.0014285714285713347
2023-05-04,3505,3525,3475,3500,102750,-0.0014265335235378318
2023-05-08,3500,3550,3480,3510,213363,0.0028571428571428914
2023-05-09,3510,3530,3450,3460,105534,-0.014245014245014231
2023-05-10,3465,3500,3400,3425,150363,-0.010115606936416222
2023-05-11,3410,3450,3410,3445,124859,0.005839416058394109
2023-05-12,3445,3445,3330,3330,266871,-0.03338171262699563
2023-05-15,3315,3340,3265,3280,167006,-0.01501501501501501
2023-05-16,3270,3440,3270,3330,368989,0.015243902439024293
2023-05-17,3330,3385,3300,3385,95932,0.016516516516516422
2023-05-18,3405,3465,3365,3430,290619,0.013293943870014813
2023-05-19,3400,3440,3380,3410,116412,-0.005830903790087438
2023-05-22,3430,3565,3380,3495,655962,0.024926686217008776
2023-05-23,3495,3520,3460,3470,169147,-0.007153075822603716
2023-05-24,3455,3495,3415,3465,146182,-0.0014409221902017544
2023-05-25,3465,3470,3395,3395,116742,-0.02020202020202022
2023-05-26,3370,3395,3310,3310,173713,-0.025036818851251863
2023-05-30,3370,3430,3330,3395,168913,0.025679758308157163
2023-05-31,3355,3410,3355,3395,81661,0.0
2023-06-01,3420,3420,3350,3370,132427,-0.007363770250368162
2023-06-02,3380,3510,3345,3500,291817,0.03857566765578646
2023-06-05,3495,3525,3435,3495,120885,-0.0014285714285714457
2023-06-07,3445,3495,3445,3490,143991,-0.0014306151645206988
2023-06-08,3480,3505,3445,3445,119156,-0.012893982808022897
2023-06-09,3425,3550,3425,3500,265693,0.0159651669085632
2023-06-12,3465,3475,3430,3450,130301,-0.014285714285714235
2023-06-13,3435,3470,3410,3445,169450,-0.0014492753623188692
2023-06-14,3445,3450,3345,3380,193123,-0.018867924528301883
2023-06-15,3350,3400,3325,3365,165812,-0.004437869822485174
2023-06-16,3360,3480,3350,3425,162384,0.017830609212481363
2023-06-19,3420,3535,3405,3490,364113,0.01897810218978102
2023-06-20,3490,3535,3400,3440,245804,-0.014326647564469885
2023-06-21,3425,3475,3380,3450,224252,0.0029069767441860517
2023-06-22,3435,3470,3410,3420,151917,-0.008695652173912993
2023-06-23,3410,3450,3375,3400,135726,-0.005847953216374324
2023-06-26,3375,3560,3350,3380,590725,-0.00588235294117645
2023-06-27,3380,3435,3330,3400,160060,0.00591715976331364
2023-06-28,3385,3550,3365,3450,942512,0.014705882352941124
2023-06-29,3420,3445,3365,3410,243658,-0.011594202898550732
2023-06-30,3365,3415,3355,3380,124774,-0.008797653958944274
2023-07-03,3400,3440,3400,3440,137674,0.01775147928994092
2023-07-04,3440,3440,3380,3405,99431,-0.01017441860465118
2023-07-05,3405,3430,3370,3405,149759,0.0
2023-07-06,3405,3435,3310,3315,211235,-0.026431718061673992
2023-07-07,3315,3325,3230,3275,173430,-0.012066365007541435
2023-07-10,3230,3290,3220,3285,113694,0.003053435114503733
2023-07-11,3255,3340,3235,3295,74382,0.003044140030441511
2023-07-12,3320,3325,3285,3305,57921,0.003034901365705611
2023-07-13,3310,3375,3280,3335,108116,0.00907715582450841
2023-07-14,3335,3350,3260,3295,116919,-0.01199400299850073
2023-07-17,3285,3285,3225,3240,94696,-0.01669195751138086
2023-07-18,3240,3250,3160,3220,135355,-0.006172839506172867
2023-07-19,3175,3205,3110,3165,239525,-0.017080745341614856
2023-07-20,3115,3145,3105,3110,99267,-0.017377567140600347
2023-07-21,3095,3150,3085,3105,85219,-0.001607717041800627
2023-07-24,3070,3090,2960,2985,224108,-0.03864734299516903
2023-07-25,2965,3000,2880,2915,195515,-0.02345058626465657
2023-07-26,2880,2900,2730,2800,401927,-0.03945111492281306
2023-07-27,2800,2990,2790,2955,188656,0.05535714285714288
2023-07-28,3000,3065,2965,3060,115436,0.035532994923857864
2023-07-31,3060,3085,3000,3055,103411,-0.0016339869281045694
2023-08-01,3045,3075,3000,3070,144299,0.004909983633387904
2023-08-02,3070,3125,3010,3010,87145,-0.019543973941368087
2023-08-03,3010,3010,2925,2985,57526,-0.00830564784053156
2023-08-04,2960,3075,2945,3070,107041,0.028475711892797406
2023-08-07,3050,3090,3005,3090,87249,0.006514657980456029
2023-08-08,3085,3085,2990,2990,83699,-0.032362459546925515
2023-08-09,2970,3035,2960,3025,45902,0.0117056856187292
2023-08-10,3055,3480,3030,3230,3620879,0.06776859504132227
2023-08-11,3185,3305,3150,3225,482625,-0.001547987616099089
2023-08-14,3225,3335,3220,3260,496278,0.010852713178294504
2023-08-16,3210,3245,3105,3160,293852,-0.030674846625766916
2023-08-17,3125,3130,2925,3040,299686,-0.03797468354430378
2023-08-18,3045,3345,3045,3045,1124487,0.00164473684210531
2023-08-21,3045,3115,3030,3055,138485,0.003284072249589487
2023-08-22,3055,3085,3015,3020,128223,-0.011456628477905073
2023-08-23,3010,3160,3010,3120,193004,0.0331125827814569
2023-08-24,3100,3180,3065,3140,125743,0.0064102564102563875
2023-08-25,3140,3230,3100,3165,262498,0.0079617834394905
2023-08-28,3200,3255,3165,3255,230750,0.028436018957346043
2023-08-29,3265,3750,3215,3335,11535929,0.02457757296466978
2023-08-30,3330,3395,3255,3345,1137807,0.0029985007496251548
2023-08-31,3360,3500,3310,3360,2040274,0.004484304932735439
2023-09-01,3340,3375,3275,3320,418512,-0.011904761904761862
2023-09-04,3310,3530,3220,3390,1892603,0.02108433734939763
2023-09-05,3390,3480,3370,3420,536340,0.008849557522123908
2023-09-06,3390,3465,3340,3420,336910,0.0
2023-09-07,3405,3415,3290,3300,265147,-0.03508771929824561
2023-09-08,3300,3465,3300,3450,533293,0.045454545454545414
2023-09-11,3445,3550,3420,3540,1397377,0.026086956521739202
2023-09-12,3720,3725,3420,3455,2074310,-0.02401129943502822
2023-09-13,3435,3545,3420,3515,639418,0.01736613603473236
2023-09-14,3495,3525,3460,3505,290674,-0.002844950213371278
2023-09-15,3505,3520,3465,3490,373628,-0.004279600570613384
2023-09-18,3455,3535,3455,3495,289163,0.0014326647564470996
2023-09-19,3480,3500,3380,3470,244894,-0.007153075822603716
2023-09-20,3450,3470,3415,3465,184579,-0.0014409221902017544
2023-09-21,3440,3485,3380,3420,269343,-0.012987012987012991
2023-09-22,3365,3405,3310,3395,223406,-0.007309941520467822
2023-09-25,3360,3440,3300,3340,219836,-0.016200294550810068
2023-09-26,3320,3360,3235,3270,261157,-0.020958083832335328
2023-09-27,3230,3340,3205,3340,167013,0.021406727828746197
2023-10-04,3340,3340,3245,3305,188603,-0.010479041916167664
2023-10-05,3285,3330,3260,3280,165552,-0.0075642965204235635
2023-10-06,3240,3370,3240,3360,163459,0.024390243902439046
2023-10-10,3355,3370,3265,3285,170659,-0.022321428571428603
2023-10-11,3295,3470,3295,3415,311944,0.03957382039573831
2023-10-12,3430,3490,3405,3470,198197,0.016105417276720324
2023-10-13,3465,3500,3425,3500,258324,0.008645533141210304
2023-10-16,3485,3605,3440,3590,586716,0.0257142857142858
2023-10-17,3590,3630,3555,3590,311338,0.0
2023-10-18,3610,3610,3545,3600,274944,0.0027855153203342198
2023-10-19,3550,3610,3505,3565,221079,-0.009722222222222188
2023-10-20,3510,3545,3420,3485,285724,-0.02244039270687237
2023-10-23,3470,3575,3455,3550,253178,0.01865136298421799
2023-10-24,3535,3640,3480,3640,380382,0.025352112676056304
2023-10-25,3670,3730,3605,3670,523351,0.008241758241758212
2023-10-26,3600,3790,3545,3605,1538623,-0.017711171662125325
2023-10-27,3610,3705,3605,3670,458044,0.018030513176144236
2023-10-30,3670,3690,3610,3610,259305,-0.016348773841961872
2023-10-31,3675,3880,3540,3620,2363333,0.0027700831024930483
2023-11-01,3650,3775,3625,3700,850396,0.022099447513812098
2023-11-02,3680,3705,3645,3660,402012,-0.010810810810810811
2023-11-03,3660,3700,3625,3655,345102,-0.001366120218579181
2023-11-06,3715,3775,3655,3745,854677,0.024623803009576006
2023-11-07,3730,3800,3695,3800,405164,0.014686248331108098
2023-11-08,3810,3910,3725,3800,834414,0.0
2023-11-09,3785,3820,3725,3810,258169,0.002631578947368318
2023-11-10,3800,3835,3725,3765,528879,-0.011811023622047223
2023-11-13,3770,3785,3670,3670,272978,-0.025232403718459473
2023-11-14,3660,3765,3660,3740,197409,0.019073569482288777
2023-11-15,3760,3805,3735,3800,235493,0.016042780748663166
2023-11-16,3805,3880,3765,3880,286123,0.021052631578947434
2023-11-17,3885,3885,3775,3775,305188,-0.027061855670103108
2023-11-20,3795,3920,3765,3905,366406,0.03443708609271523
2023-11-21,3890,3920,3855,3875,351497,-0.007682458386683688
2023-11-22,3890,4130,3830,4000,1359624,0.032258064516129004
2023-11-23,3975,4020,3905,3980,313793,-0.0050000000000000044
2023-11-24,3970,3975,3885,3940,268722,-0.01005025125628145
2023-11-27,3915,3925,3750,3780,405871,-0.040609137055837574
2023-11-28,3750,3790,3680,3710,288877,-0.01851851851851849
2023-11-29,3680,3770,3630,3725,293656,0.0040431266846361336
2023-11-30,3740,3845,3740,3845,292966,0.03221476510067123
2023-12-01,3845,3970,3810,3965,378462,0.031209362808842567
2023-12-04,3970,4120,3950,4090,830936,0.031525851197982346
2023-12-05,4065,4090,3930,3965,455963,-0.030562347188264005
2023-12-06,4065,4350,4025,4105,1879424,0.035308953341740335
2023-12-07,4105,4125,4005,4035,327223,-0.01705237515225333
2023-12-08,4045,4125,4015,4060,281423,0.006195786864931829
2023-12-11,4045,4115,4005,4065,240883,0.0012315270935960854
2023-12-12,4130,4130,4025,4070,189446,0.0012300123001229846
2023-12-13,4035,4050,3935,3970,278151,-0.02457002457002455
2023-12-14,3965,4005,3910,3970,208865,0.0
2023-12-15,3970,3975,3875,3970,195076,0.0
2023-12-18,3975,4070,3835,4030,366798,0.015113350125944613
2023-12-19,4030,4035,3945,3950,180200,-0.01985111662531014
2023-12-20,3950,4045,3930,4035,248362,0.021518987341772045
2023-12-21,3945,4115,3915,3965,495619,-0.01734820322180919
2023-12-22,3975,3980,3865,3880,318509,-0.021437578814628044
2023-12-26,3890,4040,3885,3950,368481,0.018041237113401998
2023-12-27,3950,4025,3705,3930,313375,-0.005063291139240533
2023-12-28,3960,3965,3890,3915,229979,-0.003816793893129722
2024-01-02,3945,4335,3935,4335,4043998,0.10727969348659006
2024-01-03,4200,5630,4130,5630,27999034,0.2987312572087659
2024-01-04,6020,6180,5550,5680,38385383,0.008880994671403242
2024-01-05,5650,5880,5420,5760,13871911,0.014084507042253502
2024-01-08,5770,5900,5700,5900,2722125,0.02430555555555558
2024-01-09,5920,6150,5920,6150,2305166,0.04237288135593231
2024-01-10,6170,6700,6170,6700,3965189,0.08943089430894302
2024-01-11,6230,6720,5850,6640,10968817,-0.008955223880596996
2024-01-12,6370,6550,6020,6160,3401493,-0.07228915662650603
2024-01-15,6160,6680,6160,6570,7082879,0.06655844155844148
2024-01-16,6410,6570,6160,6340,2398084,-0.03500761035007616
2024-01-17,6380,6390,5750,5870,3689858,-0.07413249211356465
2024-01-18,7040,7180,6000,6140,26729185,0.04599659284497437
2024-01-19,5860,6520,5810,6160,9271105,0.0032573289902280145
2024-01-22,6080,6900,6010,6480,10522047,0.051948051948051965
2024-01-23,6410,6680,6280,6530,4380954,0.007716049382715973
2024-01-24,6420,6580,6170,6170,2401371,-0.05513016845329255
2024-01-25,6250,6300,5860,5920,2184516,-0.04051863857374394
2024-01-26,5830,5970,5720,5840,1322540,-0.013513513513513487
2024-01-29,5740,5840,5450,5550,1817925,-0.049657534246575374
2024-01-30,5540,5600,5340,5340,1534159,-0.037837837837837784
2024-01-31,5300,5450,5120,5200,1400399,-0.02621722846441943
2024-02-01,5200,5310,5070,5160,1025301,-0.007692307692307665
2024-02-02,5160,5380,5160,5250,1325178,0.01744186046511631
2024-02-05,5260,5580,5170,5520,2805290,0.05142857142857138
2024-02-06,5520,5780,5040,5150,4816612,-0.06702898550724634
2024-02-07,5140,5490,5050,5440,2695802,0.056310679611650594
2024-02-08,5330,5330,5160,5250,1463621,-0.03492647058823528
2024-02-13,5230,5670,5220,5430,3664758,0.03428571428571425
2024-02-14,5350,6170,5320,5790,17048675,0.06629834254143652
2024-02-15,5750,5990,5690,5840,4812302,0.008635578583765069
2024-02-16,5830,6120,5730,5970,4923284,0.022260273972602773
2024-02-19,5890,6040,5850,5910,1530547,-0.01005025125628145
2024-02-20,5870,6430,5760,6350,13296365,0.0744500846023688
2024-02-21,6200,6400,6110,6120,3711513,-0.03622047244094484
2024-02-22,6170,6330,5980,6160,2315467,0.006535947712418277
2024-02-23,6160,6220,6000,6140,1571121,-0.0032467532467532756
2024-02-26,6190,6550,6070,6160,5885252,0.0032573289902280145
2024-02-27,6080,6350,5900,6210,2673381,0.008116883116883189
2024-02-28,6230,6370,6060,6090,2723111,-0.019323671497584516
2024-02-29,6090,6940,6090,6450,23866582,0.059113300492610765
2024-03-04,6450,6540,6330,6450,2535825,0.0
2024-03-05,6390,6430,6000,6030,3234312,-0.06511627906976747
2024-03-06,6150,6240,5960,6020,1802547,-0.0016583747927031434
2024-03-07,5960,6020,5600,5690,2109696,-0.054817275747508276
2024-03-08,5640,5820,5620,5730,1152886,0.007029876977152849
2024-03-11,5650,6060,5650,5860,1742112,0.022687609075043635
2024-03-12,5910,6030,5720,5880,1033955,0.0034129692832765013
2024-03-13,5890,6050,5780,5870,1012005,-0.00170068027210879
2024-03-14,5870,5900,5650,5660,824181,-0.035775127768313486
2024-03-15,5660,5710,5460,5560,878009,-0.017667844522968212
2024-03-18,5650,5870,5470,5540,1824683,-0.003597122302158251
2024-03-19,5590,5610,5410,5520,645177,-0.0036101083032491488
2024-03-20,5490,5770,5470,5480,1579718,-0.007246376811594235
2024-03-21,5460,5480,5260,5330,1058221,-0.027372262773722622
2024-03-22,5370,5500,5290,5310,799855,-0.0037523452157598447
2024-03-25,5310,5580,5190,5360,1417923,0.009416195856873921
2024-03-26,5400,5520,5250,5260,915569,-0.018656716417910446
2024-03-27,5230,5290,5120,5160,712382,-0.019011406844106515
2024-03-28,5150,5220,5010,5050,831064,-0.02131782945736438
2024-03-29,5040,5070,4870,4930,924132,-0.023762376237623783
2024-04-01,4985,5180,4980,5130,878258,0.04056795131845847
2024-04-02,5110,5120,4925,5010,589074,-0.023391812865497075
2024-04-03,4990,5000,4880,4885,471255,-0.024950099800399195
2024-04-04,4915,4980,4830,4840,521855,-0.0092118730808598
2024-04-05,4790,4820,4720,4785,579375,-0.011363636363636354
2024-04-08,4805,4815,4675,4740,417792,-0.009404388714733591
2024-04-09,4700,4910,4645,4825,748155,0.01793248945147674
2024-04-11,4755,5090,4660,4995,1159873,0.03523316062176174
2024-04-12,5010,5090,4860,5010,716575,0.0030030030030030463
2024-04-15,4920,5010,4830,5000,487111,-0.001996007984031989
2024-04-16,4940,5000,4695,4735,648973,-0.05300000000000005
2024-04-17,4735,4940,4725,4735,541488,0.0
2024-04-18,4735,4845,4705,4715,428837,-0.004223864836325197
2024-04-19,4735,4735,4475,4525,823135,-0.040296924708377535
2024-04-22,4565,4740,4500,4565,922492,0.008839779005524795
2024-04-23,4580,4690,4550,4550,623861,-0.003285870755750264
2024-04-24,4590,4735,4500,4690,574841,0.03076923076923066
2024-04-25,4690,4775,4625,4660,646661,-0.006396588486140775
2024-04-26,4690,4695,4520,4520,501954,-0.030042918454935674
2024-04-29,4560,4865,4560,4800,1291912,0.06194690265486735
2024-04-30,4770,5150,4755,5070,1716684,0.05624999999999991
2024-05-02,4940,5410,4890,5020,5112430,-0.009861932938856066
2024-05-03,4980,5210,4950,5140,1172723,0.0239043824701195
2024-05-07,5080,5240,5050,5150,1049197,0.0019455252918287869
2024-05-08,5140,5260,5050,5120,810775,-0.005825242718446644
2024-05-09,5390,5780,5000,5020,16566531,-0.01953125
2024-05-10,5050,5120,4890,4945,1408437,-0.014940239043824688
2024-05-13,4940,5300,4780,5030,5133403,0.01718907987866536
2024-05-14,4980,5230,4980,5150,1474046,0.02385685884691857
2024-05-16,5150,5270,5080,5230,2130639,0.01553398058252431
2024-05-17,5730,5750,5280,5320,7871191,0.017208413001912115
2024-05-20,5240,5320,5170,5270,1116666,-0.009398496240601517
2024-05-21,5220,5400,5150,5350,1349380,0.015180265654648917
2024-05-22,5300,5390,5220,5270,1017141,-0.01495327102803734
2024-05-23,5230,5320,5100,5100,742886,-0.032258064516129004
2024-05-24,5100,5390,5100,5290,1111033,0.0372549019607844
2024-05-27,5360,5380,5260,5350,845086,0.011342155009451904
2024-05-28,5350,5520,5310,5430,1754182,0.01495327102803734
2024-05-29,5430,5580,5280,5410,1881925,-0.0036832412523020164
2024-05-30,5440,5900,5430,5510,14454374,0.01848428835489835
2024-05-31,5540,5740,5460,5700,3286116,0.034482758620689724
2024-06-03,5650,5750,5530,5540,1604570,-0.028070175438596467
2024-06-04,5510,5970,5400,5580,8145040,0.0072202166064982976
2024-06-05,5560,5670,5410,5420,1656819,-0.028673835125448077
2024-06-07,5400,5470,5340,5410,773301,-0.0018450184501844769
2024-06-10,5350,5370,5150,5170,1164934,-0.044362292051756014
2024-06-11,5150,5380,5130,5140,978214,-0.005802707930367523
2024-06-12,5170,5310,5030,5220,960282,0.015564202334630295
2024-06-13,5320,5600,5260,5590,2905559,0.07088122605363978
2024-06-14,5530,6070,5520,5860,8122444,0.04830053667262968
2024-06-17,5780,6070,5700,5850,6376848,-0.0017064846416382506
2024-06-18,5800,6110,5790,5940,5516996,0.01538461538461533
2024-06-19,5850,5940,5320,5540,4278347,-0.06734006734006737
2024-06-20,6230,6380,5410,5430,18578522,-0.019855595667869985
2024-06-21,5440,5470,5140,5140,2215782,-0.05340699815837935
2024-06-24,5110,5250,4840,4865,1752418,-0.05350194552529186
2024-06-25,4850,4990,4810,4820,1427118,-0.009249743062692661
2024-06-26,4880,5030,4840,4870,1297532,0.010373443983402453
2024-06-27,4870,4870,4650,4660,879262,-0.043121149897330624
2024-06-28,4650,4750,4570,4645,698571,-0.0032188841201716833
2024-07-01,4715,4905,4700,4840,1122692,0.041980624327233595
2024-07-02,4785,4880,4640,4720,1039260,-0.024793388429752095
2024-07-03,4705,4735,4575,4575,430538,-0.03072033898305082
2024-07-04,4550,4690,4535,4555,505772,-0.0043715846994535346
2024-07-05,4560,4635,4540,4545,308948,-0.002195389681668547
2024-07-08,4545,4645,4535,4645,276679,0.022002200220021972
2024-07-09,4630,4700,4595,4600,413864,-0.009687836383207804
2024-07-10,4595,4770,4585,4755,575514,0.033695652173913127
2024-07-11,4740,4780,4665,4665,406495,-0.018927444794952675
2024-07-12,4705,4740,4650,4655,386093,-0.002143622722400873
2024-07-15,4655,4725,4615,4675,333501,0.004296455424275036
2024-07-16,4685,4685,4575,4650,309433,-0.005347593582887722
2024-07-17,4650,4655,4555,4565,315952,-0.018279569892473146
2024-07-18,4510,4550,4400,4445,374813,-0.026286966046002225
2024-07-19,4430,4495,4395,4490,229403,0.01012373453318327
2024-07-22,4455,4490,4310,4335,303976,-0.034521158129176
2024-07-23,4330,4400,4260,4330,287558,-0.0011534025374856371
2024-07-24,4295,4430,4280,4380,215318,0.011547344110854452
2024-07-25,4315,4840,4210,4370,2544944,-0.0022831050228310223
2024-07-26,4370,4435,4275,4340,412946,-0.006864988558352381
2024-07-29,4340,4455,4335,4425,372813,0.019585253456221308
2024-07-30,4395,4425,4250,4280,282572,-0.03276836158192087
2024-07-31,4250,4270,4150,4250,276758,-0.007009345794392496
2024-08-01,4270,4355,4260,4300,212724,0.0117647058823529
2024-08-02,4250,4250,4055,4065,409911,-0.054651162790697705
2024-08-05,3990,4065,3400,3455,955799,-0.15006150061500612
2024-08-06,3430,3825,3430,3800,797454,0.09985528219971052
2024-08-07,3825,4115,3820,4055,623827,0.06710526315789478
2024-08-08,4060,4260,4015,4170,661503,0.02836004932182501
2024-08-09,4180,4295,4175,4265,208157,0.022781774580335812
2024-08-12,4235,4260,4135,4145,119845,-0.028135990621336426
2024-08-13,4110,4185,4010,4075,127054,-0.016887816646562137
2024-08-14,4110,4160,4075,4110,97477,0.008588957055214674
2024-08-16,4115,4220,4115,4165,146265,0.01338199513381988
2024-08-19,4245,4245,4100,4135,180979,-0.007202881152461038
2024-08-20,4165,4270,4105,4175,298648,0.0096735187424426
2024-08-21,4200,4205,4085,4140,189843,-0.008383233532934131
2024-08-22,4195,4220,4050,4075,187010,-0.0157004830917874
2024-08-23,4025,4130,4025,4070,337636,-0.0012269938650306678
2024-08-26,4240,4635,4160,4185,8687962,0.02825552825552835
2024-08-27,4235,4455,4155,4290,3449006,0.02508960573476693
2024-08-28,4500,4690,4390,4655,8175833,0.08508158508158514
2024-08-29,4610,4730,4050,4060,5010850,-0.1278195488721805
2024-08-30,4090,4185,4085,4085,725421,0.006157635467980205
2024-09-02,4185,4320,4130,4280,918968,0.047735618115055
2024-09-03,4255,4330,4210,4220,440921,-0.014018691588784993
2024-09-04,4055,4180,4055,4120,306376,-0.023696682464455
