Date,Open,High,Low,Close,Volume,Change
2022-01-03,534,542,531,535,246502,-0.001865671641791078
2022-01-04,537,540,530,540,232579,0.009345794392523255
2022-01-05,543,559,534,539,110530,-0.0018518518518518823
2022-01-06,535,537,527,532,152295,-0.012987012987012991
2022-01-07,529,537,528,530,105749,-0.003759398496240629
2022-01-10,535,535,522,532,225410,0.0037735849056603765
2022-01-11,527,535,524,534,162780,0.003759398496240518
2022-01-12,534,543,530,534,129420,0.0
2022-01-13,534,539,531,533,53379,-0.0018726591760299671
2022-01-14,533,537,523,537,221748,0.007504690431519689
2022-01-17,538,538,528,528,75428,-0.016759776536312887
2022-01-18,528,533,522,528,185303,0.0
2022-01-19,519,527,507,508,343691,-0.037878787878787845
2022-01-20,508,524,498,515,264016,0.013779527559055094
2022-01-21,521,521,508,514,108846,-0.001941747572815511
2022-01-24,507,514,500,501,184372,-0.02529182879377434
2022-01-25,501,507,495,498,272823,-0.005988023952095856
2022-01-26,503,507,495,499,103305,0.002008032128514081
2022-01-27,503,504,484,495,220599,-0.008016032064128265
2022-01-28,495,504,484,504,43311,0.018181818181818077
2022-02-03,504,525,502,506,88048,0.003968253968253954
2022-02-04,501,510,499,506,44793,0.0
2022-02-07,505,505,500,504,41775,-0.0039525691699604515
2022-02-08,504,510,495,498,147064,-0.011904761904761862
2022-02-09,501,507,498,502,39139,0.008032128514056325
2022-02-10,501,507,495,495,110812,-0.013944223107569709
2022-02-11,498,504,481,499,50707,0.008080808080808133
2022-02-14,494,499,483,493,112615,-0.012024048096192397
2022-02-15,492,498,480,481,132424,-0.024340770791075106
2022-02-16,484,492,483,486,69995,0.01039501039501034
2022-02-17,487,514,486,487,113486,0.002057613168724215
2022-02-18,489,580,470,503,1395568,0.03285420944558526
2022-02-21,508,525,501,510,483709,0.013916500994035852
2022-02-22,509,509,494,502,101489,-0.015686274509803977
2022-02-23,500,505,498,500,115021,-0.003984063745019917
2022-02-24,500,500,486,490,199386,-0.020000000000000018
2022-02-25,489,500,489,499,123977,0.01836734693877551
2022-02-28,503,503,490,498,33739,-0.002004008016032066
2022-03-02,497,503,495,500,77277,0.004016064257028162
2022-03-03,500,505,499,501,72944,0.0020000000000000018
2022-03-04,500,505,495,498,75974,-0.005988023952095856
2022-03-07,500,506,488,494,206093,-0.008032128514056214
2022-03-08,491,493,485,493,128367,-0.002024291497975672
2022-03-10,492,500,491,496,27448,0.006085192697768749
2022-03-11,505,505,493,499,28025,0.006048387096774244
2022-03-14,501,501,492,493,80163,-0.012024048096192397
2022-03-15,491,509,490,493,163704,0.0
2022-03-16,504,504,493,498,38890,0.010141987829614507
2022-03-17,500,502,494,495,86271,-0.0060240963855421326
2022-03-18,495,499,495,497,54059,0.004040404040404066
2022-03-21,500,503,497,500,164023,0.006036217303822866
2022-03-22,500,512,498,501,60385,0.0020000000000000018
2022-03-23,496,505,495,500,44832,-0.001996007984031989
2022-03-24,500,507,492,501,130149,0.0020000000000000018
2022-03-25,499,504,494,501,75437,0.0
2022-03-28,503,504,498,499,96738,-0.003992015968063867
2022-03-29,511,511,499,503,111046,0.008016032064128265
2022-03-30,506,525,503,509,318646,0.011928429423459175
2022-03-31,509,516,508,509,87070,0.0
2022-04-01,510,517,509,512,84030,0.005893909626718985
2022-04-04,514,523,511,517,203484,0.009765625
2022-04-05,520,521,513,519,114888,0.003868471953578423
2022-04-06,518,520,513,519,487217,0.0
2022-04-07,645,660,559,600,54179948,0.1560693641618498
2022-04-08,580,600,525,531,6392360,-0.11499999999999999
2022-04-11,538,600,536,547,10836411,0.030131826741996326
2022-04-12,523,711,521,711,85291103,0.29981718464351004
2022-04-13,780,900,772,786,135508520,0.10548523206751059
2022-04-14,732,775,686,707,38375211,-0.10050890585241734
2022-04-15,717,770,667,712,46057089,0.007072135785006983
2022-04-18,708,724,671,680,9265556,-0.0449438202247191
2022-04-19,692,736,671,700,19897442,0.02941176470588225
2022-04-20,692,910,683,910,52908620,0.30000000000000004
2022-04-21,910,1025,881,911,131747868,0.001098901098901095
2022-04-22,861,895,830,836,23417685,-0.08232711306256857
2022-04-25,818,846,791,812,14961479,-0.028708133971291905
2022-04-26,812,845,780,828,15398799,0.019704433497536922
2022-04-27,803,867,797,808,13563646,-0.024154589371980673
2022-04-28,819,835,763,764,9131482,-0.054455445544554504
2022-04-29,790,904,755,818,65193327,0.07068062827225141
2022-05-02,793,806,783,793,6115344,-0.030562347188264005
2022-05-03,814,818,760,803,7820233,0.01261034047919285
2022-05-04,790,798,769,783,3402197,-0.02490660024906599
2022-05-06,783,841,779,799,9370180,0.020434227330779153
2022-05-09,797,890,774,889,49763283,0.11264080100125162
2022-05-10,842,960,834,857,49255686,-0.03599550056242973
2022-05-11,843,893,782,874,27917190,0.019836639439906545
2022-05-12,878,1110,863,999,140344028,0.1430205949656751
2022-05-13,965,1065,741,766,81944007,-0.2332332332332332
2022-05-16,772,790,695,707,18219147,-0.07702349869451697
2022-05-17,700,726,674,677,13044378,-0.042432814710042455
2022-05-18,680,693,663,668,8259271,-0.013293943870014813
2022-05-19,681,711,647,660,11896364,-0.0119760479041916
2022-05-20,660,660,627,638,6923670,-0.033333333333333326
2022-05-23,634,634,606,624,6340375,-0.021943573667711602
2022-05-24,617,632,607,613,4979918,-0.017628205128205177
2022-05-25,614,631,604,629,3724425,0.02610114192495927
2022-05-26,625,695,618,653,18447848,0.038155802861685295
2022-05-27,654,680,640,650,6802736,-0.004594180704441064
2022-05-30,649,651,629,632,3335947,-0.027692307692307683
2022-05-31,631,647,624,634,3090292,0.0031645569620253333
2022-06-02,631,681,628,668,6929754,0.05362776025236604
2022-06-03,666,685,652,679,4799880,0.01646706586826352
2022-06-07,693,795,680,733,32784797,0.07952871870397638
2022-06-08,750,773,705,720,10082494,-0.017735334242837686
2022-06-09,695,825,691,773,43009733,0.07361111111111107
2022-06-10,776,802,721,725,17091360,-0.0620957309184994
2022-06-13,706,733,695,711,4602012,-0.0193103448275862
2022-06-14,692,754,687,724,7169142,0.0182841068917019
2022-06-15,719,765,715,751,7301217,0.037292817679557944
2022-06-16,734,768,730,731,5024900,-0.026631158455392767
2022-06-17,716,754,710,747,4187895,0.02188782489740082
2022-06-20,759,780,715,721,7597447,-0.03480589022757696
2022-06-21,740,740,671,690,6793158,-0.04299583911234395
2022-06-22,693,708,635,641,5624864,-0.07101449275362315
2022-06-23,641,697,620,641,8861051,0.0
2022-06-24,642,763,637,712,23388125,0.11076443057722307
2022-06-27,724,780,720,780,10615114,0.09550561797752799
2022-06-28,800,800,700,714,15442620,-0.08461538461538465
2022-06-29,707,720,637,637,10996533,-0.10784313725490191
2022-06-30,637,654,603,608,3969926,-0.04552590266875978
2022-07-01,607,614,556,567,3572506,-0.06743421052631582
2022-07-04,578,581,531,554,2491539,-0.022927689594356315
2022-07-05,548,570,545,559,2314384,0.00902527075812265
2022-07-06,556,556,530,533,2205796,-0.046511627906976716
2022-07-07,533,545,525,532,1508982,-0.0018761726078799779
2022-07-08,536,615,532,566,10860139,0.06390977443609014
2022-07-11,557,573,539,542,3541537,-0.04240282685512364
2022-07-12,543,543,516,519,2037445,-0.04243542435424352
2022-07-13,519,520,501,506,1739175,-0.025048169556840083
2022-07-14,501,513,500,507,1098711,0.0019762845849802257
2022-07-15,501,508,490,496,1300191,-0.021696252465483234
2022-07-18,500,510,496,507,1366862,0.022177419354838745
2022-07-19,503,512,502,507,761823,0.0
2022-07-20,511,517,503,505,1060766,-0.0039447731755424265
2022-07-21,505,507,495,502,987417,-0.005940594059405946
2022-07-22,503,503,497,499,883631,-0.005976095617529875
2022-07-25,498,504,492,493,816708,-0.012024048096192397
2022-07-26,493,494,483,489,993857,-0.008113590263691739
2022-07-27,488,496,483,490,868902,0.002044989775051187
2022-07-28,491,516,487,492,2956357,0.004081632653061273
2022-07-29,493,499,490,493,639164,0.00203252032520318
2022-08-01,496,496,489,490,584562,-0.006085192697768749
2022-08-02,488,493,479,483,1223978,-0.014285714285714235
2022-08-03,489,490,479,481,779222,-0.0041407867494823725
2022-08-04,483,485,474,476,999770,-0.01039501039501034
2022-08-05,478,480,474,479,544592,0.006302521008403339
2022-08-08,480,480,469,474,847796,-0.01043841336116913
2022-08-09,476,485,473,479,1084958,0.010548523206751037
2022-08-10,476,484,465,471,1035918,-0.01670146137787054
2022-08-11,474,478,472,477,852022,0.01273885350318471
2022-08-12,483,485,473,475,759325,-0.004192872117400381
2022-08-16,476,479,470,473,922510,-0.004210526315789442
2022-08-17,475,476,468,469,760089,-0.008456659619450302
2022-08-18,470,473,464,469,551819,0.0
2022-08-19,469,471,463,469,688596,0.0
2022-08-22,466,475,459,459,813597,-0.021321961620469065
2022-08-23,459,470,446,446,1772101,-0.028322440087146017
2022-08-24,447,480,445,465,2132315,0.04260089686098656
2022-08-25,467,479,465,474,806712,0.019354838709677358
2022-08-26,478,525,475,506,5780093,0.06751054852320681
2022-08-29,501,501,468,469,2190368,-0.0731225296442688
2022-08-30,466,471,448,448,1536426,-0.04477611940298509
2022-08-31,451,457,447,455,651158,0.015625
2022-09-01,447,459,431,434,1562304,-0.0461538461538461
2022-09-02,435,441,429,429,646716,-0.011520737327188946
2022-09-05,425,431,414,423,783674,-0.013986013986013957
2022-09-06,420,427,418,420,375011,-0.007092198581560294
2022-09-07,415,422,397,397,1146264,-0.05476190476190479
2022-09-08,401,410,396,405,638984,0.02015113350125941
2022-09-13,406,424,406,419,534445,0.03456790123456788
2022-09-14,405,422,400,422,525513,0.007159904534606243
2022-09-15,422,422,409,412,451155,-0.023696682464455
2022-09-16,410,411,401,407,349169,-0.012135922330097082
2022-09-19,407,408,393,395,603083,-0.029484029484029506
2022-09-20,394,407,394,402,320464,0.017721518987341867
2022-09-21,402,405,396,400,313047,-0.00497512437810943
2022-09-22,395,396,387,392,724177,-0.020000000000000018
2022-09-23,392,394,375,381,437556,-0.028061224489795866
2022-09-26,379,415,350,367,2716623,-0.03674540682414695
2022-09-27,358,393,358,389,1042719,0.05994550408719346
2022-09-28,391,399,360,360,1614074,-0.07455012853470433
2022-09-29,365,428,360,412,8864503,0.14444444444444438
2022-09-30,397,400,373,375,3485106,-0.0898058252427184
2022-10-04,378,385,369,373,1374096,-0.005333333333333301
2022-10-05,379,379,361,361,972116,-0.03217158176943702
2022-10-06,360,443,357,393,13327960,0.08864265927977844
2022-10-07,389,470,389,440,29017104,0.11959287531806617
2022-10-11,455,483,402,410,10229146,-0.06818181818181823
2022-10-12,412,444,389,391,5123806,-0.04634146341463419
2022-10-13,391,395,356,360,2818783,-0.07928388746803072
2022-10-14,367,374,362,364,1464852,0.011111111111111072
2022-10-17,366,367,354,364,996037,0.0
2022-10-18,373,386,372,377,1595258,0.03571428571428581
2022-10-19,377,431,376,389,6160247,0.03183023872679036
2022-10-20,393,447,390,408,13771240,0.04884318766066831
2022-10-21,409,426,377,379,3787565,-0.07107843137254899
2022-10-24,383,388,375,375,1270451,-0.01055408970976257
2022-10-25,373,379,368,368,911466,-0.01866666666666672
2022-10-26,369,372,359,359,910217,-0.024456521739130488
2022-10-27,364,371,359,369,677988,0.027855153203342642
2022-10-28,372,372,364,365,515588,-0.010840108401083959
2022-10-31,372,387,359,366,1408676,0.00273972602739736
2022-11-01,369,376,362,367,606349,0.002732240437158362
2022-11-02,368,417,363,377,7948169,0.027247956403269713
2022-11-03,379,407,379,381,3677293,0.010610079575596787
2022-11-04,380,399,379,386,2043245,0.013123359580052396
2022-11-07,386,387,377,386,819429,0.0
2022-11-08,383,392,383,387,766204,0.002590673575129543
2022-11-09,387,405,385,405,1196642,0.04651162790697683
2022-11-10,399,404,394,394,863066,-0.02716049382716046
2022-11-11,402,406,396,403,1032679,0.02284263959390853
2022-11-14,403,403,393,401,786438,-0.00496277915632759
2022-11-15,403,403,395,397,598462,-0.009975062344139696
2022-11-16,399,403,387,395,634375,-0.005037783375314908
2022-11-17,384,393,380,380,646956,-0.03797468354430378
2022-11-18,384,386,377,379,370312,-0.0026315789473684292
2022-11-21,375,378,367,370,390104,-0.0237467018469657
2022-11-22,367,378,364,372,589085,0.00540540540540535
2022-11-23,379,379,369,372,206444,0.0
2022-11-24,374,381,372,379,326519,0.018817204301075252
2022-11-25,376,382,376,378,232868,-0.0026385224274406704
2022-11-28,373,374,365,367,566612,-0.02910052910052907
2022-11-29,367,372,365,371,280321,0.01089918256130784
2022-11-30,371,388,368,388,983232,0.04582210242587603
2022-12-01,389,413,384,392,3297119,0.010309278350515427
2022-12-02,391,391,377,381,851915,-0.028061224489795866
2022-12-05,381,382,373,382,459128,0.002624671916010568
2022-12-06,375,379,368,375,370973,-0.01832460732984298
2022-12-07,374,379,370,376,353144,0.002666666666666595
2022-12-08,375,376,367,367,459880,-0.02393617021276595
2022-12-09,367,374,367,370,253940,0.008174386920980936
2022-12-12,367,370,365,369,387968,-0.002702702702702675
2022-12-13,366,373,363,366,439739,-0.008130081300813052
2022-12-14,369,369,364,366,457750,0.0
2022-12-15,363,368,359,359,771665,-0.01912568306010931
2022-12-16,360,360,354,357,381673,-0.005571030640668551
2022-12-19,357,358,351,357,296400,0.0
2022-12-20,356,412,352,368,13250275,0.03081232492997188
2022-12-21,370,395,363,375,3043946,0.01902173913043481
2022-12-22,387,389,362,367,1618842,-0.021333333333333315
2022-12-23,365,367,355,356,788360,-0.02997275204359673
2022-12-26,352,371,350,353,794315,-0.008426966292134797
2022-12-27,353,358,351,352,321847,-0.0028328611898017497
2022-12-28,353,356,347,349,443265,-0.008522727272727293
2022-12-29,349,353,335,336,851932,-0.03724928366762181
2023-01-02,336,340,329,332,498887,-0.011904761904761862
2023-01-03,336,336,320,327,660130,-0.015060240963855387
2023-01-04,328,338,325,333,560291,0.0183486238532109
2023-01-05,332,347,332,343,503232,0.03003003003003002
2023-01-06,344,363,342,343,713838,0.0
2023-01-09,345,360,345,358,576536,0.0437317784256559
2023-01-10,358,360,350,356,460949,-0.005586592178770999
2023-01-11,356,360,352,357,296783,0.002808988764045006
2023-01-12,356,360,349,349,252009,-0.022408963585434205
2023-01-13,352,353,346,349,316690,0.0
2023-01-16,349,351,345,349,285241,0.0
2023-01-17,349,350,345,345,146975,-0.011461318051575908
2023-01-18,350,353,344,349,211285,0.011594202898550732
2023-01-19,347,348,344,344,197177,-0.014326647564469885
2023-01-20,345,347,340,340,118922,-0.011627906976744207
2023-01-25,341,352,340,350,428941,0.02941176470588225
2023-01-26,353,353,345,347,220828,-0.008571428571428563
2023-01-27,347,350,346,348,278083,0.0028818443804035088
2023-01-30,347,350,343,345,206047,-0.008620689655172376
2023-01-31,344,346,340,342,246801,-0.008695652173912993
2023-02-01,345,345,341,342,451537,0.0
2023-02-02,344,350,342,343,281688,0.0029239766081872176
2023-02-03,344,346,340,340,461118,-0.008746355685131157
2023-02-06,340,350,338,342,702113,0.00588235294117645
2023-02-07,340,346,338,340,362736,-0.005847953216374324
2023-02-08,340,344,335,335,338649,-0.014705882352941124
2023-02-09,336,340,334,335,307972,0.0
2023-02-10,329,334,327,331,474446,-0.011940298507462699
2023-02-13,331,331,325,331,599271,0.0
2023-02-14,329,336,329,334,304075,0.009063444108761365
2023-02-15,334,336,314,325,1227181,-0.026946107784431184
2023-02-16,325,332,319,326,176409,0.003076923076922977
2023-02-17,321,329,320,323,236071,-0.009202453987730008
2023-02-20,325,325,320,324,259139,0.003095975232198178
2023-02-21,327,327,320,321,302079,-0.0092592592592593
2023-02-22,321,322,315,322,468335,0.0031152647975076775
2023-02-23,319,322,317,319,249161,-0.009316770186335366
2023-02-24,322,322,315,318,377534,-0.0031347962382445305
2023-02-27,318,318,312,315,287153,-0.009433962264150941
2023-02-28,318,318,314,317,133407,0.006349206349206327
2023-03-02,320,320,313,315,204333,-0.006309148264984188
2023-03-03,315,315,297,310,437646,-0.015873015873015928
2023-03-06,310,314,304,309,348569,-0.003225806451612856
2023-03-07,310,371,301,340,8258218,0.10032362459546929
2023-03-08,340,345,330,331,860984,-0.026470588235294135
2023-03-09,331,346,326,329,499613,-0.0060422960725075026
2023-03-10,324,329,320,327,280380,-0.006079027355623046
2023-03-13,324,325,307,320,588757,-0.021406727828746197
2023-03-14,317,338,314,323,461640,0.009374999999999911
2023-03-15,323,332,323,329,209124,0.018575851393188847
2023-03-16,329,330,318,322,285401,-0.021276595744680882
2023-03-17,322,326,308,313,801121,-0.02795031055900621
2023-03-20,316,320,310,316,239048,0.009584664536741228
2023-03-21,314,319,312,315,164670,-0.0031645569620253333
2023-03-22,315,320,311,314,311595,-0.0031746031746031633
2023-03-23,311,315,307,309,397678,-0.015923566878980888
2023-03-24,310,313,307,312,227841,0.009708737864077666
2023-03-27,311,318,306,313,393641,0.0032051282051281937
2023-03-28,310,326,309,319,450057,0.019169329073482455
2023-03-29,318,321,309,316,284408,-0.009404388714733591
2023-03-30,324,340,312,333,732874,0.053797468354430444
2023-03-31,332,349,331,337,479571,0.012012012012011963
2023-04-03,338,358,338,343,708618,0.017804154302670572
2023-04-04,341,349,337,349,453602,0.017492711370262315
2023-04-05,343,365,331,361,946630,0.034383954154727725
2023-04-06,359,359,342,345,702610,-0.04432132963988922
2023-04-07,341,359,340,352,505521,0.020289855072463725
2023-04-10,349,362,343,345,437146,-0.019886363636363646
2023-04-11,346,358,346,352,628640,0.020289855072463725
2023-04-12,348,356,348,349,301947,-0.008522727272727293
2023-04-13,349,356,341,354,407160,0.014326647564469885
2023-04-14,348,364,348,362,732761,0.02259887005649719
2023-04-17,363,388,355,378,1556407,0.04419889502762442
2023-04-18,380,389,371,375,456777,-0.007936507936507908
2023-04-19,375,420,372,412,4042052,0.09866666666666668
2023-04-20,413,424,395,395,1521089,-0.04126213592233008
2023-04-21,395,403,373,395,906699,0.0
2023-04-24,392,392,376,377,580612,-0.04556962025316458
2023-04-25,381,408,376,393,1101749,0.04244031830238737
2023-04-26,395,395,383,389,515853,-0.010178117048346036
2023-04-27,393,418,370,384,1554540,-0.01285347043701801
2023-04-28,384,399,335,336,2186941,-0.125
2023-05-02,336,351,336,347,528546,0.032738095238095344
2023-05-03,348,348,334,334,490761,-0.03746397694524495
2023-05-04,331,333,324,325,834318,-0.026946107784431184
2023-05-08,325,329,315,319,825463,-0.018461538461538418
2023-05-09,316,320,314,319,386921,0.0
2023-05-10,317,324,316,320,195613,0.0031347962382444194
2023-05-11,317,322,316,319,254639,-0.0031250000000000444
2023-05-12,323,324,312,317,436885,-0.006269592476489061
2023-05-15,320,320,310,316,218951,-0.003154574132492094
2023-05-16,319,410,318,359,32205892,0.13607594936708867
2023-05-17,369,466,361,465,61807140,0.29526462395543174
2023-05-18,429,448,381,387,14834685,-0.16774193548387095
2023-05-19,377,493,377,445,59269512,0.14987080103359163
2023-05-22,444,513,433,438,24576713,-0.01573033707865168
2023-05-23,431,435,409,414,5654811,-0.0547945205479452
2023-05-24,417,423,398,407,2884784,-0.016908212560386437
2023-05-25,409,431,392,400,4432887,-0.017199017199017175
2023-05-26,395,450,393,427,12992605,0.0674999999999999
2023-05-30,411,428,396,398,3722959,-0.0679156908665105
2023-05-31,402,408,394,400,1423405,0.005025125628140614
2023-06-01,404,406,390,402,1232082,0.004999999999999893
2023-06-02,402,406,393,394,843346,-0.01990049751243783
2023-06-05,400,422,371,391,2269418,-0.0076142131979695105
2023-06-07,388,415,388,404,2686429,0.03324808184143224
2023-06-08,402,404,394,402,909169,-0.004950495049504955
2023-06-09,400,408,395,399,928107,-0.007462686567164201
2023-06-12,396,414,394,399,1915678,0.0
2023-06-13,398,403,390,391,1202562,-0.020050125313283207
2023-06-14,391,394,370,378,1404561,-0.03324808184143224
2023-06-15,380,385,377,383,528292,0.013227513227513255
2023-06-16,383,387,367,374,1091371,-0.023498694516971286
2023-06-19,377,385,369,384,613909,0.02673796791443861
2023-06-20,381,385,378,385,341781,0.0026041666666667407
2023-06-21,385,392,377,378,543743,-0.018181818181818188
2023-06-22,370,383,368,380,579079,0.005291005291005346
2023-06-23,378,382,368,369,493801,-0.02894736842105261
2023-06-26,369,372,361,363,424905,-0.016260162601625994
2023-06-27,363,367,360,362,350446,-0.0027548209366391463
2023-06-28,362,372,358,366,496415,0.011049723756906049
2023-06-29,365,370,359,360,366416,-0.016393442622950838
2023-06-30,361,443,360,403,23617208,0.11944444444444446
2023-07-03,405,417,394,402,3289828,-0.002481389578163795
2023-07-04,402,491,402,412,15713505,0.02487562189054726
2023-07-05,415,415,380,382,2857111,-0.07281553398058249
2023-07-06,381,390,368,368,1489302,-0.03664921465968585
2023-07-07,368,375,366,370,745677,0.005434782608695565
2023-07-10,370,373,365,368,540991,-0.00540540540540535
2023-07-11,368,370,362,363,621061,-0.013586956521739135
2023-07-12,364,369,355,355,1428671,-0.02203856749311295
2023-07-13,360,368,354,363,630403,0.022535211267605604
2023-07-14,359,370,357,362,745622,-0.0027548209366391463
2023-07-17,360,363,356,360,397252,-0.0055248618784530246
2023-07-18,362,364,351,354,538399,-0.01666666666666672
2023-07-19,354,357,348,351,339186,-0.008474576271186418
2023-07-20,353,353,344,349,286418,-0.005698005698005715
2023-07-21,349,355,345,345,399678,-0.011461318051575908
2023-07-24,344,349,339,339,527431,-0.017391304347826098
2023-07-25,333,341,315,329,740745,-0.029498525073746285
2023-07-26,327,327,313,319,788971,-0.03039513677811545
2023-07-27,315,339,315,331,358808,0.037617554858934144
2023-07-28,326,338,326,335,177728,0.012084592145015005
2023-07-31,335,338,333,335,227309,0.0
2023-08-01,335,339,331,331,538553,-0.011940298507462699
2023-08-02,334,334,324,325,398144,-0.01812688821752262
2023-08-03,325,327,317,323,421086,-0.006153846153846176
2023-08-04,325,325,316,322,212747,-0.003095975232198178
2023-08-07,321,325,315,319,157602,-0.009316770186335366
2023-08-08,330,330,315,315,389336,-0.01253918495297801
2023-08-09,316,319,313,318,246582,0.00952380952380949
2023-08-10,320,326,317,325,243866,0.022012578616352307
2023-08-11,325,326,320,326,285156,0.003076923076922977
2023-08-14,326,326,320,322,214604,-0.012269938650306789
2023-08-16,321,322,314,315,493704,-0.021739130434782594
2023-08-17,315,316,308,313,383547,-0.006349206349206327
2023-08-18,311,314,307,309,429755,-0.012779552715655007
2023-08-21,308,312,307,310,140977,0.003236245954692629
2023-08-22,310,311,307,310,283509,0.0
2023-08-23,308,311,307,309,236319,-0.003225806451612856
2023-08-24,307,313,307,310,425058,0.003236245954692629
2023-08-25,311,311,304,309,441007,-0.003225806451612856
2023-08-28,309,310,307,309,164312,0.0
2023-08-29,308,318,308,313,525021,0.012944983818770295
2023-08-30,314,315,311,315,107606,0.006389776357827559
2023-08-31,315,319,313,317,166086,0.006349206349206327
2023-09-01,317,318,312,315,143734,-0.006309148264984188
2023-09-04,315,315,305,308,172862,-0.022222222222222254
2023-09-05,308,314,299,306,363539,-0.00649350649350644
2023-09-06,303,307,300,303,195720,-0.009803921568627416
2023-09-07,303,306,297,300,221936,-0.00990099009900991
2023-09-08,298,302,298,301,70381,0.0033333333333334103
2023-09-11,301,304,297,301,106137,0.0
2023-09-12,301,304,299,300,149999,-0.0033222591362126463
2023-09-13,300,303,292,301,344662,0.0033333333333334103
2023-09-14,301,302,298,300,119335,-0.0033222591362126463
2023-09-15,303,305,300,302,143808,0.006666666666666599
2023-09-18,309,309,298,299,190098,-0.009933774834437137
2023-09-19,302,302,297,300,95405,0.0033444816053511683
2023-09-20,304,304,297,302,109440,0.006666666666666599
2023-09-21,309,309,295,297,187581,-0.01655629139072845
2023-09-22,298,299,296,296,85101,-0.0033670033670033517
2023-09-25,296,299,292,293,162145,-0.010135135135135087
2023-09-26,293,320,288,288,1082229,-0.017064846416382284
2023-09-27,286,301,286,295,225350,0.02430555555555558
2023-10-04,295,295,286,290,158343,-0.016949152542372836
2023-10-05,288,294,285,290,186542,0.0
2023-10-06,290,310,290,299,253190,0.03103448275862064
2023-10-10,301,302,295,296,174618,-0.010033444816053505
2023-10-11,293,301,293,300,157922,0.013513513513513598
2023-10-12,300,310,298,300,166819,0.0
2023-10-13,300,308,299,299,224701,-0.0033333333333332993
2023-10-16,301,305,300,304,106501,0.01672240802675584
2023-10-17,300,325,300,317,636059,0.04276315789473695
2023-10-18,317,320,311,314,133735,-0.009463722397476393
2023-10-19,314,343,298,304,1628719,-0.031847133757961776
2023-10-20,302,321,301,313,433921,0.02960526315789469
2023-10-23,305,313,304,306,162058,-0.022364217252396124
2023-10-24,310,312,301,308,155383,0.006535947712418277
2023-10-25,310,314,305,306,95430,-0.00649350649350644
2023-10-26,304,307,297,303,216664,-0.009803921568627416
2023-10-27,303,308,296,306,84043,0.00990099009900991
2023-10-30,306,315,303,309,103073,0.009803921568627416
2023-10-31,311,315,302,306,155057,-0.009708737864077666
2023-11-01,302,311,302,305,80805,-0.0032679738562091387
2023-11-02,305,310,303,308,111157,0.009836065573770592
2023-11-03,308,313,305,309,174907,0.0032467532467532756
2023-11-06,311,311,303,304,381349,-0.016181229773462813
2023-11-07,304,306,297,302,316287,-0.006578947368421018
2023-11-08,298,304,298,301,93580,-0.0033112582781457123
2023-11-09,300,306,300,302,50164,0.0033222591362125353
2023-11-10,300,304,298,298,75740,-0.013245033112582738
2023-11-13,298,300,290,291,220954,-0.023489932885906062
2023-11-14,291,298,287,297,93036,0.020618556701030855
2023-11-15,297,301,296,299,145017,0.006734006734006703
2023-11-16,299,303,298,300,178291,0.0033444816053511683
2023-11-17,301,302,296,299,40027,-0.0033333333333332993
2023-11-20,300,300,295,298,101001,-0.0033444816053511683
2023-11-21,298,302,298,299,61247,0.003355704697986628
2023-11-22,302,302,295,296,116497,-0.010033444816053505
2023-11-23,296,300,295,299,66533,0.010135135135135087
2023-11-24,297,301,295,298,141508,-0.0033444816053511683
2023-11-27,298,298,292,294,174303,-0.01342281879194629
2023-11-28,293,296,292,295,48152,0.00340136054421758
2023-11-29,293,297,290,293,144792,-0.006779661016949157
2023-11-30,293,301,292,298,150905,0.017064846416382284
2023-12-01,298,299,295,296,38208,-0.006711409395973145
2023-12-04,296,297,292,294,107821,-0.006756756756756799
2023-12-05,294,295,291,294,132744,0.0
2023-12-06,292,298,292,295,91611,0.00340136054421758
2023-12-07,292,299,292,296,194354,0.003389830508474523
2023-12-08,384,384,312,318,22572934,0.07432432432432434
2023-12-11,311,342,311,321,2705228,0.009433962264151052
2023-12-12,319,325,314,321,859370,0.0
2023-12-13,317,319,309,311,696235,-0.031152647975077885
2023-12-14,316,318,308,313,482431,0.006430868167202508
2023-12-15,310,385,310,336,16772626,0.07348242811501593
2023-12-18,336,380,330,355,7018674,0.05654761904761907
2023-12-19,355,397,350,369,5691971,0.03943661971830981
2023-12-20,372,388,369,369,2129646,0.0
2023-12-21,369,387,364,385,1787951,0.04336043360433606
2023-12-22,403,420,380,420,4953028,0.09090909090909083
2023-12-26,483,546,428,546,42746376,0.30000000000000004
2023-12-27,627,699,472,482,68011670,-0.11721611721611724
2023-12-28,503,540,417,427,25849192,-0.11410788381742742
2024-01-02,449,498,436,498,20554935,0.16627634660421542
2024-01-03,478,484,436,453,13999872,-0.09036144578313254
2024-01-04,446,446,396,396,10115404,-0.1258278145695364
2024-01-05,392,420,377,377,9734480,-0.04797979797979801
2024-01-08,377,380,363,367,3591431,-0.02652519893899208
2024-01-09,367,372,363,368,1777335,0.0027247956403269047
2024-01-10,367,372,348,352,2469059,-0.04347826086956519
2024-01-11,352,372,350,357,2133493,0.014204545454545414
2024-01-12,353,365,347,350,1124560,-0.019607843137254943
2024-01-15,347,358,347,349,518359,-0.0028571428571428914
2024-01-16,350,353,338,344,968939,-0.014326647564469885
2024-01-17,341,360,335,346,1858414,0.005813953488372103
2024-01-18,341,352,339,346,494224,0.0
2024-01-19,347,361,345,348,1202022,0.005780346820809301
2024-01-22,348,352,344,348,558644,0.0
2024-01-23,346,348,333,334,852528,-0.04022988505747127
2024-01-24,337,337,323,328,1022607,-0.017964071856287456
2024-01-25,328,332,322,330,479592,0.0060975609756097615
2024-01-26,330,361,329,343,1912680,0.039393939393939315
2024-01-29,341,343,331,333,713469,-0.029154518950437303
2024-01-30,333,342,331,336,413625,0.009009009009008917
2024-01-31,333,337,322,327,751266,-0.0267857142857143
2024-02-01,324,327,321,327,253109,0.0
2024-02-02,327,375,326,347,3890710,0.06116207951070329
2024-02-05,347,357,342,348,846475,0.0028818443804035088
2024-02-06,348,362,335,353,1236279,0.014367816091954033
2024-02-07,353,360,335,341,770056,-0.03399433427762044
2024-02-08,342,355,337,353,443209,0.035190615835777095
2024-02-13,353,361,349,355,813046,0.0056657223796034994
2024-02-14,355,358,343,348,1213405,-0.019718309859154903
2024-02-15,349,350,343,348,375790,0.0
2024-02-16,346,349,344,347,390673,-0.002873563218390829
2024-02-19,347,354,345,349,607806,0.0057636887608070175
2024-02-20,350,352,345,350,487248,0.002865329512893977
2024-02-21,346,352,345,348,484774,-0.005714285714285672
2024-02-22,348,349,345,347,346562,-0.002873563218390829
2024-02-23,347,348,335,337,595619,-0.028818443804034533
2024-02-26,338,340,332,337,246224,0.0
2024-02-27,337,341,329,332,350850,-0.014836795252225476
2024-02-28,332,335,328,335,328719,0.009036144578313143
2024-02-29,335,336,330,334,265588,-0.0029850746268657025
2024-03-04,334,340,332,335,297393,0.0029940119760478723
2024-03-05,328,339,323,324,424309,-0.032835820895522394
2024-03-06,324,326,313,322,618331,-0.006172839506172867
2024-03-07,322,326,319,324,314238,0.006211180124223503
2024-03-08,320,326,318,319,368558,-0.015432098765432056
2024-03-11,320,323,317,318,265566,-0.0031347962382445305
2024-03-12,319,327,317,317,272984,-0.0031446540880503138
2024-03-13,320,320,313,316,337126,-0.003154574132492094
2024-03-14,317,319,312,316,334809,0.0
2024-03-15,316,316,307,309,576105,-0.022151898734177222
2024-03-18,309,313,307,311,241986,0.006472491909385036
2024-03-19,312,329,311,312,748261,0.003215434083601254
2024-03-20,313,317,313,316,488896,0.012820512820512775
2024-03-21,316,320,313,314,586769,-0.006329113924050667
2024-03-22,313,320,313,318,375219,0.01273885350318471
2024-03-25,330,362,320,321,3549860,0.009433962264151052
2024-03-26,320,330,317,327,889076,0.01869158878504673
2024-03-27,327,330,320,320,338443,-0.021406727828746197
2024-03-28,322,322,316,320,221103,0.0
2024-03-29,320,322,315,321,180303,0.0031250000000000444
2024-04-01,321,328,318,327,579467,0.01869158878504673
2024-04-02,333,333,319,321,499903,-0.01834862385321101
2024-04-03,325,331,321,331,440307,0.031152647975077885
2024-04-04,331,335,326,327,258296,-0.012084592145015116
2024-04-05,325,357,324,336,4082128,0.02752293577981657
2024-04-08,337,356,333,354,1514502,0.0535714285714286
2024-04-09,355,356,347,349,470864,-0.01412429378531077
2024-04-11,352,353,341,342,327703,-0.02005730659025784
2024-04-12,342,354,340,349,484286,0.020467836257309857
2024-04-15,342,351,335,346,469911,-0.008595988538681931
2024-04-16,346,347,337,340,324755,-0.017341040462427793
2024-04-17,342,344,335,337,187585,-0.008823529411764675
2024-04-18,339,339,331,331,380994,-0.017804154302670572
2024-04-19,334,338,323,324,485686,-0.02114803625377648
2024-04-22,324,336,324,333,280340,0.02777777777777768
2024-04-23,335,345,333,335,356806,0.006006006006006093
2024-04-24,336,339,334,336,184965,0.0029850746268655914
2024-04-25,339,339,332,334,148791,-0.005952380952380931
2024-04-26,334,340,331,332,181996,-0.005988023952095856
2024-04-29,331,337,330,335,124106,0.009036144578313143
2024-04-30,338,360,332,343,633837,0.023880597014925398
2024-05-02,343,352,336,340,493961,-0.008746355685131157
2024-05-03,340,342,337,340,241761,0.0
2024-05-07,340,344,339,342,263100,0.00588235294117645
2024-05-08,340,345,340,343,171449,0.0029239766081872176
2024-05-09,345,360,343,350,910020,0.020408163265306145
2024-05-10,350,358,350,356,343318,0.017142857142857126
2024-05-13,353,358,348,350,205805,-0.016853932584269704
2024-05-14,348,375,345,367,1227975,0.04857142857142849
2024-05-16,364,380,363,369,453413,0.005449591280654031
2024-05-17,369,374,361,370,332880,0.0027100271002709064
2024-05-20,370,371,357,359,407554,-0.02972972972972976
2024-05-21,357,359,348,350,515452,-0.02506963788300831
2024-05-22,350,359,349,354,419938,0.011428571428571344
2024-05-23,354,359,351,352,170911,-0.005649717514124242
2024-05-24,352,356,349,349,181938,-0.008522727272727293
2024-05-27,352,353,349,353,140651,0.011461318051575908
2024-05-28,353,364,352,362,685885,0.025495750708215192
2024-05-29,404,420,364,368,6250851,0.016574585635359185
2024-05-30,378,392,369,379,1528893,0.029891304347826164
2024-05-31,389,389,378,381,527444,0.005277044854881341
2024-06-03,377,381,369,373,773676,-0.02099737532808399
2024-06-04,371,384,363,370,665528,-0.008042895442359255
2024-06-05,373,373,364,370,170469,0.0
2024-06-07,373,373,365,367,199718,-0.008108108108108136
2024-06-10,366,376,358,367,542782,0.0
2024-06-11,367,373,361,361,249029,-0.016348773841961872
2024-06-12,357,365,357,360,429793,-0.0027700831024930483
2024-06-13,361,362,350,351,314639,-0.025000000000000022
2024-06-14,352,360,348,355,227254,0.01139601139601143
2024-06-17,353,355,348,351,173789,-0.011267605633802802
2024-06-18,351,360,348,349,277463,-0.005698005698005715
2024-06-19,350,353,342,344,315349,-0.014326647564469885
2024-06-20,345,352,345,350,137918,0.01744186046511631
2024-06-21,350,363,330,347,387419,-0.008571428571428563
2024-06-24,355,355,346,350,137790,0.008645533141210304
2024-06-25,350,355,347,350,103774,0.0
2024-06-26,350,354,348,351,55902,0.0028571428571428914
2024-06-27,351,353,346,347,96589,-0.01139601139601143
2024-06-28,345,350,340,349,197785,0.0057636887608070175
2024-07-01,345,351,345,346,85039,-0.008595988538681931
2024-07-02,346,350,336,343,348846,-0.00867052023121384
2024-07-03,343,353,340,340,202776,-0.008746355685131157
2024-07-04,340,342,336,341,73292,0.002941176470588225
2024-07-05,340,380,338,346,1302593,0.014662756598240456
2024-07-08,347,374,343,360,591256,0.040462427745664664
2024-07-09,359,365,352,356,165876,-0.011111111111111072
2024-07-10,356,369,348,366,686302,0.028089887640449396
2024-07-11,364,373,361,365,247349,-0.002732240437158473
2024-07-12,371,371,358,358,159253,-0.019178082191780854
2024-07-15,356,361,352,357,203186,-0.0027932960893854997
2024-07-16,355,357,350,357,157737,0.0
2024-07-17,353,358,351,351,155799,-0.01680672268907568
2024-07-18,346,353,341,346,245373,-0.014245014245014231
2024-07-19,346,351,345,349,70968,0.00867052023121384
2024-07-22,349,351,345,351,130559,0.005730659025787954
2024-07-23,351,358,351,355,178584,0.01139601139601143
2024-07-24,355,360,352,355,171526,0.0
2024-07-25,351,354,344,347,310464,-0.022535211267605604
2024-07-26,348,355,342,346,175488,-0.0028818443804035088
2024-07-29,347,353,344,348,338019,0.005780346820809301
2024-07-30,346,356,345,349,281660,0.002873563218390718
2024-07-31,347,352,346,350,122160,0.002865329512893977
2024-08-01,350,353,348,351,191209,0.0028571428571428914
2024-08-02,349,353,345,345,168911,-0.017094017094017144
2024-08-05,343,346,305,322,654950,-0.06666666666666665
2024-08-06,306,336,306,330,323864,0.024844720496894457
2024-08-07,330,335,319,332,165565,0.0060606060606061
2024-08-08,329,349,329,342,465487,0.030120481927710774
2024-08-09,346,347,339,344,141335,0.005847953216374213
2024-08-12,408,447,405,447,33667943,0.2994186046511629
2024-08-13,437,514,392,466,40758255,0.04250559284116329
2024-08-14,462,462,425,429,7788133,-0.07939914163090134
2024-08-16,429,486,406,432,14759749,0.006993006993007089
2024-08-19,424,440,396,402,3082780,-0.06944444444444442
2024-08-20,403,413,396,400,1478136,-0.00497512437810943
2024-08-21,394,406,390,392,1386225,-0.020000000000000018
2024-08-22,392,396,365,366,2477681,-0.06632653061224492
2024-08-23,366,375,355,367,947238,0.002732240437158362
2024-08-26,368,377,362,363,850966,-0.010899182561307952
2024-08-27,360,365,352,357,494067,-0.016528925619834656
2024-08-28,359,360,340,342,1177694,-0.04201680672268904
2024-08-29,342,346,335,339,640198,-0.00877192982456143
2024-08-30,340,344,335,342,371189,0.008849557522123908
2024-09-02,343,345,334,342,567929,0.0
2024-09-03,348,348,338,338,472037,-0.011695906432748537
2024-09-04,334,338,331,333,596867,-0.014792899408283988
2024-09-05,333,337,330,334,327732,0.0030030030030030463
2024-09-06,332,337,329,332,385905,-0.005988023952095856
2024-09-09,328,335,328,332,279674,0.0
2024-09-10,331,335,322,325,600548,-0.02108433734939763
2024-09-11,323,334,321,324,264752,-0.003076923076923088
2024-09-12,324,334,324,330,187331,0.0185185185185186
2024-09-13,331,333,325,326,185037,-0.012121212121212088
2024-09-19,326,332,320,320,531991,-0.018404907975460127
2024-09-20,321,328,315,323,320863,0.009374999999999911
2024-09-23,323,329,320,320,128583,-0.009287925696594423
2024-09-24,323,328,307,319,344551,-0.0031250000000000444
2024-09-25,320,323,313,316,431317,-0.009404388714733591
2024-09-26,318,326,316,324,280719,0.025316455696202445
2024-09-27,324,326,320,322,223245,-0.006172839506172867
2024-09-30,324,373,324,329,5219387,0.021739130434782705
2024-10-02,329,335,324,324,423689,-0.015197568389057725
2024-10-04,324,340,322,331,703973,0.021604938271605034
2024-10-07,334,335,326,328,418534,-0.009063444108761365
2024-10-08,326,334,323,331,525828,0.009146341463414531
2024-10-10,332,335,324,325,421352,-0.01812688821752262
2024-10-11,325,331,325,326,344468,0.003076923076922977
2024-10-14,327,334,326,333,330986,0.021472392638036908
2024-10-15,333,336,326,329,523529,-0.012012012012011963
2024-10-16,327,329,323,327,296791,-0.006079027355623046
2024-10-17,326,327,319,320,421050,-0.021406727828746197
2024-10-18,321,326,315,315,293293,-0.015625
2024-10-21,315,325,315,315,439986,0.0
2024-10-22,315,318,312,314,190551,-0.0031746031746031633
2024-10-23,314,318,310,313,306587,-0.0031847133757961776
2024-10-24,312,315,308,310,299751,-0.009584664536741228
2024-10-25,310,313,307,308,138959,-0.006451612903225823
2024-10-28,312,314,308,309,102861,0.0032467532467532756
2024-10-29,309,315,302,302,429500,-0.02265372168284785
2024-10-30,303,307,301,304,114781,0.0066225165562914245
2024-10-31,304,312,303,310,196392,0.019736842105263053
2024-11-01,307,312,304,307,176126,-0.009677419354838679
2024-11-04,309,314,304,313,435080,0.019543973941368087
2024-11-05,310,314,308,310,78935,-0.009584664536741228
2024-11-06,310,320,308,310,119048,0.0
2024-11-07,310,316,303,309,207490,-0.003225806451612856
2024-11-08,314,315,306,309,108650,0.0
2024-11-11,309,312,303,303,226399,-0.01941747572815533
2024-11-12,303,305,298,299,303747,-0.01320132013201325
2024-11-13,299,300,293,295,450681,-0.013377926421404673
2024-11-14,295,300,289,289,267510,-0.02033898305084747
2024-11-15,293,293,285,286,349805,-0.01038062283737029
2024-11-18,287,294,287,287,236270,0.0034965034965035446
2024-11-19,287,294,287,291,135521,0.013937282229965264
2024-11-20,291,292,286,286,190222,-0.01718213058419249
2024-11-21,286,290,284,287,306156,0.0034965034965035446
2024-11-22,289,289,283,285,239939,-0.006968641114982632
2024-11-25,285,289,272,286,624151,0.0035087719298245723
2024-11-26,289,290,283,285,141826,-0.0034965034965035446
2024-11-27,285,286,281,282,230227,-0.010526315789473717
2024-11-28,284,285,278,278,249770,-0.014184397163120588
2024-11-29,283,284,271,280,619843,0.007194244604316502
2024-12-02,280,286,278,279,231141,-0.0035714285714285587
2024-12-03,280,341,280,305,7555468,0.09318996415770608
2024-12-04,290,293,270,277,1665133,-0.09180327868852456
2024-12-05,272,285,271,275,456692,-0.0072202166064981865
2024-12-06,271,279,268,275,244457,0.0
2024-12-09,272,273,251,251,688764,-0.08727272727272728
2024-12-10,253,269,251,266,478646,0.05976095617529875
2024-12-11,263,278,263,276,234818,0.03759398496240607
2024-12-12,276,283,276,282,261907,0.021739130434782705
2024-12-13,282,294,282,289,277756,0.024822695035461084
2024-12-16,295,298,289,292,374965,0.01038062283737018
2024-12-17,289,301,285,290,654273,-0.006849315068493178
2024-12-18,293,297,288,297,191659,0.024137931034482696
2024-12-19,295,300,288,297,297639,0.0
2024-12-20,297,309,291,300,711675,0.010101010101010166
2024-12-23,300,300,293,299,219914,-0.0033333333333332993
2024-12-24,296,302,292,292,178009,-0.02341137123745818
2024-12-26,295,298,288,289,205628,-0.010273972602739767
2024-12-27,286,295,286,291,259719,0.006920415224913601
2024-12-30,293,296,275,278,635851,-0.044673539518900296
2025-01-02,279,288,278,286,81605,0.02877697841726623
2025-01-03,286,295,286,291,85784,0.0174825174825175
2025-01-06,291,299,291,299,153197,0.027491408934707806
2025-01-07,299,305,292,294,379400,-0.01672240802675584
2025-01-08,294,307,292,301,526213,0.023809523809523725
2025-01-09,301,303,294,294,156303,-0.023255813953488413
2025-01-10,294,297,293,297,94209,0.010204081632652962
2025-01-13,297,297,287,288,157621,-0.030303030303030276
2025-01-14,292,294,279,288,278985,0.0
2025-01-15,289,291,278,278,265830,-0.03472222222222221
2025-01-16,282,283,278,283,231280,0.017985611510791477
2025-01-17,280,283,273,275,308052,-0.028268551236749095
2025-01-20,277,282,270,274,302359,-0.0036363636363636598
2025-01-21,275,277,265,272,154883,-0.007299270072992692
2025-01-22,271,276,265,269,213290,-0.011029411764705843
2025-01-23,272,272,264,267,121816,-0.0074349442379182396
2025-01-24,265,271,262,263,146484,-0.014981273408239737
2025-01-31,263,266,260,266,175499,0.011406844106463865
2025-02-03,268,268,258,262,174292,-0.015037593984962405
2025-02-04,262,283,250,250,381281,-0.04580152671755722
2025-02-05,252,257,252,257,144258,0.028000000000000025
2025-02-06,258,264,255,259,107223,0.0077821011673151474
2025-02-07,259,264,256,259,49676,0.0
2025-02-10,255,262,253,259,139755,0.0
2025-02-11,259,262,257,260,214070,0.0038610038610038533
2025-02-12,260,261,254,256,120069,-0.01538461538461533
2025-02-13,256,257,253,256,42933,0.0
2025-02-14,256,257,238,239,1033343,-0.06640625
2025-02-17,240,244,212,238,1348452,-0.004184100418409997
2025-02-18,237,240,231,236,353151,-0.008403361344537785
2025-02-19,236,240,230,232,210645,-0.016949152542372836
2025-02-20,237,238,232,237,196964,0.02155172413793105
2025-02-21,238,239,233,236,84404,-0.00421940928270037
2025-02-24,236,251,234,240,437940,0.016949152542372836
2025-02-25,243,245,239,242,187564,0.008333333333333304
2025-02-26,243,245,237,237,177531,-0.02066115702479343
2025-02-27,239,241,235,238,201162,0.00421940928270037
2025-02-28,238,248,236,241,519498,0.012605042016806678
2025-03-04,241,241,234,235,203572,-0.024896265560165998
2025-03-05,235,240,233,235,113867,0.0
2025-03-06,236,240,233,235,266670,0.0
2025-03-07,235,239,231,235,295118,0.0
2025-03-10,235,238,232,238,90108,0.012765957446808418
2025-03-11,238,238,231,236,106415,-0.008403361344537785
2025-03-12,236,240,235,238,115581,0.008474576271186418
2025-03-13,238,244,236,242,195122,0.01680672268907557
2025-03-14,240,251,240,249,222185,0.02892561983471076
2025-03-17,248,249,241,248,105271,-0.004016064257028162
2025-03-18,247,251,244,251,277600,0.012096774193548487
2025-03-19,252,260,248,259,405473,0.031872509960159334
2025-03-20,259,276,255,258,600819,-0.0038610038610038533
2025-03-21,258,263,256,260,370264,0.007751937984496138
2025-03-24,260,262,254,259,231842,-0.0038461538461538325
2025-03-25,259,263,239,259,143132,0.0
2025-03-26,259,268,250,267,205717,0.030888030888030826
2025-03-27,267,268,254,267,143757,0.0
2025-03-28,267,275,253,263,184190,-0.014981273408239737
2025-03-31,263,263,252,255,158335,-0.03041825095057038
2025-04-01,255,257,251,254,219039,-0.0039215686274509665
2025-04-02,253,253,248,250,37182,-0.015748031496062964
2025-04-03,250,252,246,246,88299,-0.016000000000000014
2025-04-04,246,248,236,240,136395,-0.024390243902439046
2025-04-07,238,242,230,236,102466,-0.01666666666666672
2025-04-08,236,242,230,237,153988,0.004237288135593209
2025-04-09,237,237,232,235,122702,-0.008438818565400852
2025-04-10,236,259,235,254,338211,0.08085106382978724
2025-04-11,254,258,249,252,172752,-0.007874015748031482
2025-04-14,245,247,231,236,890281,-0.06349206349206349
2025-04-15,239,241,232,236,399191,0.0
2025-04-16,237,306,236,306,35621468,0.2966101694915255
2025-04-17,318,349,276,282,14812481,-0.07843137254901966
2025-04-18,281,295,265,277,3912331,-0.01773049645390068
2025-04-21,281,332,278,296,18037570,0.06859205776173294
2025-04-22,304,368,300,310,35526356,0.04729729729729737
2025-04-23,323,364,287,299,19855256,-0.03548387096774197
2025-04-24,305,335,295,311,4838034,0.04013377926421402
2025-04-25,327,329,300,306,3703324,-0.01607717041800638
2025-04-28,315,315,284,286,3594252,-0.065359477124183
2025-04-29,283,360,282,333,24488081,0.16433566433566438
2025-04-30,332,334,307,313,3746930,-0.06006006006006004
2025-05-02,345,373,310,317,6832698,0.012779552715654896
2025-05-07,300,314,291,295,2682996,-0.06940063091482651
2025-05-08,287,289,276,289,1734799,-0.02033898305084747
2025-05-09,295,310,278,289,1633517,0.0
2025-05-12,300,346,284,325,11289487,0.12456747404844282
2025-05-13,328,422,328,383,60904145,0.17846153846153845
2025-05-14,383,391,354,375,7884864,-0.02088772845953002
2025-05-15,370,487,349,487,62859764,0.29866666666666664
2025-05-16,481,610,433,458,145515126,-0.05954825462012325
2025-05-19,459,471,391,395,13858948,-0.13755458515283847
2025-05-20,398,460,391,395,23727583,0.0
2025-05-21,394,402,377,381,4085581,-0.03544303797468351
2025-05-22,384,452,363,394,20039518,0.034120734908136496
2025-05-23,392,427,385,402,9867481,0.020304568527918843
2025-05-26,429,514,413,493,38929650,0.22636815920398012
2025-05-27,491,568,485,505,36110944,0.024340770791074995
2025-05-28,507,541,506,522,12473657,0.03366336633663369
2025-05-29,523,527,498,513,3171852,-0.017241379310344862
2025-05-30,513,513,491,494,2518252,-0.03703703703703709
2025-06-02,503,526,487,516,3188783,0.044534412955465674
2025-06-04,516,520,489,504,1781166,-0.023255813953488413
2025-06-05,509,517,493,507,2448207,0.005952380952380931
2025-06-09,505,513,493,497,2135464,-0.01972386587771202
2025-06-10,510,548,496,496,8540276,-0.002012072434607659
2025-06-11,497,543,483,509,17766108,0.02620967741935476
2025-06-12,510,513,494,504,3184809,-0.00982318271119842
2025-06-13,499,511,491,497,1691691,-0.01388888888888884
2025-06-16,495,498,488,493,885922,-0.008048289738430636
2025-06-17,493,500,444,457,2785728,-0.0730223123732252
2025-06-18,457,470,450,458,1042683,0.002188183807439792
2025-06-19,458,468,451,451,1032320,-0.015283842794759805
2025-06-20,451,454,432,440,1389947,-0.024390243902439046
2025-06-23,449,449,413,415,1800154,-0.05681818181818177
2025-06-24,415,424,404,411,1217013,-0.009638554216867434
2025-06-25,411,440,407,410,3474004,-0.0024330900243308973
2025-06-26,409,411,394,399,1184002,-0.02682926829268295
2025-06-27,400,402,385,390,985266,-0.022556390977443663
2025-06-30,389,404,389,395,371874,0.012820512820512775
2025-07-01,400,401,393,396,531539,0.0025316455696202667
2025-07-02,396,401,386,387,498659,-0.022727272727272707
2025-07-03,389,399,385,391,500401,0.010335917312661591
2025-07-04,391,391,379,381,447467,-0.025575447570332477
2025-07-07,388,415,378,398,1221077,0.044619422572178546
2025-07-08,388,414,385,406,973696,0.0201005025125629
2025-07-09,407,466,406,423,8948878,0.041871921182266014
2025-07-10,422,423,412,418,1107173,-0.011820330969267157
2025-07-11,415,423,376,385,3718498,-0.07894736842105265
2025-07-14,384,384,366,366,1820287,-0.04935064935064937
2025-07-15,363,376,358,372,772620,0.016393442622950838
2025-07-16,370,378,360,372,586643,0.0
2025-07-17,370,386,365,368,502879,-0.010752688172043001
2025-07-18,368,368,357,360,665132,-0.021739130434782594
2025-07-21,360,375,354,365,972915,0.01388888888888884
2025-07-22,370,370,342,347,1588619,-0.049315068493150704
2025-07-23,347,351,343,345,418351,-0.0057636887608069065
2025-07-24,345,350,339,345,656617,0.0
2025-07-25,346,348,342,345,353494,0.0
2025-07-28,345,346,333,335,459273,-0.02898550724637683
2025-07-29,339,364,334,345,1168985,0.029850746268656803
2025-07-30,346,350,333,335,548251,-0.02898550724637683
2025-07-31,335,341,332,339,298215,0.011940298507462588
2025-08-01,339,339,325,325,504847,-0.041297935103244865
2025-08-04,326,341,325,338,368659,0.040000000000000036
2025-08-05,338,345,329,331,561807,-0.020710059171597628
2025-08-06,331,333,324,326,598235,-0.015105740181268867
2025-08-07,326,328,319,321,366514,-0.015337423312883458
2025-08-08,321,326,316,320,428612,-0.0031152647975077885
2025-08-11,320,330,320,326,358170,0.018750000000000044
2025-08-12,327,337,325,328,202078,0.006134969325153339
2025-08-13,328,333,322,323,313013,-0.015243902439024404
2025-08-14,323,327,317,319,243759,-0.012383900928792602
2025-08-18,320,333,315,320,607475,0.0031347962382444194
2025-08-19,317,323,315,318,391283,-0.006249999999999978
2025-08-20,314,317,305,316,546797,-0.0062893081761006275
2025-08-21,317,322,315,319,385286,0.009493670886076
2025-08-22,320,330,320,326,408405,0.021943573667711602
2025-08-25,326,330,320,322,251534,-0.012269938650306789
