Date,Open,High,Low,Close,Volume,Change
2022-01-03,2335,2350,2315,2345,159742,0.010775862068965525
2022-01-04,2355,2360,2320,2355,169085,0.004264392324093924
2022-01-05,2340,2400,2320,2365,196793,0.00424628450106157
2022-01-06,2355,2365,2300,2315,191084,-0.02114164904862581
2022-01-07,2315,2340,2310,2325,93775,0.004319654427645814
2022-01-10,2350,2375,2290,2340,145137,0.006451612903225712
2022-01-11,2340,2385,2290,2315,197984,-0.010683760683760646
2022-01-12,2315,2330,2285,2315,147431,0.0
2022-01-13,2320,2325,2285,2295,97984,-0.008639308855291628
2022-01-14,2295,2320,2270,2305,129241,0.004357298474945592
2022-01-17,2305,2305,2195,2200,168509,-0.045553145336225564
2022-01-18,2200,2215,2150,2150,112506,-0.022727272727272707
2022-01-19,2080,2180,2080,2145,124857,-0.0023255813953488857
2022-01-20,2135,2540,2125,2280,2268899,0.06293706293706292
2022-01-21,2255,2275,2180,2190,362139,-0.03947368421052633
2022-01-24,2190,2190,2100,2130,133278,-0.0273972602739726
2022-01-25,2125,2130,2000,2015,231079,-0.0539906103286385
2022-01-26,1990,2055,1990,2015,92193,0.0
2022-01-27,2015,2035,1965,1975,168803,-0.01985111662531014
2022-01-28,1985,2205,1860,2045,409390,0.03544303797468351
2022-02-03,2045,2130,2045,2095,95704,0.02444987775061125
2022-02-04,2105,2130,2075,2075,80501,-0.009546539379474916
2022-02-07,2080,2170,2065,2115,56891,0.01927710843373487
2022-02-08,2120,2125,2065,2095,63391,-0.009456264775413725
2022-02-09,2100,2170,2085,2100,61064,0.0023866348448686736
2022-02-10,2110,2320,2050,2105,502796,0.0023809523809523725
2022-02-11,2105,2200,2080,2130,245325,0.01187648456057011
2022-02-14,2110,2110,2035,2035,113654,-0.04460093896713613
2022-02-15,2035,2050,1950,1970,117466,-0.03194103194103193
2022-02-16,1990,2045,1990,2040,72483,0.035532994923857864
2022-02-17,2040,2265,2020,2210,971448,0.08333333333333326
2022-02-18,2210,2300,2165,2235,306849,0.011312217194570096
2022-02-21,2220,2350,2180,2230,357311,-0.0022371364653244186
2022-02-22,2200,2275,2180,2205,143357,-0.011210762331838597
2022-02-23,2175,2230,2175,2200,105152,-0.0022675736961451642
2022-02-24,2180,2205,2065,2075,251953,-0.05681818181818177
2022-02-25,2075,2145,2075,2115,86706,0.01927710843373487
2022-02-28,2085,2240,2085,2180,141287,0.030732860520094496
2022-03-02,2200,2215,2160,2210,90477,0.013761467889908285
2022-03-03,2185,2235,2170,2220,130432,0.004524886877828038
2022-03-04,2220,2230,2185,2230,86996,0.0045045045045044585
2022-03-07,2230,2230,2150,2150,95379,-0.0358744394618834
2022-03-08,2085,2250,2085,2140,78943,-0.0046511627906976605
2022-03-10,2160,2230,2160,2165,77406,0.011682242990654235
2022-03-11,2165,2240,2145,2240,137076,0.03464203233256358
2022-03-14,2240,2240,2160,2190,132058,-0.022321428571428603
2022-03-15,2190,2335,2150,2285,650593,0.04337899543378998
2022-03-16,2275,2350,2240,2320,302056,0.015317286652078765
2022-03-17,2320,2360,2270,2290,267671,-0.012931034482758674
2022-03-18,2285,2425,2250,2315,673727,0.01091703056768556
2022-03-21,2310,2325,2275,2320,140704,0.002159827213822796
2022-03-22,2350,2500,2315,2500,536309,0.07758620689655182
2022-03-23,2445,2445,2360,2390,535269,-0.04400000000000004
2022-03-24,2390,2390,2330,2345,190087,-0.01882845188284521
2022-03-25,2350,2430,2335,2380,212868,0.014925373134328401
2022-03-28,2400,2410,2335,2400,131825,0.008403361344537785
2022-03-29,2420,2420,2355,2375,121205,-0.01041666666666663
2022-03-30,2370,2400,2340,2360,144082,-0.0063157894736841635
2022-03-31,2370,2400,2330,2400,105621,0.016949152542372836
2022-04-01,2400,2405,2350,2380,124893,-0.008333333333333304
2022-04-04,2385,2440,2350,2405,172298,0.010504201680672232
2022-04-05,2400,2420,2370,2415,70785,0.004158004158004047
2022-04-06,2390,2420,2320,2330,135538,-0.035196687370600444
2022-04-07,2335,2335,2245,2250,191968,-0.03433476394849788
2022-04-08,2315,2670,2280,2355,3523265,0.046666666666666634
2022-04-11,2355,2380,2290,2305,240503,-0.02123142250530785
2022-04-12,2305,2305,2200,2230,197910,-0.03253796095444683
2022-04-13,2230,2285,2225,2255,90891,0.011210762331838486
2022-04-14,2260,2300,2230,2260,162014,0.0022172949002217113
2022-04-15,2265,2285,2235,2275,106720,0.006637168141592875
2022-04-18,2290,2290,2235,2260,67819,-0.00659340659340657
2022-04-19,2260,2275,2220,2270,103736,0.004424778761061843
2022-04-20,2270,2330,2255,2305,107331,0.01541850220264318
2022-04-21,2295,2310,2270,2300,55330,-0.002169197396963085
2022-04-22,2270,2275,2230,2240,117975,-0.02608695652173909
2022-04-25,2220,2220,2100,2155,262629,-0.0379464285714286
2022-04-26,2155,2190,2050,2160,233629,0.002320185614849146
2022-04-27,2150,2230,2095,2225,107777,0.03009259259259256
2022-04-28,2235,2300,2160,2245,285063,0.008988764044943753
2022-04-29,2260,2300,2205,2230,168974,-0.006681514476614692
2022-05-02,2200,2225,2195,2210,46966,-0.008968609865470878
2022-05-03,2210,2270,2130,2235,150320,0.011312217194570096
2022-05-04,2220,2260,2200,2205,98683,-0.01342281879194629
2022-05-06,2205,2205,2130,2130,99749,-0.03401360544217691
2022-05-09,2130,2165,2080,2080,111533,-0.023474178403755874
2022-05-10,2080,2120,1990,2120,143345,0.019230769230769162
2022-05-11,2135,2145,2075,2105,47588,-0.007075471698113178
2022-05-12,2095,2095,2000,2020,104040,-0.040380047505938266
2022-05-13,2060,2070,1995,2010,124110,-0.004950495049504955
2022-05-16,2010,2080,2010,2025,98809,0.00746268656716409
2022-05-17,2035,2070,2000,2040,82166,0.007407407407407307
2022-05-18,2065,2110,2035,2055,50311,0.007352941176470562
2022-05-19,2010,2035,1995,2015,70472,-0.019464720194647178
2022-05-20,2045,2050,2020,2030,48379,0.007444168734491274
2022-05-23,2045,2125,2045,2075,76704,0.022167487684729092
2022-05-24,2100,2100,2010,2020,92066,-0.026506024096385583
2022-05-25,2035,2060,2005,2040,86662,0.00990099009900991
2022-05-26,2035,2070,2005,2025,73696,-0.007352941176470562
2022-05-27,2060,2175,2030,2060,171745,0.01728395061728394
2022-05-30,2075,2085,2050,2050,77640,-0.004854368932038833
2022-05-31,2070,2130,2050,2085,121208,0.017073170731707332
2022-06-02,2090,2130,2085,2120,65413,0.01678657074340517
2022-06-03,2125,2145,2100,2120,49108,0.0
2022-06-07,2120,2120,2090,2115,82442,-0.002358490566037763
2022-06-08,2115,2180,2110,2125,82985,0.004728132387706863
2022-06-09,2125,2155,2125,2135,111178,0.004705882352941115
2022-06-10,2150,2165,2070,2135,100248,0.0
2022-06-13,2060,2115,1990,1990,170203,-0.0679156908665105
2022-06-14,1950,1975,1875,1940,131609,-0.025125628140703515
2022-06-15,1920,1950,1860,1865,106625,-0.03865979381443296
2022-06-16,1905,1945,1855,1880,91134,0.008042895442359255
2022-06-17,1855,1920,1800,1910,92618,0.015957446808510634
2022-06-20,1910,1910,1765,1785,125468,-0.06544502617801051
2022-06-21,1785,1805,1745,1775,39192,-0.0056022408963585235
2022-06-22,1785,1785,1660,1670,90480,-0.05915492957746482
2022-06-23,1670,1680,1540,1540,178941,-0.07784431137724546
2022-06-24,1540,1650,1530,1630,72118,0.05844155844155852
2022-06-27,1635,1710,1620,1695,67858,0.039877300613496924
2022-06-28,1720,1720,1655,1690,36317,-0.002949852507374673
2022-06-29,1655,1700,1650,1680,31684,-0.00591715976331364
2022-06-30,1670,1675,1610,1610,50694,-0.04166666666666663
2022-07-01,1595,1645,1580,1590,44125,-0.012422360248447228
2022-07-04,1590,1625,1540,1560,23867,-0.018867924528301883
2022-07-05,1560,1700,1560,1630,35511,0.044871794871794934
2022-07-06,1645,1650,1600,1645,19060,0.009202453987730008
2022-07-07,1645,2065,1640,1820,3000955,0.1063829787234043
2022-07-08,1820,1845,1740,1740,319379,-0.04395604395604391
2022-07-11,1745,2260,1745,2260,4640024,0.29885057471264376
2022-07-12,2425,2845,2315,2510,22208269,0.11061946902654873
2022-07-13,2410,2500,2270,2355,2508768,-0.06175298804780871
2022-07-14,2300,2355,2215,2320,1290065,-0.014861995753715496
2022-07-15,2260,2260,2115,2135,1018296,-0.07974137931034486
2022-07-18,2160,2425,2135,2290,3679468,0.07259953161592514
2022-07-19,2285,2290,2195,2275,636902,-0.0065502183406113135
2022-07-20,2275,2435,2255,2280,1363845,0.00219780219780219
2022-07-21,2345,2445,2290,2325,1049467,0.019736842105263053
2022-07-22,2385,2435,2280,2315,481031,-0.004301075268817178
2022-07-25,2315,2390,2205,2290,333567,-0.010799136069114423
2022-07-26,2300,2395,2270,2320,511899,0.013100436681222627
2022-07-27,2335,2415,2305,2325,402572,0.0021551724137931494
2022-07-28,2325,2430,2280,2420,622800,0.04086021505376336
2022-07-29,2415,2415,2310,2345,389204,-0.030991735537190035
2022-08-01,2345,2365,2260,2350,165458,0.002132196162046851
2022-08-02,2350,2360,2300,2310,129001,-0.017021276595744705
2022-08-03,2310,2420,2300,2415,473167,0.045454545454545414
2022-08-04,2420,2460,2340,2415,573154,0.0
2022-08-05,2415,2530,2380,2420,929671,0.0020703933747412417
2022-08-08,2420,2550,2400,2510,771192,0.037190082644628086
2022-08-09,2530,2530,2425,2450,310290,-0.0239043824701195
2022-08-10,2425,2435,2300,2435,427782,-0.006122448979591799
2022-08-11,2470,2475,2390,2425,257131,-0.004106776180698102
2022-08-12,2425,2475,2400,2455,279831,0.012371134020618513
2022-08-16,2440,2465,2370,2420,232765,-0.014256619144602856
2022-08-17,2425,2455,2380,2395,165137,-0.010330578512396715
2022-08-18,2340,2365,2250,2280,469427,-0.04801670146137782
2022-08-19,2300,2355,2280,2310,120999,0.013157894736842035
2022-08-22,2350,2350,2230,2240,148298,-0.030303030303030276
2022-08-23,2205,2270,2175,2240,162416,0.0
2022-08-24,2290,2290,2180,2215,113364,-0.011160714285714302
2022-08-25,2225,2260,2225,2260,144589,0.020316027088036037
2022-08-26,2310,2310,2225,2225,150691,-0.015486725663716783
2022-08-29,2160,2190,2070,2185,244539,-0.017977528089887618
2022-08-30,2150,2260,2150,2235,136153,0.022883295194507935
2022-08-31,2265,2300,2205,2255,179983,0.008948545861297452
2022-09-01,2235,2285,2200,2200,128137,-0.024390243902439046
2022-09-02,2190,2225,2160,2165,76869,-0.015909090909090873
2022-09-05,2150,2175,2075,2075,100140,-0.04157043879907618
2022-09-06,2085,2165,2085,2165,88029,0.04337349397590362
2022-09-07,2160,2160,2030,2030,187394,-0.06235565819861433
2022-09-08,2105,2390,2050,2065,1732254,0.01724137931034475
2022-09-13,2130,2160,2100,2105,105699,0.01937046004842613
2022-09-14,2090,2120,2000,2120,146481,0.0071258907363420665
2022-09-15,2100,2135,2025,2055,151688,-0.030660377358490587
2022-09-16,2050,2060,1985,2010,142167,-0.021897810218978075
2022-09-19,2010,2010,1900,1915,224176,-0.04726368159203975
2022-09-20,1945,2300,1945,2065,3344537,0.07832898172323755
2022-09-21,2035,2065,1980,2010,230097,-0.0266343825665859
2022-09-22,1950,1970,1865,1920,274956,-0.04477611940298509
2022-09-23,1885,1925,1815,1830,200860,-0.046875
2022-09-26,1830,1840,1725,1735,158656,-0.051912568306010876
2022-09-27,1655,1780,1655,1750,120675,0.008645533141210304
2022-09-28,1780,1850,1655,1690,138155,-0.03428571428571425
2022-09-29,1700,1790,1690,1700,132211,0.00591715976331364
2022-09-30,1620,1710,1610,1700,165501,0.0
2022-10-04,1720,1780,1705,1740,112549,0.0235294117647058
2022-10-05,1760,1845,1710,1710,104760,-0.017241379310344862
2022-10-06,1710,1780,1710,1725,84973,0.00877192982456143
2022-10-07,1735,1780,1720,1780,48683,0.03188405797101446
2022-10-11,1780,1780,1640,1665,120004,-0.0646067415730337
2022-10-12,1670,1800,1600,1630,304759,-0.02102102102102099
2022-10-13,1630,1835,1545,1805,1104720,0.1073619631901841
2022-10-14,1825,2005,1685,1705,1799899,-0.05540166204986152
2022-10-17,1725,1725,1660,1710,202778,0.0029325513196480912
2022-10-18,1720,1745,1695,1715,208653,0.0029239766081872176
2022-10-19,1700,1750,1695,1725,132056,0.005830903790087438
2022-10-20,1725,1735,1670,1700,138849,-0.01449275362318836
2022-10-21,1700,1715,1660,1665,172311,-0.020588235294117685
2022-10-24,1900,1915,1710,1720,1130606,0.033033033033033066
2022-10-25,1740,1745,1690,1710,174371,-0.005813953488372103
2022-10-26,1725,1730,1665,1695,125853,-0.00877192982456143
2022-10-27,1665,1740,1665,1690,153844,-0.002949852507374673
2022-10-28,1710,1750,1695,1715,137598,0.014792899408283988
2022-10-31,1730,1745,1695,1715,109237,0.0
2022-11-01,1715,1745,1705,1730,165665,0.008746355685131268
2022-11-02,1715,1740,1705,1715,106791,-0.00867052023121384
2022-11-03,1685,1730,1680,1715,112276,0.0
2022-11-04,1700,1720,1660,1685,153994,-0.017492711370262426
2022-11-07,1690,1700,1660,1680,98559,-0.0029673590504450953
2022-11-08,1680,1750,1680,1750,248567,0.04166666666666674
2022-11-09,1750,1780,1725,1755,69962,0.0028571428571428914
2022-11-10,1745,1745,1700,1715,62089,-0.022792022792022748
2022-11-11,1740,1790,1720,1780,277478,0.03790087463556846
2022-11-14,1800,1800,1710,1775,269458,-0.002808988764044895
2022-11-15,1760,1800,1750,1800,162172,0.014084507042253502
2022-11-16,1810,1825,1730,1790,182217,-0.005555555555555536
2022-11-17,1790,1810,1755,1785,86323,-0.0027932960893854997
2022-11-18,1785,1795,1750,1775,79409,-0.0056022408963585235
2022-11-21,1790,2175,1760,1895,3127226,0.06760563380281681
2022-11-22,1860,1910,1820,1885,367659,-0.00527704485488123
2022-11-23,1890,1895,1820,1830,267829,-0.02917771883289122
2022-11-24,1840,1875,1810,1865,173687,0.0191256830601092
2022-11-25,1850,1860,1815,1845,107870,-0.01072386058981234
2022-11-28,1845,1845,1710,1745,311338,-0.054200542005420016
2022-11-29,1740,1775,1680,1760,143861,0.008595988538681931
2022-11-30,1770,1775,1730,1745,88905,-0.008522727272727293
2022-12-01,1780,1790,1755,1775,79743,0.017191977077363862
2022-12-02,1765,1800,1735,1750,82698,-0.014084507042253502
2022-12-05,1760,1775,1730,1745,67594,-0.0028571428571428914
2022-12-06,1745,1750,1700,1715,68513,-0.017191977077363862
2022-12-07,1685,1710,1680,1690,84549,-0.014577259475218707
2022-12-08,1670,1690,1635,1660,80097,-0.017751479289940808
2022-12-09,1660,1685,1660,1680,60636,0.012048192771084265
2022-12-12,1680,1915,1680,1900,2435175,0.13095238095238093
2022-12-13,2085,2085,1930,2020,1944019,0.06315789473684208
2022-12-14,1850,1940,1825,1860,949235,-0.07920792079207917
2022-12-15,1860,1935,1820,1835,432441,-0.013440860215053752
2022-12-16,1865,1885,1830,1835,221588,0.0
2022-12-19,1845,1885,1770,1810,252388,-0.013623978201634857
2022-12-20,1780,1805,1720,1745,269915,-0.035911602209944715
2022-12-21,1745,1780,1735,1765,94092,0.011461318051575908
2022-12-22,1775,1830,1750,1755,92435,-0.005665722379603388
2022-12-23,1725,1735,1685,1685,153237,-0.03988603988603989
2022-12-26,1695,1705,1635,1665,78262,-0.011869436201780381
2022-12-27,1660,1710,1640,1675,136866,0.006006006006006093
2022-12-28,1675,1710,1645,1675,68862,0.0
2022-12-29,1675,1675,1615,1640,107059,-0.020895522388059695
2023-01-02,1640,1705,1620,1630,67656,-0.0060975609756097615
2023-01-03,1590,1655,1560,1650,136525,0.012269938650306678
2023-01-04,1650,1660,1610,1660,59005,0.0060606060606061
2023-01-05,1680,1680,1630,1645,67678,-0.009036144578313254
2023-01-06,1615,1665,1615,1665,95287,0.012158054711246091
2023-01-09,1670,1725,1670,1720,111715,0.033033033033033066
2023-01-10,1720,1735,1695,1705,55364,-0.008720930232558155
2023-01-11,1705,1735,1705,1725,54167,0.011730205278592365
2023-01-12,1740,1930,1715,1725,2386034,0.0
2023-01-13,1740,1795,1730,1765,442568,0.023188405797101463
2023-01-16,1785,1785,1750,1765,133360,0.0
2023-01-17,1765,1780,1740,1750,123573,-0.008498583569405138
2023-01-18,1730,1755,1705,1740,93154,-0.005714285714285672
2023-01-19,1735,1765,1720,1745,64680,0.002873563218390718
2023-01-20,1745,1795,1725,1760,113410,0.008595988538681931
2023-01-25,1760,1800,1750,1760,95549,0.0
2023-01-26,1760,1793,1725,1771,107145,0.006250000000000089
2023-01-27,1786,1797,1773,1787,67772,0.009034443817052429
2023-01-30,1820,1837,1760,1799,121076,0.006715165081141672
2023-01-31,1780,1830,1780,1801,92536,0.0011117287381878782
2023-02-01,1802,1939,1802,1865,464816,0.035535813436979424
2023-02-02,1868,1946,1847,1930,258362,0.034852546916890104
2023-02-03,1935,1985,1905,1961,177526,0.016062176165803077
2023-02-06,1943,1953,1912,1938,103294,-0.011728709841917428
2023-02-07,1927,1948,1912,1912,77074,-0.013415892672858587
2023-02-08,1948,2025,1920,1976,324524,0.03347280334728042
2023-02-09,1976,2050,1975,1999,202731,0.011639676113360364
2023-02-10,2025,2025,1926,1949,164598,-0.025012506253126565
2023-02-13,1984,1984,1895,1940,98804,-0.004617752693689026
2023-02-14,1910,1957,1910,1925,91639,-0.0077319587628865705
2023-02-15,1926,1950,1846,1854,108178,-0.03688311688311685
2023-02-16,1854,1902,1854,1880,90554,0.014023732470334505
2023-02-17,1882,1919,1822,1827,68200,-0.028191489361702127
2023-02-20,1895,1895,1802,1842,53666,0.008210180623973828
2023-02-21,1850,1858,1791,1796,113443,-0.02497285559174811
2023-02-22,1786,1795,1750,1762,107606,-0.018930957683741645
2023-02-23,1750,1845,1747,1795,165893,0.018728717366628844
2023-02-24,1850,2290,1833,2145,9196444,0.19498607242339827
2023-02-27,2105,2110,2000,2040,942460,-0.04895104895104896
2023-02-28,2040,2050,1963,1998,621162,-0.020588235294117685
2023-03-02,2035,2035,1925,2015,433532,0.008508508508508594
2023-03-03,2045,2045,1979,2015,227419,0.0
2023-03-06,2015,2015,1975,1986,174414,-0.014392059553349879
2023-03-07,1986,2025,1935,2025,252425,0.01963746223564944
2023-03-08,2005,2015,1975,2015,136790,-0.004938271604938316
2023-03-09,2015,2060,1984,1995,269214,-0.00992555831265507
2023-03-10,1992,2095,1974,2005,517379,0.005012531328320913
2023-03-13,1990,1990,1890,1926,254059,-0.03940149625935163
2023-03-14,1891,1926,1835,1835,179641,-0.04724818276220144
2023-03-15,1865,1899,1835,1852,97431,0.009264305177111742
2023-03-16,1880,1900,1787,1832,135616,-0.010799136069114423
2023-03-17,1835,1938,1800,1900,244119,0.037117903930131035
2023-03-20,1926,2025,1900,1980,279149,0.042105263157894646
2023-03-21,2000,2195,1951,1973,1579283,-0.0035353535353535026
2023-03-22,1970,1987,1953,1968,115382,-0.0025342118601114905
2023-03-23,1950,1965,1880,1907,161532,-0.030995934959349603
2023-03-24,1950,2050,1907,2010,333072,0.0540115364446776
2023-03-27,2030,2030,1980,2020,138269,0.004975124378109541
2023-03-28,2020,2050,1985,2000,88395,-0.00990099009900991
2023-03-29,2000,2015,1970,1995,95233,-0.0024999999999999467
2023-03-30,2005,2010,1960,1987,102368,-0.004010025062656686
2023-03-31,2015,2015,1927,1955,176415,-0.01610468042274782
2023-04-03,1976,2010,1913,1939,160587,-0.00818414322250638
2023-04-04,1936,1993,1931,1960,90881,0.010830324909747224
2023-04-05,1937,2095,1933,2035,445603,0.03826530612244894
2023-04-06,2035,2140,2000,2025,452064,-0.004914004914004955
2023-04-07,2025,2080,1993,2030,109428,0.0024691358024691024
2023-04-10,2055,2130,1986,2070,500068,0.019704433497536922
2023-04-11,2065,2130,2020,2100,503078,0.01449275362318847
2023-04-12,2105,2225,2070,2185,1188807,0.040476190476190554
2023-04-13,2160,2175,2050,2130,252676,-0.02517162471395884
2023-04-14,2130,2150,2075,2120,352746,-0.0046948356807511304
2023-04-17,2115,2145,2060,2120,167564,0.0
2023-04-18,2120,2120,2045,2060,233343,-0.028301886792452824
2023-04-19,2060,2150,2060,2110,204499,0.024271844660194164
2023-04-20,2145,2300,2080,2300,858145,0.09004739336492884
2023-04-21,2200,2270,2060,2060,795170,-0.10434782608695647
2023-04-24,2100,2260,2085,2255,849420,0.09466019417475735
2023-04-25,2280,2615,2180,2220,5008392,-0.01552106430155209
2023-04-26,2190,2190,2075,2145,609743,-0.03378378378378377
2023-04-27,2145,2360,2125,2345,1270430,0.09324009324009319
2023-04-28,2345,2580,2220,2220,3191692,-0.05330490405117272
2023-05-02,2310,2490,2300,2330,936001,0.04954954954954949
2023-05-03,2300,2370,2265,2335,327335,0.0021459227467810482
2023-05-04,2335,2520,2220,2305,1687948,-0.012847965738758016
2023-05-08,2315,2325,2245,2300,426632,-0.002169197396963085
2023-05-09,2270,2305,2220,2240,212157,-0.02608695652173909
2023-05-10,2225,2270,2170,2205,161137,-0.015625
2023-05-11,2280,2865,2255,2865,36609019,0.2993197278911566
2023-05-12,2940,3100,2675,2675,20453486,-0.06631762652705064
2023-05-15,2790,3030,2625,2680,14135254,0.0018691588785046953
2023-05-16,2645,2830,2550,2705,5647872,0.009328358208955168
2023-05-17,2660,2765,2580,2600,2065958,-0.038817005545286554
2023-05-18,2585,2810,2555,2785,4760627,0.07115384615384612
2023-05-19,2725,2725,2600,2705,1813122,-0.02872531418312385
2023-05-22,2715,2770,2620,2650,1586187,-0.020332717190388205
2023-05-23,2655,2680,2455,2490,1684784,-0.060377358490566024
2023-05-24,2500,2550,2425,2520,1071521,0.012048192771084265
2023-05-25,2480,2650,2475,2650,1289557,0.051587301587301626
2023-05-26,2680,2805,2650,2670,3363963,0.007547169811320753
2023-05-30,2730,2795,2540,2640,1249302,-0.011235955056179803
2023-05-31,2615,2730,2555,2615,652184,-0.009469696969697017
2023-06-01,2660,2840,2560,2785,3664647,0.0650095602294456
2023-06-02,2715,2770,2680,2770,998432,-0.0053859964093356805
2023-06-05,2730,2800,2725,2780,909932,0.0036101083032491488
2023-06-07,2790,2990,2740,2770,5943954,-0.003597122302158251
2023-06-08,2770,2795,2655,2705,952965,-0.023465703971119134
2023-06-09,2700,2730,2435,2550,2048442,-0.05730129390018479
2023-06-12,2570,2630,2450,2500,1101498,-0.019607843137254943
2023-06-13,2500,2580,2460,2540,821777,0.016000000000000014
2023-06-14,2530,2540,2390,2415,689918,-0.049212598425196874
2023-06-15,2430,2465,2330,2380,608218,-0.01449275362318836
2023-06-16,2425,2460,2350,2435,367778,0.02310924369747891
2023-06-19,2420,2570,2370,2540,613966,0.04312114989733051
2023-06-20,2555,2570,2480,2505,298129,-0.013779527559055094
2023-06-21,2540,2540,2440,2480,221985,-0.009980039920159722
2023-06-22,2465,2510,2435,2480,169741,0.0
2023-06-23,2480,2515,2430,2485,185393,0.002016129032258007
2023-06-26,2450,2530,2430,2480,224178,-0.002012072434607659
2023-06-27,2505,2535,2460,2485,179590,0.002016129032258007
2023-06-28,2485,2515,2420,2420,246745,-0.026156941649899346
2023-06-29,2410,2465,2370,2380,213109,-0.016528925619834656
2023-06-30,2370,2380,2300,2350,290554,-0.012605042016806678
2023-07-03,2335,2385,2325,2355,154382,0.0021276595744681437
2023-07-04,2380,2400,2310,2355,194676,0.0
2023-07-05,2370,2370,2230,2340,502441,-0.006369426751592355
2023-07-06,2320,2330,2250,2290,209898,-0.021367521367521403
2023-07-07,2250,2300,2235,2270,167919,-0.008733624454148492
2023-07-10,2265,2305,2220,2245,204596,-0.011013215859030812
2023-07-11,2245,2295,2230,2260,243012,0.006681514476614803
2023-07-12,2265,2330,2250,2300,339575,0.017699115044247815
2023-07-13,2305,2310,2215,2215,337673,-0.036956521739130443
2023-07-14,2230,2285,2150,2190,322704,-0.011286681715575675
2023-07-17,2205,2230,2135,2205,181789,0.006849315068493178
2023-07-18,2205,2270,2175,2210,322652,0.0022675736961450532
2023-07-19,2215,2240,2095,2105,417995,-0.04751131221719462
2023-07-20,2105,2145,2085,2100,186007,-0.002375296912114022
2023-07-21,2100,2130,2070,2105,167451,0.0023809523809523725
2023-07-24,2100,2155,2020,2045,406650,-0.028503562945368155
2023-07-25,2025,2050,1950,1975,343800,-0.03422982885085579
2023-07-26,1976,1992,1840,1911,559395,-0.032405063291139236
2023-07-27,1874,1998,1874,1956,190093,0.023547880690737877
2023-07-28,1956,2185,1956,2150,452046,0.09918200408997957
2023-07-31,2225,2460,2200,2350,3514687,0.09302325581395343
2023-08-01,2380,3010,2380,2835,29222043,0.20638297872340416
2023-08-02,3450,3685,3220,3685,18636359,0.2998236331569666
2023-08-03,3685,4790,3680,4400,66181440,0.19402985074626855
2023-08-04,3545,4750,3080,3155,75014117,-0.28295454545454546
2023-08-07,3350,3940,3205,3785,31579978,0.19968304278922355
2023-08-08,4150,4630,2730,2815,39577540,-0.25627476882430644
2023-08-09,2715,2975,2610,2775,9332069,-0.014209591474245165
2023-08-10,2950,2995,2665,2815,10054668,0.01441441441441449
2023-08-11,2850,2925,2575,2730,7405953,-0.030195381882770822
2023-08-14,3055,3545,3040,3545,14266916,0.2985347985347986
2023-08-16,4100,4605,4060,4605,25990779,0.29901269393511987
2023-08-17,4600,4800,3225,3615,43082870,-0.21498371335504884
2023-08-18,3405,3500,2810,3045,12427252,-0.15767634854771784
2023-08-21,3045,3495,2720,2975,25937268,-0.02298850574712641
2023-08-22,3035,3170,2810,3170,11028535,0.06554621848739495
2023-08-23,3350,3830,2930,3050,36253018,-0.03785488958990535
2023-08-24,3060,3655,3050,3535,20651149,0.15901639344262297
2023-08-25,3625,3675,3235,3260,10797122,-0.07779349363507782
2023-08-28,3265,3580,3145,3340,9646735,0.024539877300613577
2023-08-29,3315,3550,3155,3240,9143258,-0.029940119760479056
2023-08-30,3215,3290,3105,3105,2495099,-0.04166666666666663
2023-08-31,3085,3120,2830,2860,3610421,-0.07890499194847023
2023-09-01,2805,2815,2710,2750,2265558,-0.038461538461538436
2023-09-04,2750,2820,2690,2700,2008854,-0.018181818181818188
2023-09-05,2710,3160,2710,2890,12010406,0.07037037037037042
2023-09-06,2910,2915,2760,2770,1645081,-0.04152249134948094
2023-09-07,2800,2850,2650,2660,1548464,-0.03971119133574008
2023-09-08,2575,2750,2540,2650,1219407,-0.003759398496240629
2023-09-11,2600,2640,2545,2550,984324,-0.037735849056603765
2023-09-12,2570,2655,2465,2480,1205163,-0.027450980392156876
2023-09-13,2450,2500,2380,2380,864517,-0.040322580645161255
2023-09-14,2420,3010,2420,2675,19828914,0.12394957983193278
2023-09-15,2555,2850,2530,2565,5131540,-0.04112149532710285
2023-09-18,2640,2925,2605,2695,8588004,0.050682261208577106
2023-09-19,2705,3500,2660,3500,35292774,0.2987012987012987
2023-09-20,3970,4550,3920,4550,54670630,0.30000000000000004
2023-09-21,4900,5910,4880,5910,35867967,0.29890109890109895
2023-09-22,6850,7270,5540,5910,67540441,0.0
2023-09-25,6230,6830,5410,6240,47709852,0.055837563451776706
2023-09-26,5960,6340,5320,6120,15395964,-0.019230769230769273
2023-09-27,5830,5900,5410,5410,9994255,-0.11601307189542487
2023-10-04,5220,5730,5170,5360,9710676,-0.009242144177449174
2023-10-05,5350,5350,4645,4695,7813507,-0.12406716417910446
2023-10-06,4750,5290,4750,5020,9935359,0.06922257720979763
2023-10-10,4910,5100,4620,4815,4976278,-0.04083665338645415
2023-10-11,4890,5330,4765,5330,7824736,0.10695742471443404
2023-10-12,5260,5450,5100,5420,6207698,0.016885553470919357
2023-10-13,5220,5250,4910,5100,4734612,-0.059040590405904037
2023-10-16,4945,4985,4690,4915,3823264,-0.03627450980392155
2023-10-17,5290,6380,5020,6380,25912411,0.2980671414038658
2023-10-18,6870,8100,6680,7000,56914429,0.09717868338557989
2023-10-19,6630,6790,6050,6300,14962409,-0.09999999999999998
2023-10-20,5850,5860,5400,5480,7667154,-0.13015873015873014
2023-10-23,5450,5740,5130,5130,5657062,-0.06386861313868608
2023-10-24,5380,5460,5020,5310,3949451,0.03508771929824572
2023-10-25,5210,5380,4925,4925,2949877,-0.07250470809792842
2023-10-26,4770,5080,4650,4875,2758500,-0.010152284263959421
2023-10-27,4865,5180,4655,5180,2543261,0.06256410256410261
2023-10-30,5150,5210,4925,5070,1714372,-0.021235521235521193
2023-10-31,5100,6150,5100,5770,18416933,0.13806706114398426
2023-11-01,5600,6290,5550,6030,8739559,0.045060658578856216
2023-11-02,5900,6340,5610,5910,6553447,-0.01990049751243783
2023-11-03,5990,6200,5440,5510,5978793,-0.06768189509306266
2023-11-06,5510,5670,5210,5550,4420637,0.007259528130671544
2023-11-07,5550,5550,4970,5120,3791887,-0.07747747747747746
2023-11-08,5240,5950,5210,5690,10631501,0.111328125
2023-11-09,5550,5580,5200,5280,3921008,-0.07205623901581726
2023-11-10,5840,5970,5410,5490,9719945,0.03977272727272729
2023-11-13,5400,5990,5220,5690,8639434,0.03642987249544616
2023-11-14,5580,5830,5430,5760,4383817,0.012302284710017597
2023-11-15,6030,6050,5640,5730,5566822,-0.00520833333333337
2023-11-16,5750,5830,5550,5650,2725910,-0.013961605584642212
2023-11-17,5530,5560,5250,5330,2514023,-0.05663716814159292
2023-11-20,5300,5450,5200,5370,1710650,0.007504690431519689
2023-11-21,5320,5340,5150,5200,2001983,-0.03165735567970207
2023-11-22,5110,5750,5040,5300,7665339,0.019230769230769162
2023-11-23,5210,5590,5210,5300,3640220,0.0
2023-11-24,5350,5380,5160,5280,1855588,-0.0037735849056603765
2023-11-27,5240,5240,5030,5050,1671574,-0.04356060606060608
2023-11-28,5060,5070,4900,4965,1559722,-0.016831683168316847
2023-11-29,5000,5130,4850,4940,2012661,-0.0050352467270896595
2023-11-30,4940,5260,4885,5080,2197641,0.028340080971659853
2023-12-01,5030,5470,5010,5220,6190324,0.027559055118110187
2023-12-04,5140,5150,4980,4985,1552693,-0.04501915708812265
2023-12-05,4985,5020,4705,4705,1398550,-0.056168505516549616
2023-12-06,4855,5280,4370,4780,5310768,0.015940488841657885
2023-12-07,4865,4970,4715,4770,1626371,-0.0020920502092049986
2023-12-08,4710,4820,4620,4655,1292511,-0.024109014675052443
2023-12-11,4670,4800,4605,4695,1415593,0.00859291084854985
2023-12-12,4700,4770,4630,4665,1033952,-0.006389776357827448
2023-12-13,4685,4805,4080,4185,2670933,-0.10289389067524113
2023-12-14,4195,4215,3945,4055,2175758,-0.031063321385902065
2023-12-15,4045,4730,4015,4115,7652726,0.01479654747225645
2023-12-18,4110,4190,3975,4115,1309991,0.0
2023-12-19,4055,4490,4025,4255,4251893,0.03402187120291611
2023-12-20,4220,4935,4165,4440,9148392,0.04347826086956519
2023-12-21,4440,4455,4240,4255,1586367,-0.04166666666666663
2023-12-22,4235,4380,4150,4205,1062900,-0.011750881316098694
2023-12-26,4450,4550,4150,4170,1744742,-0.008323424494649179
2023-12-27,4170,4290,4085,4205,1019039,0.008393285371702586
2023-12-28,4335,4960,4250,4350,7734526,0.034482758620689724
2024-01-02,4350,4410,4320,4360,792390,0.0022988505747125743
2024-01-03,4335,4375,4270,4275,718867,-0.019495412844036664
2024-01-04,4285,4960,4165,4635,13164325,0.08421052631578951
2024-01-05,4535,4555,4345,4385,2094517,-0.053937432578209266
2024-01-08,4500,5170,4415,4825,14650019,0.10034207525655647
2024-01-09,4905,5200,4725,4810,6739680,-0.0031088082901554737
2024-01-10,4810,4810,4495,4570,2337299,-0.0498960498960499
2024-01-11,4570,4730,4550,4630,1658187,0.013129102844638973
2024-01-12,4580,4615,4415,4435,924698,-0.04211663066954641
2024-01-15,4430,4465,4305,4380,783577,-0.012401352874859106
2024-01-16,4400,4470,4300,4330,666542,-0.011415525114155223
2024-01-17,4330,4330,4015,4190,890802,-0.0323325635103926
2024-01-18,4140,4240,4030,4145,680953,-0.010739856801909253
2024-01-19,4150,4560,4115,4275,1847812,0.031363088057901
2024-01-22,4355,4985,4285,4520,11418382,0.057309941520467866
2024-01-23,4545,4625,4355,4530,1815288,0.0022123893805310324
2024-01-24,4580,4665,4405,4505,1580172,-0.0055187637969095205
2024-01-25,4470,4490,4230,4240,1179964,-0.05882352941176472
2024-01-26,4285,4480,4260,4400,1695903,0.037735849056603765
2024-01-29,4495,4530,4185,4260,1369074,-0.03181818181818186
2024-01-30,4230,4235,4060,4130,1032713,-0.030516431924882625
2024-01-31,4115,4355,4075,4280,1196774,0.036319612590798966
2024-02-01,4210,4280,4105,4120,718760,-0.03738317757009346
2024-02-02,4135,4280,4135,4170,990122,0.012135922330097193
2024-02-05,4150,4300,4070,4205,1371344,0.008393285371702586
2024-02-06,4200,4205,4100,4125,691100,-0.019024970273483932
2024-02-07,4160,4395,4140,4300,2793872,0.042424242424242475
2024-02-08,4250,4275,4170,4190,956180,-0.025581395348837188
2024-02-13,4250,4495,4230,4390,2171411,0.047732696897374804
2024-02-14,4360,5220,4295,5110,24497780,0.16400911161731213
2024-02-15,5260,6480,5160,6200,36866827,0.2133072407045009
2024-02-16,6140,6440,5200,5300,21402363,-0.14516129032258063
2024-02-19,5520,5950,5240,5410,7848035,0.020754716981132182
2024-02-20,5300,5780,5100,5630,11091154,0.04066543438077641
2024-02-21,5460,5990,4915,5030,16613356,-0.10657193605683835
2024-02-22,5050,5160,4855,4890,4301152,-0.027833001988071593
2024-02-23,4935,5030,4670,4700,2213565,-0.03885480572597133
2024-02-26,4695,4695,4455,4655,1736620,-0.009574468085106425
2024-02-27,4655,4655,4495,4570,918458,-0.018259935553168627
2024-02-28,4590,4800,4430,4450,2504827,-0.026258205689277947
2024-02-29,4450,4530,4345,4365,1076834,-0.019101123595505642
2024-03-04,4445,4650,4435,4475,1113780,0.025200458190148822
2024-03-05,4475,4475,4030,4220,1616875,-0.05698324022346368
2024-03-06,4160,4345,4060,4230,1172358,0.0023696682464455776
2024-03-07,4230,4255,4100,4110,788079,-0.028368794326241176
2024-03-08,4150,4270,4135,4200,843512,0.021897810218978186
2024-03-11,4230,4280,4140,4205,881341,0.0011904761904761862
2024-03-12,4290,4295,4180,4245,606303,0.009512485136742077
2024-03-13,4225,4230,4140,4165,545444,-0.018845700824499434
2024-03-14,4170,4175,4130,4160,379437,-0.0012004801920768582
2024-03-15,4190,4220,4115,4145,377065,-0.0036057692307692735
2024-03-18,4175,4195,4140,4150,343776,0.0012062726176116367
2024-03-19,4180,4330,4165,4230,1508705,0.01927710843373487
2024-03-20,4205,4365,4160,4195,788214,-0.008274231678486954
2024-03-21,4215,4260,4170,4200,612918,0.0011918951132301459
2024-03-22,4200,4230,4130,4140,522827,-0.014285714285714235
2024-03-25,4190,4230,4140,4155,381198,0.0036231884057971175
2024-03-26,4135,4165,4075,4110,526303,-0.010830324909747335
2024-03-27,4110,4110,4020,4025,433555,-0.020681265206812682
2024-03-28,4000,4090,3970,4020,530248,-0.001242236024844745
2024-03-29,3970,4020,3960,3975,313952,-0.011194029850746245
2024-04-01,4030,4060,3995,4045,302731,0.017610062893081757
2024-04-02,4050,4050,3830,3950,501987,-0.023485784919653918
2024-04-03,3930,3940,3750,3805,477859,-0.036708860759493644
2024-04-04,3790,3860,3770,3785,319161,-0.005256241787122251
2024-04-05,3790,3790,3650,3735,470484,-0.013210039630118908
2024-04-08,3740,3740,3615,3690,442987,-0.012048192771084376
2024-04-09,3690,3715,3615,3660,259411,-0.008130081300813052
2024-04-11,3620,3630,3485,3510,404464,-0.040983606557377095
2024-04-12,3510,3515,3360,3455,456247,-0.015669515669515688
2024-04-15,3440,3440,3300,3365,495176,-0.02604920405209843
2024-04-16,3315,3555,3275,3380,712520,0.004457652303120341
2024-04-17,3410,3555,3300,3305,787122,-0.022189349112425982
2024-04-18,3305,3450,3290,3375,240980,0.021180030257186067
2024-04-19,3350,3370,3170,3225,442876,-0.0444444444444444
2024-04-22,3225,3895,3225,3540,3038656,0.0976744186046512
2024-04-23,3530,3555,3425,3435,476566,-0.029661016949152574
2024-04-24,3430,3470,3400,3425,278262,-0.0029112081513827937
2024-04-25,3430,3540,3360,3360,297828,-0.01897810218978102
2024-04-26,3360,3390,3310,3375,183840,0.0044642857142858094
2024-04-29,3390,3490,3360,3445,230740,0.020740740740740726
2024-04-30,3445,3665,3380,3525,780720,0.023222060957909907
2024-05-02,3555,3560,3430,3440,272947,-0.024113475177305
2024-05-03,3475,3500,3395,3475,208510,0.01017441860465107
2024-05-07,3490,3535,3465,3530,236646,0.015827338129496438
2024-05-08,3535,4070,3525,3825,4059666,0.08356940509915023
2024-05-09,3770,3885,3710,3775,964688,-0.013071895424836555
2024-05-10,3775,3785,3715,3745,414231,-0.007947019867549643
2024-05-13,3755,3940,3635,3655,802841,-0.024032042723631464
2024-05-14,3650,3655,3595,3620,239676,-0.009575923392612817
2024-05-16,3620,3740,3620,3640,366876,0.005524861878453136
2024-05-17,3650,3655,3530,3615,233052,-0.006868131868131844
2024-05-20,3615,3665,3575,3590,315478,-0.006915629322268302
2024-05-21,3605,3625,3470,3480,285994,-0.03064066852367686
2024-05-22,3470,3530,3465,3480,159268,0.0
2024-05-23,3560,3780,3510,3635,989579,0.04454022988505746
2024-05-24,3570,3615,3520,3590,215948,-0.012379642365887178
2024-05-27,3645,3830,3620,3830,1117570,0.06685236768802238
2024-05-28,3830,3835,3690,3800,655727,-0.007832898172323799
2024-05-29,3930,4940,3815,4160,26377112,0.09473684210526323
2024-05-30,4130,4135,3925,3945,2568042,-0.05168269230769229
2024-05-31,4015,4060,3735,3750,1818472,-0.049429657794676785
2024-06-03,3750,4120,3715,3775,1958724,0.006666666666666599
2024-06-04,3765,3770,3630,3660,994758,-0.030463576158940353
2024-06-05,3660,3690,3540,3590,662756,-0.01912568306010931
2024-06-07,3585,3610,3505,3530,580861,-0.01671309192200554
2024-06-10,3525,3690,3475,3585,649211,0.015580736543909346
2024-06-11,3670,3900,3615,3635,2683101,0.013947001394700065
2024-06-12,3635,3670,3570,3605,493843,-0.008253094910591452
2024-06-13,3620,3645,3550,3555,446147,-0.01386962552011095
2024-06-14,3530,3565,3510,3540,261060,-0.00421940928270037
2024-06-17,3570,3655,3530,3555,433774,0.004237288135593209
2024-06-18,3530,3630,3525,3530,362677,-0.007032348804500654
2024-06-19,3570,3880,3570,3595,2330084,0.018413597733710985
2024-06-20,3640,3775,3635,3710,824369,0.03198887343532686
2024-06-21,3710,3735,3570,3595,477847,-0.030997304582210283
2024-06-24,3595,3625,3510,3510,326888,-0.02364394993045893
2024-06-25,3515,3640,3515,3540,378513,0.008547008547008517
