Date,Open,High,Low,Close,Volume,Change
2022-01-03,10950,10950,10950,10950,0,0.0
2022-01-04,10000,12000,10000,11500,1363,0.05022831050228316
2022-01-05,11100,11250,11000,11250,424,-0.021739130434782594
2022-01-06,10500,11000,10000,10500,366,-0.06666666666666665
2022-01-07,11000,11000,10500,11000,13,0.04761904761904767
2022-01-10,11500,11500,11500,11500,1,0.045454545454545414
2022-01-11,11100,11500,11100,11500,11,0.0
2022-01-12,11000,11450,10500,11450,12,-0.004347826086956497
2022-01-13,10650,11000,10500,11000,27,-0.0393013100436681
2022-01-14,11000,11000,9800,11000,2166,0.0
2022-01-17,10100,11000,10000,10950,125,-0.004545454545454519
2022-01-18,10000,10500,9920,10500,1088,-0.04109589041095896
2022-01-19,9900,10500,9900,10500,1001,0.0
2022-01-20,10000,10500,9850,10500,1163,0.0
2022-01-21,10500,10500,10500,10500,0,0.0
2022-01-24,10000,10500,9900,10500,50,0.0
2022-01-25,10500,10950,10000,10950,4,0.04285714285714293
2022-01-26,10000,10500,10000,10500,4,-0.04109589041095896
2022-01-27,10000,10500,9600,10000,189,-0.04761904761904767
2022-01-28,9800,10000,9600,10000,845,0.0
2022-02-03,10000,10000,10000,10000,1,0.0
2022-02-04,10000,10500,9700,10500,679,0.050000000000000044
2022-02-07,10000,10500,10000,10500,2,0.0
2022-02-08,10500,10500,10500,10500,1,0.0
2022-02-09,9800,10500,9600,10500,432,0.0
2022-02-10,9830,10000,9800,10000,13,-0.04761904761904767
2022-02-11,9800,10000,9650,10000,301,0.0
2022-02-14,10000,10000,10000,10000,0,0.0
2022-02-15,9600,10000,9600,10000,50,0.0
2022-02-16,9800,9950,9600,9800,166,-0.020000000000000018
2022-02-17,9610,9800,9400,9800,317,0.0
2022-02-18,9630,9800,9600,9800,9,0.0
2022-02-21,9610,9800,9600,9800,7,0.0
2022-02-22,9600,9800,9600,9800,6,0.0
2022-02-23,9600,9800,9500,9800,615,0.0
2022-02-24,9800,9800,9600,9800,11,0.0
2022-02-25,9600,9800,9600,9800,6,0.0
2022-02-28,9800,9800,9800,9800,0,0.0
2022-03-02,9800,9800,9800,9800,0,0.0
2022-03-03,9600,10000,9600,10000,3,0.020408163265306145
2022-03-04,9870,9870,9870,9870,0,-0.013000000000000012
2022-03-07,9600,9800,9600,9750,42,-0.012158054711246202
2022-03-08,9750,9750,9750,9750,0,0.0
2022-03-10,9750,9750,9750,9750,0,0.0
2022-03-11,9750,9750,9750,9750,0,0.0
2022-03-14,9790,9790,9790,9790,1,0.004102564102564044
2022-03-15,9400,9790,9400,9790,19,0.0
2022-03-16,9400,9790,9400,9790,6,0.0
2022-03-17,9800,9800,9400,9790,16,0.0
2022-03-18,9400,9790,9200,9400,210,-0.03983656792645551
2022-03-21,9800,9800,9400,9800,52,0.042553191489361764
2022-03-22,9400,9800,9400,9600,77,-0.020408163265306145
2022-03-23,9800,9800,8600,9000,2783,-0.0625
2022-03-24,9400,9800,9400,9600,89,0.06666666666666665
2022-03-25,9400,9600,8600,8800,2513,-0.08333333333333337
2022-03-28,9200,9580,9200,9400,57,0.06818181818181812
2022-03-29,9200,9550,9000,9400,179,0.0
2022-03-30,9500,9500,9500,9500,1,0.010638297872340496
2022-03-31,9200,9500,9200,9500,101,0.0
2022-04-01,9400,9500,9200,9400,47,-0.010526315789473717
2022-04-04,9200,9600,9200,9600,5207,0.02127659574468077
2022-04-05,9500,9800,9500,9800,24,0.02083333333333326
2022-04-06,9800,9800,9800,9800,1,0.0
2022-04-07,9600,9800,9600,9800,11,0.0
2022-04-08,9800,9800,9800,9800,0,0.0
2022-04-11,9600,10000,9600,9790,3512,-0.0010204081632653184
2022-04-12,9980,9980,9600,9790,2703,0.0
2022-04-13,10000,10000,9780,9780,62,-0.0010214504596527396
2022-04-14,9780,9780,9780,9780,0,0.0
2022-04-15,9600,10000,9600,9790,386,0.0010224948875254825
2022-04-18,9600,9990,9600,9800,1006,0.0010214504596526286
2022-04-19,9790,9790,9790,9790,0,-0.0010204081632653184
2022-04-20,9990,9990,9990,9990,1,0.020429009193054126
2022-04-21,10450,10450,9800,9990,1009,0.0
2022-04-22,9990,9990,9950,9950,31,-0.004004004004004025
2022-04-25,9990,9990,9970,9970,103,0.0020100502512563345
2022-04-26,9700,9840,9700,9840,2092,-0.013039117352056206
2022-04-27,9840,9840,9840,9840,0,0.0
2022-04-28,9840,9840,9840,9840,0,0.0
2022-04-29,9830,9840,9400,9800,130,-0.004065040650406471
2022-05-02,9900,9900,9460,9460,3246,-0.03469387755102038
2022-05-03,9600,9600,9600,9600,65,0.014799154334038
2022-05-04,9790,9790,9790,9790,1,0.019791666666666652
2022-05-06,9790,9790,9790,9790,0,0.0
2022-05-09,9610,9610,9610,9610,13,-0.018386108273748758
2022-05-10,9790,9790,9790,9790,1,0.018730489073881307
2022-05-11,9790,9800,9790,9800,7,0.0010214504596526286
2022-05-12,9790,9790,9790,9790,0,-0.0010204081632653184
2022-05-13,9790,9790,9790,9790,0,0.0
2022-05-16,9710,9710,9700,9700,1500,-0.009193054136874323
2022-05-17,9700,11150,9700,11150,3868,0.14948453608247414
2022-05-18,11500,12800,11500,12800,7743,0.14798206278026904
2022-05-19,13500,14700,13000,13950,12955,0.08984375
2022-05-20,14450,14450,13700,14450,134,0.03584229390680993
2022-05-23,14850,14850,14850,14850,1,0.02768166089965396
2022-05-24,14000,14500,13500,14000,136,-0.0572390572390572
2022-05-25,14500,14500,14000,14400,2103,0.02857142857142847
2022-05-26,14000,14000,12350,14000,171,-0.02777777777777779
2022-05-27,13900,13900,13900,13900,0,-0.0071428571428571175
2022-05-30,13900,13900,13900,13900,2,0.0
2022-05-31,14000,14000,12500,12550,21,-0.09712230215827333
2022-06-02,12600,12950,12600,12600,139,0.003984063745019917
2022-06-03,13000,13000,12500,12500,7,-0.007936507936507908
2022-06-07,12500,12800,12500,12800,5,0.02400000000000002
2022-06-08,12900,12900,12000,12000,38,-0.0625
2022-06-09,12000,12000,11900,11900,9,-0.008333333333333304
2022-06-10,11900,11900,11800,11850,13,-0.004201680672268893
2022-06-13,11850,11850,11200,11200,201,-0.05485232067510548
2022-06-14,12500,12500,10000,11550,1325,0.03125
2022-06-15,11200,11200,9850,10850,1399,-0.06060606060606055
2022-06-16,9800,10000,9800,10000,1103,-0.07834101382488479
2022-06-17,10000,10000,10000,10000,2,0.0
2022-06-20,9800,9990,9600,9990,1572,-0.0010000000000000009
2022-06-21,10000,10500,10000,10500,206,0.05105105105105112
2022-06-22,10500,10500,10500,10500,0,0.0
2022-06-23,10000,11000,10000,10900,761,0.03809523809523818
2022-06-24,9990,10850,9990,10850,91,-0.004587155963302725
2022-06-27,10850,10850,10850,10850,1,0.0
2022-06-28,10850,10850,10150,10850,48,0.0
2022-06-29,10200,10800,10200,10800,101,-0.004608294930875556
2022-06-30,10800,10800,10800,10800,0,0.0
2022-07-01,10250,11000,10250,11000,11,0.0185185185185186
2022-07-04,10550,11250,10500,11250,1011,0.022727272727272707
2022-07-05,11250,11450,11250,11450,2,0.01777777777777767
2022-07-06,11450,11450,11450,11450,0,0.0
2022-07-07,11800,11850,11700,11850,11,0.03493449781659397
2022-07-08,11850,11850,11850,11850,0,0.0
2022-07-11,11950,11950,11950,11950,6,0.00843881856540074
2022-07-12,10600,12450,10600,12450,505,0.04184100418410042
2022-07-13,12400,12400,12400,12400,0,-0.004016064257028162
2022-07-14,12400,12400,12400,12400,0,0.0
2022-07-15,12400,12400,12400,12400,0,0.0
2022-07-18,12400,12400,12400,12400,0,0.0
2022-07-19,13000,13000,13000,13000,771,0.048387096774193505
2022-07-20,13000,13000,13000,13000,1,0.0
2022-07-21,13000,13000,13000,13000,1,0.0
2022-07-22,13000,13000,13000,13000,5,0.0
2022-07-25,13500,13500,13000,13000,103,0.0
2022-07-26,13000,13000,12050,13000,3,0.0
2022-07-27,12750,12750,12750,12750,1,-0.019230769230769273
2022-07-28,12750,12750,12750,12750,150,0.0
2022-07-29,12750,12750,12750,12750,1,0.0
2022-08-01,12750,12750,12750,12750,2,0.0
2022-08-02,12750,12750,12750,12750,0,0.0
2022-08-03,12750,12750,12750,12750,0,0.0
2022-08-04,12750,12750,11150,11150,2,-0.12549019607843137
2022-08-05,11500,12000,9840,9840,4,-0.11748878923766815
2022-08-08,10500,10600,10500,10550,301,0.07215447154471555
2022-08-09,10900,10950,10550,10950,3732,0.03791469194312791
2022-08-10,10700,10700,10700,10700,0,-0.022831050228310557
2022-08-11,10750,10750,10750,10750,20,0.004672897196261738
2022-08-12,10750,10750,10750,10750,0,0.0
2022-08-16,10950,10950,10950,10950,5,0.018604651162790642
2022-08-17,11450,11450,11450,11450,20,0.04566210045662111
2022-08-18,11950,11950,11950,11950,30,0.04366812227074246
2022-08-19,11100,11100,10500,10500,201,-0.12133891213389125
2022-08-22,10500,10500,10500,10500,8,0.0
2022-08-23,10200,10200,10200,10200,70,-0.02857142857142858
2022-08-24,10500,10500,10200,10300,216,0.009803921568627416
2022-08-25,10550,10550,10550,10550,20,0.024271844660194164
2022-08-26,10550,10550,10550,10550,0,0.0
2022-08-29,12000,12100,10950,10950,104,0.03791469194312791
2022-08-30,11450,11450,11450,11450,10,0.04566210045662111
2022-08-31,10600,10600,10600,10600,110,-0.07423580786026196
2022-09-01,10650,10800,10600,10600,64,0.0
2022-09-02,10600,10600,10250,10600,181,0.0
2022-09-05,10900,10900,10600,10600,64,0.0
2022-09-06,10600,10650,10550,10550,679,-0.004716981132075526
2022-09-07,10500,10550,9080,9900,5031,-0.06161137440758291
2022-09-08,10450,10450,9960,9960,632,0.0060606060606061
2022-09-13,10450,10450,10450,10450,374,0.04919678714859432
2022-09-14,10450,10450,10400,10400,2,-0.004784688995215336
2022-09-15,10300,10950,10300,10950,2,0.05288461538461542
2022-09-16,10500,11000,10000,10550,3052,-0.0365296803652968
2022-09-19,10550,10800,10000,10000,4101,-0.05213270142180093
2022-09-20,10000,10400,10000,10400,601,0.040000000000000036
2022-09-21,10000,10000,10000,10000,200,-0.038461538461538436
2022-09-22,9930,10250,9930,10250,196,0.02499999999999991
2022-09-23,9980,10250,9980,10250,597,0.0
2022-09-26,10250,10250,9820,9820,104,-0.04195121951219516
2022-09-27,10200,10200,10200,10200,7,0.0386965376782078
2022-09-28,9700,9750,9610,9620,687,-0.056862745098039236
2022-09-29,9620,10000,9620,10000,22,0.03950103950103956
2022-09-30,10400,10400,10400,10400,2,0.040000000000000036
2022-10-04,10000,10400,9800,10400,410,0.0
2022-10-05,10400,10400,10000,10000,25,-0.038461538461538436
2022-10-06,10000,10000,10000,10000,20,0.0
2022-10-07,10000,10100,9800,10100,106,0.010000000000000009
2022-10-11,9600,10000,9100,10000,9429,-0.00990099009900991
2022-10-12,10000,10000,10000,10000,10,0.0
2022-10-13,10000,10350,10000,10350,23,0.03499999999999992
2022-10-14,10000,10700,10000,10000,111,-0.033816425120772986
2022-10-17,10000,10000,9980,9990,111,-0.0010000000000000009
2022-10-18,9900,9900,9900,9900,30,-0.009009009009009028
2022-10-19,10950,11100,8590,11050,217,0.11616161616161613
2022-10-20,10950,10950,10950,10950,0,-0.009049773755656076
2022-10-21,11500,11500,9410,11050,411,0.009132420091324311
2022-10-24,10500,11050,10000,11050,520,0.0
2022-10-25,11050,11050,10400,11050,82,0.0
2022-10-26,11050,11450,10950,11450,303,0.03619909502262453
2022-10-27,11450,11950,11450,11950,47,0.04366812227074246
2022-10-28,11950,11950,11950,11950,0,0.0
2022-10-31,11950,12500,11900,12500,40,0.046025104602510414
2022-11-01,12500,13000,12000,13000,105,0.040000000000000036
2022-11-02,12950,12950,12950,12950,0,-0.0038461538461538325
2022-11-03,12950,12950,12950,12950,0,0.0
2022-11-04,12950,12950,12950,12950,0,0.0
2022-11-07,13500,13500,13500,13500,1,0.042471042471042386
2022-11-08,13500,13500,13500,13500,0,0.0
2022-11-09,13500,13500,13000,13300,512,-0.014814814814814836
2022-11-10,13300,13300,13300,13300,2,0.0
2022-11-11,13700,14000,13700,14000,6,0.05263157894736836
2022-11-14,14000,14000,14000,14000,2,0.0
2022-11-15,14000,14000,14000,14000,0,0.0
2022-11-16,14000,14000,12100,14000,626,0.0
2022-11-17,14000,14000,14000,14000,2,0.0
2022-11-18,13900,13900,13900,13900,2,-0.0071428571428571175
2022-11-21,13900,13900,13900,13900,2,0.0
2022-11-22,13800,13800,13800,13800,0,-0.007194244604316502
2022-11-23,13800,13800,13800,13800,0,0.0
2022-11-24,13800,13800,13800,13800,2,0.0
2022-11-25,13800,13800,13800,13800,0,0.0
2022-11-28,11900,13450,11900,13450,2,-0.025362318840579712
2022-11-29,11950,13400,11450,13300,645,-0.01115241635687736
2022-11-30,12250,12450,11400,11900,2519,-0.10526315789473684
2022-12-01,11700,12500,11700,11900,612,0.0
2022-12-02,11300,11300,10500,10550,941,-0.11344537815126055
2022-12-05,10900,11000,10850,11000,443,0.042654028436019065
2022-12-06,11000,11000,10950,11000,140,0.0
2022-12-07,11000,11300,10950,11300,324,0.027272727272727337
2022-12-08,11850,12000,11200,11750,236,0.03982300884955747
2022-12-09,11150,12000,11050,12000,956,0.02127659574468077
2022-12-12,12450,13000,11550,12700,142,0.05833333333333335
2022-12-13,12600,12600,12600,12600,0,-0.007874015748031482
2022-12-14,12850,13000,11950,12950,92,0.02777777777777768
2022-12-15,13000,13000,13000,13000,50,0.0038610038610038533
2022-12-16,11850,13000,11850,13000,82,0.0
2022-12-19,12000,12000,12000,12000,1,-0.07692307692307687
2022-12-20,11950,12000,11950,11950,55,-0.004166666666666652
2022-12-21,11550,11550,11550,11550,110,-0.03347280334728031
2022-12-22,11800,11800,11800,11800,10,0.02164502164502169
2022-12-23,12000,12000,12000,12000,218,0.016949152542372836
2022-12-26,12000,12000,12000,12000,2,0.0
2022-12-27,11250,12000,11250,12000,20,0.0
2022-12-28,11250,12000,11250,12000,26,0.0
2022-12-29,11500,12000,11000,12000,441,0.0
2023-01-02,12000,12000,11100,12000,1114,0.0
2023-01-03,11200,12000,11200,12000,286,0.0
2023-01-04,11400,11900,11400,11900,405,-0.008333333333333304
2023-01-05,11400,11850,11400,11850,11,-0.004201680672268893
2023-01-06,11750,11750,11750,11750,20,-0.008438818565400852
2023-01-09,11750,11750,11750,11750,2,0.0
2023-01-10,11650,11650,11600,11650,280,-0.008510638297872353
2023-01-11,11950,11950,11400,11900,102,0.02145922746781115
2023-01-12,11850,11850,11850,11850,0,-0.004201680672268893
2023-01-13,11850,11850,11850,11850,0,0.0
2023-01-16,11850,11850,11850,11850,10,0.0
2023-01-17,11800,11800,11800,11800,7,-0.00421940928270037
2023-01-18,11800,11800,11800,11800,2,0.0
2023-01-19,11750,11750,11750,11750,0,-0.004237288135593209
2023-01-20,0,0,0,11750,0,0.0
2023-01-25,11750,11800,11700,11800,410,0.004255319148936065
2023-01-26,11850,11950,11800,11900,1038,0.008474576271186418
2023-01-27,11900,11950,11900,11950,2437,0.004201680672268893
2023-01-30,12000,12000,11950,11950,2259,0.0
2023-01-31,12000,13740,12000,13740,3641,0.14979079497907954
2023-02-01,13700,15500,13700,15000,577,0.09170305676855905
2023-02-02,15500,15600,15000,15500,1394,0.03333333333333344
2023-02-03,16000,17800,16000,17240,5830,0.11225806451612907
2023-02-06,18000,18370,16030,18120,4710,0.051044083526682105
2023-02-07,18200,19000,17300,19000,4119,0.04856512141280356
2023-02-08,19000,20800,19000,20500,7812,0.07894736842105265
2023-02-09,20500,20700,20400,20550,2050,0.0024390243902439046
2023-02-10,20500,21900,19500,19500,3109,-0.051094890510948954
2023-02-13,19600,19950,19600,19650,405,0.007692307692307665
2023-02-14,19700,19970,19020,19830,812,0.009160305343511421
2023-02-15,19830,20000,19120,19910,764,0.004034291477559293
2023-02-16,20850,20850,19160,19310,2334,-0.030135610246107447
2023-02-17,19300,19300,18160,18970,259,-0.017607457276022753
2023-02-20,18970,20100,18970,19720,3159,0.03953610964681076
2023-02-21,20000,20000,19510,19580,1610,-0.007099391480730244
2023-02-22,19980,19980,19390,19670,1634,0.004596527068437162
2023-02-23,19990,19990,19380,19420,381,-0.012709710218607007
2023-02-24,19990,19990,19070,19450,949,0.001544799176107059
2023-02-27,19500,19840,19400,19400,2016,-0.0025706940874036244
2023-02-28,20000,20000,19040,19500,2084,0.005154639175257714
2023-03-02,19890,19890,19100,19400,1657,-0.00512820512820511
2023-03-03,19730,20400,19400,19580,6701,0.009278350515463885
2023-03-06,19600,19650,19330,19580,2051,0.0
2023-03-07,19970,19970,19330,19330,1223,-0.012768130745658857
2023-03-08,19700,20300,19310,19780,5734,0.023279875840662267
2023-03-09,19980,20400,19420,19990,10470,0.010616784630940401
2023-03-10,20000,20350,19900,20350,4887,0.01800900450225118
2023-03-13,20400,20400,20000,20350,5225,0.0
2023-03-14,20350,20350,20000,20200,2325,-0.0073710073710073765
2023-03-15,20300,20300,20000,20200,2023,0.0
2023-03-16,20250,21800,20000,21450,12649,0.061881188118811936
2023-03-17,21250,21250,20600,21050,9108,-0.018648018648018683
2023-03-20,21000,21000,20600,20650,5433,-0.019002375296912066
2023-03-21,20300,20700,19800,20100,10601,-0.0266343825665859
2023-03-22,20200,20200,20000,20000,3077,-0.00497512437810943
2023-03-23,20400,20400,19950,19980,4258,-0.0010000000000000009
2023-03-24,20300,20500,19970,20500,9257,0.026026026026026106
2023-03-27,20500,21200,20500,21000,22085,0.024390243902439046
2023-03-28,21000,21150,20850,21150,11792,0.0071428571428571175
2023-03-29,21150,22500,21150,22500,19204,0.06382978723404253
2023-03-30,22700,23850,22500,23400,11226,0.040000000000000036
2023-03-31,24000,25900,23500,25050,11941,0.07051282051282048
2023-04-03,24700,25950,24700,25400,13631,0.013972055888223478
2023-04-04,25650,28000,25400,26950,14668,0.061023622047243986
2023-04-05,27750,28900,27550,28650,9636,0.06307977736549164
2023-04-06,29500,29500,26050,26300,9841,-0.08202443280977312
2023-04-07,27650,27650,23300,26050,18409,-0.009505703422053258
2023-04-10,26000,26000,24250,24850,4770,-0.04606525911708248
2023-04-11,24700,24700,23000,23200,13006,-0.0663983903420523
2023-04-12,22200,22250,19750,20800,18026,-0.10344827586206895
2023-04-13,21000,23300,19730,20250,14707,-0.02644230769230771
2023-04-14,21450,21950,20250,21150,12947,0.04444444444444451
2023-04-17,21300,21750,20750,21100,7586,-0.0023640661938534313
2023-04-18,21100,22350,20900,22350,9824,0.05924170616113744
2023-04-19,22350,22350,21150,21600,13842,-0.03355704697986572
2023-04-20,22300,22300,21100,21600,2937,0.0
2023-04-21,21950,22300,20600,21200,3281,-0.01851851851851849
2023-04-24,21250,21500,20650,20850,7289,-0.01650943396226412
2023-04-25,21050,21300,20900,21100,2600,0.011990407673860837
2023-04-26,21900,21900,19770,20100,11960,-0.04739336492891
2023-04-27,6123,6224,4800,4956,4380740,-0.7534328358208955
2023-04-28,5006,5010,4431,4760,1294778,-0.039548022598870025
2023-05-02,4725,4952,4506,4712,790702,-0.010084033613445342
2023-05-03,4732,4993,4671,4871,523929,0.03374363327674024
2023-05-04,4837,4878,4705,4736,235023,-0.027715048244713603
2023-05-08,4797,4797,4644,4655,128036,-0.01710304054054057
2023-05-09,4648,4668,4479,4516,159855,-0.029860365198711047
2023-05-10,4512,4543,4330,4334,108630,-0.040301151461470286
2023-05-11,4330,4357,4130,4215,218478,-0.027457314259344723
2023-05-12,4140,4181,4120,4144,147924,-0.0168446026097272
2023-05-15,4110,4194,3978,4019,154643,-0.0301640926640927
2023-05-16,4025,4052,3799,3813,188803,-0.05125653147549136
2023-05-17,3792,4465,3734,4198,790755,0.1009703645423552
2023-05-18,4194,4265,4079,4134,138456,-0.015245354930919497
2023-05-19,4133,4600,4100,4405,678729,0.06555394291243344
2023-05-22,4407,4512,4232,4398,181174,-0.0015891032917139114
2023-05-23,4397,4553,4330,4455,246484,0.012960436562073685
2023-05-24,4397,4397,4245,4290,149825,-0.03703703703703709
2023-05-25,4289,4448,4265,4330,67642,0.00932400932400923
2023-05-26,4289,4326,4130,4151,88098,-0.04133949191685915
2023-05-30,4154,4201,4103,4134,24050,-0.004095398699108688
2023-05-31,4194,4350,4130,4330,99455,0.04741170778906634
2023-06-01,4367,4482,4269,4449,133957,0.02748267898383361
2023-06-02,4451,4550,4330,4506,193379,0.012811867835468727
2023-06-05,4506,4732,4330,4428,352530,-0.017310252996005304
2023-06-07,4431,4431,4360,4374,43802,-0.012195121951219523
2023-06-08,4391,4492,4363,4479,91763,0.02400548696844984
2023-06-09,4499,4681,4479,4631,243037,0.03393614646126375
2023-06-12,4658,4834,4624,4668,177757,0.007989635068019973
2023-06-13,4668,5937,4543,5751,4911597,0.23200514138817474
2023-06-14,5933,6156,5463,5633,2320900,-0.020518170752912512
2023-06-15,5602,5602,5274,5301,611080,-0.05893839872181783
2023-06-16,5253,5372,5145,5281,372265,-0.0037728730428221446
2023-06-19,5196,5250,5152,5173,207308,-0.020450672221170252
2023-06-20,5172,5520,5098,5480,401287,0.059346607384496375
2023-06-21,5378,5754,5378,5507,544777,0.004927007299269981
2023-06-22,5507,5717,5382,5430,236847,-0.013982204467041903
2023-06-23,5361,5656,5341,5548,410719,0.021731123388581963
2023-06-26,5629,5910,5564,5910,1163694,0.0652487382840663
2023-06-27,7680,7680,5700,5710,4687859,-0.03384094754653133
2023-06-28,5560,5730,5160,5230,586056,-0.0840630472854641
2023-06-29,5200,5290,4750,4800,339580,-0.0822179732313576
2023-06-30,4800,4970,4605,4795,258594,-0.0010416666666667185
2023-07-03,4810,5000,4795,4930,128649,0.028154327424400494
2023-07-04,4950,5000,4700,4800,137948,-0.026369168356997985
2023-07-05,4800,4800,4650,4800,129011,0.0
2023-07-06,4800,4955,4720,4900,96457,0.02083333333333326
2023-07-07,4850,4910,4750,4750,73561,-0.030612244897959218
2023-07-10,4755,4755,4575,4575,74671,-0.0368421052631579
2023-07-11,4600,4610,4435,4440,86582,-0.02950819672131144
2023-07-12,4500,5610,4410,4815,2203399,0.08445945945945943
2023-07-13,4840,4855,4565,4595,237310,-0.0456905503634476
2023-07-14,4510,4595,4440,4455,165500,-0.030467899891186034
2023-07-17,4440,5360,4310,4685,1170118,0.05162738496071828
2023-07-18,4350,4410,4175,4185,672596,-0.10672358591248665
2023-07-19,4185,4235,4025,4080,167501,-0.02508960573476704
2023-07-20,3910,4110,3900,4035,385779,-0.011029411764705843
2023-07-21,4035,4430,3950,4230,364936,0.048327137546468446
2023-07-24,4235,4235,3915,3950,336246,-0.06619385342789597
2023-07-25,3955,4190,3860,4020,230549,0.017721518987341867
2023-07-26,4310,4375,3800,3845,451751,-0.04353233830845771
2023-07-27,3755,3880,3700,3740,164732,-0.0273081924577373
2023-07-28,3700,3850,3700,3760,127547,0.005347593582887722
2023-07-31,3840,3860,3690,3760,179750,0.0
2023-08-01,3770,4000,3760,3925,176662,0.0438829787234043
2023-08-02,3910,3925,3760,3780,111938,-0.03694267515923566
2023-08-03,3775,3850,3675,3780,126540,0.0
2023-08-04,3760,3820,3715,3780,65582,0.0
2023-08-07,3780,3780,3650,3660,181266,-0.031746031746031744
2023-08-08,3695,3705,3580,3610,107868,-0.013661202185792365
2023-08-09,3600,4290,3500,3640,1102779,0.008310249307479145
2023-08-10,3640,3775,3620,3770,129875,0.03571428571428581
2023-08-11,3765,3950,3720,3900,184671,0.034482758620689724
2023-08-14,3900,3935,3815,3875,80443,-0.0064102564102563875
2023-08-16,3875,4865,3750,4165,2561472,0.07483870967741946
2023-08-17,4330,5410,4300,5410,16054593,0.2989195678271308
2023-08-18,5620,5770,4745,4835,7439529,-0.10628465804066545
2023-08-21,5040,5660,4885,4895,7078356,0.012409513960703222
2023-08-22,4820,5390,4565,4655,2842894,-0.04902962206332995
2023-08-23,4690,5330,4620,5130,5711535,0.1020408163265305
2023-08-24,5300,5540,4895,4950,2905969,-0.03508771929824561
2023-08-25,4900,6280,4875,5640,11224564,0.1393939393939394
2023-08-28,5640,5780,5280,5780,2289709,0.024822695035461084
2023-08-29,5700,5810,5540,5690,1364496,-0.01557093425605538
2023-08-30,5590,5730,5370,5670,1403509,-0.0035149384885764245
2023-08-31,5590,5910,5300,5330,1637908,-0.059964726631393295
2023-09-01,5410,5450,4910,4910,911047,-0.07879924953095685
2023-09-04,4910,4995,4770,4800,440340,-0.022403258655804503
2023-09-05,4840,5380,4780,5270,2271555,0.09791666666666665
2023-09-06,5190,5410,5100,5410,875564,0.026565464895635715
2023-09-07,5350,5480,5220,5400,536380,-0.001848428835489857
2023-09-08,5500,5790,5120,5260,1071300,-0.025925925925925908
2023-09-11,5340,5380,5150,5150,469397,-0.020912547528517123
2023-09-12,5180,5210,4810,4820,461937,-0.06407766990291264
2023-09-13,4875,6260,4850,5960,18220970,0.2365145228215768
2023-09-14,5850,6810,5830,6390,16799313,0.07214765100671139
2023-09-15,6350,7580,6310,6590,13828897,0.031298904538341166
2023-09-18,6600,6630,6080,6090,1900290,-0.07587253414264039
2023-09-19,6090,6170,5710,5820,1228136,-0.044334975369458074
2023-09-20,5880,7460,5780,7280,17609837,0.2508591065292096
2023-09-21,7900,8070,6560,6660,8999665,-0.0851648351648352
2023-09-22,6490,7300,6230,6420,6194950,-0.036036036036036
2023-09-25,6350,6370,5820,5880,1404341,-0.08411214953271029
2023-09-26,5920,6430,5820,6000,4011355,0.020408163265306145
2023-09-27,5840,5840,5410,5650,983351,-0.05833333333333335
2023-10-04,5650,5660,4990,4990,972671,-0.11681415929203542
2023-10-05,5090,5350,4935,5010,950309,0.004008016032064132
2023-10-06,5050,5640,5050,5370,1526393,0.0718562874251496
2023-10-10,5470,5580,5240,5280,612057,-0.016759776536312887
2023-10-11,5390,5840,5380,5450,966756,0.032196969696969724
2023-10-12,5510,5690,5450,5530,522570,0.014678899082568808
2023-10-13,5460,5460,5070,5110,462194,-0.07594936708860756
2023-10-16,5110,5110,4715,4770,582225,-0.06653620352250489
2023-10-17,4875,5140,4875,4990,428381,0.04612159329140453
2023-10-18,5040,5080,4815,4860,238668,-0.02605210420841686
2023-10-19,4710,4785,4495,4530,296165,-0.0679012345679012
2023-10-20,4515,4515,4230,4265,343705,-0.058498896247240584
2023-10-23,4205,4465,4205,4230,200744,-0.008206330597889777
2023-10-24,4280,4450,4015,4420,258167,0.044917257683215084
2023-10-25,4540,4540,4355,4385,153600,-0.007918552036199067
2023-10-26,4250,4285,4050,4150,170747,-0.05359179019384264
2023-10-27,4150,4295,4120,4145,170317,-0.001204819277108471
2023-10-30,4120,4370,4095,4290,142139,0.03498190591073591
2023-10-31,4410,4430,4110,4125,182329,-0.038461538461538436
2023-11-01,4185,4400,4185,4300,96033,0.042424242424242475
2023-11-02,4450,4815,4400,4815,452014,0.11976744186046506
2023-11-03,4840,4845,4650,4710,212926,-0.02180685358255452
2023-11-06,4730,4795,4520,4705,285974,-0.0010615711252653925
2023-11-07,4725,4725,4405,4470,313943,-0.04994686503719448
2023-11-08,4485,4615,4435,4455,130485,-0.003355704697986628
2023-11-09,4470,4545,4340,4455,113173,0.0
2023-11-10,4405,4410,4245,4245,129789,-0.047138047138047146
2023-11-13,4295,4390,4030,4120,152203,-0.029446407538280317
2023-11-14,4120,4500,4120,4230,265878,0.02669902912621369
2023-11-15,4310,4375,4260,4265,122237,0.008274231678486954
2023-11-16,4265,4320,4160,4205,110796,-0.014067995310668269
2023-11-17,4230,4235,4020,4030,151539,-0.041617122473246115
2023-11-20,4060,4270,4050,4265,131952,0.058312655086848686
2023-11-21,4380,4800,4345,4395,795102,0.030480656506447934
2023-11-22,4390,4475,4270,4430,134612,0.007963594994311762
2023-11-23,4460,4585,4370,4410,245386,-0.004514672686230292
2023-11-24,4480,4585,4420,4565,222277,0.035147392290249435
2023-11-27,4480,4495,4350,4400,161741,-0.03614457831325302
2023-11-28,4395,4455,4355,4420,98103,0.00454545454545463
2023-11-29,4430,4540,4390,4445,135622,0.005656108597285048
2023-11-30,4500,4585,4460,4580,121574,0.030371203599550034
2023-12-01,4560,4725,4430,4640,266348,0.013100436681222627
2023-12-04,4600,4610,4385,4410,233161,-0.049568965517241326
2023-12-05,4325,4325,4020,4245,144166,-0.0374149659863946
2023-12-06,4200,4270,4140,4240,130846,-0.0011778563015312216
2023-12-07,4210,4355,4185,4220,130853,-0.004716981132075526
2023-12-08,4220,4300,4215,4270,86180,0.011848341232227444
2023-12-11,4260,4415,4260,4315,95387,0.01053864168618257
2023-12-12,4315,4390,4285,4315,59978,0.0
2023-12-13,4300,4330,4235,4265,78330,-0.011587485515643148
2023-12-14,4275,4345,4165,4185,103480,-0.01875732708089095
2023-12-15,4185,4230,4130,4155,101236,-0.007168458781361964
2023-12-18,4180,4200,4145,4160,55687,0.001203369434416457
2023-12-19,4165,4265,4145,4205,45219,0.01081730769230771
2023-12-20,4205,4290,4165,4175,74274,-0.007134363852556502
2023-12-21,4190,4225,4150,4170,161473,-0.0011976047904191933
2023-12-22,4155,4225,4150,4170,129919,0.0
2023-12-26,4155,4225,4035,4075,145301,-0.0227817745803357
2023-12-27,4030,4115,4030,4080,52209,0.0012269938650306678
2023-12-28,4065,4135,4060,4085,37452,0.001225490196078427
2024-01-02,4080,4140,4045,4115,44195,0.007343941248469932
2024-01-03,4045,4160,4045,4155,63017,0.009720534629404698
2024-01-04,4155,4155,4060,4125,74333,-0.0072202166064981865
2024-01-05,4085,4245,4070,4195,85840,0.01696969696969708
2024-01-08,4210,5000,4210,4515,3805877,0.07628128724672223
2024-01-09,4610,4640,4480,4575,428828,0.013289036544850585
2024-01-10,4570,4580,4440,4510,157691,-0.014207650273224015
2024-01-11,4515,4730,4460,4630,248904,0.026607538802660757
2024-01-12,4625,4625,4470,4510,130126,-0.02591792656587477
2024-01-15,4510,4525,4405,4455,107626,-0.012195121951219523
2024-01-16,4405,4505,4290,4355,96101,-0.02244668911335579
2024-01-17,4325,4380,4125,4150,135267,-0.04707233065442018
2024-01-18,4130,4250,4120,4170,74204,0.004819277108433662
2024-01-19,4220,4500,4220,4320,197640,0.03597122302158273
2024-01-22,4340,4395,4265,4300,77896,-0.00462962962962965
2024-01-23,4275,4355,4240,4355,63822,0.012790697674418539
2024-01-24,4380,4540,4250,4480,261015,0.028702640642939148
2024-01-25,4420,4455,4255,4330,107723,-0.033482142857142905
2024-01-26,4375,4520,4300,4435,93834,0.024249422632794504
2024-01-29,4435,4545,4295,4305,107171,-0.02931228861330326
2024-01-30,4280,4460,4180,4190,194629,-0.026713124274099886
2024-01-31,4170,4190,4015,4050,166758,-0.03341288782816232
2024-02-01,4010,4410,3930,4060,652723,0.0024691358024691024
2024-02-02,4110,4145,4050,4070,79932,0.0024630541871921707
2024-02-05,4165,4165,4030,4080,45380,0.002457002457002533
2024-02-06,4080,4130,3950,4055,57146,-0.006127450980392135
2024-02-07,4055,4110,3990,3990,46889,-0.01602959309494456
2024-02-08,3995,4045,3995,4045,37182,0.013784461152882121
2024-02-13,4090,4105,4025,4040,80765,-0.0012360939431397266
2024-02-14,3940,4065,3935,4050,54912,0.0024752475247524774
2024-02-15,4050,4120,4030,4110,67166,0.014814814814814836
2024-02-16,4180,5020,4150,4470,9152551,0.0875912408759123
2024-02-19,4635,4950,4475,4530,2375788,0.01342281879194629
2024-02-20,4580,4640,4420,4500,542146,-0.0066225165562914245
2024-02-21,4510,4750,4300,4340,499900,-0.03555555555555556
2024-02-22,4445,4515,4280,4350,350929,0.0023041474654377225
2024-02-23,4350,4520,4220,4350,581600,0.0
2024-02-26,4385,4430,4210,4210,216690,-0.03218390804597704
2024-02-27,4235,4250,4120,4170,125537,-0.009501187648456089
2024-02-28,4150,4530,4150,4370,456975,0.04796163069544357
2024-02-29,4370,4470,4290,4325,97062,-0.010297482837528626
2024-03-04,4325,4500,4260,4325,149415,0.0
2024-03-05,4420,4450,4200,4205,179612,-0.02774566473988438
2024-03-06,4235,4955,4235,4915,3659438,0.16884661117717004
2024-03-07,5170,5200,4565,4615,1788268,-0.061037639877924765
2024-03-08,4575,4645,4360,4515,588229,-0.021668472372697756
2024-03-11,4515,5080,4380,4905,1679537,0.08637873754152814
2024-03-12,4865,5260,4830,5080,1533210,0.03567787971457692
2024-03-13,5150,5750,5060,5500,1918624,0.08267716535433078
2024-03-14,5520,5660,5330,5510,568104,0.0018181818181817189
2024-03-15,5410,5630,5070,5270,643461,-0.04355716878402904
2024-03-18,5270,5350,5080,5270,168175,0.0
2024-03-19,5280,5450,4940,5040,346037,-0.0436432637571158
2024-03-20,5040,5150,4925,5130,116287,0.017857142857142794
2024-03-21,5070,5320,5020,5080,177748,-0.00974658869395717
2024-03-22,5140,5150,5010,5030,83646,-0.009842519685039353
2024-03-25,5030,5130,4960,5110,79584,0.015904572564612307
2024-03-26,5110,6120,5060,5970,4586307,0.16829745596868895
2024-03-27,5880,6080,5620,5770,723244,-0.03350083752093802
2024-03-28,5830,5900,5520,5750,394684,-0.0034662045060658286
2024-03-29,5700,5700,5550,5650,180219,-0.017391304347826098
2024-04-01,5550,5900,5470,5600,332184,-0.008849557522123908
2024-04-02,5600,5660,5310,5450,212178,-0.0267857142857143
2024-04-03,5450,6490,5380,5620,3962349,0.031192660550458662
2024-04-04,5600,5800,5400,5670,672715,0.008896797153024938
2024-04-05,5770,6260,5490,6030,2384287,0.06349206349206349
2024-04-08,5900,5900,5580,5600,524211,-0.0713101160862355
2024-04-09,5700,5700,5140,5380,430037,-0.03928571428571426
2024-04-11,5520,6230,5250,5820,2162636,0.08178438661710041
2024-04-12,5800,6150,5720,5800,793441,-0.0034364261168384758
2024-04-15,5710,6250,5520,6190,631077,0.0672413793103448
2024-04-16,6050,7170,5710,5830,5507871,-0.058158319870759256
2024-04-17,5950,6540,5820,6050,1578121,0.037735849056603765
2024-04-18,6150,6950,6090,6760,2138773,0.11735537190082646
2024-04-19,6860,7660,6530,6960,4041480,0.029585798816567976
2024-04-22,7050,8500,7050,7670,8079283,0.10201149425287359
2024-04-23,7600,7860,7310,7310,1438117,-0.046936114732724854
2024-04-24,7390,8200,7170,8000,2319464,0.09439124487004102
2024-04-25,8050,8300,7650,7680,1246528,-0.040000000000000036
2024-04-26,7970,8440,7650,7840,2571086,0.02083333333333326
2024-04-29,7800,8150,7420,7850,815157,0.0012755102040815647
2024-04-30,7850,9100,7600,8210,4630149,0.04585987261146496
2024-05-02,8000,8340,7820,8210,601479,0.0
2024-05-03,8420,9560,8400,9130,5506416,0.1120584652862362
2024-05-07,8980,9100,8690,8890,1090744,-0.026286966046002225
2024-05-08,8920,9360,8500,8720,1293154,-0.019122609673790758
2024-05-09,8580,8970,8440,8580,691280,-0.016055045871559592
2024-05-10,8580,8780,8310,8470,581716,-0.012820512820512775
2024-05-13,8470,9240,8400,8990,939682,0.06139315230224329
2024-05-14,9030,11680,8960,11680,7222999,0.2992213570634037
2024-05-16,11540,13060,11530,12300,11854819,0.05308219178082196
2024-05-17,11980,11990,10810,11060,1828697,-0.10081300813008132
2024-05-20,11040,11280,10630,10980,924950,-0.007233273056057921
2024-05-21,10790,11010,10270,10560,945034,-0.03825136612021862
2024-05-22,10610,11010,10370,10390,859327,-0.016098484848484862
2024-05-23,10280,10390,9890,10100,659004,-0.02791145332050049
2024-05-24,9940,10590,9940,10510,875983,0.04059405940594063
2024-05-27,10320,10630,10000,10190,493604,-0.03044719314938149
2024-05-28,10040,11200,9910,10260,3232960,0.006869479882237517
2024-05-29,10100,10530,9920,9980,375492,-0.02729044834307992
2024-05-30,10150,11200,10120,10300,3836001,0.03206412825651306
2024-05-31,10030,10820,10010,10700,829918,0.03883495145631066
2024-06-03,10910,10920,9770,9770,711303,-0.08691588785046733
2024-06-04,9600,9800,8650,9200,1645653,-0.05834186284544529
2024-06-05,9020,9330,8920,9260,360817,0.006521739130434856
2024-06-07,9310,10640,9310,10500,1849003,0.13390928725701934
2024-06-10,10670,10770,9980,10070,638636,-0.04095238095238096
2024-06-11,10120,10860,10080,10520,1045175,0.044687189672294014
2024-06-12,10440,10950,10200,10650,588804,0.012357414448669113
2024-06-13,10840,11110,10420,10920,574249,0.025352112676056304
2024-06-14,10920,11660,10580,11460,1124917,0.0494505494505495
2024-06-17,11510,12120,11180,11580,751586,0.010471204188481575
2024-06-18,11500,11970,10360,11290,1563605,-0.025043177892918878
2024-06-19,10930,10930,9990,10080,927812,-0.10717449069973428
2024-06-20,9990,10340,9800,10030,346864,-0.004960317460317443
2024-06-21,9910,10200,9470,9750,468416,-0.02791625124626118
2024-06-24,9750,9970,9300,9370,276152,-0.03897435897435897
2024-06-25,9450,9760,9110,9540,232105,0.018143009605122717
2024-06-26,9760,10130,9430,9800,336192,0.027253668763102645
2024-06-27,9810,10300,9500,9730,270874,-0.0071428571428571175
2024-06-28,9780,9780,9340,9340,224858,-0.04008221993833505
2024-07-01,9220,9700,9220,9510,151150,0.01820128479657379
2024-07-02,9380,9600,8840,9470,395869,-0.004206098843322792
2024-07-03,9520,9790,8970,9140,258558,-0.03484688489968324
2024-07-04,9420,9760,9140,9530,410146,0.04266958424507661
2024-07-05,9550,10700,9330,10400,1172530,0.09129066107030437
2024-07-08,10400,10740,10010,10460,600850,0.005769230769230749
2024-07-09,10650,10690,10010,10170,458830,-0.027724665391969383
2024-07-10,10170,10500,9360,9540,1393681,-0.06194690265486724
2024-07-11,9470,9740,8570,8630,572597,-0.09538784067085959
2024-07-12,8800,9600,7930,8930,1594266,0.03476245654692933
2024-07-15,8650,9270,8650,8860,274696,-0.007838745800671898
2024-07-16,8860,8860,8190,8720,383662,-0.015801354401805856
2024-07-17,8550,8770,8230,8230,205697,-0.056192660550458684
2024-07-18,8170,8320,7910,8290,232059,0.007290400972053357
2024-07-19,8280,8550,8100,8410,163205,0.014475271411338975
2024-07-22,8330,8580,7940,8050,328198,-0.0428061831153389
2024-07-23,8050,8350,7920,8350,180678,0.037267080745341685
2024-07-24,8470,10280,8200,9000,4694262,0.07784431137724557
2024-07-25,8600,9040,8330,8800,683799,-0.022222222222222254
2024-07-26,8700,8980,8270,8380,354759,-0.04772727272727273
2024-07-29,8380,8620,8260,8260,143094,-0.014319809069212375
2024-07-30,8160,8380,7460,7810,536048,-0.05447941888619856
2024-07-31,7800,7870,7490,7670,149957,-0.017925736235595346
2024-08-01,7730,7980,7540,7590,130239,-0.010430247718383301
2024-08-02,7220,7380,6760,6900,489035,-0.09090909090909094
2024-08-05,6610,6790,5570,6050,382598,-0.12318840579710144
2024-08-06,5960,6700,5960,6410,278327,0.05950413223140494
2024-08-07,6420,6580,6300,6480,114148,0.010920436817472678
2024-08-08,6470,6650,6150,6300,128508,-0.02777777777777779
2024-08-09,6360,6870,6360,6550,216466,0.039682539682539764
2024-08-12,6550,6760,6500,6620,137748,0.010687022900763399
2024-08-13,6650,6650,6320,6380,56679,-0.03625377643504535
2024-08-14,6430,6640,6420,6530,113650,0.023510971786833812
2024-08-16,6550,6730,6280,6540,164063,0.0015313935681469104
2024-08-19,6450,6510,6120,6300,155025,-0.03669724770642202
2024-08-20,6270,6890,6270,6790,340634,0.07777777777777772
2024-08-21,6790,6870,6370,6380,122953,-0.06038291605301915
2024-08-22,6380,6700,6290,6310,145097,-0.010971786833855801
2024-08-23,6310,6340,6080,6270,168099,-0.006339144215530945
2024-08-26,6280,6640,6150,6610,237518,0.054226475279106845
2024-08-27,6880,6960,6360,6520,296149,-0.013615733736762503
2024-08-28,6480,6600,6310,6370,124689,-0.02300613496932513
2024-08-29,6370,6450,6170,6340,129724,-0.004709576138147598
2024-08-30,6330,6760,6270,6740,159277,0.06309148264984232
2024-09-02,6760,6920,6460,6460,148945,-0.041543026706231445
2024-09-03,6600,7110,6480,6700,276608,0.037151702786377694
2024-09-04,6390,7740,6290,6620,2007332,-0.011940298507462699
2024-09-05,6600,6930,6370,6450,382350,-0.025679758308157052
2024-09-06,6400,6520,5920,5990,382805,-0.07131782945736431
2024-09-09,5660,6130,5600,6000,132169,0.0016694490818029983
2024-09-10,6030,6280,5960,6050,107966,0.008333333333333304
2024-09-11,6160,7480,6130,7140,7051631,0.18016528925619846
2024-09-12,6710,8420,6710,7830,10735923,0.09663865546218497
2024-09-13,7850,8450,7720,7800,5011496,-0.003831417624521105
2024-09-19,7700,7980,7510,7610,846161,-0.024358974358974383
2024-09-20,7640,8000,7520,7890,1238950,0.036793692509855536
2024-09-23,7810,8090,7810,7960,578835,0.008871989860582907
2024-09-24,7980,9590,7520,9170,11325153,0.15201005025125625
2024-09-25,9200,9440,8500,8660,1875189,-0.055616139585605184
2024-09-26,8710,8770,8330,8600,596170,-0.006928406466512715
2024-09-27,8550,8560,8060,8140,674636,-0.05348837209302326
2024-09-30,8020,8040,7760,7870,334794,-0.033169533169533194
2024-10-02,7590,7700,7490,7650,223751,-0.027954256670902122
2024-10-04,7600,7870,7560,7790,361286,0.018300653594771177
2024-10-07,7800,7880,7640,7700,218970,-0.011553273427471145
2024-10-08,7690,7790,7530,7600,211791,-0.012987012987012991
2024-10-10,7600,7670,7160,7200,316098,-0.052631578947368474
2024-10-11,7130,7300,7120,7180,151519,-0.002777777777777768
2024-10-14,7030,7160,6990,7120,105389,-0.00835654596100277
2024-10-15,7070,7200,6950,7110,131977,-0.001404494382022503
2024-10-16,7060,7090,6890,6960,92423,-0.021097046413502074
2024-10-17,6910,7200,6810,6810,152305,-0.02155172413793105
2024-10-18,6700,6880,6600,6670,112178,-0.02055800293685761
2024-10-21,6600,6740,6560,6650,60958,-0.0029985007496251548
2024-10-22,6590,6640,6260,6440,156038,-0.03157894736842104
2024-10-23,6440,6480,6270,6390,95081,-0.00776397515527949
2024-10-24,6240,6460,6240,6400,60126,0.0015649452269170805
2024-10-25,6340,6420,6270,6420,54241,0.0031250000000000444
2024-10-28,6290,6480,6240,6420,79483,0.0
2024-10-29,6320,6410,6180,6410,78737,-0.0015576323987538387
2024-10-30,6480,6480,6280,6420,69676,0.0015600624024960652
2024-10-31,6380,6800,6280,6470,230535,0.007788161993769416
2024-11-01,6440,6740,6350,6570,185000,0.015455950540958163
2024-11-04,6670,6990,6610,6760,288187,0.028919330289193246
2024-11-05,6650,6840,6650,6750,92785,-0.0014792899408283544
2024-11-06,6790,6880,6300,6360,212014,-0.05777777777777782
2024-11-07,6360,6370,5950,6040,157157,-0.05031446540880502
2024-11-08,6000,6310,6000,6200,78056,0.026490066225165476
2024-11-11,6140,6180,5700,5700,181068,-0.08064516129032262
2024-11-12,5700,5870,5570,5650,153657,-0.00877192982456143
2024-11-13,5510,5640,5260,5330,171680,-0.05663716814159292
2024-11-14,5330,5560,5100,5190,121431,-0.026266416510318913
2024-11-15,5020,5230,4950,5090,251128,-0.019267822736030782
2024-11-18,5090,5280,4950,5100,74274,0.0019646365422396617
2024-11-19,5110,5610,5080,5180,545458,0.015686274509803866
2024-11-20,5150,5340,5050,5170,253392,-0.0019305019305019266
2024-11-21,5120,5150,4920,5020,136723,-0.029013539651837505
2024-11-22,5000,5260,5000,5110,110107,0.017928286852589626
2024-11-25,5120,5310,5120,5240,143061,0.02544031311154593
2024-11-26,5240,5370,5210,5320,191999,0.01526717557251911
2024-11-27,5440,5440,5160,5290,131209,-0.005639097744360888
2024-11-28,5260,5570,5210,5210,229147,-0.015122873345935761
2024-11-29,5210,5230,4930,5070,284321,-0.026871401151631447
2024-12-02,5050,5190,4700,4735,197560,-0.06607495069033531
2024-12-03,4695,5090,4645,5000,216713,0.05596620908130934
2024-12-04,4900,5340,4745,4820,366876,-0.03600000000000003
2024-12-05,4820,4940,4635,4660,174981,-0.03319502074688796
2024-12-06,4695,4810,4255,4475,184000,-0.03969957081545061
2024-12-09,4395,4430,3855,3900,585761,-0.12849162011173187
2024-12-10,3880,4175,3880,4155,223578,0.06538461538461537
2024-12-11,4105,4380,4105,4375,139306,0.05294825511432011
2024-12-12,4485,4535,4350,4380,165479,0.0011428571428571122
2024-12-13,4340,4475,4340,4410,136192,0.006849315068493178
2024-12-16,4415,4635,4415,4635,234284,0.05102040816326525
2024-12-17,4635,4640,4300,4540,217468,-0.02049622437971954
2024-12-18,4545,4630,4390,4550,136404,0.0022026431718060735
2024-12-19,4450,4545,4345,4390,121453,-0.03516483516483515
2024-12-20,4420,4485,4160,4290,129325,-0.02277904328018221
2024-12-23,4310,4400,4250,4350,117286,0.013986013986013957
2024-12-24,4350,4450,4270,4415,125559,0.014942528735632177
2024-12-26,4440,4480,4355,4405,152578,-0.0022650056625141968
2024-12-27,4420,4420,4150,4220,156732,-0.041997729852440435
2024-12-30,4145,4540,4105,4245,543206,0.005924170616113722
2025-01-02,4255,4290,4165,4215,289559,-0.007067137809187329
2025-01-03,4215,4370,4200,4350,271231,0.03202846975088969
2025-01-06,4395,4595,4380,4530,362064,0.04137931034482767
2025-01-07,4530,4560,4435,4495,150651,-0.007726269315673329
2025-01-08,4475,4570,4445,4495,252891,0.0
2025-01-09,4490,4565,4455,4500,168195,0.0011123470522802492
2025-01-10,4500,4530,4425,4495,102655,-0.0011111111111110628
2025-01-13,4500,4540,4260,4310,161675,-0.04115684093437155
2025-01-14,4300,4530,4285,4435,316466,0.029002320185614883
2025-01-15,4480,4480,4215,4260,255644,-0.03945885005636973
2025-01-16,4290,4640,4250,4395,1626019,0.03169014084507049
2025-01-17,4385,4450,4355,4435,236223,0.009101251422070522
2025-01-20,4445,4470,4330,4340,145114,-0.021420518602029315
2025-01-21,4325,4400,4170,4220,182733,-0.027649769585253448
2025-01-22,4230,4395,4230,4340,182193,0.028436018957346043
2025-01-23,4370,4370,4150,4150,178222,-0.04377880184331795
2025-01-24,4185,4220,4075,4110,126206,-0.009638554216867434
2025-01-31,4110,4190,4080,4155,71992,0.010948905109489093
2025-02-03,4130,4130,3925,4025,148171,-0.03128760529482555
2025-02-04,4035,5230,4035,5230,6530777,0.29937888198757756
2025-02-05,5630,6300,5480,5720,17436839,0.09369024856596564
2025-02-06,5800,6100,5750,5980,6116184,0.045454545454545414
2025-02-07,5930,6090,5770,6070,2616293,0.015050167224080369
2025-02-10,6080,6550,5890,5930,5554278,-0.023064250411861664
2025-02-11,6000,6050,5610,5690,1211365,-0.0404721753794266
2025-02-12,5800,5800,5540,5670,662206,-0.0035149384885764245
2025-02-13,5680,5750,5520,5650,516484,-0.003527336860670194
2025-02-14,5570,5570,5240,5280,754343,-0.06548672566371683
2025-02-17,5280,6190,5280,5960,7198071,0.1287878787878789
2025-02-18,5960,6220,5830,6020,2302022,0.010067114093959662
2025-02-19,6100,6590,5900,6280,7754463,0.04318936877076407
2025-02-20,6420,7580,6310,6450,19176315,0.027070063694267565
2025-02-21,6370,6740,6330,6470,1979981,0.0031007751937983663
2025-02-24,6360,6380,6070,6120,810050,-0.054095826893353904
2025-02-25,6000,6150,5900,5920,531684,-0.0326797385620915
2025-02-26,5810,5940,5750,5840,410490,-0.013513513513513487
2025-02-27,5840,6030,5530,5730,535045,-0.018835616438356184
2025-02-28,5520,6590,5320,6050,8117719,0.055846422338568846
2025-03-04,5950,5950,5560,5610,832939,-0.07272727272727275
2025-03-05,5510,5770,5360,5550,625843,-0.010695187165775444
2025-03-06,5660,5920,5340,5340,1001367,-0.037837837837837784
2025-03-07,5210,5480,5190,5370,396709,0.00561797752808979
2025-03-10,5280,5370,5210,5220,259442,-0.027932960893854775
2025-03-11,5050,5280,4965,5250,274290,0.005747126436781658
2025-03-12,5230,5330,5160,5280,270462,0.005714285714285783
2025-03-13,5340,6860,5330,6610,20493268,0.25189393939393945
2025-03-14,6610,7010,6400,6440,7063553,-0.02571860816944027
2025-03-17,6410,6510,6310,6490,1325519,0.007763975155279601
2025-03-18,6420,7350,6410,6670,13818633,0.027734976887519247
2025-03-19,6640,6730,6460,6670,1465838,0.0
2025-03-20,6750,7050,6200,6200,3032163,-0.07046476761619191
2025-03-21,6120,6410,6030,6150,1212066,-0.008064516129032251
2025-03-24,6210,6560,6080,6090,1487877,-0.009756097560975618
2025-03-25,6090,6340,6040,6180,728368,0.014778325123152802
2025-03-26,6180,6220,5900,5980,455193,-0.032362459546925515
2025-03-27,5980,6040,5830,5880,362296,-0.01672240802675584
2025-03-28,5880,5910,5600,5610,306075,-0.04591836734693877
2025-03-31,5510,5730,5100,5100,562703,-0.09090909090909094
2025-04-01,5160,5450,5160,5240,358354,0.027450980392156765
2025-04-02,5270,5610,5170,5330,735286,0.01717557251908386
2025-04-03,5110,5360,5030,5150,309409,-0.0337711069418386
2025-04-04,5020,5340,5020,5270,407916,0.023300970873786353
2025-04-07,5150,5170,4800,4830,486414,-0.08349146110056926
2025-04-08,4925,5340,4925,4980,706869,0.03105590062111796
2025-04-09,4925,5100,4720,4795,404610,-0.03714859437751006
2025-04-10,5080,5110,4950,5050,260201,0.05318039624608972
2025-04-11,4985,6100,4950,5800,4968767,0.14851485148514842
2025-04-14,6320,7500,6110,7240,21173058,0.24827586206896557
2025-04-15,7200,7720,6990,6990,6354906,-0.03453038674033149
2025-04-16,7680,8500,7390,7400,20528168,0.05865522174535043
2025-04-17,7360,8750,7250,8290,24735585,0.12027027027027026
2025-04-18,8060,8860,7870,7870,7256312,-0.05066344993968641
2025-04-21,7790,9820,7770,8880,25394285,0.12833545108005073
2025-04-22,8890,10200,8370,8550,11634635,-0.03716216216216217
2025-04-23,8830,8840,7810,7810,2328905,-0.08654970760233915
2025-04-24,7840,8570,7730,7880,3361624,0.008962868117797784
2025-04-25,7800,8470,7800,7960,2813890,0.010152284263959421
2025-04-28,8010,8180,7620,7660,977171,-0.03768844221105527
2025-04-29,7650,8080,7380,7680,1371169,0.0026109660574411553
2025-04-30,7680,7870,7400,7550,609239,-0.01692708333333337
2025-05-02,7220,7390,6950,7250,594077,-0.039735099337748325
2025-05-07,7220,8050,7190,7770,2445101,0.07172413793103449
2025-05-08,7980,8770,7780,8170,7264449,0.051480051480051525
2025-05-09,8170,8360,7820,8090,1591625,-0.009791921664626724
2025-05-12,8190,8700,8020,8310,3093067,0.027194066749072876
2025-05-13,8430,8430,7900,7990,1036793,-0.038507821901323736
2025-05-14,8010,8060,7880,7930,511178,-0.007509386733416723
2025-05-15,7970,8590,7950,8030,2748457,0.01261034047919285
2025-05-16,8060,8130,7400,7460,833071,-0.07098381070983806
2025-05-19,7460,7530,7010,7010,447832,-0.06032171581769441
2025-05-20,7030,7360,6900,7010,392203,0.0
2025-05-21,7010,7200,6980,7170,451584,0.022824536376604865
2025-05-22,7100,7160,6850,6860,315797,-0.04323570432357038
2025-05-23,6860,6990,6670,6720,306132,-0.020408163265306145
2025-05-26,6610,6800,6560,6770,206269,0.007440476190476275
2025-05-27,6920,6920,6590,6610,233418,-0.02363367799113736
2025-05-28,6700,7190,6640,7010,871582,0.06051437216338873
2025-05-29,7000,7060,6880,6920,321509,-0.012838801711840264
2025-05-30,6930,7220,6750,6800,604175,-0.017341040462427793
2025-06-02,6890,7070,6680,6950,309356,0.022058823529411686
2025-06-04,7180,7210,6870,7190,565252,0.03453237410071952
2025-06-05,7250,7350,7020,7170,427621,-0.0027816411682892728
2025-06-09,7250,7690,7110,7440,987831,0.03765690376569042
2025-06-10,7580,7580,7090,7170,454142,-0.03629032258064513
2025-06-11,7300,7300,7120,7170,322194,0.0
2025-06-12,7110,7280,7060,7060,257139,-0.015341701534170138
2025-06-13,7080,7140,6680,6740,380993,-0.04532577903682722
2025-06-16,6660,6890,6590,6790,202039,0.007418397626112849
2025-06-17,6820,6930,6720,6820,240757,0.004418262150220897
2025-06-18,7000,8120,6910,7590,7373133,0.11290322580645151
2025-06-19,7600,7700,7400,7410,805311,-0.02371541501976282
2025-06-20,7410,7600,7200,7500,642376,0.012145748987854255
2025-06-23,7280,7480,7090,7330,439831,-0.022666666666666613
2025-06-24,7580,7980,7400,7620,2673863,0.0395634379263301
2025-06-25,7510,7590,7220,7290,480882,-0.04330708661417326
2025-06-26,7290,7290,6900,7010,391423,-0.0384087791495199
2025-06-27,7040,7100,6850,6860,230322,-0.021398002853067033
2025-06-30,6880,7150,6860,6900,265237,0.005830903790087438
2025-07-01,7000,7080,6880,7010,270976,0.01594202898550723
2025-07-02,7050,7560,7000,7080,1279245,0.009985734664764712
2025-07-03,7100,7420,7080,7220,785943,0.019774011299435124
2025-07-04,7310,7440,6990,6990,478406,-0.03185595567867039
2025-07-07,6990,7220,6830,7000,262281,0.0014306151645206988
2025-07-08,7000,7100,6870,6960,210822,-0.005714285714285672
2025-07-09,6990,7080,6930,7040,121329,0.011494252873563315
2025-07-10,7040,7150,7000,7020,201373,-0.0028409090909090606
2025-07-11,7020,7100,6950,7000,133362,-0.002849002849002802
2025-07-14,6980,7120,6840,6840,276133,-0.02285714285714291
2025-07-15,6880,6880,6670,6830,149797,-0.0014619883040936088
2025-07-16,6840,6890,6680,6780,109466,-0.007320644216691097
2025-07-17,6800,6950,6750,6830,104342,0.007374631268436627
2025-07-18,6820,6900,6760,6800,107522,-0.004392386530014614
2025-07-21,6790,6860,6730,6800,118491,0.0
2025-07-22,6740,7400,6700,6920,1049138,0.01764705882352935
2025-07-23,6890,6920,6740,6790,184089,-0.018786127167630062
2025-07-24,6790,6850,6700,6700,113460,-0.013254786450662692
2025-07-25,6680,6810,6670,6680,101855,-0.0029850746268657025
2025-07-28,6710,6710,6540,6560,166617,-0.017964071856287456
2025-07-29,6560,6580,6450,6540,105119,-0.0030487804878048808
2025-07-30,6480,6620,6480,6520,100384,-0.003058103975535187
2025-07-31,6560,7100,6500,6610,1258518,0.013803680981595123
2025-08-01,6620,7200,6600,6700,1980038,0.013615733736762392
2025-08-04,6700,6700,6450,6480,349846,-0.032835820895522394
2025-08-05,6580,6990,6540,6580,1054453,0.015432098765432167
2025-08-06,6530,6690,6500,6560,139494,-0.003039513677811523
2025-08-07,6610,6630,6520,6540,133798,-0.0030487804878048808
2025-08-08,6540,6580,6460,6460,116561,-0.012232415902140636
2025-08-11,6460,6480,6230,6270,248677,-0.02941176470588236
2025-08-12,6250,6370,6250,6320,90183,0.00797448165869219
2025-08-13,6320,6430,6280,6290,108017,-0.004746835443038
2025-08-14,6260,6380,6260,6280,73155,-0.0015898251192368873
2025-08-18,6290,6340,6220,6300,49648,0.0031847133757962887
2025-08-19,6250,6340,6180,6270,82631,-0.004761904761904745
2025-08-20,6190,6200,5750,5970,203924,-0.04784688995215314
2025-08-21,5970,6100,5920,6020,89091,0.008375209380234505
2025-08-22,5950,6090,5950,6040,61699,0.0033222591362125353
2025-08-25,6040,6280,6040,6220,120828,0.0298013245033113
2025-08-26,6240,6290,6070,6150,99049,-0.0112540192926045
2025-08-27,6140,6160,6050,6080,61290,-0.011382113821138184
2025-08-28,6060,6200,6030,6150,76144,0.011513157894736947
2025-08-29,6150,6250,6050,6130,71853,-0.003252032520325243
2025-09-01,6040,6070,5840,5900,156324,-0.037520391517128826
2025-09-02,5900,5980,5850,5900,49751,0.0
2025-09-03,6180,7600,6150,7070,14023412,0.1983050847457628
2025-09-04,7180,7330,7010,7210,1992513,0.01980198019801982
2025-09-05,7260,7270,7010,7080,997773,-0.018030513176144236
2025-09-08,7030,7360,7030,7180,1274154,0.01412429378531077
2025-09-09,7190,7200,6890,6980,826065,-0.027855153203342642
2025-09-10,6910,7030,6860,6860,516287,-0.017191977077363862
2025-09-11,6850,7060,6810,6930,461078,0.010204081632652962
2025-09-12,7030,7090,6830,6850,360028,-0.011544011544011523
2025-09-15,6850,6880,6730,6730,262962,-0.017518248175182438
2025-09-16,6780,6780,6610,6660,236080,-0.010401188707280795
2025-09-17,6690,6850,6580,6840,423953,0.027027027027026973
2025-09-18,6870,6900,6660,6760,235067,-0.011695906432748537
2025-09-19,6770,6870,6660,6660,220799,-0.014792899408283988
2025-09-22,6630,6750,6610,6680,153327,0.0030030030030030463
2025-09-23,6870,6950,6640,6640,269068,-0.005988023952095856
2025-09-24,6610,6750,6370,6470,263417,-0.025602409638554202
2025-09-25,6420,6700,6350,6460,462392,-0.0015455950540957941
2025-09-26,6420,6440,6230,6270,223352,-0.02941176470588236
2025-09-29,6270,6410,6260,6290,149531,0.0031897926634769647
2025-09-30,6220,6250,6120,6170,104871,-0.019077901430842648
2025-10-01,6170,6580,6070,6220,289749,0.008103727714748876
2025-10-02,6250,6330,6150,6210,94546,-0.001607717041800627
2025-10-10,6230,6360,6190,6270,167094,0.009661835748792313
2025-10-13,6030,6340,6030,6150,132712,-0.019138755980861233
2025-10-14,6150,6300,6110,6160,169922,0.001626016260162677
2025-10-15,6160,6350,6160,6350,119266,0.030844155844155896
2025-10-16,6380,6630,6250,6630,291648,0.04409448818897643
2025-10-17,6510,6620,6250,6300,263390,-0.04977375565610864
2025-10-20,6300,6360,6150,6250,100064,-0.007936507936507908
2025-10-21,6250,6340,6180,6210,82992,-0.006399999999999961
2025-10-22,6260,6260,6100,6260,130670,0.008051529790660261
2025-10-23,6150,6370,6140,6200,95725,-0.009584664536741228
2025-10-24,6220,6280,6170,6180,87069,-0.003225806451612856
2025-10-27,6180,6370,6180,6340,175190,0.025889967637540368
2025-10-28,6340,6400,6260,6350,104292,0.001577287066246047
2025-10-29,6400,6420,6290,6310,124971,-0.006299212598425252
2025-10-30,6310,6310,6100,6180,126990,-0.020602218700475405
2025-10-31,6110,6250,6100,6120,104621,-0.009708737864077666
2025-11-03,6150,6260,6140,6140,106450,0.0032679738562091387
2025-11-04,6120,6200,6040,6060,106602,-0.013029315960912058
2025-11-05,6250,6630,5950,6050,426048,-0.0016501650165016146
2025-11-06,6150,6200,5890,5900,115226,-0.024793388429752095
2025-11-07,5800,5900,5620,5640,167106,-0.04406779661016946
2025-11-10,5690,5900,5670,5800,74853,0.028368794326241176
