Date,Open,High,Low,Close,Volume,Change
2022-01-03,5580,5640,5520,5630,90383,0.01441441441441449
2022-01-04,5700,5740,5620,5720,153604,0.015985790408525657
2022-01-05,5720,5780,5610,5700,185709,-0.0034965034965035446
2022-01-06,5650,5720,5480,5480,236529,-0.038596491228070184
2022-01-07,5500,5640,5490,5610,119343,0.02372262773722622
2022-01-10,5620,5620,5450,5450,147248,-0.028520499108734443
2022-01-11,5460,5480,5200,5230,229938,-0.04036697247706422
2022-01-12,5260,5340,5260,5330,59072,0.019120458891013437
2022-01-13,5330,5370,5280,5280,56893,-0.009380863039399667
2022-01-14,5250,5280,5130,5200,103056,-0.015151515151515138
2022-01-17,5230,5230,5070,5100,93164,-0.019230769230769273
2022-01-18,5100,5200,5010,5010,93225,-0.01764705882352946
2022-01-19,4960,5090,4960,5000,72606,-0.001996007984031989
2022-01-20,4965,5340,4965,5200,199785,0.040000000000000036
2022-01-21,5100,5180,5000,5080,166388,-0.023076923076923106
2022-01-24,5080,5080,4950,4960,85914,-0.023622047244094446
2022-01-25,4980,5000,4680,4690,166739,-0.05443548387096775
2022-01-26,4795,4820,4680,4690,71543,0.0
2022-01-27,4700,4820,4480,4510,146226,-0.03837953091684432
2022-01-28,4510,4655,4450,4600,87946,0.019955654101995624
2022-02-03,4695,4795,4670,4780,49706,0.03913043478260869
2022-02-04,4710,4910,4710,4880,59181,0.02092050209205021
2022-02-07,4885,5110,4845,5010,112424,0.026639344262294973
2022-02-08,5000,5040,4890,4950,47123,-0.0119760479041916
2022-02-09,5090,5260,4965,5150,237641,0.04040404040404044
2022-02-10,5160,5180,5030,5070,25669,-0.01553398058252431
2022-02-11,5000,5030,4950,4955,36710,-0.02268244575936884
2022-02-14,4865,4915,4760,4765,56243,-0.038345105953582204
2022-02-15,4765,4825,4670,4680,41560,-0.01783840503672618
2022-02-16,4800,4915,4765,4900,53289,0.047008547008547064
2022-02-17,4990,4990,4800,4870,45641,-0.006122448979591799
2022-02-18,4815,4915,4815,4915,21062,0.00924024640657084
2022-02-21,4865,4950,4810,4945,30345,0.006103763987792554
2022-02-22,4850,4920,4825,4830,22658,-0.023255813953488413
2022-02-23,4850,4925,4830,4875,32552,0.009316770186335477
2022-02-24,4850,4885,4690,4720,54179,-0.03179487179487184
2022-02-25,4770,4815,4755,4785,36510,0.013771186440677985
2022-02-28,4765,4920,4765,4900,45333,0.024033437826541215
2022-03-02,4870,5000,4840,5000,66639,0.020408163265306145
2022-03-03,5080,5240,5050,5100,139885,0.020000000000000018
2022-03-04,5100,5100,5010,5060,41907,-0.007843137254901933
2022-03-07,5020,5030,4935,4950,46845,-0.021739130434782594
2022-03-08,4920,4985,4845,4950,64833,0.0
2022-03-10,4960,5030,4960,4990,40992,0.008080808080808133
2022-03-11,5000,5270,5000,5140,188084,0.03006012024048088
2022-03-14,5130,5190,5070,5090,43394,-0.009727626459143934
2022-03-15,5090,5140,5030,5100,45812,0.0019646365422396617
2022-03-16,5120,5770,5120,5300,3512116,0.03921568627450989
2022-03-17,5350,5440,5310,5390,383304,0.016981132075471805
2022-03-18,5380,5420,5300,5350,180512,-0.007421150278293154
2022-03-21,5340,5430,5330,5380,173420,0.005607476635514086
2022-03-22,5440,5570,5400,5520,394723,0.026022304832713727
2022-03-23,5610,5620,5510,5570,352155,0.009057971014492683
2022-03-24,5730,5740,5560,5580,267857,0.0017953321364452268
2022-03-25,5620,5710,5580,5680,203009,0.017921146953405076
2022-03-28,5740,5760,5600,5730,124607,0.008802816901408494
2022-03-29,5740,5830,5720,5790,253905,0.010471204188481575
2022-03-30,5790,5830,5600,5670,170164,-0.020725388601036232
2022-03-31,5720,5720,5610,5670,78570,0.0
2022-04-01,5700,5700,5580,5590,89734,-0.014109347442680775
2022-04-04,5590,5630,5570,5610,60041,0.003577817531305927
2022-04-05,5590,5660,5590,5620,39089,0.0017825311942958333
2022-04-06,5620,5620,5500,5530,74176,-0.016014234875444844
2022-04-07,5530,5530,5380,5400,52803,-0.023508137432188048
2022-04-08,5350,5450,5350,5400,40433,0.0
2022-04-11,5400,5490,5330,5480,66298,0.014814814814814836
2022-04-12,5410,5440,5070,5260,94672,-0.04014598540145986
2022-04-13,5290,5340,5240,5300,27606,0.0076045627376426506
2022-04-14,5320,5350,5200,5200,35179,-0.018867924528301883
2022-04-15,5210,5280,5190,5230,31068,0.005769230769230749
2022-04-18,5210,5320,5210,5310,51751,0.015296367112810794
2022-04-19,5290,5370,5260,5360,42806,0.009416195856873921
2022-04-20,5310,5380,5300,5330,32002,-0.005597014925373123
2022-04-21,5330,5370,5300,5320,61346,-0.0018761726078799779
2022-04-22,5260,5310,5200,5210,57784,-0.020676691729323293
2022-04-25,5150,5160,5020,5090,82233,-0.02303262955854124
2022-04-26,5080,5160,5050,5090,47028,0.0
2022-04-27,4960,5060,4960,5000,47975,-0.017681728880157177
2022-04-28,5030,5050,4965,5000,63310,0.0
2022-04-29,5010,5070,5000,5050,31699,0.010000000000000009
2022-05-02,5010,5100,4985,5090,37674,0.007920792079207928
2022-05-03,5090,5200,5080,5080,64398,-0.0019646365422396617
2022-05-04,5080,5120,5040,5060,48773,-0.003937007874015741
2022-05-06,4990,5020,4950,4950,53430,-0.021739130434782594
2022-05-09,4915,4950,4710,4745,138332,-0.04141414141414146
2022-05-10,4565,4750,4560,4740,89890,-0.0010537407797681642
2022-05-11,4680,4790,4680,4740,20111,0.0
2022-05-12,4715,4775,4525,4580,89145,-0.03375527426160341
2022-05-13,4580,5290,4580,4825,1404331,0.053493449781659486
2022-05-16,4795,4875,4790,4795,63890,-0.006217616580310836
2022-05-17,4825,4835,4770,4800,38703,0.0010427528675704956
2022-05-18,4800,5020,4775,4800,167803,0.0
2022-05-19,4745,4745,4610,4685,57122,-0.023958333333333304
2022-05-20,4685,4725,4670,4725,42800,0.008537886872998834
2022-05-23,4750,4750,4680,4710,44130,-0.0031746031746031633
2022-05-24,4685,4720,4590,4595,51638,-0.02441613588110403
2022-05-25,4570,4635,4560,4585,40340,-0.0021762785636560977
2022-05-26,4585,4655,4500,4520,53677,-0.014176663031624903
2022-05-27,4560,4620,4515,4515,47919,-0.0011061946902655162
2022-05-30,4595,4685,4535,4685,46903,0.037652270210409844
2022-05-31,4685,4725,4650,4690,32495,0.0010672358591248265
2022-06-02,4695,4705,4500,4700,97307,0.002132196162046851
2022-06-03,4675,4710,4640,4675,28850,-0.005319148936170248
2022-06-07,4675,4690,4620,4620,24272,-0.0117647058823529
2022-06-08,4585,4650,4580,4650,29473,0.006493506493506551
2022-06-09,4600,4650,4550,4555,62324,-0.02043010752688168
2022-06-10,4520,4540,4480,4535,34655,-0.004390779363336983
2022-06-13,4335,4470,4255,4255,103745,-0.061742006615215006
2022-06-14,4135,4275,4035,4115,116953,-0.03290246768507643
2022-06-15,4065,4130,3935,3940,74785,-0.04252733900364525
2022-06-16,3960,4200,3960,4020,126855,0.020304568527918843
2022-06-17,3830,3980,3830,3955,50529,-0.016169154228855676
2022-06-20,3955,4100,3560,3685,133496,-0.06826801517067005
2022-06-21,3640,3880,3640,3845,64541,0.04341926729986434
2022-06-22,3810,3885,3555,3555,112812,-0.07542262678803646
2022-06-23,3555,3620,3300,3300,199946,-0.07172995780590719
2022-06-24,3290,3590,3290,3575,79932,0.08333333333333326
2022-06-27,3585,3700,3585,3600,30131,0.006993006993007089
2022-06-28,3615,3730,3580,3580,42519,-0.005555555555555536
2022-06-29,3550,3645,3450,3615,31700,0.009776536312849249
2022-06-30,3595,3645,3520,3525,31481,-0.024896265560165998
2022-07-01,3515,3560,3375,3445,39116,-0.02269503546099294
2022-07-04,3435,3470,3320,3430,41844,-0.004354136429608135
2022-07-05,3395,3570,3395,3570,20615,0.04081632653061229
2022-07-06,3610,3615,3525,3530,17981,-0.011204481792717047
2022-07-07,3530,3625,3530,3620,21400,0.025495750708215192
2022-07-08,3675,3715,3610,3695,29985,0.02071823204419898
2022-07-11,3715,3745,3675,3725,21707,0.008119079837618504
2022-07-12,3705,3735,3635,3700,30518,-0.006711409395973145
2022-07-13,3660,3770,3660,3700,32827,0.0
2022-07-14,3700,3960,3680,3765,72100,0.0175675675675675
2022-07-15,3760,3785,3670,3755,22701,-0.0026560424966799445
2022-07-18,3755,3830,3755,3825,26410,0.018641810918774926
2022-07-19,3790,4160,3785,3960,156712,0.03529411764705892
2022-07-20,4010,4020,3960,3985,36801,0.0063131313131312705
2022-07-21,4005,4260,3980,4045,225975,0.015056461731492998
2022-07-22,4045,4090,3990,4000,53761,-0.011124845488257096
2022-07-25,3965,4000,3950,3960,14448,-0.010000000000000009
2022-07-26,3965,4750,3965,4175,3792244,0.05429292929292928
2022-07-27,4130,4405,4130,4175,638310,0.0
2022-07-28,4230,4345,4110,4150,227730,-0.005988023952095856
2022-07-29,4175,4285,4170,4200,116611,0.012048192771084265
2022-08-01,4200,4265,4155,4190,98994,-0.0023809523809523725
2022-08-02,4165,4215,4120,4200,50303,0.0023866348448686736
2022-08-03,4180,4235,4160,4185,81854,-0.0035714285714285587
2022-08-04,4210,4425,4210,4270,156033,0.020310633213858953
2022-08-05,4240,4275,4225,4250,42069,-0.004683840749414525
2022-08-08,4260,4260,4170,4200,61004,-0.0117647058823529
2022-08-09,4210,4240,4170,4220,43317,0.004761904761904745
2022-08-10,4190,4220,4130,4155,35913,-0.0154028436018957
2022-08-11,4165,4215,4165,4165,16901,0.002406738868832692
2022-08-12,4170,4195,4135,4160,29535,-0.0012004801920768582
2022-08-16,4170,4205,4150,4175,35897,0.0036057692307691624
2022-08-17,4230,4260,4190,4200,68524,0.0059880239520957446
2022-08-18,4225,4225,4160,4180,38336,-0.004761904761904745
2022-08-19,4205,4240,4150,4175,33664,-0.0011961722488038617
2022-08-22,4175,4175,3985,3985,60141,-0.045508982035928125
2022-08-23,3950,3975,3845,3855,43920,-0.03262233375156842
2022-08-24,3850,3910,3825,3895,13800,0.01037613488975353
2022-08-25,3910,4075,3865,3930,36345,0.00898587933247752
2022-08-26,3950,3990,3820,3875,28532,-0.013994910941475869
2022-08-29,3740,3800,3700,3760,38060,-0.029677419354838697
2022-08-30,3745,3870,3745,3845,15184,0.022606382978723305
2022-08-31,3845,3890,3800,3880,16742,0.00910273081924573
2022-09-01,3830,3885,3760,3770,22090,-0.028350515463917536
2022-09-02,3755,3815,3750,3750,10248,-0.0053050397877983935
2022-09-05,3685,3760,3640,3670,31727,-0.021333333333333315
2022-09-06,3655,3720,3655,3685,31785,0.004087193460490468
2022-09-07,3685,4000,3655,3680,233106,-0.0013568521031207537
2022-09-08,3685,3765,3670,3705,22562,0.006793478260869623
2022-09-13,3710,3815,3710,3790,22996,0.02294197031039147
2022-09-14,3630,3745,3630,3745,43822,-0.01187335092348285
2022-09-15,3765,3775,3670,3690,55406,-0.014686248331108098
2022-09-16,3630,3750,3610,3650,33413,-0.010840108401083959
2022-09-19,3650,3685,3530,3530,32672,-0.0328767123287671
2022-09-20,3490,3580,3490,3545,32450,0.004249291784702569
2022-09-21,3500,3545,3490,3495,23126,-0.014104372355430161
2022-09-22,3490,3490,3335,3385,58074,-0.03147353361945637
2022-09-23,3365,3430,3340,3360,28048,-0.00738552437223039
2022-09-26,3305,3375,3070,3115,75910,-0.07291666666666663
2022-09-27,3055,3135,3000,3060,67828,-0.017656500802568198
2022-09-28,3010,3080,2955,3015,71006,-0.014705882352941124
2022-09-29,3040,3295,3005,3060,92428,0.014925373134328401
2022-09-30,3020,3105,2970,3085,23978,0.008169934640522847
2022-10-04,3095,3200,3095,3190,20262,0.034035656401944836
2022-10-05,3205,3230,3135,3190,23649,0.0
2022-10-06,3180,3265,3180,3260,12075,0.021943573667711602
2022-10-07,3260,3275,3185,3200,12240,-0.018404907975460127
2022-10-11,3185,3200,3015,3050,38854,-0.046875
2022-10-12,3025,3120,2995,3055,18842,0.0016393442622950616
2022-10-13,3005,3075,2935,2940,26660,-0.03764320785597386
2022-10-14,2965,3820,2965,3415,3917037,0.16156462585034004
2022-10-17,3380,3700,3360,3410,1877608,-0.0014641288433382416
2022-10-18,3445,3520,3370,3515,357538,0.030791788856304958
2022-10-19,3545,3555,3400,3415,230383,-0.028449502133712667
2022-10-20,3385,3450,3315,3355,118367,-0.017569546120058566
2022-10-21,3355,3375,3270,3270,61080,-0.025335320417287588
2022-10-24,3310,3385,3280,3315,48422,0.013761467889908285
2022-10-25,3345,3405,3320,3360,43070,0.013574660633484115
2022-10-26,3365,4170,3365,3755,7393848,0.11755952380952372
2022-10-27,3775,3950,3700,3700,1167127,-0.01464713715046606
2022-10-28,3670,3690,3540,3540,209244,-0.043243243243243246
2022-10-31,3540,3590,3505,3580,113663,0.011299435028248483
2022-11-01,3575,3630,3505,3575,141241,-0.0013966480446927498
2022-11-02,3555,3760,3520,3590,417866,0.00419580419580412
2022-11-03,3525,3555,3460,3490,107559,-0.027855153203342642
2022-11-04,3485,3505,3440,3450,61759,-0.011461318051575908
2022-11-07,3485,3640,3485,3555,97461,0.0304347826086957
2022-11-08,3590,3700,3580,3645,112814,0.025316455696202445
2022-11-09,3650,3690,3620,3650,53350,0.00137174211248281
2022-11-10,3650,3655,3550,3580,49969,-0.019178082191780854
2022-11-11,3650,3700,3625,3640,92327,0.016759776536312776
2022-11-14,3640,3700,3600,3690,57077,0.013736263736263687
2022-11-15,3690,3740,3655,3710,82598,0.005420054200542035
2022-11-16,3715,3715,3630,3670,48393,-0.010781671159029615
2022-11-17,3645,3710,3615,3635,41773,-0.009536784741144388
2022-11-18,3600,3670,3590,3625,43767,-0.0027510316368638543
2022-11-21,3605,3665,3470,3520,96317,-0.0289655172413793
2022-11-22,3470,3605,3470,3540,48216,0.005681818181818121
2022-11-23,3545,3630,3530,3550,40429,0.0028248587570620654
2022-11-24,3550,3655,3550,3645,60994,0.026760563380281654
2022-11-25,3675,3675,3600,3640,28782,-0.00137174211248281
2022-11-28,3635,3635,3405,3480,69466,-0.04395604395604391
2022-11-29,3450,3560,3445,3555,25955,0.02155172413793105
2022-11-30,3575,3575,3510,3565,13683,0.002812939521800173
2022-12-01,3595,3635,3560,3595,54586,0.008415147265077083
2022-12-02,3560,3765,3555,3655,121608,0.016689847009735637
2022-12-05,3685,3745,3665,3695,48180,0.010943912448700521
2022-12-06,3630,3765,3585,3695,104406,0.0
2022-12-07,3685,3745,3650,3740,97016,0.012178619756427533
2022-12-08,3700,3930,3575,3585,129275,-0.041443850267379734
2022-12-09,3605,3625,3505,3600,34629,0.004184100418409997
2022-12-12,3620,4345,3620,4070,6606682,0.13055555555555554
2022-12-13,4035,4145,3900,4035,893571,-0.008599508599508643
2022-12-14,4090,4135,3950,4080,830313,0.011152416356877248
2022-12-15,4000,4095,3995,4020,206388,-0.014705882352941124
2022-12-16,3970,4095,3895,4000,198145,-0.00497512437810943
2022-12-19,3985,4320,3970,4105,1526974,0.026250000000000107
2022-12-20,4105,4195,3720,3745,759300,-0.08769792935444576
2022-12-21,3780,4565,3755,4040,11341839,0.07877169559412556
2022-12-22,4015,4135,3900,3925,1120364,-0.02846534653465349
2022-12-23,3850,3880,3720,3730,410275,-0.04968152866242037
2022-12-26,3720,3755,3600,3610,201156,-0.03217158176943702
2022-12-27,3635,3720,3625,3695,147439,0.023545706371191244
2022-12-28,3680,3805,3635,3770,142135,0.020297699594046037
2022-12-29,3720,3795,3600,3630,117452,-0.037135278514588865
2023-01-02,3560,3685,3535,3535,126428,-0.026170798898071612
2023-01-03,3535,3625,3480,3520,136027,-0.004243281471004279
2023-01-04,3550,3845,3525,3710,388712,0.05397727272727271
2023-01-05,3710,3895,3710,3780,290123,0.018867924528301883
2023-01-06,3740,4105,3740,3870,1694352,0.023809523809523725
2023-01-09,3900,3965,3845,3880,273031,0.0025839793281654533
2023-01-10,3850,3960,3830,3930,167604,0.012886597938144284
2023-01-11,4060,4410,4020,4135,4685659,0.05216284987277353
2023-01-12,4150,4160,4050,4110,443446,-0.006045949214026569
2023-01-13,4080,4455,4010,4140,2967410,0.007299270072992803
2023-01-16,4130,4500,4010,4275,2089261,0.032608695652173836
2023-01-17,4240,4290,4120,4125,420054,-0.03508771929824561
2023-01-18,4170,4350,4055,4090,550883,-0.00848484848484854
2023-01-19,4090,4230,4010,4045,255174,-0.011002444987775029
2023-01-20,4045,4110,4000,4070,154912,0.006180469715698411
2023-01-25,4085,4560,4070,4485,2029957,0.10196560196560189
2023-01-26,4550,4930,4495,4555,2198367,0.015607580824972045
2023-01-27,4560,4740,4540,4725,774962,0.03732162458836452
2023-01-30,4965,6140,4850,6020,18457760,0.27407407407407414
2023-01-31,5950,6500,5880,6100,7766863,0.013289036544850585
2023-02-01,5930,5950,5650,5790,1689902,-0.050819672131147575
2023-02-02,5800,5900,5700,5870,1156866,0.013816925734024155
2023-02-03,5790,5800,5550,5680,920671,-0.03236797274275982
2023-02-06,5680,5860,5260,5390,2079357,-0.051056338028169
2023-02-07,5350,5620,5340,5530,1181925,0.025974025974025983
2023-02-08,5590,5900,5510,5700,2508597,0.030741410488245968
2023-02-09,5610,5760,5460,5570,503425,-0.02280701754385961
2023-02-10,5570,6350,5190,5210,9346325,-0.06463195691202872
2023-02-13,5190,5350,5120,5250,764607,0.007677543186180413
2023-02-14,5300,5430,5050,5090,592854,-0.030476190476190435
2023-02-15,5100,5300,5090,5110,604213,0.003929273084479323
2023-02-16,5120,5280,5070,5070,360746,-0.007827788649706457
2023-02-17,5060,5090,4915,4915,399709,-0.030571992110453694
2023-02-20,4940,5140,4915,5060,297666,0.029501525940996975
2023-02-21,5090,5170,4980,4990,242221,-0.013833992094861691
2023-02-22,4890,4970,4830,4835,278459,-0.03106212424849697
2023-02-23,4990,5270,4845,5050,673982,0.04446742502585321
2023-02-24,5050,5340,5020,5130,1291018,0.015841584158415856
2023-02-27,5090,5240,4950,5230,424374,0.01949317738791434
2023-02-28,5230,5400,4960,5200,663017,-0.005736137667303964
2023-03-02,5360,5490,5010,5010,495180,-0.03653846153846152
2023-03-03,5010,5140,4915,5030,311346,0.003992015968063978
2023-03-06,5000,5110,4885,5000,225700,-0.005964214711729587
2023-03-07,5060,5120,4990,4995,156931,-0.0010000000000000009
2023-03-08,4940,4960,4860,4940,148281,-0.011011011011010985
2023-03-09,4940,5010,4815,4870,121157,-0.014170040485829927
2023-03-10,4780,4935,4735,4790,155924,-0.01642710472279263
2023-03-13,4745,4885,4630,4810,182410,0.0041753653444676075
2023-03-14,4810,4865,4520,4520,205228,-0.06029106029106024
2023-03-15,4580,4740,4565,4610,105736,0.019911504424778848
2023-03-16,4530,4660,4460,4545,140309,-0.014099783080260275
2023-03-17,4560,4775,4560,4710,148137,0.03630363036303641
2023-03-20,4670,4820,4665,4770,97377,0.01273885350318471
2023-03-21,4630,4795,4630,4640,109270,-0.027253668763102756
2023-03-22,4650,4715,4505,4570,189372,-0.015086206896551713
2023-03-23,4620,4650,4470,4620,211264,0.010940919037199182
2023-03-24,4625,5320,4620,5320,2521712,0.1515151515151516
2023-03-27,5300,5300,4995,5090,806320,-0.043233082706766957
2023-03-28,5160,5250,4970,5020,439495,-0.013752455795677854
2023-03-29,5070,5070,4885,5010,288894,-0.0019920318725099584
2023-03-30,5050,5110,4935,4950,263815,-0.0119760479041916
2023-03-31,4975,5150,4810,5070,385018,0.024242424242424176
2023-04-03,5050,5110,4955,5000,314314,-0.013806706114398382
2023-04-04,4935,5100,4935,5000,175577,0.0
2023-04-05,5040,5160,5000,5040,188116,0.008000000000000007
2023-04-06,5040,5040,4925,4960,168575,-0.015873015873015928
2023-04-07,4970,5010,4880,4890,185237,-0.014112903225806495
2023-04-10,4860,4885,4615,4735,345342,-0.0316973415132924
2023-04-11,4745,4815,4630,4735,157102,0.0
2023-04-12,4735,4870,4725,4820,133323,0.017951425554382228
2023-04-13,4780,4850,4680,4825,164221,0.0010373443983402453
2023-04-14,4835,5000,4835,4835,164867,0.002072538860103723
2023-04-17,4820,4950,4810,4865,109286,0.006204756980351611
2023-04-18,4845,4925,4730,4735,176060,-0.02672147995889007
2023-04-19,4735,4825,4660,4745,128183,0.002111932418162654
2023-04-20,4795,4920,4720,4755,252579,0.0021074815595363283
2023-04-21,4710,4845,4610,4685,282635,-0.014721345951629883
2023-04-24,4685,4725,4470,4470,215505,-0.04589114194236932
2023-04-25,4465,4540,4275,4350,271318,-0.02684563758389258
2023-04-26,4360,4440,4300,4340,103421,-0.0022988505747126853
2023-04-27,4290,4385,4285,4300,102908,-0.009216589861751112
2023-04-28,4285,4490,4285,4385,123548,0.019767441860465196
2023-05-02,4375,4440,4300,4405,68891,0.004561003420752607
2023-05-03,4350,4620,4350,4520,159810,0.026106696935300766
2023-05-04,4450,4645,4350,4480,150370,-0.008849557522123908
2023-05-08,4475,4600,4475,4505,97746,0.005580357142857206
2023-05-09,4490,4570,4400,4405,76720,-0.02219755826859049
2023-05-10,4430,4550,4410,4435,93268,0.006810442678774065
2023-05-11,4420,4585,4420,4520,67556,0.01916572717023679
2023-05-12,4465,4850,4425,4675,395494,0.034292035398230114
2023-05-15,4650,4650,4500,4565,230455,-0.02352941176470591
2023-05-16,4625,4730,4495,4610,178581,0.009857612267250904
2023-05-17,4580,4745,4565,4710,109083,0.021691973969631295
2023-05-18,4730,4795,4685,4780,113223,0.014861995753715496
2023-05-19,4760,4840,4705,4785,140631,0.0010460251046024993
2023-05-22,4765,4815,4695,4750,98587,-0.007314524555903867
2023-05-23,4795,4845,4710,4740,74595,-0.002105263157894721
2023-05-24,4740,4770,4630,4770,103585,0.006329113924050667
2023-05-25,4800,4800,4620,4750,140198,-0.004192872117400381
2023-05-26,4750,5260,4610,4610,2963580,-0.02947368421052632
2023-05-30,4585,4695,4580,4585,180178,-0.005422993492407824
2023-05-31,4670,4735,4510,4640,219412,0.01199563794983649
2023-06-01,4590,4705,4590,4640,57789,0.0
2023-06-02,4690,4780,4655,4725,118119,0.018318965517241326
2023-06-05,4775,4775,4690,4725,89283,0.0
2023-06-07,4725,4815,4720,4730,116569,0.0010582010582009804
2023-06-08,4740,5030,4720,4940,334623,0.044397463002114224
2023-06-09,4910,5130,4700,4740,1272397,-0.04048582995951422
2023-06-12,4740,4780,4675,4750,211749,0.0021097046413502962
2023-06-13,4750,4845,4745,4810,147980,0.012631578947368327
2023-06-14,4825,4825,4690,4715,165814,-0.01975051975051978
2023-06-15,4690,4770,4570,4685,184990,-0.006362672322375418
2023-06-16,4685,5060,4680,4915,819015,0.0490928495197438
2023-06-19,4915,4915,4830,4880,134050,-0.007121057985757906
2023-06-20,4875,5000,4855,4880,197079,0.0
2023-06-21,4880,4970,4815,4920,123339,0.008196721311475308
2023-06-22,4880,5020,4865,4945,208436,0.005081300813008172
2023-06-23,4955,5090,4940,4985,320028,0.008088978766430666
2023-06-26,4950,5200,4780,5050,745046,0.013039117352056095
2023-06-27,5030,5140,4980,5070,307597,0.003960396039603964
2023-06-28,5030,5130,4935,5040,307453,-0.00591715976331364
2023-06-29,5020,5080,4910,5020,210095,-0.003968253968253954
2023-06-30,4960,5010,4885,4945,170090,-0.014940239043824688
2023-07-03,4945,5010,4880,4950,147512,0.0010111223458038054
2023-07-04,4950,4975,4830,4875,84802,-0.015151515151515138
2023-07-05,4900,4900,4725,4755,158360,-0.024615384615384595
2023-07-06,4755,4865,4610,4610,100562,-0.030494216614090464
2023-07-07,4610,4670,4450,4450,196220,-0.03470715835141003
2023-07-10,4430,4760,4300,4500,90653,0.011235955056179803
2023-07-11,4500,4605,4495,4605,67574,0.023333333333333428
2023-07-12,4610,4875,4560,4820,184369,0.04668838219326821
2023-07-13,4805,4860,4705,4795,94315,-0.005186721991701226
2023-07-14,4750,4795,4680,4730,69532,-0.013555787278414999
2023-07-17,4750,4785,4645,4740,51873,0.0021141649048626032
2023-07-18,4740,4740,4580,4585,100502,-0.03270042194092826
2023-07-19,4585,4660,4525,4525,72509,-0.013086150490730697
2023-07-20,4500,4595,4480,4565,44161,0.008839779005524795
2023-07-21,4560,4720,4535,4660,63827,0.020810514786418377
2023-07-24,4650,4650,4390,4470,99100,-0.04077253218884125
2023-07-25,4440,4490,4100,4290,164544,-0.04026845637583898
2023-07-26,4205,4235,3835,3835,325161,-0.10606060606060608
2023-07-27,3850,4200,3850,4095,175346,0.06779661016949157
2023-07-28,4090,4285,3970,4235,73523,0.03418803418803429
2023-07-31,4215,4340,4210,4300,41120,0.015348288075560879
2023-08-01,4255,4450,4255,4370,77711,0.016279069767441756
2023-08-02,4305,4350,4150,4170,69025,-0.04576659038901598
2023-08-03,4160,4165,4000,4090,81134,-0.01918465227817745
2023-08-04,4090,4125,4050,4125,43845,0.008557457212713837
2023-08-07,4085,4145,4030,4080,61867,-0.010909090909090868
2023-08-08,4080,4140,3970,4035,65442,-0.011029411764705843
2023-08-09,3950,4155,3950,4155,55775,0.029739776951672958
2023-08-10,4180,4220,4075,4205,51959,0.012033694344163681
2023-08-11,4205,4250,4165,4235,41430,0.007134363852556502
2023-08-14,4270,4270,4155,4160,37350,-0.017709563164108655
2023-08-16,4055,4125,4045,4065,62876,-0.022836538461538436
2023-08-17,4000,4125,3975,4085,40569,0.004920049200491938
2023-08-18,4050,4100,4030,4035,34607,-0.012239902080783405
2023-08-21,4005,4140,4005,4100,32882,0.01610904584882289
2023-08-22,4110,4190,4100,4155,33528,0.013414634146341475
2023-08-23,4220,4305,4180,4185,87199,0.0072202166064982976
2023-08-24,4260,4395,4190,4300,81805,0.027479091995221028
2023-08-25,4260,4270,4145,4155,55421,-0.03372093023255818
2023-08-28,4210,4305,4170,4300,44420,0.03489771359807459
2023-08-29,4365,4365,4260,4260,37507,-0.009302325581395321
2023-08-30,4280,4370,4240,4315,88671,0.012910798122065748
2023-08-31,4310,4340,4210,4290,49670,-0.005793742757821518
2023-09-01,4290,4290,4145,4150,47186,-0.03263403263403264
2023-09-04,4150,4560,4100,4355,402947,0.049397590361445864
2023-09-05,4330,4350,4220,4310,77352,-0.010332950631458115
2023-09-06,4360,4850,4260,4405,2253297,0.022041763341067222
2023-09-07,4420,4465,4300,4300,236942,-0.023836549375709448
2023-09-08,4300,4390,4265,4280,88621,-0.0046511627906976605
2023-09-11,4280,4535,4280,4430,230247,0.035046728971962704
2023-09-12,4415,4500,4330,4355,84144,-0.0169300225733634
2023-09-13,4335,4395,4250,4260,56264,-0.021814006888633775
2023-09-14,4255,4345,4255,4265,49640,0.0011737089201877549
2023-09-15,4300,4380,4290,4320,38868,0.01289566236811246
2023-09-18,4305,4410,4260,4400,76847,0.0185185185185186
2023-09-19,4360,4435,4255,4260,76522,-0.03181818181818186
2023-09-20,4305,4500,4240,4300,149687,0.009389671361502261
2023-09-21,4245,5200,4080,4200,6635074,-0.023255813953488413
2023-09-22,4125,4245,4025,4125,465486,-0.017857142857142905
2023-09-25,4110,4170,4010,4045,168444,-0.019393939393939408
2023-09-26,4010,4080,3960,4000,126898,-0.011124845488257096
2023-09-27,3950,4075,3950,4035,64481,0.008750000000000036
2023-10-04,4035,4065,3940,3945,76529,-0.022304832713754608
2023-10-05,3935,4065,3875,3875,86118,-0.017743979721166037
2023-10-06,3855,4070,3840,4060,75287,0.04774193548387107
2023-10-10,4060,4105,3930,4065,49419,0.0012315270935960854
2023-10-11,4030,4140,4030,4120,62832,0.013530135301353052
2023-10-12,4120,4195,4085,4180,62291,0.014563106796116498
2023-10-13,4160,4180,4065,4105,23176,-0.01794258373205737
2023-10-16,4105,4120,3980,4025,47284,-0.01948842874543244
2023-10-17,4025,4190,3830,4040,72175,0.003726708074534235
2023-10-18,4040,4150,4000,4075,25716,0.00866336633663356
2023-10-19,4015,4045,3930,3975,80901,-0.024539877300613466
2023-10-20,3945,3975,3845,3975,84165,0.0
2023-10-23,3900,4010,3900,3970,33109,-0.0012578616352201255
2023-10-24,3935,4005,3850,3985,36536,0.0037783375314861534
2023-10-25,4060,4065,3945,4015,49328,0.007528230865746499
2023-10-26,3925,3990,3860,3865,53327,-0.03735990037359904
2023-10-27,3865,3910,3820,3860,48887,-0.001293661060802087
2023-10-30,3865,3925,3820,3880,40243,0.005181347150259086
2023-10-31,3885,3935,3805,3840,44037,-0.010309278350515427
2023-11-01,3850,3915,3835,3880,16593,0.01041666666666674
2023-11-02,3900,4010,3900,3985,48480,0.027061855670102997
2023-11-03,4000,4055,3975,4025,35014,0.010037641154328814
2023-11-06,4030,4065,4010,4050,31839,0.006211180124223503
2023-11-07,4050,4070,3975,4045,44393,-0.0012345679012345512
2023-11-08,4030,4085,4030,4050,20021,0.0012360939431397266
2023-11-09,4090,4090,3980,4045,33647,-0.0012345679012345512
2023-11-10,4035,4035,3945,3955,34162,-0.02224969097651419
2023-11-13,3950,4010,3900,3995,46041,0.010113780025284402
2023-11-14,3980,4095,3980,4045,53233,0.01251564455569465
2023-11-15,4070,4110,4045,4085,43432,0.009888751545117369
2023-11-16,4110,4130,4035,4125,50497,0.009791921664626724
2023-11-17,4090,4130,4035,4085,29676,-0.009696969696969648
2023-11-20,4055,4140,4055,4085,25084,0.0
2023-11-21,4090,4185,4090,4135,42718,0.012239902080783294
2023-11-22,4125,4170,4080,4135,25809,0.0
2023-11-23,4130,4155,4040,4110,35817,-0.006045949214026569
2023-11-24,4060,4110,4050,4110,32085,0.0
2023-11-27,4110,4145,4065,4120,34976,0.0024330900243310083
2023-11-28,4120,4125,4065,4080,19030,-0.009708737864077666
2023-11-29,4060,4095,4000,4050,27131,-0.007352941176470562
2023-11-30,4035,4120,4000,4120,83653,0.01728395061728394
2023-12-01,4150,4150,4040,4140,54268,0.004854368932038833
2023-12-04,4110,4150,4045,4115,28060,-0.006038647342995196
2023-12-05,4065,4120,4060,4085,30387,-0.007290400972053468
2023-12-06,4095,4265,4085,4155,114116,0.017135862913096656
2023-12-07,4165,4165,4040,4155,57832,0.0
2023-12-08,4130,4200,4065,4200,47893,0.010830324909747224
2023-12-11,4235,4235,4135,4170,34637,-0.0071428571428571175
2023-12-12,4155,4170,4110,4140,25771,-0.007194244604316502
2023-12-13,4160,4170,4050,4145,18208,0.0012077294685990392
2023-12-14,4150,4165,4080,4120,20943,-0.006031363088057851
2023-12-15,4120,4145,4070,4090,21804,-0.007281553398058249
2023-12-18,4090,4130,4075,4090,24348,0.0
2023-12-19,4075,4115,4070,4085,21958,-0.0012224938875305957
2023-12-20,4100,4300,4080,4205,468319,0.02937576499387995
2023-12-21,4125,4270,4060,4080,171259,-0.029726516052318686
2023-12-22,4080,4090,4030,4055,65174,-0.006127450980392135
2023-12-26,4050,4055,3980,3980,72400,-0.018495684340320562
2023-12-27,3875,4035,3870,3975,80941,-0.0012562814070351536
2023-12-28,3975,4170,3950,4055,98877,0.020125786163522008
2024-01-02,4060,4115,4015,4095,37927,0.009864364981504226
2024-01-03,4045,4100,4030,4045,38601,-0.012210012210012167
2024-01-04,4060,4450,3990,4095,1087483,0.012360939431396822
2024-01-05,4105,4170,4050,4105,186049,0.0024420024420024333
2024-01-08,4180,4220,4100,4175,74785,0.01705237515225333
2024-01-09,4175,4260,4150,4235,82499,0.014371257485029876
2024-01-10,4240,4310,4210,4285,82183,0.011806375442739103
2024-01-11,4280,4340,4245,4295,94849,0.002333722287047868
2024-01-12,4280,4295,4200,4205,52748,-0.020954598370197863
2024-01-15,4200,4800,4175,4355,3547382,0.03567181926278251
2024-01-16,4350,4355,4265,4300,212016,-0.012629161882893203
2024-01-17,4295,4305,4150,4200,158375,-0.023255813953488413
2024-01-18,4300,4530,4200,4475,637165,0.06547619047619047
2024-01-19,4490,4560,4355,4400,287207,-0.016759776536312887
2024-01-22,4510,4555,4430,4490,251384,0.020454545454545503
2024-01-23,4475,4665,4380,4620,308321,0.028953229398663627
2024-01-24,4665,4700,4530,4695,175603,0.016233766233766156
2024-01-25,4690,4695,4300,4520,196484,-0.03727369542066028
2024-01-26,4500,4575,4500,4505,75168,-0.0033185840707964376
2024-01-29,4485,4525,4350,4390,111697,-0.025527192008878985
2024-01-30,4445,4550,4385,4490,106352,0.02277904328018221
2024-01-31,4520,5070,4485,4570,4306584,0.017817371937639104
2024-02-01,4570,4720,4535,4585,534936,0.003282275711159688
2024-02-02,4590,4685,4550,4670,233293,0.018538713195201728
2024-02-05,4630,4650,4480,4505,172144,-0.03533190578158463
2024-02-06,4505,4520,4360,4400,143957,-0.023307436182020025
2024-02-07,4400,4400,4325,4350,101569,-0.011363636363636354
2024-02-08,4330,4495,4330,4455,110977,0.024137931034482696
2024-02-13,4605,4770,4565,4750,338244,0.06621773288439958
2024-02-14,4665,4790,4625,4725,184159,-0.0052631578947368585
2024-02-15,4765,4780,4680,4725,90272,0.0
2024-02-16,4725,4835,4685,4785,241615,0.012698412698412653
2024-02-19,4800,5040,4730,4890,626795,0.021943573667711602
2024-02-20,4895,5030,4825,4900,370920,0.002044989775051187
2024-02-21,5000,5240,4690,4700,1653671,-0.04081632653061229
2024-02-22,4700,4785,4655,4730,202233,0.006382978723404209
2024-02-23,4730,4930,4670,4855,300744,0.026427061310782207
2024-02-26,4855,4865,4710,4765,143720,-0.018537590113285263
2024-02-27,4725,4765,4590,4645,173683,-0.025183630640083998
2024-02-28,4630,4700,4625,4660,61890,0.0032292787944026013
2024-02-29,4670,4715,4550,4630,396146,-0.006437768240343367
2024-03-04,4940,5050,4705,4730,664407,0.021598272138228847
2024-03-05,4750,4895,4700,4700,174294,-0.006342494714587699
2024-03-06,4670,4775,4615,4685,94741,-0.0031914893617021045
2024-03-07,4660,4730,4590,4615,83573,-0.014941302027748127
2024-03-08,4690,4750,4570,4650,64398,0.007583965330444142
2024-03-11,4650,4740,4590,4620,95956,-0.006451612903225823
2024-03-12,4615,4680,4550,4620,127703,0.0
2024-03-13,4635,4680,4605,4640,67905,0.0043290043290042934
2024-03-14,4695,4725,4610,4640,66012,0.0
2024-03-15,4645,4670,4595,4665,48672,0.005387931034482651
2024-03-18,4675,4725,4645,4675,58773,0.002143622722400762
2024-03-19,4675,4680,4535,4600,89802,-0.016042780748663055
2024-03-20,4600,4630,4570,4600,33855,0.0
2024-03-21,4630,4745,4630,4735,140555,0.02934782608695663
2024-03-22,4850,4885,4740,4785,148787,0.010559662090813049
2024-03-25,4795,4830,4745,4785,105750,0.0
2024-03-26,4840,4840,4760,4785,82580,0.0
2024-03-27,4790,4830,4760,4785,82990,0.0
2024-03-28,4780,4950,4760,4900,202196,0.024033437826541215
2024-03-29,4910,4970,4870,4875,147467,-0.005102040816326481
2024-04-01,4880,4975,4880,4920,99897,0.009230769230769154
2024-04-02,4925,4970,4820,4820,125494,-0.020325203252032575
2024-04-03,4815,4945,4785,4860,109255,0.008298755186721962
2024-04-04,4905,4925,4800,4800,88290,-0.012345679012345734
2024-04-05,4790,4865,4745,4785,64077,-0.0031250000000000444
2024-04-08,4780,4845,4585,4610,137513,-0.03657262277951934
2024-04-09,4615,4800,4615,4650,55204,0.008676789587852562
2024-04-11,4620,4635,4500,4605,78489,-0.009677419354838679
2024-04-12,4570,4745,4550,4740,73181,0.02931596091205213
2024-04-15,4720,4720,4525,4605,67054,-0.02848101265822789
2024-04-16,4590,4590,4350,4370,125520,-0.05103148751357223
2024-04-17,4355,4475,4355,4470,39487,0.022883295194507935
2024-04-18,4470,4540,4400,4500,43949,0.006711409395973256
2024-04-19,4500,4565,4385,4490,43704,-0.0022222222222222365
2024-04-22,4480,4590,4400,4550,59611,0.013363028953229383
2024-04-23,4590,4670,4490,4645,74795,0.020879120879120805
2024-04-24,4670,4845,4670,4775,84370,0.027987082884822323
2024-04-25,4760,4880,4680,4820,110113,0.009424083769633551
2024-04-26,4795,4950,4750,4760,100748,-0.012448132780082943
2024-04-29,4750,4805,4650,4650,74854,-0.02310924369747902
2024-04-30,4650,4695,4630,4640,45212,-0.0021505376344086446
2024-05-02,4640,4710,4620,4680,58281,0.008620689655172376
2024-05-03,4680,4695,4625,4680,41262,0.0
2024-05-07,4680,4760,4655,4735,38905,0.01175213675213671
2024-05-08,4735,4820,4710,4800,76689,0.01372756071805692
2024-05-09,4800,4830,4705,4755,51665,-0.009375000000000022
2024-05-10,4765,4855,4730,4800,106721,0.009463722397476282
2024-05-13,4800,4835,4700,4785,51451,-0.0031250000000000444
2024-05-14,4810,4815,4730,4800,41758,0.0031347962382444194
2024-05-16,4785,4830,4760,4790,71665,-0.002083333333333326
2024-05-17,4795,4825,4660,4675,77474,-0.024008350730688965
2024-05-20,4675,4715,4620,4645,79280,-0.0064171122994652885
2024-05-21,4620,4740,4620,4670,84948,0.005382131324004336
2024-05-22,4655,4740,4655,4670,61347,0.0
2024-05-23,4660,4680,4500,4515,104010,-0.03319057815845827
2024-05-24,4510,4580,4485,4560,42868,0.009966777408637828
2024-05-27,4550,4580,4450,4495,61535,-0.014254385964912242
2024-05-28,4495,4560,4490,4520,30950,0.005561735261401468
2024-05-29,4510,4540,4450,4490,38133,-0.006637168141592875
2024-05-30,4480,4495,4390,4390,37321,-0.022271714922049046
2024-05-31,4390,4440,4390,4415,24238,0.005694760820045497
2024-06-03,4420,4490,4405,4475,37979,0.013590033975084959
2024-06-04,4520,4555,4200,4435,68021,-0.00893854748603351
2024-06-05,4435,4435,4265,4280,84822,-0.03494926719278468
2024-06-07,4270,4380,4250,4360,34778,0.01869158878504673
2024-06-10,4360,4425,4305,4330,39437,-0.006880733944954143
2024-06-11,4310,4345,4300,4335,30763,0.0011547344110853786
2024-06-12,4340,4535,4330,4385,53270,0.011534025374855927
2024-06-13,4375,4435,4375,4380,30378,-0.0011402508551880963
2024-06-14,4430,4430,4200,4275,69878,-0.023972602739726012
2024-06-17,4235,4305,4230,4260,23831,-0.0035087719298245723
2024-06-18,4245,5080,4240,4315,3600391,0.012910798122065748
2024-06-19,4315,4350,4265,4265,161874,-0.011587485515643148
2024-06-20,4280,4370,4240,4340,106539,0.017584994138335253
2024-06-21,4330,4400,4305,4360,68610,0.004608294930875667
2024-06-24,4345,4370,4245,4250,91938,-0.025229357798165153
2024-06-25,4240,4270,4160,4250,69912,0.0
2024-06-26,4220,4255,4105,4125,65395,-0.02941176470588236
2024-06-27,4125,4210,4035,4175,80703,0.0121212121212122
2024-06-28,4180,4255,4175,4205,33345,0.007185628742514938
2024-07-01,4205,4255,4165,4195,25244,-0.0023781212841854638
2024-07-02,4195,4200,4085,4150,54196,-0.010727056019070313
2024-07-03,4145,4150,4065,4130,56402,-0.004819277108433773
2024-07-04,4090,4160,4050,4140,52643,0.002421307506053294
2024-07-05,4140,4155,4065,4150,45733,0.0024154589371980784
2024-07-08,4145,4145,4075,4115,29189,-0.008433734939759074
2024-07-09,4115,4190,4115,4185,26813,0.017010935601458055
2024-07-10,4190,4280,4170,4270,64777,0.020310633213858953
2024-07-11,4265,4265,4200,4255,28235,-0.003512880562060894
2024-07-12,4250,4250,4160,4220,24973,-0.008225616921269108
2024-07-15,4220,4250,4170,4170,35812,-0.011848341232227444
2024-07-16,4170,4465,4170,4290,129082,0.02877697841726623
2024-07-17,4280,4435,4255,4365,64968,0.0174825174825175
2024-07-18,4330,4330,4215,4280,79889,-0.019473081328751474
2024-07-19,4280,4295,4215,4275,26299,-0.001168224299065379
2024-07-22,4245,4275,4190,4275,29479,0.0
2024-07-23,4255,4280,4185,4240,15786,-0.008187134502923965
2024-07-24,4200,4255,4160,4235,28981,-0.001179245283018826
2024-07-25,4235,4240,4145,4160,20947,-0.017709563164108655
2024-07-26,4150,4185,4145,4145,26653,-0.0036057692307692735
2024-07-29,4150,4220,4140,4220,52361,0.018094089264173663
2024-07-30,4180,4220,4100,4100,62043,-0.028436018957345932
2024-07-31,4100,4140,4030,4030,68832,-0.017073170731707332
2024-08-01,4055,4135,4050,4115,46336,0.021091811414392092
2024-08-02,4035,4090,3950,3970,76479,-0.03523693803159178
2024-08-05,3910,3930,3400,3505,183032,-0.11712846347607053
2024-08-06,3480,3740,3480,3700,69186,0.05563480741797422
2024-08-07,3605,3800,3605,3790,31898,0.024324324324324298
2024-08-08,3760,3840,3725,3815,26587,0.006596306068601621
2024-08-09,3820,3880,3815,3865,29727,0.013106159895150737
2024-08-12,3840,3930,3830,3885,15082,0.005174644243208348
2024-08-13,3860,3895,3775,3775,45651,-0.028314028314028294
2024-08-14,3805,4010,3800,3975,41886,0.052980132450331174
2024-08-16,4045,4045,3935,3980,22578,0.0012578616352201255
2024-08-19,3955,4030,3925,4000,31022,0.005025125628140614
2024-08-20,4000,4050,3995,4025,17618,0.006250000000000089
2024-08-21,4025,4045,3980,4025,21259,0.0
2024-08-22,3995,4040,3930,3970,29528,-0.013664596273291973
2024-08-23,3970,3990,3880,3930,26708,-0.010075566750629705
2024-08-26,3930,3935,3860,3890,13701,-0.010178117048346036
2024-08-27,3875,3930,3820,3890,14912,0.0
2024-08-28,3915,3920,3850,3890,18361,0.0
2024-08-29,3890,3890,3835,3890,19356,0.0
2024-08-30,3890,3940,3880,3915,20075,0.006426735218509005
2024-09-02,3930,3950,3870,3915,10531,0.0
2024-09-03,3950,3950,3845,3860,20283,-0.01404853128991057
2024-09-04,3845,3845,3700,3740,40168,-0.031088082901554404
2024-09-05,3720,3795,3630,3790,20598,0.013368983957219305
2024-09-06,3750,3780,3650,3720,24179,-0.01846965699208447
2024-09-09,3740,3745,3645,3745,13638,0.006720430107526987
2024-09-10,3725,3830,3725,3805,16431,0.01602136181575431
2024-09-11,3740,3820,3735,3795,10628,-0.0026281208935611255
2024-09-12,3820,3890,3805,3890,14057,0.025032938076416267
2024-09-13,3865,3920,3845,3900,8644,0.0025706940874035134
2024-09-19,3920,3945,3840,3940,17454,0.01025641025641022
2024-09-20,4055,4460,4010,4010,482794,0.017766497461928932
2024-09-23,3990,4075,3975,4055,35954,0.01122194513715713
2024-09-24,4080,4125,3895,4045,51824,-0.002466091245376112
2024-09-25,4045,4095,3945,3945,18307,-0.024721878862793534
2024-09-26,3975,4040,3975,3995,32870,0.012674271229404344
2024-09-27,4085,4255,4045,4110,132205,0.028785982478097605
2024-09-30,4110,4135,3970,4005,47363,-0.025547445255474477
2024-10-02,3970,3970,3905,3915,23870,-0.022471910112359605
2024-10-04,4020,4020,3855,3935,31783,0.005108556832694733
2024-10-07,3935,3995,3925,3970,8620,0.008894536213468918
2024-10-08,3970,3980,3885,3980,6940,0.0025188916876575096
2024-10-10,3980,3980,3925,3940,10854,-0.01005025125628145
2024-10-11,3920,4020,3920,3970,10775,0.0076142131979695105
2024-10-14,3990,4020,3935,3970,6390,0.0
2024-10-15,3980,3990,3895,3965,14873,-0.0012594458438287548
2024-10-16,3980,3980,3900,3945,23703,-0.0050441361916772065
2024-10-17,3905,3990,3905,3990,16879,0.011406844106463865
2024-10-18,3990,4270,3915,3915,198564,-0.018796992481203034
2024-10-21,3880,4000,3880,3950,18168,0.008939974457215838
2024-10-22,3970,3975,3650,3975,40298,0.006329113924050667
2024-10-23,3940,3940,3840,3890,20157,-0.021383647798742134
2024-10-24,3805,3885,3790,3885,32415,-0.0012853470437017567
2024-10-25,3855,3930,3845,3895,12619,0.002574002574002643
2024-10-28,3895,3930,3855,3910,8818,0.0038510911424902705
2024-10-29,3930,3930,3870,3875,6099,-0.008951406649616356
2024-10-30,3915,3935,3875,3925,5082,0.012903225806451646
2024-10-31,3920,3945,3870,3940,10254,0.003821656050955413
2024-11-01,3935,3955,3870,3945,8899,0.0012690355329949554
2024-11-04,3960,3985,3925,3975,8946,0.0076045627376426506
2024-11-05,3985,3990,3945,3980,5956,0.0012578616352201255
2024-11-06,3980,4000,3880,3965,14505,-0.0037688442211055717
2024-11-07,3980,4015,3920,3935,6079,-0.007566204287515754
2024-11-08,3935,3970,3920,3945,10208,0.0025412960609911828
2024-11-11,3925,3960,3840,3910,15612,-0.008871989860583018
2024-11-12,3930,3930,3775,3805,58591,-0.026854219948849067
2024-11-13,3790,3825,3620,3645,38821,-0.042049934296977676
2024-11-14,3640,3680,3500,3620,39278,-0.006858710562414272
2024-11-15,3620,3620,3525,3600,29666,-0.0055248618784530246
2024-11-18,3600,3745,3585,3650,17397,0.01388888888888884
2024-11-19,3670,3740,3660,3720,13953,0.019178082191780854
2024-11-20,3720,3780,3670,3715,13373,-0.0013440860215053752
2024-11-21,3680,3715,3610,3705,20337,-0.0026917900403768957
2024-11-22,3970,3980,3770,3770,78389,0.01754385964912286
2024-11-25,3810,3865,3750,3830,28117,0.01591511936339529
2024-11-26,3970,4200,3770,3975,276470,0.037859007832898195
2024-11-27,3975,4065,3920,4020,45980,0.01132075471698113
2024-11-28,4020,4065,3950,3980,48229,-0.00995024875621886
2024-11-29,4000,4040,3920,3965,18969,-0.0037688442211055717
2024-12-02,3950,3980,3915,3930,21743,-0.008827238335435084
2024-12-03,3880,4030,3830,3925,17808,-0.0012722646310432406
2024-12-04,3985,3985,3705,3815,41312,-0.028025477707006363
2024-12-05,3755,3775,3650,3725,48866,-0.023591087811271283
2024-12-06,3705,3925,3630,3740,98669,0.00402684563758382
2024-12-09,3740,3740,3565,3600,47843,-0.03743315508021394
2024-12-10,3570,3750,3570,3705,33831,0.029166666666666563
2024-12-11,3705,3795,3700,3750,31233,0.012145748987854255
2024-12-12,3765,3850,3755,3825,29315,0.020000000000000018
2024-12-13,3825,3865,3775,3855,18749,0.007843137254901933
2024-12-16,3895,4100,3890,4015,99883,0.04150453955901434
2024-12-17,4005,4030,3970,4000,30019,-0.0037359900373599153
2024-12-18,3995,4000,3900,3975,21930,-0.006249999999999978
2024-12-19,3895,3960,3870,3870,17344,-0.026415094339622636
2024-12-20,3900,3910,3795,3845,19656,-0.006459948320413411
2024-12-23,3825,3860,3795,3805,35176,-0.01040312093628093
2024-12-24,3800,3890,3800,3825,28406,0.005256241787122251
2024-12-26,3825,3845,3730,3790,31315,-0.009150326797385588
2024-12-27,3810,3825,3730,3825,27370,0.00923482849604218
2024-12-30,3850,3970,3730,3925,41761,0.02614379084967311
2025-01-02,3900,4065,3900,3995,50609,0.017834394904458595
2025-01-03,3990,4060,3965,4050,29621,0.013767209011264159
2025-01-06,4050,4075,4000,4005,37686,-0.011111111111111072
2025-01-07,4025,4380,4000,4240,441696,0.05867665418227208
2025-01-08,4195,4260,4130,4260,65608,0.004716981132075526
2025-01-09,4260,4265,4145,4145,42774,-0.02699530516431925
2025-01-10,4170,4200,4080,4190,36835,0.010856453558504287
2025-01-13,4150,4195,4070,4085,49199,-0.02505966587112174
2025-01-14,4070,4960,4050,4050,6044159,-0.008567931456548328
2025-01-15,4045,4045,3920,3980,485747,-0.01728395061728394
2025-01-16,3980,4160,3980,4070,284436,0.022613065326633208
2025-01-17,4025,4145,4000,4130,166303,0.014742014742014753
2025-01-20,4130,4225,4070,4150,199938,0.004842615012106588
2025-01-21,4150,4220,4080,4165,100991,0.0036144578313253017
2025-01-22,4220,4355,4185,4300,334375,0.032412965186074505
2025-01-23,4290,4290,4200,4225,135433,-0.01744186046511631
2025-01-24,4255,4260,4055,4165,246213,-0.014201183431952646
2025-01-31,4320,4320,4095,4120,173880,-0.010804321728691502
2025-02-03,4080,4110,3960,4050,137082,-0.016990291262135915
2025-02-04,4095,4150,4055,4105,96526,0.013580246913580174
2025-02-05,4105,4255,4105,4205,97963,0.02436053593179044
2025-02-06,4220,4275,4185,4255,87447,0.01189060642092743
2025-02-07,4210,4265,4185,4215,79674,-0.009400705052878933
2025-02-10,4180,4320,4180,4280,145138,0.01542111506524324
2025-02-11,4285,4300,4210,4250,49476,-0.007009345794392496
2025-02-12,4240,4240,4055,4055,143409,-0.045882352941176485
2025-02-13,4085,4125,4060,4090,33906,0.008631319358816336
2025-02-14,4090,4160,4090,4130,34205,0.009779951100244544
2025-02-17,4135,4170,4120,4160,43986,0.007263922518159882
2025-02-18,4135,4195,4110,4190,96590,0.007211538461538547
2025-02-19,4190,4245,4170,4205,81897,0.0035799522673030104
2025-02-20,4205,4205,4100,4135,51377,-0.01664684898929847
2025-02-21,4135,4170,4110,4145,31803,0.002418379685610539
2025-02-24,4110,4140,4065,4120,78103,-0.006031363088057851
2025-02-25,4115,4160,4050,4090,41613,-0.007281553398058249
2025-02-26,4110,4275,4110,4240,365959,0.03667481662591676
2025-02-27,4240,4250,4125,4160,77911,-0.018867924528301883
2025-02-28,4100,4155,4000,4015,101800,-0.034855769230769273
2025-03-04,4010,4010,3905,3920,80401,-0.023661270236612686
2025-03-05,3920,4065,3915,4020,55869,0.025510204081632626
2025-03-06,4020,4030,3960,4000,28402,-0.00497512437810943
2025-03-07,3995,4010,3935,3955,44407,-0.011249999999999982
2025-03-10,3930,3995,3925,3945,28073,-0.0025284450063211006
2025-03-11,3900,3925,3815,3915,56139,-0.0076045627376425395
2025-03-12,3915,3945,3905,3920,23301,0.0012771392081736277
2025-03-13,3920,3935,3860,3890,34948,-0.007653061224489832
2025-03-14,3885,3940,3865,3935,19283,0.011568123393316254
2025-03-17,3935,3960,3920,3955,19051,0.0050825921219821435
2025-03-18,3940,3990,3940,3970,21892,0.0037926675094817064
2025-03-19,3970,3980,3945,3975,17898,0.0012594458438286438
2025-03-20,3965,3975,3930,3930,22767,-0.01132075471698113
2025-03-21,3930,3930,3860,3860,30036,-0.01781170483460559
2025-03-24,3780,3870,3775,3835,27601,-0.006476683937823857
2025-03-25,3820,3860,3800,3820,27982,-0.003911342894393766
2025-03-26,3825,3830,3615,3720,217398,-0.02617801047120416
2025-03-27,3720,3755,3650,3705,47275,-0.0040322580645161255
2025-03-28,3705,3715,3630,3670,76013,-0.009446693657219951
2025-03-31,3670,3675,3515,3585,82211,-0.023160762942779245
2025-04-01,3590,3680,3565,3655,39976,0.019525801952580135
2025-04-02,3640,3655,3575,3590,46244,-0.017783857729138153
2025-04-03,3545,3645,3540,3610,28615,0.0055710306406684396
2025-04-04,3575,3695,3560,3695,66473,0.023545706371191244
2025-04-07,3625,3625,3500,3620,81910,-0.020297699594046037
2025-04-08,3645,3715,3620,3665,34393,0.012430939226519389
2025-04-09,3650,3665,3560,3665,39866,0.0
2025-04-10,3710,3815,3675,3805,70959,0.038199181446111785
2025-04-11,3790,3840,3725,3835,17492,0.007884362680683266
2025-04-14,3840,3990,3810,3915,178816,0.020860495436766602
2025-04-15,3915,3930,3860,3910,56354,-0.0012771392081737387
2025-04-16,3955,4000,3850,3885,127070,-0.006393861892583175
2025-04-17,3875,3905,3865,3880,27573,-0.0012870012870013214
2025-04-18,3890,3920,3830,3900,51608,0.005154639175257714
2025-04-21,3895,3945,3880,3910,32938,0.002564102564102555
2025-04-22,3900,3960,3880,3930,48814,0.005115089514066584
2025-04-23,3945,3950,3890,3920,27715,-0.0025445292620864812
2025-04-24,3925,3925,3865,3910,32053,-0.0025510204081632404
2025-04-25,3905,3910,3855,3895,33124,-0.0038363171355498826
2025-04-28,3890,3890,3815,3850,59047,-0.011553273427471145
2025-04-29,3840,3875,3830,3850,30623,0.0
2025-04-30,3855,3855,3790,3825,36890,-0.00649350649350644
2025-05-02,3820,3825,3765,3820,26622,-0.0013071895424836555
2025-05-07,3800,3815,3770,3810,32885,-0.002617801047120394
2025-05-08,3815,3840,3810,3825,20136,0.003937007874015741
2025-05-09,3825,3825,3775,3795,34560,-0.007843137254901933
2025-05-12,3795,3820,3775,3790,48005,-0.0013175230566534468
2025-05-13,3795,3840,3790,3840,56985,0.013192612137203241
2025-05-14,3845,3850,3810,3840,46316,0.0
2025-05-15,3805,3825,3685,3725,147878,-0.02994791666666663
2025-05-16,3720,3730,3620,3645,133248,-0.02147651006711404
2025-05-19,3630,3700,3595,3660,61848,0.004115226337448652
2025-05-20,3660,3800,3660,3755,57380,0.025956284153005438
2025-05-21,3730,3815,3730,3790,51424,0.009320905459387463
2025-05-22,3765,3800,3705,3795,72953,0.0013192612137202797
2025-05-23,3770,3815,3745,3760,38003,-0.00922266139657446
2025-05-26,3750,3855,3745,3790,84680,0.007978723404255428
2025-05-27,3790,3900,3775,3840,47765,0.013192612137203241
2025-05-28,3845,3900,3830,3850,39743,0.0026041666666667407
2025-05-29,3840,3915,3835,3910,41041,0.01558441558441559
2025-05-30,3910,4005,3905,3920,95276,0.002557544757033181
2025-06-02,3910,3930,3875,3890,43946,-0.007653061224489832
2025-06-04,3885,4085,3885,4050,198866,0.041131105398457546
2025-06-05,4010,4060,4000,4035,68449,-0.0037037037037036535
2025-06-09,4040,4200,4040,4100,163230,0.01610904584882289
2025-06-10,4105,4310,4085,4155,246711,0.013414634146341475
2025-06-11,4165,4430,4160,4350,299810,0.04693140794223827
2025-06-12,4350,4365,4255,4275,64703,-0.017241379310344862
2025-06-13,4270,4285,4120,4170,82648,-0.024561403508771895
2025-06-16,4150,4170,4090,4150,61396,-0.004796163069544335
2025-06-17,4160,4210,4105,4170,44896,0.004819277108433662
2025-06-18,4170,4190,4145,4180,38912,0.0023980815347721673
2025-06-19,4185,4285,4130,4255,66800,0.017942583732057482
2025-06-20,4250,4300,4200,4250,41610,-0.001175088131609825
2025-06-23,4250,4270,4200,4250,56753,0.0
2025-06-24,4255,4280,4215,4230,77269,-0.004705882352941226
2025-06-25,4235,4315,4205,4235,95980,0.0011820330969267712
2025-06-26,4235,4235,4105,4160,38758,-0.017709563164108655
2025-06-27,4160,4160,4030,4120,34536,-0.009615384615384581
2025-06-30,4115,4120,4055,4070,21962,-0.012135922330097082
2025-07-01,4075,4195,4070,4135,61795,0.01597051597051591
2025-07-02,4180,4180,4035,4080,25557,-0.013301088270858519
2025-07-03,4090,4155,4080,4150,24848,0.017156862745097978
2025-07-04,4145,4250,4120,4150,68331,0.0
2025-07-07,4155,4260,4135,4255,46705,0.025301204819277112
2025-07-08,4250,4350,4205,4300,140724,0.010575793184488758
2025-07-09,4280,4435,4275,4410,89087,0.0255813953488373
2025-07-10,4395,4450,4355,4420,45682,0.0022675736961450532
2025-07-11,4425,4495,4375,4430,57141,0.002262443438914019
2025-07-14,4420,4575,4390,4440,149846,0.0022573363431150906
2025-07-15,4435,4510,4370,4400,63254,-0.009009009009009028
2025-07-16,4400,4415,4345,4395,21762,-0.001136363636363602
2025-07-17,4395,4445,4345,4420,52778,0.005688282138794021
2025-07-18,4420,4465,4375,4450,29813,0.006787330316742057
2025-07-21,4435,4455,4390,4395,27206,-0.012359550561797716
2025-07-22,4400,4405,4315,4350,44709,-0.010238907849829393
2025-07-23,4350,4375,4255,4320,77494,-0.006896551724137945
2025-07-24,4320,4345,4255,4330,40069,0.0023148148148148806
2025-07-25,4335,4335,4230,4265,21477,-0.01501154734411081
2025-07-28,4265,4265,4160,4215,19208,-0.011723329425556872
2025-07-29,4200,4260,4160,4260,17685,0.01067615658362997
2025-07-30,4260,4345,4245,4310,31455,0.011737089201877993
2025-07-31,4315,4345,4270,4340,21783,0.006960556844547661
2025-08-01,4335,4335,4125,4150,86919,-0.04377880184331795
2025-08-04,4145,4205,4125,4190,14853,0.009638554216867545
2025-08-05,4190,4245,4085,4110,69824,-0.019093078758949833
2025-08-06,4110,4180,4105,4165,9474,0.01338199513381988
2025-08-07,4170,4170,4115,4130,12635,-0.008403361344537785
2025-08-08,4135,4200,4110,4145,36257,0.00363196125907983
2025-08-11,4145,4145,4040,4050,31157,-0.022919179734619988
2025-08-12,4055,4090,3985,4020,31219,-0.007407407407407418
2025-08-13,4020,4035,3975,3980,39368,-0.00995024875621886
2025-08-14,4080,4155,4015,4090,72753,0.027638190954773822
2025-08-18,4090,4190,4080,4165,39434,0.01833740831295838
2025-08-19,4195,4200,4110,4155,27403,-0.0024009603841537164
2025-08-20,4230,4310,4075,4165,48855,0.002406738868832692
2025-08-21,4150,4180,4145,4180,8060,0.0036014405762305746
2025-08-22,4180,4195,4130,4155,18691,-0.005980861244019087
2025-08-25,4160,4195,4145,4155,9006,0.0
2025-08-26,4155,4270,4140,4270,40411,0.02767749699157651
2025-08-27,4270,4290,4200,4260,20162,-0.0023419203747072626
2025-08-28,4255,4260,4185,4190,14929,-0.016431924882629123
2025-08-29,4195,4200,4100,4145,26371,-0.010739856801909253
2025-09-01,4145,4150,4055,4110,18952,-0.008443908323281013
2025-09-02,4105,4125,4090,4115,7477,0.0012165450121655041
2025-09-03,4110,4130,4075,4105,9467,-0.002430133657351119
2025-09-04,4100,4160,4095,4135,10024,0.0073081607795371095
2025-09-05,4135,4180,4130,4180,30675,0.010882708585247869
2025-09-08,4180,4200,4135,4200,24836,0.004784688995215225
2025-09-09,4170,4210,4165,4200,14656,0.0
2025-09-10,4200,4230,4180,4220,24389,0.004761904761904745
2025-09-11,4215,4225,4170,4220,17469,0.0
2025-09-12,4235,4235,4160,4190,27434,-0.007109004739336511
2025-09-15,4195,4205,4180,4200,11474,0.0023866348448686736
2025-09-16,4200,4200,4165,4180,10167,-0.004761904761904745
2025-09-17,4180,4180,4120,4175,27418,-0.0011961722488038617
2025-09-18,4175,4265,4175,4225,31002,0.011976047904191711
2025-09-19,4185,4210,4165,4170,16043,-0.013017751479289963
2025-09-22,4175,4200,4140,4200,13813,0.007194244604316502
2025-09-23,4210,4290,4190,4285,57534,0.020238095238095166
2025-09-24,4250,4260,4150,4210,49892,-0.017502917152858788
2025-09-25,4185,4195,4085,4120,52153,-0.02137767220902609
2025-09-26,4120,4120,4050,4080,25484,-0.009708737864077666
2025-09-29,4085,4120,4030,4120,13777,0.009803921568627416
2025-09-30,4165,4165,4065,4080,12378,-0.009708737864077666
2025-10-01,4100,4110,4085,4110,6488,0.007352941176470562
2025-10-02,4115,4140,4100,4115,9725,0.0012165450121655041
2025-10-10,4115,4215,4100,4130,31030,0.0036452004860267895
2025-10-13,4110,4155,4010,4090,33018,-0.009685230024213065
2025-10-14,4080,4100,4030,4085,16223,-0.0012224938875305957
2025-10-15,4100,4185,4055,4105,24868,0.004895960832313362
2025-10-16,4105,4125,4060,4095,8271,-0.0024360535931789995
2025-10-17,4090,4090,4015,4030,27789,-0.015873015873015928
2025-10-20,4020,4085,3865,4005,161136,-0.006203473945409432
2025-10-21,4015,4045,3960,4025,73186,0.004993757802746579
2025-10-22,4045,4045,3945,3960,46024,-0.016149068322981353
2025-10-23,3960,4000,3950,3955,14797,-0.0012626262626262985
2025-10-24,3970,3970,3920,3950,22331,-0.0012642225031606058
2025-10-27,3920,3985,3920,3940,22932,-0.0025316455696202667
2025-10-28,3940,3980,3935,3970,15161,0.0076142131979695105
2025-10-29,4000,4005,3920,3980,68850,0.0025188916876575096
2025-10-30,3955,4045,3885,4045,61199,0.01633165829145722
2025-10-31,4050,4050,3915,3995,46115,-0.012360939431396822
2025-11-03,3995,3995,3830,3835,62626,-0.040050062578222745
2025-11-04,3835,3870,3800,3850,22672,0.003911342894393766
2025-11-05,3850,3920,3735,3810,52425,-0.010389610389610393
2025-11-06,3825,3855,3780,3820,21378,0.002624671916010568
2025-11-07,3800,3880,3685,3880,87521,0.015706806282722585
2025-11-10,3825,3920,3815,3920,28194,0.010309278350515427
2025-11-11,3900,3970,3850,3945,27187,0.0063775510204082675
2025-11-12,3940,4040,3930,4030,41027,0.02154626108998725
2025-11-13,4005,4120,3975,4105,27092,0.018610421836228186
2025-11-14,4055,4090,3960,4020,20850,-0.020706455542021884
2025-11-17,4110,4110,3880,3895,55409,-0.031094527363184077
2025-11-18,3890,3890,3745,3755,41136,-0.03594351732991019
2025-11-19,3755,3755,3690,3725,31588,-0.007989347536617841
2025-11-20,3725,4010,3725,3805,56892,0.021476510067114152
2025-11-21,3755,3815,3740,3760,25640,-0.01182654402102501
2025-11-24,3775,3850,3750,3850,11806,0.02393617021276606
2025-11-25,3850,3850,3775,3810,11756,-0.010389610389610393
2025-11-26,3745,3780,3725,3740,57789,-0.018372703412073532
2025-11-27,3745,3805,3745,3775,8599,0.009358288770053402
2025-11-28,3805,3845,3770,3805,19691,0.007947019867549754
2025-12-01,3770,3780,3570,3610,330888,-0.05124835742444156
2025-12-02,3640,3640,3570,3605,85672,-0.0013850415512465242
2025-12-03,3570,3635,3560,3590,100158,-0.004160887656033285
2025-12-04,3595,3620,3485,3510,136360,-0.02228412256267409
2025-12-05,3490,3640,3440,3620,184501,0.031339031339031376
2025-12-08,3600,3625,3575,3615,36393,-0.0013812154696132284
2025-12-09,3615,3635,3565,3615,46773,0.0
2025-12-10,3615,3645,3585,3625,13666,0.0027662517289073207
2025-12-11,3620,3660,3590,3615,22337,-0.0027586206896551557
2025-12-12,3595,3650,3595,3635,11561,0.0055325034578146415
2025-12-15,3635,3660,3590,3660,27663,0.00687757909215958
2025-12-16,3625,3640,3570,3625,30614,-0.0095628415300546
2025-12-17,3625,3640,3560,3620,22302,-0.0013793103448276334
2025-12-18,3590,3615,3560,3600,20000,-0.0055248618784530246
2025-12-19,3595,3650,3590,3640,15077,0.011111111111111072
2025-12-22,3640,3655,3585,3620,68662,-0.005494505494505475
2025-12-23,3630,3630,3530,3535,73599,-0.023480662983425438
2025-12-24,3535,3585,3470,3540,42610,0.0014144271570013522
2025-12-26,3535,3590,3470,3515,28528,-0.007062146892655385
2025-12-29,3515,3525,3455,3475,29415,-0.011379800853485111
2025-12-30,3530,3750,3475,3645,161050,0.048920863309352525
2026-01-02,3665,3800,3620,3655,109425,0.00274348422496562
2026-01-05,3655,3665,3580,3620,68605,-0.009575923392612817
2026-01-06,3620,3640,3575,3620,37208,0.0
2026-01-07,3645,3645,3540,3560,63640,-0.016574585635359074
2026-01-08,3560,3625,3495,3570,64841,0.002808988764045006
2026-01-09,3625,3655,3500,3545,45819,-0.007002801120448154
2026-01-12,3555,3685,3540,3615,33401,0.019746121297602226
2026-01-13,3615,3685,3575,3625,56128,0.0027662517289073207
2026-01-14,3625,3645,3570,3615,33398,-0.0027586206896551557
2026-01-15,3615,3615,3550,3580,23391,-0.009681881051175623
2026-01-16,3580,3595,3560,3585,23605,0.0013966480446927498
2026-01-19,3585,3590,3495,3530,70928,-0.015341701534170138
2026-01-20,3530,3640,3520,3580,48677,0.014164305949008416
2026-01-21,3630,3630,3480,3530,42682,-0.013966480446927387
2026-01-22,3530,3545,3485,3510,51500,-0.005665722379603388
2026-01-23,3515,3740,3505,3645,140248,0.03846153846153855
2026-01-26,3650,3810,3625,3715,101040,0.019204389574760006
2026-01-27,3720,3825,3675,3790,109871,0.020188425302826385
2026-01-28,3800,3930,3800,3815,168025,0.006596306068601621
2026-01-29,3900,3940,3800,3840,76124,0.006553079947575258
2026-01-30,3850,3875,3730,3755,88870,-0.02213541666666663
2026-02-02,3740,3815,3650,3655,62577,-0.026631158455392767
2026-02-03,3690,3795,3690,3780,31334,0.03419972640218871
2026-02-04,3770,3820,3760,3815,29260,0.0092592592592593
2026-02-05,3815,3840,3780,3800,75061,-0.003931847968545177
2026-02-06,3795,3860,3690,3830,53016,0.007894736842105177
