Date,Open,High,Low,Close,Volume,Change
2022-01-03,2385,2440,2370,2430,129150,0.008298755186721962
2022-01-04,2430,2450,2390,2440,153764,0.004115226337448652
2022-01-05,2440,2515,2410,2505,449120,0.026639344262294973
2022-01-06,2470,2520,2430,2435,258575,-0.027944111776447067
2022-01-07,2435,2500,2405,2480,157743,0.01848049281314168
2022-01-10,2500,2510,2280,2390,389825,-0.03629032258064513
2022-01-11,2385,2390,2300,2330,176931,-0.025104602510460206
2022-01-12,2330,2390,2330,2380,111411,0.02145922746781115
2022-01-13,2405,2450,2395,2410,172133,0.012605042016806678
2022-01-14,2415,2415,2310,2330,176290,-0.03319502074688796
2022-01-17,2285,2295,2250,2260,150969,-0.030042918454935674
2022-01-18,2240,2350,2200,2235,107379,-0.011061946902654829
2022-01-19,2775,2905,2670,2905,11940433,0.29977628635346765
2022-01-20,3000,3445,2955,3130,49768787,0.07745266781411364
2022-01-21,3135,3170,2970,3000,9412347,-0.04153354632587858
2022-01-24,2925,2970,2820,2900,4545849,-0.033333333333333326
2022-01-25,2805,2840,2655,2655,4460639,-0.08448275862068966
2022-01-26,2720,2755,2565,2595,4483202,-0.02259887005649719
2022-01-27,2635,2640,2285,2330,3739460,-0.10211946050096343
2022-01-28,2330,2415,2160,2370,1952057,0.01716738197424883
2022-02-03,2350,2430,2345,2370,1885266,0.0
2022-02-04,2370,2475,2330,2430,1844464,0.025316455696202445
2022-02-07,2430,2455,2360,2430,897953,0.0
2022-02-08,2470,2485,2350,2395,1348419,-0.014403292181069949
2022-02-09,2435,2500,2420,2465,1442891,0.029227557411273475
2022-02-10,2490,2540,2420,2490,1378156,0.010141987829614507
2022-02-11,2495,2515,2300,2335,1838533,-0.06224899598393574
2022-02-14,2265,2300,2185,2225,874157,-0.047109207708779466
2022-02-15,2225,2620,2145,2150,14179430,-0.0337078651685393
2022-02-16,2215,2285,2195,2265,1254931,0.05348837209302326
2022-02-17,2340,2360,2155,2255,1920843,-0.004415011037527616
2022-02-18,2200,2290,2185,2280,792794,0.011086474501108556
2022-02-21,2200,2315,2195,2310,633726,0.013157894736842035
2022-02-22,2275,2305,2225,2245,537778,-0.02813852813852813
2022-02-23,2245,2280,2230,2245,357453,0.0
2022-02-24,2245,2255,2130,2145,681202,-0.04454342984409798
2022-02-25,2180,2225,2170,2200,434622,0.02564102564102555
2022-02-28,2250,2250,2180,2240,311232,0.018181818181818077
2022-03-02,2230,2310,2230,2305,585324,0.029017857142857206
2022-03-03,2315,2355,2280,2325,537721,0.008676789587852562
2022-03-04,2330,2345,2280,2305,289531,-0.008602150537634357
2022-03-07,2285,2305,2245,2305,203743,0.0
2022-03-08,2260,2280,2225,2235,385257,-0.030368763557483747
2022-03-10,2235,2300,2235,2270,289063,0.015659955257270708
2022-03-11,2290,2325,2275,2305,315968,0.01541850220264318
2022-03-14,2315,2350,2265,2290,519855,-0.006507592190889366
2022-03-15,2290,2290,2260,2280,189345,-0.004366812227074246
2022-03-16,2290,2340,2290,2335,419373,0.02412280701754388
2022-03-17,2350,2385,2330,2370,524375,0.01498929336188426
2022-03-18,2370,2425,2340,2395,487128,0.010548523206751037
2022-03-21,2440,2440,2385,2395,356864,0.0
2022-03-22,2395,2405,2340,2400,346750,0.0020876826722338038
2022-03-23,2400,2430,2375,2395,291069,-0.002083333333333326
2022-03-24,2375,2420,2370,2415,367457,0.008350730688935215
2022-03-25,2430,2435,2405,2435,357213,0.008281573498964745
2022-03-28,2450,2480,2410,2455,371948,0.008213552361396204
2022-03-29,2460,2555,2430,2555,1132472,0.04073319755600813
2022-03-30,2530,2550,2500,2535,568505,-0.007827788649706457
2022-03-31,2535,2600,2520,2575,512775,0.015779092702169706
2022-04-01,2575,2655,2530,2630,774523,0.021359223300970953
2022-04-04,2630,2715,2600,2710,822942,0.03041825095057038
2022-04-05,2745,2745,2665,2690,570972,-0.0073800738007380184
2022-04-06,2685,2715,2615,2680,699967,-0.0037174721189591198
2022-04-07,2670,2670,2575,2585,630648,-0.035447761194029814
2022-04-08,2595,2665,2585,2620,361366,0.013539651837524147
2022-04-11,2630,2700,2580,2600,808849,-0.007633587786259555
2022-04-12,2575,2590,2405,2580,592402,-0.007692307692307665
2022-04-13,2580,2690,2530,2620,1365903,0.015503875968992276
2022-04-14,2645,2685,2580,2590,687355,-0.011450381679389277
2022-04-15,2560,2605,2540,2595,318668,0.0019305019305020377
2022-04-18,2600,2610,2570,2595,305091,0.0
2022-04-19,2585,2585,2525,2560,324137,-0.013487475915221592
2022-04-20,2560,2770,2525,2575,1980042,0.005859375
2022-04-21,2605,2605,2540,2570,402421,-0.001941747572815511
2022-04-22,2540,2570,2515,2540,348888,-0.011673151750972721
2022-04-25,2520,2650,2500,2600,949377,0.023622047244094446
2022-04-26,2600,2690,2580,2660,1457440,0.023076923076922995
2022-04-27,2605,2870,2580,2710,6930826,0.018796992481203034
2022-04-28,2795,2970,2675,2930,11882545,0.08118081180811809
2022-04-29,2860,3000,2610,2785,6660695,-0.04948805460750849
2022-05-02,2790,2840,2675,2710,1465342,-0.026929982046678624
2022-05-03,2740,2805,2610,2640,1442126,-0.02583025830258301
2022-05-04,2650,2650,2470,2485,1730081,-0.058712121212121215
2022-05-06,2445,2475,2325,2340,1203792,-0.05835010060362178
2022-05-09,2340,2340,2215,2290,1084618,-0.021367521367521403
2022-05-10,2255,2345,2240,2305,687404,0.0065502183406114245
2022-05-11,2305,2335,2295,2330,326168,0.010845986984815648
2022-05-12,2330,2335,2280,2300,342965,-0.012875536480686733
2022-05-13,2295,2330,2295,2325,240627,0.010869565217391353
2022-05-16,2325,2355,2305,2350,257035,0.010752688172043001
2022-05-17,2360,2430,2360,2415,405309,0.027659574468085202
2022-05-18,2400,2495,2400,2450,391392,0.01449275362318847
2022-05-19,2425,2430,2375,2420,211545,-0.01224489795918371
2022-05-20,2420,2460,2400,2440,158398,0.008264462809917328
2022-05-23,2430,2525,2410,2505,647907,0.026639344262294973
2022-05-24,2535,2545,2455,2460,430957,-0.017964071856287456
2022-05-25,2450,2490,2395,2435,375799,-0.010162601626016232
2022-05-26,2425,2565,2425,2540,885141,0.04312114989733051
2022-05-27,2555,2560,2510,2525,265143,-0.0059055118110236116
2022-05-30,2570,2615,2535,2600,710801,0.02970297029702973
2022-05-31,2600,2675,2585,2660,820027,0.023076923076922995
2022-06-02,2700,2720,2575,2715,1696336,0.020676691729323293
2022-06-03,2620,2660,2460,2465,2022904,-0.09208103130755063
2022-06-07,2480,2525,2440,2470,577025,0.0020283975659229903
2022-06-08,2470,2495,2415,2430,269018,-0.01619433198380571
2022-06-09,2425,2445,2335,2365,258288,-0.026748971193415683
2022-06-10,2365,2390,2295,2330,199261,-0.014799154334038
2022-06-13,2300,2300,2160,2235,370525,-0.04077253218884125
2022-06-14,2125,2295,2125,2200,338830,-0.015659955257270708
2022-06-15,2160,2210,2155,2180,306846,-0.009090909090909038
2022-06-16,2200,2255,2195,2200,208242,0.00917431192660545
2022-06-17,2200,2215,2135,2210,197267,0.00454545454545463
2022-06-20,2190,2210,2105,2115,219020,-0.042986425339366474
2022-06-21,2115,2150,2080,2120,102473,0.0023640661938533203
2022-06-22,2205,2205,2010,2010,219909,-0.05188679245283023
2022-06-23,2000,2055,1890,1895,462369,-0.057213930348258724
2022-06-24,1900,2035,1900,2020,198791,0.06596306068601576
2022-06-27,2025,2135,2025,2130,145611,0.054455445544554504
2022-06-28,2110,2160,2100,2130,138734,0.0
2022-06-29,2100,2160,2100,2150,73434,0.009389671361502261
2022-06-30,2155,2170,2135,2165,48377,0.006976744186046435
2022-07-01,2130,2190,2130,2165,97601,0.0
2022-07-04,2145,2165,2125,2165,105305,0.0
2022-07-05,2195,2225,2170,2215,73832,0.023094688221708903
2022-07-06,2210,2315,2185,2280,222468,0.02934537246049662
2022-07-07,2270,2320,2260,2290,143784,0.004385964912280604
2022-07-08,2290,2335,2280,2305,84094,0.0065502183406114245
2022-07-11,2315,2320,2285,2295,74451,-0.004338394793926281
2022-07-12,2295,2295,2220,2240,140413,-0.023965141612200425
2022-07-13,2235,2270,2190,2250,57638,0.0044642857142858094
2022-07-14,2205,2375,2205,2260,300644,0.004444444444444473
2022-07-15,2260,2275,2205,2255,101966,-0.0022123893805309214
2022-07-18,2245,2260,2100,2260,54630,0.0022172949002217113
2022-07-19,2220,2270,2220,2265,61628,0.0022123893805310324
2022-07-20,2250,2280,2235,2275,117883,0.004415011037527616
2022-07-21,2280,2320,2280,2285,78161,0.00439560439560438
2022-07-22,2295,2310,2260,2275,45032,-0.004376367614879695
2022-07-25,2290,2290,2260,2270,79815,-0.00219780219780219
2022-07-26,2270,2295,2265,2275,31959,0.0022026431718060735
2022-07-27,2275,2295,2255,2275,38157,0.0
2022-07-28,2290,2290,2245,2270,65128,-0.00219780219780219
2022-07-29,2270,2270,2215,2240,62494,-0.013215859030836996
2022-08-01,2240,2260,2230,2245,48304,0.0022321428571427937
2022-08-02,2285,2285,2225,2250,62100,0.00222717149220486
2022-08-03,2225,2270,2225,2250,42971,0.0
2022-08-04,2265,2275,2240,2250,89841,0.0
2022-08-05,2240,2260,2240,2250,56979,0.0
2022-08-08,2245,2255,2225,2240,33847,-0.004444444444444473
2022-08-09,2235,2255,2205,2205,47904,-0.015625
2022-08-10,2205,2270,2205,2215,60071,0.0045351473922903285
2022-08-11,2260,2260,2215,2235,45064,0.009029345372460584
2022-08-12,2220,2250,2190,2240,49602,0.0022371364653244186
2022-08-16,2240,2255,2230,2230,43150,-0.004464285714285698
2022-08-17,2230,2245,2195,2225,48604,-0.0022421524663677195
2022-08-18,2225,2425,2190,2225,1296550,0.0
2022-08-19,2195,2240,2195,2195,123674,-0.013483146067415741
2022-08-22,2195,2250,2155,2185,168365,-0.004555808656036442
2022-08-23,2155,2185,2115,2115,111018,-0.03203661327231122
2022-08-24,2115,2220,2080,2125,153839,0.004728132387706863
2022-08-25,2140,2170,2130,2140,43385,0.007058823529411784
2022-08-26,2160,2190,2135,2170,62898,0.014018691588784993
2022-08-29,2140,2140,2070,2125,29191,-0.020737327188940058
2022-08-30,2105,2125,2070,2125,58935,0.0
2022-08-31,2120,2155,2100,2120,17794,-0.0023529411764705577
2022-09-01,2115,2115,2075,2075,34399,-0.021226415094339646
2022-09-02,2075,2095,2035,2055,41445,-0.009638554216867434
2022-09-05,2040,2045,1995,2020,80399,-0.01703163017031628
2022-09-06,2020,2045,2010,2040,29024,0.00990099009900991
2022-09-07,2070,2070,2000,2020,35039,-0.009803921568627416
2022-09-08,2020,2045,1990,2010,46459,-0.004950495049504955
2022-09-13,2010,2050,1970,2035,126551,0.01243781094527363
2022-09-14,1975,2035,1970,2035,39280,0.0
2022-09-15,2035,2045,2005,2030,36455,-0.002457002457002422
2022-09-16,2015,2040,1985,2015,16324,-0.007389162561576401
2022-09-19,1980,2015,1920,1960,80261,-0.027295285359801524
2022-09-20,1950,1980,1925,1955,47706,-0.0025510204081632404
2022-09-21,1960,1960,1895,1920,78497,-0.01790281329923271
2022-09-22,1915,1915,1850,1910,62967,-0.00520833333333337
2022-09-23,1910,1910,1860,1875,42967,-0.01832460732984298
2022-09-26,1845,1865,1775,1785,103002,-0.04800000000000004
2022-09-27,1735,1825,1700,1770,97707,-0.008403361344537785
2022-09-28,1770,1865,1770,1820,172246,0.02824858757062154
2022-09-29,1830,1890,1825,1835,96675,0.008241758241758212
2022-09-30,1785,1865,1785,1835,41853,0.0
2022-10-04,1845,1935,1835,1930,137976,0.05177111716621252
2022-10-05,1950,1950,1865,1885,56979,-0.023316062176165775
2022-10-06,1890,1995,1840,1920,133531,0.018567639257294433
2022-10-07,1920,2030,1890,1905,2362967,-0.0078125
2022-10-11,1905,1905,1810,1830,67103,-0.03937007874015752
2022-10-12,1795,1825,1775,1800,44665,-0.016393442622950838
2022-10-13,1770,1800,1715,1715,62018,-0.047222222222222276
2022-10-14,1715,1750,1700,1740,124529,0.014577259475218707
2022-10-17,1705,1775,1670,1770,67012,0.01724137931034475
2022-10-18,1820,1820,1775,1820,47252,0.02824858757062154
2022-10-19,1850,1850,1800,1800,34504,-0.01098901098901095
2022-10-20,1735,1825,1735,1800,75575,0.0
2022-10-21,1780,1800,1750,1770,31882,-0.01666666666666672
2022-10-24,1770,1800,1770,1790,39961,0.011299435028248483
2022-10-25,1795,1800,1770,1770,40072,-0.011173184357541888
2022-10-26,1770,1800,1755,1775,34846,0.0028248587570620654
2022-10-27,1780,1790,1760,1780,31879,0.0028169014084507005
2022-10-28,1780,1820,1750,1805,146067,0.014044943820224809
2022-10-31,1810,1820,1795,1815,43577,0.005540166204986097
2022-11-01,1810,1835,1780,1815,56547,0.0
2022-11-02,1825,1825,1785,1795,73065,-0.011019283746556474
2022-11-03,1760,1810,1760,1800,26053,0.0027855153203342198
2022-11-04,1800,1800,1770,1795,38359,-0.002777777777777768
2022-11-07,1795,1815,1795,1810,22643,0.008356545961002881
2022-11-08,1810,1845,1810,1845,45010,0.01933701657458564
2022-11-09,1865,1875,1845,1855,68592,0.005420054200542035
2022-11-10,1850,1860,1825,1860,53118,0.0026954177897573484
2022-11-11,1885,1890,1855,1875,122572,0.008064516129032251
2022-11-14,1875,1950,1805,1920,260569,0.02400000000000002
2022-11-15,1895,1955,1885,1945,123411,0.01302083333333326
2022-11-16,1940,1945,1900,1945,113451,0.0
2022-11-17,1945,1980,1930,1980,83471,0.01799485861182526
2022-11-18,1950,2090,1950,2060,406918,0.04040404040404044
2022-11-21,2060,2145,2045,2145,359740,0.04126213592233019
2022-11-22,2140,2190,2095,2110,366089,-0.01631701631701632
2022-11-23,2115,2115,1980,2075,280249,-0.016587677725118488
2022-11-24,2070,2150,2070,2120,220344,0.02168674698795181
2022-11-25,2120,2145,2080,2140,219849,0.009433962264151052
2022-11-28,2140,2155,2100,2145,174779,0.002336448598130758
2022-11-29,2150,2150,2085,2105,119469,-0.018648018648018683
2022-11-30,2120,2120,2060,2080,93559,-0.01187648456057011
2022-12-01,2095,2135,2080,2130,141090,0.024038461538461453
2022-12-02,2130,2130,2075,2100,138945,-0.014084507042253502
2022-12-05,2100,2100,2020,2090,243785,-0.004761904761904745
2022-12-06,2040,2150,2025,2150,681912,0.028708133971291794
2022-12-07,2115,2275,2110,2230,1658372,0.037209302325581506
2022-12-08,2260,2265,1935,1965,1659738,-0.1188340807174888
2022-12-09,1990,2060,1945,2045,724000,0.040712468193384144
2022-12-12,2000,2040,1935,1995,488558,-0.02444987775061125
2022-12-13,1990,2005,1910,1990,279030,-0.0025062656641604564
2022-12-14,1975,2010,1970,2000,194487,0.005025125628140614
2022-12-15,2010,2060,1990,2045,347000,0.022499999999999964
2022-12-16,2030,2155,2015,2095,389035,0.02444987775061125
2022-12-19,2095,2095,2030,2085,156958,-0.004773269689737458
2022-12-20,2085,2085,1950,2010,293844,-0.03597122302158273
2022-12-21,1945,1980,1905,1945,199315,-0.03233830845771146
2022-12-22,1945,1955,1865,1885,284947,-0.03084832904884316
2022-12-23,1880,1880,1800,1820,181365,-0.03448275862068961
2022-12-26,1820,1840,1750,1790,138781,-0.016483516483516536
2022-12-27,1805,1850,1770,1820,123997,0.016759776536312776
2022-12-28,1810,1825,1750,1790,183164,-0.016483516483516536
2022-12-29,1795,1825,1715,1800,228356,0.005586592178770999
2023-01-02,1800,2135,1800,1930,1901663,0.07222222222222219
2023-01-03,1930,1935,1875,1910,317938,-0.010362694300518172
2023-01-04,1915,1930,1865,1930,191350,0.010471204188481575
2023-01-05,1935,1970,1905,1940,277531,0.005181347150259086
2023-01-06,1935,1945,1900,1910,97983,-0.015463917525773141
2023-01-09,1900,1925,1890,1915,88568,0.002617801047120505
2023-01-10,1925,2010,1920,2010,236715,0.04960835509138373
2023-01-11,2030,2030,1975,1990,110408,-0.00995024875621886
2023-01-12,1980,2025,1980,2000,85753,0.005025125628140614
2023-01-13,2000,2005,1970,1990,90381,-0.0050000000000000044
2023-01-16,1980,2000,1855,1965,368940,-0.012562814070351758
2023-01-17,1945,1975,1925,1955,70355,-0.0050890585241730735
2023-01-18,1955,1980,1935,1975,51600,0.010230179028132946
2023-01-19,1970,1975,1945,1965,51338,-0.005063291139240533
2023-01-20,1930,1970,1930,1960,52156,-0.0025445292620864812
2023-01-25,1979,1979,1949,1967,75023,0.0035714285714285587
2023-01-26,1988,1988,1930,1970,47058,0.0015251652262329163
2023-01-27,1970,1986,1951,1972,63189,0.0010152284263960087
2023-01-30,1974,1981,1950,1970,77122,-0.0010141987829614951
2023-01-31,1980,2325,1980,2065,2935552,0.048223350253807196
2023-02-01,2055,2085,2025,2070,416196,0.002421307506053294
2023-02-02,2060,2110,2040,2070,554218,0.0
2023-02-03,2090,2090,2045,2075,251693,0.0024154589371980784
2023-02-06,2075,2095,2040,2090,228365,0.0072289156626506035
2023-02-07,2130,2130,2050,2070,239062,-0.009569377990430672
2023-02-08,2050,2080,2040,2075,209887,0.0024154589371980784
2023-02-09,2045,2080,2035,2070,159475,-0.002409638554216831
2023-02-10,2070,2070,1991,2005,311078,-0.03140096618357491
2023-02-13,1968,2015,1910,2005,191035,0.0
2023-02-14,1950,2040,1950,2035,161781,0.014962593516209433
2023-02-15,2030,2100,2010,2020,840587,-0.0073710073710073765
2023-02-16,2035,2115,1998,2090,402109,0.034653465346534684
2023-02-17,2080,2115,2060,2085,333137,-0.0023923444976076125
2023-02-20,2085,2260,2075,2250,1966375,0.07913669064748197
2023-02-21,2210,2320,2170,2280,796326,0.01333333333333342
2023-02-22,2315,2340,2200,2275,553436,-0.002192982456140302
2023-02-23,2280,2280,2195,2255,403495,-0.00879120879120876
2023-02-24,2310,2310,2215,2235,296651,-0.008869179600886956
2023-02-27,2210,2260,2190,2255,190519,0.008948545861297452
2023-02-28,2260,2280,2225,2270,207429,0.006651884700665134
2023-03-02,2255,2295,2250,2260,205542,-0.004405286343612369
2023-03-03,2265,2370,2245,2260,461160,0.0
2023-03-06,2295,2310,2235,2235,280300,-0.011061946902654829
2023-03-07,2230,2305,2195,2255,295458,0.008948545861297452
2023-03-08,2210,2285,2210,2265,238144,0.0044345898004434225
2023-03-09,2265,2320,2225,2300,275739,0.015452538631346657
2023-03-10,2270,2345,2225,2255,503139,-0.019565217391304346
2023-03-13,2225,2225,2140,2185,297269,-0.03104212860310418
2023-03-14,2170,2170,2075,2120,232640,-0.029748283752860427
2023-03-15,2145,2245,2145,2235,189687,0.054245283018867996
2023-03-16,2210,2245,2165,2185,109358,-0.022371364653243853
2023-03-17,2185,2275,2155,2255,321368,0.03203661327231111
2023-03-20,2220,2270,2215,2240,169685,-0.006651884700665134
2023-03-21,2240,2240,2150,2185,287500,-0.024553571428571397
2023-03-22,2185,2200,2110,2160,181744,-0.011441647597253968
2023-03-23,2120,2145,2110,2130,164000,-0.01388888888888884
2023-03-24,2130,2195,2115,2195,109351,0.030516431924882736
2023-03-27,2270,2305,2200,2290,721954,0.04328018223234631
2023-03-28,2270,2270,2215,2270,344000,-0.008733624454148492
2023-03-29,2270,2290,2230,2265,165384,-0.0022026431718061845
2023-03-30,2250,2285,2245,2270,187015,0.002207505518763808
2023-03-31,2250,2300,2240,2295,222804,0.011013215859030812
2023-04-03,2325,2375,2305,2370,339838,0.03267973856209161
2023-04-04,2350,2405,2335,2390,279168,0.00843881856540074
2023-04-05,2385,2410,2360,2395,186031,0.0020920502092049986
2023-04-06,2395,2400,2325,2355,199681,-0.01670146137787054
2023-04-07,2355,2355,2280,2310,252433,-0.019108280254777066
2023-04-10,2310,2325,2200,2215,233201,-0.04112554112554112
2023-04-11,2215,2250,2195,2250,142884,0.015801354401805856
2023-04-12,2215,2310,2205,2270,199160,0.008888888888888946
2023-04-13,2270,2285,2225,2265,142566,-0.0022026431718061845
2023-04-14,2250,2340,2250,2330,268606,0.028697571743929284
2023-04-17,2390,2390,2270,2315,323563,-0.006437768240343367
2023-04-18,2315,2400,2295,2370,558316,0.023758099352051865
2023-04-19,2420,2455,2370,2425,816855,0.02320675105485237
2023-04-20,2460,2510,2420,2465,888689,0.016494845360824684
2023-04-21,2465,2490,2355,2450,470312,-0.006085192697768749
2023-04-24,2440,2490,2375,2445,421384,-0.0020408163265306367
2023-04-25,2445,2445,2210,2265,820795,-0.07361963190184051
2023-04-26,2280,2280,2100,2130,854922,-0.05960264900662249
2023-04-27,2030,2085,1960,2085,511286,-0.021126760563380254
2023-04-28,2085,2140,2015,2025,352256,-0.02877697841726623
2023-05-02,2035,2050,1960,2050,197841,0.012345679012345734
2023-05-03,2115,2115,1986,1998,323732,-0.025365853658536608
2023-05-04,1998,1999,1937,1945,332367,-0.02652652652652654
2023-05-08,1945,1950,1898,1909,291500,-0.018508997429305896
2023-05-09,1939,1939,1850,1886,210541,-0.012048192771084376
2023-05-10,1900,1935,1879,1931,169024,0.023860021208907733
2023-05-11,1950,2075,1928,2000,1005785,0.03573278094251675
2023-05-12,1980,2050,1900,2030,481717,0.014999999999999902
2023-05-15,2030,2035,1937,1963,240827,-0.033004926108374355
2023-05-16,1963,2020,1943,1953,147634,-0.005094243504839557
2023-05-17,1942,1974,1915,1960,87537,0.0035842293906809264
2023-05-18,1960,1997,1956,1986,93151,0.013265306122449028
2023-05-19,1983,2010,1962,1964,115284,-0.011077542799597162
2023-05-22,1965,1990,1939,1978,96767,0.007128309572301372
2023-05-23,1978,1984,1941,1984,53406,0.0030333670374114163
2023-05-24,1984,1984,1953,1954,115840,-0.015120967741935498
2023-05-25,1972,1972,1941,1949,51837,-0.0025588536335721113
2023-05-26,1950,1951,1916,1925,107732,-0.012314007183170883
2023-05-30,1989,1989,1919,1928,137173,0.0015584415584415368
2023-05-31,1928,1945,1916,1935,87767,0.0036307053941908585
2023-06-01,1945,2025,1932,1998,213940,0.032558139534883734
2023-06-02,1998,2130,1998,2100,576277,0.05105105105105112
2023-06-05,2115,2130,1950,2020,465268,-0.03809523809523807
2023-06-07,2000,2015,1931,1965,251329,-0.027227722772277252
2023-06-08,2020,2020,1955,1956,135381,-0.004580152671755711
2023-06-09,1956,1990,1940,1972,171178,0.008179959100204526
2023-06-12,1991,1991,1946,1959,167020,-0.006592292089249496
2023-06-13,1959,1974,1946,1951,136864,-0.0040837161817253165
2023-06-14,1951,1960,1911,1922,163729,-0.014864172219374638
2023-06-15,1918,1939,1900,1919,103784,-0.0015608740894901274
2023-06-16,1920,1943,1905,1915,59736,-0.0020844189682126535
2023-06-19,1924,1924,1895,1905,136819,-0.005221932114882533
2023-06-20,1919,1919,1888,1890,103186,-0.007874015748031482
2023-06-21,1890,1890,1845,1850,142620,-0.021164021164021163
2023-06-22,1845,1850,1820,1839,76314,-0.005945945945945996
2023-06-23,1841,1849,1813,1827,94837,-0.006525285481239762
2023-06-26,1827,1870,1813,1854,67603,0.014778325123152802
2023-06-27,1854,1936,1854,1925,178048,0.03829557713052867
2023-06-28,1927,1950,1896,1948,60785,0.01194805194805193
2023-06-29,1945,1947,1896,1911,87629,-0.018993839835729
2023-06-30,1900,1915,1900,1908,30959,-0.0015698587127158659
2023-07-03,1912,1955,1900,1938,97245,0.01572327044025168
2023-07-04,1934,1934,1898,1902,50277,-0.018575851393188847
2023-07-05,1905,1925,1896,1908,42024,0.003154574132492094
2023-07-06,1908,1910,1857,1878,51330,-0.01572327044025157
2023-07-07,1883,1900,1847,1861,45821,-0.009052183173588912
2023-07-10,1888,1888,1827,1827,46571,-0.018269747447608786
2023-07-11,1818,1855,1818,1828,49344,0.0005473453749316182
2023-07-12,1986,1987,1819,1840,574924,0.006564551422319376
2023-07-13,1825,1843,1815,1832,96820,-0.004347826086956497
2023-07-14,1830,1830,1795,1803,120413,-0.015829694323144072
2023-07-17,1800,1800,1715,1796,83374,-0.0038824181919023815
2023-07-18,1804,1805,1768,1773,81965,-0.012806236080178168
2023-07-19,1773,1780,1721,1742,77878,-0.017484489565707806
2023-07-20,1725,1753,1711,1730,80966,-0.006888633754305373
2023-07-21,1735,1740,1710,1719,77491,-0.0063583815028901425
2023-07-24,1719,1719,1662,1675,192741,-0.025596276905177406
2023-07-25,1679,1720,1660,1691,134220,0.009552238805970115
2023-07-26,1655,1689,1590,1630,361389,-0.036073329390892916
2023-07-27,1621,1768,1620,1759,279595,0.07914110429447851
2023-07-28,1758,1799,1707,1779,133647,0.011370096645821448
2023-07-31,1779,1940,1779,1886,548999,0.06014614952220354
2023-08-01,1885,1960,1868,1960,311098,0.03923647932131491
2023-08-02,1929,2010,1914,1997,530108,0.018877551020408223
2023-08-03,1997,2260,1995,2260,1071720,0.13169754631947916
2023-08-04,2450,2850,2265,2725,10408045,0.20575221238938046
2023-08-07,2760,2930,2530,2605,3775547,-0.044036697247706424
2023-08-08,2580,2830,2560,2770,2487495,0.06333973128598847
2023-08-09,2740,2805,2605,2710,907084,-0.02166064981949456
2023-08-10,2695,2730,2480,2610,719146,-0.03690036900369009
2023-08-11,2600,2705,2570,2635,349881,0.009578544061302763
2023-08-14,2635,2670,2560,2625,302711,-0.003795066413662229
2023-08-16,2600,2600,2220,2500,775190,-0.04761904761904767
2023-08-17,2460,2600,2445,2520,289237,0.008000000000000007
2023-08-18,2505,2575,2410,2520,208103,0.0
2023-08-21,2570,2570,2400,2500,229435,-0.007936507936507908
2023-08-22,2500,2605,2460,2500,294280,0.0
2023-08-23,2500,2570,2420,2500,260818,0.0
2023-08-24,2500,2535,2405,2515,270448,0.006000000000000005
2023-08-25,2500,2545,2450,2540,135420,0.00994035785288272
2023-08-28,2535,2575,2450,2495,226295,-0.017716535433070835
2023-08-29,2520,2590,2460,2460,311567,-0.014028056112224463
2023-08-30,2470,2480,2305,2475,358571,0.0060975609756097615
2023-08-31,2500,2590,2435,2480,328497,0.002020202020202033
2023-09-01,2460,2485,2445,2480,100957,0.0
2023-09-04,2540,2670,2350,2530,1296390,0.02016129032258074
2023-09-05,2550,2600,2450,2475,237226,-0.021739130434782594
2023-09-06,2475,2525,2355,2400,338110,-0.030303030303030276
2023-09-07,2380,2400,2270,2345,225898,-0.022916666666666696
2023-09-08,2350,2360,2280,2280,103422,-0.02771855010660984
2023-09-11,2320,2340,2270,2320,264073,0.01754385964912286
2023-09-12,2340,2350,2180,2195,201410,-0.053879310344827624
2023-09-13,2190,2230,2160,2210,112844,0.006833712984054774
2023-09-14,2170,2250,2160,2190,110751,-0.009049773755656076
2023-09-15,2190,2190,2110,2180,186764,-0.004566210045662156
2023-09-18,2190,2190,2100,2115,106995,-0.029816513761467878
2023-09-19,2150,2310,2130,2265,249546,0.07092198581560294
2023-09-20,2320,2320,2145,2265,211991,0.0
2023-09-21,2290,2395,2200,2210,274835,-0.02428256070640178
2023-09-22,2200,2340,2150,2280,461192,0.03167420814479649
2023-09-25,2375,2375,2210,2220,330207,-0.02631578947368418
2023-09-26,2220,2670,2150,2375,3950579,0.06981981981981988
2023-09-27,2345,2575,2335,2545,960268,0.07157894736842096
2023-10-04,2545,2625,2480,2600,545981,0.0216110019646365
2023-10-05,2570,2640,2260,2335,732146,-0.1019230769230769
2023-10-06,2315,2465,2230,2450,395054,0.04925053533190571
2023-10-10,2400,2435,2260,2260,271101,-0.07755102040816331
2023-10-11,2260,2395,2220,2365,403285,0.04646017699115035
2023-10-12,2345,2420,1930,1995,2164119,-0.15644820295983086
2023-10-13,1969,2055,1901,1960,771467,-0.01754385964912286
2023-10-16,1921,1954,1860,1860,463656,-0.05102040816326525
2023-10-17,1842,1895,1820,1860,272177,0.0
2023-10-18,1851,1915,1812,1860,287929,0.0
2023-10-19,1820,1940,1804,1917,131395,0.030645161290322687
2023-10-20,1917,2075,1865,2010,646695,0.04851330203442883
2023-10-23,2030,2030,1860,1875,245020,-0.06716417910447758
2023-10-24,1870,2050,1870,2015,179036,0.07466666666666666
2023-10-25,2005,2110,1950,1973,165098,-0.0208436724565757
2023-10-26,1973,2060,1949,1973,169751,0.0
2023-10-27,1980,2045,1979,2015,193293,0.021287379624936653
2023-10-30,2015,2190,2015,2185,437603,0.08436724565756815
2023-10-31,2180,2310,2120,2200,523686,0.006864988558352492
2023-11-01,2195,2300,2040,2135,247355,-0.02954545454545454
2023-11-02,2135,2195,2030,2120,221177,-0.007025761124121788
2023-11-03,2120,2250,2120,2160,295341,0.018867924528301883
2023-11-06,2160,2205,2125,2145,187917,-0.00694444444444442
2023-11-07,2150,2245,2135,2185,192074,0.018648018648018683
2023-11-08,2220,2260,2140,2160,379086,-0.011441647597253968
2023-11-09,2250,2250,2130,2160,189616,0.0
2023-11-10,2140,2245,2120,2225,310487,0.03009259259259256
2023-11-13,2250,2400,2240,2390,793960,0.07415730337078652
2023-11-14,2400,2435,2320,2420,577582,0.012552301255230214
2023-11-15,2415,2470,2355,2470,493381,0.02066115702479343
2023-11-16,2400,2460,2365,2420,365274,-0.020242914979757054
2023-11-17,2420,2455,2365,2365,235878,-0.022727272727272707
2023-11-20,2375,2430,2020,2275,835942,-0.038054968287526414
2023-11-21,2330,2445,2255,2420,390714,0.06373626373626373
2023-11-22,2455,2455,2330,2420,368230,0.0
2023-11-23,2420,2420,2355,2375,187092,-0.018595041322314043
2023-11-24,2355,2370,2265,2265,254854,-0.0463157894736842
2023-11-27,2330,2415,2285,2310,337741,0.019867549668874274
2023-11-28,2360,2395,2275,2365,249171,0.023809523809523725
2023-11-29,2345,2550,2340,2515,1192637,0.06342494714587743
2023-11-30,2515,2560,2335,2365,949472,-0.05964214711729621
2023-12-01,2370,2525,2350,2490,672672,0.052854122621564414
2023-12-04,2490,2490,2395,2420,249725,-0.028112449799196804
2023-12-05,2375,2445,2370,2405,252131,-0.006198347107438051
2023-12-06,2405,2495,2315,2315,561881,-0.037422037422037424
2023-12-07,2350,2410,2320,2350,181437,0.015118790496760237
2023-12-08,2350,2395,2305,2310,189904,-0.017021276595744705
2023-12-11,2350,2350,2290,2310,151738,0.0
2023-12-12,2310,2325,2255,2275,219106,-0.015151515151515138
2023-12-13,2270,2320,2250,2300,168815,0.01098901098901095
2023-12-14,2305,2375,2295,2345,256372,0.019565217391304346
2023-12-15,2350,2520,2345,2510,835835,0.07036247334754808
2023-12-18,2540,2720,2490,2535,1025072,0.009960159362549792
2023-12-19,2540,2790,2520,2680,2322866,0.05719921104536496
2023-12-20,2675,2890,2580,2860,1968224,0.0671641791044777
2023-12-21,2885,3030,2760,2890,2567197,0.010489510489510412
2023-12-22,2890,2920,2755,2820,807808,-0.02422145328719727
2023-12-26,2820,3650,2820,3400,14233604,0.2056737588652482
2023-12-27,3365,3480,3145,3210,2878691,-0.055882352941176494
2023-12-28,3225,3230,2910,3075,2254846,-0.04205607476635509
2024-01-02,3120,3565,2895,2970,6833336,-0.034146341463414664
2024-01-03,2980,3085,2925,3010,2500728,0.013468013468013407
2024-01-04,2980,2980,2760,2895,1190731,-0.038205980066445155
2024-01-05,2870,2940,2810,2855,698294,-0.013816925734024155
2024-01-08,2840,2945,2785,2785,613511,-0.024518388791593737
2024-01-09,2785,2860,2735,2845,639331,0.021543985637342944
2024-01-10,2845,2970,2845,2970,770892,0.04393673110720564
2024-01-11,2970,3015,2870,3015,687321,0.015151515151515138
2024-01-12,3020,3055,2900,2900,800662,-0.03814262023217252
2024-01-15,2900,3000,2900,2995,551340,0.03275862068965507
2024-01-16,2995,3085,2935,3030,725201,0.011686143572620988
