Date,Open,High,Low,Close,Volume,Change
2022-01-03,30450,30500,30100,30400,32579,0.0016474464579900872
2022-01-04,30400,30600,30100,30400,36788,0.0
2022-01-05,30400,30500,29850,29950,58253,-0.014802631578947345
2022-01-06,29400,30050,29350,29400,61542,-0.018363939899833093
2022-01-07,29400,29800,29350,29550,29504,0.005102040816326481
2022-01-10,29300,29750,28450,28550,66066,-0.03384094754653133
2022-01-11,28600,28750,27800,27900,75047,-0.02276707530647981
2022-01-12,27750,29850,27750,29800,87328,0.06810035842293916
2022-01-13,29750,30400,29600,30000,45163,0.006711409395973256
2022-01-14,29600,30000,29500,29650,30877,-0.011666666666666714
2022-01-17,29850,30000,28300,28500,49110,-0.038785834738617186
2022-01-18,28150,28700,27700,27750,46161,-0.02631578947368418
2022-01-19,27450,27550,26850,26900,52304,-0.03063063063063065
2022-01-20,26800,27700,26800,27700,27879,0.029739776951672958
2022-01-21,27500,27800,27000,27200,30969,-0.018050541516245522
2022-01-24,27100,27100,25700,26000,64070,-0.044117647058823484
2022-01-25,26000,26750,25000,25350,79325,-0.025000000000000022
2022-01-26,24850,25850,24850,25150,36620,-0.007889546351084853
2022-01-27,25200,25450,23500,23500,72479,-0.0656063618290258
2022-01-28,23200,24900,23200,24850,55759,0.057446808510638325
2022-02-03,25050,25750,25050,25500,26234,0.026156941649899457
2022-02-04,25250,25750,25000,25650,38690,0.00588235294117645
2022-02-07,25650,26250,25200,26150,35208,0.01949317738791434
2022-02-08,25850,26700,25500,25600,42088,-0.021032504780114758
2022-02-09,26000,26100,25450,25850,18850,0.009765625
2022-02-10,26150,26200,25500,25750,14910,-0.003868471953578312
2022-02-11,25450,25500,25050,25050,27474,-0.027184466019417486
2022-02-14,24350,24950,23800,24100,29411,-0.03792415169660679
2022-02-15,23650,24650,23650,23750,23064,-0.014522821576763434
2022-02-16,24000,25150,24000,25100,35536,0.056842105263157805
2022-02-17,25200,26000,24650,25150,44160,0.0019920318725099584
2022-02-18,24950,25800,24750,25750,21856,0.02385685884691857
2022-02-21,25350,26000,25100,26000,25927,0.009708737864077666
2022-02-22,25350,25800,24900,25050,27512,-0.03653846153846152
2022-02-23,25150,25800,25050,25500,17420,0.017964071856287456
2022-02-24,25050,25550,24550,24650,31446,-0.033333333333333326
2022-02-25,25000,25600,24850,25450,24995,0.032454361054766734
2022-02-28,25200,26250,25100,26000,36059,0.0216110019646365
2022-03-02,25750,27200,25500,27000,68814,0.03846153846153855
2022-03-03,27000,27500,27000,27000,50649,0.0
2022-03-04,26750,27350,26550,27150,35357,0.005555555555555536
2022-03-07,26650,26900,26150,26250,31435,-0.03314917127071826
2022-03-08,25600,26250,25550,25750,28996,-0.01904761904761909
2022-03-10,26000,26650,26000,26100,26081,0.013592233009708687
2022-03-11,26000,26650,26000,26600,25874,0.019157088122605304
2022-03-14,26700,26700,25850,26200,35291,-0.015037593984962405
2022-03-15,26200,26800,26100,26450,34070,0.009541984732824416
2022-03-16,26500,26800,26350,26750,23671,0.011342155009451904
2022-03-17,27050,27450,26850,27250,49147,0.01869158878504673
2022-03-18,27250,27400,26750,27200,29893,-0.0018348623853210455
2022-03-21,27300,27850,27150,27400,50552,0.007352941176470562
2022-03-22,27200,27750,27200,27700,24116,0.010948905109489093
2022-03-23,27750,28000,27500,27600,39829,-0.0036101083032491488
2022-03-24,27200,27800,27200,27650,29427,0.0018115942028984477
2022-03-25,27750,27950,27450,27750,38210,0.003616636528029016
2022-03-28,27750,27900,27500,27700,24478,-0.0018018018018017834
2022-03-29,27800,27900,27550,27600,22176,-0.0036101083032491488
2022-03-30,27800,28200,27350,28200,63802,0.021739130434782705
2022-03-31,27950,28200,27600,28200,50627,0.0
2022-04-01,28300,28300,27750,27850,34150,-0.012411347517730542
2022-04-04,28050,28100,27700,27800,27909,-0.0017953321364452268
2022-04-05,27800,28000,27750,27900,23454,0.003597122302158251
2022-04-06,27850,27850,27500,27600,23585,-0.010752688172043001
2022-04-07,27500,33400,26850,29700,1668112,0.07608695652173902
2022-04-08,29200,29400,28250,28400,210343,-0.043771043771043794
2022-04-11,28500,28700,27500,27500,106098,-0.03169014084507038
2022-04-12,27050,27800,26800,27100,61510,-0.014545454545454528
2022-04-13,27100,27850,27100,27650,45219,0.02029520295202958
2022-04-14,27850,28000,27650,27950,37001,0.010849909584086825
2022-04-15,27750,27900,27250,27400,57390,-0.019677996422182487
2022-04-18,27150,27500,27050,27050,32366,-0.012773722627737238
2022-04-19,27050,27200,27000,27100,37183,0.001848428835489857
2022-04-20,27100,27600,27100,27200,30933,0.0036900369003689537
2022-04-21,27600,27600,27200,27350,23598,0.005514705882353033
2022-04-22,27450,27550,26800,26950,56982,-0.014625228519195566
2022-04-25,26750,26800,26050,26150,42234,-0.029684601113172504
2022-04-26,26350,26500,26100,26150,22951,0.0
2022-04-27,25300,26450,25300,25850,48487,-0.01147227533460804
2022-04-28,26100,26100,25850,25950,18884,0.003868471953578423
2022-04-29,26050,26350,26000,26100,12576,0.005780346820809301
2022-05-02,25900,26450,25850,26100,17467,0.0
2022-05-03,26000,26350,26000,26250,12794,0.005747126436781658
2022-05-04,26150,26300,26000,26200,20008,-0.0019047619047618536
2022-05-06,26300,27450,26050,26700,111412,0.01908396946564883
2022-05-09,26850,27250,26150,26350,50098,-0.01310861423220977
2022-05-10,25850,26050,25250,25900,32680,-0.017077798861480087
2022-05-11,25600,26250,25600,25850,22872,-0.0019305019305019266
2022-05-12,25300,25650,24750,24850,40317,-0.03868471953578334
2022-05-13,25000,25550,24950,25250,22974,0.016096579476861272
2022-05-16,25300,25900,25100,25150,20659,-0.003960396039603964
2022-05-17,25100,25400,25100,25250,18229,0.003976143141153132
2022-05-18,25650,25650,25200,25350,13507,0.003960396039603964
2022-05-19,24650,24900,24650,24750,23869,-0.023668639053254448
2022-05-20,25100,25500,24800,25350,25824,0.024242424242424176
2022-05-23,25650,25650,25150,25400,18847,0.0019723865877712132
2022-05-24,25100,25600,25100,25300,17880,-0.003937007874015741
2022-05-25,25600,25600,25000,25100,20556,-0.007905138339920903
2022-05-26,25100,25450,24850,24850,21871,-0.009960159362549792
2022-05-27,24950,25300,24850,24900,17844,0.002012072434607548
2022-05-30,24950,25850,24900,25500,30877,0.024096385542168752
2022-05-31,25500,26450,25400,25650,141952,0.00588235294117645
2022-06-02,25600,25950,25450,25850,23127,0.007797270955165692
2022-06-03,25850,25950,25700,25800,16302,-0.0019342359767892114
2022-06-07,25600,25800,25050,25150,21697,-0.025193798449612448
2022-06-08,25050,25350,24700,24950,24297,-0.007952286282306154
2022-06-09,25050,25050,24350,24500,31624,-0.018036072144288595
2022-06-10,24500,24500,24050,24100,25944,-0.01632653061224487
2022-06-13,23600,23700,22150,22450,63067,-0.06846473029045641
2022-06-14,22000,22200,21200,21700,53377,-0.03340757238307346
2022-06-15,21250,21750,20250,20500,48832,-0.055299539170506895
2022-06-16,20650,22000,20650,21000,42533,0.024390243902439046
2022-06-17,20100,20700,19900,20650,25385,-0.01666666666666672
2022-06-20,20650,20850,19400,19400,52822,-0.060532687651331685
2022-06-21,19450,20100,19100,19950,35838,0.028350515463917425
2022-06-22,19900,20300,19250,19800,32593,-0.007518796992481258
2022-06-23,19800,19850,18150,18200,78015,-0.08080808080808077
2022-06-24,18000,19200,18000,19000,52928,0.04395604395604402
2022-06-27,19050,19850,18900,19600,31740,0.03157894736842115
2022-06-28,19500,19950,19350,19800,18289,0.010204081632652962
2022-06-29,19400,20050,19350,19850,18716,0.002525252525252597
2022-06-30,19700,19850,19150,19350,32343,-0.02518891687657432
2022-07-01,19250,19550,18400,18500,37312,-0.043927648578811374
2022-07-04,18500,18600,17650,17850,53184,-0.03513513513513511
2022-07-05,17850,18600,17850,18500,33780,0.036414565826330625
2022-07-06,18500,19200,18250,18650,26159,0.008108108108108025
2022-07-07,18750,19150,18700,18850,17780,0.01072386058981234
2022-07-08,19000,19500,18950,19300,17224,0.023872679045092937
2022-07-11,19400,19400,18800,19000,18611,-0.015544041450777257
2022-07-12,18600,18850,17850,18150,58343,-0.044736842105263186
2022-07-13,18100,18450,17800,18400,23798,0.01377410468319562
2022-07-14,18400,18850,18250,18650,19333,0.013586956521739024
2022-07-15,18600,18750,18200,18650,17481,0.0
2022-07-18,18900,19200,18800,19150,18642,0.02680965147453085
2022-07-19,18900,19750,18900,19650,23718,0.02610966057441244
2022-07-20,20050,20250,19750,19900,29494,0.012722646310432628
2022-07-21,20100,20150,19500,20000,20877,0.005025125628140614
2022-07-22,19850,20450,19750,20300,28109,0.014999999999999902
2022-07-25,20200,20550,20100,20300,19805,0.0
2022-07-26,20050,20450,20050,20300,13951,0.0
2022-07-27,20350,20700,20200,20400,23703,0.0049261083743843415
2022-07-28,20750,21200,20500,21200,34713,0.03921568627450989
2022-07-29,21500,22100,21350,22050,72494,0.04009433962264142
2022-08-01,22050,22600,21900,22200,34980,0.006802721088435382
2022-08-02,22450,22450,21500,21600,36983,-0.027027027027026973
2022-08-03,21650,21950,21500,21700,18508,0.004629629629629539
2022-08-04,21750,21950,21600,21700,23267,0.0
2022-08-05,21800,21850,21550,21850,10188,0.00691244239631339
2022-08-08,21750,22200,21400,22200,25186,0.016018306636155666
2022-08-09,22250,22300,21800,22150,18923,-0.0022522522522522292
2022-08-10,22300,22300,21750,21750,22368,-0.018058690744920947
2022-08-11,21950,23350,21950,22550,77807,0.0367816091954023
2022-08-12,22750,22750,22350,22550,21171,0.0
2022-08-16,23300,23300,22700,22700,30603,0.006651884700665134
2022-08-17,22500,22750,21950,21950,36171,-0.033039647577092546
2022-08-18,21950,22300,21500,22250,20580,0.013667425968109326
2022-08-19,22250,22250,21850,22250,22270,0.0
2022-08-22,21700,21850,21250,21400,28896,-0.038202247191011285
2022-08-23,21000,21200,20700,20850,46678,-0.025700934579439227
2022-08-24,20950,21900,20850,21900,25324,0.050359712230215736
2022-08-25,22000,23550,21950,22650,111282,0.03424657534246567
2022-08-26,23250,23250,22500,22500,35600,-0.0066225165562914245
2022-08-29,21650,22150,21500,21800,41886,-0.03111111111111109
2022-08-30,21750,22400,21750,22250,31251,0.020642201834862428
2022-08-31,22200,22450,21850,22300,18643,0.0022471910112360494
2022-09-01,22400,22850,21650,21650,31212,-0.029147982062780242
2022-09-02,21700,21850,21400,21450,18832,-0.009237875288683584
2022-09-05,21400,21450,21100,21150,17035,-0.013986013986013957
2022-09-06,21000,21800,21000,21200,11512,0.0023640661938533203
2022-09-07,21000,21150,20500,20750,20395,-0.021226415094339646
2022-09-08,20900,22950,20700,21400,61108,0.031325301204819356
2022-09-13,21700,21800,21400,21600,27763,0.009345794392523255
2022-09-14,20550,21400,20550,21300,13685,-0.01388888888888884
2022-09-15,21550,21550,21000,21200,18535,-0.0046948356807511304
2022-09-16,20850,21200,20500,20750,14192,-0.021226415094339646
2022-09-19,20450,20650,19650,19800,34446,-0.04578313253012045
2022-09-20,19850,20050,19650,19850,8781,0.002525252525252597
2022-09-21,19700,19900,19350,19650,19081,-0.010075566750629705
2022-09-22,19150,19350,18900,19050,28288,-0.03053435114503822
2022-09-23,19000,19050,18500,18800,21887,-0.013123359580052507
2022-09-26,18550,18550,17250,17550,52255,-0.06648936170212771
2022-09-27,16650,17500,16650,17200,54946,-0.019943019943019946
2022-09-28,17450,17800,16300,16350,48846,-0.04941860465116277
2022-09-29,16450,16850,15900,15900,38206,-0.02752293577981646
2022-09-30,15750,16050,15450,15700,24879,-0.012578616352201255
2022-10-04,15900,16550,15900,16500,18869,0.05095541401273884
2022-10-05,16750,17150,15800,15900,25494,-0.036363636363636376
2022-10-06,16150,16500,15950,16350,19153,0.028301886792452935
2022-10-07,16300,16550,16100,16300,10740,-0.003058103975535187
2022-10-11,16050,16050,15300,15400,28517,-0.05521472392638038
2022-10-12,15250,15300,14850,15200,24609,-0.012987012987012991
2022-10-13,15050,15150,14000,14250,43993,-0.0625
2022-10-14,14400,14950,14350,14850,44668,0.042105263157894646
2022-10-17,14450,15150,14350,14850,20696,0.0
2022-10-18,15150,15700,15100,15700,20551,0.05723905723905731
2022-10-19,15700,15850,15350,15450,13484,-0.015923566878980888
2022-10-20,15400,15500,14900,15300,13001,-0.009708737864077666
2022-10-21,15050,15350,14900,15000,10456,-0.019607843137254943
2022-10-24,15300,15400,15000,15300,13401,0.020000000000000018
2022-10-25,15400,15400,15050,15200,11961,-0.006535947712418277
2022-10-26,15250,15300,14900,15100,10861,-0.006578947368421018
2022-10-27,15300,15450,14950,15450,13712,0.023178807947019875
2022-10-28,15400,15850,15200,15650,13815,0.012944983818770295
2022-10-31,15900,15900,15400,15750,15455,0.006389776357827559
2022-11-01,15750,16300,15550,16200,27096,0.02857142857142847
2022-11-02,16200,16300,15850,15950,12735,-0.015432098765432056
2022-11-03,15500,16250,15500,15950,21774,0.0
2022-11-04,15950,16300,15750,15900,16682,-0.0031347962382445305
2022-11-07,16000,16100,15750,15950,18026,0.003144654088050425
2022-11-08,16000,16350,15950,16300,21424,0.021943573667711602
2022-11-09,16400,17500,16200,17050,82724,0.04601226993865026
2022-11-10,17150,17650,16800,17050,70125,0.0
2022-11-11,17600,17600,17100,17300,32027,0.014662756598240456
2022-11-14,17450,17650,17150,17350,30567,0.0028901734104045396
2022-11-15,17200,17700,17200,17550,21270,0.011527377521613813
2022-11-16,17600,17950,17400,17850,20265,0.017094017094017033
2022-11-17,17950,17950,17100,17700,29522,-0.008403361344537785
2022-11-18,17600,18000,17500,17600,16682,-0.005649717514124242
2022-11-21,17450,17700,16900,16900,21662,-0.03977272727272729
2022-11-22,16750,16950,16550,16600,10791,-0.017751479289940808
2022-11-23,16700,17150,16600,17050,12533,0.027108433734939652
2022-11-24,17350,17400,17050,17350,14781,0.017595307917888547
2022-11-25,17200,17450,16850,17000,32118,-0.02017291066282423
2022-11-28,16800,16950,16500,16500,22736,-0.02941176470588236
2022-11-29,16200,16950,16200,16950,13566,0.027272727272727337
2022-11-30,17250,17350,16950,17200,12389,0.014749262536873253
2022-12-01,17600,17750,17350,17550,30011,0.02034883720930236
2022-12-02,17400,18150,17400,17800,35318,0.014245014245014342
2022-12-05,17900,18300,17600,18050,22278,0.014044943820224809
2022-12-06,17900,17950,17400,17400,14787,-0.03601108033240996
2022-12-07,17400,17650,17150,17300,13757,-0.005747126436781658
2022-12-08,17000,17350,16900,17000,17095,-0.017341040462427793
2022-12-09,17000,17250,16750,16750,28376,-0.014705882352941124
2022-12-12,16600,17500,16500,17500,22285,0.04477611940298498
2022-12-13,17400,17650,16900,16950,15579,-0.03142857142857147
2022-12-14,16950,17950,16900,17900,34588,0.05604719764011801
2022-12-15,17750,18250,17700,17850,27647,-0.0027932960893854997
2022-12-16,17350,18600,17300,18200,44933,0.019607843137254832
2022-12-19,18050,18050,17550,17600,21367,-0.03296703296703296
2022-12-20,17450,17550,16850,16950,22943,-0.03693181818181823
2022-12-21,16950,17200,16300,16900,18380,-0.002949852507374673
2022-12-22,16800,17050,16800,16800,13677,-0.00591715976331364
2022-12-23,16700,16850,16300,16500,16159,-0.017857142857142905
2022-12-26,16500,16600,16100,16200,18180,-0.018181818181818188
2022-12-27,16200,16500,16200,16300,11968,0.006172839506172867
2022-12-28,16300,17300,16100,17000,42174,0.042944785276073594
2022-12-29,16750,17150,16600,16600,13560,-0.02352941176470591
2023-01-02,16500,16850,16000,16200,18508,-0.02409638554216864
2023-01-03,16000,16250,15600,16000,17833,-0.012345679012345734
2023-01-04,15700,16650,15700,16300,14373,0.018750000000000044
2023-01-05,16550,16800,16200,16200,16047,-0.006134969325153339
2023-01-06,15950,16700,15950,16350,10333,0.0092592592592593
2023-01-09,16500,17150,16500,17000,22189,0.039755351681957096
2023-01-10,17000,17200,16900,16950,12562,-0.002941176470588225
2023-01-11,17000,17450,17000,17400,16890,0.026548672566371723
2023-01-12,17450,17700,17250,17450,14041,0.002873563218390718
2023-01-13,17500,17650,17400,17500,13373,0.002865329512893977
2023-01-16,17650,18450,17600,17750,47509,0.014285714285714235
2023-01-17,17750,18000,17450,17500,19756,-0.014084507042253502
2023-01-18,17500,17550,17300,17450,11590,-0.0028571428571428914
2023-01-19,17300,18000,17300,17950,25137,0.02865329512893977
2023-01-20,17800,18000,17750,17900,13758,-0.0027855153203342198
2023-01-25,18030,18050,17850,17920,15264,0.0011173184357542443
2023-01-26,17920,18100,17840,18080,20450,0.008928571428571397
2023-01-27,18080,18200,17960,18060,16433,-0.0011061946902655162
2023-01-30,18060,18510,18060,18250,41270,0.010520487264673362
2023-01-31,18070,18450,17850,18390,31744,0.007671232876712342
2023-02-01,18300,18970,18290,18950,41029,0.030451332245785778
2023-02-02,18950,19500,18950,19450,45791,0.02638522427440626
2023-02-03,19500,20500,19500,19990,119848,0.027763496143958788
2023-02-06,19750,20200,19500,20000,48779,0.0005002501250626068
2023-02-07,20000,20000,19740,19750,29753,-0.012499999999999956
2023-02-08,19800,19870,19540,19660,33840,-0.004556962025316413
2023-02-09,19660,19950,19570,19780,29338,0.006103763987792554
2023-02-10,19850,19850,19450,19480,31680,-0.015166835187057637
2023-02-13,19300,19480,19030,19220,31424,-0.013347022587268942
2023-02-14,19250,19410,19100,19100,18853,-0.00624349635796051
2023-02-15,18910,19240,18620,18700,32879,-0.020942408376963373
2023-02-16,18950,19220,18900,19060,22110,0.019251336898395754
2023-02-17,18950,19280,18940,19090,20748,0.0015739769150051597
2023-02-20,19050,19210,18900,19150,16949,0.0031430068098481367
2023-02-21,19010,19410,19010,19310,17288,0.008355091383811963
2023-02-22,19080,19240,18800,18810,29345,-0.025893319523562885
2023-02-23,18810,18970,18610,18800,14622,-0.0005316321105794941
2023-02-24,19070,19070,18520,18530,15393,-0.014361702127659526
2023-02-27,18350,18500,18100,18250,19755,-0.015110631408526753
2023-02-28,18250,18400,18170,18330,16217,0.004383561643835687
2023-03-02,18240,18890,18240,18470,21365,0.007637752318603308
2023-03-03,18600,18720,18470,18660,13666,0.010286951813752054
2023-03-06,18510,18900,18300,18830,22983,0.009110396570203738
2023-03-07,18670,19620,18650,19620,54463,0.04195432819968126
2023-03-08,19370,19620,19200,19230,35593,-0.019877675840978548
2023-03-09,19150,19950,19150,19580,44889,0.018200728029121205
2023-03-10,19060,19400,18980,19200,32337,-0.019407558733401387
2023-03-13,18980,19120,18620,18800,25371,-0.02083333333333337
2023-03-14,18600,22300,18110,18160,1023470,-0.03404255319148941
2023-03-15,18430,18900,18020,18150,171708,-0.0005506607929515184
2023-03-16,18000,18140,17400,17550,76481,-0.03305785123966942
2023-03-17,17630,18080,17600,17880,31102,0.018803418803418737
2023-03-20,17880,18370,17880,18000,23741,0.006711409395973256
2023-03-21,18030,18260,17890,18000,19659,0.0
2023-03-22,18010,18110,17750,17820,29322,-0.010000000000000009
2023-03-23,17820,17820,17460,17580,39699,-0.013468013468013518
2023-03-24,17730,17790,17340,17710,29828,0.0073947667804323824
2023-03-27,17710,17880,17260,17510,41068,-0.011293054771315592
2023-03-28,17400,17970,17400,17940,33521,0.024557395773843416
2023-03-29,17950,18830,17850,18600,59911,0.03678929765886285
2023-03-30,18950,19300,18640,18820,61997,0.011827956989247213
2023-03-31,18820,19250,18800,19190,36419,0.01965993623804474
2023-04-03,19350,19850,19330,19680,69256,0.025534132360604422
2023-04-04,20000,21250,19820,20700,211328,0.05182926829268286
2023-04-05,21500,21650,20550,20750,135045,0.0024154589371980784
2023-04-06,20500,20700,20000,20100,79719,-0.031325301204819245
2023-04-07,20000,20500,20000,20150,43731,0.0024875621890547706
2023-04-10,20000,20150,19520,19700,48904,-0.022332506203473934
2023-04-11,19620,20100,19400,20100,50099,0.020304568527918843
2023-04-12,20150,20500,20000,20200,43091,0.004975124378109541
2023-04-13,20500,20500,19750,19800,39147,-0.01980198019801982
2023-04-14,20000,20500,19910,20350,41405,0.02777777777777768
2023-04-17,20200,20950,19990,20950,48951,0.029484029484029506
2023-04-18,21000,22000,20550,21250,147340,0.014319809069212486
2023-04-19,21250,21550,20850,21300,55473,0.0023529411764706687
2023-04-20,21000,21250,20200,20400,47742,-0.04225352112676062
2023-04-21,20300,20450,19860,20100,23880,-0.014705882352941124
2023-04-24,20050,20950,20000,20500,50738,0.01990049751243772
2023-04-25,20500,20550,19560,19640,57034,-0.04195121951219516
2023-04-26,19640,20050,19350,19640,28720,0.0
2023-04-27,19640,20350,19300,20300,30107,0.033604887983706755
2023-04-28,20300,20300,19700,19740,35096,-0.02758620689655178
2023-05-02,19600,20350,19600,20100,36875,0.01823708206686936
2023-05-03,20100,20350,19880,19980,18447,-0.005970149253731294
2023-05-04,19980,19980,19710,19800,17147,-0.009009009009009028
2023-05-08,19920,20100,19800,19870,10642,0.0035353535353535026
2023-05-09,19870,19980,19430,19520,24884,-0.017614494212380483
2023-05-10,19540,19770,19500,19560,12744,0.002049180327868827
2023-05-11,19570,20100,19570,19700,13397,0.007157464212679043
2023-05-12,19700,20500,19580,19980,32284,0.014213197969543234
2023-05-15,19730,20800,19730,20650,80700,0.03353353353353361
2023-05-16,20650,20700,20150,20500,32338,-0.007263922518159771
2023-05-17,20400,20700,20200,20500,20463,0.0
2023-05-18,20500,20850,20250,20550,27351,0.0024390243902439046
2023-05-19,20750,22250,20150,20650,201741,0.0048661800486617945
2023-05-22,20200,20800,20150,20500,29809,-0.007263922518159771
2023-05-23,20400,20800,20350,20450,33450,-0.0024390243902439046
2023-05-24,20350,20650,20300,20300,21334,-0.007334963325183352
2023-05-25,20500,20500,20050,20050,18661,-0.012315270935960632
2023-05-26,20050,20150,19830,19840,27975,-0.010473815461346625
2023-05-30,19840,19950,19700,19810,21993,-0.0015120967741935054
2023-05-31,19620,20700,19620,19820,58661,0.0005047955577990315
2023-06-01,19800,20000,19730,19870,18172,0.0025227043390514403
2023-06-02,19980,20100,19870,19870,13740,0.0
2023-06-05,19910,20200,19900,20000,19137,0.006542526421741357
2023-06-07,20000,20250,20000,20100,13472,0.004999999999999893
2023-06-08,20250,20800,20200,20300,47699,0.00995024875621886
2023-06-09,20450,20550,19940,20000,46536,-0.014778325123152691
2023-06-12,20000,20100,19870,20100,24115,0.004999999999999893
2023-06-13,20150,20600,20150,20450,35255,0.017412935323383172
2023-06-14,20450,20450,19990,20100,31601,-0.017114914425427896
2023-06-15,20300,20450,20000,20250,20457,0.00746268656716409
2023-06-16,20250,20750,20250,20750,47218,0.024691358024691468
2023-06-19,20900,21250,20750,20900,43962,0.0072289156626506035
2023-06-20,20950,21400,20850,21250,44151,0.01674641148325362
2023-06-21,21300,21850,21200,21850,85121,0.028235294117647136
2023-06-22,21750,22300,21250,21800,72911,-0.0022883295194507935
2023-06-23,21800,21900,21000,21100,52986,-0.032110091743119296
2023-06-26,21250,21800,21100,21650,35125,0.026066350710900466
2023-06-27,21600,21650,20950,21050,31538,-0.02771362586605086
2023-06-28,21050,21250,20750,20900,24715,-0.0071258907363420665
2023-06-29,21000,21100,20550,20550,21164,-0.01674641148325362
2023-06-30,20500,21300,20400,21050,412304,0.024330900243308973
2023-07-03,21250,21600,19780,19940,174777,-0.05273159144893114
2023-07-04,19940,19940,19460,19500,98622,-0.0220661985957874
2023-07-05,19500,19730,19500,19570,34666,0.0035897435897436214
2023-07-06,19820,19820,19300,19330,51081,-0.012263668880940215
2023-07-07,19330,19420,18860,18950,46537,-0.019658561821003673
2023-07-10,18760,19020,18530,18750,35819,-0.01055408970976257
2023-07-11,18750,19000,18750,18940,18821,0.010133333333333328
2023-07-12,18980,18990,18800,18920,13630,-0.001055966209081327
2023-07-13,19150,19320,19100,19250,26502,0.01744186046511631
2023-07-14,19480,19500,19210,19380,35878,0.006753246753246733
2023-07-17,19390,19390,19210,19240,25754,-0.007223942208462342
2023-07-18,19240,19370,18870,18950,27602,-0.015072765072765115
2023-07-19,18900,18950,18600,18600,34389,-0.01846965699208447
2023-07-20,18600,18620,18270,18290,39305,-0.01666666666666672
2023-07-21,18200,18290,18030,18050,27605,-0.013121924548933794
2023-07-24,18050,18050,17360,17500,49981,-0.030470914127423865
2023-07-25,17360,17970,17160,17220,54714,-0.016000000000000014
2023-07-26,17560,17640,16170,16370,86318,-0.0493612078977933
2023-07-27,16650,17000,16500,16600,32734,0.014050091631032435
2023-07-28,16610,17500,16530,16800,34852,0.012048192771084265
2023-07-31,16900,17400,16900,17030,34001,0.013690476190476142
2023-08-01,16940,17350,16940,17240,26884,0.012331180270111597
2023-08-02,17240,17630,17040,17310,26355,0.004060324825986061
2023-08-03,17100,17230,16630,16890,38023,-0.024263431542461023
2023-08-04,16880,17000,16730,16860,15867,-0.001776198934280604
2023-08-07,16850,16850,16620,16740,24886,-0.007117437722419906
2023-08-08,16720,16820,16530,16530,26423,-0.012544802867383464
2023-08-09,16410,17000,16410,16700,17104,0.010284331518451317
2023-08-10,16840,16980,16000,16840,30820,0.008383233532934131
2023-08-11,16890,17270,16850,16950,34683,0.0065320665083135054
2023-08-14,17000,17000,16400,16410,36916,-0.031858407079646045
2023-08-16,16400,16400,15890,15910,38156,-0.030469226081657474
2023-08-17,15910,15910,15200,15530,34184,-0.023884349465744803
2023-08-18,15450,15450,15120,15170,41514,-0.023180940115904658
2023-08-21,15200,15500,15160,15160,25101,-0.0006591957811470373
2023-08-22,15870,15900,15150,15200,19376,0.0026385224274405594
2023-08-23,15200,15790,15020,15040,26588,-0.010526315789473717
2023-08-24,15000,15240,15000,15170,23111,0.008643617021276695
2023-08-25,15030,15220,14930,15010,31270,-0.010547132498352041
2023-08-28,15200,15520,15060,15450,25314,0.02931379080612917
2023-08-29,15420,16180,15410,15620,64362,0.011003236245954673
2023-08-30,15670,15890,15550,15600,24746,-0.001280409731113985
2023-08-31,15600,15770,15530,15590,17777,-0.0006410256410256387
2023-09-01,15650,16020,15600,15650,33048,0.0038486209108403724
2023-09-04,15600,15700,15390,15440,22940,-0.013418530351437696
2023-09-05,15550,15550,15150,15200,23738,-0.015544041450777257
2023-09-06,15280,15280,14990,14990,54224,-0.013815789473684226
2023-09-07,14970,15050,14790,14790,35412,-0.013342228152101399
2023-09-08,14800,14990,14740,14820,23315,0.0020283975659229903
2023-09-11,15100,15330,14870,15190,55963,0.02496626180836703
2023-09-12,15190,15470,15000,15200,44457,0.0006583278472680476
2023-09-13,15200,15220,14850,14950,30806,-0.016447368421052655
2023-09-14,15140,15140,14860,15040,21120,0.006020066889632192
2023-09-15,14990,15710,14990,15550,76938,0.03390957446808507
2023-09-18,15540,15540,15230,15240,29036,-0.019935691318327953
2023-09-19,15180,15260,14910,14950,32461,-0.01902887139107612
2023-09-20,15010,15380,14820,14870,23907,-0.005351170568561825
2023-09-21,14860,14860,14510,14550,32924,-0.02151983860121054
2023-09-22,14250,14530,14210,14310,38701,-0.016494845360824795
2023-09-25,14300,14350,14160,14170,12992,-0.009783368273934334
2023-09-26,14150,14340,14060,14100,11531,-0.004940014114325986
2023-09-27,13770,14100,13770,14020,30079,-0.005673758865248235
2023-10-04,13810,13950,13470,13480,28708,-0.03851640513552068
2023-10-05,13500,13650,13300,13300,22239,-0.013353115727002929
2023-10-06,13030,13680,13030,13320,19144,0.0015037593984963404
2023-10-10,13350,14100,13000,13030,101929,-0.02177177177177181
2023-10-11,13120,13570,13120,13480,28904,0.03453568687643904
2023-10-12,13510,13840,13510,13600,30533,0.008902077151335286
2023-10-13,13700,13700,13170,13300,25530,-0.022058823529411797
2023-10-16,13130,15880,13000,13700,531969,0.03007518796992481
2023-10-17,13950,14290,13700,13760,96901,0.004379562043795637
2023-10-18,13700,13970,13500,13510,34340,-0.018168604651162767
2023-10-19,13250,13290,12820,12880,49709,-0.04663212435233166
2023-10-20,12660,12830,12510,12520,46523,-0.02795031055900621
2023-10-23,12500,12880,12500,12550,30192,0.0023961661341853624
2023-10-24,12530,12780,12200,12700,26131,0.01195219123505975
2023-10-25,12700,12890,12700,12770,13261,0.005511811023622082
2023-10-26,12400,12400,12090,12130,33977,-0.050117462803445534
2023-10-27,12130,12490,11910,12100,40008,-0.002473206924979432
2023-10-30,12090,12400,12000,12310,18183,0.017355371900826366
2023-10-31,12480,12480,11920,11940,21880,-0.03005686433793664
2023-11-01,11950,12150,11920,12010,21789,0.005862646566164198
2023-11-02,12300,12420,12180,12400,18820,0.032472939217318864
2023-11-03,12350,12760,12350,12690,18241,0.023387096774193594
2023-11-06,12790,13200,12690,13100,23940,0.03230890464933012
2023-11-07,13100,13280,12920,13140,20370,0.003053435114503733
2023-11-08,13160,13300,13040,13060,15524,-0.0060882800608828
2023-11-09,13010,13750,13010,13170,33815,0.008422664624808673
2023-11-10,13150,13150,12950,12950,13433,-0.016704631738800324
2023-11-13,13000,13240,12840,12860,13612,-0.006949806949806958
2023-11-14,12860,13650,12860,13150,36072,0.02255054432348369
2023-11-15,13280,13560,13150,13350,23884,0.015209125475285079
2023-11-16,13350,13850,13260,13570,14945,0.016479400749063622
2023-11-17,13570,13640,13100,13360,16225,-0.01547531319086215
2023-11-20,13550,13680,13420,13680,18589,0.0239520958083832
2023-11-21,13700,13900,13620,13770,13749,0.006578947368421018
2023-11-22,13770,13770,13560,13680,11069,-0.006535947712418277
2023-11-23,13740,13840,13650,13710,11364,0.002192982456140413
2023-11-24,13560,13820,13560,13720,6743,0.0007293946024800047
2023-11-27,13700,13930,13600,13600,19594,-0.008746355685131157
2023-11-28,13590,13700,13430,13460,11591,-0.010294117647058787
2023-11-29,13500,13500,13250,13390,18214,-0.005200594353640398
2023-11-30,13390,13570,13370,13490,9599,0.007468259895444307
2023-12-01,13490,13880,13380,13430,6924,-0.004447739065974843
2023-12-04,13430,13590,13250,13440,10113,0.0007446016381236209
2023-12-05,13300,13680,13300,13440,12319,0.0
2023-12-06,13450,13620,13390,13580,6776,0.01041666666666674
2023-12-07,13860,14500,13510,13690,45749,0.008100147275404979
2023-12-08,13700,13930,13650,13650,16497,-0.0029218407596786067
2023-12-11,13830,13830,13650,13690,11239,0.00293040293040292
2023-12-12,13590,14070,13560,14040,27934,0.025566106647187725
2023-12-13,14100,14100,13920,13930,17366,-0.007834757834757844
2023-12-14,14100,14110,13900,13910,20927,-0.001435750179468731
2023-12-15,13960,14250,13750,13790,34213,-0.008626887131560013
2023-12-18,13810,14100,13810,13990,16843,0.014503263234227681
2023-12-19,14140,14280,13980,14260,23549,0.019299499642601914
2023-12-20,14390,14390,14230,14330,15779,0.004908835904628317
2023-12-21,14300,14400,14110,14320,13907,-0.0006978367062107083
2023-12-22,14460,14460,14240,14240,15641,-0.005586592178770999
2023-12-26,14260,14500,14190,14330,22838,0.006320224719101208
2023-12-27,14530,14610,14310,14560,29793,0.016050244242847178
2023-12-28,14700,14770,14550,14630,30540,0.004807692307692291
2024-01-02,14610,14760,14420,14760,15318,0.008885850991114053
2024-01-03,14770,14890,14630,14870,24399,0.007452574525745215
2024-01-04,14890,15020,14580,14580,34274,-0.01950235373234699
2024-01-05,14580,14770,14380,14450,19033,-0.008916323731138598
2024-01-08,14450,14690,14300,14300,14903,-0.01038062283737029
2024-01-09,14220,14450,14220,14440,16200,0.009790209790209836
2024-01-10,14650,15660,14630,15120,142385,0.047091412742382266
2024-01-11,15500,15500,15110,15200,46691,0.005291005291005346
2024-01-12,15250,15250,14760,14950,29113,-0.016447368421052655
2024-01-15,15200,15610,15040,15460,60883,0.03411371237458205
2024-01-16,15460,15460,15070,15430,31724,-0.0019404915912031306
2024-01-17,15430,15500,15020,15030,44722,-0.025923525599481523
2024-01-18,15030,15240,14950,15080,24761,0.003326679973386648
2024-01-19,15100,15300,14990,15080,17387,0.0
2024-01-22,15150,15150,14860,14930,15487,-0.009946949602122057
2024-01-23,14910,15060,14840,14890,16003,-0.0026791694574681557
2024-01-24,14890,15030,14620,14620,19220,-0.01813297515110812
2024-01-25,14620,14700,14400,14500,16518,-0.008207934336525335
2024-01-26,14580,14760,14400,14530,9098,0.00206896551724145
2024-01-29,14850,14850,14430,14440,12825,-0.00619408121128695
2024-01-30,14440,14610,14200,14300,16140,-0.00969529085872578
2024-01-31,14230,14470,14100,14140,23066,-0.01118881118881121
2024-02-01,14060,14430,14030,14370,17392,0.016265912305516217
2024-02-02,14370,14700,14360,14680,17202,0.021572720946416046
2024-02-05,14860,14860,14400,14690,12695,0.0006811989100816707
2024-02-06,14720,14720,14450,14510,8155,-0.012253233492171556
2024-02-07,14600,14720,14450,14520,8764,0.000689179875947632
2024-02-08,14520,14570,14450,14470,9409,-0.003443526170798905
2024-02-13,14350,14730,14350,14620,7632,0.010366275051831408
2024-02-14,14570,14620,14530,14570,7112,-0.0034199726402188713
2024-02-15,14570,14790,14500,14500,6305,-0.0048043925875085325
2024-02-16,14500,14770,14490,14510,9671,0.0006896551724138167
2024-02-19,14510,14780,14300,14700,11516,0.013094417643004785
2024-02-20,14730,14790,14620,14710,12386,0.0006802721088434716
2024-02-21,14710,14810,14560,14720,14857,0.0006798096532971698
2024-02-22,14800,14880,14660,14860,15379,0.009510869565217295
2024-02-23,14860,14890,14320,14610,19614,-0.01682368775235532
2024-02-26,14570,14610,14360,14380,13641,-0.015742642026009612
2024-02-27,14350,14380,14140,14140,15843,-0.016689847009735748
2024-02-28,14030,14360,14030,14060,9245,-0.005657708628005631
2024-02-29,14080,14080,13850,13870,16687,-0.013513513513513487
2024-03-04,13880,14080,13880,13910,17256,0.002883922134102379
2024-03-05,13810,14000,13790,13800,13650,-0.00790797987059666
2024-03-06,13800,13970,13750,13750,9906,-0.0036231884057971175
2024-03-07,13970,13970,13610,13750,10005,0.0
2024-03-08,13750,13990,13690,13700,9191,-0.0036363636363636598
2024-03-11,13700,13700,13530,13540,16735,-0.011678832116788329
2024-03-12,13710,13710,13480,13520,13379,-0.001477104874446078
2024-03-13,13530,13880,13520,13550,11192,0.002218934911242698
2024-03-14,13530,13720,13480,13650,12534,0.007380073800737907
2024-03-15,13650,13880,13530,13680,16221,0.00219780219780219
2024-03-18,13640,13950,13640,13930,11319,0.018274853801169666
2024-03-19,14070,14080,13200,13790,10080,-0.01005025125628145
2024-03-20,13760,14190,13740,13970,17745,0.013052936910805002
2024-03-21,13940,14100,13890,14000,23544,0.0021474588403722628
2024-03-22,13940,14240,13910,14190,18677,0.013571428571428568
2024-03-25,14270,14280,13930,14000,14584,-0.013389711064129672
2024-03-26,14000,14140,13910,13940,15175,-0.004285714285714337
2024-03-27,14000,14000,13820,13880,11976,-0.004304160688665681
2024-03-28,13880,13970,13800,13840,11329,-0.0028818443804035088
2024-03-29,13840,13870,13710,13750,10955,-0.006502890173410436
2024-04-01,13700,14090,13100,14040,24974,0.02109090909090905
2024-04-02,13950,14050,13760,13810,15524,-0.01638176638176636
2024-04-03,13750,13750,13480,13600,16648,-0.01520637219406229
2024-04-04,13550,13580,13250,13470,26952,-0.00955882352941173
2024-04-05,13450,13450,13280,13290,13986,-0.013363028953229383
2024-04-08,13290,13480,13090,13130,14124,-0.012039127163280705
2024-04-09,13130,13200,12910,12940,21695,-0.0144706778370145
2024-04-11,12940,13000,12800,12940,13724,0.0
2024-04-12,12850,13080,12850,12960,7113,0.0015455950540959051
2024-04-15,12810,12840,12620,12710,13694,-0.019290123456790154
2024-04-16,12600,12690,12470,12540,12324,-0.013375295043273061
2024-04-17,12670,12670,12520,12560,7856,0.0015948963317384823
2024-04-18,12500,12850,12500,12770,15081,0.01671974522292996
2024-04-19,12850,12850,12400,12540,14738,-0.018010963194988294
2024-04-22,12590,12850,12510,12790,5536,0.019936204146730363
2024-04-23,12920,12920,12720,12840,11014,0.00390930414386248
2024-04-24,13010,13010,12850,12950,11929,0.008566978193146335
2024-04-25,12960,13150,12810,12890,12076,-0.004633204633204602
2024-04-26,13000,16680,13000,16150,2723106,0.25290923196276194
2024-04-29,16190,16470,15560,16290,621231,0.008668730650154721
2024-04-30,16090,16200,15700,15700,226310,-0.03621853898096994
2024-05-02,15610,20200,15400,18020,3097161,0.14777070063694264
2024-05-03,17890,20750,17750,18910,3828240,0.04938956714761367
2024-05-07,19010,19760,18500,18920,989249,0.0005288207297726721
2024-05-08,18520,18890,18430,18550,181376,-0.019556025369978913
2024-05-09,18920,19280,18920,19170,167793,0.033423180592991875
2024-05-10,19090,19280,18850,18860,159675,-0.01617110067814298
2024-05-13,18800,19760,18060,18060,559931,-0.042417815482502674
2024-05-14,18060,18350,17480,17900,238449,-0.008859357696566983
2024-05-16,17810,18290,17560,17890,129976,-0.0005586592178771221
2024-05-17,17460,17750,17190,17190,137175,-0.03912800447177189
2024-05-20,17180,18070,17150,17420,139670,0.013379872018615568
2024-05-21,17400,17970,17210,17500,89229,0.004592422502870175
2024-05-22,17520,18480,17520,17800,260953,0.017142857142857126
2024-05-23,17940,18800,17370,18260,213065,0.02584269662921357
2024-05-24,18240,18240,17620,17630,94853,-0.03450164293537783
2024-05-27,17790,18680,17650,18120,152663,0.027793533749290944
2024-05-28,18060,18460,17820,18030,66726,-0.004966887417218513
2024-05-29,18320,18900,17400,17490,141345,-0.029950083194675514
2024-05-30,17490,17690,16610,16770,109465,-0.04116638078902235
2024-05-31,16770,17290,16650,17000,37838,0.013714967203339201
2024-06-03,17220,18140,17040,17600,118549,0.03529411764705892
2024-06-04,17800,21000,17250,18600,3508612,0.05681818181818188
2024-06-05,18260,19150,18060,18580,402306,-0.0010752688172043223
2024-06-07,18580,20050,18010,18010,962606,-0.03067814854682449
2024-06-10,17940,19720,17530,18390,450163,0.021099389228206533
2024-06-11,18310,18620,17950,18030,126337,-0.019575856443719397
2024-06-12,17900,18250,17590,17600,95695,-0.023849140321686058
2024-06-13,17530,17840,17500,17540,66553,-0.003409090909090917
2024-06-14,17460,17480,17000,17020,95477,-0.029646522234891726
2024-06-17,17000,17260,16900,16950,47862,-0.004112808460634554
2024-06-18,17010,17410,16940,17000,61643,0.002949852507374562
2024-06-19,16870,17170,16750,17050,56443,0.002941176470588225
2024-06-20,17180,17200,16870,16910,45637,-0.008211143695014633
2024-06-21,16940,17410,16820,16850,52892,-0.003548196333530429
2024-06-24,16700,16840,16440,16470,50802,-0.022551928783382746
2024-06-25,16320,16580,16200,16250,36023,-0.013357619914996954
2024-06-26,16110,16300,16100,16200,22883,-0.003076923076923088
2024-06-27,16200,16370,15810,15810,33201,-0.024074074074074026
2024-06-28,15800,15980,15680,15810,33117,0.0
2024-07-01,15720,16020,15600,15760,34047,-0.003162555344718543
2024-07-02,15620,15990,15340,15400,39137,-0.022842639593908642
2024-07-03,16400,17230,15310,15390,75042,-0.0006493506493506773
2024-07-04,15260,15470,15260,15300,22795,-0.005847953216374324
2024-07-05,15230,15500,14990,15370,24179,0.004575163398692794
2024-07-08,15370,15800,15310,15750,23930,0.02472348731294738
2024-07-09,15610,16090,15610,15900,25835,0.00952380952380949
2024-07-10,15820,15930,15720,15910,18995,0.0006289308176101738
2024-07-11,15910,16020,15720,15760,14776,-0.009428032683846621
2024-07-12,15710,15910,15680,15690,13319,-0.004441624365482233
2024-07-15,15660,15660,15000,15290,58740,-0.02549394518801784
2024-07-16,15200,15390,15030,15050,24990,-0.015696533682145186
2024-07-17,15140,15180,14930,14930,29788,-0.007973421926910307
2024-07-18,14930,15020,14500,14550,33647,-0.0254521098459477
2024-07-19,14810,14890,14300,14570,22970,0.0013745704467353903
2024-07-22,14810,14810,13950,14220,31562,-0.024021962937542884
2024-07-23,14420,14420,14030,14170,13561,-0.0035161744022503827
2024-07-24,14360,14360,14040,14080,13613,-0.00635144671841914
2024-07-25,14000,14300,13660,13970,33392,-0.0078125
2024-07-26,13770,14140,13720,13960,10655,-0.0007158196134574579
2024-07-29,14130,14170,13930,14090,11775,0.009312320916905481
2024-07-30,14070,14080,13860,14030,8434,-0.004258339247693366
2024-07-31,14150,16240,14150,15030,358928,0.07127583749109045
2024-08-01,14850,15200,14850,14910,35707,-0.007984031936127733
2024-08-02,14600,14770,13800,14400,41111,-0.03420523138832998
2024-08-05,13970,14000,12000,12000,93251,-0.16666666666666663
2024-08-06,12000,13080,12000,12820,55703,0.06833333333333336
2024-08-07,12540,13140,12540,13040,31018,0.01716068642745716
2024-08-08,12730,13030,12510,12790,39761,-0.01917177914110424
2024-08-09,12810,13290,12810,13150,26839,0.028146989835809322
2024-08-12,13200,13500,13160,13310,21325,0.012167300380228063
2024-08-13,13170,13500,13010,13070,16546,-0.018031555221637907
2024-08-14,13190,13370,13160,13240,18080,0.013006885998469775
2024-08-16,13390,13490,13170,13320,16660,0.0060422960725075026
2024-08-19,13320,13440,13060,13100,18436,-0.016516516516516533
2024-08-20,13370,13600,13160,13350,10301,0.01908396946564883
2024-08-21,13380,13480,13230,13260,8638,-0.006741573033707815
2024-08-22,13470,13470,13140,13270,7898,0.0007541478129713397
2024-08-23,13160,13260,13030,13200,9887,-0.005275056518462717
2024-08-26,13400,13500,13140,13500,15189,0.022727272727272707
2024-08-27,13350,13500,13180,13500,12203,0.0
2024-08-28,13490,13620,13210,13240,11066,-0.01925925925925931
2024-08-29,13010,13380,13010,13300,12299,0.004531722054380571
2024-08-30,13300,13350,13140,13310,10901,0.0007518796992480592
2024-09-02,13420,13420,13190,13360,10358,0.0037565740045077956
2024-09-03,13360,13670,13360,13410,14706,0.0037425149700598404
2024-09-04,12780,13370,12780,12950,16579,-0.03430275913497394
2024-09-05,12950,13190,12800,12850,12167,-0.007722007722007707
2024-09-06,12740,13120,12450,12500,15047,-0.027237354085603127
2024-09-09,12400,12670,12250,12600,9710,0.008000000000000007
2024-09-10,12480,12730,12470,12470,8203,-0.01031746031746028
2024-09-11,12350,13350,12350,12430,20504,-0.003207698476343279
2024-09-12,12500,13020,12490,13020,11706,0.047465808527755504
2024-09-13,13020,13830,12890,13200,17276,0.01382488479262678
2024-09-19,13300,13300,12920,13220,10570,0.0015151515151514694
2024-09-20,13220,13400,13140,13150,13848,-0.005295007564296572
2024-09-23,13390,13390,13100,13180,9161,0.0022813688212928174
2024-09-24,13050,13310,13050,13230,7629,0.003793626707132125
2024-09-25,13250,13440,12820,13080,15099,-0.0113378684807256
2024-09-26,13000,13350,13000,13310,9735,0.01758409785932713
2024-09-27,13310,13430,13240,13310,6460,0.0
2024-09-30,13310,13440,13140,13210,10423,-0.007513148009015813
2024-10-02,12960,13210,12920,13100,9175,-0.00832702498107496
2024-10-04,13120,13210,12900,13010,9240,-0.006870229007633566
2024-10-07,13150,13170,13020,13060,7678,0.003843197540353671
2024-10-08,13000,13300,12960,13050,10795,-0.0007656967840734552
2024-10-10,12960,13230,12960,13230,13863,0.01379310344827589
2024-10-11,13100,13290,12910,12910,24618,-0.024187452758881345
2024-10-14,12900,13190,12810,12930,4695,0.0015491866769945517
2024-10-15,12950,13050,12780,12900,11877,-0.002320185614849146
2024-10-16,12840,13030,12840,12840,6854,-0.0046511627906976605
2024-10-17,12830,13180,12790,12810,9761,-0.002336448598130869
2024-10-18,12570,12860,12550,12600,11147,-0.016393442622950838
2024-10-21,12600,12780,12550,12630,9862,0.0023809523809523725
2024-10-22,12510,12690,12210,12320,22603,-0.02454473475851149
2024-10-23,12120,12340,12120,12250,17915,-0.005681818181818232
2024-10-24,12080,12250,12080,12200,15756,-0.004081632653061273
2024-10-25,12200,12310,11990,11990,20031,-0.01721311475409837
2024-10-28,11900,12260,11900,12190,13791,0.016680567139282676
2024-10-29,12190,13400,12050,12360,148242,0.013945857260049266
2024-10-30,12440,12440,12220,12230,16506,-0.010517799352750767
2024-10-31,12040,12330,12000,12210,19649,-0.0016353229762877675
2024-11-01,12300,13520,12290,12500,170469,0.02375102375102367
2024-11-04,12640,13100,12620,12970,30236,0.03760000000000008
2024-11-05,12850,13050,12690,12730,16741,-0.018504240555127227
2024-11-06,12750,12870,12100,12450,20154,-0.021995286724273422
2024-11-07,12330,12590,12290,12450,9225,0.0
2024-11-08,12460,12660,12440,12440,7759,-0.0008032128514056103
2024-11-11,12350,12470,12110,12270,21952,-0.013665594855305496
2024-11-12,12160,12300,12000,12300,33125,0.0024449877750611915
2024-11-13,11950,12280,11950,11960,23566,-0.027642276422764178
2024-11-14,11800,12090,11800,11950,36541,-0.0008361204013378476
2024-11-15,11850,11990,11570,11620,33106,-0.02761506276150627
2024-11-18,11640,11920,11550,11740,19275,0.010327022375215211
2024-11-19,11520,12140,11520,11680,15591,-0.005110732538330498
2024-11-20,12000,12000,11650,11680,12081,0.0
2024-11-21,11680,11910,11580,11770,14646,0.0077054794520547976
2024-11-22,11950,11950,11770,11890,10836,0.010195412064570863
2024-11-25,12100,12180,11600,11970,17158,0.006728343145500526
2024-11-26,11970,12150,11930,11970,10340,0.0
2024-11-27,12000,12300,11800,11810,18857,-0.013366750208855471
2024-11-28,11950,12060,11810,11810,20484,0.0
2024-11-29,11860,11960,11620,11700,24487,-0.009314140558848383
2024-12-02,11620,11830,11310,11320,24703,-0.032478632478632474
2024-12-03,11320,11670,11320,11500,10372,0.01590106007067127
2024-12-04,11100,11440,11020,11200,29716,-0.02608695652173909
2024-12-05,11200,11200,10750,10750,28691,-0.0401785714285714
2024-12-06,10620,10750,10200,10400,40231,-0.032558139534883734
2024-12-09,10200,10200,9700,9700,52553,-0.06730769230769229
2024-12-10,9700,10290,9700,10290,26597,0.06082474226804124
2024-12-11,10210,10780,10210,10700,18028,0.03984450923226435
2024-12-12,10700,10900,10590,10900,17348,0.01869158878504673
2024-12-13,10800,11040,10750,10980,12393,0.007339449541284404
2024-12-16,11050,11320,10950,11030,13392,0.004553734061930825
2024-12-17,11030,11130,10300,11030,16203,0.0
2024-12-18,10840,11200,10840,11180,17543,0.013599274705349051
2024-12-19,11000,12170,10910,12150,151908,0.08676207513416823
2024-12-20,11920,12150,11570,11570,47213,-0.047736625514403275
2024-12-23,11840,12000,11680,11910,33200,0.029386343993085484
2024-12-24,11780,11990,11610,11680,19489,-0.01931150293870698
2024-12-26,11680,11860,11450,11520,16830,-0.013698630136986356
2024-12-27,11420,11590,10380,10950,28008,-0.04947916666666663
2024-12-30,10840,11070,10500,10890,12580,-0.005479452054794498
2025-01-02,11030,11110,10840,10900,11557,0.0009182736455464191
2025-01-03,10910,11300,10910,11220,7139,0.029357798165137616
2025-01-06,11230,11430,11220,11390,5259,0.015151515151515138
2025-01-07,11490,11490,11220,11240,11172,-0.013169446883230851
2025-01-08,11380,11590,11240,11510,10587,0.024021352313167155
2025-01-09,11510,11800,11320,11610,4494,0.008688097306689846
2025-01-10,11710,12000,11420,11430,11257,-0.015503875968992276
2025-01-13,11430,11580,11270,11270,8811,-0.013998250218722696
2025-01-14,11230,11400,11220,11350,7065,0.00709849157054121
2025-01-15,11350,11410,11220,11230,12819,-0.010572687224669641
2025-01-16,11310,11450,11190,11260,14838,0.002671415850400649
2025-01-17,11260,11260,10950,11180,11795,-0.007104795737122527
2025-01-20,11180,11460,11080,11270,12475,0.00805008944543828
2025-01-21,11270,11480,11050,11250,7234,-0.0017746228926353025
2025-01-22,11130,11350,11130,11200,11852,-0.004444444444444473
2025-01-23,11200,11200,10950,11090,23947,-0.009821428571428537
2025-01-24,11090,11210,10980,11140,6839,0.004508566275924331
2025-01-31,11150,11150,10920,11060,6930,-0.007181328545781018
2025-02-03,11060,11200,10700,10780,12039,-0.025316455696202556
2025-02-04,10710,11060,10710,10850,5846,0.006493506493506551
2025-02-05,10850,10950,10800,10920,6167,0.006451612903225712
2025-02-06,10880,11140,10880,11110,6495,0.017399267399267337
2025-02-07,10930,11730,10900,11550,45498,0.03960396039603964
2025-02-10,11550,11610,11480,11520,19861,-0.0025974025974025983
2025-02-11,11510,11810,11430,11810,21856,0.02517361111111116
2025-02-12,11810,12000,11510,12000,22660,0.01608806096528359
2025-02-13,11850,12260,11850,11950,28737,-0.004166666666666652
2025-02-14,11950,12040,11550,11910,16061,-0.0033472803347280866
2025-02-17,12190,13150,12030,12800,129351,0.07472712006717042
2025-02-18,12900,12900,12670,12760,23459,-0.0031250000000000444
2025-02-19,12790,13050,12660,12940,30690,0.014106583072100332
2025-02-20,12910,13000,12640,12720,22347,-0.01700154559505407
2025-02-21,12720,12990,12680,12700,10457,-0.0015723270440252124
2025-02-24,12610,12690,12400,12500,23804,-0.015748031496062964
2025-02-25,12540,12540,12330,12410,9273,-0.007199999999999984
2025-02-26,12320,12500,12320,12440,9022,0.00241740531829171
2025-02-27,12400,12800,12300,12450,17911,0.000803858520900258
2025-02-28,12410,12420,11870,11880,22684,-0.04578313253012045
2025-03-04,11880,12050,11570,11650,8549,-0.019360269360269355
2025-03-05,11650,11950,11650,11910,7739,0.022317596566523656
2025-03-06,11910,12100,11810,11810,14378,-0.008396305625524736
2025-03-07,12110,12110,11700,11720,15681,-0.007620660457239636
2025-03-10,11720,11740,11580,11630,9671,-0.007679180887371961
2025-03-11,11480,11790,11300,11550,9014,-0.006878761822871837
2025-03-12,11760,11760,11440,11680,11615,0.011255411255411296
2025-03-13,11550,11720,11400,11400,10582,-0.023972602739726012
2025-03-14,11400,11550,11380,11390,7317,-0.0008771929824561431
2025-03-17,11300,12080,11300,11810,32185,0.03687445127304656
2025-03-18,11740,12110,11730,11740,11688,-0.005927180355630779
2025-03-19,11740,12080,11600,11840,14235,0.008517887563884052
2025-03-20,11890,11890,11690,11710,10017,-0.010979729729729715
2025-03-21,11720,11870,11560,11560,10106,-0.012809564474807855
2025-03-24,11560,11570,11450,11490,6614,-0.006055363321799345
2025-03-25,11490,11980,11320,11320,16286,-0.014795474325500435
2025-03-26,11360,11440,11320,11380,5182,0.005300353356890497
2025-03-27,11380,11400,11300,11300,8123,-0.007029876977152849
2025-03-28,11330,11400,10980,11040,20098,-0.023008849557522137
2025-03-31,10510,11010,10510,10780,13879,-0.023550724637681153
2025-04-01,10700,11070,10700,10860,4774,0.007421150278293043
2025-04-02,10990,10990,10640,10750,7274,-0.0101289134438306
2025-04-03,10560,10720,10550,10630,7967,-0.011162790697674452
2025-04-04,10600,11180,10600,11070,12129,0.04139228598306688
2025-04-07,10950,11370,10800,11060,24210,-0.0009033423667570428
2025-04-08,11290,11500,11000,11010,14937,-0.004520795660036159
2025-04-09,11000,11000,10650,10810,15822,-0.01816530426884655
2025-04-10,11150,11200,11010,11190,13750,0.035152636447733476
2025-04-11,10850,11400,10820,11210,12756,0.0017873100983021306
2025-04-14,11210,11350,11180,11290,6366,0.007136485280999194
2025-04-15,11290,12300,11250,11830,52003,0.047829937998228544
