Date,Open,High,Low,Close,Volume,Change
2022-01-03,0,0,0,6250,0,0.0
2022-01-04,0,0,0,6250,0,0.0
2022-01-05,0,0,0,6250,0,0.0
2022-01-06,0,0,0,6250,0,0.0
2022-01-07,0,0,0,6250,0,0.0
2022-01-10,0,0,0,6250,0,0.0
2022-01-11,0,0,0,6250,0,0.0
2022-01-12,0,0,0,6250,0,0.0
2022-01-13,0,0,0,6250,0,0.0
2022-01-14,0,0,0,6250,0,0.0
2022-01-17,0,0,0,6250,0,0.0
2022-01-18,0,0,0,6250,0,0.0
2022-01-19,0,0,0,6250,0,0.0
2022-01-20,0,0,0,6250,0,0.0
2022-01-21,0,0,0,6250,0,0.0
2022-01-24,0,0,0,6250,0,0.0
2022-01-25,0,0,0,6250,0,0.0
2022-01-26,0,0,0,6250,0,0.0
2022-01-27,0,0,0,6250,0,0.0
2022-01-28,0,0,0,6250,0,0.0
2022-02-03,0,0,0,6250,0,0.0
2022-02-04,0,0,0,6250,0,0.0
2022-02-07,0,0,0,6250,0,0.0
2022-02-08,0,0,0,6250,0,0.0
2022-02-09,0,0,0,6250,0,0.0
2022-02-10,0,0,0,6250,0,0.0
2022-02-11,0,0,0,6250,0,0.0
2022-02-14,0,0,0,6250,0,0.0
2022-02-15,0,0,0,6250,0,0.0
2022-02-16,0,0,0,6250,0,0.0
2022-02-17,0,0,0,6250,0,0.0
2022-02-18,0,0,0,6250,0,0.0
2022-02-21,0,0,0,6250,0,0.0
2022-02-22,0,0,0,6250,0,0.0
2022-02-23,0,0,0,6250,0,0.0
2022-02-24,0,0,0,6250,0,0.0
2022-02-25,0,0,0,6250,0,0.0
2022-02-28,0,0,0,6250,0,0.0
2022-03-02,0,0,0,6250,0,0.0
2022-03-03,0,0,0,6250,0,0.0
2022-03-04,0,0,0,6250,0,0.0
2022-03-07,0,0,0,6250,0,0.0
2022-03-08,0,0,0,6250,0,0.0
2022-03-10,0,0,0,6250,0,0.0
2022-03-11,0,0,0,6250,0,0.0
2022-03-14,0,0,0,6250,0,0.0
2022-03-15,0,0,0,6250,0,0.0
2022-03-16,0,0,0,6250,0,0.0
2022-03-17,0,0,0,6250,0,0.0
2022-03-18,0,0,0,6250,0,0.0
2022-03-21,0,0,0,6250,0,0.0
2022-03-22,0,0,0,6250,0,0.0
2022-03-23,0,0,0,6250,0,0.0
2022-03-24,0,0,0,6250,0,0.0
2022-03-25,0,0,0,6250,0,0.0
2022-03-28,0,0,0,6250,0,0.0
2022-03-29,0,0,0,6250,0,0.0
2022-03-30,0,0,0,6250,0,0.0
2022-03-31,0,0,0,6250,0,0.0
2022-04-01,0,0,0,6250,0,0.0
2022-04-04,0,0,0,6250,0,0.0
2022-04-05,0,0,0,6250,0,0.0
2022-04-06,0,0,0,6250,0,0.0
2022-04-07,0,0,0,6250,0,0.0
2022-04-08,0,0,0,6250,0,0.0
2022-04-11,0,0,0,6250,0,0.0
2022-04-12,0,0,0,6250,0,0.0
2022-04-13,0,0,0,6250,0,0.0
2022-04-14,0,0,0,6250,0,0.0
2022-04-15,0,0,0,6250,0,0.0
2022-04-18,0,0,0,6250,0,0.0
2022-04-19,0,0,0,6250,0,0.0
2022-04-20,0,0,0,6250,0,0.0
2022-04-21,0,0,0,6250,0,0.0
2022-04-22,0,0,0,6250,0,0.0
2022-04-25,0,0,0,6250,0,0.0
2022-04-26,0,0,0,6250,0,0.0
2022-04-27,0,0,0,6250,0,0.0
2022-04-28,0,0,0,6250,0,0.0
2022-04-29,0,0,0,6250,0,0.0
2022-05-02,0,0,0,6250,0,0.0
2022-05-03,0,0,0,6250,0,0.0
2022-05-04,0,0,0,6250,0,0.0
2022-05-06,0,0,0,6250,0,0.0
2022-05-09,0,0,0,6250,0,0.0
2022-05-10,0,0,0,6250,0,0.0
2022-05-11,0,0,0,6250,0,0.0
2022-05-12,0,0,0,6250,0,0.0
2022-05-13,6250,7940,6210,6810,5037515,0.0895999999999999
2022-05-16,6730,6730,6280,6300,557377,-0.07488986784140972
2022-05-17,6030,6040,5330,5500,671299,-0.12698412698412698
2022-05-18,5550,5570,5150,5160,215799,-0.06181818181818177
2022-05-19,5060,5350,4910,5100,325528,-0.011627906976744207
2022-05-20,5120,5120,4950,4995,138500,-0.020588235294117685
2022-05-23,5050,5060,4910,4925,111944,-0.014014014014014031
2022-05-24,4925,4965,4765,4830,130387,-0.019289340101522834
2022-05-25,4770,4885,4770,4855,59102,0.005175983436852993
2022-05-26,4860,4925,4825,4870,43807,0.003089598352214118
2022-05-27,4900,5090,4890,4990,98159,0.024640657084188833
2022-05-30,4995,5220,4990,5180,81795,0.038076152304609145
2022-05-31,5200,5200,5080,5130,37349,-0.009652509652509633
2022-06-02,5130,5180,5070,5080,32067,-0.00974658869395717
2022-06-03,5070,5130,5020,5030,54390,-0.009842519685039353
2022-06-07,5030,5100,4960,4960,56819,-0.013916500994035741
2022-06-08,4900,5040,4900,4960,57735,0.0
2022-06-09,4990,4990,4910,4930,28612,-0.006048387096774244
2022-06-10,4940,5000,4805,4815,57057,-0.02332657200811361
2022-06-13,4790,4790,4425,4440,91271,-0.07788161993769471
2022-06-14,4410,4740,4300,4445,82553,0.0011261261261261701
2022-06-15,4460,4550,4325,4445,44443,0.0
2022-06-16,4600,4625,4395,4420,24984,-0.0056242969628796935
2022-06-17,4375,4480,4270,4430,47350,0.002262443438914019
2022-06-20,4400,4555,4155,4200,62495,-0.05191873589164786
2022-06-21,4200,4300,4105,4220,31073,0.004761904761904745
2022-06-22,4220,4275,3950,4000,57256,-0.05213270142180093
2022-06-23,4000,4005,3705,3720,67377,-0.06999999999999995
2022-06-24,3720,3995,3720,3960,29770,0.06451612903225801
2022-06-27,3965,4300,3920,4180,45680,0.05555555555555558
2022-06-28,4195,4230,3950,4170,18382,-0.0023923444976076125
2022-06-29,4015,4220,4005,4120,12766,-0.011990407673860948
2022-06-30,4105,4105,3930,3930,32795,-0.04611650485436891
2022-07-01,3900,4030,3805,3820,31329,-0.027989821882951627
2022-07-04,3785,3895,3680,3750,24378,-0.01832460732984298
2022-07-05,3690,3945,3690,3930,12827,0.04800000000000004
2022-07-06,3935,4140,3860,3940,28817,0.0025445292620864812
2022-07-07,3940,4035,3905,4020,14812,0.020304568527918843
2022-07-08,4030,4530,4030,4160,130806,0.03482587064676612
2022-07-11,4160,4260,4080,4085,28280,-0.018028846153846145
2022-07-12,4120,4120,3910,4000,14173,-0.020807833537331732
2022-07-13,3980,4100,3970,3970,28414,-0.007499999999999951
2022-07-14,3975,4000,3850,3880,34717,-0.02267002518891692
2022-07-15,3915,3975,3750,3835,29082,-0.011597938144329856
2022-07-18,3785,4035,3785,3940,19958,0.027379400260756137
2022-07-19,3940,4135,3940,4040,25088,0.025380710659898442
2022-07-20,4050,4135,4030,4065,21813,0.006188118811881083
2022-07-21,4065,4180,4050,4100,30331,0.008610086100861114
2022-07-22,4110,4195,4095,4095,16708,-0.0012195121951219523
2022-07-25,4095,4160,4080,4085,15681,-0.0024420024420024333
2022-07-26,4115,4115,4050,4050,12047,-0.008567931456548328
2022-07-27,4050,4125,4035,4055,17238,0.0012345679012346622
2022-07-28,4055,4150,4025,4025,13892,-0.007398273736128225
2022-07-29,4065,4095,4005,4065,23941,0.009937888198757738
2022-08-01,4065,4300,4065,4125,24052,0.014760147601476037
2022-08-02,4150,4200,4005,4120,45651,-0.00121212121212122
2022-08-03,4110,4145,4030,4085,15343,-0.008495145631068013
2022-08-04,4050,4185,4050,4075,22118,-0.002447980416156681
2022-08-05,4100,4105,4050,4065,26073,-0.0024539877300613355
2022-08-08,4130,4130,4010,4010,18277,-0.013530135301353052
2022-08-09,4045,4190,4005,4100,33940,0.02244389027431426
2022-08-10,4100,4100,4010,4040,40364,-0.014634146341463428
2022-08-11,4075,4100,4030,4050,26889,0.0024752475247524774
2022-08-12,4050,4110,4035,4050,44375,0.0
2022-08-16,4085,4100,4050,4065,13480,0.0037037037037037646
2022-08-17,3500,3585,2930,3405,736507,-0.16236162361623618
2022-08-18,3705,4425,3700,4250,6084573,0.2481644640234948
2022-08-19,4235,4275,3900,3980,829896,-0.06352941176470583
2022-08-22,3885,3975,3695,3770,325649,-0.05276381909547734
2022-08-23,3835,3940,3770,3810,151538,0.010610079575596787
2022-08-24,3850,3965,3790,3950,180565,0.036745406824147064
2022-08-25,4005,4055,3900,3950,159013,0.0
2022-08-26,3965,4010,3850,3900,106214,-0.012658227848101222
2022-08-29,3860,3920,3750,3860,72833,-0.01025641025641022
2022-08-30,3820,3950,3815,3890,81586,0.007772020725388629
2022-08-31,3900,3990,3820,3875,58083,-0.003856041131105381
2022-09-01,3870,3870,3820,3860,27352,-0.003870967741935516
2022-09-02,3850,3860,3750,3790,34844,-0.01813471502590669
2022-09-05,3740,3850,3740,3820,65806,0.0079155672823219
2022-09-06,3790,3890,3790,3860,66636,0.010471204188481575
2022-09-07,3870,4110,3805,3845,425586,-0.0038860103626943143
2022-09-08,3840,3930,3810,3880,61303,0.00910273081924573
2022-09-13,3900,3965,3890,3920,84267,0.010309278350515427
2022-09-14,3860,3875,3780,3830,48888,-0.022959183673469385
2022-09-15,3830,3880,3810,3830,31623,0.0
2022-09-16,3800,3800,3700,3755,32821,-0.019582245430809442
2022-09-19,3725,3740,3615,3650,21688,-0.0279627163781625
2022-09-20,3615,3750,3615,3740,38127,0.024657534246575352
2022-09-21,3670,3730,3630,3720,34662,-0.005347593582887722
2022-09-22,3690,3690,3530,3615,39316,-0.028225806451612878
2022-09-23,3615,3655,3495,3555,17219,-0.016597510373444035
2022-09-26,3540,3540,3325,3360,38205,-0.05485232067510548
2022-09-27,3430,3640,3200,3290,153270,-0.02083333333333337
2022-09-28,3290,3320,3100,3100,53545,-0.05775075987841949
2022-09-29,3150,3260,3100,3145,33662,0.014516129032257963
2022-09-30,3145,3150,3045,3125,29860,-0.006359300476947549
2022-10-04,3125,3255,3120,3160,47399,0.011200000000000099
2022-10-05,3180,3245,3070,3070,83096,-0.02848101265822789
2022-10-06,3140,3145,3075,3120,26395,0.016286644951140072
2022-10-07,3180,3180,3120,3120,18658,0.0
2022-10-11,3055,3090,2950,2975,40983,-0.04647435897435892
2022-10-12,2950,3035,2895,2985,31847,0.003361344537815114
2022-10-13,3015,3015,2690,2785,37685,-0.06700167504187604
2022-10-14,2795,2935,2795,2870,22987,0.030520646319569078
2022-10-17,2870,2945,2780,2930,20683,0.020905923344947785
2022-10-18,2960,2990,2935,2935,17754,0.0017064846416381396
2022-10-19,2995,2995,2905,2935,16886,0.0
2022-10-20,2935,3020,2895,2960,69064,0.008517887563884052
2022-10-21,2960,2980,2835,2835,43157,-0.042229729729729715
2022-10-24,2835,2905,2800,2860,26907,0.008818342151675429
2022-10-25,2860,2940,2800,2910,24677,0.0174825174825175
2022-10-26,2965,2965,2875,2875,12761,-0.012027491408934665
2022-10-27,2875,2920,2860,2870,9916,-0.0017391304347825765
2022-10-28,2895,2955,2860,2885,12796,0.005226480836237002
2022-10-31,2890,2970,2840,2840,18038,-0.01559792027729634
2022-11-01,2840,2945,2840,2945,14822,0.0369718309859155
2022-11-02,2945,3150,2945,3025,47642,0.02716468590831922
2022-11-03,3025,3050,2980,3010,13285,-0.0049586776859503745
2022-11-04,3015,3020,2945,2965,17184,-0.014950166112956853
2022-11-07,3000,3000,2965,2970,8963,0.001686340640809414
2022-11-08,2975,3000,2945,2970,15769,0.0
2022-11-09,2970,3065,2940,2955,19890,-0.005050505050505083
2022-11-10,2960,2985,2880,2910,15303,-0.015228426395939132
2022-11-11,2915,2980,2915,2965,14088,0.018900343642611617
2022-11-14,2990,3095,2975,3055,23084,0.030354131534569895
2022-11-15,3045,3070,3025,3050,19503,-0.0016366612111292644
2022-11-16,3060,3070,3000,3025,17903,-0.008196721311475419
2022-11-17,3025,3050,3000,3040,15928,0.0049586776859504855
2022-11-18,3040,3335,2995,3105,255465,0.021381578947368363
2022-11-21,3135,3635,3135,3180,551784,0.024154589371980784
2022-11-22,3180,3385,3130,3195,104434,0.004716981132075526
2022-11-23,3340,3400,3200,3285,167111,0.028169014084507005
2022-11-24,3315,3315,3185,3295,72055,0.003044140030441511
2022-11-25,3300,3315,3200,3250,31921,-0.01365705614567525
2022-11-28,3235,3235,3040,3060,63072,-0.058461538461538454
2022-11-29,3055,3105,2970,3080,51505,0.006535947712418277
2022-11-30,3080,3165,3080,3130,16693,0.016233766233766156
2022-12-01,3145,3200,3140,3155,27862,0.007987220447284393
2022-12-02,3155,3155,3075,3090,34440,-0.020602218700475405
2022-12-05,3105,3215,3095,3185,42159,0.0307443365695792
2022-12-06,3185,3290,3135,3265,57467,0.02511773940345363
2022-12-07,3225,3225,3125,3200,26859,-0.019908116385911168
2022-12-08,3165,3170,3085,3145,17400,-0.017187500000000022
2022-12-09,3120,3245,3090,3190,29268,0.014308426073131875
2022-12-12,3220,3275,3180,3230,36330,0.012539184952978122
2022-12-13,3230,3250,3160,3175,21205,-0.017027863777089758
2022-12-14,3155,3230,3155,3210,19897,0.011023622047244164
2022-12-15,3215,3530,3200,3430,264071,0.06853582554517135
2022-12-16,3385,3590,3320,3370,145520,-0.017492711370262426
2022-12-19,3365,3395,3245,3325,46315,-0.013353115727002929
2022-12-20,3320,3325,3075,3100,65470,-0.06766917293233088
2022-12-21,3105,3200,3055,3100,49704,0.0
2022-12-22,3090,3260,3090,3175,39197,0.024193548387096753
2022-12-23,3175,3175,2990,2990,39938,-0.058267716535433056
2022-12-26,2975,3045,2915,2975,45341,-0.0050167224080267525
2022-12-27,2975,3150,2965,3050,53836,0.025210084033613356
2022-12-28,3175,3195,3050,3100,31969,0.016393442622950838
2022-12-29,3000,3070,2930,3035,34626,-0.020967741935483897
2023-01-02,3040,3100,2910,2910,32199,-0.041186161449752845
2023-01-03,2900,3090,2735,2970,66976,0.020618556701030855
2023-01-04,2970,3060,2900,3025,39020,0.0185185185185186
2023-01-05,3085,3105,3015,3030,17251,0.0016528925619834212
2023-01-06,3030,3135,3030,3060,18198,0.00990099009900991
2023-01-09,3090,3125,3035,3085,51188,0.008169934640522847
2023-01-10,3100,3195,3055,3190,47368,0.034035656401944836
2023-01-11,3190,3280,3105,3200,47785,0.0031347962382444194
2023-01-12,3305,3305,3150,3165,44924,-0.010937500000000044
2023-01-13,3165,3210,3125,3185,20411,0.006319115323854652
2023-01-16,3185,3270,3150,3260,46602,0.023547880690737877
2023-01-17,3265,3265,3150,3200,34252,-0.018404907975460127
2023-01-18,3200,3200,3115,3175,13678,-0.0078125
2023-01-19,3165,3165,3055,3105,28501,-0.022047244094488216
2023-01-20,3105,3320,3105,3275,191812,0.054750402576489554
2023-01-25,3305,3370,3210,3235,54192,-0.012213740458015265
2023-01-26,3230,3275,3210,3240,18299,0.0015455950540959051
2023-01-27,3245,3300,3200,3250,25681,0.0030864197530864335
2023-01-30,3245,3270,3185,3185,35577,-0.020000000000000018
2023-01-31,3185,3280,3165,3280,29193,0.02982731554160134
2023-02-01,3290,3295,3210,3210,28374,-0.021341463414634165
2023-02-02,3215,3240,3210,3230,22508,0.006230529595015577
2023-02-03,3260,3345,3240,3240,19204,0.003095975232198178
2023-02-06,3250,3270,3190,3215,28737,-0.007716049382716084
2023-02-07,3185,3440,3185,3210,92610,-0.0015552099533436836
2023-02-08,3245,3265,3180,3180,42596,-0.009345794392523366
2023-02-09,3210,3580,3210,3325,371278,0.045597484276729494
2023-02-10,3345,3355,3235,3255,67309,-0.021052631578947323
2023-02-13,3260,3275,3105,3195,44636,-0.018433179723502335
2023-02-14,3195,3205,3135,3140,35011,-0.017214397496087663
2023-02-15,3145,3160,2995,2995,71854,-0.04617834394904463
2023-02-16,3025,3165,3010,3065,66893,0.023372287145241977
2023-02-17,3150,3150,3020,3130,40609,0.021207177814029254
2023-02-20,3130,3130,3065,3115,25327,-0.004792332268370614
2023-02-21,3115,3200,3115,3135,20308,0.006420545746388395
2023-02-22,3135,3175,3030,3060,20921,-0.02392344497607657
2023-02-23,3030,3330,3030,3310,349829,0.08169934640522869
2023-02-24,3705,3750,3170,3170,891688,-0.04229607250755285
2023-02-27,3170,3665,3155,3535,1029889,0.1151419558359621
2023-02-28,3425,3995,3390,3885,1063276,0.0990099009900991
2023-03-02,3885,4980,3825,4805,3347040,0.2368082368082367
2023-03-03,4930,4930,4670,4865,707088,0.01248699271592102
2023-03-06,4795,4795,4320,4610,525817,-0.05241521068859201
2023-03-07,4575,4575,4335,4335,258561,-0.05965292841648595
2023-03-08,4325,5240,4270,4680,3369842,0.0795847750865053
2023-03-09,4680,4845,4485,4500,500264,-0.038461538461538436
2023-03-10,4470,4880,4260,4285,633481,-0.04777777777777781
2023-03-13,4235,4275,3950,4145,268422,-0.03267211201866982
2023-03-14,4110,4110,3790,3815,346991,-0.07961399276236425
2023-03-15,3860,4160,3815,3890,391304,0.019659239842725995
2023-03-16,3820,3825,3475,3600,199596,-0.07455012853470433
2023-03-17,3700,3935,3600,3870,207296,0.07499999999999996
2023-03-20,3810,3945,3780,3790,145342,-0.02067183462532296
2023-03-21,4080,4090,3730,3730,335745,-0.0158311345646438
2023-03-22,3510,3550,3015,3215,1117687,-0.13806970509383376
2023-03-23,3230,3310,3130,3215,232764,0.0
2023-03-24,3360,3500,3250,3480,336570,0.08242612752721623
2023-03-27,3510,3650,3450,3510,240161,0.008620689655172376
2023-03-28,3570,3640,3165,3205,321016,-0.08689458689458684
2023-03-29,3235,3240,3105,3140,161266,-0.020280811232449292
2023-03-30,3190,3260,3020,3230,112744,0.02866242038216571
2023-03-31,3200,3275,3130,3205,108961,-0.007739938080495334
2023-04-03,3205,3240,3110,3210,68726,0.0015600624024960652
2023-04-04,3210,3320,3110,3315,77989,0.032710280373831724
2023-04-05,3275,3405,3250,3370,68481,0.016591251885369473
2023-04-06,3320,3400,3250,3300,56463,-0.020771513353115778
2023-04-07,3270,3365,3255,3290,35159,-0.00303030303030305
2023-04-10,3290,3385,3210,3240,59920,-0.015197568389057725
2023-04-11,3240,3300,3155,3255,66420,0.004629629629629539
2023-04-12,3250,3300,3175,3210,56362,-0.01382488479262678
2023-04-13,3240,3305,3160,3275,34443,0.02024922118380057
2023-04-14,3330,3385,3290,3330,50393,0.016793893129771087
2023-04-17,3360,3390,3255,3315,38978,-0.0045045045045044585
2023-04-18,3350,3395,3275,3385,74997,0.02111613876319751
2023-04-19,3385,3455,3360,3450,42857,0.019202363367799125
2023-04-20,3450,3500,3345,3355,51066,-0.02753623188405796
2023-04-21,3320,3400,3140,3210,63372,-0.0432190760059612
2023-04-24,3210,3210,3050,3100,38117,-0.034267912772585674
2023-04-25,3070,3140,3060,3090,54002,-0.003225806451612856
2023-04-26,3080,3160,3055,3075,30408,-0.004854368932038833
2023-04-27,3075,3145,3030,3105,25345,0.009756097560975618
2023-04-28,3155,3220,3105,3105,35348,0.0
2023-05-02,3110,3230,3110,3230,20635,0.040257648953301084
2023-05-03,3230,3350,3200,3245,33522,0.004643962848297267
2023-05-04,3230,3395,3205,3260,26541,0.0046224961479199855
2023-05-08,3260,3305,3205,3215,18424,-0.013803680981595123
2023-05-09,3215,3245,3115,3145,40525,-0.021772939346811793
2023-05-10,3115,3285,3080,3240,44109,0.030206677265500748
2023-05-11,3240,3305,3130,3140,12657,-0.030864197530864224
2023-05-12,3135,3160,3055,3100,34532,-0.01273885350318471
2023-05-15,3100,3100,3030,3100,29563,0.0
2023-05-16,3185,3185,3030,3045,44083,-0.01774193548387093
2023-05-17,3020,3100,3020,3095,33896,0.016420361247947435
2023-05-18,3125,3225,3070,3130,51888,0.011308562197092087
2023-05-19,3140,3190,3095,3110,25139,-0.006389776357827448
2023-05-22,3110,3260,3100,3200,53881,0.02893890675241151
2023-05-23,3200,3255,3165,3210,16430,0.0031250000000000444
2023-05-24,3210,3210,3180,3200,10384,-0.0031152647975077885
2023-05-25,3195,3275,3095,3175,18076,-0.0078125
2023-05-26,3150,3170,3120,3145,27532,-0.009448818897637823
2023-05-30,3145,3150,3075,3080,40186,-0.020667726550079535
2023-05-31,3090,3245,3085,3085,31728,0.0016233766233766378
2023-06-01,3085,3305,3085,3165,36170,0.025931928687196182
2023-06-02,3180,3290,3180,3220,13945,0.017377567140600236
2023-06-05,3225,3280,3160,3180,17804,-0.012422360248447228
2023-06-07,3180,3245,3125,3180,44425,0.0
2023-06-08,3180,3235,3155,3205,50102,0.007861635220125729
2023-06-09,3205,3270,3130,3220,18818,0.004680187207488196
2023-06-12,3220,3220,3165,3195,12247,-0.00776397515527949
2023-06-13,3195,3230,3195,3215,13732,0.006259780907668322
2023-06-14,3220,3220,3115,3145,43958,-0.021772939346811793
2023-06-15,3140,3140,3080,3085,30558,-0.019077901430842648
2023-06-16,3085,3130,3065,3130,15956,0.014586709886547755
2023-06-19,3130,3195,3110,3135,11198,0.0015974440894568342
2023-06-20,3105,3155,3105,3135,17191,0.0
2023-06-21,3130,3180,3105,3145,10435,0.0031897926634769647
2023-06-22,3080,3140,3075,3075,11510,-0.022257551669316422
2023-06-23,3075,3105,3050,3105,12993,0.009756097560975618
2023-06-26,3105,3180,3080,3150,15395,0.01449275362318847
2023-06-27,3150,3180,3150,3160,9787,0.0031746031746031633
2023-06-28,3135,3160,3120,3145,22920,-0.004746835443038
2023-06-29,3145,3150,3120,3150,10460,0.0015898251192367763
2023-06-30,3070,3105,3070,3095,12077,-0.01746031746031751
2023-07-03,3095,3105,3085,3085,27937,-0.003231017770597755
2023-07-04,3085,3085,3050,3075,41354,-0.0032414910858995505
2023-07-05,3105,3115,3050,3090,12815,0.004878048780487809
2023-07-06,3090,3090,3020,3030,24496,-0.01941747572815533
2023-07-07,3000,3015,2950,2960,28981,-0.02310231023102305
2023-07-10,2960,2975,2860,2960,30906,0.0
2023-07-11,2960,2960,2885,2920,20624,-0.013513513513513487
2023-07-12,2950,2975,2920,2925,9741,0.001712328767123239
2023-07-13,2960,3005,2925,2930,17869,0.0017094017094017033
2023-07-14,2930,2945,2890,2905,17692,-0.008532423208191142
2023-07-17,2970,2970,2855,2865,13297,-0.013769363166953541
2023-07-18,2830,2880,2805,2855,24317,-0.003490401396160525
2023-07-19,2860,2930,2815,2870,26721,0.005253940455341555
2023-07-20,2875,2955,2840,2955,58092,0.029616724738676048
2023-07-21,2955,2980,2855,2865,15963,-0.030456852791878153
2023-07-24,2865,2895,2755,2895,48450,0.010471204188481575
2023-07-25,2825,2880,2675,2860,39065,-0.012089810017271163
2023-07-26,2860,2860,2615,2675,49837,-0.06468531468531469
2023-07-27,2675,2865,2605,2700,32879,0.009345794392523255
2023-07-28,2725,2830,2670,2750,35211,0.0185185185185186
2023-07-31,2775,2850,2700,2715,15312,-0.012727272727272698
2023-08-01,2750,2895,2740,2845,17455,0.047882136279926435
2023-08-02,2845,2950,2815,2850,13333,0.0017574692442883233
2023-08-03,2835,2850,2745,2790,8035,-0.021052631578947323
2023-08-04,2765,2790,2725,2790,20253,0.0
2023-08-07,2790,2895,2710,2790,14098,0.0
2023-08-08,2780,2860,2715,2770,24519,-0.007168458781361964
2023-08-09,2770,2880,2770,2820,9754,0.018050541516245522
2023-08-10,2850,2985,2830,2940,33991,0.042553191489361764
2023-08-11,2940,2990,2880,2920,33517,-0.006802721088435382
2023-08-14,2920,2930,2865,2900,10942,-0.006849315068493178
2023-08-16,2875,2875,2830,2860,13684,-0.01379310344827589
2023-08-17,3000,3130,2860,2995,55137,0.0472027972027973
2023-08-18,3085,3085,2965,3050,27592,0.01836393989983298
2023-08-21,3050,3075,2915,3010,25543,-0.013114754098360604
2023-08-22,3025,3050,2950,3045,14261,0.011627906976744207
2023-08-23,3045,3055,2955,2980,23096,-0.021346469622331665
2023-08-24,2980,3050,2820,3045,16133,0.02181208053691286
2023-08-25,3045,3085,3015,3085,32542,0.013136288998357948
2023-08-28,3085,3125,3015,3120,14765,0.011345218800648205
2023-08-29,3040,3300,3000,3095,117991,-0.008012820512820484
2023-08-30,3095,3155,3065,3065,15918,-0.009693053311793265
2023-08-31,3095,3180,3090,3120,23385,0.01794453507340954
2023-09-01,3120,3165,2960,3020,34483,-0.03205128205128205
2023-09-04,3020,3130,2970,3055,27940,0.011589403973509826
2023-09-05,3140,3150,3060,3145,10688,0.029459901800327426
2023-09-06,3145,3145,3070,3115,5913,-0.009538950715421324
2023-09-07,3115,3120,3025,3025,13359,-0.028892455858748
2023-09-08,3025,3030,2990,3025,10485,0.0
2023-09-11,3025,3040,2980,3035,12370,0.0033057851239668423
2023-09-12,3035,3085,3015,3015,15438,-0.00658978583196046
2023-09-13,3015,3030,3000,3025,6980,0.0033167495854062867
2023-09-14,3020,3120,3000,3120,18217,0.03140495867768589
2023-09-15,3150,3155,3080,3090,15592,-0.009615384615384581
2023-09-18,3090,3100,3040,3075,4203,-0.004854368932038833
2023-09-19,3045,3045,2990,3035,5587,-0.013008130081300862
2023-09-20,3020,3035,2960,3035,11620,0.0
2023-09-21,3035,3050,3000,3035,19900,0.0
2023-09-22,3000,3025,2925,2970,15894,-0.021416803953871466
2023-09-25,2970,2975,2930,2970,9000,0.0
2023-09-26,2960,2975,2930,2965,13675,-0.0016835016835017313
2023-09-27,2940,2960,2885,2960,15541,-0.001686340640809414
2023-10-04,2960,2960,2880,2925,16128,-0.011824324324324342
2023-10-05,2915,2955,2855,2950,19175,0.008547008547008517
2023-10-06,2845,3010,2745,2955,25006,0.0016949152542373724
2023-10-10,2955,3000,2950,2950,22064,-0.0016920473773265332
2023-10-11,2950,2980,2945,2950,19703,0.0
2023-10-12,2950,3040,2950,3010,25406,0.02033898305084736
2023-10-13,3000,3070,2965,3000,39114,-0.0033222591362126463
2023-10-16,2975,2975,2800,2905,20861,-0.03166666666666662
2023-10-17,2880,2985,2805,2985,21733,0.027538726333907082
2023-10-18,2970,2985,2875,2930,20736,-0.018425460636515956
2023-10-19,2850,2915,2760,2815,23107,-0.03924914675767921
2023-10-20,2800,2830,2735,2830,30187,0.005328596802841812
2023-10-23,2825,2825,2730,2785,14487,-0.01590106007067138
2023-10-24,2785,2840,2785,2840,14097,0.019748653500897717
2023-10-25,2840,2885,2830,2840,8886,0.0
2023-10-26,2840,2840,2750,2760,18814,-0.028169014084507005
2023-10-27,2735,2845,2735,2830,19154,0.0253623188405796
2023-10-30,2830,2965,2805,2965,17251,0.04770318021201403
2023-10-31,2965,3045,2935,2945,28237,-0.006745362563237767
2023-11-01,2920,3000,2920,2995,20476,0.01697792869269943
2023-11-02,2985,3045,2960,3005,13767,0.0033388981636059967
2023-11-03,3005,3030,2965,3020,17835,0.004991680532445919
2023-11-06,3020,3025,2985,3020,15661,0.0
2023-11-07,2995,3025,2965,3000,17304,-0.0066225165562914245
2023-11-08,3000,3035,2985,3030,8611,0.010000000000000009
2023-11-09,3015,3025,2960,2990,15737,-0.01320132013201325
2023-11-10,2910,2950,2760,2885,12724,-0.03511705685618727
2023-11-13,2870,2885,2840,2860,19217,-0.008665511265164683
2023-11-14,2770,2870,2770,2835,28812,-0.00874125874125875
2023-11-15,2835,2970,2790,2970,26148,0.04761904761904767
2023-11-16,2970,2975,2825,2920,28455,-0.01683501683501687
2023-11-17,2920,2920,2805,2870,27629,-0.017123287671232834
2023-11-20,2875,2985,2875,2950,13503,0.027874564459930307
2023-11-21,2955,3030,2900,2985,16075,0.011864406779660941
2023-11-22,2990,3050,2885,2980,18378,-0.0016750418760469454
2023-11-23,2975,3000,2930,2965,4161,-0.005033557046979831
2023-11-24,2965,3050,2915,3040,10877,0.025295109612141653
2023-11-27,3040,3040,2975,3025,16376,-0.004934210526315819
2023-11-28,2975,3015,2960,3015,9097,-0.0033057851239669533
2023-11-29,3000,3030,2985,3020,14477,0.0016583747927032544
2023-11-30,2990,3040,2910,3030,15433,0.0033112582781456013
2023-12-01,3030,3075,3000,3065,17653,0.011551155115511635
2023-12-04,3065,3140,3055,3125,22572,0.019575856443719397
2023-12-05,3140,3140,3090,3110,15906,-0.0048000000000000265
2023-12-06,3110,3125,3045,3120,17393,0.003215434083601254
2023-12-07,3120,3280,3100,3265,35852,0.04647435897435903
2023-12-08,3295,3295,3090,3200,21632,-0.019908116385911168
2023-12-11,3170,3265,3150,3210,11047,0.0031250000000000444
2023-12-12,3240,3275,3100,3200,17900,-0.0031152647975077885
2023-12-13,3200,3215,3120,3175,11464,-0.0078125
2023-12-14,3145,3230,3140,3160,8393,-0.0047244094488189115
2023-12-15,3175,3480,3060,3085,86880,-0.02373417721518989
2023-12-18,3085,3135,3060,3135,10131,0.01620745542949753
2023-12-19,3090,3125,3080,3120,6765,-0.004784688995215336
2023-12-20,3120,3190,3120,3175,16311,0.017628205128205066
2023-12-21,3180,3180,3135,3155,18763,-0.006299212598425252
2023-12-22,3155,3235,3120,3155,19401,0.0
2023-12-26,3075,3380,3075,3310,49132,0.04912836767036444
2023-12-27,3295,3320,3200,3200,10940,-0.033232628398791486
2023-12-28,3200,3240,3150,3240,12793,0.012499999999999956
2024-01-02,3190,3210,3085,3150,44677,-0.02777777777777779
2024-01-03,3105,3585,3080,3460,539721,0.09841269841269851
2024-01-04,3465,3560,3215,3410,151276,-0.014450867052023142
2024-01-05,3380,3470,3265,3325,67537,-0.024926686217008776
2024-01-08,3330,3425,3250,3360,41149,0.010526315789473717
2024-01-09,3360,3485,3335,3335,40561,-0.007440476190476164
2024-01-10,3340,3430,3245,3430,68773,0.028485757121439192
2024-01-11,3395,3465,3355,3395,46268,-0.010204081632653073
2024-01-12,3380,3395,3285,3300,14798,-0.027982326951399128
2024-01-15,3300,3300,3240,3240,11994,-0.018181818181818188
2024-01-16,3240,3270,3105,3235,12611,-0.0015432098765432167
2024-01-17,3200,3200,2990,3095,63069,-0.043276661514683123
2024-01-18,3330,3460,3070,3150,153575,0.017770597738287597
2024-01-19,3125,3230,3100,3180,36320,0.00952380952380949
2024-01-22,3170,3385,3060,3180,66855,0.0
2024-01-23,3180,3180,3075,3180,26768,0.0
2024-01-24,3235,3235,3100,3145,24797,-0.011006289308176154
2024-01-25,3145,3145,3085,3130,15789,-0.004769475357710662
2024-01-26,3105,3130,3085,3105,11882,-0.007987220447284393
2024-01-29,3120,3150,3055,3110,21445,0.0016103059581320522
2024-01-30,3135,3175,3025,3125,25080,0.004823151125401992
2024-01-31,3125,3155,3070,3080,8904,-0.014399999999999968
2024-02-01,3080,3125,3025,3095,23277,0.004870129870129913
2024-02-02,3095,3140,3050,3140,16628,0.01453957996768973
2024-02-05,3115,3115,3075,3090,6689,-0.015923566878980888
2024-02-06,3080,3100,2850,3020,18884,-0.02265372168284785
2024-02-07,3010,3100,2980,3040,20227,0.0066225165562914245
2024-02-08,2980,3050,2960,2995,6444,-0.014802631578947345
2024-02-13,2990,3045,2935,3020,19816,0.008347245409014992
2024-02-14,2990,3045,2940,2980,25223,-0.013245033112582738
2024-02-15,2980,3040,2930,3040,15496,0.020134228187919545
2024-02-16,3010,3035,2955,2975,11035,-0.021381578947368474
2024-02-19,2975,3070,2975,3020,11743,0.015126050420168013
2024-02-20,3020,3055,2825,2990,25955,-0.009933774834437137
2024-02-21,2940,3035,2940,2955,11443,-0.01170568561872909
2024-02-22,2955,3035,2925,2925,6954,-0.010152284263959421
2024-02-23,2930,2990,2920,2945,14745,0.006837606837606813
2024-02-26,2945,3025,2915,2950,7692,0.001697792869269854
2024-02-27,2950,2950,2895,2895,13694,-0.01864406779661021
2024-02-28,2895,2945,2880,2925,14347,0.010362694300518172
2024-02-29,2925,3065,2925,2990,29920,0.022222222222222143
2024-03-04,2990,2990,2895,2950,26062,-0.013377926421404673
2024-03-05,2950,2950,2860,2880,31962,-0.023728813559321993
2024-03-06,2860,2900,2835,2900,6241,0.00694444444444442
2024-03-07,2900,2900,2845,2870,11860,-0.010344827586206917
2024-03-08,2845,2860,2675,2815,20336,-0.019163763066202044
2024-03-11,2820,2845,2790,2810,12324,-0.001776198934280604
2024-03-12,2795,2820,2715,2805,22646,-0.001779359430605032
2024-03-13,2805,2840,2750,2800,17616,-0.0017825311942959443
2024-03-14,2800,2845,2700,2835,19455,0.012499999999999956
2024-03-15,2835,2875,2750,2815,6564,-0.007054673721340388
2024-03-18,2815,2990,2755,2795,10038,-0.007104795737122527
2024-03-19,2875,2965,2765,2845,18163,0.017889087656529412
2024-03-20,2810,2845,2755,2840,11105,-0.0017574692442882123
2024-03-21,3035,3690,3035,3690,3461942,0.29929577464788726
2024-03-22,3690,3725,3285,3330,1559228,-0.09756097560975607
2024-03-25,3275,3290,3135,3145,260084,-0.05555555555555558
2024-03-26,3175,3200,3080,3200,152930,0.01748807631160565
2024-03-27,3175,3175,3085,3120,85365,-0.025000000000000022
2024-03-28,3090,3135,3060,3080,70494,-0.012820512820512775
2024-03-29,3095,3145,3065,3080,45401,0.0
2024-04-01,3080,3175,3080,3150,63229,0.022727272727272707
2024-04-02,3160,3275,3095,3105,118457,-0.014285714285714235
2024-04-03,3105,3175,3055,3140,60320,0.011272141706924366
2024-04-04,3130,3230,3130,3180,54145,0.01273885350318471
2024-04-05,3155,3155,3085,3140,34126,-0.012578616352201255
2024-04-08,3140,3185,3085,3115,56884,-0.0079617834394905
2024-04-09,3095,3220,3060,3200,49743,0.02728731942215079
2024-04-11,3170,3240,3125,3240,40362,0.012499999999999956
2024-04-12,3275,3275,3120,3205,59133,-0.010802469135802517
2024-04-15,3200,3210,3095,3170,35210,-0.010920436817472678
2024-04-16,3170,3250,3085,3250,82852,0.025236593059936974
2024-04-17,3255,3350,3220,3295,106687,0.013846153846153841
2024-04-18,3285,3290,3235,3270,31236,-0.007587253414264028
2024-04-19,3270,3270,3100,3170,72477,-0.030581039755351647
2024-04-22,3125,3170,3080,3105,22871,-0.02050473186119872
2024-04-23,3110,3180,3105,3180,19647,0.024154589371980784
2024-04-24,3190,3300,3120,3240,65455,0.018867924528301883
2024-04-25,3205,3355,3160,3270,67157,0.0092592592592593
2024-04-26,3270,3365,3235,3290,77542,0.006116207951070374
2024-04-29,3290,3395,3270,3320,71010,0.00911854103343468
2024-04-30,3290,3385,3270,3385,44090,0.01957831325301207
2024-05-02,3370,3480,3305,3375,86185,-0.002954209748892156
2024-05-03,3380,3400,3250,3265,25855,-0.03259259259259262
2024-05-07,3280,3315,3230,3290,29827,0.007656967840734996
2024-05-08,3320,3380,3265,3310,30720,0.006079027355623046
2024-05-09,3330,3450,3245,3295,54490,-0.004531722054380682
2024-05-10,3245,3335,3230,3330,45767,0.01062215477996964
2024-05-13,3330,3440,3230,3435,53544,0.03153153153153143
2024-05-14,3435,3500,3390,3435,46770,0.0
2024-05-16,3440,3445,3350,3420,32141,-0.004366812227074246
2024-05-17,3490,3575,3250,3255,96401,-0.04824561403508776
2024-05-20,3260,3330,3190,3325,61421,0.021505376344086002
2024-05-21,3325,3355,3225,3225,24420,-0.03007518796992481
2024-05-22,3260,3260,3175,3225,20804,0.0
2024-05-23,3225,3290,3150,3200,16582,-0.007751937984496138
2024-05-24,3180,3230,3140,3225,35832,0.0078125
2024-05-27,3225,3275,3205,3255,20858,0.009302325581395321
2024-05-28,3255,3255,3160,3225,16160,-0.009216589861751112
2024-05-29,3240,3250,3040,3235,61079,0.0031007751937983663
2024-05-30,3175,3255,3090,3155,22265,-0.02472952086553326
2024-05-31,3155,3250,3110,3250,36714,0.030110935023771823
2024-06-03,3250,3250,3175,3200,33185,-0.01538461538461533
2024-06-04,3200,3235,3155,3200,35187,0.0
2024-06-05,3140,3190,3090,3130,58307,-0.021874999999999978
2024-06-07,3085,3185,3085,3110,61535,-0.006389776357827448
2024-06-10,3110,3180,3065,3110,34017,0.0
2024-06-11,3110,3120,3060,3065,27033,-0.014469453376205754
2024-06-12,3045,3200,3035,3065,26652,0.0
2024-06-13,3065,3180,3055,3125,28023,0.019575856443719397
2024-06-14,3095,3190,3065,3180,32661,0.01760000000000006
2024-06-17,3200,3205,3105,3130,28143,-0.01572327044025157
2024-06-18,3125,3255,3070,3110,52687,-0.006389776357827448
2024-06-19,3110,3120,3040,3070,23555,-0.012861736334405127
2024-06-20,3350,3440,3035,3075,314613,0.0016286644951140072
2024-06-21,3060,3060,2905,2990,48033,-0.027642276422764178
2024-06-24,2925,2985,2880,2890,36496,-0.03344481605351168
2024-06-25,2875,3110,2865,2925,18588,0.01211072664359869
2024-06-26,2920,2920,2840,2895,36299,-0.01025641025641022
2024-06-27,2895,2895,2795,2795,27543,-0.0345423143350605
2024-06-28,2770,2950,2755,2880,49243,0.030411449016100267
2024-07-01,2855,2910,2825,2855,20701,-0.00868055555555558
2024-07-02,2830,2875,2740,2785,24828,-0.024518388791593737
2024-07-03,2785,2800,2720,2750,18269,-0.012567324955116699
2024-07-04,2695,2800,2695,2695,8292,-0.020000000000000018
2024-07-05,2695,2850,2690,2735,12943,0.014842300556586308
2024-07-08,2735,2800,2705,2780,6680,0.01645338208409508
2024-07-09,2780,2840,2745,2775,7735,-0.0017985611510791255
2024-07-10,2775,2875,2775,2855,17929,0.028828828828828756
2024-07-11,2890,2890,2700,2855,14780,0.0
2024-07-12,2800,2885,2780,2850,4949,-0.0017513134851138146
2024-07-15,2850,2860,2770,2800,7604,-0.01754385964912286
2024-07-16,2800,2875,2775,2795,4316,-0.0017857142857142794
2024-07-17,2790,2865,2755,2790,7359,-0.0017889087656529634
2024-07-18,2835,2870,2680,2705,34693,-0.03046594982078854
2024-07-19,2705,2755,2665,2725,8058,0.007393715341959428
2024-07-22,2730,2750,2650,2720,11862,-0.0018348623853210455
2024-07-23,2695,2840,2655,2655,23688,-0.023897058823529438
2024-07-24,2635,2795,2635,2680,5992,0.009416195856873921
2024-07-25,2675,2750,2600,2660,16769,-0.007462686567164201
2024-07-26,2625,2715,2600,2685,14598,0.009398496240601517
2024-07-29,2685,2765,2585,2715,19766,0.011173184357541999
2024-07-30,2715,2750,2650,2700,5045,-0.0055248618784530246
2024-07-31,2700,2740,2670,2705,6021,0.0018518518518517713
2024-08-01,2690,2760,2690,2750,19917,0.01663585951940849
2024-08-02,2705,2750,2640,2645,25075,-0.038181818181818206
2024-08-05,2615,2640,2185,2400,61820,-0.09262759924385633
2024-08-06,2315,2445,2315,2345,59427,-0.022916666666666696
2024-08-07,2345,2410,2345,2380,14873,0.014925373134328401
2024-08-08,2370,2455,2370,2420,14497,0.01680672268907557
2024-08-09,2440,2505,2440,2480,7065,0.024793388429751984
2024-08-12,2485,2540,2450,2500,9849,0.008064516129032251
2024-08-13,2500,2505,2400,2400,18030,-0.040000000000000036
2024-08-14,2410,2480,2380,2480,11169,0.03333333333333344
2024-08-16,2460,2580,2410,2505,28514,0.010080645161290258
2024-08-19,2505,2515,2420,2490,11759,-0.005988023952095856
2024-08-20,2485,2485,2420,2465,13082,-0.010040160642570295
2024-08-21,2440,2460,2400,2405,11171,-0.024340770791075106
2024-08-22,2410,2470,2390,2420,16114,0.006237006237006293
2024-08-23,2420,2450,2395,2420,7087,0.0
2024-08-26,2420,2655,2350,2350,106032,-0.02892561983471076
2024-08-27,2345,2440,2340,2360,16586,0.004255319148936065
2024-08-28,2365,2480,2350,2465,20480,0.044491525423728806
2024-08-29,2445,2505,2320,2320,46016,-0.05882352941176472
2024-08-30,2340,2340,2305,2330,15174,0.004310344827586299
2024-09-02,2330,2340,2270,2275,26933,-0.023605150214592308
2024-09-03,2275,2370,2245,2275,30605,0.0
2024-09-04,2230,2235,2180,2180,20940,-0.04175824175824172
2024-09-05,2180,2265,2175,2195,5793,0.006880733944954143
2024-09-06,2180,2235,2145,2145,9260,-0.02277904328018221
2024-09-09,2145,2185,2080,2125,21103,-0.009324009324009341
2024-09-10,2145,2155,2000,2115,20416,-0.004705882352941226
2024-09-11,2135,2170,2100,2165,3226,0.023640661938534313
2024-09-12,2185,2185,2110,2165,12060,0.0
2024-09-13,2175,2200,2130,2160,5046,-0.002309468822170868
2024-09-19,2180,2210,2130,2170,9305,0.004629629629629539
2024-09-20,2190,2190,2130,2185,15343,0.00691244239631339
2024-09-23,2205,2280,2165,2240,10337,0.02517162471395884
2024-09-24,2240,2240,2205,2215,5484,-0.011160714285714302
2024-09-25,2235,2330,2215,2300,21621,0.038374717832957206
2024-09-26,2320,2345,2270,2290,4115,-0.004347826086956497
2024-09-27,2280,2380,2250,2320,3222,0.013100436681222627
2024-09-30,2340,2350,2260,2290,7896,-0.012931034482758674
2024-10-02,2320,2320,2220,2265,8055,-0.01091703056768556
2024-10-04,2285,2335,2220,2225,15359,-0.017660044150110354
2024-10-07,2320,2320,2215,2265,10687,0.01797752808988773
2024-10-08,2260,2260,2215,2260,2080,-0.002207505518763808
2024-10-10,2285,2335,2205,2205,9406,-0.02433628318584069
2024-10-11,2280,2670,2195,2215,288898,0.0045351473922903285
2024-10-14,2215,2250,2200,2215,42330,0.0
2024-10-15,2245,2245,2205,2240,15529,0.011286681715575675
2024-10-16,2230,2270,2215,2255,5367,0.006696428571428603
2024-10-17,2290,2415,2230,2245,25856,-0.0044345898004434225
2024-10-18,2310,2310,2230,2250,7693,0.00222717149220486
2024-10-21,2330,2330,2220,2265,8016,0.006666666666666599
2024-10-22,2250,2250,2165,2170,20405,-0.04194260485651213
2024-10-23,2200,2295,2150,2295,21226,0.05760368663594462
2024-10-24,2270,2270,2200,2215,4794,-0.034858387799564294
2024-10-25,2195,2215,2155,2215,1642,0.0
2024-10-28,2180,2215,2165,2165,8809,-0.02257336343115124
2024-10-29,2195,2250,2105,2225,8106,0.02771362586605086
2024-10-30,2215,2240,2155,2185,7825,-0.017977528089887618
2024-10-31,2205,2205,2145,2185,7043,0.0
2024-11-01,2165,2185,2115,2155,10592,-0.013729977116704761
2024-11-04,2160,2210,2110,2150,7642,-0.002320185614849146
2024-11-05,2155,2250,2150,2170,9686,0.009302325581395321
2024-11-06,2190,2195,2070,2150,44001,-0.009216589861751112
2024-11-07,2150,2150,2095,2095,7675,-0.025581395348837188
2024-11-08,2115,2175,2060,2070,33252,-0.011933174224343701
2024-11-11,2050,2055,1900,1984,24610,-0.04154589371980677
2024-11-12,1965,2030,1915,1950,26981,-0.017137096774193505
2024-11-13,1936,2035,1915,1945,6826,-0.002564102564102555
2024-11-14,1917,2000,1917,1994,10306,0.025192802056555275
2024-11-15,1993,2045,1946,1993,16604,-0.0005015045135405849
2024-11-18,1992,2040,1922,2030,16035,0.018564977420973516
2024-11-19,2010,2015,1971,2015,2417,-0.007389162561576401
2024-11-20,1994,2010,1943,1990,8673,-0.012406947890818865
2024-11-21,1971,2025,1906,2025,6745,0.017587939698492372
2024-11-22,1965,2025,1965,1991,7887,-0.016790123456790096
2024-11-25,1972,1974,1934,1967,11102,-0.012054244098443023
2024-11-26,1967,2000,1948,1959,11060,-0.004067107269954295
2024-11-27,1940,2000,1940,1942,3135,-0.00867789688616638
2024-11-28,1931,1999,1931,1945,980,0.001544799176107059
2024-11-29,1944,2330,1934,1954,157050,0.004627249357326502
2024-12-02,1951,1951,1875,1875,17055,-0.04042988741044007
2024-12-03,1875,1927,1860,1913,10380,0.020266666666666655
2024-12-04,1925,1949,1897,1897,29713,-0.008363826450601186
2024-12-05,1897,1945,1895,1922,17732,0.01317870321560366
2024-12-06,1907,1998,1790,1965,28193,0.02237252861602501
2024-12-09,1935,1962,1841,1907,25409,-0.029516539440203604
2024-12-10,1907,2215,1857,2215,71536,0.16151022548505511
2024-12-11,2390,2875,2265,2875,745580,0.2979683972911964
2024-12-12,3600,3600,2795,3190,2063026,0.10956521739130443
2024-12-13,3100,3340,2850,3230,547994,0.012539184952978122
2024-12-16,3400,3400,3030,3070,330994,-0.049535603715170295
2024-12-17,3040,3045,2675,2825,242700,-0.07980456026058635
2024-12-18,2795,2850,2610,2845,109574,0.0070796460176991705
2024-12-19,2725,2930,2700,2805,78239,-0.01405975395430581
2024-12-20,2810,2880,2600,2690,75448,-0.04099821746880572
2024-12-23,2690,2830,2680,2740,65733,0.018587360594795488
2024-12-24,2740,2820,2620,2710,65378,-0.010948905109489093
2024-12-26,2700,2795,2600,2695,49549,-0.005535055350553542
2024-12-27,2680,2820,2620,2625,58013,-0.025974025974025983
2024-12-30,2575,2690,2480,2605,39407,-0.007619047619047636
2025-01-02,2670,2895,2670,2835,71533,0.08829174664107486
2025-01-03,2855,2880,2740,2800,56962,-0.012345679012345734
2025-01-06,2800,2805,2705,2730,45669,-0.025000000000000022
2025-01-07,2710,2800,2590,2790,15960,0.0219780219780219
2025-01-08,2765,2905,2730,2870,49113,0.028673835125448077
2025-01-09,2845,2960,2815,2900,29697,0.010452961672473782
2025-01-10,2900,2980,2800,2910,29930,0.0034482758620688614
2025-01-13,2885,2940,2700,2780,53809,-0.044673539518900296
2025-01-14,2755,2875,2735,2870,33671,0.03237410071942448
2025-01-15,2900,2995,2730,2730,69580,-0.04878048780487809
2025-01-16,2760,2885,2725,2730,51585,0.0
2025-01-17,2705,3030,2705,2900,150448,0.06227106227106227
2025-01-20,3000,3080,2800,2800,193908,-0.03448275862068961
2025-01-21,2800,2950,2765,2925,93741,0.044642857142857206
2025-01-22,2985,3040,2910,3035,71537,0.037606837606837695
2025-01-23,3035,3160,2930,3000,77706,-0.011532125205930832
2025-01-24,2970,3000,2905,3000,38032,0.0
2025-01-31,2940,3000,2875,2940,75031,-0.020000000000000018
2025-02-03,2880,2880,2745,2750,107547,-0.06462585034013602
2025-02-04,2755,2905,2755,2905,24805,0.056363636363636394
2025-02-05,2875,2905,2805,2850,32386,-0.018932874354561147
2025-02-06,2850,2860,2760,2770,25171,-0.028070175438596467
2025-02-07,2800,2855,2715,2750,19225,-0.0072202166064981865
2025-02-10,2810,2865,2710,2740,23479,-0.0036363636363636598
2025-02-11,2890,2890,2705,2720,51728,-0.007299270072992692
2025-02-12,2730,2805,2720,2795,10399,0.02757352941176472
2025-02-13,2775,3030,2720,2915,90987,0.0429338103756709
2025-02-14,2945,2945,2815,2920,30610,0.0017152658662091813
2025-02-17,2890,2970,2830,2970,24696,0.017123287671232834
2025-02-18,2955,2970,2875,2970,28241,0.0
2025-02-19,2940,3050,2940,3025,46292,0.0185185185185186
2025-02-20,3015,3145,2985,3125,67118,0.03305785123966931
2025-02-21,3135,3170,3080,3125,65624,0.0
2025-02-24,3130,3290,3065,3250,101296,0.040000000000000036
2025-02-25,3250,3290,3155,3280,68763,0.009230769230769154
2025-02-26,3200,3240,2550,2620,1013598,-0.2012195121951219
2025-02-27,2630,2630,2250,2285,425013,-0.12786259541984735
2025-02-28,2315,2415,2285,2345,123151,0.026258205689277947
2025-03-04,2395,2400,2270,2270,69972,-0.031982942430703654
2025-03-05,2295,2390,2260,2315,65398,0.01982378854625555
2025-03-06,2315,2440,2235,2295,171207,-0.008639308855291628
2025-03-07,2300,2440,2290,2315,99714,0.008714596949890963
2025-03-10,2360,2390,2235,2285,30292,-0.01295896328293733
2025-03-11,2280,2360,2240,2290,19527,0.002188183807439792
2025-03-12,2270,2390,2235,2360,45423,0.03056768558951961
2025-03-13,2370,2420,2280,2280,29142,-0.03389830508474578
2025-03-14,2320,2415,2240,2400,41786,0.05263157894736836
2025-03-17,2440,2470,2360,2430,28319,0.012499999999999956
2025-03-18,2410,2415,2365,2395,25046,-0.014403292181069949
2025-03-19,2390,2470,2305,2305,31061,-0.0375782881002088
2025-03-20,2335,2365,2210,2250,38305,-0.02386117136659438
2025-03-21,2380,2445,2300,2325,93070,0.03333333333333344
2025-03-24,2325,2460,2265,2320,134711,-0.0021505376344086446
2025-03-25,2340,2405,2220,2275,42423,-0.0193965517241379
2025-03-26,2285,2285,2200,2275,72644,0.0
2025-03-27,2415,2520,2295,2410,190581,0.05934065934065935
2025-03-28,2410,2435,2305,2435,52276,0.010373443983402453
2025-03-31,2435,2435,2280,2285,46589,-0.061601642710472304
2025-04-01,2300,2650,2250,2580,492485,0.12910284463894972
2025-04-02,2580,2665,2390,2665,221416,0.032945736434108586
2025-04-03,2560,2910,2560,2695,336217,0.011257035647279645
2025-04-04,2770,3160,2500,2990,1096076,0.10946196660482377
2025-04-07,3100,3650,3040,3210,1190344,0.0735785953177257
2025-04-08,3050,3395,2940,3130,539962,-0.024922118380062308
2025-04-09,3140,3290,2830,3000,308821,-0.04153354632587858
2025-04-10,2990,3190,2990,3135,200801,0.04499999999999993
2025-04-11,3100,3225,2905,2935,238174,-0.06379585326953752
2025-04-14,2930,2985,2770,2910,199472,-0.008517887563884163
2025-04-15,2910,2980,2765,2840,152386,-0.02405498281786944
2025-04-16,2845,2985,2795,2830,182159,-0.0035211267605633756
2025-04-17,2800,2945,2795,2935,209303,0.03710247349823326
2025-04-18,2905,2955,2810,2945,120608,0.0034071550255536653
2025-04-21,3015,3040,2830,2875,149107,-0.02376910016977929
2025-04-22,2890,3240,2810,2970,813860,0.03304347826086951
2025-04-23,2905,2935,2750,2800,206435,-0.0572390572390572
2025-04-24,2800,2845,2595,2720,154880,-0.02857142857142858
2025-04-25,2720,2725,2605,2685,62760,-0.012867647058823484
2025-04-28,2685,2685,2410,2445,197529,-0.08938547486033521
2025-04-29,2445,2645,2445,2570,120890,0.05112474437627812
2025-04-30,2570,2615,2480,2615,69087,0.017509727626459082
2025-05-02,2525,2570,2405,2480,119522,-0.05162523900573612
2025-05-07,2460,2500,2385,2485,80797,0.002016129032258007
2025-05-08,2485,2490,2360,2400,90090,-0.03420523138832998
2025-05-09,2400,2445,2335,2420,77994,0.008333333333333304
2025-05-12,2390,2580,2385,2500,138139,0.03305785123966931
2025-05-13,2515,2515,2380,2400,64261,-0.040000000000000036
2025-05-14,2365,2435,2365,2410,41732,0.004166666666666652
2025-05-15,2485,2485,2345,2395,75033,-0.006224066390041472
2025-05-16,2390,2400,2305,2380,87073,-0.006263048016701411
2025-05-19,2310,2355,2235,2240,136352,-0.05882352941176472
2025-05-20,2240,2305,2195,2295,20061,0.024553571428571397
2025-05-21,2270,2310,2235,2280,24512,-0.006535947712418277
2025-05-22,2295,2295,2225,2280,33176,0.0
2025-05-23,2270,2270,2205,2230,30102,-0.021929824561403466
2025-05-26,2190,2200,2050,2065,120462,-0.07399103139013452
2025-05-27,2050,2105,2015,2040,37225,-0.01210653753026636
2025-05-28,2040,2115,2020,2100,33698,0.02941176470588225
2025-05-29,2100,2175,2080,2135,29281,0.016666666666666607
2025-05-30,2135,2215,2040,2050,37826,-0.03981264637002346
2025-06-02,2145,2145,2045,2080,24252,0.014634146341463428
2025-06-04,2090,2145,2050,2120,22488,0.019230769230769162
2025-06-05,2140,2350,2110,2200,84859,0.037735849056603765
2025-06-09,2350,2370,2230,2240,86581,0.018181818181818077
2025-06-10,2265,2305,2205,2230,22407,-0.004464285714285698
2025-06-11,2250,2300,2155,2155,33880,-0.03363228699551568
2025-06-12,2175,2245,2150,2230,31719,0.03480278422273786
2025-06-13,2230,2230,2120,2160,78895,-0.03139013452914796
2025-06-16,2180,2195,2100,2170,40141,0.004629629629629539
2025-06-17,2180,2180,2120,2170,32250,0.0
2025-06-18,2160,2165,2140,2160,17491,-0.004608294930875556
2025-06-19,2175,2190,2105,2115,24046,-0.02083333333333337
2025-06-20,2115,2200,2110,2150,44530,0.016548463356973908
2025-06-23,2125,2155,2065,2090,70864,-0.027906976744186074
2025-06-24,2085,2180,2085,2130,11467,0.019138755980861344
2025-06-25,2130,2175,2090,2130,33890,0.0
2025-06-26,2120,2170,2085,2155,22464,0.011737089201877993
2025-06-27,2240,2460,2165,2165,337815,0.004640371229698292
2025-06-30,2200,2255,2170,2205,46624,0.018475750577367167
2025-07-01,2205,2295,2170,2200,25542,-0.0022675736961451642
2025-07-02,2180,2200,2090,2140,34748,-0.027272727272727226
2025-07-03,2160,2230,2130,2170,16642,0.014018691588784993
2025-07-04,2190,2265,2135,2160,81934,-0.004608294930875556
2025-07-07,2130,2190,2130,2160,11458,0.0
