Date,Open,High,Low,Close,Volume,Change
2022-01-03,7050,7090,6940,7090,33773,0.007102272727272707
2022-01-04,7090,7150,7030,7140,30824,0.007052186177715081
2022-01-05,7140,7250,7100,7190,49871,0.007002801120448154
2022-01-06,7090,7770,7020,7420,175735,0.03198887343532686
2022-01-07,7400,7780,7340,7700,197851,0.037735849056603765
2022-01-10,7700,7700,7400,7510,120590,-0.024675324675324628
2022-01-11,7480,7580,7280,7390,72412,-0.015978695073235683
2022-01-12,7360,7500,7350,7470,35630,0.010825439783491264
2022-01-13,7490,7570,7450,7460,46167,-0.0013386880856760541
2022-01-14,7380,7500,7320,7400,33048,-0.008042895442359255
2022-01-17,7350,7370,7130,7140,40324,-0.03513513513513511
2022-01-18,7090,7220,6910,7020,50299,-0.01680672268907568
2022-01-19,6950,7100,6870,6950,41186,-0.009971509971509973
2022-01-20,6950,7070,6880,7070,25545,0.01726618705035965
2022-01-21,7140,7190,7030,7050,27603,-0.0028288543140028155
2022-01-24,6950,6980,6670,6700,42944,-0.049645390070921946
2022-01-25,6670,6720,6400,6510,59130,-0.028358208955223896
2022-01-26,6420,6770,6400,6560,28810,0.007680491551459223
2022-01-27,6560,6770,6300,6450,64495,-0.01676829268292679
2022-01-28,6550,8140,6400,7260,4206807,0.12558139534883717
2022-02-03,7390,8120,7240,7680,1424581,0.05785123966942152
2022-02-04,7700,7790,7260,7560,675828,-0.015625
2022-02-07,7560,7680,7330,7400,167960,-0.021164021164021163
2022-02-08,7460,7480,7140,7210,179210,-0.025675675675675635
2022-02-09,7210,7350,7180,7350,96725,0.01941747572815533
2022-02-10,7350,7390,7150,7170,90207,-0.024489795918367308
2022-02-11,7140,7140,6830,6900,132791,-0.03765690376569042
2022-02-14,6680,6780,6590,6620,103232,-0.04057971014492756
2022-02-15,6560,6690,6450,6470,114530,-0.0226586102719033
2022-02-16,6550,6780,6550,6780,73926,0.04791344667697062
2022-02-17,6830,6850,6560,6740,106184,-0.005899705014749235
2022-02-18,6670,6830,6610,6820,36387,0.011869436201780381
2022-02-21,6820,6850,6620,6850,38822,0.004398826979472137
2022-02-22,6800,6840,6590,6600,62380,-0.03649635036496346
2022-02-23,6590,6740,6570,6680,41542,0.0121212121212122
2022-02-24,6680,6750,6600,6620,52029,-0.008982035928143728
2022-02-25,6630,6820,6630,6710,39156,0.013595166163141936
2022-02-28,6950,7090,6780,6790,158246,0.011922503725782407
2022-03-02,6830,6910,6790,6870,57688,0.01178203240058906
2022-03-03,6880,7020,6880,6950,34956,0.011644832605531397
2022-03-04,6950,7010,6910,6970,33105,0.0028776978417266452
2022-03-07,6900,6970,6800,6870,39051,-0.01434720229555242
2022-03-08,6630,6810,6630,6720,44377,-0.02183406113537123
2022-03-10,6740,6860,6710,6710,37172,-0.0014880952380952328
2022-03-11,6770,7210,6760,7180,189216,0.07004470938897178
2022-03-14,7180,7260,6930,6990,93474,-0.026462395543175532
2022-03-15,6920,7590,6920,7240,351944,0.03576537911301858
2022-03-16,7270,7380,7090,7260,72939,0.0027624309392264568
2022-03-17,7360,7360,7220,7290,58243,0.004132231404958775
2022-03-18,7290,7320,7200,7280,42432,-0.00137174211248281
2022-03-21,7280,7310,7170,7200,40439,-0.01098901098901095
2022-03-22,7260,7270,7180,7240,22572,0.005555555555555536
2022-03-23,7280,7500,7240,7390,77056,0.02071823204419898
2022-03-24,7380,7470,7240,7410,50287,0.0027063599458727605
2022-03-25,7410,7460,7230,7270,41302,-0.018893387314439902
2022-03-28,7270,7330,7210,7300,41924,0.004126547455295837
2022-03-29,7280,7350,7210,7310,40951,0.00136986301369868
2022-03-30,7370,7370,7150,7230,38602,-0.01094391244870041
2022-03-31,7230,7350,7130,7320,44307,0.012448132780082943
2022-04-01,7320,7330,7220,7330,36370,0.001366120218579292
2022-04-04,7330,7530,7300,7530,92589,0.027285129604365688
2022-04-05,7740,7800,7380,7430,171189,-0.013280212483399723
2022-04-06,7430,7510,7330,7340,41935,-0.012113055181695809
2022-04-07,7310,7310,7090,7150,58548,-0.02588555858310626
2022-04-08,7090,7190,6990,7120,53339,-0.004195804195804231
2022-04-11,7120,7120,6960,6970,35554,-0.021067415730337102
2022-04-12,6900,6960,6810,6940,31536,-0.004304160688665681
2022-04-13,6910,7170,6900,7150,28647,0.030259365994236287
2022-04-14,7150,7230,7120,7160,21525,0.0013986013986013734
2022-04-15,7150,7160,7080,7150,18307,-0.0013966480446927498
2022-04-18,7150,7210,7100,7200,27430,0.006993006993007089
2022-04-19,7170,7230,7100,7200,34887,0.0
2022-04-20,7270,7270,7190,7270,20393,0.009722222222222188
2022-04-21,7300,7850,7280,7480,750633,0.028885832187070193
2022-04-22,7480,7530,7330,7340,97164,-0.018716577540106916
2022-04-25,7170,7270,7090,7200,62746,-0.019073569482288777
2022-04-26,7130,7500,7130,7500,105083,0.04166666666666674
2022-04-27,7350,7370,7230,7310,42372,-0.02533333333333332
2022-04-28,7290,7450,7110,7130,83283,-0.024623803009575895
2022-04-29,7140,7420,7140,7350,78306,0.030855539971949453
2022-05-02,7280,7500,7210,7460,46017,0.014965986394557929
2022-05-03,7540,7630,7450,7470,57883,0.0013404825737264314
2022-05-04,7490,7560,7370,7490,43434,0.0026773761713521083
2022-05-06,7430,7560,7340,7540,75842,0.006675567423231055
2022-05-09,7540,7750,7470,7540,184767,0.0
2022-05-10,7450,7540,7200,7540,101065,0.0
2022-05-11,7530,7650,7460,7520,66163,-0.0026525198938992522
2022-05-12,8000,8400,7170,7170,1001245,-0.046542553191489366
2022-05-13,7210,7940,7210,7710,742051,0.07531380753138084
2022-05-16,7740,7800,7600,7630,146630,-0.01037613488975353
2022-05-17,7640,7860,7410,7460,210214,-0.022280471821756187
2022-05-18,7460,7530,7360,7490,75754,0.004021447721179516
2022-05-19,7260,7550,7210,7550,68428,0.008010680907877266
2022-05-20,7550,7680,7480,7660,71999,0.014569536423840956
2022-05-23,7660,7730,7590,7670,59355,0.0013054830287206887
2022-05-24,7680,8400,7610,8030,1250323,0.046936114732724965
2022-05-25,8100,8330,7630,7920,595983,-0.013698630136986356
2022-05-26,7920,8310,7900,8230,414241,0.039141414141414144
2022-05-27,8350,8560,8100,8100,576034,-0.015795868772782495
2022-05-30,8040,8170,7950,7960,139958,-0.01728395061728394
2022-05-31,7960,8370,7890,8220,156759,0.03266331658291466
2022-06-02,8200,8450,8200,8320,155852,0.012165450121654597
2022-06-03,8330,8450,8250,8260,131283,-0.007211538461538436
2022-06-07,8260,8820,8190,8340,546124,0.009685230024213176
2022-06-08,8340,8640,8290,8340,263031,0.0
2022-06-09,8340,8340,7990,7990,193266,-0.04196642685851315
2022-06-10,7940,8270,7900,8270,151987,0.03504380475594493
2022-06-13,8030,8270,7670,7690,208340,-0.07013301088270862
2022-06-14,7510,7830,7300,7590,245551,-0.013003901170351106
2022-06-15,7550,7640,7180,7350,123997,-0.031620553359683834
2022-06-16,7410,7820,7410,7570,110527,0.029931972789115635
2022-06-17,7330,7600,7220,7600,87863,0.003963011889035695
2022-06-20,7720,7850,7200,7290,160452,-0.04078947368421049
2022-06-21,7240,7380,7080,7230,85643,-0.008230452674897082
2022-06-22,7230,7330,6830,6830,107107,-0.05532503457814664
2022-06-23,6830,6860,6170,6170,245972,-0.09663250366032206
2022-06-24,6120,6400,6110,6400,96297,0.037277147487844386
2022-06-27,6440,6680,6350,6610,114709,0.03281249999999991
2022-06-28,6670,6830,6580,6790,83811,0.027231467473525006
2022-06-29,6620,6840,6560,6710,55276,-0.01178203240058906
2022-06-30,6710,6890,6450,6540,58460,-0.025335320417287588
2022-07-01,6620,6850,6390,6530,102261,-0.001529051987767538
2022-07-04,6650,7780,6500,6710,4049747,0.027565084226646164
2022-07-05,6800,7040,6710,7040,476397,0.049180327868852514
2022-07-06,7350,7370,6790,6790,443350,-0.035511363636363646
2022-07-07,6910,7920,6870,7750,1610533,0.14138438880706916
2022-07-08,7650,7840,7600,7630,356633,-0.015483870967741953
2022-07-11,7530,7550,7030,7190,369364,-0.05766710353866322
2022-07-12,7060,7100,6720,6870,207627,-0.0445062586926287
2022-07-13,6720,6950,6570,6830,131215,-0.005822416302765698
2022-07-14,6830,7510,6780,7250,530850,0.061493411420205035
2022-07-15,7210,7370,7100,7260,165574,0.0013793103448276334
2022-07-18,7300,7390,7000,7100,179056,-0.02203856749311295
2022-07-19,7080,7500,6990,7120,150105,0.0028169014084507005
2022-07-20,7190,7260,7070,7080,104072,-0.005617977528089901
2022-07-21,7140,7190,7060,7180,51908,0.01412429378531077
2022-07-22,7190,7380,7110,7340,115300,0.022284122562674202
2022-07-25,7430,7970,7300,7890,834601,0.07493188010899177
2022-07-26,7770,7920,7600,7650,243351,-0.03041825095057038
2022-07-27,7600,7610,7380,7580,206854,-0.009150326797385588
2022-07-28,7600,7640,7350,7640,159197,0.0079155672823219
2022-07-29,7640,7640,7380,7450,219330,-0.02486910994764402
2022-08-01,7330,7360,6920,7000,232582,-0.06040268456375841
2022-08-02,7090,7150,6910,6920,173487,-0.011428571428571455
2022-08-03,6850,7040,6810,6990,107624,0.01011560693641611
2022-08-04,7060,7140,6970,7090,98449,0.014306151645207432
2022-08-05,7110,7110,6950,7060,123357,-0.004231311706629048
2022-08-08,7150,7700,7080,7190,741557,0.018413597733710985
2022-08-09,7170,7170,6890,6950,168038,-0.033379694019471495
2022-08-10,6970,7020,6710,6720,128888,-0.03309352517985609
2022-08-11,6930,6930,6720,6760,76161,0.005952380952380931
2022-08-12,6760,6830,6700,6790,36654,0.004437869822485174
2022-08-16,6930,6930,6720,6750,48548,-0.00589101620029453
2022-08-17,6780,6900,6720,6780,71171,0.004444444444444473
2022-08-18,6760,6770,6390,6570,92288,-0.030973451327433676
2022-08-19,6570,6580,6370,6370,80137,-0.030441400304414
2022-08-22,6230,6370,6160,6160,63098,-0.03296703296703296
2022-08-23,6160,7400,6160,6230,6047469,0.011363636363636465
2022-08-24,6290,6350,6210,6310,281083,0.01284109149277679
2022-08-25,6360,6390,6300,6380,135682,0.011093502377178988
2022-08-26,6450,6480,6370,6380,174241,0.0
2022-08-29,6160,6270,6100,6200,118918,-0.028213166144200663
2022-08-30,6190,6310,6160,6240,87453,0.006451612903225712
2022-08-31,6260,6350,6170,6300,89928,0.009615384615384581
2022-09-01,6280,6340,6140,6150,78494,-0.023809523809523836
2022-09-02,6150,6260,6110,6180,67426,0.004878048780487809
2022-09-05,6180,6230,6120,6170,41272,-0.0016181229773463146
2022-09-06,6150,6280,6150,6260,52520,0.014586709886547755
2022-09-07,6310,6310,6140,6160,61644,-0.015974440894568676
2022-09-08,6160,6230,6160,6170,33017,0.0016233766233766378
2022-09-13,6250,6340,6230,6290,50424,0.01944894651539708
2022-09-14,6190,6210,6100,6190,58888,-0.015898251192368873
2022-09-15,6240,6280,6160,6210,60728,0.003231017770597644
2022-09-16,6160,6190,6020,6030,63526,-0.02898550724637683
2022-09-19,6030,6080,5700,5770,100600,-0.04311774461028195
2022-09-20,5770,5910,5760,5860,30415,0.015597920277296451
2022-09-21,5860,5900,5750,5840,31682,-0.0034129692832765013
2022-09-22,5780,5840,5680,5780,38089,-0.010273972602739767
2022-09-23,5770,6100,5670,5730,69243,-0.00865051903114189
2022-09-26,5670,5710,5340,5360,77874,-0.06457242582897038
2022-09-27,5240,5360,5080,5250,50108,-0.020522388059701524
2022-09-28,5250,5300,4990,5020,52616,-0.043809523809523854
2022-09-29,5030,5190,5020,5020,41501,0.0
2022-09-30,5020,5170,4895,5050,42233,0.005976095617529875
2022-10-04,5080,5350,5080,5300,32293,0.04950495049504955
2022-10-05,5390,5480,5240,5290,34076,-0.0018867924528301883
2022-10-06,5290,5450,5290,5440,18627,0.02835538752362954
2022-10-07,5440,5490,5360,5440,10497,0.0
2022-10-11,5380,5380,5060,5060,36058,-0.06985294117647056
2022-10-12,4955,5050,4950,4975,26303,-0.01679841897233203
2022-10-13,4950,4950,4665,4680,73602,-0.059296482412060314
2022-10-14,4680,4885,4680,4875,28100,0.04166666666666674
2022-10-17,4875,5040,4825,4985,23679,0.022564102564102573
2022-10-18,5040,5160,5000,5160,19758,0.03510531594784361
2022-10-19,5210,5250,5100,5120,26980,-0.007751937984496138
2022-10-20,5120,5200,4990,4990,27430,-0.025390625
2022-10-21,4945,5050,4900,4950,26611,-0.008016032064128265
2022-10-24,4975,5180,4975,5170,30956,0.04444444444444451
2022-10-25,5190,5240,5080,5110,22937,-0.011605415860735047
2022-10-26,5110,5200,5100,5100,17917,-0.00195694716242667
2022-10-27,5110,5190,5090,5180,10331,0.015686274509803866
2022-10-28,5180,5220,5040,5130,21605,-0.009652509652509633
2022-10-31,5130,5130,5060,5130,11816,0.0
2022-11-01,5250,5470,5130,5320,41162,0.03703703703703698
2022-11-02,5420,5420,5320,5370,18732,0.009398496240601517
2022-11-03,5250,5470,5150,5420,23245,0.009310986964618184
2022-11-04,5350,5400,5250,5340,14043,-0.014760147601476037
2022-11-07,5340,5490,5340,5450,15817,0.020599250936329527
2022-11-08,5440,5530,5350,5430,18726,-0.003669724770642202
2022-11-09,5430,5480,5390,5420,16412,-0.0018416206261510082
2022-11-10,5400,6300,5330,5790,2203382,0.06826568265682664
2022-11-11,5840,5900,5680,5700,227898,-0.015544041450777257
2022-11-14,5700,5850,5620,5740,110423,0.007017543859649145
2022-11-15,5850,6050,5720,5790,156442,0.008710801393728262
2022-11-16,5860,5860,5660,5780,51667,-0.0017271157167529916
2022-11-17,5770,7300,5650,5700,3513967,-0.01384083044982698
2022-11-18,5670,5770,5570,5590,281366,-0.019298245614035037
2022-11-21,5590,5650,5480,5510,105798,-0.014311270125223596
2022-11-22,5480,5620,5450,5620,72399,0.019963702359346636
2022-11-23,5620,5720,5560,5650,72286,0.005338078291814874
2022-11-24,5700,5720,5650,5680,53332,0.005309734513274433
2022-11-25,5740,5740,5610,5660,55669,-0.0035211267605633756
2022-11-28,5620,5650,5480,5500,55840,-0.028268551236749095
2022-11-29,5430,5610,5430,5590,29934,0.016363636363636358
2022-11-30,5610,5640,5550,5590,37307,0.0
2022-12-01,5650,5690,5600,5650,50096,0.01073345259391778
2022-12-02,5700,5700,5630,5660,41147,0.001769911504424737
2022-12-05,5620,5700,5620,5650,33268,-0.0017667844522968323
2022-12-06,5590,5640,5470,5480,38530,-0.030088495575221197
2022-12-07,5420,5470,5340,5450,64930,-0.005474452554744547
2022-12-08,5370,5400,5220,5220,57726,-0.04220183486238527
2022-12-09,5230,5370,5220,5370,31663,0.028735632183908066
2022-12-12,5420,5450,5340,5360,17492,-0.0018621973929237035
2022-12-13,5350,5420,5340,5390,16427,0.005597014925373234
2022-12-14,5390,5530,5380,5490,24732,0.01855287569573294
2022-12-15,5540,5670,5530,5550,39108,0.010928961748633892
2022-12-16,5550,5670,5470,5470,32955,-0.014414414414414378
2022-12-19,5420,5440,5320,5380,14636,-0.01645338208409508
2022-12-20,5330,5370,5260,5260,22320,-0.022304832713754608
2022-12-21,5200,5340,5200,5260,26328,0.0
2022-12-22,5260,5410,5260,5300,11306,0.0076045627376426506
2022-12-23,5300,5300,5160,5170,27457,-0.024528301886792447
2022-12-26,5120,5250,5110,5150,23634,-0.003868471953578312
2022-12-27,5150,5350,5150,5300,19839,0.029126213592232997
2022-12-28,5360,5360,5200,5290,12809,-0.0018867924528301883
2022-12-29,5220,5240,5080,5160,21928,-0.02457466918714557
2023-01-02,5120,5160,4975,5050,31919,-0.02131782945736438
2023-01-03,5030,5120,4990,5090,29562,0.007920792079207928
2023-01-04,5000,5170,5000,5160,10061,0.013752455795677854
2023-01-05,5180,5300,5140,5230,13938,0.013565891472868241
2023-01-06,5250,5320,5170,5280,15506,0.009560229445506607
2023-01-09,5280,5360,5270,5310,12813,0.005681818181818121
2023-01-10,5310,5390,5290,5350,7468,0.007532956685499137
2023-01-11,5360,5850,5360,5530,405279,0.03364485981308407
2023-01-12,5520,5520,5370,5380,58129,-0.027124773960216952
2023-01-13,5420,6550,5370,5820,2930413,0.08178438661710041
2023-01-16,5810,5960,5750,5770,351732,-0.00859106529209619
2023-01-17,5710,5790,5600,5600,148654,-0.029462738301559765
2023-01-18,5580,5630,5450,5480,124533,-0.021428571428571463
2023-01-19,5480,5640,5450,5580,74459,0.018248175182481674
2023-01-20,5610,5630,5520,5600,38005,0.0035842293906809264
2023-01-25,5640,5670,5620,5660,53336,0.010714285714285676
2023-01-26,5690,5690,5610,5650,42785,-0.0017667844522968323
2023-01-27,5650,5720,5620,5670,41378,0.003539823008849474
2023-01-30,5660,5780,5630,5770,57820,0.01763668430335108
2023-01-31,5720,5790,5670,5750,49156,-0.0034662045060658286
2023-02-01,5750,5860,5660,5730,61094,-0.003478260869565264
2023-02-02,5740,5830,5720,5770,59649,0.00698080279232105
2023-02-03,5770,5870,5700,5700,55232,-0.012131715771230511
2023-02-06,5650,5670,5510,5620,63358,-0.01403508771929829
2023-02-07,5550,5680,5550,5680,49531,0.01067615658362997
2023-02-08,5680,5870,5680,5830,61223,0.02640845070422526
2023-02-09,5810,6000,5800,5870,96521,0.006861063464836947
2023-02-10,5870,5870,5650,5670,36586,-0.03407155025553665
2023-02-13,5710,5770,5620,5740,21811,0.012345679012345734
2023-02-14,5720,5900,5720,5840,47967,0.017421602787456525
2023-02-15,5950,6010,5650,5670,114906,-0.02910958904109584
2023-02-16,5670,5800,5670,5680,26828,0.0017636684303350414
2023-02-17,5700,5780,5640,5680,50848,0.0
2023-02-20,5680,5720,5600,5700,32364,0.0035211267605634866
2023-02-21,5700,5800,5700,5760,17685,0.010526315789473717
2023-02-22,5710,5790,5700,5710,26577,-0.00868055555555558
2023-02-23,5680,5780,5580,5710,27422,0.0
2023-02-24,5740,5820,5600,5620,37342,-0.015761821366024553
2023-02-27,5570,5610,5470,5590,76317,-0.005338078291814985
2023-02-28,5570,5730,5560,5670,26467,0.014311270125223707
2023-03-02,5720,5800,5710,5770,38809,0.01763668430335108
2023-03-03,5770,5830,5690,5730,30799,-0.006932409012131768
2023-03-06,5740,5890,5650,5890,63098,0.027923211169284423
2023-03-07,6080,6300,5730,5820,255818,-0.011884550084889645
2023-03-08,5770,5800,5670,5740,37481,-0.013745704467353903
2023-03-09,5740,5840,5680,5720,41052,-0.0034843205574912606
2023-03-10,5650,5700,5540,5560,42175,-0.027972027972028024
2023-03-13,5520,5550,5380,5460,43379,-0.017985611510791366
2023-03-14,5400,5590,5210,5270,64624,-0.034798534798534786
2023-03-15,5310,5470,5300,5460,33412,0.036053130929791344
2023-03-16,5460,5510,5270,5350,19856,-0.020146520146520186
2023-03-17,5420,5500,5390,5490,14630,0.026168224299065512
2023-03-20,5490,5600,5420,5540,26119,0.00910746812386165
2023-03-21,5540,5680,5520,5550,18958,0.0018050541516245744
2023-03-22,5550,5640,5410,5480,32433,-0.012612612612612595
2023-03-23,5400,5480,5380,5440,24547,-0.007299270072992692
2023-03-24,5440,5560,5440,5540,15191,0.018382352941176405
2023-03-27,5540,5640,5420,5490,14663,-0.009025270758122761
2023-03-28,5490,5630,5480,5600,31884,0.020036429872495543
2023-03-29,5540,5720,5540,5670,28957,0.012499999999999956
2023-03-30,5700,5820,5670,5780,47655,0.01940035273368612
2023-03-31,5840,5840,5680,5800,64773,0.0034602076124568004
2023-04-03,5920,6110,5850,6110,191832,0.053448275862068906
2023-04-04,6110,6180,6050,6170,90074,0.009819967266775809
2023-04-05,6200,6200,5980,6160,61222,-0.0016207455429497752
2023-04-06,6190,6190,5950,6070,60232,-0.01461038961038963
2023-04-07,6130,6130,6040,6060,20499,-0.0016474464579900872
2023-04-10,6110,6190,5900,6140,45472,0.013201320132013139
2023-04-11,6140,6140,5930,6090,31220,-0.008143322475570036
2023-04-12,6120,6240,6100,6190,53118,0.016420361247947435
2023-04-13,6190,6300,6100,6170,48122,-0.003231017770597755
2023-04-14,6230,6370,6190,6350,52853,0.029173419773095732
2023-04-17,6350,6780,6290,6400,280770,0.007874015748031482
2023-04-18,6400,6580,6200,6440,94108,0.006250000000000089
2023-04-19,6600,6630,6330,6530,100826,0.013975155279503104
2023-04-20,6530,6790,6230,6230,170746,-0.04594180704441042
2023-04-21,6200,6360,6070,6230,66238,0.0
2023-04-24,6220,6220,6000,6160,43387,-0.011235955056179803
2023-04-25,6130,6200,6040,6150,51357,-0.0016233766233766378
2023-04-26,6160,6170,6070,6110,38700,-0.006504065040650375
2023-04-27,6030,6200,6000,6170,32074,0.009819967266775809
2023-04-28,6230,6270,5940,6110,42625,-0.00972447325769854
2023-05-02,6120,6170,6020,6060,42969,-0.008183306055646433
2023-05-03,6060,6150,6040,6080,31169,0.0033003300330032292
2023-05-04,6080,6220,6040,6190,35961,0.018092105263157965
2023-05-08,6190,6350,6100,6160,29950,-0.004846526655896577
2023-05-09,6070,6200,6010,6160,29780,0.0
2023-05-10,6100,6220,6070,6120,29165,-0.00649350649350644
2023-05-11,6120,6190,6100,6160,22434,0.006535947712418277
2023-05-12,6110,6160,6020,6070,33042,-0.01461038961038963
2023-05-15,6040,6050,5970,6040,30432,-0.0049423393739703725
2023-05-16,6040,6080,5980,6060,35605,0.0033112582781456013
2023-05-17,6060,6330,6060,6300,69415,0.03960396039603964
2023-05-18,6200,6380,6150,6320,74442,0.0031746031746031633
2023-05-19,6320,6380,6230,6330,29541,0.0015822784810126667
2023-05-22,6330,6420,6260,6300,28892,-0.004739336492891044
2023-05-23,6240,6350,6240,6310,28183,0.0015873015873015817
2023-05-24,6310,6350,6190,6200,38636,-0.017432646592709933
2023-05-25,6240,6240,6010,6050,23996,-0.024193548387096753
2023-05-26,6050,6160,6050,6130,30704,0.013223140495867813
2023-05-30,6130,6150,6030,6120,21962,-0.0016313213703099683
2023-05-31,6120,6150,6050,6100,20575,-0.0032679738562091387
2023-06-01,6100,6130,6060,6080,24627,-0.003278688524590123
2023-06-02,6110,6150,6100,6130,22200,0.008223684210526327
2023-06-05,6130,6290,6130,6260,44790,0.021207177814029254
2023-06-07,6260,6410,6200,6250,25492,-0.0015974440894568342
2023-06-08,6250,6260,6140,6260,23132,0.0016000000000000458
2023-06-09,6260,6340,6160,6200,18971,-0.009584664536741228
2023-06-12,6200,6220,6160,6220,14952,0.003225806451612856
2023-06-13,6220,6450,6220,6400,62237,0.02893890675241151
2023-06-14,6400,6470,6090,6100,48543,-0.046875
2023-06-15,6100,6220,6060,6140,35035,0.006557377049180246
2023-06-16,6150,6290,6120,6260,30319,0.019543973941368087
2023-06-19,6270,6450,6270,6360,39505,0.015974440894568787
2023-06-20,6360,6460,6210,6240,29802,-0.018867924528301883
2023-06-21,6200,6230,6110,6150,23268,-0.014423076923076872
2023-06-22,6060,6220,6050,6180,25212,0.004878048780487809
2023-06-23,6180,6180,6010,6030,31396,-0.024271844660194164
2023-06-26,6030,6260,5950,6140,58471,0.018242122719734688
2023-06-27,6220,6290,6140,6140,28874,0.0
2023-06-28,6140,6190,6010,6050,37765,-0.014657980456026065
2023-06-29,6000,6080,5870,6070,67114,0.0033057851239668423
2023-06-30,6000,7800,6000,7210,9140280,0.18780889621087304
2023-07-03,7210,7420,7130,7290,940549,0.01109570041608876
2023-07-04,7210,7580,6900,7150,1194858,-0.019204389574759895
2023-07-05,7120,7120,6720,6890,492177,-0.036363636363636376
2023-07-06,6830,6870,6550,6620,239764,-0.03918722786647311
2023-07-07,6620,6790,6550,6620,174683,0.0
2023-07-10,6610,6810,6610,6700,121906,0.012084592145015005
2023-07-11,6700,6840,6660,6770,90627,0.010447761194029903
2023-07-12,6870,6890,6600,6750,128408,-0.002954209748892156
2023-07-13,6850,6850,6660,6740,73915,-0.001481481481481528
2023-07-14,6690,6760,6520,6590,105786,-0.022255192878338326
2023-07-17,6590,6760,6530,6700,70649,0.01669195751138086
2023-07-18,6770,6770,6360,6460,118763,-0.035820895522388096
2023-07-19,6460,6500,6360,6470,50989,0.001547987616099089
2023-07-20,6500,6500,6370,6480,39411,0.0015455950540959051
2023-07-21,6440,6440,6310,6340,40187,-0.021604938271604923
2023-07-24,6340,6340,6080,6220,83663,-0.018927444794952675
2023-07-25,6220,6220,6020,6030,49634,-0.030546623794212246
2023-07-26,6050,6050,5500,5700,193320,-0.05472636815920395
2023-07-27,5690,5910,5690,5820,43095,0.021052631578947434
2023-07-28,5800,6050,5800,6050,28198,0.03951890034364269
2023-07-31,6060,6150,6050,6150,27151,0.016528925619834656
2023-08-01,6150,6180,6050,6170,32501,0.003252032520325132
2023-08-02,6130,6350,6090,6210,85792,0.006482982171799101
2023-08-03,6210,6440,5820,6070,113503,-0.02254428341384862
2023-08-04,6000,6100,5950,6040,12265,-0.0049423393739703725
2023-08-07,6040,6120,5910,6060,31969,0.0033112582781456013
2023-08-08,6000,6130,5950,5950,37027,-0.018151815181518205
2023-08-09,5950,6050,5920,6010,17973,0.010084033613445342
2023-08-10,6010,6010,5900,5950,23493,-0.009983361064891838
2023-08-11,5950,6080,5930,6030,25344,0.013445378151260456
2023-08-14,6030,6060,5830,5900,38910,-0.021558872305140975
2023-08-16,5890,5890,5680,5790,82886,-0.01864406779661021
2023-08-17,5740,5740,5490,5600,93555,-0.032815198618307395
2023-08-18,5590,5690,5510,5610,26514,0.0017857142857142794
2023-08-21,5610,5720,5600,5660,25456,0.00891265597147961
2023-08-22,5740,5740,5540,5540,40069,-0.021201413427561877
2023-08-23,5520,5590,5500,5560,15998,0.0036101083032491488
2023-08-24,5550,5650,5500,5610,14279,0.008992805755395628
2023-08-25,5610,5640,5550,5560,16939,-0.0089126559714795
2023-08-28,5560,5800,5550,5740,43794,0.03237410071942448
2023-08-29,5740,5810,5650,5740,33507,0.0
2023-08-30,5740,5750,5680,5690,14128,-0.008710801393728262
2023-08-31,5690,5730,5600,5600,24472,-0.01581722319859402
2023-09-01,5700,5700,5610,5640,25281,0.0071428571428571175
2023-09-04,5640,5670,5590,5640,17887,0.0
2023-09-05,5580,5670,5570,5630,20168,-0.0017730496453900457
2023-09-06,5660,5660,5590,5620,10706,-0.001776198934280604
2023-09-07,5610,5630,5500,5570,40405,-0.008896797153024938
2023-09-08,5530,5650,5490,5640,34016,0.012567324955116588
2023-09-11,5680,6190,5520,5700,366104,0.010638297872340496
2023-09-12,5770,5800,5630,5640,39206,-0.010526315789473717
2023-09-13,5590,5690,5550,5580,25719,-0.010638297872340385
2023-09-14,5580,5620,5560,5620,14325,0.007168458781362075
2023-09-15,5630,5800,5630,5740,26401,0.021352313167259718
2023-09-18,5750,5780,5680,5720,27520,-0.0034843205574912606
2023-09-19,5720,5750,5640,5680,24236,-0.006993006993006978
2023-09-20,5760,5760,5610,5660,15190,-0.0035211267605633756
2023-09-21,5620,5660,5500,5550,45912,-0.019434628975265045
2023-09-22,5440,5520,5360,5450,25145,-0.018018018018018056
2023-09-25,5450,5490,5340,5340,23081,-0.020183486238532056
2023-09-26,5340,5390,5290,5340,27360,0.0
2023-09-27,5280,5400,5260,5390,16555,0.009363295880149725
2023-10-04,5390,5390,5140,5200,47324,-0.03525046382189234
2023-10-05,5130,5200,5050,5150,30615,-0.009615384615384581
2023-10-06,5150,5330,5110,5280,31646,0.025242718446601975
2023-10-10,5330,5470,5240,5330,39080,0.009469696969697017
2023-10-11,5270,5430,5270,5400,16587,0.013133208255159401
2023-10-12,5410,5520,5340,5520,25796,0.022222222222222143
2023-10-13,5450,5600,5410,5600,26873,0.01449275362318847
2023-10-16,5540,5600,5360,5560,20615,-0.0071428571428571175
2023-10-17,5510,5630,5470,5620,16661,0.010791366906474753
2023-10-18,5570,5600,5460,5460,10210,-0.028469750889679735
2023-10-19,5360,5400,5240,5250,17059,-0.038461538461538436
2023-10-20,5170,5230,5050,5160,31028,-0.017142857142857126
2023-10-23,5160,5170,5030,5080,13796,-0.015503875968992276
2023-10-24,5080,5200,4970,5200,17263,0.023622047244094446
2023-10-25,5190,5190,5100,5160,9887,-0.007692307692307665
2023-10-26,5100,5100,4980,5060,27230,-0.019379844961240345
2023-10-27,5060,5260,5000,5130,44888,0.01383399209486158
2023-10-30,5130,5190,5040,5170,12129,0.007797270955165692
2023-10-31,5200,5230,4995,4995,33863,-0.03384912959381048
2023-11-01,4995,5180,4950,5100,29833,0.021021021021021102
2023-11-02,5100,5200,5070,5110,16825,0.0019607843137254832
2023-11-03,5180,5240,5110,5160,19744,0.009784735812133016
2023-11-06,5170,5290,5160,5290,27063,0.025193798449612448
2023-11-07,5260,5260,5100,5150,30817,-0.026465028355387554
2023-11-08,5150,5190,5090,5150,17700,0.0
2023-11-09,5150,5190,5100,5180,8965,0.005825242718446644
2023-11-10,5150,5150,5050,5070,13715,-0.021235521235521193
2023-11-13,5070,5120,5020,5080,19178,0.0019723865877712132
2023-11-14,5080,5270,5080,5260,27421,0.03543307086614167
2023-11-15,5320,5470,5260,5440,49163,0.034220532319391594
2023-11-16,5500,6240,5420,5530,3355527,0.016544117647058876
2023-11-17,5500,5560,5330,5430,136943,-0.018083182640144635
2023-11-20,5420,5560,5370,5370,105711,-0.011049723756906049
2023-11-21,5470,5720,5370,5660,129880,0.05400372439478596
2023-11-22,5640,5650,5400,5540,76770,-0.021201413427561877
2023-11-23,5540,5680,5480,5610,53156,0.012635379061371799
2023-11-24,5640,5960,5640,5700,362593,0.016042780748663166
2023-11-27,5700,5790,5580,5610,60287,-0.015789473684210575
2023-11-28,5610,5690,5530,5640,27863,0.005347593582887722
2023-11-29,5580,5670,5520,5560,29066,-0.014184397163120588
2023-11-30,5560,5780,5560,5780,47742,0.03956834532374098
2023-12-01,5780,5860,5740,5810,44863,0.00519031141868509
2023-12-04,5810,5940,5780,5910,66885,0.01721170395869187
2023-12-05,5910,5940,5800,5910,45667,0.0
2023-12-06,5850,5940,5760,5910,50106,0.0
2023-12-07,5860,5910,5680,5730,43597,-0.030456852791878153
2023-12-08,5740,5890,5730,5850,22702,0.020942408376963373
2023-12-11,5850,5910,5800,5830,16822,-0.0034188034188034067
2023-12-12,5830,5910,5770,5910,12671,0.013722126929674117
2023-12-13,5860,5860,5730,5740,13695,-0.02876480541455162
2023-12-14,5760,5820,5680,5770,13647,0.005226480836237002
2023-12-15,5760,5800,5730,5730,14641,-0.006932409012131768
2023-12-18,5730,5740,5620,5670,30403,-0.010471204188481686
2023-12-19,5670,5790,5660,5790,13566,0.021164021164021163
2023-12-20,5710,5810,5710,5770,8692,-0.003454231433506094
2023-12-21,5790,5790,5700,5710,8346,-0.010398613518197597
2023-12-22,5710,5770,5680,5710,15034,0.0
2023-12-26,5710,5750,5610,5610,17120,-0.017513134851138368
2023-12-27,5590,5700,5580,5580,14462,-0.005347593582887722
2023-12-28,5640,5750,5590,5610,17587,0.005376344086021501
2024-01-02,5630,5710,5570,5610,34656,0.0
2024-01-03,5530,5730,5520,5650,25207,0.007130124777183555
2024-01-04,5650,5730,5630,5680,17930,0.005309734513274433
2024-01-05,5680,5730,5600,5720,14323,0.007042253521126751
2024-01-08,5720,5720,5630,5720,26756,0.0
2024-01-09,5720,5780,5650,5760,26653,0.006993006993007089
2024-01-10,5760,5760,5660,5710,11093,-0.00868055555555558
2024-01-11,5690,5710,5670,5700,9496,-0.0017513134851138146
2024-01-12,5740,5850,5610,5730,52956,0.0052631578947368585
2024-01-15,5730,5810,5610,5700,33144,-0.005235602094240788
2024-01-16,5700,5800,5640,5790,33001,0.015789473684210575
2024-01-17,5790,5790,5550,5560,45006,-0.03972366148531947
2024-01-18,5490,5680,5490,5600,26806,0.007194244604316502
2024-01-19,5640,5800,5610,5720,24838,0.021428571428571352
2024-01-22,5740,5780,5700,5760,22094,0.006993006993007089
2024-01-23,5750,5840,5740,5830,24696,0.012152777777777679
2024-01-24,5830,5850,5690,5700,14246,-0.022298456260720356
2024-01-25,5680,5750,5620,5750,14799,0.00877192982456143
2024-01-26,5710,5800,5690,5730,15373,-0.003478260869565264
2024-01-29,5780,5790,5640,5650,15646,-0.013961605584642212
2024-01-30,5650,5690,5550,5580,14122,-0.012389380530973493
2024-01-31,5520,5620,5510,5550,23166,-0.005376344086021501
2024-02-01,5550,5610,5480,5540,28470,-0.0018018018018017834
2024-02-02,5540,5680,5530,5620,12321,0.014440433212996373
2024-02-05,5630,5700,5610,5660,17343,0.007117437722419906
2024-02-06,5660,5670,5560,5600,11531,-0.010600706713780883
2024-02-07,5610,5710,5520,5550,13597,-0.008928571428571397
2024-02-08,5590,5590,5450,5510,28828,-0.007207207207207245
2024-02-13,5510,5570,5420,5550,20601,0.007259528130671544
2024-02-14,5540,5600,5490,5540,10013,-0.0018018018018017834
2024-02-15,5540,5570,5490,5540,12653,0.0
2024-02-16,5510,5540,5440,5490,15478,-0.009025270758122761
2024-02-19,5530,5560,5450,5500,27801,0.0018214936247722413
2024-02-20,5500,5530,5460,5470,8125,-0.00545454545454549
2024-02-21,5470,5510,5460,5510,12024,0.007312614259597838
2024-02-22,5510,5550,5470,5540,16359,0.005444646098003547
