Date,Open,High,Low,Close,Volume,Change
2022-01-03,29100,29450,28800,29050,238756,0.013961605584642323
2022-01-04,29300,29300,28250,28450,207755,-0.02065404475043031
2022-01-05,28400,28400,27250,27500,262165,-0.033391915641476255
2022-01-06,26800,27600,26700,26850,224223,-0.023636363636363678
2022-01-07,27000,27550,26700,27050,181301,0.007448789571694592
2022-01-10,26700,26800,26050,26300,200400,-0.027726432532347522
2022-01-11,26350,26650,25750,26450,178663,0.005703422053231932
2022-01-12,26800,27300,26700,27150,150079,0.026465028355387554
2022-01-13,27150,27600,26850,27150,105126,0.0
2022-01-14,27000,28100,26900,27900,304082,0.027624309392265234
2022-01-17,28200,29050,27600,28800,388949,0.032258064516129004
2022-01-18,29000,29400,28200,28750,290106,-0.0017361111111111605
2022-01-19,28450,28900,28000,28200,246288,-0.019130434782608674
2022-01-20,28300,28750,27700,28550,135632,0.012411347517730542
2022-01-21,28000,28300,26950,27250,315425,-0.045534150612959734
2022-01-24,27000,27900,26700,27300,176679,0.0018348623853210455
2022-01-25,27500,27900,26950,27250,203492,-0.001831501831501825
2022-01-26,27250,27850,26350,26500,195399,-0.02752293577981646
2022-01-27,26750,27000,25050,25700,315619,-0.030188679245283012
2022-01-28,25700,27000,25200,26950,257666,0.048638132295719894
2022-02-03,27400,27600,26950,27450,154986,0.01855287569573294
2022-02-04,27500,28100,27400,27700,157289,0.00910746812386165
2022-02-07,27800,28200,27250,27650,176528,-0.0018050541516245744
2022-02-08,27600,28000,26850,27050,116075,-0.02169981916817365
2022-02-09,27550,27650,27100,27250,63316,0.007393715341959428
2022-02-10,27650,28200,27300,27850,189820,0.022018348623853212
2022-02-11,27400,27800,27050,27150,96033,-0.025134649910233398
2022-02-14,26700,27150,25900,26000,154546,-0.0423572744014733
2022-02-15,25750,26400,25400,25400,143991,-0.023076923076923106
2022-02-16,26200,27050,26050,26950,102524,0.061023622047243986
2022-02-17,26950,27750,26350,26800,164558,-0.005565862708719838
2022-02-18,26450,27200,26350,26800,74574,0.0
2022-02-21,26350,26800,26000,26700,110343,-0.003731343283582045
2022-02-22,26050,26500,25650,25750,165015,-0.035580524344569264
2022-02-23,26050,26250,25700,26150,89694,0.01553398058252431
2022-02-24,25700,26000,24150,24750,394871,-0.053537284894837445
2022-02-25,25100,25450,23900,24050,568419,-0.028282828282828243
2022-02-28,23850,24200,23600,24050,160398,0.0
2022-03-02,24050,24200,23250,23750,298279,-0.012474012474012475
2022-03-03,24200,24800,24200,24600,171514,0.03578947368421059
2022-03-04,24450,24450,23700,24150,152562,-0.018292682926829285
2022-03-07,23650,23800,23350,23450,117216,-0.02898550724637683
2022-03-08,23000,23550,22800,22900,187550,-0.023454157782516027
2022-03-10,23700,23800,22900,23050,156325,0.0065502183406114245
2022-03-11,23100,23200,22700,22850,130642,-0.008676789587852451
2022-03-14,22800,22850,22000,22150,149978,-0.03063457330415753
2022-03-15,22000,22500,22000,22150,100652,0.0
2022-03-16,22950,23400,22500,22900,193749,0.0338600451467268
2022-03-17,23500,23700,23350,23600,146483,0.03056768558951961
2022-03-18,23800,23850,23400,23700,119218,0.004237288135593209
2022-03-21,23750,23900,23550,23600,84528,-0.00421940928270037
2022-03-22,23550,23800,23250,23600,166342,0.0
2022-03-23,23800,23950,23350,23500,172684,-0.004237288135593209
2022-03-24,23350,23650,23150,23600,85526,0.004255319148936065
2022-03-25,24000,24950,23850,24650,307413,0.044491525423728806
2022-03-28,24550,25050,24200,25000,153117,0.014198782961460488
2022-03-29,25000,25500,24900,25100,118748,0.0040000000000000036
2022-03-30,25800,26100,25100,25200,181310,0.003984063745019917
2022-03-31,25000,25250,24800,25150,84208,-0.001984126984126977
2022-04-01,24900,24900,24300,24350,146211,-0.031809145129224614
2022-04-04,24350,24600,23900,24450,56607,0.004106776180698102
2022-04-05,24650,24950,24600,24700,66159,0.010224948875255713
2022-04-06,24800,24850,24400,24450,114168,-0.010121457489878583
2022-04-07,24250,25000,24050,24750,106411,0.012269938650306678
2022-04-08,25050,25050,24250,24550,103693,-0.008080808080808133
2022-04-11,24600,25550,24550,25100,158059,0.022403258655804503
2022-04-12,24800,25900,24650,25800,208849,0.027888446215139417
2022-04-13,26000,26000,25300,25700,138494,-0.003875968992248069
2022-04-14,25700,25900,25350,25400,114838,-0.011673151750972721
2022-04-15,25200,25750,24950,25500,96927,0.003937007874015741
2022-04-18,25500,26150,25450,25600,113530,0.0039215686274509665
2022-04-19,25650,27000,25650,26300,322807,0.02734375
2022-04-20,26800,27100,26550,26950,261601,0.024714828897338448
2022-04-21,27200,27600,27150,27400,255159,0.016697588126159513
2022-04-22,27050,28000,26900,28000,245958,0.021897810218978186
2022-04-25,27450,28050,27100,27500,242737,-0.017857142857142905
2022-04-26,27800,27850,26950,27500,170572,0.0
2022-04-27,26500,27200,26500,26900,166960,-0.021818181818181848
2022-04-28,27300,27350,26500,27050,143188,0.005576208178438735
2022-04-29,27400,27400,26500,26750,124530,-0.011090573012939031
2022-05-02,26300,26800,25650,26700,144405,-0.0018691588785046953
2022-05-03,26900,28800,26750,28100,725541,0.05243445692883886
2022-05-04,28500,28700,27800,27950,238671,-0.005338078291814985
2022-05-06,27600,27950,26950,27350,215240,-0.02146690518783545
2022-05-09,27000,27150,25600,25700,291794,-0.06032906764168189
2022-05-10,25200,26400,24850,26200,216770,0.01945525291828787
2022-05-11,26300,26850,25600,26700,211196,0.01908396946564883
2022-05-12,26050,27350,26050,26400,243860,-0.011235955056179803
2022-05-13,26500,27350,24200,25100,811497,-0.0492424242424242
2022-05-16,25150,25400,23900,23950,634266,-0.04581673306772904
2022-05-17,23950,24800,23900,24800,201285,0.035490605427974886
2022-05-18,25100,25250,24400,24550,145604,-0.01008064516129037
2022-05-19,23800,24500,23750,24350,110266,-0.008146639511201648
2022-05-20,24700,24700,24200,24550,89387,0.008213552361396204
2022-05-23,24700,24700,24250,24500,67652,-0.0020366598778004397
2022-05-24,24400,24600,23850,23950,91190,-0.022448979591836782
2022-05-25,24000,24250,23700,24050,90578,0.0041753653444676075
2022-05-26,24450,24500,24000,24200,96357,0.006237006237006293
2022-05-27,24450,24550,24200,24300,49370,0.004132231404958775
2022-05-30,24500,24600,24000,24250,111659,-0.002057613168724326
2022-05-31,24300,24450,24200,24400,51212,0.006185567010309256
2022-06-02,24400,24400,23850,24100,66245,-0.012295081967213073
2022-06-03,24250,24300,24000,24050,50377,-0.0020746887966804906
2022-06-07,23950,24000,23500,23550,70555,-0.02079002079002079
2022-06-08,23700,23750,23450,23450,48373,-0.00424628450106157
2022-06-09,23250,23450,23050,23450,45383,0.0
2022-06-10,23050,23700,23050,23250,82135,-0.008528784648187626
2022-06-13,22700,22800,21250,21500,263187,-0.07526881720430112
2022-06-14,20850,21550,20700,21350,156770,-0.006976744186046546
2022-06-15,21150,21400,20250,20500,158716,-0.03981264637002346
2022-06-16,20950,21500,20500,20550,114277,0.0024390243902439046
2022-06-17,19900,20200,19800,20100,191858,-0.021897810218978075
2022-06-20,20200,20300,18750,18950,266395,-0.057213930348258724
2022-06-21,18900,19250,18550,19000,101788,0.0026385224274405594
2022-06-22,19150,19200,17350,17350,395475,-0.08684210526315794
2022-06-23,17250,17850,17150,17200,252993,-0.008645533141210415
2022-06-24,17450,18500,17250,18450,164646,0.07267441860465107
2022-06-27,18900,19800,18550,19450,191759,0.05420054200542013
2022-06-28,19450,19700,19000,19300,65864,-0.007712082262210762
2022-06-29,18800,18950,18450,18750,136357,-0.02849740932642486
2022-06-30,18600,18600,17800,17800,145593,-0.05066666666666664
2022-07-01,18000,18300,17150,17250,109813,-0.030898876404494402
2022-07-04,17400,17450,16550,17000,118843,-0.01449275362318836
2022-07-05,17250,18000,16950,17750,82416,0.044117647058823595
2022-07-06,17750,17950,17300,17400,136627,-0.019718309859154903
2022-07-07,17600,20850,17500,19150,1126105,0.10057471264367823
2022-07-08,19150,19150,18550,18550,296542,-0.031331592689295085
2022-07-11,18700,18800,18200,18550,130904,0.0
2022-07-12,18200,18300,17450,17450,171135,-0.05929919137466311
2022-07-13,17450,17900,17050,17600,79036,0.008595988538681931
2022-07-14,17550,17850,17200,17450,122571,-0.008522727272727293
2022-07-15,17700,18250,17450,17850,145480,0.022922636103151817
2022-07-18,18550,18750,18300,18750,151017,0.050420168067226934
2022-07-19,18300,18750,18250,18550,90471,-0.010666666666666713
2022-07-20,19150,20000,19000,19050,309593,0.02695417789757415
2022-07-21,19200,19500,19050,19400,113110,0.018372703412073532
2022-07-22,19500,20100,19050,19450,279081,0.002577319587628857
2022-07-25,19100,19600,19100,19600,71573,0.007712082262210762
2022-07-26,19500,19900,19250,19750,56867,0.007653061224489832
2022-07-27,19600,19950,19550,19850,44694,0.005063291139240533
2022-07-28,20300,20300,19800,19850,108979,0.0
2022-07-29,19950,20450,19950,20150,78634,0.015113350125944613
2022-08-01,20100,20200,19750,19750,84334,-0.01985111662531014
2022-08-02,19900,20050,19600,19850,84777,0.005063291139240533
2022-08-03,19800,19950,19550,19650,75859,-0.010075566750629705
2022-08-04,19850,20150,19700,19800,59131,0.007633587786259444
2022-08-05,19800,19900,19650,19650,44987,-0.007575757575757569
2022-08-08,19650,19750,19250,19600,60866,-0.0025445292620864812
2022-08-09,19500,19600,18800,19150,137586,-0.022959183673469385
2022-08-10,19000,19000,18350,18450,140004,-0.036553524804177506
2022-08-11,18850,19150,18750,19000,103134,0.02981029810298108
2022-08-12,19050,19750,19000,19750,125117,0.03947368421052633
2022-08-16,20000,20600,19650,20400,189326,0.032911392405063244
2022-08-17,20500,21500,20050,20700,251435,0.014705882352941124
2022-08-18,20700,21200,20250,21200,119089,0.024154589371980784
2022-08-19,21250,21300,20600,20600,78776,-0.028301886792452824
2022-08-22,20250,20800,19900,20050,89838,-0.02669902912621358
2022-08-23,19750,20300,19450,19750,70136,-0.014962593516209433
2022-08-24,20000,20000,19100,19700,84713,-0.0025316455696202667
2022-08-25,19700,20400,19550,20350,85471,0.03299492385786795
2022-08-26,20650,20950,20550,20750,97048,0.019656019656019597
2022-08-29,19850,20200,19700,19900,84677,-0.04096385542168679
2022-08-30,20100,20450,19850,20450,82279,0.027638190954773822
2022-08-31,20250,20950,20100,20850,70808,0.019559902200489088
2022-09-01,20350,20400,19800,19800,93171,-0.05035971223021585
2022-09-02,19800,20000,19300,19300,76919,-0.025252525252525304
2022-09-05,19100,19300,18800,18950,56776,-0.01813471502590669
2022-09-06,18950,19300,18900,19100,32562,0.0079155672823219
2022-09-07,19000,19000,18500,18650,46882,-0.023560209424083767
2022-09-08,18700,18850,17800,18700,45414,0.002680965147453085
2022-09-13,19000,19900,19000,19850,82321,0.06149732620320858
2022-09-14,18950,19500,18800,19400,69621,-0.02267002518891692
2022-09-15,19650,19650,19000,19200,44252,-0.010309278350515427
2022-09-16,18950,19050,18400,18650,76048,-0.02864583333333337
2022-09-19,18800,19300,18450,18750,66745,0.00536193029490617
2022-09-20,19200,19400,18800,18900,34204,0.008000000000000007
2022-09-21,18800,18850,18450,18750,48788,-0.007936507936507908
2022-09-22,18550,18650,17900,18500,68194,-0.013333333333333308
2022-09-23,18200,18500,17800,17900,79932,-0.032432432432432434
2022-09-26,17600,17750,16450,17150,146006,-0.04189944134078216
2022-09-27,16950,17300,16600,17300,109198,0.008746355685131268
2022-09-28,17400,17400,15700,16000,264411,-0.07514450867052025
2022-09-29,16900,16900,15750,15800,169078,-0.012499999999999956
2022-09-30,15550,16300,15350,16000,98751,0.012658227848101333
2022-10-04,16550,17500,16450,17350,124574,0.08437500000000009
2022-10-05,17800,17950,17200,17200,83662,-0.008645533141210415
2022-10-06,17700,18750,17700,18500,150418,0.07558139534883712
2022-10-07,18500,19600,18200,19300,172235,0.043243243243243246
2022-10-11,18400,19050,18350,18450,95110,-0.04404145077720212
2022-10-12,18450,19600,18450,19050,102193,0.03252032520325199
2022-10-13,18800,19150,18250,18700,91521,-0.018372703412073532
2022-10-14,19450,19550,18700,19000,105417,0.016042780748663166
2022-10-17,18400,19250,18400,19200,48802,0.010526315789473717
2022-10-18,19600,19650,18750,19450,79237,0.01302083333333326
2022-10-19,19400,19450,18950,19050,73062,-0.020565552699228773
2022-10-20,19050,19300,17800,18150,152812,-0.047244094488189003
2022-10-21,18000,18400,17800,17850,46756,-0.016528925619834656
2022-10-24,18300,19200,18300,18850,205203,0.05602240896358546
2022-10-25,18800,20650,18750,20400,396310,0.08222811671087538
2022-10-26,20400,20600,19700,19750,135594,-0.031862745098039214
2022-10-27,19900,19950,19250,19700,176232,-0.0025316455696202667
2022-10-28,19550,19650,18550,18750,204605,-0.048223350253807085
2022-10-31,19050,19400,19050,19100,84893,0.01866666666666661
2022-11-01,19100,19500,18900,19450,58751,0.018324607329842868
2022-11-02,19450,19500,19100,19150,51591,-0.015424164524421635
2022-11-03,18650,19100,18550,18950,72763,-0.010443864229765065
2022-11-04,18750,18950,18300,18850,60372,-0.00527704485488123
2022-11-07,19050,19400,18900,19250,42054,0.021220159151193574
2022-11-08,19350,20150,19350,19800,132799,0.02857142857142847
2022-11-09,20000,20050,19500,19700,78578,-0.005050505050505083
2022-11-10,19300,19900,19250,19650,94177,-0.0025380710659898
2022-11-11,20900,20950,20450,20550,214975,0.04580152671755733
2022-11-14,20550,21050,20300,20800,101864,0.012165450121654597
2022-11-15,20650,21950,20500,21850,217356,0.05048076923076916
2022-11-16,21900,22550,21400,21750,193438,-0.004576659038901587
2022-11-17,21350,21500,21000,21250,66119,-0.02298850574712641
2022-11-18,21350,21800,21100,21150,59725,-0.004705882352941226
2022-11-21,21250,21450,20250,20500,65295,-0.030732860520094607
2022-11-22,20300,20700,19900,20600,94906,0.004878048780487809
2022-11-23,20900,21150,20250,20400,71664,-0.009708737864077666
2022-11-24,20550,20700,20050,20500,170298,0.004901960784313708
2022-11-25,20800,20800,20200,20200,53544,-0.014634146341463428
2022-11-28,20100,20100,19450,19650,62611,-0.027227722772277252
2022-11-29,19450,19750,19350,19750,38134,0.0050890585241729624
2022-11-30,19600,20050,19400,19950,30567,0.010126582278481067
2022-12-01,20500,20750,20050,20450,98360,0.02506265664160412
2022-12-02,20250,20250,19800,19800,46951,-0.0317848410757946
2022-12-05,19800,20050,19650,19700,30018,-0.005050505050505083
2022-12-06,19400,19600,19100,19150,50880,-0.027918781725888353
2022-12-07,19000,19300,18600,19050,86178,-0.005221932114882533
2022-12-08,19050,19100,18650,18750,63582,-0.015748031496062964
2022-12-09,19000,19200,18700,19000,53485,0.01333333333333342
2022-12-12,19000,19000,18650,18800,28958,-0.010526315789473717
2022-12-13,19100,19550,18950,19450,49274,0.034574468085106336
2022-12-14,19750,20100,19700,20000,57209,0.028277634961439535
2022-12-15,19950,19950,19500,19500,27914,-0.025000000000000022
2022-12-16,19100,19200,18950,19100,39930,-0.02051282051282055
2022-12-19,19000,19250,18900,19100,13672,0.0
2022-12-20,18950,19100,18650,18800,29032,-0.015706806282722474
2022-12-21,18800,18950,18350,18600,56500,-0.010638297872340385
2022-12-22,18750,19150,18750,19100,34538,0.026881720430107503
2022-12-23,18700,18750,18000,18250,106155,-0.04450261780104714
2022-12-26,18200,18900,18150,18550,39484,0.016438356164383494
2022-12-27,18450,18800,18450,18800,34738,0.013477088948786964
2022-12-28,18750,18800,18400,18600,29312,-0.010638297872340385
2022-12-29,18400,18700,18000,18600,42820,0.0
2023-01-02,18450,18700,18150,18300,24854,-0.016129032258064502
2023-01-03,18100,18650,17750,18650,47801,0.0191256830601092
2023-01-04,18500,19550,18350,19550,106839,0.04825737265415553
2023-01-05,19850,19900,19200,19400,71559,-0.007672634271099765
2023-01-06,19150,19900,19100,19600,81137,0.010309278350515427
2023-01-09,19950,20150,19600,19800,50804,0.010204081632652962
2023-01-10,19800,20300,19600,20000,107368,0.010101010101010166
2023-01-11,20300,20550,20100,20450,98701,0.022499999999999964
2023-01-12,20450,20450,19900,20100,52358,-0.017114914425427896
2023-01-13,20200,20500,20000,20300,103452,0.00995024875621886
2023-01-16,20300,20650,20200,20550,53083,0.012315270935960632
2023-01-17,20400,20900,20350,20350,80715,-0.009732360097323589
2023-01-18,20500,20700,19950,20400,75380,0.002457002457002533
2023-01-19,20300,20700,20150,20550,54904,0.007352941176470562
2023-01-20,20350,20800,20300,20550,32047,0.0
2023-01-25,20900,21450,20850,21350,81995,0.038929440389294356
2023-01-26,21300,21450,21050,21350,50049,0.0
2023-01-27,21300,21350,21000,21050,78613,-0.014051522248243575
2023-01-30,21050,21050,20400,20800,50090,-0.01187648456057011
2023-01-31,20550,21050,20550,20600,56340,-0.009615384615384581
2023-02-01,20650,21100,20550,20750,64913,0.00728155339805836
2023-02-02,21250,21600,20750,21050,109032,0.014457831325301207
2023-02-03,21050,21100,20500,20600,64439,-0.02137767220902609
2023-02-06,20500,20600,20200,20400,35883,-0.009708737864077666
2023-02-07,20250,20850,20250,20800,132953,0.019607843137254832
2023-02-08,21000,21300,20800,21050,103975,0.012019230769230838
2023-02-09,20950,21100,20600,21100,132462,0.002375296912114022
2023-02-10,20950,21050,20550,20550,77930,-0.026066350710900466
2023-02-13,20400,20500,20000,20200,95005,-0.01703163017031628
2023-02-14,20300,21450,20300,21450,220689,0.061881188118811936
2023-02-15,21600,21950,21300,21500,150544,0.002331002331002363
2023-02-16,21700,22100,21550,21850,113652,0.016279069767441756
2023-02-17,21450,22050,21300,21850,105784,0.0
2023-02-20,22000,22000,21150,21800,101561,-0.0022883295194507935
2023-02-21,21800,22000,21150,21200,66081,-0.02752293577981646
2023-02-22,20850,21450,20600,21150,74240,-0.002358490566037763
2023-02-23,21100,21550,20950,21550,88988,0.01891252955082745
2023-02-24,21650,22500,21500,21700,234068,0.006960556844547661
2023-02-27,21700,21700,21000,21500,76818,-0.009216589861751112
2023-02-28,21800,22350,21550,22350,131495,0.03953488372093017
2023-03-02,22100,22450,21350,21750,117313,-0.02684563758389258
2023-03-03,21750,21900,21350,21550,54382,-0.00919540229885063
2023-03-06,21600,22050,21200,21950,96401,0.018561484918793614
2023-03-07,21950,21950,21150,21600,80032,-0.015945330296127547
2023-03-08,21200,21450,20700,21350,141213,-0.01157407407407407
2023-03-09,21500,21800,20950,21050,76445,-0.014051522248243575
2023-03-10,20800,20950,20600,20750,99599,-0.014251781472684133
2023-03-13,20600,20900,20250,20800,83300,0.002409638554216942
2023-03-14,20400,20600,19770,19800,114421,-0.04807692307692313
2023-03-15,20350,20350,19840,20000,81279,0.010101010101010166
2023-03-16,19990,20900,19840,20750,98740,0.03750000000000009
2023-03-17,21100,21800,21050,21600,267743,0.04096385542168668
2023-03-20,21850,21950,21150,21500,112901,-0.00462962962962965
2023-03-21,21500,21750,20900,21100,86044,-0.018604651162790753
2023-03-22,21250,21650,20800,21650,152185,0.026066350710900466
2023-03-23,21450,21650,21150,21550,81871,-0.004618937644341847
2023-03-24,21700,22850,21700,22750,410095,0.05568445475638062
2023-03-27,22850,23100,21950,22000,156973,-0.03296703296703296
2023-03-28,22050,23450,21950,23000,353633,0.045454545454545414
2023-03-29,23100,23150,22150,22750,230234,-0.010869565217391353
2023-03-30,23300,23650,22900,23100,310293,0.01538461538461533
2023-03-31,23450,23450,22300,22450,163839,-0.02813852813852813
2023-04-03,22550,22950,22050,22800,105416,0.015590200445434244
2023-04-04,22750,22750,21900,22300,152257,-0.021929824561403466
2023-04-05,22200,23000,22150,22850,116082,0.024663677130044803
2023-04-06,22600,23150,22250,22800,126577,-0.002188183807439792
2023-04-07,23000,23600,22800,23550,304862,0.03289473684210531
2023-04-10,23650,23950,23150,23550,203378,0.0
2023-04-11,23800,24750,23700,24200,296054,0.027600849256900206
2023-04-12,24350,24350,23600,23950,107073,-0.010330578512396715
2023-04-13,23850,24000,23250,23950,114870,0.0
2023-04-14,24150,24300,23400,23600,135472,-0.014613778705636737
2023-04-17,23600,23650,22900,23300,156042,-0.012711864406779627
2023-04-18,23500,23500,22450,22900,204255,-0.01716738197424894
2023-04-19,22850,23100,22400,22800,76355,-0.004366812227074246
2023-04-20,22600,22650,22050,22100,117633,-0.030701754385964897
2023-04-21,22150,22750,21950,22450,67919,0.015837104072398134
2023-04-24,22500,22600,21800,21900,106032,-0.024498886414253906
2023-04-25,21750,22000,21100,21900,113931,0.0
2023-04-26,21500,22600,21500,22350,100224,0.020547945205479534
2023-04-27,22200,22700,21950,22650,80143,0.01342281879194629
2023-04-28,22800,22800,21550,22000,130627,-0.028697571743929395
2023-05-02,22000,22150,21600,21950,88696,-0.002272727272727315
2023-05-03,21750,22300,21550,22000,97085,0.002277904328018332
2023-05-04,21950,21950,21400,21450,64814,-0.025000000000000022
2023-05-08,21950,22000,21400,21650,84640,0.00932400932400923
2023-05-09,21650,21700,20800,21000,133685,-0.03002309468822173
2023-05-10,21100,21200,20600,20800,77407,-0.00952380952380949
2023-05-11,20950,21150,20600,20600,57960,-0.009615384615384581
2023-05-12,20600,21450,20350,21200,113717,0.029126213592232997
2023-05-15,21500,23900,20750,22550,1094767,0.06367924528301883
2023-05-16,23350,23800,22950,23100,553623,0.024390243902439046
2023-05-17,23150,24250,23050,24000,416068,0.03896103896103886
2023-05-18,23850,24700,23850,24600,344077,0.02499999999999991
2023-05-19,25200,26800,25150,25850,869729,0.05081300813008127
2023-05-22,25800,26200,25450,25900,271995,0.0019342359767891004
2023-05-23,25850,26200,25250,26050,202178,0.005791505791505891
2023-05-24,25700,26250,25600,25850,132274,-0.007677543186180413
2023-05-25,26500,26650,25850,26000,169791,0.005802707930367523
2023-05-26,26300,27100,26100,26800,357152,0.03076923076923066
2023-05-30,27300,27800,26700,27000,342172,0.00746268656716409
2023-05-31,26800,27350,26450,27000,184223,0.0
2023-06-01,26700,27650,26500,27550,207450,0.020370370370370372
2023-06-02,27750,27850,26950,27200,173535,-0.012704174228675091
2023-06-05,27000,27200,26200,26850,161538,-0.012867647058823484
2023-06-07,26750,27000,26400,26650,118853,-0.007448789571694592
2023-06-08,26600,27000,26100,26950,124374,0.011257035647279645
2023-06-09,26900,27150,26500,26850,160810,-0.0037105751391465214
2023-06-12,26850,27050,26550,27000,105236,0.005586592178770999
2023-06-13,27450,28000,27350,27400,222020,0.014814814814814836
2023-06-14,27550,27600,26800,27050,138437,-0.012773722627737238
2023-06-15,27400,28250,27300,27700,234009,0.02402957486136792
2023-06-16,27900,27900,26850,27000,172747,-0.02527075812274371
2023-06-19,26850,27000,26200,26750,173991,-0.0092592592592593
2023-06-20,26700,26800,26000,26650,119685,-0.0037383177570093906
2023-06-21,26650,27900,26300,26650,252846,0.0
2023-06-22,26200,26800,25750,26200,132015,-0.016885553470919357
2023-06-23,26100,26900,25900,26100,136502,-0.003816793893129722
2023-06-26,26000,26850,25800,26750,136984,0.02490421455938696
2023-06-27,26650,27000,26250,26650,106578,-0.0037383177570093906
2023-06-28,26950,27200,26550,26800,97556,0.0056285178236397115
2023-06-29,27000,27350,26800,27050,126434,0.009328358208955168
2023-06-30,27100,27100,26100,26550,135940,-0.01848428835489835
2023-07-03,26600,27500,26600,27350,181278,0.030131826741996326
2023-07-04,27550,27550,26850,27400,104397,0.001828153564899404
2023-07-05,27750,27800,26850,27000,113824,-0.014598540145985384
2023-07-06,26800,27000,25550,25850,173984,-0.042592592592592626
2023-07-07,25950,26000,25050,25450,105695,-0.015473887814313358
2023-07-10,25500,25750,24950,25150,83345,-0.011787819253438081
2023-07-11,25500,25800,25300,25700,62352,0.021868787276341894
2023-07-12,25750,26300,25550,26050,80789,0.013618677042801508
2023-07-13,26450,26900,26000,26700,104412,0.0249520153550864
2023-07-14,27050,27750,26450,27200,244775,0.01872659176029967
2023-07-17,27300,29000,26850,28500,492668,0.047794117647058876
2023-07-18,28750,28800,27600,28200,165922,-0.010526315789473717
2023-07-19,28100,28250,26950,27450,178334,-0.02659574468085102
2023-07-20,27050,27550,26900,27450,86738,0.0
2023-07-21,26650,26800,26050,26400,143906,-0.03825136612021862
2023-07-24,26200,26600,25750,26250,120092,-0.005681818181818232
2023-07-25,26150,26550,25600,25700,123735,-0.020952380952380945
2023-07-26,25950,25950,24450,25000,263438,-0.027237354085603127
2023-07-27,25350,26050,24700,25850,133120,0.03400000000000003
2023-07-28,26000,26600,25550,26450,135276,0.023210831721470093
2023-07-31,27100,27300,25900,26100,142846,-0.013232514177693777
2023-08-01,26200,26550,25300,26200,110527,0.003831417624521105
2023-08-02,26100,26100,24600,25150,279034,-0.040076335877862634
2023-08-03,24900,25200,24450,25000,130682,-0.005964214711729587
2023-08-04,25000,25150,24500,25100,95764,0.0040000000000000036
2023-08-07,24950,25650,24550,25050,97889,-0.0019920318725099584
2023-08-08,25300,25500,24600,24650,97993,-0.015968063872255467
2023-08-09,24600,25150,24400,24800,69639,0.006085192697768749
2023-08-10,24550,24600,24100,24250,142465,-0.022177419354838745
2023-08-11,24500,25800,24500,25500,173569,0.05154639175257736
2023-08-14,25300,27800,25250,26850,502031,0.05294117647058827
2023-08-16,26900,27600,25600,25800,410362,-0.03910614525139666
2023-08-17,25350,27900,25150,27400,393960,0.0620155038759691
2023-08-18,26950,27500,26400,26800,251993,-0.021897810218978075
2023-08-21,26900,27150,26150,26400,140286,-0.014925373134328401
2023-08-22,26800,27150,25450,25950,173955,-0.017045454545454586
2023-08-23,25850,26350,25350,25900,152712,-0.0019267822736031004
2023-08-24,26450,27100,26000,26150,157740,0.009652509652509744
2023-08-25,25500,25850,25150,25300,116265,-0.0325047801147228
2023-08-28,25400,25450,24700,25150,130222,-0.005928853754940677
2023-08-29,25200,25950,25150,25900,89193,0.02982107355864816
2023-08-30,26200,26200,25750,25800,77047,-0.0038610038610038533
2023-08-31,25950,26850,25500,26700,175127,0.03488372093023262
2023-09-01,26450,27200,26300,27200,273021,0.01872659176029967
2023-09-04,27400,27450,26450,27050,172598,-0.005514705882352922
2023-09-05,26950,27600,26750,27100,147202,0.001848428835489857
2023-09-06,27100,27200,26300,26650,110776,-0.016605166051660514
2023-09-07,26600,27200,26400,26850,118508,0.007504690431519689
2023-09-08,26750,26850,25200,26250,292712,-0.022346368715083775
2023-09-11,26100,26100,25600,26050,123594,-0.007619047619047636
2023-09-12,25800,26400,25600,26100,78506,0.0019193857965451588
2023-09-13,26150,26700,25650,25900,98845,-0.007662835249042099
2023-09-14,26150,27250,25800,27100,335515,0.04633204633204624
2023-09-15,27300,29800,27100,29500,1079837,0.088560885608856
2023-09-18,28900,29000,27950,28400,421692,-0.037288135593220306
2023-09-19,28350,29400,28050,28750,254587,0.012323943661971759
2023-09-20,28650,28750,27400,27600,259644,-0.040000000000000036
2023-09-21,27100,27500,26450,26600,215918,-0.036231884057971064
2023-09-22,26050,26750,26050,26550,136296,-0.001879699248120259
2023-09-25,26550,26800,26150,26450,118792,-0.0037664783427495685
2023-09-26,26850,27550,26550,27100,178134,0.02457466918714557
2023-09-27,26550,27450,26400,27350,114663,0.009225092250922495
2023-10-04,26850,27150,26150,26450,164767,-0.03290676416819016
2023-10-05,26900,28150,26450,27500,206294,0.03969754253308122
2023-10-06,27700,28200,27500,28150,140604,0.023636363636363678
2023-10-10,28500,28700,26950,27200,198406,-0.03374777975133214
2023-10-11,27750,28450,27550,28100,316713,0.03308823529411775
2023-10-12,28300,28300,26400,27600,405741,-0.017793594306049876
2023-10-13,27350,27650,26550,27050,291520,-0.019927536231884035
2023-10-16,26550,27300,26050,27200,225807,0.005545286506469571
2023-10-17,27300,28000,26700,27900,315473,0.025735294117646967
2023-10-18,27600,27850,27100,27300,190306,-0.021505376344086002
2023-10-19,26850,26950,26000,26050,180283,-0.045787545787545736
2023-10-20,25600,26300,25200,25600,206268,-0.017274472168905985
2023-10-23,25900,25900,25200,25300,85641,-0.01171875
2023-10-24,25550,26550,24800,26550,153506,0.049407114624505866
2023-10-25,26650,27050,25800,25950,211077,-0.02259887005649719
2023-10-26,25000,25550,24300,24900,256333,-0.040462427745664775
2023-10-27,25000,25100,23900,24000,202954,-0.03614457831325302
2023-10-30,23950,24100,22700,23350,275642,-0.027083333333333348
2023-10-31,23650,23700,22050,22200,281110,-0.04925053533190582
2023-11-01,22550,23600,22550,23300,235493,0.04954954954954949
2023-11-02,24000,24450,23550,23950,351329,0.027896995708154515
2023-11-03,24250,24300,23700,24150,225147,0.008350730688935215
2023-11-06,24650,25350,24150,24900,394384,0.03105590062111796
2023-11-07,24700,25200,24450,24900,224343,0.0
2023-11-08,25250,25500,24500,24700,218891,-0.008032128514056214
2023-11-09,24700,24950,24150,24200,89602,-0.020242914979757054
2023-11-10,24000,24250,23450,23800,185164,-0.016528925619834656
2023-11-13,24050,24800,23450,23650,256910,-0.006302521008403339
2023-11-14,23900,25700,23550,25350,523575,0.07188160676532762
2023-11-15,25550,25900,24750,25100,308186,-0.009861932938856066
2023-11-16,25050,25650,24700,25500,208984,0.015936254980079667
2023-11-17,25750,26300,25300,25550,272901,0.0019607843137254832
2023-11-20,25700,26150,25300,25600,113426,0.001956947162426559
2023-11-21,25850,26000,25200,25350,126704,-0.009765625
2023-11-22,25050,25650,25000,25450,160203,0.0039447731755424265
2023-11-23,25600,25750,24600,24750,210801,-0.027504911591355596
2023-11-24,24600,25100,24450,24550,166491,-0.008080808080808133
2023-11-27,24550,25150,24200,24900,127671,0.014256619144602745
2023-11-28,25100,25350,24850,25100,155813,0.008032128514056325
2023-11-29,25000,25200,24650,24950,153509,-0.005976095617529875
2023-11-30,24850,25150,24450,24700,172029,-0.01002004008016033
2023-12-01,24500,24650,24250,24350,159942,-0.014170040485829927
2023-12-04,24400,24600,23900,24200,210732,-0.006160164271047264
2023-12-05,23950,24400,23550,23950,162032,-0.010330578512396715
2023-12-06,24000,24050,23450,23700,173058,-0.01043841336116913
2023-12-07,23600,23600,22950,23300,177907,-0.016877637130801704
2023-12-08,23600,24400,23600,24200,199186,0.03862660944205998
2023-12-11,24350,24350,23650,23950,124506,-0.010330578512396715
2023-12-12,24300,24850,24050,24500,167945,0.022964509394572064
2023-12-13,24800,25350,24700,24950,291644,0.01836734693877551
2023-12-14,25900,26000,25000,25400,442061,0.018036072144288484
2023-12-15,25500,25550,24800,25000,182349,-0.015748031496062964
2023-12-18,25150,25550,24950,25350,158692,0.014000000000000012
2023-12-19,25350,25500,25050,25150,104630,-0.007889546351084853
2023-12-20,25350,25400,24550,24800,173310,-0.013916500994035741
2023-12-21,24500,24750,24050,24450,239584,-0.014112903225806495
2023-12-22,25000,25700,24750,25050,418686,0.024539877300613577
2023-12-26,25150,25300,24650,24900,165402,-0.005988023952095856
2023-12-27,25000,25600,24800,25450,199131,0.02208835341365467
2023-12-28,25650,25650,25250,25600,200105,0.005893909626718985
2024-01-02,25750,27000,25700,26800,454939,0.046875
2024-01-03,26150,26650,25850,26600,264546,-0.007462686567164201
2024-01-04,26550,27400,26350,27000,282215,0.015037593984962516
2024-01-05,27200,27200,26700,26750,129672,-0.0092592592592593
2024-01-08,26950,27600,26750,27050,244426,0.01121495327102795
2024-01-09,27700,27700,26550,26750,203991,-0.011090573012939031
2024-01-10,26750,26900,25900,26150,154914,-0.02242990654205612
2024-01-11,26300,26400,25800,26050,151179,-0.003824091778202643
2024-01-12,26050,26250,25300,25400,197708,-0.0249520153550864
2024-01-15,25300,25550,24850,24850,142580,-0.021653543307086576
2024-01-16,24850,25100,24400,24600,148727,-0.010060362173038184
2024-01-17,24800,25050,24400,24500,169895,-0.004065040650406471
2024-01-18,24450,25200,24450,25050,145344,0.022448979591836782
2024-01-19,25500,25750,25150,25350,219451,0.011976047904191711
2024-01-22,25800,26200,25500,26000,222189,0.02564102564102555
2024-01-23,26050,26200,25350,25600,175712,-0.01538461538461533
2024-01-24,25500,25550,24950,25350,172870,-0.009765625
2024-01-25,25450,25750,25100,25100,162583,-0.009861932938856066
2024-01-26,24800,25100,24800,24900,131895,-0.007968127490039834
2024-01-29,24850,25100,24400,24500,132758,-0.016064257028112428
2024-01-30,24650,24750,23900,24300,148741,-0.008163265306122436
2024-01-31,24050,24450,23850,23900,126553,-0.016460905349794275
2024-02-01,23850,24050,23250,23400,176074,-0.02092050209205021
2024-02-02,23700,24400,23600,24200,160494,0.03418803418803429
2024-02-05,24050,24550,23700,24500,139592,0.012396694214876103
2024-02-06,24500,24650,23950,24300,98368,-0.008163265306122436
2024-02-07,24200,24200,23750,23850,87504,-0.01851851851851849
2024-02-08,23950,24250,23750,23850,130941,0.0
2024-02-13,24050,24450,23850,24000,202246,0.0062893081761006275
2024-02-14,23650,24250,23450,24200,127727,0.008333333333333304
2024-02-15,24400,24500,23750,23750,199079,-0.018595041322314043
2024-02-16,23850,23950,23100,23300,273804,-0.0189473684210526
2024-02-19,23250,23500,23100,23200,156229,-0.0042918454935622075
2024-02-20,23300,23650,23100,23550,103755,0.015086206896551824
2024-02-21,24050,24900,23800,24500,435054,0.04033970276008492
2024-02-22,24750,24850,24200,24400,198937,-0.004081632653061273
2024-02-23,24600,24650,23900,24050,180655,-0.014344262295082011
2024-02-26,24000,24300,23650,23950,182998,-0.004158004158004158
2024-02-27,23800,23800,22300,22450,534832,-0.06263048016701467
2024-02-28,22350,23150,22350,22800,174937,0.015590200445434244
2024-02-29,22700,23150,22500,22900,127336,0.004385964912280604
2024-03-04,23450,23750,23150,23750,230788,0.037117903930131035
2024-03-05,23650,23700,23100,23150,136586,-0.025263157894736876
2024-03-06,23000,23700,22900,23650,168868,0.021598272138228847
2024-03-07,23950,24150,23200,23300,191436,-0.014799154334038
2024-03-08,23700,24300,23450,23750,249493,0.0193133047210301
2024-03-11,23500,23500,22950,23050,147316,-0.02947368421052632
2024-03-12,23050,23400,22900,23250,140729,0.008676789587852562
2024-03-13,23550,23750,22700,22900,211015,-0.01505376344086018
2024-03-14,22850,22950,22400,22850,148636,-0.0021834061135370675
2024-03-15,22600,23200,22450,22900,121613,0.002188183807439792
2024-03-18,22950,23200,22700,23200,84703,0.013100436681222627
