Date,Open,High,Low,Close,Volume,Change
2022-01-03,238116,248447,238116,244020,603727,0.03983432194722858
2022-01-04,244511,250906,243527,249431,746831,0.022174411933448157
2022-01-05,246479,254842,246479,246971,577290,-0.0098624469292109
2022-01-06,240576,250415,240084,243528,542988,-0.013940908041834899
2022-01-07,245987,248939,240576,243036,448004,-0.0020203015669656432
2022-01-10,244511,248447,240084,242052,274861,-0.004048782896361014
2022-01-11,242543,244019,232212,237624,461397,-0.018293589807148902
2022-01-12,243527,260746,243035,260255,1388443,0.09523869642797034
2022-01-13,264190,268126,261239,262223,1053311,0.007561814374363651
2022-01-14,257303,263698,255827,259271,560046,-0.011257593727476256
2022-01-17,259763,265666,257303,260747,473546,0.005692885050776919
2022-01-18,261238,274029,259270,267634,1087499,0.02641257617537307
2022-01-19,268618,273538,253859,257303,1068939,-0.03860122405972333
2022-01-20,259271,266650,254843,261239,861665,0.015297139947843652
2022-01-21,257302,258778,242543,247955,1069529,-0.05084998794207607
2022-01-24,242543,247463,239100,243528,539402,-0.017854046097074083
2022-01-25,242543,243527,228276,230736,722840,-0.052527840741105725
2022-01-26,233687,237131,227292,228276,492385,-0.010661535261077604
2022-01-27,229260,231228,210073,212041,1319777,-0.07112004766160263
2022-01-28,209089,217452,196297,212533,1531738,0.0023203059785608104
2022-02-03,219420,220896,213516,214993,674333,0.011574673109587597
2022-02-04,214993,225816,214501,224341,613458,0.043480485411153014
2022-02-07,228276,228276,220897,222865,511902,-0.0065792699506554975
2022-02-08,223848,223848,208597,210073,1103912,-0.05739797635339783
2022-02-09,212041,213024,208596,212041,412717,0.009368172016394283
2022-02-10,213023,215483,206136,206137,631066,-0.027843671742728948
2022-02-11,201709,207612,201709,203678,418337,-0.011928959866496558
2022-02-14,199742,203677,197282,201218,449664,-0.012077887646186669
2022-02-15,201216,203185,196790,197282,341960,-0.019560874275661222
2022-02-16,202693,205645,199741,200234,392764,0.014963351953041881
2022-02-17,201709,212040,201217,208105,730231,0.03930900846010177
2022-02-18,205153,210564,204661,207121,269296,-0.00472838230700845
2022-02-21,202692,205644,199741,205153,253152,-0.009501692247526838
2022-02-22,200233,203677,197282,197774,412238,-0.03596827733447716
2022-02-23,199249,200233,197282,198266,305320,0.0024876879670734375
2022-02-24,195804,199249,189410,192362,637880,-0.029778176792793487
2022-02-25,196298,198757,192854,197774,363705,0.028134454829956024
2022-02-28,197773,201216,195806,197282,443932,-0.0024876879670735486
2022-03-02,200234,205645,199250,204170,451349,0.034914487890431056
2022-03-03,214500,217944,208105,209089,450559,0.024092667874810125
2022-03-04,209580,211056,205153,208597,316066,-0.002353064962767104
2022-03-07,211549,214993,199742,202202,534430,-0.030657200247366956
2022-03-08,198758,205645,196789,199250,396181,-0.014599262124014634
2022-03-10,205153,205153,198266,199742,421559,0.002469259723964834
2022-03-11,200233,201217,193346,193838,462401,-0.029558129987684145
2022-03-14,194328,197773,191870,192362,459764,-0.007614606011205227
2022-03-15,192361,193345,185474,188426,321087,-0.020461421694513482
2022-03-16,190886,196789,188426,195806,335856,0.039166569369407656
2022-03-17,201217,202201,197774,197774,314406,0.010050764532241185
2022-03-18,199249,200233,194329,196298,336090,-0.007463063901220535
2022-03-21,199250,205645,197773,202202,431769,0.030076720088844544
2022-03-22,203677,209580,202693,209089,447207,0.034059999406534036
2022-03-23,213516,214008,204661,207121,411207,-0.009412259851068194
2022-03-24,207121,209580,203677,208105,303153,0.004750846123763308
2022-03-25,210565,210565,200726,202694,513005,-0.026001297421974434
2022-03-28,203185,208104,201217,206629,317625,0.019413500152939855
2022-03-29,207612,209088,204661,206137,272219,-0.002381079132164454
2022-03-30,208596,211056,206629,208105,258959,0.009547048807346581
2022-03-31,207613,214008,207613,211549,617053,0.01654933807452963
2022-04-01,210073,213516,208105,211549,304388,0.0
2022-04-04,209089,213517,205645,213517,297775,0.009302809278228574
2022-04-05,214992,214992,210564,212041,262923,-0.006912798512530571
2022-04-06,209579,209579,204661,206629,356825,-0.02552336576416825
2022-04-07,201217,203185,197774,198266,432115,-0.040473505655062914
2022-04-08,198758,203186,197774,203186,301754,0.024815147327327924
2022-04-11,200726,207120,200234,203186,264961,0.0
2022-04-12,201216,202201,196790,197282,286713,-0.02905712007717065
2022-04-13,199250,202694,196297,202694,316387,0.027432811913910005
2022-04-14,203677,205644,202201,205645,391975,0.014558891728418288
2022-04-15,203186,206629,202202,204170,218599,-0.007172554645140883
2022-04-18,204169,213516,202693,212533,568385,0.040960963902630265
2022-04-19,214009,216469,213025,216469,348739,0.018519476975340288
2022-04-20,215484,216468,212533,214501,274955,-0.009091371050820252
2022-04-21,215976,215976,212533,215485,243532,0.004587391200973512
2022-04-22,212041,215484,209581,214501,259796,-0.004566443139893739
2022-04-25,209580,214008,208105,209089,341196,-0.02523065160535387
2022-04-26,211057,214008,209581,211549,270196,0.011765324813835187
2022-04-27,203676,211056,203185,210565,314898,-0.004651404639114287
2022-04-28,212532,213024,208596,212041,252319,0.007009711965426435
2022-04-29,214501,221389,201218,201710,1398623,-0.04872170948071364
2022-05-02,198758,201709,197774,200234,409876,-0.007317435922859605
2022-05-03,201709,202201,198758,199250,310596,-0.004914250327117231
2022-05-04,200233,201217,198758,199250,142860,0.0
2022-05-06,197282,200233,195314,199250,351675,0.0
2022-05-09,198266,202693,198266,201218,309566,0.009877038895859558
2022-05-10,198265,198757,195806,197774,303310,-0.017115764991203597
2022-05-11,196790,198756,196298,196790,189883,-0.004975375934147097
2022-05-12,195805,198757,192854,193838,286092,-0.015000762233853382
2022-05-13,194330,203186,193837,203186,364612,0.04822583807096659
2022-05-16,204661,205153,200725,201710,168863,-0.00726428001929269
2022-05-17,201709,204660,201217,204661,204404,0.014629914233305286
2022-05-18,206628,208104,204168,204661,209981,0.0
2022-05-19,199250,203185,198758,200726,214499,-0.019226916706162833
2022-05-20,204661,208596,202201,207613,368363,0.03431045305540881
2022-05-23,209088,209088,203677,205645,223162,-0.009479175196158263
2022-05-24,205153,205645,198758,199250,189138,-0.031097279291983804
2022-05-25,201710,204169,200725,201710,167453,0.012346298619824392
2022-05-26,201218,204661,201218,203678,136967,0.0097565812304794
2022-05-27,205645,208596,203677,207613,267013,0.019319710523473255
2022-05-30,208596,209088,205153,206629,170838,-0.004739587598079131
2022-05-31,207613,213024,206137,212041,744281,0.02619187045380844
2022-06-02,212041,214008,210564,212041,236037,0.0
2022-06-03,215485,222372,214501,221881,607794,0.0464061195712151
2022-06-07,226308,232704,225816,232704,984913,0.048778399232020764
2022-06-08,235656,239099,231228,236148,749041,0.014799917491749248
2022-06-09,236148,242051,234180,240084,597571,0.016667513593170424
2022-06-10,238116,241067,237132,240084,347608,0.0
2022-06-13,236147,239099,232704,233688,493902,-0.026640675763482835
2022-06-14,231227,231227,224832,227292,499081,-0.02736982643524699
2022-06-15,228768,229752,217945,219421,412049,-0.03462946342150186
2022-06-16,221388,221880,210565,211057,579906,-0.038118502786880004
2022-06-17,206629,226800,205153,221881,1027042,0.051284724031896545
2022-06-20,219420,224832,212533,216961,393153,-0.022174048251089595
2022-06-21,219912,227784,214993,216469,386914,-0.002267688662939471
2022-06-22,220404,220404,204169,205153,440154,-0.05227538354221617
2022-06-23,204661,207121,195806,195806,438401,-0.04556111779988592
2022-06-24,198264,198757,192854,194822,523962,-0.005025382266120593
2022-06-27,197773,197773,192854,195314,585630,0.00252538214370035
2022-06-28,198266,204169,197282,198266,533711,0.015114123923528178
2022-06-29,198265,202692,196790,196790,353371,-0.0074445441981983995
2022-06-30,197773,197773,188918,188918,632635,-0.04000203262360891
2022-07-01,188426,190394,173667,174651,873952,-0.07551953757714991
2022-07-04,176126,176618,168255,174651,496427,0.0
2022-07-05,176127,179570,173175,177603,460418,0.016902279402923437
2022-07-06,174650,174650,167271,168255,535723,-0.05263424604314115
2022-07-07,169238,171698,167271,168747,372744,0.0029241330123919163
2022-07-08,172682,175142,168747,168747,448578,0.0
2022-07-11,169730,170714,164811,165795,356317,-0.017493644331454727
2022-07-12,164811,167271,161368,162352,348767,-0.020766609366989375
2022-07-13,159891,163827,155955,163827,523890,0.009085197595348316
2022-07-14,161859,171698,161859,169731,582882,0.03603801571169596
2022-07-15,169730,171206,163827,167763,334510,-0.011594817682096914
2022-07-18,170714,171206,167271,170223,249635,0.014663543212746655
2022-07-19,171207,175142,170223,174159,377449,0.023122609753088552
2022-07-20,176618,177110,173667,175635,260717,0.008475014211151821
2022-07-21,175143,180554,173667,180063,349362,0.025211375864719443
2022-07-22,179078,179570,174159,175635,296500,-0.024591393012445617
2022-07-25,173175,177602,173175,176619,232031,0.005602527969937654
2022-07-26,177111,183014,175143,180555,374422,0.022285258097939575
2022-07-27,181046,181538,177111,179571,182190,-0.0054498629226551465
2022-07-28,182030,184490,175635,179079,331423,-0.002739863340962656
2022-07-29,180062,187933,179570,184490,699854,0.03021571485210428
2022-08-01,185474,187442,182523,183015,269505,-0.007995013279852525
2022-08-02,183014,183506,176619,177111,362643,-0.03225965084829108
2022-08-03,177603,182031,177111,182031,271876,0.02777918932195056
2022-08-04,182522,184982,181047,181539,320063,-0.0027028363300756197
2022-08-05,182031,183506,180555,182523,263978,0.005420322905821839
2022-08-08,183506,192853,182522,192362,662428,0.05390553519282504
2022-08-09,192853,195313,190394,191870,432725,-0.0025576777118141436
2022-08-10,191869,192853,187442,187934,241609,-0.020513889612758684
2022-08-11,191870,196297,190394,195314,384704,0.03926910511136894
2022-08-12,195314,201217,192854,196298,345790,0.0050380413078428
2022-08-16,197282,208105,194822,200234,624281,0.020051146725896363
2022-08-17,202200,210072,202200,206629,608513,0.031937632969425866
2022-08-18,205645,208596,202201,207121,311742,0.002381079132164343
2022-08-19,207613,207613,198266,201218,359253,-0.02850024864692624
2022-08-22,197282,204661,197282,201710,302421,0.002445109284457736
2022-08-23,200233,202693,198265,199250,243588,-0.012195726538099305
2022-08-24,201710,210073,201218,201710,424694,0.012346298619824392
2022-08-25,204661,207121,199742,201710,256839,0.0
2022-08-26,202201,202693,198266,200234,282563,-0.007317435922859605
2022-08-29,193346,196297,192361,193346,350676,-0.03439975228982095
2022-08-30,195313,197281,189902,193346,275633,0.0
2022-08-31,190885,191377,183506,186950,719833,-0.03308059127160634
2022-09-01,183998,184490,175635,175635,988172,-0.06052420433270933
2022-09-02,177111,180062,174651,178587,436227,0.016807583909812962
2022-09-05,177603,184982,177603,183015,439844,0.024794637907574524
2022-09-06,186457,189901,183014,184490,309881,0.008059448679069936
2022-09-07,183506,185474,179571,181539,243867,-0.015995446907691502
2022-09-08,180554,186458,176126,186458,471448,0.027096106070871873
2022-09-13,190885,190885,186458,189410,374724,0.015831983610250067
2022-09-14,182522,187933,181538,185966,315323,-0.01818277810041713
2022-09-15,186950,187442,182031,182031,210605,-0.021159781895615293
2022-09-16,179570,179570,173175,174651,414608,-0.04054254495113474
2022-09-19,175634,177602,173175,173667,204270,-0.005634093134307849
2022-09-20,176127,181538,175143,176127,273407,0.014165039990326367
2022-09-21,175143,178094,173175,175635,270324,-0.0027934388253930686
2022-09-22,172683,173174,168255,172683,350955,-0.016807583909812962
2022-09-23,172683,172683,160876,161860,566245,-0.06267553841431983
2022-09-26,157923,160383,154480,155956,445992,-0.03647596688496235
2022-09-27,155463,155955,146116,148576,669241,-0.047321039267485654
2022-09-28,148575,149067,144148,146116,404349,-0.016557182855912123
2022-09-29,149067,151527,143164,143656,437781,-0.016835938569355835
2022-09-30,142672,145132,140213,141197,330597,-0.01711728016929326
2022-10-04,145624,152511,145132,151528,383316,0.07316727692514724
2022-10-05,156939,158415,152020,153988,446024,0.016234623303943874
2022-10-06,155955,157431,148576,150544,479884,-0.02236537912045089
2022-10-07,149560,156939,148576,155956,517376,0.03594962270166868
2022-10-11,151036,156447,150544,153496,538599,-0.01577367975582855
2022-10-12,152020,154972,147592,154972,299505,0.009615885755980713
2022-10-13,152511,153495,148576,149068,366840,-0.038097204656325045
2022-10-14,152020,157431,151528,154480,413583,0.03630557866208717
2022-10-17,151036,154479,149068,153988,215682,-0.003184878301398242
2022-10-18,156447,156939,152512,153988,256174,0.0
2022-10-19,154972,163827,153496,160876,542223,0.04473075824090178
2022-10-20,159399,159399,150544,152512,582585,-0.05199035281831965
2022-10-21,153004,155463,152512,153496,225784,0.00645195132186327
2022-10-24,155955,157923,152020,152512,265440,-0.006410590503987068
2022-10-25,152511,154971,150544,151528,257554,-0.0064519513218631586
2022-10-26,151528,154971,151036,151528,286065,0.0
2022-10-27,153987,167271,153495,167271,1017480,0.1038949897048731
2022-10-28,165303,170222,165303,165795,533071,-0.008824004160912557
2022-10-31,169239,173174,166287,170223,616720,0.026707681172532416
2022-11-01,171699,183014,171207,179571,1256898,0.054916198163585506
2022-11-02,177603,189902,177111,180555,1129051,0.005479726681925312
2022-11-03,176126,188917,174158,186458,1104914,0.0326936390573509
2022-11-04,186458,186458,173175,174651,979453,-0.06332257130292074
2022-11-07,177111,181538,176127,178587,555508,0.022536372537231397
2022-11-08,181047,185966,178587,182031,579065,0.019284718372557963
2022-11-09,183998,185474,179079,180063,353702,-0.01081134532030259
2022-11-10,176619,182030,175143,178095,285703,-0.010929508005531385
2022-11-11,183506,184490,178095,179571,569128,0.008287711614587634
2022-11-14,179570,180062,174651,177111,520860,-0.01369931670481317
2022-11-15,176126,177602,173667,175143,374347,-0.011111675728780246
2022-11-16,176126,177110,171207,174651,342413,-0.002809133108374273
2022-11-17,174158,176618,168255,168255,408928,-0.036621605373000965
2022-11-18,168255,173174,166779,169731,303684,0.008772399037175749
2022-11-21,170222,170714,163335,167763,362336,-0.011594817682096914
2022-11-22,167270,167762,163827,164811,199840,-0.017596251855295897
2022-11-23,166778,167762,163827,165795,279426,0.005970475271674935
2022-11-24,165795,167270,163827,166287,296629,0.0029675201302814536
2022-11-25,167271,176618,165303,172683,790101,0.03846362012664861
2022-11-28,174158,176618,169731,171699,477708,-0.005698302670210764
2022-11-29,171699,173666,167763,172191,291746,0.002865479705764118
2022-11-30,172683,176127,168747,176127,496333,0.022858337543774088
2022-12-01,179570,179570,173175,174651,462632,-0.008380316476179095
2022-12-02,173174,173666,169239,171207,291749,-0.019719325970077417
2022-12-05,171206,172190,167763,168747,242506,-0.014368571378506667
2022-12-06,166287,168746,164319,167763,282897,-0.005831214777151539
2022-12-07,166287,168255,161368,161860,359918,-0.03518654292066781
2022-12-08,159892,165303,159892,160876,346122,-0.006079327814160429
2022-12-09,161367,167270,160383,165795,422763,0.03057634451378699
2022-12-12,163335,167762,163335,165303,255192,-0.0029675201302813425
2022-12-13,166779,167762,161859,166779,238126,0.00892905754886475
2022-12-14,166779,168746,165795,167271,152531,0.002950011692119503
2022-12-15,167270,169238,164319,164811,193696,-0.014706673601520892
2022-12-16,161859,166779,160875,166779,229008,0.011940950543349649
2022-12-19,164811,165303,162843,165303,136171,-0.008850035076358509
2022-12-20,163827,164319,161860,162352,160461,-0.01785206560074526
2022-12-21,163827,163827,161860,162844,133208,0.0030304523504482983
2022-12-22,162843,166286,161367,164811,246893,0.01207904497555945
2022-12-23,162351,164319,158416,158908,216998,-0.03581678407387856
2022-12-26,159399,159891,157924,158416,163532,-0.0030961310947215104
2022-12-27,158416,159891,157432,158416,196922,0.0
2022-12-28,157923,158415,151528,153988,322507,-0.027951722048278005
2022-12-29,152511,153987,150544,151528,205231,-0.015975270800322128
2023-01-02,153003,156939,152512,152512,185243,0.006493849321577594
2023-01-03,152019,153495,145132,148084,352851,-0.02903378094838438
2023-01-04,145132,148575,141688,147100,286672,-0.006644877231841373
2023-01-05,147591,149067,145132,145624,254789,-0.010033990482664845
2023-01-06,143656,149067,143656,148084,194443,0.016892819864857467
2023-01-09,150543,151035,148084,150052,294582,0.013289754463682746
2023-01-10,150051,151035,145624,146116,549090,-0.026230906619038707
2023-01-11,147100,151036,147100,151036,416490,0.03367187713871167
2023-01-12,153004,155463,151528,154480,371459,0.022802510659710284
2023-01-13,154972,159891,154972,157432,329227,0.01910926980838945
2023-01-16,157923,158415,153988,154972,371393,-0.015625793993597203
2023-01-17,154971,155463,151036,153004,252924,-0.012699068218774978
2023-01-18,153987,153987,150544,151528,273648,-0.009646806619434733
2023-01-19,149560,153003,149560,152020,188644,0.003246924660788686
2023-01-20,151036,153988,151036,153988,167980,0.012945665044073129
2023-01-25,156448,160187,155956,158908,408382,0.031950541600644256
2023-01-26,159104,161859,155955,161761,403513,0.017953784579756826
2023-01-27,162843,167762,162154,166779,519886,0.031021074300974893
2023-01-30,166385,166484,160679,161171,344630,-0.033625336523183336
2023-01-31,161170,163630,158907,159498,376891,-0.010380279330648778
2023-02-01,159695,168944,158514,167862,671185,0.05243952902230742
2023-02-02,169239,173174,169140,170223,644023,0.014065124924044659
2023-02-03,168747,170222,165696,169239,430395,-0.0057806524382721935
2023-02-06,167566,171600,165795,168157,403696,-0.00639332541553661
2023-02-07,168451,172190,159990,159990,1580216,-0.04856770755900741
2023-02-08,160383,163040,160186,162450,671464,0.015375960997562332
2023-02-09,161466,168846,160580,166091,770218,0.022413050169282966
2023-02-10,164221,165598,162548,164615,428187,-0.008886694643297943
2023-02-13,164811,169534,164811,166386,508188,0.010758436351486766
2023-02-14,167270,167959,164122,164811,414532,-0.009465940644044601
2023-02-15,162843,162843,151134,152512,1926317,-0.07462487333976497
2023-02-16,153496,159104,153397,157432,969173,0.032259756609315904
2023-02-17,154775,158809,153791,157727,478252,0.0018738248894760723
2023-02-20,157333,158120,154578,156054,332583,-0.010606934767034226
2023-02-21,157628,159990,156940,159400,654100,0.02144129596165434
2023-02-22,157923,158907,156152,156251,449007,-0.01975533249686323
2023-02-23,157235,157333,153594,153988,518450,-0.014483107308113197
2023-02-24,153987,154381,152511,152610,379798,-0.00894874925318856
2023-02-27,151626,151626,147592,149462,473671,-0.02062774392241662
2023-02-28,150446,150839,147691,147691,607655,-0.011849165674218232
2023-03-02,148773,158415,148084,157924,1099740,0.06928655097467007
2023-03-03,159596,161466,156152,158219,642882,0.001867987133051363
2023-03-06,160284,166286,156742,165303,1187155,0.04477338372761808
2023-03-07,167074,177012,166484,173962,1704724,0.05238259438727666
2023-03-08,171207,171305,165795,168157,797978,-0.03336935652613793
2023-03-09,169140,169239,160580,162253,1271658,-0.035110045968945736
2023-03-10,160678,171600,159399,170715,1217813,0.052153118894565864
2023-03-13,169042,173666,165893,173273,748073,0.014984037723691612
2023-03-14,171600,171797,166188,167271,569279,-0.0346389801065371
2023-03-15,170222,170222,161367,162548,856040,-0.028235617650399614
2023-03-16,160187,163434,157924,160876,602358,-0.010286192386248949
2023-03-17,162154,162449,158218,159596,572915,-0.00795643849921679
2023-03-20,159497,159792,154774,155857,604013,-0.02342790546128981
2023-03-21,155857,156940,153004,154185,551903,-0.010727782518590745
2023-03-22,156546,159104,153791,158219,711965,0.02616337516619649
2023-03-23,156349,158514,155169,156645,606888,-0.009948236305374225
2023-03-24,158317,159596,154282,157038,544109,0.002508857607967041
2023-03-27,159104,166681,158219,164123,1103183,0.045116468625428174
2023-03-28,165302,165794,159005,160580,754306,-0.021587467935633597
2023-03-29,161368,163926,159596,161860,496419,0.007971104745298385
2023-03-30,163925,191771,160481,184195,6199705,0.13798962065982945
2023-03-31,180554,182424,174847,176422,1978094,-0.04219984255815845
2023-04-03,178586,181735,176323,177111,1202359,0.0039054086225074336
2023-04-04,179669,185179,176619,178292,1476621,0.006668134672606518
2023-04-05,178980,179964,175044,176225,762751,-0.011593341260404233
2023-04-06,175733,175930,170321,173372,899061,-0.016189530429848165
2023-04-07,173372,184687,171305,180555,1737556,0.04143114228364442
2023-04-10,186064,195904,184097,194527,2362834,0.07738362271883914
2023-04-11,202693,205645,192952,199742,1631951,0.026808617826831194
2023-04-12,197281,201217,189409,190099,1401335,-0.04827727768821777
2023-04-13,185474,189410,183211,188623,938218,-0.007764375404394563
2023-04-14,190394,190492,186261,187344,681169,-0.006780721333029427
2023-04-17,188819,195115,187442,190394,980208,0.016280211802886635
2023-04-18,192361,192361,182522,184982,1098850,-0.028425265502064145
2023-04-19,185178,186261,183407,184490,547912,-0.002659718242856046
2023-04-20,182522,185375,181538,182424,477103,-0.011198438939779898
2023-04-21,181538,181834,175241,179079,724854,-0.018336403104854626
2023-04-24,176815,178488,175142,176225,439469,-0.015937100385863268
2023-04-25,176815,177110,168451,172289,718251,-0.022335082990495136
2023-04-26,171010,176618,170420,174651,514065,0.013709522952713105
2023-04-27,173174,176224,171403,175733,523483,0.006195212165976738
2023-04-28,177996,178587,169042,170322,769578,-0.030791029573273065
2023-05-02,171698,177897,170714,177012,703093,0.03927854299503286
2023-05-03,175831,176323,172781,172978,404015,-0.022789415406865077
2023-05-04,172289,179767,170715,176127,796006,0.018204627178022736
2023-05-08,180653,189213,180259,182031,1565500,0.03352126590471638
2023-05-09,184588,187637,179373,185966,905947,0.021617197070828542
2023-05-10,183998,184392,177209,177406,692375,-0.04602991944764101
2023-05-11,176914,178980,174651,175340,458729,-0.011645603869091192
2023-05-12,174945,177405,173863,174257,303505,-0.006176571233032946
2023-05-15,174257,174454,171502,173175,317648,-0.006209219715707315
2023-05-16,174159,175634,172683,174159,305557,0.0056821134690341335
2023-05-17,174158,179570,172879,179177,412084,0.02881275156609764
2023-05-18,180455,180554,177110,179472,278429,0.001646416671782669
2023-05-19,180652,180652,174650,174749,492168,-0.026316082731568158
2023-05-22,174749,178095,173765,177800,373711,0.017459327378125167
2023-05-23,178980,183703,178587,181047,633200,0.018262092238470196
2023-05-24,180259,182325,178685,180850,302815,-0.0010881152407937744
2023-05-25,181931,185572,180849,182719,606571,0.01033453137959639
2023-05-26,181932,181932,178586,179866,317960,-0.015614139744635214
2023-05-30,182522,190295,182129,188820,1050898,0.049781504008539645
2023-05-31,186753,189606,186064,186065,691035,-0.014590615400910889
2023-06-01,186359,191280,186262,190985,671501,0.026442372289253724
2023-06-02,191476,196002,189508,194822,719856,0.020090583030080822
2023-06-05,196790,199742,193837,196495,459642,0.008587325866688644
2023-06-07,197281,204169,197281,203186,755645,0.0340517570421639
2023-06-08,201709,201709,193050,194920,880561,-0.04068193674761056
2023-06-09,196790,198757,195412,197282,526170,0.012117791914631582
2023-06-12,198757,200725,196790,197774,389017,0.002493891992173536
2023-06-13,197281,198265,192853,196396,629565,-0.006967548818348268
2023-06-14,197773,197773,188623,189804,876179,-0.03356483838774715
2023-06-15,190886,193641,186654,187836,660208,-0.010368590756780649
2023-06-16,188622,189606,184982,185179,663620,-0.014145318256351236
2023-06-19,184588,185769,182817,185474,449134,0.001593053207977091
2023-06-20,184884,184982,180653,181145,641558,-0.023340198626222497
2023-06-21,180456,183310,178685,178784,509672,-0.01303375748709601
2023-06-22,178586,181243,177996,179866,397578,0.006051995704313695
2023-06-23,184785,186655,179078,179669,755792,-0.001095259804521187
2023-06-26,166779,170518,163630,168747,1959103,-0.06078956302979366
2023-06-27,167370,168747,164024,164615,874002,-0.024486361239014598
2023-06-28,164910,165697,158022,158121,998624,-0.03944962488230108
2023-06-29,157825,159596,155267,155464,602682,-0.01680358712631469
2023-06-30,155857,157825,155365,155956,453262,0.003164719806514782
2023-07-03,157924,163040,157825,160876,719997,0.0315473595116571
2023-07-04,163335,167172,162056,164024,826668,0.019567865934011275
2023-07-05,164123,166681,161958,164615,600383,0.0036031312490854006
2023-07-06,165795,166188,162646,163237,487092,-0.008371047595905567
2023-07-07,163336,165992,161564,163336,465930,0.0006064801484957361
2023-07-10,164024,164712,160285,160482,545034,-0.01747318411127985
2023-07-11,160679,164221,160580,161860,456019,0.00858663276878402
2023-07-12,162844,164615,161663,163336,443491,0.009118991721240643
2023-07-13,164516,165696,162154,162745,673571,-0.003618308272517967
2023-07-14,162449,163236,159005,161072,577736,-0.010279885710774539
2023-07-17,161072,163139,158908,161368,563691,0.00183768749379154
2023-07-18,164515,169632,164024,167763,1260727,0.0396299142333052
2023-07-19,169829,169829,165499,166779,702610,-0.005865417285098595
2023-07-20,167861,179472,167763,170912,1862624,0.024781297405548575
2023-07-21,170616,175438,167566,173864,797132,0.017272046433252308
2023-07-24,175634,196101,175438,193346,3561129,0.11205309897391058
2023-07-25,198758,203677,194035,202202,1992729,0.04580389560683962
2023-07-26,205153,225816,188918,201218,4690207,-0.004866420708004915
2023-07-27,200725,200725,181341,183998,2262421,-0.08557882495601787
2023-07-28,179570,188622,179275,186458,1407104,0.01336971054033187
2023-07-31,193247,216960,193050,212533,2518328,0.1398438254191292
2023-08-01,222864,223357,201710,204170,1861469,-0.039349183420927525
2023-08-02,198758,206629,195904,196200,1056028,-0.03903609736983882
2023-08-03,197100,212000,194700,206500,1262378,0.05249745158002028
2023-08-04,210000,210500,202000,203000,697439,-0.016949152542372836
2023-08-07,201000,202500,190500,192400,944265,-0.05221674876847293
2023-08-08,194800,196500,188800,191300,712657,-0.005717255717255676
2023-08-09,190000,194500,189500,190800,489700,-0.002613695765812829
2023-08-10,190000,195500,189600,190500,664665,-0.0015723270440252124
2023-08-11,191600,192400,188000,190500,402075,0.0
2023-08-14,190500,192200,184200,184200,523143,-0.03307086614173227
2023-08-16,182000,185600,178600,179400,556181,-0.026058631921824116
2023-08-17,177100,180100,174500,179500,517933,0.0005574136008918984
2023-08-18,177600,177600,173200,174100,483311,-0.030083565459609996
2023-08-21,174200,179300,174200,176000,337177,0.010913268236645512
2023-08-22,178500,180600,174500,177000,370166,0.005681818181818121
2023-08-23,177600,178000,172800,173500,321459,-0.019774011299435013
2023-08-24,173700,176600,171200,174200,359210,0.004034582132564912
2023-08-25,171200,173600,169100,173000,356577,-0.006888633754305373
2023-08-28,174800,177300,173500,177300,333116,0.02485549132947984
2023-08-29,178600,179700,175800,176000,289573,-0.007332205301748496
2023-08-30,178900,181700,177200,180000,378932,0.022727272727272707
2023-08-31,182800,184100,176600,177500,494683,-0.01388888888888884
2023-09-01,179000,180600,174500,176000,348063,-0.008450704225352101
2023-09-04,174800,180000,174700,179500,334792,0.019886363636363535
2023-09-05,179200,179600,176900,178800,255867,-0.003899721448467952
2023-09-06,180200,181100,173700,174500,557968,-0.024049217002237167
2023-09-07,175100,177000,171000,172700,424496,-0.010315186246418362
2023-09-08,171600,172900,169300,171000,382789,-0.009843659525188175
2023-09-11,170900,171600,166600,167900,408346,-0.018128654970760216
2023-09-12,168900,171000,164700,167000,409015,-0.005360333531864159
2023-09-13,166000,168000,159500,159900,824011,-0.04251497005988025
2023-09-14,160300,162300,157100,162200,724448,0.014383989993746127
2023-09-15,161900,162600,157000,159600,1236868,-0.01602959309494456
2023-09-18,160700,167900,160600,164600,1106747,0.03132832080200498
2023-09-19,165100,167500,163800,164200,676735,-0.002430133657351119
2023-09-20,164200,165700,162500,164400,339998,0.0012180267965895553
2023-09-21,162500,162700,158700,159000,534748,-0.03284671532846717
2023-09-22,157000,158800,155900,158100,371658,-0.005660377358490565
2023-09-25,156500,158500,154600,155200,392219,-0.01834282099936746
2023-09-26,160100,162500,149000,149600,1000496,-0.03608247422680411
2023-09-27,145200,148900,145200,148800,818037,-0.005347593582887722
2023-10-04,146000,146100,140700,141100,831394,-0.051747311827957
2023-10-05,142000,143300,139200,139500,823095,-0.01133947554925585
2023-10-06,139500,141300,138000,138700,607325,-0.005734767025089571
2023-10-10,141900,142600,135800,136300,886919,-0.017303532804614274
2023-10-11,138900,143400,138200,142800,699986,0.047688921496698455
2023-10-12,143500,149300,141600,146800,885280,0.028011204481792618
2023-10-13,145400,148300,144900,147100,353932,0.002043596730245234
2023-10-16,147000,150600,145800,149000,553977,0.01291638341264445
2023-10-17,150900,153400,149500,149600,489167,0.00402684563758382
2023-10-18,148900,150000,146400,147200,489900,-0.016042780748663055
2023-10-19,144900,148500,143500,144000,459948,-0.021739130434782594
2023-10-20,142000,144400,140600,141000,428892,-0.02083333333333337
2023-10-23,140000,141500,139100,140300,398644,-0.00496453900709215
2023-10-24,140200,141400,135800,141000,586719,0.0049893086243764095
2023-10-25,141100,141300,133000,133000,769100,-0.05673758865248224
2023-10-26,129900,130000,124500,124700,1013987,-0.06240601503759402
2023-10-27,124800,128000,123400,124300,795838,-0.003207698476343279
2023-10-30,123300,126100,122900,125900,511164,0.012872083668543866
2023-10-31,125900,126200,121300,122200,543855,-0.02938840349483718
2023-11-01,123400,126200,120100,120400,486450,-0.014729950900163713
2023-11-02,122000,127900,122000,127600,750765,0.05980066445182719
2023-11-03,130800,142000,128500,137100,2182595,0.07445141065830718
2023-11-06,145000,158600,141600,155500,2562784,0.1342086068563093
2023-11-07,153000,153000,140900,144500,1494573,-0.07073954983922826
2023-11-08,144000,147000,139000,139000,774289,-0.03806228373702425
2023-11-09,139700,140000,135600,136000,566872,-0.021582733812949617
2023-11-10,133600,133600,131100,131300,427428,-0.03455882352941175
2023-11-13,132700,134800,130400,131000,371436,-0.0022848438690022954
2023-11-14,133100,136500,132400,134300,497182,0.02519083969465652
2023-11-15,139500,140500,137800,139700,599931,0.04020848845867464
2023-11-16,141000,141000,137900,138800,354823,-0.006442376521116677
2023-11-17,137100,137300,135200,136100,316282,-0.019452449567723296
2023-11-20,137400,140900,136600,140600,339299,0.03306392358559873
2023-11-21,141400,142300,139200,142200,341776,0.011379800853485111
2023-11-22,140900,142800,140200,142300,210744,0.0007032348804500987
2023-11-23,142300,144000,141300,142700,201099,0.0028109627547434624
2023-11-24,143300,144000,141100,141500,181347,-0.008409250175192673
2023-11-27,141500,141900,139500,140000,195480,-0.010600706713780883
2023-11-28,141000,142800,140400,141300,226814,0.009285714285714342
2023-11-29,141800,142700,140100,142300,261047,0.007077140835102691
2023-11-30,141600,143100,140100,143100,325130,0.005621925509486925
2023-12-01,141500,141500,134400,134400,922667,-0.06079664570230603
2023-12-04,136500,137900,134600,135800,419669,0.01041666666666674
2023-12-05,135800,136500,134500,135200,249212,-0.004418262150220897
2023-12-06,135200,136200,134500,134800,207571,-0.00295857988165682
2023-12-07,134800,135200,133100,134100,252362,-0.005192878338278972
2023-12-08,135200,135900,134100,135600,259473,0.01118568232662187
2023-12-11,136000,136400,134100,134800,221307,-0.005899705014749235
2023-12-12,134900,135800,133200,133600,361459,-0.008902077151335286
2023-12-13,133100,133400,130800,131100,359670,-0.018712574850299424
2023-12-14,133000,137600,132500,137600,772706,0.04958047292143397
2023-12-15,138000,140900,137900,138600,534013,0.007267441860465018
2023-12-18,140000,140000,136700,137500,304078,-0.007936507936507908
2023-12-19,138400,139000,137400,138800,253389,0.009454545454545382
2023-12-20,139700,141000,138300,139600,389389,0.0057636887608070175
2023-12-21,137800,139700,137700,137900,254701,-0.012177650429799458
2023-12-22,138900,139800,137900,138800,259761,0.006526468455402501
2023-12-26,139500,139800,136600,137800,310798,-0.007204610951008661
2023-12-27,137900,140100,137200,139100,293588,0.009433962264151052
2023-12-28,139000,140300,138500,140300,325192,0.008626887131560013
2024-01-02,139800,140300,138100,140200,286766,-0.0007127583749109156
2024-01-03,139000,139000,134300,134300,514164,-0.042082738944365206
2024-01-04,133900,135100,132800,133700,297763,-0.004467609828741614
2024-01-05,133700,135300,133200,133500,250665,-0.0014958863126401933
2024-01-08,134000,134900,131800,132000,271273,-0.011235955056179803
2024-01-09,133500,134200,131500,131600,263994,-0.00303030303030305
2024-01-10,131500,132300,128800,128900,359356,-0.020516717325227973
2024-01-11,129100,129800,126700,126700,574183,-0.01706749418153608
2024-01-12,126900,127300,124000,124600,377304,-0.016574585635359074
2024-01-15,124900,125700,122500,123400,310721,-0.009630818619582704
2024-01-16,122500,124400,122100,122400,244219,-0.008103727714748765
2024-01-17,122400,122500,117900,117900,567740,-0.03676470588235292
2024-01-18,117300,120500,116400,116600,397572,-0.011026293469041604
2024-01-19,116900,118100,112700,113600,620539,-0.02572898799313894
2024-01-22,113500,114700,108300,108300,778932,-0.046654929577464754
2024-01-23,107800,110900,107500,109800,457394,0.013850415512465464
2024-01-24,109800,115300,109300,112100,505801,0.020947176684881663
2024-01-25,111600,112700,108900,112100,347207,0.0
2024-01-26,110300,117400,110300,115800,463460,0.033006244424620856
2024-01-29,117100,120600,116200,120300,417349,0.03886010362694292
2024-01-30,121400,122200,116800,116800,391765,-0.029093931837073983
2024-01-31,116100,118800,115700,117100,267405,0.0025684931506848585
2024-02-01,116300,121500,116300,121200,353237,0.035012809564474834
2024-02-02,121600,124800,120600,124400,395620,0.0264026402640265
2024-02-05,124400,128700,121300,127100,567422,0.021704180064308742
2024-02-06,129400,130900,120000,120800,1101077,-0.04956726986624704
2024-02-07,121200,123700,119400,121000,663618,0.0016556291390728006
2024-02-08,122200,122900,120800,121000,424162,0.0
2024-02-13,121800,124000,121800,122900,381580,0.015702479338842945
2024-02-14,121900,123000,120600,122100,250400,-0.006509357200976451
2024-02-15,123700,123700,121700,122300,214590,0.0016380016380015405
2024-02-16,123800,127300,123800,127100,490180,0.03924775143090753
2024-02-19,127200,130800,127200,128900,509358,0.014162077104642012
2024-02-20,128900,129600,125300,126000,363614,-0.022498060512024853
2024-02-21,124900,126400,123800,124100,301311,-0.015079365079365026
2024-02-22,125300,125500,123500,123500,214849,-0.00483481063658342
2024-02-23,123600,125000,123000,123200,248423,-0.0024291497975708065
2024-02-26,123300,123300,120200,120800,319428,-0.01948051948051943
2024-02-27,121700,122500,118300,118600,299483,-0.018211920529801362
2024-02-28,118900,120200,118500,119600,275426,0.008431703204047292
2024-02-29,118400,119300,116700,117100,539100,-0.020903010033444858
2024-03-04,117500,119700,117000,117000,338468,-0.0008539709649871829
2024-03-05,116900,118700,116200,117400,389662,0.0034188034188034067
2024-03-06,117300,117700,115100,115700,352436,-0.014480408858603022
2024-03-07,116000,119800,115200,118800,489113,0.026793431287813307
2024-03-08,120000,121200,118800,119000,320682,0.0016835016835017313
2024-03-11,118000,119500,117500,118600,192984,-0.003361344537815114
2024-03-12,119700,121200,119300,120900,380181,0.019392917369308593
2024-03-13,123100,123200,119600,119800,409170,-0.009098428453267138
2024-03-14,119200,121700,118800,120700,654907,0.0075125208681134925
2024-03-15,120900,121500,119500,120000,362679,-0.0057995028997513964
2024-03-18,121100,128300,120000,125600,773227,0.046666666666666634
2024-03-19,128000,128100,122200,125100,627338,-0.00398089171974525
2024-03-20,123000,123800,119400,119700,757266,-0.043165467625899234
2024-03-21,120300,121200,119500,120000,451396,0.0025062656641603454
2024-03-22,119200,121400,119100,120000,396268,0.0
2024-03-25,120500,122400,120300,121000,341937,0.008333333333333304
2024-03-26,120900,122800,120400,120600,362055,-0.0033057851239669533
2024-03-27,120500,121900,120400,120700,242007,0.0008291873963515162
2024-03-28,121600,121600,118000,118400,439918,-0.01905550952775481
2024-03-29,118700,118900,116000,116000,444662,-0.020270270270270285
2024-04-01,116300,118500,115200,117400,260572,0.012068965517241459
2024-04-02,117500,122500,117200,121800,512554,0.03747870528109032
2024-04-03,121400,124500,116800,117400,798593,-0.03612479474548436
2024-04-04,118500,120200,117500,119900,347444,0.021294718909710353
2024-04-05,118800,119900,116800,118100,359226,-0.015012510425354453
2024-04-08,117800,119300,114200,118800,485400,0.00592718035563089
2024-04-09,119000,121200,117500,117500,349338,-0.01094276094276092
2024-04-11,116300,116900,110500,110600,852391,-0.05872340425531919
2024-04-12,110000,110800,108000,108400,439283,-0.019891500904159143
2024-04-15,109000,110000,105200,105300,490834,-0.02859778597785978
2024-04-16,103300,105000,102600,103800,336311,-0.014245014245014231
2024-04-17,103600,107700,103600,104800,351798,0.009633911368015502
2024-04-18,104800,107500,104700,106200,226720,0.013358778625954137
2024-04-19,105000,105300,103200,103800,345437,-0.02259887005649719
2024-04-22,104800,110600,104800,110600,440984,0.06551059730250475
2024-04-23,110400,110400,107500,108400,187000,-0.019891500904159143
2024-04-24,110700,113200,109200,110000,322770,0.014760147601476037
2024-04-25,109200,109500,107400,107500,207953,-0.022727272727272707
2024-04-26,107500,108000,105900,106700,247709,-0.007441860465116301
2024-04-29,108000,113600,107400,112700,548435,0.05623242736644807
2024-04-30,113200,113300,108200,111100,545936,-0.014196983141082531
2024-05-02,109200,111100,108600,109000,223560,-0.01890189018901889
2024-05-03,110000,110300,109000,109600,160242,0.005504587155963359
2024-05-07,110800,112200,110000,112200,254931,0.02372262773722622
2024-05-08,111900,113000,111500,113000,210373,0.007130124777183555
2024-05-09,112900,113700,111300,111400,336743,-0.01415929203539823
2024-05-10,112500,112900,110000,111200,163644,-0.0017953321364452268
2024-05-13,111600,111600,109700,110800,160093,-0.003597122302158251
2024-05-14,111000,112500,110100,110400,174816,-0.0036101083032491488
2024-05-16,111800,112100,108700,109700,307111,-0.0063405797101449
2024-05-17,109100,110200,107400,107700,237202,-0.01823154056517773
2024-05-20,107800,109600,107400,108100,177298,0.003714020427112441
2024-05-21,107500,108000,105400,105700,256072,-0.022201665124884418
2024-05-22,106400,106400,104100,105400,253684,-0.0028382213812677692
2024-05-23,104100,105400,103600,104200,233166,-0.011385199240986688
2024-05-24,103200,103800,101300,101700,453820,-0.02399232245681382
2024-05-27,101500,105400,101500,105100,297670,0.03343166175024592
2024-05-28,105200,106000,103700,105000,163498,-0.0009514747859181716
2024-05-29,103600,104000,101600,102100,324736,-0.027619047619047654
2024-05-30,101300,103400,100200,102200,361181,0.0009794319294809117
2024-05-31,103100,105900,99600,100000,908750,-0.021526418786692814
2024-06-03,101000,111900,101000,106300,1320915,0.06299999999999994
2024-06-04,106300,107600,104000,104300,409559,-0.01881467544684856
2024-06-05,103100,106100,101400,103600,474895,-0.006711409395973145
2024-06-07,104700,105700,103300,103800,315977,0.0019305019305020377
2024-06-10,102800,102800,101100,101300,384598,-0.024084778420038533
2024-06-11,102200,105400,100700,103600,440537,0.022704837117472954
2024-06-12,103600,106800,103300,104200,376204,0.005791505791505891
2024-06-13,105200,106400,102800,105100,524507,0.008637236084452882
2024-06-14,104600,113300,104400,111900,922260,0.06470028544243567
2024-06-17,112100,114800,107900,108800,760092,-0.027703306523681914
2024-06-18,109800,110200,102400,103100,718167,-0.05238970588235292
2024-06-19,103600,105000,102600,104700,410996,0.015518913676042745
2024-06-20,113100,126000,112700,121000,8538298,0.15568290353390646
2024-06-21,124800,125100,112400,114100,3189193,-0.057024793388429806
2024-06-24,113500,113800,108000,108400,1063080,-0.0499561787905346
2024-06-25,108000,111000,107000,107000,807974,-0.01291512915129156
2024-06-26,108000,111200,106100,109000,744436,0.01869158878504673
2024-06-27,108200,111500,108100,109100,502857,0.0009174311926605228
2024-06-28,110300,119900,109700,116100,1776299,0.06416131989000906
2024-07-01,114000,116000,111300,115300,637244,-0.006890611541774283
2024-07-02,115400,116900,111700,111900,488125,-0.02948829141370335
2024-07-03,113600,116200,112500,114100,514254,0.01966041108132255
2024-07-04,115000,115700,112700,114500,370544,0.0035056967572304476
2024-07-05,114900,114900,111700,112500,427507,-0.017467248908296984
2024-07-08,111800,113000,110900,111600,276437,-0.008000000000000007
2024-07-09,112500,113100,110600,112500,370176,0.008064516129032251
2024-07-10,111500,112300,108300,108300,594149,-0.03733333333333333
2024-07-11,109200,110600,107000,107100,736233,-0.011080332409972304
2024-07-12,108100,112700,106700,108100,856757,0.00933706816059754
2024-07-15,108100,111000,107500,108000,525950,-0.0009250693802035359
2024-07-16,109100,115000,108000,113300,1125893,0.04907407407407405
2024-07-17,115000,123200,114000,119700,3688143,0.056487202118270075
2024-07-18,127500,128300,114900,115900,3252847,-0.031746031746031744
2024-07-19,114400,117400,109700,112000,1040654,-0.03364969801553064
2024-07-22,112000,112500,107200,107600,601853,-0.03928571428571426
2024-07-23,107700,110200,106500,106500,440711,-0.010223048327137496
2024-07-24,105400,107300,104500,105000,472268,-0.014084507042253502
2024-07-25,103900,108300,103800,105700,385004,0.006666666666666599
2024-07-26,106100,106500,104200,104800,245877,-0.008514664143803197
2024-07-29,105200,105800,103700,105000,196098,0.001908396946564972
2024-07-30,104300,106700,104100,104300,239385,-0.00666666666666671
2024-07-31,104700,105100,103600,104200,229456,-0.0009587727708533222
2024-08-01,104400,107800,103600,107200,422189,0.028790786948176494
2024-08-02,105100,106300,103000,104300,405083,-0.027052238805970186
2024-08-05,102500,103400,91700,92800,826809,-0.11025886864813039
2024-08-06,94100,102000,94100,99800,569930,0.07543103448275867
2024-08-07,99000,101300,98000,98000,313521,-0.018036072144288595
2024-08-08,97700,99200,96000,97700,376215,-0.003061224489795955
2024-08-09,99800,103800,98400,101000,389385,0.03377686796315249
2024-08-12,101700,103400,101600,102000,126037,0.00990099009900991
2024-08-13,101900,103100,100500,102800,159544,0.007843137254901933
2024-08-14,103700,103900,101200,103400,290029,0.005836575875486361
2024-08-16,104400,104500,102100,102300,218375,-0.010638297872340385
2024-08-19,102300,103600,100000,100200,237770,-0.02052785923753664
2024-08-20,101100,103900,99500,102400,231019,0.02195608782435121
2024-08-21,102600,104300,102000,103800,241868,0.013671875
2024-08-22,104600,107800,103100,106200,553862,0.023121387283236983
2024-08-23,104900,106100,103300,105400,230527,-0.007532956685499026
2024-08-26,105600,107800,105500,106500,234571,0.010436432637571214
2024-08-27,107300,112000,106200,109800,1128567,0.030985915492957705
2024-08-28,109800,109900,105800,106800,339678,-0.02732240437158473
2024-08-29,106900,108500,105900,107900,258221,0.010299625468164875
2024-08-30,108400,110000,107000,110000,314106,0.019462465245597693
2024-09-02,109700,111300,109000,110400,476402,0.0036363636363636598
2024-09-03,111000,111000,108000,108900,220823,-0.013586956521739135
2024-09-04,106000,108700,105200,107000,263533,-0.017447199265381075
2024-09-05,107400,109700,106800,107400,173115,0.0037383177570093906
2024-09-06,107400,108800,106200,107200,274679,-0.0018621973929237035
2024-09-09,106000,108600,105900,108100,185015,0.008395522388059629
2024-09-10,108100,110300,107900,109700,240227,0.014801110083256352
2024-09-11,109800,111300,109100,110900,400198,0.010938924339106704
2024-09-12,111200,111400,109600,111400,351365,0.004508566275924331
2024-09-13,111400,111400,109700,110700,357010,-0.006283662477558294
2024-09-19,112400,112900,110200,112700,323198,0.01806684733513997
2024-09-20,112700,112700,110400,111000,372695,-0.015084294587400127
2024-09-23,111600,115200,110600,114800,350520,0.03423423423423433
2024-09-24,115500,122500,115400,122200,1085841,0.06445993031358888
2024-09-25,123000,123200,120800,121300,467453,-0.0073649754500818565
2024-09-26,121500,122000,119500,120600,323421,-0.00577081615828523
2024-09-27,120700,121200,118200,118700,291803,-0.015754560530679917
2024-09-30,120000,120900,117100,117100,251746,-0.01347935973041281
2024-10-02,116600,119000,115900,116100,225824,-0.00853970964987194
2024-10-04,117800,118700,114900,116200,228653,0.0008613264427217437
2024-10-07,116200,118600,114000,118300,250708,0.01807228915662651
2024-10-08,117200,119400,117000,118400,212206,0.0008453085376163294
2024-10-10,119300,125000,116000,123000,788299,0.038851351351351315
2024-10-11,124100,124700,117700,118500,347427,-0.03658536585365857
2024-10-14,117500,120700,117000,119200,208900,0.005907172995780696
2024-10-15,119100,119800,114900,115900,366357,-0.027684563758389236
2024-10-16,115500,116100,111100,111400,406571,-0.03882657463330452
2024-10-17,112100,113900,111400,112100,161367,0.006283662477558405
2024-10-18,112400,113800,111200,112100,152052,0.0
2024-10-21,112900,115700,112500,114400,197673,0.020517395182872544
2024-10-22,113900,114500,110600,112400,184232,-0.0174825174825175
2024-10-23,112000,116400,112000,116200,188878,0.03380782918149472
2024-10-24,116100,118100,114500,115300,196386,-0.0077452667814114085
2024-10-25,117200,117200,113800,114400,146624,-0.0078057241977450564
2024-10-28,115400,121900,114600,121400,405337,0.061188811188811254
2024-10-29,120000,120900,118600,120400,164204,-0.008237232289950547
2024-10-30,120300,120300,118500,118800,161519,-0.013289036544850474
2024-10-31,119800,119800,117000,117400,172486,-0.011784511784511786
2024-11-01,117400,124000,116300,121800,567185,0.03747870528109032
2024-11-04,121900,122700,118400,121100,352460,-0.005747126436781658
2024-11-05,120000,121300,117700,118600,287434,-0.02064409578860449
2024-11-06,119100,119200,111700,113100,386644,-0.04637436762225966
2024-11-07,111800,112500,106800,108000,448578,-0.04509283819628651
2024-11-08,109800,112500,109100,111100,197921,0.028703703703703676
2024-11-11,110300,111900,108000,108500,173377,-0.023402340234023433
2024-11-12,107500,110000,106400,106500,209967,-0.018433179723502335
2024-11-13,105600,107300,103800,104200,226739,-0.021596244131455444
2024-11-14,105200,106600,101600,102700,323469,-0.014395393474088247
2024-11-15,100000,100600,91800,96100,723668,-0.06426484907497565
2024-11-18,95000,101900,94100,101900,336466,0.060353798126951075
2024-11-19,101300,112400,101300,112400,721144,0.10304219823356231
2024-11-20,109800,114800,107400,113200,425877,0.007117437722419906
2024-11-21,114100,120000,112800,118900,570143,0.05035335689045928
2024-11-22,120000,122000,116500,117600,367728,-0.010933557611438216
2024-11-25,119900,122400,118500,119600,459173,0.017006802721088343
2024-11-26,118000,122100,118000,118900,234633,-0.0058528428093646
2024-11-27,117800,120000,114400,115500,232787,-0.028595458368376736
2024-11-28,117300,118800,115000,117500,211312,0.017316017316017396
2024-11-29,117800,118000,113700,114600,229589,-0.02468085106382978
2024-12-02,116700,117200,112900,113500,185130,-0.009598603839441555
2024-12-03,114900,117900,114700,117600,192774,0.03612334801762107
2024-12-04,115400,117400,112100,113100,291048,-0.03826530612244894
2024-12-05,113300,114000,111200,111300,151041,-0.01591511936339518
2024-12-06,111300,115500,111200,114200,298322,0.02605570530098822
2024-12-09,113200,113500,107900,109100,305943,-0.04465849387040277
2024-12-10,110100,118800,110100,118300,368253,0.084326306141155
2024-12-11,118300,119400,116600,118600,177017,0.002535925612848766
2024-12-12,118800,120800,116100,117700,359030,-0.007588532883642474
2024-12-13,117100,120500,116300,120500,318501,0.023789294817332163
2024-12-16,120500,122100,119200,121400,290433,0.007468879668049766
2024-12-17,121600,122100,116900,119200,348803,-0.018121911037891292
2024-12-18,119700,120700,117400,119000,190616,-0.001677852348993314
2024-12-19,116500,117000,114900,115100,194424,-0.032773109243697474
2024-12-20,115100,119500,114100,116300,245554,0.010425716768027726
2024-12-23,117400,117400,112600,115100,184254,-0.010318142734307867
2024-12-24,115100,115800,112800,112800,122728,-0.019982623805386623
2024-12-26,113600,115600,112500,112500,153062,-0.0026595744680850686
2024-12-27,111700,113700,110000,111000,138924,-0.013333333333333308
2024-12-30,110300,114600,110300,112000,126051,0.009009009009008917
2025-01-02,112400,113700,110800,111000,114727,-0.008928571428571397
2025-01-03,110800,119000,110800,119000,354105,0.072072072072072
2025-01-06,119000,120100,117400,119000,182514,0.0
2025-01-07,118600,123300,118600,122600,492606,0.030252100840336027
2025-01-08,121400,124200,121100,123800,406507,0.00978792822185981
2025-01-09,124500,131000,122500,127500,1373828,0.02988691437802915
2025-01-10,127500,127900,124600,124700,447558,-0.0219607843137255
2025-01-13,124600,126500,124000,125500,275869,0.006415396952686558
2025-01-14,126800,128100,125200,127200,267356,0.013545816733067761
2025-01-15,126800,128500,124600,125100,209376,-0.01650943396226412
2025-01-16,127000,128500,125400,127600,208716,0.019984012789768135
2025-01-17,127100,130400,126600,128800,298005,0.00940438871473348
2025-01-20,130000,131200,125900,129400,233023,0.004658385093167627
2025-01-21,129400,129400,123300,124600,277474,-0.037094281298299836
2025-01-22,125900,129100,125100,127900,233401,0.026484751203852408
2025-01-23,128800,128800,126100,127100,168921,-0.006254886630179812
2025-01-24,128800,129800,126800,127100,143727,0.0
2025-01-31,129300,129800,126100,127500,176246,0.0031471282454760274
2025-02-03,124800,124800,120300,120900,234451,-0.051764705882352935
2025-02-04,123100,126900,122000,123400,195019,0.02067824648469818
2025-02-05,123500,126400,122900,125800,155635,0.01944894651539708
2025-02-06,124500,125500,120900,124500,180135,-0.010333863275039712
2025-02-07,123600,125100,121100,121100,136542,-0.027309236947791193
2025-02-10,120900,123400,120000,122100,185265,0.008257638315441795
2025-02-11,123400,124200,120500,120900,191701,-0.009828009828009798
2025-02-12,121600,123500,120200,121900,157638,0.008271298593879317
2025-02-13,122100,124300,120300,124300,393847,0.01968826907301069
2025-02-14,123700,124000,121400,122000,158652,-0.018503620273531807
2025-02-17,121800,128500,120700,128500,331331,0.05327868852459017
2025-02-18,128100,129400,126700,128800,207974,0.0023346303501945442
2025-02-19,129300,130200,127800,130000,248643,0.009316770186335477
2025-02-20,130000,133200,128600,131400,341348,0.010769230769230864
2025-02-21,132500,133400,130900,132400,243030,0.007610350076103556
2025-02-24,132700,134000,131600,133900,247440,0.011329305135951762
2025-02-25,132700,132700,128000,128800,227745,-0.03808812546676621
2025-02-26,128800,131500,128200,130800,178693,0.01552795031055898
2025-02-27,130700,132100,129300,132100,251609,0.009938837920489219
2025-02-28,130500,130800,125700,125700,814483,-0.04844814534443609
2025-03-04,125500,126800,122600,124200,197545,-0.011933174224343701
2025-03-05,124000,127400,124000,126700,168056,0.020128824476650653
2025-03-06,127700,129900,123800,126500,196054,-0.0015785319652722452
2025-03-07,125100,128300,124000,128000,181312,0.011857707509881354
2025-03-10,130000,135700,129100,135700,886360,0.06015624999999991
2025-03-11,133400,137000,131000,134400,373162,-0.009579955784819405
2025-03-12,134100,138600,133100,138600,390033,0.03125
2025-03-13,138600,140200,135600,139200,1044354,0.0043290043290042934
2025-03-14,137500,137500,130800,132000,331659,-0.051724137931034475
2025-03-17,130600,132000,125200,126200,369244,-0.043939393939393945
2025-03-18,127100,128000,125200,126100,181875,-0.0007923930269413404
2025-03-19,126100,128300,123300,124600,316698,-0.011895321173671647
2025-03-20,131700,133500,124300,125200,616815,0.0048154093097914075
2025-03-21,125200,125700,121100,123400,353512,-0.014376996805111841
2025-03-24,123400,127000,123400,125500,203566,0.01701782820097253
2025-03-25,125800,126500,123500,124100,135819,-0.011155378486055745
2025-03-26,124200,126400,123800,126000,132217,0.015310233682514163
2025-03-27,124300,124900,121200,121900,142172,-0.032539682539682535
2025-03-28,122300,122300,119700,121000,134770,-0.007383100902379036
2025-03-31,118500,119300,111600,112400,322282,-0.07107438016528922
2025-04-01,112500,113600,109400,110100,305814,-0.020462633451957313
2025-04-02,110900,111000,104750,106200,462467,-0.03542234332425065
2025-04-03,102800,104000,101800,102700,406025,-0.03295668549905839
2025-04-04,101800,106000,100800,105300,398913,0.025316455696202445
2025-04-07,101100,101300,97000,97700,454319,-0.07217473884140546
2025-04-08,99500,100100,96300,96900,372704,-0.008188331627430934
2025-04-09,95500,97600,92600,92700,393993,-0.04334365325077394
2025-04-10,100000,102200,97000,102200,706492,0.1024811218985977
2025-04-11,99700,99700,96000,97300,429483,-0.047945205479452024
2025-04-14,98000,99900,97200,97800,239010,0.005138746145940454
2025-04-15,98600,98600,97000,97700,153910,-0.0010224948875255935
2025-04-16,98100,99000,93500,94100,319004,-0.03684749232343909
2025-04-17,94900,94900,93300,93600,318905,-0.005313496280552554
2025-04-18,94200,94200,93000,93600,203280,0.0
2025-04-21,93600,94100,92200,92600,203372,-0.010683760683760646
2025-04-22,92100,93200,91800,92100,148051,-0.005399568034557212
2025-04-23,93700,95800,93500,95700,278213,0.039087947882736174
2025-04-24,96500,96500,94000,94900,183307,-0.008359456635318674
2025-04-25,95600,96300,94500,95500,208145,0.006322444678608985
2025-04-28,95700,96700,95300,95900,168590,0.004188481675392763
2025-04-29,96000,97900,95000,96800,261682,0.009384775808133572
2025-04-30,95800,96800,93400,94400,306828,-0.024793388429752095
2025-05-02,93500,94100,91900,93400,204897,-0.010593220338983023
2025-05-07,94500,94700,92600,93000,197243,-0.004282655246252709
2025-05-08,93000,94000,92600,93500,309396,0.005376344086021501
2025-05-09,93500,93600,90800,90800,347760,-0.02887700534759363
2025-05-12,91200,93000,91200,92600,222864,0.01982378854625555
2025-05-13,92300,93000,90100,90200,357856,-0.02591792656587477
2025-05-14,90700,90800,88900,89800,277731,-0.0044345898004434225
2025-05-15,89100,89600,88200,88400,290782,-0.015590200445434244
2025-05-16,88400,88700,87200,87400,210981,-0.011312217194570096
2025-05-19,87100,89500,87000,87700,231502,0.003432494279176135
2025-05-20,88500,88600,83800,84500,372257,-0.036488027366020526
2025-05-21,84500,86200,84100,84300,203670,-0.002366863905325478
2025-05-22,83600,85400,81500,84600,332109,0.003558718861210064
2025-05-23,84200,84600,80800,81100,350742,-0.04137115839243499
2025-05-26,80900,84300,80900,83500,333449,0.0295930949445129
2025-05-27,82700,83300,81400,82000,193784,-0.017964071856287456
2025-05-28,82000,87300,81800,86800,440917,0.05853658536585371
2025-05-29,87200,90700,86050,89800,504385,0.034562211981566726
2025-05-30,89600,93000,88100,89500,662965,-0.0033407572383074013
2025-06-02,89600,90500,87000,87700,343665,-0.020111731843575398
2025-06-04,88500,91800,88400,90900,377011,0.036488027366020415
2025-06-05,91300,93200,90300,92100,319259,0.013201320132013139
2025-06-09,91900,94500,90500,93300,445001,0.013029315960912058
2025-06-10,93300,95900,92600,94300,350643,0.010718113612004254
2025-06-11,94500,95500,93100,94200,456110,-0.0010604453870625141
2025-06-12,94700,97500,94300,95500,558444,0.013800424628450214
2025-06-13,94700,98800,92500,92600,985684,-0.030366492146596813
2025-06-16,94700,95100,91100,92300,587343,-0.003239740820734305
2025-06-17,92500,93400,90900,91100,465446,-0.013001083423618609
2025-06-18,92400,102200,92300,101100,1366798,0.1097694840834249
2025-06-19,100200,102300,97500,100800,544624,-0.0029673590504450953
2025-06-20,101400,104400,99500,102400,598998,0.015873015873015817
2025-06-23,111600,111600,102400,102800,945612,0.00390625
2025-06-24,100100,102300,99050,101800,516935,-0.009727626459143934
2025-06-25,102400,103000,99900,101000,330462,-0.007858546168958758
2025-06-26,100300,100900,98600,100300,255238,-0.006930693069306937
2025-06-27,99900,100100,97700,97800,239336,-0.024925224327018936
2025-06-30,107100,123000,107000,122400,3309175,0.25153374233128845
2025-07-01,121700,128000,116900,126500,2133522,0.033496732026143894
2025-07-02,121200,122700,115000,117700,1229445,-0.06956521739130439
2025-07-03,118000,121300,116900,119300,699144,0.0135938827527613
2025-07-04,116500,117500,114100,115200,443604,-0.034367141659681466
2025-07-07,113800,114950,111700,113000,342903,-0.01909722222222221
2025-07-08,113000,117400,112700,113200,432609,0.001769911504424737
2025-07-09,113700,118700,113700,116500,573335,0.02915194346289751
2025-07-10,116000,121000,114200,121000,552254,0.03862660944205998
2025-07-11,119000,119000,116100,116100,502833,-0.04049586776859504
2025-07-14,116500,117100,115100,115500,214081,-0.0051679586563307955
2025-07-15,116100,119800,115500,116000,489845,0.0043290043290042934
2025-07-16,116000,116300,112000,112100,367724,-0.0336206896551724
2025-07-17,113200,113800,109800,111600,251200,-0.004460303300624413
2025-07-18,111800,114000,111800,113500,256326,0.017025089605734678
2025-07-21,112600,115300,112400,114900,228201,0.012334801762114544
2025-07-22,114400,116000,113500,113900,194000,-0.00870322019147085
2025-07-23,114700,116700,113100,116300,270859,0.021071115013169495
2025-07-24,115500,117700,114500,116900,295808,0.005159071367153878
2025-07-25,115600,115700,113900,114400,223316,-0.021385799828913643
2025-07-28,114500,115900,112500,113500,313911,-0.00786713286713292
2025-07-29,112500,112600,109800,111500,342596,-0.017621145374449365
2025-07-30,111600,119200,111600,117200,874424,0.05112107623318396
2025-07-31,117600,117800,107300,107900,1145001,-0.07935153583617749
2025-08-01,107000,107800,101400,102000,544493,-0.05468025949953659
2025-08-04,102200,104900,100900,103400,289812,0.013725490196078383
2025-08-05,104300,107900,104300,106500,318691,0.029980657640232167
2025-08-06,106100,109900,105600,109000,344934,0.023474178403755763
2025-08-07,109000,109300,107400,108500,151708,-0.004587155963302725
2025-08-08,108000,108600,107000,107500,152162,-0.009216589861751112
2025-08-11,107700,109200,106400,107400,248530,-0.0009302325581395099
2025-08-12,106600,108300,106000,106000,204049,-0.013035381750465591
2025-08-13,107100,107200,105200,106400,195221,0.0037735849056603765
2025-08-14,106500,109100,105700,109100,425386,0.025375939849624052
2025-08-18,107500,107900,105200,105500,233601,-0.03299725022914757
2025-08-19,106000,106900,104800,105900,147883,0.0037914691943128354
2025-08-20,105900,105900,103400,104100,179856,-0.016997167138810165
2025-08-21,104500,107200,104400,104700,175526,0.0057636887608070175
2025-08-22,106000,107800,103700,103900,189267,-0.0076408787010505685
2025-08-25,104700,105800,103600,105500,149509,0.015399422521655382
2025-08-26,104800,106200,104100,104900,338276,-0.005687203791469142
2025-08-27,105400,105400,103200,103600,242789,-0.012392755004766443
2025-08-28,103600,104300,102400,102400,177723,-0.01158301158301156
2025-08-29,102600,103000,99700,100900,262325,-0.0146484375
2025-09-01,100100,100700,99700,100200,134025,-0.0069375619425173785
2025-09-02,100200,101200,99800,100900,130484,0.00698602794411185
2025-09-03,100300,101800,100300,101400,151901,0.0049554013875123815
2025-09-04,103500,106400,103100,106400,453804,0.04930966469428011
2025-09-05,105500,106600,105100,105400,201450,-0.009398496240601517
2025-09-08,105700,106500,104800,105800,129120,0.00379506641366234
2025-09-09,106400,107300,105800,106600,201764,0.007561436672967936
2025-09-10,106000,107100,105500,106500,205511,-0.0009380863039399889
