Date,Open,High,Low,Close,Volume,Change
2022-01-03,40400,41650,40400,40600,120327,-0.0036809815950920033
2022-01-04,40100,42000,39900,41650,200844,0.02586206896551735
2022-01-05,42200,43700,41250,42700,420204,0.025210084033613356
2022-01-06,42600,44350,41800,43100,369327,0.00936768149882905
2022-01-07,43850,44250,42750,42750,188132,-0.008120649651972123
2022-01-10,42900,43900,42000,42600,187160,-0.0035087719298245723
2022-01-11,42200,43350,42100,42100,148400,-0.011737089201877882
2022-01-12,42200,43400,42200,43250,117334,0.027315914489311144
2022-01-13,43250,43750,42600,43050,133601,-0.0046242774566473965
2022-01-14,43050,43350,40250,40700,271096,-0.05458768873403019
2022-01-17,40300,41050,39950,40250,153018,-0.011056511056511065
2022-01-18,40850,41500,40000,40550,177304,0.007453416149068248
2022-01-19,40450,41000,39400,39650,154203,-0.022194821208384674
2022-01-20,39900,40300,38700,39550,193478,-0.0025220680958385477
2022-01-21,38950,40000,38950,39550,111576,0.0
2022-01-24,39950,39950,38300,38550,156197,-0.025284450063211117
2022-01-25,38100,38800,37650,37900,168878,-0.016861219195849597
2022-01-26,38100,38450,37650,37850,123732,-0.0013192612137202797
2022-01-27,38500,38500,36050,36150,227623,-0.044914134742404244
2022-01-28,36900,37700,36350,37050,209405,0.024896265560165887
2022-02-03,37200,38900,37200,38150,192006,0.029689608636977116
2022-02-04,38350,39050,38000,38500,122325,0.00917431192660545
2022-02-07,37800,38700,37550,38350,190297,-0.003896103896103842
2022-02-08,39500,40150,38200,38850,206422,0.01303780964797907
2022-02-09,39450,40850,39350,39900,200104,0.027027027027026973
2022-02-10,40650,41800,40550,41400,365470,0.03759398496240607
2022-02-11,40750,41100,40000,40200,145950,-0.02898550724637683
2022-02-14,39800,39900,38000,38400,213377,-0.04477611940298509
2022-02-15,38050,38750,36650,36900,212916,-0.0390625
2022-02-16,37350,37800,37050,37500,218281,0.016260162601626105
2022-02-17,37500,38850,37100,37550,216573,0.0013333333333334085
2022-02-18,37100,37950,36850,37550,165976,0.0
2022-02-21,36850,37900,36700,37650,81920,0.0026631158455392434
2022-02-22,36900,37650,36750,37500,155947,-0.003984063745019917
2022-02-23,38000,38350,37500,37850,104319,0.009333333333333416
2022-02-24,36950,37900,36300,36600,225955,-0.03302509907529727
2022-02-25,37200,37750,36850,37100,139670,0.013661202185792254
2022-02-28,37600,38600,37250,38150,206275,0.028301886792452935
2022-03-02,37700,38800,37650,38300,118999,0.003931847968545288
2022-03-03,38600,39100,38100,38350,152582,0.0013054830287206887
2022-03-04,38500,38900,38050,38250,113004,-0.0026075619295958807
2022-03-07,38200,38650,37500,38050,140598,-0.005228758169934622
2022-03-08,37900,37950,36400,36500,193012,-0.04073587385019706
2022-03-10,37500,37550,36800,37200,197452,0.019178082191780854
2022-03-11,36950,37750,36750,37000,157638,-0.005376344086021501
2022-03-14,37050,39400,36950,39200,359181,0.05945945945945952
2022-03-15,39250,39600,37900,38050,224400,-0.029336734693877542
2022-03-16,38300,39600,38300,39200,157172,0.030223390275952777
2022-03-17,39950,40100,38400,38500,291329,-0.017857142857142905
2022-03-18,38650,39450,38600,39000,226647,0.01298701298701288
2022-03-21,39350,40250,39000,39200,199484,0.00512820512820511
2022-03-22,39450,40200,39050,39600,182718,0.010204081632652962
2022-03-23,39900,40700,39850,40400,145884,0.02020202020202011
2022-03-24,40300,40400,39500,39950,163221,-0.011138613861386149
2022-03-25,39950,40500,39700,39850,112484,-0.0025031289111389077
2022-03-28,39050,40700,39050,40000,162314,0.0037641154328733606
2022-03-29,40500,40500,39100,39100,94744,-0.022499999999999964
2022-03-30,39500,39500,38400,39000,167416,-0.002557544757033292
2022-03-31,38850,39150,38550,38850,167080,-0.0038461538461538325
2022-04-01,38500,39050,38400,38700,163289,-0.0038610038610038533
2022-04-04,38450,39050,38050,39000,147180,0.007751937984496138
2022-04-05,39050,39050,38200,38550,129540,-0.011538461538461497
2022-04-06,38350,40150,38250,39750,308673,0.03112840466926059
2022-04-07,39400,40200,39250,39700,257988,-0.0012578616352201255
2022-04-08,40300,40600,39700,39850,146042,0.0037783375314861534
2022-04-11,39700,40900,39300,40200,149912,0.008782936010037545
2022-04-12,40150,40200,38600,38850,155213,-0.03358208955223885
2022-04-13,39500,39550,38750,39400,150522,0.014157014157014203
2022-04-14,38900,40700,38300,40250,266881,0.021573604060913798
2022-04-15,39800,43950,39800,43500,820303,0.08074534161490687
2022-04-18,43300,44000,42000,42200,307496,-0.029885057471264354
2022-04-19,42300,42650,41550,42250,249920,0.0011848341232227888
2022-04-20,41850,42200,40400,41600,531240,-0.01538461538461533
2022-04-21,41600,42400,41300,41850,302044,0.006009615384615419
2022-04-22,41100,43000,41000,42300,316049,0.010752688172043001
2022-04-25,41200,41800,40150,40450,228868,-0.043735224586288424
2022-04-26,41000,42000,40550,41100,231771,0.01606922126081578
2022-04-27,40100,41750,39900,41500,229987,0.009732360097323589
2022-04-28,42150,42350,40700,42250,358004,0.01807228915662651
2022-04-29,42700,42700,41200,41550,185760,-0.016568047337278125
2022-05-02,40850,41800,40700,41100,161462,-0.010830324909747335
2022-05-03,40850,41900,40800,41200,180770,0.0024330900243310083
2022-05-04,41500,42600,41300,41500,211503,0.00728155339805836
2022-05-06,41150,42600,41000,41850,234315,0.008433734939758963
2022-05-09,41850,42400,41000,41300,216227,-0.01314217443249699
2022-05-10,40900,41050,39850,40100,325707,-0.029055690072639195
2022-05-11,40150,41250,40100,40650,196776,0.013715710723191998
2022-05-12,39950,41200,39600,39600,235741,-0.02583025830258301
2022-05-13,40050,40750,39950,40750,116080,0.029040404040403978
2022-05-16,41150,41550,40800,41100,145486,0.008588957055214674
2022-05-17,41700,41700,39250,39450,412979,-0.04014598540145986
2022-05-18,39950,40900,37500,37550,1238845,-0.04816223067173642
2022-05-19,36800,37150,36400,36700,511254,-0.022636484687083902
2022-05-20,36950,38900,36850,38600,412449,0.05177111716621252
2022-05-23,38700,38700,37950,38000,162771,-0.015544041450777257
2022-05-24,37900,38400,37350,37450,158275,-0.014473684210526305
2022-05-25,37600,37950,37300,37400,172447,-0.001335113484646211
2022-05-26,37100,37350,36250,36600,403341,-0.021390374331550777
2022-05-27,36850,37700,36800,37550,252758,0.025956284153005438
2022-05-30,37850,38100,37350,37500,1439527,-0.0013315579227696217
2022-05-31,37600,38150,37300,38000,338197,0.01333333333333342
2022-06-02,37700,37950,37300,37650,125960,-0.009210526315789447
2022-06-03,37800,38100,37200,37600,280799,-0.0013280212483399723
2022-06-07,37850,37950,36900,37050,197817,-0.0146276595744681
2022-06-08,37100,37150,36300,36350,263056,-0.018893387314439902
2022-06-09,36550,37100,36400,36850,361630,0.01375515818431916
2022-06-10,36550,36650,35800,36050,353413,-0.02170963364993217
2022-06-13,35200,35350,33800,34300,452867,-0.04854368932038833
2022-06-14,33200,34000,33200,33400,309008,-0.026239067055393583
2022-06-15,33400,33750,32100,32400,245430,-0.029940119760479056
2022-06-16,32700,32850,31650,31700,382115,-0.021604938271604923
2022-06-17,30550,32100,30250,31550,311445,-0.004731861198738141
2022-06-20,31900,31900,29650,30150,408124,-0.04437400950871628
2022-06-21,30350,30650,29950,30150,261691,0.0
2022-06-22,30350,30400,29000,29100,353588,-0.03482587064676612
2022-06-23,29150,29600,28200,28450,391796,-0.022336769759450203
2022-06-24,28300,29300,27600,28900,448954,0.01581722319859402
2022-06-27,29450,30100,28900,29800,310001,0.03114186851211076
2022-06-28,29950,30450,29750,30300,237371,0.016778523489932917
2022-06-29,29850,30150,29300,29600,297797,-0.02310231023102305
2022-06-30,29800,30500,28850,28900,351261,-0.023648648648648685
2022-07-01,29000,30100,28950,29350,358207,0.015570934256055269
2022-07-04,29800,30000,28200,28700,247834,-0.022146507666098825
2022-07-05,29250,29900,28950,29500,175191,0.027874564459930307
2022-07-06,29400,29550,28400,28500,225385,-0.03389830508474578
2022-07-07,29000,29000,28150,28700,180889,0.007017543859649145
2022-07-08,29100,30100,29000,29100,330452,0.013937282229965264
2022-07-11,29350,29350,28850,29200,148259,0.0034364261168384758
2022-07-12,29200,29200,28250,28800,146676,-0.013698630136986356
2022-07-13,29050,29100,28550,28750,160911,-0.0017361111111111605
2022-07-14,28500,29400,28500,29000,349719,0.008695652173912993
2022-07-15,29550,29600,28350,28700,196968,-0.010344827586206917
2022-07-18,28850,29450,28700,29350,156447,0.022648083623693305
2022-07-19,29200,29800,29050,29550,179803,0.006814310051107331
2022-07-20,30000,30050,29400,29650,161779,0.0033840947546530664
2022-07-21,29500,30750,29500,30700,263240,0.03541315345699836
2022-07-22,30600,30850,30100,30150,229198,-0.01791530944625408
2022-07-25,29950,30900,29900,30300,127687,0.004975124378109541
2022-07-26,30300,31400,30300,30750,158092,0.014851485148514865
2022-07-27,30800,30850,30150,30700,200516,-0.001626016260162566
2022-07-28,30850,31900,30600,31650,484316,0.030944625407166138
2022-07-29,32800,33150,30850,31100,1104390,-0.017377567140600347
2022-08-01,31350,31950,31250,31400,403035,0.009646302250803762
2022-08-02,31400,31400,30600,31100,259252,-0.009554140127388533
2022-08-03,30950,31600,30850,31350,274621,0.008038585209003246
2022-08-04,31350,31600,30250,30550,426803,-0.02551834130781494
2022-08-05,30650,31500,30650,31450,274536,0.029459901800327426
2022-08-08,31150,31750,31100,31750,180317,0.009538950715421324
2022-08-09,31750,32200,31650,32100,224116,0.011023622047244164
2022-08-10,32100,32750,31800,32300,311340,0.006230529595015577
2022-08-11,32600,32850,32250,32750,281439,0.01393188854489158
2022-08-12,32800,33600,32800,33150,336759,0.012213740458015376
2022-08-16,33400,33450,32500,32750,274318,-0.012066365007541435
2022-08-17,32500,33200,32500,33100,226553,0.010687022900763399
2022-08-18,32700,33500,32550,33200,235839,0.0030211480362538623
2022-08-19,33050,33700,33000,33400,203233,0.006024096385542244
2022-08-22,32800,33750,32800,33500,253556,0.0029940119760478723
2022-08-23,33450,34800,33050,34450,491241,0.028358208955223896
2022-08-24,34350,35200,34150,34800,281237,0.010159651669085612
2022-08-25,35000,35550,34750,35100,227239,0.008620689655172376
2022-08-26,35150,35600,34900,35350,232592,0.007122507122507171
2022-08-29,34600,34900,34250,34600,152369,-0.021216407355021172
2022-08-30,34500,35550,34200,34950,171531,0.01011560693641611
2022-08-31,34850,34850,34150,34700,220565,-0.007153075822603716
2022-09-01,34150,35050,33900,34000,243605,-0.02017291066282423
2022-09-02,34050,34200,33400,33600,174100,-0.0117647058823529
2022-09-05,33600,34000,33200,33500,139440,-0.0029761904761904656
2022-09-06,33500,33900,33400,33450,97190,-0.0014925373134327957
2022-09-07,33400,33650,32250,32650,220161,-0.02391629297458897
2022-09-08,33150,33350,32500,32700,169970,0.0015313935681469104
2022-09-13,33200,34100,33100,33800,157126,0.033639143730886945
2022-09-14,32950,33000,32250,32350,188720,-0.04289940828402372
2022-09-15,32450,32950,32050,32750,193069,0.012364760432766575
2022-09-16,32150,32950,32000,32400,212630,-0.010687022900763399
2022-09-19,31950,32300,31150,31250,137463,-0.035493827160493874
2022-09-20,31800,32450,31600,32300,159732,0.033600000000000074
2022-09-21,31550,32650,31550,32000,202576,-0.009287925696594423
2022-09-22,31650,32000,31100,31850,180100,-0.004687499999999956
2022-09-23,31850,31850,30600,30700,178471,-0.03610675039246469
2022-09-26,29900,30500,28700,29000,236674,-0.055374592833876246
2022-09-27,29100,29800,28700,29450,258322,0.01551724137931032
2022-09-28,29000,29450,28000,28200,224246,-0.04244482173174868
2022-09-29,28600,29850,28550,28750,269747,0.019503546099290725
2022-09-30,29000,29100,28050,28500,247989,-0.008695652173912993
2022-10-04,28800,29850,28750,29600,247345,0.03859649122807007
2022-10-05,30350,30400,29050,29200,216413,-0.013513513513513487
2022-10-06,29050,29700,28850,29300,180697,0.003424657534246478
2022-10-07,28950,29800,28900,29500,211089,0.006825938566553003
2022-10-11,29250,29950,28950,29450,214742,-0.0016949152542372614
2022-10-12,29050,29550,28500,29350,184250,-0.00339558573853993
2022-10-13,29600,30000,28950,28950,230168,-0.013628620102214661
2022-10-14,29200,30000,29100,29800,175478,0.029360967184801412
2022-10-17,29100,30050,28850,29800,201792,0.0
2022-10-18,30350,30400,29550,29950,226299,0.005033557046979942
2022-10-19,30200,31750,30050,30600,319886,0.02170283806343898
2022-10-20,30450,31500,30450,30900,429799,0.009803921568627416
2022-10-21,30750,31500,29850,30250,191718,-0.021035598705501646
2022-10-24,30900,31300,30400,30800,141972,0.018181818181818077
2022-10-25,30500,30800,29450,29550,213983,-0.04058441558441561
2022-10-26,29800,30200,29600,29950,181994,0.013536379018612488
2022-10-27,30350,31850,30000,31850,237142,0.06343906510851416
2022-10-28,32000,33500,31750,33250,320310,0.04395604395604402
2022-10-31,34200,34200,32800,33500,367861,0.007518796992481258
2022-11-01,33300,35350,33250,35200,452393,0.05074626865671639
2022-11-02,34800,35400,34300,34550,238544,-0.01846590909090906
2022-11-03,33750,35450,33750,35100,288394,0.01591895803183796
2022-11-04,35250,35850,34850,35250,217302,0.004273504273504258
2022-11-07,35450,36000,35000,35400,224610,0.004255319148936065
2022-11-08,35850,35900,35000,35500,269132,0.0028248587570620654
2022-11-09,35800,36450,35400,35800,240148,0.008450704225352101
2022-11-10,35400,36500,35400,36000,283690,0.005586592178770999
2022-11-11,36600,36750,35500,35750,275603,-0.00694444444444442
2022-11-14,35800,37050,35800,36650,257537,0.025174825174825166
2022-11-15,37000,38100,36750,37950,396979,0.03547066848567537
2022-11-16,38050,38050,37150,38000,217004,0.0013175230566535578
2022-11-17,38000,38950,37900,38500,319445,0.013157894736842035
2022-11-18,38500,40400,38000,40400,611187,0.049350649350649256
2022-11-21,40200,40200,38650,38850,397756,-0.0383663366336634
2022-11-22,38800,39500,38450,38850,291363,0.0
2022-11-23,38850,38950,37750,38250,266215,-0.015444015444015413
2022-11-24,38450,38600,37650,38050,164875,-0.005228758169934622
2022-11-25,38450,40850,38350,40700,296130,0.06964520367936933
2022-11-28,40700,40800,40050,40400,193441,-0.0073710073710073765
2022-11-29,40500,41650,40150,41350,468230,0.023514851485148425
2022-11-30,37300,37450,35050,35550,8329233,-0.14026602176541714
2022-12-01,36150,36450,35750,36000,1070491,0.012658227848101333
2022-12-02,36000,36700,35350,35450,724415,-0.015277777777777724
2022-12-05,35250,35700,33850,34250,1061660,-0.03385049365303239
2022-12-06,33950,35300,33950,35100,812929,0.02481751824817513
2022-12-07,35000,35300,34300,34600,564821,-0.014245014245014231
2022-12-08,34750,34900,34000,34500,431290,-0.0028901734104046506
2022-12-09,34900,35300,34600,35300,448941,0.023188405797101463
2022-12-12,35250,35500,34750,35400,724506,0.0028328611898016387
2022-12-13,35600,35950,35300,35450,343704,0.0014124293785311437
2022-12-14,35850,36300,35700,36300,408154,0.023977433004231274
2022-12-15,36000,36700,36000,36000,263073,-0.008264462809917328
2022-12-16,35500,36450,35400,36150,340702,0.004166666666666652
2022-12-19,36250,36450,35800,36100,209731,-0.0013831258644536604
2022-12-20,36100,36350,35600,36000,262397,-0.0027700831024930483
2022-12-21,36300,37050,36050,36800,361938,0.022222222222222143
2022-12-22,37150,37150,35300,35550,429697,-0.03396739130434778
2022-12-23,35300,35700,34800,35600,186469,0.0014064697609001975
2022-12-26,35300,35800,34750,35700,164712,0.002808988764045006
2022-12-27,35900,36050,35500,35900,219368,0.0056022408963585235
2022-12-28,35250,36150,35100,36000,243253,0.0027855153203342198
2022-12-29,35650,35800,34600,34600,222390,-0.03888888888888886
2023-01-02,34800,34800,32800,33150,284926,-0.041907514450867045
2023-01-03,33000,33250,32050,32600,241160,-0.016591251885369585
2023-01-04,32600,33150,32100,33100,154711,0.015337423312883347
2023-01-05,32800,33700,32550,33050,281075,-0.0015105740181269312
2023-01-06,32550,33550,32550,33200,224926,0.004538577912254205
2023-01-09,33300,33800,32600,33650,299382,0.013554216867469826
2023-01-10,33500,34400,33500,34200,303959,0.01634472511144125
2023-01-11,34500,35300,34200,35150,248767,0.02777777777777768
2023-01-12,35100,35550,35100,35150,203788,0.0
2023-01-13,35850,36600,35500,35900,307264,0.021337126600284417
2023-01-16,35750,35900,35200,35450,155918,-0.012534818941504211
2023-01-17,35350,36000,35150,35800,173453,0.009873060648801113
2023-01-18,35800,35800,35000,35300,147068,-0.013966480446927387
2023-01-19,34800,35350,34550,34750,250684,-0.015580736543909346
2023-01-20,34450,35000,34450,34750,113477,0.0
2023-01-25,34750,35250,34400,34650,128761,-0.0028776978417266452
2023-01-26,34650,34950,34400,34950,221941,0.008658008658008587
2023-01-27,35300,35950,35250,35600,186471,0.01859799713876975
2023-01-30,35600,35750,34800,35600,177423,0.0
2023-01-31,35800,35800,34750,34750,248342,-0.023876404494381998
2023-02-01,34750,35000,34100,34750,462978,0.0
2023-02-02,34850,35300,34800,35100,236864,0.010071942446043147
2023-02-03,34850,35300,34800,35250,242135,0.004273504273504258
2023-02-06,35550,35950,35050,35500,248875,0.007092198581560183
2023-02-07,35200,35550,35200,35450,184173,-0.0014084507042253502
2023-02-08,35600,35950,35450,35950,203296,0.014104372355430161
2023-02-09,37100,38000,36400,37000,1110529,0.029207232267037586
2023-02-10,37300,37750,36900,37150,414843,0.004054054054054124
2023-02-13,37150,37350,36150,37050,255193,-0.0026917900403768957
2023-02-14,37500,37750,37200,37450,255659,0.010796221322537214
2023-02-15,37700,38050,36750,36850,267618,-0.01602136181575431
2023-02-16,37000,37450,36900,37300,237544,0.012211668928086894
2023-02-17,37650,39300,37500,39150,783293,0.04959785522788196
2023-02-20,39350,39350,37950,38300,273361,-0.02171136653895278
2023-02-21,38300,38700,37800,38300,207705,0.0
2023-02-22,37700,39050,37500,38550,339152,0.006527415143603221
2023-02-23,38600,39150,38100,38300,330349,-0.006485084306095956
2023-02-24,38300,39100,38000,38500,241994,0.005221932114882533
2023-02-27,38300,38650,38000,38400,205593,-0.0025974025974025983
2023-02-28,38600,38750,37650,37900,389689,-0.01302083333333337
2023-03-02,38100,39850,37900,39600,355997,0.04485488126649084
2023-03-03,39850,39900,39200,39600,211898,0.0
2023-03-06,39600,39600,38400,39200,217773,-0.010101010101010055
2023-03-07,39500,40000,39100,39300,250615,0.0025510204081633514
2023-03-08,38100,41600,37800,41600,7204062,0.058524173027989734
2023-03-09,41750,41950,40100,40600,823098,-0.024038461538461564
2023-03-10,40000,41250,39150,39550,694749,-0.025862068965517238
2023-03-13,39000,39650,37950,39550,459376,0.0
2023-03-14,39200,39450,37850,38100,292941,-0.036662452591656125
2023-03-15,38450,39600,38400,39350,257838,0.03280839895013132
2023-03-16,39350,39750,38250,38650,840756,-0.017789072426937724
2023-03-17,39300,40100,38800,39800,279904,0.02975420439844756
2023-03-20,39800,40450,39450,39850,199678,0.0012562814070351536
2023-03-21,40100,41600,39900,41350,344079,0.03764115432873272
2023-03-22,41350,41450,40400,40700,238598,-0.01571946795646917
2023-03-23,40700,40700,40000,40050,199915,-0.01597051597051602
2023-03-24,39750,41000,39100,40900,248401,0.02122347066167296
2023-03-27,40900,40950,39600,40700,309861,-0.004889975550122272
2023-03-28,41150,43100,40800,42500,542139,0.04422604422604426
2023-03-29,42450,43050,42050,42300,156835,-0.004705882352941226
2023-03-30,42100,42850,41600,42500,185302,0.004728132387706863
2023-03-31,43000,44300,42600,43700,382812,0.028235294117647136
2023-04-03,43750,43950,42850,43300,192643,-0.009153318077803174
2023-04-04,43550,45200,43350,44700,353651,0.0323325635103926
2023-04-05,44400,44400,41850,43500,624877,-0.02684563758389258
2023-04-06,43500,44100,42350,42550,341300,-0.02183908045977012
2023-04-07,42650,42800,41550,41750,307260,-0.018801410105757976
2023-04-10,41800,42800,41750,41950,160488,0.004790419161676551
2023-04-11,42050,42900,41750,42800,262206,0.020262216924910703
2023-04-12,43650,46150,43200,46150,611832,0.07827102803738328
2023-04-13,45650,46500,44450,46100,366437,-0.0010834236186348933
2023-04-14,46250,47400,46200,46700,341660,0.013015184381778733
2023-04-17,46850,47650,46500,47450,294666,0.016059957173447437
2023-04-18,47100,48050,46500,47500,262516,0.0010537407797681642
2023-04-19,47500,48050,47100,47700,209812,0.004210526315789442
2023-04-20,47500,47950,46600,47050,275480,-0.013626834381551323
2023-04-21,46350,46950,45550,46600,204326,-0.009564293304994642
2023-04-24,47150,47900,46700,47500,228012,0.0193133047210301
2023-04-25,47700,48450,46150,47350,308342,-0.0031578947368421373
2023-04-26,46350,47700,46300,47300,248245,-0.001055966209081327
2023-04-27,50000,51400,49250,51200,1240681,0.08245243128964064
2023-04-28,51300,52500,50600,51200,549607,0.0
2023-05-02,50600,51400,49400,50900,272175,-0.005859375
2023-05-03,50600,51600,50200,51400,214009,0.00982318271119853
2023-05-04,50900,52700,50800,52000,268068,0.011673151750972721
2023-05-08,53500,53500,51300,51800,473180,-0.0038461538461538325
2023-05-09,51800,51800,50400,51100,370143,-0.013513513513513487
2023-05-10,50600,51400,49850,50200,271729,-0.017612524461839585
2023-05-11,50300,51900,50200,51000,344724,0.015936254980079667
2023-05-12,50300,51000,49150,49600,241535,-0.027450980392156876
2023-05-15,49050,51200,48900,51200,290092,0.032258064516129004
2023-05-16,51100,52200,50600,51300,223284,0.001953125
2023-05-17,50900,51300,48850,50500,337850,-0.015594541910331383
2023-05-18,50700,53200,50700,52600,345132,0.04158415841584162
2023-05-19,52000,52900,51700,52500,204856,-0.0019011406844106071
2023-05-22,52900,54500,52600,53400,226764,0.017142857142857126
2023-05-23,53900,55400,53600,54500,305711,0.020599250936329527
2023-05-24,54200,55100,53600,54800,258614,0.005504587155963359
2023-05-25,54300,56100,54200,55800,405096,0.018248175182481674
2023-05-26,55200,56100,53900,54200,312070,-0.028673835125448077
2023-05-30,53700,54200,52900,53400,325071,-0.014760147601476037
2023-05-31,53000,54700,53000,53500,354469,0.001872659176029856
2023-06-01,54500,55300,53800,54800,331575,0.024299065420560817
2023-06-02,54900,56900,54900,56200,246144,0.025547445255474477
2023-06-05,57600,61200,57000,60900,645049,0.08362989323843406
2023-06-07,60100,61000,59900,60200,564779,-0.011494252873563204
2023-06-08,60900,61600,60000,60400,422827,0.0033222591362125353
2023-06-09,61000,62700,60100,62000,433125,0.026490066225165476
2023-06-12,62900,63300,61400,61600,299486,-0.006451612903225823
2023-06-13,61300,62500,61100,61700,345580,0.0016233766233766378
2023-06-14,62000,63200,61700,62000,285188,0.004862236628849326
2023-06-15,62700,62700,59900,60700,530586,-0.020967741935483897
2023-06-16,60600,61700,59900,60400,1689521,-0.0049423393739703725
2023-06-19,60200,60400,58500,60300,327228,-0.0016556291390728006
2023-06-20,60000,62400,59500,59900,325466,-0.0066334991708125735
2023-06-21,55100,56000,54200,55000,7464321,-0.08180300500834725
2023-06-22,55500,56700,54300,56100,1103470,0.020000000000000018
2023-06-23,56200,58400,55600,57600,1235825,0.02673796791443861
2023-06-26,58100,60500,57000,57600,723242,0.0
2023-06-27,57800,58400,56400,57700,428160,0.0017361111111111605
2023-06-28,57600,58500,56500,57400,573610,-0.005199306759098743
2023-06-29,56900,58500,56500,57800,558902,0.006968641114982521
2023-06-30,57400,59400,57400,58700,711873,0.015570934256055269
2023-07-03,58700,59400,57700,58900,385790,0.0034071550255536653
2023-07-04,58700,60100,58400,58800,412130,-0.001697792869269965
2023-07-05,58800,59700,58500,59300,465516,0.008503401360544283
2023-07-06,59300,59500,58100,58900,471404,-0.006745362563237767
2023-07-07,58600,59800,58500,59600,362678,0.011884550084889645
2023-07-10,59900,62400,59800,61300,476298,0.028523489932885893
2023-07-11,62000,62900,61400,62400,374461,0.01794453507340954
2023-07-12,63100,65000,62500,63300,485647,0.014423076923076872
2023-07-13,63100,63300,58500,61200,752090,-0.033175355450236976
2023-07-14,61200,62300,60300,61000,437274,-0.0032679738562091387
2023-07-17,61200,62300,59100,60300,335569,-0.011475409836065542
2023-07-18,60600,60600,58600,59000,371591,-0.021558872305140975
2023-07-19,59300,61300,58800,59400,401942,0.006779661016949046
2023-07-20,59000,59800,58500,59300,290719,-0.0016835016835017313
2023-07-21,59300,59900,58300,59400,180077,0.001686340640809414
2023-07-24,59600,60600,58500,60000,227119,0.010101010101010166
2023-07-25,60700,65800,60500,65600,769723,0.09333333333333327
2023-07-26,66500,67000,60000,60400,679087,-0.07926829268292679
2023-07-27,62600,63900,55800,56200,1027847,-0.06953642384105962
2023-07-28,56300,56900,54900,56600,387357,0.007117437722419906
2023-07-31,58200,59900,57100,58500,529458,0.03356890459363959
2023-08-01,57900,57900,55700,56400,657100,-0.03589743589743588
2023-08-02,58000,59100,55300,56100,552584,-0.005319148936170248
2023-08-03,56300,56800,54200,54600,404570,-0.0267379679144385
2023-08-04,54400,54800,53100,54100,460923,-0.009157509157509125
2023-08-07,54900,56000,54300,55400,486871,0.02402957486136792
2023-08-08,55300,57800,55300,57000,572192,0.028880866425992746
2023-08-09,56900,57300,55600,56500,318085,-0.00877192982456143
2023-08-10,55800,57400,55600,55800,420354,-0.012389380530973493
2023-08-11,55500,56100,54400,55400,335283,-0.007168458781361964
2023-08-14,55300,56400,54800,55200,214660,-0.0036101083032491488
2023-08-16,55300,55500,53600,53700,296075,-0.02717391304347827
2023-08-17,53100,53900,52000,53400,354239,-0.005586592178770999
2023-08-18,52400,54100,52400,53700,304507,0.00561797752808979
2023-08-21,54400,55200,53600,54500,244526,0.014897579143389184
2023-08-22,54800,55900,54500,55000,263173,0.00917431192660545
2023-08-23,54300,55700,53600,54200,361950,-0.014545454545454528
2023-08-24,54800,55200,54300,54900,314650,0.012915129151291449
2023-08-25,54400,54900,51100,51800,542186,-0.0564663023679417
2023-08-28,51900,53900,51700,53800,295034,0.03861003861003853
2023-08-29,53800,54700,53500,54100,219732,0.005576208178438735
2023-08-30,54700,54800,52600,53300,316866,-0.014787430683918634
2023-08-31,53400,54500,53200,53800,585599,0.009380863039399667
2023-09-01,53800,54500,52800,53200,273386,-0.01115241635687736
2023-09-04,52900,53800,52700,53800,237384,0.011278195488721776
2023-09-05,54200,54200,53700,54100,214981,0.005576208178438735
2023-09-06,54300,55500,53300,53500,309762,-0.011090573012939031
2023-09-07,53100,53700,52300,52700,248884,-0.01495327102803734
2023-09-08,53200,53300,52300,52900,131034,0.00379506641366234
2023-09-11,53000,54800,52800,53700,225744,0.01512287334593565
2023-09-12,54300,54700,53000,53200,186597,-0.009310986964618295
2023-09-13,53800,54900,53300,54000,292188,0.015037593984962516
2023-09-14,54300,54400,53500,54300,234990,0.005555555555555536
2023-09-15,54800,55300,53500,53900,450322,-0.007366482504604033
2023-09-18,53800,55500,53600,55200,451910,0.024118738404452778
2023-09-19,55500,56000,54600,55700,205418,0.009057971014492683
2023-09-20,55900,56000,54700,55700,227469,0.0
2023-09-21,54800,55800,54300,54300,204776,-0.025134649910233398
2023-09-22,53700,55500,53600,55000,209962,0.012891344383057168
2023-09-25,55500,55600,52200,52500,316221,-0.045454545454545414
2023-09-26,52000,53100,51000,51400,310724,-0.020952380952380945
2023-09-27,51000,51700,50400,51000,373782,-0.0077821011673151474
2023-10-04,49900,50500,47000,48050,618151,-0.05784313725490198
2023-10-05,48200,49100,47200,48000,334267,-0.0010405827263267886
2023-10-06,48200,48750,47800,48200,223337,0.004166666666666652
2023-10-10,49450,50600,49150,49200,420490,0.020746887966804906
2023-10-11,50000,50600,49500,49700,843251,0.010162601626016343
2023-10-12,50500,50600,49550,50000,297220,0.006036217303822866
2023-10-13,50600,52200,50000,51000,502109,0.020000000000000018
2023-10-16,50400,51100,49050,49500,275396,-0.02941176470588236
2023-10-17,49900,51100,49800,49950,781658,0.009090909090909038
2023-10-18,50100,51100,50100,51000,287676,0.021021021021021102
2023-10-19,49400,49600,43550,45000,1096625,-0.11764705882352944
2023-10-20,44900,45500,44100,44650,301542,-0.007777777777777772
2023-10-23,44700,45200,44000,44450,207830,-0.004479283314669624
2023-10-24,44850,45650,43150,45600,334443,0.025871766029246235
2023-10-25,46350,46950,44600,44800,324154,-0.01754385964912286
2023-10-26,44300,44600,42350,43200,541477,-0.0357142857142857
2023-10-27,43700,43900,42150,42400,414070,-0.01851851851851849
2023-10-30,41800,41900,38350,39700,751304,-0.06367924528301883
2023-10-31,40000,40500,38550,38750,565391,-0.023929471032745564
2023-11-01,38600,38850,37400,38050,603918,-0.01806451612903226
2023-11-02,38550,38800,38150,38400,351738,0.009198423127463773
2023-11-03,39150,39500,38600,39350,296515,0.02473958333333326
2023-11-06,40350,41550,40100,41550,422317,0.055908513341804245
2023-11-07,41550,41650,39700,40850,415241,-0.016847172081829176
2023-11-08,41300,41300,39850,39850,361662,-0.0244798041615667
2023-11-09,40000,40550,39950,40500,350059,0.016311166875784266
2023-11-10,40200,40350,39100,40350,218299,-0.0037037037037036535
2023-11-13,40750,40800,38900,39200,361644,-0.028500619578686548
2023-11-14,38900,40100,38550,40000,577766,0.020408163265306145
2023-11-15,40800,41300,40150,40950,360069,0.023749999999999938
2023-11-16,41000,42850,40100,42550,231097,0.039072039072039155
2023-11-17,42550,42550,40800,40900,275416,-0.03877790834312578
2023-11-20,40900,42150,40700,41800,227381,0.022004889975550057
2023-11-21,42300,42400,41750,42050,134628,0.005980861244019087
2023-11-22,41700,43350,41450,43250,295270,0.02853745541022601
2023-11-23,43250,44900,43100,43950,546256,0.016184971098266
2023-11-24,44250,44250,43500,43600,221330,-0.007963594994311762
2023-11-27,44150,44550,43600,44450,244134,0.019495412844036775
2023-11-28,44800,45350,44000,45100,364059,0.01462317210348707
2023-11-29,45500,46100,44500,45250,419446,0.003325942350332678
2023-11-30,44500,45600,43850,45600,599691,0.007734806629834168
2023-12-01,45000,45400,43600,43600,201435,-0.04385964912280704
2023-12-04,43150,44000,42950,43450,174031,-0.0034403669724770714
2023-12-05,43500,44450,43050,43300,189852,-0.0034522439585730202
2023-12-06,42900,43650,42800,43100,202214,-0.004618937644341847
2023-12-07,42600,43100,41950,42350,188689,-0.01740139211136893
2023-12-08,42900,43200,42250,43000,231131,0.015348288075560879
2023-12-11,43450,43450,42500,43150,182526,0.0034883720930232176
2023-12-12,43350,43500,42750,43300,239359,0.0034762456546928444
2023-12-13,43000,43200,41750,42950,270782,-0.008083140877598205
2023-12-14,43400,44000,42900,44000,789492,0.024447031431897637
2023-12-15,44500,48050,44450,47300,749147,0.07499999999999996
2023-12-18,47050,47900,46100,47100,270140,-0.0042283298097252064
2023-12-19,46650,46900,46000,46300,172274,-0.01698513800424628
2023-12-20,47400,50900,47400,50200,566413,0.08423326133909281
2023-12-21,49400,50200,49150,49750,198193,-0.008964143426294813
2023-12-22,49750,51500,49050,49350,179842,-0.008040201005025116
2023-12-26,50300,50400,49100,49750,118439,0.008105369807497542
2023-12-27,49650,50200,48700,49750,143787,0.0
2023-12-28,50000,50500,48950,50400,224722,0.01306532663316573
2024-01-02,51400,51500,48900,49500,204995,-0.017857142857142905
2024-01-03,48600,49000,46900,47000,259646,-0.0505050505050505
2024-01-04,46200,46400,45600,46000,283148,-0.021276595744680882
2024-01-05,46000,46150,45150,45350,244733,-0.01413043478260867
2024-01-08,45050,45600,44750,45000,196389,-0.007717750826901848
2024-01-09,45950,46400,45300,45850,225430,0.018888888888888955
2024-01-10,46400,47100,45900,46000,149018,0.0032715376226826187
2024-01-11,46300,46750,45600,46000,244460,0.0
2024-01-12,46000,46850,45800,46000,207695,0.0
2024-01-15,46250,46700,45550,45950,150603,-0.0010869565217391797
2024-01-16,45600,46100,45200,45350,108854,-0.01305767138193692
2024-01-17,45150,45600,42700,43950,395731,-0.030871003307607503
2024-01-18,43950,45100,43350,44500,377277,0.012514220705347023
2024-01-19,44500,45600,44350,44950,160549,0.010112359550561889
2024-01-22,46100,46150,44800,44850,128440,-0.0022246941045606095
2024-01-23,45400,46150,44900,45800,199530,0.021181716833890807
2024-01-24,46000,46600,45300,45600,209278,-0.004366812227074246
2024-01-25,46350,46850,45750,46500,198378,0.019736842105263053
2024-01-26,47000,47550,46500,47000,247198,0.010752688172043001
2024-01-29,47050,47550,46450,46750,217141,-0.005319148936170248
2024-01-30,47400,47800,46650,46800,173187,0.0010695187165774556
2024-01-31,47250,51000,46600,50900,547092,0.08760683760683752
2024-02-01,50500,50700,47850,49300,422707,-0.03143418467583492
2024-02-02,50300,52500,50100,50800,368668,0.030425963488843744
2024-02-05,50800,51500,49750,49950,252555,-0.0167322834645669
2024-02-06,50000,50600,48200,48900,249295,-0.02102102102102099
2024-02-07,49450,50900,49150,49550,271986,0.013292433537832382
2024-02-08,50200,50200,46150,46300,528013,-0.065590312815338
2024-02-13,46700,47350,46200,47200,210390,0.01943844492440605
2024-02-14,46800,47050,46050,46900,132766,-0.006355932203389814
2024-02-15,47550,47600,46500,46550,131474,-0.007462686567164201
2024-02-16,47000,49050,46850,48700,265586,0.04618689581095592
2024-02-19,48000,49250,47300,48400,139976,-0.006160164271047264
2024-02-20,48400,48400,47200,47350,229946,-0.02169421487603307
2024-02-21,47750,47800,44400,44500,649274,-0.060190073917634646
2024-02-22,44750,45350,44400,45050,259374,0.012359550561797716
2024-02-23,45200,45700,44550,45400,178396,0.007769145394006749
2024-02-26,45950,46850,45600,46150,242853,0.016519823788546217
2024-02-27,46600,46600,45600,46350,205114,0.004333694474539573
2024-02-28,46400,48250,46400,47350,265383,0.02157497303128375
2024-02-29,47150,47200,46050,46950,431403,-0.008447729672650506
2024-03-04,47600,48400,47000,47000,184292,0.0010649627263046302
2024-03-05,46800,48650,46750,47500,263164,0.010638297872340496
2024-03-06,47150,48650,47150,48050,173093,0.011578947368421133
2024-03-07,48600,48800,47650,47750,160770,-0.00624349635796051
2024-03-08,48500,50400,48200,50300,362178,0.05340314136125657
2024-03-11,50300,51600,49400,50000,295226,-0.005964214711729587
2024-03-12,50300,50300,47850,48650,209281,-0.027000000000000024
2024-03-13,48850,49900,48400,48650,210140,0.0
2024-03-14,49050,52300,48800,51600,428586,0.060637204522096644
2024-03-15,51300,52800,50700,50800,269379,-0.015503875968992276
2024-03-18,51300,51900,50200,50800,107816,0.0
2024-03-19,50900,52400,50600,51300,258424,0.009842519685039353
2024-03-20,52800,54000,52500,53200,311210,0.03703703703703698
2024-03-21,53800,54300,52600,53200,272224,0.0
2024-03-22,53300,54500,52300,52400,225489,-0.015037593984962405
2024-03-25,52500,52600,49950,50700,357577,-0.03244274809160308
2024-03-26,51300,51600,50100,50500,400255,-0.0039447731755424265
2024-03-27,50200,57300,50200,56100,804038,0.11089108910891099
2024-03-28,55000,56800,53500,54000,352653,-0.03743315508021394
2024-03-29,54300,54800,53300,53300,154322,-0.012962962962962954
2024-04-01,53800,54300,52400,53800,178595,0.009380863039399667
2024-04-02,53000,53700,52100,52500,184143,-0.024163568773234223
2024-04-03,52000,53000,51300,52700,203687,0.003809523809523707
2024-04-04,53000,53600,51600,52300,203385,-0.007590132827324458
2024-04-05,51700,53500,51200,51500,165944,-0.015296367112810683
2024-04-08,50800,51500,50000,51000,152749,-0.009708737864077666
2024-04-09,52000,54600,51700,53600,410671,0.050980392156862786
2024-04-11,51500,52500,50600,51200,388652,-0.04477611940298509
2024-04-12,51800,54400,51600,53500,311241,0.044921875
2024-04-15,53300,54000,52900,53200,238444,-0.005607476635513975
2024-04-16,52700,53600,51300,53200,259674,0.0
2024-04-17,53200,53700,50000,50300,367585,-0.05451127819548873
2024-04-18,50900,52500,50800,51800,220097,0.02982107355864816
2024-04-19,51400,53000,50700,51600,374535,-0.0038610038610038533
2024-04-22,52900,53600,51900,53500,148372,0.036821705426356655
2024-04-23,53600,55600,53200,53600,222258,0.0018691588785046953
2024-04-24,53700,55600,53200,55300,226386,0.03171641791044766
2024-04-25,54800,55300,51300,51300,365809,-0.07233273056057865
2024-04-26,51800,52500,51400,52000,216976,0.013645224171539905
2024-04-29,52500,52900,51600,52900,211555,0.017307692307692246
2024-04-30,53400,53900,52100,52200,307916,-0.013232514177693777
2024-05-02,51700,52600,51400,52000,221800,-0.003831417624521105
2024-05-03,52700,52800,51500,51500,229221,-0.009615384615384581
2024-05-07,52500,53300,52000,52700,210006,0.023300970873786353
2024-05-08,53300,53300,52400,53100,173867,0.007590132827324458
2024-05-09,53200,54600,52900,53600,209869,0.009416195856873921
2024-05-10,54500,55300,53700,54500,154576,0.01679104477611948
2024-05-13,55000,57200,54400,56000,231006,0.02752293577981657
2024-05-14,56300,57000,55100,56600,160212,0.010714285714285676
2024-05-16,57000,59900,55700,59900,331522,0.05830388692579502
2024-05-17,58800,59200,56000,56000,208090,-0.06510851419031716
2024-05-20,57000,57800,56100,56700,121690,0.012499999999999956
2024-05-21,55700,57700,55100,57000,131403,0.005291005291005346
2024-05-22,57000,59400,56400,58300,147479,0.02280701754385972
2024-05-23,57000,59000,57000,57700,96685,-0.010291595197255532
2024-05-24,57700,60000,57000,59900,172321,0.03812824956672434
2024-05-27,61700,62300,60200,61500,212892,0.026711185308847973
2024-05-28,61000,61500,58400,58700,240754,-0.04552845528455285
2024-05-29,57600,59200,57000,57300,176788,-0.023850085178875657
2024-05-30,56500,57300,56000,56300,148222,-0.017452006980802848
2024-05-31,57800,58800,57100,57700,385758,0.0248667850799289
2024-06-03,58000,58000,56300,56600,183083,-0.01906412478336217
2024-06-04,55600,56200,54000,55500,221760,-0.019434628975265045
2024-06-05,55400,55400,54000,54300,224113,-0.021621621621621623
2024-06-07,56300,56300,53800,54400,207769,0.0018416206261511192
2024-06-10,54100,55200,53700,54600,104167,0.003676470588235281
2024-06-11,54900,55400,52400,52800,168247,-0.03296703296703296
2024-06-12,52700,54500,52500,54400,158008,0.030303030303030276
2024-06-13,55300,56100,54100,54100,251527,-0.005514705882352922
2024-06-14,53600,54500,52500,54000,194345,-0.001848428835489857
2024-06-17,53300,53700,52600,53300,127660,-0.012962962962962954
2024-06-18,53500,53700,53000,53300,125841,0.0
2024-06-19,53800,53900,52300,53000,304626,-0.0056285178236398226
2024-06-20,53100,53900,52800,53700,215935,0.013207547169811429
2024-06-21,53200,53600,52600,53600,209009,-0.0018621973929237035
2024-06-24,53500,53900,51700,52500,175115,-0.020522388059701524
2024-06-25,53000,53300,51900,53300,129651,0.015238095238095273
2024-06-26,53300,54200,52600,53000,165454,-0.0056285178236398226
2024-06-27,52000,52000,49700,50800,319678,-0.04150943396226414
2024-06-28,50800,51300,50000,51300,167871,0.009842519685039353
2024-07-01,51500,51800,50700,51400,253360,0.0019493177387914784
2024-07-02,51000,51900,49950,50300,191999,-0.021400778210116767
2024-07-03,50600,51000,49300,49650,157247,-0.012922465208747513
2024-07-04,49650,50400,49050,50400,155249,0.015105740181268867
2024-07-05,50700,50900,49150,49600,230399,-0.015873015873015928
2024-07-08,49050,50400,49050,49800,133433,0.0040322580645162365
2024-07-09,50300,50600,49600,50600,239959,0.016064257028112428
2024-07-10,50600,51500,50200,51000,189207,0.007905138339920903
2024-07-11,51500,52000,50500,52000,252359,0.019607843137254832
2024-07-12,51500,59500,49850,54600,6789108,0.050000000000000044
2024-07-15,52700,52900,49000,49000,2804557,-0.10256410256410253
2024-07-16,48650,50200,48050,48050,1838600,-0.019387755102040827
2024-07-17,48200,49550,48000,48700,1297850,0.013527575442247697
2024-07-18,48950,49700,47900,49550,853361,0.017453798767967044
2024-07-19,48800,49650,48400,49250,470096,-0.006054490413723523
2024-07-22,49250,49350,48000,48850,455449,-0.008121827411167515
2024-07-23,48900,50200,48250,48400,884261,-0.0092118730808598
2024-07-24,48100,48600,46950,47050,669194,-0.02789256198347112
2024-07-25,47000,47950,41150,44150,1981380,-0.06163655685441016
2024-07-26,43250,44400,42500,42500,835585,-0.03737259343148358
2024-07-29,41800,42100,40850,41550,895883,-0.022352941176470575
2024-07-30,40950,41400,40500,40500,456095,-0.02527075812274371
2024-07-31,40050,41450,39800,41200,628144,0.01728395061728394
2024-08-01,41250,41750,41000,41050,305752,-0.00364077669902918
2024-08-02,40600,40650,39250,39650,411390,-0.03410475030450666
