Date,Open,High,Low,Close,Volume,Change
2022-01-03,3850,3940,3830,3890,26336,0.010389610389610393
2022-01-04,3890,4090,3890,4025,82215,0.03470437017994854
2022-01-05,4015,4060,3900,3905,51209,-0.029813664596273326
2022-01-06,3880,3900,3785,3820,80137,-0.0217669654289373
2022-01-07,3820,3925,3810,3920,24906,0.02617801047120416
2022-01-10,3920,3965,3845,3860,22690,-0.015306122448979553
2022-01-11,3935,3935,3770,3795,51833,-0.016839378238341918
2022-01-12,3795,3875,3775,3800,30901,0.0013175230566535578
2022-01-13,3790,3880,3780,3800,35457,0.0
2022-01-14,3840,3865,3725,3805,27292,0.001315789473684159
2022-01-17,3830,3830,3675,3730,52286,-0.019710906701708275
2022-01-18,3730,3845,3600,3655,28142,-0.020107238605898137
2022-01-19,3720,4500,3580,3660,645210,0.001367989056087593
2022-01-20,3620,3750,3590,3685,77300,0.006830601092896238
2022-01-21,3685,3850,3670,3700,60591,0.004070556309362372
2022-01-24,3720,3740,3650,3695,62919,-0.0013513513513513375
2022-01-25,3695,3780,3580,3700,87683,0.0013531799729364913
2022-01-26,3700,3795,3690,3715,42847,0.004054054054054124
2022-01-27,3895,3895,3690,3710,60355,-0.0013458950201884479
2022-01-28,3700,3770,3630,3695,197467,-0.0040431266846361336
2022-02-03,3700,3840,3700,3785,66980,0.02435723951285529
2022-02-04,3705,3865,3705,3785,52868,0.0
2022-02-07,3945,3945,3775,3775,63390,-0.0026420079260237594
2022-02-08,3700,3800,3700,3775,46971,0.0
2022-02-09,3775,3825,3770,3815,44570,0.01059602649006619
2022-02-10,3830,3840,3745,3750,49349,-0.017038007863695914
2022-02-11,3740,3795,3725,3745,40936,-0.0013333333333332975
2022-02-14,3720,3740,3565,3570,98953,-0.04672897196261683
2022-02-15,3645,3880,3555,3575,249689,0.0014005602240896309
2022-02-16,3560,3700,3550,3585,61972,0.002797202797202747
2022-02-17,3590,3695,3525,3580,87149,-0.001394700139469962
2022-02-18,3530,3640,3495,3515,82325,-0.018156424581005637
2022-02-21,3510,3800,3435,3440,139121,-0.02133712660028453
2022-02-22,3410,3420,3295,3295,72902,-0.04215116279069764
2022-02-23,3295,3325,3245,3270,46364,-0.007587253414264028
2022-02-24,3295,3340,3175,3180,73531,-0.02752293577981646
2022-02-25,3175,3280,3170,3230,42625,0.01572327044025168
2022-02-28,3155,3340,3150,3195,39377,-0.010835913312693513
2022-03-02,3195,3280,3185,3240,31599,0.014084507042253502
2022-03-03,3200,3345,3200,3290,17619,0.015432098765432167
2022-03-04,3280,3355,3200,3245,27297,-0.01367781155015202
2022-03-07,3245,3245,3145,3170,18817,-0.023112480739599373
2022-03-08,3120,3205,3080,3170,20151,0.0
2022-03-10,3170,3205,3135,3170,13491,0.0
2022-03-11,3170,3180,3135,3155,25629,-0.004731861198738141
2022-03-14,3155,3180,2990,3050,58661,-0.033280507131537296
2022-03-15,2970,3070,2950,2970,35417,-0.02622950819672132
2022-03-16,3030,3295,2955,3275,85416,0.10269360269360273
2022-03-17,3270,3440,3265,3385,54798,0.03358778625954195
2022-03-18,3440,3580,3370,3540,73578,0.04579025110782875
2022-03-21,3540,3740,3535,3720,110793,0.05084745762711873
2022-03-22,3685,3925,3605,3900,137579,0.048387096774193505
2022-03-23,3975,3975,3765,3810,45745,-0.023076923076923106
2022-03-24,3720,3825,3560,3790,31871,-0.005249343832021025
2022-03-25,3795,3950,3785,3785,100118,-0.0013192612137202797
2022-03-28,3790,3955,3790,3820,59927,0.009247027741083214
2022-03-29,3815,3925,3815,3900,43454,0.020942408376963373
2022-03-30,3900,4095,3850,4095,107321,0.050000000000000044
2022-03-31,4100,4225,4005,4200,153484,0.02564102564102555
2022-04-01,4210,4250,4065,4115,93393,-0.020238095238095277
2022-04-04,4110,4110,3795,3970,108477,-0.03523693803159178
2022-04-05,3970,4020,3860,3940,47366,-0.007556675062972307
2022-04-06,4005,4005,3765,3820,50983,-0.030456852791878153
2022-04-07,3700,3930,3530,3680,66453,-0.03664921465968585
2022-04-08,3755,3820,3605,3690,53225,0.0027173913043478937
2022-04-11,3800,3800,3580,3580,51701,-0.02981029810298108
2022-04-12,3590,3640,3460,3490,37619,-0.025139664804469275
2022-04-13,3430,3555,3400,3405,24591,-0.024355300859598805
2022-04-14,3380,3520,3360,3420,54448,0.004405286343612369
2022-04-15,3420,3440,3335,3400,40161,-0.005847953216374324
2022-04-18,3400,3570,3370,3505,27830,0.03088235294117636
2022-04-19,3600,3600,3390,3400,38038,-0.029957203994293913
2022-04-20,3540,3540,3190,3370,59537,-0.008823529411764675
2022-04-21,3375,3445,3125,3125,69712,-0.07270029673590506
2022-04-22,3225,3225,3085,3090,50986,-0.011199999999999988
2022-04-25,3110,3200,3055,3115,22866,0.008090614886731462
2022-04-26,3120,3195,3110,3165,32336,0.01605136436597121
2022-04-27,3805,4110,3250,3400,2256577,0.07424960505529232
2022-04-28,3445,3445,3050,3100,407613,-0.08823529411764708
2022-04-29,3100,3160,3015,3070,151517,-0.009677419354838679
2022-05-02,3015,3085,3000,3050,66069,-0.006514657980456029
2022-05-03,3055,3200,3035,3145,75168,0.031147540983606614
2022-05-04,3180,3220,3115,3155,133021,0.0031796502384737746
2022-05-06,3155,3340,3095,3220,122978,0.020602218700475516
2022-05-09,3280,3340,3205,3300,73866,0.024844720496894457
2022-05-10,3200,3330,3150,3300,80564,0.0
2022-05-11,3215,3320,3215,3300,53815,0.0
2022-05-12,3290,3350,3100,3150,111327,-0.045454545454545414
2022-05-13,3135,3135,2890,3010,177360,-0.0444444444444444
2022-05-16,3010,3050,2980,3000,50742,-0.0033222591362126463
2022-05-17,3000,3070,2990,3045,40264,0.014999999999999902
2022-05-18,3050,3190,3030,3175,40306,0.04269293924466333
2022-05-19,3150,3190,3065,3150,17944,-0.007874015748031482
2022-05-20,3150,3180,3100,3155,42762,0.0015873015873015817
2022-05-23,3200,3200,3090,3105,49177,-0.015847860538827252
2022-05-24,3110,3145,2995,3075,43958,-0.009661835748792313
2022-05-25,3075,3095,3040,3075,26161,0.0
2022-05-26,3055,3090,3050,3080,17071,0.001626016260162677
2022-05-27,3095,3190,3055,3145,41658,0.02110389610389607
2022-05-30,3135,3190,3085,3120,45533,-0.007949125596184436
2022-05-31,3120,3155,3110,3135,13727,0.004807692307692291
2022-06-02,3140,3285,3055,3080,68719,-0.01754385964912286
2022-06-03,3195,3195,3075,3120,21629,0.01298701298701288
2022-06-07,3120,3175,3070,3120,24279,0.0
2022-06-08,3165,3170,3080,3100,17170,-0.0064102564102563875
2022-06-09,3095,3145,2990,3015,56486,-0.02741935483870972
2022-06-10,3000,3060,2990,3040,28957,0.008291873963515828
2022-06-13,3040,3040,2895,2930,76204,-0.03618421052631582
2022-06-14,2895,2975,2805,2930,86018,0.0
2022-06-15,2965,2965,2720,2720,61095,-0.07167235494880542
2022-06-16,2720,2855,2720,2795,22162,0.02757352941176472
2022-06-17,2790,2790,2660,2770,15157,-0.008944543828264706
2022-06-20,2930,2930,2665,2760,37164,-0.0036101083032491488
2022-06-21,2760,2845,2680,2685,30114,-0.02717391304347827
2022-06-22,2820,2820,2610,2610,21632,-0.027932960893854775
2022-06-23,2620,2650,2500,2500,30445,-0.04214559386973182
2022-06-24,2500,2630,2465,2495,11818,-0.0020000000000000018
2022-06-27,2620,2680,2555,2600,23377,0.04208416833667328
2022-06-28,2725,3380,2620,3000,304057,0.15384615384615374
2022-06-29,2925,2950,2710,2890,91676,-0.036666666666666625
2022-06-30,2950,3025,2840,2930,26536,0.01384083044982698
2022-07-01,2930,3080,2800,2855,30493,-0.025597269624573427
2022-07-04,2855,2900,2765,2775,23908,-0.028021015761821366
2022-07-05,2895,2900,2775,2840,19312,0.023423423423423406
2022-07-06,2845,2925,2825,2850,8689,0.0035211267605634866
2022-07-07,2915,2915,2855,2910,14865,0.021052631578947434
2022-07-08,2910,2965,2910,2935,10882,0.00859106529209619
2022-07-11,2945,3060,2945,3055,33119,0.040885860306643984
2022-07-12,3030,3095,3005,3025,21098,-0.009819967266775809
2022-07-13,3080,3080,3020,3035,4856,0.0033057851239668423
2022-07-14,3070,3080,3000,3040,15919,0.0016474464579900872
2022-07-15,3035,3090,3025,3030,15536,-0.003289473684210509
2022-07-18,3045,3045,2990,3000,24533,-0.00990099009900991
2022-07-19,3000,3050,2975,3005,12677,0.0016666666666667052
2022-07-20,3065,3110,2995,3020,8800,0.004991680532445919
2022-07-21,3020,3070,2985,3055,27839,0.011589403973509826
2022-07-22,3055,3125,3040,3045,13683,-0.00327332242225864
2022-07-25,3045,3170,3040,3080,20361,0.011494252873563315
2022-07-26,3090,3090,3055,3070,10077,-0.0032467532467532756
2022-07-27,3130,3130,3040,3050,15820,-0.006514657980456029
2022-07-28,3045,3105,3015,3050,26560,0.0
2022-07-29,3100,3100,3060,3075,17216,0.008196721311475308
2022-08-01,3090,3135,3040,3085,12767,0.003252032520325132
2022-08-02,3085,3100,3000,3085,47973,0.0
2022-08-03,3075,3100,3045,3080,23631,-0.0016207455429497752
2022-08-04,3080,3130,3070,3080,14629,0.0
2022-08-05,3100,3160,3050,3155,25469,0.024350649350649345
2022-08-08,3160,3350,3160,3290,33841,0.04278922345483349
2022-08-09,3290,3330,3210,3210,8682,-0.024316109422492405
2022-08-10,3210,3270,3180,3190,13014,-0.006230529595015577
2022-08-11,3220,3265,3185,3215,19262,0.00783699059561127
2022-08-12,3245,3255,3180,3215,12128,0.0
2022-08-16,3215,3240,3085,3085,34818,-0.04043545878693622
2022-08-17,3085,3135,2960,3100,33364,0.004862236628849326
2022-08-18,3135,3135,3055,3100,7870,0.0
2022-08-19,3130,3130,3070,3075,10812,-0.008064516129032251
2022-08-22,3075,3100,3050,3050,9463,-0.008130081300813052
2022-08-23,3100,3155,3055,3110,11253,0.01967213114754096
2022-08-24,3110,3160,3060,3060,11373,-0.01607717041800638
2022-08-25,3120,3145,3050,3090,12162,0.009803921568627416
2022-08-26,3090,3140,3090,3125,12460,0.01132686084142387
2022-08-29,3025,3115,3020,3040,22216,-0.027200000000000002
2022-08-30,3040,3110,3000,3055,23323,0.004934210526315708
2022-08-31,3600,3600,3075,3120,146096,0.02127659574468077
2022-09-01,3120,3140,3080,3085,18851,-0.011217948717948678
2022-09-02,3120,3200,3110,3165,31915,0.025931928687196182
2022-09-05,3165,3210,3060,3080,31594,-0.026856240126382325
2022-09-06,3180,3180,3070,3090,9539,0.0032467532467532756
2022-09-07,3090,3140,3075,3105,15405,0.004854368932038833
2022-09-08,3105,3175,3100,3120,10897,0.004830917874396157
2022-09-13,3170,3170,3090,3140,19891,0.0064102564102563875
2022-09-14,3140,3165,3060,3135,40158,-0.0015923566878981443
2022-09-15,3190,3190,3095,3095,11465,-0.012759170653907526
2022-09-16,3095,3130,3045,3105,18156,0.003231017770597644
2022-09-19,3110,3145,3075,3095,26631,-0.0032206119162641045
2022-09-20,3100,3140,3100,3105,5904,0.003231017770597644
2022-09-21,3105,3145,3065,3130,20482,0.008051529790660261
2022-09-22,3120,3150,3065,3125,18761,-0.0015974440894568342
2022-09-23,3130,3180,2970,3085,50444,-0.012800000000000034
2022-09-26,3085,3085,2865,2865,34246,-0.07131280388978933
2022-09-27,2940,2940,2695,2860,63911,-0.0017452006980802626
2022-09-28,2850,2860,2670,2670,30045,-0.06643356643356646
2022-09-29,2950,2975,2655,2705,25383,0.013108614232209659
2022-09-30,2695,2730,2650,2665,20704,-0.014787430683918634
2022-10-04,2765,2765,2645,2690,9865,0.009380863039399667
2022-10-05,2745,2810,2605,2615,14842,-0.027881040892193343
2022-10-06,2680,2680,2565,2615,15310,0.0
2022-10-07,2660,2660,2575,2620,7103,0.0019120458891013214
2022-10-11,2620,2620,2420,2465,17634,-0.059160305343511466
2022-10-12,2590,2590,2455,2480,4494,0.006085192697768749
2022-10-13,2470,2550,2380,2390,16417,-0.03629032258064513
2022-10-14,2400,2495,2320,2430,4425,0.01673640167364021
2022-10-17,2435,2475,2400,2430,5276,0.0
2022-10-18,2500,2500,2405,2445,7470,0.006172839506172867
2022-10-19,2470,2470,2405,2450,4155,0.002044989775051187
2022-10-20,2470,2470,2395,2395,8696,-0.022448979591836782
2022-10-21,2410,2410,2350,2390,11906,-0.0020876826722338038
2022-10-24,2370,2410,2370,2380,9908,-0.004184100418409997
2022-10-25,2365,2370,2295,2345,17333,-0.014705882352941124
2022-10-26,2345,2345,2230,2300,12666,-0.019189765458422214
2022-10-27,2340,2340,2300,2320,6622,0.008695652173912993
2022-10-28,2335,2375,2310,2345,7841,0.010775862068965525
2022-10-31,2345,2355,2335,2340,6398,-0.002132196162046962
2022-11-01,2340,2355,2325,2335,4615,-0.002136752136752129
2022-11-02,2350,2350,2315,2335,2796,0.0
2022-11-03,2280,2370,2280,2315,8241,-0.008565310492505307
2022-11-04,2320,2325,2255,2295,5139,-0.008639308855291628
2022-11-07,2300,2350,2230,2290,18759,-0.002178649237472796
2022-11-08,2290,2330,2250,2315,15674,0.01091703056768556
2022-11-09,2315,2340,2250,2305,6458,-0.004319654427645814
2022-11-10,2265,2310,2250,2260,10973,-0.0195227765726681
2022-11-11,2260,2300,2255,2255,18095,-0.0022123893805309214
2022-11-14,2320,2320,2260,2310,15132,0.024390243902439046
2022-11-15,2325,2340,2300,2325,8139,0.006493506493506551
2022-11-16,2325,2370,2295,2305,21375,-0.008602150537634357
2022-11-17,2305,2700,2305,2350,75238,0.01952277657266821
2022-11-18,2405,2415,2360,2360,22201,0.004255319148936065
2022-11-21,2395,2435,2365,2405,52595,0.019067796610169552
2022-11-22,2420,2425,2380,2380,9162,-0.01039501039501034
2022-11-23,2380,2490,2350,2430,23739,0.021008403361344463
2022-11-24,2420,2600,2420,2485,24983,0.02263374485596703
2022-11-25,2540,2540,2480,2490,10755,0.002012072434607548
2022-11-28,2495,2580,2370,2370,19593,-0.048192771084337394
2022-11-29,2370,2425,2370,2390,4592,0.00843881856540074
2022-11-30,2410,2420,2400,2415,4109,0.010460251046025215
2022-12-01,2570,2570,2415,2430,13326,0.006211180124223503
2022-12-02,2470,2480,2415,2430,6686,0.0
2022-12-05,2415,2460,2415,2445,6656,0.006172839506172867
2022-12-06,2475,2475,2400,2435,5857,-0.004089979550102263
2022-12-07,2435,2465,2390,2445,5785,0.004106776180698102
2022-12-08,2445,2455,2390,2445,8147,0.0
2022-12-09,2470,2470,2420,2450,4258,0.002044989775051187
2022-12-12,2465,2470,2430,2455,7577,0.0020408163265306367
2022-12-13,2455,2485,2450,2460,17299,0.0020366598778003286
2022-12-14,2435,2495,2435,2485,5997,0.010162601626016343
2022-12-15,2510,2510,2460,2475,6320,-0.004024144869215318
2022-12-16,2535,2535,2420,2485,7923,0.004040404040404066
2022-12-19,2485,2505,2435,2480,3797,-0.002012072434607659
2022-12-20,2480,2480,2440,2470,2691,-0.0040322580645161255
2022-12-21,2470,2470,2405,2435,9135,-0.014170040485829927
2022-12-22,2435,2745,2415,2455,144908,0.008213552361396204
2022-12-23,2455,2455,2350,2410,30403,-0.018329938900203624
2022-12-26,2415,2430,2350,2395,8522,-0.006224066390041472
2022-12-27,2415,2455,2390,2455,13828,0.025052192066805867
2022-12-28,2465,2535,2425,2495,18573,0.016293279022403295
2022-12-29,2530,2600,2420,2420,27736,-0.030060120240480992
2023-01-02,2435,2435,2355,2360,7305,-0.024793388429752095
2023-01-03,2375,2380,2300,2350,14775,-0.004237288135593209
2023-01-04,2360,2400,2315,2370,9895,0.008510638297872353
2023-01-05,2375,2380,2345,2365,6881,-0.002109704641350185
2023-01-06,2380,2410,2365,2365,6736,0.0
2023-01-09,2460,2460,2365,2390,17349,0.010570824524312794
2023-01-10,2420,2420,2380,2400,11495,0.004184100418409997
2023-01-11,2425,2425,2390,2425,6196,0.01041666666666674
2023-01-12,2465,2465,2425,2460,10338,0.014432989690721598
2023-01-13,2460,2490,2445,2490,4086,0.012195121951219523
2023-01-16,2525,2740,2510,2575,65819,0.034136546184738936
2023-01-17,2575,2750,2575,2710,34597,0.05242718446601935
2023-01-18,2795,2795,2685,2725,24451,0.005535055350553542
2023-01-19,2675,2755,2670,2725,16390,0.0
2023-01-20,2775,2775,2655,2725,6134,0.0
2023-01-25,2725,2755,2610,2675,12217,-0.01834862385321101
2023-01-26,2685,2685,2595,2630,16914,-0.016822429906542036
2023-01-27,2735,2735,2660,2670,5808,0.015209125475285079
2023-01-30,2795,2795,2685,2695,18687,0.009363295880149725
2023-01-31,2695,2700,2685,2700,6043,0.0018552875695732052
2023-02-01,2685,2730,2660,2725,23987,0.0092592592592593
2023-02-02,2795,2830,2725,2805,30863,0.029357798165137616
2023-02-03,2805,2825,2765,2770,13205,-0.012477718360071277
2023-02-06,2810,2810,2760,2800,5494,0.010830324909747224
2023-02-07,2795,2955,2790,2955,38326,0.05535714285714288
2023-02-08,2890,3170,2890,3130,77743,0.05922165820642977
2023-02-09,3140,3195,3005,3135,35341,0.0015974440894568342
2023-02-10,3135,3225,3070,3145,32525,0.0031897926634769647
2023-02-13,3145,3145,3005,3095,20354,-0.015898251192368873
2023-02-14,3095,3130,3030,3060,27768,-0.011308562197092087
2023-02-15,3070,3145,2800,2925,28596,-0.044117647058823484
2023-02-16,2925,3025,2920,3015,28969,0.03076923076923066
2023-02-17,3010,3085,2960,3025,14582,0.0033167495854062867
2023-02-20,3110,3110,3000,3030,18117,0.0016528925619834212
2023-02-21,3040,3080,3000,3035,27236,0.0016501650165017256
2023-02-22,3045,3050,2975,3030,9891,-0.0016474464579900872
2023-02-23,3040,3050,2935,2940,20398,-0.02970297029702973
2023-02-24,2980,2985,2835,2835,19387,-0.0357142857142857
2023-02-27,2845,2870,2770,2770,30312,-0.022927689594356315
2023-02-28,2785,2840,2785,2830,9795,0.02166064981949467
2023-03-02,2830,2865,2795,2805,10012,-0.00883392226148405
2023-03-03,2845,2845,2805,2815,9254,0.0035650623885918886
2023-03-06,2815,2915,2770,2850,8567,0.01243339253996445
2023-03-07,2925,2925,2805,2805,9649,-0.015789473684210575
2023-03-08,2865,2865,2745,2800,16306,-0.0017825311942959443
2023-03-09,2770,2860,2770,2860,11472,0.021428571428571352
2023-03-10,2940,2940,2770,2870,15117,0.0034965034965035446
2023-03-13,2870,2885,2820,2820,9666,-0.017421602787456414
2023-03-14,2790,2855,2740,2740,13374,-0.028368794326241176
2023-03-15,2835,2835,2695,2725,9783,-0.005474452554744547
2023-03-16,2720,2740,2695,2710,8616,-0.0055045871559632475
2023-03-17,2720,2720,2675,2715,7718,0.0018450184501845879
2023-03-20,2755,2790,2600,2715,38034,0.0
2023-03-21,2730,2855,2730,2850,42596,0.04972375690607733
2023-03-22,2840,2950,2840,2900,73655,0.01754385964912286
2023-03-23,3255,3495,2655,2820,1333731,-0.02758620689655178
2023-03-24,2825,2870,2600,2820,171254,0.0
2023-03-27,2820,2820,2625,2630,89469,-0.06737588652482274
2023-03-28,2635,2690,2540,2550,67148,-0.03041825095057038
2023-03-29,2550,2600,2425,2475,113181,-0.02941176470588236
2023-03-30,2475,2510,2320,2340,218681,-0.054545454545454564
2023-03-31,2360,2365,2310,2340,55739,0.0
2023-04-03,2330,2385,2315,2375,44947,0.014957264957264904
2023-04-04,2350,2970,2330,2590,1301103,0.09052631578947379
2023-04-05,2530,2690,2430,2530,343703,-0.02316602316602312
2023-04-06,2515,3270,2510,2920,1753115,0.1541501976284585
2023-04-07,2860,2955,2730,2775,394760,-0.049657534246575374
2023-04-10,2860,2870,2660,2750,163548,-0.009009009009009028
2023-04-11,2815,2815,2660,2805,136818,0.020000000000000018
2023-04-12,2775,2785,2690,2715,106377,-0.03208556149732622
2023-04-13,2665,2765,2580,2690,115752,-0.009208103130755041
2023-04-14,2735,2835,2690,2695,84397,0.0018587360594795044
2023-04-17,2695,2760,2610,2710,73654,0.005565862708719838
2023-04-18,2765,3520,2635,3520,4321785,0.29889298892988925
2023-04-19,4030,4255,3415,3640,12888545,0.03409090909090917
2023-04-20,3675,3680,3055,3080,1769380,-0.15384615384615385
2023-04-21,3170,3660,3125,3305,2928999,0.07305194805194803
2023-04-24,3225,3225,2850,2970,1259101,-0.10136157337367624
2023-04-25,2940,2980,2750,2955,501224,-0.005050505050505083
2023-04-26,2960,2960,2795,2795,314665,-0.05414551607445006
2023-04-27,2780,3250,2740,3045,1504571,0.0894454382826475
2023-04-28,3020,3080,2870,2905,272660,-0.04597701149425293
2023-05-02,2910,2975,2755,2975,209907,0.024096385542168752
2023-05-03,2975,3015,2850,2890,199372,-0.02857142857142858
2023-05-04,2935,2960,2785,2805,180965,-0.02941176470588236
2023-05-08,2805,2890,2760,2800,144614,-0.0017825311942959443
2023-05-09,2760,2850,2570,2610,303863,-0.06785714285714284
2023-05-10,2600,2630,2520,2565,174334,-0.017241379310344862
2023-05-11,2530,2680,2530,2585,143558,0.007797270955165692
2023-05-12,2585,2585,2455,2465,123616,-0.046421663442940075
2023-05-15,2480,2480,2370,2425,102540,-0.016227180527383367
2023-05-16,2450,2540,2425,2525,90932,0.04123711340206193
2023-05-17,2535,2645,2485,2620,75571,0.03762376237623766
2023-05-18,2630,2710,2630,2655,70373,0.013358778625954137
2023-05-19,2655,2680,2595,2605,73721,-0.01883239171374762
2023-05-22,2610,2700,2520,2640,62264,0.013435700575815668
2023-05-23,2640,2705,2640,2700,54038,0.022727272727272707
2023-05-24,2720,2760,2670,2685,49219,-0.005555555555555536
2023-05-25,2750,2760,2650,2665,53869,-0.007448789571694592
2023-05-26,2665,2695,2555,2590,75312,-0.02814258911819889
2023-05-30,2590,2670,2515,2580,102551,-0.0038610038610038533
2023-05-31,2580,2590,2510,2520,48239,-0.023255813953488413
2023-06-01,2500,2580,2480,2550,41733,0.011904761904761862
2023-06-02,2580,2650,2545,2650,36804,0.03921568627450989
2023-06-05,2670,2690,2585,2645,41125,-0.0018867924528301883
2023-06-07,2640,2660,2585,2600,39727,-0.017013232514177745
2023-06-08,2600,2620,2560,2580,25145,-0.007692307692307665
2023-06-09,2615,2940,2615,2650,635791,0.027131782945736482
2023-06-12,2685,2690,2595,2595,68265,-0.02075471698113207
2023-06-13,2600,2675,2595,2660,82474,0.025048169556840083
2023-06-14,2645,2735,2600,2605,71619,-0.020676691729323293
2023-06-15,2600,2660,2520,2540,89393,-0.0249520153550864
2023-06-16,2575,2590,2460,2550,36820,0.003937007874015741
2023-06-19,2525,2545,2470,2500,73106,-0.019607843137254943
2023-06-20,2500,2515,2445,2485,33706,-0.006000000000000005
2023-06-21,2485,2485,2420,2475,77697,-0.004024144869215318
2023-06-22,2450,2505,2420,2455,29773,-0.008080808080808133
2023-06-23,2455,2470,2410,2410,24025,-0.018329938900203624
2023-06-26,2410,2425,2335,2340,56543,-0.02904564315352698
2023-06-27,2355,2435,2335,2415,49481,0.03205128205128216
2023-06-28,2415,2540,2395,2520,61143,0.04347826086956519
2023-06-29,2510,2510,2065,2220,311697,-0.11904761904761907
2023-06-30,2120,2600,2120,2365,509649,0.06531531531531543
2023-07-03,2500,2500,2345,2345,80157,-0.008456659619450302
2023-07-04,2345,2395,2315,2390,53712,0.019189765458422103
2023-07-05,2370,2485,2370,2445,53675,0.023012552301255207
2023-07-06,2445,2445,2260,2325,49740,-0.049079754601227044
2023-07-07,2255,2330,2250,2330,35162,0.0021505376344086446
2023-07-10,2305,2320,2145,2315,40836,-0.006437768240343367
2023-07-11,2285,2315,2230,2285,27211,-0.01295896328293733
2023-07-12,2295,2315,2255,2275,23076,-0.004376367614879695
2023-07-13,2275,2310,2215,2265,39005,-0.00439560439560438
2023-07-14,2270,2300,2270,2290,23604,0.011037527593819041
2023-07-17,2275,2630,2240,2350,431750,0.026200873362445476
2023-07-18,2385,2385,2260,2275,45066,-0.03191489361702127
2023-07-19,2280,2290,2235,2290,26834,0.00659340659340657
2023-07-20,2290,2330,2240,2295,23458,0.0021834061135370675
2023-07-21,2255,2290,2225,2225,43653,-0.030501089324618702
2023-07-24,2225,2555,2130,2315,536931,0.04044943820224711
2023-07-25,2305,2305,2100,2100,124972,-0.09287257019438444
2023-07-26,2100,2115,1950,1954,155658,-0.06952380952380954
2023-07-27,1952,2025,1952,2010,46476,0.028659160696008268
2023-07-28,1988,2065,1950,2020,35961,0.004975124378109541
2023-07-31,2045,2085,2000,2005,74492,-0.007425742574257432
2023-08-01,2005,2025,1994,2020,35687,0.007481296758104827
2023-08-02,2020,2085,2020,2080,57177,0.02970297029702973
2023-08-03,2080,2085,1980,2020,49438,-0.028846153846153855
2023-08-04,2020,2050,2010,2040,17988,0.00990099009900991
2023-08-07,2040,2145,2020,2080,51554,0.019607843137254832
2023-08-08,2070,2070,2025,2050,41119,-0.014423076923076872
2023-08-09,2040,2155,2005,2100,47819,0.024390243902439046
2023-08-10,2110,2205,2065,2190,86613,0.04285714285714293
2023-08-11,2175,2225,2130,2190,30413,0.0
2023-08-14,2165,2200,2080,2170,66177,-0.0091324200913242
2023-08-16,2170,2200,2140,2190,52439,0.009216589861751112
2023-08-17,2190,2420,2160,2325,291701,0.06164383561643838
2023-08-18,2325,2445,2235,2400,92529,0.032258064516129004
2023-08-21,2365,2380,2280,2375,36933,-0.01041666666666663
2023-08-22,2380,2385,2300,2330,45438,-0.0189473684210526
2023-08-23,2320,2325,2250,2255,33684,-0.03218884120171672
2023-08-24,2255,2270,2205,2255,27930,0.0
2023-08-25,2265,2285,2240,2280,23750,0.011086474501108556
2023-08-28,2280,2310,2250,2265,18475,-0.006578947368421018
2023-08-29,2275,2300,2240,2265,19912,0.0
2023-08-30,2225,2325,2225,2320,38780,0.024282560706401668
2023-08-31,2320,2325,2145,2175,79391,-0.0625
2023-09-01,2175,2185,2130,2180,30637,0.0022988505747125743
2023-09-04,2165,2210,2145,2200,15348,0.00917431192660545
2023-09-05,2185,2200,2135,2160,24877,-0.018181818181818188
2023-09-06,2165,2185,2130,2130,19126,-0.01388888888888884
2023-09-07,2125,2150,2085,2135,21873,0.0023474178403755097
2023-09-08,2115,2135,2060,2060,20307,-0.03512880562060894
2023-09-11,2060,2135,2005,2080,26961,0.009708737864077666
2023-09-12,2055,2080,1995,2055,45648,-0.012019230769230727
2023-09-13,2055,2055,1991,1995,47357,-0.029197080291970767
2023-09-14,1996,2070,1981,2060,41356,0.032581453634085156
2023-09-15,2070,2105,2055,2100,24390,0.01941747572815533
2023-09-18,2090,2095,1950,2040,35501,-0.02857142857142858
2023-09-19,2020,2055,2005,2040,17393,0.0
2023-09-20,2040,2045,1993,2020,35239,-0.009803921568627416
2023-09-21,1993,2015,1984,1986,15090,-0.016831683168316847
2023-09-22,1974,1993,1971,1993,12778,0.0035246727089628394
2023-09-25,1998,2070,1880,1889,63061,-0.052182639237330686
2023-09-26,1890,1949,1889,1934,26290,0.023822128110111196
2023-09-27,1914,1945,1914,1940,13681,0.0031023784901758056
2023-10-04,1955,1955,1881,1893,36746,-0.024226804123711365
2023-10-05,1893,1911,1852,1852,17269,-0.02165874273639723
2023-10-06,1872,1877,1853,1865,7313,0.007019438444924475
2023-10-10,1872,1883,1800,1859,13549,-0.0032171581769436797
2023-10-11,1837,1883,1764,1869,28108,0.005379236148467026
2023-10-12,1869,1907,1825,1884,13083,0.008025682182985605
2023-10-13,1884,1898,1856,1889,17757,0.002653927813163426
2023-10-16,1881,1881,1836,1876,15670,-0.006881948120698755
2023-10-17,1876,1893,1860,1888,12026,0.006396588486140775
2023-10-18,1887,1890,1868,1881,8069,-0.00370762711864403
2023-10-19,1870,1871,1820,1857,11692,-0.012759170653907526
2023-10-20,1838,1856,1819,1848,21384,-0.004846526655896577
2023-10-23,1840,1858,1835,1845,29439,-0.0016233766233766378
2023-10-24,1846,1848,1770,1831,17420,-0.007588075880758827
2023-10-25,1831,1874,1828,1873,21949,0.02293828509011475
2023-10-26,1867,1872,1843,1848,7336,-0.013347570742124892
2023-10-27,1848,1873,1751,1825,23029,-0.012445887445887482
2023-10-30,1824,1839,1705,1834,30050,0.004931506849314982
2023-10-31,1834,1841,1802,1826,17842,-0.004362050163576936
2023-11-01,1828,1834,1811,1824,17439,-0.0010952902519167917
2023-11-02,1824,1826,1800,1823,23657,-0.0005482456140351033
2023-11-03,1825,1847,1816,1833,21362,0.005485463521667677
2023-11-06,1841,1864,1841,1864,37643,0.01691216584833599
2023-11-07,1865,1887,1846,1887,26502,0.012339055793991527
2023-11-08,1891,1962,1891,1962,33085,0.03974562798092207
2023-11-09,1962,2200,1962,2060,148288,0.049949031600407645
2023-11-10,2040,2060,1952,2020,33605,-0.01941747572815533
2023-11-13,2020,2045,1895,1905,20604,-0.05693069306930698
2023-11-14,1905,1938,1861,1861,21619,-0.023097112860892444
2023-11-15,1901,1971,1870,1971,39566,0.05910800644814618
2023-11-16,1960,2100,1943,2015,90584,0.022323693556570268
2023-11-17,2020,2030,1994,1994,32274,-0.01042183622828785
2023-11-20,1978,2015,1975,1983,28810,-0.005516549648946878
2023-11-21,1983,1985,1909,1935,58203,-0.024205748865355536
2023-11-22,1935,1950,1933,1946,21034,0.00568475452196382
2023-11-23,1946,1955,1945,1953,17575,0.003597122302158251
2023-11-24,1953,2030,1953,2030,51368,0.03942652329749108
2023-11-27,2025,2060,1998,2010,24459,-0.009852216748768461
2023-11-28,2010,2020,1981,2020,27219,0.004975124378109541
2023-11-29,2020,2125,1993,2050,76626,0.014851485148514865
2023-11-30,2045,2075,2010,2070,32350,0.009756097560975618
2023-12-01,2070,2080,1990,2050,21488,-0.009661835748792313
2023-12-04,2050,2055,1997,2045,23783,-0.0024390243902439046
2023-12-05,2035,2100,2005,2100,22088,0.02689486552567244
2023-12-06,2075,2170,2075,2130,60934,0.014285714285714235
2023-12-07,2130,2155,2025,2145,37888,0.007042253521126751
2023-12-08,2145,2145,2090,2100,26751,-0.020979020979020935
2023-12-11,2100,2730,2100,2730,2881720,0.30000000000000004
2023-12-12,3005,3295,2685,2735,8254904,0.001831501831501825
2023-12-13,2665,2700,2420,2635,2253097,-0.03656307129798908
2023-12-14,2750,3290,2425,2560,8613951,-0.028462998102466774
2023-12-15,2590,2610,2315,2315,1358198,-0.095703125
2023-12-18,2330,2390,2200,2390,738331,0.03239740820734349
2023-12-19,2295,2305,2240,2270,405950,-0.05020920502092052
2023-12-20,2225,2380,2205,2275,435490,0.0022026431718060735
2023-12-21,2245,2275,2135,2150,355532,-0.05494505494505497
2023-12-22,2140,2220,2125,2180,196375,0.013953488372093092
2023-12-26,2180,2210,2125,2135,141108,-0.020642201834862428
2023-12-27,2145,2245,2120,2245,152047,0.051522248243559776
2023-12-28,2235,2260,2160,2230,139382,-0.006681514476614692
2024-01-02,2220,2265,2195,2255,104193,0.011210762331838486
2024-01-03,2250,2255,2200,2230,140245,-0.011086474501108667
2024-01-04,2225,2225,2145,2160,106809,-0.03139013452914796
2024-01-05,2195,2230,2135,2220,80249,0.02777777777777768
2024-01-08,2220,2250,2175,2205,89143,-0.006756756756756799
2024-01-09,2185,2225,2180,2200,79439,-0.0022675736961451642
2024-01-10,2220,2225,2150,2175,92661,-0.011363636363636354
2024-01-11,2190,2210,2145,2175,118066,0.0
2024-01-12,2185,2185,2030,2075,194562,-0.04597701149425293
2024-01-15,2075,2115,2040,2110,71888,0.01686746987951815
2024-01-16,2110,2130,2040,2065,68169,-0.021327014218009532
2024-01-17,2065,2070,1988,1999,107449,-0.031961259079903104
2024-01-18,1960,2105,1953,2030,91702,0.015507753876938368
2024-01-19,2045,2110,2045,2080,58563,0.024630541871921263
2024-01-22,2080,2160,2080,2115,97084,0.016826923076923128
2024-01-23,2145,2205,2070,2170,140078,0.026004728132387633
2024-01-24,2180,2220,2120,2150,100384,-0.009216589861751112
2024-01-25,2160,2160,2035,2085,128510,-0.03023255813953485
2024-01-26,2085,2160,2070,2125,71662,0.01918465227817756
2024-01-29,2155,2160,2010,2040,99979,-0.040000000000000036
2024-01-30,2040,2085,1999,2020,78447,-0.009803921568627416
2024-01-31,2060,2065,1987,2005,93251,-0.007425742574257432
2024-02-01,1994,2025,1955,2015,85892,0.004987531172069737
2024-02-02,2015,2100,1970,2055,47235,0.01985111662531014
2024-02-05,2030,2055,1993,2000,52346,-0.02676399026763987
2024-02-06,2000,2020,1970,2015,54233,0.007500000000000062
2024-02-07,2045,2080,2005,2070,74661,0.027295285359801413
2024-02-08,2070,2100,2055,2060,43067,-0.004830917874396157
2024-02-13,2095,2100,2025,2035,39991,-0.012135922330097082
2024-02-14,2045,2045,2005,2030,16116,-0.002457002457002422
2024-02-15,2010,2030,1966,1999,122632,-0.015270935960591148
2024-02-16,2010,2020,1993,2005,21302,0.0030015007503751967
2024-02-19,2015,2055,2000,2040,31775,0.0174563591022443
2024-02-20,2120,2120,2000,2015,65679,-0.01225490196078427
2024-02-21,2025,2050,1999,2035,41205,0.00992555831265518
2024-02-22,2045,2045,2000,2005,35291,-0.014742014742014753
2024-02-23,2000,2020,1977,1984,78219,-0.010473815461346625
2024-02-26,1984,1984,1944,1952,92695,-0.016129032258064502
2024-02-27,1978,1986,1891,1941,63103,-0.00563524590163933
2024-02-28,1940,1947,1862,1901,79611,-0.020607934054611032
2024-02-29,1911,1911,1875,1876,54226,-0.013150973172014746
2024-03-04,1876,1900,1860,1886,38579,0.005330490405117239
2024-03-05,1886,1886,1850,1854,41213,-0.016967126193001114
2024-03-06,1828,1878,1828,1852,50930,-0.0010787486515642097
2024-03-07,1852,1950,1850,1879,53598,0.014578833693304594
2024-03-08,1871,1955,1871,1930,117897,0.027142096860031995
2024-03-11,1902,1988,1902,1962,91393,0.01658031088082912
2024-03-12,1957,1957,1903,1915,52667,-0.023955147808358834
2024-03-13,1935,1935,1875,1895,62238,-0.010443864229765065
2024-03-14,1895,1913,1871,1913,37637,0.009498680738786236
2024-03-15,1950,1950,1878,1893,27016,-0.010454783063251427
2024-03-18,1883,1900,1880,1883,21846,-0.005282620179609121
2024-03-19,1910,1910,1871,1891,32627,0.004248539564524645
2024-03-20,1910,1914,1881,1900,38833,0.004759386567953383
2024-03-21,1901,1921,1886,1919,70528,0.010000000000000009
2024-03-22,1919,1971,1901,1966,62563,0.02449192287649815
2024-03-25,1964,1993,1952,1970,55306,0.0020345879959309254
2024-03-26,1973,1992,1956,1970,76610,0.0
2024-03-27,2000,2000,1946,1970,31226,0.0
2024-03-28,1970,1970,1951,1966,36086,-0.0020304568527919065
2024-03-29,1960,1965,1940,1940,14140,-0.01322482197355035
2024-04-01,1940,1949,1850,1898,53234,-0.02164948453608251
2024-04-02,1898,1898,1880,1880,22489,-0.009483667017913588
2024-04-03,1880,1899,1830,1867,36593,-0.006914893617021245
2024-04-04,1865,1865,1845,1846,28881,-0.0112479914301018
2024-04-05,1852,1852,1828,1836,46682,-0.005417118093174467
2024-04-08,1827,1836,1801,1801,27333,-0.019063180827886717
2024-04-09,1801,1812,1800,1805,14719,0.002220988339811214
2024-04-11,1805,1805,1784,1784,11883,-0.011634349030470892
2024-04-12,1780,1791,1777,1785,37731,0.0005605381165918466
2024-04-15,1784,1784,1721,1758,43765,-0.015126050420168013
2024-04-16,1756,1756,1721,1731,22036,-0.015358361774744034
2024-04-17,1727,1752,1727,1735,24019,0.0023108030040439598
2024-04-18,1750,1760,1735,1748,28991,0.007492795389048901
2024-04-19,1770,1770,1733,1748,11853,0.0
2024-04-22,1750,1775,1746,1761,12325,0.007437070938214996
2024-04-23,1769,1784,1765,1781,26612,0.011357183418512218
2024-04-24,1800,1800,1777,1781,15122,0.0
2024-04-25,1781,1794,1750,1763,16650,-0.010106681639528325
2024-04-26,1754,1816,1754,1773,21952,0.005672149744753163
2024-04-29,1788,1788,1768,1773,38403,0.0
2024-04-30,1788,1788,1771,1775,21352,0.0011280315848842815
2024-05-02,1779,1780,1766,1779,33688,0.0022535211267604716
2024-05-03,1785,1805,1784,1804,24972,0.014052838673412005
2024-05-07,1804,1819,1804,1819,18053,0.008314855875831473
2024-05-08,1820,1840,1811,1834,21818,0.008246289169873577
2024-05-09,1836,1922,1836,1921,98022,0.04743729552889864
2024-05-10,1910,2020,1910,2020,157333,0.05153565851119213
2024-05-13,2020,2045,1961,1977,86907,-0.021287128712871306
2024-05-14,1984,1984,1933,1948,38231,-0.01466868993424375
2024-05-16,1954,1970,1912,1920,75578,-0.014373716632443578
2024-05-17,1885,1917,1869,1914,49527,-0.0031250000000000444
