Date,Open,High,Low,Close,Volume,Change
2022-01-03,2490,2550,2490,2550,307052,0.024096385542168752
2022-01-04,2550,2610,2515,2590,520491,0.015686274509803866
2022-01-05,2620,2620,2510,2510,321639,-0.030888030888030937
2022-01-06,2550,2645,2495,2560,542935,0.019920318725099584
2022-01-07,2600,2655,2530,2575,332031,0.005859375
2022-01-10,2610,2615,2510,2535,150747,-0.01553398058252431
2022-01-11,2540,2560,2420,2465,177995,-0.027613412228796874
2022-01-12,2470,2600,2470,2550,150592,0.034482758620689724
2022-01-13,2570,2570,2505,2520,74203,-0.0117647058823529
2022-01-14,2520,2530,2435,2460,85814,-0.023809523809523836
2022-01-17,2495,2830,2435,2615,3348973,0.0630081300813008
2022-01-18,2625,2630,2505,2515,294975,-0.03824091778202676
2022-01-19,2520,2575,2450,2455,238404,-0.02385685884691846
2022-01-20,2455,2500,2425,2425,154688,-0.012219959266802416
2022-01-21,2400,2500,2390,2475,202037,0.020618556701030855
2022-01-24,2460,2475,2340,2385,185367,-0.036363636363636376
2022-01-25,2385,2385,2245,2260,281325,-0.052410901467505266
2022-01-26,2285,2300,2180,2230,158284,-0.013274336283185861
2022-01-27,2205,2245,2105,2125,279096,-0.047085201793722
2022-01-28,2125,2190,2095,2170,123913,0.021176470588235352
2022-02-03,2205,2320,2205,2315,147873,0.06682027649769595
2022-02-04,2310,2375,2290,2370,98533,0.023758099352051865
2022-02-07,2405,2405,2315,2340,75588,-0.012658227848101222
2022-02-08,2340,2395,2205,2325,114429,-0.0064102564102563875
2022-02-09,2330,2370,2305,2355,137253,0.012903225806451646
2022-02-10,2355,2380,2320,2365,91299,0.00424628450106157
2022-02-11,2325,2380,2290,2300,114500,-0.02748414376321351
2022-02-14,2300,2300,2230,2230,123184,-0.0304347826086957
2022-02-15,2205,2300,2190,2200,99956,-0.013452914798206317
2022-02-16,2250,2285,2205,2270,78809,0.031818181818181746
2022-02-17,2270,2340,2270,2310,132241,0.017621145374449254
2022-02-18,2285,2355,2240,2355,83870,0.01948051948051943
2022-02-21,2310,2355,2300,2325,49725,-0.01273885350318471
2022-02-22,2250,2325,2250,2255,76178,-0.03010752688172047
2022-02-23,2255,2285,2240,2255,52978,0.0
2022-02-24,2215,2245,2150,2185,174094,-0.03104212860310418
2022-02-25,2185,2220,2170,2185,78737,0.0
2022-02-28,2185,2205,2135,2150,101051,-0.016018306636155555
2022-03-02,2150,2185,2135,2180,48430,0.013953488372093092
2022-03-03,2245,2565,2210,2265,1036398,0.03899082568807333
2022-03-04,2275,2295,2220,2235,121919,-0.013245033112582738
2022-03-07,2200,2230,2140,2155,204185,-0.03579418344519014
2022-03-08,2125,2200,2100,2140,197030,-0.00696055684454755
2022-03-10,2180,2245,2160,2165,104078,0.011682242990654235
2022-03-11,2165,2205,2135,2175,109147,0.004618937644341736
2022-03-14,2175,2220,2135,2185,138438,0.0045977011494253706
2022-03-15,2165,2205,2165,2190,39008,0.0022883295194509046
2022-03-16,2205,2225,2185,2220,87854,0.013698630136986356
2022-03-17,2245,2275,2225,2240,80340,0.009009009009008917
2022-03-18,2245,2250,2200,2240,69081,0.0
2022-03-21,2245,2285,2220,2245,191307,0.0022321428571427937
2022-03-22,2225,2260,2225,2240,55754,-0.00222717149220486
2022-03-23,2255,2270,2215,2255,200917,0.006696428571428603
2022-03-24,2255,2280,2240,2260,79103,0.0022172949002217113
2022-03-25,2250,2580,2230,2305,2523676,0.019911504424778848
2022-03-28,2310,2455,2285,2385,822113,0.03470715835141003
2022-03-29,2470,2470,2385,2385,275842,0.0
2022-03-30,2385,2385,2320,2385,203148,0.0
2022-03-31,2365,2495,2365,2450,281990,0.027253668763102645
2022-04-01,2450,2460,2400,2445,146599,-0.0020408163265306367
2022-04-04,2460,2460,2420,2450,119352,0.002044989775051187
2022-04-05,2465,2465,2410,2430,98358,-0.008163265306122436
2022-04-06,2425,2440,2390,2400,85364,-0.012345679012345734
2022-04-07,2365,2400,2325,2345,85371,-0.022916666666666696
2022-04-08,2335,2375,2325,2360,84827,0.006396588486140775
2022-04-11,2365,2395,2335,2355,56391,-0.0021186440677966045
2022-04-12,2355,2360,2280,2330,72517,-0.010615711252653925
2022-04-13,2330,2850,2305,2610,8806923,0.12017167381974247
2022-04-14,2800,3115,2675,2790,20519680,0.06896551724137923
2022-04-15,2800,3405,2765,3050,23357732,0.09318996415770608
2022-04-18,3195,3320,3025,3135,6383255,0.02786885245901649
2022-04-19,3050,3210,3020,3045,3092459,-0.028708133971291905
2022-04-20,3045,3115,3005,3070,1273237,0.008210180623973828
2022-04-21,3025,3230,2895,3015,3801147,-0.01791530944625408
2022-04-22,3045,3170,2975,3075,2047182,0.01990049751243772
2022-04-25,3170,3190,2975,3000,1326000,-0.024390243902439046
2022-04-26,3005,3300,3005,3110,4236572,0.036666666666666625
2022-04-27,3010,3155,3010,3155,1378797,0.014469453376205754
2022-04-28,3155,3245,3095,3245,1728380,0.028526148969889142
2022-04-29,3250,3320,3160,3285,1532404,0.012326656394453073
2022-05-02,3240,3340,3220,3320,1127068,0.010654490106544845
2022-05-03,3290,3320,3150,3175,939325,-0.04367469879518071
2022-05-04,3145,3350,3105,3140,1615476,-0.011023622047244053
2022-05-06,3030,3295,3030,3250,3874465,0.035031847133758065
2022-05-09,3470,3560,2755,2775,6504402,-0.1461538461538462
2022-05-10,2730,2790,2575,2600,1278694,-0.06306306306306309
2022-05-11,2640,2670,2525,2525,674662,-0.028846153846153855
2022-05-12,2475,2545,2405,2440,802061,-0.03366336633663369
2022-05-13,2460,2600,2405,2600,694305,0.06557377049180335
2022-05-16,2565,2740,2550,2725,1161459,0.04807692307692313
2022-05-17,2685,2720,2535,2605,809198,-0.044036697247706424
2022-05-18,2590,2595,2500,2540,818900,-0.0249520153550864
2022-05-19,2480,2520,2380,2380,515782,-0.06299212598425197
2022-05-20,2375,2510,2370,2505,621880,0.05252100840336138
2022-05-23,2500,2515,2420,2500,331805,-0.001996007984031989
2022-05-24,2510,2645,2450,2490,939691,-0.0040000000000000036
2022-05-25,2500,2630,2455,2530,1999072,0.016064257028112428
2022-05-26,2520,2665,2515,2555,661804,0.009881422924901129
2022-05-27,2575,2620,2550,2575,309442,0.007827788649706457
2022-05-30,2580,2645,2575,2580,255305,0.001941747572815622
2022-05-31,2570,2605,2555,2590,226684,0.003875968992248069
2022-06-02,2605,3185,2525,2880,19970293,0.11196911196911197
2022-06-03,2875,2925,2780,2800,2110880,-0.02777777777777779
2022-06-07,2760,2780,2715,2730,697934,-0.025000000000000022
2022-06-08,2720,2750,2650,2660,594563,-0.02564102564102566
2022-06-09,2630,2675,2560,2575,641385,-0.03195488721804507
2022-06-10,2560,2935,2530,2770,12733779,0.07572815533980592
2022-06-13,2680,2795,2540,2590,2165701,-0.06498194945848379
2022-06-14,2510,2595,2400,2460,1233542,-0.050193050193050204
2022-06-15,2500,2725,2500,2540,2875982,0.03252032520325199
2022-06-16,2555,2665,2515,2515,957412,-0.009842519685039353
2022-06-17,2430,2495,2380,2460,601439,-0.021868787276341894
2022-06-20,2460,2485,2280,2335,949451,-0.05081300813008127
2022-06-21,2325,2375,2305,2350,714799,0.0064239828693790635
2022-06-22,2345,2385,2245,2330,717722,-0.008510638297872353
2022-06-23,2285,2350,2200,2220,677489,-0.047210300429184504
2022-06-24,2175,2290,2175,2245,412223,0.011261261261261257
2022-06-27,2250,2350,2225,2320,501599,0.03340757238307357
2022-06-28,2345,2345,2275,2305,160387,-0.006465517241379337
2022-06-29,2270,2290,2245,2260,119975,-0.0195227765726681
2022-06-30,2245,2275,2220,2220,108768,-0.017699115044247815
2022-07-01,2220,2245,2140,2180,164934,-0.018018018018018056
2022-07-04,2305,2440,2205,2205,637487,0.011467889908256979
2022-07-05,2205,2250,2170,2240,172614,0.015873015873015817
2022-07-06,2250,2275,2190,2235,134526,-0.0022321428571429047
2022-07-07,2245,2290,2235,2265,81242,0.01342281879194629
2022-07-08,2270,2295,2245,2250,141314,-0.0066225165562914245
2022-07-11,2255,2275,2205,2230,109597,-0.008888888888888835
2022-07-12,2230,2240,2060,2180,203303,-0.022421524663677084
2022-07-13,2165,2270,2160,2225,111970,0.020642201834862428
2022-07-14,2225,2245,2170,2240,72967,0.006741573033707926
2022-07-15,2240,2250,2170,2205,55070,-0.015625
2022-07-18,2235,2235,2200,2210,102577,0.0022675736961450532
2022-07-19,2200,2270,2200,2235,180897,0.011312217194570096
2022-07-20,2265,2290,2235,2260,90569,0.01118568232662187
2022-07-21,2260,2295,2245,2275,98355,0.006637168141592875
2022-07-22,2275,2275,2200,2215,143845,-0.02637362637362639
2022-07-25,2220,2320,2210,2275,158952,0.02708803611738153
2022-07-26,2280,2335,2275,2300,121811,0.01098901098901095
2022-07-27,2300,2320,2285,2315,58232,0.006521739130434856
2022-07-28,2320,2345,2300,2330,163749,0.00647948164146861
2022-07-29,2335,2355,2295,2325,120266,-0.0021459227467811592
2022-08-01,2325,2340,2295,2325,105065,0.0
2022-08-02,2325,2425,2295,2325,435255,0.0
2022-08-03,2315,2345,2305,2320,141336,-0.0021505376344086446
2022-08-04,2335,2340,2315,2330,93550,0.004310344827586299
2022-08-05,2340,2355,2320,2325,217609,-0.0021459227467811592
2022-08-08,2325,2350,2315,2325,76857,0.0
2022-08-09,2325,2340,2305,2325,119941,0.0
2022-08-10,2325,2345,2305,2315,143686,-0.004301075268817178
2022-08-11,2340,2450,2305,2315,658541,0.0
2022-08-12,2310,2315,2245,2280,253092,-0.015118790496760237
2022-08-16,2280,2300,2265,2265,108842,-0.006578947368421018
2022-08-17,2270,2270,2215,2220,122619,-0.019867549668874163
2022-08-18,2220,2255,2190,2235,79789,0.006756756756756799
2022-08-19,2235,2265,2230,2240,51581,0.0022371364653244186
2022-08-22,2235,2235,2180,2185,107059,-0.024553571428571397
2022-08-23,2170,2215,2145,2170,179279,-0.006864988558352381
2022-08-24,2140,2205,2140,2200,120968,0.01382488479262678
2022-08-25,2215,2390,2195,2245,1973542,0.020454545454545503
2022-08-26,2245,2270,2230,2240,179416,-0.00222717149220486
2022-08-29,2185,2200,2145,2165,180867,-0.033482142857142905
2022-08-30,2180,2215,2165,2200,81718,0.01616628175519641
2022-08-31,2170,2215,2170,2195,64900,-0.002272727272727315
2022-09-01,2190,2220,2180,2190,167472,-0.002277904328018221
2022-09-02,2175,2270,2175,2200,129518,0.004566210045662045
2022-09-05,2200,2225,2165,2200,156790,0.0
2022-09-06,2200,2215,2185,2190,77253,-0.004545454545454519
2022-09-07,2205,2205,2115,2145,139596,-0.020547945205479423
2022-09-08,2155,2205,2145,2175,153554,0.013986013986013957
2022-09-13,2195,2205,2160,2195,76700,0.009195402298850519
2022-09-14,2155,2365,2140,2205,1443983,0.004555808656036442
2022-09-15,2200,2250,2190,2195,203394,-0.0045351473922902175
2022-09-16,2210,2270,2165,2175,235483,-0.009111617312072884
2022-09-19,2160,2210,2140,2160,170305,-0.006896551724137945
2022-09-20,2160,2210,2160,2165,180256,0.0023148148148148806
2022-09-21,2165,2200,2145,2150,107143,-0.006928406466512715
2022-09-22,2150,2150,2020,2025,389341,-0.05813953488372092
2022-09-23,2025,2050,1950,1965,266342,-0.029629629629629672
2022-09-26,1955,1955,1760,1820,393130,-0.07379134860050895
2022-09-27,1765,1890,1735,1820,294893,0.0
2022-09-28,1855,1855,1680,1700,273079,-0.06593406593406592
2022-09-29,1710,1755,1685,1685,131083,-0.008823529411764675
2022-09-30,1630,1695,1625,1690,125390,0.0029673590504450953
2022-10-04,1705,1775,1690,1750,186586,0.035502958579881616
2022-10-05,1765,1780,1680,1695,115258,-0.03142857142857147
2022-10-06,1705,1760,1705,1755,58584,0.03539823008849563
2022-10-07,1745,1765,1700,1745,34917,-0.005698005698005715
2022-10-11,1695,1700,1600,1605,155865,-0.08022922636103147
2022-10-12,1585,1620,1510,1590,137141,-0.009345794392523366
2022-10-13,1575,1600,1420,1425,620476,-0.10377358490566035
2022-10-14,1470,1520,1440,1505,119464,0.056140350877192935
2022-10-17,1495,1695,1470,1585,265033,0.0531561461794019
2022-10-18,1625,1655,1600,1655,65128,0.04416403785488954
2022-10-19,1675,1715,1640,1670,104726,0.009063444108761365
2022-10-20,1670,2040,1655,1820,7375274,0.08982035928143706
2022-10-21,1820,1945,1775,1805,1564429,-0.008241758241758212
2022-10-24,1825,1960,1800,1830,1358332,0.013850415512465464
2022-10-25,1845,1945,1840,1895,1313045,0.03551912568306004
2022-10-26,1895,1900,1830,1840,507988,-0.02902374670184693
2022-10-27,1835,1925,1785,1845,454015,0.0027173913043478937
2022-10-28,1845,1905,1825,1845,181593,0.0
2022-10-31,1855,1910,1825,1905,371575,0.03252032520325199
2022-11-01,1910,1930,1880,1895,306828,-0.005249343832021025
2022-11-02,1890,1915,1880,1900,385508,0.0026385224274405594
2022-11-03,1880,1915,1855,1890,215842,-0.0052631578947368585
2022-11-04,1900,1940,1870,1905,606324,0.007936507936507908
2022-11-07,1905,1910,1880,1895,182977,-0.005249343832021025
2022-11-08,1905,1920,1880,1905,326068,0.005277044854881341
2022-11-09,1910,1920,1885,1905,487571,0.0
2022-11-10,1905,1945,1870,1895,465094,-0.005249343832021025
2022-11-11,1910,1950,1890,1905,540001,0.005277044854881341
2022-11-14,1920,1985,1905,1970,438046,0.034120734908136496
2022-11-15,1970,1975,1935,1975,122617,0.002538071065989911
2022-11-16,1975,1975,1915,1930,179599,-0.02278481012658229
2022-11-17,1920,1950,1910,1920,138437,-0.005181347150259086
2022-11-18,1900,1920,1895,1895,132315,-0.01302083333333337
2022-11-21,1900,1905,1780,1830,183499,-0.03430079155672827
2022-11-22,1825,1870,1815,1835,96544,0.002732240437158362
2022-11-23,1860,1920,1830,1880,286531,0.02452316076294281
2022-11-24,1910,1910,1870,1905,167203,0.013297872340425565
2022-11-25,1905,1915,1880,1900,176007,-0.002624671916010457
2022-11-28,1915,1930,1875,1895,300805,-0.0026315789473684292
2022-11-29,1875,1920,1865,1890,270025,-0.0026385224274406704
2022-11-30,1885,1915,1885,1900,325959,0.005291005291005346
2022-12-01,1905,1960,1905,1950,283206,0.026315789473684292
2022-12-02,1970,2280,1940,2190,8763256,0.12307692307692308
2022-12-05,2135,2645,2135,2450,16208994,0.11872146118721472
2022-12-06,2430,2550,2370,2400,5025809,-0.020408163265306145
2022-12-07,2300,2420,2250,2295,1889720,-0.043749999999999956
2022-12-08,2285,2305,2195,2210,1102194,-0.03703703703703709
2022-12-09,2210,2300,2155,2250,1184798,0.018099547511312153
2022-12-12,2250,2340,2190,2200,637526,-0.022222222222222254
2022-12-13,2215,2260,2145,2170,515366,-0.013636363636363669
2022-12-14,2160,2235,2110,2200,323895,0.01382488479262678
2022-12-15,2185,2270,2165,2235,326448,0.015909090909090873
2022-12-16,2220,2270,2150,2155,316801,-0.03579418344519014
2022-12-19,2140,2220,2130,2205,219743,0.023201856148491906
2022-12-20,2165,2205,2080,2095,304243,-0.049886621315192725
2022-12-21,2085,2150,2070,2120,280381,0.01193317422434359
2022-12-22,2120,2290,2100,2265,1005175,0.06839622641509435
2022-12-23,2215,2300,2105,2180,764475,-0.03752759381898452
2022-12-26,2180,2185,2080,2080,283183,-0.04587155963302747
2022-12-27,2085,2190,2075,2150,208646,0.033653846153846256
2022-12-28,2125,2275,2100,2185,427963,0.016279069767441756
2022-12-29,2185,2270,2110,2150,393143,-0.016018306636155555
2023-01-02,2150,2225,2090,2130,376102,-0.009302325581395321
2023-01-03,2145,2145,1990,2080,567308,-0.023474178403755874
2023-01-04,2060,2110,2050,2105,161714,0.012019230769230838
2023-01-05,2110,2220,2095,2105,337322,0.0
2023-01-06,2140,2140,2090,2130,260222,0.01187648456057011
2023-01-09,2180,2205,2110,2150,191426,0.009389671361502261
2023-01-10,2140,2285,2140,2205,795487,0.0255813953488373
2023-01-11,2210,2620,2205,2360,14521769,0.07029478458049887
2023-01-12,2370,2430,2275,2330,1510950,-0.012711864406779627
2023-01-13,2315,2390,2295,2305,1317555,-0.010729613733905574
2023-01-16,2295,2340,2250,2300,322788,-0.002169197396963085
2023-01-17,2285,2325,2235,2280,457418,-0.008695652173912993
2023-01-18,2280,2295,2245,2265,231080,-0.006578947368421018
2023-01-19,2265,2270,2210,2235,167868,-0.013245033112582738
2023-01-20,2205,2270,2205,2270,169813,0.015659955257270708
2023-01-25,2265,2325,2250,2310,313141,0.017621145374449254
2023-01-26,2320,2345,2300,2305,344353,-0.0021645021645021467
2023-01-27,2320,2335,2285,2325,193442,0.008676789587852562
2023-01-30,2325,2345,2300,2325,249491,0.0
2023-01-31,2350,2350,2315,2315,249104,-0.004301075268817178
2023-02-01,2345,2345,2265,2285,279185,-0.01295896328293733
2023-02-02,2285,2320,2270,2300,170654,0.006564551422319376
2023-02-03,2300,2370,2280,2370,346803,0.0304347826086957
2023-02-06,2370,2375,2305,2325,288371,-0.01898734177215189
2023-02-07,2305,2335,2290,2310,154548,-0.006451612903225823
2023-02-08,2325,2325,2290,2310,166816,0.0
2023-02-09,2300,2320,2200,2210,462983,-0.04329004329004327
2023-02-10,2185,2200,2100,2150,334883,-0.02714932126696834
2023-02-13,2165,2165,2125,2135,147932,-0.006976744186046546
2023-02-14,2160,2215,2145,2190,133825,0.025761124121779888
2023-02-15,2190,2495,2150,2195,5341412,0.0022831050228311334
2023-02-16,2225,2270,2210,2225,516555,0.013667425968109326
2023-02-17,2195,2230,2180,2215,247832,-0.004494382022471877
2023-02-20,2210,2265,2200,2225,171957,0.004514672686230181
2023-02-21,2220,2265,2220,2250,201641,0.011235955056179803
2023-02-22,2230,2240,2185,2215,194090,-0.015555555555555545
2023-02-23,2220,2240,2205,2215,95401,0.0
2023-02-24,2205,2215,2150,2160,187612,-0.02483069977426633
2023-02-27,2165,2165,2115,2140,128709,-0.0092592592592593
2023-02-28,2140,2195,2130,2180,186222,0.01869158878504673
2023-03-02,2200,2255,2150,2220,197859,0.0183486238532109
2023-03-03,2190,2380,2190,2275,1354549,0.024774774774774855
2023-03-06,2275,2570,2275,2415,8465306,0.06153846153846154
2023-03-07,2405,2740,2375,2550,7616731,0.05590062111801242
2023-03-08,2505,2900,2500,2720,14104719,0.06666666666666665
2023-03-09,2715,3140,2670,2900,14702106,0.06617647058823528
2023-03-10,2870,2955,2755,2800,1936390,-0.03448275862068961
2023-03-13,2710,2825,2700,2735,962202,-0.023214285714285743
2023-03-14,2755,2755,2550,2570,1005711,-0.06032906764168189
2023-03-15,2650,2815,2630,2800,1218629,0.08949416342412442
2023-03-16,2750,2850,2720,2740,665433,-0.021428571428571463
2023-03-17,2750,2880,2720,2855,734110,0.04197080291970812
2023-03-20,2855,2855,2760,2785,354166,-0.024518388791593737
2023-03-21,2845,2845,2770,2780,330302,-0.0017953321364452268
2023-03-22,2780,2825,2685,2705,334299,-0.026978417266187105
2023-03-23,2675,2740,2620,2655,352579,-0.01848428835489835
2023-03-24,2670,2690,2610,2630,291316,-0.00941619585687381
2023-03-27,2620,2710,2545,2690,357106,0.02281368821292773
2023-03-28,2750,2770,2665,2690,299947,0.0
2023-03-29,2675,2850,2675,2775,610665,0.03159851301115246
2023-03-30,2790,2805,2725,2755,251199,-0.007207207207207245
2023-03-31,2765,2775,2540,2595,826145,-0.05807622504537202
2023-04-03,2595,2665,2580,2630,182681,0.01348747591522148
2023-04-04,2630,2670,2600,2625,152480,-0.0019011406844106071
2023-04-05,2630,2735,2600,2685,233718,0.02285714285714291
2023-04-06,2670,2715,2605,2625,158422,-0.022346368715083775
2023-04-07,2665,2670,2630,2660,100484,0.01333333333333342
2023-04-10,2660,2675,2490,2505,374336,-0.05827067669172936
2023-04-11,2490,2575,2475,2565,154190,0.0239520958083832
2023-04-12,2565,2625,2530,2590,155623,0.00974658869395717
2023-04-13,2575,3110,2530,2930,7859504,0.13127413127413123
2023-04-14,2880,3030,2835,2910,2528654,-0.0068259385665528916
2023-04-17,2890,2985,2865,2905,607884,-0.0017182130584192379
2023-04-18,2935,3015,2865,2995,871765,0.030981067125645412
2023-04-19,2960,3035,2955,2975,617409,-0.006677796327211993
2023-04-20,2990,3365,2895,2960,6667517,-0.005042016806722671
2023-04-21,2960,2960,2825,2845,772482,-0.038851351351351315
2023-04-24,2845,2885,2735,2765,493612,-0.02811950790861162
2023-04-25,2765,2960,2765,2850,807867,0.030741410488245968
2023-04-26,2850,2975,2800,2820,607903,-0.010526315789473717
2023-04-27,2835,2855,2765,2825,208292,0.0017730496453900457
2023-04-28,2855,2915,2815,2890,373528,0.023008849557522026
2023-05-02,2830,3045,2830,2955,613416,0.02249134948096887
2023-05-03,2950,3115,2935,3020,844926,0.021996615905245376
2023-05-04,3025,3230,2975,3070,2441624,0.01655629139072845
2023-05-08,3080,3105,2985,3005,446676,-0.021172638436482094
2023-05-09,3005,3090,2985,2990,494749,-0.004991680532445919
2023-05-10,2990,3080,2990,3035,316950,0.015050167224080369
2023-05-11,3045,3125,3020,3065,447123,0.009884678747940745
2023-05-12,3045,3065,2980,3015,339397,-0.01631321370309946
2023-05-15,2990,3025,2945,2945,305130,-0.023217247097844118
2023-05-16,2910,2940,2790,2790,557971,-0.052631578947368474
2023-05-17,2785,2840,2700,2765,372438,-0.008960573476702538
2023-05-18,2770,2840,2750,2780,220453,0.005424954792043302
2023-05-19,2840,2850,2780,2800,157905,0.007194244604316502
2023-05-22,2800,2835,2775,2825,125922,0.008928571428571397
2023-05-23,2845,2845,2765,2805,262681,-0.0070796460176991705
2023-05-24,2780,2850,2780,2820,111281,0.005347593582887722
2023-05-25,2835,2925,2810,2845,244279,0.00886524822695045
2023-05-26,2850,2855,2775,2815,168428,-0.010544815465729385
2023-05-30,2835,2850,2800,2835,160525,0.007104795737122638
2023-05-31,2830,2875,2820,2820,98283,-0.005291005291005346
2023-06-01,2825,2845,2795,2800,132553,-0.007092198581560294
2023-06-02,2820,2900,2800,2885,191156,0.03035714285714275
2023-06-05,2905,2920,2865,2870,142812,-0.005199306759098743
2023-06-07,2870,2905,2855,2890,130968,0.006968641114982521
2023-06-08,2900,2915,2815,2820,184472,-0.02422145328719727
2023-06-09,2820,2870,2820,2840,89738,0.007092198581560183
2023-06-12,2845,2865,2810,2850,99155,0.0035211267605634866
2023-06-13,2850,2900,2825,2835,133321,-0.0052631578947368585
2023-06-14,2825,2840,2690,2715,367001,-0.042328042328042326
2023-06-15,2715,2735,2625,2630,263178,-0.03130755064456725
2023-06-16,2630,2670,2580,2595,281360,-0.013307984790874472
2023-06-19,2630,2630,2495,2595,396054,0.0
2023-06-20,2655,2660,2555,2585,196370,-0.003853564547206201
2023-06-21,2565,2630,2565,2600,107324,0.005802707930367523
2023-06-22,2600,2625,2550,2560,104107,-0.01538461538461533
2023-06-23,2600,2610,2500,2530,119810,-0.01171875
2023-06-26,2530,2590,2510,2530,78538,0.0
2023-06-27,2505,2575,2505,2550,146174,0.007905138339920903
2023-06-28,2555,2585,2525,2530,82593,-0.007843137254901933
2023-06-29,2535,2535,2400,2430,229699,-0.03952569169960474
2023-06-30,2430,2470,2420,2445,52807,0.006172839506172867
2023-07-03,2450,2520,2450,2515,89303,0.02862985685071573
2023-07-04,2550,2550,2480,2500,116168,-0.005964214711729587
2023-07-05,2465,2485,2400,2430,259261,-0.028000000000000025
2023-07-06,2430,2430,2360,2380,117767,-0.020576131687242816
2023-07-07,2360,2385,2320,2360,140716,-0.008403361344537785
2023-07-10,2340,2400,2320,2385,85321,0.010593220338983134
2023-07-11,2365,2395,2360,2385,86128,0.0
2023-07-12,2370,2425,2370,2370,76838,-0.0062893081761006275
2023-07-13,2390,2445,2140,2300,681151,-0.029535864978902926
2023-07-14,2320,2350,2270,2330,132055,0.01304347826086949
2023-07-17,2310,2375,2295,2355,202341,0.010729613733905685
2023-07-18,2355,2370,2300,2315,145319,-0.01698513800424628
2023-07-19,2315,2350,2260,2335,129323,0.008639308855291628
2023-07-20,2350,2350,2290,2335,71736,0.0
2023-07-21,2330,2435,2295,2310,137143,-0.010706638115631661
2023-07-24,2310,2365,2190,2220,409709,-0.038961038961038974
2023-07-25,2220,2225,2120,2120,457465,-0.04504504504504503
2023-07-26,2130,2135,1970,2060,517972,-0.028301886792452824
2023-07-27,2030,2190,2030,2145,190061,0.04126213592233019
2023-07-28,2115,2220,2115,2180,134579,0.01631701631701632
2023-07-31,2180,2215,2150,2215,76265,0.016055045871559592
2023-08-01,2215,2230,2185,2195,66130,-0.009029345372460473
2023-08-02,2200,2250,2165,2175,130014,-0.009111617312072884
2023-08-03,2175,2215,2140,2195,77875,0.009195402298850519
2023-08-04,2200,2685,2195,2395,10647939,0.09111617312072884
2023-08-07,2365,2795,2320,2670,5112709,0.1148225469728601
2023-08-08,2655,2715,2535,2550,942789,-0.0449438202247191
2023-08-09,2600,2705,2535,2630,1236127,0.031372549019607954
2023-08-10,2625,2725,2590,2605,636300,-0.009505703422053258
2023-08-11,2625,2845,2605,2755,2084523,0.05758157389635321
2023-08-14,2755,2810,2675,2745,696117,-0.003629764065335772
2023-08-16,2715,2805,2645,2705,1067122,-0.014571948998178486
2023-08-17,2680,2705,2485,2540,637170,-0.060998151571164505
2023-08-18,2510,2540,2445,2510,408968,-0.011811023622047223
2023-08-21,2500,2740,2460,2620,1126488,0.043824701195219085
2023-08-22,2615,2620,2550,2585,302065,-0.013358778625954248
2023-08-23,2585,2825,2580,2740,2011564,0.05996131528046411
2023-08-24,2710,2925,2695,2870,1240856,0.04744525547445266
2023-08-25,2875,3040,2725,2775,2168426,-0.0331010452961672
2023-08-28,2870,3185,2850,3105,10229309,0.11891891891891881
2023-08-29,3100,3140,2955,2985,1625300,-0.03864734299516903
2023-08-30,2985,3010,2905,2905,871364,-0.02680067001675046
2023-08-31,2920,2925,2800,2800,722839,-0.03614457831325302
2023-09-01,2830,2955,2815,2870,763597,0.02499999999999991
2023-09-04,2890,2970,2860,2940,625563,0.024390243902439046
2023-09-05,2995,3150,2950,3070,2580469,0.04421768707482987
2023-09-06,3100,3595,3015,3440,9851911,0.12052117263843654
2023-09-07,3365,3460,3140,3160,2264688,-0.08139534883720934
2023-09-08,3230,3280,3145,3195,1220050,0.011075949367088667
2023-09-11,3225,3390,3200,3305,1796479,0.03442879499217533
2023-09-12,3310,3425,3120,3165,1272142,-0.04236006051437213
2023-09-13,3175,3220,3075,3095,566055,-0.02211690363349128
2023-09-14,3060,3145,3020,3075,510932,-0.00646203554119551
2023-09-15,3075,3300,3070,3130,1015480,0.01788617886178856
2023-09-18,3125,3280,3095,3145,590520,0.004792332268370503
2023-09-19,3170,3190,2855,2860,1078835,-0.09062003179650235
2023-09-20,2895,2995,2830,2895,595423,0.012237762237762295
2023-09-21,2920,2925,2800,2815,628249,-0.02763385146804831
2023-09-22,3020,3150,2810,2840,3642248,0.008880994671403242
2023-09-25,2815,3370,2815,3025,7628475,0.0651408450704225
2023-09-26,2995,3185,2810,2925,2073371,-0.03305785123966942
2023-09-27,2600,2790,2550,2675,1402575,-0.0854700854700855
2023-10-04,2620,2645,2470,2490,839197,-0.06915887850467295
2023-10-05,2505,2575,2490,2520,405019,0.012048192771084265
2023-10-06,2500,2710,2500,2640,517712,0.04761904761904767
2023-10-10,2640,2720,2595,2615,492403,-0.009469696969697017
2023-10-11,2625,2710,2625,2695,364088,0.030592734225621365
2023-10-12,2705,2865,2665,2810,993986,0.042671614100185495
2023-10-13,2785,2815,2650,2690,505788,-0.042704626334519546
2023-10-16,2650,2775,2630,2740,499203,0.018587360594795488
2023-10-17,2750,2980,2750,2820,991165,0.029197080291970767
2023-10-18,2815,2895,2795,2820,474355,0.0
2023-10-19,2835,2895,2740,2840,920435,0.007092198581560183
2023-10-20,2790,2905,2790,2890,1204838,0.01760563380281699
2023-10-23,2970,3020,2685,2705,1907986,-0.06401384083044981
2023-10-24,2690,2830,2635,2830,577778,0.04621072088724576
2023-10-25,2805,2880,2800,2820,394110,-0.0035335689045936647
2023-10-26,2765,2775,2660,2665,468752,-0.054964539007092195
2023-10-27,2680,2730,2620,2660,323247,-0.0018761726078799779
2023-10-30,2655,2715,2620,2675,255159,0.005639097744360999
2023-10-31,2675,2715,2540,2560,359665,-0.04299065420560744
2023-11-01,2600,2700,2580,2650,300452,0.03515625
2023-11-02,2670,2700,2630,2680,242898,0.01132075471698113
2023-11-03,2670,2735,2640,2715,249634,0.013059701492537323
2023-11-06,2730,2740,2605,2625,525399,-0.03314917127071826
2023-11-07,2630,2870,2570,2760,2197604,0.05142857142857138
2023-11-08,2735,2835,2725,2755,809804,-0.0018115942028985588
2023-11-09,2760,2855,2735,2745,601355,-0.003629764065335772
2023-11-10,2730,2800,2700,2795,366799,0.01821493624772308
2023-11-13,2815,2960,2775,2915,1988899,0.0429338103756709
2023-11-14,2905,2985,2885,2925,811093,0.0034305317324185847
2023-11-15,2940,3030,2880,2995,1311766,0.023931623931623847
2023-11-16,3050,3090,2980,3045,1739943,0.016694490818029983
2023-11-17,3125,3140,2970,3015,1236276,-0.009852216748768461
2023-11-20,3175,3915,3175,3830,25412156,0.2703150912106136
2023-11-21,3935,4480,3835,4250,58563283,0.10966057441253274
2023-11-22,4220,4355,4160,4255,11881368,0.0011764705882353343
2023-11-23,4125,4205,4125,4125,1835333,-0.03055229142185667
2023-11-24,4200,4200,4125,4130,1702425,0.00121212121212122
2023-11-27,4215,4215,3980,4150,2376785,0.004842615012106588
2023-11-28,4040,4115,3680,3760,12866812,-0.09397590361445785
2023-11-29,3710,3740,3500,3595,5009394,-0.0438829787234043
2023-11-30,3600,3790,3545,3720,4554984,0.03477051460361613
2023-12-01,3690,3755,3585,3725,2668143,0.0013440860215054862
2023-12-04,3675,3870,3610,3800,3365489,0.020134228187919545
2023-12-05,3750,3765,3500,3580,3006807,-0.05789473684210522
2023-12-06,3545,3770,3535,3690,2891976,0.030726256983240274
2023-12-07,3620,3660,3300,3370,4301839,-0.08672086720867211
2023-12-08,3355,3435,3275,3380,1983106,0.0029673590504450953
2023-12-11,3425,3620,3395,3470,2580320,0.026627218934911268
2023-12-12,3495,3515,3345,3400,950012,-0.02017291066282423
2023-12-13,3410,3485,3365,3400,1218743,0.0
2023-12-14,3485,3485,3290,3345,1103303,-0.016176470588235348
2023-12-15,3330,3395,3300,3360,930620,0.004484304932735439
2023-12-18,3480,3595,3420,3515,2478543,0.04613095238095233
2023-12-19,3515,3535,3420,3525,1076242,0.002844950213371167
2023-12-20,3580,3580,3465,3510,1117289,-0.004255319148936176
2023-12-21,3520,3610,3080,3125,5323761,-0.1096866096866097
2023-12-22,3165,3245,2945,3200,2890311,0.02400000000000002
2023-12-26,3150,3310,3030,3030,2279553,-0.05312499999999998
2023-12-27,2800,2880,2600,2800,3614892,-0.07590759075907594
2023-12-28,2815,3175,2785,3115,4637107,0.11250000000000004
2024-01-02,3115,3170,2980,3010,1247080,-0.0337078651685393
2024-01-03,3000,3120,2930,3070,1266774,0.019933554817275656
2024-01-04,3040,3140,3030,3100,1073819,0.009771986970684043
2024-01-05,3095,3130,3045,3085,487943,-0.004838709677419395
2024-01-08,3035,3105,2920,2970,1002051,-0.037277147487844386
2024-01-09,3000,3065,2960,3055,625720,0.028619528619528545
2024-01-10,3045,3060,2975,3000,441689,-0.018003273322422242
2024-01-11,2985,3095,2960,2985,936683,-0.0050000000000000044
2024-01-12,2990,2990,2825,2850,828831,-0.045226130653266305
2024-01-15,2850,2885,2805,2835,380494,-0.0052631578947368585
2024-01-16,2815,2845,2745,2770,354155,-0.022927689594356315
2024-01-17,2790,2790,2670,2690,571794,-0.028880866425992746
2024-01-18,2650,2735,2640,2680,452684,-0.0037174721189591198
2024-01-19,2690,2755,2640,2665,302686,-0.005597014925373123
2024-01-22,2615,2615,2500,2530,899986,-0.05065666041275796
2024-01-23,2545,2690,2485,2635,1644829,0.04150197628458496
2024-01-24,2725,2840,2500,2500,1983291,-0.05123339658444026
2024-01-25,2505,2520,2435,2465,591384,-0.014000000000000012
2024-01-26,2450,2525,2450,2510,261437,0.018255578093306246
2024-01-29,2520,2685,2490,2550,1255444,0.015936254980079667
2024-01-30,2545,2580,2480,2490,399323,-0.02352941176470591
2024-01-31,2495,2515,2390,2450,288462,-0.016064257028112428
2024-02-01,2410,2470,2405,2435,220182,-0.006122448979591799
2024-02-02,2435,2495,2435,2480,196104,0.01848049281314168
2024-02-05,2485,2490,2435,2470,176143,-0.0040322580645161255
2024-02-06,2470,2520,2435,2450,315519,-0.0080971659919028
2024-02-07,2440,2495,2435,2470,215477,0.008163265306122547
2024-02-08,2480,2535,2460,2530,275600,0.02429149797570851
2024-02-13,2530,2640,2500,2630,481038,0.03952569169960474
2024-02-14,2610,2685,2580,2670,435534,0.015209125475285079
2024-02-15,2685,2690,2625,2665,338806,-0.0018726591760299671
2024-02-16,2650,2670,2510,2625,383321,-0.015009380863039379
2024-02-19,2660,2720,2650,2665,295301,0.015238095238095273
2024-02-20,2655,2675,2600,2620,225419,-0.016885553470919357
2024-02-21,2610,2645,2565,2570,246217,-0.01908396946564883
2024-02-22,2565,2605,2555,2570,204501,0.0
2024-02-23,2575,2595,2530,2555,219166,-0.005836575875486361
2024-02-26,2550,2575,2530,2540,152964,-0.005870841487279899
2024-02-27,2540,2550,2460,2505,348606,-0.013779527559055094
2024-02-28,2510,2560,2490,2510,240643,0.001996007984031989
2024-02-29,2485,2510,2470,2485,198689,-0.009960159362549792
2024-03-04,2500,2695,2500,2690,686969,0.08249496981891347
2024-03-05,2635,2720,2605,2650,487268,-0.014869888475836479
2024-03-06,2650,2730,2630,2660,457448,0.0037735849056603765
2024-03-07,2665,2670,2590,2640,284081,-0.007518796992481258
2024-03-08,2645,2660,2580,2580,237160,-0.022727272727272707
2024-03-11,2605,2650,2575,2605,148631,0.009689922480620172
2024-03-12,2595,2600,2520,2520,269422,-0.03262955854126681
2024-03-13,2535,2580,2485,2510,229101,-0.003968253968253954
2024-03-14,2510,2525,2450,2510,304061,0.0
2024-03-15,2510,2540,2470,2515,144889,0.0019920318725099584
2024-03-18,2515,2545,2430,2445,338441,-0.027833001988071593
2024-03-19,2445,2450,2395,2405,312517,-0.01635991820040905
2024-03-20,2385,2470,2385,2410,253788,0.0020790020790020236
2024-03-21,2420,2425,2350,2405,366207,-0.0020746887966804906
2024-03-22,2380,2395,2300,2350,435266,-0.022869022869022815
2024-03-25,2335,2365,2315,2330,215873,-0.008510638297872353
2024-03-26,2340,2345,2260,2290,530403,-0.01716738197424894
2024-03-27,2290,2290,2235,2275,259529,-0.0065502183406113135
2024-03-28,2265,2280,2210,2215,318474,-0.02637362637362639
2024-03-29,2230,2245,2185,2210,189571,-0.0022573363431150906
2024-04-01,2205,2275,2205,2265,211430,0.02488687782805421
2024-04-02,2265,2275,2170,2185,252590,-0.03532008830022071
2024-04-03,2170,2235,2145,2175,255959,-0.004576659038901587
2024-04-04,2200,2200,2145,2145,131002,-0.01379310344827589
2024-04-05,2160,2160,2090,2105,277539,-0.018648018648018683
2024-04-08,2105,2145,2070,2070,243944,-0.016627078384798155
2024-04-09,2070,2135,2060,2070,307250,0.0
2024-04-11,1980,1996,1868,1950,724385,-0.05797101449275366
2024-04-12,1970,1974,1912,1930,273025,-0.01025641025641022
2024-04-15,1891,1903,1875,1903,196018,-0.013989637305699465
2024-04-16,1923,1923,1845,1878,250911,-0.013137151865475594
2024-04-17,1870,1914,1870,1901,124273,0.012247071352502692
2024-04-18,1905,2040,1905,2000,419281,0.05207785376117835
2024-04-19,1981,2005,1907,1921,171238,-0.03949999999999998
2024-04-22,1921,1973,1910,1923,224378,0.0010411244143675447
2024-04-23,1923,1957,1910,1916,66876,-0.003640145605824263
2024-04-24,1921,1957,1916,1947,81762,0.0161795407098122
2024-04-25,1947,2025,1925,1968,181219,0.01078582434514641
2024-04-26,2025,2080,1941,1948,236361,-0.010162601626016232
2024-04-29,1960,1999,1945,1999,174031,0.026180698151950788
2024-04-30,1990,2040,1980,1980,137935,-0.009504752376188086
2024-05-02,1999,2095,1980,2010,384486,0.015151515151515138
2024-05-03,2020,2030,1998,2005,125303,-0.0024875621890547706
2024-05-07,2015,2070,2015,2030,107982,0.012468827930174564
2024-05-08,2040,2110,2040,2070,231847,0.019704433497536922
2024-05-09,2085,2105,2045,2060,123648,-0.004830917874396157
2024-05-10,2075,2085,2005,2025,110360,-0.016990291262135915
2024-05-13,2025,2110,2025,2075,176069,0.024691358024691468
2024-05-14,2085,2180,2070,2150,526440,0.03614457831325302
2024-05-16,2160,2250,2140,2215,489047,0.03023255813953485
2024-05-17,2215,2265,2175,2265,294046,0.02257336343115135
2024-05-20,2280,2295,2200,2200,285205,-0.028697571743929395
2024-05-21,2175,2240,2170,2200,137365,0.0
2024-05-22,2190,2230,2135,2155,155040,-0.020454545454545503
2024-05-23,2155,2235,2100,2195,126564,0.018561484918793614
2024-05-24,2190,2190,2110,2125,99278,-0.03189066059225509
2024-05-27,2130,2190,2125,2160,154723,0.016470588235294015
2024-05-28,2160,2185,2140,2180,126239,0.0092592592592593
2024-05-29,2180,2245,2180,2190,161970,0.004587155963302836
2024-05-30,2185,2220,2145,2195,155671,0.0022831050228311334
2024-05-31,2175,2285,2175,2245,228446,0.02277904328018221
2024-06-03,2265,2265,2205,2240,152269,-0.00222717149220486
2024-06-04,2225,2235,2170,2180,167252,-0.0267857142857143
2024-06-05,2180,2210,2140,2165,105093,-0.006880733944954143
2024-06-07,2145,2180,2110,2165,329858,0.0
2024-06-10,2165,2335,2140,2245,754508,0.036951501154734334
2024-06-11,2245,2285,2240,2275,204088,0.013363028953229383
2024-06-12,2285,2350,2250,2300,329884,0.01098901098901095
2024-06-13,2350,2350,2280,2290,269765,-0.004347826086956497
2024-06-14,2295,2465,2295,2370,1646717,0.03493449781659397
2024-06-17,2400,2400,2270,2275,513057,-0.04008438818565396
2024-06-18,2255,2290,2235,2265,193569,-0.00439560439560438
2024-06-19,2265,2325,2230,2305,242737,0.017660044150110465
2024-06-20,2285,2405,2285,2350,673775,0.01952277657266821
2024-06-21,2360,2360,2180,2190,604221,-0.06808510638297871
2024-06-24,2190,2225,2130,2170,400065,-0.0091324200913242
2024-06-25,2160,2185,2130,2180,155236,0.004608294930875667
2024-06-26,2160,2230,2115,2120,170585,-0.02752293577981646
2024-06-27,2115,2120,2065,2075,144027,-0.021226415094339646
2024-06-28,2065,2160,2065,2150,127944,0.03614457831325302
2024-07-01,2195,2195,2085,2105,166931,-0.020930232558139528
2024-07-02,2105,2135,2070,2100,171826,-0.002375296912114022
2024-07-03,2090,2105,2040,2060,161849,-0.01904761904761909
2024-07-04,2060,2075,2025,2050,107002,-0.004854368932038833
2024-07-05,2030,2075,2025,2040,116855,-0.004878048780487809
2024-07-08,2030,2105,2015,2090,151863,0.02450980392156854
2024-07-09,2075,2120,2075,2100,52979,0.004784688995215225
2024-07-10,2085,2440,2085,2350,3850244,0.11904761904761907
2024-07-11,2345,2350,2255,2270,690082,-0.03404255319148941
2024-07-12,2345,2350,2235,2315,461835,0.01982378854625555
2024-07-15,2285,2310,2230,2230,270817,-0.036717062634989195
2024-07-16,2210,2225,2125,2180,332206,-0.022421524663677084
2024-07-17,2180,2280,2155,2160,453281,-0.00917431192660545
2024-07-18,2140,2155,2095,2120,152570,-0.01851851851851849
2024-07-19,2110,2155,2065,2120,143849,0.0
2024-07-22,2110,2120,2030,2080,187238,-0.018867924528301883
2024-07-23,2080,2140,2080,2100,227375,0.009615384615384581
2024-07-24,2110,2135,1941,1941,793132,-0.07571428571428573
2024-07-25,1937,1964,1888,1935,285551,-0.0030911901081916993
2024-07-26,1910,1954,1910,1912,142846,-0.011886304909560774
2024-07-29,1912,1967,1908,1963,102303,0.026673640167363954
2024-07-30,1962,1962,1915,1920,112509,-0.021905247070809986
2024-07-31,1919,1940,1912,1930,68645,0.005208333333333259
2024-08-01,1931,2000,1931,1977,168078,0.024352331606217525
2024-08-02,1955,1970,1901,1901,275089,-0.038442083965604446
2024-08-05,1891,1895,1550,1639,617362,-0.1378221988427144
2024-08-06,1639,1757,1639,1710,226901,0.04331909701037229
2024-08-07,1687,1795,1687,1738,299272,0.01637426900584793
2024-08-08,1727,1751,1671,1716,178443,-0.012658227848101222
2024-08-09,1735,1794,1720,1792,90625,0.04428904428904423
2024-08-12,1770,1813,1770,1771,152380,-0.01171875
2024-08-13,1771,1784,1751,1765,118653,-0.0033879164313946886
2024-08-14,1770,1818,1770,1794,61390,0.01643059490084986
2024-08-16,1800,1816,1786,1802,102977,0.004459308807134965
2024-08-19,1815,1815,1779,1801,100515,-0.0005549389567147678
2024-08-20,1804,1843,1801,1820,110751,0.010549694614103267
2024-08-21,1829,1829,1793,1793,95925,-0.014835164835164782
2024-08-22,1808,1832,1784,1796,109762,0.001673173452314547
2024-08-23,1771,1799,1771,1791,41584,-0.0027839643652560753
2024-08-26,1791,1808,1781,1791,45745,0.0
2024-08-27,1785,1790,1767,1771,89055,-0.011166945840312636
2024-08-28,1771,1783,1736,1740,87353,-0.017504234895539206
2024-08-29,1739,1739,1693,1718,85064,-0.012643678160919491
2024-08-30,1710,1736,1703,1735,41067,0.009895227008148932
2024-09-02,1740,1740,1653,1699,143316,-0.02074927953890493
2024-09-03,1700,1713,1687,1687,90328,-0.007062978222483807
2024-09-04,1670,1670,1576,1594,333863,-0.05512744516893897
2024-09-05,1591,1636,1577,1602,82519,0.005018820577164407
2024-09-06,1601,1610,1556,1558,112040,-0.027465667915106073
2024-09-09,1510,1605,1510,1558,142582,0.0
2024-09-10,1561,1594,1507,1563,77676,0.003209242618742003
2024-09-11,1550,1580,1540,1541,71467,-0.01407549584133072
2024-09-12,1543,1607,1543,1605,82528,0.04153147306943539
2024-09-13,1605,1616,1591,1600,46475,-0.0031152647975077885
2024-09-19,1630,1634,1597,1622,61307,0.013749999999999929
2024-09-20,1606,1711,1606,1697,229135,0.046239210850801404
2024-09-23,1681,1735,1681,1728,106374,0.01826753093694755
2024-09-24,1725,1728,1705,1724,41002,-0.0023148148148147696
2024-09-25,1724,1749,1723,1742,106083,0.010440835266821269
2024-09-26,1741,1751,1740,1743,45874,0.0005740528128588274
2024-09-27,1744,1762,1735,1750,49182,0.004016064257028162
2024-09-30,1750,1759,1701,1701,69914,-0.028000000000000025
2024-10-02,1700,1711,1633,1668,64186,-0.01940035273368612
2024-10-04,1645,1712,1644,1668,78522,0.0
2024-10-07,1668,1689,1643,1689,78849,0.012589928057553879
2024-10-08,1671,1690,1671,1678,26793,-0.006512729425695696
2024-10-10,1679,1775,1678,1745,169244,0.03992848629320611
2024-10-11,1744,1749,1708,1711,84070,-0.019484240687679066
2024-10-14,1701,1727,1701,1723,60815,0.007013442431326622
2024-10-15,1710,1732,1710,1719,61149,-0.002321532211259414
2024-10-16,1718,1735,1705,1716,40790,-0.0017452006980802626
2024-10-17,1706,1762,1706,1722,92291,0.0034965034965035446
2024-10-18,1717,1733,1705,1711,51461,-0.006387921022067311
2024-10-21,1711,1729,1706,1721,38695,0.005844535359438963
2024-10-22,1707,1721,1671,1675,120864,-0.026728646135967482
2024-10-23,1675,1693,1671,1690,61330,0.008955223880596996
2024-10-24,1673,1706,1661,1681,87928,-0.005325443786982298
2024-10-25,1680,1735,1659,1708,167004,0.016061867935752483
2024-10-28,1704,1765,1700,1756,115345,0.02810304449648715
2024-10-29,1768,1768,1723,1741,62068,-0.008542141230068356
2024-10-30,1741,1767,1727,1746,86433,0.0028719126938541173
2024-10-31,1725,1760,1717,1756,53138,0.00572737686139746
2024-11-01,1762,1762,1733,1733,46624,-0.013097949886104798
2024-11-04,1703,1723,1669,1688,157146,-0.025966532025389455
2024-11-05,1681,1713,1681,1703,40636,0.008886255924170694
2024-11-06,1715,1715,1671,1703,93145,0.0
2024-11-07,1715,1715,1673,1679,71663,-0.014092777451556127
2024-11-08,1672,1699,1663,1666,46833,-0.007742703990470501
2024-11-11,1667,1673,1586,1600,152887,-0.03961584633853543
2024-11-12,1585,1600,1544,1561,183533,-0.024375000000000036
2024-11-13,1561,1580,1511,1536,145916,-0.01601537475976933
2024-11-14,1536,1555,1501,1515,91774,-0.013671875
2024-11-15,1504,1688,1502,1640,600788,0.08250825082508251
2024-11-18,1600,1629,1550,1602,256573,-0.023170731707317094
2024-11-19,1602,1756,1561,1576,983934,-0.01622971285892638
2024-11-20,1551,1591,1551,1574,138366,-0.0012690355329949554
2024-11-21,1574,1613,1550,1587,215476,0.008259212198221011
2024-11-22,1588,1635,1583,1633,237667,0.02898550724637672
2024-11-25,1633,1736,1534,1561,589914,-0.04409063074096753
2024-11-26,1561,1598,1540,1596,170103,0.022421524663677195
2024-11-27,1607,1609,1580,1598,62336,0.0012531328320801727
2024-11-28,1597,1654,1593,1633,120526,0.021902377972465636
2024-11-29,1620,1632,1576,1578,78910,-0.03368034292712796
2024-12-02,1556,1593,1536,1555,162393,-0.01457541191381495
2024-12-03,1554,1593,1540,1577,97586,0.014147909967845651
2024-12-04,1870,2015,1700,1937,8385721,0.228281547241598
2024-12-05,1787,1868,1710,1735,1595492,-0.10428497676819826
2024-12-06,1760,2125,1740,1906,6881108,0.09855907780979822
2024-12-09,1817,1985,1724,1792,3213490,-0.0598111227701994
2024-12-10,1791,2070,1710,1931,4465867,0.07756696428571419
2024-12-11,1890,1926,1800,1830,1608963,-0.052304505437597126
2024-12-12,1849,1958,1720,1798,2738866,-0.01748633879781425
2024-12-13,1792,1824,1740,1802,814107,0.0022246941045607205
2024-12-16,1580,1668,1546,1580,2119282,-0.123196448390677
2024-12-17,1600,1665,1572,1650,712769,0.044303797468354444
2024-12-18,1635,1650,1606,1618,350458,-0.019393939393939408
2024-12-19,1595,1634,1573,1628,382905,0.006180469715698411
2024-12-20,1610,1632,1586,1601,250281,-0.016584766584766597
2024-12-23,1603,1612,1576,1583,209634,-0.01124297314178635
2024-12-24,1583,1594,1546,1547,343293,-0.0227416298168035
2024-12-26,1548,1590,1544,1544,166139,-0.0019392372333548735
2024-12-27,1538,1550,1510,1524,147056,-0.012953367875647714
2024-12-30,1524,1615,1524,1615,348891,0.05971128608923881
2025-01-02,1604,1670,1587,1665,306814,0.030959752321981338
2025-01-03,1665,1721,1650,1687,245928,0.013213213213213226
2025-01-06,1687,1705,1647,1658,265015,-0.017190278601067033
2025-01-07,1670,1686,1658,1680,163317,0.013268998793727338
2025-01-08,1674,1736,1674,1728,211318,0.02857142857142847
2025-01-09,1728,1728,1672,1712,143413,-0.0092592592592593
2025-01-10,1710,1736,1700,1727,186679,0.008761682242990565
2025-01-13,1725,1728,1680,1701,115450,-0.015055008685581961
2025-01-14,1715,1730,1697,1729,136974,0.016460905349794164
2025-01-15,1738,1738,1685,1690,133484,-0.022556390977443663
2025-01-16,1690,1716,1688,1705,90015,0.008875739644970349
2025-01-17,1706,1748,1703,1719,150873,0.008211143695014744
2025-01-20,1727,1761,1727,1757,210102,0.02210587550901688
2025-01-21,1748,1753,1707,1738,78110,-0.010813887307911219
2025-01-22,1725,1738,1693,1693,162683,-0.02589182968929804
2025-01-23,1695,1697,1668,1668,88896,-0.01476668635558176
2025-01-24,1671,1762,1668,1757,265028,0.053357314148680945
2025-01-31,1769,1805,1757,1785,382944,0.015936254980079667
2025-02-03,1740,1794,1721,1721,204780,-0.03585434173669466
2025-02-04,1745,1870,1730,1835,662977,0.06624055781522364
2025-02-05,1837,1888,1805,1884,470959,0.02670299727520442
2025-02-06,1881,1890,1835,1874,261624,-0.005307855626326963
2025-02-07,1855,1918,1855,1888,304058,0.007470651013874008
2025-02-10,1885,1911,1836,1857,247273,-0.01641949152542377
2025-02-11,1845,1854,1820,1847,133515,-0.005385029617662851
2025-02-12,1849,1960,1831,1949,583045,0.05522468868435304
2025-02-13,1947,1947,1859,1859,592261,-0.0461775269368907
2025-02-14,1862,1926,1862,1904,375010,0.024206562668101173
2025-02-17,1975,1980,1926,1935,628916,0.01628151260504196
2025-02-18,1935,1969,1921,1967,295018,0.016537467700258324
2025-02-19,1989,2160,1963,2125,1280225,0.08032536858159633
2025-02-20,2125,2195,2060,2100,632518,-0.0117647058823529
2025-02-21,2130,2155,2080,2105,351992,0.0023809523809523725
2025-02-24,2090,2245,2060,2240,894582,0.06413301662707838
2025-02-25,2245,2290,2190,2215,803915,-0.011160714285714302
2025-02-26,2235,2240,2095,2140,689824,-0.033860045146726914
2025-02-27,2145,2185,2115,2165,288551,0.011682242990654235
2025-02-28,2150,2175,2105,2145,309679,-0.009237875288683584
2025-03-04,2145,2150,2015,2065,390394,-0.037296037296037254
2025-03-05,2025,2120,2025,2080,231300,0.007263922518159882
2025-03-06,2060,2080,2025,2070,184298,-0.004807692307692291
2025-03-07,2035,2105,1915,1985,578398,-0.04106280193236711
2025-03-10,1940,1951,1890,1902,440490,-0.041813602015113305
2025-03-11,1880,1895,1848,1875,359760,-0.014195583596214534
2025-03-12,1858,1931,1851,1860,163264,-0.008000000000000007
2025-03-13,1847,1880,1846,1851,133261,-0.004838709677419395
2025-03-14,1845,1926,1833,1886,223804,0.018908698001080415
2025-03-17,1888,1965,1870,1948,289336,0.0328738069989396
2025-03-18,1933,1986,1915,1969,200037,0.010780287474332573
2025-03-19,1961,1979,1875,1880,335845,-0.04520060944641946
2025-03-20,1879,1945,1863,1918,200663,0.0202127659574467
2025-03-21,1882,1930,1867,1880,143320,-0.019812304483837306
2025-03-24,1863,1936,1858,1878,114728,-0.0010638297872340718
2025-03-25,1880,1919,1865,1874,139383,-0.0021299254526091493
2025-03-26,1874,1915,1857,1886,145540,0.006403415154749181
2025-03-27,1896,2000,1857,1937,403683,0.027041357370095387
2025-03-28,1940,1940,1722,1747,1092002,-0.0980898296334538
2025-03-31,1685,1730,1636,1650,370583,-0.055523755008586195
2025-04-01,1652,2050,1652,2005,1669784,0.2151515151515151
2025-04-02,2040,2080,1870,1942,956892,-0.031421446384039875
2025-04-03,1910,2410,1910,2250,9833193,0.15859938208032953
2025-04-04,2320,2500,2025,2340,10809875,0.040000000000000036
2025-04-07,2380,2810,2345,2615,9506716,0.11752136752136755
2025-04-08,2630,2720,2370,2510,4405782,-0.040152963671128084
2025-04-09,2520,2545,2230,2280,2131599,-0.0916334661354582
2025-04-10,2340,2390,2240,2280,1878539,0.0
2025-04-11,2260,2310,2105,2160,1650495,-0.052631578947368474
2025-04-14,2310,2395,2200,2255,2250885,0.0439814814814814
2025-04-15,2260,2275,2085,2220,1275369,-0.01552106430155209
2025-04-16,2275,2290,2105,2125,1162217,-0.0427927927927928
2025-04-17,2105,2130,2000,2100,1330836,-0.0117647058823529
2025-04-18,2090,2345,2010,2240,2373228,0.06666666666666665
2025-04-21,2340,2540,2245,2280,4794612,0.017857142857142794
2025-04-22,2320,2400,2240,2345,2793747,0.028508771929824483
2025-04-23,2260,2265,2125,2130,1829578,-0.09168443496801704
2025-04-24,2100,2155,2000,2040,1384885,-0.04225352112676062
2025-04-25,2085,2255,2085,2190,2773969,0.07352941176470584
2025-04-28,2170,2170,1950,1953,2529549,-0.10821917808219184
2025-04-29,1960,2230,1931,1937,13518327,-0.008192524321556593
2025-04-30,1918,1936,1773,1803,2884062,-0.06917914300464634
2025-05-02,1894,1970,1815,1821,3897383,0.009983361064891838
2025-05-07,1543,1620,1515,1580,3216254,-0.1323448654585393
2025-05-08,1580,1588,1560,1575,1078257,-0.0031645569620253333
2025-05-09,1576,1624,1576,1618,791777,0.027301587301587382
2025-05-12,1620,1701,1611,1660,951207,0.02595797280593315
2025-05-13,1660,1677,1626,1637,577791,-0.013855421686747027
2025-05-14,1636,1675,1619,1663,580963,0.01588271227855831
2025-05-15,1670,1670,1632,1648,281674,-0.009019843656043247
2025-05-16,1640,1647,1606,1610,312977,-0.02305825242718451
2025-05-19,1600,1610,1570,1594,273886,-0.009937888198757738
2025-05-20,1576,1617,1576,1617,256691,0.014429109159347586
2025-05-21,1625,1669,1615,1641,349821,0.014842300556586308
2025-05-22,1642,1650,1621,1630,351889,-0.006703229737964667
2025-05-23,1630,1660,1630,1639,298862,0.005521472392638005
2025-05-26,1639,1682,1636,1669,295275,0.018303843807199405
2025-05-27,1669,1669,1608,1635,266187,-0.020371479928100622
2025-05-28,1635,1666,1628,1655,147828,0.012232415902140747
2025-05-29,1638,1669,1638,1665,280943,0.0060422960725075026
2025-05-30,1658,1682,1650,1653,328765,-0.007207207207207245
2025-06-02,1653,1680,1642,1674,238394,0.012704174228675091
2025-06-04,1675,1744,1672,1705,549714,0.0185185185185186
2025-06-05,1706,1723,1686,1712,517525,0.004105571847507372
2025-06-09,1726,1746,1707,1718,474467,0.003504672897196359
2025-06-10,1718,1725,1698,1725,257373,0.004074505238649495
2025-06-11,1727,1733,1698,1721,168599,-0.002318840579710102
2025-06-12,1716,1723,1698,1698,267607,-0.013364323067983741
2025-06-13,1698,1708,1635,1658,512658,-0.02355712603062421
2025-06-16,1650,1670,1630,1658,211663,0.0
2025-06-17,1652,1669,1641,1657,227462,-0.0006031363088058184
2025-06-18,1657,1669,1648,1654,146870,-0.0018105009052504784
2025-06-19,1654,1657,1626,1646,241117,-0.0048367593712213
2025-06-20,1663,1686,1641,1674,534921,0.017010935601458055
2025-06-23,1680,1830,1662,1790,1934030,0.06929510155316598
2025-06-24,1845,1845,1792,1827,722809,0.02067039106145252
2025-06-25,1828,1840,1770,1793,378423,-0.018609742747673796
2025-06-26,1798,1819,1760,1772,252494,-0.01171221416620194
2025-06-27,1772,1776,1700,1728,250001,-0.02483069977426633
2025-06-30,1725,1754,1702,1720,183762,-0.00462962962962965
2025-07-01,1720,1797,1711,1758,372964,0.02209302325581386
2025-07-02,1770,1779,1727,1746,195489,-0.0068259385665528916
2025-07-03,1730,1778,1730,1771,208187,0.014318442153493649
2025-07-04,1788,1788,1726,1739,244077,-0.01806888763410508
2025-07-07,1738,1738,1705,1706,192359,-0.018976423231742423
2025-07-08,1696,1734,1696,1726,234556,0.011723329425556761
2025-07-09,1726,1728,1712,1715,113646,-0.006373117033603659
2025-07-10,1715,1724,1706,1716,151395,0.0005830903790087216
2025-07-11,1716,1729,1708,1713,208309,-0.0017482517482517723
2025-07-14,1710,1719,1698,1699,182917,-0.008172796263864579
2025-07-15,1710,1710,1686,1707,143582,0.004708652148322612
2025-07-16,1701,1710,1690,1709,181032,0.0011716461628588082
2025-07-17,1709,1714,1691,1707,99854,-0.001170275014628408
2025-07-18,1707,1707,1692,1695,201916,-0.007029876977152849
2025-07-21,1700,1704,1674,1680,202728,-0.008849557522123908
2025-07-22,1679,1690,1645,1651,219646,-0.01726190476190481
2025-07-23,1652,1664,1635,1652,119139,0.0006056935190792423
2025-07-24,1643,1666,1588,1600,397868,-0.03147699757869249
2025-07-25,1601,1611,1577,1577,231085,-0.014375000000000027
