Date,Open,High,Low,Close,Volume,Change
2022-01-03,4134,5392,4134,4880,1417480,0.17392350252586009
2022-01-04,4943,5185,4880,5141,401652,0.05348360655737694
2022-01-05,5213,5419,4853,5393,598942,0.049017700836413214
2022-01-06,5248,6039,5248,5995,1359739,0.11162618208789166
2022-01-07,5563,5904,5015,5860,881765,-0.02251876563803168
2022-01-10,5814,5958,5653,5797,333625,-0.010750853242320835
2022-01-11,5806,6103,5393,5555,477279,-0.04174573055028463
2022-01-12,5564,5815,5492,5591,221788,0.006480648064806527
2022-01-13,5617,6516,5617,6355,1799663,0.1366481845823646
2022-01-14,6381,6471,6121,6247,486024,-0.016994492525570393
2022-01-17,6300,6651,5833,6004,571458,-0.03889867136225389
2022-01-18,6192,6192,5581,5815,271778,-0.03147901399067288
2022-01-19,5868,5868,5446,5752,174409,-0.01083404987102321
2022-01-20,5689,5859,5437,5851,227001,0.017211404728789903
2022-01-21,5904,5904,5527,5734,134995,-0.019996581780892142
2022-01-24,5563,5716,5096,5366,457219,-0.06417858388559472
2022-01-25,5374,5482,4790,5060,403375,-0.05702571748043239
2022-01-26,5077,5293,4925,4997,139691,-0.012450592885375533
2022-01-27,5050,5050,4763,4925,156577,-0.014408645187112268
2022-01-28,4817,5266,4772,5240,101572,0.06395939086294411
2022-02-03,5464,5464,5249,5321,40040,0.015458015267175496
2022-02-04,5330,5527,5285,5393,112874,0.01353129111069351
2022-02-07,5393,5447,5186,5447,77563,0.010012979788614818
2022-02-08,5384,5698,5339,5519,103024,0.013218285294657628
2022-02-09,5528,5608,5438,5564,84817,0.008153651023736108
2022-02-10,5564,5662,5447,5573,68523,0.0016175413371675162
2022-02-11,5509,5545,5213,5366,103184,-0.03714336981876909
2022-02-14,5230,5365,4961,4970,117986,-0.07379798732761833
2022-02-15,4969,5203,4601,4889,230828,-0.016297786720321894
2022-02-16,4898,5203,4898,5069,44145,0.03681734506033951
2022-02-17,5077,5131,4853,4997,85875,-0.014203985006904674
2022-02-18,4862,5617,4844,5267,155135,0.05403241945167103
2022-02-21,5267,5572,5078,5294,150571,0.005126257831782777
2022-02-22,5275,5275,4988,5114,92426,-0.03400075557234605
2022-02-23,5113,5149,4997,5087,26231,-0.005279624560031282
2022-02-24,4996,5050,4835,4916,69797,-0.03361509730686063
2022-02-25,4925,5113,4889,5033,41193,0.023799837266069934
2022-02-28,5006,5095,4862,5042,26159,0.0017881978939002785
2022-03-02,5042,5401,5042,5312,154139,0.05355017850059496
2022-03-03,5446,5446,5240,5384,47511,0.013554216867469826
2022-03-04,5411,5617,5366,5591,166994,0.03844725111441316
2022-03-07,5599,5949,5536,5851,336407,0.04650330888928633
2022-03-08,5725,6183,5716,6040,272367,0.03230217056913354
2022-03-10,6040,6318,6013,6067,244334,0.004470198675496695
2022-03-11,6336,6641,6138,6516,697465,0.07400692269655518
2022-03-14,6516,6687,6247,6472,636652,-0.006752608962553697
2022-03-15,6543,7100,6543,6966,1007493,0.07632880098887518
2022-03-16,7100,7100,6750,7020,337111,0.007751937984496138
2022-03-17,7019,7145,6822,6939,266508,-0.011538461538461497
2022-03-18,6974,7082,6831,6957,171683,0.0025940337224383825
2022-03-21,6984,7127,6912,7056,148075,0.014230271668822736
2022-03-22,7055,7055,6813,7020,213298,-0.005102040816326481
2022-03-23,6939,7172,6939,7065,121583,0.0064102564102563875
2022-03-24,7064,7369,6902,7334,418903,0.03807501769285215
2022-03-25,7343,7541,7146,7173,306022,-0.021952549768202934
2022-03-28,7361,7504,7172,7424,200351,0.03499233235745147
2022-03-29,7433,7612,7316,7595,196780,0.0230334051724137
2022-03-30,7621,7621,7244,7415,185729,-0.023699802501645828
2022-03-31,7307,7540,7289,7433,113110,0.0024275118004046803
2022-04-01,7415,7415,7200,7308,147339,-0.01681689761872729
2022-04-04,7262,7460,7110,7236,139063,-0.009852216748768461
2022-04-05,7244,7253,7110,7200,68768,-0.00497512437810943
2022-04-06,7100,7981,7082,7649,644409,0.06236111111111109
2022-04-07,7640,7900,7514,7676,267668,0.003529873186037369
2022-04-08,7702,7810,7532,7550,132250,-0.01641479937467427
2022-04-11,7532,7684,7325,7658,175274,0.014304635761589468
2022-04-12,7640,7964,7478,7964,239041,0.039958213632802275
2022-04-13,7990,8044,7721,7820,140468,-0.018081366147664535
2022-04-14,7820,8143,7766,7910,242046,0.011508951406649537
2022-04-15,7909,8628,7864,8404,579537,0.06245259165613137
2022-04-18,8287,8377,7802,7883,290484,-0.06199428843407906
2022-04-19,7882,7945,7667,7784,160404,-0.012558670556894636
2022-04-20,7820,8179,7820,8054,230938,0.034686536485097674
2022-04-21,8107,8448,8107,8305,216239,0.03116463868885022
2022-04-22,8305,8538,8098,8368,250263,0.007585791691751886
2022-04-25,8314,8314,7847,7955,261218,-0.049354684512428304
2022-04-26,7865,8044,7766,7892,152580,-0.00791954745443113
2022-04-27,7639,7756,7487,7541,213534,-0.044475418144956924
2022-04-28,7595,7801,7235,7658,188103,0.01551518366264415
2022-04-29,7604,7810,7568,7658,100203,0.0
2022-05-02,7648,7729,7487,7613,75502,-0.005876207887176799
2022-05-03,7559,7604,7236,7308,251625,-0.04006305004597399
2022-05-04,7316,7460,6975,7290,302756,-0.0024630541871921707
2022-05-06,7217,7468,7082,7397,264283,0.014677640603566466
2022-05-09,7352,7361,7074,7182,303761,-0.029065837501689895
2022-05-10,6984,7280,6867,7209,207867,0.003759398496240518
2022-05-11,7208,7226,7029,7047,100373,-0.022471910112359605
2022-05-12,7046,7046,6777,6840,174489,-0.02937420178799488
2022-05-13,6750,7100,6750,6921,132629,0.011842105263157876
2022-05-16,7127,7127,6687,6813,182656,-0.015604681404421283
2022-05-17,6803,7369,6677,7343,361461,0.07779245559958903
2022-05-18,7352,7451,7191,7299,188612,-0.005992101320985932
2022-05-19,7227,7424,7065,7254,115882,-0.006165228113440224
2022-05-20,7361,7370,7200,7245,143499,-0.001240694789081842
2022-05-23,7289,7657,7289,7451,203747,0.02843340234644587
2022-05-24,7496,7559,7119,7173,184774,-0.03731042813045227
2022-05-25,7271,7271,7128,7218,46454,0.006273525721455453
2022-05-26,7217,7262,7029,7101,76755,-0.016209476309226978
2022-05-27,7316,7406,7155,7227,119064,0.017743979721166037
2022-05-30,7244,7415,7226,7415,81415,0.026013560260135682
2022-05-31,7496,7765,7442,7604,288451,0.025488873904248255
2022-06-02,7684,7774,7505,7577,72606,-0.003550762756443948
2022-06-03,7630,7738,7442,7496,84195,-0.010690246799524905
2022-06-07,7496,7496,6777,7191,298991,-0.040688367129135594
2022-06-08,7155,7397,7002,7263,140973,0.01001251564455563
2022-06-09,7181,7370,7038,7056,81075,-0.028500619578686548
2022-06-10,7100,7181,6966,7011,66515,-0.0063775510204081565
2022-06-13,6920,6920,6651,6651,161336,-0.051347881899871606
2022-06-14,6390,6740,6318,6651,118063,0.0
2022-06-15,6650,6812,6561,6561,86010,-0.013531799729364025
2022-06-16,6740,6875,6291,6543,111825,-0.002743484224965731
2022-06-17,6507,6641,6273,6597,76407,0.008253094910591452
2022-06-20,6651,6651,6256,6418,112126,-0.027133545551007998
2022-06-21,6426,7460,6363,6858,412273,0.06855718292302893
2022-06-22,6974,6974,6489,6606,83926,-0.03674540682414695
2022-06-23,6606,6633,6310,6355,97037,-0.03799576142900396
2022-06-24,6318,6624,6291,6624,72541,0.04232887490165216
2022-06-27,6704,6749,6516,6624,51160,0.0
2022-06-28,6695,6695,6471,6624,35630,0.0
2022-06-29,6623,6632,6381,6525,32351,-0.014945652173913082
2022-06-30,6453,6651,6148,6238,103067,-0.04398467432950193
2022-07-01,6183,6444,5779,5815,198361,-0.06781019557550494
2022-07-04,5842,6004,5645,5681,81708,-0.023043852106620855
2022-07-05,5671,6084,5671,6004,59139,0.05685618729096986
2022-07-06,6147,6147,5869,6013,62695,0.0014990006662225497
2022-07-07,5941,6201,5941,6094,27494,0.01347081323798438
2022-07-08,6111,6201,6049,6094,44323,0.0
2022-07-11,6057,6075,5842,5905,33342,-0.03101411224154904
2022-07-12,5905,5986,5573,5582,64619,-0.05469940728196443
2022-07-13,5662,5662,5393,5609,27923,0.004836975994267245
2022-07-14,5483,5797,5456,5663,32974,0.009627384560527696
2022-07-15,5707,6156,5482,5869,50898,0.036376478898110465
2022-07-18,5869,6228,5851,6202,50672,0.05673879706934737
2022-07-19,6202,6264,5995,6220,25771,0.00290228958400518
2022-07-20,6292,6444,6103,6382,33740,0.026045016077170358
2022-07-21,6471,6471,6346,6391,29279,0.0014102162331557366
2022-07-22,6318,6435,6112,6292,22039,-0.015490533562822706
2022-07-25,6426,6453,6283,6373,41483,0.012873490146217526
2022-07-26,6372,6417,6256,6256,29079,-0.018358700768868697
2022-07-27,6373,6642,6301,6427,54496,0.02733375959079276
2022-07-28,6471,6480,6319,6427,32928,0.0
2022-07-29,6561,6911,6471,6804,188633,0.05865878325812979
2022-08-01,6804,7136,6804,7002,155173,0.02910052910052907
2022-08-02,7083,7145,6903,7128,71645,0.01799485861182526
2022-08-03,7101,7163,7020,7119,53738,-0.0012626262626262985
2022-08-04,7172,7307,7065,7164,113561,0.006321112515802696
2022-08-05,7245,7424,7182,7299,172960,0.018844221105527748
2022-08-08,7325,7406,7110,7227,51909,-0.009864364981504337
2022-08-09,7154,7235,6921,7002,102917,-0.031133250311332517
2022-08-10,7011,7217,6921,7173,60181,0.024421593830334265
2022-08-11,7172,7217,6948,7065,91552,-0.01505646173149311
2022-08-12,7029,7190,7029,7146,61550,0.01146496815286624
2022-08-16,7145,7316,6993,7029,136131,-0.016372795969773257
2022-08-17,7091,7136,6885,6984,73037,-0.006402048655569814
2022-08-18,6984,7208,6768,7137,132304,0.021907216494845283
2022-08-19,7136,7199,6786,6858,98430,-0.0390920554854981
2022-08-22,6785,6839,6606,6633,82567,-0.03280839895013121
2022-08-23,6561,6597,6382,6463,120785,-0.025629428614503236
2022-08-24,6462,6767,6390,6741,94827,0.043014080148537914
2022-08-25,6660,7172,6651,7029,286380,0.042723631508678306
2022-08-26,7191,7370,7047,7227,228435,0.028169014084507005
2022-08-29,6930,7262,6831,7218,189471,-0.001245330012453305
2022-08-30,7217,7666,7217,7640,579697,0.058464948739263
2022-08-31,7558,7693,7406,7505,186510,-0.017670157068062853
2022-09-01,7504,7639,7307,7415,160885,-0.011992005329780175
2022-09-02,7415,7585,7343,7433,189816,0.0024275118004046803
2022-09-05,7505,7505,7074,7137,219760,-0.03982241356114624
2022-09-06,7028,7657,7028,7514,330056,0.052823315118396996
2022-09-07,7550,7630,7217,7577,270767,0.008384349214799025
2022-09-08,7783,9437,7783,9033,4867781,0.1921604856803485
2022-09-13,9078,9797,8979,9663,1660270,0.06974427100631009
2022-09-14,9438,10426,9033,10382,1964809,0.07440753389216592
2022-09-15,10651,10651,10112,10292,532506,-0.008668849932575662
2022-09-16,10246,10246,9887,9887,368476,-0.03935095219588025
2022-09-19,9977,9977,8872,8872,674275,-0.10266005866289063
2022-09-20,8970,9482,8745,9168,914164,0.03336339044183956
2022-09-21,9077,9122,8655,8988,576331,-0.01963350785340312
2022-09-22,8790,9212,8736,8988,324718,0.0
2022-09-23,9033,9303,8782,8899,469767,-0.009902091677792657
2022-09-26,8745,8781,8071,8197,477152,-0.07888526800764128
2022-09-27,8197,8350,7729,8350,392557,0.018665365377577237
2022-09-28,8251,8961,8098,8449,667861,0.01185628742514977
2022-09-29,8718,9032,8242,8269,488927,-0.02130429636643394
2022-09-30,8089,8682,7775,8602,538262,0.04027089128068684
2022-10-04,8655,9257,8655,9213,843877,0.07102999302487789
2022-10-05,9752,9977,8898,9618,2634673,0.04395962227287531
2022-10-06,9797,9977,9528,9708,879844,0.009357454772301876
2022-10-07,9572,9931,8988,9033,769070,-0.0695302843016069
2022-10-11,8808,9078,8548,8755,510285,-0.03077604339643525
2022-10-12,8799,9347,8736,9168,620604,0.04717304397487143
2022-10-13,9078,9123,8548,8674,553789,-0.05388307155322858
2022-10-14,8979,9168,8736,9168,728228,0.05695181000691729
2022-10-17,8988,9707,8853,9438,682302,0.02945026178010468
2022-10-18,9662,9662,9033,9348,648614,-0.009535918626827677
2022-10-19,9437,9482,8898,8961,395754,-0.04139922978177146
2022-10-20,8880,9078,8701,8728,373065,-0.02600156232563333
2022-10-21,8700,8808,8188,8305,443371,-0.04846471127406049
2022-10-24,8755,8961,8575,8890,598700,0.07043949428055396
2022-10-25,8961,9168,8755,8926,392208,0.004049493813273353
2022-10-26,8925,8943,8476,8566,458873,-0.04033161550526554
2022-10-27,8646,8781,8413,8629,351386,0.007354657950034982
2022-10-28,8628,9302,8502,8988,602571,0.04160389384633212
2022-10-31,8988,9167,8664,8988,439693,0.0
2022-11-01,8988,9707,8880,9258,1096057,0.030040053404539302
2022-11-02,9168,9258,8809,8917,451104,-0.03683300928926336
2022-11-03,8674,9617,8629,9483,819054,0.06347426264438716
2022-11-04,9573,9797,9168,9573,614397,0.009490667510281492
2022-11-07,9572,9617,8988,9168,521318,-0.04230648699467254
2022-11-08,9168,9302,8925,9213,271337,0.004908376963350891
2022-11-09,9213,9482,9033,9438,360346,0.02442201237381969
2022-11-10,9302,9617,9033,9168,476460,-0.028607755880483143
2022-11-11,9392,9482,9078,9123,371040,-0.00490837696335078
2022-11-14,9167,9257,9033,9123,229216,0.0
2022-11-15,9122,9257,8718,8943,803915,-0.019730351857941475
2022-11-16,8970,9033,8737,8872,296943,-0.00793917030079394
2022-11-17,8871,9033,8746,8764,226255,-0.012173128944995448
2022-11-18,8745,8862,8674,8674,241171,-0.010269283432222776
2022-11-21,8718,8880,8575,8611,203155,-0.007263085081853804
2022-11-22,8664,8781,8314,8449,406887,-0.018813145976077084
2022-11-23,8539,8988,8359,8746,764722,0.03515208900461597
2022-11-24,8799,9302,8745,9213,674522,0.05339583809741599
2022-11-25,9438,10112,9303,9438,2054232,0.02442201237381969
2022-11-28,9482,9752,9033,9123,811608,-0.03337571519389704
2022-11-29,9168,9392,8988,9213,531115,0.009865175928970737
2022-11-30,9212,9212,8880,8961,505138,-0.02735265385867791
2022-12-01,9122,9167,8970,9033,233978,0.00803481754268498
2022-12-02,8988,9033,8809,8845,408540,-0.02081257610981957
2022-12-05,9033,9123,8818,8845,301582,0.0
2022-12-06,8889,9527,8844,9258,1081730,0.04669304691916332
2022-12-07,9122,9212,8916,8970,547259,-0.03110823071937785
2022-12-08,8988,9167,8871,9033,466269,0.00702341137123752
2022-12-09,9123,9168,8674,8827,644872,-0.022805269567142683
2022-12-12,8808,8826,8629,8755,157228,-0.008156791661946272
2022-12-13,8701,8952,8701,8782,200519,0.0030839520274128507
2022-12-14,8782,9033,8755,8935,172352,0.017421999544522837
2022-12-15,8835,9257,8835,9123,273961,0.021040850587576987
2022-12-16,9168,9482,8988,9348,814521,0.024662939822426733
2022-12-19,9393,9797,9258,9573,726005,0.0240693196405648
2022-12-20,9572,9572,9123,9123,410099,-0.047007207771858406
2022-12-21,9167,9257,8979,8988,372130,-0.014797763893456106
2022-12-22,9033,9212,8979,9168,226393,0.020026702269692942
2022-12-23,8988,9078,8710,8890,447137,-0.030322862129144812
2022-12-26,8889,8970,8719,8818,297748,-0.008098987626546705
2022-12-27,8809,9033,8773,8818,192743,0.0
2022-12-28,8790,8961,8656,8755,358019,-0.007144477205715538
2022-12-29,8718,8763,8449,8620,278229,-0.015419760137064586
2023-01-02,8620,8790,8341,8665,210528,0.0052204176334107455
2023-01-03,8620,8925,8476,8908,233142,0.028043854587420647
2023-01-04,8817,8880,8656,8692,199697,-0.02424786708576565
2023-01-05,8700,8781,8539,8647,125121,-0.005177174413253605
2023-01-06,8512,8727,8512,8629,103058,-0.0020816468139238653
2023-01-09,8701,8790,8665,8728,119165,0.011472940085757388
2023-01-10,8862,8961,8719,8728,175173,0.0
2023-01-11,8799,9122,8727,9078,497809,0.040100824931255774
2023-01-12,9077,9167,8961,9033,265203,-0.004957038995373475
2023-01-13,9078,9078,8845,8863,247487,-0.018819882652496456
2023-01-16,8979,9302,8943,9168,336598,0.03441272706758425
2023-01-17,9212,9212,8988,9078,180925,-0.00981675392670156
2023-01-18,9122,9122,8934,9033,207825,-0.004957038995373475
2023-01-19,8988,9212,8979,9033,240796,0.0
2023-01-20,9123,9392,9078,9213,345603,0.01992693457323158
2023-01-25,9284,9320,9042,9168,288989,-0.00488440247476396
2023-01-26,9105,9294,9087,9294,211418,0.013743455497382095
2023-01-27,9293,9392,9096,9141,262998,-0.016462233699160778
2023-01-30,9149,9194,8988,9096,238000,-0.004922874958976031
2023-01-31,9095,9788,8988,9788,860284,0.07607739665787161
2023-02-01,9797,10561,9716,10157,1147043,0.03769922353902744
2023-02-02,10274,10570,10130,10364,622800,0.020380033474451054
2023-02-03,10373,10462,10013,10454,373346,0.008683905827865601
2023-02-06,10606,11136,10300,11011,870083,0.05328104074995221
2023-02-07,11073,11325,10885,11056,440089,0.004086822268640544
2023-02-08,11056,11137,10427,10526,674387,-0.04793777134587551
2023-02-09,10517,10651,10265,10517,464324,-0.0008550256507695586
2023-02-10,10606,11388,10606,11209,1147871,0.06579823143481978
2023-02-13,11316,13167,11307,12350,2893641,0.10179320189133723
2023-02-14,12278,12449,11964,12036,583790,-0.025425101214574863
2023-02-15,12044,12278,11685,11910,663589,-0.010468594217347915
2023-02-16,11801,11900,11235,11793,858453,-0.009823677581863977
2023-02-17,11666,11909,11505,11568,395471,-0.01907911472907653
2023-02-20,11684,12439,11603,12278,658691,0.0613762102351314
2023-02-21,12403,12772,12080,12332,593258,0.004398110441439895
2023-02-22,12053,12970,12008,12440,790592,0.008757703535517303
2023-02-23,12458,12746,11847,12099,521818,-0.027411575562701018
2023-02-24,12071,12197,11784,12036,268403,-0.0052070419042895555
2023-02-27,11891,12098,11703,11775,347551,-0.021684945164506475
2023-02-28,11784,12179,11694,11919,266963,0.012229299363057278
2023-03-02,11882,12565,11586,12359,592509,0.03691584864502051
2023-03-03,12763,13617,12395,13546,1113800,0.0960433692046283
2023-03-06,13977,14534,13617,14076,955336,0.03912594123726554
2023-03-07,14291,14921,13752,14184,797088,0.007672634271099765
2023-03-08,14076,14948,13797,14589,652215,0.02855329949238583
2023-03-09,14741,14867,13303,13591,1017293,-0.06840770443484823
2023-03-10,13132,13734,12988,13510,355067,-0.005959826355676601
2023-03-13,13348,13645,13123,13645,333804,0.00999259807549957
2023-03-14,13465,13582,12656,12791,452945,-0.06258702821546358
2023-03-15,13132,13392,12961,13267,355922,0.03721366585880692
2023-03-16,13168,13608,12871,13330,365773,0.004748624406421875
2023-03-17,13662,13707,12215,12467,790652,-0.06474118529632411
2023-03-20,12467,13437,11873,13348,641481,0.07066655971765456
2023-03-21,13617,14651,13410,14049,772903,0.05251723104584949
2023-03-22,14310,14687,13779,14319,581577,0.01921844971172315
2023-03-23,14246,17635,14021,16332,2060264,0.14058244290802424
2023-03-24,16691,16853,15145,15730,855815,-0.036860151849130496
2023-03-27,16008,17069,15829,16719,583747,0.06287349014621735
2023-03-28,16719,16746,15838,16216,397736,-0.030085531431305657
2023-03-29,16611,16961,16233,16656,418813,0.027133695115934886
2023-03-30,16809,17033,15946,16009,413492,-0.03884486071085491
2023-03-31,15729,15990,15235,15694,409945,-0.019676432006996092
2023-04-03,16053,16943,15640,16854,578587,0.07391359755320503
2023-04-04,17258,17366,15838,16054,477366,-0.04746647680075944
2023-04-05,16260,17968,16224,17636,928204,0.09854241933474528
2023-04-06,17707,19235,17366,18292,672643,0.03719664322975724
2023-04-07,18292,18561,17779,18517,305568,0.012300459217144066
2023-04-10,19146,19191,17878,18472,553155,-0.0024301992763406943
2023-04-11,18336,18471,17033,17923,735233,-0.029720658293633573
2023-04-12,17977,19729,17186,17222,827016,-0.039111755844445706
2023-04-13,16691,17051,15855,16458,585855,-0.044361862733712676
2023-04-14,16898,17329,16529,17105,328305,0.039312188601288156
2023-04-17,17339,18112,17132,17618,438397,0.029991230634317523
2023-04-18,17618,17977,17033,17690,414767,0.004086729481212359
2023-04-19,17797,17797,17096,17420,352050,-0.015262860373092102
2023-04-20,18067,20629,18022,18427,1771733,0.057807118254879386
2023-04-21,17977,18246,17096,17195,634093,-0.06685841428338846
2023-04-24,17195,17294,15901,16719,528389,-0.027682465833090975
2023-04-25,16880,17159,15217,15676,519874,-0.062384113882409276
2023-04-26,15389,16207,15362,15416,271850,-0.016585863740750217
2023-04-27,15325,16394,15046,16368,280944,0.06175402179553702
2023-04-28,16808,16862,15721,15982,228154,-0.0235826001955034
2023-05-02,16512,16512,15730,15910,242435,-0.004505068201726914
2023-05-03,15874,15901,15146,15236,192989,-0.042363293526084256
2023-05-04,15199,15280,14696,14939,191212,-0.01949330532948279
2023-05-08,14966,15092,14301,14301,226883,-0.04270700850123832
2023-05-09,14156,14300,13392,13914,392725,-0.02706104468219006
2023-05-10,13950,14579,13941,14049,230371,0.009702457956015431
2023-05-11,14651,15469,14471,14957,464692,0.06463093458609159
2023-05-12,15010,15343,14111,14651,259089,-0.020458648124623946
2023-05-15,14678,15101,14022,14607,323442,-0.0030032079721520333
2023-05-16,14696,15451,14256,15119,348452,0.03505168754706656
2023-05-17,15289,15828,15289,15802,248487,0.045174945432898905
2023-05-18,15909,16511,15909,16449,317762,0.04094418428047075
2023-05-19,16529,16601,16089,16458,243808,0.0005471457231442933
2023-05-22,16547,17518,16494,17321,485832,0.052436505043140125
2023-05-23,17347,17617,17168,17195,286740,-0.007274406789446353
2023-05-24,17240,17518,17141,17312,179681,0.006804303576621207
2023-05-25,17312,17968,17240,17645,296927,0.01923521256931604
2023-05-26,17887,17932,17087,17159,220834,-0.027543213374893738
2023-05-30,17195,17482,16170,16503,364848,-0.0382306661227344
2023-05-31,16395,16628,16287,16422,194148,-0.004908198509361972
2023-06-01,16458,16817,16449,16629,149299,0.012605042016806678
2023-06-02,16701,17006,16512,16809,239757,0.010824463287028685
2023-06-05,17024,17150,16809,16908,188491,0.005889701945386294
2023-06-07,16970,17284,16871,17177,241058,0.015909628578187895
2023-06-08,17177,17339,16728,16800,225460,-0.021947953658962516
2023-06-09,16971,17150,16791,16971,173485,0.01017857142857137
2023-06-12,16997,18876,16988,18517,814032,0.09109657651287484
2023-06-13,18740,19145,17976,18696,441899,0.009666792676999547
2023-06-14,19370,19550,17726,17726,547947,-0.05188275566966194
2023-06-15,18157,18966,18067,18517,331861,0.04462371657452335
2023-06-16,18965,18965,17833,18067,222257,-0.02430199276340661
2023-06-19,18066,18381,17842,18022,182762,-0.0024907289533403487
2023-06-20,17923,18022,17411,17483,238620,-0.029907890356231315
2023-06-21,17473,17752,17015,17132,240604,-0.020076645884573585
2023-06-22,14831,16314,14822,16144,1389130,-0.057669857576465144
2023-06-23,16269,16269,15649,15658,324413,-0.03010406342913774
2023-06-26,15621,15648,15190,15550,255479,-0.006897432622301691
2023-06-27,15496,15514,15011,15245,286331,-0.01961414790996785
2023-06-28,15290,15353,14553,14562,323911,-0.044801574286651324
2023-06-29,14561,15118,14525,14822,155960,0.01785469028979536
2023-06-30,14921,15217,14606,15101,134538,0.018823370665227435
2023-07-03,15568,15981,15361,15892,271850,0.05238063704390439
2023-07-04,16179,16188,15604,15910,203365,0.0011326453561539829
2023-07-05,15568,16197,15559,16000,185074,0.0056568196103079504
2023-07-06,16008,16574,15792,16296,345249,0.01849999999999996
2023-07-07,16269,17348,16161,16908,336511,0.03755522827687785
2023-07-10,16907,17348,15550,16656,670676,-0.014904187366926891
2023-07-11,16620,16620,16072,16243,452355,-0.02479586935638811
2023-07-12,16925,18606,16628,18067,1508951,0.11229452687311459
2023-07-13,19146,21617,18516,21573,3546636,0.1940554602313611
2023-07-14,22112,22786,20809,21708,1294800,0.006257822277847325
2023-07-17,22022,24090,21797,23371,1097065,0.07660770222959279
2023-07-18,24404,29438,23865,28045,2751315,0.19999144238586286
2023-07-19,29348,29348,26157,27191,1265204,-0.030451060795150697
2023-07-20,27101,30517,26921,28450,1583570,0.046302085248795644
2023-07-21,28450,32800,28450,31850,1110456,0.11950790861159932
2023-07-24,32550,40900,32550,39350,2107824,0.23547880690737832
2023-07-25,41100,41200,35150,38500,1264271,-0.021601016518424387
2023-07-26,39950,39950,29150,32350,1916661,-0.15974025974025974
2023-07-27,31500,32950,27399,28500,872693,-0.1190108191653787
2023-07-28,27900,34400,27250,34400,1080193,0.2070175438596491
2023-07-31,36600,37250,33100,34750,668236,0.01017441860465107
2023-08-01,35800,35800,32250,33300,454305,-0.04172661870503602
2023-08-02,33150,34950,31200,32150,354774,-0.03453453453453459
2023-08-03,32500,33100,30250,32300,273839,0.004665629860031162
2023-08-04,31850,31950,30550,31000,236762,-0.04024767801857587
2023-08-07,30500,30600,28050,28400,333801,-0.08387096774193548
2023-08-08,28650,31550,27550,31150,448750,0.096830985915493
2023-08-09,30750,31450,29350,29600,368320,-0.049759229534510396
2023-08-10,28900,29600,28300,28850,221000,-0.02533783783783783
2023-08-11,29300,29700,27800,28150,237196,-0.024263431542461023
2023-08-14,27950,28550,27050,27650,264473,-0.017761989342806372
2023-08-16,27850,31100,27700,28700,597247,0.03797468354430378
2023-08-17,27950,29450,26250,29000,461648,0.010452961672473782
2023-08-18,29050,29500,27900,28600,220119,-0.01379310344827589
2023-08-21,29250,33800,29200,31500,1108592,0.10139860139860146
2023-08-22,31900,32200,30000,31700,537525,0.006349206349206327
2023-08-23,31700,31700,29800,30650,318257,-0.03312302839116721
2023-08-24,31000,31150,29600,30900,282127,0.00815660685154973
2023-08-25,30500,31150,29700,30200,155741,-0.02265372168284785
2023-08-28,31100,33200,30500,32800,683753,0.08609271523178808
2023-08-29,33050,33400,31700,32350,357897,-0.013719512195121908
2023-08-30,34000,36500,32150,32450,1734744,0.0030911901081915882
2023-08-31,32650,33000,30500,31400,850502,-0.03235747303543912
2023-09-01,31400,31600,30350,30900,409656,-0.015923566878980888
2023-09-04,31250,35000,31000,34800,1435351,0.12621359223300965
2023-09-05,33000,33900,32000,33300,1106583,-0.0431034482758621
2023-09-06,33300,36300,32950,33400,1170164,0.0030030030030030463
2023-09-07,33700,34700,32800,33950,741824,0.01646706586826352
2023-09-08,33950,34250,33050,34000,345893,0.0014727540500736325
2023-09-11,34400,34600,33100,33350,373897,-0.019117647058823573
2023-09-12,33800,34000,31000,32300,558207,-0.03148425787106446
2023-09-13,31800,33150,31250,31600,303449,-0.021671826625387025
2023-09-14,31600,39000,31600,39000,690678,0.23417721518987333
2023-09-15,34600,35800,33400,33900,1032294,-0.13076923076923075
2023-09-18,33500,33550,31600,31700,694486,-0.06489675516224191
2023-09-19,31750,32100,30250,30550,408708,-0.0362776025236593
2023-09-20,30850,31000,29800,30750,259920,0.00654664484451728
2023-09-21,27900,29350,26300,28150,1085755,-0.08455284552845532
2023-09-22,27500,27800,26600,27100,533413,-0.03730017761989346
2023-09-25,25800,26700,24750,24950,930869,-0.07933579335793361
2023-09-26,24500,25250,24500,24800,337084,-0.006012024048096198
2023-09-27,24450,25700,24050,25550,352636,0.030241935483870996
2023-10-04,25250,25250,23400,23500,519867,-0.08023483365949124
2023-10-05,24050,24400,22950,23400,443046,-0.004255319148936176
2023-10-06,23350,24200,23150,24150,236963,0.03205128205128216
2023-10-10,24300,24850,22450,22650,481918,-0.06211180124223603
2023-10-11,23100,23850,23100,23450,237845,0.03532008830022071
2023-10-12,24050,26550,23850,26000,684012,0.10874200426439229
2023-10-13,26000,27250,25250,26200,472425,0.007692307692307665
2023-10-16,25600,25900,24750,25250,346583,-0.0362595419847328
2023-10-17,26000,26150,24900,25100,228968,-0.005940594059405946
2023-10-18,24200,24400,22800,23500,803158,-0.06374501992031878
2023-10-19,22750,22800,21950,22200,486710,-0.05531914893617018
2023-10-20,21400,21600,17900,20750,2262864,-0.06531531531531531
2023-10-23,20100,20500,19530,19540,617205,-0.05831325301204815
2023-10-24,19540,19920,18550,19260,562578,-0.014329580348004134
2023-10-25,19390,19710,18070,18070,526548,-0.06178608515057116
2023-10-26,17500,18150,17040,17180,527338,-0.0492529053680133
2023-10-27,17120,17760,16900,17190,430731,0.0005820721769498327
2023-10-30,17190,17500,16710,17130,261147,-0.003490401396160525
2023-10-31,17370,17390,16000,16560,435813,-0.03327495621716292
2023-11-01,16560,16800,15700,15820,366485,-0.04468599033816423
2023-11-02,16200,17300,16200,17150,381001,0.08407079646017701
2023-11-03,17500,19670,17490,18830,1014437,0.09795918367346945
2023-11-06,19960,23000,19400,21900,1288698,0.1630377057886352
2023-11-07,22100,22150,19380,19760,715180,-0.09771689497716896
2023-11-08,19490,20700,18880,19130,259087,-0.03188259109311742
2023-11-09,19130,19390,18350,18690,195255,-0.023000522739153206
2023-11-10,18000,18360,17800,18140,162151,-0.029427501337613737
2023-11-13,18100,18110,17020,17210,320271,-0.051267916207276776
2023-11-14,17400,18040,17400,17790,187618,0.03370133643230688
2023-11-15,18930,18950,17000,17090,582502,-0.03934794828555366
2023-11-16,17290,17850,16800,17350,417930,0.015213575190169637
2023-11-17,17350,17350,16390,16750,362040,-0.03458213256484155
2023-11-20,16660,17020,16000,16760,241796,0.0005970149253731183
2023-11-21,17050,17250,16350,16550,202210,-0.01252983293556087
2023-11-22,16550,16550,16060,16140,240571,-0.024773413897280938
2023-11-23,16180,16750,16010,16400,206178,0.01610904584882289
2023-11-24,16400,16860,16120,16780,173792,0.023170731707317094
2023-11-27,17000,17070,16280,16580,184983,-0.011918951132300348
2023-11-28,16610,16780,16390,16410,166206,-0.010253317249698468
2023-11-29,16410,17050,16200,17000,302693,0.03595368677635591
2023-11-30,16950,17870,16660,17650,388970,0.038235294117647145
2023-12-01,17700,17740,17100,17580,198872,-0.003966005665722361
2023-12-04,17420,17480,16470,16640,353081,-0.05346985210466437
2023-12-05,16550,16620,16010,16350,239583,-0.01742788461538458
2023-12-06,16180,18110,16100,16960,762238,0.037308868501529036
2023-12-07,16940,16960,16200,16360,213449,-0.035377358490566
2023-12-08,16590,16610,15600,16390,147055,0.001833740831295838
2023-12-11,16500,16740,16200,16220,153463,-0.010372178157413092
2023-12-12,16220,16580,16040,16280,263476,0.0036991368680641123
2023-12-13,16280,16280,15910,15920,228236,-0.02211302211302213
2023-12-14,16300,16300,15910,15940,182841,0.0012562814070351536
2023-12-15,16080,16350,15930,15950,191907,0.0006273525721456341
2023-12-18,16040,16180,15800,15970,269994,0.0012539184952977678
2023-12-19,15980,16020,15800,15800,244492,-0.01064495929868503
2023-12-20,15800,16200,15700,16070,190719,0.0170886075949368
2023-12-21,15930,16230,15750,15820,205440,-0.01555693839452399
2023-12-22,15840,16070,15440,15550,228402,-0.017067003792667457
2023-12-26,15500,15520,14740,14740,277631,-0.052090032154340826
2023-12-27,14970,15260,14800,15180,177786,0.029850746268656803
2023-12-28,15260,15350,14780,15300,155892,0.007905138339920903
2024-01-02,15330,15370,15010,15100,129403,-0.013071895424836555
2024-01-03,14870,15000,14390,14570,242170,-0.035099337748344395
2024-01-04,14320,14630,14200,14500,148363,-0.0048043925875085325
2024-01-05,14390,14800,14290,14510,189125,0.0006896551724138167
2024-01-08,14510,14510,14260,14300,193541,-0.01447277739490005
2024-01-09,14320,14410,14120,14160,225844,-0.009790209790209836
2024-01-10,14210,14210,13680,13830,266370,-0.02330508474576276
2024-01-11,13840,14130,13760,13980,184830,0.010845986984815648
2024-01-12,13840,13980,13490,13620,225227,-0.025751072961373356
2024-01-15,13620,13680,13300,13390,174870,-0.016886930983847304
2024-01-16,13130,14230,13130,14070,363298,0.05078416728902169
2024-01-17,14110,14220,13260,13260,261045,-0.05756929637526653
2024-01-18,13250,13480,12900,13140,223326,-0.009049773755656076
2024-01-19,13140,13330,12600,12670,288321,-0.035768645357686424
2024-01-22,12670,12690,11940,12080,369220,-0.04656669297553273
2024-01-23,11950,12200,11800,11920,220744,-0.013245033112582738
2024-01-24,12270,12270,11590,11660,176661,-0.021812080536912748
2024-01-25,11660,12150,11250,11830,446288,0.014579759862778818
2024-01-26,11950,12880,11550,12470,427050,0.05409974640743864
2024-01-29,12730,13110,12200,12680,320547,0.016840417000801855
2024-01-30,12950,13530,12570,12720,407621,0.003154574132492094
2024-01-31,12730,13220,12400,12500,277219,-0.01729559748427678
2024-02-01,12300,12630,12000,12540,141037,0.0032000000000000917
2024-02-02,12680,12950,12120,12810,167090,0.021531100478468845
2024-02-05,12900,12990,12460,12890,151716,0.006245120999219367
2024-02-06,12640,12840,12430,12550,142926,-0.026377036462373882
2024-02-07,12550,13210,12550,12800,212308,0.019920318725099584
2024-02-08,13000,13430,12940,13140,228995,0.026562500000000044
2024-02-13,13120,13120,12510,12920,284629,-0.016742770167427756
2024-02-14,12800,13120,12200,13030,196785,0.00851393188854499
2024-02-15,13100,14320,13100,14170,585590,0.0874904067536455
2024-02-16,14410,14440,13840,14200,417450,0.0021171489061397875
2024-02-19,14190,14200,13590,13640,244180,-0.03943661971830981
2024-02-20,13510,14440,13100,14440,412465,0.058651026392961825
2024-02-21,15010,17380,14960,17000,2992768,0.17728531855955687
2024-02-22,16940,17420,16120,16120,1005918,-0.051764705882352935
2024-02-23,15990,16990,15480,16600,782353,0.02977667493796532
2024-02-26,16630,16990,15890,16030,432743,-0.034337349397590367
2024-02-27,15860,16370,15280,15390,367334,-0.0399251403618216
2024-02-28,15100,15550,14990,15100,307782,-0.018843404808317143
2024-02-29,15000,15140,14400,14830,252356,-0.01788079470198678
2024-03-04,14910,15260,14680,15050,264743,0.014834794335805812
2024-03-05,14740,15600,14450,15380,347239,0.0219269102990034
2024-03-06,15360,15980,14860,14860,401011,-0.033810143042912855
2024-03-07,14860,15590,14690,15330,314532,0.031628532974427914
2024-03-08,15620,15630,14940,14960,294061,-0.0241356816699283
2024-03-11,14960,15200,14530,14540,210424,-0.02807486631016043
2024-03-12,14400,14930,14400,14890,225539,0.02407152682255842
2024-03-13,15190,15350,14760,14960,312246,0.004701141705842904
2024-03-14,15220,15900,15000,15150,497082,0.012700534759358284
2024-03-15,15010,15100,14670,14710,170964,-0.029042904290428995
2024-03-18,14620,14700,14240,14530,259797,-0.012236573759347391
2024-03-19,14600,14620,14190,14210,231349,-0.0220233998623538
2024-03-20,14290,14370,13680,13690,280507,-0.03659394792399717
2024-03-21,13870,13900,13660,13690,175534,0.0
2024-03-22,13690,13940,13680,13700,123566,0.0007304601899196239
2024-03-25,13640,13700,13430,13450,183745,-0.018248175182481785
2024-03-26,13450,13600,13170,13230,226746,-0.01635687732342006
2024-03-27,13240,13400,13100,13160,143830,-0.005291005291005346
2024-03-28,13160,13280,13000,13160,173040,0.0
2024-03-29,13160,13440,13000,13050,159986,-0.008358662613981771
2024-04-01,13050,13440,13040,13360,132463,0.023754789272030674
2024-04-02,13370,13630,13100,13450,172643,0.006736526946107713
2024-04-03,13150,13280,12900,12900,243764,-0.040892193308550207
2024-04-04,12900,13080,12600,12690,169281,-0.016279069767441867
2024-04-05,12550,13060,12520,12830,124121,0.011032308904649346
2024-04-08,12740,12820,12210,12410,190218,-0.03273577552611073
2024-04-09,12450,12640,12270,12290,104244,-0.00966962127316684
2024-04-11,12190,12290,12040,12140,82540,-0.012205044751830707
2024-04-12,12140,12270,11850,11870,140284,-0.02224052718286651
2024-04-15,11600,11680,11400,11510,166888,-0.030328559393428822
2024-04-16,11460,11460,11030,11120,168387,-0.03388357949609033
2024-04-17,11240,11500,10890,10910,148539,-0.01888489208633093
2024-04-18,10910,11290,10910,11120,107406,0.019248395967002674
2024-04-19,11120,11270,10590,10910,113158,-0.01888489208633093
2024-04-22,10920,11190,10890,11060,75010,0.013748854262144894
2024-04-23,11100,11450,10970,11310,105348,0.022603978300180794
2024-04-24,11570,11850,11500,11790,111674,0.04244031830238737
2024-04-25,11770,11770,11260,11430,118819,-0.03053435114503822
2024-04-26,11550,11550,11100,11210,69277,-0.01924759405074361
2024-04-29,11800,12970,11800,12440,824721,0.10972346119536125
2024-04-30,12600,12700,12210,12410,205870,-0.002411575562700996
2024-05-02,12260,12590,12190,12510,136537,0.008058017727639033
2024-05-03,12510,12660,12230,12390,121619,-0.00959232613908878
2024-05-07,12490,12490,12190,12190,118151,-0.01614205004035507
2024-05-08,12030,12210,11980,12130,85034,-0.004922067268252617
2024-05-09,12130,12130,11730,11870,109621,-0.021434460016488077
2024-05-10,11880,11990,11690,11720,74234,-0.01263689974726201
2024-05-13,11720,11720,11340,11370,84733,-0.029863481228668887
2024-05-14,11400,11590,11380,11400,70565,0.0026385224274405594
2024-05-16,11420,11570,11350,11560,92512,0.01403508771929829
2024-05-17,11600,12050,11160,11300,148661,-0.02249134948096887
2024-05-20,11200,11300,11030,11050,91049,-0.02212389380530977
2024-05-21,11050,11100,10780,10800,99674,-0.022624434389140302
2024-05-22,10800,10960,10630,10710,159364,-0.008333333333333304
2024-05-23,10710,10860,10520,10720,116735,0.0009337068160597539
2024-05-24,10690,10690,10430,10450,132134,-0.025186567164179108
2024-05-27,10450,10660,10100,10630,219974,0.017224880382775032
2024-05-28,10750,10780,10370,10420,103302,-0.019755409219190945
2024-05-29,10280,11160,10130,10530,278024,0.01055662188099804
2024-05-30,10540,10670,10000,10200,136583,-0.031339031339031376
2024-05-31,10200,10950,10200,10750,236212,0.05392156862745101
2024-06-03,10750,11150,10510,10780,165355,0.0027906976744185297
2024-06-04,11000,12070,10830,11750,595334,0.08998144712430434
2024-06-05,11860,12380,11760,12060,438123,0.026382978723404227
2024-06-07,12100,12270,11900,12140,286675,0.0066334991708125735
2024-06-10,12150,12260,11620,11840,216603,-0.02471169686985175
2024-06-11,11760,13390,11660,12820,1157514,0.08277027027027017
2024-06-12,12860,14870,12860,13430,1811876,0.0475819032761311
2024-06-13,13800,13810,13040,13190,535658,-0.017870439314966458
2024-06-14,13190,13200,12400,12430,383887,-0.05761940864291126
2024-06-17,12190,12770,12180,12530,210270,0.008045052292839916
2024-06-18,12450,12770,11900,12020,259317,-0.040702314445331234
2024-06-19,11900,12060,11700,11870,239342,-0.012479201331114798
2024-06-20,11820,11980,11650,11670,128740,-0.016849199663016012
2024-06-21,11500,11670,11250,11270,176192,-0.03427592116538136
2024-06-24,11200,11250,10900,10930,192191,-0.030168589174800364
2024-06-25,10850,11100,10830,10890,110357,-0.0036596523330283404
2024-06-26,10840,11200,10840,10930,101522,0.0036730945821854544
2024-06-27,11270,11270,10740,10740,151460,-0.017383348581884728
2024-06-28,10750,10970,10640,10760,115234,0.0018621973929235924
2024-07-01,10670,11920,10620,11410,372459,0.06040892193308545
2024-07-02,11410,11880,11110,11160,193442,-0.021910604732690575
2024-07-03,11300,11810,11090,11150,187756,-0.0008960573476702871
2024-07-04,11230,11300,10850,10920,177921,-0.020627802690582953
2024-07-05,11240,11360,10620,10620,283230,-0.027472527472527486
2024-07-08,10690,10830,10400,10650,125565,0.0028248587570620654
2024-07-09,10740,10790,10470,10570,122480,-0.007511737089201831
2024-07-10,10560,10600,10210,10240,210740,-0.03122043519394513
2024-07-11,10260,10750,10180,10400,338526,0.015625
2024-07-12,10440,10850,10220,10250,155912,-0.014423076923076872
2024-07-15,10300,11320,10080,10410,592488,0.01560975609756099
2024-07-16,10510,10600,10100,10110,233364,-0.028818443804034533
2024-07-17,10130,10280,9970,10010,208909,-0.009891196834816984
2024-07-18,9810,10000,9600,9750,200946,-0.025974025974025983
2024-07-19,9750,10000,9710,9890,84756,0.014358974358974264
2024-07-22,9890,10000,9190,9200,197309,-0.06976744186046513
2024-07-23,9230,9400,8810,8920,184909,-0.0304347826086957
2024-07-24,8710,9030,8700,8810,109965,-0.012331838565022402
2024-07-25,8760,8950,8500,8760,136614,-0.005675368898978461
2024-07-26,8780,8950,8500,8520,116716,-0.0273972602739726
2024-07-29,8510,8600,8360,8570,119372,0.005868544600938996
2024-07-30,8540,8760,8420,8530,104927,-0.004667444574095736
2024-07-31,8440,8570,8320,8530,106575,0.0
2024-08-01,8530,8930,8520,8920,96138,0.04572098475967179
2024-08-02,8620,8820,8410,8410,119601,-0.05717488789237668
2024-08-05,8200,8370,6650,6890,335854,-0.18073721759809747
2024-08-06,6890,7890,6890,7830,258669,0.13642960812772142
2024-08-07,7750,7890,7500,7580,179932,-0.03192848020434225
2024-08-08,7400,7560,6970,7300,110215,-0.03693931398416883
2024-08-09,7370,7800,7370,7750,119063,0.06164383561643838
2024-08-12,7730,7950,7730,7760,77723,0.001290322580645098
2024-08-13,7650,7970,7520,7840,90244,0.010309278350515427
2024-08-14,7880,8280,7880,8200,106342,0.04591836734693877
2024-08-16,8240,8280,7950,7980,108177,-0.02682926829268295
2024-08-19,7890,8140,7730,7730,71272,-0.03132832080200498
2024-08-20,8000,8490,7960,8400,253678,0.08667529107373872
2024-08-21,8430,8520,8120,8210,108642,-0.02261904761904765
2024-08-22,8250,8460,8150,8240,80201,0.0036540803897686658
2024-08-23,8060,8210,7940,8060,71474,-0.021844660194174748
2024-08-26,8060,8200,7890,7990,67634,-0.008684863523573227
2024-08-27,7990,8040,7750,7860,54141,-0.016270337922402955
2024-08-28,7870,8030,7690,7740,79240,-0.01526717557251911
2024-08-29,7730,8500,7650,8500,173215,0.09819121447028434
2024-08-30,8480,8560,8080,8280,165871,-0.025882352941176467
2024-09-02,8370,8630,8190,8450,170590,0.020531400966183666
2024-09-03,8470,8640,8210,8230,91612,-0.026035502958579926
2024-09-04,7870,8140,7820,7980,69972,-0.03037667071688943
2024-09-05,7980,8180,7790,7920,62033,-0.007518796992481258
2024-09-06,8030,8030,7420,7420,125757,-0.06313131313131315
2024-09-09,7180,7440,7160,7350,82055,-0.009433962264150941
2024-09-10,7280,8250,7270,7270,71984,-0.010884353741496544
2024-09-11,7270,7890,7250,7600,89751,0.0453920220082531
2024-09-12,7640,8040,7410,7520,374354,-0.010526315789473717
2024-09-13,7650,7650,7470,7590,71284,0.009308510638297962
2024-09-19,7590,7740,7440,7550,77775,-0.005270092226614009
2024-09-20,7730,7790,7550,7580,98660,0.003973509933774766
2024-09-23,7450,7860,7450,7740,85917,0.02110817941952514
2024-09-24,7750,8200,7750,8180,151305,0.056847545219638196
2024-09-25,8200,8520,8010,8270,197465,0.011002444987775029
2024-09-26,8300,8690,8240,8690,148771,0.050785973397823536
2024-09-27,8650,8740,8550,8640,92876,-0.005753739930955071
2024-09-30,8640,8730,8300,8330,104605,-0.03587962962962965
2024-10-02,8140,8400,8110,8260,88947,-0.008403361344537785
2024-10-04,8120,8220,8030,8040,83544,-0.0266343825665859
2024-10-07,8050,8700,8050,8560,164379,0.06467661691542292
2024-10-08,8560,9430,8370,8770,1108569,0.02453271028037385
2024-10-10,8820,8860,8610,8700,148490,-0.007981755986317007
2024-10-11,8560,8720,8270,8320,132103,-0.04367816091954024
2024-10-14,8320,8370,8040,8240,82191,-0.009615384615384581
2024-10-15,8390,8390,7870,7920,128041,-0.03883495145631066
2024-10-16,8090,8160,7810,7830,71123,-0.011363636363636354
2024-10-17,7830,7950,7780,7800,61295,-0.003831417624521105
2024-10-18,7720,7790,7500,7590,94756,-0.02692307692307694
2024-10-21,7590,7730,7540,7610,44375,0.0026350461133068936
2024-10-22,7500,7520,7280,7390,115659,-0.02890932982917216
2024-10-23,7280,7630,7280,7470,73171,0.010825439783491264
2024-10-24,7510,7630,7370,7370,66933,-0.01338688085676043
2024-10-25,7450,7600,7210,7220,57011,-0.020352781546811416
2024-10-28,7140,7630,7140,7630,67638,0.056786703601108046
2024-10-29,7560,7620,7350,7580,39917,-0.006553079947575369
2024-10-30,7580,7700,7420,7420,50233,-0.02110817941952503
2024-10-31,7400,7590,7300,7420,52346,0.0
2024-11-01,7350,7440,7300,7310,68410,-0.014824797843665749
2024-11-04,7480,7730,7320,7720,91877,0.05608755129958953
2024-11-05,7610,7980,7610,7770,66955,0.006476683937823857
2024-11-06,7850,7880,7320,7370,110459,-0.051480051480051525
2024-11-07,7360,7360,7040,7040,121900,-0.04477611940298509
2024-11-08,7010,7370,7010,7080,83151,0.005681818181818121
2024-11-11,7260,7290,6530,6580,208157,-0.07062146892655363
2024-11-12,6520,6610,6250,6470,153853,-0.016717325227963542
2024-11-13,6270,6590,6120,6150,126128,-0.04945904173106641
2024-11-14,6100,6350,5870,6000,129713,-0.024390243902439046
2024-11-15,5710,5790,5450,5610,334824,-0.06499999999999995
2024-11-18,5610,5950,5500,5840,93346,0.04099821746880572
2024-11-19,5840,5890,5570,5770,70662,-0.011986301369863006
2024-11-20,5770,5940,5700,5780,45759,0.0017331022530329143
2024-11-21,5690,5840,5670,5760,104414,-0.0034602076124568004
2024-11-22,5760,5950,5710,5720,81488,-0.00694444444444442
2024-11-25,5750,6000,5750,6000,79166,0.04895104895104896
2024-11-26,6010,6220,5950,6000,62490,0.0
2024-11-27,5950,6000,5790,5790,85440,-0.03500000000000003
2024-11-28,5800,5910,5730,5880,59615,0.015544041450777257
2024-11-29,5890,5920,5510,5520,127133,-0.061224489795918324
2024-12-02,5540,5730,5450,5450,105156,-0.0126811594202898
2024-12-03,5380,5540,5380,5490,63302,0.007339449541284404
2024-12-04,5280,5590,5250,5300,151302,-0.03460837887067392
2024-12-05,5340,5350,5120,5140,108710,-0.030188679245283012
2024-12-06,5110,5190,4800,5070,135910,-0.013618677042801508
2024-12-09,4775,5060,4580,4630,188203,-0.08678500986193294
2024-12-10,4610,5020,4610,4985,94125,0.0766738660907127
2024-12-11,4985,5320,4985,5290,101873,0.0611835506519558
2024-12-12,5290,5430,5170,5310,59317,0.003780718336483968
2024-12-13,5310,5370,5240,5300,62603,-0.0018832391713747842
2024-12-16,5430,6000,5400,5550,988800,0.04716981132075482
2024-12-17,5590,5640,5310,5360,104643,-0.03423423423423422
2024-12-18,5310,5610,5310,5560,125541,0.03731343283582089
2024-12-19,5410,5470,5340,5370,58824,-0.03417266187050361
2024-12-20,5320,5320,5020,5140,63444,-0.04283054003724396
2024-12-23,5140,5340,5060,5300,58075,0.03112840466926059
2024-12-24,5380,5400,5140,5140,61663,-0.030188679245283012
2024-12-26,5130,5190,5000,5000,48832,-0.027237354085603127
2024-12-27,5050,5120,4890,5040,74251,0.008000000000000007
2024-12-30,5050,5150,4990,5130,25078,0.017857142857142794
2025-01-02,5130,5220,5070,5210,49360,0.015594541910331383
2025-01-03,5210,5520,5200,5450,106052,0.04606525911708248
2025-01-06,5500,5670,5450,5650,81356,0.03669724770642202
2025-01-07,5670,5810,5620,5660,64906,0.001769911504424737
2025-01-08,5650,5770,5560,5760,53751,0.0176678445229681
2025-01-09,5730,5810,5650,5800,60880,0.00694444444444442
2025-01-10,5870,5870,5660,5680,33547,-0.020689655172413834
2025-01-13,5630,5690,5530,5530,31653,-0.026408450704225372
2025-01-14,5520,5840,5520,5810,62012,0.05063291139240511
2025-01-15,5810,5920,5610,5630,63684,-0.030981067125645412
2025-01-16,5660,5770,5660,5680,39805,0.008880994671403242
2025-01-17,5620,5770,5620,5660,51696,-0.0035211267605633756
2025-01-20,5770,6430,5730,6260,634129,0.10600706713780927
2025-01-21,6220,6220,5820,5900,185681,-0.057507987220447254
2025-01-22,5860,6100,5840,5860,86953,-0.006779661016949157
2025-01-23,5880,5890,5600,5600,78361,-0.04436860068259385
2025-01-24,5550,5710,5530,5650,55507,0.008928571428571397
2025-01-31,5650,5740,5520,5560,55770,-0.015929203539822967
2025-02-03,5530,5560,5130,5150,97004,-0.07374100719424459
2025-02-04,5190,5430,5190,5270,57792,0.023300970873786353
2025-02-05,5270,5520,5270,5490,42868,0.04174573055028463
2025-02-06,5510,5530,5360,5510,49996,0.0036429872495447047
2025-02-07,5520,5640,5430,5500,79112,-0.001814882032667886
2025-02-10,5530,5700,5280,5650,100310,0.027272727272727337
2025-02-11,5650,5740,5570,5660,47561,0.001769911504424737
2025-02-12,5660,5820,5580,5630,93674,-0.005300353356890497
2025-02-13,5640,6380,5640,6160,558108,0.09413854351687378
2025-02-14,6260,6490,5910,6370,287657,0.03409090909090917
2025-02-17,6370,6680,6240,6460,281850,0.014128728414442682
2025-02-18,6480,6490,6230,6290,115024,-0.02631578947368418
2025-02-19,6300,6890,6300,6670,338971,0.060413354531001495
2025-02-20,6730,7020,6510,6660,310561,-0.0014992503748125774
2025-02-21,6660,6920,6540,6920,181677,0.039039039039038936
2025-02-24,6810,7850,6700,7110,1144946,0.027456647398844014
2025-02-25,7100,7170,6810,6810,276038,-0.04219409282700426
2025-02-26,6680,6920,6600,6810,202287,0.0
2025-02-27,6820,6830,6600,6680,120100,-0.019089574155653488
2025-02-28,6580,6580,6310,6340,143330,-0.050898203592814384
2025-03-04,6070,6250,6000,6080,127851,-0.04100946372239744
2025-03-05,6000,6330,6000,6220,58851,0.023026315789473673
2025-03-06,6250,6370,5940,5940,166243,-0.045016077170418
2025-03-07,5940,6140,5865,5960,78995,0.0033670033670034627
2025-03-10,5950,6090,5850,5990,81722,0.005033557046979942
2025-03-11,5660,5930,5620,5840,115957,-0.025041736227045086
2025-03-12,5850,6040,5830,6030,52679,0.03253424657534243
2025-03-13,6100,6100,5820,5820,104266,-0.03482587064676612
2025-03-14,5820,6110,5820,5990,70294,0.029209621993127044
2025-03-17,6030,6050,5910,5910,68219,-0.013355592654423987
2025-03-18,5940,6100,5850,5870,55180,-0.006768189509306244
2025-03-19,5870,6010,5820,5850,129068,-0.0034071550255536653
2025-03-20,5890,6140,5890,5930,92494,0.013675213675213627
2025-03-21,5920,5930,5660,5820,105269,-0.018549747048903886
2025-03-24,5880,5880,5690,5750,70975,-0.012027491408934665
2025-03-25,5800,5900,5610,5640,78261,-0.019130434782608674
2025-03-26,5710,5830,5600,5790,55577,0.02659574468085113
2025-03-27,5700,5720,5520,5520,95471,-0.04663212435233166
2025-03-28,5500,5550,5300,5360,59878,-0.02898550724637683
2025-03-31,5270,5350,4985,4995,108763,-0.06809701492537312
2025-04-01,5020,5220,5020,5090,105301,0.019019019019018923
2025-04-02,5120,5210,4955,4975,81429,-0.02259332023575633
2025-04-03,4860,4960,4805,4895,69453,-0.016080402010050232
2025-04-04,4750,5100,4750,5000,85579,0.021450459652706755
2025-04-07,4720,4950,4690,4905,147101,-0.019000000000000017
2025-04-08,4995,5060,4845,4845,79778,-0.012232415902140636
2025-04-09,4810,4915,4730,4730,90484,-0.023735810113519107
2025-04-10,4920,5190,4910,5190,128128,0.09725158562367864
2025-04-11,5030,5250,5030,5240,56413,0.009633911368015502
2025-04-14,5240,5380,5240,5380,58283,0.026717557251908497
2025-04-15,5400,5450,5300,5420,35950,0.0074349442379182396
2025-04-16,5420,5520,5300,5310,45423,-0.020295202952029467
2025-04-17,5310,5520,5090,5470,57591,0.030131826741996326
2025-04-18,5500,5590,5410,5590,47827,0.021937842778793515
2025-04-21,5590,5680,5550,5630,58300,0.007155635062611854
2025-04-22,5590,5720,5540,5640,43060,0.001776198934280604
2025-04-23,5740,5770,5640,5760,68815,0.02127659574468077
2025-04-24,5800,5800,5710,5740,43494,-0.00347222222222221
2025-04-25,5750,5850,5500,5820,62442,0.013937282229965264
2025-04-28,5820,5980,5780,5790,57270,-0.005154639175257714
2025-04-29,5790,5890,5750,5840,40082,0.008635578583765069
2025-04-30,5850,5850,5720,5720,64084,-0.020547945205479423
2025-05-02,5720,5800,5640,5690,32865,-0.005244755244755206
2025-05-07,5690,5740,5490,5660,53808,-0.005272407732864637
2025-05-08,5660,5750,5660,5730,54175,0.012367491166077826
2025-05-09,5660,5680,5580,5610,71298,-0.020942408376963373
2025-05-12,5620,5800,5620,5740,80908,0.02317290552584672
2025-05-13,5760,5820,5630,5710,63906,-0.005226480836236891
2025-05-14,5690,5760,5610,5690,86205,-0.003502626970227629
2025-05-15,5650,5690,5470,5520,83940,-0.02987697715289983
2025-05-16,5530,5530,5390,5520,93995,0.0
2025-05-19,5480,5480,5330,5450,67883,-0.0126811594202898
2025-05-20,5450,5510,5200,5240,98437,-0.038532110091743066
2025-05-21,5240,5300,5110,5200,87665,-0.007633587786259555
2025-05-22,5130,5280,5090,5170,93548,-0.005769230769230749
2025-05-23,5140,5230,5000,5000,90372,-0.03288201160541582
2025-05-26,5000,5390,5000,5230,108958,0.04600000000000004
2025-05-27,5230,5230,5110,5200,47720,-0.005736137667303964
2025-05-28,5270,5890,5180,5530,812664,0.06346153846153846
2025-05-29,5530,5690,5380,5640,175249,0.019891500904159143
2025-05-30,5660,5810,5540,5710,120151,0.012411347517730542
2025-06-02,5710,5830,5680,5780,106593,0.012259194395796813
2025-06-04,5740,5935,5740,5930,92441,0.02595155709342567
2025-06-05,5930,6230,5840,6220,163733,0.04890387858347389
2025-06-09,6220,6280,6090,6200,131239,-0.003215434083601254
2025-06-10,6230,6320,6120,6180,109977,-0.003225806451612856
2025-06-11,6280,6320,6170,6190,95800,0.0016181229773462036
2025-06-12,6200,6250,6040,6050,135496,-0.022617124394184174
2025-06-13,6050,6090,5920,5960,113768,-0.014876033057851235
2025-06-16,5900,5920,5760,5830,104626,-0.021812080536912748
2025-06-17,5980,6140,5810,5980,138761,0.02572898799313883
2025-06-18,5940,6100,5900,6040,106402,0.010033444816053505
2025-06-19,6100,6100,5940,5960,81671,-0.013245033112582738
2025-06-20,5960,6110,5860,6040,118719,0.01342281879194629
2025-06-23,5980,6020,5740,5890,137393,-0.024834437086092676
2025-06-24,5990,7350,5990,6390,4189905,0.08488964346349737
2025-06-25,6390,6480,6310,6430,282760,0.006259780907668322
2025-06-26,6440,6530,6250,6250,224110,-0.027993779160186638
2025-06-27,6260,6330,6080,6130,173338,-0.019199999999999995
2025-06-30,6130,6210,6030,6060,109288,-0.011419249592169667
2025-07-01,6100,6310,6070,6270,141656,0.034653465346534684
2025-07-02,6320,6400,6120,6380,147640,0.01754385964912286
2025-07-03,6380,6640,6340,6600,231222,0.034482758620689724
2025-07-04,6600,6670,6480,6610,164478,0.0015151515151514694
2025-07-07,6610,6610,6400,6500,133574,-0.016641452344931973
2025-07-08,6380,6530,6370,6420,97897,-0.012307692307692353
2025-07-09,6430,6700,6410,6450,172879,0.004672897196261738
2025-07-10,6460,6680,6460,6550,140058,0.015503875968992276
2025-07-11,6650,7020,6590,6910,393340,0.05496183206106875
2025-07-14,6950,7250,6850,7000,291911,0.013024602026049159
2025-07-15,7030,7170,6880,7080,176550,0.011428571428571344
2025-07-16,7100,7440,6960,7230,349739,0.021186440677966045
2025-07-17,7250,7290,6980,7090,168142,-0.019363762102351356
2025-07-18,7100,7310,7000,7050,216266,-0.005641748942172065
2025-07-21,7080,7700,7070,7570,595287,0.07375886524822706
2025-07-22,7600,7600,7200,7270,253759,-0.039630118890356725
2025-07-23,7370,7370,7020,7180,166736,-0.012379642365887178
2025-07-24,7200,7320,7150,7240,121025,0.008356545961002881
2025-07-25,7280,7330,7050,7090,156893,-0.02071823204419887
