Date,Open,High,Low,Close,Volume,Change
2022-01-03,3445,3500,3420,3500,15698,0.0159651669085632
2022-01-04,3490,3530,3465,3530,20939,0.008571428571428674
2022-01-05,3485,3530,3460,3465,44558,-0.018413597733711096
2022-01-06,3465,3465,3385,3400,23509,-0.018759018759018753
2022-01-07,3385,3470,3380,3455,23231,0.016176470588235237
2022-01-10,3465,3465,3330,3380,28731,-0.02170767004341534
2022-01-11,3380,3380,3295,3350,25102,-0.00887573964497046
2022-01-12,3345,3365,3290,3355,23938,0.0014925373134329067
2022-01-13,3375,3405,3355,3380,18552,0.007451564828613977
2022-01-14,3380,3385,3290,3310,45630,-0.020710059171597628
2022-01-17,3310,3330,3260,3285,20379,-0.007552870090634434
2022-01-18,3250,3290,3200,3200,30009,-0.025875190258751957
2022-01-19,3150,3230,3150,3165,16341,-0.010937500000000044
2022-01-20,3130,3300,3125,3260,28935,0.03001579778830954
2022-01-21,3260,3320,3100,3155,83075,-0.03220858895705525
2022-01-24,3100,3130,3045,3085,30492,-0.022187004754358197
2022-01-25,3030,3070,2880,2910,58589,-0.05672609400324147
2022-01-26,2870,2955,2860,2860,39516,-0.01718213058419249
2022-01-27,2860,2995,2835,2920,39688,0.020979020979021046
2022-01-28,2920,3040,2875,2930,19905,0.003424657534246478
2022-02-03,2960,3075,2960,3060,19333,0.04436860068259385
2022-02-04,3090,3125,3060,3120,23276,0.019607843137254832
2022-02-07,3150,3250,3140,3185,14116,0.02083333333333326
2022-02-08,3195,3235,3150,3190,17036,0.0015698587127157548
2022-02-09,3155,3260,3140,3140,21022,-0.01567398119122254
2022-02-10,3165,3210,3150,3155,11803,0.004777070063694211
2022-02-11,3130,3155,3040,3065,18011,-0.02852614896988903
2022-02-14,3020,3020,2910,2970,13342,-0.030995106035889064
2022-02-15,2915,3100,2875,2940,35645,-0.010101010101010055
2022-02-16,2940,3070,2940,3050,23232,0.03741496598639449
2022-02-17,3080,3175,3055,3155,71039,0.03442622950819674
2022-02-18,3155,3155,3090,3140,22236,-0.004754358161648153
2022-02-21,3145,3150,3060,3140,13134,0.0
2022-02-22,3140,3145,2980,3060,16770,-0.02547770700636942
2022-02-23,3010,3030,2975,2990,16701,-0.022875816993464082
2022-02-24,2990,3000,2895,2925,30289,-0.021739130434782594
2022-02-25,2925,2965,2890,2920,20540,-0.0017094017094017033
2022-02-28,2925,2960,2925,2945,9914,0.008561643835616417
2022-03-02,2950,3000,2950,2980,18223,0.011884550084889645
2022-03-03,2990,3060,2985,3005,26758,0.008389261744966348
2022-03-04,3005,3045,2960,3030,41855,0.008319467554076532
2022-03-07,3030,3035,2915,2970,23543,-0.01980198019801982
2022-03-08,2870,2925,2865,2890,34310,-0.026936026936026924
2022-03-10,2875,2950,2850,2910,20673,0.006920415224913601
2022-03-11,2925,2945,2895,2930,18092,0.0068728522336769515
2022-03-14,2930,2985,2900,2925,21976,-0.0017064846416382506
2022-03-15,2895,2940,2895,2940,10581,0.00512820512820511
2022-03-16,3000,3080,2970,2975,11803,0.011904761904761862
2022-03-17,3005,3020,2980,2985,14411,0.003361344537815114
2022-03-18,3020,3085,2995,3055,22338,0.02345058626465657
2022-03-21,3055,3090,3055,3060,20672,0.0016366612111293755
2022-03-22,3060,3150,3010,3095,17747,0.011437908496731986
2022-03-23,3160,3160,3085,3095,19987,0.0
2022-03-24,3105,3145,3095,3135,10751,0.01292407108239102
2022-03-25,3120,3140,3090,3095,20596,-0.012759170653907526
2022-03-28,3095,3095,3040,3070,17367,-0.008077544426494332
2022-03-29,3070,3140,3070,3130,28734,0.019543973941368087
2022-03-30,3135,3155,3115,3145,18799,0.004792332268370503
2022-03-31,3145,3300,3090,3270,47072,0.03974562798092207
2022-04-01,3260,3320,3235,3315,43819,0.013761467889908285
2022-04-04,3290,3415,3270,3415,49283,0.030165912518853588
2022-04-05,3415,3480,3405,3480,55012,0.019033674963396807
2022-04-06,3455,3470,3395,3400,45968,-0.02298850574712641
2022-04-07,3400,3400,3310,3335,35895,-0.019117647058823573
2022-04-08,3305,3315,3280,3295,16091,-0.01199400299850073
2022-04-11,3285,3290,3255,3270,15942,-0.007587253414264028
2022-04-12,3255,3255,3170,3170,20388,-0.030581039755351647
2022-04-13,3170,3270,3135,3270,32630,0.03154574132492116
2022-04-14,3270,3270,3220,3225,21377,-0.013761467889908285
2022-04-15,3225,3240,3200,3240,11943,0.0046511627906977715
2022-04-18,3240,3270,3200,3270,18264,0.0092592592592593
2022-04-19,3240,3270,3220,3250,27326,-0.006116207951070374
2022-04-20,3280,3300,3250,3275,21757,0.007692307692307665
2022-04-21,3275,3320,3240,3295,28072,0.006106870229007688
2022-04-22,3295,3320,3260,3265,16166,-0.009104704097116834
2022-04-25,3190,3220,3110,3145,21172,-0.03675344563552829
2022-04-26,3130,3185,3110,3180,38485,0.0111287758346581
2022-04-27,3150,3150,3100,3100,12697,-0.02515723270440251
2022-04-28,3100,3145,3035,3055,16400,-0.014516129032258074
2022-04-29,3060,3120,3055,3070,17741,0.004909983633387904
2022-05-02,3095,3095,3040,3090,31700,0.006514657980456029
2022-05-03,3090,3130,3080,3110,8757,0.006472491909385036
2022-05-04,3185,4040,3185,4040,4671677,0.2990353697749195
2022-05-06,4155,4220,3665,3810,2325672,-0.05693069306930698
2022-05-09,3875,4900,3770,4350,10324414,0.1417322834645669
2022-05-10,4520,5100,4050,4340,3469577,-0.0022988505747126853
2022-05-11,4245,4245,4075,4105,681046,-0.054147465437788034
2022-05-12,4065,4070,3830,3920,571262,-0.045066991473812434
2022-05-13,3940,4290,3705,3825,1860490,-0.02423469387755106
2022-05-16,3810,4000,3755,4000,536988,0.045751633986928164
2022-05-17,4000,4020,3895,3950,248782,-0.012499999999999956
2022-05-18,3950,4165,3840,4150,995364,0.05063291139240511
2022-05-19,4085,4190,3955,4120,306937,-0.0072289156626506035
2022-05-20,4120,4200,3965,4090,259907,-0.007281553398058249
2022-05-23,4005,4030,3860,3870,221300,-0.05378973105134477
2022-05-24,3870,3930,3625,3785,306108,-0.021963824289405687
2022-05-25,3785,3850,3705,3840,95659,0.014531043593130732
2022-05-26,3910,3920,3745,3805,85053,-0.00911458333333337
2022-05-27,3805,3875,3775,3865,69632,0.01576872536136653
2022-05-30,3870,3940,3845,3860,75399,-0.001293661060802087
2022-05-31,3870,4035,3830,4020,178027,0.041450777202072464
2022-06-02,4095,4095,3960,4040,163827,0.004975124378109541
2022-06-03,4040,4170,4005,4105,177460,0.016089108910890992
2022-06-07,4100,4105,3950,3950,106924,-0.037758830694275325
2022-06-08,3950,4080,3820,4010,79911,0.0151898734177216
2022-06-09,4000,4000,3830,3985,80058,-0.006234413965087282
2022-06-10,3970,3985,3800,3870,150737,-0.02885821831869506
2022-06-13,3705,3790,3465,3590,129455,-0.07235142118863047
2022-06-14,3515,3860,3410,3660,133434,0.01949860724233976
2022-06-15,3620,3695,3480,3530,80127,-0.03551912568306015
2022-06-16,3600,3680,3530,3530,50298,0.0
2022-06-17,3530,3530,3305,3460,78475,-0.019830028328611915
2022-06-20,3460,3535,3125,3180,108084,-0.08092485549132944
2022-06-21,3145,3305,3145,3250,38828,0.022012578616352307
2022-06-22,3350,3350,2970,3000,100440,-0.07692307692307687
2022-06-23,3000,3100,2785,2825,118687,-0.05833333333333335
2022-06-24,2825,2980,2770,2935,66550,0.038938053097345104
2022-06-27,3010,3115,2935,3050,47484,0.03918228279386704
2022-06-28,3080,3115,3025,3110,32430,0.01967213114754096
2022-06-29,3110,3120,2990,3120,37714,0.003215434083601254
2022-06-30,3120,3175,3010,3085,100448,-0.011217948717948678
2022-07-01,3070,3130,2970,2975,87176,-0.03565640194489461
2022-07-04,2945,2975,2825,2900,45293,-0.025210084033613467
2022-07-05,2900,3050,2885,3005,27433,0.036206896551724155
2022-07-06,3020,3030,2930,2935,24531,-0.02329450915141429
2022-07-07,2980,3035,2970,3015,14686,0.027257240204429323
2022-07-08,3025,3090,3010,3070,21634,0.018242122719734688
2022-07-11,3095,3155,3010,3080,18006,0.0032573289902280145
2022-07-12,3075,3080,2910,3025,24911,-0.017857142857142905
2022-07-13,3000,3025,2930,2965,14304,-0.01983471074380161
2022-07-14,2925,2995,2865,2920,26929,-0.015177065767284947
2022-07-15,2935,3045,2830,2930,28742,0.003424657534246478
2022-07-18,2940,3100,2905,2945,33729,0.005119453924914641
2022-07-19,2960,3035,2905,2975,22156,0.01018675721561979
2022-07-20,3000,3055,3000,3045,22852,0.0235294117647058
2022-07-21,3045,3090,3005,3015,12199,-0.009852216748768461
2022-07-22,3015,3100,2990,3060,37225,0.014925373134328401
2022-07-25,3060,3090,2970,3050,14549,-0.0032679738562091387
2022-07-26,3005,3050,3005,3005,11599,-0.014754098360655776
2022-07-27,3005,3030,3005,3025,6733,0.006655574043261225
2022-07-28,3030,3100,3000,3010,16797,-0.0049586776859503745
2022-07-29,3020,3090,3020,3090,23681,0.02657807308970095
2022-08-01,3120,3120,3020,3070,22173,-0.006472491909385147
2022-08-02,3070,3095,2960,2970,24872,-0.032573289902280145
2022-08-03,2970,3025,2960,3015,16363,0.015151515151515138
2022-08-04,3070,3275,3070,3190,176847,0.05804311774461035
2022-08-05,3210,3210,3000,3110,84332,-0.025078369905956133
2022-08-08,3110,3135,3075,3130,28324,0.006430868167202508
2022-08-09,3130,3135,3065,3120,21302,-0.0031948881789137795
2022-08-10,3120,3120,3095,3105,24259,-0.004807692307692291
2022-08-11,3105,3160,3105,3125,14277,0.006441223832528209
2022-08-12,3140,3990,3130,3600,4657804,0.1519999999999999
2022-08-16,3700,3710,3590,3595,340764,-0.001388888888888884
2022-08-17,3675,3675,3425,3465,219194,-0.03616133518776077
2022-08-18,3455,3455,3330,3430,102161,-0.010101010101010055
2022-08-19,3430,3550,3375,3550,153106,0.03498542274052485
2022-08-22,3500,3500,3375,3390,80047,-0.04507042253521132
2022-08-23,3310,3330,3235,3295,83766,-0.028023598820059004
2022-08-24,3260,3340,3255,3330,43184,0.01062215477996964
2022-08-25,3360,3420,3330,3410,40065,0.024024024024023927
2022-08-26,3410,3460,3310,3330,70989,-0.02346041055718473
2022-08-29,3315,3320,3140,3310,47246,-0.006006006006005982
2022-08-30,3260,3370,3255,3355,20963,0.013595166163141936
2022-08-31,3360,3365,3270,3350,17213,-0.0014903129657227732
2022-09-01,3350,3405,3285,3350,45822,0.0
2022-09-02,3350,3680,3330,3580,680811,0.06865671641791038
2022-09-05,3580,3580,3420,3535,126325,-0.012569832402234637
2022-09-06,3575,3615,3515,3535,75258,0.0
2022-09-07,3530,3530,3385,3485,65312,-0.014144271570014189
2022-09-08,3500,3615,3500,3570,113119,0.024390243902439046
2022-09-13,3575,3640,3480,3615,82289,0.012605042016806678
2022-09-14,3540,3540,3415,3525,40765,-0.024896265560165998
2022-09-15,3525,3560,3475,3505,34659,-0.005673758865248235
2022-09-16,3480,3495,3390,3425,38991,-0.022824536376604865
2022-09-19,3425,3440,3270,3275,41395,-0.04379562043795615
2022-09-20,3275,3325,3265,3285,15631,0.003053435114503733
2022-09-21,3285,3330,3250,3270,28294,-0.004566210045662156
2022-09-22,3210,3430,3100,3265,62506,-0.001529051987767538
2022-09-23,3340,3340,3130,3175,50199,-0.027565084226646275
2022-09-26,3140,3165,2940,2940,54459,-0.07401574803149602
2022-09-27,2930,2990,2730,2965,49200,0.008503401360544283
2022-09-28,2880,2965,2740,2845,50456,-0.0404721753794266
2022-09-29,2845,2940,2820,2940,16939,0.033391915641476366
2022-09-30,2850,2900,2820,2860,23797,-0.027210884353741527
2022-10-04,2860,2940,2860,2905,16171,0.01573426573426584
2022-10-05,2965,2965,2835,2840,21480,-0.022375215146299476
2022-10-06,2890,2950,2880,2930,31864,0.03169014084507049
2022-10-07,2930,2955,2890,2900,11831,-0.010238907849829393
2022-10-11,2900,2900,2750,2750,42573,-0.051724137931034475
2022-10-12,2750,2790,2690,2690,18942,-0.021818181818181848
2022-10-13,2690,2690,2515,2535,49720,-0.05762081784386619
2022-10-14,2540,2750,2540,2585,20170,0.019723865877712132
2022-10-17,2595,2850,2595,2785,100056,0.07736943907156668
2022-10-18,2790,2840,2780,2795,8487,0.0035906642728904536
2022-10-19,2795,2890,2790,2890,16012,0.03398926654740597
2022-10-20,2890,2920,2780,2830,7727,-0.02076124567474047
2022-10-21,2800,2820,2720,2775,5364,-0.019434628975265045
2022-10-24,2720,2745,2700,2725,15757,-0.018018018018018056
2022-10-25,2750,2805,2750,2785,12540,0.022018348623853212
2022-10-26,2785,2845,2720,2740,16522,-0.016157989228007152
2022-10-27,2740,2800,2740,2795,2640,0.02007299270072993
2022-10-28,2795,2870,2755,2780,10000,-0.00536672629695889
2022-10-31,2785,2840,2785,2800,13333,0.007194244604316502
2022-11-01,2805,2865,2750,2865,32886,0.023214285714285632
2022-11-02,2865,2935,2810,2810,31990,-0.01919720767888311
2022-11-03,2780,2790,2735,2770,8968,-0.014234875444839812
2022-11-04,2770,2800,2650,2650,61769,-0.04332129963898912
2022-11-07,2650,2700,2640,2690,24696,0.015094339622641506
2022-11-08,2690,2740,2675,2720,50784,0.011152416356877248
2022-11-09,2700,2750,2695,2725,26910,0.0018382352941177516
2022-11-10,2725,2990,2690,2790,154913,0.023853211009174258
2022-11-11,3625,3625,3625,3625,337056,0.2992831541218639
2022-11-14,3630,3930,3375,3430,2224967,-0.053793103448275814
2022-11-15,3430,3430,3225,3325,246849,-0.030612244897959218
2022-11-16,3270,3370,3270,3310,162554,-0.004511278195488688
2022-11-17,3350,3360,3140,3220,133670,-0.027190332326283984
2022-11-18,3220,3260,3175,3200,82038,-0.006211180124223614
2022-11-21,3235,3400,3185,3290,189996,0.028124999999999956
2022-11-22,3295,3295,3150,3150,72592,-0.04255319148936165
2022-11-23,3155,3185,2935,3130,53639,-0.006349206349206327
2022-11-24,3130,3265,3125,3260,48420,0.04153354632587858
2022-11-25,3225,3305,3180,3295,40945,0.010736196319018454
2022-11-28,3295,3295,3120,3150,41099,-0.04400606980273136
2022-11-29,3120,3180,3110,3175,25490,0.007936507936507908
2022-11-30,3175,3235,3155,3185,17307,0.0031496062992126816
2022-12-01,3220,3275,3200,3265,48465,0.02511773940345363
2022-12-02,3255,3280,3200,3270,24709,0.0015313935681469104
2022-12-05,3275,4095,3210,3700,4642076,0.13149847094801226
2022-12-06,3630,3705,3270,3375,831779,-0.08783783783783783
2022-12-07,3375,3450,3305,3365,240694,-0.002962962962962945
2022-12-08,3425,3490,3160,3210,267298,-0.04606240713224363
2022-12-09,3205,3350,3180,3290,174049,0.024922118380062308
2022-12-12,3395,3430,3245,3265,155342,-0.0075987841945288626
2022-12-13,3265,3290,3175,3175,48254,-0.027565084226646275
2022-12-14,3180,3270,3150,3165,87702,-0.0031496062992125706
2022-12-15,3200,3270,3165,3260,64319,0.03001579778830954
2022-12-16,3250,3250,3120,3170,38283,-0.027607361963190136
2022-12-19,3170,3280,3155,3220,44874,0.01577287066246047
2022-12-20,3180,3250,3055,3080,60568,-0.04347826086956519
2022-12-21,3100,3135,3005,3005,28150,-0.024350649350649345
2022-12-22,3010,3100,3005,3010,20949,0.0016638935108153063
2022-12-23,3010,3055,2870,3010,57348,0.0
2022-12-26,2960,3000,2930,2950,25012,-0.019933554817275767
2022-12-27,2940,3000,2900,2950,25560,0.0
2022-12-28,2980,3000,2930,2950,16747,0.0
2022-12-29,2910,2955,2860,2860,28315,-0.03050847457627115
2023-01-02,2820,2975,2810,2920,25964,0.020979020979021046
2023-01-03,3055,3055,2825,2905,14973,-0.005136986301369828
2023-01-04,2875,2990,2875,2955,17035,0.01721170395869187
2023-01-05,2950,3060,2950,3040,19831,0.02876480541455151
2023-01-06,3040,3110,3005,3095,13078,0.018092105263157965
2023-01-09,3095,3225,3090,3155,31023,0.01938610662358653
2023-01-10,3155,3215,3120,3120,17106,-0.011093502377179099
2023-01-11,3120,3205,3120,3205,27073,0.027243589743589647
2023-01-12,3205,3230,3175,3185,18084,-0.006240249609984372
2023-01-13,3280,3330,3155,3155,19937,-0.009419152276295084
2023-01-16,3155,3295,3155,3220,17476,0.020602218700475516
2023-01-17,3280,3280,3170,3185,14209,-0.010869565217391353
2023-01-18,3155,3195,3105,3105,7410,-0.025117739403453743
2023-01-19,3105,3235,3100,3220,32548,0.03703703703703698
2023-01-20,3250,3250,3190,3225,9793,0.0015527950310558758
2023-01-25,3260,3270,3220,3255,25424,0.009302325581395321
2023-01-26,3255,3350,3235,3260,37818,0.001536098310291889
2023-01-27,3260,3310,3185,3190,29058,-0.021472392638036797
2023-01-30,3250,3250,3190,3190,12414,0.0
2023-01-31,3190,3210,3130,3180,23433,-0.0031347962382445305
2023-02-01,3175,3255,3165,3225,9543,0.014150943396226356
2023-02-02,3190,3225,3190,3200,20502,-0.007751937984496138
2023-02-03,3200,3215,3170,3170,17515,-0.009375000000000022
2023-02-06,3130,3190,3065,3080,28192,-0.028391167192429068
2023-02-07,3075,3080,2995,3010,41501,-0.022727272727272707
2023-02-08,3010,3035,2980,3030,23765,0.006644518272425293
2023-02-09,3050,3050,3010,3040,16484,0.0033003300330032292
2023-02-10,3040,3040,2960,2970,16051,-0.023026315789473673
2023-02-13,2975,3000,2950,2955,11071,-0.005050505050505083
2023-02-14,2960,3000,2960,2960,11224,0.0016920473773265332
2023-02-15,2965,3005,2930,2930,18816,-0.010135135135135087
2023-02-16,2930,3000,2930,2945,9898,0.005119453924914641
2023-02-17,2985,2985,2940,2965,13617,0.00679117147707986
2023-02-20,2965,3050,2935,3030,22173,0.021922428330522825
2023-02-21,3030,3070,2975,2975,15784,-0.018151815181518205
2023-02-22,2975,2980,2865,2920,20709,-0.01848739495798324
2023-02-23,2920,2975,2895,2915,19079,-0.001712328767123239
2023-02-24,2950,2960,2810,2810,32136,-0.03602058319039447
2023-02-27,2835,2860,2800,2850,54636,0.014234875444839812
2023-02-28,2850,2870,2830,2870,7797,0.007017543859649145
2023-03-02,2895,2895,2825,2860,10504,-0.0034843205574912606
2023-03-03,2890,2890,2800,2830,15783,-0.010489510489510523
2023-03-06,2830,2830,2760,2780,37207,-0.017667844522968212
2023-03-07,2810,2840,2720,2775,34013,-0.0017985611510791255
2023-03-08,2800,2800,2725,2745,17027,-0.010810810810810811
2023-03-09,2745,2750,2695,2700,41630,-0.016393442622950838
2023-03-10,2700,2705,2575,2575,50719,-0.04629629629629628
2023-03-13,2550,2560,2460,2540,41326,-0.013592233009708687
2023-03-14,2530,2530,2395,2415,40233,-0.049212598425196874
2023-03-15,2405,2475,2400,2410,32167,-0.0020703933747412417
2023-03-16,2435,2450,2335,2425,45891,0.006224066390041472
2023-03-17,2425,2555,2425,2520,37457,0.039175257731958846
2023-03-20,2545,2555,2480,2500,26699,-0.007936507936507908
2023-03-21,2500,2500,2410,2425,19496,-0.030000000000000027
2023-03-22,2450,2450,2400,2420,16887,-0.0020618556701030855
2023-03-23,2420,2445,2350,2350,32164,-0.02892561983471076
2023-03-24,2350,2430,2350,2410,29416,0.025531914893617058
2023-03-27,2415,2480,2410,2480,30576,0.029045643153526868
2023-03-28,2510,2610,2460,2595,42415,0.0463709677419355
2023-03-29,2570,2630,2500,2580,38377,-0.005780346820809301
2023-03-30,2590,2610,2550,2610,20611,0.011627906976744207
2023-03-31,2625,2645,2520,2525,40360,-0.03256704980842917
2023-04-03,2585,2635,2555,2600,39035,0.02970297029702973
2023-04-04,2645,2745,2625,2740,56617,0.05384615384615388
2023-04-05,2740,2855,2650,2825,81349,0.031021897810219023
2023-04-06,2820,2830,2745,2825,33390,0.0
2023-04-07,2805,2820,2770,2820,29548,-0.001769911504424737
2023-04-10,2815,2815,2730,2745,18390,-0.02659574468085102
2023-04-11,2745,2760,2635,2755,43736,0.0036429872495447047
2023-04-12,2780,2795,2755,2785,24221,0.010889292196007316
2023-04-13,2800,2800,2745,2745,16258,-0.014362657091561926
2023-04-14,2780,2780,2720,2750,14463,0.0018214936247722413
2023-04-17,2750,2750,2700,2720,31651,-0.010909090909090868
2023-04-18,2720,2750,2690,2710,33072,-0.003676470588235281
2023-04-19,2740,2750,2680,2735,30593,0.009225092250922495
2023-04-20,2735,2750,2680,2710,40811,-0.009140767824497242
2023-04-21,2685,2685,2625,2625,31146,-0.03136531365313655
2023-04-24,2595,2600,2530,2530,32885,-0.03619047619047622
2023-04-25,2530,2530,2430,2430,33276,-0.03952569169960474
2023-04-26,2405,2465,2400,2465,31670,0.014403292181069949
2023-04-27,2440,2490,2410,2480,34518,0.006085192697768749
2023-04-28,2505,2520,2420,2495,95271,0.006048387096774244
2023-05-02,2495,2550,2470,2540,29139,0.018036072144288484
2023-05-03,2565,2580,2540,2570,22931,0.011811023622047223
2023-05-04,2560,2570,2545,2570,14517,0.0
2023-05-08,2570,2620,2550,2570,16318,0.0
2023-05-09,2580,2615,2490,2490,36134,-0.0311284046692607
2023-05-10,2515,2730,2490,2700,62706,0.0843373493975903
2023-05-11,2640,2680,2605,2655,28902,-0.01666666666666672
2023-05-12,2635,2655,2580,2615,22465,-0.015065913370998163
2023-05-15,2615,2615,2520,2520,41422,-0.03632887189292544
2023-05-16,2520,2600,2520,2590,24690,0.02777777777777768
2023-05-17,2590,2695,2590,2640,32043,0.019305019305019266
2023-05-18,2665,2700,2640,2695,30937,0.02083333333333326
2023-05-19,2720,2725,2710,2725,22658,0.011131725417439675
2023-05-22,2725,2750,2725,2740,29357,0.005504587155963359
2023-05-23,2740,2785,2740,2770,12129,0.010948905109489093
2023-05-24,2770,2805,2730,2800,44311,0.010830324909747224
2023-05-25,2800,2815,2745,2765,17447,-0.012499999999999956
2023-05-26,2765,2765,2660,2660,18409,-0.03797468354430378
2023-05-30,2660,2660,2620,2655,20098,-0.001879699248120259
2023-05-31,2655,2700,2640,2670,26899,0.005649717514124353
2023-06-01,2695,2705,2630,2635,23591,-0.01310861423220977
2023-06-02,2635,2765,2625,2760,44669,0.04743833017077792
2023-06-05,2760,2775,2745,2775,14796,0.005434782608695565
2023-06-07,2775,2795,2535,2620,87760,-0.05585585585585584
2023-06-08,2690,2705,2635,2680,35228,0.022900763358778553
2023-06-09,2685,2725,2675,2675,35913,-0.001865671641791078
2023-06-12,2675,2750,2650,2670,37528,-0.0018691588785046953
2023-06-13,2665,2690,2640,2655,16499,-0.005617977528089901
2023-06-14,2655,2665,2490,2530,79127,-0.04708097928436916
2023-06-15,2520,2525,2460,2485,32140,-0.017786561264822143
2023-06-16,2495,2550,2495,2540,28760,0.02213279678068414
2023-06-19,2550,2600,2550,2600,12792,0.023622047244094446
2023-06-20,2605,2630,2605,2620,20510,0.007692307692307665
2023-06-21,2620,2635,2555,2570,16354,-0.01908396946564883
2023-06-22,2570,2570,2535,2550,17668,-0.0077821011673151474
2023-06-23,2515,2525,2500,2515,14360,-0.013725490196078383
2023-06-26,2490,2640,2490,2640,42165,0.0497017892644136
2023-06-27,2700,3055,2690,2780,1019808,0.05303030303030298
2023-06-28,2780,2840,2750,2820,97930,0.014388489208633004
2023-06-29,2840,2910,2795,2890,59861,0.024822695035461084
2023-06-30,2890,2890,2700,2780,43328,-0.03806228373702425
2023-07-03,2780,2900,2765,2835,61299,0.019784172661870603
2023-07-04,2860,2950,2850,2870,60990,0.012345679012345734
2023-07-05,2930,2930,2840,2840,30115,-0.010452961672473893
2023-07-06,2825,2840,2755,2755,14148,-0.029929577464788748
2023-07-07,2710,2730,2525,2645,56014,-0.03992740471869327
2023-07-10,2610,2645,2605,2620,15194,-0.009451795841209809
2023-07-11,2610,2685,2590,2625,24899,0.001908396946564972
2023-07-12,2635,2680,2630,2670,12537,0.017142857142857126
2023-07-13,2670,2715,2670,2705,12403,0.013108614232209659
2023-07-14,2735,2735,2665,2690,12867,-0.00554528650646946
2023-07-17,2690,2690,2635,2655,10950,-0.013011152416356864
2023-07-18,2620,2655,2575,2625,19921,-0.011299435028248594
2023-07-19,2620,2700,2580,2625,20916,0.0
2023-07-20,2625,2635,2560,2625,35865,0.0
2023-07-21,2620,2620,2590,2610,14694,-0.005714285714285672
2023-07-24,2610,2610,2530,2565,46737,-0.017241379310344862
2023-07-25,2550,2555,2465,2535,35687,-0.011695906432748537
2023-07-26,2520,2565,2410,2425,77116,-0.04339250493096647
2023-07-27,2410,2495,2395,2460,19229,0.014432989690721598
2023-07-28,2470,2605,2470,2560,34656,0.04065040650406515
2023-07-31,2560,2600,2535,2565,17278,0.001953125
2023-08-01,2565,2660,2565,2565,13042,0.0
2023-08-02,2510,2620,2500,2500,8714,-0.025341130604288553
2023-08-03,2510,2635,2510,2570,23991,0.028000000000000025
2023-08-04,2570,2610,2540,2600,10451,0.011673151750972721
2023-08-07,2585,2600,2545,2565,10441,-0.013461538461538414
2023-08-08,2565,2655,2535,2545,17646,-0.007797270955165692
2023-08-09,2545,2600,2520,2550,11417,0.0019646365422396617
2023-08-10,2575,2600,2555,2585,9445,0.013725490196078383
2023-08-11,2585,2635,2565,2590,10345,0.0019342359767891004
2023-08-14,2590,2610,2535,2550,15222,-0.015444015444015413
2023-08-16,2520,2520,2435,2445,31440,-0.04117647058823526
2023-08-17,2440,2440,2255,2335,87609,-0.04498977505112478
2023-08-18,2335,2335,2250,2335,40101,0.0
2023-08-21,2335,2390,2315,2350,28889,0.0064239828693790635
2023-08-22,2355,2390,2330,2330,10879,-0.008510638297872353
2023-08-23,2370,2430,2305,2355,23100,0.010729613733905685
2023-08-24,2340,2350,2290,2310,19842,-0.019108280254777066
2023-08-25,2310,2330,2230,2250,37550,-0.025974025974025983
2023-08-28,2250,2275,2245,2270,32854,0.008888888888888946
2023-08-29,2270,2380,2270,2360,22671,0.0396475770925111
2023-08-30,2375,2400,2335,2380,14688,0.008474576271186418
2023-08-31,2380,2420,2355,2385,27409,0.0021008403361344463
2023-09-01,2390,2420,2355,2355,11533,-0.012578616352201255
2023-09-04,2350,2355,2310,2310,11023,-0.019108280254777066
2023-09-05,2310,2425,2310,2380,28786,0.030303030303030276
2023-09-06,2380,2425,2335,2335,26851,-0.018907563025210128
2023-09-07,2335,2435,2280,2285,16388,-0.021413276231263434
2023-09-08,2420,2420,2260,2295,22172,0.004376367614879584
2023-09-11,2295,2325,2260,2310,24470,0.006535947712418277
2023-09-12,2310,2335,2270,2270,24944,-0.017316017316017285
2023-09-13,2270,2450,2250,2355,66329,0.037444933920704804
2023-09-14,2355,2355,2265,2285,45614,-0.02972399150743099
2023-09-15,2310,2330,2285,2300,21819,0.006564551422319376
2023-09-18,2300,2300,2260,2275,12930,-0.010869565217391353
2023-09-19,2250,2680,2245,2565,797278,0.12747252747252746
2023-09-20,2525,2695,2410,2430,201925,-0.052631578947368474
2023-09-21,2440,2460,2205,2300,84406,-0.053497942386831254
2023-09-22,2280,2310,2210,2270,37893,-0.013043478260869601
2023-09-25,2240,2270,2220,2245,46202,-0.011013215859030812
2023-09-26,2245,2245,2160,2220,36748,-0.011135857461024523
2023-09-27,2190,2645,2140,2360,337949,0.06306306306306309
2023-10-04,2335,2340,2115,2145,135879,-0.09110169491525422
2023-10-05,2140,2190,2140,2150,63879,0.002331002331002363
2023-10-06,2140,2180,2100,2160,43524,0.0046511627906977715
2023-10-10,2160,2200,2095,2125,24372,-0.01620370370370372
2023-10-11,2140,2170,2100,2150,24685,0.0117647058823529
2023-10-12,2200,2240,2170,2240,27240,0.041860465116279055
2023-10-13,2240,2275,2050,2145,44603,-0.0424107142857143
2023-10-16,2145,2170,2090,2135,20627,-0.004662004662004615
2023-10-17,2135,2175,2135,2165,9465,0.014051522248243575
2023-10-18,2165,2190,2135,2165,11783,0.0
2023-10-19,2160,2160,2065,2085,19236,-0.036951501154734445
2023-10-20,2060,2065,2000,2020,36806,-0.031175059952038398
2023-10-23,1980,2020,1980,2015,27286,-0.0024752475247524774
2023-10-24,2005,2070,1994,2065,12965,0.02481389578163773
2023-10-25,2065,2100,2040,2095,9419,0.014527845036319542
2023-10-26,2075,2075,1980,2005,19445,-0.042959427207637235
2023-10-27,2010,2040,1921,1987,24057,-0.008977556109725726
2023-10-30,1987,2015,1960,2015,8787,0.014091595369904342
2023-10-31,2050,2070,1983,1990,15217,-0.012406947890818865
2023-11-01,1997,2160,1997,2130,68484,0.07035175879396993
2023-11-02,2130,2320,2110,2300,68644,0.07981220657277
2023-11-03,2300,2420,2265,2305,59822,0.0021739130434783593
2023-11-06,2305,2385,2285,2310,20664,0.002169197396963085
2023-11-07,2290,2290,2205,2275,10814,-0.015151515151515138
2023-11-08,2275,2300,2080,2190,26747,-0.03736263736263734
2023-11-09,2190,2275,2190,2210,12419,0.009132420091324311
2023-11-10,2210,2250,2210,2250,11272,0.018099547511312153
2023-11-13,2250,2350,2200,2295,39440,0.020000000000000018
2023-11-14,2290,2365,2270,2310,16584,0.006535947712418277
2023-11-15,2315,2360,2300,2345,35984,0.015151515151515138
2023-11-16,2390,2470,2370,2410,71771,0.02771855010660973
2023-11-17,2460,2480,2385,2455,68003,0.018672199170124415
2023-11-20,2455,2455,2415,2440,27560,-0.006109979633401208
2023-11-21,2440,2485,2425,2480,37043,0.016393442622950838
2023-11-22,2470,2520,2455,2490,14281,0.0040322580645162365
2023-11-23,2485,2485,2420,2430,10882,-0.02409638554216864
2023-11-24,2430,2490,2390,2435,17189,0.002057613168724215
2023-11-27,2435,2435,2350,2365,9900,-0.028747433264887046
2023-11-28,2365,2455,2340,2410,19064,0.019027484143763207
2023-11-29,2410,2495,2410,2490,29448,0.03319502074688807
2023-11-30,2490,2515,2475,2510,19644,0.008032128514056325
2023-12-01,2510,2520,2490,2495,21120,-0.005976095617529875
2023-12-04,2495,2515,2465,2480,23614,-0.006012024048096198
2023-12-05,2515,2515,2455,2500,21994,0.008064516129032251
2023-12-06,2475,2495,2475,2485,13221,-0.006000000000000005
2023-12-07,2485,2490,2460,2480,8613,-0.002012072434607659
2023-12-08,2480,2520,2455,2480,15281,0.0
2023-12-11,2480,2520,2470,2485,23346,0.002016129032258007
2023-12-12,2505,2520,2465,2485,12577,0.0
2023-12-13,2485,2510,2445,2460,17237,-0.010060362173038184
2023-12-14,2460,2485,2395,2410,11966,-0.020325203252032575
2023-12-15,2415,2480,2410,2430,9034,0.008298755186721962
2023-12-18,2440,2495,2440,2480,8976,0.020576131687242816
2023-12-19,2510,2510,2435,2465,12424,-0.006048387096774244
2023-12-20,2470,2590,2465,2465,27546,0.0
2023-12-21,2530,2530,2440,2470,19006,0.0020283975659229903
2023-12-22,2475,2480,2380,2400,15554,-0.028340080971659964
2023-12-26,2400,2415,2360,2360,14669,-0.01666666666666672
2023-12-27,2360,2360,2285,2295,36313,-0.02754237288135597
2023-12-28,2315,2370,2295,2370,34841,0.03267973856209161
2024-01-02,2390,2450,2360,2435,29199,0.02742616033755274
2024-01-03,2435,2485,2410,2415,25984,-0.008213552361396315
2024-01-04,2415,2415,2360,2370,15479,-0.018633540372670843
2024-01-05,2375,2400,2320,2320,20422,-0.021097046413502074
2024-01-08,2330,2345,2295,2305,24892,-0.006465517241379337
2024-01-09,2305,2360,2305,2315,12237,0.00433839479392617
2024-01-10,2315,2445,2315,2425,32449,0.04751619870410373
2024-01-11,2425,2670,2410,2505,380100,0.03298969072164959
2024-01-12,2505,2555,2405,2405,44164,-0.03992015968063867
2024-01-15,2405,2545,2350,2545,62800,0.058212058212058215
2024-01-16,2540,2540,2415,2415,47834,-0.05108055009823187
2024-01-17,2420,2430,2330,2340,77653,-0.03105590062111796
2024-01-18,2300,2370,2295,2350,34593,0.004273504273504258
2024-01-19,2360,2435,2340,2365,32244,0.006382978723404209
2024-01-22,2365,2545,2365,2490,46434,0.052854122621564414
2024-01-23,2490,2505,2470,2495,18606,0.002008032128514081
2024-01-24,2505,2590,2430,2440,29733,-0.022044088176352727
2024-01-25,2440,2480,2400,2410,24678,-0.012295081967213073
2024-01-26,2385,2450,2385,2430,29192,0.008298755186721962
2024-01-29,2430,2440,2385,2430,33495,0.0
2024-01-30,2430,2430,2360,2365,19253,-0.026748971193415683
2024-01-31,2340,2365,2300,2300,18636,-0.02748414376321351
2024-02-01,2290,2395,2250,2355,34782,0.023913043478260843
2024-02-02,2355,2395,2340,2385,11153,0.01273885350318471
2024-02-05,2385,2455,2360,2375,30852,-0.004192872117400381
2024-02-06,2365,2445,2350,2385,26906,0.004210526315789442
2024-02-07,2385,2455,2370,2400,14372,0.0062893081761006275
2024-02-08,2460,2460,2385,2445,10956,0.018750000000000044
2024-02-13,2440,2440,2390,2430,10580,-0.006134969325153339
2024-02-14,2360,2400,2340,2370,9779,-0.024691358024691357
2024-02-15,2365,2390,2360,2375,15048,0.0021097046413502962
2024-02-16,2375,2430,2375,2430,14634,0.023157894736842044
2024-02-19,2440,2475,2430,2470,11631,0.016460905349794164
2024-02-20,2470,2480,2445,2455,11698,-0.006072874493927127
2024-02-21,2455,2455,2370,2405,12997,-0.020366598778004064
2024-02-22,2365,2405,2365,2390,14374,-0.006237006237006182
2024-02-23,2385,2460,2365,2445,20694,0.023012552301255207
2024-02-26,2445,2505,2400,2400,21638,-0.018404907975460127
2024-02-27,2400,2450,2385,2390,23995,-0.004166666666666652
2024-02-28,2365,2400,2365,2390,19385,0.0
2024-02-29,2385,2415,2365,2370,12682,-0.008368200836820106
2024-03-04,2370,2375,2345,2345,34590,-0.010548523206751037
2024-03-05,2395,2395,2300,2300,10730,-0.019189765458422214
2024-03-06,2275,2300,2240,2240,15922,-0.02608695652173909
2024-03-07,2240,2260,2185,2220,21325,-0.008928571428571397
2024-03-08,2220,2265,2195,2265,18154,0.020270270270270174
2024-03-11,2255,2300,2200,2200,25001,-0.028697571743929395
2024-03-12,2200,2200,2170,2170,17315,-0.013636363636363669
2024-03-13,2170,2180,2150,2175,17445,0.0023041474654377225
2024-03-14,2175,2185,2105,2145,30111,-0.01379310344827589
2024-03-15,2145,2285,2140,2220,33626,0.034965034965035
2024-03-18,2210,2255,2040,2110,86186,-0.0495495495495496
2024-03-19,2115,2185,2110,2115,42809,0.0023696682464455776
2024-03-20,2120,2170,2120,2135,16582,0.009456264775413725
2024-03-21,2140,2250,2140,2235,16334,0.04683840749414525
2024-03-22,2100,2105,1766,1860,717527,-0.16778523489932884
2024-03-25,1862,1890,1861,1881,74211,0.011290322580645107
2024-03-26,1881,1903,1863,1882,63029,0.0005316321105794941
2024-03-27,1883,1900,1850,1852,89770,-0.015940488841657774
2024-03-28,1852,1880,1835,1854,48382,0.001079913606911509
2024-03-29,1854,1870,1832,1847,81534,-0.003775620280474623
2024-04-01,1847,1847,1832,1846,81957,-0.0005414185165132368
2024-04-02,1846,1880,1846,1866,61613,0.010834236186348933
2024-04-03,1866,1866,1829,1856,53610,-0.005359056806002127
2024-04-04,1856,1874,1841,1860,44790,0.0021551724137931494
2024-04-05,1870,1875,1860,1874,35350,0.007526881720430145
2024-04-08,1874,1885,1856,1862,38836,-0.006403415154749181
2024-04-09,1862,1877,1757,1824,41693,-0.020408163265306145
2024-04-11,1825,1880,1825,1869,37858,0.024671052631578982
2024-04-12,1869,1880,1838,1866,33863,-0.0016051364365970988
2024-04-15,1866,1879,1848,1855,37155,-0.005894962486602373
2024-04-16,1855,1860,1820,1826,34709,-0.01563342318059302
2024-04-17,1826,1855,1826,1838,23514,0.006571741511500528
2024-04-18,1838,1884,1823,1862,15095,0.013057671381936808
2024-04-19,1893,1893,1810,1822,27223,-0.02148227712137485
2024-04-22,1805,1821,1780,1789,32626,-0.018111964873765096
2024-04-23,1789,1816,1770,1799,35039,0.005589714924538747
2024-04-24,1795,1809,1782,1795,14536,-0.0022234574763757564
2024-04-25,1796,1805,1760,1760,22583,-0.01949860724233987
2024-04-26,1760,1777,1746,1755,46977,-0.0028409090909090606
2024-04-29,1755,1772,1724,1762,59898,0.0039886039886039
2024-04-30,1780,1793,1762,1792,19056,0.017026106696935273
2024-05-02,1792,1824,1784,1821,36268,0.01618303571428581
2024-05-03,1815,1834,1810,1827,23453,0.0032948929159801743
2024-05-07,1828,1849,1819,1830,21843,0.0016420361247948545
2024-05-08,1830,1865,1819,1865,18147,0.0191256830601092
2024-05-09,1865,1871,1848,1857,14000,-0.00428954423592498
2024-05-10,1857,1858,1840,1846,23558,-0.005923532579429236
2024-05-13,1846,1870,1846,1870,23951,0.01300108342361872
2024-05-14,1871,1881,1869,1874,25217,0.002139037433155133
2024-05-16,1889,1890,1863,1878,38573,0.002134471718249653
2024-05-17,1863,1878,1803,1804,57249,-0.03940362087326943
2024-05-20,1804,1832,1786,1819,45012,0.008314855875831473
2024-05-21,1819,1830,1810,1819,36229,0.0
2024-05-22,1819,1819,1800,1806,28413,-0.007146783947223789
2024-05-23,1806,1806,1760,1792,33982,-0.007751937984496138
2024-05-24,1792,1804,1772,1782,28587,-0.005580357142857095
2024-05-27,1765,1797,1765,1794,26884,0.006734006734006703
2024-05-28,1794,1819,1777,1792,27617,-0.0011148272017836858
2024-05-29,1792,1792,1763,1780,20090,-0.006696428571428603
2024-05-30,1778,1797,1764,1786,23752,0.003370786516853963
2024-05-31,1785,1786,1772,1775,19647,-0.006159014557670761
2024-06-03,1775,1800,1765,1775,33654,0.0
2024-06-04,1761,1780,1761,1768,23273,-0.003943661971830936
2024-06-05,1768,1784,1752,1771,19871,0.0016968325791855143
2024-06-07,1771,1786,1740,1786,44251,0.008469791078486777
2024-06-10,1785,1785,1737,1760,21960,-0.014557670772676334
2024-06-11,1760,1760,1722,1723,31328,-0.02102272727272725
2024-06-12,1723,1735,1720,1734,21913,0.006384213580963527
2024-06-13,1734,1734,1682,1702,21076,-0.018454440599769306
2024-06-14,1701,1730,1667,1667,41707,-0.02056404230317277
2024-06-17,1650,1683,1647,1667,32951,0.0
2024-06-18,1667,1667,1647,1664,20970,-0.001799640071985631
2024-06-19,1664,1690,1650,1662,22510,-0.0012019230769231282
2024-06-20,1666,1686,1647,1669,26115,0.004211793020457266
2024-06-21,1669,1681,1646,1650,40169,-0.011384062312762122
2024-06-24,1633,1690,1630,1662,24800,0.0072727272727273196
2024-06-25,1629,1660,1623,1652,13294,-0.006016847172081841
2024-06-26,1645,1680,1637,1680,20657,0.016949152542372836
2024-06-27,1680,1680,1601,1614,43664,-0.03928571428571426
2024-06-28,1614,1625,1588,1602,33236,-0.0074349442379182396
2024-07-01,1602,1605,1588,1604,34695,0.0012484394506866447
2024-07-02,1604,1604,1588,1588,24267,-0.009975062344139696
2024-07-03,1589,1597,1506,1506,16725,-0.05163727959697728
2024-07-04,1509,1521,1506,1514,20804,0.005312084993359889
2024-07-05,1514,1553,1514,1543,21188,0.01915455746367245
2024-07-08,1543,1586,1525,1531,12200,-0.00777705767984449
2024-07-09,1531,1539,1508,1537,41142,0.003919007184846501
2024-07-10,1537,1539,1503,1505,58102,-0.020819778789850307
2024-07-11,1505,1549,1505,1507,9619,0.0013289036544850141
2024-07-12,1504,1504,1483,1499,25484,-0.005308560053085554
2024-07-15,1499,1508,1487,1507,32793,0.005336891260840471
2024-07-16,1507,1540,1507,1514,12540,0.004644990046449804
2024-07-17,1512,1537,1500,1536,7041,0.014531043593130732
2024-07-18,1536,1595,1521,1529,18374,-0.00455729166666663
2024-07-19,1529,1551,1516,1525,6897,-0.002616088947024253
2024-07-22,1525,1525,1483,1485,12384,-0.02622950819672132
2024-07-23,1480,1497,1480,1491,26231,0.004040404040404066
2024-07-24,1491,1491,1477,1478,5044,-0.008718980549966449
2024-07-25,1478,1482,1464,1479,7247,0.0006765899864682456
2024-07-26,1479,1479,1440,1445,14550,-0.02298850574712641
2024-07-29,1445,1462,1440,1454,31172,0.006228373702422241
2024-07-30,1454,1484,1443,1449,21096,-0.00343878954607979
2024-07-31,1449,1457,1435,1441,37495,-0.00552104899930983
2024-08-01,1441,1475,1435,1459,39788,0.012491325468424685
2024-08-02,1459,1530,1457,1457,26037,-0.001370801919122644
2024-08-05,1457,1487,1021,1340,229194,-0.08030199039121477
2024-08-06,1338,1373,1135,1268,198546,-0.05373134328358209
2024-08-07,1230,1330,1230,1320,116093,0.04100946372239744
2024-08-08,1320,1330,1307,1323,24793,0.002272727272727204
2024-08-09,1323,1360,1323,1336,12011,0.009826152683295453
2024-08-12,1339,1365,1337,1360,10358,0.017964071856287456
2024-08-13,1360,1370,1347,1360,17779,0.0
2024-08-14,1360,1388,1346,1388,20397,0.020588235294117574
2024-08-16,1388,1446,1375,1406,23813,0.012968299711815456
2024-08-19,1406,1406,1384,1385,28961,-0.014935988620199181
2024-08-20,1385,1385,1350,1373,27990,-0.008664259927797846
2024-08-21,1373,1385,1360,1378,12165,0.0036416605972322547
2024-08-22,1378,1391,1355,1380,7546,0.0014513788098693414
2024-08-23,1380,1380,1328,1340,15740,-0.02898550724637683
2024-08-26,1340,1390,1327,1380,16329,0.029850746268656803
2024-08-27,1380,1397,1367,1367,6609,-0.009420289855072483
2024-08-28,1367,1381,1342,1380,10718,0.009509875640087762
2024-08-29,1380,1406,1371,1380,10627,0.0
2024-08-30,1380,1380,1340,1367,9828,-0.009420289855072483
2024-09-02,1353,1359,1344,1344,6317,-0.016825164594001518
2024-09-03,1344,1390,1342,1343,15961,-0.0007440476190476719
2024-09-04,1340,1340,1283,1285,23798,-0.04318689501116901
2024-09-05,1260,1297,1221,1284,49122,-0.0007782101167315147
2024-09-06,1267,1282,1224,1230,24344,-0.04205607476635509
2024-09-09,1230,1230,1110,1175,72199,-0.04471544715447151
2024-09-10,1176,1198,1173,1173,37839,-0.0017021276595744483
2024-09-11,1173,1196,1167,1174,39754,0.0008525149190110604
2024-09-12,1174,1197,1174,1191,10222,0.014480408858603022
2024-09-13,1191,1220,1191,1200,8082,0.007556675062972307
2024-09-19,1201,1239,1200,1200,26867,0.0
2024-09-20,1201,1289,1201,1284,58715,0.07000000000000006
2024-09-23,1283,1300,1232,1259,33738,-0.01947040498442365
2024-09-24,1259,1293,1259,1283,2752,0.019062748212867353
2024-09-25,1282,1300,1275,1282,35948,-0.000779423226812126
2024-09-26,1282,1334,1280,1334,40548,0.040561622464898583
2024-09-27,1334,1342,1326,1326,47433,-0.005997001499250421
2024-09-30,1415,1549,1302,1302,922777,-0.018099547511312264
2024-10-02,1302,1400,1276,1287,68579,-0.011520737327188946
2024-10-04,1287,1338,1287,1301,23022,0.01087801087801088
2024-10-07,1301,1320,1284,1307,35478,0.004611837048424272
2024-10-08,1322,1354,1307,1335,12947,0.021423106350420884
2024-10-10,1335,1360,1323,1335,29147,0.0
2024-10-11,1335,1364,1309,1309,17218,-0.019475655430711614
2024-10-14,1309,1309,1255,1302,15874,-0.005347593582887722
2024-10-15,1295,1342,1289,1300,15444,-0.001536098310291889
2024-10-16,1301,1350,1300,1326,16885,0.020000000000000018
2024-10-17,1326,1362,1326,1350,7896,0.018099547511312153
2024-10-18,1340,1344,1300,1300,4601,-0.03703703703703709
2024-10-21,1261,1321,1260,1304,13447,0.003076923076922977
2024-10-22,1304,1305,1280,1280,10180,-0.018404907975460127
2024-10-23,1283,1283,1160,1233,55817,-0.03671875000000002
2024-10-24,1233,1290,1221,1252,22610,0.01540957015409572
2024-10-25,1252,1290,1202,1289,19316,0.02955271565495199
2024-10-28,1289,1303,1279,1290,13983,0.0007757951900697613
2024-10-29,1290,1304,1278,1278,6233,-0.009302325581395321
2024-10-30,1278,1296,1278,1278,13137,0.0
2024-10-31,1279,1290,1277,1290,46236,0.009389671361502261
2024-11-01,1290,1338,1252,1252,13936,-0.029457364341085257
2024-11-04,1252,1299,1252,1270,17141,0.01437699680511173
2024-11-05,1270,1341,1270,1313,14671,0.03385826771653533
2024-11-06,1313,1316,1300,1300,10603,-0.00990099009900991
2024-11-07,1300,1313,1290,1305,23560,0.0038461538461538325
2024-11-08,1306,1342,1305,1341,31237,0.02758620689655178
2024-11-11,1342,1360,1331,1332,61715,-0.006711409395973145
2024-11-12,1332,1360,1281,1281,24274,-0.03828828828828834
2024-11-13,1270,1275,1197,1248,59315,-0.025761124121779888
2024-11-14,1248,1248,1201,1212,11962,-0.028846153846153855
2024-11-15,1212,1248,1190,1225,65890,0.010726072607260662
2024-11-18,1229,1261,1217,1260,40654,0.02857142857142847
2024-11-19,1285,1325,1262,1322,29066,0.049206349206349254
2024-11-20,1322,1359,1265,1345,39826,0.01739788199697423
2024-11-21,1323,1345,1319,1321,16634,-0.017843866171003753
2024-11-22,1321,1324,1308,1308,14027,-0.009841029523088518
2024-11-25,1280,1308,1261,1287,18522,-0.016055045871559592
2024-11-26,1289,1301,1280,1281,11663,-0.004662004662004615
2024-11-27,1281,1311,1281,1311,7375,0.023419203747072626
2024-11-28,1297,1342,1297,1304,6102,-0.005339435545385185
2024-11-29,1294,1356,1288,1288,32211,-0.012269938650306789
2024-12-02,1288,1310,1282,1288,21197,0.0
2024-12-03,1288,1296,1276,1276,26880,-0.009316770186335366
2024-12-04,1276,1301,1260,1268,27282,-0.006269592476489061
2024-12-05,1268,1280,1262,1278,12542,0.007886435331230235
2024-12-06,1265,1323,1249,1251,14661,-0.021126760563380254
2024-12-09,1251,1251,1156,1185,52232,-0.052757793764988015
2024-12-10,1185,1232,1174,1198,23297,0.010970464135021007
2024-12-11,1208,1268,1198,1235,22538,0.03088480801335569
2024-12-12,1236,1310,1236,1280,26800,0.036437246963562764
2024-12-13,1280,1330,1280,1280,25639,0.0
2024-12-16,1280,1320,1280,1320,11276,0.03125
2024-12-17,1320,1344,1312,1312,18086,-0.0060606060606061
2024-12-18,1310,1333,1300,1325,12205,0.009908536585365946
2024-12-19,1325,1345,1312,1332,31485,0.005283018867924483
2024-12-20,1332,1342,1315,1324,13739,-0.006006006006005982
2024-12-23,1324,1344,1321,1321,12211,-0.0022658610271902857
2024-12-24,1321,1321,1307,1321,10796,0.0
2024-12-26,1321,1350,1306,1316,43324,-0.0037850113550340625
2024-12-27,1316,1346,1303,1311,27353,-0.0037993920972644313
2024-12-30,1355,1355,1313,1332,18195,0.016018306636155666
2025-01-02,1332,1365,1326,1365,23063,0.024774774774774855
2025-01-03,1365,1431,1353,1431,126390,0.0483516483516484
2025-01-06,1431,1453,1411,1438,25176,0.004891684136967056
2025-01-07,1438,1438,1415,1417,16734,-0.014603616133518793
2025-01-08,1417,1434,1380,1386,19374,-0.02187720536344384
2025-01-09,1386,1386,1345,1359,14940,-0.01948051948051943
2025-01-10,1359,1400,1359,1390,14473,0.022810890360559277
2025-01-13,1390,1390,1350,1350,23556,-0.02877697841726623
2025-01-14,1350,1350,1330,1345,30933,-0.0037037037037036535
2025-01-15,1331,1345,1331,1345,24806,0.0
2025-01-16,1345,1466,1336,1456,65409,0.08252788104089226
2025-01-17,1442,1489,1439,1489,60309,0.022664835164835084
2025-01-20,1489,1489,1464,1474,16751,-0.010073875083948969
2025-01-21,1474,1474,1433,1433,32731,-0.027815468113975617
2025-01-22,1433,1433,1406,1433,20492,0.0
2025-01-23,1433,1465,1430,1437,13504,0.002791346824843055
2025-01-24,1420,1488,1420,1455,32976,0.012526096033402823
2025-01-31,1441,1454,1401,1436,20310,-0.013058419243986208
2025-02-03,1421,1421,1380,1406,32132,-0.02089136490250698
2025-02-04,1383,1419,1361,1408,62207,0.0014224751066855834
2025-02-05,1408,1440,1395,1430,30266,0.015625
2025-02-06,1430,1440,1420,1428,30374,-0.0013986013986013734
2025-02-07,1428,1451,1414,1449,52704,0.014705882352941124
2025-02-10,1435,1462,1407,1462,15984,0.00897170462387864
2025-02-11,1461,1498,1461,1490,46753,0.019151846785225635
2025-02-12,1477,1490,1470,1485,9346,-0.003355704697986628
2025-02-13,1470,1477,1430,1450,19547,-0.023569023569023573
2025-02-14,1450,1552,1435,1452,79405,0.0013793103448276334
2025-02-17,1452,1466,1423,1452,22874,0.0
2025-02-18,1440,1490,1440,1490,16300,0.026170798898071723
2025-02-19,1490,1495,1478,1492,6215,0.0013422818791946067
2025-02-20,1492,1506,1480,1505,28102,0.008713136729222581
2025-02-21,1500,1507,1490,1500,9330,-0.0033222591362126463
2025-02-24,1484,1511,1451,1472,10146,-0.01866666666666672
2025-02-25,1460,1499,1450,1497,13786,0.016983695652173836
2025-02-26,1452,1497,1452,1475,23755,-0.014696058784235189
2025-02-27,1475,1475,1437,1455,12850,-0.013559322033898313
2025-02-28,1455,1522,1450,1451,12753,-0.0027491408934707806
2025-03-04,1463,1470,1442,1460,22002,0.006202618883528688
2025-03-05,1460,1472,1460,1465,22878,0.003424657534246478
2025-03-06,1465,1479,1460,1469,9998,0.0027303754266212454
2025-03-07,1470,1483,1457,1468,5870,-0.000680735194009574
2025-03-10,1455,1469,1454,1467,7448,-0.0006811989100817817
2025-03-11,1463,1470,1448,1466,32485,-0.0006816632583503957
2025-03-12,1461,1480,1452,1465,11741,-0.0006821282401091588
2025-03-13,1479,1498,1477,1482,6274,0.011604095563140016
2025-03-14,1482,1498,1462,1481,16744,-0.0006747638326585204
2025-03-17,1481,1522,1470,1480,43286,-0.0006752194463200967
2025-03-18,1480,1510,1466,1466,22747,-0.009459459459459474
2025-03-19,1466,1483,1465,1466,36833,0.0
2025-03-20,1479,1484,1465,1468,16582,0.0013642564802183177
2025-03-21,1455,1510,1287,1422,220731,-0.03133514986376018
2025-03-24,1493,1507,1374,1445,434104,0.016174402250351605
2025-03-25,1447,1486,1425,1438,65981,-0.0048442906574394096
2025-03-26,1475,1475,1433,1437,27163,-0.0006954102920723182
2025-03-27,1445,1490,1402,1418,49364,-0.013221990257480831
2025-03-28,1407,1436,1309,1340,63970,-0.05500705218617774
2025-03-31,1354,1355,1310,1310,84850,-0.02238805970149249
2025-04-01,1310,1362,1286,1350,72440,0.03053435114503822
2025-04-02,1351,1470,1351,1430,106810,0.059259259259259345
2025-04-03,1430,1475,1411,1411,74566,-0.01328671328671327
2025-04-04,1411,1424,1390,1411,25459,0.0
2025-04-07,1412,1424,1322,1384,34350,-0.019135364989369297
2025-04-08,1384,1403,1368,1397,25107,0.009393063583815087
2025-04-09,1397,1400,1382,1400,23400,0.0021474588403722628
2025-04-10,1414,1440,1400,1426,29100,0.01857142857142846
2025-04-11,1426,1473,1426,1471,36984,0.03155680224403934
2025-04-14,1471,1489,1471,1485,30318,0.009517335146159045
2025-04-15,1485,1538,1481,1528,27895,0.028956228956228847
2025-04-16,1537,1546,1504,1514,96039,-0.009162303664921434
2025-04-17,1514,1660,1514,1660,293937,0.09643328929986783
2025-04-18,1682,1743,1587,1587,145013,-0.0439759036144578
2025-04-21,1609,1635,1588,1590,32195,0.001890359168241984
2025-04-22,1591,1611,1578,1578,33517,-0.007547169811320753
2025-04-23,1578,1590,1560,1570,38690,-0.005069708491761693
2025-04-24,1570,1624,1570,1623,34506,0.033757961783439594
2025-04-25,1623,1632,1606,1628,7236,0.0030807147258162804
2025-04-28,1628,1639,1611,1639,25289,0.006756756756756799
2025-04-29,1639,1661,1630,1652,29979,0.007931665649786535
2025-04-30,1652,1654,1594,1605,46760,-0.028450363196125927
2025-05-02,1605,1649,1591,1635,31003,0.01869158878504673
2025-05-07,1635,1700,1630,1683,35766,0.029357798165137616
2025-05-08,1683,1822,1675,1785,87256,0.06060606060606055
2025-05-09,1785,1793,1707,1730,38464,-0.03081232492997199
2025-05-12,1730,1730,1708,1720,49067,-0.005780346820809301
2025-05-13,1739,1743,1721,1721,48380,0.0005813953488371659
2025-05-14,1721,1741,1712,1712,51851,-0.005229517722254551
2025-05-15,1712,1730,1710,1710,26279,-0.001168224299065379
2025-05-16,1710,1770,1677,1768,70530,0.03391812865497079
2025-05-19,1768,1768,1718,1720,40546,-0.02714932126696834
2025-05-20,1720,1720,1690,1692,30041,-0.016279069767441867
2025-05-21,1692,1756,1692,1742,15257,0.029550827423167947
2025-05-22,1742,1742,1692,1710,25147,-0.018369690011481032
2025-05-23,1710,1739,1698,1698,17488,-0.007017543859649145
2025-05-26,1684,1697,1675,1689,34069,-0.005300353356890497
2025-05-27,1689,1690,1680,1689,16419,0.0
2025-05-28,1689,1726,1689,1717,18034,0.0165778567199526
2025-05-29,1717,1725,1717,1719,12118,0.0011648223645894795
2025-05-30,1726,2180,1720,1833,1244283,0.06631762652705064
2025-06-02,1833,1833,1784,1796,104473,-0.02018548827059463
2025-06-04,1796,1798,1761,1798,82357,0.00111358574610243
2025-06-05,1798,1825,1780,1823,86350,0.013904338153504003
2025-06-09,1823,1857,1818,1824,72909,0.0005485463521668343
2025-06-10,1824,1900,1824,1899,62916,0.04111842105263164
2025-06-11,1899,1980,1890,1976,42927,0.0405476566614007
2025-06-12,1976,2170,1930,2165,124776,0.09564777327935214
2025-06-13,2040,2110,1968,1990,82605,-0.0808314087759815
2025-06-16,1990,2090,1950,2040,61325,0.025125628140703515
2025-06-17,2040,2090,2000,2070,23112,0.014705882352941124
2025-06-18,2070,2070,1961,1961,32320,-0.05265700483091784
2025-06-19,1950,1961,1882,1913,40402,-0.024477307496175382
2025-06-20,1913,2030,1902,1975,32707,0.032409827496079346
2025-06-23,1972,1972,1916,1947,44530,-0.014177215189873471
2025-06-24,1947,1999,1930,1937,25859,-0.005136106831022058
2025-06-25,1937,1937,1820,1933,66644,-0.0020650490449147796
2025-06-26,1933,1933,1885,1885,53348,-0.024831867563372967
2025-06-27,1885,1950,1865,1929,29798,0.023342175066312976
2025-06-30,1913,1929,1889,1892,33120,-0.019180922757905616
2025-07-01,1892,1938,1886,1933,33351,0.021670190274841516
2025-07-02,1919,1933,1916,1918,24475,-0.007759958613554052
2025-07-03,1918,1954,1901,1935,14214,0.008863399374348324
