Date,Open,High,Low,Close,Volume,Change
2022-01-03,7870,7910,7710,7760,193944,-0.006402048655569814
2022-01-04,7820,7970,7760,7770,305442,0.0012886597938144284
2022-01-05,7770,7780,7600,7630,184872,-0.018018018018018056
2022-01-06,7740,7740,7550,7550,207189,-0.010484927916120546
2022-01-07,7550,7790,7540,7710,119196,0.02119205298013238
2022-01-10,7720,7760,7570,7640,130330,-0.009079118028534339
2022-01-11,7660,7690,7430,7540,115459,-0.01308900523560208
2022-01-12,7560,7680,7510,7620,120192,0.010610079575596787
2022-01-13,7620,7710,7600,7630,107317,0.001312335958005173
2022-01-14,7610,7610,7480,7520,118569,-0.014416775884665833
2022-01-17,7500,7520,7200,7230,219143,-0.03856382978723405
2022-01-18,7130,7300,6970,7030,198331,-0.02766251728907332
2022-01-19,7030,7170,6800,6900,139709,-0.01849217638691325
2022-01-20,6830,7030,6800,7030,82573,0.018840579710144967
2022-01-21,7000,7000,6660,6760,155554,-0.038406827880512084
2022-01-24,6720,6720,6500,6550,129859,-0.031065088757396442
2022-01-25,6560,6620,6340,6370,140445,-0.027480916030534375
2022-01-26,6300,6590,6280,6590,117029,0.03453689167974883
2022-01-27,6480,6490,6200,6200,115778,-0.05918057663125953
2022-01-28,6260,6460,6180,6450,64922,0.040322580645161255
2022-02-03,6530,6850,6530,6670,74753,0.03410852713178292
2022-02-04,6560,6780,6540,6780,51153,0.016491754122938573
2022-02-07,6820,6860,6660,6780,45968,0.0
2022-02-08,6850,6870,6660,6710,69281,-0.010324483775811188
2022-02-09,6710,6850,6710,6750,44419,0.005961251862891315
2022-02-10,6760,6830,6650,6680,40982,-0.010370370370370363
2022-02-11,6620,6670,6470,6600,91991,-0.0119760479041916
2022-02-14,6450,6500,6310,6390,57100,-0.03181818181818186
2022-02-15,6330,6530,6230,6530,73224,0.021909233176838905
2022-02-16,6620,6620,6530,6590,57245,0.009188361408882129
2022-02-17,6560,6650,6400,6450,85032,-0.02124430955993928
2022-02-18,6290,6540,6290,6540,63141,0.013953488372093092
2022-02-21,6400,6500,6350,6460,36918,-0.012232415902140636
2022-02-22,6360,6430,6250,6300,72796,-0.024767801857585092
2022-02-23,6280,6390,6280,6350,48908,0.007936507936507908
2022-02-24,6320,6320,6080,6180,96429,-0.026771653543307128
2022-02-25,6220,6270,6180,6260,71067,0.012944983818770295
2022-02-28,6270,6390,6260,6340,67924,0.012779552715654896
2022-03-02,6330,6480,6240,6470,56055,0.020504731861198833
2022-03-03,6570,6840,6500,6820,167852,0.054095826893354015
2022-03-04,6840,6840,6720,6800,74130,-0.0029325513196480912
2022-03-07,6800,7530,6640,6860,2056550,0.008823529411764675
2022-03-08,6830,6850,6700,6740,128860,-0.017492711370262426
2022-03-10,6850,6850,6730,6730,76003,-0.0014836795252225476
2022-03-11,6770,6780,6600,6660,78821,-0.010401188707280795
2022-03-14,6630,6660,6460,6510,104592,-0.022522522522522515
2022-03-15,6410,6500,6350,6350,95502,-0.02457757296466978
2022-03-16,6430,6460,6350,6450,62814,0.015748031496062964
2022-03-17,6600,6650,6490,6500,106575,0.007751937984496138
2022-03-18,6520,6800,6480,6770,171431,0.041538461538461524
2022-03-21,6800,6820,6680,6750,83522,-0.002954209748892156
2022-03-22,6800,6810,6690,6750,54638,0.0
2022-03-23,6800,6810,6710,6790,64288,0.00592592592592589
2022-03-24,6750,6760,6620,6700,119685,-0.013254786450662692
2022-03-25,6710,6860,6710,6740,102549,0.005970149253731405
2022-03-28,6750,6750,6660,6720,64503,-0.0029673590504450953
2022-03-29,6730,6750,6670,6730,50006,0.0014880952380953438
2022-03-30,6790,6850,6700,6810,72788,0.011887072808320909
2022-03-31,6800,6930,6760,6880,90033,0.010279001468428861
2022-04-01,6920,6930,6800,6840,50395,-0.005813953488372103
2022-04-04,6840,6900,6780,6890,61597,0.007309941520467822
2022-04-05,6930,7020,6900,6980,112191,0.013062409288824295
2022-04-06,6950,6960,6790,6800,80690,-0.025787965616045794
2022-04-07,6760,6900,6720,6780,74054,-0.002941176470588225
2022-04-08,6800,6890,6780,6840,52212,0.008849557522123908
2022-04-11,6820,6880,6780,6840,51883,0.0
2022-04-12,6820,6820,6720,6780,45387,-0.00877192982456143
2022-04-13,6800,6860,6760,6860,41515,0.01179941002949847
2022-04-14,6860,6860,6760,6770,63576,-0.013119533527696792
2022-04-15,6720,6760,6700,6720,39577,-0.00738552437223039
2022-04-18,6710,6760,6660,6750,37219,0.0044642857142858094
2022-04-19,6800,6800,6690,6760,46771,0.001481481481481417
2022-04-20,6770,6950,6770,6900,100900,0.020710059171597628
2022-04-21,6930,6930,6820,6820,102599,-0.011594202898550732
2022-04-22,6800,6830,6730,6760,38502,-0.008797653958944274
2022-04-25,6680,6740,6630,6630,67591,-0.019230769230769273
2022-04-26,6640,6750,6620,6750,58181,0.018099547511312153
2022-04-27,6580,6700,6550,6690,40624,-0.008888888888888835
2022-04-28,6720,7000,6590,6990,222646,0.04484304932735417
2022-04-29,7030,7030,6910,6910,142279,-0.011444921316165924
2022-05-02,6840,6910,6830,6840,59563,-0.01013024602026047
2022-05-03,6850,6970,6840,6840,96930,0.0
2022-05-04,6860,6940,6770,6790,92456,-0.007309941520467822
2022-05-06,6730,6770,6640,6670,62107,-0.0176730486008837
2022-05-09,6700,6700,6310,6350,187340,-0.04797601199400303
2022-05-10,6300,6550,6080,6550,117294,0.03149606299212593
2022-05-11,6410,6560,6390,6520,48982,-0.004580152671755711
2022-05-12,6410,6500,6240,6240,82482,-0.042944785276073594
2022-05-13,6260,6540,6260,6500,48694,0.04166666666666674
2022-05-16,6570,6580,6440,6450,34004,-0.007692307692307665
2022-05-17,6460,6600,6420,6550,61978,0.015503875968992276
2022-05-18,6550,6830,6550,6610,105889,0.009160305343511421
2022-05-19,6470,6500,6360,6440,43840,-0.02571860816944027
2022-05-20,6530,6530,6380,6480,27268,0.006211180124223503
2022-05-23,6550,6560,6480,6480,23137,0.0
2022-05-24,6480,6550,6360,6380,73132,-0.015432098765432056
2022-05-25,6400,6460,6350,6420,24948,0.006269592476489061
2022-05-26,6500,6560,6360,6400,44689,-0.0031152647975077885
2022-05-27,6490,6710,6460,6590,147009,0.02968750000000009
2022-05-30,6690,6710,6610,6690,54081,0.015174506828528056
2022-05-31,6700,6740,6640,6730,53576,0.005979073243647326
2022-06-02,6710,6760,6650,6690,29520,-0.005943536404160454
2022-06-03,6760,6760,6660,6690,25609,0.0
2022-06-07,6690,6750,6560,6630,36107,-0.008968609865470878
2022-06-08,6570,6690,6570,6650,35420,0.003016591251885359
2022-06-09,6600,6660,6440,6540,52893,-0.016541353383458635
2022-06-10,6460,6510,6450,6490,22572,-0.007645259938837912
2022-06-13,6400,6400,6150,6150,116505,-0.05238828967642528
2022-06-14,5900,6200,5900,6060,86992,-0.014634146341463428
2022-06-15,6020,6120,5860,5890,83457,-0.028052805280528004
2022-06-16,5950,6090,5890,5900,46494,0.001697792869269854
2022-06-17,5730,5980,5690,5980,99692,0.013559322033898313
2022-06-20,6030,6030,5590,5660,137302,-0.05351170568561869
2022-06-21,5640,5990,5600,5940,73767,0.04946996466431086
2022-06-22,5920,5920,5530,5530,91574,-0.06902356902356899
2022-06-23,5550,5680,5150,5190,211230,-0.061482820976491825
2022-06-24,5150,5400,5150,5380,89442,0.03660886319845846
2022-06-27,5400,5550,5330,5460,86026,0.014869888475836479
2022-06-28,5420,5590,5420,5500,35133,0.0073260073260073
2022-06-29,5400,5500,5380,5450,32137,-0.009090909090909038
2022-06-30,5420,5500,5250,5250,53096,-0.03669724770642202
2022-07-01,5270,5340,5130,5190,95184,-0.011428571428571455
2022-07-04,5200,5230,4985,5030,94744,-0.030828516377649273
2022-07-05,5010,5220,5010,5170,57039,0.027833001988071482
2022-07-06,5190,5230,5060,5060,44615,-0.021276595744680882
2022-07-07,5090,5220,5090,5190,27992,0.025691699604743157
2022-07-08,5240,5320,5170,5170,58431,-0.003853564547206201
2022-07-11,5190,5280,5160,5190,54218,0.003868471953578423
2022-07-12,5150,5180,5030,5050,38510,-0.026974951830443183
2022-07-13,5040,5120,4995,5100,64147,0.00990099009900991
2022-07-14,5060,5150,5040,5100,29063,0.0
2022-07-15,5160,5220,5040,5180,39681,0.015686274509803866
2022-07-18,5200,5320,5180,5290,66921,0.021235521235521304
2022-07-19,5210,5340,5190,5330,25206,0.007561436672967936
2022-07-20,5370,5440,5350,5380,53530,0.009380863039399667
2022-07-21,5390,5440,5330,5430,36837,0.009293680297397744
2022-07-22,5430,5460,5350,5450,53956,0.0036832412523020164
2022-07-25,5410,5480,5410,5450,24623,0.0
2022-07-26,5420,5480,5350,5360,64372,-0.016513761467889854
2022-07-27,5360,5400,5320,5390,19013,0.005597014925373234
2022-07-28,5440,6490,5410,5980,4151379,0.10946196660482377
2022-07-29,6000,6190,5920,5980,402156,0.0
2022-08-01,6130,6210,6030,6120,244261,0.02341137123745818
2022-08-02,6100,6170,5970,6150,163480,0.004901960784313708
2022-08-03,6290,6290,6070,6130,95441,-0.003252032520325243
2022-08-04,6180,6180,6020,6080,123412,-0.00815660685154973
2022-08-05,6060,6150,6010,6130,94257,0.008223684210526327
2022-08-08,6170,6190,6080,6190,83899,0.00978792822185981
2022-08-09,6220,6240,6110,6160,79736,-0.004846526655896577
2022-08-10,6160,6170,6080,6120,60687,-0.00649350649350644
2022-08-11,6160,6230,6160,6220,95869,0.016339869281045694
2022-08-12,6220,6320,6180,6270,105050,0.008038585209003246
2022-08-16,6330,6620,6300,6570,456094,0.04784688995215314
2022-08-17,6620,6650,6390,6500,191216,-0.010654490106544956
2022-08-18,6500,6530,6310,6520,97875,0.003076923076922977
2022-08-19,6450,6480,6310,6360,100762,-0.024539877300613466
2022-08-22,6280,6290,6130,6130,61352,-0.036163522012578664
2022-08-23,6060,6150,6000,6040,53014,-0.014681892332789603
2022-08-24,6090,6130,6000,6070,43931,0.004966887417218624
2022-08-25,6120,6200,6020,6080,43567,0.0016474464579900872
2022-08-26,6120,6210,6090,6090,38168,0.00164473684210531
2022-08-29,5900,5980,5780,5910,85340,-0.029556650246305383
2022-08-30,5910,6010,5910,6000,44684,0.015228426395939021
2022-08-31,6000,6080,5930,6070,32794,0.011666666666666714
2022-09-01,6010,6050,5900,5910,50014,-0.02635914332784184
2022-09-02,5990,6040,5910,5980,49418,0.011844331641285955
2022-09-05,5910,5980,5810,5850,36031,-0.021739130434782594
2022-09-06,5930,5930,5810,5900,28746,0.008547008547008517
2022-09-07,5900,5900,5750,5750,49419,-0.025423728813559365
2022-09-08,5860,5870,5740,5800,27712,0.008695652173912993
2022-09-13,5900,5970,5830,5950,55043,0.02586206896551735
2022-09-14,5760,5860,5760,5840,30138,-0.01848739495798324
2022-09-15,5880,5940,5770,5770,43491,-0.011986301369863006
2022-09-16,5760,5950,5760,5870,81085,0.017331022530329365
2022-09-19,5910,5910,5680,5700,45500,-0.028960817717206155
2022-09-20,5720,5820,5700,5700,27750,0.0
2022-09-21,5640,5660,5560,5640,40836,-0.010526315789473717
2022-09-22,5550,5590,5350,5480,75542,-0.028368794326241176
2022-09-23,5390,5470,5230,5300,67568,-0.03284671532846717
2022-09-26,5160,5250,4945,5000,153729,-0.05660377358490565
2022-09-27,4990,5100,4925,5040,111141,0.008000000000000007
2022-09-28,5020,5040,4695,4705,303969,-0.06646825396825395
2022-09-29,4710,4845,4620,4620,108378,-0.018065887353878818
2022-09-30,4500,4600,4465,4530,138789,-0.01948051948051943
2022-10-04,4630,4765,4625,4760,72741,0.050772626931567366
2022-10-05,4840,4890,4750,4765,46529,0.0010504201680672232
2022-10-06,4815,4855,4535,4825,58077,0.012591815320041944
2022-10-07,4780,4845,4750,4825,28428,0.0
2022-10-11,4790,4790,4580,4600,56402,-0.04663212435233166
2022-10-12,4585,4685,4560,4615,33882,0.003260869565217428
2022-10-13,4615,4640,4400,4415,92607,-0.0433369447453954
2022-10-14,4505,4570,4460,4550,49788,0.0305775764439411
2022-10-17,4510,4695,4505,4655,34758,0.023076923076922995
2022-10-18,4730,4830,4730,4815,45826,0.03437164339419985
2022-10-19,4835,4930,4750,4835,48746,0.004153686396677125
2022-10-20,4800,4900,4760,4825,32848,-0.0020682523267838704
2022-10-21,4770,4845,4750,4820,23641,-0.0010362694300518616
2022-10-24,4875,4950,4870,4920,30580,0.020746887966804906
2022-10-25,4910,4965,4820,4920,30143,0.0
2022-10-26,4930,4940,4850,4930,38608,0.00203252032520318
2022-10-27,4905,5770,4905,5290,501197,0.0730223123732252
2022-10-28,5270,5280,5160,5170,110169,-0.022684310018903586
2022-10-31,5230,5280,5150,5200,37903,0.005802707930367523
2022-11-01,5200,5260,5200,5240,29003,0.007692307692307665
2022-11-02,5220,5270,5210,5210,55264,-0.005725190839694694
2022-11-03,5130,5250,5080,5210,50660,0.0
2022-11-04,5210,5220,5110,5220,29300,0.0019193857965451588
2022-11-07,5220,5270,5170,5250,31601,0.005747126436781658
2022-11-08,5300,5370,5270,5340,62875,0.017142857142857126
2022-11-09,5340,5410,5320,5340,37841,0.0
2022-11-10,5230,5340,5210,5300,24152,-0.0074906367041198685
2022-11-11,5480,5500,5340,5440,100095,0.026415094339622636
2022-11-14,5440,5460,5370,5450,33596,0.0018382352941177516
2022-11-15,5450,5500,5310,5480,48445,0.005504587155963359
2022-11-16,5490,5660,5440,5630,115756,0.027372262773722733
2022-11-17,5630,5680,5580,5630,48869,0.0
2022-11-18,5630,5710,5610,5690,55705,0.010657193605683846
2022-11-21,5710,5710,5580,5600,24901,-0.01581722319859402
2022-11-22,5550,5640,5480,5600,25235,0.0
2022-11-23,5680,5680,5560,5610,24499,0.0017857142857142794
2022-11-24,5660,5670,5590,5650,25026,0.007130124777183555
2022-11-25,5650,5690,5610,5630,21628,-0.0035398230088495852
2022-11-28,5640,5640,5480,5550,35338,-0.014209591474245165
2022-11-29,5470,5610,5470,5580,37248,0.00540540540540535
2022-11-30,5560,5670,5560,5630,30223,0.008960573476702427
2022-12-01,5670,5720,5610,5650,30801,0.003552397868561208
2022-12-02,5630,5670,5600,5630,28626,-0.0035398230088495852
2022-12-05,5640,5700,5600,5670,23190,0.007104795737122638
2022-12-06,5680,6100,5650,5750,422473,0.014109347442680775
2022-12-07,5800,5800,5620,5650,53662,-0.017391304347826098
2022-12-08,5680,5740,5520,5730,64924,0.014159292035398341
2022-12-09,5680,5750,5680,5700,26198,-0.005235602094240788
2022-12-12,5710,5710,5630,5670,20607,-0.0052631578947368585
2022-12-13,5670,5740,5630,5660,49988,-0.0017636684303351524
2022-12-14,5670,5730,5620,5670,22884,0.0017667844522968323
2022-12-15,5720,5720,5590,5640,26890,-0.005291005291005346
2022-12-16,5570,5650,5500,5650,46378,0.0017730496453900457
2022-12-19,5600,5870,5560,5670,46478,0.003539823008849474
2022-12-20,5670,5850,5620,5750,100571,0.014109347442680775
2022-12-21,5740,5790,5650,5690,44369,-0.01043478260869568
2022-12-22,5690,5760,5680,5700,21745,0.0017574692442883233
2022-12-23,5690,5690,5490,5490,46058,-0.0368421052631579
2022-12-26,5500,5500,5340,5360,35177,-0.023679417122040025
2022-12-27,5310,5420,5300,5320,91065,-0.007462686567164201
2022-12-28,5320,5320,5230,5300,36715,-0.003759398496240629
2022-12-29,5240,5270,5070,5100,56641,-0.037735849056603765
2023-01-02,5120,5150,4995,4995,27792,-0.020588235294117685
2023-01-03,4955,5040,4800,5000,78356,0.0010010010010010895
2023-01-04,4900,5100,4890,5070,33568,0.014000000000000012
2023-01-05,5100,5130,5030,5070,18192,0.0
2023-01-06,5060,5360,5060,5280,47563,0.041420118343195256
2023-01-09,5310,5380,5310,5340,17319,0.011363636363636465
2023-01-10,5320,5450,5260,5340,26507,0.0
2023-01-11,5340,5550,5310,5430,76092,0.016853932584269593
2023-01-12,5500,5590,5400,5520,73076,0.016574585635359185
2023-01-13,5530,5630,5530,5550,36839,0.005434782608695565
2023-01-16,5550,5600,5480,5550,26473,0.0
2023-01-17,5550,5590,5500,5560,25170,0.0018018018018017834
2023-01-18,5560,5590,5490,5530,24756,-0.0053956834532373765
2023-01-19,5490,5550,5480,5530,27984,0.0
2023-01-20,5500,5590,5500,5580,22280,0.009041591320072317
2023-01-25,5600,5760,5600,5690,59911,0.019713261648745428
2023-01-26,5650,5780,5650,5740,51677,0.008787346221441172
2023-01-27,5750,5850,5720,5800,60216,0.010452961672473782
2023-01-30,5750,5840,5690,5750,34500,-0.008620689655172376
2023-01-31,5700,5790,5680,5760,24901,0.0017391304347826875
2023-02-01,5760,5830,5730,5820,54063,0.01041666666666674
2023-02-02,5850,5980,5810,5960,94478,0.02405498281786933
2023-02-03,5960,6000,5920,5970,57012,0.001677852348993314
2023-02-06,5940,6020,5890,5990,66616,0.003350083752093891
2023-02-07,5960,6070,5950,6040,83640,0.008347245409014992
2023-02-08,6040,6170,5980,6110,97780,0.011589403973509826
2023-02-09,6110,6170,6030,6120,33251,0.0016366612111293755
2023-02-10,6110,6110,6000,6040,33459,-0.013071895424836555
2023-02-13,6080,6090,5960,6040,34691,0.0
2023-02-14,6040,6240,6040,6170,95488,0.021523178807947074
2023-02-15,6220,6230,6070,6080,52656,-0.014586709886547866
2023-02-16,6090,6200,6050,6090,39061,0.00164473684210531
2023-02-17,6070,6140,5970,6120,65391,0.0049261083743843415
2023-02-20,5960,6130,5960,6130,35944,0.0016339869281045694
2023-02-21,6190,6190,6010,6010,44175,-0.019575856443719397
2023-02-22,5980,5990,5870,5920,48409,-0.014975041597337757
2023-02-23,5900,6000,5890,6000,34106,0.013513513513513598
2023-02-24,6000,6030,5910,5910,40891,-0.015000000000000013
2023-02-27,5880,5910,5780,5910,34213,0.0
2023-02-28,5910,6020,5880,6010,28400,0.016920473773265554
2023-03-02,5970,6120,5970,6110,55705,0.016638935108153063
2023-03-03,6080,6170,6060,6150,32180,0.00654664484451728
2023-03-06,6150,6250,6100,6250,75977,0.016260162601626105
2023-03-07,6220,6400,6200,6390,117572,0.022399999999999975
2023-03-08,6350,6410,6210,6230,65232,-0.025039123630672955
2023-03-09,6230,6250,6100,6120,61525,-0.017656500802568198
2023-03-10,6110,6110,5950,5950,57394,-0.02777777777777779
2023-03-13,5850,5900,5730,5870,62692,-0.013445378151260456
2023-03-14,5830,5830,5460,5460,152658,-0.06984667802385014
2023-03-15,5600,5660,5550,5590,59583,0.023809523809523725
2023-03-16,5500,5620,5440,5560,33962,-0.00536672629695889
2023-03-17,5630,5700,5490,5490,161549,-0.01258992805755399
2023-03-20,5490,5620,5470,5530,72017,0.007285974499089187
2023-03-21,5650,5660,5410,5410,104929,-0.02169981916817365
2023-03-22,5460,5510,5280,5300,112421,-0.020332717190388205
2023-03-23,5300,5450,5230,5390,104942,0.016981132075471805
2023-03-24,5440,5640,5440,5630,99030,0.04452690166975892
2023-03-27,5630,5700,5490,5520,52773,-0.019538188277087087
2023-03-28,5520,5910,5520,5890,123939,0.06702898550724634
2023-03-29,5900,5970,5840,5970,93694,0.013582342954159499
2023-03-30,6020,6200,5900,6160,135005,0.031825795644891075
2023-03-31,6130,6230,6090,6120,79127,-0.00649350649350644
2023-04-03,6150,6150,6000,6100,80503,-0.0032679738562091387
2023-04-04,6100,6170,5950,6020,82992,-0.013114754098360604
2023-04-05,6020,6040,5950,5990,67657,-0.004983388704318914
2023-04-06,6000,6090,5900,6020,95065,0.005008347245408995
2023-04-07,6070,6200,5990,6190,119578,0.028239202657807327
2023-04-10,6190,6200,5980,5990,110272,-0.03231017770597733
2023-04-11,5940,6220,5890,6140,121353,0.025041736227044975
2023-04-12,6140,6260,6100,6140,132709,0.0
2023-04-13,6140,6260,6110,6210,87904,0.01140065146579805
2023-04-14,6240,6290,6130,6140,56933,-0.011272141706924366
2023-04-17,6180,6220,6100,6120,63767,-0.0032573289902280145
2023-04-18,6180,6390,6130,6360,245509,0.03921568627450989
2023-04-19,6340,6470,6270,6430,138012,0.011006289308176154
2023-04-20,6400,6400,6140,6170,123116,-0.04043545878693622
2023-04-21,6150,6520,6080,6350,338876,0.029173419773095732
2023-04-24,6350,6400,6210,6210,126937,-0.022047244094488216
2023-04-25,6210,6290,5940,6010,132962,-0.032206119162640934
2023-04-26,5930,6040,5760,5880,83185,-0.021630615640598982
2023-04-27,5830,6050,5760,5970,79966,0.015306122448979664
2023-04-28,6000,6100,5840,5850,63698,-0.02010050251256279
2023-05-02,5870,6430,5850,6390,537060,0.0923076923076922
2023-05-03,6720,8180,6600,7510,13292322,0.17527386541471057
2023-05-04,7310,7320,6770,6790,1936796,-0.0958721704394141
2023-05-08,6760,6960,6720,6820,754806,0.004418262150220897
2023-05-09,6820,7060,6740,6860,906327,0.0058651026392961825
2023-05-10,6910,7080,6810,6960,594608,0.014577259475218707
2023-05-11,6960,7050,6600,6690,483999,-0.03879310344827591
2023-05-12,6710,6780,6570,6680,361373,-0.001494768310911776
2023-05-15,6680,6950,6550,6950,477007,0.04041916167664672
2023-05-16,7000,7010,6740,6800,312524,-0.021582733812949617
2023-05-17,6800,6980,6760,6900,299770,0.014705882352941124
2023-05-18,7040,7260,6960,7160,1021093,0.037681159420289934
2023-05-19,7230,7260,7050,7130,441849,-0.0041899441340782495
2023-05-22,7140,7230,6990,7120,291581,-0.0014025245441795509
2023-05-23,7110,7190,7050,7120,253600,0.0
2023-05-24,7170,7200,7000,7130,232435,0.001404494382022392
2023-05-25,7130,7370,7130,7150,471568,0.0028050490883591017
2023-05-26,7180,7920,7170,7520,3338631,0.051748251748251706
2023-05-30,7540,7740,7380,7690,776665,0.022606382978723305
2023-05-31,7650,8120,7410,7410,2048429,-0.03641092327698314
2023-06-01,7420,7600,7230,7550,428547,0.018893387314439902
2023-06-02,7520,7720,7510,7590,344115,0.005298013245033095
2023-06-05,7620,7660,7460,7550,175226,-0.005270092226614009
2023-06-07,7600,7820,7510,7800,535618,0.0331125827814569
2023-06-08,7730,7970,7650,7900,377231,0.012820512820512775
2023-06-09,7980,8030,7830,7900,391880,0.0
2023-06-12,8000,8090,7840,8060,414338,0.020253164556962133
2023-06-13,8100,8120,8000,8030,293982,-0.003722084367245637
2023-06-14,8030,8080,7870,7980,314894,-0.0062266500622665255
2023-06-15,8010,8120,7940,8120,346604,0.01754385964912286
2023-06-16,8120,8330,8080,8300,497018,0.022167487684729092
2023-06-19,8350,8390,8160,8270,255904,-0.0036144578313253017
2023-06-20,8290,8300,7940,8070,326014,-0.024183796856106388
2023-06-21,8070,8260,8010,8190,231950,0.014869888475836479
2023-06-22,8180,8200,7850,7870,289317,-0.039072039072039044
2023-06-23,7890,7950,7720,7870,194297,0.0
2023-06-26,7800,7890,7500,7820,180660,-0.006353240152477735
2023-06-27,7810,7920,7660,7870,160902,0.006393861892583175
2023-06-28,7930,8200,7880,7930,312203,0.007623888182973326
2023-06-29,8000,8110,7940,8030,171210,0.01261034047919285
2023-06-30,8090,8110,7930,8090,159148,0.007471980074719831
2023-07-03,8120,8290,8090,8210,278617,0.014833127317676054
2023-07-04,8180,8240,7980,8050,199675,-0.01948842874543244
2023-07-05,8050,8170,7970,8040,141760,-0.001242236024844745
2023-07-06,8090,8090,7720,7740,190195,-0.03731343283582089
2023-07-07,7730,7880,7540,7810,179020,0.009043927648578753
2023-07-10,7790,7800,7610,7670,167533,-0.017925736235595346
2023-07-11,7680,7800,7660,7760,143226,0.011734028683181297
2023-07-12,7770,7960,7690,7870,131147,0.014175257731958713
2023-07-13,7900,7950,7860,7900,123670,0.003811944091486552
2023-07-14,7950,7980,7630,7680,265658,-0.027848101265822822
2023-07-17,7670,7970,7550,7800,192557,0.015625
2023-07-18,7870,7870,7580,7580,168315,-0.028205128205128216
2023-07-19,7650,7670,7440,7480,163166,-0.01319261213720313
2023-07-20,7430,7580,7300,7510,155253,0.00401069518716568
2023-07-21,7490,7510,7150,7200,146672,-0.04127829560585883
2023-07-24,7170,7230,6850,6890,255533,-0.043055555555555514
2023-07-25,6890,6950,6620,6730,258817,-0.023222060957910018
2023-07-26,6750,6750,6400,6490,404151,-0.03566121842496284
2023-07-27,6550,6890,6550,6780,172985,0.04468412942989208
2023-07-28,6740,6950,6730,6920,102188,0.020648967551622377
2023-07-31,6930,7040,6800,6920,104817,0.0
2023-08-01,6920,6970,6840,6910,80838,-0.0014450867052022698
2023-08-02,6850,6980,6680,6770,127772,-0.02026049204052094
2023-08-03,6770,6850,6610,6730,88024,-0.005908419497784312
2023-08-04,6730,6830,6650,6720,57406,-0.0014858841010401136
2023-08-07,6720,6810,6600,6730,69305,0.0014880952380953438
2023-08-08,6760,6840,6650,6650,69613,-0.011887072808320909
2023-08-09,6650,6750,6600,6680,56155,0.004511278195488799
2023-08-10,6720,6720,6550,6660,64064,-0.0029940119760478723
2023-08-11,6680,6840,6650,6700,68719,0.006006006006006093
2023-08-14,6740,6740,6620,6640,63472,-0.008955223880596996
2023-08-16,6600,6600,6400,6420,124539,-0.033132530120481896
2023-08-17,6430,6450,6120,6390,102564,-0.004672897196261627
2023-08-18,6380,6570,6230,6480,68066,0.014084507042253502
2023-08-21,6550,6550,6370,6420,55475,-0.0092592592592593
2023-08-22,6430,6500,6300,6300,69165,-0.01869158878504673
2023-08-23,6340,6450,6300,6400,59867,0.015873015873015817
2023-08-24,6470,6500,6350,6360,45323,-0.006249999999999978
2023-08-25,6320,6340,6220,6280,75202,-0.012578616352201255
2023-08-28,6290,6380,6280,6370,54461,0.014331210191082855
2023-08-29,6370,6460,6370,6450,48337,0.012558869701726927
2023-08-30,6450,6570,6450,6540,52755,0.013953488372093092
2023-08-31,6570,6570,6440,6490,41889,-0.007645259938837912
2023-09-01,6440,6650,6440,6620,63591,0.02003081664098616
2023-09-04,6620,6660,6520,6620,51620,0.0
2023-09-05,6620,6640,6510,6540,34210,-0.012084592145015116
2023-09-06,6550,6550,6400,6410,67229,-0.019877675840978548
2023-09-07,6460,6600,6350,6500,70392,0.014040561622464809
2023-09-08,6470,6750,6420,6650,131990,0.023076923076922995
2023-09-11,6740,6840,6660,6700,146712,0.007518796992481258
2023-09-12,6650,6750,6580,6640,76678,-0.008955223880596996
2023-09-13,6640,6810,6500,6780,98783,0.02108433734939763
2023-09-14,6750,6820,6630,6720,122963,-0.008849557522123908
2023-09-15,6770,6800,6680,6710,44861,-0.0014880952380952328
2023-09-18,6710,6740,6550,6560,57181,-0.02235469448584204
2023-09-19,6590,6720,6570,6590,71828,0.004573170731707377
2023-09-20,6630,6670,6540,6560,73980,-0.004552352048558417
2023-09-21,6510,6600,6300,6330,101829,-0.03506097560975607
2023-09-22,6240,6450,6230,6370,71911,0.006319115323854652
2023-09-25,6350,6430,6250,6250,100533,-0.01883830455259028
2023-09-26,6240,6340,6120,6160,62230,-0.014399999999999968
2023-09-27,6100,6210,6080,6200,31322,0.006493506493506551
2023-10-04,6130,6200,5990,5990,64546,-0.03387096774193543
2023-10-05,6040,6050,5960,5970,25604,-0.0033388981636059967
2023-10-06,5910,6090,5910,6030,18389,0.01005025125628145
2023-10-10,6020,6140,5940,5940,36869,-0.014925373134328401
2023-10-11,5950,6120,5950,6100,33826,0.026936026936027035
2023-10-12,6100,6180,6070,6150,23335,0.008196721311475308
2023-10-13,6150,6260,6050,6210,29126,0.009756097560975618
2023-10-16,6160,6180,5970,6040,34209,-0.027375201288244777
2023-10-17,6060,6140,6030,6130,32450,0.01490066225165565
2023-10-18,6120,6320,6120,6190,28904,0.00978792822185981
2023-10-19,6140,6140,5870,5870,71974,-0.05169628432956386
2023-10-20,5870,5900,5690,5870,39572,0.0
2023-10-23,5760,5910,5740,5770,33623,-0.017035775127768327
2023-10-24,5800,6140,5800,6030,171342,0.045060658578856216
2023-10-25,6060,6640,6060,6620,368584,0.09784411276948601
2023-10-26,6500,6560,6200,6240,170765,-0.05740181268882172
2023-10-27,6270,6450,6150,6220,85091,-0.0032051282051281937
2023-10-30,6200,6270,6110,6220,44609,0.0
2023-10-31,6250,6400,6000,6000,82258,-0.03536977491961413
2023-11-01,6070,6120,6000,6090,49359,0.014999999999999902
2023-11-02,6160,6340,6160,6250,60402,0.026272577996715896
2023-11-03,6300,6320,6240,6300,31060,0.008000000000000007
2023-11-06,6360,6540,6360,6510,149349,0.03333333333333344
2023-11-07,6470,6560,6410,6460,62187,-0.007680491551459334
2023-11-08,6470,6520,6410,6420,49770,-0.006191950464396245
2023-11-09,6430,6480,6350,6390,34615,-0.004672897196261627
2023-11-10,6330,6440,6170,6260,58753,-0.020344287949921713
2023-11-13,6300,6440,6300,6360,60539,0.015974440894568787
2023-11-14,6340,6630,6340,6610,106010,0.03930817610062887
2023-11-15,6690,6690,6560,6610,91875,0.0
2023-11-16,6640,6700,6510,6650,57971,0.00605143721633894
2023-11-17,6610,6680,6490,6550,65594,-0.015037593984962405
2023-11-20,6570,6590,6480,6570,38915,0.003053435114503733
2023-11-21,6580,6750,6580,6640,94175,0.010654490106544845
2023-11-22,6590,6630,6550,6590,23356,-0.0075301204819276935
2023-11-23,6610,6690,6530,6580,48833,-0.0015174506828528056
2023-11-24,6610,6610,6490,6550,45180,-0.00455927051671734
2023-11-27,6540,6580,6490,6500,74722,-0.007633587786259555
2023-11-28,6500,6550,6490,6530,27122,0.004615384615384688
2023-11-29,6550,6570,6400,6400,73531,-0.019908116385911168
2023-11-30,6410,6470,6360,6420,50201,0.0031250000000000444
2023-12-01,6430,6440,6350,6350,41981,-0.010903426791277204
2023-12-04,6350,6390,6330,6340,37539,-0.0015748031496063408
2023-12-05,6340,6400,6310,6370,37671,0.004731861198738141
2023-12-06,6360,6400,6320,6380,41053,0.0015698587127157548
2023-12-07,6350,6430,6310,6320,51965,-0.009404388714733591
2023-12-08,6340,6440,6320,6410,49904,0.014240506329114
2023-12-11,6430,6520,6370,6500,86641,0.014040561622464809
2023-12-12,6470,6680,6470,6630,105822,0.020000000000000018
2023-12-13,6670,6670,6560,6590,59214,-0.006033182503770718
2023-12-14,6630,6700,6470,6590,99437,0.0
2023-12-15,6620,6780,6610,6670,150807,0.012139605462822445
2023-12-18,6720,7010,6680,6960,323662,0.04347826086956519
2023-12-19,6960,6980,6720,6730,115224,-0.033045977011494254
2023-12-20,6850,6930,6800,6870,105668,0.02080237741456159
2023-12-21,6830,7020,6780,6930,119303,0.008733624454148492
2023-12-22,6930,7290,6930,7160,282106,0.03318903318903321
2023-12-26,7170,7170,6960,6990,104500,-0.023743016759776525
2023-12-27,7000,7020,6870,6900,74199,-0.012875536480686733
2023-12-28,6900,6980,6840,6940,55054,0.005797101449275255
2024-01-02,6940,7090,6900,7030,61040,0.012968299711815456
2024-01-03,6980,7100,6950,7100,96913,0.009957325746799528
2024-01-04,7080,7090,6880,6920,75035,-0.025352112676056304
2024-01-05,6930,6980,6760,6830,73310,-0.013005780346820761
2024-01-08,6830,6900,6790,6860,64754,0.004392386530014614
2024-01-09,6920,7050,6900,6950,81787,0.013119533527696792
2024-01-10,6980,7050,6920,6990,76071,0.0057553956834532904
2024-01-11,7010,7040,6900,6900,51529,-0.012875536480686733
2024-01-12,6950,6950,6700,6720,97084,-0.02608695652173909
2024-01-15,6730,6870,6690,6810,74502,0.013392857142857206
2024-01-16,6830,6890,6720,6850,52942,0.005873715124816492
2024-01-17,6880,6880,6600,6670,88065,-0.026277372262773713
2024-01-18,6710,6870,6630,6790,50483,0.01799100449775115
2024-01-19,6800,6950,6790,6920,95441,0.019145802650957222
2024-01-22,7030,7070,6950,7020,109638,0.014450867052023142
2024-01-23,7050,7190,6980,7130,152997,0.015669515669515688
2024-01-24,7170,7170,7000,7030,87372,-0.014025245441795287
2024-01-25,7030,7070,6970,7040,52949,0.0014224751066855834
2024-01-26,7030,7080,6960,6970,74183,-0.009943181818181768
2024-01-29,6970,6980,6770,6850,89286,-0.017216642754662836
2024-01-30,6890,6930,6770,6830,87024,-0.0029197080291970545
2024-01-31,6860,6860,6640,6730,86566,-0.014641288433382083
2024-02-01,6740,6840,6660,6830,85880,0.014858841010401136
2024-02-02,6810,6960,6790,6900,100717,0.01024890190336758
2024-02-05,6950,6970,6830,6950,90188,0.007246376811594235
2024-02-06,6950,6950,6760,6760,91607,-0.027338129496402908
2024-02-07,6800,6800,6650,6720,110411,-0.00591715976331364
2024-02-08,6720,6900,6710,6770,50194,0.007440476190476275
2024-02-13,6850,7100,6830,7060,229702,0.042836041358936594
2024-02-14,7060,7100,6960,7070,76514,0.0014164305949009304
2024-02-15,7080,7100,6870,6890,103715,-0.02545968882602545
2024-02-16,6930,6980,6790,6890,92811,0.0
2024-02-19,6880,6970,6860,6930,40928,0.005805515239477588
2024-02-20,6940,7060,6870,6990,84439,0.008658008658008587
2024-02-21,6980,7010,6870,6970,70938,-0.0028612303290415086
2024-02-22,6970,7500,6940,7260,846705,0.04160688665710177
2024-02-23,7300,7340,7030,7070,204399,-0.026170798898071612
2024-02-26,7070,7160,6950,6980,115842,-0.012729844413012725
2024-02-27,6930,6980,6730,6770,161361,-0.03008595988538687
2024-02-28,6770,6850,6750,6800,70392,0.004431314623338345
2024-02-29,6800,6800,6660,6690,124115,-0.016176470588235348
2024-03-04,6710,6810,6640,6740,82663,0.007473841554558991
2024-03-05,6700,6750,6650,6650,110386,-0.013353115727002929
2024-03-06,6650,6750,6630,6690,59525,0.006015037593984918
2024-03-07,6740,6740,6430,6430,177908,-0.038863976083707064
2024-03-08,6460,6570,6380,6490,70597,0.009331259720062102
2024-03-11,6480,6550,6410,6510,90599,0.0030816640986133237
2024-03-12,6490,6540,6420,6470,64280,-0.006144393241167445
2024-03-13,6480,6540,6380,6450,125792,-0.0030911901081916993
2024-03-14,6470,6470,6360,6420,105207,-0.0046511627906976605
2024-03-15,6420,6450,6300,6360,119977,-0.009345794392523366
2024-03-18,6340,6450,6300,6300,90188,-0.009433962264150941
2024-03-19,6300,6350,6190,6260,102727,-0.006349206349206327
2024-03-20,6260,6360,6210,6310,55683,0.007987220447284393
2024-03-21,6360,6410,6300,6350,70654,0.006339144215530945
2024-03-22,6390,6390,6250,6260,76722,-0.014173228346456734
2024-03-25,6280,6300,6190,6220,66839,-0.006389776357827448
2024-03-26,6270,6370,6220,6340,82360,0.019292604501607746
2024-03-27,6340,6360,6270,6350,37153,0.001577287066246047
2024-03-28,6320,6340,6270,6280,45900,-0.011023622047244053
2024-03-29,6280,6310,6230,6290,30333,0.0015923566878981443
2024-04-01,6280,6390,6280,6310,37487,0.0031796502384737746
2024-04-02,6340,6360,6280,6340,44121,0.004754358161648264
2024-04-03,6340,6340,6250,6330,32160,-0.001577287066246047
2024-04-04,6340,6410,6290,6390,54820,0.009478672985782088
2024-04-05,6330,6370,6170,6220,83035,-0.026604068857590035
2024-04-08,6230,6250,6000,6040,128225,-0.02893890675241162
2024-04-09,6060,6090,5920,5950,105078,-0.01490066225165565
2024-04-11,5860,5950,5660,5770,447772,-0.030252100840336138
2024-04-12,5800,5860,5660,5690,92382,-0.013864818024263426
2024-04-15,5600,5680,5500,5670,127194,-0.0035149384885764245
2024-04-16,5620,5650,5420,5440,114090,-0.040564373897707284
2024-04-17,5580,5580,5470,5510,69416,0.012867647058823595
2024-04-18,5480,5630,5480,5560,76727,0.00907441016333932
2024-04-19,5560,5570,5350,5480,95653,-0.014388489208633115
2024-04-22,5550,5550,5430,5500,53320,0.0036496350364962904
2024-04-23,5570,5580,5430,5450,72905,-0.009090909090909038
2024-04-24,5470,5560,5470,5530,68433,0.014678899082568808
2024-04-25,5520,5620,5470,5570,101230,0.00723327305605781
2024-04-26,5570,5600,5460,5500,97198,-0.012567324955116699
2024-04-29,5500,5690,5500,5620,74428,0.021818181818181737
2024-04-30,5620,5670,5600,5610,48679,-0.001779359430605032
2024-05-02,5620,5680,5600,5650,42267,0.007130124777183555
2024-05-03,5630,5680,5610,5650,39699,0.0
2024-05-07,5700,5700,5640,5640,54439,-0.001769911504424737
2024-05-08,5640,5750,5610,5700,41182,0.010638297872340496
2024-05-09,5700,5750,5660,5660,47558,-0.007017543859649145
2024-05-10,5690,5720,5610,5630,42816,-0.005300353356890497
2024-05-13,5630,5690,5560,5630,28248,0.0
2024-05-14,5690,6070,5610,5970,275698,0.060390763765541644
2024-05-16,6040,6050,5900,5960,104203,-0.0016750418760469454
2024-05-17,5880,5950,5830,5870,58610,-0.015100671140939603
2024-05-20,5880,5970,5860,5930,46942,0.010221465076660996
2024-05-21,5970,5990,5860,5910,37584,-0.003372681281618939
2024-05-22,5910,5970,5870,5900,33915,-0.0016920473773265332
2024-05-23,5950,6060,5860,5870,90332,-0.005084745762711895
2024-05-24,5900,5900,5820,5850,32557,-0.0034071550255536653
2024-05-27,5850,5890,5800,5850,40123,0.0
2024-05-28,5850,5890,5800,5850,45119,0.0
2024-05-29,5850,5960,5800,5820,84886,-0.00512820512820511
2024-05-30,5800,5830,5660,5700,42385,-0.020618556701030966
2024-05-31,5740,5800,5660,5740,34648,0.007017543859649145
2024-06-03,5800,5920,5730,5920,59095,0.03135888501742157
2024-06-04,5920,5950,5830,5880,30581,-0.006756756756756799
2024-06-05,5870,5900,5820,5860,26098,-0.003401360544217691
2024-06-07,5870,5920,5830,5830,34202,-0.005119453924914641
2024-06-10,5830,5900,5740,5830,45515,0.0
2024-06-11,5830,5890,5670,5730,60071,-0.01715265866209259
2024-06-12,5790,5810,5700,5730,28709,0.0
2024-06-13,5760,5830,5750,5800,28104,0.01221640488656206
2024-06-14,5830,5840,5680,5720,46299,-0.01379310344827589
2024-06-17,5750,5770,5670,5680,29578,-0.006993006993006978
2024-06-18,5680,5820,5650,5680,28372,0.0
2024-06-19,5700,5730,5650,5690,40664,0.0017605633802817433
2024-06-20,5690,5730,5640,5680,36374,-0.0017574692442882123
2024-06-21,5680,5720,5550,5580,75244,-0.017605633802816878
2024-06-24,5550,5590,5490,5490,55581,-0.016129032258064502
2024-06-25,5470,5550,5430,5540,60423,0.00910746812386165
2024-06-26,5500,5570,5490,5500,36002,-0.0072202166064981865
2024-06-27,5500,5510,5420,5460,52452,-0.0072727272727273196
2024-06-28,5460,5530,5450,5490,26438,0.005494505494505475
2024-07-01,5550,5610,5480,5520,38707,0.005464480874316946
2024-07-02,5520,5590,5400,5400,78092,-0.021739130434782594
2024-07-03,5410,5480,5230,5250,103750,-0.02777777777777779
2024-07-04,5250,5340,5250,5280,52468,0.005714285714285783
2024-07-05,5280,5360,5260,5330,55620,0.009469696969697017
2024-07-08,5310,5420,5300,5410,59530,0.015009380863039379
2024-07-09,5370,5490,5370,5410,20430,0.0
2024-07-10,5410,5410,5280,5300,51335,-0.020332717190388205
2024-07-11,5300,5380,5290,5330,40307,0.005660377358490676
2024-07-12,5300,5390,5300,5350,21388,0.0037523452157599557
2024-07-15,5380,5450,5270,5410,57319,0.01121495327102795
2024-07-16,5390,5470,5370,5400,43229,-0.001848428835489857
2024-07-17,5410,5460,5360,5450,62896,0.0092592592592593
2024-07-18,5390,5410,5250,5280,111108,-0.031192660550458662
2024-07-19,5320,5320,5260,5310,49369,0.005681818181818121
2024-07-22,5250,5300,5050,5110,188190,-0.03766478342749524
2024-07-23,5150,5160,5050,5060,65616,-0.009784735812133127
2024-07-24,5010,5210,5010,5120,64414,0.011857707509881354
2024-07-25,5110,5110,4975,5030,116247,-0.017578125
2024-07-26,5010,5090,5000,5080,41865,0.00994035785288272
2024-07-29,5040,5140,5040,5060,69539,-0.003937007874015741
2024-07-30,5020,5060,4965,4985,82268,-0.014822134387351804
2024-07-31,5000,5120,4955,5090,49239,0.02106318956870612
2024-08-01,5060,5190,5060,5160,33682,0.013752455795677854
2024-08-02,5130,5130,4960,4975,79649,-0.035852713178294526
2024-08-05,4940,4945,4250,4495,207903,-0.0964824120603015
2024-08-06,4400,4790,4400,4695,123258,0.04449388209121241
2024-08-07,4620,4820,4620,4780,35519,0.018104366347177825
2024-08-08,4750,4820,4685,4705,32383,-0.01569037656903771
2024-08-09,4720,4845,4720,4830,29452,0.026567481402762994
2024-08-12,4800,4940,4800,4850,33340,0.0041407867494824835
2024-08-13,4825,4890,4800,4840,22951,-0.0020618556701030855
2024-08-14,4845,4960,4845,4945,58951,0.02169421487603307
2024-08-16,5000,5000,4890,4955,30925,0.002022244691607611
2024-08-19,4955,4995,4880,4900,27496,-0.011099899091826404
2024-08-20,4880,4980,4880,4965,46964,0.013265306122449028
2024-08-21,4965,5070,4940,5010,39946,0.009063444108761365
2024-08-22,5010,5130,4970,5030,26271,0.003992015968063978
2024-08-23,4980,5000,4925,4925,18413,-0.020874751491053667
2024-08-26,4890,4930,4835,4855,43209,-0.014213197969543123
2024-08-27,4790,4895,4790,4830,14856,-0.005149330587023715
2024-08-28,4795,4855,4720,4750,74647,-0.0165631469979296
2024-08-29,4680,4785,4680,4730,26038,-0.004210526315789442
2024-08-30,4730,4775,4685,4770,44906,0.008456659619450413
2024-09-02,4770,4795,4690,4750,31128,-0.004192872117400381
2024-09-03,4740,4925,4740,4855,30703,0.022105263157894628
2024-09-04,4795,4820,4665,4705,60685,-0.030895983522142068
2024-09-05,4740,4740,4635,4700,44994,-0.0010626992561104665
2024-09-06,4640,4700,4550,4550,48793,-0.03191489361702127
2024-09-09,4425,4630,4425,4590,39552,0.00879120879120876
2024-09-10,4575,4690,4435,4450,56939,-0.030501089324618702
2024-09-11,4410,4560,4410,4480,26533,0.006741573033707926
2024-09-12,4490,4665,4490,4550,28634,0.015625
2024-09-13,4515,4600,4505,4530,29419,-0.00439560439560438
2024-09-19,4530,4630,4455,4525,55167,-0.001103752759381904
2024-09-20,4550,4580,4500,4520,36588,-0.0011049723756906271
2024-09-23,4485,4600,4480,4535,42457,0.0033185840707965486
2024-09-24,4535,4570,4520,4540,102908,0.0011025358324145973
2024-09-25,4545,4595,4530,4540,38229,0.0
2024-09-26,4525,4660,4525,4605,58870,0.014317180616740144
2024-09-27,4600,4640,4585,4630,29109,0.005428881650380024
2024-09-30,4615,4620,4485,4485,48948,-0.03131749460043198
2024-10-02,4445,4480,4385,4415,51353,-0.015607580824972156
2024-10-04,4395,4470,4390,4450,42972,0.007927519818799578
2024-10-07,4450,4600,4435,4470,57197,0.004494382022471877
2024-10-08,4480,4540,4430,4455,63119,-0.003355704697986628
2024-10-10,4435,4485,4385,4400,76503,-0.012345679012345734
2024-10-11,4420,4465,4385,4430,40650,0.006818181818181834
2024-10-14,4405,4460,4405,4440,43124,0.0022573363431150906
2024-10-15,4440,4485,4435,4480,41027,0.009009009009008917
2024-10-16,4475,4495,4435,4460,19102,-0.004464285714285698
2024-10-17,4440,4490,4440,4465,12986,0.0011210762331839152
2024-10-18,4480,4480,4385,4400,48518,-0.014557670772676334
2024-10-21,4405,4440,4390,4400,32329,0.0
2024-10-22,4385,4430,4300,4365,47450,-0.007954545454545436
2024-10-23,4340,4380,4305,4335,28468,-0.0068728522336769515
2024-10-24,4305,4850,4300,4390,816832,0.012687427912341454
2024-10-25,4375,4415,4325,4350,59666,-0.009111617312072884
2024-10-28,4350,4385,4310,4335,35734,-0.0034482758620689724
2024-10-29,4325,4400,4310,4330,37366,-0.0011534025374856371
2024-10-30,4330,4375,4305,4325,22882,-0.0011547344110854896
2024-10-31,4320,4375,4310,4360,16779,0.008092485549132888
2024-11-01,4360,4360,4310,4310,22550,-0.011467889908256867
2024-11-04,4330,4390,4310,4360,29964,0.011600928074245953
2024-11-05,4360,4435,4360,4435,35665,0.017201834862385246
2024-11-06,4445,4470,4330,4355,40451,-0.018038331454340528
2024-11-07,4355,4395,4325,4370,20885,0.003444316877152742
2024-11-08,4370,4435,4365,4370,34205,0.0
2024-11-11,4350,4400,4255,4275,96625,-0.021739130434782594
2024-11-12,4225,4270,4005,4025,95679,-0.05847953216374269
2024-11-13,3920,4010,3845,3845,124156,-0.044720496894409933
2024-11-14,3845,3900,3810,3810,72667,-0.00910273081924573
2024-11-15,3810,3950,3765,3900,65027,0.023622047244094446
2024-11-18,3825,4060,3825,4005,55850,0.026923076923076827
2024-11-19,4000,4070,3970,3985,26195,-0.004993757802746579
2024-11-20,3985,4020,3960,3980,13176,-0.0012547051442910462
2024-11-21,3990,4035,3955,3980,19115,0.0
