Date,Open,High,Low,Close,Volume,Change
2022-01-03,3660,3690,3590,3595,45406,-0.01775956284153002
2022-01-04,3585,3670,3505,3590,71667,-0.0013908205841446364
2022-01-05,3540,3685,3535,3590,31020,0.0
2022-01-06,3585,3660,3570,3610,95448,0.0055710306406684396
2022-01-07,3600,3655,3585,3600,74167,-0.0027700831024930483
2022-01-10,3695,3695,3580,3660,38165,0.016666666666666607
2022-01-11,3615,3785,3585,3635,35432,-0.006830601092896127
2022-01-12,3605,3700,3595,3650,62887,0.004126547455295837
2022-01-13,3665,3855,3640,3795,114969,0.039726027397260166
2022-01-14,3850,3850,3720,3785,32712,-0.0026350461133070047
2022-01-17,3780,3780,3600,3605,33977,-0.047556142668428
2022-01-18,3605,3730,3605,3700,78773,0.026352288488210807
2022-01-19,3715,3715,3640,3660,14878,-0.010810810810810811
2022-01-20,3680,3775,3645,3740,13008,0.021857923497267784
2022-01-21,3755,3885,3675,3885,84445,0.03877005347593587
2022-01-24,3885,4030,3780,3960,114016,0.019305019305019266
2022-01-25,4000,4000,3820,3925,41270,-0.008838383838383868
2022-01-26,4010,4010,3800,3805,56922,-0.030573248407643305
2022-01-27,3810,3840,3600,3730,57673,-0.019710906701708275
2022-01-28,3730,3880,3700,3750,64925,0.00536193029490617
2022-02-03,3850,3910,3780,3855,42525,0.028000000000000025
2022-02-04,3855,4150,3855,4060,143564,0.05317769130998706
2022-02-07,4015,4070,3950,3975,54766,-0.020935960591133007
2022-02-08,4000,4030,3800,3825,40682,-0.037735849056603765
2022-02-09,3985,3985,3850,3925,14237,0.02614379084967311
2022-02-10,3925,3995,3895,3915,41354,-0.002547770700636942
2022-02-11,3915,3995,3840,3960,36701,0.011494252873563315
2022-02-14,3930,4100,3890,3955,139206,-0.0012626262626262985
2022-02-15,3955,4100,3885,3920,36654,-0.008849557522123908
2022-02-16,3940,4050,3940,3960,45720,0.010204081632652962
2022-02-17,4000,4090,3930,3995,73139,0.008838383838383868
2022-02-18,3955,4020,3880,4010,27300,0.003754693366708306
2022-02-21,4010,4135,3960,4105,76445,0.023690773067331694
2022-02-22,4075,4115,4005,4085,38064,-0.00487210718635811
2022-02-23,4085,4140,4060,4085,41306,0.0
2022-02-24,4060,4060,3940,3950,68997,-0.033047735618115026
2022-02-25,4000,4075,4000,4010,26630,0.0151898734177216
2022-02-28,3965,4045,3925,4020,17362,0.0024937655860348684
2022-03-02,3940,4045,3940,4035,37494,0.003731343283582156
2022-03-03,4130,4130,4030,4055,29526,0.004956629491945419
2022-03-04,4110,4290,4030,4215,118913,0.039457459926017346
2022-03-07,4215,4215,4020,4100,44873,-0.027283511269276417
2022-03-08,4100,4145,3900,4100,74860,0.0
2022-03-10,4100,4280,4065,4120,28666,0.004878048780487809
2022-03-11,4245,4345,4095,4330,149092,0.050970873786407855
2022-03-14,4310,4315,4175,4230,98875,-0.023094688221709014
2022-03-15,4215,4215,4095,4160,133989,-0.01654846335697402
2022-03-16,4200,4260,4125,4150,36347,-0.0024038461538461453
2022-03-17,4195,4200,4050,4125,49369,-0.0060240963855421326
2022-03-18,4175,4175,4065,4115,37262,-0.00242424242424244
2022-03-21,4120,4165,4055,4080,152596,-0.008505467800729027
2022-03-22,4100,4245,3950,4090,282179,0.002450980392156854
2022-03-23,4155,4155,3970,4000,108877,-0.022004889975550168
2022-03-24,4000,4035,3890,3970,65667,-0.007499999999999951
2022-03-25,3970,4030,3950,3985,53348,0.0037783375314861534
2022-03-28,3990,4020,3960,3985,27740,0.0
2022-03-29,3990,4005,3850,3850,110756,-0.03387703889585947
2022-03-30,3870,4030,3870,4000,279693,0.03896103896103886
2022-03-31,4005,4130,3975,4065,210598,0.016250000000000098
2022-04-01,4075,4150,4000,4010,64276,-0.013530135301353052
2022-04-04,4010,4090,3900,4020,297685,0.0024937655860348684
2022-04-05,4070,4070,3940,4040,88590,0.004975124378109541
2022-04-06,4030,4255,4000,4115,280219,0.01856435643564347
2022-04-07,4115,4115,3910,3950,169564,-0.04009720534629402
2022-04-08,3950,4035,3820,3950,144174,0.0
2022-04-11,3935,3990,3840,3860,78932,-0.02278481012658229
2022-04-12,3825,3825,3670,3700,73671,-0.041450777202072575
2022-04-13,3680,3740,3675,3730,58933,0.008108108108108025
2022-04-14,3825,3825,3765,3780,19003,0.013404825737265424
2022-04-15,3800,3800,3710,3765,35165,-0.003968253968253954
2022-04-18,3845,3845,3770,3800,49010,0.009296148738379806
2022-04-19,3770,3845,3740,3740,81008,-0.015789473684210575
2022-04-20,3795,3830,3640,3700,119308,-0.010695187165775444
2022-04-21,3700,3750,3660,3720,57004,0.00540540540540535
2022-04-22,3710,3710,3580,3660,82848,-0.016129032258064502
2022-04-25,3620,3650,3530,3570,60230,-0.024590163934426257
2022-04-26,3570,3570,3485,3520,60074,-0.014005602240896309
2022-04-27,3500,3500,3410,3420,43015,-0.02840909090909094
2022-04-28,3420,3445,3350,3380,33168,-0.011695906432748537
2022-04-29,3575,3615,3430,3525,84800,0.04289940828402372
2022-05-02,3555,3700,3525,3625,72795,0.028368794326241176
2022-05-03,3585,3680,3560,3620,52662,-0.0013793103448276334
2022-05-04,3620,3695,3515,3555,64169,-0.017955801104972413
2022-05-06,3500,3555,3480,3530,37949,-0.007032348804500654
2022-05-09,3480,3530,3390,3440,86067,-0.025495750708215303
2022-05-10,3365,3420,3275,3415,54241,-0.007267441860465129
2022-05-11,3380,3530,3350,3440,47831,0.007320644216691097
2022-05-12,3445,3445,3315,3370,34822,-0.02034883720930236
2022-05-13,3370,3370,3325,3350,30684,-0.005934718100890191
2022-05-16,3400,3440,3350,3375,15416,0.00746268656716409
2022-05-17,3450,3460,3160,3450,75720,0.022222222222222143
2022-05-18,3570,3605,3470,3510,56757,0.017391304347825987
2022-05-19,3465,3465,3350,3400,27800,-0.031339031339031376
2022-05-20,3360,3415,3360,3380,21941,-0.00588235294117645
2022-05-23,3380,3380,3250,3285,66616,-0.028106508875739622
2022-05-24,3305,3305,3225,3265,40266,-0.0060882800608828
2022-05-25,3255,3270,3220,3265,29431,0.0
2022-05-26,3265,3310,3245,3280,51439,0.004594180704440953
2022-05-27,3290,3380,3290,3380,28093,0.030487804878048808
2022-05-30,3430,3475,3385,3430,59174,0.014792899408283988
2022-05-31,3430,3455,3400,3410,57680,-0.005830903790087438
2022-06-02,3395,3440,3370,3410,25410,0.0
2022-06-03,3405,3510,3245,3480,71846,0.02052785923753664
2022-06-07,3480,3580,3470,3480,34294,0.0
2022-06-08,3445,3550,3425,3480,45433,0.0
2022-06-09,3480,3480,3360,3430,40476,-0.014367816091954033
2022-06-10,3395,3445,3345,3445,22873,0.004373177842565523
2022-06-13,3340,3415,3180,3255,73965,-0.055152394775036306
2022-06-14,3095,3225,3060,3150,76594,-0.032258064516129004
2022-06-15,3115,3115,2950,3000,62255,-0.04761904761904767
2022-06-16,3000,3120,2995,3045,47815,0.014999999999999902
2022-06-17,2980,3045,2900,3000,29339,-0.014778325123152691
2022-06-20,3000,3005,2760,2820,39218,-0.06000000000000005
2022-06-21,2825,2835,2675,2790,62302,-0.010638297872340385
2022-06-22,2795,2835,2630,2685,54360,-0.037634408602150504
2022-06-23,2670,2680,2440,2445,54020,-0.08938547486033521
2022-06-24,2445,2600,2445,2585,42894,0.05725971370143146
2022-06-27,2715,2750,2615,2625,37166,0.015473887814313247
2022-06-28,2650,2760,2650,2760,49203,0.05142857142857138
2022-06-29,2770,2855,2760,2815,25271,0.019927536231884035
2022-06-30,2785,2805,2645,2690,26538,-0.04440497335701599
2022-07-01,2630,2715,2590,2600,65814,-0.03345724907063197
2022-07-04,2600,2610,2520,2600,21064,0.0
2022-07-05,2600,2795,2565,2795,23121,0.07499999999999996
2022-07-06,2810,2850,2715,2715,23527,-0.028622540250447193
2022-07-07,2730,2825,2680,2755,33369,0.014732965009208066
2022-07-08,2785,2850,2745,2850,26030,0.034482758620689724
2022-07-11,2875,2875,2755,2755,11501,-0.033333333333333326
2022-07-12,2755,2765,2605,2665,34599,-0.03266787658802173
2022-07-13,2665,2675,2600,2670,16871,0.0018761726078799779
2022-07-14,2690,2725,2450,2670,109581,0.0
2022-07-15,2695,2725,2640,2720,16251,0.01872659176029967
2022-07-18,2720,2760,2690,2735,48823,0.005514705882353033
2022-07-19,2775,2775,2670,2730,22072,-0.001828153564899404
2022-07-20,2740,2750,2705,2710,52145,-0.0073260073260073
2022-07-21,2780,3280,2755,2940,507203,0.08487084870848705
2022-07-22,2960,2960,2835,2940,101791,0.0
2022-07-25,2940,2945,2825,2945,39492,0.001700680272108901
2022-07-26,2905,2945,2875,2935,25983,-0.00339558573853993
2022-07-27,2935,2940,2845,2935,39985,0.0
2022-07-28,2960,2960,2870,2905,34812,-0.010221465076660996
2022-07-29,2905,2930,2875,2920,29083,0.005163511187607606
2022-08-01,2920,2940,2850,2940,33708,0.006849315068493178
2022-08-02,2940,2940,2850,2910,37730,-0.010204081632653073
2022-08-03,2875,2905,2850,2860,36888,-0.01718213058419249
2022-08-04,2875,2940,2865,2895,61383,0.012237762237762295
2022-08-05,2935,2955,2895,2940,31616,0.015544041450777257
2022-08-08,2940,2960,2895,2935,32052,-0.00170068027210879
2022-08-09,3000,3000,2915,2950,52575,0.005110732538330387
2022-08-10,2945,2955,2850,2945,78176,-0.0016949152542372614
2022-08-11,2940,3000,2895,2940,65492,-0.001697792869269965
2022-08-12,2940,2985,2890,2925,37170,-0.005102040816326481
2022-08-16,2905,2940,2895,2940,25194,0.00512820512820511
2022-08-17,2925,2930,2840,2860,52451,-0.027210884353741527
2022-08-18,2855,2880,2745,2875,81517,0.005244755244755206
2022-08-19,2835,2925,2810,2920,47031,0.01565217391304352
2022-08-22,2920,3050,2835,3000,146736,0.027397260273972712
2022-08-23,3100,3140,3000,3040,181953,0.01333333333333342
2022-08-24,3040,3195,2950,3095,293984,0.018092105263157965
2022-08-25,3095,3165,3070,3090,45474,-0.001615508885298822
2022-08-26,3090,3090,2880,3000,239017,-0.029126213592232997
2022-08-29,2890,3000,2885,2950,46348,-0.01666666666666672
2022-08-30,2920,3030,2920,2980,37376,0.01016949152542379
2022-08-31,2980,3000,2905,2925,56999,-0.01845637583892612
2022-09-01,2945,3125,2945,3060,131006,0.04615384615384621
2022-09-02,3045,3045,2875,2915,62509,-0.04738562091503273
2022-09-05,2870,2880,2740,2740,64096,-0.06003430531732423
2022-09-06,2710,2850,2710,2815,86153,0.027372262773722733
2022-09-07,2815,2850,2670,2675,54190,-0.04973357015985791
2022-09-08,2675,2750,2665,2680,71379,0.0018691588785046953
2022-09-13,2685,2810,2685,2800,35674,0.04477611940298498
2022-09-14,2770,2850,2690,2795,36979,-0.0017857142857142794
2022-09-15,2795,2870,2770,2820,33172,0.008944543828264706
2022-09-16,2790,2900,2770,2870,61512,0.01773049645390068
2022-09-19,2870,3000,2840,2990,123320,0.04181184668989557
2022-09-20,2990,3045,2915,2980,160910,-0.0033444816053511683
2022-09-21,2955,3020,2900,2970,291155,-0.003355704697986628
2022-09-22,2970,3100,2850,3015,262796,0.015151515151515138
2022-09-23,2990,3075,2930,2995,73458,-0.0066334991708125735
2022-09-26,2900,2990,2740,2790,93446,-0.06844741235392315
2022-09-27,2785,2785,2570,2690,195815,-0.03584229390681004
2022-09-28,2685,2745,2500,2730,154758,0.014869888475836479
2022-09-29,2750,2760,2615,2635,68082,-0.034798534798534786
2022-09-30,2600,2635,2540,2560,58864,-0.028462998102466774
2022-10-04,2560,2620,2560,2620,34667,0.0234375
2022-10-05,2645,2680,2550,2645,43509,0.009541984732824416
2022-10-06,2700,2715,2650,2715,28183,0.026465028355387554
2022-10-07,2715,2715,2615,2635,12959,-0.029465930018416242
2022-10-11,2605,2605,2400,2405,114923,-0.0872865275142315
2022-10-12,2405,2450,2365,2410,27702,0.0020790020790020236
2022-10-13,2365,2410,2310,2375,23657,-0.014522821576763434
2022-10-14,2390,2550,2390,2530,25139,0.06526315789473691
2022-10-17,2505,2510,2410,2490,17824,-0.015810276679841917
2022-10-18,2510,2540,2485,2510,17205,0.008032128514056325
2022-10-19,2535,2560,2510,2530,16437,0.007968127490039834
2022-10-20,2525,2550,2480,2550,32200,0.007905138339920903
2022-10-21,2515,2555,2480,2540,13402,-0.0039215686274509665
2022-10-24,2545,2630,2545,2590,28995,0.019685039370078705
2022-10-25,2590,2675,2590,2610,20869,0.007722007722007707
2022-10-26,2610,2630,2580,2615,7741,0.0019157088122605526
2022-10-27,2615,2615,2525,2580,30816,-0.013384321223709361
2022-10-28,2570,2580,2520,2575,31651,-0.0019379844961240345
2022-10-31,2575,2590,2505,2520,22321,-0.021359223300970842
2022-11-01,2515,2585,2480,2510,63003,-0.003968253968253954
2022-11-02,2525,2555,2460,2495,20613,-0.005976095617529875
2022-11-03,2495,2510,2465,2495,12414,0.0
2022-11-04,2460,2520,2455,2470,8922,-0.01002004008016033
2022-11-07,2505,2545,2490,2525,18561,0.022267206477732726
2022-11-08,2525,2555,2510,2530,14680,0.001980198019801982
2022-11-09,2530,2570,2530,2545,11567,0.005928853754940677
2022-11-10,2545,2555,2420,2550,59949,0.0019646365422396617
2022-11-11,2575,2595,2545,2575,29606,0.009803921568627416
2022-11-14,2575,2635,2550,2620,32176,0.01747572815533971
2022-11-15,2595,2605,2515,2600,66215,-0.007633587786259555
2022-11-16,2570,2600,2500,2570,90708,-0.011538461538461497
2022-11-17,2570,2600,2550,2580,19644,0.0038910505836575737
2022-11-18,2600,2625,2530,2565,23593,-0.005813953488372103
2022-11-21,2540,2545,2460,2540,91578,-0.00974658869395717
2022-11-22,2515,2560,2485,2485,34859,-0.021653543307086576
2022-11-23,2485,2530,2485,2530,31245,0.01810865191146882
2022-11-24,2565,2855,2560,2710,449431,0.07114624505928857
2022-11-25,2725,2990,2670,2840,234617,0.047970479704797064
2022-11-28,2840,2840,2765,2790,63408,-0.017605633802816878
2022-11-29,2780,2895,2660,2845,89564,0.019713261648745428
2022-11-30,2850,2850,2760,2790,46342,-0.019332161687170446
2022-12-01,2790,2820,2750,2785,55879,-0.0017921146953404632
2022-12-02,2785,2805,2700,2760,73786,-0.008976660682226245
2022-12-05,2785,2925,2745,2885,80905,0.04528985507246386
2022-12-06,2860,2930,2805,2830,72468,-0.01906412478336217
2022-12-07,2755,2815,2680,2715,52872,-0.04063604240282681
2022-12-08,2715,2730,2670,2705,21942,-0.0036832412523020164
2022-12-09,2705,2795,2700,2765,33131,0.022181146025878062
2022-12-12,2780,2840,2775,2835,32011,0.025316455696202445
2022-12-13,2835,2910,2765,2810,20988,-0.00881834215167554
2022-12-14,2730,2800,2710,2720,33593,-0.03202846975088969
2022-12-15,2735,2795,2710,2730,29599,0.003676470588235281
2022-12-16,2730,2815,2680,2730,26686,0.0
2022-12-19,2690,2745,2645,2710,14464,-0.0073260073260073
2022-12-20,2700,2700,2580,2635,27727,-0.027675276752767486
2022-12-21,2635,2640,2525,2585,13002,-0.018975332068311146
2022-12-22,2585,2660,2535,2635,15866,0.01934235976789167
2022-12-23,2630,2670,2565,2630,40315,-0.00189753320683117
2022-12-26,2605,2660,2520,2645,27446,0.005703422053231932
2022-12-27,2645,2670,2560,2650,12564,0.001890359168241984
2022-12-28,2645,2720,2635,2695,36375,0.016981132075471805
2022-12-29,2695,2725,2525,2580,54009,-0.042671614100185495
2023-01-02,2530,2605,2480,2545,24654,-0.013565891472868241
2023-01-03,2570,2600,2440,2490,28839,-0.0216110019646365
2023-01-04,2490,2575,2490,2570,5793,0.032128514056224855
2023-01-05,2600,2690,2555,2570,5053,0.0
2023-01-06,2545,2630,2545,2630,8238,0.023346303501945442
2023-01-09,2700,2860,2605,2645,23510,0.005703422053231932
2023-01-10,2690,2700,2615,2670,10959,0.00945179584120992
2023-01-11,2710,2710,2645,2690,26337,0.0074906367041198685
2023-01-12,2715,2715,2605,2680,24525,-0.0037174721189591198
2023-01-13,2680,2745,2645,2680,11939,0.0
2023-01-16,2680,2725,2680,2680,8753,0.0
2023-01-17,2725,2725,2650,2705,19969,0.009328358208955168
2023-01-18,2725,2770,2690,2705,65757,0.0
2023-01-19,2710,2730,2660,2700,14796,-0.001848428835489857
2023-01-20,2710,2730,2670,2705,13589,0.0018518518518517713
2023-01-25,2705,2775,2670,2725,57799,0.007393715341959428
2023-01-26,2750,2755,2690,2730,29379,0.0018348623853210455
2023-01-27,2730,2835,2730,2815,95465,0.031135531135531025
2023-01-30,2850,3015,2800,2900,287875,0.030195381882770933
2023-01-31,2865,2880,2785,2850,75767,-0.017241379310344862
2023-02-01,2880,2915,2730,2780,126069,-0.024561403508771895
2023-02-02,2770,2835,2755,2800,50031,0.007194244604316502
2023-02-03,2825,2825,2765,2815,22469,0.005357142857142838
2023-02-06,2815,2830,2760,2815,52783,0.0
2023-02-07,2790,2925,2785,2825,20828,0.003552397868561208
2023-02-08,2815,2855,2720,2800,124689,-0.008849557522123908
2023-02-09,2795,3450,2770,3370,3764592,0.20357142857142851
2023-02-10,3220,3290,2900,3250,908576,-0.035608308605341255
2023-02-13,3250,3315,3100,3260,360899,0.003076923076922977
2023-02-14,3260,3260,3100,3120,238255,-0.042944785276073594
2023-02-15,3120,3200,3015,3030,318882,-0.028846153846153855
2023-02-16,3060,3300,3020,3170,608406,0.0462046204620461
2023-02-17,3160,3210,3045,3145,133347,-0.007886435331230235
2023-02-20,3130,3135,2930,3095,149966,-0.015898251192368873
2023-02-21,3095,3120,3005,3080,68355,-0.004846526655896577
2023-02-22,3030,3150,3010,3065,68668,-0.004870129870129913
2023-02-23,3065,3095,3020,3065,91047,0.0
2023-02-24,3020,3110,3020,3100,146210,0.011419249592169667
2023-02-27,3085,3135,3050,3135,158092,0.011290322580645107
2023-02-28,3180,3185,3070,3150,123597,0.004784688995215225
2023-03-02,3180,3305,3090,3150,999155,0.0
2023-03-03,3240,3240,3100,3110,129844,-0.012698412698412653
2023-03-06,3130,3130,2930,2995,208197,-0.036977491961414755
2023-03-07,3025,3025,2775,2975,149495,-0.006677796327211993
2023-03-08,2975,2975,2830,2885,113181,-0.030252100840336138
2023-03-09,2970,2970,2845,2930,107437,0.015597920277296451
2023-03-10,2885,2905,2780,2840,87711,-0.030716723549488067
2023-03-13,2830,2830,2670,2755,88792,-0.029929577464788748
2023-03-14,2755,2755,2555,2565,109545,-0.06896551724137934
2023-03-15,2580,2665,2580,2650,28811,0.033138401559454245
2023-03-16,2650,2690,2565,2660,21612,0.0037735849056603765
2023-03-17,2685,2690,2630,2675,17880,0.005639097744360999
2023-03-20,2675,2730,2650,2655,21921,-0.00747663551401867
2023-03-21,2670,2675,2525,2615,55114,-0.015065913370998163
2023-03-22,2500,2560,2390,2490,237370,-0.04780114722753348
2023-03-23,2510,2565,2460,2460,83623,-0.012048192771084376
2023-03-24,2485,2525,2445,2495,30322,0.014227642276422703
2023-03-27,2490,2495,2370,2475,44885,-0.008016032064128265
2023-03-28,2475,2585,2355,2580,56931,0.042424242424242475
2023-03-29,2595,2600,2500,2570,17102,-0.003875968992248069
2023-03-30,2595,2600,2495,2515,44658,-0.021400778210116767
2023-03-31,2535,2545,2470,2515,28175,0.0
2023-04-03,2530,2530,2440,2495,104605,-0.007952286282306154
2023-04-04,2495,2530,2455,2490,80975,-0.002004008016032066
2023-04-05,2515,2525,2455,2490,19428,0.0
2023-04-06,2490,2490,2420,2465,48805,-0.010040160642570295
2023-04-07,2460,2490,2430,2465,21462,0.0
2023-04-10,2465,2465,2390,2455,82744,-0.0040567951318458695
2023-04-11,2440,2460,2390,2460,97976,0.0020366598778003286
2023-04-12,2450,2510,2450,2490,42943,0.012195121951219523
2023-04-13,2490,2490,2425,2480,16191,-0.004016064257028162
2023-04-14,2495,2495,2425,2470,72265,-0.0040322580645161255
2023-04-17,2470,2500,2440,2460,55171,-0.004048582995951455
2023-04-18,2460,2460,2420,2450,29138,-0.004065040650406471
2023-04-19,2450,2450,2420,2450,32431,0.0
2023-04-20,2450,2515,2415,2455,68720,0.0020408163265306367
2023-04-21,2415,2485,2415,2450,38034,-0.0020366598778004397
2023-04-24,2330,2460,2330,2430,25591,-0.008163265306122436
2023-04-25,2410,2430,2310,2410,74094,-0.008230452674897082
2023-04-26,2380,2410,2295,2380,69515,-0.012448132780082943
2023-04-27,2350,2380,2300,2320,58134,-0.025210084033613467
2023-04-28,2320,2345,2295,2330,42555,0.004310344827586299
2023-05-02,2310,2350,2310,2345,24827,0.006437768240343367
2023-05-03,2340,2360,2330,2360,18980,0.006396588486140775
2023-05-04,2340,2395,2340,2390,35612,0.012711864406779627
2023-05-08,2390,2420,2380,2410,19755,0.008368200836819994
2023-05-09,2410,2430,2380,2410,10610,0.0
2023-05-10,2380,2430,2370,2430,17506,0.008298755186721962
2023-05-11,2445,2450,2425,2435,15149,0.002057613168724215
2023-05-12,2450,2450,2410,2425,9892,-0.004106776180698102
2023-05-15,2400,2430,2355,2415,34952,-0.004123711340206171
2023-05-16,2415,2440,2380,2420,12049,0.0020703933747412417
2023-05-17,2420,2430,2355,2420,22549,0.0
2023-05-18,2445,2450,2410,2445,13659,0.010330578512396604
2023-05-19,2450,2480,2420,2450,14230,0.002044989775051187
2023-05-22,2515,2840,2450,2720,1331297,0.11020408163265305
2023-05-23,2710,2710,2600,2615,190175,-0.03860294117647056
2023-05-24,2685,2685,2475,2540,196331,-0.028680688336520044
2023-05-25,2540,2565,2445,2490,110987,-0.019685039370078705
2023-05-26,2465,2500,2415,2495,77009,0.002008032128514081
2023-05-30,2490,2520,2435,2470,155920,-0.01002004008016033
2023-05-31,2490,2495,2440,2495,28008,0.010121457489878471
2023-06-01,2480,2520,2470,2520,26606,0.01002004008016022
2023-06-02,2530,2530,2485,2510,18163,-0.003968253968253954
2023-06-05,2510,2520,2480,2515,33813,0.0019920318725099584
2023-06-07,2500,2520,2485,2490,37986,-0.00994035785288272
2023-06-08,2495,2520,2450,2500,31301,0.004016064257028162
2023-06-09,2535,2565,2475,2495,29337,-0.0020000000000000018
2023-06-12,2475,2500,2470,2490,15611,-0.002004008016032066
2023-06-13,2490,2525,2465,2475,17536,-0.0060240963855421326
2023-06-14,2490,2500,2440,2485,28356,0.004040404040404066
2023-06-15,2460,2475,2445,2470,18308,-0.006036217303822977
2023-06-16,2470,2505,2435,2490,11186,0.00809716599190291
2023-06-19,2505,2530,2465,2500,28959,0.004016064257028162
2023-06-20,2510,2515,2445,2475,36720,-0.010000000000000009
2023-06-21,2480,2490,2450,2480,114589,0.002020202020202033
2023-06-22,2475,2545,2450,2485,17900,0.002016129032258007
2023-06-23,2495,2530,2465,2505,41602,0.008048289738430636
2023-06-26,2500,2510,2425,2460,68412,-0.017964071856287456
2023-06-27,2475,2540,2465,2495,16954,0.014227642276422703
2023-06-28,2490,2530,2450,2500,79661,0.002004008016031955
2023-06-29,2500,2540,2465,2520,42069,0.008000000000000007
2023-06-30,2520,2535,2415,2525,43663,0.001984126984126977
2023-07-03,2540,2550,2435,2525,78107,0.0
2023-07-04,2530,2545,2495,2520,22816,-0.001980198019801982
2023-07-05,2490,2520,2440,2515,46630,-0.001984126984126977
2023-07-06,2490,2500,2430,2460,20459,-0.021868787276341894
2023-07-07,2435,2575,2360,2390,73184,-0.028455284552845517
2023-07-10,2390,2485,2380,2485,9405,0.03974895397489542
2023-07-11,2460,2500,2435,2440,3380,-0.01810865191146882
2023-07-12,2455,2455,2300,2450,37579,0.004098360655737654
2023-07-13,2420,2485,2400,2480,43031,0.012244897959183598
2023-07-14,2480,2495,2400,2470,29200,-0.0040322580645161255
2023-07-17,2470,2485,2390,2400,64939,-0.028340080971659964
2023-07-18,2400,2445,2340,2445,55224,0.018750000000000044
2023-07-19,2445,2480,2365,2425,14551,-0.008179959100204526
2023-07-20,2410,2410,2335,2360,38270,-0.026804123711340222
2023-07-21,2350,2400,2350,2355,36437,-0.0021186440677966045
2023-07-24,2355,2355,2255,2305,81734,-0.02123142250530785
2023-07-25,2305,2365,2230,2295,29037,-0.004338394793926281
2023-07-26,2295,2310,2100,2300,89725,0.002178649237472685
2023-07-27,2300,2310,2230,2305,20572,0.0021739130434783593
2023-07-28,2265,2320,2215,2305,30035,0.0
2023-07-31,2325,2330,2235,2320,11959,0.006507592190889477
2023-08-01,2310,2320,2210,2295,25107,-0.010775862068965525
2023-08-02,2315,2320,2230,2300,40412,0.002178649237472685
2023-08-03,2285,2290,2255,2290,6273,-0.004347826086956497
2023-08-04,2280,2305,2250,2300,21401,0.004366812227074135
2023-08-07,2280,2370,2280,2300,28270,0.0
2023-08-08,2275,2350,2275,2295,40547,-0.0021739130434782483
2023-08-09,2275,2310,2260,2305,7781,0.004357298474945592
2023-08-10,2330,2410,2290,2315,66259,0.00433839479392617
2023-08-11,2350,2395,2305,2325,73541,0.004319654427645814
2023-08-14,2325,2325,2255,2295,47909,-0.012903225806451646
2023-08-16,2290,2290,2190,2270,66212,-0.01089324618736387
2023-08-17,2250,2255,2205,2250,38820,-0.008810572687224627
2023-08-18,2240,2245,2195,2235,28966,-0.00666666666666671
2023-08-21,2190,2235,2165,2230,53448,-0.0022371364653244186
2023-08-22,2210,2210,2165,2200,21785,-0.013452914798206317
2023-08-23,2200,2215,2170,2210,43655,0.00454545454545463
2023-08-24,2200,2240,2190,2235,39142,0.011312217194570096
2023-08-25,2230,2245,2200,2235,8965,0.0
2023-08-28,2235,2250,2195,2245,16713,0.004474272930648837
2023-08-29,2245,2270,2200,2250,28149,0.00222717149220486
2023-08-30,2260,2390,2235,2355,48924,0.046666666666666634
2023-08-31,2355,2355,2290,2345,26810,-0.00424628450106157
2023-09-01,2345,2345,2255,2330,32211,-0.006396588486140775
2023-09-04,2310,2310,2245,2295,20492,-0.015021459227467782
2023-09-05,2285,2290,2210,2290,83495,-0.002178649237472796
2023-09-06,2285,2305,2235,2295,27459,0.0021834061135370675
2023-09-07,2265,2330,2210,2310,38444,0.006535947712418277
2023-09-08,2285,2310,2220,2295,42560,-0.00649350649350644
2023-09-11,2285,2315,2250,2300,12588,0.002178649237472685
2023-09-12,2295,2300,2245,2290,16787,-0.004347826086956497
2023-09-13,2280,2290,2230,2260,31965,-0.013100436681222738
2023-09-14,2255,2260,2220,2250,6935,-0.004424778761061954
2023-09-15,2250,2265,2205,2225,33669,-0.011111111111111072
2023-09-18,2200,2225,2200,2225,7326,0.0
2023-09-19,2200,2245,2195,2240,15129,0.006741573033707926
2023-09-20,2235,2240,2190,2230,23819,-0.004464285714285698
2023-09-21,2190,2210,2150,2170,33005,-0.026905829596412523
2023-09-22,2165,2200,2135,2185,41737,0.00691244239631339
2023-09-25,2185,2185,2055,2100,69355,-0.0389016018306636
2023-09-26,2080,2100,2030,2080,37294,-0.00952380952380949
2023-09-27,2025,2080,2010,2080,55570,0.0
2023-10-04,2075,2075,1989,2020,30206,-0.028846153846153855
2023-10-05,2015,2015,1900,2005,53265,-0.007425742574257432
2023-10-06,1973,2010,1964,2000,36881,-0.0024937655860348684
2023-10-10,2020,2060,1982,2045,46379,0.022499999999999964
2023-10-11,2025,2200,2025,2185,26399,0.06845965770171158
2023-10-12,2185,2200,2100,2155,19900,-0.013729977116704761
2023-10-13,2150,2150,2080,2115,8217,-0.018561484918793503
2023-10-16,2115,2125,2055,2105,11785,-0.004728132387706863
2023-10-17,2095,2095,2030,2050,8842,-0.026128266033254133
2023-10-18,2040,2060,2010,2015,9185,-0.017073170731707332
2023-10-19,1995,2005,1965,2000,32606,-0.007444168734491274
2023-10-20,1980,1999,1941,1993,10825,-0.0034999999999999476
2023-10-23,1977,1992,1960,1990,6565,-0.0015052684395383542
2023-10-24,1990,2000,1930,1999,21352,0.004522613065326642
2023-10-25,2010,2015,1966,1994,21348,-0.002501250625312701
2023-10-26,1990,1990,1953,1976,8558,-0.009027081243731194
2023-10-27,1973,1973,1940,1968,26209,-0.004048582995951455
2023-10-30,1960,1999,1941,1997,10287,0.014735772357723498
2023-10-31,1997,2120,1982,2000,10525,0.001502253380070151
2023-11-01,1963,2010,1890,1954,15119,-0.02300000000000002
2023-11-02,1951,1991,1948,1972,7073,0.00921187308085969
2023-11-03,1980,2095,1973,2030,19039,0.02941176470588225
2023-11-06,2055,2055,2015,2045,19633,0.00738916256157629
2023-11-07,2045,2100,2015,2050,9587,0.0024449877750611915
2023-11-08,2050,2050,2010,2045,19358,-0.0024390243902439046
2023-11-09,2030,2055,2010,2010,10047,-0.017114914425427896
2023-11-10,2010,2025,1965,2010,7142,0.0
2023-11-13,2010,2015,1949,1982,10117,-0.013930348258706426
2023-11-14,1960,1981,1940,1941,10079,-0.02068617558022201
2023-11-15,1962,2065,1962,2040,40841,0.051004636785162205
2023-11-16,2175,2285,2075,2250,137150,0.10294117647058831
2023-11-17,2345,2345,2210,2290,37061,0.01777777777777767
2023-11-20,2340,2340,2280,2330,35697,0.017467248908296984
2023-11-21,2390,2390,2270,2325,30053,-0.0021459227467811592
2023-11-22,2325,2360,2290,2315,14331,-0.004301075268817178
2023-11-23,2310,2330,2280,2295,14463,-0.008639308855291628
2023-11-24,2295,2350,2260,2330,28851,0.015250544662309462
2023-11-27,2330,2385,2300,2360,34079,0.012875536480686733
2023-11-28,2375,2395,2360,2385,28380,0.010593220338983134
2023-11-29,2385,2415,2360,2385,15875,0.0
2023-11-30,2385,2415,2335,2405,25731,0.008385744234800763
2023-12-01,2405,2440,2365,2415,35160,0.004158004158004047
2023-12-04,2415,2435,2365,2410,28377,-0.0020703933747412417
2023-12-05,2410,2440,2325,2400,13393,-0.004149377593360981
2023-12-06,2400,2420,2340,2390,7055,-0.004166666666666652
2023-12-07,2385,2390,2325,2355,12410,-0.014644351464435101
2023-12-08,2340,2355,2305,2355,9248,0.0
2023-12-11,2380,2400,2355,2390,12455,0.014861995753715496
2023-12-12,2385,2400,2370,2395,8347,0.0020920502092049986
2023-12-13,2400,2400,2370,2380,9279,-0.006263048016701411
2023-12-14,2385,2410,2380,2410,21620,0.012605042016806678
2023-12-15,2400,2445,2390,2405,18009,-0.0020746887966804906
2023-12-18,2420,2445,2370,2425,14026,0.008316008316008316
2023-12-19,2425,2425,2380,2400,5403,-0.010309278350515427
2023-12-20,2415,2415,2370,2390,8832,-0.004166666666666652
2023-12-21,2425,2425,2310,2370,16085,-0.008368200836820106
2023-12-22,2370,2370,2285,2285,16354,-0.03586497890295359
2023-12-26,2305,2380,2270,2320,25480,0.015317286652078765
2023-12-27,2320,2390,2295,2340,85696,0.008620689655172376
2023-12-28,2390,2420,2275,2370,42188,0.012820512820512775
2024-01-02,2400,2430,2370,2415,39110,0.018987341772152
2024-01-03,2390,2440,2365,2415,26116,0.0
2024-01-04,2390,2405,2320,2400,12495,-0.006211180124223614
2024-01-05,2390,2390,2315,2355,27552,-0.018750000000000044
2024-01-08,2330,2370,2330,2355,12442,0.0
2024-01-09,2370,2370,2230,2350,12892,-0.002123142250530785
2024-01-10,2350,2365,2325,2360,8724,0.004255319148936065
2024-01-11,2350,2360,2350,2360,5358,0.0
2024-01-12,2380,2395,2355,2365,11056,0.0021186440677967155
2024-01-15,2320,2345,2300,2340,10588,-0.010570824524312905
2024-01-16,2320,2320,2245,2295,20344,-0.019230769230769273
2024-01-17,2235,2265,2160,2265,38804,-0.013071895424836555
2024-01-18,2230,2380,2195,2285,26643,0.008830022075055233
2024-01-19,2275,2295,2225,2285,18997,0.0
2024-01-22,2285,2390,2285,2315,13599,0.013129102844638973
2024-01-23,2320,2325,2280,2290,8057,-0.010799136069114423
2024-01-24,2290,2370,2285,2315,10621,0.01091703056768556
2024-01-25,2315,2375,2290,2310,9878,-0.002159827213822907
2024-01-26,2325,2325,2180,2290,10770,-0.008658008658008698
2024-01-29,2285,2300,2260,2300,16242,0.004366812227074135
2024-01-30,2315,2325,2290,2320,14547,0.008695652173912993
2024-01-31,2280,2325,2275,2325,8183,0.0021551724137931494
2024-02-01,2330,2390,2330,2385,58030,0.02580645161290329
2024-02-02,2385,2395,2315,2380,33598,-0.002096436058700246
2024-02-05,2335,2380,2335,2380,23778,0.0
2024-02-06,2380,2395,2310,2350,14367,-0.012605042016806678
2024-02-07,2350,2395,2250,2340,40035,-0.004255319148936176
2024-02-08,2310,2330,2245,2330,9974,-0.004273504273504258
2024-02-13,2315,2385,2260,2365,40858,0.015021459227467782
2024-02-14,2365,2370,2315,2355,16624,-0.0042283298097252064
2024-02-15,2355,2355,2295,2305,11905,-0.02123142250530785
2024-02-16,2315,2320,2245,2320,36733,0.006507592190889477
2024-02-19,2295,2365,2260,2360,18945,0.01724137931034475
2024-02-20,2370,2385,2295,2310,26092,-0.021186440677966156
2024-02-21,2310,2335,2280,2315,13206,0.0021645021645022577
2024-02-22,2315,2315,2260,2265,21256,-0.021598272138228958
2024-02-23,2250,2290,2160,2190,51844,-0.0331125827814569
2024-02-26,2200,2200,1981,2065,68001,-0.057077625570776225
2024-02-27,2065,2185,2045,2185,44597,0.05811138014527839
2024-02-28,2185,2190,2135,2165,9727,-0.009153318077803174
2024-02-29,2185,2235,2130,2190,38745,0.011547344110854452
2024-03-04,2190,2290,2190,2270,23867,0.0365296803652968
2024-03-05,2245,2260,2225,2250,17197,-0.008810572687224627
2024-03-06,2200,2250,2180,2205,8886,-0.020000000000000018
2024-03-07,2205,2360,2175,2205,25495,0.0
2024-03-08,2205,2220,2145,2145,19030,-0.027210884353741527
2024-03-11,2150,2200,2140,2160,15868,0.006993006993007089
2024-03-12,2160,2225,2150,2170,12569,0.004629629629629539
2024-03-13,2160,2170,2090,2140,41695,-0.01382488479262678
2024-03-14,2130,2170,2050,2125,39283,-0.007009345794392496
2024-03-15,2125,2160,2120,2145,6992,0.009411764705882453
2024-03-18,2145,2145,2100,2145,8223,0.0
2024-03-19,2160,2170,2095,2130,23178,-0.006993006993006978
2024-03-20,2130,2155,2090,2155,26719,0.011737089201877993
2024-03-21,2155,2175,2125,2175,24815,0.009280742459396807
2024-03-22,2140,2160,2100,2140,43751,-0.016091954022988464
2024-03-25,2140,2170,2120,2155,16914,0.007009345794392496
2024-03-26,2100,2135,2080,2130,63621,-0.011600928074245953
2024-03-27,2130,2130,2075,2100,31749,-0.014084507042253502
2024-03-28,2080,2120,2075,2110,36935,0.004761904761904745
2024-03-29,2110,2130,2085,2110,18501,0.0
2024-04-01,2085,2105,2060,2075,37461,-0.016587677725118488
2024-04-02,2060,2090,2025,2085,66587,0.004819277108433662
2024-04-03,2055,2075,2015,2075,50141,-0.004796163069544335
2024-04-04,2065,2070,2015,2030,27155,-0.02168674698795181
2024-04-05,2020,2035,2000,2015,21922,-0.007389162561576401
2024-04-08,2015,2045,1997,2040,34112,0.012406947890818865
2024-04-09,2000,2080,1999,2045,32810,0.002450980392156854
2024-04-11,2000,2035,2000,2030,5797,-0.007334963325183352
2024-04-12,2010,2085,2000,2055,29381,0.012315270935960632
2024-04-15,2055,2075,2030,2050,14993,-0.0024330900243308973
2024-04-16,2030,2050,1989,1994,24405,-0.02731707317073173
2024-04-17,1970,2010,1970,1998,14654,0.0020060180541625616
2024-04-18,1992,2040,1992,2015,13006,0.008508508508508594
2024-04-19,2035,2035,1984,2000,12487,-0.007444168734491274
2024-04-22,1980,2010,1968,1989,25497,-0.005499999999999949
2024-04-23,2000,2005,1933,1968,37294,-0.010558069381598756
2024-04-24,1968,1979,1941,1975,19719,0.0035569105691057867
2024-04-25,1975,1977,1958,1961,11025,-0.00708860759493668
2024-04-26,1950,1970,1942,1970,29929,0.004589495155532974
2024-04-29,1961,1970,1952,1966,12909,-0.0020304568527919065
2024-04-30,1950,1965,1900,1900,45425,-0.033570701932858604
2024-05-02,1905,1920,1896,1920,33257,0.010526315789473717
2024-05-03,1920,2040,1920,1955,32566,0.01822916666666674
2024-05-07,1965,1982,1942,1971,18920,0.00818414322250649
2024-05-08,1981,2000,1960,1983,11687,0.0060882800608828
2024-05-09,1983,2000,1970,2000,14562,0.008572869389813498
2024-05-10,1978,2030,1976,1997,14496,-0.0014999999999999458
2024-05-13,1951,1997,1951,1993,10048,-0.0020030045067601643
2024-05-14,1974,2020,1974,1989,25994,-0.002007024586051176
2024-05-16,1989,2050,1981,2000,50468,0.005530417295123158
2024-05-17,2050,2115,2035,2055,94839,0.02750000000000008
2024-05-20,2055,2110,2040,2080,45495,0.012165450121654597
2024-05-21,2080,2120,2035,2070,11772,-0.004807692307692291
2024-05-22,2065,2070,2020,2055,15168,-0.007246376811594235
2024-05-23,2050,2050,1989,2050,18000,-0.0024330900243308973
2024-05-24,2030,2030,1989,2000,32227,-0.024390243902439046
2024-05-27,2000,2000,1962,1977,25025,-0.011499999999999955
2024-05-28,1977,1999,1944,1997,32772,0.010116337885685445
2024-05-29,1997,2030,1956,1996,23903,-0.0005007511266900133
2024-05-30,1996,1997,1977,1995,10970,-0.0005010020040080443
2024-05-31,1970,2000,1950,1978,38274,-0.008521303258145374
2024-06-03,1978,2000,1865,1980,53250,0.0010111223458038054
2024-06-04,2025,2025,1872,1987,37606,0.0035353535353535026
2024-06-05,1972,2025,1967,1988,32934,0.0005032712632109249
2024-06-07,1974,2015,1974,2015,46693,0.01358148893360167
2024-06-10,2010,2040,1995,2030,18865,0.007444168734491274
2024-06-11,2030,2055,2005,2015,14622,-0.007389162561576401
2024-06-12,2030,2030,1989,2015,22260,0.0
2024-06-13,2020,2020,1995,1995,10879,-0.00992555831265507
2024-06-14,1995,2010,1885,1995,32452,0.0
2024-06-17,1995,1995,1921,1970,40489,-0.01253132832080206
2024-06-18,1958,1958,1920,1958,10108,-0.006091370558375608
2024-06-19,1945,1957,1934,1950,16687,-0.0040858018386108474
2024-06-20,1949,2000,1948,1990,19234,0.02051282051282044
2024-06-21,1975,1990,1965,1982,10421,-0.004020100502512558
2024-06-24,1980,1980,1961,1980,17482,-0.0010090817356205317
2024-06-25,1980,1980,1956,1979,2794,-0.0005050505050504528
2024-06-26,1979,1985,1971,1984,13658,0.002526528549772644
2024-06-27,1984,1984,1969,1984,5909,0.0
2024-06-28,1984,1984,1945,1950,15990,-0.017137096774193505
2024-07-01,1950,1970,1950,1970,29594,0.01025641025641022
2024-07-02,1970,1970,1938,1967,6959,-0.001522842639593902
2024-07-03,1966,1966,1952,1957,4413,-0.005083884087442758
2024-07-04,1957,1957,1928,1957,18261,0.0
2024-07-05,1950,1956,1935,1955,8486,-0.0010219724067450642
2024-07-08,1948,1955,1932,1937,6392,-0.009207161125319718
2024-07-09,1925,1935,1897,1908,19922,-0.014971605575632374
2024-07-10,1908,1919,1900,1910,40838,0.0010482180293500676
2024-07-11,1910,1949,1889,1911,29615,0.0005235602094240122
2024-07-12,1897,1924,1890,1909,13069,-0.0010465724751439476
2024-07-15,1909,1909,1880,1890,24081,-0.009952854897852248
2024-07-16,1871,1976,1860,1913,38018,0.012169312169312274
2024-07-17,1913,1945,1890,1905,26538,-0.004181913225300593
2024-07-18,1905,1905,1852,1897,24338,-0.004199475065616798
2024-07-19,1897,1897,1833,1895,26007,-0.0010542962572482883
2024-07-22,1895,1950,1887,1926,21763,0.016358839050131913
2024-07-23,1911,1926,1870,1893,11968,-0.01713395638629278
2024-07-24,1892,1895,1860,1891,13147,-0.0010565240359218242
2024-07-25,1873,1873,1834,1835,23810,-0.029613960867265976
2024-07-26,1828,1865,1828,1863,2807,0.015258855585831066
2024-07-29,1850,1874,1841,1846,9399,-0.00912506709608163
2024-07-30,1865,1865,1834,1846,8204,0.0
2024-07-31,1844,1844,1823,1833,8796,-0.007042253521126751
2024-08-01,1833,1890,1832,1855,13262,0.012002182214948087
2024-08-02,1855,1855,1819,1853,17178,-0.0010781671159029171
2024-08-05,1834,1834,1550,1615,73840,-0.12844036697247707
2024-08-06,1615,1678,1613,1678,29714,0.03900928792569669
2024-08-07,1678,1690,1657,1657,19924,-0.012514898688915421
2024-08-08,1689,1721,1658,1680,8424,0.013880506940253445
2024-08-09,1681,1765,1681,1759,19266,0.04702380952380958
2024-08-12,1759,1830,1742,1773,26083,0.007959067652075102
2024-08-13,1773,1773,1727,1745,11077,-0.015792442188381273
2024-08-14,1727,1739,1702,1711,17560,-0.019484240687679066
2024-08-16,1693,1711,1670,1676,51061,-0.020455873758036258
2024-08-19,1685,1685,1653,1669,10026,-0.00417661097852029
2024-08-20,1652,1714,1639,1655,39523,-0.008388256440982622
2024-08-21,1655,1700,1654,1695,20223,0.024169184290030232
2024-08-22,1683,1750,1635,1658,16428,-0.021828908554572313
2024-08-23,1658,1658,1644,1647,3585,-0.006634499396863669
2024-08-26,1647,1647,1632,1644,20419,-0.0018214936247723523
2024-08-27,1643,1665,1613,1636,14040,-0.0048661800486617945
2024-08-28,1619,1645,1611,1630,11738,-0.003667481662591676
2024-08-29,1630,1640,1603,1622,14266,-0.004907975460122671
2024-08-30,1622,1664,1585,1618,33338,-0.002466091245376112
2024-09-02,1624,1624,1592,1592,9474,-0.01606922126081578
2024-09-03,1592,1600,1570,1594,19739,0.0012562814070351536
2024-09-04,1578,1578,1514,1557,26648,-0.023212045169385243
2024-09-05,1541,1544,1517,1525,13979,-0.02055234425176622
2024-09-06,1500,1564,1500,1514,18344,-0.00721311475409836
2024-09-09,1480,1540,1480,1524,5225,0.006605019815059343
2024-09-10,1524,1524,1480,1513,12843,-0.007217847769028896
2024-09-11,1504,1524,1475,1504,50830,-0.00594844679444817
2024-09-12,1515,1515,1483,1483,23388,-0.013962765957446832
2024-09-13,1497,1625,1486,1567,61590,0.056641942009440394
2024-09-19,1567,1600,1565,1565,36319,-0.0012763241863433805
2024-09-20,1565,1670,1550,1608,59037,0.027476038338658082
2024-09-23,1591,1591,1563,1580,13838,-0.01741293532338306
2024-09-24,1564,1580,1559,1563,8703,-0.010759493670886022
2024-09-25,1563,1624,1551,1605,10457,0.026871401151631558
2024-09-26,1606,1627,1591,1600,23204,-0.0031152647975077885
2024-09-27,1618,1618,1596,1602,11976,0.0012499999999999734
2024-09-30,1601,1601,1581,1597,10012,-0.003121098626716612
2024-10-02,1605,1613,1559,1610,9180,0.00814026299311199
2024-10-04,1594,1613,1570,1608,5972,-0.001242236024844745
2024-10-07,1608,1618,1590,1590,5506,-0.011194029850746245
2024-10-08,1590,1600,1580,1600,8650,0.0062893081761006275
2024-10-10,1616,1618,1550,1578,5856,-0.01375000000000004
2024-10-11,1604,1645,1600,1644,18914,0.041825095057034245
2024-10-14,1644,1698,1644,1694,30044,0.03041362530413627
2024-10-15,1694,1708,1633,1650,32374,-0.025974025974025983
2024-10-16,1650,1730,1650,1693,4393,0.026060606060606117
2024-10-17,1684,1719,1671,1710,25533,0.010041346721795685
2024-10-18,1699,1711,1668,1706,15386,-0.002339181286549752
2024-10-21,1700,1713,1677,1706,2407,0.0
2024-10-22,1706,1706,1641,1694,15288,-0.007033997655334079
2024-10-23,1680,1694,1648,1661,8291,-0.01948051948051943
2024-10-24,1644,1703,1644,1686,19204,0.015051173991571298
2024-10-25,1686,1730,1685,1700,11127,0.008303677342823335
2024-10-28,1710,1716,1651,1714,18601,0.008235294117647118
2024-10-29,1714,1800,1645,1754,17162,0.023337222870478458
2024-10-30,1754,1789,1709,1732,14907,-0.012542759407069504
2024-10-31,1743,1743,1684,1716,7921,-0.009237875288683584
2024-11-01,1716,1716,1650,1673,17907,-0.02505827505827507
2024-11-04,1688,1856,1686,1727,146034,0.032277346084877534
2024-11-05,1725,1754,1692,1716,38005,-0.006369426751592355
2024-11-06,1716,1786,1681,1729,11559,0.007575757575757569
2024-11-07,1729,1780,1696,1720,9502,-0.005205320994794649
2024-11-08,1719,1719,1690,1710,3058,-0.005813953488372103
2024-11-11,1706,1706,1630,1676,24269,-0.019883040935672502
2024-11-12,1663,1669,1598,1653,13763,-0.013723150357995206
2024-11-13,1640,1652,1565,1599,45656,-0.03266787658802173
2024-11-14,1598,1599,1533,1533,10266,-0.0412757973733584
2024-11-15,1533,1625,1511,1582,13015,0.03196347031963476
2024-11-18,1582,1582,1551,1551,32885,-0.01959544879898867
2024-11-19,1570,1570,1536,1537,20466,-0.009026434558349505
2024-11-20,1537,1660,1537,1589,14469,0.033832140533506916
2024-11-21,1589,1699,1555,1555,13693,-0.021397105097545666
2024-11-22,1550,1555,1534,1550,13675,-0.003215434083601254
2024-11-25,1570,1595,1519,1548,27640,-0.001290322580645209
2024-11-26,1548,1548,1530,1541,6306,-0.004521963824289377
2024-11-27,1541,1574,1540,1556,11963,0.009733939000649006
2024-11-28,1556,1579,1544,1562,11447,0.003856041131105492
2024-11-29,1562,1562,1469,1507,28631,-0.035211267605633756
2024-12-02,1464,1585,1464,1499,11437,-0.005308560053085554
2024-12-03,1488,1499,1475,1475,12811,-0.016010673782521634
2024-12-04,1475,1475,1390,1468,34311,-0.004745762711864443
2024-12-05,1440,1473,1433,1453,13418,-0.01021798365122617
2024-12-06,1442,1450,1390,1431,29843,-0.015141087405368236
2024-12-09,1386,1425,1366,1417,34184,-0.009783368273934334
2024-12-10,1428,1475,1399,1412,42658,-0.003528581510232831
2024-12-11,1430,1498,1416,1467,22702,0.038951841359773365
2024-12-12,1475,1512,1471,1510,20426,0.029311520109066125
2024-12-13,1510,1536,1493,1533,11112,0.015231788079470121
2024-12-16,1550,1655,1536,1645,34553,0.0730593607305936
2024-12-17,1650,1700,1634,1688,24708,0.026139817629179385
2024-12-18,1688,1688,1600,1630,19423,-0.034360189573459765
2024-12-19,1625,1688,1600,1675,11481,0.027607361963190247
2024-12-20,1690,1690,1620,1670,26001,-0.0029850746268657025
2024-12-23,1669,1669,1584,1599,26878,-0.04251497005988025
2024-12-24,1599,1646,1552,1606,16833,0.004377736085053208
2024-12-26,1614,1697,1594,1622,6176,0.00996264009962644
2024-12-27,1622,1622,1536,1560,13105,-0.038224414303329235
2024-12-30,1540,1599,1512,1568,8276,0.00512820512820511
2025-01-02,1567,1580,1518,1568,17963,0.0
2025-01-03,1530,1630,1529,1580,16878,0.007653061224489832
2025-01-06,1580,1599,1554,1597,11510,0.010759493670886133
2025-01-07,1583,1630,1534,1624,7480,0.016906700062617297
2025-01-08,1607,1634,1551,1613,11772,-0.0067733990147783585
2025-01-09,1613,1650,1512,1621,28164,0.004959702417854928
2025-01-10,1620,1620,1550,1571,21364,-0.03084515731030224
2025-01-13,1569,1588,1556,1572,42530,0.0006365372374284028
2025-01-14,1572,1587,1551,1584,4003,0.007633587786259444
2025-01-15,1581,1581,1531,1578,3813,-0.0037878787878787845
2025-01-16,1577,1577,1493,1557,20437,-0.013307984790874472
2025-01-17,1557,1678,1556,1616,9401,0.03789338471419401
2025-01-20,1616,1699,1543,1543,13104,-0.04517326732673266
2025-01-21,1543,1599,1535,1599,21308,0.036292935839274065
2025-01-22,1583,1612,1531,1563,21610,-0.022514071294559068
2025-01-23,1563,1599,1524,1594,26087,0.019833653230966197
2025-01-24,1598,1598,1588,1597,4120,0.0018820577164366803
2025-01-31,1595,1804,1536,1762,354190,0.10331872260488417
2025-02-03,1755,1930,1675,1724,676571,-0.02156640181611802
2025-02-04,1745,1787,1683,1683,83723,-0.023781902552204137
2025-02-05,1683,1718,1633,1661,106000,-0.013071895424836555
2025-02-06,1647,1793,1634,1778,117123,0.07043949428055396
2025-02-07,1778,1795,1722,1726,52276,-0.02924634420697414
2025-02-10,1724,1726,1705,1713,22066,-0.007531865585168052
2025-02-11,1712,1712,1642,1652,52840,-0.03561004086398134
2025-02-12,1652,1668,1625,1665,34611,0.007869249394673039
2025-02-13,1652,1714,1644,1695,34229,0.018018018018018056
2025-02-14,1679,1780,1662,1667,15736,-0.01651917404129799
2025-02-17,1667,1720,1620,1718,122557,0.03059388122375517
2025-02-18,1696,1718,1657,1692,19189,-0.015133876600698537
2025-02-19,1692,1736,1672,1690,11612,-0.0011820330969266601
2025-02-20,1725,1734,1674,1716,21314,0.01538461538461533
2025-02-21,1774,1774,1696,1716,9361,0.0
2025-02-24,1724,1741,1696,1730,24311,0.008158508158508049
2025-02-25,1731,1758,1699,1710,42332,-0.011560693641618491
2025-02-26,1715,1755,1699,1749,19814,0.02280701754385972
2025-02-27,1770,1771,1684,1694,18708,-0.03144654088050314
2025-02-28,1681,1720,1633,1710,28405,0.009445100354191327
2025-03-04,1710,1710,1638,1665,4529,-0.02631578947368418
2025-03-05,1665,1683,1639,1663,8014,-0.001201201201201152
2025-03-06,1665,1674,1543,1550,86313,-0.06794948887552621
2025-03-07,1548,1590,1533,1586,64716,0.023225806451612874
2025-03-10,1586,1610,1540,1572,18642,-0.008827238335435084
2025-03-11,1572,1575,1530,1535,7353,-0.023536895674300284
2025-03-12,1545,1560,1522,1553,12723,0.011726384364820763
2025-03-13,1590,1590,1533,1548,8864,-0.00321957501609782
2025-03-14,1548,1573,1530,1566,4379,0.011627906976744207
2025-03-17,1566,1585,1521,1533,17165,-0.021072796934865856
2025-03-18,1533,1545,1527,1527,42272,-0.003913894324853229
2025-03-19,1540,1540,1528,1530,5838,0.0019646365422396617
2025-03-20,1555,1565,1519,1524,14255,-0.0039215686274509665
2025-03-21,1524,1534,1506,1521,16190,-0.0019685039370078705
2025-03-24,1510,1584,1510,1583,39410,0.04076265614727159
2025-03-25,1594,1606,1540,1595,26712,0.007580543272267759
2025-03-26,1595,1722,1500,1545,62711,-0.031347962382445194
2025-03-27,1560,1610,1545,1609,10700,0.04142394822006468
2025-03-28,1600,1609,1552,1575,3994,-0.021131137352392804
2025-03-31,1574,1574,1525,1528,38955,-0.02984126984126989
2025-04-01,1528,1599,1528,1553,30852,0.0163612565445026
2025-04-02,1565,1580,1560,1560,11005,0.004507405022537103
2025-04-03,1570,1610,1540,1591,9073,0.0198717948717948
2025-04-04,1576,1635,1556,1613,27907,0.013827781269641681
2025-04-07,1625,1625,1559,1570,11431,-0.026658400495970236
2025-04-08,1570,1579,1541,1579,21725,0.005732484076433231
2025-04-09,1590,1590,1485,1492,103640,-0.055098163394553534
2025-04-10,1541,1559,1525,1555,10959,0.04222520107238603
2025-04-11,1565,1575,1508,1562,6179,0.004501607717041889
2025-04-14,1525,1561,1515,1550,34644,-0.007682458386683688
2025-04-15,1550,1570,1533,1538,31662,-0.007741935483870921
2025-04-16,1550,1635,1530,1543,14750,0.0032509752925877766
2025-04-17,1543,1565,1529,1560,33006,0.011017498379779722
2025-04-18,1560,1610,1560,1580,4649,0.012820512820512775
2025-04-21,1588,1609,1540,1554,36431,-0.016455696202531622
2025-04-22,1550,1565,1518,1523,53444,-0.019948519948519983
2025-04-23,1535,1550,1528,1550,51710,0.017728168089297336
2025-04-24,1549,1560,1510,1521,56494,-0.01870967741935481
2025-04-25,1532,1532,1472,1520,81871,-0.0006574621959237748
2025-04-28,1520,1521,1495,1518,68091,-0.001315789473684159
2025-04-29,1511,1524,1498,1510,20376,-0.005270092226614009
2025-04-30,1518,1550,1517,1522,12474,0.007947019867549754
2025-05-02,1522,1550,1506,1526,21979,0.0026281208935610145
2025-05-07,1527,1531,1500,1519,42590,-0.004587155963302725
2025-05-08,1530,1560,1513,1540,20945,0.01382488479262678
2025-05-09,1541,1560,1517,1537,16526,-0.001948051948051921
2025-05-12,1537,1546,1521,1546,14512,0.005855562784645496
2025-05-13,1564,1580,1526,1545,61511,-0.0006468305304010435
2025-05-14,1543,1580,1543,1556,11108,0.007119741100323651
2025-05-15,1564,1564,1536,1558,5455,0.0012853470437017567
2025-05-16,1546,1548,1530,1531,36433,-0.01732991014120666
2025-05-19,1517,1517,1478,1489,23160,-0.02743305029392551
2025-05-20,1480,1511,1480,1490,15767,0.000671591672263272
2025-05-21,1472,1493,1472,1485,11241,-0.003355704697986628
2025-05-22,1475,1495,1461,1465,23421,-0.013468013468013518
2025-05-23,1461,1511,1460,1466,9187,0.0006825938566552558
2025-05-26,1451,1505,1446,1464,12217,-0.0013642564802183177
2025-05-27,1448,1511,1448,1476,7155,0.008196721311475308
2025-05-28,1477,1525,1476,1524,11877,0.03252032520325199
2025-05-29,1527,1527,1512,1524,25237,0.0
2025-05-30,1530,1570,1512,1519,29911,-0.0032808398950131545
2025-06-02,1519,1519,1480,1502,43163,-0.011191573403554922
2025-06-04,1510,1550,1460,1543,50738,0.027296937416777523
2025-06-05,1543,1570,1543,1570,19878,0.017498379779649964
2025-06-09,1570,1590,1570,1585,7935,0.009554140127388644
2025-06-10,1572,1590,1572,1584,13150,-0.0006309148264984632
2025-06-11,1590,1626,1575,1619,22889,0.022095959595959558
2025-06-12,1619,1626,1546,1619,29605,0.0
2025-06-13,1602,1626,1578,1600,27735,-0.011735639283508292
2025-06-16,1600,1600,1566,1597,14543,-0.00187499999999996
2025-06-17,1597,1604,1580,1597,15551,0.0
2025-06-18,1611,1611,1524,1571,67067,-0.016280525986224204
2025-06-19,1563,1612,1563,1585,57181,0.008911521323997418
2025-06-20,1568,1617,1568,1588,28921,0.0018927444794951676
2025-06-23,1587,1587,1564,1576,46163,-0.007556675062972307
2025-06-24,1625,1650,1560,1602,119257,0.016497461928933976
2025-06-25,1640,1640,1588,1592,45597,-0.006242197253433224
2025-06-26,1594,1611,1594,1598,11195,0.0037688442211054607
2025-06-27,1600,1630,1589,1614,34546,0.01001251564455563
2025-06-30,1610,1611,1597,1597,26003,-0.010532837670384154
2025-07-01,1582,1595,1563,1578,15706,-0.01189730745147155
2025-07-02,1578,1600,1555,1596,9544,0.011406844106463865
2025-07-03,1596,1647,1583,1609,9934,0.008145363408521344
2025-07-04,1593,1629,1583,1627,8859,0.011187072715972635
2025-07-07,1613,1629,1601,1627,3808,0.0
2025-07-08,1630,1630,1614,1626,3250,-0.0006146281499692652
2025-07-09,1629,1630,1597,1621,10794,-0.0030750307503074614
2025-07-10,1621,1629,1603,1615,6316,-0.0037014188772362955
2025-07-11,1601,1628,1601,1622,3717,0.004334365325077361
2025-07-14,1629,1629,1573,1585,18188,-0.02281134401972873
2025-07-15,1585,1606,1574,1593,10065,0.0050473186119874835
2025-07-16,1604,1604,1578,1578,8303,-0.00941619585687381
2025-07-17,1578,1600,1572,1577,7869,-0.0006337135614702394
2025-07-18,1609,1609,1577,1590,4630,0.008243500317057784
2025-07-21,1649,1649,1586,1606,36854,0.010062893081761004
2025-07-22,1631,1631,1595,1595,4624,-0.006849315068493178
2025-07-23,1595,1648,1585,1614,11226,0.011912225705329238
2025-07-24,1598,1613,1529,1581,22988,-0.020446096654275103
2025-07-25,1581,1581,1553,1580,6292,-0.0006325110689436864
2025-07-28,1560,1578,1560,1561,4547,-0.012025316455696156
2025-07-29,1562,1582,1544,1545,10617,-0.010249839846252384
2025-07-30,1565,1565,1538,1538,9320,-0.0045307443365695255
2025-07-31,1538,1545,1529,1531,6848,-0.004551365409622865
2025-08-01,1602,1602,1519,1525,12100,-0.003919007184846501
2025-08-04,1524,1574,1506,1574,4272,0.03213114754098356
2025-08-05,1561,1574,1550,1570,4960,-0.0025412960609910717
2025-08-06,1602,1640,1498,1584,99342,0.008917197452229297
2025-08-07,1586,1600,1555,1560,14248,-0.015151515151515138
2025-08-08,1556,1593,1544,1581,4593,0.013461538461538414
2025-08-11,1580,1601,1557,1570,3514,-0.006957621758380772
2025-08-12,1572,1572,1530,1530,18075,-0.02547770700636942
2025-08-13,1581,1581,1522,1537,6082,0.004575163398692794
2025-08-14,1537,1576,1537,1550,3778,0.008458035133376729
2025-08-18,1550,1583,1524,1553,12744,0.001935483870967758
2025-08-19,1579,1579,1531,1559,8256,0.003863490019317517
2025-08-20,1559,1570,1510,1554,10592,-0.003207184092366866
2025-08-21,1537,1559,1537,1550,1546,-0.002574002574002532
2025-08-22,1537,1548,1506,1506,5366,-0.0283870967741936
2025-08-25,1522,1522,1506,1507,9749,0.0006640106241699861
2025-08-26,1524,1524,1501,1511,5169,0.002654280026542777
2025-08-27,1517,1522,1507,1521,4848,0.006618133686300487
2025-08-28,1523,1524,1484,1500,14924,-0.013806706114398382
2025-08-29,1522,1524,1488,1504,6592,0.002666666666666595
2025-09-01,1568,1568,1485,1501,12002,-0.0019946808510638014
2025-09-02,1500,1515,1475,1478,27108,-0.015323117921385743
2025-09-03,1485,1490,1475,1481,27387,0.002029769959404515
2025-09-04,1525,1525,1502,1515,13855,0.022957461174881733
2025-09-05,1544,1544,1500,1510,6254,-0.0033003300330033403
2025-09-08,1535,1550,1492,1497,23404,-0.008609271523178808
2025-09-09,1515,1534,1498,1523,14309,0.01736806947227798
2025-09-10,1554,1554,1508,1533,2888,0.006565988181221227
2025-09-11,1533,1552,1511,1511,17085,-0.014350945857795172
2025-09-12,1511,1534,1511,1533,9887,0.014559894109861027
2025-09-15,1558,1558,1530,1530,11355,-0.00195694716242667
2025-09-16,1549,1549,1496,1500,14181,-0.019607843137254943
2025-09-17,1493,1535,1486,1489,24541,-0.007333333333333303
2025-09-18,1530,1552,1498,1509,13545,0.013431833445265218
2025-09-19,1510,1513,1500,1510,12579,0.000662690523525411
2025-09-22,1510,1529,1510,1516,13528,0.003973509933774766
2025-09-23,1516,1548,1494,1494,11741,-0.014511873350923521
2025-09-24,1494,1520,1452,1491,36698,-0.002008032128514081
2025-09-25,1491,1491,1468,1474,13412,-0.011401743796110031
2025-09-26,1474,1554,1470,1480,21238,0.004070556309362372
2025-09-29,1480,1539,1455,1473,20336,-0.004729729729729737
2025-09-30,1473,1535,1471,1496,19901,0.015614392396469778
2025-10-01,1496,1516,1493,1502,17007,0.00401069518716568
2025-10-02,1502,1535,1490,1500,11614,-0.0013315579227696217
2025-10-10,1509,1516,1455,1500,29027,0.0
2025-10-13,1500,1541,1455,1466,18366,-0.022666666666666613
2025-10-14,1487,1487,1451,1451,28020,-0.01023192360163716
2025-10-15,1463,1468,1451,1464,6133,0.008959338387318994
2025-10-16,1464,1497,1456,1467,5199,0.002049180327868827
2025-10-17,1467,1467,1458,1467,6037,0.0
2025-10-20,1453,1479,1453,1470,34568,0.002044989775051187
2025-10-21,1470,1514,1460,1484,30507,0.00952380952380949
