Date,Open,High,Low,Close,Volume,Change
2022-01-03,13000,13050,12800,12950,1543,0.0
2022-01-04,12950,13300,12850,13300,3318,0.027027027027026973
2022-01-05,13300,13300,13050,13200,2159,-0.007518796992481258
2022-01-06,13200,13200,12950,13100,2684,-0.007575757575757569
2022-01-07,13050,13150,13050,13100,433,0.0
2022-01-10,13150,13150,12900,13000,1214,-0.007633587786259555
2022-01-11,12900,12950,12700,12950,2186,-0.0038461538461538325
2022-01-12,13050,13100,13000,13050,1378,0.007722007722007707
2022-01-13,12900,13150,12800,13000,1974,-0.003831417624521105
2022-01-14,13100,13100,12900,13000,1107,0.0
2022-01-17,12900,13600,12900,13200,11360,0.01538461538461533
2022-01-18,13350,13500,13150,13400,4195,0.015151515151515138
2022-01-19,13400,13650,13400,13600,9626,0.014925373134328401
2022-01-20,13600,13900,13600,13800,12438,0.014705882352941124
2022-01-21,14000,14750,14000,14400,26154,0.04347826086956519
2022-01-24,14400,14400,13450,13450,10412,-0.06597222222222221
2022-01-25,13500,13500,12350,12650,15639,-0.059479553903345694
2022-01-26,12750,12750,12450,12450,5060,-0.015810276679841917
2022-01-27,12350,12350,11900,12300,5643,-0.012048192771084376
2022-01-28,12400,12800,12250,12800,4120,0.04065040650406515
2022-02-03,13000,13100,12800,12950,4505,0.01171875
2022-02-04,12950,13000,12900,13000,2234,0.0038610038610038533
2022-02-07,13100,13600,13050,13050,6566,0.0038461538461538325
2022-02-08,13250,13250,13050,13150,1549,0.00766283524904221
2022-02-09,13250,13300,13150,13150,1685,0.0
2022-02-10,13300,13400,13000,13200,3696,0.0038022813688212143
2022-02-11,13350,13350,13000,13200,3284,0.0
2022-02-14,12950,12950,12800,12950,1758,-0.018939393939393923
2022-02-15,13050,13050,12600,12850,2354,-0.007722007722007707
2022-02-16,12950,13100,12900,13100,1140,0.01945525291828787
2022-02-17,13100,13100,12800,12900,4255,-0.01526717557251911
2022-02-18,12900,13250,12650,13250,4105,0.027131782945736482
2022-02-21,13150,13200,13000,13200,2388,-0.0037735849056603765
2022-02-22,12900,13100,12700,12950,3566,-0.018939393939393923
2022-02-23,12950,12950,12700,12950,2989,0.0
2022-02-24,13250,13250,12600,12850,2533,-0.007722007722007707
2022-02-25,13150,13150,12700,12750,4863,-0.0077821011673151474
2022-02-28,12750,13400,12750,13400,10270,0.050980392156862786
2022-03-02,13400,13900,13400,13600,8294,0.014925373134328401
2022-03-03,13600,13900,13550,13800,6987,0.014705882352941124
2022-03-04,13850,14000,13500,13950,14056,0.010869565217391353
2022-03-07,13950,14000,13700,13750,8836,-0.014336917562724039
2022-03-08,13200,13700,13200,13450,7033,-0.021818181818181848
2022-03-10,13750,14000,13600,14000,2769,0.040892193308550207
2022-03-11,13900,14500,13850,14200,7482,0.014285714285714235
2022-03-14,14100,14200,13900,14200,2741,0.0
2022-03-15,14200,14300,14050,14050,3064,-0.010563380281690127
2022-03-16,14150,14200,14000,14200,2109,0.01067615658362997
2022-03-17,14200,14600,14200,14500,13305,0.021126760563380254
2022-03-18,14700,14700,14100,14100,14847,-0.02758620689655178
2022-03-21,14500,14550,13600,13900,18607,-0.014184397163120588
2022-03-22,13950,13950,13500,13850,10631,-0.003597122302158251
2022-03-23,13750,14600,13700,14300,22495,0.032490974729241895
2022-03-24,14350,14700,13750,14350,15782,0.0034965034965035446
2022-03-25,14250,14400,14000,14200,4747,-0.010452961672473893
2022-03-28,14250,14500,14000,14400,10407,0.014084507042253502
2022-03-29,14400,18700,14350,18700,476344,0.29861111111111116
2022-03-30,18650,18650,15900,16750,287249,-0.10427807486631013
2022-03-31,16700,17050,16100,16700,35698,-0.0029850746268657025
2022-04-01,16250,16750,16100,16450,18774,-0.014970059880239472
2022-04-04,16500,16500,15700,16100,26417,-0.021276595744680882
2022-04-05,16000,16000,15600,15650,10676,-0.02795031055900621
2022-04-06,15800,16000,15600,15600,10836,-0.0031948881789137795
2022-04-07,15650,16850,15650,16750,23424,0.07371794871794868
2022-04-08,16200,17050,16200,16750,16874,0.0
2022-04-11,16900,16900,16300,16300,5193,-0.0268656716417911
2022-04-12,16000,16500,15800,16500,8484,0.012269938650306678
2022-04-13,16700,16700,16250,16450,4175,-0.00303030303030305
2022-04-14,16450,16600,16400,16450,7678,0.0
2022-04-15,16500,16800,16450,16750,7418,0.01823708206686936
2022-04-18,16700,16900,16450,16800,5057,0.0029850746268655914
2022-04-19,17000,17000,16700,16900,2647,0.005952380952380931
2022-04-20,16900,17200,16450,16800,11439,-0.00591715976331364
2022-04-21,16750,16750,16400,16400,6915,-0.023809523809523836
2022-04-22,16450,16450,16000,16050,7614,-0.021341463414634165
2022-04-25,16000,16150,15750,15750,4005,-0.01869158878504673
2022-04-26,15900,15900,15600,15850,1838,0.006349206349206327
2022-04-27,16450,16450,16000,16200,7613,0.02208201892744488
2022-04-28,16550,16550,15900,16100,3039,-0.006172839506172867
2022-04-29,16250,16250,15850,15850,3763,-0.01552795031055898
2022-05-02,15550,15850,15500,15500,4613,-0.02208201892744477
2022-05-03,15700,15700,15100,15150,6223,-0.022580645161290325
2022-05-04,15250,15250,14950,14950,3803,-0.01320132013201325
2022-05-06,15050,15050,14700,14700,2723,-0.01672240802675584
2022-05-09,14700,14700,14050,14100,6465,-0.04081632653061229
2022-05-10,14000,14000,13500,13950,6373,-0.010638297872340385
2022-05-11,13950,14200,13900,13900,1846,-0.0035842293906810374
2022-05-12,13800,13800,13500,13500,3738,-0.02877697841726623
2022-05-13,13600,14050,13600,13800,2680,0.022222222222222143
2022-05-16,13850,14100,13800,14100,2045,0.021739130434782705
2022-05-17,14100,14600,14100,14450,2191,0.024822695035461084
2022-05-18,14550,14550,14100,14100,2025,-0.02422145328719727
2022-05-19,14050,14050,13700,13850,1624,-0.01773049645390068
2022-05-20,13950,14250,13950,14150,2235,0.02166064981949467
2022-05-23,14200,14200,13800,14000,805,-0.010600706713780883
2022-05-24,14000,14000,13550,13650,3220,-0.025000000000000022
2022-05-25,13950,13950,13600,13650,1306,0.0
2022-05-26,14000,14000,13750,13750,560,0.0073260073260073
2022-05-27,14000,14000,13850,13950,2712,0.014545454545454639
2022-05-30,14100,14100,14000,14100,1040,0.010752688172043001
2022-05-31,14050,15000,14000,15000,4068,0.06382978723404253
2022-06-02,14700,14750,14600,14600,2210,-0.026666666666666616
2022-06-03,14850,14850,14400,14500,1285,-0.006849315068493178
2022-06-07,14450,14450,14000,14200,1133,-0.020689655172413834
2022-06-08,14000,14300,13950,14300,523,0.007042253521126751
2022-06-09,14300,14300,14100,14250,627,-0.0034965034965035446
2022-06-10,14300,14300,14150,14200,3384,-0.0035087719298245723
2022-06-13,13850,13850,13500,13500,3854,-0.04929577464788737
2022-06-14,13050,13050,12700,12800,10022,-0.051851851851851816
2022-06-15,13200,13200,12550,12550,5667,-0.01953125
2022-06-16,13900,13900,12600,12600,1349,0.003984063745019917
2022-06-17,12350,12850,12150,12750,3228,0.011904761904761862
2022-06-20,12700,12700,12050,12100,3250,-0.050980392156862786
2022-06-21,12250,12800,12200,12800,2299,0.05785123966942152
2022-06-22,13300,13300,12400,12700,460,-0.0078125
2022-06-23,13300,13300,11900,11900,3425,-0.06299212598425197
2022-06-24,12000,12400,12000,12100,1727,0.01680672268907557
2022-06-27,12150,12500,12150,12500,1057,0.03305785123966931
2022-06-28,12600,12800,12350,12800,534,0.02400000000000002
2022-06-29,12800,12800,12300,12350,1367,-0.03515625
2022-06-30,12500,12500,12250,12250,1881,-0.0080971659919028
2022-07-01,12600,12750,12200,12300,647,0.004081632653061273
2022-07-04,11900,13850,11900,12950,6184,0.05284552845528445
2022-07-05,12950,12950,12550,12550,4568,-0.030888030888030937
2022-07-06,12700,12700,12500,12500,894,-0.003984063745019917
2022-07-07,12500,12900,12450,12900,675,0.03200000000000003
2022-07-08,13000,13100,12550,12900,1428,0.0
2022-07-11,12800,13400,12350,12350,2536,-0.04263565891472865
2022-07-12,12500,12500,12350,12400,754,0.004048582995951344
2022-07-13,12850,12850,12300,12300,699,-0.008064516129032251
2022-07-14,12400,12450,12300,12450,181,0.012195121951219523
2022-07-15,12400,12700,12300,12300,351,-0.012048192771084376
2022-07-18,12600,12600,12350,12600,422,0.024390243902439046
2022-07-19,12400,12850,12400,12850,655,0.01984126984126977
2022-07-20,12850,12950,12550,12700,748,-0.011673151750972721
2022-07-21,12700,12800,12550,12750,1271,0.003937007874015741
2022-07-22,12900,12900,12450,12700,1468,-0.0039215686274509665
2022-07-25,12850,12850,12500,12750,1994,0.003937007874015741
2022-07-26,12800,12800,12550,12550,796,-0.015686274509803977
2022-07-27,12800,12800,12500,12500,887,-0.003984063745019917
2022-07-28,12600,12700,12400,12700,1290,0.016000000000000014
2022-07-29,12700,12900,12650,12800,1093,0.007874015748031482
2022-08-01,13050,13050,12550,12600,925,-0.015625
2022-08-02,13050,13050,12700,12850,729,0.01984126984126977
2022-08-03,12900,12900,12650,12900,2664,0.0038910505836575737
2022-08-04,13100,13200,13000,13200,1792,0.023255813953488413
2022-08-05,13300,13300,13000,13200,668,0.0
2022-08-08,13300,13300,13100,13200,1627,0.0
2022-08-09,13400,13400,13050,13350,2032,0.011363636363636465
2022-08-10,13350,13350,13050,13050,574,-0.022471910112359605
2022-08-11,13300,13400,13050,13300,1705,0.019157088122605304
2022-08-12,13300,13500,13300,13450,689,0.011278195488721776
2022-08-16,13650,13650,13300,13550,1355,0.0074349442379182396
2022-08-17,13500,13750,13450,13500,249,-0.0036900369003689537
2022-08-18,13550,13550,13150,13250,269,-0.01851851851851849
2022-08-19,13400,13400,13200,13200,529,-0.0037735849056603765
2022-08-22,13100,13150,12900,12900,635,-0.022727272727272707
2022-08-23,12900,12900,12750,12900,254,0.0
2022-08-24,13650,13650,12900,12950,964,0.003875968992248069
2022-08-25,13100,13200,12900,13200,516,0.019305019305019266
2022-08-26,13200,13400,13000,13000,418,-0.015151515151515138
2022-08-29,12600,12750,12500,12750,2124,-0.019230769230769273
2022-08-30,13100,13100,12700,12900,170,0.0117647058823529
2022-08-31,12900,13100,12900,13100,559,0.015503875968992276
2022-09-01,13000,13000,12900,12900,132,-0.01526717557251911
2022-09-02,13100,13100,12800,12800,385,-0.007751937984496138
2022-09-05,12650,12650,12400,12500,1292,-0.0234375
2022-09-06,12700,12700,12550,12650,1133,0.01200000000000001
2022-09-07,12350,12600,12350,12500,2192,-0.011857707509881465
2022-09-08,12700,12950,12550,12950,1184,0.03600000000000003
2022-09-13,13200,13200,12900,12900,527,-0.0038610038610038533
2022-09-14,12800,13200,12600,13200,1599,0.023255813953488413
2022-09-15,13150,13150,12800,12800,1823,-0.030303030303030276
2022-09-16,12850,12850,12600,12700,1409,-0.0078125
2022-09-19,12750,12750,12500,12550,1678,-0.011811023622047223
2022-09-20,13050,13050,12400,12400,1991,-0.01195219123505975
2022-09-21,13250,13250,12300,12450,2714,0.0040322580645162365
2022-09-22,12500,12500,12000,12400,1481,-0.004016064257028162
2022-09-23,12400,12550,12000,12200,2051,-0.016129032258064502
2022-09-26,11800,12150,10950,11050,7315,-0.09426229508196726
2022-09-27,11350,11350,10950,10950,2137,-0.009049773755656076
2022-09-28,11700,11700,10750,10950,790,0.0
2022-09-29,11500,11500,11000,11300,574,0.03196347031963476
2022-09-30,10850,11500,10850,11400,245,0.008849557522123908
2022-10-04,11600,11600,11400,11600,554,0.01754385964912286
2022-10-05,11700,11900,11500,11600,838,0.0
2022-10-06,11800,11900,11600,11850,1860,0.02155172413793105
2022-10-07,11950,11950,11700,11850,462,0.0
2022-10-11,12000,12000,11700,11900,487,0.00421940928270037
2022-10-12,12000,12000,11700,11900,784,0.0
2022-10-13,11900,12100,11700,11800,982,-0.008403361344537785
2022-10-14,11800,11950,11800,11950,230,0.012711864406779627
2022-10-17,12000,12000,11800,11900,323,-0.004184100418409997
2022-10-18,12200,12200,12050,12100,384,0.01680672268907557
2022-10-19,12100,12100,11900,12000,350,-0.008264462809917328
2022-10-20,12200,12200,12000,12000,121,0.0
2022-10-21,11950,11950,11500,11500,950,-0.04166666666666663
2022-10-24,11750,11900,11750,11850,363,0.0304347826086957
2022-10-25,12100,12100,11850,11900,448,0.00421940928270037
2022-10-26,12200,12200,11700,11800,627,-0.008403361344537785
2022-10-27,11800,11800,11600,11800,865,0.0
2022-10-28,11800,11800,11500,11700,1145,-0.008474576271186418
2022-10-31,11950,11950,11550,11750,273,0.004273504273504258
2022-11-01,11750,12000,11650,12000,297,0.02127659574468077
2022-11-02,12050,12050,11800,12000,83,0.0
2022-11-03,12000,12000,11600,11750,1087,-0.02083333333333337
2022-11-04,11900,11900,11500,11600,823,-0.012765957446808529
2022-11-07,11800,11900,11650,11800,536,0.01724137931034475
2022-11-08,11600,11800,11600,11800,2565,0.0
2022-11-09,12100,12100,11150,11650,1265,-0.012711864406779627
2022-11-10,11750,11750,11450,11650,145,0.0
2022-11-11,11900,11900,11500,11600,1914,-0.0042918454935622075
2022-11-14,11600,11650,11500,11500,1594,-0.008620689655172376
2022-11-15,11700,11750,11600,11700,657,0.017391304347825987
2022-11-16,11850,11850,11700,11700,810,0.0
2022-11-17,12500,13500,11900,12000,18575,0.02564102564102555
2022-11-18,11900,12400,11900,12300,4059,0.02499999999999991
2022-11-21,12450,12450,12000,12150,1571,-0.012195121951219523
2022-11-22,12100,14400,11900,13250,34181,0.09053497942386834
2022-11-23,12850,13050,12650,12900,14618,-0.026415094339622636
2022-11-24,12750,12800,12600,12750,3022,-0.011627906976744207
2022-11-25,13000,13500,13000,13450,10392,0.05490196078431375
2022-11-28,13800,13800,13500,13700,7796,0.018587360594795488
2022-11-29,13350,14450,13300,14100,9382,0.029197080291970767
2022-11-30,14000,14300,13800,14300,7224,0.014184397163120588
2022-12-01,14000,14500,13900,14500,9062,0.013986013986013957
2022-12-02,14500,14500,13500,13550,6837,-0.06551724137931036
2022-12-05,13800,13800,13300,13350,3086,-0.014760147601476037
2022-12-06,13450,13450,12800,12850,3310,-0.03745318352059923
2022-12-07,12750,13100,12700,13000,3728,0.011673151750972721
2022-12-08,13150,13150,12250,12350,4636,-0.050000000000000044
2022-12-09,12500,12500,12050,12350,4864,0.0
2022-12-12,12400,12400,12000,12100,4848,-0.020242914979757054
2022-12-13,12200,12350,12200,12350,1644,0.02066115702479343
2022-12-14,12450,12500,12000,12200,2805,-0.012145748987854255
2022-12-15,12150,12150,12000,12150,3389,-0.004098360655737654
2022-12-16,12200,12200,11850,11850,3707,-0.024691358024691357
2022-12-19,11950,12000,11750,12000,1053,0.012658227848101333
2022-12-20,12150,12150,11800,11850,2032,-0.012499999999999956
2022-12-21,12000,12300,11950,12100,1221,0.021097046413502074
2022-12-22,12100,12300,11950,12000,787,-0.008264462809917328
2022-12-23,12050,12100,11600,11650,2419,-0.029166666666666674
2022-12-26,11550,11800,11550,11800,238,0.012875536480686733
2022-12-27,11750,11850,11650,11850,1197,0.004237288135593209
2022-12-28,11850,11900,11600,11700,352,-0.012658227848101222
2022-12-29,11550,11950,11550,11950,1752,0.02136752136752129
2023-01-02,12100,12100,11650,12000,137,0.004184100418409997
2023-01-03,12200,12200,11800,12000,158,0.0
2023-01-04,12000,12200,11850,11850,2458,-0.012499999999999956
2023-01-05,12250,12250,11750,12200,1414,0.029535864978903037
2023-01-06,12100,12100,11800,11850,969,-0.02868852459016391
2023-01-09,12050,12050,11900,12000,649,0.012658227848101333
2023-01-10,12100,12100,11800,12000,1026,0.0
2023-01-11,12000,12000,11850,11950,1374,-0.004166666666666652
2023-01-12,12050,12100,11800,12100,1815,0.012552301255230214
2023-01-13,12100,13000,12000,12150,6525,0.004132231404958775
2023-01-16,12200,12700,12200,12450,2216,0.024691358024691468
2023-01-17,12500,12650,12500,12650,2164,0.016064257028112428
2023-01-18,12750,12900,12650,12750,3861,0.007905138339920903
2023-01-19,12750,12950,12650,12750,2841,0.0
2023-01-20,12750,13000,12600,13000,3088,0.019607843137254832
2023-01-25,13000,13170,12800,12950,6056,-0.0038461538461538325
2023-01-26,12950,13170,12750,12750,1410,-0.015444015444015413
2023-01-27,12750,13150,12750,12990,1477,0.018823529411764683
2023-01-30,12990,12990,12700,12850,1122,-0.010777521170130866
2023-01-31,12850,12850,12360,12360,814,-0.038132295719844334
2023-02-01,12610,12770,12470,12580,498,0.017799352750809128
2023-02-02,12800,12800,12500,12690,1955,0.008744038155802825
2023-02-03,12800,12800,12170,12500,1963,-0.014972419227738398
2023-02-06,12500,12500,12310,12420,339,-0.006399999999999961
2023-02-07,12420,12420,12410,12420,38,0.0
2023-02-08,12000,12280,12000,12280,9865,-0.011272141706924366
2023-02-09,12230,12230,12000,12000,5090,-0.0228013029315961
2023-02-10,11950,12190,11950,12170,3466,0.01416666666666666
2023-02-13,12170,12190,11990,12130,4041,-0.0032867707477403085
2023-02-14,12230,12230,12060,12200,580,0.00577081615828523
2023-02-15,12200,12200,11950,11950,1542,-0.020491803278688492
2023-02-16,12000,12020,11900,11980,690,0.002510460251045954
2023-02-17,12000,12100,12000,12100,1426,0.01001669449081799
2023-02-20,12080,12200,12040,12180,1546,0.006611570247933907
2023-02-21,12330,12330,12140,12250,3316,0.005747126436781658
2023-02-22,12350,12350,12070,12220,2226,-0.002448979591836764
2023-02-23,12400,12400,12240,12330,196,0.009001636661211121
2023-02-24,12300,12300,12050,12050,962,-0.02270884022708841
2023-02-27,12050,12080,11890,12040,974,-0.0008298755186721962
2023-02-28,12040,12040,11940,12030,327,-0.0008305647840531893
2023-03-02,11810,11990,11810,11870,1004,-0.013300083125519557
2023-03-03,11950,11950,11800,11890,503,0.0016849199663016012
2023-03-06,12000,12000,11700,11750,2223,-0.011774600504625754
2023-03-07,11750,11880,11670,11880,1870,0.01106382978723408
2023-03-08,11870,11870,11600,11600,1666,-0.023569023569023573
2023-03-09,11700,11700,11500,11510,2063,-0.00775862068965516
2023-03-10,11450,11460,11390,11400,2424,-0.009556907037358786
2023-03-13,11300,11360,11100,11300,1594,-0.00877192982456143
2023-03-14,11400,11450,11200,11200,3588,-0.008849557522123908
2023-03-15,11510,11510,11280,11490,65,0.025892857142857162
2023-03-16,11350,11350,11230,11230,958,-0.022628372497824234
2023-03-17,11540,11550,11310,11310,128,0.007123775601068472
2023-03-20,11500,11500,11300,11300,417,-0.0008841732979664174
2023-03-21,11500,11500,11200,11200,592,-0.008849557522123908
2023-03-22,11200,11200,11150,11160,993,-0.0035714285714285587
2023-03-23,11300,11300,11050,11200,740,0.0035842293906809264
2023-03-24,11000,11180,10990,10990,877,-0.018750000000000044
2023-03-27,11050,11050,10870,10970,417,-0.0018198362147406888
2023-03-28,10970,11100,10950,11080,384,0.010027347310847867
2023-03-29,11010,11010,10970,10970,254,-0.009927797833935048
2023-03-30,10980,10980,10970,10980,1323,0.0009115770282588365
2023-03-31,11200,11200,10560,10620,5607,-0.032786885245901676
2023-04-03,10690,10800,10550,10580,1266,-0.0037664783427495685
2023-04-04,10800,10810,10600,10810,1070,0.021739130434782705
2023-04-05,10950,10950,10830,10950,465,0.01295097132284928
2023-04-06,11000,11000,10780,10950,939,0.0
2023-04-07,10950,10950,10570,10890,1078,-0.005479452054794498
2023-04-10,10890,10890,10660,10750,1287,-0.012855831037649201
2023-04-11,10800,10800,10600,10790,1459,0.0037209302325580396
2023-04-12,10660,10810,10660,10750,647,-0.003707136237256714
2023-04-13,10750,10820,10630,10820,1852,0.006511627906976791
2023-04-14,10880,10880,10800,10840,371,0.001848428835489857
2023-04-17,11280,11280,10800,10800,1967,-0.0036900369003689537
2023-04-18,10760,10760,10740,10740,1243,-0.005555555555555536
2023-04-19,10900,10900,10840,10840,1221,0.009310986964618184
2023-04-20,11110,11150,11000,11000,705,0.014760147601476037
2023-04-21,11000,11000,10670,10670,1188,-0.030000000000000027
2023-04-24,10700,10800,10470,10570,2387,-0.009372071227741308
2023-04-25,10830,10830,10510,10530,2653,-0.0037842951750236553
2023-04-26,10500,10660,10500,10600,884,0.006647673314339908
2023-04-27,10550,10650,10400,10480,1442,-0.01132075471698113
2023-04-28,10650,10650,10370,10370,1797,-0.010496183206106902
2023-05-02,10400,10490,10400,10410,676,0.0038572806171648377
2023-05-03,10500,10590,10420,10530,177,0.011527377521613813
2023-05-04,10780,10780,10500,10660,134,0.012345679012345734
2023-05-08,10660,10660,10020,10330,1742,-0.030956848030018747
2023-05-09,10330,10450,10330,10370,477,0.0038722168441431837
2023-05-10,10500,10500,10380,10430,55,0.005785920925747368
2023-05-11,10470,10470,10310,10400,1100,-0.0028763183125599667
2023-05-12,10390,10390,10270,10280,1329,-0.011538461538461497
2023-05-15,10350,10350,10060,10160,1316,-0.011673151750972721
2023-05-16,10270,10270,10170,10250,27,0.008858267716535417
2023-05-17,10250,10280,10150,10150,197,-0.009756097560975618
2023-05-18,10280,10280,10250,10250,150,0.009852216748768461
2023-05-19,10330,10500,10300,10500,1274,0.024390243902439046
2023-05-22,10500,10670,10500,10600,4709,0.00952380952380949
2023-05-23,11500,11500,10640,10640,7498,0.0037735849056603765
2023-05-24,10800,11010,10630,10690,1677,0.0046992481203007586
2023-05-25,10650,10650,10530,10550,1234,-0.013096351730589317
2023-05-26,11500,11500,10750,10750,2242,0.018957345971563955
2023-05-30,10600,10710,10600,10710,1052,-0.0037209302325581506
2023-05-31,10720,10720,10620,10690,767,-0.0018674136321195078
2023-06-01,10600,10880,10600,10800,619,0.010289990645462987
2023-06-02,10900,10900,10800,10890,174,0.008333333333333304
2023-06-05,10950,10950,10800,10890,219,0.0
2023-06-07,11000,11000,10890,10890,46,0.0
2023-06-08,10890,10890,10800,10800,372,-0.008264462809917328
2023-06-09,10810,10810,10650,10770,620,-0.002777777777777768
2023-06-12,11000,11000,10660,10740,395,-0.0027855153203342198
2023-06-13,10700,10800,10630,10750,427,0.0009310986964619072
2023-06-14,10600,10770,10550,10770,653,0.0018604651162790198
2023-06-15,10770,10770,10490,10500,1182,-0.02506963788300831
2023-06-16,10520,10950,10520,10950,779,0.04285714285714293
2023-06-19,10950,12810,10950,11830,41790,0.08036529680365301
2023-06-20,11430,11430,10860,11290,14953,-0.04564666103127646
2023-06-21,11780,11780,10970,10970,8902,-0.02834366696191315
2023-06-22,10910,11090,10860,10870,2685,-0.00911577028258892
2023-06-23,11130,11130,10670,10860,2678,-0.0009199632014719183
2023-06-26,10860,11300,10860,11020,4292,0.014732965009208066
2023-06-27,10830,11070,10820,10900,2898,-0.010889292196007205
2023-06-28,12000,13000,11900,11970,50515,0.09816513761467882
2023-06-29,11390,11860,11390,11390,11179,-0.04845446950710108
2023-06-30,11300,11440,11200,11430,3341,0.0035118525021948788
2023-07-03,11780,11980,11700,11790,3306,0.03149606299212593
2023-07-04,11610,11930,11610,11870,3362,0.006785411365564098
2023-07-05,11880,11890,11550,11610,3806,-0.021903959561920816
2023-07-06,11490,11490,11400,11460,510,-0.012919896640826822
2023-07-07,11450,11450,11190,11240,1272,-0.01919720767888311
2023-07-10,11130,11690,11130,11680,2382,0.039145907473309594
2023-07-11,11690,11690,9360,10950,10258,-0.0625
2023-07-12,10950,11210,10950,11000,2174,0.004566210045662045
2023-07-13,10950,10950,10790,10890,1744,-0.010000000000000009
2023-07-14,10680,10900,10680,10900,966,0.0009182736455464191
2023-07-17,11500,11500,10900,11300,1286,0.03669724770642202
2023-07-18,11250,11250,10900,10980,657,-0.02831858407079646
2023-07-19,10980,10980,10880,10880,1010,-0.00910746812386154
2023-07-20,10750,10990,10750,10780,2768,-0.009191176470588203
2023-07-21,11000,11000,10750,10750,458,-0.002782931354359919
2023-07-24,10670,10670,10590,10590,738,-0.014883720930232602
2023-07-25,10500,10500,10360,10390,1479,-0.018885741265344702
2023-07-26,10330,10500,10000,10000,1519,-0.0375360923965351
2023-07-27,10000,10250,10000,10250,1073,0.02499999999999991
2023-07-28,10400,10400,10250,10400,724,0.014634146341463428
2023-07-31,10450,10830,10450,10700,746,0.028846153846153744
2023-08-01,11000,11000,10670,10700,1245,0.0
2023-08-02,10700,10790,10600,10610,331,-0.008411214953271018
2023-08-03,10790,10790,10610,10650,228,0.0037700282752120007
2023-08-04,10780,10780,10660,10660,232,0.0009389671361501595
2023-08-07,10300,10300,10090,10240,8180,-0.039399624765478425
2023-08-08,10160,10350,10160,10350,1344,0.0107421875
2023-08-09,10300,10420,10300,10380,340,0.0028985507246377384
2023-08-10,10020,10100,10020,10050,5601,-0.03179190751445082
2023-08-11,10190,10240,10150,10240,654,0.018905472636815857
2023-08-14,10240,10490,10110,10490,670,0.0244140625
2023-08-16,10480,10480,10250,10440,412,-0.004766444232602529
2023-08-17,10400,10400,10160,10310,902,-0.01245210727969348
2023-08-18,10250,10250,10110,10230,294,-0.007759456838021372
2023-08-21,10100,10100,9940,10090,6288,-0.013685239491691092
2023-08-22,10190,10190,9940,9940,3533,-0.014866204162537144
2023-08-23,9950,10100,9950,10040,344,0.010060362173038184
2023-08-24,10100,10100,9970,10050,345,0.0009960159362549792
2023-08-25,10260,10260,10020,10170,231,0.011940298507462588
2023-08-28,10170,10260,10170,10230,1934,0.005899705014749346
2023-08-29,10260,10260,10160,10230,126,0.0
2023-08-30,10240,10260,10240,10250,501,0.0019550342130987275
2023-08-31,10250,10250,10200,10240,313,-0.0009756097560975618
2023-09-01,10240,10300,10120,10230,3441,-0.0009765625
2023-09-04,10240,10240,10230,10240,247,0.0009775171065493637
2023-09-05,10120,10230,10120,10230,236,-0.0009765625
2023-09-06,10230,10260,10080,10110,1889,-0.011730205278592365
2023-09-07,10200,10200,10110,10180,38,0.006923837784371889
2023-09-08,10080,10260,10080,10090,328,-0.008840864440078589
2023-09-11,10200,10200,10010,10010,2927,-0.007928642220019877
2023-09-12,10050,10150,10030,10150,482,0.013986013986013957
2023-09-13,10180,10180,10050,10120,311,-0.002955665024630516
2023-09-14,10120,10180,10050,10120,1158,0.0
2023-09-15,10110,10190,10100,10120,551,0.0
2023-09-18,10260,10260,10100,10100,595,-0.0019762845849802257
2023-09-19,10010,10200,10000,10000,705,-0.00990099009900991
2023-09-20,10180,10180,10010,10110,135,0.010999999999999899
2023-09-21,10110,10110,9970,10000,272,-0.010880316518298683
2023-09-22,10200,10200,10010,10050,294,0.004999999999999893
2023-09-25,10050,10050,9860,9860,496,-0.018905472636815968
2023-09-26,9900,9900,9860,9860,415,0.0
2023-09-27,9710,9720,9600,9700,2756,-0.016227180527383367
2023-10-04,9790,9790,9350,9380,1443,-0.03298969072164948
2023-10-05,9380,9470,9380,9380,848,0.0
2023-10-06,9380,9690,9380,9570,131,0.02025586353944564
2023-10-10,9370,9410,9350,9400,1620,-0.017763845350052265
2023-10-11,9470,9470,9390,9390,262,-0.0010638297872340718
2023-10-12,9490,9490,9370,9390,120,0.0
2023-10-13,9500,9500,9380,9380,515,-0.0010649627263046302
2023-10-16,9450,9450,9260,9260,1517,-0.01279317697228144
2023-10-17,9400,9400,9110,9140,1542,-0.01295896328293733
2023-10-18,9250,9250,9100,9190,224,0.00547045951859948
2023-10-19,9180,9180,9050,9150,691,-0.0043525571273123065
2023-10-20,9350,9350,9050,9060,167,-0.00983606557377048
2023-10-23,9060,9080,9010,9080,693,0.002207505518763808
2023-10-24,9270,9270,9080,9100,1089,0.0022026431718060735
2023-10-25,9100,9250,9090,9090,430,-0.001098901098901095
2023-10-26,9190,9190,8950,9100,971,0.0011001100110010764
2023-10-27,9100,9250,9030,9030,449,-0.007692307692307665
2023-10-30,9100,9100,9030,9090,75,0.006644518272425293
2023-10-31,9300,9350,8970,8990,588,-0.011001100110010986
2023-11-01,9030,9030,8970,9030,363,0.004449388209121219
2023-11-02,9280,9280,8950,8980,505,-0.0055370985603543366
2023-11-03,8960,9080,8960,9060,115,0.008908685968819663
2023-11-06,9060,9200,9060,9060,410,0.0
2023-11-07,9240,9240,9030,9030,159,-0.0033112582781457123
2023-11-08,9040,9040,8940,9040,477,0.001107419712070845
2023-11-09,9040,9040,9000,9030,44,-0.0011061946902655162
2023-11-10,9060,9060,8920,8930,299,-0.011074197120708784
2023-11-13,9040,9040,8980,9000,161,0.007838745800671898
2023-11-14,9020,9190,9020,9170,37,0.018888888888888955
2023-11-15,9190,9190,9060,9060,384,-0.01199563794983638
2023-11-16,9070,9100,9070,9070,98,0.001103752759381793
2023-11-17,9080,9190,8960,9050,212,-0.0022050716648290836
2023-11-20,9120,9340,9070,9290,377,0.026519337016574607
2023-11-21,9300,9300,9240,9260,840,-0.0032292787944026013
2023-11-22,9260,9550,9200,9540,7849,0.030237580993520474
2023-11-23,9510,9530,9510,9510,1491,-0.0031446540880503138
2023-11-24,9230,9600,9230,9600,1667,0.009463722397476282
2023-11-27,9600,9650,9400,9580,908,-0.002083333333333326
2023-11-28,9650,9650,9590,9600,708,0.0020876826722338038
2023-11-29,10000,10000,9700,9700,684,0.01041666666666674
2023-11-30,9710,10710,9710,10500,10350,0.08247422680412364
2023-12-01,10820,10860,10250,10610,4808,0.010476190476190528
2023-12-04,10890,10980,10780,10860,5679,0.023562676720075393
2023-12-05,10600,10800,10420,10690,2160,-0.015653775322283625
2023-12-06,10710,10880,10360,10880,2081,0.017773620205799867
2023-12-07,10980,11410,10980,11320,4978,0.040441176470588314
2023-12-08,11010,11380,11010,11380,2526,0.005300353356890497
2023-12-11,11350,11350,11050,11200,753,-0.01581722319859402
2023-12-12,11000,11230,11000,11150,651,-0.004464285714285698
2023-12-13,11190,11190,10750,10770,3184,-0.03408071748878927
2023-12-14,11130,11130,10520,10600,1029,-0.01578458681522743
2023-12-15,10670,10670,10220,10290,967,-0.029245283018867974
2023-12-18,10350,10350,10280,10350,566,0.005830903790087438
2023-12-19,10360,10360,10110,10110,893,-0.023188405797101463
2023-12-20,10250,10250,9880,9880,824,-0.022749752720079175
2023-12-21,9880,9880,9570,9580,3457,-0.030364372469635637
2023-12-22,9680,9680,9390,9400,2587,-0.018789144050104345
2023-12-26,9380,9450,9310,9320,928,-0.008510638297872353
2023-12-27,9650,9650,9350,9370,558,0.005364806866952732
2023-12-28,9370,9740,9330,9380,1957,0.0010672358591248265
2024-01-02,9100,9250,9100,9210,3583,-0.018123667377398678
2024-01-03,9250,9670,9250,9580,993,0.04017372421281218
2024-01-04,9660,9660,9320,9350,452,-0.024008350730688965
2024-01-05,9360,9550,9360,9410,194,0.0064171122994651775
2024-01-08,9350,9550,9350,9440,108,0.0031880977683316214
2024-01-09,9450,9640,9410,9500,248,0.006355932203389925
2024-01-10,9670,9670,9460,9560,299,0.006315789473684275
2024-01-11,9690,9730,9420,9560,904,0.0
2024-01-12,9600,9600,9360,9460,637,-0.010460251046025104
2024-01-15,9390,9650,9390,9590,121,0.01374207188160681
2024-01-16,9670,9670,9520,9520,131,-0.007299270072992692
2024-01-17,9670,9670,9300,9300,672,-0.02310924369747902
2024-01-18,9700,9700,9550,9550,104,0.026881720430107503
2024-01-19,9600,9600,9140,9180,1839,-0.03874345549738223
2024-01-22,9300,9300,9200,9280,120,0.01089324618736387
2024-01-23,9350,9360,9180,9200,315,-0.008620689655172376
2024-01-24,9660,9660,9200,9300,982,0.010869565217391353
2024-01-25,9350,9350,9120,9230,872,-0.007526881720430145
2024-01-26,9200,9280,9200,9280,201,0.005417118093174356
2024-01-29,9280,9500,9280,9400,59,0.012931034482758674
2024-01-30,9520,9520,9240,9250,61,-0.015957446808510634
2024-01-31,9340,9360,9290,9290,91,0.00432432432432428
2024-02-01,9440,9440,9210,9270,582,-0.0021528525296017342
2024-02-02,9330,9420,9260,9400,1458,0.014023732470334505
2024-02-05,9400,9460,9300,9300,293,-0.010638297872340385
2024-02-06,9210,9210,9090,9120,1045,-0.01935483870967747
2024-02-07,9200,9200,9120,9120,999,0.0
2024-02-08,9200,9270,9170,9190,172,0.007675438596491224
2024-02-13,9290,9400,9210,9400,673,0.02285092491838947
2024-02-14,9200,9340,9200,9320,341,-0.008510638297872353
2024-02-15,9340,9340,9220,9340,1333,0.0021459227467810482
2024-02-16,9360,9460,9340,9440,24,0.010706638115631772
2024-02-19,9510,9510,9390,9400,203,-0.004237288135593209
2024-02-20,9400,9480,9210,9280,578,-0.012765957446808529
2024-02-21,9290,9330,9290,9290,409,0.0010775862068965747
2024-02-22,9490,9490,9240,9250,502,-0.0043057050592034685
2024-02-23,9350,9350,9190,9190,343,-0.006486486486486531
2024-02-26,9200,9270,9100,9190,830,0.0
2024-02-27,9190,9240,9070,9080,215,-0.01196953210010876
2024-02-28,9200,9450,9100,9450,164,0.040748898678414136
2024-02-29,9360,9390,9170,9230,585,-0.023280423280423235
2024-03-04,9440,9440,9240,9320,73,0.009750812567713929
2024-03-05,9380,9380,9200,9200,83,-0.012875536480686733
2024-03-06,9290,9290,9130,9240,74,0.004347826086956497
2024-03-07,9090,9110,9030,9030,3026,-0.022727272727272707
2024-03-08,9140,9190,9050,9110,685,0.008859357696566983
2024-03-11,9150,9150,9130,9130,657,0.002195389681668436
2024-03-12,9200,9360,9040,9040,402,-0.009857612267250793
2024-03-13,9090,9410,9080,9240,867,0.022123893805309658
2024-03-14,9370,9370,9220,9220,164,-0.0021645021645021467
2024-03-15,9170,9230,9170,9210,1856,-0.0010845986984815426
2024-03-18,9050,9200,9050,9200,386,-0.0010857763300760048
2024-03-19,9240,9490,9150,9150,1212,-0.005434782608695676
2024-03-20,9150,9300,9130,9300,147,0.016393442622950838
2024-03-21,9300,9300,9070,9090,1025,-0.022580645161290325
2024-03-22,9170,9170,9100,9160,1968,0.007700770077007757
2024-03-25,9020,9190,9000,9050,3951,-0.012008733624454093
2024-03-26,9180,9180,9020,9090,1255,0.0044198895027625085
2024-03-27,9100,9240,9090,9240,1822,0.01650165016501659
2024-03-28,9580,9580,9360,9390,994,0.016233766233766156
2024-03-29,9250,9340,9110,9110,780,-0.029818956336528202
2024-04-01,9200,9320,9150,9310,378,0.021953896816685026
2024-04-02,9390,9390,9260,9290,99,-0.002148227712137518
2024-04-03,9270,9280,9250,9250,23,-0.0043057050592034685
2024-04-04,9270,9270,9240,9240,45,-0.00108108108108107
2024-04-05,9240,9240,9210,9240,683,0.0
2024-04-08,9640,9640,9000,9020,3013,-0.023809523809523836
2024-04-09,9100,9100,9100,9100,159,0.008869179600886845
2024-04-11,8920,9080,8920,9080,167,-0.00219780219780219
2024-04-12,9080,9080,9000,9060,567,-0.0022026431718061845
2024-04-15,9040,9040,8880,8990,1758,-0.007726269315673329
2024-04-16,9050,9050,8620,8650,2786,-0.03781979977753058
2024-04-17,8520,8690,8520,8650,686,0.0
2024-04-18,8740,8780,8730,8750,653,0.011560693641618602
2024-04-19,8970,8970,8710,8920,1423,0.01942857142857135
2024-04-22,9000,9000,8910,8910,402,-0.0011210762331838042
2024-04-23,8750,8940,8750,8940,180,0.0033670033670034627
2024-04-24,8920,8920,8900,8900,131,-0.004474272930648726
2024-04-25,9010,9100,8910,8910,461,0.0011235955056179137
2024-04-26,9200,9200,8910,9040,652,0.014590347923681302
2024-04-29,9040,9040,8900,8900,493,-0.015486725663716783
2024-04-30,9320,9320,8910,8920,402,0.0022471910112360494
2024-05-02,8920,8920,8770,8920,179,0.0
2024-05-03,8990,8990,8790,8790,574,-0.014573991031390121
2024-05-07,8900,8900,8880,8880,199,0.010238907849829282
2024-05-08,9000,9000,8910,8990,42,0.012387387387387427
2024-05-09,8990,8990,8800,8800,1225,-0.021134593993325956
2024-05-10,8900,8900,8720,8810,1907,0.001136363636363713
2024-05-13,8810,8900,8740,8810,544,0.0
2024-05-14,8820,8930,8820,8820,205,0.0011350737797957144
2024-05-16,8820,8900,8820,8900,146,0.009070294784580435
2024-05-17,8890,8900,8810,8810,159,-0.010112359550561778
2024-05-20,8810,8900,8770,8770,967,-0.004540295119182747
2024-05-21,8900,8940,8890,8940,491,0.019384264538198304
2024-05-22,9000,9000,8800,8940,417,0.0
2024-05-23,8930,8930,8900,8900,50,-0.004474272930648726
2024-05-24,8800,8850,8800,8850,41,-0.005617977528089901
2024-05-27,8800,8900,8760,8850,171,0.0
2024-05-28,8990,8990,8720,8800,254,-0.005649717514124242
2024-05-29,8690,8800,8690,8730,242,-0.007954545454545436
2024-05-30,8700,8770,8690,8770,770,0.004581901489117968
2024-05-31,8770,8770,8750,8750,222,-0.0022805017103763037
2024-06-03,8610,9160,8610,8770,595,0.0022857142857142243
2024-06-04,8880,8880,8760,8770,158,0.0
2024-06-05,8750,8770,8750,8770,134,0.0
2024-06-07,9000,9000,8710,8760,154,-0.0011402508551880963
2024-06-10,8850,8850,8710,8840,355,0.009132420091324311
2024-06-11,8720,8790,8710,8710,685,-0.014705882352941124
2024-06-12,8700,8870,8670,8870,1102,0.018369690011481143
2024-06-13,8860,8860,8760,8760,287,-0.012401352874859106
2024-06-14,8800,8800,8730,8790,389,0.003424657534246478
2024-06-17,8730,8780,8730,8780,156,-0.0011376564277588708
2024-06-18,8630,8760,8630,8760,152,-0.002277904328018221
2024-06-19,8850,8860,8760,8830,1318,0.007990867579908745
2024-06-20,8720,8820,8720,8760,215,-0.007927519818799578
2024-06-21,8760,8790,8760,8760,249,0.0
2024-06-24,8740,8760,8660,8760,196,0.0
2024-06-25,8800,8800,8730,8800,505,0.004566210045662045
2024-06-26,8800,8800,8740,8740,498,-0.006818181818181834
2024-06-27,8730,8730,8690,8730,397,-0.0011441647597254523
2024-06-28,8910,8910,8730,8730,144,0.0
2024-07-01,8790,8790,8680,8680,804,-0.00572737686139746
2024-07-02,8970,8970,8700,8780,101,0.011520737327188835
2024-07-03,8710,8710,8690,8700,159,-0.009111617312072884
2024-07-04,8780,8780,8730,8730,31,0.0034482758620688614
2024-07-05,8800,8800,8660,8740,394,0.001145475372279492
2024-07-08,8800,8820,8720,8820,60,0.009153318077803174
2024-07-09,9140,9140,8760,8820,880,0.0
2024-07-10,8960,8960,8850,8860,189,0.0045351473922903285
2024-07-11,8950,8950,8850,8920,185,0.006772009029345272
2024-07-12,8800,8990,8800,8980,946,0.006726457399103047
2024-07-15,9020,9020,8860,8860,615,-0.013363028953229383
2024-07-16,8830,9040,8830,9010,193,0.016930022573363512
2024-07-17,9010,9010,8980,8980,3,-0.0033296337402886067
2024-07-18,8970,8980,8920,8970,54,-0.00111358574610243
2024-07-19,8970,8970,8830,8900,499,-0.0078037904124860225
2024-07-22,9040,9160,8960,9160,4292,0.02921348314606731
2024-07-23,9050,9050,8970,8970,1113,-0.020742358078602585
2024-07-24,9090,9090,8920,8920,202,-0.005574136008918651
2024-07-25,8920,8920,8900,8920,439,0.0
2024-07-26,8990,8990,8350,8630,3079,-0.03251121076233188
2024-07-29,8800,8800,8700,8790,31,0.018539976825028948
2024-07-30,8700,8700,8520,8520,847,-0.030716723549488067
2024-07-31,8520,8650,8500,8500,1033,-0.0023474178403756207
2024-08-01,8570,8620,8420,8430,2619,-0.008235294117647007
2024-08-02,8450,8450,8310,8320,1019,-0.013048635824436494
2024-08-05,8410,8410,8040,8040,490,-0.033653846153846145
2024-08-06,8200,8300,8060,8280,524,0.029850746268656803
2024-08-07,8320,8390,8280,8300,92,0.0024154589371980784
2024-08-08,8290,8290,8060,8070,707,-0.027710843373493943
2024-08-09,8080,8290,8080,8270,262,0.024783147459727317
2024-08-12,8380,8380,8150,8150,1038,-0.0145102781136639
2024-08-13,8050,8150,8050,8090,176,-0.007361963190184007
2024-08-14,8240,8240,8080,8200,1007,0.013597033374536549
2024-08-16,8200,8200,8120,8180,397,-0.0024390243902439046
2024-08-19,8370,8370,8100,8140,169,-0.004889975550122272
2024-08-20,8340,8340,8100,8190,78,0.006142506142506221
2024-08-21,8300,8300,8020,8040,295,-0.01831501831501836
2024-08-22,8150,8150,8050,8120,275,0.00995024875621886
2024-08-23,8260,8260,8040,8080,193,-0.0049261083743842304
2024-08-26,8150,8150,8080,8150,64,0.00866336633663356
2024-08-27,8190,8190,8190,8190,1,0.004907975460122671
2024-08-28,8050,8050,8040,8040,118,-0.01831501831501836
2024-08-29,8100,8100,8020,8040,178,0.0
2024-08-30,8100,8100,8100,8100,24,0.00746268656716409
2024-09-02,8250,8250,8100,8100,31,0.0
2024-09-03,8250,8250,8250,8250,1,0.0185185185185186
2024-09-04,8000,8000,8000,8000,275,-0.030303030303030276
2024-09-05,7800,7950,7780,7950,1650,-0.006249999999999978
2024-09-06,7990,7990,7600,7940,895,-0.0012578616352201255
2024-09-09,7750,7790,7600,7790,195,-0.018891687657430767
2024-09-10,7790,7790,7640,7640,339,-0.019255455712451908
2024-09-11,7610,7980,7490,7490,399,-0.01963350785340312
2024-09-12,7580,7580,7430,7490,1313,0.0
2024-09-13,7540,7540,7440,7530,38,0.005340453938584844
2024-09-19,7680,7680,7500,7600,1029,0.009296148738379806
2024-09-20,7690,7690,7410,7570,353,-0.003947368421052588
2024-09-23,7560,7790,7560,7790,78,0.029062087186261465
2024-09-24,7660,8000,7660,8000,16,0.02695763799743256
2024-09-25,7730,7900,7730,7890,309,-0.01375000000000004
2024-09-26,7880,7900,7880,7900,41,0.0012674271229404788
2024-09-27,7970,7970,7690,7830,99,-0.008860759493670933
2024-09-30,7990,8000,7750,7870,68,0.005108556832694733
2024-10-02,7880,7970,7880,7970,33,0.01270648030495547
2024-10-04,7900,7950,7900,7900,36,-0.008782936010037656
2024-10-07,7950,7950,7600,7790,1838,-0.013924050632911356
2024-10-08,7760,7910,7530,7910,657,0.015404364569961526
2024-10-10,7640,7690,7540,7550,1646,-0.04551201011378003
2024-10-11,7550,7640,7480,7480,751,-0.009271523178807972
2024-10-14,7620,7620,7450,7450,154,-0.004010695187165791
2024-10-15,7450,7450,7350,7370,453,-0.010738255033557076
2024-10-16,7370,7450,7220,7450,1351,0.01085481682496603
2024-10-17,7450,7450,7230,7310,337,-0.018791946308724827
2024-10-18,7490,7490,7370,7490,52,0.024623803009576006
2024-10-21,7370,7370,7230,7240,411,-0.03337783711615483
2024-10-22,7100,7120,6970,6970,3071,-0.037292817679558055
2024-10-23,7000,7110,6890,6900,1816,-0.010043041606886627
2024-10-24,7120,7120,6880,6880,813,-0.0028985507246376274
2024-10-25,6880,6880,6700,6700,1209,-0.026162790697674465
2024-10-28,6750,6950,6690,6950,569,0.03731343283582089
2024-10-29,6900,7290,6870,7290,113,0.048920863309352525
2024-10-30,7050,7260,7010,7030,1787,-0.03566529492455417
2024-10-31,7030,7190,6950,7000,948,-0.004267425320056861
2024-11-01,6970,6970,6830,6890,1168,-0.01571428571428568
2024-11-04,6960,7000,6760,6760,298,-0.018867924528301883
2024-11-05,6810,7000,6730,7000,235,0.035502958579881616
2024-11-06,6820,7000,6740,6960,827,-0.005714285714285672
2024-11-07,6900,6960,6760,6960,3410,0.0
2024-11-08,6800,6860,6730,6840,4533,-0.017241379310344862
2024-11-11,6840,6840,6670,6800,2121,-0.005847953216374324
2024-11-12,6800,6950,6660,6800,4568,0.0
2024-11-13,6610,6610,6450,6600,1722,-0.02941176470588236
2024-11-14,6610,7520,6330,7030,10891,0.06515151515151518
2024-11-15,6600,6950,6600,6710,5961,-0.045519203413940224
2024-11-18,6590,6830,6550,6700,2624,-0.0014903129657227732
2024-11-19,6700,7300,6350,6350,5537,-0.052238805970149294
2024-11-20,6310,6310,6130,6130,4439,-0.03464566929133861
2024-11-21,6230,6250,6050,6250,2153,0.019575856443719397
2024-11-22,6060,6500,6060,6490,2363,0.03839999999999999
2024-11-25,6490,6500,6330,6330,1009,-0.024653312788906034
2024-11-26,6450,6470,6330,6330,288,0.0
2024-11-27,6330,6330,6250,6250,402,-0.012638230647709303
2024-11-28,6500,6500,6210,6210,1884,-0.006399999999999961
2024-11-29,6210,6210,6200,6210,251,0.0
2024-12-02,6210,6670,6060,6500,1841,0.04669887278582929
2024-12-03,6680,6680,6330,6600,1688,0.01538461538461533
2024-12-04,6320,6380,6320,6380,1523,-0.033333333333333326
2024-12-05,6270,6370,6270,6370,24,-0.0015673981191222097
2024-12-06,6360,6360,6260,6340,74,-0.004709576138147598
2024-12-09,6340,6340,5950,5950,1129,-0.061514195583596165
2024-12-10,6200,6230,6190,6220,638,0.04537815126050426
2024-12-11,6130,6300,6130,6280,545,0.009646302250803762
2024-12-12,6100,6200,6070,6200,2902,-0.01273885350318471
2024-12-13,6200,6530,6200,6530,2037,0.0532258064516129
2024-12-16,6530,6800,6150,6690,2868,0.02450229709035212
2024-12-17,6600,6740,6600,6720,1158,0.004484304932735439
2024-12-18,6740,6740,6680,6720,128,0.0
2024-12-19,6650,6720,6650,6720,222,0.0
2024-12-20,6720,6720,6700,6700,64,-0.0029761904761904656
2024-12-23,6700,6780,6700,6780,32,0.011940298507462588
2024-12-24,6780,6780,6710,6780,1176,0.0
2024-12-26,6590,6760,6560,6760,219,-0.002949852507374673
2024-12-27,6700,6740,6590,6740,122,-0.00295857988165682
2024-12-30,6730,6730,6610,6710,210,-0.004451038575667643
2025-01-02,6740,6740,6590,6590,597,-0.01788375558867361
2025-01-03,6630,6630,6630,6630,659,0.006069802731411222
2025-01-06,6630,6670,6630,6630,755,0.0
2025-01-07,6670,6700,6660,6700,973,0.010558069381598756
2025-01-08,6700,6700,6590,6590,508,-0.016417910447761197
2025-01-09,6590,6700,6590,6700,272,0.01669195751138086
2025-01-10,6700,6730,6640,6730,34,0.004477611940298498
2025-01-13,6730,7060,6730,7060,1673,0.04903417533432397
2025-01-14,7100,7100,6750,6840,1325,-0.031161473087818692
2025-01-15,6870,6870,6870,6870,289,0.004385964912280604
2025-01-16,6890,6900,6850,6900,427,0.004366812227074135
2025-01-17,6940,7180,6940,7180,39,0.04057971014492745
2025-01-20,7170,7170,6970,6970,360,-0.029247910863509752
2025-01-21,7060,7060,6970,6970,309,0.0
2025-01-22,7000,7000,6950,6950,10,-0.0028694404591105283
2025-01-23,6930,6930,6930,6930,5,-0.0028776978417266452
2025-01-24,7200,7200,6760,6840,282,-0.012987012987012991
2025-01-31,7150,7150,6850,6950,22,0.016081871345029253
2025-02-03,6950,6950,6650,6650,243,-0.043165467625899234
2025-02-04,6650,6910,6650,6800,54,0.022556390977443552
2025-02-05,6800,6860,6650,6650,1096,-0.022058823529411797
2025-02-06,7130,7130,7000,7070,554,0.06315789473684208
2025-02-07,7060,7060,6940,6970,261,-0.014144271570014189
2025-02-10,6900,6900,6660,6680,1685,-0.04160688665710188
2025-02-11,6650,6710,6600,6600,1214,-0.0119760479041916
2025-02-12,6530,6550,6500,6500,1079,-0.015151515151515138
2025-02-13,6620,6680,6580,6680,1211,0.027692307692307683
2025-02-14,6560,6650,6540,6540,2451,-0.020958083832335328
2025-02-17,6520,6540,6470,6470,1431,-0.010703363914373099
2025-02-18,6650,6650,6350,6450,398,-0.0030911901081916993
2025-02-19,6380,6450,6380,6450,437,0.0
2025-02-20,6460,6570,6050,6240,2348,-0.032558139534883734
2025-02-21,6340,6380,6340,6380,224,0.022435897435897356
2025-02-24,6350,6460,6350,6460,82,0.012539184952978122
2025-02-25,6370,6450,6370,6450,116,-0.001547987616099089
2025-02-26,6280,6590,6280,6480,351,0.0046511627906977715
2025-02-27,6480,6480,6480,6480,25,0.0
2025-02-28,6560,6560,6230,6230,550,-0.038580246913580196
2025-03-04,6200,6610,6180,6200,408,-0.0048154093097912964
2025-03-05,6410,6440,6210,6440,83,0.03870967741935494
2025-03-06,6440,6440,6400,6440,359,0.0
2025-03-07,6440,6440,6270,6380,73,-0.009316770186335366
2025-03-10,6380,6380,6200,6350,533,-0.00470219435736674
2025-03-11,6300,6300,6300,6300,0,-0.007874015748031482
2025-03-12,6150,6160,6100,6140,1238,-0.025396825396825418
2025-03-13,6200,6200,6140,6200,115,0.009771986970684043
2025-03-14,6650,6650,6210,6440,121,0.03870967741935494
2025-03-17,6470,6470,6260,6400,14,-0.006211180124223614
2025-03-18,6400,6400,6400,6400,36,0.0
2025-03-19,6310,6400,6230,6390,156,-0.0015625000000000222
2025-03-20,6390,6470,6310,6420,13,0.0046948356807512415
2025-03-21,6350,6390,6290,6380,113,-0.006230529595015577
2025-03-24,6600,6600,6380,6380,65,0.0
2025-03-25,6400,6400,6400,6400,1,0.0031347962382444194
2025-03-26,6400,6400,6400,6400,208,0.0
2025-03-27,6400,6570,6380,6560,1532,0.02499999999999991
2025-03-28,6600,7300,6500,7000,28496,0.06707317073170738
2025-03-31,6990,6990,6530,6630,8167,-0.052857142857142825
2025-04-01,6350,6660,6350,6630,5024,0.0
2025-04-02,6500,6610,6370,6390,3057,-0.03619909502262442
2025-04-03,6300,6920,6300,6910,7808,0.08137715179968708
2025-04-04,6430,6690,6400,6570,8758,-0.04920405209840806
2025-04-07,6340,6510,6180,6200,1568,-0.05631659056316596
2025-04-08,6210,6250,6000,6090,2858,-0.01774193548387093
2025-04-09,6090,6500,6090,6440,3408,0.05747126436781613
2025-04-10,6460,6460,6340,6390,547,-0.00776397515527949
2025-04-11,6600,6600,6390,6500,71,0.017214397496087663
2025-04-14,6550,6600,6460,6470,397,-0.004615384615384577
2025-04-15,6780,6830,6510,6830,2665,0.0556414219474497
2025-04-16,6830,6870,6770,6870,884,0.005856515373352744
2025-04-17,7010,7100,6900,7040,3604,0.024745269286754024
2025-04-18,7230,7230,7000,7090,2226,0.007102272727272707
2025-04-21,7200,7200,6940,6940,1343,-0.021156558533145242
2025-04-22,6940,7000,6900,6930,767,-0.0014409221902017544
2025-04-23,6980,7000,6870,6990,367,0.008658008658008587
2025-04-24,6990,7200,6900,6910,736,-0.011444921316165924
2025-04-25,6820,6940,6810,6890,1072,-0.0028943560057886897
2025-04-28,6890,6890,6780,6810,1089,-0.011611030478954953
2025-04-29,6850,7260,6850,7260,4807,0.06607929515418509
2025-04-30,7400,7400,7010,7150,318,-0.015151515151515138
2025-05-02,7070,7080,7050,7050,2372,-0.013986013986013957
2025-05-07,7050,7050,6830,6830,2400,-0.031205673758865293
2025-05-08,6870,7450,6870,7010,1835,0.026354319180087904
2025-05-09,7180,7180,6980,7150,105,0.0199714693295292
2025-05-12,7150,7150,7110,7110,201,-0.005594405594405605
2025-05-13,7110,7200,7110,7200,1907,0.012658227848101333
2025-05-14,7210,7210,7030,7040,1589,-0.022222222222222254
2025-05-15,7090,7090,6800,6800,961,-0.03409090909090906
2025-05-16,6960,6960,6700,6700,1680,-0.014705882352941124
2025-05-19,6700,6780,6700,6780,306,0.011940298507462588
2025-05-20,6870,6880,6710,6730,435,-0.007374631268436627
2025-05-21,6730,7040,6730,6970,152,0.03566121842496295
2025-05-22,6890,6890,6850,6890,245,-0.011477761836441891
2025-05-23,6730,6830,6720,6720,1845,-0.02467343976777936
2025-05-26,6700,6890,6700,6700,766,-0.0029761904761904656
2025-05-27,6700,6700,6700,6700,363,0.0
2025-05-28,6700,6760,6700,6760,281,0.008955223880596996
2025-05-29,6760,6800,6750,6750,53,-0.0014792899408283544
2025-05-30,6820,6820,6780,6780,217,0.004444444444444473
2025-06-02,6780,6780,6710,6770,257,-0.001474926253687281
2025-06-04,6770,6810,6770,6810,623,0.005908419497784312
2025-06-05,6950,6950,6740,6850,220,0.005873715124816492
2025-06-09,6740,6850,6740,6800,784,-0.007299270072992692
2025-06-10,7030,7030,6800,7010,128,0.03088235294117636
2025-06-11,7030,7030,6850,7010,722,0.0
2025-06-12,7010,7030,7000,7000,433,-0.0014265335235378318
2025-06-13,7000,7000,6880,6880,732,-0.017142857142857126
2025-06-16,6880,6880,6850,6880,380,0.0
2025-06-17,6730,6960,6730,6800,1594,-0.011627906976744207
2025-06-18,6850,6880,6850,6880,9,0.0117647058823529
2025-06-19,6880,7000,6880,7000,20,0.01744186046511631
2025-06-20,7000,7060,6900,7060,401,0.008571428571428674
2025-06-23,7000,7080,7000,7070,136,0.0014164305949009304
2025-06-24,7100,7130,7100,7100,316,0.004243281471004279
2025-06-25,7090,7090,6930,6930,568,-0.023943661971830954
2025-06-26,6950,6950,6900,6950,33,0.0028860028860029363
2025-06-27,6950,7000,6850,7000,1230,0.007194244604316502
2025-06-30,6910,7070,6910,7000,215,0.0
2025-07-01,7100,7100,7030,7090,189,0.0128571428571429
2025-07-02,7240,7240,6870,7030,897,-0.008462623413258097
2025-07-03,7220,7220,6930,7090,26,0.008534850640113723
2025-07-04,7090,7090,6870,6940,677,-0.021156558533145242
2025-07-07,6940,6940,6840,6940,142,0.0
2025-07-08,6940,7020,6940,7020,102,0.011527377521613813
2025-07-09,7190,7190,7100,7100,752,0.01139601139601143
2025-07-10,7200,7200,7150,7200,616,0.014084507042253502
2025-07-11,7130,7150,7130,7150,137,-0.00694444444444442
2025-07-14,7150,7150,7070,7100,119,-0.006993006993006978
2025-07-15,7100,7100,7010,7090,618,-0.0014084507042253502
2025-07-16,7220,7220,7000,7090,268,0.0
2025-07-17,7140,7140,7100,7100,7,0.0014104372355430161
2025-07-18,7100,7100,7100,7100,11,0.0
2025-07-21,7100,7100,7030,7100,68,0.0
2025-07-22,7230,7230,6970,6970,215,-0.018309859154929553
2025-07-23,7200,7200,7090,7170,241,0.02869440459110484
2025-07-24,7170,7170,7150,7150,249,-0.002789400278940035
2025-07-25,7140,7140,6950,7120,38,-0.004195804195804231
2025-07-28,7000,7110,6910,6910,211,-0.0294943820224719
2025-07-29,7170,7170,6810,7150,502,0.0347322720694645
2025-07-30,7200,7200,7050,7050,364,-0.013986013986013957
2025-07-31,7200,7200,6850,7100,79,0.007092198581560183
2025-08-01,7100,7100,7000,7000,17,-0.014084507042253502
2025-08-04,7200,7200,7200,7200,1,0.02857142857142847
2025-08-05,7140,7140,7010,7050,418,-0.02083333333333337
2025-08-06,7200,7200,7000,7000,7,-0.007092198581560294
2025-08-07,7200,7200,7040,7040,152,0.005714285714285783
2025-08-08,7040,7040,6950,7020,17,-0.0028409090909090606
2025-08-11,7020,7020,7020,7020,2,0.0
2025-08-12,6950,7300,6900,7020,965,0.0
2025-08-13,7040,7040,7020,7020,60,0.0
2025-08-14,7040,7160,7000,7130,34,0.015669515669515688
2025-08-18,7020,7020,6880,7020,263,-0.015427769985974726
2025-08-19,7000,7000,6950,6970,9,-0.007122507122507171
2025-08-20,6970,6970,6860,6960,43,-0.0014347202295552641
2025-08-21,6970,7000,6960,6960,12,0.0
2025-08-22,6960,6960,6960,6960,2,0.0
2025-08-25,6960,6960,6850,6950,28,-0.001436781609195359
2025-08-26,6950,6950,6950,6950,24,0.0
2025-08-27,7000,7000,6950,6950,4,0.0
2025-08-28,7000,7000,6820,6980,165,0.004316546762589857
2025-08-29,6980,6980,6980,6980,2,0.0
2025-09-01,6870,6950,6870,6920,7,-0.008595988538681931
2025-09-02,6980,6980,6850,6980,14,0.00867052023121384
2025-09-03,6840,6940,6820,6820,435,-0.022922636103151817
2025-09-04,6910,6910,6690,6850,244,0.004398826979472137
2025-09-05,6850,6850,6680,6690,230,-0.023357664233576658
2025-09-08,7080,7300,7080,7210,7242,0.07772795216741413
2025-09-09,7200,7400,7030,7400,3304,0.026352288488210807
2025-09-10,7400,7400,6990,7070,4313,-0.04459459459459458
2025-09-11,7160,7160,6890,6990,1187,-0.011315417256011262
2025-09-12,7070,7070,6850,6850,1266,-0.02002861230329045
2025-09-15,6750,6800,6720,6780,894,-0.010218978102189746
2025-09-16,6850,6850,6800,6800,127,0.002949852507374562
2025-09-17,6890,6900,6780,6900,762,0.014705882352941124
2025-09-18,6860,6860,6760,6800,1156,-0.01449275362318836
2025-09-19,6850,6850,6800,6820,19,0.002941176470588225
2025-09-22,6970,6970,6700,6700,1087,-0.017595307917888547
2025-09-23,6700,6970,6660,6970,890,0.040298507462686484
2025-09-24,6950,6950,6910,6920,59,-0.00717360114777621
2025-09-25,7050,7050,6940,6940,5,0.0028901734104045396
2025-09-26,6900,6900,6760,6800,516,-0.02017291066282423
2025-09-29,6800,8840,6800,8840,76239,0.30000000000000004
2025-09-30,8840,8840,7620,7620,57602,-0.1380090497737556
2025-10-01,7800,7800,7410,7430,23429,-0.02493438320209973
2025-10-02,7430,7580,7260,7260,3954,-0.02288021534320328
2025-10-10,7260,7260,7000,7180,6315,-0.011019283746556474
2025-10-13,7050,7300,7050,7280,3631,0.013927576601671321
2025-10-14,7390,7400,7200,7390,682,0.015109890109890056
2025-10-15,7390,7730,7260,7420,2472,0.004059539918809252
2025-10-16,7410,7440,7200,7230,5235,-0.025606469002695365
2025-10-17,8800,9390,8800,9390,42133,0.29875518672199175
2025-10-20,12200,12200,8800,8800,476302,-0.06283280085197018
2025-10-21,8520,8520,8010,8150,201379,-0.07386363636363635
2025-10-22,8950,8950,8050,8200,125956,0.006134969325153339
2025-10-23,7850,8000,7700,7850,47927,-0.04268292682926833
2025-10-24,7700,8160,7700,8100,39091,0.031847133757961776
2025-10-27,7860,8500,7860,8410,45027,0.03827160493827164
2025-10-28,8310,8390,8100,8320,21238,-0.010701545778834753
2025-10-29,8280,8280,8000,8080,17714,-0.028846153846153855
2025-10-30,8000,8100,7840,7960,18056,-0.014851485148514865
2025-10-31,7820,7890,7620,7790,22372,-0.021356783919597944
2025-11-03,7610,7680,7570,7570,16063,-0.028241335044929428
2025-11-04,7470,7550,7400,7540,7439,-0.003963011889035695
2025-11-05,7500,7500,7230,7320,15892,-0.02917771883289122
2025-11-06,7350,7360,7270,7330,3813,0.001366120218579292
2025-11-07,7330,7330,7140,7220,8518,-0.01500682128240105
2025-11-10,7160,7390,7160,7390,3719,0.023545706371191244
2025-11-11,7330,7330,7240,7310,4006,-0.010825439783491153
2025-11-12,7150,7350,7150,7310,8820,0.0
2025-11-13,7220,7370,7220,7250,2714,-0.008207934336525335
2025-11-14,7230,8970,7230,8100,106078,0.11724137931034484
2025-11-17,7690,7850,7690,7730,25538,-0.04567901234567906
2025-11-18,7880,8300,7780,8200,29574,0.060802069857697205
2025-11-19,8020,8020,7610,7790,18932,-0.050000000000000044
2025-11-20,8050,8050,7730,7790,12782,0.0
2025-11-21,7980,8140,7760,7930,12130,0.01797175866495504
2025-11-24,8450,10270,8050,8880,122970,0.11979823455233296
2025-11-25,8530,8530,8270,8480,42924,-0.04504504504504503
2025-11-26,8800,11020,8800,9540,116326,0.125
2025-11-27,9400,11180,9050,10070,74573,0.05555555555555558
2025-11-28,10930,11390,10450,11290,72205,0.12115193644488587
2025-12-01,11020,11790,10810,11500,47487,0.01860053144375562
2025-12-02,11410,12300,11410,12300,42805,0.06956521739130439
2025-12-03,11860,12600,10850,10850,48122,-0.11788617886178865
2025-12-04,10170,10850,10170,10650,33310,-0.018433179723502335
2025-12-05,12210,12470,11450,11690,68491,0.09765258215962436
2025-12-08,11330,13100,11330,12570,54928,0.0752780153977759
2025-12-09,12340,12450,11840,11840,31005,-0.058074781225139205
2025-12-10,11670,12000,11000,11720,30555,-0.010135135135135087
2025-12-11,11550,11940,11000,11000,33791,-0.061433447098976135
2025-12-12,11000,11970,11000,11820,38067,0.07454545454545447
2025-12-15,11400,11950,11400,11400,15614,-0.035532994923857864
2025-12-16,11450,11500,11100,11210,15703,-0.01666666666666672
2025-12-17,11190,11190,10290,10290,34367,-0.08206958073148973
2025-12-18,9980,11770,9980,10400,58380,0.010689990281826933
2025-12-19,10400,11100,10260,10820,43770,0.04038461538461546
2025-12-22,10820,10820,10550,10800,16284,-0.001848428835489857
2025-12-23,11000,11000,10340,10460,14477,-0.031481481481481444
2025-12-24,10310,10890,10310,10500,16080,0.003824091778202643
2025-12-26,11320,13650,11320,13650,77214,0.30000000000000004
2025-12-29,16500,16500,11950,11950,147546,-0.12454212454212454
2025-12-30,10650,10650,9910,10010,104489,-0.16234309623430965
2026-01-02,9520,9520,8640,8650,48165,-0.13586413586413582
2026-01-05,8650,8650,8330,8500,20661,-0.017341040462427793
2026-01-06,8510,8510,8270,8340,25607,-0.018823529411764683
2026-01-07,8200,8200,7920,8060,24091,-0.033573141486810565
2026-01-08,8060,8060,7710,7720,15794,-0.04218362282878407
2026-01-09,7750,8450,7750,8200,28712,0.06217616580310881
2026-01-12,8300,8450,8200,8420,14099,0.02682926829268295
2026-01-13,8330,8350,8210,8280,8046,-0.016627078384798155
2026-01-14,8280,8280,7700,7980,16964,-0.036231884057971064
2026-01-15,7980,8000,7810,7990,12394,0.0012531328320801727
2026-01-16,8000,8000,7840,7960,9645,-0.003754693366708417
