Date,Open,High,Low,Close,Volume,Change
2022-01-03,8647,8853,8459,8853,150188,0.03338391502276172
2022-01-04,8942,9300,8808,9256,301076,0.04552129221732737
2022-01-05,9256,9256,8898,8943,133930,-0.03381590319792571
2022-01-06,8853,9032,8773,8943,125912,0.0
2022-01-07,8943,9121,8898,8943,69805,0.0
2022-01-10,8942,8942,8719,8764,67474,-0.020015654702001617
2022-01-11,8728,8862,8379,8460,92216,-0.03468735737106343
2022-01-12,8486,9837,8486,9077,659669,0.07293144208037816
2022-01-13,9210,9210,8790,8880,159219,-0.021703205905034717
2022-01-14,8790,9032,8719,8880,88509,0.0
2022-01-17,8898,8898,8630,8675,62273,-0.0230855855855856
2022-01-18,8665,8737,8415,8451,69233,-0.025821325648414994
2022-01-19,8326,8585,8227,8496,97570,0.005324813631522929
2022-01-20,8522,8620,8370,8451,90275,-0.005296610169491567
2022-01-21,8558,8710,8272,8523,115139,0.008519701810436597
2022-01-24,8495,8737,8397,8469,74985,-0.006335797254487852
2022-01-25,8496,8496,7744,8049,160228,-0.049592631951824284
2022-01-26,8173,8227,7941,7959,75114,-0.01118151323145733
2022-01-27,7958,8057,7467,7467,98750,-0.06181681115718052
2022-01-28,7521,8039,7494,8004,92701,0.0719164323021293
2022-02-03,8155,8638,8048,8451,122715,0.05584707646176912
2022-02-04,8469,8469,8138,8156,104734,-0.03490711158442783
2022-02-07,8226,8226,7913,8057,59882,-0.012138303089749836
2022-02-08,8057,8066,7815,7932,66427,-0.015514459476231868
2022-02-09,7940,9210,7896,8558,1213034,0.078920827029753
2022-02-10,8469,9122,8469,8505,513467,-0.006193035756017706
2022-02-11,8594,8701,8183,8192,135357,-0.03680188124632566
2022-02-14,8030,8066,7529,7646,122746,-0.066650390625
2022-02-15,7610,7717,7342,7342,85449,-0.03975935129479469
2022-02-16,7735,7932,7521,7709,65500,0.049986379733042874
2022-02-17,7735,7905,7163,7566,91721,-0.018549747048903886
2022-02-18,7386,7690,7386,7610,21622,0.005815490351572805
2022-02-21,7601,7994,7485,7673,87836,0.00827858081471744
2022-02-22,7521,7771,7494,7566,34867,-0.013945001954906777
2022-02-23,7636,7690,7502,7610,31953,0.005815490351572805
2022-02-24,7547,7547,7082,7181,125860,-0.056373193166885716
2022-02-25,7252,7333,7154,7208,46774,0.00375992201643216
2022-02-28,7208,7431,7208,7253,49177,0.0062430632630410265
2022-03-02,7207,7475,7207,7422,30867,0.02330070315731425
2022-03-03,7377,7664,7377,7664,54989,0.0326057666397197
2022-03-04,7663,7663,7449,7467,31566,-0.025704592901878875
2022-03-07,7404,7556,7342,7378,18601,-0.011919110753984219
2022-03-08,7377,7404,7217,7217,40630,-0.0218216318785579
2022-03-10,7269,7377,7216,7261,33017,0.006096716087016674
2022-03-11,7190,7512,7190,7414,69541,0.02107147775788465
2022-03-14,7556,8039,7431,7592,190728,0.02400863231723771
2022-03-15,7655,7977,7503,7673,162581,0.010669125395152745
2022-03-16,7842,7904,7627,7735,79294,0.008080281506581466
2022-03-17,7744,7932,7655,7870,84802,0.01745313510019386
2022-03-18,7878,7887,7762,7798,50614,-0.00914866581956797
2022-03-21,7825,7825,7628,7673,45480,-0.016029751218261112
2022-03-22,7672,7761,7547,7592,45513,-0.01055649680698556
2022-03-23,7566,7718,7449,7575,100953,-0.002239199157007321
2022-03-24,7914,8155,7565,7619,239013,0.005808580858085888
2022-03-25,7645,7744,7565,7637,68124,0.0023625147657173606
2022-03-28,7637,7699,7485,7512,65435,-0.016367683645410525
2022-03-29,7494,7592,7244,7244,157314,-0.035676251331203446
2022-03-30,7422,7645,7306,7324,116086,0.011043622308116952
2022-03-31,7261,7475,7261,7422,65311,0.013380666302566846
2022-04-01,7377,7449,7342,7351,36119,-0.009566154675289651
2022-04-04,7494,7494,7342,7396,41352,0.0061216161066521835
2022-04-05,7431,7556,7404,7512,55937,0.01568415359653863
2022-04-06,7493,7779,7493,7601,75508,0.011847710330138428
2022-04-07,7592,7592,7279,7315,109592,-0.0376266280752533
2022-04-08,7484,7484,7243,7261,79669,-0.007382091592617934
2022-04-11,7261,7306,7172,7199,42920,-0.008538768764632998
2022-04-12,7172,7288,7154,7190,40803,-0.0012501736352271697
2022-04-13,7207,7270,7181,7190,28067,0.0
2022-04-14,7199,7252,7172,7217,27633,0.003755215577190496
2022-04-15,7198,7198,7100,7145,39649,-0.009976444506027415
2022-04-18,7288,8137,7207,7458,1147038,0.04380685794261718
2022-04-19,7484,7520,7395,7440,76841,-0.002413515687851975
2022-04-20,7449,7619,7395,7512,97530,0.00967741935483879
2022-04-21,7548,7548,7378,7396,61721,-0.01544195953141636
2022-04-22,7431,7431,7226,7253,49119,-0.0193347755543537
2022-04-25,7171,7189,7109,7127,50708,-0.01737212188060111
2022-04-26,7171,7261,7109,7145,25133,0.002525606847200823
2022-04-27,6984,7198,6885,7020,61922,-0.017494751574527623
2022-04-28,7109,7109,6930,6984,44172,-0.00512820512820511
2022-04-29,6966,7118,6966,7002,36712,0.002577319587628857
2022-05-02,6930,7046,6921,6984,23518,-0.0025706940874036244
2022-05-03,7046,7064,6930,6984,31895,0.0
2022-05-04,6992,6992,6769,6814,69503,-0.024341351660939314
2022-05-06,6760,6813,6688,6796,27591,-0.00264162019371883
2022-05-09,6975,6975,6716,6752,28203,-0.0064743967039434525
2022-05-10,6671,6671,6287,6609,68311,-0.021178909952606628
2022-05-11,6528,6644,6439,6457,39831,-0.022998940838250825
2022-05-12,6447,6456,6125,6188,55719,-0.041660213721542494
2022-05-13,6187,6339,6125,6179,29206,-0.0014544279250161551
2022-05-16,6215,6394,6215,6260,28265,0.013108917300534095
2022-05-17,6385,6385,6215,6269,20007,0.0014376996805112174
2022-05-18,6269,6671,6269,6430,58244,0.025681926942096034
2022-05-19,6322,6670,6223,6349,37222,-0.012597200622084026
2022-05-20,6384,6536,6358,6376,17229,0.004252638210741955
2022-05-23,6519,6519,6358,6385,15054,0.0014115432873273992
2022-05-24,6411,6429,6214,6215,21837,-0.02662490211433044
2022-05-25,6277,6304,6188,6215,18779,0.0
2022-05-26,6215,6412,6215,6287,17751,0.01158487530168939
2022-05-27,6313,6420,6215,6260,26751,-0.00429457610943218
2022-05-30,6286,6456,6268,6394,25853,0.02140575079872198
2022-05-31,6447,6572,6402,6501,45005,0.01673443853612766
2022-06-02,6501,6555,6412,6430,15304,-0.010921396708198694
2022-06-03,6447,6546,6367,6403,14213,-0.004199066874028046
2022-06-07,6403,6403,6250,6251,27723,-0.023738872403560873
2022-06-08,6250,6340,6179,6224,29033,-0.004319308910574304
2022-06-09,6223,6250,6125,6179,26682,-0.007230077120822576
2022-06-10,6161,6313,6081,6117,29954,-0.010033986081890323
2022-06-13,6036,6036,5643,5670,83042,-0.07307503678273664
2022-06-14,5660,5713,5365,5544,97336,-0.022222222222222254
2022-06-15,5455,5625,5240,5321,60990,-0.04022366522366527
2022-06-16,5428,5526,5151,5151,57005,-0.03194888178913735
2022-06-17,5088,5321,4900,5196,50629,0.00873616773442043
2022-06-20,5311,5311,4712,4757,119071,-0.08448806774441875
2022-06-21,4855,4980,4730,4972,35112,0.04519655244902254
2022-06-22,4980,5168,4605,4659,57342,-0.06295253419147229
2022-06-23,4605,4694,4189,4270,89770,-0.08349431208413827
2022-06-24,4292,4533,4270,4525,50838,0.059718969555035084
2022-06-27,4552,4775,4543,4731,22799,0.04552486187845295
2022-06-28,4837,4837,4587,4659,15609,-0.015218769816106481
2022-06-29,4650,5177,4524,4972,213135,0.06718179866924223
2022-06-30,4990,5008,4695,4713,44974,-0.0520917135961384
2022-07-01,4694,5007,4457,4489,68970,-0.047528113727986376
2022-07-04,4525,4945,4426,4695,98104,0.04588995321897982
2022-07-05,4908,5052,4712,5052,94485,0.07603833865814691
2022-07-06,5043,5052,4837,4909,23634,-0.028305621536025338
2022-07-07,4909,5052,4820,4981,19538,0.014666938276634678
2022-07-08,4980,5275,4962,5097,63287,0.023288496285886362
2022-07-11,5178,5276,5008,5187,62041,0.017657445556209517
2022-07-12,5186,5195,4855,4945,51606,-0.046655099286678214
2022-07-13,4981,5625,4945,5196,284607,0.0507583417593529
2022-07-14,5195,5302,5034,5097,24840,-0.019053117782909967
2022-07-15,5141,5195,4962,5052,53647,-0.008828722778104758
2022-07-18,5186,5239,5007,5052,58205,0.0
2022-07-19,5097,5955,5097,5312,853528,0.051464766429137
2022-07-20,5330,5392,5249,5366,98081,0.01016566265060237
2022-07-21,5490,5714,5365,5428,194498,0.011554230339172467
2022-07-22,5580,5705,5240,5294,99771,-0.024686809137803967
2022-07-25,5293,5338,5070,5106,72174,-0.03551190026445028
2022-07-26,5160,5446,5097,5169,84505,0.012338425381903662
2022-07-27,5177,5293,5168,5231,26452,0.011994583091507138
2022-07-28,5392,5500,5258,5366,66703,0.02580768495507546
2022-07-29,5445,5445,5258,5276,24604,-0.01677226984718594
2022-08-01,5240,5365,5195,5339,20589,0.011940864291129616
2022-08-02,5320,5365,5267,5276,45930,-0.011799962539801423
2022-08-03,5294,5651,5294,5473,83350,0.03733889310083405
2022-08-04,5472,5544,5437,5455,34733,-0.003288872647542518
2022-08-05,5508,5705,5446,5634,29310,0.03281393217231887
2022-08-08,5625,5812,5526,5652,46669,0.0031948881789136685
2022-08-09,5633,5704,5383,5544,55196,-0.019108280254777066
2022-08-10,5526,5526,5285,5294,59605,-0.045093795093795075
2022-08-11,5338,5392,5186,5267,50785,-0.005100113335851919
2022-08-12,5266,5347,5159,5222,29477,-0.008543763052971332
2022-08-16,5266,5347,5168,5231,24878,0.0017234775947911896
2022-08-17,5249,5249,5097,5178,48220,-0.01013190594532598
2022-08-18,5097,5285,5016,5151,32719,-0.005214368482039378
2022-08-19,5284,5284,5061,5088,22672,-0.012230634828188647
2022-08-22,5087,5123,4766,4775,80492,-0.06151729559748431
2022-08-23,4757,4793,4605,4641,35691,-0.02806282722513087
2022-08-24,4686,4766,4552,4561,25430,-0.017237664296487876
2022-08-25,4667,4676,4587,4623,17804,0.013593510195132552
2022-08-26,4712,4801,4667,4739,37644,0.025091931646117338
2022-08-29,4488,4649,4488,4605,26231,-0.028276007596539365
2022-08-30,4569,4721,4569,4614,14562,0.00195439739413672
2022-08-31,4614,4739,4560,4632,20183,0.0039011703511053764
2022-09-01,4775,4775,4489,4525,33290,-0.02310017271157172
2022-09-02,4533,4569,4462,4471,26787,-0.01193370165745855
2022-09-05,4507,5768,4471,5500,2722247,0.23014985461865356
2022-09-06,5812,5946,5186,5428,953028,-0.013090909090909042
2022-09-07,5571,5571,5052,5133,389010,-0.05434782608695654
2022-09-08,5141,5222,4820,4820,202018,-0.060977985583479444
2022-09-13,4882,5025,4775,4793,108721,-0.0056016597510373245
2022-09-14,4650,4793,4578,4722,61127,-0.014813269351137026
2022-09-15,4855,4855,4596,4623,44282,-0.02096569250317659
2022-09-16,4677,5329,4623,4686,640241,0.013627514600908608
2022-09-19,4775,4775,4507,4552,71458,-0.028595817328211703
2022-09-20,4569,4668,4525,4552,32329,0.0
2022-09-21,4560,4614,4471,4471,37530,-0.017794376098418274
2022-09-22,4363,4470,4291,4435,43784,-0.008051889957503944
2022-09-23,4542,4542,4341,4364,40151,-0.016009019165727167
2022-09-26,4355,4355,4015,4087,84346,-0.0634738771769019
2022-09-27,4086,4167,3983,4051,39837,-0.00880841693173473
2022-09-28,4024,4153,3863,3890,45872,-0.039743273265860246
2022-09-29,3903,4082,3894,3984,41991,0.02416452442159378
2022-09-30,3957,3965,3800,3881,18084,-0.025853413654618462
2022-10-04,3889,3997,3844,3997,31716,0.02988920381345017
2022-10-05,4042,4060,3894,3908,16880,-0.022266700025018737
2022-10-06,3912,4100,3863,4078,30043,0.04350051177072678
2022-10-07,4073,4158,4015,4042,18915,-0.008827856792545385
2022-10-11,4001,4001,3670,3742,28624,-0.07422068283028205
2022-10-12,3706,3742,3666,3693,12606,-0.013094601817210005
2022-10-13,3674,3701,3469,3487,53429,-0.055781207690224766
2022-10-14,3492,3662,3492,3622,37780,0.03871522798967586
2022-10-17,3621,3657,3460,3617,22957,-0.001380452788514619
2022-10-18,3634,3777,3634,3742,14144,0.03455902681780487
2022-10-19,3791,4242,3755,3876,115517,0.035809727418492754
2022-10-20,3974,3974,3626,3626,20566,-0.06449948400412797
2022-10-21,3594,3720,3586,3586,15173,-0.01103143960286812
2022-10-24,3595,3738,3595,3698,14616,0.031232571109871765
2022-10-25,3733,3836,3680,3689,16610,-0.0024337479718766764
2022-10-26,3675,3737,3648,3653,17935,-0.009758742206560034
2022-10-27,3652,3800,3652,3724,13989,0.01943607993430052
2022-10-28,3943,3943,3706,3742,19349,0.004833512352309333
2022-10-31,3930,3930,3756,3765,17234,0.006146445750935259
2022-11-01,3756,3800,3756,3774,10167,0.0023904382470119057
2022-11-02,3778,3979,3702,3765,32428,-0.0023847376788552754
2022-11-03,3630,3934,3630,3850,12148,0.02257636122177953
2022-11-04,3934,3934,3710,3800,11145,-0.012987012987012991
2022-11-07,3768,3844,3710,3836,13262,0.0094736842105263
2022-11-08,3876,3956,3800,3921,18091,0.0221584984358707
2022-11-09,3934,3965,3916,3921,19528,0.0
2022-11-10,3934,3934,3804,3885,23047,-0.009181331293037442
2022-11-11,3907,3992,3907,3948,29151,0.016216216216216273
2022-11-14,3952,4086,3845,3939,35538,-0.0022796352583586144
2022-11-15,3978,4059,3938,4046,14141,0.027164254887027228
2022-11-16,4091,4172,3984,4172,24939,0.03114186851211076
2022-11-17,4131,4180,4095,4127,22194,-0.010786193672099764
2022-11-18,4091,4117,4024,4024,16882,-0.02495759631693728
2022-11-21,4033,4033,3903,3975,15351,-0.012176938369781287
2022-11-22,3934,4010,3912,3984,8019,0.0022641509433962703
2022-11-23,3948,4011,3926,3944,12602,-0.010040160642570295
2022-11-24,3813,4193,3813,3997,57131,0.01343813387423931
2022-11-25,4238,4243,4060,4078,67194,0.02026519889917444
2022-11-28,4077,4122,3979,4006,21024,-0.01765571358509077
2022-11-29,4006,4131,3943,4069,7872,0.01572641038442346
2022-11-30,4068,4126,4032,4073,13648,0.0009830425165888723
2022-12-01,4104,4140,4095,4100,11650,0.006629020378099648
2022-12-02,4100,4193,4019,4185,16905,0.02073170731707319
2022-12-05,4185,4256,4118,4221,34007,0.008602150537634357
2022-12-06,4202,4202,4113,4140,6754,-0.019189765458422214
2022-12-07,4139,4153,4059,4104,6956,-0.008695652173912993
2022-12-08,4108,4108,3960,4028,9900,-0.01851851851851849
2022-12-09,3993,4051,3943,4020,12742,-0.0019860973187686426
2022-12-12,4060,4060,3943,4002,13577,-0.004477611940298498
2022-12-13,3961,4090,3943,3979,12600,-0.005747126436781658
2022-12-14,3983,4265,3983,4073,27370,0.023624026137220477
2022-12-15,4077,4099,4006,4015,16105,-0.014240117849251166
2022-12-16,4015,4274,3934,4024,92933,0.0022415940224158604
2022-12-19,4023,4189,3952,4082,41762,0.014413518886679855
2022-12-20,3970,4068,3800,4024,28780,-0.014208721215090647
2022-12-21,4068,4260,3867,4055,119661,0.007703777335984041
2022-12-22,4144,4180,4042,4042,27589,-0.00320591861898889
2022-12-23,4082,4082,3675,3778,35305,-0.06531420089064821
2022-12-26,3778,3778,3644,3653,25847,-0.03308628904182109
2022-12-27,3652,3728,3652,3715,12838,0.016972351491924442
2022-12-28,3737,3773,3679,3742,13018,0.007267833109017463
2022-12-29,3697,3782,3608,3693,24941,-0.013094601817210005
2023-01-02,3920,4059,3737,3800,71992,0.028973734091524594
2023-01-03,3853,3970,3719,3742,37182,-0.015263157894736867
2023-01-04,3755,3845,3755,3814,26456,0.019241047568145486
2023-01-05,3813,3916,3759,3809,29710,-0.0013109596224436526
2023-01-06,3809,3930,3773,3881,24297,0.018902599107377238
2023-01-09,3845,4471,3845,4261,717652,0.09791290904406091
2023-01-10,4319,4381,4202,4261,101904,0.0
2023-01-11,4364,4417,4279,4324,106960,0.014785261675662964
2023-01-12,4368,4390,4297,4306,40683,-0.004162812210915856
2023-01-13,4301,4395,4292,4319,38380,0.003019043195541027
2023-01-16,4318,4443,4318,4426,59694,0.024774253299374882
2023-01-17,4408,4466,4408,4422,38199,-0.0009037505648441524
2023-01-18,4466,4613,4412,4453,88029,0.007010402532790616
2023-01-19,4452,4497,4113,4444,84334,-0.002021109364473417
2023-01-20,4695,4864,4399,4543,293768,0.022277227722772297
2023-01-25,4542,4640,4470,4596,58805,0.011666299801893043
2023-01-26,4694,5382,4596,4918,753822,0.07006092254134022
2023-01-27,4918,5222,4748,4883,143895,-0.007116714111427447
2023-01-30,4971,4971,4703,4766,63620,-0.02396067990989148
2023-01-31,4873,5687,4820,5455,1357436,0.1445656735207721
2023-02-01,5454,5848,5347,5544,611270,0.016315307057745088
2023-02-02,5571,5804,5437,5661,212701,0.02110389610389607
2023-02-03,5741,5741,5455,5652,152065,-0.0015898251192368873
2023-02-06,5633,5633,5231,5240,178336,-0.07289455060155692
2023-02-07,5284,5392,5043,5267,100174,0.005152671755725091
2023-02-08,5231,5410,5177,5312,63771,0.00854376305297122
2023-02-09,5312,5357,5169,5357,40633,0.008471385542168752
2023-02-10,5374,5383,5035,5035,161204,-0.06010826955385473
2023-02-13,5034,5213,4927,5160,65229,0.02482621648460781
2023-02-14,5159,5239,4998,5070,43623,-0.01744186046511631
2023-02-15,5114,5168,4935,5061,64693,-0.0017751479289941363
2023-02-16,5446,5446,4954,4999,184273,-0.012250543370875278
2023-02-17,4783,4891,4712,4748,87298,-0.050210042008401734
2023-02-20,4748,5544,4694,4981,620026,0.04907329401853411
2023-02-21,5061,5114,4748,4757,162763,-0.044970889379642665
2023-02-22,4712,5276,4596,4856,325955,0.02081143577885225
2023-02-23,5123,5356,4936,4963,252552,0.022034596375617888
2023-02-24,4972,6439,4972,6135,3534062,0.23614749143663105
2023-02-27,5911,5964,5607,5634,491959,-0.0816625916870416
2023-02-28,5553,6564,5499,6430,2192042,0.1412850550230742
2023-03-02,6483,6939,6286,6367,1228952,-0.009797822706065329
2023-03-03,6545,6653,5973,6036,734881,-0.05198680697345692
2023-03-06,6045,6143,5580,5983,333959,-0.008780649436713084
2023-03-07,5866,6054,5687,5956,175135,-0.004512786227644949
2023-03-08,5857,5857,5669,5813,70588,-0.02400940228341164
2023-03-09,5750,5776,5499,5607,106413,-0.035437811801135366
2023-03-10,5508,5598,5392,5455,71798,-0.02710897092919562
2023-03-13,5436,5526,5177,5526,66635,0.01301558203483033
2023-03-14,5463,5463,5088,5106,115537,-0.07600434310532034
2023-03-15,5142,5321,5142,5205,39901,0.019388954171562833
2023-03-16,5141,5329,4927,5276,61958,0.013640730067242979
2023-03-17,5356,5580,5186,5500,77579,0.04245640636846093
2023-03-20,5544,5651,5409,5544,55462,0.008000000000000007
2023-03-21,5570,5624,5410,5410,48929,-0.024170274170274175
2023-03-22,5579,5579,5168,5240,53464,-0.031423290203327126
2023-03-23,5186,5221,5016,5052,84822,-0.03587786259541981
2023-03-24,5034,5320,5016,5249,55048,0.03899445764053833
2023-03-27,5239,5311,5007,5213,62978,-0.00685844922842449
2023-03-28,5097,5356,5097,5169,29315,-0.00844043736811817
2023-03-29,5186,5258,5034,5142,50116,-0.0052234474753337645
2023-03-30,5222,5239,5025,5079,60665,-0.01225204200700114
2023-03-31,5159,5159,4846,4918,101316,-0.03169915337664897
2023-04-03,4918,4935,4774,4918,59755,0.0
2023-04-04,4918,5177,4918,5133,73033,0.043716958113054094
2023-04-05,5132,5374,5097,5276,78688,0.0278589518799921
2023-04-06,5294,5294,5026,5026,49712,-0.047384382107657275
2023-04-07,5034,5061,4837,4954,58058,-0.014325507361719114
2023-04-10,4945,4954,4713,4731,67540,-0.04501412999596288
2023-04-11,4703,4837,4622,4775,59769,0.009300359332065078
2023-04-12,4694,4864,4623,4847,51345,0.015078534031413682
2023-04-13,4846,5186,4828,5061,44626,0.04415102125025783
2023-04-14,5061,5284,4962,5079,61723,0.003556609365737984
2023-04-17,5142,5142,4891,5044,38556,-0.006891120299271525
2023-04-18,5285,5357,4892,4892,122837,-0.030134813639968283
2023-04-19,4891,4891,4775,4811,34832,-0.0165576451349142
2023-04-20,4801,4801,4578,4587,101053,-0.046559966742880876
2023-04-21,4480,4677,4471,4525,37628,-0.013516459559624994
2023-04-24,4560,4586,4399,4426,41573,-0.021878453038674084
2023-04-25,4569,4569,4265,4400,52123,-0.0058743786714866575
2023-04-26,4457,4457,4265,4292,36989,-0.024545454545454537
2023-04-27,4229,4372,4211,4265,28916,-0.0062907735321527936
2023-04-28,4247,4319,4135,4176,36746,-0.02086752637749123
2023-05-02,4153,4274,4028,4194,21545,0.004310344827586299
2023-05-03,4104,4318,4104,4104,17064,-0.02145922746781115
2023-05-04,4055,4632,4015,4346,149876,0.058966861598440445
2023-05-08,4382,4757,4350,4409,72276,0.014496088357109915
2023-05-09,4431,4431,4212,4248,31038,-0.03651621682921302
2023-05-10,4171,4328,4122,4248,18164,0.0
2023-05-11,4248,4561,4158,4333,67342,0.020009416195856833
2023-05-12,4332,4471,4211,4252,14311,-0.018693745672744067
2023-05-15,4252,4372,4073,4279,42069,0.006349952963311312
2023-05-16,4270,4274,4127,4154,24987,-0.02921243281140451
2023-05-17,4154,4471,4149,4409,38263,0.06138661531054401
2023-05-18,4409,4471,4337,4409,16664,0.0
2023-05-19,4408,4471,4368,4422,13045,0.0029485144023588816
2023-05-22,4422,4471,4404,4422,11215,0.0
2023-05-23,4422,4802,4422,4552,48086,0.029398462234283107
2023-05-24,4524,4658,4506,4578,26352,0.005711775043936829
2023-05-25,4596,4596,4368,4368,18119,-0.04587155963302747
2023-05-26,4452,4542,4368,4368,21724,0.0
2023-05-30,4569,4569,4399,4525,25916,0.03594322344322354
2023-05-31,4533,4569,4430,4489,20150,-0.007955801104972404
2023-06-01,4489,4560,4373,4534,12980,0.010024504343951968
2023-06-02,4507,4694,4462,4534,68400,0.0
2023-06-05,4471,4533,4399,4440,26235,-0.020732245258050286
2023-06-07,4399,5052,4390,4793,296532,0.07950450450450441
2023-06-08,4694,5007,4659,4659,101674,-0.02795743793031502
2023-06-09,4677,5142,4677,4892,159684,0.05001073191672023
2023-06-12,4891,4998,4739,4784,47761,-0.022076860179885527
2023-06-13,4784,4802,4587,4686,59481,-0.020484949832775934
2023-06-14,4685,4784,4524,4632,63417,-0.011523687580025643
2023-06-15,4632,4757,4524,4641,24051,0.0019430051813471572
2023-06-16,4604,4712,4399,4587,25744,-0.011635423400129241
2023-06-19,4551,4658,4435,4471,28560,-0.025288859821233967
2023-06-20,4524,4784,4480,4668,66271,0.04406173115634093
2023-06-21,4668,4739,4516,4525,30933,-0.03063410454155957
2023-06-22,4471,4632,4471,4507,18073,-0.003977900552486147
2023-06-23,4480,4918,4480,4668,107112,0.03572220989571773
2023-06-26,4775,5016,4605,4981,167562,0.06705227077977716
2023-06-27,4962,5016,4542,4578,113060,-0.08090744830355345
2023-06-28,4596,4882,4515,4820,167721,0.052861511577107834
2023-06-29,4694,4793,4332,4431,102270,-0.08070539419087142
2023-06-30,4430,4430,4229,4310,68122,-0.027307605506657673
2023-07-03,4300,4381,4247,4265,26999,-0.01044083526682138
2023-07-04,4283,4323,4247,4283,12854,0.004220398593200558
2023-07-05,4274,4341,4261,4297,13117,0.003268736866682165
2023-07-06,4269,4354,4117,4149,27014,-0.0344426343960903
2023-07-07,4073,4149,4024,4042,21702,-0.025789346830561555
2023-07-10,3957,4149,3957,4087,12874,0.01113310242454224
2023-07-11,4087,4203,4046,4096,10182,0.002202104232933655
2023-07-12,4095,4193,3988,4033,24708,-0.015380859375
2023-07-13,4131,4131,4024,4042,14891,0.002231589387552635
2023-07-14,4131,4131,4015,4069,13460,0.006679861454725433
2023-07-17,4073,4073,3961,3975,20193,-0.023101499139837833
2023-07-18,3975,4037,3890,3926,24044,-0.012327044025157274
2023-07-19,3925,4918,3818,4440,1082928,0.13092205807437596
2023-07-20,4453,5043,4225,4972,433275,0.11981981981981993
2023-07-21,4963,5294,4855,5151,312613,0.03600160901045846
2023-07-24,5150,5150,4748,4909,125767,-0.046981168705105825
2023-07-25,4855,4864,4292,4431,227181,-0.09737217355876959
2023-07-26,4430,4430,3987,4046,147771,-0.08688783570300163
2023-07-27,3902,4180,3902,4113,126840,0.016559565002471688
2023-07-28,4073,4274,4023,4158,64934,0.010940919037199182
2023-07-31,4194,4234,4068,4194,55026,0.008658008658008587
2023-08-01,4234,4650,4234,4449,94355,0.0608011444921317
2023-08-02,4694,4963,4431,4516,276193,0.015059563946954402
2023-08-03,4551,4596,4297,4382,80308,-0.02967227635075287
2023-08-04,4421,4560,4247,4301,57034,-0.018484710178000907
2023-08-07,4301,4381,4158,4203,43853,-0.022785398744478047
2023-08-08,4225,4332,4033,4087,63119,-0.02759933380918389
2023-08-09,4086,4310,4073,4310,32327,0.054563249327134855
2023-08-10,4265,4336,4099,4328,54029,0.004176334106728463
2023-08-11,4328,4422,4261,4382,38703,0.012476894639556368
2023-08-14,4426,4426,4265,4288,31460,-0.021451392058420837
2023-08-16,4242,4274,4055,4082,48342,-0.04804104477611937
2023-08-17,4082,4212,3979,4181,35649,0.02425281724644779
2023-08-18,4113,4157,4010,4055,30807,-0.030136331021286766
2023-08-21,3997,4274,3997,4185,27318,0.03205918618988912
2023-08-22,4176,4328,3943,4176,28648,-0.0021505376344086446
2023-08-23,4381,4381,4144,4221,35219,0.010775862068965525
2023-08-24,4274,4417,4229,4368,47576,0.03482587064676612
2023-08-25,4412,4412,4224,4292,17788,-0.01739926739926745
2023-08-28,4283,4368,4216,4239,19829,-0.012348555452003751
2023-08-29,4233,4327,4175,4292,24184,0.012502948808681191
2023-08-30,4372,4802,4252,4677,178970,0.08970177073625352
2023-08-31,4515,4650,4194,4194,245237,-0.10327132777421422
2023-09-01,4202,4202,4045,4104,82496,-0.02145922746781115
2023-09-04,4104,4256,4104,4230,36608,0.030701754385964897
2023-09-05,4230,4315,4136,4239,36798,0.0021276595744681437
2023-09-06,4323,5508,4243,5133,2574102,0.21089879688605806
2023-09-07,5088,5097,4739,4963,472711,-0.03311903370348723
2023-09-08,4829,5320,4739,4999,885053,0.007253677211364051
2023-09-11,5061,5204,4882,5142,364386,0.02860572114422877
2023-09-12,4207,4251,3603,3626,1278573,-0.294826915597044
2023-09-13,3626,3639,3487,3546,225423,-0.022062879205736352
2023-09-14,3572,3751,3518,3693,187809,0.04145516074450084
2023-09-15,3666,3984,3648,3944,262485,0.06796642296236133
2023-09-18,3943,4261,3899,4154,176479,0.05324543610547661
2023-09-19,4238,4247,3952,4158,121026,0.000962927298988836
2023-09-20,4109,4118,3859,3859,85866,-0.07190957190957192
2023-09-21,3858,4157,3782,3912,73461,0.013734128012438562
2023-09-22,3809,4086,3809,3890,28004,-0.005623721881390598
2023-09-25,3890,3930,3702,3707,57963,-0.047043701799485915
2023-09-26,3845,3925,3630,3662,57251,-0.012139196115457218
2023-09-27,3755,3827,3644,3814,29207,0.04150737302020757
2023-10-04,3778,4126,3523,3577,99820,-0.06213948610382802
2023-10-05,3577,3715,3474,3595,48177,0.005032149846239786
2023-10-06,3487,3692,3478,3532,24221,-0.017524339360222574
2023-10-10,3549,3755,3348,3353,67660,-0.05067950169875424
2023-10-11,3482,3482,3317,3353,87940,0.0
2023-10-12,3384,3572,3357,3541,37813,0.056069191768565396
2023-10-13,3563,3563,3362,3376,41364,-0.046597006495340265
2023-10-16,3460,3460,3142,3183,56261,-0.05716824644549767
2023-10-17,3263,3576,3223,3241,65083,0.018221803330191744
2023-10-18,3286,3384,3223,3255,28167,0.004319654427645814
2023-10-19,3379,3379,2870,3040,66727,-0.0660522273425499
2023-10-20,3017,3035,2897,2933,25451,-0.03519736842105259
2023-10-23,2861,2995,2772,2942,30671,0.003068530514831247
2023-10-24,2950,3035,2798,2991,18546,0.01665533650577844
2023-10-25,3040,3116,2897,2978,19649,-0.004346372450685365
2023-10-26,2910,2910,2811,2879,21206,-0.03324378777703152
2023-10-27,2869,2972,2852,2928,21190,0.017019798541160203
2023-10-30,2861,3075,2861,3058,52767,0.0443989071038251
2023-10-31,3013,3246,2884,2920,49554,-0.04512753433616745
2023-11-01,3195,3195,2855,2880,49278,-0.013698630136986356
2023-11-02,2900,3065,2870,3030,41033,0.05208333333333326
2023-11-03,3075,3185,2990,3120,38830,0.02970297029702973
2023-11-06,3120,3180,3015,3095,24037,-0.008012820512820484
2023-11-07,3100,3120,3005,3065,10783,-0.009693053311793265
2023-11-08,3005,3200,2975,3050,10657,-0.004893964110929905
2023-11-09,3070,3080,2990,3020,13234,-0.00983606557377048
2023-11-10,3020,3020,2825,2960,30234,-0.019867549668874163
2023-11-13,2935,2975,2660,2970,60681,0.0033783783783782884
2023-11-14,2855,2990,2825,2975,27900,0.0016835016835017313
2023-11-15,2980,3190,2940,3070,76537,0.031932773109243806
2023-11-16,3070,3110,2985,3015,31097,-0.01791530944625408
2023-11-17,3015,3015,2875,2910,23728,-0.03482587064676612
2023-11-20,3045,3045,2770,2885,15969,-0.00859106529209619
2023-11-21,2970,3010,2740,2760,210450,-0.04332755632582319
2023-11-22,2770,2775,2615,2690,85735,-0.025362318840579712
2023-11-23,2720,2910,2580,2685,215803,-0.0018587360594795044
2023-11-24,2700,2705,2640,2680,31476,-0.0018621973929237035
2023-11-27,2750,2750,2630,2690,54611,0.003731343283582156
2023-11-28,2690,2745,2650,2680,43643,-0.0037174721189591198
2023-11-29,2690,2720,2650,2720,52959,0.014925373134328401
2023-11-30,2700,2745,2680,2695,37072,-0.009191176470588203
2023-12-01,2700,2795,2640,2670,120619,-0.00927643784786647
2023-12-04,2670,2690,2560,2620,97725,-0.01872659176029967
2023-12-05,2620,2620,2505,2560,58696,-0.022900763358778664
2023-12-06,2555,2635,2470,2595,100858,0.013671875
2023-12-07,2595,2640,2500,2570,28295,-0.009633911368015391
2023-12-08,2575,2580,2465,2485,33882,-0.03307392996108949
2023-12-11,2485,2560,2485,2540,34067,0.02213279678068414
2023-12-12,2545,2545,2495,2520,15561,-0.007874015748031482
2023-12-13,2520,2570,2490,2500,24636,-0.007936507936507908
2023-12-14,2500,2540,2465,2535,30861,0.014000000000000012
2023-12-15,2545,2545,2395,2495,42118,-0.015779092702169595
2023-12-18,2535,2540,2465,2540,23761,0.018036072144288484
2023-12-19,2540,2560,2450,2515,13497,-0.009842519685039353
2023-12-20,2535,2730,2520,2705,122293,0.07554671968190863
2023-12-21,2710,2750,2630,2725,68567,0.007393715341959428
2023-12-22,2725,2755,2605,2705,53720,-0.007339449541284404
2023-12-26,2800,3345,2750,3345,1141835,0.23659889094269881
2023-12-27,2345,2440,2345,2345,3233051,-0.29895366218236175
2023-12-28,2145,2300,2080,2265,1891430,-0.034115138592750505
2024-01-02,2220,2325,2145,2275,625192,0.004415011037527616
2024-01-03,2245,2300,2205,2215,340457,-0.02637362637362639
2024-01-04,2225,2235,2085,2105,470240,-0.04966139954853277
2024-01-05,2105,2135,2085,2115,199302,0.004750593824228044
2024-01-08,2110,2125,2080,2115,199683,0.0
2024-01-09,2120,2180,2090,2160,278611,0.02127659574468077
2024-01-10,2150,2175,2085,2085,229003,-0.03472222222222221
2024-01-11,2090,2145,2065,2135,175387,0.023980815347721895
2024-01-12,2130,2130,2070,2100,158076,-0.016393442622950838
2024-01-15,2085,2125,2055,2060,159721,-0.01904761904761909
2024-01-16,2060,2090,1999,2000,265621,-0.029126213592232997
2024-01-17,2005,2025,1927,1950,247389,-0.025000000000000022
2024-01-18,1937,1985,1919,1939,150147,-0.005641025641025643
2024-01-19,1940,1994,1936,1954,92189,0.0077359463641051285
2024-01-22,1966,2160,1960,2075,377032,0.06192425793244616
2024-01-23,2060,2240,2040,2170,677925,0.04578313253012056
2024-01-24,2145,2200,2025,2130,169563,-0.018433179723502335
2024-01-25,2145,2165,2045,2075,114360,-0.025821596244131495
2024-01-26,2070,2085,2025,2050,57099,-0.012048192771084376
2024-01-29,2070,2155,2040,2135,233639,0.04146341463414638
2024-01-30,2160,2270,2060,2115,563924,-0.00936768149882905
2024-01-31,2115,2125,1998,2030,190925,-0.04018912529550822
2024-02-01,2020,2100,1997,2045,292332,0.00738916256157629
2024-02-02,2045,2100,2000,2035,131351,-0.004889975550122272
2024-02-05,2000,2025,1959,1969,193448,-0.032432432432432434
2024-02-06,1969,1969,1909,1950,112312,-0.00964956830878616
2024-02-07,1937,1975,1907,1922,98158,-0.014358974358974375
2024-02-08,1922,1947,1905,1909,101155,-0.006763787721123848
2024-02-13,1939,1977,1912,1958,110262,0.02566788894709271
2024-02-14,1951,1954,1922,1934,50901,-0.012257405515832431
2024-02-15,2000,2510,2000,2510,2495088,0.2978283350568769
2024-02-16,2510,2815,2330,2635,10854315,0.04980079681274896
2024-02-19,2770,2800,2545,2555,2765298,-0.030360531309297945
2024-02-20,2530,2540,2400,2440,765487,-0.045009784735812186
2024-02-21,2460,2490,2265,2295,814899,-0.05942622950819676
2024-02-22,2315,2340,2195,2245,501637,-0.02178649237472763
2024-02-23,2245,2890,2205,2600,8500095,0.15812917594654796
2024-02-26,2915,3025,2545,2560,2943064,-0.01538461538461533
2024-02-27,2565,2600,2415,2485,639601,-0.029296875
2024-02-28,2480,2485,2355,2400,354908,-0.03420523138832998
2024-02-29,2400,2455,2330,2345,354667,-0.022916666666666696
2024-03-04,2490,2665,2280,2345,823340,0.0
2024-03-05,2435,2675,2360,2365,1421980,0.008528784648187626
2024-03-06,2365,2485,2300,2355,387560,-0.0042283298097252064
2024-03-07,2380,2380,2085,2130,718370,-0.09554140127388533
2024-03-08,2130,2155,2010,2110,299363,-0.009389671361502372
2024-03-11,2120,2215,2060,2105,182703,-0.0023696682464454666
2024-03-12,2125,2270,2085,2155,307169,0.02375296912114022
2024-03-13,2160,2220,2120,2145,177543,-0.004640371229698403
2024-03-14,2140,2220,2100,2140,188139,-0.002331002331002363
2024-03-15,2135,2185,2080,2120,144338,-0.009345794392523366
2024-03-18,2125,2155,2025,2055,238408,-0.030660377358490587
2024-03-19,2070,2070,1974,1992,391267,-0.03065693430656935
2024-03-20,2005,2035,1975,1981,162050,-0.005522088353413612
2024-03-21,1981,2270,1977,2180,765134,0.10045431600201926
2024-03-22,2160,2240,2125,2170,141496,-0.004587155963302725
2024-03-25,2155,2190,2090,2140,198033,-0.01382488479262678
2024-03-26,2120,2170,2060,2075,204175,-0.030373831775700966
2024-03-27,2075,2100,2000,2010,208803,-0.031325301204819245
2024-03-28,2040,2040,1995,2000,107491,-0.00497512437810943
2024-03-29,2000,2145,1997,2055,161497,0.02750000000000008
2024-04-01,2060,2165,2055,2125,144799,0.03406326034063256
2024-04-02,2105,2160,2070,2105,109848,-0.009411764705882342
2024-04-03,2105,2180,2040,2045,143948,-0.028503562945368155
2024-04-04,2025,2085,1995,2015,128427,-0.014669926650366705
2024-04-05,1996,2045,1991,2025,68255,0.00496277915632759
2024-04-08,2020,2020,1941,1958,103153,-0.03308641975308646
2024-04-09,1958,1980,1940,1952,60900,-0.003064351378958108
2024-04-11,1961,1975,1920,1929,84124,-0.011782786885245922
2024-04-12,1946,1963,1909,1935,113146,0.0031104199066873672
2024-04-15,1934,1934,1851,1874,88763,-0.031524547803617575
2024-04-16,1945,1945,1877,1910,72442,0.019210245464247544
2024-04-17,1901,2080,1891,1942,140056,0.01675392670157061
2024-04-18,1942,2055,1942,2030,108526,0.04531410916580847
2024-04-19,2030,2070,1963,1963,91003,-0.033004926108374355
2024-04-22,1946,1991,1945,1964,38345,0.0005094243504839557
2024-04-23,1962,1988,1934,1940,55637,-0.012219959266802416
2024-04-24,1941,1970,1928,1938,64915,-0.0010309278350515427
2024-04-25,1933,1933,1892,1901,70871,-0.01909184726522184
2024-04-26,1901,1917,1868,1897,102627,-0.002104155707522315
2024-04-29,1915,1947,1900,1938,47132,0.021613073273589967
2024-04-30,1935,1988,1930,1964,55028,0.013415892672858698
2024-05-02,1964,1989,1895,1906,872544,-0.029531568228105876
2024-05-03,1906,1922,1873,1897,130417,-0.004721930745015701
2024-05-07,1879,1910,1874,1900,100202,0.001581444385872377
2024-05-08,1924,1924,1889,1906,65904,0.0031578947368420263
2024-05-09,1917,1925,1872,1881,96683,-0.013116474291710367
2024-05-10,1897,1935,1881,1920,106252,0.020733652312599604
2024-05-13,1925,1959,1895,1914,80201,-0.0031250000000000444
2024-05-14,1914,2030,1900,1967,245438,0.02769070010449326
2024-05-16,1972,2005,1941,2005,257482,0.01931875953228257
