Date,Open,High,Low,Close,Volume,Change
2022-01-03,4205,4280,4135,4175,102023,0.0
2022-01-04,4200,4300,4195,4250,95649,0.017964071856287456
2022-01-05,4250,4300,4225,4280,103924,0.007058823529411784
2022-01-06,4195,4250,4135,4170,80255,-0.025700934579439227
2022-01-07,4170,4235,4165,4225,37918,0.01318944844124692
2022-01-10,4225,4240,4150,4195,32292,-0.007100591715976323
2022-01-11,4185,4185,4070,4080,60470,-0.0274135876042908
2022-01-12,4080,4225,4080,4160,62101,0.019607843137254832
2022-01-13,4175,4205,4145,4185,28594,0.006009615384615419
2022-01-14,4180,4180,4055,4130,33055,-0.01314217443249699
2022-01-17,4090,4120,4045,4080,27292,-0.01210653753026636
2022-01-18,4020,4120,3955,4000,47861,-0.019607843137254943
2022-01-19,3875,3980,3840,3840,52807,-0.040000000000000036
2022-01-20,3845,3990,3835,3990,30782,0.0390625
2022-01-21,3990,3990,3895,3950,34976,-0.010025062656641603
2022-01-24,3950,3950,3750,3770,66927,-0.04556962025316458
2022-01-25,3770,3810,3490,3540,132724,-0.06100795755968169
2022-01-26,3505,3640,3505,3600,42104,0.016949152542372836
2022-01-27,3605,3650,3470,3590,53507,-0.002777777777777768
2022-01-28,3550,3640,3455,3640,48842,0.013927576601671321
2022-02-03,3695,3760,3675,3720,34341,0.0219780219780219
2022-02-04,3720,3795,3705,3785,29765,0.017473118279569988
2022-02-07,3790,3800,3725,3795,15577,0.0026420079260238705
2022-02-08,3775,3850,3760,3785,52334,-0.0026350461133070047
2022-02-09,3805,3885,3805,3805,30073,0.005284015852047519
2022-02-10,3815,3865,3780,3840,25509,0.009198423127463773
2022-02-11,3835,3835,3725,3725,25105,-0.02994791666666663
2022-02-14,3705,3705,3535,3540,68743,-0.04966442953020134
2022-02-15,3480,3525,3440,3445,74522,-0.026836158192090398
2022-02-16,3465,3640,3465,3625,59993,0.052249637155297624
2022-02-17,3630,3745,3585,3635,69883,0.0027586206896552667
2022-02-18,3625,3755,3570,3750,39132,0.031636863823933936
2022-02-21,3750,3780,3695,3765,29267,0.0040000000000000036
2022-02-22,3700,3745,3630,3640,31397,-0.033200531208499307
2022-02-23,3640,3715,3640,3695,23244,0.015109890109890056
2022-02-24,3700,3700,3515,3515,66512,-0.048714479025710467
2022-02-25,3550,3665,3550,3605,73546,0.02560455192034139
2022-02-28,3700,3920,3660,3740,165231,0.03744798890429957
2022-03-02,3790,3900,3740,3870,80504,0.03475935828876997
2022-03-03,3870,3955,3840,3870,47029,0.0
2022-03-04,3870,3950,3825,3900,78607,0.007751937984496138
2022-03-07,3885,3885,3675,3725,82090,-0.04487179487179482
2022-03-08,3665,3745,3625,3700,39831,-0.006711409395973145
2022-03-10,3740,3850,3720,3745,36850,0.012162162162162149
2022-03-11,3760,3840,3745,3840,38158,0.025367156208277786
2022-03-14,3840,3840,3755,3805,33299,-0.00911458333333337
2022-03-15,3795,3855,3785,3830,34504,0.006570302233902758
2022-03-16,4030,4515,3955,4030,3061806,0.052219321148825104
2022-03-17,4040,4075,3975,4020,251756,-0.002481389578163795
2022-03-18,4040,4055,3990,4020,145047,0.0
2022-03-21,4005,4065,3990,4030,92516,0.0024875621890547706
2022-03-22,4005,4045,4005,4025,64143,-0.001240694789081842
2022-03-23,4035,4070,4015,4040,96530,0.003726708074534235
2022-03-24,4040,4130,4005,4080,108922,0.00990099009900991
2022-03-25,4090,4105,4040,4050,68996,-0.007352941176470562
2022-03-28,4030,4060,4005,4050,62587,0.0
2022-03-29,4055,4080,4020,4070,61130,0.004938271604938205
2022-03-30,4085,4085,4025,4050,55070,-0.004914004914004955
2022-03-31,4030,4170,4030,4130,140471,0.01975308641975304
2022-04-01,4130,4145,4065,4075,55869,-0.013317191283293006
2022-04-04,4105,4120,4045,4100,78616,0.006134969325153339
2022-04-05,4105,4225,4080,4200,322809,0.024390243902439046
2022-04-06,4190,4300,4100,4130,265870,-0.01666666666666672
2022-04-07,4090,4110,4005,4035,92777,-0.02300242130750607
2022-04-08,4020,4050,3955,4000,81937,-0.008674101610904539
2022-04-11,4000,4035,3945,4000,40134,0.0
2022-04-12,3980,3990,3910,3930,31532,-0.01749999999999996
2022-04-13,3925,4025,3900,4025,48446,0.024173027989821794
2022-04-14,4080,4110,4045,4105,71548,0.019875776397515477
2022-04-15,4115,4145,4045,4105,34843,0.0
2022-04-18,4080,4105,4065,4095,38247,-0.0024360535931789995
2022-04-19,4080,4145,4080,4125,33891,0.0073260073260073
2022-04-20,4145,4155,4095,4130,39734,0.00121212121212122
2022-04-21,4130,4150,4105,4130,41717,0.0
2022-04-22,4130,4130,4060,4100,34220,-0.007263922518159771
2022-04-25,4055,4055,3955,3985,63384,-0.028048780487804903
2022-04-26,3985,4165,3975,4160,89479,0.04391468005018817
2022-04-27,4100,4100,4010,4080,45511,-0.019230769230769273
2022-04-28,4060,4130,4015,4025,36565,-0.013480392156862697
2022-04-29,4025,4090,4015,4025,28910,0.0
2022-05-02,4015,4020,3965,4000,29762,-0.006211180124223614
2022-05-03,4020,4065,4010,4050,26264,0.012499999999999956
2022-05-04,4080,4080,3995,4055,19933,0.0012345679012346622
2022-05-06,3980,4000,3920,3945,47466,-0.027127003699136898
2022-05-09,3935,3970,3745,3810,64522,-0.034220532319391594
2022-05-10,3685,3805,3585,3800,55322,-0.002624671916010457
2022-05-11,3730,3850,3730,3790,34332,-0.0026315789473684292
2022-05-12,3810,3810,3635,3650,58191,-0.03693931398416883
2022-05-13,3650,3720,3635,3720,30677,0.019178082191780854
2022-05-16,3690,3760,3670,3705,28254,-0.0040322580645161255
2022-05-17,3705,3770,3660,3760,40925,0.014844804318488558
2022-05-18,3775,3795,3700,3740,31659,-0.005319148936170248
2022-05-19,3700,3715,3640,3715,22296,-0.006684491978609652
2022-05-20,3690,3775,3685,3775,23654,0.016150740242261152
2022-05-23,3760,3775,3725,3765,15238,-0.0026490066225165476
2022-05-24,3760,3760,3680,3730,25660,-0.009296148738379806
2022-05-25,3725,3725,3650,3720,11243,-0.002680965147453085
2022-05-26,3700,3755,3700,3720,16033,0.0
2022-05-27,3710,3750,3705,3730,21261,0.0026881720430107503
2022-05-30,3730,3795,3725,3795,29639,0.01742627345844494
2022-05-31,3935,3940,3785,3800,114906,0.0013175230566535578
2022-06-02,3800,3840,3795,3815,17247,0.003947368421052699
2022-06-03,3815,3860,3815,3840,13166,0.006553079947575258
2022-06-07,3840,3885,3790,3855,23840,0.00390625
2022-06-08,3820,3855,3810,3840,13482,-0.0038910505836575737
2022-06-09,3875,3875,3760,3820,37943,-0.00520833333333337
2022-06-10,3755,3795,3710,3725,30348,-0.02486910994764402
2022-06-13,3635,3635,3365,3365,77311,-0.09664429530201346
2022-06-14,3335,3350,3185,3315,99144,-0.014858841010401136
2022-06-15,3240,3315,3110,3120,78432,-0.05882352941176472
2022-06-16,3130,3225,3120,3160,33432,0.012820512820512775
2022-06-17,3055,3170,3015,3170,54611,0.0031645569620253333
2022-06-20,3175,3200,2890,2920,105328,-0.07886435331230279
2022-06-21,2895,2995,2895,2950,47533,0.010273972602739656
2022-06-22,3050,3100,2860,2860,46529,-0.03050847457627115
2022-06-23,2855,2890,2690,2710,109055,-0.05244755244755239
2022-06-24,2680,2860,2680,2795,32128,0.03136531365313644
2022-06-27,2875,2940,2820,2940,15471,0.051878354203935606
2022-06-28,2935,3020,2930,2960,15526,0.006802721088435382
2022-06-29,2935,2945,2740,2935,58928,-0.008445945945945943
2022-06-30,2960,2975,2740,2865,33627,-0.023850085178875657
2022-07-01,2820,2895,2765,2820,43742,-0.015706806282722474
2022-07-04,2820,2840,2690,2820,23501,0.0
2022-07-05,2785,2915,2785,2895,36981,0.02659574468085113
2022-07-06,2960,2960,2865,2885,14209,-0.003454231433506094
2022-07-07,2860,2980,2860,2965,14698,0.02772963604852685
2022-07-08,2970,3035,2955,3010,16563,0.015177065767284947
2022-07-11,2995,3035,2945,2955,39478,-0.01827242524916939
2022-07-12,2910,2955,2840,2855,17195,-0.03384094754653133
2022-07-13,2815,2870,2800,2855,19022,0.0
2022-07-14,2860,2885,2740,2875,26618,0.007005253940455258
2022-07-15,2895,2900,2785,2870,18229,-0.0017391304347825765
2022-07-18,2870,2945,2870,2925,13134,0.019163763066202044
2022-07-19,2925,2950,2900,2935,7934,0.0034188034188034067
2022-07-20,2965,3190,2965,3050,146068,0.03918228279386704
2022-07-21,3000,3135,3000,3085,56783,0.011475409836065653
2022-07-22,3085,3115,3020,3060,41083,-0.008103727714748765
2022-07-25,3060,3100,3010,3095,29271,0.011437908496731986
2022-07-26,3310,3515,3120,3155,1317840,0.01938610662358653
2022-07-27,3135,3250,3135,3220,87281,0.020602218700475516
2022-07-28,3220,3250,3175,3225,52666,0.0015527950310558758
2022-07-29,3225,3230,3180,3230,28808,0.0015503875968991832
2022-08-01,3215,3255,3195,3245,35885,0.004643962848297267
2022-08-02,3245,3245,3180,3220,29249,-0.007704160246533087
2022-08-03,3220,3280,3200,3235,23335,0.004658385093167627
2022-08-04,3255,3300,3210,3210,32602,-0.007727975270479082
2022-08-05,3250,3280,3195,3250,30586,0.012461059190031154
2022-08-08,3220,3225,3185,3225,21981,-0.007692307692307665
2022-08-09,3245,3245,3150,3200,26469,-0.007751937984496138
2022-08-10,3175,3190,3130,3175,21509,-0.0078125
2022-08-11,3180,3260,3175,3245,53692,0.022047244094488105
2022-08-12,3245,3245,3195,3240,28138,-0.0015408320493066618
2022-08-16,3240,3245,3170,3190,50084,-0.015432098765432056
2022-08-17,3205,3220,3155,3190,16059,0.0
2022-08-18,3155,3190,3130,3155,27458,-0.010971786833855801
2022-08-19,3115,3150,3095,3140,43691,-0.004754358161648153
2022-08-22,3130,3130,3010,3060,18587,-0.02547770700636942
2022-08-23,3000,3035,2920,2995,30475,-0.021241830065359513
2022-08-24,2975,3105,2975,3045,10638,0.016694490818029983
2022-08-25,3010,3120,3010,3060,41504,0.0049261083743843415
2022-08-26,3110,3110,3035,3065,20033,0.0016339869281045694
2022-08-29,3040,3040,2935,2970,35019,-0.030995106035889064
2022-08-30,2965,2990,2920,2990,18547,0.006734006734006703
2022-08-31,2990,3000,2965,2990,22982,0.0
2022-09-01,2990,3000,2820,2920,58844,-0.02341137123745818
2022-09-02,2880,2980,2870,2980,121226,0.020547945205479534
2022-09-05,3095,3180,2830,2890,228554,-0.030201342281879207
2022-09-06,2885,2920,2860,2865,33861,-0.00865051903114189
2022-09-07,2895,2970,2755,2755,76863,-0.03839441535776611
2022-09-08,2770,2825,2760,2765,25633,0.003629764065335772
2022-09-13,2825,2870,2820,2865,22401,0.03616636528028927
2022-09-14,2825,2880,2745,2845,26283,-0.006980802792321161
2022-09-15,2860,2950,2850,2920,44835,0.026362038664323295
2022-09-16,2890,2975,2830,2860,46124,-0.020547945205479423
2022-09-19,2820,2860,2770,2825,22066,-0.012237762237762184
2022-09-20,2810,2940,2810,2845,26121,0.0070796460176991705
2022-09-21,2840,2845,2800,2835,9488,-0.0035149384885764245
2022-09-22,2820,2820,2730,2770,21029,-0.022927689594356315
2022-09-23,2750,2780,2630,2630,35071,-0.05054151624548742
2022-09-26,2630,2630,2450,2480,75585,-0.057034220532319435
2022-09-27,2440,2525,2390,2465,54305,-0.006048387096774244
2022-09-28,2440,2515,2310,2400,52921,-0.026369168356997985
2022-09-29,2310,2430,2310,2350,79470,-0.02083333333333337
2022-09-30,2235,2345,2235,2335,44854,-0.006382978723404209
2022-10-04,2355,2425,2260,2420,40345,0.036402569593147804
2022-10-05,2470,2520,2410,2410,41812,-0.004132231404958664
2022-10-06,2430,2545,2430,2520,36401,0.045643153526971014
2022-10-07,2520,2555,2505,2540,8670,0.007936507936507908
2022-10-11,2505,2505,2335,2335,36498,-0.0807086614173228
2022-10-12,2315,2365,2255,2295,44129,-0.017130620985010725
2022-10-13,2295,2300,2155,2240,31143,-0.023965141612200425
2022-10-14,2240,2310,2240,2310,29947,0.03125
2022-10-17,2310,2500,2285,2500,67008,0.08225108225108224
2022-10-18,2515,2695,2500,2640,210309,0.05600000000000005
2022-10-19,2615,2640,2435,2435,88925,-0.07765151515151514
2022-10-20,2465,2465,2375,2375,54629,-0.024640657084188944
2022-10-21,2375,2445,2365,2405,22682,0.012631578947368327
2022-10-24,2410,2485,2410,2435,23357,0.012474012474012364
2022-10-25,2465,2540,2460,2485,11838,0.02053388090349073
2022-10-26,2525,2550,2490,2525,14079,0.016096579476861272
2022-10-27,2525,2590,2480,2585,25884,0.023762376237623783
2022-10-28,2585,2600,2500,2550,14189,-0.013539651837524147
2022-10-31,2560,2615,2515,2520,24114,-0.0117647058823529
2022-11-01,2520,2580,2505,2515,12677,-0.001984126984126977
2022-11-02,2490,2595,2485,2515,21137,0.0
2022-11-03,2505,2540,2470,2540,10559,0.00994035785288272
2022-11-04,2540,2570,2495,2550,13077,0.003937007874015741
2022-11-07,2580,2580,2505,2505,30213,-0.01764705882352946
2022-11-08,2515,2570,2515,2525,23010,0.007984031936127733
2022-11-09,2525,2570,2515,2550,12011,0.00990099009900991
2022-11-10,2535,2575,2510,2565,16805,0.00588235294117645
2022-11-11,2610,2745,2570,2730,118015,0.06432748538011701
2022-11-14,2735,2775,2715,2715,52110,-0.005494505494505475
2022-11-15,2735,2820,2720,2810,78474,0.03499079189686927
2022-11-16,2835,2935,2815,2905,132129,0.03380782918149472
2022-11-17,2905,2905,2800,2900,36710,-0.0017211703958691649
2022-11-18,2900,2910,2840,2895,39035,-0.0017241379310344307
2022-11-21,2925,2925,2825,2890,27152,-0.0017271157167529916
2022-11-22,2835,2930,2835,2895,46839,0.0017301038062282892
2022-11-23,2895,2960,2895,2960,34127,0.022452504317789224
2022-11-24,2990,2990,2930,2950,27104,-0.0033783783783783994
2022-11-25,2965,2995,2945,2975,24092,0.008474576271186418
2022-11-28,2975,3010,2950,2985,24527,0.003361344537815114
2022-11-29,2930,2985,2845,2980,31134,-0.0016750418760469454
2022-11-30,2980,3075,2980,3070,49321,0.030201342281879207
2022-12-01,3070,3250,3070,3235,150755,0.05374592833876224
2022-12-02,3245,3295,3210,3275,89227,0.012364760432766575
2022-12-05,3275,3295,3240,3285,58324,0.003053435114503733
2022-12-06,3285,3290,3180,3180,40146,-0.03196347031963476
2022-12-07,3130,3165,3045,3155,59089,-0.00786163522012584
2022-12-08,3120,3145,3045,3115,30023,-0.01267828843106178
2022-12-09,3105,3255,3060,3250,46550,0.043338683788122
2022-12-12,3295,3295,3100,3195,47757,-0.01692307692307693
2022-12-13,3195,3230,3145,3220,23735,0.00782472613458518
2022-12-14,3225,3240,3190,3225,23214,0.0015527950310558758
2022-12-15,3225,3240,3170,3225,30168,0.0
2022-12-16,3210,3225,3130,3145,19855,-0.024806201550387597
2022-12-19,3085,3135,3070,3135,26059,-0.0031796502384737746
2022-12-20,3135,3135,3030,3045,14583,-0.028708133971291905
2022-12-21,3030,3040,3000,3005,16301,-0.013136288998357948
2022-12-22,3005,3100,2990,3060,25099,0.01830282861896837
2022-12-23,3060,3060,2940,2990,26772,-0.022875816993464082
2022-12-26,2990,2990,2915,2980,17301,-0.0033444816053511683
2022-12-27,2965,3070,2920,3065,16590,0.028523489932885893
2022-12-28,3065,3100,3040,3050,17986,-0.004893964110929905
2022-12-29,3030,3030,2885,2905,39200,-0.04754098360655734
2023-01-02,2965,2995,2910,2975,15976,0.024096385542168752
2023-01-03,2960,2975,2820,2845,51695,-0.043697478991596594
2023-01-04,2845,2890,2750,2880,11880,0.012302284710017597
2023-01-05,2930,3000,2890,3000,15053,0.04166666666666674
2023-01-06,3000,3020,2955,3005,23672,0.0016666666666667052
2023-01-09,3035,3090,3025,3055,12394,0.016638935108153063
2023-01-10,3055,3060,3020,3035,11421,-0.006546644844517169
2023-01-11,3035,3120,3005,3120,15490,0.028006589785831926
2023-01-12,3120,3135,3065,3135,12770,0.004807692307692291
2023-01-13,3150,3165,3100,3160,8949,0.00797448165869219
2023-01-16,3160,3210,3125,3170,11492,0.0031645569620253333
2023-01-17,3185,3185,3115,3115,15512,-0.017350157728706628
2023-01-18,3115,3200,3105,3170,14170,0.017656500802568198
2023-01-19,3135,3155,3105,3105,7530,-0.02050473186119872
2023-01-20,3105,3185,3090,3185,15656,0.025764895330112614
2023-01-25,3185,3210,3155,3190,23932,0.0015698587127157548
2023-01-26,3205,3205,3155,3185,15525,-0.0015673981191222097
2023-01-27,3185,3205,3155,3205,14448,0.006279434850863463
2023-01-30,3205,3210,3140,3205,18878,0.0
2023-01-31,3185,3200,3140,3180,40053,-0.007800312012480548
2023-02-01,3180,3240,3150,3205,30418,0.007861635220125729
2023-02-02,3210,3255,3210,3245,18528,0.012480499219968744
2023-02-03,3255,3300,3245,3295,24098,0.015408320493066174
2023-02-06,3275,3315,3245,3280,19895,-0.004552352048558417
2023-02-07,3250,3335,3245,3315,21429,0.010670731707317138
2023-02-08,3315,3330,3280,3315,12087,0.0
2023-02-09,3280,3315,3225,3300,20649,-0.004524886877828038
2023-02-10,3300,3300,3185,3210,13947,-0.027272727272727226
2023-02-13,3205,3205,3135,3165,10381,-0.014018691588784993
2023-02-14,3165,3200,3110,3165,10353,0.0
2023-02-15,3165,3165,3080,3080,30104,-0.026856240126382325
2023-02-16,3070,3140,3055,3140,20963,0.01948051948051943
2023-02-17,3170,3180,3140,3175,15707,0.011146496815286566
2023-02-20,3175,3190,3140,3190,12412,0.0047244094488188
2023-02-21,3190,3240,3180,3195,12759,0.0015673981191222097
2023-02-22,3195,3205,3145,3155,18064,-0.012519561815336422
2023-02-23,3145,3170,3130,3170,12789,0.004754358161648264
2023-02-24,3205,3220,3150,3190,13155,0.006309148264984188
2023-02-27,3185,3185,3070,3080,22328,-0.03448275862068961
2023-02-28,3060,3180,3060,3180,24680,0.032467532467532534
2023-03-02,3180,3230,3145,3175,19199,-0.0015723270440252124
2023-03-03,3175,3225,3140,3215,21396,0.012598425196850505
2023-03-06,3225,3245,3175,3210,24759,-0.0015552099533436836
2023-03-07,3170,3285,3170,3285,31200,0.02336448598130847
2023-03-08,3265,3285,3185,3230,30164,-0.016742770167427756
2023-03-09,3230,3270,3190,3200,17941,-0.009287925696594423
2023-03-10,3175,3250,3125,3235,24665,0.010937500000000044
2023-03-13,3155,3175,3095,3120,23180,-0.03554868624420404
2023-03-14,3090,3095,2955,2965,54547,-0.049679487179487225
2023-03-15,2970,3115,2970,3065,23519,0.033726812816188945
2023-03-16,3080,3095,2995,3080,25363,0.004893964110929794
2023-03-17,3085,3125,3030,3110,21437,0.009740259740259827
2023-03-20,3110,3110,3020,3040,18073,-0.022508038585209
2023-03-21,3040,3090,3030,3040,15500,0.0
2023-03-22,3040,3055,2985,2995,29939,-0.014802631578947345
2023-03-23,2955,2990,2915,2935,18620,-0.02003338898163609
2023-03-24,2935,2950,2905,2930,10293,-0.0017035775127768327
2023-03-27,2955,2955,2855,2880,12845,-0.017064846416382284
2023-03-28,2880,2935,2850,2935,25766,0.01909722222222232
2023-03-29,2935,3020,2925,3010,22086,0.02555366269165238
2023-03-30,2995,3025,2960,3010,21061,0.0
2023-03-31,3030,3075,2985,3055,41638,0.014950166112956742
2023-04-03,3055,3245,3055,3135,148712,0.026186579378068675
2023-04-04,3135,3240,3130,3220,68965,0.027113237639553533
2023-04-05,3220,3250,3180,3180,46946,-0.012422360248447228
2023-04-06,3180,3220,3135,3190,32357,0.003144654088050425
2023-04-07,3190,3215,3145,3215,13274,0.00783699059561127
2023-04-10,3215,3215,3115,3160,35684,-0.017107309486780742
2023-04-11,3160,3160,3100,3125,27128,-0.011075949367088556
2023-04-12,3125,3240,3115,3170,34396,0.014399999999999968
2023-04-13,3170,3215,3130,3190,37891,0.006309148264984188
2023-04-14,3190,3215,3150,3180,32513,-0.0031347962382445305
2023-04-17,3185,3185,3115,3140,65710,-0.012578616352201255
2023-04-18,3175,3250,3145,3180,50386,0.01273885350318471
2023-04-19,3185,3195,3130,3150,46998,-0.009433962264150941
2023-04-20,3150,3150,3060,3060,71353,-0.02857142857142858
2023-04-21,3060,3060,2905,2915,171390,-0.04738562091503273
2023-04-24,2905,2920,2880,2880,48840,-0.012006861063464824
2023-04-25,2880,2880,2825,2840,37173,-0.01388888888888884
2023-04-26,2840,2840,2800,2830,26598,-0.0035211267605633756
2023-04-27,2805,2920,2785,2900,36768,0.02473498233215543
2023-04-28,2945,2945,2820,2855,74785,-0.01551724137931032
2023-05-02,2855,3000,2855,3000,56296,0.05078809106830118
2023-05-03,3000,3030,2960,2965,33445,-0.011666666666666714
2023-05-04,2965,3045,2900,3045,48567,0.026981450252951067
2023-05-08,3045,3110,3020,3100,37231,0.01806239737274229
2023-05-09,3070,3130,3050,3095,37543,-0.001612903225806428
2023-05-10,3095,3120,3060,3105,30125,0.003231017770597644
2023-05-11,3110,3140,3075,3075,35261,-0.009661835748792313
2023-05-12,3055,3135,3040,3080,42103,0.001626016260162677
2023-05-15,3030,3200,3025,3175,154407,0.030844155844155896
2023-05-16,3175,3220,3100,3175,83351,0.0
2023-05-17,3220,3250,3165,3200,184930,0.007874015748031482
2023-05-18,3230,3250,3175,3200,62672,0.0
2023-05-19,3200,3210,3145,3180,48962,-0.006249999999999978
2023-05-22,3175,3290,3160,3270,100965,0.028301886792452935
2023-05-23,3270,3285,3230,3285,50359,0.004587155963302836
2023-05-24,3285,3285,3210,3280,31479,-0.0015220700152207556
2023-05-25,3280,3285,3180,3195,27607,-0.02591463414634143
2023-05-26,3170,3240,3130,3195,26231,0.0
2023-05-30,3205,3210,3165,3185,42457,-0.003129890453834161
2023-05-31,3185,3210,3130,3185,48045,0.0
2023-06-01,3185,3295,3180,3280,63939,0.02982731554160134
2023-06-02,3300,3305,3260,3305,43509,0.007621951219512146
2023-06-05,3305,3365,3305,3310,59360,0.001512859304084735
2023-06-07,3305,3310,3265,3310,25563,0.0
2023-06-08,3310,3310,3235,3245,19554,-0.01963746223564955
2023-06-09,3245,3300,3235,3245,19726,0.0
2023-06-12,3285,3285,3215,3245,34200,0.0
2023-06-13,3245,3345,3230,3250,20001,0.0015408320493066618
2023-06-14,3275,3290,3210,3225,34544,-0.007692307692307665
2023-06-15,3215,3265,3215,3260,36614,0.010852713178294504
2023-06-16,3265,3315,3265,3285,24972,0.0076687116564417845
2023-06-19,3295,3320,3265,3290,16283,0.0015220700152207556
2023-06-20,3290,3320,3255,3280,14752,-0.003039513677811523
2023-06-21,3260,3285,3235,3245,13805,-0.010670731707317027
2023-06-22,3215,3245,3165,3195,31226,-0.015408320493066285
2023-06-23,3205,3205,3125,3185,27151,-0.003129890453834161
2023-06-26,3155,3160,3085,3130,33253,-0.017268445839874413
2023-06-27,3160,3185,3095,3185,26464,0.01757188498402562
2023-06-28,3140,3175,3110,3115,25065,-0.02197802197802201
2023-06-29,3115,3115,3005,3085,46889,-0.009630818619582704
2023-06-30,3070,3130,3020,3130,40803,0.014586709886547755
2023-07-03,3160,3210,3140,3175,52765,0.01437699680511173
2023-07-04,3205,3220,3160,3220,44498,0.014173228346456623
2023-07-05,3220,3270,3185,3200,16409,-0.006211180124223614
2023-07-06,3165,3180,3130,3130,31424,-0.021874999999999978
2023-07-07,3095,3115,3060,3070,17661,-0.019169329073482455
2023-07-10,3070,3070,3045,3045,21550,-0.008143322475570036
2023-07-11,3045,3150,3015,3145,28316,0.03284072249589487
2023-07-12,3145,3175,3110,3130,24431,-0.004769475357710662
2023-07-13,3140,3150,3115,3130,10046,0.0
2023-07-14,3130,3175,3115,3165,10251,0.011182108626198062
2023-07-17,3165,3250,3105,3235,37391,0.02211690363349139
2023-07-18,3220,3235,3110,3190,29723,-0.01391035548686248
2023-07-19,3185,3185,3110,3130,12430,-0.018808777429467072
2023-07-20,3130,3130,3065,3100,10873,-0.009584664536741228
2023-07-21,3085,3175,3005,3130,56069,0.00967741935483879
2023-07-24,3040,3075,2955,2955,57803,-0.05591054313099042
2023-07-25,2955,2955,2815,2820,43044,-0.045685279187817285
2023-07-26,2820,2865,2655,2660,84154,-0.05673758865248224
2023-07-27,2655,2725,2655,2725,20363,0.02443609022556381
2023-07-28,2700,2795,2685,2790,30463,0.023853211009174258
2023-07-31,2845,2915,2800,2900,31382,0.03942652329749108
2023-08-01,2900,2915,2870,2895,27339,-0.0017241379310344307
2023-08-02,2895,2895,2785,2790,25868,-0.03626943005181349
2023-08-03,2790,2905,2760,2870,23232,0.028673835125448077
2023-08-04,2870,2870,2805,2860,18440,-0.0034843205574912606
2023-08-07,2855,2925,2805,2920,25450,0.020979020979021046
2023-08-08,2885,2920,2835,2860,13295,-0.020547945205479423
2023-08-09,2845,2855,2805,2850,15093,-0.0034965034965035446
2023-08-10,2850,2935,2800,2925,23384,0.026315789473684292
2023-08-11,2895,2970,2855,2950,51639,0.008547008547008517
2023-08-14,2935,2950,2870,2905,23730,-0.015254237288135575
2023-08-16,2855,2895,2740,2800,42014,-0.03614457831325302
2023-08-17,2800,2960,2680,2870,97040,0.02499999999999991
2023-08-18,2870,3000,2870,2950,40492,0.027874564459930307
2023-08-21,2950,3005,2900,2950,29073,0.0
2023-08-22,2950,3020,2930,2970,23924,0.006779661016949046
2023-08-23,2970,3210,2940,3030,268144,0.02020202020202011
2023-08-24,3030,3065,2955,3035,28929,0.0016501650165017256
2023-08-25,3020,3035,2955,2995,26336,-0.01317957166392092
2023-08-28,2990,3025,2965,2965,20348,-0.01001669449081799
2023-08-29,2985,3085,2985,3060,25215,0.03204047217537953
2023-08-30,3060,3130,3050,3075,28181,0.004901960784313708
2023-08-31,3075,3130,3045,3050,33753,-0.008130081300813052
2023-09-01,3050,3100,3000,3080,37287,0.009836065573770592
2023-09-04,3080,3100,3035,3095,42345,0.004870129870129913
2023-09-05,3090,3095,3010,3075,28064,-0.00646203554119551
2023-09-06,3075,3075,2995,3050,23602,-0.008130081300813052
2023-09-07,3040,3050,3005,3050,20015,0.0
2023-09-08,3025,3035,3010,3010,9220,-0.013114754098360604
2023-09-11,3010,3020,2985,2995,11590,-0.004983388704318914
2023-09-12,3015,3070,3000,3010,14927,0.005008347245408995
2023-09-13,2980,3030,2950,3030,15563,0.006644518272425293
2023-09-14,3005,3100,2990,3100,31882,0.02310231023102305
2023-09-15,3100,3130,3090,3110,18733,0.003225806451612856
2023-09-18,3110,3145,3090,3090,16237,-0.006430868167202619
2023-09-19,3060,3105,3060,3070,13076,-0.006472491909385147
2023-09-20,3070,3080,3000,3000,13084,-0.0228013029315961
2023-09-21,3000,3000,2900,2900,20306,-0.033333333333333326
2023-09-22,2835,2925,2830,2880,31513,-0.006896551724137945
2023-09-25,2880,2880,2810,2810,19958,-0.02430555555555558
2023-09-26,2810,2860,2810,2830,32879,0.007117437722419906
2023-09-27,2830,2980,2825,2980,24401,0.053003533568904526
2023-10-04,2970,2980,2815,2815,46099,-0.05536912751677847
2023-10-05,2815,2865,2800,2845,26542,0.010657193605683846
2023-10-06,2840,2945,2840,2880,17541,0.012302284710017597
2023-10-10,2905,2935,2835,2915,35783,0.012152777777777679
2023-10-11,2895,2920,2750,2905,34736,-0.0034305317324184736
2023-10-12,2920,2995,2920,2995,26422,0.030981067125645412
2023-10-13,2995,3035,2985,3035,16358,0.013355592654423987
2023-10-16,3020,3030,2910,2940,26605,-0.03130148270181221
2023-10-17,2940,3040,2915,3030,47832,0.030612244897959107
2023-10-18,3075,3075,3010,3050,21332,0.0066006600660066805
2023-10-19,3050,3050,2960,3045,19587,-0.0016393442622950616
2023-10-20,3020,3020,2915,3010,17992,-0.011494252873563204
2023-10-23,3010,3010,2920,2990,24462,-0.006644518272425293
2023-10-24,2990,3045,2950,3045,39611,0.018394648829431537
2023-10-25,3075,3105,3030,3060,42031,0.0049261083743843415
2023-10-26,3045,3060,2995,2995,29311,-0.021241830065359513
2023-10-27,3020,3035,2980,3030,36958,0.011686143572620988
2023-10-30,3035,3060,3020,3055,61865,0.008250825082508184
2023-10-31,3055,3125,3055,3125,73616,0.022913256955810146
2023-11-01,3125,3165,3095,3145,47813,0.006399999999999961
2023-11-02,3145,3200,3145,3180,44899,0.0111287758346581
2023-11-03,3180,3210,3170,3205,42836,0.007861635220125729
2023-11-06,3245,3250,3205,3220,54223,0.004680187207488196
2023-11-07,3240,3240,3140,3200,29308,-0.006211180124223614
2023-11-08,3195,3240,3170,3225,24636,0.0078125
2023-11-09,3225,3240,3130,3210,19805,-0.0046511627906976605
2023-11-10,3205,3205,3100,3130,15819,-0.024922118380062308
2023-11-13,3130,3145,3065,3065,33842,-0.02076677316293929
2023-11-14,3035,3095,3035,3080,42488,0.004893964110929794
2023-11-15,3080,3080,3035,3055,60214,-0.008116883116883078
2023-11-16,3040,3135,3005,3060,111850,0.0016366612111293755
2023-11-17,3040,3060,2965,2980,63477,-0.02614379084967322
2023-11-20,2960,3045,2960,3025,47533,0.015100671140939603
2023-11-21,3025,3090,3025,3070,70039,0.014876033057851235
2023-11-22,3060,3105,3015,3060,34597,-0.0032573289902280145
2023-11-23,3060,3085,3040,3050,25211,-0.0032679738562091387
2023-11-24,3050,3075,3020,3075,27946,0.008196721311475308
2023-11-27,3075,3080,3020,3060,32322,-0.004878048780487809
2023-11-28,3030,3075,3010,3025,36026,-0.011437908496731986
2023-11-29,3025,3025,2970,3000,33492,-0.008264462809917328
2023-11-30,3000,3000,2810,3000,71392,0.0
2023-12-01,2970,2990,2895,2895,78035,-0.03500000000000003
2023-12-04,2895,2895,2840,2840,52658,-0.01899827288428324
2023-12-05,2840,2860,2810,2820,41640,-0.007042253521126751
2023-12-06,2820,2895,2815,2880,28433,0.02127659574468077
2023-12-07,2880,2900,2860,2900,21289,0.00694444444444442
2023-12-08,2865,2920,2860,2900,17979,0.0
2023-12-11,2900,2940,2850,2860,41251,-0.01379310344827589
2023-12-12,2885,2890,2840,2865,25934,0.0017482517482516613
2023-12-13,2860,2860,2825,2845,19118,-0.006980802792321161
2023-12-14,2850,2875,2845,2870,23296,0.008787346221441172
2023-12-15,2870,2890,2825,2840,50698,-0.010452961672473893
2023-12-18,2840,2865,2830,2865,30276,0.008802816901408494
2023-12-19,2865,2905,2850,2885,28686,0.00698080279232105
2023-12-20,2885,2910,2875,2900,23768,0.005199306759098743
2023-12-21,2900,2910,2865,2865,41624,-0.012068965517241348
2023-12-22,2865,2885,2835,2885,34965,0.00698080279232105
2023-12-26,2880,2880,2830,2855,43058,-0.010398613518197597
2023-12-27,2820,2840,2815,2830,30082,-0.008756567425569184
2023-12-28,2820,2850,2805,2850,30168,0.007067137809187329
2024-01-02,2850,2855,2820,2825,51243,-0.00877192982456143
2024-01-03,2825,2875,2805,2870,38470,0.015929203539823078
2024-01-04,2860,2865,2815,2835,23099,-0.012195121951219523
2024-01-05,2830,2865,2820,2850,20575,0.005291005291005346
2024-01-08,2865,2900,2840,2840,30399,-0.0035087719298245723
2024-01-09,2840,2870,2840,2850,11709,0.0035211267605634866
2024-01-10,2875,2885,2850,2885,12282,0.012280701754386003
2024-01-11,2885,2890,2860,2890,10592,0.0017331022530329143
2024-01-12,2890,2890,2860,2870,12995,-0.00692041522491349
2024-01-15,2845,2870,2835,2860,23955,-0.0034843205574912606
2024-01-16,2855,2860,2800,2800,30734,-0.020979020979020935
2024-01-17,2800,2830,2745,2790,28455,-0.0035714285714285587
2024-01-18,2755,2790,2735,2780,11683,-0.0035842293906810374
2024-01-19,2780,2810,2760,2790,18270,0.003597122302158251
2024-01-22,2805,2805,2745,2790,14874,0.0
2024-01-23,2780,2785,2740,2765,13691,-0.008960573476702538
2024-01-24,2765,2785,2730,2760,22285,-0.001808318264014508
2024-01-25,2735,2760,2715,2745,19600,-0.005434782608695676
2024-01-26,2740,2770,2720,2770,13412,0.00910746812386165
2024-01-29,2770,2770,2720,2740,14838,-0.010830324909747335
2024-01-30,2740,2760,2725,2760,20774,0.007299270072992803
2024-01-31,2725,2750,2690,2690,25093,-0.025362318840579712
2024-02-01,2690,2755,2670,2745,42935,0.020446096654274992
2024-02-02,2740,2785,2725,2785,77894,0.014571948998178597
2024-02-05,2795,2800,2760,2760,42282,-0.008976660682226245
2024-02-06,2770,2790,2750,2790,44840,0.010869565217391353
2024-02-07,2795,2800,2755,2800,50572,0.0035842293906809264
2024-02-08,2795,2825,2780,2810,44621,0.0035714285714285587
2024-02-13,2810,2830,2805,2805,18576,-0.001779359430605032
2024-02-14,2805,2820,2785,2820,38086,0.005347593582887722
2024-02-15,2820,2825,2805,2825,23559,0.0017730496453900457
2024-02-16,2825,2835,2800,2825,28407,0.0
2024-02-19,2825,2845,2820,2835,21777,0.003539823008849474
2024-02-20,2835,2845,2805,2810,27400,-0.00881834215167554
2024-02-21,2810,2825,2790,2815,13735,0.001779359430605032
2024-02-22,2815,2820,2800,2810,16510,-0.001776198934280604
2024-02-23,2810,2815,2785,2785,13990,-0.008896797153024938
2024-02-26,2785,2800,2770,2785,15863,0.0
2024-02-27,2790,2795,2760,2760,19724,-0.008976660682226245
2024-02-28,2750,2775,2740,2770,18256,0.0036231884057971175
2024-02-29,2760,2785,2750,2770,16021,0.0
2024-03-04,2770,2780,2750,2765,22119,-0.0018050541516245744
2024-03-05,2790,2790,2735,2735,27469,-0.010849909584086825
2024-03-06,2735,2735,2715,2715,13130,-0.007312614259597838
2024-03-07,2705,2745,2700,2735,20699,0.007366482504604033
2024-03-08,2730,2770,2720,2770,23143,0.01279707495429605
2024-03-11,2760,2760,2720,2745,13114,-0.009025270758122761
2024-03-12,2745,2745,2680,2730,17434,-0.005464480874316946
2024-03-13,2730,2730,2680,2710,22651,-0.0073260073260073
2024-03-14,2710,2735,2685,2715,22239,0.0018450184501845879
2024-03-15,2710,2730,2690,2730,20628,0.005524861878453136
2024-03-18,2695,2720,2695,2705,21223,-0.009157509157509125
2024-03-19,2730,2730,2690,2720,13132,0.005545286506469571
2024-03-20,2715,2725,2700,2720,12806,0.0
2024-03-21,2720,2740,2710,2735,15288,0.005514705882353033
2024-03-22,2735,2740,2715,2740,37254,0.001828153564899404
2024-03-25,2745,2760,2735,2740,11941,0.0
2024-03-26,2725,2750,2725,2740,19871,0.0
2024-03-27,2735,2745,2720,2720,18270,-0.007299270072992692
2024-03-28,2715,2745,2715,2740,9155,0.007352941176470562
2024-03-29,2725,2745,2715,2740,13609,0.0
2024-04-01,2740,2745,2715,2740,45930,0.0
2024-04-02,2735,2735,2705,2735,44400,-0.0018248175182481452
2024-04-03,2730,2730,2700,2715,15251,-0.007312614259597838
2024-04-04,2715,2715,2690,2690,22687,-0.009208103130755041
2024-04-05,2685,2690,2645,2650,32435,-0.014869888475836479
2024-04-08,2650,2650,2605,2645,25144,-0.0018867924528301883
2024-04-09,2615,2645,2610,2620,36963,-0.009451795841209809
2024-04-11,2620,2620,2570,2595,22155,-0.009541984732824416
2024-04-12,2595,2615,2580,2580,20931,-0.005780346820809301
2024-04-15,2570,2570,2505,2545,33742,-0.013565891472868241
2024-04-16,2540,2540,2495,2495,31510,-0.01964636542239684
2024-04-17,2495,2510,2480,2500,15830,0.002004008016031955
2024-04-18,2495,2525,2480,2525,25318,0.010000000000000009
2024-04-19,2525,2525,2470,2495,33651,-0.011881188118811892
2024-04-22,2495,2530,2495,2515,17762,0.008016032064128265
2024-04-23,2515,2555,2515,2535,11689,0.007952286282306265
2024-04-24,2550,2565,2530,2535,35915,0.0
2024-04-25,2535,2560,2530,2545,20634,0.0039447731755424265
2024-04-26,2545,2545,2525,2545,27686,0.0
2024-04-29,2535,2555,2525,2545,57328,0.0
2024-04-30,2545,2580,2545,2560,31978,0.005893909626718985
2024-05-02,2555,2600,2540,2600,52382,0.015625
2024-05-03,2610,2640,2585,2630,20126,0.011538461538461497
2024-05-07,2630,2645,2600,2630,23078,0.0
2024-05-08,2645,2685,2625,2680,17214,0.019011406844106515
2024-05-09,2680,2705,2650,2700,19575,0.00746268656716409
2024-05-10,2700,2710,2650,2700,37683,0.0
2024-05-13,2700,2720,2665,2700,16041,0.0
2024-05-14,2700,2730,2655,2705,33070,0.0018518518518517713
2024-05-16,2705,2730,2680,2690,28863,-0.00554528650646946
2024-05-17,2690,2745,2685,2730,75396,0.014869888475836479
2024-05-20,2730,2745,2705,2740,33426,0.00366300366300365
2024-05-21,2740,2745,2670,2735,56487,-0.0018248175182481452
2024-05-22,2720,2735,2675,2725,28044,-0.003656307129798919
2024-05-23,2710,2730,2675,2730,23316,0.0018348623853210455
2024-05-24,2735,2735,2690,2710,7179,-0.0073260073260073
2024-05-27,2710,2710,2670,2710,12656,0.0
2024-05-28,2710,2725,2695,2700,11925,-0.0036900369003689537
2024-05-29,2680,2705,2655,2690,12093,-0.0037037037037036535
2024-05-30,2700,2700,2620,2660,26159,-0.01115241635687736
2024-05-31,2630,2685,2600,2680,36670,0.007518796992481258
2024-06-03,2660,2695,2650,2670,46479,-0.003731343283582045
2024-06-04,2685,2700,2675,2695,19182,0.009363295880149725
2024-06-05,2695,2695,2645,2690,37546,-0.0018552875695733162
2024-06-07,2690,2695,2650,2690,28176,0.0
2024-06-10,2685,2685,2630,2655,18310,-0.013011152416356864
2024-06-11,2655,2660,2615,2635,12432,-0.007532956685499026
2024-06-12,2685,2685,2625,2655,9954,0.007590132827324458
2024-06-13,2685,2685,2615,2670,15556,0.005649717514124353
2024-06-14,2685,2685,2630,2635,15011,-0.01310861423220977
2024-06-17,2660,2660,2620,2645,13906,0.00379506641366234
2024-06-18,2625,2635,2590,2625,24240,-0.007561436672967825
2024-06-19,2615,2640,2595,2625,11289,0.0
2024-06-20,2625,2650,2595,2630,11292,0.0019047619047618536
2024-06-21,2600,2610,2575,2610,10482,-0.0076045627376425395
2024-06-24,2595,2600,2565,2590,11341,-0.007662835249042099
2024-06-25,2580,2600,2550,2600,14130,0.0038610038610038533
2024-06-26,2615,2615,2550,2550,14939,-0.019230769230769273
2024-06-27,2550,2550,2530,2550,8361,0.0
2024-06-28,2550,2560,2520,2560,18325,0.0039215686274509665
2024-07-01,2575,2595,2560,2580,13025,0.0078125
2024-07-02,2570,2570,2490,2525,11332,-0.02131782945736438
2024-07-03,2515,2535,2510,2535,14964,0.003960396039603964
2024-07-04,2550,2550,2470,2495,34944,-0.015779092702169595
2024-07-05,2490,2550,2475,2485,18955,-0.004008016032064132
2024-07-08,2485,2485,2460,2470,14986,-0.006036217303822977
2024-07-09,2500,2500,2450,2450,5915,-0.0080971659919028
2024-07-10,2440,2460,2440,2450,29042,0.0
2024-07-11,2480,2490,2460,2485,7899,0.014285714285714235
2024-07-12,2485,2500,2485,2490,9886,0.002012072434607548
2024-07-15,2490,2525,2490,2525,8176,0.014056224899598346
2024-07-16,2525,2530,2490,2520,7938,-0.001980198019801982
2024-07-17,2510,2520,2490,2500,5106,-0.007936507936507908
2024-07-18,2500,2500,2400,2430,26606,-0.028000000000000025
2024-07-19,2430,2445,2410,2440,17686,0.004115226337448652
2024-07-22,2440,2465,2385,2420,17471,-0.008196721311475419
2024-07-23,2420,2440,2375,2440,11578,0.008264462809917328
2024-07-24,2450,2450,2410,2440,4571,0.0
2024-07-25,2440,2440,2400,2425,4536,-0.006147540983606592
2024-07-26,2420,2460,2390,2430,21252,0.0020618556701030855
2024-07-29,2430,2450,2385,2405,8314,-0.010288065843621408
2024-07-30,2415,2430,2410,2420,12240,0.006237006237006293
2024-07-31,2405,2430,2390,2390,8484,-0.012396694214875992
2024-08-01,2405,2445,2400,2445,7495,0.023012552301255207
2024-08-02,2435,2435,2380,2380,8658,-0.026584867075664653
2024-08-05,2380,2400,2150,2165,63339,-0.09033613445378152
2024-08-06,2195,2280,2175,2220,15449,0.025404157043879882
2024-08-07,2265,2320,2230,2315,12450,0.04279279279279269
2024-08-08,2315,2320,2255,2295,12142,-0.008639308855291628
2024-08-09,2275,2305,2275,2290,8603,-0.002178649237472796
2024-08-12,2300,2340,2290,2335,18180,0.01965065502183405
2024-08-13,2335,2420,2275,2420,24152,0.036402569593147804
