Date,Open,High,Low,Close,Volume,Change
2022-01-03,13850,14250,13550,14200,296248,0.025270758122743597
2022-01-04,14100,14450,14050,14300,305735,0.007042253521126751
2022-01-05,14350,14550,13700,13750,359504,-0.038461538461538436
2022-01-06,13350,14350,13300,13950,331243,0.014545454545454639
2022-01-07,14100,14300,13900,14300,132979,0.02508960573476693
2022-01-10,14250,14400,13850,14100,134771,-0.013986013986013957
2022-01-11,14000,14150,13550,13800,153575,-0.021276595744680882
2022-01-12,14000,14050,13650,13850,128756,0.0036231884057971175
2022-01-13,14000,14450,13750,14300,288464,0.032490974729241895
2022-01-14,14000,14550,13900,14400,214109,0.006993006993007089
2022-01-17,14500,14500,13750,13850,176952,-0.03819444444444442
2022-01-18,13850,14100,13100,13250,192408,-0.04332129963898912
2022-01-19,12900,13300,12800,12850,146579,-0.030188679245283012
2022-01-20,12800,13050,12500,12950,106512,0.0077821011673151474
2022-01-21,12750,12850,12400,12450,159902,-0.038610038610038644
2022-01-24,12400,12400,11950,12150,252311,-0.02409638554216864
2022-01-25,12200,12350,11650,11800,213217,-0.028806584362139898
2022-01-26,11850,12150,11700,11850,67659,0.004237288135593209
2022-01-27,11850,12200,11250,11700,188781,-0.012658227848101222
2022-01-28,11800,12400,11400,12300,100292,0.05128205128205132
2022-02-03,12500,12650,12200,12300,97294,0.0
2022-02-04,12300,12450,11950,12200,70443,-0.008130081300813052
2022-02-07,12200,12200,11750,12100,112449,-0.008196721311475419
2022-02-08,12100,12100,11700,11800,116285,-0.024793388429752095
2022-02-09,11900,12150,11850,12000,83909,0.016949152542372836
2022-02-10,12100,12100,11800,11800,59709,-0.01666666666666672
2022-02-11,11800,11850,11450,11550,90836,-0.021186440677966156
2022-02-14,11300,11500,11150,11200,87965,-0.030303030303030276
2022-02-15,11000,11350,10600,10700,136814,-0.044642857142857095
2022-02-16,10950,11350,10950,11200,75269,0.04672897196261672
2022-02-17,11250,11400,10800,10850,111566,-0.03125
2022-02-18,10600,10900,10450,10850,208775,0.0
2022-02-21,10750,10850,10450,10700,65586,-0.01382488479262678
2022-02-22,10650,10750,10450,10650,48860,-0.004672897196261627
2022-02-23,10650,11000,10600,10750,35214,0.009389671361502261
2022-02-24,10650,10700,10100,10100,92402,-0.06046511627906981
2022-02-25,10400,10650,10150,10550,69508,0.044554455445544594
2022-02-28,10500,10800,10400,10600,36476,0.004739336492890933
2022-03-02,10700,11250,10450,10950,69326,0.03301886792452824
2022-03-03,11000,11350,10850,11150,59241,0.0182648401826484
2022-03-04,11200,11200,10900,11050,23279,-0.008968609865470878
2022-03-07,10900,11000,10650,10900,27109,-0.013574660633484115
2022-03-08,10800,10900,10500,10700,41199,-0.01834862385321101
2022-03-10,10850,11100,10850,10950,33371,0.02336448598130847
2022-03-11,11050,11100,10700,10950,34546,0.0
2022-03-14,10950,10950,10350,10600,58050,-0.03196347031963476
2022-03-15,10550,10650,10400,10400,38196,-0.018867924528301883
2022-03-16,10500,10700,10450,10600,36113,0.019230769230769162
2022-03-17,10900,10900,10500,10750,75196,0.014150943396226356
2022-03-18,11200,11850,11100,11700,244097,0.08837209302325588
2022-03-21,11850,11900,11450,11500,78710,-0.017094017094017144
2022-03-22,11300,11550,11300,11500,43518,0.0
2022-03-23,11500,11500,11100,11300,83150,-0.017391304347826098
2022-03-24,11100,11450,11000,11350,47710,0.004424778761061843
2022-03-25,11450,11450,11200,11350,33572,0.0
2022-03-28,11350,11500,11200,11400,39451,0.004405286343612369
2022-03-29,11450,11750,11400,11600,50601,0.01754385964912286
2022-03-30,11600,11600,11350,11500,32739,-0.008620689655172376
2022-03-31,11350,11500,11200,11500,66498,0.0
2022-04-01,11300,11400,11050,11150,63302,-0.0304347826086957
2022-04-04,11150,11300,10900,11100,96003,-0.004484304932735439
2022-04-05,11300,11300,11000,11000,49398,-0.009009009009009028
2022-04-06,10900,11000,10750,11000,55087,0.0
2022-04-07,10850,10950,10750,10750,30127,-0.022727272727272707
2022-04-08,10800,10950,10650,10700,23604,-0.0046511627906976605
2022-04-11,10750,10800,10450,10450,46302,-0.02336448598130836
2022-04-12,10450,10750,10350,10450,44592,0.0
2022-04-13,10450,10600,10400,10550,31693,0.009569377990430672
2022-04-14,10550,10650,10500,10550,26770,0.0
2022-04-15,10550,10700,10450,10700,24252,0.014218009478673022
2022-04-18,10700,10950,10600,10850,31449,0.014018691588784993
2022-04-19,10850,11100,10850,11000,32641,0.01382488479262678
2022-04-20,11000,11000,10650,10800,41504,-0.018181818181818188
2022-04-21,10700,10850,10300,10500,181750,-0.02777777777777779
2022-04-22,10450,10650,10400,10600,60844,0.00952380952380949
2022-04-25,10500,10800,10450,10600,94820,0.0
2022-04-26,10850,10850,10200,10300,143228,-0.028301886792452824
2022-04-27,7250,7950,7250,7250,4034503,-0.2961165048543689
2022-04-28,7000,7410,6700,7350,2088134,0.01379310344827589
2022-04-29,7360,7870,7180,7840,659794,0.06666666666666665
2022-05-02,7700,8180,7550,8020,456008,0.022959183673469497
2022-05-03,8020,8440,7950,8230,427069,0.026184538653366562
2022-05-04,8400,8790,8310,8520,391347,0.03523693803159178
2022-05-06,8520,8800,8370,8770,208307,0.02934272300469476
2022-05-09,8770,8800,8170,8370,190965,-0.04561003420752563
2022-05-10,8180,8480,7810,8380,246933,0.0011947431302270495
2022-05-11,8380,8530,8220,8470,138597,0.010739856801909253
2022-05-12,8460,8460,8010,8300,132699,-0.02007083825265643
2022-05-13,8210,8360,7990,8210,153444,-0.010843373493975905
2022-05-16,8100,8260,8100,8200,103925,-0.0012180267965895553
2022-05-17,8120,8250,8000,8170,134235,-0.003658536585365857
2022-05-18,8240,8240,7970,8160,127974,-0.001223990208078285
2022-05-19,7990,8100,7890,7970,114707,-0.023284313725490224
2022-05-20,7980,7980,7650,7690,128559,-0.035131744040150514
2022-05-23,7750,7750,7390,7550,110377,-0.01820546163849157
2022-05-24,7500,7680,7430,7490,81857,-0.007947019867549643
2022-05-25,7530,7530,6940,7460,270650,-0.004005340453938633
2022-05-26,7460,7520,7310,7310,69384,-0.020107238605898137
2022-05-27,7380,7470,7250,7380,66538,0.009575923392612928
2022-05-30,7390,7550,7000,7490,73956,0.01490514905149043
2022-05-31,7550,7700,7500,7620,53085,0.01735647530040052
2022-06-02,7680,7680,7420,7490,32685,-0.017060367454068248
2022-06-03,7510,7580,7350,7420,56733,-0.009345794392523366
2022-06-07,7400,7410,6940,7170,99252,-0.03369272237196763
2022-06-08,7070,7800,7070,7680,187091,0.07112970711297062
2022-06-09,7680,7940,7310,7880,127080,0.02604166666666674
2022-06-10,7710,7850,7560,7800,55557,-0.010152284263959421
2022-06-13,7600,7610,7210,7270,60744,-0.06794871794871793
2022-06-14,6970,7260,6930,6950,64156,-0.044016506189821225
2022-06-15,6910,7200,6630,6640,113818,-0.04460431654676256
2022-06-16,6650,7000,6650,6650,66095,0.001506024096385561
2022-06-17,6390,6990,6390,6850,58828,0.03007518796992481
2022-06-20,6760,6900,6200,6350,124747,-0.07299270072992703
2022-06-21,6250,6450,6210,6440,31385,0.014173228346456623
2022-06-22,6370,6550,6020,6220,75312,-0.03416149068322982
2022-06-23,6140,6390,5960,6170,113023,-0.008038585209003246
2022-06-24,6070,6430,6050,6360,62739,0.030794165316045286
2022-06-27,6360,6490,6210,6390,42745,0.004716981132075526
2022-06-28,6420,6550,6150,6320,32618,-0.010954616588419452
2022-06-29,6280,6390,6100,6380,44217,0.009493670886076
2022-06-30,6380,6440,6160,6380,46154,0.0
2022-07-01,6380,6400,6200,6360,45835,-0.0031347962382445305
2022-07-04,6360,6450,6000,6280,40692,-0.012578616352201255
2022-07-05,6280,6390,6220,6340,31942,0.009554140127388644
2022-07-06,6340,6380,6140,6250,34445,-0.014195583596214534
2022-07-07,6290,6620,6250,6620,42839,0.05919999999999992
2022-07-08,6600,6890,6590,6760,36586,0.02114803625377637
2022-07-11,6800,6870,6650,6770,41365,0.0014792899408284654
2022-07-12,6700,6760,6510,6710,31569,-0.008862629246676468
2022-07-13,6710,6770,6310,6530,35438,-0.026825633383010472
2022-07-14,6530,6720,6440,6660,18632,0.019908116385911168
2022-07-15,6600,6990,6420,6780,33420,0.018018018018018056
2022-07-18,6810,7050,6660,7030,86488,0.03687315634218291
2022-07-19,7030,7090,6820,7060,54905,0.004267425320056972
2022-07-20,7120,7700,7080,7400,147596,0.04815864022662897
2022-07-21,7390,7600,7280,7450,48360,0.006756756756756799
2022-07-22,7450,7670,7430,7580,39966,0.01744966442953011
2022-07-25,7600,7680,7510,7600,18794,0.0026385224274405594
2022-07-26,7600,7960,7570,7920,71758,0.042105263157894646
2022-07-27,7920,8350,7760,8300,191455,0.04797979797979801
2022-07-28,8310,8510,8140,8350,97700,0.006024096385542244
2022-07-29,8430,8740,8270,8670,174948,0.038323353293413076
2022-08-01,8670,8670,8070,8250,156472,-0.04844290657439443
2022-08-02,8170,8570,8070,8430,107102,0.021818181818181737
2022-08-03,8250,8400,8180,8330,43356,-0.011862396204033177
2022-08-04,8390,8700,8180,8620,69868,0.034813925570228
2022-08-05,8620,8630,8400,8590,62653,-0.0034802784222738303
2022-08-08,8440,8620,8400,8590,43572,0.0
2022-08-09,8620,8660,8430,8570,78347,-0.002328288707799775
2022-08-10,8570,9070,8500,8860,202797,0.03383897316219375
2022-08-11,8950,9410,8850,9400,266107,0.060948081264108334
2022-08-12,9310,9510,9210,9450,115131,0.005319148936170137
2022-08-16,9410,9480,9150,9230,94244,-0.023280423280423235
2022-08-17,9300,9330,8950,9300,92431,0.007583965330444142
2022-08-18,9130,9320,9010,9310,49977,0.0010752688172042113
2022-08-19,9310,9310,9050,9230,32838,-0.008592910848549962
2022-08-22,9220,9220,8940,9110,38643,-0.013001083423618609
2022-08-23,8840,9050,8840,9000,36705,-0.01207464324917673
2022-08-24,9000,9120,8880,9050,55088,0.005555555555555536
2022-08-25,9100,9730,9100,9630,178300,0.06408839779005526
2022-08-26,9690,9970,9600,9920,185757,0.03011422637590866
2022-08-29,9800,10000,9310,9920,90079,0.0
2022-08-30,9920,9920,9650,9900,77874,-0.0020161290322581182
2022-08-31,9900,10100,9790,10100,82319,0.02020202020202011
2022-09-01,10100,10100,9780,9900,86189,-0.01980198019801982
2022-09-02,9900,10000,9480,9700,71449,-0.02020202020202022
2022-09-05,9700,9870,9430,9550,65556,-0.015463917525773141
2022-09-06,9600,10000,9570,10000,62261,0.04712041884816753
2022-09-07,10100,10100,9730,9800,28556,-0.020000000000000018
2022-09-08,10000,10050,9670,10000,73594,0.020408163265306145
2022-09-13,10000,10600,9930,10500,166671,0.050000000000000044
2022-09-14,10200,10550,10000,10400,61576,-0.00952380952380949
2022-09-15,10500,10500,10200,10350,33619,-0.004807692307692291
2022-09-16,10100,10350,10000,10350,40762,0.0
2022-09-19,10450,10450,9650,9900,94172,-0.04347826086956519
2022-09-20,9900,10000,9430,9700,72308,-0.02020202020202022
2022-09-21,9450,9730,9030,9620,160238,-0.008247422680412342
2022-09-22,9450,9700,9290,9660,31609,0.004158004158004047
2022-09-23,9660,10100,9290,9460,76914,-0.020703933747411973
2022-09-26,9440,9440,8720,8780,59336,-0.07188160676532773
2022-09-27,8780,8830,8440,8830,53551,0.005694760820045497
2022-09-28,8850,8850,8070,8100,82056,-0.08267270668176674
2022-09-29,8100,8400,7680,8110,72783,0.0012345679012346622
2022-09-30,8000,8440,7790,8210,62035,0.012330456226880449
2022-10-04,8260,10100,8230,9130,178386,0.1120584652862362
2022-10-05,9250,9280,8570,8660,46881,-0.05147864184008766
2022-10-06,8660,8800,8600,8630,22807,-0.0034642032332563577
2022-10-07,8480,8720,8330,8400,30189,-0.02665121668597914
2022-10-11,8050,8250,7600,7600,79695,-0.09523809523809523
2022-10-12,7600,7760,7380,7610,72591,0.001315789473684159
2022-10-13,7660,7670,7250,7580,38176,-0.003942181340341633
2022-10-14,7660,7920,7660,7760,42912,0.0237467018469657
2022-10-17,7760,7850,7540,7750,24875,-0.0012886597938144284
2022-10-18,7950,7950,7750,7830,9441,0.010322580645161228
2022-10-19,7770,7850,7650,7800,25262,-0.003831417624521105
2022-10-20,7690,7850,7690,7740,7249,-0.007692307692307665
2022-10-21,7760,7800,7510,7550,25780,-0.02454780361757103
2022-10-24,7800,8040,7730,7890,21437,0.04503311258278142
2022-10-25,7900,8370,7820,8370,30381,0.06083650190114076
2022-10-26,8370,8370,8050,8300,19784,-0.008363201911589013
2022-10-27,8080,8300,8060,8170,12767,-0.015662650602409678
2022-10-28,8170,8210,8010,8120,7147,-0.006119951040391647
2022-10-31,8270,8270,8020,8090,10332,-0.003694581280788145
2022-11-01,8000,8390,8000,8290,19431,0.024721878862793645
2022-11-02,8330,8650,7940,8200,82621,-0.010856453558504175
2022-11-03,8040,8700,7940,8400,25494,0.024390243902439046
2022-11-04,8450,8450,8190,8400,14004,0.0
2022-11-07,8450,8450,8200,8350,8395,-0.005952380952380931
2022-11-08,8490,8510,8300,8500,39898,0.017964071856287456
2022-11-09,8480,8550,8350,8440,8725,-0.007058823529411784
2022-11-10,8350,8500,8280,8410,5653,-0.0035545023696682554
2022-11-11,8560,8560,8400,8540,49963,0.015457788347205792
2022-11-14,8940,8940,8450,8530,36539,-0.0011709601873536313
2022-11-15,8580,8600,8450,8590,10006,0.00703399765533419
2022-11-16,8630,11100,8500,9650,2728544,0.12339930151338763
2022-11-17,9600,9640,9210,9320,430284,-0.03419689119170988
2022-11-18,9320,9460,9110,9230,254695,-0.00965665236051505
2022-11-21,9200,9200,8700,8710,116369,-0.05633802816901412
2022-11-22,8710,9040,8680,8900,101465,0.021814006888633664
2022-11-23,8900,9040,8760,8830,51959,-0.00786516853932584
2022-11-24,8910,9100,8820,9100,45685,0.0305775764439411
2022-11-25,9100,9190,8900,9010,25005,-0.009890109890109855
2022-11-28,9010,9050,8810,8870,23024,-0.015538290788013276
2022-11-29,8800,9000,8680,8850,17390,-0.0022547914317925244
2022-11-30,8750,8890,8600,8700,36211,-0.016949152542372836
2022-12-01,8840,8860,8520,8650,52482,-0.005747126436781658
2022-12-02,8640,8690,8370,8540,50433,-0.012716763005780396
2022-12-05,8580,8580,8350,8360,24590,-0.021077283372365363
2022-12-06,8360,8360,7940,7980,50808,-0.045454545454545414
2022-12-07,7920,8060,7880,7970,17902,-0.0012531328320801727
2022-12-08,7900,8000,7400,7950,29783,-0.0025094102885822034
2022-12-09,7880,8040,7530,7990,24373,0.005031446540880502
2022-12-12,7970,7980,7790,7870,16503,-0.015018773466833557
2022-12-13,7880,7910,7700,7800,26072,-0.008894536213468918
2022-12-14,7800,7950,7710,7870,12157,0.008974358974358942
2022-12-15,7870,7870,7740,7840,16431,-0.003811944091486663
2022-12-16,7670,7780,7520,7700,26802,-0.017857142857142905
2022-12-19,7700,7740,7500,7610,15607,-0.011688311688311637
2022-12-20,7600,7600,7340,7500,39590,-0.014454664914586024
2022-12-21,7590,7590,7240,7240,26396,-0.03466666666666662
2022-12-22,7280,7540,7280,7480,18538,0.03314917127071815
2022-12-23,7400,7400,7150,7300,23483,-0.024064171122994638
2022-12-26,7300,7410,7000,7240,30850,-0.008219178082191747
2022-12-27,7210,7290,7060,7240,19567,0.0
2022-12-28,7200,7460,7200,7370,11316,0.017955801104972302
2022-12-29,7380,7410,7130,7200,9502,-0.023066485753052923
2023-01-02,7040,7500,6890,6890,62104,-0.043055555555555514
2023-01-03,6910,7180,6740,7060,52689,0.02467343976777947
2023-01-04,6980,7400,6940,7390,38161,0.04674220963172804
2023-01-05,7500,7500,7190,7340,26417,-0.006765899864682012
2023-01-06,7290,7650,7250,7570,26549,0.03133514986376018
2023-01-09,7580,7800,7530,7620,20996,0.006605019815059343
2023-01-10,7580,7790,7440,7530,17002,-0.011811023622047223
2023-01-11,7650,7650,7400,7520,18642,-0.0013280212483399723
2023-01-12,7590,7680,7190,7560,24212,0.005319148936170137
2023-01-13,7560,7650,7420,7490,28288,-0.0092592592592593
2023-01-16,7500,7600,7260,7480,36095,-0.001335113484646211
2023-01-17,7350,7500,7260,7350,18102,-0.017379679144384985
2023-01-18,7450,7450,7180,7250,24427,-0.013605442176870763
2023-01-19,7200,7400,7150,7340,15559,0.012413793103448256
2023-01-20,7340,7500,7280,7350,7801,0.0013623978201635634
2023-01-25,7450,7580,7360,7520,28784,0.023129251700680253
2023-01-26,7600,7600,7460,7540,18852,0.0026595744680850686
2023-01-27,7540,7650,7480,7580,15965,0.0053050397877985045
2023-01-30,7580,7740,7500,7600,13380,0.0026385224274405594
2023-01-31,7550,8400,7490,7900,237317,0.03947368421052633
2023-02-01,7890,8080,7700,7740,41620,-0.020253164556962022
2023-02-02,7820,8210,7640,8050,231587,0.040051679586563305
2023-02-03,8050,8190,7970,8010,41860,-0.004968944099378869
2023-02-06,8010,8150,7830,8010,33937,0.0
2023-02-07,8000,8180,7910,8010,20545,0.0
2023-02-08,8020,8420,8000,8360,60539,0.043695380774032566
2023-02-09,8370,8600,8250,8510,88826,0.017942583732057482
2023-02-10,8580,8580,8280,8500,34309,-0.001175088131609825
2023-02-13,8610,8710,8350,8390,50486,-0.012941176470588234
2023-02-14,8550,8600,8390,8510,40523,0.014302741358760418
2023-02-15,8510,8580,8000,8300,46360,-0.024676850763807323
2023-02-16,8290,8450,8140,8370,36078,0.008433734939758963
2023-02-17,8210,8390,8130,8370,31945,0.0
2023-02-20,8370,8680,8250,8570,80795,0.0238948626045401
2023-02-21,8650,8690,8500,8550,33257,-0.002333722287047868
2023-02-22,8470,8580,8330,8500,29185,-0.005847953216374324
2023-02-23,8640,8640,8350,8350,33236,-0.01764705882352946
2023-02-24,8260,8340,8110,8230,33409,-0.014371257485029987
2023-02-27,8230,8400,8010,8160,28117,-0.008505467800729027
2023-02-28,8200,8390,8120,8340,23659,0.022058823529411686
2023-03-02,8550,8670,8320,8600,61217,0.031175059952038398
2023-03-03,8600,8730,8460,8580,23151,-0.0023255813953488857
2023-03-06,8550,8750,8420,8700,42461,0.013986013986013957
2023-03-07,8660,8800,8550,8800,31461,0.011494252873563315
2023-03-08,8700,8800,8670,8730,25232,-0.007954545454545436
2023-03-09,8810,9020,8640,8970,86160,0.027491408934707806
2023-03-10,8900,9260,8840,8980,210679,0.0011148272017837968
2023-03-13,9060,9240,8610,9190,151705,0.023385300668151476
2023-03-14,9230,9410,8870,8930,97059,-0.028291621327529937
2023-03-15,9100,9200,8930,9100,60934,0.01903695408734607
2023-03-16,8920,9100,8800,8860,56863,-0.02637362637362639
2023-03-17,8860,9380,8760,9370,106619,0.05756207674943559
2023-03-20,9360,9360,8950,9300,59376,-0.007470651013874119
2023-03-21,9300,9480,9000,9110,46045,-0.02043010752688168
2023-03-22,9090,9380,8940,9170,52514,0.00658616904500553
2023-03-23,8930,9200,8900,9020,40873,-0.016357688113413316
2023-03-24,9040,9400,9040,9200,102816,0.019955654101995624
2023-03-27,9450,10180,9340,10030,601477,0.0902173913043478
2023-03-28,10110,10510,9830,10230,428521,0.019940179461615193
2023-03-29,10140,10600,10070,10330,275456,0.009775171065493637
2023-03-30,10600,10790,10200,10600,238034,0.02613746369796699
2023-03-31,10630,10920,10260,10580,238540,-0.0018867924528301883
2023-04-03,10590,10850,10150,10640,119574,0.005671077504725952
2023-04-04,10470,10910,9870,9950,162783,-0.06484962406015038
2023-04-05,9940,10100,9760,9950,116124,0.0
2023-04-06,9960,10250,9620,10000,108156,0.005025125628140614
2023-04-07,10280,10950,10000,10600,409505,0.06000000000000005
2023-04-10,10800,10800,10240,10570,133216,-0.002830188679245338
2023-04-11,10620,10640,10330,10630,95952,0.0056764427625355385
2023-04-12,10630,10630,10300,10400,78869,-0.021636876763875823
2023-04-13,10330,10360,9990,10190,104568,-0.02019230769230773
2023-04-14,10300,10420,10000,10150,61376,-0.003925417075564264
2023-04-17,10150,10390,9900,10080,61740,-0.006896551724137945
2023-04-18,10050,10100,9700,9750,162443,-0.03273809523809523
2023-04-19,9870,10350,9790,10220,160113,0.04820512820512812
2023-04-20,10260,10340,9850,10320,117355,0.009784735812133016
2023-04-21,10200,10900,10200,10410,175986,0.008720930232558155
2023-04-24,10480,10620,10190,10530,87741,0.011527377521613813
2023-04-25,10500,10650,9710,9930,118231,-0.056980056980056926
2023-04-26,9900,9990,9670,9780,62163,-0.015105740181268867
2023-04-27,9780,10530,9600,10100,157587,0.0327198364008181
2023-04-28,10100,10260,9920,10080,45616,-0.001980198019801982
2023-05-02,10080,10080,9830,9990,48585,-0.008928571428571397
2023-05-03,9800,10350,9800,10190,47330,0.020020020020020013
2023-05-04,10010,10180,9990,10050,27805,-0.013738959764474923
2023-05-08,10150,10380,10030,10080,47077,0.0029850746268655914
2023-05-09,10080,10240,9910,10000,39035,-0.007936507936507908
2023-05-10,9910,10090,9890,10010,22669,0.0009999999999998899
2023-05-11,10100,10300,9950,10020,68262,0.0009990009990010762
2023-05-12,10000,10020,9890,10010,23122,-0.0009980039920159944
2023-05-15,10020,10350,9890,10040,127571,0.0029970029970030065
2023-05-16,9990,10140,9840,9910,61820,-0.01294820717131473
2023-05-17,10020,10190,9900,10190,60670,0.028254288597376442
2023-05-18,10110,10350,10110,10160,71967,-0.0029440628066732533
2023-05-19,10380,10640,10320,10620,160309,0.04527559055118102
2023-05-22,10670,10900,10510,10610,184819,-0.0009416195856873921
2023-05-23,10710,10710,10420,10610,69988,0.0
2023-05-24,10620,10670,10450,10560,33037,-0.004712535344015056
2023-05-25,10560,10670,10400,10490,66224,-0.006628787878787845
2023-05-26,10550,10630,10090,10220,130752,-0.025738798856053346
2023-05-30,10260,10500,10220,10400,37987,0.017612524461839474
2023-05-31,10420,10470,10210,10350,39496,-0.004807692307692291
2023-06-01,10260,10700,10250,10620,147515,0.026086956521739202
2023-06-02,10620,11990,10490,11500,598621,0.08286252354048962
2023-06-05,11580,12530,11550,12390,443143,0.07739130434782604
2023-06-07,12430,12600,12040,12160,193539,-0.018563357546408366
2023-06-08,12160,12710,12060,12350,195846,0.015625
2023-06-09,12380,12470,12180,12240,128769,-0.008906882591093068
2023-06-12,12300,12450,12110,12400,104069,0.013071895424836555
2023-06-13,12410,12740,12410,12700,179278,0.024193548387096753
2023-06-14,12890,12900,12030,12240,132772,-0.03622047244094484
2023-06-15,12250,12750,12250,12520,93751,0.02287581699346397
2023-06-16,12520,12660,12320,12540,82759,0.0015974440894568342
2023-06-19,12810,13300,12700,13020,301540,0.038277511961722466
2023-06-20,13090,13330,12830,13120,178613,0.007680491551459223
2023-06-21,13050,13200,12710,12790,135953,-0.02515243902439024
2023-06-22,12500,12920,12010,12470,85154,-0.02501954652071936
2023-06-23,12710,12890,12510,12870,77499,0.03207698476343235
2023-06-26,12930,13440,12870,13090,188391,0.017094017094017033
2023-06-27,13090,13260,12900,13080,80137,-0.0007639419404125158
2023-06-28,13200,13200,12540,12660,135059,-0.032110091743119296
2023-06-29,12870,12870,12350,12570,59781,-0.007109004739336511
2023-06-30,12480,12570,12110,12490,87096,-0.006364359586316648
2023-07-03,12510,12960,12260,12900,168475,0.032826261008807034
2023-07-04,12910,13110,12780,13000,69350,0.007751937984496138
2023-07-05,13090,13190,12870,13000,59749,0.0
2023-07-06,13110,13110,12500,12540,68320,-0.03538461538461535
2023-07-07,12540,13030,12440,12570,92565,0.0023923444976077235
2023-07-10,12940,12940,12470,12600,53568,0.0023866348448686736
2023-07-11,12500,13220,12350,13010,108993,0.032539682539682646
2023-07-12,13300,13610,12860,13600,193967,0.04534973097617212
2023-07-13,13600,13900,13320,13840,218025,0.01764705882352935
2023-07-14,13840,14250,13740,13810,188198,-0.0021676300578035157
2023-07-17,13880,14820,13870,14770,284971,0.0695148443157132
2023-07-18,15130,15410,14620,14740,300969,-0.0020311442112389555
2023-07-19,14590,14800,14110,14710,159678,-0.002035278154681186
2023-07-20,14710,14950,14310,14940,101893,0.015635622025832685
2023-07-21,14560,14990,14550,14930,87321,-0.0006693440428380271
2023-07-24,15300,17000,15000,17000,887273,0.1386470194239786
2023-07-25,16950,16950,15550,16140,388965,-0.0505882352941176
2023-07-26,16150,16360,15300,16140,325699,0.0
2023-07-27,16050,18550,16030,18240,748654,0.13011152416356886
2023-07-28,18240,18300,17450,18140,194873,-0.005482456140350922
2023-07-31,18180,19790,17790,19460,353985,0.07276736493936053
2023-08-01,19480,20300,19400,19820,302036,0.018499486125385323
2023-08-02,19900,20450,18790,19830,448613,0.0005045408678103769
2023-08-03,19520,19920,18500,19880,398323,0.002521432173474558
2023-08-04,19880,20300,19010,19580,199114,-0.015090543259557387
2023-08-07,19640,19970,18070,18490,253199,-0.05566905005107248
2023-08-08,18490,18500,17460,18270,262648,-0.01189832341806385
2023-08-09,18200,18990,17850,18670,203240,0.021893814997263172
2023-08-10,18570,18790,17910,18440,158362,-0.012319228709159025
2023-08-11,18440,18960,18160,18650,105908,0.011388286334056419
2023-08-14,18650,18650,17840,18330,127593,-0.0171581769436997
2023-08-16,17980,18420,17780,18050,96076,-0.015275504637206727
2023-08-17,17900,17960,17110,17690,124028,-0.019944598337950148
2023-08-18,17490,18000,16910,17800,161824,0.00621820237422277
2023-08-21,18300,18300,17690,17980,77228,0.010112359550561889
2023-08-22,18100,18450,17090,17320,123849,-0.036707452725250334
2023-08-23,17300,17450,16160,16760,203851,-0.0323325635103926
2023-08-24,16810,18000,16660,17230,223901,0.02804295942720758
2023-08-25,17730,19360,17150,19000,384181,0.10272780034822993
2023-08-28,19060,19570,18820,19100,178440,0.0052631578947368585
2023-08-29,19100,24000,18800,23450,1200563,0.22774869109947637
2023-08-30,23300,25000,22300,25000,609455,0.06609808102345416
2023-08-31,24500,25750,23800,25000,442311,0.0
2023-09-01,24750,26600,24750,25850,372890,0.03400000000000003
2023-09-04,25700,26500,23400,24050,365369,-0.06963249516441006
2023-09-05,23850,25600,23650,25350,440493,0.054054054054053946
2023-09-06,25000,25150,23450,23750,284446,-0.06311637080867849
2023-09-07,23450,23750,21200,21350,634230,-0.1010526315789474
2023-09-08,21550,22250,20500,20650,488010,-0.032786885245901676
2023-09-11,20400,20550,15110,15850,2705445,-0.23244552058111378
2023-09-12,15790,15980,14930,14930,794252,-0.05804416403785484
2023-09-13,14770,16480,14550,16270,714196,0.0897521768251841
2023-09-14,16270,16270,15130,15700,318267,-0.03503380454824834
2023-09-15,15700,15700,14900,14980,256143,-0.04585987261146496
2023-09-18,14650,14930,14150,14400,281561,-0.03871829105473967
2023-09-19,14200,14540,12880,12990,513408,-0.09791666666666665
2023-09-20,13140,13600,12880,13050,228517,0.004618937644341736
2023-09-21,12910,13180,12540,12710,140560,-0.02605363984674325
2023-09-22,12510,12840,12300,12690,150796,-0.0015735641227380137
2023-09-25,12690,13440,12110,13000,251879,0.024428684003152012
2023-09-26,13010,13090,11930,12230,250320,-0.0592307692307692
2023-09-27,12020,13220,12020,13150,141996,0.07522485690923952
2023-10-04,13000,13810,12550,12920,402221,-0.017490494296577896
2023-10-05,13240,13920,12160,12250,383551,-0.05185758513931893
2023-10-06,12150,12820,12150,12700,102270,0.03673469387755102
2023-10-10,12700,12900,12040,12100,137256,-0.047244094488189003
2023-10-11,12130,12880,12120,12860,115084,0.062809917355372
2023-10-12,13000,13790,13000,13480,174498,0.04821150855365475
2023-10-13,13490,13840,13090,13630,123859,0.011127596439169052
2023-10-16,13300,13530,13100,13150,85817,-0.035216434336023505
2023-10-17,13290,14570,13260,14510,238295,0.1034220532319392
2023-10-18,14540,14610,14050,14320,114578,-0.013094417643004785
2023-10-19,13900,13980,13560,13600,107159,-0.05027932960893855
2023-10-20,13470,14090,12850,13560,120353,-0.002941176470588225
2023-10-23,13380,13890,13380,13810,59451,0.018436578171091345
2023-10-24,13820,14150,13200,13790,95398,-0.0014482259232440065
2023-10-25,13710,14590,13710,13940,150224,0.010877447425670761
2023-10-26,13400,13730,13190,13360,81385,-0.04160688665710188
2023-10-27,13450,13570,13000,13500,84177,0.010479041916167775
2023-10-30,13500,13600,13170,13440,42377,-0.004444444444444473
2023-10-31,13580,13830,13210,13250,85751,-0.014136904761904767
2023-11-01,13330,13880,13330,13660,78053,0.030943396226415176
2023-11-02,13970,14220,13960,14100,87415,0.03221083455344065
2023-11-03,14240,14420,13630,13650,93691,-0.03191489361702127
2023-11-06,13880,13960,13110,13890,125521,0.01758241758241752
2023-11-07,13560,14300,13500,14090,164969,0.014398848092152639
2023-11-08,14120,14320,13650,13730,90845,-0.025550035486160416
2023-11-09,13970,14050,13600,13760,53202,0.002184996358339353
2023-11-10,13530,14130,13530,14000,77024,0.01744186046511631
2023-11-13,13760,15100,13200,13890,369414,-0.007857142857142896
2023-11-14,14030,14550,13210,13600,338427,-0.02087832973362136
2023-11-15,13830,14350,13600,13940,403646,0.02499999999999991
2023-11-16,14060,14060,13460,13580,215506,-0.02582496413199431
2023-11-17,13590,13640,13140,13290,105205,-0.021354933726067782
2023-11-20,13290,13430,13150,13300,39178,0.0007524454477050302
2023-11-21,13440,13500,13140,13170,78121,-0.009774436090225547
2023-11-22,13120,15700,13050,15550,947716,0.18071374335611234
2023-11-23,15410,15610,14550,14600,361940,-0.06109324758842438
2023-11-24,14480,14910,14310,14770,127414,0.011643835616438336
2023-11-27,14770,17500,14650,16990,2110718,0.15030467163168582
2023-11-28,17340,17940,16610,17590,843162,0.03531489111241903
2023-11-29,17600,19120,17510,18050,925400,0.026151222285389464
2023-11-30,18120,18600,17600,17990,267351,-0.003324099722991636
2023-12-01,18100,18880,17400,17640,363910,-0.01945525291828798
2023-12-04,17800,17990,16680,17000,260208,-0.03628117913832196
2023-12-05,16900,17970,16500,17370,546979,0.021764705882352908
2023-12-06,17370,17900,16970,17790,173853,0.024179620034542326
2023-12-07,17700,18500,17460,17740,230929,-0.0028105677346823565
2023-12-08,18220,19080,17670,19010,471957,0.0715896279594137
2023-12-11,19100,19920,18740,19240,301830,0.012098895318253478
2023-12-12,19350,19800,17580,18010,377173,-0.06392931392931389
2023-12-13,18000,18360,17700,17950,156189,-0.003331482509716821
2023-12-14,18150,18330,17680,18030,171626,0.004456824512534929
2023-12-15,18040,18320,17000,17140,293306,-0.04936217415418742
2023-12-18,17200,17940,17200,17850,122628,0.04142357059509916
2023-12-19,17960,17970,17430,17500,135953,-0.019607843137254943
2023-12-20,17740,18020,17330,17500,132287,0.0
2023-12-21,17500,17500,16920,17010,140069,-0.028000000000000025
2023-12-22,17100,17270,16500,16580,128338,-0.025279247501469704
2023-12-26,16580,16580,15310,15570,315917,-0.06091676718938477
2023-12-27,15700,16050,15450,15690,134222,0.007707129094412402
2023-12-28,15790,16660,15350,16590,147364,0.05736137667304009
2024-01-02,16700,17050,16250,16920,106229,0.019891500904159143
2024-01-03,16840,16870,16310,16850,86788,-0.004137115839243477
2024-01-04,16800,17160,16470,16750,109905,-0.005934718100890191
2024-01-05,16540,16840,16380,16500,87792,-0.014925373134328401
2024-01-08,16420,16580,15940,16000,104797,-0.030303030303030276
2024-01-09,16380,16890,15870,16030,136075,0.001875000000000071
2024-01-10,16330,16760,16120,16350,113862,0.019962570180910744
2024-01-11,16450,16560,16030,16210,87956,-0.008562691131498434
2024-01-12,16150,16460,15810,16000,96296,-0.012954966070326979
2024-01-15,16050,16450,15930,16150,75967,0.009374999999999911
2024-01-16,16150,16470,15500,16070,72548,-0.004953560371517063
2024-01-17,16070,16090,14500,15150,194801,-0.05724953329184812
2024-01-18,15100,15890,14910,15790,103524,0.042244224422442134
2024-01-19,16100,16430,15910,16120,135132,0.020899303356554766
2024-01-22,16420,17220,16230,16920,240318,0.04962779156327546
2024-01-23,16930,17430,16920,17170,254488,0.014775413711583862
2024-01-24,17210,17800,17050,17730,223750,0.032615026208503206
2024-01-25,17800,17950,16840,16900,205504,-0.04681331077270168
2024-01-26,16900,17210,16450,16520,95735,-0.022485207100591764
2024-01-29,16530,16770,15790,15890,113663,-0.03813559322033899
2024-01-30,15800,15970,15270,15700,104310,-0.011957205789804859
2024-01-31,15460,15640,15090,15450,91175,-0.015923566878980888
2024-02-01,15340,15550,15030,15160,60553,-0.018770226537216828
2024-02-02,15100,16180,15100,16000,133293,0.0554089709762533
2024-02-05,15990,16850,15800,16470,139943,0.02937499999999993
2024-02-06,16650,16770,15950,16550,63133,0.004857316332726125
2024-02-07,16720,16750,15690,15990,117477,-0.0338368580060423
2024-02-08,16280,16490,15780,16200,120201,0.013133208255159401
2024-02-13,16230,17010,16210,16600,181510,0.024691358024691468
2024-02-14,16310,17170,16300,17140,145508,0.032530120481927716
2024-02-15,17500,18330,17220,17480,436041,0.019836639439906545
2024-02-16,17710,17710,16490,16680,220585,-0.04576659038901598
2024-02-19,16700,16870,16450,16650,115844,-0.0017985611510791255
2024-02-20,16810,17260,16650,17100,204241,0.027027027027026973
2024-02-21,17090,18540,16870,18410,1007716,0.07660818713450301
2024-02-22,19150,19950,17670,19000,2139025,0.032047800108636615
2024-02-23,19610,19900,18060,19000,647975,0.0
2024-02-26,18810,19840,18520,19180,826132,0.0094736842105263
2024-02-27,19360,22450,18530,22300,1597911,0.1626694473409802
2024-02-28,22250,22900,21600,22000,775473,-0.013452914798206317
2024-02-29,21900,24000,21200,22150,973082,0.006818181818181834
2024-03-04,23000,24450,22400,23000,933384,0.038374717832957206
2024-03-05,22950,24000,21400,23050,840549,0.0021739130434783593
2024-03-06,22200,23800,21750,23300,409326,0.010845986984815648
2024-03-07,23200,23450,21300,21750,698312,-0.0665236051502146
2024-03-08,22100,23550,21550,22850,585307,0.05057471264367819
2024-03-11,22000,22250,20800,21400,485163,-0.06345733041575496
2024-03-12,20950,22750,20900,22650,392229,0.05841121495327095
2024-03-13,22950,23100,21200,21300,444750,-0.05960264900662249
2024-03-14,21300,21300,20050,20200,410119,-0.05164319248826288
2024-03-15,19660,21250,19250,20800,438882,0.02970297029702973
2024-03-18,21150,22000,20550,21150,253839,0.016826923076923128
2024-03-19,20800,21200,20300,21050,157761,-0.004728132387706863
2024-03-20,21400,22450,20750,20850,301776,-0.009501187648456089
2024-03-21,21400,21500,20300,20800,283177,-0.0023980815347721673
2024-03-22,21500,23150,20700,22500,851332,0.08173076923076916
2024-03-25,22750,23600,22150,22600,536158,0.004444444444444473
2024-03-26,22750,24300,22650,23400,920240,0.03539823008849563
2024-03-27,23550,29900,23450,28350,5242228,0.21153846153846145
2024-03-28,28050,29250,26750,27300,1896983,-0.03703703703703709
2024-03-29,28100,28150,25750,26200,984390,-0.04029304029304026
2024-04-01,27500,28100,23650,24550,1907179,-0.06297709923664119
2024-04-02,24550,24650,22700,22850,863102,-0.06924643584521384
2024-04-03,22350,22500,20850,21650,773963,-0.05251641137855578
2024-04-04,21700,23150,21000,22700,962675,0.04849884526558901
2024-04-05,21900,22350,21300,21450,358252,-0.05506607929515417
2024-04-08,21150,21450,20300,20300,327183,-0.053613053613053574
2024-04-09,20250,20750,19420,19630,392856,-0.033004926108374355
2024-04-11,19110,19270,18410,18890,295081,-0.0376974019358125
2024-04-12,19100,20300,18860,20150,414085,0.0667019587083113
2024-04-15,19960,21700,19400,21500,492563,0.06699751861042191
2024-04-16,21500,22350,20000,20550,472810,-0.04418604651162794
2024-04-17,20950,21250,20250,20750,246736,0.009732360097323589
2024-04-18,20450,21850,20100,21650,285670,0.04337349397590362
2024-04-19,21400,21600,19690,20600,336050,-0.0484988452655889
2024-04-22,20050,20550,19600,19800,215834,-0.03883495145631066
2024-04-23,20000,20150,19460,19510,113768,-0.014646464646464685
2024-04-24,19630,20650,19600,20200,202069,0.03536647872885701
2024-04-25,20000,21500,19830,21000,241635,0.03960396039603964
2024-04-26,20850,21550,20750,21000,241411,0.0
2024-04-29,21250,22200,20400,22100,483830,0.05238095238095242
2024-04-30,22000,22050,21000,21350,193806,-0.0339366515837104
2024-05-02,20900,21600,20850,21450,119993,0.004683840749414525
2024-05-03,21650,21750,20200,20550,211153,-0.04195804195804198
2024-05-07,20650,21050,19890,19920,236579,-0.03065693430656935
2024-05-08,19800,19880,17600,18660,1296588,-0.06325301204819278
2024-05-09,18570,18630,18060,18300,364940,-0.019292604501607746
2024-05-10,18450,18900,18100,18750,196841,0.024590163934426146
2024-05-13,18900,18900,17530,17950,312024,-0.04266666666666663
2024-05-14,17860,18750,17860,18530,216136,0.03231197771587735
2024-05-16,18770,19230,18630,18790,253199,0.01403130059363189
2024-05-17,18770,18780,18110,18370,142577,-0.02235231506120272
2024-05-20,18240,19800,18010,18570,546909,0.01088731627653794
2024-05-21,18610,20450,18600,19910,598854,0.07215939687668271
2024-05-22,19910,20650,19270,20050,298140,0.007031642390758375
2024-05-23,20300,20300,19320,19920,237418,-0.006483790523690747
2024-05-24,19660,20200,19110,19150,225580,-0.03865461847389562
2024-05-27,18990,19350,18400,18800,179380,-0.018276762402088753
2024-05-28,18750,18920,18340,18790,183757,-0.0005319148936170359
2024-05-29,18810,19400,18600,18690,182420,-0.0053219797764768595
2024-05-30,18670,18670,18040,18100,114553,-0.03156768325307646
2024-05-31,18100,18100,17260,17650,259571,-0.024861878453038666
2024-06-03,17680,19440,17400,17800,692457,0.008498583569405138
2024-06-04,18020,18350,17160,17840,267280,0.0022471910112360494
2024-06-05,18650,18950,18060,18340,364597,0.028026905829596327
2024-06-07,18580,18670,18070,18200,143237,-0.007633587786259555
2024-06-10,18010,18660,18000,18570,122038,0.020329670329670257
2024-06-11,18700,19240,18300,18830,131491,0.014001077005923568
2024-06-12,18860,19700,18760,19600,306387,0.040892193308550207
2024-06-13,19600,22100,19330,21400,854168,0.09183673469387754
2024-06-14,21150,21350,19880,20600,476794,-0.03738317757009346
2024-06-17,20200,21650,20100,20950,351923,0.016990291262136026
2024-06-18,21000,21050,19870,19930,252606,-0.04868735083532216
2024-06-19,19930,20100,19470,19500,227066,-0.021575514300050225
2024-06-20,19590,19630,19120,19290,126668,-0.010769230769230753
2024-06-21,19260,19400,18900,19000,99487,-0.015033696215655756
2024-06-24,19190,19880,19000,19510,151931,0.026842105263158
2024-06-25,19350,19800,19170,19770,93437,0.013326499231163469
2024-06-26,19810,19880,19270,19300,88526,-0.023773394031360695
2024-06-27,19310,19310,18300,18480,247992,-0.042487046632124326
2024-06-28,18480,19380,18480,19230,205576,0.0405844155844155
2024-07-01,19120,19280,18780,19020,111646,-0.010920436817472678
2024-07-02,18840,18890,18360,18480,170155,-0.028391167192429068
2024-07-03,18170,18470,17910,18440,150746,-0.0021645021645021467
2024-07-04,18780,18870,18350,18600,87978,0.008676789587852562
2024-07-05,18880,18880,18250,18410,77464,-0.010215053763440896
2024-07-08,18750,19980,18690,19900,258540,0.08093427485062477
2024-07-09,19860,20050,19430,19710,125210,-0.009547738693467367
2024-07-10,19740,21300,19650,19870,481129,0.008117706747843734
2024-07-11,19900,20600,19600,20450,176515,0.029189733266230533
2024-07-12,20000,20400,19750,19990,116011,-0.022493887530562362
2024-07-15,20000,21150,20000,21100,316139,0.05552776388194092
2024-07-16,20950,22450,19990,21900,481339,0.03791469194312791
2024-07-17,22100,22300,20700,21050,511825,-0.038812785388127824
2024-07-18,20150,22000,19980,21250,337310,0.009501187648456089
2024-07-19,21300,21300,20100,20350,221910,-0.04235294117647059
2024-07-22,20300,20350,18650,19010,452362,-0.06584766584766588
2024-07-23,19270,19890,19030,19110,164492,0.005260389268805898
2024-07-24,19150,21100,19120,20700,352304,0.08320251177394034
2024-07-25,19970,20300,19480,19820,212098,-0.04251207729468598
2024-07-26,19940,20100,19350,20100,161202,0.01412714429868811
2024-07-29,20100,20900,19990,20650,223574,0.027363184079602032
2024-07-30,20650,20650,19130,19310,316507,-0.06489104116222766
2024-07-31,19240,19610,18620,19240,167073,-0.0036250647332988217
2024-08-01,19530,19740,19180,19220,119227,-0.0010395010395010118
2024-08-02,18710,18720,18180,18340,215266,-0.0457856399583767
2024-08-05,17620,17790,14320,15600,402632,-0.14940021810250814
2024-08-06,15600,17100,15600,16240,248721,0.0410256410256411
2024-08-07,16880,16940,16030,16780,206805,0.03325123152709364
2024-08-08,16480,16570,15850,16080,182983,-0.04171632896305122
2024-08-09,16270,17000,16070,16290,128933,0.013059701492537323
2024-08-12,16490,16670,16240,16310,91595,0.0012277470841006721
2024-08-13,16590,16590,15700,15870,100118,-0.026977314530962637
