Date,Open,High,Low,Close,Volume,Change
2022-01-03,7606,7633,7488,7534,46694,-0.009466210886142523
2022-01-04,7597,7597,7469,7597,26622,0.008362091850278697
2022-01-05,7523,7651,7487,7652,29334,0.00723969988153228
2022-01-06,7651,7888,7542,7789,47514,0.01790381599581803
2022-01-07,7761,8062,7687,8062,62474,0.03504942868147398
2022-01-10,8061,8835,8051,8262,659691,0.024807740014884727
2022-01-11,8197,8252,7906,7971,80148,-0.035221496005809705
2022-01-12,7978,7997,7869,7879,34850,-0.011541839166980261
2022-01-13,7887,7941,7796,7879,23867,0.0
2022-01-14,7853,8034,7807,7853,29899,-0.0032999111562380667
2022-01-17,7852,7860,7623,7643,32515,-0.02674137272379984
2022-01-18,7643,7725,7496,7534,19328,-0.014261415674473366
2022-01-19,7505,7505,7331,7351,32818,-0.02428988585080971
2022-01-20,7369,7534,7369,7516,25362,0.02244592572439119
2022-01-21,7514,7660,7441,7624,30094,0.014369345396487487
2022-01-24,7515,7579,7314,7324,41691,-0.03934942287513121
2022-01-25,7314,7368,7041,7087,42944,-0.0323593664664118
2022-01-26,7022,7195,7004,7014,47167,-0.010300550303372402
2022-01-27,6995,7095,6804,6914,37190,-0.014257199885942429
2022-01-28,6912,7076,6812,6986,18738,0.01041365345675449
2022-02-03,7122,7268,7022,7260,29177,0.039221299742341786
2022-02-04,7241,7324,7187,7315,16890,0.007575757575757569
2022-02-07,7323,7332,7214,7278,12384,-0.005058099794941873
2022-02-08,7331,7331,7140,7287,19238,0.0012366034624897715
2022-02-09,7267,7341,7249,7305,11435,0.002470152326060182
2022-02-10,7304,7487,7296,7397,30171,0.012594113620807645
2022-02-11,7723,7723,7286,7287,29372,-0.014870893605515745
2022-02-14,7250,7268,7005,7005,32641,-0.03869905310827504
2022-02-15,7012,7094,6894,6904,24279,-0.014418272662384046
2022-02-16,6912,7149,6912,7123,8947,0.03172074159907301
2022-02-17,7141,7214,7049,7105,18026,-0.002527025129861027
2022-02-18,7059,7260,7041,7233,15742,0.018015482054891008
2022-02-21,7196,7350,7122,7278,16342,0.006221484861053561
2022-02-22,7277,7304,7176,7251,11103,-0.0037098103874690924
2022-02-23,7249,7349,7195,7205,7877,-0.006343952558267807
2022-02-24,7323,7323,6985,6996,20751,-0.02900763358778624
2022-02-25,7023,7205,7023,7197,17194,0.028730703259005175
2022-02-28,7195,7231,7122,7223,5737,0.0036126163679310874
2022-03-02,7140,7359,7140,7333,25463,0.015229129170704736
2022-03-03,7368,7432,7341,7433,9151,0.013636983499250022
2022-03-04,7350,7569,7350,7442,12231,0.0012108166285482724
2022-03-07,7368,7515,7341,7397,17302,-0.006046761623219599
2022-03-08,7378,7396,7286,7378,12393,-0.002568608895498148
2022-03-10,7458,7514,7377,7478,13804,0.013553808620222263
2022-03-11,7496,7551,7396,7424,12097,-0.007221182134260484
2022-03-14,7423,7468,7313,7369,7766,-0.007408405172413812
2022-03-15,7388,7424,7324,7388,13909,0.002578368842448109
2022-03-16,7396,7496,7396,7452,13557,0.008662696264212233
2022-03-17,7522,7522,7413,7478,12989,0.0034889962426194465
2022-03-18,7477,7533,7441,7497,14805,0.00254078630649901
2022-03-21,7505,7579,7396,7579,16876,0.010937708416699943
2022-03-22,7523,7651,7514,7652,25274,0.009631877556405932
2022-03-23,7669,7679,7587,7643,25414,-0.0011761630946157675
2022-03-24,7643,7688,7570,7634,11380,-0.0011775480832133534
2022-03-25,7632,7659,7495,7560,14217,-0.009693476552266156
2022-03-28,7586,7586,7459,7524,7709,-0.004761904761904745
2022-03-29,7523,7523,7150,7324,60695,-0.02658160552897393
2022-03-30,7359,7359,7286,7351,11529,0.0036865101037684145
2022-03-31,7387,7405,7350,7397,7779,0.006257652020133397
2022-04-01,7423,7432,7359,7433,16530,0.0048668379072596135
2022-04-04,7396,7506,7350,7488,16930,0.007399434952239936
2022-04-05,7477,7523,7451,7497,18970,0.0012019230769231282
2022-04-06,7496,7560,7433,7516,22211,0.0025343470721621575
2022-04-07,7506,7506,7351,7470,51449,-0.0061202767429483496
2022-04-08,7388,7515,7388,7452,13303,-0.002409638554216831
2022-04-11,7478,7478,7332,7360,9577,-0.012345679012345734
2022-04-12,7304,7359,7249,7269,26787,-0.012364130434782572
2022-04-13,7286,7423,7286,7415,9642,0.02008529371302803
2022-04-14,7413,7431,7332,7333,9168,-0.011058664868509815
2022-04-15,7286,7286,7150,7260,36054,-0.009954997954452427
2022-04-18,7260,7269,7159,7215,29486,-0.006198347107438051
2022-04-19,7167,7249,7149,7223,15269,0.0011088011088011829
2022-04-20,7277,7277,7195,7223,13363,0.0
2022-04-21,7213,7285,7167,7223,9504,0.0
2022-04-22,7221,7221,7085,7159,11865,-0.00886058424477365
2022-04-25,7059,7069,6886,6914,38251,-0.03422265679564185
2022-04-26,6859,7031,6840,7023,32412,0.015765114260919866
2022-04-27,7004,7004,6831,6996,29809,-0.003844510892780817
2022-04-28,6994,7012,6876,6968,16657,-0.004002287021154904
2022-04-29,6941,6986,6904,6960,23744,-0.0011481056257175437
2022-05-02,7040,7040,6903,6941,16588,-0.002729885057471293
2022-05-03,6977,7077,6931,7023,38858,0.011813859674398408
2022-05-04,7058,7076,6976,6986,16392,-0.005268403816032996
2022-05-06,6949,7013,6895,7014,17007,0.004008016032064132
2022-05-09,6976,6976,6821,6932,12955,-0.01169090390647276
2022-05-10,6922,6922,6631,6814,28782,-0.017022504327755317
2022-05-11,6812,6866,6739,6804,22552,-0.0014675667742882759
2022-05-12,6858,6858,6612,6613,14989,-0.028071722516166964
2022-05-13,6722,6840,6604,6796,17547,0.027672765764403362
2022-05-16,6822,6959,6786,6878,31089,0.012065921130076429
2022-05-17,6921,6958,6830,6922,27581,0.006397208490840356
2022-05-18,6941,6968,6850,6860,22950,-0.008956948858711344
2022-05-19,6786,6831,6731,6768,12668,-0.013411078717201153
2022-05-20,6767,6903,6721,6777,14824,0.0013297872340425343
2022-05-23,6839,6967,6775,6932,15788,0.022871477054744016
2022-05-24,6831,6931,6785,6786,13371,-0.021061742642815906
2022-05-25,6757,6966,6739,6804,7055,0.0026525198938991412
2022-05-26,6803,6831,6694,6759,7994,-0.006613756613756627
2022-05-27,6766,6876,6739,6822,18928,0.009320905459387463
2022-05-30,6804,7013,6804,6914,8838,0.013485781295807575
2022-05-31,6959,6959,6814,6914,7196,0.0
2022-06-02,6840,6932,6840,6914,8382,0.0
2022-06-03,6914,6941,6850,6914,8741,0.0
2022-06-07,6950,6950,6850,6896,6960,-0.002603413364188567
2022-06-08,6896,6896,6759,6860,13795,-0.0052204176334106345
2022-06-09,6839,6839,6775,6804,5873,-0.008163265306122436
2022-06-10,6722,6804,6686,6768,13817,-0.005291005291005346
2022-06-13,6704,6704,6512,6513,25168,-0.03767730496453903
2022-06-14,6412,6502,6320,6358,44983,-0.02379855673268849
2022-06-15,6165,6356,5956,5957,41897,-0.06307014784523435
2022-06-16,6020,6184,5856,6030,18988,0.012254490515360095
2022-06-17,5839,5993,5702,5967,38189,-0.010447761194029903
2022-06-20,5975,6012,5520,5648,43896,-0.05346070051952401
2022-06-21,5574,5720,5556,5648,26304,0.0
2022-06-22,5810,5810,5364,5465,33181,-0.032400849858356895
2022-06-23,5392,5566,5210,5311,42817,-0.028179322964318354
2022-06-24,5200,5438,5200,5438,28829,0.023912634155526247
2022-06-27,5464,5638,5438,5602,22267,0.030158146377344597
2022-06-28,5538,5648,5538,5630,56725,0.004998214923241706
2022-06-29,5565,5811,5565,5757,11132,0.022557726465364025
2022-06-30,5692,5792,5664,5702,4295,-0.009553586937641079
2022-07-01,5665,5720,5520,5584,5282,-0.02069449316029459
2022-07-04,5637,5637,5464,5529,8568,-0.009849570200573088
2022-07-05,5474,5648,5465,5648,10325,0.02152287936335684
2022-07-06,5656,5711,5629,5648,8402,0.0
2022-07-07,5646,5746,5646,5702,7536,0.009560906515580836
2022-07-08,5720,5893,5693,5839,15350,0.02402665731322351
2022-07-11,5839,5948,5729,5885,23038,0.007878061311868523
2022-07-12,5846,6430,5756,6103,178790,0.03704333050127451
2022-07-13,6184,6795,5939,5939,460766,-0.026872030149106996
2022-07-14,6002,6212,5957,6076,31872,0.023067856541505227
2022-07-15,6076,6094,5993,6003,16942,-0.01201448321263987
2022-07-18,6085,7797,6085,7297,6062304,0.21555888722305516
2022-07-19,7295,7368,7195,7351,674992,0.007400301493764472
2022-07-20,7341,7341,7113,7278,356445,-0.009930621684124619
2022-07-21,7277,7295,6967,7050,241156,-0.03132728771640558
2022-07-22,7032,7077,6868,6878,259798,-0.02439716312056739
2022-07-25,6812,6976,6803,6886,145032,0.0011631288165163678
2022-07-26,6884,6976,6830,6922,94309,0.005227998838222447
2022-07-27,6931,6931,6694,6750,129889,-0.024848309737070196
2022-07-28,6795,6831,6676,6786,68265,0.005333333333333412
2022-07-29,6795,7104,6721,7014,404966,0.033598585322723196
2022-08-01,7030,7030,6812,6886,63639,-0.018249215854006295
2022-08-02,6885,6921,6576,6695,80495,-0.027737438280569293
2022-08-03,6721,6767,6648,6759,33763,0.009559372666168686
2022-08-04,6786,6968,6768,6914,111719,0.02293238644769935
2022-08-05,6912,6994,6876,6904,86799,-0.001446340757882525
2022-08-08,6904,6950,6758,6914,32778,0.0014484356894552963
2022-08-09,6912,6921,6821,6922,29084,0.0011570726063061532
2022-08-10,6940,6940,6694,6695,76590,-0.03279399017624962
2022-08-11,6749,6758,6567,6686,51644,-0.0013442867811800374
2022-08-12,6686,6768,6585,6732,36571,0.006880047861202554
2022-08-16,6749,6776,6694,6759,25402,0.00401069518716568
2022-08-17,6768,6768,6585,6659,29090,-0.014795088030773784
2022-08-18,6585,6768,6531,6595,44158,-0.00961105271061724
2022-08-19,6594,6776,6594,6604,34460,0.0013646702047005466
2022-08-22,6593,6675,6466,6467,44622,-0.0207450030284676
2022-08-23,6294,6585,6294,6495,72394,0.004329673728158401
2022-08-24,6494,6576,6439,6449,14030,-0.007082371054657477
2022-08-25,6448,6548,6439,6504,12183,0.008528454023879695
2022-08-26,6502,6611,6502,6567,23154,0.009686346863468698
2022-08-29,6403,6540,6312,6513,30067,-0.00822293284604847
2022-08-30,6449,6531,6449,6531,15482,0.002763703362505865
2022-08-31,6529,6575,6438,6567,13947,0.005512172714745134
2022-09-01,6494,6558,6329,6404,11262,-0.024821075072331333
2022-09-02,6340,6585,6304,6386,32905,-0.0028107432854466152
2022-09-05,6385,6431,6194,6194,26373,-0.03006576886940182
2022-09-06,6192,6328,6174,6230,12086,0.005812076202776906
2022-09-07,6175,6275,6012,6094,40202,-0.021829855537720655
2022-09-08,6093,6147,6038,6103,12482,0.0014768624876928538
2022-09-13,6102,6202,6093,6203,16964,0.016385384237260325
2022-09-14,6148,6413,6103,6386,22902,0.029501853941641176
2022-09-15,6384,6711,6274,6330,120466,-0.008769182586908841
2022-09-16,6330,6576,6056,6076,103153,-0.04012638230647714
2022-09-19,6076,6112,5712,5712,68681,-0.05990783410138245
2022-09-20,5682,5782,5655,5720,18415,0.0014005602240896309
2022-09-21,5637,5774,5637,5702,19974,-0.0031468531468531458
2022-09-22,5637,5710,5491,5702,17806,0.0
2022-09-23,5701,5701,5501,5547,17316,-0.027183444405471713
2022-09-26,5527,5527,5100,5128,54591,-0.07553632594195059
2022-09-27,5009,5209,5009,5183,31913,0.010725429017160781
2022-09-28,5181,5254,4926,5018,27051,-0.03183484468454567
2022-09-29,5028,5247,5028,5156,18754,0.027500996412913592
2022-09-30,5009,5154,4945,5110,21681,-0.00892164468580292
2022-10-04,5119,5393,5119,5393,26218,0.05538160469667308
2022-10-05,5392,5474,5255,5293,21377,-0.018542555164101637
2022-10-06,5336,5491,5336,5447,14322,0.029095031173247632
2022-10-07,5382,5446,5318,5429,8137,-0.0033045713236643515
2022-10-11,5399,5399,4908,4964,40869,-0.0856511328053049
2022-10-12,4964,5028,4910,4910,19310,-0.010878323932312695
2022-10-13,4910,4918,4699,4737,29273,-0.035234215885946996
2022-10-14,4736,4936,4736,4928,18376,0.04032087819294916
2022-10-17,4917,4991,4826,4955,10876,0.005478896103896069
2022-10-18,4889,5054,4889,5046,8043,0.0183652875882947
2022-10-19,5090,5144,5017,5046,5431,0.0
2022-10-20,5046,5046,4974,4974,6039,-0.014268727705113005
2022-10-21,4973,5000,4882,4882,8348,-0.01849618013671095
2022-10-24,4899,4991,4881,4937,6721,0.011265874641540385
2022-10-25,4946,5055,4946,5010,7021,0.014786307474174532
2022-10-26,5008,5136,4962,4982,16653,-0.005588822355289458
2022-10-27,4990,5118,4972,5064,5602,0.016459253311922994
2022-10-28,4992,5073,4964,4974,7778,-0.017772511848341277
2022-10-31,4981,5118,4945,5064,14324,0.018094089264173663
2022-11-01,5128,5128,4964,5092,15455,0.005529225908372792
2022-11-02,5092,5101,4982,5056,11087,-0.0070699135899450205
2022-11-03,5055,5137,4982,5028,7356,-0.005537974683544333
2022-11-04,5027,5145,4935,5146,12868,0.02346857597454255
2022-11-07,5136,5154,5090,5146,12710,0.0
2022-11-08,5247,5283,5156,5156,27540,0.001943256898562007
2022-11-09,5154,5228,5154,5210,6226,0.010473235065942665
2022-11-10,5208,5437,5164,5365,19868,0.029750479846449185
2022-11-11,5456,5465,5374,5393,22976,0.005219012115563748
2022-11-14,5391,5491,5381,5401,13584,0.0014834044131282198
2022-11-15,5474,5566,5438,5566,21777,0.03054989816700604
2022-11-16,5565,5865,5565,5775,101567,0.03754940711462451
2022-11-17,5802,5802,5574,5630,24089,-0.02510822510822508
2022-11-18,5628,5655,5555,5620,6052,-0.001776198934280604
2022-11-21,5619,5619,5473,5511,10674,-0.019395017793594316
2022-11-22,5465,5656,5465,5566,13286,0.009980039920159722
2022-11-23,5565,5647,5510,5584,12873,0.0032339202299676018
2022-11-24,5610,5674,5602,5602,4116,0.003223495702005641
2022-11-25,5656,5674,5602,5602,7221,0.0
2022-11-28,5609,5737,5464,5465,71035,-0.02445555158871826
2022-11-29,5556,5647,5464,5602,54219,0.02506861848124431
2022-11-30,5602,5648,5538,5648,13372,0.008211353088182882
2022-12-01,5656,5766,5630,5712,19623,0.011331444759206777
2022-12-02,5684,5757,5620,5712,8749,0.0
2022-12-05,5674,5720,5584,5630,69827,-0.014355742296918717
2022-12-06,5757,5757,5584,5648,57442,0.003197158081705176
2022-12-07,5628,5636,5545,5556,7968,-0.01628895184135981
2022-12-08,5656,7077,5637,6112,13037004,0.10007199424046087
2022-12-09,6066,6140,5839,5967,634691,-0.023723821989528826
2022-12-12,6011,6038,5846,5866,309780,-0.016926428691134587
2022-12-13,5865,6420,5810,5866,1876169,0.0
2022-12-14,5938,6157,5874,6021,585393,0.026423457211046664
2022-12-15,6229,6831,6111,6203,3472336,0.030227536953994383
2022-12-16,6157,6257,6002,6012,258211,-0.030791552474609074
2022-12-19,6011,6221,5938,6030,172299,0.0029940119760478723
2022-12-20,6021,6276,5903,5985,270503,-0.007462686567164201
2022-12-21,5965,6139,5892,6121,131071,0.022723475355054257
2022-12-22,6121,6321,6084,6240,133991,0.01944126776670485
2022-12-23,6202,6202,5966,6094,67031,-0.023397435897435925
2022-12-26,6002,6056,5966,6012,59050,-0.013455858221201211
2022-12-27,6012,6140,5993,6140,131317,0.021290751829673882
2022-12-28,6225,6234,6015,6054,44544,-0.014006514657980418
2022-12-29,5996,6025,5663,5816,75588,-0.03931285100759829
2023-01-02,5815,5844,5616,5616,40319,-0.03438789546079779
2023-01-03,5596,5691,5387,5454,67715,-0.028846153846153855
2023-01-04,5340,5750,5340,5712,39050,0.047304730473047396
2023-01-05,5711,5854,5654,5797,22346,0.014880952380952328
2023-01-06,5797,5921,5797,5807,22477,0.001725030188028276
2023-01-09,5959,6073,5845,5950,44928,0.024625452040640594
2023-01-10,6045,6045,5921,5969,11082,0.0031932773109244472
2023-01-11,6006,6082,5977,6035,10644,0.011057128497235613
2023-01-12,5978,6064,5949,6064,25154,0.00480530240265109
2023-01-13,6073,6092,5987,6045,17321,-0.0031332453825857476
2023-01-16,6053,6101,6034,6092,56498,0.007775020678246536
2023-01-17,6072,6567,6034,6149,325464,0.009356533158240365
2023-01-18,6120,6149,6063,6092,21018,-0.009269799967474346
2023-01-19,6006,6102,6006,6083,26748,-0.0014773473407747595
2023-01-20,6083,6159,6045,6045,12894,-0.006246917639322724
2023-01-25,5997,6149,5997,6102,24051,0.0094292803970224
2023-01-26,6120,6187,6082,6149,16426,0.007702392658144763
2023-01-27,6168,6196,6110,6168,16462,0.0030899333224914116
2023-01-30,6072,6187,6072,6149,27176,-0.003080415045395579
2023-01-31,6111,6235,6102,6207,16019,0.009432428037079221
2023-02-01,6254,6283,6168,6207,14144,0.0
2023-02-02,6235,6244,6149,6178,21205,-0.004672144353149665
2023-02-03,6187,6234,6130,6235,27326,0.009226286824215002
2023-02-06,6302,6302,6159,6226,20680,-0.0014434643143544923
2023-02-07,6178,6349,6178,6321,45085,0.015258592997108966
2023-02-08,6358,6415,6272,6349,62930,0.0044296788482836025
2023-02-09,6311,6416,6101,6397,87216,0.0075602457079855245
2023-02-10,6349,6397,6206,6283,27245,-0.017820853525089886
2023-02-13,6301,6301,6158,6254,14420,-0.0046156294763648464
2023-02-14,6216,6358,6187,6216,45498,-0.006076111288775166
2023-02-15,6272,6272,6015,6054,25222,-0.026061776061776065
2023-02-16,6035,6149,6016,6083,14668,0.0047902213412620576
2023-02-17,6083,6187,5940,6007,56902,-0.012493835278645449
2023-02-20,6006,6168,5949,6035,33370,0.004661228566672282
2023-02-21,6025,6063,5958,6054,21051,0.0031483015741506915
2023-02-22,6034,6034,5854,5854,30414,-0.03303600925008254
2023-02-23,5844,5949,5806,5864,50396,0.001708233686368299
2023-02-24,5873,6044,5854,5940,24194,0.012960436562073685
2023-02-27,5921,6168,5892,6159,48955,0.03686868686868694
2023-02-28,6158,6235,6111,6216,36461,0.009254749147588948
2023-03-02,6216,6264,6168,6226,15851,0.001608751608751513
2023-03-03,6225,6302,6197,6302,23876,0.012206874397687084
2023-03-06,6301,6301,6177,6235,18219,-0.01063154554109802
2023-03-07,6253,6358,6158,6292,23157,0.009141940657578118
2023-03-08,6282,6282,6140,6140,23837,-0.024157660521296864
2023-03-09,6139,6273,6054,6159,22786,0.003094462540716547
2023-03-10,6178,6178,5911,5950,25580,-0.033934080207825956
2023-03-13,5921,5949,5711,5788,66307,-0.02722689075630247
2023-03-14,5768,5768,5330,5378,202233,-0.07083621285418107
2023-03-15,5425,5520,5406,5416,46364,0.007065823726292386
2023-03-16,5416,5483,5359,5483,17503,0.012370753323486028
2023-03-17,5502,5702,5444,5702,23563,0.03994163778953119
2023-03-20,5663,5701,5615,5654,17334,-0.008418098912662209
2023-03-21,5625,5720,5615,5635,17926,-0.0033604527767951975
2023-03-22,5634,5692,5596,5692,19391,0.010115350488021368
2023-03-23,5606,5720,5502,5502,30780,-0.03338018271257903
2023-03-24,5502,5787,5502,5683,31350,0.032897128316975666
2023-03-27,5683,5692,5521,5664,31725,-0.003343304592644758
2023-03-28,5587,5759,5587,5759,11695,0.016772598870056443
2023-03-29,5759,5759,5578,5740,12651,-0.0032991838860912948
2023-03-30,5768,5844,5644,5721,28901,-0.0033101045296167753
2023-03-31,5749,5749,5634,5654,9482,-0.011711239293829778
2023-04-03,5654,5654,5559,5607,10511,-0.008312698974177524
2023-04-04,5530,5711,5530,5692,12730,0.015159621901194908
2023-04-05,5692,5759,5645,5712,9882,0.0035137034434293835
2023-04-06,5711,5711,5539,5635,14498,-0.013480392156862697
2023-04-07,5645,5702,5549,5588,14840,-0.008340727595385955
2023-04-10,5597,5597,5378,5483,27027,-0.018790264853256966
2023-04-11,5445,5502,5350,5474,27280,-0.001641437169432769
2023-04-12,5473,5549,5444,5540,15383,0.012056996711728107
2023-04-13,5540,5569,5511,5531,14917,-0.001624548736462117
2023-04-14,5588,5588,5521,5588,18343,0.010305550533357355
2023-04-17,5597,5625,5539,5559,23808,-0.005189692197566265
2023-04-18,5588,5588,5445,5588,22052,0.005216765605324802
2023-04-19,5577,5616,5444,5597,37164,0.001610594130279086
2023-04-20,5702,5778,5568,5607,73621,0.0017866714311238763
2023-04-21,5597,5597,5435,5474,22050,-0.02372034956304614
2023-04-24,5463,5511,5435,5483,25464,0.0016441359152357116
2023-04-25,5454,5492,5292,5426,32169,-0.010395768739741018
2023-04-26,5311,5321,5197,5283,53673,-0.02635458901584964
2023-04-27,5264,5331,5197,5274,22349,-0.0017035775127768327
2023-04-28,5293,5321,5216,5274,22556,0.0
2023-05-02,5273,5359,5225,5340,13514,0.012514220705347023
2023-05-03,5340,5359,5264,5331,9252,-0.0016853932584269815
2023-05-04,5264,5369,5245,5369,13877,0.007128118551866347
2023-05-08,5349,5635,5349,5597,62127,0.04246600856770355
2023-05-09,5501,5587,5406,5540,51170,-0.01018402715740574
2023-05-10,5502,5502,5406,5445,12259,-0.017148014440433235
2023-05-11,5445,5521,5387,5426,16716,-0.0034894398530762594
2023-05-12,5445,5454,5368,5426,7771,0.0
2023-05-15,5426,5426,5235,5369,19059,-0.010504976041282754
2023-05-16,5301,5397,5301,5378,15510,0.0016762898118829472
2023-05-17,5292,5435,5292,5426,8852,0.008925251022684932
2023-05-18,5425,5463,5387,5435,10617,0.001658680427570891
2023-05-19,5434,5482,5358,5454,24141,0.003495860165593445
2023-05-22,5435,5463,5377,5435,9836,-0.0034836817015034827
2023-05-23,5463,5463,5349,5416,11280,-0.003495860165593334
2023-05-24,5416,5540,5368,5521,30524,0.019387001477104926
2023-05-25,5521,5540,5444,5464,6917,-0.010324216627422556
2023-05-26,5464,5483,5388,5474,15199,0.0018301610541726632
2023-05-30,5511,5530,5387,5407,17334,-0.012239678480087668
2023-05-31,5406,5444,5320,5359,40100,-0.0088773811725541
2023-06-01,5340,5568,5263,5559,43170,0.03732039559619338
2023-06-02,5559,5559,5340,5493,15148,-0.011872638963842386
2023-06-05,5454,5587,5444,5483,14415,-0.0018204988166757863
2023-06-07,5540,5540,5397,5483,11107,0.0
2023-06-08,5483,5483,5368,5426,9789,-0.010395768739741018
2023-06-09,5426,5473,5368,5388,10593,-0.0070033173608551325
2023-06-12,5378,5445,5349,5407,14452,0.0035263548626578434
2023-06-13,5406,5483,5359,5426,4630,0.003513963380802565
2023-06-14,5397,5416,5320,5397,17025,-0.005344636933284241
2023-06-15,5378,5378,5254,5264,39090,-0.024643320363164745
2023-06-16,5273,5359,5273,5321,14133,0.010828267477203557
2023-06-19,5369,5369,5254,5312,10264,-0.001691411388836661
2023-06-20,5264,5321,5254,5293,7904,-0.003576807228915624
2023-06-21,5264,5311,5197,5264,15893,-0.005478934441715433
2023-06-22,5235,5254,5187,5226,12909,-0.007218844984802408
2023-06-23,5225,5320,5130,5159,26540,-0.012820512820512775
2023-06-26,5159,5226,5045,5207,13514,0.009304128707113835
2023-06-27,5158,5263,5082,5197,33596,-0.0019204916458613885
2023-06-28,5169,5169,5073,5131,24273,-0.012699634404464089
2023-06-29,5121,5140,5035,5055,34943,-0.014811927499512767
2023-06-30,5026,5131,5007,5131,28346,0.015034619188921905
2023-07-03,5121,5283,5102,5245,57391,0.022217891249269206
2023-07-04,5245,5311,5168,5245,32314,0.0
2023-07-05,5235,5273,5158,5216,13716,-0.005529075309818832
2023-07-06,5225,5225,5063,5102,17086,-0.021855828220858853
2023-07-07,5093,5102,4988,5074,17091,-0.005488043904351203
2023-07-10,5036,5045,4950,5017,18601,-0.011233740638549428
2023-07-11,5007,5007,4949,4988,7553,-0.005780346820809301
2023-07-12,4988,5036,4931,5036,12992,0.009623095429029727
2023-07-13,5064,5093,5007,5036,9378,0.0
2023-07-14,5036,5036,4921,5017,18758,-0.0037728355837967076
2023-07-17,5035,5073,4921,4988,27298,-0.005780346820809301
2023-07-18,4997,5025,4873,4940,20156,-0.009623095429029727
2023-07-19,4940,4988,4835,4893,18313,-0.009514170040485825
2023-07-20,4826,4950,4807,4817,14546,-0.015532393214796603
2023-07-21,4844,4940,4806,4883,15989,0.013701473946439613
2023-07-24,4883,4883,4731,4855,38548,-0.005734179807495354
2023-07-25,4845,4845,4721,4755,22171,-0.02059732234809475
2023-07-26,4711,4754,4492,4569,51584,-0.039116719242902165
2023-07-27,4569,4617,4493,4579,20998,0.0021886627270737424
2023-07-28,4597,4692,4568,4645,34040,0.014413627429569864
2023-07-31,4844,4844,4616,4745,14230,0.02152852529601712
2023-08-01,4711,4835,4711,4807,15028,0.013066385669125324
2023-08-02,4807,4874,4750,4874,13179,0.013938007073018621
2023-08-03,4864,5350,4807,5236,227117,0.07427164546573661
2023-08-04,5330,5349,4987,5140,143935,-0.018334606569900713
2023-08-07,5140,5140,5026,5093,17799,-0.009143968871595298
2023-08-08,5092,5092,4959,5083,12765,-0.0019634792852935012
2023-08-09,5073,5102,4949,5045,19780,-0.007475900059020213
2023-08-10,5045,5045,4987,5026,7911,-0.003766105054509361
2023-08-11,5036,5074,4997,5036,9835,0.0019896538002388553
2023-08-14,5054,5054,4911,4959,4774,-0.015289912629070646
2023-08-16,4874,4950,4769,4779,21044,-0.0362976406533575
2023-08-17,4778,4778,4693,4755,8360,-0.005021971123666091
2023-08-18,4769,4855,4678,4855,11414,0.02103049421661418
2023-08-21,4769,4921,4769,4855,8009,0.0
2023-08-22,4902,4921,4759,4836,9815,-0.0039134912461380456
2023-08-23,4864,4950,4759,4836,15616,0.0
2023-08-24,4826,4836,4769,4836,6852,0.0
2023-08-25,4845,4864,4768,4807,10996,-0.005996691480562477
2023-08-28,4855,4855,4740,4779,12100,-0.005824838776783858
2023-08-29,4778,4855,4759,4817,11700,0.007951454279137904
2023-08-30,4817,4883,4788,4817,8579,0.0
2023-08-31,4817,4845,4750,4798,12110,-0.003944363711853804
2023-09-01,4826,4826,4731,4779,9406,-0.00395998332638603
2023-09-04,4816,4826,4745,4750,6809,-0.00606821510776312
2023-09-05,4769,4807,4750,4760,6616,0.002105263157894832
2023-09-06,4769,4778,4716,4755,11758,-0.0010504201680672232
2023-09-07,4721,4754,4721,4721,7766,-0.0071503680336487685
2023-09-08,4731,4759,4683,4731,17267,0.0021181952976063734
2023-09-11,4745,4835,4731,4755,15804,0.005072923272035457
2023-09-12,4755,4797,4726,4755,8198,0.0
2023-09-13,4755,4836,4702,4836,11430,0.017034700315457396
2023-09-14,4873,4873,4745,4788,9631,-0.00992555831265507
2023-09-15,4826,4826,4721,4807,10989,0.003968253968253954
2023-09-18,4768,4816,4721,4721,7090,-0.01789057624297896
2023-09-19,4755,4755,4697,4755,11737,0.007201864011861847
2023-09-20,4726,5226,4707,4736,185933,-0.0039957939011566745
2023-09-21,4754,5406,4735,4883,498761,0.031038851351351315
2023-09-22,4892,5063,4882,4978,46823,0.01945525291828787
2023-09-25,4978,4978,4806,4826,29774,-0.03053435114503822
2023-09-26,4873,4873,4664,4731,51195,-0.019685039370078705
2023-09-27,4711,4768,4687,4745,12724,0.002959205242020646
2023-10-04,4702,4740,4540,4579,29784,-0.03498419388830343
2023-10-05,4579,4698,4393,4541,28582,-0.008298755186721962
2023-10-06,4407,4574,4407,4541,8508,0.0
2023-10-10,4569,4702,4492,4512,20907,-0.006386258533362721
2023-10-11,4512,4697,4512,4555,13303,0.009530141843971718
2023-10-12,4559,4678,4559,4602,9715,0.010318331503841982
2023-10-13,4602,4725,4602,4683,6656,0.017601043024771945
2023-10-16,4683,4745,4526,4531,33611,-0.03245782617979931
2023-10-17,4564,4621,4522,4522,6522,-0.0019863164864268867
2023-10-18,4598,4598,4498,4522,7796,0.0
2023-10-19,4502,4535,4454,4474,18272,-0.010614772224679325
2023-10-20,4464,4473,4288,4355,27890,-0.026598122485471665
2023-10-23,4264,4373,4230,4264,77074,-0.020895522388059695
2023-10-24,4226,4393,4207,4393,15280,0.030253283302063894
2023-10-25,4368,4592,4302,4426,27110,0.007511950830867198
2023-10-26,4412,4426,4288,4379,12046,-0.010619069136918236
2023-10-27,4364,4464,4293,4379,6996,0.0
2023-10-30,4378,4411,4250,4293,20272,-0.019639187029002025
2023-10-31,4360,4360,4260,4284,27235,-0.002096436058700246
2023-11-01,4284,4345,4264,4284,10659,0.0
2023-11-02,4288,4392,4288,4388,8650,0.024276377217553602
2023-11-03,4388,4436,4388,4398,16612,0.002278942570647313
2023-11-06,4440,4483,4440,4460,13044,0.01409731696225558
2023-11-07,4460,4493,4388,4460,10558,0.0
2023-11-08,4449,4478,4440,4469,7885,0.00201793721973087
2023-11-09,4478,4478,4383,4469,9549,0.0
2023-11-10,4469,4469,4307,4379,34450,-0.020138733497426675
2023-11-13,4378,4488,4369,4417,25357,0.008677780315140549
2023-11-14,4411,4450,4407,4431,6800,0.0031695721077653616
2023-11-15,4502,4502,4402,4464,6336,0.007447528774543022
2023-11-16,4473,4493,4431,4493,7905,0.006496415770609332
2023-11-17,4516,4516,4426,4450,5279,-0.009570442911195243
2023-11-20,4454,4564,4430,4564,10889,0.025617977528089808
2023-11-21,4492,4564,4492,4564,18970,0.0
2023-11-22,4569,4579,4512,4579,10323,0.0032865907099035585
2023-11-23,4578,4588,4526,4588,17090,0.0019654946494866987
2023-11-24,4502,4602,4502,4602,9438,0.0030514385353095363
2023-11-27,4602,5520,4588,5026,3647722,0.09213385484571934
2023-11-28,4902,5054,4806,4883,277476,-0.028452049343414276
2023-11-29,4902,5121,4807,5036,334237,0.0313331968052426
2023-11-30,4912,4978,4826,4874,96171,-0.0321683876092137
2023-12-01,4873,5083,4807,4950,246138,0.015592942141977817
2023-12-04,4893,4893,4550,4817,125381,-0.02686868686868682
2023-12-05,4826,5016,4778,4874,94742,0.011833091135561524
2023-12-06,5187,5245,4873,4950,395014,0.015592942141977817
2023-12-07,4921,4950,4826,4893,68777,-0.011515151515151478
2023-12-08,4892,5082,4806,4940,136150,0.009605558961782057
2023-12-11,4950,4997,4807,4855,77175,-0.01720647773279349
2023-12-12,4806,4825,4697,4740,57548,-0.023686920700308978
2023-12-13,4740,4740,4621,4636,63746,-0.021940928270042237
2023-12-14,4664,4745,4664,4669,28297,0.007118205349439188
2023-12-15,4669,4769,4669,4769,33290,0.021417862497322693
2023-12-18,4768,4787,4687,4726,42828,-0.009016565317676695
2023-12-19,4740,4749,4663,4702,12282,-0.005078290308929367
2023-12-20,4740,4759,4697,4731,24726,0.006167588260314716
2023-12-21,4759,4759,4683,4693,24963,-0.008032128514056214
2023-12-22,4759,4778,4673,4769,29848,0.0161943319838056
2023-12-26,4769,4845,4755,4760,21880,-0.0018871880897463056
2023-12-27,4990,4990,4710,4830,15789,0.014705882352941124
2023-12-28,4830,4930,4800,4835,30240,0.0010351966873705098
2024-01-02,4795,4940,4795,4930,11891,0.01964839710444677
2024-01-03,4960,4960,4860,4950,10227,0.0040567951318457585
2024-01-04,4900,4950,4825,4825,12487,-0.025252525252525304
2024-01-05,4900,4900,4740,4825,12816,0.0
2024-01-08,4825,4930,4775,4930,12817,0.021761658031087983
2024-01-09,4855,4930,4855,4930,5218,0.0
2024-01-10,4940,4940,4805,4910,8768,-0.0040567951318458695
2024-01-11,4910,4920,4825,4915,13469,0.0010183299389001643
2024-01-12,4915,4915,4800,4835,8901,-0.016276703967446626
2024-01-15,4835,4840,4735,4735,18363,-0.020682523267838704
2024-01-16,4670,4790,4570,4625,62596,-0.023231256599788752
2024-01-17,4685,4685,4515,4580,15548,-0.009729729729729741
2024-01-18,4850,5050,4545,4560,191466,-0.004366812227074246
2024-01-19,4560,4630,4555,4600,12741,0.00877192982456143
2024-01-22,4600,4685,4525,4680,16775,0.017391304347825987
2024-01-23,4790,4940,4640,4690,99990,0.002136752136752129
2024-01-24,4735,4735,4585,4585,35327,-0.02238805970149249
2024-01-25,4640,4660,4520,4575,10605,-0.0021810250817884125
2024-01-26,4575,4625,4540,4615,10424,0.008743169398907069
2024-01-29,4630,4640,4550,4605,6512,-0.0021668472372697867
2024-01-30,4600,4635,4540,4560,12300,-0.009771986970684043
2024-01-31,4560,4570,4495,4505,13049,-0.01206140350877194
2024-02-01,4555,4555,4460,4505,15764,0.0
2024-02-02,4540,4560,4485,4560,9066,0.01220865704772467
2024-02-05,4590,4630,4530,4605,9566,0.009868421052631637
2024-02-06,4605,4650,4595,4610,9882,0.0010857763300760048
2024-02-07,4655,4655,4605,4640,2903,0.006507592190889477
2024-02-08,4600,4635,4565,4615,4175,-0.0053879310344827624
2024-02-13,4580,4640,4565,4580,13866,-0.007583965330444253
2024-02-14,4620,4635,4570,4635,8054,0.012008733624454093
2024-02-15,4640,4650,4550,4635,10616,0.0
2024-02-16,4635,4640,4450,4640,19997,0.0010787486515642097
2024-02-19,4575,4645,4575,4625,8011,-0.003232758620689613
2024-02-20,4650,4650,4590,4650,9612,0.00540540540540535
2024-02-21,4650,4670,4620,4660,6302,0.0021505376344086446
2024-02-22,4660,4660,4605,4630,11392,-0.006437768240343367
2024-02-23,4610,4630,4560,4605,11538,-0.005399568034557212
2024-02-26,4610,4630,4500,4535,7052,-0.015200868621064068
2024-02-27,4565,4565,4500,4530,13244,-0.0011025358324145973
2024-02-28,4530,4635,4490,4490,16624,-0.008830022075055233
2024-02-29,4490,4495,4470,4495,7313,0.00111358574610243
2024-03-04,4505,4510,4430,4430,16342,-0.014460511679644017
2024-03-05,4470,4570,4375,4435,6434,0.0011286681715576563
2024-03-06,4435,4440,4345,4380,12669,-0.012401352874859106
2024-03-07,4370,4375,4300,4375,15084,-0.0011415525114155667
2024-03-08,4375,4520,4320,4405,10910,0.006857142857142895
2024-03-11,4300,4560,4300,4500,17015,0.02156640181611813
2024-03-12,4420,4510,4420,4470,6877,-0.00666666666666671
2024-03-13,4480,4500,4435,4500,5391,0.006711409395973256
2024-03-14,4500,4530,4440,4490,4883,-0.0022222222222222365
2024-03-15,4500,4500,4425,4465,4526,-0.0055679287305122616
2024-03-18,4440,4585,4430,4585,13545,0.026875699888017968
2024-03-19,4585,4610,4545,4595,17777,0.0021810250817884125
2024-03-20,4595,4845,4595,4765,102631,0.03699673558215455
2024-03-21,4765,4945,4660,4660,49729,-0.022035676810073457
2024-03-22,4660,4700,4560,4560,21776,-0.02145922746781115
2024-03-25,4580,4700,4545,4560,19181,0.0
2024-03-26,4595,4655,4560,4625,9034,0.014254385964912242
2024-03-27,4625,4625,4440,4575,10172,-0.010810810810810811
2024-03-28,4575,4575,4520,4520,8390,-0.012021857923497303
2024-03-29,4600,5440,4590,4870,1991140,0.07743362831858414
2024-04-01,4840,4855,4725,4780,104099,-0.01848049281314168
2024-04-02,4780,4780,4605,4620,84322,-0.03347280334728031
2024-04-03,4550,4670,4505,4535,37624,-0.018398268398268414
2024-04-04,4500,4560,4405,4410,43418,-0.027563395810363822
2024-04-05,4340,4410,4310,4325,28376,-0.019274376417233507
2024-04-08,4350,4380,4290,4325,27012,0.0
2024-04-09,4325,4345,4305,4340,20493,0.003468208092485492
2024-04-11,4215,4345,4215,4325,24539,-0.003456221198156695
2024-04-12,4260,4295,4255,4260,20923,-0.015028901734104094
2024-04-15,4260,4260,4200,4225,19832,-0.008215962441314506
2024-04-16,4225,4295,4205,4265,17593,0.00946745562130169
2024-04-17,4200,4300,4200,4270,25321,0.0011723329425556983
2024-04-18,4305,4320,4275,4310,17914,0.00936768149882905
2024-04-19,4310,4325,4250,4255,21553,-0.012761020881670526
2024-04-22,4255,4300,4210,4245,12868,-0.002350176263219761
2024-04-23,4275,4280,4225,4245,13312,0.0
2024-04-24,4240,4285,4240,4280,8560,0.008244994110718551
2024-04-25,4280,4305,4260,4305,10750,0.005841121495327117
2024-04-26,4285,4285,4170,4260,28513,-0.010452961672473893
2024-04-29,4260,4480,4230,4265,22175,0.0011737089201877549
2024-04-30,4285,4330,4270,4295,12310,0.00703399765533419
2024-05-02,4250,4310,4250,4295,10095,0.0
2024-05-03,4295,4355,4265,4340,15497,0.010477299185098987
2024-05-07,4300,4340,4240,4260,29750,-0.018433179723502335
2024-05-08,4260,4300,4250,4280,14361,0.0046948356807512415
2024-05-09,4280,4335,4260,4295,14891,0.003504672897196359
2024-05-10,4305,4325,4260,4320,11202,0.005820721769499437
2024-05-13,4305,4335,4235,4250,11889,-0.01620370370370372
2024-05-14,4230,4280,4210,4240,20605,-0.0023529411764705577
2024-05-16,4240,4295,4230,4255,11571,0.0035377358490567
2024-05-17,4260,4265,4185,4220,20072,-0.008225616921269108
2024-05-20,4220,4240,4200,4205,11098,-0.0035545023696682554
2024-05-21,4205,4225,4175,4210,9117,0.0011890606420927874
2024-05-22,4210,4275,4200,4200,6786,-0.002375296912114022
2024-05-23,4200,4240,4200,4235,3574,0.008333333333333304
2024-05-24,4120,4230,4110,4220,23268,-0.0035419126328217754
2024-05-27,4205,4220,4115,4165,19309,-0.013033175355450233
2024-05-28,4205,4205,4125,4190,10254,0.006002400960384069
2024-05-29,4190,4250,4120,4125,17113,-0.015513126491646823
2024-05-30,4155,4155,4050,4110,12588,-0.0036363636363636598
2024-05-31,4105,4175,4010,4045,23999,-0.015815085158150888
2024-06-03,4005,4100,4000,4030,40759,-0.003708281829419069
2024-06-04,4030,4075,3970,4000,19495,-0.007444168734491274
2024-06-05,3990,4000,3900,3950,34907,-0.012499999999999956
2024-06-07,3925,3975,3910,3935,19475,-0.0037974683544304
2024-06-10,3900,3985,3870,3975,9823,0.010165184243964509
2024-06-11,3870,3975,3870,3970,17803,-0.0012578616352201255
2024-06-12,3900,3970,3900,3940,8322,-0.007556675062972307
2024-06-13,3910,4645,3910,3960,1653831,0.0050761421319796
2024-06-14,3970,4000,3880,3885,64365,-0.018939393939393923
2024-06-17,3885,3930,3885,3900,32297,0.0038610038610038533
2024-06-18,3890,3910,3815,3870,31097,-0.007692307692307665
2024-06-19,3930,3930,3800,3820,17033,-0.012919896640826822
2024-06-20,3820,3885,3770,3850,16320,0.007853403141361293
2024-06-21,3850,3880,3810,3820,14798,-0.007792207792207795
2024-06-24,3820,3825,3770,3810,13504,-0.002617801047120394
2024-06-25,3775,3850,3775,3825,11237,0.003937007874015741
2024-06-26,3760,3835,3750,3755,15275,-0.018300653594771288
2024-06-27,3780,3800,3745,3790,12054,0.009320905459387463
2024-06-28,3745,3845,3735,3845,10331,0.014511873350923521
2024-07-01,3790,3825,3765,3765,9594,-0.020806241872561748
2024-07-02,3735,3810,3700,3700,19172,-0.01726427622841964
2024-07-03,3680,3745,3660,3660,11926,-0.010810810810810811
2024-07-04,3630,3690,3600,3610,22606,-0.013661202185792365
2024-07-05,3635,3650,3550,3555,20451,-0.015235457063711877
2024-07-08,3530,3740,3530,3680,36205,0.035161744022503605
2024-07-09,3680,3755,3650,3710,11055,0.008152173913043459
2024-07-10,3720,3760,3685,3745,4627,0.009433962264151052
2024-07-11,3755,3755,3695,3695,6302,-0.013351134846461998
2024-07-12,3695,3765,3675,3735,3415,0.010825439783491264
2024-07-15,3670,3800,3670,3700,9347,-0.009370816599732268
2024-07-16,3695,3800,3695,3730,8064,0.008108108108108025
2024-07-17,3745,3785,3705,3745,6882,0.004021447721179516
2024-07-18,3745,3790,3705,3760,5562,0.004005340453938633
2024-07-19,3775,3800,3730,3780,11573,0.005319148936170137
2024-07-22,3780,3800,3705,3765,6448,-0.003968253968253954
2024-07-23,3770,3770,3710,3740,4137,-0.006640106241699861
2024-07-24,3705,3805,3685,3685,10858,-0.014705882352941124
2024-07-25,3650,3685,3600,3605,16698,-0.02170963364993217
2024-07-26,3605,3675,3590,3620,7382,0.004160887656033285
2024-07-29,3620,3705,3605,3655,4353,0.00966850828729271
2024-07-30,3655,3680,3600,3670,5563,0.004103967168262557
2024-07-31,3670,3700,3640,3675,3330,0.0013623978201635634
2024-08-01,3675,3780,3655,3685,11541,0.0027210884353741083
2024-08-02,3720,3720,3615,3670,11614,-0.004070556309362261
2024-08-05,3545,3625,3010,3350,42477,-0.08719346049046317
2024-08-06,3150,3490,3150,3430,32451,0.023880597014925398
2024-08-07,3435,3605,3435,3575,11357,0.042274052478134205
2024-08-08,3545,4645,3545,4530,5307260,0.2671328671328672
2024-08-09,4550,4650,4170,4650,1225535,0.026490066225165476
2024-08-12,4610,4610,4180,4180,655979,-0.1010752688172043
2024-08-13,4385,4520,3920,4045,714924,-0.03229665071770338
2024-08-14,4075,5050,3930,4705,5890943,0.16316440049443748
2024-08-16,4920,5490,4750,5270,7700502,0.12008501594048893
2024-08-19,5130,5500,5040,5280,2558543,0.00189753320683117
2024-08-20,5150,5200,4810,4810,711733,-0.08901515151515149
2024-08-21,4810,4845,4440,4485,367002,-0.06756756756756754
2024-08-22,4485,4500,4090,4250,340282,-0.05239687848383501
2024-08-23,4145,4225,4035,4145,195429,-0.024705882352941133
2024-08-26,4095,4110,3825,3825,201404,-0.07720144752714109
2024-08-27,3805,3875,3760,3805,104118,-0.005228758169934622
2024-08-28,3815,3930,3750,3775,138957,-0.007884362680683266
2024-08-29,3770,3785,3600,3705,89077,-0.018543046357615944
2024-08-30,3690,3795,3655,3795,60771,0.02429149797570851
2024-09-02,3775,3775,3560,3705,64969,-0.02371541501976282
2024-09-03,3655,3685,3600,3630,45890,-0.020242914979757054
2024-09-04,3530,3570,3375,3425,93848,-0.05647382920110189
2024-09-05,3620,4250,3300,3350,1501275,-0.021897810218978075
2024-09-06,3440,3440,3180,3180,146790,-0.05074626865671639
2024-09-09,3110,3310,3110,3280,88065,0.03144654088050314
2024-09-10,3240,3315,3150,3150,64388,-0.03963414634146345
2024-09-11,3120,4095,3120,3480,5568044,0.10476190476190483
2024-09-12,3480,3550,3290,3300,383290,-0.051724137931034475
2024-09-13,3320,3375,3210,3245,148792,-0.01666666666666672
2024-09-19,3255,3315,3150,3185,137993,-0.018489984591679498
2024-09-20,3200,3215,3160,3165,54602,-0.006279434850863463
2024-09-23,3140,3190,3140,3170,85444,0.0015797788309637184
2024-09-24,3190,3900,3190,3390,3651742,0.06940063091482651
2024-09-25,3335,3405,3260,3285,299722,-0.030973451327433676
2024-09-26,3320,3345,3290,3330,92325,0.013698630136986356
