Date,Open,High,Low,Close,Volume,Change
2022-01-03,6100,6180,5890,6010,228407,0.01520270270270263
2022-01-04,6000,6130,5970,6070,152031,0.009983361064891838
2022-01-05,6040,6110,5950,5990,89689,-0.01317957166392092
2022-01-06,5860,6110,5800,6040,214026,0.008347245409014992
2022-01-07,6150,6150,5970,6090,123690,0.008278145695364225
2022-01-10,6090,6090,5900,5930,79949,-0.026272577996715896
2022-01-11,5900,6030,5750,5810,86185,-0.0202360876897133
2022-01-12,5820,5900,5800,5860,41210,0.008605851979345935
2022-01-13,5890,5920,5840,5850,40950,-0.0017064846416382506
2022-01-14,6080,6800,5860,5860,5224243,0.0017094017094017033
2022-01-17,5930,6350,5870,5920,945385,0.010238907849829282
2022-01-18,5860,5980,5630,5650,261471,-0.045608108108108114
2022-01-19,5530,5650,5410,5500,175332,-0.026548672566371723
2022-01-20,5430,5600,5390,5590,89268,0.016363636363636358
2022-01-21,5490,5610,5470,5560,59935,-0.00536672629695889
2022-01-24,5620,5650,5180,5340,133734,-0.03956834532374098
2022-01-25,5290,5390,4970,5030,198146,-0.05805243445692887
2022-01-26,4955,5200,4955,5070,115321,0.007952286282306265
2022-01-27,5050,5150,4790,4820,107685,-0.04930966469428011
2022-01-28,4820,5170,4760,5150,92837,0.06846473029045641
2022-02-03,5190,5280,5100,5270,106527,0.023300970873786353
2022-02-04,5230,5310,5170,5290,54271,0.00379506641366234
2022-02-07,5340,5350,5150,5200,42847,-0.017013232514177745
2022-02-08,5200,5390,5080,5140,60215,-0.011538461538461497
2022-02-09,5160,5290,5160,5230,56317,0.017509727626459082
2022-02-10,5290,5300,5150,5180,41043,-0.009560229445506718
2022-02-11,5100,5100,4990,5030,105760,-0.02895752895752901
2022-02-14,4930,4940,4755,4800,103259,-0.045725646123260466
2022-02-15,4770,4850,4710,4720,75345,-0.01666666666666672
2022-02-16,4785,4995,4785,4995,97513,0.05826271186440679
2022-02-17,4945,5050,4810,4965,75322,-0.006006006006005982
2022-02-18,4855,5880,4850,5270,1842606,0.061430010070493424
2022-02-21,5210,5320,5090,5220,216279,-0.009487666034155628
2022-02-22,5090,5170,5020,5030,134294,-0.036398467432950166
2022-02-23,5060,5100,5000,5030,82132,0.0
2022-02-24,4965,5030,4800,4820,126621,-0.041749502982107334
2022-02-25,4910,4970,4850,4920,92868,0.020746887966804906
2022-02-28,4925,5060,4900,5030,73378,0.022357723577235866
2022-03-02,4995,5140,4995,5100,51486,0.013916500994035852
2022-03-03,5130,5650,5120,5280,1641584,0.03529411764705892
2022-03-04,5280,5390,5210,5330,192454,0.009469696969697017
2022-03-07,5320,5380,5210,5280,139560,-0.009380863039399667
2022-03-08,5180,5360,5100,5330,146458,0.009469696969697017
2022-03-10,5460,5790,5420,5440,776935,0.02063789868667909
2022-03-11,5560,7070,5520,7070,4907218,0.2996323529411764
2022-03-14,7320,7550,7080,7240,8369068,0.0240452616690241
2022-03-15,7840,8150,7130,7250,4787236,0.0013812154696133394
2022-03-16,7090,7450,7090,7350,1188129,0.01379310344827589
2022-03-17,7470,7510,7430,7510,748833,0.021768707482993088
2022-03-18,7560,7860,7510,7860,1383185,0.046604527296937315
2022-03-21,7740,7990,7560,7600,2797275,-0.0330788804071247
2022-03-22,7510,7640,7200,7640,1303198,0.0052631578947368585
2022-03-23,7650,8410,7410,8190,7593233,0.07198952879581144
2022-03-24,8000,10050,7720,8530,28856063,0.04151404151404159
2022-03-25,8580,9420,8310,8930,10520487,0.04689331770222749
2022-03-28,9400,9530,8920,8990,5161121,0.006718924972004547
2022-03-29,8930,8940,8180,8300,2075262,-0.07675194660734153
2022-03-30,8120,8520,8040,8110,1797266,-0.02289156626506028
2022-03-31,8000,8250,8000,8010,613433,-0.012330456226880449
2022-04-01,8130,8320,7980,7990,788424,-0.0024968789013732895
2022-04-04,8020,8150,7870,8030,564557,0.005006257822277815
2022-04-05,8080,8130,7820,8000,539802,-0.0037359900373599153
2022-04-06,8170,8290,7990,7990,1001130,-0.0012499999999999734
2022-04-07,7860,7990,7470,7500,648297,-0.06132665832290363
2022-04-08,7500,7640,7310,7400,441657,-0.013333333333333308
2022-04-11,7400,7480,7240,7250,254045,-0.020270270270270285
2022-04-12,7080,7350,7070,7220,320890,-0.004137931034482789
2022-04-13,7290,7390,7160,7160,259655,-0.008310249307479256
2022-04-14,7220,7270,7110,7160,140044,0.0
2022-04-15,7160,8240,7160,7820,6518001,0.0921787709497206
2022-04-18,7600,7780,7510,7510,967855,-0.039641943734015306
2022-04-19,7580,7660,7310,7330,513697,-0.023968042609853524
2022-04-20,7310,7390,7200,7290,303723,-0.00545702592087316
2022-04-21,7290,8130,7260,7720,2797776,0.058984910836762605
2022-04-22,7650,8030,7600,7820,1485434,0.012953367875647714
2022-04-25,8000,8100,7830,7870,1134500,0.006393861892583175
2022-04-26,8210,8210,7840,7870,1081614,0.0
2022-04-27,7650,8310,7600,8200,1986849,0.04193138500635318
2022-04-28,8260,8830,8020,8800,4457390,0.07317073170731714
2022-04-29,8820,8890,8350,8630,2263520,-0.01931818181818179
2022-05-02,8620,9290,8570,8760,5927794,0.015063731170336103
2022-05-03,8350,8370,7990,8060,1704030,-0.07990867579908678
2022-05-04,8060,8100,7710,7710,740910,-0.043424317617866026
2022-05-06,7550,7780,7540,7540,368395,-0.022049286640726362
2022-05-09,7460,7660,7160,7500,488523,-0.0053050397877983935
2022-05-10,7390,7430,7160,7360,329129,-0.01866666666666672
2022-05-11,7300,7530,7300,7350,279003,-0.0013586956521739468
2022-05-12,7230,7270,6740,6770,500021,-0.07891156462585036
2022-05-13,6770,6920,6750,6800,213272,0.004431314623338345
2022-05-16,6760,6960,6740,6810,178514,0.0014705882352941124
2022-05-17,6940,7150,6860,7050,238489,0.03524229074889873
2022-05-18,7110,7140,6860,6870,210592,-0.025531914893617058
2022-05-19,6670,6820,6660,6750,131337,-0.017467248908296984
2022-05-20,6740,7020,6710,6820,214826,0.010370370370370363
2022-05-23,6800,6890,6710,6720,118655,-0.014662756598240456
2022-05-24,6710,6790,6220,6530,276367,-0.028273809523809534
2022-05-25,6620,6620,6380,6520,163776,-0.0015313935681470214
2022-05-26,6550,6780,6480,6590,281893,0.010736196319018454
2022-05-27,6670,6770,6590,6700,127157,0.01669195751138086
2022-05-30,6710,6870,6700,6820,102301,0.017910447761193993
2022-05-31,6830,6920,6770,6910,140075,0.01319648093841641
2022-06-02,6940,6940,6810,6850,81923,-0.00868306801736618
2022-06-03,6870,7180,6810,6900,575566,0.007299270072992803
2022-06-07,6900,6900,6630,6690,125140,-0.0304347826086957
2022-06-08,6830,7470,6830,6980,3502741,0.0433482810164425
2022-06-09,6890,7480,6870,7080,2210054,0.014326647564469885
2022-06-10,7170,7310,6860,6880,459681,-0.02824858757062143
2022-06-13,6670,6670,6240,6240,449857,-0.09302325581395354
2022-06-14,6030,6210,5850,6130,342372,-0.017628205128205177
2022-06-15,6060,6190,5740,5750,296148,-0.06199021207177813
2022-06-16,5860,6130,5860,5880,277914,0.022608695652173827
2022-06-17,5640,6050,5640,6010,163265,0.022108843537415046
2022-06-20,6010,6010,5520,5620,245542,-0.06489184692179706
2022-06-21,5670,5940,5590,5760,206287,0.02491103202846978
2022-06-22,5770,5910,5510,5540,166402,-0.03819444444444442
2022-06-23,5430,5590,5100,5130,426211,-0.07400722021660655
2022-06-24,5050,5450,5050,5440,252759,0.060428849902534054
2022-06-27,5510,5860,5510,5830,252571,0.07169117647058831
2022-06-28,6090,7000,6050,6340,6969060,0.08747855917667247
2022-06-29,6220,6630,6060,6200,1533663,-0.02208201892744477
2022-06-30,6200,6640,6080,6360,1563910,0.02580645161290329
2022-07-01,6360,6550,5960,6090,804350,-0.04245283018867929
2022-07-04,6150,6300,5810,5820,503712,-0.044334975369458074
2022-07-05,5820,6120,5810,6060,359298,0.04123711340206193
2022-07-06,6020,6040,5600,5600,416009,-0.07590759075907594
2022-07-07,5630,5880,5510,5790,248574,0.03392857142857153
2022-07-08,5810,6080,5810,5880,214254,0.015544041450777257
2022-07-11,5890,6120,5800,5890,200861,0.001700680272108901
2022-07-12,5900,5900,5620,5660,157694,-0.039049235993208864
2022-07-13,5650,5730,5510,5670,86242,0.0017667844522968323
2022-07-14,5670,5970,5620,5700,155051,0.005291005291005346
2022-07-15,5710,5880,5710,5850,213592,0.026315789473684292
2022-07-18,5800,5970,5800,5940,138877,0.01538461538461533
2022-07-19,5940,6230,5940,6140,429107,0.03367003367003374
2022-07-20,6320,6450,6200,6230,546934,0.014657980456026065
2022-07-21,6400,6480,6270,6320,448846,0.014446227929374
2022-07-22,6350,6550,6170,6240,413456,-0.012658227848101222
2022-07-25,6340,6350,6200,6280,94813,0.0064102564102563875
2022-07-26,6280,6430,6230,6290,170968,0.0015923566878981443
2022-07-27,6300,6420,6270,6370,111352,0.012718600953895098
2022-07-28,6400,6420,6280,6290,124400,-0.012558869701726816
2022-07-29,6340,6450,6290,6400,158795,0.01748807631160565
2022-08-01,6430,6580,6420,6460,247331,0.009374999999999911
2022-08-02,6440,6580,6400,6560,285556,0.015479876160990669
2022-08-03,6590,6590,6460,6520,172628,-0.0060975609756097615
2022-08-04,6520,6550,6430,6490,148082,-0.004601226993865004
2022-08-05,6600,6850,6510,6770,705227,0.04314329738058542
2022-08-08,6870,6870,6660,6780,397793,0.001477104874446189
2022-08-09,7110,7220,6570,6640,2186330,-0.020648967551622377
2022-08-10,6350,6560,6280,6340,922668,-0.04518072289156627
2022-08-11,6620,6800,6470,6500,1523931,0.025236593059936974
2022-08-12,6430,6580,6380,6400,376493,-0.01538461538461533
2022-08-16,6490,6490,6180,6200,323829,-0.03125
2022-08-17,6200,6200,6030,6050,155199,-0.024193548387096753
2022-08-18,5960,6040,5910,5990,102108,-0.00991735537190086
2022-08-19,5990,6050,5930,5930,85369,-0.01001669449081799
2022-08-22,5800,5890,5710,5710,114605,-0.03709949409780777
2022-08-23,5570,5750,5570,5570,174542,-0.024518388791593737
2022-08-24,5800,5890,5570,5590,269316,0.0035906642728904536
2022-08-25,5610,5890,5610,5750,180633,0.028622540250447193
2022-08-26,5760,5960,5750,5850,184622,0.017391304347825987
2022-08-29,5550,5690,5540,5680,90918,-0.029059829059829068
2022-08-30,5660,5830,5660,5770,83739,0.015845070422535246
2022-08-31,5770,5830,5710,5780,55334,0.0017331022530329143
2022-09-01,5730,5770,5550,5550,110420,-0.03979238754325265
2022-09-02,5650,6110,5630,5900,697372,0.06306306306306309
2022-09-05,6020,6020,5600,5660,339171,-0.04067796610169494
2022-09-06,5530,5670,5500,5600,180002,-0.010600706713780883
2022-09-07,5550,5590,5260,5290,186028,-0.05535714285714288
2022-09-08,5350,5390,5240,5250,96902,-0.007561436672967825
2022-09-13,5330,5550,5330,5490,121674,0.04571428571428582
2022-09-14,5280,5450,5260,5450,80637,-0.007285974499089298
2022-09-15,5450,5500,5310,5370,89620,-0.014678899082568808
2022-09-16,5350,5390,5160,5210,92385,-0.029795158286778367
2022-09-19,5160,5240,5000,5000,120012,-0.040307101727447225
2022-09-20,5020,5140,5020,5100,60752,0.020000000000000018
2022-09-21,5040,5210,5040,5080,38672,-0.0039215686274509665
2022-09-22,5020,5250,4830,4990,131588,-0.017716535433070835
2022-09-23,5000,5000,4805,4820,106092,-0.034068136272545124
2022-09-26,4730,4800,4455,4455,178885,-0.07572614107883813
2022-09-27,4385,4550,4325,4485,206455,0.006734006734006703
2022-09-28,4395,4550,4150,4225,196474,-0.05797101449275366
2022-09-29,4275,5100,4225,4225,2328005,0.0
2022-09-30,4140,4395,4120,4235,195806,0.002366863905325367
2022-10-04,4295,4470,4295,4410,175322,0.04132231404958686
2022-10-05,4500,4545,4260,4300,106984,-0.024943310657596363
2022-10-06,4325,4665,4300,4440,330162,0.032558139534883734
2022-10-07,4375,4470,4365,4375,52192,-0.014639639639639657
2022-10-11,4285,4310,4090,4100,167067,-0.06285714285714283
2022-10-12,4090,4160,4070,4110,84421,0.0024390243902439046
2022-10-13,4070,4110,3895,3900,135899,-0.051094890510948954
2022-10-14,3945,4180,3945,4180,170202,0.07179487179487176
2022-10-17,4055,4260,4030,4190,65848,0.0023923444976077235
2022-10-18,4230,4360,4215,4270,74249,0.019093078758949833
2022-10-19,4270,4355,4235,4270,58578,0.0
2022-10-20,4275,4355,4195,4200,55557,-0.016393442622950838
2022-10-21,4200,4290,4080,4080,60511,-0.02857142857142858
2022-10-24,4160,4365,4160,4285,105323,0.05024509803921573
2022-10-25,4230,4290,4090,4150,96192,-0.031505250875145885
2022-10-26,4135,4200,4050,4060,66199,-0.02168674698795181
2022-10-27,4080,4325,4060,4230,155963,0.041871921182266014
2022-10-28,4240,4250,4105,4140,44839,-0.021276595744680882
2022-10-31,4220,4220,4110,4110,41630,-0.007246376811594235
2022-11-01,4095,4250,4090,4200,55515,0.021897810218978186
2022-11-02,4180,4270,4170,4175,44895,-0.005952380952380931
2022-11-03,4060,4265,4060,4215,62507,0.009580838323353325
2022-11-04,4185,4330,4155,4245,76120,0.007117437722419906
2022-11-07,4260,4420,4260,4400,94296,0.036513545347467646
2022-11-08,4460,4570,4420,4450,178859,0.011363636363636465
2022-11-09,4475,4490,4350,4405,79997,-0.010112359550561778
2022-11-10,4340,4440,4340,4440,44945,0.007945516458569779
2022-11-11,4585,4590,4465,4470,107322,0.006756756756756799
2022-11-14,4465,4555,4425,4470,64016,0.0
2022-11-15,4430,4580,4430,4520,113983,0.01118568232662187
2022-11-16,4520,4565,4470,4490,70309,-0.006637168141592875
2022-11-17,4480,4545,4415,4495,76116,0.00111358574610243
2022-11-18,4480,4530,4450,4500,64894,0.0011123470522802492
2022-11-21,4490,4490,4345,4345,103839,-0.0344444444444445
2022-11-22,4335,4410,4305,4400,50427,0.012658227848101333
2022-11-23,4420,4475,4415,4440,33746,0.009090909090909038
2022-11-24,4485,4610,4460,4520,138941,0.018018018018018056
2022-11-25,4545,4590,4505,4525,27983,0.0011061946902655162
2022-11-28,4495,4545,4390,4415,43083,-0.024309392265193353
2022-11-29,4355,4455,4320,4455,86583,0.009060022650056565
2022-11-30,4410,4510,4410,4465,38555,0.002244668911335568
2022-12-01,4680,5180,4565,4700,3181359,0.05263157894736836
2022-12-02,4745,5210,4745,4890,2065019,0.04042553191489362
2022-12-05,4870,4905,4750,4760,184989,-0.026584867075664653
2022-12-06,4715,4975,4670,4670,227937,-0.018907563025210128
2022-12-07,4670,4680,4575,4585,149571,-0.018201284796573902
2022-12-08,4570,4655,4395,4405,163689,-0.03925845147219198
2022-12-09,4410,4795,4360,4700,487575,0.0669693530079456
2022-12-12,4715,4930,4715,4740,368358,0.008510638297872353
2022-12-13,4785,4795,4650,4700,155610,-0.008438818565400852
2022-12-14,4700,4765,4685,4745,92386,0.009574468085106425
2022-12-15,4790,4910,4730,4815,177851,0.01475237091675452
2022-12-16,4730,4750,4650,4690,108280,-0.025960539979231534
2022-12-19,4805,4915,4705,4855,268428,0.03518123667377404
2022-12-20,4860,4950,4630,4700,241647,-0.03192584963954681
2022-12-21,4750,4970,4725,4900,387101,0.042553191489361764
2022-12-22,4995,4995,4730,4870,321065,-0.006122448979591799
2022-12-23,4715,4755,4505,4550,334811,-0.0657084188911704
2022-12-26,4465,4545,4135,4155,426101,-0.08681318681318684
2022-12-27,4215,4625,3955,4020,885255,-0.032490974729241895
2022-12-28,4050,4070,3920,3970,151310,-0.01243781094527363
2022-12-29,3940,3970,3770,3835,154646,-0.03400503778337527
2023-01-02,3830,3890,3640,3690,122661,-0.03780964797913955
2023-01-03,3635,3880,3530,3695,335609,0.0013550135501354532
2023-01-04,3615,3825,3615,3810,111446,0.0311231393775373
2023-01-05,3820,3920,3785,3895,131918,0.022309711286089273
2023-01-06,3835,3930,3805,3920,73699,0.006418485237484006
2023-01-09,3955,4025,3955,4005,76252,0.02168367346938771
2023-01-10,3980,4070,3980,4035,65720,0.0074906367041198685
2023-01-11,4070,4115,4035,4080,81429,0.011152416356877248
2023-01-12,4100,4200,4030,4120,242988,0.009803921568627416
2023-01-13,4100,4155,4055,4085,97137,-0.008495145631068013
2023-01-16,4110,4110,4040,4080,42651,-0.001223990208078285
2023-01-17,4045,4100,4030,4040,50073,-0.009803921568627416
2023-01-18,4010,4055,3950,3985,47962,-0.013613861386138626
2023-01-19,3950,4010,3940,4005,25378,0.005018820577164407
2023-01-20,4030,4030,3965,4030,28535,0.006242197253433224
2023-01-25,4055,4085,4010,4050,64294,0.00496277915632759
2023-01-26,4010,4120,4010,4085,83982,0.00864197530864197
2023-01-27,4125,4190,4090,4140,124190,0.01346389228886169
2023-01-30,4120,4185,4105,4170,93813,0.007246376811594235
2023-01-31,4120,4215,4120,4165,63073,-0.0011990407673860837
2023-02-01,4180,4210,4145,4165,62111,0.0
2023-02-02,4195,4200,4150,4195,75602,0.007202881152460927
2023-02-03,4180,4195,4110,4150,82938,-0.010727056019070313
2023-02-06,4135,4135,4080,4080,41479,-0.016867469879518038
2023-02-07,4070,4135,4070,4090,47804,0.002450980392156854
2023-02-08,4105,4170,4095,4155,49896,0.01589242053789741
2023-02-09,4155,4180,4115,4145,55460,-0.002406738868832692
2023-02-10,4145,4165,4025,4050,73783,-0.022919179734619988
2023-02-13,4070,4070,3960,4015,75151,-0.00864197530864197
2023-02-14,4020,4035,3965,4000,30116,-0.0037359900373599153
2023-02-15,4020,4025,3880,3895,71675,-0.026249999999999996
2023-02-16,3975,3975,3885,3915,102195,0.005134788189987249
2023-02-17,3850,3995,3840,3970,59681,0.01404853128991057
2023-02-20,3930,4010,3910,3990,35143,0.005037783375314797
2023-02-21,3950,4115,3950,4070,105866,0.020050125313283207
2023-02-22,4050,4050,3900,4010,54801,-0.014742014742014753
2023-02-23,3970,4025,3940,3980,51828,-0.007481296758104716
2023-02-24,4000,4000,3840,3855,78569,-0.031407035175879394
2023-02-27,3845,3845,3710,3740,108802,-0.02983138780804151
2023-02-28,3790,3840,3750,3805,36131,0.017379679144384985
2023-03-02,3805,3840,3775,3825,30678,0.005256241787122251
2023-03-03,3855,3860,3770,3840,44954,0.0039215686274509665
2023-03-06,3870,3870,3770,3780,73891,-0.015625
2023-03-07,3755,3830,3755,3820,37783,0.010582010582010692
2023-03-08,3760,3780,3735,3750,48013,-0.01832460732984298
2023-03-09,3770,3795,3705,3725,51022,-0.00666666666666671
2023-03-10,3655,3720,3615,3630,47382,-0.025503355704697972
2023-03-13,3565,3630,3490,3625,81782,-0.0013774104683195176
2023-03-14,3585,3635,3400,3430,72504,-0.053793103448275814
2023-03-15,3465,3600,3465,3585,55151,0.04518950437317781
2023-03-16,3585,3600,3450,3520,31139,-0.018131101813110173
2023-03-17,3510,3610,3465,3580,29691,0.017045454545454586
2023-03-20,3540,3650,3540,3595,37999,0.0041899441340782495
2023-03-21,3615,3650,3500,3510,34609,-0.02364394993045893
2023-03-22,3520,3545,3440,3500,47596,-0.002849002849002802
2023-03-23,3455,3480,3385,3420,56826,-0.02285714285714291
2023-03-24,3430,3475,3380,3465,50073,0.013157894736842035
2023-03-27,3510,3540,3410,3430,48111,-0.010101010101010055
2023-03-28,3410,3495,3410,3460,37594,0.008746355685131268
2023-03-29,3460,3485,3405,3460,20580,0.0
2023-03-30,3450,3530,3430,3525,36330,0.01878612716762995
2023-03-31,3525,3545,3490,3505,27087,-0.005673758865248235
2023-04-03,3485,3585,3485,3570,42224,0.01854493580599148
2023-04-04,3590,3815,3585,3720,229976,0.04201680672268915
2023-04-05,3715,3770,3715,3730,59746,0.0026881720430107503
2023-04-06,3715,3760,3635,3635,76870,-0.025469168900804307
2023-04-07,3635,3710,3610,3665,40225,0.008253094910591452
2023-04-10,3715,3720,3400,3630,57630,-0.009549795361528002
2023-04-11,3600,3635,3505,3600,41849,-0.008264462809917328
2023-04-12,3585,3680,3565,3640,69248,0.011111111111111072
2023-04-13,3550,3660,3550,3650,43711,0.0027472527472527375
2023-04-14,3670,3720,3620,3710,66685,0.016438356164383494
2023-04-17,3725,4690,3675,4690,1803456,0.26415094339622636
2023-04-18,4300,4500,4105,4110,1742692,-0.12366737739872069
2023-04-19,4110,4215,4065,4105,392079,-0.0012165450121655041
2023-04-20,4105,4105,3870,3870,330883,-0.057247259439707654
2023-04-21,3850,3900,3750,3820,164803,-0.012919896640826822
2023-04-24,3820,3920,3755,3910,164502,0.023560209424083878
2023-04-25,3920,3945,3770,3825,150383,-0.021739130434782594
2023-04-26,3825,3850,3710,3710,127576,-0.030065359477124187
2023-04-27,3740,3740,3600,3645,117662,-0.01752021563342321
2023-04-28,3675,3685,3575,3595,95288,-0.013717421124828544
2023-05-02,3575,3730,3575,3705,90958,0.030598052851182223
2023-05-03,3700,3805,3650,3725,115094,0.005398110661268607
2023-05-04,3725,3770,3675,3725,64704,0.0
2023-05-08,3770,3870,3725,3810,125503,0.02281879194630876
2023-05-09,3805,3900,3775,3825,65371,0.003937007874015741
2023-05-10,3830,3920,3790,3800,73973,-0.006535947712418277
2023-05-11,3805,3880,3785,3860,88348,0.015789473684210575
2023-05-12,3835,3860,3780,3830,71275,-0.007772020725388629
2023-05-15,3775,3885,3715,3785,88107,-0.011749347258485643
2023-05-16,3750,3920,3710,3800,157741,0.003963011889035695
2023-05-17,3755,3855,3755,3845,71473,0.011842105263157876
2023-05-18,3845,3880,3800,3815,56572,-0.007802340702210642
2023-05-19,3855,3945,3815,3920,157906,0.02752293577981657
2023-05-22,3910,4115,3900,4020,341362,0.025510204081632626
2023-05-23,4050,4080,3955,4050,151929,0.00746268656716409
2023-05-24,4070,4190,4035,4035,427409,-0.0037037037037036535
2023-05-25,4020,4070,3925,3975,118237,-0.014869888475836479
2023-05-26,3975,4020,3870,3870,98634,-0.026415094339622636
2023-05-30,3865,3990,3865,3875,43918,0.0012919896640826156
2023-05-31,3875,3960,3870,3880,41629,0.001290322580645098
2023-06-01,3855,3930,3810,3855,67028,-0.006443298969072142
2023-06-02,3840,3865,3825,3840,41229,-0.0038910505836575737
2023-06-05,3850,3915,3850,3900,35387,0.015625
2023-06-07,3875,3945,3875,3920,37046,0.00512820512820511
2023-06-08,3920,3925,3845,3870,58434,-0.012755102040816313
2023-06-09,3900,4000,3850,3875,56511,0.0012919896640826156
2023-06-12,3860,3920,3850,3875,41393,0.0
2023-06-13,4100,4880,4055,4240,10428379,0.09419354838709681
2023-06-14,4315,4320,4095,4115,784547,-0.02948113207547165
2023-06-15,4075,4240,4000,4190,958891,0.018226002430133725
2023-06-16,4145,4195,4070,4160,286278,-0.007159904534606243
2023-06-19,4160,4485,4135,4415,1712192,0.06129807692307687
2023-06-20,4315,4390,4250,4285,472373,-0.029445073612684003
2023-06-21,4330,4425,4280,4305,438111,0.004667444574095736
2023-06-22,4310,4340,4210,4215,188115,-0.020905923344947785
2023-06-23,4255,4255,4080,4150,194434,-0.01542111506524313
2023-06-26,4190,4250,4140,4185,176617,0.008433734939758963
2023-06-27,4155,4225,4135,4140,106170,-0.010752688172043001
2023-06-28,4145,4205,4115,4125,77962,-0.0036231884057971175
2023-06-29,4155,4155,4040,4065,112832,-0.014545454545454528
2023-06-30,4055,4085,4000,4045,126708,-0.004920049200492049
2023-07-03,4050,4200,4050,4160,93744,0.028430160692212603
2023-07-04,4165,4200,4065,4125,88232,-0.008413461538461564
2023-07-05,4095,4185,4030,4050,99549,-0.018181818181818188
2023-07-06,4070,4075,3890,3905,166263,-0.03580246913580243
2023-07-07,3940,3985,3855,3910,89759,0.001280409731113874
2023-07-10,3910,4620,3910,4195,5031209,0.07289002557544766
2023-07-11,4180,4250,4100,4205,450369,0.0023837902264600697
2023-07-12,4285,4285,4075,4150,275245,-0.013079667063020217
2023-07-13,4175,4210,4105,4145,175432,-0.001204819277108471
2023-07-14,4145,4165,4035,4075,151216,-0.016887816646562137
2023-07-17,4390,4880,4210,4580,11512282,0.12392638036809811
2023-07-18,4580,4800,4350,4800,2080681,0.048034934497816595
2023-07-19,4700,5090,4545,5090,3370821,0.06041666666666656
2023-07-20,4895,5490,4890,5350,7396707,0.05108055009823187
2023-07-21,5130,5180,4820,4820,1341096,-0.09906542056074763
2023-07-24,4770,4820,4350,4355,1047951,-0.09647302904564314
2023-07-25,4380,4480,4170,4170,636655,-0.042479908151549894
2023-07-26,4110,4155,3700,3880,725341,-0.0695443645083933
2023-07-27,3820,4095,3820,3985,392772,0.027061855670102997
2023-07-28,3945,4150,3870,4045,233662,0.015056461731492998
2023-07-31,4045,4210,4000,4170,204331,0.030902348578492056
2023-08-01,4240,4255,4125,4235,185009,0.015587529976019088
2023-08-02,4240,4280,4080,4110,158858,-0.029515938606847647
2023-08-03,4110,4110,3950,4045,166431,-0.015815085158150888
2023-08-04,4065,4225,3985,4085,150789,0.009888751545117369
2023-08-07,4110,4120,3965,4115,142727,0.007343941248469932
2023-08-08,4140,4405,4080,4405,564924,0.07047387606318356
2023-08-09,4380,4500,4260,4430,545349,0.00567536889897835
2023-08-10,4430,4430,4150,4150,389984,-0.06320541760722342
2023-08-11,4100,4160,4030,4065,200152,-0.02048192771084334
2023-08-14,4065,4065,3955,3970,154961,-0.02337023370233704
2023-08-16,3950,3955,3845,3845,168677,-0.03148614609571787
2023-08-17,3845,3845,3655,3805,166109,-0.01040312093628093
2023-08-18,3785,3785,3650,3670,138130,-0.03547963206307492
2023-08-21,3660,3760,3660,3705,76565,0.0095367847411445
2023-08-22,3745,3780,3655,3780,70998,0.020242914979757165
2023-08-23,3780,3850,3740,3765,63959,-0.003968253968253954
2023-08-24,3765,3810,3730,3780,60962,0.003984063745019917
2023-08-25,3780,3835,3715,3825,48415,0.011904761904761862
2023-08-28,3845,4070,3820,3915,228728,0.0235294117647058
2023-08-29,3895,4280,3875,3985,725217,0.017879948914431676
2023-08-30,3950,4040,3950,3960,102267,-0.006273525721455453
2023-08-31,3950,3990,3830,3830,95166,-0.03282828282828287
2023-09-01,3835,4180,3830,3965,201146,0.03524804177545682
2023-09-04,3905,4050,3905,3955,104658,-0.0025220680958385477
2023-09-05,3960,4050,3865,4015,139493,0.015170670037926604
2023-09-06,4015,4130,3945,4060,271588,0.011207970112079746
2023-09-07,4055,4260,4020,4035,452315,-0.006157635467980316
2023-09-08,4035,4070,4010,4010,91089,-0.006195786864931829
2023-09-11,4055,4055,4010,4015,74496,0.0012468827930174342
2023-09-12,4030,4050,3900,3910,92264,-0.026151930261519296
2023-09-13,3865,3955,3820,3880,63532,-0.007672634271099765
2023-09-14,3880,3935,3880,3885,23792,0.0012886597938144284
2023-09-15,3855,4050,3855,3955,90979,0.018018018018018056
2023-09-18,3945,3975,3850,3850,67793,-0.026548672566371723
2023-09-19,3850,3900,3780,3810,55968,-0.010389610389610393
2023-09-20,3850,3850,3720,3745,60160,-0.017060367454068248
2023-09-21,3740,3745,3650,3660,93595,-0.022696929238985364
2023-09-22,3650,3765,3630,3675,89116,0.004098360655737654
2023-09-25,3670,3690,3535,3545,134267,-0.03537414965986396
2023-09-26,3545,3590,3340,3370,148516,-0.049365303244005676
2023-09-27,3310,3500,3310,3500,59398,0.03857566765578646
2023-10-04,3500,3500,3330,3345,87884,-0.04428571428571426
2023-10-05,3350,3375,3180,3190,119294,-0.046337817638266054
2023-10-06,3190,3350,3190,3345,54405,0.048589341692790056
2023-10-10,3330,3415,3205,3265,50311,-0.02391629297458897
2023-10-11,3300,3455,3300,3455,57691,0.05819295558958659
2023-10-12,3455,3485,3410,3485,23493,0.00868306801736618
2023-10-13,3425,3460,3365,3370,32365,-0.03299856527977041
2023-10-16,3380,3380,3275,3310,29586,-0.017804154302670572
2023-10-17,3320,3395,3270,3395,35655,0.025679758308157163
2023-10-18,3395,3395,3325,3330,17686,-0.019145802650957333
2023-10-19,3270,3305,3180,3190,74718,-0.042042042042042094
2023-10-20,3190,3210,3000,3120,94901,-0.021943573667711602
2023-10-23,3075,3165,3060,3095,56727,-0.008012820512820484
2023-10-24,3095,3230,3010,3230,82769,0.043618739903069415
2023-10-25,3210,3255,3165,3200,15751,-0.009287925696594423
2023-10-26,3110,3140,3020,3050,51207,-0.046875
2023-10-27,3050,3140,3020,3070,34449,0.006557377049180246
2023-10-30,3030,3165,3030,3165,32866,0.030944625407166138
2023-10-31,3180,3180,3050,3065,45895,-0.03159557661927326
2023-11-01,3070,3125,3045,3100,25191,0.011419249592169667
2023-11-02,3105,3185,3105,3180,62457,0.02580645161290329
2023-11-03,3495,3990,3460,3555,3557123,0.11792452830188682
2023-11-06,3600,3645,3450,3460,332769,-0.026722925457102642
2023-11-07,3460,3480,3380,3400,155700,-0.017341040462427793
2023-11-08,3400,3430,3320,3345,107485,-0.016176470588235348
2023-11-09,3345,3385,3285,3285,64923,-0.017937219730941756
2023-11-10,3280,3300,3225,3230,49601,-0.016742770167427756
2023-11-13,3230,3265,3185,3190,56079,-0.012383900928792602
2023-11-14,3190,3300,3185,3245,56107,0.01724137931034475
2023-11-15,3260,3320,3250,3320,57628,0.023112480739599484
2023-11-16,3340,3355,3300,3350,40881,0.009036144578313143
2023-11-17,3360,3360,3265,3275,31839,-0.02238805970149249
2023-11-20,3275,3360,3270,3345,55369,0.021374045801526798
2023-11-21,3345,3375,3315,3325,56199,-0.005979073243647215
2023-11-22,3325,3390,3290,3325,59161,0.0
2023-11-23,3400,3400,3310,3330,77009,0.0015037593984963404
2023-11-24,3310,3365,3310,3325,41232,-0.0015015015015015232
2023-11-27,3335,3345,3300,3310,34646,-0.004511278195488688
2023-11-28,3440,3440,3285,3330,67007,0.0060422960725075026
2023-11-29,3350,3350,3230,3270,68770,-0.018018018018018056
2023-11-30,3500,3580,3365,3405,537301,0.041284403669724856
2023-12-01,3405,3480,3395,3405,54233,0.0
2023-12-04,3510,3510,3395,3470,110247,0.019089574155653377
2023-12-05,3470,3580,3450,3505,100900,0.01008645533141217
2023-12-06,3580,3700,3430,3700,281744,0.05563480741797422
2023-12-07,3625,3660,3390,3410,352035,-0.07837837837837835
2023-12-08,3400,3430,3350,3405,96917,-0.0014662756598240456
2023-12-11,3405,3460,3405,3455,72698,0.014684287812041008
2023-12-12,3455,3480,3405,3470,49184,0.004341534008682979
2023-12-13,3465,3465,3375,3405,61685,-0.018731988472622474
2023-12-14,3405,3425,3365,3405,56190,0.0
2023-12-15,3405,3450,3400,3410,30188,0.001468428781204123
2023-12-18,3425,3425,3365,3390,42343,-0.0058651026392961825
2023-12-19,3370,3385,3355,3370,93933,-0.005899705014749235
2023-12-20,3510,3550,3360,3365,298088,-0.0014836795252225476
2023-12-21,3355,3370,3315,3325,62469,-0.011887072808320909
2023-12-22,3330,3340,3285,3305,53586,-0.006015037593984918
2023-12-26,3305,3305,3255,3260,63871,-0.013615733736762503
2023-12-27,3250,3300,3215,3235,37996,-0.0076687116564416735
2023-12-28,3210,3275,3210,3240,42321,0.0015455950540959051
2024-01-02,3275,3300,3220,3285,27973,0.01388888888888884
2024-01-03,3260,3285,3245,3280,24268,-0.0015220700152207556
2024-01-04,3275,3285,3240,3265,35475,-0.004573170731707266
2024-01-05,3245,3265,3235,3260,26419,-0.0015313935681470214
2024-01-08,3260,3275,3230,3255,25213,-0.0015337423312883347
2024-01-09,3260,3270,3245,3270,45452,0.004608294930875667
2024-01-10,3270,3280,3235,3260,26165,-0.003058103975535187
2024-01-11,3260,3315,3260,3310,47631,0.015337423312883347
2024-01-12,3310,3310,3235,3270,56598,-0.012084592145015116
2024-01-15,3255,3255,3205,3205,41544,-0.019877675840978548
2024-01-16,3130,3220,3130,3190,40540,-0.004680187207488307
2024-01-17,3175,3205,3110,3110,39158,-0.025078369905956133
2024-01-18,3100,3150,3050,3110,24086,0.0
2024-01-19,3110,3170,3110,3160,14618,0.016077170418006492
2024-01-22,3180,3180,3110,3125,21343,-0.011075949367088556
2024-01-23,3120,3275,3105,3210,32089,0.02719999999999989
2024-01-24,3210,3210,3120,3125,26915,-0.026479750778816147
2024-01-25,3125,3185,3090,3115,25737,-0.0031999999999999806
2024-01-26,3105,3235,3090,3200,53256,0.02728731942215079
2024-01-29,3195,3195,3110,3155,26347,-0.014062499999999978
2024-01-30,3180,3240,3120,3230,60055,0.023771790808240878
2024-01-31,3190,3225,3085,3145,60069,-0.02631578947368418
2024-02-01,3115,3125,3030,3100,51727,-0.014308426073131986
2024-02-02,3120,3130,3095,3125,15805,0.008064516129032251
2024-02-05,3120,3135,3110,3115,13816,-0.0031999999999999806
2024-02-06,3095,3125,3085,3115,9741,0.0
2024-02-07,3095,3180,3090,3115,25367,0.0
2024-02-08,3120,3255,3050,3060,88738,-0.017656500802568198
2024-02-13,3100,3145,3045,3145,31699,0.02777777777777768
2024-02-14,3140,3145,3085,3130,15712,-0.004769475357710662
2024-02-15,3110,3145,3100,3140,16783,0.0031948881789136685
2024-02-16,3120,3160,3110,3150,19105,0.0031847133757962887
2024-02-19,3130,3165,3130,3160,20006,0.0031746031746031633
2024-02-20,3130,3155,3120,3125,19287,-0.011075949367088556
2024-02-21,3110,3155,3100,3115,36912,-0.0031999999999999806
2024-02-22,3105,3135,3100,3135,18168,0.006420545746388395
2024-02-23,3130,3130,3065,3090,28307,-0.014354066985645897
2024-02-26,3100,3160,3045,3130,89560,0.012944983818770295
2024-02-27,3090,3100,2995,3005,86181,-0.039936102236421744
2024-02-28,3010,3035,2990,3035,26809,0.009983361064891838
2024-02-29,3035,3040,3000,3000,37467,-0.011532125205930832
2024-03-04,3030,3030,3000,3015,17566,0.004999999999999893
2024-03-05,2975,3040,2940,2970,88725,-0.014925373134328401
2024-03-06,2950,2960,2920,2940,41791,-0.010101010101010055
2024-03-07,2950,2950,2905,2910,28662,-0.010204081632653073
2024-03-08,2925,2925,2890,2900,30194,-0.0034364261168384758
2024-03-11,2900,2930,2885,2900,22183,0.0
2024-03-12,2890,2900,2855,2880,36689,-0.006896551724137945
2024-03-13,2890,2910,2850,2895,26390,0.005208333333333259
2024-03-14,2895,2905,2870,2905,20775,0.003454231433505983
2024-03-15,2875,2910,2860,2890,25181,-0.005163511187607606
2024-03-18,2890,2895,2845,2865,18917,-0.00865051903114189
2024-03-19,2835,2885,2825,2835,30816,-0.010471204188481686
2024-03-20,2835,2835,2805,2830,23328,-0.0017636684303351524
2024-03-21,2845,2875,2815,2870,23969,0.014134275618374659
2024-03-22,2845,2900,2835,2895,22725,0.008710801393728262
2024-03-25,2895,2910,2840,2895,34557,0.0
2024-03-26,2860,2975,2860,2955,42487,0.020725388601036343
2024-03-27,2945,2965,2930,2955,33805,0.0
2024-03-28,2905,3005,2900,2985,74743,0.010152284263959421
2024-03-29,2985,2995,2905,2930,32015,-0.018425460636515956
2024-04-01,2860,2925,2855,2895,46219,-0.011945392491467532
2024-04-02,2880,2880,2820,2865,47278,-0.010362694300518172
2024-04-03,2820,2865,2800,2815,37588,-0.017452006980802848
2024-04-04,2820,2850,2800,2840,20140,0.008880994671403242
2024-04-05,2750,2840,2735,2770,48803,-0.02464788732394363
2024-04-08,2750,2770,2675,2720,54888,-0.018050541516245522
2024-04-09,2730,2730,2655,2710,49060,-0.003676470588235281
2024-04-11,2700,2710,2645,2660,20598,-0.01845018450184499
2024-04-12,2660,2680,2600,2615,47635,-0.016917293233082664
2024-04-15,2615,2640,2550,2555,32786,-0.02294455066921608
2024-04-16,2555,2555,2480,2510,57559,-0.017612524461839585
2024-04-17,2510,2525,2475,2525,39287,0.005976095617529875
2024-04-18,2495,2625,2490,2625,26109,0.03960396039603964
2024-04-19,2635,2635,2570,2595,39184,-0.011428571428571455
2024-04-22,2570,2610,2540,2560,26971,-0.013487475915221592
2024-04-23,2570,2625,2570,2585,17118,0.009765625
2024-04-24,2585,2600,2560,2575,12848,-0.003868471953578312
2024-04-25,2575,2580,2535,2560,17716,-0.005825242718446644
2024-04-26,2555,2560,2520,2550,15660,-0.00390625
2024-04-29,2550,2560,2525,2550,15584,0.0
2024-04-30,2560,2640,2555,2640,62932,0.03529411764705892
2024-05-02,2705,2950,2665,2760,452933,0.045454545454545414
2024-05-03,2755,2755,2635,2725,71342,-0.0126811594202898
2024-05-07,2720,2725,2690,2710,22446,-0.0055045871559632475
2024-05-08,2720,2735,2685,2735,23730,0.009225092250922495
2024-05-09,2735,2790,2685,2725,34981,-0.003656307129798919
2024-05-10,2750,2750,2695,2735,19072,0.003669724770642091
2024-05-13,2705,2735,2695,2715,28533,-0.007312614259597838
2024-05-14,2700,2735,2700,2735,9648,0.007366482504604033
2024-05-16,2725,2750,2715,2730,9707,-0.001828153564899404
2024-05-17,2710,2720,2680,2695,23113,-0.012820512820512775
2024-05-20,2680,2680,2620,2665,33288,-0.011131725417439675
2024-05-21,2630,2700,2625,2655,19141,-0.0037523452157598447
2024-05-22,2635,2685,2635,2660,11858,0.0018832391713747842
2024-05-23,2655,2670,2625,2625,29989,-0.013157894736842146
2024-05-24,2620,2640,2605,2640,18168,0.005714285714285783
2024-05-27,2620,2645,2615,2645,15392,0.0018939393939394478
2024-05-28,2615,2635,2615,2620,18125,-0.009451795841209809
2024-05-29,2620,2625,2595,2600,16875,-0.007633587786259555
2024-05-30,2590,2590,2560,2570,13772,-0.011538461538461497
2024-05-31,2565,2575,2555,2565,15027,-0.0019455252918287869
2024-06-03,2550,2610,2550,2605,22395,0.015594541910331383
2024-06-04,2605,2610,2575,2575,28816,-0.01151631477927062
2024-06-05,2565,2585,2555,2585,10207,0.003883495145631022
2024-06-07,2585,2630,2575,2605,34963,0.007736943907156624
2024-06-10,2565,2615,2535,2560,29800,-0.017274472168905985
2024-06-11,2535,2580,2535,2570,21759,0.00390625
2024-06-12,2580,2615,2535,2570,17424,0.0
2024-06-13,2585,2585,2550,2565,10823,-0.0019455252918287869
2024-06-14,2530,2550,2505,2520,24348,-0.01754385964912286
2024-06-17,2520,2530,2500,2515,24141,-0.001984126984126977
2024-06-18,2505,2520,2500,2520,16995,0.001988071570576455
2024-06-19,2520,2545,2500,2540,27874,0.007936507936507908
2024-06-20,2540,2545,2500,2545,19192,0.0019685039370078705
2024-06-21,2530,2575,2500,2515,23175,-0.011787819253438081
