Date,Open,High,Low,Close,Volume,Change
2022-01-03,30000,30200,29750,30050,38460,-0.0016611295681062677
2022-01-04,29950,32400,29950,32400,159235,0.0782029950083194
2022-01-05,31900,32650,31600,32550,98265,0.004629629629629539
2022-01-06,32050,33400,32000,32500,106881,-0.001536098310291889
2022-01-07,32550,32800,32000,32300,35130,-0.006153846153846176
2022-01-10,32750,33250,32150,32900,62953,0.018575851393188847
2022-01-11,32900,32900,31300,31800,64430,-0.033434650455927084
2022-01-12,31950,32050,31500,32050,27602,0.007861635220125729
2022-01-13,32050,32050,31100,31300,37706,-0.023400936037441533
2022-01-14,31000,31300,30650,30850,30412,-0.014376996805111841
2022-01-17,30600,30850,30000,30250,25277,-0.01944894651539708
2022-01-18,29950,30500,29800,30150,28722,-0.0033057851239669533
2022-01-19,29850,30350,29550,29800,23804,-0.011608623548922004
2022-01-20,29250,29800,29250,29750,22622,-0.001677852348993314
2022-01-21,29800,29800,29000,29200,34036,-0.01848739495798324
2022-01-24,28750,29000,27900,28000,64600,-0.04109589041095896
2022-01-25,28000,28200,26700,27000,69967,-0.0357142857142857
2022-01-26,27000,27550,26750,27250,21681,0.0092592592592593
2022-01-27,27300,27700,26500,26900,38283,-0.012844036697247652
2022-01-28,26750,27700,26600,27600,25787,0.026022304832713727
2022-02-03,28200,28350,28000,28200,19606,0.021739130434782705
2022-02-04,28200,29000,27950,28750,22396,0.019503546099290725
2022-02-07,29100,29450,28600,29450,21064,0.024347826086956514
2022-02-08,29450,29600,28700,29000,16331,-0.015280135823429575
2022-02-09,29150,29650,28800,29600,13038,0.020689655172413834
2022-02-10,29500,29700,29400,29700,6997,0.0033783783783782884
2022-02-11,29600,29600,28900,29350,13020,-0.011784511784511786
2022-02-14,29000,29200,28550,28800,18582,-0.01873935264054516
2022-02-15,28750,28900,27900,28000,22201,-0.02777777777777779
2022-02-16,28300,29150,28300,28550,16970,0.019642857142857073
2022-02-17,28350,29150,28300,28700,23745,0.005253940455341555
2022-02-18,28400,29100,28150,29100,9903,0.013937282229965264
2022-02-21,28900,29250,28600,29100,9728,0.0
2022-02-22,28500,29100,28450,28750,8212,-0.012027491408934665
2022-02-23,28750,28850,28550,28700,9217,-0.0017391304347825765
2022-02-24,28650,28650,27850,27850,23050,-0.029616724738675937
2022-02-25,28050,28500,27850,28200,13426,0.012567324955116588
2022-02-28,28250,28650,28100,28500,11116,0.010638297872340496
2022-03-02,28500,29100,28050,29000,17759,0.01754385964912286
2022-03-03,28850,29650,28850,29600,23375,0.020689655172413834
2022-03-04,29600,29600,29100,29600,20652,0.0
2022-03-07,29550,29700,28600,28700,23862,-0.030405405405405372
2022-03-08,28300,28600,28050,28400,19185,-0.010452961672473893
2022-03-10,28650,28900,28300,28800,13837,0.014084507042253502
2022-03-11,28900,29400,28700,29350,27939,0.01909722222222232
2022-03-14,29050,29650,29000,29600,17831,0.008517887563884052
2022-03-15,29600,29600,28900,29000,17710,-0.020270270270270285
2022-03-16,29050,29600,29050,29550,22450,0.018965517241379404
2022-03-17,29650,30300,29650,30050,38993,0.016920473773265554
2022-03-18,30100,30400,29800,30000,44446,-0.0016638935108153063
2022-03-21,30250,30350,29850,30200,23452,0.006666666666666599
2022-03-22,30250,30250,29850,30100,16275,-0.0033112582781457123
2022-03-23,30100,30300,29850,30100,21789,0.0
2022-03-24,30100,30700,29850,30650,54684,0.0182724252491695
2022-03-25,30750,30750,30000,30050,23328,-0.019575856443719397
2022-03-28,30000,30200,29650,30200,18174,0.004991680532445919
2022-03-29,30000,30500,29900,30350,13462,0.004966887417218624
2022-03-30,30350,30550,30050,30400,20789,0.0016474464579900872
2022-03-31,30250,31150,30150,31000,40463,0.019736842105263053
2022-04-01,31000,31000,30550,30850,12818,-0.004838709677419395
2022-04-04,30900,31000,30500,30900,20614,0.0016207455429497752
2022-04-05,30800,31100,30700,31050,14536,0.004854368932038833
2022-04-06,30800,31350,30550,30600,24145,-0.01449275362318836
2022-04-07,30550,30550,29900,29900,24795,-0.022875816993464082
2022-04-08,29900,30050,29150,29500,33253,-0.013377926421404673
2022-04-11,29500,29700,29200,29500,21579,0.0
2022-04-12,29650,32600,29650,32400,271528,0.09830508474576272
2022-04-13,32400,32500,31500,32400,103527,0.0
2022-04-14,32750,33800,32250,33450,150706,0.03240740740740744
2022-04-15,33300,33850,33050,33600,65944,0.004484304932735439
2022-04-18,33600,33850,32700,33150,49432,-0.013392857142857095
2022-04-19,33100,33100,31800,32100,85387,-0.03167420814479638
2022-04-20,32200,32200,31500,31750,59977,-0.010903426791277204
2022-04-21,31700,32400,31600,32200,39581,0.014173228346456623
2022-04-22,32000,33500,31900,33050,93917,0.026397515527950333
2022-04-25,32900,33200,31950,32750,64875,-0.009077155824508298
2022-04-26,33100,33700,32500,32750,76155,0.0
2022-04-27,32300,33000,31850,32950,45151,0.006106870229007688
2022-04-28,32700,33100,32700,33000,26403,0.0015174506828528056
2022-04-29,32850,33100,32700,32950,17739,-0.0015151515151514694
2022-05-02,32300,32900,32300,32700,10545,-0.007587253414264028
2022-05-03,33000,33000,32150,32450,23747,-0.007645259938837912
2022-05-04,32450,32800,32000,32700,25162,0.007704160246533087
2022-05-06,32250,32950,32200,32950,19790,0.007645259938837912
2022-05-09,32700,32850,31600,32150,40427,-0.02427921092564489
2022-05-10,31500,32200,30850,31950,44698,-0.0062208398133748455
2022-05-11,31700,32200,31650,31850,20218,-0.003129890453834161
2022-05-12,31850,32050,31100,31700,26382,-0.004709576138147598
2022-05-13,31600,32000,31450,31950,18677,0.007886435331230235
2022-05-16,32000,32300,31400,31800,19750,-0.0046948356807511304
2022-05-17,31800,31900,31300,31300,25884,-0.01572327044025157
2022-05-18,31500,31800,31300,31650,22399,0.011182108626198062
2022-05-19,30900,31550,30900,31500,15678,-0.004739336492891044
2022-05-20,31400,31700,31400,31500,12074,0.0
2022-05-23,31500,31700,31050,31150,13802,-0.011111111111111072
2022-05-24,31150,31150,30500,30700,21795,-0.014446227929374
2022-05-25,30550,30850,30400,30550,15029,-0.004885993485342022
2022-05-26,30500,30800,30150,30300,17830,-0.008183306055646433
2022-05-27,30350,30900,30000,30500,31955,0.0066006600660066805
2022-05-30,30600,31150,30550,31100,14102,0.01967213114754096
2022-05-31,30800,31050,30600,30600,20835,-0.01607717041800638
2022-06-02,30800,30800,30300,30350,11674,-0.008169934640522847
2022-06-03,30500,30600,30100,30150,20035,-0.00658978583196046
2022-06-07,30350,30450,29950,30100,17152,-0.0016583747927031434
2022-06-08,30200,30300,29900,30100,13014,0.0
2022-06-09,30100,30300,29600,30000,24147,-0.0033222591362126463
2022-06-10,29700,30250,29700,30100,17167,0.0033333333333334103
2022-06-13,29500,30000,28900,29050,22792,-0.03488372093023251
2022-06-14,28500,28800,27850,28450,30689,-0.02065404475043031
2022-06-15,28100,28450,27550,28400,40900,-0.0017574692442882123
2022-06-16,28300,28700,27700,28300,26601,-0.0035211267605633756
2022-06-17,27400,28500,27350,28400,21329,0.0035335689045936647
2022-06-20,28500,28550,27100,27100,27516,-0.045774647887323994
2022-06-21,26900,27500,26900,27400,9288,0.011070110701107083
2022-06-22,27300,27400,26700,26700,39951,-0.025547445255474477
2022-06-23,26700,26700,25050,25100,80242,-0.05992509363295884
2022-06-24,24900,26050,24900,26000,26252,0.03585657370517925
2022-06-27,26300,26850,26000,26250,34506,0.009615384615384581
2022-06-28,26550,27100,26100,26950,18951,0.026666666666666616
2022-06-29,26800,28600,26700,28300,47331,0.05009276437847876
2022-06-30,28350,28650,27500,27800,25898,-0.017667844522968212
2022-07-01,27700,27950,27200,27700,27026,-0.003597122302158251
2022-07-04,28300,28300,26550,26800,43004,-0.032490974729241895
2022-07-05,26800,27950,26650,27900,16661,0.04104477611940305
2022-07-06,27700,28200,27450,28000,13314,0.0035842293906809264
2022-07-07,27900,28150,26300,28100,22737,0.0035714285714285587
2022-07-08,28100,28350,27850,28150,11101,0.001779359430605032
2022-07-11,28350,28350,27700,28000,7965,-0.005328596802841923
2022-07-12,28000,28000,27000,27300,15317,-0.025000000000000022
2022-07-13,27500,27500,27000,27300,17062,0.0
2022-07-14,27150,27650,26900,27500,10200,0.0073260073260073
2022-07-15,27800,27800,26900,27600,16089,0.0036363636363636598
2022-07-18,27650,28700,27450,28550,21968,0.034420289855072506
2022-07-19,28450,28600,28050,28550,13622,0.0
2022-07-20,28550,28600,28250,28500,19721,-0.0017513134851138146
2022-07-21,28450,28450,27950,28400,17772,-0.0035087719298245723
2022-07-22,28400,28400,28050,28400,11882,0.0
2022-07-25,28250,28400,27900,28350,17664,-0.0017605633802817433
2022-07-26,28450,28450,28000,28300,5295,-0.0017636684303351524
2022-07-27,28100,28300,27700,27900,15840,-0.014134275618374548
2022-07-28,27900,28100,27050,27350,29576,-0.01971326164874554
2022-07-29,27400,27650,26450,26800,96865,-0.020109689213894
2022-08-01,27100,27150,26600,26900,17388,0.003731343283582156
2022-08-02,27000,27000,26400,26900,14305,0.0
2022-08-03,26900,26900,26500,26850,18146,-0.0018587360594795044
2022-08-04,26750,27050,26450,26650,64451,-0.007448789571694592
2022-08-05,26700,27700,26700,27250,71061,0.022514071294559068
2022-08-08,27250,27250,26500,26650,51592,-0.022018348623853212
2022-08-09,26700,26700,26050,26200,70548,-0.016885553470919357
2022-08-10,26100,26600,26000,26600,47211,0.01526717557251911
2022-08-11,26600,26800,26400,26750,42837,0.005639097744360999
2022-08-12,26750,27250,26600,27200,42020,0.016822429906542036
2022-08-16,27400,27700,27150,27650,24265,0.016544117647058876
2022-08-17,27750,27800,27200,27650,21686,0.0
2022-08-18,27350,27450,27000,27400,17585,-0.009041591320072317
2022-08-19,27250,27400,26850,27000,23298,-0.014598540145985384
2022-08-22,26750,26750,26250,26250,44025,-0.02777777777777779
2022-08-23,26050,26200,25450,25800,56030,-0.017142857142857126
2022-08-24,25500,25850,25450,25550,44191,-0.009689922480620172
2022-08-25,25750,26200,25750,26050,22342,0.019569471624266255
2022-08-26,26100,26500,26100,26150,10541,0.0038387715930903177
2022-08-29,25500,26050,25100,25950,32550,-0.007648183556405397
2022-08-30,25950,26100,25450,25650,31870,-0.011560693641618491
2022-08-31,25700,25950,25550,25750,13144,0.003898635477582957
2022-09-01,25700,25700,25150,25250,28088,-0.01941747572815533
2022-09-02,25250,25550,25200,25250,19863,0.0
2022-09-05,25500,25550,24650,25150,23486,-0.003960396039603964
2022-09-06,25250,25300,25000,25100,7576,-0.001988071570576566
2022-09-07,25100,25100,24400,24600,35683,-0.019920318725099584
2022-09-08,24600,24750,24400,24400,23643,-0.008130081300813052
2022-09-13,24600,25000,24350,24950,17861,0.02254098360655732
2022-09-14,24450,24600,24350,24550,21105,-0.01603206412825653
2022-09-15,24550,24650,24400,24600,8179,0.0020366598778003286
2022-09-16,24600,24650,24250,24650,15509,0.00203252032520318
2022-09-19,24600,24600,23900,24000,25266,-0.026369168356997985
2022-09-20,24000,24250,23950,24200,7146,0.008333333333333304
2022-09-21,24200,24200,23850,24000,22082,-0.008264462809917328
2022-09-22,23750,23800,23250,23400,28401,-0.025000000000000022
2022-09-23,23500,23500,22600,23100,38038,-0.012820512820512775
2022-09-26,22500,22750,21500,21800,81655,-0.05627705627705626
2022-09-27,21500,22350,21500,21950,28961,0.006880733944954143
2022-09-28,21900,22100,20700,21000,45096,-0.0432801822323462
2022-09-29,21200,21350,20600,20600,34435,-0.01904761904761909
2022-09-30,20350,20750,20100,20400,15555,-0.009708737864077666
2022-10-04,20400,20900,20400,20750,15817,0.017156862745097978
2022-10-05,21100,21100,20300,20450,17553,-0.014457831325301207
2022-10-06,20450,20950,20450,20900,13185,0.022004889975550057
2022-10-07,20700,21050,20600,20950,16759,0.0023923444976077235
2022-10-11,20700,20900,20000,20050,30447,-0.042959427207637235
2022-10-12,20000,20200,19800,20050,24298,0.0
2022-10-13,19850,20200,19250,19350,46340,-0.034912718204488824
2022-10-14,19700,20050,19350,19950,42887,0.03100775193798455
2022-10-17,19750,19950,19300,19850,27986,-0.005012531328320802
2022-10-18,20000,20450,19850,20450,36314,0.030226700251889227
2022-10-19,20450,20750,20200,20400,31439,-0.0024449877750610804
2022-10-20,20250,20500,19800,19800,46916,-0.02941176470588236
2022-10-21,19800,20100,19550,19950,17202,0.007575757575757569
2022-10-24,20100,20450,19550,19850,23848,-0.005012531328320802
2022-10-25,19850,19850,19500,19650,16504,-0.010075566750629705
2022-10-26,19650,19700,19200,19250,26936,-0.020356234096692072
2022-10-27,19300,19600,19150,19500,34470,0.01298701298701288
2022-10-28,19500,19600,19250,19450,22955,-0.002564102564102555
2022-10-31,19600,19600,19150,19300,32835,-0.007712082262210762
2022-11-01,19300,19750,19200,19650,25937,0.0181347150259068
2022-11-02,19550,20100,19500,20000,24213,0.01781170483460559
2022-11-03,19850,19900,19600,19800,19935,-0.010000000000000009
2022-11-04,19550,19900,19500,19850,17536,0.002525252525252597
2022-11-07,19850,20200,19700,20150,32743,0.015113350125944613
2022-11-08,20350,21150,20150,20750,47969,0.02977667493796532
2022-11-09,20900,21200,20700,20900,22934,0.0072289156626506035
2022-11-10,20600,21250,20600,21100,21346,0.009569377990430672
2022-11-11,21350,21600,21250,21550,36914,0.021327014218009532
2022-11-14,21600,21700,21350,21550,23519,0.0
2022-11-15,21550,21700,21350,21550,22065,0.0
2022-11-16,21350,21800,21350,21550,12187,0.0
2022-11-17,21350,21550,21000,21000,34212,-0.025522041763341052
2022-11-18,21300,21350,20900,21100,12050,0.004761904761904745
2022-11-21,21100,21100,20350,20900,21185,-0.009478672985781977
2022-11-22,20650,20800,20300,20800,9198,-0.004784688995215336
2022-11-23,20800,20850,20600,20750,10434,-0.0024038461538461453
2022-11-24,20900,21000,20700,20900,21100,0.0072289156626506035
2022-11-25,21000,21150,20800,21000,12017,0.004784688995215225
2022-11-28,21100,21100,20100,20150,33352,-0.04047619047619044
2022-11-29,20050,20400,19750,20250,42422,0.00496277915632759
2022-11-30,20400,20850,20400,20450,155976,0.009876543209876631
2022-12-01,20850,21100,20600,21100,52838,0.0317848410757946
2022-12-02,21000,21250,20750,20950,33708,-0.007109004739336511
2022-12-05,20850,21150,20650,20900,25417,-0.0023866348448687846
2022-12-06,20850,20850,20500,20600,13112,-0.014354066985645897
2022-12-07,20350,20500,20200,20300,18790,-0.014563106796116498
2022-12-08,20350,20600,19800,20000,51246,-0.014778325123152691
2022-12-09,20000,20600,20000,20250,40910,0.012499999999999956
2022-12-12,20400,20650,20200,20400,13655,0.007407407407407307
2022-12-13,20400,20650,20350,20650,13163,0.01225490196078427
2022-12-14,20650,20800,20500,20750,16804,0.004842615012106588
2022-12-15,20750,20850,20500,20650,17548,-0.004819277108433773
2022-12-16,20450,20600,20250,20550,22232,-0.004842615012106588
2022-12-19,20450,20450,20200,20400,13147,-0.007299270072992692
2022-12-20,20400,20400,20050,20250,22936,-0.007352941176470562
2022-12-21,20250,20300,20100,20100,34403,-0.007407407407407418
2022-12-22,20150,21450,20150,21250,91597,0.05721393034825861
2022-12-23,21100,21200,20750,21100,22983,-0.007058823529411784
2022-12-26,21000,21200,20950,21150,17861,0.0023696682464455776
2022-12-27,21150,21400,21100,21250,25707,0.004728132387706863
2022-12-28,21100,21150,20850,21050,15593,-0.009411764705882342
2022-12-29,20900,21050,20700,21050,25233,0.0
2023-01-02,21350,21350,20350,20550,15532,-0.02375296912114011
2023-01-03,20400,20700,20100,20600,19518,0.0024330900243310083
2023-01-04,20600,21200,20400,20750,16122,0.00728155339805836
2023-01-05,20800,20950,20550,20700,14701,-0.002409638554216831
2023-01-06,20700,20900,20450,20850,17274,0.007246376811594235
2023-01-09,20900,21400,20900,21350,51117,0.023980815347721895
2023-01-10,21300,21450,21150,21350,17956,0.0
2023-01-11,21350,21500,21050,21200,28144,-0.007025761124121788
2023-01-12,21400,21400,20950,21150,25663,-0.002358490566037763
2023-01-13,21250,21450,21100,21350,29741,0.009456264775413725
2023-01-16,21350,21750,21150,21550,28834,0.00936768149882905
2023-01-17,21550,21800,21450,21700,20231,0.006960556844547661
2023-01-18,21750,22350,21700,22150,63358,0.02073732718894017
2023-01-19,22050,22500,21800,22150,27239,0.0
2023-01-20,22200,22200,21700,21950,23417,-0.009029345372460473
2023-01-25,21950,21950,21550,21700,27270,-0.011389521640091105
2023-01-26,21700,21700,21350,21500,34634,-0.009216589861751112
2023-01-27,21500,21950,21500,21950,22925,0.020930232558139528
2023-01-30,21950,22250,21550,21550,20431,-0.018223234624145768
2023-01-31,21550,22050,21450,21950,27241,0.018561484918793614
2023-02-01,22050,22200,21750,22100,40366,0.006833712984054774
2023-02-02,22100,22300,21850,22000,51748,-0.004524886877828038
2023-02-03,21850,22000,21750,22000,30213,0.0
2023-02-06,22000,22050,21750,22050,28374,0.002272727272727204
2023-02-07,22050,22100,21700,21900,27291,-0.006802721088435382
2023-02-08,22000,22600,21800,22600,52976,0.03196347031963476
2023-02-09,22400,23700,22400,23250,143014,0.028761061946902755
2023-02-10,23300,23300,22750,23200,28279,-0.0021505376344086446
2023-02-13,22950,23000,22450,22650,31941,-0.023706896551724088
2023-02-14,22650,22800,22500,22750,22583,0.004415011037527616
2023-02-15,22750,22750,21800,21800,56070,-0.04175824175824172
2023-02-16,21800,22250,21800,21950,23842,0.006880733944954143
2023-02-17,21800,21900,21500,21500,31439,-0.02050113895216399
2023-02-20,21550,21700,21250,21550,51342,0.0023255813953488857
2023-02-21,21450,22100,21450,21900,28562,0.016241299303944245
2023-02-22,21500,21700,21450,21650,23279,-0.011415525114155223
2023-02-23,21550,21850,21550,21550,14640,-0.004618937644341847
2023-02-24,21650,21750,21400,21600,18469,0.002320185614849146
2023-02-27,21500,21500,21000,21100,18521,-0.02314814814814814
2023-02-28,21150,21350,21050,21050,15605,-0.0023696682464454666
2023-03-02,21100,21200,20900,21050,19184,0.0
2023-03-03,21200,21200,20700,21000,32213,-0.002375296912114022
2023-03-06,21050,21050,20550,20750,31539,-0.011904761904761862
2023-03-07,20700,20800,20500,20650,22646,-0.004819277108433773
2023-03-08,20450,20700,20350,20450,19228,-0.009685230024213065
2023-03-09,20500,20750,20200,20450,25419,0.0
2023-03-10,20350,20400,20050,20350,26190,-0.004889975550122272
2023-03-13,20100,20250,19910,20050,27776,-0.014742014742014753
2023-03-14,20000,20050,19680,19980,37964,-0.003491271820448838
2023-03-15,20000,20400,19910,19990,22030,0.0005005005005005447
2023-03-16,19840,20000,19660,20000,18480,0.0005002501250626068
2023-03-17,20000,20200,19610,19610,111644,-0.019499999999999962
2023-03-20,19620,19910,19550,19630,32861,0.0010198878123406363
2023-03-21,19690,19830,19510,19620,33606,-0.0005094243504839557
2023-03-22,19620,19800,19590,19650,21845,0.001529051987767538
2023-03-23,19610,19640,19500,19640,19764,-0.0005089058524172518
2023-03-24,19640,19790,19510,19650,17749,0.0005091649694501932
2023-03-27,19650,19780,19230,19730,41845,0.004071246819338459
2023-03-28,19730,20150,19700,20050,31551,0.016218955904713672
2023-03-29,19940,20350,19940,20300,28151,0.012468827930174564
2023-03-30,20350,20450,20150,20350,25913,0.0024630541871921707
2023-03-31,20300,20450,20150,20400,23171,0.002457002457002533
2023-04-03,20300,20400,20200,20250,10539,-0.007352941176470562
2023-04-04,20100,20700,20100,20600,27580,0.01728395061728394
2023-04-05,20400,21150,20400,21150,33916,0.02669902912621369
2023-04-06,20900,21400,20850,20900,24455,-0.011820330969267157
2023-04-07,21000,21250,20800,21250,15520,0.01674641148325362
2023-04-10,21100,21100,20550,20550,36192,-0.03294117647058825
2023-04-11,20550,20900,20300,20900,19383,0.017031630170316392
2023-04-12,20900,20950,20500,20700,37483,-0.009569377990430672
2023-04-13,20700,21100,20550,20950,11854,0.012077294685990392
2023-04-14,21100,21200,20600,21000,31051,0.0023866348448686736
2023-04-17,21000,21000,20500,20950,39414,-0.0023809523809523725
2023-04-18,20850,20950,20700,20900,18310,-0.0023866348448687846
2023-04-19,20900,21100,20700,21100,18715,0.009569377990430672
2023-04-20,21000,21050,20750,20800,15412,-0.014218009478673022
2023-04-21,20750,20900,20400,20900,34884,0.004807692307692291
2023-04-24,20700,20950,20350,20350,17553,-0.02631578947368418
2023-04-25,20250,20350,19990,20350,24676,0.0
2023-04-26,20350,20350,19980,20050,14734,-0.014742014742014753
2023-04-27,20050,20050,19780,19980,21856,-0.003491271820448838
2023-04-28,19980,20050,19840,19900,19669,-0.004004004004004025
2023-05-02,19900,20000,19800,19940,23722,0.0020100502512563345
2023-05-03,19830,19960,19830,19950,8494,0.0005015045135405849
2023-05-04,20050,20050,19790,19910,15620,-0.002005012531328343
2023-05-08,19930,20100,19920,20000,11322,0.0045203415369161615
2023-05-09,20000,20100,19930,20100,7993,0.004999999999999893
2023-05-10,19980,20150,19970,19980,13577,-0.005970149253731294
2023-05-11,19990,20050,19900,19980,20410,0.0
2023-05-12,19980,20000,19700,19900,40449,-0.004004004004004025
2023-05-15,19600,19800,19540,19740,28433,-0.008040201005025116
2023-05-16,19740,20900,19580,19580,39245,-0.008105369807497431
2023-05-17,19500,19740,19470,19640,13564,0.003064351378958108
2023-05-18,19790,19790,19620,19660,9167,0.0010183299389001643
2023-05-19,19790,19790,19650,19780,12793,0.006103763987792554
2023-05-22,19930,20200,19760,20050,19537,0.013650151668351818
2023-05-23,20150,20150,19900,19950,11549,-0.004987531172069848
2023-05-24,19910,20150,19880,20050,21909,0.005012531328320913
2023-05-25,20050,20050,19560,19980,40593,-0.003491271820448838
2023-05-26,19800,19990,19770,19970,10427,-0.0005005005005005447
2023-05-30,19970,19970,19770,19950,18165,-0.0010015022533800266
2023-05-31,19940,20050,19810,20000,20201,0.0025062656641603454
2023-06-01,19990,20050,19820,19980,11800,-0.0010000000000000009
2023-06-02,19940,20100,19850,20000,16731,0.0010010010010010895
2023-06-05,20000,20200,19990,20000,13152,0.0
2023-06-07,20100,20100,19920,19980,12255,-0.0010000000000000009
2023-06-08,19910,19990,19850,19970,15007,-0.0005005005005005447
2023-06-09,19980,20100,19860,20100,11126,0.006509764646970506
2023-06-12,20000,20050,19860,19990,16116,-0.005472636815920362
2023-06-13,19950,19980,19710,19960,24884,-0.0015007503751875984
2023-06-14,19960,19960,19630,19760,25519,-0.01002004008016033
2023-06-15,19760,19950,19630,19920,10414,0.00809716599190291
2023-06-16,19930,19940,19720,19930,11167,0.0005020080321285203
2023-06-19,19840,20000,19830,20000,8160,0.00351229302558953
2023-06-20,20000,20000,19830,19980,23056,-0.0010000000000000009
2023-06-21,19980,19980,19780,19780,11649,-0.010010010010010006
2023-06-22,19710,19800,19700,19700,11203,-0.004044489383215333
2023-06-23,19690,19700,19340,19640,31586,-0.003045685279187804
2023-06-26,19640,19700,19550,19640,6563,0.0
2023-06-27,19640,19830,19560,19830,12317,0.009674134419551894
2023-06-28,19830,19880,19770,19840,22712,0.0005042864346949116
2023-06-29,19860,19990,19670,19910,14708,0.0035282258064515126
2023-06-30,19910,19950,19750,19920,6274,0.0005022601707684871
2023-07-03,19920,19970,19840,19940,9072,0.0010040160642570406
2023-07-04,19940,19940,19810,19920,6135,-0.0010030090270812808
2023-07-05,19750,19950,19550,19590,24373,-0.016566265060240948
2023-07-06,19590,19590,19330,19340,15800,-0.012761613067891808
2023-07-07,19180,19340,18640,19020,73982,-0.016546018614270963
2023-07-10,18830,19020,18740,18960,15761,-0.003154574132492094
2023-07-11,18960,18990,18700,18980,35445,0.001054852320675037
2023-07-12,18980,19130,18790,19100,35926,0.006322444678608985
2023-07-13,19150,19200,19030,19140,19521,0.0020942408376962707
2023-07-14,19190,19190,18960,19110,29227,-0.0015673981191222097
2023-07-17,19110,19130,18900,19110,22918,0.0
2023-07-18,18900,20300,18880,19270,49632,0.008372579801151137
2023-07-19,19250,19380,19020,19380,28481,0.00570835495589006
2023-07-20,19290,19430,19240,19410,12715,0.001547987616099089
2023-07-21,19450,19840,19260,19840,22207,0.022153529108706937
2023-07-24,19480,19950,19450,19820,38285,-0.0010080645161290036
2023-07-25,19730,19950,19500,19900,30442,0.004036326942482349
2023-07-26,19890,21750,18010,19250,500652,-0.03266331658291455
2023-07-27,18950,19770,18950,19690,64749,0.02285714285714291
2023-07-28,19670,19770,19470,19720,17988,0.001523616048755727
2023-07-31,19720,19880,19580,19860,25133,0.007099391480730244
2023-08-01,19730,20350,19730,20250,41652,0.01963746223564944
2023-08-02,20200,20800,20100,20650,68529,0.01975308641975304
2023-08-03,20650,20750,20300,20650,25226,0.0
2023-08-04,20450,21250,20450,21050,54087,0.01937046004842613
2023-08-07,21250,21650,20700,21550,78884,0.02375296912114022
2023-08-08,21550,22100,21300,21900,131056,0.016241299303944245
2023-08-09,22000,22050,21700,21900,37071,0.0
2023-08-10,21900,21950,21150,21900,52599,0.0
2023-08-11,21900,21950,21600,21900,17431,0.0
2023-08-14,22000,22000,21100,21500,38737,-0.0182648401826484
2023-08-16,21250,21600,21150,21400,22719,-0.0046511627906976605
2023-08-17,21400,21400,20500,21350,31031,-0.002336448598130869
2023-08-18,20900,21650,20850,21650,18719,0.014051522248243575
2023-08-21,21600,21650,21250,21600,19788,-0.002309468822170868
2023-08-22,21600,21600,20950,20950,11849,-0.03009259259259256
2023-08-23,20800,21550,20600,21350,32356,0.019093078758949833
2023-08-24,21300,21300,20800,21200,21017,-0.007025761124121788
2023-08-25,21100,21150,20750,21150,15237,-0.002358490566037763
2023-08-28,20950,21350,20950,21350,8605,0.009456264775413725
2023-08-29,21150,21400,21000,21300,10173,-0.0023419203747072626
2023-08-30,21250,21300,20700,21200,22798,-0.0046948356807511304
2023-08-31,21250,21250,20900,21250,12739,0.002358490566037652
2023-09-01,21250,21350,21000,21350,13242,0.004705882352941115
2023-09-04,21300,21500,21050,21450,27130,0.004683840749414525
2023-09-05,21450,21500,21200,21250,16741,-0.009324009324009341
2023-09-06,21200,21200,20600,21000,38424,-0.0117647058823529
2023-09-07,20950,20950,20400,20850,28929,-0.0071428571428571175
2023-09-08,20750,21000,20550,20900,11189,0.0023980815347721673
2023-09-11,20900,20900,20700,20900,3211,0.0
2023-09-12,20900,20900,20550,20800,17793,-0.004784688995215336
2023-09-13,20650,20700,20450,20550,7031,-0.012019230769230727
2023-09-14,20400,20850,20350,20850,9752,0.014598540145985384
2023-09-15,20700,21050,20700,21050,8996,0.00959232613908867
2023-09-18,20950,21000,20700,20950,9891,-0.004750593824228044
2023-09-19,21050,21150,20650,21100,19345,0.007159904534606243
2023-09-20,21100,21100,20750,20900,20496,-0.009478672985781977
2023-09-21,21000,21050,20050,20450,37233,-0.021531100478468845
2023-09-22,20300,20500,20050,20500,15156,0.0024449877750611915
2023-09-25,20500,20500,20200,20450,8132,-0.0024390243902439046
2023-09-26,20200,20450,19990,20450,16974,0.0
2023-09-27,20350,20450,20150,20450,3920,0.0
2023-10-04,20350,20350,19900,19900,11581,-0.02689486552567233
2023-10-05,19900,20200,19460,20050,15191,0.007537688442211143
2023-10-06,19730,20200,19700,20200,13061,0.007481296758104827
2023-10-10,20200,20450,19540,19700,25053,-0.024752475247524774
2023-10-11,19800,19950,19660,19890,7463,0.009644670050761528
2023-10-12,19900,19980,19610,19930,6232,0.002011060834590239
2023-10-13,19920,19920,19660,19830,10191,-0.005017561465127995
2023-10-16,19870,19870,19660,19800,5980,-0.001512859304084735
2023-10-17,19710,19870,19710,19780,6348,-0.0010101010101010166
2023-10-18,19870,19870,19590,19700,10041,-0.004044489383215333
2023-10-19,19700,19700,19210,19490,38255,-0.010659898477157315
2023-10-20,19490,19690,19200,19360,16588,-0.00667008722421758
2023-10-23,19210,19540,19210,19340,4241,-0.0010330578512396382
2023-10-24,19340,19390,19080,19350,7329,0.0005170630816959676
2023-10-25,19350,19560,19310,19380,9846,0.0015503875968991832
2023-10-26,19250,19350,18700,18880,20640,-0.02579979360165119
2023-10-27,19060,19060,18780,18890,11692,0.0005296610169491789
2023-10-30,18620,19060,18620,18990,8212,0.0052938062466914015
2023-10-31,19100,19100,18660,18910,11967,-0.004212743549236397
2023-11-01,19010,19070,18820,18870,3543,-0.0021152829190904665
2023-11-02,19070,19230,18930,19150,17348,0.014838367779544281
2023-11-03,19150,19270,19110,19260,8766,0.005744125326370808
2023-11-06,19370,19530,19260,19500,22473,0.012461059190031154
2023-11-07,19490,19640,19370,19530,6507,0.0015384615384614886
2023-11-08,19530,19620,19450,19540,11195,0.0005120327700973704
2023-11-09,19540,19580,19430,19570,2522,0.0015353121801433556
2023-11-10,19560,19570,19370,19560,3686,-0.0005109862033725321
2023-11-13,19560,19560,19170,19490,16421,-0.0035787321063395217
2023-11-14,19490,19570,19420,19490,6793,0.0
2023-11-15,19440,19580,19440,19520,6948,0.001539250897896416
2023-11-16,19520,19640,19450,19590,5319,0.0035860655737705027
2023-11-17,19510,20000,19510,19930,27547,0.01735579377233276
2023-11-20,20400,22150,20300,21650,259004,0.08630205720020068
2023-11-21,21650,21750,21200,21250,58908,-0.018475750577367167
