Date,Open,High,Low,Close,Volume,Change
2022-01-03,11600,11700,11400,11600,44858,0.0
2022-01-04,11700,11900,11450,11850,107719,0.02155172413793105
2022-01-05,11850,12050,11850,11900,127809,0.00421940928270037
2022-01-06,11900,12250,11700,12100,211927,0.01680672268907557
2022-01-07,12100,12250,12000,12150,76179,0.004132231404958775
2022-01-10,12200,12400,12100,12250,199253,0.008230452674897082
2022-01-11,12350,12350,11900,12100,95496,-0.01224489795918371
2022-01-12,12200,12250,11900,12000,126555,-0.008264462809917328
2022-01-13,11950,12100,11900,12050,77056,0.004166666666666652
2022-01-14,11950,12000,11500,11500,134354,-0.0456431535269709
2022-01-17,11500,11550,11000,11050,115019,-0.03913043478260869
2022-01-18,11000,11150,10550,10600,147408,-0.040723981900452455
2022-01-19,10550,10950,10550,10750,118210,0.014150943396226356
2022-01-20,10750,10850,10400,10750,52996,0.0
2022-01-21,10800,10800,10450,10500,119433,-0.023255813953488413
2022-01-24,10350,10450,10050,10150,94915,-0.033333333333333326
2022-01-25,10100,10250,9680,9870,171898,-0.02758620689655178
2022-01-26,9980,10150,9850,9900,71020,0.003039513677811634
2022-01-27,9890,9930,9570,9590,80262,-0.03131313131313129
2022-01-28,9650,10200,9590,10050,118302,0.04796663190823769
2022-02-03,10150,10300,10050,10100,58261,0.004975124378109541
2022-02-04,10050,10200,10050,10150,32198,0.004950495049504955
2022-02-07,10250,10400,10050,10300,51210,0.014778325123152802
2022-02-08,10300,10550,10250,10250,83228,-0.004854368932038833
2022-02-09,10350,10450,10300,10350,57337,0.009756097560975618
2022-02-10,10400,10650,10400,10600,88360,0.024154589371980784
2022-02-11,10550,10550,10350,10400,40468,-0.018867924528301883
2022-02-14,10300,10350,10000,10100,82951,-0.028846153846153855
2022-02-15,10100,10200,9960,9960,89336,-0.013861386138613874
2022-02-16,10050,10200,10050,10100,84019,0.014056224899598346
2022-02-17,10100,10400,10100,10200,141996,0.00990099009900991
2022-02-18,10100,10200,10000,10150,47969,-0.004901960784313708
2022-02-21,10100,10250,10000,10200,74424,0.0049261083743843415
2022-02-22,10050,10350,10000,10150,70719,-0.004901960784313708
2022-02-23,10200,10400,10200,10300,65290,0.014778325123152802
2022-02-24,10300,10300,10000,10000,63266,-0.029126213592232997
2022-02-25,10100,10200,10000,10050,70700,0.004999999999999893
2022-02-28,10050,10750,10000,10750,197826,0.06965174129353224
2022-03-02,10700,10950,10600,10900,107575,0.013953488372093092
2022-03-03,10900,11400,10800,11150,186937,0.022935779816513735
2022-03-04,11150,11250,10950,11100,66144,-0.004484304932735439
2022-03-07,10900,11050,10800,10900,46716,-0.018018018018018056
2022-03-08,10800,10850,10500,10650,71608,-0.022935779816513735
2022-03-10,10950,11000,10700,10950,125229,0.028169014084507005
2022-03-11,11000,11300,10950,11250,128690,0.027397260273972712
2022-03-14,11350,11900,11200,11300,261174,0.004444444444444473
2022-03-15,11450,11450,11050,11300,125190,0.0
2022-03-16,11450,11850,11100,11650,213430,0.030973451327433565
2022-03-17,11750,11750,11300,11400,208088,-0.02145922746781115
2022-03-18,11650,11750,11400,11400,130269,0.0
2022-03-21,11700,11800,11600,11750,206020,0.030701754385964897
2022-03-22,11700,11700,11450,11550,160921,-0.017021276595744705
2022-03-23,11700,11800,11500,11550,121149,0.0
2022-03-24,11450,11650,11350,11550,131360,0.0
2022-03-25,11550,11650,11350,11400,104137,-0.012987012987012991
2022-03-28,11450,11600,11350,11400,83182,0.0
2022-03-29,11450,11450,11250,11350,91600,-0.004385964912280715
2022-03-30,11400,11450,11200,11250,98052,-0.008810572687224627
2022-03-31,11250,11400,11100,11100,122133,-0.013333333333333308
2022-04-01,11050,11150,11000,11050,77131,-0.0045045045045044585
2022-04-04,11050,11200,11050,11150,72277,0.009049773755656076
2022-04-05,11150,11200,11000,11150,60798,0.0
2022-04-06,11050,11050,10800,10950,111198,-0.017937219730941756
2022-04-07,10850,10900,10650,10700,71827,-0.022831050228310557
2022-04-08,10750,10850,10450,10700,100983,0.0
2022-04-11,10700,10750,10500,10700,66721,0.0
2022-04-12,10700,10700,10450,10600,72920,-0.009345794392523366
2022-04-13,10550,10750,10500,10700,62520,0.009433962264151052
2022-04-14,10750,10750,10650,10700,48639,0.0
2022-04-15,10650,10750,10600,10600,62298,-0.009345794392523366
2022-04-18,10600,10700,10450,10500,136478,-0.009433962264150941
2022-04-19,10600,10650,10450,10550,110282,0.004761904761904745
2022-04-20,10550,10550,10250,10350,193586,-0.018957345971563955
2022-04-21,10400,10450,10200,10350,137711,0.0
2022-04-22,10300,10350,10200,10350,62941,0.0
2022-04-25,10200,10350,10150,10200,66103,-0.01449275362318836
2022-04-26,10200,10300,10150,10200,58027,0.0
2022-04-27,10050,10300,10000,10200,80038,0.0
2022-04-28,10250,10550,10250,10450,106769,0.02450980392156854
2022-04-29,10550,10550,10300,10350,92943,-0.009569377990430672
2022-05-02,10300,10550,10300,10500,51834,0.01449275362318847
2022-05-03,10500,10550,10400,10450,74811,-0.004761904761904745
2022-05-04,10450,10500,10400,10450,30680,0.0
2022-05-06,10350,10450,10250,10350,38727,-0.009569377990430672
2022-05-09,10300,10300,10000,10000,100204,-0.033816425120772986
2022-05-10,9640,9980,9640,9900,178956,-0.010000000000000009
2022-05-11,9890,10100,9840,10000,39538,0.010101010101010166
2022-05-12,10000,10000,9760,9870,90621,-0.013000000000000012
2022-05-13,9870,9980,9820,9890,101090,0.0020263424518742745
2022-05-16,9950,10050,9720,9740,151664,-0.015166835187057637
2022-05-17,9770,9820,9640,9670,114186,-0.007186858316221789
2022-05-18,9690,9710,9510,9540,166864,-0.013443640124095158
2022-05-19,9440,9440,9270,9290,144152,-0.026205450733752578
2022-05-20,9290,9330,9250,9270,122262,-0.0021528525296017342
2022-05-23,9270,9270,9020,9110,218088,-0.017259978425027023
2022-05-24,9100,9270,8980,9040,159100,-0.007683863885839748
2022-05-25,9060,9070,8980,9050,93658,0.0011061946902655162
2022-05-26,9040,9060,9000,9010,73313,-0.0044198895027623974
2022-05-27,9050,9100,8990,9050,76168,0.004439511653718142
2022-05-30,9110,9170,9080,9120,114888,0.007734806629834168
2022-05-31,9140,9260,9130,9220,88400,0.010964912280701844
2022-06-02,9220,9410,9170,9360,127792,0.015184381778741818
2022-06-03,9400,9430,9320,9380,90245,0.002136752136752129
2022-06-07,9390,9470,9310,9360,92089,-0.002132196162046962
2022-06-08,9350,9410,9250,9310,69664,-0.005341880341880323
2022-06-09,9220,9610,9220,9600,198439,0.031149301825993625
2022-06-10,9600,9880,9600,9630,276286,0.0031250000000000444
2022-06-13,9520,9600,9300,9350,89695,-0.029075804776739322
2022-06-14,9180,9250,9010,9230,109655,-0.012834224598930466
2022-06-15,9100,9250,8940,8980,116931,-0.02708559046587211
2022-06-16,9000,9100,8800,8810,108747,-0.018930957683741645
2022-06-17,8600,8700,8400,8520,181829,-0.03291713961407494
2022-06-20,8540,8560,8120,8180,121089,-0.039906103286385
2022-06-21,8130,8260,8100,8160,95461,-0.0024449877750610804
2022-06-22,8210,8250,7870,7950,119651,-0.02573529411764708
2022-06-23,7960,8000,7600,7640,119565,-0.03899371069182389
2022-06-24,7640,7950,7630,7940,94415,0.03926701570680624
2022-06-27,8020,8140,7950,8130,53927,0.023929471032745564
2022-06-28,8130,8300,8130,8300,60755,0.02091020910209096
2022-06-29,8180,8220,8010,8080,76026,-0.026506024096385583
2022-06-30,8140,8200,7870,7870,161002,-0.025990099009901013
2022-07-01,7950,8150,7870,7880,129219,0.0012706480304955914
2022-07-04,7920,8150,7700,7750,96209,-0.016497461928933976
2022-07-05,7810,7910,7740,7890,122776,0.01806451612903226
2022-07-06,7890,7910,7760,7840,67407,-0.006337135614702172
2022-07-07,7840,7980,7830,7920,52019,0.010204081632652962
2022-07-08,7980,8080,7970,8010,44480,0.011363636363636465
2022-07-11,7980,8020,7860,7910,53109,-0.012484394506866447
2022-07-12,7900,8030,7810,7970,83407,0.007585335018963413
2022-07-13,7950,7990,7890,7950,35592,-0.0025094102885822034
2022-07-14,7910,7970,7860,7900,35939,-0.0062893081761006275
2022-07-15,7910,7920,7740,7850,62530,-0.006329113924050667
2022-07-18,7890,8090,7860,8050,81316,0.02547770700636942
2022-07-19,8050,8050,7950,8040,22252,-0.001242236024844745
2022-07-20,8100,8300,8040,8050,70308,0.0012437810945273853
2022-07-21,8080,8130,8060,8100,26026,0.006211180124223503
2022-07-22,8100,8170,8070,8130,35168,0.0037037037037037646
2022-07-25,8090,8180,8060,8130,57504,0.0
2022-07-26,8130,8150,8090,8120,27303,-0.0012300123001229846
2022-07-27,8100,8140,8050,8110,31187,-0.0012315270935960854
2022-07-28,8140,8220,8110,8160,49203,0.006165228113440113
2022-07-29,8170,8300,8170,8300,47501,0.017156862745097978
2022-08-01,8300,8410,8290,8390,58675,0.010843373493975905
2022-08-02,8390,8540,8350,8400,74619,0.0011918951132301459
2022-08-03,8400,8420,8290,8350,82049,-0.005952380952380931
2022-08-04,8380,8400,8290,8320,52008,-0.003592814371257469
2022-08-05,8370,8530,8340,8470,60770,0.018028846153846256
2022-08-08,8470,8650,8470,8610,49348,0.016528925619834656
2022-08-09,8590,8730,8560,8580,48921,-0.0034843205574912606
2022-08-10,8580,8750,8580,8700,69850,0.013986013986013957
2022-08-11,8780,8900,8730,8880,67902,0.020689655172413834
2022-08-12,8900,9120,8890,8970,82995,0.010135135135135087
2022-08-16,8970,9070,8950,9010,82150,0.004459308807134965
2022-08-17,8970,9020,8770,8830,94557,-0.019977802441731418
2022-08-18,8810,8880,8650,8740,70832,-0.010192525481313663
2022-08-19,8760,8780,8700,8700,29903,-0.004576659038901587
2022-08-22,8570,8700,8550,8580,43678,-0.01379310344827589
2022-08-23,8490,8600,8470,8600,28056,0.002331002331002363
2022-08-24,8510,8640,8470,8530,50700,-0.008139534883720878
2022-08-25,8480,8610,8480,8530,52078,0.0
2022-08-26,8580,8690,8550,8640,48892,0.01289566236811246
2022-08-29,8450,8530,8370,8390,76616,-0.02893518518518523
2022-08-30,8390,8430,8210,8330,101628,-0.007151370679380209
2022-08-31,8310,8340,8260,8300,25709,-0.0036014405762304635
2022-09-01,8300,8320,8200,8210,51779,-0.010843373493975905
2022-09-02,8240,8300,8180,8180,26541,-0.0036540803897685548
2022-09-05,8160,8220,8150,8190,23965,0.0012224938875304847
2022-09-06,8200,8260,8180,8250,20886,0.0073260073260073
2022-09-07,8270,8270,7990,8050,99370,-0.024242424242424288
2022-09-08,8110,8120,8000,8000,49420,-0.006211180124223614
2022-09-13,8060,8210,8060,8200,43950,0.02499999999999991
2022-09-14,8050,8110,8010,8060,38952,-0.017073170731707332
2022-09-15,8160,8330,8060,8280,91153,0.027295285359801413
2022-09-16,8390,8390,8120,8250,70792,-0.0036231884057971175
2022-09-19,8170,8230,8070,8070,40817,-0.021818181818181848
2022-09-20,8070,8250,8070,8240,29886,0.02106567534076831
2022-09-21,8130,8260,8090,8160,28687,-0.009708737864077666
2022-09-22,8100,8310,7990,8310,102401,0.018382352941176405
2022-09-23,8280,8350,8100,8200,43801,-0.013237063778580027
2022-09-26,8050,8090,7820,7860,78439,-0.04146341463414638
2022-09-27,7770,7910,7600,7770,78566,-0.011450381679389277
2022-09-28,7780,7940,7450,7470,82753,-0.038610038610038644
2022-09-29,7510,7660,7450,7550,49245,0.010709504685408211
2022-09-30,7520,7550,7410,7460,56300,-0.01192052980132452
2022-10-04,7490,7550,7400,7460,101135,0.0
2022-10-05,7550,7550,7260,7290,121756,-0.02278820375335122
2022-10-06,7300,7330,7150,7230,131067,-0.008230452674897082
2022-10-07,7200,7340,7140,7290,102264,0.008298755186721962
2022-10-11,7200,7250,7110,7140,49898,-0.020576131687242816
2022-10-12,7120,7280,7120,7280,52186,0.019607843137254832
2022-10-13,7290,7310,7050,7290,70732,0.0013736263736263687
2022-10-14,7290,7350,7230,7300,73761,0.00137174211248281
2022-10-17,7250,7250,7110,7230,58431,-0.009589041095890427
2022-10-18,7290,7310,7200,7300,66081,0.009681881051175623
2022-10-19,7320,7340,7180,7250,64691,-0.006849315068493178
2022-10-20,7230,7230,6850,6850,442002,-0.05517241379310345
2022-10-21,6850,6860,5780,6060,1134919,-0.11532846715328471
2022-10-24,6160,6260,6010,6010,329519,-0.008250825082508295
2022-10-25,6010,6110,5960,6050,115143,0.006655574043261225
2022-10-26,6050,6130,5980,6050,150163,0.0
2022-10-27,6050,6130,5940,6130,147568,0.013223140495867813
2022-10-28,6070,6170,6000,6070,164276,-0.009787928221859699
2022-10-31,6100,6100,5990,6050,107762,-0.0032948929159802853
2022-11-01,6050,6270,6040,6240,190198,0.03140495867768589
2022-11-02,6270,6320,6180,6300,149603,0.009615384615384581
2022-11-03,6200,6250,6120,6180,133726,-0.01904761904761909
2022-11-04,6220,6250,6080,6170,218572,-0.0016181229773463146
2022-11-07,6180,6370,6170,6350,148674,0.029173419773095732
2022-11-08,6390,6460,6370,6450,130806,0.015748031496062964
2022-11-09,6460,6570,6410,6500,104637,0.007751937984496138
2022-11-10,6450,6550,6390,6490,74201,-0.0015384615384614886
2022-11-11,6640,6700,6540,6630,138081,0.02157164869029282
2022-11-14,6570,6740,6560,6690,113632,0.009049773755656076
2022-11-15,6690,6860,6680,6820,101504,0.01943198804185342
2022-11-16,6820,6890,6750,6850,95951,0.004398826979472137
2022-11-17,6850,6860,6730,6760,79497,-0.013138686131386912
2022-11-18,6730,6800,6700,6730,51931,-0.004437869822485174
2022-11-21,6750,6750,6620,6630,80719,-0.014858841010401136
2022-11-22,6610,6780,6610,6750,59707,0.018099547511312153
2022-11-23,6800,6860,6750,6810,56601,0.008888888888888946
2022-11-24,6810,6860,6790,6860,52328,0.007342143906020615
2022-11-25,6870,7060,6860,7050,126109,0.0276967930029155
2022-11-28,7070,7130,7030,7060,101055,0.0014184397163119478
2022-11-29,7090,8510,7060,7560,1158145,0.07082152974504252
2022-11-30,7530,8640,7500,8130,3969778,0.07539682539682535
2022-12-01,8390,8840,8160,8270,1680977,0.017220172201722006
2022-12-02,8340,8400,8000,8130,291118,-0.016928657799274438
2022-12-05,8120,8120,7890,7950,180693,-0.022140221402214055
2022-12-06,7940,7940,7670,7810,143454,-0.017610062893081757
2022-12-07,7760,7760,7560,7680,165416,-0.016645326504481472
2022-12-08,7620,7640,7450,7470,99348,-0.02734375
2022-12-09,7470,8030,7420,8020,313421,0.07362784471218209
2022-12-12,7980,8000,7720,7770,122997,-0.03117206982543641
2022-12-13,7830,7950,7590,7680,113739,-0.01158301158301156
2022-12-14,7770,7800,7640,7720,71749,0.005208333333333259
2022-12-15,7720,7740,7660,7660,57531,-0.007772020725388629
2022-12-16,7580,7700,7500,7500,151840,-0.02088772845953002
2022-12-19,7580,7670,7490,7670,57115,0.022666666666666613
2022-12-20,7840,7840,7550,7730,106530,0.007822685788787531
2022-12-21,7730,7960,7730,7860,111662,0.01681759379042691
2022-12-22,7880,7930,7820,7880,120655,0.0025445292620864812
2022-12-23,7850,8030,7850,8030,175578,0.019035532994923887
2022-12-26,8180,8240,8010,8200,236834,0.021170610211706187
2022-12-27,8220,8330,8130,8260,333163,0.007317073170731714
2022-12-28,7800,7830,7310,7310,406933,-0.11501210653753025
2022-12-29,7300,7380,6990,7000,149240,-0.04240766073871405
2023-01-02,7000,7080,6630,6730,180515,-0.03857142857142859
2023-01-03,6500,6640,6350,6500,146646,-0.034175334323922724
2023-01-04,6410,6720,6410,6620,86647,0.01846153846153853
2023-01-05,6630,8600,6570,8600,3938019,0.29909365558912393
2023-01-06,7950,8350,7800,8020,4230015,-0.06744186046511624
2023-01-09,7980,8270,7930,8060,1231409,0.004987531172069737
2023-01-10,8120,8770,7800,8230,6166489,0.021091811414392092
2023-01-11,8240,8290,8020,8090,800183,-0.017010935601458055
2023-01-12,8180,8250,7920,7940,715780,-0.018541409147095234
2023-01-13,7880,8020,7860,7890,347525,-0.006297229219143552
2023-01-16,7920,7960,7610,7620,425662,-0.034220532319391594
2023-01-17,7610,7730,7480,7560,264853,-0.007874015748031482
2023-01-18,7490,7580,7370,7370,212225,-0.025132275132275117
2023-01-19,7290,7470,7290,7440,113251,0.009497964721845387
2023-01-20,7380,7580,7360,7520,133823,0.010752688172043001
2023-01-25,7590,7590,7300,7310,237649,-0.027925531914893664
2023-01-26,7220,7350,7220,7290,142267,-0.002735978112175075
2023-01-27,7290,7520,7250,7380,167632,0.012345679012345734
2023-01-30,7460,7460,7290,7290,75767,-0.012195121951219523
2023-01-31,7220,7350,7190,7250,108592,-0.005486968449931462
2023-02-01,7270,7300,7200,7210,97325,-0.0055172413793103114
2023-02-02,7220,7370,7200,7230,105003,0.00277392510402219
2023-02-03,7300,7310,7150,7200,92397,-0.004149377593360981
2023-02-06,7190,7200,7030,7090,122990,-0.015277777777777724
2023-02-07,7060,7400,7000,7160,304389,0.009873060648801113
2023-02-08,7220,7220,7060,7130,84525,-0.0041899441340782495
2023-02-09,7130,7130,6920,6920,170091,-0.029453015427770013
2023-02-10,6930,6940,6750,6780,127186,-0.020231213872832332
2023-02-13,6780,6850,6720,6850,84733,0.010324483775811188
2023-02-14,6880,6930,6830,6850,78523,0.0
2023-02-15,6870,6870,6680,6710,98338,-0.020437956204379604
2023-02-16,6710,6820,6700,6740,54205,0.0044709388971684305
2023-02-17,6650,6990,6650,6850,164559,0.016320474777448135
2023-02-20,6860,7050,6810,7010,133276,0.023357664233576658
2023-02-21,7010,7150,7000,7080,115737,0.009985734664764712
2023-02-22,6980,7090,6920,6920,98541,-0.02259887005649719
2023-02-23,6920,6970,6870,6900,40716,-0.0028901734104046506
2023-02-24,6880,6900,6760,6800,63939,-0.01449275362318836
2023-02-27,6800,6820,6670,6760,62000,-0.00588235294117645
2023-02-28,6810,6810,6700,6710,50151,-0.007396449704141994
2023-03-02,6720,6800,6710,6740,35481,0.0044709388971684305
2023-03-03,6750,6780,6670,6720,46393,-0.0029673590504450953
2023-03-06,6720,6740,6620,6680,73194,-0.005952380952380931
2023-03-07,6700,6800,6650,6710,66229,0.004491017964071808
2023-03-08,6680,6720,6570,6640,76946,-0.010432190760059634
2023-03-09,6630,6690,6580,6590,66121,-0.0075301204819276935
2023-03-10,6570,6580,6450,6510,84321,-0.012139605462822445
2023-03-13,6360,6480,6300,6430,95481,-0.01228878648233489
2023-03-14,6370,6460,6170,6170,101291,-0.04043545878693622
2023-03-15,6200,6350,6200,6340,64115,0.027552674230145957
2023-03-16,6310,6380,6170,6360,50913,0.003154574132492094
2023-03-17,6380,6450,6190,6350,84778,-0.0015723270440252124
2023-03-20,6330,6430,6290,6290,33082,-0.009448818897637823
2023-03-21,6290,6330,6230,6300,42595,0.0015898251192367763
2023-03-22,6320,6330,6190,6210,62436,-0.014285714285714235
2023-03-23,6190,6220,6110,6170,64031,-0.006441223832528209
2023-03-24,6170,6220,6090,6170,56828,0.0
2023-03-27,6180,6190,6100,6130,56944,-0.00648298217179899
2023-03-28,6140,6170,6090,6090,52391,-0.006525285481239762
2023-03-29,6130,6190,6090,6190,48665,0.016420361247947435
2023-03-30,6190,6270,6100,6230,70713,0.00646203554119551
2023-03-31,6200,6280,6190,6200,53612,-0.0048154093097912964
2023-04-03,6220,6300,6200,6240,69480,0.006451612903225712
2023-04-04,6250,6310,6230,6260,78511,0.0032051282051281937
2023-04-05,6280,6310,6250,6270,41368,0.0015974440894568342
2023-04-06,6290,6330,6180,6190,87384,-0.012759170653907526
2023-04-07,6220,6320,6220,6240,34142,0.008077544426494443
2023-04-10,6210,6240,6140,6150,65783,-0.014423076923076872
2023-04-11,6150,6280,6120,6250,52986,0.016260162601626105
2023-04-12,6270,6390,6170,6330,71339,0.012799999999999923
2023-04-13,6270,6400,6220,6360,72958,0.004739336492890933
2023-04-14,6380,6550,6310,6520,93663,0.02515723270440251
2023-04-17,6400,6520,6400,6480,49665,-0.006134969325153339
2023-04-18,6400,6500,6340,6500,96300,0.0030864197530864335
2023-04-19,6450,6570,6420,6470,59657,-0.004615384615384577
2023-04-20,6470,6470,6330,6330,51210,-0.021638330757341562
2023-04-21,6350,6350,6210,6270,43608,-0.009478672985781977
2023-04-24,6270,6340,6200,6230,47355,-0.006379585326953707
2023-04-25,6270,6270,6170,6220,45865,-0.0016051364365970988
2023-04-26,6220,6280,6110,6180,35922,-0.006430868167202619
2023-04-27,6180,6300,6110,6250,54290,0.01132686084142387
2023-04-28,6250,6440,6230,6380,78459,0.02079999999999993
2023-05-02,6380,6400,6280,6280,49221,-0.01567398119122254
2023-05-03,6230,6300,6230,6280,28906,0.0
2023-05-04,6270,6320,6270,6270,23261,-0.0015923566878981443
2023-05-08,6280,6420,6280,6370,71369,0.01594896331738438
2023-05-09,6340,6410,6220,6360,52916,-0.0015698587127158659
2023-05-10,6300,6460,6290,6360,30024,0.0
2023-05-11,6350,6420,6340,6380,27365,0.003144654088050425
2023-05-12,6380,6380,6220,6300,37218,-0.01253918495297801
2023-05-15,6300,6320,6230,6240,22403,-0.00952380952380949
2023-05-16,6260,6270,6220,6230,23637,-0.0016025641025640969
2023-05-17,6210,6270,6200,6250,22865,0.0032102728731941976
2023-05-18,6270,6280,6210,6230,24928,-0.0031999999999999806
2023-05-19,6230,6340,6220,6300,63574,0.011235955056179803
2023-05-22,6300,6450,6290,6390,61884,0.014285714285714235
2023-05-23,6400,6440,6350,6390,41414,0.0
2023-05-24,6410,6730,6400,6600,209144,0.032863849765258246
2023-05-25,6610,6640,6440,6500,100606,-0.015151515151515138
2023-05-26,6530,6530,6350,6410,75755,-0.013846153846153841
2023-05-30,6360,6460,6360,6460,41218,0.007800312012480548
2023-05-31,6460,6470,6290,6350,60264,-0.017027863777089758
2023-06-01,6330,6350,6280,6310,43072,-0.006299212598425252
2023-06-02,6330,6330,6250,6300,41867,-0.0015847860538826808
2023-06-05,6320,6430,6320,6370,34591,0.011111111111111072
2023-06-07,6390,6500,6370,6400,53837,0.0047095761381474865
2023-06-08,6400,6530,6340,6450,67803,0.0078125
2023-06-09,6460,6510,6320,6330,174980,-0.018604651162790753
2023-06-12,6340,6390,6280,6370,38745,0.006319115323854652
2023-06-13,6400,6430,6360,6380,39987,0.0015698587127157548
2023-06-14,6420,6420,6340,6340,38715,-0.006269592476489061
2023-06-15,6330,6360,6210,6260,61413,-0.012618296529968487
2023-06-16,6320,6430,6290,6430,45437,0.02715654952076685
2023-06-19,6430,6500,6380,6450,70898,0.0031104199066873672
2023-06-20,6450,6500,6430,6440,37710,-0.0015503875968991832
2023-06-21,6440,6470,6320,6320,39456,-0.018633540372670843
2023-06-22,6320,6400,6280,6360,15409,0.006329113924050667
2023-06-23,6360,6370,6250,6270,46537,-0.014150943396226467
2023-06-26,6280,6350,6230,6320,24854,0.00797448165869219
2023-06-27,6310,6400,6270,6300,31756,-0.0031645569620253333
2023-06-28,6300,6340,6270,6280,18253,-0.0031746031746031633
2023-06-29,6270,6300,6110,6140,99282,-0.022292993630573243
2023-06-30,6150,6150,6050,6120,33161,-0.0032573289902280145
2023-07-03,6120,6200,6090,6100,67337,-0.0032679738562091387
2023-07-04,6100,6130,6060,6100,52173,0.0
2023-07-05,6120,6120,6040,6050,54475,-0.008196721311475419
2023-07-06,6000,6030,5760,5800,179961,-0.04132231404958675
2023-07-07,5800,5800,5590,5780,158113,-0.0034482758620689724
2023-07-10,5750,5830,5710,5830,34965,0.00865051903114189
2023-07-11,5790,5990,5790,5890,43870,0.010291595197255532
2023-07-12,5920,5960,5850,5890,31616,0.0
2023-07-13,5890,5960,5830,5840,55103,-0.008488964346349714
2023-07-14,5830,5970,5780,5880,78081,0.006849315068493178
2023-07-17,5880,5980,5840,5920,33310,0.006802721088435382
2023-07-18,5860,5930,5780,5790,64045,-0.02195945945945943
2023-07-19,5800,5800,5710,5710,61987,-0.013816925734024155
2023-07-20,5730,5730,5570,5650,46030,-0.010507880910682998
2023-07-21,5650,5710,5600,5630,36424,-0.0035398230088495852
2023-07-24,5600,5620,5510,5520,79066,-0.019538188277087087
2023-07-25,5520,5530,5320,5320,90146,-0.036231884057971064
2023-07-26,5260,5320,5070,5080,188860,-0.045112781954887216
2023-07-27,5220,5450,5180,5390,72931,0.061023622047243986
2023-07-28,5400,5470,5300,5470,30094,0.014842300556586308
2023-07-31,5470,5550,5410,5490,60286,0.003656307129798808
2023-08-01,5440,5570,5440,5540,43467,0.00910746812386165
2023-08-02,5540,5580,5470,5500,41011,-0.0072202166064981865
2023-08-03,5560,5630,5420,5480,51031,-0.0036363636363636598
2023-08-04,5520,5520,5450,5520,27406,0.007299270072992803
2023-08-07,5520,5560,5470,5510,32562,-0.0018115942028985588
2023-08-08,5500,5590,5440,5440,39123,-0.012704174228675091
2023-08-09,5380,5540,5380,5500,52279,0.011029411764705843
2023-08-10,5410,5720,5410,5690,69272,0.034545454545454435
2023-08-11,5680,5770,5610,5610,33772,-0.01405975395430581
2023-08-14,5610,5630,5450,5490,43242,-0.021390374331550777
2023-08-16,5490,5530,5320,5460,60462,-0.005464480874316946
2023-08-17,5460,5470,5310,5440,36462,-0.00366300366300365
2023-08-18,5380,5490,5330,5490,53801,0.009191176470588314
2023-08-21,5500,5530,5440,5510,28641,0.0036429872495447047
2023-08-22,5510,5530,5410,5450,30053,-0.010889292196007205
2023-08-23,5450,5470,5370,5470,29801,0.003669724770642091
2023-08-24,5430,5470,5400,5430,23664,-0.007312614259597838
2023-08-25,5440,5440,5380,5410,17524,-0.0036832412523020164
2023-08-28,5400,5450,5350,5360,57977,-0.009242144177449174
2023-08-29,5370,5480,5370,5440,34519,0.014925373134328401
2023-08-30,5470,5490,5410,5430,32214,-0.0018382352941176405
2023-08-31,5450,5460,5310,5330,60383,-0.018416206261510082
2023-09-01,5330,5390,5300,5350,42972,0.0037523452157599557
2023-09-04,5350,5350,5280,5320,35689,-0.005607476635513975
2023-09-05,5340,5340,5240,5250,66025,-0.013157894736842146
2023-09-06,5270,5280,5200,5210,27168,-0.007619047619047636
2023-09-07,5220,5220,5120,5150,38699,-0.01151631477927062
2023-09-08,5160,5200,5100,5130,66482,-0.003883495145631022
2023-09-11,5140,5240,5140,5240,47643,0.021442495126705596
2023-09-12,5240,5270,5150,5210,41398,-0.005725190839694694
2023-09-13,5200,5200,5110,5120,49638,-0.017274472168905985
2023-09-14,5120,5210,5110,5140,63163,0.00390625
2023-09-15,5140,5310,5140,5300,66260,0.03112840466926059
2023-09-18,5310,5320,5250,5280,23127,-0.0037735849056603765
2023-09-19,5250,5320,5250,5320,20832,0.007575757575757569
2023-09-20,5280,5340,5260,5320,22818,0.0
2023-09-21,5290,5330,5230,5300,29239,-0.003759398496240629
2023-09-22,5250,5250,5140,5170,61590,-0.024528301886792447
2023-09-25,5200,5200,5120,5140,35417,-0.005802707930367523
2023-09-26,5140,5160,5070,5070,29456,-0.013618677042801508
2023-09-27,5070,5130,5040,5100,26083,0.00591715976331364
2023-10-04,5080,5090,4990,5000,62768,-0.019607843137254943
2023-10-05,5020,5050,4990,5000,31399,0.0
2023-10-06,4980,5040,4980,5000,20303,0.0
2023-10-10,5040,5050,4900,4900,107160,-0.020000000000000018
2023-10-11,4905,4990,4890,4910,86022,0.0020408163265306367
2023-10-12,4945,4980,4930,4930,38206,0.004073319755600879
2023-10-13,4960,4995,4905,4995,44605,0.013184584178498993
2023-10-16,5000,5010,4950,4960,31549,-0.00700700700700696
2023-10-17,4965,5100,4965,5050,30413,0.01814516129032251
2023-10-18,5070,5110,4985,5070,62073,0.003960396039603964
2023-10-19,5080,5080,4990,5010,27835,-0.011834319526627168
2023-10-20,5000,5140,4945,5090,63780,0.015968063872255467
2023-10-23,5080,5080,4945,4970,66608,-0.023575638506876273
2023-10-24,4950,5050,4950,5050,24467,0.016096579476861272
2023-10-25,5100,5110,5000,5040,28037,-0.001980198019801982
2023-10-26,4930,5030,4900,4910,84840,-0.025793650793650813
2023-10-27,4935,4995,4900,4965,27819,0.011201629327902252
2023-10-30,4965,5200,4960,5060,54475,0.019133937562940684
2023-10-31,5030,5140,5030,5050,39287,-0.0019762845849802257
2023-11-01,5070,5110,5050,5090,21890,0.007920792079207928
2023-11-02,5110,5200,5090,5190,41823,0.01964636542239684
2023-11-03,5190,5210,5110,5130,26822,-0.011560693641618491
2023-11-06,5140,5230,5140,5230,79025,0.01949317738791434
2023-11-07,5240,5260,5070,5160,40783,-0.013384321223709361
2023-11-08,5190,5200,5120,5180,15826,0.003875968992248069
2023-11-09,5130,5220,5130,5200,37324,0.0038610038610038533
2023-11-10,5190,5280,5160,5260,59809,0.011538461538461497
2023-11-13,5290,5400,5220,5280,66185,0.0038022813688212143
2023-11-14,5250,5330,5250,5310,20921,0.005681818181818121
2023-11-15,5340,5400,5330,5380,45940,0.013182674199623268
2023-11-16,5380,5400,5310,5400,32293,0.0037174721189590088
2023-11-17,5420,5430,5350,5400,71013,0.0
2023-11-20,5410,5460,5370,5450,30064,0.0092592592592593
2023-11-21,5430,5470,5420,5450,28453,0.0
