Date,Open,High,Low,Close,Volume,Change
2022-01-03,5180,5240,5150,5160,100671,0.0117647058823529
2022-01-04,5160,5190,5120,5180,44150,0.003875968992248069
2022-01-05,5180,5290,5160,5220,125109,0.007722007722007707
2022-01-06,5170,5220,5150,5170,46532,-0.009578544061302652
2022-01-07,5180,5250,5150,5220,36566,0.009671179883945946
2022-01-10,5210,5210,5110,5130,35706,-0.017241379310344862
2022-01-11,5130,5180,5010,5060,47488,-0.013645224171540016
2022-01-12,5050,5090,5020,5070,31708,0.0019762845849802257
2022-01-13,5070,5100,5000,5060,32838,-0.0019723865877712132
2022-01-14,5030,5300,4995,5160,203387,0.01976284584980248
2022-01-17,5240,5340,5070,5070,192318,-0.01744186046511631
2022-01-18,5020,5090,4900,4900,110204,-0.0335305719921104
2022-01-19,4850,4910,4810,4850,46445,-0.010204081632653073
2022-01-20,4850,4995,4850,4970,48130,0.024742268041237025
2022-01-21,4970,5040,4900,4985,48550,0.003018108651911433
2022-01-24,4975,4975,4705,4800,81028,-0.03711133400200606
2022-01-25,4800,4815,4530,4600,79033,-0.04166666666666663
2022-01-26,4600,4695,4500,4580,52801,-0.004347826086956497
2022-01-27,4640,4640,4370,4375,93764,-0.04475982532751088
2022-01-28,4360,4580,4345,4570,68785,0.044571428571428484
2022-02-03,4650,4750,4585,4715,42349,0.03172866520787743
2022-02-04,4700,4765,4650,4765,47394,0.010604453870625585
2022-02-07,4770,4780,4710,4770,13434,0.0010493179433368471
2022-02-08,4715,4800,4715,4720,39967,-0.010482180293501009
2022-02-09,4760,4760,4715,4740,7981,0.004237288135593209
2022-02-10,4750,4780,4740,4755,30742,0.0031645569620253333
2022-02-11,4720,4720,4630,4660,34475,-0.019978969505783373
2022-02-14,4650,4650,4475,4510,46811,-0.03218884120171672
2022-02-15,4460,4510,4385,4400,47749,-0.024390243902439046
2022-02-16,4435,4500,4290,4495,240541,0.021590909090908994
2022-02-17,4520,4575,4450,4510,63071,0.0033370411568409697
2022-02-18,4470,4640,4465,4610,39136,0.022172949002217335
2022-02-21,4600,4605,4520,4605,24876,-0.0010845986984815426
2022-02-22,4480,4540,4450,4465,72593,-0.030401737242128135
2022-02-23,4450,4600,4450,4510,31995,0.010078387458006821
2022-02-24,4455,4495,4400,4450,56772,-0.013303769401330379
2022-02-25,4455,4510,4440,4450,32673,0.0
2022-02-28,4455,4555,4450,4535,48871,0.019101123595505642
2022-03-02,4550,4625,4550,4610,50318,0.016538037486218293
2022-03-03,4635,4745,4620,4670,56386,0.013015184381778733
2022-03-04,4730,4790,4655,4715,50947,0.009635974304068595
2022-03-07,4715,4730,4615,4675,35859,-0.008483563096500557
2022-03-08,4685,4685,4575,4595,32258,-0.01711229946524062
2022-03-10,4670,4845,4670,4825,133649,0.05005440696409136
2022-03-11,4850,5380,4845,5140,1635846,0.06528497409326417
2022-03-14,5140,5220,5030,5100,193892,-0.0077821011673151474
2022-03-15,5130,5150,5000,5010,142788,-0.01764705882352946
2022-03-16,5060,5460,5020,5300,847453,0.05788423153692612
2022-03-17,5360,5360,5200,5220,259970,-0.015094339622641506
2022-03-18,5190,5220,5140,5180,84220,-0.007662835249042099
2022-03-21,5190,5510,5180,5270,719549,0.01737451737451745
2022-03-22,5270,5350,5240,5330,126175,0.011385199240986799
2022-03-23,5360,5360,5260,5320,125980,-0.0018761726078799779
2022-03-24,5310,5590,5250,5480,481564,0.03007518796992481
2022-03-25,5460,5480,5260,5260,239073,-0.04014598540145986
2022-03-28,5280,5340,5250,5250,86691,-0.0019011406844106071
2022-03-29,5290,5430,5230,5290,175177,0.007619047619047636
2022-03-30,5300,5300,5120,5170,100726,-0.022684310018903586
2022-03-31,5180,5210,5110,5150,38479,-0.003868471953578312
2022-04-01,5120,5180,5050,5070,91440,-0.01553398058252431
2022-04-04,5050,5140,5030,5120,70533,0.009861932938856066
2022-04-05,5150,5180,5090,5130,31415,0.001953125
2022-04-06,5120,5160,5030,5110,47642,-0.003898635477582846
2022-04-07,5110,5110,4940,5010,69127,-0.019569471624266144
2022-04-08,5000,5030,4955,5000,38724,-0.001996007984031989
2022-04-11,5000,5050,4940,5020,28987,0.0040000000000000036
2022-04-12,4975,5030,4950,5000,45764,-0.003984063745019917
2022-04-13,5020,5090,5010,5070,32157,0.014000000000000012
2022-04-14,5070,5080,5020,5050,26009,-0.0039447731755424265
2022-04-15,5050,5150,4990,5090,59421,0.007920792079207928
2022-04-18,5090,5170,5090,5160,42723,0.013752455795677854
2022-04-19,5130,5170,5100,5150,25078,-0.0019379844961240345
2022-04-20,5180,5190,5100,5180,39396,0.005825242718446644
2022-04-21,5180,5270,5150,5230,77537,0.009652509652509744
2022-04-22,5220,5230,5170,5230,28732,0.0
2022-04-25,5180,5200,5030,5040,56772,-0.03632887189292544
2022-04-26,5090,5110,4945,5050,79819,0.001984126984126977
2022-04-27,4960,5040,4960,4990,45978,-0.011881188118811892
2022-04-28,4965,5140,4965,5090,67302,0.02004008016032066
2022-04-29,5090,5190,5050,5170,62643,0.015717092337917515
2022-05-02,5170,5230,5150,5210,47393,0.007736943907156624
2022-05-03,5210,5240,5150,5180,46246,-0.0057581573896353655
2022-05-04,5180,5210,5140,5140,38276,-0.007722007722007707
2022-05-06,5090,5190,5070,5120,61331,-0.0038910505836575737
2022-05-09,5100,5130,4985,4985,40644,-0.0263671875
2022-05-10,4960,4980,4755,4870,60642,-0.02306920762286857
2022-05-11,4870,4910,4825,4845,44486,-0.005133470225872738
2022-05-12,4820,4890,4700,4745,61409,-0.02063983488132093
2022-05-13,4745,4820,4730,4770,22226,0.005268703898840821
2022-05-16,4800,4825,4760,4800,30301,0.0062893081761006275
2022-05-17,4860,5490,4820,4930,2630077,0.027083333333333348
2022-05-18,4975,5140,4970,5020,310461,0.018255578093306246
2022-05-19,4980,4980,4830,4910,138415,-0.021912350597609542
2022-05-20,5090,5150,5000,5030,185413,0.024439918533604832
2022-05-23,5040,5040,4890,4915,106922,-0.022862823061630233
2022-05-24,4970,4970,4765,4775,94811,-0.028484231943031513
2022-05-25,4750,4815,4705,4760,51192,-0.003141361256544517
2022-05-26,4800,4800,4740,4755,36994,-0.0010504201680672232
2022-05-27,4760,4790,4745,4770,22265,0.003154574132492094
2022-05-30,4770,4830,4760,4770,33622,0.0
2022-05-31,4800,4805,4760,4790,29514,0.004192872117400492
2022-06-02,4850,4850,4760,4775,44408,-0.0031315240083507057
2022-06-03,4840,4980,4790,4930,112363,0.032460732984293195
2022-06-07,4955,4960,4800,4850,57711,-0.016227180527383367
2022-06-08,4840,4880,4790,4835,31841,-0.003092783505154628
2022-06-09,4835,4835,4700,4745,66802,-0.018614270941054833
2022-06-10,4725,4755,4720,4720,35358,-0.005268703898840932
2022-06-13,4640,4665,4460,4465,122554,-0.05402542372881358
2022-06-14,4370,4490,4280,4350,119005,-0.025755879059350506
2022-06-15,4295,4360,4195,4215,78264,-0.03103448275862064
2022-06-16,4240,4335,4150,4185,48474,-0.007117437722419906
2022-06-17,4180,4180,4085,4145,73680,-0.009557945041816063
2022-06-20,4100,4180,3850,3925,213454,-0.053075995174909574
2022-06-21,3880,4025,3870,4010,75460,0.021656050955414008
2022-06-22,4040,4040,3810,3815,108164,-0.04862842892768082
2022-06-23,3815,3850,3595,3600,155250,-0.056356487549148127
2022-06-24,3590,3760,3590,3745,37282,0.04027777777777786
2022-06-27,3770,3895,3770,3875,73980,0.03471295060080104
2022-06-28,3875,4025,3875,3910,115406,0.00903225806451613
2022-06-29,3840,3930,3800,3875,34210,-0.008951406649616356
2022-06-30,3850,4070,3840,3945,235888,0.01806451612903226
2022-07-01,3970,4070,3870,3920,156399,-0.006337135614702172
2022-07-04,3885,3950,3770,3800,80299,-0.030612244897959218
2022-07-05,3800,3950,3800,3920,36783,0.03157894736842115
2022-07-06,3925,3945,3830,3830,32111,-0.022959183673469385
2022-07-07,3860,3920,3780,3915,34946,0.022193211488250597
2022-07-08,3920,4045,3905,3980,48699,0.016602809706258048
2022-07-11,3980,4025,3945,3995,24340,0.0037688442211054607
2022-07-12,3995,3995,3860,3880,32649,-0.028785982478097605
2022-07-13,3865,3900,3850,3880,17322,0.0
2022-07-14,3835,3945,3835,3910,14187,0.0077319587628865705
2022-07-15,3865,3970,3800,3940,32022,0.007672634271099765
2022-07-18,3980,3995,3940,3990,20483,0.012690355329949332
2022-07-19,4005,4050,3950,4030,40243,0.010025062656641603
2022-07-20,4060,4080,4010,4035,26561,0.001240694789081953
2022-07-21,4060,4070,4005,4055,20326,0.004956629491945419
2022-07-22,4040,4095,4025,4060,19190,0.0012330456226881115
2022-07-25,4060,4075,3995,4020,28922,-0.009852216748768461
2022-07-26,4040,4065,3990,4015,23938,-0.0012437810945273853
2022-07-27,4015,4040,3980,4020,15559,0.001245330012453305
2022-07-28,4070,4070,3995,4010,11508,-0.0024875621890547706
2022-07-29,4035,4070,3920,4040,57493,0.007481296758104827
2022-08-01,4080,4095,4045,4070,18871,0.007425742574257432
2022-08-02,4070,4080,4020,4065,32500,-0.0012285012285012664
2022-08-03,4080,4100,4050,4055,27242,-0.002460024600245969
2022-08-04,4090,4115,4060,4065,35129,0.002466091245376001
2022-08-05,4115,4165,4075,4135,63490,0.017220172201722006
2022-08-08,4105,4125,4075,4125,31323,-0.00241837968561065
2022-08-09,4155,4220,4095,4120,50581,-0.00121212121212122
2022-08-10,4100,4185,4100,4145,97698,0.0060679611650484855
2022-08-11,4505,4520,4245,4250,329632,0.02533172496984326
2022-08-12,4315,4345,4285,4295,63024,0.010588235294117565
2022-08-16,4285,4370,4270,4270,46809,-0.005820721769499437
2022-08-17,4270,4270,4160,4180,33227,-0.021077283372365363
2022-08-18,4135,4190,4110,4170,12840,-0.0023923444976076125
2022-08-19,4145,4215,4145,4180,24164,0.0023980815347721673
2022-08-22,4135,4165,4090,4090,55738,-0.021531100478468845
2022-08-23,4160,4160,4050,4100,20423,0.0024449877750611915
2022-08-24,4110,4170,4105,4120,20646,0.004878048780487809
2022-08-25,4120,4175,4115,4170,21234,0.012135922330097193
2022-08-26,4190,4250,4160,4235,26104,0.015587529976019088
2022-08-29,4140,4165,4110,4120,24676,-0.02715466351829987
2022-08-30,4120,4170,4085,4110,15349,-0.0024271844660194164
2022-08-31,4105,4170,4090,4130,9488,0.0048661800486617945
2022-09-01,4110,4165,4050,4060,22770,-0.016949152542372836
2022-09-02,4080,4220,4065,4195,45156,0.03325123152709364
2022-09-05,4195,5000,4120,4865,13667011,0.1597139451728249
2022-09-06,4525,4560,4320,4425,1349592,-0.0904419321685509
2022-09-07,4460,4545,4270,4280,788558,-0.03276836158192087
2022-09-08,4315,4390,4280,4375,242380,0.02219626168224309
2022-09-13,4375,4450,4330,4450,218418,0.017142857142857126
2022-09-14,4345,4425,4265,4420,194265,-0.006741573033707815
2022-09-15,4460,4500,4385,4490,236073,0.015837104072398134
2022-09-16,4435,4475,4340,4390,142553,-0.022271714922049046
2022-09-19,4390,4495,4280,4340,189087,-0.011389521640091105
2022-09-20,4340,4445,4340,4425,117585,0.019585253456221308
2022-09-21,4450,4460,4300,4370,120033,-0.012429378531073398
2022-09-22,4350,4350,4150,4340,159662,-0.006864988558352381
2022-09-23,4380,4380,4210,4210,93590,-0.02995391705069128
2022-09-26,4135,4200,3910,3910,235306,-0.07125890736342044
2022-09-27,3865,3965,3850,3950,104677,0.010230179028132946
2022-09-28,3950,4010,3840,3840,86559,-0.027848101265822822
2022-09-29,3910,3985,3895,3905,62197,0.01692708333333326
2022-09-30,3830,4370,3805,4000,544768,0.02432778489116516
2022-10-04,4035,4075,4005,4050,68093,0.012499999999999956
2022-10-05,4060,4115,3960,4000,69582,-0.012345679012345734
2022-10-06,4005,4095,3995,4060,63720,0.014999999999999902
2022-10-07,4060,4080,4010,4045,23178,-0.003694581280788145
2022-10-11,3920,3955,3800,3810,100174,-0.05809641532756493
2022-10-12,3775,3835,3750,3815,42290,0.001312335958005173
2022-10-13,3800,3805,3585,3585,133747,-0.0602883355176933
2022-10-14,3610,3760,3610,3730,64959,0.04044630404463034
2022-10-17,3700,3820,3675,3815,30973,0.02278820375335111
2022-10-18,3825,3860,3770,3830,44619,0.003931847968545288
2022-10-19,3830,3875,3810,3845,35321,0.003916449086161844
2022-10-20,3845,3870,3755,3775,41541,-0.01820546163849157
2022-10-21,3770,3775,3730,3735,27364,-0.01059602649006619
2022-10-24,3740,3860,3700,3790,49468,0.014725568942436373
2022-10-25,3795,3895,3790,3835,31252,0.01187335092348274
2022-10-26,3855,4160,3790,3810,322228,-0.006518904823989535
2022-10-27,3740,3895,3740,3830,40310,0.005249343832020914
2022-10-28,3830,3910,3815,3875,28760,0.011749347258485532
2022-10-31,3910,3910,3860,3880,17994,0.001290322580645098
2022-11-01,3880,3945,3840,3915,26855,0.009020618556700999
2022-11-02,3915,3915,3855,3885,27425,-0.007662835249042099
2022-11-03,3845,3970,3800,3940,45751,0.014157014157014203
2022-11-04,3940,4190,3835,4005,434450,0.016497461928933976
2022-11-07,3950,4150,3890,4060,186270,0.013732833957553092
2022-11-08,4075,4130,4010,4105,121326,0.011083743842364546
2022-11-09,4105,4145,4055,4100,127392,-0.0012180267965895553
2022-11-10,4030,4085,4010,4080,57321,-0.004878048780487809
2022-11-11,4150,4160,4070,4110,87841,0.007352941176470562
2022-11-14,4110,4125,4050,4050,51453,-0.014598540145985384
2022-11-15,4050,4105,4010,4040,23094,-0.0024691358024691024
2022-11-16,4040,4115,4035,4040,25189,0.0
2022-11-17,4000,4090,4000,4065,34037,0.006188118811881083
2022-11-18,4065,4090,4020,4075,22233,0.002460024600245969
2022-11-21,4060,4065,3970,3980,45004,-0.0233128834355828
2022-11-22,3980,4120,3980,4095,46640,0.028894472361808976
2022-11-23,4130,4130,4080,4100,18183,0.0012210012210012167
2022-11-24,4100,4125,4065,4105,27844,0.0012195121951219523
2022-11-25,4135,4135,4080,4100,14416,-0.0012180267965895553
2022-11-28,4095,4100,3980,3980,36031,-0.029268292682926855
2022-11-29,3980,4050,3910,4040,28836,0.015075376884422065
2022-11-30,4040,4110,4000,4090,40744,0.012376237623762387
2022-12-01,4130,4285,4095,4280,255332,0.046454767726161306
2022-12-02,4340,4370,4205,4220,150166,-0.014018691588784993
2022-12-05,4220,4260,4180,4260,47841,0.009478672985782088
2022-12-06,4260,4260,4155,4160,23190,-0.023474178403755874
2022-12-07,4100,4180,4055,4175,30628,0.0036057692307691624
2022-12-08,4140,4200,4135,4165,30506,-0.0023952095808382756
2022-12-09,4130,4185,4100,4165,28928,0.0
2022-12-12,4165,4165,4090,4100,33305,-0.015606242496998823
2022-12-13,4100,4135,4060,4105,21361,0.0012195121951219523
2022-12-14,4130,4310,4110,4160,116458,0.013398294762484664
2022-12-15,4180,4190,4125,4160,17282,0.0
2022-12-16,4140,4160,4080,4100,14780,-0.014423076923076872
2022-12-19,4100,4100,4015,4100,24988,0.0
2022-12-20,4055,4170,4035,4045,49086,-0.013414634146341475
2022-12-21,4070,4120,4030,4095,14571,0.012360939431396822
2022-12-22,4130,4150,4040,4075,14843,-0.004884004884004867
2022-12-23,4025,4070,4005,4025,21929,-0.012269938650306789
2022-12-26,4020,4045,4005,4010,25056,-0.003726708074534124
2022-12-27,3995,4100,3995,4055,40867,0.01122194513715713
2022-12-28,4085,4085,3905,3945,26123,-0.027127003699136898
2022-12-29,3945,3945,3800,3820,39670,-0.03168567807351075
2023-01-02,3820,3865,3610,3610,26637,-0.054973821989528826
2023-01-03,3610,3680,3500,3680,43088,0.01939058171745156
2023-01-04,3700,3735,3670,3715,15788,0.009510869565217295
2023-01-05,3705,3795,3685,3775,23208,0.016150740242261152
2023-01-06,3770,3815,3710,3755,13995,-0.005298013245033095
2023-01-09,3830,3835,3760,3795,23976,0.010652463382157196
2023-01-10,3815,3845,3805,3830,15587,0.00922266139657446
2023-01-11,3795,3860,3795,3830,10392,0.0
2023-01-12,3870,3900,3820,3865,19427,0.009138381201044377
2023-01-13,3880,3890,3840,3865,9424,0.0
2023-01-16,3865,3915,3845,3880,5555,0.0038809831824062613
2023-01-17,3860,3875,3830,3850,12974,-0.0077319587628865705
2023-01-18,3830,3855,3805,3850,9459,0.0
2023-01-19,3830,3850,3800,3810,15190,-0.010389610389610393
2023-01-20,3815,3835,3760,3825,8018,0.003937007874015741
2023-01-25,3825,3845,3785,3835,25113,0.002614379084967311
2023-01-26,3845,3890,3825,3865,11800,0.007822685788787531
2023-01-27,3890,3930,3840,3895,26890,0.0077619663648125226
2023-01-30,3960,3960,3865,3935,11437,0.010269576379974277
2023-01-31,3900,3965,3895,3930,18588,-0.0012706480304955914
2023-02-01,3970,3970,3915,3935,6837,0.0012722646310432406
2023-02-02,3955,3955,3890,3900,17705,-0.008894536213468918
2023-02-03,3900,3930,3875,3880,10909,-0.00512820512820511
2023-02-06,3890,3925,3845,3925,21187,0.011597938144329856
2023-02-07,3925,3925,3770,3890,16752,-0.008917197452229297
2023-02-08,3890,3905,3830,3865,19067,-0.006426735218509005
2023-02-09,3865,3865,3840,3840,13423,-0.0064683053040103244
2023-02-10,3840,3880,3770,3795,28801,-0.01171875
2023-02-13,3765,3825,3765,3825,15653,0.007905138339920903
2023-02-14,3785,3845,3770,3800,12073,-0.006535947712418277
2023-02-15,3800,3830,3755,3755,14906,-0.011842105263157876
2023-02-16,3755,3795,3740,3755,12507,0.0
2023-02-17,3780,3805,3740,3770,15914,0.003994673768308976
2023-02-20,3820,3845,3750,3795,29991,0.006631299734747964
2023-02-21,3780,3865,3780,3865,26729,0.01844532279314892
2023-02-22,3865,3865,3800,3820,10197,-0.011642949547218673
2023-02-23,3790,3825,3780,3820,11193,0.0
2023-02-24,3820,3825,3750,3755,16067,-0.017015706806282727
2023-02-27,3740,3765,3710,3755,8914,0.0
2023-02-28,3745,3775,3725,3775,17357,0.005326231691078487
2023-03-02,3775,3785,3735,3775,21228,0.0
2023-03-03,3800,3800,3730,3750,17945,-0.0066225165562914245
2023-03-06,3745,3770,3700,3740,29260,-0.002666666666666706
2023-03-07,3740,3750,3695,3715,29206,-0.006684491978609652
2023-03-08,3690,3710,3660,3680,28963,-0.009421265141319024
2023-03-09,3685,3695,3640,3655,20056,-0.006793478260869512
2023-03-10,3655,3665,3625,3625,17972,-0.008207934336525335
2023-03-13,3565,3630,3560,3630,29307,0.0013793103448276334
2023-03-14,3610,3610,3515,3525,28294,-0.02892561983471076
2023-03-15,3525,3595,3525,3550,11134,0.007092198581560183
2023-03-16,3560,3560,3490,3510,15664,-0.011267605633802802
2023-03-17,3480,3525,3460,3515,26955,0.0014245014245013454
2023-03-20,3515,3525,3450,3490,25760,-0.007112375533428139
2023-03-21,3540,3550,3490,3495,11695,0.0014326647564470996
2023-03-22,3495,3495,3425,3480,42310,-0.0042918454935622075
2023-03-23,3410,3450,3375,3385,36699,-0.027298850574712596
2023-03-24,3400,3410,3365,3400,16936,0.004431314623338345
2023-03-27,3405,3415,3370,3415,11676,0.004411764705882337
2023-03-28,3420,3460,3350,3450,18291,0.01024890190336758
2023-03-29,3455,3515,3400,3415,23743,-0.010144927536231862
2023-03-30,3415,3500,3410,3480,19527,0.019033674963396807
2023-03-31,3485,3495,3450,3470,15863,-0.002873563218390829
2023-04-03,3470,3520,3435,3445,21524,-0.007204610951008661
2023-04-04,3475,3485,3450,3480,16164,0.010159651669085612
2023-04-05,3480,3520,3475,3510,13120,0.008620689655172376
2023-04-06,3515,3525,3465,3485,20106,-0.007122507122507171
2023-04-07,3500,3530,3475,3500,22319,0.004304160688665792
2023-04-10,3505,3505,3430,3440,30139,-0.017142857142857126
2023-04-11,3405,3740,3405,3540,74301,0.029069767441860517
2023-04-12,3525,3640,3505,3600,42073,0.016949152542372836
2023-04-13,3580,3580,3490,3510,56927,-0.025000000000000022
2023-04-14,3510,3575,3510,3530,18561,0.005698005698005604
2023-04-17,3525,3675,3520,3670,43686,0.03966005665722383
2023-04-18,3615,3710,3610,3645,26853,-0.006811989100817484
2023-04-19,3645,3645,3600,3625,17293,-0.005486968449931462
2023-04-20,3625,3625,3570,3570,16142,-0.015172413793103412
2023-04-21,3560,3570,3510,3520,22773,-0.014005602240896309
2023-04-24,3500,3535,3500,3510,10195,-0.0028409090909090606
2023-04-25,3510,3515,3480,3500,28228,-0.002849002849002802
2023-04-26,3500,3510,3470,3480,28060,-0.005714285714285672
2023-04-27,3480,3490,3410,3480,19982,0.0
2023-04-28,3480,3550,3465,3550,25516,0.02011494252873569
2023-05-02,3550,3635,3550,3600,13163,0.014084507042253502
2023-05-03,3635,3635,3585,3585,7316,-0.004166666666666652
2023-05-04,3585,3605,3570,3570,10201,-0.004184100418409997
2023-05-08,3570,3610,3570,3595,6919,0.007002801120448154
2023-05-09,3595,3610,3575,3605,8559,0.0027816411682892728
2023-05-10,3605,3640,3585,3640,22781,0.009708737864077666
2023-05-11,3640,3670,3640,3660,11055,0.005494505494505475
2023-05-12,3655,3670,3590,3645,15482,-0.004098360655737654
2023-05-15,3680,3680,3580,3640,10062,-0.00137174211248281
2023-05-16,3620,3645,3585,3635,7351,-0.0013736263736263687
2023-05-17,3610,3675,3595,3655,11006,0.005502063273727709
2023-05-18,3685,3740,3640,3695,36609,0.010943912448700521
2023-05-19,3680,3740,3655,3735,28517,0.010825439783491264
2023-05-22,3710,3785,3700,3735,34658,0.0
2023-05-23,3735,3765,3720,3765,17702,0.008032128514056325
2023-05-24,3780,3795,3760,3770,20421,0.0013280212483399723
2023-05-25,3770,3770,3700,3700,10784,-0.018567639257294433
2023-05-26,3700,3725,3640,3640,13583,-0.01621621621621616
2023-05-30,3640,3690,3635,3690,10736,0.013736263736263687
2023-05-31,3690,3715,3640,3690,5787,0.0
2023-06-01,3695,3695,3620,3655,8355,-0.009485094850948506
2023-06-02,3655,3695,3635,3665,6471,0.002735978112175186
2023-06-05,3670,3755,3625,3725,13504,0.016371077762619368
2023-06-07,3690,3745,3690,3710,4779,-0.004026845637583931
2023-06-08,3675,3700,3675,3690,5180,-0.005390835579514808
2023-06-09,3675,3710,3675,3690,7111,0.0
2023-06-12,3695,3710,3670,3680,11497,-0.0027100271002710175
2023-06-13,3680,4035,3680,3835,699699,0.04211956521739135
2023-06-14,3850,3885,3705,3705,88706,-0.03389830508474578
2023-06-15,3705,3745,3580,3645,58682,-0.01619433198380571
2023-06-16,3620,3700,3620,3700,24001,0.015089163237311354
2023-06-19,3700,3750,3670,3725,33430,0.006756756756756799
2023-06-20,3735,3810,3735,3770,27346,0.012080536912751683
2023-06-21,3770,3800,3710,3765,27287,-0.0013262599469495706
2023-06-22,3755,3785,3705,3775,15488,0.0026560424966799445
2023-06-23,3770,3770,3715,3720,8373,-0.014569536423841067
2023-06-26,3715,3720,3660,3660,21071,-0.016129032258064502
2023-06-27,3660,3705,3635,3705,21712,0.012295081967213184
2023-06-28,3685,3730,3655,3665,28710,-0.010796221322537103
2023-06-29,3660,3685,3645,3660,14012,-0.0013642564802183177
2023-06-30,3650,3680,3635,3660,11549,0.0
2023-07-03,3695,3735,3660,3675,24566,0.004098360655737654
2023-07-04,3705,3705,3650,3675,12020,0.0
2023-07-05,3680,3720,3635,3645,14923,-0.008163265306122436
2023-07-06,3645,3645,3575,3580,35143,-0.017832647462277085
2023-07-07,3580,3605,3515,3605,23733,0.006983240223463749
2023-07-10,3555,3650,3555,3605,15663,0.0
2023-07-11,3635,3640,3600,3640,9380,0.009708737864077666
2023-07-12,3640,3660,3620,3645,9464,0.0013736263736263687
2023-07-13,3645,3670,3605,3625,18490,-0.005486968449931462
2023-07-14,3625,3635,3550,3625,24570,0.0
2023-07-17,3635,3750,3560,3735,56393,0.030344827586206824
2023-07-18,3735,3750,3645,3705,20211,-0.008032128514056214
2023-07-19,3700,3720,3635,3710,33399,0.0013495276653170407
2023-07-20,3705,3705,3650,3705,18423,-0.0013477088948786742
2023-07-21,3670,3745,3610,3705,34636,0.0
2023-07-24,3725,3785,3670,3675,65487,-0.0080971659919028
2023-07-25,3650,3685,3565,3565,43492,-0.029931972789115635
2023-07-26,3560,3565,3365,3365,122048,-0.056100981767180924
2023-07-27,3345,3530,3345,3380,51989,0.004457652303120341
2023-07-28,3420,3480,3380,3410,14793,0.008875739644970349
2023-07-31,3460,3470,3380,3470,72087,0.017595307917888547
2023-08-01,3470,3540,3410,3465,42894,-0.0014409221902017544
2023-08-02,3465,3470,3415,3440,16835,-0.00721500721500723
2023-08-03,3430,3470,3385,3450,27611,0.0029069767441860517
2023-08-04,3415,3450,3390,3425,7349,-0.007246376811594235
2023-08-07,3425,3450,3385,3415,21276,-0.0029197080291970545
2023-08-08,3390,3450,3390,3420,14150,0.0014641288433381305
2023-08-09,3470,3470,3390,3420,23905,0.0
2023-08-10,3420,3440,3385,3410,34495,-0.0029239766081871066
2023-08-11,3395,3425,3365,3410,18709,0.0
2023-08-14,3500,3590,3440,3480,41696,0.02052785923753664
2023-08-16,3495,3495,3400,3445,56320,-0.010057471264367845
2023-08-17,3420,3445,3380,3410,25731,-0.010159651669085612
2023-08-18,3380,3440,3380,3430,16798,0.0058651026392961825
2023-08-21,3400,3435,3390,3390,9988,-0.011661807580174877
2023-08-22,3405,3410,3350,3390,14576,0.0
2023-08-23,3400,3400,3340,3350,26010,-0.01179941002949858
2023-08-24,3350,3385,3340,3385,14856,0.010447761194029903
2023-08-25,3385,3385,3305,3375,89820,-0.002954209748892156
2023-08-28,3380,3430,3375,3420,37303,0.01333333333333342
2023-08-29,3420,3500,3400,3480,46024,0.01754385964912286
2023-08-30,3490,3500,3450,3465,9613,-0.004310344827586188
2023-08-31,3465,3470,3420,3465,27127,0.0
2023-09-01,3460,3490,3440,3445,15943,-0.005772005772005762
2023-09-04,3465,3465,3395,3460,18150,0.004354136429608024
2023-09-05,3435,3465,3435,3450,9795,-0.0028901734104046506
2023-09-06,3450,3460,3405,3430,11055,-0.005797101449275366
2023-09-07,3430,3430,3370,3380,32016,-0.014577259475218707
2023-09-08,3370,3600,3365,3395,66426,0.004437869822485174
2023-09-11,3440,3475,3385,3445,24265,0.014727540500736325
2023-09-12,3460,3470,3430,3450,10836,0.0014513788098693414
2023-09-13,3420,3460,3420,3455,7079,0.0014492753623187582
2023-09-14,3430,3490,3430,3455,12471,0.0
2023-09-15,3460,3485,3445,3460,17137,0.0014471780028944004
2023-09-18,3460,3485,3405,3460,19732,0.0
2023-09-19,3430,3505,3430,3475,12228,0.004335260115607031
2023-09-20,3480,3500,3450,3475,7855,0.0
2023-09-21,3480,3480,3400,3435,20558,-0.01151079136690647
2023-09-22,3435,3435,3370,3400,33507,-0.010189228529839833
2023-09-25,3440,3440,3365,3365,24400,-0.010294117647058787
2023-09-26,3370,3385,3350,3370,19867,0.0014858841010401136
2023-09-27,3370,3450,3350,3380,17151,0.0029673590504450953
2023-10-04,3380,3405,3305,3320,24618,-0.017751479289940808
2023-10-05,3320,3400,3295,3340,21312,0.006024096385542244
2023-10-06,3325,3365,3290,3310,11733,-0.008982035928143728
2023-10-10,3315,3350,3275,3290,13646,-0.0060422960725075026
2023-10-11,3290,3335,3290,3320,9037,0.00911854103343468
2023-10-12,3325,3340,3315,3335,11206,0.004518072289156683
2023-10-13,3320,3335,3295,3330,11208,-0.0014992503748125774
2023-10-16,3340,3340,3305,3330,15112,0.0
2023-10-17,3335,3345,3320,3340,4944,0.0030030030030030463
2023-10-18,3340,3350,3315,3345,13962,0.0014970059880239361
2023-10-19,3315,3335,3280,3310,9060,-0.010463378176382654
2023-10-20,3285,3305,3260,3290,13051,-0.0060422960725075026
2023-10-23,3225,3290,3220,3265,13736,-0.0075987841945288626
2023-10-24,3265,3305,3205,3265,8034,0.0
2023-10-25,3280,3285,3240,3285,8177,0.006125574272588086
2023-10-26,3225,3250,3225,3250,7288,-0.010654490106544956
2023-10-27,3220,3290,3215,3270,14724,0.006153846153846176
2023-10-30,3270,3305,3255,3305,3697,0.010703363914372988
2023-10-31,3305,3330,3265,3265,12128,-0.012102874432677768
2023-11-01,3250,3300,3250,3300,2646,0.010719754977029039
2023-11-02,3265,3340,3265,3335,13966,0.010606060606060508
2023-11-03,3455,3470,3350,3415,54976,0.02398800599700146
2023-11-06,3415,3435,3355,3435,36077,0.005856515373352744
2023-11-07,3430,3430,3355,3395,14212,-0.011644832605531286
2023-11-08,3395,3410,3375,3385,7440,-0.002945508100147265
2023-11-09,3385,3385,3350,3355,11386,-0.008862629246676468
2023-11-10,3345,3370,3335,3360,4005,0.0014903129657228842
2023-11-13,3385,3395,3315,3325,15691,-0.01041666666666663
2023-11-14,3345,3400,3345,3395,21965,0.021052631578947434
2023-11-15,3415,3420,3390,3415,15126,0.00589101620029453
2023-11-16,3395,3425,3395,3425,11555,0.002928257686676483
2023-11-17,3435,3450,3370,3380,21226,-0.013138686131386912
2023-11-20,3400,3400,3350,3400,6394,0.00591715976331364
2023-11-21,3385,3435,3385,3435,9416,0.010294117647058787
2023-11-22,3440,3445,3415,3445,7062,0.0029112081513829047
2023-11-23,3445,3480,3415,3430,11116,-0.004354136429608135
2023-11-24,3435,3770,3420,3455,957303,0.007288629737609353
2023-11-27,3460,3460,3420,3430,44032,-0.00723589001447178
2023-11-28,3430,3470,3420,3455,26206,0.007288629737609353
2023-11-29,3450,3480,3430,3435,18626,-0.005788712011577379
2023-11-30,3440,3470,3410,3450,20545,0.004366812227074135
2023-12-01,3450,3480,3435,3460,24484,0.0028985507246377384
2023-12-04,3445,3545,3445,3515,30127,0.01589595375722541
2023-12-05,3480,3580,3480,3515,62203,0.0
2023-12-06,3525,3550,3460,3500,42417,-0.004267425320056861
2023-12-07,3455,3510,3445,3510,20470,0.0028571428571428914
2023-12-08,3490,3515,3455,3510,13221,0.0
2023-12-11,3510,3570,3500,3570,43744,0.017094017094017033
2023-12-12,3580,3580,3550,3565,23149,-0.0014005602240896309
2023-12-13,3565,3565,3510,3560,20115,-0.0014025245441795509
2023-12-14,3560,3580,3530,3550,25722,-0.002808988764044895
2023-12-15,3560,3560,3500,3530,19231,-0.005633802816901401
2023-12-18,3500,3530,3490,3510,20564,-0.005665722379603388
2023-12-19,3510,3510,3470,3480,14393,-0.008547008547008517
2023-12-20,3480,3515,3475,3505,19923,0.007183908045977017
2023-12-21,3480,3520,3480,3500,9517,-0.0014265335235378318
2023-12-22,3500,3530,3495,3505,16357,0.0014285714285713347
2023-12-26,3505,3580,3490,3515,65125,0.0028530670470756636
2023-12-27,3435,3490,3375,3400,44082,-0.03271692745376953
2023-12-28,3455,3455,3335,3395,20969,-0.0014705882352941124
2024-01-02,3395,3395,3340,3355,16852,-0.01178203240058906
2024-01-03,3360,3405,3350,3365,15493,0.0029806259314455463
2024-01-04,3375,3435,3360,3360,5293,-0.0014858841010401136
2024-01-05,3390,3390,3315,3345,14141,-0.004464285714285698
2024-01-08,3315,3370,3305,3340,20671,-0.001494768310911776
2024-01-09,3340,3350,3315,3340,12636,0.0
2024-01-10,3345,3345,3325,3325,12014,-0.004491017964071808
2024-01-11,3325,3345,3300,3330,26048,0.0015037593984963404
2024-01-12,3330,3350,3320,3340,7620,0.0030030030030030463
2024-01-15,3340,3355,3315,3340,22550,0.0
2024-01-16,3340,3345,3295,3295,21553,-0.013473053892215536
2024-01-17,3295,3295,3230,3245,19158,-0.015174506828528056
2024-01-18,3245,3285,3230,3230,18553,-0.0046224961479198745
2024-01-19,3235,3290,3230,3265,14186,0.010835913312693402
2024-01-22,3265,3290,3240,3250,10506,-0.004594180704441064
2024-01-23,3270,3285,3225,3250,18033,0.0
2024-01-24,3250,3265,3210,3215,18686,-0.010769230769230753
2024-01-25,3215,3240,3215,3230,7404,0.004665629860031162
2024-01-26,3230,3300,3230,3240,27023,0.003095975232198178
2024-01-29,3265,3265,3210,3240,28047,0.0
2024-01-30,3250,3310,3245,3265,42588,0.007716049382715973
2024-01-31,3265,3310,3240,3260,17087,-0.0015313935681470214
2024-02-01,3275,3490,3275,3410,307271,0.04601226993865026
2024-02-02,3390,3440,3365,3430,70500,0.0058651026392961825
2024-02-05,3460,3460,3400,3440,34695,0.00291545189504383
2024-02-06,3460,3460,3410,3420,42709,-0.005813953488372103
2024-02-07,3420,3445,3380,3430,29772,0.0029239766081872176
2024-02-08,3420,3480,3415,3480,36387,0.014577259475218707
2024-02-13,3480,3485,3445,3485,15606,0.001436781609195359
2024-02-14,3485,3530,3460,3465,15888,-0.0057388809182209455
2024-02-15,3485,3515,3460,3490,17876,0.00721500721500723
2024-02-16,3495,3525,3445,3470,34981,-0.005730659025787954
2024-02-19,3470,3520,3465,3475,19434,0.0014409221902016434
2024-02-20,3470,3510,3455,3470,18991,-0.0014388489208633226
2024-02-21,3435,3480,3420,3420,11503,-0.014409221902017322
2024-02-22,3440,3450,3360,3385,25029,-0.010233918128654929
2024-02-23,3390,3405,3365,3380,10837,-0.001477104874446078
2024-02-26,3380,3420,3350,3360,15629,-0.00591715976331364
2024-02-27,3375,3375,3310,3310,22877,-0.014880952380952328
2024-02-28,3310,3360,3310,3360,22432,0.015105740181268867
2024-02-29,3355,3360,3275,3275,44607,-0.02529761904761907
2024-03-04,3280,3305,3220,3240,70714,-0.010687022900763399
2024-03-05,3230,3270,3195,3230,51905,-0.0030864197530864335
2024-03-06,3245,3280,3235,3280,19456,0.015479876160990669
2024-03-07,3260,3290,3240,3285,31223,0.0015243902439023849
2024-03-08,3265,3405,3265,3400,26925,0.035007610350076046
2024-03-11,3400,3425,3360,3410,28779,0.002941176470588225
2024-03-12,3425,3425,3385,3385,17654,-0.007331378299120228
2024-03-13,3380,3405,3365,3375,14778,-0.002954209748892156
2024-03-14,3380,3400,3330,3365,17952,-0.002962962962962945
2024-03-15,3365,3370,3315,3335,19172,-0.008915304606240682
2024-03-18,3325,3340,3300,3305,14455,-0.008995502248875575
2024-03-19,3325,3325,3275,3280,36580,-0.0075642965204235635
2024-03-20,3295,3300,3255,3275,21393,-0.0015243902439023849
2024-03-21,3310,3325,3285,3300,22512,0.007633587786259444
2024-03-22,3305,3305,3280,3305,14533,0.0015151515151514694
2024-03-25,3315,3360,3310,3310,17182,0.001512859304084735
2024-03-26,3390,3390,3305,3355,15530,0.013595166163141936
2024-03-27,3355,3400,3340,3365,18617,0.0029806259314455463
2024-03-28,3365,3390,3325,3355,14902,-0.002971768202080227
2024-03-29,3360,3360,3280,3290,17658,-0.019374068554396384
2024-04-01,3265,3315,3265,3315,13203,0.0075987841945288626
2024-04-02,3360,3360,3280,3285,22613,-0.009049773755656076
2024-04-03,3265,3340,3250,3290,39827,0.0015220700152207556
2024-04-04,3295,3305,3215,3285,67768,-0.001519756838905817
2024-04-05,3290,3295,3260,3285,7362,0.0
2024-04-08,3300,3300,3240,3245,19730,-0.0121765601217656
2024-04-09,3215,3260,3215,3240,26435,-0.0015408320493066618
2024-04-11,3240,3265,3235,3260,19423,0.006172839506172867
2024-04-12,3250,3335,3250,3310,34131,0.015337423312883347
2024-04-15,3305,3305,3260,3300,15097,-0.0030211480362537513
2024-04-16,3295,3305,3255,3265,29781,-0.010606060606060619
2024-04-17,3265,3280,3240,3260,16819,-0.0015313935681470214
2024-04-18,3240,3295,3240,3285,5128,0.0076687116564417845
2024-04-19,3240,3280,3200,3260,78259,-0.007610350076103556
2024-04-22,3245,3300,3245,3270,29178,0.0030674846625766694
2024-04-23,3250,3290,3250,3265,16810,-0.001529051987767538
2024-04-24,3265,3285,3260,3270,7384,0.0015313935681469104
2024-04-25,3270,3295,3260,3290,19641,0.006116207951070374
2024-04-26,3300,3320,3265,3300,21738,0.003039513677811634
2024-04-29,3300,3320,3285,3310,11866,0.003030303030302939
2024-04-30,3310,3325,3295,3320,10596,0.0030211480362538623
2024-05-02,3295,3340,3295,3335,7526,0.004518072289156683
2024-05-03,3335,3345,3320,3330,7431,-0.0014992503748125774
2024-05-07,3330,3360,3310,3350,13760,0.006006006006006093
2024-05-08,3340,3370,3335,3365,15565,0.004477611940298498
2024-05-09,3345,3375,3335,3375,14828,0.002971768202080227
2024-05-10,3375,3375,3350,3355,9999,-0.00592592592592589
2024-05-13,3360,3380,3350,3375,21752,0.005961251862891315
2024-05-14,3375,3385,3360,3365,7807,-0.002962962962962945
2024-05-16,3365,3565,3360,3445,113552,0.023774145616641817
2024-05-17,3445,3495,3400,3470,50387,0.007256894049346929
2024-05-20,3490,3540,3480,3520,56847,0.014409221902017322
2024-05-21,3520,3550,3500,3520,39944,0.0
2024-05-22,3510,3560,3510,3525,22889,0.0014204545454545858
2024-05-23,3545,3545,3455,3460,34503,-0.018439716312056764
2024-05-24,3485,3490,3460,3490,10489,0.00867052023121384
2024-05-27,3480,3490,3440,3470,12137,-0.005730659025787954
2024-05-28,3470,3530,3455,3505,24064,0.01008645533141217
2024-05-29,3505,3550,3465,3465,23915,-0.011412268188302432
2024-05-30,3420,3495,3420,3485,6767,0.005772005772005873
2024-05-31,3440,3515,3440,3500,19553,0.004304160688665792
2024-06-03,3500,3530,3500,3530,18153,0.008571428571428674
2024-06-04,3530,3535,3475,3475,18334,-0.015580736543909346
2024-06-05,3490,3505,3435,3470,20371,-0.0014388489208633226
2024-06-07,3475,3495,3425,3425,12802,-0.012968299711815567
2024-06-10,3410,3450,3400,3410,13173,-0.004379562043795637
2024-06-11,3420,3430,3390,3410,15767,0.0
2024-06-12,3420,3475,3400,3450,16511,0.011730205278592365
2024-06-13,3455,3540,3450,3520,35469,0.020289855072463725
2024-06-14,3505,3530,3465,3530,23131,0.0028409090909091717
2024-06-17,3530,3540,3490,3515,16715,-0.004249291784702569
2024-06-18,3515,3520,3475,3480,19547,-0.009957325746799417
2024-06-19,3485,3495,3470,3485,14853,0.001436781609195359
2024-06-20,3490,3515,3475,3495,22036,0.0028694404591105283
2024-06-21,3495,3635,3470,3500,61968,0.0014306151645206988
2024-06-24,3520,3535,3415,3435,33527,-0.018571428571428572
2024-06-25,3420,3480,3410,3455,27494,0.005822416302765587
2024-06-26,3455,3535,3455,3480,42561,0.00723589001447178
2024-06-27,3480,3550,3480,3515,37690,0.010057471264367734
2024-06-28,3490,3600,3490,3575,67410,0.017069701280227667
2024-07-01,3600,3630,3530,3600,63310,0.006993006993007089
2024-07-02,3600,3625,3555,3580,45210,-0.005555555555555536
2024-07-03,3580,3580,3485,3500,41053,-0.022346368715083775
2024-07-04,3500,3525,3475,3525,29689,0.0071428571428571175
2024-07-05,3545,3550,3505,3525,23144,0.0
2024-07-08,3530,3550,3500,3500,14589,-0.007092198581560294
2024-07-09,3500,3520,3455,3480,27470,-0.005714285714285672
2024-07-10,3475,3515,3460,3495,5534,0.004310344827586299
2024-07-11,3495,3505,3480,3485,10511,-0.0028612303290415086
2024-07-12,3485,3535,3485,3500,17546,0.004304160688665792
2024-07-15,3480,3535,3480,3535,14262,0.010000000000000009
2024-07-16,3540,3570,3525,3560,34320,0.007072135785006983
2024-07-17,3550,3575,3500,3525,23007,-0.0098314606741573
2024-07-18,3525,3560,3510,3530,15758,0.0014184397163119478
2024-07-19,3525,3555,3510,3555,14841,0.007082152974504208
2024-07-22,3545,3550,3505,3530,11961,-0.007032348804500654
2024-07-23,3530,3560,3505,3515,19714,-0.004249291784702569
2024-07-24,3510,3535,3480,3480,10975,-0.009957325746799417
2024-07-25,3480,3480,3425,3450,20172,-0.008620689655172376
2024-07-26,3430,3495,3430,3470,8798,0.005797101449275255
2024-07-29,3520,3520,3440,3500,10443,0.008645533141210304
2024-07-30,3505,3650,3465,3650,193873,0.04285714285714293
2024-07-31,3645,3645,3540,3600,108561,-0.013698630136986356
2024-08-01,3600,3620,3530,3600,72709,0.0
2024-08-02,3595,3595,3510,3530,38779,-0.019444444444444486
2024-08-05,3480,3495,3255,3310,128186,-0.062322946175637384
2024-08-06,3310,3395,3300,3315,62725,0.0015105740181269312
2024-08-07,3285,3500,3285,3410,39967,0.02865761689291091
2024-08-08,3410,3430,3350,3405,13066,-0.0014662756598240456
2024-08-09,3440,3490,3315,3440,29436,0.010279001468428861
2024-08-12,3465,3485,3425,3450,24535,0.0029069767441860517
2024-08-13,3450,3485,3410,3465,16987,0.004347826086956497
2024-08-14,3475,3500,3420,3465,60062,0.0
2024-08-16,3430,3430,3350,3350,75776,-0.03318903318903321
2024-08-19,3315,3355,3215,3275,197472,-0.02238805970149249
2024-08-20,3285,3345,3275,3330,50495,0.016793893129771087
2024-08-21,3325,3375,3315,3370,33235,0.012012012012011963
2024-08-22,3380,3390,3345,3360,22790,-0.0029673590504450953
2024-08-23,3360,3365,3305,3365,20000,0.0014880952380953438
2024-08-26,3365,3380,3325,3345,21694,-0.005943536404160454
2024-08-27,3345,3350,3315,3335,9632,-0.002989536621823663
2024-08-28,3335,3335,3280,3295,34944,-0.01199400299850073
2024-08-29,3270,3310,3265,3295,16292,0.0
2024-08-30,3280,3320,3275,3315,19462,0.006069802731411222
2024-09-02,3315,3315,3265,3280,29047,-0.010558069381598756
2024-09-03,3295,3310,3270,3300,9275,0.0060975609756097615
2024-09-04,3280,3310,3230,3270,40950,-0.009090909090909038
2024-09-05,3270,3320,3245,3260,19155,-0.003058103975535187
2024-09-06,3290,3300,3225,3250,23647,-0.0030674846625766694
2024-09-09,3210,3290,3180,3275,34861,0.007692307692307665
2024-09-10,3275,3300,3240,3260,29959,-0.004580152671755711
2024-09-11,3280,3285,3210,3245,23235,-0.004601226993865004
2024-09-12,3230,3270,3230,3270,8905,0.007704160246533087
2024-09-13,3280,3300,3245,3285,3894,0.004587155963302836
2024-09-19,3280,3300,3260,3290,16376,0.0015220700152207556
2024-09-20,3270,3300,3265,3280,13760,-0.003039513677811523
2024-09-23,3270,3300,3240,3295,36453,0.004573170731707377
2024-09-24,3280,3305,3280,3300,11932,0.0015174506828528056
2024-09-25,3285,3320,3285,3285,8679,-0.004545454545454519
2024-09-26,3275,3330,3260,3285,10908,0.0
2024-09-27,3285,3290,3280,3285,6558,0.0
2024-09-30,3265,3305,3250,3255,26783,-0.0091324200913242
2024-10-02,3255,3260,3225,3240,36960,-0.004608294930875556
2024-10-04,3250,3255,3230,3240,15020,0.0
