Date,Open,High,Low,Close,Volume,Change
2022-01-03,13600,15700,13100,15250,904763,0.14661654135338353
2022-01-04,15600,16150,15050,15600,396748,0.022950819672131084
2022-01-05,15600,15950,14800,15550,359103,-0.0032051282051281937
2022-01-06,14950,15950,14850,15450,220511,-0.006430868167202619
2022-01-07,15800,16400,15100,16150,264302,0.0453074433656957
2022-01-10,16150,16600,15800,16150,223054,0.0
2022-01-11,16100,17500,14500,14850,664322,-0.08049535603715174
2022-01-12,15250,16900,14650,16400,634012,0.10437710437710446
2022-01-13,16400,16400,15400,15800,242606,-0.03658536585365857
2022-01-14,15300,15600,14900,15350,169676,-0.02848101265822789
2022-01-17,15050,15150,14300,14700,198171,-0.04234527687296419
2022-01-18,14500,15400,14500,14500,143587,-0.013605442176870763
2022-01-19,14100,15500,14000,15300,216476,0.05517241379310356
2022-01-20,15450,15550,14550,15100,149278,-0.013071895424836555
2022-01-21,14900,16000,14800,15000,178604,-0.0066225165562914245
2022-01-24,14700,14950,13250,13400,222669,-0.10666666666666669
2022-01-25,13400,13500,11550,11900,306376,-0.11194029850746268
2022-01-26,11800,12550,11800,12100,104922,0.01680672268907557
2022-01-27,12200,12400,10900,11150,297560,-0.07851239669421484
2022-01-28,11050,11250,10400,11100,127644,-0.004484304932735439
2022-02-03,11350,11700,11200,11350,84046,0.022522522522522515
2022-02-04,11350,12050,10700,11900,131273,0.048458149779735615
2022-02-07,12000,12000,11400,11750,41889,-0.012605042016806678
2022-02-08,11800,12150,11700,12000,52877,0.02127659574468077
2022-02-09,11950,12450,11650,12300,99499,0.02499999999999991
2022-02-10,12300,12400,11750,11900,88486,-0.03252032520325199
2022-02-11,11500,11900,11300,11300,79076,-0.050420168067226934
2022-02-14,10950,11000,10150,10500,158791,-0.07079646017699115
2022-02-15,10500,10650,10000,10150,84984,-0.033333333333333326
2022-02-16,10450,10750,10400,10700,80934,0.054187192118226646
2022-02-17,10700,10950,10000,10550,121512,-0.014018691588784993
2022-02-18,10250,10700,10200,10400,41151,-0.014218009478673022
2022-02-21,10050,10450,10050,10400,31690,0.0
2022-02-22,10100,10300,9280,9460,265681,-0.0903846153846154
2022-02-23,9580,9600,9360,9490,76587,0.003171247357293794
2022-02-24,9320,9410,8100,8300,418272,-0.1253951527924131
2022-02-25,8350,8820,8320,8390,142202,0.010843373493975905
2022-02-28,8460,8680,8340,8570,64526,0.021454112038140627
2022-03-02,8600,9260,8520,9250,119902,0.07934655775962662
2022-03-03,9250,9250,8930,9110,87771,-0.015135135135135092
2022-03-04,9110,9150,8870,8980,55093,-0.014270032930845278
2022-03-07,8800,8900,8620,8660,46700,-0.03563474387527843
2022-03-08,8360,8600,8360,8380,43571,-0.0323325635103926
2022-03-10,8570,9010,8540,8760,55537,0.04534606205250591
2022-03-11,8760,9420,8680,9400,136843,0.0730593607305936
2022-03-14,9500,10400,9270,10200,347987,0.0851063829787233
2022-03-15,10000,10200,9750,9950,100807,-0.02450980392156865
2022-03-16,9960,10600,9960,10550,144121,0.06030150753768848
2022-03-17,10350,10700,10250,10400,68347,-0.014218009478673022
2022-03-18,10400,10600,10150,10250,68844,-0.014423076923076872
2022-03-21,10250,10450,10200,10400,38608,0.014634146341463428
2022-03-22,10300,10750,10200,10750,49966,0.033653846153846256
2022-03-23,10800,11200,10500,11000,165684,0.023255813953488413
2022-03-24,10950,11950,10900,11500,488529,0.045454545454545414
2022-03-25,11550,11550,10800,11100,213724,-0.034782608695652195
2022-03-28,11100,11150,10900,11100,67731,0.0
2022-03-29,11250,11550,11000,11350,164922,0.022522522522522515
2022-03-30,11300,11300,10800,10900,73328,-0.03964757709251099
2022-03-31,10850,11150,10850,10950,40289,0.004587155963302836
2022-04-01,11000,11050,10750,10850,36077,-0.0091324200913242
2022-04-04,10800,11050,10650,10950,45714,0.009216589861751112
2022-04-05,10950,11250,10800,11100,47914,0.013698630136986356
2022-04-06,11050,11050,10800,10850,49055,-0.022522522522522515
2022-04-07,10700,10700,9970,10050,121578,-0.07373271889400923
2022-04-08,10050,10400,10000,10400,33269,0.03482587064676612
2022-04-11,10200,10300,10000,10000,41701,-0.038461538461538436
2022-04-12,9910,9910,9550,9600,63096,-0.040000000000000036
2022-04-13,9560,9970,9560,9940,31927,0.03541666666666665
2022-04-14,10000,10300,9990,10300,35983,0.03621730382293764
2022-04-15,10100,10300,10000,10250,30870,-0.004854368932038833
2022-04-18,10150,10150,10000,10050,25838,-0.019512195121951237
2022-04-19,9960,10100,9940,10050,29140,0.0
2022-04-20,10100,10100,9900,9950,35485,-0.00995024875621886
2022-04-21,9990,9990,9690,9800,54287,-0.015075376884422065
2022-04-22,9790,9790,9620,9690,22021,-0.011224489795918391
2022-04-25,9510,9520,9130,9190,54586,-0.05159958720330238
2022-04-26,9200,9520,9200,9370,20077,0.019586507072905324
2022-04-27,9140,9290,8830,9200,23359,-0.018143009605122717
2022-04-28,9200,9400,8910,8970,28940,-0.025000000000000022
2022-04-29,9340,9730,9080,9690,43316,0.08026755852842804
2022-05-02,9470,10100,9450,9970,54679,0.028895768833849367
2022-05-03,9970,10150,9830,9830,29980,-0.014042126379137376
2022-05-04,9880,9880,9320,9360,35066,-0.047812817904374416
2022-05-06,9220,9350,9080,9130,35505,-0.024572649572649596
2022-05-09,9130,9130,8720,8770,44057,-0.03943044906900328
2022-05-10,8520,8800,8190,8700,37206,-0.007981755986317007
2022-05-11,8700,9050,8630,8700,19261,0.0
2022-05-12,8700,8700,8240,8300,34467,-0.04597701149425293
2022-05-13,8220,8420,7910,8400,25402,0.012048192771084265
2022-05-16,8410,8620,8330,8380,13271,-0.0023809523809523725
2022-05-17,8380,8690,8210,8500,20088,0.014319809069212486
2022-05-18,8800,8800,8480,8550,23250,0.00588235294117645
2022-05-19,8540,8540,8200,8280,22271,-0.03157894736842104
2022-05-20,8280,8490,8280,8400,19695,0.01449275362318847
2022-05-23,8440,8440,8200,8240,19591,-0.01904761904761909
2022-05-24,8250,8360,7960,8020,23467,-0.02669902912621358
2022-05-25,8020,8210,7840,8050,26826,0.0037406483790523026
2022-05-26,8050,8680,8050,8450,40680,0.049689440993788914
2022-05-27,8570,8620,8440,8440,18689,-0.0011834319526626835
2022-05-30,8450,8670,8450,8590,16006,0.017772511848341166
2022-05-31,8610,8710,8380,8540,17876,-0.005820721769499437
2022-06-02,8580,8590,8350,8500,19175,-0.004683840749414525
2022-06-03,8500,8620,8400,8450,14906,-0.00588235294117645
2022-06-07,8450,8590,8000,8220,14248,-0.02721893491124261
2022-06-08,8220,8380,8000,8170,29229,-0.006082725060827299
2022-06-09,8170,8200,7960,8070,26628,-0.012239902080783405
2022-06-10,8070,8070,7860,7900,28400,-0.02106567534076831
2022-06-13,7850,7850,7310,7490,45683,-0.051898734177215244
2022-06-14,7490,7490,7000,7300,41869,-0.025367156208277675
2022-06-15,7270,7300,6800,6870,37114,-0.05890410958904113
2022-06-16,6900,7350,6900,6910,39985,0.005822416302765587
2022-06-17,6630,6900,6480,6850,28535,-0.00868306801736618
2022-06-20,6770,7190,6250,6340,49657,-0.0744525547445255
2022-06-21,6260,6400,6070,6180,34216,-0.025236593059936863
2022-06-22,6220,6320,5520,5520,57432,-0.10679611650485432
2022-06-23,5520,5730,5020,5150,75373,-0.06702898550724634
2022-06-24,5140,5570,5140,5510,39937,0.06990291262135928
2022-06-27,5590,5900,5510,5900,41274,0.07078039927404722
2022-06-28,5900,6080,5780,5950,27084,0.008474576271186418
2022-06-29,5850,5960,5700,5950,18932,0.0
2022-06-30,5950,5950,5550,5720,28466,-0.03865546218487392
2022-07-01,5520,5720,5360,5480,41068,-0.04195804195804198
2022-07-04,5370,5540,5250,5540,35740,0.010948905109489093
2022-07-05,5430,5700,5430,5620,19711,0.014440433212996373
2022-07-06,5620,5870,5620,5750,27267,0.02313167259786475
2022-07-07,5750,6710,5740,6290,129439,0.0939130434782609
2022-07-08,6440,6660,6350,6360,51530,0.0111287758346581
2022-07-11,6400,6700,6360,6410,23439,0.007861635220125729
2022-07-12,6390,6390,5760,5950,37375,-0.07176287051482055
2022-07-13,6000,6270,5740,6160,16375,0.03529411764705892
2022-07-14,6160,6320,6050,6140,11633,-0.0032467532467532756
2022-07-15,6150,6340,5890,6040,13761,-0.016286644951140072
2022-07-18,6100,6210,6050,6200,12494,0.026490066225165476
2022-07-19,6120,6270,6060,6200,7044,0.0
2022-07-20,6350,6530,6230,6440,26232,0.03870967741935494
2022-07-21,6640,8360,6500,7650,1060210,0.18788819875776408
2022-07-22,7640,7690,7130,7140,138217,-0.06666666666666665
2022-07-25,7200,7330,6830,6950,66282,-0.026610644257703098
2022-07-26,6950,7000,6730,6820,55011,-0.018705035971222972
2022-07-27,7450,7450,6740,6740,88576,-0.011730205278592365
2022-07-28,6700,6890,6700,6800,26451,0.008902077151335286
2022-07-29,6810,7140,6800,7050,48688,0.03676470588235303
2022-08-01,7250,7350,6950,6980,51661,-0.009929078014184411
2022-08-02,6900,7050,6790,6840,37064,-0.02005730659025784
2022-08-03,6750,6910,6710,6850,21806,0.0014619883040936088
2022-08-04,6880,7100,6800,7030,42201,0.026277372262773824
2022-08-05,7050,7060,6850,6940,21762,-0.012802275960170695
2022-08-08,6940,6940,6410,6710,53745,-0.033141210374639796
2022-08-09,6710,6860,6590,6730,27465,0.0029806259314455463
2022-08-10,6780,6780,6350,6370,60839,-0.05349182763744431
2022-08-11,6380,6750,6310,6370,36742,0.0
2022-08-12,6460,6620,6330,6530,22770,0.02511773940345363
2022-08-16,6540,6650,6480,6610,18014,0.012251148545176171
2022-08-17,6710,6710,6420,6520,22448,-0.013615733736762503
2022-08-18,6350,8100,6180,7220,2102329,0.1073619631901841
2022-08-19,7430,7430,6700,6990,323980,-0.03185595567867039
2022-08-22,6990,6990,6650,6650,65781,-0.048640915593705314
2022-08-23,6650,6650,6360,6490,52415,-0.024060150375939893
2022-08-24,6490,6640,6430,6620,35858,0.02003081664098616
2022-08-25,6740,7710,6740,7060,670527,0.06646525679758297
2022-08-26,7090,7130,6940,6940,59311,-0.016997167138810165
2022-08-29,6560,6850,6560,6640,36571,-0.043227665706051854
2022-08-30,6650,6870,6650,6770,32681,0.01957831325301207
2022-08-31,6700,6810,6650,6750,24941,-0.002954209748892156
2022-09-01,6750,6780,6400,6470,84635,-0.04148148148148145
2022-09-02,6480,6540,6290,6420,42576,-0.007727975270479082
2022-09-05,6310,6420,6140,6370,27724,-0.007788161993769416
2022-09-06,6220,6420,6220,6290,18113,-0.012558869701726816
2022-09-07,6270,6280,5970,6050,35667,-0.038155802861685184
2022-09-08,6050,6170,5960,6010,32924,-0.006611570247933907
2022-09-13,6130,6350,6100,6340,26891,0.05490848585690511
2022-09-14,6250,6320,5910,6300,21885,-0.006309148264984188
2022-09-15,6350,6420,6200,6290,18197,-0.0015873015873015817
2022-09-16,6260,6290,6150,6250,17422,-0.006359300476947549
2022-09-19,6180,6180,5970,6180,25449,-0.011199999999999988
2022-09-20,6110,6290,6080,6150,15925,-0.004854368932038833
2022-09-21,6060,6240,5970,6000,19078,-0.024390243902439046
2022-09-22,6000,6100,5790,5800,19993,-0.033333333333333326
2022-09-23,5800,5820,5400,5450,22020,-0.06034482758620685
2022-09-26,5200,5450,5030,5140,41236,-0.056880733944954076
2022-09-27,6080,6300,5080,5300,458627,0.03112840466926059
2022-09-28,5300,5350,4900,5050,45197,-0.047169811320754707
2022-09-29,5070,5280,5000,5000,32031,-0.00990099009900991
2022-09-30,4800,4990,4600,4950,51520,-0.010000000000000009
2022-10-04,5020,5110,4975,5070,19805,0.024242424242424176
2022-10-05,5130,5220,4825,4870,39563,-0.03944773175542404
2022-10-06,4895,5160,4895,5060,24421,0.03901437371663241
2022-10-07,5080,5960,5080,5650,234987,0.11660079051383399
2022-10-11,5650,5780,5040,5090,48761,-0.09911504424778761
2022-10-12,5030,5040,4600,4825,50832,-0.0520628683693517
2022-10-13,4780,4780,4595,4695,25917,-0.02694300518134718
2022-10-14,4630,4840,4630,4740,24344,0.009584664536741228
2022-10-17,4700,4700,4450,4640,36725,-0.021097046413502074
2022-10-18,4680,4935,4660,4885,28311,0.05280172413793105
2022-10-19,4945,4975,4750,4800,21535,-0.017400204708290734
2022-10-20,4805,4900,4795,4865,12275,0.013541666666666563
2022-10-21,4815,4820,4600,4600,13783,-0.054470709146968166
2022-10-24,4600,4760,4400,4400,36784,-0.04347826086956519
2022-10-25,4465,4590,4440,4515,23631,0.026136363636363624
2022-10-26,4560,4615,4490,4510,14314,-0.001107419712070845
2022-10-27,4510,4620,4510,4605,15282,0.021064301552106368
2022-10-28,4675,4675,4550,4585,18656,-0.004343105320304019
2022-10-31,4595,4690,4560,4685,11289,0.021810250817884347
2022-11-01,4730,4760,4685,4750,14519,0.01387406616862319
2022-11-02,4765,4770,4630,4765,16279,0.0031578947368420263
2022-11-03,4765,4765,4510,4635,8851,-0.02728226652675758
2022-11-04,4610,4635,4425,4635,24621,0.0
2022-11-07,4670,4725,4540,4610,16856,-0.005393743257820938
2022-11-08,4710,4755,4600,4710,22124,0.021691973969631295
2022-11-09,4735,5080,4735,4805,26696,0.02016985138004257
2022-11-10,4830,4830,4680,4680,18100,-0.026014568158168605
2022-11-11,4970,5010,4710,4755,20045,0.01602564102564097
2022-11-14,4755,4850,4750,4820,17742,0.013669821240799074
2022-11-15,4755,5010,4725,5000,37429,0.03734439834024905
2022-11-16,5000,5040,4810,5040,20590,0.008000000000000007
2022-11-17,5030,5050,4950,5020,17009,-0.003968253968253954
2022-11-18,5020,5350,4990,5150,46823,0.02589641434262946
2022-11-21,5360,6470,5260,5440,1185481,0.056310679611650594
2022-11-22,5360,5380,4955,4955,118268,-0.08915441176470584
2022-11-23,4990,6130,4990,5540,1306559,0.11806256306760843
2022-11-24,5650,6560,5610,6130,1291814,0.10649819494584833
2022-11-25,7700,7960,7510,7960,548455,0.298531810766721
2022-11-28,9000,9400,7660,7660,2469852,-0.03768844221105527
2022-11-29,7570,7720,7150,7330,455826,-0.04308093994778073
2022-11-30,7330,7470,6990,7000,402725,-0.04502046384720326
2022-12-01,7060,7480,6950,7130,525914,0.01857142857142846
2022-12-02,7250,7260,6670,6730,302928,-0.056100981767180924
2022-12-05,6730,8660,6670,7800,4699721,0.15898959881129282
2022-12-06,8480,9980,8230,9460,9611302,0.21282051282051273
2022-12-07,9050,10250,8630,9020,2919714,-0.046511627906976716
2022-12-08,8880,9700,8600,8730,2191310,-0.032150776053215036
2022-12-09,8850,9300,8600,8710,1160642,-0.002290950744558984
2022-12-12,8560,8960,8450,8570,477991,-0.016073478760045945
2022-12-13,8460,8550,7810,7810,389792,-0.08868144690781798
2022-12-14,7810,8080,7750,7890,193338,0.010243277848911658
2022-12-15,7900,9650,7900,9030,4822440,0.14448669201520903
2022-12-16,9200,9750,8720,9040,1515711,0.001107419712070845
2022-12-19,8890,9550,8740,8740,697225,-0.0331858407079646
2022-12-20,8690,9230,8460,8650,557229,-0.010297482837528626
2022-12-21,8520,9200,8520,8970,620763,0.03699421965317917
2022-12-22,9100,9230,8500,8520,448591,-0.050167224080267525
2022-12-23,8450,8490,7800,7800,207944,-0.08450704225352113
2022-12-26,7790,7860,7190,7220,226080,-0.07435897435897432
2022-12-27,7310,7760,7230,7440,228919,0.030470914127423754
2022-12-28,7450,7920,7330,7600,185062,0.021505376344086002
2022-12-29,7600,7930,7320,7330,142637,-0.03552631578947374
2023-01-02,7330,8990,7300,8650,2631897,0.18008185538881305
2023-01-03,8280,8600,8050,8370,714520,-0.032369942196531776
2023-01-04,8410,8840,8150,8720,669891,0.041816009557944955
2023-01-05,8650,9100,8410,8660,879659,-0.006880733944954143
2023-01-06,8810,9450,8770,8900,1451555,0.02771362586605086
2023-01-09,8920,8960,8750,8800,197594,-0.011235955056179803
2023-01-10,8840,8930,8250,8250,368568,-0.0625
2023-01-11,8250,8400,8130,8160,167462,-0.010909090909090868
2023-01-12,8230,8280,8090,8110,93096,-0.006127450980392135
2023-01-13,8100,8450,8000,8300,166451,0.023427866831072786
2023-01-16,8360,9450,8230,9090,3048847,0.0951807228915662
2023-01-17,8970,9250,8610,9200,630967,0.012101210121012063
2023-01-18,9290,9380,8890,8900,488463,-0.03260869565217395
2023-01-19,8700,9720,8680,8950,2139156,0.00561797752808979
2023-01-20,9000,9050,8610,8620,281297,-0.036871508379888285
2023-01-25,8620,8770,8500,8730,175669,0.012761020881670637
2023-01-26,8690,8990,8620,8800,173916,0.008018327605956443
2023-01-27,8810,9000,8630,9000,176432,0.022727272727272707
2023-01-30,8980,9280,8920,9110,362967,0.012222222222222134
2023-01-31,9070,9080,8360,8600,271914,-0.05598243688254667
2023-02-01,8890,9730,8710,9310,2047840,0.08255813953488378
2023-02-02,9260,10790,9100,10470,3791946,0.12459720730397428
2023-02-03,10270,10730,10190,10400,811313,-0.006685768863419317
2023-02-06,10230,10490,9860,10410,347945,0.0009615384615384581
2023-02-07,10700,10900,10160,10170,634223,-0.023054755043227626
2023-02-08,10210,10380,9980,10140,279910,-0.002949852507374673
2023-02-09,10170,10350,9670,9710,339561,-0.04240631163708086
2023-02-10,9720,9920,9550,9560,218547,-0.015447991761071034
2023-02-13,9550,9560,9180,9400,149058,-0.01673640167364021
2023-02-14,9420,9670,9020,9160,272636,-0.025531914893617058
2023-02-15,9160,9200,8640,8700,214368,-0.05021834061135366
2023-02-16,8760,8890,8550,8740,183215,0.0045977011494253706
2023-02-17,8730,8730,7890,8000,305420,-0.08466819221967958
2023-02-20,8150,8160,7800,8000,140533,0.0
2023-02-21,8200,8200,7800,7800,204580,-0.025000000000000022
2023-02-22,7760,7760,7500,7550,118903,-0.03205128205128205
2023-02-23,7530,8090,7530,8040,332038,0.0649006622516557
2023-02-24,8790,9500,8150,8180,1211254,0.017412935323383172
2023-02-27,8080,8880,8080,8630,550472,0.055012224938875365
2023-02-28,8600,8910,8410,8710,323390,0.009269988412514474
2023-03-02,8740,9210,8620,9210,679229,0.057405281285878296
2023-03-03,9970,10540,9060,9300,2326492,0.009771986970684043
2023-03-06,9240,9300,8760,8770,299907,-0.05698924731182797
2023-03-07,8770,8770,8270,8270,242685,-0.05701254275940704
2023-03-08,8260,9400,8060,9150,1495731,0.10640870616686815
2023-03-09,9150,9180,8450,8450,332786,-0.07650273224043713
2023-03-10,8290,8790,8170,8260,205991,-0.022485207100591764
2023-03-13,8200,8240,7830,8110,128226,-0.018159806295399483
2023-03-14,8020,8020,7660,7730,100439,-0.04685573366214546
2023-03-15,7900,8160,7760,7830,93417,0.012936610608020649
2023-03-16,7810,7860,7460,7640,75472,-0.024265644955300147
2023-03-17,7750,8290,7750,8290,134230,0.08507853403141352
2023-03-20,8200,8360,8010,8170,74482,-0.014475271411338975
2023-03-21,8580,8600,7980,8000,174010,-0.020807833537331732
2023-03-22,8010,8350,8000,8050,98877,0.006250000000000089
2023-03-23,8090,8310,8000,8000,90302,-0.006211180124223614
2023-03-24,8020,8830,7930,8830,597122,0.10375000000000001
2023-03-27,8810,9090,8710,8790,463453,-0.0045300113250282825
2023-03-28,8780,8780,8240,8280,200609,-0.058020477815699634
2023-03-29,8200,8220,7930,8000,147074,-0.033816425120772986
2023-03-30,8000,8000,7700,7820,119948,-0.022499999999999964
2023-03-31,7820,8080,7730,7860,132721,0.005115089514066584
2023-04-03,7750,7930,7730,7860,59692,0.0
2023-04-04,7990,8080,7780,8010,73632,0.01908396946564883
2023-04-05,7990,8030,7870,7950,59400,-0.0074906367041198685
2023-04-06,7890,7950,7790,7810,52955,-0.017610062893081757
2023-04-07,7880,7880,7620,7650,81840,-0.020486555697823317
2023-04-10,7650,7650,7120,7170,132450,-0.06274509803921569
2023-04-11,7190,7270,7000,7130,68222,-0.00557880055788007
2023-04-12,7130,7260,6980,7120,85003,-0.0014025245441795509
2023-04-13,7060,7120,6850,6980,84375,-0.0196629213483146
2023-04-14,6940,7330,6940,7260,92781,0.04011461318051568
2023-04-17,7260,7340,7000,7070,48010,-0.026170798898071612
2023-04-18,7090,7100,6970,6990,49622,-0.011315417256011262
2023-04-19,7180,7180,6980,7020,46599,0.0042918454935623185
2023-04-20,7020,7060,6890,6910,43045,-0.015669515669515688
2023-04-21,6800,6880,6600,6630,75142,-0.04052098408104199
2023-04-24,6500,6700,6500,6660,30663,0.004524886877828038
2023-04-25,6550,6820,6450,6530,45105,-0.019519519519519468
2023-04-26,6530,6690,6390,6390,23389,-0.02143950995405819
2023-04-27,6450,6600,6190,6430,42792,0.006259780907668322
2023-04-28,6310,6480,6160,6310,36528,-0.018662519440124425
2023-05-02,6310,6550,6200,6510,35219,0.031695721077654504
2023-05-03,6510,6610,6420,6520,18855,0.001536098310291889
2023-05-04,6620,6620,6300,6450,16232,-0.010736196319018454
2023-05-08,6450,6630,6450,6570,18179,0.018604651162790642
2023-05-09,6550,6580,6300,6300,25037,-0.04109589041095896
2023-05-10,6300,6360,6210,6220,23050,-0.012698412698412653
2023-05-11,6280,6400,6210,6220,26250,0.0
2023-05-12,6220,6220,6040,6080,19002,-0.022508038585209
2023-05-15,6010,6100,5840,5910,30017,-0.02796052631578949
2023-05-16,5830,6210,5830,5900,35623,-0.0016920473773265332
2023-05-17,5980,6110,5830,6110,25014,0.035593220338983045
2023-05-18,6180,7940,6020,7940,651921,0.2995090016366613
2023-05-19,8730,9200,7920,7930,4188156,-0.0012594458438287548
2023-05-22,7700,9370,7540,8280,6860202,0.044136191677175196
2023-05-23,8160,8540,7980,7980,865541,-0.036231884057971064
2023-05-24,7880,8200,7710,7710,296099,-0.03383458646616544
2023-05-25,7600,7760,7510,7590,169984,-0.015564202334630295
2023-05-26,7550,7590,7330,7330,130913,-0.03425559947299073
2023-05-30,7430,8280,7430,7710,847775,0.05184174624829474
2023-05-31,7640,7810,7610,7750,142531,0.005188067444876765
2023-06-01,7700,7720,7540,7640,89140,-0.014193548387096744
2023-06-02,7680,7940,7580,7900,112491,0.03403141361256545
2023-06-05,7830,7850,7700,7800,74175,-0.012658227848101222
2023-06-07,7830,7830,7570,7630,97829,-0.02179487179487183
2023-06-08,7600,7620,7440,7550,40337,-0.010484927916120546
2023-06-09,7540,7950,7490,7760,241611,0.027814569536423805
2023-06-12,7870,8010,7690,7900,115088,0.018041237113401998
2023-06-13,7870,8070,7780,7880,154129,-0.0025316455696202667
2023-06-14,7900,8280,7810,8260,521803,0.048223350253807196
2023-06-15,8250,8500,8130,8480,348545,0.026634382566586012
2023-06-16,8500,8540,8200,8400,171392,-0.009433962264150941
2023-06-19,8400,8570,8160,8520,166942,0.014285714285714235
2023-06-20,8550,9110,8200,8540,777494,0.0023474178403755097
2023-06-21,8530,8720,8210,8520,387845,-0.0023419203747072626
2023-06-22,9130,9280,8310,8500,974252,-0.0023474178403756207
2023-06-23,8360,8690,8330,8630,226697,0.015294117647058902
2023-06-26,8450,8750,7650,7650,329398,-0.11355735805330247
2023-06-27,7550,7980,7550,7830,126052,0.0235294117647058
2023-06-28,7870,8600,7420,7670,501687,-0.020434227330779042
2023-06-29,7610,7800,7440,7480,106656,-0.024771838331160367
2023-06-30,7430,7570,7130,7280,116823,-0.0267379679144385
2023-07-03,7220,7320,7100,7130,99583,-0.020604395604395642
2023-07-04,7090,7090,6810,6900,114203,-0.032258064516129004
2023-07-05,6900,7000,6610,6710,76124,-0.02753623188405796
2023-07-06,6770,6810,6380,6470,99694,-0.03576751117734722
2023-07-07,6470,6560,6250,6380,46083,-0.01391035548686248
2023-07-10,6330,6650,6260,6530,61813,0.023510971786833812
2023-07-11,6530,6660,6400,6490,50689,-0.006125574272588086
2023-07-12,6450,6480,6200,6370,53530,-0.018489984591679498
2023-07-13,6380,6540,6370,6510,42076,0.0219780219780219
2023-07-14,6580,6580,6180,6230,65180,-0.043010752688172005
2023-07-17,6160,6210,5850,6080,60486,-0.024077046548956704
2023-07-18,6160,6160,5920,5920,45769,-0.02631578947368418
2023-07-19,5940,5960,5650,5910,65176,-0.0016891891891891442
2023-07-20,5880,5970,5820,5910,32159,0.0
2023-07-21,5940,5940,5660,5680,48006,-0.03891708967851104
2023-07-24,5600,5650,5350,5460,77675,-0.03873239436619713
2023-07-25,5400,5670,5400,5460,46797,0.0
2023-07-26,5390,5440,5000,5090,101843,-0.06776556776556775
2023-07-27,4920,5950,4920,5380,84979,0.056974459724950854
2023-07-28,5390,5750,5390,5590,35006,0.0390334572490707
2023-07-31,5600,5710,5200,5690,33549,0.017889087656529412
2023-08-01,5720,5990,5590,5720,33370,0.005272407732864748
2023-08-02,5820,5840,5400,5500,38075,-0.038461538461538436
2023-08-03,5400,5510,5250,5430,21056,-0.012727272727272698
2023-08-04,5340,5620,5320,5540,28219,0.0202578268876612
2023-08-07,5690,5690,5440,5490,23264,-0.009025270758122761
2023-08-08,5490,5720,5360,5440,29193,-0.00910746812386154
2023-08-09,5440,5590,5380,5530,11850,0.016544117647058876
2023-08-10,5590,6140,5460,5900,205526,0.06690777576853524
2023-08-11,5850,6030,5850,5920,64046,0.003389830508474523
2023-08-14,6190,6540,5770,6440,137693,0.08783783783783794
2023-08-16,6440,6440,5880,5900,112621,-0.08385093167701863
2023-08-17,5900,6020,5530,5600,36196,-0.05084745762711862
2023-08-18,5720,5950,5360,5400,42441,-0.0357142857142857
2023-08-21,5290,5580,5260,5420,15380,0.0037037037037037646
2023-08-22,5500,5500,5060,5320,53129,-0.01845018450184499
2023-08-23,5270,5490,5200,5300,21024,-0.003759398496240629
2023-08-24,5310,5410,5280,5360,17945,0.01132075471698113
2023-08-25,5590,5590,5250,5270,31752,-0.016791044776119368
2023-08-28,5430,5470,5280,5470,37525,0.03795066413662229
2023-08-29,5680,6150,5460,5680,273546,0.03839122486288837
2023-08-30,5690,5840,5590,5720,51544,0.007042253521126751
2023-08-31,5700,5980,5600,5770,71753,0.00874125874125875
2023-09-01,5770,5960,5500,5750,44849,-0.0034662045060658286
2023-09-04,5740,5870,5430,5460,83790,-0.050434782608695605
2023-09-05,5460,5590,5110,5270,33491,-0.034798534798534786
2023-09-06,5220,5320,5200,5250,34303,-0.003795066413662229
2023-09-07,5270,5340,5190,5210,16899,-0.007619047619047636
2023-09-08,5210,5360,5190,5190,25508,-0.0038387715930902067
2023-09-11,5280,5440,5150,5410,31770,0.042389210019267765
2023-09-12,5550,5640,5250,5280,58391,-0.02402957486136781
2023-09-13,5200,5410,5080,5200,42997,-0.015151515151515138
2023-09-14,5200,5200,5090,5160,16259,-0.007692307692307665
2023-09-15,5300,5300,5110,5150,20272,-0.0019379844961240345
2023-09-18,5160,5250,5070,5090,12712,-0.011650485436893177
2023-09-19,5090,5140,5000,5010,29677,-0.015717092337917515
2023-09-20,5060,5170,5000,5040,24952,0.0059880239520957446
2023-09-21,5060,5060,4900,4925,27154,-0.022817460317460347
2023-09-22,4800,4950,4800,4895,20963,-0.006091370558375608
2023-09-25,4950,4950,4705,4780,27206,-0.023493360572012234
2023-09-26,4780,4820,4705,4775,7571,-0.0010460251046024993
2023-09-27,4755,5020,4625,4930,14136,0.032460732984293195
2023-10-04,4960,5000,4785,4790,17534,-0.028397565922920864
2023-10-05,4790,4845,4740,4750,9851,-0.008350730688935326
2023-10-06,4780,4910,4735,4750,8721,0.0
2023-10-10,4870,4915,4720,4730,12276,-0.004210526315789442
2023-10-11,4740,4880,4725,4775,18539,0.009513742071881603
2023-10-12,4870,4870,4750,4780,13175,0.0010471204188482464
2023-10-13,4785,4790,4620,4710,13071,-0.014644351464435101
2023-10-16,4720,4720,4440,4600,30782,-0.023354564755838636
2023-10-17,4540,4695,4540,4695,9483,0.020652173913043415
2023-10-18,4695,4695,4540,4560,11475,-0.028753993610223683
2023-10-19,4460,4555,4400,4450,17684,-0.02412280701754388
2023-10-20,4280,4415,4190,4390,27551,-0.013483146067415741
2023-10-23,4305,4390,4110,4170,10565,-0.05011389521640086
2023-10-24,4170,4330,4075,4185,10729,0.003597122302158251
2023-10-25,4290,4330,4140,4140,15054,-0.010752688172043001
2023-10-26,4120,4535,4090,4235,76215,0.022946859903381744
2023-10-27,4235,4500,4165,4210,32393,-0.005903187721369552
2023-10-30,4250,4400,4205,4280,16625,0.016627078384798155
2023-10-31,4320,4495,4270,4270,20513,-0.002336448598130869
2023-11-01,4270,4480,4255,4300,13546,0.007025761124121788
2023-11-02,4340,4400,4300,4380,14440,0.018604651162790642
2023-11-03,4380,4480,4300,4445,14953,0.014840182648401923
2023-11-06,4445,4530,4385,4500,18143,0.012373453318335281
2023-11-07,4570,4570,4300,4485,19791,-0.0033333333333332993
2023-11-08,4400,4505,4400,4440,7125,-0.010033444816053505
2023-11-09,4485,4600,4445,4475,15012,0.007882882882882969
2023-11-10,4305,4515,4305,4495,9019,0.004469273743016755
2023-11-13,4450,4495,4310,4310,9000,-0.04115684093437155
2023-11-14,4310,4395,4285,4345,14936,0.008120649651972123
2023-11-15,4450,4500,4385,4425,6913,0.018411967779056404
2023-11-16,4485,4485,4430,4470,9388,0.01016949152542379
2023-11-17,4470,4520,4405,4445,7573,-0.005592841163310935
2023-11-20,4455,4735,4175,4590,65967,0.03262092238470182
2023-11-21,4545,4830,4495,4820,65891,0.050108932461873534
2023-11-22,4770,4920,4695,4880,40917,0.012448132780082943
2023-11-23,4880,4940,4705,4765,38860,-0.023565573770491843
2023-11-24,4805,4830,4700,4830,12608,0.01364113326337879
2023-11-27,4740,4880,4715,4735,25985,-0.019668737060041352
2023-11-28,4780,4855,4610,4630,18851,-0.022175290390707536
2023-11-29,4670,4670,4560,4645,10809,0.003239740820734305
2023-11-30,4645,4760,4575,4620,12142,-0.005382131324004336
2023-12-01,4620,4900,4615,4685,12598,0.01406926406926412
2023-12-04,4930,5150,4505,4885,104039,0.042689434364994616
2023-12-05,4885,4885,4570,4780,31501,-0.02149437052200609
2023-12-06,4745,4950,4705,4870,33389,0.01882845188284521
2023-12-07,4910,4915,4695,4715,33362,-0.03182751540041073
2023-12-08,4750,4800,4600,4725,37608,0.0021208907741250282
2023-12-11,4725,4875,4485,4815,39033,0.01904761904761898
2023-12-12,4770,4850,4720,4770,36607,-0.009345794392523366
2023-12-13,4765,4770,4665,4665,35555,-0.022012578616352196
2023-12-14,4810,4810,4665,4680,9959,0.003215434083601254
2023-12-15,4680,4795,4635,4750,14918,0.014957264957264904
2023-12-18,4800,4920,4745,4815,17653,0.013684210526315743
2023-12-19,4850,4860,4700,4770,18914,-0.009345794392523366
2023-12-20,4730,4810,4725,4775,10221,0.0010482180293500676
2023-12-21,4810,5700,4760,4995,825756,0.04607329842931929
2023-12-22,5090,5090,4900,4940,56025,-0.011011011011010985
2023-12-26,5000,5170,4905,5100,78477,0.03238866396761142
2023-12-27,5100,5170,4995,5130,33347,0.00588235294117645
2023-12-28,5140,5200,5040,5140,27788,0.0019493177387914784
2024-01-02,5140,5370,5130,5370,68766,0.04474708171206232
2024-01-03,5440,5970,5240,5650,517199,0.05214152700186214
2024-01-04,5950,6000,5510,5590,198752,-0.010619469026548645
2024-01-05,5520,5590,5460,5560,53386,-0.00536672629695889
2024-01-08,5510,5740,5500,5680,73773,0.021582733812949728
2024-01-09,5680,5720,5510,5570,53502,-0.01936619718309862
2024-01-10,5680,5680,5360,5480,55041,-0.016157989228007152
2024-01-11,5430,5580,5250,5350,64749,-0.02372262773722633
2024-01-12,5270,5310,5130,5200,33196,-0.028037383177570097
2024-01-15,5150,5300,5060,5220,24386,0.0038461538461538325
2024-01-16,5220,5320,5030,5200,37773,-0.003831417624521105
2024-01-17,5130,5170,4825,4855,63941,-0.06634615384615383
2024-01-18,5150,5550,5000,5220,295756,0.0751802265705459
2024-01-19,5210,5360,5080,5230,62451,0.0019157088122605526
2024-01-22,5280,5310,5040,5180,47052,-0.009560229445506718
2024-01-23,5180,5180,4920,5100,31071,-0.015444015444015413
2024-01-24,5100,5190,4965,5000,35260,-0.019607843137254943
2024-01-25,4955,4970,4710,4805,38634,-0.039000000000000035
2024-01-26,4780,4805,4605,4805,15975,0.0
2024-01-29,4865,4865,4655,4730,19714,-0.015608740894901163
2024-01-30,4730,4750,4610,4735,15726,0.0010570824524311906
2024-01-31,4745,4770,4620,4650,8954,-0.017951425554382228
2024-02-01,4650,4650,4505,4595,33649,-0.011827956989247324
2024-02-02,4600,4700,4455,4670,15908,0.016322089227421177
2024-02-05,4700,4740,4615,4720,23627,0.010706638115631772
2024-02-06,4765,4765,4550,4650,13085,-0.014830508474576232
2024-02-07,4700,4710,4600,4600,14433,-0.010752688172043001
2024-02-08,4725,4730,4570,4630,7615,0.006521739130434856
2024-02-13,4675,4840,4675,4760,23872,0.02807775377969768
2024-02-14,4760,4845,4755,4825,20723,0.013655462184873901
2024-02-15,4825,4840,4725,4760,16776,-0.013471502590673534
2024-02-16,4760,4800,4725,4790,11280,0.006302521008403339
2024-02-19,4810,4820,4760,4760,17471,-0.006263048016701411
2024-02-20,4840,4840,4615,4695,8374,-0.013655462184873901
2024-02-21,4740,6100,4740,5190,2767024,0.10543130990415328
2024-02-22,5190,5310,5010,5080,188518,-0.021194605009633882
2024-02-23,5040,5190,4950,5070,93009,-0.0019685039370078705
2024-02-26,5070,5300,4990,5170,111511,0.019723865877712132
2024-02-27,5100,5160,4900,5020,89419,-0.029013539651837505
2024-02-28,5020,5240,4960,5160,59951,0.027888446215139417
2024-02-29,5190,5520,5050,5150,272250,-0.0019379844961240345
2024-03-04,5150,5260,5050,5150,41533,0.0
2024-03-05,5050,5150,4930,5070,41730,-0.01553398058252431
2024-03-06,5180,5270,4810,4870,95831,-0.03944773175542404
2024-03-07,4880,4880,4620,4725,68363,-0.02977412731006157
2024-03-08,4725,4820,4600,4600,31165,-0.02645502645502651
2024-03-11,4650,4825,4650,4695,28065,0.020652173913043415
2024-03-12,4750,4750,4620,4680,24318,-0.0031948881789137795
2024-03-13,4680,4855,4610,4820,29205,0.029914529914529808
2024-03-14,4775,4915,4775,4890,17676,0.014522821576763434
2024-03-15,4890,4890,4705,4735,21079,-0.0316973415132924
2024-03-18,4700,4795,4660,4675,13551,-0.012671594508975703
2024-03-19,4700,4750,4635,4685,10377,0.002139037433155133
2024-03-20,4630,4790,4630,4720,19926,0.007470651013874008
2024-03-21,4720,4740,4600,4665,25621,-0.01165254237288138
2024-03-22,4700,4765,4635,4695,13129,0.006430868167202508
2024-03-25,4665,4685,4590,4605,20885,-0.019169329073482455
2024-03-26,4605,4640,4590,4640,16275,0.007600434310532034
2024-03-27,4610,4715,4595,4715,10973,0.016163793103448176
2024-03-28,4715,4720,4655,4655,17857,-0.012725344644750836
2024-03-29,4710,4720,4610,4620,11038,-0.007518796992481258
2024-04-01,4660,4795,4640,4770,22581,0.032467532467532534
2024-04-02,4875,4875,4600,4700,16740,-0.014675052410901501
2024-04-03,4690,4690,4600,4615,14610,-0.018085106382978777
2024-04-04,4615,4650,4595,4650,11289,0.007583965330444142
2024-04-05,4690,4755,4605,4650,13788,0.0
2024-04-08,4605,4640,4500,4500,28378,-0.032258064516129004
2024-04-09,4400,4700,4350,4510,15523,0.0022222222222221255
2024-04-11,4555,4575,4490,4535,9639,0.005543237250554389
2024-04-12,4580,4580,4415,4415,14123,-0.026460859977949336
2024-04-15,4350,4455,4340,4345,11531,-0.015855039637599044
2024-04-16,4345,4345,4155,4165,14582,-0.04142692750287691
2024-04-17,4205,4855,4180,4270,166244,0.025210084033613356
2024-04-18,4270,4400,4250,4305,12505,0.008196721311475308
2024-04-19,4310,4565,4310,4360,17390,0.012775842044134622
2024-04-22,4360,4415,4355,4365,5747,0.0011467889908256534
2024-04-23,4405,4600,4405,4430,6005,0.014891179839633395
2024-04-24,4470,4570,4430,4555,10988,0.028216704288938965
2024-04-25,4565,4620,4480,4605,15002,0.010976948408342402
2024-04-26,4790,4865,4535,4605,40166,0.0
2024-04-29,4700,4700,4565,4610,6010,0.0010857763300760048
2024-04-30,4650,4650,4510,4600,35606,-0.002169197396963085
2024-05-02,4550,4700,4510,4555,28350,-0.009782608695652173
2024-05-03,4555,4755,4525,4590,9197,0.007683863885839637
2024-05-07,4710,4710,4505,4590,19588,0.0
2024-05-08,4630,4640,4495,4535,11711,-0.011982570806100212
2024-05-09,4535,4595,4410,4430,26732,-0.023153252480705655
2024-05-10,4470,4535,4380,4405,10150,-0.0056433408577878375
2024-05-13,4445,4450,4365,4375,7723,-0.006810442678774176
2024-05-14,4375,4495,4350,4400,10729,0.005714285714285783
2024-05-16,4425,4490,4300,4400,15409,0.0
2024-05-17,4555,4555,4365,4370,23171,-0.006818181818181834
2024-05-20,4370,4425,4340,4370,7858,0.0
2024-05-21,4405,4435,4290,4300,16241,-0.016018306636155555
2024-05-22,4340,4345,4250,4300,10092,0.0
2024-05-23,4345,4345,4255,4255,3736,-0.010465116279069764
2024-05-24,4210,4265,4200,4250,6786,-0.001175088131609825
2024-05-27,4245,4250,4215,4240,4989,-0.0023529411764705577
2024-05-28,4240,4275,4210,4230,3742,-0.002358490566037763
2024-05-29,4270,4455,4190,4190,13747,-0.009456264775413725
2024-05-30,4195,4280,4195,4250,9810,0.014319809069212486
2024-05-31,4265,4285,4235,4245,5681,-0.0011764705882353343
2024-06-03,4300,4315,4215,4260,18751,0.0035335689045936647
2024-06-04,4300,4310,4185,4305,24139,0.010563380281690238
2024-06-05,4315,4345,4175,4185,16219,-0.027874564459930307
2024-06-07,4190,4215,4165,4180,9172,-0.0011947431302270495
2024-06-10,4025,4150,3980,4035,33264,-0.03468899521531099
2024-06-11,4100,4110,3940,3985,15048,-0.012391573729863659
2024-06-12,3980,3980,3675,3675,82949,-0.07779171894604764
2024-06-13,3675,3860,3675,3780,29601,0.02857142857142847
2024-06-14,3795,4050,3735,3880,66599,0.02645502645502651
2024-06-17,3880,3880,3795,3860,10974,-0.005154639175257714
2024-06-18,3890,4045,3840,3885,10299,0.006476683937823857
2024-06-19,3885,3945,3130,3190,212091,-0.1788931788931789
2024-06-20,3370,4145,3345,4145,298236,0.29937304075235116
2024-06-21,4810,5300,3785,3795,3347244,-0.08443908323281057
2024-06-24,3960,4760,3800,4330,1807819,0.14097496706192358
2024-06-25,4260,4285,3990,4120,230283,-0.0484988452655889
2024-06-26,4150,4150,3920,4070,110252,-0.012135922330097082
2024-06-27,4150,4180,3785,3850,138116,-0.05405405405405406
2024-06-28,3815,4360,3815,3860,317868,0.0025974025974024872
2024-07-01,3965,4150,3770,3880,132617,0.005181347150259086
2024-07-02,3875,3875,3590,3680,90844,-0.05154639175257736
2024-07-03,3680,3680,3395,3395,67126,-0.07744565217391308
2024-07-04,3425,3595,3325,3490,47478,0.027982326951399017
2024-07-05,3470,3530,3410,3440,32856,-0.014326647564469885
2024-07-08,3460,3475,3390,3460,20265,0.005813953488372103
2024-07-09,3490,3495,3410,3445,33561,-0.00433526011560692
2024-07-10,3420,3500,3405,3460,28931,0.004354136429608024
2024-07-11,3460,3500,3410,3470,31512,0.0028901734104045396
2024-07-12,3440,3500,3415,3415,24723,-0.015850144092218965
2024-07-15,3395,3545,3395,3540,31292,0.03660322108345526
2024-07-16,3540,3625,3380,3440,46822,-0.02824858757062143
2024-07-17,3440,3570,3375,3530,37023,0.026162790697674465
2024-07-18,3670,3670,3410,3430,27525,-0.028328611898016942
2024-07-19,3430,3620,3415,3490,12177,0.017492711370262315
2024-07-22,3490,3590,3425,3455,18875,-0.01002865329512892
2024-07-23,3485,3485,3075,3235,120693,-0.06367583212735162
2024-07-24,3235,3265,3100,3130,26872,-0.03245749613601234
2024-07-25,3140,3205,3025,3100,31706,-0.009584664536741228
2024-07-26,3105,3195,3090,3110,11386,0.003225806451612856
2024-07-29,3140,3160,3075,3160,14280,0.016077170418006492
2024-07-30,3185,3225,3085,3160,23393,0.0
2024-07-31,3160,3175,3100,3150,11727,-0.0031645569620253333
2024-08-01,3170,3265,3150,3205,24990,0.0174603174603174
2024-08-02,3205,3205,3105,3145,9674,-0.018720748829953227
2024-08-05,3005,3135,2705,2900,31974,-0.07790143084260737
2024-08-06,2650,3050,2650,3000,46916,0.034482758620689724
2024-08-07,3000,3060,2930,3000,29763,0.0
2024-08-08,3000,3060,2950,3020,12342,0.006666666666666599
2024-08-09,3020,3095,3020,3090,12590,0.023178807947019875
2024-08-12,2980,3150,2980,3125,19257,0.01132686084142387
2024-08-13,3125,3140,3065,3140,17945,0.0047999999999999154
2024-08-14,3140,3295,3060,3270,20380,0.04140127388535042
2024-08-16,3270,3280,3245,3270,6108,0.0
2024-08-19,3270,3490,3270,3390,41674,0.03669724770642202
2024-08-20,3390,3430,3285,3355,19047,-0.010324483775811188
2024-08-21,3390,3415,3245,3250,23326,-0.03129657228017879
2024-08-22,3275,3600,3210,3220,36826,-0.009230769230769265
2024-08-23,3220,3415,3220,3395,19557,0.05434782608695654
2024-08-26,3430,3645,3200,3395,99961,0.0
2024-08-27,3395,3570,3380,3535,38477,0.04123711340206193
2024-08-28,3700,3705,3415,3510,69873,-0.007072135785007094
2024-08-29,3480,3650,3250,3410,46781,-0.028490028490028463
2024-08-30,3375,3430,3290,3420,17999,0.0029325513196480912
2024-09-02,3420,3490,3385,3390,9196,-0.00877192982456143
2024-09-03,3415,3415,3305,3320,12175,-0.020648967551622377
2024-09-04,3320,3355,3035,3240,19546,-0.02409638554216864
2024-09-05,3210,3240,3150,3155,4212,-0.026234567901234573
2024-09-06,3155,3190,3005,3080,17945,-0.023771790808240878
2024-09-09,3070,3075,2965,3045,4130,-0.011363636363636354
2024-09-10,3045,3075,3015,3030,8283,-0.0049261083743842304
2024-09-11,3050,3175,3050,3085,14184,0.018151815181518094
2024-09-12,3105,3420,3085,3405,34022,0.1037277147487845
2024-09-13,3405,3610,3335,3460,27475,0.01615271659324513
2024-09-19,3480,3935,3300,3465,206871,0.0014450867052022698
2024-09-20,3615,3615,3400,3565,31406,0.02886002886002892
2024-09-23,3565,3640,3450,3570,24825,0.0014025245441795509
2024-09-24,3570,3650,3520,3560,16801,-0.0028011204481792618
2024-09-25,3565,3640,3475,3600,17119,0.011235955056179803
2024-09-26,3560,3620,3370,3585,11284,-0.004166666666666652
2024-09-27,3515,3650,3480,3580,13270,-0.001394700139469962
2024-09-30,3575,3640,3530,3585,12207,0.0013966480446927498
2024-10-02,3545,3690,3480,3605,14613,0.00557880055788007
2024-10-04,3715,3745,3605,3700,41160,0.026352288488210807
2024-10-07,3995,3995,3700,3820,68308,0.03243243243243232
2024-10-08,3815,3890,3795,3855,22067,0.009162303664921545
2024-10-10,3855,3895,3840,3885,17022,0.0077821011673151474
2024-10-11,3910,4195,3885,4085,82971,0.051480051480051525
2024-10-14,4100,4595,4100,4310,182876,0.055079559363525155
2024-10-15,4960,5590,3825,4445,3130027,0.03132250580046403
2024-10-16,4400,4520,3965,4125,336370,-0.07199100112485934
2024-10-17,4045,4245,3850,3900,108056,-0.054545454545454564
2024-10-18,3900,4030,3740,3905,55552,0.0012820512820512775
2024-10-21,3905,4135,3895,4040,51864,0.03457106274007682
2024-10-22,3995,4090,3960,3990,31212,-0.012376237623762387
2024-10-23,4065,4320,3990,4270,55799,0.07017543859649122
2024-10-24,4270,4400,4100,4125,38480,-0.03395784543325531
2024-10-25,4135,4250,4105,4170,21568,0.01090909090909098
2024-10-28,4160,4500,4160,4355,58883,0.04436450839328532
2024-10-29,4350,4465,4325,4330,41801,-0.00574052812858783
2024-10-30,4335,4490,4330,4390,21098,0.01385681293302543
2024-10-31,4375,4880,4370,4735,177756,0.07858769931662879
2024-11-01,4705,4705,4360,4370,80841,-0.07708553326293555
2024-11-04,4365,4770,4300,4690,86420,0.07322654462242562
2024-11-05,4650,4820,4645,4790,48735,0.021321961620469176
2024-11-06,4745,4810,4655,4680,43292,-0.022964509394572064
2024-11-07,4680,4800,4605,4605,30735,-0.01602564102564108
2024-11-08,4605,4650,4445,4525,28653,-0.017372421281216077
2024-11-11,4480,4525,4265,4520,27890,-0.0011049723756906271
2024-11-12,4475,4475,4180,4180,33096,-0.0752212389380531
2024-11-13,4165,4190,3700,3905,91196,-0.06578947368421051
2024-11-14,3905,4160,3710,3980,16123,0.019206145966709443
2024-11-15,3860,3990,3710,3970,11292,-0.002512562814070307
2024-11-18,3875,4200,3645,4115,11188,0.03652392947103267
2024-11-19,4015,4355,4015,4100,11844,-0.0036452004860266785
2024-11-20,3990,4355,3990,4025,6575,-0.018292682926829285
2024-11-21,4025,4025,3880,3950,38572,-0.018633540372670843
2024-11-22,3950,4150,3930,4040,20008,0.022784810126582178
2024-11-25,4015,4075,3825,3980,9989,-0.014851485148514865
2024-11-26,3980,4085,3850,3985,14864,0.0012562814070351536
2024-11-27,3985,4470,3860,4025,30477,0.010037641154328814
2024-11-28,4030,4035,3940,3940,17702,-0.02111801242236022
2024-11-29,3935,3980,3800,3910,20001,-0.0076142131979695105
2024-12-02,3905,3990,3805,3805,8312,-0.026854219948849067
2024-12-03,3805,3905,3775,3810,6179,0.0013140604467805073
2024-12-04,3810,3900,3550,3830,20406,0.005249343832020914
2024-12-05,3830,3830,3730,3730,7639,-0.026109660574412552
2024-12-06,3735,3770,3455,3630,64882,-0.02680965147453085
2024-12-09,3570,3570,3340,3345,23689,-0.07851239669421484
2024-12-10,3340,3485,3305,3450,27279,0.03139013452914807
2024-12-11,3450,4485,3445,4485,324576,0.30000000000000004
2024-12-12,4900,5500,4450,4755,1180598,0.06020066889632103
2024-12-13,4800,5300,4630,5300,494069,0.11461619348054675
2024-12-16,5470,5760,4935,5280,419155,-0.0037735849056603765
2024-12-17,5130,5470,5100,5240,94021,-0.007575757575757569
2024-12-18,5190,5190,4700,5000,117860,-0.04580152671755722
2024-12-19,4970,5110,4875,4975,55103,-0.0050000000000000044
2024-12-20,5000,5170,4755,4890,90113,-0.0170854271356784
2024-12-23,4740,4950,4740,4870,56053,-0.004089979550102263
2024-12-24,4870,4980,4685,4695,70392,-0.035934291581108835
2024-12-26,4695,4770,4675,4715,33802,0.004259850905218299
2024-12-27,4715,4765,4570,4680,46385,-0.007423117709437932
2024-12-30,4515,4900,4500,4735,28440,0.01175213675213671
2025-01-02,5000,5050,4700,5050,95123,0.06652587117212239
2025-01-03,4970,5230,4930,5150,53881,0.01980198019801982
2025-01-06,5270,5270,4905,4985,36697,-0.03203883495145632
2025-01-07,4985,5040,4925,4985,31767,0.0
2025-01-08,5020,5020,4805,4950,41168,-0.007021063189568744
2025-01-09,5000,5000,4805,4980,24212,0.0060606060606061
2025-01-10,4980,5010,4850,4915,48812,-0.013052208835341417
2025-01-13,4900,4910,4715,4870,40337,-0.00915564598168872
2025-01-14,4835,5070,4785,4985,23991,0.02361396303901442
2025-01-15,4985,5100,4855,4890,30172,-0.01905717151454367
2025-01-16,5040,5040,4840,4880,39381,-0.002044989775051076
2025-01-17,4835,5120,4835,5060,75644,0.03688524590163933
2025-01-20,5130,5230,4980,5140,47305,0.015810276679841806
2025-01-21,5180,5260,5060,5060,30336,-0.015564202334630295
2025-01-22,5060,5200,5010,5080,33444,0.0039525691699604515
2025-01-23,5020,5180,5020,5100,31769,0.003937007874015741
2025-01-24,5160,5280,5040,5250,50706,0.02941176470588225
2025-01-31,5250,5250,4960,4980,58336,-0.05142857142857138
2025-02-03,4980,4980,4700,4820,38375,-0.032128514056224855
2025-02-04,4850,5100,4810,4820,37705,0.0
2025-02-05,4820,4995,4810,4935,20254,0.02385892116182564
2025-02-06,4990,5000,4860,4965,19366,0.006079027355623046
2025-02-07,4960,5090,4895,4990,18108,0.0050352467270895485
2025-02-10,5040,5040,4805,4995,6105,0.0010020040080160886
2025-02-11,5050,5050,4865,4940,11687,-0.011011011011010985
2025-02-12,4940,5040,4850,4985,18762,0.009109311740890691
2025-02-13,5070,5200,4920,5100,27832,0.02306920762286868
2025-02-14,5200,5230,5070,5200,35468,0.019607843137254832
2025-02-17,5170,5320,5160,5280,31571,0.01538461538461533
2025-02-18,5280,5290,5140,5270,15442,-0.0018939393939394478
2025-02-19,5230,5370,5200,5310,57888,0.007590132827324458
2025-02-20,5400,5410,5170,5410,41695,0.01883239171374762
2025-02-21,5500,5880,5410,5690,110770,0.05175600739371533
2025-02-24,5690,6250,5620,6230,143288,0.09490333919156413
2025-02-25,6170,6600,6070,6490,141704,0.04173354735152479
2025-02-26,6450,6490,6180,6410,81167,-0.012326656394452962
2025-02-27,6410,6600,6210,6290,69441,-0.018720748829953227
2025-02-28,6240,6550,6170,6250,70992,-0.006359300476947549
2025-03-04,6270,6640,6160,6580,52791,0.05279999999999996
2025-03-05,6570,6620,6300,6440,59881,-0.021276595744680882
2025-03-06,6450,6530,6250,6430,38664,-0.0015527950310558758
2025-03-07,6460,6550,6100,6220,81075,-0.03265940902021769
2025-03-10,6210,6530,5810,6440,42704,0.03536977491961424
2025-03-11,6430,6600,6160,6270,59191,-0.026397515527950333
2025-03-12,6130,6420,6130,6390,29227,0.019138755980861344
2025-03-13,6390,6500,6280,6440,29391,0.00782472613458518
2025-03-14,6440,6720,6300,6690,57802,0.03881987577639756
2025-03-17,6630,6790,6350,6590,58013,-0.014947683109118093
2025-03-18,6590,7070,6420,7040,78584,0.06828528072837625
2025-03-19,6850,7360,6830,7240,76344,0.02840909090909083
2025-03-20,7110,7280,5070,6170,1240485,-0.14779005524861877
2025-03-21,6150,6470,6050,6280,139005,0.017828200972447306
2025-03-24,6270,6580,6030,6470,57148,0.030254777070063632
2025-03-25,6470,6550,6090,6150,79433,-0.04945904173106641
2025-03-26,6150,6200,5540,6050,140522,-0.016260162601625994
2025-03-27,6600,7150,6300,6780,241037,0.1206611570247933
2025-03-28,6780,7050,6590,6710,43596,-0.010324483775811188
2025-03-31,6830,6830,6150,6150,63814,-0.08345752608047685
2025-04-01,6400,6980,6040,6780,140954,0.102439024390244
2025-04-02,6650,6830,6300,6390,75672,-0.05752212389380529
2025-04-03,6330,6700,6250,6520,51757,0.020344287949921824
2025-04-04,6800,7770,6150,7100,414965,0.08895705521472386
2025-04-07,7110,8070,7090,7300,655524,0.028169014084507005
2025-04-08,7400,7650,6910,7250,225306,-0.006849315068493178
2025-04-09,7530,7540,6930,7000,104028,-0.03448275862068961
2025-04-10,6980,7290,6880,7150,92064,0.021428571428571352
2025-04-11,6980,7250,6860,7170,82507,0.002797202797202747
2025-04-14,7170,7180,6600,6900,88110,-0.03765690376569042
2025-04-15,7000,7000,6600,6780,61557,-0.017391304347826098
2025-04-16,6950,6950,6410,6420,64352,-0.053097345132743334
2025-04-17,6210,6640,6210,6450,42567,0.004672897196261738
2025-04-18,6360,6740,6240,6650,32466,0.03100775193798455
2025-04-21,6770,6830,6260,6440,58242,-0.03157894736842104
2025-04-22,6440,6900,6260,6460,117416,0.0031055900621117516
2025-04-23,6470,6500,6130,6250,40012,-0.03250773993808054
2025-04-24,6250,6420,6110,6150,37792,-0.016000000000000014
2025-04-25,6390,6390,6130,6130,20915,-0.003252032520325243
2025-04-28,6080,6330,5850,5980,45711,-0.024469820554649302
2025-04-29,5980,6290,5940,6230,26956,0.041806020066889715
2025-04-30,6310,6310,6030,6170,29912,-0.009630818619582704
2025-05-02,6250,6270,5970,6140,21423,-0.004862236628849326
2025-05-07,6240,6240,5970,6110,20611,-0.004885993485342022
2025-05-08,6000,6120,5940,6030,15740,-0.013093289689034338
