Date,Open,High,Low,Close,Volume,Change
2022-01-03,6920,6930,6780,6790,361001,-0.021613832853025983
2022-01-04,6810,6840,6710,6740,199010,-0.007363770250368162
2022-01-05,6750,6760,6620,6630,224136,-0.016320474777448024
2022-01-06,6590,6710,6530,6550,171829,-0.012066365007541435
2022-01-07,6600,6640,6560,6600,83388,0.007633587786259444
2022-01-10,6590,6640,6410,6490,170234,-0.01666666666666672
2022-01-11,6450,6510,6380,6420,132061,-0.01078582434514641
2022-01-12,6450,6540,6380,6480,74698,0.009345794392523255
2022-01-13,6570,6570,6470,6500,68296,0.0030864197530864335
2022-01-14,6450,6480,6380,6410,90821,-0.013846153846153841
2022-01-17,6420,6470,6300,6330,124684,-0.012480499219968744
2022-01-18,6350,6380,6210,6240,122578,-0.014218009478673022
2022-01-19,6200,6310,6170,6200,94813,-0.0064102564102563875
2022-01-20,6170,6280,6170,6240,66755,0.006451612903225712
2022-01-21,6270,6300,6180,6230,91091,-0.0016025641025640969
2022-01-24,6200,6290,6010,6100,149498,-0.020866773675762396
2022-01-25,6060,6150,5830,5900,262847,-0.032786885245901676
2022-01-26,5840,5940,5820,5840,98034,-0.01016949152542368
2022-01-27,5810,5910,5580,5640,182899,-0.03424657534246578
2022-01-28,5690,5790,5580,5790,118489,0.02659574468085113
2022-02-03,5930,5930,5800,5840,100315,0.008635578583765069
2022-02-04,5800,5940,5780,5930,98297,0.015410958904109595
2022-02-07,5980,6080,5910,6030,75317,0.01686340640809436
2022-02-08,6050,6190,6020,6090,106755,0.00995024875621886
2022-02-09,6150,6280,6110,6190,62070,0.016420361247947435
2022-02-10,6220,6220,6110,6140,42437,-0.008077544426494332
2022-02-11,6060,6300,6000,6190,167166,0.008143322475570036
2022-02-14,6100,6160,5950,5980,92690,-0.03392568659127626
2022-02-15,6000,6040,5880,5950,74808,-0.0050167224080267525
2022-02-16,6020,6500,6020,6310,481141,0.060504201680672276
2022-02-17,6360,6470,6180,6330,224911,0.0031695721077653616
2022-02-18,6270,6440,6240,6360,145298,0.004739336492890933
2022-02-21,6310,6420,6190,6360,105846,0.0
2022-02-22,6210,6340,6190,6260,79064,-0.01572327044025157
2022-02-23,6270,6330,6240,6280,55485,0.0031948881789136685
2022-02-24,6260,6260,6110,6120,76881,-0.02547770700636942
2022-02-25,6250,6250,6170,6210,59148,0.014705882352941124
2022-02-28,6330,6390,6200,6260,56075,0.008051529790660261
2022-03-02,6180,6360,6180,6280,51739,0.0031948881789136685
2022-03-03,6350,6370,6270,6280,52370,0.0
2022-03-04,6280,6420,6270,6380,154782,0.015923566878981
2022-03-07,6330,6380,6230,6280,81538,-0.01567398119122254
2022-03-08,6250,6250,6090,6120,121665,-0.02547770700636942
2022-03-10,6210,6280,6130,6170,91456,0.008169934640522847
2022-03-11,6190,6220,6110,6160,67255,-0.0016207455429497752
2022-03-14,6150,6150,6000,6030,77752,-0.02110389610389607
2022-03-15,6030,6130,5990,6040,58914,0.0016583747927032544
2022-03-16,6130,6140,6010,6110,112684,0.011589403973509826
2022-03-17,6180,6290,6150,6240,182155,0.02127659574468077
2022-03-18,6220,6340,6190,6300,96709,0.009615384615384581
2022-03-21,6270,6340,6240,6240,69038,-0.00952380952380949
2022-03-22,6240,6450,6220,6400,122874,0.02564102564102555
2022-03-23,6430,6440,6320,6370,74846,-0.004687499999999956
2022-03-24,6300,6400,6300,6370,61601,0.0
2022-03-25,6420,6470,6350,6450,130741,0.012558869701726927
2022-03-28,6420,6450,6330,6360,81743,-0.013953488372092981
2022-03-29,6400,6410,6320,6340,62411,-0.0031446540880503138
2022-03-30,6310,6450,6290,6350,65908,0.001577287066246047
2022-03-31,6330,6430,6290,6390,80615,0.006299212598425141
2022-04-01,6340,6410,6300,6370,90910,-0.003129890453834161
2022-04-04,6370,6620,6340,6620,366511,0.03924646781789631
2022-04-05,6620,6710,6490,6560,155248,-0.009063444108761365
2022-04-06,6510,6530,6400,6450,114418,-0.01676829268292679
2022-04-07,6430,6440,6340,6400,77958,-0.007751937984496138
2022-04-08,6400,6430,6360,6390,57096,-0.0015625000000000222
2022-04-11,6370,6470,6370,6390,69351,0.0
2022-04-12,6370,6420,6290,6410,67567,0.003129890453834161
2022-04-13,6430,6490,6390,6450,64165,0.006240249609984483
2022-04-14,6480,6480,6400,6460,64751,0.0015503875968991832
2022-04-15,6460,6910,6350,6810,2777173,0.05417956656346745
2022-04-18,6650,6830,6580,6670,658926,-0.02055800293685761
2022-04-19,6690,6770,6650,6660,284837,-0.0014992503748125774
2022-04-20,6790,7160,6740,7070,3382492,0.06156156156156145
2022-04-21,7280,7320,7150,7210,1826602,0.01980198019801982
2022-04-22,7190,7400,7150,7370,917548,0.02219140083217752
2022-04-25,7300,7580,7210,7310,1320041,-0.008141112618724522
2022-04-26,7360,7400,7130,7260,594183,-0.0068399452804377425
2022-04-27,7040,7190,7030,7120,490802,-0.019283746556473802
2022-04-28,7200,7230,6910,6950,509761,-0.023876404494381998
2022-04-29,7030,7130,6960,7040,298141,0.012949640287769792
2022-05-02,7050,7430,7000,7280,1299021,0.03409090909090917
2022-05-03,7330,7340,7240,7300,551250,0.0027472527472527375
2022-05-04,7330,7480,7300,7380,1007154,0.010958904109588996
2022-05-06,7410,7560,7330,7420,1049291,0.005420054200542035
2022-05-09,7410,7530,6960,6980,1453097,-0.05929919137466311
2022-05-10,6850,7020,6710,7020,620723,0.005730659025787954
2022-05-11,6980,7150,6840,7080,492271,0.008547008547008517
2022-05-12,7050,7080,6810,6880,366866,-0.02824858757062143
2022-05-13,6960,7110,6920,7110,387912,0.03343023255813948
2022-05-16,7160,7280,7000,7000,773820,-0.015471167369901506
2022-05-17,6970,7050,6910,7000,405892,0.0
2022-05-18,7080,7090,6870,6880,306429,-0.017142857142857126
2022-05-19,6720,6780,6680,6730,445286,-0.021802325581395388
2022-05-20,6780,6970,6770,6960,327872,0.034175334323922835
2022-05-23,7040,7200,6960,6990,691867,0.004310344827586299
2022-05-24,6990,7030,6800,6810,325370,-0.025751072961373356
2022-05-25,7300,7730,6910,6910,4114998,0.014684287812041008
2022-05-26,6890,7040,6730,6760,801378,-0.02170767004341534
2022-05-27,6960,6960,6800,6810,430013,0.007396449704142105
2022-05-30,6880,6920,6850,6870,178248,0.008810572687224738
2022-05-31,7040,7040,6940,6950,417391,0.011644832605531397
2022-06-02,6950,7030,6910,6920,229745,-0.004316546762589968
2022-06-03,6970,6990,6900,6920,222827,0.0
2022-06-07,7030,7200,6970,7140,1277301,0.03179190751445082
2022-06-08,7180,7180,7050,7100,367945,-0.0056022408963585235
2022-06-09,7100,7100,6890,6940,352096,-0.022535211267605604
2022-06-10,6840,6980,6810,6850,214387,-0.012968299711815567
2022-06-13,6720,6720,6390,6390,535753,-0.06715328467153281
2022-06-14,6200,6370,6160,6310,347178,-0.012519561815336422
2022-06-15,6250,6350,6030,6060,317552,-0.03961965134706813
2022-06-16,6200,6280,6060,6080,214719,0.0033003300330032292
2022-06-17,5930,6130,5850,6080,144068,0.0
2022-06-20,6100,6110,5730,5820,271545,-0.042763157894736836
2022-06-21,5850,5950,5780,5890,126170,0.012027491408934665
2022-06-22,5950,6010,5510,5530,446607,-0.06112054329371819
2022-06-23,5460,5620,5260,5310,326982,-0.039783001808318286
2022-06-24,5270,5570,5270,5550,180520,0.04519774011299438
2022-06-27,5580,5770,5560,5750,146516,0.03603603603603611
2022-06-28,5740,5820,5660,5760,116686,0.0017391304347826875
2022-06-29,5650,5740,5610,5720,114359,-0.00694444444444442
2022-06-30,5730,5730,5560,5560,87563,-0.027972027972028024
2022-07-01,5580,5660,5410,5460,92092,-0.017985611510791366
2022-07-04,5490,5540,5150,5240,232809,-0.04029304029304026
2022-07-05,5320,5470,5250,5460,111545,0.041984732824427384
2022-07-06,5460,5460,5250,5310,237970,-0.027472527472527486
2022-07-07,5340,5440,5310,5440,117701,0.024482109227871973
2022-07-08,5460,5530,5440,5460,109948,0.003676470588235281
2022-07-11,5520,5550,5430,5460,82273,0.0
2022-07-12,5460,5460,5190,5260,145940,-0.03663003663003661
2022-07-13,5220,5330,5170,5300,93254,0.0076045627376426506
2022-07-14,5290,5390,5240,5350,56146,0.009433962264151052
2022-07-15,5360,5410,5240,5320,74633,-0.005607476635513975
2022-07-18,5380,5520,5340,5480,87259,0.03007518796992481
2022-07-19,5410,5590,5410,5530,81419,0.009124087591240837
2022-07-20,5600,5640,5500,5540,91543,0.001808318264014508
2022-07-21,5550,5660,5540,5620,145643,0.014440433212996373
2022-07-22,5680,5680,5560,5560,77353,-0.010676156583629859
2022-07-25,5530,5640,5520,5600,63270,0.007194244604316502
2022-07-26,5560,5770,5560,5750,128047,0.02678571428571419
2022-07-27,5740,5790,5720,5780,58714,0.00521739130434784
2022-07-28,5900,5910,5790,5830,112713,0.00865051903114189
2022-07-29,5890,5920,5820,5850,168929,0.0034305317324185847
2022-08-01,5870,5940,5820,5900,80606,0.008547008547008517
2022-08-02,5900,5930,5760,5820,87840,-0.013559322033898313
2022-08-03,5790,5920,5790,5870,98562,0.00859106529209619
2022-08-04,5920,5990,5890,5910,94335,0.006814310051107331
2022-08-05,6000,6000,5900,5900,74108,-0.0016920473773265332
2022-08-08,5890,5920,5810,5910,62386,0.0016949152542373724
2022-08-09,5870,5930,5860,5910,90011,0.0
2022-08-10,5890,6230,5860,6030,804040,0.020304568527918843
2022-08-11,6100,6140,5930,6070,222508,0.0066334991708125735
2022-08-12,6090,6160,6050,6120,138008,0.008237232289950658
2022-08-16,6200,6240,5910,5950,447970,-0.02777777777777779
2022-08-17,5970,6000,5800,5850,192643,-0.01680672268907568
2022-08-18,5850,5910,5770,5890,89439,0.006837606837606813
2022-08-19,5850,5920,5790,5800,67029,-0.015280135823429575
2022-08-22,5700,5740,5600,5610,121161,-0.03275862068965518
2022-08-23,5580,5600,5480,5500,112879,-0.019607843137254943
2022-08-24,5500,5600,5470,5560,83227,0.01090909090909098
2022-08-25,5600,5700,5590,5700,79251,0.02517985611510798
2022-08-26,5700,5750,5640,5710,91556,0.0017543859649122862
2022-08-29,5520,5790,5480,5520,244817,-0.03327495621716292
2022-08-30,5560,5580,5500,5570,64939,0.009057971014492683
2022-08-31,5570,5610,5490,5610,82003,0.007181328545780907
2022-09-01,5520,5610,5450,5450,109899,-0.028520499108734443
2022-09-02,5540,5550,5410,5450,79205,0.0
2022-09-05,5400,5490,5320,5330,70015,-0.022018348623853212
2022-09-06,5320,5540,5320,5500,80669,0.031894934333958735
2022-09-07,5440,5500,5330,5370,72198,-0.023636363636363678
2022-09-08,5400,5470,5380,5400,42144,0.005586592178770999
2022-09-13,5550,5570,5450,5560,76405,0.029629629629629672
2022-09-14,5400,5580,5370,5580,84117,0.003597122302158251
2022-09-15,5580,5640,5570,5600,88222,0.0035842293906809264
2022-09-16,5600,5730,5550,5600,141924,0.0
2022-09-19,5600,5660,5410,5430,93619,-0.03035714285714286
2022-09-20,5470,5530,5450,5460,56727,0.005524861878453136
2022-09-21,5460,5580,5420,5440,45775,-0.00366300366300365
2022-09-22,5380,5440,5260,5410,106917,-0.005514705882352922
2022-09-23,5400,5410,5180,5230,147546,-0.03327171903881698
2022-09-26,5150,5150,4850,5000,212704,-0.04397705544933084
2022-09-27,4905,5050,4800,4930,219854,-0.014000000000000012
2022-09-28,4970,4970,4590,4675,214261,-0.051724137931034475
2022-09-29,4725,4805,4600,4645,150192,-0.0064171122994652885
2022-09-30,4580,4740,4525,4740,170415,0.020452099031216253
2022-10-04,4765,4890,4740,4790,150669,0.010548523206751037
2022-10-05,4815,4860,4595,4640,170376,-0.03131524008350728
2022-10-06,4665,4765,4665,4755,75411,0.024784482758620774
2022-10-07,4700,4800,4670,4765,82636,0.002103049421661396
2022-10-11,4635,4650,4460,4590,162553,-0.036726128016789095
2022-10-12,4510,4750,4510,4600,109028,0.002178649237472685
2022-10-13,4610,4745,4350,4455,125004,-0.03152173913043477
2022-10-14,4600,4600,4505,4570,105472,0.02581369248035914
2022-10-17,4440,4620,4440,4620,166082,0.010940919037199182
2022-10-18,4655,4740,4595,4700,98022,0.017316017316017396
2022-10-19,4680,4750,4665,4710,104474,0.0021276595744681437
2022-10-20,4700,4760,4550,4635,73338,-0.015923566878980888
2022-10-21,4590,4620,4505,4570,72233,-0.014023732470334394
2022-10-24,4615,4670,4570,4635,103595,0.01422319474835887
2022-10-25,4600,4750,4600,4715,113961,0.01725997842502691
2022-10-26,4705,4730,4680,4705,130264,-0.0021208907741251393
2022-10-27,4710,4725,4670,4710,53155,0.0010626992561104665
2022-10-28,4695,4730,4675,4720,139547,0.002123142250530785
2022-10-31,4735,4800,4730,4770,97666,0.010593220338983134
2022-11-01,4730,4880,4730,4865,51859,0.01991614255765195
2022-11-02,4900,4900,4780,4840,63024,-0.005138746145940343
2022-11-03,4715,4845,4690,4820,39345,-0.004132231404958664
2022-11-04,4820,4845,4730,4745,66230,-0.01556016597510368
2022-11-07,4780,4830,4730,4815,81372,0.01475237091675452
2022-11-08,4815,4880,4800,4850,59328,0.007268951194184803
2022-11-09,4860,4895,4840,4880,62933,0.006185567010309256
2022-11-10,4875,4880,4815,4875,38429,-0.0010245901639344135
2022-11-11,4990,5010,4910,4955,158774,0.016410256410256396
2022-11-14,4955,4985,4895,4945,112177,-0.0020181634712411745
2022-11-15,4915,5000,4870,4980,83125,0.00707785642062686
2022-11-16,4995,5000,4900,4945,77710,-0.007028112449799173
2022-11-17,4940,4955,4830,4875,65247,-0.014155712841253831
2022-11-18,4875,4925,4805,4845,63831,-0.006153846153846176
2022-11-21,4855,4935,4770,4770,76904,-0.015479876160990669
2022-11-22,4770,4860,4760,4825,69960,0.011530398322851187
2022-11-23,4825,4870,4770,4860,79837,0.007253886010362587
2022-11-24,4880,4930,4865,4920,60585,0.012345679012345734
2022-11-25,4940,4945,4880,4935,46764,0.0030487804878047697
2022-11-28,4935,4935,4800,4800,43941,-0.027355623100303927
2022-11-29,4800,4875,4770,4845,26694,0.009374999999999911
2022-11-30,4845,4910,4845,4870,29051,0.005159958720330149
2022-12-01,4960,4965,4885,4945,70279,0.015400410677617993
2022-12-02,4960,4965,4905,4960,45126,0.0030333670374114163
2022-12-05,4995,5070,4900,4930,83258,-0.006048387096774244
2022-12-06,4940,4940,4805,4820,55287,-0.022312373225152116
2022-12-07,4780,4800,4695,4745,82350,-0.01556016597510368
2022-12-08,4710,4735,4610,4620,72209,-0.026343519494204437
2022-12-09,4620,4670,4605,4665,34699,0.009740259740259827
2022-12-12,4610,4650,4600,4630,41679,-0.007502679528403
2022-12-13,4630,4660,4605,4610,33806,-0.004319654427645814
2022-12-14,4660,4685,4610,4685,50003,0.01626898047722336
2022-12-15,4685,4695,4655,4655,37893,-0.006403415154749181
2022-12-16,4585,4640,4575,4610,32734,-0.009667024704618665
2022-12-19,4595,4645,4575,4585,16509,-0.005422993492407824
2022-12-20,4585,4600,4420,4420,106524,-0.03598691384950925
2022-12-21,4425,4455,4335,4360,89123,-0.013574660633484115
2022-12-22,4365,4430,4365,4385,46100,0.005733944954128489
2022-12-23,4380,4380,4230,4230,97560,-0.03534777651083243
2022-12-26,4235,4245,4150,4195,90794,-0.008274231678486954
2022-12-27,4170,4260,4170,4260,55976,0.015494636471990564
2022-12-28,4205,4250,4190,4200,32476,-0.014084507042253502
2022-12-29,4155,4205,4060,4090,75390,-0.02619047619047621
2023-01-02,4090,4140,4075,4100,61599,0.0024449877750611915
2023-01-03,4100,4105,3900,4000,110764,-0.024390243902439046
2023-01-04,3960,4115,3960,4110,45125,0.02750000000000008
2023-01-05,4135,4160,4070,4115,35993,0.0012165450121655041
2023-01-06,4115,4185,4100,4185,40197,0.017010935601458055
2023-01-09,4190,4270,4190,4245,39956,0.014336917562723928
2023-01-10,4260,4285,4235,4235,27003,-0.002355712603062443
2023-01-11,4240,4320,4235,4275,30692,0.009445100354191327
2023-01-12,4285,4300,4245,4285,51624,0.002339181286549641
2023-01-13,4315,4335,4280,4310,31427,0.005834305717619559
2023-01-16,4395,4395,4295,4335,40670,0.0058004640371229765
2023-01-17,4335,4365,4285,4285,59738,-0.011534025374855816
2023-01-18,4315,4315,4260,4280,22117,-0.001166861143523934
2023-01-19,4290,4290,4250,4265,29374,-0.003504672897196248
2023-01-20,4250,4400,4250,4400,57429,0.03165298944900341
2023-01-25,4400,4510,4395,4495,103842,0.021590909090908994
2023-01-26,4460,4545,4460,4505,39770,0.0022246941045607205
2023-01-27,4515,4705,4500,4635,166312,0.02885682574916748
2023-01-30,4650,4650,4535,4560,73604,-0.016181229773462813
2023-01-31,4550,4590,4520,4570,21821,0.002192982456140413
2023-02-01,4575,4705,4530,4660,133442,0.01969365426695835
2023-02-02,4680,4700,4640,4655,40497,-0.0010729613733905241
2023-02-03,4670,4670,4605,4610,27980,-0.009667024704618665
2023-02-06,4610,4610,4555,4605,36862,-0.0010845986984815426
2023-02-07,4550,4670,4550,4635,55906,0.006514657980456029
2023-02-08,4645,4660,4620,4650,46607,0.003236245954692629
2023-02-09,4635,4670,4595,4595,56768,-0.011827956989247324
2023-02-10,4595,4655,4530,4615,68583,0.0043525571273121955
2023-02-13,4680,4690,4605,4605,83803,-0.0021668472372697867
2023-02-14,4675,4675,4600,4605,34694,0.0
2023-02-15,4650,4650,4495,4500,44545,-0.0228013029315961
2023-02-16,4510,4590,4500,4545,35527,0.010000000000000009
2023-02-17,4450,4635,4450,4620,34899,0.01650165016501659
2023-02-20,4620,4715,4570,4685,61852,0.01406926406926412
2023-02-21,4690,4715,4630,4630,43594,-0.011739594450373536
2023-02-22,4535,4575,4525,4535,48415,-0.02051835853131745
2023-02-23,4545,4605,4525,4565,23740,0.006615214994487362
2023-02-24,4540,4590,4480,4500,44379,-0.014238773274917849
2023-02-27,4460,4490,4410,4430,33088,-0.015555555555555545
2023-02-28,4470,4470,4405,4455,26280,0.0056433408577878375
2023-03-02,4455,4490,4430,4440,24571,-0.0033670033670033517
2023-03-03,4445,4545,4440,4545,41731,0.023648648648648685
2023-03-06,4555,4590,4430,4575,52067,0.0066006600660066805
2023-03-07,4580,5250,4580,5130,3633612,0.12131147540983611
2023-03-08,5030,5030,4875,4895,407888,-0.04580896686159841
2023-03-09,4955,4980,4830,4980,289247,0.01736465781409602
2023-03-10,4920,4945,4770,4780,177086,-0.04016064257028118
2023-03-13,4775,4780,4550,4715,182005,-0.013598326359832602
2023-03-14,4640,4670,4335,4340,372512,-0.07953340402969244
2023-03-15,4400,4510,4380,4380,165719,0.009216589861751112
2023-03-16,4340,4455,4210,4425,120503,0.010273972602739656
2023-03-17,4460,4570,4415,4560,96800,0.03050847457627115
2023-03-20,4565,4670,4465,4510,62987,-0.010964912280701733
2023-03-21,4490,4550,4470,4545,76352,0.0077605321507761005
2023-03-22,4550,4570,4485,4510,63637,-0.007700770077007646
2023-03-23,4480,4490,4445,4450,67415,-0.013303769401330379
2023-03-24,4465,4530,4440,4530,86635,0.01797752808988773
2023-03-27,4530,4560,4400,4515,98578,-0.0033112582781457123
2023-03-28,4550,4650,4500,4650,141625,0.029900332225913706
2023-03-29,4655,4810,4610,4765,161986,0.02473118279569886
2023-03-30,4815,4835,4730,4815,118890,0.01049317943336825
2023-03-31,4850,4865,4730,4755,109377,-0.012461059190031154
2023-04-03,4730,4810,4715,4790,128260,0.007360672975814886
2023-04-04,4800,4830,4765,4810,87061,0.0041753653444676075
2023-04-05,4810,4820,4745,4795,58951,-0.0031185031185031464
2023-04-06,4795,4795,4660,4660,97806,-0.028154327424400383
2023-04-07,4640,4725,4630,4675,88937,0.0032188841201716833
2023-04-10,4680,4685,4500,4600,163234,-0.016042780748663055
2023-04-11,4580,4805,4555,4785,121961,0.04021739130434776
2023-04-12,4785,4925,4780,4860,180831,0.01567398119122254
2023-04-13,4815,4975,4635,4940,220142,0.016460905349794164
2023-04-14,4945,4980,4830,4845,131707,-0.019230769230769273
2023-04-17,4900,4900,4750,4870,95279,0.005159958720330149
2023-04-18,4845,4870,4760,4780,57380,-0.01848049281314168
2023-04-19,4795,5320,4790,5100,1722788,0.06694560669456062
2023-04-20,5140,5150,4870,4915,320286,-0.03627450980392155
2023-04-21,4950,5270,4950,5200,990801,0.05798575788402838
2023-04-24,5210,5220,4690,4755,406015,-0.0855769230769231
2023-04-25,4760,4850,4575,4635,319072,-0.025236593059936863
2023-04-26,4670,4700,4555,4600,105599,-0.007551240560949246
2023-04-27,4590,4655,4545,4600,100059,0.0
2023-04-28,4700,4850,4540,4650,249388,0.010869565217391353
2023-05-02,4670,4775,4615,4685,82585,0.007526881720430145
2023-05-03,4685,4885,4640,4770,136402,0.018143009605122717
2023-05-04,4735,4810,4650,4750,74312,-0.004192872117400381
2023-05-08,4850,5290,4825,5280,1863170,0.111578947368421
2023-05-09,5100,5230,4945,4975,1005540,-0.05776515151515149
2023-05-10,5030,5120,4900,4930,331558,-0.009045226130653283
2023-05-11,4945,4985,4870,4880,216684,-0.010141987829614618
2023-05-12,4880,4880,4735,4750,202090,-0.026639344262295084
2023-05-15,4800,4800,4650,4650,134558,-0.021052631578947323
2023-05-16,4660,4700,4570,4615,130991,-0.007526881720430145
2023-05-17,4615,4725,4585,4725,85186,0.02383531960996743
2023-05-18,4725,4800,4715,4750,58715,0.005291005291005346
2023-05-19,4780,4785,4700,4765,62414,0.0031578947368420263
2023-05-22,4780,4835,4750,4770,63926,0.0010493179433368471
2023-05-23,4770,4820,4740,4770,64418,0.0
2023-05-24,4725,4835,4720,4790,84737,0.004192872117400492
2023-05-25,4790,4810,4750,4755,69790,-0.007306889352818424
2023-05-26,4760,4785,4735,4740,56637,-0.003154574132492094
2023-05-30,4800,4835,4735,4810,57310,0.014767932489451407
2023-05-31,4745,4850,4745,4810,53710,0.0
2023-06-01,4810,4860,4770,4845,94616,0.007276507276507305
2023-06-02,4835,4875,4820,4835,51782,-0.0020639834881320818
2023-06-05,4810,4870,4810,4855,50770,0.004136504653567741
2023-06-07,4860,4930,4840,4920,112130,0.013388259526261548
2023-06-08,4920,4935,4850,4885,42926,-0.007113821138211351
2023-06-09,4895,4920,4870,4900,73056,0.003070624360286489
2023-06-12,4920,4920,4830,4840,49473,-0.01224489795918371
2023-06-13,4850,4895,4820,4830,55618,-0.0020661157024793875
2023-06-14,4830,4830,4705,4735,119041,-0.019668737060041352
2023-06-15,4710,4745,4660,4660,79857,-0.015839493136219684
2023-06-16,4680,4750,4660,4690,42230,0.006437768240343367
2023-06-19,4695,4790,4650,4790,31545,0.021321961620469176
2023-06-20,4800,4805,4735,4740,27116,-0.01043841336116913
2023-06-21,4750,4760,4670,4715,40732,-0.0052742616033755185
2023-06-22,4715,4960,4665,4895,348207,0.038176033934252285
2023-06-23,4895,5030,4840,4930,396809,0.007150153217568844
2023-06-26,4960,5200,4870,5000,830009,0.014198782961460488
2023-06-27,5000,5050,4880,4915,238281,-0.017000000000000015
2023-06-28,4955,5010,4820,4830,156250,-0.017293997965411978
2023-06-29,4810,4835,4660,4780,307839,-0.010351966873705987
2023-06-30,5390,5640,5030,5220,8864533,0.09205020920502083
2023-07-03,5520,5700,5150,5170,2338068,-0.009578544061302652
2023-07-04,5110,5290,4995,5140,955475,-0.005802707930367523
2023-07-05,5100,5150,4910,4930,550223,-0.040856031128404635
2023-07-06,4940,4995,4765,4765,439433,-0.03346855983772823
2023-07-07,4715,4865,4700,4840,211124,0.015739769150052485
2023-07-10,4845,4850,4745,4750,164202,-0.018595041322314043
2023-07-11,4755,4845,4730,4770,133714,0.004210526315789442
2023-07-12,4770,4985,4755,4955,188556,0.03878406708595383
2023-07-13,4930,4970,4880,4905,145346,-0.010090817356205872
2023-07-14,4925,5000,4710,4730,396821,-0.03567787971457692
2023-07-17,4725,4725,4590,4615,238933,-0.024312896405919715
2023-07-18,4620,4660,4565,4620,175974,0.0010834236186347823
2023-07-19,4600,4630,4555,4575,88805,-0.009740259740259716
2023-07-20,4530,4615,4525,4560,55603,-0.003278688524590123
2023-07-21,4505,4610,4505,4505,108990,-0.01206140350877194
2023-07-24,4500,4500,4305,4315,250912,-0.04217536071032191
2023-07-25,4300,4360,4205,4230,150285,-0.01969872537659323
2023-07-26,4220,4225,3995,4035,225109,-0.046099290780141855
2023-07-27,3970,4170,3970,4095,81539,0.014869888475836479
2023-07-28,4115,4245,4110,4170,43700,0.01831501831501825
2023-07-31,4295,4295,4180,4180,61751,0.0023980815347721673
2023-08-01,4200,4265,4190,4245,64083,0.015550239234449759
2023-08-02,4245,4455,4215,4360,155236,0.027090694935217874
2023-08-03,4450,4455,4290,4395,105032,0.008027522935779796
2023-08-04,4400,4420,4250,4280,78336,-0.026166097838452806
2023-08-07,4280,4300,4210,4250,32661,-0.007009345794392496
2023-08-08,4290,4360,4160,4180,105463,-0.016470588235294126
2023-08-09,4200,4240,4160,4240,32097,0.014354066985645897
2023-08-10,4200,4255,4190,4235,40941,-0.001179245283018826
2023-08-11,4235,4290,4175,4275,33341,0.009445100354191327
2023-08-14,4270,4295,4200,4200,50610,-0.01754385964912286
2023-08-16,4200,4200,4060,4100,77309,-0.023809523809523836
2023-08-17,4015,4095,4005,4085,108039,-0.003658536585365857
2023-08-18,4005,4160,4005,4160,33715,0.01835985312117505
2023-08-21,4145,4205,4105,4115,40498,-0.01081730769230771
2023-08-22,4170,4170,4100,4110,35238,-0.0012150668286755595
2023-08-23,4145,4155,4090,4100,32097,-0.0024330900243308973
2023-08-24,4215,4385,4215,4350,230310,0.060975609756097615
2023-08-25,4340,4465,4290,4295,117855,-0.012643678160919491
2023-08-28,4315,4355,4280,4325,32970,0.006984866123399325
2023-08-29,4355,4405,4335,4365,36499,0.009248554913294793
2023-08-30,4405,4410,4345,4370,30244,0.001145475372279492
2023-08-31,4345,4415,4295,4335,47427,-0.008009153318077833
2023-09-01,4330,4350,4285,4335,18744,0.0
2023-09-04,4335,4370,4250,4260,28060,-0.01730103806228378
2023-09-05,4255,4280,4210,4260,42667,0.0
2023-09-06,4250,4280,4220,4250,21418,-0.0023474178403756207
2023-09-07,4215,4320,4120,4130,69040,-0.028235294117647025
2023-09-08,4140,4195,4125,4170,50860,0.009685230024213176
2023-09-11,4200,4200,4155,4165,30637,-0.0011990407673860837
2023-09-12,4200,4250,4150,4175,84206,0.0024009603841537164
2023-09-13,4175,4270,4135,4175,33499,0.0
2023-09-14,4195,4225,4180,4220,38403,0.010778443113772518
2023-09-15,4220,4305,4205,4265,34249,0.010663507109004655
2023-09-18,4265,4265,4160,4185,26319,-0.01875732708089095
2023-09-19,4200,4205,4145,4155,22560,-0.007168458781361964
2023-09-20,4125,4190,4070,4120,54238,-0.008423586040914532
2023-09-21,4080,4120,4010,4030,69169,-0.021844660194174748
2023-09-22,3960,4035,3960,4020,62503,-0.002481389578163795
2023-09-25,4000,4035,3965,3975,29231,-0.011194029850746245
2023-09-26,3950,4000,3905,3910,48965,-0.01635220125786163
2023-09-27,3960,3960,3900,3940,31902,0.007672634271099765
2023-10-04,3910,3940,3800,3800,55098,-0.035532994923857864
2023-10-05,3800,3840,3690,3690,81606,-0.02894736842105261
2023-10-06,3610,3835,3610,3750,37307,0.016260162601626105
2023-10-10,3730,3860,3710,3760,27709,0.002666666666666595
2023-10-11,3760,3855,3760,3820,21811,0.015957446808510634
2023-10-12,3785,3895,3785,3885,20876,0.017015706806282616
2023-10-13,3885,3900,3815,3840,22175,-0.01158301158301156
2023-10-16,4075,4290,3795,3795,669524,-0.01171875
2023-10-17,3850,3930,3830,3855,79310,0.015810276679841806
2023-10-18,3810,3905,3810,3820,39588,-0.009079118028534339
2023-10-19,3790,3825,3750,3755,37866,-0.017015706806282727
2023-10-20,3705,3795,3650,3700,51387,-0.01464713715046606
2023-10-23,3675,3730,3510,3655,84275,-0.012162162162162149
2023-10-24,3610,3705,3550,3675,69315,0.00547195622435015
2023-10-25,3690,3735,3645,3710,32853,0.00952380952380949
2023-10-26,3690,3690,3595,3635,44298,-0.020215633423180557
2023-10-27,3620,3660,3580,3605,35894,-0.008253094910591452
2023-10-30,3565,3635,3560,3635,19412,0.00832177531206657
2023-10-31,3605,3650,3560,3595,49506,-0.011004126547455306
2023-11-01,3600,3640,3590,3600,18652,0.0013908205841446364
2023-11-02,3615,3675,3615,3665,22088,0.01805555555555549
2023-11-03,3680,3720,3665,3700,27044,0.009549795361528002
2023-11-06,3735,3780,3710,3770,46536,0.018918918918918948
2023-11-07,3760,3790,3705,3770,23833,0.0
2023-11-08,3800,3855,3725,3730,79718,-0.010610079575596787
2023-11-09,3730,3750,3645,3725,30341,-0.0013404825737265424
2023-11-10,3720,3720,3535,3640,36437,-0.02281879194630876
2023-11-13,3635,3670,3595,3620,28122,-0.005494505494505475
2023-11-14,3640,3655,3615,3640,19607,0.005524861878453136
2023-11-15,3650,3790,3650,3705,45251,0.017857142857142794
2023-11-16,3690,3725,3690,3715,14607,0.0026990553306343035
2023-11-17,3750,3750,3670,3705,12661,-0.0026917900403768957
2023-11-20,3665,3730,3660,3725,44686,0.005398110661268607
2023-11-21,3715,3765,3700,3730,53196,0.0013422818791946067
2023-11-22,3730,3735,3610,3725,18884,-0.0013404825737265424
