Date,Open,High,Low,Close,Volume,Change
2022-01-03,9600,9650,9510,9620,13762,0.002083333333333437
2022-01-04,9640,9660,9560,9610,21566,-0.0010395010395010118
2022-01-05,9600,10000,9590,9630,69562,0.0020811654526535772
2022-01-06,9510,9850,9480,9790,64171,0.01661474558670828
2022-01-07,10000,10200,9740,9790,124887,0.0
2022-01-10,9760,9790,9530,9600,33116,-0.019407558733401387
2022-01-11,9620,9650,9360,9370,35158,-0.023958333333333304
2022-01-12,9390,9500,9360,9450,18283,0.008537886872998834
2022-01-13,9470,9490,9250,9290,32717,-0.016931216931216908
2022-01-14,9290,9290,9180,9200,20967,-0.009687836383207804
2022-01-17,9130,9200,8980,8980,30306,-0.023913043478260843
2022-01-18,8980,9210,8950,9020,19635,0.00445434298440972
2022-01-19,8920,9080,8830,8830,17437,-0.02106430155210648
2022-01-20,8800,9100,8800,9010,28994,0.020385050962627327
2022-01-21,9060,9170,8990,9020,14955,0.0011098779134295356
2022-01-24,9020,9020,8750,8750,28647,-0.029933481152993324
2022-01-25,8720,8820,8460,8500,35177,-0.02857142857142858
2022-01-26,8550,8580,8410,8440,13166,-0.007058823529411784
2022-01-27,8410,8480,8050,8290,28052,-0.017772511848341277
2022-01-28,8210,8520,8210,8520,19871,0.027744270205066313
2022-02-03,8520,8780,8520,8750,18662,0.02699530516431925
2022-02-04,8680,8920,8680,8900,12405,0.017142857142857126
2022-02-07,8870,8920,8850,8910,8174,0.0011235955056179137
2022-02-08,8840,8950,8840,8930,9817,0.002244668911335568
2022-02-09,8900,9110,8900,9060,12499,0.014557670772676445
2022-02-10,9060,9160,9060,9070,9973,0.001103752759381793
2022-02-11,9000,9080,8900,8990,7360,-0.008820286659316445
2022-02-14,8980,8980,8420,8500,37268,-0.05450500556173521
2022-02-15,8560,8740,8460,8550,11028,0.00588235294117645
2022-02-16,8610,8890,8610,8770,11585,0.025730994152046716
2022-02-17,8840,8880,8710,8840,15242,0.007981755986316896
2022-02-18,8820,8880,8710,8860,11777,0.002262443438914019
2022-02-21,8950,9300,8840,9220,75190,0.040632054176072296
2022-02-22,9120,9200,8940,9030,12054,-0.02060737527114964
2022-02-23,9030,9150,8950,9070,14280,0.0044296788482836025
2022-02-24,9080,9100,8700,8700,24133,-0.040793825799338435
2022-02-25,8740,8910,8740,8890,7221,0.02183908045977012
2022-02-28,9090,9090,8920,8990,7234,0.011248593925759387
2022-03-02,8900,9080,8900,9030,5917,0.004449388209121219
2022-03-03,9030,9150,9030,9110,8017,0.008859357696566983
2022-03-04,9050,9180,9050,9100,11300,-0.001097694840834218
2022-03-07,9160,9170,9040,9100,8078,0.0
2022-03-08,9090,9100,8980,8980,5323,-0.01318681318681314
2022-03-10,8980,9190,8980,9170,17796,0.021158129175946616
2022-03-11,9090,9200,9030,9160,14291,-0.0010905125408942062
2022-03-14,9160,9190,8980,9140,15766,-0.0021834061135370675
2022-03-15,9040,9160,8980,9050,20193,-0.009846827133479175
2022-03-16,9070,9170,9060,9100,19663,0.005524861878453136
2022-03-17,9220,9260,9180,9200,33684,0.01098901098901095
2022-03-18,9210,9310,9210,9280,25813,0.008695652173912993
2022-03-21,9270,9500,9250,9490,67373,0.022629310344827624
2022-03-22,9510,9530,9340,9450,24121,-0.004214963119072657
2022-03-23,9520,9520,9370,9410,23635,-0.004232804232804255
2022-03-24,9430,9430,9260,9340,23790,-0.007438894792773598
2022-03-25,9350,9510,9300,9360,26499,0.0021413276231263545
2022-03-28,9420,9610,9400,9520,42402,0.017094017094017033
2022-03-29,9460,9540,9450,9520,22031,0.0
2022-03-30,9550,9580,9470,9520,25164,0.0
2022-03-31,9490,9550,9450,9540,15032,0.0021008403361344463
2022-04-01,9520,9550,9430,9510,15911,-0.0031446540880503138
2022-04-04,9510,9550,9230,9500,36052,-0.001051524710830698
2022-04-05,9500,9540,9480,9530,12940,0.0031578947368420263
2022-04-06,9490,9540,9360,9360,22761,-0.01783840503672618
2022-04-07,9360,9420,9170,9240,40634,-0.012820512820512775
2022-04-08,9240,9280,9140,9230,10010,-0.0010822510822511289
2022-04-11,9400,9400,9130,9200,12547,-0.00325027085590468
2022-04-12,9230,9230,9050,9130,9834,-0.007608695652173925
2022-04-13,9170,9260,9110,9220,10523,0.009857612267250904
2022-04-14,9290,9290,9200,9250,7866,0.0032537960954446277
2022-04-15,9290,9290,9100,9190,17920,-0.006486486486486531
2022-04-18,9190,9340,9180,9330,19446,0.015233949945593128
2022-04-19,9340,9570,9330,9560,35854,0.024651661307609762
2022-04-20,9590,9690,9480,9550,39490,-0.0010460251046024993
2022-04-21,9590,9590,9460,9510,15856,-0.004188481675392652
2022-04-22,9400,9760,9400,9710,60387,0.02103049421661418
2022-04-25,9680,10150,9620,9950,222075,0.02471678681771361
2022-04-26,10000,10250,9950,10100,101466,0.015075376884422065
2022-04-27,9950,10000,9810,9880,39017,-0.0217821782178218
2022-04-28,9880,9890,9680,9700,20765,-0.018218623481781382
2022-04-29,9640,9760,9580,9660,17903,-0.004123711340206171
2022-05-02,9660,9690,9510,9640,11887,-0.0020703933747412417
2022-05-03,9600,9680,9320,9430,55615,-0.021784232365145262
2022-05-04,9410,9470,9350,9410,15614,-0.0021208907741251393
2022-05-06,9320,9430,9310,9360,20529,-0.005313496280552554
2022-05-09,9330,9410,9070,9090,25549,-0.028846153846153855
2022-05-10,8920,9080,8730,8900,27248,-0.020902090209020896
2022-05-11,8820,9160,8820,9150,24201,0.028089887640449396
2022-05-12,8980,9200,8980,9080,19877,-0.007650273224043769
2022-05-13,9130,9150,8900,9150,8082,0.007709251101321479
2022-05-16,9020,9220,9020,9110,9807,-0.0043715846994535346
2022-05-17,9160,9240,9100,9190,10741,0.008781558726673966
2022-05-18,9230,9230,9050,9180,7747,-0.0010881392818280489
2022-05-19,9150,9150,9050,9090,3718,-0.009803921568627416
2022-05-20,9100,9200,9060,9180,23563,0.00990099009900991
2022-05-23,9170,9220,9130,9180,14113,0.0
2022-05-24,9180,9290,9010,9010,20656,-0.01851851851851849
2022-05-25,9030,9130,8990,9000,22077,-0.0011098779134295356
2022-05-26,9110,9120,8980,9030,6465,0.0033333333333334103
2022-05-27,9010,9080,8940,9000,27084,-0.0033222591362126463
2022-05-30,9090,9110,9000,9050,15030,0.005555555555555536
2022-05-31,9050,9110,9000,9040,26738,-0.0011049723756906271
2022-06-02,9040,9230,9010,9090,22694,0.005530973451327359
2022-06-03,9130,9170,9070,9150,15096,0.0066006600660066805
2022-06-07,9150,9180,9000,9070,12824,-0.008743169398907069
2022-06-08,9070,9120,9030,9100,19637,0.00330760749724357
2022-06-09,9020,9120,8960,9050,33609,-0.005494505494505475
2022-06-10,9100,9100,8940,9040,16503,-0.0011049723756906271
2022-06-13,8980,8980,8530,8550,40170,-0.05420353982300885
2022-06-14,8510,8510,8200,8320,31388,-0.026900584795321647
2022-06-15,8150,8370,8020,8090,33050,-0.027644230769230727
2022-06-16,8110,8340,8080,8090,31138,0.0
2022-06-17,7800,8030,7780,7930,46398,-0.01977750309023485
2022-06-20,7890,7940,7380,7470,48234,-0.058007566204287486
2022-06-21,7410,7550,7300,7550,22900,0.010709504685408211
2022-06-22,7530,7630,7140,7270,18079,-0.03708609271523178
2022-06-23,7340,7370,6860,6940,43561,-0.0453920220082531
2022-06-24,6660,7300,6660,7290,33708,0.050432276657060626
2022-06-27,7300,7590,7260,7520,25877,0.03155006858710552
2022-06-28,7590,7600,7290,7450,11567,-0.009308510638297851
2022-06-29,7370,7520,7270,7500,10338,0.006711409395973256
2022-06-30,7430,7730,7420,7590,19281,0.01200000000000001
2022-07-01,7550,7750,7250,7250,20184,-0.044795783926218746
2022-07-04,7250,7390,7060,7380,18629,0.017931034482758568
2022-07-05,7110,7590,7110,7580,23802,0.027100271002709952
2022-07-06,7570,7620,7450,7570,14622,-0.0013192612137202797
2022-07-07,7480,7610,7480,7590,17218,0.0026420079260238705
2022-07-08,7680,7780,7580,7720,33419,0.017127799736495364
2022-07-11,7750,7830,7690,7780,24669,0.007772020725388629
2022-07-12,7710,7780,7540,7670,12641,-0.014138817480719768
2022-07-13,7600,7770,7600,7720,19423,0.006518904823989535
2022-07-14,7720,7880,7650,7870,18451,0.01943005181347157
2022-07-15,7800,8010,7800,8010,38148,0.017789072426937835
2022-07-18,8790,9490,8290,8300,515167,0.0362047440699127
2022-07-19,8210,8350,8120,8330,56697,0.0036144578313253017
2022-07-20,8400,8400,8300,8320,30445,-0.0012004801920768582
2022-07-21,8300,9120,8200,8560,446253,0.028846153846153744
2022-07-22,8560,8570,8420,8420,29025,-0.016355140186915862
2022-07-25,8330,8570,8260,8310,36338,-0.013064133016627122
2022-07-26,8350,8390,8200,8220,23556,-0.010830324909747335
2022-07-27,8220,8300,8150,8270,13471,0.006082725060827299
2022-07-28,8280,8380,8220,8370,19761,0.012091898428053138
2022-07-29,8370,8430,8250,8400,29475,0.0035842293906809264
2022-08-01,8460,8490,8310,8470,14291,0.008333333333333304
2022-08-02,8500,8500,8210,8430,25526,-0.0047225501770956635
2022-08-03,8310,9220,8310,8830,513491,0.04744958481613293
2022-08-04,8870,9870,8710,9370,1024792,0.0611551528878822
2022-08-05,9280,9350,9190,9260,108841,-0.011739594450373536
2022-08-08,9340,9350,9110,9250,62990,-0.001079913606911398
2022-08-09,9150,9360,8920,9000,192296,-0.027027027027026973
2022-08-10,9000,9020,8760,8820,87618,-0.020000000000000018
2022-08-11,8900,8980,8810,8880,41014,0.006802721088435382
2022-08-12,8850,9000,8850,9000,30666,0.013513513513513598
2022-08-16,9100,10000,8920,9330,1488993,0.036666666666666625
2022-08-17,9600,11550,9440,10250,6936100,0.0986066452304395
2022-08-18,10150,10250,9820,9840,662780,-0.040000000000000036
2022-08-19,10150,10200,9870,9980,429206,0.014227642276422703
2022-08-22,9770,9800,9030,9070,451402,-0.09118236472945895
2022-08-23,9070,9130,8880,8880,120477,-0.02094818081587657
2022-08-24,8890,9010,8650,8720,154677,-0.018018018018018056
2022-08-25,8700,9050,8690,8970,91272,0.028669724770642224
2022-08-26,9020,9070,8810,8810,91791,-0.017837235228539527
2022-08-29,8510,8550,8400,8430,90422,-0.04313280363223615
2022-08-30,8450,8610,8400,8560,53242,0.01542111506524324
2022-08-31,8480,8630,8370,8630,58216,0.008177570093457875
2022-09-01,8630,8630,8150,8170,98548,-0.05330243337195828
2022-09-02,8170,8270,8120,8120,65789,-0.006119951040391647
2022-09-05,8070,8190,7970,7980,43858,-0.017241379310344862
2022-09-06,7970,8180,7900,8050,29262,0.00877192982456143
2022-09-07,8000,8090,7710,7800,58455,-0.03105590062111796
2022-09-08,7920,7990,7790,7870,21301,0.008974358974358942
2022-09-13,7950,8180,7950,8180,35554,0.03939008894536222
2022-09-14,7990,8280,7880,8280,31206,0.012224938875305513
2022-09-15,8250,8340,8170,8170,46211,-0.01328502415458932
2022-09-16,8240,8890,7940,8010,362562,-0.019583843329253336
2022-09-19,7920,8000,7520,7660,59306,-0.043695380774032455
2022-09-20,7660,7770,7560,7740,27687,0.010443864229765065
2022-09-21,7570,7770,7570,7700,23235,-0.0051679586563307955
2022-09-22,7650,7650,7420,7650,37790,-0.00649350649350644
2022-09-23,7560,7670,7320,7420,28380,-0.030065359477124187
2022-09-26,7280,7340,6800,6800,95730,-0.0835579514824798
2022-09-27,6640,6910,6500,6800,62534,0.0
2022-09-28,6700,7010,6510,6740,44203,-0.008823529411764675
2022-09-29,6770,6950,6770,6810,26904,0.010385756676557945
2022-09-30,6670,6990,6670,6990,24424,0.026431718061673992
2022-10-04,7090,7350,7000,7350,32199,0.05150214592274671
2022-10-05,7380,7500,7080,7370,28709,0.0027210884353741083
2022-10-06,7370,7550,7280,7480,31296,0.014925373134328401
2022-10-07,7450,7460,7340,7380,17581,-0.013368983957219305
2022-10-11,7290,7290,6930,6990,27285,-0.05284552845528456
2022-10-12,6820,7140,6820,7000,39178,0.0014306151645206988
2022-10-13,7000,7020,6650,6760,28699,-0.03428571428571425
2022-10-14,6790,7460,6790,7300,173668,0.0798816568047338
2022-10-17,7300,7360,7170,7170,32011,-0.017808219178082174
2022-10-18,7320,7500,7190,7430,38665,0.036262203626220346
2022-10-19,7510,7560,7350,7360,60302,-0.009421265141319024
2022-10-20,7400,7400,7250,7320,8599,-0.005434782608695676
2022-10-21,7210,7300,7090,7140,26998,-0.024590163934426257
2022-10-24,7160,7340,7160,7270,15410,0.0182072829131652
2022-10-25,7270,7370,7260,7350,7748,0.011004126547455195
2022-10-26,7390,7390,7230,7290,10550,-0.008163265306122436
2022-10-27,7310,7400,7280,7330,11327,0.005486968449931462
2022-10-28,7330,7430,7220,7250,8223,-0.010914051841746208
2022-10-31,7300,7580,7200,7320,13153,0.009655172413793212
2022-11-01,7370,7380,7290,7310,18013,-0.001366120218579181
2022-11-02,7320,7370,7220,7310,13675,0.0
2022-11-03,7180,7440,7180,7290,14124,-0.002735978112175075
2022-11-04,7280,7340,7130,7290,11796,0.0
2022-11-07,7290,7330,7210,7320,9645,0.004115226337448652
2022-11-08,7270,7400,7270,7390,9687,0.0095628415300546
2022-11-09,7460,7460,7370,7430,17429,0.005412719891745521
2022-11-10,7420,7450,7310,7360,12604,-0.009421265141319024
2022-11-11,7460,7490,7400,7430,26599,0.009510869565217295
2022-11-14,7450,7500,7400,7440,28260,0.0013458950201883368
2022-11-15,7460,7630,7370,7610,72911,0.02284946236559149
2022-11-16,7650,7770,7590,7750,30711,0.018396846254927768
2022-11-17,7750,7820,7650,7680,24205,-0.00903225806451613
2022-11-18,7610,7770,7610,7700,16938,0.0026041666666667407
2022-11-21,7710,7710,7440,7440,17940,-0.03376623376623378
2022-11-22,7410,7490,7290,7490,7964,0.006720430107526987
2022-11-23,7430,7510,7380,7440,7230,-0.006675567423230944
2022-11-24,7440,7720,7440,7680,42871,0.032258064516129004
2022-11-25,7680,7700,7540,7590,19078,-0.01171875
2022-11-28,7590,7660,7410,7540,20046,-0.006587615283267456
2022-11-29,7440,7580,7430,7570,10810,0.003978779840848823
2022-11-30,7490,7650,7490,7590,17304,0.0026420079260238705
2022-12-01,7660,7760,7620,7690,19851,0.013175230566534912
2022-12-02,7750,7830,7610,7730,27046,0.005201560468140354
2022-12-05,7700,7750,7630,7650,14855,-0.010349288486416586
2022-12-06,7650,7650,7460,7460,17410,-0.024836601307189565
2022-12-07,7370,7480,7350,7350,17187,-0.014745308310991967
2022-12-08,7370,7440,7180,7370,20053,0.0027210884353741083
2022-12-09,7400,7400,7260,7310,10047,-0.008141112618724522
2022-12-12,7350,7350,7200,7340,11890,0.004103967168262557
2022-12-13,7360,8170,7360,8170,451142,0.11307901907356954
2022-12-14,8000,8100,7810,7890,199618,-0.03427172582619342
2022-12-15,7900,8060,7840,7990,71309,0.012674271229404344
2022-12-16,7810,7960,7740,7950,48475,-0.005006257822277815
2022-12-19,7950,8020,7660,7680,38974,-0.03396226415094339
2022-12-20,7650,7650,7100,7220,74182,-0.05989583333333337
2022-12-21,7220,8450,7160,7430,2607956,0.02908587257617734
2022-12-22,7380,7570,7330,7470,228128,0.0053835800807537915
2022-12-23,7460,7560,7200,7200,69562,-0.03614457831325302
2022-12-26,7220,7490,7210,7280,73035,0.011111111111111072
2022-12-27,7240,7380,7240,7280,34781,0.0
2022-12-28,7340,7370,7200,7290,19453,0.0013736263736263687
2022-12-29,7290,7330,7000,7090,71449,-0.027434842249657088
2023-01-02,7090,7240,7050,7060,36899,-0.004231311706629048
2023-01-03,7050,7100,6900,7010,26559,-0.007082152974504208
2023-01-04,6850,7190,6850,7080,19366,0.009985734664764712
2023-01-05,7150,7240,7110,7210,22328,0.01836158192090398
2023-01-06,7240,7350,7130,7300,32955,0.012482662968099856
2023-01-09,7300,7390,7290,7320,25046,0.00273972602739736
2023-01-10,7300,7370,7220,7250,20044,-0.0095628415300546
2023-01-11,7290,7350,7220,7320,14956,0.009655172413793212
2023-01-12,7400,7400,7290,7350,12136,0.004098360655737654
2023-01-13,7370,7430,7310,7360,24475,0.0013605442176871652
2023-01-16,7360,7400,7320,7370,11665,0.0013586956521738358
2023-01-17,7310,7370,7220,7270,14421,-0.013568521031207648
2023-01-18,7270,7340,7240,7260,10953,-0.0013755158184318717
2023-01-19,7200,7270,7160,7260,12117,0.0
2023-01-20,7260,7360,7230,7350,10394,0.012396694214876103
2023-01-25,7340,7510,7340,7490,37474,0.01904761904761898
2023-01-26,7490,7530,7390,7480,40171,-0.001335113484646211
2023-01-27,7500,7510,7440,7490,21345,0.0013368983957218195
2023-01-30,7500,7520,7420,7440,9819,-0.006675567423230944
2023-01-31,7360,7480,7360,7450,13185,0.0013440860215054862
2023-02-01,7450,7560,7450,7550,23548,0.01342281879194629
2023-02-02,7560,7590,7530,7570,24289,0.0026490066225166586
2023-02-03,7590,7630,7520,7590,23000,0.0026420079260238705
2023-02-06,7540,7590,7490,7550,15969,-0.005270092226614009
2023-02-07,7550,7600,7490,7590,16417,0.005298013245033095
2023-02-08,7820,7850,7570,7620,139186,0.0039525691699604515
2023-02-09,7560,7630,7510,7590,31577,-0.003937007874015741
2023-02-10,7510,7530,7390,7500,32173,-0.011857707509881465
2023-02-13,7480,7490,7370,7480,14953,-0.002666666666666706
2023-02-14,7440,7520,7440,7490,21578,0.0013368983957218195
2023-02-15,7440,7490,7240,7280,33205,-0.028037383177570097
2023-02-16,7320,7450,7290,7350,32089,0.009615384615384581
2023-02-17,7390,7400,7250,7290,18460,-0.008163265306122436
2023-02-20,7250,7430,7210,7330,28627,0.005486968449931462
2023-02-21,7320,7370,7290,7360,23740,0.004092769440654953
2023-02-22,7370,9340,7310,8900,5178387,0.2092391304347827
2023-02-23,8630,9060,8550,8700,688307,-0.022471910112359605
2023-02-24,8600,8650,8060,8190,539708,-0.05862068965517242
2023-02-27,8190,8230,7950,8140,150904,-0.006105006105006083
2023-02-28,8110,8260,8060,8230,130273,0.011056511056511065
2023-03-02,8230,8300,8140,8200,95472,-0.0036452004860266785
2023-03-03,8270,8380,8190,8240,133693,0.004878048780487809
2023-03-06,8200,8290,8160,8270,96617,0.00364077669902918
2023-03-07,8280,8430,8200,8300,153567,0.0036275695284160303
2023-03-08,8320,8510,8300,8460,115483,0.01927710843373487
2023-03-09,8380,8460,8200,8350,77718,-0.013002364066193817
2023-03-10,8300,8300,7940,8080,145289,-0.03233532934131733
2023-03-13,7960,8050,7680,7990,73880,-0.011138613861386149
2023-03-14,7920,7960,7620,7640,57980,-0.04380475594493116
2023-03-15,7690,7870,7690,7850,33619,0.027486910994764413
2023-03-16,7670,7780,7630,7770,29285,-0.010191082802547768
2023-03-17,7780,8010,7780,7970,39128,0.025740025740025763
2023-03-20,7870,8080,7870,7950,27711,-0.0025094102885822034
2023-03-21,8080,8080,7500,7900,49719,-0.0062893081761006275
2023-03-22,7830,7830,7660,7710,45651,-0.024050632911392422
2023-03-23,7630,7860,7630,7690,35635,-0.0025940337224383825
2023-03-24,7740,7930,7670,7880,34774,0.024707412223667014
2023-03-27,7860,7860,7570,7760,56707,-0.015228426395939132
2023-03-28,7760,8000,7750,7970,39340,0.027061855670102997
2023-03-29,8000,8120,7940,8050,61220,0.010037641154328814
2023-03-30,8010,8170,7980,8090,47146,0.00496894409937898
2023-03-31,8090,8130,8000,8090,28956,0.0
2023-04-03,8070,8120,7980,8050,36414,-0.0049443757725586845
2023-04-04,7900,8240,7880,8210,86506,0.019875776397515477
2023-04-05,8210,8490,8130,8360,139079,0.018270401948842885
2023-04-06,8400,8500,8100,8140,84599,-0.02631578947368418
2023-04-07,8150,8350,8140,8300,52897,0.019656019656019597
2023-04-10,8330,8340,8050,8120,53725,-0.02168674698795181
2023-04-11,8120,8150,7870,8110,84543,-0.0012315270935960854
2023-04-12,8110,8260,8050,8220,58325,0.013563501849568338
2023-04-13,8260,8450,8220,8340,73380,0.014598540145985384
2023-04-14,8290,8490,8290,8380,80072,0.004796163069544335
2023-04-17,8380,8450,8220,8350,34800,-0.0035799522673031214
2023-04-18,8270,8350,8220,8270,29383,-0.009580838323353325
2023-04-19,8200,8270,8170,8240,26886,-0.0036275695284159193
2023-04-20,8240,8270,7940,7970,53722,-0.03276699029126218
2023-04-21,7930,8050,7880,7980,24549,0.0012547051442910462
2023-04-24,7910,7970,7790,7810,28072,-0.02130325814536338
2023-04-25,7810,7910,7540,7710,54046,-0.012804097311139517
2023-04-26,7770,7770,7510,7640,26876,-0.009079118028534339
2023-04-27,7720,7720,7430,7620,31971,-0.002617801047120394
2023-04-28,7580,7680,7500,7530,20846,-0.011811023622047223
2023-05-02,7530,7620,7510,7580,12621,0.006640106241699861
2023-05-03,7570,7720,7250,7580,32935,0.0
2023-05-04,7610,7860,7570,7800,45484,0.029023746701847042
2023-05-08,7850,7880,7780,7830,16772,0.0038461538461538325
2023-05-09,7830,7880,7690,7850,23146,0.0025542784163474774
2023-05-10,7850,7850,7690,7740,11408,-0.014012738853503182
2023-05-11,7750,7780,7610,7690,13227,-0.006459948320413411
2023-05-12,7700,7790,7310,7550,25527,-0.01820546163849157
2023-05-15,7550,7550,7440,7450,12614,-0.013245033112582738
2023-05-16,7400,7550,7400,7530,10146,0.010738255033557076
2023-05-17,7530,7650,7470,7650,18584,0.015936254980079667
2023-05-18,7670,7760,7640,7720,18193,0.009150326797385588
2023-05-19,7720,7740,7670,7720,10105,0.0
2023-05-22,7720,7800,7690,7790,14101,0.0090673575129534
2023-05-23,7730,7850,7730,7820,23309,0.0038510911424902705
2023-05-24,7770,7860,7740,7820,24633,0.0
2023-05-25,7790,7820,7670,7680,22601,-0.01790281329923271
2023-05-26,7690,7720,7570,7600,17178,-0.01041666666666663
2023-05-30,7620,7620,7450,7620,36684,0.002631578947368318
2023-05-31,7550,7650,7450,7650,32690,0.003937007874015741
2023-06-01,7680,7680,7460,7610,29360,-0.005228758169934622
2023-06-02,7640,7660,7500,7610,19393,0.0
2023-06-05,7620,7720,7590,7680,17604,0.009198423127463773
2023-06-07,7680,7720,7610,7710,33125,0.00390625
2023-06-08,7680,7700,7600,7690,32521,-0.0025940337224383825
2023-06-09,7650,7770,7650,7740,28567,0.006501950585175553
2023-06-12,7740,7790,7640,7680,19095,-0.007751937984496138
2023-06-13,7690,7720,7580,7610,35477,-0.00911458333333337
2023-06-14,7620,7620,7420,7470,46947,-0.018396846254927768
2023-06-15,7510,7510,7370,7470,27522,0.0
2023-06-16,7450,7530,7430,7490,13080,0.0026773761713521083
2023-06-19,7490,7490,7390,7440,21663,-0.006675567423230944
2023-06-20,7370,7550,7360,7480,28396,0.005376344086021501
2023-06-21,7490,7490,7360,7440,23451,-0.005347593582887722
2023-06-22,7410,7450,7360,7390,13808,-0.006720430107526876
2023-06-23,7360,7400,7340,7380,18031,-0.0013531799729363803
2023-06-26,7400,7420,7300,7380,13162,0.0
2023-06-27,7390,7420,7310,7360,15142,-0.0027100271002710175
2023-06-28,7350,7390,7280,7290,27686,-0.009510869565217406
2023-06-29,7310,7330,7180,7190,29505,-0.013717421124828544
2023-06-30,7190,7390,7150,7380,18403,0.026425591098748313
2023-07-03,7390,7400,7300,7340,26562,-0.005420054200542035
2023-07-04,7370,7380,7290,7350,14485,0.0013623978201635634
2023-07-05,7350,7370,7200,7210,22253,-0.01904761904761909
2023-07-06,7150,7210,7020,7050,25133,-0.02219140083217752
2023-07-07,7040,7080,6960,7050,36793,0.0
2023-07-10,7050,7090,6950,7090,12385,0.005673758865248235
2023-07-11,7030,7080,7030,7080,12178,-0.0014104372355430161
2023-07-12,7100,7100,6770,7030,37522,-0.007062146892655385
2023-07-13,7040,7250,6750,7230,74240,0.028449502133712556
2023-07-14,7240,7280,7040,7210,33572,-0.0027662517289073207
2023-07-17,7200,7200,6980,7020,47530,-0.026352288488210807
2023-07-18,6970,7010,6850,6950,45803,-0.009971509971509973
2023-07-19,6940,6940,6750,6860,54852,-0.012949640287769792
2023-07-20,6820,6910,6750,6820,33310,-0.005830903790087438
2023-07-21,6820,7030,6800,6940,28221,0.017595307917888547
2023-07-24,6930,6930,6400,6660,92808,-0.04034582132564846
2023-07-25,6670,6680,6460,6460,40769,-0.03003003003003002
2023-07-26,6460,6480,6000,6210,78955,-0.03869969040247678
2023-07-27,6220,6340,6210,6330,36889,0.019323671497584627
2023-07-28,6370,6460,6270,6370,25380,0.006319115323854652
2023-07-31,6440,7080,6440,6520,317701,0.023547880690737877
2023-08-01,6670,6780,6560,6680,69310,0.024539877300613577
2023-08-02,6770,6770,6420,6420,51685,-0.038922155688622784
2023-08-03,6450,6630,6390,6590,32699,0.026479750778816147
2023-08-04,6610,6630,6470,6630,20421,0.006069802731411222
2023-08-07,6610,6760,6590,6680,23894,0.007541478129713397
2023-08-08,6660,6700,6480,6500,26840,-0.026946107784431184
2023-08-09,6470,6860,6470,6790,46453,0.04461538461538472
2023-08-10,6790,7150,6770,6970,353481,0.026509572901325384
2023-08-11,6970,6970,6810,6860,80402,-0.015781922525107572
2023-08-14,6800,6870,6670,6740,44867,-0.017492711370262426
2023-08-16,6670,6700,6420,6480,97818,-0.03857566765578635
2023-08-17,6500,6550,6350,6530,55153,0.007716049382715973
2023-08-18,6410,6520,6350,6470,28021,-0.009188361408882129
2023-08-21,6410,6600,6410,6510,22673,0.0061823802163833985
2023-08-22,6460,6630,6440,6580,23069,0.010752688172043001
2023-08-23,6540,6690,6540,6670,29171,0.013677811550151908
2023-08-24,6620,6750,6600,6600,34600,-0.010494752623688153
2023-08-25,6590,6680,6510,6570,20099,-0.004545454545454519
2023-08-28,6560,6600,6470,6580,21714,0.0015220700152207556
2023-08-29,6540,6720,6540,6670,28791,0.013677811550151908
2023-08-30,6690,6730,6660,6680,7265,0.0014992503748125774
2023-08-31,6680,6720,6540,6640,16859,-0.005988023952095856
2023-09-01,6640,6650,6570,6620,14569,-0.003012048192771122
2023-09-04,6580,6660,6580,6620,17606,0.0
2023-09-05,6640,6670,6570,6620,21112,0.0
2023-09-06,6630,7060,6620,6940,197020,0.048338368580060465
2023-09-07,6910,6920,6750,6800,59060,-0.02017291066282423
2023-09-08,6800,6870,6730,6860,35140,0.008823529411764675
2023-09-11,6870,7550,6840,7030,668904,0.02478134110787167
2023-09-12,7050,7070,6760,6890,80439,-0.019914651493598834
2023-09-13,6890,6890,6780,6860,39298,-0.004354136429608135
2023-09-14,6800,6870,6790,6860,26107,0.0
2023-09-15,6870,7000,6840,6890,50669,0.004373177842565523
2023-09-18,6920,6960,6850,6890,27434,0.0
2023-09-19,6860,6960,6830,6850,22845,-0.005805515239477477
2023-09-20,6850,6890,6730,6780,32534,-0.010218978102189746
2023-09-21,6700,6760,6450,6500,54208,-0.041297935103244865
2023-09-22,6450,6500,6330,6450,19122,-0.007692307692307665
2023-09-25,6450,6510,6380,6410,22952,-0.006201550387596955
2023-09-26,6410,6440,6350,6410,13695,0.0
2023-09-27,6350,6490,6230,6490,23403,0.012480499219968744
2023-10-04,6490,6490,6150,6190,37403,-0.046224961479198745
2023-10-05,6200,6280,6040,6040,27082,-0.024232633279482996
2023-10-06,6040,6240,6040,6230,8902,0.0314569536423841
2023-10-10,6180,6280,6120,6170,18197,-0.009630818619582704
2023-10-11,6180,6390,6180,6390,21193,0.03565640194489461
2023-10-12,6480,6500,6400,6450,13614,0.009389671361502261
2023-10-13,6460,6550,6300,6490,29484,0.006201550387596955
2023-10-16,6480,6480,6160,6190,74062,-0.046224961479198745
2023-10-17,6220,6410,6220,6380,19798,0.030694668820678617
2023-10-18,6420,6420,6260,6380,11163,0.0
2023-10-19,6280,6300,6110,6140,31640,-0.037617554858934144
2023-10-20,6130,6130,5900,5970,44637,-0.027687296416938123
2023-10-23,5960,6200,5960,6170,21269,0.03350083752093802
2023-10-24,6170,6230,6050,6220,16401,0.008103727714748876
2023-10-25,6210,6290,6190,6220,10023,0.0
2023-10-26,6170,6170,5990,6130,19795,-0.014469453376205754
2023-10-27,6100,6290,6070,6290,17600,0.02610114192495927
2023-10-30,6280,6280,6130,6190,8220,-0.015898251192368873
2023-10-31,6160,6210,5980,6070,27260,-0.01938610662358642
2023-11-01,6070,6170,6070,6150,7941,0.01317957166392092
2023-11-02,6180,6330,6180,6300,11305,0.024390243902439046
2023-11-03,6320,6510,6250,6410,39721,0.0174603174603174
2023-11-06,6500,6500,6400,6500,10235,0.014040561622464809
2023-11-07,6490,6550,6420,6550,17675,0.007692307692307665
2023-11-08,6550,6570,6510,6550,8579,0.0
2023-11-09,6540,6540,6350,6410,20598,-0.021374045801526687
2023-11-10,6390,6410,6270,6300,12931,-0.01716068642745705
2023-11-13,6320,6400,6290,6330,7731,0.004761904761904745
2023-11-14,6310,7000,6310,6860,725867,0.08372827804107419
2023-11-15,6530,6580,6420,6450,224871,-0.05976676384839652
2023-11-16,6510,6610,6480,6510,109931,0.009302325581395321
2023-11-17,6510,6540,6420,6440,45302,-0.010752688172043001
2023-11-20,6400,6570,6400,6510,32506,0.010869565217391353
2023-11-21,6500,6610,6500,6600,48442,0.01382488479262678
2023-11-22,6610,6610,6470,6540,43976,-0.009090909090909038
2023-11-23,6510,6600,6500,6600,32022,0.00917431192660545
2023-11-24,6630,6710,6540,6590,35935,-0.0015151515151514694
2023-11-27,6590,6660,6530,6560,35556,-0.004552352048558417
2023-11-28,6550,6640,6540,6600,25139,0.0060975609756097615
2023-11-29,6600,6610,6520,6540,16146,-0.009090909090909038
2023-11-30,6550,6570,6500,6520,12495,-0.003058103975535187
2023-12-01,6540,6540,6400,6460,17451,-0.009202453987730008
2023-12-04,6460,6460,6360,6360,28118,-0.015479876160990669
2023-12-05,6360,6500,6320,6430,13124,0.011006289308176154
2023-12-06,6450,6760,6430,6680,93461,0.038880248833592645
2023-12-07,6680,6750,6570,6720,22989,0.0059880239520957446
2023-12-08,6700,6760,6690,6760,14082,0.005952380952380931
2023-12-11,6730,6780,6690,6710,16903,-0.007396449704141994
2023-12-12,6700,6720,6620,6700,14478,-0.0014903129657227732
2023-12-13,6680,6680,6580,6670,10576,-0.004477611940298498
2023-12-14,6670,6700,6520,6610,32541,-0.008995502248875575
2023-12-15,6610,6640,6590,6610,7737,0.0
2023-12-18,6610,6630,6560,6610,8858,0.0
2023-12-19,6560,6600,6510,6600,14217,-0.001512859304084735
2023-12-20,6610,6720,6600,6670,22241,0.010606060606060508
2023-12-21,6670,6680,6560,6630,10912,-0.005997001499250421
2023-12-22,6640,6680,6580,6660,15691,0.004524886877828038
2023-12-26,6670,6830,6670,6800,48639,0.021021021021021102
2023-12-27,6800,7000,6780,6960,90051,0.0235294117647058
2023-12-28,6960,6970,6850,6900,20242,-0.008620689655172376
2024-01-02,6820,6970,6820,6960,25745,0.008695652173912993
2024-01-03,6930,7000,6860,7000,37138,0.005747126436781658
2024-01-04,6980,6980,6860,6890,34585,-0.01571428571428568
2024-01-05,6890,6930,6840,6890,12110,0.0
2024-01-08,6890,6890,6760,6810,18521,-0.011611030478954953
2024-01-09,6810,6890,6780,6860,26669,0.007342143906020615
2024-01-10,6870,6870,6670,6780,33031,-0.011661807580174877
2024-01-11,6750,6810,6750,6780,12940,0.0
2024-01-12,6780,6790,6600,6650,18441,-0.019174041297935096
2024-01-15,6630,6730,6590,6730,10320,0.012030075187969835
2024-01-16,6740,6740,6640,6690,12084,-0.005943536404160454
2024-01-17,6650,6660,6330,6410,55536,-0.041853512705530616
2024-01-18,6420,6550,6380,6540,23720,0.020280811232449292
2024-01-19,6560,6670,6500,6580,21398,0.006116207951070374
2024-01-22,6590,6640,6530,6640,14001,0.00911854103343468
2024-01-23,6650,6730,6590,6730,25156,0.013554216867469826
2024-01-24,6750,6760,6600,6750,32919,0.002971768202080227
2024-01-25,6750,6750,6650,6690,15079,-0.008888888888888835
2024-01-26,6690,6730,6660,6690,14182,0.0
2024-01-29,6740,6740,6590,6670,14903,-0.002989536621823663
2024-01-30,6640,6730,6610,6680,23025,0.0014992503748125774
2024-01-31,6680,6700,6460,6480,36345,-0.029940119760479056
2024-02-01,6470,6510,6390,6480,27594,0.0
2024-02-02,6490,6600,6480,6530,17843,0.007716049382715973
2024-02-05,6540,6560,6440,6510,20531,-0.003062787136294043
2024-02-06,6540,6650,6500,6600,11666,0.01382488479262678
2024-02-07,6610,6610,6490,6550,16779,-0.007575757575757569
2024-02-08,6620,6720,6490,6710,28001,0.02442748091603053
2024-02-13,6650,6720,6580,6650,32499,-0.008941877794336861
2024-02-14,6600,6680,6600,6670,26452,0.003007518796992459
2024-02-15,6620,6670,6600,6630,19244,-0.005997001499250421
2024-02-16,6620,6640,6540,6600,20952,-0.004524886877828038
2024-02-19,6600,6660,6550,6630,23903,0.00454545454545463
2024-02-20,6620,6660,6570,6650,15329,0.003016591251885359
2024-02-21,6650,6660,6590,6610,16615,-0.006015037593984918
2024-02-22,6610,6670,6550,6630,22146,0.00302571860816947
2024-02-23,6630,6680,6590,6650,15750,0.003016591251885359
2024-02-26,6660,6690,6620,6690,11559,0.006015037593984918
2024-02-27,6690,6690,6540,6560,29325,-0.019431988041853532
2024-02-28,6580,7490,6580,7430,1369761,0.13262195121951215
2024-02-29,7500,7770,7400,7770,727379,0.04576043068640656
2024-03-04,8220,9550,7840,7920,5569206,0.019305019305019266
2024-03-05,7800,7900,7510,7590,546026,-0.04166666666666663
2024-03-06,7720,8220,7670,7990,1186025,0.05270092226613965
2024-03-07,7910,8400,7840,8120,651184,0.016270337922402955
2024-03-08,8110,8680,8050,8490,638883,0.04556650246305427
2024-03-11,8700,10550,8670,10190,5915308,0.20023557126030633
2024-03-12,10010,10100,9700,9740,963354,-0.04416094210009813
2024-03-13,10020,10400,9600,9760,881371,0.002053388090349051
2024-03-14,9650,10120,9630,9890,440394,0.013319672131147486
2024-03-15,9900,10080,9700,9890,239236,0.0
2024-03-18,10070,10300,9910,10100,316781,0.02123356926188058
2024-03-19,10250,10260,9850,10250,342125,0.014851485148514865
2024-03-20,10600,11000,10020,11000,859384,0.07317073170731714
2024-03-21,10890,11140,10600,10870,339448,-0.011818181818181839
2024-03-22,10870,11320,10760,10830,369147,-0.0036798528058877844
2024-03-25,10840,11070,10610,10860,206354,0.0027700831024930483
2024-03-26,10770,10910,10530,10660,232617,-0.018416206261510082
2024-03-27,10670,10900,10360,10880,219315,0.02063789868667909
2024-03-28,10800,11360,10690,11250,325354,0.034007352941176405
2024-03-29,11350,11430,10560,10570,267311,-0.06044444444444441
2024-04-01,10390,10510,9480,9900,502409,-0.06338694418164614
2024-04-02,9900,10000,9540,9700,182966,-0.02020202020202022
2024-04-03,9600,9630,9090,9090,221418,-0.06288659793814433
2024-04-04,9200,9480,9060,9420,108321,0.03630363036303641
2024-04-05,9230,9420,9080,9250,80709,-0.018046709129511673
2024-04-08,9250,9250,8750,8900,146043,-0.037837837837837784
2024-04-09,8850,8870,8600,8740,112873,-0.017977528089887618
2024-04-11,8740,8950,8400,8400,164109,-0.0389016018306636
2024-04-12,8430,9000,8350,8850,144402,0.0535714285714286
2024-04-15,8630,8770,8260,8740,141798,-0.012429378531073398
2024-04-16,8740,8740,8340,8520,76880,-0.02517162471395884
2024-04-17,8520,8700,8400,8400,61176,-0.014084507042253502
2024-04-18,8400,8810,8380,8730,70886,0.03928571428571437
2024-04-19,8790,8790,8250,8450,96817,-0.032073310423825885
2024-04-22,8470,8690,8370,8670,42710,0.026035502958579926
2024-04-23,8670,8800,8460,8460,58691,-0.02422145328719727
2024-04-24,8570,8970,8500,8670,135995,0.024822695035461084
2024-04-25,8670,8880,8520,8520,67416,-0.01730103806228378
2024-04-26,8620,8800,8610,8690,71678,0.0199530516431925
2024-04-29,8700,8990,8700,8940,88404,0.028768699654775576
2024-04-30,8940,9380,8920,9140,98324,0.02237136465324374
2024-05-02,9140,9210,8690,9030,111905,-0.012035010940919078
2024-05-03,9030,10500,9030,9500,2420143,0.05204872646733105
2024-05-07,9530,10230,9350,9650,732493,0.015789473684210575
2024-05-08,9530,12030,9510,11840,8968200,0.22694300518134725
2024-05-09,11780,12300,10860,11200,4818016,-0.05405405405405406
2024-05-10,11050,11740,10620,10760,1425529,-0.03928571428571426
2024-05-13,10620,10830,10180,10360,568527,-0.03717472118959109
2024-05-14,10380,10860,9700,10020,886579,-0.032818532818532864
2024-05-16,10020,10220,9900,10000,223635,-0.001996007984031989
2024-05-17,10050,10350,9710,9720,324838,-0.028000000000000025
2024-05-20,9770,9990,9660,9740,285762,0.002057613168724215
2024-05-21,9830,9830,9510,9540,223432,-0.02053388090349073
2024-05-22,9540,9610,9350,9430,148974,-0.011530398322851187
2024-05-23,9430,9500,9150,9300,139159,-0.01378579003181335
2024-05-24,9220,9360,9100,9110,131467,-0.02043010752688168
2024-05-27,9130,9310,8970,9280,124229,0.01866081229418226
2024-05-28,9320,9480,9100,9120,124670,-0.017241379310344862
2024-05-29,9120,9200,8850,8920,111489,-0.021929824561403466
2024-05-30,8920,8990,8710,8800,160554,-0.013452914798206317
2024-05-31,8770,8850,8620,8750,84201,-0.005681818181818232
2024-06-03,8740,8910,8630,8750,83254,0.0
2024-06-04,8680,8800,8580,8580,113100,-0.01942857142857146
2024-06-05,8590,8640,8330,8470,75301,-0.012820512820512775
2024-06-07,8470,8630,8470,8590,41898,0.01416765053128688
2024-06-10,8590,8670,8440,8650,52099,0.006984866123399325
2024-06-11,8720,8760,8510,8560,54108,-0.010404624277456698
2024-06-12,8600,9100,8480,8480,258115,-0.009345794392523366
2024-06-13,8500,8590,8280,8480,174595,0.0
2024-06-14,8480,8550,8380,8420,45491,-0.007075471698113178
2024-06-17,8480,8500,8280,8290,86538,-0.015439429928741144
2024-06-18,8250,8370,8000,8040,144197,-0.030156815440289475
2024-06-19,8040,8130,7910,7980,78459,-0.007462686567164201
2024-06-20,7970,8120,7970,8000,42315,0.0025062656641603454
2024-06-21,8000,8240,7870,7880,48798,-0.015000000000000013
2024-06-24,7900,7910,7600,7610,84923,-0.03426395939086291
2024-06-25,7570,7900,7530,7840,66770,0.030223390275952777
2024-06-26,7810,7900,7700,7740,27152,-0.012755102040816313
2024-06-27,7720,7910,7650,7740,39589,0.0
2024-06-28,7790,7850,7710,7730,29350,-0.0012919896640827266
2024-07-01,7680,8000,7680,7880,55290,0.019404915912031084
2024-07-02,8040,8040,7580,7690,83215,-0.024111675126903598
2024-07-03,7700,7790,7590,7680,45975,-0.0013003901170350884
2024-07-04,7760,7840,7670,7670,36986,-0.0013020833333333703
2024-07-05,7680,7820,7650,7680,34543,0.0013037809647979959
2024-07-08,7680,7820,7670,7740,22632,0.0078125
2024-07-09,7710,7890,7710,7830,29055,0.011627906976744207
2024-07-10,7880,8220,7830,8000,106650,0.02171136653895278
2024-07-11,7980,8080,7770,7840,75874,-0.020000000000000018
2024-07-12,7870,7990,7780,7900,41028,0.007653061224489832
2024-07-15,7850,7970,7800,7900,26146,0.0
2024-07-16,7800,8140,7680,7680,163470,-0.027848101265822822
2024-07-17,7650,7880,7620,7850,56559,0.02213541666666674
2024-07-18,7790,7800,7570,7570,63668,-0.03566878980891719
2024-07-19,7550,7610,7430,7550,40712,-0.0026420079260237594
2024-07-22,7470,7580,7320,7580,62790,0.003973509933774766
2024-07-23,7510,7650,7510,7530,35541,-0.006596306068601621
2024-07-24,7340,7570,7340,7430,77347,-0.013280212483399723
2024-07-25,7320,7410,7220,7220,62319,-0.02826379542395696
2024-07-26,7190,7810,7190,7800,117571,0.08033240997229907
2024-07-29,7780,8200,7740,8020,133374,0.028205128205128105
2024-07-30,8050,8060,7670,7800,56497,-0.027431421446383997
2024-07-31,7670,7810,7420,7760,85773,-0.00512820512820511
2024-08-01,7780,8050,7780,7950,57050,0.02448453608247414
2024-08-02,7930,7930,7290,7400,76501,-0.0691823899371069
2024-08-05,7290,7290,5880,6020,207352,-0.18648648648648647
2024-08-06,5920,6570,5920,6490,103445,0.07807308970099669
2024-08-07,6490,6890,6490,6740,48822,0.03852080123266566
2024-08-08,6680,7010,6650,6990,32647,0.0370919881305638
2024-08-09,6990,7220,6990,7090,34431,0.014306151645207432
2024-08-12,7090,7220,7090,7220,34477,0.01833568406205921
2024-08-13,7140,7230,7000,7000,40374,-0.030470914127423865
2024-08-14,7020,7210,7020,7180,17741,0.0257142857142858
2024-08-16,7250,7620,7250,7520,49909,0.0473537604456824
2024-08-19,7650,7650,7400,7480,29544,-0.005319148936170248
2024-08-20,7540,8000,7480,7650,130038,0.022727272727272707
2024-08-21,7650,7740,7540,7650,41782,0.0
2024-08-22,7680,7720,7390,7420,56226,-0.030065359477124187
2024-08-23,7420,7480,7250,7410,27059,-0.0013477088948786742
2024-08-26,7440,7540,7290,7300,25516,-0.014844804318488558
2024-08-27,7230,7510,7230,7420,49478,0.016438356164383494
2024-08-28,7420,7620,7410,7550,26163,0.017520215633423097
2024-08-29,7500,7910,7500,7610,90218,0.007947019867549754
2024-08-30,7590,7720,7550,7640,37784,0.003942181340341744
2024-09-02,7640,7710,7520,7610,36085,-0.003926701570680646
2024-09-03,7570,7650,7370,7370,24644,-0.031537450722733285
2024-09-04,7160,7250,6880,7140,49328,-0.031207598371777445
2024-09-05,7130,7200,6810,6910,46254,-0.03221288515406162
2024-09-06,6910,6920,6490,6560,55143,-0.05065123010130246
2024-09-09,6550,7550,6440,6660,151202,0.015243902439024293
2024-09-10,6670,6750,6580,6710,23218,0.007507507507507505
2024-09-11,6760,6770,6540,6540,24522,-0.025335320417287588
2024-09-12,6550,6830,6550,6760,14673,0.033639143730886945
2024-09-13,6710,6870,6710,6850,29475,0.013313609467455523
2024-09-19,6850,7000,6710,6770,25493,-0.011678832116788329
2024-09-20,6620,7060,6620,7020,28302,0.03692762186115206
2024-09-23,7020,7030,6920,7010,14710,-0.0014245014245014564
2024-09-24,7010,7020,6850,6930,17835,-0.011412268188302432
2024-09-25,7000,7100,6690,6800,52655,-0.018759018759018753
2024-09-26,7670,7800,6920,7150,293099,0.05147058823529416
2024-09-27,7240,7240,7030,7060,41272,-0.012587412587412583
2024-09-30,7100,7100,6890,6930,33508,-0.018413597733711096
2024-10-02,6890,6890,6650,6720,35608,-0.030303030303030276
2024-10-04,6720,6930,6720,6800,13590,0.011904761904761862
2024-10-07,6800,7040,6800,7040,11620,0.03529411764705892
2024-10-08,7000,7080,6900,6920,18543,-0.017045454545454586
2024-10-10,6940,7010,6780,6780,19638,-0.020231213872832332
2024-10-11,6740,6840,6730,6770,22173,-0.001474926253687281
2024-10-14,6770,6900,6720,6860,30771,0.013293943870014813
2024-10-15,6920,7050,6870,7030,24069,0.02478134110787167
2024-10-16,7030,7070,6920,7060,14014,0.004267425320056972
2024-10-17,7010,7100,7000,7060,26024,0.0
2024-10-18,7100,7250,7060,7120,47580,0.008498583569405138
2024-10-21,7130,7270,7070,7190,40142,0.00983146067415741
2024-10-22,7190,7190,6780,6820,32664,-0.05146036161335188
2024-10-23,6820,6870,6650,6700,29797,-0.017595307917888547
2024-10-24,6700,6700,6580,6610,16558,-0.013432835820895495
2024-10-25,6610,7010,6520,6530,81450,-0.012102874432677768
2024-10-28,6520,6560,6470,6510,15723,-0.003062787136294043
2024-10-29,6510,6510,6390,6420,17119,-0.01382488479262678
2024-10-30,6420,6650,6420,6570,25764,0.02336448598130847
2024-10-31,6570,6570,6340,6340,29352,-0.03500761035007616
2024-11-01,6400,6400,6120,6180,28221,-0.025236593059936863
2024-11-04,6030,6310,6010,6260,37151,0.012944983818770295
2024-11-05,6260,6380,6170,6250,13896,-0.0015974440894568342
2024-11-06,6250,6650,6240,6280,51800,0.0047999999999999154
2024-11-07,6280,6300,6090,6090,32310,-0.030254777070063743
2024-11-08,6160,6280,5830,5950,49882,-0.02298850574712641
2024-11-11,5950,6000,5630,5780,51758,-0.02857142857142858
2024-11-12,5800,5800,5540,5740,47455,-0.00692041522491349
2024-11-13,5680,5700,5250,5260,73711,-0.08362369337979092
2024-11-14,5280,5400,5050,5050,41884,-0.03992395437262353
2024-11-15,5010,5300,5010,5300,30247,0.04950495049504955
2024-11-18,5300,5570,5300,5500,13550,0.037735849056603765
2024-11-19,5480,5570,5410,5510,11477,0.0018181818181817189
2024-11-20,5510,5570,5360,5550,18541,0.007259528130671544
2024-11-21,5550,5580,5430,5460,12705,-0.01621621621621616
2024-11-22,5390,5740,5390,5430,29952,-0.005494505494505475
2024-11-25,5420,5560,5420,5540,15106,0.0202578268876612
2024-11-26,5560,5700,5540,5680,12976,0.025270758122743597
2024-11-27,5680,6850,5550,5980,1557461,0.052816901408450745
2024-11-28,5970,6170,5830,5970,147102,-0.0016722408026755842
2024-11-29,5930,6070,5780,5840,86201,-0.021775544388609736
2024-12-02,5850,6030,5680,5700,52973,-0.023972602739726012
2024-12-03,5720,5800,5650,5700,37797,0.0
2024-12-04,5440,5690,5400,5440,57621,-0.04561403508771933
2024-12-05,5400,5450,5320,5330,28455,-0.020220588235294157
2024-12-06,5260,5330,5010,5130,62691,-0.03752345215759845
2024-12-09,5070,5090,4810,4835,86022,-0.05750487329434695
2024-12-10,4835,5230,4835,5090,51659,0.052740434332988695
2024-12-11,5090,5410,5090,5390,28617,0.058939096267190516
2024-12-12,5390,5580,5390,5570,18001,0.033395176252319025
2024-12-13,5580,5700,5410,5700,30037,0.02333931777378817
2024-12-16,5700,5770,5580,5620,33149,-0.01403508771929829
2024-12-17,5620,5720,5570,5630,25077,0.001779359430605032
2024-12-18,5630,5700,5580,5700,11598,0.01243339253996445
2024-12-19,5570,5650,5570,5590,9716,-0.019298245614035037
2024-12-20,5620,5620,5330,5330,21688,-0.046511627906976716
2024-12-23,5330,5460,5310,5380,17831,0.009380863039399667
2024-12-24,5380,5490,5360,5400,14931,0.0037174721189590088
2024-12-26,5360,5520,5360,5450,18380,0.0092592592592593
2024-12-27,5450,5500,5180,5310,24532,-0.025688073394495414
2024-12-30,5310,5520,5280,5360,20317,0.009416195856873921
2025-01-02,5300,5670,5300,5640,34827,0.052238805970149294
2025-01-03,5530,5720,5530,5650,13294,0.0017730496453900457
2025-01-06,5650,5840,5650,5820,33417,0.030088495575221197
2025-01-07,5810,5860,5730,5750,10713,-0.012027491408934665
2025-01-08,5740,5940,5720,5900,32225,0.026086956521739202
2025-01-09,5910,5910,5680,5720,70644,-0.03050847457627115
2025-01-10,5720,5810,5710,5730,8792,0.0017482517482516613
2025-01-13,5760,5820,5700,5800,19352,0.01221640488656206
2025-01-14,5800,5870,5730,5860,11228,0.010344827586206806
2025-01-15,5850,5850,5670,5680,14839,-0.030716723549488067
2025-01-16,5710,5780,5710,5760,5560,0.014084507042253502
2025-01-17,5790,5830,5740,5790,6875,0.005208333333333259
2025-01-20,5790,5790,5650,5780,8069,-0.0017271157167529916
2025-01-21,5780,5800,5660,5690,11081,-0.01557093425605538
2025-01-22,5640,5920,5640,5840,19010,0.026362038664323295
2025-01-23,5830,6110,5830,5980,56056,0.023972602739726012
2025-01-24,5970,6150,5960,6060,18922,0.013377926421404673
2025-01-31,6140,6170,5930,6060,36516,0.0
2025-02-03,6040,6040,5800,5990,23769,-0.011551155115511524
2025-02-04,5960,6080,5950,6010,21771,0.0033388981636059967
2025-02-05,5970,6350,5940,6060,88829,0.008319467554076532
2025-02-06,6180,6440,6100,6370,70986,0.05115511551155105
2025-02-07,6350,6400,6130,6220,30286,-0.023547880690737877
2025-02-10,6290,6300,6060,6160,21553,-0.009646302250803873
2025-02-11,6160,7840,6090,7130,2266516,0.15746753246753253
2025-02-12,7200,7340,6650,6890,290291,-0.033660589060308554
2025-02-13,6900,6970,6680,6900,147606,0.0014513788098693414
2025-02-14,6890,6950,6680,6680,119108,-0.03188405797101446
2025-02-17,6680,7070,6680,7000,164468,0.0479041916167664
2025-02-18,7120,7120,6790,6970,147256,-0.004285714285714337
2025-02-19,7000,7800,6970,7010,228382,0.0057388809182210565
2025-02-20,7220,7220,6790,6860,108303,-0.021398002853067033
2025-02-21,6870,6960,6720,6750,49652,-0.01603498542274051
2025-02-24,6720,6790,6610,6700,52136,-0.007407407407407418
2025-02-25,6750,6750,6550,6590,26385,-0.016417910447761197
2025-02-26,6660,6880,6570,6720,49762,0.019726858877086473
2025-02-27,6800,6800,6590,6590,23149,-0.019345238095238138
2025-02-28,6550,6660,6350,6350,34857,-0.036418816388467334
2025-03-04,6150,6490,6150,6340,23610,-0.0015748031496063408
2025-03-05,6340,6560,6340,6550,14605,0.03312302839116721
2025-03-06,6530,6610,6490,6550,15024,0.0
2025-03-07,6550,6550,6400,6440,19480,-0.016793893129770976
2025-03-10,6410,6640,6400,6550,15801,0.017080745341614856
2025-03-11,6410,6520,6310,6470,22882,-0.012213740458015265
2025-03-12,6470,6550,6420,6490,9826,0.0030911901081915882
2025-03-13,6520,6580,6380,6380,22409,-0.016949152542372836
2025-03-14,6380,6470,6340,6360,7295,-0.0031347962382445305
2025-03-17,6320,6450,6320,6400,20805,0.0062893081761006275
2025-03-18,6330,6410,6310,6340,29066,-0.009375000000000022
2025-03-19,6410,6410,6310,6310,6701,-0.004731861198738141
2025-03-20,6300,6350,6200,6250,16818,-0.009508716323296307
2025-03-21,6280,6280,6020,6020,38495,-0.036800000000000055
2025-03-24,6020,6080,5960,5980,31119,-0.006644518272425293
2025-03-25,6000,6050,5850,5900,26323,-0.013377926421404673
2025-03-26,5860,6070,5860,5920,17364,0.003389830508474523
2025-03-27,5790,5910,5790,5790,29570,-0.02195945945945943
2025-03-28,5720,5820,5480,5490,74795,-0.051813471502590636
2025-03-31,5550,5550,5330,5450,25680,-0.007285974499089298
2025-04-01,5490,5690,5490,5570,10843,0.022018348623853212
2025-04-02,5580,5640,5400,5520,7290,-0.008976660682226245
2025-04-03,5480,5580,5420,5580,6104,0.010869565217391353
2025-04-04,5540,5590,5410,5580,11714,0.0
2025-04-07,5350,5560,5290,5290,37387,-0.05197132616487454
2025-04-08,5300,5530,5300,5500,14677,0.03969754253308122
2025-04-09,5490,5560,5350,5440,24538,-0.010909090909090868
2025-04-10,5600,5690,5440,5660,14783,0.040441176470588314
2025-04-11,5620,5800,5560,5660,14926,0.0
2025-04-14,5770,5890,5650,5810,26701,0.026501766784452263
2025-04-15,5820,5840,5730,5830,12521,0.0034423407917383297
2025-04-16,5860,5880,5690,5750,15421,-0.013722126929674117
2025-04-17,5760,5860,5700,5770,11083,0.003478260869565153
2025-04-18,5800,5900,5750,5890,7656,0.020797227036395194
2025-04-21,5900,5930,5830,5900,15634,0.001697792869269854
2025-04-22,5910,5910,5780,5810,9503,-0.015254237288135575
2025-04-23,5870,5930,5790,5930,10862,0.0206540447504302
2025-04-24,5930,5930,5860,5930,6080,0.0
2025-04-25,5930,5940,5800,5840,17576,-0.015177065767284947
2025-04-28,5840,5900,5810,5850,19992,0.001712328767123239
2025-04-29,5880,5910,5800,5900,12382,0.008547008547008517
2025-04-30,5840,5890,5810,5860,6171,-0.006779661016949157
2025-05-02,5820,5900,5750,5750,10658,-0.018771331058020424
2025-05-07,5750,5760,5670,5670,10811,-0.013913043478260834
2025-05-08,5620,5790,5620,5790,9727,0.021164021164021163
2025-05-09,5790,7520,5700,7520,1108051,0.298791018998273
2025-05-12,8600,9000,7500,7620,5767909,0.013297872340425565
2025-05-13,7740,8020,7300,7510,1066391,-0.014435695538057791
2025-05-14,7500,7500,7170,7350,452124,-0.02130492676431428
2025-05-15,7450,9550,7050,9170,13857504,0.24761904761904763
2025-05-16,8930,8960,8260,8590,2113084,-0.06324972737186474
2025-05-19,8480,8550,7900,8010,683232,-0.06752037252619325
2025-05-20,8390,9800,8380,8660,12953482,0.08114856429463169
2025-05-21,8670,8690,8260,8650,843510,-0.0011547344110854896
2025-05-22,8610,8610,7920,7930,516690,-0.08323699421965314
2025-05-23,7880,8290,7600,7800,527204,-0.016393442622950838
2025-05-26,7700,8110,7600,8040,313807,0.03076923076923066
2025-05-27,8400,8600,7670,7700,557319,-0.04228855721393032
2025-05-28,7650,8860,7650,7960,3229633,0.033766233766233666
2025-05-29,8020,8200,7820,8000,337274,0.005025125628140614
2025-05-30,8040,8220,7930,8090,303238,0.011249999999999982
2025-06-02,8040,8820,8010,8690,1732415,0.07416563658838071
2025-06-04,8630,8880,8450,8730,659928,0.004602991944764101
2025-06-05,8740,8740,8330,8430,419372,-0.03436426116838487
2025-06-09,8530,9150,8510,8920,1530406,0.058125741399762676
2025-06-10,9030,9360,8710,9020,849824,0.011210762331838486
2025-06-11,9010,9010,8680,8840,323214,-0.019955654101995512
2025-06-12,8870,8920,8530,8560,283288,-0.03167420814479638
2025-06-13,8670,8670,7960,8030,253336,-0.06191588785046731
2025-06-16,7910,8320,7880,8270,239649,0.0298879202988791
2025-06-17,8270,8370,7980,8240,169534,-0.0036275695284159193
2025-06-18,8180,8460,8030,8400,244901,0.01941747572815533
2025-06-19,8460,8590,8080,8140,121641,-0.030952380952380953
2025-06-20,8090,8220,7900,8150,103121,0.0012285012285011554
2025-06-23,8050,8100,7870,8010,93715,-0.01717791411042946
2025-06-24,8020,8340,8020,8200,131773,0.02372034956304625
2025-06-25,8250,8250,7920,8050,88083,-0.018292682926829285
2025-06-26,8120,8120,7740,7810,100476,-0.029813664596273326
2025-06-27,7810,8180,7720,7950,120346,0.017925736235595346
2025-06-30,7870,7920,7730,7730,54588,-0.02767295597484276
2025-07-01,7780,7920,7690,7790,72943,0.0077619663648125226
2025-07-02,7880,7880,7530,7630,72417,-0.020539152759948665
2025-07-03,7690,7805,7620,7710,42493,0.010484927916120546
2025-07-04,7710,7790,7530,7530,70359,-0.023346303501945553
2025-07-07,7530,7620,7440,7530,44646,0.0
2025-07-08,7530,7650,7470,7480,33701,-0.006640106241699861
2025-07-09,7520,7570,7430,7530,37042,0.006684491978609541
2025-07-10,7600,7600,7430,7480,40532,-0.006640106241699861
2025-07-11,7450,7500,7270,7360,74575,-0.016042780748663055
2025-07-14,7300,7400,7260,7330,59187,-0.0040760869565217295
2025-07-15,7290,7340,7190,7330,48113,0.0
2025-07-16,7360,7390,7210,7300,52553,-0.004092769440654842
2025-07-17,7320,7650,7280,7570,124294,0.03698630136986303
2025-07-18,7550,7570,7390,7510,60259,-0.00792602377807139
2025-07-21,7470,7560,7470,7470,32027,-0.005326231691078598
2025-07-22,7490,7520,7250,7250,46933,-0.029451137884872858
2025-07-23,7350,7410,7130,7220,64562,-0.004137931034482789
2025-07-24,7150,7310,7080,7080,50633,-0.01939058171745156
2025-07-25,7070,7220,7040,7050,59826,-0.004237288135593209
2025-07-28,7100,7240,7000,7150,26274,0.014184397163120588
2025-07-29,7150,7230,7080,7200,33555,0.006993006993007089
2025-07-30,7210,7300,7180,7180,24336,-0.002777777777777768
2025-07-31,7180,7200,7100,7150,26151,-0.004178272980501441
2025-08-01,7170,7170,6710,6710,85809,-0.06153846153846154
2025-08-04,6710,6990,6700,6890,53809,0.02682563338301036
2025-08-05,6870,7020,6810,6890,30137,0.0
2025-08-06,6930,7000,6800,6860,18328,-0.004354136429608135
2025-08-07,6860,6900,6700,6760,23689,-0.014577259475218707
2025-08-08,6830,6900,6730,6850,33468,0.013313609467455523
2025-08-11,6980,6980,6660,6670,42451,-0.026277372262773713
2025-08-12,6680,6960,6670,6680,86239,0.0014992503748125774
2025-08-13,6680,6810,6680,6770,24170,0.013473053892215647
2025-08-14,6750,6860,6750,6800,11271,0.004431314623338345
2025-08-18,6800,6800,6540,6560,38305,-0.03529411764705881
2025-08-19,6610,6620,6480,6570,26359,0.0015243902439023849
2025-08-20,6400,6480,5890,6150,143141,-0.0639269406392694
2025-08-21,6150,6490,6150,6320,61270,0.027642276422764178
2025-08-22,6260,6440,6260,6300,32692,-0.0031645569620253333
2025-08-25,6400,6470,6320,6320,17738,0.0031746031746031633
2025-08-26,6340,6530,6280,6440,27805,0.018987341772152
2025-08-27,6400,6460,6360,6360,26554,-0.012422360248447228
2025-08-28,6280,6380,6280,6350,20495,-0.0015723270440252124
2025-08-29,6350,6400,6220,6220,24731,-0.020472440944881876
2025-09-01,6220,6230,6100,6140,37295,-0.012861736334405127
2025-09-02,6150,6360,6150,6260,25857,0.019543973941368087
2025-09-03,6260,6420,6250,6330,37757,0.011182108626198062
2025-09-04,6330,6430,6330,6380,23082,0.00789889415481837
2025-09-05,6400,6450,6270,6290,34436,-0.014106583072100332
2025-09-08,6320,6590,6320,6560,79311,0.042925278219395846
2025-09-09,6550,6570,6460,6500,24964,-0.009146341463414642
2025-09-10,6500,6550,6430,6500,26144,0.0
2025-09-11,6480,6570,6430,6470,25294,-0.004615384615384577
2025-09-12,6580,6660,6490,6600,43004,0.020092735703245657
2025-09-15,6600,6670,6450,6550,43425,-0.007575757575757569
2025-09-16,6550,6630,6490,6580,35363,0.004580152671755711
2025-09-17,6580,6580,6440,6580,31491,0.0
2025-09-18,6580,6600,6520,6550,35531,-0.00455927051671734
2025-09-19,6560,6610,6460,6540,30270,-0.0015267175572518665
2025-09-22,6570,6590,6480,6500,24838,-0.006116207951070374
2025-09-23,6490,7460,6490,6840,729470,0.05230769230769239
2025-09-24,6700,8890,6590,8130,9461764,0.1885964912280702
2025-09-25,7920,8040,7450,7660,1473937,-0.05781057810578105
2025-09-26,7600,7600,6920,6950,788060,-0.09268929503916445
2025-09-29,6980,7120,6900,7030,329565,0.011510791366906581
2025-09-30,7030,7220,6750,6880,348143,-0.02133712660028453
2025-10-01,6840,7000,6830,6880,146048,0.0
2025-10-02,6920,7020,6820,6880,205238,0.0
2025-10-10,6910,7060,6820,7060,173094,0.026162790697674465
2025-10-13,6900,7010,6780,6940,124301,-0.016997167138810165
2025-10-14,6960,7010,6600,6700,222554,-0.03458213256484155
2025-10-15,6690,6770,6650,6760,68265,0.008955223880596996
2025-10-16,6740,6800,6610,6610,91358,-0.022189349112425982
2025-10-17,6610,6670,6470,6470,119615,-0.021180030257186067
2025-10-20,6420,6620,6420,6580,53768,0.01700154559505407
2025-10-21,6640,6680,6500,6550,80188,-0.00455927051671734
2025-10-22,6520,6680,6370,6590,87607,0.006106870229007688
2025-10-23,6620,6640,6460,6460,44281,-0.019726858877086473
2025-10-24,6470,6550,6390,6390,54566,-0.010835913312693513
2025-10-27,6470,6590,6370,6550,58494,0.025039123630672844
2025-10-28,6580,6700,6530,6540,55537,-0.0015267175572518665
2025-10-29,6610,6660,6500,6520,70105,-0.003058103975535187
2025-10-30,6470,6590,6250,6280,103566,-0.036809815950920255
2025-10-31,6330,6490,6280,6420,58889,0.022292993630573354
2025-11-03,6420,6540,6250,6400,87776,-0.0031152647975077885
2025-11-04,6370,6570,6270,6400,54884,0.0
2025-11-05,6570,6570,6150,6400,82563,0.0
2025-11-06,6400,6550,6230,6350,60367,-0.0078125
2025-11-07,6300,6380,6070,6200,68294,-0.023622047244094446
2025-11-10,6180,6340,6180,6330,38043,0.020967741935483897
2025-11-11,6350,6440,6170,6230,50132,-0.01579778830963663
2025-11-12,6200,6550,6200,6540,62331,0.049759229534510396
2025-11-13,6540,6600,6430,6530,32160,-0.001529051987767538
2025-11-14,6530,6540,6330,6340,52560,-0.029096477794793296
2025-11-17,6430,6460,6330,6330,29687,-0.001577287066246047
2025-11-18,6260,6380,6100,6150,53624,-0.028436018957345932
2025-11-19,6120,6240,5990,6150,35051,0.0
2025-11-20,6160,6290,6160,6280,16014,0.021138211382113914
2025-11-21,6230,6250,6040,6050,50349,-0.0366242038216561
2025-11-24,6060,6190,6010,6100,20442,0.008264462809917328
2025-11-25,6100,6200,5900,5990,63761,-0.0180327868852459
2025-11-26,6020,6120,5960,6000,23275,0.0016694490818029983
2025-11-27,6020,6100,6000,6050,22165,0.008333333333333304
2025-11-28,6080,6350,6050,6310,50942,0.04297520661157028
2025-12-01,6270,6390,6240,6310,37871,0.0
2025-12-02,6340,6350,6260,6330,20293,0.0031695721077653616
2025-12-03,6330,6420,6300,6390,45083,0.009478672985782088
2025-12-04,6390,6410,6300,6350,31689,-0.006259780907668211
2025-12-05,6350,6390,6210,6380,45075,0.0047244094488188
2025-12-08,6300,6450,6190,6250,68337,-0.020376175548589393
