Date,Open,High,Low,Close,Volume,Change
2022-01-03,1255,1265,1215,1225,304105,-0.0239043824701195
2022-01-04,1230,1250,1225,1240,183232,0.012244897959183598
2022-01-05,1240,1240,1215,1230,120811,-0.008064516129032251
2022-01-06,1215,1270,1210,1240,317078,0.008130081300812941
2022-01-07,1245,1260,1225,1250,121032,0.008064516129032251
2022-01-10,1260,1285,1235,1245,161809,-0.0040000000000000036
2022-01-11,1230,1245,1220,1230,148070,-0.012048192771084376
2022-01-12,1225,1260,1220,1235,108327,0.004065040650406582
2022-01-13,1240,1250,1225,1235,46205,0.0
2022-01-14,1235,1245,1225,1240,67338,0.004048582995951344
2022-01-17,1235,1240,1220,1230,74859,-0.008064516129032251
2022-01-18,1225,1235,1195,1215,132685,-0.012195121951219523
2022-01-19,1200,1210,1180,1190,116337,-0.020576131687242816
2022-01-20,1185,1215,1185,1215,68328,0.021008403361344463
2022-01-21,1215,1220,1190,1200,95091,-0.012345679012345734
2022-01-24,1180,1195,1150,1175,115141,-0.02083333333333337
2022-01-25,1170,1170,1090,1115,167718,-0.051063829787234005
2022-01-26,1100,1120,1090,1120,126070,0.004484304932735439
2022-01-27,1110,1110,1040,1040,161450,-0.0714285714285714
2022-01-28,1025,1105,1015,1065,128342,0.024038461538461453
2022-02-03,1080,1120,1070,1100,113186,0.032863849765258246
2022-02-04,1100,1130,1100,1130,57566,0.027272727272727337
2022-02-07,1130,1140,1095,1100,59999,-0.026548672566371723
2022-02-08,1115,1130,1095,1105,68151,0.00454545454545463
2022-02-09,1105,1135,1070,1120,69459,0.013574660633484115
2022-02-10,1120,1130,1100,1105,21821,-0.013392857142857095
2022-02-11,1105,1120,1085,1100,59422,-0.004524886877828038
2022-02-14,1065,1080,1035,1045,87750,-0.050000000000000044
2022-02-15,1030,1100,1030,1055,94465,0.009569377990430672
2022-02-16,1055,1085,1055,1070,53971,0.014218009478673022
2022-02-17,1070,1095,1055,1070,59797,0.0
2022-02-18,1060,1085,1045,1085,29392,0.014018691588784993
2022-02-21,1100,1100,1065,1080,39900,-0.004608294930875556
2022-02-22,1080,1080,1040,1050,50291,-0.02777777777777779
2022-02-23,1050,1075,1050,1050,46269,0.0
2022-02-24,1055,1060,998,1015,154174,-0.033333333333333326
2022-02-25,1025,1050,1015,1025,72459,0.009852216748768461
2022-02-28,1020,1035,1010,1025,53512,0.0
2022-03-02,1025,1040,1000,1025,79505,0.0
2022-03-03,1025,1050,1025,1050,126093,0.024390243902439046
2022-03-04,1050,1055,1035,1045,34448,-0.004761904761904745
2022-03-07,1045,1050,1010,1020,46964,-0.02392344497607657
2022-03-08,1020,1020,1000,1010,43553,-0.009803921568627416
2022-03-10,1015,1035,1000,1010,58781,0.0
2022-03-11,1010,1035,1010,1025,32879,0.014851485148514865
2022-03-14,1040,1040,996,997,52296,-0.02731707317073173
2022-03-15,997,1010,994,999,32966,0.0020060180541625616
2022-03-16,1000,1295,1000,1120,4920335,0.12112112112112117
2022-03-17,1120,1120,1080,1090,313575,-0.0267857142857143
2022-03-18,1090,1115,1085,1090,215822,0.0
2022-03-21,1100,1110,1085,1085,127872,-0.004587155963302725
2022-03-22,1085,1170,1075,1135,953126,0.04608294930875578
2022-03-23,1145,1150,1125,1140,250440,0.004405286343612369
2022-03-24,1140,1140,1110,1125,123704,-0.013157894736842146
2022-03-25,1125,1140,1115,1115,108783,-0.008888888888888835
2022-03-28,1115,1145,1105,1125,112346,0.008968609865470878
2022-03-29,1125,1140,1120,1135,105352,0.008888888888888946
2022-03-30,1145,1145,1110,1110,64399,-0.022026431718061623
2022-03-31,1125,1140,1115,1120,77707,0.009009009009008917
2022-04-01,1135,1140,1120,1135,116171,0.013392857142857206
2022-04-04,1150,1155,1130,1150,159951,0.013215859030837107
2022-04-05,1165,1165,1150,1155,144348,0.004347826086956497
2022-04-06,1160,1240,1155,1170,581113,0.01298701298701288
2022-04-07,1170,1225,1170,1180,457641,0.008547008547008517
2022-04-08,1180,1200,1120,1150,177573,-0.025423728813559365
2022-04-11,1155,1215,1155,1190,169138,0.034782608695652195
2022-04-12,1180,1185,1130,1160,87851,-0.025210084033613467
2022-04-13,1160,1180,1150,1170,52472,0.008620689655172376
2022-04-14,1190,1240,1170,1225,373627,0.047008547008547064
2022-04-15,1225,1235,1170,1230,253002,0.004081632653061273
2022-04-18,1215,1285,1205,1245,522841,0.012195121951219523
2022-04-19,1245,1375,1200,1265,2520097,0.016064257028112428
2022-04-20,1270,1365,1260,1265,1108441,0.0
2022-04-21,1310,1310,1265,1275,191118,0.007905138339920903
2022-04-22,1275,1455,1260,1350,4622977,0.05882352941176472
2022-04-25,1350,1475,1315,1395,3005785,0.03333333333333344
2022-04-26,1385,1420,1285,1405,1606242,0.007168458781362075
2022-04-27,1375,1420,1285,1290,1041008,-0.08185053380782914
2022-04-28,1325,1360,1225,1305,1063060,0.011627906976744207
2022-04-29,1305,1350,1255,1270,481204,-0.026819923371647514
2022-05-02,1270,1370,1260,1325,376874,0.04330708661417315
2022-05-03,1325,1380,1290,1345,579731,0.015094339622641506
2022-05-04,1345,1450,1330,1405,1584758,0.044609665427509215
2022-05-06,1400,1400,1325,1395,420986,-0.007117437722419906
2022-05-09,1375,1390,1270,1275,463145,-0.08602150537634412
2022-05-10,1275,1275,1170,1210,379348,-0.050980392156862786
2022-05-11,1205,1245,1190,1215,182798,0.004132231404958775
2022-05-12,1200,1230,1095,1110,567543,-0.0864197530864198
2022-05-13,1110,1135,1100,1120,110107,0.009009009009008917
2022-05-16,1120,1215,1120,1175,230186,0.049107142857142794
2022-05-17,1175,1200,1140,1160,158868,-0.012765957446808529
2022-05-18,1160,1165,1130,1160,77944,0.0
2022-05-19,1130,1170,1130,1150,61777,-0.008620689655172376
2022-05-20,1145,1215,1145,1190,193293,0.034782608695652195
2022-05-23,1205,1320,1195,1245,924252,0.04621848739495804
2022-05-24,1245,1275,1190,1195,490111,-0.04016064257028118
2022-05-25,1195,1205,1145,1145,211494,-0.04184100418410042
2022-05-26,1145,1165,1120,1150,149180,0.004366812227074135
2022-05-27,1360,1495,1330,1400,23800858,0.21739130434782616
2022-05-30,1375,1420,1325,1335,3817563,-0.046428571428571375
2022-05-31,1405,1525,1335,1345,6859814,0.0074906367041198685
2022-06-02,1345,1355,1300,1315,1065597,-0.022304832713754608
2022-06-03,1305,1315,1270,1280,690070,-0.026615969581749055
2022-06-07,1260,1265,1220,1240,552561,-0.03125
2022-06-08,1240,1240,1220,1225,275136,-0.012096774193548376
2022-06-09,1220,1225,1190,1190,409519,-0.02857142857142858
2022-06-10,1190,1255,1180,1245,917214,0.04621848739495804
2022-06-13,1200,1215,1155,1155,506902,-0.07228915662650603
2022-06-14,1155,1170,1080,1120,501925,-0.030303030303030276
2022-06-15,1120,1150,1025,1065,479362,-0.049107142857142905
2022-06-16,1075,1100,1065,1065,223831,0.0
2022-06-17,1020,1080,1010,1080,273187,0.014084507042253502
2022-06-20,1130,1130,1015,1020,387599,-0.05555555555555558
2022-06-21,1010,1070,1010,1065,311804,0.044117647058823595
2022-06-22,1080,1120,1030,1045,523296,-0.018779342723004744
2022-06-23,1050,1070,995,995,392605,-0.04784688995215314
2022-06-24,1010,1045,1005,1040,286543,0.045226130653266416
2022-06-27,1040,1060,1005,1045,239278,0.004807692307692291
2022-06-28,1035,1065,1020,1050,152005,0.004784688995215225
2022-06-29,1030,1055,1015,1055,174456,0.004761904761904745
2022-06-30,1060,1060,1020,1025,128514,-0.028436018957345932
2022-07-01,1020,1045,1000,1015,115879,-0.009756097560975618
2022-07-04,1015,1025,985,1000,124519,-0.014778325123152691
2022-07-05,1000,1015,994,1015,119888,0.014999999999999902
2022-07-06,1015,1020,995,1010,108685,-0.0049261083743842304
2022-07-07,1015,1020,1000,1015,60691,0.004950495049504955
2022-07-08,1030,1035,1010,1030,89043,0.014778325123152802
2022-07-11,1030,1035,1010,1015,75344,-0.014563106796116498
2022-07-12,1015,1110,998,1005,402216,-0.009852216748768461
2022-07-13,1010,1015,1000,1005,83212,0.0
2022-07-14,1005,1015,1000,1010,58561,0.004975124378109541
2022-07-15,1010,1015,992,999,123587,-0.0108910891089109
2022-07-18,999,1010,999,1000,107841,0.0010010010010010895
2022-07-19,1010,1025,1000,1025,95597,0.02499999999999991
2022-07-20,1020,1040,1010,1020,126789,-0.004878048780487809
2022-07-21,1035,1035,1015,1030,86212,0.009803921568627416
2022-07-22,1030,1035,1020,1025,70910,-0.004854368932038833
2022-07-25,1035,1040,1010,1015,105422,-0.009756097560975618
2022-07-26,1015,1040,1010,1035,107221,0.019704433497536922
2022-07-27,1020,1045,1015,1040,83962,0.004830917874396157
2022-07-28,1040,1050,1035,1045,61123,0.004807692307692291
2022-07-29,1045,1050,1035,1040,56822,-0.004784688995215336
2022-08-01,1040,1055,1035,1040,122124,0.0
2022-08-02,1030,1040,1020,1020,87352,-0.019230769230769273
2022-08-03,1020,1035,1015,1025,101013,0.004901960784313708
2022-08-04,1035,1040,1025,1040,70368,0.014634146341463428
2022-08-05,1055,1055,1030,1045,90614,0.004807692307692291
2022-08-08,1035,1045,1030,1045,56859,0.0
2022-08-09,1050,1065,1035,1065,214710,0.019138755980861344
2022-08-10,1080,1130,1075,1080,590619,0.014084507042253502
2022-08-11,1085,1120,1070,1090,231447,0.0092592592592593
2022-08-12,1090,1115,1080,1100,65157,0.00917431192660545
2022-08-16,1100,1100,1065,1070,124617,-0.027272727272727226
2022-08-17,1070,1085,1060,1075,77172,0.004672897196261738
2022-08-18,1060,1080,1050,1080,78755,0.0046511627906977715
2022-08-19,1200,1340,1135,1150,11483023,0.06481481481481488
2022-08-22,1090,1095,1055,1060,1239561,-0.07826086956521738
2022-08-23,1130,1210,1095,1100,3312638,0.037735849056603765
2022-08-24,1090,1125,1085,1110,480563,0.009090909090909038
2022-08-25,1135,1135,1100,1125,351042,0.013513513513513598
2022-08-26,1130,1130,1100,1105,270908,-0.01777777777777778
2022-08-29,1050,1085,1045,1060,235235,-0.040723981900452455
2022-08-30,1060,1090,1060,1080,187283,0.018867924528301883
2022-08-31,1040,1075,1030,1055,232711,-0.02314814814814814
2022-09-01,1055,1065,1045,1055,165612,0.0
2022-09-02,1045,1070,1040,1060,145423,0.004739336492890933
2022-09-05,1065,1080,1040,1055,151305,-0.004716981132075526
2022-09-06,1045,1105,1045,1080,280827,0.023696682464454888
2022-09-07,1080,1085,1050,1070,82529,-0.0092592592592593
2022-09-08,1060,1095,1050,1085,185494,0.014018691588784993
2022-09-13,1085,1100,1060,1090,208829,0.004608294930875667
2022-09-14,1065,1085,1055,1065,160244,-0.022935779816513735
2022-09-15,1065,1085,1055,1075,122596,0.009389671361502261
2022-09-16,1065,1080,1055,1075,124647,0.0
2022-09-19,1165,1165,1075,1075,938205,0.0
2022-09-20,1115,1150,1090,1130,840921,0.051162790697674376
2022-09-21,1180,1180,1095,1120,878771,-0.008849557522123908
2022-09-22,1085,1090,1050,1070,455831,-0.044642857142857095
2022-09-23,1060,1095,1060,1080,269861,0.009345794392523255
2022-09-26,1055,1075,975,989,648839,-0.08425925925925926
2022-09-27,996,996,942,950,407250,-0.039433771486349856
2022-09-28,950,963,882,900,350383,-0.052631578947368474
2022-09-29,980,1130,980,1000,3015589,0.11111111111111116
2022-09-30,993,1180,992,1060,3322083,0.06000000000000005
2022-10-04,1035,1070,1005,1020,967422,-0.037735849056603765
2022-10-05,1025,1035,951,960,814883,-0.05882352941176472
2022-10-06,960,980,954,965,332837,0.005208333333333259
2022-10-07,965,990,949,972,292828,0.007253886010362587
2022-10-11,948,950,904,904,320733,-0.06995884773662553
2022-10-12,900,935,898,927,186576,0.025442477876106206
2022-10-13,927,927,900,901,166816,-0.028047464940668787
2022-10-14,915,928,907,913,154428,0.013318534961154205
2022-10-17,913,923,890,921,110858,0.008762322015334112
2022-10-18,921,995,916,992,521189,0.07709011943539634
2022-10-19,991,998,960,980,337008,-0.012096774193548376
2022-10-20,980,996,969,988,213978,0.008163265306122547
2022-10-21,978,988,975,976,115837,-0.012145748987854255
2022-10-24,977,985,970,976,125728,0.0
2022-10-25,976,981,955,956,88316,-0.020491803278688492
2022-10-26,956,956,900,914,266975,-0.043933054393305415
2022-10-27,914,930,914,924,117802,0.010940919037199182
2022-10-28,927,927,914,922,104412,-0.0021645021645021467
2022-10-31,915,921,904,910,97005,-0.013015184381778733
2022-11-01,912,916,908,914,64328,0.00439560439560438
2022-11-02,914,915,908,912,37863,-0.002188183807439792
2022-11-03,910,920,891,911,102213,-0.0010964912280702066
2022-11-04,911,920,897,918,64262,0.007683863885839637
2022-11-07,921,948,920,943,130104,0.027233115468409563
2022-11-08,943,943,920,935,122710,-0.008483563096500557
2022-11-09,938,950,933,950,124584,0.016042780748663166
2022-11-10,981,995,942,952,205997,0.002105263157894832
2022-11-11,962,971,948,950,172159,-0.0021008403361344463
2022-11-14,951,1085,951,981,2371069,0.032631578947368345
2022-11-15,988,995,972,981,176593,0.0
2022-11-16,984,1020,984,1005,353363,0.024464831804281273
2022-11-17,1005,1005,976,982,150432,-0.022885572139303534
2022-11-18,992,1005,983,992,135170,0.010183299389002087
2022-11-21,1000,1000,974,989,126887,-0.003024193548387122
2022-11-22,983,989,959,963,89801,-0.02628918099089994
2022-11-23,963,973,956,958,83719,-0.005192107995846351
2022-11-24,989,989,963,976,34467,0.018789144050104456
2022-11-25,976,981,962,962,59850,-0.014344262295082011
2022-11-28,967,976,948,960,78702,-0.0020790020790020236
2022-11-29,946,960,943,957,44494,-0.0031250000000000444
2022-11-30,957,977,942,977,68512,0.020898641588296796
2022-12-01,999,999,973,981,78265,0.004094165813715467
2022-12-02,981,991,976,986,45125,0.0050968399592252744
2022-12-05,1005,1105,1000,1025,1052222,0.03955375253549698
2022-12-06,1025,1040,1000,1030,257860,0.004878048780487809
2022-12-07,1025,1025,988,998,161091,-0.031067961165048508
2022-12-08,998,998,971,981,86785,-0.017034068136272507
2022-12-09,981,999,972,994,56980,0.013251783893985625
2022-12-12,1000,1030,994,994,148534,0.0
2022-12-13,994,1010,978,980,106169,-0.014084507042253502
2022-12-14,999,999,981,990,40945,0.010204081632652962
2022-12-15,1005,1005,979,991,88405,0.0010101010101009056
2022-12-16,991,991,972,979,51793,-0.012108980827447047
2022-12-19,979,979,960,966,43606,-0.013278855975485171
2022-12-20,966,966,934,935,115306,-0.03209109730848858
2022-12-21,935,952,933,934,45128,-0.0010695187165775666
2022-12-22,943,946,937,945,38880,0.01177730192719495
2022-12-23,960,979,930,941,131140,-0.004232804232804255
2022-12-26,941,941,912,917,55405,-0.025504782146652527
2022-12-27,917,923,910,914,79291,-0.0032715376226826187
2022-12-28,918,918,914,914,31925,0.0
2022-12-29,908,910,894,896,44633,-0.01969365426695846
2023-01-02,892,900,879,879,82845,-0.0189732142857143
2023-01-03,879,889,849,889,123125,0.011376564277588264
2023-01-04,889,892,863,891,42960,0.0022497187851517886
2023-01-05,899,903,895,900,29059,0.010101010101010166
2023-01-06,900,935,900,929,72707,0.03222222222222215
2023-01-09,929,946,929,941,68182,0.012917115177610405
2023-01-10,941,1000,941,997,470939,0.05951115834218923
2023-01-11,1030,1030,997,998,155810,0.0010030090270811698
2023-01-12,1015,1090,994,1025,733314,0.027054108216432837
2023-01-13,1025,1055,930,999,408571,-0.025365853658536608
2023-01-16,1000,1020,978,978,211458,-0.02102102102102099
2023-01-17,978,1010,978,993,164979,0.015337423312883347
2023-01-18,993,1005,984,990,70797,-0.0030211480362537513
2023-01-19,990,990,974,974,53755,-0.016161616161616155
2023-01-20,974,983,973,980,42147,0.006160164271047153
2023-01-25,984,1000,984,996,180910,0.01632653061224487
2023-01-26,1000,1020,986,996,75805,0.0
2023-01-27,1001,1007,992,999,105896,0.003012048192771122
2023-01-30,999,1002,981,983,73922,-0.016016016016015988
2023-01-31,983,985,961,975,78446,-0.008138351983723258
2023-02-01,975,987,968,987,56618,0.012307692307692353
2023-02-02,998,998,987,991,71228,0.004052684903748771
2023-02-03,991,997,985,985,62161,-0.006054490413723523
2023-02-06,994,1020,983,995,189170,0.010152284263959421
2023-02-07,995,1006,988,996,152665,0.0010050251256281673
2023-02-08,996,1006,995,995,126329,-0.0010040160642570406
2023-02-09,1004,1004,985,992,95891,-0.0030150753768843908
2023-02-10,992,993,963,980,76193,-0.012096774193548376
2023-02-13,980,994,973,986,79818,0.00612244897959191
2023-02-14,960,992,960,980,51625,-0.006085192697768749
2023-02-15,977,983,955,959,114360,-0.021428571428571463
2023-02-16,952,995,952,989,195206,0.031282586027111536
2023-02-17,989,995,981,982,50671,-0.00707785642062686
2023-02-20,977,983,970,981,51282,-0.0010183299389001643
2023-02-21,991,995,983,987,33167,0.006116207951070374
2023-02-22,987,991,976,978,68351,-0.00911854103343468
2023-02-23,973,1000,970,972,121655,-0.006134969325153339
2023-02-24,976,992,949,955,230235,-0.017489711934156382
2023-02-27,939,981,937,962,277041,0.00732984293193728
2023-02-28,962,978,946,955,76119,-0.007276507276507305
2023-03-02,955,960,939,948,96324,-0.007329842931937169
2023-03-03,939,949,934,949,74285,0.001054852320675037
2023-03-06,938,943,926,928,90874,-0.02212855637513167
2023-03-07,928,934,910,918,95504,-0.010775862068965525
2023-03-08,922,964,918,961,305736,0.046840958605664396
2023-03-09,961,961,911,938,88774,-0.02393340270551514
2023-03-10,937,938,915,920,72260,-0.019189765458422214
2023-03-13,915,915,891,898,123164,-0.023913043478260843
2023-03-14,891,892,849,851,175821,-0.0523385300668151
2023-03-15,848,863,841,849,39291,-0.002350176263219761
2023-03-16,849,865,841,864,60872,0.0176678445229681
2023-03-17,864,878,864,864,42366,0.0
2023-03-20,877,886,870,877,47629,0.01504629629629628
2023-03-21,885,892,885,885,37609,0.009122006841505215
2023-03-22,885,889,875,876,51617,-0.01016949152542368
2023-03-23,864,871,854,854,58408,-0.02511415525114158
2023-03-24,841,851,831,845,60927,-0.010538641686182681
2023-03-27,845,847,834,843,53108,-0.002366863905325478
2023-03-28,843,851,839,841,37697,-0.0023724792408066353
2023-03-29,841,854,837,848,29356,0.00832342449464929
2023-03-30,873,873,842,857,63784,0.010613207547169878
2023-03-31,850,862,847,848,54310,-0.010501750291715295
2023-04-03,846,867,831,862,91310,0.01650943396226423
2023-04-04,862,870,862,864,68644,0.002320185614849146
2023-04-05,856,865,820,844,288723,-0.02314814814814814
2023-04-06,849,852,834,837,140177,-0.008293838862559189
2023-04-07,841,851,838,847,50235,0.01194743130227005
2023-04-10,847,859,833,836,97455,-0.012987012987012991
2023-04-11,836,975,831,863,1414389,0.03229665071770338
2023-04-12,863,917,860,878,354839,0.017381228273464666
2023-04-13,878,893,873,887,136441,0.010250569476081939
2023-04-14,888,913,887,900,125271,0.014656144306651742
2023-04-17,900,915,840,889,152122,-0.012222222222222245
2023-04-18,888,895,863,895,74684,0.006749156355455588
2023-04-19,895,896,881,888,45304,-0.007821229050279377
2023-04-20,888,888,870,872,70172,-0.018018018018018056
2023-04-21,866,904,866,899,153310,0.03096330275229353
2023-04-24,899,912,888,888,118858,-0.012235817575083408
2023-04-25,885,895,879,893,62185,0.005630630630630629
2023-04-26,888,910,870,909,193737,0.01791713325867872
2023-04-27,918,918,870,882,58330,-0.02970297029702973
2023-04-28,883,894,881,885,72961,0.00340136054421758
2023-05-02,885,897,885,895,77288,0.011299435028248483
2023-05-03,895,900,885,900,43621,0.005586592178770999
2023-05-04,885,916,881,915,208621,0.016666666666666607
2023-05-08,915,924,901,906,117977,-0.00983606557377048
2023-05-09,913,928,906,928,85108,0.024282560706401668
2023-05-10,920,965,901,950,240614,0.0237068965517242
2023-05-11,1012,1225,1003,1140,17002871,0.19999999999999996
2023-05-12,1147,1355,1046,1229,14800275,0.0780701754385964
2023-05-15,1137,1191,1070,1070,4486688,-0.12937347436940605
2023-05-16,1110,1340,1071,1193,19622871,0.11495327102803743
2023-05-17,1204,1399,1194,1240,16044109,0.039396479463537304
2023-05-18,1225,1225,1149,1159,1005928,-0.06532258064516128
2023-05-19,1180,1180,1070,1105,1082197,-0.046591889559965516
2023-05-22,1119,1125,1080,1107,844730,0.0018099547511312153
2023-05-23,1104,1166,1077,1094,1742397,-0.011743450767841002
2023-05-24,1094,1094,1031,1061,1083095,-0.030164533820840944
2023-05-25,1066,1100,1045,1059,410632,-0.0018850141376060003
2023-05-26,1059,1059,1016,1042,606843,-0.016052880075542952
2023-05-30,1037,1042,980,1041,545975,-0.0009596928982725794
2023-05-31,1041,1074,1000,1042,487585,0.0009606147934677622
2023-06-01,1070,1070,1019,1028,374648,-0.013435700575815779
2023-06-02,1029,1110,1028,1090,1136306,0.060311284046692615
2023-06-05,1090,1104,1054,1082,464170,-0.007339449541284404
2023-06-07,1073,1082,1040,1042,332036,-0.0369685767097967
2023-06-08,1044,1053,1027,1035,248164,-0.006717850287907834
2023-06-09,1036,1056,1035,1044,208227,0.008695652173912993
2023-06-12,1044,1064,1030,1064,221710,0.019157088122605304
2023-06-13,1070,1071,1046,1047,197450,-0.015977443609022535
2023-06-14,1047,1052,1026,1036,209256,-0.010506208213944657
2023-06-15,1029,1030,997,1002,209011,-0.032818532818532864
2023-06-16,1009,1020,999,1020,125710,0.017964071856287456
2023-06-19,1020,1034,1015,1016,86652,-0.0039215686274509665
2023-06-20,1024,1025,1000,1006,114445,-0.009842519685039353
2023-06-21,1006,1006,991,994,210750,-0.011928429423459286
2023-06-22,994,1005,985,1003,101367,0.0090543259557343
2023-06-23,993,1002,983,991,86620,-0.011964107676969093
2023-06-26,991,1013,985,1006,160191,0.015136226034308864
2023-06-27,1020,1030,1007,1025,142544,0.018886679920477212
2023-06-28,1025,1031,1005,1005,119782,-0.019512195121951237
2023-06-29,1005,1012,985,985,129859,-0.01990049751243783
2023-06-30,980,1003,980,999,81310,0.014213197969543234
2023-07-03,1009,1047,1005,1027,228236,0.028028028028028062
2023-07-04,1038,1060,1034,1036,155673,0.008763388510223846
2023-07-05,1050,1050,997,997,226602,-0.037644787644787625
2023-07-06,997,1005,988,996,120323,-0.0010030090270812808
2023-07-07,991,1004,982,993,120536,-0.003012048192771122
2023-07-10,983,1002,977,985,72735,-0.00805639476334341
2023-07-11,985,1007,981,1000,69968,0.015228426395939021
2023-07-12,1000,1009,982,997,117557,-0.0030000000000000027
2023-07-13,1006,1006,990,991,77300,-0.006018054162487463
2023-07-14,991,998,977,978,161627,-0.013118062563067578
2023-07-17,978,990,970,987,141652,0.009202453987730008
2023-07-18,987,997,975,975,115679,-0.012158054711246202
2023-07-19,1008,1014,978,979,190218,0.004102564102564044
2023-07-20,990,997,962,974,113553,-0.005107252298263587
2023-07-21,974,984,915,948,221385,-0.026694045174537995
2023-07-24,948,948,861,893,294366,-0.058016877637130815
2023-07-25,893,922,871,917,134968,0.026875699888017968
2023-07-26,917,927,864,864,217709,-0.05779716466739371
2023-07-27,860,886,840,880,125671,0.0185185185185186
2023-07-28,880,925,872,914,85039,0.03863636363636358
2023-07-31,919,943,919,943,72338,0.03172866520787743
2023-08-01,943,949,934,945,138175,0.0021208907741250282
2023-08-02,942,942,902,914,216556,-0.032804232804232836
2023-08-03,907,910,887,899,103098,-0.01641137855579866
2023-08-04,899,905,885,902,64356,0.0033370411568409697
2023-08-07,902,913,897,900,56610,-0.0022172949002217113
2023-08-08,900,903,882,882,118746,-0.020000000000000018
2023-08-09,882,891,880,889,102032,0.007936507936507908
2023-08-10,889,908,878,908,135142,0.021372328458942658
2023-08-11,908,908,897,898,60809,-0.011013215859030812
2023-08-14,898,905,887,887,57204,-0.012249443207126953
2023-08-16,887,892,867,880,75786,-0.007891770011273946
2023-08-17,870,875,856,870,161544,-0.011363636363636354
2023-08-18,850,867,845,857,87916,-0.014942528735632177
2023-08-21,853,862,848,855,84722,-0.002333722287047868
2023-08-22,857,872,851,857,54422,0.002339181286549641
2023-08-23,857,877,850,867,48612,0.011668611435239118
2023-08-24,867,868,857,865,44828,-0.0023068050749711633
2023-08-25,865,867,855,860,101161,-0.005780346820809301
2023-08-28,860,870,853,862,114330,0.0023255813953488857
2023-08-29,862,867,857,862,78224,0.0
2023-08-30,862,895,862,888,128220,0.030162412993039345
2023-08-31,888,1154,888,1152,19245208,0.29729729729729737
2023-09-01,1090,1090,995,999,3419928,-0.1328125
2023-09-04,989,989,931,970,1069448,-0.02902902902902904
2023-09-05,963,1261,962,1261,18052551,0.30000000000000004
2023-09-06,1350,1624,1328,1445,23081353,0.14591593973037265
2023-09-07,1411,1550,1340,1352,5840201,-0.06435986159169549
2023-09-08,1352,1615,1351,1514,11345755,0.11982248520710059
2023-09-11,1514,1582,1503,1525,4380291,0.007265521796565366
2023-09-12,1513,1520,1376,1444,1887885,-0.05311475409836064
2023-09-13,1470,1580,1383,1434,4546843,-0.006925207756232732
2023-09-14,1450,1451,1389,1439,952305,0.0034867503486750717
2023-09-15,1433,1447,1373,1447,917464,0.005559416261292638
2023-09-18,1447,1600,1447,1600,3167424,0.10573600552868001
2023-09-19,1590,1598,1480,1540,1824556,-0.03749999999999998
2023-09-20,1540,1540,1441,1508,907484,-0.020779220779220786
2023-09-21,1508,1508,1411,1452,710052,-0.037135278514588865
2023-09-22,1524,1597,1350,1354,1691755,-0.06749311294765836
2023-09-25,1370,1730,1363,1632,14067901,0.20531757754800584
2023-09-26,1645,1890,1585,1632,14098051,0.0
2023-09-27,1420,1590,1385,1529,2533215,-0.06311274509803921
2023-10-04,1484,1500,1416,1429,707249,-0.065402223675605
2023-10-05,1432,1475,1350,1377,907975,-0.03638908327501744
2023-10-06,1365,1450,1365,1423,441894,0.03340595497458243
2023-10-10,1423,1435,1290,1309,764025,-0.08011243851018979
2023-10-11,1318,1388,1318,1378,320015,0.05271199388846437
2023-10-12,1370,1699,1350,1690,7007721,0.2264150943396226
2023-10-13,1694,1863,1631,1776,5400668,0.050887573964496946
2023-10-16,1759,1934,1723,1900,5024278,0.06981981981981988
2023-10-17,1855,1999,1808,1881,3688320,-0.010000000000000009
2023-10-18,1873,1914,1813,1830,1266889,-0.027113237639553422
2023-10-19,1811,1910,1749,1840,1045145,0.005464480874316946
2023-10-20,1822,1941,1766,1896,2818754,0.0304347826086957
2023-10-23,2280,2290,1760,1760,10223985,-0.07172995780590719
2023-10-24,1740,1866,1678,1794,2729050,0.01931818181818179
2023-10-25,1794,2090,1789,1894,9178663,0.05574136008918629
2023-10-26,1885,1890,1547,1565,4195964,-0.17370644139387537
2023-10-27,1550,1710,1549,1599,2550369,0.021725239616613434
2023-10-30,1591,1621,1506,1511,1268548,-0.05503439649781117
2023-10-31,1511,1575,1425,1460,1246520,-0.03375248180013235
2023-11-01,1476,1670,1476,1597,2900162,0.09383561643835625
2023-11-02,1590,1614,1540,1611,882173,0.008766437069505306
2023-11-03,1611,1626,1561,1601,735672,-0.0062073246430788265
2023-11-06,1604,1645,1518,1550,1287873,-0.03185509056839475
2023-11-07,1550,1950,1530,1880,18061585,0.2129032258064516
2023-11-08,1920,2195,1826,1913,17619009,0.01755319148936163
2023-11-09,1890,1960,1829,1845,3070467,-0.035546262415054874
2023-11-10,1845,1923,1765,1900,2710299,0.02981029810298108
2023-11-13,1881,2020,1881,1921,5131777,0.011052631578947425
2023-11-14,1933,1982,1896,1909,1954740,-0.006246746486205157
2023-11-15,1909,2450,1887,2400,20935539,0.25720272393923516
2023-11-16,2480,2790,2380,2690,27551796,0.12083333333333335
2023-11-17,2700,2770,2620,2710,9495022,0.0074349442379182396
2023-11-20,2885,3070,2720,2805,15165049,0.035055350553505615
2023-11-21,2850,2880,2680,2680,5411473,-0.0445632798573975
2023-11-22,2625,3265,2605,3140,32575977,0.17164179104477606
2023-11-23,3100,3185,2805,2930,9113813,-0.06687898089171973
2023-11-24,3205,3265,3010,3135,11109763,0.06996587030716728
2023-11-27,3135,3135,2730,2785,6365248,-0.11164274322169054
2023-11-28,2745,2965,2680,2785,6457375,0.0
2023-11-29,2775,2775,2580,2665,4142489,-0.04308797127468578
2023-11-30,2620,2835,2565,2770,4643392,0.039399624765478425
2023-12-01,2745,2875,2655,2725,2858885,-0.016245487364620947
2023-12-04,2695,2730,2590,2645,1875956,-0.029357798165137616
2023-12-05,2600,2630,2485,2525,2460760,-0.04536862003780717
2023-12-06,2515,2690,2455,2585,2173852,0.023762376237623783
2023-12-07,2545,2580,2335,2395,2752860,-0.07350096711798837
2023-12-08,2420,2595,2355,2470,2846507,0.03131524008350728
2023-12-11,2495,2625,2435,2460,1884909,-0.004048582995951455
2023-12-12,2460,2480,2330,2420,1627437,-0.016260162601625994
2023-12-13,2430,2460,2345,2380,1155716,-0.016528925619834656
2023-12-14,2470,2490,2270,2300,1591674,-0.03361344537815125
2023-12-15,2300,2360,2250,2310,1355513,0.004347826086956497
2023-12-18,2395,2520,2345,2470,3281234,0.06926406926406936
2023-12-19,2460,2670,2365,2645,2545060,0.07085020242914974
2023-12-20,2610,2610,2490,2515,2193967,-0.04914933837429114
2023-12-21,2530,2560,2115,2165,4240053,-0.13916500994035785
2023-12-22,2180,2255,2040,2070,2390168,-0.04387990762124716
2023-12-26,2085,2385,2085,2100,4571598,0.01449275362318847
2023-12-27,1949,1956,1690,1827,4867541,-0.13
2023-12-28,1840,1980,1840,1938,2440822,0.06075533661740562
2024-01-02,1912,1970,1851,1863,995306,-0.03869969040247678
2024-01-03,1875,1879,1777,1805,1194250,-0.031132581857219566
2024-01-04,1800,1800,1674,1732,1959143,-0.04044321329639888
2024-01-05,1708,1752,1690,1707,790179,-0.01443418013856812
2024-01-08,1725,1749,1698,1702,675181,-0.0029291154071470205
2024-01-09,1726,1744,1697,1710,660679,0.004700352526439522
2024-01-10,1730,1730,1663,1672,543171,-0.022222222222222254
2024-01-11,1650,1692,1635,1638,724924,-0.020334928229665095
2024-01-12,1636,1649,1566,1613,755172,-0.015262515262515208
2024-01-15,1658,1667,1595,1615,664333,0.001239925604463732
2024-01-16,1629,1629,1584,1601,445910,-0.008668730650154832
2024-01-17,1602,1623,1557,1577,485336,-0.01499063085571517
2024-01-18,1580,1608,1554,1560,401303,-0.010779961953075512
2024-01-19,1600,1618,1544,1584,722083,0.01538461538461533
2024-01-22,1504,1544,1451,1485,931776,-0.0625
2024-01-23,1486,1700,1453,1635,4551733,0.101010101010101
2024-01-24,1600,1630,1513,1562,1004644,-0.04464831804281344
2024-01-25,1530,1554,1509,1517,527194,-0.028809218950064053
2024-01-26,1517,1594,1501,1571,518497,0.03559657218193801
2024-01-29,1572,1640,1557,1583,952549,0.007638446849140612
2024-01-30,1596,1615,1535,1570,513861,-0.008212255211623498
2024-01-31,1555,1602,1509,1515,554329,-0.035031847133757954
2024-02-01,1485,1520,1470,1511,514702,-0.0026402640264026056
2024-02-02,1512,1549,1506,1513,285558,0.001323626737260053
2024-02-05,1513,1527,1475,1500,402850,-0.008592200925313986
2024-02-06,1499,1520,1471,1482,319652,-0.01200000000000001
2024-02-07,1482,1545,1482,1483,280858,0.0006747638326585204
2024-02-08,1520,1540,1490,1539,315276,0.03776129467296019
2024-02-13,1539,1617,1520,1608,733092,0.04483430799220267
2024-02-14,1595,1685,1574,1679,836493,0.04415422885572129
2024-02-15,1692,1692,1633,1644,557406,-0.02084574151280527
2024-02-16,1650,1660,1608,1624,431055,-0.012165450121654486
2024-02-19,1649,1705,1633,1659,691088,0.02155172413793105
2024-02-20,1660,1689,1630,1637,337797,-0.013261000602772799
2024-02-21,1640,1677,1590,1596,344153,-0.02504581551618812
2024-02-22,1604,1645,1579,1609,254758,0.008145363408521344
2024-02-23,1614,1627,1583,1590,206753,-0.011808576755748867
2024-02-26,1590,1634,1582,1612,334027,0.01383647798742138
2024-02-27,1595,1668,1592,1646,477425,0.021091811414392092
2024-02-28,1636,1694,1619,1633,520025,-0.007897934386391303
2024-02-29,1616,1659,1598,1650,368088,0.010410287813839458
2024-03-04,1668,1740,1665,1721,1169542,0.043030303030302974
2024-03-05,1717,1742,1670,1690,776519,-0.018012783265543342
2024-03-06,1690,1740,1660,1676,603554,-0.008284023668639007
2024-03-07,1676,1677,1583,1606,650994,-0.0417661097852029
2024-03-08,1606,1630,1556,1582,452038,-0.01494396014943955
2024-03-11,1580,1596,1525,1527,455740,-0.03476611883691527
2024-03-12,1528,1528,1475,1499,449490,-0.018336607727570398
2024-03-13,1499,1508,1480,1488,313453,-0.007338225483655814
2024-03-14,1488,1493,1434,1455,401091,-0.022177419354838745
2024-03-15,1440,1478,1426,1450,333517,-0.0034364261168384758
2024-03-18,1449,1456,1415,1456,315538,0.004137931034482678
2024-03-19,1451,1451,1406,1413,335158,-0.02953296703296704
2024-03-20,1413,1433,1386,1404,427807,-0.006369426751592355
2024-03-21,1395,1428,1391,1425,252988,0.014957264957264904
2024-03-22,1425,1425,1359,1365,616708,-0.04210526315789476
2024-03-25,1365,1391,1326,1335,514820,-0.02197802197802201
2024-03-26,1335,1361,1314,1329,268124,-0.004494382022471877
2024-03-27,1335,1335,1301,1310,270730,-0.014296463506395796
2024-03-28,1311,1330,1300,1324,181838,0.010687022900763399
2024-03-29,1330,1429,1330,1409,1138959,0.0641993957703928
2024-04-01,1409,1443,1372,1405,484124,-0.002838892831795614
2024-04-02,1405,1405,1288,1308,772338,-0.06903914590747329
2024-04-03,1308,1330,1264,1280,328818,-0.021406727828746197
2024-04-04,1280,1302,1268,1295,157315,0.01171875
2024-04-05,1295,1297,1253,1254,232121,-0.031660231660231686
2024-04-08,1254,1264,1230,1250,259729,-0.0031897926634768536
2024-04-09,1250,1316,1248,1285,306340,0.028000000000000025
2024-04-11,1238,1256,1120,1223,830071,-0.048249027237354136
2024-04-12,1181,1259,1181,1250,300255,0.022076860179885527
2024-04-15,1250,1250,1183,1207,230126,-0.034399999999999986
2024-04-16,1207,1207,1167,1171,143757,-0.029826014913007404
2024-04-17,1171,1218,1171,1215,206060,0.03757472245943627
2024-04-18,1215,1268,1215,1264,185810,0.04032921810699586
2024-04-19,1263,1263,1202,1220,211176,-0.034810126582278444
2024-04-22,1208,1250,1208,1235,99569,0.012295081967213184
2024-04-23,1236,1254,1218,1219,97466,-0.012955465587044523
2024-04-24,1220,1257,1220,1249,69277,0.024610336341263306
2024-04-25,1236,1243,1208,1209,153544,-0.03202562049639712
2024-04-26,1209,1227,1178,1200,209895,-0.007444168734491274
2024-04-29,1201,1233,1190,1233,132337,0.02750000000000008
2024-04-30,1239,1258,1219,1247,190435,0.011354420113544261
2024-05-02,1247,1321,1236,1300,463133,0.042502004811547645
2024-05-03,1300,1318,1275,1293,161439,-0.005384615384615432
2024-05-07,1300,1332,1298,1319,256312,0.02010827532869297
2024-05-08,1333,1386,1316,1373,431844,0.04094010614101595
2024-05-09,1381,1381,1350,1356,172778,-0.012381646030589999
2024-05-10,1356,1366,1314,1325,160043,-0.02286135693215341
2024-05-13,1325,1347,1317,1344,148118,0.014339622641509342
2024-05-14,1350,1456,1331,1415,1126468,0.05282738095238093
2024-05-16,1437,1700,1437,1641,6264532,0.1597173144876325
2024-05-17,1634,1654,1557,1633,1196323,-0.0048750761730651515
2024-05-20,1657,1711,1609,1615,1330616,-0.01102265768524191
2024-05-21,1616,1678,1588,1675,783317,0.037151702786377694
2024-05-22,1682,1717,1568,1577,1192756,-0.05850746268656715
2024-05-23,1600,1679,1545,1677,965872,0.06341154090044387
2024-05-24,1665,1674,1624,1625,543042,-0.03100775193798455
2024-05-27,1674,1674,1586,1600,502404,-0.01538461538461533
2024-05-28,1599,1619,1536,1592,476393,-0.0050000000000000044
2024-05-29,1573,1609,1532,1533,308703,-0.037060301507537696
2024-05-30,1503,1577,1479,1542,472899,0.005870841487279899
2024-05-31,1542,1700,1542,1675,1108017,0.08625162127107644
2024-06-03,1687,1739,1633,1733,1191895,0.03462686567164175
2024-06-04,1729,1732,1657,1686,497481,-0.027120600115406845
2024-06-05,1687,1721,1633,1676,431273,-0.005931198102016588
2024-06-07,1678,1680,1600,1623,457851,-0.0316229116945107
2024-06-10,1623,1773,1610,1710,1191092,0.05360443622920519
2024-06-11,1726,1761,1681,1742,738571,0.01871345029239757
2024-06-12,1742,1789,1716,1730,777680,-0.006888633754305373
2024-06-13,1800,1801,1665,1711,938004,-0.010982658959537539
2024-06-14,1707,1759,1678,1732,880870,0.012273524254821755
2024-06-17,1799,1806,1640,1655,1677658,-0.04445727482678985
2024-06-18,1657,1686,1588,1616,691050,-0.023564954682779415
2024-06-19,1616,1645,1585,1638,402577,0.013613861386138515
2024-06-20,1670,1724,1635,1664,1063866,0.015873015873015817
2024-06-21,1687,1687,1561,1570,661534,-0.05649038461538458
2024-06-24,1570,1587,1465,1500,945973,-0.04458598726114649
2024-06-25,1486,1580,1485,1503,266044,0.0020000000000000018
2024-06-26,1530,1530,1476,1486,192213,-0.01131071190951427
2024-06-27,1479,1501,1450,1479,282092,-0.004710632570659512
2024-06-28,1460,1520,1460,1491,259851,0.008113590263691739
2024-07-01,1501,1505,1447,1447,294448,-0.02951039570757885
2024-07-02,1466,1466,1423,1440,219736,-0.004837595024188013
2024-07-03,1432,1443,1400,1407,204365,-0.022916666666666696
2024-07-04,1407,1457,1407,1407,137303,0.0
2024-07-05,1410,1428,1370,1376,262439,-0.022032693674484682
2024-07-08,1376,1423,1370,1407,171557,0.022529069767441845
2024-07-09,1395,1439,1388,1398,144136,-0.006396588486140775
2024-07-10,1420,1642,1401,1590,3304798,0.13733905579399153
2024-07-11,1574,1574,1517,1536,661508,-0.03396226415094339
2024-07-12,1500,1545,1500,1530,366709,-0.00390625
2024-07-15,1532,1559,1480,1507,334808,-0.015032679738562038
2024-07-16,1514,1514,1445,1506,400346,-0.0006635700066357497
2024-07-17,1506,1561,1478,1486,388152,-0.013280212483399723
2024-07-18,1480,1480,1422,1439,344311,-0.031628532974428025
2024-07-19,1425,1459,1399,1429,265161,-0.006949270326615742
2024-07-22,1429,1444,1360,1418,180377,-0.007697690692792136
2024-07-23,1415,1438,1390,1390,194654,-0.019746121297602226
2024-07-24,1390,1418,1301,1310,615592,-0.05755395683453235
2024-07-25,1299,1330,1271,1305,222457,-0.003816793893129722
2024-07-26,1305,1315,1289,1303,97895,-0.0015325670498084198
2024-07-29,1303,1379,1303,1335,164906,0.024558710667689887
2024-07-30,1349,1350,1300,1310,131691,-0.01872659176029967
2024-07-31,1304,1329,1304,1328,83149,0.013740458015267132
2024-08-01,1350,1394,1337,1371,228247,0.032379518072289226
2024-08-02,1328,1365,1303,1309,253823,-0.0452224653537564
2024-08-05,1305,1305,1149,1187,451154,-0.09320091673032849
2024-08-06,1177,1250,1177,1228,179337,0.034540859309182714
2024-08-07,1228,1319,1228,1294,155944,0.05374592833876224
2024-08-08,1294,1318,1250,1294,163204,0.0
2024-08-09,1300,1350,1300,1333,157892,0.030139103554868596
2024-08-12,1333,1370,1332,1361,84574,0.021005251312828266
2024-08-13,1365,1388,1344,1388,163329,0.019838354151359372
2024-08-14,1383,1481,1383,1424,385517,0.025936599423631135
2024-08-16,1425,1428,1355,1365,307931,-0.0414325842696629
2024-08-19,1352,1378,1337,1359,125337,-0.00439560439560438
2024-08-20,1368,1394,1359,1382,138457,0.016924208977189048
2024-08-21,1369,1381,1315,1369,107843,-0.00940665701881327
2024-08-22,1369,1439,1350,1391,187571,0.016070124178232392
2024-08-23,1391,1391,1355,1355,67249,-0.025880661394680038
2024-08-26,1356,1367,1326,1353,70686,-0.0014760147601475815
2024-08-27,1339,1384,1325,1381,74604,0.020694752402069527
2024-08-28,1380,1383,1341,1362,59973,-0.013758146270818283
2024-08-29,1362,1379,1341,1354,93109,-0.005873715124816492
2024-08-30,1341,1377,1341,1356,71078,0.001477104874446189
2024-09-02,1356,1374,1309,1330,80504,-0.019174041297935096
2024-09-03,1329,1341,1287,1292,114070,-0.02857142857142858
2024-09-04,1265,1265,1226,1235,156757,-0.044117647058823484
2024-09-05,1249,1261,1210,1218,120058,-0.013765182186234792
2024-09-06,1218,1229,1199,1202,87634,-0.013136288998357948
2024-09-09,1150,1211,1150,1211,78403,0.0074875207986688785
2024-09-10,1220,1220,1199,1200,47886,-0.009083402146985997
2024-09-11,1194,1216,1161,1174,90117,-0.021666666666666612
2024-09-12,1174,1209,1174,1208,66936,0.028960817717206044
2024-09-13,1210,1210,1140,1180,259314,-0.023178807947019875
2024-09-19,1187,1190,1157,1164,138049,-0.013559322033898313
2024-09-20,1185,1410,1170,1260,4218609,0.08247422680412364
2024-09-23,1260,1340,1246,1292,473467,0.025396825396825307
2024-09-24,1314,1350,1274,1290,232905,-0.001547987616099089
2024-09-25,1290,1348,1272,1337,270402,0.0364341085271318
2024-09-26,1352,1369,1327,1365,187063,0.020942408376963373
2024-09-27,1364,1399,1341,1377,167548,0.00879120879120876
2024-09-30,1372,1372,1304,1320,179893,-0.04139433551198257
2024-10-02,1319,1325,1263,1321,267910,0.0007575757575757347
2024-10-04,1314,1320,1289,1296,111981,-0.018925056775170312
2024-10-07,1296,1344,1296,1337,104937,0.03163580246913589
2024-10-08,1325,1361,1310,1346,102601,0.006731488406880981
2024-10-10,1341,1407,1341,1405,507610,0.04383358098068357
2024-10-11,1395,1399,1351,1389,213044,-0.011387900355871894
2024-10-14,1389,1400,1378,1395,123256,0.004319654427645814
2024-10-15,1395,1397,1359,1382,112748,-0.009318996415770608
2024-10-16,1375,1386,1341,1370,130724,-0.00868306801736618
2024-10-17,1370,1405,1341,1347,181036,-0.016788321167883202
2024-10-18,1347,1376,1347,1366,43281,0.01410541945063093
2024-10-21,1340,1366,1336,1362,36435,-0.002928257686676372
2024-10-22,1362,1362,1304,1330,113669,-0.023494860499265746
2024-10-23,1328,1369,1304,1358,112279,0.021052631578947434
2024-10-24,1351,1417,1346,1381,214201,0.016936671575846773
2024-10-25,1365,1447,1346,1445,486315,0.04634322954380887
2024-10-28,1445,1502,1418,1480,617662,0.02422145328719716
2024-10-29,1480,1489,1458,1476,157520,-0.002702702702702675
2024-10-30,1487,1487,1440,1454,200441,-0.01490514905149054
2024-10-31,1480,1495,1438,1445,286529,-0.0061898211829436445
2024-11-01,1444,1444,1410,1412,147814,-0.02283737024221455
2024-11-04,1411,1439,1405,1434,130104,0.015580736543909346
2024-11-05,1434,1506,1430,1490,367332,0.03905160390516049
2024-11-06,1505,1505,1456,1489,236660,-0.0006711409395973034
2024-11-07,1489,1489,1444,1457,117890,-0.02149093351242448
2024-11-08,1457,1473,1415,1423,121931,-0.02333562113932741
2024-11-11,1435,1442,1351,1364,196774,-0.04146170063246657
2024-11-12,1364,1364,1288,1302,371618,-0.045454545454545414
2024-11-13,1304,1318,1260,1278,126108,-0.018433179723502335
2024-11-14,1268,1303,1261,1283,112732,0.00391236306729259
2024-11-15,1284,1375,1245,1375,321267,0.0717069368667187
2024-11-18,1350,1352,1295,1318,328534,-0.04145454545454541
2024-11-19,1305,1306,1266,1266,247644,-0.039453717754172946
2024-11-20,1267,1295,1234,1249,500705,-0.013428120063191162
2024-11-21,1249,1266,1229,1248,127156,-0.0008006405124099114
2024-11-22,1258,1331,1258,1320,541889,0.05769230769230771
2024-11-25,1330,1380,1211,1253,671330,-0.05075757575757578
2024-11-26,1265,1305,1251,1299,236105,0.036711891460494916
2024-11-27,1306,1306,1260,1280,357112,-0.014626635873749017
2024-11-28,1311,1355,1281,1332,296836,0.04062499999999991
2024-11-29,1333,1355,1313,1334,207481,0.0015015015015014122
2024-12-02,1334,1334,1276,1289,207486,-0.033733133433283324
2024-12-03,1276,1299,1270,1290,95957,0.0007757951900697613
2024-12-04,1379,1655,1351,1630,7458881,0.26356589147286824
2024-12-05,1437,1496,1354,1416,2940609,-0.13128834355828223
2024-12-06,1405,1654,1392,1498,5307297,0.057909604519774005
2024-12-09,1435,1517,1276,1346,2859082,-0.10146862483311081
2024-12-10,1280,1529,1275,1412,3133866,0.04903417533432397
2024-12-11,1368,1389,1286,1301,2124324,-0.0786118980169972
2024-12-12,1322,1379,1265,1283,2185435,-0.013835511145272816
2024-12-13,1284,1308,1241,1299,1332610,0.01247077162899446
2024-12-16,1167,1190,1092,1127,3063281,-0.13240954580446496
2024-12-17,1134,1165,1116,1150,1333044,0.020408163265306145
2024-12-18,1151,1179,1141,1176,505080,0.022608695652173827
2024-12-19,1136,1174,1136,1151,526776,-0.021258503401360596
2024-12-20,1151,1151,1085,1085,877621,-0.05734144222415294
2024-12-23,1102,1127,1076,1087,316617,0.0018433179723502668
2024-12-24,1100,1107,1082,1103,285824,0.014719411223551138
2024-12-26,1105,1118,1065,1080,517667,-0.020852221214868516
2024-12-27,1080,1115,1060,1064,336150,-0.014814814814814836
2024-12-30,1054,1128,1054,1125,543778,0.05733082706766912
2025-01-02,1145,1165,1115,1164,351440,0.03466666666666662
2025-01-03,1164,1172,1145,1162,502634,-0.0017182130584192379
2025-01-06,1200,1220,1132,1156,755745,-0.005163511187607606
2025-01-07,1168,1197,1167,1180,332332,0.02076124567474058
2025-01-08,1195,1197,1171,1185,281369,0.004237288135593209
2025-01-09,1182,1188,1155,1173,221735,-0.010126582278481067
2025-01-10,1165,1191,1162,1191,303668,0.01534526854219953
2025-01-13,1188,1233,1183,1222,425973,0.02602854743912686
2025-01-14,1237,1237,1200,1222,232568,0.0
2025-01-15,1230,1234,1192,1200,246835,-0.018003273322422242
2025-01-16,1202,1216,1191,1197,208431,-0.0024999999999999467
2025-01-17,1202,1203,1132,1181,203369,-0.013366750208855471
2025-01-20,1185,1205,1177,1186,215952,0.0042337002540220325
2025-01-21,1186,1213,1132,1170,282897,-0.013490725126475533
2025-01-22,1181,1181,1140,1149,215388,-0.017948717948717996
2025-01-23,1149,1159,1133,1147,116186,-0.0017406440382942145
2025-01-24,1141,1188,1141,1187,300397,0.03487358326068013
2025-01-31,1195,1228,1168,1185,215944,-0.0016849199663016012
2025-02-03,1189,1189,1160,1160,265051,-0.021097046413502074
2025-02-04,1169,1222,1169,1215,325343,0.047413793103448176
2025-02-05,1230,1259,1192,1231,534419,0.013168724279835287
2025-02-06,1229,1250,1209,1211,204960,-0.01624695369618201
2025-02-07,1207,1235,1190,1202,152335,-0.007431874483897594
2025-02-10,1200,1219,1184,1219,190919,0.014143094841930104
2025-02-11,1220,1220,1196,1200,93359,-0.015586546349466768
2025-02-12,1199,1263,1191,1257,360038,0.0475000000000001
2025-02-13,1263,1263,1233,1244,213684,-0.010342084327764511
2025-02-14,1244,1256,1230,1245,130380,0.000803858520900258
2025-02-17,1270,1325,1266,1289,607921,0.035341365461847296
2025-02-18,1300,1344,1292,1328,474043,0.030256012412723132
2025-02-19,1350,1390,1317,1350,732266,0.016566265060240948
2025-02-20,1333,1366,1300,1325,511531,-0.01851851851851849
2025-02-21,1315,1335,1301,1303,301511,-0.016603773584905612
2025-02-24,1291,1367,1285,1350,526985,0.036070606293169716
2025-02-25,1368,1368,1312,1320,345494,-0.022222222222222254
2025-02-26,1321,1330,1267,1293,428643,-0.020454545454545503
2025-02-27,1282,1314,1270,1277,304678,-0.012374323279195631
2025-02-28,1277,1277,1240,1258,396836,-0.014878621769772948
2025-03-04,1290,1290,1222,1235,276991,-0.01828298887122415
2025-03-05,1270,1270,1238,1250,148213,0.012145748987854255
2025-03-06,1251,1269,1235,1250,156014,0.0
2025-03-07,1250,1258,1185,1216,366066,-0.027200000000000002
2025-03-10,1195,1209,1168,1168,286043,-0.03947368421052633
2025-03-11,1154,1156,1119,1119,387782,-0.04195205479452058
2025-03-12,1120,1170,1117,1137,140694,0.01608579088471851
2025-03-13,1129,1161,1114,1122,185821,-0.01319261213720313
2025-03-14,1149,1158,1130,1156,186124,0.030303030303030276
2025-03-17,1194,1225,1155,1177,508103,0.018166089965397925
2025-03-18,1178,1198,1159,1171,206729,-0.005097706032285432
2025-03-19,1174,1190,1141,1149,395639,-0.018787361229718136
2025-03-20,1148,1148,1124,1133,238117,-0.013925152306353383
2025-03-21,1130,1136,1100,1100,360788,-0.029126213592232997
2025-03-24,1110,1138,1099,1127,210835,0.024545454545454648
2025-03-25,1134,1136,1107,1113,179242,-0.012422360248447228
2025-03-26,1113,1124,1104,1114,107533,0.0008984725965857088
2025-03-27,1116,1165,1108,1140,351524,0.02333931777378817
2025-03-28,1151,1151,1080,1082,467278,-0.05087719298245619
2025-03-31,1079,1079,1025,1026,439442,-0.05175600739371533
2025-04-01,1028,1119,1025,1105,358488,0.07699805068226118
2025-04-02,1110,1115,1075,1082,137274,-0.020814479638009087
2025-04-03,1073,1138,1061,1091,367100,0.008317929759704246
2025-04-04,1082,1222,1025,1209,1673320,0.10815765352887263
2025-04-07,1239,1324,1181,1259,2147928,0.04135649296939614
2025-04-08,1272,1360,1262,1281,1332365,0.017474185861795055
2025-04-09,1280,1311,1175,1204,883054,-0.060109289617486295
2025-04-10,1240,1259,1171,1220,524213,0.013289036544850585
2025-04-11,1196,1232,1165,1184,499379,-0.02950819672131144
2025-04-14,1205,1278,1205,1246,707389,0.05236486486486491
2025-04-15,1235,1250,1190,1228,573629,-0.014446227929374
2025-04-16,1229,1236,1175,1176,384406,-0.04234527687296419
2025-04-17,1181,1190,1147,1156,589535,-0.017006802721088454
2025-04-18,1151,1193,1145,1168,455317,0.01038062283737018
2025-04-21,1208,1252,1170,1174,575934,0.005136986301369939
2025-04-22,1174,1200,1168,1200,281526,0.022146507666098714
2025-04-23,1189,1189,1148,1162,623310,-0.03166666666666662
2025-04-24,1160,1182,1130,1138,423571,-0.02065404475043031
2025-04-25,1150,1178,1132,1159,537208,0.018453427065026284
2025-04-28,1147,1156,1083,1088,966598,-0.06125970664365832
2025-04-29,1089,1149,1075,1080,867087,-0.007352941176470562
2025-04-30,1081,1089,1048,1052,580247,-0.025925925925925908
2025-05-02,1062,1090,1057,1060,495643,0.0076045627376426506
2025-05-07,1030,1030,964,1018,797653,-0.03962264150943395
2025-05-08,1030,1075,1027,1074,587290,0.05500982318271119
2025-05-09,1095,1108,1073,1079,490439,0.004655493482309092
2025-05-12,1079,1110,1074,1092,416572,0.012048192771084265
2025-05-13,1106,1125,1092,1112,262366,0.01831501831501825
2025-05-14,1112,1170,1110,1157,440626,0.04046762589928066
2025-05-15,1152,1155,1127,1132,281800,-0.021607605877268843
2025-05-16,1160,1160,1113,1115,187187,-0.015017667844522964
2025-05-19,1115,1138,1098,1111,234888,-0.0035874439461883734
2025-05-20,1112,1128,1100,1119,154872,0.007200720072007227
2025-05-21,1119,1134,1105,1108,142655,-0.009830205540661274
2025-05-22,1115,1140,1091,1135,275489,0.02436823104693131
2025-05-23,1135,1368,1113,1274,9291563,0.12246696035242288
2025-05-26,1241,1502,1231,1415,7843908,0.11067503924646771
2025-05-27,1415,1480,1404,1461,1722709,0.03250883392226145
2025-05-28,1462,1519,1429,1491,1139688,0.02053388090349073
2025-05-29,1492,1495,1351,1417,665693,-0.04963112005365522
2025-05-30,1417,1467,1395,1417,163836,0.0
2025-06-02,1403,1487,1403,1466,461327,0.03458009880028223
2025-06-04,1466,1466,1415,1429,279444,-0.02523874488403821
2025-06-05,1429,1500,1422,1445,348129,0.011196641007697794
2025-06-09,1446,1500,1406,1445,502781,0.0
2025-06-10,1441,1492,1413,1487,508394,0.02906574394463668
2025-06-11,1492,1642,1492,1630,2107867,0.09616677874915935
