Date,Open,High,Low,Close,Volume,Change
2022-01-03,1725,1785,1720,1725,318766,0.0
2022-01-04,1725,1750,1705,1730,308447,0.0028985507246377384
2022-01-05,1730,1935,1715,1810,2674984,0.046242774566473965
2022-01-06,1770,1790,1715,1715,520896,-0.0524861878453039
2022-01-07,1720,1740,1680,1730,240463,0.008746355685131268
2022-01-10,1725,1735,1660,1660,292211,-0.040462427745664775
2022-01-11,1665,1700,1580,1610,448517,-0.030120481927710885
2022-01-12,1610,1650,1600,1640,129736,0.01863354037267073
2022-01-13,1605,1675,1605,1645,162868,0.0030487804878047697
2022-01-14,1620,1635,1585,1600,166017,-0.027355623100303927
2022-01-17,1600,1605,1480,1485,500251,-0.07187500000000002
2022-01-18,1500,1525,1475,1495,208133,0.006734006734006703
2022-01-19,1485,1500,1430,1465,191160,-0.02006688963210701
2022-01-20,1490,1505,1440,1480,134393,0.010238907849829282
2022-01-21,1460,1505,1455,1485,97732,0.0033783783783782884
2022-01-24,1470,1500,1380,1395,326032,-0.06060606060606055
2022-01-25,1395,1455,1325,1340,288470,-0.03942652329749108
2022-01-26,1370,1425,1325,1385,176826,0.033582089552238736
2022-01-27,1420,1420,1320,1345,217868,-0.028880866425992746
2022-01-28,1345,1390,1335,1380,133248,0.026022304832713727
2022-02-03,1395,1465,1395,1455,165845,0.05434782608695654
2022-02-04,1450,1485,1430,1450,74537,-0.0034364261168384758
2022-02-07,1465,1485,1450,1480,113940,0.020689655172413834
2022-02-08,1520,1520,1445,1475,172008,-0.0033783783783783994
2022-02-09,1495,1530,1485,1520,242303,0.03050847457627115
2022-02-10,1520,1530,1465,1500,154447,-0.013157894736842146
2022-02-11,1470,1495,1410,1450,103335,-0.033333333333333326
2022-02-14,1430,1430,1375,1380,146566,-0.0482758620689655
2022-02-15,1370,1400,1325,1325,140281,-0.03985507246376807
2022-02-16,1340,1400,1340,1395,90326,0.05283018867924527
2022-02-17,1395,1490,1375,1435,303979,0.028673835125448077
2022-02-18,1405,1545,1405,1515,462248,0.05574912891986061
2022-02-21,1505,1510,1460,1510,134129,-0.0033003300330033403
2022-02-22,1450,1500,1435,1460,158492,-0.0331125827814569
2022-02-23,1465,1510,1460,1490,134912,0.020547945205479534
2022-02-24,1500,1620,1435,1435,845940,-0.03691275167785235
2022-02-25,1455,1580,1455,1515,561410,0.05574912891986061
2022-02-28,1495,1590,1485,1555,280862,0.0264026402640265
2022-03-02,1555,1665,1540,1635,506369,0.05144694533762051
2022-03-03,1650,1650,1605,1625,271148,-0.006116207951070374
2022-03-04,1635,1725,1625,1725,581218,0.06153846153846154
2022-03-07,1705,1705,1635,1635,403926,-0.05217391304347829
2022-03-08,1600,1635,1555,1575,358069,-0.03669724770642202
2022-03-10,1595,1650,1595,1605,176841,0.01904761904761898
2022-03-11,1625,1685,1615,1680,356803,0.04672897196261672
2022-03-14,1670,1680,1610,1640,188454,-0.023809523809523836
2022-03-15,1620,1690,1620,1660,265736,0.012195121951219523
2022-03-16,1575,1595,1400,1505,1982447,-0.09337349397590367
2022-03-17,1505,1580,1490,1555,376626,0.03322259136212624
2022-03-18,1560,1590,1520,1565,223526,0.006430868167202508
2022-03-21,1555,1760,1555,1685,1311389,0.07667731629392982
2022-03-22,1690,1695,1535,1615,756438,-0.041543026706231445
2022-03-23,1615,1640,1555,1575,348571,-0.024767801857585092
2022-03-24,1560,1590,1405,1485,1158467,-0.05714285714285716
2022-03-25,1485,1490,1415,1455,325050,-0.02020202020202022
2022-03-28,1440,1555,1415,1525,735757,0.04810996563573888
2022-03-29,1535,1725,1525,1625,2136768,0.06557377049180335
2022-03-30,1650,1670,1550,1630,890842,0.003076923076922977
2022-03-31,1900,2115,1850,2115,2269402,0.2975460122699387
2022-04-01,2400,2550,2010,2030,11460591,-0.04018912529550822
2022-04-04,2060,2180,2025,2085,2922157,0.027093596059113212
2022-04-05,2090,2145,1950,2145,2003357,0.02877697841726623
2022-04-06,2095,2150,2040,2060,1011469,-0.03962703962703962
2022-04-07,2035,2035,1955,2000,675629,-0.029126213592232997
2022-04-08,2000,2010,1935,1945,433316,-0.02749999999999997
2022-04-11,1945,1955,1890,1905,360117,-0.020565552699228773
2022-04-12,1855,1895,1830,1880,362911,-0.013123359580052507
2022-04-13,1860,1930,1855,1880,258785,0.0
2022-04-14,1890,1900,1825,1830,338196,-0.02659574468085102
2022-04-15,1840,1900,1785,1880,319092,0.02732240437158473
2022-04-18,1855,1945,1850,1930,376243,0.02659574468085113
2022-04-19,1910,1935,1900,1930,249083,0.0
2022-04-20,1935,2050,1915,2040,1033733,0.05699481865284972
2022-04-21,2045,2105,1990,2100,836132,0.02941176470588225
2022-04-22,2080,2090,1985,2035,587463,-0.030952380952380953
2022-04-25,2005,2030,1930,1980,417802,-0.027027027027026973
2022-04-26,1965,2065,1955,1985,555179,0.002525252525252597
2022-04-27,1920,1930,1860,1870,541572,-0.057934508816120944
2022-04-28,1945,2010,1885,1980,1164169,0.05882352941176472
2022-04-29,1980,1980,1915,1955,347453,-0.012626262626262652
2022-05-02,1905,1930,1900,1915,205337,-0.020460358056266004
2022-05-03,1935,2065,1905,2040,1279608,0.06527415143603132
2022-05-04,2025,2500,1995,2355,26194893,0.15441176470588225
2022-05-06,2695,2920,2355,2360,22358595,0.002123142250530785
2022-05-09,2300,2310,2105,2150,2879240,-0.08898305084745761
2022-05-10,2090,2640,2060,2385,20608211,0.10930232558139541
2022-05-11,2620,2740,2400,2400,11627938,0.0062893081761006275
2022-05-12,2360,2595,2315,2410,6411769,0.004166666666666652
2022-05-13,2450,2450,2220,2300,2276778,-0.0456431535269709
2022-05-16,2200,2355,2185,2280,1973363,-0.008695652173912993
2022-05-17,2240,2310,2160,2310,1170826,0.013157894736842035
2022-05-18,2310,2335,2200,2235,856670,-0.03246753246753242
2022-05-19,2165,2195,2090,2125,861505,-0.04921700223713643
2022-05-20,2120,2250,2085,2145,649839,0.009411764705882453
2022-05-23,2175,2175,2050,2070,434038,-0.034965034965035
2022-05-24,2070,2085,1965,1970,852734,-0.048309178743961345
2022-05-25,1975,2025,1940,1965,302242,-0.0025380710659898
2022-05-26,1980,2015,1925,1925,456274,-0.020356234096692072
2022-05-27,1965,2055,1935,2015,795955,0.04675324675324677
2022-05-30,2025,2140,2005,2080,770175,0.032258064516129004
2022-05-31,2060,2100,2025,2060,410963,-0.009615384615384581
2022-06-02,2040,2070,1980,1985,390401,-0.036407766990291246
2022-06-03,2010,2035,1960,1970,247118,-0.007556675062972307
2022-06-07,1960,2035,1940,2010,515570,0.020304568527918843
2022-06-08,2015,2040,1975,1990,456540,-0.00995024875621886
2022-06-09,2025,2035,1955,1985,394600,-0.002512562814070307
2022-06-10,1965,1980,1890,1915,420755,-0.035264483627204024
2022-06-13,1845,1870,1805,1815,399082,-0.052219321148825104
2022-06-14,1745,1825,1705,1820,483723,0.0027548209366390353
2022-06-15,1780,1820,1690,1705,399294,-0.06318681318681318
2022-06-16,1725,1780,1690,1715,392414,0.0058651026392961825
2022-06-17,1660,1715,1605,1705,467906,-0.005830903790087438
2022-06-20,1705,1725,1570,1585,396537,-0.0703812316715543
2022-06-21,1585,1665,1585,1640,244710,0.034700315457413256
2022-06-22,1675,1705,1510,1510,399711,-0.07926829268292679
2022-06-23,1520,1550,1420,1420,383576,-0.05960264900662249
2022-06-24,1435,1495,1420,1485,269507,0.045774647887323994
2022-06-27,1525,1595,1495,1565,224876,0.05387205387205385
2022-06-28,1535,1600,1535,1585,240676,0.012779552715654896
2022-06-29,1555,1640,1555,1640,233015,0.034700315457413256
2022-06-30,1620,1625,1525,1585,268557,-0.03353658536585369
2022-07-01,1555,1625,1540,1565,166381,-0.012618296529968487
2022-07-04,1565,1585,1485,1550,215043,-0.009584664536741228
2022-07-05,1565,1625,1560,1595,177185,0.029032258064516148
2022-07-06,1610,1615,1560,1610,227714,0.00940438871473348
2022-07-07,1675,1710,1575,1585,408964,-0.01552795031055898
2022-07-08,1595,1685,1595,1640,462221,0.034700315457413256
2022-07-11,1685,1690,1610,1635,200680,-0.0030487804878048808
2022-07-12,1610,1630,1540,1555,191288,-0.04892966360856266
2022-07-13,1555,1560,1505,1560,139694,0.003215434083601254
2022-07-14,1560,1580,1535,1570,96779,0.0064102564102563875
2022-07-15,1570,1590,1510,1525,113511,-0.0286624203821656
2022-07-18,1545,1610,1540,1590,158823,0.042622950819672045
2022-07-19,1590,1630,1555,1625,82335,0.022012578616352307
2022-07-20,1640,1655,1625,1645,92789,0.012307692307692353
2022-07-21,1635,1680,1620,1680,157010,0.02127659574468077
2022-07-22,1680,1700,1645,1645,122124,-0.02083333333333337
2022-07-25,1625,1640,1620,1625,80561,-0.012158054711246202
2022-07-26,1640,1670,1615,1665,92197,0.024615384615384706
2022-07-27,1665,1680,1645,1660,40811,-0.0030030030030030463
2022-07-28,1695,1715,1660,1670,117379,0.006024096385542244
2022-07-29,1670,1705,1670,1695,122790,0.014970059880239583
2022-08-01,1670,1730,1670,1725,149609,0.017699115044247815
2022-08-02,1730,1730,1675,1690,84297,-0.020289855072463725
2022-08-03,1680,1700,1655,1685,46764,-0.00295857988165682
2022-08-04,1685,1730,1685,1705,108916,0.011869436201780381
2022-08-05,1715,1715,1680,1710,102541,0.0029325513196480912
2022-08-08,1725,1725,1680,1710,82561,0.0
2022-08-09,1710,1725,1680,1690,84913,-0.011695906432748537
2022-08-10,1685,1700,1665,1675,114575,-0.00887573964497046
2022-08-11,1685,1700,1665,1695,131787,0.011940298507462588
2022-08-12,1695,1720,1675,1685,150182,-0.005899705014749235
2022-08-16,1705,1770,1700,1755,298624,0.041543026706231556
2022-08-17,1750,1755,1705,1735,198544,-0.01139601139601143
2022-08-18,1760,1785,1680,1695,361154,-0.023054755043227626
2022-08-19,1700,1795,1685,1740,611121,0.026548672566371723
2022-08-22,1730,1730,1670,1670,247403,-0.04022988505747127
2022-08-23,1650,1685,1630,1645,180788,-0.014970059880239472
2022-08-24,1640,1720,1640,1675,226571,0.01823708206686936
2022-08-25,1665,1710,1660,1700,133146,0.014925373134328401
2022-08-26,1710,1730,1690,1695,199835,-0.002941176470588225
2022-08-29,1640,1650,1610,1610,205134,-0.05014749262536877
2022-08-30,1610,1645,1595,1635,145417,0.01552795031055898
2022-08-31,1635,1635,1600,1625,183545,-0.006116207951070374
2022-09-01,1635,1635,1560,1560,171866,-0.040000000000000036
2022-09-02,1560,1570,1510,1520,106067,-0.02564102564102566
2022-09-05,1520,1540,1510,1525,60859,0.00328947368421062
2022-09-06,1520,1570,1520,1535,83807,0.006557377049180246
2022-09-07,1560,1565,1505,1525,127783,-0.006514657980456029
2022-09-08,1525,1555,1515,1535,61770,0.006557377049180246
2022-09-13,1570,1600,1550,1580,55512,0.02931596091205213
2022-09-14,1575,1575,1520,1540,99360,-0.025316455696202556
2022-09-15,1600,1605,1530,1570,162909,0.01948051948051943
2022-09-16,1570,1570,1530,1535,71921,-0.022292993630573243
2022-09-19,1520,1535,1460,1475,169533,-0.039087947882736174
2022-09-20,1480,1525,1475,1510,111551,0.023728813559322104
2022-09-21,1525,1525,1480,1500,62036,-0.0066225165562914245
2022-09-22,1500,1500,1410,1475,116053,-0.01666666666666672
2022-09-23,1475,1520,1425,1440,105735,-0.023728813559321993
2022-09-26,1400,1420,1320,1325,167431,-0.07986111111111116
2022-09-27,1325,1380,1250,1375,163044,0.037735849056603765
2022-09-28,1345,1375,1270,1275,214164,-0.07272727272727275
2022-09-29,1285,1330,1280,1285,62359,0.007843137254901933
2022-09-30,1265,1315,1250,1290,75759,0.0038910505836575737
2022-10-04,1295,1335,1290,1335,111026,0.03488372093023262
2022-10-05,1350,1375,1320,1325,179964,-0.0074906367041198685
2022-10-06,1335,1395,1315,1375,247718,0.037735849056603765
2022-10-07,1385,1400,1360,1390,91677,0.01090909090909098
2022-10-11,1370,1370,1300,1305,105134,-0.0611510791366906
2022-10-12,1290,1295,1265,1280,110660,-0.019157088122605415
2022-10-13,1270,1270,1175,1190,220207,-0.0703125
2022-10-14,1190,1270,1190,1270,98677,0.0672268907563025
2022-10-17,1270,1330,1245,1280,208046,0.007874015748031482
2022-10-18,1300,1335,1290,1325,58365,0.03515625
2022-10-19,1325,1340,1305,1310,68481,-0.01132075471698113
2022-10-20,1310,1325,1280,1300,63175,-0.007633587786259555
2022-10-21,1280,1305,1260,1280,125934,-0.01538461538461533
2022-10-24,1295,1320,1280,1295,66242,0.01171875
2022-10-25,1320,1345,1295,1295,40055,0.0
2022-10-26,1295,1315,1285,1290,41073,-0.0038610038610038533
2022-10-27,1290,1315,1275,1315,35245,0.019379844961240345
2022-10-28,1305,1315,1290,1300,79587,-0.011406844106463865
2022-10-31,1310,1320,1280,1305,27237,0.0038461538461538325
2022-11-01,1310,1330,1290,1310,45393,0.003831417624521105
2022-11-02,1315,1335,1300,1325,154227,0.011450381679389388
2022-11-03,1320,1325,1265,1295,93741,-0.02264150943396226
2022-11-04,1290,1320,1280,1315,79385,0.015444015444015413
2022-11-07,1315,1325,1300,1315,57888,0.0
2022-11-08,1330,1335,1310,1330,73231,0.011406844106463865
2022-11-09,1335,1335,1305,1320,125936,-0.007518796992481258
2022-11-10,1320,1715,1305,1715,6013888,0.2992424242424243
2022-11-11,2225,2225,2225,2225,3053581,0.2973760932944607
2022-11-14,2530,2555,2075,2175,17727344,-0.022471910112359605
2022-11-15,2175,2230,1970,2070,5780301,-0.0482758620689655
2022-11-16,2065,2070,1940,2070,3890945,0.0
2022-11-17,2055,2055,1870,1870,2939994,-0.09661835748792269
2022-11-18,1860,1930,1700,1740,2701102,-0.06951871657754005
2022-11-21,1800,2085,1765,1965,24703429,0.1293103448275863
2022-11-22,1965,2160,1870,1910,8666809,-0.027989821882951627
2022-11-23,1900,1915,1800,1880,2029307,-0.015706806282722474
2022-11-24,1875,1915,1840,1885,1247977,0.0026595744680850686
2022-11-25,1915,2400,1910,2230,37956788,0.18302387267904519
2022-11-28,2175,2195,2065,2130,3926743,-0.04484304932735428
2022-11-29,2110,2230,2095,2145,5795630,0.007042253521126751
2022-11-30,2120,2155,2070,2110,1832488,-0.01631701631701632
2022-12-01,2100,2200,2080,2165,4016440,0.026066350710900466
2022-12-02,2150,2250,1985,2010,4164570,-0.07159353348729791
2022-12-05,2015,2030,1910,1915,1067643,-0.04726368159203975
2022-12-06,1890,1920,1840,1875,884975,-0.02088772845953002
2022-12-07,1835,1875,1760,1825,598866,-0.026666666666666616
2022-12-08,1795,1815,1745,1775,579844,-0.0273972602739726
2022-12-09,1775,1860,1725,1800,948195,0.014084507042253502
2022-12-12,1800,1860,1740,1860,683240,0.03333333333333344
2022-12-13,1870,1885,1830,1850,590191,-0.005376344086021501
2022-12-14,1880,1900,1800,1800,494724,-0.027027027027026973
2022-12-15,1805,1845,1770,1830,512275,0.016666666666666607
2022-12-16,1815,1850,1765,1840,641398,0.005464480874316946
2022-12-19,1820,1900,1785,1855,565989,0.008152173913043459
2022-12-20,1870,1875,1760,1760,444336,-0.05121293800539084
2022-12-21,1755,1805,1750,1775,327273,0.008522727272727293
2022-12-22,1780,1805,1760,1770,350678,-0.0028169014084507005
2022-12-23,1750,1755,1620,1680,526328,-0.05084745762711862
2022-12-26,1680,1685,1600,1635,362523,-0.0267857142857143
2022-12-27,1615,1655,1605,1640,266786,0.003058103975535076
2022-12-28,1640,1720,1620,1705,333074,0.03963414634146334
2022-12-29,1685,1695,1630,1640,257351,-0.038123167155425186
2023-01-02,1620,1725,1590,1600,286298,-0.024390243902439046
2023-01-03,1595,1615,1505,1570,445643,-0.018750000000000044
2023-01-04,1535,1645,1535,1635,173375,0.04140127388535042
2023-01-05,1645,1750,1590,1680,1047638,0.02752293577981657
2023-01-06,1625,1680,1610,1645,364119,-0.02083333333333337
2023-01-09,1655,1705,1655,1690,239006,0.02735562310030404
2023-01-10,1690,1725,1665,1725,272276,0.020710059171597628
2023-01-11,1745,1775,1715,1740,338983,0.008695652173912993
2023-01-12,1765,1790,1730,1730,409540,-0.005747126436781658
2023-01-13,1730,1790,1660,1785,387172,0.03179190751445082
2023-01-16,1785,1785,1725,1730,259045,-0.03081232492997199
2023-01-17,1745,1790,1740,1765,403549,0.020231213872832443
2023-01-18,1740,1765,1670,1705,369311,-0.03399433427762044
2023-01-19,1705,1710,1660,1670,169346,-0.02052785923753664
2023-01-20,1670,1735,1650,1735,171783,0.038922155688622784
2023-01-25,1735,1741,1703,1708,160887,-0.015561959654178725
2023-01-26,1726,1726,1698,1704,221303,-0.0023419203747072626
2023-01-27,1701,1726,1680,1710,286137,0.0035211267605634866
2023-01-30,1701,1719,1661,1669,314968,-0.02397660818713454
2023-01-31,1667,1682,1640,1670,179608,0.0005991611743558778
2023-02-01,1673,1715,1640,1668,286911,-0.0011976047904191933
2023-02-02,1679,1711,1669,1706,236463,0.022781774580335812
2023-02-03,1706,1714,1675,1681,224334,-0.014654161781946118
2023-02-06,1681,1696,1660,1695,154733,0.008328375966686563
2023-02-07,1695,1704,1658,1664,255581,-0.018289085545722727
2023-02-08,1665,1676,1661,1674,216118,0.006009615384615419
2023-02-09,1673,1673,1632,1632,236944,-0.02508960573476704
2023-02-10,1614,1627,1572,1594,274259,-0.023284313725490224
2023-02-13,1592,1592,1542,1580,201432,-0.008782936010037656
2023-02-14,1580,1607,1571,1589,126132,0.0056962025316456
2023-02-15,1593,1594,1517,1519,311155,-0.04405286343612336
2023-02-16,1521,1571,1515,1565,103462,0.030283080974325305
2023-02-17,1564,1565,1450,1521,141809,-0.028115015974440882
2023-02-20,1530,1538,1496,1530,117763,0.00591715976331364
2023-02-21,1546,1553,1529,1535,103638,0.0032679738562091387
2023-02-22,1509,1523,1490,1491,196464,-0.028664495114006483
2023-02-23,1480,1496,1473,1487,95102,-0.0026827632461435824
2023-02-24,1497,1500,1459,1470,189737,-0.01143241425689312
2023-02-27,1460,1468,1430,1466,92712,-0.0027210884353741083
2023-02-28,1455,1499,1455,1486,111758,0.013642564802182733
2023-03-02,1490,1525,1471,1504,162725,0.01211305518169592
2023-03-03,1520,1540,1492,1523,113928,0.012632978723404298
2023-03-06,1520,1571,1520,1569,230832,0.030203545633617823
2023-03-07,1569,1600,1555,1595,214226,0.016571064372211675
2023-03-08,1581,1581,1551,1552,153137,-0.026959247648902784
2023-03-09,1552,1591,1529,1591,234028,0.025128865979381354
2023-03-10,1599,1599,1534,1547,206608,-0.027655562539283474
2023-03-13,1510,1547,1480,1530,139813,-0.01098901098901095
2023-03-14,1502,1509,1448,1459,182301,-0.04640522875816988
2023-03-15,1459,1527,1459,1518,151598,0.04043865661411927
2023-03-16,1526,1526,1442,1464,119466,-0.035573122529644285
2023-03-17,1468,1488,1462,1479,72852,0.010245901639344357
2023-03-20,1494,1530,1487,1495,91602,0.010818120351588911
2023-03-21,1504,1520,1450,1456,114613,-0.02608695652173909
2023-03-22,1461,1500,1450,1475,142335,0.013049450549450503
2023-03-23,1488,1488,1411,1418,212661,-0.038644067796610115
2023-03-24,1420,1454,1418,1439,160531,0.01480959097320178
2023-03-27,1439,1446,1392,1425,184841,-0.00972897845726195
2023-03-28,1420,1452,1415,1451,69190,0.01824561403508773
2023-03-29,1439,1456,1392,1440,71732,-0.007580978635423841
2023-03-30,1441,1464,1418,1463,163825,0.015972222222222276
2023-03-31,1457,1464,1442,1463,89470,0.0
2023-04-03,1463,1478,1448,1471,115791,0.005468215994531844
2023-04-04,1460,1507,1460,1485,130632,0.009517335146159045
2023-04-05,1484,1497,1471,1495,73982,0.006734006734006703
2023-04-06,1485,1495,1467,1480,140508,-0.010033444816053505
2023-04-07,1471,1509,1467,1505,90744,0.016891891891891886
2023-04-10,1505,1510,1450,1453,137035,-0.034551495016611256
2023-04-11,1446,1474,1428,1460,153290,0.004817618719889838
2023-04-12,1475,1512,1450,1496,176930,0.024657534246575352
2023-04-13,1496,1590,1460,1530,148791,0.022727272727272707
2023-04-14,1552,1552,1460,1531,138887,0.0006535947712418277
2023-04-17,1531,1555,1513,1551,204659,0.013063357282821597
2023-04-18,1551,1551,1510,1513,112765,-0.024500322372662753
2023-04-19,1508,1524,1507,1512,89619,-0.0006609385327164263
2023-04-20,1501,1502,1470,1480,204382,-0.021164021164021163
2023-04-21,1468,1710,1439,1481,2954387,0.0006756756756756133
2023-04-24,1487,1726,1470,1615,3261328,0.09047940580688718
2023-04-25,1645,1645,1529,1551,900994,-0.03962848297213617
2023-04-26,1551,1581,1501,1504,376331,-0.030303030303030276
2023-04-27,1516,1529,1454,1474,342412,-0.019946808510638347
2023-04-28,1493,1495,1417,1417,389232,-0.038670284938941646
2023-05-02,1433,1474,1422,1464,162962,0.03316866619618919
2023-05-03,1479,1511,1454,1500,221273,0.024590163934426146
2023-05-04,1488,1546,1487,1503,262369,0.0020000000000000018
2023-05-08,1503,1547,1502,1522,134620,0.012641383898868819
2023-05-09,1522,1526,1480,1506,149224,-0.010512483574244391
2023-05-10,1506,1527,1491,1499,69773,-0.004648074369189903
2023-05-11,1499,1523,1455,1510,140618,0.007338225483655814
2023-05-12,1509,1565,1490,1544,326936,0.02251655629139071
2023-05-15,1544,1559,1529,1547,175329,0.0019430051813471572
2023-05-16,1555,1566,1528,1547,137924,0.0
2023-05-17,1549,1556,1537,1556,98278,0.005817711700064621
2023-05-18,1565,1593,1560,1566,240546,0.006426735218509005
2023-05-19,1572,1605,1564,1593,218769,0.01724137931034475
2023-05-22,1593,1609,1562,1609,124833,0.010043942247332183
2023-05-23,1632,1632,1566,1571,180398,-0.023617153511497846
2023-05-24,1560,1567,1542,1549,89094,-0.01400381922342453
2023-05-25,1541,1549,1512,1522,97851,-0.017430600387346673
2023-05-26,1522,1533,1511,1519,78685,-0.001971090670170872
2023-05-30,1520,1536,1500,1531,89994,0.007899934167215239
2023-05-31,1518,1544,1516,1530,45392,-0.0006531678641410466
2023-06-01,1531,1545,1523,1530,78080,0.0
2023-06-02,1526,1561,1526,1553,107595,0.015032679738562038
2023-06-05,1553,1564,1550,1562,78341,0.0057952350289762755
2023-06-07,1563,1567,1554,1559,92200,-0.001920614596670922
2023-06-08,1555,1564,1540,1545,66994,-0.008980115458627314
2023-06-09,1562,1562,1525,1535,90562,-0.006472491909385147
2023-06-12,1549,1549,1530,1533,57647,-0.0013029315960911836
2023-06-13,1526,1533,1515,1518,130371,-0.009784735812133127
2023-06-14,1533,1533,1496,1498,95822,-0.013175230566534912
2023-06-15,1490,1509,1486,1497,83838,-0.0006675567423231055
2023-06-16,1512,1520,1495,1505,39537,0.005344021376085584
2023-06-19,1505,1505,1486,1497,87285,-0.0053156146179401675
2023-06-20,1497,1501,1481,1485,120039,-0.008016032064128265
2023-06-21,1485,1489,1455,1460,109778,-0.01683501683501687
2023-06-22,1460,1466,1444,1449,109453,-0.007534246575342518
2023-06-23,1449,1453,1437,1438,51535,-0.007591442374051072
2023-06-26,1440,1531,1420,1520,211978,0.057023643949930536
2023-06-27,1530,1530,1491,1492,69104,-0.018421052631578894
2023-06-28,1485,1510,1485,1495,37564,0.002010723860589758
2023-06-29,1495,1495,1458,1476,86509,-0.012709030100334417
2023-06-30,1476,1550,1450,1500,79290,0.016260162601626105
2023-07-03,1527,1527,1500,1515,67884,0.010000000000000009
2023-07-04,1523,1524,1500,1516,69761,0.0006600660066007347
2023-07-05,1517,1519,1498,1500,48726,-0.01055408970976257
2023-07-06,1502,1502,1430,1430,117279,-0.046666666666666634
2023-07-07,1430,1443,1410,1430,67027,0.0
2023-07-10,1422,1427,1389,1405,61904,-0.0174825174825175
2023-07-11,1405,1414,1390,1402,59575,-0.002135231316725994
2023-07-12,1413,1440,1402,1402,70853,0.0
2023-07-13,1417,1423,1415,1423,49748,0.014978601997146956
2023-07-14,1426,1438,1398,1409,78196,-0.00983836964160223
2023-07-17,1409,1409,1371,1374,152154,-0.024840312278211485
2023-07-18,1388,1391,1358,1360,137006,-0.010189228529839833
2023-07-19,1360,1376,1337,1341,64444,-0.013970588235294068
2023-07-20,1341,1348,1304,1348,72305,0.005219985085756829
2023-07-21,1361,1361,1330,1331,76762,-0.01261127596439171
2023-07-24,1340,1340,1296,1297,135102,-0.02554470323065361
2023-07-25,1297,1298,1200,1249,164223,-0.037008481110254454
2023-07-26,1251,1262,1199,1225,341195,-0.019215372297838318
2023-07-27,1206,1268,1178,1261,124810,0.029387755102040725
2023-07-28,1261,1338,1255,1332,91709,0.05630452022204602
2023-07-31,1332,1334,1312,1315,93977,-0.01276276276276278
2023-08-01,1326,1332,1306,1318,86086,0.0022813688212928174
2023-08-02,1318,1330,1300,1300,93864,-0.01365705614567525
2023-08-03,1280,1310,1270,1286,118831,-0.010769230769230753
2023-08-04,1287,1304,1280,1304,55499,0.013996889580093264
2023-08-07,1304,1340,1303,1313,95567,0.006901840490797451
2023-08-08,1298,1317,1286,1288,65802,-0.01904036557501909
2023-08-09,1276,1297,1261,1297,41171,0.006987577639751663
2023-08-10,1297,1324,1297,1323,32994,0.02004626060138781
2023-08-11,1323,1337,1310,1313,37161,-0.0075585789871503994
2023-08-14,1313,1326,1297,1313,60345,0.0
2023-08-16,1298,1309,1281,1287,75178,-0.01980198019801982
2023-08-17,1287,1290,1258,1285,94503,-0.0015540015540015384
2023-08-18,1277,1301,1268,1298,80233,0.010116731517509692
2023-08-21,1289,1291,1273,1289,30343,-0.006933744221879867
2023-08-22,1283,1299,1257,1275,44803,-0.010861132660977546
2023-08-23,1288,1289,1273,1285,46549,0.007843137254901933
2023-08-24,1282,1310,1275,1291,53176,0.0046692607003890885
2023-08-25,1291,1305,1284,1292,70266,0.0007745933384972759
2023-08-28,1292,1307,1280,1307,40077,0.011609907120742946
2023-08-29,1307,1333,1303,1323,64739,0.01224177505738333
2023-08-30,1328,1333,1324,1333,45798,0.0075585789871503994
2023-08-31,1333,1341,1315,1319,94141,-0.010502625656414133
2023-09-01,1332,1419,1267,1320,493589,0.0007581501137225999
2023-09-04,1317,1360,1293,1360,140233,0.030303030303030276
2023-09-05,1360,1390,1344,1390,109901,0.022058823529411686
2023-09-06,1378,1409,1375,1400,149087,0.007194244604316502
2023-09-07,1378,1393,1369,1372,62796,-0.020000000000000018
2023-09-08,1358,1374,1337,1371,58229,-0.0007288629737609575
2023-09-11,1371,1372,1340,1350,46920,-0.015317286652078765
2023-09-12,1350,1360,1334,1347,51888,-0.0022222222222222365
2023-09-13,1335,1347,1314,1332,50343,-0.011135857461024523
2023-09-14,1328,1351,1324,1343,28986,0.008258258258258211
2023-09-15,1343,1361,1343,1361,46794,0.013402829486224954
2023-09-18,1348,1510,1348,1406,1404729,0.03306392358559873
2023-09-19,1410,1414,1369,1381,170484,-0.01778093883357046
2023-09-20,1381,1387,1344,1347,145041,-0.024619840695148443
2023-09-21,1340,1347,1310,1313,128238,-0.025241276911655564
2023-09-22,1313,1364,1293,1329,57320,0.012185833968012094
2023-09-25,1329,1329,1278,1281,84878,-0.036117381489842004
2023-09-26,1281,1327,1219,1219,140826,-0.04839968774395009
2023-09-27,1232,1244,1219,1233,73839,0.011484823625922846
2023-10-04,1234,1260,1232,1240,123137,0.005677210056772131
2023-10-05,1240,1272,1238,1253,84363,0.010483870967741948
2023-10-06,1240,1295,1240,1294,80262,0.03272146847565849
2023-10-10,1296,1330,1265,1277,78841,-0.013137557959814528
2023-10-11,1277,1315,1275,1307,39463,0.023492560689115205
2023-10-12,1309,1334,1307,1326,42753,0.014537107880642663
2023-10-13,1326,1340,1308,1331,59446,0.0037707390648566985
2023-10-16,1320,1331,1285,1301,53016,-0.02253944402704733
2023-10-17,1295,1332,1295,1325,22286,0.01844734819369709
2023-10-18,1295,1335,1285,1308,48484,-0.012830188679245236
2023-10-19,1288,1288,1241,1257,66619,-0.03899082568807344
2023-10-20,1248,1248,1211,1237,70652,-0.015910898965791564
2023-10-23,1226,1264,1226,1226,72293,-0.008892481810832686
2023-10-24,1226,1273,1213,1263,48827,0.030179445350734024
2023-10-25,1295,1295,1263,1288,33734,0.019794140934283444
2023-10-26,1247,1287,1246,1287,31942,-0.0007763975155279379
2023-10-27,1246,1291,1246,1269,38697,-0.013986013986013957
2023-10-30,1270,1300,1270,1297,63040,0.022064617809298692
2023-10-31,1297,1309,1290,1308,65513,0.008481110254433322
2023-11-01,1308,1308,1281,1298,37513,-0.007645259938837912
2023-11-02,1298,1313,1296,1309,68592,0.008474576271186418
2023-11-03,1311,1311,1235,1298,220952,-0.008403361344537785
2023-11-06,1311,1335,1311,1334,66430,0.027734976887519247
2023-11-07,1326,1341,1323,1341,45464,0.005247376311844132
2023-11-08,1347,1362,1332,1337,46824,-0.002982848620432521
2023-11-09,1332,1337,1319,1319,29263,-0.013462976813762184
2023-11-10,1319,1345,1309,1330,34164,0.00833965125094771
2023-11-13,1330,1337,1300,1312,46899,-0.013533834586466176
2023-11-14,1312,1343,1300,1340,63267,0.021341463414634054
2023-11-15,1340,1358,1333,1349,44928,0.006716417910447747
2023-11-16,1349,1360,1230,1318,301765,-0.022979985174203077
2023-11-17,1325,1336,1315,1328,106861,0.007587253414264028
2023-11-20,1350,1350,1327,1341,71842,0.009789156626506035
2023-11-21,1341,1348,1328,1345,57710,0.00298284862043241
2023-11-22,1345,1345,1332,1339,33941,-0.004460966542750966
2023-11-23,1339,1346,1330,1339,33512,0.0
2023-11-24,1346,1371,1346,1371,125416,0.02389843166542205
2023-11-27,1371,1371,1358,1362,51059,-0.006564551422319487
2023-11-28,1362,1380,1360,1376,67862,0.010279001468428861
2023-11-29,1379,1398,1367,1386,75273,0.007267441860465018
2023-11-30,1385,1400,1374,1396,76814,0.00721500721500723
2023-12-01,1383,1419,1383,1409,76579,0.009312320916905481
2023-12-04,1409,1418,1383,1415,86929,0.004258339247693366
2023-12-05,1401,1428,1395,1408,65842,-0.004946996466431042
2023-12-06,1397,1423,1395,1406,42934,-0.0014204545454545858
2023-12-07,1406,1419,1400,1403,29201,-0.002133712660028486
2023-12-08,1403,1415,1368,1402,55758,-0.0007127583749109156
2023-12-11,1402,1420,1389,1397,61185,-0.003566333808844524
2023-12-12,1406,1410,1374,1386,54672,-0.007874015748031482
2023-12-13,1393,1393,1363,1366,44146,-0.01443001443001446
2023-12-14,1367,1384,1340,1347,109099,-0.013909224011713017
2023-12-15,1347,1357,1339,1346,35738,-0.0007423904974016571
2023-12-18,1347,1366,1340,1356,41944,0.007429420505200568
2023-12-19,1354,1362,1345,1359,41616,0.0022123893805310324
2023-12-20,1358,1370,1345,1364,32398,0.003679175864606421
2023-12-21,1364,1372,1350,1358,34981,-0.004398826979472137
2023-12-22,1372,1372,1353,1353,54175,-0.003681885125184081
2023-12-26,1353,1377,1337,1342,58672,-0.008130081300813052
2023-12-27,1350,1370,1331,1342,36955,0.0
2023-12-28,1342,1360,1342,1349,39191,0.005216095380029762
2024-01-02,1349,1361,1345,1360,24520,0.008154188287620379
2024-01-03,1358,1415,1355,1408,108518,0.03529411764705892
2024-01-04,1408,1418,1360,1385,67647,-0.016335227272727293
2024-01-05,1385,1412,1373,1380,27310,-0.0036101083032491488
2024-01-08,1380,1399,1341,1342,56857,-0.02753623188405796
2024-01-09,1355,1367,1343,1350,63446,0.005961251862891315
2024-01-10,1364,1369,1337,1362,50144,0.008888888888888946
2024-01-11,1360,1363,1345,1360,51003,-0.001468428781204123
2024-01-12,1356,1385,1344,1381,82734,0.01544117647058818
2024-01-15,1370,1398,1368,1388,88866,0.005068790731354023
2024-01-16,1375,1388,1372,1377,74801,-0.007925072046109483
2024-01-17,1377,1377,1354,1367,98589,-0.0072621641249092095
2024-01-18,1353,1366,1350,1362,41947,-0.003657644476956823
2024-01-19,1361,1375,1352,1368,49059,0.004405286343612369
2024-01-22,1368,1374,1347,1353,51490,-0.010964912280701733
2024-01-23,1353,1365,1331,1338,55015,-0.011086474501108667
2024-01-24,1338,1345,1322,1329,30400,-0.006726457399103158
2024-01-25,1329,1340,1300,1312,49009,-0.012791572610985735
2024-01-26,1312,1330,1301,1330,59892,0.013719512195121908
2024-01-29,1339,1352,1331,1352,53845,0.016541353383458635
