Date,Open,High,Low,Close,Volume,Change
2022-01-03,5020,5090,4995,5040,88474,0.003984063745019917
2022-01-04,5070,5240,5070,5220,103706,0.03571428571428581
2022-01-05,5220,5220,5060,5070,83969,-0.028735632183908066
2022-01-06,4905,5040,4905,4925,87410,-0.02859960552268248
2022-01-07,4900,5080,4895,5050,58784,0.025380710659898442
2022-01-10,5090,5200,5050,5120,42313,0.013861386138613874
2022-01-11,5120,5200,5030,5060,60922,-0.01171875
2022-01-12,5040,5160,5030,5140,34366,0.015810276679841806
2022-01-13,5190,5320,5140,5280,93494,0.027237354085603016
2022-01-14,5280,5330,5110,5130,60677,-0.02840909090909094
2022-01-17,5110,5120,4990,4990,76238,-0.02729044834307992
2022-01-18,4980,5300,4970,5090,88062,0.02004008016032066
2022-01-19,5080,5120,4970,5030,47232,-0.011787819253438081
2022-01-20,5030,5130,4855,5090,48356,0.011928429423459175
2022-01-21,5140,5200,5000,5090,69697,0.0
2022-01-24,5040,5070,4855,4920,63920,-0.03339882121807469
2022-01-25,4870,4895,4500,4650,124430,-0.054878048780487854
2022-01-26,4650,4650,4520,4565,50002,-0.018279569892473146
2022-01-27,4555,4620,4215,4340,71735,-0.049288061336254074
2022-01-28,4340,4580,4300,4505,56221,0.03801843317972353
2022-02-03,4555,4800,4550,4705,58833,0.04439511653718098
2022-02-04,4725,4800,4690,4775,43472,0.014877789585547196
2022-02-07,4730,4755,4605,4625,30352,-0.03141361256544506
2022-02-08,4660,4750,4505,4560,31530,-0.014054054054054022
2022-02-09,4570,4740,4545,4600,104499,0.00877192982456143
2022-02-10,4610,4665,4550,4610,28096,0.0021739130434783593
2022-02-11,4560,4565,4425,4475,38148,-0.029284164859002204
2022-02-14,4415,4415,4240,4255,50402,-0.049162011173184306
2022-02-15,4195,4300,4150,4230,56172,-0.005875440658049347
2022-02-16,4230,4550,4230,4450,60961,0.05200945626477549
2022-02-17,4515,4700,4430,4510,49944,0.01348314606741563
2022-02-18,4510,4750,4495,4680,38700,0.037694013303769314
2022-02-21,4670,4670,4565,4665,32247,-0.0032051282051281937
2022-02-22,4600,4620,4365,4390,67871,-0.05894962486602362
2022-02-23,4370,4495,4370,4490,52458,0.02277904328018221
2022-02-24,4480,4535,4110,4120,121026,-0.08240534521158127
2022-02-25,4145,4295,4145,4250,82859,0.031553398058252524
2022-02-28,4260,4385,4190,4300,49338,0.0117647058823529
2022-03-02,4300,4490,4265,4480,56099,0.041860465116279055
2022-03-03,4490,4585,4420,4485,39878,0.0011160714285713969
2022-03-04,4465,4560,4355,4460,28144,-0.005574136008918651
2022-03-07,4405,4440,4180,4245,61297,-0.0482062780269058
2022-03-08,4160,4245,4115,4160,40945,-0.020023557126030656
2022-03-10,4175,4330,4175,4220,57193,0.014423076923076872
2022-03-11,4260,4340,4225,4270,23495,0.011848341232227444
2022-03-14,4280,4350,4155,4280,44255,0.0023419203747072626
2022-03-15,4215,4215,4155,4205,27030,-0.017523364485981352
2022-03-16,4205,4345,4170,4335,50499,0.030915576694411362
2022-03-17,4375,4575,4370,4560,108881,0.05190311418685112
2022-03-18,4580,4775,4480,4485,48443,-0.016447368421052655
2022-03-21,4500,4570,4465,4510,36978,0.00557413600891854
2022-03-22,4510,4615,4435,4570,29341,0.013303769401330268
2022-03-23,4580,4665,4510,4580,25344,0.002188183807439792
2022-03-24,4545,4575,4450,4530,33811,-0.01091703056768556
2022-03-25,4540,4590,4420,4460,32947,-0.015452538631346546
2022-03-28,4435,4640,4415,4585,59491,0.028026905829596327
2022-03-29,4585,4745,4580,4650,78492,0.014176663031624903
2022-03-30,4725,4790,4620,4730,58980,0.017204301075268713
2022-03-31,4680,5000,4680,4845,91319,0.024312896405919604
2022-04-01,4820,5220,4800,5190,297042,0.07120743034055721
2022-04-04,5200,5260,5040,5080,203082,-0.021194605009633882
2022-04-05,5130,5490,5050,5450,264221,0.07283464566929143
2022-04-06,5400,5430,5220,5240,123776,-0.038532110091743066
2022-04-07,5160,5380,5060,5060,97970,-0.03435114503816794
2022-04-08,5020,5130,5000,5110,43061,0.009881422924901129
2022-04-11,5060,5080,4840,4950,50024,-0.03131115459882583
2022-04-12,4850,5160,4755,5100,80433,0.030303030303030276
2022-04-13,5040,5280,5040,5110,39323,0.0019607843137254832
2022-04-14,5140,5190,5010,5070,62488,-0.007827788649706457
2022-04-15,5070,5070,4905,5050,20965,-0.0039447731755424265
2022-04-18,4990,5120,4950,5020,42862,-0.005940594059405946
2022-04-19,5010,5010,4895,4970,49368,-0.009960159362549792
2022-04-20,5000,5060,4940,5040,55088,0.014084507042253502
2022-04-21,5040,5250,5010,5080,153114,0.007936507936507908
2022-04-22,5080,5140,4960,4980,83178,-0.019685039370078705
2022-04-25,4840,4905,4720,4720,67935,-0.052208835341365445
2022-04-26,4675,4925,4645,4780,44461,0.012711864406779627
2022-04-27,4770,4770,4625,4675,35457,-0.021966527196652708
2022-04-28,4675,4780,4625,4680,40067,0.0010695187165774556
2022-04-29,4680,4960,4650,4785,40522,0.022435897435897356
2022-05-02,4735,4995,4690,4880,69934,0.01985370950888199
2022-05-03,4960,5190,4895,4945,126683,0.013319672131147486
2022-05-04,4950,4990,4860,4870,41461,-0.015166835187057637
2022-05-06,4780,4800,4705,4750,44226,-0.024640657084188944
2022-05-09,4750,4750,4670,4720,33221,-0.0063157894736841635
2022-05-10,4575,4675,4490,4670,31674,-0.010593220338983023
2022-05-11,4615,4980,4570,4620,47428,-0.010706638115631661
2022-05-12,4665,5130,4600,4650,254376,0.006493506493506551
2022-05-13,4650,4900,4650,4860,54871,0.04516129032258065
2022-05-16,4870,4905,4700,4710,68154,-0.030864197530864224
2022-05-17,4720,4980,4720,4855,84732,0.030785562632696495
2022-05-18,4880,4910,4800,4800,32088,-0.011328527291452062
2022-05-19,4750,4795,4610,4660,32107,-0.029166666666666674
2022-05-20,4660,4980,4600,4660,37891,0.0
2022-05-23,4705,4795,4570,4580,25234,-0.01716738197424894
2022-05-24,4580,4645,4405,4405,32342,-0.03820960698689957
2022-05-25,4330,4585,4320,4435,35656,0.006810442678774065
2022-05-26,4480,4585,4415,4490,25184,0.012401352874858995
2022-05-27,4515,4600,4500,4540,11086,0.011135857461024523
2022-05-30,4550,4680,4535,4605,24870,0.014317180616740144
2022-05-31,4605,4650,4505,4550,39719,-0.011943539630836053
2022-06-02,4550,4635,4505,4610,27538,0.01318681318681314
2022-06-03,4580,4610,4535,4565,41836,-0.009761388286334105
2022-06-07,4565,4700,4510,4530,35135,-0.00766703176341732
2022-06-08,4525,4530,4400,4480,35618,-0.01103752759381893
2022-06-09,4465,4470,4355,4435,22052,-0.010044642857142905
2022-06-10,4430,4430,4300,4330,31134,-0.02367531003382184
2022-06-13,4170,4270,4060,4200,65382,-0.03002309468822173
2022-06-14,4060,4180,3975,4065,61139,-0.03214285714285714
2022-06-15,4055,4060,3805,3830,48537,-0.05781057810578105
2022-06-16,3900,4770,3900,4145,1265927,0.08224543080939939
2022-06-17,4130,4130,3960,4010,88046,-0.03256936067551264
2022-06-20,4030,4100,3725,3980,59939,-0.007481296758104716
2022-06-21,3875,4030,3770,3875,60678,-0.02638190954773867
2022-06-22,3875,3990,3515,3600,58548,-0.07096774193548383
2022-06-23,3585,3705,3115,3225,173085,-0.10416666666666663
2022-06-24,3225,3385,3185,3280,55400,0.01705426356589146
2022-06-27,3400,3630,3380,3495,37986,0.06554878048780477
2022-06-28,3510,3610,3440,3550,26542,0.01573676680972813
2022-06-29,3560,3670,3550,3600,29619,0.014084507042253502
2022-06-30,3610,3700,3500,3500,26191,-0.02777777777777779
2022-07-01,3495,3560,3345,3405,24651,-0.027142857142857135
2022-07-04,3395,3475,3270,3385,15916,-0.005873715124816492
2022-07-05,3385,3495,3265,3495,10665,0.03249630723781394
2022-07-06,3600,3885,3480,3550,66646,0.01573676680972813
2022-07-07,3570,3640,3550,3640,6725,0.025352112676056304
2022-07-08,3675,3735,3615,3685,15784,0.012362637362637319
2022-07-11,3685,3730,3635,3720,19319,0.009497964721845387
2022-07-12,3720,3800,3485,3545,24730,-0.04704301075268813
2022-07-13,3545,3575,3475,3570,5312,0.007052186177715081
2022-07-14,3570,3615,3520,3590,16355,0.0056022408963585235
2022-07-15,3590,3615,3500,3580,4641,-0.0027855153203342198
2022-07-18,3595,3700,3595,3665,17758,0.023743016759776525
2022-07-19,3615,3725,3600,3710,24732,0.012278308321964637
2022-07-20,3730,3820,3710,3740,25243,0.008086253369272267
2022-07-21,3750,3850,3680,3765,27100,0.006684491978609541
2022-07-22,3800,3810,3705,3705,15628,-0.015936254980079667
2022-07-25,3705,3755,3665,3705,5983,0.0
2022-07-26,3640,3705,3630,3700,11007,-0.0013495276653171517
2022-07-27,3700,3750,3660,3750,5901,0.013513513513513598
2022-07-28,3750,3880,3700,3750,25219,0.0
2022-07-29,3765,3840,3690,3750,49858,0.0
2022-08-01,3750,3800,3710,3795,12580,0.01200000000000001
2022-08-02,3760,3795,3665,3720,28221,-0.01976284584980237
2022-08-03,3720,3750,3680,3745,5738,0.006720430107526987
2022-08-04,3820,3840,3725,3740,15753,-0.001335113484646211
2022-08-05,3750,3800,3700,3750,17273,0.002673796791443861
2022-08-08,3770,3770,3585,3645,14590,-0.028000000000000025
2022-08-09,3645,3685,3610,3680,10314,0.009602194787379892
2022-08-10,3640,3695,3640,3695,12912,0.0040760869565217295
2022-08-11,3695,3725,3650,3725,6751,0.008119079837618504
2022-08-12,3735,3785,3695,3760,15827,0.00939597315436247
2022-08-16,3830,4210,3775,3815,642634,0.0146276595744681
2022-08-17,3815,4015,3815,3905,110493,0.023591087811271283
2022-08-18,3890,4550,3855,4050,833075,0.03713188220230479
2022-08-19,4065,4135,3940,3980,81168,-0.01728395061728394
2022-08-22,3905,3910,3825,3860,38811,-0.03015075376884424
2022-08-23,3805,3830,3755,3770,29336,-0.023316062176165775
2022-08-24,3750,3770,3610,3700,58763,-0.018567639257294433
2022-08-25,3730,4105,3715,3830,341172,0.03513513513513522
2022-08-26,3865,3950,3850,3880,50095,0.01305483028720622
2022-08-29,3875,3875,3700,3725,46122,-0.03994845360824739
2022-08-30,3680,3755,3665,3725,38463,0.0
2022-08-31,3760,3885,3750,3880,24666,0.041610738255033475
2022-09-01,3880,3975,3760,3785,38963,-0.02448453608247425
2022-09-02,3750,3785,3710,3780,16866,-0.0013210039630119352
2022-09-05,3710,3740,3585,3620,35445,-0.042328042328042326
2022-09-06,3585,3650,3550,3635,18824,0.004143646408839796
2022-09-07,3650,4460,3635,3905,3012883,0.07427785419532329
2022-09-08,3910,4435,3910,4060,1657210,0.03969270166453276
2022-09-13,4095,4290,3985,4030,278604,-0.007389162561576401
2022-09-14,3900,4030,3870,4030,92959,0.0
2022-09-15,3990,4060,3865,3920,80327,-0.027295285359801524
2022-09-16,3880,3900,3710,3740,87401,-0.04591836734693877
2022-09-19,3720,3775,3605,3705,55829,-0.009358288770053513
2022-09-20,3695,3790,3665,3760,36462,0.014844804318488558
2022-09-21,3765,3905,3745,3810,44036,0.013297872340425565
2022-09-22,3750,3800,3675,3800,33796,-0.002624671916010457
2022-09-23,3780,3815,3610,3705,39466,-0.025000000000000022
2022-09-26,3605,3620,3430,3545,109879,-0.04318488529014841
2022-09-27,3490,3545,3360,3510,63017,-0.009873060648801113
2022-09-28,3475,3800,3290,3380,93980,-0.03703703703703709
2022-09-29,3415,3525,3400,3455,38500,0.022189349112426093
2022-09-30,3455,3540,3375,3525,64928,0.02026049204052094
2022-10-04,3535,3555,3430,3530,43961,0.0014184397163119478
2022-10-05,3565,3650,3440,3450,44922,-0.022662889518413554
2022-10-06,3515,3685,3490,3615,57951,0.047826086956521685
2022-10-07,3615,3710,3615,3660,19824,0.012448132780082943
2022-10-11,3660,3660,3450,3550,34169,-0.030054644808743203
2022-10-12,3480,3510,3410,3460,26959,-0.025352112676056304
2022-10-13,3425,3440,3205,3355,62540,-0.030346820809248554
2022-10-14,3355,3630,3320,3450,63852,0.028315946348733245
2022-10-17,3450,3675,3450,3645,44274,0.05652173913043468
2022-10-18,3670,3745,3650,3720,41613,0.020576131687242816
2022-10-19,3725,4600,3665,3700,1644043,-0.005376344086021501
2022-10-20,3730,4325,3700,3845,1550595,0.03918918918918912
2022-10-21,3840,3840,3615,3655,121600,-0.04941482444733425
2022-10-24,3690,3905,3675,3720,81319,0.017783857729138264
2022-10-25,3730,4030,3730,3910,218088,0.051075268817204256
2022-10-26,3910,4020,3770,3795,83347,-0.02941176470588236
2022-10-27,3790,3940,3765,3855,37419,0.015810276679841806
2022-10-28,3795,3910,3730,3735,42857,-0.0311284046692607
2022-10-31,3790,3950,3735,3770,109186,0.009370816599732157
2022-11-01,3805,3915,3805,3840,27738,0.018567639257294433
2022-11-02,3855,3930,3790,3900,39252,0.015625
2022-11-03,3840,3865,3785,3845,22700,-0.014102564102564052
2022-11-04,3810,3810,3715,3770,29898,-0.01950585175552666
2022-11-07,3770,3895,3770,3870,23679,0.02652519893899208
2022-11-08,3880,3970,3880,3925,49048,0.01421188630490966
2022-11-09,3925,3980,3825,3920,27857,-0.001273885350318471
2022-11-10,3895,3895,3800,3865,15400,-0.014030612244897989
2022-11-11,3900,4260,3900,4130,254861,0.06856403622250973
2022-11-14,4130,4175,3955,4010,84391,-0.029055690072639195
2022-11-15,4040,4145,4010,4125,75989,0.02867830423940143
2022-11-16,4210,4240,4100,4195,96641,0.01696969696969708
2022-11-17,4180,4260,4055,4055,35502,-0.033373063170440975
2022-11-18,4055,4210,4030,4075,43728,0.004932182490752224
2022-11-21,4075,4140,3870,4075,35267,0.0
2022-11-22,3970,4020,3815,3855,46578,-0.053987730061349715
2022-11-23,3825,3885,3815,3860,21335,0.0012970168612191912
2022-11-24,3895,3940,3870,3920,21433,0.015544041450777257
2022-11-25,3930,4175,3925,4055,66676,0.03443877551020402
2022-11-28,4055,4225,3955,4060,62332,0.0012330456226881115
2022-11-29,3940,4190,3935,4125,38308,0.016009852216748666
2022-11-30,4130,4400,4125,4215,54951,0.021818181818181737
2022-12-01,4245,4300,4190,4260,49712,0.01067615658362997
2022-12-02,4260,4260,4150,4250,30941,-0.0023474178403756207
2022-12-05,4250,4290,4180,4285,21414,0.008235294117647118
2022-12-06,4190,4255,4115,4115,27557,-0.03967327887981331
2022-12-07,4005,4065,3925,3945,38392,-0.04131227217496958
2022-12-08,3910,3940,3800,3830,32960,-0.0291508238276299
2022-12-09,3830,4080,3815,4035,52907,0.05352480417754579
2022-12-12,4065,4110,3930,3930,37028,-0.026022304832713727
2022-12-13,3930,3990,3820,3980,30528,0.012722646310432628
2022-12-14,3925,3930,3855,3875,23240,-0.02638190954773867
2022-12-15,3895,3975,3880,3955,30677,0.020645161290322678
2022-12-16,3930,3950,3845,3855,19045,-0.025284450063211117
2022-12-19,3855,3995,3810,3910,50375,0.014267185473411104
2022-12-20,3870,3900,3770,3770,23696,-0.03580562659846542
2022-12-21,3770,3770,3660,3690,26748,-0.021220159151193685
2022-12-22,3690,3755,3630,3675,46686,-0.004065040650406471
2022-12-23,3730,3740,3500,3520,54654,-0.042176870748299344
2022-12-26,3485,3550,3445,3550,27218,0.008522727272727293
2022-12-27,3515,3605,3470,3590,16068,0.011267605633802802
2022-12-28,3625,3670,3515,3600,17437,0.0027855153203342198
2022-12-29,3530,3555,3455,3460,18811,-0.03888888888888886
2023-01-02,3425,3460,3405,3405,37657,-0.01589595375722541
2023-01-03,3405,3440,3315,3395,41671,-0.002936857562408246
2023-01-04,3395,3530,3360,3505,16512,0.032400589101620136
2023-01-05,3540,3645,3485,3495,22518,-0.0028530670470755526
2023-01-06,3530,3630,3505,3630,15343,0.03862660944205998
2023-01-09,3665,3710,3575,3600,27872,-0.008264462809917328
2023-01-10,3600,3710,3600,3680,17162,0.022222222222222143
2023-01-11,3685,3750,3625,3680,31197,0.0
2023-01-12,3685,3765,3640,3735,20996,0.014945652173913082
2023-01-13,3725,3770,3645,3715,37640,-0.0053547523427041055
2023-01-16,3715,3730,3625,3640,28488,-0.020188425302826385
2023-01-17,3665,3760,3570,3600,23170,-0.01098901098901095
2023-01-18,3600,3600,3530,3555,17813,-0.012499999999999956
2023-01-19,3555,3645,3520,3550,18572,-0.0014064697609000865
2023-01-20,3575,3590,3550,3575,6109,0.007042253521126751
2023-01-25,3590,3650,3575,3595,18276,0.005594405594405494
2023-01-26,3595,3690,3595,3685,24818,0.025034770514603677
2023-01-27,3685,3850,3685,3770,38234,0.023066485753052923
2023-01-30,3770,3930,3735,3880,31993,0.02917771883289122
2023-01-31,3880,3995,3755,3850,60761,-0.0077319587628865705
2023-02-01,3865,3970,3800,3885,73629,0.009090909090909038
2023-02-02,3885,3970,3855,3955,40366,0.018018018018018056
2023-02-03,3955,4115,3900,4000,53849,0.011378002528444897
2023-02-06,4000,4000,3835,3915,78678,-0.02124999999999999
2023-02-07,3835,3960,3835,3935,30719,0.005108556832694733
2023-02-08,3935,4065,3915,4020,59191,0.021601016518424387
2023-02-09,4040,4095,3905,4015,50987,-0.0012437810945273853
2023-02-10,3980,4055,3915,3920,27939,-0.023661270236612686
2023-02-13,3920,3965,3855,3925,21229,0.0012755102040815647
2023-02-14,3915,3945,3850,3865,22470,-0.015286624203821653
2023-02-15,3865,3920,3700,3750,45945,-0.02975420439844756
2023-02-16,3715,3910,3710,3845,33019,0.02533333333333343
2023-02-17,3820,3970,3740,3870,42782,0.006501950585175553
2023-02-20,3870,3985,3870,3925,19382,0.01421188630490966
2023-02-21,3925,3965,3865,3890,22161,-0.008917197452229297
2023-02-22,3865,3865,3765,3765,38848,-0.03213367609254503
2023-02-23,3730,3765,3710,3750,18589,-0.003984063745019917
2023-02-24,3750,3860,3715,3760,39212,0.002666666666666595
2023-02-27,3740,3760,3665,3700,18633,-0.015957446808510634
2023-02-28,3700,3850,3670,3830,30416,0.03513513513513522
2023-03-02,3830,3950,3770,3820,43320,-0.0026109660574412663
2023-03-03,3855,3945,3825,3900,41859,0.020942408376963373
2023-03-06,3900,3995,3840,3865,30010,-0.008974358974358942
2023-03-07,3865,3865,3815,3855,15473,-0.002587322121604174
2023-03-08,3845,3855,3750,3850,18742,-0.0012970168612191912
2023-03-09,3845,3845,3755,3820,16297,-0.007792207792207795
2023-03-10,3765,3810,3690,3730,23159,-0.023560209424083767
2023-03-13,3635,3675,3555,3675,29153,-0.014745308310991967
2023-03-14,3620,3620,3530,3530,33949,-0.039455782312925125
2023-03-15,3530,3620,3510,3620,37366,0.025495750708215192
2023-03-16,3635,3660,3500,3520,27639,-0.027624309392265234
2023-03-17,3535,3695,3535,3670,23080,0.042613636363636465
2023-03-20,3670,3765,3600,3760,35352,0.02452316076294281
2023-03-21,3760,3760,3695,3725,14595,-0.009308510638297851
2023-03-22,3725,3725,3595,3670,30512,-0.014765100671140896
2023-03-23,3660,3660,3515,3565,36500,-0.028610354223433276
2023-03-24,3535,3695,3535,3635,20451,0.019635343618513268
2023-03-27,3655,3695,3585,3625,16608,-0.0027510316368638543
2023-03-28,3625,3700,3590,3690,22216,0.017931034482758568
2023-03-29,3705,3785,3650,3725,31456,0.009485094850948617
2023-03-30,3730,3850,3690,3810,61882,0.02281879194630876
2023-03-31,3805,3880,3740,3760,34810,-0.013123359580052507
2023-04-03,3780,3795,3675,3700,32462,-0.015957446808510634
2023-04-04,3695,3760,3600,3645,97813,-0.014864864864864824
2023-04-05,3840,4380,3735,3745,1497150,0.027434842249657088
2023-04-06,3815,3835,3675,3710,136918,-0.009345794392523366
2023-04-07,3745,3770,3635,3660,80444,-0.013477088948787075
2023-04-10,3725,3755,3585,3675,105044,0.004098360655737654
2023-04-11,3645,3710,3645,3690,62996,0.004081632653061273
2023-04-12,3700,3710,3485,3660,61869,-0.008130081300813052
2023-04-13,3660,3735,3645,3735,37386,0.020491803278688492
2023-04-14,3740,3815,3740,3755,63733,0.0053547523427042165
2023-04-17,3770,3820,3715,3805,72884,0.013315579227696439
2023-04-18,3805,3945,3775,3845,86976,0.010512483574244502
2023-04-19,3845,3880,3815,3835,43004,-0.002600780234070177
2023-04-20,3835,3835,3645,3645,64275,-0.049543676662320735
2023-04-21,3600,3685,3555,3625,62693,-0.005486968449931462
2023-04-24,3590,3660,3565,3635,44986,0.0027586206896552667
2023-04-25,3590,3795,3560,3665,54129,0.008253094910591452
2023-04-26,3630,3740,3575,3670,28434,0.0013642564802183177
2023-04-27,3635,3670,3540,3600,32728,-0.019073569482288777
2023-04-28,3635,3720,3565,3585,44723,-0.004166666666666652
2023-05-02,3585,3685,3585,3670,37404,0.023709902370990132
2023-05-03,3665,3685,3625,3645,22188,-0.006811989100817484
2023-05-04,3590,3610,3515,3545,35921,-0.027434842249657088
2023-05-08,3545,3680,3545,3615,19221,0.019746121297602226
2023-05-09,3615,3670,3615,3655,12876,0.011065006915629283
2023-05-10,3630,3655,3595,3600,13265,-0.015047879616963078
2023-05-11,3600,3655,3600,3630,13283,0.008333333333333304
2023-05-12,3630,3650,3590,3605,12255,-0.00688705234159781
2023-05-15,3605,3695,3545,3665,30154,0.01664355062413314
2023-05-16,3625,3625,3520,3520,24055,-0.0395634379263301
2023-05-17,3490,3545,3415,3515,28730,-0.0014204545454545858
2023-05-18,3555,3645,3550,3645,15743,0.0369843527738265
2023-05-19,3645,3800,3625,3690,21668,0.012345679012345734
2023-05-22,3690,3730,3640,3695,20087,0.0013550135501354532
2023-05-23,3695,3735,3645,3705,45655,0.0027063599458727605
2023-05-24,3705,3750,3560,3665,80208,-0.010796221322537103
2023-05-25,3670,3670,3565,3595,23556,-0.019099590723055893
2023-05-26,3595,3650,3560,3650,24655,0.015299026425591
2023-05-30,3650,3650,3570,3590,23727,-0.016438356164383605
2023-05-31,3590,3685,3535,3575,33540,-0.004178272980501441
2023-06-01,3575,3620,3460,3595,26017,0.005594405594405494
2023-06-02,3585,3650,3575,3645,13884,0.013908205841446364
2023-06-05,3645,3885,3620,3825,201435,0.04938271604938271
2023-06-07,3785,3820,3645,3710,91132,-0.030065359477124187
2023-06-08,3695,3750,3675,3690,16190,-0.005390835579514808
2023-06-09,3685,3745,3650,3675,21675,-0.004065040650406471
2023-06-12,3675,3730,3635,3675,15234,0.0
2023-06-13,3675,3780,3675,3710,20785,0.00952380952380949
2023-06-14,3710,3795,3655,3660,34017,-0.013477088948787075
2023-06-15,3625,3670,3605,3610,21495,-0.013661202185792365
2023-06-16,3625,3650,3625,3630,17277,0.005540166204986097
2023-06-19,3645,3700,3640,3655,21419,0.00688705234159781
2023-06-20,3645,3655,3610,3650,13608,-0.001367989056087593
2023-06-21,3615,3650,3570,3575,34316,-0.020547945205479423
2023-06-22,3530,3600,3520,3570,22885,-0.0013986013986013734
2023-06-23,3570,3795,3565,3750,89500,0.050420168067226934
2023-06-26,3755,3850,3715,3715,73973,-0.009333333333333305
2023-06-27,3740,3790,3650,3690,39546,-0.006729475100942128
2023-06-28,3655,3690,3620,3690,18999,0.0
2023-06-29,3665,3745,3620,3645,21062,-0.012195121951219523
2023-06-30,3615,3670,3600,3670,12699,0.006858710562414272
2023-07-03,3705,3760,3685,3710,35895,0.01089918256130784
2023-07-04,3710,3770,3675,3730,19865,0.005390835579514919
2023-07-05,3700,3835,3675,3695,50419,-0.009383378016085797
2023-07-06,3660,3680,3635,3650,12964,-0.012178619756427644
2023-07-07,3615,3620,3540,3620,29864,-0.008219178082191747
2023-07-10,3580,3620,3550,3575,14878,-0.012430939226519389
2023-07-11,3570,3645,3540,3615,19088,0.01118881118881121
2023-07-12,3615,3695,3615,3650,20043,0.009681881051175623
2023-07-13,3650,3700,3615,3625,15654,-0.006849315068493178
2023-07-14,3635,3650,3560,3620,28369,-0.0013793103448276334
2023-07-17,3620,3620,3550,3580,17242,-0.011049723756906049
2023-07-18,3550,3595,3520,3530,15995,-0.013966480446927387
2023-07-19,3540,3550,3410,3445,35065,-0.024079320113314484
2023-07-20,3450,3485,3420,3455,17851,0.002902757619738683
2023-07-21,3455,3455,3410,3420,10474,-0.01013024602026047
2023-07-24,3420,3430,3320,3340,35958,-0.023391812865497075
2023-07-25,3340,3340,3210,3270,48267,-0.020958083832335328
2023-07-26,3270,3270,2980,3105,108475,-0.050458715596330306
2023-07-27,3105,3340,3090,3160,31570,0.017713365539452575
2023-07-28,3175,3420,3175,3370,38966,0.06645569620253156
2023-07-31,3420,3420,3250,3300,45506,-0.020771513353115778
2023-08-01,3320,3350,3250,3340,32284,0.0121212121212122
2023-08-02,3335,3470,3305,3385,24417,0.013473053892215647
2023-08-03,3345,3380,3270,3380,9120,-0.001477104874446078
2023-08-04,3330,3350,3305,3315,12478,-0.019230769230769273
2023-08-07,3315,3355,3275,3325,9146,0.003016591251885359
2023-08-08,3245,3325,3235,3310,16697,-0.004511278195488688
2023-08-09,3310,3395,3280,3340,9540,0.009063444108761365
2023-08-10,3390,3410,3290,3320,18747,-0.005988023952095856
2023-08-11,3370,3395,3320,3365,13811,0.013554216867469826
2023-08-14,3365,3430,3250,3330,14017,-0.010401188707280795
2023-08-16,3235,3255,3195,3220,15203,-0.033033033033033066
2023-08-17,3170,3195,3160,3175,14638,-0.013975155279503104
2023-08-18,3130,3175,3090,3120,7912,-0.017322834645669305
2023-08-21,3110,3155,3085,3155,17692,0.011217948717948678
2023-08-22,3155,3190,3120,3165,15030,0.0031695721077653616
2023-08-23,3185,3190,3145,3165,6652,0.0
2023-08-24,3130,3270,3125,3165,12695,0.0
2023-08-25,3165,3230,3090,3105,21622,-0.018957345971563955
2023-08-28,3125,3190,3105,3185,5270,0.025764895330112614
2023-08-29,3200,3240,3190,3230,8600,0.014128728414442682
2023-08-30,3230,3295,3200,3275,15799,0.01393188854489158
2023-08-31,3275,3305,3185,3260,17452,-0.004580152671755711
2023-09-01,3260,3540,3210,3275,79485,0.004601226993865115
2023-09-04,3275,3300,3215,3270,16883,-0.0015267175572518665
2023-09-05,3270,3395,3220,3320,30343,0.015290519877675823
2023-09-06,3275,3390,3265,3300,13100,-0.0060240963855421326
2023-09-07,3280,3380,3205,3280,18297,-0.0060606060606061
2023-09-08,3280,3280,3165,3265,14455,-0.004573170731707266
2023-09-11,3265,3265,3170,3190,14728,-0.02297090352220521
2023-09-12,3190,3245,3155,3170,22904,-0.006269592476489061
2023-09-13,3165,3180,3120,3140,21534,-0.009463722397476393
2023-09-14,3110,3195,3110,3190,15758,0.015923566878981
2023-09-15,3190,3250,3170,3220,11650,0.00940438871473348
2023-09-18,3220,3220,3130,3180,11344,-0.012422360248447228
2023-09-19,3150,3175,3025,3110,45822,-0.022012578616352196
2023-09-20,3100,3110,3050,3100,10256,-0.003215434083601254
2023-09-21,3065,3090,2965,2980,42907,-0.03870967741935483
2023-09-22,2950,3040,2910,2910,20216,-0.023489932885906062
2023-09-25,2910,2955,2890,2945,20321,0.012027491408934665
2023-09-26,2935,3005,2885,3005,11745,0.02037351443123936
2023-09-27,2985,2985,2910,2980,23428,-0.008319467554076532
2023-10-04,2975,2975,2840,2855,40757,-0.04194630872483218
2023-10-05,2830,2855,2795,2825,20619,-0.010507880910682998
2023-10-06,2825,2970,2800,2865,17188,0.014159292035398341
2023-10-10,2945,3040,2895,2900,24513,0.01221640488656206
2023-10-11,2900,3020,2900,3015,14167,0.039655172413793016
2023-10-12,3040,3075,3035,3065,6853,0.016583747927031434
2023-10-13,3080,3180,3040,3090,16120,0.00815660685154973
2023-10-16,3090,3090,2995,3000,6722,-0.029126213592232997
2023-10-17,3000,3060,3000,3040,2780,0.01333333333333342
2023-10-18,3040,3130,3025,3095,11558,0.018092105263157965
2023-10-19,3020,3065,2970,2970,2699,-0.04038772213247177
2023-10-20,2940,2940,2840,2930,17690,-0.013468013468013518
2023-10-23,2905,2905,2815,2825,10829,-0.03583617747440271
2023-10-24,2755,2910,2745,2900,51062,0.026548672566371723
2023-10-25,2925,2960,2845,2890,16162,-0.0034482758620689724
2023-10-26,2860,2860,2660,2730,37673,-0.05536332179930792
2023-10-27,2705,2840,2675,2735,31943,0.001831501831501825
2023-10-30,2705,2795,2695,2795,19455,0.021937842778793515
2023-10-31,2835,2855,2740,2845,20640,0.017889087656529412
2023-11-01,2845,2895,2705,2875,19383,0.010544815465729274
2023-11-02,2890,2990,2880,2940,8813,0.022608695652173827
2023-11-03,2940,2955,2815,2925,18474,-0.005102040816326481
2023-11-06,2930,2970,2910,2955,12681,0.01025641025641022
2023-11-07,2955,2970,2875,2940,6206,-0.005076142131979711
2023-11-08,2935,2985,2910,2985,28193,0.015306122448979664
2023-11-09,3015,3015,2910,2960,11903,-0.008375209380234505
2023-11-10,2845,2925,2845,2900,19097,-0.020270270270270285
2023-11-13,2885,2940,2855,2935,13749,0.012068965517241459
2023-11-14,2935,3040,2930,3040,14388,0.035775127768313375
2023-11-15,3040,3070,2945,3040,22592,0.0
2023-11-16,3005,3045,2975,3045,9253,0.00164473684210531
2023-11-17,3040,3040,2900,2985,39849,-0.019704433497536922
2023-11-20,2980,3030,2955,2990,14829,0.0016750418760469454
2023-11-21,3005,3035,2920,2995,27341,0.0016722408026756952
2023-11-22,2995,2995,2940,2970,2760,-0.008347245409014992
2023-11-23,2970,2985,2850,2890,40551,-0.026936026936026924
2023-11-24,2910,2950,2875,2930,27990,0.01384083044982698
2023-11-27,2930,2930,2805,2815,28851,-0.03924914675767921
2023-11-28,2815,2890,2805,2890,11841,0.026642984014209503
2023-11-29,2865,2890,2830,2875,11348,-0.00519031141868509
2023-11-30,2845,2875,2820,2825,32631,-0.017391304347826098
2023-12-01,2825,2840,2800,2825,19655,0.0
2023-12-04,2820,2820,2795,2805,13036,-0.0070796460176991705
2023-12-05,2805,2845,2790,2840,18856,0.012477718360071277
2023-12-06,2840,2895,2820,2890,11279,0.01760563380281699
2023-12-07,2890,3040,2845,2945,20991,0.01903114186851207
2023-12-08,2945,2995,2910,2995,9544,0.01697792869269943
2023-12-11,2995,3010,2935,2995,20398,0.0
2023-12-12,2995,3035,2965,2995,15472,0.0
2023-12-13,2995,3020,2980,3010,12289,0.005008347245408995
2023-12-14,3010,3020,2920,3000,10516,-0.0033222591362126463
2023-12-15,3000,3020,2955,3010,13558,0.0033333333333334103
2023-12-18,3005,3005,2945,2980,5803,-0.009966777408637828
2023-12-19,2975,3000,2850,2985,21532,0.001677852348993314
2023-12-20,3015,3200,2990,3055,28361,0.02345058626465657
2023-12-21,3040,3055,2945,3055,9439,0.0
2023-12-22,3020,3045,2970,3010,3197,-0.014729950900163713
2023-12-26,3010,3020,2955,2990,9055,-0.006644518272425293
2023-12-27,2990,2990,2900,2930,42289,-0.02006688963210701
2023-12-28,2930,2990,2905,2990,13339,0.020477815699658786
2024-01-02,2990,3040,2990,3040,42309,0.01672240802675584
2024-01-03,3055,3105,3040,3105,21900,0.021381578947368363
2024-01-04,3105,3120,3060,3090,9871,-0.004830917874396157
2024-01-05,3090,3090,3025,3090,4507,0.0
2024-01-08,3090,3105,2995,3060,5619,-0.009708737864077666
2024-01-09,3060,3105,3025,3095,8075,0.011437908496731986
2024-01-10,3095,3095,3040,3040,5798,-0.017770597738287597
2024-01-11,3040,3060,3005,3015,9502,-0.008223684210526327
2024-01-12,3015,3080,2955,2955,11395,-0.01990049751243783
2024-01-15,2945,2975,2925,2975,11639,0.006768189509306355
2024-01-16,2975,3060,2900,2920,14471,-0.01848739495798324
2024-01-17,2920,2950,2850,2945,6211,0.008561643835616417
2024-01-18,2915,2945,2830,2940,18208,-0.001697792869269965
2024-01-19,2915,2985,2905,2985,8127,0.015306122448979664
2024-01-22,3005,3045,3000,3045,5973,0.0201005025125629
2024-01-23,3030,3055,2960,3005,8334,-0.013136288998357948
2024-01-24,3005,3040,2940,3040,7631,0.011647254575707144
2024-01-25,3010,3040,2955,3000,13902,-0.013157894736842146
2024-01-26,3000,3145,2970,3100,41916,0.03333333333333344
2024-01-29,3145,3150,3010,3070,19284,-0.009677419354838679
2024-01-30,3070,3070,2965,3000,14490,-0.0228013029315961
2024-01-31,2990,3040,2910,2935,36203,-0.021666666666666612
2024-02-01,2935,2935,2850,2920,20660,-0.005110732538330498
2024-02-02,2890,2985,2890,2905,29804,-0.005136986301369828
