Date,Open,High,Low,Close,Volume,Change
2022-01-03,3075,3075,2970,2990,104011,-0.01806239737274218
2022-01-04,3010,3075,2985,3065,176607,0.025083612040133874
2022-01-05,3070,3195,3055,3160,237142,0.030995106035889064
2022-01-06,3105,3250,3055,3130,314745,-0.009493670886076
2022-01-07,3190,3220,3135,3155,119109,0.007987220447284393
2022-01-10,3185,3205,3115,3185,160871,0.009508716323296307
2022-01-11,3160,3165,3065,3100,158752,-0.026687598116169498
2022-01-12,3080,3150,3065,3140,59051,0.012903225806451646
2022-01-13,3170,3200,3130,3135,175774,-0.0015923566878981443
2022-01-14,3135,3275,3085,3270,392646,0.04306220095693769
2022-01-17,3220,3255,3100,3125,223291,-0.04434250764525993
2022-01-18,3115,3145,3000,3045,211082,-0.025599999999999956
2022-01-19,3020,3055,2930,2995,87324,-0.016420361247947435
2022-01-20,2995,3065,2965,3065,83814,0.023372287145241977
2022-01-21,3080,3635,3025,3545,3639399,0.1566068515497554
2022-01-24,3630,3960,3590,3765,2675977,0.06205923836389271
2022-01-25,3765,3865,3565,3605,973147,-0.04249667994687911
2022-01-26,3700,3850,3620,3805,1092674,0.0554785020804438
2022-01-27,3835,3840,3500,3590,610230,-0.0565045992115637
2022-01-28,3620,3720,3445,3650,564028,0.01671309192200554
2022-02-03,3650,3830,3635,3775,666112,0.03424657534246567
2022-02-04,3745,3815,3710,3765,389134,-0.0026490066225165476
2022-02-07,3765,3780,3645,3675,258202,-0.0239043824701195
2022-02-08,3700,3705,3480,3550,373459,-0.03401360544217691
2022-02-09,3555,3680,3545,3665,282195,0.032394366197183055
2022-02-10,3650,3700,3540,3590,149032,-0.02046384720327421
2022-02-11,3510,3590,3415,3415,300925,-0.04874651810584962
2022-02-14,3390,3450,3230,3370,540830,-0.013177159590043952
2022-02-15,3320,3365,3225,3245,255815,-0.0370919881305638
2022-02-16,3310,3410,3245,3335,290219,0.027734976887519247
2022-02-17,3340,3460,3290,3410,322886,0.022488755622188883
2022-02-18,3310,3495,3310,3480,165742,0.02052785923753664
2022-02-21,3475,3490,3385,3400,145455,-0.02298850574712641
2022-02-22,3315,3415,3280,3320,160183,-0.02352941176470591
2022-02-23,3305,3685,3305,3685,924190,0.10993975903614461
2022-02-24,3670,3730,3550,3560,1803125,-0.03392130257801895
2022-02-25,3600,3670,3525,3555,377450,-0.001404494382022503
2022-02-28,3555,3600,3440,3500,302482,-0.015471167369901506
2022-03-02,3500,3620,3455,3585,237452,0.024285714285714244
2022-03-03,3635,3640,3460,3475,284638,-0.030683403068340276
2022-03-04,3510,3560,3455,3560,239847,0.02446043165467615
2022-03-07,3560,3605,3355,3405,419725,-0.0435393258426966
2022-03-08,3295,3400,3210,3235,343623,-0.04992657856093985
2022-03-10,3305,3340,3205,3240,214118,0.0015455950540959051
2022-03-11,3255,3385,3215,3280,164055,0.012345679012345734
2022-03-14,3315,3315,3130,3190,232526,-0.027439024390243927
2022-03-15,3145,3210,3065,3125,150274,-0.020376175548589393
2022-03-16,3130,3200,3085,3145,131536,0.006399999999999961
2022-03-17,3180,3200,3130,3150,198405,0.0015898251192367763
2022-03-18,3200,3320,3150,3245,351741,0.03015873015873005
2022-03-21,3245,3300,3175,3205,187809,-0.012326656394452962
2022-03-22,3220,3380,3215,3340,423976,0.04212168486739465
2022-03-23,3400,3515,3365,3475,741945,0.04041916167664672
2022-03-24,3445,3450,3330,3395,329546,-0.02302158273381294
2022-03-25,3390,3395,3270,3280,204280,-0.03387334315169366
2022-03-28,3285,3435,3250,3410,348021,0.03963414634146334
2022-03-29,3410,3510,3355,3395,376250,-0.004398826979472137
2022-03-30,3395,3400,3275,3300,323521,-0.027982326951399128
2022-03-31,3320,3365,3290,3355,145167,0.016666666666666607
2022-04-01,3350,3440,3275,3395,264204,0.011922503725782407
2022-04-04,3405,3455,3390,3415,340993,0.00589101620029453
2022-04-05,3445,3495,3415,3450,258425,0.01024890190336758
2022-04-06,3440,3470,3325,3425,343696,-0.007246376811594235
2022-04-07,3365,3395,3300,3340,247183,-0.02481751824817513
2022-04-08,3320,3365,3245,3345,232271,0.0014970059880239361
2022-04-11,3350,3450,3325,3390,179495,0.013452914798206317
2022-04-12,3390,3590,3355,3565,905034,0.05162241887905594
2022-04-13,3595,3600,3500,3560,530985,-0.0014025245441795509
2022-04-14,3565,3720,3505,3595,752570,0.00983146067415741
2022-04-15,3520,3670,3510,3615,364566,0.0055632823365785455
2022-04-18,3670,3755,3540,3545,474472,-0.019363762102351356
2022-04-19,3550,3685,3520,3650,334462,0.02961918194640334
2022-04-20,3660,3740,3590,3705,444440,0.015068493150685036
2022-04-21,3745,3745,3550,3660,455223,-0.012145748987854255
2022-04-22,3640,3640,3500,3530,495503,-0.03551912568306015
2022-04-25,3420,3480,3345,3355,412647,-0.04957507082152979
2022-04-26,3400,3400,3285,3365,261112,0.0029806259314455463
2022-04-27,3280,3410,3265,3410,184875,0.013372956909361022
2022-04-28,3410,3750,3395,3475,1010041,0.019061583577712593
2022-04-29,3475,3535,3405,3525,199956,0.014388489208633004
2022-05-02,3500,3540,3445,3485,129532,-0.01134751773049647
2022-05-03,3515,3570,3450,3505,211106,0.0057388809182210565
2022-05-04,3505,3550,3460,3470,131986,-0.0099857346647646
2022-05-06,3465,3465,3325,3395,205527,-0.021613832853025983
2022-05-09,3350,3350,3170,3185,327494,-0.061855670103092786
2022-05-10,3115,3215,3030,3200,237145,0.0047095761381474865
2022-05-11,3150,3220,3080,3100,270981,-0.03125
2022-05-12,3030,3135,3000,3085,245210,-0.004838709677419395
2022-05-13,3080,3130,3055,3075,140973,-0.0032414910858995505
2022-05-16,3125,3145,3045,3045,227595,-0.009756097560975618
2022-05-17,3080,3085,2980,3025,266906,-0.006568144499178974
2022-05-18,3025,3060,2940,2945,321850,-0.026446280991735516
2022-05-19,2890,2930,2855,2920,163921,-0.008488964346349714
2022-05-20,2930,3055,2930,3040,209325,0.041095890410958846
2022-05-23,3075,3075,2950,2970,141326,-0.023026315789473673
2022-05-24,2995,3015,2905,2915,133230,-0.01851851851851849
2022-05-25,2910,2930,2865,2880,124187,-0.012006861063464824
2022-05-26,2885,2940,2845,2930,104072,0.01736111111111116
2022-05-27,2950,3035,2950,3015,193338,0.029010238907849928
2022-05-30,3020,3035,3000,3010,77981,-0.0016583747927031434
2022-05-31,3015,3030,2990,2990,97002,-0.006644518272425293
2022-06-02,2965,3015,2965,3000,69335,0.0033444816053511683
2022-06-03,3000,3030,2980,3020,68761,0.006666666666666599
2022-06-07,2985,3015,2975,2990,69114,-0.009933774834437137
2022-06-08,2995,3065,2970,3050,162765,0.02006688963210701
2022-06-09,3055,3115,3010,3025,125859,-0.008196721311475419
2022-06-10,3025,3035,2985,3010,74111,-0.0049586776859503745
2022-06-13,2865,2940,2740,2755,272859,-0.08471760797342198
2022-06-14,2735,2770,2625,2730,238304,-0.00907441016333943
2022-06-15,2695,2725,2595,2595,167868,-0.0494505494505495
2022-06-16,2635,2735,2610,2650,106192,0.021194605009633882
2022-06-17,2570,2730,2540,2685,92315,0.013207547169811429
2022-06-20,2690,2690,2505,2545,241842,-0.05214152700186214
2022-06-21,2575,2730,2505,2695,187245,0.058939096267190516
2022-06-22,2725,2730,2580,2585,151262,-0.04081632653061229
2022-06-23,2620,2640,2475,2550,141349,-0.013539651837524147
2022-06-24,2550,2650,2520,2595,86498,0.01764705882352935
2022-06-27,2620,2680,2590,2640,175108,0.01734104046242768
2022-06-28,2615,2685,2615,2670,51584,0.011363636363636465
2022-06-29,2600,2800,2600,2780,189798,0.04119850187265928
2022-06-30,2770,2910,2720,2805,223427,0.008992805755395628
2022-07-01,2810,2850,2685,2710,103359,-0.033868092691622054
2022-07-04,2735,2735,2530,2620,179618,-0.03321033210332103
2022-07-05,2640,2675,2605,2675,62135,0.020992366412213803
2022-07-06,2700,2700,2520,2540,162676,-0.05046728971962622
2022-07-07,2585,2585,2495,2565,90789,0.009842519685039353
2022-07-08,2590,2620,2570,2605,73245,0.015594541910331383
2022-07-11,2635,2635,2535,2550,98038,-0.021113243761996192
2022-07-12,2560,2560,2385,2425,224477,-0.0490196078431373
2022-07-13,2425,2435,2355,2385,147765,-0.016494845360824795
2022-07-14,2395,2395,2315,2345,123619,-0.016771488469601636
2022-07-15,2350,2370,2265,2320,224201,-0.010660980810234588
2022-07-18,2320,2450,2320,2450,159183,0.056034482758620774
2022-07-19,2425,2495,2425,2470,95500,0.008163265306122547
2022-07-20,2485,2525,2470,2495,60961,0.010121457489878471
2022-07-21,2520,2520,2470,2480,73919,-0.006012024048096198
2022-07-22,2480,2520,2430,2450,104539,-0.012096774193548376
2022-07-25,2465,2480,2435,2450,67954,0.0
2022-07-26,2465,2545,2450,2510,54464,0.02448979591836742
2022-07-27,2500,2520,2455,2455,101301,-0.021912350597609542
2022-07-28,2485,2550,2480,2510,89710,0.022403258655804503
2022-07-29,2530,2600,2520,2565,78467,0.021912350597609542
2022-08-01,2610,2640,2555,2600,140869,0.013645224171539905
2022-08-02,2650,2760,2650,2730,496649,0.050000000000000044
2022-08-03,2645,2780,2645,2745,191722,0.005494505494505475
2022-08-04,2765,2815,2730,2735,87475,-0.0036429872495445936
2022-08-05,2740,2780,2715,2760,49684,0.009140767824497242
2022-08-08,2760,2780,2690,2775,63745,0.005434782608695565
2022-08-09,2810,2880,2740,2870,201750,0.03423423423423433
2022-08-10,2870,3010,2845,2950,360773,0.027874564459930307
2022-08-11,2960,3055,2960,2990,323852,0.013559322033898313
2022-08-12,2990,3030,2940,2965,77536,-0.00836120401337792
2022-08-16,2990,2990,2800,2845,305689,-0.0404721753794266
2022-08-17,2870,2900,2765,2795,186654,-0.017574692442882234
2022-08-18,2735,2880,2730,2880,135410,0.030411449016100267
2022-08-19,2840,2955,2840,2880,158787,0.0
2022-08-22,2850,2850,2775,2775,78954,-0.03645833333333337
2022-08-23,2705,2905,2705,2885,210950,0.03963963963963968
2022-08-24,2910,2960,2860,2930,186135,0.015597920277296451
2022-08-25,2960,2990,2910,2920,170956,-0.0034129692832765013
2022-08-26,2930,2935,2845,2855,200650,-0.022260273972602773
2022-08-29,2710,2800,2710,2790,104450,-0.02276707530647981
2022-08-30,2765,2825,2720,2775,94398,-0.005376344086021501
2022-08-31,2705,2760,2680,2745,176046,-0.010810810810810811
2022-09-01,2740,2795,2695,2695,103065,-0.01821493624772308
2022-09-02,2695,2710,2650,2685,39473,-0.0037105751391465214
2022-09-05,2630,2690,2620,2690,71943,0.0018621973929235924
2022-09-06,2660,2760,2660,2750,31755,0.02230483271375472
2022-09-07,2750,2750,2640,2650,50873,-0.036363636363636376
2022-09-08,2650,2690,2645,2675,31290,0.009433962264151052
2022-09-13,2705,2725,2650,2695,46775,0.007476635514018781
2022-09-14,2645,2675,2600,2630,51823,-0.024118738404452666
2022-09-15,2630,2685,2630,2675,46654,0.017110266159695797
2022-09-16,2655,2675,2565,2585,64565,-0.03364485981308407
2022-09-19,2575,2575,2440,2500,132392,-0.03288201160541582
2022-09-20,2485,2525,2445,2525,62867,0.010000000000000009
2022-09-21,2540,2605,2500,2525,67478,0.0
2022-09-22,2435,2550,2425,2535,96056,0.003960396039603964
2022-09-23,2535,2555,2410,2480,84825,-0.021696252465483234
2022-09-26,2475,2475,2265,2300,190162,-0.07258064516129037
2022-09-27,2310,2315,2185,2280,110147,-0.008695652173912993
2022-09-28,2270,2295,2105,2200,116242,-0.03508771929824561
2022-09-29,2225,2340,2205,2205,39332,0.002272727272727204
2022-09-30,2135,2280,2120,2280,105424,0.03401360544217691
2022-10-04,2345,2360,2260,2345,37195,0.028508771929824483
2022-10-05,2390,2390,2275,2300,26920,-0.019189765458422214
2022-10-06,2300,2365,2300,2350,48231,0.021739130434782705
2022-10-07,2345,2375,2315,2325,24513,-0.010638297872340385
2022-10-11,2255,2270,2150,2165,61897,-0.0688172043010753
2022-10-12,2165,2175,2100,2175,44045,0.004618937644341736
2022-10-13,2145,2145,2050,2075,100380,-0.04597701149425293
2022-10-14,2095,2180,2095,2170,42589,0.04578313253012056
2022-10-17,2145,2300,2090,2225,35892,0.025345622119815614
2022-10-18,2225,2275,2210,2270,20861,0.020224719101123556
2022-10-19,2285,2285,2225,2245,20083,-0.011013215859030812
2022-10-20,2235,2240,2180,2180,17522,-0.028953229398663738
2022-10-21,2155,2170,2085,2135,24056,-0.020642201834862428
2022-10-24,2205,2225,2165,2210,27700,0.03512880562060894
2022-10-25,2215,2230,2005,2150,75861,-0.02714932126696834
2022-10-26,2150,2160,2100,2135,25939,-0.006976744186046546
2022-10-27,2135,2175,2095,2160,41392,0.011709601873536313
2022-10-28,2155,2185,2130,2170,12307,0.004629629629629539
2022-10-31,2195,2215,2110,2210,32620,0.018433179723502224
2022-11-01,2200,2275,2200,2250,42099,0.018099547511312153
2022-11-02,2275,2275,2220,2235,18458,-0.00666666666666671
2022-11-03,2210,2250,2165,2250,13201,0.006711409395973256
2022-11-04,2250,2265,2205,2255,31941,0.0022222222222221255
2022-11-07,2275,2305,2240,2305,28787,0.022172949002217335
2022-11-08,2305,2325,2275,2310,31167,0.002169197396963085
2022-11-09,2310,2310,2260,2285,42581,-0.010822510822510845
2022-11-10,2280,2285,2240,2240,25083,-0.01969365426695846
2022-11-11,2275,2325,2250,2320,68608,0.03571428571428581
2022-11-14,2320,2320,2265,2300,75901,-0.008620689655172376
2022-11-15,2245,2245,2185,2245,171887,-0.023913043478260843
2022-11-16,2260,2315,2220,2315,65689,0.031180400890868487
2022-11-17,2290,2320,2260,2305,41199,-0.004319654427645814
2022-11-18,2295,2320,2265,2300,34444,-0.002169197396963085
2022-11-21,2300,2300,2190,2205,58368,-0.04130434782608694
2022-11-22,2220,2225,2170,2205,81635,0.0
2022-11-23,2200,2240,2190,2200,43738,-0.0022675736961451642
2022-11-24,2235,2235,2205,2230,41661,0.013636363636363669
2022-11-25,2225,2245,2180,2225,45895,-0.0022421524663677195
2022-11-28,2240,2240,2160,2170,43128,-0.024719101123595544
2022-11-29,2160,2195,2150,2195,42533,0.011520737327188835
2022-11-30,2195,2220,2170,2220,17049,0.011389521640091216
2022-12-01,2270,2275,2190,2205,67960,-0.006756756756756799
2022-12-02,2220,2305,2170,2295,138079,0.04081632653061229
2022-12-05,2315,2315,2240,2310,184252,0.006535947712418277
2022-12-06,2280,2285,2250,2250,53045,-0.025974025974025983
2022-12-07,2245,2250,2200,2235,68400,-0.00666666666666671
2022-12-08,2230,2230,2175,2190,51732,-0.020134228187919434
2022-12-09,2200,2215,2145,2195,47906,0.0022831050228311334
2022-12-12,2195,2195,2155,2190,53974,-0.002277904328018221
2022-12-13,2180,2200,2170,2190,27810,0.0
2022-12-14,2190,2250,2185,2250,82572,0.027397260273972712
2022-12-15,2250,2275,2220,2220,69489,-0.013333333333333308
2022-12-16,2220,2265,2180,2265,31094,0.020270270270270174
2022-12-19,2250,2250,2225,2230,20792,-0.015452538631346546
2022-12-20,2240,2240,2155,2180,44777,-0.022421524663677084
2022-12-21,2180,2200,2150,2165,32007,-0.006880733944954143
2022-12-22,2180,2220,2165,2185,18994,0.009237875288683695
2022-12-23,2200,2200,2110,2160,38160,-0.011441647597253968
2022-12-26,2155,2170,2070,2125,25604,-0.01620370370370372
2022-12-27,2140,2140,2080,2140,50097,0.007058823529411784
2022-12-28,2140,2150,2100,2145,24015,0.002336448598130758
2022-12-29,2135,2135,2070,2090,33593,-0.02564102564102566
2023-01-02,2090,2105,2025,2075,21109,-0.0071770334928229484
2023-01-03,2090,2090,1930,2010,106000,-0.031325301204819245
2023-01-04,2020,2020,1970,2010,38500,0.0
2023-01-05,2025,2025,1960,1985,54207,-0.01243781094527363
2023-01-06,1985,2050,1960,2005,38887,0.010075566750629816
2023-01-09,2020,2070,2010,2040,40144,0.0174563591022443
2023-01-10,2060,2060,2020,2040,24264,0.0
2023-01-11,2055,2075,2030,2070,24529,0.014705882352941124
2023-01-12,2080,2085,2055,2065,100619,-0.0024154589371980784
2023-01-13,2060,2075,2040,2065,32790,0.0
2023-01-16,2040,2085,2040,2075,26869,0.004842615012106588
2023-01-17,2080,2085,2045,2050,37549,-0.012048192771084376
2023-01-18,2065,2065,2010,2025,28731,-0.012195121951219523
2023-01-19,2015,2040,2005,2005,30252,-0.00987654320987652
2023-01-20,2005,2020,1990,2005,20853,0.0
2023-01-25,2035,2050,2030,2030,31015,0.012468827930174564
2023-01-26,2030,2100,2030,2095,72902,0.03201970443349755
2023-01-27,2095,2190,2085,2125,115068,0.014319809069212486
2023-01-30,2125,2140,2095,2115,22181,-0.004705882352941226
2023-01-31,2055,2115,2050,2080,105850,-0.01654846335697402
2023-02-01,2080,2115,2060,2070,152641,-0.004807692307692291
2023-02-02,2090,2160,2070,2120,51541,0.024154589371980784
2023-02-03,2130,2135,2085,2115,51883,-0.002358490566037763
2023-02-06,2105,2140,2090,2140,30695,0.011820330969267046
2023-02-07,2125,2155,2110,2135,44725,-0.002336448598130869
2023-02-08,2145,2150,2120,2125,40166,-0.004683840749414525
2023-02-09,2125,2125,2095,2115,24510,-0.004705882352941226
2023-02-10,2110,2110,2075,2085,52857,-0.014184397163120588
2023-02-13,2080,2135,2065,2135,50254,0.023980815347721895
2023-02-14,2100,2155,2100,2135,35317,0.0
2023-02-15,2145,2145,2065,2080,143828,-0.025761124121779888
2023-02-16,2080,2120,2070,2120,41477,0.019230769230769162
2023-02-17,2120,2140,2080,2130,38487,0.004716981132075526
2023-02-20,2130,2130,2085,2110,59012,-0.009389671361502372
2023-02-21,2120,2225,2110,2225,217806,0.05450236966824651
2023-02-22,2195,2245,2185,2205,78157,-0.008988764044943864
2023-02-23,2205,2245,2195,2220,39749,0.006802721088435382
2023-02-24,2220,2220,2150,2150,66940,-0.03153153153153154
2023-02-27,2120,2125,2085,2085,46366,-0.03023255813953485
2023-02-28,2100,2130,2085,2090,23578,0.0023980815347721673
2023-03-02,2090,2130,2080,2100,32369,0.004784688995215225
2023-03-03,2120,2120,2090,2105,16125,0.0023809523809523725
2023-03-06,2140,2140,2080,2105,36937,0.0
2023-03-07,2115,2115,2065,2090,69880,-0.0071258907363420665
2023-03-08,2085,2085,2025,2030,63406,-0.028708133971291905
2023-03-09,2045,2045,2000,2030,47016,0.0
2023-03-10,1998,2005,1985,1987,61258,-0.02118226600985218
2023-03-13,1981,1988,1935,1966,50545,-0.010568696527428312
2023-03-14,1960,1960,1860,1870,93119,-0.04883011190233977
2023-03-15,1881,1910,1868,1882,43897,0.0064171122994651775
2023-03-16,1882,1882,1821,1836,39992,-0.02444208289054195
2023-03-17,1851,1898,1850,1875,20703,0.0212418300653594
2023-03-20,1875,1884,1850,1852,49180,-0.012266666666666648
2023-03-21,1852,1853,1792,1798,214209,-0.029157667386609076
2023-03-22,1814,1825,1770,1772,99537,-0.014460511679644017
2023-03-23,1772,1772,1686,1686,220578,-0.048532731376975224
2023-03-24,1688,1717,1682,1716,95276,0.017793594306049876
2023-03-27,1716,1724,1690,1705,40605,-0.0064102564102563875
2023-03-28,1714,1758,1705,1738,133598,0.019354838709677358
2023-03-29,1740,1779,1707,1746,81747,0.004602991944764101
2023-03-30,1755,1800,1724,1800,66174,0.030927835051546282
2023-03-31,1792,1820,1792,1819,25277,0.010555555555555651
2023-04-03,1801,1814,1787,1802,48267,-0.009345794392523366
2023-04-04,1802,1840,1791,1817,35834,0.008324084350721517
2023-04-05,1819,1819,1781,1789,39617,-0.015410016510731928
2023-04-06,1789,1800,1753,1770,38556,-0.01062045835662384
2023-04-07,1760,1774,1752,1765,28396,-0.0028248587570621764
2023-04-10,1775,1775,1719,1721,65119,-0.024929178470254998
2023-04-11,1721,1746,1686,1730,65698,0.005229517722254551
2023-04-12,1734,1781,1728,1780,61948,0.028901734104046284
2023-04-13,1798,1852,1777,1850,62073,0.0393258426966292
2023-04-14,1850,1872,1812,1865,91406,0.008108108108108025
2023-04-17,1869,1940,1850,1929,120157,0.0343163538873994
2023-04-18,1920,1925,1883,1909,39855,-0.010368066355624705
2023-04-19,1920,1920,1892,1902,120398,-0.0036668412781560855
2023-04-20,1900,1900,1863,1887,79240,-0.007886435331230235
2023-04-21,1855,1874,1830,1830,72053,-0.030206677265500748
2023-04-24,1820,1840,1780,1811,62754,-0.01038251366120213
2023-04-25,1810,1810,1781,1804,48423,-0.003865267807841022
2023-04-26,1795,1829,1754,1803,32032,-0.0005543237250554833
2023-04-27,1803,1839,1773,1839,41657,0.019966722129783676
2023-04-28,1839,1895,1836,1845,52976,0.0032626427406199365
2023-05-02,1836,1891,1836,1890,84767,0.024390243902439046
2023-05-03,1888,2085,1881,2005,435465,0.060846560846560926
2023-05-04,2050,2390,1970,2250,2010374,0.12219451371571077
2023-05-08,2260,2465,2250,2460,773834,0.09333333333333327
2023-05-09,2485,2605,2350,2565,686459,0.04268292682926833
2023-05-10,2525,2660,2455,2580,271560,0.005847953216374213
2023-05-11,2580,2900,2580,2855,1047988,0.10658914728682167
2023-05-12,2855,2945,2780,2910,506695,0.019264448336252293
2023-05-15,2880,2985,2635,2860,530295,-0.01718213058419249
2023-05-16,2675,2800,2510,2650,529443,-0.07342657342657344
2023-05-17,2650,2880,2600,2640,564873,-0.0037735849056603765
2023-05-18,2665,2800,2545,2570,235178,-0.02651515151515149
2023-05-19,2570,2595,2500,2525,97543,-0.017509727626459193
2023-05-22,2500,2515,2445,2475,106988,-0.01980198019801982
2023-05-23,2450,2750,2440,2565,339407,0.036363636363636376
2023-05-24,2560,2600,2485,2485,92979,-0.031189083820662766
2023-05-25,2460,2525,2365,2375,113073,-0.044265593561368166
2023-05-26,2385,2395,2300,2355,63245,-0.008421052631578996
2023-05-30,2330,2425,2320,2335,39349,-0.00849256900212314
2023-05-31,2325,2390,2290,2330,19714,-0.0021413276231263545
2023-06-01,2295,2340,2230,2270,73059,-0.025751072961373356
2023-06-02,2270,2335,2270,2290,49073,0.008810572687224738
2023-06-05,2285,2475,2285,2430,109310,0.06113537117903922
2023-06-07,2445,2580,2445,2525,183574,0.039094650205761416
2023-06-08,2510,2560,2460,2470,89997,-0.0217821782178218
2023-06-09,2445,2485,2375,2385,62124,-0.03441295546558709
2023-06-12,2395,2400,2275,2340,135620,-0.018867924528301883
2023-06-13,2340,2395,2320,2375,36720,0.014957264957264904
2023-06-14,2400,2480,2340,2380,84946,0.002105263157894832
2023-06-15,2380,2425,2295,2420,117653,0.01680672268907557
2023-06-16,2440,2525,2355,2480,131157,0.024793388429751984
2023-06-19,2455,2520,2420,2505,82121,0.010080645161290258
2023-06-20,2495,2545,2455,2500,89101,-0.001996007984031989
2023-06-21,2495,2540,2430,2440,54590,-0.02400000000000002
2023-06-22,2430,2450,2350,2415,51847,-0.010245901639344246
2023-06-23,2405,2465,2385,2445,59160,0.012422360248447228
2023-06-26,2445,2455,2395,2395,44896,-0.020449897750511203
2023-06-27,2390,2535,2385,2500,118828,0.04384133611691032
2023-06-28,2490,2515,2460,2460,44848,-0.016000000000000014
2023-06-29,2460,2470,2365,2365,86883,-0.03861788617886175
2023-06-30,2365,2520,2345,2490,107878,0.052854122621564414
2023-07-03,2490,2500,2450,2450,73927,-0.016064257028112428
2023-07-04,2485,2655,2435,2610,361081,0.06530612244897949
2023-07-05,2615,2690,2565,2595,163983,-0.005747126436781658
2023-07-06,2570,2570,2410,2450,284779,-0.055876685934489356
2023-07-07,2430,2535,2390,2490,85482,0.01632653061224487
2023-07-10,2500,2530,2455,2480,70436,-0.004016064257028162
2023-07-11,2480,2525,2435,2490,58214,0.0040322580645162365
2023-07-12,2545,2575,2475,2560,133135,0.028112449799196693
2023-07-13,2590,2655,2545,2570,182581,0.00390625
2023-07-14,2595,2595,2475,2530,67953,-0.015564202334630295
2023-07-17,2620,2765,2475,2495,504874,-0.013833992094861691
2023-07-18,2495,2525,2440,2450,152009,-0.018036072144288595
2023-07-19,2450,2575,2300,2300,491006,-0.061224489795918324
2023-07-20,2315,2350,2240,2265,131702,-0.01521739130434785
2023-07-21,2220,2310,2135,2135,208011,-0.05739514348785868
2023-07-24,2150,2200,2100,2145,137992,0.004683840749414525
2023-07-25,2110,2170,2025,2060,87939,-0.03962703962703962
2023-07-26,2040,2050,1860,1948,276559,-0.05436893203883497
2023-07-27,1948,2025,1948,2020,62087,0.03696098562628336
2023-07-28,2020,2100,1964,2080,66868,0.02970297029702973
2023-07-31,2085,2155,2065,2150,84106,0.033653846153846256
2023-08-01,2150,2160,2105,2135,36852,-0.006976744186046546
2023-08-02,2140,2160,2080,2135,42652,0.0
2023-08-03,2100,2120,2030,2115,45494,-0.00936768149882905
2023-08-04,2060,2185,2055,2120,36016,0.0023640661938533203
2023-08-07,2075,2115,2060,2115,28855,-0.002358490566037763
2023-08-08,2115,2145,2045,2075,60692,-0.01891252955082745
2023-08-09,2030,2070,2000,2000,49075,-0.03614457831325302
2023-08-10,2005,2030,1977,1988,67084,-0.006000000000000005
2023-08-11,1988,2045,1979,2030,74364,0.021126760563380254
2023-08-14,2045,2045,1948,1965,62875,-0.03201970443349755
2023-08-16,1916,1946,1841,1885,102277,-0.040712468193384255
2023-08-17,1866,1885,1800,1827,82279,-0.03076923076923077
2023-08-18,1819,1819,1762,1763,103305,-0.03503010399562123
2023-08-21,1804,1848,1759,1760,55380,-0.001701644923425949
2023-08-22,1708,1758,1677,1704,164545,-0.03181818181818186
2023-08-23,1704,1743,1610,1700,220659,-0.0023474178403756207
2023-08-24,1699,1731,1650,1710,36688,0.00588235294117645
2023-08-25,1700,1700,1674,1674,55170,-0.021052631578947323
2023-08-28,1674,1717,1660,1712,51961,0.022700119474313052
2023-08-29,1711,1776,1710,1760,65640,0.028037383177569986
2023-08-30,1767,1773,1726,1748,24033,-0.006818181818181834
2023-08-31,1787,1787,1721,1748,22756,0.0
2023-09-01,1748,1769,1718,1746,33657,-0.0011441647597254523
2023-09-04,1744,1744,1661,1694,76463,-0.0297823596792669
2023-09-05,1754,1767,1661,1675,96936,-0.011216056670602104
2023-09-06,1676,1717,1636,1650,134371,-0.014925373134328401
2023-09-07,1649,1664,1625,1630,46726,-0.012121212121212088
2023-09-08,1630,1639,1600,1618,71446,-0.007361963190184007
2023-09-11,1623,1631,1603,1629,37388,0.0067985166872681635
2023-09-12,1633,1654,1618,1621,36492,-0.0049109883364026885
2023-09-13,1620,1620,1595,1598,42684,-0.014188772362739077
2023-09-14,1593,1597,1577,1597,57764,-0.0006257822277847547
2023-09-15,1612,1728,1612,1672,274963,0.046963055729492886
2023-09-18,1665,1687,1618,1628,54686,-0.02631578947368418
2023-09-19,1614,1644,1573,1578,70678,-0.03071253071253066
2023-09-20,1573,1590,1570,1577,25213,-0.0006337135614702394
2023-09-21,1577,1577,1501,1505,86153,-0.045656309448319554
2023-09-22,1505,1520,1469,1490,22363,-0.009966777408637828
2023-09-25,1490,1493,1423,1430,55436,-0.04026845637583898
2023-09-26,1402,1430,1374,1382,81652,-0.03356643356643352
2023-09-27,1368,1432,1350,1431,43933,0.0354558610709117
2023-10-04,1417,1417,1365,1400,99096,-0.021663172606568804
2023-10-05,1375,1412,1368,1377,45855,-0.01642857142857146
2023-10-06,1377,1419,1354,1401,18390,0.017429193899782147
2023-10-10,1400,1437,1350,1352,110753,-0.03497501784439683
2023-10-11,1357,1405,1357,1381,20101,0.02144970414201186
2023-10-12,1452,1452,1381,1402,42728,0.01520637219406229
2023-10-13,1428,1428,1391,1396,22841,-0.004279600570613384
2023-10-16,1382,1396,1371,1396,17020,0.0
2023-10-17,1362,1431,1362,1401,58587,0.003581661891117527
2023-10-18,1418,1418,1279,1297,183920,-0.07423269093504636
2023-10-19,1306,1306,1182,1182,166100,-0.08866615265998457
2023-10-20,1181,1181,1136,1168,187954,-0.011844331641285955
2023-10-23,1126,1178,1126,1159,91235,-0.0077054794520547976
2023-10-24,1152,1206,1125,1202,66719,0.0371009490940466
2023-10-25,1200,1285,1194,1245,72013,0.035773710482529086
2023-10-26,1210,1238,1150,1158,91027,-0.0698795180722892
2023-10-27,1150,1209,1150,1170,41464,0.010362694300518172
2023-10-30,1171,1223,1171,1215,44386,0.03846153846153855
2023-10-31,1223,1248,1164,1179,42164,-0.029629629629629672
2023-11-01,1197,1222,1134,1173,34145,-0.0050890585241730735
2023-11-02,1184,1207,1184,1205,22387,0.027280477408354598
2023-11-03,1229,1235,1203,1219,48503,0.011618257261410747
2023-11-06,1268,1268,1201,1234,92983,0.012305168170631653
2023-11-07,1234,1237,1207,1225,65216,-0.007293354943273878
2023-11-08,1233,1239,1216,1233,40220,0.0065306122448980375
2023-11-09,1240,1292,1216,1278,53155,0.03649635036496357
2023-11-10,1278,1306,1245,1277,43296,-0.0007824726134585402
2023-11-13,1284,1407,1284,1333,372769,0.04385277995301484
2023-11-14,1323,1376,1309,1347,92259,0.010502625656414022
2023-11-15,1361,1368,1316,1340,57341,-0.0051967334818113775
2023-11-16,1343,1378,1229,1308,101736,-0.023880597014925398
2023-11-17,1313,1324,1269,1299,29446,-0.006880733944954143
2023-11-20,1294,1316,1287,1299,25251,0.0
2023-11-21,1311,1348,1294,1335,38918,0.02771362586605086
2023-11-22,1374,1374,1330,1342,43325,0.005243445692883819
2023-11-23,1343,1368,1319,1365,65256,0.01713859910581217
2023-11-24,1372,1389,1351,1365,37070,0.0
2023-11-27,1391,1391,1331,1355,26192,-0.0073260073260073
2023-11-28,1355,1376,1324,1376,21228,0.015498154981549828
2023-11-29,1353,1374,1319,1329,33052,-0.03415697674418605
2023-11-30,1328,1460,1294,1366,531393,0.02784048156508656
2023-12-01,1366,1390,1342,1352,314703,-0.010248901903367469
2023-12-04,1352,1352,1292,1310,96713,-0.031065088757396442
2023-12-05,1310,1310,1252,1262,61534,-0.036641221374045796
2023-12-06,1262,1273,1248,1273,31108,0.008716323296354966
2023-12-07,1260,1260,1249,1256,25763,-0.01335428122545168
2023-12-08,1254,1262,1226,1258,61454,0.0015923566878981443
2023-12-11,1270,1294,1258,1289,35750,0.024642289348171698
2023-12-12,1305,1305,1266,1285,16128,-0.003103180760279267
2023-12-13,1297,1338,1285,1308,72505,0.01789883268482484
2023-12-14,1308,1418,1307,1350,257457,0.032110091743119185
2023-12-15,1371,1389,1302,1308,77346,-0.03111111111111109
2023-12-18,1313,1361,1291,1344,78630,0.02752293577981657
2023-12-19,1358,1368,1320,1368,703051,0.017857142857142794
2023-12-20,1367,1391,1348,1362,334223,-0.004385964912280715
2023-12-21,1362,1362,1331,1331,706772,-0.022760646108663685
2023-12-22,1336,1336,1292,1307,69172,-0.018031555221637907
2023-12-26,1288,1305,1262,1262,81095,-0.03442999234889055
2023-12-27,1255,1277,1250,1265,40299,0.002377179080824021
2023-12-28,1251,1270,1251,1263,33539,-0.0015810276679841806
2024-01-02,1264,1272,1241,1263,25452,0.0
2024-01-03,1265,1277,1247,1262,94281,-0.0007917656373713777
2024-01-04,1262,1290,1223,1231,65496,-0.02456418383518222
2024-01-05,1231,1237,1200,1208,893295,-0.018683996750609277
2024-01-08,1207,1209,1173,1173,176258,-0.028973509933774788
2024-01-09,1162,1171,1141,1170,152052,-0.002557544757033292
2024-01-10,1171,1208,1147,1155,50806,-0.012820512820512775
2024-01-11,1146,1193,1146,1150,34641,-0.0043290043290042934
2024-01-12,1159,1164,1143,1146,39908,-0.003478260869565264
2024-01-15,1136,1157,1136,1149,58073,0.002617801047120505
2024-01-16,1142,1162,1128,1130,36202,-0.01653611836379465
2024-01-17,1130,1140,1018,1048,277726,-0.07256637168141589
2024-01-18,1048,1058,1029,1046,35326,-0.001908396946564861
2024-01-19,1038,1069,1038,1051,61272,0.004780114722753304
2024-01-22,1057,1075,1047,1048,32542,-0.0028544243577545148
2024-01-23,1042,1071,1041,1048,21146,0.0
2024-01-24,1054,1056,1027,1046,34142,-0.001908396946564861
2024-01-25,1046,1046,1009,1030,63457,-0.015296367112810683
2024-01-26,1023,1034,1019,1024,31948,-0.005825242718446644
2024-01-29,1026,1026,998,1000,82822,-0.0234375
2024-01-30,1002,1024,1000,1013,65612,0.0129999999999999
2024-01-31,1015,1019,1000,1013,40290,0.0
2024-02-01,1001,1025,985,995,75143,-0.017769002961500524
2024-02-02,995,1013,988,1013,73912,0.018090452261306567
