Date,Open,High,Low,Close,Volume,Change
2022-01-03,42050,42600,42000,42350,693817,0.007134363852556502
2022-01-04,42450,42800,42250,42700,664584,0.008264462809917328
2022-01-05,42950,43350,42500,43000,1487051,0.007025761124121788
2022-01-06,42850,43250,42650,43200,1051238,0.0046511627906977715
2022-01-07,43200,43500,42400,43450,1031482,0.0057870370370369795
2022-01-10,43650,45450,43550,45400,2740119,0.04487917146145004
2022-01-11,45850,46800,45400,46700,2973292,0.028634361233480066
2022-01-12,46650,46850,45850,46550,1939880,-0.0032119914346895317
2022-01-13,46500,46900,46250,46900,1484607,0.007518796992481258
2022-01-14,46500,46850,45700,46200,986956,-0.014925373134328401
2022-01-17,45800,46000,44800,45100,1108186,-0.023809523809523836
2022-01-18,45350,45750,45000,45450,1240659,0.0077605321507761005
2022-01-19,45800,47450,45500,46950,2306986,0.03300330033003296
2022-01-20,46900,46900,45250,45350,1210863,-0.0340788072417465
2022-01-21,44850,45700,44550,45550,855764,0.004410143329658167
2022-01-24,45500,45550,43650,44350,1188282,-0.02634467618002201
2022-01-25,43700,44000,42600,43100,1374645,-0.028184892897407
2022-01-26,43750,44450,43300,44400,1201765,0.030162412993039345
2022-01-27,43950,44800,43200,44100,1367166,-0.006756756756756799
2022-01-28,44350,45250,44200,45000,1347468,0.020408163265306145
2022-02-03,44950,45550,44550,44850,1147713,-0.0033333333333332993
2022-02-04,45200,46100,44900,46000,959271,0.02564102564102555
2022-02-07,46500,46700,45800,46250,1320184,0.005434782608695565
2022-02-08,46700,46950,45900,46150,912942,-0.00216216216216214
2022-02-09,46400,48000,46400,48000,1664754,0.04008667388949072
2022-02-10,48800,49250,47500,48600,1849551,0.012499999999999956
2022-02-11,49550,51400,48650,51200,3041487,0.053497942386831365
2022-02-14,50600,51000,49750,50000,1347876,-0.0234375
2022-02-15,49700,50600,49100,49700,1176048,-0.006000000000000005
2022-02-16,50100,50700,48950,50600,1275056,0.01810865191146882
2022-02-17,50700,52900,50500,52400,1910402,0.035573122529644285
2022-02-18,51500,52400,51100,52100,1154769,-0.005725190839694694
2022-02-21,50900,51900,50900,51400,739225,-0.013435700575815779
2022-02-22,50400,51300,50000,51200,1157939,-0.0038910505836575737
2022-02-23,51900,52300,50700,50800,1004616,-0.0078125
2022-02-24,50000,50500,49100,49550,1171771,-0.02460629921259838
2022-02-25,49700,49700,47100,48800,1726262,-0.015136226034308753
2022-02-28,48550,48850,47900,48700,1801796,-0.002049180327868827
2022-03-02,47800,47850,46350,46450,2250940,-0.0462012320328542
2022-03-03,46750,47450,46550,47250,893191,0.017222820236813874
2022-03-04,46800,46900,46050,46750,708726,-0.010582010582010581
2022-03-07,46050,46100,45150,45300,1162143,-0.031016042780748654
2022-03-08,44100,44650,44000,44300,1225809,-0.02207505518763797
2022-03-10,45600,46100,45000,45650,1856122,0.030474040632054278
2022-03-11,45500,46600,45150,46550,1159391,0.019715224534501585
2022-03-14,46250,47000,45750,46400,1420509,-0.0032223415682062218
2022-03-15,46200,47850,46150,47450,1609450,0.022629310344827624
2022-03-16,48500,48500,46900,47200,1037361,-0.005268703898840932
2022-03-17,48050,48900,47800,47800,1126300,0.012711864406779627
2022-03-18,47450,48000,46700,47750,1727395,-0.0010460251046024993
2022-03-21,47550,47800,47000,47400,571740,-0.007329842931937169
2022-03-22,47750,48450,47400,48200,633403,0.016877637130801704
2022-03-23,48750,49700,48700,49350,1105330,0.02385892116182564
2022-03-24,49350,49850,48750,49750,992308,0.008105369807497542
2022-03-25,49650,49950,48800,49350,1031885,-0.008040201005025116
2022-03-28,48350,49650,48350,49250,872842,-0.0020263424518743856
2022-03-29,49450,49650,48650,49050,723910,-0.004060913705583702
2022-03-30,49000,49000,48050,48450,928572,-0.012232415902140636
2022-03-31,48500,49150,48500,48600,860504,0.003095975232198178
2022-04-01,48400,48500,47750,48400,768593,-0.004115226337448541
2022-04-04,48850,48850,48200,48500,648872,0.0020661157024792765
2022-04-05,48500,48550,46850,47100,1160428,-0.028865979381443307
2022-04-06,46850,47600,46850,47450,815062,0.007430997876857859
2022-04-07,46950,47300,46200,46700,1212215,-0.015806111696522684
2022-04-08,46700,46700,46050,46350,709408,-0.00749464668094213
2022-04-11,46400,47000,46100,47000,870253,0.014023732470334505
2022-04-12,46900,47300,46700,46900,750297,-0.0021276595744680327
2022-04-13,47100,47200,46500,47200,682653,0.006396588486140775
2022-04-14,46700,47450,46700,47100,886722,-0.0021186440677966045
2022-04-15,46900,47250,46500,46900,767155,-0.00424628450106157
2022-04-18,46450,46950,46350,46700,382683,-0.004264392324093813
2022-04-19,47100,47750,46800,47600,778218,0.01927194860813697
2022-04-20,47400,48450,47350,47750,902902,0.0031512605042016695
2022-04-21,47600,48100,47550,48050,654972,0.006282722513089034
2022-04-22,47500,48750,47450,48750,735842,0.014568158168574374
2022-04-25,48750,49350,47450,47450,1262196,-0.026666666666666616
2022-04-26,48050,48050,47100,47250,1155104,-0.004214963119072657
2022-04-27,46250,46600,45850,46250,1115202,-0.021164021164021163
2022-04-28,46650,47600,46050,47600,907590,0.029189189189189113
2022-04-29,47600,47650,46850,47000,901258,-0.012605042016806678
2022-05-02,46550,46900,46150,46600,800347,-0.008510638297872353
2022-05-03,46350,46750,46200,46250,751097,-0.007510729613733891
2022-05-04,46450,47500,46350,47300,840648,0.022702702702702693
2022-05-06,47150,47400,46550,47100,815074,-0.0042283298097252064
2022-05-09,47000,47500,47000,47500,765586,0.00849256900212314
2022-05-10,47300,47300,45650,45950,1260948,-0.032631578947368456
2022-05-11,45800,45800,44350,44500,1301267,-0.031556039173014194
2022-05-12,44150,45300,44150,44650,917569,0.003370786516853963
2022-05-13,44600,45950,44500,45900,844183,0.027995520716685318
2022-05-16,46150,46700,45900,46450,1136840,0.011982570806100323
2022-05-17,46500,46550,45750,46250,1022682,-0.0043057050592034685
2022-05-18,46500,46500,45900,46200,1098602,-0.00108108108108107
2022-05-19,45250,45600,44650,45300,1146597,-0.01948051948051943
2022-05-20,45050,47100,45000,46950,1263480,0.036423841059602724
2022-05-23,47000,47500,46350,47400,992103,0.009584664536741228
2022-05-24,47600,48200,47350,47650,890454,0.0052742616033756295
2022-05-25,48100,48400,47750,47850,985643,0.0041972717733473885
2022-05-26,47850,48350,47450,48200,821360,0.007314524555903867
2022-05-27,48150,49050,48150,49050,840017,0.01763485477178417
2022-05-30,48950,49900,48950,49500,759235,0.00917431192660545
2022-05-31,49450,50800,49000,49500,5462063,0.0
2022-06-02,49350,49500,47350,47600,1647526,-0.03838383838383841
2022-06-03,47750,48100,47450,47600,530747,0.0
2022-06-07,47600,47650,46600,46750,1032593,-0.017857142857142905
2022-06-08,47450,47450,46600,46750,522829,0.0
2022-06-09,46600,47150,46450,46550,1504727,-0.004278074866310155
2022-06-10,46150,46300,45800,46000,728647,-0.011815252416756183
2022-06-13,45050,45350,44700,44700,1020684,-0.02826086956521734
2022-06-14,44600,45350,44050,45150,1358026,0.010067114093959662
2022-06-15,44500,44800,44050,44300,1156001,-0.018826135105204922
2022-06-16,44750,44950,43850,43950,953346,-0.007900677200902928
2022-06-17,42300,43250,42200,42600,1822169,-0.030716723549488067
2022-06-20,42500,42800,41450,41950,1038227,-0.015258215962441368
2022-06-21,42500,42500,41750,42200,791461,0.005959475566150285
2022-06-22,42200,42400,40000,40000,1672400,-0.05213270142180093
2022-06-23,40000,40650,39500,40050,1904852,0.0012499999999999734
2022-06-24,40000,40650,39600,40300,1532156,0.006242197253433224
2022-06-27,39550,40300,38800,39800,1743401,-0.012406947890818865
2022-06-28,40100,40750,40000,40750,1455231,0.023869346733668362
2022-06-29,40200,40250,39700,39900,1063583,-0.020858895705521463
2022-06-30,40250,40250,39300,39350,1029468,-0.013784461152882233
2022-07-01,39700,40450,39400,39800,1045433,0.011435832274459878
2022-07-04,39500,39800,37650,38350,1245569,-0.03643216080402012
2022-07-05,38300,39050,38300,38950,781563,0.015645371577575062
2022-07-06,37950,38450,37350,37550,1096665,-0.03594351732991019
2022-07-07,37550,37550,36350,36800,1927223,-0.01997336884154466
2022-07-08,37000,37400,36550,37200,1873542,0.010869565217391353
2022-07-11,37050,37100,36550,36550,1041766,-0.017473118279569877
2022-07-12,36400,36450,35650,36050,1497259,-0.013679890560875485
2022-07-13,36150,36200,35350,35650,1382749,-0.01109570041608876
2022-07-14,35100,35450,34650,34800,1749200,-0.02384291725105192
2022-07-15,34250,34450,33200,33850,1829913,-0.027298850574712596
2022-07-18,34550,35600,34400,35600,1821490,0.05169867060561306
2022-07-19,35450,36100,35200,35650,1283543,0.001404494382022392
2022-07-20,36300,37100,36300,36600,2322226,0.026647966339411022
2022-07-21,36900,37400,36150,37400,2235306,0.021857923497267784
2022-07-22,37250,37250,35850,36150,1824855,-0.03342245989304815
2022-07-25,36250,36650,36000,36250,1963365,0.0027662517289073207
2022-07-26,36100,36250,35650,35900,1645539,-0.0096551724137931
2022-07-27,35500,36100,35400,36100,1148433,0.0055710306406684396
2022-07-28,36200,36900,36200,36800,1257440,0.01939058171745156
2022-07-29,37100,37550,36950,37200,1343043,0.010869565217391353
2022-08-01,37400,37500,36850,36900,1061513,-0.008064516129032251
2022-08-02,36800,37150,36700,36900,780236,0.0
2022-08-03,36550,37050,36450,36850,706373,-0.0013550135501354532
2022-08-04,37000,37350,36850,37200,760468,0.009497964721845387
2022-08-05,37250,38450,37100,38050,1107771,0.02284946236559149
2022-08-08,38450,39250,38150,39050,1583874,0.026281208935611033
2022-08-09,39850,39850,39050,39450,1327958,0.010243277848911658
2022-08-10,39450,39700,38900,39300,1177555,-0.0038022813688213253
2022-08-11,39650,40150,39600,40150,1311795,0.021628498727735312
2022-08-12,39800,40400,39500,39600,1240533,-0.013698630136986356
2022-08-16,39950,40100,39150,39150,1295999,-0.011363636363636354
2022-08-17,39450,39850,39050,39250,1134593,0.0025542784163474774
2022-08-18,39000,39300,38500,38500,1390329,-0.019108280254777066
2022-08-19,38400,38850,38000,38500,1585373,0.0
2022-08-22,38050,38250,37150,37800,1309072,-0.018181818181818188
2022-08-23,37500,37950,37300,37750,1277155,-0.001322751322751281
2022-08-24,38050,38950,37800,38850,1166023,0.029139072847682135
2022-08-25,39050,39700,38900,39200,976555,0.009009009009008917
2022-08-26,38900,39350,38850,39050,919692,-0.003826530612244916
2022-08-29,38000,38350,37750,38050,1422466,-0.025608194622279146
2022-08-30,38400,38950,38200,38800,727017,0.019710906701708275
2022-08-31,38250,39250,38050,39250,1897964,0.011597938144329856
2022-09-01,38500,39000,37350,37500,1889592,-0.04458598726114649
2022-09-02,37500,37900,37400,37700,1959562,0.005333333333333412
2022-09-05,37750,38250,37450,38050,844790,0.009283819628647105
2022-09-06,38100,38150,37500,37950,627079,-0.0026281208935611255
2022-09-07,37550,37550,36550,36800,1671727,-0.030303030303030276
2022-09-08,37000,37150,36500,37000,1475263,0.005434782608695565
2022-09-13,37800,39250,37700,39250,1822396,0.060810810810810745
2022-09-14,38000,38850,37800,38450,907987,-0.020382165605095537
2022-09-15,38350,39350,38050,38750,965684,0.007802340702210753
2022-09-16,38650,39000,38150,38900,1447698,0.003870967741935516
2022-09-19,39100,39100,38350,38600,725124,-0.007712082262210762
2022-09-20,38700,39350,38650,39050,1286020,0.011658031088082943
2022-09-21,38600,39250,38350,38350,904484,-0.017925736235595346
2022-09-22,37650,38250,37400,38150,885185,-0.0052151238591916504
2022-09-23,38000,39150,37700,39150,1214220,0.026212319790301475
2022-09-26,39150,39150,37300,37500,1754614,-0.04214559386973182
2022-09-27,37550,37750,36100,36450,1943975,-0.028000000000000025
2022-09-28,36250,36850,35350,36500,1725986,0.00137174211248281
2022-09-29,36550,37450,36500,36500,1121897,0.0
2022-09-30,36550,36800,35350,35450,1260564,-0.02876712328767128
2022-10-04,35800,37600,35750,37250,1171533,0.05077574047954858
2022-10-05,38200,38650,37350,38250,1291836,0.02684563758389258
2022-10-06,38100,38100,37350,37350,726445,-0.02352941176470591
2022-10-07,36600,38150,36500,37850,900082,0.01338688085676032
2022-10-11,37500,37650,36150,36850,1304028,-0.026420079260237816
2022-10-12,36250,37450,36250,37350,1020850,0.013568521031207537
2022-10-13,37350,38050,37050,37500,1147985,0.004016064257028162
2022-10-14,38050,38700,37700,38450,1104184,0.02533333333333343
2022-10-17,37850,38600,37600,38300,781094,-0.0039011703511053764
2022-10-18,38900,39450,38550,39400,1112504,0.02872062663185382
2022-10-19,39550,40300,39100,39500,1337842,0.002538071065989911
2022-10-20,39200,39600,38550,39150,1424595,-0.008860759493670933
2022-10-21,38950,39050,38150,38800,1211772,-0.008939974457215838
2022-10-24,39450,39600,37550,37800,1285395,-0.02577319587628868
2022-10-25,37850,38400,37450,38150,1198521,0.0092592592592593
2022-10-26,38200,39550,38000,39200,2210684,0.02752293577981657
2022-10-27,39700,41100,39400,41100,2212629,0.04846938775510212
2022-10-28,40650,41400,40500,41350,2066677,0.006082725060827299
2022-10-31,41500,41500,40700,41250,1222469,-0.00241837968561065
2022-11-01,41500,41650,41100,41300,950466,0.00121212121212122
2022-11-02,41500,41550,40900,41200,1321304,-0.002421307506053294
2022-11-03,40650,41300,40250,40850,925360,-0.008495145631068013
2022-11-04,40900,41400,40550,40750,1048533,-0.002447980416156681
2022-11-07,40750,40950,40250,40800,939538,0.0012269938650306678
2022-11-08,40950,41100,40100,40750,1011158,-0.001225490196078427
2022-11-09,40750,41300,40650,41200,1075241,0.01104294478527601
2022-11-10,41000,41400,40550,40550,1466515,-0.015776699029126262
2022-11-11,41250,41500,41050,41400,1106025,0.020961775585696563
2022-11-14,41150,41550,41050,41250,812760,-0.0036231884057971175
2022-11-15,41400,41450,40850,40950,561787,-0.0072727272727273196
2022-11-16,40850,41750,40650,41750,942190,0.019536019536019467
2022-11-17,41850,42350,41000,41000,760843,-0.017964071856287456
2022-11-18,40900,41750,40750,41400,680696,0.009756097560975618
2022-11-21,41650,42100,41350,41950,918971,0.013285024154589431
2022-11-22,41900,42300,41550,42300,615394,0.008343265792610355
2022-11-23,42750,42750,41550,42250,747213,-0.0011820330969266601
2022-11-24,42400,43450,42250,43350,954981,0.026035502958579926
2022-11-25,43600,43900,43050,43300,902251,-0.0011534025374856371
2022-11-28,42850,42850,41750,41850,1098860,-0.03348729792147809
2022-11-29,42150,44000,41750,43750,901134,0.045400238948626104
2022-11-30,43600,45000,43350,44550,2630639,0.01828571428571424
2022-12-01,44950,46100,44650,46000,1223357,0.032547699214365844
2022-12-02,45800,45800,45100,45550,1477622,-0.009782608695652173
2022-12-05,45450,46050,44900,45600,1077699,0.001097694840834329
2022-12-06,45500,46000,45150,45350,846375,-0.005482456140350922
2022-12-07,44950,44950,43850,44100,1904914,-0.027563395810363822
2022-12-08,44300,45100,43500,44800,1841164,0.015873015873015817
2022-12-09,45500,46900,45100,46450,2007522,0.036830357142857206
2022-12-12,45700,47300,45700,47200,1053334,0.016146393972013007
2022-12-13,47000,47150,46150,46350,1375200,-0.018008474576271194
2022-12-14,46950,47000,45900,46150,905660,-0.004314994606256728
2022-12-15,45750,45800,44550,44550,1357639,-0.034669555796316365
2022-12-16,43900,44900,43600,44750,1263923,0.004489337822671136
2022-12-19,44700,44900,44300,44550,467025,-0.004469273743016755
2022-12-20,44550,44900,44300,44600,462412,0.001122334455667895
2022-12-21,44900,45350,44500,45300,829607,0.015695067264573925
2022-12-22,45250,45450,44400,45300,790953,0.0
2022-12-23,44850,45100,44500,44650,523537,-0.014348785871964642
2022-12-26,44600,44900,44300,44600,555205,-0.0011198208286674616
2022-12-27,44750,45400,44400,45300,1482826,0.015695067264573925
2022-12-28,43600,43600,42000,42150,1503398,-0.06953642384105962
2022-12-29,42050,42550,41750,42050,723264,-0.0023724792408066353
2023-01-02,41550,42100,40750,40800,712637,-0.029726516052318686
2023-01-03,40900,41800,40100,41700,909855,0.022058823529411686
2023-01-04,41600,43850,41500,43800,1262005,0.050359712230215736
2023-01-05,43300,46950,43300,46950,2604951,0.07191780821917804
2023-01-06,46450,49400,46450,48800,2573663,0.03940362087326954
2023-01-09,48800,49250,47800,48650,1482858,-0.0030737704918032405
2023-01-10,48350,50000,47350,49400,2143084,0.01541623843782114
2023-01-11,49100,49350,47450,47800,1855722,-0.03238866396761131
2023-01-12,48100,48350,47600,48100,1275351,0.006276150627614996
2023-01-13,48300,49500,47500,49500,1539859,0.029106029106028997
2023-01-16,49900,52700,49600,52600,2645389,0.06262626262626259
2023-01-17,52600,52900,52000,52200,1754740,-0.0076045627376425395
2023-01-18,52200,52300,50500,51100,1913098,-0.021072796934865856
2023-01-19,50500,51000,50100,50800,1172213,-0.005870841487279899
2023-01-20,50500,52000,50500,51500,768062,0.013779527559055094
2023-01-25,51500,52500,51400,52400,1098681,0.01747572815533971
2023-01-26,52400,53300,52000,53100,1063573,0.013358778625954137
2023-01-27,53300,53300,51300,51800,2070071,-0.024482109227871973
2023-01-30,51000,51700,50900,51200,1222532,-0.01158301158301156
2023-01-31,51200,51300,48600,48750,2028531,-0.0478515625
2023-02-01,48900,49650,48700,49200,1153420,0.009230769230769154
2023-02-02,49350,49350,47550,47650,1621661,-0.0315040650406504
2023-02-03,47400,49250,47150,48600,1544258,0.019937040923399874
2023-02-06,47700,48500,47150,47850,1008263,-0.015432098765432056
2023-02-07,47550,48200,47150,48150,968888,0.006269592476489061
2023-02-08,48050,49550,48000,48900,1095702,0.015576323987538832
2023-02-09,48900,49350,47700,47850,1184125,-0.021472392638036797
2023-02-10,48200,49750,48100,48850,1519914,0.020898641588296796
2023-02-13,49050,49800,48300,49000,1081141,0.003070624360286489
2023-02-14,48500,49150,46650,46850,1674738,-0.043877551020408134
2023-02-15,46550,46700,44300,44300,2220070,-0.05442902881536815
2023-02-16,44800,44800,43300,44400,2780616,0.0022573363431150906
2023-02-17,44600,46350,44200,46200,1849029,0.04054054054054057
2023-02-20,46300,46650,45600,45850,883308,-0.007575757575757569
2023-02-21,45850,46850,45650,46350,888857,0.010905125408942284
2023-02-22,46350,46400,44750,45000,1134213,-0.029126213592232997
2023-02-23,45000,46200,44850,45200,1275731,0.004444444444444473
2023-02-24,44500,46300,44500,45300,825289,0.0022123893805310324
2023-02-27,45150,45650,44800,45500,854798,0.004415011037527616
2023-02-28,45500,46050,45250,45400,1168188,-0.00219780219780219
2023-03-02,45400,46000,44500,44700,1236834,-0.01541850220264318
2023-03-03,45000,45250,43950,44000,941138,-0.015659955257270708
2023-03-06,43650,44000,43050,43450,1624588,-0.012499999999999956
2023-03-07,43300,43950,42550,43800,2025850,0.008055235903337232
2023-03-08,43250,43850,43050,43500,1152865,-0.006849315068493178
2023-03-09,43500,43650,42800,42800,1909133,-0.016091954022988464
2023-03-10,42200,42800,41750,42250,1491859,-0.012850467289719614
2023-03-13,42000,42850,41550,42700,824463,0.010650887573964596
2023-03-14,41550,41600,40700,41050,1496752,-0.03864168618266983
2023-03-15,41750,42650,41400,42000,1173759,0.023142509135200884
2023-03-16,40550,41150,40400,40650,1414819,-0.03214285714285714
2023-03-17,41200,42100,40750,41300,1695913,0.01599015990159902
2023-03-20,41250,42200,40700,41300,719744,0.0
2023-03-21,41400,42700,41400,42050,781382,0.018159806295399594
2023-03-22,42600,42600,41450,41550,1144378,-0.01189060642092743
2023-03-23,41150,41950,40950,41950,923510,0.00962695547533099
2023-03-24,41250,41550,40300,40350,1765067,-0.038140643623361115
2023-03-27,40400,40600,39800,40100,1006600,-0.006195786864931829
2023-03-28,40700,41200,40450,40750,1330263,0.016209476309226867
2023-03-29,40250,41200,40200,40450,1499233,-0.007361963190184007
2023-03-30,40750,40800,40000,40300,1244700,-0.003708281829419069
2023-03-31,40250,40750,40150,40700,1095218,0.00992555831265518
2023-04-03,40850,40900,40000,40600,741489,-0.002457002457002422
2023-04-04,40750,41200,40300,41200,737655,0.014778325123152802
2023-04-05,41200,41550,41000,41200,608712,0.0
2023-04-06,41100,41100,40350,40350,761652,-0.020631067961165095
2023-04-07,40450,41100,40100,40800,559145,0.011152416356877248
2023-04-10,40500,41100,40450,40450,625584,-0.008578431372548989
2023-04-11,40450,41150,40400,41050,748986,0.014833127317676054
2023-04-12,41100,41550,40950,41500,1195022,0.010962241169305775
2023-04-13,41200,41450,40700,40750,1272723,-0.01807228915662651
2023-04-14,41100,42800,41050,42200,1236635,0.03558282208588959
2023-04-17,42350,42500,41400,41500,811175,-0.016587677725118488
2023-04-18,41650,42000,41200,42000,666219,0.012048192771084265
2023-04-19,41800,42350,41700,42200,656689,0.004761904761904745
2023-04-20,41900,42600,41700,42550,689418,0.0082938388625593
2023-04-21,42150,42400,41900,42150,739009,-0.009400705052878933
2023-04-24,42100,42200,41450,41600,789383,-0.013048635824436494
2023-04-25,41800,42350,41450,42100,836317,0.012019230769230838
2023-04-26,41750,42050,41450,42050,773724,-0.001187648456057011
2023-04-27,41550,41850,41200,41650,1033572,-0.009512485136741966
2023-04-28,41650,42200,41500,41950,1861719,0.007202881152460927
2023-05-02,41950,42500,41650,42400,743209,0.010727056019070424
2023-05-03,41900,42050,41300,41550,678412,-0.02004716981132071
2023-05-04,41250,41900,41200,41600,435019,0.001203369434416457
2023-05-08,42300,42550,41950,42300,934551,0.016826923076923128
2023-05-09,42350,42350,41800,42200,506387,-0.0023640661938534313
2023-05-10,41900,42150,40500,40850,1335078,-0.03199052132701419
2023-05-11,40850,42350,40850,41900,1534097,0.025703794369644983
2023-05-12,41850,41900,41000,41100,1349268,-0.019093078758949833
2023-05-15,41150,41300,40800,41150,511219,0.0012165450121655041
2023-05-16,41100,41850,41100,41450,710174,0.007290400972053357
2023-05-17,41200,41600,41150,41250,446843,-0.004825090470446325
2023-05-18,41700,41850,41450,41850,566161,0.014545454545454639
2023-05-19,41600,42150,41600,42100,640294,0.005973715651135025
2023-05-22,41950,42450,41900,41900,764698,-0.004750593824228044
2023-05-23,42250,42250,41800,41800,538146,-0.0023866348448687846
2023-05-24,41700,41900,41350,41650,710382,-0.0035885167464114742
2023-05-25,41500,41650,41000,41050,966534,-0.014405762304921965
2023-05-26,41000,41100,40750,40750,807346,-0.0073081607795371095
2023-05-30,41050,41350,40600,41250,937186,0.012269938650306678
2023-05-31,41050,41700,41050,41450,1588919,0.00484848484848488
2023-06-01,41500,41550,40900,41000,769882,-0.010856453558504175
2023-06-02,41150,41650,41150,41650,543307,0.01585365853658538
2023-06-05,41950,42550,41950,41950,859372,0.007202881152460927
2023-06-07,42250,42650,41900,41900,972087,-0.0011918951132300348
2023-06-08,41850,42050,41500,41500,1285007,-0.009546539379474916
2023-06-09,41750,42300,41700,42200,933601,0.01686746987951815
2023-06-12,42200,42350,41650,41700,600850,-0.011848341232227444
2023-06-13,41400,41600,40750,41000,1508261,-0.016786570743405282
2023-06-14,41050,41350,40850,41050,837848,0.0012195121951219523
2023-06-15,41050,41350,40850,40900,731617,-0.0036540803897685548
2023-06-16,41150,41450,40850,40850,884490,-0.0012224938875305957
2023-06-19,40750,41000,40550,40750,626303,-0.002447980416156681
2023-06-20,40650,40900,40400,40500,954914,-0.006134969325153339
2023-06-21,40400,40500,40100,40100,966991,-0.00987654320987652
2023-06-22,40050,40750,40050,40600,951112,0.012468827930174564
2023-06-23,40450,40650,39950,39950,988421,-0.016009852216748777
2023-06-26,39900,40000,39200,39650,1333673,-0.007509386733416723
2023-06-27,39600,39950,39350,39850,954134,0.0050441361916770955
2023-06-28,39950,40400,39950,40250,1075244,0.010037641154328814
2023-06-29,39650,39850,38750,38800,1249392,-0.03602484472049694
2023-06-30,39200,39750,38850,39200,1105575,0.010309278350515427
2023-07-03,39250,40200,39250,40200,689779,0.025510204081632626
2023-07-04,39800,40000,39500,39550,520402,-0.016169154228855676
2023-07-05,39700,40100,39050,39050,717730,-0.012642225031605614
2023-07-06,39050,39100,38000,38000,1396032,-0.02688860435339313
2023-07-07,37700,38100,37500,37700,1010163,-0.007894736842105288
2023-07-10,37700,38150,37650,37950,710493,0.006631299734747964
2023-07-11,38300,38600,38000,38450,760036,0.013175230566534912
2023-07-12,38450,38700,38000,38500,666406,0.0013003901170351995
2023-07-13,38750,38950,38150,38150,1438213,-0.009090909090909038
2023-07-14,38400,39400,38350,39300,1034330,0.030144167758846763
2023-07-17,38950,39150,38600,39050,841317,-0.006361323155216314
2023-07-18,39150,39250,38800,39000,609036,-0.001280409731113985
2023-07-19,39200,39450,38700,38750,656961,-0.0064102564102563875
2023-07-20,38700,39200,38650,38950,626266,0.005161290322580614
2023-07-21,38900,39400,38500,39150,1475620,0.005134788189987249
2023-07-24,39050,39150,38400,38500,810363,-0.016602809706257937
2023-07-25,38500,38850,38150,38550,820516,0.0012987012987013546
2023-07-26,38650,39900,38150,39400,1549390,0.02204928664072625
2023-07-27,39650,41400,39650,41200,2362855,0.045685279187817285
2023-07-28,40900,40900,39500,39700,1313719,-0.036407766990291246
2023-07-31,39950,39950,38850,39300,1520976,-0.010075566750629705
2023-08-01,39200,40150,39000,39900,1099497,0.01526717557251911
2023-08-02,39300,39800,39200,39400,1291979,-0.01253132832080206
2023-08-03,39400,39400,38450,38450,1135502,-0.024111675126903598
2023-08-04,38550,38800,38250,38550,1159210,0.002600780234070177
2023-08-07,38300,38900,38300,38550,1002377,0.0
2023-08-08,38850,38950,38300,38450,1320658,-0.0025940337224383825
2023-08-09,38350,38400,37850,37900,1460357,-0.014304291287386195
2023-08-10,37850,38250,37850,37900,908690,0.0
2023-08-11,38000,38550,38000,38200,842321,0.0079155672823219
2023-08-14,38350,38550,38250,38300,416233,0.002617801047120505
2023-08-16,37850,38050,37550,37850,1153350,-0.011749347258485643
2023-08-17,37500,38050,37200,38000,1130817,0.003963011889035695
2023-08-18,37950,38150,37500,37550,1277687,-0.011842105263157876
2023-08-21,37750,38450,37650,38050,1408890,0.013315579227696439
2023-08-22,38000,38200,37800,38100,597439,0.0013140604467805073
2023-08-23,37850,38850,37800,38800,892112,0.018372703412073532
2023-08-24,38800,38850,38550,38550,516660,-0.006443298969072142
2023-08-25,38200,38800,38150,38750,599885,0.005188067444876765
2023-08-28,39050,39200,38800,39050,519028,0.007741935483871032
2023-08-29,39200,39650,39100,39400,664576,0.008962868117797784
2023-08-30,39650,39700,39150,39150,596929,-0.006345177664974666
2023-08-31,39200,39550,39200,39550,1304161,0.010217113665389466
2023-09-01,39400,39800,39350,39500,590350,-0.0012642225031606058
2023-09-04,39300,39850,39300,39850,343760,0.008860759493670933
2023-09-05,39850,39900,39400,39650,445241,-0.005018820577164407
2023-09-06,39500,40100,39500,39950,697644,0.007566204287515754
2023-09-07,39750,40100,39700,40100,684283,0.003754693366708306
2023-09-08,40100,40200,39700,40150,467231,0.0012468827930174342
2023-09-11,40150,40800,40100,40700,715088,0.013698630136986356
2023-09-12,40900,41100,40400,40650,675034,-0.0012285012285012664
2023-09-13,40450,41550,40350,41300,1074258,0.01599015990159902
2023-09-14,41300,41650,40950,41650,1117498,0.008474576271186418
2023-09-15,41750,43500,41400,43500,2558842,0.04441776710684264
2023-09-18,43200,43900,43050,43400,1113023,-0.0022988505747126853
2023-09-19,43450,43650,43100,43250,629842,-0.003456221198156695
2023-09-20,43600,44400,43250,44000,1340859,0.01734104046242768
2023-09-21,44400,44400,43800,44250,1548374,0.005681818181818121
2023-09-22,43850,44500,43750,44400,1287766,0.003389830508474523
2023-09-25,44500,44600,43750,43950,1028201,-0.010135135135135087
2023-09-26,43500,43550,42400,42600,1323978,-0.030716723549488067
2023-09-27,42100,42750,41900,42450,823502,-0.0035211267605633756
2023-10-04,41950,42250,41300,41400,993775,-0.02473498233215543
2023-10-05,41450,41500,40750,40900,779334,-0.012077294685990392
2023-10-06,41150,43150,41100,42800,1016146,0.046454767726161306
2023-10-10,43150,43500,42800,43150,889521,0.008177570093457875
2023-10-11,43500,43500,42200,42550,1282977,-0.01390498261877171
2023-10-12,42950,43300,42450,43250,1137364,0.016451233842538215
2023-10-13,42700,43800,42650,43500,812553,0.005780346820809301
2023-10-16,43550,44100,43250,43700,1197330,0.0045977011494253706
2023-10-17,43950,43950,43050,43150,687652,-0.01258581235697942
2023-10-18,43350,44150,43300,44000,738317,0.01969872537659323
2023-10-19,44050,44100,43500,43750,916986,-0.005681818181818232
2023-10-20,43750,43750,43000,43400,940304,-0.008000000000000007
2023-10-23,43400,43400,41950,42300,825806,-0.025345622119815614
2023-10-24,42700,42750,41950,42250,532315,-0.0011820330969266601
2023-10-25,42250,42700,42000,42550,666740,0.007100591715976323
2023-10-26,41900,42500,41550,41800,807929,-0.01762632197414804
2023-10-27,42300,42400,40900,41200,999572,-0.014354066985645897
2023-10-30,40600,41000,39200,39650,1839509,-0.03762135922330101
2023-10-31,39800,39850,39000,39200,1228827,-0.011349306431273631
2023-11-01,39400,39650,39050,39600,662753,0.010204081632652962
2023-11-02,39950,40350,38950,39000,1306106,-0.015151515151515138
2023-11-03,39500,40300,39350,40250,799078,0.03205128205128216
2023-11-06,40650,42250,40250,42250,1380936,0.049689440993788914
2023-11-07,41450,41600,40650,40850,1240357,-0.03313609467455625
2023-11-08,41050,41100,40350,40450,822523,-0.009791921664626724
2023-11-09,40250,40850,40250,40500,853357,0.0012360939431397266
2023-11-10,40400,40900,40300,40800,987370,0.007407407407407307
2023-11-13,41100,41100,40600,40800,489770,0.0
2023-11-14,41200,41600,40850,41300,609330,0.01225490196078427
2023-11-15,42050,42250,41600,41900,1119758,0.014527845036319542
2023-11-16,42250,42250,41650,42000,551010,0.0023866348448686736
2023-11-17,41900,42150,41450,41600,574398,-0.00952380952380949
2023-11-20,41400,41850,41200,41600,649689,0.0
2023-11-21,41900,42050,41500,41900,872697,0.007211538461538547
2023-11-22,41300,41950,41300,41800,671653,-0.0023866348448687846
2023-11-23,42000,42500,41850,42300,588852,0.011961722488038173
2023-11-24,42200,42300,41750,41750,419233,-0.013002364066193817
2023-11-27,41550,41950,41300,41550,732518,-0.004790419161676662
2023-11-28,41500,41650,40700,41600,1102835,0.001203369434416457
2023-11-29,41350,41700,41100,41250,713062,-0.008413461538461564
2023-11-30,41100,41900,40900,41650,1473897,0.00969696969696976
2023-12-01,42000,42100,41450,41850,679945,0.004801920768307433
2023-12-04,41850,42150,41700,41700,690769,-0.0035842293906810374
2023-12-05,41700,41800,41500,41600,475220,-0.0023980815347721673
2023-12-06,41700,42150,41600,41600,822790,0.0
2023-12-07,41500,41550,41000,41150,811065,-0.01081730769230771
2023-12-08,41450,41750,41150,41450,668507,0.007290400972053357
2023-12-11,41500,41700,41250,41600,520329,0.003618817852834688
2023-12-12,41850,42150,41700,42100,865933,0.012019230769230838
2023-12-13,41700,42200,41600,41650,658176,-0.0106888361045131
2023-12-14,42100,42350,41750,41850,1616869,0.004801920768307433
2023-12-15,42350,42950,42250,42950,1382936,0.02628434886499398
2023-12-18,42550,42800,42350,42350,729375,-0.01396973224679865
2023-12-19,42050,42550,41950,42200,600738,-0.0035419126328217754
2023-12-20,42450,43100,42300,43000,739907,0.018957345971563955
2023-12-21,42850,43400,42800,43050,476387,0.0011627906976743319
2023-12-22,43300,43300,42600,42900,654376,-0.0034843205574912606
2023-12-26,43150,43550,42850,43450,913502,0.012820512820512775
2023-12-27,42950,43150,42550,42800,798682,-0.014959723820483273
2023-12-28,42750,43400,42450,43400,809158,0.014018691588784993
2024-01-02,42750,43100,42400,42800,714540,-0.01382488479262678
2024-01-03,42550,42850,42250,42350,731439,-0.010514018691588745
2024-01-04,42000,42250,41300,41350,1003796,-0.023612750885478206
2024-01-05,41200,41500,41100,41500,479482,0.0036275695284160303
2024-01-08,41500,41800,41100,41250,603848,-0.0060240963855421326
2024-01-09,41700,41800,41350,41650,617029,0.00969696969696976
2024-01-10,41700,41700,41150,41150,374402,-0.01200480192076836
2024-01-11,41400,41950,41150,41250,1067502,0.002430133657351119
2024-01-12,41300,41900,41300,41450,477814,0.00484848484848488
2024-01-15,41550,42750,41500,42500,819892,0.02533172496984326
2024-01-16,42250,42450,41550,41550,601664,-0.022352941176470575
2024-01-17,42000,42050,41250,41300,1154911,-0.006016847172081841
2024-01-18,41300,41450,40800,41100,923646,-0.004842615012106588
2024-01-19,41400,41550,40800,41200,706358,0.0024330900243310083
2024-01-22,40850,41450,40850,41250,720605,0.0012135922330096527
2024-01-23,41650,42950,41600,42900,1231382,0.040000000000000036
2024-01-24,42600,44400,42600,43600,2131534,0.01631701631701632
2024-01-25,43200,43950,42900,43750,839364,0.0034403669724769603
2024-01-26,43750,45050,43650,44850,1308427,0.025142857142857133
2024-01-29,45050,46750,44800,46400,2090889,0.03455964325529548
2024-01-30,46300,46850,45950,46300,1542201,-0.0021551724137931494
2024-01-31,46100,48100,45750,47800,2026862,0.03239740820734349
2024-02-01,48150,52200,47900,52000,5443718,0.08786610878661083
2024-02-02,54600,55900,51200,55900,5363608,0.07499999999999996
2024-02-05,55800,57100,52100,55200,4787993,-0.012522361359570633
2024-02-06,54200,55500,53500,54300,2273739,-0.016304347826086918
2024-02-07,53600,56800,53500,55600,2048030,0.023941068139963217
2024-02-08,55400,57300,55200,56600,1963296,0.017985611510791477
2024-02-13,56100,57300,54800,55500,2535691,-0.019434628975265045
2024-02-14,54500,54700,53000,53400,1895176,-0.037837837837837784
2024-02-15,53900,54100,52800,53000,905953,-0.0074906367041198685
2024-02-16,54000,55700,53000,55700,1489358,0.050943396226415194
2024-02-19,56600,59000,55900,58900,2218032,0.0574506283662477
2024-02-20,59500,59500,55100,56200,2006480,-0.04584040747028861
2024-02-21,56000,57000,54500,56000,1608668,-0.003558718861209953
2024-02-22,56000,57600,54200,57000,1500580,0.017857142857142794
2024-02-23,57100,60000,57000,58900,2349968,0.03333333333333344
2024-02-26,56600,57300,53000,55400,3644134,-0.05942275042444822
2024-02-27,54100,56000,53400,54700,1896341,-0.012635379061371799
2024-02-28,53900,55700,52800,55600,1670278,0.01645338208409508
2024-02-29,55000,57700,54800,56600,1946360,0.017985611510791477
2024-03-04,56900,60900,56900,60200,2209560,0.06360424028268552
2024-03-05,60700,63200,59600,59700,2100112,-0.00830564784053156
2024-03-06,59400,60400,58900,59200,1240810,-0.008375209380234505
2024-03-07,59900,60300,59200,59800,1459156,0.010135135135135087
2024-03-08,60400,60400,59100,59700,1041284,-0.0016722408026755842
2024-03-11,59200,60100,58100,59500,903858,-0.00335008375209378
2024-03-12,59500,61700,58500,59500,1382679,0.0
2024-03-13,59400,63000,59300,60800,1540906,0.02184873949579824
2024-03-14,61400,64600,60600,64600,2422100,0.0625
2024-03-15,63200,64400,62100,62100,4110295,-0.03869969040247678
2024-03-18,61900,62500,60000,62000,1848074,-0.0016103059581320522
2024-03-19,61300,62800,60400,61400,1115365,-0.009677419354838679
2024-03-20,62100,64800,61700,62000,1575184,0.009771986970684043
2024-03-21,62600,64300,62300,63900,1252389,0.030645161290322687
2024-03-22,63300,65000,63000,64000,1283529,0.0015649452269170805
2024-03-25,64300,65200,61900,62600,1318501,-0.021874999999999978
2024-03-26,61600,64000,61200,61400,1502672,-0.019169329073482455
2024-03-27,61100,61400,58500,58900,1731828,-0.04071661237785018
2024-03-28,58700,59500,57900,58900,1390975,0.0
2024-03-29,59200,59200,57700,57700,740105,-0.02037351443123936
2024-04-01,57400,58000,56000,56400,912736,-0.022530329289428108
2024-04-02,55500,57000,55200,56500,1515193,0.0017730496453900457
2024-04-03,56600,56900,55500,55600,1330468,-0.015929203539822967
2024-04-04,56000,59000,55900,58300,1473327,0.04856115107913661
2024-04-05,57100,59000,56500,57800,902301,-0.00857632933104635
2024-04-08,57900,59800,57800,59200,1204493,0.02422145328719716
2024-04-09,60300,60400,57800,58100,863616,-0.01858108108108103
2024-04-11,54100,58800,54000,58000,1804014,-0.0017211703958691649
2024-04-12,57500,57500,54800,55000,1819493,-0.051724137931034475
2024-04-15,54500,56100,53100,55400,1081215,0.0072727272727273196
2024-04-16,54900,55600,52700,53600,1422289,-0.032490974729241895
2024-04-17,53500,54000,52200,52300,1023935,-0.02425373134328357
2024-04-18,52300,54000,52000,53500,1028385,0.02294455066921608
2024-04-19,52600,53100,51600,52400,1464137,-0.020560747663551426
2024-04-22,54400,57200,54300,57000,1300064,0.08778625954198471
2024-04-23,58000,58900,57200,57600,1181829,0.010526315789473717
2024-04-24,57300,58400,56400,56500,898562,-0.01909722222222221
2024-04-25,55900,57800,55900,56600,622455,0.001769911504424737
2024-04-26,57300,61200,57300,60000,1706232,0.060070671378091856
2024-04-29,60000,61200,58900,59700,930849,-0.0050000000000000044
2024-04-30,59700,60300,58700,58700,1132394,-0.01675041876046901
2024-05-02,58000,58500,56800,57000,1061694,-0.028960817717206155
2024-05-03,57700,59100,57500,58000,639807,0.01754385964912286
2024-05-07,58500,59200,56800,58100,1265007,0.0017241379310344307
2024-05-08,58500,61200,58300,60600,1091668,0.04302925989672968
2024-05-09,60600,61300,59500,59500,837862,-0.018151815181518205
2024-05-10,60700,62900,60400,62100,1142022,0.043697478991596705
2024-05-13,62100,65300,62000,63600,1697843,0.024154589371980784
2024-05-14,63000,63300,61300,61400,1042422,-0.03459119496855345
2024-05-16,62200,64300,62000,63600,1146503,0.03583061889250816
2024-05-17,63000,63600,62500,63100,656327,-0.00786163522012584
2024-05-20,63600,65300,63600,64300,736355,0.019017432646592614
2024-05-21,63800,64400,63300,63400,706990,-0.013996889580093264
2024-05-22,64000,64000,62000,62300,744625,-0.017350157728706628
2024-05-23,61400,62200,60700,61300,664725,-0.0160513643659711
2024-05-24,60500,61600,60200,61100,529566,-0.0032626427406199365
2024-05-27,60600,62700,60600,62300,477148,0.019639934533551617
2024-05-28,61700,62400,61400,61700,378062,-0.009630818619582704
2024-05-29,60600,62200,60300,61500,601631,-0.0032414910858995505
2024-05-30,61300,62900,60900,60900,607490,-0.009756097560975618
2024-05-31,61900,62900,61600,61700,2086319,0.013136288998357948
2024-06-03,62800,63000,61700,62700,570267,0.01620745542949753
2024-06-04,61700,62400,59300,60400,1137182,-0.036682615629984094
2024-06-05,60100,60500,58600,59700,992654,-0.011589403973509937
2024-06-07,60600,61900,59700,60400,849946,0.011725293132328396
2024-06-10,59100,60500,58800,59700,448932,-0.011589403973509937
2024-06-11,60500,60800,59600,59700,394068,0.0
2024-06-12,59200,60300,58700,60300,315265,0.01005025125628145
2024-06-13,60800,61700,59600,59600,1211925,-0.011608623548922004
2024-06-14,59100,60000,58600,58600,717238,-0.016778523489932917
2024-06-17,58500,59100,57800,58500,495287,-0.0017064846416382506
2024-06-18,59000,59100,58000,58400,428770,-0.0017094017094017033
2024-06-19,58900,59300,58200,59000,627039,0.010273972602739656
2024-06-20,59200,60400,58800,60200,611993,0.02033898305084736
2024-06-21,60500,60700,59600,59900,583324,-0.004983388704318914
2024-06-24,59900,60300,59600,59900,415653,0.0
2024-06-25,60600,60800,60000,60500,773278,0.01001669449081799
2024-06-26,59900,60400,59000,60400,760375,-0.0016528925619834212
2024-06-27,59400,60400,58600,60400,602541,0.0
2024-06-28,60700,61600,60500,60700,654178,0.004966887417218624
2024-07-01,60000,60700,59700,60200,378508,-0.008237232289950547
2024-07-02,60200,63000,60000,62900,1382058,0.04485049833887045
2024-07-03,63900,67800,63200,64600,1800025,0.027027027027026973
2024-07-04,64200,66800,63700,65800,776245,0.018575851393188847
2024-07-05,66900,67700,65900,66200,936613,0.006079027355623046
2024-07-08,65800,66100,63600,64100,871686,-0.031722054380664666
2024-07-09,63300,63900,61000,62400,1486319,-0.026521060842433664
2024-07-10,61800,62300,61300,61700,852635,-0.011217948717948678
2024-07-11,62400,63100,61800,62000,1024360,0.004862236628849326
2024-07-12,62500,63200,61700,62400,622852,0.006451612903225712
2024-07-15,63000,63000,61200,62000,410854,-0.0064102564102563875
2024-07-16,62600,63200,61700,62100,659448,0.001612903225806539
2024-07-17,61600,62500,61100,62000,763993,-0.0016103059581320522
2024-07-18,62000,62400,60900,61800,959621,-0.003225806451612856
2024-07-19,61100,62700,61000,62700,655969,0.014563106796116498
2024-07-22,62500,64200,62000,63600,736471,0.014354066985645897
2024-07-23,64000,65500,62900,63300,820356,-0.004716981132075526
2024-07-24,63000,64200,61500,61600,707520,-0.026856240126382325
2024-07-25,62000,62000,60700,60900,666454,-0.011363636363636354
2024-07-26,60900,65100,60800,63500,1772702,0.04269293924466333
2024-07-29,63500,66400,62900,63000,2110337,-0.007874015748031482
2024-07-30,63000,65000,62500,64000,1499958,0.015873015873015817
2024-07-31,64200,65500,63900,64700,1391401,0.010937500000000044
2024-08-01,63800,65300,63400,64500,662097,-0.0030911901081916993
2024-08-02,63700,64400,61800,62000,843882,-0.03875968992248058
2024-08-05,59500,59600,55900,56700,1590648,-0.0854838709677419
2024-08-06,58800,59900,57200,57800,1430322,0.01940035273368612
2024-08-07,57300,59800,56800,59400,1168403,0.02768166089965396
2024-08-08,59900,60300,58500,59600,1100389,0.0033670033670034627
2024-08-09,59700,61000,59100,60300,1050713,0.011744966442952975
2024-08-12,60800,61500,60200,60500,578481,0.0033167495854062867
2024-08-13,59700,61300,59700,60900,600203,0.006611570247933907
2024-08-14,61400,61800,60800,61200,544201,0.0049261083743843415
2024-08-16,61900,63200,61000,61000,1090793,-0.0032679738562091387
2024-08-19,61400,63400,61400,62900,994914,0.031147540983606614
2024-08-20,63400,64900,63200,64500,1123587,0.025437201907790197
2024-08-21,64900,66800,64200,65500,856149,0.015503875968992276
2024-08-22,64800,66500,64800,66500,727850,0.01526717557251911
2024-08-23,66700,67600,65600,67300,786381,0.012030075187969835
2024-08-26,67300,68900,67100,68800,707766,0.022288261515601704
2024-08-27,69100,69300,65700,66000,936115,-0.04069767441860461
2024-08-28,65800,66200,62800,63300,1464914,-0.040909090909090895
2024-08-29,62500,64300,62100,63000,1425367,-0.004739336492891044
2024-08-30,62900,63400,61900,61900,1604696,-0.01746031746031751
2024-09-02,62400,64300,61500,63400,1064530,0.024232633279483107
2024-09-03,64000,65000,63500,63900,676906,0.007886435331230235
2024-09-04,63200,63800,62300,62700,652441,-0.018779342723004744
2024-09-05,62600,63600,62300,62900,617169,0.0031897926634769647
2024-09-06,63000,63200,61700,62900,565149,0.0
2024-09-09,61600,62400,60300,61200,1099682,-0.027027027027026973
2024-09-10,61400,62000,60600,61500,702888,0.004901960784313708
2024-09-11,61500,61500,57400,57500,1664286,-0.06504065040650409
2024-09-12,57500,58400,56900,58300,1719583,0.013913043478260834
2024-09-13,59100,61200,58900,60700,954134,0.04116638078902235
2024-09-19,61900,62700,61200,61600,1081029,0.014827018121911006
2024-09-20,62400,62500,61500,61600,1212404,0.0
2024-09-23,62200,62700,61100,61700,615805,0.0016233766233766378
2024-09-24,62300,62600,59100,59600,1293065,-0.03403565640194495
2024-09-25,58500,59000,56900,57700,2313563,-0.03187919463087252
2024-09-26,58200,61100,58000,60900,1115780,0.0554592720970537
2024-09-27,60800,62400,60600,60700,722752,-0.003284072249589487
2024-09-30,62000,62100,58800,58800,897361,-0.03130148270181221
2024-10-02,57400,60000,57400,59500,874583,0.011904761904761862
2024-10-04,59500,60000,58700,59500,750592,0.0
2024-10-07,59900,61600,59600,61600,938128,0.03529411764705892
2024-10-08,60700,61700,60700,61300,886467,-0.004870129870129913
2024-10-10,61900,62300,60500,61400,1446317,0.0016313213703098572
2024-10-11,62000,62300,60500,61000,705592,-0.006514657980456029
2024-10-14,62400,65000,62000,63800,1697451,0.04590163934426239
2024-10-15,63600,65100,63200,64400,990745,0.00940438871473348
2024-10-16,64000,66300,63900,65800,1334549,0.021739130434782705
2024-10-17,67500,67500,65200,65700,893827,-0.001519756838905817
2024-10-18,65400,66000,65100,65600,657618,-0.0015220700152207556
2024-10-21,66000,66200,64300,64900,794142,-0.010670731707317027
2024-10-22,64300,65200,63300,64600,773547,-0.0046224961479198745
2024-10-23,64500,66100,63600,64400,636677,-0.003095975232198178
2024-10-24,64300,64900,63600,63900,677590,-0.00776397515527949
2024-10-25,64400,69200,64400,66500,2519532,0.04068857589984343
2024-10-28,66700,66800,64900,65400,1344773,-0.016541353383458635
2024-10-29,65700,67500,63500,65000,1674357,-0.006116207951070374
2024-10-30,64000,64400,62400,62600,1778691,-0.03692307692307695
2024-10-31,62300,62400,59900,59900,1902457,-0.04313099041533541
2024-11-01,60100,61600,59900,61100,982776,0.02003338898163598
2024-11-04,61100,61200,59700,60300,1054054,-0.013093289689034338
2024-11-05,59900,61000,59500,60700,704696,0.0066334991708125735
2024-11-06,60900,62300,60100,61900,1058935,0.01976935749588149
2024-11-07,62100,62900,60800,61200,961879,-0.011308562197092087
2024-11-08,61400,61500,60600,61200,754702,0.0
2024-11-11,61100,62400,60900,61800,757156,0.009803921568627416
2024-11-12,61800,63200,61100,61400,876064,-0.006472491909385147
2024-11-13,60900,61800,60200,60600,847415,-0.013029315960912058
2024-11-14,61200,61200,59800,59800,1271895,-0.01320132013201325
2024-11-15,60300,60900,58500,59100,907937,-0.01170568561872909
2024-11-18,58700,60400,58600,60200,744800,0.01861252115059231
2024-11-19,59700,61000,59700,59900,824061,-0.004983388704318914
2024-11-20,59900,61400,59900,61100,1086171,0.02003338898163598
2024-11-21,61300,62300,60600,61600,934507,0.008183306055646433
2024-11-22,61900,63500,61800,62500,940332,0.014610389610389518
2024-11-25,63100,63400,62500,62900,1808749,0.006399999999999961
2024-11-26,62300,62700,61500,62100,782380,-0.012718600953895098
2024-11-27,62300,64100,62200,63900,893535,0.02898550724637672
2024-11-28,64100,64200,62800,63900,698411,0.0
2024-11-29,63600,63600,62300,62400,1214301,-0.023474178403755874
2024-12-02,63300,64400,62700,63700,875393,0.02083333333333326
2024-12-03,64900,66200,64400,66000,1255678,0.03610675039246458
2024-12-04,64000,64500,60100,61600,3959392,-0.06666666666666665
2024-12-05,61200,61400,58600,59600,2396283,-0.03246753246753242
2024-12-06,59800,62000,59700,60800,2192638,0.020134228187919545
2024-12-09,59200,59800,56400,57200,2263732,-0.05921052631578949
2024-12-10,58400,58500,56900,57300,1781040,0.0017482517482516613
2024-12-11,57500,59400,57200,59200,1091288,0.03315881326352521
2024-12-12,59800,61300,59300,60000,1884109,0.013513513513513598
2024-12-13,59800,60100,59200,59700,1164514,-0.0050000000000000044
2024-12-16,59900,60400,58500,58900,1166218,-0.01340033500837523
2024-12-17,58100,59200,57400,58300,1451833,-0.01018675721561968
2024-12-18,57900,60000,57900,59800,901290,0.02572898799313883
2024-12-19,58500,59600,58100,58400,1093221,-0.02341137123745818
2024-12-20,58200,58400,56500,56800,1571271,-0.0273972602739726
2024-12-23,57300,59100,57200,59000,755438,0.03873239436619724
2024-12-24,58800,59000,58100,58900,502941,-0.0016949152542372614
2024-12-26,59000,59200,57900,58300,891621,-0.01018675721561968
2024-12-27,57500,58000,57100,57600,779839,-0.012006861063464824
2024-12-30,57800,58300,56800,56800,509855,-0.01388888888888884
2025-01-02,56900,58100,56600,56800,564964,0.0
2025-01-03,57100,58000,57000,57000,530060,0.0035211267605634866
2025-01-06,57200,57900,56500,57800,488149,0.01403508771929829
2025-01-07,58000,58700,57600,57700,577978,-0.0017301038062284002
2025-01-08,57300,58400,57200,57800,494540,0.0017331022530329143
2025-01-09,57500,58800,57400,58500,750459,0.01211072664359869
2025-01-10,58000,58900,57700,58600,760941,0.0017094017094017033
2025-01-13,58300,59300,58100,58600,766350,0.0
2025-01-14,59000,59100,57700,58000,586166,-0.010238907849829393
2025-01-15,58300,59200,57300,57800,1098200,-0.0034482758620689724
2025-01-16,58400,58700,57800,58100,845554,0.00519031141868509
2025-01-17,58100,59100,57000,57300,1130063,-0.013769363166953541
2025-01-20,57100,57900,57000,57200,626010,-0.0017452006980802626
2025-01-21,57500,58600,57400,58000,1110986,0.013986013986013957
2025-01-22,58600,59100,58000,58700,1017026,0.012068965517241459
2025-01-23,59000,60000,58900,59100,1352096,0.006814310051107331
2025-01-24,59400,59700,58800,59200,776640,0.0016920473773265332
2025-01-31,60100,60900,59600,60500,1308593,0.02195945945945943
2025-02-03,59700,60300,58800,59300,1003514,-0.01983471074380161
2025-02-04,59800,62300,59600,61500,1540601,0.03709949409780777
2025-02-05,61900,63700,61300,61800,1406330,0.004878048780487809
2025-02-06,61900,62600,60900,61400,1144658,-0.006472491909385147
2025-02-07,61400,61800,61000,61600,1071213,0.0032573289902280145
2025-02-10,61700,62500,60700,60700,835576,-0.01461038961038963
2025-02-11,61200,61600,60100,60600,625237,-0.0016474464579900872
2025-02-12,61000,61500,60600,60900,603264,0.004950495049504955
2025-02-13,60900,61400,60600,60600,877616,-0.0049261083743842304
2025-02-14,60500,61100,60200,60800,553878,0.0033003300330032292
2025-02-17,61000,61000,60000,60300,624388,-0.008223684210526327
2025-02-18,60100,61400,60100,61200,497851,0.014925373134328401
2025-02-19,61200,62800,61200,62100,935452,0.014705882352941124
2025-02-20,62100,62700,62000,62500,682490,0.006441223832528209
2025-02-21,62800,63100,62000,62300,804553,-0.0031999999999999806
2025-02-24,62300,62600,61800,62500,513177,0.0032102728731941976
2025-02-25,62200,62900,62000,62000,1481212,-0.008000000000000007
2025-02-26,62000,62800,61800,62500,1303228,0.008064516129032251
2025-02-27,62000,62000,60300,61500,1261187,-0.016000000000000014
2025-02-28,60900,61100,59500,59500,2001092,-0.03252032520325199
2025-03-04,59900,60200,59200,59400,764143,-0.001680672268907557
2025-03-05,59500,59900,57600,57800,1115620,-0.026936026936026924
2025-03-06,58000,59600,58000,59500,739368,0.02941176470588225
2025-03-07,58800,59100,58000,58000,684582,-0.025210084033613467
2025-03-10,57600,60000,57600,59300,687263,0.022413793103448265
2025-03-11,58300,59600,58200,58800,638980,-0.00843170320404718
2025-03-12,59200,60700,59100,60500,1150668,0.028911564625850428
2025-03-13,60600,61900,60200,61600,1647441,0.018181818181818077
2025-03-14,60500,61300,60000,60100,1107925,-0.024350649350649345
2025-03-17,60300,61000,60200,61000,699956,0.014975041597337757
2025-03-18,61700,62300,60900,61100,783093,0.0016393442622950616
2025-03-19,61500,62200,61200,62000,626136,0.014729950900163713
2025-03-20,62000,62400,61700,62200,732806,0.003225806451612856
2025-03-21,61500,62500,61400,62200,1068725,0.0
2025-03-24,61800,62900,61800,62500,555478,0.004823151125401992
2025-03-25,62000,62600,61600,62600,467432,0.0016000000000000458
2025-03-26,63200,63200,61700,62000,417289,-0.009584664536741228
2025-03-27,61500,61900,61200,61600,379815,-0.006451612903225823
2025-03-28,61500,61500,60700,61300,318284,-0.004870129870129913
2025-03-31,60200,60600,59300,59600,805310,-0.027732463295269127
2025-04-01,60200,61600,60100,61400,658739,0.030201342281879207
2025-04-02,60600,61400,60400,60600,569167,-0.013029315960912058
2025-04-03,58900,59400,58200,58900,1107004,-0.028052805280528004
2025-04-04,58200,59200,58000,58600,833879,-0.005093378607809895
2025-04-07,56000,56700,54600,55300,1757351,-0.05631399317406138
2025-04-08,55100,55700,53600,54000,1226361,-0.023508137432188048
2025-04-09,53000,53300,51500,52200,1896889,-0.033333333333333326
2025-04-10,55000,56200,53500,55300,2331960,0.059386973180076685
2025-04-11,54000,55600,53700,55400,1197036,0.001808318264014508
2025-04-14,55800,56500,55500,55600,614529,0.0036101083032491488
2025-04-15,56100,57700,55900,57300,636307,0.030575539568345356
2025-04-16,57500,58000,57100,57700,485325,0.00698080279232105
2025-04-17,58600,58600,57000,57700,462599,0.0
2025-04-18,57700,59000,57600,58800,301918,0.01906412478336228
2025-04-21,59100,59700,58900,59700,293001,0.015306122448979664
2025-04-22,59300,60300,58900,59800,555059,0.0016750418760469454
2025-04-23,60500,60700,60000,60200,660183,0.006688963210702337
2025-04-24,60200,60800,59800,60800,739153,0.009966777408637828
2025-04-25,61000,62200,61000,61200,829472,0.006578947368421018
2025-04-28,61600,62200,61500,62000,623880,0.013071895424836555
2025-04-29,62200,63200,61800,62900,764536,0.014516129032257963
2025-04-30,62700,64500,62700,64500,946487,0.025437201907790197
2025-05-02,63800,64400,63100,64100,561953,-0.006201550387596955
2025-05-07,65900,66000,65000,65300,1018156,0.018720748829953227
2025-05-08,64500,65500,64400,64700,861049,-0.009188361408882129
2025-05-09,63600,64100,63100,63800,862740,-0.01391035548686248
2025-05-12,64300,65000,63800,64900,439014,0.01724137931034475
2025-05-13,64300,64900,64000,64900,1238281,0.0
2025-05-14,64500,65700,64400,65500,553546,0.009244992295839749
2025-05-15,64400,65800,64100,65700,478716,0.003053435114503733
