Date,Open,High,Low,Close,Volume,Change
2022-01-03,2173,2198,2168,2193,13634,0.011531365313653064
2022-01-04,2173,2218,2173,2203,10903,0.004559963520291754
2022-01-05,2173,2208,2173,2193,546,-0.00453926463912846
2022-01-06,2168,2198,2168,2183,6058,-0.004559963520291865
2022-01-07,2168,2203,2168,2198,5825,0.006871278057718699
2022-01-10,2198,2203,2173,2198,22957,0.0
2022-01-11,2198,2203,2178,2203,5619,0.0022747952684258888
2022-01-12,2208,2208,2183,2198,8313,-0.00226963231956423
2022-01-13,2198,2198,2183,2193,11522,-0.0022747952684258888
2022-01-14,2198,2198,2173,2193,5613,0.0
2022-01-17,2173,2193,2168,2178,10064,-0.0068399452804377425
2022-01-18,2178,2233,2158,2188,55871,0.0045913682277318735
2022-01-19,2183,2193,2158,2193,11807,0.0022851919561244216
2022-01-20,2188,2188,2153,2178,5025,-0.0068399452804377425
2022-01-21,2158,2178,2158,2178,4522,0.0
2022-01-24,2173,2173,2153,2163,14230,-0.00688705234159781
2022-01-25,2163,2163,2133,2148,20752,-0.006934812760055475
2022-01-26,2158,2158,2143,2158,2252,0.004655493482309092
2022-01-27,2178,2178,2133,2133,36378,-0.011584800741427204
2022-01-28,2133,2168,2127,2148,4262,0.007032348804500765
2022-02-03,2168,2168,2148,2148,59,0.0
2022-02-04,2168,2173,2138,2168,71,0.009310986964618184
2022-02-07,2188,2188,2133,2163,1250,-0.0023062730627306793
2022-02-08,2168,2173,2148,2163,4015,0.0
2022-02-09,2148,2173,2148,2173,11624,0.004623208506703724
2022-02-10,2153,2178,2153,2178,8838,0.0023009664058903923
2022-02-11,2168,2218,2163,2219,6870,0.018824609733700592
2022-02-14,2208,2208,2163,2188,5379,-0.013970256872465114
2022-02-15,2188,2188,2158,2173,1360,-0.006855575868372932
2022-02-16,2178,2183,2163,2183,8480,0.0046019328117810065
2022-02-17,2203,2203,2163,2188,88300,0.0022904260192395665
2022-02-18,2188,2188,2143,2168,31975,-0.009140767824497242
2022-02-21,2178,2178,2158,2168,2595,0.0
2022-02-22,2173,2173,2143,2153,1847,-0.006918819188191927
2022-02-23,2153,2153,2133,2153,4695,0.0
2022-02-24,2168,2168,2117,2123,66590,-0.013934045517882021
2022-02-25,2122,2148,2112,2148,38218,0.011775788977861579
2022-02-28,2148,2148,2138,2138,447,-0.004655493482309092
2022-03-02,2148,2148,2143,2143,4,0.002338634237605275
2022-03-03,2193,2193,2102,2143,36388,0.0
2022-03-04,2163,2163,2112,2133,3075,-0.004666355576294912
2022-03-07,2112,2158,2107,2158,9544,0.011720581340834535
2022-03-08,2158,2158,2112,2138,1480,-0.009267840593141785
2022-03-10,2138,2138,2133,2133,295,-0.002338634237605275
2022-03-11,2133,2158,2117,2143,1516,0.00468823253633377
2022-03-14,2163,2163,2117,2143,3463,0.0
2022-03-15,2143,2143,2112,2138,2802,-0.002333177788147456
2022-03-16,2138,2138,2122,2123,19,-0.007015902712815714
2022-03-17,2122,2163,2122,2148,3131,0.011775788977861579
2022-03-18,2163,2163,2117,2143,18468,-0.002327746741154546
2022-03-21,2143,2238,2133,2163,58469,0.009332711152589823
2022-03-22,2208,2208,2127,2158,16722,-0.002311604253351862
2022-03-23,2193,2193,2143,2153,11761,-0.0023169601482854185
2022-03-24,2163,2163,2143,2163,3120,0.004644681839294007
2022-03-25,2188,2188,2148,2158,3625,-0.002311604253351862
2022-03-28,2198,2198,2117,2163,9936,0.0023169601482855295
2022-03-29,2163,2173,2158,2163,9428,0.0
2022-03-30,2208,2208,2153,2178,3346,0.006934812760055475
2022-03-31,2218,2218,2163,2198,8009,0.009182736455463747
2022-04-01,2213,2238,2188,2239,19068,0.018653321201091977
2022-04-04,2218,2304,2218,2289,59475,0.02233139794551131
2022-04-05,2263,2329,2263,2329,22970,0.01747487986020091
2022-04-06,2324,2354,2314,2354,48770,0.010734220695577612
2022-04-07,2359,2364,2344,2359,14110,0.0021240441801189114
2022-04-08,2369,2369,2344,2359,5840,0.0
2022-04-11,2354,2394,2344,2369,17188,0.004239084357778644
2022-04-12,2389,2414,2359,2415,57460,0.01941747572815533
2022-04-13,2419,2439,2409,2435,28195,0.008281573498964745
2022-04-14,2465,2480,2314,2344,77809,-0.03737166324435315
2022-04-15,2389,2394,2314,2395,25697,0.021757679180887335
2022-04-18,2434,2434,2404,2435,13202,0.016701461377870652
2022-04-19,2480,2485,2429,2440,24853,0.002053388090349051
2022-04-20,2485,2485,2414,2460,23595,0.008196721311475308
2022-04-21,2480,2480,2414,2460,28053,0.0
2022-04-22,2490,2490,2444,2460,42827,0.0
2022-04-25,0,0,0,2460,0,0.0
2022-04-26,0,0,0,2460,0,0.0
2022-04-27,0,0,0,2460,0,0.0
2022-04-28,0,0,0,2460,0,0.0
2022-04-29,0,0,0,2460,0,0.0
2022-05-02,0,0,0,2460,0,0.0
2022-05-03,0,0,0,2460,0,0.0
2022-05-04,0,0,0,2460,0,0.0
2022-05-06,0,0,0,2460,0,0.0
2022-05-09,0,0,0,2460,0,0.0
2022-05-10,0,0,0,2460,0,0.0
2022-05-11,0,0,0,2460,0,0.0
2022-05-12,0,0,0,2460,0,0.0
2022-05-13,0,0,0,2460,0,0.0
2022-05-16,0,0,0,2460,0,0.0
2022-05-17,0,0,0,2460,0,0.0
2022-05-18,0,0,0,2460,0,0.0
2022-05-19,0,0,0,2460,0,0.0
2022-05-20,0,0,0,2460,0,0.0
2022-05-23,0,0,0,2460,0,0.0
2022-05-24,0,0,0,2460,0,0.0
2022-05-25,0,0,0,2460,0,0.0
2022-05-26,0,0,0,2460,0,0.0
2022-05-27,0,0,0,2460,0,0.0
2022-05-30,0,0,0,2460,0,0.0
2022-05-31,0,0,0,2460,0,0.0
2022-06-02,0,0,0,2460,0,0.0
2022-06-03,0,0,0,2460,0,0.0
2022-06-07,0,0,0,2460,0,0.0
2022-06-08,0,0,0,2460,0,0.0
2022-06-09,0,0,0,2460,0,0.0
2022-06-10,0,0,0,2460,0,0.0
2022-06-13,0,0,0,2460,0,0.0
2022-06-14,0,0,0,2460,0,0.0
2022-06-15,0,0,0,2460,0,0.0
2022-06-16,0,0,0,2460,0,0.0
2022-06-17,0,0,0,2460,0,0.0
2022-06-20,0,0,0,2460,0,0.0
2022-06-21,0,0,0,2460,0,0.0
2022-06-22,0,0,0,2460,0,0.0
2022-06-23,0,0,0,2460,0,0.0
2022-06-24,0,0,0,2460,0,0.0
2022-06-27,0,0,0,2460,0,0.0
2022-06-28,0,0,0,2460,0,0.0
2022-06-29,0,0,0,2460,0,0.0
2022-06-30,0,0,0,2460,0,0.0
2022-07-01,0,0,0,2460,0,0.0
2022-07-04,0,0,0,2460,0,0.0
2022-07-05,0,0,0,2460,0,0.0
2022-07-06,0,0,0,2460,0,0.0
2022-07-07,0,0,0,2460,0,0.0
2022-07-08,0,0,0,2460,0,0.0
2022-07-11,0,0,0,2460,0,0.0
2022-07-12,0,0,0,2460,0,0.0
2022-07-13,0,0,0,2460,0,0.0
2022-07-14,0,0,0,2460,0,0.0
2022-07-15,2460,2490,2125,2185,1152234,-0.11178861788617889
2022-07-18,2180,2370,2180,2285,445874,0.04576659038901609
2022-07-19,2280,2450,2250,2310,356188,0.010940919037199182
2022-07-20,2360,2360,2290,2355,115357,0.01948051948051943
2022-07-21,2365,2365,2260,2295,41919,-0.02547770700636942
2022-07-22,2295,2305,2135,2195,105794,-0.04357298474945537
2022-07-25,2195,2235,2155,2215,23718,0.009111617312072884
2022-07-26,2270,2270,2180,2200,20771,-0.006772009029345383
2022-07-27,2180,2245,2180,2235,21418,0.015909090909090873
2022-07-28,2215,2285,2215,2270,26438,0.015659955257270708
2022-07-29,2270,2275,2230,2265,11890,-0.0022026431718061845
2022-08-01,2240,2285,2240,2260,6404,-0.002207505518763808
2022-08-02,2255,2255,2220,2255,22934,-0.0022123893805309214
2022-08-03,2230,2230,2200,2200,27926,-0.024390243902439046
2022-08-04,2200,2240,2180,2210,5387,0.00454545454545463
2022-08-05,2180,2350,2180,2350,165655,0.06334841628959276
2022-08-08,2350,2545,2315,2545,645004,0.08297872340425538
2022-08-09,2545,2965,2530,2640,1782453,0.037328094302554016
2022-08-10,2665,2900,2615,2870,924007,0.08712121212121215
2022-08-11,2865,2970,2790,2940,521698,0.024390243902439046
2022-08-12,2980,2985,2870,2970,191002,0.010204081632652962
2022-08-16,2960,3090,2705,2970,386400,0.0
2022-08-17,2970,3130,2940,3005,325954,0.011784511784511675
2022-08-18,3050,3100,2875,3100,325688,0.03161397670549082
2022-08-19,3100,3140,3050,3120,116882,0.006451612903225712
2022-08-22,3075,3195,3075,3180,95826,0.019230769230769162
2022-08-23,3180,3285,3170,3285,82264,0.03301886792452824
2022-08-24,3285,4095,3285,3535,3464371,0.07610350076103511
2022-08-25,3455,3680,3450,3585,645395,0.014144271570014189
2022-08-26,3615,3785,3545,3660,302418,0.02092050209205021
2022-08-29,3660,4445,3645,4110,4764146,0.12295081967213117
2022-08-30,4080,4200,4005,4125,603852,0.0036496350364962904
2022-08-31,4120,4360,4110,4240,400005,0.027878787878787836
2022-09-01,4255,4365,4000,4275,228541,0.008254716981132004
2022-09-02,4300,5090,4260,4620,1956916,0.08070175438596494
2022-09-05,4620,5390,4605,5160,1938395,0.11688311688311681
2022-09-06,5380,6700,5230,6460,2675942,0.25193798449612403
2022-09-07,7250,7960,5960,6480,3340968,0.003095975232198178
2022-09-08,6600,6970,6400,6970,656101,0.07561728395061729
2022-09-13,7290,8670,6900,8600,1193254,0.2338593974175036
2022-09-14,8400,11100,8390,10800,1448761,0.2558139534883721
2022-09-15,0,0,0,10800,0,0.0
2022-09-16,9000,11700,8370,10850,1850320,0.004629629629629539
2022-09-19,0,0,0,10850,0,0.0
2022-09-20,11300,13000,11300,13000,822367,0.1981566820276497
2022-09-21,13200,16900,12500,16900,969451,0.30000000000000004
2022-09-22,17800,17850,13100,15050,1272559,-0.10946745562130178
2022-09-23,15200,18100,13950,17900,1027929,0.18936877076411962
2022-09-26,18000,20950,17500,19950,887919,0.11452513966480438
2022-09-27,19950,21450,18000,20650,597433,0.03508771929824572
2022-09-28,0,0,0,20650,0,0.0
2022-09-29,18950,20800,14500,14500,553826,-0.29782082324455206
2022-09-30,10550,11500,10150,10150,572568,-0.30000000000000004
2022-10-04,8280,9330,7150,7150,3628351,-0.29556650246305416
2022-10-05,7100,7580,6600,7290,2297386,0.019580419580419672
2022-10-06,7240,7420,6980,6990,781981,-0.04115226337448563
2022-10-07,6970,7270,5880,5950,1039216,-0.14878397711015734
2022-10-11,5630,6360,4800,4920,2089847,-0.17310924369747904
2022-10-12,5010,5090,3530,3725,2373658,-0.24288617886178865
2022-10-13,3720,4545,3475,3860,3764548,0.03624161073825505
2022-10-14,3800,4130,3760,3875,985803,0.0038860103626943143
2022-10-17,3970,4870,3965,4600,2776084,0.1870967741935483
2022-10-18,4630,5510,4440,5180,3482829,0.12608695652173907
2022-10-19,5160,5930,5000,5580,1956825,0.07722007722007729
2022-10-20,5580,6240,4865,5190,1771031,-0.06989247311827962
2022-10-21,5300,5660,4930,5400,924064,0.040462427745664664
2022-10-24,5390,5440,4840,4880,577541,-0.09629629629629632
2022-10-25,4780,5340,4315,5140,959641,0.05327868852459017
2022-10-26,5200,5610,5050,5280,654969,0.027237354085603016
2022-10-27,5180,5680,4710,5210,760947,-0.013257575757575801
2022-10-28,5020,5160,4560,4560,301193,-0.12476007677543188
2022-10-31,4490,4560,3910,4055,363530,-0.11074561403508776
2022-11-01,4155,5100,4000,4540,3347389,0.11960542540073993
2022-11-02,4540,4540,4170,4400,400049,-0.03083700440528636
2022-11-03,4295,4495,4205,4205,119832,-0.04431818181818181
2022-11-04,4165,4225,3860,4020,166826,-0.04399524375743158
2022-11-07,4020,4165,3915,3955,79245,-0.016169154228855676
2022-11-08,3930,4070,3930,3985,97788,0.007585335018963413
2022-11-09,4055,4075,3815,3835,106485,-0.03764115432873272
2022-11-10,3845,3900,3640,3640,119296,-0.05084745762711862
2022-11-11,3740,4230,3730,3855,1118358,0.05906593406593408
2022-11-14,3895,4460,3865,4020,1148984,0.04280155642023353
2022-11-15,4070,4190,3915,3915,407758,-0.026119402985074647
2022-11-16,3820,4075,3815,3875,239216,-0.010217113665389577
2022-11-17,3950,4185,3920,4020,289798,0.03741935483870962
2022-11-18,3995,4035,3930,3930,123078,-0.02238805970149249
2022-11-21,3930,4040,3710,3875,95392,-0.013994910941475869
2022-11-22,3880,3900,3715,3750,69211,-0.032258064516129004
2022-11-23,3700,3820,3675,3700,49715,-0.013333333333333308
2022-11-24,3700,3745,3645,3700,77236,0.0
2022-11-25,3800,4125,3785,3810,526302,0.029729729729729648
2022-11-28,3880,3880,3650,3700,101847,-0.02887139107611547
2022-11-29,3610,3720,3575,3670,50922,-0.008108108108108136
2022-11-30,3675,4335,3670,4030,2223810,0.09809264305177101
2022-12-01,4030,4115,3855,4010,561383,-0.00496277915632759
2022-12-02,3960,4050,3885,3885,155616,-0.03117206982543641
2022-12-05,3870,3985,3770,3820,293503,-0.016731016731016735
2022-12-06,3780,3815,3640,3640,196907,-0.04712041884816753
2022-12-07,3615,3630,3530,3555,87899,-0.02335164835164838
2022-12-08,3560,3575,3340,3390,157025,-0.04641350210970463
2022-12-09,3390,3500,3290,3390,147694,0.0
2022-12-12,3390,3855,3355,3460,734546,0.020648967551622377
2022-12-13,3500,3555,3445,3450,97684,-0.0028901734104046506
2022-12-14,3445,3695,3445,3610,198922,0.04637681159420293
2022-12-15,3565,3590,3380,3450,121829,-0.04432132963988922
2022-12-16,3310,3365,3155,3220,215407,-0.06666666666666665
2022-12-19,3265,3590,3235,3455,715867,0.07298136645962727
2022-12-20,3455,3560,3250,3435,192423,-0.005788712011577379
2022-12-21,3435,3435,3280,3365,128687,-0.020378457059679778
2022-12-22,3410,3540,3365,3400,110337,0.010401188707280795
2022-12-23,3380,3380,3235,3245,92279,-0.045588235294117596
2022-12-26,3240,3275,3175,3215,83156,-0.009244992295839749
2022-12-27,3215,3275,3190,3205,68679,-0.0031104199066873672
2022-12-28,3195,3250,3160,3170,57289,-0.010920436817472678
2022-12-29,3195,3195,3105,3135,45655,-0.01104100946372244
2023-01-02,3135,3420,3135,3290,216770,0.04944178628389162
2023-01-03,3290,3490,3145,3400,181899,0.033434650455927084
2023-01-04,3505,3530,3425,3445,136140,0.013235294117647012
2023-01-05,3480,3495,3390,3395,51979,-0.014513788098693747
2023-01-06,3395,3485,3340,3430,54464,0.010309278350515427
2023-01-09,3495,3495,3435,3460,60159,0.008746355685131268
2023-01-10,3505,3560,3450,3470,85601,0.0028901734104045396
2023-01-11,3460,3510,3445,3460,47136,-0.0028818443804035088
2023-01-12,3495,3545,3470,3480,73912,0.005780346820809301
2023-01-13,3490,3490,3370,3415,43521,-0.01867816091954022
2023-01-16,3415,3450,3330,3415,53663,0.0
2023-01-17,3415,3430,3270,3300,88442,-0.03367496339677889
2023-01-18,3300,3325,3265,3290,32938,-0.00303030303030305
2023-01-19,3290,3360,3235,3260,27298,-0.00911854103343468
2023-01-20,3270,3300,3210,3280,27237,0.006134969325153339
2023-01-25,3295,3335,3265,3295,38083,0.004573170731707377
2023-01-26,3300,3330,3295,3325,25841,0.009104704097116834
2023-01-27,3325,3335,3205,3255,987413,-0.021052631578947323
2023-01-30,3290,3290,3215,3250,55645,-0.001536098310291889
2023-01-31,3250,3250,3140,3180,93325,-0.021538461538461506
2023-02-01,3175,3250,3165,3175,118249,-0.0015723270440252124
2023-02-02,3210,3285,3175,3255,160403,0.025196850393700787
2023-02-03,3255,3350,3225,3315,214684,0.018433179723502224
2023-02-06,3295,3295,3220,3265,124098,-0.015082956259426794
2023-02-07,3265,3330,3220,3270,106277,0.0015313935681469104
2023-02-08,3315,3500,3270,3375,248288,0.032110091743119185
2023-02-09,3375,3375,3295,3330,94413,-0.013333333333333308
2023-02-10,3330,3330,3055,3100,231846,-0.06906906906906907
2023-02-13,3100,3305,3040,3300,364493,0.06451612903225801
2023-02-14,3300,3500,3275,3335,807162,0.010606060606060508
2023-02-15,3400,3450,3065,3115,343935,-0.06596701649175407
2023-02-16,3115,3290,3115,3245,142916,0.04173354735152479
2023-02-17,3195,3230,3120,3140,113308,-0.03235747303543912
2023-02-20,3135,3155,3075,3140,88850,0.0
2023-02-21,3140,3235,3090,3150,102200,0.0031847133757962887
2023-02-22,3150,3230,3095,3165,109235,0.004761904761904745
2023-02-23,3165,3310,3165,3235,136861,0.02211690363349139
2023-02-24,3205,3250,3105,3135,103211,-0.03091190108191655
2023-02-27,3115,3135,3070,3100,48941,-0.011164274322169043
2023-02-28,3100,3175,3070,3130,65477,0.00967741935483879
2023-03-02,3145,3145,3065,3075,66176,-0.01757188498402551
2023-03-03,3080,3290,3080,3110,181311,0.011382113821138296
2023-03-06,3110,3140,3075,3130,47658,0.006430868167202508
2023-03-07,3100,3130,3055,3070,83367,-0.019169329073482455
2023-03-08,3105,3105,3040,3060,49756,-0.0032573289902280145
2023-03-09,3065,3090,3020,3050,49040,-0.0032679738562091387
2023-03-10,3050,3060,2985,3000,67710,-0.016393442622950838
2023-03-13,2965,2980,2890,2920,53245,-0.026666666666666616
2023-03-14,2870,2900,2730,2755,69672,-0.05650684931506844
2023-03-15,2780,2875,2780,2800,21364,0.016333938294010864
2023-03-16,2800,2800,2650,2690,44239,-0.03928571428571426
2023-03-17,2700,2955,2700,2935,117310,0.09107806691449816
2023-03-20,2945,2950,2855,2950,45587,0.005110732538330387
2023-03-21,2930,2955,2890,2925,32439,-0.008474576271186418
2023-03-22,2960,2960,2820,2845,41911,-0.027350427350427364
2023-03-23,2845,2845,2740,2765,30914,-0.02811950790861162
2023-03-24,2770,2785,2705,2775,33668,0.003616636528029016
2023-03-27,2770,2770,2655,2725,49314,-0.018018018018018056
2023-03-28,2725,2775,2655,2715,50426,-0.003669724770642202
2023-03-29,2715,2735,2655,2665,27776,-0.018416206261510082
2023-03-30,2670,2940,2670,2800,214878,0.05065666041275807
2023-03-31,2865,3115,2800,2850,222127,0.017857142857142794
2023-04-03,2880,2880,2750,2810,69321,-0.01403508771929829
2023-04-04,2810,2855,2725,2850,77861,0.014234875444839812
2023-04-05,2850,2895,2795,2865,39238,0.0052631578947368585
2023-04-06,2865,2865,2720,2740,63133,-0.04363001745200701
2023-04-07,2730,2755,2675,2720,43702,-0.007299270072992692
2023-04-10,2655,2710,2475,2585,116496,-0.049632352941176516
2023-04-11,2650,2650,2460,2610,62797,0.009671179883945946
2023-04-12,2610,2610,2465,2555,36051,-0.021072796934865856
2023-04-13,2645,2645,2440,2555,53772,0.0
2023-04-14,2555,2565,2465,2540,39157,-0.005870841487279899
2023-04-17,2540,2725,2495,2615,75620,0.029527559055118058
2023-04-18,2615,2675,2510,2525,43932,-0.03441682600382412
2023-04-19,2525,2605,2500,2500,32889,-0.00990099009900991
2023-04-20,2505,2545,2400,2430,44847,-0.028000000000000025
2023-04-21,2380,2520,2380,2435,55326,0.002057613168724215
2023-04-24,2435,2440,2305,2310,64790,-0.05133470225872694
2023-04-25,2260,2310,2180,2225,60803,-0.03679653679653683
2023-04-26,2235,2370,2195,2195,43503,-0.013483146067415741
2023-04-27,2135,2295,2130,2295,947403,0.04555808656036442
2023-04-28,2365,2365,2215,2230,89101,-0.028322440087146017
2023-05-02,2235,2270,2200,2240,21747,0.004484304932735439
2023-05-03,2300,2320,2250,2295,27871,0.024553571428571397
2023-05-04,2230,2250,2210,2240,25951,-0.023965141612200425
2023-05-08,2235,2300,2230,2240,26867,0.0
2023-05-09,2240,2345,2130,2150,46429,-0.0401785714285714
2023-05-10,2160,2215,2155,2160,21406,0.0046511627906977715
2023-05-11,2170,2240,2170,2215,22147,0.02546296296296302
2023-05-12,2250,2250,2180,2180,29764,-0.015801354401805856
2023-05-15,2185,2185,2020,2040,106185,-0.06422018348623848
2023-05-16,2060,2075,1999,2020,60469,-0.009803921568627416
2023-05-17,2020,2085,2000,2085,55833,0.03217821782178221
2023-05-18,2095,2180,2085,2105,35598,0.00959232613908867
2023-05-19,2215,2215,2115,2145,40524,0.019002375296912177
2023-05-22,2215,2215,2125,2185,47058,0.018648018648018683
2023-05-23,2190,2295,2160,2215,41901,0.013729977116704761
2023-05-24,2230,2260,2185,2220,21915,0.0022573363431150906
2023-05-25,2210,2250,2180,2180,17846,-0.018018018018018056
2023-05-26,2205,2235,2130,2130,51049,-0.022935779816513735
2023-05-30,2135,2165,2125,2145,18522,0.007042253521126751
2023-05-31,2145,2195,2145,2165,19297,0.00932400932400923
2023-06-01,2165,2195,2145,2155,29801,-0.004618937644341847
2023-06-02,2215,2215,2160,2195,14621,0.018561484918793614
2023-06-05,2215,2250,2175,2205,21252,0.004555808656036442
2023-06-07,2215,2240,2190,2190,17912,-0.006802721088435382
2023-06-08,2205,2210,2135,2140,21350,-0.022831050228310557
2023-06-09,2160,2185,2145,2155,16326,0.007009345794392496
2023-06-12,2205,2205,2120,2120,17760,-0.016241299303944357
2023-06-13,2145,2165,2125,2140,15530,0.009433962264151052
2023-06-14,2165,2180,2095,2100,22194,-0.01869158878504673
2023-06-15,2115,2115,1996,2030,61436,-0.033333333333333326
2023-06-16,2100,2110,2055,2060,23725,0.014778325123152802
2023-06-19,2080,2095,2010,2020,26566,-0.01941747572815533
2023-06-20,2040,2055,2010,2010,30312,-0.004950495049504955
2023-06-21,2020,2025,1995,1995,29031,-0.007462686567164201
2023-06-22,1987,2030,1960,1984,27569,-0.005513784461152915
2023-06-23,1984,2005,1970,1987,21794,0.0015120967741935054
2023-06-26,1997,2010,1970,1981,21882,-0.003019627579265216
2023-06-27,2040,2040,1984,1994,28932,0.006562342251388298
2023-06-28,1990,1994,1975,1983,13743,-0.005516549648946878
2023-06-29,1984,2030,1945,1953,34680,-0.015128593040847238
2023-06-30,1953,1979,1945,1973,31110,0.01024065540194563
2023-07-03,2030,2185,1983,2110,134163,0.0694374049670552
2023-07-04,2110,2125,2035,2115,69742,0.0023696682464455776
2023-07-05,2105,2105,2035,2055,23381,-0.028368794326241176
2023-07-06,2055,2055,1994,2040,57615,-0.007299270072992692
2023-07-07,2000,2030,1954,2015,53086,-0.01225490196078427
2023-07-10,2005,2010,1980,2010,5558,-0.002481389578163795
2023-07-11,1995,2030,1982,1982,12752,-0.013930348258706426
2023-07-12,2000,2015,1978,1985,15486,0.0015136226034309086
2023-07-13,1985,2025,1952,2015,62969,0.015113350125944613
2023-07-14,2015,2070,1996,2055,82004,0.01985111662531014
2023-07-17,2115,2115,1981,1998,34588,-0.027737226277372296
2023-07-18,2010,2060,1966,1971,23534,-0.013513513513513487
2023-07-19,1971,1989,1940,1969,20598,-0.0010147133434804667
2023-07-20,1988,1988,1948,1956,15021,-0.006602336211274706
2023-07-21,1945,1955,1918,1940,31295,-0.008179959100204526
2023-07-24,1930,1940,1810,1861,80156,-0.04072164948453605
2023-07-25,1861,1923,1751,1794,117454,-0.036002149382052706
2023-07-26,1786,1786,1608,1678,230156,-0.064659977703456
2023-07-27,1678,1790,1674,1765,78943,0.05184743742550646
2023-07-28,1769,1876,1769,1831,39423,0.037393767705382386
2023-07-31,1849,1868,1835,1868,26231,0.020207536865101128
2023-08-01,1869,1906,1858,1905,11251,0.019807280513918668
2023-08-02,1871,1987,1871,1917,45306,0.006299212598425141
2023-08-03,1916,1916,1829,1879,11591,-0.019822639540949427
2023-08-04,1879,1929,1870,1928,11607,0.0260777009047366
2023-08-07,1975,1975,1889,1928,10408,0.0
2023-08-08,1928,1957,1862,1909,12873,-0.00985477178423233
2023-08-09,1909,1909,1880,1899,4401,-0.005238344683080154
2023-08-10,1978,1978,1821,1967,12254,0.035808320168509766
2023-08-11,1966,1966,1888,1949,18102,-0.009150991357397054
2023-08-14,1949,1976,1874,1976,40662,0.013853258081067299
2023-08-16,1947,1947,1856,1938,17867,-0.019230769230769273
2023-08-17,1938,1962,1861,1962,16144,0.01238390092879249
2023-08-18,1876,1962,1873,1940,13828,-0.011213047910295648
2023-08-21,1921,1932,1915,1919,9874,-0.010824742268041199
2023-08-22,1929,1962,1821,1918,7971,-0.0005211047420531356
2023-08-23,1938,1938,1899,1924,13608,0.0031282586027112647
2023-08-24,1904,1910,1897,1904,10717,-0.01039501039501034
2023-08-25,1904,1930,1881,1919,24440,0.007878151260504174
2023-08-28,1919,1919,1900,1914,11189,-0.002605523710265789
2023-08-29,1918,1918,1895,1910,9709,-0.002089864158829724
2023-08-30,1910,1945,1899,1934,55094,0.012565445026178068
2023-08-31,1934,1953,1874,1920,90544,-0.007238883143743546
2023-09-01,1909,1938,1883,1902,64562,-0.009375000000000022
2023-09-04,1902,1920,1867,1915,43512,0.006834910620399537
2023-09-05,1919,1919,1879,1901,21836,-0.0073107049608355235
2023-09-06,1901,1910,1871,1887,20018,-0.007364544976328213
2023-09-07,1877,1877,1833,1870,54213,-0.009009009009009028
2023-09-08,1855,1866,1840,1859,30784,-0.00588235294117645
2023-09-11,1859,1877,1836,1848,28775,-0.00591715976331364
2023-09-12,1848,1893,1822,1869,24746,0.011363636363636465
2023-09-13,1861,1861,1786,1855,52342,-0.0074906367041198685
2023-09-14,1836,1854,1811,1821,26458,-0.01832884097035037
2023-09-15,1825,1860,1810,1855,17533,0.018671059857221284
2023-09-18,1855,1871,1812,1860,15860,0.0026954177897573484
2023-09-19,1844,1847,1793,1820,6061,-0.021505376344086002
2023-09-20,1801,1809,1735,1750,34221,-0.038461538461538436
2023-09-21,1750,1763,1733,1741,20334,-0.005142857142857116
2023-09-22,1707,1745,1692,1744,27415,0.001723147616312426
2023-09-25,1744,1746,1661,1731,28753,-0.007454128440366969
2023-09-26,1717,1736,1605,1617,42251,-0.0658578856152513
2023-09-27,1610,1720,1580,1680,46038,0.03896103896103886
2023-10-04,1680,1734,1620,1620,27141,-0.0357142857142857
2023-10-05,1620,1636,1585,1618,26176,-0.0012345679012345512
2023-10-06,1596,1744,1586,1601,58296,-0.010506798516687232
2023-10-10,1628,1657,1606,1613,29544,0.007495315427857641
2023-10-11,1577,1734,1551,1575,678993,-0.023558586484810906
2023-10-12,1598,1618,1575,1588,88194,0.00825396825396818
2023-10-13,1603,1603,1566,1585,52226,-0.0018891687657430767
2023-10-16,1584,1584,1536,1538,40363,-0.029652996845425883
2023-10-17,1523,1536,1502,1526,88414,-0.007802340702210642
2023-10-18,1526,1563,1463,1474,118321,-0.03407601572739183
2023-10-19,1448,1448,1401,1422,151414,-0.035278154681139706
2023-10-20,1401,1401,1294,1394,97235,-0.019690576652601988
2023-10-23,1394,1394,1300,1301,169956,-0.06671449067431856
2023-10-24,1303,1363,1302,1337,123241,0.027671022290545633
2023-10-25,1337,1419,1337,1406,100331,0.051608077786088336
2023-10-26,1370,1397,1321,1380,38756,-0.01849217638691325
2023-10-27,1372,1372,1335,1372,24782,-0.005797101449275366
2023-10-30,1372,1390,1362,1386,31191,0.010204081632652962
2023-10-31,1405,1412,1342,1386,35651,0.0
2023-11-01,1351,1398,1340,1391,37434,0.003607503607503615
2023-11-02,1400,1419,1390,1404,38742,0.009345794392523255
2023-11-03,1436,1436,1390,1422,44864,0.012820512820512775
2023-11-06,1453,1454,1391,1418,58170,-0.002812939521800284
2023-11-07,1432,1450,1390,1423,34589,0.0035260930888576514
2023-11-08,1423,1442,1393,1439,31506,0.011243851018974071
2023-11-09,1460,1460,1394,1411,11237,-0.01945795691452401
2023-11-10,1383,1406,1345,1361,47383,-0.03543586109142449
2023-11-13,1359,1370,1335,1345,20180,-0.011756061719323974
2023-11-14,1342,1342,1312,1334,67951,-0.008178438661710086
2023-11-15,1360,1390,1342,1386,40256,0.038980509745127456
2023-11-16,1393,1412,1352,1365,61611,-0.015151515151515138
2023-11-17,1365,1385,1352,1379,42033,0.01025641025641022
2023-11-20,1379,1550,1379,1484,1218878,0.07614213197969533
2023-11-21,1528,1691,1484,1545,1750306,0.041105121293800506
2023-11-22,1545,1665,1538,1643,511679,0.06343042071197402
2023-11-23,1700,1790,1620,1754,481689,0.06755934266585517
2023-11-24,1754,1789,1625,1666,326547,-0.05017103762827824
2023-11-27,1666,1678,1545,1590,193427,-0.04561824729891961
2023-11-28,1590,1590,1509,1552,191765,-0.023899371069182385
2023-11-29,1552,1555,1501,1532,105784,-0.012886597938144284
2023-11-30,1532,1589,1501,1550,148871,0.011749347258485532
