Date,Open,High,Low,Close,Volume,Change
2022-01-03,105500,105500,100000,100000,7501,-0.029126213592232997
2022-01-04,100500,104500,99800,102500,9649,0.02499999999999991
2022-01-05,105500,109500,102500,109000,19988,0.06341463414634152
2022-01-06,108000,114500,106000,112000,19621,0.02752293577981657
2022-01-07,111000,113500,107000,108500,14809,-0.03125
2022-01-10,109000,111000,106500,108500,13665,0.0
2022-01-11,107000,108000,103000,103500,12247,-0.04608294930875578
2022-01-12,103500,107000,103500,106500,10768,0.02898550724637672
2022-01-13,107000,110000,105000,106000,7378,-0.0046948356807511304
2022-01-14,105500,108000,103500,106500,10282,0.004716981132075526
2022-01-17,106500,107000,102500,102500,7841,-0.03755868544600938
2022-01-18,102500,103000,98700,98800,16481,-0.03609756097560979
2022-01-19,97600,102000,97000,98800,13221,0.0
2022-01-20,98900,108500,98900,107500,21508,0.08805668016194335
2022-01-21,106500,107000,101500,103000,13265,-0.041860465116279055
2022-01-24,101000,102000,98100,98800,8903,-0.04077669902912617
2022-01-25,98800,101000,96700,97500,8689,-0.013157894736842146
2022-01-26,97500,99000,96000,96900,7053,-0.006153846153846176
2022-01-27,105500,107500,94500,98800,39880,0.019607843137254832
2022-01-28,99000,106000,97000,104500,20479,0.05769230769230771
2022-02-03,106000,113500,106000,111500,35431,0.06698564593301426
2022-02-04,111000,114500,110000,113500,15474,0.017937219730941756
2022-02-07,113500,114500,109500,111000,15707,-0.022026431718061623
2022-02-08,109500,110000,100500,101000,49268,-0.09009009009009006
2022-02-09,102500,106000,99900,103500,12391,0.024752475247524774
2022-02-10,105500,106000,102500,103000,6864,-0.004830917874396157
2022-02-11,101500,106500,101500,104500,8155,0.014563106796116498
2022-02-14,103000,108500,101000,106000,16635,0.014354066985645897
2022-02-15,108000,110000,102000,103000,18545,-0.028301886792452824
2022-02-16,104500,106000,102000,103000,15515,0.0
2022-02-17,103500,105500,99500,101500,21134,-0.014563106796116498
2022-02-18,100500,103500,99900,103000,4949,0.014778325123152802
2022-02-21,101500,105500,101000,105500,4305,0.024271844660194164
2022-02-22,103000,106500,102500,105500,8210,0.0
2022-02-23,105500,112000,104500,109000,26368,0.033175355450236976
2022-02-24,107500,110500,105000,109000,24976,0.0
2022-02-25,112500,127000,112500,127000,106274,0.16513761467889898
2022-02-28,125500,133000,124500,126500,38931,-0.003937007874015741
2022-03-02,129500,133000,127500,131000,30858,0.035573122529644285
2022-03-03,133000,133000,125500,128500,22239,-0.01908396946564883
2022-03-04,128500,137500,128500,135000,45704,0.05058365758754868
2022-03-07,135000,140000,131000,134000,29622,-0.007407407407407418
2022-03-08,132000,133500,122000,124500,38082,-0.07089552238805974
2022-03-10,124500,124500,114500,121500,42256,-0.02409638554216864
2022-03-11,120500,131500,118500,131500,43728,0.08230452674897126
2022-03-14,130000,132500,125000,126500,28030,-0.03802281368821292
2022-03-15,126000,126000,118500,122000,23878,-0.035573122529644285
2022-03-16,122000,122000,115000,117500,46455,-0.03688524590163933
2022-03-17,117500,118000,113000,114500,31679,-0.025531914893617058
2022-03-18,115500,122500,115500,119500,39753,0.04366812227074246
2022-03-21,121000,129500,119500,127000,38033,0.06276150627615062
2022-03-22,127500,131500,125000,128500,25201,0.011811023622047223
2022-03-23,130500,139500,129500,138500,88889,0.0778210116731517
2022-03-24,138500,144500,136000,137000,41618,-0.010830324909747335
2022-03-25,137000,137000,130500,132500,19160,-0.03284671532846717
2022-03-28,130000,131000,123000,127000,46800,-0.04150943396226414
2022-03-29,124500,125500,117000,121500,67158,-0.04330708661417326
2022-03-30,120000,123000,116000,119500,44666,-0.016460905349794275
2022-03-31,120000,122000,118000,120000,14193,0.004184100418409997
2022-04-01,119500,120000,117000,119000,12104,-0.008333333333333304
2022-04-04,119000,123500,118000,122500,17763,0.02941176470588225
2022-04-05,123000,123500,120000,120500,10501,-0.01632653061224487
2022-04-06,119000,120500,117500,119500,12135,-0.008298755186721962
2022-04-07,119500,119500,115500,119500,24901,0.0
2022-04-08,119500,122000,118000,121000,9405,0.012552301255230214
2022-04-11,121500,127500,120500,127000,25574,0.04958677685950419
2022-04-12,127000,128500,124000,127000,16208,0.0
2022-04-13,128000,137000,128000,134000,64506,0.055118110236220375
2022-04-14,135500,148000,134500,146500,108756,0.09328358208955234
2022-04-15,145500,154500,144000,150500,62973,0.027303754266211566
2022-04-18,149000,155000,147500,151500,33794,0.006644518272425293
2022-04-19,149500,156500,149000,154500,25283,0.01980198019801982
2022-04-20,152500,165000,149000,157500,62069,0.01941747572815533
2022-04-21,157500,159000,154000,155500,19457,-0.012698412698412653
2022-04-22,154000,157000,148000,152500,31297,-0.019292604501607746
2022-04-25,148000,151000,143000,145000,29957,-0.049180327868852514
2022-04-26,145500,146000,137000,140500,44062,-0.03103448275862064
2022-04-27,136000,142000,135000,140000,34249,-0.003558718861209953
2022-04-28,140500,148000,138500,141000,39753,0.0071428571428571175
2022-04-29,141000,147500,135000,144500,34143,0.024822695035461084
2022-05-02,141000,157500,141000,156000,69357,0.0795847750865053
2022-05-03,156000,163000,152500,159000,45461,0.019230769230769162
2022-05-04,158000,161500,153000,154000,35153,-0.03144654088050314
2022-05-06,152000,155000,148500,150000,26155,-0.025974025974025983
2022-05-09,149000,153500,144000,149500,37035,-0.0033333333333332993
2022-05-10,146000,147500,141000,146000,45173,-0.02341137123745818
2022-05-11,146000,147500,135500,138500,53618,-0.05136986301369861
2022-05-12,137500,146000,136000,138500,49386,0.0
2022-05-13,139500,143000,135500,141000,22398,0.018050541516245522
2022-05-16,143500,152000,136500,148000,66178,0.049645390070921946
2022-05-17,152500,164000,152500,160000,64477,0.08108108108108114
2022-05-18,160000,160500,151500,153500,51658,-0.04062500000000002
2022-05-19,149000,153000,145500,148500,38169,-0.032573289902280145
2022-05-20,149500,154000,146000,147000,26602,-0.010101010101010055
2022-05-23,148000,148000,142000,143500,24782,-0.023809523809523836
2022-05-24,142500,146500,141000,142000,25574,-0.010452961672473893
2022-05-25,142000,153500,139500,151000,41361,0.06338028169014076
2022-05-26,151000,167000,151000,164500,79961,0.08940397350993368
2022-05-27,164000,166000,157000,160500,31341,-0.024316109422492405
2022-05-30,161000,164500,156000,161500,24618,0.006230529595015577
2022-05-31,160500,167500,159000,162500,20934,0.006191950464396356
2022-06-02,161500,163500,158000,159500,18104,-0.018461538461538418
2022-06-03,160500,160500,155000,157500,17136,-0.01253918495297801
2022-06-07,157500,165500,156000,163500,29814,0.03809523809523818
2022-06-08,163500,165000,161000,164500,9907,0.006116207951070374
2022-06-09,162000,163500,157500,160000,17736,-0.027355623100303927
2022-06-10,158000,158500,153000,153500,19580,-0.04062500000000002
2022-06-13,150000,155500,147500,150000,29318,-0.0228013029315961
2022-06-14,146000,151500,144000,150000,37247,0.0
2022-06-15,149500,150500,143000,145000,28963,-0.033333333333333326
2022-06-16,147500,150500,142000,147000,22238,0.01379310344827589
2022-06-17,142500,151500,138000,150000,32847,0.020408163265306145
2022-06-20,150000,150000,138000,140500,64284,-0.06333333333333335
2022-06-21,140500,141500,136500,141500,21122,0.007117437722419906
2022-06-22,141500,141500,128500,129500,67373,-0.0848056537102474
2022-06-23,129500,130500,123000,124500,54856,-0.038610038610038644
2022-06-24,124000,129500,119500,129000,48344,0.03614457831325302
2022-06-27,130500,133500,127500,132000,22488,0.023255813953488413
2022-06-28,135000,141000,135000,139500,25592,0.05681818181818188
2022-06-29,138000,147000,137000,142500,51779,0.021505376344086002
2022-06-30,143500,151000,138000,138500,43132,-0.028070175438596467
2022-07-01,140000,148500,139500,140000,35538,0.010830324909747224
2022-07-04,142000,145000,131000,139500,35436,-0.0035714285714285587
2022-07-05,136000,144000,136000,143000,20172,0.02508960573476693
2022-07-06,138500,139000,127000,127000,56192,-0.11188811188811187
2022-07-07,129000,130500,125000,128000,29988,0.007874015748031482
2022-07-08,132500,133500,128000,128000,22481,0.0
2022-07-11,129000,132000,127000,130000,19694,0.015625
2022-07-12,129000,133000,127000,131500,14587,0.011538461538461497
2022-07-13,129500,131500,125000,130500,15964,-0.0076045627376425395
2022-07-14,129000,137500,128500,135000,27026,0.034482758620689724
2022-07-15,133000,136000,129000,132500,16259,-0.01851851851851849
2022-07-18,133500,138500,132500,136500,10999,0.030188679245283012
2022-07-19,138500,138500,135000,136000,8489,-0.00366300366300365
2022-07-20,137500,139500,135000,136000,8130,0.0
2022-07-21,137000,137500,133000,137000,8705,0.007352941176470562
2022-07-22,137000,139500,133000,134500,9523,-0.018248175182481785
2022-07-25,133000,136500,130500,134500,10464,0.0
2022-07-26,134500,139000,134500,137500,9471,0.02230483271375472
2022-07-27,137500,138000,134000,136000,7464,-0.010909090909090868
2022-07-28,138000,139500,135500,138500,8097,0.018382352941176405
2022-07-29,141500,155000,139000,154500,62305,0.1155234657039712
2022-08-01,155000,164000,153500,157000,36793,0.016181229773462702
2022-08-02,157000,157000,148500,152500,26172,-0.0286624203821656
2022-08-03,152500,156500,151000,154500,10136,0.013114754098360715
2022-08-04,153500,157000,150000,152000,14338,-0.016181229773462813
2022-08-05,158000,163000,153500,154500,45221,0.016447368421052655
2022-08-08,153500,158000,149500,151000,35950,-0.02265372168284785
2022-08-09,151000,153000,144500,152500,35087,0.009933774834437026
2022-08-10,150500,163500,150000,162500,52898,0.06557377049180335
2022-08-11,165000,171000,159000,170000,41938,0.04615384615384621
2022-08-12,170000,183000,163500,183000,34017,0.07647058823529407
2022-08-16,189000,193500,160500,163500,152634,-0.10655737704918034
2022-08-17,165500,167500,153500,159000,122029,-0.02752293577981646
2022-08-18,158000,167500,155500,164000,58018,0.03144654088050314
2022-08-19,164000,175000,163000,166500,58002,0.015243902439024293
2022-08-22,166000,176000,161000,172500,51694,0.03603603603603611
2022-08-23,172500,193000,172000,190500,124294,0.10434782608695659
2022-08-24,190500,198500,187000,193500,64715,0.015748031496062964
2022-08-25,193500,200000,187000,196500,49496,0.015503875968992276
2022-08-26,194500,203000,190000,195000,45718,-0.007633587786259555
2022-08-29,188000,198500,187500,191500,31984,-0.017948717948717996
2022-08-30,192500,200000,188000,190500,45527,-0.005221932114882533
2022-08-31,188500,193500,181000,183000,46864,-0.03937007874015752
2022-09-01,183000,189000,175000,175500,61964,-0.040983606557377095
2022-09-02,176500,177500,170000,175000,29244,-0.002849002849002802
2022-09-05,173500,178500,171500,175000,24534,0.0
2022-09-06,177000,181000,174500,175500,19767,0.0028571428571428914
2022-09-07,174500,175000,166500,169000,24862,-0.03703703703703709
2022-09-08,168500,171000,163000,170000,36224,0.00591715976331364
2022-09-13,171500,171500,160000,160500,60333,-0.055882352941176494
2022-09-14,156500,161000,156500,159500,32285,-0.006230529595015577
2022-09-15,161000,163500,156500,160500,26423,0.006269592476489061
2022-09-16,157500,160000,150500,151000,36271,-0.05919003115264798
2022-09-19,151000,152000,145000,146500,33224,-0.0298013245033113
2022-09-20,147500,149000,143000,147000,20811,0.0034129692832765013
2022-09-21,145000,153500,144500,148000,22781,0.006802721088435382
2022-09-22,147000,154000,146000,153000,21577,0.03378378378378377
2022-09-23,152000,162000,151000,151500,32674,-0.009803921568627416
2022-09-26,146500,147500,135500,137000,43967,-0.09570957095709576
2022-09-27,136500,139000,132500,136000,22231,-0.007299270072992692
2022-09-28,138000,140500,129000,132000,23313,-0.02941176470588236
2022-09-29,136000,148000,135000,145000,42898,0.0984848484848484
2022-09-30,143500,155000,142000,150500,32428,0.037931034482758585
2022-10-04,156500,160000,152500,157500,14827,0.04651162790697683
2022-10-05,160500,160500,152000,157000,17697,-0.0031746031746031633
2022-10-06,156000,160000,152000,153000,10914,-0.02547770700636942
2022-10-07,153000,156500,146500,150000,14629,-0.019607843137254943
2022-10-11,145000,145000,139500,142500,16094,-0.050000000000000044
2022-10-12,140500,146500,138500,146000,15953,0.024561403508772006
2022-10-13,143500,144000,137000,137000,14053,-0.06164383561643838
2022-10-14,141500,144500,140000,142000,15121,0.03649635036496357
2022-10-17,138000,145000,136500,143000,11172,0.007042253521126751
2022-10-18,147500,147500,143000,146500,9883,0.02447552447552437
2022-10-19,148000,150500,143000,143500,8110,-0.020477815699658675
2022-10-20,142500,149000,142500,147000,10447,0.024390243902439046
2022-10-21,147000,147000,141000,142000,9883,-0.03401360544217691
2022-10-24,144500,147500,143000,143500,6707,0.010563380281690238
2022-10-25,144500,145500,142000,143500,5346,0.0
2022-10-26,144000,144000,139500,141000,3802,-0.017421602787456414
2022-10-27,142000,146000,141000,143000,12773,0.014184397163120588
2022-10-28,142000,143000,136500,139000,11580,-0.027972027972028024
2022-10-31,140000,140000,135000,135500,14150,-0.025179856115107868
2022-11-01,133000,141500,132000,139500,16215,0.029520295202952074
2022-11-02,138000,140500,136000,137000,6713,-0.017921146953404965
2022-11-03,133500,149500,133000,148000,26553,0.08029197080291972
2022-11-04,151000,153500,145000,147000,24732,-0.006756756756756799
2022-11-07,148000,148000,142000,142500,11350,-0.030612244897959218
2022-11-08,143500,145500,140500,142500,14148,0.0
2022-11-09,143500,148500,141500,146000,22647,0.024561403508772006
2022-11-10,143500,146500,143000,145000,8620,-0.006849315068493178
2022-11-11,149500,149500,142000,143000,25333,-0.01379310344827589
2022-11-14,143500,150000,141500,144000,41966,0.006993006993007089
2022-11-15,147000,149500,141500,145500,40484,0.01041666666666674
2022-11-16,146000,171500,144000,165000,133429,0.134020618556701
2022-11-17,167000,168500,161500,164500,29305,-0.00303030303030305
2022-11-18,164500,165500,157500,158000,28703,-0.03951367781155013
2022-11-21,159000,159000,152000,154500,28827,-0.022151898734177222
2022-11-22,154000,169500,153500,168000,44888,0.08737864077669899
2022-11-23,169000,181500,168500,180500,53007,0.07440476190476186
2022-11-24,178500,182000,173500,178000,32520,-0.013850415512465353
2022-11-25,177500,178000,173000,177000,19795,-0.005617977528089901
2022-11-28,177000,178500,171000,174500,13613,-0.01412429378531077
2022-11-29,172500,176500,171500,174500,15816,0.0
2022-11-30,173500,177500,171000,174000,12886,-0.002865329512893977
2022-12-01,175000,175000,166000,166000,36070,-0.04597701149425293
2022-12-02,167500,168000,162000,164000,17417,-0.012048192771084376
2022-12-05,163500,168500,160000,168500,18856,0.027439024390243816
2022-12-06,165500,167500,162500,164500,13382,-0.023738872403560873
2022-12-07,163000,163000,156000,160000,27143,-0.027355623100303927
2022-12-08,159500,162500,157500,160000,6686,0.0
2022-12-09,161000,165500,161000,163000,8611,0.018750000000000044
2022-12-12,161500,161500,152500,154000,29506,-0.05521472392638038
2022-12-13,154500,155000,148500,151000,23204,-0.01948051948051943
2022-12-14,152000,160000,150000,157000,24012,0.039735099337748325
2022-12-15,155500,158000,153500,156000,7822,-0.006369426751592355
2022-12-16,151500,156000,151500,152500,7372,-0.022435897435897467
2022-12-19,151000,153500,147500,152500,10620,0.0
2022-12-20,151000,159500,151000,155500,16179,0.01967213114754096
2022-12-21,156500,157500,152500,155000,6610,-0.003215434083601254
2022-12-22,157000,161500,155000,160000,8855,0.032258064516129004
2022-12-23,158500,158500,151500,155000,13411,-0.03125
2022-12-26,155000,157000,153000,155000,5585,0.0
2022-12-27,155000,162000,154500,162000,14836,0.04516129032258065
2022-12-28,161000,162000,156500,160500,6408,-0.0092592592592593
2022-12-29,157000,157500,144500,146500,40336,-0.08722741433021808
2023-01-02,148000,150500,139500,142000,21709,-0.030716723549488067
2023-01-03,140500,147500,136500,146500,17816,0.03169014084507049
2023-01-04,145000,150000,142000,150000,7825,0.023890784982935065
2023-01-05,148500,148500,141000,141000,23248,-0.06000000000000005
2023-01-06,140500,144000,137500,142500,17407,0.010638297872340496
2023-01-09,144000,147500,143000,147000,9493,0.03157894736842115
2023-01-10,147000,147500,144500,144500,4684,-0.017006802721088454
2023-01-11,144500,151500,143500,150000,15377,0.03806228373702414
2023-01-12,152500,162500,151500,158000,36249,0.05333333333333323
2023-01-13,159500,161000,153000,155000,20149,-0.01898734177215189
2023-01-16,154500,161000,154000,158500,18567,0.022580645161290214
2023-01-17,157500,159500,152500,153000,10366,-0.034700315457413256
2023-01-18,153000,155000,150500,154500,6197,0.009803921568627416
2023-01-19,152000,158000,152000,157500,12907,0.01941747572815533
2023-01-20,156000,158000,153500,157500,8680,0.0
2023-01-25,157000,157500,153300,155400,10370,-0.013333333333333308
2023-01-26,156300,163500,155600,162000,20092,0.042471042471042386
2023-01-27,162000,163900,159800,162900,8994,0.005555555555555536
2023-01-30,163900,164500,160000,163000,8200,0.0006138735420504471
2023-01-31,163000,163500,159800,162800,10152,-0.0012269938650306678
2023-02-01,162800,163100,160500,160500,6450,-0.014127764127764175
2023-02-02,161400,161400,151100,153900,52345,-0.04112149532710285
2023-02-03,155500,157300,149300,149500,53921,-0.028589993502274202
2023-02-06,149600,151000,146600,146600,12246,-0.019397993311036754
2023-02-07,147500,147500,144300,145800,13556,-0.00545702592087316
2023-02-08,146600,148500,144000,144500,19765,-0.008916323731138598
2023-02-09,144500,146600,144000,145400,12772,0.006228373702422241
2023-02-10,145800,153500,144900,151200,29561,0.03988995873452539
2023-02-13,153700,159400,151400,158800,39880,0.050264550264550234
2023-02-14,158800,161000,155200,158500,23398,-0.0018891687657430767
2023-02-15,158500,159700,154900,157200,17406,-0.008201892744479466
2023-02-16,157200,157300,152500,155200,28162,-0.012722646310432517
2023-02-17,153300,162500,153300,161400,31554,0.0399484536082475
2023-02-20,162700,166500,161000,163400,20687,0.012391573729863659
2023-02-21,165100,171200,162000,165900,25128,0.015299877600979173
2023-02-22,164200,165000,159000,162000,15342,-0.023508137432188048
2023-02-23,160900,161900,157800,160000,11844,-0.012345679012345734
2023-02-24,160000,161500,156800,160800,10878,0.004999999999999893
2023-02-27,168100,173000,152500,152800,89287,-0.04975124378109452
2023-02-28,153900,156500,150700,156500,41399,0.024214659685863893
2023-03-02,156500,159700,155000,157500,11717,0.006389776357827559
2023-03-03,159000,159900,156700,158900,12141,0.008888888888888946
2023-03-06,158900,159000,153800,155200,16744,-0.02328508495909376
2023-03-07,155200,156400,149000,152200,33786,-0.019329896907216537
2023-03-08,151800,151800,148700,149500,13375,-0.017739816031537403
2023-03-09,150500,152700,149000,149400,10989,-0.0006688963210702559
2023-03-10,149200,152400,145500,149900,17843,0.0033467202141901353
2023-03-13,149000,149300,146000,147500,14509,-0.016010673782521634
2023-03-14,147500,147500,142000,142600,15453,-0.03322033898305088
2023-03-15,143000,147700,142900,146100,10275,0.024544179523141585
2023-03-16,140200,144000,139800,141000,13639,-0.03490759753593431
2023-03-17,142500,142500,137900,139000,19762,-0.014184397163120588
2023-03-20,138500,140900,134200,136800,21971,-0.015827338129496438
2023-03-21,138500,142400,137100,138600,27312,0.013157894736842035
2023-03-22,139800,146400,139400,146400,18880,0.05627705627705626
2023-03-23,145600,146100,141400,141800,10062,-0.031420765027322384
2023-03-24,141800,144500,139300,143200,7826,0.009873060648801113
2023-03-27,143200,143200,139600,141200,6532,-0.013966480446927387
2023-03-28,142100,145000,141700,143800,8064,0.018413597733710985
2023-03-29,143000,146400,141600,146000,9388,0.015299026425591
2023-03-30,147200,147200,142100,143100,12774,-0.019863013698630083
2023-03-31,142000,148000,141200,144800,10956,0.01187980433263447
2023-04-03,146200,150000,146200,149700,15024,0.03383977900552493
2023-04-04,150500,150900,144300,144600,11378,-0.034068136272545124
2023-04-05,143600,146100,142600,144900,8784,0.0020746887966804906
2023-04-06,144500,144500,142100,142100,8287,-0.019323671497584516
2023-04-07,141800,142000,138400,138400,20953,-0.026038001407459488
2023-04-10,139500,139500,134900,135600,17068,-0.020231213872832332
2023-04-11,136000,139200,134100,137500,15783,0.014011799410029502
2023-04-12,137700,140400,137300,140000,16715,0.018181818181818077
2023-04-13,140000,140700,136400,139900,13622,-0.0007142857142856673
2023-04-14,138200,140100,137900,138200,15063,-0.012151536812008534
2023-04-17,143500,150500,142200,148500,54933,0.0745296671490594
2023-04-18,149400,152200,145800,146000,25324,-0.01683501683501687
2023-04-19,145800,149000,143900,147400,11203,0.009589041095890316
2023-04-20,147000,148400,145100,145800,9452,-0.01085481682496603
2023-04-21,145000,145000,139800,141800,16414,-0.027434842249657088
2023-04-24,141800,142100,137200,138000,9537,-0.026798307475317307
2023-04-25,138800,139600,136200,139600,9059,0.011594202898550732
2023-04-26,137900,139800,136600,136900,6947,-0.0193409742120344
2023-04-27,137100,147600,135000,147300,28248,0.07596785975164355
2023-04-28,147000,149900,142100,149200,22764,0.012898845892735933
2023-05-02,147100,152100,147100,150900,13579,0.011394101876675666
2023-05-03,149100,153500,148200,148600,9460,-0.015241882041086785
2023-05-04,148400,151700,148000,150800,8916,0.014804845222072593
2023-05-08,150800,153000,150000,151700,8950,0.005968169761273234
2023-05-09,151700,154800,150500,151100,8370,-0.0039551746868820015
2023-05-10,150900,154700,150100,153400,9886,0.015221707478491053
2023-05-11,153700,155800,151500,155200,13955,0.011734028683181297
2023-05-12,155500,157000,150100,153500,14847,-0.010953608247422641
2023-05-15,152900,165000,152200,164000,60607,0.0684039087947883
2023-05-16,166900,172300,164900,167400,48135,0.02073170731707319
2023-05-17,169000,169000,157400,159400,27922,-0.04778972520908009
2023-05-18,160400,167900,155500,167600,28262,0.05144291091593467
2023-05-19,167200,167200,159400,166400,17295,-0.007159904534606243
2023-05-22,166600,166600,162100,162200,18161,-0.02524038461538458
2023-05-23,163000,164500,160100,163300,7668,0.00678175092478428
2023-05-24,162700,169000,161600,167300,9514,0.024494794856093183
2023-05-25,167000,168800,163000,167800,12416,0.002988643156007109
2023-05-26,167500,171500,165900,169400,10438,0.009535160905840279
2023-05-30,171300,171300,165000,168500,9872,-0.005312868949232552
2023-05-31,167800,167800,163000,166400,12284,-0.012462908011869445
2023-06-01,165100,166500,161900,162000,6935,-0.02644230769230771
2023-06-02,162200,166500,162200,163500,6813,0.0092592592592593
2023-06-05,163600,172000,163600,169000,15985,0.033639143730886945
2023-06-07,169400,171500,165100,170600,14455,0.00946745562130169
2023-06-08,169500,176200,168600,172000,14853,0.008206330597889888
2023-06-09,172200,174300,169500,174200,9862,0.012790697674418539
2023-06-12,174400,176500,166200,166500,18055,-0.044202066590126265
2023-06-13,166700,168800,164200,164800,8282,-0.01021021021021018
2023-06-14,166300,168100,164000,167200,5638,0.014563106796116498
2023-06-15,166500,168900,164100,168900,8466,0.010167464114832603
2023-06-16,170200,177900,168300,177300,15914,0.0497335701598578
2023-06-19,178400,185000,176900,181600,12489,0.02425267907501416
2023-06-20,183300,184900,179200,182900,4623,0.007158590308369961
2023-06-21,182900,187000,178700,183900,7132,0.005467468562055711
2023-06-22,183900,187000,183000,186400,5563,0.013594344752583032
2023-06-23,186400,186400,176300,177600,12381,-0.047210300429184504
2023-06-26,177600,180400,173200,180200,7895,0.014639639639639546
2023-06-27,180400,198200,180400,197200,31060,0.09433962264150941
2023-06-28,197200,200000,192300,197900,14736,0.003549695740365122
2023-06-29,199900,215000,198500,203000,22890,0.02577059120768066
2023-06-30,204000,210000,202000,207500,14816,0.022167487684729092
2023-07-03,207500,210000,198100,206500,15053,-0.004819277108433773
2023-07-04,207000,210000,200500,204000,9707,-0.01210653753026636
2023-07-05,204000,204000,195500,197000,17025,-0.03431372549019607
2023-07-06,196000,198400,191000,195100,11092,-0.009644670050761417
2023-07-07,193700,193700,188500,191000,15671,-0.021014864172219427
2023-07-10,190900,195500,189800,192500,9443,0.007853403141361293
2023-07-11,192700,205000,191200,204500,19976,0.06233766233766236
2023-07-12,204500,213500,204500,205000,15646,0.0024449877750611915
2023-07-13,209000,209000,199900,200000,10298,-0.024390243902439046
2023-07-14,200500,202000,195900,198000,9945,-0.010000000000000009
2023-07-17,198000,200500,193200,193800,11765,-0.021212121212121238
2023-07-18,194500,195000,188500,191000,8715,-0.014447884416924683
2023-07-19,191000,194900,191000,194000,7123,0.015706806282722585
2023-07-20,194000,196500,191300,195600,9035,0.008247422680412342
2023-07-21,195600,196300,189100,189900,9708,-0.02914110429447858
2023-07-24,189900,189900,185000,186500,12682,-0.017904160084254883
2023-07-25,187800,207500,187800,205000,24709,0.09919571045576414
2023-07-26,203500,209500,190100,192200,17153,-0.06243902439024396
2023-07-27,195000,207000,193600,197100,14008,0.025494276795005266
2023-07-28,196100,203000,185700,196200,10547,-0.004566210045662156
2023-07-31,198500,208000,197000,205000,8324,0.04485219164118237
2023-08-01,206500,206500,199000,200500,5841,-0.02195121951219514
2023-08-02,200500,209000,197500,207000,16724,0.032418952618453956
2023-08-03,206000,208000,190300,199500,24370,-0.036231884057971064
2023-08-04,199400,203000,197000,197200,4052,-0.011528822055137833
2023-08-07,195200,195500,186800,191600,17892,-0.028397565922920864
2023-08-08,191600,196300,191000,191800,5338,0.0010438413361169019
2023-08-09,193500,193500,188200,191500,9433,-0.0015641293013556323
2023-08-10,192100,198800,189100,198200,9242,0.0349869451697129
2023-08-11,199000,204000,193100,193100,11140,-0.02573158425832489
2023-08-14,193100,204500,189700,194500,22437,0.0072501294665976435
2023-08-16,194800,196200,188000,189000,15800,-0.028277634961439535
2023-08-17,188400,188500,173800,187900,28940,-0.0058201058201058364
2023-08-18,186800,189700,184200,184700,9045,-0.017030335284725973
2023-08-21,184700,188400,177800,178600,13312,-0.03302652950730911
2023-08-22,178800,180500,176500,180500,9267,0.010638297872340496
2023-08-23,180700,182600,178200,179800,6194,-0.0038781163434903343
2023-08-24,179800,182700,176400,181000,7964,0.006674082313681939
2023-08-25,180000,182400,178700,179000,5184,-0.011049723756906049
2023-08-28,181000,184500,179500,184500,5802,0.030726256983240274
2023-08-29,184400,185900,182100,185000,3596,0.0027100271002709064
2023-08-30,186800,187500,184000,185700,2762,0.003783783783783745
2023-08-31,185700,186000,180900,185900,9152,0.001077005923532548
2023-09-01,185900,191500,182900,190200,9920,0.023130715438407723
2023-09-04,190200,191600,186400,188600,7344,-0.008412197686645584
2023-09-05,188600,191600,185400,191300,9330,0.014316012725344551
2023-09-06,191300,194500,189500,194400,5388,0.016204913748039784
2023-09-07,194400,195500,191300,192600,4829,-0.0092592592592593
2023-09-08,192600,193000,190400,192600,3726,0.0
2023-09-11,192600,195500,191500,195500,3357,0.015057113187954219
2023-09-12,195700,195700,192600,194000,1852,-0.007672634271099765
2023-09-13,193600,197500,193000,194100,4295,0.0005154639175257714
2023-09-14,195700,195800,188000,188000,6321,-0.03142709943328181
2023-09-15,189000,197400,188200,196700,8431,0.046276595744680904
2023-09-18,196700,199600,195200,199500,5035,0.014234875444839812
2023-09-19,199500,214500,198100,207500,18331,0.040100250626566414
2023-09-20,210500,220000,206500,219000,25327,0.055421686746987886
2023-09-21,219000,235000,217000,232500,30090,0.06164383561643838
2023-09-22,236500,243500,225000,230000,19381,-0.010752688172043001
2023-09-25,230000,232500,216000,221000,16183,-0.03913043478260869
2023-09-26,222500,224500,214000,223000,11530,0.009049773755656076
2023-09-27,220500,222000,214000,218000,8954,-0.022421524663677084
2023-10-04,216000,216000,202500,205000,14019,-0.059633027522935755
2023-10-05,205000,205500,197200,197700,16144,-0.03560975609756101
2023-10-06,196000,198700,191200,197800,10959,0.0005058168942841945
2023-10-10,197700,202500,192900,197300,8623,-0.0025278058645096246
2023-10-11,197300,202500,196200,200500,7344,0.016218955904713672
2023-10-12,201000,203500,197200,202500,7626,0.009975062344139696
2023-10-13,202000,202000,194200,196700,9962,-0.028641975308641987
2023-10-16,196700,203500,196100,202000,10976,0.02694458566344693
2023-10-17,202000,218000,201000,212500,16649,0.051980198019802026
2023-10-18,213500,219000,209000,214000,4923,0.007058823529411784
2023-10-19,212000,212000,203500,204000,6681,-0.04672897196261683
2023-10-20,201000,201000,187500,197200,16965,-0.033333333333333326
2023-10-23,196700,198000,193200,197700,2330,0.002535496957403627
2023-10-24,198500,205000,196800,202500,2985,0.02427921092564489
2023-10-25,203000,207000,199600,202000,4232,-0.0024691358024691024
2023-10-26,199400,201000,196700,200500,4436,-0.007425742574257432
2023-10-27,200500,205500,194300,194300,8272,-0.030922693266832946
2023-10-30,194800,205500,193800,205500,4065,0.05764282038085433
2023-10-31,205500,206000,197000,200000,4392,-0.02676399026763987
2023-11-01,200000,201500,197800,198200,2753,-0.009000000000000008
2023-11-02,199800,199900,195800,197000,6365,-0.006054490413723523
2023-11-03,197600,198500,193400,194900,7270,-0.010659898477157315
2023-11-06,194900,197700,190200,195600,9251,0.0035915854284247484
2023-11-07,195300,197800,189100,191100,4555,-0.02300613496932513
2023-11-08,190500,192400,188000,188400,4724,-0.014128728414442682
2023-11-09,188800,192000,186200,189600,3225,0.006369426751592355
2023-11-10,190600,190600,187000,189700,2666,0.0005274261603376296
2023-11-13,190100,190100,176300,177500,13876,-0.06431207169214548
2023-11-14,175800,180000,175800,179200,9602,0.009577464788732337
2023-11-15,182200,194000,180200,192900,15895,0.0764508928571428
2023-11-16,193300,196300,189000,192700,5410,-0.0010368066355624928
2023-11-17,192700,192700,185200,186100,6636,-0.03425012973533992
2023-11-20,186400,188500,183200,188400,4980,0.012358946802794257
2023-11-21,190600,195600,187000,192900,7673,0.023885350318471277
2023-11-22,194400,197000,191400,194700,3769,0.009331259720062102
2023-11-23,198100,205500,190800,192600,18122,-0.01078582434514641
2023-11-24,194300,195000,190700,195000,3542,0.012461059190031154
2023-11-27,194700,194800,188800,190600,4807,-0.022564102564102573
2023-11-28,190600,194200,188400,192500,3554,0.009968520461699937
2023-11-29,192500,193900,190800,193800,2527,0.006753246753246733
2023-11-30,193800,194800,190100,190900,6546,-0.014963880288957676
2023-12-01,191200,194200,188900,191000,4382,0.0005238344683080598
2023-12-04,191200,193900,189100,192700,3913,0.008900523560209317
2023-12-05,191000,198400,189700,193600,5541,0.004670472236637302
2023-12-06,193800,196600,191000,194300,7321,0.003615702479338845
2023-12-07,194300,194300,189300,189500,7865,-0.02470406587750895
2023-12-08,190400,192000,188500,189000,4336,-0.0026385224274406704
2023-12-11,190300,191000,188900,191000,1789,0.010582010582010692
2023-12-12,190000,202500,189800,197400,15208,0.03350785340314144
2023-12-13,197500,204500,195500,198100,10003,0.0035460992907800915
2023-12-14,203000,240000,202000,223500,50999,0.1282180716809691
2023-12-15,224000,232500,221000,231500,14509,0.03579418344519025
2023-12-18,232000,234000,226500,231500,5113,0.0
2023-12-19,231500,242500,230500,240000,16710,0.036717062634989306
2023-12-20,242500,248000,228500,232500,15736,-0.03125
2023-12-21,234500,234500,222500,228000,14229,-0.01935483870967747
2023-12-22,226500,234000,225000,232000,5363,0.01754385964912286
2023-12-26,232000,234000,223500,232500,9178,0.0021551724137931494
2023-12-27,229500,239500,229000,235000,8598,0.010752688172043001
2023-12-28,235500,241000,233000,240000,6653,0.02127659574468077
2024-01-02,240000,241000,230500,236000,5702,-0.01666666666666672
2024-01-03,236000,239500,233000,235000,4852,-0.004237288135593209
2024-01-04,235500,236000,230000,232500,2930,-0.010638297872340385
2024-01-05,232000,236500,229000,231000,3222,-0.006451612903225823
2024-01-08,231000,234500,223000,223500,4150,-0.03246753246753242
2024-01-09,223500,224000,214500,218500,10766,-0.022371364653243853
2024-01-10,216500,223000,215000,218000,5370,-0.0022883295194507935
2024-01-11,223000,223000,216500,217500,3547,-0.002293577981651418
2024-01-12,217500,217500,210500,213000,4555,-0.020689655172413834
2024-01-15,213500,214000,209000,213000,4443,0.0
2024-01-16,213000,215500,210000,215000,3396,0.009389671361502261
2024-01-17,215000,215000,205000,205000,5305,-0.046511627906976716
2024-01-18,206000,206000,200500,201000,5387,-0.019512195121951237
2024-01-19,203000,205000,198800,201500,6052,0.0024875621890547706
2024-01-22,201500,202500,196100,197800,8516,-0.018362282878411906
2024-01-23,198300,199800,196000,198500,6579,0.003538928210313541
2024-01-24,199500,199500,196800,197600,4378,-0.00453400503778334
2024-01-25,197800,201500,195100,201000,7005,0.0172064777327936
2024-01-26,201000,217000,201000,211000,11128,0.04975124378109452
2024-01-29,213000,215000,206000,207000,4845,-0.018957345971563955
2024-01-30,207000,212000,206000,208000,3855,0.004830917874396157
2024-01-31,209000,222500,208500,218000,7808,0.04807692307692313
2024-02-01,220000,227500,211000,222000,9916,0.0183486238532109
2024-02-02,223500,225000,207000,210000,16553,-0.05405405405405406
2024-02-05,212000,212000,204500,211000,11549,0.004761904761904745
2024-02-06,208500,211000,200000,205000,10359,-0.028436018957345932
2024-02-07,205000,210500,204500,208500,5927,0.017073170731707332
2024-02-08,208500,218000,207500,209500,6276,0.004796163069544335
2024-02-13,212000,214500,205500,208500,7426,-0.004773269689737458
2024-02-14,205500,207000,203000,204000,3899,-0.021582733812949617
2024-02-15,205000,212000,203000,207500,5466,0.017156862745097978
2024-02-16,211500,213000,205000,210000,3918,0.012048192771084265
2024-02-19,210000,216000,209000,213000,4843,0.014285714285714235
2024-02-20,213000,215000,206000,210500,6301,-0.011737089201877882
2024-02-21,210500,214000,207500,213500,4897,0.014251781472684133
2024-02-22,217500,226500,211500,225500,10552,0.0562060889929743
2024-02-23,225500,230000,220500,228000,7868,0.011086474501108556
2024-02-26,226500,236500,209000,218000,14648,-0.04385964912280704
2024-02-27,218000,220000,212000,219500,5594,0.006880733944954143
2024-02-28,219500,226000,216000,221000,4279,0.006833712984054774
2024-02-29,221000,223000,214000,214000,5367,-0.03167420814479638
2024-03-04,215500,219500,210500,216500,3806,0.011682242990654235
2024-03-05,217500,218000,211000,212000,2656,-0.020785219399538146
2024-03-06,212000,217000,210500,213500,3967,0.007075471698113178
2024-03-07,219000,231500,214500,222000,15312,0.03981264637002346
2024-03-08,223000,224500,215000,218000,9066,-0.018018018018018056
2024-03-11,217500,217500,206000,210000,12115,-0.03669724770642202
2024-03-12,210000,214000,208000,213500,2298,0.016666666666666607
2024-03-13,214000,214000,206500,210000,6981,-0.016393442622950838
2024-03-14,211000,212500,205000,205000,5616,-0.023809523809523836
2024-03-15,206000,215000,204000,205000,10940,0.0
2024-03-18,207000,223500,205000,219500,10775,0.07073170731707323
2024-03-19,220000,228000,219500,227500,8431,0.036446469248291535
2024-03-20,230500,234500,225500,234500,11639,0.03076923076923066
2024-03-21,230500,236000,223500,232500,6294,-0.008528784648187626
2024-03-22,231500,235500,227000,235000,6678,0.010752688172043001
2024-03-25,235000,239500,229500,230000,4881,-0.021276595744680882
2024-03-26,230500,237500,229000,234000,3899,0.017391304347825987
2024-03-27,240000,240500,232000,237500,5169,0.014957264957264904
2024-03-28,235000,238500,231500,231500,3469,-0.025263157894736876
2024-03-29,231500,234000,222000,222000,4142,-0.04103671706263501
2024-04-01,222000,227000,216500,223500,10408,0.006756756756756799
2024-04-02,224500,232500,224500,228000,5624,0.020134228187919545
2024-04-03,227000,231000,222500,222500,3589,-0.02412280701754388
2024-04-04,223500,232000,221000,221500,4671,-0.004494382022471877
2024-04-05,220000,226000,219000,219000,1988,-0.011286681715575675
2024-04-08,220500,231500,218500,231000,6721,0.0547945205479452
2024-04-09,230000,231000,225000,225500,3778,-0.023809523809523836
2024-04-11,223000,232500,223000,231000,6580,0.024390243902439046
2024-04-12,233500,233500,226000,226000,2053,-0.02164502164502169
2024-04-15,223000,227500,221000,225000,3302,-0.004424778761061954
2024-04-16,225000,228000,219000,223000,3927,-0.008888888888888835
2024-04-17,224500,224500,218000,220000,3487,-0.013452914798206317
2024-04-18,221000,221500,215500,216500,7421,-0.015909090909090873
2024-04-19,216000,217000,206000,212000,10668,-0.020785219399538146
2024-04-22,212500,216000,207500,213000,7442,0.004716981132075526
2024-04-23,215500,215500,212000,214000,2949,0.0046948356807512415
2024-04-24,214500,218500,213000,218500,3475,0.02102803738317749
2024-04-25,215500,225500,214500,222000,2216,0.016018306636155666
2024-04-26,220500,225500,219500,225500,4768,0.015765765765765716
2024-04-29,223500,230000,219500,230000,7642,0.019955654101995624
2024-04-30,230500,233500,228000,232000,6664,0.008695652173912993
2024-05-02,229000,232500,226000,232000,4590,0.0
2024-05-03,232500,235500,229000,235500,3885,0.015086206896551824
2024-05-07,235500,237000,232500,237000,3106,0.006369426751592355
2024-05-08,237000,237000,227000,227000,5047,-0.04219409282700426
2024-05-09,227000,227000,217000,224000,8175,-0.013215859030836996
2024-05-10,222500,225500,218000,218000,6985,-0.0267857142857143
2024-05-13,218500,223500,213000,223000,5534,0.022935779816513735
2024-05-14,223000,223000,216500,218000,7269,-0.022421524663677084
2024-05-16,220000,233000,218500,233000,8439,0.0688073394495412
2024-05-17,232000,232000,220500,220500,6221,-0.05364806866952787
2024-05-20,220000,224000,217500,224000,3504,0.015873015873015817
2024-05-21,222500,225500,218000,218500,6049,-0.024553571428571397
2024-05-22,220000,220000,212500,213000,8691,-0.02517162471395884
2024-05-23,213500,215500,210500,215000,4939,0.009389671361502261
2024-05-24,212000,220500,212000,220500,4256,0.0255813953488373
2024-05-27,221000,224000,217500,224000,7416,0.015873015873015817
2024-05-28,226000,226000,216000,216500,5770,-0.033482142857142905
2024-05-29,216500,216500,208500,212000,8325,-0.020785219399538146
2024-05-30,212000,212000,207000,207500,4929,-0.021226415094339646
2024-05-31,207500,212500,207500,211000,5495,0.01686746987951815
2024-06-03,210500,226500,210000,219500,13997,0.04028436018957349
2024-06-04,221000,221000,209000,209000,9821,-0.04783599088838264
2024-06-05,210500,214000,205500,210000,6616,0.004784688995215225
2024-06-07,208000,210000,203500,205000,10966,-0.023809523809523836
2024-06-10,204000,207500,200500,205500,4777,0.0024390243902439046
2024-06-11,207000,207000,200500,201000,7525,-0.021897810218978075
2024-06-12,201500,202500,195400,200500,11283,-0.0024875621890547706
2024-06-13,202000,208000,198200,201500,38230,0.004987531172069737
2024-06-14,201500,204500,196500,197400,13460,-0.02034739454094292
2024-06-17,196200,197400,189000,195600,10717,-0.00911854103343468
2024-06-18,197400,197400,193500,195300,3217,-0.0015337423312883347
2024-06-19,196800,201500,189600,200500,4454,0.026625704045058818
2024-06-20,200500,200500,196300,198000,7417,-0.012468827930174564
2024-06-21,197800,201500,195200,201500,6513,0.017676767676767735
2024-06-24,201500,202000,194000,194500,5721,-0.0347394540942928
2024-06-25,195600,196500,188200,190000,10932,-0.023136246786632397
2024-06-26,190000,190000,183300,184900,11733,-0.02684210526315789
2024-06-27,183100,192500,181500,189200,8397,0.023255813953488413
2024-06-28,187600,193900,185300,192200,7000,0.015856236786469413
2024-07-01,192000,193300,187500,192300,6736,0.0005202913631634498
2024-07-02,190300,190600,183500,183500,7503,-0.04576183047321891
2024-07-03,185600,191000,183300,191000,5025,0.04087193460490468
2024-07-04,191000,193500,187000,192700,3100,0.008900523560209317
2024-07-05,193900,196900,191900,196700,6007,0.020757654385054503
2024-07-08,194800,195900,189100,191000,4481,-0.028978139298423966
2024-07-09,192000,192000,185000,187500,8559,-0.01832460732984298
2024-07-10,187800,190800,186300,187200,3842,-0.0016000000000000458
2024-07-11,186800,189400,185400,189000,6086,0.009615384615384581
2024-07-12,189000,190200,185800,186300,4711,-0.014285714285714235
2024-07-15,186800,201000,186000,191400,15661,0.027375201288244666
2024-07-16,190900,200000,189800,190100,10740,-0.006792058516196464
2024-07-17,191600,198900,190200,196800,10519,0.035244608100999386
2024-07-18,198600,208500,195200,208500,27963,0.05945121951219523
2024-07-19,204000,206500,198900,199300,7057,-0.04412470023980819
2024-07-22,199600,203500,197800,200500,4712,0.006021073758153639
2024-07-23,202500,202500,194500,194500,4216,-0.029925187032418976
2024-07-24,193100,195900,187300,188000,7505,-0.033419023136246784
2024-07-25,188000,188000,181900,184500,7342,-0.018617021276595702
2024-07-26,184400,187900,183800,185300,3057,0.0043360433604335835
2024-07-29,186600,186600,181200,184800,4627,-0.002698327037236936
2024-07-30,182000,183000,181100,181100,3617,-0.02002164502164505
2024-07-31,182100,182100,177100,179300,8356,-0.00993926007730539
2024-08-01,178500,183500,178200,179900,5621,0.003346346904629094
2024-08-02,178200,179600,172600,172600,5546,-0.040578098943857666
2024-08-05,174000,195800,143100,174900,17654,0.01332560834298957
2024-08-06,175200,175200,161300,161300,14583,-0.07775871926815325
2024-08-07,158400,164800,157300,159200,10126,-0.013019218846869185
2024-08-08,156700,164600,155300,163800,7666,0.028894472361808976
2024-08-09,163900,166200,161200,164000,3619,0.0012210012210012167
2024-08-12,165600,169500,163000,168900,4791,0.02987804878048772
2024-08-13,167300,170600,167300,168500,3746,-0.002368265245707546
2024-08-14,168100,171500,167800,171100,3076,0.01543026706231454
2024-08-16,174200,175000,170800,172000,2879,0.005260081823495133
2024-08-19,171900,173600,167800,167800,2918,-0.024418604651162745
2024-08-20,169800,169900,166600,166800,2074,-0.005959475566150174
2024-08-21,167500,170800,165800,169900,3468,0.01858513189448452
2024-08-22,170000,171000,166000,166100,2909,-0.02236609770453213
2024-08-23,166000,166300,163900,165800,3781,-0.0018061408789885602
2024-08-26,165800,166500,163400,164500,3237,-0.007840772014475306
2024-08-27,165500,170800,165400,168700,4258,0.025531914893617058
2024-08-28,168600,168700,160500,165200,11622,-0.020746887966805017
2024-08-29,166800,168800,164600,167800,6513,0.0157384987893463
2024-08-30,167900,180000,167500,180000,12220,0.07270560190703224
2024-09-02,179900,179900,174500,176200,7697,-0.02111111111111108
2024-09-03,175100,183300,175100,182000,4341,0.03291713961407483
2024-09-04,183000,183000,174500,176000,7010,-0.03296703296703296
2024-09-05,178800,178800,170900,176500,3744,0.0028409090909091717
2024-09-06,178900,179800,172100,177500,3522,0.0056657223796034994
2024-09-09,173100,175700,170300,174700,4556,-0.015774647887323967
2024-09-10,172300,174500,166400,167400,6915,-0.041785918717801906
2024-09-11,165800,166900,163200,166900,4153,-0.0029868578255675127
2024-09-12,165800,175200,165400,174600,6845,0.046135410425404366
2024-09-13,174400,176400,169700,171900,6184,-0.015463917525773141
2024-09-19,177600,181000,174000,180000,6573,0.04712041884816753
2024-09-20,181100,187000,180200,187000,12951,0.03888888888888897
2024-09-23,188800,188800,181400,182200,4794,-0.025668449197860932
2024-09-24,184000,191500,183400,191300,5227,0.049945115257958195
2024-09-25,195700,195700,185000,185000,6426,-0.032932566649242045
2024-09-26,185500,191400,183800,188800,4024,0.020540540540540553
2024-09-27,190000,190000,180500,180500,3913,-0.04396186440677963
2024-09-30,183500,183500,174200,174200,4430,-0.03490304709141279
2024-10-02,174200,174900,170200,171200,4884,-0.01722158438576349
2024-10-04,172300,175400,170000,173700,3901,0.014602803738317682
2024-10-07,173000,176800,172200,173000,4026,-0.004029936672423684
2024-10-08,175200,176400,171100,173200,4151,0.0011560693641619046
2024-10-10,172200,174800,170200,171800,4699,-0.008083140877598205
2024-10-11,172900,174400,168800,168800,3568,-0.0174621653084982
2024-10-14,168800,171600,167400,168100,5187,-0.00414691943127965
2024-10-15,168200,168900,164100,166700,8076,-0.008328375966686452
2024-10-16,166000,167000,162500,162700,2716,-0.023995200959808005
2024-10-17,164000,165700,161900,163700,3976,0.006146281499692652
2024-10-18,166200,168500,163300,168000,3274,0.026267562614538775
2024-10-21,169000,169000,164000,164000,2237,-0.023809523809523836
2024-10-22,163100,165000,156500,159300,7865,-0.02865853658536588
2024-10-23,160000,162400,157100,162300,3425,0.01883239171374762
2024-10-24,162300,162900,158400,162900,3733,0.003696857670979714
2024-10-25,162000,162100,158100,158300,3461,-0.02823818293431557
2024-10-28,158300,162900,158300,162900,2516,0.029058749210360002
2024-10-29,161400,164200,159900,160000,1087,-0.017802332719459746
2024-10-30,161000,164000,157200,162900,4186,0.018124999999999947
2024-10-31,163300,171500,159200,170600,5442,0.04726826273787599
2024-11-01,170500,174100,166300,172700,4183,0.01230949589683461
2024-11-04,171100,178200,169900,178200,5147,0.031847133757961776
2024-11-05,176500,180000,173800,175100,4758,-0.017396184062850706
2024-11-06,173500,184200,171700,182400,7695,0.04169046259280407
2024-11-07,182400,187800,180400,185600,6971,0.01754385964912286
2024-11-08,187200,189300,184100,189300,5521,0.0199353448275863
2024-11-11,188000,193700,187000,192200,9565,0.015319598520866284
2024-11-12,189900,189900,178500,178500,8436,-0.07127991675338186
2024-11-13,179000,183300,174000,180800,7296,0.012885154061624604
2024-11-14,179400,182800,170700,172600,7805,-0.04535398230088494
2024-11-15,175200,175200,161600,162100,8135,-0.06083429895712633
2024-11-18,160200,167600,157900,164500,6790,0.014805675508945182
2024-11-19,162900,169200,160900,169200,4876,0.02857142857142847
2024-11-20,167500,172000,164200,172000,5793,0.016548463356973908
2024-11-21,172400,177000,167500,172000,4181,0.0
2024-11-22,174700,177600,170500,174800,4340,0.016279069767441756
2024-11-25,178000,178800,167600,169200,8518,-0.03203661327231122
2024-11-26,166600,173100,162900,173000,6519,0.022458628841607542
2024-11-27,171400,175800,169300,173000,2937,0.0
2024-11-28,172900,175800,172800,174800,2990,0.010404624277456698
2024-11-29,176500,176500,167500,171500,3468,-0.018878718535469075
2024-12-02,173200,175500,171200,174800,3764,0.019241982507288702
2024-12-03,177200,190000,176400,181200,12508,0.03661327231121292
2024-12-04,179600,181200,173000,175600,7596,-0.030905077262693204
2024-12-05,174000,177500,173000,173800,2988,-0.01025056947608205
2024-12-06,176000,176200,168400,170400,5439,-0.019562715765247374
2024-12-09,170400,171600,162300,162300,4492,-0.047535211267605626
2024-12-10,164000,187000,164000,182000,13052,0.1213801601971658
2024-12-11,179500,186300,179500,183100,6130,0.0060439560439560225
2024-12-12,185400,196000,181100,191400,11504,0.045330420535226734
2024-12-13,185600,192900,183600,183600,5097,-0.040752351097178674
2024-12-16,183100,185900,178500,179600,4241,-0.02178649237472763
2024-12-17,180500,183800,176200,179200,4763,-0.00222717149220486
2024-12-18,180800,180800,174600,176600,4461,-0.014508928571428603
2024-12-19,176100,180000,173200,180000,3524,0.01925254813137034
2024-12-20,177100,181000,176200,181000,4115,0.005555555555555536
2024-12-23,180900,182800,176600,181000,3584,0.0
2024-12-24,179300,183800,179100,179500,1640,-0.008287292817679592
2024-12-26,178300,182800,178300,180200,2822,0.003899721448467952
2024-12-27,179100,182200,178400,178600,1647,-0.008879023307436174
2024-12-30,182100,182100,175600,180500,3074,0.010638297872340496
2025-01-02,180500,182500,177100,177100,2358,-0.018836565096952862
2025-01-03,177800,181200,176600,178000,3123,0.005081874647091977
2025-01-06,176700,182500,176500,182500,3791,0.02528089887640439
2025-01-07,180800,184900,180800,184500,1790,0.010958904109588996
2025-01-08,182700,186800,182300,184500,5381,0.0
2025-01-09,182700,192800,182700,188000,9156,0.01897018970189701
2025-01-10,186300,192300,186300,187000,4520,-0.005319148936170248
2025-01-13,185700,190800,185200,189700,4401,0.01443850267379676
2025-01-14,189900,193000,186300,186300,5627,-0.017923036373220902
2025-01-15,187000,189800,184000,184000,5480,-0.012345679012345734
2025-01-16,184500,185600,179900,182800,6151,-0.006521739130434745
2025-01-17,184000,207500,183500,203000,27126,0.11050328227571127
2025-01-20,206500,220000,206500,217500,29704,0.0714285714285714
2025-01-21,218500,230000,216000,223000,23271,0.025287356321838983
2025-01-22,224000,227000,210000,212000,19492,-0.04932735426008972
2025-01-23,213500,214000,206500,209000,5322,-0.014150943396226467
2025-01-24,208500,221000,206000,213500,12349,0.021531100478468845
2025-01-31,215000,223500,205000,205000,4715,-0.03981264637002346
2025-02-03,205500,218000,205000,209000,12522,0.019512195121951237
2025-02-04,217000,225500,212000,221500,10746,0.05980861244019131
2025-02-05,221000,221500,214000,218000,6902,-0.015801354401805856
2025-02-06,215000,219500,209000,217500,7645,-0.002293577981651418
2025-02-07,215500,217500,210500,213500,3483,-0.01839080459770115
2025-02-10,213500,219000,211000,211000,6100,-0.011709601873536313
2025-02-11,211500,218000,206500,210000,10113,-0.004739336492891044
2025-02-12,209500,210500,201000,206000,8840,-0.01904761904761909
2025-02-13,203000,213000,197100,213000,7664,0.03398058252427183
2025-02-14,211500,219500,209000,217000,7052,0.018779342723004744
2025-02-17,217000,222500,210500,220500,9177,0.016129032258064502
2025-02-18,218500,221500,214000,217500,4516,-0.013605442176870763
2025-02-19,214500,222500,214500,219000,7257,0.006896551724137945
2025-02-20,219000,235500,217000,230000,24651,0.05022831050228316
2025-02-21,230000,251000,221500,226500,20588,-0.01521739130434785
2025-02-24,223500,228000,219500,227000,7146,0.002207505518763808
2025-02-25,225000,246000,223500,238500,10481,0.05066079295154191
2025-02-26,238500,248500,238000,243500,12208,0.020964360587002018
2025-02-27,240500,242000,228500,232000,9788,-0.047227926078028726
2025-02-28,228000,241500,226000,235000,19453,0.012931034482758674
2025-03-04,232500,258500,225500,253500,24566,0.0787234042553191
2025-03-05,252500,277500,243000,253500,55322,0.0
2025-03-06,257000,292500,256500,270000,93257,0.06508875739644981
2025-03-07,263000,276000,256000,273000,30321,0.011111111111111072
2025-03-10,273000,281500,258000,268500,26270,-0.016483516483516536
2025-03-11,260000,274000,260000,265000,18982,-0.013035381750465591
2025-03-12,279500,289500,271500,278000,63010,0.049056603773584895
2025-03-13,278000,291000,266000,277500,30809,-0.0017985611510791255
2025-03-14,277000,284000,261500,268000,38388,-0.03423423423423422
2025-03-17,267500,274500,260500,268000,16240,0.0
2025-03-18,268000,270000,260500,260500,10481,-0.027985074626865725
2025-03-19,257500,261000,250000,256500,21241,-0.015355086372360827
2025-03-20,256500,263000,251000,256500,13051,0.0
2025-03-21,254500,257000,245000,257000,24177,0.0019493177387914784
2025-03-24,254500,256500,247000,250000,11869,-0.027237354085603127
2025-03-25,250000,254000,231500,234000,22827,-0.06399999999999995
2025-03-26,233500,247500,231000,243500,16608,0.040598290598290676
2025-03-27,243500,245500,232500,239000,9214,-0.01848049281314168
2025-03-28,235000,238000,228000,232000,14793,-0.029288702928870314
2025-03-31,225500,239000,223000,238500,12408,0.028017241379310276
2025-04-01,238500,243500,230500,233500,10652,-0.02096436058700213
2025-04-02,233000,238000,229000,229500,7105,-0.017130620985010725
2025-04-03,219000,240000,219000,228000,13485,-0.006535947712418277
2025-04-04,228000,228000,217500,225500,8387,-0.010964912280701733
2025-04-07,212500,220500,204000,207000,12327,-0.08203991130820398
2025-04-08,209000,212500,202500,204500,12506,-0.012077294685990392
2025-04-09,217000,224500,210500,219000,32766,0.07090464547677255
2025-04-10,222500,234000,218000,228500,17185,0.04337899543378998
2025-04-11,223000,229000,221500,226000,7508,-0.01094091903719907
2025-04-14,224000,229500,224000,226500,10183,0.0022123893805310324
2025-04-15,235500,241500,227000,230500,20148,0.017660044150110465
2025-04-16,228500,231000,224500,228500,8703,-0.008676789587852451
2025-04-17,230500,231000,219500,228500,16319,0.0
2025-04-18,231000,236000,225500,232500,4910,0.017505470459518557
2025-04-21,232000,233000,227500,233000,4441,0.0021505376344086446
2025-04-22,232500,239500,227500,233500,7026,0.0021459227467810482
