Date,Open,High,Low,Close,Volume,Change
2022-01-03,1995,2065,1955,2065,660003,0.04030226700251882
2022-01-04,2080,2195,2020,2090,2532838,0.012106537530266248
2022-01-05,2115,2170,1980,2020,915203,-0.03349282296650713
2022-01-06,1970,1995,1925,1925,392110,-0.04702970297029707
2022-01-07,1925,2295,1850,2200,6602404,0.1428571428571428
2022-01-10,2490,2730,2300,2415,20742786,0.09772727272727266
2022-01-11,2565,2600,2310,2400,5756509,-0.006211180124223614
2022-01-12,2500,2500,2220,2345,2825857,-0.022916666666666696
2022-01-13,2330,2375,2225,2305,1617584,-0.017057569296375252
2022-01-14,2240,2300,2215,2255,830678,-0.021691973969631184
2022-01-17,2235,2235,2120,2140,960704,-0.0509977827050998
2022-01-18,2140,2215,2040,2050,1141917,-0.04205607476635509
2022-01-19,2020,2065,1960,2000,833059,-0.024390243902439046
2022-01-20,1990,2030,1950,2025,549942,0.012499999999999956
2022-01-21,2025,2025,1950,1970,405220,-0.02716049382716046
2022-01-24,1915,1955,1855,1880,530637,-0.045685279187817285
2022-01-25,1880,1910,1765,1830,625838,-0.02659574468085102
2022-01-26,1805,1870,1795,1835,343860,0.002732240437158362
2022-01-27,1860,1860,1680,1695,667450,-0.07629427792915533
2022-01-28,1700,1780,1650,1760,444250,0.03834808259587019
2022-02-03,1790,1835,1780,1815,369809,0.03125
2022-02-04,1815,1900,1785,1890,534112,0.04132231404958686
2022-02-07,1890,1915,1840,1880,316010,-0.005291005291005346
2022-02-08,1890,1975,1840,1900,502299,0.010638297872340496
2022-02-09,1910,1930,1860,1910,210896,0.0052631578947368585
2022-02-10,1925,1930,1870,1885,175200,-0.01308900523560208
2022-02-11,1875,1875,1830,1835,163617,-0.02652519893899208
2022-02-14,1780,1800,1720,1765,232794,-0.038147138964577665
2022-02-15,1765,1780,1685,1710,277283,-0.031161473087818692
2022-02-16,1725,1840,1725,1815,311937,0.06140350877192979
2022-02-17,1830,1845,1725,1795,179097,-0.011019283746556474
2022-02-18,1795,1835,1760,1835,108877,0.022284122562674202
2022-02-21,1830,1855,1770,1835,106873,0.0
2022-02-22,1835,1835,1770,1780,231799,-0.02997275204359673
2022-02-23,1780,1860,1775,1825,227524,0.02528089887640439
2022-02-24,1820,1825,1700,1705,370737,-0.0657534246575342
2022-02-25,1725,1880,1725,1825,553925,0.07038123167155419
2022-02-28,1840,1865,1800,1830,283704,0.00273972602739736
2022-03-02,1830,1865,1810,1860,177816,0.016393442622950838
2022-03-03,1860,1860,1820,1825,186610,-0.018817204301075252
2022-03-04,1835,1845,1800,1815,160715,-0.005479452054794498
2022-03-07,1805,1840,1735,1815,215716,0.0
2022-03-08,1755,1780,1730,1735,193185,-0.0440771349862259
2022-03-10,1750,1800,1750,1765,150868,0.01729106628242083
2022-03-11,1790,1790,1750,1785,111564,0.011331444759206777
2022-03-14,1785,1845,1770,1780,169416,-0.0028011204481792618
2022-03-15,1770,1790,1720,1760,207888,-0.011235955056179803
2022-03-16,1775,1790,1740,1780,137297,0.011363636363636465
2022-03-17,1850,1925,1800,1820,1284024,0.022471910112359605
2022-03-18,1835,1980,1815,1980,1696307,0.08791208791208782
2022-03-21,2015,2020,1900,1900,787259,-0.04040404040404044
2022-03-22,1900,1925,1870,1895,275471,-0.0026315789473684292
2022-03-23,1895,1895,1855,1880,402693,-0.0079155672823219
2022-03-24,1855,1905,1840,1905,300515,0.013297872340425565
2022-03-25,1925,2060,1890,1990,1912305,0.044619422572178546
2022-03-28,1990,2100,1945,1995,1267783,0.002512562814070307
2022-03-29,1995,2020,1925,1960,475149,-0.01754385964912286
2022-03-30,1965,1975,1920,1950,254667,-0.005102040816326481
2022-03-31,1945,2015,1945,1980,238186,0.01538461538461533
2022-04-01,1980,1985,1935,1960,146932,-0.010101010101010055
2022-04-04,1960,1980,1925,1955,230507,-0.0025510204081632404
2022-04-05,1975,2025,1965,2005,313860,0.025575447570332477
2022-04-06,2000,2000,1935,1940,255731,-0.032418952618453845
2022-04-07,1910,1915,1855,1870,296701,-0.03608247422680411
2022-04-08,1855,1885,1805,1860,275245,-0.005347593582887722
2022-04-11,1845,1990,1845,1955,497172,0.051075268817204256
2022-04-12,1890,1900,1790,1825,412802,-0.06649616368286448
2022-04-13,1835,1855,1800,1845,141732,0.010958904109588996
2022-04-14,1855,1875,1815,1835,146262,-0.005420054200542035
2022-04-15,1815,1835,1810,1820,89137,-0.008174386920980936
2022-04-18,1820,1835,1805,1805,74861,-0.008241758241758212
2022-04-19,1810,1835,1810,1820,90356,0.008310249307479145
2022-04-20,1825,1875,1825,1865,105244,0.024725274725274637
2022-04-21,1870,1875,1825,1825,130036,-0.02144772117962468
2022-04-22,1845,1935,1835,1845,462073,0.010958904109588996
2022-04-25,1790,1930,1780,1880,582374,0.01897018970189701
2022-04-26,1895,1965,1875,1915,546413,0.018617021276595702
2022-04-27,1850,1915,1845,1915,212509,0.0
2022-04-28,1915,1915,1865,1875,153610,-0.02088772845953002
2022-04-29,1865,2195,1865,1990,6241304,0.06133333333333324
2022-05-02,1980,2140,1970,2085,2672332,0.047738693467336724
2022-05-03,2085,2200,2060,2110,2323153,0.011990407673860837
2022-05-04,2125,2175,2065,2110,1288615,0.0
2022-05-06,2080,2145,2025,2090,490435,-0.009478672985781977
2022-05-09,2100,2235,1990,2170,2325644,0.038277511961722466
2022-05-10,2100,2105,1995,2055,806608,-0.05299539170506917
2022-05-11,2050,2075,1990,1990,423629,-0.031630170316301665
2022-05-12,1965,2020,1900,1940,482604,-0.025125628140703515
2022-05-13,1980,1990,1935,1965,176817,0.012886597938144284
2022-05-16,1995,2060,1950,2045,496179,0.040712468193384144
2022-05-17,2065,2100,2040,2050,270858,0.0024449877750611915
2022-05-18,2085,2130,2055,2060,537762,0.004878048780487809
2022-05-19,2005,2145,2000,2130,627605,0.03398058252427183
2022-05-20,2110,2125,2065,2080,392080,-0.023474178403755874
2022-05-23,2090,2135,2035,2105,485540,0.012019230769230838
2022-05-24,2095,2200,2020,2020,943817,-0.040380047505938266
2022-05-25,2025,2080,1960,2055,309678,0.017326732673267342
2022-05-26,2055,2080,2015,2030,175814,-0.012165450121654486
2022-05-27,2025,2340,2025,2160,11964236,0.0640394088669951
2022-05-30,2160,2245,2155,2210,1216436,0.02314814814814814
2022-05-31,2225,2235,2175,2175,449727,-0.015837104072398245
2022-06-02,2190,2310,2130,2285,1911219,0.05057471264367819
2022-06-03,2305,2430,2240,2420,3441219,0.05908096280087527
2022-06-07,2480,2650,2420,2535,5544457,0.04752066115702469
2022-06-08,2575,2630,2470,2520,2885250,-0.00591715976331364
2022-06-09,2540,2565,2435,2480,1168123,-0.015873015873015928
2022-06-10,2480,3155,2370,2970,20796316,0.19758064516129026
2022-06-13,3100,3575,2910,3260,20906833,0.09764309764309775
2022-06-14,3170,3320,3035,3180,4671951,-0.024539877300613466
2022-06-15,3040,3130,2810,2910,4276227,-0.08490566037735847
2022-06-16,2960,3020,2820,2870,2521077,-0.013745704467353903
2022-06-17,2775,2975,2650,2975,4079898,0.03658536585365857
2022-06-20,2905,3040,2750,3035,3172914,0.020168067226890685
2022-06-21,2990,3100,2905,3030,2747894,-0.0016474464579900872
2022-06-22,3075,3160,2850,2975,3417607,-0.018151815181518205
2022-06-23,2930,3000,2685,2735,2351180,-0.08067226890756307
2022-06-24,2790,2900,2740,2800,1444530,0.02376599634369292
2022-06-27,2870,3100,2850,3085,3453381,0.10178571428571437
2022-06-28,3120,3170,3020,3130,3636636,0.014586709886547755
2022-06-29,3040,3060,2915,2990,1778662,-0.04472843450479236
2022-06-30,3000,3120,2935,2950,2184481,-0.013377926421404673
2022-07-01,2935,3100,2820,2960,3163376,0.003389830508474523
2022-07-04,3030,3080,2515,2645,3278733,-0.10641891891891897
2022-07-05,2645,2740,2555,2670,2340911,0.00945179584120992
2022-07-06,2680,2680,2480,2540,1906828,-0.048689138576779034
2022-07-07,2550,2610,2505,2600,996916,0.023622047244094446
2022-07-08,2615,2670,2590,2595,993497,-0.0019230769230769162
2022-07-11,2595,2690,2560,2600,836562,0.0019267822736031004
2022-07-12,2560,2565,2400,2480,1246689,-0.0461538461538461
2022-07-13,2455,2495,2370,2445,1002290,-0.014112903225806495
2022-07-14,2420,2455,2325,2345,881278,-0.04089979550102252
2022-07-15,2365,2385,2240,2335,1017165,-0.004264392324093813
2022-07-18,2340,2430,2315,2430,804343,0.04068522483940051
2022-07-19,2345,2410,2335,2360,572029,-0.028806584362139898
2022-07-20,2390,2515,2365,2450,1596473,0.03813559322033888
2022-07-21,2465,2550,2430,2475,979051,0.010204081632652962
2022-07-22,2485,2495,2400,2400,569747,-0.030303030303030276
2022-07-25,2400,2400,2330,2350,552734,-0.02083333333333337
2022-07-26,2320,2390,2315,2350,400320,0.0
2022-07-27,2345,2370,2320,2350,406275,0.0
2022-07-28,2370,2455,2365,2435,691919,0.036170212765957555
2022-07-29,2450,2500,2400,2500,779147,0.026694045174537884
2022-08-01,2535,2595,2490,2530,1064884,0.01200000000000001
2022-08-02,2570,2745,2540,2640,5331079,0.04347826086956519
2022-08-03,2645,2690,2600,2640,1221882,0.0
2022-08-04,2675,2685,2580,2610,617042,-0.011363636363636354
2022-08-05,2615,2620,2525,2560,816843,-0.019157088122605415
2022-08-08,2575,2650,2570,2595,673504,0.013671875
2022-08-09,2610,2840,2540,2740,4219973,0.05587668593448947
2022-08-10,2740,2765,2660,2675,1268015,-0.02372262773722633
2022-08-11,2710,2745,2645,2690,1021281,0.005607476635514086
2022-08-12,2685,2840,2665,2775,2348738,0.03159851301115246
2022-08-16,2830,2890,2745,2755,1532189,-0.007207207207207245
2022-08-17,2610,2690,2560,2600,1767168,-0.056261343012704135
2022-08-18,2640,2700,2570,2620,2218750,0.007692307692307665
2022-08-19,2620,2620,2445,2455,1171897,-0.06297709923664119
2022-08-22,2380,2425,2335,2395,617420,-0.024439918533604943
2022-08-23,2315,2380,2300,2360,938373,-0.014613778705636737
2022-08-24,2410,2410,2285,2300,800590,-0.025423728813559365
2022-08-25,2335,2360,2300,2310,550905,0.004347826086956497
2022-08-26,2330,2340,2260,2310,689349,0.0
2022-08-29,2180,2210,2150,2160,757507,-0.06493506493506496
2022-08-30,2155,2195,2145,2185,612363,0.011574074074074181
2022-08-31,2185,2215,2120,2215,701829,0.013729977116704761
2022-09-01,2185,2190,2100,2115,652294,-0.04514672686230248
2022-09-02,2110,2140,2050,2085,650619,-0.014184397163120588
2022-09-05,2080,2095,2020,2040,501392,-0.021582733812949617
2022-09-06,2040,2100,2040,2095,389224,0.026960784313725394
2022-09-07,2075,2095,1995,1995,456031,-0.04773269689737469
2022-09-08,2005,2060,2005,2040,355830,0.022556390977443552
2022-09-13,2095,2160,2050,2125,645589,0.04166666666666674
2022-09-14,2025,2145,2025,2130,439793,0.0023529411764706687
2022-09-15,2150,2150,2095,2100,318219,-0.014084507042253502
2022-09-16,2070,2140,2035,2055,421402,-0.021428571428571463
2022-09-19,2065,2065,1960,1980,470403,-0.03649635036496346
2022-09-20,1985,2210,1985,2200,1572711,0.11111111111111116
2022-09-21,2170,2195,2105,2120,623663,-0.036363636363636376
2022-09-22,2060,2070,1980,2055,527190,-0.030660377358490587
2022-09-23,2055,2055,1970,1995,387614,-0.029197080291970767
2022-09-26,1970,1970,1805,1835,626483,-0.08020050125313283
2022-09-27,1805,1865,1735,1820,584624,-0.008174386920980936
2022-09-28,1820,1850,1665,1730,660283,-0.0494505494505495
2022-09-29,1765,1825,1735,1735,440407,0.0028901734104045396
2022-09-30,1690,1750,1670,1735,361452,0.0
2022-10-04,1755,1800,1755,1795,189541,0.03458213256484144
2022-10-05,1835,1840,1730,1735,263313,-0.03342618384401119
2022-10-06,1750,1860,1750,1800,360102,0.03746397694524495
2022-10-07,1820,1855,1795,1820,258893,0.011111111111111072
2022-10-11,1765,1765,1665,1690,426452,-0.0714285714285714
2022-10-12,1690,1715,1650,1695,209313,0.002958579881656709
2022-10-13,1670,1690,1565,1565,364393,-0.07669616519174038
2022-10-14,1610,1670,1610,1650,198027,0.054313099041533475
2022-10-17,1600,1695,1595,1675,176451,0.015151515151515138
2022-10-18,1700,1740,1690,1730,160513,0.032835820895522394
2022-10-19,1730,1760,1685,1695,180428,-0.020231213872832332
2022-10-20,1690,1725,1665,1675,130407,-0.01179941002949858
2022-10-21,1655,1715,1620,1640,201976,-0.020895522388059695
2022-10-24,1690,1710,1665,1680,157216,0.024390243902439046
2022-10-25,1705,1715,1650,1660,147456,-0.011904761904761862
2022-10-26,1665,1675,1610,1625,242055,-0.02108433734939763
2022-10-27,1615,1655,1615,1640,175406,0.009230769230769154
2022-10-28,1610,1650,1600,1605,142337,-0.021341463414634165
2022-10-31,1635,1635,1600,1610,93744,0.0031152647975076775
2022-11-01,1605,1700,1600,1685,228871,0.04658385093167694
2022-11-02,1680,1680,1630,1655,165511,-0.017804154302670572
2022-11-03,1605,1680,1595,1680,145317,0.015105740181268867
2022-11-04,1680,1680,1630,1665,126013,-0.008928571428571397
2022-11-07,1670,1745,1645,1710,270746,0.027027027027026973
2022-11-08,1715,1730,1700,1710,155911,0.0
2022-11-09,1725,1735,1685,1690,160896,-0.011695906432748537
2022-11-10,1675,1705,1635,1690,130927,0.0
2022-11-11,1730,1745,1715,1720,229580,0.01775147928994092
2022-11-14,1720,1810,1720,1775,733190,0.03197674418604657
2022-11-15,2035,2040,1845,1870,3192862,0.05352112676056331
2022-11-16,1890,1935,1850,1900,714582,0.016042780748663166
2022-11-17,1885,1945,1865,1875,490422,-0.013157894736842146
2022-11-18,1900,1990,1875,1895,1082805,0.010666666666666602
2022-11-21,1920,1920,1860,1890,284562,-0.0026385224274406704
2022-11-22,1855,1905,1850,1875,225400,-0.007936507936507908
2022-11-23,1880,1915,1870,1880,185507,0.002666666666666595
2022-11-24,1895,1920,1850,1915,363082,0.018617021276595702
2022-11-25,1910,1915,1875,1885,201933,-0.015665796344647487
2022-11-28,1885,1885,1810,1825,297971,-0.03183023872679047
2022-11-29,1795,1860,1795,1860,117277,0.019178082191780854
2022-11-30,1855,1880,1830,1870,153426,0.005376344086021501
2022-12-01,1915,1925,1875,1915,326184,0.02406417112299475
2022-12-02,1885,1940,1885,1900,233951,-0.007832898172323799
2022-12-05,1905,1925,1880,1910,189891,0.0052631578947368585
2022-12-06,1875,1900,1835,1845,208056,-0.03403141361256545
2022-12-07,1840,1840,1790,1810,214012,-0.01897018970189701
2022-12-08,1795,1810,1700,1790,255068,-0.011049723756906049
2022-12-09,1795,1810,1760,1765,113501,-0.013966480446927387
2022-12-12,1780,1795,1755,1785,93562,0.011331444759206777
2022-12-13,1775,1815,1755,1775,143659,-0.0056022408963585235
2022-12-14,1785,1835,1775,1830,154542,0.030985915492957705
2022-12-15,1835,1845,1800,1805,105295,-0.013661202185792365
2022-12-16,1765,1815,1760,1780,120834,-0.013850415512465353
2022-12-19,1760,1795,1735,1775,173115,-0.002808988764044895
2022-12-20,1770,1775,1715,1740,133429,-0.019718309859154903
2022-12-21,1735,1750,1700,1725,146750,-0.008620689655172376
2022-12-22,1725,1765,1720,1720,189655,-0.0028985507246376274
2022-12-23,1710,1710,1615,1660,400403,-0.03488372093023251
2022-12-26,1650,1675,1610,1670,233629,0.006024096385542244
2022-12-27,1665,1800,1645,1705,1055941,0.020958083832335328
2022-12-28,1795,1845,1715,1790,1516344,0.04985337243401755
2022-12-29,1785,1785,1700,1740,420160,-0.027932960893854775
2023-01-02,1740,1745,1625,1660,323181,-0.04597701149425293
2023-01-03,1650,1710,1615,1670,222403,0.006024096385542244
2023-01-04,1655,1800,1650,1790,595225,0.0718562874251496
2023-01-05,1775,1790,1730,1730,218338,-0.03351955307262566
2023-01-06,1735,1785,1705,1760,183001,0.01734104046242768
2023-01-09,1795,1905,1780,1880,1055126,0.06818181818181812
2023-01-10,1880,1960,1855,1930,1273236,0.02659574468085113
2023-01-11,1965,1970,1890,1910,601252,-0.010362694300518172
2023-01-12,1910,1910,1850,1865,406390,-0.023560209424083767
2023-01-13,1875,1910,1840,1875,263900,0.00536193029490617
2023-01-16,1920,1925,1875,1885,361919,0.005333333333333412
2023-01-17,1890,2035,1865,2000,2635451,0.0610079575596818
2023-01-18,2030,2115,1970,2080,2965738,0.040000000000000036
2023-01-19,2045,2080,1990,2000,987434,-0.038461538461538436
2023-01-20,2010,2150,1955,2115,2009634,0.05750000000000011
2023-01-25,2140,2145,2070,2115,1032152,0.0
2023-01-26,2140,2150,1982,1999,1355628,-0.054846335697399495
2023-01-27,2005,2040,1986,2030,419960,0.015507753876938368
2023-01-30,2040,2045,1959,1975,596827,-0.027093596059113323
2023-01-31,1975,2020,1949,1985,616321,0.005063291139240533
2023-02-01,2000,2020,1958,1966,535217,-0.009571788413098248
2023-02-02,1980,1996,1960,1964,319705,-0.0010172939979654627
2023-02-03,1966,1972,1900,1910,467572,-0.027494908350305547
2023-02-06,1909,1928,1872,1900,315690,-0.005235602094240788
2023-02-07,1900,1910,1861,1876,602382,-0.012631578947368438
2023-02-08,1882,1925,1878,1925,447846,0.026119402985074647
2023-02-09,1913,2045,1886,2010,979686,0.04415584415584406
2023-02-10,2050,2420,2020,2420,13623199,0.20398009950248763
2023-02-13,2525,2525,2155,2240,4394662,-0.07438016528925617
2023-02-14,2235,2250,2170,2180,1363327,-0.0267857142857143
2023-02-15,2205,2245,2070,2080,1504918,-0.04587155963302747
2023-02-16,2085,2195,2055,2165,2360630,0.04086538461538458
2023-02-17,2145,2230,2065,2105,1285548,-0.02771362586605086
2023-02-20,2125,2235,2125,2225,1403435,0.05700712589073631
2023-02-21,2225,2225,2145,2160,728972,-0.02921348314606742
2023-02-22,2070,2120,1997,2020,1557501,-0.06481481481481477
2023-02-23,2020,2150,1999,2115,2083328,0.04702970297029707
2023-02-24,2135,2150,2045,2115,1062366,0.0
2023-02-27,2095,2245,2070,2185,2213893,0.03309692671394804
2023-02-28,2250,2265,2180,2195,1272320,0.004576659038901587
2023-03-02,2225,2240,2125,2205,1888881,0.004555808656036442
2023-03-03,2250,2370,2205,2350,5279933,0.06575963718820854
2023-03-06,2480,2485,2320,2320,4598490,-0.012765957446808529
2023-03-07,2285,2315,2205,2230,1576897,-0.03879310344827591
2023-03-08,2205,2280,2205,2230,760857,0.0
2023-03-09,2240,2325,2215,2275,1266121,0.020179372197309364
2023-03-10,2225,2435,2205,2320,4067945,0.01978021978021971
2023-03-13,2275,2290,2120,2235,1415987,-0.03663793103448276
2023-03-14,2225,2225,2040,2075,1159366,-0.07158836689038028
2023-03-15,2115,2155,2085,2125,856194,0.024096385542168752
2023-03-16,2125,2335,2065,2335,4827102,0.09882352941176475
2023-03-17,2350,2570,2305,2430,7140378,0.04068522483940051
2023-03-20,2420,2450,2335,2390,1678349,-0.016460905349794275
2023-03-21,2420,2425,2310,2320,1332216,-0.029288702928870314
2023-03-22,2350,2480,2330,2480,2892189,0.06896551724137923
2023-03-23,2430,2465,2295,2345,4387968,-0.05443548387096775
2023-03-24,2385,2405,2225,2355,3260215,0.004264392324093924
2023-03-27,2370,2390,2280,2315,712278,-0.01698513800424628
2023-03-28,2280,2280,2185,2230,1671973,-0.036717062634989195
2023-03-29,2220,2300,2180,2300,1196782,0.03139013452914807
2023-03-30,2300,2385,2265,2375,1418868,0.032608695652173836
2023-03-31,2375,2390,2260,2300,1212310,-0.03157894736842104
2023-04-03,2360,2555,2295,2555,7772394,0.11086956521739122
2023-04-04,2530,2780,2480,2655,8003854,0.03913894324853229
2023-04-05,2610,2670,2510,2580,2215952,-0.02824858757062143
2023-04-06,2515,2545,2410,2440,1979948,-0.054263565891472854
2023-04-07,2445,2525,2400,2495,1346950,0.02254098360655732
2023-04-10,2490,2550,2375,2405,1455856,-0.03607214428857719
2023-04-11,2420,2510,2365,2475,1216772,0.029106029106028997
2023-04-12,2475,2675,2445,2585,3439193,0.04444444444444451
2023-04-13,2530,2610,2470,2550,1242727,-0.013539651837524147
2023-04-14,2575,2575,2445,2450,1842509,-0.039215686274509776
2023-04-17,2450,2475,2385,2460,1183089,0.004081632653061273
2023-04-18,2475,2635,2395,2615,2768501,0.0630081300813008
2023-04-19,2600,2665,2555,2605,1742870,-0.003824091778202643
2023-04-20,2600,2615,2485,2520,1151571,-0.03262955854126681
2023-04-21,2520,2565,2440,2520,981088,0.0
2023-04-24,2500,2510,2380,2420,875880,-0.03968253968253965
2023-04-25,2420,2435,2270,2345,1150024,-0.030991735537190035
2023-04-26,2350,2375,2260,2265,720036,-0.034115138592750505
2023-04-27,2265,2390,2230,2375,713986,0.04856512141280356
2023-04-28,2395,2405,2295,2310,544386,-0.027368421052631597
2023-05-02,2300,2380,2260,2350,430246,0.017316017316017396
2023-05-03,2345,2365,2295,2295,392122,-0.023404255319148914
2023-05-04,2290,2315,2205,2260,581532,-0.015250544662309351
2023-05-08,2290,2315,2200,2235,449910,-0.011061946902654829
2023-05-09,2240,2250,2150,2165,659656,-0.031319910514541416
2023-05-10,2155,2315,2145,2290,692807,0.05773672055427248
2023-05-11,2295,2380,2245,2320,1072492,0.013100436681222627
2023-05-12,2320,2445,2290,2430,858265,0.047413793103448176
2023-05-15,2460,2510,2375,2460,1009044,0.012345679012345734
2023-05-16,2470,2530,2405,2505,1026961,0.018292682926829285
2023-05-17,2510,2525,2470,2505,667409,0.0
2023-05-18,2525,2610,2515,2570,1154601,0.02594810379241519
2023-05-19,2570,2620,2525,2575,776185,0.0019455252918287869
2023-05-22,2580,2600,2525,2540,388479,-0.013592233009708687
2023-05-23,2550,2570,2480,2500,534964,-0.015748031496062964
2023-05-24,2500,2510,2435,2445,440571,-0.02200000000000002
2023-05-25,2470,2515,2420,2455,395946,0.004089979550102152
2023-05-26,2460,2470,2410,2435,331398,-0.008146639511201648
2023-05-30,2450,2540,2435,2515,456035,0.03285420944558526
2023-05-31,2515,2545,2465,2490,412227,-0.00994035785288272
2023-06-01,2475,2510,2450,2485,271967,-0.002008032128514081
2023-06-02,2475,2570,2465,2495,545759,0.004024144869215318
2023-06-05,2505,2520,2325,2400,1563052,-0.038076152304609256
2023-06-07,2400,2420,2355,2400,368041,0.0
2023-06-08,2380,2380,2335,2355,373848,-0.018750000000000044
2023-06-09,2360,2410,2355,2355,308068,0.0
2023-06-12,2390,2515,2355,2490,1240816,0.0573248407643312
2023-06-13,2485,2490,2415,2440,576367,-0.02008032128514059
2023-06-14,2450,2455,2335,2360,651845,-0.032786885245901676
2023-06-15,2360,2390,2275,2335,975691,-0.010593220338983023
2023-06-16,2335,2360,2290,2300,386083,-0.01498929336188437
2023-06-19,2300,2365,2270,2335,379163,0.01521739130434785
2023-06-20,2315,2340,2260,2280,394953,-0.023554603854389677
2023-06-21,2265,2305,2265,2275,242270,-0.002192982456140302
2023-06-22,2265,2335,2250,2300,451571,0.01098901098901095
2023-06-23,2285,2300,2260,2280,230539,-0.008695652173912993
2023-06-26,2280,2310,2230,2295,261550,0.006578947368421018
2023-06-27,2295,2310,2265,2275,157811,-0.008714596949891074
2023-06-28,2285,2290,2215,2240,380334,-0.01538461538461533
2023-06-29,2240,2265,2170,2220,407631,-0.008928571428571397
2023-06-30,2245,2335,2205,2330,509551,0.04954954954954949
2023-07-03,2345,2400,2300,2360,711409,0.012875536480686733
2023-07-04,2335,2360,2285,2335,331789,-0.010593220338983023
2023-07-05,2335,2335,2280,2295,256558,-0.017130620985010725
2023-07-06,2315,2315,2210,2215,415688,-0.034858387799564294
2023-07-07,2185,2230,2180,2225,227468,0.004514672686230181
2023-07-10,2215,2235,2165,2200,307678,-0.011235955056179803
2023-07-11,2205,2330,2205,2240,356825,0.018181818181818077
2023-07-12,2240,2255,2180,2195,367642,-0.0200892857142857
2023-07-13,2200,2250,2170,2220,381594,0.011389521640091216
2023-07-14,2220,2235,2145,2145,457890,-0.03378378378378377
2023-07-17,2145,2195,2115,2170,311503,0.011655011655011593
2023-07-18,2180,2180,2070,2070,720181,-0.04608294930875578
2023-07-19,2080,2110,2035,2100,460369,0.01449275362318847
2023-07-20,2100,2100,2035,2090,394663,-0.004761904761904745
2023-07-21,2075,2100,2030,2030,353797,-0.028708133971291905
2023-07-24,2050,2055,1980,1980,485688,-0.024630541871921152
2023-07-25,2000,2020,1929,1953,389440,-0.013636363636363669
2023-07-26,1967,1967,1832,1904,860769,-0.02508960573476704
2023-07-27,1885,1999,1885,1933,338860,0.015231092436974736
2023-07-28,1936,2015,1924,2000,262195,0.0346611484738748
2023-07-31,2005,2050,1972,2000,293705,0.0
2023-08-01,2005,2065,1995,2065,358292,0.03249999999999997
2023-08-02,2065,2090,2015,2080,344387,0.007263922518159882
2023-08-03,2040,2100,2000,2050,514325,-0.014423076923076872
2023-08-04,2045,2350,2010,2310,3399591,0.12682926829268282
2023-08-07,2350,2470,2305,2375,2735736,0.02813852813852824
2023-08-08,2380,2445,2285,2340,1262559,-0.01473684210526316
2023-08-09,2350,2655,2330,2630,7625365,0.12393162393162394
2023-08-10,2640,2780,2530,2680,7747773,0.019011406844106515
2023-08-11,2890,2980,2725,2850,9696163,0.06343283582089554
2023-08-14,2920,2965,2800,2805,3448723,-0.015789473684210575
2023-08-16,2780,2930,2650,2930,3601279,0.04456327985739761
2023-08-17,2895,2910,2715,2730,3234056,-0.06825938566552903
2023-08-18,2655,2775,2615,2750,1588186,0.0073260073260073
2023-08-21,2715,2870,2675,2770,1769032,0.0072727272727273196
2023-08-22,2795,2910,2725,2815,1939290,0.016245487364620947
2023-08-23,2815,2865,2745,2790,1319850,-0.008880994671403242
2023-08-24,2790,2915,2790,2900,1787589,0.03942652329749108
2023-08-25,2860,2885,2695,2720,1902993,-0.06206896551724139
2023-08-28,2750,2810,2710,2770,883063,0.018382352941176405
2023-08-29,2795,3315,2740,3230,12950439,0.1660649819494584
2023-08-30,3205,3225,3110,3115,2973306,-0.035603715170278605
2023-08-31,3170,3330,3050,3270,5128889,0.049759229534510396
2023-09-01,3430,4075,3265,3800,31823590,0.1620795107033639
2023-09-04,3820,4685,3820,4245,30073334,0.11710526315789482
2023-09-05,4240,4645,4140,4630,10245442,0.0906949352179034
2023-09-06,4630,5540,4605,5080,23491850,0.09719222462203025
2023-09-07,5090,5310,4910,5170,8449385,0.017716535433070835
2023-09-08,5080,5390,4855,5330,6190644,0.030947775628626717
2023-09-11,5530,6720,5500,6170,24641165,0.1575984990619137
2023-09-12,6170,6300,5640,5730,5906280,-0.07131280388978933
2023-09-13,5560,6400,5410,6290,9467458,0.09773123909249559
2023-09-14,5950,6190,5690,5860,4291002,-0.06836248012718604
2023-09-15,5870,5880,5140,5290,6095595,-0.09726962457337884
2023-09-18,5100,5420,5090,5190,2786824,-0.018903591682419618
2023-09-19,5140,5420,5040,5330,2675532,0.026974951830443183
2023-09-20,5550,5570,5130,5550,4351041,0.0412757973733584
2023-09-21,5590,5780,5060,5200,2943544,-0.06306306306306309
2023-09-22,4960,5570,4900,5290,3571011,0.017307692307692246
2023-09-25,5420,5430,4880,5000,2186354,-0.05482041587901698
2023-09-26,5140,5270,4875,4930,1790195,-0.014000000000000012
2023-09-27,4790,5130,4700,5070,1770488,0.028397565922920975
2023-10-04,5030,5030,4405,4535,2731761,-0.10552268244575935
2023-10-05,4645,4665,4310,4425,2061226,-0.02425578831312014
2023-10-06,4430,4550,4380,4435,1162089,0.002259887005649608
2023-10-10,4400,4670,4310,4595,3599846,0.036076662908681056
2023-10-11,4520,4735,4315,4405,2805803,-0.041349292709466856
2023-10-12,4375,4810,4350,4595,3597204,0.04313280363223604
2023-10-13,4560,4565,4160,4185,2200356,-0.08922742110990212
2023-10-16,4010,4110,3905,4000,2037628,-0.044205495818399054
2023-10-17,4055,4235,4010,4150,1834101,0.03750000000000009
2023-10-18,4150,4400,4070,4300,2208177,0.03614457831325302
2023-10-19,4170,4175,3990,4060,1099753,-0.05581395348837215
2023-10-20,3920,4045,3835,3975,1342168,-0.020935960591133007
2023-10-23,3900,3960,3870,3885,677261,-0.02264150943396226
2023-10-24,3925,4085,3750,4085,1374194,0.051480051480051525
2023-10-25,4085,4095,3850,3875,851504,-0.05140758873929008
2023-10-26,3690,3780,3600,3665,1286259,-0.05419354838709678
2023-10-27,3690,3795,3520,3625,932499,-0.010914051841746208
2023-10-30,3625,3770,3530,3695,990556,0.0193103448275862
2023-10-31,3730,3750,3535,3550,903549,-0.03924221921515558
2023-11-01,3600,3830,3600,3750,1479569,0.05633802816901401
2023-11-02,3830,4040,3755,3960,1643570,0.05600000000000005
2023-11-03,4140,4145,3915,4050,1640418,0.022727272727272707
2023-11-06,4135,4175,3925,4000,2096401,-0.012345679012345734
2023-11-07,3970,3970,3635,3710,1910449,-0.07250000000000001
2023-11-08,3740,3885,3670,3825,1500086,0.030997304582210283
2023-11-09,3775,4000,3700,3810,1193376,-0.0039215686274509665
2023-11-10,3800,3825,3680,3760,523136,-0.013123359580052507
2023-11-13,3760,3800,3530,3670,1003374,-0.02393617021276595
2023-11-14,3705,4435,3705,4420,9043109,0.20435967302452318
2023-11-15,4635,4645,4370,4600,5486951,0.040723981900452566
2023-11-16,4715,4745,4370,4550,2968473,-0.010869565217391353
2023-11-17,4500,4630,4305,4335,1959133,-0.04725274725274731
2023-11-20,4280,4410,4205,4230,1660761,-0.02422145328719727
2023-11-21,4250,4330,4120,4145,1359040,-0.02009456264775411
2023-11-22,4145,4480,4090,4200,3414030,0.013268998793727338
2023-11-23,4215,4545,4200,4340,3124778,0.03333333333333344
2023-11-24,4340,4380,4250,4265,1307837,-0.017281105990783363
2023-11-27,4300,4310,3855,3875,4363220,-0.09144196951934347
2023-11-28,3880,4115,3715,4070,2030143,0.05032258064516126
2023-11-29,4035,4115,3930,4000,1333688,-0.017199017199017175
2023-11-30,4020,4165,4005,4125,1141674,0.03125
2023-12-01,4125,4125,3770,3840,1733256,-0.06909090909090909
2023-12-04,3820,3820,3670,3695,1012199,-0.03776041666666663
2023-12-05,3695,3795,3580,3605,903107,-0.024357239512855178
2023-12-06,3605,3750,3550,3720,686276,0.03190013869625519
2023-12-07,3700,3730,3575,3590,595235,-0.034946236559139754
2023-12-08,3610,3715,3605,3700,507965,0.03064066852367686
2023-12-11,3765,3835,3710,3755,646270,0.014864864864864824
2023-12-12,3750,3750,3675,3710,409992,-0.011984021304926817
2023-12-13,3745,3745,3620,3625,477583,-0.022911051212938016
2023-12-14,3660,3730,3570,3695,648746,0.0193103448275862
2023-12-15,3730,4700,3660,4425,23590124,0.1975642760487144
2023-12-18,4325,4565,4200,4475,6224880,0.011299435028248483
2023-12-19,4435,4455,4270,4330,2768802,-0.03240223463687153
2023-12-20,4400,4700,4320,4630,6994725,0.06928406466512693
2023-12-21,4525,4590,4415,4520,2063349,-0.023758099352051865
2023-12-22,4525,4585,4360,4360,1661039,-0.03539823008849563
2023-12-26,4310,4320,4060,4085,1854797,-0.06307339449541283
2023-12-27,4135,4205,3990,4185,1829238,0.02447980416156681
2023-12-28,4200,4255,4120,4200,1155716,0.0035842293906809264
2024-01-02,4225,4275,4160,4250,719033,0.011904761904761862
2024-01-03,4200,4270,4150,4230,779340,-0.004705882352941226
2024-01-04,4255,4280,4110,4180,877873,-0.011820330969267157
2024-01-05,4180,4400,4085,4365,1271843,0.04425837320574155
2024-01-08,4455,4635,4335,4635,4050940,0.061855670103092786
2024-01-09,4590,4620,4450,4465,2257327,-0.036677454153182354
2024-01-10,4505,4885,4385,4700,7028708,0.05263157894736836
2024-01-11,4685,4825,4585,4705,2558013,0.0010638297872340718
2024-01-12,4765,5240,4415,4445,13277283,-0.05526036131774703
2024-01-15,4500,4525,4360,4420,1739462,-0.0056242969628796935
2024-01-16,4445,4730,4420,4610,2919521,0.042986425339366585
2024-01-17,4545,4550,4245,4280,1896438,-0.07158351409978303
2024-01-18,4300,4395,4130,4265,1197658,-0.003504672897196248
2024-01-19,4305,4400,4275,4310,966364,0.010550996483001063
2024-01-22,4320,4370,4145,4370,1209383,0.0139211136890951
2024-01-23,4370,4380,4215,4225,1045275,-0.03318077803203656
2024-01-24,4225,4265,4135,4225,833802,0.0
2024-01-25,4210,4210,4040,4095,991829,-0.03076923076923077
2024-01-26,4095,4305,4045,4210,923869,0.028083028083027983
2024-01-29,4215,4230,3995,4025,1028482,-0.0439429928741093
2024-01-30,4025,4045,3710,3810,1741002,-0.05341614906832293
2024-01-31,3770,3840,3655,3700,682895,-0.02887139107611547
2024-02-01,3670,3760,3650,3725,656644,0.006756756756756799
2024-02-02,3760,3865,3715,3825,669593,0.02684563758389258
2024-02-05,3815,3965,3755,3870,524767,0.0117647058823529
2024-02-06,3845,3905,3755,3830,438582,-0.01033591731266148
2024-02-07,3835,3960,3800,3835,772380,0.0013054830287206887
2024-02-08,3940,3990,3825,3840,638911,0.0013037809647979959
2024-02-13,3845,3980,3845,3960,604631,0.03125
2024-02-14,3900,4060,3865,4040,809591,0.02020202020202011
2024-02-15,4090,4090,3950,4010,732347,-0.007425742574257432
2024-02-16,4025,4245,3960,4190,2593707,0.04488778054862852
2024-02-19,4175,4180,4070,4100,713896,-0.021479713603818618
2024-02-20,4070,4135,4005,4025,656330,-0.018292682926829285
2024-02-21,3985,4050,3960,3970,637908,-0.013664596273291973
2024-02-22,3990,4045,3960,3965,486553,-0.0012594458438287548
2024-02-23,3975,3995,3855,3900,608112,-0.016393442622950838
2024-02-26,3860,3930,3850,3880,476042,-0.00512820512820511
2024-02-27,3910,3975,3825,3840,641563,-0.010309278350515427
2024-02-28,3835,4080,3820,4050,1118500,0.0546875
2024-02-29,4130,4185,3960,3965,1199045,-0.020987654320987703
2024-03-04,3985,4050,3950,4015,501902,0.01261034047919285
2024-03-05,4000,4055,3895,3900,599247,-0.028642590286425906
2024-03-06,3870,3940,3850,3915,332678,0.0038461538461538325
2024-03-07,3905,3910,3765,3780,721189,-0.03448275862068961
2024-03-08,3800,3845,3745,3790,572017,0.002645502645502562
2024-03-11,3790,3860,3730,3830,444082,0.01055408970976246
2024-03-12,3875,3875,3800,3805,354560,-0.00652741514360311
2024-03-13,3820,3865,3750,3840,676388,0.009198423127463773
2024-03-14,3830,3845,3715,3750,835063,-0.0234375
2024-03-15,3750,3785,3705,3710,417015,-0.010666666666666713
2024-03-18,3725,3820,3700,3775,751712,0.017520215633423097
2024-03-19,3800,3985,3755,3910,1631400,0.03576158940397356
2024-03-20,3945,3955,3835,3850,637567,-0.01534526854219953
2024-03-21,3880,3965,3870,3925,775709,0.01948051948051943
2024-03-22,3985,4260,3880,4170,3943310,0.06242038216560508
2024-03-25,4185,4220,4060,4070,1248671,-0.023980815347721784
2024-03-26,4100,4105,4015,4095,910436,0.006142506142506221
2024-03-27,4075,4080,3905,3960,987369,-0.03296703296703296
2024-03-28,3960,3960,3865,3870,698602,-0.022727272727272707
2024-03-29,3855,3940,3820,3840,703471,-0.007751937984496138
2024-04-01,3875,4015,3840,3970,573680,0.03385416666666674
2024-04-02,3990,3990,3830,3890,527832,-0.02015113350125941
2024-04-03,3840,3880,3765,3775,545832,-0.029562982005141403
2024-04-04,3850,3890,3745,3775,416488,0.0
2024-04-05,3750,3830,3725,3805,339345,0.007947019867549754
2024-04-08,3825,3845,3760,3785,306084,-0.005256241787122251
2024-04-09,3785,3820,3735,3785,295243,0.0
2024-04-11,3745,3745,3650,3680,476773,-0.02774108322324964
2024-04-12,3690,3770,3640,3725,320327,0.012228260869565188
2024-04-15,3670,3705,3600,3610,434014,-0.03087248322147651
2024-04-16,3550,3610,3350,3475,685844,-0.037396121883656486
2024-04-17,3475,3580,3455,3530,234562,0.015827338129496438
2024-04-18,3530,3580,3505,3525,251427,-0.0014164305949008194
2024-04-19,3485,3525,3350,3410,714129,-0.03262411347517735
2024-04-22,3415,3485,3395,3420,342552,0.0029325513196480912
2024-04-23,3440,3540,3440,3465,392871,0.013157894736842035
2024-04-24,3475,3610,3475,3585,349696,0.03463203463203457
2024-04-25,3560,3625,3490,3500,312223,-0.023709902370990243
2024-04-26,3530,3555,3490,3510,193490,0.0028571428571428914
2024-04-29,3530,3605,3510,3580,203949,0.019943019943019946
2024-04-30,3590,4180,3560,4135,6326916,0.1550279329608939
2024-05-02,4135,4230,4060,4175,2741447,0.0096735187424426
2024-05-03,4150,4220,4030,4055,1568423,-0.028742514970059863
2024-05-07,4090,4105,3935,3990,1059573,-0.01602959309494456
2024-05-08,3960,3990,3900,3915,752097,-0.018796992481203034
2024-05-09,3885,3935,3825,3875,756222,-0.010217113665389577
2024-05-10,3980,4050,3825,3825,1372813,-0.012903225806451646
2024-05-13,3815,3880,3775,3845,555339,0.005228758169934622
2024-05-14,3850,3950,3830,3880,804361,0.00910273081924573
2024-05-16,3910,3920,3870,3895,450100,0.0038659793814432852
2024-05-17,3880,3895,3815,3840,397269,-0.014120667522464658
2024-05-20,3830,3930,3810,3865,612735,0.006510416666666741
2024-05-21,3890,3895,3735,3740,625585,-0.03234152652005173
2024-05-22,3755,4230,3720,3935,9001079,0.05213903743315518
2024-05-23,3900,3965,3825,3920,952276,-0.003811944091486663
2024-05-24,3895,4005,3865,3870,1205388,-0.012755102040816313
2024-05-27,3865,3890,3755,3850,898072,-0.0051679586563307955
2024-05-28,3850,4070,3845,4070,2054165,0.05714285714285716
2024-05-29,4065,4075,3965,3985,914789,-0.020884520884520863
2024-05-30,3985,4025,3820,3820,617432,-0.04140526976160597
2024-05-31,3830,3875,3780,3820,371935,0.0
2024-06-03,3815,3865,3805,3830,341140,0.002617801047120505
2024-06-04,3830,3880,3805,3810,449030,-0.005221932114882533
2024-06-05,3830,3830,3755,3780,371338,-0.007874015748031482
2024-06-07,3780,3825,3755,3755,335061,-0.006613756613756627
2024-06-10,3770,3780,3710,3770,266007,0.003994673768308976
2024-06-11,3760,3845,3750,3755,397743,-0.003978779840848823
2024-06-12,3765,3915,3755,3805,670112,0.013315579227696439
2024-06-13,3815,3860,3780,3780,432100,-0.006570302233902758
2024-06-14,3795,3810,3650,3660,863895,-0.031746031746031744
2024-06-17,3650,3690,3635,3655,301632,-0.001366120218579181
2024-06-18,3650,3695,3640,3645,259531,-0.002735978112175075
2024-06-19,3650,3655,3590,3610,316245,-0.009602194787380003
2024-06-20,3630,3645,3565,3565,313122,-0.012465373961218829
2024-06-21,3570,3585,3515,3515,308897,-0.014025245441795287
2024-06-24,3505,3530,3460,3470,249117,-0.012802275960170695
2024-06-25,3470,3535,3455,3535,174987,0.018731988472622474
2024-06-26,3540,3555,3510,3515,160956,-0.005657708628005631
2024-06-27,3485,3555,3485,3515,156921,0.0
2024-06-28,3510,3560,3500,3505,151730,-0.002844950213371278
2024-07-01,3505,3570,3495,3550,223744,0.012838801711840153
2024-07-02,3525,3560,3460,3485,305734,-0.018309859154929553
2024-07-03,3480,3520,3320,3400,357741,-0.024390243902439046
2024-07-04,3405,3425,3360,3375,193770,-0.007352941176470562
2024-07-05,3375,3530,3375,3465,633089,0.026666666666666616
2024-07-08,3480,3660,3465,3580,462661,0.03318903318903321
2024-07-09,3610,3710,3585,3605,918222,0.006983240223463749
2024-07-10,3620,3625,3535,3600,189383,-0.001386962552011095
2024-07-11,3620,3720,3605,3640,429685,0.011111111111111072
2024-07-12,3720,3750,3635,3650,549113,0.0027472527472527375
2024-07-15,3680,3685,3595,3630,274402,-0.005479452054794498
2024-07-16,3645,3650,3570,3605,261860,-0.00688705234159781
2024-07-17,3615,3675,3550,3555,271384,-0.01386962552011095
2024-07-18,3490,3550,3450,3500,296837,-0.015471167369901506
2024-07-19,3465,3480,3410,3470,214113,-0.008571428571428563
2024-07-22,3455,3465,3380,3420,361066,-0.014409221902017322
2024-07-23,3420,3565,3420,3475,349768,0.016081871345029253
2024-07-24,3455,3505,3420,3430,204096,-0.012949640287769792
2024-07-25,3370,3410,3305,3370,392794,-0.017492711370262426
2024-07-26,3370,3400,3335,3365,193715,-0.0014836795252225476
2024-07-29,3380,3410,3360,3385,96619,0.005943536404160454
2024-07-30,3375,3385,3170,3250,361369,-0.03988183161004433
2024-07-31,3220,3245,3150,3240,380786,-0.003076923076923088
2024-08-01,3265,3360,3265,3290,159969,0.015432098765432167
2024-08-02,3205,3260,3060,3090,528107,-0.06079027355623101
2024-08-05,2955,3000,2580,2675,1079899,-0.13430420711974111
2024-08-06,2685,2915,2685,2910,543960,0.08785046728971957
2024-08-07,2850,3020,2850,2940,315945,0.010309278350515427
2024-08-08,2895,2985,2865,2945,173076,0.001700680272108901
2024-08-09,2990,3065,2990,3015,195368,0.02376910016977929
2024-08-12,3025,3300,3025,3140,1181152,0.041459369817578695
2024-08-13,3170,3295,3085,3235,662488,0.030254777070063632
2024-08-14,3240,3285,3160,3185,367520,-0.015455950540958274
2024-08-16,3200,3310,3200,3290,429694,0.03296703296703307
2024-08-19,3295,3310,3205,3240,314229,-0.015197568389057725
2024-08-20,3245,3330,3245,3310,349470,0.021604938271605034
2024-08-21,3280,3340,3235,3295,262039,-0.004531722054380682
2024-08-22,3310,3365,3240,3255,290897,-0.012139605462822445
2024-08-23,3210,3260,3180,3215,199209,-0.01228878648233489
2024-08-26,3205,3240,3145,3160,172560,-0.017107309486780742
2024-08-27,3155,3190,3100,3175,110837,0.004746835443038
2024-08-28,3175,3185,3110,3140,271799,-0.011023622047244053
2024-08-29,3085,3130,3045,3075,225448,-0.02070063694267521
2024-08-30,3070,3130,3070,3105,155096,0.009756097560975618
2024-09-02,3105,3115,3070,3090,112893,-0.004830917874396157
2024-09-03,3065,3110,3040,3045,152710,-0.014563106796116498
2024-09-04,2935,2960,2840,2900,462678,-0.04761904761904767
2024-09-05,2910,2995,2870,2905,195714,0.0017241379310344307
2024-09-06,2860,2905,2790,2815,313100,-0.030981067125645412
2024-09-09,2750,2905,2715,2895,214309,0.02841918294849033
2024-09-10,2910,2940,2835,2835,156150,-0.020725388601036232
2024-09-11,2825,2905,2810,2845,235933,0.003527336860670305
2024-09-12,2885,3030,2880,3010,276360,0.05799648506151134
2024-09-13,3025,3030,2945,2965,170948,-0.014950166112956853
2024-09-19,2995,3035,2950,2995,166378,0.010118043844856706
2024-09-20,3035,3100,3025,3025,219656,0.01001669449081799
2024-09-23,3025,3070,3005,3035,112320,0.0033057851239668423
2024-09-24,3045,3075,3015,3075,122092,0.01317957166392092
2024-09-25,3065,3115,3035,3040,194426,-0.011382113821138184
2024-09-26,3035,3190,3035,3185,299145,0.047697368421052655
2024-09-27,3250,3250,3170,3205,262616,0.006279434850863463
2024-09-30,3215,3380,3170,3255,724649,0.015600624024961096
2024-10-02,3230,3375,3200,3225,644104,-0.009216589861751112
2024-10-04,3205,3220,3135,3145,207341,-0.024806201550387597
2024-10-07,3145,3220,3120,3215,244277,0.022257551669316422
2024-10-08,3210,3210,3085,3095,283375,-0.03732503888024885
2024-10-10,3080,3130,3030,3090,439165,-0.001615508885298822
2024-10-11,3520,3890,3475,3605,23048709,0.16666666666666674
2024-10-14,3530,3810,3500,3500,4364118,-0.029126213592232997
2024-10-15,3550,3565,3350,3400,1462802,-0.02857142857142858
2024-10-16,3385,3545,3325,3390,1685669,-0.002941176470588225
2024-10-17,3415,3470,3355,3470,639911,0.02359882005899716
2024-10-18,3470,3485,3335,3380,853935,-0.025936599423631135
2024-10-21,3400,3540,3310,3415,1133483,0.010355029585798814
2024-10-22,3400,3470,3275,3300,1011895,-0.03367496339677889
2024-10-23,3275,3360,3165,3245,860897,-0.01666666666666672
2024-10-24,3235,3235,3010,3115,741379,-0.04006163328197232
2024-10-25,3170,3170,3030,3045,467196,-0.022471910112359605
2024-10-28,3045,3105,3010,3070,321283,0.008210180623973828
2024-10-29,3090,3135,3050,3120,366264,0.016286644951140072
2024-10-30,3115,3135,3000,3015,740906,-0.033653846153846145
2024-10-31,3000,3035,2920,3005,419568,-0.0033167495854062867
2024-11-01,2950,3025,2920,2965,338212,-0.01331114808652245
2024-11-04,2985,3040,2970,3035,330656,0.02360876897133224
2024-11-05,3005,3065,2995,3055,236599,0.006589785831960571
2024-11-06,3055,3080,2980,2990,363078,-0.021276595744680882
2024-11-07,3010,3095,2975,3060,435815,0.02341137123745818
2024-11-08,3055,3120,2995,3035,361136,-0.008169934640522847
2024-11-11,3040,3045,2900,2920,542693,-0.03789126853377267
2024-11-12,2900,2935,2860,2880,417056,-0.013698630136986356
2024-11-13,2855,3395,2830,3120,6936148,0.08333333333333326
2024-11-14,3095,3130,2970,2985,1231544,-0.043269230769230727
2024-11-15,2965,3125,2930,3120,1031992,0.045226130653266416
2024-11-18,3145,3250,3095,3195,813363,0.024038461538461453
2024-11-19,3210,3335,3160,3190,975478,-0.0015649452269170805
2024-11-20,3180,3235,3145,3205,392311,0.004702194357366851
2024-11-21,3220,3255,3140,3255,507411,0.015600624024961096
2024-11-22,3285,3315,3170,3175,625174,-0.02457757296466978
2024-11-25,3175,3270,3165,3230,435051,0.017322834645669305
2024-11-26,3235,3390,3215,3370,959627,0.04334365325077405
2024-11-27,3325,3440,3325,3375,590209,0.0014836795252226587
2024-11-28,3395,3440,3320,3370,382909,-0.001481481481481528
2024-11-29,3370,3375,3280,3310,532728,-0.017804154302670572
2024-12-02,3345,3345,3180,3200,455154,-0.033232628398791486
2024-12-03,3200,3445,3195,3410,726656,0.06562500000000004
2024-12-04,3340,3360,3145,3250,907277,-0.04692082111436946
2024-12-05,3260,3280,3180,3265,370335,0.004615384615384688
2024-12-06,3240,3340,3080,3300,707384,0.010719754977029039
2024-12-09,3215,3250,2900,2915,1108641,-0.1166666666666667
2024-12-10,2915,3270,2915,3215,719544,0.10291595197255576
2024-12-11,3290,3460,3250,3410,990042,0.06065318818040444
2024-12-12,3390,3400,3320,3385,498919,-0.007331378299120228
2024-12-13,3385,3425,3345,3385,388796,0.0
2024-12-16,3375,3435,3355,3400,397239,0.004431314623338345
2024-12-17,3420,3455,3375,3415,358899,0.004411764705882337
2024-12-18,3420,3445,3350,3390,429205,-0.007320644216691097
2024-12-19,3300,3360,3275,3350,196331,-0.01179941002949858
2024-12-20,3350,3360,3220,3250,331577,-0.02985074626865669
2024-12-23,3270,3415,3270,3365,328118,0.03538461538461535
2024-12-24,3370,3450,3350,3370,447775,0.0014858841010401136
2024-12-26,3410,3535,3385,3385,684763,0.004451038575667754
2024-12-27,3390,3420,3240,3285,429075,-0.02954209748892167
2024-12-30,3245,3510,3215,3450,938410,0.05022831050228316
2025-01-02,3735,3830,3595,3700,3206040,0.07246376811594213
2025-01-03,3680,3680,3560,3645,810820,-0.014864864864864824
2025-01-06,3700,3720,3625,3645,825527,0.0
2025-01-07,3680,3705,3550,3550,960755,-0.026063100137174167
2025-01-08,3535,3555,3495,3530,538874,-0.005633802816901401
2025-01-09,3505,3640,3420,3620,848785,0.025495750708215192
2025-01-10,3650,3715,3600,3625,800175,0.0013812154696133394
2025-01-13,3650,3650,3530,3585,471689,-0.011034482758620734
2025-01-14,3550,3625,3500,3585,597456,0.0
2025-01-15,3540,3615,3525,3535,501655,-0.013947001394700176
2025-01-16,3575,3635,3555,3565,394675,0.008486562942008558
2025-01-17,3535,3695,3515,3615,716974,0.014025245441795287
2025-01-20,3675,3680,3560,3585,440337,-0.008298755186721962
2025-01-21,3625,3665,3530,3630,685843,0.012552301255230214
2025-01-22,3680,4000,3655,3790,4819547,0.0440771349862259
2025-01-23,3780,3785,3680,3710,942334,-0.02110817941952503
2025-01-24,3710,3755,3660,3660,669092,-0.013477088948787075
2025-01-31,3675,3755,3655,3750,658266,0.024590163934426146
2025-02-03,3690,3715,3565,3585,794669,-0.04400000000000004
2025-02-04,3620,3730,3620,3680,624647,0.02649930264993028
2025-02-05,3700,3950,3700,3875,1928543,0.052989130434782705
2025-02-06,3885,3915,3785,3865,1044722,-0.002580645161290307
2025-02-07,3870,3875,3800,3835,871584,-0.0077619663648124115
2025-02-10,3850,4075,3800,3885,2882153,0.01303780964797907
2025-02-11,3870,3870,3775,3775,1166925,-0.028314028314028294
2025-02-12,3810,3810,3720,3720,675689,-0.014569536423841067
2025-02-13,3700,3790,3695,3775,471527,0.014784946236559238
2025-02-14,3775,3870,3740,3820,573631,0.01192052980132452
2025-02-17,3870,3895,3820,3860,496189,0.010471204188481575
2025-02-18,3860,3975,3820,3900,898365,0.010362694300518172
2025-02-19,3910,3915,3790,3820,701630,-0.02051282051282055
2025-02-20,3820,3825,3725,3725,550668,-0.02486910994764402
2025-02-21,3725,3785,3645,3655,542944,-0.018791946308724827
2025-02-24,3615,3615,3490,3545,708053,-0.030095759233926156
2025-02-25,3565,3565,3500,3525,293269,-0.005641748942172065
2025-02-26,3550,3600,3505,3575,489892,0.014184397163120588
2025-02-27,3590,3610,3465,3475,568195,-0.027972027972028024
2025-02-28,3405,3440,3290,3330,778778,-0.04172661870503602
2025-03-04,3290,3460,3205,3435,538162,0.03153153153153143
2025-03-05,3440,3485,3420,3445,303119,0.0029112081513829047
2025-03-06,3480,3480,3310,3365,359308,-0.023222060957910018
2025-03-07,3305,3390,3305,3380,199656,0.004457652303120341
2025-03-10,3375,3425,3330,3360,343163,-0.00591715976331364
2025-03-11,3360,3520,3350,3395,823691,0.01041666666666674
2025-03-12,3405,3465,3390,3405,332730,0.002945508100147265
2025-03-13,3415,3445,3225,3230,1657774,-0.05139500734214386
2025-03-14,3255,3310,3230,3270,411339,0.01238390092879249
2025-03-17,3280,3310,3250,3295,361849,0.007645259938837912
2025-03-18,3320,3345,3280,3300,371585,0.0015174506828528056
2025-03-19,3320,3560,3315,3355,1469640,0.016666666666666607
2025-03-20,3355,3360,3225,3240,621879,-0.03427719821162445
2025-03-21,3240,3255,3130,3170,499817,-0.021604938271604923
2025-03-24,3185,3235,3140,3195,241391,0.007886435331230235
2025-03-25,3200,3235,3130,3145,299391,-0.015649452269170583
2025-03-26,3135,3170,3105,3150,198574,0.0015898251192367763
2025-03-27,3110,3200,3095,3145,177429,-0.0015873015873015817
2025-03-28,3125,3150,2980,3005,455646,-0.04451510333863273
2025-03-31,2970,2990,2930,2945,144490,-0.019966722129783676
2025-04-01,2945,3015,2945,3010,170528,0.022071307300509435
2025-04-02,3030,3040,2940,2940,151235,-0.023255813953488413
2025-04-03,2430,2630,2430,2570,1221972,-0.12585034013605445
2025-04-04,2500,2650,2450,2640,472883,0.027237354085603016
2025-04-07,2520,2610,2455,2555,499880,-0.032196969696969724
2025-04-08,2555,2620,2505,2595,453668,0.015655577299412915
2025-04-09,2595,2665,2545,2630,247417,0.01348747591522148
2025-04-10,2710,2855,2660,2810,401620,0.06844106463878319
2025-04-11,2770,2940,2760,2905,272103,0.03380782918149472
2025-04-14,2975,3010,2860,2990,287872,0.029259896729776358
2025-04-15,2960,3175,2955,3095,531435,0.03511705685618738
2025-04-16,3100,3120,2965,2990,153670,-0.03392568659127626
2025-04-17,2980,3055,2910,3015,181392,0.008361204013378032
2025-04-18,2990,3020,2950,3000,77738,-0.00497512437810943
2025-04-21,3015,3015,2925,2945,271824,-0.018333333333333313
2025-04-22,2900,2930,2840,2840,144005,-0.035653650254668934
2025-04-23,2910,2910,2830,2845,123825,0.0017605633802817433
2025-04-24,2850,2860,2760,2805,152403,-0.01405975395430581
2025-04-25,2820,2865,2810,2820,170840,0.005347593582887722
2025-04-28,2805,2840,2760,2770,150943,-0.01773049645390068
2025-04-29,2795,2800,2765,2780,85604,0.0036101083032491488
2025-04-30,2770,2785,2700,2705,204732,-0.026978417266187105
2025-05-02,2735,2760,2665,2720,78144,0.005545286506469571
