Date,Open,High,Low,Close,Volume,Change
2022-01-03,5410,5420,5310,5420,108747,0.0037037037037037646
2022-01-04,5450,5700,5430,5520,1013687,0.01845018450184499
2022-01-05,5490,5600,5400,5440,260892,-0.01449275362318836
2022-01-06,5380,5440,5270,5350,177442,-0.016544117647058876
2022-01-07,5350,5680,5350,5610,436268,0.04859813084112141
2022-01-10,5640,5790,5560,5600,628229,-0.0017825311942959443
2022-01-11,5630,5890,5560,5760,607060,0.02857142857142847
2022-01-12,5830,5840,5630,5680,269252,-0.01388888888888884
2022-01-13,5680,5720,5560,5560,179115,-0.021126760563380254
2022-01-14,5550,5630,5500,5580,125361,0.003597122302158251
2022-01-17,5580,5580,5320,5350,244756,-0.04121863799283154
2022-01-18,5360,5760,5360,5630,618831,0.0523364485981308
2022-01-19,5680,5790,5480,5520,387494,-0.019538188277087087
2022-01-20,5520,5990,5520,5990,1205998,0.08514492753623193
2022-01-21,5870,6000,5770,5890,632664,-0.016694490818030094
2022-01-24,5830,5850,5480,5480,607514,-0.0696095076400679
2022-01-25,5500,5560,5230,5350,377762,-0.02372262773722633
2022-01-26,5350,6050,5350,6000,2102435,0.12149532710280364
2022-01-27,6030,6190,5680,5680,970442,-0.053333333333333344
2022-01-28,5750,6920,5490,6660,7068764,0.17253521126760574
2022-02-03,6620,6970,6610,6670,1588008,0.0015015015015014122
2022-02-04,6710,7350,6650,7150,3089138,0.0719640179910046
2022-02-07,7150,7360,6840,6960,878087,-0.02657342657342654
2022-02-08,6850,7020,6460,6650,780504,-0.04454022988505746
2022-02-09,6710,7080,6560,7080,702339,0.06466165413533842
2022-02-10,7400,7730,6640,6640,1769241,-0.062146892655367214
2022-02-11,6530,6870,6400,6530,658347,-0.016566265060240948
2022-02-14,6390,6480,6200,6240,412901,-0.0444104134762634
2022-02-15,6310,6360,5960,6040,493970,-0.03205128205128205
2022-02-16,6200,6900,6170,6670,940474,0.10430463576158933
2022-02-17,6670,7290,6580,7010,1701396,0.050974512743628075
2022-02-18,6870,7440,6810,7270,1244899,0.03708987161198296
2022-02-21,7140,7300,6980,7070,559286,-0.02751031636863821
2022-02-22,6850,7140,6770,7000,602471,-0.00990099009900991
2022-02-23,7000,7220,6930,6980,490169,-0.0028571428571428914
2022-02-24,6900,7140,6730,6750,409621,-0.03295128939828085
2022-02-25,6900,7040,6610,6710,360609,-0.00592592592592589
2022-02-28,6710,6840,6540,6710,257458,0.0
2022-03-02,6750,6830,6550,6770,302676,0.008941877794336861
2022-03-03,6770,7310,6690,7290,836680,0.0768094534711965
2022-03-04,7240,7250,6920,6980,465368,-0.04252400548696844
2022-03-07,6900,6980,6550,6600,441639,-0.054441260744985676
2022-03-08,6440,6590,6350,6400,309449,-0.030303030303030276
2022-03-10,6530,6810,6470,6800,244755,0.0625
2022-03-11,6720,6840,6590,6600,175043,-0.02941176470588236
2022-03-14,6640,6640,6300,6360,266120,-0.036363636363636376
2022-03-15,6360,6550,6220,6410,220795,0.007861635220125729
2022-03-16,6500,6580,6380,6430,237199,0.0031201248049921304
2022-03-17,6530,6650,6490,6570,289394,0.021772939346811793
2022-03-18,6530,7120,6530,7080,808593,0.07762557077625565
2022-03-21,7180,7220,6970,7020,371570,-0.008474576271186418
2022-03-22,6980,7170,6950,7150,216155,0.0185185185185186
2022-03-23,7180,7620,7110,7390,805368,0.03356643356643363
2022-03-24,7480,8840,7350,8370,6228262,0.13261163734776726
2022-03-25,8440,8700,8330,8520,1278793,0.017921146953405076
2022-03-28,8620,8880,8470,8790,796353,0.03169014084507049
2022-03-29,8790,8880,8460,8630,602409,-0.018202502844141044
2022-03-30,8650,9170,7850,8370,1997156,-0.030127462340672095
2022-03-31,8470,9110,8040,8360,2085088,-0.0011947431302270495
2022-04-01,8370,8570,8190,8400,419687,0.004784688995215225
2022-04-04,8400,8740,8290,8590,606993,0.02261904761904754
2022-04-05,8590,8650,8370,8590,273700,0.0
2022-04-06,8550,8840,8370,8660,518230,0.008149010477299212
2022-04-07,8760,8760,8360,8480,451471,-0.020785219399538146
2022-04-08,8670,11000,8580,11000,16130232,0.2971698113207548
2022-04-11,11350,11550,9980,10250,8326532,-0.06818181818181823
2022-04-12,10250,10650,10100,10450,3232187,0.019512195121951237
2022-04-13,10650,10900,10300,10650,3115870,0.019138755980861344
2022-04-14,10800,12050,10250,10550,9830820,-0.009389671361502372
2022-04-15,10350,12200,9980,10350,11013649,-0.018957345971563955
2022-04-18,10250,10900,10150,10500,2167482,0.01449275362318847
2022-04-19,10400,10550,10050,10050,1249812,-0.042857142857142816
2022-04-20,10100,10250,9400,9550,2084300,-0.04975124378109452
2022-04-21,9540,9810,9480,9670,949844,0.012565445026178068
2022-04-22,9670,10150,9570,10100,1373687,0.04446742502585321
2022-04-25,9930,10650,9730,10150,1544619,0.004950495049504955
2022-04-26,10150,10550,10100,10250,880281,0.009852216748768461
2022-04-27,9900,10900,9890,10750,2003042,0.04878048780487809
2022-04-28,10750,11650,10100,10300,4025169,-0.041860465116279055
2022-04-29,10450,10500,10000,10250,497400,-0.004854368932038833
2022-05-02,10100,10550,9980,10500,658532,0.024390243902439046
2022-05-03,10400,10700,10250,10500,580628,0.0
2022-05-04,10450,11000,10300,10650,766380,0.014285714285714235
2022-05-06,10450,10750,10200,10200,412393,-0.04225352112676062
2022-05-09,9990,10150,8750,9390,1484456,-0.0794117647058824
2022-05-10,9220,9860,9140,9760,717902,0.03940362087326954
2022-05-11,9800,9970,9620,9750,258109,-0.0010245901639344135
2022-05-12,9700,10500,9680,10150,708221,0.0410256410256411
2022-05-13,10200,10300,9920,10050,344594,-0.009852216748768461
2022-05-16,10000,10500,10000,10400,436762,0.03482587064676612
2022-05-17,10400,10650,10300,10600,254753,0.019230769230769162
2022-05-18,10600,10850,10450,10750,382752,0.014150943396226356
2022-05-19,10350,10750,10350,10650,302830,-0.009302325581395321
2022-05-20,10650,10750,10000,10350,684324,-0.028169014084507005
2022-05-23,10200,10700,10000,10700,454643,0.033816425120772875
2022-05-24,10650,10650,10050,10100,575283,-0.05607476635514019
2022-05-25,10150,10800,10100,10300,542872,0.01980198019801982
2022-05-26,10200,10500,10150,10250,347387,-0.004854368932038833
2022-05-27,10300,10400,10100,10150,283682,-0.009756097560975618
2022-05-30,10200,10750,10200,10600,492488,0.044334975369458185
2022-05-31,10950,12150,10750,11850,3863034,0.11792452830188682
2022-06-02,11650,11850,10300,10500,3079456,-0.11392405063291144
2022-06-03,10500,10650,10250,10250,599758,-0.023809523809523836
2022-06-07,10350,11100,10250,10450,1388489,0.019512195121951237
2022-06-08,10600,10600,9700,9790,1531488,-0.06315789473684208
2022-06-09,9700,9700,8320,8560,1996118,-0.12563840653728298
2022-06-10,8650,8860,8140,8650,1995885,0.010514018691588856
2022-06-13,9630,11000,9080,9540,9498078,0.10289017341040463
2022-06-14,9540,10450,9020,10400,4093592,0.09014675052410892
2022-06-15,11250,11600,10450,11050,4786099,0.0625
2022-06-16,10350,11150,10200,10250,2933723,-0.07239819004524883
2022-06-17,9910,12350,9570,11400,13110394,0.11219512195121961
2022-06-20,11150,11800,10300,10400,3895885,-0.08771929824561409
2022-06-21,10300,11500,10200,10850,4259189,0.04326923076923084
2022-06-22,10750,10950,10250,10300,1622558,-0.05069124423963134
2022-06-23,10450,11250,9410,10800,4946862,0.04854368932038833
2022-06-24,10450,11100,10300,10750,1492430,-0.00462962962962965
2022-06-27,10800,11100,10600,10700,975040,-0.0046511627906976605
2022-06-28,10650,10900,10500,10700,773094,0.0
2022-06-29,10500,11050,10250,10600,1046353,-0.009345794392523366
2022-06-30,10650,10750,10000,10000,899576,-0.05660377358490565
2022-07-01,10000,10150,9490,9490,914266,-0.051000000000000045
2022-07-04,9490,9780,9020,9160,607616,-0.03477344573234986
2022-07-05,9210,9560,9150,9450,373996,0.031659388646288145
2022-07-06,9390,9690,9180,9250,439564,-0.021164021164021163
2022-07-07,9340,9450,9220,9250,254245,0.0
2022-07-08,9310,9780,9170,9170,626625,-0.008648648648648671
2022-07-11,9160,9500,8910,9360,372860,0.02071973827699014
2022-07-12,9350,9840,9210,9640,472344,0.029914529914529808
2022-07-13,9640,9860,9500,9730,370394,0.009336099585062207
2022-07-14,9650,9730,9500,9560,223373,-0.0174717368961973
2022-07-15,9560,9600,9100,9130,397920,-0.044979079497907914
2022-07-18,9200,9260,9060,9090,134607,-0.004381161007667056
2022-07-19,9060,9230,8980,9110,172062,0.002200220022002153
2022-07-20,9180,9680,9060,9680,423060,0.06256860592755209
2022-07-21,9660,10050,9570,9720,419128,0.004132231404958775
2022-07-22,9730,10300,9730,10000,590464,0.028806584362139898
2022-07-25,9970,10650,9970,10400,612308,0.040000000000000036
2022-07-26,10300,10550,10250,10400,320115,0.0
2022-07-27,10400,10500,10250,10400,186977,0.0
2022-07-28,10400,10500,10150,10400,171889,0.0
2022-07-29,10400,10500,10300,10350,178431,-0.004807692307692291
2022-08-01,10300,10550,10100,10300,197525,-0.004830917874396157
2022-08-02,10250,10800,10100,10350,495225,0.004854368932038833
2022-08-03,10350,10450,10150,10300,190518,-0.004830917874396157
2022-08-04,10350,10400,9920,9920,399041,-0.03689320388349515
2022-08-05,9900,10250,9890,10200,270692,0.02822580645161299
2022-08-08,10200,11300,10150,11050,2217586,0.08333333333333326
2022-08-09,10900,11950,10800,11550,1621069,0.045248868778280604
2022-08-10,11450,11750,11250,11450,455879,-0.008658008658008698
2022-08-11,11650,12500,10800,11200,2684223,-0.02183406113537123
2022-08-12,11300,11350,10450,11150,859665,-0.004464285714285698
2022-08-16,11100,12200,11100,11850,1755415,0.06278026905829592
2022-08-17,11900,12050,11600,11750,541909,-0.008438818565400852
2022-08-18,11650,13300,11550,12650,6409973,0.07659574468085117
2022-08-19,12700,13350,12650,12900,2040305,0.01976284584980248
2022-08-22,12650,13100,12250,12250,1273208,-0.050387596899224785
2022-08-23,12200,12600,12000,12350,658642,0.008163265306122547
2022-08-24,12350,12550,12050,12200,441475,-0.012145748987854255
2022-08-25,12250,12300,11500,12300,715344,0.008196721311475308
2022-08-26,12200,12800,11900,12100,592834,-0.016260162601625994
2022-08-29,11600,11850,11350,11450,653634,-0.05371900826446285
2022-08-30,11550,11950,11500,11650,394793,0.017467248908296984
2022-08-31,11600,12500,11600,12400,527861,0.06437768240343344
2022-09-01,12350,12550,12050,12050,298409,-0.028225806451612878
2022-09-02,12300,12850,12100,12350,575037,0.024896265560165887
2022-09-05,12400,12650,11900,12050,369486,-0.02429149797570851
2022-09-06,11900,12150,11800,11850,300140,-0.016597510373444035
2022-09-07,11800,11900,11550,11650,271625,-0.016877637130801704
2022-09-08,11800,12300,11650,11650,364097,0.0
2022-09-13,11900,11950,11550,11650,224474,0.0
2022-09-14,11350,12450,11350,12400,994331,0.06437768240343344
2022-09-15,12400,13850,12400,13150,2355347,0.06048387096774199
2022-09-16,13150,13150,12300,12550,716546,-0.04562737642585546
2022-09-19,12700,12900,12050,12050,395782,-0.03984063745019917
2022-09-20,12150,12550,12100,12450,258776,0.03319502074688807
2022-09-21,12300,12400,12150,12350,132573,-0.008032128514056214
2022-09-22,12150,12750,12150,12500,373783,0.012145748987854255
2022-09-23,12450,12750,11900,12000,386557,-0.040000000000000036
2022-09-26,11850,12050,11200,11500,436184,-0.04166666666666663
2022-09-27,11500,11600,11150,11500,237717,0.0
2022-09-28,11500,12850,11450,11850,1457830,0.0304347826086957
2022-09-29,12150,13400,11950,12750,2154269,0.07594936708860756
2022-09-30,13150,14150,12650,13400,3688209,0.050980392156862786
2022-10-04,13350,13600,12950,13450,532060,0.003731343283582156
2022-10-05,13450,13850,13250,13450,695474,0.0
2022-10-06,13550,14050,13500,13750,623336,0.02230483271375472
2022-10-07,13750,14450,13350,13350,760389,-0.029090909090909056
2022-10-11,13100,13500,12650,12800,434026,-0.041198501872659166
2022-10-12,12850,13050,12450,12750,350107,-0.00390625
2022-10-13,12750,13000,12100,12200,470432,-0.04313725490196074
2022-10-14,12550,13150,12400,13050,425201,0.069672131147541
2022-10-17,12900,13050,12350,12400,394031,-0.04980842911877392
2022-10-18,12550,12600,12000,12450,612765,0.0040322580645162365
2022-10-19,12500,12600,12100,12250,362082,-0.016064257028112428
2022-10-20,12200,12300,11850,12100,358667,-0.01224489795918371
2022-10-21,12100,12400,11850,12000,291996,-0.008264462809917328
2022-10-24,12300,12400,12100,12200,214357,0.016666666666666607
2022-10-25,12300,12650,11900,12100,329166,-0.008196721311475419
2022-10-26,12100,12100,11700,11750,203459,-0.02892561983471076
2022-10-27,11750,12200,11650,12200,202365,0.038297872340425476
2022-10-28,12200,12200,11800,12000,159212,-0.016393442622950838
2022-10-31,12100,12100,11600,11850,250116,-0.012499999999999956
2022-11-01,11850,12850,11650,12750,421117,0.07594936708860756
2022-11-02,12700,12700,12150,12300,310852,-0.03529411764705881
2022-11-03,12050,12350,12000,12200,173623,-0.008130081300813052
2022-11-04,12150,12200,11900,12200,163711,0.0
2022-11-07,12200,12750,12150,12400,193058,0.016393442622950838
2022-11-08,12450,12700,12300,12500,209995,0.008064516129032251
2022-11-09,12500,12550,12150,12250,241568,-0.020000000000000018
2022-11-10,12250,12700,12050,12450,234565,0.01632653061224487
2022-11-11,12700,12700,12000,12200,513970,-0.02008032128514059
2022-11-14,12150,12350,12000,12100,187388,-0.008196721311475419
2022-11-15,12150,12300,11850,12200,328063,0.008264462809917328
2022-11-16,12200,12700,12000,12350,436916,0.012295081967213184
2022-11-17,12300,12500,12050,12200,221328,-0.012145748987854255
2022-11-18,12200,12300,12050,12200,148570,0.0
2022-11-21,12200,12200,11500,11850,396390,-0.02868852459016391
2022-11-22,11850,11850,11400,11650,248671,-0.016877637130801704
2022-11-23,11750,11900,11550,11750,134459,0.008583690987124415
2022-11-24,11750,12100,11700,12100,159110,0.029787234042553123
2022-11-25,12100,12200,11950,12100,95748,0.0
2022-11-28,12100,12250,11550,11650,257510,-0.037190082644628086
2022-11-29,11600,11750,11450,11750,174382,0.008583690987124415
2022-11-30,11650,11750,11500,11600,100796,-0.012765957446808529
2022-12-01,11750,12050,11650,12000,264168,0.034482758620689724
2022-12-02,11850,12000,11750,11750,92352,-0.02083333333333337
2022-12-05,11750,11850,11550,11600,158175,-0.012765957446808529
2022-12-06,11550,11600,11100,11250,184092,-0.030172413793103425
2022-12-07,11050,11150,10600,10700,298663,-0.04888888888888887
2022-12-08,10550,10700,10150,10350,365054,-0.032710280373831724
2022-12-09,10350,10400,10000,10300,246979,-0.004830917874396157
2022-12-12,10100,10200,9790,9920,253317,-0.03689320388349515
2022-12-13,9960,10650,9960,10450,398154,0.053427419354838745
2022-12-14,10450,11150,10350,10800,448353,0.03349282296650724
2022-12-15,10800,10850,10500,10750,271168,-0.00462962962962965
2022-12-16,10150,12400,10100,12000,1838368,0.11627906976744184
2022-12-19,11700,11950,11200,11350,482706,-0.054166666666666696
2022-12-20,11350,12050,10950,11550,572845,0.017621145374449254
2022-12-21,11550,11550,11200,11350,174903,-0.017316017316017285
2022-12-22,11400,11650,11200,11350,156301,0.0
2022-12-23,11100,11200,10450,10550,495944,-0.07048458149779735
2022-12-26,10550,11050,10550,10800,372854,0.023696682464454888
2022-12-27,11000,11500,11000,11100,497138,0.02777777777777768
2022-12-28,11200,11550,11100,11200,402707,0.009009009009008917
2022-12-29,11150,11200,10750,11100,274860,-0.008928571428571397
2023-01-02,11100,11250,10900,11050,120097,-0.0045045045045044585
2023-01-03,10950,11050,10750,11000,165019,-0.004524886877828038
2023-01-04,10900,11100,10500,10500,243858,-0.045454545454545414
2023-01-05,10500,10600,10100,10400,157268,-0.00952380952380949
2023-01-06,10300,10550,10250,10450,143770,0.004807692307692291
2023-01-09,10600,10700,10350,10550,81095,0.009569377990430672
2023-01-10,10450,10550,10250,10250,118231,-0.028436018957345932
2023-01-11,10300,10550,10300,10500,89057,0.024390243902439046
2023-01-12,10550,10950,10300,10650,201534,0.014285714285714235
2023-01-13,10650,10900,10550,10650,81839,0.0
2023-01-16,10750,10750,10400,10400,98164,-0.023474178403755874
2023-01-17,10500,10700,10350,10550,93917,0.014423076923076872
2023-01-18,10450,10550,10300,10450,94520,-0.009478672985781977
2023-01-19,10350,10650,10300,10600,110165,0.014354066985645897
2023-01-20,10650,11300,10500,11000,441372,0.037735849056603765
2023-01-25,11200,11200,10800,10940,158964,-0.00545454545454549
2023-01-26,11030,11130,10790,10910,173884,-0.002742230347349217
2023-01-27,10910,11430,10810,11380,310014,0.043079743354720534
2023-01-30,11480,12100,11390,11840,651505,0.040421792618629215
2023-01-31,11750,12080,11700,11960,253768,0.010135135135135087
2023-02-01,11810,12330,11620,12190,444722,0.019230769230769162
2023-02-02,12300,12310,12020,12210,311701,0.001640689089417613
2023-02-03,12290,12900,12190,12500,719953,0.02375102375102367
2023-02-06,12390,12530,12130,12250,246022,-0.020000000000000018
2023-02-07,12240,12490,12160,12340,220089,0.007346938775510292
2023-02-08,12400,12640,12230,12360,180130,0.0016207455429497752
2023-02-09,12300,12650,12300,12500,184062,0.01132686084142387
2023-02-10,12450,12490,12160,12300,188810,-0.016000000000000014
2023-02-13,12240,12400,12160,12250,162646,-0.004065040650406471
2023-02-14,12260,12390,12160,12320,161803,0.005714285714285783
2023-02-15,12300,12390,11870,11970,291856,-0.02840909090909094
2023-02-16,12010,12300,11880,12110,219649,0.011695906432748648
2023-02-17,12100,12170,11900,12020,120040,-0.007431874483897594
2023-02-20,12030,12100,11780,11860,161184,-0.01331114808652245
2023-02-21,11800,11860,11610,11680,183575,-0.015177065767284947
2023-02-22,11660,11980,11290,11760,250578,0.006849315068493178
2023-02-23,11760,11860,11400,11460,212666,-0.025510204081632626
2023-02-24,11460,11590,11310,11380,96286,-0.006980802792321161
2023-02-27,11490,12900,11420,12450,2024912,0.09402460456941997
2023-02-28,12690,13080,12560,12730,1176195,0.02248995983935753
2023-03-02,12800,13150,12480,12950,567682,0.01728201099764326
2023-03-03,13030,13960,12690,13890,1058376,0.07258687258687258
2023-03-06,13890,13940,13550,13680,344959,-0.015118790496760237
2023-03-07,13770,14300,13130,13150,1153164,-0.03874269005847952
2023-03-08,13050,13280,12480,13000,877262,-0.011406844106463865
2023-03-09,13080,13310,12620,12950,395848,-0.0038461538461538325
2023-03-10,12810,12810,12500,12700,425360,-0.019305019305019266
2023-03-13,12700,12890,12440,12650,460042,-0.003937007874015741
2023-03-14,12660,12820,11800,11860,441643,-0.06245059288537547
2023-03-15,12200,12720,12000,12290,488768,0.036256323777402955
2023-03-16,12000,12930,12000,12800,511312,0.041497152156224626
2023-03-17,12940,13040,12620,12650,266126,-0.01171875
2023-03-20,12620,12910,12410,12660,194689,0.0007905138339920903
2023-03-21,12650,12750,12400,12400,156059,-0.020537124802527673
2023-03-22,12540,13000,12270,12740,312982,0.02741935483870961
2023-03-23,12680,12800,12300,12400,213070,-0.026687598116169498
2023-03-24,12410,13060,12400,12820,343129,0.03387096774193554
2023-03-27,12770,12890,12450,12610,152492,-0.016380655226209018
2023-03-28,12640,13320,12520,13230,382782,0.04916732751784303
2023-03-29,13360,13860,13290,13590,486562,0.027210884353741527
2023-03-30,13500,13670,13060,13190,248233,-0.02943340691685059
2023-03-31,13210,13470,12950,13230,176159,0.0030326004548901775
2023-04-03,13230,13570,13180,13450,209080,0.016628873771730834
2023-04-04,13400,15770,13400,15770,2896644,0.17249070631970254
2023-04-05,15190,15280,13930,14230,1601387,-0.09765377298668354
2023-04-06,14430,14750,14200,14490,684161,0.01827125790583284
2023-04-07,14590,14670,14230,14340,370884,-0.010351966873705987
2023-04-10,14370,14670,14000,14570,377102,0.016039051603905063
2023-04-11,14670,14880,14080,14790,406857,0.015099519560741292
2023-04-12,14880,15120,14610,14630,491310,-0.010818120351588911
2023-04-13,14750,15300,14250,14950,456442,0.021872863978127155
2023-04-14,15010,15070,14620,14700,273908,-0.01672240802675584
2023-04-17,14700,14840,14250,14300,251900,-0.027210884353741527
2023-04-18,14360,14520,14030,14190,211478,-0.007692307692307665
2023-04-19,14190,14420,14050,14350,142019,0.01127554615926707
2023-04-20,14410,14410,13800,13890,314082,-0.03205574912891984
2023-04-21,13810,14000,13450,13740,218356,-0.010799136069114423
2023-04-24,13580,13760,13320,13450,182465,-0.021106259097525504
2023-04-25,13460,13850,13270,13700,235868,0.018587360594795488
2023-04-26,13500,13850,13200,13480,178718,-0.016058394160583966
2023-04-27,13410,13810,13150,13770,168341,0.021513353115726996
2023-04-28,13700,14070,13500,13850,127466,0.005809731299927456
2023-05-02,13840,14150,13750,13860,164386,0.0007220216606498298
2023-05-03,13800,14710,13740,14590,412458,0.052669552669552644
2023-05-04,14650,14950,14260,14460,237174,-0.008910212474297463
2023-05-08,14550,14650,14170,14170,150659,-0.020055325034578186
2023-05-09,14010,14280,13770,13890,155230,-0.019760056457304165
2023-05-10,13780,14680,13780,14400,253513,0.036717062634989306
2023-05-11,14330,14520,13960,14000,196670,-0.02777777777777779
2023-05-12,13960,14250,13920,14180,123320,0.0128571428571429
2023-05-15,14110,14120,12760,13000,959085,-0.08321579689703806
2023-05-16,13200,13200,12560,12720,232062,-0.021538461538461506
2023-05-17,10110,11720,10040,11300,3845391,-0.1116352201257862
2023-05-18,11390,11520,10570,10580,928437,-0.06371681415929209
2023-05-19,10480,10590,10150,10380,784225,-0.018903591682419618
2023-05-22,10400,10800,10180,10610,496677,0.022157996146435543
2023-05-23,10680,10690,10320,10490,307323,-0.011310084825636224
2023-05-24,10400,10470,10280,10340,149632,-0.014299332697807476
2023-05-25,10340,10550,10190,10260,232648,-0.007736943907156624
2023-05-26,10230,10510,10050,10250,268862,-0.0009746588693957392
2023-05-30,10200,10420,10070,10390,234509,0.013658536585365866
2023-05-31,10420,10550,10300,10390,138280,0.0
2023-06-01,10390,10770,10280,10520,279675,0.012512030798845108
2023-06-02,10520,10630,10420,10550,151994,0.002851711026615966
2023-06-05,10610,10660,10370,10620,222633,0.006635071090047351
2023-06-07,10700,11120,10630,10970,506406,0.03295668549905839
2023-06-08,11000,11880,10850,11800,906957,0.07566089334548765
2023-06-09,11750,11910,11520,11620,314096,-0.015254237288135575
2023-06-12,11620,11620,11140,11370,262144,-0.02151462994836484
2023-06-13,11350,11570,11200,11270,302703,-0.008795074758135457
2023-06-14,11470,11650,10810,10960,329577,-0.027506654835847355
2023-06-15,11020,11240,10870,11150,145332,0.017335766423357768
2023-06-16,11000,11250,10600,10600,386292,-0.04932735426008972
2023-06-19,10600,10700,10300,10650,364521,0.004716981132075526
2023-06-20,10730,11500,10600,11040,324132,0.036619718309859106
2023-06-21,11100,11150,10740,10990,208327,-0.004528985507246341
2023-06-22,11000,11170,10850,10960,140660,-0.0027297543221109777
2023-06-23,11050,11360,10960,10990,191064,0.0027372262773721623
2023-06-26,10990,11110,10800,11000,139978,0.0009099181073703999
2023-06-27,11100,11100,10480,10590,333248,-0.037272727272727235
2023-06-28,10650,11250,10620,10850,352576,0.02455146364494798
2023-06-29,10800,11150,10490,10890,255433,0.0036866359447005337
2023-06-30,10770,10970,10640,10670,139848,-0.02020202020202022
2023-07-03,10830,10900,10570,10820,184688,0.014058106841611906
2023-07-04,10820,11170,10690,10990,207527,0.015711645101663674
2023-07-05,11080,11080,10740,10940,239072,-0.0045495905368516665
2023-07-06,10830,10850,10630,10660,122252,-0.025594149908592323
2023-07-07,10540,10870,10540,10830,153919,0.015947467166979257
2023-07-10,10750,10770,10510,10520,121153,-0.028624192059095055
2023-07-11,10540,10820,10510,10730,240275,0.019961977186311763
2023-07-12,10630,11380,10570,11300,506506,0.05312208760484616
2023-07-13,11240,11250,10950,10950,144407,-0.030973451327433676
2023-07-14,10950,11170,10790,10860,125270,-0.008219178082191747
2023-07-17,10860,10930,10600,10610,166754,-0.023020257826887658
2023-07-18,10610,10850,10600,10700,153009,0.008482563619227168
2023-07-19,10860,11170,10670,10680,390578,-0.0018691588785046953
2023-07-20,10670,10750,10610,10640,101225,-0.0037453183520599342
2023-07-21,10610,10640,10100,10120,328150,-0.048872180451127845
2023-07-24,10160,10160,9240,9360,654399,-0.07509881422924902
2023-07-25,9410,10120,9400,10010,395672,0.06944444444444442
2023-07-26,10030,10030,9630,9860,260114,-0.014985014985015033
2023-07-27,9670,10220,9670,9870,174760,0.0010141987829614951
2023-07-28,9830,10570,9800,10490,227445,0.0628166160081054
2023-07-31,10500,10790,10330,10450,112129,-0.0038131553860819567
2023-08-01,10380,10530,10240,10260,128216,-0.018181818181818188
2023-08-02,10260,10340,9850,9860,153002,-0.03898635477582846
2023-08-03,9800,9970,9650,9730,107188,-0.013184584178498993
2023-08-04,9730,10140,9710,10010,98472,0.02877697841726623
2023-08-07,10010,10340,9920,10280,189870,0.02697302697302706
2023-08-08,10180,10540,10120,10250,145251,-0.0029182879377431803
2023-08-09,10250,10300,10150,10150,54949,-0.009756097560975618
2023-08-10,10160,10610,9940,9970,364993,-0.017733990147783207
2023-08-11,10010,10120,9780,9940,224449,-0.0030090270812437314
2023-08-14,9880,9940,9600,9800,197168,-0.014084507042253502
2023-08-16,9750,9760,9450,9550,103251,-0.025510204081632626
2023-08-17,9390,9940,9300,9870,160003,0.03350785340314144
2023-08-18,9870,10130,9550,9550,182248,-0.032421479229989836
2023-08-21,9560,9730,9200,9200,151755,-0.03664921465968585
2023-08-22,9210,9370,9100,9240,44973,0.004347826086956497
2023-08-23,9210,9360,9120,9200,44810,-0.0043290043290042934
2023-08-24,9170,9290,9120,9230,40263,0.003260869565217428
2023-08-25,9190,9200,9010,9070,71547,-0.017334777898158182
2023-08-28,9070,9250,9060,9180,44525,0.012127894156560126
2023-08-29,9240,9680,9200,9590,98932,0.04466230936819171
2023-08-30,9580,9830,9580,9600,87430,0.0010427528675704956
2023-08-31,9690,9750,9400,9540,62855,-0.006249999999999978
2023-09-01,10410,10700,9610,9800,995459,0.027253668763102645
2023-09-04,9770,10170,9440,9440,276825,-0.03673469387755102
2023-09-05,9450,9950,9150,9640,337045,0.021186440677966045
2023-09-06,9640,9830,9480,9730,109818,0.009336099585062207
2023-09-07,9620,10070,9330,9620,310631,-0.01130524152106882
2023-09-08,9690,9720,9480,9690,62036,0.007276507276507305
2023-09-11,9700,10040,9660,9910,132043,0.02270381836945301
2023-09-12,10000,10150,9690,9800,170354,-0.011099899091826404
2023-09-13,9700,9930,9510,9650,88555,-0.015306122448979553
2023-09-14,9680,9900,9550,9740,96010,0.00932642487046631
2023-09-15,9680,9850,9640,9680,55004,-0.006160164271047264
2023-09-18,9720,9980,9720,9800,175192,0.012396694214876103
2023-09-19,9800,9840,9670,9810,102390,0.0010204081632652073
2023-09-20,9800,9840,9590,9690,104270,-0.012232415902140636
2023-09-21,9620,9750,9450,9600,95800,-0.009287925696594423
2023-09-22,9420,9670,9360,9520,57304,-0.008333333333333304
2023-09-25,9490,9610,8900,9060,144567,-0.04831932773109249
2023-09-26,9000,9170,8950,8970,72330,-0.009933774834437137
2023-09-27,8820,9370,8810,9170,110215,0.02229654403567438
2023-10-04,9170,9170,8810,8830,74887,-0.037077426390403456
2023-10-05,8920,9360,8600,9170,147064,0.03850509626274068
2023-10-06,9140,9260,9100,9180,28534,0.0010905125408942062
2023-10-10,9270,9300,8960,8960,62255,-0.023965141612200425
2023-10-11,8980,9200,8800,8940,78636,-0.0022321428571429047
2023-10-12,8930,9010,8880,8920,50256,-0.0022371364653244186
2023-10-13,8920,8920,8300,8570,147046,-0.039237668161434924
2023-10-16,8480,8480,7640,7740,383235,-0.09684947491248541
2023-10-17,7790,8010,7240,7490,848814,-0.03229974160206717
2023-10-18,7490,7750,7250,7350,269690,-0.01869158878504673
2023-10-19,7290,7350,7040,7260,204398,-0.01224489795918371
2023-10-20,7160,7280,6960,7230,213997,-0.004132231404958664
2023-10-23,7210,7270,6930,7000,281107,-0.0318118948824343
2023-10-24,7000,7430,6850,7430,219321,0.06142857142857139
2023-10-25,7430,7480,6960,7160,217006,-0.03633916554508754
2023-10-26,7010,7150,6900,7010,101373,-0.020949720670391025
2023-10-27,7010,7130,6900,6900,89919,-0.015691868758915817
2023-10-30,6910,6960,6770,6910,58385,0.0014492753623187582
2023-10-31,6910,6970,6520,6610,161143,-0.04341534008683068
2023-11-01,6590,6790,6590,6750,149125,0.021180030257186067
2023-11-02,6770,6920,6730,6750,127759,0.0
2023-11-03,6770,6930,6670,6910,70258,0.023703703703703782
2023-11-06,6920,7150,6860,6980,189425,0.01013024602026058
2023-11-07,7020,7110,6700,6830,216946,-0.021489971346704828
2023-11-08,6830,7100,6830,6920,107782,0.013177159590043841
2023-11-09,6860,6990,6810,6920,51458,0.0
2023-11-10,6900,6910,6560,6700,76114,-0.03179190751445082
2023-11-13,6850,6850,6510,6700,82910,0.0
2023-11-14,6650,6850,6650,6810,41855,0.016417910447761086
2023-11-15,6910,6980,6820,6950,77479,0.0205580029368575
2023-11-16,6950,7020,6910,7020,24883,0.010071942446043147
2023-11-17,7020,7030,6840,6930,36478,-0.012820512820512775
2023-11-20,6990,6990,6820,6920,53002,-0.0014430014430014682
2023-11-21,6950,7000,6880,6990,58518,0.01011560693641611
2023-11-22,6950,7060,6890,6990,46207,0.0
2023-11-23,7030,7100,6930,7000,75245,0.0014306151645206988
2023-11-24,7000,7050,6960,6990,28487,-0.0014285714285714457
2023-11-27,7030,7030,6870,6900,42675,-0.012875536480686733
2023-11-28,6930,6930,6680,6800,74861,-0.01449275362318836
2023-11-29,6830,6830,6630,6660,66524,-0.020588235294117685
2023-11-30,6740,6840,6600,6750,34943,0.013513513513513598
2023-12-01,6730,6750,6570,6620,58995,-0.01925925925925931
2023-12-04,6620,6680,6350,6400,138203,-0.033232628398791486
2023-12-05,6370,6420,6270,6390,74148,-0.0015625000000000222
2023-12-06,6400,6460,6350,6460,36941,0.010954616588419341
2023-12-07,6460,6550,6230,6370,104694,-0.01393188854489169
2023-12-08,6360,6440,6290,6430,43931,0.009419152276295195
2023-12-11,6530,7050,6460,6570,314275,0.021772939346811793
2023-12-12,6520,6680,6520,6620,91519,0.007610350076103556
2023-12-13,6570,6580,6350,6380,114853,-0.03625377643504535
2023-12-14,6480,6500,6340,6420,117439,0.006269592476489061
2023-12-15,6390,6480,6380,6410,45836,-0.0015576323987538387
2023-12-18,6370,6730,6370,6500,147240,0.014040561622464809
2023-12-19,6500,6870,6490,6760,157106,0.040000000000000036
2023-12-20,6730,6850,6630,6640,95511,-0.017751479289940808
2023-12-21,6560,6670,6510,6580,47713,-0.009036144578313254
2023-12-22,6550,6610,6460,6510,96618,-0.010638297872340385
2023-12-26,6500,6600,6420,6490,68142,-0.003072196620583667
2023-12-27,6470,6580,6450,6580,37131,0.013867488443759735
2023-12-28,6590,6760,6200,6760,109279,0.02735562310030404
2024-01-02,6690,6970,6690,6860,68898,0.014792899408283988
2024-01-03,6750,7050,6730,6880,99479,0.00291545189504383
2024-01-04,6860,6860,6610,6730,79479,-0.021802325581395388
2024-01-05,6730,6780,6620,6780,54990,0.007429420505200568
2024-01-08,6780,6960,6720,6870,86395,0.01327433628318575
2024-01-09,6980,7300,6890,7300,309761,0.06259097525473067
2024-01-10,7290,7300,7000,7090,181761,-0.02876712328767128
2024-01-11,7080,7180,7030,7150,81158,0.008462623413258097
2024-01-12,7120,7150,6800,6810,114389,-0.047552447552447585
2024-01-15,6830,6840,6650,6760,119526,-0.007342143906020504
2024-01-16,6730,7300,6620,6850,327424,0.013313609467455523
2024-01-17,6790,6830,6530,6580,105216,-0.039416058394160625
2024-01-18,6530,6650,6500,6580,56725,0.0
2024-01-19,6540,6760,6540,6710,45809,0.019756838905775176
2024-01-22,6710,6770,6550,6620,95701,-0.01341281669150518
2024-01-23,6580,6760,6560,6700,41558,0.012084592145015005
2024-01-24,6710,6710,6580,6580,67046,-0.017910447761193993
2024-01-25,6580,6620,6460,6580,84066,0.0
2024-01-26,6530,6740,6520,6600,44799,0.003039513677811634
2024-01-29,6600,6780,6520,6530,92954,-0.010606060606060619
2024-01-30,6510,6660,6390,6460,88007,-0.01071975497702915
2024-01-31,6410,6440,6130,6220,191731,-0.037151702786377694
2024-02-01,6200,6250,6020,6100,124378,-0.019292604501607746
2024-02-02,6080,6190,6070,6150,66517,0.008196721311475308
2024-02-05,6150,6150,5930,5930,178013,-0.03577235772357723
2024-02-06,5860,5920,5640,5850,155628,-0.013490725126475533
2024-02-07,5790,5910,5770,5880,48685,0.00512820512820511
2024-02-08,5920,5950,5830,5890,44522,0.001700680272108901
2024-02-13,5890,6090,5850,6060,96134,0.028862478777589073
2024-02-14,6050,6070,5950,6040,45342,-0.0033003300330033403
2024-02-15,6070,6180,6000,6130,68478,0.01490066225165565
2024-02-16,6170,6580,6010,6430,258994,0.048939641109298604
2024-02-19,6480,6500,6300,6470,70301,0.0062208398133747345
2024-02-20,6410,6500,6390,6480,63047,0.0015455950540959051
2024-02-21,6480,6500,6340,6400,46714,-0.012345679012345734
2024-02-22,6340,6450,6330,6410,56876,0.0015624999999999112
2024-02-23,6400,6600,6310,6430,88813,0.0031201248049921304
2024-02-26,6430,6450,6330,6350,39780,-0.01244167962674958
2024-02-27,6380,6400,6120,6220,80804,-0.020472440944881876
2024-02-28,6220,6330,6150,6210,90328,-0.001607717041800627
2024-02-29,6240,6270,6140,6230,47371,0.0032206119162641045
2024-03-04,6230,6230,6060,6060,76739,-0.027287319422150902
2024-03-05,6000,6120,5970,6030,43160,-0.004950495049504955
2024-03-06,5980,6270,5980,6090,39105,0.00995024875621886
2024-03-07,6040,6050,5890,5940,85941,-0.024630541871921152
2024-03-08,6000,6850,5950,6450,953904,0.08585858585858586
2024-03-11,6610,7040,6400,6740,501539,0.04496124031007742
2024-03-12,6690,6810,6530,6640,124804,-0.014836795252225476
2024-03-13,6650,6690,6460,6560,138176,-0.012048192771084376
2024-03-14,6560,6620,6360,6430,107162,-0.01981707317073167
2024-03-15,6480,6660,6270,6570,124153,0.021772939346811793
2024-03-18,6740,6740,6400,6440,116044,-0.019786910197869156
2024-03-19,6430,7160,6340,6840,1274279,0.06211180124223592
2024-03-20,7340,7400,6610,6720,968505,-0.01754385964912286
2024-03-21,6660,6850,6650,6750,223021,0.0044642857142858094
2024-03-22,6750,6780,6570,6650,149209,-0.014814814814814836
2024-03-25,6670,6800,6540,6750,155622,0.015037593984962516
2024-03-26,6840,7200,6640,7150,470276,0.059259259259259345
2024-03-27,7200,8120,7060,7720,2002476,0.07972027972027962
2024-03-28,7750,7820,7500,7650,669293,-0.0090673575129534
2024-03-29,7660,8190,7490,8010,683144,0.04705882352941182
2024-04-01,8100,8170,7600,8020,611876,0.0012484394506866447
2024-04-02,7930,7930,7350,7430,339853,-0.07356608478802995
2024-04-03,7430,7430,7080,7400,254293,-0.004037685060565233
2024-04-04,7400,7400,7000,7020,229020,-0.05135135135135138
2024-04-05,6900,7100,6750,6910,184120,-0.015669515669515688
2024-04-08,6990,6990,6620,6690,114266,-0.03183791606367581
2024-04-09,6690,6950,6660,6920,112081,0.034379671150971625
2024-04-11,6840,6900,6670,6750,59519,-0.024566473988439252
2024-04-12,6750,7020,6750,6920,137466,0.0251851851851852
2024-04-15,6750,6980,6700,6890,100887,-0.00433526011560692
2024-04-16,6780,6900,6660,6880,88614,-0.0014513788098693414
2024-04-17,6930,7270,6930,7040,228662,0.023255813953488413
2024-04-18,7080,7250,7040,7170,102655,0.01846590909090917
2024-04-19,7170,7300,6800,7140,220589,-0.004184100418409997
2024-04-22,7460,8770,7410,7850,16247832,0.09943977591036424
2024-04-23,7770,8090,7760,8090,2027019,0.030573248407643305
2024-04-24,8010,8150,7800,7980,1211722,-0.013597033374536438
2024-04-25,7800,8150,7720,7980,1548480,0.0
2024-04-26,8150,8170,7830,7860,804100,-0.015037593984962405
2024-04-29,7810,8100,7520,7980,914093,0.01526717557251911
2024-04-30,7970,8020,7810,7830,371287,-0.018796992481203034
2024-05-02,7830,8020,7590,8010,326867,0.02298850574712641
2024-05-03,8020,8040,7800,7810,274757,-0.024968789013732784
2024-05-07,7900,7980,7720,7770,324652,-0.005121638924455829
2024-05-08,7730,7780,7570,7650,276186,-0.015444015444015413
2024-05-09,7650,7770,7590,7680,151821,0.0039215686274509665
2024-05-10,7680,8220,7680,7990,883701,0.04036458333333326
2024-05-13,8090,8420,7900,8300,1142235,0.038798498122653235
2024-05-14,8310,9270,8250,8900,3156436,0.07228915662650603
2024-05-16,8890,8920,8630,8630,657883,-0.030337078651685445
2024-05-17,8610,8750,8380,8400,332715,-0.02665121668597914
2024-05-20,8360,8520,8110,8310,566327,-0.010714285714285676
2024-05-21,8290,8640,8200,8600,357588,0.03489771359807459
2024-05-22,8530,8650,8320,8440,259018,-0.018604651162790753
2024-05-23,8310,8420,8050,8050,411614,-0.04620853080568721
2024-05-24,7950,8130,7840,8130,304103,0.009937888198757738
2024-05-27,8150,8150,7530,7720,463906,-0.050430504305043033
2024-05-28,7740,7810,7660,7740,171960,0.002590673575129543
2024-05-29,7790,7790,7500,7570,256284,-0.021963824289405687
2024-05-30,7570,7630,7450,7590,129301,0.0026420079260238705
2024-05-31,7620,7740,7530,7590,100192,0.0
2024-06-03,7630,7950,7600,7860,150606,0.035573122529644285
2024-06-04,7890,8100,7810,8040,255833,0.022900763358778553
2024-06-05,8030,8110,7850,8010,152654,-0.003731343283582045
2024-06-07,7950,8190,7910,7980,135849,-0.0037453183520599342
2024-06-10,8030,8030,7750,7850,97162,-0.016290726817042578
2024-06-11,7790,8020,7790,7950,135407,0.01273885350318471
2024-06-12,7910,8630,7870,8620,940198,0.08427672955974841
2024-06-13,8660,8670,8410,8540,278131,-0.009280742459396807
2024-06-14,8530,8530,8190,8200,240480,-0.03981264637002346
2024-06-17,8200,8370,8060,8260,134281,0.007317073170731714
2024-06-18,8270,8730,8200,8550,405945,0.03510895883777243
2024-06-19,8550,8620,8380,8510,171184,-0.004678362573099393
2024-06-20,8450,8580,8280,8300,204836,-0.024676850763807323
2024-06-21,8300,8350,8050,8190,258773,-0.013253012048192736
2024-06-24,8100,8190,7890,7970,167119,-0.026862026862026878
2024-06-25,8010,8200,7940,8030,125154,0.007528230865746499
2024-06-26,8020,8180,7920,8090,129038,0.007471980074719831
2024-06-27,8140,8140,7950,8030,57862,-0.007416563658838027
2024-06-28,8030,8230,7920,8030,126189,0.0
2024-07-01,8030,8120,7940,8110,88908,0.00996264009962644
2024-07-02,8060,8140,7500,7590,258835,-0.06411837237977802
2024-07-03,7600,7780,7340,7720,197403,0.017127799736495364
2024-07-04,7680,7790,7530,7700,52489,-0.002590673575129543
2024-07-05,7740,7740,7570,7700,103747,0.0
2024-07-08,7690,7820,7570,7800,76594,0.01298701298701288
2024-07-09,7800,7820,7640,7770,172408,-0.0038461538461538325
2024-07-10,8150,8820,7580,7680,571614,-0.01158301158301156
2024-07-11,7740,7790,7580,7660,151137,-0.0026041666666666297
2024-07-12,7650,7650,7510,7640,88745,-0.0026109660574412663
2024-07-15,7650,7740,7580,7690,108686,0.00654450261780104
2024-07-16,7710,7710,7500,7520,80499,-0.022106631989596837
2024-07-17,7600,7600,7220,7460,190913,-0.007978723404255317
2024-07-18,7330,7380,7080,7080,170012,-0.05093833780160861
2024-07-19,7010,7230,6850,7230,167686,0.021186440677966045
2024-07-22,7120,7200,6810,7010,187094,-0.03042876901798064
2024-07-23,6940,7010,6820,6950,95029,-0.008559201141226769
2024-07-24,6880,7040,6860,6930,66025,-0.0028776978417266452
2024-07-25,6880,6880,6590,6610,138963,-0.046176046176046204
2024-07-26,6680,6840,6550,6840,83001,0.03479576399394846
2024-07-29,6810,7020,6630,6860,233125,0.0029239766081872176
2024-07-30,6860,6910,6650,6850,80965,-0.001457725947521915
2024-07-31,6790,6840,6650,6690,90898,-0.023357664233576658
2024-08-01,6750,6950,6700,6950,120821,0.038863976083707064
2024-08-02,6830,6830,6610,6610,114296,-0.048920863309352525
2024-08-05,6420,6480,5290,5880,500333,-0.11043872919818454
2024-08-06,5820,6250,5820,6220,312289,0.05782312925170063
2024-08-07,6110,6500,6110,6350,114736,0.020900321543408262
2024-08-08,6290,6610,6250,6550,91060,0.03149606299212593
2024-08-09,6550,6760,6490,6740,147486,0.02900763358778624
2024-08-12,6770,6800,6660,6710,82713,-0.004451038575667643
2024-08-13,6610,6730,6450,6650,340424,-0.008941877794336861
2024-08-14,6660,7420,6660,7260,731148,0.09172932330827077
2024-08-16,7220,7270,7020,7200,140752,-0.008264462809917328
2024-08-19,7190,7240,7090,7170,158094,-0.004166666666666652
2024-08-20,7160,7580,7160,7460,330323,0.04044630404463034
2024-08-21,7370,7450,7200,7450,82391,-0.0013404825737265424
2024-08-22,7440,7650,7090,7210,419224,-0.03221476510067112
2024-08-23,7140,7280,7060,7250,122928,0.00554785020804438
2024-08-26,7280,7290,6850,6850,187904,-0.05517241379310345
2024-08-27,6850,7220,6830,7200,139905,0.051094890510948954
2024-08-28,7200,7300,7090,7220,103764,0.002777777777777768
2024-08-29,7190,7260,7140,7230,47749,0.0013850415512466352
2024-08-30,7280,7310,7160,7260,70908,0.004149377593360981
2024-09-02,7260,7280,7160,7260,70674,0.0
2024-09-03,7200,7330,7170,7240,61516,-0.0027548209366391463
2024-09-04,7070,7190,6700,6740,526556,-0.06906077348066297
2024-09-05,6760,6940,6720,6870,162953,0.01928783382789323
2024-09-06,6870,6870,6600,6650,98391,-0.03202328966521106
2024-09-09,6550,6690,6440,6670,160377,0.003007518796992459
2024-09-10,6690,6740,6580,6700,88899,0.004497751124437732
2024-09-11,6740,6900,6700,6760,97562,0.008955223880596996
2024-09-12,6770,7040,6770,6940,170657,0.026627218934911268
2024-09-13,6920,7160,6840,7050,118094,0.015850144092218965
2024-09-19,7080,7120,7000,7100,82395,0.007092198581560183
2024-09-20,7070,7250,7010,7220,117187,0.016901408450704203
2024-09-23,7250,7680,7220,7600,292664,0.05263157894736836
2024-09-24,7580,7600,7330,7460,124850,-0.018421052631578894
2024-09-25,7460,7960,7410,7570,386313,0.014745308310991856
2024-09-26,7540,7600,7380,7420,188498,-0.019815059445178362
2024-09-27,7410,7630,7370,7520,57474,0.013477088948786964
2024-09-30,7530,7620,7420,7510,78613,-0.0013297872340425343
2024-10-02,7430,7900,7430,7820,281005,0.04127829560585883
2024-10-04,7770,8220,7770,8110,444748,0.037084398976982014
2024-10-07,8130,8870,7890,8030,1890257,-0.009864364981504337
2024-10-08,7920,8720,7820,8340,921642,0.038605230386052236
2024-10-10,8300,8340,8120,8130,130645,-0.025179856115107868
2024-10-11,8140,8400,8070,8330,252175,0.024600246002460135
2024-10-14,8330,8450,8140,8150,154402,-0.021608643457383003
2024-10-15,8150,8330,8010,8330,190967,0.022085889570552242
2024-10-16,8330,8500,8160,8350,225220,0.0024009603841537164
2024-10-17,8400,8740,8400,8640,352664,0.03473053892215572
2024-10-18,8640,8650,8320,8500,181262,-0.01620370370370372
2024-10-21,8500,8740,8190,8430,358511,-0.008235294117647007
2024-10-22,8450,8540,8280,8350,207614,-0.009489916963226541
2024-10-23,8440,8790,8400,8650,569881,0.03592814371257491
2024-10-24,8650,9060,8550,8720,427336,0.008092485549132888
2024-10-25,8720,8860,8340,8440,268163,-0.032110091743119296
2024-10-28,8490,8660,8390,8620,165753,0.021327014218009532
2024-10-29,8560,8710,8350,8430,165380,-0.022041763341067333
2024-10-30,8450,8760,8380,8650,204951,0.02609727164887299
2024-10-31,8620,8650,8410,8490,89550,-0.018497109826589586
2024-11-01,8390,8450,7880,8250,379765,-0.028268551236749095
2024-11-04,8140,8400,8070,8390,166876,0.01696969696969708
2024-11-05,8400,8890,8380,8810,416133,0.05005959475566146
2024-11-06,8930,8940,8630,8820,206591,0.0011350737797957144
2024-11-07,8830,8910,8590,8790,170443,-0.003401360544217691
2024-11-08,8830,8910,8560,8760,146085,-0.0034129692832765013
2024-11-11,8800,8990,8510,8740,362947,-0.0022831050228310223
2024-11-12,8650,8890,8190,8190,534040,-0.06292906178489699
2024-11-13,8020,8180,7840,8060,404475,-0.015873015873015928
2024-11-14,8060,8230,7710,7710,387153,-0.043424317617866026
2024-11-15,7710,7860,7480,7640,210382,-0.009079118028534339
2024-11-18,7600,7740,7360,7370,275793,-0.035340314136125706
2024-11-19,7420,7680,7420,7560,140039,0.02578018995929443
2024-11-20,7560,7620,7320,7560,91011,0.0
2024-11-21,7520,7600,7400,7510,99260,-0.006613756613756627
2024-11-22,7500,7600,7380,7390,96644,-0.015978695073235683
2024-11-25,7420,7620,7370,7590,83357,0.02706359945872805
2024-11-26,7540,7750,7520,7740,79333,0.01976284584980248
2024-11-27,7780,7780,7490,7550,95336,-0.02454780361757103
2024-11-28,7510,8020,7450,7850,222781,0.039735099337748325
2024-11-29,7850,8000,7700,8000,194931,0.019108280254777066
2024-12-02,8000,8050,7810,7990,178855,-0.0012499999999999734
2024-12-03,7930,8060,7930,8060,87527,0.008760951188986343
2024-12-04,7820,8050,7820,7920,165436,-0.017369727047146455
2024-12-05,7990,8000,7660,7940,99047,0.002525252525252597
2024-12-06,7850,7870,7160,7690,368995,-0.03148614609571787
2024-12-09,7450,7740,7390,7520,221736,-0.022106631989596837
2024-12-10,7600,8010,7600,7960,221736,0.0585106382978724
2024-12-11,8010,8110,7910,8020,74609,0.007537688442211143
2024-12-12,8010,8330,8010,8310,171629,0.03615960099750626
2024-12-13,8310,8390,8100,8210,155992,-0.012033694344163681
2024-12-16,8250,8460,8190,8380,112955,0.020706455542021995
2024-12-17,8450,8450,8320,8410,56510,0.0035799522673030104
2024-12-18,8360,8480,8180,8320,76013,-0.010701545778834753
2024-12-19,8150,8400,8100,8310,110376,-0.0012019230769231282
2024-12-20,8230,8310,8090,8150,94458,-0.019253910950661868
2024-12-23,8150,8360,8130,8300,65360,0.018404907975460016
2024-12-24,8230,8310,8070,8100,58272,-0.02409638554216864
2024-12-26,8100,8150,7920,7990,97076,-0.013580246913580285
2024-12-27,7940,8080,7720,7880,78111,-0.013767209011264048
2024-12-30,7880,8130,7800,8120,66822,0.030456852791878264
2025-01-02,8120,8400,8100,8340,96621,0.027093596059113212
2025-01-03,8360,8360,8160,8320,95444,-0.0023980815347721673
2025-01-06,8370,8370,8170,8260,160264,-0.007211538461538436
2025-01-07,8260,8540,8190,8420,190664,0.01937046004842613
2025-01-08,8420,8420,8200,8360,152322,-0.0071258907363420665
2025-01-09,8340,8400,8160,8270,79509,-0.010765550239234423
2025-01-10,8210,8260,8000,8010,98822,-0.03143893591293834
2025-01-13,8010,8070,7840,7910,122259,-0.012484394506866447
2025-01-14,7980,7980,7770,7930,67705,0.0025284450063212116
2025-01-15,7900,7980,7680,7720,101251,-0.02648171500630514
2025-01-16,7750,7810,7660,7780,102249,0.007772020725388629
2025-01-17,7790,7840,7710,7830,40575,0.006426735218509005
2025-01-20,7830,7880,7610,7650,87423,-0.02298850574712641
2025-01-21,7650,7850,7650,7820,81899,0.022222222222222143
2025-01-22,7820,7890,7750,7850,81680,0.0038363171355497716
2025-01-23,7860,7880,7660,7820,47524,-0.003821656050955413
2025-01-24,7770,7860,7710,7710,38727,-0.014066496163682829
2025-01-31,7770,7770,7390,7500,90816,-0.027237354085603127
2025-02-03,7360,7960,7340,7780,269149,0.03733333333333344
2025-02-04,7790,8430,7790,8320,296483,0.06940874035989708
2025-02-05,8350,8400,8230,8390,92497,0.008413461538461453
2025-02-06,8390,8540,8340,8450,95462,0.007151370679380209
2025-02-07,8490,8490,8300,8470,81602,0.002366863905325367
2025-02-10,8470,8630,8350,8550,150624,0.009445100354191327
2025-02-11,8650,8650,8390,8390,85193,-0.018713450292397682
2025-02-12,8410,8520,8400,8500,87051,0.013110846245530494
2025-02-13,8530,8530,8300,8360,82440,-0.016470588235294126
2025-02-14,8360,8850,8360,8560,215947,0.02392344497607657
2025-02-17,8660,9300,8640,9240,679078,0.07943925233644866
2025-02-18,9240,9390,9040,9150,335926,-0.009740259740259716
2025-02-19,9220,9220,8850,9010,234162,-0.015300546448087426
2025-02-20,9090,9100,8760,8830,184456,-0.019977802441731418
2025-02-21,8740,9000,8680,8810,169297,-0.0022650056625141968
2025-02-24,8730,8840,8530,8600,146476,-0.023836549375709448
2025-02-25,8620,8670,8500,8600,122708,0.0
2025-02-26,8670,8800,8530,8640,138150,0.0046511627906977715
2025-02-27,8640,8890,8470,8750,170648,0.0127314814814814
2025-02-28,8710,8750,8550,8650,92030,-0.011428571428571455
2025-03-04,8600,8680,8080,8330,343129,-0.03699421965317917
2025-03-05,8440,8600,7990,8020,284319,-0.037214885954381716
2025-03-06,8120,8240,7960,8130,223140,0.013715710723191998
2025-03-07,8100,8300,7770,7780,261673,-0.043050430504305015
2025-03-10,7840,8000,7600,7770,316556,-0.0012853470437017567
2025-03-11,7630,7880,7560,7870,144099,0.01287001287001277
2025-03-12,7880,8000,7800,7850,98921,-0.0025412960609910717
2025-03-13,7930,7950,7600,7670,181708,-0.02292993630573248
2025-03-14,7670,7780,7590,7700,90663,0.003911342894393766
2025-03-17,7770,7800,7580,7690,124049,-0.0012987012987012436
2025-03-18,7690,7830,7620,7820,81628,0.016905071521456483
2025-03-19,7820,7890,7690,7750,75904,-0.008951406649616356
2025-03-20,7740,7830,7600,7680,101236,-0.00903225806451613
2025-03-21,7690,7720,7570,7600,115236,-0.01041666666666663
2025-03-24,7540,7620,7330,7470,288741,-0.017105263157894735
2025-03-25,7470,7560,7280,7440,186039,-0.004016064257028162
2025-03-26,7440,7650,7340,7480,122660,0.005376344086021501
2025-03-27,7400,7500,7310,7420,166917,-0.008021390374331583
2025-03-28,7420,7450,7260,7290,140878,-0.01752021563342321
2025-03-31,7260,7310,7020,7280,195775,-0.00137174211248281
2025-04-01,7300,7450,7160,7360,243642,0.01098901098901095
2025-04-02,7350,7410,7200,7390,124562,0.0040760869565217295
2025-04-03,7240,7470,7170,7450,144573,0.008119079837618504
2025-04-04,7380,7510,7230,7490,139949,0.005369127516778427
2025-04-07,7390,7490,7050,7280,195034,-0.028037383177570097
2025-04-08,7300,7510,7260,7480,106335,0.027472527472527375
2025-04-09,7350,7490,7260,7260,96253,-0.02941176470588236
2025-04-10,7440,7860,7420,7770,236545,0.07024793388429762
2025-04-11,7690,8250,7650,8060,308930,0.03732303732303732
2025-04-14,8100,8210,8050,8200,169932,0.017369727047146455
2025-04-15,8200,8300,8130,8290,95452,0.01097560975609757
2025-04-16,9230,9520,8120,8270,2037144,-0.0024125452352231624
2025-04-17,7900,8180,7750,7980,422621,-0.035066505441354257
2025-04-18,8000,8170,7880,8160,202412,0.022556390977443552
2025-04-21,8140,8310,8060,8200,115747,0.004901960784313708
2025-04-22,8090,8210,8060,8130,87433,-0.008536585365853666
2025-04-23,8240,8270,8050,8100,112577,-0.0036900369003689537
2025-04-24,8140,8150,8020,8120,50194,0.0024691358024691024
2025-04-25,8160,8180,8020,8150,48242,0.003694581280788256
2025-04-28,8100,8230,8000,8000,40324,-0.018404907975460127
2025-04-29,8000,8150,7950,8140,65006,0.01750000000000007
2025-04-30,8080,8110,7890,8050,69186,-0.011056511056511065
2025-05-02,8050,8250,7910,8230,88626,0.022360248447204967
2025-05-07,8230,8380,8210,8280,62143,0.0060753341433779084
2025-05-08,8280,8350,8210,8350,62871,0.008454106280193274
2025-05-09,8350,8690,8210,8260,1468733,-0.010778443113772407
2025-05-12,8330,8610,8140,8450,125113,0.02300242130750596
2025-05-13,8480,8690,8290,8330,160823,-0.014201183431952646
2025-05-14,8340,8410,7920,8150,289052,-0.021608643457383003
2025-05-15,8140,8180,7960,7960,81652,-0.0233128834355828
2025-05-16,8030,8080,7850,7970,125543,0.0012562814070351536
2025-05-19,7900,7980,7860,7930,97259,-0.005018820577164407
2025-05-20,7940,8510,7870,8420,360654,0.06179066834804536
2025-05-21,8470,8470,8290,8370,79854,-0.005938242280285055
2025-05-22,8370,8510,8290,8420,134997,0.005973715651135025
2025-05-23,8370,8470,8180,8420,180078,0.0
2025-05-26,8420,8420,8200,8290,87700,-0.015439429928741144
2025-05-27,8290,8340,8060,8150,109589,-0.016887816646562137
2025-05-28,8160,8160,7970,8040,128227,-0.013496932515337456
2025-05-29,8040,8080,7890,7990,99675,-0.006218905472636815
2025-05-30,8020,8020,7900,7930,53555,-0.007509386733416723
2025-06-02,7960,7960,7720,7850,180002,-0.010088272383354302
2025-06-04,7860,7910,7800,7850,67634,0.0
2025-06-05,7850,7850,7700,7750,97598,-0.01273885350318471
2025-06-09,7800,7900,7750,7900,67871,0.019354838709677358
2025-06-10,7910,7930,7660,7900,64180,0.0
2025-06-11,7990,8010,7900,7980,75117,0.010126582278481067
2025-06-12,8050,8050,7960,8020,56359,0.005012531328320913
2025-06-13,8040,8070,7670,7780,182633,-0.029925187032418976
2025-06-16,7780,7860,7730,7840,82405,0.007712082262210762
2025-06-17,7880,7890,7770,7840,102752,0.0
2025-06-18,7840,7920,7770,7920,60848,0.010204081632652962
2025-06-19,7970,7970,7770,7800,44646,-0.015151515151515138
2025-06-20,7820,7930,7790,7900,65817,0.012820512820512775
2025-06-23,7890,7890,7700,7740,74851,-0.020253164556962022
2025-06-24,7840,7850,7740,7830,87645,0.011627906976744207
2025-06-25,7890,7890,7700,7770,78539,-0.007662835249042099
2025-06-26,7770,7770,7540,7620,72598,-0.019305019305019266
2025-06-27,7670,7700,7540,7630,64982,0.001312335958005173
2025-06-30,7630,7680,7560,7620,30178,-0.001310615989515096
2025-07-01,7630,7640,7530,7530,35287,-0.011811023622047223
