Date,Open,High,Low,Close,Volume,Change
2022-01-03,889,903,888,902,292089,0.015765765765765716
2022-01-04,902,906,894,904,219354,0.0022172949002217113
2022-01-05,904,930,895,930,1158126,0.028761061946902755
2022-01-06,908,925,899,900,777892,-0.032258064516129004
2022-01-07,900,913,894,908,286095,0.008888888888888946
2022-01-10,919,919,899,900,426366,-0.008810572687224627
2022-01-11,899,903,880,899,352010,-0.0011111111111110628
2022-01-12,894,924,894,917,321594,0.020022246941045596
2022-01-13,927,959,923,955,1064082,0.04143947655398028
2022-01-14,956,958,929,929,538678,-0.027225130890052407
2022-01-17,929,955,893,893,700949,-0.038751345532830994
2022-01-18,892,906,867,878,387750,-0.016797312430011146
2022-01-19,868,874,840,852,395803,-0.029612756264236872
2022-01-20,852,874,844,871,210672,0.02230046948356801
2022-01-21,873,881,863,865,254023,-0.006888633754305373
2022-01-24,856,856,830,832,308188,-0.03815028901734108
2022-01-25,827,832,770,795,973928,-0.044471153846153855
2022-01-26,795,812,787,804,316238,0.01132075471698113
2022-01-27,791,809,760,767,340201,-0.04601990049751248
2022-01-28,760,798,760,798,292854,0.04041720990873543
2022-02-03,818,829,811,828,197303,0.03759398496240607
2022-02-04,833,863,829,863,273671,0.04227053140096615
2022-02-07,865,879,861,870,184254,0.008111239860950192
2022-02-08,870,899,870,877,350946,0.008045977011494232
2022-02-09,885,890,873,880,102055,0.003420752565564511
2022-02-10,880,883,865,877,242451,-0.003409090909090917
2022-02-11,872,872,844,845,249366,-0.036488027366020526
2022-02-14,837,837,800,812,260183,-0.03905325443786978
2022-02-15,1055,1055,830,840,21131747,0.034482758620689724
2022-02-16,840,881,837,849,2101439,0.010714285714285676
2022-02-17,855,857,834,839,1520813,-0.011778563015312105
2022-02-18,824,868,822,858,877294,0.022646007151370773
2022-02-21,858,862,839,856,520364,-0.002331002331002363
2022-02-22,856,856,835,837,656116,-0.02219626168224298
2022-02-23,837,861,837,849,568883,0.014336917562723928
2022-02-24,851,861,823,838,600752,-0.012956419316843326
2022-02-25,840,857,838,840,615830,0.0023866348448686736
2022-02-28,840,865,837,853,512844,0.015476190476190421
2022-03-02,853,873,851,873,554884,0.023446658851113744
2022-03-03,873,878,866,874,538301,0.001145475372279492
2022-03-04,873,905,863,897,1701557,0.026315789473684292
2022-03-07,897,897,865,874,732943,-0.02564102564102566
2022-03-08,866,866,848,850,366309,-0.027459954233409634
2022-03-10,853,866,851,863,316165,0.015294117647058902
2022-03-11,872,878,863,871,654927,0.009269988412514474
2022-03-14,871,878,853,865,331099,-0.006888633754305373
2022-03-15,858,871,855,863,324330,-0.0023121387283236983
2022-03-16,868,878,868,878,328237,0.017381228273464666
2022-03-17,887,895,878,894,576973,0.018223234624145768
2022-03-18,894,897,886,894,521276,0.0
2022-03-21,894,907,891,895,685974,0.0011185682326622093
2022-03-22,895,908,891,898,395968,0.003351955307262511
2022-03-23,898,908,893,903,464612,0.0055679287305121505
2022-03-24,903,916,896,903,497680,0.0
2022-03-25,906,928,904,919,760485,0.017718715393133966
2022-03-28,928,930,910,918,364249,-0.0010881392818280489
2022-03-29,919,926,910,910,540207,-0.008714596949891074
2022-03-30,913,918,896,896,560982,-0.01538461538461533
2022-03-31,894,921,894,915,524283,0.021205357142857206
2022-04-01,916,932,914,922,697752,0.007650273224043769
2022-04-04,919,960,915,954,1145082,0.03470715835141003
2022-04-05,954,963,943,955,622322,0.0010482180293500676
2022-04-06,955,978,952,959,462049,0.004188481675392763
2022-04-07,954,954,933,934,402935,-0.026068821689259614
2022-04-08,926,940,917,927,314954,-0.00749464668094213
2022-04-11,930,962,930,953,558869,0.028047464940668787
2022-04-12,932,953,922,927,543063,-0.02728226652675758
2022-04-13,927,936,920,933,331185,0.006472491909385036
2022-04-14,935,942,928,935,375809,0.002143622722400762
2022-04-15,935,935,918,920,366441,-0.016042780748663055
2022-04-18,919,928,908,928,392294,0.008695652173912993
2022-04-19,919,939,916,939,415137,0.0118534482758621
2022-04-20,942,942,931,931,158717,-0.008519701810436597
2022-04-21,931,931,920,921,291421,-0.01074113856068748
2022-04-22,915,924,908,909,255640,-0.013029315960912058
2022-04-25,910,951,903,921,1379029,0.013201320132013139
2022-04-26,916,926,913,922,413403,0.0010857763300760048
2022-04-27,902,919,895,907,359525,-0.01626898047722347
2022-04-28,902,913,885,894,581304,-0.01433296582138921
2022-04-29,888,898,881,891,316164,-0.003355704697986628
2022-05-02,891,892,841,886,320142,-0.0056116722783389195
2022-05-03,888,897,882,886,286124,0.0
2022-05-04,887,897,885,886,222942,0.0
2022-05-06,878,889,869,874,210435,-0.013544018058690765
2022-05-09,874,877,834,841,276217,-0.03775743707093826
2022-05-10,833,837,798,837,301999,-0.0047562425683710385
2022-05-11,824,886,820,875,387151,0.045400238948626104
2022-05-12,872,873,833,836,234992,-0.044571428571428595
2022-05-13,828,844,826,838,170022,0.0023923444976077235
2022-05-16,847,855,841,844,140397,0.007159904534606243
2022-05-17,853,886,846,879,351933,0.041469194312796276
2022-05-18,885,915,879,897,1020707,0.020477815699658786
2022-05-19,876,881,853,880,381033,-0.018952062430323324
2022-05-20,871,879,866,878,275790,-0.002272727272727315
2022-05-23,878,887,861,861,250540,-0.019362186788154934
2022-05-24,861,870,854,861,146674,0.0
2022-05-25,854,858,842,844,215355,-0.019744483159117254
2022-05-26,844,854,835,835,246012,-0.010663507109004766
2022-05-27,850,857,838,851,1209702,0.01916167664670665
2022-05-30,851,871,851,870,371400,0.02232667450058745
2022-05-31,873,883,868,875,479449,0.005747126436781658
2022-06-02,875,876,861,865,159438,-0.011428571428571455
2022-06-03,865,873,864,871,187121,0.006936416184971206
2022-06-07,871,871,852,854,178074,-0.019517795637198576
2022-06-08,846,862,846,856,126279,0.0023419203747072626
2022-06-09,856,857,829,840,223855,-0.01869158878504673
2022-06-10,840,843,810,820,240628,-0.023809523809523836
2022-06-13,809,809,780,782,402048,-0.04634146341463419
2022-06-14,756,789,742,784,310462,0.002557544757033181
2022-06-15,771,782,750,764,288926,-0.025510204081632626
2022-06-16,764,785,757,765,160976,0.0013089005235602524
2022-06-17,765,779,708,772,370367,0.009150326797385588
2022-06-20,770,774,711,713,351194,-0.07642487046632129
2022-06-21,710,727,709,717,193315,0.005610098176718203
2022-06-22,717,728,665,677,494272,-0.05578800557880059
2022-06-23,671,683,647,651,626709,-0.03840472673559825
2022-06-24,651,716,651,700,342828,0.07526881720430101
2022-06-27,705,750,705,724,207462,0.03428571428571425
2022-06-28,725,753,725,725,181728,0.0013812154696133394
2022-06-29,725,737,722,736,144583,0.015172413793103523
2022-06-30,731,733,704,713,318459,-0.03125
2022-07-01,713,721,701,710,248067,-0.0042075736325385416
2022-07-04,710,725,691,700,248956,-0.014084507042253502
2022-07-05,700,717,691,712,128309,0.017142857142857126
2022-07-06,717,720,701,704,110964,-0.011235955056179803
2022-07-07,704,711,699,704,115281,0.0
2022-07-08,712,727,712,727,100341,0.032670454545454586
2022-07-11,727,754,713,728,279777,0.0013755158184318717
2022-07-12,725,725,695,713,271628,-0.020604395604395642
2022-07-13,710,717,701,710,117920,-0.0042075736325385416
2022-07-14,710,717,701,715,88193,0.007042253521126751
2022-07-15,710,715,695,708,134102,-0.009790209790209836
2022-07-18,712,726,707,721,102329,0.01836158192090398
2022-07-19,721,725,715,720,100127,-0.001386962552011095
2022-07-20,722,735,718,725,169158,0.00694444444444442
2022-07-21,725,729,718,724,174746,-0.0013793103448276334
2022-07-22,724,728,708,711,192010,-0.017955801104972413
2022-07-25,711,715,703,712,78725,0.0014064697609001975
2022-07-26,712,712,703,705,110061,-0.0098314606741573
2022-07-27,705,712,703,711,61573,0.008510638297872353
2022-07-28,716,719,710,710,156203,-0.0014064697609000865
2022-07-29,711,720,710,718,113505,0.011267605633802802
2022-08-01,718,721,706,709,275299,-0.012534818941504211
2022-08-02,720,722,712,717,99813,0.01128349788434413
2022-08-03,717,728,713,725,98781,0.01115760111576014
2022-08-04,726,737,725,737,189305,0.016551724137930934
2022-08-05,738,745,734,743,96045,0.008141112618724522
2022-08-08,743,743,730,738,59279,-0.006729475100942128
2022-08-09,738,741,725,729,78973,-0.012195121951219523
2022-08-10,729,738,723,728,129816,-0.00137174211248281
2022-08-11,729,750,729,745,251854,0.02335164835164827
2022-08-12,772,776,745,747,463453,0.0026845637583892135
2022-08-16,752,756,744,746,205656,-0.0013386880856760541
2022-08-17,745,761,731,755,644564,0.012064343163538771
2022-08-18,748,767,746,751,311155,-0.005298013245033095
2022-08-19,747,755,747,751,141493,0.0
2022-08-22,750,750,716,717,356808,-0.045272969374167804
2022-08-23,713,734,703,728,243641,0.015341701534170138
2022-08-24,728,735,719,729,96451,0.0013736263736263687
2022-08-25,735,744,733,739,175122,0.013717421124828544
2022-08-26,747,758,743,747,117413,0.010825439783491264
2022-08-29,734,735,716,727,198595,-0.02677376171352075
2022-08-30,719,742,718,738,240415,0.015130674002751032
2022-08-31,738,746,729,745,160059,0.009485094850948617
2022-09-01,747,749,721,727,168822,-0.024161073825503365
2022-09-02,720,727,711,723,157140,-0.005502063273727598
2022-09-05,722,722,690,713,213311,-0.013831258644536604
2022-09-06,705,719,704,708,110184,-0.007012622720897643
2022-09-07,715,715,690,714,230710,0.008474576271186418
2022-09-08,706,714,703,703,97578,-0.01540616246498594
2022-09-13,711,715,707,715,169940,0.017069701280227667
2022-09-14,707,707,697,706,109801,-0.012587412587412583
2022-09-15,705,708,699,704,222276,-0.0028328611898017497
2022-09-16,698,699,678,694,282431,-0.014204545454545414
2022-09-19,692,692,653,673,242426,-0.030259365994236287
2022-09-20,656,680,656,673,177487,0.0
2022-09-21,680,692,673,675,178013,0.002971768202080227
2022-09-22,668,675,656,673,160218,-0.002962962962962945
2022-09-23,673,713,666,681,1084007,0.011887072808320909
2022-09-26,681,681,635,659,490680,-0.032305433186490484
2022-09-27,659,684,645,659,550364,0.0
2022-09-28,659,676,615,626,555616,-0.050075872534142696
2022-09-29,628,647,600,610,305522,-0.025559105431309903
2022-09-30,590,614,589,595,335533,-0.024590163934426257
2022-10-04,601,612,600,600,246257,0.008403361344537785
2022-10-05,612,618,596,608,325006,0.01333333333333342
2022-10-06,609,650,602,631,531394,0.03782894736842102
2022-10-07,631,647,606,625,459960,-0.009508716323296307
2022-10-11,618,618,590,597,297096,-0.04479999999999995
2022-10-12,585,670,584,658,1056517,0.102177554438861
2022-10-13,657,669,593,596,597881,-0.0942249240121581
2022-10-14,605,616,602,612,390046,0.02684563758389258
2022-10-17,611,615,590,615,133956,0.004901960784313708
2022-10-18,616,635,612,625,196575,0.016260162601626105
2022-10-19,627,689,625,664,1110559,0.06240000000000001
2022-10-20,684,687,644,667,586808,0.004518072289156683
2022-10-21,667,670,641,658,376646,-0.013493253373313308
2022-10-24,663,664,620,646,321677,-0.018237082066869248
2022-10-25,653,654,635,635,204479,-0.017027863777089758
2022-10-26,635,652,625,643,220130,0.012598425196850505
2022-10-27,644,659,643,653,137404,0.015552099533437058
2022-10-28,653,653,632,644,220568,-0.013782542113323082
2022-10-31,645,649,636,637,133702,-0.010869565217391353
2022-11-01,644,647,633,638,209945,0.0015698587127157548
2022-11-02,643,648,633,647,92404,0.014106583072100332
2022-11-03,642,686,635,666,247193,0.029366306027820643
2022-11-04,665,680,660,676,200415,0.01501501501501501
2022-11-07,676,697,671,690,259681,0.020710059171597628
2022-11-08,696,697,685,697,280718,0.010144927536231974
2022-11-09,698,714,695,707,303806,0.01434720229555242
2022-11-10,706,709,691,702,182978,-0.007072135785007094
2022-11-11,719,720,704,711,151920,0.012820512820512775
2022-11-14,709,709,695,705,197236,-0.008438818565400852
2022-11-15,705,705,690,699,314506,-0.008510638297872353
2022-11-16,699,705,671,692,445279,-0.010014306151645225
2022-11-17,692,699,678,691,180632,-0.0014450867052022698
2022-11-18,691,695,683,690,106033,-0.0014471780028944004
2022-11-21,690,694,677,677,68595,-0.018840579710144967
2022-11-22,670,687,669,687,149483,0.01477104874446078
2022-11-23,687,693,686,691,271130,0.005822416302765587
2022-11-24,693,703,691,702,231581,0.01591895803183796
2022-11-25,709,709,691,703,122792,0.0014245014245013454
2022-11-28,703,707,693,702,188498,-0.0014224751066855834
2022-11-29,694,705,692,700,99542,-0.002849002849002802
2022-11-30,700,704,685,701,112093,0.0014285714285713347
2022-12-01,708,710,694,703,184776,0.0028530670470756636
2022-12-02,705,710,700,705,196182,0.002844950213371167
2022-12-05,700,708,699,706,130778,0.0014184397163119478
2022-12-06,705,711,700,704,167979,-0.0028328611898017497
2022-12-07,700,705,692,703,141618,-0.0014204545454545858
2022-12-08,700,705,693,700,99445,-0.004267425320056861
2022-12-09,690,704,690,700,56626,0.0
2022-12-12,704,704,685,698,96096,-0.0028571428571428914
2022-12-13,701,702,684,695,52964,-0.004297994269340966
2022-12-14,695,698,678,695,88596,0.0
2022-12-15,701,701,691,693,64164,-0.0028776978417266452
2022-12-16,685,690,672,676,105310,-0.024531024531024515
2022-12-19,676,676,652,670,241227,-0.00887573964497046
2022-12-20,666,666,648,650,162413,-0.02985074626865669
2022-12-21,647,653,645,650,59684,0.0
2022-12-22,651,656,648,651,56329,0.0015384615384614886
2022-12-23,651,660,640,660,90945,0.01382488479262678
2022-12-26,652,653,639,643,76296,-0.025757575757575757
2022-12-27,643,645,630,632,67630,-0.017107309486780742
2022-12-28,632,638,620,628,71841,-0.006329113924050667
2022-12-29,620,620,604,608,118137,-0.031847133757961776
2023-01-02,601,608,595,599,82466,-0.014802631578947345
2023-01-03,599,610,585,610,178727,0.01836393989983298
2023-01-04,608,620,588,608,90113,-0.003278688524590123
2023-01-05,615,620,602,610,134315,0.00328947368421062
2023-01-06,615,624,613,623,109454,0.021311475409836023
2023-01-09,625,635,625,635,61800,0.019261637239165408
2023-01-10,635,637,627,636,71916,0.0015748031496063408
2023-01-11,638,646,637,646,61995,0.01572327044025168
2023-01-12,646,658,646,658,94913,0.018575851393188847
2023-01-13,658,662,647,650,103634,-0.012158054711246202
2023-01-16,655,658,652,656,53323,0.009230769230769154
2023-01-17,658,675,656,659,160102,0.004573170731707377
2023-01-18,654,661,649,654,114878,-0.007587253414264028
2023-01-19,654,664,652,653,96591,-0.001529051987767538
2023-01-20,653,661,653,661,46005,0.012251148545176171
2023-01-25,661,667,659,660,81946,-0.001512859304084735
2023-01-26,660,666,660,660,72191,0.0
2023-01-27,663,694,660,687,424743,0.040909090909091006
2023-01-30,677,691,677,679,114766,-0.011644832605531286
2023-01-31,683,683,664,678,200775,-0.0014727540500736325
2023-02-01,678,700,678,691,266836,0.019174041297935096
2023-02-02,693,698,681,690,132543,-0.0014471780028944004
2023-02-03,691,697,679,687,125334,-0.004347826086956497
2023-02-06,687,690,678,689,134745,0.0029112081513829047
2023-02-07,682,696,682,693,133747,0.005805515239477588
2023-02-08,697,701,693,700,135947,0.010101010101010166
2023-02-09,700,707,691,702,221299,0.0028571428571428914
2023-02-10,702,702,683,694,117876,-0.01139601139601143
2023-02-13,680,693,676,689,93439,-0.007204610951008661
2023-02-14,682,696,682,688,96850,-0.0014513788098693414
2023-02-15,688,695,667,677,95787,-0.015988372093023284
2023-02-16,670,679,669,679,141102,0.002954209748892156
2023-02-17,679,685,673,684,67471,0.007363770250368162
2023-02-20,680,687,674,681,50952,-0.004385964912280715
2023-02-21,681,686,675,680,66156,-0.001468428781204123
2023-02-22,680,680,666,667,135777,-0.019117647058823573
2023-02-23,660,671,660,671,88536,0.0059970014992503096
2023-02-24,676,682,666,666,61955,-0.007451564828613977
2023-02-27,659,664,635,657,111901,-0.013513513513513487
2023-02-28,652,668,652,663,62678,0.009132420091324311
2023-03-02,670,678,665,675,108820,0.018099547511312153
2023-03-03,675,685,675,685,78427,0.014814814814814836
2023-03-06,685,693,677,692,116117,0.010218978102189746
2023-03-07,686,704,681,693,273818,0.0014450867052022698
2023-03-08,692,692,669,685,127064,-0.011544011544011523
2023-03-09,685,715,667,707,473752,0.03211678832116793
2023-03-10,701,718,685,687,230474,-0.028288543140028266
2023-03-13,683,683,630,673,172460,-0.020378457059679778
2023-03-14,662,666,643,658,204878,-0.022288261515601815
2023-03-15,657,668,655,666,215491,0.012158054711246091
2023-03-16,667,670,655,660,82207,-0.009009009009009028
2023-03-17,660,690,660,690,226211,0.045454545454545414
2023-03-20,695,765,690,764,1793596,0.1072463768115941
2023-03-21,764,820,762,805,2155720,0.053664921465968574
2023-03-22,810,839,775,790,1159591,-0.018633540372670843
2023-03-23,790,815,785,804,441203,0.017721518987341867
2023-03-24,800,818,765,782,627790,-0.027363184079602032
2023-03-27,773,781,745,772,505498,-0.012787723785166238
2023-03-28,770,834,770,829,953492,0.07383419689119175
2023-03-29,831,850,810,829,742937,0.0
2023-03-30,832,843,819,838,437002,0.010856453558504287
2023-03-31,839,863,839,847,480814,0.010739856801909253
2023-04-03,845,851,822,848,388196,0.0011806375442739991
2023-04-04,841,869,835,854,652297,0.007075471698113178
2023-04-05,852,910,850,902,1218567,0.0562060889929743
2023-04-06,929,930,866,900,742340,-0.0022172949002217113
2023-04-07,890,900,876,892,382356,-0.008888888888888835
2023-04-10,890,890,838,841,762477,-0.05717488789237668
2023-04-11,840,852,810,850,464437,0.010701545778834642
2023-04-12,851,856,795,806,892558,-0.051764705882352935
2023-04-13,802,814,755,814,1054220,0.00992555831265518
2023-04-14,808,813,759,791,841705,-0.02825552825552824
2023-04-17,791,791,766,767,699348,-0.030341340075853318
2023-04-18,775,776,748,756,401957,-0.014341590612777066
2023-04-19,756,829,750,825,1356275,0.09126984126984117
2023-04-20,825,833,777,783,698274,-0.050909090909090904
2023-04-21,778,782,763,771,357775,-0.01532567049808431
2023-04-24,756,781,744,746,436778,-0.03242542153047989
2023-04-25,742,746,708,725,515892,-0.02815013404825739
2023-04-26,717,725,704,707,409489,-0.024827586206896513
2023-04-27,702,720,695,719,347193,0.016973125884016893
2023-04-28,712,730,704,720,458517,0.0013908205841446364
2023-05-02,759,905,726,772,11081611,0.07222222222222219
2023-05-03,765,869,735,853,4946350,0.10492227979274604
2023-05-04,831,836,770,788,1698602,-0.07620164126611961
2023-05-08,788,800,768,780,702567,-0.010152284263959421
2023-05-09,780,780,749,762,517015,-0.023076923076923106
2023-05-10,763,785,758,769,324169,0.009186351706036655
2023-05-11,773,796,768,785,359671,0.02080624187256186
2023-05-12,790,790,760,773,274360,-0.015286624203821653
2023-05-15,780,780,720,733,588026,-0.05174644243208282
2023-05-16,732,795,711,753,1713627,0.027285129604365688
2023-05-17,760,784,720,740,773913,-0.01726427622841964
2023-05-18,748,759,732,755,485209,0.020270270270270174
2023-05-19,763,771,738,756,270684,0.0013245033112583293
2023-05-22,756,756,726,733,530596,-0.030423280423280463
2023-05-23,733,736,726,735,492191,0.0027285129604366354
2023-05-24,735,740,721,721,454395,-0.01904761904761909
2023-05-25,721,725,714,717,303870,-0.00554785020804438
2023-05-26,721,721,694,704,656043,-0.018131101813110173
2023-05-30,708,714,699,704,416879,0.0
2023-05-31,703,710,697,706,439424,0.0028409090909091717
2023-06-01,706,727,699,727,525749,0.02974504249291776
2023-06-02,727,766,715,744,746579,0.023383768913342484
2023-06-05,738,746,730,737,234018,-0.009408602150537626
2023-06-07,738,743,725,725,304425,-0.016282225237449155
2023-06-08,730,730,715,720,129351,-0.006896551724137945
2023-06-09,720,727,716,725,223957,0.00694444444444442
2023-06-12,735,743,726,741,178375,0.022068965517241468
2023-06-13,742,743,733,735,202582,-0.0080971659919028
2023-06-14,736,775,732,755,954611,0.027210884353741527
2023-06-15,755,775,740,765,452764,0.013245033112582849
2023-06-16,777,784,760,766,328897,0.0013071895424836555
2023-06-19,761,770,746,764,297663,-0.0026109660574412663
2023-06-20,763,763,749,754,193156,-0.01308900523560208
2023-06-21,753,773,751,760,225242,0.007957559681697646
2023-06-22,749,760,738,747,274143,-0.017105263157894735
2023-06-23,746,765,735,749,209491,0.0026773761713521083
2023-06-26,739,755,739,748,99970,-0.001335113484646211
2023-06-27,748,769,741,745,239702,-0.004010695187165791
2023-06-28,743,744,733,735,150014,-0.01342281879194629
2023-06-29,735,740,719,721,259238,-0.01904761904761909
2023-06-30,724,733,718,733,194219,0.01664355062413314
2023-07-03,733,742,725,736,174992,0.004092769440654953
2023-07-04,739,739,728,730,258929,-0.008152173913043459
2023-07-05,735,736,726,730,241194,0.0
2023-07-06,730,730,717,722,358152,-0.010958904109588996
2023-07-07,722,728,708,708,283327,-0.01939058171745156
2023-07-10,708,720,702,709,203126,0.0014124293785311437
2023-07-11,709,738,709,726,244881,0.023977433004231274
2023-07-12,726,744,723,736,205889,0.01377410468319562
2023-07-13,755,755,735,736,206131,0.0
2023-07-14,736,744,725,727,141809,-0.012228260869565188
2023-07-17,727,727,709,714,205297,-0.017881705639614887
2023-07-18,713,728,707,717,161698,0.004201680672268893
2023-07-19,718,720,708,713,80890,-0.00557880055788007
2023-07-20,709,714,704,713,120111,0.0
2023-07-21,713,723,700,700,229145,-0.018232819074333828
2023-07-24,700,713,660,682,453287,-0.02571428571428569
2023-07-25,662,695,660,691,246702,0.01319648093841641
2023-07-26,687,704,676,699,591258,0.011577424023154759
2023-07-27,693,724,693,718,257589,0.027181688125894166
2023-07-28,719,725,715,717,152418,-0.0013927576601671099
2023-07-31,717,738,717,725,206076,0.01115760111576014
2023-08-01,718,734,718,722,146521,-0.004137931034482789
2023-08-02,729,733,709,713,193001,-0.012465373961218829
2023-08-03,708,710,676,704,282537,-0.012622720897615736
2023-08-04,704,714,700,708,209430,0.005681818181818121
2023-08-07,703,707,690,705,109190,-0.004237288135593209
2023-08-08,703,714,696,698,170512,-0.009929078014184411
2023-08-09,709,710,699,705,65618,0.01002865329512903
2023-08-10,713,764,701,731,807169,0.03687943262411353
2023-08-11,725,751,723,733,361330,0.002735978112175186
2023-08-14,756,795,736,748,3215562,0.02046384720327432
2023-08-16,748,754,720,730,534536,-0.024064171122994638
2023-08-17,730,736,711,734,342536,0.005479452054794498
2023-08-18,733,772,721,758,650892,0.032697547683923744
2023-08-21,758,760,732,745,297391,-0.01715039577836408
2023-08-22,746,760,737,745,173236,0.0
2023-08-23,739,748,730,736,155111,-0.012080536912751683
2023-08-24,735,743,727,740,182047,0.005434782608695565
2023-08-25,742,745,728,735,137859,-0.006756756756756799
2023-08-28,736,759,734,734,329209,-0.0013605442176870541
2023-08-29,734,747,730,734,193716,0.0
2023-08-30,746,749,736,744,148676,0.013623978201634968
2023-08-31,743,745,736,737,174953,-0.009408602150537626
2023-09-01,730,744,709,720,340150,-0.023066485753052923
2023-09-04,720,733,713,730,293065,0.01388888888888884
2023-09-05,723,750,723,733,327188,0.004109589041095818
2023-09-06,733,737,721,734,237557,0.0013642564802183177
2023-09-07,730,738,715,728,216071,-0.008174386920980936
2023-09-08,725,727,717,722,135383,-0.008241758241758212
2023-09-11,722,725,711,717,129922,-0.006925207756232732
2023-09-12,717,717,701,706,192511,-0.015341701534170138
2023-09-13,702,714,701,706,109098,0.0
2023-09-14,705,713,700,706,86827,0.0
2023-09-15,711,716,707,710,130557,0.0056657223796034994
2023-09-18,710,710,693,700,277186,-0.014084507042253502
2023-09-19,699,708,699,703,105379,0.004285714285714226
2023-09-20,699,715,695,710,494894,0.009957325746799528
2023-09-21,756,779,712,745,3465726,0.04929577464788726
2023-09-22,727,736,717,724,387034,-0.028187919463087296
2023-09-25,724,724,696,699,401369,-0.03453038674033149
2023-09-26,699,712,685,693,253300,-0.008583690987124415
2023-09-27,688,704,688,702,177458,0.01298701298701288
2023-10-04,702,710,681,687,380716,-0.021367521367521403
2023-10-05,689,697,687,692,157633,0.00727802037845704
2023-10-06,692,721,685,706,282204,0.020231213872832443
2023-10-10,714,727,703,704,232372,-0.0028328611898017497
2023-10-11,704,716,702,710,197288,0.008522727272727293
2023-10-12,716,724,710,720,168118,0.014084507042253502
2023-10-13,720,732,709,712,268558,-0.011111111111111072
2023-10-16,706,706,689,691,252341,-0.0294943820224719
2023-10-17,689,705,689,699,158057,0.011577424023154759
2023-10-18,706,708,692,701,115368,0.0028612303290413976
2023-10-19,693,697,681,689,230532,-0.01711840228245365
2023-10-20,681,688,668,668,290644,-0.030478955007256947
2023-10-23,667,676,656,663,273648,-0.007485029940119792
2023-10-24,663,686,660,681,174764,0.02714932126696823
2023-10-25,695,704,681,688,123452,0.010279001468428861
2023-10-26,688,688,664,664,149450,-0.03488372093023251
2023-10-27,657,681,656,665,122172,0.001506024096385561
2023-10-30,652,664,651,658,84856,-0.010526315789473717
2023-10-31,659,700,658,686,427222,0.042553191489361764
2023-11-01,687,745,675,745,2324570,0.0860058309037901
2023-11-02,716,719,696,701,882529,-0.059060402684563806
2023-11-03,706,706,685,690,356155,-0.015691868758915817
2023-11-06,694,703,686,692,356312,0.0028985507246377384
2023-11-07,693,697,677,686,203826,-0.00867052023121384
2023-11-08,693,695,670,670,276286,-0.023323615160349864
2023-11-09,676,683,665,665,214747,-0.007462686567164201
2023-11-10,665,676,664,673,122271,0.012030075187969835
2023-11-13,673,681,663,668,167873,-0.007429420505200568
2023-11-14,663,672,659,666,214699,-0.0029940119760478723
2023-11-15,667,676,662,667,148115,0.0015015015015014122
2023-11-16,662,674,661,673,199553,0.008995502248875464
2023-11-17,671,820,669,727,10845525,0.08023774145616636
2023-11-20,717,787,715,721,5686276,-0.008253094910591452
2023-11-21,722,747,712,736,939318,0.020804438280166426
2023-11-22,722,746,714,716,629307,-0.02717391304347827
2023-11-23,721,731,715,717,411747,0.0013966480446927498
2023-11-24,716,730,714,720,236471,0.004184100418409997
2023-11-27,718,730,717,718,275684,-0.002777777777777768
2023-11-28,724,747,720,724,437897,0.008356545961002881
2023-11-29,724,724,703,718,376891,-0.008287292817679592
2023-11-30,716,716,700,708,212679,-0.013927576601671321
2023-12-01,707,710,697,698,284050,-0.01412429378531077
2023-12-04,698,767,691,755,2174398,0.08166189111747846
2023-12-05,824,890,734,734,9507503,-0.027814569536423805
2023-12-06,736,748,705,731,1332371,-0.004087193460490468
2023-12-07,724,739,711,718,465109,-0.017783857729138153
2023-12-08,717,750,715,719,565489,0.0013927576601671099
2023-12-11,729,743,725,727,342494,0.011126564673157091
2023-12-12,724,746,721,738,396790,0.015130674002751032
2023-12-13,739,743,720,720,329693,-0.024390243902439046
2023-12-14,730,731,710,711,385657,-0.012499999999999956
2023-12-15,718,732,711,731,250795,0.02812939521800284
2023-12-18,739,749,723,733,430203,0.002735978112175186
2023-12-19,735,763,725,736,703162,0.004092769440654953
2023-12-20,747,747,730,736,186036,0.0
2023-12-21,735,755,728,741,339712,0.006793478260869623
2023-12-22,743,745,729,729,220290,-0.01619433198380571
2023-12-26,729,730,709,711,283266,-0.024691358024691357
2023-12-27,711,719,704,708,306071,-0.00421940928270037
2023-12-28,709,718,708,714,136690,0.008474576271186418
2024-01-02,720,788,717,758,2081786,0.06162464985994398
2024-01-03,748,772,745,766,524328,0.01055408970976246
2024-01-04,759,775,732,773,756719,0.009138381201044377
2024-01-05,773,776,749,751,345293,-0.028460543337645583
2024-01-08,748,757,741,744,354825,-0.009320905459387463
2024-01-09,742,749,739,744,238096,0.0
2024-01-10,745,751,738,739,192061,-0.006720430107526876
2024-01-11,748,749,737,743,224906,0.005412719891745521
2024-01-12,746,746,728,737,335487,-0.008075370121130576
2024-01-15,736,765,727,754,664653,0.023066485753052923
2024-01-16,749,761,743,758,309646,0.0053050397877985045
2024-01-17,756,756,715,739,419514,-0.02506596306068598
2024-01-18,733,739,712,732,428044,-0.009472259810554773
2024-01-19,733,752,727,752,449894,0.02732240437158473
2024-01-22,756,756,730,740,376999,-0.015957446808510634
2024-01-23,739,739,725,734,317597,-0.008108108108108136
2024-01-24,734,738,719,729,225541,-0.006811989100817484
2024-01-25,735,735,699,701,642643,-0.0384087791495199
2024-01-26,700,715,695,709,191442,0.011412268188302432
2024-01-29,712,713,698,702,144531,-0.009873060648801113
2024-01-30,697,708,697,699,193661,-0.004273504273504258
2024-01-31,701,707,694,694,306320,-0.007153075822603716
2024-02-01,701,702,690,690,206088,-0.0057636887608069065
2024-02-02,692,704,692,696,103052,0.008695652173912993
2024-02-05,697,703,694,701,179716,0.007183908045977017
2024-02-06,701,712,698,708,189648,0.009985734664764712
2024-02-07,709,711,697,700,177595,-0.011299435028248594
2024-02-08,698,707,697,700,89346,0.0
2024-02-13,704,704,693,696,305475,-0.005714285714285672
2024-02-14,695,707,691,704,154545,0.011494252873563315
2024-02-15,708,711,700,705,95409,0.0014204545454545858
2024-02-16,708,744,700,739,1012949,0.04822695035461
2024-02-19,789,800,715,719,4075805,-0.02706359945872805
2024-02-20,719,723,709,720,294961,0.0013908205841446364
2024-02-21,732,767,719,719,2312454,-0.001388888888888884
2024-02-22,719,730,715,723,362516,0.0055632823365785455
2024-02-23,722,722,707,709,361657,-0.019363762102351356
2024-02-26,701,712,701,704,154712,-0.007052186177715081
2024-02-27,705,706,700,703,198931,-0.0014204545454545858
2024-02-28,699,705,698,704,208399,0.0014224751066855834
2024-02-29,699,704,693,696,341803,-0.011363636363636354
2024-03-04,696,703,690,699,241227,0.004310344827586299
2024-03-05,699,699,683,685,310060,-0.02002861230329045
2024-03-06,684,689,670,673,277503,-0.017518248175182438
2024-03-07,674,720,673,681,239809,0.011887072808320909
2024-03-08,681,687,677,681,111702,0.0
2024-03-11,686,688,672,686,170868,0.007342143906020615
2024-03-12,690,694,685,693,83335,0.010204081632652962
2024-03-13,693,698,686,694,88414,0.0014430014430013571
2024-03-14,693,701,688,694,127204,0.0
2024-03-15,682,694,680,687,143367,-0.010086455331412059
2024-03-18,687,693,683,690,121672,0.004366812227074135
2024-03-19,690,690,682,688,138992,-0.0028985507246376274
2024-03-20,685,689,676,683,167745,-0.007267441860465129
2024-03-21,689,689,682,685,56527,0.002928257686676483
2024-03-22,685,689,681,687,147671,0.0029197080291971655
2024-03-25,687,691,683,690,68628,0.004366812227074135
2024-03-26,690,690,680,686,124703,-0.005797101449275366
2024-03-27,686,686,678,684,128872,-0.002915451895043719
2024-03-28,684,686,677,681,154203,-0.004385964912280715
2024-03-29,681,683,676,680,85290,-0.001468428781204123
2024-04-01,680,683,678,681,123060,0.0014705882352941124
2024-04-02,683,683,672,677,145715,-0.005873715124816492
2024-04-03,676,678,668,674,306738,-0.004431314623338234
2024-04-04,673,680,668,668,52324,-0.008902077151335286
2024-04-05,667,671,658,665,170448,-0.004491017964071808
2024-04-08,665,675,655,655,117810,-0.015037593984962405
2024-04-09,652,668,651,662,111216,0.010687022900763399
2024-04-11,653,658,651,651,111000,-0.0166163141993958
2024-04-12,651,668,650,668,84488,0.02611367127496167
2024-04-15,668,669,659,664,106778,-0.005988023952095856
2024-04-16,663,667,650,665,80668,0.001506024096385561
2024-04-17,666,667,659,667,69544,0.003007518796992459
2024-04-18,666,676,661,676,42944,0.013493253373313419
2024-04-19,671,674,663,667,20912,-0.013313609467455634
2024-04-22,666,667,660,660,75599,-0.010494752623688153
2024-04-23,664,664,650,654,153715,-0.009090909090909038
2024-04-24,654,669,654,669,77762,0.022935779816513735
2024-04-25,669,680,669,679,162217,0.014947683109117982
2024-04-26,679,680,660,669,122369,-0.014727540500736325
2024-04-29,670,673,662,662,33773,-0.010463378176382654
2024-04-30,666,666,659,659,50064,-0.004531722054380682
2024-05-02,663,671,655,667,33603,0.012139605462822445
2024-05-03,667,668,662,662,49589,-0.007496251874062998
2024-05-07,661,676,661,668,40836,0.009063444108761365
2024-05-08,668,672,662,667,29130,-0.0014970059880239361
2024-05-09,668,668,650,655,286347,-0.01799100449775115
2024-05-10,656,659,650,651,223621,-0.006106870229007688
2024-05-13,651,667,651,654,85602,0.004608294930875667
2024-05-14,658,660,651,654,35161,0.0
2024-05-16,657,658,648,653,138949,-0.001529051987767538
2024-05-17,653,653,598,598,642807,-0.08422664624808573
2024-05-20,607,648,607,648,408053,0.08361204013377921
2024-05-21,648,648,617,629,154286,-0.029320987654321007
2024-05-22,635,647,628,631,110396,0.0031796502384737746
2024-05-23,632,643,630,637,92494,0.009508716323296307
2024-05-24,636,637,630,633,49446,-0.006279434850863463
2024-05-27,637,637,616,629,91932,-0.006319115323854652
2024-05-28,629,632,593,620,96059,-0.014308426073131986
2024-05-29,622,622,609,610,95408,-0.016129032258064502
2024-05-30,600,608,597,605,101003,-0.008196721311475419
2024-05-31,604,610,601,606,194404,0.0016528925619834212
2024-06-03,606,625,601,624,128930,0.02970297029702973
2024-06-04,624,624,611,612,78804,-0.019230769230769273
2024-06-05,613,616,601,601,89080,-0.017973856209150374
2024-06-07,601,604,590,593,177723,-0.01331114808652245
2024-06-10,585,598,584,596,170731,0.005059021922428242
2024-06-11,595,627,585,625,271653,0.04865771812080544
2024-06-12,621,626,620,625,107563,0.0
2024-06-13,624,630,622,627,54840,0.0032000000000000917
2024-06-14,627,633,618,618,95916,-0.014354066985645897
2024-06-17,621,621,609,614,162720,-0.006472491909385147
2024-06-18,614,614,602,609,64631,-0.008143322475570036
2024-06-19,608,615,601,607,60618,-0.003284072249589487
2024-06-20,607,610,602,608,33726,0.0016474464579900872
2024-06-21,607,611,602,602,32713,-0.009868421052631526
2024-06-24,606,610,598,601,61230,-0.0016611295681062677
2024-06-25,601,604,597,603,33467,0.0033277870216306127
2024-06-26,603,607,598,598,94593,-0.008291873963515717
2024-06-27,598,604,590,602,67116,0.006688963210702337
2024-06-28,602,602,590,596,36093,-0.009966777408637828
2024-07-01,596,599,587,598,25713,0.003355704697986628
2024-07-02,594,610,594,603,96339,0.008361204013378032
2024-07-03,599,604,597,597,29527,-0.00995024875621886
2024-07-04,597,598,550,575,308026,-0.0368509212730318
2024-07-05,578,581,567,575,59313,0.0
2024-07-08,578,578,567,573,33590,-0.003478260869565264
2024-07-09,576,593,550,564,119417,-0.015706806282722474
2024-07-10,564,576,559,571,97224,0.012411347517730542
2024-07-11,571,583,570,580,71023,0.015761821366024442
2024-07-12,579,588,572,584,39123,0.006896551724137945
2024-07-15,584,619,581,597,276281,0.022260273972602773
2024-07-16,599,603,586,586,40475,-0.018425460636515956
2024-07-17,586,592,571,587,131452,0.0017064846416381396
2024-07-18,588,592,576,576,45512,-0.01873935264054516
2024-07-19,576,579,567,574,43677,-0.00347222222222221
2024-07-22,574,574,557,562,107300,-0.020905923344947785
2024-07-23,562,568,545,545,195551,-0.030249110320284656
2024-07-24,547,553,545,552,76354,0.012844036697247763
2024-07-25,552,558,548,549,64191,-0.005434782608695676
2024-07-26,549,561,549,560,72524,0.020036429872495543
2024-07-29,560,578,560,572,107347,0.021428571428571352
2024-07-30,575,575,559,573,67084,0.0017482517482516613
2024-07-31,567,568,553,556,58908,-0.029668411867364797
2024-08-01,556,562,554,559,62901,0.0053956834532373765
2024-08-02,559,563,545,546,125059,-0.023255813953488413
2024-08-05,538,552,471,517,329377,-0.05311355311355315
2024-08-06,512,548,512,540,201285,0.044487427466150864
2024-08-07,540,550,539,543,37943,0.005555555555555536
2024-08-08,540,550,540,547,22019,0.007366482504604033
2024-08-09,547,561,547,561,39835,0.025594149908592323
2024-08-12,555,561,551,558,27138,-0.005347593582887722
2024-08-13,558,560,553,556,61809,-0.0035842293906810374
2024-08-14,565,572,550,567,81476,0.019784172661870603
2024-08-16,563,577,556,563,37603,-0.007054673721340388
2024-08-19,562,564,556,560,36955,-0.005328596802841923
2024-08-20,557,566,544,560,45344,0.0
2024-08-21,560,563,556,561,75643,0.0017857142857142794
2024-08-22,555,561,555,561,9815,0.0
2024-08-23,557,557,548,548,37776,-0.02317290552584672
2024-08-26,543,548,524,531,187290,-0.031021897810219023
2024-08-27,518,529,510,519,138459,-0.02259887005649719
2024-08-28,519,526,513,523,49311,0.007707129094412402
2024-08-29,523,525,513,520,40675,-0.005736137667303964
2024-08-30,514,523,513,518,21953,-0.0038461538461538325
2024-09-02,518,518,512,515,36301,-0.00579150579150578
2024-09-03,509,515,509,514,49395,-0.001941747572815511
2024-09-04,502,510,500,503,69319,-0.021400778210116767
2024-09-05,503,505,494,501,185910,-0.003976143141153132
2024-09-06,501,506,485,502,161017,0.001996007984031989
2024-09-09,500,502,494,494,79834,-0.015936254980079667
2024-09-10,494,510,489,509,91816,0.030364372469635637
2024-09-11,509,517,487,490,140053,-0.037328094302554016
2024-09-12,491,503,491,502,62480,0.02448979591836742
2024-09-13,505,505,493,497,68847,-0.009960159362549792
2024-09-19,497,500,485,497,87855,0.0
2024-09-20,497,504,491,501,71437,0.008048289738430636
2024-09-23,501,504,493,493,72407,-0.015968063872255467
2024-09-24,496,504,491,499,83144,0.012170385395537497
2024-09-25,499,502,482,487,108904,-0.024048096192384794
2024-09-26,487,499,487,494,78571,0.014373716632443578
2024-09-27,491,496,480,487,89407,-0.014170040485829927
2024-09-30,487,487,469,479,131344,-0.01642710472279263
2024-10-02,479,487,468,481,99612,0.0041753653444676075
2024-10-04,478,500,478,484,118857,0.006237006237006293
2024-10-07,484,507,484,488,82539,0.008264462809917328
2024-10-08,492,496,488,494,36952,0.012295081967213184
2024-10-10,494,501,492,495,61759,0.002024291497975783
2024-10-11,495,503,490,493,53258,-0.004040404040404066
2024-10-14,492,493,479,492,74123,-0.0020283975659228792
2024-10-15,492,509,490,500,66679,0.016260162601626105
2024-10-16,497,503,493,493,52677,-0.014000000000000012
2024-10-17,493,496,487,495,35093,0.0040567951318457585
2024-10-18,492,492,485,487,53359,-0.016161616161616155
2024-10-21,487,491,480,491,34291,0.008213552361396204
2024-10-22,491,494,488,491,16901,0.0
2024-10-23,491,495,486,493,45022,0.004073319755600879
2024-10-24,492,519,485,492,58388,-0.0020283975659228792
2024-10-25,492,492,487,491,17411,-0.002032520325203291
2024-10-28,491,506,485,498,49764,0.014256619144602745
2024-10-29,501,508,490,495,53737,-0.0060240963855421326
2024-10-30,495,500,489,494,28810,-0.002020202020202033
2024-10-31,494,497,488,492,16978,-0.004048582995951455
2024-11-01,492,492,482,487,40418,-0.010162601626016232
2024-11-04,487,506,487,495,110669,0.01642710472279263
2024-11-05,498,499,488,494,17194,-0.002020202020202033
2024-11-06,494,510,485,486,218517,-0.01619433198380571
