Date,Open,High,Low,Close,Volume,Change
2022-02-23,30000,39000,30000,31200,6437725,
2022-02-24,29550,29950,25800,25800,1483869,-0.17307692307692313
2022-02-25,27950,30000,25900,25900,2484787,0.003875968992248069
2022-02-28,26050,26900,25150,26000,549995,0.0038610038610038533
2022-03-02,25550,26450,25400,26000,275045,0.0
2022-03-03,26000,26600,25550,26500,500389,0.019230769230769162
2022-03-04,26250,26750,25250,25350,278844,-0.04339622641509433
2022-03-07,24700,24700,23100,23150,240639,-0.08678500986193294
2022-03-08,22350,22850,21600,21600,196979,-0.06695464362850967
2022-03-10,22250,23350,22050,22200,266807,0.02777777777777768
2022-03-11,22000,22100,21000,21150,164725,-0.04729729729729726
2022-03-14,21100,21100,19900,20000,150866,-0.05437352245862881
2022-03-15,19800,23300,19750,20800,641826,0.040000000000000036
2022-03-16,21450,21600,20800,21250,127194,0.02163461538461542
2022-03-17,21600,22200,21500,21500,156965,0.0117647058823529
2022-03-18,21800,22200,21250,21600,100179,0.0046511627906977715
2022-03-21,21650,21800,21150,21350,66649,-0.01157407407407407
2022-03-22,21350,21950,21150,21300,98723,-0.0023419203747072626
2022-03-23,21450,22050,20150,20750,716776,-0.025821596244131495
2022-03-24,20950,21150,20450,20600,341030,-0.0072289156626506035
2022-03-25,20800,21900,20650,21900,390117,0.06310679611650483
2022-03-28,22550,22650,21700,22000,327232,0.004566210045662045
2022-03-29,22150,22300,21450,21500,208419,-0.022727272727272707
2022-03-30,21650,21800,20850,21100,191604,-0.018604651162790753
2022-03-31,20900,21600,20850,21250,127325,0.007109004739336511
2022-04-01,21200,21650,20950,21050,121057,-0.009411764705882342
2022-04-04,21000,21450,21000,21200,63182,0.0071258907363420665
2022-04-05,21250,21750,21050,21600,147134,0.018867924528301883
2022-04-06,21450,21800,20850,21800,249360,0.0092592592592593
2022-04-07,21400,21550,21000,21200,139551,-0.02752293577981646
2022-04-08,21250,21450,20950,21200,102198,0.0
2022-04-11,21350,21850,21250,21650,308952,0.021226415094339535
2022-04-12,21450,22000,21000,21100,178452,-0.025404157043879882
2022-04-13,21200,21250,21000,21100,72696,0.0
2022-04-14,21250,21500,21000,21150,89873,0.0023696682464455776
2022-04-15,21100,21600,21000,21600,108098,0.02127659574468077
2022-04-18,21550,21700,21250,21350,92803,-0.01157407407407407
2022-04-19,21400,22050,21400,21800,243661,0.021077283372365363
2022-04-20,22000,22450,21700,22250,313466,0.020642201834862428
2022-04-21,22550,22650,21750,21950,222041,-0.013483146067415741
2022-04-22,21900,22150,21750,22000,173548,0.002277904328018332
2022-04-25,22300,23200,21500,21750,850017,-0.011363636363636354
2022-04-26,22050,22600,21700,21800,174461,0.0022988505747125743
2022-04-27,21150,21250,20800,21000,122113,-0.03669724770642202
2022-04-28,21150,21450,20650,20700,80164,-0.014285714285714235
2022-04-29,20700,21000,20450,20450,71418,-0.012077294685990392
2022-05-02,20100,20550,20050,20500,51853,0.0024449877750611915
2022-05-03,20550,20750,20150,20150,54722,-0.017073170731707332
2022-05-04,20200,20400,19850,19850,70796,-0.01488833746898266
2022-05-06,19600,19600,18750,18850,125001,-0.05037783375314864
2022-05-09,18850,18900,17450,17450,122013,-0.07427055702917773
2022-05-10,17000,17450,16600,17150,88137,-0.017191977077363862
2022-05-11,17000,17400,17000,17250,32118,0.005830903790087438
2022-05-12,16800,17100,16200,16200,75491,-0.060869565217391286
2022-05-13,16600,16750,16250,16400,34553,0.012345679012345734
2022-05-16,16800,17100,16600,16800,27293,0.024390243902439046
2022-05-17,16800,21800,16600,21800,2086583,0.29761904761904767
2022-05-18,22300,24500,21100,22150,3732341,0.016055045871559592
2022-05-19,21550,22550,21400,22250,978355,0.004514672686230181
2022-05-20,22000,22050,21300,21900,453183,-0.01573033707865168
2022-05-23,22550,24350,20700,20700,2163820,-0.0547945205479452
2022-05-24,20900,21750,20550,20950,499935,0.012077294685990392
2022-05-25,21200,22800,20950,20950,946708,0.0
2022-05-26,21300,22500,21250,22050,606632,0.05250596658711215
2022-05-27,22250,22300,21400,21550,256383,-0.0226757369614512
2022-05-30,22150,23300,21850,23300,1014305,0.08120649651972167
2022-05-31,23150,23500,22650,23300,577812,0.0
2022-06-02,23750,23750,22750,22950,333874,-0.015021459227467782
2022-06-03,23150,23150,22050,22350,406796,-0.02614379084967322
2022-06-07,22350,22350,21300,21600,210592,-0.03355704697986572
2022-06-08,21700,22900,21300,22800,531858,0.05555555555555558
2022-06-09,24500,26500,23350,24000,5901379,0.05263157894736836
2022-06-10,23800,28450,23450,25600,6523009,0.06666666666666665
2022-06-13,26700,27100,23150,23300,1850248,-0.08984375
2022-06-14,23100,25700,22150,25700,2298157,0.10300429184549365
2022-06-15,27000,30450,25700,27500,9286420,0.07003891050583655
2022-06-16,27750,28650,25850,26450,1668490,-0.038181818181818206
2022-06-17,25400,25400,24000,24550,754613,-0.07183364839319473
2022-06-20,24700,27150,24600,27100,2209900,0.10386965376782076
2022-06-21,26550,29100,26150,26200,2813814,-0.03321033210332103
2022-06-22,26600,28000,26150,26600,1991075,0.01526717557251911
2022-06-23,26250,26600,22300,22300,931810,-0.16165413533834583
2022-06-24,22650,24000,22500,23300,507051,0.04484304932735417
2022-06-27,23550,25400,23500,24900,526870,0.06866952789699576
2022-06-28,25450,26150,24550,25350,464650,0.01807228915662651
2022-06-29,24800,32950,24700,32150,7213444,0.26824457593688367
2022-06-30,31700,33300,29550,29750,3669910,-0.0746500777604977
2022-07-01,30450,31000,28200,28800,1651862,-0.031932773109243695
2022-07-04,29000,30200,28100,30200,2041287,0.04861111111111116
2022-07-05,30000,31000,29450,31000,1450738,0.026490066225165476
2022-07-06,30200,30750,28450,28450,926210,-0.08225806451612905
2022-07-07,28850,31700,28800,30700,3105739,0.07908611599297011
2022-07-08,30550,31350,29800,30700,1126208,0.0
2022-07-11,30600,31600,29900,29900,1222735,-0.026058631921824116
2022-07-12,29150,29400,28000,28100,526368,-0.06020066889632103
2022-07-13,28100,28350,26500,27650,511933,-0.016014234875444844
2022-07-14,27000,28650,26700,27550,397263,-0.003616636528028905
2022-07-15,27350,27800,26000,26200,341618,-0.0490018148820327
2022-07-18,26350,26800,26050,26400,200260,0.007633587786259444
2022-07-19,26400,26700,25500,26150,207440,-0.009469696969697017
2022-07-20,26650,27550,26300,26850,324974,0.026768642447418722
2022-07-21,27150,28200,26900,27950,453429,0.040968342644320366
2022-07-22,27700,28350,26600,26700,287386,-0.04472271914132375
2022-07-25,26550,26950,26050,26100,138566,-0.022471910112359605
2022-07-26,25550,26000,25250,25300,212157,-0.03065134099616862
2022-07-27,25450,25950,25400,25850,147506,0.021739130434782705
2022-07-28,26600,26650,25500,25500,147622,-0.013539651837524147
2022-07-29,25650,27400,25650,26550,332553,0.04117647058823537
2022-08-01,26700,27350,26450,26950,200665,0.015065913370998052
2022-08-02,27100,28450,26950,27950,580730,0.03710575139146566
2022-08-03,29700,30800,28000,28200,1512875,0.008944543828264706
2022-08-04,28300,28750,27400,27600,358223,-0.021276595744680882
2022-08-05,27350,29000,26800,28350,718994,0.02717391304347827
2022-08-08,28250,29050,27600,28400,372596,0.0017636684303350414
2022-08-09,28850,28850,27900,27950,165756,-0.015845070422535246
2022-08-10,28100,28150,26850,26850,192435,-0.03935599284436497
2022-08-11,27300,27800,27000,27100,134255,0.009310986964618184
2022-08-12,27000,27750,27000,27450,113440,0.012915129151291449
2022-08-16,27650,28050,27200,27450,126016,0.0
2022-08-17,27300,27450,26450,26550,148361,-0.032786885245901676
2022-08-18,26600,27250,26500,26600,124197,0.0018832391713747842
2022-08-19,26800,26800,25500,25600,157666,-0.03759398496240607
2022-08-22,25000,25350,24700,24700,101652,-0.03515625
2022-08-23,23950,24500,23600,23700,192140,-0.04048582995951422
2022-08-24,23750,24200,23500,23900,93668,0.00843881856540074
2022-08-25,24950,25200,24500,24500,251442,0.025104602510460206
2022-08-26,24800,25100,24300,24300,104192,-0.008163265306122436
2022-08-29,23300,23550,22600,22750,177508,-0.06378600823045266
2022-08-30,22750,23400,22750,23100,89636,0.01538461538461533
2022-08-31,23100,25450,23000,24350,505860,0.05411255411255422
2022-09-01,23850,24150,23100,23100,127842,-0.05133470225872694
2022-09-02,23350,24550,23350,23850,176191,0.032467532467532534
2022-09-05,23400,23800,22950,23050,85839,-0.033542976939203384
2022-09-06,22800,23550,22800,23300,82686,0.010845986984815648
2022-09-07,23000,23200,22250,22400,109819,-0.03862660944206009
2022-09-08,22650,22950,21900,22150,98656,-0.011160714285714302
2022-09-13,22700,23350,22500,23300,105271,0.05191873589164775
2022-09-14,22050,22700,21950,22500,72905,-0.03433476394849788
2022-09-15,22800,23200,22350,22450,66505,-0.0022222222222222365
2022-09-16,22200,24750,22150,23600,574102,0.05122494432071267
2022-09-19,23250,23500,22200,22300,163792,-0.05508474576271183
2022-09-20,23100,23650,22600,22750,197987,0.020179372197309364
2022-09-21,22900,24950,22900,24400,761915,0.07252747252747249
2022-09-22,24000,25500,23900,25500,613233,0.04508196721311486
2022-09-23,25850,26250,25050,25400,425421,-0.0039215686274509665
2022-09-26,24900,24900,22500,22550,270073,-0.11220472440944884
2022-09-27,22600,23350,22450,23150,172369,0.026607538802660757
2022-09-28,22800,23800,21600,21700,209579,-0.06263498920086397
2022-09-29,22400,23400,20200,21350,201472,-0.016129032258064502
2022-09-30,20750,21500,19950,20450,254734,-0.042154566744730726
2022-10-04,21200,22900,21000,22850,349513,0.11735941320293408
2022-10-05,23100,23350,21800,21950,162059,-0.03938730853391681
2022-10-06,22150,22800,22150,22350,119630,0.018223234624145768
2022-10-07,22100,22450,21650,21750,74359,-0.02684563758389258
2022-10-11,21200,21300,20150,20300,111561,-0.06666666666666665
2022-10-12,20100,20550,19900,20250,85713,-0.0024630541871921707
2022-10-13,20200,20200,18850,18900,108447,-0.06666666666666665
2022-10-14,19400,19750,19300,19400,88860,0.02645502645502651
2022-10-17,19100,19800,18900,19600,60431,0.010309278350515427
2022-10-18,20100,20600,19950,20550,79585,0.04846938775510212
2022-10-19,21150,21400,19950,20000,81141,-0.02676399026763987
2022-10-20,19850,20350,19650,19850,43258,-0.007499999999999951
2022-10-21,19700,19900,19350,19350,43318,-0.02518891687657432
2022-10-24,20250,20450,19750,19850,40184,0.025839793281653645
2022-10-25,20150,20200,19600,19900,33986,0.0025188916876575096
2022-10-26,20150,20150,19300,19400,52754,-0.025125628140703515
2022-10-27,19900,20000,19250,19450,63521,0.002577319587628857
2022-10-28,19350,19700,19250,19300,35807,-0.007712082262210762
2022-10-31,19350,19500,18950,19000,53534,-0.015544041450777257
2022-11-01,18900,19250,18850,19050,49678,0.002631578947368318
2022-11-02,19300,19650,19250,19400,79643,0.018372703412073532
2022-11-03,18900,19400,18700,19000,58300,-0.020618556701030966
2022-11-04,19000,19200,18750,18850,46805,-0.007894736842105288
2022-11-07,18900,19200,18800,18950,31308,0.0053050397877985045
2022-11-08,19000,19700,18950,19650,75449,0.03693931398416894
2022-11-09,19600,20150,19500,19700,67491,0.0025445292620864812
2022-11-10,19550,19600,19200,19450,34380,-0.012690355329949221
2022-11-11,20100,20150,19650,19950,75591,0.02570694087403602
2022-11-14,20050,20300,19750,19800,67606,-0.007518796992481258
2022-11-15,19800,20400,19700,20400,56942,0.030303030303030276
2022-11-16,20400,20450,19950,20300,67103,-0.004901960784313708
2022-11-17,20300,20300,19700,19750,44201,-0.027093596059113323
2022-11-18,19650,20050,19450,19500,49774,-0.012658227848101222
2022-11-21,19500,19650,18950,19050,46699,-0.023076923076923106
2022-11-22,18800,19150,18750,18900,25465,-0.007874015748031482
2022-11-23,19300,19300,18950,19100,27503,0.010582010582010692
2022-11-24,19200,19550,19200,19550,35880,0.023560209424083878
2022-11-25,19600,19650,19200,19250,31416,-0.01534526854219953
2022-11-28,19350,21200,18800,19850,322805,0.03116883116883118
2022-11-29,20100,21200,19850,20950,314200,0.055415617128463435
2022-11-30,20900,21150,20500,21000,85902,0.0023866348448686736
2022-12-01,21300,21300,20700,20750,81085,-0.011904761904761862
2022-12-02,21100,21300,20800,21000,120768,0.012048192771084265
2022-12-05,21150,21250,20450,20650,75845,-0.01666666666666672
2022-12-06,20350,21450,20350,20950,161877,0.014527845036319542
2022-12-07,20900,21200,20350,21000,78879,0.0023866348448686736
2022-12-08,21100,21600,21000,21250,120458,0.011904761904761862
2022-12-09,22700,23900,20450,20450,797613,-0.03764705882352937
2022-12-12,20350,20400,19350,19400,100417,-0.05134474327628358
2022-12-13,19400,19550,19000,19000,72209,-0.020618556701030966
2022-12-14,19100,20300,19050,20250,97803,0.06578947368421062
2022-12-15,20200,20550,20000,20500,66075,0.012345679012345734
2022-12-16,19850,20600,19800,20550,54581,0.0024390243902439046
2022-12-19,20600,20900,20200,20850,48871,0.014598540145985384
2022-12-20,20850,20850,19950,20150,65289,-0.033573141486810565
2022-12-21,20250,20850,19400,19800,51074,-0.017369727047146455
2022-12-22,19800,20100,19700,20050,21323,0.012626262626262541
2022-12-23,19950,19950,19150,19150,53093,-0.04488778054862841
2022-12-26,19200,19550,18950,19000,26875,-0.007832898172323799
2022-12-27,18800,19300,18800,19000,26749,0.0
2022-12-28,19250,19750,18950,19100,35143,0.0052631578947368585
2022-12-29,19150,19400,18000,18450,47961,-0.03403141361256545
2023-01-02,18550,18750,17250,17350,62594,-0.05962059620596205
2023-01-03,17350,17750,17050,17500,27180,0.008645533141210304
2023-01-04,17200,18100,17200,18050,30989,0.03142857142857136
2023-01-05,18100,18450,17700,17700,21901,-0.01939058171745156
2023-01-06,17750,18150,17550,17900,21462,0.011299435028248483
2023-01-09,18000,18650,18000,18600,33370,0.03910614525139655
2023-01-10,18750,19150,18600,18900,33614,0.016129032258064502
2023-01-11,18800,21350,18800,19650,817401,0.039682539682539764
2023-01-12,19650,19800,19450,19650,68074,0.0
2023-01-13,19500,20200,19500,20000,106529,0.01781170483460559
2023-01-16,20000,20350,19700,20350,73695,0.01750000000000007
2023-01-17,20200,20350,19900,20250,35660,-0.004914004914004955
2023-01-18,20200,21100,19950,20750,92136,0.024691358024691468
2023-01-19,20750,20750,20150,20200,40523,-0.026506024096385583
2023-01-20,20200,20400,20050,20300,40861,0.004950495049504955
2023-01-25,20300,20850,20300,20750,51702,0.022167487684729092
2023-01-26,20700,21000,20650,20750,65407,0.0
2023-01-27,21000,21450,20650,20800,44989,0.002409638554216942
2023-01-30,20900,21000,20450,20650,30513,-0.007211538461538436
2023-01-31,20350,20500,20000,20150,37242,-0.02421307506053272
2023-02-01,20150,21000,20150,20550,90264,0.01985111662531014
2023-02-02,20950,21300,20700,21150,107965,0.029197080291970767
2023-02-03,21300,21750,20950,21750,139207,0.028368794326241176
2023-02-06,21750,21850,21350,21400,74060,-0.016091954022988464
2023-02-07,21200,21800,21200,21600,63502,0.009345794392523255
2023-02-08,21800,22150,21500,22000,86376,0.0185185185185186
2023-02-09,22250,22350,21800,22100,75776,0.00454545454545463
2023-02-10,22100,22100,21000,21350,118901,-0.0339366515837104
2023-02-13,21100,21300,20550,20900,36709,-0.021077283372365363
2023-02-14,21100,21400,20450,21250,62403,0.01674641148325362
2023-02-15,21550,21800,20500,21300,72301,0.0023529411764706687
2023-02-16,21500,21900,21050,21700,115555,0.018779342723004744
2023-02-17,21300,21450,20750,21150,66491,-0.025345622119815614
2023-02-20,21000,21000,20450,20650,48405,-0.023640661938534313
2023-02-21,20800,20800,20300,20600,45274,-0.002421307506053294
2023-02-22,20100,20700,20000,20250,53078,-0.016990291262135915
2023-02-23,20300,21050,20200,20750,65545,0.024691358024691468
2023-02-24,20950,21250,20450,20750,98335,0.0
2023-02-27,20850,20850,19970,20250,67638,-0.02409638554216864
2023-02-28,20350,23100,20300,22600,860939,0.11604938271604937
2023-03-02,22800,22850,21900,22600,292122,0.0
2023-03-03,22600,22950,22200,22900,794797,0.01327433628318575
2023-03-06,22800,22800,21650,21950,210014,-0.04148471615720528
2023-03-07,21800,22900,21600,22250,150866,0.013667425968109326
2023-03-08,22050,22350,21550,21800,80687,-0.020224719101123556
2023-03-09,22100,22100,20650,20800,84361,-0.04587155963302747
2023-03-10,20400,21000,19800,19950,100003,-0.04086538461538458
2023-03-13,19800,20250,19230,19530,48456,-0.021052631578947323
2023-03-14,19310,19940,18390,18450,72554,-0.055299539170506895
2023-03-15,18760,19200,18720,18750,49959,0.016260162601626105
2023-03-16,18800,19140,18500,18890,47025,0.0074666666666667325
2023-03-17,19360,19730,19200,19370,72193,0.02541026998411855
2023-03-20,19730,20200,19390,20050,79689,0.03510583376355192
2023-03-21,20150,20800,19600,19730,51451,-0.015960099750623402
2023-03-22,20500,20500,19680,19900,39487,0.0086163203243792
2023-03-23,19740,20400,19500,19970,62772,0.0035175879396984744
2023-03-24,20250,20900,19830,20600,128459,0.03154732098147228
2023-03-27,20650,20700,19800,20050,68481,-0.02669902912621358
2023-03-28,20050,20100,19710,19870,49494,-0.008977556109725726
2023-03-29,20000,20000,19520,19600,49100,-0.013588324106693528
2023-03-30,19630,19810,19500,19520,52353,-0.004081632653061273
2023-03-31,19560,19710,18700,18750,112122,-0.03944672131147542
2023-04-03,18810,19100,18550,18760,98196,0.0005333333333332746
2023-04-04,18760,19000,18610,18830,66997,0.003731343283582156
2023-04-05,19120,19120,18710,18820,49560,-0.0005310674455656361
2023-04-06,19070,19070,18680,18790,68524,-0.0015940488841658107
2023-04-07,18710,18880,18100,18800,94063,0.000532197977647586
2023-04-10,18800,19250,18550,18990,119714,0.01010638297872335
2023-04-11,19000,19030,18600,18830,68428,-0.008425487098472906
2023-04-12,19090,21700,18930,20950,674296,0.11258629845990442
2023-04-13,20850,21600,20150,21250,342674,0.014319809069212486
2023-04-14,21350,21750,20650,21400,212856,0.007058823529411784
2023-04-17,21200,21400,20550,21300,106441,-0.004672897196261627
2023-04-18,20950,21450,20500,21200,134008,-0.0046948356807511304
2023-04-19,21250,22300,20750,21850,233402,0.030660377358490587
2023-04-20,21550,22100,21150,21750,206195,-0.004576659038901587
2023-04-21,22000,23100,20700,22550,376320,0.0367816091954023
2023-04-24,23000,23700,22150,22400,435889,-0.006651884700665134
2023-04-25,22750,24300,22750,24100,704273,0.0758928571428572
2023-04-26,24500,24500,22550,23250,429255,-0.03526970954356845
2023-04-27,23700,24000,22600,23500,221325,0.010752688172043001
2023-04-28,23800,24000,23000,23500,175797,0.0
2023-05-02,23300,24550,23000,24350,247011,0.036170212765957555
2023-05-03,24000,24200,23150,23550,172588,-0.03285420944558526
2023-05-04,23600,25200,23250,24650,210486,0.04670912951167727
2023-05-08,25300,29450,24750,27250,3382129,0.10547667342799194
2023-05-09,26800,29450,25700,28450,1171327,0.044036697247706424
2023-05-10,28400,29950,28300,28950,509919,0.017574692442882345
2023-05-11,28800,31300,28450,30700,547424,0.060449050086355705
2023-05-12,31050,31100,28050,29450,558439,-0.04071661237785018
2023-05-15,28450,29250,27500,28850,253739,-0.02037351443123936
2023-05-16,28550,29200,27650,28150,234599,-0.024263431542461023
2023-05-17,28100,30750,27800,30700,420455,0.09058614564831258
2023-05-18,30450,31850,30200,30850,246507,0.004885993485342022
2023-05-19,32650,33900,28850,29750,940863,-0.03565640194489461
2023-05-22,29750,30450,29300,29800,149512,0.001680672268907557
2023-05-23,30000,31650,29100,31000,434490,0.04026845637583887
2023-05-24,30500,31150,27500,27900,727602,-0.09999999999999998
2023-05-25,28050,28200,26400,26600,509457,-0.04659498207885304
2023-05-26,26750,27150,26250,26550,234099,-0.001879699248120259
2023-05-30,26600,28300,26600,27950,318421,0.052730696798493515
2023-05-31,28400,28550,27350,27550,245852,-0.014311270125223596
2023-06-01,27400,28100,27000,27800,126475,0.00907441016333932
2023-06-02,28050,28150,27600,27750,114558,-0.0017985611510791255
2023-06-05,27900,28300,27100,28050,99296,0.0108108108108107
2023-06-07,28450,29800,28050,29500,399879,0.051693404634581164
2023-06-08,29450,29900,28850,29650,138976,0.005084745762711895
2023-06-09,30000,31600,29500,30350,510826,0.02360876897133224
2023-06-12,30400,30900,29600,30450,223988,0.0032948929159801743
2023-06-13,30800,31700,30100,30500,242086,0.0016420361247948545
2023-06-14,30950,31000,28050,28400,394958,-0.06885245901639347
2023-06-15,28700,29200,28050,28750,185506,0.012323943661971759
2023-06-16,28850,28850,27350,27750,249869,-0.034782608695652195
2023-06-19,27850,28500,27400,28250,94483,0.018018018018018056
2023-06-20,28200,28200,26500,27000,196505,-0.04424778761061943
2023-06-21,27200,27350,26750,26900,60237,-0.0037037037037036535
2023-06-22,26700,27000,26150,26700,96522,-0.0074349442379182396
2023-06-23,26750,27100,26300,27000,70044,0.011235955056179803
2023-06-26,27150,27150,25700,26500,76324,-0.01851851851851849
2023-06-27,26300,26700,25850,26550,54958,0.0018867924528302993
2023-06-28,26650,26700,26050,26350,62736,-0.007532956685499026
2023-06-29,26400,26400,25500,26000,89071,-0.013282732447817858
2023-06-30,25900,27800,25850,27750,164290,0.06730769230769229
2023-07-03,27850,28600,27350,28000,140565,0.009009009009008917
2023-07-04,28000,28600,26550,27550,169867,-0.016071428571428625
2023-07-05,27350,27850,27250,27800,83881,0.00907441016333932
2023-07-06,27850,27900,26550,27150,107583,-0.023381294964028743
2023-07-07,27000,27200,26200,26700,71635,-0.016574585635359074
2023-07-10,26750,27050,25850,26500,61279,-0.0074906367041198685
2023-07-11,26700,27200,26250,27100,63447,0.02264150943396226
2023-07-12,27400,27650,26900,27200,52742,0.0036900369003689537
2023-07-13,27700,28750,27100,27450,281400,0.009191176470588314
2023-07-14,27650,27650,26400,26700,128345,-0.02732240437158473
2023-07-17,29000,32850,28000,32850,2261270,0.2303370786516854
2023-07-18,34950,35100,30550,33000,1903494,0.004566210045662045
2023-07-19,32500,39300,32450,34700,3599350,0.051515151515151514
2023-07-20,34350,34900,31800,34000,823331,-0.02017291066282423
2023-07-21,32350,36300,32150,35600,873592,0.04705882352941182
2023-07-24,34850,36550,33950,34350,682068,-0.0351123595505618
2023-07-25,35200,35450,33050,33800,358315,-0.01601164483260553
2023-07-26,33800,33950,30450,31200,499229,-0.07692307692307687
2023-07-27,31300,32900,31050,31700,231595,0.01602564102564097
2023-07-28,31650,34200,31100,33800,240523,0.06624605678233442
2023-07-31,34500,34600,33200,33900,205632,0.002958579881656709
2023-08-01,34150,36550,33500,36250,674274,0.06932153392330376
2023-08-02,37600,37900,31650,32200,753593,-0.11172413793103453
2023-08-03,32450,33000,31000,31800,240289,-0.012422360248447228
2023-08-04,31800,33500,31000,31550,310050,-0.00786163522012584
2023-08-07,31350,31400,29200,29200,320836,-0.0744849445324881
2023-08-08,29250,29600,28200,28800,148931,-0.013698630136986356
2023-08-09,28700,28750,27850,28200,192052,-0.02083333333333337
2023-08-10,27900,28100,27150,27400,154496,-0.028368794326241176
2023-08-11,27500,29000,27500,28700,206664,0.04744525547445266
2023-08-14,27900,27900,26100,26600,229186,-0.07317073170731703
2023-08-16,26600,26600,25500,25550,132080,-0.03947368421052633
2023-08-17,25150,26950,24550,26400,209601,0.03326810176125239
2023-08-18,26100,26400,25500,25850,89477,-0.02083333333333337
2023-08-21,26250,27150,25800,26400,106777,0.02127659574468077
2023-08-22,26850,27900,26700,27300,126617,0.03409090909090917
2023-08-23,27400,27500,26200,26650,89713,-0.023809523809523836
2023-08-24,27000,27500,26500,27050,93689,0.015009380863039379
2023-08-25,26500,26900,25950,26000,70745,-0.038817005545286554
2023-08-28,26250,26750,26050,26200,74121,0.007692307692307665
2023-08-29,26600,29800,26400,29550,451817,0.12786259541984735
2023-08-30,30700,33450,30000,31100,1108063,0.05245346869712342
2023-08-31,31300,31400,29850,31100,289160,0.0
2023-09-01,30950,32550,30500,31050,356022,-0.001607717041800627
2023-09-04,31800,32100,30200,30800,219472,-0.008051529790660261
2023-09-05,34700,35700,31400,31400,1316230,0.01948051948051943
2023-09-06,31900,32300,30500,31200,296555,-0.006369426751592355
2023-09-07,31850,32650,31000,31150,293932,-0.0016025641025640969
2023-09-08,30850,32250,30250,31100,170149,-0.0016051364365970988
2023-09-11,31500,31550,30400,30650,130580,-0.014469453376205754
2023-09-12,32600,39800,32350,39800,6633753,0.298531810766721
2023-09-13,39050,39500,34350,34800,2624254,-0.12562814070351758
2023-09-14,34700,35150,33550,34950,845117,0.004310344827586299
2023-09-15,34600,35500,33100,33250,531170,-0.048640915593705314
2023-09-18,33300,33800,31400,31750,438989,-0.045112781954887216
2023-09-19,31750,32000,30850,31150,225786,-0.018897637795275646
2023-09-20,31200,32250,30550,32100,424409,0.03049759229534521
2023-09-21,31550,31650,29500,29600,326618,-0.07788161993769471
2023-09-22,29000,30650,28550,30050,209213,0.01520270270270263
2023-09-25,29600,30450,29450,29450,103396,-0.019966722129783676
2023-09-26,30100,30750,28950,29200,116378,-0.008488964346349714
2023-09-27,29200,31000,29150,30850,217793,0.05650684931506844
2023-10-04,30150,31650,30050,30600,206486,-0.008103727714748765
2023-10-05,31450,32100,30650,30900,249377,0.009803921568627416
2023-10-06,30850,32550,30750,32450,210594,0.05016181229773453
2023-10-10,32900,33100,31500,31500,235186,-0.02927580893682591
2023-10-11,32200,33450,32200,32650,215986,0.0365079365079366
2023-10-12,33100,33550,32200,32700,161641,0.0015313935681469104
2023-10-13,32250,32700,31250,32200,143026,-0.015290519877675823
2023-10-16,31900,33300,31300,33000,254669,0.024844720496894457
2023-10-17,33950,34500,33150,33600,399327,0.018181818181818077
2023-10-18,33700,35100,33700,34700,369289,0.032738095238095344
2023-10-19,33600,34800,32300,33900,386980,-0.023054755043227626
2023-10-20,33150,34650,32050,33400,309304,-0.014749262536873142
2023-10-23,33050,33950,32000,32000,184295,-0.041916167664670656
2023-10-24,32450,32950,30700,32700,203416,0.02187500000000009
2023-10-25,33200,35050,32800,34400,358379,0.051987767584097844
2023-10-26,33000,33600,31750,32300,306157,-0.061046511627906974
2023-10-27,32900,33550,32100,32600,166016,0.009287925696594534
2023-10-30,33250,33700,32300,32650,160045,0.0015337423312884457
2023-10-31,32000,32300,26500,27300,719649,-0.16385911179173052
2023-11-01,28300,28650,27500,28100,219381,0.0293040293040292
2023-11-02,28700,30300,28700,30200,255584,0.07473309608540935
2023-11-03,30550,31550,30200,30650,278160,0.01490066225165565
2023-11-06,30900,31200,29600,30500,252254,-0.004893964110929905
2023-11-07,30850,31600,29350,29500,272066,-0.032786885245901676
2023-11-08,29500,30450,28850,29150,184816,-0.011864406779661052
2023-11-09,29550,29700,28600,28600,94997,-0.018867924528301883
2023-11-10,27950,28350,27550,28150,93583,-0.01573426573426573
2023-11-13,28600,29000,26950,27000,108520,-0.04085257548845467
2023-11-14,27300,28550,27300,28350,85842,0.050000000000000044
2023-11-15,29700,30400,29150,30200,201355,0.06525573192239853
2023-11-16,30200,34950,30200,33350,1438080,0.10430463576158933
2023-11-17,34100,34100,32050,32500,413908,-0.025487256371814038
2023-11-20,33150,36250,33000,35850,887333,0.10307692307692307
2023-11-21,35550,37300,34850,34950,446334,-0.025104602510460206
2023-11-22,35500,36500,34300,34750,424376,-0.005722460658083017
2023-11-23,34700,34700,32150,32600,512938,-0.06187050359712232
2023-11-24,32900,33850,32650,33450,321647,0.0260736196319018
2023-11-27,34000,35150,32700,34750,356845,0.038863976083707064
2023-11-28,36000,37350,34750,35250,723556,0.014388489208633004
2023-11-29,36000,36700,34550,34800,548629,-0.012765957446808529
2023-11-30,35300,35550,34600,34850,235769,0.001436781609195359
2023-12-01,34450,34500,32650,33200,292293,-0.04734576757532283
2023-12-04,33600,34200,33000,33050,205522,-0.004518072289156572
2023-12-05,32700,33400,30900,31600,215009,-0.04387291981845687
2023-12-06,31950,32900,31350,32800,159768,0.03797468354430378
2023-12-07,32200,32650,31800,32050,106867,-0.02286585365853655
2023-12-08,32550,33150,32200,33050,124977,0.03120124804992197
2023-12-11,33300,33700,32800,33650,123836,0.018154311649016597
2023-12-12,33800,33950,33100,33150,111859,-0.014858841010401136
2023-12-13,33150,33150,32100,32350,94121,-0.02413273001508298
2023-12-14,32900,33150,31350,31850,144728,-0.015455950540958274
2023-12-15,32250,33100,31400,31550,244193,-0.009419152276295084
2023-12-18,31450,31850,31450,31800,101648,0.007923930269413626
2023-12-19,31800,31900,31250,31400,125737,-0.012578616352201255
2023-12-20,31650,33100,31200,32950,266342,0.0493630573248407
2023-12-21,32200,33250,31900,32950,167407,0.0
2023-12-22,33900,33900,32850,33050,185328,0.003034901365705611
2023-12-26,32900,33000,32050,32100,108564,-0.02874432677760963
2023-12-27,32400,33900,32350,33550,217736,0.04517133956386288
2023-12-28,34700,34800,33200,33400,320201,-0.0044709388971684305
2024-01-02,33400,34550,33400,33900,200513,0.014970059880239583
2024-01-03,33300,33450,32500,33000,141320,-0.026548672566371723
2024-01-04,32550,33150,31500,31950,165641,-0.03181818181818186
2024-01-05,31600,31850,30300,30650,270771,-0.04068857589984354
2024-01-08,30700,31150,30500,30900,124986,0.00815660685154973
2024-01-09,31350,31600,30700,31300,104196,0.012944983818770295
2024-01-10,31200,31300,30300,30800,93618,-0.015974440894568676
2024-01-11,30950,31050,30350,30750,73066,-0.0016233766233766378
2024-01-12,30550,30750,29300,29600,154791,-0.0373983739837398
2024-01-15,29500,30050,29000,29600,73400,0.0
2024-01-16,29400,29650,28500,29000,89886,-0.020270270270270285
2024-01-17,29000,29150,27800,27950,172487,-0.036206896551724155
2024-01-18,27800,28400,27350,28050,90999,0.003577817531305927
2024-01-19,28400,29050,28150,28400,90453,0.012477718360071277
2024-01-22,28950,30400,28200,30000,192509,0.05633802816901401
2024-01-23,30000,30000,28550,29100,135474,-0.030000000000000027
2024-01-24,29100,29250,28200,29100,71462,0.0
2024-01-25,28700,28700,27100,27300,216649,-0.061855670103092786
2024-01-26,27300,27650,26800,27250,117867,-0.001831501831501825
2024-01-29,27450,27500,26200,26450,100037,-0.029357798165137616
2024-01-30,26600,26800,25250,25900,120743,-0.020793950850661602
2024-01-31,25550,29550,25550,26300,874669,0.015444015444015413
2024-02-01,26300,27200,26150,26500,112537,0.0076045627376426506
2024-02-02,26600,27200,26400,26600,87720,0.0037735849056603765
2024-02-05,26750,27750,26550,27450,111369,0.03195488721804507
2024-02-06,27150,27600,26000,26550,70776,-0.032786885245901676
2024-02-07,26750,27550,26550,26800,63193,0.009416195856873921
2024-02-08,27000,27350,26900,27050,41172,0.009328358208955168
2024-02-13,27200,28450,27200,28450,116070,0.05175600739371533
2024-02-14,28000,29100,27350,28400,196475,-0.0017574692442882123
2024-02-15,28800,28800,27700,27800,72950,-0.021126760563380254
2024-02-16,28150,28400,27600,27950,57452,0.0053956834532373765
2024-02-19,27650,28000,27150,27550,60046,-0.014311270125223596
2024-02-20,27650,27650,27100,27500,36457,-0.001814882032667886
2024-02-21,27350,27900,27250,27250,48166,-0.009090909090909038
2024-02-22,27600,27750,27200,27700,43720,0.016513761467889854
2024-02-23,27700,27900,26950,27000,60125,-0.02527075812274371
2024-02-26,27000,27200,26450,26450,52618,-0.020370370370370372
2024-02-27,26450,26500,25650,25700,61373,-0.02835538752362954
2024-02-28,25650,26100,25600,25700,41180,0.0
2024-02-29,25700,25750,25050,25100,60177,-0.023346303501945553
2024-03-04,25150,25350,24400,24600,93759,-0.019920318725099584
2024-03-05,24350,24600,23900,24150,76356,-0.018292682926829285
2024-03-06,24150,24200,23550,23950,64119,-0.008281573498964856
2024-03-07,24300,24300,23550,23700,46539,-0.01043841336116913
2024-03-08,24000,24000,23600,23950,53269,0.010548523206751037
2024-03-11,23700,23800,23300,23650,46959,-0.012526096033402934
2024-03-12,23650,23700,23300,23450,64632,-0.008456659619450302
2024-03-13,23450,23900,23400,23650,58295,0.008528784648187626
2024-03-14,23800,25300,23800,24800,187438,0.04862579281183943
2024-03-15,24650,24650,23650,23850,68252,-0.03830645161290325
2024-03-18,23900,24150,23750,23900,35068,0.002096436058700135
2024-03-19,24350,24400,23500,23700,49382,-0.008368200836820106
2024-03-20,24350,25050,24300,24500,122065,0.03375527426160341
2024-03-21,24900,24900,23950,24000,67081,-0.020408163265306145
2024-03-22,24150,24350,23550,23650,41642,-0.014583333333333282
2024-03-25,23650,23700,22900,22900,70001,-0.031712473572938715
2024-03-26,22850,22850,21600,21800,174652,-0.048034934497816595
2024-03-27,22750,23150,22200,22200,207104,0.0183486238532109
2024-03-28,22600,23900,22550,23050,158862,0.03828828828828823
2024-03-29,23250,23500,22550,23500,61872,0.01952277657266821
2024-04-01,23550,24250,23350,23800,76914,0.012765957446808418
2024-04-02,23900,24000,22750,22900,75265,-0.037815126050420145
2024-04-03,22600,22850,21950,22250,51433,-0.028384279475982543
2024-04-04,22250,22700,22050,22650,33662,0.01797752808988773
2024-04-05,22150,22400,21700,22300,52006,-0.015452538631346546
2024-04-08,24250,24700,22600,22950,190040,0.029147982062780242
2024-04-09,23200,24250,23100,23700,160872,0.03267973856209161
2024-04-11,23100,24300,23100,23850,73167,0.006329113924050667
2024-04-12,23900,24200,23450,23850,45618,0.0
2024-04-15,23450,23450,22650,22700,56884,-0.048218029350104774
2024-04-16,22800,23650,22150,22250,101859,-0.01982378854625555
2024-04-17,22000,22500,21900,21900,40899,-0.01573033707865168
2024-04-18,21600,22300,21600,22150,28118,0.011415525114155223
2024-04-19,21900,21900,20300,21100,86344,-0.04740406320541757
2024-04-22,21100,21300,20350,20600,77032,-0.023696682464455
2024-04-23,20450,21350,20450,21200,41831,0.029126213592232997
2024-04-24,22950,24400,22100,22300,312515,0.05188679245283012
2024-04-25,22300,22750,21800,21850,48111,-0.020179372197309364
2024-04-26,22100,22950,22050,22600,61677,0.034324942791762014
2024-04-29,24300,25250,24000,24150,383620,0.06858407079646023
2024-04-30,26750,27800,25500,26100,1195204,0.08074534161490687
2024-05-02,25600,26250,24800,25350,234303,-0.028735632183908066
2024-05-03,25350,25400,24400,24400,133569,-0.03747534516765283
2024-05-07,24750,25100,24450,24900,62319,0.020491803278688492
2024-05-08,24600,25300,24300,24800,91502,-0.004016064257028162
2024-05-09,24400,24550,23500,23650,100247,-0.0463709677419355
2024-05-10,23500,23850,23150,23400,47106,-0.010570824524312905
2024-05-13,23200,23450,22900,23000,48395,-0.017094017094017144
2024-05-14,23250,23350,22950,23000,28020,0.0
2024-05-16,23000,23300,22650,23050,33341,0.0021739130434783593
2024-05-17,23100,23100,22450,22550,41203,-0.021691973969631184
2024-05-20,22600,23450,22600,22600,53662,0.0022172949002217113
2024-05-21,22600,22900,22450,22600,17889,0.0
2024-05-22,23300,25000,23000,23450,164059,0.03761061946902644
2024-05-23,23450,24450,22900,24100,67805,0.02771855010660973
2024-05-24,23850,24300,23500,23700,48868,-0.016597510373444035
2024-05-27,23700,23900,23200,23800,41280,0.00421940928270037
2024-05-28,24800,24950,23850,23950,102499,0.006302521008403339
2024-05-29,23700,23950,22900,23050,48006,-0.0375782881002088
2024-05-30,22900,23050,22150,22200,47876,-0.03687635574837311
2024-05-31,23350,23350,22200,22300,37711,0.0045045045045044585
2024-06-03,22450,22750,22150,22450,17910,0.006726457399103047
2024-06-04,22250,22400,22000,22150,26575,-0.013363028953229383
2024-06-05,22200,23150,22050,22350,45089,0.009029345372460584
2024-06-07,22600,22600,22150,22300,28323,-0.0022371364653244186
2024-06-10,22100,22200,21700,21850,22172,-0.020179372197309364
2024-06-11,21700,22350,21600,21850,32685,0.0
2024-06-12,22350,22600,21900,22150,35995,0.013729977116704761
2024-06-13,22200,23300,22100,23300,104957,0.05191873589164775
2024-06-14,23600,23650,22300,22400,146363,-0.03862660944206009
2024-06-17,22100,22300,21350,21400,74647,-0.044642857142857095
2024-06-18,22250,22800,21650,21700,104213,0.014018691588784993
2024-06-19,21750,22050,21500,21550,34908,-0.00691244239631339
2024-06-20,21550,21850,21500,21500,25835,-0.002320185614849146
2024-06-21,21300,21500,20950,21000,23773,-0.023255813953488413
2024-06-24,21000,21000,20450,20550,26807,-0.021428571428571463
2024-06-25,20450,21000,20400,20550,16562,0.0
2024-06-26,20600,21200,20600,20700,35791,0.007299270072992803
2024-06-27,21000,21200,20600,20700,22093,0.0
2024-06-28,20500,20900,20350,20550,15276,-0.007246376811594235
2024-07-01,20800,21050,20550,21000,21833,0.021897810218978186
2024-07-02,21050,22600,20950,21650,99935,0.030952380952380842
2024-07-03,22500,23050,22100,22650,184841,0.04618937644341803
2024-07-04,23600,23800,22850,23050,98774,0.017660044150110465
2024-07-05,23300,23300,22500,22750,51024,-0.013015184381778733
2024-07-08,22750,23200,22600,22650,25946,-0.00439560439560438
2024-07-09,22350,23700,22250,23250,63514,0.026490066225165476
2024-07-10,23750,24250,23150,23450,108054,0.008602150537634357
2024-07-11,23950,24200,22700,22800,74207,-0.02771855010660984
2024-07-12,21800,22450,21200,21900,107649,-0.03947368421052633
2024-07-15,22200,22550,22200,22350,17504,0.020547945205479534
2024-07-16,22350,22350,21400,21400,47950,-0.04250559284116329
2024-07-17,21400,21400,20650,20700,47338,-0.032710280373831724
2024-07-18,20350,20700,19850,20050,38513,-0.03140096618357491
2024-07-19,19910,20200,19900,20050,18914,0.0
2024-07-22,20000,20200,19510,19510,27913,-0.026932668329177067
2024-07-23,19510,20000,18980,19000,34408,-0.026140440799589992
2024-07-24,18900,19220,18700,18790,34042,-0.011052631578947314
2024-07-25,18480,18630,17600,17900,59498,-0.04736562001064393
2024-07-26,17800,18020,16850,16900,111838,-0.05586592178770955
2024-07-29,16890,17300,16650,17060,35611,0.00946745562130169
2024-07-30,17020,17130,16650,16770,31128,-0.016998827667057403
2024-07-31,16670,16900,16390,16790,35393,0.0011926058437685683
2024-08-01,16790,17250,16790,17080,24412,0.01727218582489587
2024-08-02,16710,16890,16100,16100,49865,-0.05737704918032782
2024-08-05,15700,15890,12010,13230,105709,-0.17826086956521736
2024-08-06,13230,14200,13230,13980,91083,0.05668934240362811
2024-08-07,13820,14440,13820,14300,32426,0.022889842632331847
2024-08-08,13920,14280,13670,13670,40520,-0.04405594405594404
2024-08-09,13730,14340,13730,14220,21213,0.04023408924652516
2024-08-12,14220,15000,14220,14720,17575,0.035161744022503605
2024-08-13,15250,15690,14360,14540,24928,-0.012228260869565188
2024-08-14,14700,15980,14700,15530,59239,0.06808803301237965
2024-08-16,15980,15980,15540,15560,22889,0.0019317450096587585
2024-08-19,15420,15800,14870,15160,38044,-0.02570694087403602
2024-08-20,15160,16250,15160,16010,40340,0.05606860158311355
2024-08-21,16230,16230,15730,16100,10366,0.0056214865708932304
2024-08-22,16060,16120,15820,16030,10227,-0.004347826086956497
2024-08-23,15550,16140,15550,16070,7809,0.0024953212726137597
2024-08-26,16040,16160,14700,15300,22517,-0.047915370255133816
2024-08-27,15110,15780,15110,15730,10725,0.028104575163398593
2024-08-28,15730,15880,15230,15740,28245,0.0006357279084552303
2024-08-29,16230,17320,15790,15790,153171,0.0031766200762388674
2024-08-30,15640,15930,14790,15730,23850,-0.0037998733375553817
2024-09-02,15760,16420,15760,15990,35168,0.016528925619834656
2024-09-03,15960,16090,15630,15670,16156,-0.02001250781738584
2024-09-04,15250,15500,14500,14620,51365,-0.06700701978302492
2024-09-05,14620,15190,14000,14430,32948,-0.012995896032831689
2024-09-06,14870,18750,14870,17800,2829373,0.23354123354123346
2024-09-09,16960,18940,16650,18010,2545521,0.01179775280898876
2024-09-10,18090,18150,17100,17260,359707,-0.04164353137146026
2024-09-11,17900,20150,17540,18060,2498127,0.04634994206257237
2024-09-12,18990,19320,18570,18680,592039,0.034330011074197087
2024-09-13,18770,19540,18570,19300,406170,0.03319057815845827
2024-09-19,20000,22200,19110,21050,1695661,0.09067357512953378
2024-09-20,21850,23450,21200,22100,1187972,0.04988123515439424
2024-09-23,22100,22800,21750,22300,335514,0.009049773755656076
2024-09-24,23000,23650,22100,22400,400198,0.004484304932735439
2024-09-25,22550,23150,21950,22900,219641,0.022321428571428603
2024-09-26,22950,23450,22650,23100,201123,0.008733624454148492
2024-09-27,23050,23050,22250,22700,174634,-0.017316017316017285
2024-09-30,23050,23550,22500,23250,236739,0.02422907488986792
2024-10-02,23250,23950,22100,23350,499909,0.004301075268817289
2024-10-04,22650,22700,21500,21900,240430,-0.062098501070663836
2024-10-07,22700,23700,22000,22350,328241,0.020547945205479534
2024-10-08,21500,21700,19870,19990,416448,-0.10559284116331091
2024-10-10,19790,19820,19090,19720,338447,-0.013506753376688385
2024-10-11,19600,21500,17990,17990,1327471,-0.08772819472616633
2024-10-14,17400,17570,16350,16550,383728,-0.08004446914952756
2024-10-15,16580,16900,16370,16440,151372,-0.006646525679758319
2024-10-16,16360,16420,15970,15970,122488,-0.028588807785888126
2024-10-17,15970,16170,15380,15390,119050,-0.036318096430807745
2024-10-18,15390,15470,14890,14960,110279,-0.027940220922677117
2024-10-21,14960,15320,14720,15210,71193,0.016711229946523964
2024-10-22,15050,15210,14490,14590,88898,-0.04076265614727148
2024-10-23,14560,14910,14180,14900,64903,0.02124742974640159
2024-10-24,15600,16190,14880,15900,523760,0.06711409395973145
2024-10-25,16570,17090,15680,15680,424367,-0.01383647798742138
2024-10-28,15590,16310,15380,16150,121914,0.029974489795918435
2024-10-29,15840,15960,15680,15900,52778,-0.015479876160990669
2024-10-30,15920,16000,15550,15550,52885,-0.022012578616352196
2024-10-31,15300,15590,15100,15310,39948,-0.015434083601286175
2024-11-01,15230,15230,14850,14900,47986,-0.026779882429784463
2024-11-04,14890,15650,14810,15510,55997,0.04093959731543628
2024-11-05,15510,15750,15220,15660,45092,0.009671179883945946
2024-11-06,16100,18110,15860,17940,644174,0.14559386973180066
2024-11-07,19520,22250,19030,19230,1731539,0.07190635451505023
2024-11-08,19300,20350,19250,19650,328085,0.021840873634945357
2024-11-11,21050,23450,20550,22100,1496395,0.12468193384223913
2024-11-12,22900,23900,21550,21550,738941,-0.02488687782805432
2024-11-13,20450,24450,20050,21500,1578674,-0.002320185614849146
2024-11-14,21500,22100,20500,21100,386081,-0.018604651162790753
2024-11-15,20500,21150,20000,20700,300258,-0.018957345971563955
2024-11-18,22100,26150,21850,25800,3017265,0.24637681159420288
2024-11-19,26100,31750,26100,26950,4895998,0.04457364341085279
2024-11-20,28050,29450,26300,27350,2256433,0.014842300556586308
2024-11-21,26650,28950,26050,27650,1486378,0.010968921389396646
2024-11-22,26750,27900,26200,27900,695732,0.009041591320072317
2024-11-25,27300,28350,27100,28150,529525,0.008960573476702427
2024-11-26,27350,27450,26100,27050,523557,-0.039076376554174064
2024-11-27,26600,28250,26300,26800,671747,-0.009242144177449174
2024-11-28,26200,26350,23600,25100,1135473,-0.06343283582089554
2024-11-29,25900,26100,23600,23850,690579,-0.04980079681274896
2024-12-02,24700,28050,24550,27800,2181558,0.16561844863731645
2024-12-03,27550,30550,26900,27000,2997122,-0.02877697841726623
2024-12-04,26200,27350,25450,26350,654556,-0.024074074074074026
2024-12-05,26600,27050,24950,24950,568129,-0.05313092979127132
2024-12-06,25000,25600,21450,22550,1302946,-0.09619238476953906
2024-12-09,21950,22550,20850,21250,433128,-0.05764966740576494
2024-12-10,21500,22500,21250,22200,566709,0.04470588235294115
2024-12-11,22950,24400,22700,23800,606800,0.072072072072072
2024-12-12,25500,27050,24750,25150,1198242,0.05672268907563027
2024-12-13,25600,25600,24450,25300,426140,0.005964214711729587
2024-12-16,27750,29300,26600,28650,2865721,0.1324110671936758
2024-12-17,29150,29200,27950,28600,1025163,-0.0017452006980802626
2024-12-18,29750,32700,28050,28150,5231528,-0.01573426573426573
2024-12-19,27350,29200,27050,28100,836011,-0.001776198934280604
2024-12-20,28750,30300,27200,27250,1948152,-0.030249110320284656
2024-12-23,26650,27550,26350,27250,536705,0.0
2024-12-24,27300,27350,26100,26150,433440,-0.04036697247706422
2024-12-26,27150,27450,25050,25250,508145,-0.03441682600382412
2024-12-27,24800,26600,24300,25900,552714,0.025742574257425765
2024-12-30,25000,27200,24700,26450,408405,0.021235521235521304
2025-01-02,26550,29250,26150,28950,901713,0.09451795841209831
2025-01-03,28200,29250,27600,29250,493244,0.010362694300518172
2025-01-06,30150,30750,28150,28550,666465,-0.023931623931623958
2025-01-07,29050,29400,27800,27950,388547,-0.021015761821365997
2025-01-08,27400,28600,27050,27950,256809,0.0
2025-01-09,27800,28050,26100,28000,335785,0.0017889087656528524
2025-01-10,28650,29250,27800,28450,681056,0.016071428571428514
2025-01-13,28050,28650,27800,27800,134470,-0.02284710017574687
2025-01-14,27950,28500,27650,28000,198534,0.007194244604316502
2025-01-15,29000,29800,26650,26650,680672,-0.048214285714285765
2025-01-16,27400,28200,26900,27200,245695,0.02063789868667909
2025-01-17,27200,27550,26150,26400,211596,-0.02941176470588236
2025-01-20,26500,27250,25800,27000,239135,0.022727272727272707
2025-01-21,27000,27900,25850,27900,315872,0.03333333333333344
2025-01-22,27750,28300,27400,28000,280974,0.0035842293906809264
2025-01-23,27850,27900,26600,26600,195078,-0.050000000000000044
2025-01-24,26600,26800,26000,26400,123154,-0.007518796992481258
2025-01-31,27300,27900,26150,26250,360843,-0.005681818181818232
2025-02-03,25600,25600,22900,23300,330521,-0.11238095238095236
2025-02-04,23450,24050,23000,23100,182942,-0.008583690987124415
2025-02-05,23300,23950,23000,23700,198356,0.025974025974025983
2025-02-06,23200,24550,21900,24050,807556,0.014767932489451407
2025-02-07,24200,26000,23500,25250,853714,0.0498960498960499
2025-02-10,24700,25100,24250,24800,199939,-0.017821782178217838
2025-02-11,24900,25250,24400,24900,210830,0.0040322580645162365
2025-02-12,24900,25250,23700,23800,155666,-0.04417670682730923
2025-02-13,24100,25750,23450,24950,374910,0.04831932773109249
2025-02-14,25350,25350,24250,24500,124455,-0.018036072144288595
2025-02-17,24950,24950,24300,24350,114859,-0.006122448979591799
2025-02-18,24450,25100,23900,24750,180745,0.01642710472279263
2025-02-19,24600,24600,23900,23900,135901,-0.03434343434343434
2025-02-20,23800,23900,23000,23050,110768,-0.03556485355648531
2025-02-21,23000,23500,22850,22850,60042,-0.008676789587852451
2025-02-24,22600,22700,21800,22350,113253,-0.021881838074398252
2025-02-25,22500,22550,21650,21850,74234,-0.022371364653243853
2025-02-26,21550,21800,21000,21400,116499,-0.020594965675057253
2025-02-27,21250,21500,20050,20200,185041,-0.05607476635514019
2025-02-28,19520,19860,19130,19160,123104,-0.05148514851485153
2025-03-04,18510,19250,18450,19090,75361,-0.0036534446764091566
2025-03-05,19010,19750,19010,19640,68347,0.028810895756940846
2025-03-06,19640,19860,19010,19030,57238,-0.031059063136456233
2025-03-07,18720,19280,18700,18700,658364,-0.017341040462427793
2025-03-10,18530,19320,18340,18420,85924,-0.0149732620320856
2025-03-11,17500,18210,17500,18170,118494,-0.01357220412595006
2025-03-12,18200,18970,18140,18920,108141,0.04127682993946058
2025-03-13,19490,19490,17900,17910,162317,-0.05338266384778012
2025-03-14,18080,18680,17850,18310,109392,0.022333891680625273
2025-03-17,18310,18550,17710,17720,102497,-0.03222282905516116
2025-03-18,17780,17840,17500,17560,78945,-0.009029345372460473
2025-03-19,17580,18550,17110,17510,146269,-0.0028473804100227484
2025-03-20,17860,18400,17230,17230,174867,-0.0159908623643632
2025-03-21,17110,17230,16760,17090,78149,-0.008125362739408004
2025-03-24,16940,17560,16870,17260,58454,0.009947337624341746
2025-03-25,17850,18150,16850,16910,801638,-0.02027809965237548
2025-03-26,16920,17290,16920,17010,57963,0.005913660555884048
2025-03-27,16780,17000,16450,16480,62562,-0.031158142269253397
2025-03-28,16480,16620,15600,15650,115036,-0.05036407766990292
2025-03-31,15000,15380,14950,14960,85290,-0.04408945686900956
2025-04-01,14960,15500,14900,15460,93985,0.03342245989304815
2025-04-02,15470,15610,15040,15100,38721,-0.023285899094437235
2025-04-03,14820,15480,14590,15300,65177,0.013245033112582849
2025-04-04,14870,15430,14580,14870,65520,-0.028104575163398704
2025-04-07,14400,14480,13400,13410,108677,-0.0981842636180229
2025-04-08,13720,13920,13360,13370,52344,-0.002982848620432521
2025-04-09,13020,13360,12710,12860,55402,-0.03814510097232615
2025-04-10,13860,14110,13690,13920,57512,0.08242612752721623
2025-04-11,13850,14390,13640,14370,39690,0.032327586206896575
2025-04-14,14500,14940,14440,14790,51812,0.029227557411273475
2025-04-15,15300,15690,14960,15510,108461,0.04868154158215021
2025-04-16,15530,15640,14880,14880,57617,-0.04061895551257255
2025-04-17,14640,15140,14640,15080,34804,0.013440860215053752
2025-04-18,14940,14960,14700,14910,31540,-0.011273209549071628
2025-04-21,15470,15860,15280,15490,108941,0.03890006706908111
2025-04-22,15190,15450,14980,15250,119814,-0.015493867010974771
2025-04-23,16280,16360,15480,15760,216849,0.03344262295081957
2025-04-24,16280,16300,15760,15900,124961,0.008883248730964466
2025-04-25,16500,16620,16010,16130,171906,0.014465408805031554
2025-04-28,17380,17380,16550,16630,304863,0.030998140111593298
2025-04-29,16990,16990,16200,16300,100532,-0.0198436560432953
2025-04-30,16400,16440,15550,15760,99700,-0.03312883435582825
2025-05-02,15560,15800,15510,15650,50019,-0.006979695431472033
2025-05-07,15820,16300,15780,16300,90011,0.04153354632587858
2025-05-08,16310,16510,16150,16440,85898,0.008588957055214674
2025-05-09,16600,16650,15900,16070,70913,-0.022506082725060828
2025-05-12,16590,18200,16370,17750,709314,0.10454262601120101
2025-05-13,17800,18080,17580,18020,318982,0.015211267605633738
2025-05-14,18710,18740,17620,18270,410615,0.013873473917868973
2025-05-15,18210,18740,17750,18440,284630,0.009304871373836843
2025-05-16,18250,18370,17930,18040,132483,-0.021691973969631184
2025-05-19,17500,17890,17170,17250,134259,-0.043791574279379186
2025-05-20,17420,17870,17260,17460,99932,0.012173913043478368
2025-05-21,18130,19770,18050,18760,623340,0.0744558991981672
2025-05-22,18480,18490,17850,18000,143484,-0.04051172707889128
2025-05-23,18140,18870,17520,18450,249487,0.02499999999999991
2025-05-26,18950,19720,18670,19270,338803,0.04444444444444451
2025-05-27,19440,19680,18980,19380,121593,0.00570835495589006
2025-05-28,20100,20300,18940,19060,199794,-0.016511867905056765
2025-05-29,19530,19920,19270,19530,179904,0.024658971668415575
2025-05-30,19500,19500,18850,18870,103088,-0.03379416282642089
2025-06-02,19450,19650,18590,19290,182641,0.022257551669316422
2025-06-04,19250,19280,18600,18790,121607,-0.025920165889061653
2025-06-05,18650,18690,17960,18190,165567,-0.031931878658861046
2025-06-09,17470,17550,17050,17430,179364,-0.041781198460692726
2025-06-10,18100,18110,17420,17790,126636,0.0206540447504302
2025-06-11,18650,19490,18260,19160,482844,0.0770095559302979
2025-06-12,19000,19040,18600,18860,155552,-0.01565762004175364
2025-06-13,18700,18790,17470,17700,208276,-0.06150583244962882
2025-06-16,17910,18380,17590,18310,102760,0.03446327683615813
2025-06-17,18280,19170,18010,18870,160985,0.030584380120152854
2025-06-18,18250,19110,18000,18740,122115,-0.006889242183359845
2025-06-19,18880,18970,18420,18890,90642,0.008004268943436532
2025-06-20,19270,19290,18480,18840,110960,-0.0026469031233457008
2025-06-23,18900,18900,18000,18480,229657,-0.019108280254777066
2025-06-24,20300,20400,18710,18760,455524,0.015151515151515138
2025-06-25,18250,18490,17700,17720,224607,-0.05543710021321957
2025-06-26,17490,17600,16450,16700,175346,-0.0575620767494357
2025-06-27,16850,17100,16340,16380,66230,-0.019161676646706538
2025-06-30,16330,16650,16050,16070,45251,-0.01892551892551897
2025-07-01,16060,16240,15350,15400,129895,-0.04169259489732424
2025-07-02,15170,15250,14990,15050,56067,-0.022727272727272707
2025-07-03,15100,15420,15100,15260,54183,0.013953488372093092
2025-07-04,15380,15380,14950,14960,56259,-0.019659239842726106
2025-07-07,14700,14910,14500,14600,72000,-0.024064171122994638
2025-07-08,14260,14680,14260,14430,78794,-0.011643835616438336
2025-07-09,14450,14500,14230,14320,49288,-0.007623007623007605
2025-07-10,14350,14480,14300,14380,48287,0.0041899441340782495
2025-07-11,14900,14980,14650,14890,71066,0.03546592489568856
2025-07-14,15350,15350,14890,14970,48190,0.005372733378106176
2025-07-15,14970,15200,14810,15050,36962,0.005344021376085584
2025-07-16,14940,14940,14800,14880,28750,-0.011295681063122953
2025-07-17,14980,15070,14660,14960,36957,0.005376344086021501
2025-07-18,15100,15290,14820,14990,28296,0.00200534759358284
2025-07-21,15090,15200,14970,15100,22894,0.007338225483655814
2025-07-22,15040,15190,14610,14730,45938,-0.024503311258278093
2025-07-23,14970,14970,14510,14740,32624,0.0006788866259335169
2025-07-24,14830,14930,14600,14600,39738,-0.009497964721845276
2025-07-25,14560,14650,14060,14110,60836,-0.03356164383561644
2025-07-28,14110,14470,14080,14450,35244,0.024096385542168752
2025-07-29,14850,14880,14380,14620,48000,0.0117647058823529
2025-07-30,14640,15020,14510,14790,49605,0.011627906976744207
2025-07-31,14940,14940,14410,14580,39753,-0.014198782961460488
2025-08-01,14430,14500,13500,13720,65725,-0.058984910836762716
2025-08-04,13600,14400,13470,13920,47274,0.014577259475218707
2025-08-05,13900,14390,13900,14210,29117,0.02083333333333326
2025-08-06,14120,14380,14070,14250,17154,0.0028149190710766714
2025-08-07,14420,14540,14310,14370,40904,0.008421052631578885
2025-08-08,14280,14450,14100,14190,25160,-0.012526096033402934
2025-08-11,14320,14540,14140,14400,16883,0.014799154334038
2025-08-12,14350,14510,14200,14400,32346,0.0
2025-08-13,14350,14470,14010,14270,21264,-0.009027777777777746
2025-08-14,14210,14300,13880,14030,40815,-0.016818500350385457
2025-08-18,13810,13950,13540,13600,25915,-0.03064861012116893
2025-08-19,13520,13900,13370,13440,21217,-0.0117647058823529
2025-08-20,13310,13370,12900,13110,27629,-0.024553571428571397
2025-08-21,13110,13460,13060,13190,24081,0.006102212051868783
2025-08-22,13060,13330,13060,13270,14292,0.006065200909780133
2025-08-25,13420,13790,13420,13610,16740,0.02562170308967593
2025-08-26,13550,13770,13500,13610,13207,0.0
2025-08-27,13600,13780,13480,13570,14432,-0.0029390154298309934
2025-08-28,13500,13620,13410,13490,10795,-0.005895357406042745
2025-08-29,13650,13650,13310,13350,13713,-0.010378057820607856
2025-09-01,13270,13270,12940,13010,21762,-0.025468164794007486
2025-09-02,13010,13270,12980,13150,13928,0.010760953112989968
2025-09-03,13550,13730,13310,13540,25117,0.029657794676806182
2025-09-04,13600,13620,13460,13570,9260,0.0022156573116691725
2025-09-05,13570,13640,13440,13640,17011,0.005158437730287346
2025-09-08,13660,13760,13500,13720,19184,0.0058651026392961825
2025-09-09,13550,13790,13510,13720,21787,0.0
2025-09-10,13720,13790,13620,13740,23014,0.001457725947521915
2025-09-11,13800,14120,13750,14020,30985,0.020378457059679667
2025-09-12,14100,14380,14100,14380,51080,0.02567760342368053
2025-09-15,14800,14820,14260,14460,44543,0.0055632823365785455
2025-09-16,14510,14870,14470,14500,63022,0.0027662517289073207
2025-09-17,14460,14460,14060,14080,44500,-0.0289655172413793
2025-09-18,14230,14340,14150,14190,38264,0.0078125
2025-09-19,14220,14330,14060,14060,19670,-0.009161381254404466
2025-09-22,14040,14290,14040,14070,20586,0.0007112375533429027
2025-09-23,14200,14200,13810,13810,19608,-0.018479033404406486
2025-09-24,13800,13920,13340,13450,33457,-0.02606806661839245
2025-09-25,13450,13620,13360,13450,13740,0.0
2025-09-26,13390,13390,12980,13110,47761,-0.02527881040892188
2025-09-29,13050,13260,13050,13050,18380,-0.004576659038901587
2025-09-30,12980,13100,12860,12890,20276,-0.01226053639846747
2025-10-01,12910,13040,12830,12830,17627,-0.004654771140418901
2025-10-02,12980,13100,12810,12990,15655,0.01247077162899446
2025-10-10,13030,13090,12820,12950,20898,-0.003079291762894565
2025-10-13,12540,13000,12530,12720,26046,-0.01776061776061777
2025-10-14,12740,13110,12580,12650,29326,-0.005503144654088077
2025-10-15,12650,13110,12650,13070,24944,0.033201581027668015
2025-10-16,13210,13830,13130,13470,52707,0.030604437643458215
2025-10-17,13430,13430,13020,13050,29252,-0.031180400890868598
2025-10-20,13410,13650,13150,13200,20525,0.011494252873563315
2025-10-21,13450,13870,13200,13330,36090,0.009848484848484773
2025-10-22,13450,13650,13000,13470,24955,0.010502625656414022
2025-10-23,13330,13580,13170,13270,20806,-0.014847809948032697
2025-10-24,13250,13410,13070,13130,20498,-0.010550113036925435
2025-10-27,13170,13250,13010,13020,25856,-0.008377760853008343
2025-10-28,12900,13090,12850,12900,28303,-0.009216589861751112
2025-10-29,12960,13130,12900,12900,26714,0.0
