Date,Open,High,Low,Close,Volume,Change
2022-01-03,900,900,721,800,5,-0.03264812575574361
2022-01-04,800,800,752,789,43638,-0.01375000000000004
2022-01-05,860,860,715,834,3887,0.057034220532319324
2022-01-06,799,899,726,789,4148,-0.0539568345323741
2022-01-07,885,885,713,879,103,0.11406844106463887
2022-01-10,879,879,748,801,9555,-0.0887372013651877
2022-01-11,799,799,692,767,23627,-0.04244694132334581
2022-01-12,798,798,745,769,12,0.0026075619295957697
2022-01-13,798,798,798,798,1,0.03771131339401812
2022-01-14,797,797,797,797,1,-0.0012531328320801727
2022-01-17,799,799,799,799,1,0.0025094102885820924
2022-01-18,799,799,680,730,16195,-0.08635794743429281
2022-01-19,700,730,700,729,12,-0.00136986301369868
2022-01-20,729,729,623,729,3,0.0
2022-01-21,799,799,633,793,102,0.0877914951989025
2022-01-24,748,748,680,746,2019,-0.059268600252206816
2022-01-25,701,799,701,799,11,0.07104557640750664
2022-01-26,798,798,680,739,312,-0.07509386733416767
2022-01-27,699,699,699,699,388,-0.05412719891745599
2022-01-28,700,700,700,700,4662,0.0014306151645206988
2022-02-03,799,799,610,700,3752,0.0
2022-02-04,700,800,700,788,1504,0.12571428571428567
2022-02-07,800,800,800,800,1,0.015228426395939021
2022-02-08,800,800,800,800,1,0.0
2022-02-09,800,850,800,850,2502,0.0625
2022-02-10,900,900,838,838,6212,-0.014117647058823568
2022-02-11,959,959,716,723,2735,-0.13723150357995229
2022-02-14,829,829,723,723,2604,0.0
2022-02-15,828,828,700,822,3392,0.13692946058091282
2022-02-16,899,900,800,820,1616,-0.0024330900243308973
2022-02-17,900,900,750,899,2054,0.09634146341463423
2022-02-18,899,899,899,899,1,0.0
2022-02-21,899,899,899,899,1,0.0
2022-02-22,765,898,765,897,175,-0.0022246941045606095
2022-02-23,899,899,889,889,160,-0.00891861761426982
2022-02-24,889,889,889,889,1,0.0
2022-02-25,888,888,888,888,0,-0.0011248593925758943
2022-02-28,899,899,899,899,1,0.012387387387387427
2022-03-02,900,1030,899,1025,1233,0.14015572858731917
2022-03-03,1050,1100,895,920,1565,-0.10243902439024388
2022-03-04,1000,1050,900,970,2801,0.05434782608695654
2022-03-07,950,950,950,950,10,-0.020618556701030966
2022-03-08,940,1000,831,1000,410,0.05263157894736836
2022-03-10,1000,1000,996,1000,4000,0.0
2022-03-11,901,999,850,851,6563,-0.14900000000000002
2022-03-14,900,970,735,821,4033,-0.03525264394829608
2022-03-15,727,762,698,759,3958,-0.07551766138855054
2022-03-16,787,800,650,652,8318,-0.14097496706192358
2022-03-17,700,740,631,739,6261,0.1334355828220859
2022-03-18,635,798,635,667,3213,-0.09742895805142082
2022-03-21,709,709,709,709,1,0.06296851574212892
2022-03-22,650,798,650,788,1020,0.1114245416078985
2022-03-23,799,799,680,792,693,0.0050761421319796
2022-03-24,799,879,790,878,1548,0.10858585858585856
2022-03-25,899,899,800,896,1183,0.0205011389521641
2022-03-28,900,900,898,899,2393,0.0033482142857141906
2022-03-29,830,900,787,787,52,-0.1245828698553949
2022-03-30,787,787,787,787,30,0.0
2022-03-31,701,896,701,896,30,0.13850063532401524
2022-04-01,899,899,898,898,3000,0.0022321428571427937
2022-04-04,898,898,898,898,719,0.0
2022-04-05,900,1030,900,1030,9343,0.14699331848552344
2022-04-06,1180,1180,1100,1180,9235,0.14563106796116498
2022-04-07,1350,1350,1005,1265,36203,0.07203389830508478
2022-04-08,1090,1270,1080,1080,1198,-0.1462450592885376
2022-04-11,1080,1195,925,1190,274,0.10185185185185186
2022-04-12,1200,1200,1200,1200,5,0.008403361344537785
2022-04-13,1290,1290,1290,1290,15,0.07499999999999996
2022-04-14,1100,1250,1100,1175,4385,-0.08914728682170547
2022-04-15,1230,1230,1230,1230,11,0.04680851063829783
2022-04-18,1050,1220,1050,1120,923,-0.08943089430894313
2022-04-19,1195,1195,1030,1105,53,-0.013392857142857095
2022-04-20,1160,1160,950,1160,179,0.04977375565610864
2022-04-21,1200,1200,990,1040,7120,-0.10344827586206895
2022-04-22,1045,1090,1045,1075,1508,0.033653846153846256
2022-04-25,1090,1090,1075,1075,56,0.0
2022-04-26,1070,1070,1040,1040,233,-0.032558139534883734
2022-04-27,1015,1015,916,922,2181,-0.1134615384615385
2022-04-28,996,996,993,995,386,0.07917570498915394
2022-04-29,995,1030,995,1030,755,0.035175879396984966
2022-05-02,1030,1180,1030,1105,2673,0.07281553398058249
2022-05-03,1100,1100,1005,1085,8078,-0.018099547511312264
2022-05-04,1195,1195,1195,1195,1,0.10138248847926268
2022-05-06,1200,1210,1020,1100,9757,-0.07949790794979084
2022-05-09,1070,1070,1070,1070,0,-0.027272727272727226
2022-05-10,1100,1190,1010,1095,3046,0.02336448598130847
2022-05-11,1085,1085,1010,1085,2007,-0.0091324200913242
2022-05-12,1005,1190,1005,1190,1001,0.09677419354838701
2022-05-13,1180,1180,1150,1150,11,-0.03361344537815125
2022-05-16,1190,1190,1175,1180,152,0.026086956521739202
2022-05-17,1200,1200,1010,1145,2128,-0.029661016949152574
2022-05-18,1010,1200,1010,1185,720,0.03493449781659397
2022-05-19,1030,1195,1020,1085,10868,-0.08438818565400841
2022-05-20,1170,1170,970,1040,616,-0.04147465437788023
2022-05-23,1100,1100,900,1100,4520,0.05769230769230771
2022-05-24,1195,1195,1195,1195,2,0.08636363636363642
2022-05-25,1095,1095,1020,1090,1002,-0.08786610878661083
2022-05-26,930,1085,930,989,8316,-0.09266055045871557
2022-05-27,860,930,841,915,14717,-0.07482305358948438
2022-05-30,915,1050,915,1050,14406,0.14754098360655732
2022-05-31,1190,1190,1050,1150,3498,0.09523809523809534
2022-06-02,1150,1150,1150,1150,0,0.0
2022-06-03,1005,1200,1005,1150,1579,0.0
2022-06-07,1195,1195,1010,1150,1251,0.0
2022-06-08,1030,1130,1015,1125,4953,-0.021739130434782594
2022-06-09,1120,1120,1000,1030,272,-0.08444444444444443
2022-06-10,1090,1090,1090,1090,1,0.058252427184465994
2022-06-13,1090,1090,1090,1090,0,0.0
2022-06-14,1090,1090,1090,1090,0,0.0
2022-06-15,1095,1095,1095,1095,1,0.004587155963302836
2022-06-16,1085,1085,1085,1085,0,-0.0091324200913242
2022-06-17,935,935,935,935,1200,-0.13824884792626724
2022-06-20,940,998,856,899,5638,-0.0385026737967914
2022-06-21,810,879,765,829,14619,-0.07786429365962177
2022-06-22,715,898,715,850,1534,0.02533172496984326
2022-06-23,900,900,850,860,1363,0.0117647058823529
2022-06-24,840,942,840,933,122,0.08488372093023266
2022-06-27,945,945,900,933,233,0.0
2022-06-28,900,995,850,987,11,0.05787781350482324
2022-06-29,997,997,851,992,4,0.005065856129685908
2022-06-30,999,999,990,990,851,-0.0020161290322581182
2022-07-01,1000,1090,1000,1090,14,0.101010101010101
2022-07-04,1080,1080,1075,1080,801,-0.00917431192660545
2022-07-05,1100,1100,931,1070,45,-0.0092592592592593
2022-07-06,1070,1070,1070,1070,0,0.0
2022-07-07,1075,1075,1070,1070,653,0.0
2022-07-08,1085,1085,1085,1085,1,0.014018691588784993
2022-07-11,951,1000,925,1000,2109,-0.07834101382488479
2022-07-12,912,912,912,912,1,-0.08799999999999997
2022-07-13,921,921,921,921,0,0.009868421052631637
2022-07-14,922,922,922,922,200,0.0010857763300760048
2022-07-15,1035,1035,1035,1035,1,0.12255965292841653
2022-07-18,1035,1035,1035,1035,0,0.0
2022-07-19,1030,1030,1030,1030,0,-0.004830917874396157
2022-07-20,1015,1030,950,1030,2010,0.0
2022-07-21,1030,1030,1030,1030,0,0.0
2022-07-22,1030,1030,1030,1030,0,0.0
2022-07-25,952,1035,952,1035,2,0.004854368932038833
2022-07-26,1035,1035,1035,1035,1000,0.0
2022-07-27,1035,1035,1035,1035,0,0.0
2022-07-28,1035,1035,1035,1035,0,0.0
2022-07-29,1035,1035,1035,1035,0,0.0
2022-08-01,927,1060,927,1060,2,0.024154589371980784
2022-08-02,0,0,0,1060,0,0.0
2022-08-03,0,0,0,1060,0,0.0
2022-08-04,0,0,0,1060,0,0.0
2022-08-05,0,0,0,1060,0,0.0
2022-08-08,0,0,0,1060,0,0.0
2022-08-09,0,0,0,1060,0,0.0
2022-08-10,0,0,0,1060,0,0.0
2022-08-11,0,0,0,1060,0,0.0
2022-08-12,0,0,0,1060,0,0.0
2022-08-16,0,0,0,1060,0,0.0
2022-08-17,0,0,0,1060,0,0.0
2022-08-18,0,0,0,1060,0,0.0
2022-08-19,0,0,0,1060,0,0.0
2022-08-22,950,1100,950,952,945,-0.10188679245283017
2022-08-23,1025,1025,904,904,101,-0.050420168067226934
2022-08-24,1015,1015,1015,1015,1,0.12278761061946897
2022-08-25,909,1005,909,1005,2,-0.009852216748768461
2022-08-26,1005,1005,1005,1005,0,0.0
2022-08-29,951,1025,950,1020,5958,0.014925373134328401
2022-08-30,1015,1015,1015,1015,0,-0.004901960784313708
2022-08-31,1000,1000,1000,1000,49,-0.014778325123152691
2022-09-01,995,1035,970,1035,4582,0.03499999999999992
2022-09-02,990,1050,950,1035,8437,0.0
2022-09-05,1030,1030,1030,1030,0,-0.004830917874396157
2022-09-06,960,1075,950,1075,404,0.043689320388349495
2022-09-07,915,915,915,915,1852,-0.14883720930232558
2022-09-08,998,998,998,998,62,0.09071038251366126
2022-09-13,950,998,950,998,4890,0.0
2022-09-14,998,998,998,998,0,0.0
2022-09-15,960,960,950,960,608,-0.038076152304609256
2022-09-16,960,960,960,960,0,0.0
2022-09-19,960,960,931,931,551,-0.03020833333333328
2022-09-20,932,932,932,932,500,0.0010741138560688146
2022-09-21,932,932,932,932,0,0.0
2022-09-22,932,932,932,932,1,0.0
2022-09-23,932,932,932,932,0,0.0
2022-09-26,932,932,932,932,0,0.0
2022-09-27,933,933,933,933,2000,0.0010729613733906351
2022-09-28,930,930,930,930,6,-0.003215434083601254
2022-09-29,900,910,900,910,713,-0.021505376344086002
2022-09-30,910,930,910,930,4994,0.0219780219780219
2022-10-04,930,930,930,930,0,0.0
2022-10-05,970,1065,970,1065,22061,0.14516129032258074
2022-10-06,1100,1100,1015,1015,1609,-0.04694835680751175
2022-10-07,1000,1000,1000,1000,10,-0.014778325123152691
2022-10-11,1000,1000,970,1000,2003,0.0
2022-10-12,1000,1000,1000,1000,0,0.0
2022-10-13,1000,1025,1000,1025,1631,0.02499999999999991
2022-10-14,1000,1000,1000,1000,179,-0.024390243902439046
2022-10-17,1025,1025,1025,1025,50,0.02499999999999991
2022-10-18,1000,1000,1000,1000,650,-0.024390243902439046
2022-10-19,980,980,980,980,850,-0.020000000000000018
2022-10-20,990,990,990,990,1,0.010204081632652962
2022-10-21,950,990,925,990,4002,0.0
2022-10-24,990,1020,990,1020,348,0.030303030303030276
2022-10-25,1000,1000,1000,1000,0,-0.019607843137254943
2022-10-26,1020,1025,1020,1025,749,0.02499999999999991
2022-10-27,1025,1050,1025,1050,2600,0.024390243902439046
2022-10-28,986,986,986,986,20,-0.06095238095238098
2022-10-31,1030,1030,1030,1030,1,0.04462474645030423
2022-11-01,1025,1025,1025,1025,300,-0.004854368932038833
2022-11-02,1040,1040,1040,1040,1,0.014634146341463428
2022-11-03,1040,1050,1040,1050,181,0.009615384615384581
2022-11-04,1000,1000,1000,1000,1330,-0.04761904761904767
2022-11-07,1000,1000,1000,1000,0,0.0
2022-11-08,1020,1020,1020,1020,1,0.020000000000000018
2022-11-09,1000,1125,926,995,10240,-0.02450980392156865
2022-11-10,1000,1000,1000,1000,610,0.005025125628140614
2022-11-11,1000,1000,1000,1000,0,0.0
2022-11-14,1000,1000,1000,1000,2,0.0
2022-11-15,910,1080,910,990,352,-0.010000000000000009
2022-11-16,990,990,990,990,0,0.0
2022-11-17,990,990,990,990,0,0.0
2022-11-18,990,990,990,990,74,0.0
2022-11-21,990,990,990,990,0,0.0
2022-11-22,990,990,990,990,0,0.0
2022-11-23,990,990,990,990,0,0.0
2022-11-24,990,990,990,990,0,0.0
2022-11-25,990,990,990,990,50,0.0
2022-11-28,990,990,990,990,50,0.0
2022-11-29,980,980,980,980,137,-0.010101010101010055
2022-11-30,980,990,980,980,1001,0.0
2022-12-01,995,1100,995,1100,3996,0.12244897959183665
2022-12-02,1125,1125,1125,1125,1,0.022727272727272707
2022-12-05,1075,1075,1050,1075,1004,-0.0444444444444444
2022-12-06,1095,1175,1060,1060,2051,-0.013953488372092981
2022-12-07,1060,1060,1060,1060,0,0.0
2022-12-08,1085,1085,1085,1085,1,0.02358490566037741
2022-12-09,1050,1050,1035,1035,2000,-0.04608294930875578
2022-12-12,1000,1000,1000,1000,500,-0.033816425120772986
2022-12-13,1000,1000,1000,1000,412,0.0
2022-12-14,1000,1000,1000,1000,0,0.0
2022-12-15,1000,1000,1000,1000,0,0.0
2022-12-16,1000,1000,1000,1000,0,0.0
2022-12-19,1000,1000,1000,1000,0,0.0
2022-12-20,1000,1000,1000,1000,0,0.0
2022-12-21,1000,1000,1000,1000,0,0.0
2022-12-22,1000,1000,1000,1000,0,0.0
2022-12-23,1025,1025,1025,1025,3,0.02499999999999991
2022-12-26,990,1045,990,1045,1001,0.019512195121951237
2022-12-27,1070,1075,1070,1075,2,0.028708133971291794
2022-12-28,1075,1075,1075,1075,0,0.0
2022-12-29,1075,1075,1075,1075,0,0.0
2023-01-02,1075,1075,1075,1075,0,0.0
2023-01-03,1075,1075,1075,1075,0,0.0
2023-01-04,1075,1075,1075,1075,0,0.0
2023-01-05,1000,1000,1000,1000,200,-0.06976744186046513
2023-01-06,975,975,971,971,800,-0.029000000000000026
2023-01-09,951,951,951,951,348,-0.02059732234809475
2023-01-10,952,952,952,952,0,0.001051524710830698
2023-01-11,960,960,960,960,0,0.008403361344537785
2023-01-12,950,999,940,995,4950,0.03645833333333326
2023-01-13,995,995,995,995,0,0.0
2023-01-16,995,995,995,995,0,0.0
2023-01-17,995,995,995,995,0,0.0
2023-01-18,1020,1020,1000,1000,3001,0.005025125628140614
2023-01-19,1000,1000,1000,1000,2000,0.0
2023-01-20,0,0,0,1000,0,0.0
2023-01-25,1025,1025,1000,1025,11678,0.02499999999999991
2023-01-26,1025,1025,1025,1025,1000,0.0
2023-01-27,1025,1025,1025,1025,734,0.0
2023-01-30,1025,1025,1025,1025,1000,0.0
2023-01-31,1025,1025,1025,1025,0,0.0
2023-02-01,1025,1025,1020,1020,1400,-0.004878048780487809
2023-02-02,1020,1025,1020,1020,1002,0.0
2023-02-03,1020,1020,1020,1020,0,0.0
2023-02-06,1048,1048,985,985,11300,-0.03431372549019607
2023-02-07,985,985,985,985,0,0.0
2023-02-08,985,985,985,985,0,0.0
2023-02-09,985,985,985,985,0,0.0
2023-02-10,1000,1000,1000,1000,0,0.015228426395939021
2023-02-13,1100,1100,1001,1099,201,0.09899999999999998
2023-02-14,1100,1260,1100,1260,22600,0.14649681528662417
2023-02-15,1259,1260,1115,1229,9985,-0.024603174603174627
2023-02-16,1225,1225,1225,1225,200,-0.0032546786004882255
2023-02-17,1218,1218,1212,1212,103,-0.0106122448979592
2023-02-20,1196,1196,1196,1196,0,-0.01320132013201325
2023-02-21,1196,1196,1196,1196,0,0.0
2023-02-22,1100,1193,1100,1193,24,-0.0025083612040134318
2023-02-23,1179,1298,1179,1298,1257,0.08801341156747688
2023-02-24,1298,1298,1298,1298,1,0.0
2023-02-27,1298,1298,1298,1298,900,0.0
2023-02-28,1298,1298,1298,1298,200,0.0
2023-03-02,1298,1298,1211,1260,858,-0.02927580893682591
2023-03-03,1260,1260,1260,1260,0,0.0
2023-03-06,1261,1261,1261,1261,0,0.0007936507936507908
2023-03-07,1261,1261,1261,1261,1,0.0
2023-03-08,1122,1298,1121,1293,1313,0.025376685170499513
2023-03-09,1298,1298,1250,1250,2644,-0.03325599381283839
2023-03-10,1289,1289,1250,1250,1956,0.0
2023-03-13,1300,1300,1135,1135,102,-0.09199999999999997
2023-03-14,1136,1136,1136,1136,0,0.0008810572687225626
2023-03-15,1160,1160,1160,1160,13,0.021126760563380254
2023-03-16,1160,1160,1111,1111,2,-0.04224137931034477
2023-03-17,1150,1150,1150,1150,1,0.035103510351035094
2023-03-20,1150,1150,1150,1150,1499,0.0
2023-03-21,1253,1295,1151,1151,6701,0.0008695652173913437
2023-03-22,1152,1152,1152,1152,0,0.0008688097306690512
2023-03-23,1000,1100,1000,1100,26,-0.04513888888888884
2023-03-24,1100,1100,1100,1100,0,0.0
2023-03-27,1100,1194,1100,1100,10112,0.0
2023-03-28,1100,1100,1100,1100,0,0.0
2023-03-29,1100,1100,1100,1100,0,0.0
2023-03-30,1200,1200,1200,1200,110,0.09090909090909083
2023-03-31,1300,1300,1300,1300,111,0.08333333333333326
2023-04-03,1270,1301,1270,1300,7230,0.0
2023-04-04,1305,1370,1210,1369,10177,0.05307692307692302
2023-04-05,1399,1570,1330,1500,5083,0.09569028487947406
2023-04-06,1400,1500,1400,1400,7815,-0.06666666666666665
2023-04-07,1410,1410,1410,1410,50,0.0071428571428571175
2023-04-10,1410,1410,1410,1410,0,0.0
2023-04-11,1590,1590,1335,1350,2376,-0.04255319148936165
2023-04-12,1449,1449,1449,1449,101,0.07333333333333325
2023-04-13,1445,1445,1445,1445,550,-0.002760524499654915
2023-04-14,1500,1661,1500,1661,20157,0.14948096885813156
2023-04-17,1785,1785,1500,1600,5612,-0.03672486453943402
2023-04-18,1599,1600,1500,1600,8570,0.0
2023-04-19,1550,1550,1550,1550,463,-0.03125
2023-04-20,1551,1551,1551,1551,0,0.00064516129032266
2023-04-21,1600,1600,1550,1550,130,-0.0006447453255964408
2023-04-24,1555,1555,1555,1555,10,0.003225806451612856
2023-04-25,1580,1580,1580,1580,100,0.016077170418006492
2023-04-26,1500,1500,1500,1500,1,-0.05063291139240511
2023-04-27,1500,1500,1500,1500,12,0.0
2023-04-28,1400,1449,1300,1449,5741,-0.03400000000000003
2023-05-02,1350,1500,1350,1500,2764,0.035196687370600444
2023-05-03,1400,1491,1400,1491,11,-0.006000000000000005
2023-05-04,1490,1490,1310,1334,6714,-0.10529845741113342
2023-05-08,1300,1399,1300,1301,4028,-0.02473763118440775
2023-05-09,1302,1302,1302,1302,2,0.000768639508070823
2023-05-10,1335,1335,1335,1335,98,0.025345622119815614
2023-05-11,1217,1318,1217,1250,66,-0.06367041198501877
2023-05-12,1200,1300,1200,1300,451,0.040000000000000036
2023-05-15,1377,1377,1300,1300,508,0.0
2023-05-16,1200,1329,1200,1329,2782,0.02230769230769236
2023-05-17,1329,1329,1329,1329,0,0.0
2023-05-18,1379,1379,1333,1333,7,0.0030097817908201208
2023-05-19,1339,1339,1339,1339,10,0.004501125281320295
2023-05-22,1390,1390,1390,1390,10,0.03808812546676621
2023-05-23,1390,1390,1231,1231,1412,-0.11438848920863309
2023-05-24,1379,1379,1205,1284,6198,0.04305442729488229
2023-05-25,1300,1300,1294,1295,8600,0.008566978193146335
2023-05-26,1220,1279,1220,1269,4910,-0.020077220077220126
2023-05-30,1390,1390,1200,1220,3535,-0.0386130811662726
2023-05-31,1280,1285,1200,1250,6070,0.024590163934426146
2023-06-01,1300,1300,1171,1281,1291,0.024799999999999933
2023-06-02,1285,1300,1285,1300,1000,0.014832162373145996
2023-06-05,1390,1390,1350,1389,31,0.06846153846153835
2023-06-07,1390,1390,1210,1365,3220,-0.017278617710583144
2023-06-08,1356,1356,1210,1220,1706,-0.10622710622710618
2023-06-09,1270,1270,1250,1250,1230,0.024590163934426146
2023-06-12,1333,1333,1222,1222,4605,-0.022399999999999975
2023-06-13,1250,1250,1200,1244,3211,0.018003273322422242
2023-06-14,1280,1280,1250,1250,20,0.004823151125401992
2023-06-15,1289,1400,1289,1300,310,0.040000000000000036
2023-06-16,1399,1399,1399,1399,1,0.07615384615384624
2023-06-19,1363,1363,1363,1363,1,-0.02573266619013581
2023-06-20,1399,1399,1300,1300,52,-0.04622157006603078
2023-06-21,1250,1250,1205,1247,2482,-0.04076923076923078
2023-06-22,1230,1230,1230,1230,300,-0.013632718524458687
2023-06-23,1324,1324,1202,1318,208,0.07154471544715446
2023-06-26,1386,1386,1384,1384,873,0.050075872534142585
2023-06-27,1299,1299,1299,1299,318,-0.06141618497109824
2023-06-28,1299,1299,1299,1299,0,0.0
2023-06-29,1390,1390,1201,1293,3,-0.004618937644341847
2023-06-30,1394,1400,1295,1295,322,0.0015467904098993568
2023-07-03,1390,1390,1249,1249,3219,-0.03552123552123554
2023-07-04,1205,1250,1201,1250,1317,0.0008006405124099114
2023-07-05,1200,1220,1110,1199,4781,-0.04079999999999995
2023-07-06,1298,1298,1200,1294,652,0.07923269391159304
2023-07-07,1299,1300,1199,1289,7253,-0.003863987635239541
2023-07-10,1289,1289,1289,1289,3,0.0
2023-07-11,1288,1288,1201,1280,22,-0.006982156710628407
2023-07-12,1279,1279,1278,1278,11,-0.0015625000000000222
2023-07-13,1278,1278,1278,1278,200,0.0
2023-07-14,1278,1278,1113,1278,204,0.0
2023-07-17,1150,1277,1150,1277,2,-0.0007824726134585402
2023-07-18,1200,1220,1200,1220,1502,-0.044635865309318734
2023-07-19,1210,1210,1210,1210,100,-0.008196721311475419
2023-07-20,1350,1350,1350,1350,300,0.11570247933884303
2023-07-21,1340,1360,1340,1350,7400,0.0
2023-07-24,1335,1340,1335,1340,1000,-0.007407407407407418
2023-07-25,1340,1340,1340,1340,1700,0.0
2023-07-26,1201,1328,1200,1328,1801,-0.008955223880596996
2023-07-27,1215,1300,1215,1300,3001,-0.02108433734939763
2023-07-28,1250,1287,1215,1287,5429,-0.010000000000000009
2023-07-31,1349,1349,1130,1349,3,0.048174048174048245
2023-08-01,1319,1319,1319,1319,0,-0.022238695329873992
2023-08-02,1298,1298,1298,1298,0,-0.01592115238817282
2023-08-03,1298,1298,1298,1298,0,0.0
2023-08-04,1200,1289,1150,1280,928,-0.013867488443759624
2023-08-07,1267,1267,1267,1267,0,-0.010156249999999978
2023-08-08,1288,1288,1132,1254,4,-0.010260457774269982
2023-08-09,1298,1299,1111,1298,7,0.03508771929824572
2023-08-10,1252,1252,1252,1252,0,-0.035439137134052334
2023-08-11,1298,1299,1100,1253,7,0.0007987220447285281
2023-08-14,1300,1300,1280,1280,6508,0.02154828411811649
2023-08-16,1249,1249,1248,1249,301,-0.024218749999999956
2023-08-17,1300,1400,1300,1350,7112,0.08086469175340283
2023-08-18,1349,1350,1220,1341,16,-0.00666666666666671
2023-08-21,1201,1349,1201,1342,615,0.0007457121551082135
2023-08-22,1342,1354,1342,1350,282,0.005961251862891315
2023-08-23,1201,1350,1201,1350,2,0.0
2023-08-24,1350,1400,1350,1350,236,0.0
2023-08-25,1350,1350,1350,1350,0,0.0
2023-08-28,1350,1350,1349,1350,2101,0.0
2023-08-29,1350,1355,1252,1355,4660,0.0037037037037037646
2023-08-30,1379,1500,1379,1390,3411,0.02583025830258312
2023-08-31,1490,1490,1450,1450,38,0.043165467625899234
2023-09-01,1300,1390,1300,1389,38,-0.042068965517241375
2023-09-04,1378,1378,1378,1378,1,-0.007919366450683918
2023-09-05,1390,1390,1310,1378,18,0.0
2023-09-06,1370,1370,1370,1370,200,-0.005805515239477477
2023-09-07,1301,1301,1301,1301,1,-0.05036496350364961
2023-09-08,1349,1390,1349,1380,4,0.06072252113758658
2023-09-11,1377,1400,1300,1400,2242,0.01449275362318847
2023-09-12,1449,1450,1430,1430,890,0.021428571428571352
2023-09-13,1450,1640,1310,1400,352,-0.020979020979020935
2023-09-14,1500,1500,1450,1450,2,0.03571428571428581
2023-09-15,1450,1550,1351,1539,791,0.06137931034482769
2023-09-18,1597,1597,1400,1499,3070,-0.02599090318388564
2023-09-19,1316,1427,1301,1427,8202,-0.04803202134756501
2023-09-20,1498,1498,1307,1410,2552,-0.01191310441485638
2023-09-21,1486,1486,1486,1486,1,0.053900709219858234
2023-09-22,1496,1496,1496,1496,65,0.006729475100942128
2023-09-25,1301,1474,1301,1474,2,-0.014705882352941124
2023-09-26,1467,1467,1467,1467,0,-0.004748982360922693
2023-09-27,1499,1499,1300,1350,4860,-0.07975460122699385
2023-10-04,1398,1398,1379,1382,705,0.023703703703703782
2023-10-05,1302,1384,1302,1384,2086,0.0014471780028944004
2023-10-06,1310,1377,1310,1377,16,-0.005057803468208055
2023-10-10,1330,1345,1305,1345,514,-0.023238925199709493
2023-10-11,1345,1345,1344,1345,112,0.0
2023-10-12,1216,1397,1216,1397,741,0.03866171003717467
2023-10-13,1398,1398,1346,1346,2,-0.0365068002863278
2023-10-16,1398,1398,1222,1370,396,0.017830609212481363
2023-10-17,1399,1399,1231,1340,3203,-0.021897810218978075
2023-10-18,1325,1325,1260,1317,102,-0.01716417910447765
2023-10-19,1389,1389,1221,1372,802,0.041761579347000755
2023-10-20,1250,1318,1250,1318,102,-0.039358600583090375
2023-10-23,1399,1399,1212,1382,5,0.04855842185128978
2023-10-24,1398,1398,1250,1393,5,0.00795947901591898
2023-10-25,1349,1349,1250,1324,11,-0.04953338119167261
2023-10-26,1264,1319,1264,1316,373,-0.0060422960725075026
2023-10-27,1398,1398,1200,1395,3,0.060030395136778214
2023-10-30,1337,1337,1337,1337,0,-0.04157706093189961
2023-10-31,1393,1393,1393,1393,1,0.041884816753926746
2023-11-01,1379,1379,1379,1379,58,-0.01005025125628145
2023-11-02,1201,1380,1201,1250,610,-0.0935460478607687
2023-11-03,1381,1381,1381,1381,42,0.1048
2023-11-06,1201,1358,1201,1358,104,-0.016654598117306296
2023-11-07,1213,1378,1213,1338,315,-0.014727540500736325
2023-11-08,1382,1382,1382,1382,1,0.03288490284005974
2023-11-09,1230,1381,1181,1294,3300,-0.06367583212735162
2023-11-10,1293,1293,1293,1293,0,-0.0007727975270479526
2023-11-13,1299,1299,1299,1299,8,0.004640371229698292
2023-11-14,1299,1349,1200,1328,623,0.022324865280985318
2023-11-15,1200,1320,1200,1308,1003,-0.015060240963855387
2023-11-16,1202,1303,1202,1303,14,-0.003822629969418956
2023-11-17,1303,1303,1303,1303,0,0.0
2023-11-20,1202,1329,1202,1329,402,0.01995395241749809
2023-11-21,1375,1376,1204,1362,9,0.02483069977426644
2023-11-22,1359,1359,1359,1359,0,-0.0022026431718061845
2023-11-23,1200,1347,1200,1211,5,-0.10890360559234735
2023-11-24,1216,1292,1200,1292,2102,0.06688687035507845
2023-11-27,1200,1328,1200,1328,2,0.02786377708978338
2023-11-28,1200,1318,1200,1318,6,-0.0075301204819276935
2023-11-29,1309,1309,1309,1309,0,-0.006828528072837625
2023-11-30,1201,1201,1201,1201,1,-0.08250572956455304
2023-12-01,1318,1319,1315,1319,303,0.09825145711906735
2023-12-04,1299,1299,1299,1299,0,-0.015163002274450332
2023-12-05,1200,1309,1200,1309,33,0.007698229407236301
2023-12-06,1350,1500,1350,1440,4087,0.10007639419404124
2023-12-07,1490,1490,1300,1300,11,-0.09722222222222221
2023-12-08,1350,1350,1216,1300,4,0.0
2023-12-11,1399,1480,1155,1238,29924,-0.0476923076923077
2023-12-12,1299,1395,1200,1234,1512,-0.003231017770597755
2023-12-13,1102,1204,1102,1204,2,-0.024311183144246407
2023-12-14,1200,1299,1042,1190,1936,-0.011627906976744207
2023-12-15,1151,1180,1150,1179,9596,-0.009243697478991564
2023-12-18,1060,1160,1060,1160,4960,-0.016115351993214566
2023-12-19,1000,1200,1000,1188,2816,0.024137931034482696
2023-12-20,1100,1184,1100,1184,71,-0.0033670033670033517
2023-12-21,1050,1050,1007,1049,15806,-0.11402027027027029
2023-12-22,1100,1125,1001,1125,33,0.07244995233555773
2023-12-26,1179,1179,1145,1145,6402,0.01777777777777767
2023-12-27,1139,1139,1010,1010,7840,-0.11790393013100442
2023-12-28,1000,1130,900,910,74367,-0.09900990099009899
2024-01-02,1027,1027,987,987,1144,0.08461538461538454
2024-01-03,1097,1097,900,990,5080,0.003039513677811634
2024-01-04,980,980,920,954,2614,-0.036363636363636376
2024-01-05,954,954,917,917,1361,-0.03878406708595383
2024-01-08,910,986,900,949,5719,0.034896401308615044
2024-01-09,820,944,820,851,84668,-0.10326659641728131
2024-01-10,930,930,823,840,15172,-0.01292596944770863
2024-01-11,949,949,806,849,11158,0.010714285714285676
2024-01-12,800,967,800,848,4496,-0.0011778563015312216
2024-01-15,948,948,806,845,10032,-0.003537735849056589
2024-01-16,869,869,802,829,1550,-0.018934911242603603
2024-01-17,829,899,828,889,1791,0.07237635705669487
2024-01-18,880,880,805,823,16494,-0.07424071991001124
2024-01-19,823,849,800,830,16882,0.008505467800729027
2024-01-22,760,829,760,828,180,-0.002409638554216831
2024-01-23,900,900,750,890,2149,0.07487922705314021
2024-01-24,897,897,820,896,202,0.006741573033707926
2024-01-25,800,895,773,895,3502,-0.0011160714285713969
2024-01-26,887,887,887,887,0,-0.00893854748603351
2024-01-29,900,900,890,890,90,0.0033821871476888976
2024-01-30,900,900,889,889,2157,-0.0011235955056180247
2024-01-31,886,886,879,879,20,-0.011248593925759276
2024-02-01,877,877,859,859,40,-0.022753128555176305
2024-02-02,969,969,969,969,1,0.12805587892898718
2024-02-05,830,990,824,900,8507,-0.07120743034055732
2024-02-06,900,998,781,823,116661,-0.0855555555555556
2024-02-07,850,850,830,830,2052,0.008505467800729027
2024-02-08,830,830,760,804,152324,-0.031325301204819245
2024-02-13,804,890,800,880,2503,0.0945273631840795
2024-02-14,899,899,772,889,7,0.010227272727272751
2024-02-15,900,900,800,890,11109,0.0011248593925758943
2024-02-16,766,880,765,880,29,-0.011235955056179803
2024-02-19,879,879,879,879,0,-0.001136363636363602
2024-02-20,800,805,800,803,71360,-0.08646188850967007
2024-02-21,900,919,810,810,60012,0.008717310087173136
2024-02-22,930,930,920,920,11,0.1358024691358024
2024-02-23,803,880,803,880,11,-0.04347826086956519
2024-02-26,880,1009,760,999,137086,0.13522727272727275
2024-02-27,850,850,850,850,8121,-0.14914914914914912
2024-02-28,760,900,760,900,127057,0.05882352941176472
2024-02-29,880,999,880,900,2002,0.0
2024-03-04,999,999,815,950,433,0.05555555555555558
2024-03-05,999,1088,900,999,43,0.051578947368420947
2024-03-06,999,999,999,999,18,0.0
2024-03-07,950,950,950,950,500,-0.049049049049049054
2024-03-08,990,1000,900,999,10011,0.051578947368420947
2024-03-11,900,999,855,872,127172,-0.12712712712712715
2024-03-12,900,999,873,873,508,0.0011467889908256534
2024-03-13,999,1002,880,880,2160,0.008018327605956443
2024-03-14,855,999,750,999,196260,0.13522727272727275
2024-03-15,990,1145,990,1099,1359,0.10010010010010006
2024-03-18,1000,1000,936,936,199,-0.14831665150136486
2024-03-19,960,971,940,970,309,0.03632478632478642
2024-03-20,969,969,969,969,257,-0.0010309278350515427
2024-03-21,969,969,969,969,0,0.0
2024-03-22,1096,1096,1096,1096,1,0.13106295149638814
2024-03-25,932,1100,932,1100,3875,0.0036496350364962904
2024-03-26,1098,1100,999,999,38,-0.0918181818181818
2024-03-27,951,993,950,993,421,-0.006006006006005982
2024-03-28,950,1044,900,1044,770,0.051359516616314105
2024-03-29,1098,1098,950,950,528,-0.0900383141762452
2024-04-01,1088,1088,1000,1000,2,0.05263157894736836
2024-04-02,951,989,856,984,10082,-0.016000000000000014
2024-04-03,950,950,875,895,4180,-0.09044715447154472
2024-04-04,894,894,875,875,450,-0.022346368715083775
2024-04-05,926,945,926,945,2000,0.08000000000000007
2024-04-08,901,901,815,849,9864,-0.10158730158730156
2024-04-09,825,870,825,870,11508,0.02473498233215543
2024-04-11,870,870,870,870,0,0.0
2024-04-12,870,870,870,870,0,0.0
2024-04-15,866,866,865,865,246,-0.005747126436781658
2024-04-16,865,865,825,826,2196,-0.04508670520231217
2024-04-17,826,826,826,826,0,0.0
2024-04-18,947,947,947,947,1,0.14648910411622285
2024-04-19,875,875,818,818,5082,-0.13621964097148886
2024-04-22,801,801,696,770,22935,-0.05867970660146704
2024-04-23,799,799,799,799,66,0.03766233766233773
2024-04-24,799,799,680,709,27834,-0.11264080100125151
2024-04-25,749,749,738,738,504,0.04090267983074747
2024-04-26,759,759,757,757,120,0.0257452574525745
2024-04-29,710,728,710,725,134,-0.042272126816380484
2024-04-30,799,799,783,783,461,0.08000000000000007
2024-05-02,775,775,775,775,0,-0.010217113665389577
2024-05-03,800,800,800,800,1,0.032258064516129004
2024-05-07,750,780,686,780,15487,-0.025000000000000022
2024-05-08,750,750,682,729,11656,-0.06538461538461537
2024-05-09,797,797,797,797,1,0.09327846364883396
2024-05-10,750,750,700,748,332,-0.06148055207026348
2024-05-13,778,778,710,770,89,0.02941176470588225
2024-05-14,730,797,730,797,101,0.03506493506493502
2024-05-16,750,750,681,747,884,-0.06273525721455453
2024-05-17,681,789,681,779,903,0.04283801874163329
2024-05-20,750,750,681,745,311,-0.04364569961489084
2024-05-21,710,710,710,710,1108,-0.046979865771812124
2024-05-22,747,747,747,747,1,0.05211267605633796
2024-05-23,715,777,690,747,703,0.0
2024-05-24,710,784,710,784,101,0.04953145917001334
2024-05-27,750,750,710,737,401,-0.05994897959183676
2024-05-28,710,778,642,759,1102,0.029850746268656803
2024-05-29,710,779,710,779,101,0.026350461133069825
2024-05-30,725,770,725,770,101,-0.011553273427471145
2024-05-31,735,775,735,775,101,0.006493506493506551
2024-06-03,720,770,720,770,101,-0.006451612903225823
2024-06-04,740,788,710,788,301,0.023376623376623273
2024-06-05,749,749,699,737,1000,-0.06472081218274117
2024-06-07,754,754,754,754,10,0.023066485753052923
2024-06-10,720,764,720,764,101,0.013262599469495928
2024-06-11,720,783,720,783,101,0.024869109947643908
2024-06-12,800,800,800,800,1,0.02171136653895278
2024-06-13,720,729,700,700,960,-0.125
2024-06-14,672,721,641,721,571,0.030000000000000027
2024-06-17,690,743,661,743,500,0.030513176144244092
2024-06-18,700,700,700,700,100,-0.05787348586810226
2024-06-19,727,727,675,727,3,0.03857142857142848
2024-06-20,700,748,670,743,112,0.022008253094910613
2024-06-21,700,758,700,757,110,0.018842530282638048
2024-06-24,715,783,650,770,10120,0.017173051519154603
2024-06-25,740,740,660,708,614,-0.08051948051948055
2024-06-26,737,737,737,737,2,0.04096045197740117
2024-06-27,700,753,700,753,1383,0.02170963364993206
2024-06-28,720,774,663,772,1584,0.025232403718459473
2024-07-01,710,780,680,775,603,0.0038860103626943143
2024-07-02,725,788,700,788,210,0.016774193548387162
2024-07-03,795,795,795,795,1,0.008883248730964466
2024-07-04,718,739,690,690,666,-0.13207547169811318
2024-07-05,719,719,719,719,2,0.04202898550724643
2024-07-08,735,735,690,735,102,0.022253129346314404
2024-07-09,700,754,700,754,102,0.02585034013605436
2024-07-10,720,774,690,771,302,0.022546419098143256
2024-07-11,699,729,699,728,306,-0.055771725032425445
2024-07-12,700,744,700,744,101,0.0219780219780219
2024-07-15,757,757,757,757,3,0.017473118279569988
2024-07-16,700,765,700,765,101,0.010568031704095038
2024-07-17,699,768,699,768,1501,0.0039215686274509665
2024-07-18,699,774,685,774,1912,0.0078125
2024-07-19,701,788,680,780,2232,0.007751937984496138
2024-07-22,700,789,700,789,101,0.011538461538461497
2024-07-23,700,799,686,700,614,-0.11280101394169839
2024-07-24,653,699,650,699,7634,-0.0014285714285714457
2024-07-25,670,727,652,727,800,0.0400572246065809
2024-07-26,651,680,620,679,8004,-0.06602475928473173
2024-07-29,650,699,650,660,1103,-0.027982326951399128
2024-07-30,670,670,670,670,1,0.015151515151515138
2024-07-31,698,698,698,698,1,0.04179104477611939
2024-08-01,660,699,660,699,107,0.0014326647564470996
2024-08-02,665,698,629,629,316,-0.10014306151645203
2024-08-05,600,655,575,655,301,0.04133545310015907
2024-08-06,654,654,652,652,123,-0.004580152671755711
2024-08-07,555,690,555,680,43,0.042944785276073594
2024-08-08,631,631,579,579,380,-0.1485294117647059
2024-08-09,609,609,609,609,1,0.051813471502590636
2024-08-12,639,639,639,639,1,0.049261083743842304
2024-08-13,659,659,659,659,1,0.031298904538341166
2024-08-14,684,684,576,576,17,-0.12594840667678298
2024-08-16,609,609,505,506,5114,-0.12152777777777779
2024-08-19,506,534,506,534,5,0.05533596837944654
2024-08-20,574,574,475,569,168,0.06554307116104874
2024-08-21,590,600,516,516,1633,-0.09314586994727592
2024-08-22,500,501,481,500,75,-0.03100775193798455
2024-08-23,475,575,475,501,1060,0.0020000000000000018
2024-08-26,506,506,506,506,0,0.009980039920159722
2024-08-27,507,581,507,581,1066,0.14822134387351782
2024-08-28,550,650,512,512,442,-0.11876075731497415
2024-08-29,516,516,516,516,100,0.0078125
2024-08-30,530,530,530,530,21,0.027131782945736482
2024-09-02,500,600,460,600,102,0.13207547169811318
2024-09-03,600,615,550,615,20161,0.02499999999999991
2024-09-04,615,615,615,615,0,0.0
2024-09-05,650,650,575,575,70,-0.06504065040650409
2024-09-06,550,604,550,604,2,0.050434782608695716
2024-09-09,550,550,550,550,51,-0.08940397350993379
2024-09-10,575,620,575,620,581,0.1272727272727272
2024-09-11,640,640,556,556,11,-0.10322580645161294
2024-09-12,580,620,556,558,319,0.003597122302158251
2024-09-13,580,620,558,620,35,0.11111111111111116
2024-09-19,585,634,585,634,55,0.022580645161290214
2024-09-20,634,650,634,648,324,0.02208201892744488
2024-09-23,674,674,615,669,131,0.03240740740740744
2024-09-24,630,660,600,601,9678,-0.10164424514200299
2024-09-25,630,660,601,612,4614,0.01830282861896837
2024-09-26,635,635,522,633,20184,0.03431372549019618
2024-09-27,600,690,550,550,442,-0.1311216429699842
2024-09-30,525,525,525,525,56,-0.045454545454545414
2024-10-02,522,522,522,522,1,-0.005714285714285672
2024-10-04,550,560,550,560,432,0.07279693486590033
2024-10-07,530,585,500,500,13,-0.1071428571428571
2024-10-08,470,470,470,470,20,-0.06000000000000005
2024-10-10,500,500,500,500,59,0.06382978723404253
2024-10-11,525,525,525,525,50,0.050000000000000044
2024-10-14,525,600,500,500,410,-0.04761904761904767
2024-10-15,475,575,475,575,7,0.1499999999999999
2024-10-16,525,600,489,489,25,-0.14956521739130435
2024-10-17,460,530,460,502,218,0.026584867075664542
2024-10-18,530,530,506,506,374,0.007968127490039834
2024-10-21,506,560,506,506,1256,0.0
2024-10-22,500,555,500,501,2449,-0.00988142292490124
