Date,Open,High,Low,Close,Volume,Change
2022-01-03,9270,9410,9270,9340,46885,0.007551240560949246
2022-01-04,9340,9400,9300,9370,63510,0.0032119914346895317
2022-01-05,9390,9390,9200,9210,70561,-0.01707577374599789
2022-01-06,9120,9170,8900,8930,110656,-0.030401737242128135
2022-01-07,9000,9090,8970,9000,50514,0.007838745800671898
2022-01-10,8970,9010,8850,8900,53857,-0.011111111111111072
2022-01-11,8850,8950,8660,8720,91228,-0.020224719101123556
2022-01-12,8720,8880,8700,8830,39192,0.012614678899082632
2022-01-13,8840,9060,8840,9020,76844,0.021517553793884536
2022-01-14,9020,9200,9000,9170,85761,0.016629711751662946
2022-01-17,9200,9300,8960,9030,66674,-0.01526717557251911
2022-01-18,8900,9080,8750,8790,85935,-0.02657807308970095
2022-01-19,8540,8790,8510,8510,68861,-0.03185437997724683
2022-01-20,8500,8750,8500,8740,35518,0.027027027027026973
2022-01-21,8800,8800,8550,8590,42068,-0.017162471395881007
2022-01-24,8570,8570,8200,8270,65485,-0.03725261932479629
2022-01-25,8170,10750,7970,10750,7575972,0.2998790810157195
2022-01-26,11150,12250,10500,11200,8851606,0.041860465116279055
2022-01-27,11050,11300,10150,10350,1936697,-0.0758928571428571
2022-01-28,10300,10450,8940,9250,2751977,-0.106280193236715
2022-02-03,9320,9500,9190,9310,1072295,0.00648648648648642
2022-02-04,9350,10200,9350,9920,3310682,0.06552094522019325
2022-02-07,10000,10700,10000,10500,1828015,0.058467741935483764
2022-02-08,10350,10800,10150,10550,1043192,0.004761904761904745
2022-02-09,10500,10600,10250,10450,406732,-0.009478672985781977
2022-02-10,10600,10650,10000,10200,577647,-0.02392344497607657
2022-02-11,10000,10150,9690,9730,528276,-0.04607843137254897
2022-02-14,9460,9550,9100,9100,423059,-0.06474820143884896
2022-02-15,9060,9170,8740,8740,280642,-0.03956043956043953
2022-02-16,8970,9270,8970,9200,206365,0.05263157894736836
2022-02-17,9300,9680,8910,9320,418655,0.01304347826086949
2022-02-18,9120,9590,9070,9560,207316,0.025751072961373467
2022-02-21,9380,9580,9330,9520,111475,-0.004184100418409997
2022-02-22,9280,9880,9270,9600,267096,0.008403361344537785
2022-02-23,9550,9720,9520,9680,124675,0.008333333333333304
2022-02-24,9520,9710,9210,9240,160496,-0.045454545454545414
2022-02-25,9300,9700,9300,9440,176713,0.02164502164502169
2022-02-28,9450,9850,9440,9660,239069,0.02330508474576276
2022-03-02,9550,9910,9500,9850,191421,0.019668737060041463
2022-03-03,9950,10100,9790,9980,238671,0.013197969543147225
2022-03-04,9980,10000,9790,9940,125301,-0.004008016032064132
2022-03-07,9880,9910,9580,9640,153957,-0.030181086519114664
2022-03-08,9500,9930,9460,9560,182643,-0.008298755186721962
2022-03-10,9660,9760,9540,9560,106337,0.0
2022-03-11,9500,9700,9290,9400,136657,-0.01673640167364021
2022-03-14,9490,9490,9020,9070,163507,-0.03510638297872337
2022-03-15,8970,9120,8930,8990,112370,-0.008820286659316445
2022-03-16,9060,9130,9000,9130,67706,0.015572858731924377
2022-03-17,9350,9370,9200,9280,83731,0.016429353778751432
2022-03-18,9400,9740,9310,9470,423133,0.020474137931034475
2022-03-21,9600,9650,9510,9580,115769,0.011615628299894487
2022-03-22,9550,9940,9500,9830,342448,0.02609603340292277
2022-03-23,9900,11650,9710,10450,5369598,0.06307222787385558
2022-03-24,10500,10700,10350,10650,776179,0.019138755980861344
2022-03-25,10650,10700,10300,10350,495239,-0.028169014084507005
2022-03-28,10400,10450,10100,10250,263295,-0.009661835748792313
2022-03-29,10250,10400,10150,10250,184200,0.0
2022-03-30,10250,10450,10050,10250,319576,0.0
2022-03-31,10150,10350,10150,10200,153840,-0.004878048780487809
2022-04-01,10250,10500,10150,10150,389660,-0.004901960784313708
2022-04-04,10200,10350,10050,10300,163129,0.014778325123152802
2022-04-05,10450,11200,10250,10400,1718277,0.009708737864077666
2022-04-06,10400,10750,10100,10600,602057,0.019230769230769162
2022-04-07,10500,10550,10200,10300,258514,-0.028301886792452824
2022-04-08,10400,10550,10200,10200,209900,-0.009708737864077666
2022-04-11,10250,10300,9970,10050,224987,-0.014705882352941124
2022-04-12,9900,9990,9770,9850,172962,-0.01990049751243783
2022-04-13,9940,10100,9850,9950,133373,0.010152284263959421
2022-04-14,10000,10050,9860,9860,95996,-0.009045226130653283
2022-04-15,9810,9940,9740,9810,129574,-0.005070993914807254
2022-04-18,9720,9900,9560,9620,230447,-0.01936799184505611
2022-04-19,9600,9860,9600,9840,137895,0.022869022869022926
2022-04-20,9850,10100,9730,10050,176719,0.021341463414634054
2022-04-21,10050,10500,9990,10250,606361,0.01990049751243772
2022-04-22,10100,10250,9990,10100,155869,-0.014634146341463428
2022-04-25,9870,10400,9870,9990,219844,-0.0108910891089109
2022-04-26,10050,10200,9990,10100,144551,0.011011011011011096
2022-04-27,9850,9960,9790,9870,107953,-0.022772277227722793
2022-04-28,10050,10050,9710,9740,122880,-0.01317122593718334
2022-04-29,9810,9910,9680,9720,138923,-0.002053388090349051
2022-05-02,9670,9810,9650,9740,47827,0.002057613168724215
2022-05-03,9830,9890,9700,9740,85223,0.0
2022-05-04,9700,9950,9700,9840,91584,0.010266940451745477
2022-05-06,9840,10200,9750,10000,205413,0.016260162601626105
2022-05-09,10050,10100,9460,9460,213702,-0.05400000000000005
2022-05-10,9320,9450,9020,9310,128925,-0.015856236786469302
2022-05-11,9200,9490,9200,9270,42678,-0.004296455424274925
2022-05-12,9100,9340,8850,8850,116143,-0.04530744336569581
2022-05-13,9080,9160,8870,9060,54530,0.023728813559322104
2022-05-16,9250,9460,9150,9260,70452,0.02207505518763786
2022-05-17,9470,9650,9300,9500,99378,0.02591792656587466
2022-05-18,9500,9650,9480,9580,61059,0.008421052631578885
2022-05-19,9200,9860,9200,9570,125023,-0.0010438413361169019
2022-05-20,9540,9800,9370,9630,104222,0.006269592476489061
2022-05-23,9620,9800,9610,9620,61716,-0.0010384215991692258
2022-05-24,9480,9670,9400,9440,74071,-0.018711018711018657
2022-05-25,9360,9510,9310,9380,48418,-0.006355932203389814
2022-05-26,9380,9490,9300,9420,53045,0.004264392324093924
2022-05-27,9420,9510,9400,9400,48069,-0.002123142250530785
2022-05-30,9610,9780,9510,9610,95168,0.022340425531914843
2022-05-31,9780,9830,9520,9610,87684,0.0
2022-06-02,9810,10100,9640,9910,384938,0.031217481789802326
2022-06-03,10000,10000,9700,9720,135043,-0.019172552976791102
2022-06-07,9880,9890,9520,9550,81404,-0.017489711934156382
2022-06-08,9640,9680,9480,9480,56179,-0.007329842931937169
2022-06-09,9450,10050,9240,9440,507231,-0.00421940928270037
2022-06-10,9340,9460,9240,9420,68721,-0.0021186440677966045
2022-06-13,9100,9230,8770,8780,152290,-0.06794055201698512
2022-06-14,8480,8760,8320,8470,149615,-0.03530751708428248
2022-06-15,8430,8680,7950,7970,162649,-0.059031877213695405
2022-06-16,8220,8280,8030,8030,98534,0.007528230865746499
2022-06-17,7700,8000,7630,7960,71952,-0.008717310087173136
2022-06-20,7970,8100,7290,7360,141625,-0.07537688442211055
2022-06-21,7360,7470,7170,7330,67250,-0.0040760869565217295
2022-06-22,7340,7440,6650,6730,204138,-0.08185538881309684
2022-06-23,6660,6970,6410,6420,175975,-0.04606240713224363
2022-06-24,6340,6890,6340,6880,103945,0.07165109034267902
2022-06-27,6890,7250,6890,7220,78357,0.04941860465116288
2022-06-28,7170,7430,7150,7280,77665,0.008310249307479145
2022-06-29,7050,7380,7040,7270,51876,-0.0013736263736263687
2022-06-30,7270,7320,7100,7140,57261,-0.017881705639614887
2022-07-01,7090,7190,6740,6810,67507,-0.04621848739495793
2022-07-04,6810,6850,6430,6640,100084,-0.02496328928046987
2022-07-05,6580,6990,6580,6980,75973,0.051204819277108404
2022-07-06,6900,7060,6780,6800,35152,-0.025787965616045794
2022-07-07,6800,7200,6800,6960,72929,0.0235294117647058
2022-07-08,6980,7210,6970,7080,57785,0.01724137931034475
2022-07-11,7130,7180,7030,7080,27446,0.0
2022-07-12,6980,7010,6700,6840,34474,-0.03389830508474578
2022-07-13,6840,6950,6700,6920,24670,0.011695906432748648
2022-07-14,6850,7070,6820,6980,36059,0.00867052023121384
2022-07-15,6990,7260,6790,7010,82629,0.004297994269341077
2022-07-18,7060,7160,7030,7130,46442,0.017118402282453538
2022-07-19,7060,7200,7060,7180,37492,0.007012622720897532
2022-07-20,7320,7360,7220,7350,70558,0.023676880222841312
2022-07-21,7350,7630,7260,7500,110858,0.020408163265306145
2022-07-22,7550,7740,7530,7540,78679,0.005333333333333412
2022-07-25,7470,7600,7410,7450,35639,-0.011936339522546469
2022-07-26,7420,9040,7340,8050,5596214,0.08053691275167796
2022-07-27,8030,9420,7920,8670,4866619,0.07701863354037264
2022-07-28,8630,8910,8360,8660,730476,-0.0011534025374856371
2022-07-29,8690,8880,8510,8560,445902,-0.011547344110854452
2022-08-01,8450,9640,8360,8730,2332580,0.01985981308411211
2022-08-02,8710,8800,8450,8470,279240,-0.0297823596792669
2022-08-03,8430,9870,8390,9090,6488968,0.0731995277449824
2022-08-04,9110,9520,8940,9030,1166851,-0.0066006600660065695
2022-08-05,8970,9250,8910,9020,435063,-0.001107419712070845
2022-08-08,9210,9440,9110,9130,829097,0.012195121951219523
2022-08-09,9250,9520,9160,9180,505800,0.005476451259583737
2022-08-10,9120,9180,8830,8840,249573,-0.03703703703703709
2022-08-11,8890,9190,8880,9180,186253,0.03846153846153855
2022-08-12,9180,9250,9010,9070,169598,-0.011982570806100212
2022-08-16,9250,9480,9120,9340,488664,0.029768467475193017
2022-08-17,9340,9370,9070,9140,164084,-0.021413276231263434
2022-08-18,9100,9200,8750,9050,134393,-0.009846827133479175
2022-08-19,9060,9060,8850,8850,92478,-0.02209944751381221
2022-08-22,8750,8890,8510,8530,125474,-0.0361581920903955
2022-08-23,8330,8610,8310,8510,81580,-0.0023446658851113966
2022-08-24,8480,8720,8480,8640,62778,0.01527614571092828
2022-08-25,8640,8830,8560,8670,64660,0.003472222222222321
2022-08-26,8670,8890,8560,8590,63324,-0.009227220299884653
2022-08-29,8290,8540,8270,8370,52353,-0.025611175785797413
2022-08-30,8400,8620,8400,8570,51529,0.0238948626045401
2022-08-31,8570,8680,8470,8660,44287,0.010501750291715295
2022-09-01,8550,8670,8310,8310,97572,-0.0404157043879908
2022-09-02,8310,8430,8050,8120,91598,-0.022864019253910906
2022-09-05,8000,8450,7950,8000,66610,-0.014778325123152691
2022-09-06,8010,8350,8010,8270,52886,0.03374999999999995
2022-09-07,8180,8310,7960,8020,60835,-0.030229746070132957
2022-09-08,8060,8200,8060,8060,33318,0.004987531172069737
2022-09-13,8110,8440,8110,8410,66403,0.043424317617865915
2022-09-14,8100,8510,8050,8430,53571,0.0023781212841855748
2022-09-15,8520,9370,8370,8720,1588422,0.03440094899169632
2022-09-16,8730,8790,8370,8600,184962,-0.013761467889908285
2022-09-19,8590,8600,8200,8210,103429,-0.04534883720930227
2022-09-20,8180,8460,8170,8180,53017,-0.0036540803897685548
2022-09-21,8110,8310,8080,8100,59374,-0.009779951100244544
2022-09-22,8090,8120,7700,8000,113904,-0.012345679012345734
2022-09-23,7980,8010,7410,7500,114198,-0.0625
2022-09-26,7300,7480,6930,7040,121016,-0.06133333333333335
2022-09-27,6880,7180,6880,7050,85552,0.0014204545454545858
2022-09-28,6970,9160,6970,9160,4519946,0.29929078014184407
2022-09-29,9940,10100,9160,9280,5005055,0.013100436681222627
2022-09-30,9400,9850,8650,8660,2074894,-0.06681034482758619
2022-10-04,8850,11100,8740,10800,9254015,0.24711316397228633
2022-10-05,10950,13600,10650,11800,16057454,0.09259259259259256
2022-10-06,11650,12200,11350,11800,3382699,0.0
2022-10-07,11550,11900,11200,11300,1591085,-0.0423728813559322
2022-10-11,11100,11700,10700,11350,2765333,0.004424778761061843
2022-10-12,11350,12350,10850,11450,5055979,0.008810572687224738
2022-10-13,11300,11800,11150,11450,2075736,0.0
2022-10-14,11750,12750,11300,12400,4896344,0.08296943231441056
2022-10-17,12050,12300,11650,11800,2155234,-0.048387096774193505
2022-10-18,12100,13150,11800,12200,7288483,0.03389830508474567
2022-10-19,12300,12650,12000,12150,2051462,-0.004098360655737654
2022-10-20,11950,12150,10850,11050,2054122,-0.09053497942386834
2022-10-21,10950,11200,10500,10650,1416123,-0.03619909502262442
2022-10-24,10900,11100,10650,10850,1171644,0.018779342723004744
2022-10-25,10850,11050,10000,10150,1676437,-0.06451612903225812
2022-10-26,10250,10250,9710,9750,1084080,-0.039408866995073843
2022-10-27,9750,9980,9660,9760,666727,0.0010256410256410664
2022-10-28,9800,10100,9790,9910,952273,0.015368852459016313
2022-10-31,10050,10100,9840,9860,420874,-0.005045408678102881
2022-11-01,9890,10250,9450,10200,1145835,0.034482758620689724
2022-11-02,10100,10300,9900,9900,577550,-0.02941176470588236
2022-11-03,9660,10600,9600,10550,1762975,0.06565656565656575
2022-11-04,10800,11750,10650,10700,3858756,0.014218009478673022
2022-11-07,10950,12300,10750,11750,6119376,0.0981308411214954
2022-11-08,11600,11650,11200,11450,1272485,-0.025531914893617058
2022-11-09,11700,12250,11400,11800,2923665,0.03056768558951961
2022-11-10,11550,12000,11350,11500,727318,-0.025423728813559365
2022-11-11,11850,11950,11350,11400,875217,-0.008695652173912993
2022-11-14,11400,12000,11300,11600,972389,0.01754385964912286
2022-11-15,11500,11550,10400,10450,2006441,-0.09913793103448276
2022-11-16,10700,10750,10400,10450,491868,0.0
2022-11-17,10350,11900,10050,10800,4089369,0.03349282296650724
2022-11-18,10650,12450,10600,11800,7375123,0.09259259259259256
2022-11-21,11600,12150,11400,11950,2138192,0.012711864406779627
2022-11-22,12000,12050,11450,12000,1059044,0.004184100418409997
2022-11-23,12050,12350,11650,11650,1793310,-0.029166666666666674
2022-11-24,11900,13250,11850,12900,8750913,0.10729613733905574
2022-11-25,12700,13150,12450,12550,1744671,-0.027131782945736482
2022-11-28,12750,13200,12050,12050,1992039,-0.03984063745019917
2022-11-29,11850,13500,11600,13450,2782267,0.11618257261410792
2022-11-30,13200,13400,12550,12750,1830620,-0.052044609665427455
2022-12-01,13050,14000,12400,12550,3241060,-0.015686274509803977
2022-12-02,12400,13150,12400,12650,1249410,0.007968127490039834
2022-12-05,12700,12700,11900,11950,1015522,-0.055335968379446654
2022-12-06,12050,12300,11250,11300,1041980,-0.05439330543933052
2022-12-07,11200,11550,11100,11250,573896,-0.004424778761061954
2022-12-08,11200,11550,10900,11350,497829,0.008888888888888946
2022-12-09,11550,11550,10950,11100,442531,-0.022026431718061623
2022-12-12,11150,11500,11100,11300,407293,0.018018018018018056
2022-12-13,11400,11450,11000,11200,392119,-0.008849557522123908
2022-12-14,11450,11700,11350,11450,536636,0.022321428571428603
2022-12-15,11400,11700,11150,11150,322619,-0.026200873362445365
2022-12-16,10750,11000,10600,10650,392015,-0.04484304932735428
2022-12-19,10650,11000,10350,10700,389067,0.0046948356807512415
2022-12-20,10600,10700,10200,10250,310431,-0.04205607476635509
2022-12-21,10300,10500,10050,10150,309065,-0.009756097560975618
2022-12-22,10300,10600,10200,10300,208905,0.014778325123152802
2022-12-23,10150,10200,9690,9690,400049,-0.059223300970873805
2022-12-26,9710,10050,9710,9860,198402,0.01754385964912286
2022-12-27,9880,10150,9880,10100,192753,0.024340770791074995
2022-12-28,9950,10050,9770,9900,164547,-0.01980198019801982
2022-12-29,9800,9890,9470,9570,220568,-0.033333333333333326
2023-01-02,9570,9810,9270,9270,244703,-0.031347962382445194
2023-01-03,9260,9640,9170,9530,189879,0.028047464940668787
2023-01-04,9350,9740,9340,9700,107203,0.01783840503672618
2023-01-05,9700,9770,9530,9570,139626,-0.013402061855670055
2023-01-06,9430,9910,9430,9780,221489,0.021943573667711602
2023-01-09,9880,9920,9780,9870,120459,0.009202453987730008
2023-01-10,9900,10400,9850,10350,380117,0.04863221884498481
2023-01-11,10350,10400,10200,10250,172382,-0.009661835748792313
2023-01-12,10350,10400,10100,10250,188348,0.0
2023-01-13,10300,10350,10150,10250,146573,0.0
2023-01-16,10450,10600,10150,10200,492577,-0.004878048780487809
2023-01-17,11050,11500,10250,10250,2839671,0.004901960784313708
2023-01-18,10400,10400,10150,10250,300152,0.0
2023-01-19,10250,10400,10050,10250,312962,0.0
2023-01-20,10200,10200,10000,10100,195935,-0.014634146341463428
2023-01-25,10110,10140,9950,9980,202591,-0.011881188118811892
2023-01-26,9950,10150,9940,10130,211662,0.01503006012024044
2023-01-27,10080,10160,10030,10110,122514,-0.001974333662388972
2023-01-30,10130,10210,9980,9980,168552,-0.01285855588526208
2023-01-31,9940,10010,9720,9760,186310,-0.022044088176352727
2023-02-01,9800,9910,9760,9770,136178,0.0010245901639345245
2023-02-02,9820,10140,9780,10100,201312,0.03377686796315249
2023-02-03,10100,10210,9900,9930,131538,-0.016831683168316847
2023-02-06,9920,10070,9840,9980,132761,0.0050352467270895485
2023-02-07,9950,10070,9860,9960,120617,-0.002004008016032066
2023-02-08,9940,10020,9760,9790,221962,-0.017068273092369468
2023-02-09,9790,9850,9640,9660,159597,-0.013278855975485171
2023-02-10,9610,9660,9360,9390,187870,-0.02795031055900621
2023-02-13,9410,9480,9350,9380,75581,-0.0010649627263046302
2023-02-14,9380,9490,9340,9400,78076,0.002132196162046851
2023-02-15,9440,9510,9200,9250,138350,-0.015957446808510634
2023-02-16,9370,9520,9310,9520,145191,0.029189189189189113
2023-02-17,9390,9670,9390,9560,121701,0.004201680672268893
2023-02-20,9470,9680,9470,9610,88635,0.0052301255230124966
2023-02-21,9560,9750,9560,9650,103666,0.004162330905306932
2023-02-22,9550,9710,9350,9390,154572,-0.02694300518134718
2023-02-23,9370,9500,9290,9330,83215,-0.006389776357827448
2023-02-24,9280,9420,9220,9270,121669,-0.006430868167202619
2023-02-27,9210,9270,9080,9080,137783,-0.02049622437971954
2023-02-28,9160,9430,9080,9330,136907,0.02753303964757703
2023-03-02,9250,9450,9250,9260,130946,-0.007502679528403
2023-03-03,9300,9500,9180,9470,168860,0.022678185745140356
2023-03-06,9600,10210,9440,10170,1205720,0.07391763463569156
2023-03-07,10110,10720,10060,10450,1146101,0.027531956735496577
2023-03-08,10450,10900,10210,10620,932659,0.016267942583731987
2023-03-09,10680,10750,10060,10180,486487,-0.04143126177024481
2023-03-10,10000,10040,9630,9860,363097,-0.03143418467583492
2023-03-13,9750,10140,9700,10080,353045,0.022312373225152227
2023-03-14,9920,10110,9640,9900,240531,-0.017857142857142905
2023-03-15,9970,10280,9970,10190,320351,0.02929292929292937
2023-03-16,10080,10770,9830,10530,1175761,0.03336604514229635
2023-03-17,10460,10540,10050,10170,380189,-0.03418803418803418
2023-03-20,10010,11010,9990,10940,1692610,0.07571288102261553
2023-03-21,10870,11880,10560,10620,4697765,-0.029250457038391242
2023-03-22,10940,11440,10620,11100,2363067,0.04519774011299438
2023-03-23,11220,11700,10820,11190,1730519,0.008108108108108025
2023-03-24,11360,11500,10900,10960,681054,-0.020554066130473614
2023-03-27,10960,10960,10510,10830,463986,-0.01186131386861311
2023-03-28,10750,10760,10490,10600,372004,-0.02123730378578026
2023-03-29,10690,11630,10620,11130,2060201,0.050000000000000044
2023-03-30,11250,11250,10710,11120,537728,-0.0008984725965858198
2023-03-31,11150,11570,10910,10980,720762,-0.01258992805755399
2023-04-03,11120,11790,10980,11500,1327351,0.04735883424408005
2023-04-04,11450,11630,10900,10930,719420,-0.04956521739130437
2023-04-05,10930,10970,10690,10800,346816,-0.011893870082342217
2023-04-06,10720,11160,10600,11100,520381,0.02777777777777768
2023-04-07,11490,12300,11240,11370,3449520,0.024324324324324298
2023-04-10,11490,12000,11150,11750,1331760,0.033421284080914715
2023-04-11,11600,12070,11390,11780,861828,0.002553191489361728
2023-04-12,11880,12120,11410,11580,731413,-0.01697792869269954
2023-04-13,11350,11480,11040,11150,424217,-0.03713298791018993
2023-04-14,11210,11360,10920,11030,390881,-0.010762331838565009
2023-04-17,10950,11110,10850,10850,347057,-0.016319129646418906
2023-04-18,10830,11290,10620,11290,514523,0.04055299539170498
2023-04-19,11300,11980,11140,11740,1205295,0.039858281665190454
2023-04-20,11630,12890,11390,11750,3806371,0.0008517887563883608
2023-04-21,12020,12410,11490,12000,1335735,0.02127659574468077
2023-04-24,12340,13500,12000,12250,4552485,0.02083333333333326
2023-04-25,11750,11950,11010,11300,909734,-0.07755102040816331
2023-04-26,11300,11880,10910,10940,678221,-0.031858407079646045
2023-04-27,10850,11290,10800,11090,326657,0.013711151736745864
2023-04-28,11130,11150,10500,10580,378556,-0.04598737601442737
2023-05-02,10530,11190,10530,11180,245402,0.05671077504725908
2023-05-03,11170,11770,11030,11370,571494,0.016994633273702986
2023-05-04,11310,11510,10970,11000,260991,-0.03254177660510116
2023-05-08,11090,11290,10760,10770,179316,-0.020909090909090877
2023-05-09,10910,10960,10500,10580,159416,-0.01764159702878365
2023-05-10,10610,10750,10230,10290,179823,-0.027410207939508546
2023-05-11,10330,10510,9980,10020,248993,-0.026239067055393583
2023-05-12,10000,10170,9890,9960,196058,-0.005988023952095856
2023-05-15,9800,9850,9520,9610,272826,-0.03514056224899598
2023-05-16,9610,10000,9510,9600,242493,-0.0010405827263267886
2023-05-17,9560,9820,9520,9720,102067,0.012499999999999956
2023-05-18,9950,10100,9780,9880,133987,0.016460905349794164
2023-05-19,9900,10270,9840,10080,222201,0.020242914979757165
2023-05-22,10080,10230,9900,10160,84755,0.007936507936507908
2023-05-23,10160,10240,10060,10060,94410,-0.009842519685039353
2023-05-24,9930,10920,9930,10210,598886,0.01491053677932408
2023-05-25,10180,10830,10080,10400,687531,0.0186092066601371
2023-05-26,10290,10360,10060,10060,196638,-0.03269230769230769
2023-05-30,10080,10080,9950,9980,109784,-0.007952286282306154
2023-05-31,9970,10110,9930,9930,92324,-0.00501002004008011
2023-06-01,9950,10030,9920,9950,62947,0.002014098690835908
2023-06-02,9950,10060,9950,9990,51995,0.004020100502512669
2023-06-05,9960,10150,9960,10100,88562,0.011011011011011096
2023-06-07,10070,10190,10070,10080,83736,-0.001980198019801982
2023-06-08,10060,10070,9870,9870,122694,-0.02083333333333337
2023-06-09,9970,9980,9870,9900,62434,0.003039513677811634
2023-06-12,9920,10080,9900,9960,110859,0.0060606060606061
2023-06-13,10000,10050,9920,9930,108793,-0.003012048192771122
2023-06-14,9940,10150,9650,9690,242040,-0.024169184290030232
2023-06-15,9760,9880,9590,9650,112958,-0.0041279669762641635
2023-06-16,9620,9750,9620,9680,70553,0.0031088082901553626
2023-06-19,9720,9730,9600,9670,80002,-0.0010330578512396382
2023-06-20,9670,9670,9570,9590,92438,-0.008273009307135482
2023-06-21,9550,9690,9500,9540,72321,-0.005213764337851923
2023-06-22,9500,9610,9420,9530,114040,-0.0010482180293500676
2023-06-23,9890,9930,9500,9500,202485,-0.0031479538300105414
2023-06-26,9450,9470,9390,9390,106497,-0.011578947368421022
2023-06-27,9320,9460,9270,9280,108796,-0.011714589989350377
2023-06-28,9280,9370,9100,9110,159817,-0.018318965517241326
2023-06-29,9050,9190,8510,8780,193034,-0.03622392974753019
2023-06-30,8700,8980,8700,8970,80654,0.021640091116173155
2023-07-03,9060,9110,8950,9090,59507,0.013377926421404673
2023-07-04,9010,9130,8910,9030,62411,-0.0066006600660065695
2023-07-05,9010,9100,8860,8900,55024,-0.01439645625692132
2023-07-06,8960,8980,8550,8680,137814,-0.024719101123595544
2023-07-07,8480,8680,8410,8530,109426,-0.017281105990783363
2023-07-10,8440,9100,8440,8770,184704,0.028135990621336537
2023-07-11,8700,9050,8700,8900,79587,0.014823261117445918
2023-07-12,8830,8970,8750,8800,57516,-0.011235955056179803
2023-07-13,8800,8940,8760,8810,69826,0.001136363636363713
2023-07-14,8770,8830,8550,8560,127103,-0.028376844494892195
2023-07-17,8510,8650,8380,8620,80318,0.007009345794392496
2023-07-18,8610,8690,8460,8510,75076,-0.012761020881670526
2023-07-19,8520,8600,8490,8510,69236,0.0
2023-07-20,8470,9200,8420,8860,262954,0.04112808460634554
2023-07-21,8850,8950,8690,8860,93074,0.0
2023-07-24,8860,8860,8560,8680,90613,-0.020316027088036148
2023-07-25,8580,8670,8470,8470,94860,-0.024193548387096753
2023-07-26,8360,8460,7760,7850,304594,-0.07319952774498228
2023-07-27,7750,8130,7700,7970,79963,0.015286624203821653
2023-07-28,7840,8180,7840,8180,48023,0.026348808030112858
2023-07-31,8360,8360,8170,8350,53530,0.020782396088019572
2023-08-01,8440,8450,8220,8310,46198,-0.004790419161676662
2023-08-02,8200,8370,8130,8160,45778,-0.018050541516245522
2023-08-03,8210,8210,7830,8060,74989,-0.01225490196078427
2023-08-04,7930,8120,7930,8020,38743,-0.00496277915632759
2023-08-07,7960,8080,7860,7980,42348,-0.004987531172069848
2023-08-08,7950,8080,7810,7820,85415,-0.020050125313283207
2023-08-09,7730,8080,7730,8060,43282,0.03069053708439906
2023-08-10,8100,8100,7890,7970,66550,-0.011166253101737023
2023-08-11,7970,8240,7970,8120,70663,0.01882057716436636
2023-08-14,8090,8170,7910,8000,54729,-0.014778325123152691
2023-08-16,7900,7900,7670,7690,74589,-0.03874999999999995
2023-08-17,7670,8190,7410,7880,136107,0.024707412223667014
2023-08-18,7690,7890,7690,7830,41843,-0.006345177664974666
2023-08-21,7730,7910,7730,7750,48393,-0.010217113665389577
2023-08-22,7750,7810,7670,7730,36207,-0.002580645161290307
2023-08-23,7670,7700,7460,7540,71636,-0.02457956015523932
2023-08-24,7540,7650,7500,7560,47390,0.0026525198938991412
2023-08-25,7420,7800,7400,7650,73965,0.011904761904761862
2023-08-28,7650,7840,7590,7730,38996,0.010457516339869244
2023-08-29,7830,7950,7770,7820,52914,0.011642949547218562
2023-08-30,7870,7950,7830,7840,34078,0.002557544757033181
2023-08-31,7850,8070,7850,7890,54895,0.0063775510204082675
2023-09-01,7820,7990,7820,7920,34251,0.0038022813688212143
2023-09-04,7920,8100,7830,8100,39084,0.022727272727272707
2023-09-05,8100,8100,7880,7900,44941,-0.024691358024691357
2023-09-06,7910,7970,7810,7830,27962,-0.008860759493670933
2023-09-07,7830,7860,7710,7790,48033,-0.005108556832694733
2023-09-08,7790,7940,7750,7830,23325,0.005134788189987249
2023-09-11,7850,7850,7580,7630,45248,-0.025542784163473775
2023-09-12,7600,7700,7500,7600,52044,-0.003931847968545177
2023-09-13,7750,7800,7500,7500,77110,-0.013157894736842146
2023-09-14,7430,7550,7430,7500,29223,0.0
2023-09-15,7510,7700,7500,7640,29530,0.01866666666666661
2023-09-18,7640,7640,7510,7560,23486,-0.010471204188481686
2023-09-19,7560,7560,7320,7320,61671,-0.031746031746031744
2023-09-20,7320,8770,6850,7370,1421902,0.006830601092896238
2023-09-21,7280,7760,7280,7360,231560,-0.0013568521031207537
2023-09-22,7170,7330,7100,7100,82753,-0.03532608695652173
2023-09-25,7100,7100,6870,6880,75736,-0.030985915492957705
2023-09-26,6870,6920,6680,6690,53779,-0.02761627906976749
2023-09-27,6530,6860,6530,6820,36483,0.01943198804185342
2023-10-04,6820,6820,6360,6380,69664,-0.06451612903225812
2023-10-05,6380,6530,6350,6350,64120,-0.00470219435736674
2023-10-06,6210,6500,6210,6440,26129,0.014173228346456623
2023-10-10,6390,6550,6210,6220,33473,-0.03416149068322982
2023-10-11,6220,6540,6220,6490,53081,0.04340836012861726
2023-10-12,6460,6780,6460,6690,49796,0.03081664098613257
2023-10-13,6690,6690,6450,6500,19293,-0.02840059790732441
2023-10-16,6540,6540,6310,6370,31563,-0.020000000000000018
2023-10-17,6370,6560,6370,6560,32383,0.02982731554160134
2023-10-18,6460,6610,6360,6370,41345,-0.02896341463414631
2023-10-19,6310,6360,6140,6170,78083,-0.031397174254317095
2023-10-20,6100,6310,5920,6050,84556,-0.01944894651539708
2023-10-23,5930,6140,5910,5940,39160,-0.018181818181818188
2023-10-24,5940,6150,5730,6090,75125,0.025252525252525304
2023-10-25,6090,6330,6090,6150,43381,0.009852216748768461
2023-10-26,6010,6080,5650,5730,82187,-0.06829268292682922
2023-10-27,5700,5990,5660,5960,47560,0.04013961605584648
2023-10-30,5830,6050,5780,5970,28838,0.001677852348993314
2023-10-31,6080,6080,5800,5800,39955,-0.028475711892797295
2023-11-01,5860,6020,5830,5870,25440,0.012068965517241459
2023-11-02,5910,6150,5910,6090,43035,0.03747870528109032
2023-11-03,6150,6300,6060,6220,30835,0.021346469622331776
2023-11-06,6260,6520,6230,6490,45793,0.04340836012861726
2023-11-07,6430,6500,6240,6350,26121,-0.02157164869029271
2023-11-08,6290,6470,6290,6390,34008,0.006299212598425141
2023-11-09,6390,6390,6200,6350,18370,-0.006259780907668211
2023-11-10,6320,6320,6050,6080,38788,-0.04251968503937009
2023-11-13,6190,6190,6050,6070,20946,-0.00164473684210531
2023-11-14,6070,6930,6070,6260,573844,0.0313014827018121
2023-11-15,6390,6910,6260,6850,583899,0.09424920127795522
2023-11-16,7440,8670,7400,7600,5569126,0.10948905109489049
2023-11-17,7520,7670,6950,7010,502306,-0.07763157894736838
2023-11-20,7000,7110,6930,6930,205110,-0.011412268188302432
2023-11-21,6930,7620,6810,7450,1505595,0.07503607503607501
2023-11-22,7350,7580,7190,7210,690013,-0.03221476510067112
2023-11-23,7210,7280,7060,7060,151768,-0.020804438280166426
2023-11-24,7050,7280,6930,7070,140035,0.0014164305949009304
2023-11-27,7090,7170,6920,6920,94608,-0.021216407355021172
2023-11-28,6970,7000,6850,6850,65774,-0.010115606936416222
2023-11-29,6850,6930,6810,6830,45101,-0.0029197080291970545
2023-11-30,6800,7090,6800,7020,84933,0.027818448023426035
2023-12-01,6950,7090,6910,6950,63156,-0.009971509971509973
2023-12-04,6930,7120,6930,7010,67714,0.008633093525179936
2023-12-05,7010,7010,6850,6860,77346,-0.021398002853067033
2023-12-06,6950,7050,6800,6960,61944,0.014577259475218707
2023-12-07,7050,7050,6880,6940,46563,-0.002873563218390829
2023-12-08,6950,7080,6940,7000,52921,0.008645533141210304
2023-12-11,7000,7080,6960,6980,64962,-0.0028571428571428914
2023-12-12,7030,7030,6840,6880,73886,-0.014326647564469885
2023-12-13,6810,6890,6650,6680,116768,-0.029069767441860517
2023-12-14,6750,6820,6670,6710,26909,0.004491017964071808
2023-12-15,6710,6870,6710,6780,30739,0.010432190760059523
2023-12-18,6750,6900,6740,6890,32141,0.016224188790560534
2023-12-19,6890,7010,6870,6910,54233,0.002902757619738683
2023-12-20,6920,7030,6910,6990,77526,0.011577424023154759
2023-12-21,6990,7020,6840,6870,43064,-0.01716738197424894
2023-12-22,6880,6900,6780,6800,33397,-0.010189228529839833
2023-12-26,6750,6880,6650,6670,66132,-0.019117647058823573
2023-12-27,6610,6730,6610,6710,23878,0.0059970014992503096
2023-12-28,6650,6780,6630,6720,23253,0.0014903129657228842
2024-01-02,6720,6770,6690,6730,37870,0.0014880952380953438
2024-01-03,6670,6740,6650,6720,39345,-0.0014858841010401136
2024-01-04,6650,6720,6600,6600,51609,-0.017857142857142905
2024-01-05,6590,6670,6590,6600,31845,0.0
2024-01-08,6610,6660,6550,6630,31723,0.00454545454545463
2024-01-09,6600,6700,6600,6690,53290,0.009049773755656076
2024-01-10,6800,8600,6780,7870,8847470,0.17638266068759334
2024-01-11,7580,7690,7360,7650,1023178,-0.027954256670902122
2024-01-12,7970,8180,7330,7410,1105862,-0.03137254901960784
2024-01-15,7500,7990,7360,7450,1360330,0.005398110661268607
2024-01-16,7690,9300,7690,8100,17147247,0.08724832214765099
2024-01-17,7900,8240,7690,7970,1579229,-0.016049382716049387
2024-01-18,7820,7950,7400,7520,707941,-0.05646173149309908
2024-01-19,7510,7840,7450,7670,508920,0.019946808510638236
2024-01-22,7640,7670,7250,7270,371973,-0.052151238591916504
2024-01-23,7270,7410,7160,7320,232168,0.00687757909215958
2024-01-24,7330,7680,7170,7470,445094,0.020491803278688492
2024-01-25,7450,7540,7220,7490,295954,0.0026773761713521083
2024-01-26,7450,7530,7280,7280,146088,-0.028037383177570097
2024-01-29,7280,7340,7100,7130,172715,-0.020604395604395642
2024-01-30,7150,7260,6950,7020,163576,-0.015427769985974726
2024-01-31,6920,7090,6840,6840,97969,-0.02564102564102566
2024-02-01,6800,6870,6700,6820,104428,-0.0029239766081871066
2024-02-02,6810,7070,6810,7020,86821,0.029325513196480912
2024-02-05,7010,7120,6950,7080,80735,0.008547008547008517
2024-02-06,7080,7080,6790,6980,100492,-0.01412429378531077
2024-02-07,6960,7050,6920,7030,77707,0.007163323782235054
2024-02-08,7050,7090,7000,7010,51407,-0.002844950213371278
2024-02-13,7080,7200,7050,7170,110034,0.022824536376604865
2024-02-14,7140,7210,7030,7210,93490,0.00557880055788007
2024-02-15,7230,7240,7170,7190,65459,-0.00277392510402219
2024-02-16,7200,7300,7160,7300,102750,0.015299026425591
2024-02-19,7300,7340,7200,7330,81368,0.004109589041095818
2024-02-20,7350,7350,7180,7250,71215,-0.010914051841746208
2024-02-21,7180,7400,7150,7260,74867,0.0013793103448276334
2024-02-22,7310,7310,7110,7150,53043,-0.015151515151515138
2024-02-23,7150,7150,6990,7050,83691,-0.013986013986013957
2024-02-26,7030,7170,6950,7160,75400,0.015602836879432536
2024-02-27,7160,7170,6980,7090,91550,-0.009776536312849138
2024-02-28,7100,7160,7030,7030,54580,-0.008462623413258097
2024-02-29,7030,7060,6950,6960,55383,-0.009957325746799417
2024-03-04,6960,7050,6940,7010,49956,0.007183908045977017
2024-03-05,6950,7050,6850,6890,57697,-0.01711840228245365
2024-03-06,6870,7080,6870,6900,44266,0.0014513788098693414
2024-03-07,6850,6970,6820,6860,61645,-0.005797101449275366
2024-03-08,6860,7150,6840,7050,116460,0.0276967930029155
2024-03-11,7050,7090,6910,6950,66863,-0.014184397163120588
2024-03-12,7000,8100,7000,7340,3981617,0.05611510791366903
2024-03-13,7350,7450,7230,7430,329443,0.012261580381471404
2024-03-14,7400,7490,7280,7380,190272,-0.006729475100942128
2024-03-15,7310,7460,7280,7340,155063,-0.005420054200542035
2024-03-18,7360,7470,7340,7440,103300,0.013623978201634968
2024-03-19,7490,9490,7450,8780,15341195,0.1801075268817205
2024-03-20,8500,8840,8310,8700,2538847,-0.009111617312072884
2024-03-21,8440,8500,8160,8300,1109879,-0.04597701149425293
2024-03-22,8240,8350,8040,8230,1237290,-0.008433734939759074
2024-03-25,8460,8900,8110,8310,3713832,0.009720534629404698
2024-03-26,8300,8690,8110,8170,1020726,-0.016847172081829176
2024-03-27,8160,8280,7900,7920,490627,-0.030599755201958345
