Date,Open,High,Low,Close,Volume,Change
2022-01-03,7950,7960,7900,7900,7365,-0.008782936010037656
2022-01-04,7900,7900,7800,7900,17856,0.0
2022-01-05,7900,7900,7770,7770,18892,-0.016455696202531622
2022-01-06,7960,7960,7750,7820,5394,0.006435006435006496
2022-01-07,7820,7910,7780,7800,7746,-0.002557544757033292
2022-01-10,7800,7800,7700,7720,5518,-0.01025641025641022
2022-01-11,7610,7710,7610,7640,7119,-0.010362694300518172
2022-01-12,7640,7870,7640,7720,8115,0.010471204188481575
2022-01-13,7720,7750,7680,7750,10945,0.0038860103626943143
2022-01-14,7700,9700,7690,8300,2950879,0.07096774193548394
2022-01-17,8200,8200,7700,8090,420934,-0.025301204819277112
2022-01-18,8040,8090,7690,7750,97505,-0.04202719406674904
2022-01-19,7650,7770,7620,7670,31079,-0.010322580645161339
2022-01-20,7620,7750,7610,7700,28907,0.003911342894393766
2022-01-21,7750,7870,7710,7770,35354,0.009090909090909038
2022-01-24,7840,7840,7650,7750,22093,-0.002574002574002532
2022-01-25,7750,7820,7430,7460,42896,-0.03741935483870973
2022-01-26,7500,7540,7280,7380,27978,-0.01072386058981234
2022-01-27,7410,7570,7010,7030,65894,-0.04742547425474253
2022-01-28,7000,7250,6960,7250,14421,0.031294452347083945
2022-02-03,7380,7600,7290,7590,24032,0.04689655172413798
2022-02-04,7420,7710,7420,7700,24733,0.01449275362318847
2022-02-07,7790,7860,7700,7800,44132,0.01298701298701288
2022-02-08,7870,7890,7700,7700,23914,-0.012820512820512775
2022-02-09,7700,7820,7700,7820,11832,0.01558441558441559
2022-02-10,7870,7940,7770,7900,23348,0.010230179028132946
2022-02-11,7900,7940,7770,7880,24703,-0.0025316455696202667
2022-02-14,7810,7830,7640,7800,21156,-0.010152284263959421
2022-02-15,7740,7900,7660,7660,16875,-0.017948717948717996
2022-02-16,7760,7910,7680,7770,18845,0.01436031331592691
2022-02-17,7800,7850,7630,7700,25895,-0.009009009009009028
2022-02-18,7700,7840,7550,7830,24711,0.016883116883116944
2022-02-21,7830,7910,7710,7830,18160,0.0
2022-02-22,7640,7920,7640,7830,13607,0.0
2022-02-23,7780,8110,7700,7930,36505,0.012771392081736943
2022-02-24,8030,8030,7700,7750,19209,-0.022698612862547263
2022-02-25,7800,7910,7740,7840,23125,0.011612903225806548
2022-02-28,7860,7930,7750,7930,12109,0.011479591836734748
2022-03-02,7850,8110,7850,8040,43863,0.013871374527112179
2022-03-03,8060,8130,7920,7970,30986,-0.008706467661691586
2022-03-04,8000,8100,7890,8080,28729,0.013801756587201952
2022-03-07,8080,8100,7910,8010,20395,-0.008663366336633671
2022-03-08,7850,7980,7820,7870,12921,-0.017478152309613026
2022-03-10,7900,7970,7800,7800,13994,-0.008894536213468918
2022-03-11,7780,7920,7700,7780,21198,-0.002564102564102555
2022-03-14,7730,7840,7550,7630,41832,-0.019280205655527016
2022-03-15,7560,7630,7540,7580,10002,-0.006553079947575369
2022-03-16,7600,7700,7600,7650,10930,0.00923482849604218
2022-03-17,7660,7730,7630,7730,12505,0.010457516339869244
2022-03-18,7780,7900,7730,7850,15914,0.015523932729624823
2022-03-21,7860,8000,7850,7960,26386,0.014012738853503182
2022-03-22,7990,8050,7850,7960,14499,0.0
2022-03-23,7960,8000,7880,7890,9755,-0.008793969849246186
2022-03-24,7850,8150,7810,8110,36404,0.027883396704689423
2022-03-25,8200,8200,7970,8110,32774,0.0
2022-03-28,8100,8110,7970,7980,10253,-0.01602959309494456
2022-03-29,7950,8190,7950,8080,31748,0.012531328320801949
2022-03-30,8200,8200,8060,8100,14364,0.0024752475247524774
2022-03-31,8130,8320,8100,8200,38588,0.012345679012345734
2022-04-01,8200,8320,8140,8220,25442,0.0024390243902439046
2022-04-04,8290,8290,8170,8220,19903,0.0
2022-04-05,8290,8390,8200,8350,22688,0.015815085158150888
2022-04-06,8350,8430,7940,8080,45630,-0.03233532934131733
2022-04-07,8080,8310,8070,8100,22116,0.0024752475247524774
2022-04-08,8100,8190,8050,8100,10337,0.0
2022-04-11,8070,8150,8040,8130,9312,0.0037037037037037646
2022-04-12,8130,8170,8010,8060,11948,-0.008610086100861003
2022-04-13,8020,8150,8010,8130,11762,0.008684863523573227
2022-04-14,8230,8230,8110,8220,11117,0.011070110701107083
2022-04-15,8220,8230,8130,8160,16096,-0.007299270072992692
2022-04-18,8220,8750,8000,8450,154663,0.035539215686274606
2022-04-19,8330,8590,8330,8480,41269,0.0035502958579882726
2022-04-20,8580,10350,8490,9180,3770563,0.08254716981132071
2022-04-21,9260,9880,8730,8870,680289,-0.03376906318082784
2022-04-22,8870,9130,8730,8880,279954,0.0011273957158963732
2022-04-25,9030,10300,9030,9360,2247744,0.054054054054053946
2022-04-26,9400,9620,9280,9450,391292,0.009615384615384581
2022-04-27,9610,9770,8990,8990,374926,-0.04867724867724865
2022-04-28,9100,9190,8710,8860,187707,-0.014460511679644017
2022-04-29,8890,8920,8710,8730,65951,-0.01467268623024831
2022-05-02,8650,9310,8650,9030,152828,0.03436426116838498
2022-05-03,9110,9160,8760,8910,69781,-0.013289036544850474
2022-05-04,8910,8950,8720,8740,53588,-0.019079685746352437
2022-05-06,8740,8900,8640,8690,58875,-0.005720823798627039
2022-05-09,8690,8800,8350,8360,59427,-0.03797468354430378
2022-05-10,8360,8360,7990,8350,62529,-0.0011961722488038617
2022-05-11,8330,8490,8210,8320,29921,-0.003592814371257469
2022-05-12,8320,8440,8000,8010,57047,-0.03725961538461542
2022-05-13,8160,8330,8000,8200,50125,0.02372034956304625
2022-05-16,8400,8680,8240,8600,59836,0.04878048780487809
2022-05-17,8530,8610,8410,8460,22919,-0.016279069767441867
2022-05-18,8530,8690,8330,8640,35991,0.02127659574468077
2022-05-19,8460,8610,8290,8290,33041,-0.0405092592592593
2022-05-20,8280,8350,8210,8260,20061,-0.003618817852834688
2022-05-23,8210,8350,8130,8190,14517,-0.008474576271186418
2022-05-24,8160,8260,8070,8160,21838,-0.00366300366300365
2022-05-25,8080,8280,8080,8130,12776,-0.003676470588235281
2022-05-26,8270,8270,8130,8130,10710,0.0
2022-05-27,8270,8280,8120,8150,14473,0.002460024600245969
2022-05-30,8170,8300,8120,8250,18185,0.012269938650306678
2022-05-31,8260,8410,8250,8340,15197,0.01090909090909098
2022-06-02,8340,8380,8230,8300,10115,-0.004796163069544335
2022-06-03,8400,8400,8260,8290,15978,-0.001204819277108471
2022-06-07,8290,8290,8100,8160,25138,-0.0156815440289505
2022-06-08,8070,8220,8070,8220,11457,0.007352941176470562
2022-06-09,8210,8210,8010,8070,16319,-0.018248175182481785
2022-06-10,8120,8140,8020,8060,9129,-0.0012391573729864103
2022-06-13,8020,8020,7740,7760,30019,-0.037220843672456594
2022-06-14,7620,7990,7480,7800,29692,0.005154639175257714
2022-06-15,7620,7800,7460,7490,26759,-0.03974358974358971
2022-06-16,7700,7710,7410,7410,12434,-0.010680907877169576
2022-06-17,7350,7350,7100,7280,31941,-0.01754385964912286
2022-06-20,7500,7500,6960,7010,29383,-0.03708791208791207
2022-06-21,6910,7070,6910,7040,17749,0.004279600570613384
2022-06-22,7140,7140,6710,6790,17724,-0.035511363636363646
2022-06-23,6790,6860,6420,6420,33994,-0.05449189985272462
2022-06-24,6210,6600,6210,6600,16670,0.028037383177569986
2022-06-27,6600,6840,6540,6790,12435,0.028787878787878807
2022-06-28,6680,6820,6680,6730,13779,-0.008836524300441795
2022-06-29,6730,6830,6690,6810,8035,0.011887072808320909
2022-06-30,6740,7050,6740,6810,10258,0.0
2022-07-01,6830,6880,6710,6750,7445,-0.008810572687224627
2022-07-04,6820,6840,6600,6620,12834,-0.01925925925925931
2022-07-05,6600,6800,6590,6780,18627,0.024169184290030232
2022-07-06,6810,6860,6700,6850,11319,0.010324483775811188
2022-07-07,6870,7010,6820,7010,8539,0.023357664233576658
2022-07-08,7010,7060,7010,7060,9998,0.007132667617689048
2022-07-11,7060,7070,7000,7060,5966,0.0
2022-07-12,7070,7070,6880,6970,8173,-0.012747875354107596
2022-07-13,6960,7050,6890,7010,4638,0.0057388809182210565
2022-07-14,7170,7170,7020,7070,6325,0.008559201141226769
2022-07-15,7140,7140,6890,7000,4075,-0.00990099009900991
2022-07-18,7130,7130,7000,7010,6599,0.0014285714285713347
2022-07-19,7020,7090,6980,7000,11715,-0.0014265335235378318
2022-07-20,7070,7150,7020,7110,6231,0.01571428571428579
2022-07-21,7150,7150,7080,7130,3826,0.002812939521800173
2022-07-22,7060,7150,7060,7100,4440,-0.0042075736325385416
2022-07-25,7040,7100,7010,7050,5540,-0.007042253521126751
2022-07-26,7050,7140,7020,7140,3521,0.012765957446808418
2022-07-27,7030,7130,7030,7100,3985,-0.0056022408963585235
2022-07-28,7150,7150,7010,7010,7382,-0.012676056338028152
2022-07-29,6980,7080,6980,7050,3847,0.005706134094151105
2022-08-01,7050,7100,6990,7050,8505,0.0
2022-08-02,7080,7150,6960,7000,13861,-0.007092198581560294
2022-08-03,6970,8900,6960,8000,2701030,0.1428571428571428
2022-08-04,7880,7950,7330,7420,305226,-0.07250000000000001
2022-08-05,7500,7520,7280,7370,97736,-0.006738544474393482
2022-08-08,7300,7440,7290,7440,38704,0.009497964721845387
2022-08-09,7390,7650,7310,7400,139056,-0.005376344086021501
2022-08-10,7310,7350,7150,7180,79240,-0.02972972972972976
2022-08-11,7250,7360,7180,7270,45380,0.012534818941504211
2022-08-12,7320,7350,7270,7320,29909,0.00687757909215958
2022-08-16,7340,7440,7310,7310,31359,-0.001366120218579181
2022-08-17,7320,7380,7270,7350,26869,0.00547195622435015
2022-08-18,7420,7420,7310,7310,28760,-0.0054421768707483276
2022-08-19,7390,7390,7260,7260,16760,-0.0068399452804377425
2022-08-22,7300,7380,7130,7140,40463,-0.016528925619834656
2022-08-23,7030,7100,7010,7060,20558,-0.011204481792717047
2022-08-24,7120,7170,7040,7090,10961,0.004249291784702569
2022-08-25,7160,7190,7060,7170,13598,0.01128349788434413
2022-08-26,7230,7280,7170,7240,14359,0.009762900976290068
2022-08-29,7070,7190,6970,7010,16520,-0.03176795580110492
2022-08-30,7150,7150,7010,7050,8720,0.005706134094151105
2022-08-31,7170,7170,7010,7020,8624,-0.004255319148936176
2022-09-01,7060,7100,7000,7010,9878,-0.0014245014245014564
2022-09-02,7120,7120,6940,6980,15812,-0.004279600570613384
2022-09-05,6930,6970,6800,6890,28425,-0.012893982808022897
2022-09-06,6970,6970,6850,6900,7286,0.0014513788098693414
2022-09-07,6900,6900,6650,6710,29220,-0.02753623188405796
2022-09-08,6710,6790,6690,6710,4246,0.0
2022-09-13,6790,7000,6790,6930,15175,0.032786885245901676
2022-09-14,6730,7050,6730,7020,19515,0.01298701298701288
2022-09-15,7060,7060,6950,6990,6216,-0.004273504273504258
2022-09-16,7010,7010,6830,6840,10879,-0.02145922746781115
2022-09-19,6840,6890,6630,6740,28370,-0.014619883040935644
2022-09-20,6700,6790,6690,6750,5359,0.0014836795252226587
2022-09-21,6770,6790,6650,6710,8994,-0.00592592592592589
2022-09-22,6830,6830,6590,6660,21324,-0.007451564828613977
2022-09-23,6660,6720,6540,6560,15192,-0.01501501501501501
2022-09-26,6500,6500,6280,6300,26004,-0.03963414634146345
2022-09-27,6070,6300,6070,6270,28792,-0.004761904761904745
2022-09-28,6330,6380,6050,6150,21493,-0.019138755980861233
2022-09-29,6150,6260,6130,6150,10043,0.0
2022-09-30,6050,6110,6030,6100,10070,-0.008130081300813052
2022-10-04,6180,6330,6140,6260,7758,0.026229508196721207
2022-10-05,6260,6290,6160,6160,4252,-0.015974440894568676
2022-10-06,6130,6280,6130,6200,7461,0.006493506493506551
2022-10-07,6230,6350,6200,6220,5702,0.003225806451612856
2022-10-11,6220,6220,6000,6020,18329,-0.032154340836012874
2022-10-12,6020,6020,5920,5920,10493,-0.01661129568106312
2022-10-13,6110,6110,5640,5730,15469,-0.03209459459459463
2022-10-14,5750,5910,5750,5890,6032,0.027923211169284423
2022-10-17,5890,5890,5500,5810,12284,-0.01358234295415961
2022-10-18,5890,5940,5800,5840,10525,0.005163511187607606
2022-10-19,5890,5940,5850,5890,13872,0.008561643835616417
2022-10-20,5780,6410,5780,5920,138179,0.005093378607809784
2022-10-21,5930,5980,5840,5840,12000,-0.013513513513513487
2022-10-24,5840,5950,5840,5910,9695,0.011986301369863117
2022-10-25,5910,5960,5910,5930,4141,0.0033840947546530664
2022-10-26,5960,6000,5900,5930,3341,0.0
2022-10-27,5920,5980,5900,5980,2317,0.008431703204047292
2022-10-28,5980,6010,5920,5920,6342,-0.010033444816053505
2022-10-31,5860,5930,5850,5880,16871,-0.006756756756756799
2022-11-01,5880,5920,5840,5880,13281,0.0
2022-11-02,5860,5910,5860,5870,8265,-0.00170068027210879
2022-11-03,5840,5880,5810,5850,7046,-0.0034071550255536653
2022-11-04,5710,6040,5710,6040,21327,0.032478632478632585
2022-11-07,6030,6100,5950,6020,18652,-0.0033112582781457123
2022-11-08,6050,6100,6010,6070,14837,0.008305647840531671
2022-11-09,6110,6130,6050,6050,11965,-0.0032948929159802853
2022-11-10,6100,6100,5970,6040,7586,-0.0016528925619834212
2022-11-11,6110,6130,6060,6100,17816,0.009933774834437026
2022-11-14,6140,6180,6110,6160,11183,0.009836065573770592
2022-11-15,6160,6300,6130,6240,17250,0.01298701298701288
2022-11-16,6320,6320,6190,6230,5502,-0.0016025641025640969
2022-11-17,6180,6200,6100,6150,9273,-0.012841091492776902
2022-11-18,6180,6210,6090,6090,8043,-0.009756097560975618
2022-11-21,6180,6180,6030,6050,6236,-0.006568144499178974
2022-11-22,6130,7570,6060,6410,1493775,0.05950413223140494
2022-11-23,6380,6550,6240,6360,134406,-0.007800312012480548
2022-11-24,6360,6450,6310,6400,44807,0.0062893081761006275
2022-11-25,6410,6460,6320,6380,26566,-0.0031250000000000444
2022-11-28,6340,6380,6230,6250,23154,-0.020376175548589393
2022-11-29,6300,6350,6200,6320,14051,0.011200000000000099
2022-11-30,6410,6660,6310,6380,85114,0.009493670886076
2022-12-01,6470,6470,6350,6440,24249,0.00940438871473348
2022-12-02,6440,6450,6370,6420,12037,-0.0031055900621117516
2022-12-05,6470,6500,6370,6450,27212,0.004672897196261738
2022-12-06,6450,6500,6350,6350,14253,-0.015503875968992276
2022-12-07,6460,6460,6280,6300,15234,-0.007874015748031482
2022-12-08,6360,6400,6260,6260,16237,-0.006349206349206327
2022-12-09,6300,6800,6280,6410,47775,0.023961661341852958
2022-12-12,6380,6520,6380,6470,22628,0.009360374414976613
2022-12-13,6640,6650,6480,6540,21406,0.010819165378670892
2022-12-14,6560,6630,6510,6550,20516,0.001529051987767538
2022-12-15,6530,7930,6530,6860,2478005,0.047328244274809084
2022-12-16,6930,6930,6660,6700,125354,-0.023323615160349864
2022-12-19,6700,6810,6260,6630,101469,-0.010447761194029903
2022-12-20,6510,6620,6380,6430,46022,-0.0301659125188537
2022-12-21,6410,6670,6380,6600,51262,0.026438569206842955
2022-12-22,6550,6820,6550,6740,51019,0.021212121212121238
2022-12-23,6700,6880,6560,6670,72534,-0.010385756676557834
2022-12-26,6640,6720,6610,6690,33367,0.0029985007496251548
2022-12-27,6640,6750,6640,6710,25278,0.002989536621823552
2022-12-28,6680,6810,6610,6800,33695,0.013412816691505292
2022-12-29,6800,6810,6560,6590,26731,-0.030882352941176472
2023-01-02,6600,6600,6310,6320,25347,-0.04097116843702575
2023-01-03,6260,6360,6190,6350,26092,0.004746835443038
2023-01-04,6310,6440,6270,6410,12129,0.009448818897637823
2023-01-05,6310,6530,6310,6410,15604,0.0
2023-01-06,6360,6480,6360,6470,15091,0.009360374414976613
2023-01-09,6480,6590,6470,6530,17421,0.009273570324574987
2023-01-10,6540,6610,6530,6600,12366,0.010719754977029039
2023-01-11,6620,6720,6580,6620,20145,0.003030303030302939
2023-01-12,6720,7100,6610,6760,117633,0.02114803625377637
2023-01-13,6760,6840,6710,6780,24282,0.002958579881656709
2023-01-16,6850,6870,6640,6800,25181,0.002949852507374562
2023-01-17,6820,6820,6700,6700,15805,-0.014705882352941124
2023-01-18,6710,6790,6610,6620,18968,-0.011940298507462699
2023-01-19,6610,6630,6490,6580,16792,-0.0060422960725075026
2023-01-20,6580,6750,6530,6750,12139,0.02583586626139822
2023-01-25,6720,6820,6710,6750,14842,0.0
2023-01-26,6770,6880,6740,6800,17445,0.007407407407407307
2023-01-27,6800,6860,6750,6800,12823,0.0
2023-01-30,7060,7060,6770,6800,28488,0.0
2023-01-31,6770,6930,6770,6830,17453,0.004411764705882337
2023-02-01,6910,6910,6810,6840,14054,0.0014641288433381305
2023-02-02,6840,7220,6840,6990,94696,0.021929824561403466
2023-02-03,6960,7030,6930,6970,20531,-0.0028612303290415086
2023-02-06,6970,7010,6860,7010,18467,0.0057388809182210565
2023-02-07,6940,7020,6940,6970,17763,-0.005706134094151216
2023-02-08,6970,7050,6940,7010,12854,0.0057388809182210565
2023-02-09,7010,7170,7000,7100,43940,0.012838801711840153
2023-02-10,7150,7150,6910,6920,31090,-0.025352112676056304
2023-02-13,6920,6940,6800,6800,12755,-0.017341040462427793
2023-02-14,6800,6970,6790,6820,13216,0.002941176470588225
2023-02-15,6820,6890,6610,6690,32940,-0.019061583577712593
2023-02-16,6760,6850,6720,6780,15967,0.013452914798206317
2023-02-17,6790,6900,6690,6870,21234,0.01327433628318575
2023-02-20,6900,6980,6770,6910,24903,0.005822416302765587
2023-02-21,6880,7020,6880,6950,19298,0.005788712011577379
2023-02-22,6900,6970,6850,6890,14457,-0.008633093525179825
2023-02-23,6960,7030,6810,6840,16978,-0.007256894049346929
2023-02-24,6930,6930,6700,6800,18561,-0.005847953216374324
2023-02-27,6790,6790,6540,6540,26701,-0.038235294117647034
2023-02-28,6540,6630,6510,6550,20347,0.001529051987767538
2023-03-02,6530,6700,6530,6580,10421,0.004580152671755711
2023-03-03,6580,6700,6560,6580,12044,0.0
2023-03-06,6520,6580,6340,6490,30355,-0.01367781155015202
2023-03-07,6490,6490,6380,6440,19023,-0.007704160246533087
2023-03-08,6440,6450,6370,6420,8251,-0.0031055900621117516
2023-03-09,6360,6400,6320,6380,11153,-0.006230529595015577
2023-03-10,6300,6380,6210,6290,16866,-0.014106583072100332
2023-03-13,6130,6270,5930,6100,46216,-0.030206677265500748
2023-03-14,6000,6070,5770,5790,33263,-0.050819672131147575
2023-03-15,5820,5960,5800,5890,12316,0.017271157167530138
2023-03-16,5890,5900,5720,5780,18961,-0.018675721561969394
2023-03-17,5930,5990,5780,5990,10680,0.03633217993079585
2023-03-20,5960,6050,5960,6030,10843,0.006677796327211993
2023-03-21,5980,6310,5980,6200,28833,0.028192371475953548
2023-03-22,6170,6270,6030,6130,12308,-0.011290322580645107
2023-03-23,6080,6100,5950,6100,13691,-0.004893964110929905
2023-03-24,6130,6200,6030,6080,24973,-0.003278688524590123
2023-03-27,6100,6100,5980,5990,24857,-0.014802631578947345
2023-03-28,5910,6120,5910,6120,22294,0.02170283806343898
2023-03-29,6080,6200,6040,6190,30609,0.011437908496731986
2023-03-30,6190,6200,6080,6180,25160,-0.001615508885298822
2023-03-31,6150,6220,6120,6180,15758,0.0
2023-04-03,6180,6190,6100,6110,11502,-0.01132686084142398
2023-04-04,6070,6180,6070,6140,12147,0.004909983633387904
2023-04-05,6140,6270,5860,6000,51197,-0.0228013029315961
2023-04-06,6090,6100,5960,6030,21211,0.004999999999999893
2023-04-07,6030,6130,5950,6020,18352,-0.0016583747927031434
2023-04-10,5960,6000,5830,5870,24940,-0.02491694352159468
2023-04-11,5810,5960,5770,5910,17903,0.006814310051107331
2023-04-12,5890,5990,5890,5920,10660,0.0016920473773265332
2023-04-13,5920,6040,5880,6000,7025,0.013513513513513598
2023-04-14,5980,6060,5970,5990,12520,-0.0016666666666667052
2023-04-17,5990,6050,5970,5990,12452,0.0
2023-04-18,6000,6050,5980,5980,9210,-0.0016694490818029983
2023-04-19,6020,6060,5950,6060,14173,0.013377926421404673
2023-04-20,6110,6110,5990,6040,18324,-0.0033003300330033403
2023-04-21,6080,6080,5890,5940,11045,-0.01655629139072845
2023-04-24,5960,5960,5870,5880,11513,-0.010101010101010055
2023-04-25,5950,5950,5810,5870,14963,-0.00170068027210879
2023-04-26,5860,5930,5790,5840,13465,-0.005110732538330498
2023-04-27,5940,5940,5660,5760,16884,-0.013698630136986356
2023-04-28,5770,5820,5690,5760,11888,0.0
2023-05-02,5760,5860,5690,5810,11489,0.00868055555555558
2023-05-03,5660,5830,5660,5800,8810,-0.0017211703958691649
2023-05-04,5770,5830,5740,5820,12949,0.0034482758620688614
2023-05-08,5840,6050,5820,5880,30846,0.010309278350515427
2023-05-09,6000,7170,5930,5950,1967645,0.011904761904761862
2023-05-10,6030,6220,5920,5920,102966,-0.005042016806722671
2023-05-11,6000,6000,5910,5920,48688,0.0
2023-05-12,5890,5920,5800,5820,35839,-0.016891891891891886
2023-05-15,5820,5880,5750,5790,20556,-0.005154639175257714
2023-05-16,5790,6000,5790,5970,38703,0.031088082901554515
2023-05-17,6030,6030,5970,6000,28423,0.005025125628140614
2023-05-18,6010,6030,5940,5990,19674,-0.0016666666666667052
2023-05-19,5960,6010,5940,5960,17301,-0.005008347245408995
2023-05-22,6330,6330,6020,6070,44054,0.01845637583892623
2023-05-23,6100,6150,6000,6050,27656,-0.0032948929159802853
2023-05-24,6080,6300,6020,6180,68763,0.02148760330578514
2023-05-25,6180,6180,6090,6090,20766,-0.014563106796116498
2023-05-26,6100,6150,6000,6000,21242,-0.014778325123152691
2023-05-30,5980,6090,5970,6090,13017,0.014999999999999902
2023-05-31,6040,6110,5980,6000,17535,-0.014778325123152691
2023-06-01,6030,6030,5950,6000,10903,0.0
2023-06-02,6010,6050,5980,6050,5995,0.008333333333333304
2023-06-05,6030,6120,6020,6120,10065,0.011570247933884392
2023-06-07,6120,6200,6110,6120,23857,0.0
2023-06-08,6150,6180,6120,6150,9965,0.004901960784313708
2023-06-09,6180,6200,6080,6100,8133,-0.008130081300813052
2023-06-12,6100,6200,6050,6050,10577,-0.008196721311475419
2023-06-13,6050,6100,6050,6090,10518,0.006611570247933907
2023-06-14,6140,6140,6010,6020,13662,-0.011494252873563204
2023-06-15,5990,6090,5990,6020,11701,0.0
2023-06-16,6030,6100,6020,6100,8360,0.013289036544850585
2023-06-19,6040,6180,6040,6160,16239,0.009836065573770592
2023-06-20,6190,6190,6100,6100,14816,-0.009740259740259716
2023-06-21,6160,6160,6060,6070,12593,-0.004918032786885296
2023-06-22,6070,6220,6050,6150,16738,0.01317957166392092
2023-06-23,6170,6170,6070,6120,12419,-0.004878048780487809
2023-06-26,6090,6110,6020,6060,13273,-0.009803921568627416
2023-06-27,6060,6130,6000,6020,11020,-0.0066006600660065695
2023-06-28,6050,6070,6010,6030,5493,0.0016611295681063787
2023-06-29,6030,6080,6000,6000,11570,-0.00497512437810943
2023-06-30,6000,6040,5910,6000,11854,0.0
2023-07-03,6030,6090,6010,6020,10949,0.0033333333333334103
2023-07-04,6100,6100,6000,6020,11315,0.0
2023-07-05,5980,6070,5940,6000,14544,-0.0033222591362126463
2023-07-06,6020,6020,5900,5940,8277,-0.010000000000000009
2023-07-07,5890,6020,5880,5980,10276,0.006734006734006703
2023-07-10,5920,5970,5900,5930,11854,-0.00836120401337792
2023-07-11,5930,5980,5920,5970,5400,0.006745362563237878
2023-07-12,6000,6000,5940,5950,5344,-0.00335008375209378
2023-07-13,5950,5990,5920,5930,7985,-0.003361344537815114
2023-07-14,5910,6040,5850,6020,36624,0.015177065767284947
2023-07-17,6020,6060,5960,6000,7741,-0.0033222591362126463
2023-07-18,5970,6020,5880,5880,14388,-0.020000000000000018
2023-07-19,5880,6090,5850,5970,25592,0.015306122448979664
2023-07-20,6000,6000,5850,5940,21866,-0.005025125628140725
2023-07-21,5940,5940,5840,5870,19317,-0.011784511784511786
2023-07-24,5820,5870,5690,5690,27995,-0.030664395229982988
2023-07-25,5690,5700,5500,5540,30131,-0.026362038664323406
2023-07-26,5540,5570,5170,5200,46652,-0.06137184115523464
2023-07-27,5200,5470,5200,5380,15024,0.034615384615384714
2023-07-28,5380,5490,5290,5450,13667,0.013011152416356975
2023-07-31,5450,5550,5400,5550,17435,0.0183486238532109
2023-08-01,5540,5600,5510,5590,10883,0.007207207207207134
2023-08-02,5530,5640,5500,5510,11114,-0.014311270125223596
2023-08-03,5480,5550,5410,5460,14671,-0.00907441016333943
2023-08-04,5560,5560,5390,5530,12398,0.012820512820512775
2023-08-07,5530,5570,5480,5510,11254,-0.003616636528028905
2023-08-08,5460,5560,5410,5470,11181,-0.007259528130671544
2023-08-09,5500,5500,5440,5460,9101,-0.001828153564899404
2023-08-10,5460,5670,5460,5510,16196,0.009157509157509125
2023-08-11,5510,5670,5490,5640,10682,0.023593466424682408
2023-08-14,5640,5850,5640,5780,24802,0.024822695035461084
2023-08-16,5850,5890,5620,5620,18130,-0.02768166089965396
2023-08-17,5560,5580,5420,5520,18314,-0.017793594306049876
2023-08-18,5510,5800,5460,5460,13212,-0.010869565217391353
2023-08-21,5460,5580,5390,5490,12426,0.005494505494505475
2023-08-22,5500,6000,5500,5630,78044,0.02550091074681249
2023-08-23,5710,5770,5520,5520,18116,-0.019538188277087087
2023-08-24,5520,5610,5490,5550,8524,0.005434782608695565
2023-08-25,5550,5930,5550,5620,70175,0.012612612612612706
2023-08-28,5730,5770,5620,5620,15116,0.0
2023-08-29,5620,5720,5600,5720,15724,0.017793594306049876
2023-08-30,5680,5840,5670,5710,9299,-0.0017482517482517723
2023-08-31,5710,5790,5670,5670,8241,-0.007005253940455369
2023-09-01,5670,5780,5610,5690,8887,0.003527336860670305
2023-09-04,5690,5700,5610,5630,5557,-0.010544815465729385
2023-09-05,5640,5720,5600,5680,6851,0.008880994671403242
2023-09-06,5680,5740,5550,5640,7220,-0.007042253521126751
2023-09-07,5640,5700,5570,5570,7107,-0.012411347517730542
2023-09-08,5570,5670,5570,5650,5612,0.014362657091562037
2023-09-11,5590,5690,5590,5690,3816,0.0070796460176991705
2023-09-12,5680,5790,5570,5570,8343,-0.02108963093145866
2023-09-13,5600,5600,5500,5510,7364,-0.010771992818671472
2023-09-14,5520,5590,5510,5530,3962,0.003629764065335772
2023-09-15,5530,5600,5490,5530,5497,0.0
2023-09-18,5530,5550,5480,5480,8002,-0.009041591320072317
2023-09-19,5480,5550,5480,5510,2815,0.005474452554744547
2023-09-20,5510,5570,5470,5550,5399,0.007259528130671544
2023-09-21,5540,5540,5400,5400,7418,-0.027027027027026973
2023-09-22,5400,5430,5300,5320,7177,-0.014814814814814836
2023-09-25,5350,5400,5300,5310,7317,-0.001879699248120259
2023-09-26,5420,5420,5210,5210,7953,-0.01883239171374762
2023-09-27,5210,5400,5200,5400,4328,0.03646833013435691
2023-10-04,5400,5400,5220,5220,5929,-0.033333333333333326
2023-10-05,5220,5280,5160,5240,7444,0.003831417624521105
2023-10-06,5240,5290,5220,5260,4200,0.003816793893129722
2023-10-10,5260,5280,5160,5170,8038,-0.017110266159695797
2023-10-11,5170,5380,5170,5280,6922,0.02127659574468077
2023-10-12,5370,5380,5260,5260,5128,-0.0037878787878787845
2023-10-13,5360,5390,5230,5260,2982,0.0
2023-10-16,5220,5300,5210,5220,15108,-0.0076045627376425395
2023-10-17,5220,5360,5220,5240,5137,0.003831417624521105
2023-10-18,5240,5360,5210,5220,2276,-0.003816793893129722
2023-10-19,5200,5220,5130,5170,8050,-0.009578544061302652
2023-10-20,5180,5180,5000,5080,16814,-0.01740812379110257
2023-10-23,5020,5090,5020,5020,4572,-0.011811023622047223
2023-10-24,4970,5050,4970,5050,7187,0.005976095617529875
2023-10-25,5050,5240,5040,5160,8701,0.0217821782178218
2023-10-26,5070,5160,5010,5020,7323,-0.027131782945736482
2023-10-27,5020,5140,5000,5040,5549,0.003984063745019917
2023-10-30,5040,5070,5020,5070,2177,0.005952380952380931
2023-10-31,5170,5170,5020,5030,3819,-0.007889546351084853
2023-11-01,5030,5110,5010,5110,2126,0.015904572564612307
2023-11-02,5100,5180,5050,5090,16889,-0.003913894324853229
2023-11-03,5180,5230,5090,5120,8027,0.005893909626718985
2023-11-06,5170,5200,5120,5160,12593,0.0078125
2023-11-07,5250,5250,5130,5200,4162,0.007751937984496138
2023-11-08,5200,5990,5120,5180,435557,-0.0038461538461538325
2023-11-09,5150,5230,5130,5210,19119,0.005791505791505891
2023-11-10,5190,5190,5100,5180,13786,-0.0057581573896353655
2023-11-13,5180,5210,5120,5120,9962,-0.01158301158301156
2023-11-14,5100,5240,5100,5200,11405,0.015625
2023-11-15,5300,5310,5190,5230,19969,0.005769230769230749
2023-11-16,5240,5310,5240,5310,22237,0.015296367112810794
2023-11-17,5350,5360,5220,5240,23689,-0.013182674199623379
2023-11-20,5240,5370,5240,5290,13982,0.009541984732824416
2023-11-21,5300,5330,5270,5320,9733,0.005671077504725952
2023-11-22,5320,5410,5280,5310,12509,-0.001879699248120259
2023-11-23,5330,5380,5320,5340,5273,0.005649717514124353
2023-11-24,5340,5350,5280,5350,8448,0.001872659176029856
2023-11-27,5330,5350,5270,5280,7646,-0.013084112149532756
2023-11-28,5280,5400,5250,5400,10410,0.022727272727272707
2023-11-29,5410,5430,5340,5350,7874,-0.0092592592592593
2023-11-30,5440,5440,5320,5360,10112,0.0018691588785046953
2023-12-01,5310,5370,5310,5370,7254,0.001865671641791078
2023-12-04,5350,5450,5330,5330,13501,-0.007448789571694592
2023-12-05,5370,5370,5310,5350,5410,0.0037523452157599557
2023-12-06,5320,5460,5320,5440,26825,0.016822429906542036
2023-12-07,5390,5620,5390,5450,29446,0.0018382352941177516
2023-12-08,5500,5560,5460,5490,6192,0.007339449541284404
2023-12-11,5540,5600,5470,5540,14780,0.00910746812386165
2023-12-12,5570,5570,5510,5550,8276,0.0018050541516245744
2023-12-13,5540,5550,5460,5520,9862,-0.00540540540540535
2023-12-14,5480,5600,5240,5480,24627,-0.007246376811594235
2023-12-15,5440,5480,5350,5420,18925,-0.010948905109489093
2023-12-18,5460,5590,5420,5530,14997,0.02029520295202958
2023-12-19,5520,5540,5480,5490,12375,-0.007233273056057921
2023-12-20,5540,5560,5450,5560,15220,0.012750455373406133
2023-12-21,5560,5560,5450,5480,9663,-0.014388489208633115
2023-12-22,5460,5530,5450,5520,7063,0.007299270072992803
2023-12-26,5520,5530,5450,5530,12594,0.0018115942028984477
2023-12-27,5470,5470,5330,5370,19430,-0.02893309222423146
2023-12-28,5390,5410,5360,5400,4949,0.005586592178770999
2024-01-02,5440,5440,5350,5380,5926,-0.0037037037037036535
2024-01-03,5420,5420,5300,5340,5887,-0.0074349442379182396
2024-01-04,5340,5400,5310,5380,6273,0.0074906367041198685
2024-01-05,5380,5450,5380,5400,5679,0.0037174721189590088
2024-01-08,5400,5460,5380,5400,4028,0.0
2024-01-09,5380,5440,5380,5430,4555,0.005555555555555536
2024-01-10,5470,5470,5400,5450,3127,0.0036832412523020164
2024-01-11,5420,5550,5380,5450,8786,0.0
2024-01-12,5490,5500,5340,5400,14915,-0.00917431192660545
2024-01-15,5400,5410,5380,5390,1956,-0.0018518518518518823
2024-01-16,5400,5400,5340,5390,6612,0.0
2024-01-17,5340,5430,5280,5280,12049,-0.020408163265306145
2024-01-18,5280,5350,5250,5250,6502,-0.005681818181818232
2024-01-19,5300,5300,5230,5250,1924,0.0
2024-01-22,5250,5270,5200,5220,18970,-0.005714285714285672
2024-01-23,5220,5300,5200,5230,8787,0.0019157088122605526
2024-01-24,5230,5280,5200,5200,13821,-0.005736137667303964
2024-01-25,5220,5290,5190,5220,26330,0.0038461538461538325
2024-01-26,5220,5260,5170,5190,14729,-0.005747126436781658
2024-01-29,5190,5320,5170,5270,57102,0.015414258188824581
2024-01-30,5220,5470,5220,5290,50028,0.00379506641366234
2024-01-31,5290,5400,5290,5350,8139,0.011342155009451904
2024-02-01,5450,5490,5360,5450,25769,0.01869158878504673
2024-02-02,5450,5550,5360,5450,71239,0.0
2024-02-05,5420,5550,5420,5520,18295,0.012844036697247763
2024-02-06,5480,5550,5430,5440,23381,-0.01449275362318836
2024-02-07,5440,5460,5410,5460,8651,0.003676470588235281
2024-02-08,5470,5500,5430,5480,6710,0.00366300366300365
2024-02-13,5480,5580,5440,5470,27068,-0.0018248175182481452
2024-02-14,5480,5530,5380,5420,53744,-0.009140767824497242
2024-02-15,5460,5500,5390,5410,20976,-0.0018450184501844769
2024-02-16,5410,5480,5330,5480,21398,0.012939001848428777
2024-02-19,5480,5510,5460,5480,6191,0.0
2024-02-20,5480,5540,5380,5430,29236,-0.009124087591240837
2024-02-21,5460,5500,5370,5420,27072,-0.0018416206261510082
2024-02-22,5420,5500,5390,5440,70859,0.0036900369003689537
2024-02-23,5420,5480,5410,5470,6970,0.005514705882353033
2024-02-26,5470,5490,5390,5410,35193,-0.010968921389396757
2024-02-27,5430,5480,5400,5400,15393,-0.001848428835489857
2024-02-28,5380,5490,5380,5460,20485,0.011111111111111072
2024-02-29,5510,5520,5430,5460,11233,0.0
2024-03-04,5460,5520,5390,5430,26802,-0.005494505494505475
2024-03-05,5430,5470,5400,5400,7473,-0.0055248618784530246
2024-03-06,5410,5460,5380,5410,10440,0.0018518518518517713
2024-03-07,5410,5450,5380,5410,4868,0.0
2024-03-08,5410,5490,5380,5420,13549,0.001848428835489857
2024-03-11,5400,5550,5390,5530,30174,0.02029520295202958
2024-03-12,5560,5580,5470,5530,11285,0.0
2024-03-13,5510,5610,5500,5550,20245,0.003616636528029016
2024-03-14,5510,5590,5470,5550,27542,0.0
2024-03-15,5550,5570,5470,5500,22505,-0.009009009009009028
2024-03-18,5520,5530,5500,5500,7105,0.0
2024-03-19,5500,5530,5430,5430,15634,-0.012727272727272698
2024-03-20,5430,5520,5420,5490,36041,0.011049723756906049
2024-03-21,5490,5580,5460,5480,22909,-0.0018214936247723523
2024-03-22,5480,5550,5460,5480,7088,0.0
2024-03-25,5480,5520,5480,5490,8693,0.0018248175182482562
2024-03-26,5500,5540,5500,5510,10063,0.0036429872495447047
2024-03-27,5510,5570,5500,5560,12802,0.00907441016333932
2024-03-28,5550,5640,5400,5500,32213,-0.010791366906474864
2024-03-29,5500,5500,5380,5380,26988,-0.021818181818181848
2024-04-01,5380,5400,5300,5310,24091,-0.013011152416356864
2024-04-02,5310,5340,5250,5250,15268,-0.011299435028248594
2024-04-03,5250,5280,5200,5250,11661,0.0
2024-04-04,5250,5320,5210,5210,10669,-0.007619047619047636
2024-04-05,5210,5280,5190,5230,10504,0.0038387715930903177
2024-04-08,5300,5400,5180,5190,22312,-0.007648183556405397
2024-04-09,5190,5270,5180,5180,12211,-0.0019267822736031004
2024-04-11,5220,5270,5160,5190,19226,0.0019305019305020377
2024-04-12,5230,5230,5190,5230,4509,0.007707129094412402
2024-04-15,5260,5260,5220,5230,4911,0.0
2024-04-16,5270,5270,5100,5120,19796,-0.021032504780114758
2024-04-17,5100,5180,5100,5130,8749,0.001953125
2024-04-18,5200,5260,5160,5230,15419,0.01949317738791434
2024-04-19,5230,5250,5150,5170,11547,-0.01147227533460804
2024-04-22,5190,5290,5190,5260,17705,0.01740812379110257
2024-04-23,5270,5310,5210,5310,9633,0.009505703422053147
2024-04-24,5310,5340,5250,5340,7724,0.005649717514124353
2024-04-25,5340,5340,5290,5330,5516,-0.0018726591760299671
2024-04-26,5300,5330,5280,5330,2339,0.0
2024-04-29,5330,5350,5300,5330,8498,0.0
2024-04-30,5330,5360,5290,5300,5401,-0.0056285178236398226
2024-05-02,5330,5340,5300,5320,4344,0.0037735849056603765
2024-05-03,5360,5360,5300,5330,5524,0.001879699248120259
2024-05-07,5370,5390,5330,5350,11978,0.0037523452157599557
2024-05-08,5350,5400,5310,5390,3968,0.007476635514018781
2024-05-09,5410,5410,5330,5400,4695,0.0018552875695732052
2024-05-10,5400,5450,5360,5400,12964,0.0
2024-05-13,5410,5450,5370,5400,15700,0.0
2024-05-14,5370,5450,5370,5440,6685,0.007407407407407307
2024-05-16,5440,5460,5390,5440,6559,0.0
2024-05-17,5530,6240,5500,5870,734497,0.07904411764705888
2024-05-20,5970,6250,5920,6100,281509,0.03918228279386704
2024-05-21,6100,6110,5900,5900,88462,-0.032786885245901676
2024-05-22,5970,6080,5900,6040,98808,0.023728813559322104
2024-05-23,6070,6110,5760,6110,85539,0.011589403973509826
2024-05-24,6010,6230,6000,6070,101687,-0.006546644844517169
2024-05-27,6130,6150,6030,6100,56545,0.0049423393739702615
2024-05-28,6100,6140,5900,5920,81834,-0.02950819672131144
2024-05-29,5920,5970,5740,5780,57807,-0.023648648648648685
2024-05-30,5760,5950,5760,5920,36448,0.02422145328719716
2024-05-31,5880,6020,5870,5930,65337,0.0016891891891892552
2024-06-03,6000,6060,5920,6000,63348,0.01180438448566612
2024-06-04,6070,6070,5840,5910,37305,-0.015000000000000013
2024-06-05,5970,5970,5840,5870,15727,-0.006768189509306244
2024-06-07,5930,6050,5900,6020,55698,0.02555366269165238
2024-06-10,6070,7820,6030,7820,1541038,0.2990033222591362
2024-06-11,9420,9900,8050,8490,4459720,0.08567774936061379
2024-06-12,8620,8980,8310,8700,1588054,0.02473498233215543
2024-06-13,8500,8870,8450,8870,292368,0.019540229885057547
2024-06-14,8870,9310,8790,9310,523771,0.0496054114994362
2024-06-17,9090,9400,9090,9090,333703,-0.023630504833512367
2024-06-18,9370,9450,8350,8640,786901,-0.04950495049504955
2024-06-19,8590,8660,8100,8320,326631,-0.03703703703703709
2024-06-20,8250,8440,7830,8000,320432,-0.038461538461538436
2024-06-21,8000,8600,7670,8370,751880,0.0462499999999999
2024-06-24,8350,8370,7700,7820,290168,-0.06571087216248506
2024-06-25,7940,7960,7590,7790,196968,-0.0038363171355498826
2024-06-26,7760,7870,7450,7490,203476,-0.038510911424903704
2024-06-27,7510,7520,7120,7180,173042,-0.041388518024032095
2024-06-28,7200,7590,7200,7440,198668,0.0362116991643453
2024-07-01,7550,7600,6910,7020,184904,-0.056451612903225756
2024-07-02,7120,7120,6840,6900,83528,-0.017094017094017144
2024-07-03,7020,7020,6720,6870,68538,-0.004347826086956497
2024-07-04,6870,6950,6670,6690,131016,-0.026200873362445365
2024-07-05,6700,7000,6670,6910,90082,0.03288490284005974
2024-07-08,6810,7800,6810,7290,508135,0.05499276410998544
2024-07-09,7290,7290,7060,7140,77415,-0.020576131687242816
2024-07-10,7250,7250,6950,7060,66219,-0.011204481792717047
2024-07-11,7090,7400,7060,7110,72192,0.007082152974504208
2024-07-12,7110,7400,6980,7230,87718,0.016877637130801704
2024-07-15,7200,7310,7000,7010,71157,-0.03042876901798064
2024-07-16,7010,7110,6900,6930,54156,-0.011412268188302432
2024-07-17,6940,7000,6800,6850,56921,-0.011544011544011523
2024-07-18,6870,6870,6640,6780,56123,-0.010218978102189746
2024-07-19,6760,6950,6730,6800,38564,0.002949852507374562
2024-07-22,6790,6790,6560,6750,40830,-0.007352941176470562
2024-07-23,6750,6790,6630,6690,31950,-0.008888888888888835
2024-07-24,6720,6940,6640,6910,47455,0.03288490284005974
2024-07-25,6680,6830,6500,6810,57793,-0.01447178002894356
2024-07-26,6810,6810,6600,6650,57222,-0.023494860499265746
2024-07-29,6690,7240,6640,6810,117523,0.024060150375939893
2024-07-30,6810,6810,6630,6670,30200,-0.02055800293685761
2024-07-31,6700,8300,6670,7270,3337938,0.08995502248875553
2024-08-01,7240,7800,7190,7330,602090,0.008253094910591452
2024-08-02,7220,7330,6500,6720,259876,-0.08321964529331516
2024-08-05,6700,6700,5810,5940,302970,-0.1160714285714286
2024-08-06,5940,6500,5900,6150,320279,0.03535353535353525
2024-08-07,6100,6550,6100,6270,148287,0.019512195121951237
2024-08-08,6260,6350,6090,6200,88821,-0.011164274322169043
2024-08-09,6430,6620,6270,6440,98379,0.03870967741935494
2024-08-12,6550,6700,6460,6460,73604,0.0031055900621117516
2024-08-13,6500,6550,6260,6420,80768,-0.006191950464396245
2024-08-14,6520,6620,6430,6550,58244,0.02024922118380057
2024-08-16,6530,6550,6280,6300,82456,-0.03816793893129766
2024-08-19,6350,6350,6090,6230,92305,-0.011111111111111072
2024-08-20,6200,6300,6180,6280,28956,0.008025682182985605
2024-08-21,6280,6280,6160,6240,28835,-0.006369426751592355
2024-08-22,6260,6300,6090,6130,43576,-0.017628205128205177
2024-08-23,6060,6150,6040,6090,38165,-0.006525285481239762
2024-08-26,6130,6220,5830,5950,114592,-0.02298850574712641
2024-08-27,5900,6020,5810,6000,36491,0.008403361344537785
2024-08-28,6000,6060,5790,5800,94634,-0.033333333333333326
2024-08-29,5780,5860,5650,5670,79929,-0.022413793103448265
2024-08-30,5690,5760,5650,5760,44522,0.015873015873015817
2024-09-02,5720,5800,5680,5780,20422,0.003472222222222321
2024-09-03,5790,5880,5760,5830,21213,0.00865051903114189
2024-09-04,5690,5710,5600,5600,47120,-0.03945111492281306
2024-09-05,5600,5660,5500,5590,41509,-0.0017857142857142794
2024-09-06,5560,5590,5400,5440,70449,-0.02683363148479423
2024-09-09,5380,5550,5300,5530,46391,0.016544117647058876
2024-09-10,5530,5550,5480,5500,16109,-0.005424954792043413
2024-09-11,5560,5570,5460,5510,17840,0.0018181818181817189
2024-09-12,5560,5580,5500,5540,28531,0.005444646098003547
2024-09-13,5570,5620,5520,5620,10977,0.014440433212996373
2024-09-19,5650,5650,5510,5580,27953,-0.007117437722419906
2024-09-20,5580,5750,5580,5680,30403,0.017921146953405076
2024-09-23,5880,6300,5700,5800,523536,0.021126760563380254
2024-09-24,5820,6100,5820,5850,61582,0.008620689655172376
2024-09-25,5880,5950,5810,5830,62012,-0.0034188034188034067
2024-09-26,5870,5940,5810,5940,32172,0.018867924528301883
2024-09-27,5940,6030,5870,5940,40552,0.0
2024-09-30,5940,5980,5800,5800,35385,-0.023569023569023573
2024-10-02,5830,5830,5670,5670,30533,-0.022413793103448265
2024-10-04,5730,5840,5650,5730,16212,0.010582010582010692
2024-10-07,5870,5880,5730,5860,21930,0.022687609075043635
2024-10-08,5850,5920,5810,5870,17197,0.0017064846416381396
2024-10-10,5950,5950,5840,5900,18123,0.005110732538330387
2024-10-11,5910,5910,5800,5800,28727,-0.016949152542372836
2024-10-14,5810,5960,5780,5890,17846,0.01551724137931032
2024-10-15,5920,5920,5800,5850,17582,-0.006791171477079749
2024-10-16,5850,5870,5800,5850,13529,0.0
2024-10-17,5870,5870,5810,5830,16107,-0.0034188034188034067
2024-10-18,5840,5840,5630,5640,41714,-0.032590051457976
2024-10-21,5640,5710,5450,5650,36716,0.0017730496453900457
2024-10-22,5650,5660,5500,5540,31965,-0.019469026548672552
2024-10-23,5540,6660,5510,5780,678306,0.04332129963898912
2024-10-24,5870,5870,5660,5740,63547,-0.00692041522491349
2024-10-25,5740,5770,5620,5640,50560,-0.017421602787456414
2024-10-28,5680,5820,5600,5800,29386,0.028368794326241176
2024-10-29,5750,5850,5710,5750,30907,-0.008620689655172376
2024-10-30,5740,5890,5720,5810,30278,0.01043478260869568
2024-10-31,5810,5970,5760,5920,42658,0.018932874354561147
2024-11-01,5910,6940,5820,6160,1438226,0.04054054054054057
2024-11-04,6200,6410,6060,6300,187583,0.022727272727272707
2024-11-05,6250,6420,6210,6240,86713,-0.00952380952380949
2024-11-06,6190,6400,6080,6150,95364,-0.014423076923076872
2024-11-07,6140,6150,5980,6000,72012,-0.024390243902439046
2024-11-08,6020,6090,5970,5970,42783,-0.0050000000000000044
2024-11-11,5970,6000,5800,5810,43028,-0.02680067001675046
2024-11-12,5820,5850,5620,5620,52445,-0.03270223752151458
2024-11-13,5620,5650,5460,5530,45398,-0.016014234875444844
2024-11-14,5470,5620,5460,5530,29294,0.0
2024-11-15,5480,5650,5420,5560,40960,0.005424954792043302
2024-11-18,5560,5650,5440,5590,28664,0.0053956834532373765
2024-11-19,5570,5750,5570,5650,17101,0.01073345259391778
2024-11-20,5740,5920,5620,5850,58771,0.03539823008849563
2024-11-21,5760,5930,5760,5820,72981,-0.00512820512820511
2024-11-22,5820,5970,5750,5820,91554,0.0
2024-11-25,7180,7400,5920,6070,2603738,0.04295532646048117
2024-11-26,5990,6090,5860,6060,242703,-0.0016474464579900872
2024-11-27,6010,6100,5920,5920,127100,-0.02310231023102305
2024-11-28,5950,6080,5880,5890,89844,-0.0050675675675675436
2024-11-29,5850,5890,5700,5710,90208,-0.03056027164685904
2024-12-02,5740,5800,5670,5700,52348,-0.0017513134851138146
2024-12-03,5700,5960,5700,5930,60220,0.04035087719298236
2024-12-04,5860,5980,5750,5960,66674,0.005059021922428242
2024-12-05,5990,5990,5790,5880,62539,-0.01342281879194629
2024-12-06,5890,5930,5520,5690,128744,-0.03231292517006801
2024-12-09,5680,5690,5410,5410,124504,-0.04920913884007028
2024-12-10,5500,5800,5500,5750,40899,0.06284658040665425
2024-12-11,5750,5990,5750,5970,65391,0.03826086956521735
2024-12-12,5970,6220,5880,6110,224149,0.02345058626465657
2024-12-13,6020,6130,6010,6120,72129,0.0016366612111293755
2024-12-16,6070,6170,6070,6120,57976,0.0
2024-12-17,6140,6230,6090,6230,63069,0.017973856209150263
2024-12-18,6270,7200,6120,6330,1418925,0.01605136436597121
2024-12-19,6200,6330,6130,6280,116905,-0.00789889415481837
2024-12-20,6280,6340,6120,6190,79043,-0.014331210191082855
2024-12-23,6200,6360,6200,6330,64947,0.022617124394184174
2024-12-24,6290,6380,6270,6350,29757,0.003159557661927437
2024-12-26,6350,6420,6290,6320,48508,-0.0047244094488189115
2024-12-27,6200,6270,5900,5940,87435,-0.060126582278481
2024-12-30,5910,6000,5860,6000,26510,0.010101010101010166
2025-01-02,6000,6030,5930,5970,37295,-0.0050000000000000044
2025-01-03,5970,6130,5960,6120,39412,0.025125628140703515
2025-01-06,6200,6250,6090,6120,33335,0.0
2025-01-07,6130,6180,6090,6110,33069,-0.0016339869281045694
2025-01-08,6110,6130,6040,6100,16590,-0.0016366612111292644
2025-01-09,6090,6120,6020,6100,17419,0.0
2025-01-10,6110,6110,5970,6020,28785,-0.013114754098360604
2025-01-13,5960,6010,5890,5900,35942,-0.019933554817275767
2025-01-14,5890,6000,5880,5950,26982,0.008474576271186418
2025-01-15,5980,5980,5830,5940,32319,-0.001680672268907557
2025-01-16,5940,5950,5830,5850,37249,-0.015151515151515138
2025-01-17,5850,5880,5820,5860,18912,0.0017094017094017033
2025-01-20,5860,5940,5800,5830,17665,-0.005119453924914641
2025-01-21,5830,5860,5780,5840,17987,0.0017152658662091813
2025-01-22,5870,5910,5820,5900,22924,0.010273972602739656
2025-01-23,5950,5950,5780,5780,25370,-0.02033898305084747
2025-01-24,5780,5810,5770,5790,21605,0.0017301038062282892
2025-01-31,5800,5830,5720,5830,25039,0.006908462867012188
2025-02-03,5760,5810,5610,5630,34301,-0.03430531732418529
2025-02-04,5630,5760,5630,5720,36695,0.015985790408525657
2025-02-05,5730,5800,5730,5780,15995,0.010489510489510412
2025-02-06,5810,5990,5800,5960,54308,0.03114186851211076
2025-02-07,5960,5980,5850,5920,28700,-0.006711409395973145
2025-02-10,5920,5990,5830,5930,19435,0.0016891891891892552
2025-02-11,5930,5990,5900,5960,18938,0.005059021922428242
2025-02-12,5980,6020,5920,5950,29981,-0.001677852348993314
2025-02-13,6020,6020,5930,5970,20981,0.003361344537815114
2025-02-14,6000,6040,5950,6030,40954,0.01005025125628145
2025-02-17,6010,6170,6010,6060,46811,0.004975124378109541
2025-02-18,6090,6200,6070,6130,48326,0.011551155115511635
2025-02-19,6180,6200,6130,6150,33054,0.0032626427406199365
2025-02-20,6110,6250,6110,6210,50708,0.009756097560975618
2025-02-21,6210,6380,6190,6280,76995,0.011272141706924366
2025-02-24,6210,6320,6140,6140,45135,-0.022292993630573243
2025-02-25,6190,6190,6100,6150,29510,0.0016286644951140072
2025-02-26,6200,6280,6130,6230,31240,0.01300813008130075
2025-02-27,6250,6280,6150,6180,32492,-0.008025682182985605
2025-02-28,6100,6170,6040,6060,39311,-0.01941747572815533
2025-03-04,6060,6090,5940,6020,31012,-0.0066006600660065695
2025-03-05,6090,6170,6040,6120,29803,0.01661129568106312
2025-03-06,6130,6300,6110,6270,50258,0.02450980392156854
2025-03-07,6260,6440,6210,6380,81083,0.01754385964912286
2025-03-10,6380,6430,6270,6330,39047,-0.00783699059561127
2025-03-11,6250,6370,6160,6340,45022,0.0015797788309637184
2025-03-12,6430,6430,6120,6200,133816,-0.02208201892744477
2025-03-13,6210,6250,6050,6050,130760,-0.024193548387096753
2025-03-14,6040,6160,6040,6090,53008,0.006611570247933907
2025-03-17,6130,6280,6090,6200,42758,0.01806239737274229
2025-03-18,6190,6350,6190,6320,71384,0.019354838709677358
2025-03-19,6320,6600,6280,6430,115627,0.017405063291139333
2025-03-20,6450,6630,6410,6490,73448,0.009331259720062102
2025-03-21,6490,6490,6340,6450,48262,-0.006163328197226536
2025-03-24,6420,6530,6330,6500,58657,0.007751937984496138
2025-03-25,6480,6540,6320,6350,49182,-0.023076923076923106
2025-03-26,6340,6430,6300,6350,34708,0.0
2025-03-27,6350,6680,6290,6500,111406,0.023622047244094446
2025-03-28,6500,6650,6410,6650,93569,0.023076923076922995
2025-03-31,6740,6740,6500,6520,89288,-0.019548872180451093
2025-04-01,6620,6680,6550,6600,53735,0.012269938650306678
2025-04-02,6680,6960,6600,6960,143848,0.05454545454545445
2025-04-03,6790,6850,6520,6590,138939,-0.053160919540229834
2025-04-04,6390,6770,6390,6710,58231,0.018209408194233667
2025-04-07,6600,6600,6300,6300,78304,-0.06110283159463492
2025-04-08,6350,6420,6270,6380,74673,0.012698412698412653
2025-04-09,6320,6500,6160,6210,69495,-0.026645768025078342
2025-04-10,6450,6510,6300,6460,62692,0.040257648953301084
2025-04-11,6360,6670,6360,6640,45364,0.02786377708978338
2025-04-14,6630,6790,6580,6790,58401,0.02259036144578319
2025-04-15,6720,6890,6710,6890,51841,0.014727540500736325
2025-04-16,6840,6900,6730,6850,47951,-0.005805515239477477
2025-04-17,6900,7090,6820,6980,55920,0.01897810218978102
2025-04-18,6980,7100,6880,6940,36406,-0.005730659025787954
2025-04-21,6950,7000,6510,6960,50425,0.0028818443804035088
2025-04-22,6960,7060,6820,6850,61530,-0.015804597701149392
2025-04-23,6940,7040,6750,6900,33965,0.007299270072992803
2025-04-24,7050,7050,6850,6980,45668,0.011594202898550732
2025-04-25,7040,7080,6910,7070,31052,0.012893982808023008
2025-04-28,7070,7110,6930,6960,38373,-0.01555869872701554
2025-04-29,6950,7050,6850,7030,26962,0.010057471264367734
2025-04-30,7090,7110,6940,7030,28942,0.0
2025-05-02,7030,7040,6960,7040,14995,0.0014224751066855834
2025-05-07,7020,7090,6800,7040,41690,0.0
2025-05-08,7030,7040,6870,6930,25248,-0.015625
2025-05-09,6870,6970,6820,6900,52594,-0.0043290043290042934
2025-05-12,6900,7000,6860,6930,41385,0.004347826086956497
2025-05-13,6920,6920,6810,6850,25087,-0.011544011544011523
2025-05-14,6870,6890,6800,6890,24272,0.005839416058394109
2025-05-15,6860,6890,6680,6700,64703,-0.027576197387518153
2025-05-16,6700,6750,6580,6630,39448,-0.010447761194029903
2025-05-19,6570,6570,6440,6490,81815,-0.021116138763197623
2025-05-20,6580,6600,6510,6520,18387,0.0046224961479199855
2025-05-21,6510,6740,6510,6740,35153,0.033742331288343586
2025-05-22,6740,6760,6640,6730,15883,-0.0014836795252225476
2025-05-23,6650,6850,6610,6670,30627,-0.008915304606240682
2025-05-26,6750,6880,6740,6840,22841,0.025487256371814038
2025-05-27,6860,6890,6780,6850,25041,0.0014619883040936088
2025-05-28,6820,6880,6790,6820,22518,-0.004379562043795637
2025-05-29,6820,7220,6820,7100,137905,0.04105571847507328
2025-05-30,7090,7230,6980,6990,47443,-0.015492957746478853
2025-06-02,7110,7110,6980,6990,25887,0.0
2025-06-04,7140,7210,7050,7210,46862,0.03147353361945626
2025-06-05,7200,7300,7150,7280,41439,0.009708737864077666
2025-06-09,7280,7470,7280,7420,35530,0.019230769230769162
2025-06-10,7480,7480,7170,7270,36493,-0.020215633423180557
2025-06-11,7300,7400,7130,7220,45590,-0.00687757909215958
2025-06-12,7280,7340,7120,7250,64624,0.0041551246537396835
2025-06-13,7240,7240,6920,6980,70913,-0.03724137931034488
2025-06-16,7080,7080,6880,7010,43038,0.004297994269341077
2025-06-17,7000,7050,6880,7010,50015,0.0
2025-06-18,7050,7070,6850,6980,30741,-0.004279600570613384
2025-06-19,6980,7020,6870,6940,17390,-0.005730659025787954
2025-06-20,6980,7000,6890,6950,15184,0.0014409221902016434
2025-06-23,6960,6960,6820,6930,59663,-0.0028776978417266452
2025-06-24,6930,7070,6880,7070,32182,0.02020202020202011
2025-06-25,7060,7060,6920,6990,26822,-0.011315417256011262
2025-06-26,7000,7000,6750,6820,45213,-0.024320457796852657
2025-06-27,6880,6880,6720,6780,23464,-0.0058651026392961825
2025-06-30,6800,6950,6800,6930,21193,0.022123893805309658
2025-07-01,6930,7430,6910,7210,221951,0.04040404040404044
2025-07-02,7320,8900,7170,8080,3381871,0.12066574202496527
2025-07-03,8260,8440,7970,8100,552795,0.0024752475247524774
2025-07-04,7990,8000,7600,7680,271914,-0.051851851851851816
2025-07-07,8200,8310,7920,8170,792464,0.06380208333333326
2025-07-08,7950,8050,7830,7880,235534,-0.03549571603427171
2025-07-09,7940,8180,7870,7910,240837,0.0038071065989848663
2025-07-10,7960,7990,7850,7870,107314,-0.005056890012642201
2025-07-11,7960,7960,7740,7850,104423,-0.0025412960609910717
2025-07-14,7840,8080,7600,7810,167456,-0.005095541401273884
2025-07-15,7760,7940,7660,7690,79929,-0.015364916773367487
