Date,Open,High,Low,Close,Volume,Change
2022-01-03,44850,45450,44400,45350,132626,0.024858757062146797
2022-01-04,45050,45850,45000,45750,75673,0.008820286659316334
2022-01-05,45400,46050,44450,44450,97095,-0.02841530054644814
2022-01-06,44000,44850,43850,44600,64929,0.003374578177727683
2022-01-07,44600,45300,44000,44750,55860,0.0033632286995515237
2022-01-10,45050,46000,44650,46000,180913,0.027932960893854775
2022-01-11,46150,46300,45000,45000,108432,-0.021739130434782594
2022-01-12,45100,46900,45050,46800,146129,0.040000000000000036
2022-01-13,46950,48200,46900,47900,200418,0.02350427350427342
2022-01-14,47750,48100,46800,47200,95261,-0.014613778705636737
2022-01-17,47200,49400,47000,48300,201009,0.02330508474576276
2022-01-18,48300,50500,48300,48800,227136,0.010351966873705987
2022-01-19,48500,50500,48500,49300,182233,0.010245901639344357
2022-01-20,50000,50400,49200,49500,63636,0.0040567951318457585
2022-01-21,49350,49900,48900,49100,110181,-0.008080808080808133
2022-01-24,49200,49500,47700,47800,75275,-0.02647657841140527
2022-01-25,47850,48300,46700,46950,83862,-0.01778242677824271
2022-01-26,47500,48150,46100,46300,122420,-0.013844515441959526
2022-01-27,46800,47000,45100,45200,93065,-0.023758099352051865
2022-01-28,45300,47500,45050,47500,81163,0.05088495575221241
2022-02-03,48300,48950,47950,48000,68323,0.010526315789473717
2022-02-04,48450,49150,48050,48800,52641,0.016666666666666607
2022-02-07,48550,49300,48000,49100,55744,0.006147540983606481
2022-02-08,49300,49750,47400,48100,116724,-0.020366598778004064
2022-02-09,48600,48900,47750,48350,40546,0.005197505197505281
2022-02-10,48050,50700,48050,50000,144885,0.03412616339193386
2022-02-11,50800,51800,49800,51300,239140,0.026000000000000023
2022-02-14,50600,51300,48850,49000,132966,-0.04483430799220278
2022-02-15,48900,49400,47550,48200,88456,-0.01632653061224487
2022-02-16,48500,49950,48500,49500,69529,0.026970954356846377
2022-02-17,50000,50700,48850,49700,88951,0.004040404040404066
2022-02-18,49000,51300,49000,50900,91794,0.024144869215291687
2022-02-21,50800,53500,50200,53200,190531,0.04518664047151266
2022-02-22,52600,54100,52200,53000,127104,-0.003759398496240629
2022-02-23,53600,55200,53100,54500,157005,0.028301886792452935
2022-02-24,54000,55000,53500,53700,114861,-0.014678899082568808
2022-02-25,53800,54400,53000,53300,88425,-0.007448789571694592
2022-02-28,53000,54100,52400,52900,82394,-0.007504690431519689
2022-03-02,52500,53300,52300,52500,77490,-0.007561436672967825
2022-03-03,52700,55300,52200,55100,159178,0.049523809523809526
2022-03-04,55300,56300,54800,56000,118909,0.016333938294010864
2022-03-07,55600,57000,54900,55000,108048,-0.017857142857142905
2022-03-08,54500,56400,53800,55200,110292,0.0036363636363636598
2022-03-10,56800,59700,56200,59500,333821,0.0778985507246377
2022-03-11,59300,60000,58400,59500,160015,0.0
2022-03-14,59300,60600,58300,58600,113565,-0.015126050420168013
2022-03-15,58000,59200,56500,56800,155298,-0.030716723549488067
2022-03-16,57000,58300,56400,58000,128559,0.021126760563380254
2022-03-17,58900,59100,57000,57000,97713,-0.017241379310344862
2022-03-18,57000,57600,56200,57200,81691,0.0035087719298245723
2022-03-21,57200,58800,56600,58200,104086,0.0174825174825175
2022-03-22,58900,59000,58000,58300,75981,0.0017182130584192379
2022-03-23,58500,58500,57400,58000,66700,-0.005145797598627766
2022-03-24,57500,57900,56700,57800,119579,-0.0034482758620689724
2022-03-25,57600,58200,56700,57300,88475,-0.00865051903114189
2022-03-28,56800,58600,56700,58300,80755,0.017452006980802848
2022-03-29,58600,58700,57400,58000,48871,-0.005145797598627766
2022-03-30,57800,58000,56200,56200,112423,-0.03103448275862064
2022-03-31,56300,57300,56200,57000,46997,0.014234875444839812
2022-04-01,56500,57000,55100,55500,114359,-0.02631578947368418
2022-04-04,55200,55900,54900,55800,67039,0.00540540540540535
2022-04-05,56000,56100,55200,55500,43471,-0.005376344086021501
2022-04-06,55500,56600,54800,56300,89597,0.01441441441441449
2022-04-07,55700,56200,54100,54500,93443,-0.03197158081705154
2022-04-08,54500,55100,54100,54800,43238,0.005504587155963359
2022-04-11,54300,55900,54100,55500,56800,0.012773722627737127
2022-04-12,55500,55700,54300,54900,45814,-0.010810810810810811
2022-04-13,55100,55500,54300,54800,48193,-0.0018214936247723523
2022-04-14,55200,56200,54400,55000,74792,0.0036496350364962904
2022-04-15,54600,55400,53900,54200,98094,-0.014545454545454528
2022-04-18,54000,54500,53300,54000,102038,-0.0036900369003689537
2022-04-19,53700,54300,53400,53700,51899,-0.005555555555555536
2022-04-20,53700,53800,52300,52700,95461,-0.01862197392923648
2022-04-21,53500,54100,52800,53600,47889,0.017077798861480087
2022-04-22,53200,53600,52500,52500,61814,-0.020522388059701524
2022-04-25,51900,52800,50800,52000,76783,-0.00952380952380949
2022-04-26,51700,52500,51000,51100,47485,-0.017307692307692357
2022-04-27,50500,52600,50400,51200,64955,0.001956947162426559
2022-04-28,51200,53600,51100,53000,73554,0.03515625
2022-04-29,53000,53600,52600,53600,45128,0.01132075471698113
2022-05-02,52800,53500,52500,53000,35877,-0.011194029850746245
2022-05-03,52800,54500,52600,53600,55152,0.01132075471698113
2022-05-04,53100,53900,53000,53100,30658,-0.009328358208955279
2022-05-06,52600,52900,51500,51800,48668,-0.024482109227871973
2022-05-09,51200,51800,49550,50000,83020,-0.03474903474903479
2022-05-10,49250,50500,47500,50500,94021,0.010000000000000009
2022-05-11,50100,50200,48150,48500,99932,-0.03960396039603964
2022-05-12,47800,48500,46900,47600,108607,-0.01855670103092788
2022-05-13,48500,49250,47700,48900,42804,0.027310924369747802
2022-05-16,49050,49350,47600,48550,61805,-0.007157464212678932
2022-05-17,48950,50300,48500,49800,103801,0.025746652935118464
2022-05-18,49950,50000,47850,47850,78260,-0.03915662650602414
2022-05-19,47200,47700,46350,47700,111584,-0.0031347962382445305
2022-05-20,47800,48850,47800,48800,57154,0.023060796645702375
2022-05-23,48850,49000,48250,49000,24638,0.004098360655737654
2022-05-24,47750,49100,47750,47850,42352,-0.02346938775510199
2022-05-25,48450,49500,48050,48750,74482,0.018808777429467183
2022-05-26,49550,49550,48350,48600,44469,-0.003076923076923088
2022-05-27,49250,49400,46950,47600,130184,-0.020576131687242816
2022-05-30,48100,50300,48100,49950,125681,0.04936974789915971
2022-05-31,49600,50200,49300,49600,53897,-0.00700700700700696
2022-06-02,49500,50300,48700,49950,67121,0.007056451612903247
2022-06-03,49750,50300,49050,49450,36026,-0.010010010010010006
2022-06-07,49900,49900,48200,48400,48272,-0.02123356926188069
2022-06-08,48400,49200,48050,48600,33058,0.004132231404958775
2022-06-09,48500,48900,48050,48600,53270,0.0
2022-06-10,48850,49900,48150,49700,87997,0.02263374485596703
2022-06-13,48800,48800,46250,46300,99800,-0.06841046277665996
2022-06-14,46000,46100,42700,44400,146659,-0.04103671706263501
2022-06-15,44650,45400,43700,44200,85580,-0.0045045045045044585
2022-06-16,44650,44800,41850,41850,172286,-0.05316742081447967
2022-06-17,40500,42350,40450,42000,123339,0.0035842293906809264
2022-06-20,42200,42350,39450,39900,100204,-0.050000000000000044
2022-06-21,40450,40650,39000,39850,107550,-0.0012531328320801727
2022-06-22,40300,40300,38000,38250,130659,-0.04015056461731492
2022-06-23,38250,38900,36250,36450,138296,-0.04705882352941182
2022-06-24,37000,38550,36450,38450,104423,0.054869684499314175
2022-06-27,38800,39200,38400,38900,53909,0.011703511053315907
2022-06-28,38800,40250,38600,39300,47368,0.010282776349614497
2022-06-29,38600,39550,38600,39300,46861,0.0
2022-06-30,39500,39950,38800,39000,58497,-0.007633587786259555
2022-07-01,39100,40950,39100,39750,78045,0.019230769230769162
2022-07-04,40300,40300,37950,38650,89733,-0.02767295597484276
2022-07-05,39000,39400,38300,38750,84215,0.002587322121604174
2022-07-06,38450,38650,37450,37450,71167,-0.03354838709677421
2022-07-07,37950,39150,37650,38600,42374,0.030707610146862407
2022-07-08,38700,41400,38700,40800,145375,0.05699481865284972
2022-07-11,41200,41300,39250,39600,66779,-0.02941176470588236
2022-07-12,39700,39800,37800,38500,71609,-0.02777777777777779
2022-07-13,38650,38700,37500,38100,45428,-0.010389610389610393
2022-07-14,37800,39700,37700,38800,60675,0.018372703412073532
2022-07-15,39100,39500,37600,38100,35393,-0.01804123711340211
2022-07-18,38450,39900,38200,39300,61481,0.03149606299212593
2022-07-19,39150,40350,39150,39800,62032,0.012722646310432628
2022-07-20,40150,40500,39750,40250,162863,0.011306532663316604
2022-07-21,40200,40300,39850,39850,29865,-0.009937888198757738
2022-07-22,39950,40450,39700,39750,71126,-0.0025094102885822034
2022-07-25,40300,40300,39500,39500,38668,-0.0062893081761006275
2022-07-26,39500,40950,39350,40850,74342,0.03417721518987338
2022-07-27,40850,40950,40200,40450,28466,-0.009791921664626724
2022-07-28,41000,41200,40250,40350,41139,-0.0024721878862793423
2022-07-29,40350,41050,40200,40300,60010,-0.0012391573729864103
2022-08-01,40200,40800,40150,40700,28527,0.00992555831265518
2022-08-02,40400,41000,40250,40400,29894,-0.0073710073710073765
2022-08-03,40450,40650,39950,40100,34088,-0.007425742574257432
2022-08-04,40450,40550,39900,40150,36311,0.0012468827930174342
2022-08-05,40150,41100,40000,40750,46389,0.014943960149439661
2022-08-08,40800,40800,40250,40450,23972,-0.007361963190184007
2022-08-09,41200,41800,40400,40550,66440,0.0024721878862794533
2022-08-10,40800,42000,40800,41700,135944,0.02836004932182501
2022-08-11,42350,42350,40750,41300,89958,-0.00959232613908878
2022-08-12,41300,42500,41300,42500,77121,0.029055690072639306
2022-08-16,42600,42900,41100,41400,71228,-0.025882352941176467
2022-08-17,41700,41750,40950,41200,113603,-0.004830917874396157
2022-08-18,40800,41100,39850,40150,91359,-0.025485436893203928
2022-08-19,39900,40300,39300,39650,80413,-0.012453300124533051
2022-08-22,39200,39200,36700,36700,298120,-0.07440100882723832
2022-08-23,36300,37100,36150,36250,111932,-0.012261580381471404
2022-08-24,36400,36850,35700,36700,118796,0.012413793103448256
2022-08-25,36450,37750,36400,37450,113167,0.02043596730245234
2022-08-26,37550,37900,37000,37450,88518,0.0
2022-08-29,36000,36550,35900,36400,87712,-0.028037383177570097
2022-08-30,36400,37350,36400,36950,73832,0.015109890109890056
2022-08-31,36550,36950,36400,36950,95595,0.0
2022-09-01,36700,37300,36350,36850,77905,-0.0027063599458727605
2022-09-02,37100,37300,36600,36700,93014,-0.004070556309362261
2022-09-05,37050,37650,36750,37000,74609,0.008174386920980936
2022-09-06,37000,37150,36050,36500,50553,-0.013513513513513487
2022-09-07,36250,36350,34200,34650,163036,-0.05068493150684927
2022-09-08,34900,35150,34400,34700,64090,0.0014430014430013571
2022-09-13,35150,35450,35050,35350,65946,0.018731988472622474
2022-09-14,34300,34600,33350,33850,134296,-0.042432814710042455
2022-09-15,33950,34050,33500,33900,70933,0.001477104874446189
2022-09-16,33700,34350,33550,33750,75981,-0.004424778761061954
2022-09-19,33650,33650,31950,32850,118509,-0.026666666666666616
2022-09-20,33000,33500,33000,33350,38188,0.015220700152207112
2022-09-21,33150,34100,33000,33450,93613,0.0029985007496251548
2022-09-22,33000,33400,31800,32500,92133,-0.02840059790732441
2022-09-23,33650,36600,32650,33550,528271,0.03230769230769237
2022-09-26,33050,33150,29750,29850,278642,-0.11028315946348732
2022-09-27,30000,31200,29650,31200,130359,0.045226130653266416
2022-09-28,31100,33550,30800,31600,204845,0.012820512820512775
2022-09-29,32650,32900,30050,30050,194669,-0.049050632911392444
2022-09-30,30050,31750,29750,30600,115641,0.01830282861896837
2022-10-04,30800,31550,30500,30800,76824,0.006535947712418277
2022-10-05,31150,31350,30000,30250,89956,-0.017857142857142905
2022-10-06,30500,31650,30350,31150,42269,0.02975206611570247
2022-10-07,31050,31500,30450,30450,60356,-0.022471910112359605
2022-10-11,30100,30400,28300,28750,114853,-0.05582922824302139
2022-10-12,28500,30600,28150,30350,88383,0.05565217391304356
2022-10-13,29800,30450,29200,29300,74138,-0.034596375617792385
2022-10-14,29600,30150,29600,30100,54552,0.027303754266211566
2022-10-17,29200,29250,28600,28950,186169,-0.038205980066445155
2022-10-18,29250,30700,29150,30650,113251,0.058721934369602824
2022-10-19,30700,30700,29900,29900,77774,-0.024469820554649302
2022-10-20,29550,30250,29550,30000,56621,0.0033444816053511683
2022-10-21,29750,30450,29400,30150,95305,0.004999999999999893
2022-10-24,30650,31300,30300,30600,70500,0.014925373134328401
2022-10-25,30900,30900,30300,30350,46801,-0.008169934640522847
2022-10-26,30400,30650,30050,30100,60556,-0.008237232289950547
2022-10-27,30700,31350,30500,31250,64415,0.038205980066445155
2022-10-28,30900,31750,30900,31600,59495,0.011200000000000099
2022-10-31,31750,31750,31300,31550,40867,-0.0015822784810126667
2022-11-01,31550,32650,31050,32400,61564,0.02694136291600624
2022-11-02,32050,32800,31800,32300,64116,-0.0030864197530864335
2022-11-03,31700,32450,31350,32000,114606,-0.009287925696594423
2022-11-04,32000,33000,31900,32750,86163,0.0234375
2022-11-07,32750,33000,32150,32300,49855,-0.013740458015267132
2022-11-08,32300,33300,32300,33050,60801,0.023219814241486114
2022-11-09,33500,33600,33000,33150,35372,0.00302571860816947
2022-11-10,33400,33600,32850,33050,34296,-0.003016591251885359
2022-11-11,33750,34350,33000,33750,85508,0.021180030257186067
2022-11-14,33500,34500,33500,34000,61509,0.007407407407407307
2022-11-15,34700,35400,34050,34650,79847,0.01911764705882346
2022-11-16,34900,35000,33500,33850,64394,-0.023088023088023046
2022-11-17,34050,34350,32800,32800,43761,-0.03101920236336775
2022-11-18,32600,33100,32450,32500,46470,-0.009146341463414642
2022-11-21,32650,32700,32050,32200,49815,-0.009230769230769265
2022-11-22,32350,33200,31900,32650,42331,0.013975155279503104
2022-11-23,33100,33500,32450,32700,33353,0.0015313935681469104
2022-11-24,32900,32900,32050,32250,41391,-0.013761467889908285
2022-11-25,32100,32750,32100,32600,18670,0.010852713178294504
2022-11-28,32400,34650,32000,34400,134942,0.05521472392638027
2022-11-29,34450,35150,34050,34200,68595,-0.005813953488372103
2022-11-30,34200,34700,34050,34150,43491,-0.0014619883040936088
2022-12-01,34150,35150,34050,34050,84817,-0.002928257686676372
2022-12-02,34250,34300,32850,33050,73232,-0.029368575624082238
2022-12-05,32950,33300,32500,32750,33393,-0.009077155824508298
2022-12-06,32750,32950,31250,31300,82931,-0.04427480916030535
2022-12-07,31300,31450,29050,29650,259554,-0.05271565495207664
2022-12-08,29850,30050,29300,30000,91133,0.01180438448566612
2022-12-09,29850,30250,29400,30100,86905,0.0033333333333334103
2022-12-12,30050,30100,29200,29350,70650,-0.02491694352159468
2022-12-13,29400,29750,29400,29650,35167,0.010221465076660996
2022-12-14,29950,30700,29700,29800,79820,0.005059021922428242
2022-12-15,29900,30500,29850,29850,63445,0.001677852348993314
2022-12-16,29650,29650,28950,29250,134785,-0.02010050251256279
2022-12-19,29250,29500,28900,29400,33625,0.00512820512820511
2022-12-20,29100,29450,28700,28950,63363,-0.015306122448979553
2022-12-21,29150,29200,28050,28600,108537,-0.012089810017271163
2022-12-22,28700,30300,28700,30250,120689,0.05769230769230771
2022-12-23,29700,30000,29200,29200,118808,-0.034710743801652844
2022-12-26,29450,29750,28950,29250,111183,0.001712328767123239
2022-12-27,29250,30400,29200,30200,191853,0.032478632478632585
2022-12-28,29500,29850,29250,29500,148370,-0.023178807947019875
2022-12-29,29300,29350,27900,28200,140473,-0.04406779661016946
2023-01-02,28200,28450,26600,26800,100855,-0.049645390070921946
2023-01-03,26600,27000,25500,26500,115753,-0.011194029850746245
2023-01-04,26350,27250,25900,27150,80780,0.02452830188679256
2023-01-05,30650,34800,29000,32750,2822472,0.20626151012891336
2023-01-06,32550,34000,32350,33150,766931,0.012213740458015376
2023-01-09,33850,34950,33550,34050,502937,0.02714932126696823
2023-01-10,34150,34700,33350,33550,252841,-0.014684287812041119
2023-01-11,33700,34600,33350,34250,264399,0.02086438152011927
2023-01-12,34750,35500,34400,35050,326620,0.023357664233576658
2023-01-13,35100,35250,33600,33650,336246,-0.03994293865905851
2023-01-16,33900,34200,33600,34050,167521,0.011887072808320909
2023-01-17,34500,35850,34250,35000,393235,0.027900146842878115
2023-01-18,35000,35050,33750,34250,205237,-0.021428571428571463
2023-01-19,33900,34450,33600,34100,121231,-0.004379562043795637
2023-01-20,34200,35400,34150,35000,164535,0.02639296187683282
2023-01-25,35350,36450,35150,36200,259524,0.03428571428571425
2023-01-26,36400,36400,35200,35650,221468,-0.015193370165745845
2023-01-27,35950,36500,35450,36050,178797,0.011220196353436185
2023-01-30,36050,36100,34700,34750,181665,-0.03606102635228847
2023-01-31,34350,34900,34050,34800,147928,0.0014388489208632116
2023-02-01,34700,35350,34100,34850,119611,0.001436781609195359
2023-02-02,35300,35350,34400,34800,123464,-0.0014347202295552641
2023-02-03,35350,36100,34950,35100,171150,0.008620689655172376
2023-02-06,35000,35250,33800,34700,119485,-0.01139601139601143
2023-02-07,34450,34750,34150,34400,125001,-0.008645533141210415
2023-02-08,34550,35200,34150,35050,128049,0.018895348837209225
2023-02-09,35050,38600,34700,37600,565139,0.07275320970042798
2023-02-10,37900,38350,37000,37050,209361,-0.0146276595744681
2023-02-13,37050,37150,35350,35950,207812,-0.029689608636977005
2023-02-14,35950,36250,35600,35750,127152,-0.0055632823365785455
2023-02-15,35900,36550,35350,35400,151725,-0.009790209790209836
2023-02-16,35950,37750,35900,37650,336266,0.06355932203389836
2023-02-17,40000,48300,39900,46650,4889266,0.23904382470119523
2023-02-20,48800,49400,46100,47200,1352399,0.011789924973204746
2023-02-21,46800,48200,46000,47300,819764,0.0021186440677967155
2023-02-22,46500,47200,45200,45600,546391,-0.03594080338266381
2023-02-23,45600,45750,43000,43950,670280,-0.03618421052631582
2023-02-24,44350,45600,42850,43550,921337,-0.009101251422070522
2023-02-27,43350,44600,42700,43550,512159,0.0
2023-02-28,45550,47400,43600,43900,1246706,0.008036739380022917
2023-03-02,43900,48000,43500,45900,2103506,0.04555808656036442
2023-03-03,46450,46450,44550,45700,738458,-0.004357298474945481
2023-03-06,46600,46800,44550,45300,632122,-0.008752735229759279
2023-03-07,44700,46950,43650,45700,777631,0.008830022075055233
2023-03-08,44850,46500,44500,44950,546464,-0.01641137855579866
2023-03-09,45900,46600,43850,44650,542662,-0.006674082313681828
2023-03-10,43700,44200,42600,42650,385014,-0.044792833146696576
2023-03-13,41750,42500,40350,42400,421074,-0.0058616647127783805
2023-03-14,42850,43350,40500,40500,432975,-0.04481132075471694
2023-03-15,41500,42600,41200,41850,357998,0.03333333333333344
2023-03-16,41450,41450,40300,40750,294932,-0.02628434886499398
2023-03-17,41200,41700,39950,41100,331627,0.008588957055214674
2023-03-20,40350,41400,40200,41000,202705,-0.0024330900243308973
2023-03-21,41100,42300,41100,41800,279368,0.019512195121951237
2023-03-22,42300,42750,41000,41250,284421,-0.013157894736842146
2023-03-23,40700,42200,40250,41400,346215,0.0036363636363636598
2023-03-24,42250,44500,41700,42350,662555,0.022946859903381744
2023-03-27,42600,43700,40700,41000,551640,-0.031877213695395534
2023-03-28,41400,41450,40500,41150,237706,0.003658536585365857
2023-03-29,41200,41300,40500,40850,221828,-0.007290400972053468
2023-03-30,41150,41150,39300,40550,342265,-0.007343941248470043
2023-03-31,40600,40950,39700,40750,219620,0.004932182490752224
2023-04-03,41150,42350,40800,41500,403778,0.018404907975460016
2023-04-04,41650,42900,41300,42100,427445,0.014457831325301207
2023-04-05,42450,42500,40650,41800,279230,-0.0071258907363420665
2023-04-06,41800,42200,40200,40400,373578,-0.03349282296650713
2023-04-07,40800,41700,40300,40900,231063,0.012376237623762387
2023-04-10,40850,40950,39550,40000,394301,-0.022004889975550168
2023-04-11,40000,40900,39400,40700,226825,0.01750000000000007
2023-04-12,40700,41500,40150,40500,210052,-0.004914004914004955
2023-04-13,40200,40300,39300,39850,192871,-0.016049382716049387
2023-04-14,39900,40800,39750,40550,199767,0.017565872020075313
2023-04-17,40900,41200,40250,41100,207506,0.013563501849568338
2023-04-18,41400,41400,40000,40450,194968,-0.015815085158150888
2023-04-19,40450,42300,40400,40550,397457,0.0024721878862794533
2023-04-20,40550,40550,38150,38300,367980,-0.055487053020961796
2023-04-21,38500,38700,37300,38400,152940,0.0026109660574411553
2023-04-24,38200,38600,37450,37700,144184,-0.01822916666666663
2023-04-25,37650,38000,36750,37000,146361,-0.018567639257294433
2023-04-26,36800,37450,36600,36800,95556,-0.00540540540540535
2023-04-27,37000,37350,35750,37200,129073,0.010869565217391353
2023-04-28,37750,37750,36650,37050,87446,-0.0040322580645161255
2023-05-02,37000,37950,36800,37800,92028,0.020242914979757165
2023-05-03,37350,37850,36900,37000,77892,-0.021164021164021163
2023-05-04,37000,37500,36650,37400,71427,0.0108108108108107
2023-05-08,37400,37900,37000,37200,68329,-0.005347593582887722
2023-05-09,37300,37550,36700,37500,76976,0.008064516129032251
2023-05-10,37500,37500,36500,36600,101369,-0.02400000000000002
2023-05-11,36750,37600,36700,36850,97596,0.006830601092896238
2023-05-12,36750,36800,35900,36250,83282,-0.016282225237449155
2023-05-15,36100,36300,35500,36250,88837,0.0
2023-05-16,36550,36750,35800,36050,83287,-0.0055172413793103114
2023-05-17,35750,37100,35750,37000,107481,0.026352288488210807
2023-05-18,37050,38350,37000,38300,142437,0.03513513513513522
2023-05-19,38500,38550,37750,38200,94277,-0.0026109660574412663
2023-05-22,38500,38950,38350,38650,90023,0.011780104712041828
2023-05-23,38900,39250,38600,38900,106892,0.0064683053040104355
2023-05-24,38750,40000,38450,39300,144104,0.010282776349614497
2023-05-25,39050,39250,37850,37950,121423,-0.03435114503816794
2023-05-26,37700,38150,37500,37850,64511,-0.0026350461133070047
2023-05-30,37850,38250,36600,36950,120054,-0.023778071334214057
2023-05-31,36900,37300,36600,37000,93364,0.0013531799729364913
2023-06-01,37150,37250,36600,36900,62454,-0.002702702702702675
2023-06-02,37000,37350,36600,37150,66465,0.006775067750677488
2023-06-05,37200,37950,37200,37700,55178,0.014804845222072593
2023-06-07,37500,39100,37500,38650,125050,0.025198938992042397
2023-06-08,38200,38650,38050,38550,82563,-0.002587322121604174
2023-06-09,38900,39400,38350,38550,169069,0.0
2023-06-12,38800,39100,37850,38250,87660,-0.0077821011673151474
2023-06-13,38250,38850,38250,38550,55847,0.007843137254901933
2023-06-14,38600,38600,36250,36750,295303,-0.046692607003890996
2023-06-15,36800,37700,34500,35250,398262,-0.04081632653061229
2023-06-16,35400,36350,35250,36000,206119,0.02127659574468077
2023-06-19,35750,36450,35750,36350,128029,0.009722222222222188
2023-06-20,36350,36450,35600,35950,85441,-0.011004126547455306
2023-06-21,36150,36200,35100,35600,79458,-0.009735744089012566
2023-06-22,35500,35850,35200,35500,85449,-0.002808988764044895
2023-06-23,35500,35500,34250,34250,126113,-0.035211267605633756
2023-06-26,33950,34700,33950,34200,78212,-0.0014598540145985828
2023-06-27,34000,34650,33900,34650,63092,0.013157894736842035
2023-06-28,34650,34800,33950,34000,61654,-0.018759018759018753
2023-06-29,34150,34200,33150,33200,104289,-0.02352941176470591
2023-06-30,33250,33750,32900,33400,62376,0.006024096385542244
2023-07-03,33300,34000,33300,33650,198986,0.007485029940119681
2023-07-04,33650,33900,33350,33550,81274,-0.002971768202080227
2023-07-05,33300,33800,32700,32900,101773,-0.019374068554396384
2023-07-06,32800,32800,31400,31700,241773,-0.03647416413373861
2023-07-07,31500,31700,30950,31250,116805,-0.014195583596214534
2023-07-10,31050,31950,30950,31650,102967,0.012799999999999923
2023-07-11,31600,31900,31300,31850,71992,0.006319115323854652
2023-07-12,31850,32050,31300,31550,72272,-0.009419152276295084
2023-07-13,31850,32200,31350,31400,90165,-0.004754358161648153
2023-07-14,31350,32700,31200,32400,127787,0.031847133757961776
2023-07-17,32400,33000,31700,32450,92179,0.0015432098765431057
2023-07-18,32700,32700,31750,32200,111121,-0.007704160246533087
2023-07-19,32150,32900,32000,32200,120743,0.0
2023-07-20,33750,35350,32850,34400,686918,0.06832298136645965
2023-07-21,34200,35300,33650,34350,291952,-0.0014534883720930258
2023-07-24,34400,34400,33200,33650,190845,-0.020378457059679778
2023-07-25,33800,36200,33800,35550,419181,0.05646359583952454
2023-07-26,35550,35550,32850,33100,422822,-0.0689170182841069
2023-07-27,33100,33800,32600,32850,149506,-0.007552870090634434
2023-07-28,32350,33650,31800,33050,155383,0.0060882800608828
2023-07-31,33550,34250,33400,33900,96032,0.02571860816944027
2023-08-01,33650,34050,33500,33850,80701,-0.001474926253687281
2023-08-02,33850,33900,32700,32700,83148,-0.033973412112260015
2023-08-03,32500,32700,31850,32100,64893,-0.01834862385321101
2023-08-04,31850,33100,31650,32700,63550,0.01869158878504673
2023-08-07,32250,32450,31600,31900,63598,-0.024464831804281384
2023-08-08,31900,32250,31400,31500,60887,-0.01253918495297801
2023-08-09,31200,32400,31200,32400,51145,0.02857142857142847
2023-08-10,32400,32550,31850,32100,58541,-0.0092592592592593
2023-08-11,32100,32450,31950,32100,57078,0.0
2023-08-14,32150,32600,31050,31350,79762,-0.02336448598130836
2023-08-16,31000,31050,29800,29850,134423,-0.04784688995215314
2023-08-17,29550,30300,28900,30100,104104,0.008375209380234505
2023-08-18,29300,30600,29300,30250,65635,0.004983388704318914
2023-08-21,30300,30850,30000,30150,46427,-0.0033057851239669533
2023-08-22,30100,30300,29850,30000,41879,-0.00497512437810943
2023-08-23,29750,32900,29750,32400,231681,0.08000000000000007
2023-08-24,32450,32450,30050,30250,229148,-0.06635802469135799
2023-08-25,30000,31200,29650,30600,89449,0.011570247933884392
2023-08-28,31250,31700,30850,31550,75979,0.031045751633986818
2023-08-29,31800,32200,31450,31850,46475,0.009508716323296307
2023-08-30,32100,32350,31850,32000,53138,0.0047095761381474865
2023-08-31,32300,32350,31500,31750,58421,-0.0078125
2023-09-01,31500,32100,31400,31400,50266,-0.011023622047244053
2023-09-04,31400,32100,31100,32000,73741,0.019108280254777066
2023-09-05,31700,31900,31250,31700,56436,-0.009375000000000022
2023-09-06,31700,32300,31300,31350,73132,-0.01104100946372244
2023-09-07,31250,31400,30750,31050,42101,-0.009569377990430672
2023-09-08,30750,31450,30750,31450,30366,0.012882447665056418
2023-09-11,31400,31450,30900,31150,35234,-0.009538950715421324
2023-09-12,31500,31500,31000,31100,36684,-0.0016051364365970988
2023-09-13,30900,31250,30350,30650,53272,-0.014469453376205754
2023-09-14,30950,31600,30700,31600,76738,0.030995106035889064
2023-09-15,31750,33300,31500,32500,177460,0.028481012658227778
2023-09-18,32300,33250,32000,33150,84427,0.020000000000000018
2023-09-19,33050,33050,32350,32700,51901,-0.013574660633484115
2023-09-20,32750,32950,32050,32250,33018,-0.013761467889908285
2023-09-21,32250,32300,31300,31350,41132,-0.027906976744186074
2023-09-22,30850,31800,30600,30750,66393,-0.019138755980861233
2023-09-25,30200,30750,30150,30450,42693,-0.009756097560975618
2023-09-26,30100,30300,28650,29100,164001,-0.044334975369458074
2023-09-27,28800,29150,28550,28700,60034,-0.013745704467353903
2023-10-04,28300,28350,27200,27250,102560,-0.05052264808362372
2023-10-05,27950,27950,26700,26950,61946,-0.011009174311926606
2023-10-06,26450,28000,26450,28000,44317,0.03896103896103886
2023-10-10,28050,28350,26800,27250,72986,-0.0267857142857143
2023-10-11,27300,27800,27250,27800,33240,0.020183486238532167
2023-10-12,27900,28300,27650,28250,31281,0.01618705035971213
2023-10-13,27700,28000,27650,27700,20406,-0.019469026548672552
2023-10-16,27450,27700,26950,27400,33088,-0.010830324909747335
2023-10-17,27700,27850,27300,27800,47861,0.014598540145985384
2023-10-18,27400,28100,27400,27900,25072,0.003597122302158251
2023-10-19,27600,27650,26700,27050,175018,-0.03046594982078854
2023-10-20,26700,26950,25950,26300,59052,-0.027726432532347522
2023-10-23,25950,26400,25800,26050,40618,-0.009505703422053258
2023-10-24,26000,26900,25600,26900,39482,0.03262955854126681
2023-10-25,26650,27350,26550,27200,33764,0.011152416356877248
2023-10-26,26950,27000,26050,26500,44553,-0.02573529411764708
2023-10-27,26350,26800,26100,26100,29189,-0.015094339622641506
2023-10-30,25700,26300,25700,26300,24623,0.00766283524904221
2023-10-31,26300,26550,25000,25150,74795,-0.04372623574144485
2023-11-01,25150,26000,25100,25800,45595,0.025844930417495027
2023-11-02,26200,26550,26000,26300,37277,0.019379844961240345
2023-11-03,26850,27150,26350,27050,38583,0.028517110266159662
2023-11-06,27500,28450,27400,28450,74273,0.05175600739371533
2023-11-07,28150,28150,27300,28050,50998,-0.01405975395430581
2023-11-08,28250,28400,27600,27700,27703,-0.012477718360071277
2023-11-09,27800,28250,27450,28250,28647,0.019855595667870096
2023-11-10,28000,28050,27550,27900,15954,-0.012389380530973493
2023-11-13,28300,28350,27350,27500,26341,-0.014336917562724039
2023-11-14,28200,28450,27800,28300,27043,0.029090909090909056
2023-11-15,28650,29150,28500,28900,49293,0.021201413427561766
2023-11-16,28750,28900,28300,28400,33223,-0.01730103806228378
2023-11-17,28200,28400,27750,27800,20433,-0.021126760563380254
2023-11-20,27800,28500,27800,28000,15416,0.007194244604316502
2023-11-21,28200,28350,27600,28200,30946,0.0071428571428571175
2023-11-22,28600,28650,27700,27800,30088,-0.014184397163120588
2023-11-23,27750,28050,27500,27750,27184,-0.0017985611510791255
2023-11-24,27850,28100,27650,28050,22649,0.0108108108108107
2023-11-27,28150,28200,27650,27750,31314,-0.010695187165775444
2023-11-28,27300,27600,26750,27500,85345,-0.009009009009009028
2023-11-29,27600,27600,27000,27350,37161,-0.00545454545454549
2023-11-30,27400,27650,26900,27200,66310,-0.005484460694698323
2023-12-01,26950,27400,26500,27000,25478,-0.007352941176470562
2023-12-04,27000,27400,26800,27100,56207,0.0037037037037037646
2023-12-05,26750,28200,26700,27650,58912,0.02029520295202958
2023-12-06,27950,28150,27400,27800,33515,0.005424954792043302
2023-12-07,27700,27850,27200,27550,24372,-0.008992805755395739
2023-12-08,27550,28150,27550,28000,22796,0.016333938294010864
2023-12-11,28350,28350,27700,27900,21247,-0.0035714285714285587
2023-12-12,28050,28450,27900,28300,42283,0.014336917562723928
2023-12-13,28500,28500,27600,27650,25519,-0.02296819787985871
2023-12-14,28000,28400,27350,27600,74392,-0.001808318264014508
2023-12-15,27700,28450,27600,28100,63102,0.018115942028985588
2023-12-18,27900,28250,27750,28100,30759,0.0
2023-12-19,28100,28200,27750,28200,26903,0.003558718861210064
2023-12-20,28450,28800,28250,28750,48999,0.019503546099290725
2023-12-21,28400,28700,28250,28550,26122,-0.006956521739130417
2023-12-22,28550,28800,28400,28750,34282,0.007005253940455258
2023-12-26,29000,29050,28400,28500,125017,-0.008695652173912993
2023-12-27,28800,29500,28100,28550,63460,0.0017543859649122862
2023-12-28,28500,28950,28050,28950,44969,0.014010507880910739
2024-01-02,28950,29000,28450,28800,35563,-0.005181347150259086
2024-01-03,28500,28600,27600,27900,60251,-0.03125
2024-01-04,27900,27900,27300,27450,42470,-0.016129032258064502
2024-01-05,27450,27700,27250,27400,22894,-0.0018214936247723523
2024-01-08,27200,27450,26850,26950,27240,-0.01642335766423353
2024-01-09,26950,27200,26750,26900,27803,-0.0018552875695733162
2024-01-10,27200,27200,26400,26800,34201,-0.0037174721189591198
2024-01-11,26900,27400,26800,26800,33168,0.0
2024-01-12,26700,26800,26100,26150,41734,-0.02425373134328357
2024-01-15,26150,26400,25700,25750,29290,-0.015296367112810683
2024-01-16,25500,25900,25250,25350,37475,-0.01553398058252431
2024-01-17,25350,25400,24450,24450,60886,-0.035502958579881616
2024-01-18,24400,24650,23250,23600,94116,-0.03476482617586907
2024-01-19,23600,24500,23350,23650,58961,0.0021186440677967155
2024-01-22,24000,24000,23350,23450,38645,-0.008456659619450302
2024-01-23,23300,23850,23300,23700,27270,0.010660980810234477
2024-01-24,23600,23850,23400,23650,31489,-0.002109704641350185
2024-01-25,23650,25150,23650,24850,49629,0.05073995771670181
2024-01-26,24850,25050,24450,24550,26707,-0.012072434607645843
2024-01-29,24400,25000,24400,24750,30216,0.008146639511201537
2024-01-30,24800,25900,24800,25900,50269,0.04646464646464654
2024-01-31,25900,26100,25500,25550,38404,-0.013513513513513487
2024-02-01,25400,26050,25100,25750,63284,0.007827788649706457
2024-02-02,25800,27050,25550,27050,102711,0.05048543689320395
2024-02-05,27500,27500,25800,27250,129900,0.007393715341959428
2024-02-06,26950,27200,26050,26500,64899,-0.02752293577981646
2024-02-07,26550,28850,26550,28400,264405,0.07169811320754715
2024-02-08,28450,28850,27700,27900,120159,-0.017605633802816878
2024-02-13,28050,28250,27600,27950,60392,0.0017921146953405742
2024-02-14,27700,28000,27300,27800,40485,-0.00536672629695889
2024-02-15,28000,28000,27150,27150,56854,-0.023381294964028743
2024-02-16,27650,28500,27200,28300,69664,0.0423572744014733
2024-02-19,28200,28800,28100,28300,39823,0.0
2024-02-20,28200,28250,27800,27850,27756,-0.01590106007067138
2024-02-21,28100,28100,27550,27950,20481,0.0035906642728904536
2024-02-22,28200,28250,27850,27950,21474,0.0
2024-02-23,27950,28000,27650,28000,29640,0.0017889087656528524
2024-02-26,28200,28200,27350,27850,21162,-0.005357142857142838
2024-02-27,27850,27950,27400,27600,24131,-0.008976660682226245
2024-02-28,27650,28500,27600,28450,62810,0.030797101449275388
2024-02-29,28350,28500,27650,27650,53594,-0.02811950790861162
2024-03-04,27600,27750,26550,26700,72927,-0.03435804701627487
2024-03-05,26450,27650,26350,26850,29169,0.00561797752808979
2024-03-06,26850,26950,26200,26300,37525,-0.020484171322160183
2024-03-07,26300,27300,26000,26850,37863,0.02091254752851701
2024-03-08,28000,30300,27750,30100,591578,0.12104283054003728
2024-03-11,29700,29700,27850,28150,229426,-0.06478405315614622
2024-03-12,28150,28450,27950,28350,82525,0.007104795737122638
2024-03-13,28500,28900,28150,28450,78108,0.003527336860670305
2024-03-14,28550,28700,28100,28350,72995,-0.0035149384885764245
2024-03-15,28050,29000,27950,28500,87874,0.005291005291005346
2024-03-18,28500,28550,28250,28350,39861,-0.0052631578947368585
2024-03-19,28350,29600,28150,29300,129905,0.0335097001763669
2024-03-20,29750,30150,29100,29200,129272,-0.0034129692832765013
2024-03-21,29200,29700,28750,29100,85282,-0.003424657534246589
2024-03-22,29100,31200,29050,30450,199298,0.046391752577319645
2024-03-25,30500,30850,29800,29850,65305,-0.019704433497536922
2024-03-26,29900,30200,29500,29600,66887,-0.008375209380234505
2024-03-27,29600,29850,29150,29250,56222,-0.011824324324324342
2024-03-28,29250,30000,29200,29450,45792,0.006837606837606813
2024-03-29,30450,30450,28550,28750,75824,-0.02376910016977929
2024-04-01,28650,28700,28000,28250,58801,-0.017391304347826098
2024-04-02,28000,28300,27550,27650,61198,-0.0212389380530974
2024-04-03,27500,27900,27200,27900,51216,0.009041591320072317
2024-04-04,28100,28400,26900,27000,71942,-0.032258064516129004
2024-04-05,26600,27000,26350,26550,59646,-0.01666666666666672
2024-04-08,26400,26400,25700,25800,67141,-0.02824858757062143
2024-04-09,26100,26150,25500,25550,53114,-0.009689922480620172
2024-04-11,25100,25350,24550,25100,80341,-0.017612524461839585
2024-04-12,25050,25350,24650,24950,47610,-0.005976095617529875
2024-04-15,24500,25650,24450,25450,47594,0.02004008016032066
2024-04-16,25200,25350,24800,25100,32439,-0.013752455795677854
2024-04-17,25150,25550,24800,24900,35285,-0.007968127490039834
2024-04-18,25100,25950,24950,25800,28695,0.03614457831325302
2024-04-19,25350,25650,25000,25350,37932,-0.01744186046511631
2024-04-22,25750,26100,25550,25900,25528,0.021696252465483346
2024-04-23,25900,26100,25500,25850,18654,-0.0019305019305019266
2024-04-24,26100,26650,25950,26350,45039,0.01934235976789167
2024-04-25,26100,26250,25700,25700,23350,-0.024667931688804545
2024-04-26,25950,26250,25500,26250,20390,0.021400778210116655
2024-04-29,26450,27100,26350,26950,33937,0.026666666666666616
2024-04-30,26950,27150,26600,27000,23354,0.0018552875695732052
2024-05-02,26600,27000,26500,26750,17894,-0.0092592592592593
2024-05-03,26900,27050,26600,26700,24218,-0.0018691588785046953
2024-05-07,27100,27200,26850,27200,23583,0.01872659176029967
2024-05-08,27200,27500,26850,27300,20802,0.003676470588235281
2024-05-09,27200,27700,27200,27250,36175,-0.001831501831501825
2024-05-10,27500,27750,27050,27300,26156,0.0018348623853210455
2024-05-13,27300,27300,26550,26800,42863,-0.01831501831501836
2024-05-14,26600,27000,26350,26450,42621,-0.013059701492537323
2024-05-16,27200,27450,26550,26950,49453,0.018903591682419618
2024-05-17,27250,28350,26850,27450,76897,0.01855287569573294
2024-05-20,27550,28500,27000,27200,79373,-0.00910746812386154
2024-05-21,26950,27150,25950,26000,71168,-0.044117647058823484
2024-05-22,26050,26250,25650,26000,36753,0.0
2024-05-23,25750,26550,25650,25900,31090,-0.0038461538461538325
2024-05-24,25750,25800,25400,25500,33073,-0.015444015444015413
2024-05-27,25500,25850,25250,25600,63380,0.0039215686274509665
2024-05-28,25600,25650,25050,25300,50027,-0.01171875
2024-05-29,25050,25300,24650,25000,60548,-0.011857707509881465
2024-05-30,24650,24850,24400,24600,40874,-0.016000000000000014
2024-05-31,24800,25450,24750,25450,36358,0.03455284552845539
2024-06-03,25400,26550,25250,26400,96615,0.037328094302554016
2024-06-04,26400,27100,26400,26900,104706,0.018939393939394034
2024-06-05,26900,26900,26250,26500,43592,-0.014869888475836479
2024-06-07,26450,26900,26250,26350,25046,-0.005660377358490565
2024-06-10,26000,26550,25750,26200,26122,-0.005692599620493399
2024-06-11,26150,26600,26050,26200,20404,0.0
2024-06-12,26000,26350,25350,25800,57169,-0.01526717557251911
2024-06-13,25800,26050,24700,24800,390721,-0.03875968992248058
2024-06-14,24900,24950,24400,24900,74998,0.0040322580645162365
2024-06-17,24900,25100,24600,24650,46611,-0.010040160642570295
2024-06-18,24900,24950,24600,24700,31036,0.0020283975659229903
2024-06-19,24600,25100,24600,24950,34807,0.010121457489878471
2024-06-20,25050,25300,24850,25050,33577,0.004008016032064132
2024-06-21,25050,25250,24800,25050,31128,0.0
2024-06-24,25250,25250,24650,24700,31308,-0.013972055888223589
2024-06-25,24650,25350,24600,25050,25662,0.014170040485830038
2024-06-26,24900,25300,24900,25150,17756,0.003992015968063978
2024-06-27,25200,25200,24900,24900,18046,-0.00994035785288272
2024-06-28,25000,25150,24850,24950,18417,0.002008032128514081
2024-07-01,25000,25050,24600,24800,30678,-0.006012024048096198
2024-07-02,24800,24900,24300,24300,45288,-0.020161290322580627
2024-07-03,24300,24700,23950,24150,39948,-0.006172839506172867
2024-07-04,24050,24450,24050,24250,21605,0.0041407867494824835
2024-07-05,24250,24450,24000,24050,28961,-0.008247422680412342
2024-07-08,24050,24150,23450,23650,50074,-0.016632016632016633
2024-07-09,23650,24100,23450,24000,30212,0.014799154334038
2024-07-10,23850,24150,23750,24000,17794,0.0
2024-07-11,24150,24450,23900,24100,25839,0.004166666666666652
2024-07-12,24300,25050,24300,24650,51864,0.022821576763485396
2024-07-15,24800,24900,24500,24850,29085,0.008113590263691739
2024-07-16,24850,25300,24650,25050,44852,0.008048289738430636
2024-07-17,25050,25500,24850,25400,57234,0.013972055888223478
2024-07-18,25400,25400,24800,24950,38071,-0.017716535433070835
2024-07-19,24950,25000,24600,24750,14990,-0.008016032064128265
2024-07-22,24550,24600,23850,24150,37572,-0.024242424242424288
2024-07-23,24350,24350,23600,23700,40100,-0.018633540372670843
2024-07-24,23800,24100,23650,23950,15116,0.010548523206751037
2024-07-25,23650,23850,23550,23750,19879,-0.008350730688935326
2024-07-26,23750,24600,23750,24600,38904,0.03578947368421059
2024-07-29,24500,24600,24150,24450,19400,-0.0060975609756097615
2024-07-30,24450,24450,23650,23700,33714,-0.030674846625766916
2024-07-31,23900,24700,23650,24550,39986,0.03586497890295348
2024-08-01,24350,24700,24200,24300,26835,-0.010183299389002087
2024-08-02,24000,24000,23500,23700,36880,-0.024691358024691357
2024-08-05,23500,23700,20350,20600,141788,-0.13080168776371304
2024-08-06,20350,21800,20350,21150,70602,0.02669902912621369
2024-08-07,20700,21800,20700,21400,43548,0.011820330969267046
2024-08-08,21100,21750,21000,21350,28023,-0.002336448598130869
2024-08-09,21600,22150,21600,22050,28617,0.032786885245901676
2024-08-12,21900,22300,21750,22200,18204,0.006802721088435382
2024-08-13,22200,22250,21600,22100,18393,-0.0045045045045044585
2024-08-14,22250,22250,21650,22000,31437,-0.004524886877828038
2024-08-16,22000,22100,21700,21700,24435,-0.013636363636363669
2024-08-19,21600,22100,21600,22000,21281,0.01382488479262678
2024-08-20,22000,22450,22000,22450,21099,0.020454545454545503
2024-08-21,22350,23000,22350,22750,28243,0.013363028953229383
2024-08-22,22750,22900,22150,22300,23879,-0.01978021978021982
2024-08-23,22250,22900,21950,22350,18012,0.0022421524663676085
2024-08-26,22350,24200,22350,24000,152688,0.0738255033557047
2024-08-27,23850,24900,23700,24850,100424,0.03541666666666665
2024-08-28,24850,24950,23850,24000,34537,-0.03420523138832998
2024-08-29,24100,24700,23600,24250,48834,0.01041666666666674
2024-08-30,24600,24600,23650,24200,33241,-0.0020618556701030855
2024-09-02,24000,24150,23350,23400,31036,-0.03305785123966942
2024-09-03,23350,23650,23150,23300,24064,-0.004273504273504258
2024-09-04,22800,23550,22600,22950,32514,-0.015021459227467782
2024-09-05,22850,23450,22500,22700,18380,-0.01089324618736387
2024-09-06,22700,22900,21800,21800,50125,-0.03964757709251099
2024-09-09,21300,21800,21300,21700,24124,-0.004587155963302725
2024-09-10,21650,22500,21650,21950,24904,0.011520737327188835
2024-09-11,21950,22350,21500,21600,16222,-0.015945330296127547
2024-09-12,21700,22450,21650,22200,25434,0.02777777777777768
2024-09-13,22400,22450,21800,22450,17215,0.011261261261261257
2024-09-19,22450,22800,21900,22200,27604,-0.011135857461024523
2024-09-20,22300,22400,21950,22250,32039,0.0022522522522523403
2024-09-23,22100,22350,21800,21800,26085,-0.020224719101123556
2024-09-24,21950,22650,21900,22600,38377,0.03669724770642202
2024-09-25,22400,22700,22150,22150,40790,-0.019911504424778736
2024-09-26,22500,22700,22200,22600,30708,0.020316027088036037
2024-09-27,22600,22700,22100,22400,25822,-0.008849557522123908
2024-09-30,22400,22800,22250,22400,30341,0.0
2024-10-02,22000,22750,21900,22450,24484,0.0022321428571427937
2024-10-04,22400,22400,22050,22250,21028,-0.008908685968819552
2024-10-07,22150,22300,21900,21950,28097,-0.013483146067415741
2024-10-08,21950,22050,21550,21550,43755,-0.018223234624145768
2024-10-10,21650,21800,21400,21450,24897,-0.004640371229698403
2024-10-11,21350,22400,21350,22200,44022,0.034965034965035
2024-10-14,22350,22350,21900,22000,22763,-0.009009009009009028
2024-10-15,22000,22200,21900,22150,13954,0.006818181818181834
2024-10-16,22150,22200,21900,21950,21373,-0.009029345372460473
2024-10-17,21950,22250,21850,21900,16112,-0.002277904328018221
2024-10-18,21850,22000,21450,21550,22050,-0.01598173515981738
2024-10-21,21400,21550,21300,21300,23262,-0.011600928074245953
2024-10-22,21400,21400,21000,21100,31762,-0.009389671361502372
2024-10-23,21100,21250,20700,21050,27576,-0.0023696682464454666
2024-10-24,21150,22000,21100,21400,36288,0.016627078384798155
2024-10-25,21400,21600,21000,21050,16267,-0.016355140186915862
2024-10-28,20800,21050,20350,20400,69810,-0.030878859857482177
2024-10-29,20500,20500,20000,20200,37904,-0.009803921568627416
2024-10-30,20350,20700,20000,20050,41329,-0.007425742574257432
2024-10-31,20150,20700,19800,20200,44273,0.007481296758104827
2024-11-01,20200,20250,19920,20150,22699,-0.0024752475247524774
2024-11-04,20400,20400,19960,19980,31792,-0.008436724565756837
2024-11-05,20100,20500,19950,20200,22000,0.011011011011011096
2024-11-06,20500,20500,19950,20050,22138,-0.007425742574257432
2024-11-07,20200,20750,19860,20500,36313,0.02244389027431426
2024-11-08,20500,20850,20450,20450,26588,-0.0024390243902439046
2024-11-11,20650,20650,19930,19940,31525,-0.024938875305623442
2024-11-12,19880,19940,19220,19220,41068,-0.03610832497492478
2024-11-13,19200,19360,18580,18620,45681,-0.031217481789802326
2024-11-14,18590,19110,18590,18700,28747,0.004296455424275036
2024-11-15,18700,18720,17480,18050,103897,-0.03475935828877008
2024-11-18,18060,19120,18050,18760,37489,0.0393351800554016
2024-11-19,18760,19550,18760,19030,27044,0.014392324093816633
2024-11-20,19320,19980,18910,19550,39133,0.02732527588018918
2024-11-21,19550,20400,19500,20000,48997,0.023017902813299296
2024-11-22,19940,21150,19850,20700,78090,0.03499999999999992
2024-11-25,20600,21150,20550,20850,52670,0.007246376811594235
2024-11-26,20850,21600,20850,21600,64982,0.03597122302158273
2024-11-27,21600,22150,21600,21800,69264,0.0092592592592593
2024-11-28,22200,22250,21700,22050,51214,0.011467889908256979
2024-11-29,22000,22100,21050,21300,26066,-0.03401360544217691
2024-12-02,21300,22050,20800,21900,66570,0.028169014084507005
2024-12-03,21700,22400,21700,22000,45098,0.004566210045662045
2024-12-04,21700,21850,20950,21300,82742,-0.03181818181818186
2024-12-05,21300,21350,20550,20750,55566,-0.025821596244131495
