Date,Open,High,Low,Close,Volume,Change
2022-01-03,7770,7770,7700,7700,577,-0.010282776349614386
2022-01-04,7940,7940,7910,7910,37,0.027272727272727337
2022-01-05,7930,7930,7610,7900,120,-0.0012642225031606058
2022-01-06,7890,7890,7880,7890,45,-0.0012658227848101333
2022-01-07,7950,7950,7700,7860,4,-0.0038022813688213253
2022-01-10,7910,7910,7600,7840,683,-0.0025445292620864812
2022-01-11,7900,7900,7850,7850,4,0.0012755102040815647
2022-01-12,7920,7920,7570,7780,249,-0.008917197452229297
2022-01-13,7790,7790,7760,7760,3,-0.0025706940874036244
2022-01-14,7780,7870,7730,7860,204,0.012886597938144284
2022-01-17,7870,7870,7600,7800,698,-0.007633587786259555
2022-01-18,7860,7860,7600,7790,66,-0.0012820512820512775
2022-01-19,7480,7730,7480,7710,233,-0.010269576379974277
2022-01-20,7760,7760,7470,7710,63,0.0
2022-01-21,7650,7650,7500,7590,1057,-0.015564202334630295
2022-01-24,7400,7780,7400,7740,4,0.01976284584980248
2022-01-25,7490,7720,7490,7690,15,-0.006459948320413411
2022-01-26,7590,7720,7470,7600,263,-0.011703511053316018
2022-01-27,7770,7770,7500,7600,15,0.0
2022-01-28,7600,7600,7600,7600,138,0.0
2022-02-03,7600,7610,6600,7590,1138,-0.001315789473684159
2022-02-04,7670,7670,7480,7570,49,-0.0026350461133070047
2022-02-07,7570,7570,7500,7570,102,0.0
2022-02-08,7690,7690,7000,7570,664,0.0
2022-02-09,7210,7470,7210,7450,338,-0.015852047556142668
2022-02-10,7680,7680,7280,7490,179,0.005369127516778427
2022-02-11,7570,7590,7200,7580,727,0.012016021361815676
2022-02-14,7100,7210,6450,7210,2593,-0.04881266490765168
2022-02-15,7680,7680,7210,7580,24,0.05131761442441052
2022-02-16,7550,7550,7550,7550,9,-0.00395778364116095
2022-02-17,7570,7580,7570,7580,2,0.003973509933774766
2022-02-18,6930,7600,6930,7450,357,-0.01715039577836408
2022-02-21,7580,7580,7050,7360,297,-0.012080536912751683
2022-02-22,7670,7670,6900,7100,1150,-0.03532608695652173
2022-02-23,7100,7500,6900,7200,1397,0.014084507042253502
2022-02-24,7180,7190,6840,7080,1787,-0.01666666666666672
2022-02-25,7180,7400,7000,7090,202,0.0014124293785311437
2022-02-28,7400,7400,7000,7090,544,0.0
2022-03-02,7100,7100,6820,7040,2695,-0.007052186177715081
2022-03-03,6990,7090,6990,7090,467,0.007102272727272707
2022-03-04,7200,7200,6900,7090,603,0.0
2022-03-07,7040,7050,7040,7050,142,-0.005641748942172065
2022-03-08,7200,7400,7080,7390,347,0.04822695035461
2022-03-10,7300,7300,7100,7300,202,-0.012178619756427644
2022-03-11,7600,7600,7100,7200,63,-0.013698630136986356
2022-03-14,7200,7530,7200,7530,6,0.04583333333333339
2022-03-15,7400,7650,7400,7650,66,0.015936254980079667
2022-03-16,7400,7500,7030,7150,378,-0.065359477124183
2022-03-17,7150,7400,7050,7150,503,0.0
2022-03-18,7000,7200,7000,7100,17,-0.006993006993006978
2022-03-21,7100,7100,6800,7050,212,-0.007042253521126751
2022-03-22,6990,7100,6900,7050,57,0.0
2022-03-23,7050,7100,6910,7090,284,0.005673758865248235
2022-03-24,7070,7080,7050,7050,94,-0.005641748942172065
2022-03-25,7200,7200,6830,7040,408,-0.0014184397163120588
2022-03-28,7200,7200,6620,7090,379,0.007102272727272707
2022-03-29,7180,7180,7180,7180,1,0.012693935119887145
2022-03-30,6850,7180,6600,6840,1661,-0.0473537604456824
2022-03-31,6800,6840,6450,6790,3110,-0.007309941520467822
2022-04-01,6980,6990,6600,6790,817,0.0
2022-04-04,6790,6790,6430,6690,35,-0.014727540500736325
2022-04-05,6800,7000,6400,6700,2826,0.001494768310911887
2022-04-06,6790,6790,6790,6790,7,0.013432835820895495
2022-04-07,6420,6780,6420,6770,9,-0.002945508100147265
2022-04-08,6780,6780,6300,6570,325,-0.02954209748892167
2022-04-11,6580,6580,6350,6490,1072,-0.0121765601217656
2022-04-12,6440,6440,6150,6400,1112,-0.013867488443759624
2022-04-13,6060,6400,6060,6400,11,0.0
2022-04-14,6340,6350,6340,6340,134,-0.009375000000000022
2022-04-15,6580,6580,6050,6490,1019,0.023659305993690927
2022-04-18,6340,6340,6120,6290,149,-0.03081664098613246
2022-04-19,6390,6390,6050,6170,784,-0.019077901430842648
2022-04-20,6380,6380,6100,6310,4,0.02269043760129663
2022-04-21,6400,6400,6000,6190,184,-0.019017432646592725
2022-04-22,6120,6170,6120,6170,19,-0.003231017770597755
2022-04-25,6950,6950,5870,6460,220,0.04700162074554304
2022-04-26,7400,7400,6100,6900,1008,0.06811145510835903
2022-04-27,7890,7890,5960,6370,717,-0.07681159420289851
2022-04-28,6400,6590,6390,6590,31,0.03453689167974883
2022-04-29,6580,6590,6200,6390,317,-0.030349013657056112
2022-05-02,6390,6390,6390,6390,12,0.0
2022-05-03,5870,6400,5870,6370,764,-0.003129890453834161
2022-05-04,6000,6390,6000,6190,1389,-0.028257456828885363
2022-05-06,6200,6680,6000,6350,1845,0.025848142164781818
2022-05-09,6390,6390,5900,6140,2086,-0.03307086614173227
2022-05-10,5800,5990,5800,5990,699,-0.02442996742671011
2022-05-11,6000,6000,5200,5950,2585,-0.006677796327211993
2022-05-12,5600,5790,5060,5400,5178,-0.09243697478991597
2022-05-13,5400,5400,5000,5280,1233,-0.022222222222222254
2022-05-16,5390,5390,5390,5390,1,0.02083333333333326
2022-05-17,5400,5400,4855,5390,1195,0.0
2022-05-18,5000,5390,4900,5390,885,0.0
2022-05-19,5190,5560,5180,5400,281,0.0018552875695732052
2022-05-20,5510,5510,5010,5240,2149,-0.029629629629629672
2022-05-23,5000,5190,5000,5140,529,-0.01908396946564883
2022-05-24,5140,5790,5140,5770,231,0.12256809338521402
2022-05-25,5200,5690,5200,5670,118,-0.017331022530329254
2022-05-26,5500,5500,4900,5270,1929,-0.07054673721340388
2022-05-27,5240,5580,5240,5570,203,0.05692599620493355
2022-05-30,6290,6290,5580,5580,4,0.0017953321364452268
2022-05-31,5590,5590,5230,5580,13,0.0
2022-06-02,5580,5580,5580,5580,1,0.0
2022-06-03,5600,5600,5600,5600,1,0.0035842293906809264
2022-06-07,5580,5580,5580,5580,2,-0.0035714285714285587
2022-06-08,5980,5980,5100,5390,1718,-0.03405017921146958
2022-06-09,5300,5300,5200,5290,13,-0.01855287569573283
2022-06-10,5210,5210,5210,5210,0,-0.015122873345935761
2022-06-13,5190,5970,5190,5590,261,0.07293666026871404
2022-06-14,5600,5600,5450,5600,355,0.0017889087656528524
2022-06-15,5490,5540,5490,5540,91,-0.010714285714285676
2022-06-16,5600,5600,5600,5600,10,0.010830324909747224
2022-06-17,5400,5650,5000,5170,1022,-0.07678571428571423
2022-06-20,5380,5380,5000,5050,189,-0.023210831721469982
2022-06-21,5050,5500,5050,5290,342,0.04752475247524757
2022-06-22,5000,5190,5000,5170,92,-0.022684310018903586
2022-06-23,5200,5600,5200,5400,32,0.044487427466150864
2022-06-24,5180,5180,5180,5180,1,-0.040740740740740744
2022-06-27,4900,5200,4900,5180,43,0.0
2022-06-28,5100,5290,5100,5290,403,0.021235521235521304
2022-06-29,4600,5350,4600,5300,5522,0.001890359168241984
2022-06-30,5190,5290,5190,5290,22,-0.0018867924528301883
2022-07-01,5380,5380,5000,5300,224,0.001890359168241984
2022-07-04,5370,5370,5370,5370,1,0.013207547169811429
2022-07-05,5400,5400,5120,5220,123,-0.027932960893854775
2022-07-06,5380,5380,5000,5000,101,-0.04214559386973182
2022-07-07,5190,5190,5190,5190,1,0.038000000000000034
2022-07-08,5190,5190,4900,5140,8,-0.009633911368015391
2022-07-11,4900,5190,4900,5190,2,0.009727626459143934
2022-07-12,5150,5400,5140,5400,219,0.040462427745664664
2022-07-13,5000,5390,5000,5180,401,-0.040740740740740744
2022-07-14,4900,5190,4900,5190,195,0.0019305019305020377
2022-07-15,5190,5390,5000,5200,113,0.0019267822736031004
2022-07-18,5000,5200,5000,5200,6,0.0
2022-07-19,5400,5400,5150,5340,17,0.026923076923076827
2022-07-20,5390,5390,5000,5390,614,0.009363295880149725
2022-07-21,5400,5580,5400,5580,536,0.03525046382189245
2022-07-22,5600,5600,5600,5600,1,0.0035842293906809264
2022-07-25,5970,5970,5020,5700,108,0.017857142857142794
2022-07-26,5400,5590,5400,5590,11,-0.019298245614035037
2022-07-27,5590,5590,4850,5300,1586,-0.051878354203935606
2022-07-28,5290,5290,5290,5290,46,-0.0018867924528301883
2022-07-29,5250,5250,5200,5250,110,-0.007561436672967825
2022-08-01,5250,5390,5250,5390,150,0.026666666666666616
2022-08-02,5300,5300,5290,5290,156,-0.01855287569573283
2022-08-03,5250,5980,5070,5960,68,0.12665406427221182
2022-08-04,5400,5800,5400,5700,183,-0.043624161073825496
2022-08-05,5800,6520,5600,5800,213,0.01754385964912286
2022-08-08,5790,5790,5500,5770,303,-0.005172413793103403
2022-08-09,5800,5800,5790,5800,111,0.005199306759098743
2022-08-10,5600,5600,5600,5600,23,-0.03448275862068961
2022-08-11,5800,5800,5050,5070,4116,-0.09464285714285714
2022-08-12,5390,5390,5000,5250,1128,0.035502958579881616
2022-08-16,5220,5220,5030,5030,261,-0.04190476190476189
2022-08-17,5380,5380,5380,5380,5,0.06958250497017882
2022-08-18,5190,5200,5190,5200,116,-0.03345724907063197
2022-08-19,5380,5380,5380,5380,1,0.034615384615384714
2022-08-22,5390,5390,5000,5000,522,-0.07063197026022305
2022-08-23,5200,5200,5140,5190,218,0.038000000000000034
2022-08-24,5190,5190,4700,4950,632,-0.046242774566473965
2022-08-25,5000,5000,4900,5000,32,0.010101010101010166
2022-08-26,5170,5170,5170,5170,1,0.03400000000000003
2022-08-29,5200,5200,5200,5200,1,0.005802707930367523
2022-08-30,5000,5000,5000,5000,69,-0.038461538461538436
2022-08-31,5000,5000,5000,5000,1,0.0
2022-09-01,5180,5180,5180,5180,1,0.03600000000000003
2022-09-02,5100,5100,5100,5100,0,-0.015444015444015413
2022-09-05,5000,5000,4800,5000,26,-0.019607843137254943
2022-09-06,4700,5000,4510,4995,118,-0.0010000000000000009
2022-09-07,4895,4895,4895,4895,572,-0.020020020020020013
2022-09-08,4500,4900,4500,4880,474,-0.003064351378958108
2022-09-13,4900,5000,4900,5000,366,0.024590163934426146
2022-09-14,5000,5100,5000,5090,35,0.018000000000000016
2022-09-15,5000,5090,5000,5090,4,0.0
2022-09-16,5070,5070,4700,5070,345,-0.003929273084479323
2022-09-19,5080,5080,4700,5000,1115,-0.013806706114398382
2022-09-20,5290,5290,4665,4900,187,-0.020000000000000018
2022-09-21,4605,4900,4605,4900,7,0.0
2022-09-22,4600,5090,4600,5090,186,0.038775510204081653
2022-09-23,5090,5090,4715,4800,1324,-0.056974459724950854
2022-09-26,4800,5000,4700,5000,167,0.04166666666666674
2022-09-27,4700,5000,4700,4750,3,-0.050000000000000044
2022-09-28,5000,5000,5000,5000,1,0.05263157894736836
2022-09-29,5000,5100,4800,4850,332,-0.030000000000000027
2022-09-30,5090,5090,5090,5090,1,0.04948453608247427
2022-10-04,4800,5080,4800,4995,322,-0.018664047151277008
2022-10-05,4800,4995,4710,4710,308,-0.0570570570570571
2022-10-06,5000,5000,5000,5000,24,0.06157112526539277
2022-10-07,5080,5400,5080,5400,161,0.08000000000000007
2022-10-11,5600,5770,5000,5400,179,0.0
2022-10-12,5000,5270,5000,5160,58,-0.0444444444444444
2022-10-13,5190,5190,4655,5000,145,-0.03100775193798455
2022-10-14,5000,5400,5000,5380,405,0.07600000000000007
2022-10-17,5000,5480,4620,4910,1181,-0.08736059479553904
2022-10-18,5000,5000,4700,4900,11,-0.0020366598778004397
2022-10-19,4960,4960,4910,4945,103,0.009183673469387754
2022-10-20,5190,5190,4900,5190,353,0.04954499494438824
2022-10-21,5100,5390,5000,5390,553,0.038535645472061564
2022-10-24,5300,5350,5000,5200,216,-0.03525046382189234
2022-10-25,5390,5390,5000,5200,404,0.0
2022-10-26,4900,5190,4590,4895,2115,-0.05865384615384617
2022-10-27,4990,4990,4700,4700,2,-0.03983656792645551
2022-10-28,4985,4985,4895,4895,4,0.04148936170212769
2022-10-31,4985,4985,4600,4700,1398,-0.03983656792645551
2022-11-01,4700,4895,4615,4885,27,0.03936170212765955
2022-11-02,4700,4895,4700,4845,36,-0.008188331627430934
2022-11-03,4790,4795,4600,4745,1251,-0.02063983488132093
2022-11-04,4800,4800,4350,4595,1174,-0.03161222339304526
2022-11-07,4695,4695,4025,4390,3303,-0.044613710554951
2022-11-08,4100,4300,3800,4300,7259,-0.02050113895216399
2022-11-09,4300,4385,4300,4385,102,0.019767441860465196
2022-11-10,4400,4400,4100,4100,197,-0.06499429874572404
2022-11-11,4400,4400,4005,4060,1258,-0.009756097560975618
2022-11-14,4300,4300,4300,4300,1,0.059113300492610765
2022-11-15,4295,4490,4200,4200,117,-0.023255813953488413
2022-11-16,4390,4390,4010,4390,21,0.0452380952380953
2022-11-17,4295,4385,4295,4385,22,-0.001138952164009166
2022-11-18,4400,4480,4400,4480,111,0.02166476624857472
2022-11-21,4495,4495,4495,4495,1,0.0033482142857141906
2022-11-22,4200,4370,4200,4370,15,-0.027808676307007785
2022-11-23,4475,4475,4445,4455,86,0.0194508009153318
2022-11-24,4485,4485,4485,4485,7,0.006734006734006703
2022-11-25,4485,4485,4485,4485,1,0.0
2022-11-28,4585,4585,4300,4565,33,0.01783723522853964
2022-11-29,4590,4590,3905,4395,252,-0.03723986856516981
2022-11-30,4100,4390,4100,4385,532,-0.0022753128555176305
2022-12-01,4400,4400,3820,4395,1025,0.0022805017103761926
2022-12-02,4595,4595,4555,4590,101,0.04436860068259385
2022-12-05,4200,4200,4035,4035,370,-0.12091503267973858
2022-12-06,4295,4295,4000,4295,7,0.06443618339529111
2022-12-07,4000,4400,4000,4000,101,-0.06868451688009314
2022-12-08,4290,4295,4000,4285,4,0.07125000000000004
2022-12-09,4290,4290,4280,4280,2,-0.001166861143523934
2022-12-12,4295,4295,4295,4295,1,0.003504672897196359
2022-12-13,4300,4300,3720,3995,843,-0.06984866123399303
2022-12-14,4080,4090,3895,4090,725,0.02377972465581979
2022-12-15,4095,4095,4095,4095,36,0.0012224938875304847
2022-12-16,4095,4200,4095,4200,13,0.02564102564102555
2022-12-19,4200,4200,4005,4200,3,0.0
2022-12-20,4200,4200,4200,4200,1,0.0
2022-12-21,4200,4200,4200,4200,1,0.0
2022-12-22,4200,4300,4000,4300,14,0.023809523809523725
2022-12-23,4000,4350,3655,4200,445,-0.023255813953488413
2022-12-26,3620,4300,3620,4300,26,0.023809523809523725
2022-12-27,3715,4300,3715,4050,635,-0.05813953488372092
2022-12-28,4180,4180,3900,4145,122,0.023456790123456805
2022-12-29,4300,4300,4000,4250,154,0.02533172496984326
2023-01-02,4390,4390,4100,4385,3,0.03176470588235292
2023-01-03,4390,4390,3730,4300,88,-0.019384264538198415
2023-01-04,4300,4390,4000,4300,130,0.0
2023-01-05,4200,4300,4000,4290,85,-0.0023255813953488857
2023-01-06,4400,4400,4100,4300,207,0.002331002331002363
2023-01-09,3660,4270,3660,4240,2438,-0.013953488372092981
2023-01-10,4285,4285,4000,4100,4,-0.03301886792452835
2023-01-11,4290,4290,4000,4290,102,0.04634146341463419
2023-01-12,4000,4300,4000,4005,16,-0.06643356643356646
2023-01-13,4295,4295,4000,4200,361,0.04868913857677892
2023-01-16,4000,4300,4000,4195,13,-0.0011904761904761862
2023-01-17,3900,4200,3900,4200,7,0.0011918951132301459
2023-01-18,4190,4195,3900,4195,3,-0.0011904761904761862
2023-01-19,4200,4300,3910,4300,18,0.025029797377830842
2023-01-20,4000,4300,4000,4300,6,0.0
2023-01-25,4000,4700,3660,4300,656,0.0
2023-01-26,4690,4690,4100,4485,156,0.04302325581395339
2023-01-27,4100,4390,3950,4290,46,-0.04347826086956519
2023-01-30,4295,4295,4000,4000,54,-0.06759906759906764
2023-01-31,4300,4300,3515,4145,425,0.03624999999999989
2023-02-01,4095,4200,4095,4200,245,0.013268998793727338
2023-02-02,4195,4200,4195,4200,3,0.0
2023-02-03,4200,4200,3910,4195,1803,-0.0011904761904761862
2023-02-06,4100,4190,4000,4175,38,-0.004767580452920139
2023-02-07,4190,4190,4005,4190,502,0.00359281437125758
2023-02-08,4145,4145,3900,4100,52,-0.021479713603818618
2023-02-09,4095,4095,4095,4095,1,-0.0012195121951219523
2023-02-10,3800,3995,3800,3970,10,-0.030525030525030528
2023-02-13,4000,4100,3730,4100,435,0.032745591939546514
2023-02-14,4100,4100,3990,4090,1699,-0.0024390243902439046
2023-02-15,4200,4200,3900,4100,12,0.0024449877750611915
2023-02-16,4100,4100,3795,3995,24,-0.025609756097561
2023-02-17,4000,4200,3900,4200,96,0.051314142678347885
2023-02-20,3700,4200,3700,4200,3630,0.0
2023-02-21,4100,4200,4010,4200,663,0.0
2023-02-22,4200,4400,3905,4275,2021,0.017857142857142794
2023-02-23,4300,4300,4300,4300,2,0.005847953216374213
2023-02-24,4300,4945,4200,4475,609,0.04069767441860472
2023-02-27,4495,4495,3895,4110,6501,-0.08156424581005584
2023-02-28,4300,4390,4050,4245,4125,0.03284671532846706
2023-03-02,4235,4375,4235,4375,1386,0.03062426383981154
2023-03-03,4395,4585,4395,4585,3994,0.04800000000000004
2023-03-06,4980,5270,4505,5240,369,0.1428571428571428
2023-03-07,5970,5970,5240,5600,1305,0.06870229007633588
2023-03-08,5590,6400,5590,6390,5563,0.14107142857142851
2023-03-09,6400,6930,6390,6400,2363,0.0015649452269170805
2023-03-10,6490,7000,6000,7000,2342,0.09375
2023-03-13,7000,7140,5950,6110,2368,-0.1271428571428571
2023-03-14,6790,6790,5790,6190,991,0.013093289689034338
2023-03-15,6190,6290,6000,6170,151,-0.003231017770597755
2023-03-16,6200,6200,5900,6160,556,-0.0016207455429497752
2023-03-17,6200,6200,5600,5990,683,-0.02759740259740262
2023-03-20,6280,6280,5800,6000,58,0.0016694490818029983
2023-03-21,6000,6000,5510,5800,259,-0.033333333333333326
2023-03-22,5800,5800,5400,5500,460,-0.051724137931034475
2023-03-23,5790,5790,5220,5580,344,0.014545454545454639
2023-03-24,5600,5600,5590,5600,219,0.0035842293906809264
2023-03-27,5600,5800,5520,5720,755,0.021428571428571352
2023-03-28,5790,5790,5510,5700,22,-0.0034965034965035446
2023-03-29,5800,6290,5500,5550,2531,-0.02631578947368418
2023-03-30,5790,5790,5550,5790,1178,0.043243243243243246
2023-03-31,5740,5740,5410,5700,63,-0.015544041450777257
2023-04-03,5780,5780,5400,5770,551,0.012280701754386003
2023-04-04,5990,6000,5710,5710,82,-0.010398613518197597
2023-04-05,6180,6560,5710,6200,6574,0.08581436077057791
2023-04-06,6000,6370,5720,6140,12077,-0.009677419354838679
2023-04-07,6130,6130,5850,5990,956,-0.02442996742671011
2023-04-10,5520,5970,5520,5840,417,-0.025041736227045086
2023-04-11,6180,6180,5800,5940,105,0.017123287671232834
2023-04-12,6000,6000,5970,5970,2,0.005050505050504972
2023-04-13,5900,5900,5080,5080,6108,-0.14907872696817426
2023-04-14,5160,5390,4725,5280,371,0.03937007874015741
2023-04-17,5390,5390,5160,5160,686,-0.022727272727272707
2023-04-18,5390,5390,5100,5250,213,0.01744186046511631
2023-04-19,5390,5390,5350,5380,28,0.024761904761904763
2023-04-20,5390,5490,4650,5200,349,-0.03345724907063197
2023-04-21,5190,5380,5190,5300,428,0.019230769230769162
2023-04-24,5400,5400,5000,5370,451,0.013207547169811429
2023-04-25,5400,5400,5400,5400,233,0.005586592178770999
2023-04-26,5550,5550,5200,5530,366,0.024074074074074137
2023-04-27,5500,5500,5490,5500,31,-0.005424954792043413
2023-04-28,5600,5600,5220,5500,43,0.0
2023-05-02,5590,5590,5520,5520,11,0.0036363636363636598
2023-05-03,5600,5600,5490,5490,5,-0.005434782608695676
2023-05-04,5480,5550,5480,5510,678,0.0036429872495447047
2023-05-08,5600,5600,5050,5390,516,-0.02177858439201452
2023-05-09,5400,5400,4900,5100,1995,-0.05380333951762528
2023-05-10,5100,5190,5000,5100,362,0.0
2023-05-11,5100,5100,4810,5100,221,0.0
2023-05-12,5090,5400,5000,5200,561,0.019607843137254832
2023-05-15,5000,5400,5000,5400,401,0.03846153846153855
2023-05-16,5400,5400,5400,5400,1,0.0
2023-05-17,5400,5400,5000,5390,1651,-0.0018518518518518823
2023-05-18,5200,5350,5190,5350,72,-0.007421150278293154
2023-05-19,5340,5340,5340,5340,1,-0.0018691588785046953
2023-05-22,5400,5400,5400,5400,1,0.011235955056179803
2023-05-23,5400,5400,5400,5400,1,0.0
2023-05-24,5950,5950,5000,5400,125,0.0
2023-05-25,5300,5300,5010,5290,32,-0.020370370370370372
2023-05-26,5100,5390,5100,5330,206,0.007561436672967936
2023-05-30,5360,5360,5000,5180,15,-0.02814258911819889
2023-05-31,5200,5200,5200,5200,5,0.0038610038610038533
2023-06-01,5400,5400,5400,5400,1,0.03846153846153855
2023-06-02,5400,5400,5400,5400,1,0.0
2023-06-05,5400,5400,5400,5400,3,0.0
2023-06-07,5400,5400,5200,5400,302,0.0
2023-06-08,5400,5400,5040,5380,68,-0.0037037037037036535
2023-06-09,5380,5390,5200,5380,65,0.0
2023-06-12,5380,5380,5020,5290,190,-0.016728624535315983
2023-06-13,5100,5280,5020,5180,164,-0.020793950850661602
2023-06-14,5300,5400,5010,5060,909,-0.02316602316602312
2023-06-15,5060,5200,5000,5170,374,0.021739130434782705
2023-06-16,5120,5380,5120,5190,515,0.003868471953578423
2023-06-19,5190,5750,5020,5640,5498,0.08670520231213863
2023-06-20,5750,5750,5400,5620,215,-0.0035460992907800915
2023-06-21,5600,5690,5000,5670,2280,0.008896797153024938
2023-06-22,5790,5790,5200,5400,1161,-0.04761904761904767
2023-06-23,5400,5600,5400,5530,293,0.024074074074074137
2023-06-26,5600,5600,5300,5490,624,-0.007233273056057921
2023-06-27,5560,6310,5220,5630,3538,0.02550091074681249
2023-06-28,6000,6000,5430,5700,379,0.01243339253996445
2023-06-29,6000,6000,5650,5990,747,0.050877192982456076
2023-06-30,6190,6190,6000,6120,55,0.02170283806343898
2023-07-03,6190,7000,6190,6740,1360,0.10130718954248374
2023-07-04,6800,7200,6800,7190,2225,0.06676557863501476
2023-07-05,7200,7200,6540,7090,931,-0.013908205841446475
2023-07-06,7200,7200,6800,7000,2118,-0.012693935119887145
2023-07-07,7000,8050,7000,7400,1772,0.05714285714285716
2023-07-10,7400,7500,7200,7470,1339,0.009459459459459474
2023-07-11,7790,7790,7350,7590,178,0.016064257028112428
2023-07-12,7590,7700,7260,7680,1261,0.011857707509881354
2023-07-13,7690,7690,7200,7670,476,-0.0013020833333333703
2023-07-14,7690,7690,7400,7690,660,0.0026075619295957697
2023-07-17,7790,7790,7420,7780,55,0.011703511053315907
2023-07-18,7790,7790,7780,7780,5,0.0
2023-07-19,6620,7400,6620,7180,2631,-0.07712082262210795
2023-07-20,7370,7370,6800,7270,525,0.012534818941504211
2023-07-21,7390,7390,7010,7370,27,0.01375515818431916
2023-07-24,7390,7600,7000,7590,2050,0.029850746268656803
2023-07-25,7400,7800,7200,7640,1823,0.006587615283267567
2023-07-26,7790,7790,7400,7600,151,-0.005235602094240788
2023-07-27,7590,7600,7500,7590,512,-0.001315789473684159
2023-07-28,7590,7590,7200,7570,93,-0.0026350461133070047
2023-07-31,8000,8000,7780,7790,135,0.029062087186261465
2023-08-01,7700,7700,7400,7650,1462,-0.01797175866495504
2023-08-02,7990,7990,7020,7580,165,-0.009150326797385588
2023-08-03,7400,7530,7200,7470,461,-0.014511873350923521
2023-08-04,7560,7560,7150,7440,277,-0.004016064257028162
2023-08-07,7540,7540,7060,7210,423,-0.03091397849462363
2023-08-08,7390,7390,7060,7100,685,-0.015256588072122046
2023-08-09,7100,7300,7090,7300,1462,0.028169014084507005
2023-08-10,7390,7390,7350,7350,3,0.006849315068493178
2023-08-11,7390,7390,7330,7330,5,-0.0027210884353741083
2023-08-14,7110,7380,7000,7370,1980,0.005457025920873049
2023-08-16,7200,7330,7000,7180,1430,-0.02578018995929443
2023-08-17,7200,7200,7000,7120,212,-0.00835654596100277
2023-08-18,7390,7390,7010,7280,128,0.022471910112359605
2023-08-21,7390,7800,7300,7770,921,0.06730769230769229
2023-08-22,7790,7800,7430,7470,245,-0.038610038610038644
2023-08-23,7600,7600,7200,7400,143,-0.009370816599732268
2023-08-24,7400,7780,7020,7390,466,-0.0013513513513513375
2023-08-25,7070,7340,7010,7300,1004,-0.012178619756427644
2023-08-28,7230,7230,6950,7220,102,-0.010958904109588996
2023-08-29,7280,7280,7000,7130,257,-0.012465373961218829
2023-08-30,7200,7200,7100,7160,254,0.004207573632538653
2023-08-31,7200,7200,6700,7160,199,0.0
2023-09-01,7200,7200,7000,7190,451,0.0041899441340782495
2023-09-04,7400,7400,6830,7200,104,0.0013908205841446364
2023-09-05,7200,7200,6890,7090,29495,-0.015277777777777724
2023-09-06,7150,7400,7150,7350,2791,0.03667136812411842
2023-09-07,7680,7680,7100,7300,403,-0.006802721088435382
2023-09-08,7400,7750,7020,7210,3402,-0.012328767123287676
2023-09-11,7900,7900,6130,7200,4002,-0.001386962552011095
2023-09-12,7400,7500,7000,7300,2038,0.01388888888888884
2023-09-13,7400,7400,7000,7190,3004,-0.015068493150684925
2023-09-14,7200,7200,6700,6980,1685,-0.029207232267037586
2023-09-15,6710,7100,6710,7050,3457,0.01002865329512903
2023-09-18,6820,7000,6710,6980,697,-0.009929078014184411
2023-09-19,6980,6990,6980,6990,198,0.0014326647564470996
2023-09-20,7000,7000,6520,6920,1384,-0.010014306151645225
2023-09-21,6990,6990,6410,6890,1314,-0.00433526011560692
2023-09-22,6920,6920,6600,6790,102,-0.014513788098693747
2023-09-25,6800,6800,6500,6780,569,-0.0014727540500736325
2023-09-26,6800,6800,6600,6770,44,-0.001474926253687281
2023-09-27,6760,6760,6760,6760,0,-0.001477104874446078
2023-10-04,6800,6870,6600,6800,89,0.00591715976331364
2023-10-05,6800,6900,5810,5850,570,-0.13970588235294112
2023-10-06,6200,6590,6200,6590,26,0.1264957264957265
2023-10-10,6580,6580,6500,6560,10,-0.004552352048558417
2023-10-11,5580,6600,5580,6400,6041,-0.024390243902439046
2023-10-12,6650,6650,6200,6580,92,0.028124999999999956
2023-10-13,6400,6600,5800,5860,1541,-0.10942249240121582
2023-10-16,6200,6200,6150,6150,165,0.04948805460750849
2023-10-17,6200,6200,6200,6200,1,0.008130081300812941
2023-10-18,6180,6180,6170,6170,2,-0.004838709677419395
2023-10-19,6200,6200,5600,6110,535,-0.00972447325769854
2023-10-20,6060,6060,5610,6060,154,-0.008183306055646433
2023-10-23,5990,6050,5730,5730,169,-0.054455445544554504
2023-10-24,5990,6200,5990,6200,55,0.08202443280977323
2023-10-25,6200,6400,6200,6400,11,0.032258064516129004
2023-10-26,6380,6380,6380,6380,1,-0.0031250000000000444
2023-10-27,6390,6390,6370,6380,5,0.0
2023-10-30,6350,6350,6350,6350,26,-0.00470219435736674
2023-10-31,6370,6370,6370,6370,1,0.0031496062992126816
2023-11-01,6370,6370,6370,6370,1,0.0
2023-11-02,6360,6360,6360,6360,5,-0.0015698587127158659
2023-11-03,6370,6370,6360,6360,31,0.0
2023-11-06,6360,6890,5800,6200,4460,-0.02515723270440251
2023-11-07,6390,6390,5800,6290,1255,0.014516129032257963
2023-11-08,5980,6400,5800,5990,597,-0.04769475357710651
2023-11-09,6000,6200,5990,6200,143,0.03505843071786319
2023-11-10,6870,6870,5830,6170,53,-0.004838709677419395
2023-11-13,5610,6000,5520,5680,927,-0.0794165316045381
2023-11-14,5800,6000,5650,5890,36,0.0369718309859155
2023-11-15,5990,5990,5600,5930,3,0.00679117147707986
2023-11-16,5990,5990,5410,5940,87,0.001686340640809414
2023-11-17,5600,5970,5600,5940,117,0.0
2023-11-20,6000,6000,5710,5990,257,0.008417508417508435
2023-11-21,6000,6000,6000,6000,2,0.0016694490818029983
2023-11-22,6000,6200,6000,6200,18,0.03333333333333344
2023-11-23,6200,6200,6180,6180,4,-0.003225806451612856
2023-11-24,6200,6200,5810,5810,3,-0.05987055016181231
2023-11-27,5990,5990,5820,5960,47,0.025817555938037806
2023-11-28,5980,5980,5410,5930,605,-0.005033557046979831
2023-11-29,5610,5990,5610,5980,326,0.008431703204047292
2023-11-30,6000,6000,6000,6000,1,0.0033444816053511683
2023-12-01,6000,6000,6000,6000,1,0.0
2023-12-04,6000,6000,5580,5980,69,-0.0033333333333332993
2023-12-05,5990,5990,5990,5990,1,0.0016722408026756952
2023-12-06,5990,5990,5830,5990,37,0.0
2023-12-07,5990,5990,5700,5990,475,0.0
2023-12-08,6000,6000,6000,6000,1,0.0016694490818029983
2023-12-11,6000,6000,6000,6000,1,0.0
2023-12-12,6000,6600,6000,6200,68,0.03333333333333344
2023-12-13,6200,6200,6200,6200,1,0.0
2023-12-14,6200,6200,6200,6200,1,0.0
2023-12-15,6180,6180,6180,6180,0,-0.003225806451612856
2023-12-18,6200,6200,6200,6200,1,0.003236245954692629
2023-12-19,6200,6200,6200,6200,1,0.0
2023-12-20,6100,6100,5800,6090,6,-0.01774193548387093
2023-12-21,6090,6100,5810,6000,55,-0.014778325123152691
2023-12-22,6200,6200,6200,6200,1,0.03333333333333344
2023-12-26,6150,6150,6150,6150,0,-0.008064516129032251
2023-12-27,6150,6200,6000,6140,174,-0.001626016260162566
2023-12-28,6090,6140,5800,6040,1145,-0.016286644951140072
2024-01-02,6090,6090,5610,5990,1408,-0.008278145695364225
2024-01-03,6000,6000,5960,5960,24,-0.005008347245408995
2024-01-04,5950,5950,5610,5900,4,-0.010067114093959773
2024-01-05,5950,5950,5920,5930,140,0.005084745762711895
2024-01-08,5930,5930,5050,5910,2070,-0.003372681281618939
2024-01-09,5890,5890,5510,5700,526,-0.035532994923857864
2024-01-10,5800,5800,5500,5740,621,0.007017543859649145
2024-01-11,5930,5930,5410,5760,586,0.0034843205574912606
2024-01-12,5800,5800,5700,5700,3,-0.01041666666666663
2024-01-15,5800,5800,5730,5730,124,0.0052631578947368585
2024-01-16,5730,5960,5720,5720,458,-0.0017452006980802626
2024-01-17,5950,5950,5750,5750,67,0.005244755244755206
2024-01-18,5960,5960,5100,5850,674,0.017391304347825987
2024-01-19,5400,5800,5270,5790,164,-0.01025641025641022
2024-01-22,5840,5840,5600,5800,542,0.0017271157167531026
2024-01-23,5800,5800,5460,5800,102,0.0
2024-01-24,5800,5800,5500,5760,203,-0.006896551724137945
2024-01-25,5780,5950,5660,5900,3272,0.02430555555555558
2024-01-26,5900,6780,5510,6390,4514,0.08305084745762703
2024-01-29,6390,6390,6390,6390,1,0.0
2024-01-30,6400,6400,6190,6380,293,-0.0015649452269170805
2024-01-31,6350,6350,6300,6300,6,-0.01253918495297801
2024-02-01,6300,6300,6300,6300,1,0.0
2024-02-02,6400,6400,6000,6380,3461,0.012698412698412653
2024-02-05,6400,6400,6000,6140,1683,-0.037617554858934144
2024-02-06,6130,6130,5800,5940,402,-0.032573289902280145
2024-02-07,5930,5930,5930,5930,302,-0.0016835016835017313
2024-02-08,5930,5930,5600,5800,1661,-0.021922428330522714
2024-02-13,5800,5800,5700,5800,557,0.0
2024-02-14,5800,6200,5800,5820,135,0.0034482758620688614
2024-02-15,6000,6000,6000,6000,2,0.030927835051546282
2024-02-16,6000,6000,5950,5950,15,-0.008333333333333304
2024-02-19,5950,5950,5800,5900,98,-0.008403361344537785
2024-02-20,6000,6000,5670,5970,90,0.011864406779660941
2024-02-21,6000,6000,5600,5900,322,-0.011725293132328285
2024-02-22,5630,5950,5600,5950,856,0.008474576271186418
2024-02-23,6000,6000,5510,5760,2411,-0.031932773109243695
2024-02-26,5800,5800,5760,5780,912,0.003472222222222321
2024-02-27,5800,6000,5600,6000,85,0.03806228373702414
2024-02-28,5990,5990,5990,5990,15,-0.0016666666666667052
2024-02-29,5810,5970,5800,5940,265,-0.008347245409014992
2024-03-04,5940,5940,5750,5920,2355,-0.0033670033670033517
2024-03-05,6000,6000,5700,5970,264,0.008445945945946054
2024-03-06,6840,6840,5750,6170,857,0.03350083752093802
2024-03-07,6180,6180,5490,5490,51,-0.1102106969205835
2024-03-08,5790,6000,5790,5980,25,0.08925318761384338
2024-03-11,6190,6190,5620,5920,204,-0.010033444816053505
2024-03-12,5990,6390,5800,5990,718,0.011824324324324342
2024-03-13,6000,6090,5500,5990,747,0.0
2024-03-14,5990,6180,5800,6180,2661,0.03171953255425719
2024-03-15,6190,6190,5600,6150,3803,-0.004854368932038833
2024-03-18,6190,6190,5800,6140,176,-0.001626016260162566
2024-03-19,6190,6190,5800,6170,62,0.004885993485342022
2024-03-20,6160,6160,5600,6000,19022,-0.027552674230145846
2024-03-21,6190,6390,5810,6200,936,0.03333333333333344
2024-03-22,6180,6190,5800,6150,253,-0.008064516129032251
2024-03-25,6190,6190,5820,5990,2387,-0.026016260162601612
2024-03-26,6190,6190,6000,6190,455,0.03338898163606019
2024-03-27,6200,6200,5620,5760,265,-0.06946688206785134
2024-03-28,6000,6180,5810,6140,27,0.06597222222222232
2024-03-29,6190,6190,5650,6000,368,-0.0228013029315961
2024-04-01,6000,6190,5700,5990,320,-0.0016666666666667052
2024-04-02,6190,6190,6000,6000,5,0.0016694490818029983
2024-04-03,6180,6180,5800,6160,8,0.026666666666666616
2024-04-04,6190,6190,5800,5980,1305,-0.02922077922077926
2024-04-05,5990,5990,5600,5990,2654,0.0016722408026756952
2024-04-08,6000,6000,6000,6000,1,0.0016694490818029983
2024-04-09,5990,5990,5600,5870,450,-0.021666666666666612
2024-04-11,5710,5910,5710,5910,36,0.006814310051107331
2024-04-12,5720,5930,5710,5870,5805,-0.006768189509306244
2024-04-15,5980,5980,5620,5910,35,0.006814310051107331
2024-04-16,5960,5960,5660,5950,1704,0.006768189509306355
2024-04-17,5990,5990,5980,5980,2,0.005042016806722671
2024-04-18,5980,5980,5660,5970,6,-0.0016722408026755842
2024-04-19,6380,6380,5990,5990,2,0.003350083752093891
2024-04-22,5980,6190,5980,6190,125,0.03338898163606019
2024-04-23,6200,6200,5900,6150,102,-0.00646203554119551
2024-04-24,6190,6190,5850,6090,126,-0.009756097560975618
2024-04-25,6080,6080,5830,6060,393,-0.0049261083743842304
2024-04-26,6060,6060,6040,6040,5,-0.0033003300330033403
2024-04-29,6170,6170,6170,6170,1,0.021523178807947074
2024-04-30,6150,6160,5810,6160,594,-0.0016207455429497752
2024-05-02,6200,6200,5990,5990,30,-0.02759740259740262
2024-05-03,6180,6180,5920,5930,477,-0.01001669449081799
2024-05-07,6150,6190,6150,6190,12,0.04384485666104543
2024-05-08,6190,6200,6190,6200,5,0.001615508885298933
2024-05-09,6190,6190,6100,6150,36,-0.008064516129032251
2024-05-10,6190,6390,6000,6190,51,0.006504065040650486
2024-05-13,6190,6190,5970,6180,13,-0.001615508885298822
2024-05-14,6180,6180,6160,6170,7,-0.0016181229773463146
2024-05-16,6190,6290,6160,6240,172,0.011345218800648205
2024-05-17,6290,6300,6200,6270,64,0.004807692307692291
2024-05-20,6000,6200,5900,6190,306,-0.012759170653907526
2024-05-21,6190,6190,6180,6180,10,-0.001615508885298822
2024-05-22,6190,6190,6000,6180,275,0.0
2024-05-23,6050,6170,5820,6160,61,-0.003236245954692518
2024-05-24,6190,6190,5800,6160,41,0.0
2024-05-27,6190,6190,6090,6190,127,0.004870129870129913
2024-05-28,6180,6180,6090,6180,110,-0.001615508885298822
2024-05-29,6190,6190,5620,6190,215,0.0016181229773462036
2024-05-30,6180,6180,6160,6160,4,-0.004846526655896577
2024-05-31,6180,6180,6180,6180,1,0.0032467532467532756
2024-06-03,6180,6180,6180,6180,1,0.0
2024-06-04,5830,6140,5820,6120,577,-0.009708737864077666
2024-06-05,6110,6110,5800,5890,303,-0.037581699346405206
2024-06-07,5890,6000,5870,5990,218,0.01697792869269943
2024-06-10,6000,6000,5990,5990,3,0.0
2024-06-11,5990,6110,5800,5980,118,-0.0016694490818029983
2024-06-12,6110,6110,5090,5970,2370,-0.0016722408026755842
2024-06-13,6110,6110,5800,5930,214,-0.00670016750418756
2024-06-14,5990,6000,5630,5870,319,-0.010118043844856706
2024-06-17,5650,5870,5620,5870,281,0.0
2024-06-18,5950,5950,5600,5850,29,-0.0034071550255536653
2024-06-19,5450,5980,5000,5130,4284,-0.12307692307692308
2024-06-20,5400,5400,5080,5220,1588,0.01754385964912286
2024-06-21,5360,5370,5040,5220,1415,0.0
2024-06-24,5370,5370,5020,5290,1179,0.013409961685823646
2024-06-25,5100,5360,5010,5350,247,0.011342155009451904
2024-06-26,5390,5390,5100,5380,22,0.005607476635514086
2024-06-27,5390,5390,5130,5130,74,-0.04646840148698883
2024-06-28,5390,5390,5000,5390,147,0.050682261208577106
2024-07-01,5010,5390,5010,5390,21,0.0
2024-07-02,5390,5400,5100,5350,34,-0.007421150278293154
2024-07-03,5380,5380,5360,5360,7,0.0018691588785046953
2024-07-04,5390,5390,4960,5200,628,-0.02985074626865669
2024-07-05,5180,5190,5000,5100,394,-0.019230769230769273
2024-07-08,5100,5100,5090,5100,148,0.0
2024-07-09,5190,5190,5050,5190,32,0.01764705882352935
2024-07-10,5190,5200,4960,5200,23,0.0019267822736031004
2024-07-11,5370,5390,5000,5000,422,-0.038461538461538436
2024-07-12,5190,5190,4915,5080,416,0.016000000000000014
2024-07-15,5080,5340,5080,5340,357,0.051181102362204633
2024-07-16,5390,5390,5370,5380,19,0.0074906367041198685
2024-07-17,5390,5390,5390,5390,2,0.0018587360594795044
2024-07-18,5390,5500,5280,5400,54,0.0018552875695732052
2024-07-19,5580,5580,5200,5380,158,-0.0037037037037036535
2024-07-22,5400,5600,5010,5350,533,-0.005576208178438624
2024-07-23,5030,5340,5010,5310,1832,-0.00747663551401867
2024-07-24,5370,5600,5200,5450,993,0.026365348399246757
2024-07-25,5400,5400,5210,5210,414,-0.044036697247706424
2024-07-26,5440,5440,5270,5300,757,0.017274472168905985
2024-07-29,5300,5430,5300,5420,201,0.02264150943396226
2024-07-30,5300,5420,5200,5340,1084,-0.014760147601476037
2024-07-31,5340,5400,5200,5340,560,0.0
2024-08-01,5340,5800,5210,5340,1429,0.0
2024-08-02,5310,5320,5050,5250,606,-0.016853932584269704
2024-08-05,5390,5390,5000,5240,157,-0.0019047619047618536
2024-08-06,5200,5390,5000,5230,32,-0.001908396946564861
2024-08-07,5200,5370,5200,5250,90,0.003824091778202643
2024-08-08,5240,5240,5080,5220,480,-0.005714285714285672
2024-08-09,5330,5330,5210,5210,289,-0.0019157088122605526
2024-08-12,5380,5380,5020,5200,145,-0.0019193857965451588
2024-08-13,5200,5200,5040,5090,140,-0.02115384615384619
2024-08-14,5390,5390,5170,5310,311,0.043222003929273
2024-08-16,5300,5300,5050,5140,256,-0.032015065913371
2024-08-19,5390,5390,5080,5330,152,0.03696498054474717
2024-08-20,5270,5270,5230,5230,8,-0.018761726078799223
2024-08-21,5400,5400,5230,5230,15,0.0
2024-08-22,5230,5230,5010,5130,167,-0.019120458891013437
2024-08-23,5120,5390,5090,5370,535,0.04678362573099415
2024-08-26,5390,5390,5380,5380,3,0.0018621973929235924
2024-08-27,5370,5370,5160,5330,195,-0.009293680297397744
2024-08-28,5390,5390,5230,5340,16,0.0018761726078799779
2024-08-29,5390,5590,5190,5370,383,0.00561797752808979
2024-08-30,5390,5390,5230,5380,90,0.0018621973929235924
2024-09-02,5390,5400,5200,5390,363,0.0018587360594795044
2024-09-03,5390,5390,5260,5390,108,0.0
2024-09-04,5380,5380,5060,5350,94,-0.007421150278293154
2024-09-05,5390,5390,5020,5360,186,0.0018691588785046953
2024-09-06,5370,5370,5070,5360,546,0.0
2024-09-09,5390,5390,5100,5360,308,0.0
2024-09-10,5350,5350,5020,5340,12,-0.003731343283582045
2024-09-11,5380,5380,5000,5260,81,-0.014981273408239737
2024-09-12,5200,5370,4480,4695,2876,-0.10741444866920147
2024-09-13,4895,4950,4000,4600,5028,-0.020234291799786974
2024-09-19,4700,4970,4600,4890,271,0.06304347826086953
2024-09-20,4995,4995,4700,4895,75,0.0010224948875254825
2024-09-23,4600,4900,4305,4310,876,-0.11950970377936665
2024-09-24,4495,4955,4300,4955,15085,0.1496519721577727
2024-09-25,5090,5690,5070,5690,3928,0.14833501513622593
2024-09-26,5990,6370,5600,5860,570,0.02987697715289972
2024-09-27,5990,5990,5830,5830,2046,-0.005119453924914641
2024-09-30,5990,5990,5760,5820,260,-0.0017152658662092923
2024-10-02,5990,5990,5710,5860,16,0.0068728522336769515
2024-10-04,5980,6110,5430,6100,6554,0.04095563139931735
2024-10-07,6190,7010,6190,7010,11583,0.14918032786885238
2024-10-08,7950,7950,6600,7260,6568,0.03566333808844502
2024-10-10,7260,7390,6350,6670,4454,-0.08126721763085398
2024-10-11,6690,6690,6280,6280,1439,-0.058470764617691184
2024-10-14,6590,6590,6000,6180,840,-0.015923566878980888
2024-10-15,6190,6190,5490,5800,5227,-0.06148867313915862
2024-10-16,5990,5990,5250,5590,2102,-0.036206896551724155
2024-10-17,5590,5990,5250,5800,2391,0.0375670840787119
2024-10-18,5790,5950,5440,5760,200,-0.006896551724137945
2024-10-21,5790,5790,5400,5500,745,-0.04513888888888884
2024-10-22,5600,5700,5240,5530,689,0.005454545454545379
2024-10-23,5580,5580,5160,5540,1897,0.001808318264014508
2024-10-24,5590,5590,5000,5420,1336,-0.02166064981949456
2024-10-25,5580,5580,5000,5440,1504,0.0036900369003689537
2024-10-28,5500,5550,5000,5200,2927,-0.044117647058823484
2024-10-29,5180,5180,5000,5130,898,-0.013461538461538414
2024-10-30,5200,5200,5170,5180,208,0.00974658869395717
2024-10-31,5290,5290,4700,5010,2328,-0.032818532818532864
2024-11-01,5090,5090,5000,5040,102,0.0059880239520957446
2024-11-04,5090,5090,4700,4900,703,-0.02777777777777779
2024-11-05,4900,4995,4600,4890,1772,-0.0020408163265306367
2024-11-06,4895,4895,4650,4840,695,-0.010224948875255602
2024-11-07,4890,4890,4600,4795,262,-0.009297520661157077
2024-11-08,4890,4890,4600,4845,203,0.010427528675703845
2024-11-11,4900,4900,4500,4695,2518,-0.03095975232198145
2024-11-12,4405,4995,4405,4980,1052,0.060702875399361034
2024-11-13,4985,4985,4800,4895,587,-0.017068273092369468
2024-11-14,4975,4980,4700,4895,504,0.0
2024-11-15,4605,4880,4500,4780,1085,-0.023493360572012234
2024-11-18,4700,5000,4590,4955,1900,0.03661087866108792
2024-11-19,4950,4955,4700,4900,948,-0.011099899091826404
2024-11-20,4900,4985,4700,4935,1274,0.0071428571428571175
2024-11-21,4900,4990,4400,4990,3812,0.011144883485308954
2024-11-22,4985,4985,4600,4730,1482,-0.05210420841683372
2024-11-25,4515,5090,4025,4745,6527,0.003171247357293794
2024-11-26,4985,4985,4500,4835,369,0.018967334035827177
2024-11-27,4790,4790,4500,4755,290,-0.016546018614270963
2024-11-28,4550,4785,4415,4650,338,-0.02208201892744477
2024-11-29,4690,4690,4400,4590,844,-0.012903225806451646
2024-12-02,4580,4790,4500,4790,2215,0.04357298474945526
2024-12-03,4790,4970,4520,4800,2234,0.0020876826722338038
2024-12-04,4790,4800,4400,4675,1550,-0.02604166666666663
2024-12-05,4690,4690,4300,4480,1272,-0.0417112299465241
