Date,Open,High,Low,Close,Volume,Change
2022-01-03,2700,2750,2670,2725,322649,0.0092592592592593
2022-01-04,2710,2725,2680,2690,303428,-0.012844036697247652
2022-01-05,2695,2760,2680,2690,553145,0.0
2022-01-06,2690,2690,2560,2590,548422,-0.03717472118959109
2022-01-07,2570,2625,2570,2625,369668,0.013513513513513598
2022-01-10,2615,2615,2500,2525,517100,-0.03809523809523807
2022-01-11,2520,2540,2410,2470,437906,-0.0217821782178218
2022-01-12,2460,2535,2450,2470,351264,0.0
2022-01-13,2480,2550,2455,2455,272355,-0.006072874493927127
2022-01-14,2455,2455,2360,2385,401987,-0.02851323828920571
2022-01-17,2395,2395,2295,2315,387843,-0.02935010482180289
2022-01-18,2350,2375,2270,2275,338329,-0.017278617710583144
2022-01-19,2225,2320,2205,2295,375460,0.00879120879120876
2022-01-20,2300,2330,2255,2305,195259,0.004357298474945592
2022-01-21,2295,2320,2230,2240,304821,-0.02819956616052066
2022-01-24,2205,2225,2115,2145,432092,-0.0424107142857143
2022-01-25,2125,2150,1995,2065,579692,-0.037296037296037254
2022-01-26,2050,2360,2040,2120,852719,0.026634382566586012
2022-01-27,2085,2150,2030,2050,363159,-0.03301886792452835
2022-01-28,2020,2110,2005,2095,264957,0.02195121951219514
2022-02-03,2175,2180,2090,2125,231440,0.014319809069212486
2022-02-04,2140,2180,2095,2180,227349,0.025882352941176467
2022-02-07,2185,2200,2120,2165,150630,-0.006880733944954143
2022-02-08,2195,2500,2120,2200,1865891,0.01616628175519641
2022-02-09,2225,2225,2140,2160,340062,-0.018181818181818188
2022-02-10,2175,2255,2150,2190,812358,0.01388888888888884
2022-02-11,2200,2210,2125,2125,263813,-0.029680365296803624
2022-02-14,2070,2120,2010,2045,418529,-0.03764705882352937
2022-02-15,2070,2245,2000,2005,758933,-0.019559902200488977
2022-02-16,2045,2115,2020,2110,355346,0.052369077306733125
2022-02-17,2110,2740,2090,2740,9614801,0.2985781990521328
2022-02-18,3045,3085,2745,2795,17239747,0.02007299270072993
2022-02-21,2765,3060,2750,2875,9651571,0.028622540250447193
2022-02-22,2820,3055,2810,2855,8601947,-0.006956521739130417
2022-02-23,2930,3070,2855,3070,6586630,0.07530647985989503
2022-02-24,3400,3835,3230,3460,34350664,0.12703583061889256
2022-02-25,3400,3450,3135,3250,6469111,-0.06069364161849711
2022-02-28,3230,3740,3050,3450,15544998,0.06153846153846154
2022-03-02,3395,3650,3320,3470,8257008,0.005797101449275255
2022-03-03,3500,3550,3375,3450,3277833,-0.0057636887608069065
2022-03-04,3465,3840,3455,3600,31041733,0.04347826086956519
2022-03-07,3610,3690,3355,3370,3638802,-0.06388888888888888
2022-03-08,3400,3405,3130,3170,3160813,-0.05934718100890213
2022-03-10,3180,3215,3030,3160,1901485,-0.003154574132492094
2022-03-11,3135,3275,3070,3180,2351671,0.006329113924050667
2022-03-14,3180,3240,3070,3200,1919028,0.0062893081761006275
2022-03-15,3165,3170,2920,2930,1869555,-0.08437499999999998
2022-03-16,2955,3030,2900,2940,835034,0.0034129692832765013
2022-03-17,2965,3000,2910,2955,787556,0.005102040816326481
2022-03-18,2980,3010,2920,2960,867949,0.0016920473773265332
2022-03-21,2965,2980,2870,2890,662977,-0.023648648648648685
2022-03-22,2890,2970,2880,2920,772202,0.01038062283737018
2022-03-23,2920,2955,2870,2885,638655,-0.011986301369863006
2022-03-24,2885,2885,2800,2850,550642,-0.012131715771230511
2022-03-25,2850,2870,2780,2790,623497,-0.021052631578947323
2022-03-28,2795,2815,2730,2770,574122,-0.007168458781361964
2022-03-29,2755,2825,2710,2745,555086,-0.009025270758122761
2022-03-30,2785,3205,2735,2890,10896198,0.052823315118396996
2022-03-31,2860,2950,2810,2910,1181048,0.006920415224913601
2022-04-01,2885,2890,2820,2850,548577,-0.020618556701030966
2022-04-04,2870,2875,2785,2855,780112,0.0017543859649122862
2022-04-05,2985,3280,2970,3180,10505494,0.11383537653239939
2022-04-06,3205,3260,2990,3095,2719696,-0.026729559748427723
2022-04-07,3070,3075,2940,2945,965012,-0.0484652665589661
2022-04-08,2955,3155,2890,3090,2628593,0.04923599320882843
2022-04-11,3115,3170,3000,3020,1004549,-0.02265372168284785
2022-04-12,2970,3065,2945,2965,513721,-0.018211920529801362
2022-04-13,2970,3000,2860,2885,608410,-0.026981450252951067
2022-04-14,2900,2930,2835,2865,579577,-0.006932409012131768
2022-04-15,2900,2930,2860,2895,408199,0.010471204188481575
2022-04-18,2935,2980,2865,2895,556667,0.0
2022-04-19,2910,2925,2860,2915,504352,0.006908462867012188
2022-04-20,2915,2980,2900,2915,635125,0.0
2022-04-21,2920,3045,2870,3000,1004543,0.029159519725557415
2022-04-22,3025,3120,2915,3055,1682279,0.018333333333333313
2022-04-25,2985,3025,2920,2930,725762,-0.04091653027823239
2022-04-26,2925,2935,2885,2910,368105,-0.0068259385665528916
2022-04-27,2800,2900,2750,2895,498659,-0.005154639175257714
2022-04-28,2900,2975,2900,2965,641953,0.024179620034542326
2022-04-29,2960,3000,2910,2940,412814,-0.00843170320404718
2022-05-02,2860,2925,2855,2900,283675,-0.013605442176870763
2022-05-03,2930,2990,2905,2905,445457,0.0017241379310344307
2022-05-04,2945,2945,2825,2875,340812,-0.0103270223752151
2022-05-06,2865,2900,2810,2885,196291,0.003478260869565153
2022-05-09,2885,2885,2755,2765,380294,-0.04159445407279028
2022-05-10,2770,2770,2535,2690,539634,-0.027124773960216952
2022-05-11,2685,2970,2680,2790,2115755,0.037174721189590976
2022-05-12,2770,3100,2720,2910,5804505,0.043010752688172005
2022-05-13,3020,3175,2970,3105,5305763,0.0670103092783505
2022-05-16,3070,3075,2985,2995,1090485,-0.03542673107890504
2022-05-17,2970,3025,2900,3025,621605,0.01001669449081799
2022-05-18,2985,3045,2945,2955,650332,-0.023140495867768562
2022-05-19,2880,2925,2825,2840,589661,-0.03891708967851104
2022-05-20,2845,3015,2835,2950,1218471,0.03873239436619724
2022-05-23,2980,3050,2930,2995,777140,0.015254237288135686
2022-05-24,3045,3095,2965,2980,1234549,-0.005008347245408995
2022-05-25,3010,3010,2910,2935,387055,-0.015100671140939603
2022-05-26,2925,2985,2880,2960,389768,0.008517887563884052
2022-05-27,2960,3025,2945,2990,505065,0.010135135135135087
2022-05-30,3005,3035,2920,2920,479514,-0.02341137123745818
2022-05-31,2945,2950,2895,2940,348676,0.006849315068493178
2022-06-02,2950,2975,2915,2930,306687,-0.003401360544217691
2022-06-03,2940,2985,2915,2935,241761,0.0017064846416381396
2022-06-07,2920,2935,2840,2855,392063,-0.027257240204429323
2022-06-08,2855,2865,2795,2815,276902,-0.014010507880910628
2022-06-09,2820,2820,2710,2735,383321,-0.028419182948490218
2022-06-10,2700,2790,2550,2760,382008,0.009140767824497242
2022-06-13,2680,2700,2550,2555,444500,-0.07427536231884058
2022-06-14,2450,2550,2410,2520,455348,-0.013698630136986356
2022-06-15,2550,2550,2365,2365,332287,-0.06150793650793651
2022-06-16,2365,2450,2340,2345,255609,-0.008456659619450302
2022-06-17,2250,2345,2250,2310,254706,-0.014925373134328401
2022-06-20,2320,2365,2160,2185,398906,-0.05411255411255411
2022-06-21,2140,2250,2140,2230,240558,0.020594965675057253
2022-06-22,2240,2330,2095,2110,398393,-0.053811659192825156
2022-06-23,2065,2130,1955,1990,452739,-0.056872037914691975
2022-06-24,1900,2080,1900,2070,228532,0.04020100502512558
2022-06-27,2070,2220,1960,2170,271462,0.048309178743961345
2022-06-28,2120,2230,2115,2180,191248,0.004608294930875667
2022-06-29,2120,2195,2105,2165,187849,-0.006880733944954143
2022-06-30,2250,2250,2080,2080,274761,-0.03926096997690531
2022-07-01,2080,2115,1990,2005,249200,-0.03605769230769229
2022-07-04,2030,2030,1950,1980,156554,-0.012468827930174564
2022-07-05,2000,2100,2000,2085,200468,0.05303030303030298
2022-07-06,2090,2090,2000,2020,123940,-0.031175059952038398
2022-07-07,2020,2080,2015,2060,89242,0.01980198019801982
2022-07-08,2085,2140,2070,2095,245413,0.016990291262136026
2022-07-11,2095,2125,2055,2070,203634,-0.011933174224343701
2022-07-12,2095,2095,1995,2015,163143,-0.02657004830917875
2022-07-13,2015,2030,1980,2000,133586,-0.007444168734491274
2022-07-14,2005,2025,1975,2015,180851,0.007500000000000062
2022-07-15,2010,2010,1955,1975,220640,-0.01985111662531014
2022-07-18,1980,2020,1980,2015,182094,0.020253164556962133
2022-07-19,2010,2050,1985,2030,185861,0.007444168734491274
2022-07-20,2055,2080,2010,2030,214878,0.0
2022-07-21,2030,2085,2020,2045,169678,0.00738916256157629
2022-07-22,2035,2055,2005,2005,146258,-0.019559902200488977
2022-07-25,2025,2025,1990,2010,116425,0.0024937655860348684
2022-07-26,2020,2025,1980,1990,239615,-0.00995024875621886
2022-07-27,1990,2010,1970,2000,106910,0.005025125628140614
2022-07-28,2010,2030,1755,1790,6244683,-0.10499999999999998
2022-07-29,1815,1840,1800,1830,609768,0.022346368715083775
2022-08-01,1840,1880,1800,1810,752648,-0.010928961748633892
2022-08-02,1815,1830,1760,1800,511821,-0.0055248618784530246
2022-08-03,1800,1815,1780,1805,394208,0.002777777777777768
2022-08-04,1825,1845,1800,1845,490963,0.02216066481994461
2022-08-05,1845,1885,1830,1860,521908,0.008130081300812941
2022-08-08,1870,1875,1835,1865,314621,0.0026881720430107503
2022-08-09,1855,1890,1825,1830,242610,-0.018766756032171594
2022-08-10,1820,1840,1800,1805,207921,-0.013661202185792365
2022-08-11,1820,1840,1815,1830,153399,0.013850415512465464
2022-08-12,1840,1860,1820,1855,326882,0.013661202185792254
2022-08-16,1865,1865,1820,1840,291513,-0.008086253369272267
2022-08-17,1855,1860,1805,1815,293799,-0.013586956521739135
2022-08-18,1815,1845,1790,1835,343200,0.011019283746556363
2022-08-19,1835,1845,1815,1820,193647,-0.008174386920980936
2022-08-22,1815,1815,1750,1760,468138,-0.03296703296703296
2022-08-23,1755,1765,1715,1735,201028,-0.014204545454545414
2022-08-24,1725,1770,1705,1720,248121,-0.008645533141210415
2022-08-25,1725,1805,1720,1760,363335,0.023255813953488413
2022-08-26,1770,1785,1740,1755,147473,-0.0028409090909090606
2022-08-29,1715,1735,1655,1710,271923,-0.02564102564102566
2022-08-30,1690,1720,1650,1675,378137,-0.020467836257309968
2022-08-31,1660,1710,1655,1705,192502,0.017910447761193993
2022-09-01,1720,1720,1660,1665,235457,-0.02346041055718473
2022-09-02,1655,1675,1650,1660,194125,-0.0030030030030030463
2022-09-05,1660,1660,1580,1580,353216,-0.048192771084337394
2022-09-06,1555,1610,1555,1600,150293,0.012658227848101333
2022-09-07,1590,1610,1545,1565,192587,-0.021874999999999978
2022-09-08,1585,1655,1560,1605,273115,0.025559105431310014
2022-09-13,1640,1670,1605,1645,279945,0.024922118380062308
2022-09-14,1560,1670,1560,1645,224043,0.0
2022-09-15,1650,1665,1625,1630,132840,-0.00911854103343468
2022-09-16,1610,1625,1570,1590,182088,-0.024539877300613466
2022-09-19,1595,1595,1480,1490,333064,-0.06289308176100628
2022-09-20,1485,1515,1480,1490,111072,0.0
2022-09-21,1485,1550,1430,1500,257475,0.006711409395973256
2022-09-22,1485,1485,1430,1480,199759,-0.013333333333333308
2022-09-23,1455,1470,1380,1395,365380,-0.057432432432432456
2022-09-26,1385,1385,1305,1315,273501,-0.05734767025089604
2022-09-27,1305,1410,1285,1340,432868,0.019011406844106515
2022-09-28,1340,1355,1250,1265,249061,-0.05597014925373134
2022-09-29,1270,1315,1260,1265,268495,0.0
2022-09-30,1225,1265,1220,1230,138386,-0.02766798418972327
2022-10-04,1235,1275,1235,1250,200134,0.016260162601626105
2022-10-05,1260,1270,1205,1235,143837,-0.01200000000000001
2022-10-06,1215,1600,1215,1510,6453731,0.22267206477732793
2022-10-07,1530,1765,1450,1545,9440965,0.023178807947019875
2022-10-11,1500,1530,1365,1415,1444677,-0.08414239482200647
2022-10-12,1430,1835,1425,1835,21335583,0.29681978798586584
2022-10-13,1780,2160,1650,1730,22691234,-0.05722070844686644
2022-10-14,1730,1850,1700,1760,4203307,0.01734104046242768
2022-10-17,1750,1835,1690,1785,2202900,0.014204545454545414
2022-10-18,1790,1840,1735,1800,2079148,0.008403361344537785
2022-10-19,1825,1840,1725,1740,1011636,-0.033333333333333326
2022-10-20,1750,1775,1665,1665,984346,-0.0431034482758621
2022-10-21,1690,1760,1555,1570,1572625,-0.0570570570570571
2022-10-24,1590,1605,1540,1565,668188,-0.0031847133757961776
2022-10-25,1585,1600,1530,1560,462805,-0.0031948881789137795
2022-10-26,1590,1595,1460,1470,676525,-0.05769230769230771
2022-10-27,1470,1500,1385,1490,403813,0.013605442176870763
2022-10-28,1450,1465,1420,1420,417092,-0.046979865771812124
2022-10-31,1435,1450,1385,1420,250579,0.0
2022-11-01,1420,1480,1385,1470,454878,0.035211267605633756
2022-11-02,1450,1550,1435,1495,489784,0.017006802721088343
2022-11-03,1450,1475,1420,1445,264636,-0.03344481605351168
2022-11-04,1490,1520,1430,1470,566336,0.01730103806228378
2022-11-07,1495,1525,1445,1500,437174,0.020408163265306145
2022-11-08,1515,1535,1495,1515,400736,0.010000000000000009
2022-11-09,1510,1545,1505,1515,396193,0.0
2022-11-10,1515,1555,1485,1545,611146,0.01980198019801982
2022-11-11,1580,1595,1525,1545,895079,0.0
2022-11-14,1560,1565,1420,1560,620793,0.009708737864077666
2022-11-15,1570,1585,1530,1575,510409,0.009615384615384581
2022-11-16,1560,1575,1530,1540,256231,-0.022222222222222254
2022-11-17,1545,1560,1480,1495,373019,-0.02922077922077926
2022-11-18,1480,1515,1470,1485,165302,-0.006688963210702337
2022-11-21,1490,1490,1435,1440,194061,-0.030303030303030276
2022-11-22,1455,1555,1455,1485,728194,0.03125
2022-11-23,1505,1800,1460,1695,9479198,0.14141414141414144
2022-11-24,1675,1695,1620,1640,1042643,-0.03244837758112096
2022-11-25,1635,1670,1590,1600,798144,-0.024390243902439046
2022-11-28,1605,1625,1555,1580,430772,-0.012499999999999956
2022-11-29,1550,1640,1540,1640,352660,0.03797468354430378
2022-11-30,1645,1650,1605,1625,426373,-0.009146341463414642
2022-12-01,1625,1645,1600,1610,358258,-0.009230769230769265
2022-12-02,1610,1610,1575,1595,167710,-0.009316770186335366
2022-12-05,1565,1635,1545,1610,383009,0.00940438871473348
2022-12-06,1610,1610,1555,1560,184493,-0.03105590062111796
2022-12-07,1560,1560,1515,1520,218324,-0.02564102564102566
2022-12-08,1520,1525,1475,1495,196330,-0.016447368421052655
2022-12-09,1500,1565,1500,1540,318060,0.030100334448160515
2022-12-12,1540,1540,1505,1520,141668,-0.012987012987012991
2022-12-13,1525,1550,1505,1550,186866,0.019736842105263053
2022-12-14,1560,1565,1525,1545,151192,-0.003225806451612856
2022-12-15,1555,1560,1520,1540,119943,-0.003236245954692518
2022-12-16,1505,1610,1505,1535,388284,-0.0032467532467532756
2022-12-19,1515,1565,1515,1520,154875,-0.009771986970684043
2022-12-20,1530,1530,1480,1490,170730,-0.019736842105263164
2022-12-21,1495,1510,1460,1460,145648,-0.020134228187919434
2022-12-22,1465,1525,1465,1515,272729,0.03767123287671237
2022-12-23,1505,1510,1450,1455,252745,-0.03960396039603964
2022-12-26,1440,1445,1380,1410,226158,-0.030927835051546393
2022-12-27,1410,1430,1375,1390,211506,-0.014184397163120588
2022-12-28,1390,1410,1360,1385,146629,-0.003597122302158251
2022-12-29,1385,1430,1330,1355,157217,-0.02166064981949456
2023-01-02,1325,1380,1315,1320,145233,-0.02583025830258301
2023-01-03,1305,1325,1285,1310,121738,-0.007575757575757569
2023-01-04,1310,1340,1300,1330,106317,0.01526717557251911
2023-01-05,1335,1370,1325,1325,90227,-0.003759398496240629
2023-01-06,1325,1520,1315,1465,1485357,0.10566037735849054
2023-01-09,1480,1485,1420,1470,440337,0.0034129692832765013
2023-01-10,1465,1485,1445,1450,156866,-0.013605442176870763
2023-01-11,1470,1470,1440,1450,119111,0.0
2023-01-12,1460,1470,1415,1425,138180,-0.017241379310344862
2023-01-13,1430,1510,1425,1490,674481,0.04561403508771922
2023-01-16,1510,1510,1460,1475,341149,-0.010067114093959773
2023-01-17,1480,1505,1465,1470,266927,-0.003389830508474523
2023-01-18,1470,1470,1440,1450,168834,-0.013605442176870763
2023-01-19,1435,1465,1410,1415,188498,-0.024137931034482807
2023-01-20,1400,1435,1395,1425,178491,0.007067137809187329
2023-01-25,1425,1435,1413,1416,150954,-0.0063157894736841635
2023-01-26,1426,1426,1408,1419,211169,0.0021186440677967155
2023-01-27,1424,1670,1420,1498,8613244,0.05567300916138129
2023-01-30,1498,1500,1465,1465,581532,-0.02202937249666226
2023-01-31,1465,1519,1458,1516,630110,0.034812286689419825
2023-02-01,1509,1543,1508,1529,512600,0.008575197889182151
2023-02-02,1529,1532,1506,1514,375782,-0.009810333551340755
2023-02-03,1519,1519,1491,1492,404052,-0.014531043593130732
2023-02-06,1492,1498,1466,1491,224440,-0.0006702412868632157
2023-02-07,1487,1495,1410,1466,226101,-0.016767270288397085
2023-02-08,1468,1480,1461,1472,164827,0.004092769440654953
2023-02-09,1457,1484,1457,1473,150051,0.0006793478260869179
2023-02-10,1487,1500,1460,1476,243280,0.0020366598778003286
2023-02-13,1490,1548,1490,1511,700607,0.02371273712737132
2023-02-14,1512,1570,1512,1533,706783,0.014559894109861027
2023-02-15,1541,1551,1499,1508,402821,-0.016307893020221842
2023-02-16,1508,1516,1483,1497,307221,-0.007294429708222805
2023-02-17,1481,1504,1477,1503,242999,0.004008016032064132
2023-02-20,1504,1544,1501,1510,332698,0.004657351962741085
2023-02-21,1510,1548,1495,1544,466554,0.02251655629139071
2023-02-22,1543,1554,1502,1513,451527,-0.020077720207253846
2023-02-23,1525,1575,1519,1537,647891,0.015862524785194898
2023-02-24,1545,1600,1500,1504,767157,-0.021470396877033227
2023-02-27,1504,1504,1471,1474,397477,-0.019946808510638347
2023-02-28,1474,1488,1463,1465,202536,-0.006105834464043447
2023-03-02,1465,1508,1465,1500,219600,0.023890784982935065
2023-03-03,1502,1530,1492,1501,133966,0.0006666666666665932
2023-03-06,1495,1517,1480,1484,218005,-0.011325782811459018
2023-03-07,1479,1494,1462,1485,248598,0.0006738544474393926
2023-03-08,1485,1485,1456,1457,254908,-0.018855218855218903
2023-03-09,1453,1483,1440,1460,196153,0.002059025394646641
2023-03-10,1446,1474,1443,1444,145469,-0.010958904109588996
2023-03-13,1444,1444,1399,1407,226973,-0.025623268698060975
2023-03-14,1407,1416,1351,1351,239586,-0.03980099502487566
2023-03-15,1352,1387,1350,1355,135977,0.002960769800148144
2023-03-16,1355,1355,1322,1341,134384,-0.010332103321033181
2023-03-17,1350,1371,1342,1365,70091,0.017897091722595126
2023-03-20,1366,1389,1365,1367,103315,0.00146520146520146
2023-03-21,1361,1380,1346,1349,185239,-0.013167520117044584
2023-03-22,1369,1369,1345,1348,98419,-0.000741289844329085
2023-03-23,1348,1360,1335,1342,82552,-0.004451038575667643
2023-03-24,1342,1347,1330,1344,135250,0.0014903129657228842
2023-03-27,1350,1350,1304,1328,193169,-0.011904761904761862
2023-03-28,1325,1380,1325,1368,215822,0.030120481927710774
2023-03-29,1368,1375,1350,1355,96035,-0.009502923976608235
2023-03-30,1360,1377,1333,1368,133336,0.009594095940959502
2023-03-31,1362,1383,1357,1379,123225,0.008040935672514626
2023-04-03,1386,1387,1363,1379,158082,0.0
2023-04-04,1387,1399,1367,1385,177884,0.00435097897026826
2023-04-05,1379,1394,1375,1388,96607,0.0021660649819494893
2023-04-06,1382,1386,1354,1368,186097,-0.014409221902017322
2023-04-07,1363,1368,1300,1352,156594,-0.011695906432748537
2023-04-10,1345,1352,1311,1330,259129,-0.016272189349112454
2023-04-11,1328,1350,1325,1331,187537,0.0007518796992480592
2023-04-12,1331,1380,1328,1372,368460,0.030803906836964767
2023-04-13,1371,1395,1335,1374,156408,0.001457725947521915
2023-04-14,1374,1415,1370,1402,371841,0.020378457059679667
2023-04-17,1395,1420,1381,1416,311774,0.009985734664764712
2023-04-18,1415,1424,1390,1405,276852,-0.007768361581920957
2023-04-19,1406,1426,1392,1407,189966,0.00142348754448407
2023-04-20,1395,1410,1382,1398,175668,-0.006396588486140775
2023-04-21,1380,1414,1361,1398,294907,0.0
2023-04-24,1390,1406,1340,1367,207613,-0.022174535050071498
2023-04-25,1365,1367,1328,1339,151134,-0.02048280907095834
2023-04-26,1339,1339,1312,1313,152828,-0.01941747572815533
2023-04-27,1334,1334,1300,1317,99374,0.0030464584920031346
2023-04-28,1317,1335,1297,1306,146910,-0.008352315869400107
2023-05-02,1290,1340,1290,1324,154636,0.013782542113323082
2023-05-03,1307,1331,1307,1323,57043,-0.0007552870090634656
2023-05-04,1323,1330,1308,1325,66911,0.0015117157974300355
2023-05-08,1326,1390,1326,1358,195360,0.02490566037735853
2023-05-09,1358,1382,1332,1337,97566,-0.015463917525773141
2023-05-10,1337,1347,1330,1342,48476,0.0037397157816005944
2023-05-11,1342,1364,1342,1342,54262,0.0
2023-05-12,1363,1363,1335,1348,59609,0.0044709388971684305
2023-05-15,1354,1377,1333,1342,139034,-0.004451038575667643
2023-05-16,1374,1375,1340,1345,73126,0.0022354694485842153
2023-05-17,1345,1368,1345,1355,60471,0.0074349442379182396
2023-05-18,1362,1389,1350,1371,152355,0.011808118081180874
2023-05-19,1372,1380,1364,1364,100873,-0.0051057622173595885
2023-05-22,1394,1418,1370,1402,290060,0.027859237536656867
2023-05-23,1402,1407,1381,1385,116736,-0.012125534950071293
2023-05-24,1391,1400,1368,1377,131063,-0.005776173285198527
2023-05-25,1371,1380,1352,1355,101855,-0.015976761074800283
2023-05-26,1350,1364,1341,1346,88826,-0.006642066420664228
2023-05-30,1344,1395,1340,1370,130664,0.017830609212481363
2023-05-31,1375,1377,1351,1352,38896,-0.013138686131386912
2023-06-01,1338,1360,1337,1342,59541,-0.007396449704141994
2023-06-02,1342,1370,1330,1362,144392,0.014903129657227954
2023-06-05,1362,1385,1362,1380,120435,0.013215859030837107
2023-06-07,1380,1415,1378,1385,363143,0.0036231884057971175
2023-06-08,1385,1399,1365,1391,161150,0.0043321299638989785
2023-06-09,1386,1490,1386,1449,829955,0.04169662113587358
2023-06-12,1449,1530,1425,1530,1265512,0.05590062111801242
2023-06-13,1530,1553,1491,1496,1116749,-0.022222222222222254
2023-06-14,1496,1509,1445,1447,485162,-0.03275401069518713
2023-06-15,1440,1463,1412,1420,271792,-0.018659295093296446
2023-06-16,1430,1464,1410,1411,278461,-0.006338028169014076
2023-06-19,1411,1451,1411,1451,246069,0.028348688873139682
2023-06-20,1451,1886,1451,1886,35867729,0.2997932460372157
2023-06-21,2050,2370,2025,2115,38871315,0.12142099681866392
2023-06-22,2090,2110,1992,2070,5725202,-0.021276595744680882
2023-06-23,2060,2070,1914,1980,4649856,-0.04347826086956519
2023-06-26,1980,2280,1867,1885,22663288,-0.04797979797979801
2023-06-27,1891,2320,1890,2125,41749319,0.1273209549071619
2023-06-28,2090,2115,2055,2115,2042994,-0.004705882352941226
2023-06-29,2135,2135,2055,2055,1388206,-0.028368794326241176
2023-06-30,2050,2120,2030,2100,1594500,0.021897810218978186
2023-07-03,2140,2400,2120,2170,21631514,0.03333333333333344
2023-07-04,2160,2490,2070,2295,19962032,0.05760368663594462
2023-07-05,2315,2375,2155,2185,4700394,-0.04793028322440085
2023-07-06,2150,2340,2135,2210,4828326,0.011441647597254079
2023-07-07,2120,2165,2030,2130,2230656,-0.03619909502262442
2023-07-10,2110,2305,2100,2245,5327291,0.0539906103286385
2023-07-11,2245,2330,2150,2250,4320973,0.00222717149220486
2023-07-12,2295,2875,2285,2790,43147422,0.24
2023-07-13,2760,3090,2680,2795,22885514,0.0017921146953405742
2023-07-14,2790,2840,2585,2615,5324142,-0.06440071556350624
2023-07-17,2630,2665,2570,2605,3084300,-0.003824091778202643
2023-07-18,2565,2575,2460,2470,2948388,-0.051823416506717845
2023-07-19,2445,2535,2375,2450,3273960,-0.0080971659919028
2023-07-20,2440,2490,2325,2345,3010486,-0.042857142857142816
2023-07-21,2340,2360,2300,2300,1267870,-0.019189765458422214
2023-07-24,2305,2305,2165,2215,2105623,-0.036956521739130443
2023-07-25,2195,2200,2105,2165,1491252,-0.02257336343115124
2023-07-26,2135,2155,1975,2040,2369951,-0.05773672055427248
2023-07-27,2045,2085,2015,2070,1063182,0.014705882352941124
2023-07-28,2080,2095,1999,2040,1088565,-0.01449275362318836
2023-07-31,2050,2150,2010,2060,1935547,0.009803921568627416
2023-08-01,2060,2180,2040,2120,1880662,0.029126213592232997
2023-08-02,2120,2120,1966,1971,1508283,-0.07028301886792454
2023-08-03,1932,1962,1895,1942,959996,-0.014713343480466823
2023-08-04,1933,2020,1924,2000,788267,0.029866117404737436
2023-08-07,1959,2000,1930,1951,491407,-0.024499999999999966
2023-08-08,1954,2010,1913,1932,566193,-0.009738595592004073
2023-08-09,1894,1956,1894,1918,383865,-0.007246376811594235
2023-08-10,1949,2045,1906,2040,1164947,0.06360792492179357
2023-08-11,2045,2060,1990,2005,618024,-0.01715686274509809
2023-08-14,2035,2065,1941,1961,725603,-0.02194513715710722
2023-08-16,1913,1938,1891,1908,480489,-0.027027027027026973
2023-08-17,1904,1905,1820,1865,613725,-0.02253668763102723
2023-08-18,1851,1885,1831,1881,409632,0.00857908847184996
2023-08-21,1888,1911,1845,1849,397440,-0.017012227538543367
2023-08-22,1849,1880,1805,1866,420563,0.00919415900486742
2023-08-23,1867,1885,1820,1829,346630,-0.01982851018220788
2023-08-24,1825,1849,1815,1831,231869,0.0010934937124111865
2023-08-25,1829,1843,1810,1838,264151,0.0038230475150191623
2023-08-28,1839,1943,1839,1913,538294,0.04080522306855272
2023-08-29,1921,2080,1921,1947,2192081,0.01777313120752755
2023-08-30,1950,1985,1901,1913,363721,-0.01746276322547513
2023-08-31,1925,1933,1841,1919,392168,0.003136434918975528
2023-09-01,1921,1938,1867,1867,330736,-0.02709744658676394
2023-09-04,1867,1875,1842,1847,262651,-0.010712372790573133
2023-09-05,1842,1858,1801,1813,353744,-0.01840822956145105
2023-09-06,1815,1815,1764,1766,391494,-0.025923883066740205
2023-09-07,1750,1777,1730,1735,286608,-0.017553793884484747
2023-09-08,1770,1797,1736,1770,221569,0.020172910662824117
2023-09-11,1774,1783,1751,1752,161921,-0.01016949152542368
2023-09-12,1744,1763,1705,1720,337740,-0.0182648401826484
2023-09-13,1720,1798,1670,1682,712073,-0.02209302325581397
2023-09-14,1682,1686,1661,1662,259751,-0.01189060642092743
2023-09-15,1679,1823,1663,1745,1852316,0.04993983152827908
2023-09-18,1745,1770,1725,1750,482176,0.002865329512893977
2023-09-19,1767,1786,1731,1743,389608,-0.0040000000000000036
2023-09-20,1773,1878,1736,1800,3203359,0.03270223752151469
2023-09-21,1802,1920,1780,1782,2123375,-0.010000000000000009
2023-09-22,1782,1782,1697,1707,516352,-0.04208754208754206
2023-09-25,1707,1720,1643,1643,429667,-0.037492677211482084
2023-09-26,1631,1658,1602,1612,322112,-0.018867924528301883
2023-09-27,1610,1620,1600,1615,190362,0.0018610421836229296
2023-10-04,1614,1614,1535,1550,415288,-0.04024767801857587
2023-10-05,1550,1558,1504,1504,249254,-0.029677419354838697
2023-10-06,1504,1560,1504,1550,158641,0.030585106382978733
2023-10-10,1535,1588,1520,1525,314132,-0.016129032258064502
2023-10-11,1522,1564,1522,1527,210742,0.0013114754098360049
2023-10-12,1535,1556,1521,1556,209867,0.018991486574983618
2023-10-13,1550,1556,1507,1514,254002,-0.02699228791773778
2023-10-16,1504,1885,1465,1610,9539139,0.06340819022457067
2023-10-17,1622,1741,1510,1570,2587084,-0.024844720496894457
2023-10-18,1591,2040,1531,2040,28055068,0.2993630573248407
2023-10-19,2220,2550,2090,2350,78469075,0.1519607843137254
2023-10-20,2355,2525,2125,2180,25903747,-0.07234042553191489
2023-10-23,2110,2210,1974,2050,11233539,-0.059633027522935755
2023-10-24,1986,2035,1868,1986,5828604,-0.03121951219512198
2023-10-25,1968,2045,1917,1930,4849896,-0.028197381671701938
2023-10-26,1895,2030,1802,1824,3694583,-0.05492227979274611
2023-10-27,1797,1845,1750,1761,1713008,-0.03453947368421051
2023-10-30,1771,1920,1740,1877,4962096,0.06587166382737086
2023-10-31,1844,1995,1775,1903,4195945,0.013851891315929565
2023-11-01,1903,1970,1811,1822,2047428,-0.042564372044140875
2023-11-02,1812,1869,1802,1843,1132148,0.011525795828759566
2023-11-03,1869,1869,1807,1860,1065261,0.009224091155724423
2023-11-06,1860,1914,1847,1890,1542399,0.016129032258064502
2023-11-07,1901,1918,1760,1765,1207139,-0.06613756613756616
2023-11-08,1785,1801,1670,1677,1265738,-0.049858356940509885
2023-11-09,1676,1728,1645,1654,736470,-0.013714967203339312
2023-11-10,1640,1670,1615,1628,680208,-0.01571946795646917
2023-11-13,1645,1695,1605,1613,713667,-0.00921375921375922
2023-11-14,1615,1694,1615,1669,694663,0.03471791692498449
2023-11-15,1682,1717,1661,1690,497061,0.012582384661473878
2023-11-16,1691,1692,1660,1690,338868,0.0
2023-11-17,1690,1690,1634,1653,357857,-0.02189349112426031
2023-11-20,1655,1720,1653,1713,492421,0.0362976406533575
2023-11-21,1750,1750,1700,1713,452705,0.0
2023-11-22,1737,2225,1729,2225,48385026,0.29889083479276124
2023-11-23,2430,2560,2190,2255,50195947,0.01348314606741563
2023-11-24,2235,2275,2080,2100,7095006,-0.0687361419068736
2023-11-27,2125,2125,1994,2005,4180230,-0.04523809523809519
2023-11-28,1995,2025,1961,1961,3052328,-0.02194513715710722
2023-11-29,1963,2035,1951,1980,4152270,0.009688934217236156
2023-11-30,1983,2445,1942,2210,55263633,0.11616161616161613
2023-12-01,2230,2425,2190,2260,22826554,0.02262443438914019
2023-12-04,2285,2720,2280,2555,57176307,0.13053097345132736
2023-12-05,2480,2485,2280,2335,6914120,-0.08610567514677103
2023-12-06,2265,2270,2110,2255,5387198,-0.03426124197002145
2023-12-07,2200,2220,2140,2160,2119464,-0.04212860310421285
2023-12-08,2145,2250,2120,2205,2598010,0.02083333333333326
2023-12-11,2245,2325,2170,2250,3695211,0.020408163265306145
2023-12-12,2230,2285,2180,2185,1665843,-0.028888888888888853
2023-12-13,2185,2205,2120,2140,1271617,-0.020594965675057253
2023-12-14,2140,2165,2015,2140,1645059,0.0
2023-12-15,2140,2165,2065,2165,846524,0.011682242990654235
2023-12-18,2485,2550,2290,2370,19669796,0.09468822170900704
2023-12-19,2440,2620,2330,2385,14375412,0.006329113924050667
2023-12-20,2435,2850,2350,2575,34062660,0.07966457023060802
2023-12-21,2725,2980,2450,2495,24922290,-0.031067961165048508
2023-12-22,2450,2665,2345,2610,10764006,0.04609218436873741
2023-12-26,2620,2730,2440,2445,7686880,-0.06321839080459768
2023-12-27,2395,2495,2350,2450,3466116,0.002044989775051187
2023-12-28,2420,2505,2365,2500,2270612,0.020408163265306145
2024-01-02,2600,2625,2480,2485,2803849,-0.006000000000000005
2024-01-03,2620,2675,2470,2505,5012099,0.008048289738430636
2024-01-04,2720,3255,2600,3255,63362917,0.29940119760479034
2024-01-05,3185,3220,2835,2850,23883232,-0.12442396313364057
2024-01-08,2820,3015,2810,2840,16565432,-0.0035087719298245723
2024-01-09,2755,3450,2685,3090,84377706,0.0880281690140845
2024-01-10,3025,3420,2950,3025,32786807,-0.021035598705501646
2024-01-11,3010,3375,3000,3145,42768821,0.03966942148760322
2024-01-12,3890,4085,3750,4085,63531144,0.29888712241653415
2024-01-15,4560,5170,4500,4660,116375345,0.14075887392900865
2024-01-16,4480,4850,4100,4230,29546729,-0.09227467811158796
2024-01-17,4420,5300,4385,4455,107022131,0.05319148936170204
2024-01-18,4220,4430,3855,4195,29004663,-0.058361391694724984
2024-01-19,4010,4110,3790,3990,13623955,-0.04886769964243143
2024-01-22,3800,4085,3730,3855,12813559,-0.03383458646616544
2024-01-23,3885,4370,3850,3960,19378203,0.027237354085603016
2024-01-24,4000,4250,3605,3640,11494584,-0.08080808080808077
2024-01-25,3665,3865,3500,3670,8796509,0.008241758241758212
2024-01-26,3680,3775,3460,3475,4875359,-0.053133514986375974
2024-01-29,3580,3770,3355,3585,11271318,0.031654676258992875
2024-01-30,3435,3485,3210,3220,4392469,-0.101813110181311
2024-01-31,3200,3215,3085,3135,2912239,-0.026397515527950333
2024-02-01,3080,3145,3055,3080,2160188,-0.01754385964912286
2024-02-02,3125,3235,3055,3220,3342080,0.045454545454545414
2024-02-05,3230,3360,3090,3120,3251557,-0.03105590062111796
2024-02-06,3140,3160,3025,3065,1524338,-0.017628205128205177
2024-02-07,3085,3155,3010,3060,1986719,-0.0016313213703099683
2024-02-08,3065,3095,3010,3055,1193073,-0.0016339869281045694
2024-02-13,3085,3110,3030,3060,1404642,0.0016366612111293755
2024-02-14,3070,3120,3045,3090,1910254,0.009803921568627416
2024-02-15,3110,3120,2925,2940,2483031,-0.04854368932038833
2024-02-16,2930,2970,2910,2945,1531073,0.001700680272108901
2024-02-19,2945,2980,2885,2970,1020713,0.008488964346349714
2024-02-20,3040,3085,2925,3050,2733293,0.026936026936027035
2024-02-21,3135,3140,2895,2900,2275428,-0.049180327868852514
2024-02-22,2915,2920,2815,2890,1301864,-0.0034482758620689724
2024-02-23,2900,2910,2805,2810,1045439,-0.02768166089965396
2024-02-26,2800,2840,2735,2810,908631,0.0
2024-02-27,2790,2810,2745,2750,842437,-0.02135231316725983
2024-02-28,2750,2850,2745,2775,703324,0.009090909090909038
2024-02-29,2775,2855,2745,2765,1604053,-0.003603603603603567
2024-03-04,2790,2830,2730,2760,1068580,-0.001808318264014508
2024-03-05,2765,2780,2705,2730,714495,-0.010869565217391353
2024-03-06,2730,2775,2680,2690,849655,-0.0146520146520146
2024-03-07,2680,2750,2650,2695,787521,0.0018587360594795044
2024-03-08,2685,2705,2625,2645,694011,-0.01855287569573283
2024-03-11,2635,2685,2600,2640,622660,-0.001890359168241984
2024-03-12,2665,2750,2600,2610,1662639,-0.011363636363636354
2024-03-13,2600,2635,2560,2625,745694,0.005747126436781658
2024-03-14,2630,2735,2585,2705,1966453,0.030476190476190546
2024-03-15,2690,2740,2605,2620,1112994,-0.031423290203327126
2024-03-18,2615,2990,2600,2800,14785610,0.06870229007633588
2024-03-19,2775,2785,2570,2705,2093191,-0.03392857142857142
2024-03-20,2690,2720,2620,2620,1146981,-0.031423290203327126
2024-03-21,2620,2670,2600,2655,931843,0.013358778625954137
2024-03-22,2640,2650,2535,2540,1300747,-0.043314500941619594
2024-03-25,2535,2585,2515,2540,1136987,0.0
2024-03-26,2525,2615,2520,2555,917858,0.0059055118110236116
2024-03-27,2630,3160,2625,2915,43938973,0.14090019569471623
2024-03-28,2850,2915,2780,2890,6631608,-0.00857632933104635
2024-03-29,2835,2865,2650,2665,4012758,-0.07785467128027679
2024-04-01,2615,2675,2580,2640,1615521,-0.009380863039399667
2024-04-02,2640,2995,2610,2875,17260415,0.0890151515151516
2024-04-03,2815,3645,2805,3515,87859860,0.222608695652174
2024-04-04,3395,3585,3355,3435,18981539,-0.022759601706970112
2024-04-05,3665,3680,3265,3360,17685510,-0.02183406113537123
2024-04-08,3300,3940,3185,3810,86177656,0.1339285714285714
2024-04-09,3565,3770,3420,3470,15325730,-0.08923884514435698
2024-04-11,3570,4050,3560,3730,88521720,0.0749279538904899
2024-04-12,3375,3490,3055,3130,24275862,-0.16085790884718498
2024-04-15,3280,3350,2955,2980,29761978,-0.04792332268370603
2024-04-16,3055,3185,2960,2965,20535995,-0.005033557046979831
2024-04-17,2910,3135,2800,3005,16515351,0.013490725126475533
2024-04-18,2900,3005,2865,2935,6697809,-0.02329450915141429
2024-04-19,3005,3570,2895,3220,111648061,0.09710391822827935
2024-04-22,3030,3085,2865,2865,14994574,-0.11024844720496896
2024-04-23,2860,3025,2750,2810,15066717,-0.01919720767888311
2024-04-24,2785,2840,2735,2810,6221598,0.0
2024-04-25,2825,2915,2800,2835,31129673,0.008896797153024938
2024-04-26,2710,2825,2700,2745,6885764,-0.031746031746031744
2024-04-29,2720,2720,2640,2650,5345504,-0.03460837887067392
2024-04-30,2655,2680,2535,2545,5262949,-0.03962264150943395
2024-05-02,2520,2630,2515,2545,3741285,0.0
2024-05-03,2575,2695,2570,2595,7962203,0.01964636542239684
2024-05-07,2595,2625,2545,2580,3439059,-0.005780346820809301
2024-05-08,2595,2700,2580,2610,6163281,0.011627906976744207
2024-05-09,2615,2735,2595,2675,6016668,0.02490421455938696
2024-05-10,2720,2920,2680,2760,31583369,0.031775700934579376
2024-05-13,2780,2810,2605,2630,7880422,-0.047101449275362306
2024-05-14,2730,2745,2630,2635,5243761,0.0019011406844107182
2024-05-16,2640,2670,2475,2500,6381249,-0.05123339658444026
2024-05-17,2485,2670,2485,2500,10659895,0.0
2024-05-20,2505,2600,2500,2545,6051588,0.018000000000000016
2024-05-21,2535,2545,2420,2420,4704223,-0.0491159135559921
2024-05-22,2430,2455,2305,2310,4759534,-0.045454545454545414
2024-05-23,2290,2310,2240,2260,2600163,-0.02164502164502169
2024-05-24,2260,2360,2250,2270,3594144,0.004424778761061843
2024-05-27,2340,2375,2310,2330,3743777,0.026431718061673992
2024-05-28,2355,2385,2325,2330,2592622,0.0
2024-05-29,2370,2420,2305,2315,4039823,-0.006437768240343367
2024-05-30,2285,2315,2225,2225,2500584,-0.0388768898488121
2024-05-31,2225,2370,2225,2310,8556283,0.038202247191011285
2024-06-03,2460,2650,2425,2430,27474213,0.051948051948051965
2024-06-04,2400,2485,2350,2395,5268815,-0.014403292181069949
2024-06-05,2490,2530,2370,2380,4505961,-0.006263048016701411
2024-06-07,2365,2450,2360,2440,2695726,0.025210084033613356
2024-06-10,2425,2435,2365,2385,2115734,-0.02254098360655743
2024-06-11,2375,2410,2310,2315,2577233,-0.02935010482180289
2024-06-12,2310,2345,2275,2315,1880755,0.0
2024-06-13,2330,2350,2315,2345,1208684,0.012958963282937441
2024-06-14,2350,2420,2325,2410,2740388,0.02771855010660973
2024-06-17,2445,2445,2335,2340,2131937,-0.02904564315352698
2024-06-18,2345,2395,2315,2335,1562159,-0.002136752136752129
2024-06-19,2345,2360,2315,2360,1160298,0.010706638115631772
2024-06-20,2390,2615,2375,2510,24334739,0.06355932203389836
2024-06-21,2560,2595,2445,2445,5777743,-0.02589641434262946
2024-06-24,2430,2550,2430,2500,7588731,0.02249488752556239
2024-06-25,2790,2815,2545,2575,36414660,0.030000000000000027
2024-06-26,2555,2655,2545,2620,7573800,0.01747572815533971
2024-06-27,2625,2640,2490,2500,5689869,-0.04580152671755722
2024-06-28,2575,2780,2560,2655,43813419,0.062000000000000055
2024-07-01,2690,2740,2585,2595,8072047,-0.02259887005649719
2024-07-02,2595,2675,2530,2535,6758353,-0.023121387283236983
2024-07-03,2525,2575,2460,2460,3902699,-0.029585798816568087
2024-07-04,2445,2480,2385,2440,3227747,-0.008130081300813052
2024-07-05,2450,2480,2370,2395,2663404,-0.018442622950819665
2024-07-08,2370,2390,2320,2385,2696784,-0.0041753653444676075
2024-07-09,2375,2385,2305,2330,2622036,-0.023060796645702264
2024-07-10,2335,2430,2320,2415,3499577,0.03648068669527893
2024-07-11,2415,2430,2370,2380,1713396,-0.01449275362318836
2024-07-12,2380,2380,2325,2330,1531398,-0.021008403361344574
2024-07-15,2335,2350,2325,2350,1023150,0.008583690987124415
2024-07-16,2345,2360,2325,2330,1192355,-0.008510638297872353
2024-07-17,2330,2350,2265,2280,1683081,-0.02145922746781115
2024-07-18,2250,2260,2195,2235,1391492,-0.019736842105263164
2024-07-19,2230,2235,2160,2180,1489144,-0.02460850111856827
2024-07-22,2170,2220,2130,2150,1086349,-0.013761467889908285
2024-07-23,2150,2180,2115,2135,1196183,-0.006976744186046546
2024-07-24,2115,2135,2085,2115,1010494,-0.00936768149882905
2024-07-25,2070,2130,2060,2100,1263393,-0.007092198581560294
2024-07-26,2085,2200,2085,2180,1974921,0.03809523809523818
2024-07-29,2190,2245,2180,2210,1814293,0.013761467889908285
2024-07-30,2210,2275,2160,2165,1799421,-0.020361990950226283
2024-07-31,2165,2515,2130,2415,25981062,0.11547344110854496
2024-08-01,2635,2715,2510,2650,65445095,0.09730848861283636
2024-08-02,2860,2980,2685,2800,69210068,0.05660377358490565
2024-08-05,2950,2995,2430,2695,54694776,-0.03749999999999998
2024-08-06,2555,2965,2530,2965,72475725,0.1001855287569573
2024-08-07,3070,3075,2710,2790,63579096,-0.05902192242833049
2024-08-08,2740,2810,2590,2665,35484779,-0.04480286738351258
2024-08-09,2580,2740,2550,2685,20820699,0.007504690431519689
2024-08-12,2630,2695,2580,2675,13607562,-0.003724394785847296
2024-08-13,2740,2790,2665,2720,38016434,0.016822429906542036
2024-08-14,2620,2675,2570,2575,11590840,-0.0533088235294118
2024-08-16,2505,2520,2370,2375,12294591,-0.07766990291262132
2024-08-19,2325,2370,2260,2280,6523479,-0.040000000000000036
2024-08-20,2260,2300,2250,2280,4574367,0.0
2024-08-21,2255,2270,2205,2255,4779654,-0.010964912280701733
2024-08-22,2250,2320,2210,2320,7752774,0.02882483370288247
2024-08-23,2265,2275,2215,2220,4067202,-0.0431034482758621
2024-08-26,2290,2315,2225,2230,6692327,0.0045045045045044585
2024-08-27,2220,2270,2190,2200,3556493,-0.013452914798206317
2024-08-28,2185,2200,2105,2120,3956503,-0.036363636363636376
2024-08-29,2080,2155,2075,2085,3095051,-0.01650943396226412
2024-08-30,2085,2140,2085,2135,2044551,0.023980815347721895
2024-09-02,2140,2145,2090,2095,1479908,-0.0187353629976581
2024-09-03,2095,2130,2095,2120,1545549,0.01193317422434359
2024-09-04,2070,2075,1975,1981,3456805,-0.06556603773584901
2024-09-05,1982,2150,1960,2040,6876637,0.029782937910146412
2024-09-06,2005,2060,1960,1960,2479042,-0.039215686274509776
2024-09-09,1903,1948,1875,1940,2158625,-0.010204081632653073
2024-09-10,1935,1992,1900,1912,1980029,-0.014432989690721598
2024-09-11,1912,1940,1899,1920,1349154,0.004184100418409997
2024-09-12,1925,1983,1925,1983,1697082,0.03281249999999991
2024-09-13,1982,2020,1971,1994,1150926,0.005547150781644028
2024-09-19,2000,2045,1998,2025,1724607,0.015546639919759242
2024-09-20,2045,2200,2040,2180,12017395,0.07654320987654328
2024-09-23,2335,2340,2210,2295,20309548,0.05275229357798161
2024-09-24,2255,2305,2225,2295,7163831,0.0
2024-09-25,2280,2320,2255,2320,11921122,0.01089324618736387
2024-09-26,2290,2345,2225,2285,9294843,-0.015086206896551713
2024-09-27,2280,2385,2275,2320,14744404,0.015317286652078765
2024-09-30,2375,2415,2305,2370,11474002,0.02155172413793105
2024-10-02,2465,2535,2315,2315,19099267,-0.02320675105485237
2024-10-04,2345,2380,2180,2245,11229479,-0.030237580993520474
2024-10-07,2220,2220,2170,2190,3982560,-0.024498886414253906
2024-10-08,2190,2215,2155,2175,4577541,-0.006849315068493178
2024-10-10,2130,2155,2080,2100,4937980,-0.03448275862068961
2024-10-11,2095,2130,2080,2085,3378793,-0.0071428571428571175
2024-10-14,2070,2105,2060,2085,2536471,0.0
2024-10-15,2085,2085,2045,2075,2667591,-0.004796163069544335
2024-10-16,2060,2100,2045,2095,1551916,0.009638554216867545
2024-10-17,2090,2095,2050,2050,2220632,-0.021479713603818618
2024-10-18,2045,2060,2000,2015,1971523,-0.017073170731707332
2024-10-21,2010,2035,1998,2010,1596034,-0.002481389578163795
2024-10-22,2015,2065,1957,1984,5678453,-0.012935323383084563
2024-10-23,1970,1982,1942,1979,1878237,-0.00252016129032262
2024-10-24,1978,1991,1945,1945,1705884,-0.017180394138453736
2024-10-25,1931,1941,1895,1905,2151815,-0.020565552699228773
2024-10-28,1882,1933,1880,1929,1638190,0.012598425196850505
2024-10-29,1930,1932,1898,1925,1434992,-0.0020736132711249855
2024-10-30,1920,1930,1900,1900,958540,-0.012987012987012991
2024-10-31,1889,1914,1866,1900,1471072,0.0
2024-11-01,1879,1905,1870,1878,1246754,-0.011578947368421022
2024-11-04,1876,1913,1876,1908,1087485,0.015974440894568787
2024-11-05,1908,1925,1905,1921,808732,0.006813417190775661
2024-11-06,1922,1942,1880,1891,1317794,-0.015616866215512726
2024-11-07,1887,1900,1833,1896,1131395,0.0026441036488631386
2024-11-08,1891,1947,1891,1920,982794,0.012658227848101333
2024-11-11,1916,1920,1809,1809,1940340,-0.057812500000000044
2024-11-12,1797,1860,1760,1801,1299214,-0.004422332780541716
2024-11-13,1778,1815,1767,1773,1611500,-0.015546918378678498
2024-11-14,1762,1830,1762,1790,1653210,0.00958826847151717
2024-11-15,1772,1811,1771,1795,1391652,0.0027932960893854997
2024-11-18,1781,1820,1781,1820,1077413,0.013927576601671321
2024-11-19,1812,1838,1809,1809,903358,-0.0060439560439560225
2024-11-20,1818,1818,1783,1800,749961,-0.00497512437810943
2024-11-21,1806,1810,1759,1759,1244884,-0.022777777777777786
2024-11-22,1770,1825,1762,1781,1185762,0.012507106310403637
2024-11-25,1784,1834,1784,1829,1094058,0.02695115103874235
2024-11-26,1836,1836,1801,1808,682455,-0.011481683980317126
2024-11-27,1807,1825,1732,1736,1964913,-0.03982300884955747
2024-11-28,1732,1752,1729,1743,758405,0.0040322580645162365
2024-11-29,1741,1742,1666,1680,1858334,-0.03614457831325302
2024-12-02,1680,1704,1635,1635,1050673,-0.0267857142857143
2024-12-03,1639,1700,1639,1690,1227718,0.033639143730886945
2024-12-04,1640,1675,1616,1618,1784601,-0.04260355029585794
2024-12-05,1620,1628,1580,1580,1168518,-0.023485784919653918
2024-12-06,1581,1600,1520,1565,1546151,-0.009493670886076
2024-12-09,1520,1546,1454,1472,2137621,-0.059424920127795544
2024-12-10,1461,1564,1461,1557,1555029,0.05774456521739135
2024-12-11,1547,1628,1547,1616,1124900,0.03789338471419401
2024-12-12,1621,1627,1590,1606,782860,-0.006188118811881194
2024-12-13,1595,1636,1595,1620,931050,0.008717310087173136
2024-12-16,1620,1648,1620,1643,910818,0.014197530864197505
2024-12-17,1640,1649,1620,1645,901592,0.00121728545343891
2024-12-18,1636,1650,1620,1643,536204,-0.0012158054711246535
2024-12-19,1626,1633,1602,1605,486931,-0.023128423615337845
2024-12-20,1610,1718,1571,1577,3918633,-0.017445482866043638
2024-12-23,1578,1630,1577,1626,906659,0.03107165504121756
2024-12-24,1635,1737,1635,1658,3468394,0.019680196801967975
2024-12-26,1660,1684,1603,1604,969938,-0.03256936067551264
2024-12-27,1600,1604,1573,1577,794086,-0.016832917705735695
2024-12-30,1545,1609,1545,1608,505440,0.019657577679137672
2025-01-02,1608,1615,1589,1598,586235,-0.006218905472636815
2025-01-03,1599,1670,1599,1662,1499132,0.040050062578222745
2025-01-06,1662,1674,1636,1670,997896,0.004813477737665384
2025-01-07,1670,1709,1662,1674,1209233,0.0023952095808383866
2025-01-08,1675,1742,1671,1682,1257346,0.004778972520907976
2025-01-09,1694,1930,1661,1735,16054059,0.031510107015457756
2025-01-10,1760,1764,1701,1710,2000321,-0.014409221902017322
2025-01-13,1754,1890,1751,1755,10885410,0.026315789473684292
2025-01-14,1755,1893,1755,1797,11186186,0.023931623931623847
2025-01-15,1814,2055,1791,1893,55722640,0.05342237061769617
2025-01-16,1899,1914,1851,1896,6766941,0.0015847860538826808
2025-01-17,1896,1924,1862,1876,4918750,-0.010548523206751037
2025-01-20,1866,1886,1825,1832,2967859,-0.023454157782516027
2025-01-21,1845,1962,1838,1921,14833347,0.04858078602620086
2025-01-22,1905,1920,1871,1900,3841856,-0.010931806350858886
2025-01-23,1894,1901,1796,1803,3171295,-0.05105263157894735
2025-01-24,1803,1819,1765,1771,1884179,-0.0177481974486966
2025-01-31,1771,1813,1765,1790,1692236,0.010728402032749829
2025-02-03,1801,1805,1703,1714,1809618,-0.04245810055865917
2025-02-04,1714,1741,1703,1733,934077,0.011085180863477317
2025-02-05,1744,1815,1740,1796,2129207,0.03635314483554519
2025-02-06,1791,1793,1758,1762,1085425,-0.018930957683741645
2025-02-07,1769,1769,1719,1732,1163738,-0.017026106696935273
2025-02-10,1754,1754,1716,1731,682049,-0.0005773672055426893
2025-02-11,1739,1772,1724,1768,977324,0.021374927787406017
2025-02-12,1768,1768,1731,1740,703481,-0.015837104072398245
2025-02-13,1744,1767,1735,1756,783224,0.009195402298850519
2025-02-14,1756,1756,1721,1722,1071733,-0.019362186788154934
2025-02-17,1723,1730,1715,1724,610631,0.0011614401858304202
2025-02-18,1720,1733,1713,1720,552711,-0.002320185614849146
2025-02-19,1720,1744,1711,1740,1071355,0.011627906976744207
2025-02-20,1744,1846,1744,1821,6256319,0.04655172413793096
2025-02-21,1810,1832,1770,1795,1923889,-0.014277869302581014
2025-02-24,1920,2010,1848,1851,40149771,0.03119777158774384
2025-02-25,1851,1926,1840,1840,7710508,-0.005942733657482435
2025-02-26,1844,1855,1797,1797,2468512,-0.023369565217391308
2025-02-27,1779,1806,1765,1772,1431939,-0.013912075681691727
2025-02-28,1763,1763,1718,1718,1598539,-0.030474040632054167
2025-03-04,1701,1763,1690,1724,1270268,0.0034924330616996624
2025-03-05,1733,1842,1726,1819,4210741,0.055104408352668166
2025-03-06,1839,1840,1799,1812,1146462,-0.003848268279274314
2025-03-07,1810,1813,1771,1775,1178628,-0.02041942604856517
2025-03-10,1776,1817,1755,1796,1169910,0.01183098591549303
2025-03-11,1745,1765,1705,1726,1801446,-0.03897550111358572
2025-03-12,1724,1731,1710,1719,846974,-0.004055619930475096
2025-03-13,1736,1776,1698,1700,1207228,-0.01105293775450844
2025-03-14,1702,1732,1683,1705,1038402,0.002941176470588225
2025-03-17,1745,1769,1707,1707,1610555,0.001173020527859281
2025-03-18,1717,1718,1676,1678,1511661,-0.01698886936145283
2025-03-19,1678,1678,1638,1645,1453523,-0.01966626936829563
2025-03-20,1648,1677,1640,1641,966868,-0.002431610942249196
2025-03-21,1644,1654,1601,1627,727039,-0.00853138330286407
2025-03-24,1627,1897,1623,1785,29178485,0.09711124769514434
2025-03-25,1711,1758,1690,1705,6475060,-0.0448179271708683
2025-03-26,1709,1716,1676,1676,2003055,-0.017008797653958907
2025-03-27,1632,1681,1631,1661,1310391,-0.008949880668257748
2025-03-28,1661,1665,1633,1633,998697,-0.01685731487055986
2025-03-31,1603,1632,1566,1566,1472203,-0.04102878138395594
2025-04-01,1550,1622,1550,1595,1327621,0.0185185185185186
2025-04-02,1595,1615,1555,1566,1048753,-0.018181818181818188
2025-04-03,1523,1553,1522,1525,1051953,-0.0261813537675607
2025-04-04,1500,1546,1495,1534,845869,0.005901639344262355
2025-04-07,1481,1492,1453,1458,1133344,-0.049543676662320735
2025-04-08,1472,1504,1450,1453,1033906,-0.003429355281207136
2025-04-09,1414,1468,1414,1420,1035725,-0.0227116311080523
2025-04-10,1486,1528,1473,1527,1138807,0.07535211267605635
2025-04-11,1515,1566,1497,1566,1221207,0.025540275049115824
2025-04-14,1586,1623,1566,1616,1759230,0.03192848020434225
2025-04-15,1622,1664,1601,1626,1190588,0.006188118811881083
2025-04-16,1627,1631,1598,1602,942550,-0.014760147601476037
2025-04-17,1603,1629,1599,1625,794028,0.014357053682896304
2025-04-18,1775,1775,1584,1606,8149347,-0.011692307692307669
2025-04-21,1606,1638,1584,1608,1318951,0.001245330012453305
2025-04-22,1600,1617,1582,1586,1240955,-0.013681592039801016
2025-04-23,1598,1614,1588,1611,858628,0.015762925598991062
2025-04-24,1611,1624,1587,1590,924271,-0.013035381750465591
2025-04-25,1600,1606,1588,1604,558070,0.008805031446540879
2025-04-28,1604,1609,1571,1578,1037591,-0.016209476309226978
2025-04-29,1580,1590,1578,1587,413423,0.005703422053231932
2025-04-30,1587,1593,1552,1555,1022646,-0.02016383112791431
2025-05-02,1554,1574,1547,1556,421841,0.0006430868167202064
2025-05-07,1544,1610,1544,1602,1284250,0.02956298200514129
2025-05-08,1592,1601,1557,1561,982648,-0.025593008739076106
2025-05-09,1562,1570,1546,1553,610320,-0.005124919923126248
2025-05-12,1553,1605,1553,1596,1411757,0.02768834513844176
2025-05-13,1599,1642,1598,1626,2260652,0.018796992481203034
2025-05-14,1627,1634,1601,1621,1456578,-0.0030750307503074614
2025-05-15,1670,1670,1590,1591,2688650,-0.018507094386181366
2025-05-16,1591,1620,1577,1605,871909,0.00879949717159012
2025-05-19,1581,1605,1561,1568,791690,-0.023052959501557613
2025-05-20,1569,1590,1542,1543,788207,-0.015943877551020447
2025-05-21,1543,1570,1542,1570,646838,0.017498379779649964
2025-05-22,1569,1569,1541,1552,644190,-0.01146496815286624
2025-05-23,1546,1561,1540,1543,526693,-0.005798969072164928
2025-05-26,1550,1575,1540,1562,508579,0.012313674659753637
2025-05-27,1561,1576,1542,1547,519038,-0.009603072983354721
2025-05-28,1549,1584,1549,1560,619437,0.008403361344537785
2025-05-29,1565,1585,1562,1579,641246,0.012179487179487136
2025-05-30,1578,1596,1557,1580,664230,0.0006333122229258414
2025-06-02,1592,1662,1574,1579,3823671,-0.0006329113924050667
2025-06-04,1586,1620,1586,1617,1761993,0.024065864471184195
2025-06-05,1620,1626,1592,1600,1238701,-0.010513296227581903
2025-06-09,1602,1637,1602,1624,1405620,0.014999999999999902
2025-06-10,1630,1637,1603,1616,1110365,-0.0049261083743842304
2025-06-11,1619,1627,1607,1625,622257,0.005569306930693019
2025-06-12,1648,1728,1624,1695,6047199,0.04307692307692301
2025-06-13,1694,2200,1648,2200,146467877,0.29793510324483785
2025-06-16,2380,2385,2000,2140,95957090,-0.027272727272727226
2025-06-17,1950,2545,1936,2280,284513087,0.06542056074766345
2025-06-18,2385,2520,2265,2290,129001514,0.004385964912280604
2025-06-19,2155,2155,2055,2100,7956955,-0.08296943231441045
2025-06-20,2035,2035,1930,1931,6817251,-0.08047619047619048
2025-06-23,2235,2235,2120,2230,11154415,0.1548420507509063
2025-06-24,1734,1879,1728,1783,30267286,-0.20044843049327354
2025-06-25,1789,1967,1727,1795,39446205,0.006730229949523325
2025-06-26,1785,1870,1755,1757,10298410,-0.02116991643454036
2025-06-27,1753,1819,1731,1765,4860363,0.004553215708594127
2025-06-30,1745,1765,1729,1734,3779518,-0.017563739376770582
2025-07-01,1731,1770,1731,1751,2925841,0.009803921568627416
2025-07-02,1752,2020,1710,1802,88201661,0.029126213592232997
2025-07-03,1809,1853,1780,1813,8956192,0.006104328523862446
2025-07-04,1800,1827,1785,1805,4461114,-0.004412575841147293
2025-07-07,1766,1855,1765,1800,7515949,-0.0027700831024930483
2025-07-08,1797,1858,1795,1823,5797280,0.012777777777777777
2025-07-09,1832,1894,1813,1848,9131988,0.01371365880416886
2025-07-10,1848,1856,1823,1837,3211508,-0.005952380952380931
2025-07-11,1838,1891,1837,1866,6269170,0.015786608600979912
2025-07-14,1867,1888,1844,1865,3417726,-0.000535905680600246
2025-07-15,1867,1910,1822,1872,7352164,0.0037533512064342744
2025-07-16,1870,1871,1835,1842,2229697,-0.01602564102564108
2025-07-17,1842,1857,1813,1828,1926002,-0.007600434310532034
2025-07-18,1836,1850,1820,1843,1829478,0.008205689277899442
2025-07-21,1839,1840,1803,1825,2128762,-0.009766684753119925
2025-07-22,1824,1829,1782,1794,1956801,-0.01698630136986301
2025-07-23,1795,1817,1779,1791,1487471,-0.0016722408026755842
2025-07-24,1793,1807,1765,1765,1555653,-0.014517029592406527
2025-07-25,1767,1810,1757,1780,1306145,0.008498583569405138
2025-07-28,1780,1827,1753,1753,1355266,-0.015168539325842723
2025-07-29,1754,1759,1736,1744,1084420,-0.00513405590416427
2025-07-30,1761,1782,1735,1742,1351534,-0.0011467889908256534
2025-07-31,1751,1825,1747,1764,4635973,0.012629161882893314
2025-08-01,1764,1768,1687,1690,2423789,-0.04195011337868482
2025-08-04,1680,1729,1677,1711,880237,0.012426035502958621
2025-08-05,1716,1745,1710,1725,1057656,0.008182349503214503
2025-08-06,1718,1745,1716,1745,959357,0.011594202898550732
2025-08-07,1750,1785,1739,1770,1662538,0.014326647564469885
2025-08-08,1777,1779,1750,1756,1006033,-0.00790960451977396
2025-08-11,1744,1768,1744,1751,691514,-0.0028473804100227484
2025-08-12,1751,1773,1732,1735,974633,-0.00913763563677894
2025-08-13,1749,1749,1719,1738,491259,0.0017291066282421053
2025-08-14,1738,1759,1711,1716,1100643,-0.012658227848101222
2025-08-18,1721,1729,1700,1705,701337,-0.0064102564102563875
2025-08-19,1705,1706,1673,1683,878717,-0.012903225806451646
2025-08-20,1668,1671,1630,1658,1057136,-0.0148544266191325
2025-08-21,1654,1687,1654,1672,483573,0.008443908323281013
2025-08-22,1673,1698,1667,1667,437296,-0.0029904306220095433
2025-08-25,1684,1723,1673,1693,960608,0.01559688062387532
2025-08-26,1695,1705,1665,1671,621661,-0.012994683992912037
2025-08-27,1671,1677,1650,1650,721425,-0.012567324955116699
2025-08-28,1651,1672,1642,1667,470485,0.010303030303030258
2025-08-29,1661,1671,1635,1639,707213,-0.016796640671865593
2025-09-01,1639,1690,1631,1632,666392,-0.004270896888346587
2025-09-02,1632,1652,1629,1637,502557,0.0030637254901961786
2025-09-03,1636,1642,1620,1625,565615,-0.007330482590103826
