Date,Open,High,Low,Close,Volume,Change
2022-01-03,5930,5955,5827,5891,199451,0.013243894048847515
2022-01-04,5839,5891,5749,5763,215029,-0.021728059752164297
2022-01-05,5762,5788,5646,5763,290701,0.0
2022-01-06,5723,5801,5672,5711,113298,-0.009023078257851869
2022-01-07,5711,5775,5685,5711,92464,0.0
2022-01-10,5710,5710,5530,5582,144354,-0.022587988093153544
2022-01-11,5633,5633,5427,5518,122004,-0.011465424579003902
2022-01-12,5492,5608,5492,5608,75667,0.016310257339615886
2022-01-13,5594,5762,5582,5685,135220,0.01373038516405134
2022-01-14,5723,5723,5607,5621,118219,-0.01125769569041335
2022-01-17,5685,5685,5441,5492,160409,-0.022949653086639432
2022-01-18,5569,5569,5427,5428,87980,-0.011653313911143437
2022-01-19,5401,5479,5324,5402,85838,-0.004789977892409758
2022-01-20,5415,5813,5402,5479,70059,0.014253980007404632
2022-01-21,5479,5492,5376,5415,132233,-0.011680963679503553
2022-01-24,5402,5414,5299,5364,154324,-0.009418282548476431
2022-01-25,5363,5389,5145,5158,297324,-0.038404175988068556
2022-01-26,5144,5646,5144,5261,241466,0.019968980224893462
2022-01-27,5247,5260,5157,5158,147299,-0.019578026991066366
2022-01-28,5170,5337,5144,5299,126223,0.02733617681271805
2022-02-03,5402,5582,5364,5454,160195,0.02925080203812036
2022-02-04,5414,6096,5414,5839,1434989,0.07059039237257059
2022-02-07,6071,6405,5865,6329,2802360,0.0839184791916423
2022-02-08,6328,6572,6122,6135,2033230,-0.0306525517459314
2022-02-09,6277,6405,6007,6329,1133054,0.031621841890790536
2022-02-10,6328,6341,6084,6161,461170,-0.02654447780060043
2022-02-11,6006,6405,6006,6174,809306,0.0021100470702808405
2022-02-14,5942,6084,5788,6033,494148,-0.022837706511175893
2022-02-15,5955,6135,5839,5904,395534,-0.021382396817503757
2022-02-16,6122,6122,5929,5994,461042,0.015243902439024293
2022-02-17,5993,6276,5787,6019,902495,0.00417083750417091
2022-02-18,5903,6148,5865,6122,295303,0.017112477155673655
2022-02-21,5993,6122,5942,6058,242032,-0.010454099967330932
2022-02-22,5878,6431,5878,5968,1328906,-0.01485638824694624
2022-02-23,5967,6019,5762,5904,471592,-0.01072386058981234
2022-02-24,5801,5852,5531,5557,526795,-0.05877371273712739
2022-02-25,5684,5762,5594,5685,243162,0.023034011157099243
2022-02-28,5698,5813,5646,5814,194362,0.022691292875989477
2022-03-02,5813,6096,5749,5904,398492,0.015479876160990669
2022-03-03,5916,6071,5839,6033,336614,0.02184959349593485
2022-03-04,6045,6135,5916,6135,404007,0.016907011437095942
2022-03-07,5993,6083,5826,5917,319977,-0.03553382233088831
2022-03-08,5800,5826,5659,5736,268348,-0.030589825925300018
2022-03-10,5891,5968,5839,5891,217178,0.02702231520223153
2022-03-11,5839,6122,5839,6110,436913,0.037175352232218684
2022-03-14,6135,6135,5929,5994,296605,-0.01898527004909989
2022-03-15,6045,6340,5967,6174,1128894,0.03003003003003002
2022-03-16,6392,6418,6122,6200,1116515,0.00421120829284094
2022-03-17,6315,6315,6122,6187,549812,-0.0020967741935483675
2022-03-18,6173,6186,6045,6187,352673,0.0
2022-03-21,6264,6264,6109,6148,276936,-0.006303539679974102
2022-03-22,6135,6135,6032,6046,218722,-0.016590761223162054
2022-03-23,6084,6109,6019,6033,180809,-0.002150181938471718
2022-03-24,5904,6071,5891,6046,169682,0.0021548151831591866
2022-03-25,6032,6058,5865,5930,385161,-0.019186238835593783
2022-03-28,5942,5968,5788,5917,162423,-0.0021922428330523047
2022-03-29,5917,6007,5917,5994,249303,0.013013351360486647
2022-03-30,6135,6135,5967,6006,345362,0.002002002002001957
2022-03-31,5994,5994,5929,5981,193271,-0.004162504162504188
2022-04-01,5968,6187,5929,6097,688250,0.019394750041799025
2022-04-04,6212,6264,6122,6200,536819,0.016893554206987016
2022-04-05,6251,6251,6097,6161,314945,-0.0062903225806452134
2022-04-06,6160,6289,6096,6225,466232,0.010387924038305574
2022-04-07,6212,6212,6045,6110,339615,-0.01847389558232937
2022-04-08,6020,6161,5968,6110,307853,0.0
2022-04-11,6148,6251,6097,6097,266782,-0.0021276595744680327
2022-04-12,6096,6135,6058,6084,164315,-0.002132196162046962
2022-04-13,6070,6109,5993,6071,172021,-0.002136752136752129
2022-04-14,6173,6276,6071,6084,342228,0.0021413276231263545
2022-04-15,6083,6199,6045,6135,312526,0.0083826429980276
2022-04-18,6199,6199,6044,6058,264980,-0.012550937245313754
2022-04-19,6109,6160,6032,6071,238043,0.0021459227467810482
2022-04-20,6122,6148,6058,6071,165466,0.0
2022-04-21,6071,6109,6019,6046,186680,-0.004117937736781374
2022-04-22,6083,6096,5942,5968,237210,-0.012901091630830308
2022-04-25,5955,5967,5839,5852,223831,-0.01943699731903481
2022-04-26,5903,5980,5839,5904,141157,0.008885850991114053
2022-04-27,5788,5903,5749,5865,194783,-0.0066056910569105565
2022-04-28,5891,5904,5814,5891,102771,0.0044330775788576915
2022-04-29,5904,5994,5878,5943,144032,0.008827024274316697
2022-05-02,5942,5942,5865,5891,103039,-0.008749789668517582
2022-05-03,5903,5929,5839,5839,146760,-0.008827024274316808
2022-05-04,5852,5864,5762,5788,162377,-0.008734372324028072
2022-05-06,5749,5929,5697,5904,195409,0.020041465100207434
2022-05-09,5929,5929,5736,5763,182527,-0.02388211382113825
2022-05-10,5672,5749,5505,5749,253259,-0.0024292903001909005
2022-05-11,5736,5762,5672,5685,110820,-0.011132370847103834
2022-05-12,5659,5659,5505,5557,156372,-0.0225153913808267
2022-05-13,5556,5646,5556,5621,114889,0.011517005578549622
2022-05-16,5633,5723,5620,5634,81264,0.0023127557374131857
2022-05-17,5646,5698,5633,5660,79894,0.004614838480653249
2022-05-18,5698,5711,5582,5660,109388,0.0
2022-05-19,5582,5620,5479,5531,144420,-0.022791519434628982
2022-05-20,5530,5582,5492,5531,121909,0.0
2022-05-23,5531,5543,5402,5492,100346,-0.007051166154402488
2022-05-24,5492,5544,5428,5454,86342,-0.006919155134741395
2022-05-25,5414,5504,5363,5415,186426,-0.007150715071507108
2022-05-26,5466,5492,5389,5390,88256,-0.004616805170821747
2022-05-27,5414,5594,5414,5569,240934,0.033209647495361816
2022-05-30,5582,5723,5582,5634,165076,0.011671754354462216
2022-05-31,5749,5749,5608,5647,143669,0.0023074192403265137
2022-06-02,4990,5196,4823,4862,2352492,-0.13901186470692406
2022-06-03,4849,4913,4579,4823,1551777,-0.008021390374331583
2022-06-07,4848,4874,4707,4746,361621,-0.01596516690856309
2022-06-08,4811,4811,4566,4631,497826,-0.024230931310577297
2022-06-09,4617,4630,4527,4579,269000,-0.01122867631181168
2022-06-10,4566,4604,4501,4605,258185,0.005678095654072957
2022-06-13,4604,4604,4373,4386,316888,-0.047557003257329034
2022-06-14,4232,4347,4064,4296,289852,-0.020519835841313228
2022-06-15,4309,4347,4090,4129,206272,-0.03887337057728124
2022-06-16,4180,4283,4167,4167,115740,0.00920319689997573
2022-06-17,4064,4141,4025,4103,168344,-0.015358771298296103
2022-06-20,4115,4141,3858,3884,241113,-0.05337557884474775
2022-06-21,3871,3974,3858,3936,204223,0.013388259526261548
2022-06-22,3910,3974,3601,3692,294475,-0.061991869918699205
2022-06-23,3691,3743,3511,3512,300513,-0.04875406283856987
2022-06-24,3485,3716,3485,3704,171851,0.0546697038724373
2022-06-27,3704,3910,3704,3884,169321,0.048596112311015016
2022-06-28,3819,3909,3794,3820,86934,-0.016477857878475777
2022-06-29,3691,3858,3691,3833,81259,0.003403141361256523
2022-06-30,3833,3845,3730,3730,68008,-0.026871901904513384
2022-07-01,3716,3794,3588,3653,88763,-0.02064343163538873
2022-07-04,3665,3691,3550,3563,89245,-0.02463728442376134
2022-07-05,3601,3716,3588,3653,80573,0.025259612685938793
2022-07-06,3704,3743,3614,3640,86426,-0.003558718861209953
2022-07-07,3652,3716,3626,3704,88775,0.01758241758241752
2022-07-08,3717,3871,3717,3859,163490,0.041846652267818474
2022-07-11,3858,3858,3691,3730,144133,-0.03342834931329364
2022-07-12,3691,3691,3485,3512,347614,-0.05844504021447716
2022-07-13,3652,3909,3421,3601,262889,0.025341685649202805
2022-07-14,3639,3691,3562,3666,147393,0.018050541516245522
2022-07-15,3627,3678,3485,3576,107812,-0.02454991816693941
2022-07-18,3563,3601,3511,3589,202419,0.003635346756152069
2022-07-19,3588,3588,3511,3550,115092,-0.010866536639732471
2022-07-20,3575,3601,3537,3563,174015,0.003661971830985822
2022-07-21,3562,3588,3537,3563,179954,0.0
2022-07-22,0,0,0,3563,0,0.0
2022-07-25,0,0,0,3563,0,0.0
2022-07-26,0,0,0,3563,0,0.0
2022-07-27,0,0,0,3563,0,0.0
2022-07-28,0,0,0,3563,0,0.0
2022-07-29,0,0,0,3563,0,0.0
2022-08-01,0,0,0,3563,0,0.0
2022-08-02,0,0,0,3563,0,0.0
2022-08-03,0,0,0,3563,0,0.0
2022-08-04,0,0,0,3563,0,0.0
2022-08-05,0,0,0,3563,0,0.0
2022-08-08,0,0,0,3563,0,0.0
2022-08-09,0,0,0,3563,0,0.0
2022-08-10,3562,3645,3488,3515,477243,-0.013471793432500712
2022-08-11,3620,3680,3550,3570,193961,0.01564722617354186
2022-08-12,3575,3900,3575,3720,203813,0.04201680672268915
2022-08-16,3730,3875,3730,3865,197953,0.03897849462365599
2022-08-17,3890,3895,3800,3815,112463,-0.012936610608020649
2022-08-18,3730,3815,3720,3760,42879,-0.014416775884665833
2022-08-19,3760,3780,3660,3660,64697,-0.02659574468085102
2022-08-22,3830,3830,3655,3665,68957,0.001366120218579292
2022-08-23,3620,3665,3590,3610,44266,-0.01500682128240105
2022-08-24,3610,3720,3545,3655,123956,0.012465373961218829
2022-08-25,3660,3775,3655,3690,93365,0.009575923392612928
2022-08-26,3690,3710,3655,3660,75198,-0.008130081300813052
2022-08-29,3560,3600,3495,3520,82611,-0.03825136612021862
2022-08-30,3500,3580,3500,3575,63883,0.015625
2022-08-31,3575,3575,3360,3435,402567,-0.03916083916083912
2022-09-01,3440,3525,3270,3270,223171,-0.048034934497816595
2022-09-02,3260,3260,3140,3155,195826,-0.03516819571865448
2022-09-05,3095,3170,3085,3105,104069,-0.015847860538827252
2022-09-06,3090,3135,3090,3130,83301,0.008051529790660261
2022-09-07,3100,3120,3075,3095,69624,-0.011182108626198062
2022-09-08,3135,3350,3100,3265,151995,0.0549273021001615
2022-09-13,3380,3380,3265,3265,190420,0.0
2022-09-14,3155,3220,3130,3215,135062,-0.015313935681470103
2022-09-15,3255,3255,3195,3210,223476,-0.0015552099533436836
2022-09-16,3210,3210,2940,3020,406283,-0.05919003115264798
2022-09-19,3020,3030,2880,2895,217773,-0.04139072847682124
2022-09-20,2895,2980,2895,2930,191830,0.012089810017271052
2022-09-21,2930,2960,2880,2895,126769,-0.011945392491467532
2022-09-22,2850,2980,2840,2965,197197,0.024179620034542326
2022-09-23,2995,3005,2900,2900,159759,-0.021922428330522714
2022-09-26,2900,2940,2770,2820,169035,-0.02758620689655178
2022-09-27,2800,3535,2785,3190,3336436,0.13120567375886516
2022-09-28,3205,3315,3000,3110,1102018,-0.025078369905956133
2022-09-29,3205,3205,2900,2955,479963,-0.04983922829581988
2022-09-30,2905,3400,2845,3115,916959,0.05414551607445017
2022-10-04,3240,3240,3015,3065,377316,-0.0160513643659711
2022-10-05,2600,2605,2180,2320,6471827,-0.24306688417618272
2022-10-06,2335,2385,2245,2340,1013915,0.008620689655172376
2022-10-07,2335,2450,2265,2385,1192731,0.019230769230769162
2022-10-11,2370,2370,2210,2235,722492,-0.06289308176100628
2022-10-12,2230,2280,2155,2240,511053,0.0022371364653244186
2022-10-13,2230,2230,2045,2080,969972,-0.0714285714285714
2022-10-14,2100,2145,2075,2100,721602,0.009615384615384581
2022-10-17,2060,2175,2000,2160,436618,0.02857142857142847
2022-10-18,2180,2240,2180,2220,404921,0.02777777777777768
2022-10-19,2225,2260,2175,2205,322664,-0.006756756756756799
2022-10-20,2215,2240,2150,2165,298463,-0.01814058956916098
2022-10-21,2165,2165,2060,2095,323912,-0.0323325635103926
2022-10-24,2105,2130,2050,2060,330170,-0.01670644391408116
2022-10-25,2060,2070,2010,2040,319378,-0.009708737864077666
2022-10-26,2050,2065,2025,2040,221642,0.0
2022-10-27,2065,2095,2035,2045,310390,0.002450980392156854
2022-10-28,2025,2060,2025,2040,201556,-0.0024449877750610804
2022-10-31,2060,2060,1925,1950,742244,-0.044117647058823484
2022-11-01,1950,1975,1920,1970,384798,0.01025641025641022
2022-11-02,1975,2025,1950,2010,317307,0.020304568527918843
2022-11-03,1970,2020,1960,1995,195181,-0.007462686567164201
2022-11-04,2005,2015,1965,2010,278583,0.007518796992481258
2022-11-07,2015,2045,2000,2005,424850,-0.0024875621890547706
2022-11-08,2015,2100,2015,2100,442974,0.04738154613466339
2022-11-09,2105,2160,2055,2130,349534,0.014285714285714235
2022-11-10,2125,2160,2090,2100,269673,-0.014084507042253502
2022-11-11,2140,2425,2120,2220,1922197,0.05714285714285716
2022-11-14,2235,2380,2210,2310,1182857,0.04054054054054057
2022-11-15,2310,2320,2235,2295,425215,-0.00649350649350644
2022-11-16,2290,2325,2265,2305,336343,0.004357298474945592
2022-11-17,2315,2385,2270,2310,589970,0.002169197396963085
2022-11-18,2305,2335,2235,2260,317350,-0.02164502164502169
2022-11-21,2260,2260,2135,2175,261857,-0.03761061946902655
2022-11-22,2175,2175,2100,2115,366019,-0.02758620689655178
2022-11-23,2120,2170,2110,2135,153018,0.009456264775413725
2022-11-24,2130,2165,2130,2160,117106,0.011709601873536313
2022-11-25,2160,2180,2140,2150,144314,-0.00462962962962965
2022-11-28,2145,2145,2100,2105,119813,-0.020930232558139528
2022-11-29,2195,2510,2160,2175,4940277,0.03325415676959631
2022-11-30,2185,2240,2120,2150,683891,-0.011494252873563204
2022-12-01,2160,2255,2150,2240,847303,0.041860465116279055
2022-12-02,2235,2320,2225,2270,520378,0.013392857142857206
2022-12-05,2280,2370,2255,2330,692174,0.026431718061673992
2022-12-06,2330,2345,2270,2280,326968,-0.02145922746781115
2022-12-07,2270,2375,2235,2365,802353,0.037280701754385914
2022-12-08,2365,2365,2255,2320,482744,-0.019027484143763207
2022-12-09,2345,2345,2265,2310,418249,-0.004310344827586188
2022-12-12,2295,2300,2270,2280,257128,-0.012987012987012991
2022-12-13,2290,2315,2270,2310,271163,0.013157894736842035
2022-12-14,2310,2325,2260,2275,272798,-0.015151515151515138
2022-12-15,2280,2300,2250,2260,193648,-0.00659340659340657
2022-12-16,2240,2240,2165,2210,213829,-0.02212389380530977
2022-12-19,2205,2290,2180,2265,175044,0.02488687782805421
2022-12-20,2265,2265,2190,2210,193760,-0.02428256070640178
2022-12-21,2210,2235,2185,2235,151450,0.011312217194570096
2022-12-22,2245,2345,2245,2330,768777,0.04250559284116329
2022-12-23,2325,2370,2290,2335,1001100,0.0021459227467810482
2022-12-26,2340,2550,2340,2535,2461329,0.08565310492505351
2022-12-27,2630,2695,2550,2640,5451044,0.041420118343195256
2022-12-28,2670,2935,2610,2875,4833292,0.0890151515151516
2022-12-29,2785,2985,2635,2725,4588690,-0.05217391304347829
2023-01-02,2670,2885,2570,2885,2418815,0.05871559633027523
2023-01-03,2885,3000,2770,2950,2939779,0.022530329289428108
2023-01-04,2950,3085,2900,2995,2134128,0.015254237288135686
2023-01-05,3060,3080,2900,3025,1373049,0.01001669449081799
2023-01-06,2985,3030,2925,2955,728996,-0.023140495867768562
2023-01-09,2965,3025,2935,2970,1741018,0.0050761421319796
2023-01-10,2950,2980,2860,2955,1307101,-0.005050505050505083
2023-01-11,2920,3070,2915,3040,1257701,0.02876480541455151
2023-01-12,3045,3045,2930,3000,971217,-0.013157894736842146
2023-01-13,3010,3175,3010,3120,1819251,0.040000000000000036
2023-01-16,3160,3265,3090,3140,1229666,0.0064102564102563875
2023-01-17,3145,3290,3080,3290,1299798,0.047770700636942776
2023-01-18,3310,3845,3295,3780,8343557,0.14893617021276606
2023-01-19,3800,3935,3705,3785,3431452,0.001322751322751392
2023-01-20,3810,4300,3725,4250,7573383,0.12285336856010565
2023-01-25,4295,4520,4145,4300,3134354,0.0117647058823529
2023-01-26,4300,4390,4275,4310,1519378,0.0023255813953488857
2023-01-27,4335,4485,4095,4470,3019794,0.037122969837587005
2023-01-30,4470,4780,4385,4600,3239681,0.029082774049216997
2023-01-31,4590,4720,4500,4580,1211472,-0.004347826086956497
2023-02-01,4580,4580,4125,4445,2051745,-0.029475982532751077
2023-02-02,4425,4535,4295,4450,1305746,0.0011248593925758943
2023-02-03,4430,4465,4290,4360,1298715,-0.020224719101123556
2023-02-06,4360,4525,4180,4395,1875555,0.008027522935779796
2023-02-07,4330,4475,4300,4415,1111134,0.004550625711035261
2023-02-08,4415,4475,4305,4310,807867,-0.023782559456398622
2023-02-09,4290,4375,4160,4305,867625,-0.001160092807424573
2023-02-10,4300,4505,4220,4310,1732180,0.0011614401858304202
2023-02-13,4315,4320,4005,4250,1582661,-0.0139211136890951
2023-02-14,4190,4255,4150,4175,807527,-0.01764705882352946
2023-02-15,4175,4175,3915,4100,1541637,-0.017964071856287456
2023-02-16,4175,4350,4110,4170,1401977,0.017073170731707332
2023-02-17,4170,4265,4120,4135,606148,-0.008393285371702586
2023-02-20,4130,4130,4045,4110,624813,-0.006045949214026569
2023-02-21,4110,4145,4055,4080,421851,-0.007299270072992692
2023-02-22,4040,4220,3985,4060,957193,-0.004901960784313708
2023-02-23,4100,4220,4060,4150,891232,0.022167487684729092
2023-02-24,4115,4180,4080,4090,519645,-0.014457831325301207
2023-02-27,4000,4275,3935,4160,1210217,0.017114914425427896
2023-02-28,4160,4430,4160,4370,1472445,0.05048076923076916
2023-03-02,4405,4465,4230,4300,1066174,-0.016018306636155555
2023-03-03,4280,4290,4135,4175,792158,-0.029069767441860517
2023-03-06,4225,4295,4085,4285,947455,0.026347305389221587
2023-03-07,4300,4300,4150,4155,635274,-0.03033838973162195
2023-03-08,4105,4140,4060,4095,428278,-0.014440433212996373
2023-03-09,4135,4165,4080,4100,368298,0.0012210012210012167
2023-03-10,4040,4085,3890,3970,679020,-0.03170731707317076
2023-03-13,3855,3900,3675,3820,1620856,-0.03778337531486142
2023-03-14,3825,3855,3615,3680,963198,-0.03664921465968585
2023-03-15,3700,3795,3600,3655,758491,-0.006793478260869512
2023-03-16,3615,3615,3485,3540,765274,-0.03146374829001364
2023-03-17,3615,3720,3555,3695,654194,0.043785310734463234
2023-03-20,3670,3750,3640,3645,359990,-0.013531799729364025
2023-03-21,3680,3715,3555,3710,538131,0.017832647462277196
2023-03-22,3710,3745,3620,3650,470538,-0.016172506738544423
2023-03-23,3600,3710,3570,3625,584181,-0.006849315068493178
2023-03-24,3625,3740,3610,3740,558542,0.03172413793103446
2023-03-27,3750,3800,3590,3620,660400,-0.03208556149732622
2023-03-28,3620,3940,3600,3890,829244,0.07458563535911611
2023-03-29,3900,4070,3845,4035,1322902,0.037275064267352276
2023-03-30,4070,4200,4010,4110,1352343,0.018587360594795488
2023-03-31,4130,4130,3980,3985,674037,-0.03041362530413627
2023-04-03,4000,4030,3885,3935,498756,-0.012547051442910906
2023-04-04,3890,3965,3835,3885,618627,-0.01270648030495558
2023-04-05,3845,3945,3810,3900,508043,0.0038610038610038533
2023-04-06,3900,3900,3740,3795,565588,-0.02692307692307694
2023-04-07,3795,3820,3750,3765,261723,-0.007905138339920903
2023-04-10,3795,3795,3665,3685,502167,-0.021248339973439556
2023-04-11,3685,3710,3615,3705,356617,0.005427408412483015
2023-04-12,3675,3735,3665,3695,242997,-0.0026990553306343035
2023-04-13,3675,3695,3540,3640,514324,-0.014884979702300405
2023-04-14,3640,3790,3630,3730,469484,0.024725274725274637
2023-04-17,3735,3815,3625,3810,533009,0.02144772117962468
2023-04-18,3820,4040,3750,4000,1551447,0.04986876640419946
2023-04-19,4020,4140,3955,4135,1567008,0.03374999999999995
2023-04-20,4165,4320,4065,4140,2314674,0.0012091898428052694
2023-04-21,4140,4220,3930,4155,1019908,0.0036231884057971175
2023-04-24,4110,4155,3745,3800,1383967,-0.085439229843562
2023-04-25,3770,3825,3610,3690,931604,-0.02894736842105261
2023-04-26,3650,3735,3590,3650,462478,-0.010840108401083959
2023-04-27,3655,3715,3610,3680,324021,0.008219178082191858
2023-04-28,3685,3715,3615,3685,407072,0.0013586956521738358
2023-05-02,3665,3740,3635,3730,302530,0.012211668928086894
2023-05-03,3730,3780,3680,3690,254820,-0.01072386058981234
2023-05-04,3700,3850,3615,3750,534221,0.016260162601626105
2023-05-08,3775,3800,3650,3650,450732,-0.026666666666666616
2023-05-09,3665,3665,3440,3480,737463,-0.046575342465753455
2023-05-10,3485,3510,3295,3325,1084978,-0.04454022988505746
2023-05-11,3325,3360,3300,3305,335755,-0.006015037593984918
2023-05-12,3305,3310,3205,3250,340049,-0.016641452344931973
2023-05-15,3245,3265,3165,3205,207876,-0.013846153846153841
2023-05-16,3205,3250,3075,3120,512155,-0.026521060842433664
2023-05-17,3130,3255,3085,3230,533006,0.03525641025641035
2023-05-18,3270,3285,3155,3205,358012,-0.007739938080495334
2023-05-19,3275,3275,3135,3170,497002,-0.010920436817472678
2023-05-22,3195,3220,3150,3210,465005,0.012618296529968376
2023-05-23,3230,3235,3145,3150,440323,-0.01869158878504673
2023-05-24,3150,3150,3095,3140,267777,-0.0031746031746031633
2023-05-25,3180,3300,3090,3095,960539,-0.014331210191082855
2023-05-26,3100,3120,3005,3025,349856,-0.022617124394184174
2023-05-30,3025,3065,2965,3010,450927,-0.0049586776859503745
2023-05-31,3050,3070,2990,3035,202192,0.008305647840531671
2023-06-01,3035,3050,3000,3020,160793,-0.0049423393739703725
2023-06-02,3005,3040,2985,3015,183339,-0.0016556291390728006
2023-06-05,3020,3060,2995,3045,226113,0.00995024875621886
2023-06-07,3095,3125,3045,3050,185346,0.0016420361247948545
2023-06-08,3085,3085,3005,3020,171541,-0.00983606557377048
2023-06-09,3040,3090,3020,3090,245391,0.023178807947019875
2023-06-12,3105,3105,3025,3030,279873,-0.01941747572815533
2023-06-13,3035,3200,3035,3200,896977,0.05610561056105601
2023-06-14,3205,3285,3120,3220,828667,0.006250000000000089
2023-06-15,3220,3240,3130,3150,322005,-0.021739130434782594
2023-06-16,3200,3395,3190,3395,1625104,0.07777777777777772
2023-06-19,3435,3485,3380,3430,1074804,0.010309278350515427
2023-06-20,3430,3500,3355,3385,628867,-0.013119533527696792
2023-06-21,3365,3365,3260,3260,413359,-0.03692762186115217
2023-06-22,3250,3325,3210,3245,246868,-0.004601226993865004
2023-06-23,3220,3285,3195,3250,254446,0.0015408320493066618
2023-06-26,3240,3310,3120,3285,295107,0.010769230769230864
2023-06-27,3270,3285,3215,3240,135161,-0.013698630136986356
2023-06-28,3330,3400,3285,3345,584955,0.03240740740740744
2023-06-29,3400,3420,3330,3375,347027,0.008968609865470878
2023-06-30,3375,3395,3315,3385,224896,0.002962962962963056
2023-07-03,3450,3450,3320,3380,353194,-0.001477104874446078
2023-07-04,3390,3390,3250,3370,386303,-0.00295857988165682
2023-07-05,3500,3500,3385,3435,739928,0.01928783382789323
2023-07-06,3430,3430,3325,3350,349940,-0.024745269286754024
2023-07-07,3360,3395,3250,3325,237209,-0.007462686567164201
2023-07-10,3360,3395,3250,3345,184187,0.006015037593984918
2023-07-11,3345,3400,3335,3390,263201,0.013452914798206317
2023-07-12,3390,3480,3290,3460,582375,0.020648967551622377
2023-07-13,3500,3500,3305,3380,479095,-0.023121387283236983
2023-07-14,3365,3365,3240,3285,493119,-0.028106508875739622
2023-07-17,3240,3285,3115,3190,817621,-0.028919330289193357
2023-07-18,3200,3225,3050,3125,390773,-0.020376175548589393
2023-07-19,3160,3160,3050,3090,217741,-0.011199999999999988
2023-07-20,3050,3175,3050,3140,278945,0.016181229773462702
2023-07-21,3150,3150,3075,3090,208623,-0.015923566878980888
2023-07-24,3090,3090,2975,3030,438063,-0.01941747572815533
2023-07-25,3020,3020,2785,2835,1025673,-0.0643564356435643
2023-07-26,2950,2985,2700,2855,846322,0.007054673721340388
2023-07-27,2860,3000,2860,2935,366317,0.028021015761821255
2023-07-28,2905,3045,2825,3035,350018,0.03407155025553665
2023-07-31,3035,3050,2965,3000,174067,-0.011532125205930832
2023-08-01,2975,3020,2950,2975,258754,-0.008333333333333304
2023-08-02,2980,3075,2945,2960,264724,-0.005042016806722671
2023-08-03,2960,3070,2905,3020,270464,0.020270270270270174
2023-08-04,3000,3035,2955,2985,251948,-0.011589403973509937
2023-08-07,2960,2975,2855,2920,627983,-0.021775544388609736
2023-08-08,2900,3065,2850,3010,947282,0.03082191780821919
2023-08-09,3030,3100,2915,2960,572804,-0.01661129568106312
2023-08-10,3060,3420,3015,3320,3924784,0.12162162162162171
2023-08-11,3320,3470,3150,3325,2043656,0.001506024096385561
2023-08-14,3375,3460,3240,3280,1055988,-0.013533834586466176
2023-08-16,3240,3240,3125,3215,576832,-0.01981707317073167
2023-08-17,3165,3165,2995,3080,644030,-0.0419906687402799
2023-08-18,3050,3150,3005,3080,298166,0.0
2023-08-21,3150,3150,3000,3045,310833,-0.011363636363636354
2023-08-22,3045,3045,3000,3010,264505,-0.011494252873563204
2023-08-23,3010,3010,2900,2980,447373,-0.009966777408637828
2023-08-24,2980,3000,2920,2945,289450,-0.011744966442952975
2023-08-25,2945,2945,2895,2940,204409,-0.001697792869269965
2023-08-28,2940,2985,2930,2940,199808,0.0
2023-08-29,3040,3250,3005,3010,725371,0.023809523809523725
2023-08-30,3020,3055,3000,3030,219519,0.006644518272425293
2023-08-31,3030,3030,2965,3010,209073,-0.0066006600660065695
2023-09-01,3010,3310,2950,3045,1272392,0.011627906976744207
2023-09-04,3045,3060,2990,3035,186281,-0.003284072249589487
2023-09-05,3010,3055,2990,3035,160747,0.0
2023-09-06,3005,3305,2970,3045,1368003,0.0032948929159801743
2023-09-07,3040,3070,3005,3025,239522,-0.006568144499178974
2023-09-08,3005,3075,3005,3065,187892,0.013223140495867813
2023-09-11,3060,3090,3015,3035,232668,-0.009787928221859699
2023-09-12,3040,3070,3005,3015,190510,-0.00658978583196046
2023-09-13,3015,3015,2980,3000,210908,-0.00497512437810943
2023-09-14,2985,3015,2975,3015,136849,0.004999999999999893
2023-09-15,2995,3015,2870,2895,870034,-0.03980099502487566
2023-09-18,2915,2930,2865,2885,186164,-0.003454231433506094
2023-09-19,2885,2895,2840,2865,171214,-0.006932409012131768
2023-09-20,2865,2885,2820,2835,169952,-0.010471204188481686
2023-09-21,2810,2865,2780,2790,154029,-0.015873015873015928
2023-09-22,2790,2795,2725,2765,147666,-0.008960573476702538
2023-09-25,2765,2765,2715,2720,125806,-0.016274864376130238
2023-09-26,2710,2735,2690,2715,84999,-0.0018382352941176405
2023-09-27,2685,2780,2685,2765,132964,0.018416206261510082
2023-10-04,2765,2775,2700,2705,94125,-0.02169981916817365
2023-10-05,2740,2760,2680,2710,71106,0.001848428835489857
2023-10-06,2725,2745,2680,2710,62536,0.0
2023-10-10,2690,2690,2555,2585,238625,-0.04612546125461259
2023-10-11,2610,2640,2585,2600,111880,0.005802707930367523
2023-10-12,2610,2645,2600,2625,108319,0.009615384615384581
2023-10-13,2650,2665,2585,2625,119921,0.0
2023-10-16,2640,2660,2560,2645,130702,0.007619047619047636
2023-10-17,2660,2665,2605,2625,63551,-0.007561436672967825
2023-10-18,2625,2650,2580,2590,102527,-0.013333333333333308
2023-10-19,2570,2570,2515,2525,102919,-0.025096525096525046
2023-10-20,2525,2525,2375,2410,312579,-0.045544554455445585
2023-10-23,2410,2445,2325,2360,144315,-0.020746887966805017
2023-10-24,2370,2405,2260,2405,182965,0.019067796610169552
2023-10-25,2400,2520,2390,2510,144605,0.043659043659043606
2023-10-26,2485,2530,2415,2440,98004,-0.027888446215139417
2023-10-27,2700,2760,2530,2545,818391,0.04303278688524581
2023-10-30,2585,3050,2570,2685,2929613,0.05500982318271119
2023-10-31,2700,2985,2660,2800,4344441,0.04283054003724396
2023-11-01,2810,2825,2710,2795,401907,-0.0017857142857142794
2023-11-02,2840,2885,2660,2670,779141,-0.04472271914132375
2023-11-03,2680,2700,2610,2670,230307,0.0
2023-11-06,2980,2980,2705,2800,520031,0.04868913857677892
2023-11-07,2800,2800,2705,2710,213442,-0.03214285714285714
2023-11-08,2740,2795,2720,2720,129899,0.0036900369003689537
2023-11-09,2720,2850,2695,2805,403028,0.03125
2023-11-10,2770,2895,2710,2750,226131,-0.019607843137254943
2023-11-13,2750,2825,2685,2685,140212,-0.023636363636363678
2023-11-14,2735,2950,2730,2870,1250602,0.06890130353817514
2023-11-15,2920,3080,2860,3015,896365,0.05052264808362361
2023-11-16,3060,3145,3000,3060,505115,0.014925373134328401
2023-11-17,3065,3150,3015,3085,778449,0.008169934640522847
2023-11-20,3120,3120,2965,3015,435093,-0.02269043760129663
2023-11-21,3055,3055,2960,3005,247262,-0.0033167495854062867
2023-11-22,3005,3005,2900,2925,267166,-0.0266222961730449
2023-11-23,2935,2975,2905,2935,166075,0.0034188034188034067
2023-11-24,2950,2965,2910,2940,178997,0.0017035775127767216
2023-11-27,2920,2950,2865,2910,233196,-0.010204081632653073
2023-11-28,2910,2995,2875,2915,547737,0.0017182130584192379
2023-11-29,2840,2845,2710,2785,537131,-0.044596912521440824
2023-11-30,2785,2810,2745,2755,196858,-0.010771992818671472
2023-12-01,2755,2815,2755,2810,203600,0.019963702359346636
2023-12-04,2810,2830,2785,2820,211807,0.003558718861210064
2023-12-05,2815,3000,2785,2800,427511,-0.007092198581560294
2023-12-06,2800,2835,2770,2810,151303,0.0035714285714285587
2023-12-07,2860,3000,2850,2985,965546,0.06227758007117434
2023-12-08,2985,2990,2890,2905,381922,-0.02680067001675046
2023-12-11,2905,2995,2880,2995,354438,0.030981067125645412
2023-12-12,3005,3155,2970,3140,793055,0.048414023372287174
2023-12-13,3215,3280,3075,3085,1078105,-0.017515923566879033
2023-12-14,3145,3145,3080,3080,314925,-0.0016207455429497752
2023-12-15,3085,3125,3030,3050,286839,-0.009740259740259716
2023-12-18,3050,3070,2975,3040,204023,-0.003278688524590123
2023-12-19,3050,3050,2905,2955,340005,-0.02796052631578949
2023-12-20,2945,3020,2930,2990,250669,0.011844331641285955
2023-12-21,2990,2995,2900,2945,307853,-0.015050167224080258
2023-12-22,2940,2975,2910,2955,187166,0.00339558573853993
2023-12-26,2955,2955,2890,2905,224825,-0.016920473773265665
2023-12-27,2905,2905,2830,2885,174151,-0.0068846815834767705
2023-12-28,2850,3085,2850,3060,638149,0.060658578856152445
2024-01-02,3055,3125,3010,3110,396180,0.016339869281045694
2024-01-03,3105,3130,3010,3115,309999,0.001607717041800738
2024-01-04,3100,3140,3030,3050,218334,-0.020866773675762396
2024-01-05,3050,3095,3020,3070,167729,0.006557377049180246
2024-01-08,3090,3150,3030,3075,177681,0.0016286644951140072
2024-01-09,3130,3340,3095,3295,1567917,0.07154471544715446
2024-01-10,3355,3355,3195,3250,825562,-0.01365705614567525
2024-01-11,3260,3300,3175,3245,449178,-0.0015384615384614886
2024-01-12,3240,3245,3110,3150,613077,-0.02927580893682591
2024-01-15,3260,3460,3165,3205,897605,0.0174603174603174
2024-01-16,3250,3250,3140,3165,337867,-0.012480499219968744
2024-01-17,3135,3210,3110,3135,346191,-0.009478672985781977
2024-01-18,3180,3335,3165,3330,1141720,0.062200956937799035
2024-01-19,3330,3335,3200,3250,511327,-0.024024024024024038
2024-01-22,3255,3260,3110,3135,463555,-0.03538461538461535
2024-01-23,3140,3165,3080,3105,196991,-0.009569377990430672
2024-01-24,3095,3135,3050,3090,206123,-0.004830917874396157
2024-01-25,3125,3130,3055,3120,195829,0.009708737864077666
2024-01-26,3125,3145,3045,3055,243950,-0.02083333333333337
2024-01-29,3055,3090,2995,3020,195464,-0.011456628477905073
2024-01-30,3030,3075,3000,3020,125880,0.0
2024-01-31,3020,3025,2960,2980,350492,-0.013245033112582738
2024-02-01,3120,3250,2930,3020,700725,0.01342281879194629
2024-02-02,3015,3055,2975,3030,179928,0.0033112582781456013
2024-02-05,3030,3060,2980,3025,168006,-0.0016501650165016146
2024-02-06,3025,3190,3000,3145,441434,0.03966942148760322
2024-02-07,3145,3185,3090,3100,205614,-0.014308426073131986
2024-02-08,3100,3125,3040,3060,219547,-0.012903225806451646
2024-02-13,3060,3200,3035,3160,433981,0.03267973856209161
2024-02-14,3140,3210,3045,3045,659769,-0.03639240506329111
2024-02-15,3040,3040,2850,2895,1537758,-0.049261083743842415
2024-02-16,2900,2920,2890,2915,257072,0.006908462867012188
2024-02-19,2895,2950,2890,2910,299407,-0.0017152658662092923
2024-02-20,2920,2920,2885,2900,149780,-0.0034364261168384758
2024-02-21,2890,2915,2880,2890,235704,-0.0034482758620689724
2024-02-22,2890,2900,2860,2865,228030,-0.00865051903114189
2024-02-23,2870,2895,2840,2850,257678,-0.005235602094240788
2024-02-26,2840,2855,2815,2825,162967,-0.00877192982456143
2024-02-27,2825,2835,2755,2765,367242,-0.0212389380530974
2024-02-28,2760,2810,2760,2800,131032,0.012658227848101333
2024-02-29,2825,2825,2765,2785,106265,-0.005357142857142838
2024-03-04,2785,2790,2715,2730,220462,-0.019748653500897717
2024-03-05,2710,2750,2670,2695,207877,-0.012820512820512775
2024-03-06,2685,2715,2635,2715,234781,0.007421150278293043
2024-03-07,2715,2725,2680,2680,118705,-0.012891344383057057
2024-03-08,2695,2710,2650,2665,197959,-0.005597014925373123
2024-03-11,2665,2710,2640,2695,96514,0.011257035647279645
2024-03-12,2695,2710,2675,2695,104630,0.0
2024-03-13,2695,2765,2690,2735,162352,0.014842300556586308
2024-03-14,2740,2795,2740,2750,144701,0.005484460694698434
2024-03-15,2740,2775,2660,2660,152609,-0.032727272727272716
2024-03-18,2665,2720,2660,2710,125367,0.018796992481203034
2024-03-19,2700,2785,2695,2775,188160,0.023985239852398532
2024-03-20,2770,2820,2750,2810,247058,0.012612612612612706
2024-03-21,2800,2820,2765,2775,126249,-0.01245551601423489
2024-03-22,2780,2830,2760,2780,191336,0.0018018018018017834
2024-03-25,2780,2785,2705,2720,178138,-0.021582733812949617
2024-03-26,2720,2735,2690,2725,184770,0.0018382352941177516
2024-03-27,2725,2735,2705,2730,125045,0.0018348623853210455
2024-03-28,2730,2815,2725,2790,270960,0.0219780219780219
2024-03-29,2820,2835,2735,2740,178466,-0.017921146953404965
2024-04-01,2735,2880,2705,2870,370736,0.04744525547445266
2024-04-02,2870,2870,2790,2800,163118,-0.024390243902439046
2024-04-03,2770,2810,2750,2785,108166,-0.005357142857142838
2024-04-04,2790,2795,2725,2750,144469,-0.012567324955116699
2024-04-05,2740,2760,2670,2735,83846,-0.00545454545454549
2024-04-08,2735,2735,2665,2680,176398,-0.020109689213894
2024-04-09,2680,2710,2650,2680,74162,0.0
2024-04-11,2680,2750,2630,2695,115007,0.005597014925373234
2024-04-12,2695,2700,2620,2650,143708,-0.016697588126159513
2024-04-15,2610,2660,2575,2605,118568,-0.016981132075471694
2024-04-16,2605,2610,2550,2590,156876,-0.0057581573896353655
2024-04-17,2590,2615,2585,2585,54129,-0.0019305019305019266
2024-04-18,2600,2680,2600,2680,105149,0.03675048355899424
2024-04-19,2685,2685,2575,2640,91341,-0.014925373134328401
2024-04-22,2625,2700,2625,2660,57573,0.007575757575757569
2024-04-23,2680,2690,2635,2650,58438,-0.003759398496240629
2024-04-24,2650,2670,2615,2660,45549,0.0037735849056603765
2024-04-25,2655,2680,2615,2650,64316,-0.003759398496240629
2024-04-26,2640,2660,2620,2655,59273,0.0018867924528302993
2024-04-29,2655,2710,2655,2705,132584,0.01883239171374762
2024-04-30,2705,2745,2680,2695,95134,-0.003696857670979714
2024-05-02,2695,2915,2695,2780,593466,0.03153988868274582
2024-05-03,2780,3025,2730,2965,1552546,0.06654676258992809
2024-05-07,2950,3135,2935,3065,1498555,0.033726812816188945
2024-05-08,3075,3100,3000,3000,361681,-0.021207177814029365
2024-05-09,3080,3120,2940,2970,853443,-0.010000000000000009
2024-05-10,2975,3070,2950,3055,514310,0.028619528619528545
2024-05-13,3060,3165,3030,3060,591131,0.0016366612111293755
2024-05-14,3080,3130,2885,2920,1609329,-0.04575163398692805
2024-05-16,2950,2955,2720,2800,1441136,-0.04109589041095896
2024-05-17,2825,2840,2735,2820,442795,0.0071428571428571175
2024-05-20,2810,2860,2740,2785,504286,-0.012411347517730542
2024-05-21,2815,2815,2750,2765,279471,-0.007181328545781018
2024-05-22,2805,2805,2745,2750,156626,-0.005424954792043413
2024-05-23,2750,2775,2690,2705,236801,-0.016363636363636358
2024-05-24,2750,2750,2675,2690,191071,-0.00554528650646946
2024-05-27,2735,2735,2705,2715,132662,0.009293680297397744
2024-05-28,2730,2740,2660,2705,231069,-0.0036832412523020164
2024-05-29,2705,2720,2675,2680,162513,-0.009242144177449174
2024-05-30,2685,2700,2670,2680,97880,0.0
2024-05-31,2665,2740,2665,2720,261557,0.014925373134328401
2024-06-03,2780,2780,2700,2725,277776,0.0018382352941177516
2024-06-04,2750,2770,2705,2740,191121,0.005504587155963359
2024-06-05,2765,2765,2705,2705,192097,-0.012773722627737238
2024-06-07,2705,2730,2685,2710,184942,0.001848428835489857
2024-06-10,2710,2755,2700,2750,167861,0.014760147601476037
2024-06-11,2770,2770,2695,2705,175522,-0.016363636363636358
2024-06-12,2705,2735,2675,2700,172007,-0.001848428835489857
2024-06-13,2710,2730,2700,2725,168579,0.0092592592592593
2024-06-14,2725,2730,2700,2725,152346,0.0
2024-06-17,2730,2825,2730,2820,614528,0.034862385321100975
2024-06-18,2845,2860,2765,2845,446928,0.00886524822695045
2024-06-19,2895,2900,2780,2800,260845,-0.01581722319859402
2024-06-20,2800,2805,2725,2735,265722,-0.023214285714285743
2024-06-21,2735,2755,2700,2715,179373,-0.007312614259597838
2024-06-24,2730,2760,2675,2690,174098,-0.009208103130755041
2024-06-25,2710,2745,2690,2730,125762,0.014869888475836479
2024-06-26,2740,2740,2675,2685,155753,-0.016483516483516536
2024-06-27,2675,2725,2675,2700,90583,0.005586592178770999
2024-06-28,2720,2720,2680,2700,99550,0.0
2024-07-01,2700,2765,2690,2750,222381,0.0185185185185186
2024-07-02,2755,2760,2685,2695,146497,-0.020000000000000018
2024-07-03,2695,2710,2665,2685,85545,-0.0037105751391465214
2024-07-04,2665,2690,2655,2660,165794,-0.009310986964618295
2024-07-05,2685,2685,2640,2640,177510,-0.007518796992481258
