Date,Open,High,Low,Close,Volume,Change
2022-01-03,6991,7091,6966,6992,8845,-0.010612706947785489
2022-01-04,6991,7142,6916,7017,11119,0.003575514874141872
2022-01-05,7091,7091,6916,6942,11117,-0.010688328345446751
2022-01-06,6816,6966,6766,6916,15649,-0.0037453183520599342
2022-01-07,6916,7016,6841,6992,10916,0.01098901098901095
2022-01-10,6866,6966,6741,6916,14378,-0.010869565217391353
2022-01-11,6916,6941,6565,6666,32329,-0.03614806246385194
2022-01-12,6665,6766,6640,6716,7151,0.007500750075007501
2022-01-13,6766,7016,6741,6916,24948,0.029779630732578832
2022-01-14,6966,7242,6841,7217,92944,0.04352226720647767
2022-01-17,7217,7693,7041,7618,141604,0.055563253429402826
2022-01-18,8019,8044,7467,7468,135112,-0.019690207403518012
2022-01-19,7392,7392,7066,7117,48744,-0.04700053561863948
2022-01-20,6941,7192,6941,7117,21193,0.0
2022-01-21,7142,7217,7041,7042,23254,-0.010538148096107869
2022-01-24,7066,7066,6665,6716,41633,-0.04629366657199663
2022-01-25,6690,6766,6340,6440,42604,-0.04109589041095896
2022-01-26,6289,6590,6289,6415,8524,-0.0038819875776398005
2022-01-27,6264,6515,6189,6215,45681,-0.03117692907248637
2022-01-28,6189,6515,6164,6365,38205,0.024135156878519748
2022-02-03,6415,6640,6390,6465,18839,0.01571091908876676
2022-02-04,6365,6715,6365,6616,24777,0.023356535189481775
2022-02-07,6690,6690,6465,6490,13328,-0.01904474002418377
2022-02-08,6465,7968,6465,7167,722957,0.10431432973805865
2022-02-09,7292,7517,7091,7443,123681,0.03850983675177888
2022-02-10,7392,7417,7167,7418,58588,-0.0033588606744592298
2022-02-11,7217,7943,7217,7518,278629,0.013480722566729497
2022-02-14,7467,7743,7267,7593,106230,0.00997605746209107
2022-02-15,7593,7743,7167,7267,103565,-0.042934281575135014
2022-02-16,7467,7693,7367,7618,76118,0.04830053667262968
2022-02-17,9196,9898,8595,9899,3614681,0.2994224205828302
2022-02-18,10199,10700,9723,9924,3756938,0.0025255076270329635
2022-02-21,9723,9948,9572,9848,721412,-0.007658202337767039
2022-02-22,9547,9647,9221,9222,610904,-0.06356620633631194
2022-02-23,9221,9372,9071,9347,343642,0.013554543482975578
2022-02-24,9171,9247,8795,8796,363792,-0.058949395527976844
2022-02-25,8971,9196,8821,9122,388956,0.03706230104592989
2022-02-28,8946,9447,8821,9447,325984,0.03562815172111389
2022-03-02,9247,10099,9221,9924,958241,0.050492219752302336
2022-03-03,9923,10900,9773,10149,2154342,0.0226723095525998
2022-03-04,10149,10875,10048,10726,1276829,0.05685289191053311
2022-03-07,10725,11151,10374,10400,726538,-0.030393436509416394
2022-03-08,10023,10850,9998,10500,612089,0.009615384615384581
2022-03-10,11500,12000,9420,9950,503990,-0.05238095238095242
2022-03-11,9910,9950,9270,9320,204246,-0.06331658291457287
2022-03-14,9070,9190,8540,8590,173634,-0.0783261802575107
2022-03-15,8590,8830,8450,8510,80465,-0.0093131548311991
2022-03-16,8700,8830,8510,8600,80537,0.010575793184488758
2022-03-17,8710,8830,8520,8600,76839,0.0
2022-03-18,8690,8780,8470,8500,49186,-0.011627906976744207
2022-03-21,8580,8580,8330,8380,50806,-0.014117647058823568
2022-03-22,8380,8800,8270,8770,71931,0.046539379474940246
2022-03-23,8780,8810,8560,8600,53583,-0.019384264538198415
2022-03-24,8630,8630,8450,8550,22563,-0.005813953488372103
2022-03-25,8630,8680,8480,8480,34821,-0.008187134502923965
2022-03-28,8310,8540,8050,8400,98721,-0.009433962264150941
2022-03-29,8260,8760,8260,8520,62512,0.014285714285714235
2022-03-30,8230,8300,7810,8000,272205,-0.06103286384976525
2022-03-31,8040,8040,7740,7790,274751,-0.026249999999999996
2022-04-01,7800,8410,7510,7950,1087139,0.020539152759948553
2022-04-04,8090,8230,7920,8120,206031,0.021383647798742134
2022-04-05,8180,8320,8030,8120,205261,0.0
2022-04-06,8090,8270,7920,8140,212152,0.0024630541871921707
2022-04-07,8040,8100,7880,7910,116479,-0.02825552825552824
2022-04-08,7940,8020,7770,7830,94554,-0.010113780025284402
2022-04-11,7800,8190,7780,8140,145001,0.03959131545338446
2022-04-12,8000,8230,7980,8100,113897,-0.004914004914004955
2022-04-13,8220,8220,8040,8100,57031,0.0
2022-04-14,8160,8700,8070,8580,322405,0.059259259259259345
2022-04-15,8490,8770,8250,8680,243525,0.011655011655011593
2022-04-18,8800,9000,8630,8840,222328,0.018433179723502224
2022-04-19,8860,9070,8790,9000,168973,0.018099547511312153
2022-04-20,9080,9090,8720,8720,122604,-0.03111111111111109
2022-04-21,8830,8830,8540,8580,121190,-0.016055045871559592
2022-04-22,8600,8700,8490,8700,80012,0.013986013986013957
2022-04-25,8630,8640,8350,8420,88845,-0.03218390804597704
2022-04-26,8420,8650,8410,8650,57781,0.027315914489311144
2022-04-27,8380,8520,8270,8360,86306,-0.03352601156069368
2022-04-28,8360,8950,8310,8900,238025,0.06459330143540676
2022-04-29,9000,9850,8750,9110,1088795,0.02359550561797752
2022-05-02,9100,9300,8910,8940,236852,-0.01866081229418226
2022-05-03,8940,8940,8670,8670,139581,-0.030201342281879207
2022-05-04,8640,8670,8310,8320,126679,-0.04036908881199541
2022-05-06,8100,8130,8010,8010,84615,-0.03725961538461542
2022-05-09,7950,7950,7420,7470,132487,-0.0674157303370787
2022-05-10,7310,7330,6970,7220,87044,-0.03346720214190091
2022-05-11,7160,7520,7110,7330,50371,0.015235457063711877
2022-05-12,7330,7500,7020,7020,116908,-0.04229195088676674
2022-05-13,7020,7180,7020,7100,51575,0.01139601139601143
2022-05-16,7170,7280,7110,7130,49941,0.004225352112676051
2022-05-17,7250,7750,7150,7660,145290,0.07433380084151464
2022-05-18,7680,7740,7430,7670,83116,0.0013054830287206887
2022-05-19,7460,7470,7200,7360,67133,-0.04041720990873532
2022-05-20,7360,7490,7280,7430,63047,0.009510869565217295
2022-05-23,7450,7630,6950,7620,63766,0.025572005383580176
2022-05-24,7540,7680,7350,7620,68427,0.0
2022-05-25,7550,7740,7470,7720,73683,0.013123359580052396
2022-05-26,7720,7830,7430,7610,86123,-0.014248704663212486
2022-05-27,7710,7710,7490,7680,22993,0.009198423127463773
2022-05-30,7730,7810,7660,7780,31642,0.01302083333333326
2022-05-31,7850,7850,7740,7760,19748,-0.0025706940874036244
2022-06-02,7770,7860,7600,7640,33627,-0.015463917525773141
2022-06-03,7580,7920,7580,7680,34110,0.005235602094240788
2022-06-07,7680,7690,7470,7480,22982,-0.02604166666666663
2022-06-08,7420,7570,7420,7450,20392,-0.004010695187165791
2022-06-09,7420,7430,7270,7340,46377,-0.014765100671140896
2022-06-10,7340,7490,7290,7490,28279,0.02043596730245234
2022-06-13,7210,7300,7000,7000,49421,-0.06542056074766356
2022-06-14,6780,6980,6710,6930,46268,-0.010000000000000009
2022-06-15,6830,6910,6610,6610,40970,-0.046176046176046204
2022-06-16,6710,6950,6610,6780,25615,0.02571860816944027
2022-06-17,6520,6790,6520,6720,12699,-0.008849557522123908
2022-06-20,6720,6730,6210,6540,35245,-0.0267857142857143
2022-06-21,6350,6550,6340,6450,23150,-0.013761467889908285
2022-06-22,6450,6530,5320,5530,302058,-0.14263565891472874
2022-06-23,5410,5690,5310,5340,111010,-0.03435804701627487
2022-06-24,5230,5730,5230,5600,86266,0.04868913857677892
2022-06-27,5660,5930,5650,5820,55762,0.03928571428571437
2022-06-28,5820,5970,5770,5940,24143,0.020618556701030855
2022-06-29,5870,6060,5790,5980,38180,0.006734006734006703
2022-06-30,5900,6020,5750,5750,28096,-0.038461538461538436
2022-07-01,5560,5800,5500,5540,41481,-0.03652173913043477
2022-07-04,5540,5590,5300,5440,35091,-0.018050541516245522
2022-07-05,5410,5800,5410,5780,21509,0.0625
2022-07-06,5740,5950,5650,5800,21343,0.0034602076124568004
2022-07-07,5800,5880,5750,5860,22364,0.010344827586206806
2022-07-08,5890,5970,5820,5940,31373,0.013651877133105783
2022-07-11,5930,5960,5850,5880,23117,-0.010101010101010055
2022-07-12,5800,5840,5600,5670,28366,-0.0357142857142857
2022-07-13,5660,5750,5530,5700,25516,0.005291005291005346
2022-07-14,5690,5990,5610,5930,43869,0.04035087719298236
2022-07-15,6450,6990,6000,6000,733542,0.01180438448566612
2022-07-18,6080,6090,5900,6080,80011,0.01333333333333342
2022-07-19,6020,6140,5980,6110,49877,0.004934210526315708
2022-07-20,6200,6300,6070,6140,62753,0.004909983633387904
2022-07-21,6170,6300,6090,6210,59747,0.01140065146579805
2022-07-22,6300,6450,6230,6390,85947,0.02898550724637672
2022-07-25,6330,6400,6200,6320,29048,-0.010954616588419452
2022-07-26,6290,6350,6150,6160,20331,-0.025316455696202556
2022-07-27,6150,6190,6060,6170,23050,0.0016233766233766378
2022-07-28,6230,6270,6140,6140,21736,-0.004862236628849326
2022-07-29,6200,6320,6200,6320,27790,0.02931596091205213
2022-08-01,6370,6400,6220,6310,16593,-0.0015822784810126667
2022-08-02,6230,6280,6170,6180,21303,-0.020602218700475405
2022-08-03,6150,6380,6150,6350,34093,0.027508090614886793
2022-08-04,6370,6440,6320,6380,30786,0.0047244094488188
2022-08-05,6380,6510,6330,6440,24208,0.00940438871473348
2022-08-08,6530,6530,6330,6440,17351,0.0
2022-08-09,6450,6550,6400,6440,31564,0.0
2022-08-10,6470,6790,6400,6490,85739,0.007763975155279601
2022-08-11,6490,6630,6470,6530,33120,0.006163328197226425
2022-08-12,6520,6680,6500,6680,29125,0.02297090352220521
2022-08-16,6680,6710,6450,6510,53756,-0.025449101796407136
2022-08-17,6590,6660,6450,6520,36720,0.001536098310291889
2022-08-18,6580,6640,6350,6450,42536,-0.010736196319018454
2022-08-19,6480,6630,6450,6570,33524,0.018604651162790642
2022-08-22,6480,6480,6190,6260,50450,-0.04718417047184176
2022-08-23,6220,6220,6060,6090,16652,-0.027156549520766737
2022-08-24,6080,6250,6080,6220,13202,0.021346469622331776
2022-08-25,6380,6410,6270,6390,14471,0.027331189710610992
2022-08-26,6420,6520,6420,6470,16011,0.012519561815336422
2022-08-29,6210,6310,6160,6160,17562,-0.04791344667697062
2022-08-30,6210,6510,6210,6440,48486,0.045454545454545414
2022-08-31,6440,6520,6300,6500,17158,0.009316770186335477
2022-09-01,6510,6540,6380,6380,18548,-0.018461538461538418
2022-09-02,6380,6480,6360,6440,10306,0.00940438871473348
2022-09-05,6440,6460,6210,6300,13665,-0.021739130434782594
2022-09-06,6300,6380,6160,6270,23527,-0.004761904761904745
2022-09-07,6440,6440,6150,6170,18067,-0.01594896331738438
2022-09-08,6180,6280,6150,6190,13887,0.0032414910858995505
2022-09-13,6440,6440,6180,6260,21070,0.011308562197092087
2022-09-14,6070,6210,6050,6170,20236,-0.014376996805111841
2022-09-15,6170,6310,6170,6200,16511,0.004862236628849326
2022-09-16,6200,6280,6020,6150,31156,-0.008064516129032251
2022-09-19,6030,6250,6030,6080,36132,-0.011382113821138184
2022-09-20,6080,6190,6040,6170,18084,0.014802631578947345
2022-09-21,6090,6300,6070,6100,19695,-0.011345218800648316
2022-09-22,6070,6220,5920,6150,26941,0.008196721311475308
2022-09-23,6250,6300,5900,5950,32845,-0.03252032520325199
2022-09-26,5770,5800,5380,5500,51410,-0.07563025210084029
2022-09-27,5330,5510,5150,5210,90163,-0.052727272727272734
2022-09-28,5210,5210,4945,5020,32814,-0.03646833013435702
2022-09-29,5070,5200,5010,5010,18004,-0.0019920318725099584
2022-09-30,4835,5250,4835,5130,16779,0.0239520958083832
2022-10-04,5150,5270,5070,5270,17988,0.02729044834308003
2022-10-05,5320,5320,5050,5050,17920,-0.04174573055028463
2022-10-06,5020,5160,5020,5150,6397,0.01980198019801982
2022-10-07,5160,5160,5070,5120,6219,-0.005825242718446644
2022-10-11,5040,5040,4895,4920,24366,-0.0390625
2022-10-12,4920,4965,4850,4920,12554,0.0
2022-10-13,4915,4920,4705,4705,24232,-0.04369918699186992
2022-10-14,4770,4935,4535,4805,22834,0.02125398512221044
2022-10-17,4820,4960,4670,4855,9316,0.010405827263267442
2022-10-18,4980,5020,4880,4985,12484,0.026776519052523096
2022-10-19,5010,5130,4995,5000,11680,0.0030090270812437314
2022-10-20,5030,5070,4875,4990,7190,-0.0020000000000000018
2022-10-21,4985,4990,4850,4855,6507,-0.027054108216432837
2022-10-24,4890,4990,4830,4895,5270,0.008238928939237944
2022-10-25,4950,4950,4870,4915,4054,0.004085801838610736
2022-10-26,4915,4960,4810,4880,5374,-0.007121057985757906
2022-10-27,4970,4985,4800,4985,19435,0.021516393442623016
2022-10-28,4980,4980,4865,4865,9068,-0.02407221664994985
2022-10-31,4930,4940,4890,4935,5642,0.014388489208633004
2022-11-01,4950,6380,4950,5600,2836840,0.13475177304964547
2022-11-02,5540,5830,5400,5450,205246,-0.0267857142857143
2022-11-03,5390,5700,5300,5490,125813,0.007339449541284404
2022-11-04,5480,5560,5350,5450,64045,-0.007285974499089298
2022-11-07,5450,5570,5420,5560,57880,0.020183486238532167
2022-11-08,5520,6640,5510,5880,2166569,0.05755395683453246
2022-11-09,5850,6640,5820,5890,948648,0.001700680272108901
2022-11-10,5830,6120,5810,6000,147946,0.018675721561969505
2022-11-11,6090,6940,5940,6410,3034836,0.06833333333333336
2022-11-14,6350,6350,6120,6210,225602,-0.03120124804992197
2022-11-15,6200,6730,6180,6360,487844,0.024154589371980784
2022-11-16,6280,6330,6100,6180,96288,-0.028301886792452824
2022-11-17,6120,6180,6000,6000,61527,-0.029126213592232997
2022-11-18,6000,6120,5880,5880,54298,-0.020000000000000018
2022-11-21,5880,6110,5770,5880,28331,0.0
2022-11-22,5910,5960,5790,5920,22379,0.006802721088435382
2022-11-23,5990,6150,5990,6100,45494,0.030405405405405483
2022-11-24,6100,6210,6040,6100,36207,0.0
2022-11-25,6090,6150,6060,6080,26164,-0.003278688524590123
2022-11-28,6090,6410,5910,6040,79504,-0.006578947368421018
2022-11-29,5920,6670,5920,6340,813283,0.04966887417218535
2022-11-30,6420,6470,6280,6370,156208,0.004731861198738141
2022-12-01,6420,6700,6310,6440,378679,0.01098901098901095
2022-12-02,6450,6620,6380,6450,160962,0.0015527950310558758
2022-12-05,6630,7100,6360,6500,1319747,0.007751937984496138
2022-12-06,6500,6500,6140,6300,134959,-0.03076923076923077
2022-12-07,6320,7630,6320,7220,6332867,0.14603174603174596
2022-12-08,7010,7190,6960,7090,558669,-0.018005540166205036
2022-12-09,7110,7290,6880,7210,638223,0.016925246826516194
2022-12-12,7120,7500,7070,7250,992714,0.00554785020804438
2022-12-13,7440,7480,6980,7000,342532,-0.03448275862068961
2022-12-14,6980,7060,6670,6930,199638,-0.010000000000000009
2022-12-15,6910,7040,6750,6990,100422,0.008658008658008587
2022-12-16,6740,7140,6740,7020,163791,0.0042918454935623185
2022-12-19,7060,7080,6900,6950,89278,-0.009971509971509973
2022-12-20,6950,6950,6620,6710,108164,-0.03453237410071941
2022-12-21,6750,6890,6630,6760,89310,0.007451564828613977
2022-12-22,6760,7140,6740,6990,184633,0.03402366863905315
2022-12-23,6850,6930,6570,6570,99970,-0.06008583690987124
2022-12-26,6570,6570,6150,6160,130738,-0.06240487062404876
2022-12-27,6320,7010,6230,6770,605526,0.09902597402597402
2022-12-28,6770,7070,6680,7010,205278,0.03545051698670609
2022-12-29,7010,7050,6700,6730,79445,-0.03994293865905851
2023-01-02,6730,6900,6390,6720,81493,-0.0014858841010401136
2023-01-03,6760,6900,6440,6900,100385,0.02678571428571419
2023-01-04,6930,6930,6650,6800,70736,-0.01449275362318836
2023-01-05,6820,6970,6740,6920,89866,0.01764705882352935
2023-01-06,6910,6970,6770,6970,60487,0.007225433526011571
2023-01-09,7030,7260,6980,7180,185585,0.03012912482065988
2023-01-10,7180,7390,6900,7170,239627,-0.0013927576601671099
2023-01-11,7090,7170,6980,7110,76129,-0.008368200836820106
2023-01-12,7100,7160,6970,7100,78605,-0.0014064697609000865
2023-01-13,7120,7120,6970,7100,57268,0.0
2023-01-16,7100,7210,7010,7110,79885,0.0014084507042253502
2023-01-17,7110,7230,7040,7110,51968,0.0
2023-01-18,7130,7270,7100,7210,108866,0.014064697609001309
2023-01-19,7180,7350,6950,7100,303628,-0.015256588072122046
2023-01-20,7190,7190,6930,6970,72004,-0.018309859154929553
2023-01-25,6970,7040,6700,6800,81560,-0.024390243902439046
2023-01-26,6840,6950,6740,6800,51160,0.0
2023-01-27,6860,7030,6790,6950,96654,0.022058823529411686
2023-01-30,6930,7090,6890,6950,46168,0.0
2023-01-31,6950,7020,6850,6980,26831,0.004316546762589857
2023-02-01,6950,7070,6920,6980,42531,0.0
2023-02-02,6990,7170,6980,7040,75384,0.008595988538681931
2023-02-03,7040,7090,6940,7050,48834,0.0014204545454545858
2023-02-06,6990,7120,6970,7100,52297,0.007092198581560183
2023-02-07,7100,7100,6990,7070,29651,-0.004225352112676051
2023-02-08,7100,7100,6950,6970,40795,-0.014144271570014189
2023-02-09,7010,7010,6900,6940,31968,-0.004304160688665681
2023-02-10,7000,7360,6980,7220,291697,0.04034582132564846
2023-02-13,7220,7330,6920,6930,118902,-0.040166204986149534
2023-02-14,6750,6990,6750,6930,45762,0.0
2023-02-15,6950,6970,6800,6810,57558,-0.017316017316017285
2023-02-16,6850,6940,6840,6920,19336,0.01615271659324513
2023-02-17,6960,7030,6840,6920,31628,0.0
2023-02-20,6940,7050,6870,7000,44602,0.011560693641618602
2023-02-21,7000,7070,6950,7000,27050,0.0
2023-02-22,6850,6990,6770,6850,36434,-0.021428571428571463
2023-02-23,6840,6880,6740,6750,23397,-0.014598540145985384
2023-02-24,6750,6780,6580,6590,49690,-0.02370370370370367
2023-02-27,6440,6500,6330,6420,44234,-0.025796661608497695
2023-02-28,6400,6520,6400,6430,14812,0.0015576323987538387
2023-03-02,6420,6900,6420,6760,59690,0.051321928460342114
2023-03-03,6760,6850,6710,6740,32421,-0.00295857988165682
2023-03-06,6720,6900,6650,6880,28842,0.020771513353115667
2023-03-07,6910,6910,6770,6790,32572,-0.013081395348837233
2023-03-08,6800,6800,6580,6660,34417,-0.019145802650957333
2023-03-09,6600,6780,6530,6670,32869,0.0015015015015014122
2023-03-10,6640,6650,6480,6490,19746,-0.026986506746626726
2023-03-13,6430,6520,6250,6290,41908,-0.03081664098613246
2023-03-14,6210,6250,5800,5810,116661,-0.07631160572337048
2023-03-15,5830,6540,5830,5970,132381,0.027538726333907082
2023-03-16,5970,6080,5830,6080,31718,0.018425460636515956
2023-03-17,6090,6130,5950,6110,62851,0.004934210526315708
2023-03-20,6070,6270,5970,6060,82133,-0.008183306055646433
2023-03-21,6100,6200,6010,6070,52936,0.0016501650165017256
2023-03-22,6170,6170,5980,5990,71653,-0.01317957166392092
2023-03-23,6100,6180,5970,6010,80240,0.0033388981636059967
2023-03-24,6020,6300,5990,6250,59362,0.03993344425956735
2023-03-27,6250,6370,6050,6270,55225,0.0032000000000000917
2023-03-28,6270,6550,6260,6500,83916,0.03668261562998398
2023-03-29,6450,6850,6450,6750,92144,0.03846153846153855
2023-03-30,6710,7010,6670,6950,99006,0.029629629629629672
2023-03-31,6950,7020,6810,6820,43113,-0.018705035971222972
2023-04-03,7000,7000,6760,6920,45057,0.014662756598240456
2023-04-04,6920,6950,6850,6870,26915,-0.007225433526011571
2023-04-05,6910,6940,6760,6850,20077,-0.0029112081513827937
2023-04-06,6850,6890,6650,6710,50586,-0.020437956204379604
2023-04-07,6710,6850,6650,6720,41460,0.0014903129657228842
2023-04-10,6720,6850,6530,6650,79700,-0.01041666666666663
2023-04-11,6560,6850,6560,6820,56356,0.02556390977443601
2023-04-12,6760,6930,6650,6690,59683,-0.019061583577712593
2023-04-13,6740,6740,6550,6720,40003,0.004484304932735439
2023-04-14,6790,7010,6770,6870,117689,0.022321428571428603
2023-04-17,6900,7060,6890,6930,75165,0.008733624454148492
2023-04-18,6920,7110,6720,7030,107324,0.01443001443001446
2023-04-19,6980,7230,6980,7090,139560,0.008534850640113723
2023-04-20,7240,7330,7050,7080,187835,-0.0014104372355430161
2023-04-21,7080,7080,6730,6790,92809,-0.04096045197740117
2023-04-24,6700,6770,6560,6750,43627,-0.00589101620029453
2023-04-25,6630,6700,6270,6460,100357,-0.04296296296296298
2023-04-26,6460,6680,6300,6480,38160,0.003095975232198178
2023-04-27,6480,6550,6320,6480,20208,0.0
2023-04-28,6550,6620,6350,6410,45896,-0.010802469135802517
2023-05-02,6470,6620,6410,6520,27470,0.01716068642745716
2023-05-03,6450,6620,6350,6500,26433,-0.0030674846625766694
2023-05-04,6510,6570,6350,6500,30787,0.0
2023-05-08,6470,6740,6470,6590,49573,0.013846153846153841
2023-05-09,6560,6820,6460,6770,55800,0.0273141122913505
2023-05-10,6870,8800,6830,8520,9377829,0.2584933530280651
2023-05-11,8400,9200,8010,8130,6152998,-0.045774647887323994
2023-05-12,8130,8200,7810,8000,529862,-0.01599015990159902
2023-05-15,8050,8810,7840,7900,3296207,-0.012499999999999956
2023-05-16,7810,8190,7500,8020,691582,0.0151898734177216
2023-05-17,7980,8330,7810,8290,539308,0.03366583541147139
2023-05-18,8530,8620,8230,8430,622225,0.016887816646562026
2023-05-19,8480,8700,8160,8330,450735,-0.011862396204033177
2023-05-22,8540,8950,8330,8520,820299,0.02280912364945986
2023-05-23,8550,8630,8360,8460,283739,-0.007042253521126751
2023-05-24,8450,8460,8110,8110,202225,-0.04137115839243499
2023-05-25,8080,8270,7920,8150,141393,0.004932182490752224
2023-05-26,8150,8380,8010,8350,127071,0.024539877300613577
2023-05-30,8350,8720,8310,8600,288280,0.029940119760478945
2023-05-31,8780,8790,8390,8410,166328,-0.02209302325581397
2023-06-01,8410,8660,8220,8520,202416,0.013079667063020217
2023-06-02,8460,9470,8460,8680,2153104,0.018779342723004744
2023-06-05,8690,8730,8410,8630,233044,-0.005760368663594417
2023-06-07,8700,9080,8690,9030,397633,0.04634994206257237
2023-06-08,8910,9090,8630,8630,222959,-0.044296788482835026
2023-06-09,8650,8870,8600,8610,110021,-0.002317497103128674
2023-06-12,8710,9040,8650,8740,197028,0.015098722415795685
2023-06-13,8850,9140,8730,8940,243904,0.022883295194507935
2023-06-14,8960,9000,8650,8880,229258,-0.006711409395973145
2023-06-15,8940,9360,8870,9280,391205,0.04504504504504503
2023-06-16,9290,9400,9100,9200,157114,-0.008620689655172376
2023-06-19,9790,9790,9000,9190,793321,-0.0010869565217391797
2023-06-20,9240,9660,9100,9260,395633,0.007616974972796564
2023-06-21,9260,9610,8990,9040,335202,-0.023758099352051865
2023-06-22,8900,9180,8860,8970,142456,-0.007743362831858391
2023-06-23,9150,9770,9150,9530,754356,0.062430323299888624
2023-06-26,9470,10180,9020,9870,468025,0.03567681007345236
2023-06-27,9890,10500,9890,10330,383674,0.046605876393110535
2023-06-28,10300,10910,10100,10560,439846,0.022265246853823806
2023-06-29,10560,10750,10040,10170,196326,-0.03693181818181823
2023-06-30,10170,10490,9790,10400,203412,0.022615535889872085
2023-07-03,10680,10680,9890,10110,150595,-0.027884615384615397
2023-07-04,10180,10230,9860,9950,150061,-0.015825914935707175
2023-07-05,9990,10350,9710,10340,187027,0.03919597989949741
2023-07-06,10210,10350,9910,9940,92959,-0.03868471953578334
2023-07-07,9930,10100,9770,9860,65603,-0.008048289738430636
2023-07-10,9760,10130,9400,9500,118641,-0.0365111561866126
2023-07-11,9550,9780,9350,9400,125883,-0.010526315789473717
2023-07-12,9580,9680,9270,9420,133625,0.0021276595744681437
2023-07-13,9460,9540,9130,9220,112302,-0.02123142250530785
2023-07-14,9220,9270,8960,9120,122730,-0.010845986984815648
2023-07-17,9030,9310,8850,9120,189961,0.0
2023-07-18,9150,9370,8800,9170,212844,0.005482456140350811
2023-07-19,9370,9710,9190,9450,269124,0.03053435114503822
2023-07-20,9560,9560,8810,9050,299443,-0.042328042328042326
2023-07-21,8950,9400,8750,8900,100553,-0.016574585635359074
2023-07-24,8900,8900,8320,8640,227441,-0.02921348314606742
2023-07-25,8630,8640,8100,8260,126117,-0.04398148148148151
2023-07-26,8180,8260,7830,7960,198335,-0.03631961259079908
2023-07-27,7910,8480,7910,8360,105560,0.05025125628140703
2023-07-28,8250,8640,8170,8340,80228,-0.0023923444976076125
2023-07-31,8350,8640,8250,8630,89869,0.03477218225419665
2023-08-01,8560,8750,8560,8710,40301,0.009269988412514474
2023-08-02,8600,8920,8600,8720,101813,0.0011481056257176547
2023-08-03,8680,8810,8510,8780,75472,0.006880733944954143
2023-08-04,8740,9300,8650,9210,192791,0.048974943052391806
2023-08-07,9310,9630,9120,9440,219668,0.02497285559174811
2023-08-08,9560,9740,9460,9550,247916,0.01165254237288127
2023-08-09,9580,10110,9580,9740,237914,0.019895287958115127
2023-08-10,10160,11750,9810,10550,3850255,0.08316221765913756
2023-08-11,11000,11920,10270,10400,2123373,-0.014218009478673022
2023-08-14,10470,10800,10000,10150,523669,-0.024038461538461564
2023-08-16,10150,10190,9370,9710,382754,-0.04334975369458127
2023-08-17,9470,9550,9010,9220,285728,-0.050463439752832184
2023-08-18,9210,9680,9060,9180,536291,-0.004338394793926281
2023-08-21,9010,9220,8630,9180,165652,0.0
2023-08-22,9190,9330,8990,9000,137912,-0.019607843137254943
2023-08-23,8970,9200,8860,9010,75112,0.0011111111111110628
2023-08-24,8940,9180,8940,9100,49535,0.009988901220865598
2023-08-25,9110,9220,8890,9000,79251,-0.01098901098901095
2023-08-28,9170,9390,9120,9170,77461,0.018888888888888955
2023-08-29,9210,9270,8950,9100,60892,-0.007633587786259555
2023-08-30,9110,9320,9080,9170,61026,0.007692307692307665
2023-08-31,9130,9380,9110,9280,63990,0.01199563794983649
2023-09-01,9390,9390,8990,9200,95782,-0.008620689655172376
2023-09-04,9070,9180,8960,9050,75766,-0.016304347826086918
2023-09-05,9010,9250,8930,9060,56593,0.0011049723756906271
2023-09-06,9170,9290,9040,9130,80118,0.007726269315673218
2023-09-07,9150,9150,8820,8930,139948,-0.02190580503833517
2023-09-08,8900,9110,8890,9010,58305,0.008958566629339249
2023-09-11,8910,8960,8790,8900,56281,-0.01220865704772478
2023-09-12,8900,9090,8510,8540,110825,-0.04044943820224722
2023-09-13,8540,8600,8280,8500,104343,-0.004683840749414525
2023-09-14,8680,8680,8210,8560,41539,0.007058823529411784
2023-09-15,8510,8700,8490,8630,38067,0.008177570093457875
2023-09-18,8760,8760,8400,8600,40036,-0.0034762456546929554
2023-09-19,8700,8700,8480,8520,32789,-0.009302325581395321
2023-09-20,8550,8570,8280,8500,45251,-0.0023474178403756207
2023-09-21,8510,8540,8190,8440,60906,-0.007058823529411784
2023-09-22,8230,8290,8060,8200,38178,-0.028436018957345932
2023-09-25,8330,8330,7970,8200,51921,0.0
2023-09-26,8260,8260,8060,8200,56274,0.0
2023-09-27,8200,8360,8010,8260,26190,0.007317073170731714
2023-10-04,8500,8500,8150,8240,55237,-0.002421307506053294
2023-10-05,8200,8490,8150,8240,33459,0.0
2023-10-06,8230,8340,8130,8250,25200,0.0012135922330096527
2023-10-10,8160,8270,8000,8190,42428,-0.0072727272727273196
2023-10-11,8160,8360,8160,8340,30027,0.01831501831501825
2023-10-12,8420,8720,8350,8680,59504,0.04076738609112707
2023-10-13,8680,8690,8470,8670,28709,-0.0011520737327188613
2023-10-16,8540,8640,8210,8450,66681,-0.025374855824682796
2023-10-17,8450,8510,8320,8420,41478,-0.0035502958579881616
2023-10-18,8450,8580,8300,8380,28439,-0.004750593824228044
2023-10-19,8270,8370,8080,8240,53681,-0.01670644391408116
2023-10-20,8160,8160,7920,8060,36979,-0.021844660194174748
2023-10-23,7940,8460,7910,8000,28612,-0.007444168734491274
2023-10-24,8110,8150,7300,8090,53973,0.011249999999999982
2023-10-25,8100,8400,8020,8050,78823,-0.0049443757725586845
2023-10-26,7980,7980,7580,7880,73702,-0.02111801242236022
2023-10-27,7870,7870,7620,7650,51542,-0.029187817258883197
2023-10-30,7650,7870,7530,7870,14790,0.02875816993464042
2023-10-31,7860,8100,7780,7930,52613,0.007623888182973326
2023-11-01,8120,8120,7800,7880,28817,-0.006305170239596425
2023-11-02,7900,8240,7900,8140,35377,0.03299492385786795
2023-11-03,8180,8250,8020,8150,47488,0.0012285012285011554
2023-11-06,8280,8280,8080,8140,33425,-0.0012269938650306678
2023-11-07,8170,8300,8090,8210,23261,0.008599508599508532
2023-11-08,8220,8450,8210,8360,38551,0.018270401948842885
2023-11-09,8470,8470,8230,8320,20535,-0.004784688995215336
2023-11-10,8210,8390,8190,8260,23924,-0.007211538461538436
2023-11-13,8480,8480,7980,8000,43758,-0.03147699757869249
2023-11-14,7890,8140,7520,7620,86853,-0.04749999999999999
2023-11-15,7820,8140,7580,7670,163004,0.006561679790026309
2023-11-16,7670,7770,7450,7560,57120,-0.014341590612777066
2023-11-17,7560,7560,7260,7380,62392,-0.023809523809523836
2023-11-20,7470,7630,7400,7510,32145,0.017615176151761558
2023-11-21,7510,7670,7500,7580,22000,0.009320905459387463
2023-11-22,7740,7860,7510,7690,58666,0.014511873350923521
2023-11-23,7630,7850,7630,7660,27513,-0.0039011703511053764
2023-11-24,7660,7850,7600,7730,26805,0.009138381201044377
2023-11-27,7840,7840,7550,7700,25027,-0.0038809831824062613
2023-11-28,7890,8040,7700,7710,61097,0.0012987012987013546
2023-11-29,7710,7710,7560,7630,34858,-0.01037613488975353
2023-11-30,7630,7750,7550,7630,30378,0.0
2023-12-01,7640,7660,7580,7590,8655,-0.005242463958060273
2023-12-04,7540,7610,7440,7570,37180,-0.0026350461133070047
2023-12-05,7560,7690,7450,7480,55741,-0.011889035667106973
2023-12-06,7460,7750,7450,7640,40072,0.021390374331550888
2023-12-07,7660,7800,7440,7660,117229,0.002617801047120505
2023-12-08,7660,7750,7590,7750,30488,0.011749347258485532
2023-12-11,7890,7900,7710,7750,16331,0.0
2023-12-12,7730,7800,7680,7750,14911,0.0
2023-12-13,7720,7880,7680,7790,20296,0.005161290322580614
2023-12-14,7800,7940,7800,7880,17987,0.011553273427471034
2023-12-15,7990,8090,7920,7960,32769,0.010152284263959421
2023-12-18,7950,8050,7920,7960,23602,0.0
2023-12-19,8070,8320,7960,8300,77949,0.04271356783919589
2023-12-20,8300,8380,8170,8250,25520,-0.0060240963855421326
2023-12-21,8200,8250,7930,7930,25229,-0.038787878787878816
2023-12-22,7970,8060,7900,8010,22129,0.010088272383354413
2023-12-26,8010,8140,7970,8010,21760,0.0
2023-12-27,8020,8140,8010,8030,14420,0.0024968789013732895
2023-12-28,8060,8210,8020,8210,24649,0.022415940224159492
2024-01-02,8220,8230,8060,8180,19441,-0.0036540803897685548
2024-01-03,8180,8250,8080,8200,15279,0.0024449877750611915
2024-01-04,8200,8210,8090,8150,14912,-0.0060975609756097615
2024-01-05,8060,8470,8050,8410,36551,0.031901840490797584
2024-01-08,8450,8710,8380,8640,61923,0.027348394768133222
2024-01-09,8640,8660,8460,8590,45530,-0.0057870370370370905
2024-01-10,8590,8640,8370,8500,44108,-0.010477299185098987
2024-01-11,8520,8880,8510,8800,124896,0.03529411764705892
2024-01-12,8810,8920,8570,8580,53126,-0.025000000000000022
2024-01-15,8560,8790,8290,8780,43206,0.02331002331002341
2024-01-16,8780,8910,8650,8710,62059,-0.007972665148063829
2024-01-17,8720,8880,8470,8600,58333,-0.012629161882893203
2024-01-18,8600,8920,8550,8800,54696,0.023255813953488413
2024-01-19,8810,8940,8710,8710,67637,-0.010227272727272751
2024-01-22,8750,8940,8690,8930,104476,0.025258323765786406
2024-01-23,8940,9220,8830,9060,86870,0.014557670772676445
2024-01-24,9010,9320,8970,9170,60284,0.012141280353200834
2024-01-25,9100,9250,8830,9110,103714,-0.0065430752453653485
2024-01-26,9150,9340,8970,9190,92755,0.008781558726673966
2024-01-29,9200,9220,8700,8810,75242,-0.041349292709466856
2024-01-30,8710,8890,8410,8620,89552,-0.02156640181611802
2024-01-31,8560,8670,8200,8300,60748,-0.037122969837587005
2024-02-01,8300,8400,8210,8330,32334,0.0036144578313253017
2024-02-02,8520,8640,8380,8430,44631,0.01200480192076836
2024-02-05,8470,8470,8200,8230,30683,-0.023724792408066464
2024-02-06,8200,8420,8020,8190,30235,-0.004860267314702349
2024-02-07,8120,8350,8120,8240,17008,0.006105006105006083
2024-02-08,8240,8340,8150,8200,12641,-0.004854368932038833
2024-02-13,8400,8670,8300,8380,120364,0.02195121951219514
2024-02-14,8370,8520,8200,8430,63757,0.005966587112171906
2024-02-15,8440,8440,8260,8350,31618,-0.009489916963226541
2024-02-16,8350,8490,8220,8470,43422,0.014371257485029876
2024-02-19,8470,8500,8270,8420,37403,-0.005903187721369552
2024-02-20,8410,8420,8320,8340,21577,-0.009501187648456089
2024-02-21,8330,8800,8300,8580,68127,0.02877697841726623
2024-02-22,8560,8660,8500,8590,50001,0.0011655011655011815
2024-02-23,8590,8650,8370,8420,56418,-0.019790454016297976
2024-02-26,8500,8500,8280,8280,35400,-0.016627078384798155
2024-02-27,8420,8420,7960,8070,55646,-0.025362318840579712
2024-02-28,8000,8120,7800,8080,56135,0.0012391573729864103
2024-02-29,8080,8160,7960,8050,14795,-0.003712871287128716
2024-03-04,8050,8090,7900,7940,42070,-0.013664596273291973
2024-03-05,7940,8140,7700,7820,58787,-0.015113350125944613
2024-03-06,7820,8040,7760,7880,19623,0.007672634271099765
2024-03-07,7940,8050,7880,7900,19015,0.002538071065989911
2024-03-08,7930,8150,7880,8080,34517,0.022784810126582178
2024-03-11,8060,8190,8000,8080,25912,0.0
2024-03-12,8080,8400,7900,7920,32148,-0.01980198019801982
2024-03-13,7850,8030,7720,7800,43141,-0.015151515151515138
2024-03-14,7750,7820,7690,7720,37865,-0.01025641025641022
2024-03-15,7700,7730,7590,7650,26984,-0.0090673575129534
2024-03-18,7650,7740,7500,7660,30859,0.0013071895424836555
2024-03-19,7660,7750,7660,7680,16151,0.0026109660574411553
2024-03-20,7680,7770,7680,7760,15464,0.01041666666666674
2024-03-21,7760,7880,7760,7840,26790,0.010309278350515427
2024-03-22,7850,7860,7760,7810,25752,-0.003826530612244916
2024-03-25,7750,7860,7750,7820,22684,0.001280409731113874
2024-03-26,7820,7860,7740,7800,22196,-0.002557544757033292
2024-03-27,7800,7930,7760,7890,20378,0.011538461538461497
2024-03-28,7860,8140,7860,8000,39336,0.013941698352344822
2024-03-29,8000,8040,7870,7880,21738,-0.015000000000000013
2024-04-01,8000,8250,7900,8170,50244,0.03680203045685282
2024-04-02,8250,8250,7980,8030,37682,-0.017135862913096656
2024-04-03,8010,8130,7750,8120,94255,0.011207970112079746
2024-04-04,8120,8160,7990,8080,28925,-0.0049261083743842304
2024-04-05,8100,8130,7930,7980,21000,-0.012376237623762387
2024-04-08,8020,8050,7870,7990,30278,0.0012531328320801727
2024-04-09,8000,8060,7720,7810,41877,-0.02252816020025028
2024-04-11,7740,7790,7620,7760,26611,-0.006402048655569814
2024-04-12,7780,8010,7710,7850,36625,0.011597938144329856
2024-04-15,7850,7850,7590,7710,21188,-0.017834394904458595
2024-04-16,7660,7750,7410,7500,73249,-0.027237354085603127
2024-04-17,7650,8700,7490,7800,545262,0.040000000000000036
2024-04-18,7700,8040,7700,7900,41571,0.012820512820512775
2024-04-19,7900,8180,7670,7900,47446,0.0
2024-04-22,8000,8340,7940,8220,87865,0.040506329113924044
2024-04-23,8200,8380,8190,8300,47628,0.009732360097323589
2024-04-24,8300,8400,8200,8330,31991,0.0036144578313253017
2024-04-25,8190,8360,8180,8230,38279,-0.01200480192076836
2024-04-26,8250,8280,8000,8130,41731,-0.012150668286755817
2024-04-29,8060,8160,8010,8160,23379,0.0036900369003689537
2024-04-30,8100,8870,8100,8740,280893,0.07107843137254899
2024-05-02,8800,9090,8740,8880,150500,0.016018306636155666
2024-05-03,8810,8930,8690,8850,69386,-0.0033783783783783994
2024-05-07,8870,8950,8670,8900,73081,0.005649717514124353
2024-05-08,9180,9480,9090,9220,402319,0.035955056179775235
2024-05-09,9130,10810,9100,9890,3035862,0.07266811279826468
2024-05-10,9900,10450,9630,10110,780828,0.022244691607684608
2024-05-13,10060,10530,9850,9970,336155,-0.013847675568743778
2024-05-14,9790,10540,9750,10460,716618,0.04914744232698087
2024-05-16,10600,10870,9570,10330,891562,-0.0124282982791587
2024-05-17,10340,10420,10060,10260,160986,-0.006776379477250738
2024-05-20,10220,11100,10140,10580,609310,0.031189083820662766
2024-05-21,10490,13190,10210,11600,6557735,0.0964083175803403
2024-05-22,11910,13380,11630,12380,4836877,0.0672413793103448
2024-05-23,12020,13800,11820,13250,2832750,0.0702746365105007
2024-05-24,13300,15170,13300,13900,776060,0.049056603773584895
2024-05-27,14500,15300,14500,15220,585546,0.0949640287769784
2024-05-28,15150,15760,14800,15150,553067,-0.0045992115637318864
2024-05-29,14870,16300,13710,15500,2147117,0.02310231023102305
2024-05-30,14870,19900,14610,17860,3372942,0.1522580645161291
2024-05-31,17970,21800,17700,18500,7182679,0.035834266517357216
2024-06-03,18740,20250,18350,19040,2650982,0.029189189189189113
2024-06-04,18800,19890,17240,17650,1697391,-0.07300420168067223
2024-06-05,17650,18450,16820,17500,978797,-0.008498583569405138
2024-06-07,17560,19680,17540,18200,1941293,0.040000000000000036
2024-06-10,18310,19000,17100,17120,1166132,-0.05934065934065935
2024-06-11,17500,18950,16800,17160,1556649,0.002336448598130758
2024-06-12,17370,18280,16990,17960,1159865,0.046620046620046596
2024-06-13,18100,20100,17610,19700,2856658,0.0968819599109132
2024-06-14,22050,24200,20100,22200,6701145,0.12690355329949243
2024-06-17,22050,22450,19990,20000,1478908,-0.09909909909909909
2024-06-18,20800,22700,20050,21250,2913740,0.0625
2024-06-19,20900,21850,19810,20500,1108633,-0.03529411764705881
2024-06-20,20750,21450,19010,19020,962912,-0.07219512195121947
2024-06-21,18990,22800,18280,21650,5374078,0.13827549947423767
2024-06-24,21150,21950,20750,21150,932729,-0.023094688221709014
2024-06-25,21050,21100,19680,20100,894915,-0.049645390070921946
2024-06-26,20150,20800,19380,20750,819048,0.03233830845771135
2024-06-27,20650,21650,19720,19720,1132885,-0.04963855421686747
2024-06-28,19850,20000,18400,18440,725518,-0.06490872210953347
2024-07-01,18400,19460,17820,17860,862349,-0.03145336225596529
2024-07-02,17770,17860,16620,17470,635257,-0.021836506159014557
2024-07-03,17350,17880,16700,16810,423410,-0.03777904979965652
2024-07-04,16700,17690,16600,17440,559264,0.0374776918500892
2024-07-05,17380,18180,16720,16720,504129,-0.041284403669724745
2024-07-08,16630,17960,16570,17740,602037,0.06100478468899517
2024-07-09,18180,18190,17130,17190,396572,-0.03100338218714771
2024-07-10,17340,17340,16660,16740,347116,-0.02617801047120416
2024-07-11,16800,17370,16680,16790,370272,0.0029868578255674016
2024-07-12,16540,16870,15730,15730,454253,-0.06313281715306729
2024-07-15,15750,16000,15390,15530,208724,-0.012714558169103607
2024-07-16,15700,15700,14840,15050,335347,-0.03090792015453958
2024-07-17,15300,15620,14950,15120,479328,0.0046511627906977715
2024-07-18,14800,15900,14340,14910,523066,-0.01388888888888884
2024-07-19,14910,15600,14530,15440,342371,0.03554661301140172
2024-07-22,15440,15990,15320,15540,289830,0.006476683937823857
2024-07-23,15600,16080,15260,15850,355952,0.01994851994851987
2024-07-24,15780,16560,15430,15490,481347,-0.022712933753943232
2024-07-25,15140,15420,13810,13990,426246,-0.09683666881859265
2024-07-26,14010,14360,13330,13500,233061,-0.03502501786990708
2024-07-29,13510,14280,13320,14280,214333,0.057777777777777706
2024-07-30,14460,14480,13760,14010,142291,-0.018907563025210128
2024-07-31,14010,14150,13590,13730,156375,-0.019985724482512457
2024-08-01,13650,14150,13350,13350,328633,-0.0276766205389658
2024-08-02,13210,13210,12060,12220,386968,-0.08464419475655427
2024-08-05,11910,11970,10150,10750,380099,-0.12029459901800332
2024-08-06,10880,12230,10880,11830,399829,0.10046511627906973
2024-08-07,11830,12090,11500,11850,163494,0.0016906170752324368
2024-08-08,11640,11820,11340,11600,135815,-0.021097046413502074
2024-08-09,11940,12540,11940,12430,270087,0.0715517241379311
2024-08-12,12660,13120,12360,12870,295010,0.03539823008849563
2024-08-13,12850,13010,11640,11960,275304,-0.07070707070707072
2024-08-14,11980,12800,11630,11840,326774,-0.010033444816053505
2024-08-16,12600,12640,12170,12230,349282,0.032939189189189255
2024-08-19,12250,12250,11840,11840,179495,-0.031888798037612465
2024-08-20,11850,12130,11780,11860,126997,0.0016891891891892552
2024-08-21,11750,11790,11220,11360,192587,-0.042158516020236125
2024-08-22,11600,11690,11250,11320,94450,-0.0035211267605633756
2024-08-23,11280,11350,10930,11090,133908,-0.02031802120141346
2024-08-26,11110,11210,10480,10900,132701,-0.017132551848512145
2024-08-27,10780,10840,10480,10760,95169,-0.012844036697247652
2024-08-28,10700,10990,10530,10730,113146,-0.0027881040892193676
2024-08-29,10700,10700,10300,10370,71510,-0.033550792171481825
2024-08-30,10370,10680,10310,10660,86593,0.027965284474445573
2024-09-02,10770,11350,10690,11120,189646,0.04315196998123838
2024-09-03,10900,11810,10800,11200,310160,0.007194244604316502
2024-09-04,10710,10940,10480,10530,119245,-0.05982142857142858
2024-09-05,10640,10920,10080,10300,130464,-0.021842355175688555
2024-09-06,10120,10300,9600,9800,150742,-0.04854368932038833
2024-09-09,9510,10400,9510,10260,124013,0.04693877551020398
2024-09-10,10170,10520,10070,10070,89127,-0.01851851851851849
2024-09-11,10170,10650,10170,10470,138039,0.03972194637537241
2024-09-12,10560,10850,10480,10720,64195,0.02387774594078329
2024-09-13,10700,10890,10520,10730,66216,0.000932835820895539
2024-09-19,10800,10900,10370,10560,83769,-0.01584342963653307
2024-09-20,10620,11910,10620,11470,636197,0.08617424242424243
2024-09-23,11440,11750,11360,11420,173322,-0.0043591979075849885
2024-09-24,11360,11520,11140,11400,98413,-0.0017513134851138146
2024-09-25,11340,11980,11140,11360,238214,-0.0035087719298245723
2024-09-26,11360,11700,11360,11650,86158,0.0255281690140845
2024-09-27,11650,12150,11610,11960,229492,0.026609442060085753
2024-09-30,12200,12200,11490,11630,147489,-0.027591973244147194
2024-10-02,11520,11550,11240,11280,94500,-0.03009458297506451
2024-10-04,11320,11600,11160,11310,73721,0.0026595744680850686
2024-10-07,11460,11460,11150,11370,75029,0.0053050397877985045
2024-10-08,11340,11340,10970,11160,73426,-0.01846965699208447
2024-10-10,11170,11850,11100,11730,120144,0.051075268817204256
2024-10-11,11570,11680,11030,11080,123600,-0.055413469735720366
2024-10-14,11110,11260,10760,11230,89971,0.013537906137184086
2024-10-15,11140,11210,10900,10960,84020,-0.024042742653606397
2024-10-16,10900,10960,10410,10570,126321,-0.03558394160583944
2024-10-17,10650,10730,10430,10650,41244,0.007568590350047311
2024-10-18,10580,10780,10320,10320,52305,-0.030985915492957705
2024-10-21,10300,10680,10210,10480,34500,0.015503875968992276
2024-10-22,10380,10780,10380,10540,70333,0.005725190839694694
2024-10-23,10540,10740,10060,10280,82052,-0.024667931688804545
2024-10-24,10110,10260,10020,10220,39476,-0.005836575875486361
2024-10-25,10140,10160,9850,9910,69190,-0.03033268101761255
2024-10-28,9990,10190,9960,10070,29445,0.016145307769929396
2024-10-29,9910,10220,9880,10220,47367,0.014895729890764597
2024-10-30,10200,10750,10090,10740,83362,0.050880626223092085
2024-10-31,10770,11090,10420,11050,111313,0.028864059590316682
2024-11-01,11200,11270,10510,10820,173116,-0.020814479638009087
2024-11-04,11120,11230,10820,11140,88894,0.02957486136783727
2024-11-05,11140,11390,11090,11120,69477,-0.0017953321364452268
2024-11-06,11130,11410,10730,10850,91235,-0.024280575539568305
2024-11-07,10730,10960,10420,10470,119879,-0.035023041474654404
2024-11-08,10500,11000,10420,10770,105295,0.02865329512893977
2024-11-11,10600,10600,9650,9780,279892,-0.0919220055710307
2024-11-12,9650,9780,9150,9230,184716,-0.056237218813905976
2024-11-13,9080,9400,9050,9260,83861,0.003250270855904569
2024-11-14,9260,9770,8710,8800,147825,-0.049676025917926525
2024-11-15,8800,9300,8780,9170,93592,0.0420454545454545
2024-11-18,9090,9580,8970,9200,73357,0.0032715376226826187
2024-11-19,9190,9290,8980,9230,58463,0.003260869565217428
2024-11-20,9150,9280,9000,9140,47469,-0.009750812567713929
2024-11-21,9100,9190,8930,9030,73025,-0.012035010940919078
2024-11-22,9030,9390,9030,9270,70541,0.02657807308970095
2024-11-25,9280,9600,9280,9580,54012,0.033441208198489836
2024-11-26,9600,9670,9310,9460,51958,-0.012526096033402934
2024-11-27,9460,9530,9220,9330,36991,-0.01374207188160681
2024-11-28,9330,9550,9290,9520,21402,0.02036441586280824
2024-11-29,9470,9470,9110,9120,70710,-0.04201680672268904
2024-12-02,9190,9290,8530,8610,175187,-0.05592105263157898
2024-12-03,8690,9710,8680,9480,168539,0.10104529616724744
2024-12-04,9200,9380,9000,9070,78834,-0.043248945147679296
2024-12-05,9100,9230,8900,9030,57101,-0.004410143329658167
2024-12-06,8950,9150,8510,8890,58966,-0.015503875968992276
2024-12-09,8860,8860,8440,8440,86061,-0.0506186726659168
2024-12-10,8440,9530,8440,9400,102122,0.11374407582938395
2024-12-11,9400,9910,9390,9600,59975,0.02127659574468077
2024-12-12,9750,9750,9370,9530,38386,-0.007291666666666696
2024-12-13,9650,9650,9490,9620,31515,0.009443861490031402
2024-12-16,9680,9950,9610,9740,34264,0.012474012474012364
2024-12-17,9730,9730,9470,9660,28983,-0.008213552361396315
2024-12-18,9580,9620,9440,9600,32942,-0.006211180124223614
2024-12-19,9400,9650,9290,9400,64602,-0.02083333333333337
2024-12-20,9400,9400,9030,9080,55765,-0.03404255319148941
2024-12-23,9200,9390,9120,9340,33008,0.028634361233480066
2024-12-24,9340,9630,9320,9490,31769,0.016059957173447437
2024-12-26,9590,9590,8940,9020,92721,-0.04952581664910427
2024-12-27,8860,9150,8770,8910,62819,-0.012195121951219523
2024-12-30,8910,9120,8780,9050,41187,0.015712682379348974
2025-01-02,9190,9460,9060,9450,54551,0.04419889502762442
2025-01-03,9590,9590,9260,9440,33110,-0.0010582010582010914
2025-01-06,9520,10250,9520,10010,193109,0.060381355932203284
2025-01-07,10010,10150,9870,9880,73950,-0.012987012987012991
2025-01-08,9880,10060,9700,10000,56420,0.012145748987854255
2025-01-09,10250,10250,9740,9980,64483,-0.0020000000000000018
2025-01-10,9890,10070,9750,9850,46975,-0.013026052104208374
2025-01-13,9690,9840,9420,9500,111879,-0.035532994923857864
2025-01-14,9650,9700,9420,9650,42576,0.015789473684210575
2025-01-15,9620,9830,9420,9550,50344,-0.010362694300518172
2025-01-16,9570,9910,9570,9880,61637,0.034554973821989465
2025-01-17,9880,10080,9790,9850,77174,-0.0030364372469635637
2025-01-20,9870,10050,9590,9760,145608,-0.009137055837563413
2025-01-21,9880,10060,9730,9810,184934,0.0051229508196721785
2025-01-22,9810,10110,9620,10000,124971,0.019367991845056
2025-01-23,10000,10000,9700,9770,69098,-0.02300000000000002
2025-01-24,9860,9860,9590,9710,70479,-0.0061412487205732
2025-01-31,9620,9710,9490,9550,59320,-0.016477857878475777
2025-02-03,9490,9500,9150,9300,66627,-0.02617801047120416
2025-02-04,9320,9780,9320,9770,62698,0.05053763440860215
2025-02-05,9700,9840,9610,9620,45924,-0.015353121801433
2025-02-06,9690,9850,9600,9790,76224,0.017671517671517645
2025-02-07,9780,10030,9570,9990,95622,0.020429009193054126
2025-02-10,9970,10040,9790,9950,63559,-0.004004004004004025
2025-02-11,9960,10190,9810,9910,100207,-0.004020100502512558
2025-02-12,9910,9910,9680,9680,55723,-0.02320887991927345
2025-02-13,9770,9860,9680,9820,43609,0.01446280991735538
2025-02-14,9820,10190,9820,10070,144287,0.025458248472504996
2025-02-17,10200,10700,10130,10350,169352,0.027805362462760774
2025-02-18,10350,10350,10010,10150,50695,-0.019323671497584516
2025-02-19,10150,10310,9990,10250,77191,0.009852216748768461
2025-02-20,10550,10780,10130,10300,226543,0.004878048780487809
2025-02-21,10490,11290,10350,11120,293012,0.07961165048543695
2025-02-24,10890,11130,10490,10690,166765,-0.03866906474820142
2025-02-25,10750,11240,10530,11240,241789,0.05144995322731516
2025-02-26,11150,11840,10700,11150,323038,-0.008007117437722422
2025-02-27,11350,12760,11040,11600,1547611,0.04035874439461873
2025-02-28,11420,11930,11150,11510,370565,-0.00775862068965516
2025-03-04,11300,11500,10810,10880,211948,-0.05473501303214601
2025-03-05,10810,11140,10810,10940,103509,0.005514705882353033
2025-03-06,10910,11230,10700,10880,141896,-0.005484460694698323
2025-03-07,10750,11180,10600,10670,115703,-0.01930147058823528
2025-03-10,10950,11060,10720,10910,94236,0.022492970946579094
2025-03-11,10630,10770,10400,10620,124189,-0.02658111824014664
2025-03-12,10650,12070,10640,11330,840468,0.06685499058380406
2025-03-13,11270,11390,10820,10890,171246,-0.03883495145631066
2025-03-14,10900,11220,10900,11000,92139,0.010101010101010166
2025-03-17,11150,11200,10780,10830,115186,-0.015454545454545499
2025-03-18,10880,10990,10740,10750,63107,-0.007386888273314907
2025-03-19,10750,10880,10590,10640,72077,-0.01023255813953483
2025-03-20,10640,11150,10640,10800,131143,0.015037593984962516
2025-03-21,10910,11270,10650,10660,146734,-0.012962962962962954
2025-03-24,10690,11430,10590,11240,200870,0.054409005628517804
2025-03-25,11210,11390,11070,11220,103049,-0.001779359430605032
2025-03-26,11320,11550,11170,11350,121207,0.01158645276292325
2025-03-27,11300,11590,11200,11520,132458,0.01497797356828201
2025-03-28,11650,11700,11100,11260,130964,-0.02256944444444442
2025-03-31,11110,11230,10890,10940,73322,-0.028419182948490218
2025-04-01,11210,11910,11080,11690,220487,0.06855575868372954
2025-04-02,11820,12450,11640,12150,202389,0.03934987168520099
2025-04-03,11940,12410,11720,12210,109742,0.004938271604938205
2025-04-04,12100,12600,11860,12180,144070,-0.002457002457002422
2025-04-07,11700,11880,11160,11180,103854,-0.08210180623973728
2025-04-08,11500,11720,11370,11470,80147,0.025939177101967692
2025-04-09,11030,11340,10450,10670,138368,-0.06974716652136004
2025-04-10,11170,11710,10940,11580,93285,0.08528584817244611
2025-04-11,11390,13780,11250,13350,1363889,0.15284974093264259
2025-04-14,13300,14310,12850,13720,595666,0.027715355805243425
2025-04-15,14070,14210,13580,13750,251131,0.0021865889212828726
2025-04-16,13670,13890,13290,13330,115380,-0.030545454545454542
2025-04-17,13470,14670,13460,14450,478285,0.08402100525131284
2025-04-18,15190,15190,14100,14440,313604,-0.0006920415224913601
2025-04-21,14530,14640,13800,13870,126949,-0.03947368421052633
2025-04-22,14140,14300,13690,13760,116845,-0.007930785868781598
2025-04-23,13880,14050,13260,13260,187216,-0.036337209302325535
2025-04-24,13410,13720,12980,13120,133364,-0.010558069381598756
2025-04-25,13350,13600,13110,13430,146482,0.023628048780487854
2025-04-28,13580,13590,13000,13400,96579,-0.0022338049143708627
2025-04-29,13600,15720,13490,14770,1570396,0.10223880597014934
2025-04-30,16030,16500,14870,15190,926085,0.028436018957346043
2025-05-02,15200,15400,14900,15150,211825,-0.0026333113890717463
2025-05-07,15150,15150,14420,14500,233080,-0.04290429042904287
2025-05-08,14380,15300,14380,15150,437245,0.04482758620689653
2025-05-09,15050,15060,14510,14950,174298,-0.01320132013201325
2025-05-12,15100,15160,14380,14480,139932,-0.03143812709030103
2025-05-13,14460,14460,14000,14180,146001,-0.02071823204419887
2025-05-14,14300,14650,14020,14290,128477,0.0077574047954867
2025-05-15,14420,14500,13200,13560,216948,-0.05108467459762067
2025-05-16,13680,13810,13000,13530,105821,-0.0022123893805309214
2025-05-19,13410,13410,12630,12720,219595,-0.05986696230598665
2025-05-20,12910,13430,12810,13260,148667,0.04245283018867929
2025-05-21,13530,13600,13280,13490,96096,0.017345399698340813
2025-05-22,14040,14660,13950,14300,428461,0.060044477390659656
2025-05-23,14310,14470,13950,14100,123997,-0.013986013986013957
2025-05-26,14170,14190,13500,13960,107131,-0.009929078014184411
2025-05-27,14030,14100,13450,13590,109623,-0.026504297994269344
2025-05-28,13670,13840,13420,13680,89188,0.0066225165562914245
2025-05-29,13610,13720,13100,13150,211883,-0.03874269005847952
2025-05-30,13570,14120,13300,13740,316771,0.04486692015209126
2025-06-02,13880,14550,13820,14170,288442,0.03129548762736545
2025-06-04,14150,14380,13880,14280,131692,0.007762879322512406
2025-06-05,14280,14280,13710,13950,143090,-0.02310924369747902
2025-06-09,14040,14050,13550,13660,120182,-0.02078853046594986
2025-06-10,13750,14000,13530,13750,113063,0.0065885797950220315
2025-06-11,13810,14150,13710,14150,122199,0.029090909090909056
2025-06-12,14250,14250,13915,14010,115205,-0.009893992932862195
2025-06-13,14340,14440,13550,13700,191398,-0.02212705210563881
2025-06-16,13430,13560,13280,13530,74081,-0.012408759124087565
2025-06-17,13630,13680,13260,13380,129214,-0.011086474501108667
2025-06-18,13390,13750,13260,13480,87841,0.007473841554558991
2025-06-19,13630,13630,13150,13240,106811,-0.017804154302670572
2025-06-20,13250,14420,13210,13820,369557,0.04380664652567967
2025-06-23,13510,13600,13220,13430,100641,-0.02821997105643992
2025-06-24,13650,13680,13450,13670,70554,0.017870439314966458
2025-06-25,13640,13660,13160,13280,104626,-0.028529626920263396
2025-06-26,13360,13390,12760,12820,104514,-0.034638554216867457
2025-06-27,12830,13000,12460,12810,96064,-0.0007800312012480326
2025-06-30,12900,13360,12900,13190,88257,0.029664324746291992
2025-07-01,13350,13350,13000,13100,46356,-0.006823351023502622
2025-07-02,13100,13200,12840,13000,61600,-0.007633587786259555
2025-07-03,12940,13010,12620,12770,79823,-0.017692307692307674
2025-07-04,12870,12900,12260,12430,84130,-0.02662490211433044
2025-07-07,12340,12700,12290,12460,62242,0.002413515687851975
2025-07-08,12340,12860,12340,12860,56133,0.0321027287319422
2025-07-09,12870,13060,12810,12990,74841,0.010108864696733999
2025-07-10,12970,13210,12760,12940,110913,-0.0038491147036181506
2025-07-11,12920,13000,12720,12930,65646,-0.0007727975270479526
2025-07-14,13260,13330,12950,13230,123882,0.023201856148491906
2025-07-15,13230,13250,13010,13190,53965,-0.003023431594860182
2025-07-16,13320,13410,12970,12990,78251,-0.015163002274450332
2025-07-17,12980,12980,12740,12880,45057,-0.008468052347959998
2025-07-18,12880,12900,12500,12570,73319,-0.024068322981366408
2025-07-21,12580,12640,12470,12530,27937,-0.0031821797931582685
2025-07-22,12540,12640,12270,12360,53656,-0.013567438148443745
2025-07-23,12350,12390,12000,12100,54436,-0.021035598705501646
2025-07-24,12080,12240,12010,12030,26795,-0.005785123966942196
2025-07-25,12030,12090,11870,11920,34461,-0.009143807148794703
2025-07-28,11900,11930,11500,11620,63912,-0.025167785234899376
2025-07-29,11610,11850,11500,11660,46813,0.0034423407917383297
2025-07-30,11790,11850,11630,11800,33387,0.012006861063464935
2025-07-31,11810,12030,11740,11830,21145,0.0025423728813558366
2025-08-01,11780,11780,10960,11170,90211,-0.05579036348267119
2025-08-04,11120,11450,11120,11450,30725,0.0250671441360788
2025-08-05,11460,11540,11380,11500,24345,0.004366812227074135
2025-08-06,11500,11950,11450,11920,62842,0.03652173913043488
2025-08-07,12030,12050,11810,12040,45323,0.010067114093959662
2025-08-08,12090,12100,11820,11950,32823,-0.007475083056478371
2025-08-11,12020,12060,11520,11540,36738,-0.03430962343096233
2025-08-12,11540,11680,11100,11250,42739,-0.02512998266897748
2025-08-13,11570,11570,11070,11290,24762,0.003555555555555534
2025-08-14,11290,11420,11100,11160,39080,-0.011514614703277193
