Date,Open,High,Low,Close,Volume,Change
2022-01-03,3975,4050,3970,4020,39063,0.01132075471698113
2022-01-04,4045,4055,3995,4030,43663,0.0024875621890547706
2022-01-05,4030,4040,3925,3925,78176,-0.02605459057071957
2022-01-06,3855,3970,3840,3870,79580,-0.014012738853503182
2022-01-07,3850,3935,3825,3910,26573,0.010335917312661591
2022-01-10,3950,3970,3840,3870,54986,-0.010230179028132946
2022-01-11,3855,3900,3730,3745,66560,-0.03229974160206717
2022-01-12,3685,3815,3685,3785,70562,0.010680907877169465
2022-01-13,3835,3845,3750,3760,35509,-0.006605019815059454
2022-01-14,3720,3825,3640,3700,85510,-0.015957446808510634
2022-01-17,3685,3700,3555,3585,71455,-0.031081081081081097
2022-01-18,3545,3695,3545,3580,53919,-0.001394700139469962
2022-01-19,3515,3645,3515,3540,79775,-0.011173184357541888
2022-01-20,3515,3750,3515,3670,66452,0.03672316384180796
2022-01-21,3670,3720,3600,3640,60299,-0.008174386920980936
2022-01-24,3605,4730,3605,4730,17318687,0.2994505494505495
2022-01-25,4955,5590,4755,5020,25070672,0.06131078224101483
2022-01-26,5140,5480,4725,4755,11765630,-0.0527888446215139
2022-01-27,4715,5370,4370,4480,12959969,-0.05783385909568872
2022-01-28,4470,4575,4290,4490,1849514,0.0022321428571427937
2022-02-03,4490,4825,4490,4595,3331994,0.023385300668151476
2022-02-04,4915,5440,4740,5060,17068632,0.10119695321001099
2022-02-07,5070,5240,5000,5040,2677596,-0.0039525691699604515
2022-02-08,5140,5370,4765,4970,5294838,-0.01388888888888884
2022-02-09,4890,5240,4880,5240,3198876,0.05432595573440646
2022-02-10,5190,5330,4985,5290,2491389,0.009541984732824416
2022-02-11,5310,6870,5130,6870,35390305,0.2986767485822306
2022-02-14,7520,7700,6890,7040,27124887,0.024745269286754024
2022-02-15,7150,7320,6160,6270,9265684,-0.109375
2022-02-16,5180,5640,5100,5640,7032219,-0.1004784688995215
2022-02-17,5640,6830,5500,6100,18076940,0.08156028368794321
2022-02-18,6490,6790,5850,5870,9506455,-0.03770491803278686
2022-02-21,6420,6460,5900,5940,5871868,0.011925042589437718
2022-02-22,6450,7600,6440,7450,37835818,0.2542087542087541
2022-02-23,7450,9260,6810,8010,44943581,0.07516778523489931
2022-02-24,8160,8160,7460,8090,3032752,0.009987515605493158
2022-02-25,6800,7590,6550,6550,2357710,-0.19035846724351047
2022-02-28,6780,7040,6730,6790,1599772,0.03664122137404591
2022-03-02,7800,8820,7420,8820,21145104,0.2989690721649485
2022-03-03,8980,10450,8890,9390,38373698,0.06462585034013602
2022-03-04,9420,9930,8600,8600,9993007,-0.08413205537806179
2022-03-07,9410,9930,8970,9600,13272716,0.11627906976744184
2022-03-08,9250,9560,8380,8520,5375513,-0.11250000000000004
2022-03-10,7990,9700,7620,9160,19238278,0.07511737089201875
2022-03-11,9440,9510,8650,8670,7111558,-0.053493449781659375
2022-03-14,8700,9380,8610,8690,7240189,0.0023068050749712743
2022-03-15,8850,9030,8100,8170,3049773,-0.0598388952819332
2022-03-16,8260,8650,7950,7990,2385383,-0.022031823745410017
2022-03-17,7750,8120,7580,7880,2698387,-0.013767209011264048
2022-03-18,7980,8300,7900,7960,3756816,0.010152284263959421
2022-03-21,7930,10150,7920,9740,30416724,0.22361809045226133
2022-03-22,10100,12300,10050,11750,22795781,0.20636550308008217
2022-03-23,12100,12400,11100,11450,10499477,-0.025531914893617058
2022-03-24,11800,11950,10500,10750,5208964,-0.06113537117903933
2022-03-25,10500,11250,10050,10250,3796104,-0.046511627906976716
2022-03-28,10400,11200,10050,10950,5909674,0.06829268292682933
2022-03-29,10400,10500,9660,9710,4612681,-0.11324200913242011
2022-03-30,9300,9630,9050,9130,3016789,-0.05973223480947476
2022-03-31,9860,11150,9850,10200,13503535,0.11719605695509316
2022-04-01,9950,10800,9520,9820,4548361,-0.03725490196078429
2022-04-04,9730,9730,9130,9230,2852132,-0.060081466395112026
2022-04-05,9970,10600,9480,9520,6387671,0.031419284940411796
2022-04-06,10000,10450,9810,9850,6134614,0.034663865546218586
2022-04-07,10050,10300,9340,9450,3420700,-0.040609137055837574
2022-04-08,10200,10300,9450,9680,3431900,0.024338624338624326
2022-04-11,9880,11250,9710,11250,10552089,0.1621900826446281
2022-04-12,12150,12250,10250,10750,21466492,-0.0444444444444444
2022-04-13,10700,11300,10350,10950,7708282,0.018604651162790642
2022-04-14,10800,11800,10700,10950,9067932,0.0
2022-04-15,10900,11350,10850,10950,4438924,0.0
2022-04-18,11150,11800,10900,11050,5256886,0.009132420091324311
2022-04-19,12100,12900,11250,11550,12454578,0.045248868778280604
2022-04-20,11650,11650,10550,10700,3717618,-0.07359307359307354
2022-04-21,10400,10700,9930,10150,2969253,-0.051401869158878455
2022-04-22,10000,10700,9990,10200,3858971,0.0049261083743843415
2022-04-25,10050,11950,10050,10800,12857556,0.05882352941176472
2022-04-26,10650,11000,10250,10300,3385954,-0.04629629629629628
2022-04-27,10950,11200,9840,9860,4330910,-0.042718446601941795
2022-04-28,9910,10100,9300,9450,2538832,-0.04158215010141986
2022-04-29,9440,9610,9220,9370,1713080,-0.00846560846560851
2022-05-02,10050,10300,9660,9690,3546625,0.03415154749199578
2022-05-03,9780,9870,9360,9600,1518082,-0.009287925696594423
2022-05-04,9550,9550,8990,9040,1237722,-0.05833333333333335
2022-05-06,8820,9250,8800,8860,989429,-0.019911504424778736
2022-05-09,8710,8850,8210,8360,1235756,-0.05643340857787815
2022-05-10,9000,10050,8480,8630,12309297,0.03229665071770338
2022-05-11,8640,8950,8300,8400,1558518,-0.02665121668597914
2022-05-12,8420,8470,7730,7730,1282278,-0.07976190476190481
2022-05-13,7670,7810,7450,7810,1092260,0.010349288486416475
2022-05-16,8100,9460,8080,8760,13910538,0.1216389244558258
2022-05-17,8700,8800,8200,8250,1595275,-0.05821917808219179
2022-05-18,8210,8630,8100,8300,2631850,0.0060606060606061
2022-05-19,7940,8370,7930,8070,819908,-0.027710843373493943
2022-05-20,8100,8870,8020,8400,3700302,0.040892193308550207
2022-05-23,8400,8410,8140,8180,575984,-0.02619047619047621
2022-05-24,8120,8310,8000,8000,520282,-0.022004889975550168
2022-05-25,7910,8090,7860,7910,381877,-0.011249999999999982
2022-05-26,7890,8010,7770,7810,444176,-0.012642225031605614
2022-05-27,7990,8920,7830,8150,7059744,0.0435339308578746
2022-05-30,8240,8510,8100,8300,1160187,0.018404907975460016
2022-05-31,8400,8400,8110,8160,681857,-0.016867469879518038
2022-06-02,8100,8430,8060,8320,1346047,0.019607843137254832
2022-06-03,8190,8460,8190,8190,803113,-0.015625
2022-06-07,8260,8430,8140,8370,957522,0.0219780219780219
2022-06-08,8250,8280,8020,8090,434924,-0.03345280764635605
2022-06-09,8010,8080,7730,7760,484691,-0.040791100123609425
2022-06-10,7710,8200,7650,7740,958715,-0.002577319587628857
2022-06-13,7800,8590,7800,8250,5859410,0.06589147286821695
2022-06-14,9070,9750,7640,7640,21117624,-0.07393939393939397
2022-06-15,7660,8620,7650,7770,5820916,0.017015706806282616
2022-06-16,7730,8090,7650,7840,2333920,0.009009009009008917
2022-06-17,8950,9010,7840,8070,4878787,0.029336734693877542
2022-06-20,7960,8550,7940,8240,5627566,0.02106567534076831
2022-06-21,8920,9060,8260,8410,5941222,0.020631067961164984
2022-06-22,8710,9630,8630,8900,14965010,0.058263971462544584
2022-06-23,8520,8600,7600,7600,2902660,-0.1460674157303371
2022-06-24,7600,7750,6900,7300,2436170,-0.03947368421052633
2022-06-27,7200,7550,7160,7450,1803979,0.020547945205479534
2022-06-28,7410,7550,7100,7240,1121972,-0.028187919463087296
2022-06-29,7390,7480,7200,7220,1120843,-0.002762430939226568
2022-06-30,7230,7250,7000,7020,745919,-0.027700831024930705
2022-07-01,6860,6890,6160,6310,1143174,-0.10113960113960119
2022-07-04,6260,6510,5930,6130,715284,-0.02852614896988903
2022-07-05,6040,6320,6020,6320,594042,0.030995106035889064
2022-07-06,6180,6200,5920,6150,689398,-0.026898734177215222
2022-07-07,6440,6470,6140,6260,994933,0.01788617886178856
2022-07-08,6260,6580,6260,6500,1001495,0.03833865814696491
2022-07-11,6500,6500,6190,6350,609617,-0.023076923076923106
2022-07-12,6310,6540,6020,6050,736494,-0.047244094488189003
2022-07-13,5950,7050,5940,6370,6923380,0.05289256198347103
2022-07-14,6280,6420,6150,6150,674844,-0.03453689167974883
2022-07-15,6180,6180,5940,5970,453056,-0.029268292682926855
2022-07-18,5980,6080,5980,6060,247074,0.015075376884422065
2022-07-19,6010,6120,5980,6100,287886,0.0066006600660066805
2022-07-20,6130,6160,6040,6070,322224,-0.004918032786885296
2022-07-21,6020,6070,5980,5980,344908,-0.014827018121911006
2022-07-22,6010,6030,5870,5880,345404,-0.01672240802675584
2022-07-25,5870,5960,5830,5830,228072,-0.008503401360544172
2022-07-26,5830,5980,5830,5860,230288,0.005145797598627766
2022-07-27,5860,5920,5780,5780,165113,-0.013651877133105783
2022-07-28,5780,5860,5750,5750,185599,-0.00519031141868509
2022-07-29,5760,5840,5700,5810,168609,0.01043478260869568
2022-08-01,5770,5880,5710,5850,148319,0.0068846815834766595
2022-08-02,5790,5920,5760,5880,226275,0.00512820512820511
2022-08-03,5890,6280,5830,6130,1744965,0.04251700680272119
2022-08-04,6110,6140,6050,6070,322945,-0.009787928221859699
2022-08-05,6050,6330,6030,6210,1349208,0.023064250411861664
2022-08-08,6110,6140,5800,5950,611868,-0.041867954911433136
2022-08-09,5950,6000,5870,5930,235192,-0.003361344537815114
2022-08-10,5900,5980,5830,5840,186291,-0.015177065767284947
2022-08-11,5870,6090,5870,6010,308118,0.02910958904109595
2022-08-12,6030,6170,6030,6080,293653,0.011647254575707144
2022-08-16,6060,6280,6010,6170,471778,0.014802631578947345
2022-08-17,6180,6490,6070,6300,2078819,0.021069692058346856
2022-08-18,6250,6520,6180,6300,1380059,0.0
2022-08-19,6300,6440,6170,6170,393139,-0.020634920634920673
2022-08-22,6240,7730,6240,7200,22852806,0.16693679092382485
2022-08-23,7390,7470,7070,7390,5259899,0.026388888888888795
2022-08-24,7300,7360,7090,7210,1829844,-0.024357239512855178
2022-08-25,7150,7500,7120,7500,3222517,0.04022191400832176
2022-08-26,7280,7550,7180,7460,2591383,-0.005333333333333301
2022-08-29,7630,7950,7160,7200,5486154,-0.034852546916890104
2022-08-30,7220,7340,6840,6980,1331477,-0.030555555555555558
2022-08-31,6850,6960,6780,6880,666402,-0.014326647564469885
2022-09-01,6880,7090,6720,6720,1187055,-0.023255813953488413
2022-09-02,6650,6830,6380,6440,698358,-0.04166666666666663
2022-09-05,6440,7130,6290,6610,3809439,0.026397515527950333
2022-09-06,6500,6570,6260,6280,711568,-0.04992435703479581
2022-09-07,6200,6290,5800,5810,722170,-0.07484076433121023
2022-09-08,6000,6540,6000,6030,2814787,0.03786574870912229
2022-09-13,6040,6130,6030,6080,305020,0.008291873963515828
2022-09-14,6080,6560,5980,6480,1999077,0.06578947368421062
2022-09-15,6480,6570,6350,6400,487698,-0.012345679012345734
2022-09-16,6490,6490,6030,6070,502678,-0.051562499999999956
2022-09-19,6080,6530,6050,6080,853856,0.0016474464579900872
2022-09-20,6060,6160,6000,6060,247678,-0.003289473684210509
2022-09-21,6290,6450,6060,6060,716557,0.0
2022-09-22,6260,7170,6220,6720,8313275,0.10891089108910901
2022-09-23,6680,6890,6100,6100,1776800,-0.09226190476190477
2022-09-26,5900,6420,5850,5920,1795109,-0.02950819672131144
2022-09-27,5850,6000,5410,5500,819881,-0.07094594594594594
2022-09-28,5500,5920,5370,5390,1357627,-0.020000000000000018
2022-09-29,5420,5580,5300,5390,498044,0.0
2022-09-30,5520,5620,5240,5240,662689,-0.0278293135435993
2022-10-04,5260,5370,5220,5360,291257,0.022900763358778553
2022-10-05,5400,5570,5320,5500,1071394,0.026119402985074647
2022-10-06,6070,6370,5730,5800,4947890,0.05454545454545445
2022-10-07,5710,6040,5650,5990,1507620,0.03275862068965507
2022-10-11,6100,6200,5800,6070,1698423,0.013355592654423987
2022-10-12,5800,5890,5620,5650,719316,-0.06919275123558488
2022-10-13,5600,5600,5210,5210,617832,-0.07787610619469032
2022-10-14,5260,5400,5240,5240,384773,0.0057581573896352545
2022-10-17,5170,5200,4950,5130,257537,-0.020992366412213692
2022-10-18,5160,5200,5090,5130,201135,0.0
2022-10-19,5140,5260,5120,5210,291726,0.015594541910331383
2022-10-20,5170,5210,5010,5070,249585,-0.026871401151631447
2022-10-21,5020,5080,4910,4930,220191,-0.027613412228796874
2022-10-24,4950,5060,4900,4960,237004,0.006085192697768749
2022-10-25,4960,4995,4855,4900,167201,-0.012096774193548376
2022-10-26,4900,4900,4755,4755,181818,-0.0295918367346939
2022-10-27,4720,4830,4720,4755,115144,0.0
2022-10-28,4705,4815,4700,4705,101442,-0.01051524710830709
2022-10-31,5220,5430,4925,4960,1370765,0.054197662061636454
2022-11-01,4970,5180,4925,4945,463024,-0.003024193548387122
2022-11-02,4975,5040,4920,4920,183541,-0.005055611729019249
2022-11-03,4700,4790,4645,4710,296424,-0.04268292682926833
2022-11-04,4640,4770,4635,4710,219967,0.0
2022-11-07,4755,4760,4665,4730,150566,0.00424628450106157
2022-11-08,4735,4790,4735,4755,122048,0.005285412262156397
2022-11-09,4795,4805,4740,4790,137227,0.007360672975814886
2022-11-10,4750,5080,4735,4900,538174,0.022964509394572064
2022-11-11,5000,5010,4855,4870,296737,-0.006122448979591799
2022-11-14,4950,4950,4835,4840,154400,-0.006160164271047264
2022-11-15,4875,4940,4780,4925,193432,0.017561983471074294
2022-11-16,4960,5450,4955,5100,2629995,0.035532994923857864
2022-11-17,5100,5100,4900,4910,271534,-0.03725490196078429
2022-11-18,4905,4980,4840,4900,209416,-0.0020366598778004397
2022-11-21,4845,4890,4750,4785,187715,-0.02346938775510199
2022-11-22,4740,4815,4740,4770,92556,-0.0031347962382445305
2022-11-23,4780,4845,4760,4815,115421,0.009433962264151052
2022-11-24,4815,4900,4815,4840,115813,0.005192107995846351
2022-11-25,4830,4865,4800,4820,103500,-0.004132231404958664
2022-11-28,4820,4830,4645,4645,142774,-0.036307053941908696
2022-11-29,4575,4680,4570,4640,88833,-0.0010764262648008671
2022-11-30,4605,4720,4605,4710,84209,0.015086206896551824
2022-12-01,4725,4780,4710,4750,118487,0.00849256900212314
2022-12-02,4710,4810,4670,4700,157177,-0.010526315789473717
2022-12-05,4700,4740,4620,4645,85502,-0.011702127659574457
2022-12-06,4575,4610,4395,4425,222579,-0.04736275565123793
2022-12-07,4515,4800,4480,4485,440628,0.013559322033898313
2022-12-08,4465,4770,4465,4475,265041,-0.0022296544035674826
2022-12-09,4475,4570,4465,4515,86944,0.00893854748603351
2022-12-12,4490,4560,4490,4500,71399,-0.0033222591362126463
2022-12-13,4495,4525,4465,4480,82038,-0.004444444444444473
2022-12-14,4480,4560,4460,4550,103419,0.015625
2022-12-15,4550,4575,4320,4480,103853,-0.01538461538461533
2022-12-16,4430,4455,4370,4385,92676,-0.021205357142857095
2022-12-19,4385,4385,4295,4310,108550,-0.01710376282782211
2022-12-20,4300,5080,4300,4455,5252199,0.033642691415313175
2022-12-21,4410,4520,4370,4430,440901,-0.0056116722783389195
2022-12-22,4515,4540,4380,4380,359481,-0.011286681715575675
2022-12-23,4320,4355,4100,4145,346533,-0.053652968036529636
2022-12-26,4105,4115,4000,4005,180226,-0.033775633293124274
2022-12-27,3975,4095,3975,4005,175321,0.0
2022-12-28,3950,4050,3940,3975,190208,-0.0074906367041198685
2022-12-29,3925,3960,3800,3850,173396,-0.03144654088050314
2023-01-02,3830,3935,3770,3780,113290,-0.018181818181818188
2023-01-03,3750,4100,3600,3905,684341,0.033068783068783025
2023-01-04,3815,3985,3815,3935,201557,0.007682458386683688
2023-01-05,3950,4030,3930,3995,127157,0.015247776365946653
2023-01-06,3930,4300,3920,4085,800391,0.02252816020025028
2023-01-09,4085,4155,4035,4110,104904,0.006119951040391758
2023-01-10,4100,4165,4090,4145,125301,0.008515815085158085
2023-01-11,4185,4185,4120,4170,115781,0.006031363088057962
2023-01-12,4170,4300,4135,4205,211181,0.008393285371702586
2023-01-13,4235,4265,4185,4215,158725,0.0023781212841855748
2023-01-16,4220,4245,4190,4215,69182,0.0
2023-01-17,4235,4315,4220,4280,242268,0.01542111506524324
2023-01-18,4325,4325,4140,4140,197337,-0.032710280373831724
2023-01-19,4145,4205,4135,4135,83149,-0.0012077294685990392
2023-01-20,4100,4175,4100,4150,64756,0.0036275695284160303
2023-01-25,4150,4190,4115,4155,83690,0.00120481927710836
2023-01-26,4160,4420,4160,4385,534906,0.0553549939831528
2023-01-27,4500,4600,4310,4340,507667,-0.010262257696693311
2023-01-30,4340,4750,4340,4500,1383238,0.03686635944700467
2023-01-31,4500,4540,4420,4455,295018,-0.010000000000000009
2023-02-01,4480,4550,4435,4460,250565,0.001122334455667895
2023-02-02,4495,4560,4430,4515,227846,0.012331838565022402
2023-02-03,4505,4575,4450,4520,154703,0.001107419712070845
2023-02-06,4520,4615,4510,4590,163346,0.015486725663716783
2023-02-07,4600,4610,4470,4500,209566,-0.019607843137254943
2023-02-08,4505,4525,4420,4465,100278,-0.007777777777777772
2023-02-09,4450,4485,4400,4420,119183,-0.01007838745800671
2023-02-10,4430,4500,4280,4410,188430,-0.002262443438914019
2023-02-13,4500,4600,4340,4345,252340,-0.01473922902494329
2023-02-14,4345,4410,4280,4400,119626,0.012658227848101333
2023-02-15,4370,4410,4125,4165,209342,-0.05340909090909096
2023-02-16,4130,4335,4130,4310,124990,0.034813925570228
2023-02-17,4220,4290,4200,4285,73341,-0.0058004640371229765
2023-02-20,4330,4430,4240,4395,170391,0.025670945157526326
2023-02-21,4395,4475,4385,4420,169668,0.005688282138794021
2023-02-22,4635,4680,4405,4550,1281736,0.02941176470588225
2023-02-23,4480,4500,4355,4365,255932,-0.040659340659340626
2023-02-24,4365,4395,4225,4230,160151,-0.030927835051546393
2023-02-27,4240,4280,4145,4280,118460,0.011820330969267046
2023-02-28,4235,4320,4230,4295,84579,0.003504672897196359
2023-03-02,4295,4340,4265,4265,67598,-0.006984866123399325
2023-03-03,4270,4280,4210,4260,78913,-0.0011723329425556983
2023-03-06,4295,4295,4180,4250,85495,-0.0023474178403756207
2023-03-07,4215,4320,4205,4285,96078,0.008235294117647118
2023-03-08,4285,4330,4220,4270,102496,-0.003500583430571802
2023-03-09,4240,4300,4165,4250,146279,-0.004683840749414525
2023-03-10,4250,4250,4155,4230,152760,-0.004705882352941226
2023-03-13,4400,4540,4215,4215,578788,-0.0035460992907800915
2023-03-14,4105,4120,3865,3900,278315,-0.07473309608540923
2023-03-15,3910,3985,3900,3900,78953,0.0
2023-03-16,3840,3890,3610,3770,116836,-0.033333333333333326
2023-03-17,3780,3985,3745,3945,117146,0.04641909814323597
2023-03-20,3925,4005,3910,3930,52544,-0.0038022813688213253
2023-03-21,3920,3965,3830,3830,79960,-0.025445292620865145
2023-03-22,3855,3870,3790,3810,70034,-0.005221932114882533
2023-03-23,3765,3820,3700,3705,134151,-0.027559055118110187
2023-03-24,3700,3800,3665,3780,73300,0.020242914979757165
2023-03-27,3780,3820,3695,3775,79369,-0.001322751322751281
2023-03-28,3775,3900,3770,3860,119701,0.02251655629139071
2023-03-29,3890,3895,3815,3850,62085,-0.002590673575129543
2023-03-30,3850,3935,3810,3930,117273,0.020779220779220786
2023-03-31,3915,3925,3870,3880,56657,-0.012722646310432517
2023-04-03,3915,3940,3855,3930,83676,0.012886597938144284
2023-04-04,3930,3995,3900,3970,82231,0.010178117048346147
2023-04-05,3960,4045,3960,4000,96090,0.007556675062972307
2023-04-06,3945,4050,3905,3905,72293,-0.02375000000000005
2023-04-07,3905,4000,3865,3940,52607,0.008962868117797784
2023-04-10,3920,3975,3820,3835,89330,-0.026649746192893398
2023-04-11,3805,3910,3760,3890,81465,0.014341590612777066
2023-04-12,3900,4035,3900,3990,177855,0.02570694087403602
2023-04-13,3950,3975,3885,3965,92004,-0.006265664160400974
2023-04-14,3965,4170,3965,4125,246165,0.04035308953341743
2023-04-17,4185,4250,4115,4140,341562,0.0036363636363636598
2023-04-18,4185,4270,4145,4180,257077,0.009661835748792313
2023-04-19,4185,4230,4110,4205,179735,0.005980861244019087
2023-04-20,4295,5400,4175,4670,17350681,0.11058263971462545
2023-04-21,4510,5650,4415,4885,15193223,0.04603854389721618
2023-04-24,5370,5570,4640,4995,5649093,0.022517911975435068
2023-04-25,4995,5230,4700,4790,2995605,-0.041041041041041004
2023-04-26,4700,6220,4700,6220,26179761,0.2985386221294364
2023-04-27,6000,7550,5830,6540,48763834,0.05144694533762051
2023-04-28,6440,6900,6040,6200,11625852,-0.051987767584097844
2023-05-02,6170,6680,6070,6390,7374211,0.030645161290322687
2023-05-03,6730,7590,6720,6880,22497875,0.07668231611893583
2023-05-04,7300,7410,6100,6230,5402446,-0.09447674418604646
2023-05-08,6470,7080,6370,6610,11472095,0.0609951845906902
2023-05-09,6900,6990,5940,6050,3542781,-0.08472012102874438
2023-05-10,6590,6950,5850,5930,4519960,-0.01983471074380161
2023-05-11,5770,5860,5550,5660,1312535,-0.04553119730185495
2023-05-12,5660,5670,5210,5310,1363155,-0.06183745583038869
2023-05-15,5270,5500,5060,5270,2569289,-0.007532956685499026
2023-05-16,5270,6850,5270,6850,23255767,0.2998102466793169
2023-05-17,7070,7750,6750,6920,16222089,0.010218978102189746
2023-05-18,6300,7180,6060,6490,7869221,-0.06213872832369938
2023-05-19,6330,6700,6140,6180,8343696,-0.04776579352850541
2023-05-22,6400,7420,6370,7120,18073478,0.15210355987055024
2023-05-23,6900,6990,6700,6840,3244952,-0.0393258426966292
2023-05-24,7120,8340,7090,7830,38481613,0.14473684210526305
2023-05-25,7660,8070,7510,7600,10022271,-0.02937420178799488
2023-05-26,7730,7890,7340,7600,5641029,0.0
2023-05-30,7480,7550,7020,7200,2221293,-0.052631578947368474
2023-05-31,7060,7470,7040,7100,2484435,-0.01388888888888884
2023-06-01,7150,7220,6850,6850,1283428,-0.035211267605633756
2023-06-02,7000,7190,6800,6850,1939735,0.0
2023-06-05,6930,7550,6900,7210,5712319,0.052554744525547425
2023-06-07,7290,7300,7080,7170,1885992,-0.00554785020804438
2023-06-08,7920,8450,7650,7800,21092251,0.08786610878661083
2023-06-09,7820,8330,7750,7850,7053484,0.0064102564102563875
2023-06-12,8260,8320,7800,7800,3953684,-0.006369426751592355
2023-06-13,7830,7840,7580,7800,1670935,0.0
2023-06-14,7980,8270,7520,8250,8797398,0.05769230769230771
2023-06-15,7800,8110,7710,7850,3636329,-0.048484848484848464
2023-06-16,7800,7900,7530,7740,2236842,-0.014012738853503182
2023-06-19,8140,8530,7920,7920,9468644,0.023255813953488413
2023-06-20,7810,8070,7710,7860,1295379,-0.007575757575757569
2023-06-21,7860,8100,7700,7980,2207727,0.01526717557251911
2023-06-22,8050,8170,7630,7630,2885584,-0.04385964912280704
2023-06-23,7520,7550,7070,7180,1528772,-0.05897771952817821
2023-06-26,7100,7110,6800,6940,817458,-0.03342618384401119
2023-06-27,6810,6910,6490,6540,894520,-0.057636887608069176
2023-06-28,6540,6700,6350,6510,1162792,-0.004587155963302725
2023-06-29,6460,6540,6350,6350,526316,-0.02457757296466978
2023-06-30,6350,6680,6350,6520,1283542,0.026771653543307128
2023-07-03,6450,6670,6430,6670,550317,0.02300613496932513
2023-07-04,6520,6550,6420,6520,399336,-0.022488755622188883
2023-07-05,6740,6770,6540,6760,796758,0.036809815950920255
2023-07-06,6700,7040,6590,6860,1103706,0.014792899408283988
2023-07-07,6780,6920,6330,6380,850270,-0.06997084548104959
2023-07-10,6350,6450,6100,6320,461775,-0.009404388714733591
2023-07-11,6250,6410,6180,6330,503178,0.0015822784810126667
2023-07-12,6330,6350,6180,6240,323658,-0.014218009478673022
2023-07-13,6180,6370,6160,6240,474708,0.0
2023-07-14,6370,7240,6310,6770,8213604,0.08493589743589736
2023-07-17,6810,7130,6600,7000,3055263,0.033973412112259904
2023-07-18,7580,8050,6900,7270,6598728,0.03857142857142848
2023-07-19,7290,7350,6900,6970,1614668,-0.04126547455295737
2023-07-20,7500,7550,6910,6910,1932609,-0.008608321377331474
2023-07-21,7110,7390,6800,6870,1464738,-0.005788712011577379
2023-07-24,6870,6890,6190,6260,998282,-0.08879184861717615
2023-07-25,6450,6750,6160,6250,1411197,-0.0015974440894568342
2023-07-26,6400,6520,5560,6000,1982523,-0.040000000000000036
2023-07-27,5730,6010,5700,5750,714271,-0.04166666666666663
2023-07-28,5610,5790,5470,5700,591111,-0.008695652173912993
2023-07-31,5670,5860,5630,5840,361100,0.024561403508772006
2023-08-01,5780,5880,5600,5720,406652,-0.020547945205479423
2023-08-02,5660,5790,5500,5510,422869,-0.036713286713286664
2023-08-03,5460,5520,5160,5280,865344,-0.04174228675136116
2023-08-04,5230,5430,5200,5320,373785,0.007575757575757569
2023-08-07,5480,5700,5300,5650,1222630,0.06203007518796988
2023-08-08,5570,5580,5210,5240,740032,-0.07256637168141589
2023-08-09,5180,5320,5150,5320,263321,0.01526717557251911
2023-08-10,5310,5340,5220,5300,252918,-0.003759398496240629
2023-08-11,5300,5360,5210,5230,279331,-0.013207547169811318
2023-08-14,5250,5250,4990,5020,369194,-0.040152963671128084
2023-08-16,4970,4970,4805,4855,238819,-0.03286852589641431
2023-08-17,4785,4920,4700,4895,249510,0.008238928939237944
2023-08-18,4770,4885,4740,4830,201805,-0.013278855975485171
2023-08-21,4775,4935,4775,4880,177274,0.010351966873705987
2023-08-22,4840,5340,4790,5130,1689001,0.05122950819672134
2023-08-23,5020,5130,4855,4890,447156,-0.04678362573099415
2023-08-24,4880,5030,4880,4935,217202,0.009202453987730008
2023-08-25,5200,5540,5000,5030,2389803,0.019250253292806496
2023-08-28,5030,5130,4960,5070,344485,0.007952286282306265
2023-08-29,5090,5200,5020,5080,225724,0.0019723865877712132
2023-08-30,5070,5160,5060,5130,153687,0.009842519685039353
2023-08-31,5130,5180,5020,5020,175379,-0.021442495126705707
2023-09-01,5020,5040,4855,4855,260552,-0.03286852589641431
2023-09-04,4850,4925,4800,4875,94817,0.004119464469618972
2023-09-05,4830,4970,4830,4860,107676,-0.003076923076923088
2023-09-06,4925,4970,4850,4860,147296,0.0
2023-09-07,4900,4955,4755,4755,227990,-0.021604938271604923
2023-09-08,5570,5720,4970,4970,3618657,0.045215562565720235
2023-09-11,4980,4985,4820,4870,313774,-0.02012072434607648
2023-09-12,4870,5050,4785,4810,360824,-0.012320328542094416
2023-09-13,4770,5100,4770,4900,688602,0.018711018711018657
2023-09-14,4900,4930,4780,4820,237296,-0.01632653061224487
2023-09-15,4800,4945,4800,4885,181878,0.013485477178423189
2023-09-18,4890,4950,4725,4740,249296,-0.029682702149437024
2023-09-19,4705,4740,4520,4525,297662,-0.04535864978902948
2023-09-20,4525,4570,4445,4470,142559,-0.012154696132596676
2023-09-21,4470,4505,4285,4290,149180,-0.04026845637583898
2023-09-22,4215,4405,4200,4390,119201,0.02331002331002341
2023-09-25,4335,4410,4305,4335,80070,-0.01252847380410027
2023-09-26,4275,4355,4175,4175,135144,-0.03690888119953861
2023-09-27,4110,4390,4105,4390,120557,0.05149700598802398
2023-10-04,4390,4400,4100,4100,117757,-0.06605922551252852
2023-10-05,4110,4230,4045,4045,95622,-0.013414634146341475
2023-10-06,4000,4225,4000,4180,153506,0.03337453646477129
2023-10-10,4210,5220,4210,5130,5393083,0.2272727272727273
2023-10-11,4595,5140,4460,4960,2495427,-0.033138401559454245
2023-10-12,4955,5020,4755,4780,619762,-0.03629032258064513
2023-10-13,4855,6160,4845,5740,16057044,0.2008368200836821
2023-10-16,5970,6770,5400,5770,21609696,0.005226480836237002
2023-10-17,5710,6070,5620,5630,2797672,-0.024263431542461023
2023-10-18,5630,6460,5620,5900,11180468,0.047957371225577194
2023-10-19,6010,6380,5460,5560,5308676,-0.057627118644067776
2023-10-20,5840,6310,5580,5650,7137083,0.01618705035971213
2023-10-23,5700,6070,5650,5750,2946348,0.017699115044247815
2023-10-24,5530,5530,4955,5120,1926188,-0.10956521739130431
2023-10-25,5080,5990,5010,5660,8635007,0.10546875
2023-10-26,5790,5830,5150,5190,1741723,-0.08303886925795056
2023-10-27,5170,5190,4810,4920,989462,-0.052023121387283267
2023-10-30,4900,5180,4750,5140,1162307,0.04471544715447151
2023-10-31,5070,5210,4620,4705,1131223,-0.08463035019455256
2023-11-01,4745,4900,4670,4730,520181,0.005313496280552554
2023-11-02,4775,4815,4620,4730,426172,0.0
2023-11-03,4760,4980,4700,4890,772986,0.03382663847780121
2023-11-06,4890,4910,4755,4900,506186,0.002044989775051187
2023-11-07,4875,4960,4750,4765,539940,-0.027551020408163263
2023-11-08,4785,4785,4460,4470,499822,-0.06190975865687298
2023-11-09,4525,4640,4475,4500,433902,0.006711409395973256
2023-11-10,4620,4625,4390,4400,316058,-0.022222222222222254
2023-11-13,4395,4465,4300,4360,219450,-0.009090909090909038
2023-11-14,4360,4550,4360,4480,284614,0.02752293577981657
2023-11-15,4545,4550,4450,4545,192340,0.014508928571428603
2023-11-16,4530,4545,4485,4530,91171,-0.0033003300330033403
2023-11-17,4550,4555,4365,4380,208224,-0.0331125827814569
2023-11-20,4395,4515,4335,4500,152555,0.027397260273972712
2023-11-21,4490,4545,4470,4500,167709,0.0
2023-11-22,4500,4540,4415,4510,131703,0.0022222222222221255
2023-11-23,4510,4525,4460,4465,134022,-0.009977827050997812
2023-11-24,4465,4500,4435,4470,80262,0.0011198208286673506
2023-11-27,4475,4490,4370,4465,174807,-0.0011185682326622093
2023-11-28,4425,4480,4400,4400,178185,-0.014557670772676334
2023-11-29,4430,4430,4315,4315,157946,-0.01931818181818179
2023-11-30,4315,4335,4265,4320,120273,0.0011587485515642815
2023-12-01,4320,4340,4250,4270,107529,-0.01157407407407407
2023-12-04,4375,4500,4280,4310,390754,0.00936768149882905
2023-12-05,4410,4645,4350,4475,1071499,0.03828306264501169
2023-12-06,4500,4515,4380,4465,327575,-0.0022346368715083775
2023-12-07,4455,4465,4280,4300,285205,-0.03695408734602468
2023-12-08,4345,4935,4345,4525,5224905,0.05232558139534893
2023-12-11,4485,4600,4445,4500,471900,-0.0055248618784530246
2023-12-12,4515,4545,4415,4435,378201,-0.014444444444444482
2023-12-13,4430,4480,4300,4320,354082,-0.025930101465614475
2023-12-14,4325,4355,4270,4320,224127,0.0
2023-12-15,4305,4355,4305,4325,123458,0.0011574074074074403
2023-12-18,4330,4360,4320,4355,105714,0.006936416184971206
2023-12-19,4340,4425,4330,4345,201421,-0.0022962112514350874
2023-12-20,4380,4460,4340,4460,192116,0.026467203682393636
2023-12-21,4420,4420,4345,4390,155666,-0.015695067264574036
2023-12-22,4390,4825,4320,4410,1617190,0.004555808656036442
2023-12-26,4420,4520,4350,4355,333852,-0.012471655328798237
2023-12-27,4355,4380,4295,4310,181204,-0.010332950631458115
2023-12-28,4330,4375,4300,4350,101728,0.009280742459396807
2024-01-02,4350,4445,4345,4410,197880,0.01379310344827589
2024-01-03,4440,4440,4360,4405,119206,-0.0011337868480725266
2024-01-04,4410,5250,4360,4930,14158270,0.11918274687854713
2024-01-05,4730,4915,4610,4790,1313908,-0.028397565922920864
2024-01-08,4790,4875,4725,4820,901743,0.006263048016701411
2024-01-09,4820,5140,4680,4925,2570441,0.02178423236514515
2024-01-10,4925,5100,4865,4965,1099755,0.008121827411167404
2024-01-11,4965,4965,4840,4900,438840,-0.01309164149043307
2024-01-12,5070,5620,4895,5210,12219950,0.06326530612244907
2024-01-15,5150,5840,5070,5460,9478923,0.04798464491362764
2024-01-16,5340,5670,5160,5270,2500002,-0.034798534798534786
2024-01-17,5170,5940,5170,5700,12296306,0.0815939278937381
2024-01-18,6240,6860,5720,5870,25481765,0.029824561403508865
2024-01-19,5590,6160,5470,5770,9114897,-0.017035775127768327
2024-01-22,5570,5630,5250,5300,1716361,-0.08145580589254764
2024-01-23,5240,5410,5100,5210,1191089,-0.016981132075471694
2024-01-24,5220,5450,4965,5080,1220114,-0.0249520153550864
2024-01-25,5060,5080,4825,4895,548402,-0.036417322834645716
2024-01-26,4825,4970,4825,4910,330119,0.003064351378958108
2024-01-29,4985,5270,4920,5120,1100833,0.042769857433808456
2024-01-30,4980,5070,4780,4780,505789,-0.06640625
2024-01-31,4745,4840,4675,4755,243206,-0.005230125523012608
2024-02-01,4745,4845,4680,4710,222868,-0.009463722397476393
2024-02-02,4715,4790,4695,4780,195616,0.014861995753715496
2024-02-05,4820,4845,4715,4715,212808,-0.013598326359832602
2024-02-06,4680,4735,4550,4580,279725,-0.028632025450689325
2024-02-07,4635,4645,4570,4640,97034,0.013100436681222627
2024-02-08,4650,4690,4600,4650,87613,0.0021551724137931494
2024-02-13,4700,4775,4660,4735,168832,0.018279569892473146
2024-02-14,4860,4960,4805,4875,783480,0.029567053854276715
2024-02-15,4810,4935,4800,4900,293956,0.00512820512820511
2024-02-16,4925,4925,4815,4900,162426,0.0
2024-02-19,4840,4950,4840,4900,161959,0.0
2024-02-20,4850,4925,4835,4915,119273,0.003061224489795844
2024-02-21,4915,4915,4770,4770,182689,-0.029501525940996975
2024-02-22,4860,4860,4750,4775,81843,0.0010482180293500676
2024-02-23,4775,4785,4670,4705,116690,-0.014659685863874339
2024-02-26,4705,4790,4670,4720,87804,0.0031880977683316214
2024-02-27,4675,4715,4545,4620,153372,-0.021186440677966156
2024-02-28,4600,4660,4570,4595,72381,-0.005411255411255422
2024-02-29,4565,4680,4540,4545,127102,-0.01088139281828071
2024-03-04,4550,4715,4550,4600,214509,0.012101210121012063
2024-03-05,4560,4595,4505,4530,110273,-0.01521739130434785
2024-03-06,4605,4605,4455,4460,139864,-0.015452538631346546
2024-03-07,4460,4505,4380,4400,133811,-0.013452914798206317
2024-03-08,4400,4455,4370,4405,94093,0.001136363636363713
2024-03-11,4405,4455,4365,4435,67649,0.006810442678774065
2024-03-12,4435,4450,4355,4425,96487,-0.0022547914317925244
2024-03-13,4430,4865,4405,4615,861688,0.04293785310734455
2024-03-14,4615,4685,4565,4600,153650,-0.00325027085590468
2024-03-15,4600,4710,4515,4630,212538,0.006521739130434856
2024-03-18,4725,4785,4620,4675,265630,0.009719222462202914
2024-03-19,4725,5040,4635,4780,1109307,0.022459893048128343
2024-03-20,4780,4925,4735,4865,537985,0.01778242677824271
2024-03-21,4920,4940,4775,4865,374570,0.0
2024-03-22,4855,4900,4800,4885,162674,0.004110996916752319
2024-03-25,4950,5620,4935,5520,10146505,0.12998976458546574
2024-03-26,5290,5430,5230,5290,1583821,-0.04166666666666663
2024-03-27,5230,5280,5010,5020,779695,-0.051039697542533125
2024-03-28,5010,5090,4830,4830,620103,-0.03784860557768921
2024-03-29,4965,5230,4810,4875,2547109,0.009316770186335477
2024-04-01,4810,4965,4800,4930,372739,0.011282051282051286
2024-04-02,4930,5200,4880,5150,1441959,0.04462474645030423
2024-04-03,5000,5330,4985,5120,1660560,-0.005825242718446644
2024-04-04,5110,5160,4945,4975,531307,-0.0283203125
2024-04-05,5060,5210,4980,5050,1055551,0.015075376884422065
2024-04-08,5060,5370,4950,5220,1659645,0.03366336633663369
2024-04-09,5150,5170,5010,5080,456214,-0.026819923371647514
2024-04-11,5080,5130,5000,5010,298366,-0.013779527559055094
2024-04-12,4970,5030,4800,4950,425286,-0.0119760479041916
2024-04-15,5010,5320,5010,5130,1423511,0.036363636363636376
2024-04-16,5180,5370,5040,5060,1944865,-0.013645224171540016
2024-04-17,5000,5430,4850,5100,1654874,0.007905138339920903
2024-04-18,5030,5170,4995,5120,321585,0.0039215686274509665
2024-04-19,5120,5630,5100,5210,5553677,0.017578125
2024-04-22,5130,5310,4920,4920,923393,-0.05566218809980805
2024-04-23,4910,5040,4855,4960,621059,0.008130081300812941
2024-04-24,4910,4980,4815,4900,335745,-0.012096774193548376
2024-04-25,4900,5120,4870,4900,405159,0.0
2024-04-26,4900,4900,4800,4830,250102,-0.014285714285714235
2024-04-29,4830,4830,4770,4785,169433,-0.009316770186335366
2024-04-30,4770,4770,4660,4675,293446,-0.02298850574712641
2024-05-02,4625,4660,4590,4620,166231,-0.0117647058823529
2024-05-03,4620,4710,4620,4650,160319,0.006493506493506551
2024-05-07,4745,4835,4665,4835,805871,0.03978494623655915
2024-05-08,5270,5850,5160,5220,15951951,0.07962771458117901
2024-05-09,5170,5390,5050,5370,3687556,0.028735632183908066
2024-05-10,5820,5900,5430,5450,5069536,0.014897579143389184
2024-05-13,5480,5490,5270,5300,974550,-0.02752293577981646
2024-05-14,5310,5370,5210,5230,568079,-0.013207547169811318
2024-05-16,5110,5250,5090,5200,485566,-0.005736137667303964
2024-05-17,5180,5720,5150,5480,5784314,0.05384615384615388
2024-05-20,5380,5500,5340,5430,1045227,-0.009124087591240837
2024-05-21,5560,5650,5380,5390,2105855,-0.007366482504604033
2024-05-22,5380,5530,5200,5530,1293024,0.025974025974025983
2024-05-23,5350,5400,5180,5180,657687,-0.06329113924050633
2024-05-24,5160,5370,5120,5210,574927,0.005791505791505891
2024-05-27,5190,5270,5050,5140,433150,-0.013435700575815779
2024-05-28,5150,5330,5140,5300,631442,0.03112840466926059
2024-05-29,5280,5440,5130,5140,622830,-0.030188679245283012
2024-05-30,5120,5420,5000,5000,1141945,-0.027237354085603127
2024-05-31,5000,5210,5000,5180,497311,0.03600000000000003
2024-06-03,5100,5350,5100,5320,799083,0.027027027027026973
2024-06-04,5280,5320,5050,5170,428845,-0.02819548872180455
2024-06-05,5130,5170,5060,5100,223608,-0.013539651837524147
2024-06-07,5080,5180,5060,5100,213040,0.0
2024-06-10,5140,5330,5120,5310,598956,0.04117647058823537
2024-06-11,5250,5350,5220,5290,301143,-0.0037664783427495685
2024-06-12,5330,5480,5270,5450,1192414,0.030245746691871522
2024-06-13,5390,5430,5310,5350,353499,-0.01834862385321101
2024-06-14,5350,5570,5280,5390,1470335,0.007476635514018781
2024-06-17,5450,5720,5380,5520,1742908,0.024118738404452778
2024-06-18,5480,5570,5390,5550,680254,0.005434782608695565
2024-06-19,5500,5510,5360,5380,334765,-0.03063063063063065
2024-06-20,5360,5690,5360,5570,932541,0.03531598513011147
2024-06-21,5500,5620,5450,5480,343630,-0.016157989228007152
2024-06-24,5480,5480,5300,5370,234933,-0.02007299270072993
2024-06-25,5340,5490,5320,5420,225099,0.009310986964618184
2024-06-26,5390,5450,5320,5450,198956,0.005535055350553542
2024-06-27,5460,5590,5420,5580,405203,0.023853211009174258
2024-06-28,5560,5690,5470,5640,542732,0.010752688172043001
2024-07-01,5590,5590,5380,5440,392487,-0.03546099290780147
2024-07-02,5440,5580,5320,5500,417824,0.011029411764705843
2024-07-03,5460,5480,5400,5420,155644,-0.014545454545454528
2024-07-04,5390,5450,5110,5250,346371,-0.03136531365313655
2024-07-05,5210,5280,5180,5220,116904,-0.005714285714285672
2024-07-08,5220,5420,5220,5320,210839,0.019157088122605304
2024-07-09,5330,5430,5280,5350,143641,0.005639097744360999
2024-07-10,5300,5340,5210,5300,103869,-0.009345794392523366
2024-07-11,5290,5430,5210,5380,211257,0.015094339622641506
2024-07-12,5400,5430,5330,5340,111793,-0.0074349442379182396
2024-07-15,5310,5360,5260,5300,106675,-0.0074906367041198685
2024-07-16,5250,5310,5220,5260,92929,-0.007547169811320753
2024-07-17,5260,5320,5220,5220,98765,-0.0076045627376425395
2024-07-18,5150,5250,5060,5120,153316,-0.019157088122605415
2024-07-19,5080,5140,5050,5080,87763,-0.0078125
2024-07-22,5030,5070,4850,4895,277399,-0.036417322834645716
2024-07-23,4890,5020,4890,4990,121166,0.019407558733401498
