Date,Open,High,Low,Close,Volume,Change
2022-01-03,1895,1895,1895,1895,6,-0.0026315789473684292
2022-01-04,1900,1900,1630,1650,2012,-0.12928759894459108
2022-01-05,1890,1890,1650,1800,1504,0.09090909090909083
2022-01-06,1800,1800,1800,1800,1,0.0
2022-01-07,1600,1890,1600,1870,566,0.03888888888888897
2022-01-10,1800,1975,1800,1975,875,0.05614973262032086
2022-01-11,2000,2000,2000,2000,1,0.012658227848101333
2022-01-12,2000,2100,1900,1995,23,-0.0024999999999999467
2022-01-13,1995,1995,1995,1995,1,0.0
2022-01-14,1995,2080,1995,2080,21,0.04260651629072676
2022-01-17,2095,2095,2095,2095,1,0.007211538461538547
2022-01-18,2085,2085,2085,2085,1,-0.004773269689737458
2022-01-19,1805,2090,1805,2090,101,0.0023980815347721673
2022-01-20,1805,1955,1805,1955,101,-0.06459330143540665
2022-01-21,1995,1995,1995,1995,7,0.020460358056265893
2022-01-24,2000,2000,2000,2000,1,0.0025062656641603454
2022-01-25,1990,1990,1990,1990,1,-0.0050000000000000044
2022-01-26,1995,1995,1700,1990,105,0.0
2022-01-27,1995,1995,1700,1975,591,-0.007537688442211032
2022-01-28,1890,1890,1890,1890,1,-0.04303797468354431
2022-02-03,1790,1980,1785,1980,1948,0.04761904761904767
2022-02-04,2000,2000,1700,1975,22943,-0.002525252525252486
2022-02-07,2085,2085,1900,1975,5660,0.0
2022-02-08,2000,2100,1975,2090,519,0.05822784810126591
2022-02-09,2100,2100,1900,2075,4244,-0.0071770334928229484
2022-02-10,2095,2095,2095,2095,1,0.009638554216867545
2022-02-11,2095,2095,2090,2090,2,-0.0023866348448687846
2022-02-14,2090,2090,1800,2000,2253,-0.0430622009569378
2022-02-15,1995,1995,1995,1995,1,-0.0024999999999999467
2022-02-16,1900,1900,1700,1700,13066,-0.1478696741854637
2022-02-17,1795,1795,1795,1795,1,0.055882352941176494
2022-02-18,1795,1795,1795,1795,1,0.0
2022-02-21,1800,2000,1800,1990,431,0.10863509749303613
2022-02-22,2150,2150,1800,2000,12,0.005025125628140614
2022-02-23,1700,1700,1700,1700,1570,-0.15000000000000002
2022-02-24,1800,1800,1450,1800,12819,0.05882352941176472
2022-02-25,1900,1900,1900,1900,1,0.05555555555555558
2022-02-28,1620,1900,1615,1800,3315,-0.052631578947368474
2022-03-02,1900,1900,1900,1900,1,0.05555555555555558
2022-03-03,1900,1900,1700,1900,3,0.0
2022-03-04,1885,1885,1885,1885,1,-0.007894736842105288
2022-03-07,1890,1890,1610,1785,732,-0.053050397877984046
2022-03-08,1795,1795,1795,1795,1,0.0056022408963585235
2022-03-10,1795,1795,1795,1795,1,0.0
2022-03-11,1795,1795,1795,1795,1,0.0
2022-03-14,1770,1770,1770,1770,1,-0.013927576601671321
2022-03-15,1790,1790,1790,1790,1,0.011299435028248483
2022-03-16,1800,1800,1705,1705,11,-0.04748603351955305
2022-03-17,1800,1800,1800,1800,1,0.055718475073313734
2022-03-18,1715,1715,1715,1715,0,-0.047222222222222276
2022-03-21,1800,1800,1800,1800,1,0.04956268221574334
2022-03-22,1780,1780,1780,1780,1,-0.011111111111111072
2022-03-23,1775,1775,1605,1715,13,-0.0365168539325843
2022-03-24,1790,1790,1790,1790,1,0.0437317784256559
2022-03-25,1795,1795,1555,1775,217,-0.008379888268156388
2022-03-28,1790,1790,1790,1790,1,0.008450704225352101
2022-03-29,1785,1785,1785,1785,1,-0.0027932960893854997
2022-03-30,1790,1790,1745,1745,696,-0.022408963585434205
2022-03-31,1800,1800,1800,1800,1,0.03151862464183375
2022-04-01,1745,1745,1745,1745,1,-0.030555555555555558
2022-04-04,1800,1800,1800,1800,1,0.03151862464183375
2022-04-05,1795,1795,1795,1795,1,-0.002777777777777768
2022-04-06,1795,1795,1795,1795,1,0.0
2022-04-07,1790,1790,1790,1790,1,-0.0027855153203342198
2022-04-08,1790,1790,1790,1790,1,0.0
2022-04-11,1795,1795,1795,1795,1,0.0027932960893854997
2022-04-12,1790,1790,1790,1790,1,-0.0027855153203342198
2022-04-13,1795,1795,1795,1795,1,0.0027932960893854997
2022-04-14,1795,1795,1620,1745,712,-0.027855153203342642
2022-04-15,1720,1725,1715,1720,3937,-0.014326647564469885
2022-04-18,1795,1795,1795,1795,1,0.043604651162790775
2022-04-19,1785,1785,1775,1775,2,-0.011142061281337101
2022-04-20,1790,1900,1530,1880,11884,0.05915492957746471
2022-04-21,1845,1950,1765,1815,4443,-0.034574468085106336
2022-04-22,1995,1995,1800,1995,3,0.09917355371900816
2022-04-25,2290,2290,1850,2275,1002,0.14035087719298245
2022-04-26,2600,2600,1935,1935,1239,-0.14945054945054947
2022-04-27,1935,1935,1935,1935,1,0.0
2022-04-28,1995,1995,1900,1970,41,0.01808785529715773
2022-04-29,1950,1950,1950,1950,1,-0.010152284263959421
2022-05-02,1930,1930,1930,1930,1,-0.01025641025641022
2022-05-03,1900,1900,1900,1900,1,-0.015544041450777257
2022-05-04,2000,2000,2000,2000,1,0.05263157894736836
2022-05-06,1950,2000,1705,1900,3213,-0.050000000000000044
2022-05-09,1855,1855,1855,1855,1000,-0.023684210526315752
2022-05-10,1900,1900,1895,1895,3001,0.02156334231805923
2022-05-11,1880,1880,1710,1875,4003,-0.01055408970976257
2022-05-12,1895,1895,1895,1895,1,0.010666666666666602
2022-05-13,1880,1880,1845,1845,2,-0.02638522427440637
2022-05-16,1895,1895,1890,1890,2,0.024390243902439046
2022-05-17,1900,1900,1900,1900,1,0.005291005291005346
2022-05-18,1890,1890,1890,1890,1,-0.0052631578947368585
2022-05-19,1885,1890,1800,1890,16315,0.0
2022-05-20,1845,1850,1845,1850,496,-0.021164021164021163
2022-05-23,1900,1995,1840,1995,511,0.07837837837837847
2022-05-24,2240,2240,2240,2240,1,0.12280701754385959
2022-05-25,1915,1995,1910,1985,3580,-0.1138392857142857
2022-05-26,1900,1995,1810,1995,78,0.005037783375314797
2022-05-27,1995,1995,1995,1995,1,0.0
2022-05-30,2280,2280,1960,1995,69,0.0
2022-05-31,1995,2000,1995,1995,117,0.0
2022-06-02,2000,2000,2000,2000,1,0.0025062656641603454
2022-06-03,1995,2095,1995,2095,1002,0.0475000000000001
2022-06-07,2095,2100,2095,2100,501,0.0023866348448686736
2022-06-08,2405,2405,1845,2100,163,0.0
2022-06-09,2095,2095,1940,2095,200,-0.0023809523809523725
2022-06-10,2095,2095,2095,2095,1,0.0
2022-06-13,1935,2095,1935,2095,551,0.0
2022-06-14,2095,2095,2095,2095,1,0.0
2022-06-15,2095,2095,2095,2095,0,0.0
2022-06-16,2095,2095,2095,2095,1,0.0
2022-06-17,2095,2095,2095,2095,1,0.0
2022-06-20,2095,2095,2095,2095,0,0.0
2022-06-21,2095,2095,2095,2095,1,0.0
2022-06-22,2095,2095,2095,2095,0,0.0
2022-06-23,2095,2095,2095,2095,120,0.0
2022-06-24,2095,2095,2095,2095,1,0.0
2022-06-27,2095,2095,2095,2095,1,0.0
2022-06-28,2095,2095,2095,2095,1,0.0
2022-06-29,2095,2095,2095,2095,1,0.0
2022-06-30,2095,2095,2095,2095,1,0.0
2022-07-01,2095,2095,2095,2095,0,0.0
2022-07-04,2090,2090,2090,2090,0,-0.0023866348448687846
2022-07-05,2090,2090,2080,2085,151,-0.0023923444976076125
2022-07-06,2070,2070,2070,2070,0,-0.007194244604316502
2022-07-07,1900,2065,1900,2060,4,-0.004830917874396157
2022-07-08,2095,2095,2080,2080,2,0.009708737864077666
2022-07-11,2080,2080,2080,2080,1,0.0
2022-07-12,2080,2080,2080,2080,1,0.0
2022-07-13,2095,2095,2095,2095,3,0.007211538461538547
2022-07-14,2085,2085,2085,2085,0,-0.004773269689737458
2022-07-15,2085,2085,2085,2085,0,0.0
2022-07-18,2075,2075,2075,2075,0,-0.004796163069544335
2022-07-19,2070,2070,2070,2070,0,-0.002409638554216831
2022-07-20,2065,2065,2065,2065,0,-0.0024154589371980784
2022-07-21,2060,2060,2060,2060,0,-0.002421307506053294
2022-07-22,2050,2050,2050,2050,0,-0.004854368932038833
2022-07-25,2080,2080,2080,2080,1,0.014634146341463428
2022-07-26,2060,2060,2060,2060,0,-0.009615384615384581
2022-07-27,2050,2050,2050,2050,0,-0.004854368932038833
2022-07-28,2345,2345,2075,2075,2,0.012195121951219523
2022-07-29,2070,2070,2070,2070,0,-0.002409638554216831
2022-08-01,2080,2080,2080,2080,1,0.004830917874396157
2022-08-02,2090,2090,2090,2090,1,0.004807692307692291
2022-08-03,1780,2085,1780,2085,2,-0.0023923444976076125
2022-08-04,2075,2075,2075,2075,1,-0.004796163069544335
2022-08-05,2065,2065,2065,2065,0,-0.004819277108433773
2022-08-08,2070,2070,2070,2070,1,0.002421307506053294
2022-08-09,2060,2060,2060,2060,0,-0.004830917874396157
2022-08-10,2060,2060,2060,2060,0,0.0
2022-08-11,2060,2060,2060,2060,1,0.0
2022-08-12,2080,2080,2080,2080,1,0.009708737864077666
2022-08-16,2080,2080,2080,2080,0,0.0
2022-08-17,2075,2075,2075,2075,0,-0.0024038461538461453
2022-08-18,2075,2075,2075,2075,1,0.0
2022-08-19,2095,2095,1910,1910,176,-0.07951807228915664
2022-08-22,1910,1910,1910,1910,1,0.0
2022-08-23,1910,1910,1910,1910,0,0.0
2022-08-24,2075,2075,2075,2075,1,0.08638743455497377
2022-08-25,2060,2060,2060,2060,0,-0.0072289156626506035
2022-08-26,2055,2055,2055,2055,1,-0.0024271844660194164
2022-08-29,2045,2045,2045,2045,0,-0.0048661800486617945
2022-08-30,2035,2035,2035,2035,0,-0.004889975550122272
2022-08-31,2090,2090,2090,2090,1,0.027027027027026973
2022-09-01,2075,2075,2075,2075,0,-0.0071770334928229484
2022-09-02,2065,2065,2065,2065,0,-0.004819277108433773
2022-09-05,2085,2085,2085,2085,1,0.009685230024213176
2022-09-06,2070,2070,2070,2070,0,-0.007194244604316502
2022-09-07,2065,2065,2065,2065,0,-0.0024154589371980784
2022-09-08,2055,2055,2055,2055,0,-0.004842615012106588
2022-09-13,2045,2045,2045,2045,0,-0.0048661800486617945
2022-09-14,2085,2085,2085,2085,1,0.019559902200489088
2022-09-15,2065,2065,2065,2065,0,-0.00959232613908878
2022-09-16,2060,2060,2060,2060,0,-0.002421307506053294
2022-09-19,1800,2045,1800,2045,72,-0.007281553398058249
2022-09-20,1895,1895,1895,1895,0,-0.07334963325183375
2022-09-21,1895,1895,1620,1890,284,-0.0026385224274406704
2022-09-22,1890,1890,1890,1890,0,0.0
2022-09-23,1885,1885,1885,1885,0,-0.002645502645502673
2022-09-26,1880,1880,1880,1880,0,-0.0026525198938992522
2022-09-27,1700,1700,1700,1700,10,-0.0957446808510638
2022-09-28,1700,1700,1700,1700,1,0.0
2022-09-29,1800,1800,1800,1800,1,0.05882352941176472
2022-09-30,1895,1895,1895,1895,11,0.05277777777777781
2022-10-04,1890,1890,1890,1890,0,-0.0026385224274406704
2022-10-05,1890,1890,1890,1890,0,0.0
2022-10-06,1895,1895,1895,1895,1,0.002645502645502562
2022-10-07,1895,1895,1895,1895,0,0.0
2022-10-11,1890,1890,1890,1890,0,-0.0026385224274406704
2022-10-12,1890,1890,1890,1890,0,0.0
2022-10-13,1900,1900,1900,1900,1,0.005291005291005346
2022-10-14,1700,1700,1700,1700,1,-0.10526315789473684
2022-10-17,1900,1900,1900,1900,1,0.11764705882352944
2022-10-18,1895,1895,1895,1895,0,-0.0026315789473684292
2022-10-19,1890,1890,1890,1890,0,-0.0026385224274406704
2022-10-20,1890,1890,1890,1890,0,0.0
2022-10-21,1890,1890,1890,1890,0,0.0
2022-10-24,1890,1890,1890,1890,0,0.0
2022-10-25,1895,1895,1895,1895,1,0.002645502645502562
2022-10-26,1895,1895,1895,1895,0,0.0
2022-10-27,1895,1895,1895,1895,1,0.0
2022-10-28,1895,1895,1895,1895,0,0.0
2022-10-31,1625,1895,1625,1895,179,0.0
2022-11-01,1795,1795,1795,1795,0,-0.05277044854881263
2022-11-02,1795,1795,1795,1795,0,0.0
2022-11-03,1790,1790,1790,1790,0,-0.0027855153203342198
2022-11-04,1800,1800,1800,1800,1,0.005586592178770999
2022-11-07,1795,1795,1795,1795,0,-0.002777777777777768
2022-11-08,1800,1800,1800,1800,1,0.0027855153203342198
2022-11-09,1800,1800,1800,1800,0,0.0
2022-11-10,1795,1795,1795,1795,0,-0.002777777777777768
2022-11-11,1795,1795,1795,1795,11,0.0
2022-11-14,1795,1795,1795,1795,0,0.0
2022-11-15,1800,1800,1600,1800,22,0.0027855153203342198
2022-11-16,1795,1795,1795,1795,0,-0.002777777777777768
2022-11-17,1800,1800,1800,1800,1,0.0027855153203342198
2022-11-18,1800,1800,1800,1800,0,0.0
2022-11-21,1795,1795,1795,1795,0,-0.002777777777777768
2022-11-22,1800,1800,1800,1800,46,0.0027855153203342198
2022-11-23,1700,1895,1700,1895,21,0.05277777777777781
2022-11-24,1895,2155,1705,2155,201,0.13720316622691286
2022-11-25,1890,1890,1890,1890,0,-0.12296983758700697
2022-11-28,1890,1890,1890,1890,0,0.0
2022-11-29,1900,1900,1900,1900,1,0.005291005291005346
2022-11-30,1890,1890,1890,1890,0,-0.0052631578947368585
2022-12-01,1895,1895,1895,1895,1,0.002645502645502562
2022-12-02,2170,2170,1885,1890,1125,-0.0026385224274406704
2022-12-05,1890,1890,1890,1890,0,0.0
2022-12-06,1900,1900,1900,1900,1320,0.005291005291005346
2022-12-07,1900,1900,1900,1900,2,0.0
2022-12-08,1905,1905,1905,1905,1,0.002631578947368318
2022-12-09,1885,1885,1885,1885,0,-0.01049868766404205
2022-12-12,1990,1990,1990,1990,1,0.0557029177718833
2022-12-13,1900,1900,1900,1900,1,-0.045226130653266305
2022-12-14,1995,1995,1995,1995,1,0.050000000000000044
2022-12-15,1995,1995,1995,1995,1,0.0
2022-12-16,1985,1985,1700,1975,72,-0.010025062656641603
2022-12-19,1975,1975,1975,1975,20,0.0
2022-12-20,1900,1900,1900,1900,0,-0.03797468354430378
2022-12-21,1895,1895,1895,1895,0,-0.0026315789473684292
2022-12-22,1995,1995,1995,1995,1,0.05277044854881274
2022-12-23,1995,1995,1995,1995,1,0.0
2022-12-26,1995,1995,1995,1995,0,0.0
2022-12-27,1985,1985,1985,1985,0,-0.005012531328320802
2022-12-28,1970,1970,1970,1970,0,-0.007556675062972307
2022-12-29,1980,1980,1980,1980,1,0.0050761421319796
2023-01-02,1800,1800,1800,1800,10,-0.09090909090909094
2023-01-03,1900,1900,1900,1900,1,0.05555555555555558
2023-01-04,1890,1890,1890,1890,0,-0.0052631578947368585
2023-01-05,1895,1895,1895,1895,1,0.002645502645502562
2023-01-06,1895,1895,1895,1895,1,0.0
2023-01-09,1890,1890,1890,1890,0,-0.0026385224274406704
2023-01-10,1890,1890,1890,1890,1,0.0
2023-01-11,1900,1900,1900,1900,1,0.005291005291005346
2023-01-12,1890,1890,1890,1890,4,-0.0052631578947368585
2023-01-13,1890,1890,1880,1880,30,-0.005291005291005346
2023-01-16,1895,1895,1605,1885,162,0.0026595744680850686
2023-01-17,1880,1885,1880,1885,12,0.0
2023-01-18,1890,1890,1890,1890,1,0.0026525198938991412
2023-01-19,1895,1895,1895,1895,1,0.002645502645502562
2023-01-20,1890,1890,1885,1885,21,-0.00527704485488123
2023-01-25,1880,1880,1880,1880,1,-0.0026525198938992522
2023-01-26,1895,1895,1895,1895,1,0.007978723404255428
2023-01-27,1895,1895,1895,1895,1,0.0
2023-01-30,2170,2170,2170,2170,1,0.14511873350923477
2023-01-31,1890,1890,1890,1890,1,-0.12903225806451613
2023-02-01,1894,1894,1894,1894,1,0.002116402116402183
2023-02-02,1900,1900,1900,1900,1,0.0031678986272438703
2023-02-03,1899,1899,1899,1899,1,-0.000526315789473708
2023-02-06,1896,1896,1896,1896,1,-0.0015797788309637184
2023-02-07,1894,1894,1894,1894,1,-0.0010548523206751481
2023-02-08,1899,1900,1899,1900,2002,0.0031678986272438703
2023-02-09,1650,1890,1615,1615,1589,-0.15000000000000002
2023-02-10,1699,1700,1699,1700,502,0.05263157894736836
2023-02-13,1685,1685,1685,1685,0,-0.008823529411764675
2023-02-14,1655,1655,1655,1655,1,-0.017804154302670572
2023-02-15,1700,1700,1700,1700,1,0.027190332326284095
2023-02-16,1645,1650,1461,1549,1690,-0.08882352941176475
2023-02-17,1599,1599,1495,1598,1031,0.031633311814073695
2023-02-20,1599,1700,1599,1700,310,0.06382978723404253
2023-02-21,1699,1699,1699,1699,0,-0.0005882352941176672
2023-02-22,1700,1700,1700,1700,1,0.0005885815185402432
2023-02-23,1500,1700,1451,1700,502,0.0
2023-02-24,1599,1599,1599,1599,0,-0.059411764705882386
2023-02-27,1598,1598,1598,1598,1,-0.000625390869293363
2023-02-28,1599,1599,1599,1599,58,0.0006257822277846437
2023-03-02,1600,1699,1600,1699,11,0.06253908692933074
2023-03-03,1699,1699,1450,1699,1039,0.0
2023-03-06,1695,1695,1695,1695,0,-0.002354326074161306
2023-03-07,1700,1700,1500,1599,12,-0.05663716814159292
2023-03-08,1600,1600,1600,1600,1,0.0006253908692932519
2023-03-09,1600,1699,1600,1699,11,0.0618749999999999
2023-03-10,1700,1700,1700,1700,1,0.0005885815185402432
2023-03-13,1700,1700,1700,1700,1,0.0
2023-03-14,1700,1700,1700,1700,1,0.0
2023-03-15,1699,1699,1699,1699,1,-0.0005882352941176672
2023-03-16,1700,1700,1700,1700,1,0.0005885815185402432
2023-03-17,1700,1700,1700,1700,1,0.0
2023-03-20,1699,1699,1699,1699,1,-0.0005882352941176672
2023-03-21,1700,1700,1700,1700,1,0.0005885815185402432
2023-03-22,1699,1699,1699,1699,1,-0.0005882352941176672
2023-03-23,1699,1699,1699,1699,1,0.0
2023-03-24,1700,1700,1700,1700,1,0.0005885815185402432
2023-03-27,1699,1699,1699,1699,0,-0.0005882352941176672
2023-03-28,1679,1679,1679,1679,1,-0.011771630370806307
2023-03-29,1678,1678,1678,1678,0,-0.0005955926146515855
2023-03-30,1677,1677,1677,1677,200,-0.0005959475566150729
2023-03-31,1677,1700,1677,1700,11,0.013714967203339201
2023-04-03,1700,1800,1700,1800,11,0.05882352941176472
2023-04-04,1799,1799,1799,1799,0,-0.0005555555555555314
2023-04-05,1796,1796,1796,1796,0,-0.0016675931072818173
2023-04-06,1795,1795,1795,1795,0,-0.000556792873051215
2023-04-07,1799,1799,1799,1799,1,0.0022284122562674646
2023-04-10,1749,1749,1749,1749,0,-0.027793218454697066
2023-04-11,1748,1748,1748,1748,0,-0.0005717552887364308
2023-04-12,1747,1747,1747,1747,0,-0.0005720823798627261
2023-04-13,1746,1746,1746,1746,0,-0.0005724098454493731
2023-04-14,1744,1744,1744,1744,0,-0.001145475372279492
2023-04-17,1743,1743,1743,1743,0,-0.0005733944954128267
2023-04-18,1749,1749,1742,1742,2,-0.0005737234652897216
2023-04-19,1799,1799,1799,1799,1,0.03272101033295072
2023-04-20,1795,1795,1795,1795,0,-0.0022234574763757564
2023-04-21,1799,1799,1799,1799,1,0.0022284122562674646
2023-04-24,1796,1796,1796,1796,0,-0.0016675931072818173
2023-04-25,1793,1793,1793,1793,0,-0.0016703786191536452
2023-04-26,1784,1784,1784,1784,0,-0.005019520356943641
2023-04-27,1781,1781,1781,1781,0,-0.0016816143497757619
2023-04-28,1780,1780,1780,1780,0,-0.0005614823133071045
2023-05-02,1774,1774,1774,1774,0,-0.003370786516853963
2023-05-03,1773,1773,1773,1773,0,-0.0005636978579481866
2023-05-04,1772,1772,1772,1772,0,-0.0005640157924421407
2023-05-08,1799,1799,1799,1799,1,0.015237020316027028
2023-05-09,1788,1788,1788,1788,0,-0.00611450806003333
2023-05-10,1784,1784,1784,1784,0,-0.0022371364653244186
2023-05-11,1783,1783,1783,1783,0,-0.0005605381165919576
2023-05-12,1779,1779,1779,1779,0,-0.0022434099831744048
2023-05-15,1799,1799,1799,1799,1,0.011242270938729648
2023-05-16,1788,1788,1788,1788,0,-0.00611450806003333
2023-05-17,1787,1787,1787,1787,0,-0.0005592841163311046
2023-05-18,1776,1776,1776,1776,0,-0.00615556799104644
2023-05-19,1775,1775,1775,1775,1,-0.0005630630630630851
2023-05-22,1764,1764,1764,1764,0,-0.006197183098591519
2023-05-23,1759,1759,1759,1759,0,-0.0028344671201814275
2023-05-24,1799,1799,1799,1799,1,0.022740193291642896
2023-05-25,1799,1799,1799,1799,0,0.0
2023-05-26,1798,1798,1798,1798,0,-0.0005558643690939391
2023-05-30,1796,1796,1796,1796,0,-0.0011123470522803602
2023-05-31,1795,1795,1795,1795,0,-0.000556792873051215
2023-06-01,1794,1794,1794,1794,0,-0.0005571030640668662
2023-06-02,1793,1793,1793,1793,0,-0.0005574136008918984
2023-06-05,1788,1788,1788,1788,0,-0.002788622420524245
2023-06-07,1787,1787,1787,1787,0,-0.0005592841163311046
2023-06-08,1799,1799,1520,1599,22,-0.10520425293788471
2023-06-09,1599,1599,1597,1597,3,-0.001250781738586615
2023-06-12,1599,1599,1596,1596,23,-0.0006261740763932044
2023-06-13,1599,1599,1599,1599,1,0.001879699248120259
2023-06-14,1599,1599,1599,1599,1,0.0
2023-06-15,1599,1599,1599,1599,1,0.0
2023-06-16,1588,1588,1588,1588,1,-0.0068792995622264375
2023-06-19,1589,1589,1589,1589,1,0.0006297229219143219
2023-06-20,1588,1588,1588,1588,1,-0.0006293266205160686
2023-06-21,1599,1599,1599,1599,1,0.006926952141057985
2023-06-22,1598,1598,1598,1598,0,-0.000625390869293363
2023-06-23,1598,1598,1598,1598,1,0.0
2023-06-26,1597,1597,1597,1597,1,-0.0006257822277847547
2023-06-27,1598,1598,1598,1598,1,0.0006261740763933155
2023-06-28,1600,1600,1600,1600,1,0.0012515644555695093
2023-06-29,1400,1599,1360,1599,21,-0.0006249999999999867
2023-06-30,1400,1599,1400,1599,21,0.0
2023-07-03,1599,1599,1599,1599,1,0.0
2023-07-04,1600,1600,1600,1600,1,0.0006253908692932519
2023-07-05,1599,1599,1599,1599,1,-0.0006249999999999867
2023-07-06,1598,1598,1598,1598,1,-0.000625390869293363
2023-07-07,1599,1599,1599,1599,1,0.0006257822277846437
2023-07-10,1598,1598,1598,1598,1,-0.000625390869293363
2023-07-11,1599,1599,1599,1599,1,0.0006257822277846437
2023-07-12,1599,1599,1599,1599,1,0.0
2023-07-13,1599,1599,1599,1599,1,0.0
2023-07-14,1598,1598,1598,1598,1,-0.000625390869293363
2023-07-17,1598,1598,1598,1598,1,0.0
2023-07-18,1596,1596,1596,1596,0,-0.0012515644555695093
2023-07-19,1598,1598,1598,1598,1,0.0012531328320801727
2023-07-20,1598,1598,1598,1598,1,0.0
2023-07-21,1597,1598,1597,1598,27,0.0
2023-07-24,1599,1599,1599,1599,1,0.0006257822277846437
2023-07-25,1598,1598,1598,1598,1,-0.000625390869293363
2023-07-26,1598,1598,1598,1598,1,0.0
2023-07-27,1599,1599,1599,1599,1,0.0006257822277846437
2023-07-28,1599,1599,1599,1599,1,0.0
2023-07-31,1838,1838,1838,1838,1,0.14946841776110076
2023-08-01,1563,1563,1563,1563,1,-0.14961915125136016
2023-08-02,1600,1600,1599,1599,2,0.02303262955854124
2023-08-03,1598,1598,1598,1598,1,-0.000625390869293363
2023-08-04,1599,1599,1599,1599,1,0.0006257822277846437
2023-08-07,1598,1598,1598,1598,1,-0.000625390869293363
2023-08-08,1600,1600,1600,1600,1,0.0012515644555695093
2023-08-09,1599,1599,1599,1599,1,-0.0006249999999999867
2023-08-10,1598,1598,1598,1598,1,-0.000625390869293363
2023-08-11,1599,1599,1599,1599,1,0.0006257822277846437
2023-08-14,1599,1599,1599,1599,1,0.0
2023-08-16,1599,1599,1599,1599,1,0.0
2023-08-17,1600,1600,1600,1600,1,0.0006253908692932519
2023-08-18,1700,1700,1700,1700,11,0.0625
2023-08-21,1799,1799,1600,1701,31,0.0005882352941175562
2023-08-22,1798,1798,1797,1797,3,0.0564373897707231
2023-08-23,1798,1798,1530,1598,22,-0.11074012242626596
2023-08-24,1600,1600,1400,1400,11,-0.12390488110137676
2023-08-25,1500,1500,1500,1500,1,0.0714285714285714
2023-08-28,1723,1723,1723,1723,1,0.14866666666666672
2023-08-29,1700,1799,1500,1649,65,-0.042948345908299435
2023-08-30,1698,1698,1500,1697,22,0.029108550636749442
2023-08-31,1799,1799,1777,1777,1035,0.04714201532115503
2023-09-01,1800,1800,1800,1800,2,0.01294316263365225
2023-09-04,1900,1900,1531,1688,330,-0.06222222222222218
2023-09-05,1699,1699,1699,1699,1,0.006516587677725116
2023-09-06,1699,1699,1451,1698,354,-0.0005885815185403542
2023-09-07,1952,1952,1952,1952,2,0.14958775029446403
2023-09-08,1660,1699,1660,1699,467,-0.12961065573770492
2023-09-11,1699,1699,1450,1698,1013,-0.0005885815185403542
2023-09-12,1699,1699,1579,1650,849,-0.028268551236749095
2023-09-13,1896,1896,1411,1700,614,0.030303030303030276
2023-09-14,1600,1800,1450,1600,235,-0.05882352941176472
2023-09-15,1700,1700,1480,1500,199,-0.0625
2023-09-18,1600,1600,1480,1480,105,-0.013333333333333308
2023-09-19,1600,1600,1600,1600,1,0.08108108108108114
2023-09-20,1700,1700,1580,1580,21,-0.012499999999999956
2023-09-21,1600,1600,1600,1600,1,0.012658227848101333
2023-09-22,1599,1599,1599,1599,1,-0.0006249999999999867
2023-09-25,1599,1599,1599,1599,1,0.0
2023-09-26,1599,1599,1599,1599,1,0.0
2023-09-27,1599,1599,1400,1598,4,-0.000625390869293363
2023-10-04,1600,1600,1600,1600,1,0.0012515644555695093
2023-10-05,1600,1699,1480,1480,39,-0.07499999999999996
2023-10-06,1480,1579,1301,1301,305,-0.12094594594594599
2023-10-10,1489,1489,1390,1449,203,0.11375864719446582
2023-10-11,1498,1498,1498,1498,1,0.033816425120772875
2023-10-12,1500,1500,1280,1280,212,-0.14552736982643522
2023-10-13,1400,1400,1400,1400,1,0.09375
2023-10-16,1400,1400,1400,1400,0,0.0
2023-10-17,1400,1400,1400,1400,1,0.0
2023-10-18,1400,1400,1400,1400,1,0.0
2023-10-19,1399,1499,1399,1499,21,0.07071428571428573
2023-10-20,1540,1540,1300,1539,32,0.026684456304202797
2023-10-23,1499,1499,1499,1499,11,-0.02599090318388564
2023-10-24,1499,1499,1499,1499,0,0.0
2023-10-25,1500,1500,1500,1500,1,0.0006671114076051143
2023-10-26,1499,1499,1499,1499,0,-0.0006666666666667043
2023-10-27,1500,1500,1500,1500,1,0.0006671114076051143
2023-10-30,1590,1590,1280,1586,180,0.057333333333333236
2023-10-31,1598,1598,1598,1598,1,0.007566204287515754
2023-11-01,1598,1598,1400,1587,22,-0.006883604505632079
2023-11-02,1599,1599,1599,1599,1,0.007561436672967936
2023-11-03,1597,1597,1400,1589,12,-0.0062539086929330745
2023-11-06,1500,1599,1500,1599,11,0.006293266205160464
2023-11-07,1600,1600,1600,1600,1,0.0006253908692932519
2023-11-08,1696,1696,1696,1696,11,0.06000000000000005
2023-11-09,1695,1695,1450,1689,22,-0.004127358490566002
2023-11-10,1700,1942,1600,1700,83,0.006512729425695696
2023-11-13,1698,1698,1698,1698,1,-0.0011764705882353343
2023-11-14,1699,1699,1500,1698,12,0.0
2023-11-15,1698,1698,1500,1697,13,-0.0005889281507656108
2023-11-16,1698,1698,1698,1698,11,0.0005892751915144157
2023-11-17,1700,1700,1700,1700,1,0.0011778563015312216
2023-11-20,1700,1700,1700,1700,1,0.0
2023-11-21,1699,1699,1699,1699,1,-0.0005882352941176672
2023-11-22,1699,1699,1600,1600,2,-0.058269570335491516
2023-11-23,1698,1698,1698,1698,1,0.06125000000000003
2023-11-24,1698,1698,1698,1698,1,0.0
2023-11-27,1689,1689,1689,1689,0,-0.005300353356890497
2023-11-28,1699,1699,1699,1699,1,0.005920663114268754
2023-11-29,1500,1689,1500,1689,11,-0.005885815185403209
2023-11-30,1589,1589,1589,1589,0,-0.05920663114268798
2023-12-01,1599,1599,1589,1589,15,0.0
2023-12-04,1598,1598,1598,1598,1,0.005663939584644506
2023-12-05,1600,1600,1600,1600,1,0.0012515644555695093
2023-12-06,1599,1599,1599,1599,1,-0.0006249999999999867
2023-12-07,1599,1599,1599,1599,0,0.0
2023-12-08,1589,1589,1589,1589,0,-0.0062539086929330745
2023-12-11,1599,1599,1599,1599,1,0.006293266205160464
2023-12-12,1599,1599,1599,1599,4,0.0
2023-12-13,1600,1600,1600,1600,1,0.0006253908692932519
2023-12-14,1400,1589,1400,1589,2,-0.0068749999999999645
2023-12-15,1590,1590,1400,1588,3,-0.0006293266205160686
2023-12-18,1600,1600,1600,1600,1,0.007556675062972307
2023-12-19,1587,1587,1500,1586,12,-0.008750000000000036
2023-12-20,1699,1699,1400,1595,37,0.005674653215636871
2023-12-21,1599,1599,1599,1599,1,0.0025078369905955356
2023-12-22,1599,1599,1599,1599,1,0.0
2023-12-26,1600,1600,1400,1599,5,0.0
2023-12-27,1599,1599,1400,1499,3,-0.06253908692933086
2023-12-28,1599,1599,1599,1599,1,0.06671114076050699
2024-01-02,1599,1599,1360,1598,3,-0.000625390869293363
2024-01-03,1599,1599,1599,1599,1,0.0006257822277846437
2024-01-04,1699,1699,1360,1598,34,-0.000625390869293363
2024-01-05,1500,1837,1500,1700,82,0.06382978723404253
2024-01-08,1700,1700,1500,1599,33,-0.059411764705882386
2024-01-09,1700,1700,1700,1700,21,0.06316447779862422
2024-01-10,1798,1798,1500,1600,33,-0.05882352941176472
2024-01-11,1600,1600,1600,1600,1,0.0
2024-01-12,1499,1499,1499,1499,0,-0.06312499999999999
2024-01-15,1600,1600,1600,1600,1,0.06737825216811211
2024-01-16,1599,1599,1400,1500,12,-0.0625
2024-01-17,1480,1599,1477,1599,165,0.06600000000000006
2024-01-18,1599,1599,1360,1599,23,0.0
2024-01-19,1599,1599,1360,1598,121,-0.000625390869293363
2024-01-22,1599,1599,1400,1599,12,0.0006257822277846437
2024-01-23,1360,1598,1360,1598,42,-0.000625390869293363
2024-01-24,1600,1600,1360,1594,63,-0.0025031289111389077
2024-01-25,1400,1499,1400,1499,11,-0.0595984943538268
2024-01-26,1500,1500,1300,1500,3,0.0006671114076051143
2024-01-29,1549,1549,1400,1500,22,0.0
2024-01-30,1300,1497,1300,1497,2,-0.0020000000000000018
2024-01-31,1449,1449,1449,1449,1,-0.03206412825651306
2024-02-01,1500,1500,1500,1500,1,0.035196687370600444
2024-02-02,1445,1445,1445,1445,1,-0.036666666666666625
2024-02-05,1500,1600,1230,1449,65,0.0027681660899654403
2024-02-06,1500,1500,1500,1500,1,0.035196687370600444
2024-02-07,1490,1490,1300,1489,3,-0.007333333333333303
2024-02-08,1486,1486,1486,1486,0,-0.002014775016789816
2024-02-13,1489,1489,1264,1489,22,0.0020188425302827273
2024-02-14,1300,1597,1266,1399,292,-0.0604432505036937
2024-02-15,1399,1399,1399,1399,0,0.0
2024-02-16,1200,1399,1200,1395,1224,-0.002859185132237263
2024-02-19,1400,1400,1186,1400,502,0.0035842293906809264
2024-02-20,1190,1300,1190,1300,551,-0.0714285714285714
2024-02-21,1200,1200,1200,1200,0,-0.07692307692307687
2024-02-22,1100,1300,1020,1200,132,0.0
2024-02-23,1200,1380,1200,1375,32,0.14583333333333326
2024-02-26,1400,1400,1400,1400,11,0.018181818181818077
2024-02-27,1400,1600,1300,1400,42,0.0
2024-02-28,1200,1399,1200,1399,11,-0.0007142857142856673
2024-02-29,1300,1400,1300,1400,11,0.0007147962830593713
2024-03-04,1498,1498,1498,1498,10,0.07000000000000006
2024-03-05,1300,1400,1300,1400,11,-0.06542056074766356
2024-03-06,1400,1589,1200,1440,52,0.02857142857142847
2024-03-07,1300,1400,1300,1400,11,-0.02777777777777779
2024-03-08,1500,1500,1500,1500,11,0.0714285714285714
2024-03-11,1497,1497,1497,1497,1,-0.0020000000000000018
2024-03-12,1496,1496,1496,1496,0,-0.0006680026720107257
2024-03-13,1500,1500,1500,1500,1,0.002673796791443861
2024-03-14,1499,1499,1499,1499,1,-0.0006666666666667043
2024-03-15,1500,1500,1500,1500,1,0.0006671114076051143
2024-03-18,1500,1500,1500,1500,1,0.0
2024-03-19,1600,1600,1500,1550,22,0.03333333333333344
2024-03-20,1550,1550,1320,1539,82,-0.007096774193548372
2024-03-21,1598,1598,1310,1579,43,0.02599090318388564
2024-03-22,1600,1600,1350,1549,273,-0.01899936668777702
2024-03-25,1543,1543,1320,1543,124,-0.003873466752743693
2024-03-26,1400,1590,1320,1589,142,0.029812054439403823
2024-03-27,1550,1550,1550,1550,1,-0.024543738200125897
2024-03-28,1600,1600,1320,1400,444,-0.09677419354838712
2024-03-29,1400,1499,1400,1499,11,0.07071428571428573
2024-04-01,1400,1400,1280,1399,414,-0.06671114076050699
2024-04-02,1400,1400,1400,1500,11,0.07219442458899206
2024-04-03,1499,1499,1499,1499,0,-0.0006666666666667043
2024-04-04,1500,1500,1500,1500,1,0.0006671114076051143
2024-04-05,1500,1589,1500,1589,11,0.05933333333333324
2024-04-08,1499,1499,1499,1499,0,-0.056639395846444285
2024-04-09,1490,1490,1300,1489,22,-0.006671114076050699
2024-04-11,1487,1487,1487,1487,11,-0.001343183344526544
2024-04-12,1500,1500,1500,1500,1,0.008742434431741719
2024-04-15,1500,1500,1500,1500,1,0.0
2024-04-16,1500,1599,1500,1599,11,0.06600000000000006
2024-04-17,1598,1598,1598,1598,1,-0.000625390869293363
2024-04-18,1600,1690,1360,1649,52,0.03191489361702127
2024-04-19,1640,1640,1640,1640,1,-0.00545785324439052
2024-04-22,1400,1634,1400,1600,42,-0.024390243902439046
2024-04-23,1600,1699,1500,1500,21,-0.0625
2024-04-24,1549,1549,1549,1549,1,0.03266666666666662
2024-04-25,1499,1499,1400,1499,12,-0.032278889606197514
2024-04-26,1500,1600,1500,1600,11,0.06737825216811211
2024-04-29,1500,1500,1360,1499,22,-0.06312499999999999
2024-04-30,1600,1600,1275,1499,513,0.0
2024-05-02,1500,1500,1400,1499,33,0.0
2024-05-03,1498,1498,1280,1400,350,-0.06604402935290199
2024-05-07,1500,1599,1200,1488,370,0.06285714285714294
2024-05-08,1490,1490,1490,1490,1,0.0013440860215054862
2024-05-09,1400,1489,1400,1489,51,-0.0006711409395973034
2024-05-10,1449,1449,1449,1449,1,-0.026863666890530546
2024-05-13,1500,1500,1500,1500,1,0.035196687370600444
2024-05-14,1497,1497,1275,1495,201,-0.0033333333333332993
2024-05-16,1600,1600,1400,1499,62,0.0026755852842810235
2024-05-17,1500,1599,1400,1597,133,0.06537691794529676
2024-05-20,1499,1499,1358,1358,760,-0.14965560425798374
2024-05-21,1400,1400,1400,1400,1,0.030927835051546282
2024-05-22,1390,1498,1390,1498,21,0.07000000000000006
2024-05-23,1497,1497,1280,1496,12,-0.001335113484646211
2024-05-24,1272,1699,1272,1699,547,0.13569518716577544
2024-05-27,1699,1699,1450,1450,22,-0.1465567981165391
2024-05-28,1490,1490,1300,1486,22,0.024827586206896513
2024-05-29,1474,1474,1474,1474,1,-0.008075370121130576
2024-05-30,1599,1599,1260,1598,42,0.08412483039348717
2024-05-31,1360,1499,1360,1499,82,-0.06195244055068838
2024-06-03,1499,1499,1275,1498,42,-0.0006671114076051143
2024-06-04,1489,1489,1274,1489,52,-0.006008010680907838
2024-06-05,1479,1479,1479,1479,31,-0.006715916722632609
2024-06-07,1469,1469,1469,1469,1,-0.006761325219743042
2024-06-10,1469,1469,1469,1469,1,0.0
2024-06-11,1469,1469,1469,1469,1,0.0
2024-06-12,1689,1689,1689,1689,145,0.14976174268209674
2024-06-13,1870,1870,1500,1689,187,0.0
2024-06-14,1800,1800,1500,1700,33,0.006512729425695696
2024-06-17,1600,1699,1450,1450,41,-0.1470588235294118
2024-06-18,1500,1500,1500,1500,1,0.034482758620689724
2024-06-19,1500,1597,1400,1499,82,-0.0006666666666667043
2024-06-20,1500,1500,1500,1500,1,0.0006671114076051143
2024-06-21,1699,1699,1400,1450,82,-0.033333333333333326
2024-06-24,1450,1500,1450,1500,21,0.034482758620689724
2024-06-25,1700,1700,1500,1500,51,0.0
2024-06-26,1700,1700,1300,1599,123,0.06600000000000006
2024-06-27,1699,1699,1500,1549,33,-0.03126954346466537
2024-06-28,1600,1600,1600,1600,11,0.032924467398321555
2024-07-01,1700,1700,1400,1599,132,-0.0006249999999999867
2024-07-02,1700,1700,1600,1688,42,0.05565978736710453
2024-07-03,1700,1700,1440,1679,227,-0.005331753554502328
2024-07-04,1720,1720,1500,1649,52,-0.017867778439547344
2024-07-05,1549,1549,1410,1499,62,-0.09096422073984234
2024-07-08,1590,1590,1590,1590,11,0.06070713809206141
2024-07-09,1589,1589,1400,1589,42,-0.0006289308176100628
2024-07-10,1500,1500,1400,1499,12,-0.056639395846444285
2024-07-11,1500,1500,1400,1500,42,0.0006671114076051143
2024-07-12,1599,1599,1599,1599,21,0.06600000000000006
2024-07-15,1500,1500,1500,1500,1,-0.06191369606003749
2024-07-16,1400,1699,1400,1699,91,0.1326666666666667
2024-07-17,1724,1724,1500,1599,33,-0.05885815185403176
2024-07-18,1698,1698,1360,1599,165,0.0
2024-07-19,1598,1598,1360,1500,42,-0.06191369606003749
2024-07-22,1400,1499,1400,1499,21,-0.0006666666666667043
2024-07-23,1500,1500,1500,1500,1,0.0006671114076051143
