Date,Open,High,Low,Close,Volume,Change
2022-01-03,2675,2680,2645,2660,61625,-0.007462686567164201
2022-01-04,2660,2730,2660,2705,106189,0.016917293233082775
2022-01-05,2705,2720,2685,2685,59779,-0.007393715341959317
2022-01-06,2670,2715,2660,2700,82302,0.005586592178770999
2022-01-07,2705,2835,2705,2820,402043,0.04444444444444451
2022-01-10,2825,2825,2730,2730,169900,-0.03191489361702127
2022-01-11,2730,2730,2640,2645,157345,-0.031135531135531136
2022-01-12,2655,2710,2650,2705,71350,0.022684310018903586
2022-01-13,2705,3040,2705,2860,4341301,0.0573012939001849
2022-01-14,2855,2885,2800,2850,411094,-0.0034965034965035446
2022-01-17,2840,2845,2755,2765,237685,-0.029824561403508754
2022-01-18,2765,2790,2660,2665,242894,-0.03616636528028938
2022-01-19,2635,2705,2615,2650,141228,-0.0056285178236398226
2022-01-20,2620,2720,2605,2700,116324,0.018867924528301883
2022-01-21,2700,2815,2650,2740,225577,0.014814814814814836
2022-01-24,2740,2810,2675,2690,215377,-0.018248175182481785
2022-01-25,2700,2720,2495,2530,249151,-0.059479553903345694
2022-01-26,2510,2625,2505,2545,154061,0.005928853754940677
2022-01-27,2545,2575,2420,2440,164408,-0.04125736738703345
2022-01-28,2435,2530,2330,2515,265252,0.03073770491803285
2022-02-03,2620,2635,2545,2595,79416,0.031809145129224614
2022-02-04,2560,2660,2545,2620,132311,0.009633911368015502
2022-02-07,2650,2650,2610,2640,39741,0.007633587786259444
2022-02-08,2640,2655,2600,2620,74969,-0.007575757575757569
2022-02-09,2630,2670,2615,2655,69569,0.013358778625954137
2022-02-10,2660,2685,2640,2680,49226,0.009416195856873921
2022-02-11,2665,2670,2590,2625,125688,-0.020522388059701524
2022-02-14,2595,2595,2530,2560,66857,-0.024761904761904763
2022-02-15,2560,2605,2495,2540,79228,-0.0078125
2022-02-16,2580,2600,2555,2595,45657,0.021653543307086576
2022-02-17,2600,2665,2575,2615,101380,0.007707129094412402
2022-02-18,2605,2635,2560,2635,53341,0.007648183556405286
2022-02-21,2625,2655,2610,2650,37607,0.005692599620493288
2022-02-22,2640,2650,2575,2650,85968,0.0
2022-02-23,2650,2655,2615,2655,70797,0.0018867924528302993
2022-02-24,2655,2660,2570,2610,184492,-0.016949152542372836
2022-02-25,2690,2690,2620,2640,117968,0.011494252873563315
2022-02-28,2650,2665,2620,2650,43028,0.0037878787878788955
2022-03-02,2650,2695,2645,2690,51215,0.015094339622641506
2022-03-03,2720,2750,2690,2720,95073,0.011152416356877248
2022-03-04,2700,2720,2675,2715,49827,-0.0018382352941176405
2022-03-07,2700,2730,2665,2700,59820,-0.0055248618784530246
2022-03-08,2660,2690,2645,2690,59637,-0.0037037037037036535
2022-03-10,2690,2730,2690,2700,36888,0.0037174721189590088
2022-03-11,2700,2725,2685,2720,54340,0.007407407407407307
2022-03-14,2720,2785,2715,2745,85196,0.009191176470588314
2022-03-15,2730,2745,2705,2725,55866,-0.007285974499089298
2022-03-16,2730,2765,2730,2765,65104,0.014678899082568808
2022-03-17,2785,2795,2765,2785,83151,0.00723327305605781
2022-03-18,2785,2795,2765,2780,48143,-0.0017953321364452268
2022-03-21,2780,2780,2690,2770,147155,-0.003597122302158251
2022-03-22,2770,2805,2740,2780,105071,0.0036101083032491488
2022-03-23,2780,2830,2780,2825,135757,0.01618705035971213
2022-03-24,2815,2820,2795,2820,83042,-0.001769911504424737
2022-03-25,2800,3020,2800,2890,2480517,0.024822695035461084
2022-03-28,2900,2930,2855,2905,247252,0.00519031141868509
2022-03-29,2920,2925,2870,2870,156738,-0.012048192771084376
2022-03-30,2870,2905,2845,2895,163980,0.008710801393728262
2022-03-31,2895,2910,2855,2905,89421,0.003454231433505983
2022-04-01,2905,2920,2880,2915,118302,0.0034423407917383297
2022-04-04,2915,2970,2895,2960,179476,0.015437392795883298
2022-04-05,2965,2965,2920,2945,81849,-0.0050675675675675436
2022-04-06,2940,2945,2895,2895,94205,-0.01697792869269954
2022-04-07,2880,2880,2810,2855,129504,-0.013816925734024155
2022-04-08,2830,2885,2810,2840,88922,-0.005253940455341555
2022-04-11,2840,2890,2820,2880,35445,0.014084507042253502
2022-04-12,2860,3155,2850,3075,5627505,0.06770833333333326
2022-04-13,3070,3235,2945,3050,6357157,-0.008130081300813052
2022-04-14,3070,3115,3020,3065,643616,0.004918032786885185
2022-04-15,3065,3205,3025,3185,720328,0.039151712887438794
2022-04-18,3160,3195,3120,3160,358492,-0.00784929356357933
2022-04-19,3155,3160,3105,3120,217822,-0.012658227848101222
2022-04-20,3140,3200,3125,3185,299610,0.02083333333333326
2022-04-21,3185,3185,3100,3125,209099,-0.01883830455259028
2022-04-22,3125,3125,3070,3080,119785,-0.014399999999999968
2022-04-25,3025,3140,3025,3080,236866,0.0
2022-04-26,3085,3260,3085,3200,736371,0.03896103896103886
2022-04-27,3120,3215,3110,3215,282871,0.004687499999999956
2022-04-28,3220,3245,3140,3155,233493,-0.018662519440124425
2022-04-29,3165,3180,3125,3175,162493,0.006339144215530945
2022-05-02,3135,3170,3110,3130,162691,-0.014173228346456734
2022-05-03,3115,3240,3100,3190,297840,0.019169329073482455
2022-05-04,3180,3190,3125,3160,114579,-0.009404388714733591
2022-05-06,3120,3125,3040,3105,197564,-0.017405063291139222
2022-05-09,3095,3095,2980,3020,150716,-0.027375201288244777
2022-05-10,2990,3070,2880,3070,170380,0.01655629139072845
2022-05-11,3100,3100,2995,3010,90429,-0.019543973941368087
2022-05-12,3000,3120,2915,3010,213634,0.0
2022-05-13,3010,3050,2990,3015,46006,0.0016611295681063787
2022-05-16,3020,3070,3005,3060,72493,0.014925373134328401
2022-05-17,3060,3075,3030,3050,81832,-0.0032679738562091387
2022-05-18,3080,3080,2985,3025,159871,-0.008196721311475419
2022-05-19,2995,3000,2930,3000,103540,-0.008264462809917328
2022-05-20,2970,3000,2960,2995,50519,-0.0016666666666667052
2022-05-23,2955,2985,2925,2940,96363,-0.018363939899833093
2022-05-24,2940,3005,2880,2915,164846,-0.008503401360544172
2022-05-25,2895,2930,2875,2920,93507,0.0017152658662091813
2022-05-26,2910,2930,2885,2900,49978,-0.006849315068493178
2022-05-27,2915,2945,2900,2945,50940,0.01551724137931032
2022-05-30,2960,2995,2940,2975,201910,0.01018675721561979
2022-05-31,2975,3010,2955,3005,96019,0.010084033613445342
2022-06-02,3005,3005,2975,3005,48932,0.0
2022-06-03,3005,3020,2950,2995,78345,-0.0033277870216306127
2022-06-07,2995,2995,2925,2925,87840,-0.023372287145242088
2022-06-08,2925,2950,2915,2930,49488,0.0017094017094017033
2022-06-09,2925,2935,2825,2905,87247,-0.008532423208191142
2022-06-10,2875,2885,2835,2840,56424,-0.022375215146299476
2022-06-13,2800,2800,2670,2670,128435,-0.059859154929577496
2022-06-14,2600,2660,2570,2600,121349,-0.02621722846441943
2022-06-15,2585,2630,2495,2530,105334,-0.02692307692307694
2022-06-16,2450,2580,2450,2485,786645,-0.017786561264822143
2022-06-17,2470,2490,2395,2475,116174,-0.004024144869215318
2022-06-20,2520,2520,2350,2405,130953,-0.028282828282828243
2022-06-21,2385,2455,2360,2425,151415,0.008316008316008316
2022-06-22,2425,2500,2350,2375,155048,-0.020618556701030966
2022-06-23,2365,2380,2160,2210,289021,-0.06947368421052635
2022-06-24,2195,2385,2195,2385,114555,0.07918552036199089
2022-06-27,2440,2515,2385,2505,68339,0.05031446540880502
2022-06-28,2505,2515,2455,2505,39332,0.0
2022-06-29,2460,2520,2450,2515,31474,0.003992015968063978
2022-06-30,2515,2555,2480,2490,60689,-0.00994035785288272
2022-07-01,2490,2540,2415,2480,92113,-0.004016064257028162
2022-07-04,2470,2500,2365,2500,77173,0.008064516129032251
2022-07-05,2445,2500,2430,2475,36892,-0.010000000000000009
2022-07-06,2475,2475,2405,2440,61339,-0.014141414141414121
2022-07-07,2440,2495,2430,2495,37132,0.02254098360655732
2022-07-08,2495,2535,2485,2505,49708,0.004008016032064132
2022-07-11,2505,2530,2460,2460,93713,-0.017964071856287456
2022-07-12,2440,2480,2340,2400,98041,-0.024390243902439046
2022-07-13,2400,2440,2350,2440,74473,0.016666666666666607
2022-07-14,2440,2490,2390,2445,61943,0.002049180327868827
2022-07-15,2420,2440,2380,2425,36646,-0.008179959100204526
2022-07-18,2430,2490,2430,2490,49134,0.02680412371134011
2022-07-19,2490,2510,2480,2505,33823,0.006024096385542244
2022-07-20,2520,2555,2505,2520,29619,0.0059880239520957446
2022-07-21,2520,2550,2505,2535,29217,0.005952380952380931
2022-07-22,2535,2550,2520,2545,19427,0.0039447731755424265
2022-07-25,2545,2580,2530,2570,38951,0.00982318271119853
2022-07-26,2555,2570,2540,2570,20371,0.0
2022-07-27,2570,2580,2550,2570,31236,0.0
2022-07-28,2595,2595,2565,2580,17136,0.0038910505836575737
2022-07-29,2580,2600,2565,2590,46858,0.003875968992248069
2022-08-01,2590,2610,2585,2605,33057,0.005791505791505891
2022-08-02,2605,2610,2560,2580,82752,-0.009596928982725572
2022-08-03,2565,2610,2560,2610,41625,0.011627906976744207
2022-08-04,2610,2625,2580,2615,28422,0.0019157088122605526
2022-08-05,2615,2645,2600,2640,34712,0.009560229445506607
2022-08-08,2640,2640,2600,2625,17348,-0.005681818181818232
2022-08-09,2625,2625,2590,2615,25283,-0.003809523809523818
2022-08-10,2615,2650,2575,2650,52647,0.013384321223709472
2022-08-11,2650,2690,2650,2670,40339,0.007547169811320753
2022-08-12,2670,2690,2650,2685,42559,0.00561797752808979
2022-08-16,2670,2765,2655,2730,218018,0.016759776536312776
2022-08-17,2720,2740,2680,2700,105483,-0.01098901098901095
2022-08-18,2690,2710,2660,2700,102219,0.0
2022-08-19,2690,2720,2665,2700,67597,0.0
2022-08-22,2695,2700,2635,2635,76516,-0.024074074074074026
2022-08-23,2635,2650,2575,2610,47813,-0.009487666034155628
2022-08-24,2600,2615,2585,2610,44611,0.0
2022-08-25,2615,2680,2615,2675,52983,0.02490421455938696
2022-08-26,2700,2715,2650,2675,49875,0.0
2022-08-29,2640,2640,2585,2615,43833,-0.02242990654205612
2022-08-30,2590,2630,2590,2625,51072,0.003824091778202643
2022-08-31,2625,2650,2600,2645,49676,0.007619047619047636
2022-09-01,2645,2645,2605,2610,48230,-0.013232514177693777
2022-09-02,2610,2665,2610,2640,72588,0.011494252873563315
2022-09-05,2630,2640,2600,2625,47973,-0.005681818181818232
2022-09-06,2630,2695,2620,2685,137953,0.02285714285714291
2022-09-07,2690,2695,2615,2635,117900,-0.01862197392923648
2022-09-08,2635,2670,2615,2650,69538,0.005692599620493288
2022-09-13,2655,2685,2650,2680,88333,0.01132075471698113
2022-09-14,2630,2670,2620,2660,99725,-0.007462686567164201
2022-09-15,2660,2675,2645,2670,37900,0.003759398496240518
2022-09-16,2640,2660,2615,2620,61120,-0.01872659176029967
2022-09-19,2600,2620,2495,2575,74875,-0.01717557251908397
2022-09-20,2535,2590,2535,2560,81941,-0.005825242718446644
2022-09-21,2555,2570,2540,2560,28484,0.0
2022-09-22,2545,2545,2455,2505,109202,-0.021484375
2022-09-23,2485,2495,2390,2425,86130,-0.031936127744510934
2022-09-26,2405,2405,2235,2295,102887,-0.053608247422680444
2022-09-27,2270,2285,2200,2260,110279,-0.015250544662309351
2022-09-28,2235,2270,2115,2160,132985,-0.04424778761061943
2022-09-29,2170,2220,2100,2100,61477,-0.02777777777777779
2022-09-30,2090,2150,2055,2145,53393,0.021428571428571352
2022-10-04,2185,2330,2165,2320,121145,0.0815850815850816
2022-10-05,2355,2370,2295,2340,73175,0.008620689655172376
2022-10-06,2340,2360,2325,2335,29065,-0.002136752136752129
2022-10-07,2345,2425,2325,2405,97953,0.02997858672376874
2022-10-11,2380,2380,2255,2295,46050,-0.04573804573804574
2022-10-12,2295,2300,2245,2270,84564,-0.01089324618736387
2022-10-13,2240,2270,2160,2185,54611,-0.037444933920704804
2022-10-14,2205,2260,2205,2220,94443,0.016018306636155666
2022-10-17,2195,2255,2150,2245,58273,0.011261261261261257
2022-10-18,2255,2315,2250,2310,64554,0.028953229398663627
2022-10-19,2310,2415,2305,2410,90213,0.04329004329004338
2022-10-20,2385,2405,2330,2370,31090,-0.016597510373444035
2022-10-21,2345,2350,2285,2345,31752,-0.010548523206751037
2022-10-24,2345,2375,2320,2350,53489,0.002132196162046851
2022-10-25,2355,2385,2350,2385,33508,0.014893617021276562
2022-10-26,2385,2400,2335,2360,51562,-0.010482180293501009
2022-10-27,2365,2400,2340,2400,36083,0.016949152542372836
2022-10-28,2400,2415,2350,2390,52042,-0.004166666666666652
2022-10-31,2400,2405,2380,2400,37409,0.004184100418409997
2022-11-01,2400,2485,2400,2470,46769,0.029166666666666563
2022-11-02,2460,2495,2420,2495,51464,0.010121457489878471
2022-11-03,2450,2495,2430,2495,20576,0.0
2022-11-04,2450,2485,2430,2485,21883,-0.004008016032064132
2022-11-07,2485,2575,2485,2525,56515,0.016096579476861272
2022-11-08,2555,2630,2515,2560,76345,0.013861386138613874
2022-11-09,2560,2595,2535,2580,76600,0.0078125
2022-11-10,2575,2575,2540,2560,25248,-0.007751937984496138
2022-11-11,2595,2620,2560,2600,61430,0.015625
2022-11-14,2580,2785,2580,2715,371829,0.044230769230769296
2022-11-15,2725,2790,2720,2770,220356,0.0202578268876612
2022-11-16,2800,2880,2775,2880,328226,0.03971119133573997
2022-11-17,2885,2915,2860,2895,137163,0.005208333333333259
2022-11-18,2900,2900,2810,2840,109439,-0.01899827288428324
2022-11-21,2820,2835,2760,2820,125837,-0.007042253521126751
2022-11-22,2785,2830,2780,2820,70789,0.0
2022-11-23,2810,2860,2810,2860,74184,0.014184397163120588
2022-11-24,2860,2890,2850,2885,50308,0.00874125874125875
2022-11-25,2895,2895,2835,2865,62640,-0.006932409012131768
2022-11-28,2845,2865,2755,2830,98131,-0.012216404886561949
2022-11-29,2795,2820,2770,2815,76055,-0.005300353356890497
2022-11-30,2815,2890,2805,2890,97334,0.026642984014209503
2022-12-01,2900,2925,2880,2925,105146,0.01211072664359869
2022-12-02,2930,2940,2895,2920,86472,-0.0017094017094017033
2022-12-05,2915,2940,2870,2925,79646,0.001712328767123239
2022-12-06,2910,2910,2845,2905,72810,-0.006837606837606813
2022-12-07,2865,2885,2795,2870,158719,-0.012048192771084376
2022-12-08,2850,2850,2780,2810,131351,-0.020905923344947785
2022-12-09,2800,2835,2785,2835,31902,0.008896797153024938
2022-12-12,2835,2835,2795,2800,29914,-0.012345679012345734
2022-12-13,2795,2840,2785,2840,44504,0.014285714285714235
2022-12-14,2840,2880,2800,2880,60897,0.014084507042253502
2022-12-15,2880,2890,2845,2880,52857,0.0
2022-12-16,2870,2870,2815,2865,44884,-0.00520833333333337
2022-12-19,2835,2845,2795,2845,31062,-0.006980802792321161
2022-12-20,2825,2825,2760,2820,50218,-0.008787346221441172
2022-12-21,2800,2820,2775,2815,37514,-0.0017730496453900457
2022-12-22,2815,2840,2795,2840,22789,0.008880994671403242
2022-12-23,2840,2840,2735,2805,40937,-0.01232394366197187
2022-12-26,2800,2800,2760,2790,14639,-0.005347593582887722
2022-12-27,2790,2825,2785,2805,41342,0.005376344086021501
2022-12-28,2790,2795,2735,2775,29284,-0.010695187165775444
2022-12-29,2765,2765,2640,2700,40597,-0.027027027027026973
2023-01-02,2700,2700,2600,2690,42699,-0.0037037037037036535
2023-01-03,2625,2665,2510,2605,68436,-0.03159851301115246
2023-01-04,2570,2630,2525,2630,54452,0.009596928982725572
2023-01-05,2660,2660,2585,2625,25596,-0.0019011406844106071
2023-01-06,2630,2680,2590,2680,50914,0.020952380952381056
2023-01-09,2680,2720,2670,2700,70342,0.00746268656716409
2023-01-10,2700,2700,2650,2685,83876,-0.005555555555555536
2023-01-11,2680,2715,2660,2715,41001,0.011173184357541999
2023-01-12,2735,2735,2665,2675,86055,-0.014732965009208066
2023-01-13,2690,2690,2650,2670,54704,-0.0018691588785046953
2023-01-16,2670,2675,2635,2665,76110,-0.0018726591760299671
2023-01-17,2655,2670,2630,2655,36921,-0.0037523452157598447
2023-01-18,2655,2705,2630,2705,36724,0.01883239171374762
2023-01-19,2700,2705,2660,2705,35358,0.0
2023-01-20,2690,2705,2660,2690,42112,-0.00554528650646946
2023-01-25,2705,2715,2680,2710,52816,0.0074349442379182396
2023-01-26,2730,2755,2700,2755,85285,0.016605166051660625
2023-01-27,2775,2785,2730,2780,91338,0.00907441016333932
2023-01-30,2780,2780,2750,2780,58201,0.0
2023-01-31,2770,2800,2750,2800,72266,0.007194244604316502
2023-02-01,2785,2820,2770,2815,63822,0.005357142857142838
2023-02-02,2815,2825,2800,2825,55798,0.003552397868561208
2023-02-03,2815,2825,2790,2825,41451,0.0
2023-02-06,2825,2825,2785,2820,84276,-0.001769911504424737
2023-02-07,2810,2810,2790,2805,39904,-0.005319148936170248
2023-02-08,2805,2835,2795,2830,75315,0.00891265597147961
2023-02-09,2830,2845,2805,2840,51933,0.0035335689045936647
2023-02-10,2840,2840,2790,2820,38984,-0.007042253521126751
2023-02-13,2810,2815,2765,2800,35414,-0.007092198581560294
2023-02-14,2770,2810,2770,2795,100680,-0.0017857142857142794
2023-02-15,2795,2800,2750,2775,71513,-0.007155635062611854
2023-02-16,2760,2840,2760,2840,102920,0.023423423423423406
2023-02-17,2840,2860,2805,2850,61459,0.0035211267605634866
2023-02-20,2835,2915,2820,2905,140961,0.019298245614035148
2023-02-21,2905,2960,2895,2945,151672,0.013769363166953541
2023-02-22,2935,2935,2860,2895,104809,-0.01697792869269954
2023-02-23,2865,2965,2750,2765,347548,-0.04490500863557856
2023-02-24,2790,2825,2765,2825,110767,0.02169981916817365
2023-02-27,2770,2835,2750,2805,162961,-0.0070796460176991705
2023-02-28,2805,2845,2775,2845,78147,0.01426024955436711
2023-03-02,2845,2885,2820,2855,89546,0.0035149384885764245
2023-03-03,2860,2925,2855,2910,114529,0.019264448336252293
2023-03-06,2910,2930,2840,2925,98713,0.005154639175257714
2023-03-07,2915,2950,2885,2940,91283,0.00512820512820511
2023-03-08,2925,2930,2835,2880,89794,-0.020408163265306145
2023-03-09,2875,2940,2810,2940,222268,0.02083333333333326
2023-03-10,2905,2940,2850,2900,105711,-0.013605442176870763
2023-03-13,2875,2875,2725,2815,138704,-0.02931034482758621
2023-03-14,2800,2800,2625,2680,110494,-0.047957371225577305
2023-03-15,2680,2735,2680,2735,70770,0.020522388059701413
2023-03-16,2735,2735,2620,2705,56525,-0.010968921389396757
2023-03-17,2720,2750,2695,2750,50905,0.01663585951940849
2023-03-20,2745,2760,2720,2740,44409,-0.0036363636363636598
2023-03-21,2740,2740,2690,2715,41406,-0.009124087591240837
2023-03-22,2710,2715,2630,2665,106525,-0.018416206261510082
2023-03-23,2660,2665,2615,2615,68871,-0.018761726078799223
2023-03-24,2615,2670,2600,2670,27617,0.021032504780114758
2023-03-27,2670,2690,2615,2690,58307,0.0074906367041198685
2023-03-28,2680,2680,2640,2680,71221,-0.0037174721189591198
2023-03-29,2680,2680,2640,2670,87241,-0.003731343283582045
2023-03-30,2675,2825,2655,2770,216213,0.03745318352059934
2023-03-31,2765,2775,2700,2705,117318,-0.023465703971119134
2023-04-03,2710,2745,2670,2735,182659,0.01109057301293892
2023-04-04,2735,2780,2705,2780,99833,0.01645338208409508
2023-04-05,2780,2790,2745,2775,101150,-0.0017985611510791255
2023-04-06,2745,2765,2725,2745,69299,-0.010810810810810811
2023-04-07,2745,2785,2725,2775,76617,0.010928961748633892
2023-04-10,2775,2785,2745,2770,63543,-0.0018018018018017834
2023-04-11,2745,2950,2740,2920,770914,0.054151624548736566
2023-04-12,2955,3180,2940,3140,1258916,0.07534246575342474
2023-04-13,3120,3125,2995,3060,341106,-0.02547770700636942
2023-04-14,3085,3120,3020,3070,249394,0.0032679738562091387
2023-04-17,3070,3145,3025,3125,251402,0.01791530944625408
2023-04-18,3125,3130,2970,2990,272701,-0.043200000000000016
2023-04-19,2990,3080,2990,3065,138787,0.025083612040133874
2023-04-20,3035,3080,2990,3025,177656,-0.013050570962479635
2023-04-21,2990,3005,2870,2935,205303,-0.02975206611570247
2023-04-24,2910,2980,2890,2950,107175,0.005110732538330387
2023-04-25,2925,3220,2900,3220,1648961,0.09152542372881345
2023-04-26,3260,3280,3045,3080,918545,-0.04347826086956519
2023-04-27,3050,3290,3030,3225,850191,0.04707792207792205
2023-04-28,3230,3255,3085,3160,375833,-0.020155038759689936
2023-05-02,3260,3715,3260,3690,6044386,0.16772151898734178
2023-05-03,3685,3860,3530,3860,2467349,0.046070460704606964
2023-05-04,3765,4000,3680,3720,1730588,-0.03626943005181349
2023-05-08,3830,4680,3700,4215,6696224,0.13306451612903225
2023-05-09,4100,4355,3960,4220,2176261,0.0011862396204034287
2023-05-10,4105,4245,4105,4175,452318,-0.010663507109004766
2023-05-11,4240,4340,4240,4340,529114,0.03952095808383227
2023-05-12,4370,4605,4110,4110,884528,-0.05299539170506917
2023-05-15,4080,4315,3965,4000,1461885,-0.02676399026763987
2023-05-16,3970,3970,3720,3815,1726861,-0.04625000000000001
2023-05-17,3770,4065,3730,3965,1201657,0.03931847968545221
2023-05-18,4040,4100,3920,4005,775730,0.010088272383354413
2023-05-19,4085,4150,3780,3830,952574,-0.043695380774032455
2023-05-22,3795,3890,3745,3760,486428,-0.018276762402088753
2023-05-23,3760,3950,3715,3770,360139,0.0026595744680850686
2023-05-24,3765,3825,3640,3680,526774,-0.023872679045092826
2023-05-25,3655,3665,3530,3600,586865,-0.021739130434782594
2023-05-26,3600,3620,3470,3550,620670,-0.01388888888888884
2023-05-30,3600,3605,3500,3565,353393,0.004225352112676051
2023-05-31,3600,3655,3560,3610,233237,0.012622720897615736
2023-06-01,3610,3675,3575,3575,343372,-0.00969529085872578
2023-06-02,3620,3665,3540,3635,313116,0.016783216783216703
2023-06-05,3660,3730,3630,3730,289033,0.026134800550206227
2023-06-07,3730,3760,3550,3580,483354,-0.04021447721179627
2023-06-08,3530,3640,3510,3585,193670,0.0013966480446927498
2023-06-09,3585,3625,3525,3575,234006,-0.002789400278940035
2023-06-12,3560,3605,3540,3585,125639,0.002797202797202747
2023-06-13,3585,3685,3575,3620,213396,0.009762900976290068
2023-06-14,3650,3650,3425,3480,258484,-0.03867403314917128
2023-06-15,3450,3530,3335,3445,257077,-0.010057471264367845
2023-06-16,3485,3485,3400,3455,159593,0.002902757619738683
2023-06-19,3455,3550,3415,3535,170236,0.02315484804630974
2023-06-20,3535,3545,3435,3530,322236,-0.0014144271570014633
2023-06-21,3530,3720,3510,3645,587246,0.03257790368271962
2023-06-22,3615,3625,3485,3500,308655,-0.03978052126200271
2023-06-23,3470,3510,3400,3455,257371,-0.0128571428571429
2023-06-26,3405,3660,3400,3625,450498,0.04920405209840806
2023-06-27,3625,3675,3580,3645,188039,0.0055172413793103114
2023-06-28,3655,3750,3605,3695,335317,0.013717421124828544
2023-06-29,3685,3695,3500,3525,267999,-0.046008119079837595
2023-06-30,3510,3755,3510,3730,787581,0.0581560283687943
2023-07-03,3730,3830,3660,3745,494622,0.004021447721179516
2023-07-04,3755,3910,3690,3860,564976,0.030707610146862407
2023-07-05,3870,3950,3780,3860,615680,0.0
2023-07-06,4125,4490,3930,4185,6697618,0.08419689119170992
2023-07-07,4170,4190,3910,3945,1032213,-0.05734767025089604
2023-07-10,3945,4200,3900,4060,827512,0.0291508238276299
2023-07-11,4090,4125,3895,3975,496066,-0.020935960591133007
2023-07-12,4000,4140,3940,3985,662507,0.002515723270440251
2023-07-13,4020,4025,3905,3925,252393,-0.01505646173149311
2023-07-14,3910,3940,3745,3915,371606,-0.002547770700636942
2023-07-17,3915,3940,3775,3840,234030,-0.019157088122605415
2023-07-18,3825,3935,3745,3775,264931,-0.01692708333333337
2023-07-19,3800,4125,3725,4050,1148848,0.07284768211920523
2023-07-20,4130,4335,4015,4185,1680183,0.03333333333333344
2023-07-21,4140,4550,4075,4550,2071646,0.08721624850657106
2023-07-24,5030,5500,4800,5070,9870005,0.11428571428571432
2023-07-25,5070,5270,4890,4980,2817913,-0.017751479289940808
2023-07-26,5000,5010,4600,4695,1716273,-0.05722891566265065
2023-07-27,4695,4865,4410,4520,1106189,-0.03727369542066028
2023-07-28,4500,4780,4455,4775,1170731,0.05641592920353977
2023-07-31,4915,5810,4775,5810,6984662,0.2167539267015708
2023-08-01,6110,6690,5760,6050,6879787,0.04130808950086062
2023-08-02,6050,6330,5670,5790,2068291,-0.04297520661157028
2023-08-03,5670,5710,5300,5310,1606123,-0.08290155440414504
2023-08-04,5420,5580,5230,5300,1230752,-0.0018832391713747842
2023-08-07,5150,5230,4800,4830,1442715,-0.08867924528301885
2023-08-08,4815,4910,4640,4750,746620,-0.0165631469979296
2023-08-09,4720,4760,4595,4710,511725,-0.008421052631578996
2023-08-10,4660,4670,4530,4565,649877,-0.030785562632696384
2023-08-11,4565,4785,4550,4625,617283,0.013143483023001057
2023-08-14,4550,5100,4395,4765,2783031,0.030270270270270183
2023-08-16,4700,4700,4285,4350,1084716,-0.08709338929695698
2023-08-17,4360,4480,4250,4480,593634,0.029885057471264354
2023-08-18,4375,4550,4370,4545,242135,0.014508928571428603
2023-08-21,4455,4580,4395,4400,243877,-0.03190319031903188
2023-08-22,4410,4535,4405,4470,203273,0.015909090909090873
2023-08-23,4475,4725,4395,4715,527536,0.05480984340044737
2023-08-24,4675,4775,4615,4695,282068,-0.0042417815482502785
2023-08-25,4690,4690,4415,4480,389087,-0.04579339723109688
2023-08-28,4490,4795,4465,4790,533789,0.0691964285714286
2023-08-29,4780,5050,4720,4915,669276,0.02609603340292277
2023-08-30,5010,5030,4845,4875,312653,-0.008138351983723258
2023-08-31,4875,5040,4855,4950,335556,0.01538461538461533
2023-09-01,4890,4930,4650,4715,303386,-0.04747474747474745
2023-09-04,4715,4775,4570,4685,146518,-0.006362672322375418
2023-09-05,4680,4685,4520,4630,325602,-0.011739594450373536
2023-09-06,4590,4750,4585,4650,191748,0.004319654427645814
2023-09-07,4655,4950,4600,4950,372352,0.06451612903225801
2023-09-08,4915,4930,4675,4725,484651,-0.045454545454545414
2023-09-11,4705,4725,4615,4645,191450,-0.016931216931216908
2023-09-12,4665,5920,4665,5550,9896232,0.19483315392895584
2023-09-13,5750,6500,5680,5930,9817402,0.06846846846846844
2023-09-14,5830,7060,5710,6350,15614676,0.07082630691399672
2023-09-15,6370,7250,6330,6900,8206449,0.08661417322834652
2023-09-18,6870,6970,6310,6470,2216820,-0.062318840579710155
2023-09-19,6430,7480,6400,7050,9719106,0.08964451313755806
2023-09-20,6970,7310,6750,6950,2045492,-0.014184397163120588
2023-09-21,6880,7100,6610,6720,987499,-0.03309352517985609
2023-09-22,6580,6650,6370,6500,664002,-0.03273809523809523
2023-09-25,6420,6630,6220,6290,645750,-0.03230769230769226
2023-09-26,6160,6380,6070,6200,577195,-0.014308426073131986
2023-09-27,6100,6700,6100,6370,801188,0.02741935483870961
2023-10-04,6240,6460,5980,6140,513869,-0.03610675039246469
2023-10-05,6200,6350,5870,5970,287624,-0.027687296416938123
2023-10-06,5900,6370,5900,6260,279952,0.048576214405360085
2023-10-10,6270,6320,6000,6100,344555,-0.025559105431309903
2023-10-11,6100,6560,6100,6370,567522,0.04426229508196711
2023-10-12,6350,6520,6260,6480,317315,0.017268445839874413
2023-10-13,6570,7200,6290,7080,1065740,0.09259259259259256
2023-10-16,7200,7210,6650,6800,731750,-0.039548022598870025
2023-10-17,6820,6970,6500,6760,453493,-0.00588235294117645
2023-10-18,6970,8350,6870,8160,10173610,0.20710059171597628
2023-10-19,7910,8160,7510,7860,2046005,-0.03676470588235292
2023-10-20,7650,7690,6950,7350,1502180,-0.06488549618320616
2023-10-23,7340,7350,6770,7120,1028243,-0.03129251700680269
2023-10-24,7130,8020,7130,7700,4167349,0.0814606741573034
2023-10-25,7800,7860,7350,7510,1026121,-0.024675324675324628
2023-10-26,7200,7650,7100,7480,1060843,-0.003994673768308976
2023-10-27,7490,8830,7430,8480,7292896,0.1336898395721926
2023-10-30,8480,8660,7900,8200,1603604,-0.03301886792452835
2023-10-31,8180,9420,8170,8900,4380117,0.08536585365853666
2023-11-01,9020,9090,8740,8910,913810,0.0011235955056179137
2023-11-02,8910,9320,8720,8920,984955,0.001122334455667895
2023-11-03,8820,9030,8430,8750,980872,-0.01905829596412556
2023-11-06,8650,8820,8310,8580,895797,-0.01942857142857146
2023-11-07,8580,9150,8450,8750,1096290,0.019813519813519864
2023-11-08,8790,9200,8520,8590,932498,-0.01828571428571424
2023-11-09,8470,8920,8210,8560,629223,-0.0034924330616996624
2023-11-10,8470,8810,8420,8620,490877,0.007009345794392496
2023-11-13,8550,8710,8160,8190,541586,-0.04988399071925753
2023-11-14,8190,8950,6110,6700,10931081,-0.18192918192918195
2023-11-15,6900,7150,6730,6910,3157561,0.03134328358208949
