Date,Open,High,Low,Close,Volume,Change
2022-01-03,94800,98000,94800,96300,73725,0.015822784810126667
2022-01-04,96500,97600,94300,96300,54718,0.0
2022-01-05,96200,96200,94100,95200,34148,-0.011422637590861928
2022-01-06,94600,96400,93700,94700,48973,-0.005252100840336116
2022-01-07,95200,98700,94800,98500,125157,0.040126715945089764
2022-01-10,99000,99500,96600,96600,60941,-0.019289340101522834
2022-01-11,96700,97700,94000,94100,54644,-0.025879917184264967
2022-01-12,95200,95900,93900,95000,37513,0.009564293304994642
2022-01-13,95800,95800,92000,92700,76953,-0.02421052631578946
2022-01-14,93000,93700,91400,92100,33604,-0.006472491909385147
2022-01-17,92300,95000,91600,93800,42184,0.018458197611292082
2022-01-18,94100,94400,91200,91200,45122,-0.02771855010660984
2022-01-19,89900,92300,89900,92300,30308,0.012061403508771829
2022-01-20,92300,92400,89300,91300,71160,-0.010834236186348822
2022-01-21,91200,91200,87500,88100,94039,-0.035049288061336226
2022-01-24,88000,90800,86900,88700,88149,0.006810442678774065
2022-01-25,88700,89100,85000,87000,418670,-0.01916572717023679
2022-01-26,86100,88000,86000,86000,36914,-0.011494252873563204
2022-01-27,85600,86000,81700,81700,57832,-0.050000000000000044
2022-01-28,81700,85200,81500,84800,59406,0.0379436964504285
2022-02-03,86400,92300,86400,90000,114609,0.061320754716981174
2022-02-04,89500,91300,88700,91300,58660,0.014444444444444482
2022-02-07,91300,93900,89200,90800,66333,-0.005476451259583737
2022-02-08,90200,93000,90200,91300,69383,0.005506607929515406
2022-02-09,94500,98400,94200,98000,230877,0.07338444687842283
2022-02-10,97100,98600,95800,96700,89363,-0.013265306122449028
2022-02-11,95500,96800,93700,95000,71432,-0.0175801447776629
2022-02-14,92600,94500,91500,91600,68051,-0.03578947368421048
2022-02-15,92400,92400,88300,89700,79070,-0.020742358078602585
2022-02-16,90600,92300,90100,91000,60373,0.01449275362318847
2022-02-17,90700,93000,90000,92100,47614,0.012087912087912045
2022-02-18,92100,92300,90400,91400,27665,-0.007600434310532034
2022-02-21,91300,91300,89200,90600,31070,-0.008752735229759279
2022-02-22,89800,90200,87700,88400,49722,-0.02428256070640178
2022-02-23,88800,89700,88400,89000,20477,0.006787330316742057
2022-02-24,89500,89900,86300,88300,36954,-0.00786516853932584
2022-02-25,88200,88900,85000,87000,86367,-0.014722536806342057
2022-02-28,86500,88900,86200,87700,34158,0.008045977011494232
2022-03-02,87700,90500,87100,88700,51747,0.011402508551881407
2022-03-03,90200,90200,88500,89000,20332,0.0033821871476888976
2022-03-04,88500,89200,86500,87100,34388,-0.02134831460674158
2022-03-07,85800,86200,81500,82500,126293,-0.05281285878300801
2022-03-08,81500,82500,80400,82000,57445,-0.0060606060606061
2022-03-10,84400,84400,82000,83000,34955,0.012195121951219523
2022-03-11,83700,86500,82300,86300,56322,0.03975903614457832
2022-03-14,87200,87200,84300,85200,36933,-0.01274623406720743
2022-03-15,85800,87600,84600,86400,44043,0.014084507042253502
2022-03-16,87000,88000,85600,87700,29875,0.01504629629629628
2022-03-17,89300,90600,87700,89500,70322,0.020524515393386622
2022-03-18,89500,93000,89000,92300,63985,0.031284916201117285
2022-03-21,93300,93300,90300,90500,26884,-0.01950162513542797
2022-03-22,90300,91400,89200,90800,25153,0.0033149171270718814
2022-03-23,90000,91400,89000,89600,27591,-0.013215859030836996
2022-03-24,89600,95300,88300,95000,120964,0.060267857142857206
2022-03-25,95000,95500,93500,94000,31950,-0.010526315789473717
2022-03-28,93300,94500,91500,92800,35919,-0.012765957446808529
2022-03-29,92300,93800,91800,92300,20214,-0.0053879310344827624
2022-03-30,93100,95300,91700,94500,41123,0.02383531960996743
2022-03-31,94000,94400,92000,93200,46645,-0.013756613756613745
2022-04-01,93700,98500,93200,98000,189283,0.05150214592274671
2022-04-04,100000,104500,99700,101000,341403,0.030612244897959107
2022-04-05,100500,106500,99800,104000,265975,0.02970297029702973
2022-04-06,104000,106500,101500,102000,151499,-0.019230769230769273
2022-04-07,103000,106500,102500,105500,172542,0.03431372549019618
2022-04-08,105500,109000,103000,107500,175069,0.018957345971563955
2022-04-11,105500,107000,101000,104000,214689,-0.032558139534883734
2022-04-12,103000,107000,101500,104000,99633,0.0
2022-04-13,104000,106000,102000,104500,79962,0.004807692307692291
2022-04-14,104000,105000,102000,105000,102401,0.004784688995215225
2022-04-15,104500,104500,101500,102500,73395,-0.023809523809523836
2022-04-18,102000,105000,100000,102500,116304,0.0
2022-04-19,102500,107500,102000,107500,134707,0.04878048780487809
2022-04-20,108000,110500,105000,108500,202579,0.009302325581395321
2022-04-21,109000,109500,105000,105500,76557,-0.027649769585253448
2022-04-22,105000,108000,103000,106500,111913,0.009478672985782088
2022-04-25,104500,107000,101000,102000,152075,-0.04225352112676062
2022-04-26,103500,104500,102000,103500,89056,0.014705882352941124
2022-04-27,101000,104500,101000,104000,94499,0.004830917874396157
2022-04-28,104000,104500,99800,101000,69583,-0.028846153846153855
2022-04-29,100500,101000,97200,98300,115614,-0.026732673267326756
2022-05-02,96700,99200,96500,98200,62234,-0.0010172939979654627
2022-05-03,98800,99800,95900,96200,78553,-0.020366598778004064
2022-05-04,96000,96300,94200,95300,87154,-0.009355509355509328
2022-05-06,94900,94900,92800,94600,58517,-0.007345225603357819
2022-05-09,93800,94600,88800,89000,134535,-0.059196617336152224
2022-05-10,86800,90000,85600,88800,115541,-0.0022471910112359383
2022-05-11,87900,96200,87900,94500,209988,0.06418918918918926
2022-05-12,93300,94900,90500,91000,83224,-0.03703703703703709
2022-05-13,91600,94700,91600,94500,57129,0.03846153846153855
2022-05-16,94000,97300,93800,96400,66974,0.020105820105820182
2022-05-17,97700,97800,90200,92500,151140,-0.04045643153526968
2022-05-18,92700,92700,90200,91200,63533,-0.014054054054054022
2022-05-19,88900,90200,88200,88900,111237,-0.025219298245614086
2022-05-20,88400,91300,88400,90700,47942,0.020247469066366763
2022-05-23,92500,93600,92100,93200,65725,0.027563395810363822
2022-05-24,93200,94500,89900,90600,80099,-0.027896995708154515
2022-05-25,89800,90700,85900,89900,126407,-0.007726269315673329
2022-05-26,89700,93000,89700,91900,55518,0.022246941045606317
2022-05-27,92000,93000,91300,92000,27075,0.0010881392818280489
2022-05-30,92400,93800,90700,91000,39490,-0.010869565217391353
2022-05-31,91500,93300,90900,92500,54003,0.016483516483516425
2022-06-02,94700,97100,94700,95400,81139,0.03135135135135125
2022-06-03,96100,98200,95400,96200,62036,0.008385744234800763
2022-06-07,96000,96000,92200,93500,40558,-0.028066528066528096
2022-06-08,93100,94900,92400,94100,24034,0.0064171122994651775
2022-06-09,94100,94100,92400,92800,22120,-0.01381509032943673
2022-06-10,92200,95200,91900,94900,60855,0.022629310344827624
2022-06-13,92800,92800,90200,91500,94296,-0.035827186512118026
2022-06-14,90000,91300,89000,91200,43812,-0.003278688524590123
2022-06-15,90800,92100,88300,89500,39647,-0.018640350877192957
2022-06-16,93300,95700,92600,94200,139682,0.052513966480446816
2022-06-17,93900,99500,92500,98800,147589,0.04883227176220806
2022-06-20,99000,101500,97100,98500,111934,-0.0030364372469635637
2022-06-21,99500,100500,93800,98400,148953,-0.0010152284263958977
2022-06-22,99500,102500,97700,98700,149150,0.0030487804878047697
2022-06-23,97200,101500,97000,97600,101204,-0.011144883485309065
2022-06-24,98400,101500,95900,101000,67608,0.0348360655737705
2022-06-27,101000,103500,99100,103000,52807,0.01980198019801982
2022-06-28,102000,104500,100000,104500,64435,0.014563106796116498
2022-06-29,103500,103500,101000,103500,56687,-0.009569377990430672
2022-06-30,102000,103000,99100,101500,67526,-0.019323671497584516
2022-07-01,100500,107000,100500,104000,97195,0.024630541871921263
2022-07-04,105000,107500,102500,104000,85279,0.0
2022-07-05,104000,107500,102500,105500,81863,0.014423076923076872
2022-07-06,107000,109000,105500,107500,109028,0.018957345971563955
2022-07-07,107000,108000,104500,105500,59300,-0.018604651162790753
2022-07-08,104500,105000,101000,102500,125502,-0.028436018957345932
2022-07-11,101500,105000,100000,103500,86304,0.009756097560975618
2022-07-12,103000,104500,101000,102000,59914,-0.01449275362318836
2022-07-13,102500,108000,102000,105500,115068,0.03431372549019618
2022-07-14,105000,107500,104000,106000,72947,0.004739336492890933
2022-07-15,106000,106500,102500,105000,58111,-0.009433962264150941
2022-07-18,106000,106500,104000,105500,33487,0.004761904761904745
2022-07-19,105000,106500,104000,105000,34716,-0.004739336492891044
2022-07-20,105500,106500,101500,102000,80055,-0.02857142857142858
2022-07-21,102000,103000,100000,102000,48518,0.0
2022-07-22,101500,104000,101500,102500,39833,0.004901960784313708
2022-07-25,102000,106000,102000,105500,40484,0.029268292682926855
2022-07-26,106000,106000,103000,104000,29643,-0.014218009478673022
2022-07-27,103500,105000,103000,103500,19358,-0.004807692307692291
2022-07-28,104000,105000,101000,102500,46368,-0.009661835748792313
2022-07-29,101500,103000,101000,103000,54206,0.004878048780487809
2022-08-01,104000,105000,102000,103000,77750,0.0
2022-08-02,103000,106000,102500,105000,59429,0.01941747572815533
2022-08-03,105000,110000,104000,108500,148528,0.03333333333333344
2022-08-04,108500,109500,106000,107000,54377,-0.01382488479262678
2022-08-05,107000,108000,105000,106000,40067,-0.009345794392523366
2022-08-08,106500,114000,105500,114000,152770,0.07547169811320753
2022-08-09,114000,119000,112000,115500,170106,0.013157894736842035
2022-08-10,116000,116000,112000,112500,74165,-0.025974025974025983
2022-08-11,113000,114000,109500,112000,72440,-0.004444444444444473
2022-08-12,111000,111500,107000,108000,122594,-0.0357142857142857
2022-08-16,115000,120000,114000,115500,326907,0.06944444444444442
2022-08-17,115000,120500,112500,116000,166881,0.0043290043290042934
2022-08-18,116500,117000,113500,114500,66441,-0.012931034482758674
2022-08-19,115000,116000,113500,115500,81671,0.008733624454148492
2022-08-22,115500,117000,112500,113500,55105,-0.017316017316017285
2022-08-23,113000,113000,110000,111500,78297,-0.017621145374449365
2022-08-24,114000,120000,113500,117500,155617,0.053811659192825045
2022-08-25,117000,117000,111000,114500,122968,-0.025531914893617058
2022-08-26,115000,117000,113000,114000,47873,-0.004366812227074246
2022-08-29,110500,113000,109000,111500,83271,-0.021929824561403466
2022-08-30,111500,112500,110000,110500,39468,-0.008968609865470878
2022-08-31,110500,113000,108500,111500,45513,0.009049773755656076
2022-09-01,111000,113500,109500,111500,46678,0.0
2022-09-02,113000,116000,112500,113500,73918,0.017937219730941756
2022-09-05,113000,115000,111500,112000,30028,-0.013215859030836996
2022-09-06,113000,113500,110500,112000,38016,0.0
2022-09-07,112000,115000,110500,112500,58657,0.0044642857142858094
2022-09-08,112000,113500,109500,109500,43831,-0.026666666666666616
2022-09-13,110000,111000,108000,109500,45548,0.0
2022-09-14,107000,110500,107000,110000,34913,0.004566210045662045
2022-09-15,110000,110500,105500,107000,90649,-0.027272727272727226
2022-09-16,107000,111500,106000,110500,81882,0.032710280373831724
2022-09-19,111500,112000,108500,109000,45243,-0.013574660633484115
2022-09-20,109000,110500,108000,109000,26682,0.0
2022-09-21,109000,112500,109000,109500,49566,0.004587155963302836
2022-09-22,109000,117500,108500,113000,98107,0.03196347031963476
2022-09-23,113500,115500,111000,113000,74697,0.0
2022-09-26,111500,113000,105500,107000,112267,-0.053097345132743334
2022-09-27,107000,115000,107000,114500,110718,0.07009345794392519
2022-09-28,113500,115500,109000,111000,87711,-0.03056768558951961
2022-09-29,112500,112500,107500,109000,66530,-0.018018018018018056
2022-09-30,108000,108500,104000,106000,85294,-0.02752293577981646
2022-10-04,107000,109500,106000,109000,48460,0.028301886792452935
2022-10-05,109500,110000,106000,107000,42617,-0.01834862385321101
2022-10-06,107000,109000,105500,107000,36629,0.0
2022-10-07,106500,107500,105000,106000,38054,-0.009345794392523366
2022-10-11,104500,108000,101500,107500,56186,0.014150943396226356
2022-10-12,107500,107500,103000,104500,28136,-0.027906976744186074
2022-10-13,104500,106000,99800,100000,63527,-0.0430622009569378
2022-10-14,101500,106500,99100,105000,79292,0.050000000000000044
2022-10-17,104000,109000,103500,108500,93541,0.03333333333333344
2022-10-18,108000,109000,106000,108000,35775,-0.004608294930875556
2022-10-19,107500,108500,104000,104500,46863,-0.03240740740740744
2022-10-20,105000,106500,102500,106500,58388,0.019138755980861344
2022-10-21,105500,114000,105000,108500,160432,0.018779342723004744
2022-10-24,109000,113000,106000,109000,90256,0.004608294930875667
2022-10-25,109500,111000,108500,111000,56248,0.0183486238532109
2022-10-26,111500,114000,110000,110500,52286,-0.0045045045045044585
2022-10-27,111000,112000,108500,110500,51379,0.0
2022-10-28,109500,112000,109500,110500,29496,0.0
2022-10-31,110500,111500,109500,111000,20208,0.004524886877828038
2022-11-01,110500,112000,108500,109500,47088,-0.013513513513513487
2022-11-02,109500,114000,109000,112500,70889,0.027397260273972712
2022-11-03,111500,115500,111000,113500,49854,0.008888888888888946
2022-11-04,114000,118000,113500,117000,82749,0.03083700440528636
2022-11-07,117500,118500,111500,112500,69531,-0.038461538461538436
2022-11-08,112500,113000,109000,110000,119953,-0.022222222222222254
2022-11-09,110500,111000,106500,109000,130351,-0.009090909090909038
2022-11-10,108000,110500,108000,109000,63325,0.0
2022-11-11,110000,111000,107000,107500,103717,-0.013761467889908285
2022-11-14,108000,109500,106000,108500,92298,0.009302325581395321
2022-11-15,106500,107000,101500,102500,254348,-0.055299539170506895
2022-11-16,103000,106000,100500,105500,145204,0.029268292682926855
2022-11-17,105500,105500,102000,102500,70827,-0.028436018957345932
2022-11-18,103000,105500,102000,104000,98172,0.014634146341463428
2022-11-21,105000,108500,104500,107500,114999,0.033653846153846256
2022-11-22,107500,109500,107000,109000,57158,0.013953488372093092
2022-11-23,108000,109000,107500,108500,28967,-0.004587155963302725
2022-11-24,107500,110000,107500,109500,40531,0.009216589861751112
2022-11-25,109500,109500,108000,108500,19248,-0.0091324200913242
2022-11-28,108500,109000,107000,108500,23697,0.0
2022-11-29,108000,109000,107500,108000,27712,-0.004608294930875556
2022-11-30,108500,112000,108500,111500,58017,0.03240740740740744
2022-12-01,112500,112500,110000,112000,42746,0.004484304932735439
2022-12-02,112000,113500,111000,112500,36881,0.0044642857142858094
2022-12-05,112500,114500,111000,113000,34204,0.004444444444444473
2022-12-06,113000,114500,111500,113500,38338,0.004424778761061843
2022-12-07,113500,114500,112000,113500,38749,0.0
2022-12-08,113500,114500,112500,113500,31866,0.0
2022-12-09,113000,117500,112500,116500,51079,0.026431718061673992
2022-12-12,117500,118500,116500,117500,37465,0.008583690987124415
2022-12-13,117500,120000,116000,119500,49351,0.017021276595744705
2022-12-14,119000,120000,116000,118500,59521,-0.008368200836820106
2022-12-15,118500,119500,117000,119500,33884,0.00843881856540074
2022-12-16,118500,118500,115500,117000,47212,-0.02092050209205021
2022-12-19,117000,120000,115500,119000,63500,0.017094017094017033
2022-12-20,118500,123500,117000,123000,83634,0.03361344537815136
2022-12-21,123000,130500,123000,128500,206469,0.04471544715447151
2022-12-22,128500,132000,127000,129000,111084,0.0038910505836575737
2022-12-23,127500,128500,124000,124500,95323,-0.03488372093023251
2022-12-26,124500,125000,123000,124000,36208,-0.004016064257028162
2022-12-27,124000,127000,123500,126000,61295,0.016129032258064502
2022-12-28,126000,132500,125500,129000,124019,0.023809523809523725
2022-12-29,128000,130000,126000,127000,46522,-0.015503875968992276
2023-01-02,127000,127500,122000,123500,40995,-0.027559055118110187
2023-01-03,123000,124000,119500,123500,52834,0.0
2023-01-04,122500,122500,116000,117500,119322,-0.04858299595141702
2023-01-05,117500,118500,115000,116000,64977,-0.012765957446808529
2023-01-06,115500,118500,114500,115500,62125,-0.004310344827586188
2023-01-09,115500,118500,113500,118500,60960,0.025974025974025983
2023-01-10,118000,118500,116000,116500,30827,-0.016877637130801704
2023-01-11,117500,118500,115500,118000,69711,0.012875536480686733
2023-01-12,118500,121500,117500,121000,56227,0.025423728813559254
2023-01-13,121000,121000,116500,117500,78422,-0.02892561983471076
2023-01-16,117500,121500,117000,120500,51202,0.025531914893617058
2023-01-17,120000,121000,117000,117500,55718,-0.024896265560165998
2023-01-18,118000,120500,117000,120000,55977,0.02127659574468077
2023-01-19,119500,125000,118500,125000,69378,0.04166666666666674
2023-01-20,124000,125500,120000,120500,64138,-0.03600000000000003
2023-01-25,121500,123000,120500,122500,35257,0.016597510373443924
2023-01-26,123700,123700,119300,119900,55403,-0.0212244897959184
2023-01-27,120000,121400,118900,119500,44841,-0.0033361134278565574
2023-01-30,119500,120500,118800,120200,34850,0.0058577405857740406
2023-01-31,120000,123000,119500,122900,52891,0.022462562396006636
2023-02-01,122500,122900,119200,120400,70348,-0.020341741253051215
2023-02-02,120400,121600,118600,119600,32135,-0.006644518272425293
2023-02-03,119600,122000,118600,120800,43354,0.010033444816053505
2023-02-06,120100,121300,119300,119600,21877,-0.009933774834437137
2023-02-07,119600,119800,117000,118400,32529,-0.010033444816053505
2023-02-08,118400,119900,117600,118700,37597,0.0025337837837837718
2023-02-09,119300,119900,118000,118300,34474,-0.0033698399326032025
2023-02-10,118200,122000,116700,120600,60421,0.019442096365173356
2023-02-13,120600,129400,120600,129000,133616,0.06965174129353224
2023-02-14,129900,131400,127800,128500,65180,-0.003875968992248069
2023-02-15,123500,127300,120700,125300,216101,-0.024902723735408583
2023-02-16,124600,125200,122200,122500,58802,-0.022346368715083775
2023-02-17,122600,123600,121500,123200,29375,0.005714285714285783
2023-02-20,123200,124500,121200,121600,26563,-0.012987012987012991
2023-02-21,123100,125600,122700,124600,44823,0.024671052631578982
2023-02-22,123100,123900,121000,121400,43052,-0.025682182985553803
2023-02-23,121500,122000,119900,121600,41938,0.0016474464579900872
2023-02-24,122000,124500,120000,121000,34243,-0.004934210526315819
2023-02-27,120300,121900,118800,121700,42644,0.005785123966942196
2023-02-28,121700,122200,119300,119300,33473,-0.019720624486442073
2023-03-02,121400,124300,121300,123900,65739,0.038558256496227905
2023-03-03,123900,124300,122200,123600,17471,-0.002421307506053294
2023-03-06,123200,123500,120500,120600,43207,-0.024271844660194164
2023-03-07,121400,125600,120900,123000,56132,0.01990049751243772
2023-03-08,123100,123300,121500,122100,26982,-0.007317073170731714
2023-03-09,123000,125000,122200,122800,31727,0.005733005733005836
2023-03-10,122100,124400,122000,122000,25678,-0.006514657980456029
2023-03-13,122000,122300,117700,121700,60602,-0.0024590163934425924
2023-03-14,122800,122800,114400,114500,67935,-0.05916187345932622
2023-03-15,116900,117100,113400,116700,56634,0.019213973799126594
2023-03-16,115600,116600,113100,115000,43550,-0.014567266495287057
2023-03-17,116200,118000,113500,113500,99647,-0.013043478260869601
2023-03-20,114000,114700,112000,113800,38706,0.002643171806167466
2023-03-21,114200,120900,114200,119600,64849,0.05096660808435849
2023-03-22,119900,120200,116900,117000,38702,-0.021739130434782594
2023-03-23,117100,117900,113600,114200,61511,-0.023931623931623958
2023-03-24,115100,115800,113100,113800,57624,-0.003502626970227629
2023-03-27,113900,116500,113000,115300,30847,0.013181019332161759
2023-03-28,115000,118200,115000,117800,29859,0.021682567215958404
2023-03-29,118000,118900,116200,118500,37172,0.005942275042444711
2023-03-30,118500,118500,115800,116400,25066,-0.017721518987341756
2023-03-31,116300,122200,115800,119200,57016,0.02405498281786933
2023-04-03,119500,120800,118300,120000,25497,0.006711409395973256
2023-04-04,120300,123000,119000,122600,23104,0.021666666666666723
2023-04-05,122900,125600,122100,123800,33769,0.00978792822185981
2023-04-06,123800,126100,121700,124100,24224,0.0024232633279483995
2023-04-07,126000,126000,120600,121200,35797,-0.023368251410153085
2023-04-10,121200,122400,119000,121600,27839,0.0033003300330032292
2023-04-11,122500,125500,120800,124800,41439,0.026315789473684292
2023-04-12,124800,125700,121100,121100,86564,-0.029647435897435903
2023-04-13,121200,122700,120100,121500,69326,0.003303055326176807
2023-04-14,121500,123600,120900,120900,79820,-0.004938271604938316
2023-04-17,120900,120900,117700,117800,63539,-0.02564102564102566
2023-04-18,117800,118500,116700,118100,31653,0.002546689303905003
2023-04-19,118400,121000,117400,119400,67060,0.01100762066045724
2023-04-20,119800,120300,117500,118700,35509,-0.005862646566164198
2023-04-21,119000,119000,116300,117600,47789,-0.009267059814658807
2023-04-24,117600,119800,117200,119100,34350,0.012755102040816313
2023-04-25,118500,118700,117200,117600,37239,-0.012594458438287104
2023-04-26,116600,123900,116500,121500,74891,0.03316326530612246
2023-04-27,121500,123300,117000,117000,65570,-0.03703703703703709
2023-04-28,117500,117900,115600,116400,42922,-0.00512820512820511
2023-05-02,116400,121700,116400,120400,49598,0.03436426116838498
2023-05-03,120200,127600,119400,124000,127618,0.029900332225913706
2023-05-04,123100,127800,120100,120500,90297,-0.028225806451612878
2023-05-08,120500,120900,117800,118500,46130,-0.016597510373444035
2023-05-09,118500,119900,116800,117400,41001,-0.009282700421940904
2023-05-10,118000,118500,116100,116600,41344,-0.006814310051107331
2023-05-11,116700,117200,114600,114600,59159,-0.01715265866209259
2023-05-12,115000,115000,112700,113700,40320,-0.007853403141361293
2023-05-15,113600,114700,111900,114500,38431,0.0070360598065084545
2023-05-16,113100,115200,110100,112500,124623,-0.017467248908296984
2023-05-17,112500,112600,109600,111600,76256,-0.008000000000000007
2023-05-18,111600,112300,108300,108700,87665,-0.025985663082437327
2023-05-19,108700,109400,107600,108000,52311,-0.0064397424103035394
2023-05-22,108900,109200,107600,108000,43395,0.0
2023-05-23,108700,108700,106500,108200,70190,0.0018518518518517713
2023-05-24,108700,112200,107900,108800,97039,0.005545286506469571
2023-05-25,108800,108800,105700,106600,86290,-0.020220588235294157
2023-05-26,106600,107300,105500,106800,39066,0.0018761726078799779
2023-05-30,106800,107500,104900,105200,51433,-0.014981273408239737
2023-05-31,106000,108800,105800,108100,75293,0.027566539923954414
2023-06-01,108600,117300,107400,115700,192457,0.07030527289546717
2023-06-02,115800,118000,114000,116000,90469,0.0025929127052721768
2023-06-05,115800,119500,115000,118800,68723,0.024137931034482696
2023-06-07,119200,121400,118400,119000,73170,0.0016835016835017313
2023-06-08,118300,123200,118300,121000,116614,0.01680672268907557
2023-06-09,122200,122300,119200,120100,41367,-0.007438016528925617
2023-06-12,120100,120900,118700,120200,36837,0.0008326394671107629
2023-06-13,119300,120700,117700,118700,51331,-0.012479201331114798
2023-06-14,118000,118500,115600,117300,57108,-0.011794439764111209
2023-06-15,117300,117300,114100,115500,56964,-0.01534526854219953
2023-06-16,115500,116100,113600,114300,40954,-0.010389610389610393
2023-06-19,106900,111000,103400,105400,346955,-0.07786526684164474
2023-06-20,107000,109300,106200,107600,126151,0.020872865275142205
2023-06-21,108700,109500,106800,107200,62329,-0.0037174721189591198
2023-06-22,107200,107800,105500,107400,41909,0.001865671641791078
2023-06-23,108300,108300,105800,106500,46794,-0.008379888268156388
2023-06-26,106500,106800,104200,104900,56073,-0.015023474178403773
2023-06-27,105100,112000,103100,110000,134484,0.04861773117254531
2023-06-28,110000,110000,106500,106900,69834,-0.028181818181818197
2023-06-29,105600,106900,103800,103800,72432,-0.028999064546304965
2023-06-30,104700,108000,103400,107000,64707,0.030828516377649384
2023-07-03,118200,120700,115500,116000,309859,0.08411214953271018
2023-07-04,115400,115700,112700,114500,77161,-0.012931034482758674
2023-07-05,114300,126400,114200,123500,232760,0.0786026200873362
2023-07-06,123500,125100,120400,121200,86136,-0.018623481781376516
2023-07-07,120000,123700,119700,121700,59907,0.004125412541254203
2023-07-10,122600,123400,120000,120400,57348,-0.010682004930156141
2023-07-11,121000,123400,120700,121900,67437,0.012458471760797396
2023-07-12,122500,122800,120700,121800,31469,-0.0008203445447088065
2023-07-13,121000,122300,118000,119200,69423,-0.021346469622331665
2023-07-14,119300,120800,118500,119400,51834,0.001677852348993314
2023-07-17,120100,121600,117500,118000,47933,-0.011725293132328285
2023-07-18,116800,119000,116000,116800,33816,-0.01016949152542368
2023-07-19,116800,119100,114800,118500,38401,0.014554794520547976
2023-07-20,118000,118800,114700,116300,71222,-0.018565400843881807
2023-07-21,116300,120600,115600,118700,55642,0.020636285468615734
2023-07-24,118700,118700,116300,116600,26038,-0.017691659646166813
2023-07-25,117000,119400,114100,118000,72304,0.012006861063464935
2023-07-26,118000,118000,113400,114700,85296,-0.027966101694915202
2023-07-27,116200,117600,114700,116000,63930,0.011333914559721103
2023-07-28,115200,117400,114900,117200,32354,0.010344827586206806
2023-07-31,117200,121000,116500,121000,43772,0.03242320819112621
2023-08-01,121000,121000,116500,117400,52493,-0.02975206611570247
2023-08-02,116900,120200,114300,115200,41764,-0.01873935264054516
2023-08-03,115200,115800,112200,115800,44036,0.005208333333333259
2023-08-04,115100,120400,114800,118300,61807,0.021588946459412783
2023-08-07,116600,124500,116100,123600,90245,0.04480135249366013
2023-08-08,124100,125400,121500,122600,39347,-0.008090614886731351
2023-08-09,124200,127700,121100,125500,75269,0.023654159869494373
2023-08-10,124300,129000,123100,125500,100079,0.0
2023-08-11,124300,136100,124300,136100,226174,0.08446215139442237
2023-08-14,161400,176900,159100,176900,856206,0.29977957384276266
2023-08-16,179200,184000,167800,176000,534626,-0.005087620124364034
2023-08-17,174500,178600,168000,173500,170288,-0.014204545454545414
2023-08-18,170400,185500,169000,181400,247388,0.04553314121037455
2023-08-21,180000,180000,171500,178300,137522,-0.017089305402425592
2023-08-22,178300,186300,176800,181000,100996,0.015143017386427315
2023-08-23,182000,190600,181100,186400,166640,0.029834254143646488
2023-08-24,183900,188000,178800,182500,90659,-0.02092274678111583
2023-08-25,182500,193000,181000,189000,128520,0.03561643835616435
2023-08-28,191000,195000,183900,187800,75734,-0.006349206349206327
2023-08-29,187900,194400,185500,188500,102112,0.0037273695420660946
2023-08-30,189000,191700,184100,189900,72085,0.007427055702917684
2023-08-31,188600,195500,188300,194400,72609,0.023696682464454888
2023-09-01,194200,207000,188900,191300,147587,-0.015946502057613166
2023-09-04,191300,197400,190000,192600,88425,0.006795608991113422
2023-09-05,194100,203500,193500,201000,109073,0.04361370716510904
2023-09-06,205000,205000,188400,191500,148497,-0.04726368159203975
2023-09-07,191500,196700,187500,192200,105811,0.0036553524804177062
2023-09-08,195000,195000,185100,187200,87853,-0.026014568158168605
2023-09-11,187800,193000,185900,188800,116795,0.008547008547008517
2023-09-12,190000,199700,188800,190000,112003,0.006355932203389925
2023-09-13,190000,190600,183700,184800,90101,-0.027368421052631597
2023-09-14,186000,192400,185400,190500,64900,0.030844155844155896
2023-09-15,192400,192800,187100,190700,58406,0.0010498687664042272
2023-09-18,189600,191200,187300,188500,42278,-0.011536444677503921
2023-09-19,189800,196600,188600,190800,60224,0.01220159151193645
2023-09-20,190900,191300,186200,188900,30366,-0.009958071278825975
2023-09-21,187500,190300,185800,187700,42583,-0.0063525674960296374
2023-09-22,184600,190200,184000,189800,27454,0.011188066062866264
2023-09-25,188800,192900,184600,191000,48649,0.006322444678608985
2023-09-26,190900,204000,190500,195200,116107,0.02198952879581162
2023-09-27,193200,207500,190700,202000,89218,0.0348360655737705
2023-10-04,199800,205000,195700,200000,94230,-0.00990099009900991
2023-10-05,199400,200500,193700,196400,52067,-0.018000000000000016
2023-10-06,197000,210000,196400,203500,79898,0.03615071283095728
2023-10-10,203500,214000,192600,194400,104459,-0.044717444717444765
2023-10-11,195000,198000,190600,193400,54660,-0.005144032921810648
2023-10-12,194000,194200,187400,192100,77275,-0.006721820062047579
2023-10-13,190300,195600,190300,193900,40231,0.00937011972930768
2023-10-16,195000,197000,191800,194200,38546,0.0015471892728209369
2023-10-17,196500,196500,192300,193400,32496,-0.004119464469618972
2023-10-18,192300,195200,189000,190900,52414,-0.01292657704239919
2023-10-19,190000,198100,188000,191700,67866,0.004190675746464034
2023-10-20,191600,192000,183900,186000,50615,-0.029733959311424085
2023-10-23,187400,192100,186000,187900,28440,0.010215053763440896
2023-10-24,190700,191400,183200,186200,45076,-0.009047365620010628
2023-10-25,187400,194900,186500,190900,59904,0.025241675617615478
2023-10-26,189800,192300,184200,187500,63149,-0.01781037192247248
2023-10-27,188000,189600,182000,182500,54982,-0.026666666666666616
2023-10-30,183800,185800,182000,184600,40796,0.011506849315068512
2023-10-31,186000,189200,182900,183400,45102,-0.00650054171180936
2023-11-01,183500,191600,182600,189800,75431,0.034896401308615044
2023-11-02,190100,195700,189000,194500,57070,0.02476290832455219
2023-11-03,195000,196000,191100,194200,38201,-0.0015424164524421302
2023-11-06,194200,200000,190000,198800,59328,0.023686920700308978
2023-11-07,195500,205500,195500,202000,53189,0.016096579476861272
2023-11-08,204000,208000,201000,204500,49087,0.012376237623762387
2023-11-09,205000,217000,204500,212500,100699,0.03911980440097795
2023-11-10,215500,216000,205500,211000,44644,-0.007058823529411784
2023-11-13,215000,218000,205500,210000,63186,-0.004739336492891044
2023-11-14,207500,220000,205500,210000,118546,0.0
2023-11-15,210000,211500,194000,199600,215349,-0.049523809523809526
2023-11-16,200500,204000,196600,197600,71120,-0.01002004008016033
2023-11-17,198200,199900,192900,193200,59735,-0.022267206477732837
2023-11-20,193200,196500,189400,195000,40922,0.009316770186335477
2023-11-21,196900,197400,194200,194900,32813,-0.0005128205128205332
2023-11-22,195300,204000,194700,201500,76241,0.03386351975371982
2023-11-23,202500,216000,199700,215000,106017,0.06699751861042191
2023-11-24,216500,221000,210500,216500,57816,0.006976744186046435
2023-11-27,216500,222500,211000,217500,46621,0.004618937644341736
2023-11-28,219500,227500,217000,218500,65324,0.0045977011494253706
2023-11-29,217500,218500,212000,216500,45094,-0.009153318077803174
2023-11-30,216000,218000,210500,211500,48358,-0.023094688221709014
2023-12-01,212000,222000,208500,215500,58554,0.01891252955082745
2023-12-04,215000,215500,208000,211500,45142,-0.018561484918793503
2023-12-05,211500,215000,208500,209000,34418,-0.011820330969267157
2023-12-06,211000,216000,208500,214000,40896,0.02392344497607657
2023-12-07,214500,214500,204500,208000,49766,-0.028037383177570097
2023-12-08,210000,210000,201000,203500,55315,-0.02163461538461542
2023-12-11,205000,213500,203000,210500,58280,0.03439803439803435
2023-12-12,212000,220000,208000,211500,64202,0.004750593824228044
2023-12-13,215000,219500,210000,215500,52256,0.01891252955082745
2023-12-14,219000,219000,210000,216500,63782,0.004640371229698292
2023-12-15,216000,217500,211000,211000,58816,-0.025404157043879882
2023-12-18,213500,221000,211000,219000,57114,0.03791469194312791
2023-12-19,220000,233500,219500,226500,78286,0.03424657534246567
2023-12-20,225500,227000,221000,224500,33433,-0.008830022075055233
2023-12-21,225000,225000,218500,223500,49948,-0.0044543429844098315
2023-12-22,223500,223500,216000,219000,48848,-0.020134228187919434
2023-12-26,220500,221000,215500,219500,35878,0.0022831050228311334
2023-12-27,220000,222500,216500,218000,29762,-0.006833712984054663
2023-12-28,220000,220000,216000,216000,32301,-0.00917431192660545
2024-01-02,221000,239500,220500,234500,236800,0.08564814814814814
2024-01-03,233000,233000,213500,217500,157348,-0.07249466950959493
2024-01-04,217000,222500,215500,220000,72555,0.011494252873563315
2024-01-05,218500,220000,209500,210500,122857,-0.04318181818181821
2024-01-08,212000,219000,211000,213500,79303,0.014251781472684133
2024-01-09,214000,217500,208000,215000,86674,0.007025761124121788
2024-01-10,215000,220000,212500,215000,53653,0.0
2024-01-11,214500,215000,208500,211000,62178,-0.018604651162790753
2024-01-12,212500,212500,207500,209500,34035,-0.007109004739336511
2024-01-15,208500,211000,205000,205000,45261,-0.021479713603818618
2024-01-16,204500,208000,202000,203000,36721,-0.009756097560975618
2024-01-17,203000,204500,196500,199700,55644,-0.01625615763546795
2024-01-18,197000,199500,193700,195800,90344,-0.019529293940911407
2024-01-19,196100,199200,192600,193800,53712,-0.010214504596527063
2024-01-22,193800,199200,190300,197900,71673,0.02115583075335392
2024-01-23,198000,199500,193000,194000,41457,-0.01970692268822638
2024-01-24,194000,194900,192200,194000,28142,0.0
2024-01-25,194900,194900,192000,193000,31556,-0.005154639175257714
2024-01-26,192700,194500,191200,192000,27245,-0.005181347150259086
2024-01-29,192000,193300,185300,187100,72260,-0.025520833333333326
2024-01-30,187200,188700,182300,183000,69984,-0.021913415285943372
2024-01-31,182100,185700,180500,183900,60236,0.004918032786885185
2024-02-01,184000,184000,169400,173400,236240,-0.057096247960848334
2024-02-02,174300,183000,174200,180900,109250,0.04325259515570945
2024-02-05,182200,182500,178800,179500,61326,-0.007739082365948002
2024-02-06,179100,179800,176100,177500,37594,-0.011142061281337101
2024-02-07,178800,179000,176000,177000,42106,-0.0028169014084507005
2024-02-08,177000,178100,170600,177700,39544,0.00395480225988698
2024-02-13,178200,178500,174400,176400,43681,-0.007315700619020871
2024-02-14,174900,174900,171600,172000,46129,-0.024943310657596363
2024-02-15,173700,179000,172400,177400,69569,0.0313953488372094
2024-02-16,178200,185500,175400,183800,111266,0.036076662908681056
2024-02-19,183800,190400,183200,183400,47403,-0.0021762785636560977
2024-02-20,184100,187400,180200,180200,43375,-0.017448200654307522
2024-02-21,181800,188000,177200,186700,74083,0.03607103218645946
2024-02-22,186700,188900,183200,185700,70491,-0.005356186395286566
2024-02-23,186000,187500,182000,186000,40516,0.001615508885298933
2024-02-26,187900,187900,181400,183000,36828,-0.016129032258064502
2024-02-27,183000,184000,178400,178500,39633,-0.024590163934426257
2024-02-28,178700,179000,175100,175500,38696,-0.01680672268907568
2024-02-29,175000,177200,169600,170900,72333,-0.026210826210826266
2024-03-04,177000,194300,177000,191000,194547,0.11761263897015795
2024-03-05,189400,192900,185500,190200,56312,-0.004188481675392652
2024-03-06,190900,196400,189800,190900,60481,0.003680336487907443
2024-03-07,193100,197900,193100,195000,76571,0.021477213200628675
2024-03-08,197500,203000,193900,200000,60457,0.02564102564102555
2024-03-11,201000,201000,191600,191700,46312,-0.04149999999999998
2024-03-12,192000,192400,188600,190500,30962,-0.006259780907668211
2024-03-13,192000,193300,186000,186800,50921,-0.01942257217847765
2024-03-14,185900,188400,184700,184900,43313,-0.010171306209850073
2024-03-15,186000,196300,185200,195300,72640,0.05624661979448353
2024-03-18,195300,199800,192200,197300,46179,0.01024065540194563
2024-03-19,196700,198100,190900,191200,39716,-0.03091738469336036
2024-03-20,192800,192800,188400,190200,37451,-0.005230125523012608
2024-03-21,191000,192500,186400,188800,70154,-0.007360672975814886
2024-03-22,189000,196800,189000,193000,66562,0.022245762711864403
2024-03-25,193500,212500,192300,206500,133456,0.06994818652849744
2024-03-26,206500,212500,202500,206000,53124,-0.002421307506053294
2024-03-27,204000,206500,201000,203000,48375,-0.014563106796116498
2024-03-28,205000,215000,202500,212000,105375,0.044334975369458185
2024-03-29,213000,215500,207500,210500,49874,-0.007075471698113178
2024-04-01,212000,222000,210000,218000,83788,0.03562945368171011
2024-04-02,216500,221500,214000,215500,52899,-0.011467889908256867
2024-04-03,214500,219000,212000,218000,53109,0.011600928074245953
2024-04-04,218000,225000,217000,219500,64147,0.006880733944954143
2024-04-05,216000,221000,215000,217000,24395,-0.011389521640091105
2024-04-08,217000,223500,215500,216500,40095,-0.0023041474654378336
2024-04-09,218000,224000,215000,222500,41051,0.02771362586605086
2024-04-11,220500,237000,213000,233000,124874,0.04719101123595504
2024-04-12,233000,250500,232500,240000,126160,0.030042918454935563
2024-04-15,238500,248000,231500,242500,81581,0.01041666666666674
2024-04-16,242500,259000,240500,246000,123649,0.014432989690721598
2024-04-17,253000,266000,251500,260500,132348,0.05894308943089421
2024-04-18,267500,273000,258500,268500,130174,0.030710172744721653
2024-04-19,269500,277000,265000,271000,86459,0.009310986964618184
2024-04-22,274500,293000,272000,293000,162023,0.08118081180811809
2024-04-23,294000,296500,271000,283500,165295,-0.03242320819112632
2024-04-24,282000,294000,276500,290000,80257,0.022927689594356204
2024-04-25,289000,295500,280500,287000,73547,-0.010344827586206917
2024-04-26,287500,288500,280000,287000,59641,0.0
2024-04-29,285000,300500,284500,300500,83738,0.04703832752613235
2024-04-30,300000,303500,292500,295500,71519,-0.016638935108153063
2024-05-02,299500,310500,297500,302500,71900,0.02368866328257191
2024-05-03,302000,308500,298500,303000,49300,0.0016528925619834212
2024-05-07,304000,315500,299500,305500,65343,0.008250825082508184
2024-05-08,312000,312000,295500,301000,63509,-0.014729950900163713
2024-05-09,300000,314000,298000,310000,67142,0.029900332225913706
2024-05-10,310000,333000,310000,325500,105083,0.050000000000000044
2024-05-13,331500,353000,324000,329000,143339,0.010752688172043001
2024-05-14,334500,343500,322000,335500,75011,0.019756838905775176
2024-05-16,340000,348500,337000,343500,62744,0.023845007451564815
2024-05-17,446500,446500,446500,446500,88024,0.29985443959243097
2024-05-20,487500,579000,487500,502000,676388,0.1243001119820828
2024-05-21,507000,537000,487500,497500,302892,-0.008964143426294813
2024-05-22,493500,527000,492000,495000,192817,-0.005025125628140725
2024-05-23,491500,503000,481000,488500,138604,-0.013131313131313105
2024-05-24,486000,517000,478500,501000,190653,0.025588536335721557
2024-05-27,505000,545000,492000,520000,204200,0.03792415169660668
2024-05-28,525000,566000,519000,539000,179025,0.03653846153846163
2024-05-29,535000,552000,528000,538000,106987,-0.0018552875695733162
2024-05-30,537000,538000,515000,528000,93900,-0.018587360594795488
2024-05-31,524000,532000,512000,529000,76712,0.0018939393939394478
2024-06-03,553000,604000,547000,587000,275536,0.10964083175803396
2024-06-04,579000,580000,526000,545000,190939,-0.07155025553662686
2024-06-05,550000,589000,546000,581000,171046,0.06605504587155964
2024-06-07,610000,641000,594000,603000,214014,0.03786574870912229
2024-06-10,611000,639000,599000,619000,153346,0.026533996683250516
2024-06-11,621000,635000,582000,590000,169084,-0.04684975767366717
2024-06-12,600000,610000,585000,607000,107489,0.028813559322034
2024-06-13,594000,625000,589000,612000,159914,0.008237232289950658
2024-06-14,630000,688000,628000,647000,330275,0.05718954248366015
2024-06-17,655000,698000,648000,686000,222956,0.06027820710973719
2024-06-18,700000,712000,671000,712000,188158,0.03790087463556846
2024-06-19,695000,718000,651000,673000,284517,-0.0547752808988764
2024-06-20,678000,692000,635000,644000,207818,-0.043090638930163405
2024-06-21,634000,710000,625000,700000,368809,0.08695652173913038
2024-06-24,710000,712000,662000,670000,155706,-0.042857142857142816
2024-06-25,670000,678000,648000,654000,118599,-0.023880597014925398
2024-06-26,653000,677000,636000,652000,151394,-0.003058103975535187
2024-06-27,651000,672000,645000,662000,119198,0.015337423312883347
2024-06-28,664000,673000,649000,669000,99543,0.010574018126888296
2024-07-01,668000,679000,614000,615000,239222,-0.08071748878923768
2024-07-02,606000,622000,593000,609000,156936,-0.009756097560975618
2024-07-03,614000,622000,590000,605000,149903,-0.006568144499178974
2024-07-04,616000,620000,581000,588000,164589,-0.028099173553719048
2024-07-05,589000,608000,589000,596000,126064,0.013605442176870763
2024-07-08,598000,611000,586000,603000,80921,0.011744966442952975
2024-07-09,609000,629000,603000,614000,131998,0.018242122719734688
2024-07-10,617000,632000,610000,619000,85568,0.008143322475570036
2024-07-11,623000,675000,607000,630000,265442,0.017770597738287597
2024-07-12,620000,629000,591000,593000,160264,-0.058730158730158744
2024-07-15,597000,650000,594000,636000,231011,0.07251264755480613
2024-07-16,636000,647000,617000,620000,114053,-0.02515723270440251
2024-07-17,638000,641000,605000,611000,126579,-0.014516129032258074
2024-07-18,606000,630000,596000,630000,118939,0.03109656301145658
2024-07-19,624000,641000,617000,636000,78443,0.00952380952380949
2024-07-22,644000,656000,617000,634000,97899,-0.0031446540880503138
2024-07-23,636000,668000,629000,659000,148448,0.039432176656151396
2024-07-24,668000,686000,652000,679000,129830,0.030349013657056112
2024-07-25,667000,669000,612000,614000,219871,-0.09572901325478644
2024-07-26,619000,636000,611000,623000,84619,0.014657980456026065
2024-07-29,623000,653000,619000,638000,88097,0.024077046548956593
2024-07-30,637000,644000,621000,623000,55940,-0.023510971786833812
2024-07-31,619000,637000,606000,617000,110568,-0.009630818619582704
2024-08-01,618000,636000,607000,616000,114998,-0.0016207455429497752
2024-08-02,606000,607000,573000,578000,160595,-0.06168831168831168
2024-08-05,545000,568000,486000,528000,223061,-0.08650519031141868
2024-08-06,550000,579000,545000,567000,159402,0.07386363636363646
2024-08-07,568000,594000,561000,590000,125722,0.040564373897707284
2024-08-08,601000,605000,573000,586000,89232,-0.006779661016949157
2024-08-09,591000,608000,583000,599000,97843,0.022184300341296925
2024-08-12,601000,604000,568000,587000,124211,-0.02003338898163609
2024-08-13,585000,600000,562000,567000,121047,-0.03407155025553665
2024-08-14,581000,609000,523000,545000,477464,-0.03880070546737213
2024-08-16,557000,562000,545000,548000,158927,0.005504587155963359
2024-08-19,551000,551000,519000,521000,158899,-0.0492700729927007
2024-08-20,526000,536000,514000,525000,106527,0.007677543186180413
2024-08-21,520000,539000,511000,515000,140255,-0.01904761904761909
2024-08-22,517000,518000,499000,507000,97998,-0.01553398058252431
2024-08-23,502000,503000,492000,500000,92429,-0.013806706114398382
2024-08-26,501000,502000,471500,495000,142282,-0.010000000000000009
2024-08-27,495000,500000,490500,494000,50676,-0.002020202020202033
2024-08-28,491000,504000,484000,486500,68714,-0.015182186234817818
2024-08-29,486500,487000,469500,471500,80822,-0.03083247687564239
2024-08-30,476000,499000,473000,494500,126530,0.04878048780487809
2024-09-02,507000,508000,488500,489000,72470,-0.011122345803842304
2024-09-03,489500,511000,480500,502000,111920,0.026584867075664542
2024-09-04,488000,496500,480000,486000,80220,-0.031872509960159334
2024-09-05,490000,498500,477500,481000,54361,-0.010288065843621408
2024-09-06,481000,484000,458000,470000,70010,-0.022869022869022815
2024-09-09,461500,516000,455500,508000,137250,0.08085106382978724
2024-09-10,511000,533000,508000,510000,99900,0.003937007874015741
2024-09-11,515000,533000,498000,502000,100586,-0.015686274509803977
2024-09-12,508000,517000,500000,510000,81333,0.015936254980079667
2024-09-13,516000,517000,500000,510000,44404,0.0
2024-09-19,514000,525000,504000,517000,61852,0.013725490196078383
2024-09-20,518000,528000,509000,522000,71958,0.009671179883945946
2024-09-23,540000,560000,533000,538000,102161,0.03065134099616862
2024-09-24,546000,550000,531000,535000,63024,-0.005576208178438624
2024-09-25,538000,542000,517000,519000,65619,-0.029906542056074792
2024-09-26,517000,548000,515000,548000,84495,0.05587668593448947
2024-09-27,547000,548000,534000,538000,53720,-0.018248175182481785
2024-09-30,541000,557000,532000,543000,73284,0.009293680297397744
2024-10-02,533000,534000,501000,502000,148391,-0.07550644567219156
2024-10-04,509000,520000,500000,515000,82352,0.02589641434262946
2024-10-07,518000,550000,514000,548000,114204,0.06407766990291264
2024-10-08,543000,546000,524000,524000,67655,-0.04379562043795615
2024-10-10,533000,539000,525000,527000,53054,0.005725190839694694
2024-10-11,529000,555000,525000,545000,77092,0.034155597722960174
2024-10-14,549000,574000,542000,568000,95763,0.04220183486238538
2024-10-15,570000,577000,564000,569000,58301,0.0017605633802817433
2024-10-16,569000,580000,556000,569000,55371,0.0
2024-10-17,569000,569000,552000,557000,43373,-0.02108963093145866
2024-10-18,558000,568000,543000,547000,44443,-0.01795332136445238
2024-10-21,550000,566000,540000,551000,51679,0.007312614259597838
2024-10-22,557000,565000,538000,563000,70826,0.02177858439201441
2024-10-23,560000,565000,538000,544000,68266,-0.03374777975133214
2024-10-24,544000,556000,537000,538000,43017,-0.011029411764705843
2024-10-25,542000,544000,525000,529000,47206,-0.016728624535315983
2024-10-28,534000,534000,516000,522000,39949,-0.013232514177693777
2024-10-29,519000,527000,514000,521000,32803,-0.0019157088122605526
2024-10-30,520000,523000,511000,512000,35504,-0.017274472168905985
2024-10-31,509000,521000,503000,520000,38195,0.015625
2024-11-01,514000,538000,502000,520000,65033,0.0
2024-11-04,525000,598000,518000,589000,192832,0.13269230769230766
2024-11-05,589000,607000,580000,602000,122045,0.022071307300509435
2024-11-06,602000,621000,584000,599000,84910,-0.004983388704318914
2024-11-07,585000,595000,570000,593000,79633,-0.01001669449081799
2024-11-08,592000,601000,573000,584000,53480,-0.015177065767284947
2024-11-11,576000,592000,558000,562000,80880,-0.03767123287671237
2024-11-12,562000,563000,537000,543000,63339,-0.03380782918149461
2024-11-13,540000,564000,539000,542000,66587,-0.0018416206261510082
2024-11-14,543000,552000,510000,529000,124354,-0.023985239852398532
2024-11-15,544000,552000,512000,537000,104270,0.01512287334593565
2024-11-18,535000,558000,521000,544000,60467,0.013035381750465591
2024-11-19,544000,554000,535000,535000,41362,-0.016544117647058876
2024-11-20,534000,541000,529000,535000,26950,0.0
2024-11-21,534000,547000,511000,512000,103031,-0.04299065420560744
2024-11-22,517000,534000,512000,532000,53296,0.0390625
2024-11-25,533000,541000,516000,521000,61910,-0.020676691729323293
2024-11-26,516000,524000,500000,519000,79801,-0.0038387715930902067
2024-11-27,515000,522000,507000,519000,40879,0.0
2024-11-28,519000,528000,517000,523000,30416,0.007707129094412402
2024-11-29,525000,526000,513000,519000,31912,-0.007648183556405397
2024-12-02,530000,559000,528000,552000,121486,0.06358381502890165
2024-12-03,554000,593000,552000,582000,108079,0.05434782608695654
2024-12-04,579000,634000,575000,598000,241461,0.027491408934707806
2024-12-05,601000,618000,586000,613000,73438,0.025083612040133874
2024-12-06,613000,619000,588000,606000,79405,-0.011419249592169667
2024-12-09,593000,605000,585000,598000,56559,-0.01320132013201325
2024-12-10,599000,678000,598000,669000,166700,0.11872909698996659
2024-12-11,665000,700000,661000,683000,106447,0.020926756352765308
2024-12-12,680000,696000,676000,681000,77121,-0.002928257686676372
2024-12-13,682000,692000,665000,687000,67570,0.008810572687224738
2024-12-16,707000,737000,691000,729000,128425,0.06113537117903922
2024-12-17,734000,756000,709000,736000,140722,0.009602194787379892
2024-12-18,726000,730000,686000,707000,119314,-0.03940217391304346
2024-12-19,717000,785000,711000,750000,199702,0.06082036775106081
2024-12-20,754000,775000,729000,748000,105274,-0.002666666666666706
2024-12-23,745000,766000,730000,759000,67294,0.014705882352941124
2024-12-24,762000,785000,756000,783000,99739,0.031620553359683834
2024-12-26,794000,800000,755000,765000,117039,-0.02298850574712641
2024-12-27,759000,783000,751000,759000,94984,-0.007843137254901933
2024-12-30,754000,775000,751000,765000,41797,0.007905138339920903
2025-01-02,765000,775000,733000,739000,81510,-0.033986928104575154
2025-01-03,735000,747000,731000,741000,57829,0.0027063599458727605
2025-01-06,737000,743000,717000,734000,66758,-0.009446693657219951
2025-01-07,732000,747000,726000,732000,55341,-0.0027247956403270157
2025-01-08,728000,739000,710000,711000,69308,-0.02868852459016391
2025-01-09,720000,754000,718000,740000,129070,0.04078762306610417
2025-01-10,744000,759000,729000,750000,56009,0.013513513513513598
2025-01-13,750000,768000,746000,761000,55304,0.014666666666666606
2025-01-14,761000,771000,750000,762000,39391,0.0013140604467805073
2025-01-15,758000,773000,746000,755000,47475,-0.009186351706036766
2025-01-16,760000,780000,754000,770000,63453,0.019867549668874274
2025-01-17,775000,798000,762000,762000,68482,-0.010389610389610393
2025-01-20,768000,791000,736000,737000,98946,-0.03280839895013121
2025-01-21,748000,761000,717000,725000,87598,-0.016282225237449155
2025-01-22,728000,730000,713000,719000,62134,-0.008275862068965467
2025-01-23,723000,728000,686000,698000,91236,-0.029207232267037586
2025-01-24,698000,716000,697000,710000,60465,0.017191977077363862
2025-01-31,718000,718000,681000,684000,68996,-0.036619718309859106
2025-02-03,678000,716000,667000,708000,87408,0.03508771929824572
2025-02-04,708000,713000,695000,699000,51971,-0.012711864406779627
2025-02-05,703000,720000,698000,704000,48074,0.007153075822603716
2025-02-06,748000,828000,735000,809000,384687,0.1491477272727273
2025-02-07,811000,817000,790000,810000,74438,0.0012360939431397266
2025-02-10,812000,813000,790000,798000,57486,-0.014814814814814836
2025-02-11,791000,818000,785000,815000,75994,0.02130325814536338
2025-02-12,818000,837000,804000,823000,61945,0.009815950920245342
2025-02-13,830000,847000,797000,803000,91377,-0.024301336573511523
2025-02-14,803000,882000,803000,872000,113641,0.08592777085927761
2025-02-17,880000,920000,876000,886000,101666,0.016055045871559592
2025-02-18,888000,890000,870000,874000,50957,-0.013544018058690765
2025-02-19,885000,900000,872000,886000,48721,0.013729977116704761
2025-02-20,886000,888000,867000,880000,36227,-0.006772009029345383
2025-02-21,880000,919000,870000,906000,72153,0.02954545454545454
2025-02-24,900000,908000,879000,895000,33729,-0.012141280353200834
2025-02-25,892000,894000,863000,879000,56323,-0.01787709497206702
2025-02-26,875000,891000,870000,876000,35620,-0.0034129692832765013
2025-02-27,873000,887000,867000,884000,33779,0.009132420091324311
2025-02-28,870000,881000,848000,860000,53378,-0.02714932126696834
2025-03-04,868000,889000,848000,852000,64460,-0.009302325581395321
2025-03-05,858000,905000,851000,893000,83464,0.0481220657276995
2025-03-06,895000,933000,875000,927000,78207,0.03807390817469214
2025-03-07,935000,940000,894000,906000,63441,-0.02265372168284785
2025-03-10,905000,925000,894000,897000,38094,-0.009933774834437137
2025-03-11,885000,906000,872000,874000,60987,-0.02564102564102566
2025-03-12,876000,890000,865000,880000,48838,0.006864988558352492
2025-03-13,875000,906000,873000,881000,59674,0.001136363636363713
2025-03-14,882000,920000,881000,917000,43648,0.04086265607264483
2025-03-17,919000,927000,889000,926000,57800,0.009814612868048078
2025-03-18,920000,949000,920000,926000,39278,0.0
2025-03-19,931000,958000,918000,921000,75091,-0.005399568034557212
2025-03-20,921000,938000,905000,908000,48742,-0.014115092290988063
2025-03-21,905000,930000,899000,917000,49195,0.009911894273127775
2025-03-24,910000,915000,888000,888000,30522,-0.031624863685932425
2025-03-25,897000,909000,864000,877000,42693,-0.012387387387387427
2025-03-26,881000,887000,854000,872000,37284,-0.005701254275940704
2025-03-27,864000,889000,824000,832000,63945,-0.04587155963302747
2025-03-28,840000,848000,823000,844000,43940,0.014423076923076872
2025-03-31,829000,874000,821000,860000,54540,0.018957345971563955
2025-04-01,869000,886000,817000,847000,75548,-0.015116279069767424
2025-04-02,855000,881000,846000,860000,48674,0.015348288075560879
2025-04-03,832000,854000,818000,843000,56153,-0.019767441860465085
2025-04-04,834000,840000,779000,800000,139724,-0.05100830367734277
2025-04-07,767000,799000,748000,782000,79925,-0.022499999999999964
2025-04-08,806000,817000,785000,804000,45056,0.028132992327365658
2025-04-09,801000,804000,784000,794000,35729,-0.01243781094527363
2025-04-10,855000,881000,843000,880000,81807,0.10831234256926958
2025-04-11,860000,906000,860000,903000,61252,0.026136363636363624
2025-04-14,903000,922000,890000,920000,45104,0.01882613510520481
2025-04-15,922000,932000,910000,923000,39466,0.003260869565217428
2025-04-16,930000,973000,927000,932000,76924,0.009750812567713929
2025-04-17,942000,943000,929000,936000,29324,0.0042918454935623185
2025-04-18,940000,962000,935000,961000,29469,0.026709401709401615
2025-04-21,960000,965000,936000,957000,23602,-0.004162330905306932
2025-04-22,959000,972000,950000,961000,24927,0.004179728317659448
2025-04-23,970000,971000,925000,926000,44985,-0.03642039542143605
2025-04-24,936000,951000,905000,929000,37556,0.003239740820734305
2025-04-25,939000,944000,924000,939000,33816,0.010764262648008671
2025-04-28,936000,957000,936000,949000,23219,0.010649627263045858
2025-04-29,951000,990000,949000,982000,50137,0.03477344573234986
2025-04-30,981000,982000,964000,970000,21719,-0.012219959266802416
2025-05-02,980000,997000,977000,988000,34389,0.01855670103092777
2025-05-07,987000,989000,928000,950000,81191,-0.038461538461538436
2025-05-08,962000,981000,957000,972000,55914,0.023157894736842044
2025-05-09,973000,998000,967000,993000,46099,0.021604938271605034
2025-05-12,1000000,1001000,939000,946000,61706,-0.04733131923464251
2025-05-13,962000,962000,922000,950000,40105,0.0042283298097252064
2025-05-14,953000,1007000,936000,999000,113658,0.051578947368420947
2025-05-15,999000,1010000,982000,991000,46522,-0.00800800800800805
2025-05-16,1121000,1233000,1110000,1180000,241397,0.1907164480322907
2025-05-19,1182000,1198000,1135000,1152000,69277,-0.023728813559321993
2025-05-20,1161000,1169000,1132000,1144000,42026,-0.00694444444444442
2025-05-21,1151000,1170000,1120000,1159000,43599,0.013111888111888126
2025-05-22,1143000,1153000,1117000,1125000,48285,-0.029335634167385716
2025-05-23,1125000,1145000,1122000,1143000,30086,0.016000000000000014
2025-05-26,1131000,1133000,1082000,1116000,64639,-0.023622047244094446
2025-05-27,1110000,1140000,1105000,1129000,31092,0.011648745519713177
2025-05-28,1129000,1142000,1101000,1106000,53763,-0.02037201062887506
2025-05-29,1115000,1124000,1100000,1101000,45325,-0.004520795660036159
2025-05-30,1109000,1137000,1086000,1111000,437404,0.009082652134423164
2025-06-02,1125000,1134000,1077000,1082000,78347,-0.026102610261026116
2025-06-04,1115000,1135000,1100000,1130000,62357,0.0443622920517559
2025-06-05,1126000,1142000,1118000,1133000,41051,0.0026548672566371057
2025-06-09,1195000,1195000,1114000,1140000,52938,0.0061782877316858276
2025-06-10,1135000,1158000,1121000,1157000,46455,0.014912280701754321
2025-06-11,1175000,1230000,1169000,1197000,72318,0.03457216940363006
2025-06-12,1225000,1226000,1176000,1192000,67285,-0.00417710944026739
2025-06-13,1193000,1237000,1169000,1196000,61322,0.003355704697986628
2025-06-16,1219000,1283000,1213000,1279000,72350,0.06939799331103669
2025-06-17,1289000,1301000,1269000,1288000,60495,0.0070367474589523304
2025-06-18,1293000,1305000,1269000,1272000,41093,-0.012422360248447228
2025-06-19,1269000,1282000,1252000,1281000,29185,0.007075471698113178
2025-06-20,1283000,1308000,1272000,1307000,36632,0.020296643247462942
2025-06-23,1300000,1367000,1296000,1328000,55145,0.016067329762815552
2025-06-24,1340000,1352000,1293000,1296000,47627,-0.02409638554216864
2025-06-25,1302000,1320000,1284000,1299000,35706,0.0023148148148148806
2025-06-26,1297000,1319000,1270000,1319000,38862,0.015396458814472602
2025-06-27,1319000,1334000,1305000,1334000,36785,0.011372251705837666
2025-06-30,1339000,1414000,1336000,1395000,70693,0.045727136431784166
2025-07-01,1413000,1423000,1359000,1362000,43034,-0.023655913978494647
2025-07-02,1364000,1388000,1347000,1362000,38113,0.0
2025-07-03,1375000,1389000,1311000,1330000,39858,-0.023494860499265746
2025-07-04,1333000,1333000,1263000,1269000,47514,-0.045864661654135386
2025-07-07,1265000,1342000,1258000,1334000,43961,0.05122143420015757
2025-07-08,1334000,1445000,1333000,1436000,78711,0.07646176911544234
2025-07-09,1455000,1485000,1440000,1479000,42835,0.029944289693593307
2025-07-10,1499000,1502000,1451000,1498000,48749,0.012846517917511902
2025-07-11,1503000,1535000,1453000,1470000,49741,-0.01869158878504673
2025-07-14,1464000,1496000,1450000,1462000,32184,-0.0054421768707483276
2025-07-15,1463000,1494000,1458000,1491000,26496,0.019835841313269542
2025-07-16,1484000,1490000,1472000,1476000,18464,-0.010060362173038184
2025-07-17,1485000,1501000,1467000,1484000,35128,0.005420054200542035
2025-07-18,1479000,1479000,1356000,1402000,110553,-0.055256064690026974
2025-07-21,1400000,1409000,1362000,1393000,46040,-0.006419400855920077
2025-07-22,1402000,1413000,1348000,1351000,66334,-0.03015075376884424
2025-07-23,1360000,1364000,1328000,1345000,44511,-0.004441154700222105
2025-07-24,1362000,1369000,1307000,1323000,54123,-0.01635687732342006
2025-07-25,1316000,1346000,1311000,1338000,34455,0.01133786848072571
2025-07-28,1345000,1351000,1317000,1340000,35826,0.001494768310911887
2025-07-29,1328000,1367000,1325000,1362000,39109,0.016417910447761086
2025-07-30,1371000,1379000,1356000,1362000,32231,0.0
2025-07-31,1363000,1448000,1362000,1442000,77820,0.058737151248164476
2025-08-01,1420000,1449000,1395000,1429000,44074,-0.009015256588072118
2025-08-04,1399000,1408000,1335000,1394000,38762,-0.024492652204338716
2025-08-05,1408000,1436000,1402000,1416000,27113,0.015781922525107683
2025-08-06,1413000,1441000,1401000,1429000,27304,0.00918079096045199
2025-08-07,1426000,1436000,1411000,1435000,24576,0.0041987403778867005
2025-08-08,1427000,1460000,1395000,1455000,38734,0.013937282229965264
2025-08-11,1480000,1524000,1470000,1502000,56855,0.032302405498281894
2025-08-12,1507000,1508000,1445000,1449000,33942,-0.035286284953395475
2025-08-13,1463000,1468000,1387000,1410000,46683,-0.026915113871635588
2025-08-14,1420000,1449000,1368000,1380000,73776,-0.021276595744680882
2025-08-18,1394000,1418000,1370000,1377000,56603,-0.0021739130434782483
2025-08-19,1392000,1412000,1372000,1386000,45152,0.006535947712418277
2025-08-20,1384000,1397000,1337000,1353000,57675,-0.023809523809523836
2025-08-21,1368000,1396000,1351000,1386000,46544,0.024390243902439046
2025-08-22,1395000,1446000,1395000,1438000,44228,0.037518037518037506
2025-08-25,1440000,1445000,1423000,1431000,24009,-0.004867872044506227
2025-08-26,1429000,1505000,1415000,1501000,71888,0.04891684136967145
2025-08-27,1493000,1514000,1480000,1512000,50727,0.007328447701532292
2025-08-28,1511000,1642000,1510000,1597000,101756,0.056216931216931165
2025-08-29,1626000,1626000,1563000,1566000,33383,-0.019411396368190337
2025-09-01,1584000,1590000,1555000,1567000,24970,0.0006385696040869249
2025-09-02,1565000,1569000,1542000,1551000,18349,-0.0102105934907466
2025-09-03,1562000,1580000,1540000,1556000,20556,0.003223726627981982
2025-09-04,1552000,1563000,1540000,1561000,17881,0.0032133676092545027
2025-09-05,1557000,1570000,1541000,1552000,15364,-0.005765534913516945
2025-09-08,1549000,1556000,1538000,1550000,17825,-0.0012886597938144284
2025-09-09,1551000,1558000,1525000,1542000,28137,-0.005161290322580614
2025-09-10,1544000,1583000,1544000,1549000,30127,0.004539559014267169
2025-09-11,1555000,1665000,1542000,1630000,76600,0.05229180116204013
