Date,Open,High,Low,Close,Volume,Change
2022-01-03,4735,5110,4550,5020,1550621,0.06243386243386251
2022-01-04,5020,5100,4680,4990,926309,-0.005976095617529875
2022-01-05,4925,5050,4495,4615,559269,-0.07515030060120242
2022-01-06,4550,4895,4450,4700,384033,0.018418201516793076
2022-01-07,4930,4930,4600,4630,252422,-0.014893617021276562
2022-01-10,4640,4675,3655,4265,433131,-0.0788336933045356
2022-01-11,4230,4415,3885,4395,569003,0.030480656506447934
2022-01-12,4355,4440,3795,3895,1015370,-0.11376564277588164
2022-01-13,3880,3900,3705,3780,188967,-0.029525032092426184
2022-01-14,3785,3855,3690,3730,119686,-0.013227513227513255
2022-01-17,3780,3780,3550,3620,77116,-0.029490616621983934
2022-01-18,3625,3655,3450,3500,109192,-0.03314917127071826
2022-01-19,3400,3545,3400,3435,42651,-0.018571428571428572
2022-01-20,3495,3780,3480,3610,93244,0.0509461426491995
2022-01-21,3570,3705,3570,3625,61470,0.0041551246537396835
2022-01-24,3625,3635,3370,3385,77648,-0.06620689655172418
2022-01-25,3395,3465,3065,3305,123669,-0.02363367799113736
2022-01-26,3250,3410,3250,3365,74230,0.018154311649016597
2022-01-27,3420,3580,3000,3200,137710,-0.04903417533432397
2022-01-28,3200,3505,3200,3445,124966,0.07656250000000009
2022-02-03,3600,3790,3490,3690,378151,0.0711175616835995
2022-02-04,3700,3745,3455,3550,156032,-0.03794037940379402
2022-02-07,3550,3725,3495,3720,106794,0.04788732394366191
2022-02-08,3725,3740,3575,3610,119745,-0.029569892473118253
2022-02-09,3630,3690,3595,3610,35302,0.0
2022-02-10,3610,3650,3590,3630,27715,0.005540166204986097
2022-02-11,3620,3670,3465,3465,43384,-0.045454545454545414
2022-02-14,3440,3440,3230,3275,63076,-0.05483405483405479
2022-02-15,3260,3395,3195,3255,31108,-0.006106870229007688
2022-02-16,3300,3420,3300,3370,44162,0.03533026113671278
2022-02-17,3400,3445,3255,3325,58338,-0.013353115727002929
2022-02-18,3290,3390,3270,3390,38604,0.019548872180451093
2022-02-21,3375,3485,3300,3435,33128,0.01327433628318575
2022-02-22,3435,3550,3295,3300,61752,-0.0393013100436681
2022-02-23,3270,3355,3150,3340,70794,0.0121212121212122
2022-02-24,3285,3320,3025,3140,110122,-0.05988023952095811
2022-02-25,3125,3300,3125,3220,41415,0.02547770700636942
2022-02-28,3265,3285,3210,3270,25815,0.01552795031055898
2022-03-02,3270,3500,3270,3450,78223,0.05504587155963292
2022-03-03,3445,3545,3415,3490,83121,0.011594202898550732
2022-03-04,3490,3495,3340,3340,46202,-0.04297994269340977
2022-03-07,3270,3305,3170,3200,44262,-0.041916167664670656
2022-03-08,3190,3210,3105,3180,31712,-0.006249999999999978
2022-03-10,3170,3280,3155,3195,29846,0.004716981132075526
2022-03-11,3225,3265,3100,3170,32616,-0.007824726134585291
2022-03-14,3180,3180,3055,3110,60813,-0.018927444794952675
2022-03-15,3080,3215,3050,3150,55409,0.012861736334405238
2022-03-16,3270,3270,3100,3150,44414,0.0
2022-03-17,3245,3245,3150,3170,48684,0.006349206349206327
2022-03-18,3270,3270,3170,3235,40887,0.020504731861198833
2022-03-21,3280,3280,3200,3250,34267,0.004636785162287493
2022-03-22,3210,3305,3210,3250,35223,0.0
2022-03-23,3350,3350,3215,3255,39325,0.0015384615384614886
2022-03-24,3300,3300,3175,3220,27092,-0.010752688172043001
2022-03-25,3235,3270,3205,3235,24488,0.004658385093167627
2022-03-28,3285,3300,3210,3285,65069,0.015455950540958163
2022-03-29,3285,3320,3240,3290,57190,0.0015220700152207556
2022-03-30,3295,3320,3205,3265,50811,-0.0075987841945288626
2022-03-31,3295,3295,3220,3240,57647,-0.007656967840735107
2022-04-01,3220,3220,3090,3120,90860,-0.03703703703703709
2022-04-04,3135,3200,3080,3100,76680,-0.0064102564102563875
2022-04-05,3150,3175,3050,3100,150501,0.0
2022-04-06,3105,3130,3055,3095,54910,-0.001612903225806428
2022-04-07,3095,3095,2995,2995,81571,-0.03231017770597733
2022-04-08,2965,3015,2960,2985,54980,-0.0033388981636059967
2022-04-11,2990,2990,2810,2825,119743,-0.05360134003350081
2022-04-12,2830,3445,2830,3170,783060,0.12212389380530975
2022-04-13,3225,3415,3175,3380,292738,0.06624605678233442
2022-04-14,3430,3440,3235,3240,154673,-0.041420118343195256
2022-04-15,3245,3415,3135,3365,180128,0.03858024691358031
2022-04-18,3365,3400,3195,3200,76506,-0.04903417533432397
2022-04-19,3170,3305,3170,3250,46991,0.015625
2022-04-20,3250,3295,3190,3190,45698,-0.018461538461538418
2022-04-21,3190,3270,3140,3205,56824,0.004702194357366851
2022-04-22,3205,3300,3170,3290,56906,0.026521060842433775
2022-04-25,3245,3585,3220,3545,506002,0.07750759878419444
2022-04-26,3545,3830,3500,3735,422056,0.05359661495063461
2022-04-27,3800,3825,3555,3750,246544,0.004016064257028162
2022-04-28,3750,3970,3740,3835,293263,0.022666666666666613
2022-04-29,3835,3945,3740,3810,229074,-0.006518904823989535
2022-05-02,3810,3905,3760,3800,143346,-0.002624671916010457
2022-05-03,3800,3900,3705,3865,144962,0.017105263157894735
2022-05-04,3825,4155,3825,4125,466496,0.06727037516170764
2022-05-06,4125,4580,4015,4540,719666,0.10060606060606059
2022-05-09,4555,4935,4300,4470,726175,-0.01541850220264318
2022-05-10,4470,4470,4040,4325,187718,-0.032438478747203625
2022-05-11,4300,4405,4115,4230,95464,-0.02196531791907519
2022-05-12,4170,4235,3960,4035,90697,-0.046099290780141855
2022-05-13,4035,4555,4005,4470,389648,0.10780669144981414
2022-05-16,4790,4790,3920,3995,391566,-0.10626398210290833
2022-05-17,4035,4435,4035,4230,280725,0.05882352941176472
2022-05-18,4230,4325,3970,4075,138292,-0.03664302600472813
2022-05-19,3900,4155,3720,4025,232600,-0.012269938650306789
2022-05-20,3995,4390,3995,4195,145477,0.04223602484472044
2022-05-23,4330,4330,4020,4050,63981,-0.03456495828367101
2022-05-24,4110,4150,3950,4055,46837,0.0012345679012346622
2022-05-25,4005,4180,3985,4130,72987,0.018495684340320562
2022-05-26,4140,4435,4130,4360,215750,0.0556900726392251
2022-05-27,4370,4650,4180,4245,209189,-0.026376146788990806
2022-05-30,4240,4340,4150,4170,91828,-0.017667844522968212
2022-05-31,4170,4300,4100,4140,36864,-0.007194244604316502
2022-06-02,4135,4240,4110,4160,19912,0.004830917874396157
2022-06-03,4145,4300,4140,4270,49940,0.02644230769230771
2022-06-07,4295,4295,4155,4170,24726,-0.023419203747072626
2022-06-08,4170,4275,4095,4200,51530,0.007194244604316502
2022-06-09,4185,4320,4150,4255,55977,0.013095238095238049
2022-06-10,4370,4620,4260,4290,291883,0.008225616921269108
2022-06-13,4325,4325,3970,4035,140591,-0.05944055944055948
2022-06-14,4040,4145,3920,3995,84826,-0.009913258983890949
2022-06-15,3995,4170,3885,3885,107630,-0.027534418022528206
2022-06-16,4000,4050,3915,4010,61686,0.03217503217503226
2022-06-17,3940,4190,3815,4140,87848,0.032418952618453956
2022-06-20,4280,4280,4000,4050,88586,-0.021739130434782594
2022-06-21,4050,4200,3980,4100,45553,0.012345679012345734
2022-06-22,4200,4200,3960,3965,60126,-0.03292682926829271
2022-06-23,3965,4000,3880,3890,60656,-0.018915510718789386
2022-06-24,4040,4040,3865,3890,63162,0.0
2022-06-27,3965,3975,3820,3865,39416,-0.006426735218509005
2022-06-28,3865,3995,3850,3885,40198,0.005174644243208348
2022-06-29,3885,4160,3885,4145,105370,0.06692406692406694
2022-06-30,4145,4305,3990,4090,104257,-0.013268998793727338
2022-07-01,4055,4085,3910,3910,52435,-0.044009779951100225
2022-07-04,4000,4000,3620,3880,66787,-0.007672634271099765
2022-07-05,3855,4025,3850,3965,49662,0.021907216494845283
2022-07-06,4025,4060,3940,3990,56342,0.006305170239596425
2022-07-07,4000,4040,3960,3995,23866,0.0012531328320801727
2022-07-08,4010,4045,3940,3975,37087,-0.005006257822277815
2022-07-11,3980,4055,3770,3805,104568,-0.04276729559748427
2022-07-12,3805,3900,3655,3710,74262,-0.024967148488830526
2022-07-13,3740,3865,3540,3540,98976,-0.04582210242587603
2022-07-14,3680,3810,3545,3595,74413,0.015536723163841915
2022-07-15,3685,3890,3600,3810,59543,0.05980528511821981
2022-07-18,3895,4080,3845,4050,96232,0.06299212598425208
2022-07-19,4050,4170,3970,4010,70026,-0.00987654320987652
2022-07-20,4010,4205,4010,4125,150901,0.02867830423940143
2022-07-21,4225,4225,4040,4070,58371,-0.013333333333333308
2022-07-22,4095,4110,3900,3940,91731,-0.03194103194103193
2022-07-25,3940,3995,3865,3885,67407,-0.013959390862944177
2022-07-26,3885,3935,3775,3775,53802,-0.028314028314028294
2022-07-27,3750,3820,3700,3750,49273,-0.0066225165562914245
2022-07-28,3755,3770,3600,3640,64350,-0.029333333333333322
2022-07-29,3640,3785,3575,3670,27446,0.008241758241758212
2022-08-01,3680,3785,3630,3720,22443,0.013623978201634968
2022-08-02,3730,3780,3605,3620,33575,-0.026881720430107503
2022-08-03,3620,3630,3570,3575,32912,-0.012430939226519389
2022-08-04,3660,3660,3530,3575,44917,0.0
2022-08-05,3575,3915,3515,3890,94510,0.08811188811188808
2022-08-08,3890,3980,3780,3935,57872,0.011568123393316254
2022-08-09,3865,4000,3815,3890,74979,-0.01143583227445999
2022-08-10,3890,3965,3825,3910,35570,0.005141388174807249
2022-08-11,3910,3950,3880,3930,39002,0.005115089514066584
2022-08-12,3965,4180,3810,3940,191660,0.0025445292620864812
2022-08-16,3940,4010,3900,3970,24943,0.0076142131979695105
2022-08-17,3970,4335,3940,4335,372313,0.09193954659949632
2022-08-18,4345,4415,4210,4335,171348,0.0
2022-08-19,4335,4335,3980,4130,181362,-0.0472895040369089
2022-08-22,3990,4130,3990,4020,41839,-0.0266343825665859
2022-08-23,4000,4185,4000,4015,59960,-0.0012437810945273853
2022-08-24,4020,4150,3980,4050,69067,0.008717310087173136
2022-08-25,4045,4115,3890,3930,136951,-0.029629629629629672
2022-08-26,4420,4900,4325,4615,2247681,0.17430025445292618
2022-08-29,4615,5070,4500,4800,1067889,0.04008667388949072
2022-08-30,4800,5000,4680,4795,606907,-0.0010416666666667185
2022-08-31,4805,5060,4805,4870,538737,0.01564129301355588
2022-09-01,4850,4850,4495,4495,307326,-0.0770020533880903
2022-09-02,4580,5120,4575,5110,1227885,0.1368186874304782
2022-09-05,5250,5380,4750,5000,1280751,-0.021526418786692814
2022-09-06,5000,5000,4800,4800,527248,-0.040000000000000036
2022-09-07,4950,4950,4100,4290,764575,-0.10624999999999996
2022-09-08,4250,4415,4030,4360,243497,0.01631701631701632
2022-09-13,4295,4395,4155,4360,120230,0.0
2022-09-14,4165,4310,4050,4310,54586,-0.011467889908256867
2022-09-15,4310,4440,4215,4350,102532,0.009280742459396807
2022-09-16,4320,4460,4280,4440,103180,0.020689655172413834
2022-09-19,4500,4750,4410,4535,217559,0.021396396396396344
2022-09-20,4535,4650,4400,4480,61968,-0.012127894156560126
2022-09-21,4440,4445,4265,4270,59833,-0.046875
2022-09-22,4180,4530,4090,4425,77691,0.03629976580796246
2022-09-23,4425,4600,4215,4290,99526,-0.03050847457627115
2022-09-26,4290,4295,4060,4100,47481,-0.044289044289044344
2022-09-27,4050,4240,3985,4105,33645,0.0012195121951219523
2022-09-28,4105,4270,4000,4045,36554,-0.01461632155907433
2022-09-29,4045,4250,4045,4105,88828,0.014833127317676054
2022-09-30,4110,4250,4015,4130,38323,0.006090133982947554
2022-10-04,4240,4240,3990,4030,70128,-0.02421307506053272
2022-10-05,4050,4125,3820,3820,97647,-0.052109181141439254
2022-10-06,3825,4000,3790,3820,97636,0.0
2022-10-07,3880,4190,3805,3920,209009,0.02617801047120416
2022-10-11,3920,3920,3345,3600,155216,-0.08163265306122447
2022-10-12,3570,3645,3445,3600,38531,0.0
2022-10-13,3600,3605,3455,3495,27883,-0.029166666666666674
2022-10-14,3645,3645,3480,3535,30140,0.011444921316166035
2022-10-17,3400,3530,3205,3450,47516,-0.0240452616690241
2022-10-18,3500,3570,3285,3460,45265,0.0028985507246377384
2022-10-19,3520,3575,3450,3560,37947,0.028901734104046284
2022-10-20,3640,3680,3565,3605,60724,0.012640449438202195
2022-10-21,3605,3675,3460,3600,35711,-0.001386962552011095
2022-10-24,3690,3690,3450,3575,65599,-0.00694444444444442
2022-10-25,3570,3620,3470,3495,29559,-0.02237762237762242
2022-10-26,3500,3625,3500,3555,47472,0.01716738197424883
2022-10-27,3555,3570,3500,3510,30984,-0.012658227848101222
2022-10-28,3535,3725,3400,3480,102556,-0.008547008547008517
2022-10-31,3620,3620,3410,3475,29775,-0.001436781609195359
2022-11-01,3550,3565,3360,3430,73059,-0.012949640287769792
2022-11-02,3435,3465,3300,3300,58368,-0.03790087463556846
2022-11-03,3300,3420,3300,3395,45605,0.028787878787878807
2022-11-04,3400,3675,3400,3650,85548,0.07511045655375548
2022-11-07,3655,4075,3655,3880,188337,0.06301369863013706
2022-11-08,3875,4050,3850,3905,108507,0.006443298969072142
2022-11-09,3830,3975,3830,3900,40600,-0.001280409731113985
2022-11-10,3865,3905,3765,3870,23784,-0.007692307692307665
2022-11-11,3870,3920,3840,3885,18739,0.003875968992248069
2022-11-14,3830,3990,3780,3890,33107,0.0012870012870012104
2022-11-15,3990,4050,3895,3950,73047,0.015424164524421524
2022-11-16,4000,4000,3830,3890,28846,-0.015189873417721489
2022-11-17,3855,3990,3790,3915,19882,0.006426735218509005
2022-11-18,3915,3935,3815,3900,29943,-0.003831417624521105
2022-11-21,3965,3965,3720,3875,36435,-0.0064102564102563875
2022-11-22,3855,3890,3760,3875,26452,0.0
2022-11-23,3900,3945,3825,3875,16939,0.0
2022-11-24,3870,3975,3790,3865,18757,-0.002580645161290307
2022-11-25,3865,3945,3810,3915,20648,0.012936610608020649
2022-11-28,4000,4000,3825,3865,11654,-0.012771392081736943
2022-11-29,3725,4520,3725,3790,296450,-0.019404915912031084
2022-11-30,3825,3875,3495,3825,53807,0.00923482849604218
2022-12-01,3930,3980,3820,3865,67138,0.010457516339869244
2022-12-02,3865,3985,3790,3855,80730,-0.002587322121604174
2022-12-05,3865,3950,3700,3790,76489,-0.016861219195849597
2022-12-06,3790,3875,3600,3665,22296,-0.03298153034300788
2022-12-07,3590,3625,3500,3605,34877,-0.016371077762619368
2022-12-08,3570,3640,3470,3640,75737,0.009708737864077666
2022-12-09,3640,3905,3550,3840,67416,0.05494505494505497
2022-12-12,3970,3970,3800,3900,28929,0.015625
2022-12-13,3905,3960,3770,3920,42581,0.00512820512820511
2022-12-14,3990,3990,3835,3905,22177,-0.003826530612244916
2022-12-15,3845,3905,3795,3885,21482,-0.005121638924455829
2022-12-16,3770,3880,3760,3865,13864,-0.005148005148005175
2022-12-19,3865,3865,3750,3815,17826,-0.012936610608020649
2022-12-20,3810,3885,3745,3835,31010,0.005242463958060384
2022-12-21,3950,4000,3770,3925,76400,0.02346805736636237
2022-12-22,3925,4080,3925,4070,124307,0.03694267515923566
2022-12-23,4090,4795,4030,4415,1675656,0.08476658476658483
2022-12-26,4460,4820,4380,4435,793538,0.0045300113250283935
2022-12-27,4435,4530,4250,4255,362711,-0.040586245772266105
2022-12-28,4210,4375,3900,4055,235958,-0.047003525264394774
2022-12-29,4055,4055,3700,3765,125414,-0.07151664611590625
2023-01-02,3750,3820,3715,3730,44766,-0.009296148738379806
2023-01-03,3615,3695,3420,3640,75970,-0.024128686327077764
2023-01-04,3585,3650,3505,3645,44380,0.0013736263736263687
2023-01-05,3645,3700,3595,3670,20686,0.006858710562414272
2023-01-06,3635,3745,3610,3710,24579,0.01089918256130784
2023-01-09,3685,3845,3685,3785,48606,0.020215633423180668
2023-01-10,3840,3875,3750,3850,46064,0.017173051519154603
2023-01-11,3895,3895,3820,3850,33675,0.0
2023-01-12,3845,3870,3770,3855,26895,0.0012987012987013546
2023-01-13,3805,3935,3780,3900,36170,0.011673151750972721
2023-01-16,3935,3980,3850,3915,20326,0.0038461538461538325
2023-01-17,3850,3895,3800,3820,30175,-0.024265644955300147
2023-01-18,3760,3975,3760,3975,29331,0.04057591623036649
2023-01-19,3980,4180,3930,4100,55909,0.03144654088050314
2023-01-20,4080,4100,4015,4055,45144,-0.01097560975609757
2023-01-25,4190,4190,4040,4075,30436,0.004932182490752224
2023-01-26,4075,4165,4050,4160,28730,0.020858895705521574
2023-01-27,4180,4180,3980,3980,60825,-0.043269230769230727
2023-01-30,4030,4030,3890,3910,28426,-0.017587939698492483
2023-01-31,3900,4000,3860,3970,28558,0.01534526854219953
2023-02-01,3945,4000,3845,3855,47565,-0.028967254408060472
2023-02-02,3855,3940,3800,3860,78852,0.0012970168612191912
2023-02-03,3930,3930,3780,3840,52512,-0.005181347150259086
2023-02-06,3840,3875,3765,3765,32898,-0.01953125
2023-02-07,3805,4015,3720,3985,158294,0.05843293492695878
2023-02-08,3975,3980,3700,3700,203321,-0.07151819322459219
2023-02-09,3715,3840,3475,3570,226225,-0.03513513513513511
2023-02-10,3515,3575,3505,3570,17880,0.0
2023-02-13,3600,3755,3470,3700,121723,0.036414565826330625
2023-02-14,3800,3800,3560,3625,66974,-0.020270270270270285
2023-02-15,3580,3665,3550,3600,51989,-0.006896551724137945
2023-02-16,3605,3700,3600,3670,70241,0.019444444444444375
2023-02-17,3700,3700,3595,3690,18538,0.005449591280654031
2023-02-20,3730,3840,3530,3655,78011,-0.009485094850948506
2023-02-21,3675,3690,3615,3655,12835,0.0
2023-02-22,3620,3690,3505,3650,28695,-0.001367989056087593
2023-02-23,3630,3650,3495,3525,65124,-0.03424657534246578
2023-02-24,3560,3600,3460,3510,107675,-0.004255319148936176
2023-02-27,3475,3650,3475,3540,88054,0.008547008547008517
2023-02-28,3510,3630,3510,3615,19497,0.021186440677966045
2023-03-02,3655,3705,3585,3690,64212,0.020746887966804906
2023-03-03,3675,3950,3675,3830,148854,0.03794037940379402
2023-03-06,3830,3885,3660,3725,71554,-0.02741514360313313
2023-03-07,3725,3795,3680,3680,51064,-0.012080536912751683
2023-03-08,3705,3990,3650,3880,326158,0.05434782608695654
2023-03-09,3815,3880,3530,3645,255338,-0.06056701030927836
2023-03-10,3570,3650,3540,3595,69442,-0.013717421124828544
2023-03-13,3575,3705,3500,3600,51951,0.0013908205841446364
2023-03-14,3585,3600,3445,3455,47377,-0.040277777777777746
2023-03-15,3460,3595,3420,3430,64278,-0.00723589001447178
2023-03-16,3435,3435,3175,3300,78766,-0.03790087463556846
2023-03-17,3350,3395,3250,3300,55014,0.0
2023-03-20,3300,3420,3270,3370,22034,0.021212121212121238
2023-03-21,3400,3495,3325,3420,43617,0.014836795252225476
2023-03-22,3420,3485,3335,3340,37089,-0.023391812865497075
2023-03-23,3345,3345,2915,3125,289860,-0.06437125748502992
2023-03-24,3195,3360,3055,3305,89956,0.057600000000000096
2023-03-27,3325,3360,3080,3140,55680,-0.04992435703479581
2023-03-28,3005,3285,3005,3140,98963,0.0
2023-03-29,3250,3360,3145,3220,84319,0.02547770700636942
2023-03-30,3190,3440,3135,3355,83838,0.04192546583850931
2023-03-31,3240,3335,3185,3205,82489,-0.04470938897168408
2023-04-03,3180,3180,3050,3130,57211,-0.023400936037441533
2023-04-04,3130,3260,3085,3260,42133,0.04153354632587858
2023-04-05,3260,3450,3200,3345,58413,0.0260736196319018
2023-04-06,3330,3415,3330,3330,29349,-0.004484304932735439
2023-04-07,3270,3310,3175,3265,57955,-0.019519519519519468
2023-04-10,3215,3270,2985,3070,46681,-0.0597243491577335
2023-04-11,3100,3220,3065,3130,44074,0.019543973941368087
2023-04-12,3135,3430,3130,3320,71957,0.060702875399361034
2023-04-13,3265,3340,3170,3295,19585,-0.0075301204819276935
2023-04-14,3400,3400,3260,3320,18287,0.007587253414264028
2023-04-17,3270,3390,3240,3270,21204,-0.015060240963855387
2023-04-18,3270,3270,3100,3190,16248,-0.024464831804281384
2023-04-19,3165,3225,3095,3120,50559,-0.021943573667711602
2023-04-20,3130,3155,3030,3090,33669,-0.009615384615384581
2023-04-21,3065,3120,2950,3085,28455,-0.0016181229773463146
2023-04-24,3085,3160,2925,2925,35542,-0.05186385737439225
2023-04-25,3015,3075,2855,3070,42461,0.04957264957264962
2023-04-26,3080,3100,3015,3090,35816,0.006514657980456029
2023-04-27,3090,3235,3060,3190,31831,0.032362459546925626
2023-04-28,3280,4145,3250,3795,892972,0.18965517241379315
2023-05-02,3735,3875,3400,3840,349397,0.011857707509881354
2023-05-03,4210,4510,3435,3435,1586626,-0.10546875
2023-05-04,3400,3520,3270,3390,140242,-0.013100436681222738
2023-05-08,3390,3460,3280,3330,78716,-0.017699115044247815
2023-05-09,3235,3330,3160,3180,54169,-0.04504504504504503
2023-05-10,3180,3480,3125,3300,133111,0.037735849056603765
2023-05-11,3300,3380,3170,3330,36859,0.009090909090909038
2023-05-12,3330,3565,3280,3510,121022,0.054054054054053946
2023-05-15,3510,4045,3510,3850,652581,0.09686609686609682
2023-05-16,3800,4085,3700,3775,209426,-0.01948051948051943
2023-05-17,3775,4090,3630,4040,308582,0.07019867549668879
2023-05-18,4095,4200,3970,4000,166461,-0.00990099009900991
2023-05-19,4040,4095,3900,4000,217601,0.0
2023-05-22,3975,4035,3910,3940,156100,-0.015000000000000013
2023-05-23,3940,3970,3750,3950,261101,0.002538071065989911
2023-05-24,3905,4115,3850,3950,530785,0.0
2023-05-25,3920,3930,3640,3640,118419,-0.07848101265822782
2023-05-26,3640,3710,3590,3660,49411,0.005494505494505475
2023-05-30,3660,3755,3550,3675,40644,0.004098360655737654
2023-05-31,3635,3785,3600,3635,25019,-0.010884353741496544
2023-06-01,3620,3700,3560,3635,43876,0.0
2023-06-02,3635,3695,3555,3635,16743,0.0
2023-06-05,3595,3720,3580,3655,15524,0.005502063273727709
2023-06-07,3620,3660,3560,3590,21759,-0.017783857729138153
2023-06-08,3580,3580,3380,3425,35972,-0.04596100278551529
2023-06-09,3425,3580,3350,3500,49830,0.021897810218978186
2023-06-12,3500,3530,3400,3475,38022,-0.0071428571428571175
2023-06-13,3480,3485,3350,3400,116021,-0.021582733812949617
2023-06-14,3370,3405,3310,3335,27456,-0.019117647058823573
2023-06-15,3335,3455,3305,3325,29058,-0.0029985007496251548
2023-06-16,3325,3995,3305,3500,221896,0.05263157894736836
2023-06-19,3600,3795,3530,3670,145714,0.04857142857142849
2023-06-20,3800,3945,3650,3790,159691,0.032697547683923744
2023-06-21,3905,3905,3670,3670,41983,-0.0316622691292876
2023-06-22,3500,3510,3350,3385,76074,-0.07765667574931878
2023-06-23,3325,3625,3295,3595,168547,0.0620384047267355
2023-06-26,3600,3950,3600,3745,157094,0.041724617524339314
2023-06-27,3760,3775,3435,3515,99088,-0.061415220293724926
2023-06-28,3475,3535,3390,3450,112069,-0.01849217638691325
2023-06-29,3450,3450,3305,3400,118201,-0.01449275362318836
2023-06-30,3355,3510,3355,3495,26154,0.027941176470588136
2023-07-03,3505,3555,3400,3400,72192,-0.027181688125894166
2023-07-04,3440,3440,3195,3370,150018,-0.008823529411764675
2023-07-05,3370,3455,3340,3375,11468,0.0014836795252226587
2023-07-06,3315,3440,3310,3365,21590,-0.002962962962962945
2023-07-07,3335,3345,3120,3210,172911,-0.04606240713224363
2023-07-10,3210,3335,3140,3310,38759,0.031152647975077885
2023-07-11,3310,3790,3310,3535,408581,0.0679758308157099
2023-07-12,3575,3750,3540,3600,129595,0.018387553041018467
2023-07-13,3585,3695,3585,3620,75708,0.005555555555555536
2023-07-14,3605,3625,3435,3505,55285,-0.03176795580110492
2023-07-17,3500,3500,3340,3385,58941,-0.0342368045649073
2023-07-18,3385,3500,3315,3405,53646,0.005908419497784312
2023-07-19,3410,3510,3345,3480,65533,0.022026431718061623
2023-07-20,3445,3540,3370,3415,51352,-0.01867816091954022
2023-07-21,3425,3445,3300,3315,72075,-0.029282576866764276
2023-07-24,3255,3275,3005,3175,215304,-0.042232277526395134
2023-07-25,3120,3220,3040,3125,52011,-0.015748031496062964
2023-07-26,3170,3170,2895,3125,172320,0.0
2023-07-27,3125,3210,3100,3150,41189,0.008000000000000007
2023-07-28,3115,3140,3060,3120,18276,-0.00952380952380949
2023-07-31,3100,3195,3000,3085,28412,-0.011217948717948678
2023-08-01,3105,3175,3070,3170,58364,0.027552674230145957
2023-08-02,3135,3200,3105,3150,29100,-0.006309148264984188
2023-08-03,3115,3360,3065,3315,112304,0.05238095238095242
2023-08-04,3300,3435,3300,3395,76525,0.02413273001508287
2023-08-07,3380,3400,3200,3375,25622,-0.00589101620029453
2023-08-08,3335,3455,3315,3440,59223,0.01925925925925931
2023-08-09,3405,3440,3305,3360,29776,-0.023255813953488413
2023-08-10,3375,3520,3350,3505,62603,0.04315476190476186
2023-08-11,3480,3540,3350,3460,54986,-0.012838801711840264
2023-08-14,3460,3505,3425,3455,10012,-0.0014450867052022698
2023-08-16,3420,3435,3280,3305,60406,-0.04341534008683068
2023-08-17,3275,3425,3225,3310,37345,0.001512859304084735
2023-08-18,3355,3475,3270,3380,37580,0.02114803625377637
2023-08-21,3270,3400,3270,3345,29359,-0.010355029585798814
2023-08-22,3345,3440,3335,3400,41635,0.01644245142002987
2023-08-23,3415,3670,3415,3540,227305,0.04117647058823537
2023-08-24,3470,3690,3470,3600,86164,0.016949152542372836
2023-08-25,3585,3710,3585,3615,46392,0.004166666666666652
2023-08-28,3600,3665,3500,3620,36152,0.0013831258644536604
2023-08-29,3600,3680,3565,3625,34533,0.0013812154696133394
2023-08-30,3650,3695,3550,3665,63000,0.011034482758620623
2023-08-31,3665,3860,3615,3750,147289,0.023192360163710735
2023-09-01,3750,3930,3735,3915,162516,0.04400000000000004
2023-09-04,3945,3970,3815,3900,115001,-0.003831417624521105
2023-09-05,3810,3880,3675,3690,89005,-0.05384615384615388
2023-09-06,3690,3990,3650,3920,154499,0.06233062330623307
2023-09-07,3870,3925,3765,3915,51702,-0.0012755102040816757
2023-09-08,3870,4450,3350,3700,1327898,-0.054916985951468655
2023-09-11,3700,3880,3660,3820,65363,0.03243243243243232
2023-09-12,3815,3870,3745,3755,35717,-0.017015706806282727
2023-09-13,3720,3845,3605,3750,108207,-0.0013315579227696217
2023-09-14,3750,3845,3605,3625,85458,-0.033333333333333326
2023-09-15,3695,3695,3615,3675,23421,0.01379310344827589
2023-09-18,3685,3690,3500,3500,87530,-0.04761904761904767
2023-09-19,3565,3565,3490,3535,11462,0.010000000000000009
2023-09-20,3535,3670,3520,3630,25605,0.026874115983026803
2023-09-21,3520,3740,3520,3640,36509,0.0027548209366390353
2023-09-22,3565,3905,3555,3870,177606,0.06318681318681318
2023-09-25,3890,4200,3885,4030,396667,0.04134366925064592
2023-09-26,4090,4145,3810,3975,117380,-0.013647642679900707
2023-09-27,3975,4050,3850,3865,77435,-0.02767295597484276
2023-10-04,3865,3865,3710,3710,52511,-0.040103492884864145
2023-10-05,3655,3750,3590,3605,78129,-0.028301886792452824
2023-10-06,3645,3700,3580,3680,33276,0.020804438280166426
2023-10-10,3645,3815,3630,3715,26060,0.009510869565217295
2023-10-11,3725,3855,3710,3795,37237,0.021534320323014722
2023-10-12,3805,3960,3780,3910,48713,0.030303030303030276
2023-10-13,3910,3950,3830,3830,15516,-0.020460358056266004
2023-10-16,3830,3830,3760,3775,32416,-0.01436031331592691
2023-10-17,3710,3875,3710,3770,31313,-0.0013245033112583293
2023-10-18,3750,3790,3655,3745,26702,-0.006631299734747964
2023-10-19,3715,3715,3600,3650,30521,-0.025367156208277675
2023-10-20,3650,3670,3550,3610,35210,-0.010958904109588996
2023-10-23,3520,3670,3505,3665,12376,0.015235457063711877
2023-10-24,3630,3670,3470,3640,19638,-0.006821282401091366
2023-10-25,3630,3675,3535,3600,17633,-0.01098901098901095
2023-10-26,3555,3575,3460,3490,23650,-0.030555555555555558
2023-10-27,3490,3520,3400,3400,11911,-0.025787965616045794
2023-10-30,3400,3510,3395,3505,10792,0.03088235294117636
2023-10-31,3465,3565,3430,3450,16707,-0.015691868758915817
2023-11-01,3460,3560,3460,3480,13209,0.008695652173912993
2023-11-02,3475,3540,3460,3495,41421,0.004310344827586299
2023-11-03,3530,3530,3460,3490,23490,-0.0014306151645206988
2023-11-06,3785,3785,3450,3590,25058,0.02865329512893977
2023-11-07,3605,3640,3545,3615,21910,0.0069637883008355494
2023-11-08,3630,3630,3525,3615,17123,0.0
2023-11-09,3530,3630,3530,3595,23079,-0.0055325034578146415
2023-11-10,3600,3600,3465,3470,38169,-0.03477051460361613
2023-11-13,3495,3650,3435,3455,59754,-0.004322766570605152
2023-11-14,3455,3540,3405,3455,14129,0.0
2023-11-15,3565,3565,3255,3440,22476,-0.00434153400868309
2023-11-16,3440,3490,3405,3470,28351,0.008720930232558155
2023-11-17,3500,3500,3370,3500,49199,0.008645533141210304
2023-11-20,3500,3740,3485,3730,118127,0.06571428571428561
2023-11-21,3735,3905,3715,3880,67720,0.04021447721179627
2023-11-22,3960,3960,3860,3870,28352,-0.002577319587628857
2023-11-23,3870,3965,3715,3940,51872,0.01808785529715773
2023-11-24,3940,3940,3840,3880,25424,-0.015228426395939132
2023-11-27,3975,3975,3800,3820,15963,-0.015463917525773141
2023-11-28,3860,4000,3705,3710,193759,-0.028795811518324554
2023-11-29,3710,3710,3385,3520,135721,-0.05121293800539084
2023-11-30,3520,3645,3510,3565,29140,0.012784090909090828
2023-12-01,3565,3620,3520,3530,13000,-0.009817671809256634
2023-12-04,3595,3610,3500,3575,14133,0.012747875354107707
2023-12-05,3605,3605,3440,3515,44492,-0.016783216783216814
2023-12-06,3515,3515,3450,3450,24929,-0.01849217638691325
2023-12-07,3470,3515,3405,3455,22949,0.0014492753623187582
2023-12-08,3455,3515,3255,3430,57812,-0.00723589001447178
2023-12-11,3430,3460,3200,3315,82677,-0.03352769679300294
2023-12-12,3250,3320,3100,3100,171052,-0.06485671191553544
2023-12-13,3180,3215,3075,3080,87623,-0.006451612903225823
2023-12-14,3105,3160,3080,3120,63001,0.01298701298701288
2023-12-15,3120,3200,3045,3050,64988,-0.022435897435897467
2023-12-18,3060,3100,3010,3070,77250,0.006557377049180246
2023-12-19,3100,3110,2995,3105,84592,0.01140065146579805
2023-12-20,3105,3110,2990,3030,75082,-0.024154589371980673
2023-12-21,3050,3050,2950,2995,40775,-0.011551155115511524
2023-12-22,2995,3010,2945,3000,31694,0.0016694490818029983
2023-12-26,2975,2990,2900,2945,70612,-0.018333333333333313
2023-12-27,2945,2980,2925,2925,30000,-0.006791171477079749
2023-12-28,2915,2970,2880,2915,54814,-0.0034188034188034067
2024-01-02,2920,2970,2880,2925,46048,0.0034305317324185847
2024-01-03,2870,2955,2870,2900,26621,-0.008547008547008517
2024-01-04,2995,2995,2885,2905,27059,0.0017241379310344307
2024-01-05,2855,2940,2855,2910,32982,0.001721170395869276
2024-01-08,2910,3035,2910,2960,30585,0.01718213058419238
2024-01-09,2920,2990,2920,2970,26197,0.0033783783783782884
2024-01-10,2955,3190,2930,3000,137950,0.010101010101010166
2024-01-11,3030,3030,2960,2975,26600,-0.008333333333333304
2024-01-12,3040,3105,2960,3080,59155,0.03529411764705892
2024-01-15,3080,3385,3080,3180,221937,0.032467532467532534
2024-01-16,3205,3280,3165,3195,45661,0.004716981132075526
2024-01-17,3205,3245,3180,3180,54788,-0.0046948356807511304
2024-01-18,3165,3265,3165,3220,19717,0.012578616352201255
2024-01-19,3220,3300,3220,3220,22639,0.0
2024-01-22,3220,3290,3160,3225,42719,0.0015527950310558758
2024-01-23,3220,3295,3130,3240,42144,0.0046511627906977715
2024-01-24,3235,3300,3230,3250,23895,0.0030864197530864335
2024-01-25,3230,3300,3140,3215,84310,-0.010769230769230753
2024-01-26,3215,3255,3145,3235,58014,0.0062208398133747345
2024-01-29,3230,3495,2880,3250,360439,0.004636785162287493
2024-01-30,3255,3340,3200,3250,38060,0.0
2024-01-31,3225,3255,3155,3225,30089,-0.007692307692307665
2024-02-01,3245,3245,3165,3210,11894,-0.0046511627906976605
2024-02-02,3230,3230,3155,3200,27683,-0.0031152647975077885
2024-02-05,3215,3290,3150,3210,71911,0.0031250000000000444
2024-02-06,3205,3225,3140,3205,20950,-0.0015576323987538387
2024-02-07,3185,3210,2995,3185,45776,-0.006240249609984372
2024-02-08,3185,3215,3140,3185,7783,0.0
2024-02-13,3185,3240,3010,3230,50268,0.014128728414442682
2024-02-14,3140,3230,3140,3200,17791,-0.009287925696594423
2024-02-15,3200,3470,3160,3320,77868,0.03750000000000009
2024-02-16,3315,3500,3315,3400,84725,0.024096385542168752
2024-02-19,3400,3400,3290,3390,20264,-0.002941176470588225
2024-02-20,3320,3410,3295,3390,23165,0.0
2024-02-21,3315,3390,3300,3390,25426,0.0
2024-02-22,3400,3415,3310,3375,19290,-0.004424778761061954
2024-02-23,3330,3380,3270,3330,21166,-0.013333333333333308
2024-02-26,3500,3500,3150,3310,82442,-0.006006006006005982
2024-02-27,3310,3310,3155,3245,24290,-0.01963746223564955
2024-02-28,3245,3245,3125,3195,25749,-0.015408320493066285
2024-02-29,3160,3220,3040,3200,51828,0.0015649452269170805
2024-03-04,3165,3180,2850,3075,289327,-0.0390625
2024-03-05,3070,3075,2900,2990,94447,-0.027642276422764178
2024-03-06,2995,3020,2880,2925,71721,-0.021739130434782594
2024-03-07,2900,3000,2830,2980,142031,0.018803418803418737
2024-03-08,2950,3000,2850,3000,79650,0.006711409395973256
2024-03-11,2950,2990,2800,2930,136211,-0.023333333333333317
2024-03-12,2945,3015,2785,2800,64039,-0.04436860068259385
2024-03-13,2900,2925,2790,2910,63349,0.03928571428571437
2024-03-14,2910,2910,2795,2800,50918,-0.037800687285223344
2024-03-15,2835,2855,2555,2760,205526,-0.014285714285714235
2024-03-18,2760,2775,2590,2635,139274,-0.04528985507246375
2024-03-19,2635,3080,2635,3000,294979,0.13851992409867164
2024-03-20,2925,3005,2900,3000,92076,0.0
2024-03-21,2970,3005,2815,2990,94752,-0.0033333333333332993
2024-03-22,2990,3050,2850,3050,249978,0.02006688963210701
2024-03-25,3060,3100,2950,3050,61299,0.0
2024-03-26,3070,3125,2950,3010,25976,-0.013114754098360604
2024-03-27,2960,3040,2935,2975,65649,-0.011627906976744207
2024-03-28,3050,3050,2900,2980,132822,0.001680672268907557
2024-03-29,2980,2980,2915,2950,26578,-0.010067114093959773
2024-04-01,2950,2975,2900,2905,18861,-0.015254237288135575
2024-04-02,2905,2985,2865,2985,28017,0.027538726333907082
2024-04-03,2945,3005,2900,2970,14796,-0.005025125628140725
2024-04-04,2960,2970,2875,2955,14219,-0.005050505050505083
2024-04-05,2920,2950,2735,2920,182799,-0.011844331641285955
2024-04-08,2870,2920,2845,2915,18752,-0.001712328767123239
2024-04-09,2915,2920,2840,2915,12178,0.0
2024-04-11,2755,2900,2755,2890,38596,-0.00857632933104635
2024-04-12,2890,2910,2855,2900,9743,0.0034602076124568004
2024-04-15,2855,2900,2805,2860,19242,-0.01379310344827589
2024-04-16,2860,2900,2795,2845,16103,-0.005244755244755206
2024-04-17,2820,2895,2770,2830,6635,-0.005272407732864637
2024-04-18,2795,2850,2755,2820,20843,-0.0035335689045936647
2024-04-19,2870,2875,2315,2720,387522,-0.03546099290780147
2024-04-22,2730,2785,2695,2695,29810,-0.009191176470588203
2024-04-23,2620,2735,2620,2685,23733,-0.0037105751391465214
2024-04-24,2700,2755,2625,2625,24099,-0.022346368715083775
2024-04-25,2630,2670,2565,2590,58707,-0.013333333333333308
2024-04-26,2585,2650,2460,2480,147324,-0.0424710424710425
2024-04-29,2570,2570,2405,2500,57725,0.008064516129032251
2024-04-30,2515,2540,2400,2470,40746,-0.01200000000000001
2024-05-02,2475,2790,2450,2740,141691,0.10931174089068829
2024-05-03,2770,2975,2590,2900,197555,0.058394160583941535
2024-05-07,3000,3000,2855,2900,138921,0.0
2024-05-08,2960,2960,2830,2900,44253,0.0
2024-05-09,2900,2925,2840,2920,39134,0.006896551724137945
2024-05-10,2895,2920,2840,2895,49736,-0.008561643835616417
2024-05-13,2895,2980,2800,2890,90186,-0.0017271157167529916
2024-05-14,2850,2890,2800,2825,40005,-0.02249134948096887
2024-05-16,2800,2825,2650,2820,60655,-0.001769911504424737
2024-05-17,2790,2820,2625,2770,156861,-0.01773049645390068
2024-05-20,2770,2775,2685,2740,71460,-0.010830324909747335
2024-05-21,2740,2755,2670,2730,62559,-0.0036496350364964014
2024-05-22,2685,2715,2580,2670,107873,-0.02197802197802201
2024-05-23,2675,2830,2635,2720,70276,0.01872659176029967
2024-05-24,2730,2730,2665,2705,30006,-0.005514705882352922
2024-05-27,2700,2720,2535,2565,104316,-0.05175600739371533
2024-05-28,2565,2645,2500,2545,51581,-0.007797270955165692
2024-05-29,2545,2630,2425,2565,63829,0.007858546168958647
2024-05-30,2560,2590,2500,2560,54238,-0.0019493177387914784
2024-05-31,2595,2595,2530,2565,22345,0.001953125
2024-06-03,2565,2585,2465,2585,41233,0.007797270955165692
2024-06-04,2585,2595,2495,2570,73674,-0.005802707930367523
2024-06-05,2555,2570,2435,2490,72677,-0.0311284046692607
2024-06-07,2490,2580,2445,2555,52527,0.026104417670682833
2024-06-10,2500,2570,2500,2545,41021,-0.003913894324853229
2024-06-11,2540,2550,2450,2545,64577,0.0
2024-06-12,2545,2545,2490,2530,18651,-0.005893909626719096
2024-06-13,2530,2555,2455,2530,48719,0.0
2024-06-14,2530,2550,2490,2530,22645,0.0
2024-06-17,2505,2605,1775,2415,443542,-0.045454545454545414
2024-06-18,2455,2460,2340,2445,77328,0.012422360248447228
2024-06-19,2420,2455,2320,2395,77852,-0.020449897750511203
2024-06-20,2395,2395,2270,2385,80194,-0.0041753653444676075
2024-06-21,2375,2610,2365,2585,174540,0.0838574423480083
2024-06-24,2620,2785,2595,2670,189247,0.03288201160541582
2024-06-25,2670,2685,2575,2685,112757,0.00561797752808979
2024-06-26,2685,2700,2600,2665,53302,-0.007448789571694592
2024-06-27,2665,2675,2440,2440,63314,-0.08442776735459667
2024-06-28,2490,2595,2440,2595,81227,0.06352459016393452
2024-07-01,2650,2865,2630,2765,176358,0.06551059730250475
2024-07-02,2795,2895,2610,2825,138343,0.02169981916817365
2024-07-03,2825,2825,2555,2640,76996,-0.06548672566371683
2024-07-04,2640,2775,2610,2775,74274,0.051136363636363535
2024-07-05,2780,2870,2715,2775,136322,0.0
2024-07-08,3050,3330,2675,2810,708516,0.012612612612612706
2024-07-09,2810,2955,2725,2945,214975,0.04804270462633453
2024-07-10,2915,3195,2915,3125,387093,0.06112054329371808
2024-07-11,3125,3285,3025,3235,334108,0.0351999999999999
2024-07-12,3290,3290,3105,3200,240957,-0.010819165378670781
2024-07-15,3190,3190,2900,3095,218553,-0.03281250000000002
2024-07-16,3095,3175,3015,3060,59761,-0.011308562197092087
2024-07-17,3030,3095,2995,3045,68754,-0.004901960784313708
2024-07-18,3020,3195,2995,3125,83245,0.026272577996715896
2024-07-19,3100,3155,3065,3120,29117,-0.0016000000000000458
2024-07-22,3120,3120,2990,3055,60350,-0.02083333333333337
2024-07-23,3025,3150,3005,3110,46510,0.018003273322422242
2024-07-24,3090,3340,3090,3280,199979,0.05466237942122176
2024-07-25,3270,3270,3155,3230,54496,-0.015243902439024404
2024-07-26,3230,3230,3000,3165,115975,-0.020123839009287936
2024-07-29,3130,3200,3060,3175,65194,0.003159557661927437
2024-07-30,3175,3195,3045,3185,71843,0.0031496062992126816
2024-07-31,3200,3300,3155,3280,163765,0.02982731554160134
2024-08-01,3335,3620,3285,3595,606113,0.09603658536585358
2024-08-02,3500,3675,3450,3630,155748,0.009735744089012455
2024-08-05,3620,3620,3310,3360,290102,-0.07438016528925617
2024-08-06,3345,3500,3345,3450,93862,0.02678571428571419
2024-08-07,3500,3575,3390,3530,48468,0.023188405797101463
2024-08-08,3555,3570,3420,3555,35527,0.007082152974504208
2024-08-09,3515,3630,3515,3620,122106,0.0182841068917019
2024-08-12,3685,3685,3565,3635,66800,0.004143646408839796
2024-08-13,3635,3640,3515,3595,58023,-0.011004126547455306
2024-08-14,3595,3595,3305,3465,105014,-0.03616133518776077
2024-08-16,3465,3470,3225,3360,104459,-0.030303030303030276
2024-08-19,3360,3360,3190,3200,82316,-0.04761904761904767
2024-08-20,3285,3385,3200,3200,98874,0.0
2024-08-21,3200,3340,3200,3330,32668,0.04062499999999991
2024-08-22,3325,3625,3255,3545,210235,0.0645645645645645
2024-08-23,3540,3615,3400,3465,94786,-0.02256699576868826
2024-08-26,3460,3545,3365,3450,55735,-0.0043290043290042934
2024-08-27,3525,3525,3270,3315,79702,-0.03913043478260869
2024-08-28,3360,3360,3250,3315,30909,0.0
2024-08-29,3275,3315,3215,3220,77505,-0.02865761689291102
2024-08-30,3280,3280,3120,3195,81879,-0.00776397515527949
2024-09-02,3200,3270,3175,3255,34320,0.018779342723004744
2024-09-03,3350,3455,3200,3380,145867,0.03840245775729656
2024-09-04,3345,3345,3145,3180,53887,-0.059171597633136064
2024-09-05,3240,3240,3040,3130,64493,-0.01572327044025157
2024-09-06,3130,3130,2950,3115,92684,-0.004792332268370614
2024-09-09,3140,3140,3035,3120,9535,0.0016051364365972098
2024-09-10,3120,3135,3035,3050,24535,-0.022435897435897467
2024-09-11,3110,3130,3025,3050,29590,0.0
2024-09-12,3125,3125,3030,3085,6067,0.011475409836065653
2024-09-13,3080,3160,3065,3110,5625,0.008103727714748876
2024-09-19,3110,3190,2985,3005,115357,-0.0337620578778135
2024-09-20,2995,3100,2985,3015,42407,0.0033277870216306127
2024-09-23,3015,3015,2890,2930,52244,-0.028192371475953548
2024-09-24,2915,3000,2860,2985,42204,0.018771331058020424
2024-09-25,3050,3050,2905,2970,20613,-0.005025125628140725
2024-09-26,2970,2980,2900,2945,50152,-0.008417508417508435
2024-09-27,2970,2970,2890,2945,18199,0.0
2024-09-30,2955,2970,2875,2950,22457,0.001697792869269854
2024-10-02,2880,3000,2865,2985,73662,0.011864406779660941
2024-10-04,2980,3135,2760,3025,87229,0.01340033500837512
2024-10-07,3025,3025,2750,2950,147340,-0.024793388429752095
2024-10-08,2950,2995,2885,2945,56606,-0.0016949152542372614
2024-10-10,2945,3260,2945,3185,187037,0.08149405772495766
2024-10-11,3120,3770,3120,3735,915583,0.17268445839874413
2024-10-14,3740,4070,3585,3800,774281,0.01740294511378848
2024-10-15,3900,3900,3600,3770,119277,-0.007894736842105288
2024-10-16,3675,3760,3585,3700,90722,-0.018567639257294433
2024-10-17,3665,3780,3550,3700,91804,0.0
2024-10-18,3790,3795,3660,3700,44602,0.0
2024-10-21,3665,3750,3600,3690,82883,-0.002702702702702675
2024-10-22,3690,3740,3565,3660,95922,-0.008130081300813052
2024-10-23,3620,3660,3525,3545,105639,-0.031420765027322384
2024-10-24,3550,3700,3410,3570,98874,0.007052186177715081
2024-10-25,3570,3620,3485,3565,64312,-0.0014005602240896309
2024-10-28,3700,3700,3480,3600,73805,0.009817671809256634
2024-10-29,3690,3810,3560,3595,138494,-0.001388888888888884
2024-10-30,3555,3600,3470,3555,128176,-0.011126564673157202
2024-10-31,3545,3695,3490,3550,64866,-0.0014064697609000865
2024-11-01,3545,3550,3445,3490,44959,-0.016901408450704203
2024-11-04,3410,3580,3390,3420,125076,-0.02005730659025784
2024-11-05,3420,3510,3390,3490,35954,0.020467836257309857
2024-11-06,3490,3575,3400,3405,119305,-0.024355300859598805
2024-11-07,3450,3730,3405,3690,235417,0.08370044052863435
2024-11-08,3690,3830,3655,3755,182182,0.017615176151761558
2024-11-11,3785,3810,3635,3755,68646,0.0
2024-11-12,3735,3960,3625,3905,219766,0.03994673768308932
2024-11-13,3965,3985,3650,3720,141927,-0.047375160051216336
2024-11-14,3790,3855,3660,3850,58268,0.034946236559139754
2024-11-15,3905,3955,3690,3835,127576,-0.003896103896103842
2024-11-18,3830,3845,3715,3740,128364,-0.024771838331160367
2024-11-19,3740,3800,3585,3780,79679,0.010695187165775444
2024-11-20,3780,3795,3650,3775,53089,-0.001322751322751281
2024-11-21,3715,3760,3400,3545,93560,-0.06092715231788082
2024-11-22,3540,3545,3375,3410,136961,-0.03808180535966155
2024-11-25,3410,3710,3410,3705,121180,0.08651026392961869
2024-11-26,3710,3865,3670,3850,200363,0.03913630229419707
2024-11-27,3870,4125,3825,4100,314900,0.06493506493506485
2024-11-28,4100,4200,3900,4070,308963,-0.007317073170731714
2024-11-29,4250,4400,3920,4050,384406,-0.004914004914004955
2024-12-02,4100,4280,4030,4130,333287,0.01975308641975304
2024-12-03,4130,4240,4065,4175,182591,0.010895883777239712
2024-12-04,4100,4490,4030,4350,528583,0.041916167664670656
2024-12-05,4290,4390,4180,4340,140840,-0.0022988505747126853
2024-12-06,4340,4450,4195,4265,205598,-0.017281105990783363
2024-12-09,4260,4260,3800,4000,322314,-0.062133645955451344
2024-12-10,4015,4100,3980,4045,69056,0.011249999999999982
2024-12-11,4010,4140,3960,4080,70144,0.008652657601977642
2024-12-12,4080,4275,4010,4220,166765,0.03431372549019618
2024-12-13,4220,4220,4010,4050,128133,-0.04028436018957349
2024-12-16,4090,4385,4090,4195,220552,0.03580246913580254
2024-12-17,4200,4275,4065,4200,95078,0.0011918951132301459
2024-12-18,4200,4595,4185,4525,531597,0.07738095238095233
2024-12-19,4470,4755,4385,4730,548302,0.045303867403314824
2024-12-20,4780,4970,4730,4940,547384,0.044397463002114224
2024-12-23,5000,5200,4880,5090,383710,0.030364372469635637
2024-12-24,5090,5290,5050,5160,407213,0.013752455795677854
2024-12-26,5200,5550,5130,5550,378048,0.07558139534883712
2024-12-27,5620,5940,5390,5760,727559,0.037837837837837895
2024-12-30,5730,5940,5560,5680,332569,-0.01388888888888884
2025-01-02,5640,5790,5290,5620,242353,-0.010563380281690127
2025-01-03,5530,5990,5450,5880,270772,0.0462633451957295
2025-01-06,5880,6410,5840,6300,743774,0.0714285714285714
2025-01-07,6250,6550,5950,6410,542578,0.0174603174603174
2025-01-08,6410,6410,5790,5820,611502,-0.09204368174726985
2025-01-09,5860,6100,5530,5760,449380,-0.010309278350515427
2025-01-10,5900,6020,5630,5850,125832,0.015625
2025-01-13,5850,5940,5560,5660,99536,-0.032478632478632474
2025-01-14,5550,5710,5420,5460,134561,-0.035335689045936425
2025-01-15,5490,5490,5000,5220,404420,-0.04395604395604391
2025-01-16,5250,5770,5220,5750,214234,0.1015325670498084
2025-01-17,5750,5970,5120,5120,298225,-0.10956521739130431
2025-01-20,5250,5520,5200,5490,199858,0.072265625
2025-01-21,5490,5680,5430,5670,103784,0.032786885245901676
2025-01-22,5820,5820,5380,5410,95790,-0.04585537918871252
2025-01-23,5460,5460,5250,5310,58827,-0.01848428835489835
2025-01-24,5310,5450,5080,5400,101801,0.016949152542372836
2025-01-31,5400,5460,5190,5240,77029,-0.029629629629629672
2025-02-03,5240,5610,5150,5240,155205,0.0
2025-02-04,5260,5430,5030,5250,145496,0.001908396946564972
2025-02-05,5250,5700,5150,5460,129873,0.040000000000000036
2025-02-06,5470,5560,5280,5400,102595,-0.01098901098901095
2025-02-07,5530,5600,5310,5480,105337,0.014814814814814836
2025-02-10,5570,5640,5350,5600,125615,0.021897810218978186
2025-02-11,5470,5750,5450,5550,108020,-0.008928571428571397
2025-02-12,5600,6010,5510,6010,278347,0.08288288288288292
2025-02-13,6200,6250,5850,5990,204008,-0.0033277870216306127
2025-02-14,6000,6400,5900,6250,221925,0.04340567612687818
2025-02-17,6290,6290,5810,5900,252219,-0.05600000000000005
2025-02-18,5950,6300,5860,5950,105403,0.008474576271186418
