Date,Open,High,Low,Close,Volume,Change
2022-01-03,211500,212500,209000,210500,468732,0.0071770334928229484
2022-01-04,212500,212500,208500,210000,499857,-0.002375296912114022
2022-01-05,214000,217500,212000,213500,1175411,0.016666666666666607
2022-01-06,210000,216500,210000,214000,866582,0.0023419203747072626
2022-01-07,214500,216500,213500,215000,577852,0.004672897196261738
2022-01-10,214000,215000,209000,209500,744261,-0.025581395348837188
2022-01-11,209500,211500,209000,210500,482235,0.004773269689737569
2022-01-12,211500,213000,210500,211500,470451,0.004750593824228044
2022-01-13,211500,213000,210000,210000,499094,-0.007092198581560294
2022-01-14,209500,211000,208000,209000,406569,-0.004761904761904745
2022-01-17,208500,209000,202500,205000,724213,-0.019138755980861233
2022-01-18,206000,206000,201500,202500,580959,-0.012195121951219523
2022-01-19,200500,203500,200000,200500,525014,-0.00987654320987652
2022-01-20,200500,202500,199500,202000,451581,0.007481296758104827
2022-01-21,199500,201000,198500,200000,513891,-0.00990099009900991
2022-01-24,197500,200000,195000,197000,659010,-0.015000000000000013
2022-01-25,196500,197000,190000,194500,1174185,-0.012690355329949221
2022-01-26,193000,194500,189500,190000,1191581,-0.023136246786632397
2022-01-27,190000,191500,185500,186500,1072651,-0.018421052631578894
2022-01-28,186500,190500,180000,189500,1415358,0.01608579088471851
2022-02-03,193000,195500,191500,191500,837241,0.01055408970976246
2022-02-04,190500,192000,188000,190000,837609,-0.007832898172323799
2022-02-07,189500,190000,184500,186500,829365,-0.018421052631578894
2022-02-08,186500,188000,183500,184500,1150733,-0.01072386058981234
2022-02-09,186000,186000,182500,185000,1015966,0.0027100271002709064
2022-02-10,186000,187000,182500,185500,1280607,0.002702702702702675
2022-02-11,183000,184500,181000,183000,1001635,-0.013477088948787075
2022-02-14,179500,181000,176000,176500,1380176,-0.03551912568306015
2022-02-15,177000,183000,176500,180500,961742,0.022662889518413554
2022-02-16,184500,185500,181000,182000,561867,0.008310249307479145
2022-02-17,183000,186000,181000,183500,767679,0.008241758241758212
2022-02-18,181000,184000,180500,183500,426090,0.0
2022-02-21,180500,185500,179500,185000,463279,0.008174386920980936
2022-02-22,180500,183000,180000,181500,572593,-0.018918918918918948
2022-02-23,182500,183000,179500,180500,549304,-0.0055096418732781816
2022-02-24,178500,179000,171000,173000,1722526,-0.04155124653739617
2022-02-25,175000,175500,171500,174000,949885,0.005780346820809301
2022-02-28,171000,175000,168000,175000,1247805,0.005747126436781658
2022-03-02,171500,172500,169500,170500,1384049,-0.02571428571428569
2022-03-03,173500,179000,173000,177500,1244300,0.04105571847507328
2022-03-04,176500,177500,172500,172500,868483,-0.028169014084507005
2022-03-07,170000,171000,165500,168000,1439259,-0.02608695652173909
2022-03-08,164000,170500,163500,168000,728464,0.0
2022-03-10,171500,172000,167500,169000,1082310,0.005952380952380931
2022-03-11,169000,169500,165500,169000,774655,0.0
2022-03-14,166500,167500,163000,164500,1112790,-0.026627218934911268
2022-03-15,164000,165500,162000,163000,878905,-0.00911854103343468
2022-03-16,165000,168500,163000,168000,863044,0.030674846625766916
2022-03-17,172500,173000,168500,168500,945451,0.0029761904761904656
2022-03-18,171500,171500,169500,171000,782119,0.014836795252225476
2022-03-21,171500,172000,168500,168500,582102,-0.014619883040935644
2022-03-22,169000,174500,169000,173500,1166430,0.029673590504450953
2022-03-23,175000,177500,174000,176000,952954,0.014409221902017322
2022-03-24,174000,177000,173500,176000,709518,0.0
2022-03-25,176500,176500,173000,174000,563456,-0.011363636363636354
2022-03-28,172000,175500,171000,174500,459678,0.002873563218390718
2022-03-29,176000,178000,174000,176500,545335,0.011461318051575908
2022-03-30,180000,183000,179500,181000,1082135,0.025495750708215192
2022-03-31,180500,181000,179000,180500,576522,-0.002762430939226568
2022-04-01,178000,178500,177000,178000,470770,-0.013850415512465353
2022-04-04,177000,179000,174500,178000,509106,0.0
2022-04-05,178500,180000,177000,179000,426072,0.00561797752808979
2022-04-06,177000,182000,176500,180000,641803,0.005586592178770999
2022-04-07,180000,182000,178500,178500,778374,-0.008333333333333304
2022-04-08,178000,179000,175500,176500,458780,-0.011204481792717047
2022-04-11,176000,181000,175500,179500,641674,0.016997167138810276
2022-04-12,179000,180500,176500,178000,626266,-0.00835654596100277
2022-04-13,179500,181000,178500,181000,498547,0.016853932584269593
2022-04-14,181000,182000,176500,177500,898024,-0.01933701657458564
2022-04-15,176500,178000,175500,177000,559522,-0.0028169014084507005
2022-04-18,176000,178500,175500,178500,275773,0.008474576271186418
2022-04-19,178500,181500,178000,181000,623880,0.014005602240896309
2022-04-20,181000,184000,180000,183000,814107,0.011049723756906049
2022-04-21,184000,184500,182500,183000,657116,0.0
2022-04-22,181500,182500,179000,180000,852781,-0.016393442622950838
2022-04-25,177000,184500,176500,182000,1504197,0.011111111111111072
2022-04-26,187000,191000,186500,187000,2313611,0.027472527472527375
2022-04-27,184000,188500,183000,187000,1152068,0.0
2022-04-28,188000,189000,186000,188500,705457,0.008021390374331583
2022-04-29,187000,188000,184000,186000,767005,-0.01326259946949604
2022-05-02,184000,188000,184000,187000,496083,0.005376344086021501
2022-05-03,185500,186500,182500,183500,662535,-0.018716577540106916
2022-05-04,183500,184500,182000,184000,347996,0.0027247956403269047
2022-05-06,181500,183500,181000,182500,375723,-0.008152173913043459
2022-05-09,182000,183500,180500,181500,504477,-0.005479452054794498
2022-05-10,180500,181500,176000,180500,774377,-0.0055096418732781816
2022-05-11,178500,184500,178000,183000,724251,0.013850415512465464
2022-05-12,181000,183500,180000,180500,691192,-0.013661202185792365
2022-05-13,182000,187000,181500,186500,924029,0.0332409972299168
2022-05-16,188500,189500,183500,184000,548683,-0.013404825737265424
2022-05-17,185500,186500,182500,185500,530263,0.008152173913043459
2022-05-18,187000,187500,183500,185500,541137,0.0
2022-05-19,181500,183500,181000,182000,542030,-0.018867924528301883
2022-05-20,183500,186500,183000,186500,469517,0.024725274725274637
2022-05-23,188500,189000,186500,188000,436270,0.008042895442359255
2022-05-24,187000,188000,183500,185000,431231,-0.015957446808510634
2022-05-25,186000,186000,182000,183500,482136,-0.008108108108108136
2022-05-26,183500,186000,183000,184000,428541,0.0027247956403269047
2022-05-27,186500,186500,184500,185500,334939,0.008152173913043459
2022-05-30,187500,188000,185500,187500,368902,0.010781671159029615
2022-05-31,187000,189500,187000,189500,916327,0.010666666666666602
2022-06-02,189000,189000,186500,187500,387758,-0.01055408970976257
2022-06-03,188500,189000,185000,187000,400003,-0.002666666666666706
2022-06-07,186000,186500,183000,183500,621262,-0.018716577540106916
2022-06-08,183500,185000,182000,183000,556940,-0.0027247956403270157
2022-06-09,183000,183500,180500,182500,656175,-0.002732240437158473
2022-06-10,181500,185000,180500,184500,571131,0.010958904109588996
2022-06-13,180000,181500,173000,175000,1193167,-0.051490514905149
2022-06-14,171500,172500,169000,171500,1122467,-0.020000000000000018
2022-06-15,173500,179000,171500,174000,995832,0.014577259475218707
2022-06-16,177000,177500,172500,173000,619047,-0.005747126436781658
2022-06-17,168000,172000,168000,170000,784685,-0.017341040462427793
2022-06-20,172500,173000,168500,170500,518566,0.002941176470588225
2022-06-21,171500,175000,170000,172500,532008,0.011730205278592365
2022-06-22,174500,175000,171000,171500,633838,-0.005797101449275366
2022-06-23,171500,174000,170000,171000,807430,-0.002915451895043719
2022-06-24,170500,175000,170500,173000,472975,0.011695906432748648
2022-06-27,177000,185000,176500,183000,1348957,0.05780346820809257
2022-06-28,183500,189000,183500,186000,1021549,0.016393442622950838
2022-06-29,180000,181000,172500,175500,2543120,-0.056451612903225756
2022-06-30,176500,184500,175500,180500,1651221,0.028490028490028463
2022-07-01,181500,185000,179500,180000,916020,-0.0027700831024930483
2022-07-04,181000,183000,175000,178000,1006440,-0.011111111111111072
2022-07-05,180000,181000,173500,177500,1097504,-0.002808988764044895
2022-07-06,176000,177000,172000,172500,924184,-0.028169014084507005
2022-07-07,175000,177000,172500,175000,536363,0.01449275362318847
2022-07-08,177500,180500,177000,178000,824702,0.017142857142857126
2022-07-11,180000,182000,179000,179000,660814,0.00561797752808979
2022-07-12,180000,181500,177000,179000,539027,0.0
2022-07-13,180000,185000,178500,183500,941277,0.025139664804469275
2022-07-14,183000,184500,180500,182500,780637,-0.00544959128065392
2022-07-15,183000,184500,178500,183500,768143,0.005479452054794498
2022-07-18,187000,188500,183500,185500,699961,0.01089918256130784
2022-07-19,185000,189000,184500,188500,868892,0.016172506738544534
2022-07-20,191500,191500,188500,189000,985986,0.0026525198938991412
2022-07-21,189000,193500,185500,189000,2136819,0.0
2022-07-22,191000,193000,188000,191000,1378005,0.010582010582010692
2022-07-25,192500,198500,192500,196000,1352264,0.02617801047120416
2022-07-26,196000,196500,192500,196000,735482,0.0
2022-07-27,196000,197000,193000,196000,608998,0.0
2022-07-28,198000,198000,194000,195000,757504,-0.005102040816326481
2022-07-29,196000,197000,194000,196000,844829,0.00512820512820511
2022-08-01,196000,198000,195000,196000,601112,0.0
2022-08-02,196500,197000,193500,196500,721088,0.0025510204081633514
2022-08-03,197000,198000,196000,197000,683572,0.0025445292620864812
2022-08-04,198000,198500,194500,196500,622111,-0.0025380710659898
2022-08-05,196000,197500,193500,194500,919482,-0.010178117048346036
2022-08-08,193500,196000,193000,196000,635689,0.007712082262210762
2022-08-09,195500,196000,191000,193500,962838,-0.012755102040816313
2022-08-10,193000,194500,192000,192500,510243,-0.0051679586563307955
2022-08-11,195000,195000,192500,193000,731121,0.0025974025974024872
2022-08-12,193500,197500,193500,196000,627417,0.015544041450777257
2022-08-16,198000,199500,196000,197500,505801,0.007653061224489832
2022-08-17,195000,196500,188000,190000,1410422,-0.03797468354430378
2022-08-18,186500,187500,184000,186000,1438270,-0.021052631578947323
2022-08-19,187000,191500,186500,190000,770986,0.021505376344086002
2022-08-22,187500,192000,187000,189000,532730,-0.0052631578947368585
2022-08-23,189000,193000,188000,189000,711974,0.0
2022-08-24,190000,191000,185500,188000,700265,-0.005291005291005346
2022-08-25,189000,192500,188500,192000,561737,0.02127659574468077
2022-08-26,192500,194000,191500,193500,473581,0.0078125
2022-08-29,188500,189000,186500,188500,601747,-0.025839793281653756
2022-08-30,190500,196000,190500,195500,891335,0.037135278514588865
2022-08-31,195000,197500,194500,196000,762426,0.002557544757033181
2022-09-01,193500,197500,191000,195500,785337,-0.0025510204081632404
2022-09-02,199000,203500,196000,196500,1401989,0.005115089514066584
2022-09-05,197500,201000,197500,200000,886938,0.01781170483460559
2022-09-06,200500,201000,198000,201000,591596,0.004999999999999893
2022-09-07,201000,203000,199000,202000,758254,0.004975124378109541
2022-09-08,202500,203000,198500,200000,860563,-0.00990099009900991
2022-09-13,200500,201500,198000,200500,910285,0.0024999999999999467
2022-09-14,197000,200000,196000,198500,668955,-0.009975062344139696
2022-09-15,199000,201000,198000,198000,404656,-0.0025188916876573986
2022-09-16,199500,202500,199000,201000,911954,0.015151515151515138
2022-09-19,201500,202000,198000,201500,693456,0.0024875621890547706
2022-09-20,202500,202500,198500,198500,692217,-0.01488833746898266
2022-09-21,197000,197500,194500,197000,622478,-0.007556675062972307
2022-09-22,194500,197000,192500,193500,540322,-0.017766497461928932
2022-09-23,194000,195500,190500,190500,680644,-0.015503875968992276
2022-09-26,187000,187500,180500,182500,1609911,-0.04199475065616798
2022-09-27,182500,186000,182000,186000,890612,0.019178082191780854
2022-09-28,184000,184500,177500,179500,1163914,-0.034946236559139754
2022-09-29,182500,184000,181000,181500,714142,0.011142061281337101
2022-09-30,181000,183000,174000,176500,1005125,-0.02754820936639113
2022-10-04,179000,183000,177500,179500,831935,0.016997167138810276
2022-10-05,183500,184000,172000,177000,1144019,-0.013927576601671321
2022-10-06,178500,179500,175000,178000,611007,0.005649717514124353
2022-10-07,176500,176500,174000,175500,608384,-0.014044943820224698
2022-10-11,170000,170500,166000,168000,1145441,-0.042735042735042694
2022-10-12,166500,169500,165500,168000,821753,0.0
2022-10-13,167500,168000,164500,164500,691537,-0.02083333333333337
2022-10-14,167000,168000,165000,167000,657249,0.015197568389057725
2022-10-17,166000,168500,164000,167000,665601,0.0
2022-10-18,170500,171500,165000,168000,1286984,0.0059880239520957446
2022-10-19,166000,172500,166000,168000,1111330,0.0
2022-10-20,168500,169500,166500,168500,692203,0.0029761904761904656
2022-10-21,169000,169500,165500,167000,695788,-0.008902077151335286
2022-10-24,169000,169500,161500,161500,1443569,-0.03293413173652693
2022-10-25,162500,163000,160000,162500,967860,0.006191950464396356
2022-10-26,163000,164000,160000,160500,1023919,-0.012307692307692353
2022-10-27,161000,163500,160500,162000,876823,0.009345794392523255
2022-10-28,162000,166000,161500,164000,752111,0.012345679012345734
2022-10-31,166000,166500,162000,164500,622380,0.0030487804878047697
2022-11-01,163500,165000,162000,164500,628185,0.0
2022-11-02,164500,165000,162000,165000,941434,0.003039513677811634
2022-11-03,162500,163000,160500,162000,1008989,-0.018181818181818188
2022-11-04,162000,164000,161500,163000,522276,0.006172839506172867
2022-11-07,166500,170000,165500,169500,1126417,0.039877300613496924
2022-11-08,171500,172000,167500,170000,804889,0.002949852507374562
2022-11-09,170500,172000,167000,169500,953568,-0.002941176470588225
2022-11-10,167000,173000,166500,169500,1018720,0.0
2022-11-11,174500,175500,171000,172000,980474,0.014749262536873253
2022-11-14,174500,179500,174000,176000,1379189,0.023255813953488413
2022-11-15,176500,177000,173000,174500,838806,-0.008522727272727293
2022-11-16,175000,175500,170500,172000,642717,-0.014326647564469885
2022-11-17,171000,172500,169500,170000,502812,-0.011627906976744207
2022-11-18,170000,173000,169500,169500,559141,-0.002941176470588225
2022-11-21,169500,170000,166500,168000,517728,-0.008849557522123908
2022-11-22,167500,168000,165000,165500,454542,-0.014880952380952328
2022-11-23,166500,167500,164000,166000,449446,0.0030211480362538623
2022-11-24,168000,168500,166500,167500,323362,0.009036144578313143
2022-11-25,168000,168500,166000,166000,356637,-0.008955223880596996
2022-11-28,166000,169500,164000,167500,551024,0.009036144578313143
2022-11-29,168000,169500,167000,169000,341427,0.008955223880596996
2022-11-30,169000,170500,168500,169000,633720,0.0
2022-12-01,172000,173000,170500,171500,499538,0.014792899408283988
2022-12-02,172000,172500,168500,169000,453689,-0.014577259475218707
2022-12-05,169500,170000,164500,165500,788455,-0.020710059171597628
2022-12-06,164000,165000,162500,164500,434862,-0.0060422960725075026
2022-12-07,163500,165000,163000,163000,379112,-0.00911854103343468
2022-12-08,163500,163500,161000,162000,703551,-0.006134969325153339
2022-12-09,163500,164000,162000,162500,464194,0.0030864197530864335
2022-12-12,162000,163500,162000,163500,232963,0.006153846153846176
2022-12-13,164000,164000,158000,159500,756323,-0.024464831804281384
2022-12-14,160000,165000,159500,163500,614474,0.02507836990595602
2022-12-15,162500,165000,162000,162000,383741,-0.00917431192660545
2022-12-16,160000,163000,160000,162500,446581,0.0030864197530864335
2022-12-19,160500,161500,157500,159000,734465,-0.021538461538461506
2022-12-20,158000,158500,154500,157000,1039931,-0.012578616352201255
2022-12-21,157000,157500,155500,156000,531850,-0.006369426751592355
2022-12-22,156500,159500,156500,158500,452454,0.01602564102564097
2022-12-23,157000,158000,155500,157000,336597,-0.009463722397476393
2022-12-26,157000,159000,157000,158000,387872,0.006369426751592355
2022-12-27,158500,160000,157000,158000,637139,0.0
2022-12-28,156000,156500,154000,154000,556921,-0.025316455696202556
2022-12-29,153000,154000,150500,151000,552974,-0.01948051948051943
2023-01-02,154000,161000,154000,157000,1132256,0.039735099337748325
2023-01-03,158500,160500,156000,159000,787752,0.01273885350318471
2023-01-04,157500,161000,157500,160500,463444,0.009433962264151052
2023-01-05,161000,161500,158000,159000,577152,-0.009345794392523366
2023-01-06,157500,161500,157500,159500,502420,0.003144654088050425
2023-01-09,161000,164500,160000,164000,614204,0.028213166144200663
2023-01-10,162500,164000,161500,163000,414613,-0.0060975609756097615
2023-01-11,163500,165000,163000,164000,367725,0.006134969325153339
2023-01-12,166000,168000,164500,166500,869403,0.015243902439024293
2023-01-13,167500,170000,167000,169000,707095,0.01501501501501501
2023-01-16,166500,167500,163500,166500,797353,-0.014792899408283988
2023-01-17,166500,167000,164500,166000,452113,-0.0030030030030030463
2023-01-18,166500,166500,162500,164500,499603,-0.009036144578313254
2023-01-19,162000,164000,162000,164000,353522,-0.003039513677811523
2023-01-20,163000,164500,163000,164500,296063,0.0030487804878047697
2023-01-25,166100,166500,165200,165700,359163,0.007294832826747699
2023-01-26,166600,176200,166600,174900,1692960,0.05552202776101378
2023-01-27,177000,177600,173300,173900,1174428,-0.005717552887364197
2023-01-30,174400,175700,169400,170000,831088,-0.022426682001150056
2023-01-31,169000,170400,167000,167000,698589,-0.01764705882352946
2023-02-01,169200,171500,168700,170000,599556,0.017964071856287456
2023-02-02,171500,172900,169300,169900,548264,-0.0005882352941176672
2023-02-03,170100,174500,169600,172800,770290,0.017068864037669274
2023-02-06,174000,174700,170700,170700,582407,-0.01215277777777779
2023-02-07,171000,171200,169500,170500,533337,-0.0011716461628588082
2023-02-08,171500,173000,170200,172700,442701,0.012903225806451646
2023-02-09,171900,174000,171500,172600,583923,-0.0005790387955992848
2023-02-10,171600,173500,171100,173400,372830,0.004634994206257348
2023-02-13,172700,174300,171300,171600,373651,-0.01038062283737029
2023-02-14,172900,175700,172700,173700,502938,0.012237762237762295
2023-02-15,174600,175300,171800,172700,451687,-0.005757052389176787
2023-02-16,173400,180000,173300,179300,1070527,0.03821656050955413
2023-02-17,177400,179800,177000,179000,457976,-0.001673173452314547
2023-02-20,179400,179400,176600,178200,404747,-0.004469273743016755
2023-02-21,178500,179000,175500,178200,454862,0.0
2023-02-22,175800,176900,174000,174200,432567,-0.02244668911335579
2023-02-23,174400,178600,174300,176200,446435,0.01148105625717566
2023-02-24,176200,177300,173800,173900,382070,-0.013053348467650383
2023-02-27,173100,173600,170200,173300,427027,-0.0034502587694077436
2023-02-28,174100,178100,174000,176300,824763,0.017311021350259637
2023-03-02,176500,179800,176500,178500,747929,0.012478729438457181
2023-03-03,177500,178200,175000,176100,549203,-0.013445378151260456
2023-03-06,177800,178500,176000,177500,547005,0.007950028392958552
2023-03-07,176500,177500,175100,175100,462996,-0.013521126760563384
2023-03-08,174300,176100,174100,174900,497195,-0.0011422044545973398
2023-03-09,176600,180400,175700,176300,808110,0.008004574042309809
2023-03-10,174700,176700,174600,175000,443221,-0.007373794668179223
2023-03-13,174400,176300,173500,176000,529759,0.005714285714285783
2023-03-14,175200,175900,170500,171000,589581,-0.02840909090909094
2023-03-15,172700,175500,172700,174300,481716,0.019298245614035148
2023-03-16,172800,174800,171800,174000,392030,-0.0017211703958691649
2023-03-17,175200,176600,173200,176600,507745,0.014942528735632177
2023-03-20,176500,177000,174800,175100,366357,-0.008493771234428071
2023-03-21,175900,176900,174800,175800,297779,0.003997715591090856
2023-03-22,177000,180500,176700,180300,718542,0.025597269624573427
2023-03-23,179300,182400,178700,180500,591091,0.0011092623405435376
2023-03-24,180600,180600,175300,177700,649952,-0.015512465373961226
2023-03-27,177700,177700,174800,176100,402749,-0.009003939223410251
2023-03-28,177100,178300,175800,177100,341408,0.005678591709256109
2023-03-29,175800,180700,175800,180400,571771,0.01863354037267073
2023-03-30,179200,181900,178800,181200,525981,0.0044345898004434225
2023-03-31,182000,184900,181900,184500,668373,0.01821192052980125
2023-04-03,184600,185500,182300,183600,534323,-0.004878048780487809
2023-04-04,184000,186500,183300,183800,510739,0.0010893246187364536
2023-04-05,185100,187200,184000,186700,509578,0.015778019586507153
2023-04-06,186900,189400,184700,185100,667512,-0.008569898232458462
2023-04-07,185400,186500,184600,185100,435717,0.0
2023-04-10,186000,188500,184200,185900,480371,0.00432198811453266
2023-04-11,186600,192400,185100,192100,1067237,0.03335126412049494
2023-04-12,195000,199500,194600,198200,1517626,0.031754294638209224
2023-04-13,199000,199900,196200,198900,824006,0.003531786074671972
2023-04-14,199500,199700,196000,196100,670548,-0.014077425842131674
2023-04-17,195400,196100,193800,195000,497443,-0.0056093829678735
2023-04-18,192700,193000,188200,191400,961739,-0.018461538461538418
2023-04-19,191400,194200,190300,193600,571094,0.011494252873563315
2023-04-20,193000,194100,191400,192500,423616,-0.005681818181818232
2023-04-21,191100,191800,188300,190400,454248,-0.010909090909090868
2023-04-24,190600,193100,190600,191900,434584,0.007878151260504174
2023-04-25,193000,201500,191200,201000,2084924,0.047420531526836784
2023-04-26,205500,207500,199900,201500,2214068,0.0024875621890547706
2023-04-27,201500,205000,200500,202000,976414,0.002481389578163684
2023-04-28,203000,203500,196200,197500,1056770,-0.022277227722772297
2023-05-02,198500,202000,197700,201500,573959,0.020253164556962133
2023-05-03,200500,202000,198500,201000,460771,-0.002481389578163795
2023-05-04,200000,201000,197400,199200,472704,-0.008955223880596996
2023-05-08,201000,203000,200000,202500,590557,0.016566265060240948
2023-05-09,202000,205500,199900,205000,704155,0.012345679012345734
2023-05-10,206000,211000,205000,210000,1476327,0.024390243902439046
2023-05-11,211500,211500,208000,208000,919476,-0.00952380952380949
2023-05-12,207000,209500,205500,208500,539737,0.0024038461538462563
2023-05-15,207000,209000,204000,208000,594282,-0.0023980815347721673
2023-05-16,206500,207500,201000,202500,874247,-0.02644230769230771
2023-05-17,202500,205500,202500,204500,550297,0.009876543209876631
2023-05-18,207000,207000,205000,206500,476896,0.009779951100244544
2023-05-19,206000,207500,204000,205500,528680,-0.004842615012106588
2023-05-22,206000,208500,204500,207500,469209,0.009732360097323589
2023-05-23,209000,209000,207000,207500,356438,0.0
2023-05-24,206000,208000,205500,207500,305061,0.0
2023-05-25,206000,206500,203000,203500,528730,-0.01927710843373498
2023-05-26,204500,205500,201000,205500,596247,0.00982800982800991
2023-05-30,207000,207000,200000,200500,861994,-0.024330900243308973
2023-05-31,200500,203000,200000,200000,879887,-0.0024937655860348684
2023-06-01,199800,199800,196300,197500,791585,-0.012499999999999956
2023-06-02,198500,199800,198100,199500,418613,0.010126582278481067
2023-06-05,201500,203500,200000,201000,454150,0.007518796992481258
2023-06-07,202500,203000,195400,196400,960900,-0.022885572139303534
2023-06-08,195500,197200,194000,196700,928559,0.0015274949083503575
2023-06-09,197400,198300,196300,197100,421616,0.0020335536349771477
2023-06-12,197500,198500,195100,196200,429448,-0.004566210045662156
2023-06-13,196700,198200,196200,198000,474628,0.00917431192660545
2023-06-14,198800,201500,198500,201000,662184,0.015151515151515138
2023-06-15,201500,202000,199400,199700,354685,-0.006467661691542337
2023-06-16,201000,201500,198000,199400,548562,-0.001502253380070151
2023-06-19,198000,199400,197000,199300,375749,-0.0005015045135405849
2023-06-20,198300,199000,197000,197900,331277,-0.007024586051179171
2023-06-21,197900,205000,196300,204000,1028131,0.030823648307225948
2023-06-22,202500,203500,200500,202000,392056,-0.009803921568627416
2023-06-23,201000,202000,199000,199900,349362,-0.010396039603960405
2023-06-26,199900,202500,199900,200500,307090,0.0030015007503751967
2023-06-27,201000,206000,201000,206000,806971,0.027431421446383997
2023-06-28,206000,206500,203000,206000,630872,0.0
2023-06-29,205500,206000,204000,204500,320058,-0.007281553398058249
2023-06-30,204500,209000,204500,206500,563079,0.009779951100244544
2023-07-03,207500,208500,205500,208500,545516,0.009685230024213176
2023-07-04,208500,210000,206500,208000,424908,-0.0023980815347721673
2023-07-05,208000,209500,204500,205500,586067,-0.012019230769230727
2023-07-06,204000,208500,204000,206500,643771,0.0048661800486617945
2023-07-07,205500,206000,202500,204000,476427,-0.01210653753026636
2023-07-10,205000,208000,202000,205500,511222,0.007352941176470562
2023-07-11,206500,208000,205000,207000,538193,0.007299270072992803
2023-07-12,206000,206500,202500,203500,503118,-0.016908212560386437
2023-07-13,205000,205000,203000,203500,540814,0.0
2023-07-14,204500,209000,204500,208500,655619,0.024570024570024662
2023-07-17,207000,208500,203500,203500,517107,-0.023980815347721784
2023-07-18,204000,205000,201000,201500,501091,-0.009828009828009798
2023-07-19,201500,203500,200000,202000,491509,0.002481389578163684
2023-07-20,202000,204000,200000,200500,531811,-0.007425742574257432
2023-07-21,199700,201000,198200,200000,508793,-0.0024937655860348684
2023-07-24,199100,200500,197600,199200,614300,-0.0040000000000000036
2023-07-25,199900,202500,199200,200500,492019,0.006526104417670764
2023-07-26,201000,202000,195000,198700,1347123,-0.008977556109725726
2023-07-27,202500,203000,194000,197800,1244827,-0.00452944136889788
2023-07-28,196500,201500,196500,196800,782058,-0.005055611729019249
2023-07-31,198000,198200,195100,196000,678535,-0.004065040650406471
2023-08-01,195200,199600,194600,199400,698965,0.0173469387755103
2023-08-02,197800,198800,192400,192500,917045,-0.03460381143430291
2023-08-03,192500,194300,190800,191700,531818,-0.004155844155844135
2023-08-04,191600,193400,190500,192200,378998,0.002608242044861653
2023-08-07,191000,191100,187300,188000,842043,-0.02185223725286156
2023-08-08,188000,190500,187700,188400,557129,0.0021276595744681437
2023-08-09,188400,189800,187500,189400,366474,0.005307855626327074
2023-08-10,189000,190300,188100,188400,489856,-0.0052798310454065245
2023-08-11,188900,193200,188400,190500,529916,0.011146496815286566
2023-08-14,190000,190500,188300,188800,297138,-0.00892388451443571
2023-08-16,186900,188100,185300,185800,563291,-0.01588983050847459
2023-08-17,184900,185500,182600,184800,458036,-0.005382131324004336
2023-08-18,182600,187500,182600,186100,420787,0.007034632034631949
2023-08-21,187000,187200,185300,186100,279766,0.0
2023-08-22,186200,187900,186200,187900,297596,0.00967221923696937
2023-08-23,186500,188700,186000,187500,252159,-0.002128791910590788
2023-08-24,188300,189300,186000,186400,320108,-0.005866666666666687
2023-08-25,184200,187000,184200,186200,368503,-0.0010729613733905241
2023-08-28,186200,186900,184700,185400,300125,-0.004296455424274925
2023-08-29,185500,188200,185400,186700,321448,0.007011866235167252
2023-08-30,188600,189300,187800,187800,331121,0.005891805034815123
2023-08-31,187800,189100,186200,189100,590270,0.006922257720979763
2023-09-01,188000,188900,186700,187400,281460,-0.008989952406134316
2023-09-04,186400,187400,185600,187300,307475,-0.0005336179295624133
2023-09-05,186500,186900,185600,186600,290618,-0.0037373198077950143
2023-09-06,186000,188300,186000,186700,259552,0.000535905680600246
2023-09-07,185500,187200,185400,187200,299030,0.0026780931976433386
2023-09-08,187500,187500,185200,185700,192047,-0.008012820512820484
2023-09-11,185700,186300,184400,185500,195283,-0.001077005923532548
2023-09-12,186500,188400,185600,186200,273908,0.0037735849056603765
2023-09-13,187300,190700,187200,189800,579550,0.01933404940923733
2023-09-14,191200,191200,188600,190700,627998,0.00474183350895685
2023-09-15,190700,192700,189100,192200,526604,0.007865757734661694
2023-09-18,191200,192200,190200,191000,289943,-0.00624349635796051
2023-09-19,191500,193200,190000,190000,289352,-0.005235602094240788
2023-09-20,190600,196000,190000,194900,636780,0.025789473684210584
2023-09-21,194400,194500,191600,191900,327599,-0.015392508978963604
2023-09-22,189600,192400,189200,191500,326229,-0.0020844189682126535
2023-09-25,191700,193500,189600,192900,346374,0.0073107049608354124
2023-09-26,191600,192900,189900,190700,302642,-0.011404872991187198
2023-09-27,189200,192400,189000,191100,367983,0.002097535395909844
2023-10-04,188000,193200,187100,190800,641075,-0.0015698587127158659
2023-10-05,190900,192200,189500,190500,396264,-0.0015723270440252124
2023-10-06,191000,192600,189600,192200,345787,0.00892388451443571
2023-10-10,192700,192800,187700,188400,575373,-0.019771071800208095
2023-10-11,189000,191400,189000,189400,490998,0.005307855626327074
2023-10-12,189600,189800,187700,188000,451893,-0.007391763463569179
2023-10-13,187500,188400,187100,187100,254250,-0.004787234042553212
2023-10-16,186900,188300,186500,186800,291429,-0.0016034206306787535
2023-10-17,188300,189300,187100,188500,423633,0.009100642398286896
2023-10-18,190400,193000,189500,191800,532948,0.017506631299734732
2023-10-19,189900,190800,188800,188900,408555,-0.015119916579770631
2023-10-20,187800,188600,183500,183500,602367,-0.02858655373213337
2023-10-23,184200,186100,183800,185400,286602,0.010354223433242549
2023-10-24,186900,187000,181400,182800,418638,-0.014023732470334394
2023-10-25,182700,183700,182000,182000,374888,-0.004376367614879695
2023-10-26,180300,182500,178500,179500,651245,-0.013736263736263687
2023-10-27,181200,182900,174600,175600,787539,-0.021727019498607225
2023-10-30,175000,176300,171400,172500,726773,-0.01765375854214124
2023-10-31,174300,175900,169300,169700,697296,-0.016231884057971047
2023-11-01,170800,171500,169400,170300,450423,0.003535651149086716
2023-11-02,172000,175100,171500,172000,661435,0.009982384028185631
2023-11-03,175000,175400,172700,173400,431491,0.008139534883720989
2023-11-06,175400,177900,174900,177900,661383,0.02595155709342567
2023-11-07,177500,177500,174200,176100,532443,-0.010118043844856706
2023-11-08,177900,179000,174500,174800,395162,-0.007382169222032942
2023-11-09,174700,175700,174200,174700,384071,-0.0005720823798627261
2023-11-10,173800,175300,173500,173700,255065,-0.005724098454493398
2023-11-13,175000,175000,172800,173300,348523,-0.0023028209556706924
2023-11-14,174900,175900,173900,175200,329429,0.010963646855164377
2023-11-15,178700,182600,178600,182500,806741,0.04166666666666674
2023-11-16,182500,186400,181800,184800,432174,0.012602739726027323
2023-11-17,185900,185900,183500,184400,259919,-0.0021645021645021467
2023-11-20,184400,184900,182100,183600,277906,-0.004338394793926281
2023-11-21,184700,184800,183500,184200,252833,0.0032679738562091387
2023-11-22,182300,183400,181200,183000,219027,-0.006514657980456029
2023-11-23,183600,185000,182400,184800,240354,0.009836065573770592
2023-11-24,184600,185600,183900,184000,161656,-0.0043290043290042934
2023-11-27,184000,185700,184000,184900,188306,0.004891304347826031
2023-11-28,185900,185900,183600,185700,269820,0.004326663061114067
2023-11-29,185700,186500,184700,184800,298485,-0.004846526655896577
2023-11-30,184200,184900,182100,184300,574490,-0.0027056277056276556
2023-12-01,183300,183800,181700,182800,304309,-0.008138903960933308
2023-12-04,183900,184100,181600,181600,378913,-0.006564551422319487
2023-12-05,181600,182000,180700,181400,275980,-0.0011013215859030367
2023-12-06,181100,183400,181100,182900,280528,0.008269018743109147
2023-12-07,181400,183300,181400,182600,296154,-0.0016402405686167798
2023-12-08,183600,185700,183400,185100,327749,0.013691128148959564
2023-12-11,185400,185400,184000,185400,218073,0.0016207455429497752
2023-12-12,185500,186400,185000,185600,332590,0.0010787486515642097
2023-12-13,185300,186200,184400,185000,287425,-0.003232758620689613
2023-12-14,187000,187100,184200,184800,760383,-0.00108108108108107
2023-12-15,185800,192800,185200,192800,1228522,0.04329004329004338
2023-12-18,192800,193000,190000,192000,482331,-0.004149377593360981
2023-12-19,191900,192900,190800,192200,272670,0.0010416666666666075
2023-12-20,192700,199700,192600,199100,961888,0.03590010405827271
2023-12-21,197500,202000,197100,198700,545031,-0.002009040683073837
2023-12-22,200000,200500,198500,199000,347866,0.0015098137896325525
2023-12-26,200500,200500,197700,198800,409928,-0.0010050251256281673
2023-12-27,198700,199300,197200,198500,331186,-0.0015090543259557165
2023-12-28,198800,203500,198400,203500,766503,0.025188916876574208
2024-01-02,202000,202500,199800,200500,373050,-0.014742014742014753
2024-01-03,199100,199500,193800,193800,548675,-0.033416458852867814
2024-01-04,192000,192800,189100,190000,505979,-0.019607843137254943
2024-01-05,190100,190500,187200,187300,440219,-0.014210526315789451
2024-01-08,187600,188900,185500,185700,323498,-0.008542445274959953
2024-01-09,187800,187800,185500,185600,349068,-0.000538502961766274
2024-01-10,185600,187300,185200,186700,330767,0.00592672413793105
2024-01-11,187200,189000,187000,187000,538799,0.0016068559185860032
2024-01-12,186600,187400,185800,186000,240690,-0.005347593582887722
2024-01-15,186000,188600,185800,187500,251099,0.008064516129032251
2024-01-16,186600,188100,185700,186200,225780,-0.006933333333333347
2024-01-17,186300,186400,181000,181800,481127,-0.023630504833512367
2024-01-18,180000,182500,179900,180200,433597,-0.008800880088008833
2024-01-19,183000,183000,180100,181700,288166,0.008324084350721517
2024-01-22,182300,182400,179800,180100,391914,-0.008805723720418324
2024-01-23,181200,184800,180900,184800,376671,0.026096612992781765
2024-01-24,185300,185400,182100,185000,345726,0.0010822510822510178
2024-01-25,184400,190500,183500,188700,778658,0.020000000000000018
2024-01-26,189300,189600,186500,187300,468376,-0.007419183889772141
2024-01-29,187300,197300,186600,195600,1199045,0.04431393486385482
2024-01-30,196000,196600,189300,190000,955999,-0.02862985685071573
2024-01-31,189300,195400,188500,194600,1053355,0.02421052631578946
2024-02-01,193900,209000,193500,208000,2855056,0.06885919835560128
2024-02-02,221500,228000,214000,227000,5844398,0.09134615384615374
2024-02-05,233500,239500,226000,238000,5742710,0.048458149779735615
2024-02-06,234000,240000,230500,235500,3293825,-0.010504201680672232
2024-02-07,239000,246500,238000,245000,2711612,0.04033970276008492
2024-02-08,243000,250500,241500,250000,3017429,0.020408163265306145
2024-02-13,251000,261000,247500,249000,2690468,-0.0040000000000000036
2024-02-14,245000,251000,244500,245500,1702299,-0.014056224899598346
2024-02-15,250000,250500,237000,240000,2103428,-0.022403258655804503
2024-02-16,241500,253000,235500,252500,2261790,0.05208333333333326
2024-02-19,253500,257000,248500,252500,1801441,0.0
2024-02-20,250000,253000,238500,242000,1944653,-0.04158415841584162
2024-02-21,242000,246000,237500,239500,1149137,-0.010330578512396715
2024-02-22,239000,245500,237500,243500,1475580,0.016701461377870652
2024-02-23,244000,249500,242000,244000,1660625,0.002053388090349051
2024-02-26,237500,241000,231500,239000,1751340,-0.020491803278688492
2024-02-27,239000,244500,237500,238500,1265434,-0.0020920502092049986
2024-02-28,234000,250000,231500,248000,1911431,0.0398322851153039
2024-02-29,246500,253500,243500,250500,2056620,0.010080645161290258
2024-03-04,255500,260000,253000,255500,1854280,0.019960079840319445
2024-03-05,251500,254500,247500,249000,1436614,-0.025440313111546042
2024-03-06,247000,254000,246000,251000,1103072,0.008032128514056325
2024-03-07,252500,258000,247500,250000,988457,-0.003984063745019917
2024-03-08,251500,255000,249500,253000,1210240,0.01200000000000001
2024-03-11,251000,252500,242000,243500,1178615,-0.03754940711462451
2024-03-12,244000,247000,240000,241500,1096802,-0.008213552361396315
2024-03-13,243500,250000,241000,248500,1413782,0.02898550724637672
2024-03-14,248000,255000,246000,251500,1574794,0.012072434607645954
2024-03-15,250000,254500,243500,243500,1175933,-0.031809145129224614
2024-03-18,244000,247500,241000,242500,723835,-0.004106776180698102
2024-03-19,241000,244000,236000,237500,944727,-0.020618556701030966
2024-03-20,240000,246000,237500,241000,1230314,0.01473684210526316
2024-03-21,247000,254000,246000,252000,1578378,0.045643153526971014
2024-03-22,252500,254000,241000,243500,1091572,-0.03373015873015872
2024-03-25,244000,245500,239500,239500,784822,-0.01642710472279263
2024-03-26,239000,244000,238500,240500,802094,0.0041753653444676075
2024-03-27,241000,247500,240500,244000,818180,0.01455301455301461
2024-03-28,246000,246000,236000,237000,1050347,-0.02868852459016391
2024-03-29,238000,239000,232000,233000,852346,-0.016877637130801704
2024-04-01,234500,235000,227000,227500,898781,-0.023605150214592308
2024-04-02,225000,226500,216500,220000,1802613,-0.03296703296703296
2024-04-03,219000,223500,214500,216000,1138600,-0.018181818181818188
2024-04-04,218500,228500,216500,226000,1357330,0.04629629629629628
2024-04-05,223500,230000,223000,225500,1121453,-0.0022123893805309214
2024-04-08,227000,238000,226000,232500,1245057,0.03104212860310418
2024-04-09,234500,236500,228000,228000,663665,-0.01935483870967747
2024-04-11,222000,241000,220000,241000,1853791,0.05701754385964919
2024-04-12,241000,241500,237000,238000,997710,-0.012448132780082943
2024-04-15,236000,243000,233500,241500,1018783,0.014705882352941124
2024-04-16,239000,244500,236500,242000,1201766,0.0020703933747412417
2024-04-17,242000,243000,233500,233500,1029202,-0.03512396694214881
2024-04-18,237000,239000,228500,231000,1168222,-0.010706638115631661
2024-04-19,231000,237000,229000,235000,1174278,0.017316017316017396
2024-04-22,240000,246000,239500,245000,1314974,0.042553191489361764
2024-04-23,250000,251500,246000,249500,1153091,0.01836734693877551
2024-04-24,249000,253500,247500,252500,1242059,0.012024048096192397
2024-04-25,251000,254000,246000,250000,1297404,-0.00990099009900991
2024-04-26,250000,253500,243000,249500,980459,-0.0020000000000000018
2024-04-29,249000,254500,245500,251500,852780,0.008016032064128265
2024-04-30,250000,253000,248000,251000,545747,-0.001988071570576566
2024-05-02,249000,251500,246500,249000,602350,-0.007968127490039834
2024-05-03,250000,250500,241000,241000,727057,-0.032128514056224855
2024-05-07,242500,246000,240000,242000,799659,0.004149377593360981
2024-05-08,240500,244000,240000,242000,444082,0.0
2024-05-09,242000,242500,235000,237000,704379,-0.02066115702479343
2024-05-10,239000,243000,237000,241500,455541,0.018987341772152
2024-05-13,242500,247500,242000,245000,550255,0.01449275362318847
2024-05-14,245500,247000,243000,246500,670650,0.00612244897959191
2024-05-16,248000,248500,245500,247000,559548,0.0020283975659229903
2024-05-17,247000,249500,244000,244000,408947,-0.012145748987854255
2024-05-20,245500,255000,244500,250500,860566,0.026639344262294973
2024-05-21,249000,254000,248000,253000,576613,0.009980039920159722
2024-05-22,253000,277500,251000,277000,3336634,0.09486166007905128
2024-05-23,273500,275000,267500,271500,1886248,-0.019855595667869985
2024-05-24,268500,274500,266000,267500,1059149,-0.014732965009208066
2024-05-27,267500,271500,262000,265500,1011436,-0.00747663551401867
2024-05-28,265000,270000,263500,265000,598743,-0.0018832391713747842
2024-05-29,262500,265000,257000,261000,965532,-0.015094339622641506
2024-05-30,260500,264000,255500,257000,640526,-0.01532567049808431
2024-05-31,259500,260000,253000,253000,1014549,-0.015564202334630295
2024-06-03,257500,270000,257000,265000,1186533,0.04743083003952564
2024-06-04,262500,265500,258000,259000,660409,-0.02264150943396226
2024-06-05,261000,267500,256500,264000,882084,0.019305019305019266
2024-06-07,262500,266500,261500,265000,519878,0.0037878787878788955
2024-06-10,261500,271500,261000,267500,945927,0.009433962264151052
2024-06-11,270500,273500,267500,271000,967240,0.013084112149532645
2024-06-12,273000,273000,268000,270000,567334,-0.0036900369003689537
2024-06-13,273000,281000,269000,269000,1862106,-0.0037037037037036535
2024-06-14,268500,274000,267000,268000,778015,-0.0037174721189591198
2024-06-17,276000,285000,275500,278500,1945849,0.03917910447761197
2024-06-18,280500,290000,278500,283000,1667920,0.016157989228007263
2024-06-19,286500,292500,284000,286500,1228960,0.012367491166077826
2024-06-20,285500,288000,282500,285500,629996,-0.003490401396160525
2024-06-21,283500,285000,279000,280000,876560,-0.019264448336252182
2024-06-24,277000,283000,275500,281000,598019,0.0035714285714285587
2024-06-25,281000,292500,280000,288500,1023261,0.026690391459074814
2024-06-26,289000,293500,286500,289500,694207,0.0034662045060658286
2024-06-27,287000,298500,286500,298000,1157313,0.029360967184801412
2024-06-28,299500,299500,293000,295000,761453,-0.010067114093959773
2024-07-01,292000,296000,285500,286000,864443,-0.03050847457627115
2024-07-02,283000,283500,271000,272500,1558999,-0.047202797202797186
2024-07-03,275000,281500,272500,276000,1072157,0.012844036697247763
2024-07-04,277500,281000,274500,277500,552767,0.005434782608695565
2024-07-05,277500,282000,277000,281000,586121,0.012612612612612706
2024-07-08,282000,289500,281000,283000,603805,0.007117437722419906
2024-07-09,284000,285500,272500,274500,1135540,-0.030035335689045928
2024-07-10,275000,277500,272500,274500,672155,0.0
2024-07-11,277000,278500,274500,278500,653458,0.014571948998178597
2024-07-12,277500,278500,268000,271500,666813,-0.025134649910233398
2024-07-15,273000,273500,267500,268500,541442,-0.011049723756906049
2024-07-16,270500,276000,270000,274500,552065,0.022346368715083775
2024-07-17,275500,275500,268000,268500,512968,-0.021857923497267784
2024-07-18,267000,267500,256500,260500,1083373,-0.029795158286778367
2024-07-19,258500,259500,254000,258500,737904,-0.007677543186180413
2024-07-22,259000,261500,251000,255000,769457,-0.013539651837524147
2024-07-23,258000,264500,257500,263500,803042,0.03333333333333344
2024-07-24,259500,263500,257500,258500,608412,-0.018975332068311146
2024-07-25,253000,255000,247500,251500,832753,-0.027079303675048405
2024-07-26,248500,250500,232000,243500,2662741,-0.031809145129224614
2024-07-29,244000,260000,243000,255500,1302271,0.04928131416837789
2024-07-30,253000,258000,249500,250000,594899,-0.021526418786692814
2024-07-31,250000,253500,247500,249000,594919,-0.0040000000000000036
2024-08-01,251000,258500,251000,253500,734315,0.01807228915662651
2024-08-02,242500,248000,242000,244000,889521,-0.03747534516765283
2024-08-05,236000,239500,216500,224000,1465965,-0.08196721311475408
2024-08-06,233500,241500,228000,235000,1250180,0.049107142857142794
2024-08-07,233000,241000,231500,236000,756779,0.004255319148936065
2024-08-08,231500,240000,228500,236500,698685,0.0021186440677967155
2024-08-09,240500,248000,240000,243000,606967,0.02748414376321362
2024-08-12,246000,249000,242000,243500,469844,0.002057613168724215
2024-08-13,242000,245500,240000,243000,358474,-0.002053388090349051
2024-08-14,245500,248000,238500,241000,500276,-0.008230452674897082
2024-08-16,248000,256500,246500,255000,1113073,0.05809128630705396
2024-08-19,256000,259500,250000,255000,739313,0.0
2024-08-20,258000,261000,255000,256000,660818,0.0039215686274509665
2024-08-21,257500,257500,251000,252500,359513,-0.013671875
2024-08-22,253500,254000,245500,248000,497250,-0.017821782178217838
2024-08-23,245500,254000,245000,252500,449189,0.01814516129032251
2024-08-26,255500,258000,247500,249500,469538,-0.011881188118811892
2024-08-27,248500,251000,244500,247500,555018,-0.008016032064128265
2024-08-28,249500,261000,246000,259000,1170970,0.04646464646464654
2024-08-29,261500,267000,256000,258500,1646679,-0.0019305019305019266
2024-08-30,261000,265500,255500,255500,1206940,-0.011605415860735047
2024-09-02,256000,256000,245000,246000,1006660,-0.03718199608610573
2024-09-03,244000,244500,236000,237500,1024521,-0.03455284552845528
2024-09-04,231000,236500,229500,232500,942257,-0.021052631578947323
2024-09-05,236000,237500,227000,229000,884047,-0.01505376344086018
2024-09-06,228000,230500,223000,227500,710077,-0.0065502183406113135
2024-09-09,225500,231500,225000,229500,638085,0.00879120879120876
2024-09-10,229500,231000,227000,231000,364974,0.006535947712418277
2024-09-11,229500,230500,221500,223500,781938,-0.03246753246753242
2024-09-12,226000,232000,225500,232000,660069,0.03803131991051445
2024-09-13,237500,240500,234500,237000,524969,0.02155172413793105
2024-09-19,244000,246500,241500,246000,848380,0.03797468354430378
2024-09-20,250000,251000,247500,250500,809348,0.018292682926829285
2024-09-23,251500,251500,246500,249000,484728,-0.005988023952095856
2024-09-24,249000,253000,248000,253000,429463,0.016064257028112428
2024-09-25,255500,257000,250500,251500,575575,-0.005928853754940677
2024-09-26,250000,259000,247500,259000,766978,0.02982107355864816
2024-09-27,257500,259000,253500,254500,493853,-0.01737451737451734
2024-09-30,255500,256000,244000,244000,1032595,-0.04125736738703345
2024-10-02,237500,241000,236500,237000,1035510,-0.02868852459016391
2024-10-04,235500,241500,232000,239500,856583,0.010548523206751037
2024-10-07,244000,247000,241000,247000,731171,0.03131524008350728
2024-10-08,244500,247000,244000,246000,413552,-0.004048582995951455
2024-10-10,253000,255500,246000,246000,641891,0.0
2024-10-11,248000,249500,246500,248500,282919,0.010162601626016343
2024-10-14,250500,254000,248000,248500,307668,0.0
2024-10-15,249500,249500,246000,246000,382087,-0.010060362173038184
2024-10-16,246000,247000,242000,247000,799813,0.004065040650406582
2024-10-17,245000,246000,235500,235500,923060,-0.046558704453441346
2024-10-18,237000,239000,233000,234500,696368,-0.00424628450106157
2024-10-21,235000,240000,234500,237000,443742,0.010660980810234477
2024-10-22,236000,239000,232500,234500,517834,-0.010548523206751037
2024-10-23,236500,243000,234000,241000,671384,0.02771855010660973
2024-10-24,241000,241000,228000,228500,1209781,-0.051867219917012486
2024-10-25,226500,231000,220500,225500,1116832,-0.013129102844638973
2024-10-28,226000,229000,224000,226500,639039,0.0044345898004434225
2024-10-29,226000,226500,221000,224000,746178,-0.01103752759381893
2024-10-30,223000,225000,220500,220500,554300,-0.015625
2024-10-31,220500,221500,215000,215000,1075398,-0.024943310657596363
2024-11-01,212500,216500,211500,213500,765177,-0.006976744186046546
2024-11-04,215000,220500,214000,216500,748180,0.014051522248243575
2024-11-05,214000,215500,211500,215000,615978,-0.006928406466512715
2024-11-06,214000,214500,205500,206500,1880618,-0.03953488372093028
2024-11-07,203500,210500,201000,207500,1108161,0.004842615012106588
2024-11-08,209500,210500,202500,203500,716859,-0.01927710843373498
2024-11-11,203500,212500,203500,211000,856539,0.03685503685503688
2024-11-12,213000,213500,206500,207000,911213,-0.018957345971563955
2024-11-13,206000,206000,199900,199900,778547,-0.034299516908212535
2024-11-14,200500,203500,197300,201500,817142,0.008004002001000599
2024-11-15,200000,208500,199900,206000,709396,0.022332506203474045
2024-11-18,206000,218000,206000,217000,1115993,0.05339805825242716
2024-11-19,217000,219000,213000,215500,540792,-0.00691244239631339
2024-11-20,213000,220500,212500,218500,572617,0.0139211136890951
2024-11-21,218500,219500,215500,215500,499737,-0.013729977116704761
2024-11-22,216000,218500,214500,217000,419056,0.006960556844547661
2024-11-25,219000,221500,216500,219000,726301,0.009216589861751112
2024-11-26,218000,224500,216500,223500,721544,0.020547945205479534
2024-11-27,220000,226500,218500,221000,1094533,-0.01118568232662187
2024-11-28,224000,225000,218000,219000,593477,-0.009049773755656076
2024-11-29,219000,220000,214500,218500,576357,-0.0022831050228310223
2024-12-02,219500,220500,215000,216000,520654,-0.011441647597253968
2024-12-03,218000,218000,213500,214500,624929,-0.00694444444444442
2024-12-04,208500,213000,207000,209000,919137,-0.02564102564102566
2024-12-05,209000,210500,204000,204500,604002,-0.021531100478468845
2024-12-06,203500,206000,200000,203500,778285,-0.004889975550122272
2024-12-09,201000,203000,200000,201000,774548,-0.012285012285012331
2024-12-10,205500,211500,204000,210500,619392,0.04726368159203975
2024-12-11,208000,211000,207500,209000,335301,-0.0071258907363420665
2024-12-12,210500,213000,209500,211500,625351,0.011961722488038173
2024-12-13,212000,216000,209000,215000,528172,0.016548463356973908
2024-12-16,215500,216000,210500,211000,469448,-0.018604651162790753
2024-12-17,210000,212500,205500,206500,715553,-0.021327014218009532
2024-12-18,207500,217000,207500,216500,712305,0.04842615012106544
2024-12-19,213000,214000,210500,212000,631880,-0.020785219399538146
2024-12-20,210500,211500,206000,210500,704962,-0.007075471698113178
2024-12-23,212500,216500,212000,215000,468339,0.0213776722090262
2024-12-24,215000,217000,213000,216500,351647,0.006976744186046435
2024-12-26,217500,219500,215000,217500,460871,0.004618937644341736
2024-12-27,217000,217500,213500,215000,391681,-0.011494252873563204
2024-12-30,213500,217000,212000,212000,387750,-0.013953488372092981
2025-01-02,212000,216000,210500,211500,437773,-0.002358490566037763
2025-01-03,211500,215000,211000,213000,456107,0.007092198581560183
2025-01-06,213000,213500,207000,211500,782307,-0.007042253521126751
2025-01-07,211500,214000,210500,211000,511955,-0.0023640661938534313
2025-01-08,209500,215500,209000,213500,603411,0.011848341232227444
2025-01-09,215000,219500,213000,213000,866529,-0.0023419203747072626
2025-01-10,215000,227000,215000,226000,1951806,0.06103286384976525
2025-01-13,225500,226000,218500,220000,867629,-0.026548672566371723
2025-01-14,221000,224500,219500,222000,547856,0.009090909090909038
2025-01-15,222000,224000,220500,220500,492913,-0.006756756756756799
2025-01-16,223000,224000,218000,219000,435312,-0.006802721088435382
2025-01-17,217500,218000,211000,211500,813817,-0.03424657534246578
2025-01-20,211000,212000,207500,208500,571176,-0.014184397163120588
2025-01-21,210500,213000,206500,206500,833996,-0.00959232613908878
2025-01-22,207500,210000,206500,208500,832710,0.009685230024213176
2025-01-23,208000,213500,205500,209000,1032782,0.0023980815347721673
2025-01-24,208000,208500,203000,205000,1077548,-0.019138755980861233
2025-01-31,204500,207500,200000,206000,986621,0.004878048780487809
2025-02-03,201000,203500,200000,202000,911137,-0.01941747572815533
2025-02-04,205000,208500,201000,201000,841947,-0.004950495049504955
2025-02-05,201500,206500,201000,204500,710413,0.017412935323383172
2025-02-06,206000,207000,203000,203500,605308,-0.004889975550122272
2025-02-07,203500,204500,200000,200500,834221,-0.014742014742014753
2025-02-10,199500,201000,197700,199400,992303,-0.005486284289276777
2025-02-11,199500,202500,198500,199400,842452,0.0
2025-02-12,199000,200500,198100,198100,567219,-0.006519558676028048
2025-02-13,202500,210000,202000,208500,1493929,0.052498738011105495
2025-02-14,208000,210000,205500,206000,823619,-0.011990407673860948
2025-02-17,201000,202500,199500,199800,894545,-0.030097087378640808
2025-02-18,200000,201500,198900,200500,560363,0.003503503503503591
2025-02-19,198900,204500,198800,204000,854114,0.0174563591022443
2025-02-20,202500,204000,201500,203000,354026,-0.004901960784313708
2025-02-21,209000,211000,204000,206000,713842,0.014778325123152802
2025-02-24,204000,207000,203500,207000,497135,0.004854368932038833
2025-02-25,205000,205000,202000,202500,651155,-0.021739130434782594
2025-02-26,203500,207000,203000,205000,750341,0.012345679012345734
2025-02-27,200500,201000,199300,200500,890406,-0.02195121951219514
2025-02-28,198600,198800,193000,193000,1187503,-0.03740648379052369
2025-03-04,190000,195100,189200,190300,592292,-0.013989637305699465
2025-03-05,191800,197000,191800,194700,798748,0.023121387283236983
2025-03-06,199200,201000,196500,197600,659716,0.014894709809964102
2025-03-07,194800,197200,194100,196600,574321,-0.005060728744939236
2025-03-10,196600,198600,195200,197400,318730,0.004069175991861629
2025-03-11,194500,196000,192700,195600,456616,-0.00911854103343468
2025-03-12,195800,198200,195000,198200,351293,0.013292433537832382
2025-03-13,199300,201000,196200,201000,578677,0.01412714429868811
2025-03-14,199800,200500,197500,198500,473953,-0.01243781094527363
2025-03-17,198400,199000,195300,199000,369290,0.0025188916876575096
2025-03-18,199500,202000,199300,200500,505699,0.007537688442211143
2025-03-19,201000,204000,199000,204000,520541,0.0174563591022443
2025-03-20,204500,205000,201500,202500,635938,-0.007352941176470562
2025-03-21,201500,205000,201000,205000,552626,0.012345679012345734
2025-03-24,204500,216000,203500,213000,1212302,0.039024390243902474
2025-03-25,228500,229000,218500,220000,2097056,0.032863849765258246
2025-03-26,224000,227500,220500,222000,1220193,0.009090909090909038
2025-03-27,215000,216500,212000,212500,1027562,-0.0427927927927928
2025-03-28,208000,209500,202500,205000,1003500,-0.03529411764705881
2025-03-31,199900,201000,196800,197200,936571,-0.03804878048780491
2025-04-01,199000,200500,196100,198600,641043,0.007099391480730244
2025-04-02,198800,199100,195800,196300,615215,-0.011581067472306139
2025-04-03,191000,194500,189100,193800,954824,-0.012735608762098782
2025-04-04,191300,196500,189600,191800,810211,-0.01031991744066052
2025-04-07,184700,185300,178900,179100,1244441,-0.06621480709071947
2025-04-08,181400,183800,177500,179200,1082825,0.0005583472920156485
2025-04-09,177500,180900,177300,178000,689621,-0.006696428571428603
2025-04-10,191700,192900,186500,187000,1426032,0.050561797752809
2025-04-11,181800,183000,175800,177500,1647599,-0.050802139037433136
2025-04-14,178400,180300,177500,179300,536959,0.010140845070422566
2025-04-15,185400,189200,183700,187000,1052017,0.042944785276073594
2025-04-16,185200,186400,181300,181700,593391,-0.028342245989304793
2025-04-17,182600,184600,181500,181700,522233,0.0
2025-04-18,182800,188300,181200,187200,664774,0.03026967528893776
2025-04-21,187500,188800,185500,187300,352360,0.0005341880341880323
2025-04-22,186100,187700,185200,185600,392723,-0.009076348104644971
2025-04-23,188900,190400,187400,190000,607448,0.0237068965517242
2025-04-24,191100,191200,186500,188900,642753,-0.0057894736842105665
2025-04-25,191000,191000,188600,188800,528739,-0.000529380624669118
2025-04-28,188100,190100,187000,189000,450993,0.0010593220338983578
2025-04-29,192700,194000,189700,192800,594224,0.020105820105820182
2025-04-30,192700,193300,190200,190600,429791,-0.011410788381742698
2025-05-02,190200,190500,188200,189400,464020,-0.006295907660020972
2025-05-07,191400,191400,186500,187600,666181,-0.009503695881731833
2025-05-08,187600,188900,187100,187100,543972,-0.0026652452025586193
2025-05-09,191200,193400,189500,189900,514047,0.014965259219668736
2025-05-12,191900,195800,191400,195800,569602,0.031068983675618833
2025-05-13,197400,198000,195100,196700,462830,0.004596527068437162
2025-05-14,197200,198300,194300,197100,557318,0.0020335536349771477
2025-05-15,195200,196900,192200,192900,469355,-0.0213089802130898
2025-05-16,193300,194700,193000,193800,311743,0.004665629860031162
2025-05-19,193000,193000,190000,191000,378893,-0.014447884416924683
2025-05-20,192800,194100,189500,189500,422756,-0.007853403141361293
2025-05-21,189500,190350,187400,188000,558502,-0.0079155672823219
2025-05-22,187000,187000,181900,182400,982354,-0.029787234042553234
2025-05-23,182400,182500,179300,179900,829741,-0.013706140350877138
2025-05-26,180100,183000,179700,181900,623947,0.011117287381878782
2025-05-27,180700,181900,180300,181900,502985,0.0
2025-05-28,182400,186300,182400,185900,611926,0.021990104452996206
2025-05-29,189600,193000,186300,191000,1093538,0.0274341043571813
2025-05-30,187400,187500,185300,185300,781444,-0.0298429319371728
2025-06-02,184600,185500,183100,184000,538182,-0.007015650296815945
2025-06-04,185100,186500,184100,186000,577325,0.010869565217391353
2025-06-05,186000,193000,186000,189600,797915,0.019354838709677358
2025-06-09,192900,198400,192300,197800,1665140,0.04324894514767941
2025-06-10,201000,201500,195800,197000,998951,-0.004044489383215333
2025-06-11,199100,201500,199000,201000,649618,0.020304568527918843
2025-06-12,201500,204500,200500,201500,885521,0.0024875621890547706
2025-06-13,199400,199800,196800,199000,933606,-0.012406947890818865
2025-06-16,198300,202000,196200,201500,500547,0.012562814070351758
2025-06-17,202500,208000,200500,205000,950447,0.017369727047146455
2025-06-18,202500,207000,200500,206000,575644,0.004878048780487809
2025-06-19,209500,211500,205500,207000,538891,0.004854368932038833
2025-06-20,208000,210500,205500,210000,662635,0.01449275362318847
2025-06-23,205500,206000,200500,201500,935001,-0.04047619047619044
2025-06-24,206500,208000,203000,206000,718116,0.022332506203474045
2025-06-25,206500,221500,206000,217000,1789517,0.05339805825242716
2025-06-26,214500,215000,208000,209500,814616,-0.03456221198156684
2025-06-27,211000,211000,203000,205000,764378,-0.021479713603818618
2025-06-30,204500,207000,203500,203500,492507,-0.007317073170731714
2025-07-01,204000,214500,203500,210000,1059697,0.03194103194103204
2025-07-02,215000,218000,210000,213500,1058819,0.016666666666666607
2025-07-03,215000,217000,211500,214500,562758,0.004683840749414525
2025-07-04,214500,216500,210000,210500,415693,-0.018648018648018683
2025-07-07,210000,210500,207000,208500,398058,-0.009501187648456089
2025-07-08,207000,211500,205500,211000,499225,0.011990407673860837
2025-07-09,208500,209500,205500,209500,524731,-0.007109004739336511
2025-07-10,210000,211500,205500,208000,719453,-0.007159904534606243
2025-07-11,209000,211500,207500,208000,592335,0.0
2025-07-14,208500,218000,208000,217000,1241993,0.04326923076923084
2025-07-15,217000,217500,209500,211000,1111748,-0.027649769585253448
2025-07-16,211000,211000,207500,207500,492782,-0.016587677725118488
2025-07-17,208500,212000,205500,210000,611349,0.012048192771084265
2025-07-18,210000,212500,208500,210500,317353,0.0023809523809523725
2025-07-21,209500,210500,208000,209000,460835,-0.0071258907363420665
2025-07-22,209000,209500,204500,206500,441603,-0.011961722488038284
2025-07-23,213000,223000,213000,222000,2832242,0.07506053268765123
2025-07-24,221000,225500,214500,217500,1417925,-0.020270270270270285
2025-07-25,215000,221000,214000,216500,665815,-0.0045977011494252595
2025-07-28,221500,222500,216000,218500,692799,0.009237875288683695
2025-07-29,217500,218500,214000,218000,646415,-0.0022883295194507935
2025-07-30,215500,228000,215500,223000,1239327,0.022935779816513735
2025-07-31,233000,233000,212000,213000,2956498,-0.04484304932735428
2025-08-01,211000,215500,210000,210000,1083280,-0.014084507042253502
2025-08-04,210000,212500,207000,211000,651682,0.004761904761904745
2025-08-05,213000,215000,209500,210500,480510,-0.0023696682464454666
2025-08-06,209000,211500,208500,210500,385330,0.0
2025-08-07,213500,215000,211000,212500,421547,0.009501187648456089
2025-08-08,212500,214000,211500,212500,440664,0.0
2025-08-11,213000,213500,211500,212500,298656,0.0
2025-08-12,212000,216000,211500,213000,347183,0.0023529411764706687
2025-08-13,215500,216000,214000,216000,377571,0.014084507042253502
2025-08-14,216000,219000,216000,217500,546695,0.00694444444444442
2025-08-18,217500,218000,215000,216500,405813,-0.0045977011494252595
2025-08-19,216500,219000,215000,219000,442222,0.011547344110854452
2025-08-20,218500,222000,217500,220500,784564,0.006849315068493178
2025-08-21,221000,224500,220500,221500,601284,0.0045351473922903285
2025-08-22,222000,223500,219500,220000,401067,-0.006772009029345383
2025-08-25,221500,222000,217500,222000,419600,0.009090909090909038
2025-08-26,220500,222000,217500,218500,806670,-0.015765765765765716
2025-08-27,219000,221000,218500,220000,337163,0.006864988558352492
2025-08-28,218500,225000,218000,222000,734689,0.009090909090909038
2025-08-29,223000,224500,218500,220000,606655,-0.009009009009009028
2025-09-01,220500,223000,219000,220500,504672,0.002272727272727204
2025-09-02,221000,221000,217000,220000,365383,-0.0022675736961451642
2025-09-03,218500,223500,218500,221500,459718,0.006818181818181834
2025-09-04,221000,221500,219500,221500,249504,0.0
2025-09-05,222000,222500,219500,220000,245652,-0.006772009029345383
2025-09-08,218000,218500,215500,218500,382254,-0.006818181818181834
2025-09-09,219500,220500,218500,219000,407652,0.0022883295194509046
2025-09-10,219500,222000,219000,220500,427432,0.006849315068493178
2025-09-11,221500,223000,219000,223000,569436,0.01133786848072571
2025-09-12,222500,224000,220500,223500,666184,0.0022421524663676085
2025-09-15,221500,221500,215000,215000,1712249,-0.03803131991051456
2025-09-16,216000,216500,215000,215000,492855,0.0
2025-09-17,216000,216500,215000,216000,412548,0.0046511627906977715
2025-09-18,216500,218500,215000,218500,652885,0.011574074074074181
2025-09-19,218000,218500,212000,214000,1301527,-0.020594965675057253
2025-09-22,215000,219000,214500,218000,499195,0.01869158878504673
2025-09-23,217500,220000,217500,219000,473760,0.004587155963302836
2025-09-24,218000,219500,216500,217500,383310,-0.006849315068493178
2025-09-25,217000,217500,215500,217000,509882,-0.0022988505747126853
2025-09-26,215000,215500,213000,214500,448652,-0.011520737327188946
2025-09-29,215500,216500,214000,215000,339105,0.002331002331002363
2025-09-30,214000,216000,214000,215000,339691,0.0
2025-10-01,215500,217000,215000,215500,297048,0.0023255813953488857
2025-10-02,216500,223000,216500,220000,1099674,0.02088167053364276
2025-10-10,219000,220250,216500,217000,779161,-0.013636363636363669
2025-10-13,214500,219500,214000,218500,544349,0.00691244239631339
2025-10-14,218500,225000,218000,223000,885802,0.020594965675057253
2025-10-15,223000,224000,220000,223500,670710,0.0022421524663676085
2025-10-16,237000,245000,234000,242000,2115204,0.08277404921700215
2025-10-17,241000,246000,239500,243000,994190,0.004132231404958775
2025-10-20,251500,252000,241500,248000,1155423,0.020576131687242816
2025-10-21,252000,267000,251500,256500,2002410,0.03427419354838701
2025-10-22,265000,265000,254500,261000,1060973,0.01754385964912286
2025-10-23,256500,258500,251000,252000,909720,-0.03448275862068961
2025-10-24,253500,254000,248000,252500,775983,0.001984126984126977
2025-10-27,253500,259500,253000,254500,763121,0.007920792079207928
2025-10-28,253500,253500,249000,250500,677447,-0.015717092337917515
2025-10-29,254500,259500,251000,258000,937830,0.029940119760478945
2025-10-30,287500,289500,263000,265000,2958411,0.027131782945736482
2025-10-31,273500,294000,270500,290000,3631736,0.09433962264150941
2025-11-03,297500,298000,288000,291500,1498016,0.005172413793103514
2025-11-04,286500,288500,276000,276000,1416294,-0.053173241852487174
2025-11-05,270000,271500,259000,268500,1420277,-0.02717391304347827
2025-11-06,274500,275000,264500,269000,686561,0.0018621973929235924
2025-11-07,261000,267000,259500,264000,666772,-0.018587360594795488
2025-11-10,266500,274000,265000,270500,692464,0.024621212121212155
2025-11-11,272500,274000,267500,269000,494203,-0.00554528650646946
2025-11-12,271500,278500,269500,275500,807526,0.024163568773234223
2025-11-13,273000,279000,272500,278500,681153,0.010889292196007316
2025-11-14,272500,278000,272000,272500,579023,-0.021543985637342944
2025-11-17,275500,275500,271500,271500,384305,-0.003669724770642202
2025-11-18,269000,271500,263500,264500,475705,-0.025782688766114226
2025-11-19,272000,272000,261500,264000,413452,-0.001890359168241984
2025-11-20,267000,267500,262000,262000,501196,-0.007575757575757569
2025-11-21,255000,261000,254500,259500,538414,-0.009541984732824416
2025-11-24,262000,262000,257500,257500,610389,-0.0077071290944122905
2025-11-25,261000,262000,256500,257500,390393,0.0
2025-11-26,260500,262000,259500,261500,402781,0.01553398058252431
2025-11-27,261500,262500,259500,261500,289061,0.0
2025-11-28,261500,265500,259000,261500,511004,0.0
2025-12-01,261000,261500,253500,254500,555473,-0.026768642447418722
2025-12-02,257500,267500,257000,266000,1084944,0.04518664047151266
2025-12-03,266500,267500,263000,266500,483994,0.001879699248120259
2025-12-04,273000,284500,270000,283500,1994134,0.06378986866791747
2025-12-05,282000,316500,280000,315000,3892799,0.11111111111111116
2025-12-08,321000,321000,308500,315500,1913789,0.0015873015873015817
2025-12-09,308000,312000,301500,307000,1229611,-0.02694136291600635
2025-12-10,304500,306000,297500,302500,1173271,-0.014657980456026065
2025-12-11,304000,306500,295500,295500,1465528,-0.023140495867768562
2025-12-12,299000,303000,295500,301500,827283,0.020304568527918843
2025-12-15,296500,297500,293500,293500,798990,-0.026533996683250405
2025-12-16,296500,301500,284500,286000,1264096,-0.02555366269165249
2025-12-17,288000,288500,284000,286000,686802,0.0
2025-12-18,280500,285000,280000,282500,705877,-0.012237762237762184
2025-12-19,285500,288500,278500,288500,1210816,0.02123893805309729
2025-12-22,290500,290500,285000,289000,676748,0.0017331022530329143
2025-12-23,290500,292500,285500,287000,699584,-0.00692041522491349
2025-12-24,289000,300000,287000,289000,1295368,0.006968641114982521
2025-12-26,292000,292000,285000,286000,847245,-0.01038062283737029
2025-12-29,284500,294000,282500,293500,697450,0.02622377622377625
2025-12-30,291000,297500,289500,296500,628188,0.010221465076660996
2026-01-02,299500,302000,293000,298500,955205,0.006745362563237878
2026-01-05,302500,310000,302000,304500,1292161,0.0201005025125629
2026-01-06,318000,330000,304000,308000,3346949,0.011494252873563315
2026-01-07,314000,362000,313000,350500,7764177,0.13798701298701288
2026-01-08,361000,361000,338000,340500,3053301,-0.02853067047075608
2026-01-09,349000,369000,340000,366000,3104258,0.07488986784140961
2026-01-12,383000,383500,358500,367000,3027809,0.002732240437158362
2026-01-13,380500,413500,378000,406000,5463622,0.10626702997275195
2026-01-14,406500,413500,398000,411500,2861932,0.013546798029556717
2026-01-15,409500,425000,405000,422000,2864894,0.025516403402187082
2026-01-16,426500,426500,408000,413000,2589883,-0.021327014218009532
2026-01-19,420000,487000,419500,480000,5990850,0.16222760290556892
2026-01-20,494000,496500,460500,479000,5235613,-0.002083333333333326
2026-01-21,468000,551000,467500,549000,7830202,0.14613778705636737
2026-01-22,586000,590000,525000,529000,7176207,-0.03642987249544627
2026-01-23,530000,543000,500000,510000,4774169,-0.03591682419659736
2026-01-26,499000,515000,490000,492500,3680159,-0.03431372549019607
2026-01-27,473000,499000,469000,488500,4492400,-0.008121827411167515
2026-01-28,505000,506000,490500,492500,2514604,0.008188331627430934
2026-01-29,501000,529000,494000,528000,5431226,0.07208121827411174
2026-01-30,516000,517000,500000,500000,3032673,-0.05303030303030298
2026-02-02,486000,507000,473000,478000,2652237,-0.04400000000000004
2026-02-03,487000,495000,473000,491500,2275995,0.028242677824267703
2026-02-04,502000,518000,497500,504000,1706630,0.025432349949135347
2026-02-05,492500,508000,483500,488500,1653286,-0.030753968253968256
2026-02-06,469500,473000,452000,467500,2023516,-0.04298874104401229
2026-02-09,484000,485000,473000,478000,1518143,0.022459893048128343
2026-02-10,499000,505000,479000,480500,1738747,0.0052301255230124966
2026-02-11,480500,515000,477000,509000,3270111,0.0593132154006244
2026-02-12,512000,512000,498000,506000,1733637,-0.005893909626719096
2026-02-13,499500,509500,497500,499000,1146667,-0.013833992094861691
