Date,Open,High,Low,Close,Volume,Change
2022-01-03,10585,10809,10332,10735,88745,0.014075193651993168
2022-01-04,10630,11405,10630,11405,132303,0.062412668840242214
2022-01-05,11345,11583,11092,11420,171464,0.0013152126260411734
2022-01-06,11286,11286,10869,11167,79237,-0.022154115586690004
2022-01-07,10868,11553,10868,11524,64611,0.031969194949404534
2022-01-10,11821,12536,11687,12075,323485,0.04781325928497049
2022-01-11,12060,12119,11613,12060,87654,-0.001242236024844745
2022-01-12,11985,12120,11970,12120,51077,0.004975124378109541
2022-01-13,11970,11985,11657,11673,77061,-0.036881188118811914
2022-01-14,11479,12476,11285,12075,150281,0.034438447699820074
2022-01-17,12461,12744,12000,12209,158265,0.01109730848861279
2022-01-18,11941,12611,11941,12492,174933,0.023179621590629917
2022-01-19,12476,12536,12119,12209,89012,-0.022654498879282725
2022-01-20,11971,12343,11971,12269,79768,0.004914407404373877
2022-01-21,12149,12342,11851,12045,105935,-0.018257396690846805
2022-01-24,11895,11970,11345,11345,115689,-0.05811540058115405
2022-01-25,11360,11643,10794,11078,156475,-0.023534596738651437
2022-01-26,10526,10779,10124,10199,307443,-0.07934645242823612
2022-01-27,10510,10615,10064,10124,141022,-0.00735366212373767
2022-01-28,9826,10913,9826,10571,236175,0.04415250888976696
2022-02-03,11880,11880,11017,11345,348836,0.0732191845615362
2022-02-04,11479,13042,11017,11911,795611,0.0498898193036581
2022-02-07,11479,11941,10824,11450,351609,-0.03870371925111238
2022-02-08,11211,11568,11032,11122,120285,-0.028646288209607018
2022-02-09,11122,11450,11003,11450,165009,0.029491098723251286
2022-02-10,11985,14651,11792,13892,4500608,0.2132751091703058
2022-02-11,13742,15186,13251,13981,2005222,0.006406564929455794
2022-02-14,13981,13981,12954,12954,469496,-0.07345683427508765
2022-02-15,11911,13966,11554,13341,1300038,0.029874942102825486
2022-02-16,12952,14739,12446,13370,1588868,0.0021737500936960252
2022-02-17,13563,13683,12387,12641,483741,-0.05452505609573677
2022-02-18,12253,12685,12178,12313,316867,-0.025947314294755164
2022-02-21,12030,13906,11866,13043,1162299,0.059286932510354884
2022-02-22,12878,13414,12580,12819,525575,-0.017173963045311713
2022-02-23,13683,14829,13310,14651,2067818,0.14291286371791867
2022-02-24,14427,14799,13280,13385,1046364,-0.08641048392601192
2022-02-25,13936,14948,13921,14115,1296446,0.05453866268210694
2022-02-28,13995,14337,13548,13832,443119,-0.02004959263195183
2022-03-02,13831,13831,13340,13400,269544,-0.031231925968768115
2022-03-03,13235,13459,12819,13251,257892,-0.011119402985074633
2022-03-04,13116,13280,12655,12715,227609,-0.04044977737529243
2022-03-07,12580,12580,11866,11911,271004,-0.0632324026740071
2022-03-08,11642,11761,11389,11479,301054,-0.03626899504659553
2022-03-10,11300,11672,10958,11390,324402,-0.0077532886139907164
2022-03-11,11419,11732,11196,11554,202791,0.014398595258999114
2022-03-14,11017,11047,10407,10512,436292,-0.09018521724078243
2022-03-15,10601,10764,10437,10482,115125,-0.0028538812785388057
2022-03-16,10705,10779,10481,10512,95060,0.0028620492272466436
2022-03-17,10466,10674,10049,10258,256024,-0.024162861491628607
2022-03-18,10242,10540,10093,10258,171245,0.0
2022-03-21,10273,10317,10049,10065,118411,-0.018814583739520385
2022-03-22,10064,10526,9990,10467,143055,0.039940387481371076
2022-03-23,10467,10496,10124,10229,267685,-0.022738129358937598
2022-03-24,9752,10183,9737,9931,291534,-0.029132857561834036
2022-03-25,9930,10332,9871,10169,196791,0.023965360990836793
2022-03-28,10333,10377,9946,9991,188246,-0.017504179368669437
2022-03-29,9915,10049,9677,10020,292853,0.0029026123511159962
2022-03-30,9915,9915,8530,8918,1033789,-0.1099800399201597
2022-03-31,8620,9528,8501,8963,668759,0.00504597443372945
2022-04-01,8843,9677,8843,9380,227888,0.04652460113801182
2022-04-04,9573,9886,9395,9395,359582,0.0015991471215350828
2022-04-05,9395,9737,9290,9693,168079,0.03171899946780199
2022-04-06,9693,9945,9499,9693,149966,0.0
2022-04-07,9752,9826,9573,9797,151138,0.010729392344991151
2022-04-08,9722,10213,9722,10035,168403,0.024293150964580956
2022-04-11,10615,10660,9931,9931,314744,-0.01036372695565524
2022-04-12,9871,10020,8963,9931,375662,0.0
2022-04-13,9856,10124,9617,9767,102022,-0.016513946228979948
2022-04-14,9707,10333,9648,10244,294607,0.04883792362035422
2022-04-15,10198,10868,9945,10258,378858,0.001366653650917593
2022-04-18,10050,10154,9722,9812,157018,-0.04347826086956519
2022-04-19,9678,9678,9395,9574,159357,-0.024256013045250713
2022-04-20,9543,9901,9484,9574,112705,0.0
2022-04-21,9573,9662,9454,9499,85318,-0.007833716315019834
2022-04-22,9453,9483,8754,8799,319587,-0.07369196757553431
2022-04-25,8978,9007,8620,8755,193883,-0.005000568246391612
2022-04-26,8530,8754,7845,8129,483073,-0.07150199885779551
2022-04-27,7875,8277,7458,8248,444673,0.014638946979948386
2022-04-28,8054,8084,7592,7593,205499,-0.07941319107662459
2022-04-29,7504,8189,7489,8085,295825,0.06479652311339401
2022-05-02,9975,9975,8709,8933,1745878,0.10488559059987623
2022-05-03,8814,8814,8173,8204,451299,-0.08160752266875626
2022-05-04,8292,8292,7577,7608,332402,-0.07264748902974161
2022-05-06,7533,7890,7205,7578,260375,-0.0039432176656151174
2022-05-09,7876,9529,7831,8770,1646107,0.15729743995777246
2022-05-10,9067,9067,8233,8278,403358,-0.056100342075256604
2022-05-11,8278,8367,7950,8040,181938,-0.028750906015945876
2022-05-12,8039,8501,7831,8040,241053,0.0
2022-05-13,8040,8219,7816,8100,173185,0.00746268656716409
2022-05-16,8128,8769,8024,8397,363342,0.036666666666666625
2022-05-17,8456,8590,8143,8263,156931,-0.01595808026676193
2022-05-18,8307,8352,7890,7995,169485,-0.03243374077211669
2022-05-19,7980,8174,7742,8085,174654,0.011257035647279645
2022-05-20,8084,8129,7920,8040,112165,-0.005565862708719838
2022-05-23,8099,8114,7890,7921,102088,-0.01480099502487564
2022-05-24,8010,8039,7622,7653,136017,-0.033834111854563864
2022-05-25,7741,7860,7533,7593,127130,-0.00784006272050175
2022-05-26,7503,7697,7488,7519,72215,-0.009745818517055138
2022-05-27,7608,7712,7474,7534,68569,0.0019949461364543453
2022-05-30,7533,7607,7235,7474,192144,-0.007963897000265452
2022-05-31,7458,7473,7205,7444,217552,-0.0040139149050040235
2022-06-02,7236,7325,6848,6998,304379,-0.059914024717893644
2022-06-03,6922,7265,6639,7027,459230,0.004144041154615641
2022-06-07,6922,7146,6773,7027,230556,0.0
2022-06-08,7116,7116,6834,6834,91956,-0.027465490251885605
2022-06-09,5940,6521,5925,6164,732291,-0.0980392156862745
2022-06-10,6148,6148,5538,5598,639279,-0.09182349123945488
2022-06-13,5374,5776,5270,5315,312214,-0.050553769203286913
2022-06-14,5061,5210,4942,5166,336240,-0.0280338664158043
2022-06-15,5091,5300,4749,4958,319521,-0.04026325977545486
2022-06-16,4988,5136,4883,4988,134719,0.006050826946349286
2022-06-17,4689,5077,4689,4973,268731,-0.00300721732157172
2022-06-20,4972,5851,4883,5375,1253330,0.08083651719284135
2022-06-21,5374,5374,4986,5002,278125,-0.06939534883720933
2022-06-22,5076,5091,4585,4645,280269,-0.07137145141943224
2022-06-23,4615,4689,4287,4303,203832,-0.07362755651237896
2022-06-24,4301,4748,4301,4704,361957,0.09319079711828948
2022-06-27,4688,4763,4569,4719,143307,0.0031887755102040227
2022-06-28,4629,4734,4540,4660,145375,-0.01250264886628527
2022-06-29,4614,4793,4451,4749,102463,0.019098712446351973
2022-06-30,4630,4868,4525,4541,124876,-0.04379869446199203
2022-07-01,4570,4614,4331,4362,112705,-0.039418630257652465
2022-07-04,4391,4957,4361,4764,493903,0.09215955983493807
2022-07-05,4898,6178,4600,5628,2165226,0.18136020151133492
2022-07-06,5746,5746,5419,5419,455035,-0.03713574982231693
2022-07-07,5359,5835,5359,5568,361336,0.027495847942424767
2022-07-08,5716,6833,5508,6491,1290305,0.16576867816091956
2022-07-11,6893,7429,6715,6715,1230191,0.03450932059775069
2022-07-12,6967,7816,6699,7578,1797480,0.12851824274013413
2022-07-13,7756,7801,7265,7623,782613,0.005938242280284944
2022-07-14,7503,7592,7146,7578,558092,-0.005903187721369552
2022-07-15,7592,7726,7339,7578,366133,0.0
2022-07-18,7533,7533,7131,7236,298256,-0.04513064133016631
2022-07-19,7235,7503,7190,7221,232340,-0.0020729684908789014
2022-07-20,7206,7325,7042,7102,249146,-0.016479711951253306
2022-07-21,7101,7101,6520,6610,385464,-0.06927626020839195
2022-07-22,6640,6744,6431,6536,189985,-0.011195158850226927
2022-07-25,6490,6490,6103,6357,185074,-0.02738678090575275
2022-07-26,6328,6640,6209,6209,172166,-0.02328142205442818
2022-07-27,6208,6461,6118,6134,109152,-0.01207923981317438
2022-07-28,6133,6163,5746,5851,311614,-0.04613628953374638
2022-07-29,5940,5940,5478,5702,289474,-0.02546573235344385
2022-08-01,5701,5806,5642,5732,71157,0.005261311820413894
2022-08-02,5761,5866,5657,5777,113929,0.007850662944870912
2022-08-03,5777,5777,5539,5539,131307,-0.04119785355720962
2022-08-04,5583,5583,5255,5375,237791,-0.029608232532948198
2022-08-05,5359,5568,5359,5524,155123,0.02772093023255806
2022-08-08,5522,5522,5373,5508,86673,-0.002896451846488013
2022-08-09,5508,5910,5493,5747,294994,0.04339143064633255
2022-08-10,5717,5881,5538,5643,228490,-0.018096398120758694
2022-08-11,5613,5791,5419,5539,114165,-0.01842991316675524
2022-08-12,5552,5567,5314,5419,179173,-0.021664560389962118
2022-08-16,5478,5478,5254,5389,180537,-0.005536076766931131
2022-08-17,5225,5300,5121,5196,201463,-0.035813694562998655
2022-08-18,5181,5181,4913,4988,207394,-0.0400307929176289
2022-08-19,5002,5091,4853,5047,93675,0.011828388131515544
2022-08-22,4867,5001,4629,4734,237377,-0.062017039825639
2022-08-23,4585,4689,4421,4437,258045,-0.06273764258555137
2022-08-24,4406,4525,4317,4377,148467,-0.013522650439486195
2022-08-25,4406,4585,4361,4496,148545,0.027187571395933308
2022-08-26,4630,4630,4495,4526,79174,0.006672597864768592
2022-08-29,4391,4466,4213,4407,99722,-0.0262925320371189
2022-08-30,4376,4466,4316,4466,102823,0.013387792148854105
2022-08-31,4436,4689,4302,4541,86757,0.016793551276309993
2022-09-01,4466,4629,4317,4377,175248,-0.03611539308522349
2022-09-02,4436,4481,4317,4392,71765,0.0034270047978066653
2022-09-05,4391,4406,4152,4168,177743,-0.051001821493624755
2022-09-06,4198,4332,4198,4258,48807,0.021593090211132537
2022-09-07,4257,4287,4034,4109,166568,-0.03499295443870365
2022-09-08,4138,4168,3840,3930,238280,-0.04356291068386464
2022-09-13,4004,4243,3900,4154,144140,0.05699745547073798
2022-09-14,3944,4197,3885,4183,56543,0.006981222917669783
2022-09-15,4183,4183,3929,3960,108208,-0.053311020798469944
2022-09-16,3885,4138,3721,3722,124951,-0.0601010101010101
2022-09-19,3751,3811,3528,3573,180513,-0.040032240730789925
2022-09-20,3498,3677,3424,3469,114219,-0.029107192835152507
2022-09-21,3379,3543,3274,3439,177095,-0.008648025367541057
2022-09-22,3305,3439,3260,3350,91774,-0.02587961616749057
2022-09-23,3289,3319,3080,3111,166466,-0.07134328358208952
2022-09-26,3037,3126,2962,3037,201610,-0.023786563805850203
2022-09-27,2879,3096,2879,3052,72551,0.004939084622983314
2022-09-28,3051,3170,2887,2992,109389,-0.019659239842726106
2022-09-29,2977,3170,2977,2977,127310,-0.0050133689839572115
2022-09-30,2893,3021,2893,2956,52738,-0.007054081289889158
2022-10-04,2991,3036,2961,2968,93072,0.004059539918809252
2022-10-05,3007,3022,2858,2939,176343,-0.009770889487870638
2022-10-06,2970,3021,2860,2974,100805,0.011908812521265633
2022-10-07,2922,2991,2922,2950,34718,-0.00806993947545398
2022-10-11,2953,2953,2792,2900,124471,-0.016949152542372836
2022-10-12,2824,3170,2806,2950,159495,0.01724137931034475
2022-10-13,2961,2976,2803,2822,72494,-0.04338983050847456
2022-10-14,2857,3066,2857,2956,102607,0.04748405386250876
2022-10-17,2973,3021,2923,2971,58789,0.005074424898511509
2022-10-18,3095,3304,2970,3260,259775,0.09727364523729376
2022-10-19,3319,3349,3170,3245,129661,-0.004601226993865004
2022-10-20,3230,3230,3036,3052,100556,-0.05947611710323575
2022-10-21,3007,3052,2926,2930,103776,-0.03997378768020965
2022-10-24,2943,3036,2943,2968,64341,0.012969283276450527
2022-10-25,2977,3110,2967,2977,72563,0.0030323450134770447
2022-10-26,3022,3245,2917,3022,219717,0.015115888478333783
2022-10-27,3036,3066,2961,2992,107425,-0.00992720052945073
2022-10-28,2991,2991,2934,2968,85123,-0.008021390374331583
2022-10-31,3052,3201,3007,3097,168199,0.04346361185983838
2022-11-01,3110,3170,3021,3126,156577,0.009363900548918336
2022-11-02,3125,3349,3051,3275,193610,0.04766474728087022
2022-11-03,3155,3215,3036,3141,226565,-0.04091603053435111
2022-11-04,3126,3141,2974,3022,150961,-0.03788602355937598
2022-11-07,3037,3081,2992,3037,83492,0.00496360026472531
2022-11-08,3066,3155,3006,3126,146449,0.029305235429700316
2022-11-09,3155,3185,3095,3126,71679,0.0
2022-11-10,3066,3185,3051,3126,112597,0.0
2022-11-11,3215,3244,3006,3111,427720,-0.004798464491362786
2022-11-14,3215,3959,3140,3558,1914920,0.14368370298939248
2022-11-15,3603,3603,3394,3603,346554,0.012647554806070715
2022-11-16,3721,4287,3632,4139,1512602,0.14876491812378578
2022-11-17,4064,4079,3781,3856,370199,-0.06837400338245958
2022-11-18,3825,3974,3572,3617,306960,-0.06198132780082988
2022-11-21,3528,3617,3409,3469,142836,-0.04091788775228089
2022-11-22,3334,3468,3334,3439,90793,-0.008648025367541057
2022-11-23,3438,3617,3334,3513,141741,0.021517883105554025
2022-11-24,3483,3677,3468,3588,105005,0.021349274124679685
2022-11-25,3617,3871,3543,3767,250684,0.049888517279821576
2022-11-28,3751,3856,3602,3767,158919,0.0
2022-11-29,3765,3825,3706,3796,42681,0.007698433766923252
2022-11-30,3796,3900,3691,3796,115704,0.0
2022-12-01,3810,3959,3766,3826,90154,0.007903055848261342
2022-12-02,3826,4109,3766,3901,258321,0.019602718243596495
2022-12-05,3929,4108,3825,3960,107065,0.015124327095616508
2022-12-06,3959,4346,3899,4064,409178,0.02626262626262621
2022-12-07,4094,4183,4034,4154,129136,0.022145669291338654
2022-12-08,4064,4302,3901,3901,207777,-0.060905151661049595
2022-12-09,3855,4183,3736,4005,218038,0.02665983081261225
2022-12-12,4019,4317,4004,4139,183563,0.033458177278401946
2022-12-13,4153,4480,4108,4347,320315,0.05025368446484668
2022-12-14,4554,4689,4495,4585,318264,0.054750402576489554
2022-12-15,4615,4615,4480,4496,113827,-0.01941112322791716
2022-12-16,4435,4852,4361,4838,376981,0.07606761565836306
2022-12-19,5121,5300,4556,4556,499828,-0.05828854898718483
2022-12-20,4600,4719,4227,4258,190402,-0.06540825285338014
2022-12-21,4272,4406,4242,4347,68908,0.02090183184593708
2022-12-22,4362,4600,4332,4422,127589,0.017253278122843385
2022-12-23,4421,4421,4153,4362,147022,-0.013568521031207648
2022-12-26,4361,4451,4272,4377,167800,0.003438789546079679
2022-12-27,4301,4480,4212,4332,151765,-0.010281014393420107
2022-12-28,4302,4585,4228,4407,166748,0.01731301939058172
2022-12-29,4391,4599,4316,4451,89138,0.009984116178806346
2023-01-02,4450,4644,4421,4466,78257,0.0033700292069198667
2023-01-03,4495,4555,4391,4481,70968,0.0033587102552619097
2023-01-04,4510,4540,4435,4466,64938,-0.0033474670832402964
2023-01-05,4540,4570,4421,4481,51425,0.0033587102552619097
2023-01-06,4437,4526,4318,4318,101081,-0.03637580897121173
2023-01-09,4318,4437,4124,4318,123265,0.0
2023-01-10,4317,4317,4227,4228,56711,-0.020842982862436354
2023-01-11,4197,4257,4078,4168,126033,-0.014191106906338735
2023-01-12,4212,4227,4123,4168,34007,0.0
2023-01-13,4168,4243,4094,4154,32751,-0.0033589251439539725
2023-01-16,4212,4212,4033,4049,39788,-0.025276841598459332
2023-01-17,4049,4109,3871,3871,73004,-0.04396147196838729
2023-01-18,3915,3945,3691,3707,78965,-0.042366313614053186
2023-01-19,3796,3826,3647,3767,66695,0.01618559482060955
2023-01-20,3766,3856,3632,3752,72839,-0.0039819485001327815
2023-01-25,3781,3826,3709,3746,39077,-0.0015991471215351938
2023-01-26,3724,3778,3694,3713,43665,-0.008809396689802407
2023-01-27,3760,3760,3613,3641,90026,-0.019391327767304012
2023-01-30,3617,3620,3527,3552,92037,-0.024443834111507856
2023-01-31,3489,3573,3441,3466,122516,-0.02421171171171166
2023-02-01,3465,3465,3286,3421,151282,-0.012983266012694727
2023-02-02,3470,3551,3459,3510,56876,0.02601578485822853
2023-02-03,3548,3629,3492,3534,83420,0.006837606837606813
2023-02-06,3528,3528,3396,3412,68506,-0.03452178834182229
2023-02-07,3415,3463,3328,3344,48831,-0.01992966002344665
2023-02-08,3427,3427,3304,3335,69733,-0.002691387559808578
2023-02-09,3335,3335,3156,3222,137523,-0.03388305847076467
2023-02-10,3191,3311,3129,3228,135031,0.0018621973929235924
2023-02-13,3188,3376,3137,3165,77558,-0.01951672862453535
2023-02-14,3260,3260,3099,3106,63829,-0.018641390205371255
2023-02-15,3075,3165,3046,3106,88646,0.0
2023-02-16,3089,3215,3086,3120,76773,0.004507405022537103
2023-02-17,3060,3167,3054,3165,78569,0.014423076923076872
2023-02-20,3126,3349,3126,3329,97494,0.05181674565560823
2023-02-21,3295,3432,3274,3424,73061,0.02853709822769601
2023-02-22,3403,3412,3286,3302,54390,-0.03563084112149528
2023-02-23,3304,3424,3254,3320,42885,0.005451241671714069
2023-02-24,3275,3329,3185,3207,60579,-0.03403614457831328
2023-02-27,3206,3206,3039,3049,128725,-0.04926722793888372
2023-02-28,3022,3180,2992,3073,78833,0.007871433256805505
2023-03-02,3096,3155,3019,3019,30454,-0.01757240481614053
2023-03-03,3009,3060,2977,3031,73798,0.003974826101358131
2023-03-06,3030,3090,2970,2983,111788,-0.01583635763774327
2023-03-07,2997,3024,2967,2992,51820,0.0030170968823333144
2023-03-08,2985,3003,2958,2995,38094,0.00100267379679142
2023-03-09,2976,2991,2922,2965,55343,-0.01001669449081799
2023-03-10,2965,2965,2882,2933,52348,-0.010792580101180449
2023-03-13,2929,2929,2798,2888,56516,-0.015342652574156124
2023-03-14,2887,2887,2797,2828,41707,-0.020775623268698085
2023-03-15,2827,2881,2815,2822,35650,-0.0021216407355021394
2023-03-16,2821,2878,2741,2843,61604,0.007441530829199072
2023-03-17,2842,3033,2842,3010,70962,0.05874076679563833
2023-03-20,2958,3036,2958,2995,32247,-0.004983388704318914
2023-03-21,2995,3421,2986,3186,309068,0.06377295492487489
2023-03-22,3253,3394,3140,3394,118132,0.06528562460765852
2023-03-23,3399,3899,3399,3611,669133,0.06393635827931643
2023-03-24,3611,3611,3396,3498,91477,-0.03129327056217113
2023-03-27,3441,3498,3293,3293,96196,-0.0586049170954831
2023-03-28,3308,3335,3228,3228,52036,-0.019738839963559074
2023-03-29,3220,3390,3214,3242,60354,0.004337050805452325
2023-03-30,3244,3477,3241,3391,71810,0.04595928439235042
2023-03-31,3399,3691,3387,3549,242690,0.04659392509584204
2023-04-03,3549,3549,3325,3341,112510,-0.05860805860805862
2023-04-04,3316,3424,3272,3320,72227,-0.006285543250523773
2023-04-05,3322,3474,3274,3427,69316,0.032228915662650515
2023-04-06,3427,3510,3307,3350,67370,-0.02246863145608402
2023-04-07,3394,3394,3251,3356,64246,0.0017910447761193549
2023-04-10,3355,3355,3170,3239,96814,-0.03486293206197855
2023-04-11,3236,3236,3132,3213,58048,-0.008027168879283675
2023-04-12,3280,3319,3167,3266,82389,0.016495487083722393
2023-04-13,3265,3325,3182,3248,65745,-0.005511328842620955
2023-04-14,3218,3379,3218,3281,76860,0.010160098522167482
2023-04-17,3361,3361,3164,3192,94511,-0.027125876257238613
2023-04-18,3161,3247,3089,3123,89216,-0.021616541353383423
2023-04-19,3123,3153,3036,3049,90193,-0.02369516490553958
2023-04-20,3126,3126,2976,3019,54744,-0.009839291571006936
2023-04-21,3018,3093,2980,3037,48327,0.005962239152037085
2023-04-24,3037,3221,3034,3207,141001,0.055976292393809635
2023-04-25,3212,3212,3021,3058,64183,-0.04646086685375739
2023-04-26,3021,3069,2983,3034,20373,-0.007848266841072649
2023-04-27,3003,3033,2946,2977,127103,-0.018787079762689562
2023-04-28,3057,3084,2944,3007,52306,0.010077258985556004
2023-05-02,3123,3126,3001,3061,53631,0.017958097771865633
2023-05-03,3057,3057,2976,2992,39029,-0.022541653054557353
2023-05-04,2985,3078,2946,2977,42315,-0.0050133689839572115
2023-05-08,2979,3006,2946,2965,29246,-0.004030903594222424
2023-05-09,3063,3063,2827,2977,61781,0.004047217537942682
2023-05-10,3006,3006,2920,2983,19195,0.0020154517971111563
2023-05-11,2976,3021,2970,2986,38184,0.0010056989607778455
2023-05-12,2982,2994,2946,2971,22047,-0.005023442732752792
2023-05-15,2971,2977,2858,2858,66150,-0.03803433187478966
2023-05-16,2858,2947,2798,2927,30367,0.024142757172848084
2023-05-17,2968,2968,2861,2927,15210,0.0
2023-05-18,2956,2962,2890,2927,12749,0.0
2023-05-19,2926,2941,2754,2936,25827,0.003074820635462938
2023-05-22,2934,2991,2899,2965,17786,0.009877384196185224
2023-05-23,2989,2989,2876,2876,33644,-0.03001686340640808
2023-05-24,2875,3736,2875,3156,2147350,0.09735744089012521
2023-05-25,3111,3186,3075,3094,168202,-0.019645120405576644
2023-05-26,3093,3102,3012,3025,87651,-0.022301228183581157
2023-05-30,2976,3120,2976,3120,108489,0.03140495867768589
2023-05-31,2753,2902,2681,2700,696757,-0.13461538461538458
2023-06-01,2694,2694,2462,2516,548965,-0.06814814814814818
2023-06-02,2500,2601,2443,2575,280353,0.02344992050874395
2023-06-05,2590,2596,2506,2534,80740,-0.015922330097087434
2023-06-07,2527,2551,2494,2510,83813,-0.009471191791633804
2023-06-08,2482,2542,2470,2486,59463,-0.009561752988047845
2023-06-09,2485,2512,2443,2480,73433,-0.002413515687851975
2023-06-12,2479,2500,2437,2456,34712,-0.009677419354838679
2023-06-13,2459,2468,2385,2385,76179,-0.028908794788273573
2023-06-14,2402,2402,2291,2307,194504,-0.03270440251572326
2023-06-15,2292,2307,2206,2206,112240,-0.04377980060684872
2023-06-16,2205,2315,2205,2280,75756,0.03354487760652769
2023-06-19,2286,2378,2262,2340,69271,0.026315789473684292
2023-06-20,2312,2372,2235,2316,81330,-0.01025641025641022
2023-06-21,2277,2367,2247,2257,27938,-0.025474956822107098
2023-06-22,2257,2289,2232,2257,25048,0.0
2023-06-23,2244,2295,2241,2257,25285,0.0
2023-06-26,2250,2345,2187,2203,100514,-0.023925564909171415
2023-06-27,2202,2223,2172,2200,31096,-0.001361779391738538
2023-06-28,2199,2217,2175,2194,28910,-0.0027272727272726893
2023-06-29,2170,2185,2084,2126,84790,-0.030993618960802216
2023-06-30,2119,2155,2113,2129,43377,0.0014111006585135755
2023-07-03,2127,2214,2119,2167,49137,0.01784875528417107
2023-07-04,2199,2199,2075,2075,126816,-0.042455006922011984
2023-07-05,2078,2093,1979,1992,235932,-0.040000000000000036
2023-07-06,1982,2021,1920,1977,92949,-0.0075301204819276935
2023-07-07,1958,1973,1919,1950,77549,-0.01365705614567525
2023-07-10,1946,1985,1920,1986,40082,0.01846153846153853
2023-07-11,1985,2021,1949,1983,57820,-0.0015105740181269312
2023-07-12,1973,1982,1934,1941,31368,-0.021180030257186067
2023-07-13,1940,2110,1925,2057,189841,0.05976300875837204
2023-07-14,2147,2400,2047,2054,544194,-0.001458434613514803
2023-07-17,2034,2057,1970,2034,67295,-0.009737098344693274
2023-07-18,2007,2030,1833,1854,313116,-0.08849557522123896
2023-07-19,1853,1883,1833,1867,75004,0.007011866235167252
2023-07-20,1867,2034,1864,1951,147303,0.04499196572040698
2023-07-21,1984,2451,1934,2131,833456,0.09226037929267039
2023-07-24,2150,2297,2026,2047,196698,-0.0394181135617081
2023-07-25,2046,2157,2033,2087,129400,0.019540791402051783
2023-07-26,2086,2710,2070,2427,3017429,0.16291327264015343
2023-07-27,2363,2663,2350,2427,877982,0.0
2023-07-28,2497,2590,2420,2427,209954,0.0
2023-07-31,2467,2500,2327,2404,223993,-0.009476720230737534
2023-08-01,2400,2497,2326,2427,161702,0.009567387687188011
2023-08-02,2427,2644,2427,2541,347334,0.046971569839307836
2023-08-03,2497,3250,2477,2834,2268736,0.11530893349075177
2023-08-04,2918,2934,2551,2628,462195,-0.07268877911079741
2023-08-07,2651,2654,2511,2628,175779,0.0
2023-08-08,2581,2597,2400,2501,214566,-0.04832572298325721
2023-08-09,2453,2634,2423,2584,133229,0.0331867253098761
2023-08-10,2560,2617,2504,2591,61118,0.002708978328173295
2023-08-11,2537,2591,2504,2511,55002,-0.030876109610189162
2023-08-14,2501,3034,2384,2401,426616,-0.04380724810832337
2023-08-16,2401,2701,2331,2331,125355,-0.029154518950437303
2023-08-17,2330,2500,2330,2367,66182,0.015444015444015413
2023-08-18,2367,2367,2101,2101,217906,-0.11237853823405153
2023-08-21,2101,2177,2047,2101,82557,0.0
2023-08-22,2100,2130,2023,2064,74128,-0.017610661589719134
2023-08-23,2064,2177,2064,2131,127049,0.032461240310077466
2023-08-24,2150,2217,2133,2184,58051,0.02487095260441108
2023-08-25,2140,2254,2140,2241,61802,0.026098901098901006
2023-08-28,2240,2273,2160,2177,35044,-0.028558679161088785
2023-08-29,2180,2230,2174,2174,68992,-0.0013780431786862835
2023-08-30,2210,2277,2200,2241,99653,0.030818767249310097
2023-08-31,2294,2294,2134,2134,117847,-0.0477465417224453
2023-09-01,2120,2774,2094,2641,1637879,0.23758200562324272
2023-09-04,2547,2583,2293,2367,291174,-0.10374858008330179
2023-09-05,2434,2524,2317,2401,199616,0.014364174059991575
2023-09-06,2487,2634,2407,2601,306880,0.08329862557267798
2023-09-07,2624,2794,2514,2768,253757,0.06420607458669747
2023-09-08,2774,2934,2667,2881,240091,0.04082369942196529
2023-09-11,2900,3087,2833,3034,365782,0.053106560222144994
2023-09-12,3051,3128,2988,3065,306835,0.010217534607778411
2023-09-13,3195,3195,3001,3065,414125,0.0
2023-09-14,3980,3980,3980,3980,134351,0.298531810766721
2023-09-15,4300,4725,3765,3875,2736443,-0.02638190954773867
2023-09-18,3915,3980,3490,3660,298168,-0.05548387096774199
2023-09-19,3660,3690,3505,3600,128606,-0.016393442622950838
2023-09-20,3565,3580,3265,3265,119048,-0.09305555555555556
2023-09-21,3265,3415,3230,3360,96333,0.029096477794793296
2023-09-22,3325,3335,3110,3140,86119,-0.06547619047619047
2023-09-25,3130,3195,2960,3010,53093,-0.04140127388535031
2023-09-26,2350,2915,2330,2885,1182562,-0.0415282392026578
2023-09-27,2710,3160,2710,3020,129367,0.04679376083188913
2023-10-04,2800,3095,2780,2955,198648,-0.021523178807947074
2023-10-05,2945,3050,2850,2945,80391,-0.0033840947546531774
2023-10-06,2500,2740,2500,2700,2036060,-0.08319185059422751
2023-10-10,2700,2780,2585,2615,419228,-0.031481481481481444
2023-10-11,2565,2680,2465,2665,685324,0.019120458891013437
2023-10-12,2645,2960,2625,2815,432980,0.05628517823639778
2023-10-13,2810,2810,2550,2715,205060,-0.035523978685612745
2023-10-16,2700,2765,2630,2740,107824,0.009208103130755152
2023-10-17,2715,2775,2660,2720,103332,-0.007299270072992692
2023-10-18,2670,2775,2670,2685,144660,-0.012867647058823484
2023-10-19,2685,2700,2550,2570,205921,-0.04283054003724396
2023-10-20,2595,2595,2450,2450,245094,-0.046692607003890996
2023-10-23,2400,2670,2400,2430,75851,-0.008163265306122436
2023-10-24,2400,2505,2280,2450,205150,0.008230452674897082
2023-10-25,2450,2575,2365,2485,182678,0.014285714285714235
2023-10-26,2400,2545,2300,2535,178414,0.02012072434607637
2023-10-27,2535,2610,2430,2495,137723,-0.015779092702169595
2023-10-30,2495,2495,2295,2330,117947,-0.06613226452905807
2023-10-31,2320,2330,2235,2270,87473,-0.025751072961373356
2023-11-01,2290,2340,2215,2215,48909,-0.024229074889867808
2023-11-02,2215,2400,2215,2340,135945,0.05643340857787815
2023-11-03,2325,2445,2240,2375,149361,0.014957264957264904
2023-11-06,2375,2765,2375,2590,451868,0.09052631578947379
2023-11-07,2605,2605,2425,2515,159433,-0.02895752895752901
2023-11-08,2510,2800,2475,2800,278466,0.11332007952286283
2023-11-09,2810,2840,2630,2745,209866,-0.019642857142857184
2023-11-10,2745,2855,2685,2845,239783,0.03642987249544616
2023-11-13,2820,2845,2650,2760,232012,-0.02987697715289983
2023-11-14,2695,2830,2680,2815,230907,0.019927536231884035
2023-11-15,2720,2720,2395,2500,1049651,-0.11190053285968027
2023-11-16,2650,3250,2620,2920,11118864,0.16799999999999993
2023-11-17,2990,3120,2820,2980,1687033,0.020547945205479534
2023-11-20,2955,2965,2775,2920,737327,-0.020134228187919434
2023-11-21,2865,3125,2865,3090,1116330,0.05821917808219168
2023-11-22,3090,3100,2995,3065,625164,-0.008090614886731351
2023-11-23,3620,3980,3465,3670,10361371,0.19738988580750405
2023-11-24,3700,4250,3645,3850,6349417,0.04904632152588562
2023-11-27,3860,3925,3455,3455,1537816,-0.10259740259740258
2023-11-28,3400,3575,3335,3490,854211,0.01013024602026058
2023-11-29,3420,3435,3275,3335,464220,-0.044412607449856756
2023-11-30,3490,4335,3420,3770,9596880,0.13043478260869557
2023-12-01,3650,3885,3545,3700,1328097,-0.018567639257294433
2023-12-04,3850,4035,3735,4000,1410309,0.08108108108108114
2023-12-05,3920,4175,3805,4045,1239759,0.011249999999999982
2023-12-06,4050,4120,3950,4065,506391,0.0049443757725586845
2023-12-07,4065,4110,3850,3975,508205,-0.022140221402214055
2023-12-08,3925,4050,3775,4005,472603,0.007547169811320753
2023-12-11,3945,3950,3705,3705,313409,-0.07490636704119846
2023-12-12,3760,3800,3665,3665,189941,-0.010796221322537103
2023-12-13,3665,3985,3645,3920,378377,0.06957708049113243
2023-12-14,3925,3990,3865,3945,211697,0.0063775510204082675
2023-12-15,3925,4020,3880,3990,309996,0.011406844106463865
2023-12-18,4385,4385,4050,4120,903252,0.032581453634085156
2023-12-19,4020,4155,3940,4130,304549,0.0024271844660195274
2023-12-20,4070,4175,3970,4005,294028,-0.030266343825665842
2023-12-21,3930,3995,3865,3900,269807,-0.02621722846441943
2023-12-22,3900,4050,3565,3650,607969,-0.0641025641025641
2023-12-26,3650,3705,3065,3250,1042385,-0.1095890410958904
2023-12-27,3260,3980,3260,3550,1725505,0.0923076923076922
2023-12-28,3500,3590,3415,3585,180251,0.009859154929577452
2024-01-02,3560,3875,3560,3785,366301,0.05578800557880048
2024-01-03,3725,3765,3500,3590,204819,-0.0515191545574637
2024-01-04,3535,3645,3045,3180,907575,-0.11420612813370479
2024-01-05,3255,3440,3020,3105,838631,-0.02358490566037741
2024-01-08,3255,3270,2830,3000,1004828,-0.033816425120772986
2024-01-09,3020,3080,2795,2885,817934,-0.03833333333333333
2024-01-10,2925,2925,2460,2610,1800194,-0.09532062391681106
2024-01-11,2630,2660,2460,2470,1066438,-0.05363984674329503
2024-01-12,2475,2475,1950,2085,7162535,-0.15587044534412953
2024-01-15,2085,2190,2015,2050,1682183,-0.016786570743405282
2024-01-16,2070,2320,1998,2230,4126038,0.08780487804878057
2024-01-17,2250,2330,2075,2250,1404817,0.008968609865470878
2024-01-18,2230,2235,2120,2170,528217,-0.03555555555555556
2024-01-19,2170,2250,2140,2205,518144,0.016129032258064502
2024-01-22,2210,2255,2050,2150,499171,-0.024943310657596363
2024-01-23,2145,2145,1973,1990,1086197,-0.07441860465116279
2024-01-24,1990,2020,1969,1970,305419,-0.01005025125628145
2024-01-25,1982,1994,1819,1844,721156,-0.06395939086294411
2024-01-26,1825,1825,1642,1728,1290003,-0.06290672451193058
2024-01-29,1727,1735,1562,1668,788021,-0.03472222222222221
2024-01-30,1674,1810,1666,1762,675980,0.05635491606714638
2024-01-31,1762,1777,1676,1694,355693,-0.0385925085130534
2024-02-01,1594,1694,1560,1665,466563,-0.017119244391971655
2024-02-02,1717,1799,1659,1754,571840,0.053453453453453426
2024-02-05,1780,1796,1650,1665,257357,-0.050741163055872285
2024-02-06,1660,1680,1600,1642,211603,-0.013813813813813858
2024-02-07,1610,1680,1610,1643,93785,0.0006090133982947776
2024-02-08,1680,1701,1634,1697,99926,0.03286670724284835
2024-02-13,1701,1758,1701,1756,198121,0.034767236299351856
2024-02-14,1757,1797,1700,1796,206876,0.02277904328018221
2024-02-15,1796,1815,1751,1809,152934,0.007238307349666018
2024-02-16,1820,1830,1779,1813,197398,0.002211166390270858
2024-02-19,1815,1832,1780,1790,99293,-0.012686155543298439
2024-02-20,1810,1817,1756,1781,97554,-0.005027932960893877
2024-02-21,1751,1764,1650,1671,339366,-0.061763054463784384
2024-02-22,1698,1698,1605,1612,268783,-0.03530819868342305
2024-02-23,1600,1628,1212,1226,4738231,-0.23945409429280395
2024-02-26,1237,1336,1125,1196,1541433,-0.024469820554649302
2024-02-27,1196,1197,1105,1148,869524,-0.04013377926421402
2024-02-28,1124,1188,1090,1096,649885,-0.04529616724738672
2024-02-29,1077,1120,1000,1067,736178,-0.026459854014598494
2024-03-04,1067,1120,1043,1120,387343,0.04967197750702912
2024-03-05,1120,1193,1080,1167,323842,0.041964285714285676
2024-03-06,1150,1185,1101,1101,246981,-0.05655526992287918
2024-03-07,1103,1154,1103,1132,254902,0.028156221616712163
2024-03-08,1185,1290,1150,1255,949778,0.10865724381625452
2024-03-11,1283,1600,1270,1474,8352158,0.17450199203187244
2024-03-12,1484,1490,1400,1410,846740,-0.04341926729986434
2024-03-13,1410,1419,1340,1346,422806,-0.04539007092198577
2024-03-14,1160,1448,1150,1355,1702956,0.006686478454680511
2024-03-15,1360,1364,1275,1324,399233,-0.022878228782287846
2024-03-18,1324,1476,1293,1396,758931,0.05438066465256797
2024-03-19,1437,1455,1384,1418,393732,0.015759312320916985
2024-03-20,1418,1488,1360,1433,509074,0.010578279266572732
2024-03-21,1505,1777,1478,1555,3475521,0.08513607815771107
2024-03-22,1540,1560,1485,1544,367762,-0.0070739549839228255
2024-03-25,1544,1569,1512,1518,194464,-0.016839378238341918
2024-03-26,1518,1569,1477,1503,194190,-0.00988142292490124
2024-03-27,1503,1679,1489,1610,1233465,0.0711909514304725
2024-03-28,1619,1619,1538,1541,382399,-0.042857142857142816
2024-03-29,1541,1550,1444,1458,374568,-0.05386112913692409
2024-04-01,1473,1538,1380,1433,388559,-0.01714677640603568
2024-04-02,1421,1443,1365,1384,232885,-0.03419399860432659
2024-04-03,1384,1423,1298,1415,245524,0.022398843930635737
2024-04-04,1415,1488,1312,1326,173558,-0.06289752650176683
2024-04-05,1312,1326,1212,1252,314108,-0.05580693815987936
2024-04-08,1252,1280,1193,1201,212048,-0.04073482428115016
2024-04-09,1201,1229,1163,1180,184623,-0.017485428809325576
2024-04-11,1174,1290,1140,1234,156542,0.045762711864406835
2024-04-12,1233,1332,1205,1272,230097,0.030794165316045286
2024-04-15,1291,1328,1247,1262,156213,-0.00786163522012584
2024-04-16,1253,1274,1220,1250,62573,-0.009508716323296307
2024-04-17,1225,1291,1225,1245,99508,-0.0040000000000000036
2024-04-18,1246,1284,1227,1247,107871,0.0016064257028112205
2024-04-19,1247,1275,1201,1218,90238,-0.023255813953488413
2024-04-22,1218,1246,1213,1225,46048,0.005747126436781658
2024-04-23,1274,1274,1207,1207,43755,-0.014693877551020362
2024-04-24,1208,1231,1204,1205,63786,-0.001657000828500399
2024-04-25,1205,1228,1175,1204,86678,-0.0008298755186721962
2024-04-26,1193,1220,1179,1201,63393,-0.002491694352159457
2024-04-29,1213,1242,1177,1197,85299,-0.0033305578684429404
2024-04-30,1198,1219,1189,1203,62019,0.005012531328320913
2024-05-02,1203,1208,1190,1199,42040,-0.0033250207813798616
2024-05-03,1192,1207,1185,1185,67085,-0.011676396997497895
2024-05-07,1197,1197,1182,1185,50283,0.0
2024-05-08,1195,1225,1185,1194,47669,0.0075949367088608
2024-05-09,1196,1200,1174,1174,79181,-0.01675041876046901
2024-05-10,1175,1200,1151,1171,38676,-0.0025553662691651935
2024-05-13,1171,1190,1147,1153,43776,-0.015371477369769404
2024-05-14,1160,1163,1140,1153,53898,0.0
2024-05-16,1153,1158,1130,1138,65656,-0.01300954032957502
2024-05-17,1138,1150,1076,1082,182113,-0.04920913884007028
2024-05-20,1082,1097,1020,1047,280254,-0.032347504621072054
2024-05-21,1047,1050,1007,1025,181358,-0.021012416427889202
2024-05-22,1020,1322,1020,1126,3234590,0.09853658536585375
2024-05-23,1125,1125,1030,1070,398897,-0.04973357015985791
2024-05-24,1072,1086,1033,1046,199961,-0.02242990654205612
2024-05-27,1035,1065,1030,1035,107913,-0.010516252390057379
2024-05-28,1025,1056,1012,1031,88923,-0.0038647342995169476
2024-05-29,1031,1033,1013,1018,86276,-0.012609117361784716
2024-05-30,1018,1023,997,1004,83509,-0.013752455795677854
2024-05-31,1004,1014,985,1002,157066,-0.0019920318725099584
2024-06-03,1000,1036,998,1000,139409,-0.001996007984031989
2024-06-04,981,1015,981,1003,78566,0.0029999999999998916
2024-06-05,1003,1008,993,998,85569,-0.004985044865403743
2024-06-07,998,1043,998,1020,81516,0.022044088176352616
2024-06-10,1020,1050,990,999,98333,-0.020588235294117685
2024-06-11,1000,1005,995,1003,70677,0.004004004004003914
2024-06-12,1000,1017,990,998,100006,-0.004985044865403743
2024-06-13,1019,1019,995,1003,46181,0.005010020040080221
2024-06-14,1003,1008,988,988,87187,-0.014955134596211339
2024-06-17,981,981,951,962,141762,-0.02631578947368418
2024-06-18,960,1170,960,1070,3794216,0.11226611226611216
2024-06-19,1056,1063,998,1002,297147,-0.06355140186915886
2024-06-20,1003,1012,951,999,119362,-0.0029940119760478723
2024-06-21,989,1025,982,998,92272,-0.0010010010010009784
2024-06-24,1001,1035,996,1000,83395,0.002004008016031955
2024-06-25,1032,1045,980,1045,295977,0.04499999999999993
2024-06-26,1089,1139,1035,1035,353091,-0.009569377990430672
2024-06-27,1035,1092,1000,1002,190102,-0.03188405797101446
2024-06-28,995,1028,995,1000,65958,-0.001996007984031989
2024-07-01,1000,1068,998,1068,130371,0.06800000000000006
2024-07-02,1033,1063,1033,1038,75879,-0.028089887640449396
2024-07-03,1029,1029,980,1005,119621,-0.03179190751445082
