Date,Open,High,Low,Close,Volume,Change
2022-01-03,4145,4265,4005,4265,1189255,0.032687651331719136
2022-01-04,4425,4470,4285,4320,2560871,0.01289566236811246
2022-01-05,4320,4415,4250,4280,859946,-0.0092592592592593
2022-01-06,4180,4265,4050,4060,855449,-0.051401869158878455
2022-01-07,4075,4240,4075,4210,543670,0.03694581280788167
2022-01-10,4190,4220,4065,4080,348428,-0.030878859857482177
2022-01-11,4090,4475,4035,4240,5073143,0.03921568627450989
2022-01-12,4240,4435,4215,4330,2584450,0.021226415094339535
2022-01-13,4375,4420,4300,4310,806488,-0.004618937644341847
2022-01-14,4200,4475,4170,4420,1663374,0.025522041763341052
2022-01-17,4395,4425,4165,4180,1183959,-0.05429864253393668
2022-01-18,4180,4250,4005,4010,754429,-0.04066985645933019
2022-01-19,3910,4055,3845,3925,473040,-0.021197007481296715
2022-01-20,3915,4080,3870,4045,329762,0.030573248407643305
2022-01-21,3990,4045,3930,3995,309527,-0.012360939431396822
2022-01-24,3930,3990,3770,3785,451356,-0.052565707133917394
2022-01-25,3835,3850,3500,3615,598563,-0.044914134742404244
2022-01-26,3610,3720,3600,3640,264524,0.006915629322268302
2022-01-27,3655,3740,3590,3605,298663,-0.009615384615384581
2022-01-28,3610,3825,3590,3795,309996,0.05270457697642161
2022-02-03,3915,3915,3830,3840,271221,0.011857707509881354
2022-02-04,3810,3935,3795,3930,298100,0.0234375
2022-02-07,3990,4140,3900,4095,774769,0.041984732824427384
2022-02-08,4060,4140,4050,4065,469654,-0.0073260073260073
2022-02-09,4070,4165,4070,4105,281221,0.009840098400984099
2022-02-10,4135,4145,4010,4050,272299,-0.013398294762484775
2022-02-11,3955,4035,3915,3935,273316,-0.02839506172839501
2022-02-14,3845,3895,3735,3750,381297,-0.04701397712833544
2022-02-15,3735,3810,3635,3640,348718,-0.029333333333333322
2022-02-16,3750,3850,3735,3840,159343,0.05494505494505497
2022-02-17,3835,3935,3710,3800,296857,-0.01041666666666663
2022-02-18,3735,3905,3725,3880,148055,0.021052631578947434
2022-02-21,3800,3940,3780,3920,177929,0.010309278350515427
2022-02-22,3820,3950,3810,3830,233860,-0.022959183673469385
2022-02-23,3870,3900,3840,3900,148030,0.018276762402088753
2022-02-24,3860,3885,3705,3755,318785,-0.03717948717948716
2022-02-25,3785,3880,3780,3805,202614,0.013315579227696439
2022-02-28,3805,3875,3710,3790,204203,-0.003942181340341633
2022-03-02,3790,3840,3760,3820,132878,0.0079155672823219
2022-03-03,3855,3915,3825,3900,177610,0.020942408376963373
2022-03-04,3865,3920,3840,3885,155313,-0.0038461538461538325
2022-03-07,3860,3860,3675,3695,397602,-0.04890604890604888
2022-03-08,3650,3720,3615,3655,151616,-0.010825439783491153
2022-03-10,3720,3750,3690,3700,93055,0.012311901504787892
2022-03-11,3675,3760,3675,3705,117106,0.0013513513513514486
2022-03-14,3735,3825,3655,3690,178109,-0.004048582995951455
2022-03-15,3700,3745,3680,3705,112806,0.004065040650406582
2022-03-16,3760,3760,3710,3720,144296,0.004048582995951344
2022-03-17,3770,3845,3770,3810,289890,0.024193548387096753
2022-03-18,3835,3880,3805,3855,234391,0.011811023622047223
2022-03-21,3860,3890,3810,3820,178076,-0.009079118028534339
2022-03-22,3820,3860,3815,3845,91194,0.00654450261780104
2022-03-23,3850,3865,3805,3815,184157,-0.007802340702210642
2022-03-24,3790,3850,3755,3825,186585,0.002621231979030192
2022-03-25,3830,3925,3820,3865,314575,0.010457516339869244
2022-03-28,3890,4110,3880,4085,1247472,0.056921086675291166
2022-03-29,4065,4065,3990,4025,511070,-0.014687882496939975
2022-03-30,4040,4050,3955,3980,330449,-0.011180124223602483
2022-03-31,4015,4350,4005,4100,5384892,0.03015075376884413
2022-04-01,4060,4160,4005,4050,734298,-0.012195121951219523
2022-04-04,4055,4145,4015,4120,578128,0.01728395061728394
2022-04-05,4145,4170,4075,4085,363557,-0.008495145631068013
2022-04-06,4040,4110,3990,4030,421684,-0.01346389228886169
2022-04-07,4060,4145,3950,3950,816208,-0.01985111662531014
2022-04-08,3985,4045,3940,4035,381291,0.021518987341772045
2022-04-11,3970,4025,3960,3960,213452,-0.018587360594795488
2022-04-12,3930,3960,3830,3945,264968,-0.0037878787878787845
2022-04-13,3945,4005,3905,3995,113312,0.012674271229404344
2022-04-14,4030,4070,4010,4015,253914,0.005006257822277815
2022-04-15,4000,4000,3930,3955,169854,-0.01494396014943955
2022-04-18,3930,3970,3910,3915,161658,-0.010113780025284402
2022-04-19,3960,3960,3910,3920,163118,0.0012771392081736277
2022-04-20,3950,3960,3910,3950,233864,0.007653061224489832
2022-04-21,3960,4020,3930,3960,191250,0.0025316455696202667
2022-04-22,3970,4030,3935,3985,226081,0.0063131313131312705
2022-04-25,3930,3985,3880,3880,248946,-0.02634880803011297
2022-04-26,3925,4065,3925,4035,520944,0.0399484536082475
2022-04-27,3930,4060,3920,4000,458121,-0.008674101610904539
2022-04-28,4070,4110,4010,4010,477521,0.0024999999999999467
2022-04-29,4020,4040,3960,3980,240574,-0.007481296758104716
2022-05-02,3930,3975,3910,3975,168577,-0.0012562814070351536
2022-05-03,3975,4035,3955,3995,214879,0.005031446540880502
2022-05-04,4010,4120,3980,4025,657335,0.007509386733416834
2022-05-06,4000,4175,4000,4100,1197806,0.01863354037267073
2022-05-09,4140,4165,3935,3965,841205,-0.03292682926829271
2022-05-10,4025,4140,3915,4085,2087922,0.030264817150063017
2022-05-11,4055,4295,4055,4165,2180124,0.019583843329253448
2022-05-12,4115,4155,3980,3995,1098943,-0.04081632653061229
2022-05-13,4070,4275,4060,4155,2148455,0.040050062578222745
2022-05-16,4210,4215,4130,4155,800004,0.0
2022-05-17,4145,4375,4065,4235,2891634,0.019253910950661757
2022-05-18,4235,4240,4135,4145,897828,-0.02125147579693032
2022-05-19,4000,4085,3980,4005,780913,-0.033775633293124274
2022-05-20,4030,4060,4005,4010,422328,0.0012484394506866447
2022-05-23,4050,4130,4020,4055,472760,0.01122194513715713
2022-05-24,4065,4070,3995,4000,431580,-0.013563501849568449
2022-05-25,4065,4145,4005,4065,812308,0.016250000000000098
2022-05-26,4090,4190,4020,4040,745182,-0.006150061500615034
2022-05-27,4080,4100,4040,4040,270210,0.0
2022-05-30,4050,4085,4035,4045,214507,0.0012376237623761277
2022-05-31,4055,4130,4045,4085,237773,0.009888751545117369
2022-06-02,4105,4120,4050,4095,253740,0.00244798041615657
2022-06-03,4115,4115,4015,4015,309628,-0.019536019536019578
2022-06-07,4025,4030,3965,3980,322074,-0.008717310087173136
2022-06-08,4020,4130,4000,4010,1028293,0.007537688442211143
2022-06-09,4010,4040,3890,4030,1706738,0.004987531172069737
2022-06-10,4285,4595,4120,4200,23244640,0.042183622828784184
2022-06-13,4225,4520,4070,4190,10645834,-0.0023809523809523725
2022-06-14,4110,4175,3785,3880,2748835,-0.07398568019093077
2022-06-15,3820,3870,3555,3555,1426334,-0.08376288659793818
2022-06-16,3630,3740,3520,3520,835494,-0.009845288326300938
2022-06-17,3430,3580,3405,3515,536919,-0.0014204545454545858
2022-06-20,3530,3540,3250,3275,635272,-0.06827880512091034
2022-06-21,3220,3315,3195,3255,527895,-0.006106870229007688
2022-06-22,3310,3385,3015,3015,728928,-0.07373271889400923
2022-06-23,3025,3060,2800,2810,847971,-0.06799336650082921
2022-06-24,2760,2935,2760,2920,743872,0.039145907473309594
2022-06-27,2940,3090,2935,3060,398449,0.047945205479452024
2022-06-28,3030,3115,3030,3095,226561,0.011437908496731986
2022-06-29,3000,3115,3000,3115,197989,0.00646203554119551
2022-06-30,3090,3090,2945,2950,308694,-0.052969502407704705
2022-07-01,2935,3020,2860,2865,286145,-0.028813559322033888
2022-07-04,2885,3370,2815,3100,6242951,0.08202443280977323
2022-07-05,3025,3135,3025,3100,855075,0.0
2022-07-06,3115,3115,2990,3005,317788,-0.030645161290322576
2022-07-07,3010,3490,3000,3185,4671572,0.05990016638935103
2022-07-08,3190,3245,3155,3165,520924,-0.006279434850863463
2022-07-11,3170,3265,3120,3200,520510,0.011058451816745585
2022-07-12,3280,3280,3165,3235,806112,0.010937500000000044
2022-07-13,3245,3655,3245,3290,5047502,0.01700154559505407
2022-07-14,3290,3420,3255,3275,743333,-0.00455927051671734
2022-07-15,3330,3350,3205,3240,721849,-0.010687022900763399
2022-07-18,3255,3450,3255,3295,1024559,0.016975308641975273
2022-07-19,3310,3390,3240,3355,425464,0.018209408194233667
2022-07-20,3380,3420,3350,3380,383954,0.007451564828613977
2022-07-21,3395,3450,3380,3420,390670,0.01183431952662728
2022-07-22,3435,3445,3355,3355,279353,-0.01900584795321636
2022-07-25,3350,3370,3300,3350,222804,-0.0014903129657227732
2022-07-26,3340,3360,3310,3320,160752,-0.008955223880596996
2022-07-27,3310,3340,3300,3320,140592,0.0
2022-07-28,3355,3390,3280,3295,206888,-0.0075301204819276935
2022-07-29,3320,3360,3305,3350,216698,0.01669195751138086
2022-08-01,3350,3405,3305,3370,222650,0.005970149253731405
2022-08-02,3370,3425,3350,3380,225516,0.0029673590504450953
2022-08-03,3430,3520,3395,3475,1137811,0.028106508875739733
2022-08-04,3525,3795,3480,3525,7073549,0.014388489208633004
2022-08-05,3525,3525,3450,3465,405683,-0.017021276595744705
2022-08-08,3450,3460,3375,3415,335178,-0.01443001443001446
2022-08-09,3410,3435,3380,3410,187555,-0.0014641288433382416
2022-08-10,3405,3410,3355,3370,197441,-0.011730205278592365
2022-08-11,3400,3445,3400,3425,161136,0.016320474777448135
2022-08-12,3440,3455,3410,3455,155717,0.008759124087591275
2022-08-16,3465,3675,3440,3505,2318539,0.01447178002894356
2022-08-17,3480,3690,3430,3530,2011313,0.007132667617689048
2022-08-18,3595,3950,3570,3730,13995550,0.056657223796033884
2022-08-19,3680,3720,3600,3625,796649,-0.02815013404825739
2022-08-22,3615,3615,3490,3530,563613,-0.026206896551724146
2022-08-23,3435,3570,3430,3500,475340,-0.008498583569405138
2022-08-24,3510,3545,3440,3505,279123,0.0014285714285713347
2022-08-25,3500,3620,3490,3595,592186,0.02567760342368053
2022-08-26,3595,3640,3550,3590,340985,-0.0013908205841446364
2022-08-29,3485,3515,3400,3405,446432,-0.05153203342618384
2022-08-30,3410,3605,3410,3580,821198,0.05139500734214386
2022-08-31,3530,3610,3490,3610,462682,0.008379888268156499
2022-09-01,3585,3590,3440,3450,366032,-0.04432132963988922
2022-09-02,3455,3550,3450,3455,171695,0.0014492753623187582
2022-09-05,3420,3485,3345,3360,244267,-0.02749638205499272
2022-09-06,3335,3450,3335,3425,179527,0.019345238095238138
2022-09-07,3420,3430,3320,3380,216654,-0.013138686131386912
2022-09-08,3400,3565,3390,3460,599225,0.023668639053254337
2022-09-13,3500,3625,3480,3585,865160,0.036127167630057855
2022-09-14,3430,3630,3405,3630,487499,0.012552301255230214
2022-09-15,3715,3730,3520,3520,780708,-0.030303030303030276
2022-09-16,3495,3685,3490,3650,824300,0.03693181818181812
2022-09-19,3595,3595,3430,3435,676666,-0.05890410958904113
2022-09-20,3750,3980,3505,3510,10879722,0.02183406113537112
2022-09-21,3660,4195,3605,4135,36317142,0.17806267806267817
2022-09-22,4015,4200,3955,4200,7579953,0.01571946795646917
2022-09-23,4075,4105,3925,3990,3471080,-0.050000000000000044
2022-09-26,3930,3930,3605,3680,3029462,-0.07769423558897248
2022-09-27,3980,3985,3630,3785,5104528,0.028532608695652106
2022-09-28,3700,3855,3640,3845,2589960,0.01585204755614278
2022-09-29,3820,3945,3650,3655,3321696,-0.04941482444733425
2022-09-30,3600,3635,3530,3590,1420486,-0.017783857729138153
2022-10-04,3780,4125,3745,3975,14114771,0.10724233983286902
2022-10-05,4020,4070,3905,3905,4395040,-0.017610062893081757
2022-10-06,3930,3970,3845,3920,1631595,0.003841229193341844
2022-10-07,3895,3970,3740,3740,1534610,-0.04591836734693877
2022-10-11,3630,3650,3370,3400,1486022,-0.09090909090909094
2022-10-12,3360,3460,3285,3405,1127042,0.0014705882352941124
2022-10-13,3440,3445,3100,3100,1118879,-0.08957415565345084
2022-10-14,3250,3280,3190,3200,687163,0.032258064516129004
2022-10-17,3105,3265,3100,3255,366064,0.01718749999999991
2022-10-18,3330,3500,3240,3500,1044556,0.07526881720430101
2022-10-19,3465,3500,3350,3350,1087075,-0.042857142857142816
2022-10-20,3365,3405,3275,3305,394822,-0.013432835820895495
2022-10-21,3300,3320,3225,3225,262296,-0.024205748865355536
2022-10-24,3280,3465,3280,3335,626013,0.03410852713178292
2022-10-25,3365,3445,3330,3440,592853,0.03148425787106457
2022-10-26,3475,3475,3390,3420,576011,-0.005813953488372103
2022-10-27,3575,3575,3385,3400,1082249,-0.005847953216374324
2022-10-28,3400,3440,3295,3310,372514,-0.026470588235294135
2022-10-31,3380,3380,3300,3320,217831,0.0030211480362538623
2022-11-01,3295,3420,3290,3380,423854,0.01807228915662651
2022-11-02,3355,3410,3300,3345,241977,-0.010355029585798814
2022-11-03,3295,3385,3275,3350,168887,0.001494768310911887
2022-11-04,3385,3500,3305,3415,1333869,0.0194029850746269
2022-11-07,3410,3480,3400,3410,368987,-0.0014641288433382416
2022-11-08,3420,3465,3410,3430,373433,0.0058651026392961825
2022-11-09,3435,3465,3415,3415,366255,-0.004373177842565634
2022-11-10,3395,3465,3355,3430,304805,0.004392386530014614
2022-11-11,3500,3510,3415,3425,549453,-0.001457725947521915
2022-11-14,3425,3470,3395,3430,389931,0.0014598540145984717
2022-11-15,3390,3575,3385,3445,988967,0.004373177842565523
2022-11-16,3445,3445,3390,3425,267007,-0.005805515239477477
2022-11-17,3430,3430,3325,3355,338871,-0.020437956204379604
2022-11-18,3355,3385,3305,3320,175309,-0.010432190760059634
2022-11-21,3285,3320,3170,3180,332315,-0.04216867469879515
2022-11-22,3180,3270,3165,3170,248049,-0.0031446540880503138
2022-11-23,3185,3235,3185,3210,145087,0.012618296529968376
2022-11-24,3260,3410,3220,3410,788158,0.06230529595015577
2022-11-25,3405,3410,3325,3390,380364,-0.0058651026392961825
2022-11-28,3390,3395,3260,3270,207937,-0.03539823008849563
2022-11-29,3275,3325,3265,3305,123521,0.010703363914372988
2022-11-30,3295,3320,3260,3290,128597,-0.004538577912254205
2022-12-01,3340,3415,3310,3315,353507,0.0075987841945288626
2022-12-02,3330,3365,3250,3270,215842,-0.013574660633484115
2022-12-05,3320,3325,3235,3235,166362,-0.010703363914373099
2022-12-06,3190,3235,3160,3190,159990,-0.01391035548686248
2022-12-07,3120,3175,3100,3125,195312,-0.020376175548589393
2022-12-08,3105,3150,3055,3130,184774,0.0016000000000000458
2022-12-09,3125,3405,3100,3245,2788760,0.036741214057508076
2022-12-12,3205,3220,3135,3150,267648,-0.02927580893682591
2022-12-13,3150,3180,3110,3110,191554,-0.012698412698412653
2022-12-14,3105,3225,3105,3190,298273,0.025723472668810254
2022-12-15,3200,3200,3145,3150,153027,-0.01253918495297801
2022-12-16,3110,3145,3085,3100,161738,-0.015873015873015928
2022-12-19,3070,3145,3060,3090,150529,-0.003225806451612856
2022-12-20,3070,3080,2925,2925,307922,-0.05339805825242716
2022-12-21,2925,2970,2910,2920,126046,-0.0017094017094017033
2022-12-22,2925,2995,2925,2935,179807,0.005136986301369939
2022-12-23,2880,2900,2800,2810,443628,-0.04258943781942082
2022-12-26,2815,2835,2750,2820,143002,0.003558718861210064
2022-12-27,2730,2860,2730,2820,176369,0.0
2022-12-28,2800,2825,2775,2825,110395,0.0017730496453900457
2022-12-29,2795,2830,2720,2780,161276,-0.015929203539822967
2023-01-02,2780,2850,2720,2730,157893,-0.017985611510791366
2023-01-03,2680,2720,2610,2685,244972,-0.016483516483516536
2023-01-04,2645,2805,2645,2795,182968,0.040968342644320366
2023-01-05,2805,2855,2785,2815,171693,0.007155635062611854
2023-01-06,2770,2955,2770,2870,488009,0.019538188277087087
2023-01-09,2875,2975,2875,2925,224860,0.019163763066202044
2023-01-10,2925,2955,2900,2930,134770,0.0017094017094017033
2023-01-11,2930,2960,2925,2940,116954,0.0034129692832765013
2023-01-12,2935,3170,2920,2935,1528698,-0.00170068027210879
2023-01-13,2925,2975,2915,2930,191174,-0.0017035775127768327
2023-01-16,2955,2995,2930,2935,205905,0.0017064846416381396
2023-01-17,2935,2975,2880,2890,161936,-0.015332197614991494
2023-01-18,2890,3125,2865,3040,2055657,0.05190311418685112
2023-01-19,3025,3080,2890,3070,769408,0.009868421052631637
2023-01-20,3060,3060,2960,3005,182026,-0.021172638436482094
2023-01-25,3045,3085,2990,3035,229633,0.009983361064891838
2023-01-26,3050,3065,3010,3030,164939,-0.0016474464579900872
2023-01-27,3040,3085,3025,3055,245918,0.008250825082508184
2023-01-30,3085,3190,3075,3095,1000289,0.013093289689034338
2023-01-31,3080,3170,3015,3140,327794,0.01453957996768973
2023-02-01,3150,3200,3105,3125,487649,-0.004777070063694322
2023-02-02,3155,3165,3115,3120,193338,-0.0016000000000000458
2023-02-03,3130,3215,3125,3135,367766,0.004807692307692291
2023-02-06,3110,3160,3100,3135,142576,0.0
2023-02-07,3135,3190,3105,3155,217578,0.006379585326953707
2023-02-08,3175,3295,3145,3260,1056527,0.033280507131537185
2023-02-09,3265,3280,3225,3250,257919,-0.0030674846625766694
2023-02-10,3235,3335,3185,3200,712209,-0.01538461538461533
2023-02-13,3145,3195,3095,3150,252534,-0.015625
2023-02-14,3145,3240,3125,3130,428726,-0.006349206349206327
2023-02-15,3165,3235,3000,3005,363272,-0.039936102236421744
2023-02-16,3075,3100,3030,3085,138782,0.0266222961730449
2023-02-17,3085,3110,3030,3030,167878,-0.017828200972447306
2023-02-20,3030,3070,2890,3045,143280,0.004950495049504955
2023-02-21,3020,3230,3020,3125,562087,0.026272577996715896
2023-02-22,3040,3125,3020,3035,209176,-0.028800000000000048
2023-02-23,3040,3340,3040,3245,3319928,0.06919275123558477
2023-02-24,3270,3395,3250,3290,2280597,0.013867488443759735
2023-02-27,3260,3345,3210,3330,576355,0.012158054711246091
2023-02-28,3375,3380,3310,3315,550391,-0.0045045045045044585
2023-03-02,3305,3355,3215,3340,516554,0.007541478129713397
2023-03-03,3460,3460,3335,3335,944319,-0.0014970059880239361
2023-03-06,3330,3370,3240,3365,634651,0.008995502248875464
2023-03-07,3440,3440,3310,3340,398195,-0.007429420505200568
2023-03-08,3300,3390,3270,3310,468768,-0.008982035928143728
2023-03-09,3310,3345,3205,3260,369340,-0.015105740181268867
2023-03-10,3220,3325,3205,3245,383512,-0.004601226993865004
2023-03-13,3195,3240,3080,3190,302826,-0.016949152542372836
2023-03-14,3130,3170,2985,2990,375523,-0.06269592476489028
2023-03-15,3050,3140,3040,3100,197963,0.03678929765886285
2023-03-16,3045,3105,2950,3000,239311,-0.032258064516129004
2023-03-17,3035,3165,3035,3145,251525,0.04833333333333334
2023-03-20,3200,3210,3100,3165,197926,0.006359300476947549
2023-03-21,3165,3220,3125,3160,277971,-0.0015797788309637184
2023-03-22,3275,3325,3220,3290,906664,0.04113924050632911
2023-03-23,3310,3630,3295,3400,10221621,0.033434650455927084
2023-03-24,3450,3455,3315,3340,1026245,-0.01764705882352946
2023-03-27,3380,3380,3245,3325,543483,-0.004491017964071808
2023-03-28,3360,3430,3320,3360,790819,0.010526315789473717
2023-03-29,3345,3415,3340,3385,511336,0.007440476190476275
2023-03-30,3430,3430,3300,3370,766156,-0.004431314623338234
2023-03-31,3480,3480,3345,3345,1090947,-0.007418397626112738
2023-04-03,3390,3410,3330,3345,334482,0.0
2023-04-04,3350,3425,3345,3345,438211,0.0
2023-04-05,3330,3345,3285,3315,416489,-0.008968609865470878
2023-04-06,3395,3430,3270,3300,760079,-0.004524886877828038
2023-04-07,3315,3415,3310,3395,599256,0.028787878787878807
2023-04-10,3420,3420,3195,3235,1065906,-0.04712812960235646
2023-04-11,3200,3275,3120,3265,567837,0.009273570324574987
2023-04-12,3300,3530,3300,3430,2524192,0.050535987748851374
2023-04-13,3465,3530,3365,3495,1197656,0.01895043731778423
2023-04-14,3520,3530,3410,3440,800459,-0.01573676680972813
2023-04-17,3530,3585,3390,3390,1246179,-0.014534883720930258
2023-04-18,3380,3410,3300,3350,487871,-0.01179941002949858
2023-04-19,3385,3405,3320,3345,288111,-0.0014925373134327957
2023-04-20,3340,3345,3235,3240,593075,-0.03139013452914796
2023-04-21,3240,3295,3165,3180,706131,-0.01851851851851849
2023-04-24,3160,3175,3065,3075,460273,-0.03301886792452835
2023-04-25,3075,3110,2980,3035,251766,-0.013008130081300862
2023-04-26,3070,3175,3045,3090,335794,0.01812191103789118
2023-04-27,3090,3090,3000,3055,142605,-0.01132686084142398
2023-04-28,3070,3090,3000,3050,179817,-0.0016366612111292644
2023-05-02,3050,3075,3020,3060,123771,0.003278688524590123
2023-05-03,3060,3090,3020,3050,124977,-0.0032679738562091387
2023-05-04,3035,3070,3010,3070,114042,0.006557377049180246
2023-05-08,3140,3185,3100,3150,340105,0.026058631921824116
2023-05-09,3205,3500,3160,3355,4594484,0.06507936507936507
2023-05-10,3270,3405,3260,3310,1211168,-0.01341281669150518
2023-05-11,3350,3350,3270,3305,542849,-0.0015105740181269312
2023-05-12,3360,3375,3240,3300,657259,-0.001512859304084735
2023-05-15,3285,3300,3170,3195,377683,-0.03181818181818186
2023-05-16,3140,3200,3055,3090,314368,-0.032863849765258246
2023-05-17,3055,3145,3045,3130,173842,0.012944983818770295
2023-05-18,3150,3220,3130,3200,254031,0.022364217252396124
2023-05-19,3285,3300,3205,3230,482428,0.009374999999999911
2023-05-22,3265,3310,3245,3265,228538,0.010835913312693402
2023-05-23,3310,3360,3295,3300,633865,0.010719754977029039
2023-05-24,3275,3320,3230,3265,209678,-0.010606060606060619
2023-05-25,3265,3315,3200,3250,240729,-0.004594180704441064
2023-05-26,3225,3305,3210,3230,363559,-0.006153846153846176
2023-05-30,3255,3380,3255,3325,674650,0.02941176470588225
2023-05-31,3360,3375,3280,3305,325958,-0.006015037593984918
2023-06-01,3345,3370,3270,3285,544719,-0.006051437216338829
2023-06-02,3325,3335,3260,3275,286713,-0.0030441400304414
2023-06-05,3270,3290,3240,3250,172939,-0.007633587786259555
2023-06-07,3260,3260,3140,3205,381227,-0.013846153846153841
2023-06-08,3165,3190,3150,3165,181975,-0.012480499219968744
2023-06-09,3150,3190,3120,3145,205838,-0.006319115323854652
2023-06-12,3130,3185,3110,3170,208383,0.007949125596184325
2023-06-13,3200,3200,3145,3170,230964,0.0
2023-06-14,3170,3185,3060,3090,412513,-0.025236593059936863
2023-06-15,3110,3120,3035,3045,198306,-0.014563106796116498
2023-06-16,3065,3090,3045,3060,116881,0.0049261083743843415
2023-06-19,3050,3065,3020,3050,129580,-0.0032679738562091387
2023-06-20,3035,3075,3035,3040,94536,-0.003278688524590123
2023-06-21,3030,3330,3015,3060,1674173,0.006578947368421018
2023-06-22,3050,3090,3010,3030,262855,-0.009803921568627416
2023-06-23,3020,3070,3015,3015,226104,-0.004950495049504955
2023-06-26,3015,3040,2995,3025,95133,0.0033167495854062867
2023-06-27,3010,3040,3005,3015,120113,-0.0033057851239669533
2023-06-28,3030,3065,3025,3030,154827,0.004975124378109541
2023-06-29,3060,3085,3030,3050,166581,0.0066006600660066805
2023-06-30,3060,3070,3040,3055,127154,0.0016393442622950616
2023-07-03,3060,3095,3060,3075,117649,0.00654664484451728
2023-07-04,3070,3085,3050,3070,84165,-0.001626016260162566
2023-07-05,3060,3085,3010,3020,216109,-0.016286644951140072
2023-07-06,3010,3020,2895,2920,359685,-0.0331125827814569
2023-07-07,2915,2915,2850,2855,170628,-0.022260273972602773
2023-07-10,2830,2875,2775,2840,125826,-0.005253940455341555
2023-07-11,2840,2910,2840,2905,80420,0.022887323943661997
2023-07-12,2885,2985,2885,2940,157626,0.012048192771084265
2023-07-13,2945,3010,2945,3005,160174,0.022108843537415046
2023-07-14,3045,3045,2950,2990,175595,-0.004991680532445919
2023-07-17,2995,3025,2950,2950,109041,-0.013377926421404673
2023-07-18,2950,2970,2850,2875,162507,-0.025423728813559365
2023-07-19,2880,2915,2855,2875,95057,0.0
2023-07-20,2875,2905,2870,2900,83575,0.008695652173912993
2023-07-21,2875,2890,2840,2845,150851,-0.018965517241379293
2023-07-24,2835,2845,2690,2695,357699,-0.0527240773286467
2023-07-25,2725,2725,2590,2590,286454,-0.038961038961038974
2023-07-26,2550,2580,2370,2410,507212,-0.06949806949806947
2023-07-27,2375,2570,2375,2520,329327,0.045643153526971014
2023-07-28,2500,2615,2500,2615,122485,0.037698412698412787
2023-07-31,2595,2670,2585,2610,109870,-0.0019120458891013214
2023-08-01,2585,2660,2585,2625,100458,0.005747126436781658
2023-08-02,2590,2640,2540,2565,94909,-0.02285714285714291
2023-08-03,2555,2555,2495,2525,139261,-0.015594541910331383
2023-08-04,2515,2575,2500,2560,89300,0.013861386138613874
2023-08-07,2560,2560,2485,2535,158775,-0.009765625
2023-08-08,2535,2540,2475,2535,124307,0.0
2023-08-09,2535,2560,2500,2540,78599,0.0019723865877712132
2023-08-10,2525,2590,2505,2585,144034,0.017716535433070835
2023-08-11,2585,2635,2575,2620,103871,0.013539651837524147
2023-08-14,2600,2600,2530,2560,89689,-0.022900763358778664
2023-08-16,2515,2560,2430,2460,159398,-0.0390625
2023-08-17,2410,2465,2380,2445,169377,-0.0060975609756097615
2023-08-18,2400,2435,2400,2430,80418,-0.006134969325153339
2023-08-21,2415,2450,2410,2425,48870,-0.002057613168724326
2023-08-22,2410,2425,2380,2390,106874,-0.014432989690721598
2023-08-23,2390,2430,2380,2410,83884,0.008368200836819994
2023-08-24,2400,2445,2400,2440,96221,0.012448132780082943
2023-08-25,2440,2440,2410,2425,33465,-0.006147540983606592
2023-08-28,2410,2485,2410,2465,106763,0.016494845360824684
2023-08-29,2465,2690,2430,2480,531475,0.006085192697768749
2023-08-30,2590,3220,2550,3220,6560079,0.2983870967741935
2023-08-31,3515,3540,3010,3030,13926570,-0.05900621118012417
2023-09-01,3070,3105,2950,2995,2563013,-0.011551155115511524
2023-09-04,2905,3035,2815,3035,2498841,0.013355592654423987
2023-09-05,2980,3025,2895,2895,1371323,-0.04612850082372322
2023-09-06,2875,2970,2855,2965,814618,0.024179620034542326
2023-09-07,2915,2940,2835,2870,600302,-0.03204047217537942
2023-09-08,2845,2870,2800,2820,401500,-0.017421602787456414
2023-09-11,2820,3005,2805,2915,1386209,0.03368794326241131
2023-09-12,3590,3650,2970,3000,16982696,0.029159519725557415
2023-09-13,2920,3470,2920,3120,16493394,0.040000000000000036
2023-09-14,3075,3195,3015,3170,1652125,0.01602564102564097
2023-09-15,3120,3170,3030,3065,1133675,-0.03312302839116721
2023-09-18,3015,3125,3015,3055,534329,-0.0032626427406199365
2023-09-19,3075,3085,2925,2925,638641,-0.04255319148936165
2023-09-20,2995,3365,2985,3250,12075550,0.11111111111111116
2023-09-21,3280,3325,3110,3180,2292810,-0.021538461538461506
2023-09-22,3080,3185,3030,3045,1067754,-0.04245283018867929
2023-09-25,3005,3065,2855,2855,780129,-0.06239737274220036
2023-09-26,2855,2970,2785,2855,644262,0.0
2023-09-27,2805,3045,2805,2980,908904,0.04378283712784592
2023-10-04,2935,3430,2915,3330,16990409,0.1174496644295302
2023-10-05,3240,3540,3090,3135,6373402,-0.058558558558558516
2023-10-06,3215,3525,3195,3420,14251670,0.09090909090909083
2023-10-10,3380,3385,3135,3190,1981437,-0.06725146198830412
2023-10-11,3235,3360,3135,3160,2177902,-0.009404388714733591
2023-10-12,3210,3660,3210,3620,20999617,0.14556962025316467
2023-10-13,3475,3510,3250,3380,3623011,-0.06629834254143652
2023-10-16,3335,3465,3250,3335,3093757,-0.013313609467455634
2023-10-17,3420,3880,3420,3580,27809786,0.07346326836581718
2023-10-18,3605,3780,3505,3715,8302156,0.0377094972067038
2023-10-19,3470,3545,3320,3360,3036658,-0.09555854643337824
2023-10-20,3270,3420,3135,3305,2189864,-0.016369047619047672
2023-10-23,3270,3375,3070,3070,1387703,-0.07110438729198187
2023-10-24,3075,3195,3000,3190,1053754,0.039087947882736174
2023-10-25,3220,3255,3145,3145,777037,-0.014106583072100332
2023-10-26,3035,3100,2960,2970,905527,-0.055643879173290944
2023-10-27,2980,3065,2840,2915,784689,-0.01851851851851849
2023-10-30,2880,2975,2845,2945,403194,0.010291595197255532
2023-10-31,2965,3045,2710,2720,809828,-0.07640067911714776
2023-11-01,2760,2920,2760,2870,726650,0.05514705882352944
2023-11-02,2880,3015,2880,3010,878240,0.04878048780487809
2023-11-03,3100,3110,2960,3050,453387,0.013289036544850585
2023-11-06,3065,3115,3000,3090,604093,0.013114754098360715
2023-11-07,3075,3130,3025,3095,413068,0.0016181229773462036
2023-11-08,3075,3145,3020,3020,331484,-0.024232633279482996
2023-11-09,3030,3055,2945,2990,246245,-0.009933774834437137
2023-11-10,2935,3000,2855,2895,247792,-0.0317725752508361
2023-11-13,2935,2960,2800,2805,382723,-0.031088082901554404
2023-11-14,2800,2940,2800,2910,216177,0.03743315508021383
2023-11-15,2965,3010,2935,2970,293976,0.020618556701030855
2023-11-16,3040,3155,2985,3075,898693,0.03535353535353525
2023-11-17,3050,3065,2955,2955,351010,-0.039024390243902474
2023-11-20,2955,3020,2910,3005,220831,0.016920473773265554
2023-11-21,3000,3105,2975,3060,560993,0.01830282861896837
2023-11-22,3045,3080,3015,3040,309558,-0.006535947712418277
2023-11-23,3055,3060,2980,2995,366569,-0.014802631578947345
2023-11-24,3015,3090,2990,3045,625961,0.016694490818029983
2023-11-27,3085,3085,2945,2955,415022,-0.029556650246305383
2023-11-28,3070,3170,3010,3010,1847481,0.01861252115059231
2023-11-29,3050,3080,2965,2970,404421,-0.013289036544850474
2023-11-30,2970,3000,2915,2960,310745,-0.0033670033670033517
2023-12-01,2945,2955,2900,2915,347495,-0.015202702702702742
2023-12-04,2920,2940,2860,2875,265339,-0.013722126929674117
2023-12-05,2850,2905,2805,2825,295132,-0.017391304347826098
2023-12-06,2810,2855,2790,2835,184941,0.003539823008849474
2023-12-07,2800,2820,2750,2760,298018,-0.02645502645502651
2023-12-08,2765,2820,2755,2815,150348,0.019927536231884035
2023-12-11,2815,2855,2800,2810,184665,-0.001776198934280604
2023-12-12,2785,2850,2785,2815,193099,0.001779359430605032
2023-12-13,2815,2820,2770,2785,193995,-0.010657193605683846
2023-12-14,2815,2830,2760,2770,185090,-0.0053859964093356805
2023-12-15,2765,2830,2765,2805,140480,0.012635379061371799
2023-12-18,2805,2835,2775,2835,133158,0.010695187165775444
2023-12-19,2845,2855,2800,2825,178767,-0.003527336860670194
2023-12-20,2815,2905,2815,2905,238483,0.02831858407079646
2023-12-21,2860,2890,2800,2825,215362,-0.027538726333907082
2023-12-22,2830,2900,2825,2860,191762,0.012389380530973382
2023-12-26,2860,2875,2790,2795,150619,-0.022727272727272707
2023-12-27,2795,2860,2790,2830,110915,0.012522361359570633
2023-12-28,2805,2885,2805,2870,165752,0.014134275618374659
2024-01-02,2860,2930,2855,2920,267117,0.017421602787456525
2024-01-03,2870,2930,2860,2930,176165,0.003424657534246478
2024-01-04,2935,2940,2850,2880,199445,-0.017064846416382284
2024-01-05,2880,2935,2860,2925,189834,0.015625
2024-01-08,2925,2950,2880,2930,270481,0.0017094017094017033
2024-01-09,2945,2965,2915,2960,267407,0.010238907849829282
2024-01-10,2965,2965,2895,2905,151199,-0.01858108108108103
2024-01-11,2905,3040,2905,3010,657201,0.03614457831325302
2024-01-12,2995,3000,2885,2905,362383,-0.03488372093023251
2024-01-15,2905,2910,2855,2865,197929,-0.013769363166953541
2024-01-16,2830,2900,2795,2870,168734,0.0017452006980802626
2024-01-17,2870,2885,2760,2770,322076,-0.03484320557491294
2024-01-18,2725,2825,2720,2785,122486,0.005415162454873723
2024-01-19,2785,2860,2740,2800,172355,0.0053859964093356805
2024-01-22,2825,2830,2750,2770,162642,-0.010714285714285676
2024-01-23,2755,2770,2710,2725,215891,-0.016245487364620947
2024-01-24,2725,2745,2685,2700,127922,-0.00917431192660545
2024-01-25,2680,2700,2600,2670,297151,-0.011111111111111072
2024-01-26,2685,2705,2650,2690,116719,0.0074906367041198685
