Date,Open,High,Low,Close,Volume,Change
2022-01-03,10150,10300,9970,10300,212583,0.014778325123152802
2022-01-04,10300,10400,10100,10250,96429,-0.004854368932038833
2022-01-05,10250,10300,9850,9900,185072,-0.034146341463414664
2022-01-06,9700,9870,9650,9730,139487,-0.01717171717171717
2022-01-07,9750,9960,9750,9830,74552,0.010277492291880685
2022-01-10,9830,10050,9750,10050,199154,0.02238046795523907
2022-01-11,10050,10300,9990,10100,246816,0.004975124378109541
2022-01-12,10200,10600,10100,10550,557241,0.044554455445544594
2022-01-13,10600,10700,10050,10150,460214,-0.03791469194312791
2022-01-14,10050,10300,9950,10250,126168,0.009852216748768461
2022-01-17,10250,10300,10100,10150,109380,-0.009756097560975618
2022-01-18,10150,10450,10050,10350,271027,0.019704433497536922
2022-01-19,10250,10900,10250,10550,708804,0.019323671497584627
2022-01-20,10500,10800,10150,10750,306633,0.018957345971563955
2022-01-21,10550,10650,10200,10350,300815,-0.037209302325581395
2022-01-24,10150,10200,9860,10100,189528,-0.024154589371980673
2022-01-25,10000,10050,9750,9830,167958,-0.026732673267326756
2022-01-26,9710,9830,9400,9510,171994,-0.03255340793489314
2022-01-27,9510,9580,9000,9000,113580,-0.05362776025236593
2022-01-28,9080,10300,9030,9540,334130,0.06000000000000005
2022-02-03,9700,9790,9540,9550,105976,0.0010482180293500676
2022-02-04,9450,9650,9310,9640,45666,0.009424083769633551
2022-02-07,9640,9690,9470,9510,51986,-0.013485477178423189
2022-02-08,9470,9630,9420,9480,60915,-0.003154574132492094
2022-02-09,9490,10100,9490,9730,276438,0.026371308016877704
2022-02-10,9730,9890,9530,9590,49199,-0.014388489208633115
2022-02-11,9500,9720,9480,9510,39540,-0.008342022940563076
2022-02-14,9300,9320,9010,9010,139320,-0.05257623554153523
2022-02-15,9020,9040,8700,8730,119797,-0.031076581576026663
2022-02-16,8860,9030,8860,8960,59793,0.026345933562428314
2022-02-17,8910,9060,8750,8900,48346,-0.006696428571428603
2022-02-18,8720,9260,8700,8980,91435,0.008988764044943753
2022-02-21,8810,8970,8730,8970,39387,-0.00111358574610243
2022-02-22,8860,8930,8700,8740,50780,-0.02564102564102566
2022-02-23,8750,8800,8710,8780,32175,0.004576659038901587
2022-02-24,8740,8740,8370,8380,135543,-0.04555808656036442
2022-02-25,8500,8590,8380,8490,42012,0.013126491646778149
2022-02-28,8490,8660,8360,8480,71866,-0.0011778563015312216
2022-03-02,8570,8630,8470,8610,42117,0.015330188679245182
2022-03-03,8620,8750,8620,8720,29776,0.012775842044134622
2022-03-04,8640,8740,8530,8600,47953,-0.013761467889908285
2022-03-07,8460,8630,8430,8500,37487,-0.011627906976744207
2022-03-08,8410,8530,8350,8400,39984,-0.0117647058823529
2022-03-10,8450,8650,8450,8550,58110,0.017857142857142794
2022-03-11,8550,8690,8500,8550,34103,0.0
2022-03-14,8580,8580,8180,8190,83399,-0.04210526315789476
2022-03-15,8190,8240,8010,8190,20216,0.0
2022-03-16,8210,8310,8140,8210,17290,0.0024420024420024333
2022-03-17,8320,8560,8320,8480,44066,0.032886723507917104
2022-03-18,8480,8480,8330,8440,56267,-0.004716981132075526
2022-03-21,8440,8530,8350,8350,33954,-0.010663507109004766
2022-03-22,8490,8490,8310,8330,59425,-0.0023952095808382756
2022-03-23,8370,8490,8370,8490,29373,0.019207683073229287
2022-03-24,8470,8520,8320,8410,22921,-0.009422850412249661
2022-03-25,8520,8520,8380,8400,43681,-0.0011890606420927874
2022-03-28,8340,8490,8300,8320,42810,-0.00952380952380949
2022-03-29,8380,8480,8320,8350,31284,0.0036057692307691624
2022-03-30,8440,10450,8400,8980,5574006,0.07544910179640718
2022-03-31,8980,9080,8830,8900,422267,-0.008908685968819552
2022-04-01,8900,9300,8760,8870,474048,-0.003370786516853963
2022-04-04,8830,8960,8750,8930,120773,0.006764374295377573
2022-04-05,8940,8970,8830,8850,101068,-0.00895856662933936
2022-04-06,8800,8870,8650,8700,120740,-0.016949152542372836
2022-04-07,8640,9260,8580,8770,392905,0.008045977011494232
2022-04-08,8800,8810,8600,8660,82007,-0.012542759407069504
2022-04-11,8600,8720,8570,8600,68867,-0.006928406466512715
2022-04-12,8540,8590,8380,8420,88516,-0.020930232558139528
2022-04-13,8500,8650,8410,8570,58044,0.017814726840855055
2022-04-14,8570,8940,8570,8720,170081,0.0175029171528589
2022-04-15,8700,8700,8580,8650,47601,-0.008027522935779796
2022-04-18,8690,8910,8610,8720,81185,0.008092485549132888
2022-04-19,8700,8950,8700,8920,136639,0.022935779816513735
2022-04-20,8940,8950,8830,8850,83122,-0.007847533632286963
2022-04-21,8850,8890,8760,8790,69739,-0.006779661016949157
2022-04-22,8720,8990,8610,8660,103139,-0.014789533560864654
2022-04-25,8510,8600,8470,8530,61008,-0.01501154734411081
2022-04-26,8590,8620,8520,8520,33307,-0.0011723329425556983
2022-04-27,8390,8520,8300,8480,39859,-0.0046948356807511304
2022-04-28,8550,8550,8300,8390,81470,-0.010613207547169767
2022-04-29,8470,8470,8340,8380,31642,-0.0011918951132300348
2022-05-02,8380,8390,8260,8320,34237,-0.007159904534606243
2022-05-03,8460,8460,8340,8440,35178,0.014423076923076872
2022-05-04,8380,8460,8340,8350,54914,-0.010663507109004766
2022-05-06,8310,8370,8280,8280,34232,-0.008383233532934131
2022-05-09,8280,8280,7890,8000,105937,-0.033816425120772986
2022-05-10,7870,7910,7580,7870,106202,-0.016249999999999987
2022-05-11,7830,7930,7720,7730,45706,-0.017789072426937724
2022-05-12,7610,7830,7360,7430,84945,-0.03880983182406206
2022-05-13,7430,7660,7430,7520,20045,0.01211305518169592
2022-05-16,7530,7730,7530,7610,43333,0.01196808510638303
2022-05-17,7700,7880,7700,7790,31896,0.02365308804205002
2022-05-18,7840,8010,7760,7800,64838,0.0012836970474967568
2022-05-19,7510,7750,7510,7700,39315,-0.012820512820512775
2022-05-20,7700,7900,7700,7870,43552,0.02207792207792214
2022-05-23,7920,8020,7810,7970,41573,0.01270648030495547
2022-05-24,7970,7970,7730,7780,58518,-0.023839397741530766
2022-05-25,7780,7850,7650,7740,37744,-0.005141388174807249
2022-05-26,7740,7900,7680,7740,43627,0.0
2022-05-27,7780,7850,7640,7680,33835,-0.007751937984496138
2022-05-30,7710,7790,7680,7760,17612,0.01041666666666674
2022-05-31,7880,8290,7690,7910,172071,0.019329896907216426
2022-06-02,7990,7990,7820,7880,29115,-0.0037926675094817064
2022-06-03,8040,8840,7890,8130,1098824,0.031725888324873
2022-06-07,8130,8240,7990,8080,95474,-0.006150061500615034
2022-06-08,8080,8190,8030,8050,51461,-0.003712871287128716
2022-06-09,8100,8100,7900,7950,44223,-0.012422360248447228
2022-06-10,8000,8450,7980,8190,354566,0.030188679245283012
2022-06-13,8050,8050,7680,7710,111554,-0.05860805860805862
2022-06-14,7480,9180,7450,8500,3185060,0.10246433203631655
2022-06-15,8200,8720,7960,8100,2269181,-0.04705882352941182
2022-06-16,8210,8460,7850,7880,834338,-0.02716049382716046
2022-06-17,7680,7900,7450,7780,338157,-0.012690355329949221
2022-06-20,7770,7830,7030,7070,296479,-0.09125964010282772
2022-06-21,7200,7390,7020,7060,160009,-0.0014144271570014633
2022-06-22,7070,7160,6500,6500,196570,-0.07932011331444755
2022-06-23,6510,6670,5920,5920,260850,-0.08923076923076922
2022-06-24,5920,6330,5920,6240,174020,0.054054054054053946
2022-06-27,6260,6840,6260,6480,211799,0.03846153846153855
2022-06-28,6520,6560,6340,6490,94299,0.0015432098765431057
2022-06-29,6330,6500,6320,6420,57856,-0.01078582434514641
2022-06-30,6380,6540,6150,6160,99161,-0.04049844236760125
2022-07-01,6100,6240,5960,6000,65989,-0.025974025974025983
2022-07-04,6000,6200,5960,6000,69062,0.0
2022-07-05,5870,6210,5870,6100,71367,0.016666666666666607
2022-07-06,6180,6180,5980,6020,34319,-0.013114754098360604
2022-07-07,6010,6300,6010,6280,65295,0.04318936877076407
2022-07-08,6330,6480,6300,6350,60259,0.011146496815286566
2022-07-11,6350,6460,6330,6340,23860,-0.0015748031496063408
2022-07-12,6270,6410,6080,6100,47444,-0.03785488958990535
2022-07-13,6150,6200,6070,6130,19353,0.004918032786885185
2022-07-14,6060,6660,6060,6440,87268,0.05057096247960846
2022-07-15,6420,7060,6340,6740,455759,0.04658385093167694
2022-07-18,6990,7200,6730,6980,258238,0.035608308605341144
2022-07-19,7070,7200,7010,7150,151963,0.024355300859598916
2022-07-20,7210,7240,7080,7180,183738,0.00419580419580412
2022-07-21,7200,7210,7090,7090,111823,-0.012534818941504211
2022-07-22,7100,7330,7100,7120,153003,0.004231311706629048
2022-07-25,7110,7130,6980,7050,46587,-0.0098314606741573
2022-07-26,7050,7060,6940,7020,42127,-0.004255319148936176
2022-07-27,7020,7080,6930,7010,36271,-0.0014245014245014564
2022-07-28,7130,7140,6990,7010,33837,0.0
2022-07-29,7030,7070,6970,7030,59973,0.0028530670470756636
2022-08-01,7130,8010,6990,7170,959531,0.019914651493598834
2022-08-02,7200,7820,7050,7190,665055,0.002789400278939924
2022-08-03,7220,7320,7180,7290,128117,0.013908205841446364
2022-08-04,7320,7540,7250,7420,336550,0.017832647462277196
2022-08-05,7800,7910,7540,7590,332845,0.022911051212938016
2022-08-08,7550,7570,7340,7410,80095,-0.02371541501976282
2022-08-09,7330,7400,7240,7270,98928,-0.018893387314439902
2022-08-10,7290,7460,7170,7220,51623,-0.00687757909215958
2022-08-11,7370,7600,7360,7560,149227,0.047091412742382266
2022-08-12,7570,7570,7410,7450,59373,-0.014550264550264536
2022-08-16,7350,7630,7300,7560,135876,0.014765100671140896
2022-08-17,7570,7710,7430,7480,132716,-0.010582010582010581
2022-08-18,7480,7520,7330,7330,41227,-0.020053475935828846
2022-08-19,7380,7390,7220,7250,37455,-0.010914051841746208
2022-08-22,7210,7210,6950,6990,66722,-0.035862068965517246
2022-08-23,6920,7000,6800,6820,84737,-0.024320457796852657
2022-08-24,6800,6940,6750,6840,32455,0.0029325513196480912
2022-08-25,7020,7020,6840,6840,785059,0.0
2022-08-26,6860,7060,6820,6820,51861,-0.0029239766081871066
2022-08-29,6690,6970,6510,6610,47668,-0.030791788856304958
2022-08-30,6690,7150,6620,6940,134943,0.04992435703479581
2022-08-31,6920,7130,6810,6980,50076,0.0057636887608070175
2022-09-01,7000,7380,6970,7050,184872,0.01002865329512903
2022-09-02,7190,7430,7000,7370,337524,0.04539007092198588
2022-09-05,7650,7650,7320,7350,292941,-0.0027137042062415073
2022-09-06,7290,7400,7190,7210,102677,-0.01904761904761909
2022-09-07,7250,7250,6950,7000,78424,-0.029126213592232997
2022-09-08,7070,7070,6860,6930,69072,-0.010000000000000009
2022-09-13,6930,7000,6860,6990,42574,0.008658008658008587
2022-09-14,6700,6830,6700,6780,38672,-0.030042918454935674
2022-09-15,6760,6810,6720,6720,43025,-0.008849557522123908
2022-09-16,6720,7250,6610,6800,259565,0.011904761904761862
2022-09-19,6930,7120,6580,6600,135747,-0.02941176470588236
2022-09-20,6630,6810,6590,6630,47157,0.00454545454545463
2022-09-21,6690,6690,6450,6520,66303,-0.016591251885369585
2022-09-22,7090,7390,6730,6970,662605,0.0690184049079754
2022-09-23,7430,8340,7200,8000,8018501,0.14777618364418932
2022-09-26,8000,8100,7320,7400,1271267,-0.07499999999999996
2022-09-27,7270,7320,6670,6840,592578,-0.07567567567567568
2022-09-28,6750,6790,6190,6450,477102,-0.05701754385964908
2022-09-29,6510,6840,6400,6580,375234,0.020155038759689825
2022-09-30,6340,6620,6310,6400,175387,-0.027355623100303927
2022-10-04,6660,8090,6600,7530,6340309,0.17656249999999996
2022-10-05,7540,7570,7020,7150,1047050,-0.050464807436918946
2022-10-06,7250,7550,7110,7280,928290,0.018181818181818077
2022-10-07,7280,7610,7050,7110,660429,-0.02335164835164838
2022-10-11,6760,6830,6240,6240,424425,-0.12236286919831219
2022-10-12,6160,6430,6120,6180,159338,-0.009615384615384581
2022-10-13,6150,6180,5800,5800,189609,-0.06148867313915862
2022-10-14,6000,6490,6000,6260,296663,0.07931034482758625
2022-10-17,6320,6740,6010,6310,175576,0.007987220447284393
2022-10-18,6390,6440,6250,6290,77488,-0.0031695721077654726
2022-10-19,6270,6440,6260,6270,84332,-0.0031796502384737746
2022-10-20,6320,6330,6090,6140,67291,-0.020733652312599715
2022-10-21,6090,6140,6000,6020,57222,-0.019543973941368087
2022-10-24,6090,6390,6050,6110,85709,0.014950166112956742
2022-10-25,6110,6940,6070,6270,928297,0.026186579378068675
2022-10-26,6330,6340,6200,6210,86999,-0.009569377990430672
2022-10-27,6180,6310,6180,6240,66476,0.004830917874396157
2022-10-28,6170,6300,6110,6280,83642,0.0064102564102563875
2022-10-31,6380,6380,6250,6260,49074,-0.0031847133757961776
2022-11-01,6180,6290,6150,6250,58141,-0.0015974440894568342
2022-11-02,6280,6280,6130,6220,68212,-0.0048000000000000265
2022-11-03,6100,6200,6030,6100,103674,-0.019292604501607746
2022-11-04,6050,6140,6010,6070,65198,-0.004918032786885296
2022-11-07,6100,6140,6080,6110,25748,0.006589785831960571
2022-11-08,6080,6250,6080,6220,64929,0.018003273322422242
2022-11-09,6260,6270,6180,6220,53487,0.0
2022-11-10,6200,6200,6080,6080,67902,-0.022508038585209
2022-11-11,6300,6310,6160,6180,82310,0.016447368421052655
2022-11-14,6090,6240,6090,6120,39329,-0.009708737864077666
2022-11-15,6090,6210,6090,6210,41510,0.014705882352941124
2022-11-16,6260,6260,6130,6180,45206,-0.004830917874396157
2022-11-17,6170,6190,6060,6090,62447,-0.014563106796116498
2022-11-18,6060,6150,5990,6040,59000,-0.008210180623973717
2022-11-21,5970,6000,5830,5850,81139,-0.0314569536423841
2022-11-22,5800,5910,5800,5800,48742,-0.008547008547008517
2022-11-23,5810,5890,5800,5850,56771,0.008620689655172376
2022-11-24,5890,5920,5860,5900,30234,0.008547008547008517
2022-11-25,5930,5930,5830,5870,40236,-0.005084745762711895
2022-11-28,5900,5900,5640,5640,79330,-0.03918228279386715
2022-11-29,5640,5770,5500,5670,35282,0.005319148936170137
2022-11-30,5680,5770,5670,5680,26263,0.0017636684303350414
2022-12-01,5740,5880,5740,5770,36207,0.015845070422535246
2022-12-02,5850,5850,5670,5700,25194,-0.012131715771230511
2022-12-05,5670,6170,5670,5920,157580,0.03859649122807007
2022-12-06,5780,5890,5780,5810,26508,-0.01858108108108103
2022-12-07,5900,5900,5660,5830,31935,0.0034423407917383297
2022-12-08,5930,5930,5680,5700,27384,-0.022298456260720356
2022-12-09,5710,5750,5680,5730,28505,0.0052631578947368585
2022-12-12,5660,6700,5600,5730,2670721,0.0
2022-12-13,5730,5750,5610,5630,138883,-0.017452006980802848
2022-12-14,5640,5720,5570,5650,80124,0.003552397868561208
2022-12-15,5610,5980,5610,5780,89270,0.023008849557522026
2022-12-16,5690,5690,5630,5630,53423,-0.02595155709342556
2022-12-19,5600,5690,5550,5560,41714,-0.01243339253996445
2022-12-20,5510,5590,5420,5440,65485,-0.021582733812949617
2022-12-21,5310,5500,5310,5390,42059,-0.009191176470588203
2022-12-22,5400,5650,5360,5380,74303,-0.0018552875695733162
2022-12-23,5310,5310,5080,5080,117998,-0.055762081784386575
2022-12-26,5100,5100,4905,4910,150922,-0.03346456692913391
2022-12-27,4860,4945,4855,4895,42595,-0.003054989816700604
2022-12-28,4810,4955,4810,4905,48580,0.0020429009193054792
2022-12-29,4850,4960,4845,4855,49617,-0.010193679918450549
2023-01-02,4850,4930,4840,4850,65280,-0.001029866117404743
2023-01-03,4800,4920,4715,4845,92042,-0.0010309278350515427
2023-01-04,4750,4960,4750,4950,44989,0.021671826625387025
2023-01-05,4900,4980,4900,4950,28455,0.0
2023-01-06,4875,5110,4875,5070,28829,0.024242424242424176
2023-01-09,5140,5290,5140,5220,51831,0.029585798816567976
2023-01-10,5170,5530,5170,5230,205442,0.0019157088122605526
2023-01-11,5240,5380,5240,5300,30634,0.013384321223709472
2023-01-12,5270,5400,5260,5280,27285,-0.0037735849056603765
2023-01-13,5290,5900,5290,5380,1038512,0.018939393939394034
2023-01-16,5400,5640,5400,5500,120106,0.02230483271375472
2023-01-17,5500,5630,5410,5440,70983,-0.010909090909090868
2023-01-18,5400,5500,5340,5450,47674,0.0018382352941177516
2023-01-19,5410,5440,5280,5420,41079,-0.0055045871559632475
2023-01-20,5350,5470,5350,5420,25539,0.0
2023-01-25,5460,5640,5450,5570,57811,0.027675276752767486
2023-01-26,5550,5660,5530,5580,41830,0.0017953321364452268
2023-01-27,5590,5700,5560,5680,49520,0.017921146953405076
2023-01-30,5720,6980,5580,6920,1733445,0.2183098591549295
2023-01-31,6920,7810,6720,7250,3887374,0.047687861271676235
2023-02-01,7170,7300,7040,7180,611925,-0.0096551724137931
2023-02-02,7200,7670,7120,7250,2596057,0.009749303621169991
2023-02-03,7300,7470,7060,7460,694588,0.028965517241379413
2023-02-06,7550,8130,7410,7710,2222124,0.03351206434316345
2023-02-07,7810,7820,7620,7770,515844,0.0077821011673151474
2023-02-08,7870,8200,7650,8140,1213910,0.04761904761904767
2023-02-09,8140,8290,7950,8150,577454,0.0012285012285011554
2023-02-10,8150,8310,8000,8110,434568,-0.004907975460122671
2023-02-13,8280,8890,8110,8530,2235063,0.05178791615289757
2023-02-14,8890,9230,8610,8640,1764140,0.01289566236811246
2023-02-15,8960,9290,8580,8710,1877527,0.00810185185185186
2023-02-16,8750,8790,8120,8520,856761,-0.021814006888633775
2023-02-17,8310,8520,8240,8350,469629,-0.0199530516431925
2023-02-20,8220,8350,7910,8050,609899,-0.0359281437125748
2023-02-21,8190,9430,8030,9110,4290178,0.1316770186335403
2023-02-22,8830,9750,8700,9170,4169956,0.00658616904500553
2023-02-23,9150,9330,8930,9010,1189760,-0.017448200654307522
2023-02-24,9260,9400,8820,9040,1380103,0.0033296337402886067
2023-02-27,8870,8930,8540,8740,623892,-0.0331858407079646
2023-02-28,8740,8840,8520,8640,451014,-0.011441647597253968
2023-03-02,8800,9360,8790,9280,2025789,0.07407407407407418
2023-03-03,9100,9160,8730,8750,626502,-0.05711206896551724
2023-03-06,8800,8810,8270,8540,559262,-0.02400000000000002
2023-03-07,8550,8580,8000,8020,716463,-0.060889929742388715
2023-03-08,7970,8270,7760,7830,414427,-0.023690773067331694
2023-03-09,7920,8170,7550,7650,476660,-0.02298850574712641
2023-03-10,7510,7830,7470,7480,315462,-0.022222222222222254
2023-03-13,7440,7560,7220,7450,297863,-0.004010695187165791
2023-03-14,7280,8230,7010,8040,1975567,0.07919463087248313
2023-03-15,9140,9750,8640,8860,12497318,0.10199004975124382
2023-03-16,8860,9430,8720,8870,3388109,0.0011286681715576563
2023-03-17,8990,9300,8870,9210,1754425,0.03833145434047358
2023-03-20,9130,10660,8930,10360,12530559,0.12486427795874055
2023-03-21,10170,10250,9780,9860,2184317,-0.04826254826254828
2023-03-22,10010,11680,9900,10930,13431538,0.1085192697768762
2023-03-23,10750,11180,10400,10700,3414571,-0.021043000914913068
2023-03-24,11100,11600,10900,10980,3620016,0.026168224299065512
2023-03-27,10980,11460,10670,11190,2549439,0.0191256830601092
2023-03-28,11100,11290,10930,11030,1107971,-0.01429848078641649
2023-03-29,11180,11410,10070,10580,1891291,-0.040797824116047154
2023-03-30,10710,11480,10630,11060,3250215,0.04536862003780717
2023-03-31,11150,11170,10380,10380,1350525,-0.061482820976491825
2023-04-03,10900,10990,10430,10690,1160763,0.029865125240847723
2023-04-04,10530,10530,10010,10050,1047137,-0.05986903648269415
2023-04-05,9900,10200,9880,10090,544985,0.003980099502487455
2023-04-06,10100,10210,9920,10010,568647,-0.007928642220019877
2023-04-07,10210,10300,9960,10020,634043,0.0009990009990010762
2023-04-10,10150,11160,9820,10270,3750665,0.024950099800399306
2023-04-11,10440,10900,10130,10500,1414159,0.022395326192794496
2023-04-12,10350,10370,9960,10110,904494,-0.037142857142857144
2023-04-13,10110,11100,10110,10990,3818901,0.08704253214638968
2023-04-14,11250,11360,10760,10890,2246449,-0.009099181073703333
2023-04-17,10610,10690,10050,10060,1249392,-0.0762167125803489
2023-04-18,10110,10110,9570,9590,982991,-0.046719681908548694
2023-04-19,9700,9760,9280,9400,539731,-0.019812304483837306
2023-04-20,9400,9400,9000,9050,631942,-0.037234042553191515
2023-04-21,8900,9230,8870,8950,578906,-0.011049723756906049
2023-04-24,9100,9640,8910,9390,841906,0.049162011173184306
2023-04-25,9560,9580,9010,9100,515283,-0.030883919062832832
2023-04-26,9100,9180,8800,8820,390783,-0.03076923076923077
2023-04-27,8830,8870,8010,8730,402322,-0.010204081632653073
2023-04-28,8810,8850,8220,8290,393340,-0.05040091638029787
2023-05-02,8300,8700,8300,8640,321514,0.04221954161640529
2023-05-03,8530,8630,8300,8300,250931,-0.03935185185185186
2023-05-04,8320,8610,7990,8080,526084,-0.026506024096385583
2023-05-08,8120,8420,8100,8170,233756,0.011138613861386037
2023-05-09,8180,8310,7910,8200,251600,0.003671970624234966
2023-05-10,8200,8200,7710,7710,415670,-0.05975609756097566
2023-05-11,7710,7980,7710,7740,214661,0.0038910505836575737
2023-05-12,7710,7840,7610,7700,185522,-0.0051679586563307955
2023-05-15,8020,9170,7820,8510,8992957,0.10519480519480529
2023-05-16,8340,8730,8260,8500,936834,-0.001175088131609825
2023-05-17,8770,9250,8640,9180,2036306,0.08000000000000007
2023-05-18,9110,9250,8970,9180,919620,0.0
2023-05-19,10890,10890,9700,9710,6403615,0.057734204793028265
2023-05-22,9710,10250,9710,9720,1261713,0.001029866117404632
2023-05-23,9620,9720,9390,9490,676551,-0.02366255144032925
2023-05-24,9360,9720,9310,9350,490156,-0.01475237091675452
2023-05-25,9690,10100,9460,9920,1725498,0.06096256684491985
2023-05-26,9930,10020,9520,9590,729255,-0.03326612903225812
2023-05-30,9830,10280,9760,10010,1697223,0.04379562043795615
2023-05-31,10010,10060,9790,9800,567863,-0.020979020979020935
2023-06-01,9850,10070,9600,9770,605800,-0.003061224489795955
2023-06-02,9910,9950,9730,9750,325174,-0.0020470829068577334
2023-06-05,9880,9940,9710,9820,278150,0.007179487179487243
2023-06-07,9790,10220,9710,9830,933335,0.0010183299389001643
2023-06-08,10050,10600,9870,10080,2848790,0.025432349949135347
2023-06-09,10220,10280,10000,10010,591410,-0.00694444444444442
2023-06-12,10010,10190,9870,10150,510676,0.013986013986013957
2023-06-13,10200,10610,10110,10440,2043118,0.02857142857142847
2023-06-14,10680,10690,10040,10250,1258426,-0.01819923371647514
2023-06-15,10390,10440,10180,10220,599984,-0.0029268292682926855
2023-06-16,10390,10630,10250,10260,642259,0.00391389432485334
2023-06-19,10350,10390,10070,10180,422167,-0.007797270955165692
2023-06-20,10390,10570,10100,10150,1237993,-0.0029469548133594925
2023-06-21,10050,10170,9910,9930,519950,-0.021674876847290636
2023-06-22,9710,9950,9670,9740,381691,-0.019133937562940573
2023-06-23,9750,10100,9740,9800,431955,0.006160164271047153
2023-06-26,9770,9970,9430,9900,454329,0.010204081632652962
2023-06-27,9940,10180,9900,9950,397430,0.005050505050504972
2023-06-28,9960,10070,9750,9770,349258,-0.018090452261306567
2023-06-29,9830,10080,9620,9650,416413,-0.0122824974411464
2023-06-30,9670,9850,9420,9760,299850,0.011398963730570033
2023-07-03,9780,10180,9780,10180,564497,0.04303278688524581
2023-07-04,10200,10320,10100,10310,536235,0.012770137524557912
2023-07-05,10580,10930,10460,10690,2557292,0.036857419980601325
2023-07-06,10580,10610,9910,10000,746185,-0.06454630495790459
2023-07-07,10030,10200,9800,10040,467000,0.0040000000000000036
2023-07-10,10040,10080,9750,10080,409426,0.003984063745019917
2023-07-11,10040,10140,9950,10100,348861,0.001984126984126977
2023-07-12,10250,10480,10090,10350,747131,0.024752475247524774
2023-07-13,10690,10750,10350,10480,1350394,0.012560386473430052
2023-07-14,10700,10930,9890,10220,1959300,-0.024809160305343525
2023-07-17,10310,10990,10310,10680,2750066,0.045009784735812186
2023-07-18,10890,10930,10330,10590,1108162,-0.008426966292134797
2023-07-19,11300,11450,10550,10640,2278962,0.0047214353163360645
2023-07-20,10800,11170,10720,10900,1716636,0.02443609022556381
2023-07-21,10960,11990,10810,11360,5947566,0.04220183486238538
2023-07-24,11140,11280,10340,10700,1623123,-0.05809859154929575
2023-07-25,10800,10800,10060,10070,1023138,-0.058878504672897236
2023-07-26,10080,10150,9310,9380,1131790,-0.06852035749751739
2023-07-27,9530,9960,9440,9740,517062,0.03837953091684443
2023-07-28,9770,9920,9590,9780,423181,0.004106776180698102
2023-07-31,9840,9870,9500,9600,551657,-0.018404907975460127
2023-08-01,9650,9660,9380,9470,463142,-0.013541666666666674
2023-08-02,9360,9380,8800,8800,832242,-0.0707497360084477
2023-08-03,8800,9160,8690,8980,384155,0.020454545454545503
2023-08-04,8970,9100,8750,8880,220665,-0.011135857461024523
2023-08-07,8800,8800,8340,8470,363929,-0.0461711711711712
2023-08-08,8510,9480,8510,8890,1154775,0.04958677685950419
2023-08-09,9100,9300,8900,9210,565292,0.03599550056242973
2023-08-10,9170,9200,8910,9030,250681,-0.019543973941368087
2023-08-11,9030,9200,8960,9030,215470,0.0
2023-08-14,8840,8990,8720,8950,189871,-0.008859357696566983
2023-08-16,8910,9070,8500,8500,334456,-0.05027932960893855
2023-08-17,8190,8750,8190,8520,254346,0.0023529411764706687
2023-08-18,8440,8680,8210,8560,288753,0.0046948356807512415
2023-08-21,8710,8880,8560,8700,253084,0.016355140186915973
2023-08-22,8700,8960,8690,8720,275498,0.0022988505747125743
2023-08-23,8850,8850,8500,8570,232748,-0.017201834862385357
2023-08-24,8720,8910,8570,8650,235002,0.009334889148191472
2023-08-25,8400,8550,8250,8300,187200,-0.040462427745664775
2023-08-28,8400,8520,8330,8360,113342,0.0072289156626506035
2023-08-29,8340,8490,8330,8450,131115,0.010765550239234534
2023-08-30,8520,8750,8500,8650,229469,0.023668639053254337
2023-08-31,8650,8670,8460,8640,189929,-0.0011560693641619046
2023-09-01,8640,9880,8520,9830,1630961,0.1377314814814814
2023-09-04,9810,9860,9460,9830,649790,0.0
2023-09-05,9940,10300,9480,10150,1150509,0.03255340793489325
2023-09-06,10150,10200,9690,9750,703563,-0.039408866995073843
2023-09-07,9600,10130,9390,10090,970121,0.034871794871794926
2023-09-08,9950,10040,9580,9770,471826,-0.031714568880079286
2023-09-11,9770,9770,9320,9380,388263,-0.03991811668372569
2023-09-12,9530,9860,9310,9380,480824,0.0
2023-09-13,9520,9840,9170,9170,343653,-0.02238805970149249
2023-09-14,9400,9990,9340,9990,1272313,0.08942202835332602
2023-09-15,10180,10180,9500,9560,798182,-0.04304304304304307
2023-09-18,9300,9300,8980,9000,426084,-0.05857740585774063
2023-09-19,8970,9120,8540,8570,360276,-0.04777777777777781
2023-09-20,8660,9140,8300,8550,402881,-0.002333722287047868
2023-09-21,8410,8480,8000,8100,385748,-0.052631578947368474
2023-09-22,7850,8130,7850,7960,190938,-0.01728395061728394
2023-09-25,7810,8050,7810,7820,135720,-0.017587939698492483
2023-09-26,7620,7820,7620,7680,176548,-0.01790281329923271
2023-09-27,7600,8090,7530,8090,108299,0.05338541666666674
2023-10-04,7900,7990,7430,7430,255321,-0.08158220024721874
2023-10-05,7520,7690,7210,7260,230777,-0.02288021534320328
2023-10-06,7300,7490,7290,7400,80057,0.019283746556473913
2023-10-10,7530,7580,7050,7150,185464,-0.03378378378378377
2023-10-11,7170,7500,7170,7430,107995,0.03916083916083912
2023-10-12,7430,7640,7430,7620,98552,0.025572005383580176
2023-10-13,7600,7640,7440,7490,93356,-0.017060367454068248
2023-10-16,7470,7470,7020,7110,171327,-0.05073431241655546
2023-10-17,7330,7330,7140,7320,157654,0.029535864978903037
2023-10-18,7200,7270,7110,7140,86524,-0.024590163934426257
2023-10-19,7020,7050,6640,6670,231458,-0.06582633053221287
2023-10-20,6640,6670,6340,6550,205159,-0.01799100449775115
2023-10-23,6450,6590,6230,6300,296997,-0.03816793893129766
2023-10-24,6320,6640,6150,6600,231648,0.04761904761904767
2023-10-25,6730,6750,6440,6440,98126,-0.024242424242424288
2023-10-26,6160,6330,6070,6140,139465,-0.04658385093167705
2023-10-27,6130,6210,5940,6080,120661,-0.009771986970684043
2023-10-30,6100,6160,5900,6090,95456,0.00164473684210531
2023-10-31,6260,6260,5740,5790,162932,-0.049261083743842415
2023-11-01,5830,6080,5830,6080,85889,0.050086355785837755
2023-11-02,6210,6420,6210,6350,116652,0.044407894736842035
2023-11-03,6360,6480,6300,6440,69559,0.014173228346456623
2023-11-06,6730,6900,6460,6900,174422,0.0714285714285714
2023-11-07,6950,6990,6560,6740,174381,-0.023188405797101463
2023-11-08,6780,6920,6600,6630,123121,-0.016320474777448024
2023-11-09,6530,6660,6480,6500,85750,-0.019607843137254943
2023-11-10,6500,6500,6290,6380,70170,-0.018461538461538418
2023-11-13,6490,6550,6130,6190,117796,-0.029780564263322873
2023-11-14,6190,6680,6190,6670,184829,0.07754442649434568
2023-11-15,6790,6900,6550,6760,184221,0.013493253373313419
2023-11-16,6700,6980,6550,6900,239244,0.020710059171597628
2023-11-17,6900,6950,6710,6730,109721,-0.024637681159420333
2023-11-20,6730,6900,6730,6860,82065,0.019316493313521477
2023-11-21,6910,7070,6880,6930,167427,0.010204081632652962
2023-11-22,6900,7180,6740,7140,140141,0.030303030303030276
2023-11-23,7260,7320,6970,6980,209993,-0.022408963585434205
2023-11-24,6980,7280,6980,7180,166489,0.02865329512893977
2023-11-27,7350,8190,7300,7990,1416288,0.11281337047353768
2023-11-28,7920,8440,7600,7860,746124,-0.016270337922402955
2023-11-29,7860,7910,7680,7750,278444,-0.013994910941475869
2023-11-30,7650,7650,7350,7480,388193,-0.03483870967741931
2023-12-01,7580,7580,7290,7340,214819,-0.018716577540106916
2023-12-04,7400,7410,7150,7220,127678,-0.016348773841961872
2023-12-05,7110,7250,6870,6980,234027,-0.03324099722991691
2023-12-06,7060,7100,6860,7040,89628,0.008595988538681931
2023-12-07,7000,7020,6850,6870,77628,-0.024147727272727293
2023-12-08,7010,7190,7000,7180,125839,0.04512372634643369
2023-12-11,7160,7300,7140,7200,100331,0.0027855153203342198
2023-12-12,7260,7580,7240,7450,292146,0.03472222222222232
2023-12-13,7550,7710,7400,7510,272513,0.008053691275167862
2023-12-14,7610,7740,7310,7330,197317,-0.023968042609853524
2023-12-15,7400,7440,7140,7180,134002,-0.02046384720327421
2023-12-18,7400,7500,7310,7460,143532,0.03899721448467974
2023-12-19,7510,7690,7410,7420,235469,-0.00536193029490617
2023-12-20,7530,7650,7440,7490,216727,0.009433962264151052
2023-12-21,7420,7470,7200,7400,138758,-0.012016021361815787
2023-12-22,7500,8070,7490,7860,1872217,0.06216216216216219
2023-12-26,7560,7850,7350,7430,743924,-0.05470737913486001
2023-12-27,7500,7840,7420,7690,466244,0.03499327052489898
2023-12-28,7750,7750,7440,7480,249263,-0.0273081924577373
2024-01-02,7470,7610,7090,7570,381366,0.012032085561497263
2024-01-03,7410,7410,7190,7320,296791,-0.03302509907529727
2024-01-04,7220,7570,7150,7400,258072,0.010928961748633892
2024-01-05,7400,7450,7260,7320,140142,-0.010810810810810811
2024-01-08,7350,7600,7200,7460,234632,0.0191256830601092
2024-01-09,7610,7760,7460,7550,336149,0.012064343163538771
2024-01-10,7550,7550,7140,7200,244784,-0.04635761589403975
2024-01-11,7200,7250,7140,7210,96084,0.001388888888888884
2024-01-12,7180,7250,7000,7010,164276,-0.0277392510402219
2024-01-15,7020,7250,7000,7110,92438,0.014265335235378096
2024-01-16,7110,7180,6900,6940,119356,-0.023909985935302358
2024-01-17,7000,7010,6680,6700,170282,-0.03458213256484155
2024-01-18,6700,6990,6610,6850,86572,0.02238805970149249
2024-01-19,7020,7230,7000,7070,151411,0.03211678832116793
2024-01-22,7290,7620,7100,7370,381223,0.042432814710042344
2024-01-23,7350,7360,7160,7230,168899,-0.018995929443690662
2024-01-24,7230,7250,7010,7150,106746,-0.011065006915629283
2024-01-25,7250,7420,7020,7180,296326,0.00419580419580412
2024-01-26,7180,7190,6920,7020,179371,-0.02228412256267409
2024-01-29,7020,7040,6770,6770,189949,-0.035612535612535634
2024-01-30,6900,6990,6700,6710,101228,-0.008862629246676468
2024-01-31,6700,6770,6420,6480,106225,-0.03427719821162445
2024-02-01,6480,6490,6270,6320,156621,-0.024691358024691357
2024-02-02,6370,6560,6350,6430,66433,0.017405063291139333
2024-02-05,6460,6630,6280,6330,89358,-0.015552099533437058
2024-02-06,6540,6540,6230,6340,76575,0.0015797788309637184
2024-02-07,6440,6440,6230,6240,63203,-0.01577287066246058
2024-02-08,6400,6540,6280,6360,89922,0.019230769230769162
2024-02-13,6700,7440,6580,7340,1244990,0.15408805031446549
2024-02-14,7150,7520,7080,7350,680137,0.0013623978201635634
2024-02-15,7500,7530,7230,7310,241794,-0.0054421768707483276
2024-02-16,7650,8300,7460,8180,2409030,0.11901504787961703
2024-02-19,8150,8380,7990,8330,1102264,0.01833740831295838
2024-02-20,8380,8380,7680,7900,1108538,-0.05162064825930368
2024-02-21,8240,8840,8040,8450,4043383,0.06962025316455689
2024-02-22,8950,9200,8400,8690,2715048,0.028402366863905293
2024-02-23,9070,9690,8770,8840,3981755,0.017261219792865434
2024-02-26,8560,8760,8220,8390,1017992,-0.05090497737556565
2024-02-27,8320,8500,7850,7970,982576,-0.05005959475566146
2024-02-28,7830,8100,7720,7830,557245,-0.017565872020075313
2024-02-29,7790,8000,7550,7830,402267,0.0
2024-03-04,8010,8100,7810,8010,418838,0.02298850574712641
2024-03-05,8060,8130,7750,7890,322504,-0.014981273408239737
2024-03-06,7680,8040,7680,7820,382295,-0.008871989860583018
2024-03-07,8000,8630,8000,8440,1709563,0.07928388746803061
2024-03-08,8940,8950,8370,8510,1481751,0.0082938388625593
2024-03-11,8230,8530,8080,8410,452874,-0.011750881316098694
2024-03-12,8590,8850,8450,8730,915826,0.038049940546967864
2024-03-13,8750,8820,8280,8360,635206,-0.04238258877434131
2024-03-14,8310,8320,7850,7940,687083,-0.05023923444976075
2024-03-15,7900,8500,7730,8500,637052,0.07052896725440805
2024-03-18,8550,8550,8290,8390,394232,-0.012941176470588234
2024-03-19,8350,8350,8060,8170,267763,-0.026221692491060766
2024-03-20,8410,8750,8190,8410,1162400,0.02937576499387995
2024-03-21,8660,8680,8240,8390,697135,-0.0023781212841854638
2024-03-22,8260,8280,8050,8060,404739,-0.03933253873659115
2024-03-25,8120,8120,7860,7870,329482,-0.023573200992555776
2024-03-26,7870,7870,7570,7620,492783,-0.031766200762388785
2024-03-27,7570,7620,7270,7570,374753,-0.006561679790026198
2024-03-28,7580,7830,7390,7740,367478,0.022457067371202122
2024-03-29,7850,7890,7470,7520,243024,-0.028423772609819098
2024-04-01,7460,7670,7410,7480,224872,-0.005319148936170248
2024-04-02,7550,7630,7280,7300,254432,-0.024064171122994638
2024-04-03,7170,7280,6990,7010,283007,-0.03972602739726028
2024-04-04,7030,7160,6900,6940,227960,-0.0099857346647646
2024-04-05,6900,6900,6710,6840,201768,-0.014409221902017322
2024-04-08,6850,6860,6650,6710,189082,-0.01900584795321636
2024-04-09,6650,6780,6580,6690,220551,-0.0029806259314456574
2024-04-11,6690,6730,6500,6590,144981,-0.014947683109118093
2024-04-12,6740,6850,6640,6760,166809,0.025796661608497695
2024-04-15,6760,6760,6540,6640,133052,-0.017751479289940808
2024-04-16,6640,6870,6460,6520,216211,-0.01807228915662651
2024-04-17,6540,7190,6540,7050,338734,0.0812883435582823
2024-04-18,6900,7000,6720,6930,209927,-0.017021276595744705
2024-04-19,6930,6950,6530,6700,152155,-0.03318903318903321
2024-04-22,6580,6690,6470,6670,148423,-0.004477611940298498
2024-04-23,6720,6730,6560,6560,80378,-0.016491754122938573
2024-04-24,6670,6780,6570,6690,105751,0.01981707317073167
2024-04-25,6800,6890,6660,6660,154335,-0.004484304932735439
2024-04-26,6720,6770,6620,6700,63365,0.006006006006006093
2024-04-29,6730,6820,6700,6790,84207,0.013432835820895495
2024-04-30,6810,7770,6790,7530,1881525,0.10898379970544925
2024-05-02,7340,7450,7210,7340,336237,-0.025232403718459473
2024-05-03,7430,7640,7340,7520,324557,0.02452316076294281
2024-05-07,7640,7700,7420,7540,231553,0.0026595744680850686
2024-05-08,7680,7730,7500,7730,356086,0.025198938992042397
2024-05-09,7690,7690,7440,7440,215189,-0.03751617076325997
2024-05-10,7470,7490,7240,7250,144298,-0.025537634408602128
2024-05-13,7110,7240,7060,7200,100131,-0.006896551724137945
2024-05-14,7150,7250,7020,7250,130320,0.00694444444444442
2024-05-16,7360,7460,7270,7400,125195,0.020689655172413834
2024-05-17,7310,7380,7170,7190,76942,-0.02837837837837842
2024-05-20,7280,7340,7100,7200,91482,0.0013908205841446364
2024-05-21,7330,7480,7110,7160,160102,-0.005555555555555536
2024-05-22,7160,7180,6880,6930,174944,-0.03212290502793291
2024-05-23,6950,7020,6820,6990,87847,0.008658008658008587
2024-05-24,6890,6990,6760,6820,123112,-0.024320457796852657
2024-05-27,6770,7700,6680,7700,898231,0.12903225806451624
2024-05-28,8150,8700,8150,8530,3493480,0.10779220779220777
2024-05-29,8530,8550,8150,8320,841741,-0.024618991793669442
2024-05-30,8180,8890,8060,8730,1449201,0.049278846153846256
2024-05-31,8730,8810,8380,8750,732408,0.002290950744558984
2024-06-03,8890,9030,8570,8820,824575,0.008000000000000007
2024-06-04,8760,9070,8530,8830,895050,0.0011337868480725266
2024-06-05,9000,9070,8400,8500,691330,-0.03737259343148358
2024-06-07,8600,9150,8540,8960,936861,0.054117647058823604
2024-06-10,9220,9260,8960,9180,721767,0.024553571428571397
2024-06-11,9350,9350,8990,9130,468317,-0.005446623093681935
2024-06-12,8960,9420,8640,9420,1061604,0.03176341730558607
2024-06-13,9420,9500,9180,9330,635505,-0.009554140127388533
2024-06-14,9500,9840,9330,9490,1320967,0.017148981779206762
2024-06-17,9480,9480,8760,8900,821379,-0.06217070600632246
2024-06-18,8810,9120,8520,9040,721373,0.01573033707865168
2024-06-19,9220,9610,9020,9280,907430,0.026548672566371723
2024-06-20,9160,9260,8640,9020,511372,-0.028017241379310387
2024-06-21,9140,9170,8810,8850,298880,-0.018847006651884657
2024-06-24,8840,9050,8520,8800,352572,-0.005649717514124242
2024-06-25,8800,9600,8640,9600,977199,0.09090909090909083
2024-06-26,9500,9890,9500,9890,1299460,0.030208333333333393
2024-06-27,9980,10000,9640,9690,766941,-0.020222446916076886
2024-06-28,9600,9960,9540,9780,462082,0.009287925696594534
2024-07-01,9970,10280,9900,10180,952552,0.04089979550102241
2024-07-02,10040,10100,9600,9960,732806,-0.0216110019646365
2024-07-03,9990,10040,9560,9650,398410,-0.031124497991967925
2024-07-04,9490,9740,9260,9620,518724,-0.0031088082901554737
2024-07-05,9800,9870,8840,9060,753359,-0.058212058212058215
2024-07-08,9200,9520,9050,9280,472889,0.024282560706401668
2024-07-09,9560,10130,9490,10060,1409382,0.08405172413793105
2024-07-10,10230,10240,9660,10050,1043457,-0.0009940357852882276
2024-07-11,10170,10440,9650,10030,941449,-0.0019900497512437276
2024-07-12,9770,10300,9500,9690,744447,-0.03389830508474578
2024-07-15,9830,9850,9350,9550,487406,-0.014447884416924683
2024-07-16,9710,10130,9620,9900,689202,0.03664921465968596
2024-07-17,9920,9920,9300,9500,724370,-0.04040404040404044
2024-07-18,9000,9200,8300,9080,654632,-0.04421052631578948
2024-07-19,9140,9200,8780,9000,255296,-0.008810572687224627
2024-07-22,8800,8870,8340,8520,368225,-0.053333333333333344
2024-07-23,8700,9420,8700,9350,602056,0.09741784037558676
2024-07-24,9200,9340,9000,9040,344981,-0.03315508021390379
2024-07-25,8490,9000,8490,8750,384550,-0.03207964601769908
2024-07-26,8650,8800,8460,8600,256335,-0.017142857142857126
2024-07-29,8770,8860,8400,8800,265846,0.023255813953488413
2024-07-30,8580,8660,8070,8260,336028,-0.0613636363636364
2024-07-31,8080,8600,8030,8510,263401,0.030266343825665842
2024-08-01,8610,8760,8100,8100,315191,-0.04817861339600471
2024-08-02,7750,7850,7430,7500,419966,-0.07407407407407407
2024-08-05,7050,7120,5800,6250,700055,-0.16666666666666663
2024-08-06,6250,7190,6250,6840,535005,0.09440000000000004
2024-08-07,6900,7120,6840,6840,364441,0.0
2024-08-08,6730,6980,6700,6780,234187,-0.00877192982456143
2024-08-09,7000,7130,6550,6640,319715,-0.020648967551622377
2024-08-12,6640,7070,6640,6700,239333,0.009036144578313143
2024-08-13,6750,6860,6600,6750,200193,0.00746268656716409
2024-08-14,6950,6960,6650,6660,233699,-0.013333333333333308
2024-08-16,6800,6870,6630,6670,218447,0.0015015015015014122
2024-08-19,6690,6730,6440,6440,203824,-0.03448275862068961
2024-08-20,6480,6890,6480,6880,311067,0.06832298136645965
2024-08-21,6890,6960,6670,6960,173888,0.011627906976744207
2024-08-22,7120,7120,6670,6760,190381,-0.028735632183908066
2024-08-23,6650,6800,6590,6740,128532,-0.00295857988165682
2024-08-26,6850,6850,6540,6560,118376,-0.02670623145400597
2024-08-27,6500,6610,6430,6480,104486,-0.012195121951219523
2024-08-28,6480,6530,6320,6510,118277,0.004629629629629539
2024-08-29,6300,6300,6210,6220,123637,-0.044546850998463894
2024-08-30,6220,6300,6100,6160,167354,-0.009646302250803873
2024-09-02,6180,6180,5990,6040,165236,-0.01948051948051943
2024-09-03,6070,6320,6030,6050,171289,0.0016556291390728006
2024-09-04,5780,5850,5660,5720,298112,-0.054545454545454564
2024-09-05,5800,5860,5610,5700,150508,-0.0034965034965035446
2024-09-06,5790,5790,5330,5350,189365,-0.06140350877192979
2024-09-09,5120,5480,5110,5460,100742,0.020560747663551426
2024-09-10,5460,5510,5210,5240,91783,-0.04029304029304026
2024-09-11,5190,5330,5120,5220,120657,-0.003816793893129722
2024-09-12,5390,5510,5340,5420,75029,0.03831417624521083
2024-09-13,5500,5500,5190,5230,69082,-0.035055350553505504
2024-09-19,5240,5250,5030,5180,72040,-0.009560229445506718
2024-09-20,5230,5380,5170,5180,71229,0.0
2024-09-23,5160,5280,5090,5200,80773,0.0038610038610038533
2024-09-24,5320,5320,5110,5300,91164,0.019230769230769162
2024-09-25,5320,5450,5260,5300,118414,0.0
2024-09-26,5410,5600,5410,5570,158811,0.050943396226415194
2024-09-27,5610,5690,5490,5610,115285,0.007181328545780907
2024-09-30,5560,5580,5300,5340,109870,-0.048128342245989275
2024-10-02,5220,5290,5090,5200,72754,-0.02621722846441943
2024-10-04,5250,5250,5130,5200,46081,0.0
2024-10-07,5200,5350,5100,5320,120292,0.023076923076922995
2024-10-08,5470,5470,5180,5180,123906,-0.02631578947368418
2024-10-10,5190,5280,5020,5020,107020,-0.030888030888030937
2024-10-11,5070,5140,4965,4965,162725,-0.010956175298804771
2024-10-14,4965,5070,4945,4995,97300,0.0060422960725075026
2024-10-15,4995,5120,4920,4950,100938,-0.009009009009009028
2024-10-16,4900,4950,4765,4770,145575,-0.036363636363636376
2024-10-17,4800,4840,4585,4640,184991,-0.027253668763102756
2024-10-18,4645,4755,4505,4545,105394,-0.020474137931034475
2024-10-21,4545,4650,4505,4530,77806,-0.0033003300330033403
2024-10-22,4530,4550,4360,4425,114035,-0.023178807947019875
2024-10-23,4395,4720,4320,4610,87183,0.041807909604519855
2024-10-24,4605,4605,4320,4325,94049,-0.061822125813449036
2024-10-25,4330,4370,4210,4260,51332,-0.015028901734104094
2024-10-28,4235,4560,4235,4460,98243,0.04694835680751175
2024-10-29,4460,4500,4335,4490,40966,0.006726457399103047
2024-10-30,4445,4545,4405,4410,27559,-0.017817371937639215
2024-10-31,4305,4690,4300,4625,96148,0.0487528344671202
2024-11-01,4590,4605,4490,4515,53994,-0.023783783783783763
2024-11-04,4505,4630,4500,4620,47880,0.023255813953488413
2024-11-05,4570,4680,4525,4660,36031,0.008658008658008587
2024-11-06,4660,4950,4660,4720,191195,0.012875536480686733
2024-11-07,4720,4840,4600,4810,74224,0.019067796610169552
2024-11-08,4815,4950,4680,4760,63014,-0.01039501039501034
2024-11-11,4810,4950,4500,4560,122311,-0.04201680672268904
2024-11-12,4550,4555,4250,4265,152414,-0.0646929824561403
2024-11-13,4250,4335,4155,4180,70401,-0.01992966002344665
2024-11-14,4355,4365,3950,3950,109568,-0.055023923444976086
2024-11-15,3950,4175,3910,4145,83786,0.04936708860759498
2024-11-18,4035,4285,4035,4130,51635,-0.003618817852834688
2024-11-19,4075,4135,4010,4035,50342,-0.02300242130750607
2024-11-20,4015,4025,3890,3920,55869,-0.028500619578686548
2024-11-21,3920,3980,3880,3910,59646,-0.0025510204081632404
2024-11-22,4000,4050,3900,3945,72275,0.008951406649616356
2024-11-25,3950,4090,3950,4090,66068,0.03675538656527255
2024-11-26,4170,4200,4005,4100,55472,0.0024449877750611915
2024-11-27,4100,4200,3880,3945,80325,-0.03780487804878052
2024-11-28,4010,4010,3895,3955,34847,0.0025348542458809575
2024-11-29,3995,3995,3740,3765,146368,-0.04804045512010113
2024-12-02,3765,3815,3605,3615,76725,-0.03984063745019917
2024-12-03,3680,3885,3670,3755,127604,0.03872752420470271
2024-12-04,3570,3770,3570,3685,71672,-0.018641810918774926
2024-12-05,3685,3740,3530,3545,72194,-0.037991858887381325
2024-12-06,3525,3600,3275,3360,95004,-0.05218617771509171
2024-12-09,3310,3310,3070,3070,149995,-0.08630952380952384
2024-12-10,3180,3340,3100,3300,82394,0.07491856677524433
2024-12-11,3300,3750,3300,3745,134662,0.13484848484848477
2024-12-12,3800,3800,3615,3745,58754,0.0
2024-12-13,3740,3985,3720,3900,90633,0.041388518024032095
2024-12-16,3930,3985,3830,3830,70179,-0.017948717948717996
2024-12-17,3795,4100,3795,4095,100887,0.06919060052219317
2024-12-18,4120,4220,3835,4220,113427,0.030525030525030417
2024-12-19,4095,4130,3975,3980,107465,-0.056872037914691975
2024-12-20,4005,4025,3880,3900,54685,-0.02010050251256279
2024-12-23,3900,4255,3900,4190,105940,0.07435897435897432
2024-12-24,4245,4245,3955,3955,94173,-0.05608591885441527
2024-12-26,3970,4060,3920,3975,43001,0.005056890012642201
2024-12-27,3975,4000,3880,3900,42517,-0.018867924528301883
2024-12-30,3900,3990,3860,3955,32149,0.014102564102564052
2025-01-02,3920,4060,3920,4050,37660,0.02402022756005051
2025-01-03,4075,4530,4075,4425,159778,0.09259259259259256
2025-01-06,4435,4545,4435,4505,59893,0.01807909604519775
2025-01-07,4530,4595,4445,4515,57179,0.002219755826859071
2025-01-08,4470,4645,4425,4620,71512,0.023255813953488413
2025-01-09,4620,4625,4510,4575,71886,-0.009740259740259716
2025-01-10,4575,4580,4440,4455,48584,-0.02622950819672132
2025-01-13,4445,4445,4320,4330,26062,-0.02805836139169471
2025-01-14,4315,4495,4205,4310,88479,-0.004618937644341847
2025-01-15,4310,4340,4120,4190,98104,-0.02784222737819031
2025-01-16,4220,4410,4220,4395,42530,0.04892601431980914
2025-01-17,4590,4590,4235,4305,51288,-0.020477815699658675
2025-01-20,4305,4380,4050,4300,58000,-0.0011614401858304202
2025-01-21,4265,4485,4215,4320,53266,0.0046511627906977715
2025-01-22,4400,4400,4170,4180,72195,-0.03240740740740744
2025-01-23,4280,4340,3860,4005,103511,-0.04186602870813394
2025-01-24,3970,4090,3970,3995,33451,-0.0024968789013732895
2025-01-31,4000,4020,3845,3900,72323,-0.02377972465581979
2025-02-03,3950,3950,3610,3635,73744,-0.06794871794871793
2025-02-04,3620,3830,3620,3735,43667,0.02751031636863832
2025-02-05,3830,3830,3705,3820,36261,0.022757697456492698
2025-02-06,3840,3870,3680,3740,50999,-0.020942408376963373
2025-02-07,3740,4100,3670,3945,145581,0.05481283422459904
2025-02-10,3950,4225,3805,4225,141003,0.07097591888466415
2025-02-11,4260,4260,4050,4065,105264,-0.037869822485207094
2025-02-12,4065,4065,3935,3955,58243,-0.027060270602705994
2025-02-13,4000,4220,3985,4090,67723,0.03413400758533491
2025-02-14,4230,4450,4110,4180,224131,0.022004889975550057
2025-02-17,4290,4290,4145,4200,100080,0.004784688995215225
2025-02-18,4115,4165,4010,4155,114667,-0.010714285714285676
2025-02-19,4155,4295,4125,4180,99786,0.006016847172081841
2025-02-20,4170,4215,4065,4165,105294,-0.0035885167464114742
2025-02-21,4280,4280,4045,4060,78240,-0.025210084033613467
2025-02-24,4010,4010,3905,4010,53586,-0.012315270935960632
2025-02-25,4030,4030,3865,3895,89607,-0.028678304239401542
2025-02-26,3895,3920,3820,3825,38744,-0.01797175866495504
2025-02-27,3840,3910,3685,3690,83351,-0.03529411764705881
2025-02-28,3645,3650,3490,3590,85318,-0.027100271002710064
2025-03-04,3590,3615,3400,3430,59617,-0.04456824512534818
2025-03-05,3450,3545,3425,3435,39158,0.001457725947521915
2025-03-06,3445,3485,3320,3320,64821,-0.033478893740902516
2025-03-07,3300,3395,3275,3325,20667,0.001506024096385561
2025-03-10,3275,3345,3255,3310,41272,-0.004511278195488688
2025-03-11,3125,3285,3115,3270,28786,-0.012084592145015116
2025-03-12,3275,3400,3275,3370,28235,0.030581039755351647
2025-03-13,3375,3430,3280,3280,32966,-0.02670623145400597
2025-03-14,3280,3405,3280,3350,26767,0.021341463414634054
2025-03-17,3360,3545,3360,3430,33168,0.023880597014925398
2025-03-18,3430,3440,3305,3315,52959,-0.03352769679300294
2025-03-19,3300,3435,3280,3370,22672,0.016591251885369473
2025-03-20,3380,3410,3345,3360,40420,-0.0029673590504450953
2025-03-21,3285,3460,3285,3380,40274,0.005952380952380931
2025-03-24,3370,3390,3315,3340,30875,-0.011834319526627168
2025-03-25,3375,3375,3230,3245,46505,-0.02844311377245512
2025-03-26,3210,3300,3210,3225,26904,-0.006163328197226536
2025-03-27,3210,3240,3120,3125,42582,-0.03100775193798455
2025-03-28,3125,3125,2985,3025,97851,-0.03200000000000003
2025-03-31,3025,3050,2895,2900,41261,-0.04132231404958675
2025-04-01,2860,3065,2860,3010,25627,0.037931034482758585
2025-04-02,3110,3110,2955,2970,14659,-0.013289036544850474
2025-04-03,2950,2980,2860,2885,14980,-0.028619528619528656
2025-04-04,2865,3010,2850,2980,30707,0.032928942807625594
2025-04-07,2810,2900,2725,2730,49003,-0.08389261744966447
2025-04-08,2765,2850,2650,2740,20324,0.00366300366300365
2025-04-09,2725,2805,2625,2650,25897,-0.03284671532846717
2025-04-10,2750,2905,2715,2820,35579,0.0641509433962264
2025-04-11,2795,2900,2770,2880,23794,0.02127659574468077
2025-04-14,2945,3015,2885,2995,18192,0.03993055555555558
2025-04-15,3060,3060,2955,3025,11869,0.01001669449081799
2025-04-16,3020,3020,2900,2900,19494,-0.04132231404958675
2025-04-17,2895,2975,2895,2970,16821,0.024137931034482696
2025-04-18,2970,2970,2920,2950,10754,-0.006734006734006703
2025-04-21,2950,3240,2935,3155,67276,0.06949152542372872
2025-04-22,3165,3165,3065,3070,18283,-0.02694136291600635
2025-04-23,3210,3210,3110,3125,15083,0.01791530944625408
2025-04-24,3240,3240,3135,3160,22072,0.011200000000000099
2025-04-25,3195,3220,3155,3200,20517,0.012658227848101333
2025-04-28,3165,3235,3160,3165,24488,-0.010937500000000044
2025-04-29,3175,3250,3125,3215,21849,0.01579778830963674
2025-04-30,3270,3270,3160,3190,23178,-0.007776049766718529
2025-05-02,3170,3195,3075,3075,30640,-0.036050156739811934
2025-05-07,3180,3180,3000,3025,11518,-0.016260162601625994
2025-05-08,3100,3125,3065,3115,10461,0.02975206611570247
2025-05-09,3100,3120,3045,3050,18717,-0.020866773675762396
2025-05-12,3050,3140,3030,3140,23596,0.029508196721311553
2025-05-13,3145,3245,3105,3130,16578,-0.0031847133757961776
2025-05-14,3200,3200,3120,3165,22923,0.011182108626198062
2025-05-15,3135,3170,3050,3090,22818,-0.023696682464455
2025-05-16,3090,3090,2965,2990,39354,-0.032362459546925515
2025-05-19,2990,3135,2930,3045,15588,0.018394648829431537
2025-05-20,3040,3085,2970,2975,20197,-0.02298850574712641
2025-05-21,3110,3110,2960,2965,16598,-0.003361344537815114
2025-05-22,3020,3020,2910,2910,17244,-0.018549747048903886
2025-05-23,2910,2975,2855,2860,26062,-0.01718213058419249
2025-05-26,2860,2945,2830,2865,21025,0.0017482517482516613
2025-05-27,3010,3010,2840,2870,16661,0.0017452006980802626
2025-05-28,2895,3090,2895,3025,44232,0.05400696864111487
2025-05-29,3025,3075,2990,3010,26900,-0.0049586776859503745
2025-05-30,3065,3065,3005,3030,7626,0.006644518272425293
2025-06-02,3025,3035,2915,2960,30792,-0.02310231023102305
2025-06-04,3005,3025,2965,3015,16365,0.01858108108108114
2025-06-05,3070,3260,2995,3160,51126,0.04809286898839127
2025-06-09,3250,3750,3250,3620,242771,0.14556962025316467
2025-06-10,3790,3790,3465,3690,63713,0.01933701657458564
2025-06-11,3680,3715,3595,3690,40679,0.0
2025-06-12,3825,4070,3760,3810,103116,0.03252032520325199
2025-06-13,3930,3930,3700,3775,63694,-0.009186351706036766
2025-06-16,3755,3755,3625,3685,20947,-0.02384105960264904
2025-06-17,3815,3830,3655,3780,53975,0.02578018995929443
2025-06-18,3885,3885,3710,3850,56743,0.0185185185185186
2025-06-19,3825,3825,3685,3720,41531,-0.03376623376623378
2025-06-20,3730,3795,3645,3730,42448,0.0026881720430107503
2025-06-23,3690,3690,3535,3555,36003,-0.046916890080428986
2025-06-24,3750,4060,3650,3860,172312,0.0857946554149085
2025-06-25,3950,3950,3825,3900,35813,0.010362694300518172
2025-06-26,3985,3985,3810,3885,35267,-0.0038461538461538325
2025-06-27,3875,3930,3815,3820,31081,-0.016731016731016735
2025-06-30,3820,3835,3705,3715,28810,-0.027486910994764413
2025-07-01,3755,3850,3725,3785,68008,0.018842530282638048
2025-07-02,3785,3785,3625,3675,60216,-0.029062087186261576
2025-07-03,3675,3805,3600,3800,40676,0.03401360544217691
2025-07-04,3815,3840,3740,3740,23640,-0.015789473684210575
2025-07-07,3740,3850,3700,3720,25971,-0.005347593582887722
2025-07-08,3720,3730,3605,3660,45728,-0.016129032258064502
2025-07-09,3660,3695,3585,3585,57514,-0.020491803278688492
2025-07-10,3625,3710,3585,3650,38656,0.018131101813110284
2025-07-11,3640,3715,3610,3675,58084,0.006849315068493178
2025-07-14,3675,3680,3585,3595,36478,-0.0217687074829932
2025-07-15,3565,3635,3560,3605,29282,0.0027816411682892728
2025-07-16,3605,3625,3550,3615,49198,0.00277392510402219
2025-07-17,3615,3915,3565,3815,142642,0.05532503457814664
2025-07-18,3825,3920,3795,3880,97306,0.017038007863696025
2025-07-21,3880,3935,3750,3830,50785,-0.012886597938144284
2025-07-22,3830,3865,3772,3810,46450,-0.005221932114882533
2025-07-23,3810,4370,3810,3925,915702,0.030183727034120755
2025-07-24,3930,3980,3700,3745,155781,-0.04585987261146496
2025-07-25,3745,3780,3685,3690,42189,-0.014686248331108098
2025-07-28,3790,4795,3775,4795,4301938,0.2994579945799458
2025-07-29,5210,5600,4850,5000,6616902,0.04275286757038588
2025-07-30,5050,5330,4950,5040,1955390,0.008000000000000007
2025-07-31,5100,5100,4815,4860,430802,-0.0357142857142857
2025-08-01,4880,4880,4685,4725,282131,-0.02777777777777779
2025-08-04,4830,4975,4830,4950,411116,0.04761904761904767
2025-08-05,5090,5200,4750,4975,841567,0.005050505050504972
2025-08-06,4840,4870,4745,4750,272468,-0.045226130653266305
2025-08-07,4965,5110,4500,4570,788488,-0.037894736842105314
2025-08-08,4575,5020,4555,4620,597384,0.010940919037199182
2025-08-11,4640,4685,4450,4470,352276,-0.03246753246753242
2025-08-12,4470,4760,4435,4550,451534,0.017897091722595126
2025-08-13,4595,4935,4595,4795,702752,0.05384615384615388
2025-08-14,4850,5240,4720,5180,1319132,0.08029197080291972
2025-08-18,5180,5230,4940,5150,650397,-0.00579150579150578
2025-08-19,5190,5350,5050,5250,612658,0.01941747572815533
2025-08-20,5150,5480,5100,5450,991132,0.03809523809523818
2025-08-21,5480,5880,5350,5740,1209984,0.053211009174311874
2025-08-22,5800,5850,5560,5600,492143,-0.024390243902439046
2025-08-25,5610,5670,5200,5270,591664,-0.05892857142857144
2025-08-26,5150,5350,4995,5340,404011,0.013282732447817747
2025-08-27,5270,5440,5150,5290,232432,-0.009363295880149836
2025-08-28,5290,5590,5150,5310,267708,0.003780718336483968
2025-08-29,5350,6030,5310,5950,1623854,0.12052730696798486
2025-09-01,5800,6010,5620,5960,642772,0.001680672268907557
2025-09-02,6020,6120,5840,5960,624098,0.0
2025-09-03,5980,5980,5640,5730,413002,-0.038590604026845665
2025-09-04,5720,5740,5440,5460,426044,-0.04712041884816753
2025-09-05,5580,5700,5380,5650,460897,0.0347985347985349
2025-09-08,5650,5930,5510,5900,693635,0.04424778761061954
2025-09-09,6030,6420,6020,6230,1557656,0.055932203389830404
2025-09-10,6330,6400,6080,6280,633948,0.008025682182985605
2025-09-11,6420,6420,6120,6190,336803,-0.014331210191082855
2025-09-12,6230,6450,6100,6330,815314,0.022617124394184174
2025-09-15,6520,7000,6430,7000,1497698,0.10584518167456558
2025-09-16,7200,7470,6940,7290,2164311,0.04142857142857137
2025-09-17,7100,7330,6890,7280,827109,-0.00137174211248281
2025-09-18,7390,7630,7270,7520,902792,0.03296703296703307
2025-09-19,7540,7590,7210,7400,556820,-0.015957446808510634
2025-09-22,7400,7530,7150,7190,735314,-0.02837837837837842
2025-09-23,7260,7310,6720,6740,846544,-0.06258692628650908
2025-09-24,6660,6850,6500,6780,600744,0.005934718100890191
2025-09-25,6770,6770,6500,6520,360282,-0.03834808259587019
2025-09-26,6520,6540,6170,6270,449887,-0.03834355828220859
2025-09-29,6260,6400,6210,6250,256340,-0.0031897926634768536
2025-09-30,6330,6370,6190,6290,187735,0.006399999999999961
2025-10-01,6310,6500,6310,6320,265601,0.004769475357710551
2025-10-02,6500,6600,6290,6340,308425,0.0031645569620253333
2025-10-10,6540,7350,6500,7350,1339785,0.15930599369085163
2025-10-13,7120,7610,6920,7600,1091657,0.03401360544217691
2025-10-14,7800,7850,7100,7240,986265,-0.047368421052631615
2025-10-15,7410,7410,7090,7210,379112,-0.004143646408839796
2025-10-16,7210,7730,7000,7670,1138791,0.06380027739251037
2025-10-17,7670,7760,7340,7430,674826,-0.0312907431551499
2025-10-20,7460,7740,7340,7670,584945,0.032301480484522305
2025-10-21,7680,7790,7270,7320,574999,-0.04563233376792697
2025-10-22,7320,7320,6930,7090,413190,-0.031420765027322384
2025-10-23,6990,7070,6810,6960,268531,-0.01833568406205921
2025-10-24,7050,7130,6700,6700,366482,-0.03735632183908044
2025-10-27,6700,6960,6600,6770,390810,0.010447761194029903
2025-10-28,6770,6780,6510,6560,262522,-0.03101920236336775
2025-10-29,6650,6650,6400,6420,357352,-0.021341463414634165
2025-10-30,6420,6630,6300,6310,274650,-0.01713395638629278
2025-10-31,6310,7050,6310,7010,738137,0.11093502377179076
2025-11-03,7010,7120,6840,7070,558599,0.008559201141226769
