Date,Open,High,Low,Close,Volume,Change
2022-02-08,15750,17300,12600,13900,9339952,
2022-02-09,14300,14700,14000,14350,2049462,0.03237410071942448
2022-02-10,14400,14700,13150,13350,1762237,-0.06968641114982577
2022-02-11,13350,14800,12600,14250,4102292,0.0674157303370786
2022-02-14,13400,13550,12500,12500,1320183,-0.1228070175438597
2022-02-15,12650,12900,12150,12300,828246,-0.016000000000000014
2022-02-16,12700,12900,12400,12650,674677,0.028455284552845628
2022-02-17,12800,13950,12450,12950,2601686,0.02371541501976293
2022-02-18,12600,13150,12450,12950,472048,0.0
2022-02-21,12900,13800,12850,13700,1404032,0.05791505791505802
2022-02-22,13900,15350,13650,13750,6173953,0.0036496350364962904
2022-02-23,14000,14550,13800,13900,1408685,0.01090909090909098
2022-02-24,13700,13900,12750,12750,853885,-0.08273381294964033
2022-02-25,13200,13500,12650,12850,1113705,0.007843137254901933
2022-02-28,12750,13100,12600,12850,377181,0.0
2022-03-02,12750,13100,12650,13050,250747,0.015564202334630295
2022-03-03,13150,13550,12950,13300,535911,0.019157088122605304
2022-03-04,13250,13550,12900,13000,331421,-0.022556390977443663
2022-03-07,12700,13150,12600,13000,242544,0.0
2022-03-08,12850,13250,12700,12800,277179,-0.01538461538461533
2022-03-10,13150,13200,12700,12750,168120,-0.00390625
2022-03-11,12750,12900,12450,12550,201189,-0.015686274509803977
2022-03-14,12550,12550,11650,11900,300533,-0.05179282868525892
2022-03-15,11850,12050,11750,11850,135376,-0.004201680672268893
2022-03-16,12100,12250,11900,12050,124989,0.016877637130801704
2022-03-17,12300,12500,12150,12300,205056,0.020746887966804906
2022-03-18,12400,12700,12200,12450,241769,0.012195121951219523
2022-03-21,12600,12650,12350,12450,144349,0.0
2022-03-22,12700,13100,12600,12650,307785,0.016064257028112428
2022-03-23,12650,12800,12500,12700,150998,0.0039525691699604515
2022-03-24,12600,12650,12400,12550,85862,-0.011811023622047223
2022-03-25,12700,12900,12550,12650,142063,0.007968127490039834
2022-03-28,12600,12800,12500,12700,102713,0.0039525691699604515
2022-03-29,12750,13000,12600,12700,182270,0.0
2022-03-30,12800,13100,12600,12850,247701,0.011811023622047223
2022-03-31,12900,13750,12850,13550,604247,0.054474708171206254
2022-04-01,13400,13450,13200,13250,147275,-0.022140221402214055
2022-04-04,13200,13250,12950,13100,112978,-0.01132075471698113
2022-04-05,13200,13550,13000,13050,208996,-0.003816793893129722
2022-04-06,12950,13000,12750,12850,106654,-0.01532567049808431
2022-04-07,12700,12850,12500,12500,112115,-0.027237354085603127
2022-04-08,12700,12750,12400,12550,59046,0.0040000000000000036
2022-04-11,12550,12750,12400,12500,59061,-0.003984063745019917
2022-04-12,12350,12450,11900,12000,246269,-0.040000000000000036
2022-04-13,11950,12200,11950,12100,87912,0.008333333333333304
2022-04-14,12150,12250,12100,12100,70432,0.0
2022-04-15,12050,12100,11850,11950,103033,-0.012396694214875992
2022-04-18,12000,12350,11850,12050,88051,0.008368200836819994
2022-04-19,12200,12450,12100,12300,74631,0.020746887966804906
2022-04-20,12300,12600,12200,12300,140732,0.0
2022-04-21,12400,12400,12050,12300,110708,0.0
2022-04-22,12150,12250,12050,12250,92950,-0.004065040650406471
2022-04-25,12000,12200,11950,11950,118540,-0.024489795918367308
2022-04-26,12050,12400,12000,12250,116527,0.025104602510460206
2022-04-27,11950,12150,11950,12050,71852,-0.01632653061224487
2022-04-28,12150,12200,11950,12000,89393,-0.004149377593360981
2022-04-29,12100,12200,11950,12000,111919,0.0
2022-05-02,11900,12150,11850,12000,81067,0.0
2022-05-03,12050,12650,12050,12450,257551,0.03750000000000009
2022-05-04,12500,12500,12250,12300,74287,-0.012048192771084376
2022-05-06,12150,12150,11950,11950,91286,-0.028455284552845517
2022-05-09,11950,12100,11600,11600,126717,-0.029288702928870314
2022-05-10,11500,11500,11100,11500,94759,-0.008620689655172376
2022-05-11,11500,11650,11300,11350,52686,-0.013043478260869601
2022-05-12,11150,11300,10850,10850,78731,-0.04405286343612336
2022-05-13,11050,11050,10700,10750,85967,-0.009216589861751112
2022-05-16,10900,11050,9080,9120,873027,-0.15162790697674422
2022-05-17,9080,9150,8870,8970,220604,-0.016447368421052655
2022-05-18,9150,11300,9050,10500,2921531,0.1705685618729098
2022-05-19,9970,10250,9920,10150,392015,-0.033333333333333326
2022-05-20,10100,11700,9570,10150,1475093,0.0
2022-05-23,10250,10600,10000,10050,261026,-0.009852216748768461
2022-05-24,10100,10150,9660,9660,186920,-0.03880597014925369
2022-05-25,9750,9900,9580,9750,88729,0.009316770186335477
2022-05-26,9760,9870,9530,9570,84402,-0.018461538461538418
2022-05-27,9610,9810,9570,9580,68457,0.0010449320794148065
2022-05-30,9670,9990,9670,9830,76769,0.02609603340292277
2022-05-31,9830,9900,9680,9870,60201,0.004069175991861629
2022-06-02,9940,10200,9810,9980,107259,0.011144883485308954
2022-06-03,10050,12550,9970,10950,4090654,0.09719438877755504
2022-06-07,11150,11200,10900,11050,377884,0.009132420091324311
2022-06-08,11200,11850,10950,11150,989943,0.009049773755656076
2022-06-09,11050,11300,10850,11200,180612,0.004484304932735439
2022-06-10,11150,11550,10900,11300,272958,0.008928571428571397
2022-06-13,11050,11300,10650,10800,263278,-0.04424778761061943
2022-06-14,10400,10700,10050,10500,231383,-0.02777777777777779
2022-06-15,10600,11450,10350,10350,912320,-0.014285714285714235
2022-06-16,10650,11500,10600,11450,1066307,0.106280193236715
2022-06-17,11250,11800,11100,11600,936088,0.013100436681222627
2022-06-20,11800,11850,10600,10900,407284,-0.06034482758620685
2022-06-21,10750,11300,10650,10900,326840,0.0
2022-06-22,11000,11100,9600,9600,503106,-0.11926605504587151
2022-06-23,9670,9670,8910,8980,358695,-0.06458333333333333
2022-06-24,9000,9270,8880,9110,187986,0.014476614699331813
2022-06-27,9200,9590,9120,9420,206248,0.034028540065861757
2022-06-28,9450,10050,9260,9580,290246,0.01698513800424628
2022-06-29,9340,9520,9180,9390,119426,-0.019832985386221247
2022-06-30,9360,9420,9000,9050,136074,-0.03620873269435565
2022-07-01,9080,9220,8790,9040,134786,-0.0011049723756906271
2022-07-04,9100,9100,8380,8540,148167,-0.05530973451327437
2022-07-05,8630,9490,8540,8890,385748,0.040983606557376984
2022-07-06,9040,9360,8750,9140,218976,0.028121484814398245
2022-07-07,9190,9410,9150,9250,107443,0.012035010940919078
2022-07-08,9350,9470,9090,9110,137299,-0.015135135135135092
2022-07-11,9120,9190,8960,9030,75116,-0.008781558726673966
2022-07-12,9030,9030,8700,8710,89130,-0.03543743078626804
2022-07-13,8750,8910,8600,8860,63978,0.01722158438576349
2022-07-14,8830,9100,8730,8940,62365,0.009029345372460584
2022-07-15,8960,9060,8750,8900,39791,-0.004474272930648726
2022-07-18,9050,9150,8950,9110,57258,0.02359550561797752
2022-07-19,9060,9230,8980,9100,47659,-0.001097694840834218
2022-07-20,9240,9340,9090,9140,74081,0.00439560439560438
2022-07-21,9170,9300,9120,9130,70503,-0.001094091903719896
2022-07-22,9120,10750,9100,9370,2129626,0.026286966046002114
2022-07-25,9350,9400,9130,9220,174494,-0.016008537886872953
2022-07-26,9300,9400,9200,9210,134203,-0.0010845986984815426
2022-07-27,9220,9630,9140,9530,307291,0.034744842562432154
2022-07-28,9580,9590,9330,9390,194332,-0.014690451206715638
2022-07-29,9410,9590,9340,9410,162098,0.0021299254526092604
2022-08-01,9440,9570,9400,9440,80213,0.0031880977683316214
2022-08-02,9450,9530,9250,9280,101432,-0.016949152542372836
2022-08-03,9240,9430,9190,9380,57496,0.010775862068965525
2022-08-04,9400,9540,9340,9470,84777,0.009594882729211163
2022-08-05,9510,9610,9440,9470,120297,0.0
2022-08-08,9470,9470,9320,9370,61344,-0.010559662090813049
2022-08-09,9420,9430,9310,9350,40909,-0.002134471718249764
2022-08-10,9300,9360,8980,8990,164045,-0.0385026737967914
2022-08-11,9040,9150,9000,9080,67910,0.010011123470522909
2022-08-12,9170,9330,9150,9240,81553,0.017621145374449254
2022-08-16,9350,10100,9250,9520,780728,0.030303030303030276
2022-08-17,9430,9620,9360,9430,109486,-0.009453781512605008
2022-08-18,9430,9430,9120,9200,111105,-0.024390243902439046
2022-08-19,9230,9250,8970,9000,127607,-0.021739130434782594
2022-08-22,8950,8950,8700,8820,117174,-0.020000000000000018
2022-08-23,8730,8750,8520,8560,127835,-0.02947845804988658
2022-08-24,8520,8640,8360,8510,134533,-0.005841121495327117
2022-08-25,8530,8670,8510,8610,53351,0.011750881316098694
2022-08-26,8610,8850,8590,8630,62667,0.0023228803716608404
2022-08-29,8360,8470,8200,8210,95033,-0.04866743916570104
2022-08-30,8250,8370,8230,8340,37719,0.015834348355663774
2022-08-31,8300,8490,8250,8470,40433,0.015587529976019088
2022-09-01,8470,8470,8200,8200,57398,-0.031877213695395534
2022-09-02,8250,8290,8190,8220,54395,0.0024390243902439046
2022-09-05,8200,8240,8000,8000,53435,-0.02676399026763987
2022-09-06,8000,9950,8000,8960,5315946,0.1200000000000001
2022-09-07,8960,10100,8880,9140,3520899,0.02008928571428581
2022-09-08,9180,9350,8880,8950,481220,-0.020787746170678356
2022-09-13,9040,9340,8900,9340,364376,0.043575418994413306
2022-09-14,8900,9150,8830,9090,226737,-0.02676659528907921
2022-09-15,9050,9320,9000,9130,211270,0.004400440044004306
2022-09-16,9100,9290,8910,8920,227493,-0.02300109529025196
2022-09-19,9090,9720,8940,9340,1028491,0.047085201793722
2022-09-20,9580,9940,9310,9390,1103948,0.005353319057815886
2022-09-21,9470,9570,9210,9240,230383,-0.015974440894568676
2022-09-22,9050,9180,8700,8950,226787,-0.031385281385281405
2022-09-23,8920,9060,8410,8420,205064,-0.05921787709497206
2022-09-26,8130,8300,7600,7680,287379,-0.08788598574821849
2022-09-27,7500,7830,7440,7670,153381,-0.0013020833333333703
2022-09-28,7600,7840,7210,7210,140005,-0.059973924380704036
2022-09-29,7280,7450,7100,7100,92822,-0.015256588072122046
2022-09-30,6980,7110,6850,7010,97125,-0.012676056338028152
2022-10-04,7150,7600,7120,7540,108654,0.07560627674750364
2022-10-05,7600,7650,7310,7360,72721,-0.023872679045092826
2022-10-06,7400,7640,7400,7560,72385,0.02717391304347827
2022-10-07,7460,7570,7360,7430,51599,-0.01719576719576721
2022-10-11,7240,7330,6770,6820,120324,-0.08209959623149399
2022-10-12,6780,6970,6730,6900,67535,0.011730205278592365
2022-10-13,6850,8070,6610,6910,890339,0.0014492753623187582
2022-10-14,7110,7240,6980,7070,89826,0.02315484804630974
2022-10-17,7100,7260,7070,7150,90478,0.011315417256011262
2022-10-18,7240,7350,7180,7270,81904,0.016783216783216703
2022-10-19,7320,7510,7190,7190,67908,-0.011004126547455306
2022-10-20,7190,7300,7000,7000,51007,-0.026425591098748313
2022-10-21,6930,7090,6820,6850,46961,-0.021428571428571463
2022-10-24,6950,8670,6950,7800,3849869,0.13868613138686126
2022-10-25,8250,8490,7910,8080,1384832,0.03589743589743599
2022-10-26,8050,8380,7910,8150,571765,0.00866336633663356
2022-10-27,8200,8430,8020,8350,578219,0.024539877300613577
2022-10-28,8350,8390,8060,8120,222747,-0.02754491017964067
2022-10-31,8380,8730,8300,8320,749301,0.024630541871921263
2022-11-01,8410,8850,8260,8750,558646,0.05168269230769229
2022-11-02,8730,8730,8310,8500,291260,-0.02857142857142858
2022-11-03,8470,10400,8340,9740,4545043,0.14588235294117657
2022-11-04,9730,9920,9450,9520,727573,-0.022587268993839782
2022-11-07,9480,9570,9270,9540,423270,0.0021008403361344463
2022-11-08,9470,9740,9360,9450,474819,-0.009433962264150941
2022-11-09,9510,10200,9420,9530,1331183,0.00846560846560851
2022-11-10,9430,9770,9400,9500,331049,-0.0031479538300105414
2022-11-11,9770,9790,9450,9460,251759,-0.004210526315789442
2022-11-14,9560,9790,9460,9600,297142,0.014799154334038
2022-11-15,9550,9560,8730,8990,515225,-0.06354166666666672
2022-11-16,9000,9010,8790,8850,184484,-0.015572858731924377
2022-11-17,8830,8910,8670,8670,156244,-0.02033898305084747
2022-11-18,8610,8720,8500,8510,129367,-0.018454440599769306
2022-11-21,8630,8630,8200,8230,157021,-0.03290246768507643
2022-11-22,8230,8280,8030,8080,106803,-0.018226002430133614
2022-11-23,8150,8270,8090,8230,78470,0.01856435643564347
2022-11-24,8300,8390,8220,8370,75358,0.017010935601458055
2022-11-25,8390,8390,8180,8180,67993,-0.022700119474313052
2022-11-28,8200,8200,7810,7820,128687,-0.044009779951100225
2022-11-29,8070,9780,8020,9040,6628423,0.15601023017902804
2022-11-30,9110,9290,9020,9040,656775,0.0
2022-12-01,9180,9200,9040,9160,311916,0.01327433628318575
2022-12-02,9160,9290,9000,9130,311851,-0.0032751091703057122
2022-12-05,9130,9430,9030,9070,433149,-0.006571741511500528
2022-12-06,8940,9080,8780,8940,197815,-0.01433296582138921
2022-12-07,8840,8960,8640,8640,147627,-0.03355704697986572
2022-12-08,8550,8680,8330,8440,122867,-0.02314814814814814
2022-12-09,8480,8720,8270,8360,91536,-0.009478672985781977
2022-12-12,8270,8420,8250,8280,43831,-0.009569377990430672
2022-12-13,8280,8320,8150,8230,63193,-0.006038647342995196
2022-12-14,8280,8420,8230,8330,47025,0.012150668286755817
2022-12-15,8320,8440,8240,8360,41572,0.0036014405762305746
2022-12-16,8220,8320,8050,8170,80702,-0.022727272727272707
2022-12-19,8110,8400,8050,8240,75616,0.008567931456548328
2022-12-20,8190,8550,8040,8050,240946,-0.02305825242718451
2022-12-21,8070,8080,7880,7950,95529,-0.012422360248447228
2022-12-22,7990,8010,7890,7950,54561,0.0
2022-12-23,7850,7890,7510,7510,114434,-0.05534591194968552
2022-12-26,7510,7580,7350,7370,46112,-0.018641810918774926
2022-12-27,7300,7580,7300,7510,49932,0.01899592944369055
2022-12-28,7450,7550,7320,7390,51131,-0.015978695073235683
2022-12-29,7310,7320,7060,7140,71628,-0.03382949932341006
2023-01-02,7140,7260,6970,7000,48964,-0.019607843137254943
2023-01-03,6870,7130,6840,7010,61826,0.0014285714285713347
2023-01-04,6900,7280,6900,7190,93793,0.02567760342368053
2023-01-05,7260,7320,7090,7170,43499,-0.0027816411682892728
2023-01-06,7170,7390,7140,7290,59957,0.01673640167364021
2023-01-09,7300,7450,7300,7440,45754,0.020576131687242816
2023-01-10,7370,7550,7360,7410,38271,-0.0040322580645161255
2023-01-11,7420,7590,7420,7560,45826,0.020242914979757165
2023-01-12,7570,7570,7480,7530,34185,-0.003968253968253954
2023-01-13,7570,7620,7480,7540,50784,0.0013280212483399723
2023-01-16,7530,7680,7460,7620,52983,0.010610079575596787
2023-01-17,7530,7610,7390,7420,45193,-0.026246719160105014
2023-01-18,7480,7510,7270,7280,48422,-0.018867924528301883
2023-01-19,7230,7630,7230,7560,80917,0.03846153846153855
2023-01-20,7570,7750,7540,7660,63619,0.013227513227513255
2023-01-25,7730,7860,7720,7810,67468,0.019582245430809442
2023-01-26,7820,7860,7750,7800,49084,-0.001280409731113985
2023-01-27,7900,7900,7750,7790,56868,-0.0012820512820512775
2023-01-30,7850,7900,7750,7800,35989,0.0012836970474967568
2023-01-31,7750,7870,7700,7800,39220,0.0
2023-02-01,7800,7920,7790,7860,40630,0.007692307692307665
2023-02-02,7920,7990,7860,7910,73468,0.006361323155216203
2023-02-03,8060,8070,7850,7920,76264,0.0012642225031604948
2023-02-06,7920,8040,7770,8020,75638,0.012626262626262541
2023-02-07,8160,8960,8120,8350,1282694,0.041147132169575995
2023-02-08,8450,8510,8200,8420,258561,0.008383233532934131
2023-02-09,8310,8330,8220,8220,105716,-0.02375296912114011
2023-02-10,8430,9800,8430,8900,5401638,0.08272506082725051
2023-02-13,9150,9400,8760,8850,822801,-0.005617977528089901
2023-02-14,8880,9190,8690,8950,372526,0.011299435028248483
2023-02-15,8980,9370,8510,8530,455468,-0.04692737430167593
2023-02-16,8570,9250,8570,9060,442755,0.062133645955451344
2023-02-17,8930,8960,8610,8820,222972,-0.026490066225165587
2023-02-20,8780,9100,8580,9080,191260,0.02947845804988658
2023-02-21,9130,9200,8860,9140,278088,0.0066079295154184425
2023-02-22,9000,9300,8920,9030,361983,-0.012035010940919078
2023-02-23,9020,9300,8850,9100,330745,0.007751937984496138
2023-02-24,9290,9750,9200,9310,1269123,0.023076923076922995
2023-02-27,9210,9220,8810,8900,299609,-0.04403866809881851
2023-02-28,9050,9260,8830,8860,318181,-0.004494382022471877
2023-03-02,8800,8970,8710,8820,144793,-0.004514672686230292
2023-03-03,8940,9200,8900,9100,311800,0.031746031746031855
2023-03-06,9190,10270,9030,10090,3252997,0.10879120879120885
2023-03-07,9930,10380,9740,9910,1323900,-0.01783944499504464
2023-03-08,9910,10020,9610,9740,644816,-0.017154389505549927
2023-03-09,9750,9760,9050,9050,639242,-0.07084188911704314
2023-03-10,8860,8980,8320,8600,293554,-0.04972375690607733
2023-03-13,8520,8680,8320,8630,141686,0.0034883720930232176
2023-03-14,8630,8680,8120,8120,207115,-0.0590961761297798
2023-03-15,8240,10550,8210,10550,7200191,0.2992610837438423
2023-03-16,10760,11830,10550,10920,8565031,0.035071090047393394
2023-03-17,10790,11290,10630,10650,1730496,-0.02472527472527475
2023-03-20,10560,10840,10170,10500,951003,-0.014084507042253502
2023-03-21,10620,11320,10400,10780,2130974,0.026666666666666616
2023-03-22,10880,11090,10630,10800,906153,0.0018552875695732052
2023-03-23,10680,11170,10300,10550,1248019,-0.02314814814814814
2023-03-24,10810,11250,10640,10970,1555976,0.03981042654028433
2023-03-27,11150,11620,10910,11050,1533806,0.007292616226071136
2023-03-28,11160,13190,10550,12200,6988966,0.10407239819004532
2023-03-29,12490,13500,12210,12770,4017220,0.04672131147540992
2023-03-30,12770,13160,12030,12250,1253028,-0.040720438527799496
2023-03-31,12400,12950,12060,12270,1192754,0.0016326530612245094
2023-04-03,12270,12430,11700,12250,557197,-0.0016299918500407573
2023-04-04,12300,12740,11790,12030,971740,-0.01795918367346938
2023-04-05,12690,13370,12040,12090,1743779,0.004987531172069737
2023-04-06,11920,11990,11280,11300,454323,-0.06534325889164594
2023-04-07,11400,11600,11280,11320,209116,0.001769911504424737
2023-04-10,11300,11360,10800,11060,413307,-0.02296819787985871
2023-04-11,11060,11060,10600,10860,332046,-0.018083182640144635
2023-04-12,10860,10940,10430,10740,294995,-0.011049723756906049
2023-04-13,10650,11080,10410,11080,277972,0.03165735567970196
2023-04-14,11200,11200,10800,10840,188284,-0.02166064981949456
2023-04-17,10750,10810,10450,10610,145757,-0.02121771217712176
2023-04-18,10620,11030,10340,10910,283015,0.02827521206409056
2023-04-19,10950,11120,10680,11090,202820,0.016498625114573784
2023-04-20,11230,11420,10540,10790,359703,-0.02705139765554554
2023-04-21,10700,10700,10070,10130,242258,-0.06116774791473589
2023-04-24,10050,10280,9880,10050,134244,-0.007897334649555776
2023-04-25,10200,10200,9520,9730,151008,-0.03184079601990053
2023-04-26,9650,9840,9450,9610,96387,-0.012332990750256956
2023-04-27,9530,9870,9370,9800,92770,0.019771071800208206
2023-04-28,9810,9840,9350,9500,107586,-0.030612244897959218
2023-05-02,9480,9800,9250,9460,123589,-0.004210526315789442
2023-05-03,9270,9610,9270,9360,75894,-0.010570824524312905
2023-05-04,9360,9460,9170,9370,69797,0.0010683760683760646
2023-05-08,9580,9680,9340,9350,74729,-0.002134471718249764
2023-05-09,9220,9350,9040,9260,74203,-0.009625668449197877
2023-05-10,9150,9300,9050,9180,37696,-0.008639308855291628
2023-05-11,9160,9350,9110,9190,50010,0.0010893246187364536
2023-05-12,9400,9400,8910,8990,107193,-0.021762785636561532
2023-05-15,8980,8980,8640,8780,125138,-0.023359288097886566
2023-05-16,8940,8950,8640,8740,100126,-0.004555808656036442
2023-05-17,8820,9040,8630,9030,89789,0.03318077803203656
2023-05-18,9200,9670,9190,9510,227662,0.0531561461794019
2023-05-19,9620,9710,9240,9530,128281,0.002103049421661396
2023-05-22,9600,9600,9310,9590,133016,0.006295907660021083
2023-05-23,9600,9710,9500,9550,91631,-0.004171011470281538
2023-05-24,9540,9540,9290,9420,56890,-0.013612565445026203
2023-05-25,9380,9420,9240,9260,47471,-0.01698513800424628
2023-05-26,9260,9390,9100,9360,71058,0.010799136069114423
2023-05-30,9450,9580,9190,9580,83106,0.02350427350427342
2023-05-31,9850,10920,9690,9690,1363674,0.01148225469728592
2023-06-01,9750,10010,9600,9690,214769,0.0
2023-06-02,9710,9740,9500,9500,153594,-0.019607843137254943
2023-06-05,9550,9940,9550,9820,161685,0.03368421052631576
2023-06-07,9950,9980,9740,9740,86205,-0.008146639511201648
2023-06-08,9740,9740,9530,9730,56683,-0.0010266940451745254
2023-06-09,9700,9750,9640,9720,67873,-0.0010277492291880241
2023-06-12,9760,9760,9510,9560,71716,-0.016460905349794275
2023-06-13,9700,9740,9500,9550,81319,-0.0010460251046024993
2023-06-14,9580,9820,9300,9300,169072,-0.02617801047120416
2023-06-15,9440,9590,9170,9390,77631,0.00967741935483879
2023-06-16,9400,9520,9370,9430,49645,0.004259850905218299
2023-06-19,9430,9440,9270,9280,64595,-0.01590668080593849
2023-06-20,9290,9310,9070,9070,92602,-0.022629310344827624
2023-06-21,9110,9110,8770,8940,118101,-0.01433296582138921
2023-06-22,8800,9000,8800,8930,54104,-0.0011185682326622093
2023-06-23,8810,8960,8810,8930,59539,0.0
2023-06-26,8910,8920,8720,8880,46099,-0.005599104143337086
2023-06-27,8800,9050,8700,8750,59779,-0.014639639639639657
2023-06-28,8760,8830,8730,8770,29314,0.0022857142857142243
2023-06-29,8730,8820,8090,8410,82112,-0.04104903078677313
2023-06-30,8410,8750,8170,8570,78857,0.019024970273483932
2023-07-03,8510,8880,8510,8780,52017,0.02450408401400228
2023-07-04,8710,8910,8700,8850,33400,0.007972665148063829
2023-07-05,8790,8860,8780,8840,33072,-0.001129943502824804
2023-07-06,8760,8850,8600,8600,64757,-0.02714932126696834
2023-07-07,8530,8560,8250,8320,78669,-0.032558139534883734
2023-07-10,8320,8590,8160,8540,44761,0.02644230769230771
2023-07-11,8410,8630,8410,8560,33328,0.0023419203747072626
2023-07-12,8510,8600,8440,8500,25148,-0.007009345794392496
2023-07-13,8500,8810,8500,8760,67467,0.030588235294117583
2023-07-14,8730,8880,8620,8850,60183,0.010273972602739656
2023-07-17,8770,9000,8680,8960,87728,0.012429378531073398
2023-07-18,8960,9130,8740,8770,91219,-0.021205357142857095
2023-07-19,8800,9500,8740,9180,345140,0.046750285062713726
2023-07-20,9100,9290,9060,9290,60956,0.011982570806100323
2023-07-21,9200,9220,8950,9060,93953,-0.024757804090419833
2023-07-24,9060,9290,8740,9250,167925,0.020971302428256067
2023-07-25,9230,9270,8540,8710,139449,-0.05837837837837834
2023-07-26,8710,8710,7900,8080,216169,-0.0723306544202067
2023-07-27,7930,8340,7930,8070,123170,-0.0012376237623762387
2023-07-28,8070,8360,8030,8290,65348,0.027261462205700138
2023-07-31,8290,8380,8220,8330,32923,0.004825090470446325
2023-08-01,8300,8400,8230,8380,52726,0.006002400960384069
2023-08-02,8390,8470,8050,8230,54743,-0.017899761336515496
2023-08-03,8230,8230,7860,8020,87017,-0.025516403402187082
2023-08-04,7800,8100,7800,8030,63284,0.0012468827930174342
2023-08-07,7970,8030,7770,7770,131101,-0.03237858032378582
2023-08-08,7780,7890,7620,7620,66863,-0.019305019305019266
2023-08-09,7610,7830,7610,7800,33290,0.023622047244094446
2023-08-10,7710,7880,7670,7810,29708,0.0012820512820512775
2023-08-11,7810,7960,7770,7820,30405,0.001280409731113874
2023-08-14,7840,7840,7620,7690,51499,-0.01662404092071612
2023-08-16,7690,7690,7300,7320,69151,-0.04811443433029905
2023-08-17,7230,7400,7020,7330,43742,0.001366120218579292
2023-08-18,7250,7340,7110,7250,27790,-0.010914051841746208
2023-08-21,7250,7460,7220,7280,31049,0.004137931034482678
2023-08-22,7280,7430,7280,7330,21042,0.006868131868131844
2023-08-23,7330,7450,7180,7210,30194,-0.016371077762619368
2023-08-24,7200,7340,7200,7300,15770,0.012482662968099856
2023-08-25,7230,7300,7180,7230,19466,-0.009589041095890427
2023-08-28,7240,7590,7230,7590,43435,0.049792531120331995
2023-08-29,7600,7670,7540,7580,14954,-0.0013175230566534468
2023-08-30,7600,7750,7600,7680,25147,0.013192612137203241
2023-08-31,7680,7750,7410,7710,26512,0.00390625
2023-09-01,7730,7750,7630,7720,22902,0.0012970168612191912
2023-09-04,7730,7820,7710,7780,28822,0.007772020725388629
2023-09-05,7660,7800,7620,7780,18111,0.0
2023-09-06,7710,7780,7670,7720,17665,-0.007712082262210762
2023-09-07,7720,7730,7620,7700,22183,-0.002590673575129543
2023-09-08,7620,7830,7590,7660,19016,-0.0051948051948051965
2023-09-11,7790,7790,7620,7640,18033,-0.0026109660574412663
2023-09-12,7700,7720,7510,7520,23762,-0.015706806282722474
2023-09-13,7460,7540,7320,7420,37449,-0.013297872340425565
2023-09-14,7330,7610,7330,7400,17731,-0.0026954177897574594
2023-09-15,7410,7670,7410,7530,15206,0.0175675675675675
2023-09-18,7530,7550,7350,7400,12116,-0.01726427622841964
2023-09-19,7360,7380,7150,7160,36897,-0.032432432432432434
2023-09-20,7180,7210,7140,7210,15131,0.006983240223463749
2023-09-21,7110,7280,7010,7010,40363,-0.0277392510402219
2023-09-22,7010,7050,6810,7000,20464,-0.0014265335235378318
2023-09-25,6890,7000,6800,6810,32186,-0.027142857142857135
2023-09-26,6870,6940,6650,6650,26619,-0.023494860499265746
2023-09-27,6550,6940,6500,6920,19552,0.04060150375939853
2023-10-04,6800,6800,6550,6640,21989,-0.040462427745664775
2023-10-05,6550,6700,6480,6600,26536,-0.0060240963855421326
2023-10-06,6450,6710,6450,6680,14046,0.0121212121212122
2023-10-10,6690,6710,6530,6530,12473,-0.022455089820359264
2023-10-11,6530,6720,6530,6670,11450,0.0214395099540583
2023-10-12,6640,6870,6640,6850,14146,0.026986506746626615
2023-10-13,6890,6890,6660,6690,7694,-0.023357664233576658
2023-10-16,6690,6690,6390,6490,26376,-0.029895366218236186
2023-10-17,6390,6610,6390,6560,14051,0.01078582434514641
2023-10-18,6560,6590,6420,6460,14843,-0.015243902439024404
2023-10-19,6460,6460,6130,6160,41440,-0.04643962848297212
2023-10-20,6160,6160,5800,5910,43970,-0.04058441558441561
2023-10-23,5710,6050,5710,6040,37694,0.021996615905245376
2023-10-24,6000,6110,5850,6060,19406,0.0033112582781456013
2023-10-25,6010,6110,5970,6050,15583,-0.0016501650165016146
2023-10-26,5860,5920,5750,5810,25624,-0.03966942148760333
2023-10-27,5750,5950,5730,5830,26660,0.0034423407917383297
2023-10-30,5780,5850,5710,5820,17596,-0.0017152658662092923
2023-10-31,5790,5840,5490,5500,36252,-0.054982817869415834
2023-11-01,5510,5710,5510,5580,13719,0.014545454545454639
2023-11-02,5630,5860,5630,5860,14251,0.05017921146953408
2023-11-03,5890,6000,5800,5990,11578,0.022184300341296925
2023-11-06,6060,6320,6010,6300,29592,0.05175292153589317
2023-11-07,6220,6250,5970,6110,15880,-0.030158730158730163
2023-11-08,6080,6670,5920,6030,126302,-0.013093289689034338
2023-11-09,5960,6070,5870,6010,15042,-0.0033167495854062867
2023-11-10,5990,5990,5810,5850,11920,-0.0266222961730449
2023-11-13,5850,5910,5640,5640,16633,-0.03589743589743588
2023-11-14,5590,5810,5590,5780,11966,0.024822695035461084
2023-11-15,5750,5930,5750,5870,16268,0.015570934256055269
2023-11-16,5880,5970,5870,5930,12558,0.010221465076660996
2023-11-17,5930,6050,5850,6050,12001,0.02023608768971341
2023-11-20,6050,6100,5960,6060,15642,0.0016528925619834212
2023-11-21,6070,6150,6040,6090,19769,0.004950495049504955
2023-11-22,6120,6130,5990,6100,5783,0.0016420361247948545
2023-11-23,6060,6170,5970,6100,13216,0.0
2023-11-24,6050,6190,6050,6050,8045,-0.008196721311475419
2023-11-27,6050,6070,5860,5870,29555,-0.02975206611570247
2023-11-28,5930,6040,5800,6000,17665,0.022146507666098714
2023-11-29,6030,6100,5900,5900,7200,-0.01666666666666672
2023-11-30,5920,6830,5880,6260,401077,0.0610169491525423
2023-12-01,6260,6260,6100,6150,39568,-0.01757188498402551
2023-12-04,6100,6140,6010,6100,19691,-0.008130081300813052
2023-12-05,6020,6130,6000,6040,18443,-0.00983606557377048
2023-12-06,6010,6040,5970,6040,12541,0.0
2023-12-07,6040,6040,5880,5900,22769,-0.023178807947019875
2023-12-08,5950,6040,5890,6010,8223,0.01864406779661021
2023-12-11,5980,6190,5970,6040,15752,0.004991680532445919
2023-12-12,6040,7180,6040,6330,1323197,0.04801324503311255
2023-12-13,6250,6270,6100,6160,77277,-0.026856240126382325
2023-12-14,6210,6250,6100,6150,42883,-0.0016233766233766378
2023-12-15,6150,6440,6150,6310,60708,0.026016260162601723
2023-12-18,6500,6520,6300,6320,35172,0.0015847860538826808
2023-12-19,6270,6420,6270,6340,39883,0.0031645569620253333
2023-12-20,6280,6390,6280,6320,30336,-0.003154574132492094
2023-12-21,6280,6360,6220,6250,21510,-0.011075949367088556
2023-12-22,6270,6310,6180,6300,21878,0.008000000000000007
2023-12-26,6270,6290,6130,6140,18897,-0.025396825396825418
2023-12-27,6180,6290,6100,6290,26014,0.02442996742671011
2023-12-28,6280,6350,6210,6310,13030,0.0031796502384737746
2024-01-02,6350,6380,6280,6340,18482,0.004754358161648264
2024-01-03,6330,6400,6270,6390,19389,0.007886435331230235
2024-01-04,6340,6430,6220,6250,25525,-0.021909233176838794
2024-01-05,6290,6350,6200,6330,14724,0.012799999999999923
2024-01-08,6330,6480,6300,6410,23873,0.012638230647709303
2024-01-09,6400,6540,6380,6470,36628,0.009360374414976613
2024-01-10,6460,7160,6410,6410,571504,-0.009273570324574987
2024-01-11,6520,6520,6370,6480,32310,0.010920436817472678
2024-01-12,6550,6550,6320,6400,28907,-0.012345679012345734
2024-01-15,6400,6450,6300,6390,29259,-0.0015625000000000222
2024-01-16,6340,6560,6340,6480,27765,0.014084507042253502
2024-01-17,6430,6490,6170,6300,40354,-0.02777777777777779
2024-01-18,6250,6450,6250,6440,23641,0.022222222222222143
2024-01-19,6440,6750,6440,6700,78746,0.04037267080745344
2024-01-22,6700,6740,6510,6710,38216,0.0014925373134329067
2024-01-23,6770,6780,6600,6700,35723,-0.0014903129657227732
2024-01-24,6770,7060,6660,6990,111192,0.0432835820895523
2024-01-25,6990,7070,6800,6900,66648,-0.012875536480686733
2024-01-26,6830,6990,6690,6950,46234,0.007246376811594235
2024-01-29,6940,6950,6710,6780,27916,-0.024460431654676262
2024-01-30,6800,6850,6570,6770,41569,-0.001474926253687281
2024-01-31,6720,6810,6560,6650,30563,-0.017725258493353047
2024-02-01,6690,6690,6470,6480,38989,-0.025563909774436122
2024-02-02,6440,6560,6420,6520,24602,0.006172839506172867
2024-02-05,6490,6490,6400,6460,23360,-0.009202453987730008
2024-02-06,6460,6480,6340,6340,19227,-0.018575851393188847
2024-02-07,6320,6420,6300,6310,17674,-0.004731861198738141
2024-02-08,6350,6370,6130,6170,40267,-0.022187004754358197
2024-02-13,6170,6490,6170,6320,34228,0.024311183144246407
2024-02-14,6260,6640,6210,6590,58153,0.04272151898734178
2024-02-15,6590,6670,6430,6530,26698,-0.009104704097116834
2024-02-16,6480,6890,6480,6790,79025,0.039816232771822335
2024-02-19,6990,6990,6570,6830,84019,0.00589101620029453
2024-02-20,6830,6900,6630,6680,24428,-0.02196193265007318
2024-02-21,6740,7340,6600,6830,287447,0.022455089820359264
2024-02-22,6830,6920,6720,6810,52614,-0.002928257686676372
2024-02-23,6810,6840,6640,6640,36292,-0.02496328928046987
2024-02-26,6650,6890,6630,6700,33199,0.009036144578313143
2024-02-27,6700,6700,6460,6510,37638,-0.028358208955223896
2024-02-28,6510,6680,6490,6550,33911,0.006144393241167334
2024-02-29,6460,6720,6460,6610,23525,0.009160305343511421
2024-03-04,6540,6790,6540,6700,23991,0.013615733736762392
2024-03-05,6700,6860,6630,6830,36593,0.0194029850746269
2024-03-06,6830,6830,6650,6710,23656,-0.017569546120058566
2024-03-07,6650,6950,6610,6760,35413,0.007451564828613977
2024-03-08,6750,7070,6750,6920,75077,0.023668639053254337
2024-03-11,6920,8420,6830,7450,3757059,0.07658959537572252
2024-03-12,7330,7870,7250,7770,671538,0.04295302013422808
2024-03-13,7770,7840,7410,7690,266775,-0.01029601029601035
2024-03-14,7820,7930,7610,7620,178435,-0.00910273081924573
2024-03-15,7730,7730,7250,7330,183629,-0.03805774278215224
2024-03-18,7350,7440,7290,7360,62487,0.004092769440654953
2024-03-19,7440,7460,7200,7270,74553,-0.012228260869565188
2024-03-20,7340,7370,7110,7140,64881,-0.017881705639614887
2024-03-21,7160,7270,7080,7140,54727,0.0
2024-03-22,7150,7260,7020,7100,63272,-0.0056022408963585235
2024-03-25,7370,7370,7150,7240,80139,0.019718309859154903
2024-03-26,7240,7320,7130,7300,60251,0.008287292817679592
2024-03-27,7300,7300,7120,7120,53046,-0.024657534246575352
2024-03-28,7230,7230,6930,6970,71656,-0.021067415730337102
2024-03-29,7000,7120,6920,7060,41168,0.012912482065997155
2024-04-01,7150,7190,7080,7120,22312,0.008498583569405138
2024-04-02,7120,7220,6890,6950,48798,-0.023876404494381998
2024-04-03,6950,6970,6780,6930,56191,-0.0028776978417266452
2024-04-04,7000,7210,6840,7060,75372,0.018759018759018753
2024-04-05,7280,8470,7280,7540,3662019,0.06798866855524088
2024-04-08,7470,7620,7200,7320,250087,-0.02917771883289122
2024-04-09,7310,7380,6960,7000,137346,-0.04371584699453557
2024-04-11,6860,7320,6850,7250,63392,0.03571428571428581
2024-04-12,7260,7400,7050,7140,41251,-0.015172413793103412
2024-04-15,7000,7880,6710,7100,460950,-0.0056022408963585235
2024-04-16,7100,7100,6710,6850,129052,-0.035211267605633756
2024-04-17,6960,7090,6890,6900,47830,0.007299270072992803
2024-04-18,6780,7000,6780,6890,39879,-0.0014492753623188692
2024-04-19,6990,6990,6550,6610,74069,-0.04063860667634256
2024-04-22,6620,6710,6220,6410,119872,-0.030257186081694365
2024-04-23,6450,6570,6290,6340,30591,-0.010920436817472678
2024-04-24,6400,6600,6400,6560,93231,0.034700315457413256
2024-04-25,6450,6530,6050,6140,204259,-0.06402439024390238
2024-04-26,6160,6230,6060,6130,32071,-0.0016286644951140072
2024-04-29,6150,6370,6150,6300,53986,0.027732463295269127
2024-04-30,6340,6410,6230,6410,26034,0.0174603174603174
2024-05-02,6410,6410,6180,6380,24842,-0.004680187207488307
2024-05-03,6380,6440,6260,6340,16317,-0.006269592476489061
2024-05-07,6330,6360,6250,6280,16795,-0.009463722397476393
2024-05-08,6280,6380,6240,6370,16506,0.014331210191082855
2024-05-09,6380,6380,6230,6270,18435,-0.015698587127158548
2024-05-10,6320,6330,6190,6220,19559,-0.00797448165869219
2024-05-13,6260,6260,6100,6160,27349,-0.009646302250803873
2024-05-14,6180,6260,6100,6250,25852,0.014610389610389518
2024-05-16,6250,6300,6220,6280,18040,0.0047999999999999154
2024-05-17,6280,6320,6120,6230,59847,-0.0079617834394905
2024-05-20,6210,6230,6020,6060,42810,-0.027287319422150902
2024-05-21,6030,6030,5870,5950,35728,-0.018151815181518205
2024-05-22,5900,5970,5730,5890,72938,-0.010084033613445342
2024-05-23,5970,5980,5690,5760,86964,-0.022071307300509324
2024-05-24,5780,5780,5500,5630,108147,-0.02256944444444442
2024-05-27,5630,5660,5510,5580,30026,-0.008880994671403242
2024-05-28,5580,5710,5510,5700,21835,0.021505376344086002
2024-05-29,5650,5720,5560,5570,27214,-0.02280701754385961
2024-05-30,5570,5650,5510,5630,21296,0.010771992818671361
2024-05-31,5630,7040,5580,5910,6341027,0.0497335701598578
2024-06-03,5910,6000,5760,5780,268531,-0.021996615905245376
2024-06-04,5750,5850,5660,5710,169899,-0.01211072664359858
2024-06-05,5660,5790,5650,5740,75084,0.005253940455341555
2024-06-07,5770,5820,5660,5730,74878,-0.0017421602787456303
2024-06-10,5800,5800,5650,5770,38505,0.00698080279232105
2024-06-11,5850,6290,5750,6030,325027,0.045060658578856216
2024-06-12,6070,6150,6010,6010,62243,-0.0033167495854062867
2024-06-13,6090,6110,5950,5950,44306,-0.009983361064891838
2024-06-14,5950,6020,5860,5970,28855,0.003361344537815114
2024-06-17,6000,6010,5870,5880,34991,-0.015075376884422065
2024-06-18,5980,6030,5800,5840,34133,-0.006802721088435382
2024-06-19,5870,5870,5700,5710,46976,-0.022260273972602773
2024-06-20,5730,5770,5720,5770,13915,0.01050788091068311
2024-06-21,5710,5730,5560,5560,38816,-0.036395147313691534
2024-06-24,5560,5610,5350,5400,68150,-0.02877697841726623
2024-06-25,5320,5370,5200,5330,38623,-0.012962962962962954
2024-06-26,5330,5460,5300,5420,18737,0.016885553470919357
2024-06-27,5440,5440,5280,5300,13791,-0.022140221402214055
2024-06-28,5260,5350,5250,5280,12094,-0.0037735849056603765
2024-07-01,5280,5340,5200,5300,13342,0.0037878787878788955
2024-07-02,5300,5300,5180,5260,17956,-0.007547169811320753
2024-07-03,5210,5270,5010,5060,35421,-0.03802281368821292
2024-07-04,5010,5090,5000,5030,12614,-0.005928853754940677
2024-07-05,5030,5130,4990,5070,14991,0.007952286282306265
2024-07-08,5010,5190,5010,5120,17453,0.009861932938856066
2024-07-09,5020,5270,4995,5260,79630,0.02734375
2024-07-10,5210,5250,5000,5150,39816,-0.020912547528517123
2024-07-11,5150,5180,5020,5070,41377,-0.01553398058252431
2024-07-12,5060,5080,4960,5030,13396,-0.007889546351084853
2024-07-15,5020,5050,4955,4975,31780,-0.010934393638170947
2024-07-16,4975,4975,4740,4850,43856,-0.025125628140703515
2024-07-17,4845,4890,4790,4850,21296,0.0
2024-07-18,4850,4850,4720,4720,27929,-0.026804123711340222
2024-07-19,4720,4915,4710,4840,29400,0.025423728813559254
2024-07-22,4745,4855,4715,4795,18604,-0.009297520661157077
2024-07-23,4795,4910,4710,4760,24444,-0.007299270072992692
2024-07-24,4745,4785,4650,4755,20751,-0.0010504201680672232
2024-07-25,4720,4755,4535,4540,23102,-0.045215562565720346
2024-07-26,4535,4615,4450,4580,13011,0.008810572687224738
2024-07-29,4600,4675,4545,4675,11211,0.020742358078602585
2024-07-30,4675,4680,4570,4600,4337,-0.016042780748663055
2024-07-31,4590,4600,4450,4580,14064,-0.004347826086956497
2024-08-01,4540,5400,4540,4665,594495,0.018558951965065518
2024-08-02,4620,4970,4530,4610,87724,-0.011789924973204746
2024-08-05,4600,4600,3760,4140,105278,-0.10195227765726678
2024-08-06,4120,4295,4050,4245,50682,0.0253623188405796
2024-08-07,4205,4330,4185,4295,16116,0.011778563015312216
2024-08-08,4295,4295,4000,4195,26244,-0.023282887077997638
2024-08-09,4200,4315,4200,4240,14369,0.010727056019070424
2024-08-12,4245,4365,4240,4290,14855,0.011792452830188704
2024-08-13,4290,4370,4165,4240,15741,-0.011655011655011704
2024-08-14,4240,4295,4230,4275,14292,0.008254716981132004
2024-08-16,4300,4320,4210,4265,10726,-0.002339181286549752
2024-08-19,4265,4270,4125,4170,18429,-0.022274325908558046
2024-08-20,4130,4735,4100,4225,258304,0.01318944844124692
2024-08-21,4185,4225,4120,4135,21884,-0.02130177514792897
2024-08-22,4145,4190,4100,4120,11290,-0.0036275695284159193
2024-08-23,4025,4120,3985,4035,16650,-0.020631067961165095
2024-08-26,4070,4070,3955,4010,10399,-0.006195786864931829
2024-08-27,4050,4050,3920,4000,13876,-0.0024937655860348684
2024-08-28,4000,4010,3930,3930,10681,-0.01749999999999996
2024-08-29,3890,3950,3890,3935,13553,0.0012722646310432406
2024-08-30,3935,4660,3935,4065,407308,0.033036848792884266
2024-09-02,4105,4105,4000,4020,18917,-0.011070110701106972
2024-09-03,4005,4080,4005,4045,15444,0.006218905472636926
2024-09-04,4020,4020,3885,3975,21007,-0.017305315203955507
2024-09-05,3975,4010,3880,3900,20582,-0.018867924528301883
2024-09-06,3900,3920,3730,3800,21222,-0.02564102564102566
2024-09-09,3745,3835,3700,3820,20075,0.0052631578947368585
2024-09-10,3820,3895,3805,3830,9967,0.002617801047120505
2024-09-11,3830,3865,3650,3760,7554,-0.018276762402088753
2024-09-12,3760,3850,3760,3805,6633,0.01196808510638303
2024-09-13,3815,3935,3810,3845,17279,0.010512483574244502
2024-09-19,3840,3865,3775,3830,13492,-0.0039011703511053764
2024-09-20,3835,3870,3790,3840,12169,0.0026109660574411553
2024-09-23,3835,3870,3825,3830,5738,-0.0026041666666666297
2024-09-24,3800,3865,3800,3850,9770,0.005221932114882533
2024-09-25,3865,3965,3850,3875,20870,0.006493506493506551
2024-09-26,3875,4050,3875,4025,21891,0.03870967741935494
2024-09-27,4060,4060,3980,4000,13474,-0.006211180124223614
2024-09-30,4000,4015,3875,3930,10694,-0.01749999999999996
2024-10-02,3790,3925,3780,3820,8457,-0.027989821882951627
2024-10-04,3810,3860,3800,3830,9020,0.002617801047120505
2024-10-07,3885,3890,3800,3840,5096,0.0026109660574411553
2024-10-08,3805,3870,3805,3835,6365,-0.0013020833333333703
2024-10-10,3835,3845,3790,3795,4597,-0.010430247718383301
2024-10-11,3770,3820,3760,3795,7467,0.0
2024-10-14,3760,3795,3680,3775,16013,-0.005270092226614009
2024-10-15,3730,3765,3660,3695,23223,-0.021192052980132492
2024-10-16,3690,3690,3595,3625,15976,-0.018944519621109657
2024-10-17,3615,3680,3615,3660,5351,0.009655172413793212
2024-10-18,3680,3680,3575,3575,9346,-0.023224043715846965
2024-10-21,3580,3590,3380,3560,20982,-0.004195804195804231
2024-10-22,3560,3560,3335,3350,26577,-0.0589887640449438
2024-10-23,3310,3480,3310,3480,14828,0.0388059701492538
2024-10-24,3485,3485,3330,3330,8983,-0.0431034482758621
2024-10-25,3330,3350,3145,3150,23728,-0.05405405405405406
2024-10-28,3150,3405,3065,3255,29943,0.03333333333333344
2024-10-29,3255,3315,3225,3245,8377,-0.003072196620583667
2024-10-30,3300,3300,3235,3250,4134,0.0015408320493066618
2024-10-31,3250,3250,3130,3160,12305,-0.027692307692307683
2024-11-01,3155,3155,3065,3075,12187,-0.026898734177215222
2024-11-04,3045,3155,3045,3135,15415,0.019512195121951237
2024-11-05,3135,3220,3135,3220,11451,0.027113237639553533
2024-11-06,3220,3255,3170,3190,6397,-0.009316770186335366
2024-11-07,3195,3195,3040,3065,16456,-0.039184952978056464
2024-11-08,3065,3145,3065,3120,9007,0.01794453507340954
2024-11-11,3120,3140,2990,2990,19910,-0.04166666666666663
2024-11-12,2990,3000,2835,2835,22938,-0.05183946488294311
2024-11-13,2815,2865,2790,2790,25680,-0.015873015873015928
2024-11-14,2770,2880,2755,2870,23308,0.028673835125448077
2024-11-15,2850,2850,2675,2765,40887,-0.03658536585365857
2024-11-18,2770,2920,2770,2880,19346,0.041591320072332794
2024-11-19,2860,2905,2830,2840,29248,-0.01388888888888884
2024-11-20,2815,3050,2815,2940,21072,0.035211267605633756
2024-11-21,2910,2920,2710,2820,95609,-0.04081632653061229
2024-11-22,2820,2965,2810,2965,20472,0.05141843971631199
2024-11-25,2965,3005,2880,2920,15246,-0.015177065767284947
2024-11-26,2920,2985,2910,2910,10660,-0.003424657534246589
2024-11-27,2955,3140,2905,3000,43887,0.030927835051546282
2024-11-28,3000,3010,2940,2955,9375,-0.015000000000000013
2024-11-29,3030,3030,2895,2910,10983,-0.015228426395939132
2024-12-02,2910,3035,2910,2980,29562,0.02405498281786933
2024-12-03,2980,3240,2950,3145,27574,0.05536912751677847
2024-12-04,2980,3230,2945,3175,23663,0.009538950715421324
2024-12-05,3245,3245,3050,3185,36876,0.0031496062992126816
2024-12-06,3185,3205,2965,3160,45873,-0.00784929356357933
2024-12-09,3115,3115,2960,2960,42221,-0.06329113924050633
2024-12-10,2890,3135,2890,3125,14815,0.0557432432432432
2024-12-11,3100,3335,3100,3265,28290,0.04479999999999995
2024-12-12,3265,3330,3230,3330,11326,0.019908116385911168
2024-12-13,3110,3475,3110,3445,29313,0.03453453453453448
2024-12-16,3445,3725,3445,3720,58110,0.07982583454281578
2024-12-17,3725,3880,3680,3830,47196,0.029569892473118253
2024-12-18,3830,4000,3680,3975,28832,0.037859007832898195
2024-12-19,3975,4080,3805,4075,43403,0.02515723270440251
2024-12-20,4070,4225,3975,4175,46286,0.024539877300613577
2024-12-23,4175,4530,4175,4470,98242,0.07065868263473063
2024-12-24,4470,4910,4470,4800,118188,0.0738255033557047
2024-12-26,4720,5040,4710,4810,97771,0.002083333333333437
2024-12-27,4800,4845,3965,4220,148532,-0.12266112266112261
2024-12-30,4010,4300,4010,4090,31493,-0.03080568720379151
2025-01-02,4045,4060,3870,3905,32980,-0.04523227383863082
2025-01-03,3925,4095,3910,4015,16498,0.028169014084507005
2025-01-06,3965,4000,3765,3815,27792,-0.04981320049813198
2025-01-07,3780,4095,3780,3890,46158,0.019659239842725995
2025-01-08,3885,3885,3750,3755,15716,-0.03470437017994854
2025-01-09,3755,3765,3560,3620,11932,-0.03595206391478034
2025-01-10,3645,3645,3560,3600,10587,-0.0055248618784530246
2025-01-13,3605,3605,3500,3500,8299,-0.02777777777777779
2025-01-14,3500,3500,3380,3445,5546,-0.01571428571428568
2025-01-15,3455,3495,3330,3340,7733,-0.030478955007256947
2025-01-16,3400,3450,3345,3405,10650,0.019461077844311392
2025-01-17,3400,3565,3340,3345,13771,-0.017621145374449365
2025-01-20,3340,3365,3315,3355,2805,0.002989536621823552
2025-01-21,3355,3395,3300,3310,7578,-0.01341281669150518
2025-01-22,3350,3350,3265,3265,7951,-0.013595166163142047
2025-01-23,3340,3340,3170,3185,8807,-0.024502297090352232
2025-01-24,3185,3290,3160,3255,5587,0.0219780219780219
2025-01-31,3220,3240,3140,3170,7585,-0.02611367127496156
2025-02-03,3180,3180,3000,3040,12219,-0.04100946372239744
2025-02-04,3050,3090,3035,3070,1983,0.009868421052631637
2025-02-05,3070,3115,3040,3055,7142,-0.004885993485342022
2025-02-06,3055,3150,3015,3140,7948,0.02782324058919805
2025-02-07,3135,3135,3040,3055,7883,-0.027070063694267565
2025-02-10,3030,3045,2985,3030,6178,-0.008183306055646433
2025-02-11,3030,3060,3010,3040,4978,0.0033003300330032292
2025-02-12,3040,3085,3030,3055,5263,0.004934210526315708
2025-02-13,3045,3100,3000,3045,3164,-0.00327332242225864
2025-02-14,3085,3085,2995,3020,6957,-0.008210180623973717
2025-02-17,3020,3045,2995,3005,4848,-0.004966887417218513
2025-02-18,3005,3175,3000,3145,4616,0.04658901830282858
2025-02-19,3150,3180,3145,3145,4532,0.0
2025-02-20,3105,3155,3085,3115,4606,-0.009538950715421324
2025-02-21,3115,3235,3095,3150,5702,0.011235955056179803
2025-02-24,3170,3270,3170,3230,9818,0.025396825396825307
2025-02-25,3230,3300,3220,3245,6690,0.004643962848297267
2025-02-26,3220,3275,3220,3230,4262,-0.0046224961479198745
2025-02-27,3260,3260,3155,3155,4619,-0.023219814241486114
2025-02-28,3245,3245,3000,3035,13291,-0.03803486529318545
2025-03-04,3020,3020,2895,2940,10083,-0.03130148270181221
2025-03-05,2930,3580,2900,3185,253820,0.08333333333333326
2025-03-06,3130,3170,3105,3120,13763,-0.020408163265306145
2025-03-07,3095,3110,3055,3060,7704,-0.019230769230769273
2025-03-10,3060,3110,3010,3075,3609,0.004901960784313708
2025-03-11,3055,3145,3020,3075,5039,0.0
2025-03-12,3175,3175,3075,3095,3518,0.006504065040650486
2025-03-13,3085,3155,3045,3045,5255,-0.016155088852988664
2025-03-14,3075,3135,3060,3090,8950,0.014778325123152802
2025-03-17,3135,3135,3060,3060,5258,-0.009708737864077666
2025-03-18,3120,3200,3075,3125,20703,0.0212418300653594
2025-03-19,3125,3240,3095,3240,13748,0.036799999999999944
2025-03-20,3240,3240,3125,3135,4366,-0.03240740740740744
2025-03-21,3290,3290,3030,3090,8728,-0.014354066985645897
2025-03-24,3110,3250,3080,3165,11156,0.024271844660194164
2025-03-25,3140,3200,3140,3150,10900,-0.004739336492891044
2025-03-26,3200,3200,3090,3110,4155,-0.012698412698412653
2025-03-27,3110,3235,3105,3145,11263,0.0112540192926045
2025-03-28,3105,3140,3060,3115,7039,-0.009538950715421324
2025-03-31,3115,3115,2960,3020,20962,-0.0304975922953451
2025-04-01,3025,3200,3010,3145,7706,0.041390728476821126
2025-04-02,3200,3205,3135,3160,4049,0.004769475357710551
2025-04-03,3230,3230,3070,3070,5806,-0.02848101265822789
2025-04-04,3050,3175,3010,3170,9359,0.032573289902280145
2025-04-07,3195,3195,3060,3100,11203,-0.02208201892744477
2025-04-08,3100,3247,3090,3205,13055,0.03387096774193554
2025-04-09,3170,3200,2980,3145,13528,-0.018720748829953227
2025-04-10,3140,3195,3140,3180,9283,0.0111287758346581
2025-04-11,3245,3245,3120,3160,5496,-0.0062893081761006275
2025-04-14,3125,3215,3125,3200,5264,0.012658227848101333
2025-04-15,3400,3400,3250,3310,23056,0.034375000000000044
2025-04-16,3380,3380,3210,3255,9699,-0.0166163141993958
2025-04-17,3285,3350,3255,3310,3773,0.016897081413210335
2025-04-18,3310,3310,3260,3290,5472,-0.0060422960725075026
2025-04-21,3300,3385,3210,3340,20345,0.015197568389057725
2025-04-22,3375,3425,3250,3380,25358,0.011976047904191711
2025-04-23,3450,3450,3380,3380,14135,0.0
2025-04-24,3430,3430,3350,3415,4779,0.010355029585798814
2025-04-25,3415,3450,3370,3400,4053,-0.004392386530014614
2025-04-28,3450,3515,3385,3510,11504,0.032352941176470695
2025-04-29,3510,3540,3470,3515,7290,0.0014245014245013454
2025-04-30,3515,3550,3320,3395,12776,-0.03413940256045522
2025-05-02,3395,3395,3260,3300,16487,-0.027982326951399128
2025-05-07,3320,3480,3320,3455,10485,0.046969696969696884
2025-05-08,3455,3500,3440,3480,11061,0.00723589001447178
2025-05-09,3480,3500,3420,3465,15604,-0.004310344827586188
2025-05-12,3465,3570,3465,3490,6347,0.00721500721500723
2025-05-13,3585,3585,3395,3395,2138,-0.027220630372492782
2025-05-14,3315,3395,3310,3355,8574,-0.01178203240058906
2025-05-15,3315,3340,3260,3260,11986,-0.028315946348733245
2025-05-16,3245,3245,3140,3140,8750,-0.036809815950920255
2025-05-19,3265,3410,3110,3245,22963,0.03343949044585992
2025-05-20,3250,3420,3250,3285,5346,0.012326656394453073
2025-05-21,3395,3395,3285,3315,5820,0.009132420091324311
2025-05-22,3400,3400,3105,3185,13125,-0.039215686274509776
2025-05-23,3185,3250,3145,3220,4380,0.01098901098901095
2025-05-26,3395,3395,3145,3175,3579,-0.013975155279503104
2025-05-27,3245,3245,3060,3060,18710,-0.03622047244094484
2025-05-28,3060,3130,3040,3065,12603,0.0016339869281045694
2025-05-29,3040,3115,3035,3110,5223,0.014681892332789603
2025-05-30,3110,3130,3065,3080,4306,-0.009646302250803873
2025-06-02,3055,3105,3050,3090,2610,0.0032467532467532756
2025-06-04,3090,3170,3060,3100,13926,0.003236245954692629
2025-06-05,3100,3295,3100,3205,11251,0.03387096774193554
2025-06-09,3230,3250,3155,3250,10234,0.014040561622464809
2025-06-10,3245,3275,3215,3250,2712,0.0
2025-06-11,3300,3380,3175,3210,6857,-0.012307692307692353
2025-06-12,3210,3300,3210,3260,7903,0.015576323987538832
2025-06-13,3270,3400,3250,3335,8058,0.02300613496932513
2025-06-16,3300,3335,3180,3190,14406,-0.04347826086956519
2025-06-17,3195,3245,3100,3120,21482,-0.021943573667711602
2025-06-18,3120,3225,3100,3140,14204,0.0064102564102563875
2025-06-19,3195,3195,3055,3125,12546,-0.004777070063694322
2025-06-20,3125,3185,3085,3160,6083,0.011200000000000099
2025-06-23,3160,3160,3060,3060,13221,-0.03164556962025311
2025-06-24,3065,3125,3040,3055,17454,-0.0016339869281045694
2025-06-25,3080,3155,3050,3080,7842,0.008183306055646433
2025-06-26,3080,3140,3050,3075,8792,-0.0016233766233766378
2025-06-27,3075,3120,3055,3055,7255,-0.006504065040650375
2025-06-30,3055,3070,2980,3035,14613,-0.006546644844517169
2025-07-01,3045,3045,3005,3025,9798,-0.0032948929159802853
2025-07-02,3025,3040,3005,3020,5770,-0.0016528925619834212
2025-07-03,3035,3060,3000,3040,5399,0.0066225165562914245
2025-07-04,3040,3140,3025,3080,9116,0.013157894736842035
2025-07-07,3080,3145,3050,3050,6083,-0.009740259740259716
2025-07-08,3055,3145,3050,3085,9225,0.011475409836065653
2025-07-09,3085,3120,3060,3070,4180,-0.004862236628849326
2025-07-10,3070,3100,3035,3075,4318,0.0016286644951140072
2025-07-11,3100,3100,3050,3065,8157,-0.003252032520325243
2025-07-14,3065,3105,3035,3075,8887,0.0032626427406199365
2025-07-15,3045,3060,3000,3035,10791,-0.013008130081300862
2025-07-16,3035,3085,3010,3020,7922,-0.0049423393739703725
2025-07-17,3020,3925,3015,3925,611659,0.29966887417218535
2025-07-18,3885,5030,3885,4145,2548279,0.056050955414012726
2025-07-21,4240,4240,3970,4135,206147,-0.0024125452352231624
2025-07-22,4120,4120,3760,3940,132694,-0.047158403869407506
2025-07-23,3910,3910,3570,3870,94004,-0.017766497461928932
2025-07-24,3860,3890,3670,3860,63468,-0.0025839793281653423
2025-07-25,3770,3900,3705,3840,46575,-0.005181347150259086
2025-07-28,3840,3840,3590,3655,35846,-0.04817708333333337
2025-07-29,3655,3720,3480,3690,51344,0.009575923392612928
2025-07-30,3695,3720,3530,3680,23834,-0.0027100271002710175
2025-07-31,3720,3770,3630,3630,16786,-0.013586956521739135
2025-08-01,3645,3645,3410,3525,15044,-0.02892561983471076
2025-08-04,3545,3605,3465,3520,13555,-0.0014184397163120588
2025-08-05,3555,3650,3530,3635,9593,0.032670454545454586
2025-08-06,3670,3670,3410,3490,22969,-0.0398899587345255
2025-08-07,3490,3540,3455,3470,11063,-0.005730659025787954
2025-08-08,3555,3555,3470,3520,10440,0.014409221902017322
2025-08-11,3535,3540,3475,3480,5641,-0.011363636363636354
2025-08-12,3530,3530,3480,3510,5482,0.008620689655172376
2025-08-13,3575,3700,3445,3630,28353,0.03418803418803429
2025-08-14,3655,3685,3540,3630,11115,0.0
2025-08-18,3630,3630,3570,3570,9724,-0.016528925619834656
2025-08-19,3555,3555,3370,3425,14867,-0.040616246498599407
2025-08-20,3400,3405,3305,3380,15544,-0.013138686131386912
2025-08-21,3360,3420,3310,3345,7306,-0.010355029585798814
2025-08-22,3330,3400,3330,3400,4869,0.01644245142002987
2025-08-25,3420,3430,3370,3400,11606,0.0
2025-08-26,3405,3425,3340,3395,5017,-0.0014705882352941124
2025-08-27,3410,3410,3205,3260,31845,-0.03976435935198819
2025-08-28,3255,3280,3180,3255,18816,-0.0015337423312883347
2025-08-29,3255,3405,3160,3400,11910,0.044546850998463894
2025-09-01,3375,3400,3335,3335,5880,-0.019117647058823573
2025-09-02,3285,3330,3235,3250,6200,-0.025487256371814038
2025-09-03,3250,3355,3240,3255,5820,0.0015384615384614886
2025-09-04,3255,3345,3235,3265,9965,0.003072196620583778
2025-09-05,3330,3405,3295,3325,7272,0.018376722817764257
2025-09-08,3325,3325,3200,3285,4626,-0.012030075187969946
2025-09-09,3280,3375,3255,3275,6161,-0.0030441400304414
2025-09-10,3255,3300,3240,3275,4703,0.0
2025-09-11,3280,3365,3280,3280,13480,0.0015267175572519776
2025-09-12,3330,3330,3270,3270,11317,-0.0030487804878048808
2025-09-15,3270,3290,3200,3270,13756,0.0
2025-09-16,3270,3340,3270,3325,3201,0.01681957186544336
2025-09-17,3305,3380,3285,3375,11585,0.015037593984962516
2025-09-18,3380,3400,3335,3365,10499,-0.002962962962962945
2025-09-19,3365,3365,3340,3360,6051,-0.0014858841010401136
2025-09-22,3360,3360,3255,3275,13272,-0.02529761904761907
2025-09-23,3275,3275,3250,3270,9279,-0.0015267175572518665
2025-09-24,3265,3320,3245,3320,3990,0.015290519877675823
2025-09-25,3320,3320,3235,3275,7486,-0.013554216867469826
2025-09-26,3275,3275,3200,3210,6154,-0.01984732824427482
2025-09-29,3200,3225,3160,3170,7073,-0.012461059190031154
2025-09-30,3190,3230,3150,3230,5568,0.018927444794952786
2025-10-01,3195,3320,3170,3235,9098,0.001547987616099089
2025-10-02,3300,3300,3200,3240,5030,0.0015455950540959051
2025-10-10,3240,3490,3195,3250,11602,0.0030864197530864335
2025-10-13,3200,3300,3180,3255,11622,0.0015384615384614886
2025-10-14,3210,3280,3200,3215,6754,-0.01228878648233489
2025-10-15,3225,3255,3200,3210,5938,-0.0015552099533436836
2025-10-16,3215,3330,3215,3285,25141,0.02336448598130847
2025-10-17,3285,3490,3250,3285,28608,0.0
2025-10-20,3285,3340,3265,3340,6524,0.016742770167427645
2025-10-21,3340,3470,3340,3350,14713,0.0029940119760478723
2025-10-22,3350,3395,3300,3370,19103,0.005970149253731405
2025-10-23,3435,3450,3330,3370,12003,0.0
2025-10-24,3430,3435,3340,3435,18687,0.01928783382789323
2025-10-27,3570,3570,3430,3450,16076,0.004366812227074135
2025-10-28,3450,3520,3185,3415,25300,-0.010144927536231862
2025-10-29,3425,3480,3310,3375,15741,-0.01171303074670571
2025-10-30,3370,3375,3220,3275,17867,-0.029629629629629672
2025-10-31,3275,3360,3195,3195,12148,-0.02442748091603053
2025-11-03,3195,3230,3165,3190,17073,-0.0015649452269170805
