Date,Open,High,Low,Close,Volume,Change
2022-01-03,17200,17200,16750,16750,78518,-0.023323615160349864
2022-01-04,16800,16800,15950,16150,93233,-0.035820895522388096
2022-01-05,15950,16300,15500,15650,89770,-0.03095975232198145
2022-01-06,15200,15650,15100,15550,84375,-0.006389776357827448
2022-01-07,15350,16000,15350,15750,41567,0.012861736334405238
2022-01-10,15700,15700,14900,15600,97355,-0.00952380952380949
2022-01-11,15350,15600,15050,15300,44758,-0.019230769230769273
2022-01-12,15450,16000,15150,16000,64780,0.045751633986928164
2022-01-13,16000,16100,15350,15400,66265,-0.03749999999999998
2022-01-14,15250,15700,15150,15650,26062,0.016233766233766156
2022-01-17,15500,15800,15300,15750,36758,0.006389776357827559
2022-01-18,15750,15950,15150,15350,39924,-0.025396825396825418
2022-01-19,15300,15300,14850,15000,40395,-0.0228013029315961
2022-01-20,15050,15200,14800,15150,23429,0.010000000000000009
2022-01-21,15100,15100,14400,14600,77180,-0.0363036303630363
2022-01-24,14450,15400,14050,15350,67750,0.051369863013698724
2022-01-25,15200,15500,14400,15300,170742,-0.0032573289902280145
2022-01-26,15050,15400,14250,14250,120528,-0.06862745098039214
2022-01-27,14500,14500,13550,13800,59592,-0.03157894736842104
2022-01-28,13900,14250,13400,14100,38216,0.021739130434782705
2022-02-03,14300,14550,14100,14100,32923,0.0
2022-02-04,13950,14400,13900,14250,22036,0.010638297872340496
2022-02-07,14300,14300,13900,14200,12472,-0.0035087719298245723
2022-02-08,14150,14450,13550,13600,25972,-0.04225352112676062
2022-02-09,13800,13950,13650,13850,13599,0.018382352941176405
2022-02-10,13850,14250,13850,14050,13726,0.014440433212996373
2022-02-11,13650,14050,13550,13650,22147,-0.028469750889679735
2022-02-14,13250,14500,12850,13150,60275,-0.03663003663003661
2022-02-15,13100,13500,12950,13100,19292,-0.0038022813688213253
2022-02-16,13300,13600,13300,13400,19396,0.022900763358778553
2022-02-17,13400,13650,13150,13250,25693,-0.011194029850746245
2022-02-18,13250,13500,13000,13450,12948,0.015094339622641506
2022-02-21,13150,13450,13050,13450,11802,0.0
2022-02-22,13100,13750,13100,13700,25680,0.018587360594795488
2022-02-23,13550,13900,13450,13800,15439,0.007299270072992803
2022-02-24,13750,13750,13100,13150,20468,-0.047101449275362306
2022-02-25,13250,13450,12950,13350,28263,0.015209125475285079
2022-02-28,13350,13950,12850,13800,47195,0.03370786516853941
2022-03-02,13650,13950,13500,13900,11107,0.007246376811594235
2022-03-03,13850,14050,13650,14050,47339,0.010791366906474753
2022-03-04,14050,14050,13250,13700,77699,-0.02491103202846978
2022-03-07,13550,13550,13250,13400,9206,-0.021897810218978075
2022-03-08,13000,13350,13000,13050,12681,-0.026119402985074647
2022-03-10,13250,13550,13250,13250,9959,0.015325670498084198
2022-03-11,13300,13450,13050,13300,12151,0.0037735849056603765
2022-03-14,13300,13400,12900,13100,19211,-0.015037593984962405
2022-03-15,13000,13050,12600,12600,33480,-0.03816793893129766
2022-03-16,12750,12850,12600,12850,12574,0.01984126984126977
2022-03-17,13100,13250,12900,13150,19120,0.023346303501945442
2022-03-18,13150,13250,13000,13150,11498,0.0
2022-03-21,13200,13450,13000,13350,18556,0.015209125475285079
2022-03-22,13300,13400,13150,13400,13545,0.0037453183520599342
2022-03-23,13400,13500,13050,13200,35249,-0.014925373134328401
2022-03-24,13200,13400,13050,13400,16410,0.015151515151515138
2022-03-25,13500,13750,13300,13450,29051,0.003731343283582156
2022-03-28,13450,13550,13250,13500,17830,0.0037174721189590088
2022-03-29,13650,13650,13250,13550,16922,0.0037037037037037646
2022-03-30,13550,13650,13400,13500,34916,-0.0036900369003689537
2022-03-31,13500,13500,13300,13500,14725,0.0
2022-04-01,13550,13550,13200,13500,20276,0.0
2022-04-04,13450,13450,13250,13450,11688,-0.0037037037037036535
2022-04-05,13500,13500,12400,12950,129387,-0.03717472118959109
2022-04-06,12950,13000,12750,12800,37097,-0.01158301158301156
2022-04-07,12750,12800,12650,12800,27310,0.0
2022-04-08,12750,14000,12750,13650,176912,0.06640625
2022-04-11,13850,13850,13250,13350,37165,-0.02197802197802201
2022-04-12,13050,13200,12800,13100,39639,-0.01872659176029967
2022-04-13,13150,13500,13050,13500,26492,0.03053435114503822
2022-04-14,13450,13500,13250,13500,17296,0.0
2022-04-15,13450,13500,13200,13400,16058,-0.007407407407407418
2022-04-18,13650,13950,13500,13700,32437,0.02238805970149249
2022-04-19,13700,14150,13550,13950,48949,0.018248175182481674
2022-04-20,13850,14100,13750,13900,14801,-0.0035842293906810374
2022-04-21,14000,14200,13900,14000,28997,0.007194244604316502
2022-04-22,13950,14200,13750,14100,22729,0.0071428571428571175
2022-04-25,13950,14350,13850,14200,56148,0.007092198581560183
2022-04-26,14200,14350,13900,14200,27672,0.0
2022-04-27,13900,14200,13700,14150,27123,-0.0035211267605633756
2022-04-28,14200,14500,13800,14150,75397,0.0
2022-04-29,14200,14250,13900,13900,32357,-0.017667844522968212
2022-05-02,13650,14500,13650,14500,65221,0.043165467625899234
2022-05-03,14500,15000,14350,14600,106586,0.006896551724137945
2022-05-04,14700,14900,14450,14650,43543,0.003424657534246478
2022-05-06,14450,14500,13850,14100,34898,-0.03754266211604096
2022-05-09,14100,14100,13550,13650,28893,-0.03191489361702127
2022-05-10,13400,13550,13000,13450,37046,-0.0146520146520146
2022-05-11,13350,13700,13350,13650,8023,0.014869888475836479
2022-05-12,13300,13700,13100,13150,19662,-0.03663003663003661
2022-05-13,13250,13850,13150,13450,23460,0.02281368821292773
2022-05-16,13700,13700,13200,13200,31645,-0.018587360594795488
2022-05-17,13300,13300,13000,13050,21330,-0.011363636363636354
2022-05-18,13650,14100,13500,13750,98572,0.05363984674329503
2022-05-19,13450,14950,13450,14500,329385,0.05454545454545445
2022-05-20,14450,14650,13950,14500,115836,0.0
2022-05-23,14450,14450,13900,13900,66014,-0.04137931034482756
2022-05-24,13850,13850,13300,13450,62632,-0.03237410071942448
2022-05-25,13450,13900,13450,13500,33232,0.0037174721189590088
2022-05-26,13550,13650,13200,13250,34680,-0.01851851851851849
2022-05-27,13300,13700,13300,13300,15466,0.0037735849056603765
2022-05-30,13350,13800,13350,13700,18594,0.03007518796992481
2022-05-31,13650,14850,13600,14450,138290,0.054744525547445244
2022-06-02,14500,14500,14000,14200,33246,-0.01730103806228378
2022-06-03,14150,14350,13800,14200,47292,0.0
2022-06-07,13900,14150,13700,14100,23123,-0.007042253521126751
2022-06-08,13900,14350,13700,14250,29722,0.010638297872340496
2022-06-09,14100,14200,13800,14100,18718,-0.010526315789473717
2022-06-10,14100,14100,13700,13850,40094,-0.01773049645390068
2022-06-13,13400,13600,13000,13250,69667,-0.04332129963898912
2022-06-14,12800,13650,12800,13500,31752,0.018867924528301883
2022-06-15,13300,13500,12850,13250,51864,-0.01851851851851849
2022-06-16,13250,13550,13000,13050,27136,-0.015094339622641506
2022-06-17,12800,13050,12500,12600,88995,-0.03448275862068961
2022-06-20,12750,12750,11700,12350,68604,-0.019841269841269882
2022-06-21,12200,13100,12200,12900,45793,0.044534412955465674
2022-06-22,13000,13050,12350,12350,26579,-0.04263565891472865
2022-06-23,12350,12550,11800,11850,49174,-0.04048582995951422
2022-06-24,11800,12650,11800,12200,30423,0.029535864978903037
2022-06-27,12300,12950,12050,12550,30995,0.028688524590164022
2022-06-28,12450,12650,12350,12650,11360,0.007968127490039834
2022-06-29,12600,12600,12300,12500,13452,-0.011857707509881465
2022-06-30,12450,12500,12150,12300,36144,-0.016000000000000014
2022-07-01,12500,12500,11950,11950,54655,-0.028455284552845517
2022-07-04,11950,12050,11550,11600,66226,-0.029288702928870314
2022-07-05,11650,12100,11650,11900,30742,0.02586206896551735
2022-07-06,11900,11900,11450,11450,14797,-0.037815126050420145
2022-07-07,11450,11900,11400,11900,16887,0.0393013100436681
2022-07-08,11850,12000,11300,11400,67008,-0.04201680672268904
2022-07-11,11450,11550,11150,11200,31882,-0.01754385964912286
2022-07-12,11350,11350,10400,10550,38237,-0.0580357142857143
2022-07-13,10600,10650,10350,10500,9150,-0.004739336492891044
2022-07-14,10500,10700,10350,10600,9550,0.00952380952380949
2022-07-15,10550,10950,10150,10900,38370,0.028301886792452935
2022-07-18,10850,11350,10850,11350,16890,0.041284403669724856
2022-07-19,11300,11300,11050,11150,11109,-0.017621145374449365
2022-07-20,11250,11450,11100,11100,10296,-0.004484304932735439
2022-07-21,11100,11400,10900,11400,12246,0.027027027027026973
2022-07-22,11350,11550,11250,11400,9356,0.0
2022-07-25,11300,11500,11150,11450,4902,0.004385964912280604
2022-07-26,11450,11450,11050,11150,9390,-0.026200873362445365
2022-07-27,11300,11300,10850,11150,17302,0.0
2022-07-28,11300,11500,11050,11450,29198,0.026905829596412634
2022-07-29,11550,11550,11250,11450,6967,0.0
2022-08-01,11550,11550,11250,11500,5289,0.004366812227074135
2022-08-02,11600,11600,11250,11450,2699,-0.004347826086956497
2022-08-03,11450,11450,11150,11300,19270,-0.013100436681222738
2022-08-04,11350,11450,11250,11450,15894,0.01327433628318575
2022-08-05,11500,11650,11350,11650,10624,0.017467248908296984
2022-08-08,11650,11650,11300,11400,22184,-0.02145922746781115
2022-08-09,11400,11400,11050,11300,8340,-0.00877192982456143
2022-08-10,11200,11200,10900,11000,31723,-0.026548672566371723
2022-08-11,11200,11200,10950,11150,18333,0.013636363636363669
2022-08-12,11250,14400,11000,13550,1465416,0.2152466367713004
2022-08-16,13650,13850,13300,13500,191988,-0.0036900369003689537
2022-08-17,13350,13400,12700,12900,130974,-0.0444444444444444
2022-08-18,12800,13100,12550,13000,93511,0.007751937984496138
2022-08-19,12950,13000,12300,12550,87250,-0.0346153846153846
2022-08-22,12450,12500,11350,11600,213471,-0.07569721115537853
2022-08-23,11500,11800,11300,11550,83542,-0.004310344827586188
2022-08-24,11550,12050,11550,12000,77654,0.03896103896103886
2022-08-25,12100,12150,11850,12100,30072,0.008333333333333304
2022-08-26,12150,12250,12000,12150,35078,0.004132231404958775
2022-08-29,11650,11950,11500,11900,34801,-0.020576131687242816
2022-08-30,11800,12250,11800,12250,22097,0.02941176470588225
2022-08-31,12250,13000,12050,12750,127820,0.04081632653061229
2022-09-01,12800,13000,12350,12350,32000,-0.03137254901960784
2022-09-02,12350,12550,12300,12300,16386,-0.004048582995951455
2022-09-05,12300,12500,11850,12250,16654,-0.004065040650406471
2022-09-06,12050,12350,11900,12250,21791,0.0
2022-09-07,12400,12400,11650,11700,38996,-0.04489795918367345
2022-09-08,11850,12100,11500,11700,45899,0.0
2022-09-13,11750,12450,11750,12200,28068,0.042735042735042805
2022-09-14,11900,12700,11600,12400,49300,0.016393442622950838
2022-09-15,12400,12650,12000,12300,24456,-0.008064516129032251
2022-09-16,12250,12850,12000,12700,80759,0.03252032520325199
2022-09-19,12900,13200,12400,12650,55684,-0.003937007874015741
2022-09-20,12700,13050,12000,12450,101434,-0.015810276679841917
2022-09-21,12350,12500,12100,12450,12839,0.0
2022-09-22,12150,12750,12150,12400,20167,-0.004016064257028162
2022-09-23,12200,12350,11850,11900,18612,-0.040322580645161255
2022-09-26,11850,11900,11100,11200,37533,-0.05882352941176472
2022-09-27,11050,12100,11050,11300,13556,0.008928571428571397
2022-09-28,11200,11350,10450,10500,38121,-0.07079646017699115
2022-09-29,10700,10800,10300,10450,41392,-0.004761904761904745
2022-09-30,10350,10650,10200,10300,20909,-0.014354066985645897
2022-10-04,10400,11100,10400,11000,26365,0.06796116504854366
2022-10-05,11200,11350,10700,10850,25173,-0.013636363636363669
2022-10-06,11000,11400,10850,11200,19098,0.032258064516129004
2022-10-07,11200,11650,11150,11450,16465,0.022321428571428603
2022-10-11,11350,11350,10800,10800,11062,-0.05676855895196509
2022-10-12,10650,11100,10650,10850,7066,0.004629629629629539
2022-10-13,10650,10900,10300,10350,11802,-0.04608294930875578
2022-10-14,11000,11100,10600,11100,12856,0.07246376811594213
2022-10-17,10900,11000,10150,11000,15904,-0.009009009009009028
2022-10-18,11150,11150,10750,11000,10572,0.0
2022-10-19,11000,11000,10600,10800,13266,-0.018181818181818188
2022-10-20,10900,10900,10550,10800,9232,0.0
2022-10-21,10700,10750,10550,10550,9281,-0.02314814814814814
2022-10-24,10600,11100,10600,10900,14496,0.033175355450236976
2022-10-25,10900,11400,10750,11250,40804,0.032110091743119185
2022-10-26,11350,11350,10600,10900,26675,-0.03111111111111109
2022-10-27,11000,11150,10750,11100,18815,0.0183486238532109
2022-10-28,10850,11000,10650,10700,17979,-0.036036036036036
2022-10-31,10800,11050,10750,11050,8477,0.032710280373831724
2022-11-01,10850,11350,10850,11350,20875,0.02714932126696823
2022-11-02,11150,11300,11050,11300,14230,-0.004405286343612369
2022-11-03,10800,11500,10800,11450,23009,0.01327433628318575
2022-11-04,11350,12000,11350,11950,48444,0.04366812227074246
2022-11-07,12000,12200,12000,12200,23291,0.02092050209205021
2022-11-08,12350,14500,12350,12500,1034468,0.024590163934426146
2022-11-09,12950,12950,12400,12500,146153,0.0
2022-11-10,12350,12600,12150,12550,33675,0.0040000000000000036
2022-11-11,13150,13200,12650,12800,61346,0.019920318725099584
2022-11-14,12800,12800,12300,12550,45434,-0.01953125
2022-11-15,12550,13000,12500,12850,64018,0.0239043824701195
2022-11-16,12950,13250,12750,12850,92331,0.0
2022-11-17,12700,12800,12450,12700,19375,-0.011673151750972721
2022-11-18,12650,12900,12350,12450,32632,-0.019685039370078705
2022-11-21,12450,12650,12150,12500,28239,0.004016064257028162
2022-11-22,12450,12450,12150,12300,12182,-0.016000000000000014
2022-11-23,12350,12550,12300,12500,6827,0.016260162601626105
2022-11-24,12500,12850,12500,12850,23707,0.028000000000000025
2022-11-25,12850,12900,12500,12700,19615,-0.011673151750972721
2022-11-28,12500,12600,12300,12450,20746,-0.019685039370078705
2022-11-29,12300,12650,12300,12500,11031,0.004016064257028162
2022-11-30,12550,12700,12350,12600,19744,0.008000000000000007
2022-12-01,12900,12900,12450,12500,22483,-0.007936507936507908
2022-12-02,12600,12650,12400,12450,10838,-0.0040000000000000036
2022-12-05,12400,12600,12250,12500,14007,0.004016064257028162
2022-12-06,12350,12550,12300,12550,21249,0.0040000000000000036
2022-12-07,12650,12950,12450,12700,104930,0.01195219123505975
2022-12-08,12800,12850,12450,12600,24737,-0.007874015748031482
2022-12-09,12600,12750,12500,12600,26680,0.0
2022-12-12,12700,12800,12500,12500,20708,-0.007936507936507908
2022-12-13,12550,12750,12550,12650,21969,0.01200000000000001
2022-12-14,12750,13050,12700,12950,70870,0.02371541501976293
2022-12-15,13000,13000,12850,12950,37609,0.0
2022-12-16,12950,13050,12700,12900,33602,-0.0038610038610038533
2022-12-19,12900,12950,12650,12800,25838,-0.007751937984496138
2022-12-20,12900,12900,12550,12600,43447,-0.015625
2022-12-21,12600,12700,12400,12550,71498,-0.003968253968253954
2022-12-22,12650,12800,12400,12500,37737,-0.003984063745019917
2022-12-23,12350,12450,12200,12200,27006,-0.02400000000000002
2022-12-26,12100,12350,12000,12350,27286,0.012295081967213184
2022-12-27,12250,12900,12250,12700,90299,0.028340080971659853
2022-12-28,12800,13200,12600,12950,107969,0.019685039370078705
2022-12-29,12950,13050,12700,12850,26393,-0.007722007722007707
2023-01-02,12850,13000,12300,12500,46319,-0.027237354085603127
2023-01-03,12500,12750,12200,12700,28937,0.016000000000000014
2023-01-04,12700,13250,12550,13200,77926,0.03937007874015741
2023-01-05,13300,13300,13000,13150,28105,-0.0037878787878787845
2023-01-06,13150,13750,13050,13200,116963,0.0038022813688212143
2023-01-09,13350,13500,13200,13400,35815,0.015151515151515138
2023-01-10,13650,14250,13550,13800,150626,0.029850746268656803
2023-01-11,13850,14000,13600,13750,36141,-0.0036231884057971175
2023-01-12,13650,14300,13400,13650,81888,-0.0072727272727273196
2023-01-13,13750,14400,13750,13950,147211,0.0219780219780219
2023-01-16,14100,14100,13550,13600,32368,-0.02508960573476704
2023-01-17,13550,14100,13550,13750,46577,0.011029411764705843
2023-01-18,13800,14300,13750,14250,41719,0.036363636363636376
2023-01-19,14250,14650,14000,14400,76629,0.010526315789473717
2023-01-20,14400,14500,14100,14300,36271,-0.00694444444444442
2023-01-25,14450,14540,14240,14330,51470,0.002097902097902171
2023-01-26,14340,14490,14020,14190,24556,-0.00976971388695047
2023-01-27,14200,14390,14110,14240,36700,0.0035236081747709314
2023-01-30,14110,14280,13780,14270,44505,0.00210674157303381
2023-01-31,14100,14200,13770,13930,44869,-0.023826208829712647
2023-02-01,13900,14580,13900,14500,70057,0.04091888011486011
2023-02-02,14400,14800,14210,14370,57391,-0.008965517241379284
2023-02-03,14390,14550,14030,14200,35287,-0.011830201809325036
2023-02-06,14200,14220,14010,14190,36827,-0.0007042253521126751
2023-02-07,14060,14500,14040,14410,41576,0.015503875968992276
2023-02-08,14500,14520,14340,14340,24882,-0.004857737682165131
2023-02-09,14350,14390,14190,14360,14896,0.001394700139470073
2023-02-10,14100,14880,14100,14720,75008,0.025069637883008422
2023-02-13,14720,14870,14530,14750,37668,0.0020380434782609758
2023-02-14,14750,15500,14490,15400,134545,0.04406779661016946
2023-02-15,15640,15790,15240,15240,119958,-0.010389610389610393
2023-02-16,15110,15800,15100,15620,103166,0.02493438320209984
2023-02-17,15230,16390,15200,16370,130298,0.048015364916773384
2023-02-20,16500,16700,16250,16590,69613,0.013439218081856996
2023-02-21,16340,16700,16040,16440,64061,-0.009041591320072317
2023-02-22,16100,16650,15810,16080,73709,-0.021897810218978075
2023-02-23,16050,16880,15900,16750,95612,0.04166666666666674
2023-02-24,16770,17410,16420,16550,91305,-0.011940298507462699
2023-02-27,16120,17180,16000,17080,105005,0.03202416918428996
2023-02-28,17410,17410,16600,16620,81309,-0.02693208430913352
2023-03-02,16620,16800,16050,16080,46796,-0.032490974729241895
2023-03-03,16100,16240,15530,15770,68128,-0.01927860696517414
2023-03-06,15940,17500,15870,17160,247801,0.088142041851617
2023-03-07,17170,17810,15870,16350,207193,-0.047202797202797186
2023-03-08,16350,16460,15990,16160,74253,-0.011620795107033621
2023-03-09,16180,16590,15550,16400,110026,0.014851485148514865
2023-03-10,16050,17070,15890,16720,140356,0.019512195121951237
2023-03-13,17200,17200,16000,16890,161540,0.010167464114832603
2023-03-14,16580,16880,15790,16250,134853,-0.03789224393132029
2023-03-15,16760,16790,15610,16250,159835,0.0
2023-03-16,16250,16700,15670,16430,94876,0.011076923076922984
2023-03-17,16900,18820,16550,18760,881819,0.1418137553256238
2023-03-20,19000,19700,17300,18200,653706,-0.02985074626865669
2023-03-21,18190,18590,17150,18330,533892,0.0071428571428571175
2023-03-22,18650,18690,17920,18370,267344,0.0021822149481725006
2023-03-23,18300,18650,17980,18380,260633,0.0005443658138268859
2023-03-24,19050,20300,18750,20200,852143,0.09902067464635467
2023-03-27,19970,19970,18110,19590,707294,-0.030198019801980225
2023-03-28,19310,19900,18970,19300,268712,-0.014803471158754467
2023-03-29,19410,19420,18620,18900,145671,-0.020725388601036232
2023-03-30,19210,19280,18310,18650,238599,-0.013227513227513255
2023-03-31,18650,18650,17830,18220,199025,-0.023056300268096463
2023-04-03,18040,18040,17010,17650,372192,-0.031284302963776045
2023-04-04,17620,17620,16760,17200,312423,-0.025495750708215303
2023-04-05,17100,18250,16860,17850,270675,0.03779069767441867
2023-04-06,18000,18290,17350,17980,153684,0.007282913165266081
2023-04-07,18040,18760,18000,18530,178152,0.03058954393770863
2023-04-10,18610,18900,18350,18530,87873,0.0
2023-04-11,18500,19260,18000,18920,171177,0.021046950890447835
2023-04-12,19100,19150,18550,18970,125722,0.0026427061310783095
2023-04-13,18810,18880,18320,18590,106594,-0.02003162888771748
2023-04-14,18590,18760,17970,18650,100151,0.0032275416890801267
2023-04-17,18650,18650,17990,18420,59968,-0.012332439678284235
2023-04-18,18290,18320,17950,18200,53210,-0.011943539630836053
2023-04-19,18210,18250,17590,18010,110642,-0.010439560439560402
2023-04-20,18010,18010,17380,17690,96518,-0.017767906718489712
2023-04-21,17430,17750,17160,17600,86854,-0.005087620124364034
2023-04-24,17600,17700,17060,17190,85532,-0.023295454545454564
2023-04-25,17170,17410,16400,17410,164885,0.012798138452588814
2023-04-26,17250,17800,17040,17120,81023,-0.016657093624353858
2023-04-27,17020,17020,16100,17000,241061,-0.007009345794392496
2023-04-28,17010,17370,16610,16930,80845,-0.004117647058823559
2023-05-02,17110,17190,16280,16530,98230,-0.023626698168930926
2023-05-03,16210,16800,16140,16580,80267,0.003024803387779773
2023-05-04,16310,16480,16150,16200,54251,-0.022919179734619988
2023-05-08,16320,16860,16140,16800,79715,0.03703703703703698
2023-05-09,16700,17940,16270,17940,106709,0.06785714285714284
2023-05-10,17940,18070,16420,16630,449233,-0.07302118171683392
2023-05-11,17150,17320,16700,16700,183276,0.004209260372820101
2023-05-12,16710,17880,16690,17860,180192,0.06946107784431144
2023-05-15,18000,18080,17150,17400,120456,-0.025755879059350506
2023-05-16,17500,17760,16770,17200,87924,-0.011494252873563204
2023-05-17,17290,18000,17230,18000,101253,0.04651162790697683
2023-05-18,18100,20700,18030,20050,850525,0.11388888888888893
2023-05-19,20500,22400,20400,21650,1038127,0.07980049875311712
2023-05-22,21500,22000,20800,21350,265010,-0.01385681293302543
2023-05-23,21400,21850,20950,21350,215530,0.0
2023-05-24,21200,22350,20850,21850,200849,0.023419203747072626
2023-05-25,22350,22600,21000,21150,161845,-0.03203661327231122
2023-05-26,21600,23700,21350,23050,579637,0.08983451536643017
2023-05-30,23800,24500,22750,23800,352269,0.03253796095444694
2023-05-31,23700,23700,22200,22700,308362,-0.04621848739495793
2023-06-01,22250,23050,22100,23050,133951,0.01541850220264318
2023-06-02,23100,23450,22300,22750,169746,-0.013015184381778733
2023-06-05,22800,22800,21800,22400,174879,-0.01538461538461533
2023-06-07,22150,22850,21850,22650,85597,0.01116071428571419
2023-06-08,22400,23300,21950,22400,148667,-0.01103752759381893
2023-06-09,22650,24200,22000,23750,269020,0.060267857142857206
2023-06-12,23750,23800,22750,22900,113236,-0.03578947368421048
2023-06-13,23050,24900,23050,24100,236272,0.05240174672489073
2023-06-14,24500,24600,23000,23550,137247,-0.022821576763485507
2023-06-15,23850,24600,23550,23900,105285,0.014861995753715496
2023-06-16,24000,24400,23500,24050,69134,0.006276150627614996
2023-06-19,24050,24100,22750,23450,200532,-0.02494802494802495
2023-06-20,23100,24050,22400,24000,186776,0.023454157782516027
2023-06-21,24100,24300,22950,23150,113426,-0.03541666666666665
2023-06-22,23050,23650,22800,23050,61292,-0.004319654427645814
2023-06-23,23750,24000,22650,22650,129805,-0.017353579175705014
2023-06-26,22650,22900,22050,22750,55847,0.004415011037527616
2023-06-27,22750,22750,21950,22100,78779,-0.02857142857142858
2023-06-28,22350,23100,22200,23000,67784,0.040723981900452566
2023-06-29,23150,23300,22650,22700,58599,-0.013043478260869601
2023-06-30,22700,22900,21850,22600,83398,-0.004405286343612369
2023-07-03,22750,25000,22500,23550,332393,0.042035398230088505
2023-07-04,24750,26950,24150,26900,814585,0.1422505307855626
2023-07-05,27150,27150,24600,25100,326307,-0.06691449814126393
2023-07-06,25000,25100,23600,23600,247162,-0.05976095617529875
2023-07-07,23300,23700,22600,22850,139700,-0.03177966101694918
2023-07-10,22550,22850,21800,21950,149673,-0.03938730853391681
2023-07-11,22100,23150,21900,23100,141726,0.05239179954441919
2023-07-12,23050,23750,22500,23200,113952,0.0043290043290042934
2023-07-13,23500,23900,22900,23850,100775,0.028017241379310276
2023-07-14,23850,24900,23500,24700,282427,0.03563941299790363
2023-07-17,24500,25100,23950,24400,134713,-0.012145748987854255
2023-07-18,24850,24950,23950,24600,152336,0.008196721311475308
2023-07-19,24950,25350,24200,24600,155434,0.0
2023-07-20,24900,25400,24500,24550,87371,-0.002032520325203291
2023-07-21,23850,23850,23000,23500,113134,-0.04276985743380857
2023-07-24,23150,23450,22600,23400,124268,-0.004255319148936176
2023-07-25,23400,23550,22250,22450,147373,-0.040598290598290565
2023-07-26,22450,22500,21050,21400,210377,-0.04677060133630284
2023-07-27,21400,22900,21400,22700,130899,0.06074766355140193
2023-07-28,22750,23450,22200,23250,78882,0.02422907488986792
2023-07-31,23250,23750,22300,22700,85023,-0.023655913978494647
2023-08-01,22850,23050,22200,22800,68012,0.004405286343612369
2023-08-02,22350,23000,20700,21100,219792,-0.07456140350877194
2023-08-03,20850,21000,20150,20750,107707,-0.016587677725118488
2023-08-04,20750,21050,20350,20950,39718,0.009638554216867545
2023-08-07,20450,21250,19770,20900,124094,-0.0023866348448687846
2023-08-08,21100,21200,20300,20650,51251,-0.011961722488038284
2023-08-09,20650,21350,20400,21150,64863,0.02421307506053272
2023-08-10,20850,21400,19900,20850,96910,-0.014184397163120588
2023-08-11,21150,22200,21050,21450,122437,0.02877697841726623
2023-08-14,21400,22100,20650,21300,111690,-0.006993006993006978
2023-08-16,21300,22050,20350,20950,223725,-0.016431924882629123
2023-08-17,20400,21700,19950,20950,144662,0.0
2023-08-18,20700,21450,20150,21300,120165,0.01670644391408116
2023-08-21,21900,22100,21500,21850,97483,0.025821596244131495
2023-08-22,22200,22500,21000,21250,118272,-0.027459954233409634
2023-08-23,21300,21900,21000,21650,51067,0.018823529411764683
2023-08-24,21950,22250,21150,21350,99896,-0.01385681293302543
2023-08-25,21050,21050,19810,20100,167653,-0.05854800936768145
2023-08-28,20350,20700,20050,20700,47679,0.029850746268656803
2023-08-29,20800,21550,20750,21300,67904,0.02898550724637672
2023-08-30,21600,21650,21150,21450,64546,0.007042253521126751
2023-08-31,21450,21750,21100,21450,60105,0.0
2023-09-01,21600,22900,21350,22700,279093,0.05827505827505819
2023-09-04,22450,22700,21300,21500,156182,-0.052863436123347984
2023-09-05,21550,21850,20750,21150,91965,-0.016279069767441867
2023-09-06,21150,21150,20650,20950,79625,-0.009456264775413725
2023-09-07,20600,21400,20350,20950,116925,0.0
2023-09-08,20800,21000,20000,20850,134702,-0.004773269689737458
2023-09-11,20850,21150,20500,21050,42825,0.00959232613908867
2023-09-12,21000,21100,20600,20650,39831,-0.019002375296912066
2023-09-13,20650,22150,20050,20250,144714,-0.01937046004842613
2023-09-14,20600,21500,20150,21350,72416,0.05432098765432092
2023-09-15,21400,21700,21100,21600,54747,0.011709601873536313
2023-09-18,21000,21700,20900,21500,53239,-0.00462962962962965
2023-09-19,21400,21750,21150,21400,54901,-0.0046511627906976605
2023-09-20,21150,21600,20550,20900,43819,-0.02336448598130836
2023-09-21,20550,20700,20250,20500,48323,-0.019138755980861233
2023-09-22,20100,20700,20050,20300,79508,-0.009756097560975618
2023-09-25,20000,20450,19950,19990,40508,-0.015270935960591148
2023-09-26,20000,20300,19470,19480,38835,-0.02551275637818906
2023-09-27,19250,19840,19210,19780,52984,0.015400410677617993
2023-10-04,19350,19400,18450,18530,78719,-0.06319514661274017
2023-10-05,18810,19450,18660,18930,57578,0.021586616297895267
2023-10-06,19120,19390,18840,19300,24722,0.01954569466455358
2023-10-10,19230,19490,17620,18280,66405,-0.0528497409326425
2023-10-11,18490,18890,18390,18500,46361,0.012035010940919078
2023-10-12,18700,19610,18620,19140,47152,0.034594594594594685
2023-10-13,19030,19470,18830,18960,30286,-0.009404388714733591
2023-10-16,18500,18730,17710,18310,83848,-0.034282700421940926
2023-10-17,18490,18700,17900,18700,50279,0.021299836155106444
2023-10-18,18510,19090,18330,18620,44849,-0.004278074866310155
2023-10-19,18260,18500,17510,17800,68151,-0.04403866809881851
2023-10-20,17650,17700,16450,17430,115264,-0.020786516853932624
2023-10-23,17190,17650,17140,17430,39822,0.0
2023-10-24,17440,17800,17260,17730,83125,0.01721170395869187
2023-10-25,17760,18100,17350,17450,55095,-0.015792442188381273
2023-10-26,16800,16920,16360,16470,74749,-0.056160458452722106
2023-10-27,16500,17160,16030,16820,77770,0.021250758955676963
2023-10-30,16990,17150,16740,16890,28248,0.004161712247324534
2023-10-31,16910,17120,15860,15990,102887,-0.05328596802841923
2023-11-01,16000,16740,16000,16630,64447,0.04002501563477168
2023-11-02,17220,17610,17190,17580,67028,0.05712567648827416
2023-11-03,17760,17930,17560,17930,27096,0.019908987485779184
2023-11-06,18160,18470,17610,18230,140488,0.01673173452314547
2023-11-07,18230,18920,17970,18800,113763,0.031267142073505116
2023-11-08,18810,19200,18420,18740,96743,-0.0031914893617021045
2023-11-09,18740,18750,17740,17900,59264,-0.04482390608324438
2023-11-10,17900,17900,16540,16760,158616,-0.06368715083798882
2023-11-13,16800,17340,16690,17050,48896,0.017303102625298328
2023-11-14,17140,17740,16900,17440,46356,0.0228739002932552
2023-11-15,17960,18750,17500,18680,81209,0.07110091743119273
2023-11-16,18860,19120,18560,18800,63030,0.0064239828693790635
2023-11-17,18800,19630,18680,18730,51858,-0.0037234042553191404
2023-11-20,18800,19180,18510,18520,25733,-0.011211959423384932
2023-11-21,18560,19000,18370,18600,26865,0.004319654427645814
2023-11-22,18400,18890,18250,18580,33777,-0.0010752688172043223
2023-11-23,18840,18840,18050,18080,36207,-0.026910656620021567
2023-11-24,18040,18440,18020,18270,17868,0.01050884955752207
2023-11-27,18380,18430,17890,18260,22787,-0.0005473453749316182
2023-11-28,18130,18550,18130,18500,25099,0.013143483023001057
2023-11-29,18500,18580,18020,18150,44450,-0.018918918918918948
2023-11-30,18140,18200,17650,17700,45428,-0.024793388429752095
2023-12-01,17600,17800,17290,17400,31497,-0.016949152542372836
2023-12-04,17490,17490,16900,16960,37043,-0.025287356321839094
2023-12-05,16730,16960,16150,16350,63024,-0.035966981132075526
2023-12-06,16430,17130,16300,17100,47407,0.04587155963302747
2023-12-07,17100,17730,16910,17000,50500,-0.005847953216374324
2023-12-08,17260,17430,17170,17400,31499,0.0235294117647058
2023-12-11,17500,17980,17420,17590,36586,0.01091954022988495
2023-12-12,17800,17950,17370,17840,62102,0.01421262080727681
2023-12-13,18040,20150,18000,19190,320474,0.0756726457399104
2023-12-14,19190,19430,18930,19270,141594,0.004168837936425307
2023-12-15,19460,19860,19000,19170,80257,-0.00518941359626357
2023-12-18,19220,21200,19220,20650,314984,0.07720396452790812
2023-12-19,20650,21150,20200,20650,117092,0.0
2023-12-20,20600,20900,20300,20400,80949,-0.01210653753026636
2023-12-21,20400,20900,20050,20650,68364,0.01225490196078427
2023-12-22,20950,21150,20100,20250,82229,-0.01937046004842613
2023-12-26,20500,20500,19100,19370,112321,-0.04345679012345682
2023-12-27,19480,20250,19370,19950,70448,0.029943211151264748
2023-12-28,19990,19990,19240,19340,125423,-0.030576441102756924
2024-01-02,19340,20950,19300,20600,134647,0.06514994829369192
2024-01-03,20200,20800,19900,20600,62540,0.0
2024-01-04,20400,22000,20250,21450,249167,0.04126213592233019
2024-01-05,22350,23150,21200,21700,329098,0.011655011655011593
2024-01-08,21950,22200,21100,21350,85714,-0.016129032258064502
2024-01-09,21900,22000,20600,21200,148291,-0.007025761124121788
2024-01-10,21200,21300,20300,20650,100841,-0.02594339622641506
2024-01-11,20500,20850,20300,20650,75911,0.0
2024-01-12,20650,20850,19990,20200,80695,-0.021791767554479424
2024-01-15,20200,20300,19590,19730,95060,-0.023267326732673288
2024-01-16,19680,19930,19210,19650,88120,-0.0040547389761783625
2024-01-17,19950,19950,19140,19170,74051,-0.02442748091603053
2024-01-18,19130,19590,18970,19440,79371,0.014084507042253502
2024-01-19,19760,20550,19590,20450,124959,0.05195473251028804
2024-01-22,20950,20950,19800,20500,148403,0.0024449877750611915
2024-01-23,20350,20350,19450,20000,176544,-0.024390243902439046
2024-01-24,19950,20050,19420,19950,73384,-0.0024999999999999467
2024-01-25,20050,20300,19360,19420,108358,-0.026566416040100238
2024-01-26,19400,19650,19000,19260,81080,-0.008238928939237944
2024-01-29,19020,19300,18030,18160,185420,-0.05711318795430942
2024-01-30,18280,18440,17550,17980,92505,-0.009911894273127775
2024-01-31,17700,17950,17610,17700,65956,-0.015572858731924377
2024-02-01,17660,17670,16560,16880,254049,-0.04632768361581918
2024-02-02,17120,17520,16730,17100,128117,0.013033175355450233
2024-02-05,17200,17390,16880,17290,66056,0.011111111111111072
2024-02-06,17390,17400,16050,17250,111002,-0.0023134759976864983
2024-02-07,17260,17260,16560,16700,116136,-0.03188405797101446
2024-02-08,16610,17480,16610,17000,136351,0.017964071856287456
2024-02-13,17070,17440,16490,16910,246896,-0.0052941176470587825
2024-02-14,16750,17230,16580,17230,112627,0.018923713778829176
2024-02-15,17400,17400,16910,17090,116383,-0.008125362739408004
2024-02-16,17170,17170,16680,16790,79789,-0.017554125219426564
2024-02-19,16770,16770,16410,16600,113876,-0.011316259678380014
2024-02-20,16660,16760,16360,16420,65984,-0.010843373493975905
2024-02-21,16310,16930,16300,16570,91708,0.009135200974421442
2024-02-22,16750,17200,16640,16820,120385,0.015087507543753764
2024-02-23,17130,17150,16600,16650,91975,-0.01010701545778836
2024-02-26,16690,16850,16260,16290,89216,-0.021621621621621623
2024-02-27,16280,16280,15560,15630,155542,-0.04051565377532229
2024-02-28,15640,16520,15640,16120,111105,0.031349968010236706
2024-02-29,16240,16670,15620,16210,117869,0.005583126550868567
2024-03-04,16400,16900,16400,16590,85949,0.02344231955582976
2024-03-05,16680,17300,16140,17240,158488,0.03918022905364671
2024-03-06,17250,17400,16850,17050,175245,-0.011020881670533611
2024-03-07,17240,17380,16600,16660,153946,-0.02287390029325509
2024-03-08,16950,17450,16800,17100,226332,0.026410564225690214
2024-03-11,17070,17070,16460,16720,75062,-0.022222222222222254
2024-03-12,16880,17300,16660,17140,114495,0.02511961722488043
2024-03-13,17170,17450,17050,17450,124842,0.0180863477246207
2024-03-14,17450,17490,16890,16900,98674,-0.03151862464183386
2024-03-15,16880,17160,16550,16750,54468,-0.00887573964497046
2024-03-18,16730,17100,16730,17030,38057,0.016716417910447756
2024-03-19,16900,17020,16560,16670,50919,-0.021139166177334134
2024-03-20,16680,17860,16540,17680,134267,0.060587882423515316
2024-03-21,18020,18970,17840,18530,345294,0.04807692307692313
2024-03-22,18300,19150,18090,18850,198644,0.017269293038316258
2024-03-25,18850,18850,18210,18400,114070,-0.023872679045092826
2024-03-26,18410,18800,17970,18090,149249,-0.016847826086956563
2024-03-27,18000,18370,17630,18190,101029,0.0055279159756771445
2024-03-28,18190,18380,17740,17870,91074,-0.017592083562396943
2024-03-29,17960,18700,17740,18600,142944,0.04085058757694471
2024-04-01,18900,19030,18360,18610,76885,0.0005376344086021057
2024-04-02,18990,19430,18730,19090,219968,0.025792584631918247
2024-04-03,18960,19020,18000,18530,119923,-0.029334730225248795
2024-04-04,19040,19830,18850,19630,281238,0.05936319481921215
2024-04-05,19180,23050,19020,21500,4461818,0.09526235354049928
2024-04-08,24050,26450,20650,20800,6833522,-0.032558139534883734
2024-04-09,19710,20200,18940,19540,1091670,-0.060576923076923084
2024-04-11,19000,20800,18700,20300,831789,0.038894575230296935
2024-04-12,20250,20900,19810,19920,531329,-0.01871921182266012
2024-04-15,19400,19890,19110,19590,307087,-0.016566265060240948
2024-04-16,19200,19300,18070,18370,396527,-0.06227667177131191
2024-04-17,18750,19390,18470,18770,219986,0.021774632553075657
2024-04-18,18590,19480,18550,19350,173575,0.03090037293553549
2024-04-19,19760,20300,18800,19370,436285,0.001033591731266048
2024-04-22,19350,19410,18570,18910,144407,-0.02374806401652041
2024-04-23,18950,19210,18340,18350,116629,-0.029613960867265976
2024-04-24,18700,19110,18680,18790,128074,0.023978201634877294
2024-04-25,18720,20400,18610,20100,517772,0.06971793507184665
2024-04-26,20150,20300,19810,20000,211623,-0.00497512437810943
2024-04-29,20700,20850,19860,20100,254839,0.004999999999999893
2024-04-30,19850,20350,19460,19600,153228,-0.02487562189054726
2024-05-02,19420,20150,19340,20000,171802,0.020408163265306145
2024-05-03,20200,20250,19730,19730,111192,-0.013499999999999956
2024-05-07,19910,20200,19840,20100,115297,0.018753167764825163
2024-05-08,19910,20000,19430,19860,83813,-0.011940298507462699
2024-05-09,20050,20050,19320,19550,84128,-0.015609264853977844
2024-05-10,19430,19660,18830,19180,125416,-0.01892583120204605
2024-05-13,19180,19450,18810,19240,96301,0.0031282586027112647
2024-05-14,18930,19190,18420,18750,198685,-0.025467775467775455
2024-05-16,19060,19430,19040,19090,83577,0.018133333333333335
2024-05-17,19150,19350,19010,19080,54389,-0.0005238344683080598
2024-05-20,19080,19080,18580,18640,89081,-0.023060796645702264
2024-05-21,18700,19060,18700,18890,109388,0.01341201716738194
2024-05-22,18980,19630,18790,19450,101730,0.029645314981471715
2024-05-23,19400,19930,19200,19790,100795,0.017480719794344513
2024-05-24,19820,20000,19390,19500,78207,-0.014653865588681203
2024-05-27,19500,19800,19380,19740,106920,0.012307692307692353
2024-05-28,19750,20450,19510,20300,164884,0.028368794326241176
2024-05-29,20350,20550,20000,20100,121661,-0.009852216748768461
2024-05-30,20050,20200,19650,19780,100328,-0.015920398009950265
2024-05-31,19780,19960,19400,19760,75331,-0.0010111223458038054
2024-06-03,19630,19790,19400,19640,88465,-0.006072874493927127
2024-06-04,19750,20100,19000,19010,157790,-0.0320773930753564
2024-06-05,19260,19960,19250,19540,86818,0.027880063124671173
2024-06-07,19540,20400,19390,20200,158500,0.03377686796315249
2024-06-10,20250,20900,19990,20650,127483,0.022277227722772297
2024-06-11,20750,21450,20300,20750,158260,0.004842615012106588
2024-06-12,20850,21450,20700,21250,124615,0.024096385542168752
2024-06-13,21350,22000,21250,21700,120151,0.021176470588235352
2024-06-14,22100,23150,21600,22550,275436,0.03917050691244239
2024-06-17,22700,22700,20950,21100,174114,-0.06430155210643018
2024-06-18,21350,22750,21100,22550,209246,0.06872037914691953
2024-06-19,22600,23100,22000,22550,113505,0.0
2024-06-20,22550,22550,21600,21850,72250,-0.03104212860310418
2024-06-21,21450,21550,20500,21200,118299,-0.029748283752860427
2024-06-24,21350,21400,20200,20250,90968,-0.04481132075471694
2024-06-25,20000,20300,19590,20050,84832,-0.00987654320987652
2024-06-26,20350,20950,20050,20800,93980,0.03740648379052369
2024-06-27,20400,21350,20250,21100,79691,0.014423076923076872
2024-06-28,20950,21050,20300,20550,69912,-0.026066350710900466
2024-07-01,20350,20500,19880,19900,116117,-0.031630170316301665
2024-07-02,20100,20400,19600,20350,109409,0.022613065326633208
2024-07-03,20350,20750,19990,20350,78536,0.0
2024-07-04,20400,21100,20200,20650,84374,0.014742014742014753
2024-07-05,21050,21050,20350,20550,68903,-0.004842615012106588
2024-07-08,20400,20600,19940,19980,76177,-0.027737226277372296
2024-07-09,20050,20400,19930,20200,89721,0.011011011011011096
2024-07-10,20300,20500,19710,20000,100760,-0.00990099009900991
2024-07-11,19950,20250,19150,19150,194151,-0.04249999999999998
2024-07-12,19110,19200,18500,18950,175141,-0.010443864229765065
2024-07-15,18990,19500,18750,19390,47068,0.02321899736147759
2024-07-16,19400,19400,19010,19300,48425,-0.004641567818463144
2024-07-17,19300,19380,18600,18700,81510,-0.031088082901554404
2024-07-18,18110,18420,17990,18090,90120,-0.03262032085561495
2024-07-19,18100,18630,17930,18400,40205,0.01713653952459926
2024-07-22,18220,18320,17180,17900,113960,-0.02717391304347827
2024-07-23,18140,18570,17450,18300,53693,0.022346368715083775
2024-07-24,18110,18630,18030,18310,24761,0.0005464480874317612
2024-07-25,17680,18560,17210,18240,131012,-0.0038230475150191623
2024-07-26,18240,18880,18210,18700,46560,0.025219298245614086
2024-07-29,18700,18800,18380,18740,26388,0.002139037433155133
2024-07-30,18740,18890,18110,18610,31243,-0.006937033084311595
2024-07-31,18490,19190,18350,19130,31648,0.027941966684578157
2024-08-01,19200,19610,18900,19340,50813,0.010977522216413904
2024-08-02,18940,18940,18200,18690,62562,-0.033609100310237894
2024-08-05,18440,18500,15250,15800,135584,-0.15462814339218833
2024-08-06,16170,16800,16030,16200,105450,0.025316455696202445
2024-08-07,16100,17180,16060,16850,46608,0.04012345679012341
2024-08-08,16420,17180,16330,17020,34402,0.010089020771513413
2024-08-09,17330,17930,17190,17470,39473,0.026439482961222005
2024-08-12,17480,17940,17470,17890,31395,0.02404121350887234
2024-08-13,17890,18140,17580,17880,16510,-0.0005589714924538747
2024-08-14,18000,18710,16500,16960,144280,-0.05145413870246085
2024-08-16,17310,17900,17310,17540,75107,0.034198113207547065
2024-08-19,17550,17930,17050,17890,78946,0.019954389965792574
2024-08-20,18070,18400,17750,18220,51119,0.01844605925097831
2024-08-21,18100,18260,17460,17800,44007,-0.023051591657519244
2024-08-22,17900,17960,16960,17540,91018,-0.014606741573033655
2024-08-23,17300,17640,17060,17400,37246,-0.007981755986317007
2024-08-26,17400,17500,16900,17090,42435,-0.017816091954023006
2024-08-27,16900,17080,16570,16580,36913,-0.029842012873025126
2024-08-28,16570,16850,16000,16550,72970,-0.001809408926417344
2024-08-29,16250,16600,15830,16500,43988,-0.0030211480362537513
2024-08-30,16500,16600,16130,16300,28378,-0.012121212121212088
2024-09-02,16300,16300,16000,16040,19179,-0.015950920245398792
2024-09-03,16190,16550,16000,16050,24589,0.0006234413965087171
2024-09-04,15200,15500,15010,15250,60056,-0.049844236760124616
2024-09-05,15250,15420,14560,14920,59127,-0.02163934426229508
2024-09-06,14810,15670,14210,14270,62211,-0.043565683646112574
2024-09-09,13990,14920,13600,14770,35954,0.035038542396636396
2024-09-10,14770,15150,14640,15000,38727,0.015572105619499066
2024-09-11,14900,15150,14830,14900,19389,-0.00666666666666671
2024-09-12,14920,15600,14920,15320,13445,0.028187919463087185
2024-09-13,15320,15430,14900,15100,13839,-0.01436031331592691
2024-09-19,15100,15100,14080,15060,60441,-0.0026490066225165476
2024-09-20,15060,15130,14820,15050,20741,-0.0006640106241699861
2024-09-23,15050,15420,14900,14950,16100,-0.006644518272425293
2024-09-24,15390,16880,15390,16090,125368,0.07625418060200673
2024-09-25,16260,17200,16260,16750,95790,0.04101926662523314
2024-09-26,17400,17420,17160,17350,51980,0.035820895522387985
2024-09-27,17170,17390,17130,17140,19261,-0.012103746397694515
2024-09-30,17060,17070,16690,16750,9490,-0.022753792298716435
2024-10-02,16220,16910,16200,16610,17184,-0.008358208955223878
2024-10-04,16530,16900,16310,16310,23938,-0.018061408789885602
2024-10-07,16310,16950,16310,16930,8880,0.03801348865726539
2024-10-08,16760,17800,16730,17180,27079,0.01476668635558176
2024-10-10,17140,17390,17000,17250,23236,0.004074505238649495
2024-10-11,17250,17410,16930,17110,23035,-0.008115942028985468
2024-10-14,17110,17450,17050,17210,23178,0.005844535359438963
2024-10-15,17220,17600,17100,17430,34002,0.01278326554328868
2024-10-16,17200,17300,16650,17280,31245,-0.008605851979345935
2024-10-17,17280,17330,17020,17100,17543,-0.01041666666666663
2024-10-18,17200,17290,16790,16980,18635,-0.007017543859649145
2024-10-21,16880,17490,16730,16730,31357,-0.014723203769140158
2024-10-22,16760,16830,15870,16420,21437,-0.018529587567244432
2024-10-23,16400,16700,16000,16520,35683,0.006090133982947554
2024-10-24,16360,16510,16110,16130,14677,-0.02360774818401934
2024-10-25,16130,16290,15340,15660,62377,-0.0291382517048977
2024-10-28,15660,16150,15550,15940,12313,0.017879948914431676
2024-10-29,15770,16090,15500,15860,28878,-0.005018820577164407
2024-10-30,15860,16170,15500,15580,12547,-0.017654476670870167
2024-10-31,15760,15960,15390,15890,19529,0.019897304236200286
2024-11-01,15660,15970,15590,15880,11232,-0.0006293266205160686
2024-11-04,15960,16450,15770,16380,21385,0.03148614609571787
2024-11-05,16220,17100,16220,16890,41602,0.031135531135531025
2024-11-06,17000,17000,16200,16490,33430,-0.023682652457075237
2024-11-07,16480,16600,16100,16110,7936,-0.02304426925409342
2024-11-08,16020,16480,15890,16200,25191,0.005586592178770999
2024-11-11,16160,16180,15600,15940,26038,-0.016049382716049387
2024-11-12,15700,15710,14810,15430,50906,-0.03199498117942279
2024-11-13,15200,15400,14140,14140,100489,-0.08360337005832796
2024-11-14,14100,14560,14000,14110,43170,-0.0021216407355021394
2024-11-15,13950,14290,13550,13760,80749,-0.024805102763997167
2024-11-18,13780,13880,13250,13250,43947,-0.0370639534883721
2024-11-19,13260,13400,13010,13050,28678,-0.015094339622641506
2024-11-20,13010,13330,13000,13140,28754,0.006896551724137945
2024-11-21,13140,13170,12600,12620,81228,-0.0395738203957382
2024-11-22,12600,13280,12600,12820,54582,0.015847860538827252
2024-11-25,12850,13400,12850,12960,42651,0.010920436817472678
2024-11-26,12980,13310,12610,12650,61690,-0.023919753086419804
2024-11-27,12740,12770,12130,12240,88061,-0.032411067193675924
2024-11-28,12110,12250,11950,11990,69057,-0.020424836601307228
2024-11-29,11950,12210,11730,11800,35047,-0.015846538782318564
2024-12-02,11900,12370,11620,11720,83317,-0.006779661016949157
2024-12-03,11710,12220,11650,11820,175377,0.008532423208191142
2024-12-04,11620,11970,11550,11820,105089,0.0
2024-12-05,11820,12870,11820,12400,108593,0.04906937394247035
2024-12-06,12350,12350,11780,12090,105977,-0.025000000000000022
2024-12-09,11750,12490,11610,12060,81208,-0.002481389578163795
2024-12-10,13150,13150,12230,12830,71289,0.06384742951907141
2024-12-11,12850,13830,12830,13250,81747,0.03273577552611062
2024-12-12,13250,13450,12960,13130,49304,-0.00905660377358486
2024-12-13,13090,13590,12950,13580,50415,0.03427265803503432
2024-12-16,13580,13900,13450,13670,29935,0.006627393225331346
2024-12-17,13590,14240,13590,14060,40428,0.028529626920263285
2024-12-18,14020,14150,13760,13850,40394,-0.014935988620199181
2024-12-19,13120,13670,13030,13040,91800,-0.05848375451263543
2024-12-20,13040,13130,12390,12430,54095,-0.046779141104294486
2024-12-23,12450,13120,12270,12990,30021,0.04505229283990353
2024-12-24,12990,13160,12570,12670,25180,-0.024634334103156297
2024-12-26,12670,12750,12250,12290,39435,-0.029992107340173657
2024-12-27,12290,14120,12290,14050,157985,0.14320585842148081
2024-12-30,13750,14150,13400,13550,76481,-0.03558718861209964
2025-01-02,13670,13670,13300,13330,15199,-0.01623616236162362
2025-01-03,13370,13850,13300,13530,38316,0.015003750937734539
2025-01-06,13540,14580,13540,14570,74740,0.07686622320768666
2025-01-07,14690,14690,13890,13920,67972,-0.04461221688400818
2025-01-08,13900,14580,13760,14580,35613,0.047413793103448176
2025-01-09,14580,15450,13940,14120,125325,-0.03155006858710563
2025-01-10,14120,14120,13800,13880,26946,-0.016997167138810165
2025-01-13,13760,13880,13380,13400,59227,-0.03458213256484155
2025-01-14,13550,13860,13260,13800,30139,0.029850746268656803
2025-01-15,13840,13910,13400,13540,18179,-0.018840579710144967
2025-01-16,13860,13860,13620,13690,9132,0.01107828655834564
2025-01-17,14100,14960,14100,14560,100994,0.0635500365230095
2025-01-20,14710,14750,14290,14420,26747,-0.009615384615384581
2025-01-21,14570,14960,14350,14700,29389,0.01941747572815533
2025-01-22,14800,14940,14550,14850,11473,0.010204081632652962
2025-01-23,14850,14850,14280,14300,26903,-0.03703703703703709
2025-01-24,14300,15260,14200,14910,51402,0.04265734265734267
2025-01-31,14800,14800,13900,13970,59450,-0.06304493628437291
2025-02-03,13450,13910,13200,13620,39315,-0.02505368647100925
2025-02-04,13670,14400,13670,14020,52478,0.029368575624082238
2025-02-05,14020,14720,14020,14510,22245,0.03495007132667616
2025-02-06,14500,15940,14050,15930,177978,0.09786354238456241
2025-02-07,16230,16240,14700,14960,359807,-0.06089139987445069
2025-02-10,14840,16190,14400,15830,161604,0.0581550802139037
2025-02-11,15830,16160,15360,15510,82629,-0.020214782059380876
2025-02-12,15520,16200,15180,15910,92502,0.025789813023855634
2025-02-13,15770,16870,15740,16460,117063,0.034569453174104314
2025-02-14,16360,16740,16170,16170,74444,-0.01761846901579589
2025-02-17,16170,17110,16140,17110,111120,0.058132343846629464
2025-02-18,16860,17400,16780,16900,57172,-0.012273524254821755
2025-02-19,17220,17520,17010,17010,86254,0.0065088757396449815
2025-02-20,17480,17480,16450,16630,52106,-0.022339800117577857
2025-02-21,16630,16800,16220,16660,15216,0.0018039687312085828
2025-02-24,16460,17040,16000,16560,65865,-0.00600240096038418
2025-02-25,16420,16540,15910,16390,49874,-0.010265700483091833
2025-02-26,16390,16390,15820,15960,34428,-0.02623550945698594
2025-02-27,16010,16300,15120,15220,89630,-0.04636591478696739
2025-02-28,14900,14950,14520,14570,70066,-0.04270696452036793
2025-03-04,14490,14780,14060,14650,36405,0.005490734385724005
2025-03-05,14620,15150,14600,15140,22081,0.03344709897610931
2025-03-06,15120,15120,14390,14410,40153,-0.048216644649933915
2025-03-07,14480,15220,14390,14620,39981,0.014573213046495503
2025-03-10,14510,14830,14230,14240,30715,-0.025991792065663488
2025-03-11,14050,14740,13710,14640,55171,0.028089887640449396
2025-03-12,14750,15670,14750,15230,58880,0.04030054644808745
2025-03-13,15300,15990,15300,15710,70700,0.0315167432698622
2025-03-14,15820,16370,15670,16140,54900,0.027371101209420656
2025-03-17,16100,16950,15990,16700,112551,0.03469640644361838
2025-03-18,16650,16730,15920,16160,58940,-0.03233532934131733
2025-03-19,16030,16680,16030,16340,47520,0.011138613861386037
2025-03-20,16320,16450,16060,16400,36174,0.003671970624234966
2025-03-21,16540,18340,16540,18050,404535,0.10060975609756095
2025-03-24,18050,18600,17450,18050,166363,0.0
2025-03-25,17800,18440,17370,17470,81922,-0.03213296398891963
2025-03-26,17470,17830,17090,17590,58031,0.006868918145392033
2025-03-27,17570,17570,16990,17140,33567,-0.02558271745309837
2025-03-28,17160,17160,16250,16470,49773,-0.03908984830805129
2025-03-31,16300,16300,15660,15720,48458,-0.04553734061930781
2025-04-01,15990,16490,15840,16310,28465,0.03753180661577615
2025-04-02,16320,16650,15930,16320,28153,0.0006131207847945852
2025-04-03,16100,16230,15900,15940,43732,-0.023284313725490224
2025-04-04,15670,16430,15320,15650,84294,-0.018193224592220836
2025-04-07,14990,15280,14220,14310,57800,-0.08562300319488814
2025-04-08,14680,14960,14300,14470,24145,0.011180992313067684
2025-04-09,14600,14880,14250,14470,39099,0.0
2025-04-10,15500,15950,15210,15410,34273,0.06496199032480998
2025-04-11,15480,15970,15070,15720,23978,0.020116807268007797
2025-04-14,16000,16570,15900,16380,47222,0.041984732824427384
2025-04-15,16300,16620,16150,16500,38652,0.0073260073260073
2025-04-16,16380,16650,16040,16450,28091,-0.00303030303030305
2025-04-17,16160,16690,16160,16690,26285,0.014589665653495398
2025-04-18,17280,17280,16100,16740,67010,0.002995805871779611
2025-04-21,17050,17260,16620,16950,52599,0.012544802867383575
2025-04-22,16670,17010,16510,16600,17681,-0.020648967551622377
2025-04-23,16870,16950,16340,16950,31448,0.02108433734939763
2025-04-24,16830,17140,16510,17140,34975,0.011209439528023557
2025-04-25,17020,17150,16470,16830,78648,-0.01808634772462081
2025-04-28,16680,16690,15650,16100,113524,-0.04337492572786694
2025-04-29,16140,16160,15680,16000,78178,-0.006211180124223614
2025-04-30,15950,16070,15260,15790,105429,-0.013125000000000053
2025-05-02,15900,15900,15420,15690,99518,-0.0063331222292589695
2025-05-07,15690,16850,15690,16670,102441,0.06246016571064361
2025-05-08,16660,17450,16660,17010,67604,0.020395920815836854
2025-05-09,17100,17320,16670,17260,45278,0.014697236919459122
2025-05-12,17270,18200,17050,18000,103115,0.042873696407879525
2025-05-13,18010,18900,17710,18150,186226,0.008333333333333304
2025-05-14,18340,18720,18250,18290,75473,0.007713498622589521
2025-05-15,18290,18350,17440,17750,79290,-0.02952433023510115
2025-05-16,17620,18100,17300,18000,42466,0.014084507042253502
2025-05-19,17850,18150,17480,18020,32683,0.0011111111111110628
2025-05-20,18430,18480,17710,17720,35154,-0.01664816870144281
2025-05-21,17700,17910,17010,17130,60859,-0.033295711060948086
2025-05-22,17100,17100,16570,16780,43504,-0.020431990659661392
2025-05-23,16940,16940,16520,16530,25379,-0.014898688915375491
2025-05-26,16600,19000,16450,16550,204607,0.001209921355111998
2025-05-27,16550,17060,16300,16830,51664,0.016918429003021096
2025-05-28,17220,17220,16650,16720,42402,-0.006535947712418277
2025-05-29,16740,17240,16540,16560,58447,-0.009569377990430672
2025-05-30,16700,16700,16130,16320,37214,-0.01449275362318836
2025-06-02,16260,16670,16210,16350,38301,0.0018382352941177516
2025-06-04,16360,17200,16360,17080,36284,0.04464831804281344
2025-06-05,17080,17780,16980,17370,38854,0.01697892271662771
2025-06-09,17490,17590,17290,17400,32241,0.0017271157167531026
2025-06-10,17460,17500,17120,17380,45628,-0.0011494252873562871
2025-06-11,17460,18220,17380,17900,42998,0.029919447640966546
2025-06-12,17900,18000,17420,17720,43855,-0.010055865921787754
2025-06-13,17730,17730,16900,17290,60993,-0.024266365688487612
2025-06-16,17220,17220,16850,17030,36286,-0.015037593984962405
2025-06-17,17000,18090,16860,17630,68069,0.03523194362889015
2025-06-18,17630,17890,17520,17810,33228,0.010209869540555916
2025-06-19,18000,18000,17350,17870,58289,0.003368893879842849
2025-06-20,17870,17940,17500,17820,38486,-0.002797985450475604
2025-06-23,17820,17820,16990,17530,61764,-0.016273849607182922
2025-06-24,17540,18380,17540,18130,60177,0.03422703936109528
2025-06-25,18440,18650,18010,18370,67404,0.013237727523441878
2025-06-26,18600,18640,17870,18150,48392,-0.0119760479041916
2025-06-27,18170,18590,18020,18190,55829,0.002203856749311228
2025-06-30,18440,18530,18210,18400,36179,0.011544804837823053
2025-07-01,18400,18400,17840,17870,32619,-0.028804347826086985
2025-07-02,17920,17990,17100,17270,46597,-0.033575825405707915
2025-07-03,17320,17730,17100,17420,159697,0.008685581933989495
2025-07-04,17500,18560,17460,18260,107462,0.048220436280137724
2025-07-07,18260,19550,17940,19180,213444,0.050383351588170866
2025-07-08,19300,19560,18600,18910,57456,-0.014077163712200247
2025-07-09,18750,19190,18360,19170,53437,0.0137493389740877
2025-07-10,19120,19300,18800,18810,48194,-0.018779342723004744
2025-07-11,18890,18950,18330,18380,58597,-0.02286018075491758
2025-07-14,18380,18800,18120,18300,22129,-0.0043525571273123065
2025-07-15,18300,18480,17610,18350,61801,0.002732240437158362
2025-07-16,18390,19400,18090,19000,69946,0.03542234332425065
2025-07-17,18900,18900,18060,18670,79153,-0.01736842105263159
2025-07-18,18670,18740,18050,18050,56215,-0.03320835565077662
2025-07-21,18050,18550,17950,18450,34580,0.02216066481994461
2025-07-22,18440,18630,17700,17830,48158,-0.03360433604336044
2025-07-23,17830,18230,17620,18160,31838,0.01850813236118909
2025-07-24,18250,18250,17520,17550,79580,-0.033590308370044064
2025-07-25,17550,18090,17520,17700,24111,0.008547008547008517
2025-07-28,17930,18090,17470,17860,23017,0.009039548022598876
2025-07-29,17860,18400,17430,18070,43852,0.011758118701007847
2025-07-30,18170,18550,17820,18070,39008,0.0
2025-07-31,18180,18180,17580,17800,39045,-0.014941892639734333
2025-08-01,17570,17570,16610,16750,74577,-0.0589887640449438
2025-08-04,16700,17380,16450,17250,51473,0.029850746268656803
2025-08-05,17250,17630,17020,17500,31899,0.01449275362318847
2025-08-06,17500,17640,17060,17510,24743,0.0005714285714286671
2025-08-07,17640,18440,17480,18270,55762,0.043403769274700243
2025-08-08,18220,18950,18210,18350,49341,0.004378762999452723
2025-08-11,18350,19190,18260,18940,87677,0.03215258855585823
2025-08-12,19100,19100,18380,18510,30067,-0.022703273495248144
2025-08-13,18700,19060,18520,18820,22522,0.016747703943814196
2025-08-14,18990,18990,17890,17980,44032,-0.04463336875664192
2025-08-18,17940,17940,17160,17400,52034,-0.032258064516129004
2025-08-19,17330,17560,17130,17140,22436,-0.014942528735632177
2025-08-20,17120,17120,16250,16690,50399,-0.026254375729288237
2025-08-21,16690,17080,16360,16990,20838,0.017974835230677
2025-08-22,17000,17100,16570,16730,40319,-0.01530311948204821
2025-08-25,16740,17780,16740,17490,43982,0.04542737597130908
2025-08-26,17490,17730,17250,17500,21809,0.0005717552887363198
2025-08-27,17520,17710,17020,17190,42894,-0.017714285714285682
2025-08-28,17190,17190,16530,16550,90427,-0.0372309482257126
2025-08-29,16680,16940,16390,16530,29717,-0.0012084592145015227
2025-09-01,16520,16520,15930,15930,35099,-0.0362976406533575
2025-09-02,15930,16030,15300,15710,33544,-0.01381042059008164
2025-09-03,15740,16450,15500,16180,46326,0.029917250159134268
2025-09-04,16380,16400,16040,16230,19294,0.0030902348578492056
2025-09-05,16350,16730,16170,16250,24268,0.0012322858903266454
2025-09-08,16250,16500,16180,16240,21514,-0.0006153846153845732
2025-09-09,16300,17220,16300,17180,78656,0.05788177339901468
2025-09-10,17210,17840,17200,17660,99778,0.0279394644935973
2025-09-11,17710,18130,17710,17930,59220,0.01528878822197055
2025-09-12,18470,21350,18110,20850,736016,0.1628555493586168
2025-09-15,21150,22300,20500,21850,289810,0.04796163069544357
2025-09-16,21600,22350,21300,21700,132810,-0.006864988558352381
2025-09-17,21100,22350,20950,22150,111436,0.02073732718894017
2025-09-18,22400,24350,22000,23750,340405,0.07223476297968401
2025-09-19,23900,24200,23250,23500,103069,-0.010526315789473717
2025-09-22,24000,24650,23000,24200,136244,0.029787234042553123
2025-09-23,24250,24900,23500,24650,136457,0.018595041322314154
2025-09-24,24600,27000,24300,26600,428222,0.07910750507099396
2025-09-25,28050,29850,27050,28950,902552,0.08834586466165417
2025-09-26,28850,29150,27250,27700,257029,-0.04317789291882557
2025-09-29,27750,29250,27300,28600,320845,0.032490974729241895
2025-09-30,29150,29150,27650,27700,149470,-0.03146853146853146
2025-10-01,28300,28900,27950,28200,131283,0.018050541516245522
2025-10-02,29100,29700,28100,28800,430871,0.02127659574468077
2025-10-10,30000,32600,28550,29450,335880,0.02256944444444442
2025-10-13,28550,29300,27500,28050,262842,-0.04753820033955858
2025-10-14,28900,29300,26550,27300,268980,-0.0267379679144385
2025-10-15,27400,28250,26750,27950,203738,0.023809523809523725
2025-10-16,27500,28000,26700,26850,182958,-0.03935599284436497
2025-10-17,26800,27800,26350,27200,202465,0.013035381750465591
2025-10-20,27050,27650,26450,26850,199628,-0.012867647058823484
2025-10-21,26900,27000,25200,25250,271489,-0.059590316573556845
2025-10-22,25250,25300,24350,24950,140430,-0.011881188118811892
2025-10-23,24500,26300,24100,25950,214078,0.04008016032064132
2025-10-24,27150,27150,25800,25850,175126,-0.003853564547206201
2025-10-27,26250,26500,25450,26100,139984,0.009671179883945946
2025-10-28,25900,26050,24900,25150,217002,-0.036398467432950166
2025-10-29,25700,26650,25150,26050,177094,0.035785288270377746
2025-10-30,26100,26100,25000,26000,130542,-0.0019193857965451588
2025-10-31,26000,26450,25600,26050,126807,0.0019230769230769162
2025-11-03,26300,26900,25550,26750,345958,0.026871401151631558
