Date,Open,High,Low,Close,Volume,Change
2022-01-03,2940,2996,2913,2996,236113,0.018701122067324105
2022-01-04,3032,3032,2904,2941,383604,-0.01835781041388518
2022-01-05,2940,2963,2899,2909,207725,-0.01088065283917039
2022-01-06,2908,2963,2858,2941,275281,0.011000343760742437
2022-01-07,3005,3005,2927,2959,229402,0.006120367222033352
2022-01-10,2959,2973,2858,2886,258932,-0.024670496789455876
2022-01-11,2885,2899,2812,2849,210768,-0.012820512820512775
2022-01-12,2849,2913,2849,2900,128818,0.017901017901017946
2022-01-13,2894,2986,2881,2923,343982,0.007931034482758559
2022-01-14,2977,2986,2913,2936,250495,0.00444748546014373
2022-01-17,2936,2936,2839,2872,200430,-0.021798365122615793
2022-01-18,2871,2885,2798,2798,223043,-0.025766016713091977
2022-01-19,2775,2812,2766,2803,200361,0.0017869907076484282
2022-01-20,2803,2876,2793,2877,142768,0.02640028540849082
2022-01-21,2867,2867,2807,2844,150048,-0.01147028154327423
2022-01-24,2844,2844,2747,2762,210378,-0.028832630098452938
2022-01-25,2761,2770,2646,2665,366784,-0.0351194786386676
2022-01-26,2619,2747,2619,2711,219379,0.017260787992495308
2022-01-27,2711,2711,2577,2633,297633,-0.028771670970121677
2022-01-28,2637,2766,2637,2757,251481,0.04709456893277619
2022-02-03,2775,2881,2775,2835,356999,0.028291621327529937
2022-02-04,2826,3372,2798,3083,2075076,0.0874779541446209
2022-02-07,3087,3216,3037,3171,1672456,0.028543626337982575
2022-02-08,3230,3285,3133,3189,1489224,0.0056764427625355385
2022-02-09,3216,3322,3202,3267,1088535,0.024459078080903085
2022-02-10,3326,3331,3143,3230,635153,-0.011325374961738577
2022-02-11,3143,3299,3138,3217,672422,-0.004024767801857565
2022-02-14,3124,3175,3055,3129,644732,-0.0273546782716817
2022-02-15,3129,3175,3000,3047,394718,-0.02620645573665703
2022-02-16,3161,3216,3101,3198,507947,0.049556941253692255
2022-02-17,3198,3331,3097,3235,1468059,0.011569731081926271
2022-02-18,3138,3271,3129,3198,669883,-0.011437403400309076
2022-02-21,3161,3230,3106,3212,393526,0.004377736085053208
2022-02-22,3147,3262,3106,3175,826068,-0.011519302615193072
2022-02-23,2917,3110,2784,3060,4159031,-0.03622047244094484
2022-02-24,3019,3046,2922,2973,989167,-0.028431372549019618
2022-02-25,3014,3097,3009,3093,511699,0.04036326942482349
2022-02-28,3133,3271,3074,3263,1122393,0.0549628192693179
2022-03-02,3280,3280,3166,3203,778378,-0.018387986515476573
2022-03-03,3216,3253,3189,3235,544105,0.009990633780830427
2022-03-04,3202,3253,3175,3175,478548,-0.018547140649149974
2022-03-07,3106,3110,3032,3051,515576,-0.03905511811023621
2022-03-08,2959,3009,2927,2987,654496,-0.020976728941330736
2022-03-10,3078,3193,3042,3134,558082,0.04921325744894545
2022-03-11,3133,3395,3133,3396,2593904,0.0835992342054881
2022-03-14,3395,3405,3193,3235,1524180,-0.047408716136631335
2022-03-15,3270,3675,3270,3340,1991057,0.032457496136012454
2022-03-16,3615,3830,3375,3415,3584228,0.022455089820359264
2022-03-17,3465,3560,3405,3460,1032480,0.013177159590043841
2022-03-18,3480,3510,3430,3460,709511,0.0
2022-03-21,3520,3575,3465,3485,937699,0.007225433526011571
2022-03-22,3445,3465,3350,3465,552672,-0.0057388809182209455
2022-03-23,3515,3515,3410,3420,548784,-0.012987012987012991
2022-03-24,3355,3490,3350,3410,585937,-0.0029239766081871066
2022-03-25,3420,3435,3345,3360,417429,-0.014662756598240456
2022-03-28,3390,3400,3300,3315,583828,-0.013392857142857095
2022-03-29,3350,3395,3280,3370,743441,0.016591251885369473
2022-03-30,3450,3485,3370,3390,1399222,0.005934718100890191
2022-03-31,3370,3375,3280,3285,1000163,-0.030973451327433676
2022-04-01,3290,3395,3285,3330,1614770,0.013698630136986356
2022-04-04,3380,3515,3360,3515,2945489,0.05555555555555558
2022-04-05,3520,3525,3380,3500,2216634,-0.004267425320056861
2022-04-06,3495,3595,3445,3575,1909073,0.021428571428571352
2022-04-07,3590,3595,3500,3590,1411372,0.00419580419580412
2022-04-08,3585,3585,3350,3475,1312361,-0.03203342618384397
2022-04-11,3500,3500,3405,3425,461674,-0.014388489208633115
2022-04-12,3415,3420,3330,3360,531981,-0.01897810218978102
2022-04-13,3350,3400,3315,3390,524117,0.008928571428571397
2022-04-14,3515,3525,3450,3500,1769563,0.032448377581120846
2022-04-15,3500,3525,3445,3455,839921,-0.0128571428571429
2022-04-18,3500,3525,3425,3430,779392,-0.00723589001447178
2022-04-19,3430,3445,3360,3405,613631,-0.007288629737609353
2022-04-20,3440,3460,3360,3380,572360,-0.007342143906020504
2022-04-21,3435,3435,3345,3370,350114,-0.00295857988165682
2022-04-22,3350,3395,3350,3375,321996,0.0014836795252226587
2022-04-25,3305,3330,3240,3250,575713,-0.03703703703703709
2022-04-26,3250,3285,3245,3270,253237,0.006153846153846176
2022-04-27,3190,3280,3120,3200,372685,-0.021406727828746197
2022-04-28,3215,3270,3180,3265,277505,0.020312499999999956
2022-04-29,3285,3380,3250,3365,486371,0.030627871362940207
2022-05-02,3360,3360,3285,3305,234017,-0.017830609212481474
2022-05-03,3310,3320,3275,3295,244357,-0.00302571860816947
2022-05-04,3290,3295,3190,3210,530915,-0.025796661608497695
2022-05-06,3170,3225,3140,3210,218927,0.0
2022-05-09,3230,3230,3100,3100,267492,-0.034267912772585674
2022-05-10,2865,2880,2660,2715,4238681,-0.12419354838709673
2022-05-11,2750,2780,2695,2745,729320,0.011049723756906049
2022-05-12,2710,2810,2605,2685,1458660,-0.021857923497267784
2022-05-13,2655,2705,2655,2700,530677,0.005586592178770999
2022-05-16,2755,2765,2685,2695,504962,-0.0018518518518518823
2022-05-17,2680,2730,2675,2715,498911,0.007421150278293043
2022-05-18,2730,2765,2700,2730,633642,0.005524861878453136
2022-05-19,2625,2695,2625,2655,707174,-0.027472527472527486
2022-05-20,2655,2670,2580,2630,695048,-0.00941619585687381
2022-05-23,2625,2630,2560,2590,771788,-0.01520912547528519
2022-05-24,2600,2640,2590,2600,464052,0.0038610038610038533
2022-05-25,2600,2635,2500,2515,1267466,-0.03269230769230769
2022-05-26,2520,2565,2505,2525,581918,0.003976143141153132
2022-05-27,2550,2680,2550,2670,1458913,0.05742574257425748
2022-05-30,2690,2765,2675,2740,931495,0.02621722846441954
2022-05-31,2795,2795,2695,2725,631862,-0.005474452554744547
2022-06-02,2725,2730,2685,2700,400320,-0.00917431192660545
2022-06-03,2755,2765,2725,2760,725980,0.022222222222222143
2022-06-07,2810,2820,2690,2715,725438,-0.016304347826086918
2022-06-08,2750,2750,2615,2640,833246,-0.027624309392265234
2022-06-09,2600,2620,2580,2595,512823,-0.017045454545454586
2022-06-10,2585,2585,2540,2570,414581,-0.009633911368015391
2022-06-13,2530,2530,2365,2390,1846592,-0.07003891050583655
2022-06-14,2305,2385,2255,2350,817861,-0.01673640167364021
2022-06-15,2350,2355,2210,2220,786051,-0.05531914893617018
2022-06-16,2290,2340,2230,2260,547677,0.018018018018018056
2022-06-17,2145,2230,2105,2215,701378,-0.019911504424778736
2022-06-20,2235,2250,2035,2070,830730,-0.06546275395033863
2022-06-21,2130,2145,2030,2140,414452,0.033816425120772875
2022-06-22,2145,2145,2010,2050,512477,-0.04205607476635509
2022-06-23,2045,2065,1900,1935,1152706,-0.056097560975609806
2022-06-24,1865,1990,1865,1965,777787,0.015503875968992276
2022-06-27,2050,2110,1985,2075,939400,0.05597964376590325
2022-06-28,2045,2075,2000,2035,546580,-0.01927710843373498
2022-06-29,2005,2045,1980,2035,417717,0.0
2022-06-30,2040,2040,1970,1985,431377,-0.02457002457002455
2022-07-01,1985,2010,1915,1940,467963,-0.02267002518891692
2022-07-04,1945,1960,1885,1915,430984,-0.012886597938144284
2022-07-05,1915,1960,1900,1940,331291,0.01305483028720622
2022-07-06,1980,2020,1940,1985,724768,0.02319587628865971
2022-07-07,1965,2000,1960,1995,252084,0.005037783375314797
2022-07-08,2005,2020,1985,1990,278823,-0.0025062656641604564
2022-07-11,2000,2010,1950,1955,313529,-0.017587939698492483
2022-07-12,1950,1950,1850,1885,489663,-0.03580562659846542
2022-07-13,1935,1975,1890,1915,626170,0.01591511936339529
2022-07-14,1915,2100,1890,2050,1514690,0.07049608355091386
2022-07-15,2045,2050,1955,1975,468696,-0.03658536585365857
2022-07-18,1985,2005,1965,1995,298142,0.010126582278481067
2022-07-19,1985,1990,1960,1975,342800,-0.010025062656641603
2022-07-20,2005,2020,1980,1980,321849,0.0025316455696202667
2022-07-21,2010,2010,1980,1980,186527,0.0
2022-07-22,2020,2020,1975,1980,330941,0.0
2022-07-25,1985,1990,1960,1980,169652,0.0
2022-07-26,1985,1990,1975,1990,170354,0.005050505050504972
2022-07-27,1990,2000,1970,1985,175612,-0.002512562814070307
2022-07-28,2000,2000,1950,1960,476755,-0.012594458438287104
2022-07-29,1965,1995,1955,1980,174716,0.010204081632652962
2022-08-01,1990,2015,1970,2005,405144,0.012626262626262541
2022-08-02,1990,2000,1970,1985,191646,-0.009975062344139696
2022-08-03,2000,2010,1980,2005,261039,0.010075566750629816
2022-08-04,2015,2055,2010,2055,601357,0.02493765586034913
2022-08-05,2090,2150,2045,2045,606685,-0.0048661800486617945
2022-08-08,2045,2045,2010,2020,157559,-0.012224938875305624
2022-08-09,2040,2040,1990,2030,225677,0.004950495049504955
2022-08-10,2040,2040,2000,2005,166896,-0.012315270935960632
2022-08-11,2030,2050,2010,2045,289131,0.01995012468827939
2022-08-12,2075,2075,2035,2060,280120,0.007334963325183352
2022-08-16,2080,2130,2070,2115,628339,0.02669902912621369
2022-08-17,2175,2180,2095,2095,587316,-0.009456264775413725
2022-08-18,2070,2100,2040,2085,266589,-0.004773269689737458
2022-08-19,2085,2085,2030,2040,294548,-0.021582733812949617
2022-08-22,2020,2025,1975,2000,318757,-0.019607843137254943
2022-08-23,1995,1995,1940,1965,301666,-0.01749999999999996
2022-08-24,1965,2060,1955,2040,644729,0.03816793893129766
2022-08-25,2060,2080,2040,2060,310992,0.009803921568627416
2022-08-26,2060,2085,2015,2030,259099,-0.014563106796116498
2022-08-29,1980,1990,1940,1975,394388,-0.027093596059113323
2022-08-30,1975,2010,1970,2005,199375,0.0151898734177216
2022-08-31,2005,2165,1985,2065,875382,0.029925187032418865
2022-09-01,2055,2135,2020,2045,654745,-0.009685230024213065
2022-09-02,2075,2090,2025,2045,341606,0.0
2022-09-05,1990,2045,1940,1970,497621,-0.03667481662591687
2022-09-06,1970,2005,1925,1965,481218,-0.0025380710659898
2022-09-07,1970,1970,1905,1940,328254,-0.012722646310432517
2022-09-08,1960,1975,1875,1890,984020,-0.02577319587628868
2022-09-13,1920,1955,1895,1945,395374,0.02910052910052907
2022-09-14,1845,1940,1845,1935,400040,-0.005141388174807249
2022-09-15,1935,1965,1915,1940,377452,0.0025839793281654533
2022-09-16,1945,1945,1890,1925,246591,-0.0077319587628865705
2022-09-19,1935,1950,1880,1900,273358,-0.012987012987012991
2022-09-20,1925,1955,1910,1950,344725,0.026315789473684292
2022-09-21,1950,1975,1925,1955,412948,0.002564102564102555
2022-09-22,1935,1940,1890,1905,396416,-0.025575447570332477
2022-09-23,1920,1920,1845,1855,513324,-0.026246719160105014
2022-09-26,1850,1900,1805,1810,485770,-0.02425876010781669
2022-09-27,1810,2035,1780,1880,1930334,0.03867403314917128
2022-09-28,1885,1895,1760,1785,767651,-0.05053191489361697
2022-09-29,1800,1835,1740,1745,535489,-0.022408963585434205
2022-09-30,1685,1750,1680,1715,459272,-0.017191977077363862
2022-10-04,1725,1745,1625,1625,1155646,-0.05247813411078717
2022-10-05,1625,1655,1545,1570,898248,-0.03384615384615386
2022-10-06,1570,1605,1570,1605,258130,0.022292993630573354
2022-10-07,1605,1650,1550,1615,326448,0.006230529595015577
2022-10-11,1610,1610,1550,1555,243435,-0.037151702786377694
2022-10-12,1570,1600,1540,1580,294948,0.016077170418006492
2022-10-13,1580,1580,1510,1510,339867,-0.044303797468354444
2022-10-14,1555,1630,1530,1575,623894,0.04304635761589415
2022-10-17,1565,1615,1535,1590,229356,0.00952380952380949
2022-10-18,1605,1635,1575,1610,287889,0.012578616352201255
2022-10-19,1635,1635,1590,1590,270411,-0.012422360248447228
2022-10-20,1625,1625,1555,1570,171747,-0.012578616352201255
2022-10-21,1570,1585,1540,1560,233582,-0.006369426751592355
2022-10-24,1565,1590,1550,1560,323228,0.0
2022-10-25,1550,1570,1545,1545,159939,-0.009615384615384581
2022-10-26,1550,1580,1545,1545,133072,0.0
2022-10-27,1550,1570,1535,1545,137956,0.0
2022-10-28,1545,1565,1540,1545,114232,0.0
2022-10-31,1555,1560,1535,1550,221257,0.003236245954692629
2022-11-01,1550,1590,1535,1575,281840,0.016129032258064502
2022-11-02,1580,1590,1560,1570,180316,-0.0031746031746031633
2022-11-03,1535,1585,1525,1555,187866,-0.009554140127388533
2022-11-04,1555,1605,1555,1585,225327,0.019292604501607746
2022-11-07,1585,1630,1585,1605,300564,0.012618296529968376
2022-11-08,1615,1655,1600,1650,399573,0.028037383177569986
2022-11-09,1670,1725,1660,1680,569650,0.018181818181818077
2022-11-10,1645,1715,1645,1690,308393,0.005952380952380931
2022-11-11,1745,1810,1720,1805,813994,0.06804733727810652
2022-11-14,1810,1860,1800,1815,501363,0.005540166204986097
2022-11-15,1785,1800,1715,1790,538598,-0.01377410468319562
2022-11-16,1780,1885,1775,1880,1143600,0.05027932960893855
2022-11-17,1880,1955,1870,1930,876803,0.02659574468085113
2022-11-18,1940,2095,1895,1910,2176992,-0.010362694300518172
2022-11-21,1910,1945,1835,1865,448892,-0.023560209424083767
2022-11-22,1865,1870,1760,1795,467053,-0.03753351206434319
2022-11-23,1820,1830,1790,1795,173700,0.0
2022-11-24,1805,1850,1805,1850,132620,0.03064066852367686
2022-11-25,1835,1880,1835,1870,175181,0.0108108108108107
2022-11-28,1870,1875,1805,1805,140579,-0.03475935828877008
2022-11-29,1810,1905,1790,1845,432295,0.02216066481994461
2022-11-30,1845,1875,1835,1845,211615,0.0
2022-12-01,1860,1950,1855,1920,591573,0.04065040650406515
2022-12-02,1930,1965,1910,1915,312651,-0.0026041666666666297
2022-12-05,1915,2010,1910,2000,729461,0.044386422976501416
2022-12-06,2000,2020,1965,1965,285087,-0.01749999999999996
2022-12-07,1965,2040,1900,2010,700694,0.022900763358778553
2022-12-08,2015,2030,1940,1995,335986,-0.007462686567164201
2022-12-09,1995,1995,1910,1985,417194,-0.005012531328320802
2022-12-12,1985,2000,1950,1965,285625,-0.010075566750629705
2022-12-13,1970,1990,1955,1975,212779,0.0050890585241729624
2022-12-14,1960,1975,1950,1955,217585,-0.010126582278481067
2022-12-15,1940,1970,1935,1960,236663,0.002557544757033181
2022-12-16,1935,1960,1900,1950,234188,-0.005102040816326481
2022-12-19,1925,2165,1900,2105,2269232,0.07948717948717943
2022-12-20,2115,2165,2065,2085,1006663,-0.009501187648456089
2022-12-21,2090,2105,2025,2080,442237,-0.0023980815347721673
2022-12-22,2080,2325,2080,2285,3718148,0.09855769230769229
2022-12-23,2280,2475,2255,2390,3816038,0.045951859956236296
2022-12-26,2400,2545,2340,2475,2969794,0.03556485355648542
2022-12-27,2515,2695,2475,2610,3807219,0.05454545454545445
2022-12-28,2605,2650,2530,2590,2023777,-0.007662835249042099
2022-12-29,2540,2560,2400,2475,1687028,-0.044401544401544424
2023-01-02,2450,2520,2210,2440,1874969,-0.014141414141414121
2023-01-03,2440,2580,2330,2540,1946841,0.040983606557376984
2023-01-04,2530,2700,2480,2540,4204978,0.0
2023-01-05,2600,2650,2520,2600,1571812,0.023622047244094446
2023-01-06,2590,2700,2550,2700,2266056,0.03846153846153855
2023-01-09,2715,2875,2655,2835,2772478,0.050000000000000044
2023-01-10,2890,2900,2685,2775,2274721,-0.021164021164021163
2023-01-11,2780,2855,2765,2815,1132686,0.01441441441441449
2023-01-12,2850,2850,2655,2685,1595580,-0.04618117229129659
2023-01-13,2720,2850,2690,2730,2152530,0.016759776536312776
2023-01-16,2750,2800,2725,2775,1049890,0.016483516483516425
2023-01-17,2780,2845,2725,2845,1382626,0.02522522522522519
2023-01-18,2855,3070,2830,3040,5133128,0.06854130052724083
2023-01-19,3045,3135,2950,2995,3005087,-0.014802631578947345
2023-01-20,3005,3195,2955,3155,3587301,0.05342237061769617
2023-01-25,3210,3225,3055,3095,2184637,-0.019017432646592725
2023-01-26,3095,3160,3010,3050,1713405,-0.014539579967689842
2023-01-27,3055,3210,2965,3200,3105713,0.049180327868852514
2023-01-30,3245,3450,3235,3395,4922372,0.06093750000000009
2023-01-31,3280,3445,3260,3400,2989325,0.0014727540500736325
2023-02-01,3380,3420,3235,3310,2760144,-0.026470588235294135
2023-02-02,3340,3370,3260,3345,887761,0.010574018126888296
2023-02-03,3320,3340,3205,3290,1521121,-0.01644245142002987
2023-02-06,3270,3280,3115,3215,2978759,-0.022796352583586588
2023-02-07,3195,3250,3155,3230,581669,0.004665629860031162
2023-02-08,3225,3235,3075,3095,2575738,-0.04179566563467496
2023-02-09,3045,3145,3000,3030,1698360,-0.021001615508885352
2023-02-10,3040,3225,2995,3035,3513248,0.0016501650165017256
2023-02-13,3040,3090,2840,2955,2784516,-0.02635914332784184
2023-02-14,3000,3130,2940,3075,1846952,0.04060913705583746
2023-02-15,3110,3200,3035,3090,2101440,0.004878048780487809
2023-02-16,3155,3215,3090,3140,1948774,0.016181229773462702
2023-02-17,3140,3190,3085,3115,830414,-0.0079617834394905
2023-02-20,3115,3165,3055,3105,995272,-0.0032102728731941976
2023-02-21,3095,3140,2980,3100,1440083,-0.0016103059581320522
2023-02-22,3035,3080,3000,3025,969699,-0.024193548387096753
2023-02-23,3040,3275,3025,3240,3405384,0.07107438016528933
2023-02-24,3220,3265,3185,3190,1158255,-0.015432098765432056
2023-02-27,3145,3240,3060,3225,1088509,0.01097178683385569
2023-02-28,3230,3285,3225,3245,1085614,0.006201550387596955
2023-03-02,3255,3330,3160,3275,1929276,0.009244992295839749
2023-03-03,3320,3370,3245,3285,2173548,0.003053435114503733
2023-03-06,3300,3500,3245,3495,3776070,0.06392694063926951
2023-03-07,3490,3500,3370,3425,1735443,-0.02002861230329045
2023-03-08,3390,3500,3330,3395,1398632,-0.008759124087591275
2023-03-09,3405,3435,3360,3400,1005411,0.0014727540500736325
2023-03-10,3360,3380,3220,3270,1454917,-0.038235294117647034
2023-03-13,3180,3235,3055,3105,2477269,-0.050458715596330306
2023-03-14,3105,3110,2940,2970,2082711,-0.04347826086956519
2023-03-15,3050,3110,2950,2965,1496629,-0.0016835016835017313
2023-03-16,2900,2975,2825,2940,1447037,-0.00843170320404718
2023-03-17,3000,3145,2945,3090,1650074,0.05102040816326525
2023-03-20,3075,3165,3045,3060,941043,-0.009708737864077666
2023-03-21,3130,3235,3005,3205,1690756,0.04738562091503273
2023-03-22,3240,3350,3200,3210,1970796,0.0015600624024960652
2023-03-23,3220,3340,3155,3280,1738168,0.02180685358255441
2023-03-24,3280,3350,3245,3295,1076497,0.004573170731707377
2023-03-27,3275,3315,3205,3260,895353,-0.01062215477996964
2023-03-28,3260,3380,3255,3335,982349,0.02300613496932513
2023-03-29,3390,3665,3380,3585,7588245,0.07496251874062976
2023-03-30,3585,3680,3540,3595,1950072,0.002789400278939924
2023-03-31,3605,3655,3560,3585,1602931,-0.0027816411682892728
2023-04-03,3600,3680,3425,3500,1888203,-0.023709902370990243
2023-04-04,3460,3480,3330,3415,1706726,-0.024285714285714244
2023-04-05,3360,3430,3305,3350,1117522,-0.019033674963396807
2023-04-06,3340,3340,3230,3260,1377064,-0.0268656716417911
2023-04-07,3270,3305,3190,3235,1070776,-0.0076687116564416735
2023-04-10,3240,3240,3120,3180,1687666,-0.01700154559505407
2023-04-11,3180,3235,3100,3200,1368114,0.0062893081761006275
2023-04-12,3235,3245,3130,3205,1271826,0.0015624999999999112
2023-04-13,3185,3195,3070,3185,1858952,-0.006240249609984372
2023-04-14,3230,3430,3150,3340,2351705,0.04866562009419151
2023-04-17,3340,3490,3295,3460,1580453,0.03592814371257491
2023-04-18,3505,3550,3430,3540,2015534,0.023121387283236983
2023-04-19,3550,3590,3480,3540,1578334,0.0
2023-04-20,3620,3800,3565,3650,5531510,0.031073446327683607
2023-04-21,3615,3755,3430,3645,2995813,-0.00136986301369868
2023-04-24,3695,3710,3325,3365,4739117,-0.0768175582990398
2023-04-25,3405,3450,3150,3180,3601135,-0.054977711738484425
2023-04-26,3180,3315,3180,3195,1843395,0.004716981132075526
2023-04-27,3265,3340,3190,3285,1068401,0.028169014084507005
2023-04-28,3350,3355,3110,3135,1761788,-0.045662100456621
2023-05-02,3185,3190,3120,3160,783850,0.00797448165869219
2023-05-03,3155,3200,3090,3115,1155886,-0.014240506329113889
2023-05-04,3120,3160,3105,3125,723588,0.0032102728731941976
2023-05-08,3125,3205,3115,3125,907608,0.0
2023-05-09,3135,3145,3015,3050,908675,-0.02400000000000002
2023-05-10,3105,3115,2985,3040,944738,-0.003278688524590123
2023-05-11,3075,3095,3040,3055,510306,0.004934210526315708
2023-05-12,3050,3085,2965,2995,1387216,-0.019639934533551506
2023-05-15,3005,3010,2935,2985,906881,-0.0033388981636059967
2023-05-16,3050,3065,2900,2940,1204636,-0.015075376884422065
2023-05-17,2910,2995,2910,2985,802706,0.015306122448979664
2023-05-18,3040,3040,2985,3000,605665,0.005025125628140614
2023-05-19,3000,3035,2970,2985,641315,-0.0050000000000000044
2023-05-22,2990,3080,2985,3065,747047,0.02680067001675046
2023-05-23,3085,3090,3015,3040,533416,-0.00815660685154973
2023-05-24,3020,3035,2990,3005,522878,-0.011513157894736836
2023-05-25,3005,3020,2975,2990,419408,-0.004991680532445919
2023-05-26,2990,3010,2915,2955,607700,-0.01170568561872909
2023-05-30,2960,2980,2880,2935,879722,-0.006768189509306244
2023-05-31,2950,3005,2900,3005,1497966,0.023850085178875657
2023-06-01,3050,3050,2935,2935,583868,-0.02329450915141429
2023-06-02,2940,2980,2925,2940,526725,0.0017035775127767216
2023-06-05,2975,2975,2935,2975,510259,0.011904761904761862
2023-06-07,3020,3020,2945,2945,696701,-0.010084033613445342
2023-06-08,2945,2980,2930,2975,464454,0.01018675721561979
2023-06-09,2975,3010,2940,2965,481780,-0.003361344537815114
2023-06-12,2975,3035,2975,2985,1080397,0.006745362563237878
2023-06-13,3030,3250,3025,3250,4359447,0.08877721943048567
2023-06-14,3260,3370,3220,3305,3519899,0.01692307692307682
2023-06-15,3355,3365,3260,3270,1406168,-0.010590015128593033
2023-06-16,3320,3490,3310,3420,4143613,0.04587155963302747
2023-06-19,3495,3550,3395,3530,3641055,0.032163742690058506
2023-06-20,3545,3620,3490,3555,2174918,0.007082152974504208
2023-06-21,3555,3555,3395,3420,1555986,-0.03797468354430378
2023-06-22,3395,3485,3360,3430,1218932,0.0029239766081872176
2023-06-23,3430,3505,3430,3480,960570,0.014577259475218707
2023-06-26,3485,3485,3305,3335,1676419,-0.04166666666666663
2023-06-27,3335,3340,3145,3210,2510985,-0.03748125937031488
2023-06-28,3295,3350,3220,3250,1449565,0.012461059190031154
2023-06-29,3280,3360,3260,3310,1195326,0.01846153846153853
2023-06-30,3290,3335,3200,3255,806765,-0.0166163141993958
2023-07-03,3300,3325,3230,3300,1113369,0.01382488479262678
2023-07-04,3290,3290,3200,3210,1213902,-0.027272727272727226
2023-07-05,3235,3235,3140,3145,1144153,-0.02024922118380057
2023-07-06,3165,3245,3060,3170,1441072,0.007949125596184325
2023-07-07,3120,3170,3050,3095,1241536,-0.023659305993690816
2023-07-10,3125,3200,3070,3090,958149,-0.001615508885298822
2023-07-11,3110,3180,3095,3140,724133,0.016181229773462702
2023-07-12,3205,3300,3155,3250,1899397,0.035031847133758065
2023-07-13,3255,3295,3200,3280,1794405,0.009230769230769154
2023-07-14,3250,3270,3130,3160,1644647,-0.03658536585365857
2023-07-17,3160,3165,3060,3070,1226720,-0.02848101265822789
2023-07-18,3115,3125,2975,3045,1919456,-0.008143322475570036
2023-07-19,3010,3065,2985,3010,1200129,-0.011494252873563204
2023-07-20,3030,3120,2990,3100,1368713,0.029900332225913706
2023-07-21,3135,3135,3025,3060,581422,-0.012903225806451646
2023-07-24,3095,3095,2970,2990,1328409,-0.022875816993464082
2023-07-25,2770,2835,2595,2635,6338995,-0.11872909698996659
2023-07-26,2650,2695,2495,2520,2837466,-0.0436432637571158
2023-07-27,2585,2650,2510,2585,3291220,0.025793650793650702
2023-07-28,2590,2615,2525,2600,1708561,0.005802707930367523
2023-07-31,2625,2625,2550,2600,964537,0.0
2023-08-01,2605,2645,2570,2630,888979,0.011538461538461497
2023-08-02,2630,2635,2555,2560,863946,-0.026615969581749055
2023-08-03,2570,2580,2520,2570,816160,0.00390625
2023-08-04,2570,2615,2535,2605,700992,0.013618677042801508
2023-08-07,2585,2650,2565,2605,695282,0.0
2023-08-08,2590,2620,2525,2570,1168058,-0.013435700575815779
2023-08-09,2575,2595,2530,2590,547979,0.0077821011673151474
2023-08-10,2780,2865,2640,2760,5212042,0.06563706563706573
2023-08-11,2810,2830,2735,2775,1876809,0.005434782608695565
2023-08-14,2800,2970,2780,2870,2872899,0.03423423423423433
2023-08-16,2875,2895,2790,2795,1263861,-0.026132404181184676
2023-08-17,2780,2780,2665,2730,923928,-0.023255813953488413
2023-08-18,2705,2755,2650,2660,789558,-0.02564102564102566
2023-08-21,2660,2695,2610,2630,605235,-0.011278195488721776
2023-08-22,2625,2645,2565,2580,684888,-0.019011406844106515
2023-08-23,2585,2625,2555,2595,367868,0.005813953488372103
2023-08-24,2595,2610,2560,2585,491973,-0.003853564547206201
2023-08-25,2580,2580,2535,2580,440758,-0.0019342359767892114
2023-08-28,2595,2630,2580,2590,512011,0.003875968992248069
2023-08-29,2590,2620,2555,2560,695136,-0.01158301158301156
2023-08-30,2595,2690,2565,2640,923766,0.03125
2023-08-31,2650,2665,2600,2665,507193,0.009469696969697017
2023-09-01,2665,2670,2620,2665,513739,0.0
2023-09-04,2665,2690,2620,2675,576379,0.0037523452157599557
2023-09-05,2675,2720,2655,2705,622441,0.01121495327102795
2023-09-06,2710,2730,2645,2710,732626,0.001848428835489857
2023-09-07,2700,2720,2630,2630,659289,-0.029520295202952074
2023-09-08,2640,2700,2640,2650,222787,0.0076045627376426506
2023-09-11,2650,2650,2625,2635,296600,-0.005660377358490565
2023-09-12,2635,2670,2620,2625,327596,-0.003795066413662229
2023-09-13,2640,2640,2560,2580,546288,-0.017142857142857126
2023-09-14,2580,2595,2560,2575,286372,-0.0019379844961240345
2023-09-15,2580,2600,2500,2505,1568566,-0.027184466019417486
2023-09-18,2510,2510,2395,2395,1316120,-0.043912175648702645
2023-09-19,2400,2410,2265,2345,1191168,-0.02087682672233826
2023-09-20,2330,2355,2285,2355,565612,0.004264392324093924
2023-09-21,2335,2335,2265,2280,571644,-0.031847133757961776
2023-09-22,2260,2325,2240,2310,321890,0.013157894736842035
2023-09-25,2310,2310,2200,2210,664643,-0.04329004329004327
2023-09-26,2205,2310,2205,2280,344521,0.03167420814479649
2023-09-27,2270,2280,2220,2260,222949,-0.00877192982456143
2023-10-04,2260,2265,2120,2165,585861,-0.042035398230088505
2023-10-05,2200,2220,2100,2185,531919,0.009237875288683695
2023-10-06,2185,2270,2185,2240,289055,0.02517162471395884
2023-10-10,2160,2215,2125,2150,479160,-0.0401785714285714
2023-10-11,2155,2200,2145,2160,363794,0.0046511627906977715
2023-10-12,2210,2250,2200,2235,385379,0.03472222222222232
2023-10-13,2195,2230,2160,2160,353827,-0.03355704697986572
2023-10-16,2190,2275,2160,2165,406436,0.0023148148148148806
2023-10-17,2165,2195,2120,2140,458423,-0.011547344110854452
2023-10-18,2140,2145,2060,2090,599214,-0.02336448598130836
2023-10-19,2070,2100,2015,2025,592502,-0.031100478468899517
2023-10-20,2025,2045,1995,2030,383592,0.0024691358024691024
2023-10-23,2020,2070,1984,1995,593599,-0.017241379310344862
2023-10-24,2025,2030,1955,2015,466881,0.010025062656641603
2023-10-25,2040,2130,1999,2110,696330,0.04714640198511155
2023-10-26,2060,2090,2030,2040,325760,-0.033175355450236976
2023-10-27,2120,2125,2060,2085,345894,0.022058823529411686
2023-10-30,2080,2250,2050,2130,573333,0.021582733812949728
2023-10-31,2150,2215,2135,2175,420188,0.021126760563380254
2023-11-01,2185,2190,2115,2140,258378,-0.016091954022988464
2023-11-02,2140,2195,2100,2120,467937,-0.009345794392523366
2023-11-03,2180,2265,2120,2230,936653,0.05188679245283012
2023-11-06,2300,2305,2230,2260,599650,0.013452914798206317
2023-11-07,2260,2260,2205,2235,365144,-0.011061946902654829
2023-11-08,2270,2315,2255,2255,426409,0.008948545861297452
2023-11-09,2270,2375,2250,2310,502075,0.024390243902439046
2023-11-10,2290,2290,2230,2270,347871,-0.017316017316017285
2023-11-13,2260,2275,2200,2200,248834,-0.03083700440528636
2023-11-14,2180,2245,2170,2220,398298,0.009090909090909038
2023-11-15,2255,2305,2255,2275,577222,0.024774774774774855
2023-11-16,2275,2330,2250,2315,544781,0.01758241758241752
2023-11-17,2360,2495,2340,2485,2901080,0.07343412526997839
2023-11-20,2485,2485,2395,2410,986742,-0.030181086519114664
2023-11-21,2415,2415,2300,2340,1066379,-0.02904564315352698
2023-11-22,2305,2325,2275,2275,647188,-0.02777777777777779
2023-11-23,2290,2365,2290,2315,837253,0.01758241758241752
2023-11-24,2340,2345,2300,2300,416396,-0.006479481641468721
2023-11-27,2305,2330,2275,2290,574464,-0.004347826086956497
2023-11-28,2275,2310,2265,2285,461008,-0.0021834061135370675
2023-11-29,2275,2280,2225,2230,647928,-0.024070021881838044
2023-11-30,2215,2250,2165,2245,679938,0.006726457399103047
2023-12-01,2275,2335,2270,2300,794822,0.024498886414253906
2023-12-04,2325,2325,2270,2275,418813,-0.010869565217391353
2023-12-05,2275,2295,2240,2260,459132,-0.00659340659340657
2023-12-06,2260,2260,2210,2235,541987,-0.011061946902654829
2023-12-07,2310,2400,2285,2295,2228965,0.02684563758389258
2023-12-08,2300,2305,2260,2275,638805,-0.008714596949891074
2023-12-11,2275,2295,2255,2270,419834,-0.00219780219780219
2023-12-12,2270,2350,2260,2330,648967,0.026431718061673992
2023-12-13,2380,2405,2310,2330,788010,0.0
2023-12-14,2365,2375,2300,2325,465787,-0.0021459227467811592
2023-12-15,2335,2355,2315,2345,573552,0.008602150537634357
2023-12-18,2340,2340,2300,2300,399969,-0.019189765458422214
2023-12-19,2335,2335,2250,2255,516974,-0.019565217391304346
2023-12-20,2250,2280,2245,2275,378775,0.008869179600886845
2023-12-21,2270,2275,2225,2245,659813,-0.01318681318681314
2023-12-22,2240,2260,2210,2255,470785,0.00445434298440972
2023-12-26,2255,2290,2225,2260,491268,0.0022172949002217113
2023-12-27,2260,2265,2235,2245,333253,-0.006637168141592875
2023-12-28,2250,2395,2250,2390,1149790,0.06458797327394206
2024-01-02,2405,2680,2400,2670,4302671,0.11715481171548126
2024-01-03,2670,2670,2565,2600,1715686,-0.02621722846441943
2024-01-04,2565,2805,2530,2750,4056719,0.05769230769230771
2024-01-05,2745,2825,2715,2735,1376011,-0.00545454545454549
2024-01-08,2755,2860,2685,2800,2089139,0.02376599634369292
2024-01-09,2810,3040,2800,2985,6590150,0.06607142857142856
2024-01-10,3000,3120,2950,3015,2713342,0.01005025125628145
2024-01-11,3000,3000,2910,2945,1760069,-0.023217247097844118
2024-01-12,2945,3020,2840,2995,2037463,0.01697792869269943
2024-01-15,3150,3165,2805,2890,5365181,-0.035058430717863076
2024-01-16,2925,3065,2850,2990,3811109,0.03460207612456756
2024-01-17,2990,3050,2950,2975,2143589,-0.0050167224080267525
2024-01-18,3000,3175,2985,3130,5108042,0.05210084033613449
2024-01-19,3180,3250,3100,3205,3249333,0.023961661341852958
2024-01-22,3180,3225,3050,3150,2394000,-0.01716068642745705
2024-01-23,3110,3190,3070,3110,913817,-0.012698412698412653
2024-01-24,3110,3150,3025,3040,913087,-0.022508038585209
2024-01-25,3050,3170,2970,3150,1637615,0.03618421052631571
2024-01-26,3115,3175,3105,3140,891598,-0.0031746031746031633
2024-01-29,3105,3140,3050,3065,847189,-0.023885350318471388
2024-01-30,3070,3190,3070,3135,2012249,0.022838499184339334
2024-01-31,3105,3145,3070,3105,917061,-0.009569377990430672
2024-02-01,3155,3230,3015,3070,1459050,-0.011272141706924366
2024-02-02,3090,3105,3040,3045,891798,-0.008143322475570036
2024-02-05,3065,3065,2900,2920,1389526,-0.04105090311986859
2024-02-06,2915,2935,2815,2920,1869388,0.0
2024-02-07,2910,2920,2800,2820,1726641,-0.03424657534246578
2024-02-08,2800,2855,2740,2850,887491,0.010638297872340496
2024-02-13,2850,2970,2815,2955,1515369,0.03684210526315779
2024-02-14,3145,3180,2955,3020,5230871,0.021996615905245376
2024-02-15,3095,3095,3025,3060,1232323,0.013245033112582849
2024-02-16,3115,3130,3005,3025,1045693,-0.011437908496731986
2024-02-19,3025,3025,2900,3000,850818,-0.008264462809917328
2024-02-20,3000,3000,2935,2945,770807,-0.018333333333333313
2024-02-21,2945,2945,2875,2910,877321,-0.011884550084889645
2024-02-22,2895,2940,2845,2875,769701,-0.012027491408934665
2024-02-23,2875,2895,2815,2870,853267,-0.0017391304347825765
2024-02-26,2870,2875,2800,2815,584913,-0.019163763066202044
2024-02-27,2815,2830,2765,2790,618869,-0.008880994671403242
2024-02-28,2815,2885,2805,2850,634390,0.021505376344086002
2024-02-29,2850,2850,2770,2820,1029002,-0.010526315789473717
2024-03-04,2785,2830,2635,2660,2705084,-0.05673758865248224
2024-03-05,2680,2725,2645,2725,960312,0.02443609022556381
2024-03-06,2665,2715,2595,2665,1272680,-0.022018348623853212
2024-03-07,2695,2910,2670,2770,2637425,0.039399624765478425
2024-03-08,2775,2850,2735,2785,1096753,0.005415162454873723
2024-03-11,2745,2850,2720,2790,708549,0.0017953321364452268
2024-03-12,2810,2810,2750,2770,301902,-0.007168458781361964
2024-03-13,2815,2875,2765,2795,739905,0.00902527075812265
2024-03-14,2755,2800,2675,2690,1432205,-0.03756708407871201
2024-03-15,2655,2725,2650,2700,658218,0.0037174721189590088
2024-03-18,2700,2730,2675,2700,314172,0.0
2024-03-19,2700,2700,2580,2605,2040447,-0.03518518518518521
2024-03-20,2610,2635,2555,2610,830993,0.0019193857965451588
2024-03-21,2615,2635,2580,2595,868396,-0.005747126436781658
2024-03-22,2600,2660,2600,2635,649195,0.015414258188824581
2024-03-25,2635,2635,2550,2605,730688,-0.011385199240986688
2024-03-26,2610,2630,2595,2615,302327,0.0038387715930903177
2024-03-27,2615,2635,2600,2620,407803,0.0019120458891013214
2024-03-28,2620,2790,2600,2780,2260850,0.06106870229007644
2024-03-29,2780,2820,2705,2735,1190169,-0.01618705035971224
2024-04-01,2735,2900,2710,2885,2490584,0.054844606946983454
2024-04-02,2890,2910,2800,2835,1533806,-0.017331022530329254
2024-04-03,2810,2825,2750,2770,617785,-0.022927689594356315
2024-04-04,2770,2785,2700,2730,665051,-0.014440433212996373
2024-04-05,2690,2760,2680,2705,340949,-0.009157509157509125
2024-04-08,2705,2725,2630,2715,538793,0.003696857670979714
2024-04-09,2715,2735,2690,2705,266862,-0.0036832412523020164
2024-04-11,2655,2835,2655,2805,1230280,0.0369685767097967
2024-04-12,2815,2835,2750,2790,614589,-0.005347593582887722
2024-04-15,2640,2745,2640,2700,864464,-0.032258064516129004
2024-04-16,2680,2710,2600,2645,746800,-0.020370370370370372
2024-04-17,2650,2675,2605,2635,509327,-0.003780718336483968
2024-04-18,2680,2755,2670,2685,766906,0.018975332068311257
2024-04-19,2685,2690,2585,2615,600596,-0.02607076350093107
2024-04-22,2615,2675,2610,2670,491426,0.021032504780114758
2024-04-23,2680,2750,2595,2620,689100,-0.01872659176029967
2024-04-24,2630,2650,2605,2610,614597,-0.003816793893129722
2024-04-25,2610,2640,2590,2625,264463,0.005747126436781658
2024-04-26,2630,2645,2620,2620,269248,-0.0019047619047618536
2024-04-29,2620,2700,2620,2700,531437,0.03053435114503822
2024-04-30,2700,2725,2680,2705,470856,0.0018518518518517713
2024-05-02,2730,2925,2725,2915,4589497,0.07763401109057311
2024-05-03,2950,2950,2840,2930,2517979,0.005145797598627766
2024-05-07,2935,2965,2870,2935,1490059,0.0017064846416381396
2024-05-08,2970,3005,2860,2885,1370371,-0.017035775127768327
2024-05-09,2890,2935,2825,2825,1253636,-0.020797227036395194
2024-05-10,2890,2890,2750,2820,1943072,-0.001769911504424737
2024-05-13,2815,2840,2750,2775,1031573,-0.015957446808510634
2024-05-14,2780,2800,2750,2780,543274,0.0018018018018017834
2024-05-16,2790,2815,2735,2745,950301,-0.01258992805755399
2024-05-17,2740,2760,2660,2680,1720951,-0.023679417122040025
2024-05-20,2690,2740,2680,2720,461402,0.014925373134328401
2024-05-21,2730,2775,2710,2770,817141,0.018382352941176405
2024-05-22,2775,2775,2700,2710,621419,-0.02166064981949456
2024-05-23,2720,2740,2685,2720,375386,0.0036900369003689537
2024-05-24,2725,2725,2680,2680,492722,-0.014705882352941124
2024-05-27,2710,2720,2680,2715,420310,0.013059701492537323
2024-05-28,2715,2785,2715,2760,569789,0.016574585635359185
2024-05-29,2750,2755,2685,2700,600060,-0.021739130434782594
2024-05-30,2700,2710,2675,2680,324747,-0.007407407407407418
2024-05-31,2685,2800,2680,2795,1226735,0.042910447761194126
2024-06-03,2800,2815,2765,2805,704806,0.003577817531305927
2024-06-04,2825,2890,2785,2800,1418621,-0.0017825311942959443
2024-06-05,2800,2820,2755,2765,568735,-0.012499999999999956
2024-06-07,2765,2915,2760,2860,1874444,0.03435804701627476
2024-06-10,2880,2905,2845,2875,1239227,0.005244755244755206
2024-06-11,2860,2880,2810,2815,716141,-0.02086956521739125
2024-06-12,2840,2880,2805,2845,557214,0.010657193605683846
2024-06-13,2875,2900,2840,2850,680790,0.0017574692442883233
2024-06-14,2845,2860,2790,2810,986703,-0.01403508771929829
2024-06-17,2775,2860,2760,2840,911819,0.01067615658362997
2024-06-18,2850,2855,2765,2765,878055,-0.026408450704225372
2024-06-19,2745,2750,2655,2700,1415360,-0.023508137432188048
2024-06-20,2700,2720,2670,2690,398341,-0.0037037037037036535
2024-06-21,2690,2700,2660,2665,429333,-0.009293680297397744
2024-06-24,2655,2695,2650,2655,434504,-0.0037523452157598447
2024-06-25,2640,2675,2635,2660,322381,0.0018832391713747842
2024-06-26,2660,2665,2500,2510,2673017,-0.05639097744360899
2024-06-27,2505,2540,2455,2485,1555289,-0.009960159362549792
2024-06-28,2490,2515,2445,2450,1236030,-0.014084507042253502
2024-07-01,2550,2740,2520,2725,3691976,0.11224489795918369
2024-07-02,2945,3010,2735,2755,6652412,0.011009174311926495
2024-07-03,2760,2760,2640,2655,1462156,-0.0362976406533575
2024-07-04,2660,2695,2620,2670,1002191,0.005649717514124353
2024-07-05,2710,2785,2630,2655,1299830,-0.005617977528089901
2024-07-08,2645,2725,2575,2705,1617175,0.01883239171374762
2024-07-09,2715,2875,2715,2800,2817332,0.03512014787430684
2024-07-10,2800,2810,2740,2765,1097192,-0.012499999999999956
2024-07-11,2765,2770,2680,2695,969542,-0.025316455696202556
2024-07-12,2685,2705,2670,2685,334096,-0.0037105751391465214
2024-07-15,2690,2740,2680,2690,643561,0.0018621973929235924
2024-07-16,2685,2715,2665,2680,388175,-0.0037174721189591198
2024-07-17,2680,2735,2675,2720,533164,0.014925373134328401
2024-07-18,2715,2775,2640,2765,1598671,0.016544117647058876
2024-07-19,2760,2760,2670,2690,650643,-0.027124773960216952
2024-07-22,2695,2720,2655,2670,361193,-0.0074349442379182396
2024-07-23,2675,2700,2630,2640,539219,-0.011235955056179803
2024-07-24,2640,2690,2635,2645,313301,0.0018939393939394478
2024-07-25,2625,2650,2585,2600,478572,-0.017013232514177745
2024-07-26,2610,2620,2570,2590,567570,-0.0038461538461538325
2024-07-29,2590,2645,2590,2630,185624,0.015444015444015413
2024-07-30,2640,2645,2575,2590,448818,-0.01520912547528519
2024-07-31,2590,2600,2540,2570,485307,-0.007722007722007707
2024-08-01,2575,2625,2570,2615,243796,0.017509727626459082
2024-08-02,2660,2760,2580,2605,2408370,-0.003824091778202643
2024-08-05,2580,2590,2305,2430,1629713,-0.06717850287907867
2024-08-06,2480,2560,2460,2510,736260,0.03292181069958855
2024-08-07,2520,2590,2510,2575,555147,0.02589641434262946
2024-08-08,2505,2570,2500,2520,414610,-0.021359223300970842
2024-08-09,2540,2560,2490,2500,491785,-0.007936507936507908
2024-08-12,2500,2540,2500,2505,288038,0.0020000000000000018
2024-08-13,2510,2530,2485,2490,266577,-0.005988023952095856
2024-08-14,2500,2510,2485,2485,302138,-0.002008032128514081
2024-08-16,2490,2515,2470,2475,327402,-0.004024144869215318
2024-08-19,2480,2510,2460,2485,251264,0.004040404040404066
2024-08-20,2500,2595,2500,2575,855735,0.03621730382293764
2024-08-21,2580,2665,2530,2590,541696,0.005825242718446644
2024-08-22,2610,2610,2530,2540,673285,-0.019305019305019266
2024-08-23,2515,2550,2500,2540,250885,0.0
2024-08-26,2585,2740,2570,2725,3902061,0.07283464566929143
2024-08-27,2725,2790,2710,2785,2357450,0.022018348623853212
2024-08-28,2800,2800,2730,2740,835307,-0.016157989228007152
2024-08-29,2745,2950,2690,2910,5270933,0.06204379562043805
2024-08-30,2900,2940,2805,2940,2450529,0.010309278350515427
2024-09-02,2945,2955,2820,2845,2186368,-0.03231292517006801
2024-09-03,2845,2870,2785,2840,1194906,-0.0017574692442882123
2024-09-04,2775,2945,2775,2860,1844529,0.007042253521126751
2024-09-05,2885,2955,2800,2815,2047886,-0.01573426573426573
2024-09-06,2810,2825,2715,2815,1595297,0.0
2024-09-09,2780,2855,2760,2810,837579,-0.001776198934280604
2024-09-10,2805,2830,2770,2825,827399,0.005338078291814874
2024-09-11,2825,2895,2740,2770,962162,-0.019469026548672552
2024-09-12,2775,2840,2760,2820,802289,0.018050541516245522
2024-09-13,2845,3000,2820,2985,3172603,0.0585106382978724
2024-09-19,2985,3085,2940,3005,2522754,0.00670016750418756
2024-09-20,2985,3300,2950,3295,10681581,0.09650582362728777
2024-09-23,3305,3325,3000,3035,7031173,-0.078907435508346
2024-09-24,3060,3105,2935,2975,2404122,-0.01976935749588138
2024-09-25,2940,2975,2830,2840,2583069,-0.04537815126050415
2024-09-26,2835,3175,2815,3115,5538410,0.096830985915493
2024-09-27,3140,3215,2930,2960,7895064,-0.049759229534510396
2024-09-30,2960,3100,2855,3070,5998631,0.03716216216216206
2024-10-02,2975,3020,2850,2860,3456119,-0.0684039087947883
2024-10-04,2840,3075,2775,3030,4149209,0.05944055944055937
2024-10-07,2995,3155,2930,3090,3979932,0.01980198019801982
2024-10-08,3055,3315,3055,3200,10528119,0.03559870550161803
2024-10-10,3680,3990,3320,3770,160716252,0.1781250000000001
2024-10-11,3765,3950,3455,3475,66338399,-0.07824933687002655
2024-10-14,3265,3470,3165,3165,18879197,-0.08920863309352522
2024-10-15,3155,3385,2920,2940,30290955,-0.07109004739336489
2024-10-16,2940,3055,2900,3010,9745117,0.023809523809523725
2024-10-17,2965,3020,2860,2870,5853370,-0.046511627906976716
2024-10-18,2840,2905,2825,2840,2887778,-0.010452961672473893
2024-10-21,2835,2915,2830,2890,2609684,0.01760563380281699
2024-10-22,2905,2965,2735,2910,5563467,0.006920415224913601
2024-10-23,2875,2985,2855,2900,3615269,-0.0034364261168384758
2024-10-24,2890,3125,2845,3085,10969653,0.06379310344827593
2024-10-25,3105,3730,3045,3325,82739219,0.07779578606158832
2024-10-28,3485,3490,3225,3320,16056681,-0.0015037593984962294
2024-10-29,3320,3415,3240,3310,6859963,-0.003012048192771122
2024-10-30,3280,3700,3225,3500,38269234,0.05740181268882183
2024-10-31,3450,3585,3395,3490,13550237,-0.0028571428571428914
2024-11-01,3450,3540,3170,3175,8374675,-0.0902578796561605
2024-11-04,3290,3450,3230,3305,9135405,0.04094488188976375
2024-11-05,3300,3335,3225,3230,4403651,-0.0226928895612708
2024-11-06,3220,3280,3145,3215,3631700,-0.004643962848297267
2024-11-07,3200,3225,3125,3205,2411925,-0.0031104199066873672
2024-11-08,3215,3240,3100,3135,3187716,-0.021840873634945357
2024-11-11,3090,3105,3020,3075,2110033,-0.019138755980861233
2024-11-12,3015,3070,2935,2965,3397490,-0.03577235772357723
2024-11-13,2930,3045,2915,2935,2669929,-0.010118043844856706
2024-11-14,2905,2965,2850,2885,1929026,-0.017035775127768327
2024-11-15,2825,2905,2825,2900,1780738,0.005199306759098743
2024-11-18,2905,2985,2805,2870,1969818,-0.010344827586206917
2024-11-19,2840,2975,2790,2945,1926464,0.026132404181184565
2024-11-20,2960,2970,2890,2910,1241871,-0.011884550084889645
2024-11-21,2895,2915,2845,2875,1221055,-0.012027491408934665
2024-11-22,2870,2905,2850,2880,1166319,0.0017391304347826875
2024-11-25,2915,3010,2910,2945,1778967,0.02256944444444442
2024-11-26,2940,3095,2920,3065,3206261,0.04074702886247872
2024-11-27,3085,3115,2980,3000,2443720,-0.021207177814029365
2024-11-28,3000,3025,2960,3010,1212446,0.0033333333333334103
2024-11-29,3080,3130,2905,2945,2614892,-0.021594684385382035
2024-12-02,2950,2985,2780,2780,2918891,-0.05602716468590829
2024-12-03,2765,2860,2760,2835,1353222,0.019784172661870603
2024-12-04,2745,2825,2655,2705,3223707,-0.04585537918871252
2024-12-05,2705,2800,2640,2650,2527526,-0.020332717190388205
2024-12-06,2780,3010,2670,2710,10294686,0.02264150943396226
2024-12-09,2610,2655,2520,2525,2896296,-0.06826568265682653
2024-12-10,2500,2690,2500,2685,1783615,0.06336633663366342
2024-12-11,2670,2720,2650,2675,1127132,-0.003724394785847296
2024-12-12,2700,2705,2600,2630,1708218,-0.016822429906542036
2024-12-13,2615,2715,2610,2710,1229931,0.03041825095057038
2024-12-16,2720,2740,2665,2675,977879,-0.01291512915129156
2024-12-17,2675,2675,2605,2610,1101921,-0.024299065420560706
2024-12-18,2605,2630,2580,2610,910751,0.0
2024-12-19,2550,2590,2520,2525,1267026,-0.03256704980842917
2024-12-20,2520,2525,2455,2485,1358237,-0.015841584158415856
2024-12-23,2485,2535,2480,2520,634125,0.014084507042253502
2024-12-24,2510,2540,2490,2505,539275,-0.005952380952380931
2024-12-26,2520,2550,2475,2485,747329,-0.007984031936127733
2024-12-27,2490,2510,2450,2480,603216,-0.002012072434607659
2024-12-30,2400,2660,2330,2400,6152431,-0.032258064516129004
2025-01-02,2405,2495,2405,2465,1103969,0.027083333333333348
2025-01-03,2475,2685,2425,2675,2990616,0.0851926977687627
2025-01-06,2635,2770,2635,2755,1482434,0.02990654205607468
2025-01-07,2755,2880,2755,2840,1940095,0.030852994555353952
2025-01-08,2845,2895,2785,2800,993734,-0.014084507042253502
2025-01-09,2800,2820,2750,2770,843645,-0.010714285714285676
2025-01-10,2765,2820,2735,2745,579602,-0.009025270758122761
2025-01-13,2745,2970,2695,2775,5091105,0.010928961748633892
2025-01-14,2745,2835,2740,2795,1008060,0.007207207207207134
2025-01-15,2930,2945,2830,2875,5542544,0.028622540250447193
2025-01-16,2880,2970,2845,2960,2179468,0.029565217391304355
2025-01-17,2970,3095,2935,2970,4622824,0.0033783783783782884
2025-01-20,3015,3115,3010,3065,3359855,0.03198653198653201
2025-01-21,3490,3600,3250,3360,43449886,0.09624796084828713
2025-01-22,3415,3605,3340,3400,27028108,0.011904761904761862
2025-01-23,3645,4160,3590,3990,67470826,0.17352941176470593
2025-01-24,3930,4170,3890,4110,30237910,0.03007518796992481
2025-01-31,4125,4500,3830,3900,34902240,-0.051094890510948954
2025-02-03,3770,3865,3400,3435,12754035,-0.11923076923076925
2025-02-04,3410,3540,3240,3265,9858553,-0.04949053857350805
2025-02-05,3240,3490,3230,3280,7896757,0.004594180704440953
2025-02-06,3410,3490,3320,3405,6962766,0.038109756097560954
2025-02-07,3360,3525,3340,3435,6306420,0.008810572687224738
2025-02-10,3490,3490,3320,3370,3392034,-0.018922852983988325
2025-02-11,3310,3445,3285,3410,3044243,0.011869436201780381
2025-02-12,3415,3455,3245,3280,3912829,-0.038123167155425186
2025-02-13,3250,3395,3170,3360,4471585,0.024390243902439046
2025-02-14,3375,3395,3265,3295,2781205,-0.019345238095238138
2025-02-17,3280,3465,3210,3410,4785494,0.03490136570561453
2025-02-18,2825,2870,2700,2720,22352601,-0.20234604105571852
2025-02-19,2740,2840,2725,2745,9846318,0.009191176470588314
2025-02-20,2715,2770,2710,2725,3212949,-0.007285974499089298
2025-02-21,2730,2730,2675,2700,2248905,-0.00917431192660545
2025-02-24,2675,2710,2660,2665,1866382,-0.012962962962962954
2025-02-25,2660,2675,2625,2635,1611106,-0.011257035647279534
2025-02-26,2625,2655,2605,2635,1780398,0.0
2025-02-27,2760,2840,2655,2655,10836057,0.007590132827324458
2025-02-28,2590,2620,2495,2510,4494203,-0.05461393596986819
2025-03-04,2425,2487,2400,2410,2746825,-0.03984063745019917
2025-03-05,2375,2485,2375,2485,1391737,0.03112033195020736
2025-03-06,2485,2510,2450,2465,1047409,-0.008048289738430636
2025-03-07,2430,2490,2430,2485,737602,0.008113590263691739
2025-03-10,2490,2495,2450,2465,636000,-0.008048289738430636
2025-03-11,2415,2440,2400,2430,628574,-0.014198782961460488
2025-03-12,2430,2480,2420,2440,732584,0.004115226337448652
2025-03-13,2460,2480,2405,2410,689054,-0.012295081967213073
2025-03-14,2410,2415,2375,2385,917971,-0.010373443983402453
2025-03-17,2385,2400,2380,2380,696445,-0.002096436058700246
2025-03-18,2380,2390,2305,2350,1448819,-0.012605042016806678
2025-03-19,2350,2355,2320,2335,775516,-0.006382978723404209
2025-03-20,2325,2350,2315,2315,805940,-0.008565310492505307
2025-03-21,2315,2330,2295,2305,790915,-0.004319654427645814
2025-03-24,2305,2315,2265,2275,1012529,-0.013015184381778733
2025-03-25,2290,2305,2265,2285,810791,0.00439560439560438
2025-03-26,2265,2300,2260,2290,696762,0.002188183807439792
2025-03-27,2265,2285,2220,2225,1080273,-0.028384279475982543
2025-03-28,2225,2230,2170,2180,1053607,-0.020224719101123556
2025-03-31,2155,2175,2100,2115,685986,-0.029816513761467878
2025-04-01,2115,2155,2100,2125,497832,0.004728132387706863
2025-04-02,2130,2140,2080,2080,562254,-0.02117647058823524
2025-04-03,2050,2065,2015,2040,449907,-0.019230769230769273
2025-04-04,1980,2105,1980,2070,513481,0.014705882352941124
2025-04-07,1990,2025,1978,2000,712966,-0.033816425120772986
2025-04-08,2010,2035,1997,1997,353230,-0.0014999999999999458
2025-04-09,1993,2015,1935,1935,561646,-0.031046569854782158
2025-04-10,2055,2070,2000,2030,552695,0.04909560723514206
2025-04-11,1991,2040,1970,2010,540176,-0.009852216748768461
2025-04-14,2025,2050,2010,2045,267356,0.017412935323383172
2025-04-15,2035,2090,2030,2075,336037,0.014669926650366705
2025-04-16,2100,2100,2030,2030,247303,-0.02168674698795181
2025-04-17,2025,2060,2020,2055,159088,0.012315270935960632
2025-04-18,2070,2095,2050,2070,289758,0.007299270072992803
2025-04-21,2080,2090,2060,2080,207942,0.004830917874396157
2025-04-22,2080,2090,2055,2090,187580,0.004807692307692291
2025-04-23,2100,2110,2080,2100,185346,0.004784688995215225
2025-04-24,2115,2140,2105,2140,444376,0.01904761904761898
2025-04-25,2155,2215,2145,2180,361992,0.01869158878504673
2025-04-28,2200,2215,2155,2160,198259,-0.00917431192660545
2025-04-29,2160,2185,2125,2185,261543,0.011574074074074181
2025-04-30,2185,2200,2140,2140,277613,-0.020594965675057253
2025-05-02,2140,2195,2125,2155,252212,0.007009345794392496
2025-05-07,2200,2255,2200,2235,785622,0.037122969837587005
2025-05-08,2235,2250,2160,2195,490828,-0.017897091722595126
2025-05-09,2180,2195,2150,2165,264327,-0.013667425968109326
2025-05-12,2170,2195,2130,2180,251042,0.006928406466512715
