Date,Open,High,Low,Close,Volume,Change
2022-01-03,16200,18850,15950,17850,7338469,0.10185185185185186
2022-01-04,17850,18550,17200,18100,2421470,0.014005602240896309
2022-01-05,18100,18100,17500,17600,1038349,-0.027624309392265234
2022-01-06,16850,17300,16550,16800,1028879,-0.045454545454545414
2022-01-07,16500,17150,16500,17000,591139,0.011904761904761862
2022-01-10,17000,17050,16400,16500,610965,-0.02941176470588236
2022-01-11,16500,16750,15800,16200,672423,-0.018181818181818188
2022-01-12,16100,16600,16000,16400,634207,0.012345679012345734
2022-01-13,16400,16400,14850,15250,1697614,-0.07012195121951215
2022-01-14,15400,15450,14700,15000,962963,-0.016393442622950838
2022-01-17,15100,16100,13800,15550,2883066,0.036666666666666625
2022-01-18,15300,15750,14450,14450,1015258,-0.07073954983922826
2022-01-19,13850,14250,13700,13900,858863,-0.03806228373702425
2022-01-20,13900,14550,13850,14550,646478,0.046762589928057485
2022-01-21,14350,14800,14000,14150,629089,-0.027491408934707917
2022-01-24,13850,13950,13200,13300,831423,-0.060070671378091856
2022-01-25,13250,13600,12700,13200,818154,-0.007518796992481258
2022-01-26,13000,13650,13000,13050,596738,-0.011363636363636354
2022-01-27,13100,13250,12000,12100,1145600,-0.07279693486590033
2022-01-28,12100,12550,11800,12300,919253,0.016528925619834656
2022-02-03,12450,14750,12450,13750,3411023,0.11788617886178865
2022-02-04,13500,16850,13000,15350,8448484,0.11636363636363645
2022-02-07,15500,15900,15150,15450,1327915,0.006514657980456029
2022-02-08,15450,18200,14550,15800,7754792,0.02265372168284796
2022-02-09,16050,16300,15600,15800,1086887,0.0
2022-02-10,16200,16200,15100,15100,893731,-0.044303797468354444
2022-02-11,14850,15450,14550,14800,848139,-0.019867549668874163
2022-02-14,14450,15750,13600,14300,2134571,-0.03378378378378377
2022-02-15,14300,14700,13600,13650,762744,-0.045454545454545414
2022-02-16,14000,14800,14000,14550,832904,0.06593406593406592
2022-02-17,14700,14800,13850,14200,1096109,-0.02405498281786944
2022-02-18,13850,14600,13800,14150,592822,-0.0035211267605633756
2022-02-21,14000,14200,13700,14100,488018,-0.0035335689045936647
2022-02-22,13800,14000,13500,13600,679569,-0.03546099290780147
2022-02-23,13550,14900,13550,14300,1742403,0.05147058823529416
2022-02-24,14050,15000,13850,14000,1333724,-0.020979020979020935
2022-02-25,14300,14500,14000,14250,749950,0.017857142857142794
2022-02-28,14200,14650,14000,14650,686241,0.02807017543859658
2022-03-02,14550,15100,14300,14650,1051001,0.0
2022-03-03,14750,17550,14600,16300,8301467,0.11262798634812277
2022-03-04,16450,17300,16050,16700,3204936,0.024539877300613577
2022-03-07,16800,16850,15850,16000,1371718,-0.041916167664670656
2022-03-08,15350,16300,15250,15450,1325623,-0.034375000000000044
2022-03-10,15800,15850,15350,15550,622583,0.006472491909385036
2022-03-11,15550,16050,15250,15350,780762,-0.012861736334405127
2022-03-14,15400,15850,14850,14900,716461,-0.02931596091205213
2022-03-15,14800,15200,14700,15100,614593,0.01342281879194629
2022-03-16,15300,15400,14850,15100,663274,0.0
2022-03-17,15250,15850,15050,15450,921639,0.023178807947019875
2022-03-18,15650,16100,15300,15650,1483946,0.012944983818770295
2022-03-21,15700,15850,15200,15200,595179,-0.028753993610223683
2022-03-22,15100,15400,15050,15300,355573,0.006578947368421018
2022-03-23,15750,16550,15400,16200,2710025,0.05882352941176472
2022-03-24,15950,16200,15600,15850,1073010,-0.021604938271604923
2022-03-25,16000,16150,15500,15650,757071,-0.012618296529968487
2022-03-28,15550,15650,14950,15150,569712,-0.03194888178913735
2022-03-29,15250,15500,15100,15350,605357,0.013201320132013139
2022-03-30,15400,15500,14950,14950,700297,-0.026058631921824116
2022-03-31,14950,15100,14750,14950,426414,0.0
2022-04-01,14850,15550,14700,15000,957876,0.0033444816053511683
2022-04-04,14850,15000,14350,14650,854489,-0.023333333333333317
2022-04-05,14700,15250,14650,14950,646537,0.020477815699658786
2022-04-06,14950,14950,14500,14600,508995,-0.02341137123745818
2022-04-07,14400,14700,14100,14150,518663,-0.03082191780821919
2022-04-08,14200,14350,13750,13850,533808,-0.021201413427561877
2022-04-11,13800,13850,12750,13100,990564,-0.054151624548736454
2022-04-12,12800,13250,12750,13250,506898,0.011450381679389388
2022-04-13,13200,13200,12900,13100,428480,-0.01132075471698113
2022-04-14,12900,12950,12500,12800,514059,-0.022900763358778664
2022-04-15,12850,12950,12300,12850,510564,0.00390625
2022-04-18,12900,12950,12200,12200,658370,-0.05058365758754868
2022-04-19,12200,12550,12150,12300,491542,0.008196721311475308
2022-04-20,12450,12750,12250,12300,496943,0.0
2022-04-21,12150,12400,12000,12050,605519,-0.020325203252032575
2022-04-22,12000,12150,11800,12100,488641,0.004149377593360981
2022-04-25,12100,12100,11100,11300,936825,-0.06611570247933884
2022-04-26,11400,11700,11350,11400,398488,0.008849557522123908
2022-04-27,11100,11450,10900,11200,427715,-0.01754385964912286
2022-04-28,11200,11350,10650,10850,599441,-0.03125
2022-04-29,10900,11250,10900,11200,386986,0.032258064516129004
2022-05-02,11000,11200,10900,11100,234850,-0.008928571428571397
2022-05-03,11200,11550,11100,11150,396700,0.0045045045045044585
2022-05-04,11150,11250,10800,10850,359552,-0.026905829596412523
2022-05-06,10600,10600,10300,10500,429317,-0.032258064516129004
2022-05-09,10300,10500,10200,10200,350263,-0.02857142857142858
2022-05-10,10000,10200,9500,10200,756742,0.0
2022-05-11,10300,10550,10100,10300,367735,0.009803921568627416
2022-05-12,10200,10300,9840,9950,419831,-0.03398058252427183
2022-05-13,9900,10200,9900,10050,337553,0.01005025125628145
2022-05-16,10200,11350,10100,10450,1354901,0.03980099502487566
2022-05-17,10500,12800,10400,12200,7502091,0.16746411483253598
2022-05-18,13100,13500,12150,12350,3942615,0.012295081967213184
2022-05-19,11900,12650,11750,12400,1487124,0.004048582995951344
2022-05-20,12250,12450,11950,12100,732052,-0.024193548387096753
2022-05-23,12150,13550,12150,12750,3429541,0.05371900826446274
2022-05-24,12600,13150,12400,13000,1216049,0.019607843137254832
2022-05-25,12850,13100,12600,12650,603106,-0.02692307692307694
2022-05-26,12700,12850,12300,12300,581461,-0.02766798418972327
2022-05-27,12400,12550,12150,12200,509046,-0.008130081300813052
2022-05-30,12300,12550,12200,12350,289637,0.012295081967213184
2022-05-31,12300,12500,11900,12500,520069,0.012145748987854255
2022-06-02,12550,12750,12300,12350,439355,-0.01200000000000001
2022-06-03,12650,13100,12350,12350,944744,0.0
2022-06-07,12350,12450,11950,12050,345432,-0.02429149797570851
2022-06-08,11950,12150,11650,11700,356618,-0.02904564315352698
2022-06-09,11600,11750,11250,11750,422339,0.004273504273504258
2022-06-10,11450,11700,11200,11300,430790,-0.03829787234042559
2022-06-13,10750,11000,10650,10700,460980,-0.053097345132743334
2022-06-14,10300,10900,10250,10700,398051,0.0
2022-06-15,10700,12850,10500,11500,3946185,0.07476635514018692
2022-06-16,11550,11650,10850,10900,769266,-0.05217391304347829
2022-06-17,10350,11000,10250,10800,550934,-0.00917431192660545
2022-06-20,10700,10850,9960,10100,697918,-0.06481481481481477
2022-06-21,10050,10550,9990,10350,459277,0.024752475247524774
2022-06-22,10800,11500,10600,10800,1755101,0.04347826086956519
2022-06-23,10600,10650,10000,10100,849097,-0.06481481481481477
2022-06-24,10000,10400,9950,10250,401637,0.014851485148514865
2022-06-27,10350,10650,10200,10450,502464,0.019512195121951237
2022-06-28,10400,10650,10300,10400,325182,-0.004784688995215336
2022-06-29,10250,10400,10150,10350,341328,-0.004807692307692291
2022-06-30,10250,10550,10200,10300,292191,-0.004830917874396157
2022-07-01,10350,10550,9970,10050,470845,-0.024271844660194164
2022-07-04,10100,10150,9450,9790,655449,-0.025870646766169125
2022-07-05,9800,10600,9800,10500,675062,0.07252298263534218
2022-07-06,10400,10900,10350,10400,643779,-0.00952380952380949
2022-07-07,10550,11300,10450,11050,1127786,0.0625
2022-07-08,11300,11500,10900,11150,707148,0.009049773755656076
2022-07-11,11400,11950,11300,11800,1309516,0.058295964125560484
2022-07-12,11900,12750,11550,12300,2999324,0.04237288135593231
2022-07-13,12500,12550,11750,11750,1186255,-0.04471544715447151
2022-07-14,11750,15200,11400,14850,18530224,0.2638297872340425
2022-07-15,14700,16500,14400,15300,14941707,0.030303030303030276
2022-07-18,15200,15550,14900,15400,3917954,0.006535947712418277
2022-07-19,15500,15800,14800,15450,3495311,0.0032467532467532756
2022-07-20,15300,15900,15200,15450,3304674,0.0
2022-07-21,15900,16650,14450,14650,7925759,-0.05177993527508096
2022-07-22,14700,15050,14350,14650,1648835,0.0
2022-07-25,14700,14700,13550,13700,1827374,-0.06484641638225253
2022-07-26,13900,14050,13700,13800,1020187,0.007299270072992803
2022-07-27,13700,14350,13650,13800,1312350,0.0
2022-07-28,13900,13950,13200,13350,1050440,-0.03260869565217395
2022-07-29,13450,13500,12950,13300,860920,-0.0037453183520599342
2022-08-01,13150,13350,12600,13300,828880,0.0
2022-08-02,13300,13450,12950,13200,693852,-0.007518796992481258
2022-08-03,13250,13450,13150,13200,476348,0.0
2022-08-04,13100,13700,13100,13400,984507,0.015151515151515138
2022-08-05,13400,13900,13300,13600,910991,0.014925373134328401
2022-08-08,13800,13850,13450,13600,524518,0.0
2022-08-09,13650,13650,12950,13150,634417,-0.03308823529411764
2022-08-10,12900,13350,12900,13200,498680,0.0038022813688212143
2022-08-11,13350,13350,13100,13150,370195,-0.0037878787878787845
2022-08-12,13150,13400,12950,13100,429254,-0.0038022813688213253
2022-08-16,13200,13300,12950,13250,377338,0.011450381679389388
2022-08-17,13200,13450,12950,13000,462150,-0.018867924528301883
2022-08-18,13050,13100,12450,12550,477591,-0.0346153846153846
2022-08-19,12500,12800,12350,12400,451234,-0.01195219123505975
2022-08-22,12150,12600,12050,12350,429289,-0.0040322580645161255
2022-08-23,12000,12200,11350,11550,1046325,-0.06477732793522262
2022-08-24,11500,11650,11300,11550,560426,0.0
2022-08-25,11550,12000,11500,11800,1117755,0.02164502164502169
2022-08-26,11800,11800,10000,10850,2684243,-0.0805084745762712
2022-08-29,10450,10950,10350,10800,606396,-0.004608294930875556
2022-08-30,10650,11100,10450,10800,763054,0.0
2022-08-31,10750,11150,10600,10800,582822,0.0
2022-09-01,10800,11200,10600,10650,740194,-0.01388888888888884
2022-09-02,10700,10800,10400,10450,411079,-0.018779342723004744
2022-09-05,10250,10450,10100,10150,451062,-0.028708133971291905
2022-09-06,10100,10450,10100,10200,351578,0.0049261083743843415
2022-09-07,10250,10300,9950,9950,546117,-0.02450980392156865
2022-09-08,10050,10250,9970,10100,310987,0.015075376884422065
2022-09-13,10450,11350,10450,10800,1414921,0.06930693069306937
2022-09-14,10850,12950,10800,12150,7496504,0.125
2022-09-15,12150,12250,11050,11150,2014318,-0.08230452674897115
2022-09-16,11000,11050,10450,10500,822305,-0.058295964125560484
2022-09-19,10400,10500,10050,10200,494187,-0.02857142857142858
2022-09-20,10100,10350,10100,10150,418177,-0.004901960784313708
2022-09-21,10050,10150,9970,10100,336981,-0.0049261083743842304
2022-09-22,9970,10300,9770,10150,539450,0.004950495049504955
2022-09-23,10000,10150,9950,10000,326539,-0.014778325123152691
2022-09-26,9850,9960,9530,9570,551922,-0.04300000000000004
2022-09-27,9370,9800,9110,9400,534780,-0.017763845350052265
2022-09-28,9390,9980,9190,9580,755202,0.01914893617021285
2022-09-29,10200,10200,9590,9590,459511,0.0010438413361169019
2022-09-30,9310,9550,9310,9520,319956,-0.007299270072992692
2022-10-04,9610,9850,9600,9800,262110,0.02941176470588225
2022-10-05,9950,10100,9490,9520,294929,-0.02857142857142858
2022-10-06,9650,10150,9570,10050,540075,0.05567226890756305
2022-10-07,10100,10100,9700,9850,360352,-0.01990049751243783
2022-10-11,9850,10450,9710,10100,791390,0.025380710659898442
2022-10-12,10050,10500,10000,10150,664442,0.004950495049504955
2022-10-13,10200,10400,10000,10000,465040,-0.014778325123152691
2022-10-14,10150,10550,10050,10250,769236,0.02499999999999991
2022-10-17,10150,10150,9900,10100,398645,-0.014634146341463428
2022-10-18,10200,10350,10050,10150,510175,0.004950495049504955
2022-10-19,10250,10300,9920,9940,488115,-0.020689655172413834
2022-10-20,9940,9960,9630,9650,508573,-0.02917505030181089
2022-10-21,9610,9780,9480,9490,344190,-0.016580310880829008
2022-10-24,9550,9730,9430,9450,383808,-0.004214963119072657
2022-10-25,9480,9570,9420,9430,276881,-0.002116402116402072
2022-10-26,9460,9580,9210,9350,284467,-0.008483563096500557
2022-10-27,9270,9510,9270,9300,465229,-0.005347593582887722
2022-10-28,9300,9360,7620,8200,2847317,-0.11827956989247312
2022-10-31,8200,8290,7120,7390,2533665,-0.09878048780487803
2022-11-01,7410,7460,7200,7450,1003281,0.008119079837618504
2022-11-02,7410,7800,7240,7500,1049392,0.006711409395973256
2022-11-03,7300,7400,7260,7300,500953,-0.026666666666666616
2022-11-04,7220,7280,7080,7210,636372,-0.012328767123287676
2022-11-07,7240,7390,7180,7350,534143,0.01941747572815533
2022-11-08,7430,7580,7320,7420,607525,0.00952380952380949
2022-11-09,7430,7600,7240,7300,804930,-0.016172506738544423
2022-11-10,7210,7420,7130,7240,520641,-0.008219178082191747
2022-11-11,7390,7430,7300,7410,682218,0.023480662983425438
2022-11-14,7440,8410,7370,7990,3496162,0.07827260458839413
2022-11-15,8000,8300,7900,8260,1295721,0.03379224030037542
2022-11-16,8430,8430,8010,8030,765584,-0.02784503631961255
2022-11-17,8030,8210,7880,8040,566849,0.001245330012453305
2022-11-18,7960,8070,7760,7780,497280,-0.03233830845771146
2022-11-21,7760,7860,7530,7530,378751,-0.03213367609254503
2022-11-22,7500,7590,7350,7360,390882,-0.02257636122177953
2022-11-23,7400,7450,7300,7350,332810,-0.0013586956521739468
2022-11-24,7380,7410,7350,7410,238706,0.008163265306122547
2022-11-25,7440,7440,7310,7320,255830,-0.012145748987854255
2022-11-28,7330,7340,6480,6630,1798197,-0.09426229508196726
2022-11-29,6620,7110,6500,7090,1041138,0.06938159879336347
2022-11-30,7060,7110,6810,6970,360886,-0.016925246826516194
2022-12-01,7070,7180,6990,7010,410032,0.0057388809182210565
2022-12-02,7070,7170,6900,6940,311771,-0.0099857346647646
2022-12-05,6940,7670,6940,7200,1944234,0.03746397694524495
2022-12-06,7150,7150,6950,6970,392676,-0.03194444444444444
2022-12-07,6970,7070,6700,6950,424046,-0.0028694404591105283
2022-12-08,6950,7050,6860,6900,245235,-0.007194244604316502
2022-12-09,6920,7150,6920,7100,399036,0.02898550724637672
2022-12-12,7100,7390,7080,7340,669191,0.033802816901408406
2022-12-13,7410,7610,7230,7540,917909,0.027247956403269713
2022-12-14,7690,8250,7620,7880,2454178,0.04509283819628651
2022-12-15,7900,9210,7870,8830,8607771,0.12055837563451766
2022-12-16,8850,9660,8610,9180,5552051,0.039637599093997666
2022-12-19,9250,9340,8560,8720,1945320,-0.050108932461873645
2022-12-20,8640,8760,8290,8320,942492,-0.04587155963302747
2022-12-21,8410,8520,8100,8240,674792,-0.009615384615384581
2022-12-22,8270,8390,8140,8190,557551,-0.0060679611650485965
2022-12-23,8110,8120,7710,7710,590227,-0.05860805860805862
2022-12-26,7730,7850,7500,7500,598050,-0.027237354085603127
2022-12-27,7450,7590,7280,7300,663240,-0.026666666666666616
2022-12-28,7260,7450,7200,7280,515764,-0.002739726027397249
2022-12-29,7220,7270,7050,7140,380202,-0.019230769230769273
2023-01-02,7160,7350,7100,7160,324514,0.0028011204481792618
2023-01-03,7160,7240,7010,7050,345905,-0.015363128491620137
2023-01-04,7070,7540,7070,7340,1098635,0.041134751773049594
2023-01-05,7500,8420,7390,7860,3119410,0.0708446866485013
2023-01-06,7750,7750,7550,7580,592570,-0.03562340966921118
2023-01-09,7600,7820,7530,7710,505095,0.01715039577836408
2023-01-10,7690,8040,7610,7960,624182,0.03242542153048
2023-01-11,8100,8140,7950,7950,439190,-0.0012562814070351536
2023-01-12,8050,8440,7830,8210,997884,0.03270440251572326
2023-01-13,8130,8130,7750,7900,533554,-0.037758830694275325
2023-01-16,7900,8200,7710,8140,475300,0.030379746835442978
2023-01-17,8120,8120,7870,7870,333890,-0.033169533169533194
2023-01-18,7980,8430,7690,8040,830452,0.021601016518424387
2023-01-19,7800,8120,7800,7960,443430,-0.00995024875621886
2023-01-20,7880,8080,7880,8000,243136,0.005025125628140614
2023-01-25,8050,8100,7960,7960,263732,-0.0050000000000000044
2023-01-26,7970,7990,7840,7890,269727,-0.008793969849246186
2023-01-27,7900,8000,7880,7890,264422,0.0
2023-01-30,7860,7920,7670,7690,356685,-0.025348542458808576
2023-01-31,7690,8690,7590,8490,2893803,0.10403120936280885
2023-02-01,8430,8530,8290,8440,625637,-0.005889281507656108
2023-02-02,8520,8540,8390,8430,410672,-0.0011848341232227888
2023-02-03,8440,8880,8390,8520,1149133,0.01067615658362997
2023-02-06,8610,9050,8350,8850,999295,0.03873239436619724
2023-02-07,8930,9000,8600,8720,548127,-0.014689265536723117
2023-02-08,8800,8950,8700,8750,428262,0.0034403669724769603
2023-02-09,8750,8750,8570,8640,259326,-0.012571428571428567
2023-02-10,8660,8690,8190,8210,548819,-0.04976851851851849
2023-02-13,8110,8220,7960,7970,352726,-0.02923264311814855
2023-02-14,7970,8090,7880,8010,326115,0.005018820577164407
2023-02-15,8010,8030,7790,7790,325852,-0.027465667915106073
2023-02-16,7810,7980,7780,7800,266415,0.0012836970474967568
2023-02-17,7810,7920,7660,7660,315745,-0.017948717948717996
2023-02-20,7640,7910,7600,7800,288115,0.018276762402088753
2023-02-21,7800,7830,7650,7680,441914,-0.01538461538461533
2023-02-22,7610,7650,7520,7530,297907,-0.01953125
2023-02-23,7550,7590,7410,7410,312579,-0.015936254980079667
2023-02-24,7420,7420,7240,7250,340519,-0.021592442645074206
2023-02-27,7250,7250,7100,7190,242004,-0.008275862068965467
2023-02-28,7190,7280,7160,7160,200301,-0.004172461752433909
2023-03-02,7130,7200,7090,7200,255681,0.005586592178770999
2023-03-03,7200,7340,7200,7280,255099,0.011111111111111072
2023-03-06,7290,7290,7040,7180,372256,-0.013736263736263687
2023-03-07,7270,7520,7200,7340,768321,0.022284122562674202
2023-03-08,7350,7390,7140,7160,302972,-0.02452316076294281
2023-03-09,7190,7190,7050,7110,262511,-0.006983240223463638
2023-03-10,7040,7070,6880,6920,409464,-0.026722925457102642
2023-03-13,6750,6870,6640,6800,398286,-0.017341040462427793
2023-03-14,6850,6850,6490,6500,449809,-0.044117647058823484
2023-03-15,6630,6730,6520,6580,194834,0.012307692307692353
2023-03-16,6550,6710,6350,6550,307743,-0.00455927051671734
2023-03-17,6530,6770,6530,6660,264942,0.016793893129771087
2023-03-20,6650,6840,6600,6720,163904,0.009009009009008917
2023-03-21,6720,6840,6680,6680,254456,-0.005952380952380931
2023-03-22,6700,6700,6500,6570,287237,-0.01646706586826352
2023-03-23,6480,6490,6280,6320,642008,-0.03805175038051756
2023-03-24,6360,6770,6350,6560,884085,0.03797468354430378
2023-03-27,6560,6620,6290,6550,428653,-0.0015243902439023849
2023-03-28,6480,6550,6420,6480,246658,-0.010687022900763399
2023-03-29,6480,6610,6390,6400,320776,-0.012345679012345734
2023-03-30,6360,6650,6360,6440,448022,0.006250000000000089
2023-03-31,6440,6470,6320,6360,387864,-0.012422360248447228
2023-04-03,6370,6420,6270,6290,333342,-0.011006289308176154
2023-04-04,6210,6620,6210,6620,776118,0.05246422893481717
2023-04-05,6560,6890,6420,6780,629678,0.024169184290030232
2023-04-06,6780,6880,6610,6610,313646,-0.02507374631268433
2023-04-07,6600,6650,6450,6480,343033,-0.01966717095310133
2023-04-10,6490,6600,6270,6400,506923,-0.012345679012345734
2023-04-11,6250,6420,6250,6370,317320,-0.004687499999999956
2023-04-12,6400,6690,6280,6620,731238,0.03924646781789631
2023-04-13,6630,6740,6460,6650,593615,0.004531722054380571
2023-04-14,6800,7100,6700,6790,1217922,0.021052631578947434
2023-04-17,6950,6960,6520,6600,703147,-0.027982326951399128
2023-04-18,6600,6970,6450,6840,919830,0.036363636363636376
2023-04-19,6840,6840,6530,6550,716020,-0.042397660818713434
2023-04-20,6460,6540,6360,6390,514907,-0.02442748091603053
2023-04-21,6330,6460,6300,6390,338087,0.0
2023-04-24,6310,6420,6240,6270,368933,-0.018779342723004744
2023-04-25,6290,6300,6100,6120,447334,-0.02392344497607657
2023-04-26,6070,6200,5910,6030,342920,-0.014705882352941124
2023-04-27,6080,6100,5880,6070,309502,0.0066334991708125735
2023-04-28,6040,6150,5950,6000,377417,-0.011532125205930832
2023-05-02,6000,6140,5940,6040,235469,0.006666666666666599
2023-05-03,5970,6110,5960,5990,262570,-0.008278145695364225
2023-05-04,5990,6080,5930,6040,229271,0.008347245409014992
2023-05-08,6040,6160,5980,5980,289484,-0.009933774834437137
2023-05-09,5920,6020,5900,5900,322416,-0.013377926421404673
2023-05-10,5880,5890,5700,5730,505026,-0.028813559322033888
2023-05-11,5790,6010,5720,5720,483700,-0.0017452006980802626
2023-05-12,5770,5820,5500,5520,628272,-0.034965034965035
2023-05-15,5510,5510,5250,5310,613594,-0.03804347826086951
2023-05-16,5230,5410,5190,5200,445398,-0.020715630885122405
2023-05-17,4500,4940,4105,4865,3165296,-0.06442307692307692
2023-05-18,4865,4870,4545,4615,1161554,-0.05138746145940387
2023-05-19,4615,4980,4610,4915,1336444,0.06500541711809316
2023-05-22,4925,4990,4750,4960,474615,0.00915564598168861
2023-05-23,4960,5240,4950,5230,658119,0.05443548387096775
2023-05-24,5190,5240,5050,5060,451803,-0.0325047801147228
2023-05-25,5100,5200,5050,5060,242544,0.0
2023-05-26,5060,5100,4975,5060,202850,0.0
2023-05-30,5100,5150,5030,5100,212238,0.007905138339920903
2023-05-31,5090,5100,4980,5000,302828,-0.019607843137254943
2023-06-01,5000,5150,5000,5080,386597,0.016000000000000014
2023-06-02,5090,5120,4965,5060,352309,-0.003937007874015741
2023-06-05,5060,5110,4995,5100,204556,0.007905138339920903
2023-06-07,5100,5140,4975,4975,410146,-0.02450980392156865
2023-06-08,5000,5000,4845,4845,325109,-0.026130653266331683
2023-06-09,4860,5100,4860,4910,603221,0.013415892672858698
2023-06-12,5000,5020,4665,4665,696113,-0.04989816700610994
2023-06-13,4700,4840,4655,4655,506668,-0.002143622722400873
2023-06-14,4660,4750,4555,4585,379229,-0.015037593984962405
2023-06-15,4580,4650,4400,4440,419965,-0.031624863685932425
2023-06-16,4450,4520,4435,4490,296891,0.011261261261261257
2023-06-19,4490,4490,4375,4405,275285,-0.018930957683741645
2023-06-20,4395,4420,4220,4220,416389,-0.041997729852440435
2023-06-21,4190,4240,4120,4160,375794,-0.014218009478673022
2023-06-22,4125,4200,4110,4130,219548,-0.007211538461538436
2023-06-23,4130,4170,4085,4110,247697,-0.004842615012106588
2023-06-26,4080,4165,3975,4065,322725,-0.010948905109489093
2023-06-27,4050,4105,3960,3985,312491,-0.019680196801967975
2023-06-28,3990,4040,3905,3925,328812,-0.01505646173149311
2023-06-29,3930,3940,3845,3890,325995,-0.008917197452229297
2023-06-30,3865,3930,3810,3900,273325,0.0025706940874035134
2023-07-03,3910,4045,3855,3875,337846,-0.0064102564102563875
2023-07-04,3875,3895,3740,3775,338142,-0.02580645161290318
2023-07-05,3775,3845,3745,3745,256561,-0.007947019867549643
2023-07-06,3740,3745,3590,3630,384064,-0.03070761014686252
2023-07-07,3700,3700,3515,3535,336632,-0.026170798898071612
2023-07-10,3540,3695,3535,3620,320890,0.0240452616690241
2023-07-11,3670,3790,3610,3650,401941,0.008287292817679592
2023-07-12,3650,3725,3630,3695,226120,0.012328767123287676
2023-07-13,3820,4685,3790,4020,6412490,0.08795669824086594
2023-07-14,4020,4025,3790,3800,849775,-0.05472636815920395
2023-07-17,3760,3800,3665,3720,438097,-0.021052631578947323
2023-07-18,3715,3765,3625,3650,484635,-0.018817204301075252
2023-07-19,3655,3695,3545,3655,449822,0.00136986301369868
2023-07-20,3605,3950,3555,3730,852825,0.020519835841313228
2023-07-21,3750,4385,3710,4040,6291397,0.08310991957104563
2023-07-24,3960,4340,3820,4085,2640856,0.011138613861386037
2023-07-25,4050,4070,3870,3885,909210,-0.0489596083231334
2023-07-26,3790,3845,3540,3605,1273789,-0.07207207207207211
2023-07-27,3615,4190,3615,4105,2175092,0.1386962552011095
2023-07-28,4090,4145,3900,4045,830953,-0.01461632155907433
2023-07-31,4045,4350,4045,4300,1476707,0.06304079110012362
2023-08-01,4260,4545,4210,4400,1526042,0.023255813953488413
2023-08-02,4395,4445,4240,4260,676523,-0.03181818181818186
2023-08-03,4200,4740,4150,4670,5036477,0.096244131455399
2023-08-04,4925,5190,4465,4700,3412348,0.0064239828693790635
2023-08-07,4750,5100,4670,4935,2341088,0.050000000000000044
2023-08-08,4875,4910,4555,4555,942609,-0.07700101317122598
2023-08-09,4645,4905,4640,4795,1005239,0.05268935236004402
2023-08-10,4665,4885,4620,4660,625563,-0.028154327424400383
2023-08-11,4675,4675,4510,4535,648092,-0.02682403433476399
2023-08-14,4535,4535,4395,4405,492061,-0.02866593164277842
2023-08-16,4300,4420,4295,4320,393012,-0.0192962542565267
2023-08-17,4360,4360,4000,4060,628509,-0.06018518518518523
2023-08-18,4055,4635,4055,4390,2176398,0.08128078817733986
2023-08-21,4405,4670,4385,4385,771500,-0.001138952164009166
2023-08-22,4320,4370,4215,4235,457743,-0.03420752565564422
2023-08-23,4235,4235,4045,4050,510013,-0.04368358913813464
2023-08-24,4045,4190,4040,4075,431953,0.006172839506172867
2023-08-25,4170,4315,4055,4080,580781,0.0012269938650306678
2023-08-28,4035,4140,4015,4100,315112,0.004901960784313708
2023-08-29,4100,4185,4055,4145,274273,0.01097560975609757
2023-08-30,4145,4195,4060,4085,523234,-0.014475271411338975
2023-08-31,4055,4075,3820,3905,1325596,-0.044063647490820035
2023-09-01,3870,3900,3810,3815,398987,-0.023047375160051176
2023-09-04,3805,3900,3760,3810,380660,-0.001310615989515096
2023-09-05,3850,3850,3750,3805,244978,-0.001312335958005284
2023-09-06,3800,3865,3765,3800,222923,-0.0013140604467805073
2023-09-07,3845,3945,3795,3800,499790,0.0
2023-09-08,3865,4075,3815,3910,756950,0.02894736842105261
2023-09-11,4000,4125,3910,3920,767158,0.002557544757033181
2023-09-12,3945,3945,3815,3825,396190,-0.02423469387755106
2023-09-13,3825,3835,3685,3700,426042,-0.0326797385620915
2023-09-14,3700,3730,3650,3720,289303,0.00540540540540535
2023-09-15,3700,3755,3675,3675,357320,-0.012096774193548376
2023-09-18,3685,3720,3675,3685,136593,0.0027210884353741083
2023-09-19,3675,3690,3600,3630,252206,-0.014925373134328401
2023-09-20,3570,3620,3560,3580,192814,-0.01377410468319562
2023-09-21,3585,3595,3495,3510,246691,-0.019553072625698276
2023-09-22,3450,3600,3450,3560,210420,0.014245014245014342
2023-09-25,3560,3620,3500,3505,155579,-0.015449438202247201
2023-09-26,3500,3545,3480,3485,164016,-0.005706134094151216
2023-09-27,3450,3570,3430,3535,163636,0.01434720229555242
2023-10-04,3500,3500,3385,3400,174053,-0.038189533239038176
2023-10-05,3355,3445,3350,3365,133708,-0.010294117647058787
2023-10-06,3300,3435,3300,3380,146888,0.004457652303120341
2023-10-10,3360,3495,3210,3210,327702,-0.050295857988165715
2023-10-11,3355,3445,3300,3325,301505,0.03582554517133962
2023-10-12,3430,3430,3340,3365,118577,0.012030075187969835
2023-10-13,3370,3370,3265,3290,146494,-0.022288261515601815
2023-10-16,3250,3265,3100,3145,253819,-0.04407294832826747
2023-10-17,3145,3240,3145,3200,146837,0.01748807631160565
2023-10-18,3200,3225,3095,3120,188089,-0.025000000000000022
2023-10-19,3090,3090,2840,2940,724271,-0.05769230769230771
2023-10-20,2940,3000,2850,2950,365047,0.00340136054421758
2023-10-23,2950,3055,2935,2970,176453,0.006779661016949046
2023-10-24,2930,3020,2790,3020,368779,0.01683501683501687
2023-10-25,3020,3055,2950,2965,157552,-0.018211920529801362
2023-10-26,2880,2915,2845,2875,174285,-0.030354131534570006
2023-10-27,2860,2930,2815,2870,133638,-0.0017391304347825765
2023-10-30,2870,2960,2810,2930,124575,0.020905923344947785
2023-10-31,2930,2960,2825,2830,139924,-0.03412969283276446
2023-11-01,2850,2880,2820,2830,102992,0.0
2023-11-02,2850,2940,2850,2925,212327,0.03356890459363959
2023-11-03,2950,2960,2890,2950,210871,0.008547008547008517
2023-11-06,3005,3115,2940,3090,384957,0.047457627118643986
2023-11-07,3080,3110,2975,3045,397694,-0.014563106796116498
2023-11-08,3175,3255,3105,3160,621296,0.03776683087027921
2023-11-09,3150,3175,3015,3020,270186,-0.044303797468354444
2023-11-10,2990,3020,2930,3000,166701,-0.0066225165562914245
2023-11-13,3000,3025,2890,2905,221729,-0.03166666666666662
2023-11-14,2900,2995,2900,2960,152133,0.018932874354561147
2023-11-15,3040,3085,3000,3085,290034,0.042229729729729826
2023-11-16,3085,3100,3030,3045,113653,-0.012965964343598091
2023-11-17,3065,3660,3025,3430,6120669,0.12643678160919536
2023-11-20,3390,3430,3235,3305,1127989,-0.036443148688046656
2023-11-21,3305,3310,3185,3240,674145,-0.01966717095310133
2023-11-22,3225,3235,3145,3150,360337,-0.02777777777777779
2023-11-23,3150,3245,3110,3180,563280,0.00952380952380949
2023-11-24,3210,3210,3070,3090,482018,-0.028301886792452824
2023-11-27,3085,3115,3020,3035,324524,-0.017799352750809017
2023-11-28,3030,3330,2905,3195,2209745,0.05271828665568368
2023-11-29,3040,3065,2975,2980,812685,-0.06729264475743346
2023-11-30,2980,3030,2925,2925,1304088,-0.01845637583892612
2023-12-01,2935,2950,2885,2900,600473,-0.008547008547008517
2023-12-04,2900,2940,2865,2900,398164,0.0
2023-12-05,2860,2890,2820,2885,591605,-0.005172413793103403
2023-12-06,2900,2980,2880,2885,952381,0.0
2023-12-07,2890,2925,2860,2865,350488,-0.006932409012131768
2023-12-08,2870,2880,2820,2825,452471,-0.013961605584642212
2023-12-11,2845,2865,2825,2830,270347,0.001769911504424737
2023-12-12,2825,2850,2800,2805,277481,-0.00883392226148405
2023-12-13,2820,2830,2760,2760,421763,-0.016042780748663055
2023-12-14,2770,2800,2755,2755,268138,-0.0018115942028985588
2023-12-15,2755,2760,2690,2730,891604,-0.00907441016333943
2023-12-18,2730,2750,2710,2750,293840,0.0073260073260073
2023-12-19,2725,2830,2725,2795,454846,0.016363636363636358
2023-12-20,2795,2875,2795,2835,400343,0.014311270125223707
2023-12-21,2835,2855,2765,2765,270570,-0.024691358024691357
2023-12-22,2780,2820,2725,2815,255264,0.018083182640144635
2023-12-26,2840,2860,2775,2775,321270,-0.014209591474245165
2023-12-27,2765,2820,2750,2775,279111,0.0
2023-12-28,2775,2855,2775,2840,368908,0.023423423423423406
2024-01-02,2830,2880,2795,2865,357648,0.008802816901408494
2024-01-03,2885,2960,2850,2875,392986,0.003490401396160525
2024-01-04,2840,2840,2775,2795,358797,-0.02782608695652178
2024-01-05,2795,2800,2750,2760,281498,-0.012522361359570633
2024-01-08,2765,2820,2755,2770,323940,0.0036231884057971175
2024-01-09,2775,2815,2760,2810,373864,0.014440433212996373
2024-01-10,2810,2820,2725,2740,353570,-0.02491103202846978
2024-01-11,2735,2800,2735,2785,206832,0.01642335766423364
2024-01-12,2790,2800,2695,2710,338702,-0.026929982046678624
2024-01-15,2700,2720,2630,2645,347158,-0.023985239852398532
2024-01-16,2645,2675,2600,2640,251304,-0.001890359168241984
2024-01-17,2640,2675,2510,2515,374319,-0.04734848484848486
2024-01-18,2520,3265,2485,2810,13218108,0.11729622266401596
2024-01-19,2780,2845,2680,2700,1361258,-0.039145907473309594
2024-01-22,2745,2745,2625,2630,595461,-0.025925925925925908
2024-01-23,2650,2720,2630,2675,401006,0.017110266159695797
2024-01-24,2700,2700,2605,2615,269408,-0.02242990654205612
2024-01-25,2615,2620,2560,2575,351775,-0.015296367112810683
2024-01-26,2620,2625,2565,2600,215700,0.009708737864077666
2024-01-29,2625,2645,2585,2605,293432,0.0019230769230769162
2024-01-30,2620,2630,2580,2585,216750,-0.007677543186180413
2024-01-31,2580,2580,2515,2525,281920,-0.023210831721469982
2024-02-01,2525,2570,2525,2565,271978,0.015841584158415856
2024-02-02,2590,2640,2565,2600,257601,0.013645224171539905
2024-02-05,2630,2675,2605,2625,224233,0.009615384615384581
2024-02-06,2625,2630,2585,2610,138849,-0.005714285714285672
2024-02-07,2620,2645,2590,2615,348732,0.0019157088122605526
2024-02-08,2600,2620,2570,2590,211533,-0.009560229445506718
2024-02-13,2600,2635,2575,2635,342215,0.01737451737451745
2024-02-14,2635,2640,2595,2620,169187,-0.005692599620493399
2024-02-15,2620,2665,2605,2630,279934,0.003816793893129722
2024-02-16,2625,2650,2605,2650,252949,0.0076045627376426506
2024-02-19,2625,2665,2620,2635,289101,-0.005660377358490565
2024-02-20,2630,2685,2615,2680,265957,0.017077798861480087
2024-02-21,2680,2680,2625,2665,226036,-0.005597014925373123
2024-02-22,2640,2665,2580,2585,324121,-0.030018761726078758
2024-02-23,2580,2590,2540,2555,341650,-0.011605415860735047
2024-02-26,2555,2570,2525,2525,218792,-0.011741682974559686
2024-02-27,2520,2535,2485,2515,322475,-0.003960396039603964
2024-02-28,2515,2545,2500,2540,128615,0.00994035785288272
2024-02-29,2545,2565,2500,2555,171433,0.0059055118110236116
2024-03-04,2560,2560,2505,2515,189360,-0.015655577299412915
2024-03-05,2515,2525,2490,2495,203541,-0.007952286282306154
2024-03-06,2500,2525,2485,2505,175048,0.004008016032064132
2024-03-07,2505,2515,2470,2475,244121,-0.0119760479041916
2024-03-08,2460,2500,2455,2470,187403,-0.002020202020202033
2024-03-11,2470,2610,2470,2505,355862,0.014170040485830038
2024-03-12,2490,2550,2475,2520,202695,0.0059880239520957446
2024-03-13,2510,2560,2490,2510,252607,-0.003968253968253954
2024-03-14,2520,2540,2500,2515,166606,0.0019920318725099584
2024-03-15,2480,2525,2440,2440,403200,-0.02982107355864816
2024-03-18,2455,2520,2440,2515,247794,0.03073770491803285
2024-03-19,2515,2515,2465,2480,217319,-0.013916500994035741
2024-03-20,2460,2670,2435,2585,1444417,0.04233870967741926
2024-03-21,2530,2630,2530,2565,505911,-0.007736943907156624
2024-03-22,2565,2765,2520,2685,1724664,0.04678362573099415
2024-03-25,2680,2680,2260,2390,3175316,-0.1098696461824954
2024-03-26,2620,2950,2600,2785,12507721,0.16527196652719667
2024-03-27,2720,2735,2635,2705,1523791,-0.02872531418312385
2024-03-28,2705,2705,2595,2595,732626,-0.0406654343807763
2024-03-29,2580,2625,2525,2535,567341,-0.023121387283236983
2024-04-01,2500,2550,2450,2530,461644,-0.0019723865877712132
2024-04-02,2500,2500,2460,2485,419219,-0.017786561264822143
2024-04-03,2485,2545,2400,2505,461692,0.008048289738430636
2024-04-04,2550,2715,2475,2480,1067556,-0.009980039920159722
2024-04-05,2450,2480,2435,2450,263279,-0.012096774193548376
2024-04-08,2450,2460,2390,2395,378449,-0.022448979591836782
2024-04-09,2395,2425,2345,2365,307040,-0.012526096033402934
2024-04-11,2330,2340,2250,2265,375019,-0.04228329809725162
2024-04-12,2225,2290,2225,2280,226707,0.0066225165562914245
2024-04-15,2225,2360,2225,2270,273115,-0.004385964912280715
2024-04-16,2260,2300,2250,2250,206584,-0.008810572687224627
2024-04-17,2250,2275,2240,2255,163343,0.0022222222222221255
2024-04-18,2240,2295,2240,2285,135199,0.013303769401330268
2024-04-19,2285,2655,2285,2370,2049884,0.03719912472647713
2024-04-22,2370,2475,2340,2435,551305,0.02742616033755274
2024-04-23,2470,2470,2385,2400,240033,-0.014373716632443578
2024-04-24,2410,2435,2385,2420,182463,0.008333333333333304
2024-04-25,2410,2430,2380,2385,166465,-0.01446280991735538
2024-04-26,2360,2400,2335,2375,194949,-0.004192872117400381
2024-04-29,2375,2435,2375,2435,253968,0.025263157894736876
2024-04-30,2455,2485,2435,2460,174685,0.010266940451745477
2024-05-02,2455,2470,2420,2425,152896,-0.014227642276422814
2024-05-03,2425,2440,2405,2405,145243,-0.008247422680412342
2024-05-07,2405,2435,2400,2410,139416,0.0020790020790020236
2024-05-08,2395,2420,2390,2410,95459,0.0
2024-05-09,2400,2420,2365,2375,143373,-0.014522821576763434
2024-05-10,2400,2400,2360,2375,138495,0.0
2024-05-13,2400,2520,2375,2410,603191,0.01473684210526316
2024-05-14,2420,2440,2400,2410,181774,0.0
2024-05-16,2410,2425,2385,2405,187141,-0.0020746887966804906
2024-05-17,2400,2410,2370,2380,183137,-0.01039501039501034
2024-05-20,2385,2390,2325,2335,248928,-0.018907563025210128
2024-05-21,2315,2355,2315,2340,131388,0.0021413276231263545
2024-05-22,2340,2355,2305,2310,204813,-0.012820512820512775
2024-05-23,2310,2320,2290,2305,169591,-0.0021645021645021467
2024-05-24,2320,2320,2275,2285,169830,-0.008676789587852451
2024-05-27,2290,2325,2270,2280,129398,-0.002188183807439792
2024-05-28,2280,2285,2245,2260,193042,-0.00877192982456143
2024-05-29,2255,2260,2235,2240,164967,-0.008849557522123908
2024-05-30,2240,2275,2235,2245,156176,0.0022321428571427937
2024-05-31,2250,2280,2240,2265,107985,0.008908685968819663
2024-06-03,2335,2335,2275,2290,175311,0.011037527593819041
2024-06-04,2300,2310,2265,2270,164393,-0.008733624454148492
2024-06-05,2270,2300,2260,2270,104603,0.0
2024-06-07,2295,2295,2260,2265,106878,-0.0022026431718061845
2024-06-10,2265,2290,2250,2250,145210,-0.0066225165562914245
2024-06-11,2275,2275,2240,2245,126241,-0.0022222222222222365
2024-06-12,2255,2265,2230,2230,183012,-0.006681514476614692
2024-06-13,2230,2245,2225,2230,149115,0.0
2024-06-14,2230,2250,2215,2220,154065,-0.004484304932735439
2024-06-17,2225,2250,2215,2240,177902,0.009009009009008917
2024-06-18,2255,2320,2235,2250,281179,0.0044642857142858094
2024-06-19,2250,2280,2240,2255,284908,0.0022222222222221255
2024-06-20,2270,2270,2220,2220,152234,-0.01552106430155209
2024-06-21,2225,2250,2160,2170,297590,-0.022522522522522515
2024-06-24,2170,2190,2100,2125,254255,-0.020737327188940058
2024-06-25,2130,2245,2065,2100,436833,-0.0117647058823529
2024-06-26,2100,2125,2085,2100,132268,0.0
2024-06-27,2100,2105,2040,2050,138521,-0.023809523809523836
2024-06-28,2040,2070,2025,2045,159372,-0.0024390243902439046
2024-07-01,2050,2130,2045,2100,222386,0.02689486552567244
2024-07-02,2085,2275,2055,2120,685908,0.00952380952380949
2024-07-03,2120,2165,2060,2060,218862,-0.028301886792452824
2024-07-04,2075,2080,2000,2025,228829,-0.016990291262135915
2024-07-05,1996,2060,1996,2020,192418,-0.0024691358024691024
2024-07-08,2030,2175,2020,2140,405172,0.05940594059405946
2024-07-09,2140,2165,2090,2100,188185,-0.01869158878504673
2024-07-10,2090,2120,2090,2100,137175,0.0
2024-07-11,2105,2105,2060,2065,173513,-0.01666666666666672
2024-07-12,2055,2150,2050,2125,253959,0.029055690072639306
2024-07-15,2160,2190,2100,2135,151292,0.004705882352941115
2024-07-16,2115,2135,2050,2065,198613,-0.032786885245901676
2024-07-17,2065,2105,2060,2080,131848,0.007263922518159882
2024-07-18,2080,2080,2035,2055,118482,-0.012019230769230727
2024-07-19,2055,2065,2020,2065,134383,0.0048661800486617945
2024-07-22,2065,2230,2060,2075,550009,0.004842615012106588
2024-07-23,2075,2200,2075,2150,430506,0.03614457831325302
2024-07-24,2180,2220,2130,2205,361781,0.0255813953488373
2024-07-25,2185,2225,2120,2125,276081,-0.03628117913832196
2024-07-26,2105,2440,2090,2295,3220296,0.08000000000000007
2024-07-29,2270,2350,2230,2285,703593,-0.004357298474945481
2024-07-30,2260,2855,2260,2730,12124319,0.19474835886214437
2024-07-31,2745,3430,2740,3155,14332240,0.15567765567765557
2024-08-01,3160,3390,3120,3120,5109036,-0.011093502377179099
2024-08-02,3205,3465,2915,3145,7982963,0.008012820512820484
2024-08-05,3270,3440,2595,2880,4122102,-0.0842607313195548
2024-08-06,2920,3160,2880,3095,2144554,0.07465277777777768
2024-08-07,3295,3395,3100,3255,3662519,0.05169628432956386
2024-08-08,3225,3935,3145,3845,15202086,0.18125960061443935
2024-08-09,4315,4735,4020,4210,16716482,0.09492847854356312
2024-08-12,4215,4545,4075,4215,5997741,0.0011876484560569
2024-08-13,4215,4220,3635,3730,3771287,-0.11506524317912215
2024-08-14,3870,3930,3580,3845,3475255,0.030831099195710365
2024-08-16,3920,4225,3755,4080,4893218,0.061118335500650156
2024-08-19,4115,4450,4060,4105,5805256,0.006127450980392135
2024-08-20,4160,4255,3940,3965,2681725,-0.03410475030450666
2024-08-21,4000,4015,3710,3735,1786612,-0.058007566204287486
2024-08-22,3700,3700,3390,3535,1744690,-0.0535475234270415
2024-08-23,3445,3535,3200,3205,1552347,-0.09335219236209336
2024-08-26,3155,3265,3010,3070,1106724,-0.04212168486739465
2024-08-27,3050,3265,3010,3040,1142326,-0.009771986970684043
2024-08-28,3100,3105,2840,2900,1284120,-0.046052631578947345
2024-08-29,2830,2870,2720,2730,1015007,-0.05862068965517242
2024-08-30,2810,2815,2710,2755,479828,0.009157509157509125
2024-09-02,2755,2765,2600,2640,714917,-0.04174228675136116
2024-09-03,2665,2775,2640,2710,482896,0.026515151515151603
2024-09-04,2605,2705,2600,2655,411201,-0.020295202952029467
2024-09-05,2655,2700,2530,2585,364771,-0.026365348399246757
2024-09-06,2640,2640,2480,2510,339792,-0.029013539651837505
2024-09-09,2435,2575,2360,2560,549974,0.019920318725099584
2024-09-10,2530,2640,2450,2470,274367,-0.03515625
2024-09-11,2435,2640,2435,2505,430864,0.014170040485830038
2024-09-12,2505,2585,2505,2535,491820,0.011976047904191711
2024-09-13,2515,2600,2515,2595,355989,0.023668639053254337
2024-09-19,2595,2625,2350,2415,801362,-0.06936416184971095
2024-09-20,2465,2480,2390,2480,541893,0.0269151138716357
2024-09-23,2480,2600,2360,2450,700422,-0.012096774193548376
2024-09-24,2500,2500,2380,2450,258965,0.0
2024-09-25,2445,2490,2410,2440,289402,-0.004081632653061273
2024-09-26,2440,2550,2440,2520,414920,0.032786885245901676
2024-09-27,2520,2530,2465,2500,283775,-0.007936507936507908
2024-09-30,2505,2650,2505,2615,703167,0.04600000000000004
2024-10-02,2590,2590,2440,2460,523837,-0.05927342256214152
2024-10-04,2495,2495,2400,2400,279305,-0.024390243902439046
2024-10-07,2400,2410,2325,2395,238145,-0.002083333333333326
2024-10-08,2375,2455,2375,2405,194194,0.0041753653444676075
2024-10-10,2405,2440,2350,2370,189187,-0.014553014553014498
2024-10-11,2340,2395,2340,2385,221677,0.006329113924050667
2024-10-14,2385,2420,2300,2320,339251,-0.027253668763102756
2024-10-15,2320,2340,2260,2290,280272,-0.012931034482758674
2024-10-16,2270,2485,2260,2420,758661,0.05676855895196509
2024-10-17,2440,2440,2315,2345,377288,-0.030991735537190035
2024-10-18,2390,2505,2345,2485,773439,0.05970149253731338
2024-10-21,2485,2485,2345,2375,361468,-0.044265593561368166
2024-10-22,2345,2360,2280,2290,285499,-0.03578947368421048
2024-10-23,2280,2335,2260,2280,268307,-0.004366812227074246
2024-10-24,2280,2400,2215,2290,506369,0.004385964912280604
2024-10-25,2270,2320,2245,2255,234063,-0.015283842794759805
2024-10-28,2300,2300,2250,2285,133014,0.013303769401330268
2024-10-29,2290,2320,2260,2280,153496,-0.002188183807439792
2024-10-30,2280,2820,2280,2580,6449110,0.13157894736842102
2024-10-31,2530,2530,2410,2500,714828,-0.03100775193798455
2024-11-01,2505,2515,2370,2400,552637,-0.040000000000000036
2024-11-04,2405,2445,2365,2425,358181,0.01041666666666674
2024-11-05,2425,2455,2360,2375,302138,-0.020618556701030966
2024-11-06,2400,2430,2340,2370,298358,-0.002105263157894721
2024-11-07,2410,2410,2295,2315,281034,-0.02320675105485237
2024-11-08,2315,2380,2315,2345,202406,0.012958963282937441
2024-11-11,2340,2345,2230,2250,364216,-0.04051172707889128
2024-11-12,2240,2240,2125,2180,519389,-0.03111111111111109
2024-11-13,2150,2185,2080,2085,328011,-0.04357798165137616
2024-11-14,2085,2160,2070,2105,224325,0.00959232613908867
2024-11-15,2050,2130,2050,2125,241319,0.009501187648456089
2024-11-18,2125,2200,2100,2185,306661,0.028235294117647136
2024-11-19,2185,2230,2140,2190,219197,0.0022883295194509046
2024-11-20,2190,2250,2150,2190,194132,0.0
2024-11-21,2190,2240,2155,2180,213852,-0.004566210045662156
2024-11-22,2185,2215,2145,2145,201113,-0.016055045871559592
2024-11-25,2145,2220,2140,2200,280368,0.02564102564102555
2024-11-26,2195,2225,2170,2205,192208,0.002272727272727204
2024-11-27,2220,2245,2195,2195,198937,-0.0045351473922902175
2024-11-28,2195,2300,2195,2225,301467,0.013667425968109326
2024-11-29,2215,2225,2150,2160,233258,-0.02921348314606742
2024-12-02,2150,2185,2075,2115,237142,-0.02083333333333337
2024-12-03,2095,2180,2095,2180,151339,0.030732860520094496
2024-12-04,2130,2145,2075,2110,302699,-0.032110091743119296
2024-12-05,2115,2130,2065,2085,180156,-0.011848341232227444
2024-12-06,2075,2085,1980,2030,305872,-0.026378896882493952
2024-12-09,2005,2015,1835,1938,302820,-0.04532019704433499
2024-12-10,1927,2055,1927,2055,166630,0.06037151702786381
2024-12-11,2060,2130,2040,2115,150519,0.029197080291970767
2024-12-12,2130,2150,2050,2120,135854,0.0023640661938533203
2024-12-13,2100,2165,2100,2145,165796,0.011792452830188704
2024-12-16,2130,2170,2130,2165,160470,0.00932400932400923
2024-12-17,2165,2185,2105,2105,210628,-0.02771362586605086
2024-12-18,2155,2155,2100,2100,136257,-0.002375296912114022
2024-12-19,2120,2120,2020,2030,237630,-0.033333333333333326
2024-12-20,2010,2030,1987,1995,276960,-0.017241379310344862
2024-12-23,1996,2070,1996,2060,131911,0.032581453634085156
2024-12-24,2060,2060,2015,2025,109498,-0.016990291262135915
2024-12-26,2025,2055,1995,1997,215074,-0.01382716049382715
2024-12-27,1990,2020,1979,1993,136479,-0.0020030045067601643
2024-12-30,1995,2135,1994,2115,327220,0.06121424987456092
2025-01-02,2115,2205,2070,2200,247272,0.04018912529550822
2025-01-03,2270,2275,2155,2200,492988,0.0
2025-01-06,2240,2615,2225,2490,2881330,0.13181818181818183
2025-01-07,2500,2505,2380,2410,745600,-0.032128514056224855
2025-01-08,2500,2910,2480,2710,5926871,0.12448132780082988
2025-01-09,2790,3040,2725,2805,3970179,0.035055350553505615
2025-01-10,2810,2825,2650,2670,2397677,-0.048128342245989275
2025-01-13,2670,2790,2515,2515,851886,-0.05805243445692887
2025-01-14,2540,2560,2420,2450,715265,-0.025844930417495027
2025-01-15,2455,2465,2340,2365,663272,-0.03469387755102038
2025-01-16,2375,2410,2340,2345,337054,-0.008456659619450302
2025-01-17,2340,2450,2300,2400,626252,0.023454157782516027
2025-01-20,2400,2400,2265,2300,478541,-0.04166666666666663
2025-01-21,2300,2325,2260,2280,187772,-0.008695652173912993
2025-01-22,2265,2300,2260,2260,172271,-0.00877192982456143
2025-01-23,2250,2260,2190,2195,237090,-0.028761061946902644
2025-01-24,2195,2220,2175,2190,208893,-0.002277904328018221
2025-01-31,2230,2240,2120,2135,253994,-0.02511415525114158
2025-02-03,2065,2125,2035,2090,295449,-0.021077283372365363
