Date,Open,High,Low,Close,Volume,Change
2022-01-03,4531,4584,4531,4549,20761,0.0039726329728537735
2022-01-04,4547,4645,4503,4628,33847,0.017366454165750778
2022-01-05,4708,4770,4539,4637,75286,0.0019446845289541326
2022-01-06,4583,4761,4574,4628,52836,-0.0019409100711667016
2022-01-07,4583,4681,4557,4575,24267,-0.01145203111495241
2022-01-10,4592,4619,4539,4584,21053,0.0019672131147541183
2022-01-11,4566,4646,4566,4602,27168,0.003926701570680535
2022-01-12,4601,4771,4593,4691,20415,0.01933941764450231
2022-01-13,4690,4743,4619,4628,6889,-0.01342997228735876
2022-01-14,4601,4637,4539,4637,24210,0.0019446845289541326
2022-01-17,4725,4734,4521,4628,51454,-0.0019409100711667016
2022-01-18,4628,4655,4495,4504,44178,-0.026793431287813307
2022-01-19,4477,4504,4415,4451,24692,-0.011767317939609279
2022-01-20,4387,4922,4387,4566,258829,0.025836890586385053
2022-01-21,4575,4638,4486,4549,27228,-0.003723171265878178
2022-01-24,4522,4593,4406,4451,44538,-0.02154319630688062
2022-01-25,4450,4557,4299,4326,67140,-0.028083576724331594
2022-01-26,4316,4520,4298,4343,33896,0.003929727230698177
2022-01-27,4298,4512,4192,4388,62455,0.010361501266405782
2022-01-28,4388,4450,4281,4424,19494,0.008204193254329972
2022-02-03,4450,4672,4450,4628,35881,0.04611211573236895
2022-02-04,4628,4815,4503,4575,108510,-0.01145203111495241
2022-02-07,4583,4592,4539,4557,19347,-0.003934426229508237
2022-02-08,4557,4958,4557,4691,197834,0.02940531051130124
2022-02-09,4699,4975,4699,4895,66273,0.04348752931144739
2022-02-10,4975,4975,4770,4824,21518,-0.01450459652706848
2022-02-11,4779,4912,4690,4726,29453,-0.02031509121061359
2022-02-14,4655,4931,4592,4664,88694,-0.013118916631400745
2022-02-15,4797,4833,4601,4673,20932,0.0019296740994854122
2022-02-16,4699,4797,4663,4726,14675,0.011341750481489443
2022-02-17,4743,4761,4672,4726,19516,0.0
2022-02-18,4726,4735,4637,4691,16611,-0.007405840033855249
2022-02-21,4691,4753,4646,4718,7925,0.005755702408868135
2022-02-22,4655,4708,4539,4584,20950,-0.028401865197117404
2022-02-23,4584,5154,4548,4816,506174,0.05061082024432806
2022-02-24,4940,6258,4869,6258,1478803,0.2994186046511629
2022-02-25,6257,8127,6257,7228,10161873,0.155001597954618
2022-02-28,7263,7565,5803,6008,5437355,-0.1687880464858882
2022-03-02,6399,6560,5803,6026,2077409,0.0029960053262316766
2022-03-03,5927,6096,5696,5723,934399,-0.05028211085297041
2022-03-04,5758,6087,5455,5625,1379704,-0.017123886073737604
2022-03-07,5767,6497,5723,5937,4032109,0.055466666666666775
2022-03-08,6035,6177,5305,5519,1343346,-0.07040592892033015
2022-03-10,5162,5305,4931,5154,829839,-0.06613516941474906
2022-03-11,5224,5242,4913,5029,514742,-0.024253007372914248
2022-03-14,5028,5100,4895,5020,321881,-0.001789620202823583
2022-03-15,4939,5090,4832,4993,230724,-0.005378486055776843
2022-03-16,4985,5092,4914,5012,168573,0.003805327458441754
2022-03-17,5012,5056,4931,5012,210205,0.0
2022-03-18,5099,5233,5010,5189,378933,0.03531524341580217
2022-03-21,5216,5287,5082,5252,228785,0.012141067643091086
2022-03-22,5260,5411,5082,5091,494948,-0.03065498857578064
2022-03-23,5090,5259,4992,5162,380022,0.01394617953250843
2022-03-24,5144,5847,5118,5483,1936419,0.06218519953506396
2022-03-25,5429,5429,5126,5198,457132,-0.05197884369870509
2022-03-28,5153,5180,5011,5127,147115,-0.013659099653712925
2022-03-29,5074,5154,5056,5074,95803,-0.010337429295884548
2022-03-30,5074,5198,4976,5083,244485,0.0017737485218762838
2022-03-31,5199,5252,5083,5110,310435,0.0053118237261460255
2022-04-01,5109,5332,5047,5252,275634,0.02778864970645789
2022-04-04,5251,5376,5162,5341,173074,0.016945925361766978
2022-04-05,5403,5803,5225,5608,1336682,0.04999063845721774
2022-04-06,5643,5732,5376,5439,366255,-0.030135520684736128
2022-04-07,5412,5474,5207,5252,158798,-0.034381320095605794
2022-04-08,5207,5447,5207,5394,139685,0.02703731911652696
2022-04-11,5394,5465,5304,5394,98193,0.0
2022-04-12,5340,5643,5233,5394,527228,0.0
2022-04-13,5403,5447,5180,5252,228995,-0.02632554690396738
2022-04-14,5278,5278,5162,5198,99270,-0.010281797410510274
2022-04-15,5198,5367,5126,5305,103984,0.02058484032320118
2022-04-18,5340,5669,5304,5483,279878,0.03355325164938727
2022-04-19,5483,5697,5367,5617,242900,0.024439175633777177
2022-04-20,5643,6177,5500,5563,1285279,-0.009613672779063553
2022-04-21,5545,5786,5456,5519,352166,-0.007909401402121152
2022-04-22,5492,5937,5474,5768,777397,0.04511686899800682
2022-04-25,5777,5919,5572,5644,319135,-0.021497919556171974
2022-04-26,5643,6069,5625,5919,365390,0.04872430900070879
2022-04-27,5705,6150,5705,6142,731250,0.03767528298699108
2022-04-28,6061,6070,5785,5821,357649,-0.0522631064799739
2022-04-29,5829,7468,5519,6427,4977013,0.10410582374162525
2022-05-02,6311,6507,6035,6080,940222,-0.05399097557180643
2022-05-03,6044,6133,5883,5973,313282,-0.01759868421052635
2022-05-04,5945,6008,5733,5733,262009,-0.04018081366147663
2022-05-06,5715,5945,5679,5733,189646,0.0
2022-05-09,5732,5830,5581,5608,142750,-0.02180359323216463
2022-05-10,5411,5714,5403,5501,197448,-0.019079885877318126
2022-05-11,5527,5705,5500,5590,113538,0.01617887656789674
2022-05-12,5642,5642,5331,5331,140255,-0.04633273703041141
2022-05-13,5412,5421,5278,5341,98379,0.001875820671543904
2022-05-16,5384,5616,5366,5527,75942,0.03482493914997198
2022-05-17,5642,5642,5331,5367,112249,-0.02894879681563234
2022-05-18,5393,5500,5286,5331,116664,-0.006707657909446607
2022-05-19,5286,5286,5126,5189,61038,-0.026636653535921928
2022-05-20,5305,5385,5162,5341,52147,0.029292734630950168
2022-05-23,5492,6560,5385,5537,1349272,0.03669724770642202
2022-05-24,5581,5581,5376,5403,109504,-0.02420083077478774
2022-05-25,5385,5456,5296,5341,69579,-0.011475106422357939
2022-05-26,5394,5448,5323,5377,49629,0.006740310803220462
2022-05-27,5412,5492,5349,5439,58570,0.011530593267621292
2022-05-30,5474,5563,5412,5519,54940,0.014708586137157642
2022-05-31,5590,5590,5447,5519,55014,0.0
2022-06-02,5554,5590,5474,5537,62089,0.0032614604094944877
2022-06-03,5537,5581,5475,5475,45780,-0.011197399313707779
2022-06-07,5554,5572,5483,5519,67767,0.008036529680365279
2022-06-08,5519,5519,5457,5475,37644,-0.007972458778764291
2022-06-09,5437,5882,5429,5696,662907,0.04036529680365297
2022-06-10,5696,5767,5598,5625,110532,-0.012464887640449396
2022-06-13,5536,5590,5252,5252,195165,-0.0663111111111111
2022-06-14,5162,5234,5055,5145,86835,-0.020373191165270366
2022-06-15,5206,5447,5064,5100,91515,-0.008746355685131157
2022-06-16,5198,5323,5118,5172,32461,0.014117647058823568
2022-06-17,5046,5331,5011,5314,120330,0.027455529775715304
2022-06-20,5270,5341,4976,5012,80515,-0.05683101242002253
2022-06-21,5012,5074,4914,5012,30029,0.0
2022-06-22,4957,5099,4734,4806,61601,-0.041101356743814876
2022-06-23,4707,4796,4405,4441,156501,-0.07594673325010404
2022-06-24,4441,4779,4441,4557,68756,0.02612024318847106
2022-06-27,4673,4806,4557,4691,72696,0.02940531051130124
2022-06-28,4717,4744,4343,4664,101253,-0.005755702408868024
2022-06-29,4548,4690,4539,4575,27463,-0.019082332761578003
2022-06-30,4620,4620,4433,4451,45079,-0.027103825136612025
2022-07-01,4414,4494,4281,4397,42108,-0.012132105144911254
2022-07-04,4396,4449,4173,4245,45467,-0.03456902433477371
2022-07-05,4352,4441,4245,4361,25087,0.02732626619552425
2022-07-06,4423,4423,4325,4370,14324,0.0020637468470534603
2022-07-07,4423,4459,4370,4397,15258,0.00617848970251722
2022-07-08,4415,4486,4370,4451,25656,0.012281100750511698
2022-07-11,4539,4548,4441,4495,26677,0.009885419006964824
2022-07-12,4459,4503,4370,4379,25348,-0.02580645161290318
2022-07-13,4432,4530,4334,4370,44360,-0.002055263758849013
2022-07-14,4415,4593,4343,4415,41554,0.010297482837528626
2022-07-15,4432,4450,4325,4397,21147,-0.004077010192525488
2022-07-18,4432,4441,4361,4406,26761,0.002046850125085209
2022-07-19,4441,4486,4326,4433,17068,0.006128007262823365
2022-07-20,4503,4628,4459,4584,37842,0.03406271148206641
2022-07-21,4583,4592,4485,4557,16257,-0.005890052356020914
2022-07-22,4574,4574,4459,4477,23325,-0.017555409260478383
2022-07-25,4512,4530,4450,4468,14794,-0.002010274737547446
2022-07-26,4494,4503,4396,4468,27355,0.0
2022-07-27,4468,4485,4414,4477,17440,0.002014324082363572
2022-07-28,4503,4503,4414,4459,18044,-0.004020549475094892
2022-07-29,4468,4494,4441,4486,17493,0.00605516932047534
2022-08-01,4468,4494,4423,4468,18899,-0.004012483281319645
2022-08-02,4495,4495,4388,4424,25577,-0.009847806624888045
2022-08-03,4451,4459,4397,4451,19052,0.006103074141048825
2022-08-04,4450,4485,4450,4477,11789,0.005841383958661073
2022-08-05,4468,4548,4468,4513,30986,0.008041098950189784
2022-08-08,4485,4619,4450,4566,34981,0.011743851096831293
2022-08-09,4566,4575,4504,4522,12869,-0.009636443276390683
2022-08-10,4512,4512,4423,4441,22931,-0.017912428129146396
2022-08-11,4459,4521,4459,4486,9149,0.010132852961044714
2022-08-12,4495,4521,4450,4495,9255,0.002006241640659878
2022-08-16,4530,4530,4468,4477,11659,-0.004004449388209097
2022-08-17,4485,4566,4450,4477,21350,0.0
2022-08-18,4476,5687,4432,4726,3222188,0.05561760107214653
2022-08-19,4753,5341,4647,4745,1172288,0.0040203131612357446
2022-08-22,4753,4949,4628,4691,228329,-0.01138040042149635
2022-08-23,4788,5251,4654,4922,1559116,0.04924323172031553
2022-08-24,4922,4922,4762,4878,118996,-0.008939455505891925
2022-08-25,4896,4896,4753,4816,79230,-0.012710127101271063
2022-08-26,4806,4806,4708,4771,81015,-0.009343853820597992
2022-08-29,4637,4788,4637,4753,54416,-0.003772793963529697
2022-08-30,4726,4851,4709,4816,81616,0.013254786450662692
2022-08-31,4815,4815,4735,4762,36934,-0.011212624584717612
2022-09-01,4717,4797,4637,4673,62481,-0.01868962620747583
2022-09-02,4681,4725,4574,4628,48498,-0.009629788144660867
2022-09-05,4628,4645,4521,4539,46963,-0.019230769230769273
2022-09-06,4566,4610,4405,4477,107955,-0.013659396342806773
2022-09-07,4512,4521,4325,4406,39816,-0.015858834040652248
2022-09-08,4405,4450,4361,4379,27470,-0.006128007262823476
2022-09-13,4378,4467,4378,4441,19318,0.014158483672071176
2022-09-14,4361,4423,4334,4370,28581,-0.015987390227426235
2022-09-15,4406,4415,4344,4353,21638,-0.0038901601830663157
2022-09-16,4334,4361,4272,4272,24192,-0.01860785665058584
2022-09-19,4299,4299,4139,4184,24868,-0.02059925093632964
2022-09-20,4183,4219,4130,4166,26096,-0.004302103250477973
2022-09-21,4174,4174,4032,4059,26753,-0.025684109457513205
2022-09-22,4103,4281,4005,4184,47466,0.03079576250307947
2022-09-23,4219,4228,4066,4139,17516,-0.010755258126195044
2022-09-26,4076,4076,3729,3738,58908,-0.0968833051461706
2022-09-27,3711,3818,3604,3694,34154,-0.011771000535045428
2022-09-28,3738,3818,3560,3649,33959,-0.012181916621548439
2022-09-29,3658,3783,3623,3632,23933,-0.004658810633050181
2022-09-30,3515,3639,3515,3613,23826,-0.005231277533039647
2022-10-04,3631,3738,3569,3703,15975,0.024910047052311146
2022-10-05,3747,3782,3631,3676,27287,-0.0072913853632190495
2022-10-06,3702,3729,3622,3667,26829,-0.002448313384113221
2022-10-07,3684,3791,3622,3711,20110,0.011998909190073626
2022-10-11,3658,3667,3569,3578,16808,-0.03583939638911349
2022-10-12,3578,3738,3578,3578,18123,0.0
2022-10-13,3578,3693,3462,3507,21653,-0.019843487982112884
2022-10-14,3622,3622,3488,3542,26239,0.009980039920159722
2022-10-17,3515,3586,3462,3569,21065,0.007622811970638077
2022-10-18,3622,3649,3515,3587,18559,0.005043429532081811
2022-10-19,3632,3685,3587,3632,16234,0.01254530248118213
2022-10-20,3622,3658,3569,3596,26133,-0.009911894273127775
2022-10-21,3622,4094,3604,3747,318765,0.04199110122358185
2022-10-24,3809,3827,3774,3801,36047,0.014411529223378627
2022-10-25,3799,3817,3737,3782,17445,-0.0049986845566956095
2022-10-26,3782,3818,3711,3738,17645,-0.011634056054997344
2022-10-27,3765,3800,3658,3774,18942,0.009630818619582593
2022-10-28,3728,3799,3684,3684,11977,-0.02384737678855331
2022-10-31,3693,3755,3684,3738,4126,0.014657980456026065
2022-11-01,3774,3809,3738,3774,5927,0.009630818619582593
2022-11-02,3773,3791,3720,3756,15357,-0.004769475357710662
2022-11-03,3711,3738,3685,3703,10549,-0.014110756123535628
2022-11-04,3701,3782,3568,3613,36197,-0.024304617877396684
2022-11-07,3639,3666,3604,3613,10097,0.0
2022-11-08,3613,3915,3613,3720,47834,0.029615278162192116
2022-11-09,3676,3774,3667,3774,15391,0.014516129032257963
2022-11-10,3747,3765,3694,3730,14732,-0.011658717541070507
2022-11-11,3746,3764,3648,3720,50833,-0.002680965147453085
2022-11-14,3711,3728,3684,3720,14144,0.0
2022-11-15,3738,3952,3738,3872,83439,0.04086021505376336
2022-11-16,3951,3969,3871,3916,43465,0.011363636363636465
2022-11-17,3916,3952,3818,3890,19997,-0.006639427987742641
2022-11-18,3907,3934,3836,3845,8755,-0.011568123393316143
2022-11-21,3853,3915,3782,3809,17813,-0.009362808842652837
2022-11-22,3808,3835,3720,3720,16540,-0.02336571278550803
2022-11-23,3782,3818,3729,3818,11694,0.026344086021505397
2022-11-24,3862,3907,3835,3907,12831,0.023310633839706663
2022-11-25,3907,3934,3889,3934,14876,0.006910673150755109
2022-11-28,3925,3960,3863,3863,17586,-0.01804778851042199
2022-11-29,3827,3916,3791,3863,19857,0.0
2022-11-30,3979,3979,3863,3899,21030,0.009319181982914815
2022-12-01,3952,4005,3899,3997,33428,0.025134649910233398
2022-12-02,3996,3996,3907,3943,9631,-0.013510132599449554
2022-12-05,3952,3960,3934,3952,10037,0.002282525995434881
2022-12-06,3951,3951,3871,3880,18511,-0.018218623481781382
2022-12-07,3844,3907,3791,3907,14060,0.006958762886597913
2022-12-08,3872,4014,3783,3890,23151,-0.0043511645764012785
2022-12-09,3889,3969,3853,3925,16009,0.008997429305912519
2022-12-12,3942,3942,3871,3907,8498,-0.004585987261146451
2022-12-13,3925,3934,3881,3899,12515,-0.00204760685948302
2022-12-14,3898,3934,3898,3934,7275,0.008976660682226134
2022-12-15,3907,3925,3854,3863,11624,-0.01804778851042199
2022-12-16,3827,3934,3773,3854,29576,-0.002329795495728759
2022-12-19,3818,3880,3809,3854,4061,0.0
2022-12-20,3818,3933,3720,3747,30321,-0.027763362740010344
2022-12-21,3791,3791,3667,3694,9627,-0.014144649052575398
2022-12-22,3702,3871,3693,3818,25158,0.03356794802382246
2022-12-23,3801,4006,3747,3828,60959,0.002619172341540077
2022-12-26,3791,3844,3711,3711,24509,-0.030564263322883978
2022-12-27,3747,3827,3693,3774,15099,0.016976556184316927
2022-12-28,3747,3827,3693,3756,19617,-0.004769475357710662
2022-12-29,3738,3996,3622,3658,46361,-0.026091586794462218
2023-01-02,3738,3738,3604,3658,13008,0.0
2023-01-03,3649,3649,3489,3525,18841,-0.0363586659376709
2023-01-04,3543,3543,3400,3463,49442,-0.017588652482269485
2023-01-05,3497,3515,3453,3480,17663,0.004909038406006427
2023-01-06,3488,3738,3417,3471,53330,-0.002586206896551757
2023-01-09,3525,3578,3489,3561,10976,0.025929127052722656
2023-01-10,3561,3614,3552,3561,16438,0.0
2023-01-11,3568,3675,3559,3640,26186,0.02218477955630438
2023-01-12,3702,3711,3622,3694,12529,0.014835164835164782
2023-01-13,3693,3800,3693,3738,16431,0.011911207363291876
2023-01-16,3783,3791,3560,3694,27601,-0.011771000535045428
2023-01-17,3729,3729,3658,3658,6182,-0.009745533297238818
2023-01-18,3658,3720,3631,3694,4252,0.009841443411700457
2023-01-19,3667,3703,3649,3703,4088,0.002436383324309732
2023-01-20,3702,3738,3613,3649,10982,-0.014582770726437988
2023-01-25,3667,3693,3658,3676,9150,0.0073992874760209215
2023-01-26,3720,3764,3658,3658,18627,-0.004896626768226331
2023-01-27,3684,3746,3657,3684,13948,0.0071077091306726015
2023-01-30,3693,3809,3666,3756,14586,0.019543973941368087
2023-01-31,3755,3755,3684,3711,12327,-0.011980830670926479
2023-02-01,3711,3827,3711,3765,25006,0.014551333872271588
2023-02-02,3809,3863,3747,3774,26074,0.0023904382470119057
2023-02-03,3791,3818,3756,3765,22369,-0.0023847376788552754
2023-02-06,3790,3790,3684,3684,11761,-0.021513944223107595
2023-02-07,3693,3746,3684,3711,12327,0.0073289902280129215
2023-02-08,3738,3764,3693,3747,16191,0.009700889248181133
2023-02-09,3720,3755,3693,3738,9398,-0.0024019215372297342
2023-02-10,3729,3729,3658,3694,12592,-0.011771000535045428
2023-02-13,3692,3737,3639,3684,13339,-0.002707092582566295
2023-02-14,3684,3711,3613,3640,23695,-0.011943539630836053
2023-02-15,3667,3685,3507,3507,33524,-0.03653846153846152
2023-02-16,3516,3587,3507,3561,31686,0.015397775876817787
2023-02-17,3587,3641,3525,3561,10745,0.0
2023-02-20,3524,3577,3426,3542,26504,-0.005335579893288367
2023-02-21,3577,3595,3497,3551,12403,0.0025409373235460997
2023-02-22,3551,3783,3436,3534,22313,-0.004787383835539338
2023-02-23,3507,3560,3444,3534,46945,0.0
2023-02-24,3506,3532,3426,3444,18560,-0.025466893039049254
2023-02-27,3443,3550,3328,3346,30856,-0.028455284552845517
2023-02-28,3355,3488,3355,3453,17963,0.031978481769276756
2023-03-02,3453,3515,3328,3391,19222,-0.01795540110049232
2023-03-03,3390,3542,3355,3480,26642,0.026245945148923644
2023-03-06,3479,3479,3266,3284,78513,-0.056321839080459735
2023-03-07,3302,3346,3266,3302,22663,0.005481120584652777
2023-03-08,3337,3337,3275,3311,14435,0.0027256208358570344
2023-03-09,3310,3337,3204,3213,27039,-0.029598308668076112
2023-03-10,3212,3257,3079,3115,60370,-0.030501089324618702
2023-03-13,3044,3115,2937,3071,39116,-0.01412520064205458
2023-03-14,3079,3088,2981,3035,28024,-0.011722565939433438
2023-03-15,3034,3168,3034,3115,23197,0.02635914332784184
2023-03-16,3151,3151,3053,3071,12024,-0.01412520064205458
2023-03-17,3025,3114,3025,3088,18546,0.005535656138065725
2023-03-20,3123,4014,3097,4014,3089165,0.2998704663212435
2023-03-21,4468,4610,3515,3605,2365335,-0.10189337319382163
2023-03-22,3693,4218,3453,3765,1711499,0.04438280166435504
2023-03-23,3658,4272,3658,3792,1287266,0.007171314741035939
2023-03-24,3800,3916,3560,3596,481590,-0.05168776371308015
2023-03-27,3587,3827,3506,3596,299434,0.0
2023-03-28,3595,3675,3532,3613,151846,0.004727474972191281
2023-03-29,3595,3853,3560,3747,320968,0.03708829227788546
2023-03-30,3747,3827,3667,3774,129590,0.007205764611689425
2023-03-31,3737,3817,3693,3782,105624,0.002119766825649183
2023-04-03,3792,3792,3685,3730,140237,-0.01374933897408781
2023-04-04,3675,3728,3595,3613,97382,-0.03136729222520107
2023-04-05,3604,4050,3596,3872,398706,0.0716855798505398
2023-04-06,3871,4165,3729,3961,499480,0.022985537190082672
2023-04-07,3943,4245,3880,4059,303030,0.024741226962888163
2023-04-10,4058,4058,3880,3916,101196,-0.035230352303523005
2023-04-11,3880,4031,3844,3934,75693,0.004596527068437162
2023-04-12,3933,4093,3924,4049,87217,0.029232333502796193
2023-04-13,4040,4423,3916,4219,588215,0.041985675475425976
2023-04-14,4200,4448,4031,4049,386902,-0.0402939085091254
2023-04-17,4050,4077,3934,3997,60699,-0.012842677204247921
2023-04-18,3952,4085,3872,3970,82564,-0.006755066299724777
2023-04-19,3970,4059,3916,3997,45974,0.0068010075566751205
2023-04-20,3996,4041,3863,3872,64796,-0.031273455091318514
2023-04-21,3898,3916,3693,3747,60828,-0.03228305785123964
2023-04-24,3703,3729,3551,3623,42573,-0.033093141179610375
2023-04-25,3613,3613,3435,3498,50818,-0.034501794093292903
2023-04-26,3480,3827,3409,3525,205181,0.007718696397941649
2023-04-27,3523,3523,3381,3515,39719,-0.0028368794326241176
2023-04-28,3516,3694,3471,3561,69721,0.0130867709815079
2023-05-02,3595,3666,3524,3658,28690,0.027239539455209183
2023-05-03,3614,3676,3560,3623,12278,-0.009568069983597605
2023-05-04,3595,3666,3568,3640,26050,0.004692243996687884
2023-05-08,3641,3739,3561,3561,38712,-0.021703296703296737
2023-05-09,3622,3684,3524,3569,28499,0.0022465599550687276
2023-05-10,3560,3684,3560,3578,44174,0.0025217147660410166
2023-05-11,3578,3641,3552,3561,47828,-0.004751257685858046
2023-05-12,3560,4210,3551,3899,736874,0.0949171581016568
2023-05-15,3978,4210,3773,4130,486778,0.05924596050269293
2023-05-16,4049,4094,3854,3854,95771,-0.06682808716707023
2023-05-17,3782,4013,3782,3907,45425,0.01375194603009855
2023-05-18,3898,3969,3898,3961,30714,0.013821346301510218
2023-05-19,3978,4138,3898,4005,103134,0.011108305983337452
2023-05-22,4121,4121,3916,3952,46651,-0.01323345817727839
2023-05-23,3961,4085,3952,4068,38588,0.029352226720647856
2023-05-24,4031,4067,3916,3925,48985,-0.035152409046214306
2023-05-25,3934,4067,3916,3970,32749,0.01146496815286624
2023-05-26,4014,4139,3916,4068,56264,0.02468513853904275
2023-05-30,4076,4219,4058,4130,82115,0.01524090462143568
2023-05-31,4130,4183,4005,4068,42247,-0.015012106537530268
2023-06-01,4067,4067,3827,3854,65312,-0.05260570304818091
2023-06-02,3854,3934,3738,3890,50147,0.009340944473274604
2023-06-05,3951,3996,3862,3925,23343,0.008997429305912519
2023-06-07,3924,4004,3889,3907,19733,-0.004585987261146451
2023-06-08,3960,3960,3827,3863,29219,-0.011261837727156387
2023-06-09,3836,3925,3738,3828,41293,-0.00906031581672273
2023-06-12,3827,3871,3738,3765,32583,-0.016457680250783646
2023-06-13,3711,3782,3675,3765,31917,0.0
2023-06-14,3782,3782,3658,3667,17982,-0.02602921646746348
2023-06-15,3649,3694,3604,3694,10819,0.007362967002999765
2023-06-16,3693,3728,3648,3711,7213,0.004602057390362679
2023-06-19,3711,3737,3648,3720,9331,0.0024252223120453387
2023-06-20,3719,3737,3630,3684,14278,-0.009677419354838679
2023-06-21,3684,4147,3649,3738,350551,0.014657980456026065
2023-06-22,3738,3836,3738,3801,26753,0.016853932584269593
2023-06-23,3800,3853,3693,3756,21447,-0.011838989739542227
2023-06-26,3755,3755,3612,3684,24907,-0.019169329073482455
2023-06-27,3684,3898,3640,3676,49076,-0.0021715526601520097
2023-06-28,3649,3952,3649,3703,96615,0.007344940152339552
2023-06-29,3693,3782,3675,3756,30760,0.014312719416689212
2023-06-30,3756,3836,3702,3792,37147,0.009584664536741228
2023-07-03,3791,3800,3738,3756,32980,-0.009493670886076
2023-07-04,3764,3773,3649,3667,40147,-0.023695420660276856
2023-07-05,3675,3853,3649,3649,84558,-0.004908644668666473
2023-07-06,3667,3667,3453,3507,63810,-0.038914771170183604
2023-07-07,3479,3809,3462,3569,111670,0.017678927858568505
2023-07-10,3604,3604,3488,3578,26685,0.0025217147660410166
2023-07-11,3578,3604,3560,3578,13487,0.0
2023-07-12,3605,3623,3533,3623,20636,0.012576858580212402
2023-07-13,3640,3667,3578,3605,15265,-0.0049682583494341515
2023-07-14,3604,3783,3471,3694,49665,0.024687933425797448
2023-07-17,3676,3738,3560,3694,25505,0.0
2023-07-18,3658,3729,3604,3658,20622,-0.009745533297238818
2023-07-19,3693,3693,3471,3578,43257,-0.021869874248223065
2023-07-20,3595,3711,3471,3489,70662,-0.024874231414197867
2023-07-21,3427,3587,3427,3463,33933,-0.007451991974777861
2023-07-24,3461,3461,3319,3355,24278,-0.03118683222639329
2023-07-25,3329,3374,3249,3294,29639,-0.018181818181818188
2023-07-26,3292,3319,3114,3186,51089,-0.032786885245901676
2023-07-27,3132,3292,3132,3284,11774,0.030759573132454587
2023-07-28,3222,3373,3222,3338,23061,0.016443361753958552
2023-07-31,3382,3533,3319,3498,34527,0.04793289394847222
2023-08-01,3471,3613,3471,3507,30520,0.002572898799313883
2023-08-02,3390,3568,3390,3453,14733,-0.015397775876817787
2023-08-03,3461,3479,3301,3453,25660,0.0
2023-08-04,3453,3515,3426,3471,6047,0.005212858384013863
2023-08-07,3471,3524,3373,3489,26154,0.005185825410544576
2023-08-08,3462,3560,3382,3480,30429,-0.002579535683576939
2023-08-09,3480,3515,3275,3480,47240,0.0
2023-08-10,3489,3498,3417,3498,15916,0.005172413793103514
2023-08-11,3506,3515,3382,3480,8683,-0.005145797598627766
2023-08-14,3471,3604,3382,3480,42412,0.0
2023-08-16,3480,3515,3346,3391,20321,-0.025574712643678166
2023-08-17,3417,3452,3275,3275,22492,-0.03420819817163079
2023-08-18,3310,3328,3212,3284,6695,0.0027480916030533376
2023-08-21,3284,3488,3275,3391,14302,0.032582216808769715
2023-08-22,3347,3418,3204,3294,72050,-0.028605131229725744
2023-08-23,3355,3355,3221,3275,6735,-0.0057680631451123565
2023-08-24,3302,3329,3204,3329,10914,0.01648854961832069
2023-08-25,3328,3328,3248,3257,9544,-0.021628116551516974
2023-08-28,3338,3338,3222,3267,6097,0.003070310101320306
2023-08-29,3267,3302,3240,3294,10757,0.008264462809917328
2023-08-30,3293,3382,3257,3311,11117,0.005160898603521646
2023-08-31,3311,3364,3266,3329,8667,0.0054364240410751385
2023-09-01,3221,3310,3221,3284,4027,-0.013517572844698122
2023-09-04,3337,3337,3222,3320,7925,0.010962241169305775
2023-09-05,3399,3399,3230,3248,16314,-0.02168674698795181
2023-09-06,3248,3283,3203,3248,13734,0.0
2023-09-07,3248,3381,3203,3284,46391,0.011083743842364546
2023-09-08,3248,3355,3212,3284,4266,0.0
2023-09-11,3328,3328,3248,3284,3779,0.0
2023-09-12,3301,3301,3239,3275,9436,-0.0027405602923263883
2023-09-13,3248,3266,3186,3231,14294,-0.013435114503816847
2023-09-14,3203,3221,3061,3159,54859,-0.02228412256267409
2023-09-15,3168,3248,3132,3186,12428,0.008547008547008517
2023-09-18,3381,4138,3301,3453,3318393,0.08380414312617712
2023-09-19,3587,3587,3293,3329,285652,-0.03591080220098464
2023-09-20,3310,3328,3212,3275,80821,-0.016221087413637703
2023-09-21,3231,3400,3195,3240,60162,-0.010687022900763399
2023-09-22,3249,3275,3088,3267,123285,0.008333333333333304
2023-09-25,3204,3204,3115,3124,28735,-0.043771043771043794
2023-09-26,3141,3239,3106,3106,22296,-0.005761843790012766
2023-09-27,3141,3167,3087,3159,15053,0.01706374758531881
2023-10-04,3098,3160,2955,3098,84997,-0.019309908198797077
2023-10-05,3043,3186,2999,3026,23361,-0.023240800516462268
2023-10-06,3096,3141,3016,3079,29516,0.01751487111698613
2023-10-10,3115,3356,3080,3196,163471,0.03799935043845415
2023-10-11,3124,3248,3124,3240,44139,0.013767209011264159
2023-10-12,3238,3292,3141,3150,42070,-0.02777777777777779
2023-10-13,3176,3488,3070,3257,487024,0.03396825396825398
2023-10-16,4228,4228,3871,4228,2619819,0.29812711083819465
2023-10-17,3916,4076,3542,3623,1318588,-0.14309366130558188
2023-10-18,3631,3783,3391,3427,607855,-0.05409881313828324
2023-10-19,3399,4138,3346,3613,2892957,0.05427487598482639
2023-10-20,3561,3899,3489,3561,1047800,-0.014392471630224168
2023-10-23,3533,3676,3453,3596,206134,0.009828699803426044
2023-10-24,3595,3684,3390,3480,158681,-0.032258064516129004
2023-10-25,3444,3604,3444,3489,89346,0.002586206896551646
2023-10-26,3489,3676,3435,3605,166796,0.03324734881054736
2023-10-27,3515,3596,3400,3507,150671,-0.027184466019417486
2023-10-30,3471,3702,3453,3605,166038,0.027944111776447178
2023-10-31,3568,3604,3346,3346,188797,-0.07184466019417479
2023-11-01,3390,3452,3292,3355,61721,0.0026897788404065537
2023-11-02,3355,3435,3355,3427,24401,0.021460506706408422
2023-11-03,3453,3479,3372,3453,57656,0.0075868106215348785
2023-11-06,3454,3489,3365,3463,86827,0.002896032435563356
2023-11-07,3462,3462,3337,3391,29340,-0.020791221484262157
2023-11-08,3382,3426,3355,3400,14630,0.0026540843409024184
2023-11-09,3372,3515,3230,3284,232331,-0.034117647058823475
2023-11-10,3256,3283,3194,3248,46760,-0.010962241169305775
2023-11-13,3266,3284,3160,3169,25236,-0.02432266009852213
2023-11-14,3150,3382,3150,3240,14769,0.02240454402019565
2023-11-15,3267,3347,3240,3267,39137,0.008333333333333304
2023-11-16,3302,3391,3204,3338,42896,0.021732476277930735
2023-11-17,3417,3417,3212,3248,73815,-0.02696225284601561
2023-11-20,3212,3248,3203,3248,12964,0.0
2023-11-21,3239,3328,3133,3231,76268,-0.005233990147783252
2023-11-22,3230,3230,3114,3150,119696,-0.02506963788300831
2023-11-23,3550,3612,3212,3248,471303,0.03111111111111109
2023-11-24,3248,3274,3176,3248,73909,0.0
2023-11-27,3231,3231,3142,3169,59264,-0.02432266009852213
2023-11-28,3158,3238,3141,3150,43314,-0.005995582202587557
2023-11-29,3168,3283,3159,3275,67198,0.039682539682539764
2023-11-30,3292,3399,3248,3284,76020,0.0027480916030533376
2023-12-01,3248,3338,3186,3338,64483,0.016443361753958552
2023-12-04,3283,3372,3248,3346,40704,0.002396644697423511
2023-12-05,3320,3347,3267,3294,36093,-0.015540944411237323
2023-12-06,3267,3373,3267,3365,60334,0.021554341226472484
2023-12-07,3354,3390,3328,3346,26371,-0.005646359583952432
2023-12-08,3320,3355,3302,3338,18368,-0.002390914524805776
2023-12-11,3274,3354,3265,3346,43238,0.002396644697423511
2023-12-12,3346,3363,3319,3355,8183,0.0026897788404065537
2023-12-13,3355,3355,3293,3338,18560,-0.005067064083457473
2023-12-14,3311,3382,3248,3329,27875,-0.002696225284601561
2023-12-15,3276,3329,3267,3294,16452,-0.010513667768098478
2023-12-18,3292,3319,3266,3284,13620,-0.0030358227079538835
2023-12-19,3284,3301,3257,3284,12484,0.0
2023-12-20,3283,3310,3186,3186,83086,-0.029841656516443327
2023-12-21,3204,3222,3169,3196,38691,0.003138731952291307
2023-12-22,3169,3213,3160,3196,18680,0.0
2023-12-26,3195,3222,3160,3169,22689,-0.00844806007509391
2023-12-27,3168,3185,3150,3177,17091,0.002524455664247416
2023-12-28,3169,3204,3169,3169,13658,-0.0025180988353792344
2024-01-02,3168,3212,3159,3177,17830,0.002524455664247416
2024-01-03,3169,3516,3169,3267,293161,0.028328611898017053
2024-01-04,3230,3328,3230,3275,54473,0.0024487297214570436
2024-01-05,3239,3283,3221,3257,23192,-0.005496183206106897
2024-01-08,3239,3266,3213,3231,18049,-0.007982806263432618
2024-01-09,3265,3265,3194,3248,11030,0.0052615289384092545
2024-01-10,3248,3256,3221,3248,8195,0.0
2024-01-11,3248,3248,3204,3231,19936,-0.005233990147783252
2024-01-12,3213,3248,3204,3240,12651,0.0027855153203342198
2024-01-15,3231,3454,3213,3365,251811,0.03858024691358031
2024-01-16,3302,3337,3231,3240,113936,-0.03714710252600295
2024-01-17,3239,3293,3186,3222,56482,-0.005555555555555536
2024-01-18,3186,3221,3159,3186,19439,-0.011173184357541888
2024-01-19,3195,3221,3168,3204,17249,0.005649717514124353
2024-01-22,3186,3382,3159,3222,59239,0.00561797752808979
2024-01-23,3213,3248,3186,3231,14392,0.0027932960893854997
2024-01-24,3230,3257,3159,3186,33266,-0.013927576601671321
2024-01-25,3187,3204,3133,3196,18295,0.003138731952291307
2024-01-26,3178,3222,3169,3196,11923,0.0
2024-01-29,3177,3222,3142,3142,26629,-0.01689612015018771
2024-01-30,3150,3168,3115,3133,20550,-0.002864417568427702
2024-01-31,3150,3150,3026,3053,43766,-0.025534631343759995
2024-02-01,2964,3053,2883,2973,124130,-0.026203734032099524
2024-02-02,2989,3007,2945,2981,14055,0.002690884628321566
2024-02-05,2981,3016,2945,2990,11795,0.0030191211003018914
2024-02-06,2954,2999,2892,2946,33842,-0.014715719063545185
2024-02-07,2963,2972,2874,2892,25315,-0.018329938900203624
2024-02-08,2937,2937,2857,2902,12726,0.003457814661134151
2024-02-13,2901,2937,2830,2866,49812,-0.012405237767057153
2024-02-14,2874,2883,2821,2857,23924,-0.003140265177948409
2024-02-15,2865,2865,2812,2857,31748,0.0
2024-02-16,2874,2874,2812,2848,13497,-0.003150157507875395
2024-02-19,2848,2901,2821,2884,20834,0.012640449438202195
2024-02-20,2892,2910,2848,2866,11647,-0.006241331484049928
2024-02-21,2865,2892,2821,2857,29031,-0.003140265177948409
2024-02-22,2874,2874,2812,2839,20632,-0.00630031501575079
2024-02-23,2838,2838,2812,2821,10714,-0.006340260655160246
2024-02-26,2874,2874,2803,2830,13061,0.0031903580290677525
2024-02-27,2820,2829,2785,2812,12495,-0.00636042402826853
2024-02-28,2811,2838,2785,2794,31649,-0.006401137980085347
2024-02-29,2767,2821,2741,2759,39228,-0.012526843235504681
2024-03-04,2767,2776,2687,2696,65081,-0.02283436027546215
2024-03-05,2706,2777,2635,2635,62138,-0.02262611275964388
2024-03-06,2598,2696,2571,2696,37850,0.023149905123339698
2024-03-07,2660,2713,2660,2696,9777,0.0
2024-03-08,2660,2776,2660,2696,19389,0.0
2024-03-11,2678,2696,2652,2670,12026,-0.009643916913946615
2024-03-12,2670,2687,2652,2670,8312,0.0
2024-03-13,2741,2741,2652,2679,13118,0.003370786516853963
2024-03-14,2741,2741,2652,2688,9747,0.0033594624860022737
2024-03-15,2688,2759,2661,2706,18387,0.006696428571428603
2024-03-18,2678,2785,2678,2741,28153,0.012934220251293427
2024-03-19,2750,2857,2714,2777,59837,0.013133892739875863
2024-03-20,2820,2838,2758,2794,28363,0.006121714079942331
2024-03-21,2795,2830,2795,2804,9125,0.0035790980672869566
2024-03-22,2803,2892,2732,2830,55865,0.00927246790299563
2024-03-25,2857,2857,2777,2786,37861,-0.015547703180212036
2024-03-26,2804,2848,2786,2804,17786,0.006460875807609456
2024-03-27,2804,2928,2768,2804,36886,0.0
2024-03-28,2830,2830,2741,2768,16338,-0.012838801711840264
2024-03-29,2794,2803,2759,2777,2152,0.0032514450867051625
2024-04-01,2767,2812,2741,2759,12634,-0.006481814908174344
2024-04-02,2776,2847,2749,2821,19986,0.022471910112359605
2024-04-03,2803,2839,2759,2759,8063,-0.02197802197802201
2024-04-04,2758,2847,2723,2750,5556,-0.0032620514679231327
2024-04-05,2749,2776,2723,2732,7869,-0.006545454545454521
2024-04-08,2731,2776,2669,2696,11252,-0.013177159590043952
2024-04-09,2732,2732,2634,2688,11857,-0.0029673590504450953
2024-04-11,2723,2759,2652,2688,9726,0.0
2024-04-12,2670,2741,2670,2688,1767,0.0
2024-04-15,2741,3115,2705,2768,557613,0.029761904761904656
2024-04-16,2758,2803,2714,2723,75463,-0.016257225433526035
2024-04-17,2705,2767,2669,2741,26677,0.006610356224752145
2024-04-18,2741,2794,2732,2768,19918,0.009850419554906953
2024-04-19,2767,2918,2741,2830,99017,0.022398843930635737
2024-04-22,2830,2963,2776,2857,75106,0.00954063604240285
2024-04-23,2866,3026,2830,2884,124806,0.009450472523626186
2024-04-24,2919,2999,2866,2902,51604,0.006241331484049928
2024-04-25,2919,2954,2830,2848,71035,-0.01860785665058584
2024-04-26,2874,2910,2839,2848,15100,0.0
2024-04-29,2883,2919,2874,2919,16136,0.02492977528089879
2024-04-30,2919,2928,2803,2884,24132,-0.011990407673860948
2024-05-02,2883,3008,2883,2955,44396,0.02461858529819705
2024-05-03,2972,3025,2954,2990,22912,0.011844331641285955
2024-05-07,3035,3079,2990,3053,25634,0.02107023411371234
2024-05-08,3070,3355,3061,3284,219319,0.07566328201768746
2024-05-09,3381,3381,3194,3248,78283,-0.010962241169305775
2024-05-10,3204,3275,3160,3267,48892,0.0058497536945811834
2024-05-13,3283,3292,3194,3257,14640,-0.003060912151821249
2024-05-14,3257,3257,3115,3231,38438,-0.007982806263432618
2024-05-16,3231,3257,3213,3240,3813,0.0027855153203342198
2024-05-17,3212,3230,3105,3177,19189,-0.019444444444444486
2024-05-20,3176,3176,3043,3159,26499,-0.005665722379603388
2024-05-21,3124,3142,3061,3142,18150,-0.00538144982589428
2024-05-22,3141,3141,3043,3124,26577,-0.005728835136855515
2024-05-23,3106,3132,3070,3124,9138,0.0
2024-05-24,3133,3159,3097,3133,19662,0.0028809218950063276
2024-05-27,3106,3177,3052,3124,20063,-0.002872646026172987
2024-05-28,3124,3142,3115,3142,14152,0.005761843790012877
2024-05-29,3150,3150,3088,3142,7965,0.0
2024-05-30,3132,3150,3007,3079,31119,-0.020050922978994246
2024-05-31,3079,3105,3016,3079,19387,0.0
2024-06-03,3079,3381,3070,3186,226265,0.03475154270867176
2024-06-04,3185,3239,3132,3177,35963,-0.0028248587570621764
2024-06-05,3167,3238,3114,3150,15308,-0.008498583569405138
2024-06-07,3150,3150,3017,3142,24763,-0.0025396825396825085
2024-06-10,3123,3123,3017,3115,29871,-0.008593252705283216
2024-06-11,3132,3132,3043,3115,14808,0.0
2024-06-12,3195,3195,3070,3133,33584,0.005778491171749556
2024-06-13,3133,3195,3097,3142,11491,0.002872646026172987
2024-06-14,3187,3187,3062,3098,14914,-0.01400381922342453
2024-06-17,3096,3123,3052,3088,22497,-0.0032278889606197625
2024-06-18,3078,3114,3025,3061,9045,-0.008743523316062207
2024-06-19,3061,3097,3017,3035,17151,-0.00849395622345639
2024-06-20,3035,3061,2990,3053,14803,0.005930807248764491
2024-06-21,3052,3088,2999,3088,19632,0.011464133639043528
2024-06-24,3088,3124,2990,3124,20598,0.011658031088082943
2024-06-25,3123,3123,3052,3115,18561,-0.0028809218950064386
2024-06-26,3115,3168,3079,3124,15837,0.002889245585874889
2024-06-27,3124,3195,3034,3124,26207,0.0
2024-06-28,3124,3177,3008,3124,27623,0.0
2024-07-01,3106,3169,3035,3169,33264,0.014404609475032082
2024-07-02,3168,3203,3043,3177,23510,0.002524455664247416
2024-07-03,3159,3194,3078,3159,9847,-0.005665722379603388
2024-07-04,3124,3159,3070,3133,6535,-0.008230452674897082
2024-07-05,3132,3150,3016,3150,37859,0.005426109160548975
2024-07-08,3150,3150,3052,3142,13693,-0.0025396825396825085
2024-07-09,3115,3141,3052,3133,17756,-0.002864417568427702
2024-07-10,3133,3177,3044,3142,26241,0.002872646026172987
2024-07-11,3133,3151,3071,3098,17058,-0.01400381922342453
2024-07-12,3069,3096,3025,3061,21022,-0.011943189154293044
2024-07-15,3062,3088,2981,3071,11880,0.0032669062397909787
2024-07-16,3061,3079,2999,3053,15250,-0.0058612829697166635
2024-07-17,3016,3061,2998,3061,22420,0.0026203734032099746
2024-07-18,3043,3052,2972,2990,15938,-0.02319503430251557
2024-07-19,2990,2990,2803,2875,48059,-0.038461538461538436
2024-07-22,2803,2866,2785,2866,16293,-0.00313043478260866
2024-07-23,2848,2866,2795,2804,15201,-0.021632937892533177
2024-07-24,2794,2847,2785,2830,10477,0.00927246790299563
2024-07-25,2812,2821,2732,2750,15761,-0.028268551236749095
2024-07-26,2732,2794,2723,2750,24436,0.0
2024-07-29,2749,2794,2669,2741,47946,-0.003272727272727316
2024-07-30,2741,2794,2723,2777,12306,0.013133892739875863
2024-07-31,2777,2794,2750,2777,1152,0.0
2024-08-01,2776,2802,2776,2794,5641,0.006121714079942331
2024-08-02,2794,2803,2732,2741,8192,-0.01896921975662136
2024-08-05,2723,2777,2492,2537,68814,-0.07442539219263045
2024-08-06,2535,2696,2535,2696,29993,0.0626724477729601
2024-08-07,2615,2740,2615,2696,15757,0.0
2024-08-08,2660,2713,2589,2696,16701,0.0
2024-08-09,2696,2722,2669,2714,10005,0.00667655786350152
2024-08-12,2714,2981,2714,2768,90495,0.01989683124539421
2024-08-13,2803,2875,2750,2786,31810,0.006502890173410325
2024-08-14,2776,2829,2758,2812,12651,0.009332376166546918
2024-08-16,2713,2713,2144,2180,325576,-0.22475106685633006
2024-08-19,2260,2314,2198,2243,40613,0.028899082568807355
2024-08-20,2242,2295,2224,2269,12432,0.011591618368256729
2024-08-21,2224,2251,2207,2216,10242,-0.023358307624504193
2024-08-22,2215,2242,2153,2207,49802,-0.004061371841155181
2024-08-23,2206,2250,2206,2233,7653,0.011780697779791627
2024-08-26,2243,2260,2216,2252,4974,0.008508732646663741
2024-08-27,2251,2251,2180,2207,14898,-0.01998223801065724
2024-08-28,2224,2562,2207,2207,171025,0.0
2024-08-29,2251,2358,2207,2243,22612,0.016311735387403825
2024-08-30,2313,2313,2198,2207,11522,-0.016049933125278693
2024-09-02,2242,2242,2180,2216,5592,0.004077933846850845
2024-09-03,2215,2242,2171,2198,6149,-0.008122743682310474
2024-09-04,2188,2188,2046,2064,31450,-0.060964513193812575
2024-09-05,2064,2127,2029,2056,20696,-0.003875968992248069
2024-09-06,2064,2091,1966,2020,13926,-0.017509727626459193
2024-09-09,2037,2624,2019,2162,554521,0.07029702970297036
2024-09-10,2206,2206,2099,2135,53065,-0.012488436632747457
2024-09-11,2188,2188,2117,2135,35066,0.0
2024-09-12,2126,2170,2108,2135,21077,0.0
2024-09-13,2207,2207,2136,2145,16789,0.004683840749414525
2024-09-19,2153,2198,2100,2118,12866,-0.012587412587412583
2024-09-20,2162,2207,2109,2127,21155,0.004249291784702569
2024-09-23,2127,2189,2082,2127,9382,0.0
2024-09-24,2118,2153,2118,2145,2972,0.008462623413258097
2024-09-25,2145,2225,2127,2145,12212,0.0
2024-09-26,2153,2153,2073,2109,9874,-0.016783216783216814
2024-09-27,2108,2108,1965,2037,52930,-0.03413940256045522
2024-09-30,1512,1556,1432,1432,638539,-0.29700540009818366
2024-10-02,1432,1441,1361,1397,248066,-0.0244413407821229
2024-10-04,1396,1449,1396,1414,98327,0.012168933428776008
2024-10-07,1424,1459,1415,1451,54607,0.026166902404526127
2024-10-08,1467,1476,1405,1414,66327,-0.02549965541006205
2024-10-10,1414,1422,1316,1334,211332,-0.05657708628005653
2024-10-11,1342,1360,1316,1334,49175,0.0
2024-10-14,1334,1352,1299,1326,38493,-0.005997001499250421
2024-10-15,1334,1388,1281,1308,118817,-0.013574660633484115
2024-10-16,1307,1325,1281,1290,32765,-0.013761467889908285
2024-10-17,1289,1307,1263,1272,56741,-0.013953488372092981
2024-10-18,1263,1280,1245,1263,56237,-0.007075471698113178
2024-10-21,1244,1271,1200,1236,77209,-0.02137767220902609
2024-10-22,1253,1280,1200,1236,19242,0.0
2024-10-23,1244,1253,1191,1236,73582,0.0
2024-10-24,1236,1352,1219,1219,425464,-0.013754045307443397
2024-10-25,1218,1218,1102,1165,182955,-0.044298605414273995
2024-10-28,1147,1173,1129,1165,37985,0.0
2024-10-29,1183,1298,1156,1210,211275,0.03862660944205998
2024-10-30,1218,1236,1174,1183,37447,-0.022314049586776852
2024-10-31,1183,1281,1183,1210,67161,0.02282333051563823
2024-11-01,1192,1254,1183,1219,27227,0.007438016528925617
2024-11-04,1218,1254,1192,1201,40891,-0.014766201804757961
2024-11-05,1218,1227,1174,1192,59188,-0.007493755203996644
2024-11-06,1191,1263,1085,1103,272406,-0.07466442953020136
2024-11-07,1129,1209,1085,1121,218454,0.016319129646418906
2024-11-08,1121,1147,1112,1130,41855,0.00802854594112401
2024-11-11,1138,1147,1112,1130,36981,0.0
2024-11-12,1129,1174,1094,1103,48585,-0.023893805309734506
2024-11-13,1103,1130,1041,1059,161415,-0.039891205802357166
2024-11-14,1058,1085,970,970,267826,-0.08404154863078372
2024-11-15,961,988,925,988,134050,0.01855670103092777
2024-11-18,986,1075,986,1049,133264,0.061740890688259054
2024-11-19,1066,1093,1040,1049,39599,0.0
2024-11-20,1049,1067,996,996,80696,-0.05052430886558623
2024-11-21,996,1013,969,996,80544,0.0
2024-11-22,979,996,934,988,234717,-0.008032128514056214
2024-11-25,0,0,0,988,0,0.0
2024-11-26,0,0,0,988,0,0.0
2024-11-27,0,0,0,988,0,0.0
2024-11-28,0,0,0,988,0,0.0
2024-11-29,0,0,0,988,0,0.0
2024-12-02,0,0,0,988,0,0.0
2024-12-03,0,0,0,988,0,0.0
2024-12-04,0,0,0,988,0,0.0
2024-12-05,0,0,0,988,0,0.0
2024-12-06,0,0,0,988,0,0.0
2024-12-09,0,0,0,988,0,0.0
2024-12-10,0,0,0,988,0,0.0
2024-12-11,0,0,0,988,0,0.0
2024-12-12,0,0,0,988,0,0.0
2024-12-13,0,0,0,988,0,0.0
2024-12-16,0,0,0,988,0,0.0
2024-12-17,0,0,0,988,0,0.0
2024-12-18,987,1030,909,943,346237,-0.045546558704453455
2024-12-19,942,975,931,937,151430,-0.006362672322375418
2024-12-20,937,961,927,931,62411,-0.006403415154749181
2024-12-23,931,931,897,902,90566,-0.031149301825993514
2024-12-24,902,927,902,902,54683,0.0
2024-12-26,910,927,877,878,39762,-0.026607538802660757
2024-12-27,871,988,867,917,290543,0.044419134396355364
2024-12-30,912,944,903,925,42662,0.008724100327153872
2025-01-02,924,940,869,916,68821,-0.009729729729729741
2025-01-03,952,969,931,931,50667,0.01637554585152845
2025-01-06,930,995,930,937,31825,0.0064446831364124435
2025-01-07,939,968,937,946,17748,0.009605122732123883
2025-01-08,945,961,945,952,6972,0.00634249471458781
2025-01-09,957,964,949,949,13475,-0.0031512605042016695
2025-01-10,948,968,944,955,22923,0.006322444678608985
2025-01-13,955,964,945,958,27918,0.003141361256544517
2025-01-14,951,955,927,936,16490,-0.022964509394572064
2025-01-15,936,939,910,910,30343,-0.02777777777777779
2025-01-16,904,1126,904,932,1324931,0.02417582417582409
2025-01-17,932,1099,932,957,602150,0.02682403433476388
2025-01-20,1007,1007,952,952,165482,-0.005224660397074143
2025-01-21,952,952,857,870,158367,-0.08613445378151263
2025-01-22,870,948,870,880,71341,0.011494252873563315
2025-01-23,880,915,858,861,46440,-0.021590909090909105
2025-01-24,861,880,861,862,20627,0.0011614401858304202
2025-01-31,862,862,850,852,29996,-0.011600928074245953
2025-02-03,852,852,835,836,40126,-0.018779342723004744
2025-02-04,831,848,825,848,53489,0.014354066985645897
2025-02-05,848,876,826,834,25331,-0.01650943396226412
2025-02-06,834,843,825,827,27818,-0.008393285371702586
2025-02-07,827,827,783,786,36313,-0.049576783555018156
2025-02-10,785,786,731,764,84795,-0.027989821882951627
2025-02-11,764,786,761,775,45173,0.014397905759162333
2025-02-12,775,794,775,781,27470,0.007741935483871032
2025-02-13,784,949,784,806,905517,0.03201024327784885
2025-02-14,806,838,802,802,56457,-0.00496277915632759
2025-02-17,860,860,795,798,55578,-0.004987531172069848
2025-02-18,800,811,793,803,38130,0.006265664160401085
2025-02-19,804,840,803,817,47367,0.01743462017434627
2025-02-20,809,839,808,815,19393,-0.002447980416156681
2025-02-21,815,832,807,808,52684,-0.008588957055214674
2025-02-24,806,807,756,756,85903,-0.0643564356435643
2025-02-25,758,790,735,745,62517,-0.014550264550264536
2025-02-26,745,752,731,733,52287,-0.016107382550335614
2025-02-27,732,745,712,714,42038,-0.02592087312414737
2025-02-28,713,714,660,672,110748,-0.05882352941176472
2025-03-04,664,682,650,671,40479,-0.0014880952380952328
2025-03-05,655,690,653,669,40257,-0.0029806259314456574
2025-03-06,681,734,663,670,81964,0.001494768310911887
2025-03-07,670,671,659,670,16465,0.0
2025-03-10,670,670,657,669,19556,-0.0014925373134327957
2025-03-11,661,699,661,675,25180,0.008968609865470878
2025-03-12,669,675,652,662,33727,-0.01925925925925931
2025-03-13,662,682,630,649,53777,-0.01963746223564955
2025-03-14,643,649,610,617,167755,-0.04930662557781207
2025-03-17,617,660,556,565,184796,-0.08427876823338731
2025-03-18,565,569,509,550,947089,-0.026548672566371723
2025-03-19,550,599,548,560,202268,0.018181818181818077
2025-03-20,594,644,551,577,815935,0.03035714285714275
2025-03-21,577,600,556,557,217491,-0.03466204506065862
2025-03-24,554,571,551,568,148710,0.019748653500897717
2025-03-25,570,580,553,560,141856,-0.014084507042253502
2025-03-26,560,578,558,567,70229,0.012499999999999956
2025-03-27,567,594,560,568,39472,0.0017636684303350414
2025-03-28,568,577,542,552,58720,-0.028169014084507005
2025-03-31,552,552,536,539,34689,-0.023550724637681153
2025-04-01,539,551,526,526,142008,-0.024118738404452666
2025-04-02,530,660,519,555,1151817,0.05513307984790883
2025-04-03,555,561,539,542,134829,-0.023423423423423406
2025-04-04,542,570,530,540,99667,-0.0036900369003689537
2025-04-07,536,561,513,546,85515,0.011111111111111072
2025-04-08,546,592,531,582,168038,0.06593406593406592
2025-04-09,581,679,566,591,1252190,0.015463917525773141
2025-04-10,600,625,573,592,223239,0.0016920473773265332
2025-04-11,592,639,584,631,240955,0.06587837837837829
2025-04-14,625,658,618,643,138038,0.019017432646592614
2025-04-15,645,648,632,633,71601,-0.015552099533437058
2025-04-16,633,647,604,605,95662,-0.04423380726698267
2025-04-17,599,640,599,626,164121,0.034710743801652955
2025-04-18,626,658,620,630,189736,0.006389776357827559
2025-04-21,630,652,630,651,81170,0.03333333333333344
2025-04-22,650,655,630,644,45428,-0.010752688172043001
2025-04-23,635,677,630,659,114451,0.02329192546583858
2025-04-24,655,673,642,655,67851,-0.006069802731411222
2025-04-25,655,675,626,626,211127,-0.04427480916030535
2025-04-28,626,646,625,634,88496,0.012779552715654896
2025-04-29,634,639,630,635,41336,0.001577287066246047
2025-04-30,640,643,611,615,53165,-0.03149606299212604
2025-05-02,615,747,615,662,1042745,0.07642276422764227
2025-05-07,662,776,662,762,1354416,0.1510574018126889
2025-05-08,746,760,705,721,316229,-0.0538057742782152
2025-05-09,721,725,701,708,107323,-0.018030513176144236
2025-05-12,707,747,701,730,131049,0.031073446327683607
2025-05-13,730,744,711,730,101769,0.0
2025-05-14,722,780,722,750,363223,0.027397260273972712
2025-05-15,758,915,729,729,2583653,-0.028000000000000025
2025-05-16,747,779,729,737,285065,0.010973936899862924
2025-05-19,737,808,737,788,291544,0.06919945725915877
2025-05-20,788,809,766,767,103399,-0.026649746192893398
2025-05-21,767,820,767,793,139537,0.03389830508474567
2025-05-22,793,819,763,793,81111,0.0
2025-05-23,793,829,793,823,120782,0.03783102143757877
2025-05-26,823,840,790,800,112137,-0.027946537059538312
2025-05-27,800,817,800,807,52062,0.008750000000000036
2025-05-28,838,838,805,805,63548,-0.0024783147459727095
2025-05-29,813,835,806,813,66358,0.009937888198757738
2025-05-30,813,829,813,828,58918,0.01845018450184499
2025-06-02,839,852,822,836,70632,0.009661835748792313
2025-06-04,833,855,833,838,44831,0.0023923444976077235
2025-06-05,838,865,838,846,82669,0.009546539379474916
2025-06-09,845,949,845,898,402879,0.061465721040189214
2025-06-10,898,953,869,953,102295,0.061247216035634766
2025-06-11,945,1085,914,984,572557,0.03252885624344182
2025-06-12,990,1039,951,951,100198,-0.03353658536585369
2025-06-13,951,962,888,915,218725,-0.03785488958990535
2025-06-16,916,919,882,895,87021,-0.021857923497267784
2025-06-17,899,899,822,845,151750,-0.05586592178770955
2025-06-18,846,860,770,785,336541,-0.07100591715976334
2025-06-19,809,858,794,827,118401,0.053503184713375784
2025-06-20,834,838,779,792,115243,-0.042321644498186206
2025-06-23,793,799,765,778,79075,-0.017676767676767624
2025-06-24,778,820,774,816,62395,0.04884318766066831
2025-06-25,848,848,751,751,132660,-0.07965686274509809
2025-06-26,751,779,742,770,49846,0.025299600532623145
2025-06-27,771,900,762,796,354479,0.033766233766233666
2025-06-30,796,807,742,784,155533,-0.015075376884422065
2025-07-01,807,887,784,864,279966,0.1020408163265305
2025-07-02,864,950,846,897,175827,0.03819444444444442
2025-07-03,897,951,882,895,131125,-0.0022296544035674826
2025-07-04,895,910,811,842,133650,-0.05921787709497206
2025-07-07,842,860,819,852,69657,0.01187648456057011
2025-07-08,877,877,813,816,70035,-0.04225352112676062
2025-07-09,821,834,810,811,62699,-0.006127450980392135
2025-07-10,827,827,801,801,62030,-0.012330456226880449
2025-07-11,802,829,801,815,37934,0.017478152309613026
2025-07-14,815,829,793,800,33992,-0.018404907975460127
2025-07-15,804,840,795,836,55497,0.04499999999999993
2025-07-16,836,840,802,802,63247,-0.04066985645933019
2025-07-17,802,825,799,814,25406,0.014962593516209433
2025-07-18,813,814,800,814,22025,0.0
2025-07-21,814,838,808,830,68083,0.019656019656019597
2025-07-22,838,841,810,810,51244,-0.02409638554216864
2025-07-23,811,820,791,814,40875,0.004938271604938205
2025-07-24,814,838,803,837,34362,0.02825552825552835
2025-07-25,832,832,790,790,50496,-0.056152927120669105
2025-07-28,790,790,767,778,27811,-0.015189873417721489
2025-07-29,769,779,750,779,37289,0.0012853470437017567
2025-07-30,786,795,765,774,30760,-0.006418485237484006
2025-07-31,774,797,768,789,33763,0.019379844961240345
2025-08-01,790,826,760,803,84599,0.017743979721166037
2025-08-04,803,803,781,785,23993,-0.02241594022415938
2025-08-05,785,805,777,799,26410,0.017834394904458595
2025-08-06,799,821,750,780,60147,-0.02377972465581979
2025-08-07,783,817,780,802,78994,0.028205128205128105
2025-08-08,802,803,785,785,23424,-0.021197007481296715
2025-08-11,791,791,749,765,47947,-0.02547770700636942
2025-08-12,770,786,765,773,79673,0.010457516339869244
2025-08-13,773,773,766,766,38838,-0.009055627425614499
2025-08-14,768,779,766,770,15168,0.005221932114882533
2025-08-18,770,770,700,718,80211,-0.06753246753246755
2025-08-19,727,746,707,713,125498,-0.0069637883008356605
2025-08-20,714,748,714,719,46140,0.008415147265077083
2025-08-21,727,739,719,727,16556,0.011126564673157091
2025-08-22,727,735,709,720,38027,-0.009628610729023435
2025-08-25,728,733,723,727,20094,0.009722222222222188
2025-08-26,734,739,722,722,25402,-0.00687757909215958
2025-08-27,722,742,722,742,18472,0.027700831024930705
2025-08-28,742,762,734,742,16501,0.0
2025-08-29,742,790,742,742,47073,0.0
2025-09-01,742,759,720,729,20858,-0.01752021563342321
2025-09-02,729,804,729,745,87286,0.021947873799725626
2025-09-03,760,767,741,751,33416,0.008053691275167862
2025-09-04,751,769,749,764,16663,0.017310252996005415
2025-09-05,764,783,757,757,18394,-0.009162303664921434
2025-09-08,757,757,740,749,33086,-0.010568031704095149
2025-09-09,749,749,742,748,53694,-0.001335113484646211
2025-09-10,748,767,748,750,43448,0.002673796791443861
2025-09-11,757,768,739,740,67116,-0.013333333333333308
2025-09-12,736,771,736,749,27242,0.012162162162162149
2025-09-15,749,770,747,750,24255,0.001335113484646211
2025-09-16,750,750,722,722,37703,-0.03733333333333333
2025-09-17,722,938,721,938,1422804,0.2991689750692521
2025-09-18,1163,1219,1111,1219,983810,0.2995735607675907
2025-09-19,1584,1584,1295,1295,21264792,0.06234618539786707
2025-09-22,1175,1244,1062,1090,2903710,-0.15830115830115832
2025-09-23,1055,1070,992,1000,1603128,-0.08256880733944949
2025-09-24,1020,1300,995,1300,4767484,0.30000000000000004
2025-09-25,1301,1690,1301,1690,4248661,0.30000000000000004
2025-09-26,0,0,0,1690,0,0.0
2025-09-29,1862,2010,1410,1482,17042928,-0.12307692307692308
2025-09-30,1512,1587,1310,1327,4712148,-0.10458839406207832
2025-10-01,1314,1480,1267,1290,4615525,-0.02788244159758857
2025-10-02,1261,1361,1205,1216,1991635,-0.05736434108527133
2025-10-10,1204,1216,1115,1115,1082447,-0.08305921052631582
2025-10-13,1112,1114,1025,1032,1091113,-0.07443946188340811
2025-10-14,1032,1341,1032,1341,2797931,0.2994186046511629
2025-10-15,1477,1580,1330,1370,14218099,0.02162565249813575
2025-10-16,1351,1722,1346,1537,17727510,0.12189781021897805
2025-10-17,1535,1727,1404,1426,4830823,-0.07221860767729338
2025-10-20,1426,1665,1377,1449,5278429,0.016129032258064502
2025-10-21,1449,1559,1428,1433,1814451,-0.011042097998619771
2025-10-22,1430,1433,1348,1357,620020,-0.053035589672016714
2025-10-23,1358,1754,1358,1451,8620305,0.06927044952100214
2025-10-24,1503,1558,1413,1442,2414678,-0.006202618883528577
2025-10-27,1460,1530,1384,1388,1431332,-0.03744798890429957
2025-10-28,1400,1694,1400,1485,4977982,0.06988472622478392
2025-10-29,1508,1525,1424,1451,846210,-0.022895622895622858
2025-10-30,1447,1485,1389,1424,612413,-0.01860785665058584
2025-10-31,1441,1460,1368,1372,400512,-0.0365168539325843
2025-11-03,1398,1612,1379,1397,1132345,0.018221574344023272
2025-11-04,1398,1404,1299,1321,468627,-0.05440229062276303
2025-11-05,1321,1321,1165,1258,458298,-0.047691143073429254
2025-11-06,1264,1305,1155,1225,286150,-0.026232114467408585
2025-11-07,1214,1214,1130,1199,195939,-0.0212244897959184
2025-11-10,1192,1246,1140,1182,176551,-0.014178482068390341
2025-11-11,1232,1340,1125,1143,893258,-0.032994923857868064
2025-11-12,1147,1261,1147,1161,398204,0.015748031496062964
2025-11-13,1185,1190,1133,1148,176110,-0.011197243755383335
2025-11-14,1142,1142,1100,1111,136965,-0.03222996515679444
2025-11-17,1112,1113,1054,1054,162145,-0.0513051305130513
2025-11-18,1070,1100,1030,1072,181463,0.017077798861480087
2025-11-19,1067,1068,1020,1047,119199,-0.02332089552238803
2025-11-20,1043,1147,1034,1077,227845,0.02865329512893977
2025-11-21,1076,1076,1038,1038,70425,-0.03621169916434541
2025-11-24,1038,1060,1001,1026,125859,-0.011560693641618491
2025-11-25,1026,1080,1013,1048,166459,0.021442495126705596
2025-11-26,1048,1049,1023,1037,90596,-0.010496183206106902
2025-11-27,1037,1068,1023,1023,70138,-0.013500482160077154
2025-11-28,1025,1169,1024,1069,608899,0.04496578690127073
2025-12-01,1070,1100,1070,1088,73715,0.017773620205799867
2025-12-02,1100,1125,1081,1106,111530,0.016544117647058876
2025-12-03,1118,1140,1084,1132,132447,0.02350813743218816
2025-12-04,1131,1131,1102,1116,61681,-0.014134275618374548
2025-12-05,1108,1116,1090,1104,61438,-0.010752688172043001
2025-12-08,1170,1170,1073,1073,117986,-0.028079710144927494
2025-12-09,1088,1088,1000,1025,118876,-0.04473438956197573
2025-12-10,1015,1041,1002,1003,58940,-0.02146341463414636
2025-12-11,1003,1033,999,1017,115747,0.013958125623130702
2025-12-12,1018,1018,981,993,136257,-0.02359882005899705
2025-12-15,982,991,951,951,54015,-0.04229607250755285
2025-12-16,951,1236,951,1236,2363800,0.2996845425867507
