Date,Open,High,Low,Close,Volume,Change
2022-01-03,15200,15450,15200,15450,8150,0.016447368421052655
2022-01-04,15350,15950,15350,15950,12269,0.032362459546925626
2022-01-05,15900,15900,15600,15650,7830,-0.018808777429467072
2022-01-06,15550,15550,15450,15450,8525,-0.012779552715655007
2022-01-07,15450,15700,15450,15500,4479,0.003236245954692629
2022-01-10,15750,15750,15500,15550,8428,0.003225806451612856
2022-01-11,16150,16150,15500,15550,17137,0.0
2022-01-12,15550,15600,15300,15400,11423,-0.009646302250803873
2022-01-13,15550,15600,14950,15200,29215,-0.012987012987012991
2022-01-14,15150,15250,14700,14900,18150,-0.019736842105263164
2022-01-17,14900,15000,14700,14850,5776,-0.003355704697986628
2022-01-18,15100,15150,14550,14550,15114,-0.02020202020202022
2022-01-19,14550,14700,14200,14550,7487,0.0
2022-01-20,14650,14650,14200,14600,5930,0.0034364261168384758
2022-01-21,14600,14850,14450,14850,7928,0.017123287671232834
2022-01-24,14400,14700,14100,14300,19310,-0.03703703703703709
2022-01-25,14100,14200,13500,13750,29588,-0.038461538461538436
2022-01-26,13900,13900,13200,13450,18062,-0.021818181818181848
2022-01-27,13450,13550,12700,12700,19254,-0.055762081784386575
2022-01-28,12700,13500,12700,13450,5635,0.059055118110236116
2022-02-03,13500,14150,13500,14000,8976,0.040892193308550207
2022-02-04,14000,14200,13700,14100,6620,0.0071428571428571175
2022-02-07,14100,14150,13850,13950,13816,-0.010638297872340385
2022-02-08,13950,14200,13950,14000,7724,0.0035842293906809264
2022-02-09,14300,14750,14150,14350,9105,0.02499999999999991
2022-02-10,14100,14350,14050,14150,4920,-0.013937282229965153
2022-02-11,14050,14400,13950,14100,4150,-0.0035335689045936647
2022-02-14,13950,14100,13200,13700,5605,-0.028368794326241176
2022-02-15,13800,13800,13550,13700,2554,0.0
2022-02-16,13800,14050,13800,14000,3152,0.021897810218978186
2022-02-17,14100,14200,13650,13900,4704,-0.0071428571428571175
2022-02-18,13800,14150,13750,14050,5904,0.010791366906474753
2022-02-21,13950,14250,13800,14100,2955,0.003558718861210064
2022-02-22,14000,14050,13600,13700,7580,-0.028368794326241176
2022-02-23,13950,13950,13450,13500,11059,-0.014598540145985384
2022-02-24,13400,13600,13050,13250,13763,-0.01851851851851849
2022-02-25,13450,13700,13300,13450,7082,0.015094339622641506
2022-02-28,13600,13800,13350,13800,1544,0.026022304832713727
2022-03-02,13800,14450,13650,14200,11661,0.02898550724637672
2022-03-03,14250,14400,13500,14250,5181,0.0035211267605634866
2022-03-04,14200,14350,14000,14200,2558,-0.0035087719298245723
2022-03-07,14350,14400,13750,14000,2919,-0.014084507042253502
2022-03-08,13950,13950,13400,13550,9256,-0.03214285714285714
2022-03-10,13600,14150,13550,13550,2753,0.0
2022-03-11,13850,13850,13450,13700,2697,0.011070110701107083
2022-03-14,13700,13750,13400,13550,7799,-0.010948905109489093
2022-03-15,13600,13650,13450,13600,6538,0.0036900369003689537
2022-03-16,13700,14400,13600,14150,7863,0.040441176470588314
2022-03-17,14150,14250,13950,13950,5328,-0.014134275618374548
2022-03-18,14000,14250,13850,14150,3753,0.014336917562723928
2022-03-21,14100,14200,13950,14050,3017,-0.007067137809187329
2022-03-22,13850,14000,13450,13800,8559,-0.017793594306049876
2022-03-23,13950,14000,13750,13950,5291,0.010869565217391353
2022-03-24,13900,14000,13700,13900,5745,-0.0035842293906810374
2022-03-25,14000,14000,13850,14000,3654,0.007194244604316502
2022-03-28,14000,14000,13700,13900,5877,-0.0071428571428571175
2022-03-29,13900,14350,13850,14250,11188,0.02517985611510798
2022-03-30,14300,14650,14000,14200,8514,-0.0035087719298245723
2022-03-31,14200,14350,14000,14150,5997,-0.0035211267605633756
2022-04-01,14050,14250,14050,14150,2810,0.0
2022-04-04,14250,14250,13700,13850,9018,-0.021201413427561877
2022-04-05,14000,14100,13850,14000,2056,0.010830324909747224
2022-04-06,14000,14050,13900,14000,3493,0.0
2022-04-07,14000,14050,13850,14000,3076,0.0
2022-04-08,14300,14400,14000,14150,8715,0.010714285714285676
2022-04-11,14100,14450,14100,14350,4626,0.014134275618374659
2022-04-12,14450,14450,14000,14250,6230,-0.006968641114982632
2022-04-13,14350,14500,14150,14400,4645,0.010526315789473717
2022-04-14,14400,14450,14300,14450,1398,0.003472222222222321
2022-04-15,14250,14450,14200,14350,2589,-0.00692041522491349
2022-04-18,14150,14300,14150,14300,1922,-0.0034843205574912606
2022-04-19,14300,14900,14300,14700,19175,0.027972027972027913
2022-04-20,14800,15050,14650,15000,20412,0.020408163265306145
2022-04-21,15250,15250,14550,14800,12959,-0.013333333333333308
2022-04-22,14700,15000,14700,14900,4559,0.006756756756756799
2022-04-25,14800,15250,14500,14650,10064,-0.016778523489932917
2022-04-26,14950,14950,14550,14550,5124,-0.0068259385665528916
2022-04-27,14500,14750,14200,14550,8123,0.0
2022-04-28,14650,14750,14450,14600,3071,0.0034364261168384758
2022-04-29,14700,14800,14500,14600,2590,0.0
2022-05-02,14500,14750,14450,14600,5130,0.0
2022-05-03,14600,14700,14450,14550,3616,-0.003424657534246589
2022-05-04,14600,14600,14300,14400,4784,-0.010309278350515427
2022-05-06,14350,14350,13950,14200,6313,-0.01388888888888884
2022-05-09,14200,14500,14000,14250,3792,0.0035211267605634866
2022-05-10,14250,14350,13950,14350,3318,0.007017543859649145
2022-05-11,14300,14450,14000,14050,2966,-0.020905923344947785
2022-05-12,14000,14050,13500,13550,10410,-0.03558718861209964
2022-05-13,13900,14000,13450,13600,5905,0.0036900369003689537
2022-05-16,14200,14200,13550,14000,5980,0.02941176470588225
2022-05-17,14050,14050,13700,14000,2374,0.0
2022-05-18,14000,14000,13750,13900,2897,-0.0071428571428571175
2022-05-19,13800,13900,13600,13750,6127,-0.010791366906474864
2022-05-20,13650,14050,13650,13850,2855,0.0072727272727273196
2022-05-23,13900,13900,13650,13850,4950,0.0
2022-05-24,13800,13950,13550,13700,6418,-0.010830324909747335
2022-05-25,13700,13750,13500,13650,5393,-0.0036496350364964014
2022-05-26,13650,13750,13550,13650,5719,0.0
2022-05-27,13650,13800,13450,13750,2745,0.0073260073260073
2022-05-30,13850,14000,13650,13950,2338,0.014545454545454639
2022-05-31,13850,14000,13800,13950,5807,0.0
2022-06-02,13950,13950,13750,13950,2079,0.0
2022-06-03,13950,14100,13900,13900,4731,-0.0035842293906810374
2022-06-07,13900,13900,13650,13650,3087,-0.017985611510791366
2022-06-08,13700,13800,13650,13800,1898,0.01098901098901095
2022-06-09,13850,13850,13550,13750,1423,-0.0036231884057971175
2022-06-10,13750,13750,13600,13700,2309,-0.0036363636363636598
2022-06-13,13600,13600,13150,13250,6459,-0.03284671532846717
2022-06-14,12850,13150,12850,13100,4908,-0.01132075471698113
2022-06-15,13200,14300,12750,12800,19715,-0.022900763358778664
2022-06-16,12900,13300,12850,12850,2082,0.00390625
2022-06-17,12450,12850,12450,12850,1938,0.0
2022-06-20,12900,12900,12400,12450,6535,-0.0311284046692607
2022-06-21,12550,12650,12400,12600,3917,0.012048192771084265
2022-06-22,12600,12650,12250,12300,6313,-0.023809523809523836
2022-06-23,12300,12350,11700,12000,5687,-0.024390243902439046
2022-06-24,11950,12200,11950,12150,4537,0.012499999999999956
2022-06-27,12200,12400,12050,12200,8266,0.004115226337448652
2022-06-28,12150,12250,12050,12200,2946,0.0
2022-06-29,12150,12200,12050,12050,3696,-0.012295081967213073
2022-06-30,12100,12100,11950,11950,3598,-0.008298755186721962
2022-07-01,11900,12200,11850,11950,3539,0.0
2022-07-04,12050,12400,11800,11900,3079,-0.004184100418409997
2022-07-05,11800,12300,11800,12250,2422,0.02941176470588225
2022-07-06,12250,12300,12000,12000,875,-0.020408163265306145
2022-07-07,12050,12300,11800,12200,1626,0.016666666666666607
2022-07-08,12200,12350,12100,12150,1405,-0.004098360655737654
2022-07-11,12150,12150,11950,12100,1779,-0.004115226337448541
2022-07-12,12100,12100,11700,11850,2378,-0.02066115702479343
2022-07-13,11750,12000,11750,11900,2150,0.00421940928270037
2022-07-14,11900,12000,11800,11900,941,0.0
2022-07-15,11950,11950,11550,11900,3431,0.0
2022-07-18,11950,12050,11850,12050,2733,0.012605042016806678
2022-07-19,12050,12150,11900,12000,1072,-0.004149377593360981
2022-07-20,12250,12250,11750,12000,4654,0.0
2022-07-21,12050,12150,12050,12150,3667,0.012499999999999956
2022-07-22,12100,12200,12000,12100,1440,-0.004115226337448541
2022-07-25,12100,12300,11500,12150,3773,0.004132231404958775
2022-07-26,12200,12300,12000,12000,2386,-0.012345679012345734
2022-07-27,12100,12100,11850,12000,2501,0.0
2022-07-28,11950,12150,11850,11950,5811,-0.004166666666666652
2022-07-29,11950,12000,11900,11950,6054,0.0
2022-08-01,12050,12100,11900,12000,5406,0.004184100418409997
2022-08-02,12000,12000,11850,12000,2841,0.0
2022-08-03,11950,12100,11900,12050,1665,0.004166666666666652
2022-08-04,12050,12350,12000,12100,5028,0.004149377593360981
2022-08-05,12150,12500,12100,12300,1417,0.016528925619834656
2022-08-08,12000,12400,12000,12250,1915,-0.004065040650406471
2022-08-09,12250,12250,12050,12200,2077,-0.004081632653061273
2022-08-10,12100,12300,12000,12000,2643,-0.016393442622950838
2022-08-11,12100,12300,12100,12250,3612,0.02083333333333326
2022-08-12,12250,12250,12100,12250,1535,0.0
2022-08-16,12300,12400,12150,12350,2738,0.008163265306122547
2022-08-17,12350,12400,12250,12400,971,0.004048582995951344
2022-08-18,12400,12400,12150,12200,2630,-0.016129032258064502
2022-08-19,12200,12250,11800,12000,5897,-0.016393442622950838
2022-08-22,11900,12000,11850,11950,1298,-0.004166666666666652
2022-08-23,12000,12000,11500,11900,1373,-0.004184100418409997
2022-08-24,11900,11900,11700,11800,2093,-0.008403361344537785
2022-08-25,11900,11900,11750,11750,2179,-0.004237288135593209
2022-08-26,11750,11950,11650,11750,3769,0.0
2022-08-29,11700,11700,11550,11600,3301,-0.012765957446808529
2022-08-30,11500,11700,11500,11650,1132,0.004310344827586299
2022-08-31,11550,11650,11500,11650,1902,0.0
2022-09-01,11550,11800,11500,11600,3935,-0.0042918454935622075
2022-09-02,11700,11700,11500,11500,2037,-0.008620689655172376
2022-09-05,11450,11600,11200,11300,3452,-0.017391304347826098
2022-09-06,11400,11500,11250,11350,907,0.004424778761061843
2022-09-07,11300,11450,11100,11200,3086,-0.013215859030836996
2022-09-08,11200,11350,10950,11100,3015,-0.008928571428571397
2022-09-13,11150,11250,11100,11200,4018,0.009009009009008917
2022-09-14,10900,11150,10700,10950,5626,-0.022321428571428603
2022-09-15,11200,11200,10950,11000,1563,0.004566210045662045
2022-09-16,11000,11050,10800,11000,1131,0.0
2022-09-19,11000,11000,10500,11000,7376,0.0
2022-09-20,11000,11300,10850,11200,3052,0.018181818181818077
2022-09-21,11100,11250,11000,11000,4974,-0.017857142857142905
2022-09-22,11000,11050,10750,10850,2913,-0.013636363636363669
2022-09-23,10950,11100,10550,10550,1762,-0.027649769585253448
2022-09-26,10300,10900,10000,10100,4835,-0.042654028436018954
2022-09-27,10200,10300,10000,10200,1455,0.00990099009900991
2022-09-28,10200,10500,9900,10150,3406,-0.004901960784313708
2022-09-29,10000,10500,9980,9990,2016,-0.015763546798029604
2022-09-30,9780,10050,9780,9990,1759,0.0
2022-10-04,9990,10150,9990,10150,2159,0.0160160160160161
2022-10-05,10150,10200,9950,10150,2171,0.0
2022-10-06,10150,11100,10100,10150,4295,0.0
2022-10-07,10100,10850,10100,10500,4293,0.034482758620689724
2022-10-11,10600,10600,10000,10300,3673,-0.01904761904761909
2022-10-12,10300,10650,10000,10350,1687,0.004854368932038833
2022-10-13,10350,10350,10050,10050,1794,-0.02898550724637683
2022-10-14,10300,10350,10050,10250,868,0.01990049751243772
2022-10-17,10250,10750,9700,10100,7192,-0.014634146341463428
2022-10-18,10200,10200,10050,10150,1221,0.004950495049504955
2022-10-19,10150,10250,10100,10100,1832,-0.0049261083743842304
2022-10-20,10100,10150,10000,10150,1102,0.004950495049504955
2022-10-21,10000,10150,9990,10000,1114,-0.014778325123152691
2022-10-24,10050,10150,9970,10000,1836,0.0
2022-10-25,9960,10150,9960,10100,4464,0.010000000000000009
2022-10-26,10150,10150,9890,9960,4937,-0.013861386138613874
2022-10-27,10150,10150,9990,10000,968,0.004016064257028162
2022-10-28,10050,10150,9990,10050,1610,0.004999999999999893
2022-10-31,9990,10450,9990,10400,1913,0.03482587064676612
2022-11-01,10600,10600,10100,10300,1376,-0.009615384615384581
2022-11-02,10400,10550,10200,10500,1198,0.01941747572815533
2022-11-03,10200,10650,10150,10650,825,0.014285714285714235
2022-11-04,10350,10750,10300,10750,1776,0.009389671361502261
2022-11-07,10750,10750,10250,10600,2505,-0.013953488372092981
2022-11-08,10650,12750,10600,11400,67828,0.07547169811320753
2022-11-09,11500,11500,10850,11350,8055,-0.004385964912280715
2022-11-10,11150,11250,11000,11150,5625,-0.017621145374449365
2022-11-11,11250,11600,11250,11450,4780,0.026905829596412634
2022-11-14,11450,11600,11350,11550,3257,0.008733624454148492
2022-11-15,11650,11900,11450,11800,5818,0.02164502164502169
2022-11-16,11900,11900,11350,11600,2183,-0.016949152542372836
2022-11-17,11600,11600,11300,11500,2274,-0.008620689655172376
2022-11-18,11500,11750,11400,11700,1302,0.017391304347825987
2022-11-21,11800,11800,11350,11500,2388,-0.017094017094017144
2022-11-22,11600,11600,11350,11500,2060,0.0
2022-11-23,11650,11700,11400,11500,1128,0.0
2022-11-24,11600,11750,11550,11550,1238,0.004347826086956497
2022-11-25,11700,11850,11650,11650,836,0.008658008658008587
2022-11-28,11850,12050,11550,11900,3310,0.02145922746781115
2022-11-29,11900,11950,11500,11950,1210,0.004201680672268893
2022-11-30,11950,12000,11600,11950,2098,0.0
2022-12-01,11950,12050,11800,12000,1669,0.004184100418409997
2022-12-02,11950,12250,11800,12000,4436,0.0
2022-12-05,12100,12100,11850,12000,340,0.0
2022-12-06,12150,12150,11800,11800,1302,-0.01666666666666672
2022-12-07,11850,12000,11650,11950,1137,0.012711864406779627
2022-12-08,12000,12000,11800,11900,435,-0.004184100418409997
2022-12-09,11900,11950,11550,11600,2481,-0.025210084033613467
2022-12-12,11700,11900,11600,11750,1107,0.012931034482758674
2022-12-13,11850,11850,11100,11600,1517,-0.012765957446808529
2022-12-14,11700,11700,11550,11550,731,-0.004310344827586188
2022-12-15,11550,11650,11450,11600,127,0.0043290043290042934
2022-12-16,11600,11600,11300,11400,762,-0.017241379310344862
2022-12-19,11300,11600,11200,11350,842,-0.004385964912280715
2022-12-20,11500,11500,11150,11300,166,-0.004405286343612369
2022-12-21,11300,11450,11150,11350,349,0.004424778761061843
2022-12-22,11550,11600,11300,11500,1476,0.013215859030837107
2022-12-23,11500,11500,11300,11450,864,-0.004347826086956497
2022-12-26,11700,11700,11250,11600,2159,0.013100436681222627
2022-12-27,11600,11750,11050,11450,3915,-0.012931034482758674
2022-12-28,11450,11450,10850,11250,1873,-0.017467248908296984
2022-12-29,11600,11600,10950,11050,469,-0.01777777777777778
2023-01-02,11150,11300,10650,11100,3255,0.004524886877828038
2023-01-03,11050,11400,10850,11100,482,0.0
2023-01-04,11200,11300,11050,11300,437,0.018018018018018056
2023-01-05,11350,11350,11000,11000,195,-0.026548672566371723
2023-01-06,11300,11350,10850,11000,727,0.0
2023-01-09,11300,11400,11050,11350,1118,0.031818181818181746
2023-01-10,11300,11350,11050,11350,1133,0.0
2023-01-11,11350,11450,11300,11450,1118,0.008810572687224738
2023-01-12,11450,11500,11250,11300,908,-0.013100436681222738
2023-01-13,11400,11450,11150,11350,2109,0.004424778761061843
2023-01-16,11350,11500,11250,11500,7109,0.013215859030837107
2023-01-17,11550,11550,11300,11500,767,0.0
2023-01-18,11650,11650,11150,11450,2339,-0.004347826086956497
2023-01-19,11200,11550,11200,11550,866,0.008733624454148492
2023-01-20,11550,11550,11300,11500,104,-0.0043290043290042934
2023-01-25,11500,11500,11410,11490,436,-0.0008695652173913437
2023-01-26,11580,11580,11310,11540,948,0.004351610095735481
2023-01-27,11600,11900,11390,11650,615,0.009532062391681029
2023-01-30,11660,11800,11470,11640,737,-0.0008583690987123971
2023-01-31,11920,11920,11410,11820,4716,0.015463917525773141
2023-02-01,11750,11830,11650,11780,732,-0.0033840947546531774
2023-02-02,11850,11850,11570,11790,1218,0.000848896434634927
2023-02-03,12080,12080,11730,11760,1593,-0.0025445292620864812
2023-02-06,11930,11930,11620,11700,1955,-0.005102040816326481
2023-02-07,11500,11630,11230,11280,8430,-0.03589743589743588
2023-02-08,11440,11440,11210,11260,2329,-0.0017730496453900457
2023-02-09,11250,11380,10700,11220,3564,-0.003552397868561319
2023-02-10,11520,11980,11220,11500,16650,0.024955436720142554
2023-02-13,11500,11500,11260,11300,3324,-0.017391304347826098
2023-02-14,11300,11380,11150,11360,4333,0.005309734513274433
2023-02-15,11360,11400,11240,11300,1367,-0.005281690140845119
2023-02-16,11070,11370,11070,11310,2478,0.0008849557522123686
2023-02-17,11310,11400,11140,11170,1808,-0.012378426171529622
2023-02-20,11330,11330,11100,11220,1351,0.004476275738585445
2023-02-21,11220,11310,11130,11220,1052,0.0
2023-02-22,11060,11220,11000,11200,2412,-0.0017825311942959443
2023-02-23,11200,11200,11120,11180,751,-0.0017857142857142794
2023-02-24,11180,11230,11110,11110,1048,-0.0062611806797853164
2023-02-27,11100,11190,10850,10960,2406,-0.013501350135013523
2023-02-28,10970,11420,10960,11230,702,0.02463503649635035
2023-03-02,11230,11230,10960,11100,1212,-0.011576135351736405
2023-03-03,11100,11290,11090,11220,110,0.0108108108108107
2023-03-06,11220,11350,11070,11150,9196,-0.0062388591800356386
2023-03-07,10870,11150,10800,11050,5113,-0.008968609865470878
2023-03-08,11050,11050,10920,10990,562,-0.005429864253393646
2023-03-09,11460,11460,10800,10980,960,-0.0009099181073702889
2023-03-10,10990,10990,10790,10830,2330,-0.013661202185792365
2023-03-13,10830,10840,10700,10840,1896,0.0009233610341643494
2023-03-14,10970,10970,10510,10810,1706,-0.002767527675276771
2023-03-15,10810,10960,10600,10720,998,-0.008325624421831601
2023-03-16,10720,10780,10510,10640,918,-0.007462686567164201
2023-03-17,10640,10970,10640,10900,1406,0.02443609022556381
2023-03-20,10900,10900,10760,10800,1022,-0.00917431192660545
2023-03-21,10800,11240,10510,10940,589,0.012962962962963065
2023-03-22,10940,11190,10550,10950,470,0.000914076782449813
2023-03-23,10950,10950,10620,10830,1654,-0.010958904109588996
2023-03-24,10830,10910,10570,10640,1889,-0.01754385964912286
2023-03-27,10640,10640,10530,10540,1270,-0.009398496240601517
2023-03-28,10540,11000,10540,10810,523,0.02561669829222013
2023-03-29,10810,11140,10610,10610,606,-0.018501387604070274
2023-03-30,10610,10700,10390,10700,1404,0.008482563619227168
2023-03-31,10700,10890,10560,10720,1175,0.0018691588785046953
2023-04-03,10800,10820,10550,10550,1470,-0.01585820895522383
2023-04-04,10550,10760,10480,10510,4151,-0.0037914691943128354
2023-04-05,10520,11500,10510,10660,4614,0.014272121788772685
2023-04-06,10760,10880,10730,10860,1027,0.018761726078799335
2023-04-07,10860,10890,10510,10830,1723,-0.002762430939226568
2023-04-10,10830,10830,10650,10800,1357,-0.0027700831024930483
2023-04-11,10540,10900,10540,10740,1425,-0.005555555555555536
2023-04-12,10740,13960,10740,13960,414415,0.2998137802607077
2023-04-13,14680,18140,12750,12750,1816648,-0.08667621776504297
2023-04-14,12630,14980,11900,13830,900754,0.08470588235294119
2023-04-17,15620,16340,14150,14150,527408,0.02313810556760676
2023-04-18,13350,13350,12350,12540,109270,-0.11378091872791518
2023-04-19,12500,12500,12000,12450,59372,-0.0071770334928229484
2023-04-20,12610,12650,12000,12650,56791,0.016064257028112428
2023-04-21,12830,13480,11700,12000,148528,-0.0513833992094862
2023-04-24,11740,12400,11630,11800,80362,-0.01666666666666672
2023-04-25,11950,12080,10990,11400,68285,-0.03389830508474578
2023-04-26,11200,12000,11080,11280,36870,-0.010526315789473717
2023-04-27,11210,11330,10600,11270,32627,-0.0008865248226950229
2023-04-28,11280,12390,10850,11290,85526,0.0017746228926354135
2023-05-02,11290,11800,11110,11710,26022,0.037201062887511016
2023-05-03,11640,11740,11370,11640,11425,-0.005977796754910281
2023-05-04,11630,11720,11350,11640,20436,0.0
2023-05-08,11740,11740,11390,11570,11604,-0.006013745704467333
2023-05-09,11570,11580,10720,10870,40554,-0.060501296456352605
2023-05-10,11030,11260,10870,10930,14954,0.005519779208831732
2023-05-11,10950,11150,10880,11030,4598,0.009149130832570851
2023-05-12,10990,11120,10900,11030,6276,0.0
2023-05-15,10920,11040,10800,11000,7374,-0.0027198549410698547
2023-05-16,11020,11020,10850,10910,6047,-0.008181818181818179
2023-05-17,10780,10950,10750,10830,3280,-0.007332722273143855
2023-05-18,10760,10920,10750,10860,5305,0.0027700831024930483
2023-05-19,10850,10880,10750,10810,4507,-0.004604051565377576
2023-05-22,10960,11000,10810,10970,2208,0.014801110083256352
2023-05-23,11000,11000,10750,10790,15299,-0.016408386508659945
2023-05-24,10850,10850,10660,10790,9226,0.0
2023-05-25,10780,10800,10640,10760,8387,-0.002780352177942591
2023-05-26,10910,10910,10570,10770,8057,0.0009293680297397522
2023-05-30,10770,10770,10360,10370,35981,-0.03714020427112352
2023-05-31,10450,10490,10360,10420,3649,0.004821600771456103
2023-06-01,10310,10530,10310,10500,5470,0.007677543186180413
2023-06-02,10470,10470,10390,10400,2280,-0.00952380952380949
2023-06-05,10500,10500,10300,10440,6555,0.0038461538461538325
2023-06-07,10440,10600,10400,10560,3198,0.011494252873563315
2023-06-08,10590,10590,10400,10520,2988,-0.0037878787878787845
2023-06-09,10560,10560,10400,10510,5716,-0.0009505703422053591
2023-06-12,10550,10550,10460,10520,1418,0.0009514747859182826
2023-06-13,10650,10650,10450,10540,3271,0.0019011406844107182
2023-06-14,10680,10680,10400,10400,4002,-0.013282732447817858
2023-06-15,10540,10540,10330,10420,3633,0.0019230769230769162
2023-06-16,10420,10510,10380,10410,2908,-0.0009596928982725794
2023-06-19,10570,10570,10270,10380,4522,-0.0028818443804035088
2023-06-20,10470,10490,10360,10480,6672,0.009633911368015502
2023-06-21,10470,10470,10310,10410,3907,-0.006679389312977069
2023-06-22,10410,10480,10300,10350,2185,-0.0057636887608069065
2023-06-23,10310,10380,10180,10190,10985,-0.01545893719806768
2023-06-26,10190,10320,10190,10270,3435,0.007850834151128527
2023-06-27,10320,10500,10200,10340,4829,0.006815968841285214
2023-06-28,10340,10460,10230,10310,4122,-0.0029013539651837617
2023-06-29,10320,10320,10190,10190,3930,-0.011639185257032003
2023-06-30,10350,10350,10170,10180,2771,-0.0009813542688911214
2023-07-03,10430,10430,10180,10300,4390,0.011787819253438192
2023-07-04,10320,10320,10200,10240,1517,-0.005825242718446644
2023-07-05,10340,10340,10130,10220,3891,-0.001953125
2023-07-06,10280,10280,10060,10150,9161,-0.006849315068493178
2023-07-07,10120,10170,9910,10000,9707,-0.014778325123152691
2023-07-10,9860,10010,9840,10000,4040,0.0
2023-07-11,10180,10180,9890,10050,1579,0.004999999999999893
2023-07-12,10180,10180,9930,9990,3347,-0.005970149253731294
2023-07-13,10150,10150,9900,9990,3482,0.0
2023-07-14,9990,10060,9890,10030,6406,0.004004004004003914
2023-07-17,10190,10190,9990,10080,1012,0.004985044865403854
2023-07-18,10150,10150,9970,10000,2771,-0.007936507936507908
2023-07-19,10050,10050,9800,9830,8895,-0.017000000000000015
2023-07-20,9830,9930,9750,9810,4466,-0.0020345879959308144
2023-07-21,9820,9900,9770,9810,3947,0.0
2023-07-24,9810,9870,9650,9680,9091,-0.013251783893985736
2023-07-25,9660,11780,9490,10150,207273,0.04855371900826455
2023-07-26,9850,10970,9520,9590,70553,-0.05517241379310345
2023-07-27,9610,10080,9510,10020,15234,0.044838373305526646
2023-07-28,10020,10090,9890,10070,4077,0.004990019960079861
2023-07-31,10120,10200,10000,10150,1512,0.00794438927507457
2023-08-01,10210,10210,9900,10110,5664,-0.003940886699507429
2023-08-02,10150,10150,9950,10010,2941,-0.009891196834816984
2023-08-03,10070,10070,9720,9920,8042,-0.00899100899100902
2023-08-04,9910,9910,9710,9870,5285,-0.005040322580645129
2023-08-07,9610,9890,9610,9680,10025,-0.019250253292806496
2023-08-08,9670,9840,9580,9670,5058,-0.0010330578512396382
2023-08-09,9830,9830,9500,9700,2133,0.0031023784901758056
2023-08-10,9820,9820,9540,9710,3227,0.0010309278350515427
2023-08-11,9800,9820,9650,9740,1706,0.003089598352214118
2023-08-14,9800,9800,9580,9770,4436,0.0030800821355236874
2023-08-16,9770,10280,9680,9790,8491,0.0020470829068577334
2023-08-17,9790,9980,9630,9970,8120,0.018386108273748647
2023-08-18,9930,9930,9690,9800,3807,-0.017051153460381108
2023-08-21,9800,9830,9710,9790,2466,-0.0010204081632653184
2023-08-22,9820,9820,9680,9720,3156,-0.007150153217568955
2023-08-23,9810,9810,9500,9640,4881,-0.008230452674897082
2023-08-24,9650,9710,9610,9670,1137,0.003112033195020736
2023-08-25,9700,9700,9590,9670,1018,0.0
2023-08-28,9750,9750,9610,9690,1512,0.0020682523267838704
2023-08-29,9690,10200,9690,9700,2844,0.0010319917440659854
2023-08-30,9690,9820,9680,9750,1141,0.005154639175257714
2023-08-31,9690,9810,9660,9750,3665,0.0
2023-09-01,9760,9770,9640,9750,4985,0.0
2023-09-04,9690,9780,9690,9760,914,0.0010256410256410664
2023-09-05,9760,9780,9710,9750,1091,-0.0010245901639344135
2023-09-06,9780,9780,9640,9700,2393,-0.00512820512820511
2023-09-07,9760,9760,9600,9670,3198,-0.003092783505154628
2023-09-08,9680,9690,9610,9690,527,0.0020682523267838704
2023-09-11,9750,9750,9510,9640,4982,-0.00515995872033026
2023-09-12,9600,9620,9490,9600,10809,-0.004149377593360981
2023-09-13,9600,9600,9400,9450,6267,-0.015625
2023-09-14,9450,9520,9410,9520,719,0.007407407407407307
2023-09-15,9500,9570,9450,9470,2378,-0.005252100840336116
2023-09-18,9440,9530,9420,9480,2678,0.001055966209081216
2023-09-19,9490,9530,9430,9490,1141,0.001054852320675037
2023-09-20,9410,9480,9280,9350,6829,-0.01475237091675452
2023-09-21,9330,9430,9260,9290,3621,-0.0064171122994652885
2023-09-22,9260,9500,9220,9300,1017,0.0010764262648008671
2023-09-25,9500,9650,9240,9370,2329,0.007526881720430145
2023-09-26,9370,9530,9210,9420,737,0.005336179295624355
2023-09-27,9060,9570,9060,9490,2668,0.007430997876857859
2023-10-04,9250,9590,9020,9300,2424,-0.02002107481559534
2023-10-05,9100,9490,9100,9150,980,-0.016129032258064502
2023-10-06,9170,9400,9000,9210,2472,0.006557377049180246
2023-10-10,9210,9240,9150,9220,1239,0.0010857763300760048
2023-10-11,9220,9290,9150,9280,177,0.006507592190889477
2023-10-12,9430,9430,9270,9340,424,0.006465517241379226
2023-10-13,9250,9310,9160,9190,196,-0.016059957173447548
2023-10-16,9010,9380,9010,9180,504,-0.0010881392818280489
2023-10-17,9180,9340,9170,9180,1183,0.0
2023-10-18,9190,9300,9140,9200,427,0.002178649237472685
2023-10-19,9200,9200,9100,9170,502,-0.003260869565217428
2023-10-20,9110,9180,9020,9150,1853,-0.0021810250817884125
2023-10-23,9030,9170,8980,8990,3251,-0.01748633879781425
2023-10-24,8930,9100,8930,8930,4078,-0.006674082313681828
2023-10-25,8930,9080,8930,9060,870,0.014557670772676445
2023-10-26,9060,9060,8880,8920,1319,-0.015452538631346546
2023-10-27,9010,9020,8910,8920,2949,0.0
2023-10-30,9050,9500,8990,9040,702,0.013452914798206317
2023-10-31,9050,9450,8910,9050,1430,0.0011061946902655162
2023-11-01,9050,9090,8950,9070,1232,0.0022099447513812542
2023-11-02,9070,9080,8980,9070,772,0.0
2023-11-03,9070,9400,9030,9340,1532,0.029768467475193017
2023-11-06,9400,9450,9310,9420,2215,0.008565310492505418
2023-11-07,9500,9500,8900,9060,1227,-0.03821656050955413
2023-11-08,9200,9240,9050,9050,856,-0.001103752759381904
2023-11-09,9060,9110,9050,9080,4068,0.0033149171270718814
2023-11-10,9180,9180,9010,9060,1548,-0.0022026431718061845
2023-11-13,9060,9060,8880,8910,4025,-0.01655629139072845
2023-11-14,9060,9060,8960,9050,343,0.015712682379348974
2023-11-15,9090,9090,9000,9050,2409,0.0
2023-11-16,9060,9150,9000,9060,1544,0.0011049723756906271
2023-11-17,9060,9400,8980,9100,4608,0.004415011037527616
2023-11-20,9200,9220,9010,9220,1375,0.01318681318681314
2023-11-21,9340,9340,9030,9090,2143,-0.014099783080260275
2023-11-22,9210,9330,9120,9210,4678,0.013201320132013139
2023-11-23,9210,9270,9100,9270,2367,0.006514657980456029
2023-11-24,9310,9310,9120,9250,1434,-0.0021574973031284195
2023-11-27,9300,9300,9040,9200,2014,-0.00540540540540535
2023-11-28,9290,9350,9190,9250,2620,0.005434782608695565
2023-11-29,9350,9350,9150,9290,1005,0.00432432432432428
2023-11-30,9300,9360,8900,9320,2657,0.0032292787944026013
2023-12-01,9320,9430,9050,9300,3731,-0.0021459227467811592
2023-12-04,9300,9870,9200,9610,13408,0.03333333333333344
2023-12-05,9610,9750,9330,9550,5108,-0.00624349635796051
2023-12-06,9600,9890,9310,9800,14951,0.02617801047120416
2023-12-07,9940,10310,9820,10190,30164,0.03979591836734686
2023-12-08,10190,10200,9760,9790,12072,-0.03925417075564275
2023-12-11,9980,10330,9820,10250,20887,0.04698672114402447
2023-12-12,10180,12370,9820,10100,850982,-0.014634146341463428
2023-12-13,10200,10200,9650,9700,64405,-0.03960396039603964
2023-12-14,9700,9890,9400,9620,25679,-0.008247422680412342
2023-12-15,9560,9820,9400,9670,29698,0.005197505197505281
2023-12-18,9800,9800,9470,9680,7977,0.0010341261633919352
2023-12-19,9530,9700,9400,9510,7885,-0.017561983471074405
2023-12-20,9700,9700,9420,9590,6693,0.008412197686645584
2023-12-21,9590,9590,9410,9530,2706,-0.006256517205422307
2023-12-22,9480,9580,9470,9510,5374,-0.0020986358866736943
2023-12-26,9520,9580,9340,9390,3592,-0.012618296529968487
2023-12-27,9500,9530,9310,9530,6014,0.014909478168264156
2023-12-28,9530,9700,9450,9650,2259,0.012591815320041944
2024-01-02,9660,9660,9500,9650,1990,0.0
2024-01-03,9830,9830,9500,9680,2298,0.0031088082901553626
2024-01-04,9710,9710,9430,9600,2411,-0.008264462809917328
2024-01-05,9610,9610,9400,9590,3666,-0.0010416666666667185
2024-01-08,9450,9660,9400,9590,3776,0.0
2024-01-09,9470,9610,9410,9500,2985,-0.009384775808133461
2024-01-10,9520,9520,9340,9390,3655,-0.011578947368421022
2024-01-11,9390,9570,9330,9400,1202,0.0010649627263046302
2024-01-12,9320,9490,9280,9390,3241,-0.0010638297872340718
2024-01-15,9430,9450,9300,9300,4313,-0.009584664536741228
2024-01-16,9390,9390,9280,9280,677,-0.0021505376344086446
2024-01-17,9410,9650,9130,9180,4046,-0.010775862068965525
2024-01-18,9190,9430,9100,9200,6181,0.002178649237472685
2024-01-19,9240,9300,9130,9220,669,0.0021739130434783593
2024-01-22,9330,9330,9130,9150,1409,-0.007592190889370909
2024-01-23,9150,9300,9100,9240,1985,0.009836065573770592
2024-01-24,9270,9310,9070,9070,3396,-0.018398268398268414
2024-01-25,9030,9200,8960,9130,3063,0.006615214994487362
2024-01-26,9140,9280,9030,9040,4369,-0.009857612267250793
2024-01-29,9050,9100,8960,9090,2839,0.005530973451327359
2024-01-30,9020,9190,8660,8940,6343,-0.01650165016501648
2024-01-31,8970,9400,8940,9340,4004,0.044742729306487705
2024-02-01,9380,9900,9230,9310,17019,-0.0032119914346895317
2024-02-02,9550,9610,9410,9590,8967,0.03007518796992481
2024-02-05,9430,9660,9420,9660,2353,0.007299270072992803
2024-02-06,9660,9660,9440,9560,1084,-0.010351966873705987
2024-02-07,9560,9730,9460,9590,1848,0.003138075313807498
2024-02-08,9620,9630,9530,9580,3407,-0.0010427528675703845
2024-02-13,9570,9730,9480,9620,5152,0.0041753653444676075
2024-02-14,9620,9630,9460,9610,1629,-0.0010395010395010118
2024-02-15,9640,9640,9400,9490,2926,-0.012486992715920908
2024-02-16,9530,9540,9420,9520,2998,0.0031612223393044925
2024-02-19,9530,9580,9490,9540,1471,0.0021008403361344463
2024-02-20,9540,9560,9410,9520,1075,-0.002096436058700246
2024-02-21,9570,9570,9430,9520,741,0.0
2024-02-22,9340,9550,9340,9520,409,0.0
2024-02-23,9530,9530,9060,9150,21834,-0.03886554621848737
2024-02-26,9270,9270,9110,9230,1244,0.008743169398907069
2024-02-27,9110,9320,9050,9220,1106,-0.0010834236186348933
2024-02-28,9230,9420,9220,9220,3345,0.0
2024-02-29,9350,9350,9170,9170,1574,-0.005422993492407824
2024-03-04,9170,9240,9110,9180,1430,0.0010905125408942062
2024-03-05,9180,9250,9130,9160,272,-0.002178649237472796
2024-03-06,9250,9250,9060,9190,554,0.0032751091703056012
2024-03-07,9250,9250,9120,9130,659,-0.006528835690968404
2024-03-08,9130,9230,9020,9030,1112,-0.010952902519167584
2024-03-11,9090,9170,9040,9120,1022,0.009966777408637828
2024-03-12,9150,9150,8990,9050,3809,-0.007675438596491224
2024-03-13,9130,9150,9000,9120,1603,0.007734806629834168
2024-03-14,9170,9170,8980,9120,2092,0.0
2024-03-15,9150,9150,8990,9120,1226,0.0
2024-03-18,9150,9150,8960,9050,3995,-0.007675438596491224
2024-03-19,9170,9170,8970,9000,964,-0.0055248618784530246
2024-03-20,9140,9140,9000,9020,1436,0.0022222222222221255
2024-03-21,9110,9200,8980,9150,729,0.014412416851441234
2024-03-22,9210,9210,9080,9120,2240,-0.003278688524590123
2024-03-25,9120,9170,9090,9140,859,0.002192982456140413
2024-03-26,9050,9160,9050,9130,1449,-0.001094091903719896
2024-03-27,9140,9150,9070,9150,1550,0.0021905805038335835
2024-03-28,9220,9220,9070,9140,725,-0.0010928961748634114
2024-03-29,9160,9160,9050,9100,1820,-0.004376367614879695
2024-04-01,9100,9100,9050,9100,1439,0.0
2024-04-02,9140,9170,9010,9100,2862,0.0
2024-04-03,9110,9110,9050,9080,856,-0.00219780219780219
2024-04-04,9130,9130,9050,9100,956,0.0022026431718060735
2024-04-05,9170,9170,8930,9070,2278,-0.003296703296703285
2024-04-08,9070,9070,8980,8990,1750,-0.008820286659316445
2024-04-09,9150,9160,9000,9080,852,0.010011123470522909
2024-04-11,9250,9250,8900,8950,3817,-0.014317180616740033
2024-04-12,8920,9160,8900,9090,1769,0.015642458100558754
2024-04-15,9100,9110,8960,8980,798,-0.012101210121012063
2024-04-16,9180,9180,8870,8970,1812,-0.00111358574610243
2024-04-17,9230,9230,8950,8980,854,0.0011148272017837968
2024-04-18,9160,9160,8870,8880,2247,-0.011135857461024523
2024-04-19,9040,9060,8840,9000,2546,0.013513513513513598
2024-04-22,9110,9110,8930,9010,675,0.0011111111111110628
2024-04-23,9040,9040,8950,9000,1164,-0.0011098779134295356
2024-04-24,9000,9040,8950,8950,953,-0.005555555555555536
2024-04-25,9020,9050,8930,9000,1117,0.005586592178770999
2024-04-26,9000,9010,8880,8960,3928,-0.004444444444444473
2024-04-29,8970,8980,8870,8970,4243,0.0011160714285713969
2024-04-30,8990,9040,8970,9020,1217,0.00557413600891854
2024-05-02,9040,9050,8900,9020,1408,0.0
2024-05-03,9040,9040,8880,8990,1159,-0.003325942350332567
2024-05-07,8990,9000,8910,9000,865,0.0011123470522802492
2024-05-08,9000,9010,8950,9000,356,0.0
2024-05-09,9030,9030,8970,9020,213,0.0022222222222221255
2024-05-10,9230,9230,8930,9030,706,0.0011086474501109667
2024-05-13,8950,9030,8950,9000,774,-0.0033222591362126463
2024-05-14,9000,9080,8980,9040,138,0.004444444444444473
2024-05-16,9080,9080,8960,9000,1795,-0.004424778761061954
2024-05-17,9000,9000,8930,9000,874,0.0
2024-05-20,9240,9240,8940,8940,5731,-0.00666666666666671
2024-05-21,8990,8990,8870,8920,4997,-0.0022371364653244186
2024-05-22,8940,9000,8900,8950,1419,0.0033632286995515237
2024-05-23,9020,9020,8920,8970,648,0.0022346368715084886
2024-05-24,9100,9100,8910,8930,654,-0.004459308807134854
2024-05-27,8950,8980,8800,8890,3008,-0.004479283314669624
2024-05-28,8890,9000,8800,8980,3204,0.01012373453318327
2024-05-29,9020,9020,8790,8870,4025,-0.012249443207126953
2024-05-30,8870,8960,8800,8840,1183,-0.0033821871476887866
2024-05-31,8840,8910,8800,8840,612,0.0
2024-06-03,9030,9030,8830,8850,793,0.0011312217194570096
2024-06-04,9170,9170,8710,8810,2657,-0.004519774011299438
2024-06-05,8910,8910,8720,8820,1596,0.0011350737797957144
2024-06-07,8910,8930,8790,8870,3673,0.005668934240362855
2024-06-10,8900,9000,8800,8930,986,0.006764374295377573
2024-06-11,9090,9090,8830,8910,351,-0.002239641657334812
2024-06-12,8760,9200,8710,8780,3810,-0.014590347923681302
2024-06-13,8910,8910,8670,8840,1570,0.006833712984054774
2024-06-14,8840,8840,8670,8750,3174,-0.010180995475113086
2024-06-17,8750,10200,8710,8710,47995,-0.00457142857142856
2024-06-18,8890,8900,8700,8820,783,0.012629161882893314
2024-06-19,8820,8820,8700,8790,721,-0.003401360544217691
2024-06-20,8750,9100,8700,8950,5244,0.018202502844141044
2024-06-21,8960,9100,8870,8990,2580,0.004469273743016755
2024-06-24,8990,9020,8830,8880,474,-0.012235817575083408
2024-06-25,9090,9100,8820,8870,1257,-0.0011261261261261701
2024-06-26,8990,8990,8790,8840,1741,-0.0033821871476887866
2024-06-27,8840,8840,8740,8840,935,0.0
2024-06-28,8850,8860,8750,8840,2439,0.0
2024-07-01,8850,8890,8810,8880,188,0.004524886877828038
2024-07-02,8950,8950,8760,8860,1293,-0.0022522522522522292
2024-07-03,8860,8870,8770,8800,539,-0.006772009029345383
2024-07-04,8800,9000,8770,8780,2187,-0.002272727272727315
2024-07-05,8660,8840,8660,8810,1809,0.003416856492027387
2024-07-08,8810,9000,8810,8930,2009,0.013620885357548351
2024-07-09,8960,9060,8950,8960,1487,0.0033594624860022737
2024-07-10,9120,9120,8940,8940,670,-0.0022321428571429047
2024-07-11,9150,9150,8920,8980,629,0.004474272930648837
2024-07-12,9090,9100,8910,8980,475,0.0
2024-07-15,9010,9010,8740,9000,1927,0.00222717149220486
2024-07-16,9080,9080,8800,8950,1252,-0.005555555555555536
2024-07-17,8950,9000,8900,8950,387,0.0
2024-07-18,8990,8990,8770,8940,2077,-0.0011173184357542443
2024-07-19,8990,8990,8860,8880,256,-0.006711409395973145
2024-07-22,8980,8980,8860,8940,1629,0.006756756756756799
2024-07-23,8950,8970,8800,8950,345,0.0011185682326622093
2024-07-24,8840,9200,8840,8910,186,-0.004469273743016755
2024-07-25,8850,9000,8820,8870,302,-0.004489337822671136
2024-07-26,8690,8950,8690,8880,848,0.0011273957158963732
2024-07-29,8940,8940,8820,8890,1144,0.0011261261261261701
2024-07-30,9090,9090,8850,8930,409,0.004499437570303799
2024-07-31,9090,9090,8800,8900,271,-0.0033594624860022737
2024-08-01,9030,9030,8800,8840,3165,-0.006741573033707815
2024-08-02,8940,8940,8810,8890,412,0.005656108597285048
2024-08-05,8890,8890,8330,8400,7385,-0.055118110236220486
2024-08-06,8400,8670,8340,8600,2605,0.023809523809523725
2024-08-07,8650,8980,8590,8830,237,0.02674418604651163
2024-08-08,8860,9090,8770,8890,1702,0.006795016987542368
2024-08-09,8780,9200,8670,8940,607,0.0056242969628796935
2024-08-12,8940,8940,8630,8720,1662,-0.02460850111856827
2024-08-13,8850,8970,8720,8790,755,0.008027522935779796
2024-08-14,8890,8910,8720,8820,1830,0.0034129692832765013
2024-08-16,8960,8960,8560,8820,661,0.0
2024-08-19,8820,8940,8650,8940,1091,0.013605442176870763
2024-08-20,8940,9100,8670,8900,2544,-0.004474272930648726
2024-08-21,8900,8900,8790,8850,748,-0.005617977528089901
2024-08-22,8910,8910,8680,8810,2657,-0.004519774011299438
2024-08-23,8810,8810,8690,8800,855,-0.0011350737797957144
2024-08-26,8790,8800,8710,8800,577,0.0
2024-08-27,8800,8810,8700,8800,400,0.0
2024-08-28,8800,8800,8770,8780,224,-0.002272727272727315
2024-08-29,8810,8980,8680,8940,881,0.018223234624145768
2024-08-30,8940,8940,8830,8850,608,-0.010067114093959773
2024-09-02,8850,9200,8840,8870,257,0.002259887005649608
2024-09-03,9150,9160,8730,8930,458,0.006764374295377573
2024-09-04,8930,8930,8610,8760,1792,-0.01903695408734607
2024-09-05,8910,8910,8760,8860,401,0.011415525114155223
2024-09-06,8910,8910,8660,8770,654,-0.010158013544018019
2024-09-09,8560,8770,8560,8560,3279,-0.023945267958951022
2024-09-10,8690,8690,8460,8590,682,0.003504672897196359
2024-09-11,8590,8590,8540,8580,409,-0.0011641443538998875
2024-09-12,8650,8650,8530,8540,672,-0.004662004662004615
2024-09-13,8630,8630,8540,8600,894,0.007025761124121788
2024-09-19,8600,8690,8570,8690,253,0.010465116279069875
2024-09-20,8710,8730,8670,8720,1329,0.0034522439585731313
2024-09-23,8750,8770,8640,8740,157,0.002293577981651307
2024-09-24,8810,8890,8470,8750,1179,0.0011441647597254523
2024-09-25,8830,8830,8690,8760,465,0.0011428571428571122
2024-09-26,8800,8800,8750,8770,138,0.0011415525114155667
2024-09-27,8790,8900,8680,8860,873,0.010262257696693311
2024-09-30,8850,8850,8730,8750,206,-0.01241534988713322
2024-10-02,8830,8830,8720,8800,143,0.005714285714285783
2024-10-04,8760,8800,8750,8790,130,-0.001136363636363602
2024-10-07,8900,8900,8710,8820,1136,0.0034129692832765013
2024-10-08,8820,8830,8770,8780,214,-0.0045351473922902175
2024-10-10,8780,8800,8580,8800,182,0.002277904328018332
2024-10-11,8890,8890,8540,8790,518,-0.001136363636363602
2024-10-14,8790,8810,8620,8780,485,-0.0011376564277588708
2024-10-15,8780,8780,8660,8780,647,0.0
2024-10-16,8810,8810,8740,8770,447,-0.001138952164009166
