Date,Open,High,Low,Close,Volume,Change
2022-01-03,44550,46650,44550,46250,55564,0.038159371492704874
2022-01-04,46400,46800,45550,46250,38875,0.0
2022-01-05,45750,46600,45200,45550,31825,-0.015135135135135092
2022-01-06,44600,45200,43950,44050,36604,-0.03293084522502743
2022-01-07,43900,44750,43800,44050,21263,0.0
2022-01-10,43500,44550,42700,44050,51955,0.0
2022-01-11,44100,44250,42750,43150,35732,-0.020431328036322416
2022-01-12,43100,43350,40050,40300,94817,-0.06604866743916571
2022-01-13,40400,40950,35650,37400,239905,-0.07196029776674939
2022-01-14,36800,37550,36450,37450,78647,0.0013368983957218195
2022-01-17,37350,37500,33650,33750,127035,-0.09879839786381839
2022-01-18,33500,34850,30200,32650,384665,-0.03259259259259262
2022-01-19,31150,33150,31150,31400,99805,-0.038284839203675314
2022-01-20,31550,36350,31550,34200,188673,0.08917197452229297
2022-01-21,33500,37300,33500,35750,161811,0.04532163742690054
2022-01-24,35100,36700,32500,32600,97774,-0.08811188811188808
2022-01-25,32650,33500,30000,30100,88702,-0.07668711656441718
2022-01-26,29800,31000,29000,29450,71592,-0.021594684385382035
2022-01-27,30000,30350,27200,27200,111594,-0.07640067911714776
2022-01-28,27600,29950,27400,29950,85681,0.10110294117647056
2022-02-03,30200,31400,30200,30500,53073,0.01836393989983298
2022-02-04,30100,31350,30100,31200,29024,0.022950819672131084
2022-02-07,31800,31800,29850,30500,32815,-0.022435897435897467
2022-02-08,30550,31100,30050,30200,30881,-0.00983606557377048
2022-02-09,30850,34400,30850,31900,119406,0.056291390728476776
2022-02-10,32000,33350,31950,32300,53107,0.012539184952978122
2022-02-11,31700,32250,30500,30500,40542,-0.05572755417956654
2022-02-14,29800,30500,28500,29150,41676,-0.04426229508196722
2022-02-15,29150,29950,28650,28900,24102,-0.00857632933104635
2022-02-16,29400,30950,29400,30750,29837,0.06401384083044981
2022-02-17,30650,32500,30250,30800,57202,0.001626016260162677
2022-02-18,30050,31250,29800,31100,21660,0.009740259740259827
2022-02-21,30800,31650,30250,31600,23651,0.016077170418006492
2022-02-22,30650,31400,29950,30100,29971,-0.04746835443037978
2022-02-23,30100,30650,30000,30150,27848,0.0016611295681063787
2022-02-24,29950,30400,28950,29750,39083,-0.013266998341625258
2022-02-25,30550,31500,30300,30850,40897,0.03697478991596648
2022-02-28,31050,31150,30500,30900,13903,0.0016207455429497752
2022-03-02,30500,32300,30500,31800,30062,0.029126213592232997
2022-03-03,31850,33800,31850,32700,46679,0.028301886792452935
2022-03-04,33000,33000,31700,32100,20866,-0.01834862385321101
2022-03-07,31600,31850,30400,30750,28518,-0.04205607476635509
2022-03-08,30750,31450,30150,30800,27364,0.001626016260162677
2022-03-10,31500,32600,31400,31750,31916,0.030844155844155896
2022-03-11,31750,32350,31450,32150,27860,0.012598425196850505
2022-03-14,32400,33150,31650,31750,33826,-0.01244167962674958
2022-03-15,31500,32050,30400,31150,26900,-0.018897637795275646
2022-03-16,31750,32000,31250,31850,23367,0.022471910112359605
2022-03-17,32350,32800,31900,32100,30432,0.007849293563579218
2022-03-18,32350,32350,31500,31900,22555,-0.006230529595015577
2022-03-21,32300,32400,31250,31450,30916,-0.014106583072100332
2022-03-22,31300,31600,31150,31350,17654,-0.0031796502384737746
2022-03-23,31650,31650,31000,31100,26625,-0.00797448165869219
2022-03-24,31100,31800,30750,31800,23326,0.022508038585209
2022-03-25,31950,33700,31500,33000,89412,0.037735849056603765
2022-03-28,32850,33550,32350,32450,47963,-0.01666666666666672
2022-03-29,32500,33300,32000,32300,28541,-0.0046224961479198745
2022-03-30,32700,32900,31800,31800,20759,-0.015479876160990669
2022-03-31,32300,32400,31700,31800,25259,0.0
2022-04-01,31750,32700,31200,32400,38047,0.018867924528301883
2022-04-04,33050,34200,32550,33900,70752,0.04629629629629628
2022-04-05,34300,35300,33250,34850,82212,0.028023598820059004
2022-04-06,34550,36100,34300,35250,78834,0.011477761836441891
2022-04-07,34900,36050,34450,35100,48077,-0.004255319148936176
2022-04-08,35300,36900,35300,36500,107978,0.03988603988603989
2022-04-11,37200,37450,36000,36000,70634,-0.013698630136986356
2022-04-12,36000,36400,34850,35350,35201,-0.018055555555555602
2022-04-13,35700,36700,35600,36100,45392,0.021216407355021172
2022-04-14,36600,36850,35800,36200,32397,0.0027700831024930483
2022-04-15,35650,36500,35650,36150,23662,-0.0013812154696132284
2022-04-18,36350,37200,35700,36700,37391,0.015214384508990264
2022-04-19,36700,37150,36100,36500,30574,-0.00544959128065392
2022-04-20,36550,37050,36150,36950,26479,0.012328767123287676
2022-04-21,37000,37500,36600,36900,34099,-0.0013531799729363803
2022-04-22,37200,38100,36500,37000,63547,0.0027100271002709064
2022-04-25,36550,36850,35400,35700,42964,-0.03513513513513511
2022-04-26,36000,36500,35700,36000,23279,0.008403361344537785
2022-04-27,34950,35900,34900,35250,22436,-0.02083333333333337
2022-04-28,35150,36750,35150,36400,28681,0.03262411347517724
2022-04-29,36650,37950,36400,36950,34289,0.015109890109890056
2022-05-02,37200,37200,36500,36850,18304,-0.0027063599458727605
2022-05-03,37050,37150,36550,36600,18160,-0.006784260515603768
2022-05-04,36650,37000,35300,35650,18604,-0.025956284153005438
2022-05-06,35400,35400,34600,34850,22711,-0.02244039270687237
2022-05-09,34850,35450,34200,34650,16352,-0.0057388809182209455
2022-05-10,34550,34800,32800,34750,35906,0.0028860028860029363
2022-05-11,34750,35450,34200,34800,12968,0.0014388489208632116
2022-05-12,34250,35100,34200,34550,17178,-0.007183908045977017
2022-05-13,34600,35450,34600,35450,22379,0.026049204052098318
2022-05-16,35400,36300,34800,35300,19563,-0.004231311706629048
2022-05-17,35300,35350,34750,35200,14684,-0.0028328611898017497
2022-05-18,35200,36450,35000,36450,31866,0.035511363636363535
2022-05-19,35350,37100,35350,36500,38760,0.00137174211248281
2022-05-20,37000,38550,36700,38400,114387,0.05205479452054784
2022-05-23,39050,41900,38900,41500,132173,0.08072916666666674
2022-05-24,42500,42700,41350,41650,84092,0.0036144578313253017
2022-05-25,42100,42250,40850,41700,42806,0.0012004801920768582
2022-05-26,41950,43850,41600,42600,72280,0.021582733812949728
2022-05-27,43400,44550,42650,43900,91171,0.030516431924882736
2022-05-30,45100,45100,43400,44150,52543,0.005694760820045497
2022-05-31,44150,44600,43650,44300,37373,0.003397508493771184
2022-06-02,44500,45550,44050,44950,47011,0.0146726862302482
2022-06-03,45000,46100,45000,46100,58255,0.025583982202447064
2022-06-07,46700,47350,46350,46900,77916,0.017353579175704903
2022-06-08,47300,47300,44250,47050,77593,0.0031982942430703876
2022-06-09,47050,47200,45950,47200,39366,0.0031880977683316214
2022-06-10,47100,48100,45750,46950,81588,-0.005296610169491567
2022-06-13,45850,45950,41800,42350,108117,-0.09797657082002131
2022-06-14,41000,41700,38900,41000,111329,-0.031877213695395534
2022-06-15,41400,41400,37800,39500,58220,-0.03658536585365857
2022-06-16,39700,41500,39200,39900,46673,0.010126582278481067
2022-06-17,38700,40750,38000,40600,39176,0.01754385964912286
2022-06-20,40600,40600,38550,38550,43161,-0.05049261083743839
2022-06-21,38550,39400,38350,38600,40902,0.0012970168612191912
2022-06-22,38800,39500,35900,35900,46906,-0.06994818652849744
2022-06-23,36700,37000,32800,33600,134551,-0.06406685236768805
2022-06-24,34500,35050,33150,34750,52335,0.034226190476190466
2022-06-27,35600,37650,35050,37550,47357,0.0805755395683454
2022-06-28,38500,40600,36900,40600,69455,0.08122503328894815
2022-06-29,39550,40500,38000,38000,37138,-0.0640394088669951
2022-06-30,39500,39500,37250,37750,25504,-0.006578947368421018
2022-07-01,37400,38900,36350,38150,31091,0.01059602649006619
2022-07-04,38100,38100,35500,36750,21588,-0.03669724770642202
2022-07-05,37250,37850,36800,37000,20089,0.006802721088435382
2022-07-06,37950,38500,37000,37550,26938,0.014864864864864824
2022-07-07,38000,38250,37400,37800,10509,0.0066577896138482195
2022-07-08,38300,40300,37700,38600,35163,0.021164021164021163
2022-07-11,39000,39300,37700,37800,19182,-0.020725388601036232
2022-07-12,37800,38400,37250,37700,18085,-0.002645502645502673
2022-07-13,37400,38250,37250,37650,14719,-0.0013262599469495706
2022-07-14,38300,38700,37150,38600,22042,0.025232403718459473
2022-07-15,38950,39000,37800,38850,19637,0.006476683937823857
2022-07-18,38550,39000,38300,38900,18746,0.0012870012870012104
2022-07-19,39000,40800,38350,40400,51111,0.03856041131105403
2022-07-20,41100,42750,40400,42450,75941,0.05074257425742568
2022-07-21,42800,43150,41000,41000,42146,-0.0341578327444052
2022-07-22,42000,42000,39500,39750,35449,-0.030487804878048808
2022-07-25,40000,40700,39750,39750,15964,0.0
2022-07-26,40650,40650,39700,39700,18973,-0.0012578616352201255
2022-07-27,40300,42250,39600,41600,37300,0.04785894206549113
2022-07-28,42250,42250,41100,41600,17768,0.0
2022-07-29,42100,42100,40700,41000,19155,-0.014423076923076872
2022-08-01,41000,41350,40400,40650,16533,-0.008536585365853666
2022-08-02,40850,41500,39800,40400,19775,-0.006150061500615034
2022-08-03,40400,40800,40000,40600,9919,0.004950495049504955
2022-08-04,40700,41700,40400,41000,25784,0.009852216748768461
2022-08-05,41450,42100,41100,41850,29670,0.02073170731707319
2022-08-08,42200,42200,40750,41100,25822,-0.017921146953404965
2022-08-09,41350,41350,40600,41150,14679,0.0012165450121655041
2022-08-10,41150,41150,39700,39700,22446,-0.03523693803159178
2022-08-11,40650,41800,40200,41300,46746,0.04030226700251882
2022-08-12,41300,41450,40700,40800,16627,-0.01210653753026636
2022-08-16,41000,41700,40300,40300,18040,-0.01225490196078427
2022-08-17,40650,40650,40000,40200,15218,-0.002481389578163795
2022-08-18,39000,40000,38500,39750,19276,-0.011194029850746245
2022-08-19,39600,39700,39000,39250,22786,-0.012578616352201255
2022-08-22,39300,39300,37600,38000,18407,-0.031847133757961776
2022-08-23,37950,38300,36300,36650,48272,-0.03552631578947374
2022-08-24,36550,37950,36350,37500,35682,0.023192360163710735
2022-08-25,37250,38400,37250,37850,13855,0.009333333333333416
2022-08-26,37850,38850,37850,38500,13013,0.017173051519154603
2022-08-29,37950,37950,36800,37150,21730,-0.03506493506493502
2022-08-30,37900,38000,36900,37650,20969,0.013458950201884257
2022-08-31,37850,38400,37500,37850,13918,0.005312084993359889
2022-09-01,37250,37600,35850,36400,41315,-0.03830911492734479
2022-09-02,36250,37300,35350,35950,30406,-0.012362637362637319
2022-09-05,36250,36250,34450,35300,30435,-0.018080667593880384
2022-09-06,34700,35900,34700,35000,19752,-0.008498583569405138
2022-09-07,34600,37300,33600,37100,41006,0.06000000000000005
2022-09-08,37300,37500,36150,36700,21208,-0.010781671159029615
2022-09-13,37900,37900,36600,36800,16610,0.0027247956403269047
2022-09-14,35200,36650,35200,36350,13945,-0.012228260869565188
2022-09-15,36100,36400,34800,35450,40460,-0.024759284731774467
2022-09-16,35000,35000,33350,34450,51833,-0.028208744710860323
2022-09-19,33900,34400,33400,33950,21171,-0.014513788098693747
2022-09-20,34500,34500,33550,33600,14763,-0.010309278350515427
2022-09-21,33000,33500,31750,31950,47990,-0.049107142857142905
2022-09-22,31150,31550,30000,30000,92654,-0.06103286384976525
2022-09-23,29950,31200,29500,30000,39997,0.0
2022-09-26,29650,29650,25300,26350,160706,-0.1216666666666667
2022-09-27,25650,25900,19150,20750,888398,-0.2125237191650854
2022-09-28,20750,21850,19650,20050,260351,-0.03373493975903619
2022-09-29,20250,22250,20200,20850,278844,0.03990024937655856
2022-09-30,20200,20500,19050,19650,120184,-0.05755395683453235
2022-10-04,20150,20500,19400,20200,63513,0.027989821882951738
2022-10-05,20750,21700,19850,19900,77277,-0.014851485148514865
2022-10-06,20100,20650,20100,20550,31157,0.03266331658291466
2022-10-07,20400,20500,19450,19700,52843,-0.041362530413625254
2022-10-11,19400,19500,17250,17700,119909,-0.10152284263959388
2022-10-12,17350,19050,16900,18300,261003,0.03389830508474567
2022-10-13,18100,18300,17000,17100,56911,-0.06557377049180324
2022-10-14,17450,18450,17250,18350,58666,0.07309941520467844
2022-10-17,17850,18600,17600,18550,35673,0.01089918256130784
2022-10-18,18550,19400,18550,19100,47730,0.029649595687331498
2022-10-19,18900,19550,18300,18300,37913,-0.041884816753926746
2022-10-20,18300,18600,17600,17850,22875,-0.024590163934426257
2022-10-21,17850,18350,17500,18050,18309,0.011204481792717047
2022-10-24,18500,18500,17750,17800,37056,-0.013850415512465353
2022-10-25,18000,18250,17600,18100,26759,0.016853932584269593
2022-10-26,18050,18050,17450,17450,40156,-0.035911602209944715
2022-10-27,17300,18100,17250,18050,28505,0.034383954154727725
2022-10-28,17900,18750,17700,18500,27571,0.024930747922437657
2022-10-31,18950,19250,18350,19050,38380,0.029729729729729648
2022-11-01,18900,19350,18750,19050,33544,0.0
2022-11-02,19000,19350,18600,19100,32598,0.002624671916010568
2022-11-03,18750,19200,18500,18950,20123,-0.007853403141361293
2022-11-04,18950,19700,18450,19700,51713,0.0395778364116095
2022-11-07,19800,20050,19300,19300,18667,-0.02030456852791873
2022-11-08,19250,20050,19250,19800,23702,0.02590673575129543
2022-11-09,19800,19950,19500,19650,20922,-0.007575757575757569
2022-11-10,19400,19500,19000,19000,17467,-0.0330788804071247
2022-11-11,19550,19750,19050,19350,25743,0.018421052631578894
2022-11-14,19600,20250,19250,19700,38597,0.01808785529715773
2022-11-15,19450,20300,19250,20300,37378,0.030456852791878264
2022-11-16,20750,21650,20100,20200,58298,-0.0049261083743842304
2022-11-17,20200,20200,19500,19550,23913,-0.03217821782178221
2022-11-18,19450,19800,19400,19750,18052,0.010230179028132946
2022-11-21,19700,19950,18750,19000,29707,-0.03797468354430378
2022-11-22,18700,18950,18500,18750,17777,-0.013157894736842146
2022-11-23,18950,19000,18550,18700,12267,-0.002666666666666706
2022-11-24,18850,19100,18650,19000,14816,0.016042780748663166
2022-11-25,19050,19050,18450,18700,17216,-0.015789473684210575
2022-11-28,18850,18850,18000,18450,21862,-0.013368983957219305
2022-11-29,18250,18900,18100,18800,18372,0.01897018970189701
2022-11-30,18750,18900,18400,18800,19537,0.0
2022-12-01,19000,19200,18750,19050,18355,0.013297872340425565
2022-12-02,19200,19200,18700,18850,15875,-0.01049868766404205
2022-12-05,18850,19450,18650,19100,25494,0.013262599469495928
2022-12-06,19100,19100,18300,18500,14244,-0.03141361256544506
2022-12-07,18650,18700,17950,17950,44152,-0.02972972972972976
2022-12-08,18150,18150,17300,17950,33090,0.0
2022-12-09,18200,18700,18000,18600,11219,0.0362116991643453
2022-12-12,18750,18750,18000,18150,13915,-0.024193548387096753
2022-12-13,18050,18300,17800,18050,19881,-0.0055096418732781816
2022-12-14,18050,18550,18050,18150,23186,0.005540166204986097
2022-12-15,18250,18350,17850,18000,24215,-0.008264462809917328
2022-12-16,17800,17900,17500,17650,19474,-0.019444444444444486
2022-12-19,17650,17700,17300,17600,19351,-0.0028328611898017497
2022-12-20,17300,17650,16700,16800,39968,-0.045454545454545414
2022-12-21,16950,17500,16550,17500,33075,0.04166666666666674
2022-12-22,17450,17500,17100,17200,25353,-0.017142857142857126
2022-12-23,17150,17150,16000,16300,53660,-0.05232558139534882
2022-12-26,16200,16300,15000,15450,46813,-0.05214723926380371
2022-12-27,15500,16450,15500,16150,36503,0.0453074433656957
2022-12-28,16250,16700,15800,16450,20062,0.018575851393188847
2022-12-29,16850,16850,15650,15900,34790,-0.033434650455927084
2023-01-02,15600,16150,15500,15800,19182,-0.0062893081761006275
2023-01-03,15400,15750,15100,15250,27619,-0.034810126582278444
2023-01-04,15150,16200,15150,16150,22842,0.05901639344262288
2023-01-05,16400,16400,16000,16200,16515,0.003095975232198178
2023-01-06,15900,17450,15900,16900,54129,0.043209876543209846
2023-01-09,17100,18400,16900,17700,47657,0.047337278106508895
2023-01-10,17700,18000,17400,17650,23150,-0.0028248587570621764
2023-01-11,17650,18950,17650,18750,66530,0.062322946175637384
2023-01-12,19150,19200,18500,19100,53703,0.01866666666666661
2023-01-13,19100,19400,18700,18900,26908,-0.010471204188481686
2023-01-16,19200,21950,18700,20050,288726,0.060846560846560926
2023-01-17,20000,20400,19300,19350,52453,-0.034912718204488824
2023-01-18,19650,19650,19200,19400,29475,0.0025839793281654533
2023-01-19,19550,19850,19250,19600,25713,0.010309278350515427
2023-01-20,19550,20350,19350,19800,49663,0.010204081632652962
2023-01-25,20250,20350,19670,20100,35381,0.015151515151515138
2023-01-26,20500,20550,19970,20450,45555,0.017412935323383172
2023-01-27,20800,22450,20400,21550,171125,0.05378973105134466
2023-01-30,22000,22150,20950,20950,86004,-0.02784222737819031
2023-01-31,20600,21200,20500,21050,40239,0.004773269689737569
2023-02-01,21100,21600,20450,20700,45270,-0.016627078384798155
2023-02-02,20800,21750,20800,21550,55267,0.04106280193236711
2023-02-03,21550,22100,20550,21050,49802,-0.023201856148491906
2023-02-06,20900,21350,20700,20850,25247,-0.009501187648456089
2023-02-07,20800,21150,20700,21000,34893,0.007194244604316502
2023-02-08,21050,21500,20850,21200,46580,0.00952380952380949
2023-02-09,21200,23100,21200,22250,142656,0.04952830188679247
2023-02-10,22300,25550,22150,24500,351047,0.101123595505618
2023-02-13,24650,24900,24100,24400,136793,-0.004081632653061273
2023-02-14,24400,25000,24100,24150,43167,-0.010245901639344246
2023-02-15,24500,24500,22550,23050,60441,-0.04554865424430643
2023-02-16,23150,23600,23050,23600,39327,0.02386117136659438
2023-02-17,23600,23650,22950,23050,31602,-0.02330508474576276
2023-02-20,23000,23150,22100,22500,46698,-0.02386117136659438
2023-02-21,22600,23150,22400,22550,25589,0.0022222222222221255
2023-02-22,22550,22550,21450,22050,57868,-0.022172949002217335
2023-02-23,21750,22600,21400,22050,39584,0.0
2023-02-24,21850,22100,21500,21500,33005,-0.024943310657596363
2023-02-27,21400,21400,20000,20400,92404,-0.051162790697674376
2023-02-28,21050,21100,20500,20850,34101,0.022058823529411686
2023-03-02,20900,24600,20600,22550,293280,0.08153477218225413
2023-03-03,23000,23000,22100,22250,44192,-0.013303769401330379
2023-03-06,22400,23150,22200,22800,59869,0.024719101123595433
2023-03-07,22950,26100,22700,26000,342373,0.14035087719298245
2023-03-08,25650,28350,25000,26350,315647,0.013461538461538414
2023-03-09,26650,27000,25350,25600,81125,-0.028462998102466774
2023-03-10,25800,26650,25050,26650,94100,0.041015625
2023-03-13,26350,26800,25700,26000,79848,-0.024390243902439046
2023-03-14,26450,26450,24400,24400,68304,-0.06153846153846154
2023-03-15,25050,26050,25050,25600,46967,0.049180327868852514
2023-03-16,25800,26700,25150,25900,58859,0.01171875
2023-03-17,26250,26500,24800,25400,53583,-0.019305019305019266
2023-03-20,25400,26300,25150,25250,33938,-0.0059055118110236116
2023-03-21,25750,25800,24550,24650,38419,-0.023762376237623783
2023-03-22,24700,24950,24150,24550,33826,-0.0040567951318458695
2023-03-23,24300,24700,23900,24600,28139,0.0020366598778003286
2023-03-24,24400,26500,24400,25450,87324,0.03455284552845539
2023-03-27,25200,25350,24650,25200,26839,-0.00982318271119842
2023-03-28,24900,25750,24900,25300,17938,0.003968253968253954
2023-03-29,25600,25600,24750,24900,26870,-0.015810276679841917
2023-03-30,25250,25650,24400,25350,58843,0.01807228915662651
2023-03-31,25250,26500,25100,26050,80241,0.027613412228796763
2023-04-03,26050,26050,25150,25200,57946,-0.03262955854126681
2023-04-04,25450,26550,24850,26300,103815,0.04365079365079372
2023-04-05,26350,27250,26000,26350,87100,0.0019011406844107182
2023-04-06,26550,26700,25800,25850,70425,-0.018975332068311146
2023-04-07,26100,26950,25500,26400,125601,0.02127659574468077
2023-04-10,26150,26900,24700,25000,133044,-0.05303030303030298
2023-04-11,25000,25050,24050,24800,45117,-0.008000000000000007
2023-04-12,24600,24950,24200,24650,47632,-0.006048387096774244
2023-04-13,24850,24950,24300,24800,27074,0.006085192697768749
2023-04-14,25050,25550,24800,25400,54212,0.024193548387096753
2023-04-17,25800,29500,25350,26550,491110,0.04527559055118102
2023-04-18,26650,26850,25600,25650,93011,-0.03389830508474578
2023-04-19,26000,26050,25100,25150,43413,-0.01949317738791423
2023-04-20,25100,25150,24450,24550,36301,-0.02385685884691846
2023-04-21,24350,25000,24300,24550,37947,0.0
2023-04-24,24750,24800,23650,23750,69832,-0.03258655804480648
2023-04-25,24400,24950,23350,23900,55176,0.006315789473684275
2023-04-26,23900,23950,23200,23350,46361,-0.023012552301255207
2023-04-27,23300,23500,18820,19390,385306,-0.16959314775160594
2023-04-28,19390,19390,17500,18440,179324,-0.04899432697266637
2023-05-02,18590,19350,18440,18730,68577,0.01572668112798259
2023-05-03,19000,19000,18320,18940,33102,0.011211959423385043
2023-05-04,18940,19080,18490,18710,21389,-0.012143611404435095
2023-05-08,18970,19440,18800,19190,24960,0.0256547300908605
2023-05-09,19470,20100,19220,20100,38939,0.047420531526836784
2023-05-10,20350,21650,20300,21200,58821,0.054726368159204064
2023-05-11,21350,22750,21350,22750,55264,0.07311320754716988
2023-05-12,22550,22550,21500,22400,23241,-0.01538461538461533
2023-05-15,22400,22450,21500,22350,16164,-0.0022321428571429047
2023-05-16,22400,22850,22100,22500,17355,0.006711409395973256
2023-05-17,22500,22650,21850,22400,20321,-0.004444444444444473
2023-05-18,22400,23650,22100,23500,51537,0.049107142857142794
2023-05-19,23850,24450,23400,23400,60201,-0.004255319148936176
2023-05-22,23400,24000,22350,23450,37968,0.002136752136752129
2023-05-23,23650,23650,22250,22750,29828,-0.02985074626865669
2023-05-24,22950,22950,21600,22200,43306,-0.0241758241758242
2023-05-25,22200,22900,21900,22300,18802,0.0045045045045044585
2023-05-26,22550,22550,21750,22250,14285,-0.0022421524663677195
2023-05-30,22050,22750,21800,21850,19699,-0.017977528089887618
2023-05-31,22400,22400,21550,21650,25057,-0.009153318077803174
2023-06-01,21650,22400,21500,22200,23489,0.025404157043879882
2023-06-02,22500,22550,21550,21750,23198,-0.020270270270270285
2023-06-05,21950,22050,21500,21700,5981,-0.0022988505747126853
2023-06-07,21400,21650,20600,21100,34052,-0.027649769585253448
2023-06-08,21100,21550,20700,20850,13311,-0.011848341232227444
2023-06-09,20600,21000,20550,20850,17240,0.0
2023-06-12,20650,21350,20300,20650,21196,-0.00959232613908878
2023-06-13,21850,22600,20750,21050,70447,0.01937046004842613
2023-06-14,21250,21400,20600,20700,22631,-0.016627078384798155
2023-06-15,20500,21050,20050,20700,34505,0.0
2023-06-16,20900,20900,20250,20300,20172,-0.019323671497584516
2023-06-19,20150,20900,20050,20250,18625,-0.0024630541871921707
2023-06-20,20000,20250,19520,19650,70018,-0.029629629629629672
2023-06-21,19900,19900,19250,19250,38133,-0.020356234096692072
2023-06-22,18990,19710,18990,19040,26206,-0.010909090909090868
2023-06-23,19040,19380,18930,19130,32498,0.004726890756302504
2023-06-26,19000,20650,19000,20650,64191,0.07945635128071094
2023-06-27,20900,21000,20150,20150,32177,-0.02421307506053272
2023-06-28,20600,22150,20300,21800,95848,0.08188585607940446
2023-06-29,22100,22350,21150,21900,43662,0.004587155963302836
2023-06-30,21900,22200,21450,21850,17096,-0.0022831050228310223
2023-07-03,21950,21950,20900,21050,26822,-0.03661327231121281
2023-07-04,21050,21400,19880,20150,51708,-0.04275534441805229
2023-07-05,20150,20250,19800,20250,17887,0.00496277915632759
2023-07-06,20200,20400,19500,19600,33487,-0.032098765432098775
2023-07-07,19990,20200,19000,19710,33350,0.0056122448979591955
2023-07-10,19620,19940,19080,19640,31035,-0.003551496702181689
2023-07-11,19720,20800,19710,20300,32123,0.033604887983706755
2023-07-12,20450,20450,19730,19850,25376,-0.022167487684729092
2023-07-13,20150,20200,19540,19990,23370,0.007052896725440849
2023-07-14,20150,20450,19770,19910,17586,-0.004002001000500299
2023-07-17,20700,21550,20000,20200,72208,0.014565544952285236
2023-07-18,20100,20700,19700,20450,33795,0.012376237623762387
2023-07-19,20350,20750,19970,20100,30096,-0.017114914425427896
2023-07-20,20200,26100,19500,24550,1126638,0.22139303482587058
2023-07-21,25000,27450,24250,26800,637981,0.09164969450101834
2023-07-24,26600,28800,21250,22500,801995,-0.16044776119402981
2023-07-25,22400,23500,21750,21900,170068,-0.026666666666666616
2023-07-26,21900,28100,21500,25450,1986912,0.16210045662100447
2023-07-27,26650,27500,24700,25800,408875,0.013752455795677854
2023-07-28,25150,27050,23800,26600,317491,0.03100775193798455
2023-07-31,27200,27850,26350,26950,199699,0.013157894736842035
2023-08-01,26700,28700,26200,28400,379073,0.05380333951762517
2023-08-02,27850,28300,25550,27100,245957,-0.045774647887323994
2023-08-03,26800,27850,25700,27050,122243,-0.0018450184501844769
2023-08-04,27050,27750,26000,26000,88501,-0.038817005545286554
2023-08-07,25600,27700,25200,27550,149253,0.059615384615384626
2023-08-08,27950,30000,25400,25800,896228,-0.06352087114337568
2023-08-09,27600,31450,27500,30250,2474555,0.17248062015503884
2023-08-10,30400,30850,28750,29000,579055,-0.04132231404958675
2023-08-11,28600,29700,28050,29700,346666,0.024137931034482696
2023-08-14,29050,29450,27800,27800,215380,-0.06397306397306401
2023-08-16,27900,28300,25500,25600,200086,-0.07913669064748197
2023-08-17,25650,25800,23600,24450,204789,-0.044921875
2023-08-18,23850,24750,23200,23500,161075,-0.03885480572597133
2023-08-21,23500,25600,23300,24700,225432,0.051063829787234116
2023-08-22,24500,24900,23800,24250,79463,-0.018218623481781382
2023-08-23,24250,26300,24250,25100,232124,0.035051546391752675
2023-08-24,24650,26500,24300,25600,157235,0.019920318725099584
2023-08-25,25500,26100,25200,25800,81992,0.0078125
2023-08-28,25650,26000,24350,24450,110671,-0.05232558139534882
2023-08-29,24450,24850,23850,24250,72263,-0.008179959100204526
2023-08-30,24600,25600,24350,25400,94682,0.04742268041237119
2023-08-31,25700,29300,25150,26000,1020156,0.023622047244094446
2023-09-01,26300,26900,24550,24750,195508,-0.04807692307692313
2023-09-04,24800,25250,24100,24450,92468,-0.012121212121212088
2023-09-05,24450,25300,24450,24700,64820,0.010224948875255713
2023-09-06,25200,27500,25050,26950,474902,0.09109311740890691
2023-09-07,27750,28600,26600,27500,466346,0.020408163265306145
2023-09-08,29000,29500,27600,27650,552195,0.005454545454545379
2023-09-11,28100,28450,27200,27750,138259,0.003616636528029016
2023-09-12,27850,28350,26600,26850,222251,-0.032432432432432434
2023-09-13,27000,27450,26450,26850,94533,0.0
2023-09-14,26850,28800,26300,28300,115619,0.05400372439478596
2023-09-15,28350,28700,27600,27950,145893,-0.012367491166077715
2023-09-18,27600,27800,26450,26700,107404,-0.04472271914132375
2023-09-19,26700,28450,26300,28200,247249,0.05617977528089879
2023-09-20,28650,28800,26900,27200,235954,-0.03546099290780147
2023-09-21,26700,27500,26400,26600,94465,-0.022058823529411797
2023-09-22,25750,26350,24500,25000,137080,-0.06015037593984962
2023-09-25,24600,25250,24500,24500,45143,-0.020000000000000018
2023-09-26,24300,24550,23350,23900,81067,-0.024489795918367308
2023-09-27,23400,24500,23400,24350,43412,0.01882845188284521
2023-10-04,23700,24100,22100,22350,89833,-0.08213552361396304
2023-10-05,22650,22750,21500,21700,67720,-0.029082774049216997
2023-10-06,21700,22750,21700,22200,24837,0.02304147465437789
2023-10-10,22000,24000,21750,21750,121185,-0.020270270270270285
2023-10-11,22000,22900,22000,22600,32672,0.03908045977011487
2023-10-12,23150,23850,21050,21600,82042,-0.04424778761061943
2023-10-13,21500,22100,21400,21750,60354,0.00694444444444442
2023-10-16,21450,21700,20400,20800,50970,-0.04367816091954024
2023-10-17,20950,21300,20250,20300,56328,-0.024038461538461564
2023-10-18,20100,22100,19990,20200,147543,-0.0049261083743842304
2023-10-19,19810,20200,19590,19880,63011,-0.015841584158415856
2023-10-20,19600,19740,18830,19270,78097,-0.030684104627766606
2023-10-23,19110,19800,18610,19110,36504,-0.008303061754021845
2023-10-24,19120,19970,18760,19970,31207,0.04500261643118786
2023-10-25,20250,20250,18700,19800,18726,-0.00851276915373056
2023-10-26,19100,19800,18970,19190,28246,-0.03080808080808084
2023-10-27,19180,19660,18730,19370,32607,0.009379885356956663
2023-10-30,19560,19950,19040,19920,20485,0.028394424367578663
2023-10-31,20050,20100,19250,19480,23842,-0.02208835341365467
2023-11-01,19770,19820,19400,19480,19536,0.0
2023-11-02,19660,20150,19400,20150,32152,0.03439425051334699
2023-11-03,20350,21050,19930,20500,34559,0.017369727047146455
2023-11-06,20750,20950,20250,20800,41554,0.014634146341463428
2023-11-07,20800,21650,20000,21250,56584,0.02163461538461542
2023-11-08,21350,21450,20550,20650,27505,-0.028235294117647025
2023-11-09,20950,21000,20050,20050,31549,-0.029055690072639195
2023-11-10,20050,20350,19610,20050,32325,0.0
2023-11-13,20400,20400,19460,19470,24670,-0.028927680798005007
2023-11-14,19590,20200,19590,19750,20088,0.014381099126861807
2023-11-15,19860,20400,19710,20050,45170,0.0151898734177216
2023-11-16,19990,20200,19890,20000,17343,-0.0024937655860348684
2023-11-17,20000,20150,19550,19550,21411,-0.022499999999999964
2023-11-20,19950,20150,19650,19820,23947,0.013810741687979577
2023-11-21,19830,20250,19670,20000,22565,0.00908173562058523
2023-11-22,20000,20250,19760,20150,23404,0.007500000000000062
2023-11-23,20150,20550,19910,20400,21606,0.012406947890818865
2023-11-24,20500,20500,20000,20150,16281,-0.01225490196078427
2023-11-27,20150,20200,19400,19410,46186,-0.03672456575682381
2023-11-28,19450,19600,18890,18970,53595,-0.02266872746007209
2023-11-29,19000,19180,18900,18920,27130,-0.0026357406431206654
2023-11-30,18920,19120,18470,18470,33877,-0.02378435517970401
2023-12-01,18770,18890,18240,18560,22721,0.004872766648619464
2023-12-04,18500,18650,18240,18490,27374,-0.0037715517241379004
2023-12-05,18550,19480,18400,18470,61555,-0.0010816657652785722
2023-12-06,18420,18850,18370,18770,30741,0.016242555495397992
2023-12-07,18770,19200,18600,19050,34290,0.014917421417155019
2023-12-08,19130,19330,18690,18690,23282,-0.018897637795275646
2023-12-11,18710,18930,18300,18450,30550,-0.012841091492776902
2023-12-12,18300,18600,18300,18360,21963,-0.004878048780487809
2023-12-13,18490,18670,18150,18450,26613,0.004901960784313708
2023-12-14,18500,18720,18410,18640,26136,0.010298102981029844
2023-12-15,18510,18900,18510,18730,16083,0.004828326180257525
2023-12-18,19150,19150,18530,18930,30128,0.010678056593699914
2023-12-19,19120,19650,18700,19500,62699,0.030110935023771823
2023-12-20,19850,19920,19530,19670,83229,0.008717948717948731
2023-12-21,19410,19650,19230,19260,21670,-0.020843924758515486
2023-12-22,19260,19430,18950,19280,32681,0.0010384215991692258
2023-12-26,19350,19430,18850,19020,20962,-0.013485477178423189
2023-12-27,18800,19390,18800,19270,32152,0.013144058885383725
2023-12-28,19380,19450,19020,19290,18704,0.0010378827192527584
2024-01-02,19470,19740,19300,19680,24163,0.02021772939346822
2024-01-03,19690,19690,19050,19520,19818,-0.008130081300813052
2024-01-04,19990,20150,19730,19800,45282,0.014344262295082011
2024-01-05,19920,19920,19480,19610,19469,-0.009595959595959602
2024-01-08,19600,19690,19290,19410,17893,-0.010198878123406474
2024-01-09,19640,19850,19210,19810,29193,0.020607934054611032
2024-01-10,19830,19940,19040,19160,32734,-0.032811711256940934
2024-01-11,19300,19310,18950,19200,14239,0.0020876826722338038
2024-01-12,19200,19250,18550,18610,35989,-0.030729166666666696
2024-01-15,18610,18840,18500,18600,15254,-0.0005373455131649774
2024-01-16,18980,19100,18470,18700,22398,0.005376344086021501
2024-01-17,18990,18990,18090,18310,24837,-0.02085561497326205
2024-01-18,18300,18870,18090,18400,21180,0.004915346805024479
2024-01-19,18400,18620,18180,18290,17659,-0.005978260869565211
2024-01-22,18190,18390,17220,17960,35224,-0.018042646254784023
2024-01-23,17960,18380,17620,18000,19510,0.00222717149220486
2024-01-24,18000,18280,17790,18150,14838,0.008333333333333304
2024-01-25,17810,18160,17420,17620,22497,-0.029201101928374662
2024-01-26,17740,17790,17450,17590,19598,-0.0017026106696935717
2024-01-29,17420,17600,16940,17040,26903,-0.03126776577600909
2024-01-30,16930,17090,16050,16270,44424,-0.045187793427230005
2024-01-31,16000,16800,15830,16000,28169,-0.01659496004917027
2024-02-01,16250,16550,16000,16360,14554,0.022499999999999964
2024-02-02,16460,17070,16460,16600,17183,0.014669926650366705
2024-02-05,16540,17000,16230,16300,11934,-0.01807228915662651
2024-02-06,16300,16600,16000,16080,11628,-0.013496932515337456
2024-02-07,16390,16460,16060,16150,10173,0.0043532338308458485
2024-02-08,16020,16680,16000,16680,16563,0.03281733746130033
2024-02-13,16680,17600,16670,17280,52669,0.03597122302158273
2024-02-14,17090,17280,16800,17080,7387,-0.01157407407407407
2024-02-15,17080,17510,16770,17410,22826,0.01932084309133497
2024-02-16,17730,18170,17400,18120,24429,0.04078116025272838
2024-02-19,18110,18230,17750,17950,11813,-0.00938189845474613
2024-02-20,17800,18300,17500,17640,20368,-0.017270194986072407
2024-02-21,17630,17640,16990,17100,19298,-0.030612244897959218
2024-02-22,17150,17380,16770,16860,11753,-0.01403508771929829
2024-02-23,16450,17000,16380,16470,31013,-0.02313167259786475
2024-02-26,16560,16600,16270,16380,11747,-0.005464480874316946
2024-02-27,16220,16370,15890,16100,38769,-0.017094017094017144
2024-02-28,16290,16300,15740,16080,232323,-0.001242236024844745
2024-02-29,16080,16300,15720,16260,17460,0.011194029850746245
2024-03-04,16260,16500,16020,16150,21338,-0.006765067650676526
2024-03-05,16250,17100,16090,16870,64727,0.04458204334365323
2024-03-06,16870,17640,16600,17210,57555,0.020154119739181908
2024-03-07,17210,17700,16910,17270,34252,0.0034863451481697005
2024-03-08,17270,17280,16810,17120,25895,-0.008685581933989606
2024-03-11,17110,17550,16870,16880,37895,-0.014018691588784993
2024-03-12,16910,17430,16730,17250,23702,0.021919431279620927
2024-03-13,17150,17390,16880,17240,25988,-0.0005797101449275255
2024-03-14,17220,17240,16900,17050,24710,-0.011020881670533611
2024-03-15,17210,17210,16670,17000,21178,-0.0029325513196480912
2024-03-18,17100,17630,17080,17480,27430,0.028235294117647136
2024-03-19,17480,17770,17110,17500,25981,0.0011441647597254523
2024-03-20,17500,17700,17120,17280,21736,-0.012571428571428567
2024-03-21,17390,17550,17170,17400,22890,0.00694444444444442
2024-03-22,17520,17710,17220,17610,32277,0.012068965517241459
2024-03-25,17750,17950,17360,17800,41960,0.010789324247586496
2024-03-26,17710,17880,17250,17340,32075,-0.025842696629213457
2024-03-27,17340,17340,16820,17130,39087,-0.01211072664359858
2024-03-28,16950,17300,16950,17010,18388,-0.007005253940455369
2024-03-29,17100,17250,16820,17110,28551,0.005878894767783693
2024-04-01,17030,17280,16870,17150,19188,0.0023378141437755406
2024-04-02,16980,17120,16650,16650,27766,-0.029154518950437303
2024-04-03,16790,16790,16300,16660,19351,0.0006006006006005205
2024-04-04,16660,16840,16350,16450,13939,-0.012605042016806678
2024-04-05,16300,16780,16010,16600,22833,0.00911854103343468
2024-04-08,16600,16600,15900,15950,15027,-0.03915662650602414
2024-04-09,15760,16250,15700,16220,10347,0.01692789968652031
2024-04-11,16040,16040,15800,15890,7561,-0.020345252774352618
2024-04-12,15890,16050,15340,15340,23570,-0.03461296412838266
2024-04-15,15100,15750,13200,14300,136694,-0.06779661016949157
2024-04-16,14180,14180,13100,13220,59977,-0.0755244755244755
2024-04-17,13200,13600,13200,13510,30233,0.021936459909228434
2024-04-18,13370,13900,13370,13760,19406,0.01850481125092518
2024-04-19,13760,13760,13170,13320,18980,-0.03197674418604646
2024-04-22,13320,13710,13120,13580,15236,0.019519519519519468
2024-04-23,13890,13890,13300,13440,9416,-0.010309278350515427
2024-04-24,13440,13730,13200,13590,18977,0.01116071428571419
2024-04-25,13590,13720,13320,13520,6006,-0.005150846210448812
2024-04-26,13490,13540,13210,13360,11154,-0.011834319526627168
2024-04-29,13370,13630,13330,13580,11669,0.01646706586826352
2024-04-30,13600,14120,13440,13980,23207,0.02945508100147265
2024-05-02,13720,14360,13720,14090,23326,0.007868383404864066
2024-05-03,14050,14200,13220,14030,20573,-0.004258339247693366
2024-05-07,14100,14190,13600,13720,16597,-0.022095509622238052
2024-05-08,13530,13930,13510,13780,11379,0.004373177842565523
2024-05-09,13780,13930,13600,13810,6366,0.002177068214804123
2024-05-10,13660,14230,13620,14220,13530,0.029688631426502576
2024-05-13,14180,14220,13830,13900,19748,-0.02250351617440227
2024-05-14,14150,14250,13810,14090,13397,0.013669064748201398
2024-05-16,14130,14370,14000,14070,14751,-0.0014194464158977516
2024-05-17,14070,14450,13930,14370,22229,0.021321961620469176
2024-05-20,14250,14540,13840,14020,22703,-0.02435629784272786
2024-05-21,14050,14200,13520,13680,15390,-0.024251069900142697
2024-05-22,13680,13870,13470,13590,14158,-0.006578947368421018
2024-05-23,13550,13690,13350,13480,17074,-0.008094186902133926
2024-05-24,13480,13480,13100,13300,18997,-0.013353115727002929
2024-05-27,13300,13300,12810,13050,24816,-0.018796992481203034
2024-05-28,13320,13390,12950,13040,16462,-0.0007662835249042654
2024-05-29,13040,13220,12420,12530,49721,-0.03911042944785281
2024-05-30,12690,12900,12480,12850,14533,0.025538707102952918
2024-05-31,12850,13020,12500,12570,21521,-0.021789883268482524
2024-06-03,12770,12770,12400,12450,15453,-0.009546539379474916
2024-06-04,12360,12660,12300,12500,20150,0.004016064257028162
2024-06-05,12450,12500,11800,12300,74416,-0.016000000000000014
2024-06-07,12380,12500,12050,12440,33532,0.011382113821138296
2024-06-10,12180,12430,11940,11980,25501,-0.036977491961414755
2024-06-11,12130,12130,11800,11940,13462,-0.0033388981636059967
2024-06-12,12040,12060,11890,12000,14530,0.005025125628140614
2024-06-13,12100,12310,11860,12230,24222,0.019166666666666776
2024-06-14,12230,12640,12040,12530,51509,0.024529844644317178
2024-06-17,12480,12640,11830,11930,38403,-0.04788507581803669
2024-06-18,11970,11980,11260,11300,36696,-0.05280804694048613
2024-06-19,11240,11300,10970,11000,46779,-0.026548672566371723
2024-06-20,11000,11160,10400,10400,61737,-0.054545454545454564
2024-06-21,10400,10500,9800,10000,71981,-0.038461538461538436
2024-06-24,10000,10000,9300,9440,72075,-0.05600000000000005
2024-06-25,9440,9800,9380,9750,43933,0.03283898305084754
2024-06-26,9750,10330,9560,10300,36970,0.05641025641025643
2024-06-27,10300,10310,9780,9780,28967,-0.05048543689320384
2024-06-28,9630,10290,9620,9900,40204,0.012269938650306678
2024-07-01,10120,10280,9400,10280,31714,0.03838383838383841
2024-07-02,10280,10810,10020,10700,57338,0.040856031128404746
2024-07-03,10700,10940,10020,10130,54018,-0.05327102803738315
2024-07-04,10130,10500,9300,10080,40525,-0.0049358341559723184
2024-07-05,10200,10200,9820,9900,18781,-0.017857142857142905
2024-07-08,10000,10090,9760,10090,13054,0.019191919191919204
2024-07-09,10130,10290,9490,9630,54632,-0.04558969276511393
2024-07-10,9550,9800,9500,9770,12424,0.014537902388369606
2024-07-11,9870,12700,9670,12700,632790,0.29989764585465717
2024-07-12,14140,16500,14110,15880,2512823,0.25039370078740153
2024-07-15,15920,20600,14870,19660,3770668,0.23803526448362722
2024-07-16,20500,25550,20500,25550,2499085,0.2995930824008137
2024-07-17,28000,29300,24000,29100,5290210,0.13894324853228968
2024-07-18,0,0,0,29100,0,0.0
2024-07-19,29350,31500,26450,26650,3694912,-0.08419243986254299
2024-07-22,25700,26100,22650,24000,2072752,-0.09943714821763605
2024-07-23,25550,26300,23850,24700,1994796,0.029166666666666563
2024-07-24,23700,25700,23450,24800,800456,0.004048582995951344
2024-07-25,24050,30000,23700,25500,3221549,0.02822580645161299
2024-07-26,25400,25900,24600,25000,693558,-0.019607843137254943
2024-07-29,24450,25250,22100,22650,798080,-0.09399999999999997
2024-07-30,22600,23350,21250,22850,775477,0.008830022075055233
2024-07-31,22300,23400,21550,23000,429664,0.006564551422319376
2024-08-01,22950,23400,22100,22200,310407,-0.034782608695652195
2024-08-02,21500,21750,20550,21500,326672,-0.03153153153153154
2024-08-05,20550,22750,19000,20850,773766,-0.03023255813953485
2024-08-06,21900,22750,20650,21050,663254,0.00959232613908867
2024-08-07,20800,22250,20800,21000,411802,-0.002375296912114022
2024-08-08,20350,20550,18500,19450,515422,-0.07380952380952377
2024-08-09,20200,20400,18820,19490,454394,0.0020565552699229883
2024-08-12,19850,22650,19700,20250,1364570,0.03899435608004098
2024-08-13,20450,20500,17850,17850,525312,-0.11851851851851847
2024-08-14,18000,21700,17870,19630,1835463,0.09971988795518216
2024-08-16,19200,19960,18610,18720,650239,-0.04635761589403975
2024-08-19,18440,19330,18060,18800,256560,0.004273504273504258
2024-08-20,19000,20550,18800,19230,445544,0.02287234042553199
2024-08-21,19550,19560,17780,17920,318228,-0.0681227249089964
2024-08-22,17930,18410,17520,17660,139187,-0.014508928571428603
2024-08-23,17550,17550,17020,17350,105260,-0.017553793884484747
2024-08-26,17550,17810,17170,17600,114094,0.014409221902017322
2024-08-27,17450,18600,17120,18540,259480,0.05340909090909096
2024-08-28,18990,19650,17850,18110,424656,-0.023193096008629954
2024-08-29,18000,21950,17990,21400,3934911,0.18166758696852559
2024-08-30,21400,22400,21100,21600,943246,0.009345794392523255
2024-09-02,21800,21850,20100,20350,379560,-0.05787037037037035
2024-09-03,19940,21700,19710,19850,570414,-0.02457002457002455
2024-09-04,18800,19400,18350,18970,299332,-0.044332493702770814
2024-09-05,19020,19150,17510,18020,247981,-0.05007907221929364
2024-09-06,18020,18020,16040,16300,238192,-0.09544950055493895
2024-09-09,15700,19130,15610,18140,1115594,0.1128834355828221
2024-09-10,17940,18600,17340,17400,370689,-0.040793825799338435
2024-09-11,17630,18630,17050,17700,267326,0.01724137931034475
2024-09-12,17810,22250,17810,21200,2849567,0.19774011299435035
2024-09-13,21500,23400,20850,22150,1715369,0.04481132075471694
2024-09-19,21550,22350,21100,21300,412881,-0.038374717832957095
2024-09-20,21350,22500,21250,21850,473452,0.025821596244131495
2024-09-23,22250,22350,20200,20250,519699,-0.07322654462242562
2024-09-24,20150,20800,19610,20650,250139,0.01975308641975304
2024-09-25,20900,22050,19720,20400,499500,-0.01210653753026636
2024-09-26,20550,21650,20000,21550,341958,0.056372549019607865
2024-09-27,21700,21700,20100,20150,231153,-0.06496519721577731
2024-09-30,20000,20350,18800,19100,203904,-0.052109181141439254
2024-10-02,18920,18920,18100,18370,113575,-0.038219895287958106
2024-10-04,18390,18580,18050,18150,76931,-0.0119760479041916
2024-10-07,18330,18770,18060,18460,71406,0.017079889807162463
2024-10-08,18460,19720,18410,18580,356403,0.00650054171180936
2024-10-10,18820,21500,18610,20550,809606,0.10602798708288486
2024-10-11,21000,21250,19890,20550,279457,0.0
2024-10-14,21150,21200,19950,21050,255914,0.024330900243308973
2024-10-15,20800,20800,19110,20150,271010,-0.04275534441805229
2024-10-16,20500,22150,19350,20850,768924,0.03473945409429291
2024-10-17,20500,20900,19990,20100,153350,-0.03597122302158273
2024-10-18,19960,20700,19300,20100,177293,0.0
2024-10-21,20250,20250,19500,19810,65189,-0.014427860696517358
2024-10-22,19620,19770,18850,18850,102688,-0.0484603735487128
2024-10-23,18850,19490,18850,19160,62640,0.01644562334217503
2024-10-24,18870,19500,18300,18350,66354,-0.04227557411273486
2024-10-25,18350,18350,16690,17530,99394,-0.04468664850136239
2024-10-28,17530,17890,17020,17390,50231,-0.00798630918425558
2024-10-29,17250,17490,16900,17420,50086,0.0017251293847038163
2024-10-30,17640,19000,17540,17880,138143,0.02640642939150406
2024-10-31,17470,17850,17210,17400,32248,-0.02684563758389258
2024-11-01,17130,17150,16220,16390,71053,-0.058045977011494276
2024-11-04,16320,16650,15800,16590,57023,0.01220256253813301
2024-11-05,16720,16720,15820,16000,66331,-0.035563592525617804
2024-11-06,16000,16160,15200,15390,91712,-0.038124999999999964
2024-11-07,15390,15490,14750,14820,63072,-0.03703703703703709
2024-11-08,15130,16210,15130,15400,108191,0.03913630229419707
2024-11-11,15390,15600,14220,14360,86010,-0.06753246753246755
2024-11-12,14230,14480,13520,13750,63438,-0.04247910863509752
2024-11-13,13610,13750,13000,13170,61117,-0.04218181818181821
2024-11-14,13120,14390,13120,13800,52588,0.04783599088838275
2024-11-15,13800,13820,13020,13480,46200,-0.023188405797101463
2024-11-18,13350,14400,13080,13950,65719,0.034866468842730036
2024-11-19,13900,14190,13460,13620,38087,-0.023655913978494647
2024-11-20,13620,17700,13550,17700,1227186,0.2995594713656389
2024-11-21,18200,18260,15720,16040,404434,-0.09378531073446328
2024-11-22,16080,16790,15480,15980,174996,-0.0037406483790524137
2024-11-25,16150,16550,15590,16510,131309,0.033166458072590776
2024-11-26,16540,16560,15910,16130,74949,-0.023016353725015093
2024-11-27,16260,16800,16130,16700,114558,0.03533787972721636
2024-11-28,16400,16730,16210,16520,60095,-0.010778443113772407
2024-11-29,16470,16670,15840,15870,57935,-0.03934624697336564
2024-12-02,15810,16220,14250,14630,91100,-0.07813484562066797
2024-12-03,14510,15610,14500,15490,45011,0.058783321941216604
2024-12-04,15000,16290,14910,15140,49858,-0.022595222724338337
2024-12-05,15540,16390,14890,16310,96824,0.0772787318361956
2024-12-06,16300,16300,14740,15580,76661,-0.04475781729000616
2024-12-09,15100,15510,14250,14350,69580,-0.07894736842105265
2024-12-10,14210,14980,14210,14850,32551,0.03484320557491283
2024-12-11,14700,15440,14700,15380,33680,0.03569023569023577
2024-12-12,15690,16360,15380,16160,63255,0.050715214564369226
2024-12-13,16140,16140,15750,15860,28457,-0.01856435643564358
2024-12-16,15900,16080,15550,15720,22760,-0.008827238335435084
2024-12-17,15640,16500,15510,15860,145726,0.008905852417302906
2024-12-18,15860,16020,15250,15270,42372,-0.03720050441361922
2024-12-19,14700,15260,14670,14880,27468,-0.025540275049115935
2024-12-20,14800,15430,14800,15200,39724,0.021505376344086002
2024-12-23,15000,15290,14500,14710,36978,-0.03223684210526312
2024-12-24,14800,15400,14540,15390,35510,0.04622705642420133
2024-12-26,15590,15590,14880,14900,21092,-0.03183885640025996
2024-12-27,14650,14900,14320,14410,25685,-0.03288590604026842
2024-12-30,14300,14950,14300,14870,25076,0.03192227619708543
2025-01-02,14870,16000,14800,15840,52892,0.06523201075991936
2025-01-03,15840,16170,15710,15910,36678,0.004419191919191823
2025-01-06,15910,16770,15900,16400,65359,0.030798240100565755
2025-01-07,16360,16960,16110,16790,60618,0.02378048780487796
2025-01-08,16790,17020,16300,16400,52799,-0.023228111971411503
2025-01-09,16420,16670,16140,16360,27032,-0.0024390243902439046
2025-01-10,16610,16610,16030,16370,24853,0.0006112469437653534
2025-01-13,16690,16730,15650,15680,37300,-0.042150274893097084
2025-01-14,15680,15870,15450,15520,20908,-0.010204081632653073
2025-01-15,15520,15620,14970,15120,28924,-0.02577319587628868
2025-01-16,15200,15880,15110,15690,30947,0.037698412698412787
2025-01-17,15700,15700,14640,14850,55632,-0.053537284894837445
2025-01-20,14850,14990,14680,14860,14499,0.0006734006734006037
2025-01-21,14860,15100,14610,14740,148648,-0.008075370121130576
2025-01-22,14600,14950,14440,14600,52712,-0.009497964721845276
2025-01-23,14670,15090,13880,14070,72461,-0.03630136986301369
2025-01-24,14070,14610,13810,14470,44434,0.028429282160625347
2025-01-31,14110,15500,14090,14200,40983,-0.018659295093296446
2025-02-03,14100,14350,13550,13760,40972,-0.030985915492957705
2025-02-04,14090,14500,13700,14380,28534,0.04505813953488369
2025-02-05,14380,15170,14180,15020,54728,0.044506258692628586
2025-02-06,15000,16630,14970,16130,111577,0.07390146471371506
2025-02-07,16000,16130,15450,15490,44301,-0.03967761934283942
2025-02-10,15530,16080,15400,15740,37685,0.0161394448030987
2025-02-11,15680,15870,15390,15420,22236,-0.020330368487928796
2025-02-12,15080,16450,15070,16010,59810,0.038261997405966364
2025-02-13,15770,18300,15670,17270,251006,0.07870081199250478
2025-02-14,17270,17270,16580,16910,66296,-0.02084539664157503
2025-02-17,16760,17620,16490,17510,85968,0.03548196333530451
2025-02-18,17980,17980,16950,16950,42022,-0.0319817247287264
2025-02-19,17230,17300,16650,17190,36093,0.014159292035398341
2025-02-20,17160,17510,16850,17140,41414,-0.002908667830133771
2025-02-21,17010,17490,16920,17110,22901,-0.0017502917152858455
2025-02-24,16850,17540,16700,17290,47890,0.010520163646990044
2025-02-25,17250,17330,16800,17200,30169,-0.005205320994794649
2025-02-26,17430,17890,17050,17100,63464,-0.005813953488372103
2025-02-27,17190,17600,16800,17050,34020,-0.0029239766081871066
2025-02-28,16990,17140,16600,16820,40999,-0.013489736070381286
2025-03-04,16950,16950,16120,16620,27601,-0.01189060642092743
2025-03-05,16660,17000,15620,15810,120992,-0.04873646209386284
2025-03-06,16110,17130,15700,16350,63458,0.034155597722960174
2025-03-07,16400,16800,15930,16380,45208,0.0018348623853210455
2025-03-10,16380,17950,16240,17920,91343,0.09401709401709413
2025-03-11,17280,17780,16820,17730,44645,-0.010602678571428603
2025-03-12,17660,18900,16350,16510,315192,-0.06880992667794694
2025-03-13,16480,16760,15960,16410,79167,-0.006056935190793422
2025-03-14,16360,16530,16020,16140,36361,-0.01645338208409508
2025-03-17,16100,16100,15610,15610,47244,-0.03283767038413876
2025-03-18,15610,15920,15400,15920,26472,0.01985906470211396
2025-03-19,15800,15920,14860,14950,82544,-0.06092964824120606
2025-03-20,14980,15240,14850,14860,23433,-0.006020066889632081
2025-03-21,15000,15000,14490,14750,25524,-0.007402422611036297
2025-03-24,14750,14850,14400,14750,13827,0.0
2025-03-25,14870,15050,14660,14720,18080,-0.0020338983050847137
2025-03-26,14600,16150,14600,15330,90483,0.041440217391304435
2025-03-27,15220,15530,14740,14980,28475,-0.022831050228310557
2025-03-28,14820,16800,14820,15770,298016,0.052736982643524666
2025-03-31,15860,16100,14980,15400,39916,-0.023462270133164265
2025-04-01,15680,16950,14700,14870,104894,-0.034415584415584455
2025-04-02,15050,15050,14470,14550,22988,-0.02151983860121054
2025-04-03,14380,14660,14020,14450,19873,-0.0068728522336769515
2025-04-04,14210,14620,14110,14510,15490,0.0041522491349481605
2025-04-07,14100,14390,13610,13620,26890,-0.06133700895933836
2025-04-08,13600,14340,13600,13900,9680,0.0205580029368575
2025-04-09,13870,13870,12500,12500,41243,-0.1007194244604317
2025-04-10,13140,13430,12890,13190,31368,0.055199999999999916
2025-04-11,13340,14400,13300,14140,46976,0.07202426080363922
2025-04-14,14180,14320,13290,14030,25141,-0.00777934936350777
2025-04-15,14100,14270,13600,14010,21439,-0.0014255167498218313
2025-04-16,14010,14410,13990,14170,31016,0.01142041399000715
2025-04-17,14170,14270,13920,14200,11167,0.0021171489061397875
2025-04-18,14790,14870,14290,14400,20321,0.014084507042253502
2025-04-21,14390,14460,14100,14170,15204,-0.015972222222222276
2025-04-22,14150,18140,14000,15750,706938,0.1115031757233591
2025-04-23,15980,17300,15600,16450,124787,0.04444444444444451
2025-04-24,16530,17430,16310,16870,105545,0.025531914893617058
2025-04-25,17340,17340,16100,16390,53454,-0.02845287492590398
2025-04-28,16530,16530,15510,15550,53070,-0.0512507626601586
2025-04-29,15790,17600,15640,17500,205403,0.12540192926045024
2025-04-30,18720,18720,16860,17220,202580,-0.016000000000000014
2025-05-02,17300,20100,16690,19810,598509,0.15040650406504064
2025-05-07,19470,19550,17700,18220,227937,-0.08026249369005556
2025-05-08,18980,21500,18700,19700,486213,0.08122941822173435
2025-05-09,20850,21250,19020,19900,240898,0.010152284263959421
2025-05-12,19900,20100,19600,19900,83430,0.0
2025-05-13,19770,19970,18500,19340,105456,-0.028140703517587906
2025-05-14,19000,19220,18580,18790,68459,-0.028438469493278218
2025-05-15,18850,19030,18120,18650,36597,-0.007450771687067537
2025-05-16,18650,18720,17900,18200,45029,-0.024128686327077764
2025-05-19,18280,18650,17350,17630,58391,-0.03131868131868132
2025-05-20,17950,17950,17160,17180,37320,-0.02552467385138968
2025-05-21,17330,17710,16610,16700,46706,-0.027939464493597188
2025-05-22,16710,17020,16300,16800,27395,0.0059880239520957446
2025-05-23,16920,16980,16180,16300,27198,-0.029761904761904767
2025-05-26,18920,21150,18920,21150,151631,0.2975460122699387
2025-05-27,19940,19960,19190,19690,396319,-0.06903073286052008
2025-05-28,19390,19390,18480,18860,155153,-0.042153377348908116
2025-05-29,18700,18720,18000,18340,77968,-0.0275715800636267
2025-05-30,18610,19540,18450,18950,209071,0.033260632497273734
2025-06-02,18750,18750,18310,18550,43079,-0.02110817941952503
2025-06-04,18470,18470,17480,18020,51480,-0.02857142857142858
2025-06-05,17750,17980,17580,17770,50336,-0.013873473917869084
2025-06-09,18100,18100,17350,17770,43039,0.0
2025-06-10,17910,18030,17610,17780,32803,0.0005627462014632378
2025-06-11,17820,17980,17400,17870,61636,0.005061867266591635
2025-06-12,17850,17850,17520,17650,29003,-0.01231113598209288
2025-06-13,17680,17680,16700,17070,78801,-0.03286118980169972
2025-06-16,17030,17650,16500,17460,29331,0.02284710017574687
2025-06-17,17460,17820,17220,17780,26558,0.01832760595647187
2025-06-18,17610,17890,17370,17500,19699,-0.015748031496062964
2025-06-19,17610,17610,17030,17110,22398,-0.022285714285714242
2025-06-20,17240,17400,17000,17280,22227,0.009935710111046214
2025-06-23,17000,17590,16480,16600,45754,-0.03935185185185186
2025-06-24,16750,16950,16590,16730,20271,0.007831325301204783
2025-06-25,16740,16740,15700,16400,33136,-0.01972504482964732
2025-06-26,16530,16530,15720,15970,34476,-0.026219512195121975
2025-06-27,16000,16140,15700,15840,25424,-0.008140262993112102
2025-06-30,15930,16340,15870,16170,25408,0.02083333333333326
2025-07-01,16240,16410,15930,16150,19091,-0.0012368583797155441
2025-07-02,16120,16170,15200,16070,49262,-0.004953560371517063
2025-07-03,16060,16300,15760,16220,22828,0.009334163036714305
2025-07-04,16220,16310,15520,15670,30857,-0.03390875462392107
2025-07-07,15670,15950,15390,15850,27107,0.01148691767708998
2025-07-08,15850,16240,15610,15870,15340,0.0012618296529969264
2025-07-09,16110,16110,15650,15700,9340,-0.010712035286704502
2025-07-10,15840,16120,15550,15900,29153,0.01273885350318471
2025-07-11,15900,15990,15680,15760,10533,-0.008805031446540879
2025-07-14,15870,15870,15350,15540,13507,-0.013959390862944177
2025-07-15,15860,15950,15360,15620,24606,0.005148005148005064
2025-07-16,15710,15870,15450,15800,15747,0.011523687580025532
2025-07-17,15700,16640,15650,16550,64036,0.04746835443037978
2025-07-18,16420,16420,15770,15860,30855,-0.041691842900302145
2025-07-21,16210,16210,15680,15710,15314,-0.009457755359394748
2025-07-22,15790,15800,15380,15550,21432,-0.010184595798854224
2025-07-23,15750,15750,15020,15300,19703,-0.01607717041800638
2025-07-24,15430,15500,15120,15230,12380,-0.004575163398692794
2025-07-25,15300,15590,15170,15230,15449,0.0
2025-07-28,15440,15440,14980,15050,17970,-0.011818778726198298
2025-07-29,15070,15070,14540,14640,30027,-0.027242524916943567
2025-07-30,14630,14960,14480,14700,17331,0.004098360655737654
2025-07-31,15000,15000,14460,14630,15401,-0.004761904761904745
2025-08-01,14760,14760,13990,14120,18344,-0.034859876965140146
2025-08-04,13980,14540,13980,14250,9308,0.009206798866855603
2025-08-05,14500,14690,14330,14610,10630,0.025263157894736876
2025-08-06,14590,14910,14420,14820,11166,0.014373716632443578
