Date,Open,High,Low,Close,Volume,Change
2023-06-23,1685,1697,1674,1678,2369740,
2023-06-26,1678,1689,1674,1686,105778,0.004767580452920139
2023-06-27,1682,1689,1678,1682,56787,-0.0023724792408066353
2023-06-28,1685,1685,1666,1682,128240,0.0
2023-06-29,1681,1685,1666,1674,49201,-0.0047562425683710385
2023-06-30,1681,1681,1670,1678,26063,0.002389486260454099
2023-07-03,1674,1678,1666,1678,31570,0.0
2023-07-04,1674,1677,1670,1674,92920,-0.0023837902264600697
2023-07-05,1670,1673,1666,1670,36880,-0.002389486260453988
2023-07-06,1674,1689,1670,1682,78229,0.007185628742514938
2023-07-07,1681,1689,1654,1654,151854,-0.01664684898929847
2023-07-10,1658,1693,1658,1686,127475,0.0193470374848852
2023-07-11,1685,1697,1681,1697,23864,0.006524317912218303
2023-07-12,1693,1716,1693,1701,35365,0.0023571007660576626
2023-07-13,1697,1708,1697,1705,12329,0.0023515579071133885
2023-07-14,1693,1712,1693,1705,21067,0.0
2023-07-17,1697,1712,1697,1709,9297,0.002346041055718562
2023-07-18,1709,1729,1705,1729,56666,0.011702750146284302
2023-07-19,1729,1733,1709,1733,35600,0.0023134759976866093
2023-07-20,1732,1736,1701,1705,49596,-0.016156953260242357
2023-07-21,1704,1712,1689,1697,40224,-0.004692082111436902
2023-07-24,1693,1700,1689,1697,48032,0.0
2023-07-25,1681,1696,1681,1693,30074,-0.0023571007660577736
2023-07-26,1689,1689,1670,1678,42054,-0.008860011813349056
2023-07-27,1677,1681,1666,1674,25256,-0.0023837902264600697
2023-07-28,1665,1669,1654,1658,46529,-0.009557945041816063
2023-07-31,1658,1661,1654,1658,17705,0.0
2023-08-01,1661,1661,1654,1654,23102,-0.0024125452352231624
2023-08-02,1654,1657,1650,1654,3829,0.0
2023-08-03,1650,1654,1650,1654,9319,0.0
2023-08-04,1654,1658,1650,1658,18212,0.002418379685610539
2023-08-07,1653,1657,1646,1646,23687,-0.007237635705669487
2023-08-08,1646,1653,1642,1646,68053,0.0
2023-08-09,1641,1649,1638,1638,44402,-0.004860267314702349
2023-08-10,1645,1649,1638,1638,60864,0.0
2023-08-11,1637,1637,1634,1634,1972,-0.0024420024420024333
2023-08-14,1637,1641,1630,1634,3967,0.0
2023-08-16,1626,1637,1622,1634,35375,0.0
2023-08-17,1634,1637,1630,1634,6949,0.0
2023-08-18,1626,1630,1626,1630,7970,-0.002447980416156681
2023-08-21,1622,1630,1622,1630,5066,0.0
2023-08-22,1618,1629,1618,1626,9993,-0.0024539877300613355
2023-08-23,1622,1630,1622,1630,3396,0.002460024600245969
2023-08-24,1622,1637,1622,1630,5163,0.0
2023-08-25,1630,1649,1630,1646,3293,0.009815950920245342
2023-08-28,1642,1645,1622,1642,7247,-0.002430133657351119
2023-08-29,1638,1638,1634,1638,12537,-0.0024360535931789995
2023-08-30,1634,1637,1634,1634,1123,-0.0024420024420024333
2023-08-31,1626,1633,1622,1630,5582,-0.002447980416156681
2023-09-01,1630,1633,1622,1630,15083,0.0
2023-09-04,1622,1646,1622,1646,3407,0.009815950920245342
2023-09-05,1642,1645,1634,1642,13273,-0.002430133657351119
2023-09-06,1630,1645,1630,1638,6969,-0.0024360535931789995
2023-09-07,1638,1638,1626,1638,3013,0.0
2023-09-08,1637,1645,1634,1634,1993,-0.0024420024420024333
2023-09-11,1649,1653,1634,1638,14984,0.00244798041615657
2023-09-12,1638,1685,1638,1678,39701,0.024420024420024333
2023-09-13,1678,1685,1658,1682,36641,0.0023837902264600697
2023-09-14,1689,1689,1666,1678,7673,-0.0023781212841854638
2023-09-15,1669,1669,1658,1666,12353,-0.007151370679380209
2023-09-18,1665,1665,1650,1658,8860,-0.004801920768307322
2023-09-19,1677,1677,1630,1642,27689,-0.00965018094089265
2023-09-20,1637,1653,1630,1630,7058,-0.0073081607795371095
2023-09-21,1630,1645,1630,1634,745,0.0024539877300613355
2023-09-22,1626,1646,1626,1646,5391,0.007343941248469932
2023-09-25,1634,1646,1626,1646,35313,0.0
2023-09-26,1645,1649,1630,1630,2606,-0.009720534629404587
2023-09-27,1630,1645,1626,1630,2909,0.0
2023-10-04,1626,1637,1626,1630,2414,0.0
2023-10-05,1626,1634,1626,1634,14669,0.0024539877300613355
2023-10-06,1630,1638,1626,1638,3250,0.00244798041615657
2023-10-10,1645,1645,1622,1634,14649,-0.0024420024420024333
2023-10-11,1645,1645,1626,1638,1048,0.00244798041615657
2023-10-12,1626,1638,1622,1638,18945,0.0
2023-10-13,1622,1649,1622,1634,30254,-0.0024420024420024333
2023-10-16,1649,1649,1626,1626,1313,-0.004895960832313362
2023-10-17,1626,1637,1626,1634,4611,0.004920049200491938
2023-10-18,1634,1649,1630,1634,2350,0.0
2023-10-19,1630,1642,1623,1623,11888,-0.006731946144430845
2023-10-20,1618,1638,1618,1638,6469,0.009242144177449063
2023-10-23,1623,1638,1619,1623,13208,-0.009157509157509125
2023-10-24,1630,1630,1618,1630,5451,0.004313000616142926
2023-10-25,1629,1629,1618,1626,6828,-0.0024539877300613355
2023-10-26,1629,1629,1606,1626,84004,0.0
2023-10-27,1618,1630,1614,1630,15532,0.002460024600245969
2023-10-30,1626,1626,1611,1623,3506,-0.004294478527607337
2023-10-31,1619,1623,1615,1623,387,0.0
2023-11-01,1630,1630,1611,1623,4196,0.0
2023-11-02,1622,1622,1611,1611,4922,-0.007393715341959317
2023-11-03,1615,1623,1611,1623,6456,0.007448789571694592
2023-11-06,1630,1630,1611,1611,6470,-0.007393715341959317
2023-11-07,1610,1622,1607,1607,11481,-0.0024829298572315306
2023-11-08,1607,1623,1599,1623,28721,0.009956440572495229
2023-11-09,1611,1619,1611,1619,1208,-0.0024645717806530687
2023-11-10,1611,1615,1607,1615,2684,-0.002470660901791266
2023-11-13,1610,1618,1607,1607,7673,-0.004953560371517063
2023-11-14,1610,1610,1587,1591,24512,-0.00995644057249534
2023-11-15,1590,1594,1579,1579,41230,-0.007542426147077341
2023-11-16,1587,1610,1583,1591,20687,0.007599746675110763
2023-11-17,1595,1622,1595,1619,2487,0.017598994343180463
2023-11-20,1599,1622,1599,1603,1418,-0.009882643607164954
2023-11-21,1599,1610,1599,1599,1972,-0.0024953212726138707
2023-11-22,1599,1606,1595,1603,29584,0.00250156347717323
2023-11-23,1603,1618,1603,1615,6113,0.007485963817841501
2023-11-24,1607,1626,1599,1623,32073,0.004953560371516952
2023-11-27,1619,1623,1611,1623,37499,0.0
2023-11-28,1622,1626,1614,1626,4996,0.001848428835489857
2023-11-29,1626,1626,1603,1611,17033,-0.009225092250922495
2023-11-30,1611,1614,1607,1611,7836,0.0
2023-12-01,1607,1614,1595,1607,19891,-0.0024829298572315306
2023-12-04,1603,1626,1603,1623,44442,0.009956440572495229
2023-12-05,1618,1622,1615,1615,4216,-0.004929143561306248
2023-12-06,1607,1614,1599,1607,20174,-0.004953560371517063
2023-12-07,1607,1611,1603,1611,19383,0.002489110143123918
2023-12-08,1611,1615,1603,1615,38382,0.0024829298572315306
2023-12-11,1603,1623,1591,1623,48556,0.004953560371516952
2023-12-12,1614,1665,1610,1662,20774,0.02402957486136792
2023-12-13,1637,1637,1602,1626,20536,-0.02166064981949456
2023-12-14,1619,1623,1599,1623,8321,-0.0018450184501844769
2023-12-15,1607,1618,1599,1607,15794,-0.009858287122612497
2023-12-18,1607,1618,1603,1615,18233,0.004978220286247614
2023-12-19,1615,1618,1607,1615,33718,0.0
2023-12-20,1623,1630,1619,1623,53925,0.004953560371516952
2023-12-21,1614,1629,1610,1626,10689,0.001848428835489857
2023-12-22,1618,1622,1611,1615,15526,-0.006765067650676526
2023-12-26,1611,1622,1607,1611,8296,-0.002476780185758476
2023-12-27,1611,1622,1611,1615,10290,0.0024829298572315306
2023-12-28,1630,1649,1626,1638,31163,0.014241486068111486
2024-01-02,1638,1661,1634,1650,3852,0.0073260073260073
2024-01-03,1649,1649,1630,1634,6287,-0.009696969696969648
2024-01-04,1634,1638,1626,1638,6309,0.00244798041615657
2024-01-05,1638,1649,1638,1642,634,0.0024420024420024333
2024-01-08,1641,1653,1634,1638,4580,-0.0024360535931789995
2024-01-09,1645,1653,1638,1642,18487,0.0024420024420024333
2024-01-10,1642,1649,1642,1646,6068,0.0024360535931791105
2024-01-11,1654,1669,1650,1654,9757,0.004860267314702238
2024-01-12,1670,1674,1650,1674,29092,0.012091898428053138
2024-01-15,1670,1682,1670,1682,18938,0.004778972520907976
2024-01-16,1681,1681,1670,1674,14230,-0.0047562425683710385
2024-01-17,1673,1673,1666,1670,2700,-0.002389486260453988
2024-01-18,1673,1681,1666,1666,3330,-0.0023952095808382756
2024-01-19,1658,1669,1658,1666,1831,0.0
2024-01-22,1670,1682,1670,1682,4924,0.009603841536614643
2024-01-23,1666,1682,1666,1682,3774,0.0
2024-01-24,1674,1685,1674,1682,9130,0.0
2024-01-25,1678,1689,1678,1678,23273,-0.0023781212841854638
2024-01-26,1678,1685,1678,1678,8986,0.0
2024-01-29,1682,1689,1682,1682,3553,0.0023837902264600697
2024-01-30,1686,1689,1682,1686,15677,0.0023781212841855748
2024-01-31,1677,1712,1673,1697,27235,0.006524317912218303
2024-02-01,1697,1701,1689,1701,5267,0.0023571007660576626
2024-02-02,1701,1720,1697,1713,13601,0.007054673721340388
2024-02-05,1701,1729,1693,1729,27521,0.009340338587273678
2024-02-06,1724,1724,1709,1721,2213,-0.0046269519953729965
2024-02-07,1720,1720,1717,1717,15913,-0.0023242300987798004
2024-02-08,1717,1728,1701,1717,20756,0.0
2024-02-13,1717,1728,1717,1721,1735,0.002329644729178737
2024-02-14,1713,1720,1713,1717,17227,-0.0023242300987798004
2024-02-15,1709,1732,1709,1721,20416,0.002329644729178737
2024-02-16,1721,1744,1713,1725,31318,0.0023242300987798004
2024-02-19,1725,1756,1717,1733,80912,0.004637681159420204
2024-02-20,1744,1744,1729,1733,42175,0.0
2024-02-21,1729,1740,1709,1733,60716,0.0
2024-02-22,1732,1732,1721,1721,11175,-0.006924408540103899
2024-02-23,1729,1733,1717,1733,4706,0.006972690296339401
2024-02-26,1740,1744,1721,1729,14471,-0.00230813618003467
2024-02-27,1732,1732,1721,1729,8866,0.0
2024-02-28,1721,1733,1709,1733,45873,0.0023134759976866093
2024-02-29,1732,1732,1717,1725,22356,-0.004616272360069229
2024-03-04,1709,1745,1709,1745,14684,0.011594202898550732
2024-03-05,1717,1740,1709,1725,19921,-0.011461318051575908
2024-03-06,1728,1728,1709,1717,359,-0.004637681159420315
2024-03-07,1701,1732,1701,1717,10891,0.0
2024-03-08,1732,1732,1713,1717,9530,0.0
2024-03-11,1733,1733,1717,1733,2053,0.00931857891671517
2024-03-12,1732,1732,1717,1729,6003,-0.00230813618003467
2024-03-13,1729,1732,1701,1729,15640,0.0
2024-03-14,1729,1732,1709,1729,4528,0.0
2024-03-15,1729,1733,1729,1733,2228,0.0023134759976866093
2024-03-18,1733,1733,1717,1733,5255,0.0
2024-03-19,1733,1733,1717,1733,2540,0.0
2024-03-20,1732,1732,1713,1729,2471,-0.00230813618003467
2024-03-21,1728,1728,1709,1725,2566,-0.0023134759976864983
2024-03-22,1724,1724,1697,1717,69143,-0.004637681159420315
2024-03-25,1717,1732,1713,1729,4457,0.006988934187536433
2024-03-26,1729,1732,1717,1729,3214,0.0
2024-03-27,1728,1728,1705,1725,5351,-0.0023134759976864983
2024-03-28,1725,1728,1709,1725,6000,0.0
2024-03-29,1744,1748,1717,1733,9704,0.004637681159420204
2024-04-01,1733,1745,1721,1745,3801,0.006924408540103899
2024-04-02,1733,1744,1709,1733,20475,-0.006876790830945612
2024-04-03,1733,1737,1729,1737,7308,0.002308136180034559
2024-04-04,1733,1736,1717,1733,11155,-0.0023028209556706924
2024-04-05,1717,1725,1705,1725,19687,-0.004616272360069229
2024-04-08,1713,1733,1713,1733,5512,0.004637681159420204
2024-04-09,1729,1736,1721,1733,8507,0.0
2024-04-11,1713,1741,1713,1741,3305,0.00461627236006934
2024-04-12,1741,1752,1725,1745,50378,0.0022975301550833827
2024-04-15,1737,1756,1737,1737,15607,-0.004584527220630408
2024-04-16,1752,1752,1729,1749,31489,0.006908462867012188
2024-04-17,1752,1756,1736,1756,2902,0.004002287021154904
2024-04-18,1732,1756,1732,1756,8458,0.0
2024-04-19,1759,1759,1732,1756,14465,0.0
2024-04-22,1729,1760,1729,1749,10733,-0.003986332574031914
2024-04-23,1749,1749,1733,1749,8045,0.0
2024-04-24,1756,1756,1741,1741,10270,-0.004574042309891335
2024-04-25,1756,1756,1737,1749,27766,0.004595060310166543
2024-04-26,1760,1851,1760,1816,139294,0.038307604345340085
2024-04-29,1772,1823,1772,1780,55936,-0.01982378854625555
2024-04-30,1780,1815,1780,1796,10111,0.008988764044943753
2024-05-02,1799,1815,1784,1784,11112,-0.006681514476614692
2024-05-03,1772,1776,1752,1776,28693,-0.004484304932735439
2024-05-07,1791,1791,1756,1772,23025,-0.0022522522522522292
2024-05-08,1756,1779,1756,1772,8771,0.0
2024-05-09,1756,1775,1752,1760,14287,-0.006772009029345383
2024-05-10,1756,1772,1756,1772,6596,0.006818181818181834
2024-05-13,1752,1783,1740,1780,14777,0.004514672686230181
2024-05-14,1752,1788,1752,1788,3239,0.004494382022471877
2024-05-16,1768,1787,1760,1780,3053,-0.004474272930648726
2024-05-17,1795,1795,1748,1768,5371,-0.006741573033707815
2024-05-20,1752,1767,1752,1764,2540,-0.002262443438914019
2024-05-21,1752,1768,1744,1768,12272,0.0022675736961450532
2024-05-22,1748,1771,1744,1768,6066,0.0
2024-05-23,1744,1775,1744,1768,6860,0.0
2024-05-24,1767,1767,1736,1760,24043,-0.004524886877828038
2024-05-27,1756,1760,1740,1760,3324,0.0
2024-05-28,1756,1759,1736,1756,1245,-0.002272727272727315
2024-05-29,1737,1756,1737,1753,2315,-0.0017084282460136935
2024-05-30,1748,1760,1732,1760,3461,0.003993154592127679
2024-05-31,1760,1763,1732,1760,13107,0.0
2024-06-03,1756,1763,1736,1760,34759,0.0
2024-06-04,1740,1780,1736,1780,54931,0.011363636363636465
2024-06-05,1784,1803,1768,1800,23744,0.011235955056179803
2024-06-07,1800,1812,1788,1812,10761,0.006666666666666599
2024-06-10,1808,1812,1792,1812,6989,0.0
2024-06-11,1811,1811,1784,1808,11968,-0.002207505518763808
2024-06-12,1812,1827,1804,1812,52901,0.0022123893805310324
2024-06-13,1819,1835,1808,1812,29659,0.0
2024-06-14,1811,1827,1799,1827,27125,0.008278145695364225
2024-06-17,1827,1846,1823,1831,26784,0.0021893814997262506
2024-06-18,1827,1969,1827,1938,162339,0.058438012015292085
2024-06-19,1957,1965,1859,1930,44350,-0.0041279669762641635
2024-06-20,1945,1964,1921,1953,32666,0.011917098445595853
2024-06-21,1870,1945,1870,1898,148986,-0.028161802355350707
2024-06-24,1926,1961,1922,1930,57191,0.01685985247629085
2024-06-25,1946,1953,1930,1946,37180,0.008290155440414448
2024-06-26,1926,1953,1926,1950,53512,0.0020554984583760483
2024-06-27,1949,2044,1945,2044,108731,0.04820512820512812
2024-06-28,2039,2103,2028,2103,90299,0.02886497064579263
2024-07-01,2095,2095,1945,1969,66661,-0.06371849738468849
2024-07-02,1968,2035,1941,2032,24988,0.03199593702387005
2024-07-03,2032,2055,1972,2036,31372,0.0019685039370078705
2024-07-04,2060,2083,2013,2080,58595,0.0216110019646365
2024-07-05,0,0,0,2080,0,0.0
2024-07-08,0,0,0,2080,0,0.0
2024-07-09,0,0,0,2080,0,0.0
2024-07-10,0,0,0,2080,0,0.0
2024-07-11,0,0,0,2080,0,0.0
2024-07-12,0,0,0,2080,0,0.0
2024-07-15,0,0,0,2080,0,0.0
2024-07-16,0,0,0,2080,0,0.0
2024-07-17,0,0,0,2080,0,0.0
2024-07-18,0,0,0,2080,0,0.0
2024-07-19,0,0,0,2080,0,0.0
2024-07-22,0,0,0,2080,0,0.0
2024-07-23,0,0,0,2080,0,0.0
2024-07-24,0,0,0,2080,0,0.0
2024-07-25,0,0,0,2080,0,0.0
2024-07-26,0,0,0,2080,0,0.0
2024-07-29,0,0,0,2080,0,0.0
2024-07-30,0,0,0,2080,0,0.0
2024-07-31,0,0,0,2080,0,0.0
2024-08-01,0,0,0,2080,0,0.0
2024-08-02,0,0,0,2080,0,0.0
2024-08-05,0,0,0,2080,0,0.0
2024-08-06,0,0,0,2080,0,0.0
2024-08-07,0,0,0,2080,0,0.0
2024-08-08,0,0,0,2080,0,0.0
2024-08-09,0,0,0,2080,0,0.0
2024-08-12,0,0,0,2080,0,0.0
2024-08-13,0,0,0,2080,0,0.0
2024-08-14,0,0,0,2080,0,0.0
2024-08-16,0,0,0,2080,0,0.0
2024-08-19,0,0,0,2080,0,0.0
2024-08-20,0,0,0,2080,0,0.0
2024-08-21,0,0,0,2080,0,0.0
2024-08-22,0,0,0,2080,0,0.0
2024-08-23,0,0,0,2080,0,0.0
2024-08-26,0,0,0,2080,0,0.0
2024-08-27,0,0,0,2080,0,0.0
2024-08-28,0,0,0,2080,0,0.0
2024-08-29,0,0,0,2080,0,0.0
2024-08-30,0,0,0,2080,0,0.0
2024-09-02,0,0,0,2080,0,0.0
2024-09-03,0,0,0,2080,0,0.0
2024-09-04,0,0,0,2080,0,0.0
2024-09-05,0,0,0,2080,0,0.0
2024-09-06,0,0,0,2080,0,0.0
2024-09-09,0,0,0,2080,0,0.0
2024-09-10,0,0,0,2080,0,0.0
2024-09-11,0,0,0,2080,0,0.0
2024-09-12,0,0,0,2080,0,0.0
2024-09-13,0,0,0,2080,0,0.0
2024-09-19,0,0,0,2080,0,0.0
2024-09-20,0,0,0,2080,0,0.0
2024-09-23,0,0,0,2080,0,0.0
2024-09-24,0,0,0,2080,0,0.0
2024-09-25,0,0,0,2080,0,0.0
2024-09-26,0,0,0,2080,0,0.0
2024-09-27,0,0,0,2080,0,0.0
2024-09-30,0,0,0,2080,0,0.0
2024-10-02,0,0,0,2080,0,0.0
2024-10-04,0,0,0,2080,0,0.0
2024-10-07,0,0,0,2080,0,0.0
2024-10-08,0,0,0,2080,0,0.0
2024-10-10,0,0,0,2080,0,0.0
2024-10-11,0,0,0,2080,0,0.0
2024-10-14,0,0,0,2080,0,0.0
2024-10-15,0,0,0,2080,0,0.0
2024-10-16,0,0,0,2080,0,0.0
2024-10-17,0,0,0,2080,0,0.0
2024-10-18,0,0,0,2080,0,0.0
2024-10-21,0,0,0,2080,0,0.0
2024-10-22,0,0,0,2080,0,0.0
2024-10-23,0,0,0,2080,0,0.0
2024-10-24,0,0,0,2080,0,0.0
2024-10-25,0,0,0,2080,0,0.0
2024-10-28,0,0,0,2080,0,0.0
2024-10-29,0,0,0,2080,0,0.0
2024-10-30,0,0,0,2080,0,0.0
2024-10-31,0,0,0,2080,0,0.0
2024-11-01,0,0,0,2080,0,0.0
2024-11-04,0,0,0,2080,0,0.0
2024-11-05,0,0,0,2080,0,0.0
2024-11-06,0,0,0,2080,0,0.0
2024-11-07,0,0,0,2080,0,0.0
2024-11-08,0,0,0,2080,0,0.0
2024-11-11,0,0,0,2080,0,0.0
2024-11-12,0,0,0,2080,0,0.0
2024-11-13,2080,2080,2040,2060,568091,-0.009615384615384581
2024-11-14,2055,2075,2055,2065,70150,0.0024271844660195274
2024-11-15,2070,2080,2060,2075,69788,0.004842615012106588
2024-11-18,2085,2085,2050,2070,67267,-0.002409638554216831
2024-11-19,2080,2080,2065,2075,28319,0.0024154589371980784
2024-11-20,2075,2080,2030,2060,150566,-0.0072289156626506035
2024-11-21,2070,2070,2040,2050,33796,-0.004854368932038833
2024-11-22,2060,2070,2045,2065,54395,0.007317073170731714
2024-11-25,2065,2065,2045,2050,14558,-0.007263922518159771
2024-11-26,2060,2065,2045,2050,17569,0.0
2024-11-27,2065,2075,2065,2075,47365,0.012195121951219523
2024-11-28,2075,2080,2065,2065,9473,-0.004819277108433773
2024-11-29,2080,2080,2050,2070,2368,0.002421307506053294
2024-12-02,2075,2080,2045,2070,9503,0.0
2024-12-03,2075,2075,2045,2060,6844,-0.004830917874396157
2024-12-04,2060,2060,2025,2040,3604,-0.009708737864077666
2024-12-05,2040,2065,2040,2065,12645,0.01225490196078427
2024-12-06,2060,2070,2030,2065,43714,0.0
2024-12-09,2065,2065,2045,2065,2692,0.0
2024-12-10,2070,2095,2045,2045,42651,-0.009685230024213065
2024-12-11,2050,2080,2045,2060,817,0.007334963325183352
2024-12-12,2060,2080,2045,2055,20128,-0.0024271844660194164
2024-12-13,2060,2080,2055,2075,1399,0.009732360097323589
2024-12-16,2075,2075,2050,2065,3428,-0.004819277108433773
2024-12-17,2060,2060,2045,2045,2700,-0.009685230024213065
2024-12-18,2050,2055,2045,2050,11370,0.0024449877750611915
2024-12-19,2065,2065,2040,2045,4544,-0.0024390243902439046
2024-12-20,2060,2060,2025,2035,23611,-0.004889975550122272
2024-12-23,2050,2050,2030,2030,11706,-0.002457002457002422
2024-12-24,2030,2040,2020,2040,27490,0.0049261083743843415
2024-12-26,2045,2045,2010,2035,17342,-0.002450980392156854
2024-12-27,2030,2040,2020,2030,9333,-0.002457002457002422
2024-12-30,2040,2040,2025,2040,2806,0.0049261083743843415
2025-01-02,2035,2055,2025,2050,9723,0.004901960784313708
2025-01-03,2055,2090,2035,2070,10272,0.009756097560975618
2025-01-06,2055,2085,2055,2080,8202,0.004830917874396157
2025-01-07,2085,2085,2060,2070,633,-0.004807692307692291
2025-01-08,2085,2085,2055,2065,6320,-0.0024154589371980784
2025-01-09,2065,2070,2050,2065,5432,0.0
2025-01-10,2065,2065,2060,2060,210,-0.002421307506053294
2025-01-13,2065,2070,2040,2065,6398,0.0024271844660195274
2025-01-14,2070,2070,2055,2065,3380,0.0
2025-01-15,2065,2065,2050,2065,1681,0.0
2025-01-16,2065,2065,2040,2045,10742,-0.009685230024213065
2025-01-17,2055,2065,2045,2065,7862,0.009779951100244544
2025-01-20,2060,2060,2045,2045,1688,-0.009685230024213065
2025-01-21,2060,2060,2045,2055,2973,0.004889975550122161
2025-01-22,2055,2060,2040,2060,7064,0.0024330900243310083
2025-01-23,2060,2070,2040,2055,11734,-0.0024271844660194164
2025-01-24,2050,2065,2050,2055,9432,0.0
2025-01-31,2065,2075,2045,2065,10612,0.0048661800486617945
2025-02-03,2075,2075,2045,2065,13131,0.0
2025-02-04,2070,2080,2055,2075,4907,0.004842615012106588
2025-02-05,2075,2075,2060,2075,295,0.0
2025-02-06,2075,2075,2070,2075,2599,0.0
2025-02-07,2075,2080,2060,2080,2804,0.002409638554216942
2025-02-10,2075,2080,2065,2080,14102,0.0
2025-02-11,2060,2085,2060,2080,9405,0.0
2025-02-12,2080,2105,2065,2105,4717,0.012019230769230838
2025-02-13,2105,2120,2080,2120,5038,0.0071258907363420665
2025-02-14,2125,2125,2090,2125,2031,0.002358490566037652
2025-02-17,2125,2125,2105,2125,255,0.0
2025-02-18,2125,2125,2100,2115,1272,-0.004705882352941226
2025-02-19,2120,2125,2110,2120,2292,0.0023640661938533203
2025-02-20,2125,2125,2105,2115,3532,-0.002358490566037763
2025-02-21,2120,2120,2100,2115,1991,0.0
2025-02-24,2115,2120,2100,2110,1292,-0.0023640661938534313
2025-02-25,2120,2130,2115,2125,10681,0.007109004739336511
2025-02-26,2110,2130,2110,2125,423,0.0
2025-02-27,2115,2120,2105,2115,1588,-0.004705882352941226
2025-02-28,2120,2125,2100,2110,8832,-0.0023640661938534313
2025-03-04,2120,2125,2120,2125,5550,0.007109004739336511
2025-03-05,2130,2130,2110,2125,448,0.0
2025-03-06,2130,2130,2105,2115,2734,-0.004705882352941226
2025-03-07,2100,2120,2100,2120,2470,0.0023640661938533203
2025-03-10,2120,2130,2120,2130,4872,0.004716981132075526
2025-03-11,2125,2125,2100,2120,2784,-0.0046948356807511304
2025-03-12,2125,2125,2095,2115,506,-0.002358490566037763
2025-03-13,2125,2125,2100,2120,2118,0.0023640661938533203
2025-03-14,2105,2120,2100,2100,1648,-0.009433962264150941
2025-03-17,2125,2125,2095,2115,785,0.0071428571428571175
2025-03-18,2120,2120,2095,2120,600,0.0023640661938533203
2025-03-19,2115,2115,2105,2115,175,-0.002358490566037763
2025-03-20,2120,2120,2105,2115,10164,0.0
2025-03-21,2115,2115,2100,2100,1969,-0.007092198581560294
2025-03-24,2120,2120,2100,2110,1610,0.004761904761904745
2025-03-25,2105,2110,2095,2105,736,-0.0023696682464454666
2025-03-26,2110,2110,2100,2105,267,0.0
2025-03-27,2105,2105,2100,2105,2080,0.0
2025-03-28,2110,2110,2100,2110,1180,0.002375296912114022
2025-03-31,2110,2110,2095,2110,6269,0.0
2025-04-01,2110,2110,2100,2110,1410,0.0
2025-04-02,2110,2115,2095,2115,5691,0.0023696682464455776
2025-04-03,2115,2115,2095,2105,2832,-0.004728132387706863
2025-04-04,2110,2110,2095,2095,2616,-0.004750593824228044
2025-04-07,2095,2115,2085,2090,2353,-0.0023866348448687846
2025-04-08,2090,2090,2085,2090,1751,0.0
2025-04-09,2095,2095,2075,2085,2000,-0.0023923444976076125
2025-04-10,2095,2095,2075,2090,8578,0.0023980815347721673
2025-04-11,2095,2095,2075,2090,3242,0.0
2025-04-14,2095,2095,2080,2090,3086,0.0
2025-04-15,2100,2100,2085,2090,2291,0.0
2025-04-16,2105,2110,2080,2095,6340,0.0023923444976077235
2025-04-17,2100,2100,2080,2095,5244,0.0
2025-04-18,2095,2095,2085,2090,2137,-0.0023866348448687846
2025-04-21,2095,2095,2085,2095,2051,0.0023923444976077235
2025-04-22,2085,2095,2080,2085,3874,-0.004773269689737458
2025-04-23,2095,2095,2080,2090,7781,0.0023980815347721673
2025-04-24,2095,2095,2080,2090,2724,0.0
2025-04-25,2095,2095,2085,2095,9193,0.0023923444976077235
2025-04-28,2095,2105,2090,2105,7098,0.004773269689737569
2025-04-29,2100,2115,2100,2110,1928,0.002375296912114022
2025-04-30,2110,2110,2095,2100,5081,-0.004739336492891044
2025-05-02,2110,2110,2095,2105,3157,0.0023809523809523725
2025-05-07,2105,2110,2095,2110,3288,0.002375296912114022
2025-05-08,2110,2115,2105,2110,3491,0.0
2025-05-09,2105,2135,2100,2120,3307,0.004739336492890933
2025-05-12,2125,2125,2120,2125,14267,0.002358490566037652
2025-05-13,2155,2155,2135,2135,5472,0.004705882352941115
2025-05-14,2145,2150,2140,2150,14232,0.007025761124121788
2025-05-15,2150,2155,2145,2155,3652,0.0023255813953488857
2025-05-16,2155,2170,2140,2165,18266,0.004640371229698292
2025-05-19,2165,2165,2155,2165,11093,0.0
2025-05-20,2165,2180,2150,2160,9519,-0.002309468822170868
2025-05-21,2175,2175,2145,2155,22964,-0.0023148148148147696
2025-05-22,2150,2160,2130,2150,11821,-0.002320185614849146
2025-05-23,2140,2150,2140,2150,790,0.0
2025-05-26,2155,2160,2150,2160,1304,0.0046511627906977715
2025-05-27,2160,2170,2160,2170,20938,0.004629629629629539
2025-05-28,2170,2170,2160,2170,1616,0.0
2025-05-29,2165,2165,2150,2160,4988,-0.004608294930875556
2025-05-30,2160,2185,2155,2175,12648,0.00694444444444442
2025-06-02,2180,2185,2175,2185,5090,0.0045977011494253706
2025-06-04,2185,2185,2160,2185,678,0.0
2025-06-05,2185,2185,2165,2165,6698,-0.009153318077803174
2025-06-09,2160,2160,2125,2155,29202,-0.004618937644341847
2025-06-10,2145,2150,2145,2145,8076,-0.004640371229698403
2025-06-11,2145,2150,2140,2140,8514,-0.002331002331002363
2025-06-12,2135,2140,2135,2140,2463,0.0
2025-06-13,2135,2140,2130,2140,5880,0.0
2025-06-16,2140,2140,2125,2140,15637,0.0
2025-06-17,2135,2140,2125,2130,744,-0.004672897196261627
2025-06-18,2135,2150,2125,2145,14095,0.007042253521126751
2025-06-19,2145,2145,2125,2145,3393,0.0
2025-06-20,2140,2145,2125,2140,146,-0.002331002331002363
2025-06-23,2135,2140,2115,2140,2676,0.0
2025-06-24,2130,2135,2110,2130,918,-0.004672897196261627
2025-06-25,2125,2135,2125,2135,6180,0.0023474178403755097
2025-06-26,2135,2135,2100,2135,676,0.0
2025-06-27,2120,2135,2120,2135,937,0.0
2025-06-30,2135,2145,2105,2135,5091,0.0
2025-07-01,2125,2140,2125,2135,681,0.0
2025-07-02,2130,2165,2130,2155,9953,0.00936768149882905
2025-07-03,2120,2155,2120,2155,919,0.0
2025-07-04,2155,2155,2115,2150,1481,-0.002320185614849146
2025-07-07,2115,2150,2105,2130,1664,-0.009302325581395321
2025-07-08,2135,2135,2100,2130,1163,0.0
2025-07-09,2115,2130,2110,2110,18713,-0.009389671361502372
2025-07-10,2110,2125,2105,2120,2089,0.004739336492890933
2025-07-11,2120,2120,2105,2115,6624,-0.002358490566037763
2025-07-14,2105,2120,2105,2115,6756,0.0
2025-07-15,2115,2120,2105,2115,12156,0.0
2025-07-16,2105,2120,2100,2110,26819,-0.0023640661938534313
2025-07-17,2105,2115,2100,2115,10601,0.0023696682464455776
2025-07-18,2110,2120,2110,2120,22948,0.0023640661938533203
2025-07-21,2125,2125,2115,2125,12401,0.002358490566037652
2025-07-22,2125,2125,2120,2125,1005,0.0
2025-07-23,2125,2140,2115,2140,901,0.007058823529411784
2025-07-24,2145,2145,2140,2145,5075,0.002336448598130758
2025-07-25,2135,2145,2135,2145,196,0.0
2025-07-28,2110,2140,2110,2140,171,-0.002331002331002363
2025-07-29,2140,2140,2110,2130,406,-0.004672897196261627
2025-07-30,2130,2130,2105,2125,14547,-0.0023474178403756207
2025-07-31,2120,2125,2110,2125,10768,0.0
2025-08-01,2105,2135,2105,2130,1262,0.0023529411764706687
2025-08-04,2115,2115,2110,2115,74,-0.007042253521126751
2025-08-05,2115,2115,2100,2110,11511,-0.0023640661938534313
2025-08-06,2110,2110,2105,2110,165,0.0
