Date,Open,High,Low,Close,Volume,Change
2022-01-03,206693,208122,201931,206694,101579,0.0
2022-01-04,204788,210503,204312,209551,103249,0.013822365429088324
2022-01-05,208598,213837,207646,209075,150524,-0.00227152340003145
2022-01-06,205741,209551,204788,206694,101970,-0.011388257802224078
2022-01-07,206693,221934,205741,220982,295639,0.06912634135485307
2022-01-10,219076,223362,217171,219077,173678,-0.008620611633526676
2022-01-11,217647,221457,208122,209551,174103,-0.04348242855251805
2022-01-12,211932,216219,210027,211933,133178,0.011367161216123911
2022-01-13,212885,213361,208598,211456,147054,-0.0022507113097063325
2022-01-14,212408,212408,205741,206218,101903,-0.024771110774818417
2022-01-17,204312,206693,200978,202884,95011,-0.01616735687476356
2022-01-18,202883,204312,196692,198121,92892,-0.02347646931251357
2022-01-19,193835,206217,193358,202884,122842,0.024040863916495514
2022-01-20,204312,209551,201931,205265,126914,0.011735770193805228
2022-01-21,201931,203360,198597,201455,75353,-0.01856137188512408
2022-01-24,202883,204788,194311,197169,82037,-0.021275222754461254
2022-01-25,196692,197645,188596,190501,168269,-0.03381870375160401
2022-01-26,190501,192882,187167,190978,120085,0.002503923863916624
2022-01-27,189548,191453,180976,182405,185031,-0.04488998732838334
2022-01-28,182405,187167,180023,185739,126105,0.018278007730051282
2022-02-03,188596,193358,187167,188596,105369,0.015381799191338308
2022-02-04,188596,190977,186215,190501,85881,0.010100956542026251
2022-02-07,193358,196692,189072,193835,115982,0.017501220466034306
2022-02-08,198597,206217,197168,200026,255504,0.03193953620347201
2022-02-09,200502,210027,197168,208123,293612,0.040479737634107504
2022-02-10,208122,209075,205741,208123,132542,0.0
2022-02-11,206693,218124,204312,213838,324079,0.027459723336680675
2022-02-14,210503,210503,201455,208123,206323,-0.02672583918667404
2022-02-15,207646,208598,199073,200979,122332,-0.03432585538359523
2022-02-16,205265,207170,200978,206218,90520,0.026067400076625002
2022-02-17,206693,213361,203836,207646,170145,0.006924710743000162
2022-02-18,203836,218600,203836,216695,235251,0.043578975756816796
2022-02-21,213361,219552,212408,218124,137373,0.006594522254782076
2022-02-22,214790,217171,212408,215743,102632,-0.010915809356146
2022-02-23,215742,220029,214313,217172,114845,0.006623621623876641
2022-02-24,214790,219076,211456,211933,189585,-0.02412373602490192
2022-02-25,212885,214790,206217,208123,143780,-0.017977379643566604
2022-02-28,206693,211932,201455,209551,109500,0.006861327195937017
2022-03-02,207170,207170,195740,196693,346133,-0.06135976444874991
2022-03-03,198597,199073,196216,197169,200300,0.002420014947151161
2022-03-04,197168,198121,190977,192406,203342,-0.02415694150703207
2022-03-07,188120,188596,181928,183358,331962,-0.0470255605334553
2022-03-08,180023,185262,180023,182881,145892,-0.002601468166101295
2022-03-10,189072,191453,185262,187168,198071,0.02344147287033649
2022-03-11,187167,191453,185738,190501,142917,0.017807531201914806
2022-03-14,191453,197168,189548,191454,196577,0.005002598411556924
2022-03-15,190501,192882,188596,190978,90925,-0.002486236902859207
2022-03-16,194311,198597,192882,195740,148312,0.024934809245043876
2022-03-17,198597,200502,193358,195264,180528,-0.0024317972821089606
2022-03-18,195740,195740,191930,193359,136673,-0.009756022615535875
2022-03-21,193835,197645,193835,195740,78024,0.012313882467327675
2022-03-22,194787,197168,194311,194788,59242,-0.00486359456421781
2022-03-23,195740,198121,194787,197169,80407,0.01222354559829153
2022-03-24,195263,196692,192882,193835,75037,-0.016909351875802003
2022-03-25,194787,194787,189072,190025,184706,-0.01965589289859937
2022-03-28,189548,191453,187167,190978,88303,0.005015129588212153
2022-03-29,192882,193358,190501,191454,83852,0.0024924336834608596
2022-03-30,192882,193358,190025,190501,102092,-0.004977696992489067
2022-03-31,191930,199550,191453,199550,270645,0.047501062986545994
2022-04-01,197645,199550,195263,196216,117952,-0.016707592082184863
2022-04-04,195740,196692,192882,195740,58209,-0.0024258979899702826
2022-04-05,195740,196216,190025,190025,213329,-0.02919689383876567
2022-04-06,189072,190025,186691,187644,127158,-0.012529930272332623
2022-04-07,186215,190501,185738,188120,119051,0.0025367184668840803
2022-04-08,189072,189072,186215,187168,83488,-0.005060599617265571
2022-04-11,186691,188120,185262,187168,46634,0.0
2022-04-12,186691,188120,185262,186691,90578,-0.0025485125662506602
2022-04-13,187167,187643,185738,187168,59757,0.002555024077218526
2022-04-14,187167,188120,186215,187644,85050,0.0025431697726105984
2022-04-15,186215,186215,181928,182881,135821,-0.02538317239027099
2022-04-18,182405,184310,180976,183358,41232,0.0026082534544320524
2022-04-19,183357,186215,182881,185739,56646,0.012985525583830482
2022-04-20,185738,186691,184310,184786,75287,-0.005130855663054046
2022-04-21,184786,188120,184786,187168,72362,0.012890586949227734
2022-04-22,185738,188596,184786,186215,98629,-0.00509168233886137
2022-04-25,184786,184786,182405,182881,49043,-0.017904035657707484
2022-04-26,186215,187167,183357,183358,68043,0.0026082534544320524
2022-04-27,180976,181928,178595,179548,104372,-0.02077902245879648
2022-04-28,181452,186215,179547,185263,99444,0.031829928487089765
2022-04-29,184310,188120,183357,187168,84739,0.010282679218192481
2022-05-02,185738,191453,185262,188596,123329,0.007629509317832017
2022-05-03,188596,190501,187167,187644,58754,-0.005047827101317126
2022-05-04,187643,192406,187643,189073,83252,0.007615484641128933
2022-05-06,187167,188596,186215,187644,53327,-0.007557927361389494
2022-05-09,186691,187167,181928,182881,73636,-0.02538317239027099
2022-05-10,181928,182405,177166,180500,112958,-0.0130193951257922
2022-05-11,178118,183357,178118,182405,96688,0.010554016620498707
2022-05-12,180499,182881,178118,179071,108887,-0.018278007730051282
2022-05-13,177642,183357,177642,183358,61214,0.02394022482702396
2022-05-16,183833,184786,180976,183358,57480,0.0
2022-05-17,183833,188596,183833,187168,113404,0.02077902245879648
2022-05-18,188596,190501,185738,185739,117392,-0.007634852111472079
2022-05-19,182405,188120,181452,187168,103918,0.007693591545125056
2022-05-20,189072,190501,186691,190501,88813,0.017807531201914806
2022-05-23,190025,191453,189072,190501,60022,0.0
2022-05-24,189548,190501,186691,187168,57930,-0.01749597114975776
2022-05-25,189072,189548,185262,185739,72048,-0.007634852111472079
2022-05-26,185262,187167,184786,187168,81636,0.007693591545125056
2022-05-27,188596,190977,187167,190025,100633,0.015264361429304207
2022-05-30,191453,198597,190977,197169,199792,0.03759505328246293
2022-05-31,197168,197168,193835,194788,146526,-0.012075934857913806
2022-06-02,193835,199073,193835,194788,135653,0.0
2022-06-03,197168,200502,195740,197645,116554,0.01466722796065456
2022-06-07,198121,198121,192882,193835,74393,-0.019276986516228556
2022-06-08,193835,197168,190501,190978,79110,-0.014739340160445757
2022-06-09,191930,197168,190977,194311,124562,0.01745227198944388
2022-06-10,193358,197645,192406,197169,92201,0.014708379865267629
2022-06-13,193358,195263,189548,190501,91300,-0.03381870375160401
2022-06-14,188596,192406,184786,190501,136082,0.0
2022-06-15,190025,191930,182881,184786,105695,-0.029999842520511688
2022-06-16,186215,192406,186215,187168,89293,0.012890586949227734
2022-06-17,183357,185738,180499,182881,129095,-0.022904556334416126
2022-06-20,183833,193835,183833,187168,200625,0.02344147287033649
2022-06-21,189072,190025,181452,184786,89341,-0.012726534450333338
2022-06-22,187167,188596,180976,180976,122140,-0.02061844512030131
2022-06-23,181928,182881,173356,174785,151045,-0.034208955883653136
2022-06-24,174784,180976,174308,178119,108686,0.0190748634036102
2022-06-27,180023,182405,177166,181453,63429,0.01871782347756268
2022-06-28,181452,183357,180023,182405,61840,0.005246537670912099
2022-06-29,179071,180976,176689,176690,84459,-0.031331377977577346
2022-06-30,177166,177642,171451,171451,136000,-0.02965080083762517
2022-07-01,173832,180023,172403,175737,123255,0.024998396043184323
2022-07-04,175737,177166,170974,172880,56962,-0.01625724804679718
2022-07-05,174784,176689,172879,175261,57299,0.013772559000462703
2022-07-06,178594,183833,170974,170975,211731,-0.02445495575170742
2022-07-07,174308,175261,170974,172404,86435,0.008357947068284854
2022-07-08,173832,173832,170974,171451,120976,-0.005527713974153747
2022-07-11,171451,172403,163831,164784,193317,-0.03888574578159354
2022-07-12,165259,165259,159068,160021,137817,-0.028904505291775906
2022-07-13,161926,163831,160021,160974,104344,0.00595546834477978
2022-07-14,160021,161926,157639,161450,141249,0.002956999266962468
2022-07-15,161926,162402,156687,158116,123227,-0.020650356147414062
2022-07-18,160497,162402,157639,161450,123652,0.021085785119785427
2022-07-19,160497,163354,159544,160021,79187,-0.008851037472901835
2022-07-20,162402,164783,160497,161926,122519,0.011904687509764367
2022-07-21,161926,162402,160021,161926,73177,0.0
2022-07-22,162402,162878,160497,160497,62867,-0.008825018835764475
2022-07-25,160497,162878,160021,162402,76075,0.011869380736088564
2022-07-26,161926,163354,161449,162402,50867,0.0
2022-07-27,162402,164783,161449,164307,61825,0.011730151106513542
2022-07-28,166688,168593,164783,168594,139532,0.026091402070514302
2022-07-29,169069,170498,166688,168117,104794,-0.0028292821808605373
2022-08-01,168117,173356,167164,170022,114991,0.011331394207605427
2022-08-02,170498,171451,167641,168594,55966,-0.00839891308183649
2022-08-03,168593,169546,167164,169546,59762,0.005646701543352561
2022-08-04,172403,172403,168117,168594,73248,-0.005614995340497586
2022-08-05,170022,176213,169546,173356,152081,0.028245370535131764
2022-08-08,170022,170022,166212,167165,145888,-0.0357126375781629
2022-08-09,168117,172403,167164,170022,131459,0.01709089821433918
2022-08-10,170498,171927,169069,170975,135921,0.005605156979684889
2022-08-11,172879,178118,172403,177642,163772,0.03899400497148697
2022-08-12,178118,179547,176213,178595,101743,0.00536472230666174
2022-08-16,179071,180976,176213,177642,86429,-0.005336095635376181
2022-08-17,179071,179547,174308,175261,73625,-0.013403361817588166
2022-08-18,174784,175261,172403,173356,50826,-0.010869503198087438
2022-08-19,173356,175261,171927,174309,62613,0.005497358037795053
2022-08-22,171927,173356,169546,170499,63982,-0.02185773540092595
2022-08-23,168593,171451,167641,168594,49624,-0.01117308605915579
2022-08-24,168593,171927,167641,170499,63670,0.011299334495889601
2022-08-25,171451,172403,170022,170975,43170,0.002791805230529132
2022-08-26,171927,173356,170498,171927,51813,0.005568065506653008
2022-08-29,167164,169546,164307,164784,104381,-0.04154670296114049
2022-08-30,165736,167164,163831,165736,96896,0.0057772599281482595
2022-08-31,164783,167641,162878,166689,102703,0.005750108606458415
2022-09-01,164783,165259,162402,162402,69420,-0.025718553713802383
2022-09-02,163354,164307,160497,160974,65022,-0.00879299516015808
2022-09-05,160973,163831,160497,161926,69532,0.005913998533924714
2022-09-06,162402,166688,161449,165736,68759,0.02352926645504727
2022-09-07,164783,166212,162878,165260,86161,-0.002872037457160803
2022-09-08,167641,170022,165259,167641,125042,0.014407600145225796
2022-09-13,170498,172403,168117,169070,130135,0.008524167715534992
2022-09-14,164783,167164,163354,166212,94170,-0.016904240846986496
2022-09-15,167164,167164,164783,166689,58917,0.0028698288932207383
2022-09-16,165736,167164,163831,165736,123799,-0.005717233890658702
2022-09-19,165259,165736,162878,163831,66000,-0.011494183520780021
2022-09-20,164783,167164,164307,165260,89940,0.00872240296403004
2022-09-21,163831,164307,160973,162402,110794,-0.01729396103110248
2022-09-22,160973,162402,160497,161926,54038,-0.0029309983867193967
2022-09-23,161926,161926,158592,159069,81670,-0.017643862011042066
2022-09-26,155734,158592,151924,152877,113541,-0.03892650359278049
2022-09-27,150972,154306,150019,151449,82355,-0.009340842638199343
2022-09-28,147638,149067,137160,139542,606072,-0.07862052572153
2022-09-29,141923,142399,138113,139066,137446,-0.0034111593642057736
2022-09-30,137637,139542,134303,137161,164638,-0.013698531632462263
2022-10-04,138113,144781,137637,142400,103592,0.038195988655667534
2022-10-05,145733,146686,140494,144781,122273,0.016720505617977555
2022-10-06,143828,146686,143352,144305,68013,-0.0032877242179567556
2022-10-07,142875,146686,141447,146210,78492,0.013201205779425518
2022-10-11,143352,146209,142875,145734,79115,-0.003255591272826708
2022-10-12,148591,159068,148591,154782,440536,0.062085717814648556
2022-10-13,154306,155734,145733,148115,227911,-0.043073483996847184
2022-10-14,151448,157639,150019,152877,137146,0.03215069371771939
2022-10-17,151448,155734,149067,153830,62207,0.00623376963179556
2022-10-18,155734,158592,154306,158116,84240,0.027861925502177698
2022-10-19,158116,160973,150972,152401,171462,-0.03614434971792857
2022-10-20,150496,150496,142876,144305,253065,-0.05312301100386485
2022-10-21,142875,142875,136208,137161,390682,-0.04950625411454901
2022-10-24,139065,142399,137637,141447,219119,0.031247949490015303
2022-10-25,141923,141923,134779,139542,132263,-0.013467942056035076
2022-10-26,140018,141447,135732,137161,153299,-0.017062963122214114
2022-10-27,138113,140970,137637,140495,145623,0.024307201026530834
2022-10-28,139542,143828,139542,142400,94528,0.013559201395067388
2022-10-31,144304,144781,140018,140971,99192,-0.010035112359550569
2022-11-01,141923,148591,140970,147639,152227,0.04730050861524715
2022-11-02,147162,152877,146686,152401,148367,0.032254350137836285
2022-11-03,147638,154306,147638,151449,135038,-0.006246678171403119
2022-11-04,150496,151448,147162,150020,142753,-0.009435519547834614
2022-11-07,150972,165736,150972,163355,297493,0.08888814824690039
2022-11-08,164307,167164,161449,163355,183067,0.0
2022-11-09,159544,168593,155258,166689,327987,0.020409537510330367
2022-11-10,164307,170498,163831,168117,233721,0.0085668520418265
2022-11-11,172403,176213,163831,166212,367433,-0.011331394207605427
2022-11-14,167164,182405,164307,178595,590161,0.07450123938103137
2022-11-15,178594,182881,175737,181453,260043,0.01600268764523083
2022-11-16,181928,182405,170974,172880,470865,-0.047246394383118506
2022-11-17,160973,166212,160021,162402,387238,-0.06060851457658489
2022-11-18,160973,163831,157163,159069,209058,-0.02052314626667162
2022-11-21,153829,166212,152877,165736,486404,0.041912629110637534
2022-11-22,164783,165259,159544,160021,106394,-0.034482550562340064
2022-11-23,161449,170022,160497,166689,151699,0.04166953087407288
2022-11-24,167641,171451,167164,169546,77357,0.017139703279760443
2022-11-25,168117,170022,166212,168117,68200,-0.008428391115095635
2022-11-28,166688,171451,164783,167165,144505,-0.005662722984588142
2022-11-29,168117,177166,167164,176214,183779,0.054132144886788414
2022-11-30,174784,176689,173832,174785,130946,-0.008109457818334498
2022-12-01,179071,179547,171451,173356,112927,-0.008175758789369825
2022-12-02,171927,175261,171451,171927,62220,-0.00824315281847754
2022-12-05,172879,180976,170974,179548,182263,0.04432695271830478
2022-12-06,178594,180976,175737,176214,102008,-0.018568850669458903
2022-12-07,177642,185738,177166,180500,239134,0.024322698537006193
2022-12-08,182405,186691,175261,186691,312804,0.03429916897506935
2022-12-09,184310,184310,176213,177166,214771,-0.051020134875275236
2022-12-12,177642,182405,177642,181453,126724,0.024197645146359914
2022-12-13,178594,184310,177166,180500,163874,-0.005252048739894044
2022-12-14,180500,180500,172500,175500,212783,-0.027700831024930705
2022-12-15,174500,175500,168000,169500,149131,-0.03418803418803418
2022-12-16,169500,169500,165000,166500,125266,-0.017699115044247815
2022-12-19,165500,168500,163500,168000,44139,0.009009009009008917
2022-12-20,166000,166500,162500,164500,87197,-0.02083333333333337
2022-12-21,168000,168000,164000,165500,57370,0.006079027355623046
2022-12-22,167000,174000,166500,173000,114372,0.0453172205438066
2022-12-23,170500,181000,170500,178000,153848,0.028901734104046284
2022-12-26,179000,185500,177500,184500,106341,0.03651685393258419
2022-12-27,186000,188500,183000,184500,93842,0.0
2022-12-28,180000,185500,180000,184500,91378,0.0
2022-12-29,182000,185000,178000,178500,79421,-0.03252032520325199
2023-01-02,179000,181500,174000,175500,73437,-0.01680672268907568
2023-01-03,176500,177000,170000,175000,161285,-0.002849002849002802
2023-01-04,173500,174000,165500,170000,169499,-0.02857142857142858
2023-01-05,170500,174500,168500,173500,142928,0.020588235294117574
2023-01-06,169500,178500,168500,178500,146478,0.028818443804034644
2023-01-09,181000,187000,178500,185500,245387,0.03921568627450989
2023-01-10,186500,191000,182500,185500,201442,0.0
2023-01-11,188000,189500,185000,186000,115387,0.0026954177897573484
2023-01-12,187000,187000,182500,184500,203162,-0.008064516129032251
2023-01-13,184500,185000,178000,179000,204744,-0.02981029810298108
2023-01-16,179000,185000,177500,182500,159438,0.019553072625698276
2023-01-17,184000,189500,183000,187000,138450,0.024657534246575352
2023-01-18,187500,188500,184000,187000,89413,0.0
2023-01-19,184500,186000,179000,185000,94534,-0.010695187165775444
2023-01-20,183000,188000,182500,187500,84689,0.013513513513513598
2023-01-25,187500,190000,183200,183800,92686,-0.01973333333333338
2023-01-26,184400,185400,180000,183200,119934,-0.0032644178454842576
2023-01-27,183600,183900,180900,182300,92992,-0.004912663755458513
2023-01-30,182400,183000,175200,176000,178711,-0.03455842018650579
2023-01-31,176500,180000,176000,176800,150947,0.00454545454545463
2023-02-01,177000,180900,177000,179700,81852,0.01640271493212664
2023-02-02,180000,182200,178500,178800,82781,-0.005008347245408995
2023-02-03,178900,179700,173500,175000,172820,-0.021252796420581643
2023-02-06,175000,178500,173000,175500,110839,0.0028571428571428914
2023-02-07,173600,176700,173100,175000,141550,-0.002849002849002802
2023-02-08,175200,176700,172500,173200,159571,-0.010285714285714231
2023-02-09,173900,174200,170900,174200,376099,0.005773672055427337
2023-02-10,172100,174300,170600,174200,141875,0.0
2023-02-13,172500,182200,172000,180700,271050,0.03731343283582089
2023-02-14,180800,180800,175800,175800,160402,-0.027116768123962354
2023-02-15,175800,177000,173200,173700,102424,-0.011945392491467532
2023-02-16,173900,175000,173400,174400,91661,0.004029936672423684
2023-02-17,173100,183700,172200,181000,261213,0.037844036697247674
2023-02-20,181000,181100,176400,177500,102964,-0.01933701657458564
2023-02-21,178100,191300,177000,190600,308572,0.07380281690140844
2023-02-22,188700,194300,187700,189700,230963,-0.004721930745015701
2023-02-23,189700,192500,184900,186900,184409,-0.014760147601476037
2023-02-24,186700,187400,182300,182900,93398,-0.021401819154628132
2023-02-27,182000,182500,178000,180400,104814,-0.013668671405139388
2023-02-28,180600,182200,178100,178200,132570,-0.012195121951219523
2023-03-02,180100,189100,180100,184000,176505,0.032547699214365844
2023-03-03,185500,189000,181700,187500,130940,0.01902173913043481
2023-03-06,189300,189400,183300,183400,127952,-0.0218666666666667
2023-03-07,183500,188300,183100,185700,101487,0.012540894220283594
2023-03-08,183300,184100,180000,180100,97076,-0.03015616585891223
2023-03-09,181600,183800,179700,179800,123216,-0.0016657412548584105
2023-03-10,178000,180000,176500,176900,100185,-0.016129032258064502
2023-03-13,176500,178800,174500,177700,89151,0.0045223289994347216
2023-03-14,176000,177900,172900,173200,109873,-0.025323579065841262
2023-03-15,175200,179900,173000,174800,82700,0.009237875288683695
2023-03-16,173200,176600,172000,176000,78139,0.006864988558352492
2023-03-17,177300,177900,172000,172100,142977,-0.02215909090909096
2023-03-20,172200,176200,171300,172600,56450,0.0029052876234747504
2023-03-21,173000,175300,172800,174800,50610,0.012746234067207318
2023-03-22,175600,177500,174500,176200,68706,0.008009153318077722
2023-03-23,176300,182000,174600,181500,137294,0.030079455164585767
2023-03-24,182400,182400,176200,177200,76240,-0.02369146005509637
2023-03-27,179000,179800,174900,176900,85413,-0.0016930022573363734
2023-03-28,179500,187000,179500,185900,252684,0.05087620124364056
2023-03-29,186000,188800,183500,183800,83726,-0.011296395911780555
2023-03-30,183900,192600,182400,188600,165122,0.02611534276387384
2023-03-31,188800,194300,187600,190800,210728,0.01166489925768821
2023-04-03,192000,193000,185500,186100,115856,-0.024633123689727476
2023-04-04,186300,188600,184500,185700,75074,-0.0021493820526599094
2023-04-05,185900,187500,183500,184300,66151,-0.007539041464728058
2023-04-06,182500,184400,181600,182500,69119,-0.009766684753119925
2023-04-07,182500,183700,180800,182900,71986,0.0021917808219178436
2023-04-10,181600,186300,181600,182900,80063,0.0
2023-04-11,184400,186200,180200,183800,106060,0.004920721705850228
2023-04-12,184200,186800,183000,183100,75881,-0.003808487486398282
2023-04-13,182700,182800,180000,181800,110146,-0.007099945385035444
2023-04-14,182000,185300,181500,185000,82467,0.017601760176017667
2023-04-17,184500,184500,180100,180400,117716,-0.024864864864864833
2023-04-18,178500,179600,177400,177800,116310,-0.014412416851441234
2023-04-19,179000,180300,176700,177200,91551,-0.003374578177727794
2023-04-20,177200,177800,175700,176200,89243,-0.0056433408577878375
2023-04-21,175700,176200,173500,174200,95840,-0.011350737797956922
2023-04-24,174000,174100,172000,173300,64949,-0.005166475315729002
2023-04-25,173800,173800,167000,169200,158591,-0.023658395845354896
2023-04-26,167700,170100,166100,168400,96046,-0.004728132387706863
2023-04-27,168500,169000,165100,167600,101131,-0.004750593824228044
2023-04-28,168300,170500,167200,168100,103336,0.002983293556085842
2023-05-02,168000,172000,168000,171800,66717,0.02201070791195714
2023-05-03,171800,171900,169500,170400,52390,-0.008149010477299212
2023-05-04,169500,172500,169200,170500,42016,0.0005868544600939885
2023-05-08,169200,171700,168700,169700,72423,-0.004692082111436902
2023-05-09,169300,170500,168600,169900,75142,0.0011785503830288313
2023-05-10,169300,172400,168100,169400,80751,-0.002942907592701549
2023-05-11,169400,178800,169000,175000,222871,0.03305785123966931
2023-05-12,176500,177200,171000,176900,172715,0.010857142857142899
2023-05-15,176900,178400,173200,174200,97712,-0.015262860373092102
2023-05-16,174000,177000,173100,173600,70720,-0.003444316877152742
2023-05-17,173000,179600,173000,177600,121786,0.02304147465437789
2023-05-18,177600,179900,177000,178700,56030,0.006193693693693714
2023-05-19,177500,179500,175000,176500,67009,-0.01231113598209288
2023-05-22,176500,179400,174500,175800,95900,-0.003966005665722361
2023-05-23,176600,178400,175500,175700,71931,-0.0005688282138793799
2023-05-24,175600,176200,172300,174200,120833,-0.008537279453614155
2023-05-25,172900,173900,169100,169500,164380,-0.026980482204362777
2023-05-26,169000,170400,168900,170400,53831,0.005309734513274433
2023-05-30,171500,171600,167500,167600,119872,-0.016431924882629123
2023-05-31,167600,169400,166900,166900,117797,-0.00417661097852029
2023-06-01,167100,168400,166200,166500,70812,-0.002396644697423622
2023-06-02,166700,168400,166400,168000,61926,0.009009009009008917
2023-06-05,170900,176200,170800,173400,176191,0.03214285714285725
2023-06-07,174100,176000,173400,175500,101000,0.01211072664359869
2023-06-08,174600,179300,174000,178100,154301,0.014814814814814836
2023-06-09,178200,179000,172900,172900,148339,-0.029197080291970767
2023-06-12,173800,175600,172000,172600,67295,-0.001735106998264846
2023-06-13,173700,174000,172200,172300,61152,-0.0017381228273464222
2023-06-14,174000,181400,173500,179100,242449,0.03946604759141037
2023-06-15,179100,179600,172700,174100,134950,-0.027917364600781647
2023-06-16,175600,178200,174400,174700,107952,0.003446295232624852
2023-06-19,175700,181400,175300,180500,142411,0.033199771036061865
2023-06-20,182400,189700,182400,185000,326481,0.024930747922437657
2023-06-21,185500,185700,178600,178900,120625,-0.03297297297297297
2023-06-22,179000,180600,176500,179100,108375,0.0011179429849077493
2023-06-23,176900,178700,170000,170400,240057,-0.048576214405360085
2023-06-26,170100,170300,165000,165200,223188,-0.030516431924882625
2023-06-27,165700,166200,162700,163200,115583,-0.01210653753026636
2023-06-28,164400,164400,154200,154600,268211,-0.052696078431372584
2023-06-29,154600,156400,151900,152100,126926,-0.016170763260025867
2023-06-30,152300,155100,151300,154600,107114,0.01643655489809337
2023-07-03,154100,160300,153600,158400,107659,0.024579560155239433
2023-07-04,158500,158900,154600,154800,86094,-0.022727272727272707
2023-07-05,154700,157200,154100,154400,103716,-0.0025839793281653423
2023-07-06,155000,155000,151200,152900,133150,-0.009715025906735786
2023-07-07,151600,154800,149900,151200,121436,-0.011118378024852826
2023-07-10,151200,152600,150100,151000,87194,-0.001322751322751281
2023-07-11,151500,152400,150200,150900,65176,-0.0006622516556291647
2023-07-12,151200,152400,150400,151400,64466,0.003313452617627499
2023-07-13,152400,154100,151400,151600,107175,0.0013210039630118242
2023-07-14,152100,153600,151700,153200,70260,0.01055408970976246
2023-07-17,152400,152900,150500,151300,94056,-0.012402088772845987
2023-07-18,151700,153400,148700,150300,123890,-0.006609385327164596
2023-07-19,150500,151000,145000,146200,198871,-0.02727877578176985
2023-07-20,145900,150400,145500,148900,99402,0.01846785225718195
2023-07-21,148800,148800,146600,147900,68726,-0.006715916722632609
2023-07-24,148500,148600,146000,147800,84979,-0.0006761325219742931
2023-07-25,147700,149200,146200,146900,85075,-0.006089309878213767
2023-07-26,146600,146600,142300,144300,174668,-0.017699115044247815
2023-07-27,143400,150200,143000,149100,136088,0.033264033264033266
2023-07-28,149200,149800,145400,148900,79456,-0.0013413816230717357
2023-07-31,149500,151900,148700,150600,114001,0.011417058428475402
2023-08-01,150500,159100,150200,159000,229028,0.055776892430278835
2023-08-02,157200,158900,155000,157900,95190,-0.00691823899371069
2023-08-03,157800,159700,155600,156500,103715,-0.008866371120962668
2023-08-04,158000,159400,155500,157200,85165,0.004472843450479269
2023-08-07,157200,158900,155200,156100,91109,-0.006997455470737934
2023-08-08,157500,159300,153100,153500,101681,-0.01665598975016014
2023-08-09,151500,151500,143000,143400,364962,-0.06579804560260583
2023-08-10,141700,142800,140900,142000,237326,-0.009762900976290068
2023-08-11,141200,143500,140500,140700,208434,-0.009154929577464777
2023-08-14,140600,140700,136500,136800,189217,-0.02771855010660984
2023-08-16,136500,136500,132800,132800,138322,-0.0292397660818714
2023-08-17,131400,133300,130200,132900,110620,0.0007530120481926694
2023-08-18,131600,131600,129600,130000,121901,-0.02182091798344621
2023-08-21,130000,135400,129900,132100,98794,0.016153846153846185
2023-08-22,132300,132800,129700,130100,67945,-0.01514004542013625
2023-08-23,129300,129700,126300,127800,148404,-0.017678708685626487
2023-08-24,127800,129300,127200,128300,74734,0.00391236306729259
2023-08-25,127000,130900,126300,129600,89232,0.010132501948558081
2023-08-28,131000,133800,129100,132800,85092,0.024691358024691468
2023-08-29,133100,134900,132300,134600,70911,0.013554216867469826
2023-08-30,135500,135800,133600,134000,60052,-0.004457652303120341
2023-08-31,133600,136600,133600,136600,284901,0.0194029850746269
2023-09-01,136500,137400,133400,133400,73308,-0.02342606149341142
2023-09-04,132100,142100,132000,141100,198459,0.057721139430284785
2023-09-05,139700,140300,138200,138800,76049,-0.016300496102055306
2023-09-06,137900,141000,137800,140300,95094,0.010806916426512991
2023-09-07,138800,139800,136600,137500,45315,-0.019957234497505305
2023-09-08,138900,140100,137500,139300,62341,0.013090909090909042
2023-09-11,139000,140000,137700,138200,44879,-0.007896625987078298
2023-09-12,139400,139400,137500,138000,37131,-0.0014471780028944004
2023-09-13,137600,142000,137600,140300,142989,0.016666666666666607
2023-09-14,142000,144900,138100,141500,129856,0.008553100498930766
2023-09-15,142300,148100,141600,147000,243814,0.03886925795053009
2023-09-18,147000,147100,144100,144200,72700,-0.01904761904761909
2023-09-19,144100,148300,143900,146700,116853,0.01733703190013869
2023-09-20,145100,146500,141900,142200,81400,-0.030674846625766916
2023-09-21,142300,145300,139800,139900,90091,-0.016174402250351605
2023-09-22,138200,139300,136700,137800,71396,-0.015010721944245908
2023-09-25,136700,140700,136700,138100,55413,0.002177068214804123
2023-09-26,137200,139100,136600,137800,84004,-0.0021723388848660097
2023-09-27,136400,138600,135900,137100,68818,-0.005079825834542806
2023-10-04,136000,136000,130700,131300,150133,-0.042304886943836606
2023-10-05,131200,132900,129400,129700,104111,-0.012185833968012205
2023-10-06,129000,131900,128900,130800,80784,0.008481110254433322
2023-10-10,133500,135700,130700,132100,103588,0.009938837920489219
2023-10-11,133400,133500,130200,132400,104467,0.002271006813020504
2023-10-12,133700,139700,132400,138200,130193,0.04380664652567967
2023-10-13,136100,137800,134400,136800,76642,-0.01013024602026047
2023-10-16,135500,140500,135500,139100,101289,0.016812865497076057
2023-10-17,139300,139300,137100,138000,79502,-0.00790797987059666
2023-10-18,136800,138100,135300,136100,46868,-0.01376811594202898
2023-10-19,133700,134500,131600,133700,77177,-0.01763409257898607
2023-10-20,132500,132900,130100,130200,59022,-0.02617801047120416
2023-10-23,130200,131400,127700,129100,68415,-0.008448540706605168
2023-10-24,130400,130900,126400,129900,58984,0.006196746707978207
2023-10-25,130400,141100,130100,139200,184373,0.07159353348729791
2023-10-26,138500,138500,134000,135100,86559,-0.029454022988505746
2023-10-27,136900,140000,135700,136600,88550,0.011102886750555152
2023-10-30,135500,148300,135300,146100,242570,0.0695461200585652
2023-10-31,147000,148300,144800,146400,157138,0.002053388090349051
2023-11-01,146600,146700,143600,145600,87157,-0.005464480874316946
2023-11-02,147400,148900,144000,148900,128150,0.022664835164835084
2023-11-03,149000,151900,148700,150400,103944,0.010073875083948858
2023-11-06,150600,156400,150600,156400,201474,0.039893617021276695
2023-11-07,155000,158500,151900,157000,109788,0.0038363171355497716
2023-11-08,156900,159000,155500,157400,63793,0.002547770700636942
2023-11-09,156600,158900,156600,157700,134211,0.001905972045743276
2023-11-10,158200,159000,143100,144100,295510,-0.08623969562460365
2023-11-13,146000,147400,141300,142700,151724,-0.009715475364330373
2023-11-14,144600,147500,143100,144600,126504,0.013314646110721862
2023-11-15,148100,155000,148000,153900,140288,0.06431535269709543
2023-11-16,153500,153900,149500,151600,80459,-0.014944769330734298
2023-11-17,151500,156800,151500,154900,118325,0.02176781002638517
2023-11-20,155000,158400,153800,156800,61961,0.01226597805035512
2023-11-21,157900,158000,154100,156300,67371,-0.0031887755102041337
2023-11-22,154800,157300,154600,155600,63557,-0.00447856685860526
2023-11-23,155000,156500,154000,154700,49815,-0.005784061696658127
2023-11-24,154800,156700,154000,154600,42616,-0.0006464124111182912
2023-11-27,154600,159000,154200,157800,86561,0.02069857697283317
2023-11-28,159300,159300,156900,158900,50757,0.006970849176172411
2023-11-29,158200,159000,154200,157000,55814,-0.011957205789804859
2023-11-30,157000,158200,154200,154200,97931,-0.017834394904458595
2023-12-01,154500,159200,152200,157500,90616,0.021400778210116655
2023-12-04,159100,163000,156100,156400,79191,-0.0069841269841269815
2023-12-05,155000,164900,155000,161500,134213,0.032608695652173836
2023-12-06,161500,164500,160300,160300,50545,-0.007430340557275539
2023-12-07,158800,165000,158700,162600,89826,0.014348097317529618
2023-12-08,163400,163500,159700,159800,53277,-0.017220172201722006
2023-12-11,159700,160700,158400,159200,37374,-0.003754693366708417
2023-12-12,160400,162000,159200,159200,44399,0.0
2023-12-13,161300,161300,157600,159500,56966,0.0018844221105527303
2023-12-14,161000,162000,159300,161800,104331,0.014420062695924774
2023-12-15,160500,161700,159900,160800,61882,-0.006180469715698411
2023-12-18,160100,161000,158400,159500,41000,-0.008084577114427893
2023-12-19,158100,160000,155500,156100,74172,-0.02131661442006272
2023-12-20,156800,160000,156700,158600,57035,0.01601537475976933
2023-12-21,158600,158600,154500,155500,46903,-0.01954602774274905
2023-12-22,156400,156500,153300,153900,49815,-0.01028938906752408
2023-12-26,155200,155400,151100,153800,69081,-0.0006497725795971965
2023-12-27,152600,153900,150100,152200,42788,-0.01040312093628093
2023-12-28,152200,153200,150700,153200,61031,0.006570302233902758
2024-01-02,153200,154000,144200,146200,148725,-0.04569190600522188
2024-01-03,145500,146900,142100,144400,94580,-0.012311901504788003
2024-01-04,143100,143800,139300,140100,145624,-0.029778393351800547
2024-01-05,140300,140800,138500,139200,83201,-0.0064239828693790635
2024-01-08,139900,141300,139000,139300,44619,0.0007183908045977905
2024-01-09,140600,141600,139200,139800,52801,0.003589375448671994
2024-01-10,141600,144400,136000,137700,122771,-0.015021459227467782
2024-01-11,139000,140500,137500,138200,146522,0.0036310820624545492
2024-01-12,137600,138200,133000,135100,133880,-0.02243125904486254
2024-01-15,134100,135000,131200,132000,92537,-0.022945965951147285
2024-01-16,130600,131900,128600,128600,103904,-0.025757575757575757
2024-01-17,128300,129800,123900,123900,131289,-0.036547433903576954
2024-01-18,123000,124600,122000,122300,125972,-0.012913640032284124
2024-01-19,124600,124600,118200,119100,156510,-0.026165167620605057
2024-01-22,119100,120300,116000,116600,99166,-0.02099076406381195
2024-01-23,117200,121500,116300,120200,102308,0.030874785591766818
2024-01-24,119800,131700,119200,128700,261828,0.07071547420965052
2024-01-25,128700,137000,128700,136900,347513,0.06371406371406363
2024-01-26,137200,138400,134600,136200,86165,-0.0051132213294375894
2024-01-29,136400,138000,133900,136100,116374,-0.0007342143906020615
2024-01-30,136900,137000,131400,131600,165922,-0.03306392358559884
2024-01-31,131100,132700,129000,130700,89752,-0.006838905775075954
2024-02-01,129400,140800,129300,140100,214326,0.0719204284621271
2024-02-02,138600,138700,131300,132500,321077,-0.05424696645253391
2024-02-05,132000,133200,130000,132000,100987,-0.0037735849056603765
2024-02-06,130700,133600,130600,132400,65735,0.003030303030302939
2024-02-07,134000,138500,132800,137400,134028,0.03776435045317217
2024-02-08,136800,136800,132800,134700,128897,-0.01965065502183405
2024-02-13,135700,136400,133100,134600,101956,-0.0007423904974016571
2024-02-14,132600,133300,131000,132200,66588,-0.017830609212481474
2024-02-15,133800,133800,131200,131300,49419,-0.006807866868381196
2024-02-16,132700,137700,131300,137300,139204,0.045696877380045686
2024-02-19,136900,139300,136500,138400,95273,0.008011653313911182
2024-02-20,138500,138500,134000,134900,75232,-0.0252890173410405
2024-02-21,135900,135900,131500,132200,96873,-0.020014825796886626
2024-02-22,133500,133600,130000,130300,110304,-0.01437216338880487
2024-02-23,130800,131500,129000,129200,93830,-0.008442056792018371
2024-02-26,129300,129500,125000,125900,134851,-0.025541795665634637
2024-02-27,125900,126800,124800,125500,74884,-0.003177124702144596
2024-02-28,125000,127200,125000,127100,63549,0.012749003984063645
2024-02-29,125900,126000,122100,122400,148942,-0.036978756884343045
2024-03-04,123400,128600,122600,127000,209205,0.03758169934640532
2024-03-05,126000,127300,125200,125500,67654,-0.011811023622047223
2024-03-06,125100,126000,122300,122900,88796,-0.02071713147410359
2024-03-07,122900,123800,119500,121900,132070,-0.008136696501220508
2024-03-08,122600,123400,120300,121500,79072,-0.003281378178835115
2024-03-11,121600,122100,119800,120000,83468,-0.012345679012345734
2024-03-12,120900,121500,119600,120300,96305,0.0024999999999999467
2024-03-13,121000,121400,119200,119400,98612,-0.007481296758104716
2024-03-14,120200,122700,119400,122000,133604,0.021775544388609624
2024-03-15,121000,122800,119300,121300,119110,-0.0057377049180328266
2024-03-18,122700,122800,120000,120200,59721,-0.00906842539159114
2024-03-19,120200,120700,117500,118500,151766,-0.014143094841930104
2024-03-20,118400,118700,116800,117000,158334,-0.012658227848101222
2024-03-21,118200,119300,117400,118800,175263,0.01538461538461533
2024-03-22,118600,122200,118400,121000,137340,0.0185185185185186
2024-03-25,121700,121700,119100,120200,98896,-0.006611570247933907
2024-03-26,120300,122800,120200,120500,97194,0.0024958402662229595
2024-03-27,120500,121100,120000,120100,64654,-0.003319502074688785
2024-03-28,120300,120600,119600,120000,86912,-0.0008326394671107629
2024-03-29,120000,122400,118200,119300,116232,-0.005833333333333357
2024-04-01,119700,125200,119300,124500,223109,0.043587594300083854
2024-04-02,123200,123900,121000,123300,129255,-0.009638554216867434
2024-04-03,123500,123500,120900,122100,121792,-0.009732360097323589
2024-04-04,122700,122800,120500,121400,82040,-0.005733005733005725
2024-04-05,120200,122300,119500,120700,87621,-0.005766062602965416
2024-04-08,120600,120600,114100,117500,208225,-0.026512013256006606
2024-04-09,118100,118500,115800,116300,94496,-0.010212765957446801
2024-04-11,114500,114500,112200,112200,137520,-0.03525365434221839
2024-04-12,112100,113900,110100,110300,117787,-0.016934046345811082
2024-04-15,109600,110800,107000,107800,118914,-0.022665457842248382
2024-04-16,106500,106800,102200,102700,208541,-0.04730983302411873
2024-04-17,102400,103300,99800,99900,173485,-0.027263875365141188
2024-04-18,99900,102700,99700,100200,120113,0.0030030030030030463
2024-04-19,99200,100300,96100,97300,216801,-0.02894211576846306
2024-04-22,96600,100500,96500,100300,162910,0.03083247687564228
2024-04-23,100000,100100,98000,98700,131540,-0.015952143569292088
2024-04-24,100100,103000,99900,100100,163307,0.014184397163120588
2024-04-25,99200,102300,98500,100400,111343,0.0029970029970030065
2024-04-26,100800,101400,99000,100000,79000,-0.003984063745019917
2024-04-29,100900,108800,100900,107700,329307,0.07699999999999996
2024-04-30,107200,109200,106500,107500,125175,-0.0018570102135562205
2024-05-02,106500,108500,104700,106700,108218,-0.007441860465116301
2024-05-03,107200,109300,106400,108400,91529,0.015932521087160367
2024-05-07,109900,110400,108100,108900,85955,0.004612546125461359
2024-05-08,109000,110800,108600,110500,98161,0.01469237832874204
2024-05-09,110900,111000,107300,107300,91752,-0.028959276018099556
2024-05-10,108800,112500,108400,108600,132052,0.012115563839701693
2024-05-13,108600,112300,107700,111700,97754,0.028545119705340793
2024-05-14,112300,118500,111300,117500,229495,0.05192479856759169
2024-05-16,118600,118700,113500,114100,138002,-0.028936170212765955
2024-05-17,113400,120300,112900,119200,242401,0.04469763365468893
2024-05-20,120400,125500,120400,121700,290477,0.02097315436241609
2024-05-21,121500,122700,116400,117400,146625,-0.03533278553820873
2024-05-22,117400,122500,117000,120500,118401,0.026405451448040962
2024-05-23,120000,121100,116800,117300,104082,-0.02655601659751039
2024-05-24,115500,116500,113000,115200,108859,-0.01790281329923271
2024-05-27,115200,119400,114600,116800,86768,0.01388888888888884
2024-05-28,116800,117500,115100,115400,75368,-0.011986301369863006
2024-05-29,113900,114200,104600,106900,358566,-0.07365684575389952
2024-05-30,108300,113600,108100,110800,171040,0.03648269410664162
2024-05-31,112000,115800,111700,113100,166623,0.020758122743682383
2024-06-03,113500,113500,109400,109900,120450,-0.028293545534924802
2024-06-04,108900,112500,107300,111100,93516,0.010919017288444133
2024-06-05,111300,115500,110200,114200,92257,0.027902790279027867
2024-06-07,113800,116000,111400,112000,57948,-0.019264448336252182
2024-06-10,110000,111900,109500,110300,39131,-0.015178571428571375
2024-06-11,110600,121200,110500,119800,252351,0.08612873980054392
2024-06-12,120400,122600,118900,120200,129512,0.0033388981636059967
2024-06-13,119100,119400,112600,112600,236397,-0.06322795341098175
2024-06-14,113100,114000,111300,114000,126977,0.01243339253996445
2024-06-17,112900,113500,110500,110600,91712,-0.029824561403508754
2024-06-18,110800,113000,109400,110000,71932,-0.005424954792043413
2024-06-19,111000,114100,109600,112300,87788,0.020909090909090988
2024-06-20,112500,121900,112500,120500,261577,0.07301869991095278
2024-06-21,119300,120800,115000,115000,112987,-0.0456431535269709
2024-06-24,115300,119600,113200,115000,98828,0.0
2024-06-25,116100,119500,115200,115700,90581,0.006086956521739184
2024-06-26,115300,117500,113700,116600,82610,0.007778738115816752
2024-06-27,115400,115400,111800,112000,116803,-0.03945111492281306
2024-06-28,111900,116000,111700,114700,67448,0.024107142857142883
2024-07-01,113600,114400,111500,112800,51866,-0.016564952048823023
2024-07-02,112000,112800,109100,109300,111095,-0.031028368794326244
2024-07-03,109300,110800,106600,107300,96677,-0.018298261665141813
2024-07-04,108000,110000,107000,110000,58690,0.025163094128611396
2024-07-05,111200,112500,108100,108200,137727,-0.016363636363636358
2024-07-08,107500,108700,106100,107400,118589,-0.007393715341959317
2024-07-09,108400,112400,107800,108600,105604,0.011173184357541999
2024-07-10,108300,109200,105600,106000,121922,-0.023941068139963217
2024-07-11,107100,107400,105000,107400,104566,0.013207547169811429
2024-07-12,107400,109800,106500,108300,69282,0.008379888268156499
2024-07-15,109100,110400,108200,108600,91999,0.0027700831024930483
2024-07-16,109500,109800,107400,107700,90095,-0.008287292817679592
2024-07-17,108600,108900,106100,107900,85939,0.0018570102135562205
2024-07-18,108200,108300,105700,106300,83192,-0.014828544949026856
2024-07-19,105400,106000,102100,104600,118195,-0.0159924741298213
2024-07-22,105700,105700,102200,102900,50331,-0.016252390057361343
2024-07-23,102000,104200,101500,101500,58105,-0.013605442176870763
2024-07-24,100200,102400,100200,100800,50537,-0.006896551724137945
2024-07-25,100700,101700,99500,100300,65978,-0.004960317460317443
2024-07-26,100000,102700,99300,101300,63156,0.009970089730807485
2024-07-29,102000,102300,99900,100500,57797,-0.007897334649555776
2024-07-30,99900,101400,99400,99600,81554,-0.008955223880596996
2024-07-31,100000,101800,99400,101400,59212,0.01807228915662651
2024-08-01,100800,103400,100600,102300,41283,0.008875739644970349
2024-08-02,101600,101800,99600,100600,56637,-0.016617790811339184
2024-08-05,99600,99700,88200,89100,250164,-0.11431411530815105
2024-08-06,90100,93700,90100,92000,144841,0.032547699214365844
2024-08-07,90000,93300,90000,92000,126635,0.0
2024-08-08,90100,90800,88500,89400,204000,-0.02826086956521734
2024-08-09,88900,89700,79400,79800,833219,-0.10738255033557043
2024-08-12,80000,82200,80000,81500,193901,0.02130325814536338
2024-08-13,80700,81600,79800,80300,130755,-0.014723926380368124
2024-08-14,81000,82800,81000,82800,127910,0.031133250311332406
2024-08-16,83700,84300,82300,82300,77298,-0.006038647342995196
2024-08-19,82000,83100,81800,82400,64536,0.0012150668286756705
2024-08-20,82700,82900,79600,81200,159008,-0.014563106796116498
2024-08-21,81200,82800,80600,81700,73575,0.006157635467980205
2024-08-22,82600,84900,82300,83600,131925,0.023255813953488413
2024-08-23,83400,83900,82500,82900,62344,-0.00837320574162681
2024-08-26,83600,85700,83500,85000,104463,0.02533172496984326
2024-08-27,85000,85500,84400,85400,58638,0.004705882352941115
2024-08-28,85500,85900,83200,84000,58562,-0.016393442622950838
2024-08-29,83500,83600,81700,83300,74483,-0.008333333333333304
2024-08-30,83800,83800,82400,82700,146625,-0.007202881152461038
2024-09-02,82800,83500,81900,82500,63066,-0.00241837968561065
2024-09-03,82900,87200,82500,84800,164390,0.027878787878787836
2024-09-04,81900,82300,80000,80200,161024,-0.054245283018867885
2024-09-05,80800,82700,80300,80500,64630,0.0037406483790523026
2024-09-06,81200,81300,79000,79000,102511,-0.018633540372670843
2024-09-09,78000,79200,76500,79000,89949,0.0
2024-09-10,79500,80100,76500,76900,217587,-0.02658227848101269
2024-09-11,77200,79000,76500,78900,85834,0.026007802340702213
2024-09-12,79200,81400,78900,80700,128759,0.02281368821292773
2024-09-13,80800,81900,78900,80600,88505,-0.0012391573729864103
2024-09-19,82000,83400,78200,79200,111702,-0.017369727047146455
2024-09-20,79900,80500,78900,80100,115036,0.011363636363636465
2024-09-23,80400,80400,78600,79100,99202,-0.012484394506866447
2024-09-24,79100,88200,79000,87600,290854,0.10745891276864739
2024-09-25,88800,91300,87400,88400,290471,0.009132420091324311
2024-09-26,88300,91400,87200,91400,136914,0.03393665158371051
2024-09-27,91900,102300,91600,101600,678301,0.11159737417943116
2024-09-30,101700,106100,99000,101500,342997,-0.0009842519685039353
2024-10-02,100900,103500,99000,99500,182547,-0.019704433497536922
2024-10-04,99800,100900,96000,97600,151552,-0.019095477386934623
2024-10-07,98100,104300,96300,102400,265571,0.049180327868852514
2024-10-08,102200,104300,97000,97500,232173,-0.0478515625
2024-10-10,98500,101100,95900,98800,170064,0.01333333333333342
2024-10-11,98800,99800,94400,94800,127902,-0.04048582995951422
2024-10-14,94700,98000,93400,96500,99922,0.01793248945147674
2024-10-15,95700,96100,90300,91600,252265,-0.050777202072538885
2024-10-16,91500,93600,89100,91800,153410,0.0021834061135370675
2024-10-17,91800,93400,88200,88800,120902,-0.0326797385620915
2024-10-18,90000,90300,88500,89700,90991,0.010135135135135087
2024-10-21,89500,94300,89000,92200,132748,0.027870680044593144
2024-10-22,90400,92800,90000,91400,108763,-0.008676789587852451
2024-10-23,91100,95100,89200,92800,111046,0.015317286652078765
2024-10-24,92800,93700,90700,91100,43449,-0.018318965517241326
2024-10-25,91700,91700,90100,91300,58946,0.002195389681668436
2024-10-28,91400,95300,91000,94900,87279,0.03943044906900339
2024-10-29,93800,95300,92100,92700,42795,-0.023182297154899945
2024-10-30,92800,95100,91500,92900,54553,0.0021574973031284195
2024-10-31,92900,95400,91100,95400,78450,0.026910656620021456
2024-11-01,94700,96100,93100,93100,56199,-0.024109014675052443
2024-11-04,93600,93600,91700,92200,33462,-0.009667024704618665
2024-11-05,91600,99400,91600,97700,116139,0.05965292841648595
2024-11-06,98000,100400,96100,98700,147529,0.010235414534288667
2024-11-07,97100,98500,93900,97300,83283,-0.014184397163120588
2024-11-08,94900,98300,87600,87900,254679,-0.09660842754367938
2024-11-11,87500,87600,78000,79100,375074,-0.10011376564277585
2024-11-12,78500,80600,76600,77400,132166,-0.02149178255372941
2024-11-13,76500,78000,74800,75500,116773,-0.02454780361757103
2024-11-14,75400,79900,73000,79900,136775,0.05827814569536427
2024-11-15,76100,76100,72200,73400,123844,-0.081351689612015
2024-11-18,73400,74300,64800,65900,642327,-0.10217983651226159
2024-11-19,67500,68200,66000,67200,272618,0.019726858877086473
2024-11-20,67100,67200,65100,65200,258250,-0.029761904761904767
2024-11-21,65200,68500,64800,66500,271979,0.019938650306748462
2024-11-22,66600,67200,66000,66400,169712,-0.0015037593984962294
2024-11-25,65800,68600,65800,67700,267483,0.01957831325301207
2024-11-26,67800,67900,66400,66700,133556,-0.01477104874446089
2024-11-27,67100,67900,66100,66300,131277,-0.005997001499250421
2024-11-28,68500,70400,67700,69400,361064,0.046757164404223284
2024-11-29,68700,68900,64000,64500,327464,-0.07060518731988474
2024-12-02,65200,65900,62200,62400,228063,-0.032558139534883734
2024-12-03,62900,64800,62900,64400,148652,0.03205128205128216
2024-12-04,63000,64400,62000,62900,141777,-0.02329192546583847
2024-12-05,62700,62900,60100,60200,144741,-0.042925278219395846
2024-12-06,60300,61200,58500,59700,153830,-0.00830564784053156
2024-12-09,59300,59300,56400,56400,137956,-0.055276381909547756
2024-12-10,57300,62700,57300,62300,257562,0.10460992907801425
2024-12-11,62100,63200,61800,62800,87574,0.008025682182985605
2024-12-12,63200,65000,60900,65000,212497,0.035031847133758065
2024-12-13,64300,65000,62600,62900,95881,-0.03230769230769226
2024-12-16,63600,66400,62800,65300,174759,0.038155802861685295
2024-12-17,64600,65400,63100,63100,94815,-0.03369065849923425
2024-12-18,63800,65000,63700,64400,68573,0.020602218700475516
2024-12-19,62700,66400,61700,65100,132020,0.010869565217391353
2024-12-20,64700,64700,60300,62600,157491,-0.03840245775729645
2024-12-23,62900,63500,61100,63300,85677,0.011182108626198062
2024-12-24,64000,64200,61500,61600,102024,-0.026856240126382325
2024-12-26,62100,63100,60500,61000,72602,-0.009740259740259716
2024-12-27,60400,61200,59800,60500,58623,-0.008196721311475419
2024-12-30,61000,61500,59800,59800,54678,-0.011570247933884281
2025-01-02,59400,59800,57300,57800,93434,-0.03344481605351168
2025-01-03,57600,61000,57600,59900,118460,0.03633217993079585
2025-01-06,60000,60500,59000,60100,73630,0.0033388981636059967
2025-01-07,60100,61500,59900,60300,71872,0.0033277870216306127
2025-01-08,59800,61200,59300,60100,128800,-0.0033167495854062867
2025-01-09,60100,60100,58400,60000,156730,-0.0016638935108153063
2025-01-10,59700,59700,58400,58600,97677,-0.023333333333333317
2025-01-13,58100,58600,56900,57100,112306,-0.025597269624573427
2025-01-14,57300,58600,57300,58000,71948,0.015761821366024442
2025-01-15,58200,59200,57900,58000,78418,0.0
2025-01-16,58400,59700,57400,57900,78125,-0.0017241379310344307
2025-01-17,57600,58500,57300,57500,54950,-0.006908462867012077
2025-01-20,57600,59300,57600,58300,110831,0.013913043478260834
2025-01-21,58800,61100,57800,58700,172528,0.006861063464836947
2025-01-22,59300,59400,57800,59100,82721,0.006814310051107331
2025-01-23,59500,59500,56700,56700,156890,-0.040609137055837574
2025-01-24,57000,57200,55900,56900,78736,0.003527336860670305
2025-01-31,57600,57600,56000,56800,95975,-0.0017574692442882123
2025-02-03,56000,56100,53800,54100,111103,-0.047535211267605626
2025-02-04,54200,55000,53400,53500,90419,-0.011090573012939031
2025-02-05,53700,56400,53600,54700,115163,0.02242990654205612
2025-02-06,55000,55600,54200,55600,49247,0.01645338208409508
2025-02-07,55600,56400,54500,54500,53446,-0.01978417266187049
2025-02-10,54000,54500,51800,53600,169790,-0.016513761467889854
2025-02-11,54100,55000,52900,54300,101480,0.013059701492537323
2025-02-12,54000,54900,53200,53400,130013,-0.016574585635359074
2025-02-13,53800,59900,53400,59200,588291,0.10861423220973787
2025-02-14,59300,61500,58700,59000,212718,-0.0033783783783783994
2025-02-17,60000,66500,59000,63400,539182,0.07457627118644061
2025-02-18,63700,66400,63200,65700,301625,0.0362776025236593
2025-02-19,66300,69600,64300,68900,309466,0.0487062404870624
2025-02-20,69100,73000,67500,70500,390497,0.023222060957909907
2025-02-21,70600,71800,69700,70500,118420,0.0
2025-02-24,72000,73000,65400,66400,320224,-0.0581560283687943
2025-02-25,65900,65900,63000,63600,324596,-0.04216867469879515
2025-02-26,63800,68300,63700,67500,305232,0.061320754716981174
2025-02-27,67200,68500,65200,66300,266478,-0.01777777777777778
2025-02-28,64900,65600,62400,62400,1866326,-0.05882352941176472
2025-03-04,62400,63900,60900,61000,207914,-0.022435897435897467
2025-03-05,62300,74200,62000,72000,1074795,0.180327868852459
2025-03-06,72900,74000,68800,72800,409711,0.011111111111111072
2025-03-07,71300,80000,71300,77900,817372,0.07005494505494503
2025-03-10,78300,78300,74600,76800,346777,-0.014120667522464658
2025-03-11,74700,76000,73500,74400,228543,-0.03125
2025-03-12,74700,76000,72800,74900,254294,0.006720430107526987
2025-03-13,75100,79100,73600,75400,492195,0.006675567423231055
2025-03-14,76000,78300,73300,74100,222175,-0.017241379310344862
2025-03-17,74500,75400,69400,69800,370090,-0.05802968960863697
2025-03-18,70000,71100,67900,68700,188480,-0.015759312320916874
2025-03-19,68700,72800,68700,71000,302495,0.033478893740902516
2025-03-20,71000,72600,69800,70200,149009,-0.011267605633802802
2025-03-21,70100,70200,67900,69300,155979,-0.012820512820512775
2025-03-24,69500,70200,67600,67900,59865,-0.02020202020202022
2025-03-25,67900,68300,65700,66300,121017,-0.02356406480117823
2025-03-26,67000,68600,66700,68100,87978,0.02714932126696823
2025-03-27,68100,72350,67700,71800,209410,0.05433186490455211
2025-03-28,70500,70900,67500,67800,156751,-0.055710306406685284
2025-03-31,67000,67000,64000,65400,205738,-0.03539823008849563
2025-04-01,66100,66500,63200,65600,173505,0.003058103975535076
2025-04-02,65300,65900,62800,63000,221086,-0.03963414634146345
2025-04-03,61100,61800,59300,59800,304671,-0.050793650793650835
2025-04-04,58700,61200,57900,60900,231381,0.018394648829431537
2025-04-07,57000,58800,56500,57100,125602,-0.06239737274220036
2025-04-08,57900,58300,55900,56200,141053,-0.015761821366024553
2025-04-09,55500,57200,53800,54400,123869,-0.03202846975088969
2025-04-10,57200,58000,56300,57800,215326,0.0625
2025-04-11,56800,58800,55600,58800,147861,0.01730103806228378
2025-04-14,59100,60700,57900,58600,114489,-0.003401360544217691
2025-04-15,59200,60100,58600,59100,99497,0.008532423208191142
2025-04-16,60700,61900,59700,60200,147272,0.01861252115059231
2025-04-17,60000,60600,58800,59300,87731,-0.014950166112956853
2025-04-18,59700,60700,59400,60400,44980,0.018549747048903775
2025-04-21,60800,61300,59600,61000,52531,0.009933774834437026
2025-04-22,60300,62700,60300,61300,80871,0.004918032786885185
2025-04-23,62100,63800,61700,62900,91793,0.02610114192495927
2025-04-24,62900,63600,62000,62800,73911,-0.0015898251192368873
2025-04-25,63300,64800,62900,63700,92889,0.014331210191082855
2025-04-28,63600,64300,61600,61900,90934,-0.028257456828885363
2025-04-29,62300,62800,61600,62000,84699,0.001615508885298933
2025-04-30,61600,62100,59900,60300,104565,-0.02741935483870972
2025-05-02,60100,60600,59400,60100,49053,-0.0033167495854062867
2025-05-07,61100,66000,60600,66000,237601,0.09816971713810307
2025-05-08,65200,66500,64800,65400,117639,-0.009090909090909038
2025-05-09,65400,66700,61100,61800,128493,-0.05504587155963303
2025-05-12,63300,65100,62000,65100,98019,0.05339805825242716
2025-05-13,64500,65600,63000,63300,68007,-0.027649769585253448
2025-05-14,64300,65500,58900,59200,369453,-0.06477093206951023
2025-05-15,59300,59300,58400,58700,103193,-0.008445945945945943
2025-05-16,59200,59200,57600,58300,79627,-0.006814310051107331
2025-05-19,58400,59300,57000,57700,110679,-0.010291595197255532
2025-05-20,57900,58000,55400,56600,171695,-0.01906412478336217
2025-05-21,56700,57300,56400,56700,58723,0.0017667844522968323
2025-05-22,56500,57800,55800,57000,87477,0.005291005291005346
2025-05-23,56800,57200,56000,56400,63058,-0.010526315789473717
2025-05-26,56300,58300,56300,57900,87284,0.02659574468085113
2025-05-27,57400,58600,56900,57900,80327,0.0
2025-05-28,58000,59800,57500,59500,135136,0.02763385146804831
2025-05-29,59900,60600,59200,59700,142692,0.003361344537815114
2025-05-30,59600,60000,58900,59700,143185,0.0
2025-06-02,59200,59500,58300,59200,83953,-0.008375209380234505
2025-06-04,59800,61300,59000,60200,126829,0.016891891891891886
2025-06-05,60500,61600,60000,61100,114336,0.014950166112956742
2025-06-09,61300,62100,60700,61600,121484,0.008183306055646433
2025-06-10,61800,68800,61600,66900,454920,0.08603896103896114
2025-06-11,66900,67500,65400,66500,117143,-0.005979073243647215
2025-06-12,69000,69600,63900,66700,357514,0.003007518796992459
2025-06-13,66100,66550,64000,64500,233384,-0.032983508245877036
2025-06-16,64300,65300,63100,64900,94211,0.006201550387596955
2025-06-17,64300,65100,61300,61700,148288,-0.04930662557781207
2025-06-18,61400,63000,61000,61900,92905,0.0032414910858995505
2025-06-19,62300,63700,61500,62400,115335,0.008077544426494443
2025-06-20,63000,63100,61500,62200,172345,-0.0032051282051281937
2025-06-23,61400,61400,59800,60800,105660,-0.022508038585209
2025-06-24,63000,66000,62300,65000,281871,0.06907894736842102
2025-06-25,64400,64900,62800,62900,192687,-0.03230769230769226
2025-06-26,63400,63400,61500,62600,116593,-0.004769475357710662
2025-06-27,63300,63300,58100,58600,393149,-0.06389776357827481
2025-06-30,59200,60500,58600,58800,139475,0.0034129692832765013
2025-07-01,59400,63100,59100,61400,258715,0.04421768707482987
2025-07-02,61300,65200,59800,65100,334405,0.06026058631921827
2025-07-03,64500,68800,64100,68200,348628,0.04761904761904767
2025-07-04,67600,69400,65800,67900,179137,-0.004398826979472137
2025-07-07,67300,67400,65100,66200,100096,-0.025036818851251863
2025-07-08,66000,68600,65800,66500,145998,0.004531722054380571
2025-07-09,66300,67600,65900,66500,117186,0.0
2025-07-10,66400,67300,66300,66600,193874,0.0015037593984963404
2025-07-11,67300,71500,67300,70000,253882,0.05105105105105112
2025-07-14,69200,69300,67700,68300,119010,-0.024285714285714244
2025-07-15,68000,68200,66300,67100,125018,-0.017569546120058566
2025-07-16,67400,67500,64800,65000,116226,-0.03129657228017879
2025-07-17,65600,66100,63700,65400,97456,0.006153846153846176
2025-07-18,65700,67200,65600,66000,104075,0.00917431192660545
2025-07-21,66400,70000,65900,68900,212537,0.043939393939393945
2025-07-22,69300,69900,68000,68800,96292,-0.0014513788098693414
2025-07-23,69600,71900,66000,66900,235508,-0.02761627906976749
2025-07-24,67500,69400,66700,67900,133361,0.014947683109117982
2025-07-25,67500,68200,66000,66300,111202,-0.02356406480117823
2025-07-28,66700,67200,65700,66400,81670,0.0015082956259426794
2025-07-29,65800,65800,64000,65400,112954,-0.015060240963855387
2025-07-30,65000,70000,64500,68000,203112,0.039755351681957096
2025-07-31,68200,69000,66000,66500,76006,-0.022058823529411797
2025-08-01,65500,65700,63700,64000,144288,-0.03759398496240607
2025-08-04,64000,64900,63000,64200,68626,0.0031250000000000444
2025-08-05,64500,66000,63800,64000,92329,-0.0031152647975077885
2025-08-06,64000,65700,64000,64400,67798,0.006250000000000089
2025-08-07,64400,64600,62300,62500,178712,-0.029503105590062084
2025-08-08,62800,62900,60900,62200,162009,-0.0048000000000000265
2025-08-11,62600,62700,60800,61300,191613,-0.014469453376205754
2025-08-12,61500,61700,59700,59900,241228,-0.022838499184339334
2025-08-13,60300,61200,59600,60700,100360,0.013355592654423987
2025-08-14,61300,61600,60800,60900,104715,0.0032948929159801743
2025-08-18,61000,61500,60600,61000,66365,0.0016420361247948545
2025-08-19,61400,61900,59900,61800,151914,0.013114754098360715
2025-08-20,61700,64200,60900,62200,278716,0.006472491909385036
2025-08-21,62300,71200,62200,66600,989630,0.07073954983922826
2025-08-22,66000,66800,62500,62700,245791,-0.058558558558558516
2025-08-25,63100,65800,62300,65300,229666,0.04146730462519943
2025-08-26,65000,70100,65000,68200,405137,0.04441041347626351
2025-08-27,68200,68300,65800,65900,103173,-0.03372434017595305
2025-08-28,66500,67500,63900,64100,142712,-0.0273141122913505
2025-08-29,64700,65000,62900,63500,77021,-0.009360374414976613
2025-09-01,63500,63500,61600,61800,95669,-0.026771653543307128
2025-09-02,62400,62400,61100,61800,73976,0.0
2025-09-03,61600,62800,61500,62100,65656,0.004854368932038833
2025-09-04,62300,63600,62300,63200,55643,0.017713365539452575
2025-09-05,63600,64500,63100,63600,58361,0.006329113924050667
2025-09-08,63500,64000,62600,63200,54955,-0.0062893081761006275
2025-09-09,63500,67000,63300,66100,227822,0.04588607594936711
2025-09-10,65800,67000,65000,66400,109395,0.004538577912254205
2025-09-11,67200,67200,64800,65900,136294,-0.0075301204819276935
2025-09-12,66600,67600,66100,66700,102627,0.012139605462822445
2025-09-15,66700,67500,66100,66500,111993,-0.0029985007496251548
2025-09-16,66800,67900,64500,65400,129486,-0.016541353383458635
2025-09-17,65900,66000,64800,65600,60708,0.003058103975535076
2025-09-18,65700,70000,65700,67900,237896,0.035060975609756184
2025-09-19,67300,67500,65400,66100,136147,-0.026509572901325495
2025-09-22,66700,66900,65100,65600,103955,-0.0075642965204235635
2025-09-23,65300,65600,63900,64400,161169,-0.018292682926829285
2025-09-24,64800,64800,63200,63700,79352,-0.010869565217391353
2025-09-25,63800,64800,63400,64500,91919,0.012558869701726927
2025-09-26,64100,68900,64100,67000,392330,0.03875968992248069
2025-09-29,67700,69500,66000,69100,210704,0.03134328358208949
2025-09-30,68600,68900,67500,67700,91393,-0.02026049204052094
2025-10-01,68000,71800,67200,67900,193953,0.002954209748892156
2025-10-02,68000,68400,67000,67200,103348,-0.010309278350515427
2025-10-10,66600,66700,64700,65400,125582,-0.0267857142857143
2025-10-13,64800,66200,63500,66100,80058,0.010703363914372988
2025-10-14,65300,68100,64900,67500,157703,0.021180030257186067
2025-10-15,67300,69300,66800,68600,128384,0.016296296296296253
2025-10-16,68900,72000,68600,72000,357157,0.04956268221574334
2025-10-17,71500,74800,71300,73100,231632,0.015277777777777724
2025-10-20,72000,72800,70500,71700,144943,-0.019151846785225746
2025-10-21,72300,73300,70800,71300,130040,-0.00557880055788007
2025-10-22,71700,75900,71400,75900,287119,0.06451612903225801
2025-10-23,77600,77900,74500,74600,202963,-0.017127799736495364
2025-10-24,75400,77300,74000,76400,179941,0.024128686327077764
2025-10-27,77500,77500,73900,74000,244334,-0.03141361256544506
2025-10-28,74500,74700,72800,73700,141624,-0.004054054054054013
2025-10-29,74100,74100,72000,73400,122298,-0.004070556309362261
2025-10-30,73000,73400,71200,71400,96771,-0.027247956403269713
2025-10-31,71300,71400,69800,70700,118819,-0.009803921568627416
2025-11-03,71100,72300,70400,71500,172043,0.011315417256011262
2025-11-04,71500,74300,71000,73500,218430,0.027972027972027913
2025-11-05,72200,72400,68200,69900,151339,-0.048979591836734726
2025-11-06,70900,72000,69100,71200,110071,0.01859799713876975
2025-11-07,70500,70500,67900,68800,127619,-0.0337078651685393
2025-11-10,69700,74400,69100,73700,170222,0.07122093023255816
2025-11-11,72400,75500,72400,73800,151848,0.0013568521031208647
2025-11-12,73900,86000,73800,84800,913548,0.14905149051490518
2025-11-13,83400,88800,82900,87000,550266,0.02594339622641506
2025-11-14,85000,89200,84600,85200,246409,-0.020689655172413834
2025-11-17,86400,86600,83200,84500,134254,-0.008215962441314506
2025-11-18,84700,85500,80200,80600,174061,-0.0461538461538461
2025-11-19,82000,82000,78600,79700,116542,-0.011166253101737023
2025-11-20,81300,82300,80000,80000,62826,0.0037641154328733606
2025-11-21,79400,79600,77300,78000,60861,-0.025000000000000022
2025-11-24,78800,79800,74500,74500,143258,-0.04487179487179482
2025-11-25,75900,76200,73300,74500,74229,0.0
2025-11-26,77400,83600,71000,75600,560927,0.014765100671140896
2025-11-27,77900,79300,75300,75700,190360,0.001322751322751392
2025-11-28,75900,76200,71600,72200,264626,-0.04623513870541607
