Date,Open,High,Low,Close,Volume,Change
2022-01-03,8128,8388,8102,8335,883412,0.04031452820768844
2022-01-04,8344,8397,8236,8380,292015,0.005398920215956782
2022-01-05,8289,8405,8207,8218,288259,-0.0193317422434367
2022-01-06,8083,8289,8074,8182,264224,-0.0043806278899976014
2022-01-07,8262,8344,8119,8344,217796,0.01979956000977756
2022-01-10,8316,8370,8155,8335,243037,-0.0010786193672099875
2022-01-11,8343,8351,8200,8308,187616,-0.003239352129574047
2022-01-12,8334,8388,8235,8263,119111,-0.005416466056812674
2022-01-13,8307,8441,8227,8389,389065,0.015248699019726475
2022-01-14,8378,8665,8343,8442,536003,0.006317797115269919
2022-01-17,8440,8477,8235,8272,168846,-0.02013740819710974
2022-01-18,8243,8333,8028,8065,222096,-0.025024177949709903
2022-01-19,8020,8118,7939,8012,184091,-0.006571605703657779
2022-01-20,8065,8146,8011,8102,107935,0.011233150274588155
2022-01-21,8109,8145,8028,8110,144043,0.0009874105159219937
2022-01-24,8065,8173,7958,7994,212424,-0.014303329223181227
2022-01-25,8019,8073,7795,7886,260677,-0.013510132599449554
2022-01-26,7894,8028,7867,7976,136309,0.011412629977174849
2022-01-27,7974,8019,7616,7698,275278,-0.034854563691073204
2022-01-28,7751,8038,7724,7940,213881,0.031436736814757005
2022-02-03,7965,8190,7903,7931,240714,-0.0011335012594458904
2022-02-04,7940,8128,7895,8093,190881,0.020426175765981602
2022-02-07,8109,8244,8028,8110,288387,0.0021005807487952666
2022-02-08,8136,8234,8019,8065,233110,-0.0055487053020961685
2022-02-09,8128,8209,8074,8138,136412,0.009051456912585243
2022-02-10,8190,8199,7965,7985,213205,-0.018800688129761656
2022-02-11,7994,8029,7859,7860,153207,-0.015654351909830888
2022-02-14,7750,7831,7643,7698,187842,-0.02061068702290081
2022-02-15,7743,7877,7672,7717,140239,0.002468173551571917
2022-02-16,7886,8003,7787,7994,142351,0.03589477776337957
2022-02-17,7994,8093,7877,7959,178414,-0.004378283712784592
2022-02-18,7958,8047,7904,8003,100776,0.005528332705113659
2022-02-21,7930,7984,7867,7976,116577,-0.0033737348494314867
2022-02-22,7913,7922,7850,7860,89774,-0.014543630892678072
2022-02-23,7868,7966,7832,7914,137718,0.006870229007633677
2022-02-24,7850,7913,7751,7761,202870,-0.019332827899924188
2022-02-25,7868,8236,7841,8227,858065,0.060043808787527464
2022-02-28,8029,8047,7876,8003,348107,-0.02722742190348848
2022-03-02,7965,8091,7957,8065,135976,0.007747094839435142
2022-03-03,8073,8190,8064,8173,177626,0.013391196528208305
2022-03-04,8154,8270,8064,8155,235367,-0.002202373669399238
2022-03-07,8101,8110,7966,7994,193084,-0.019742489270386243
2022-03-08,7930,8002,7895,7949,174676,-0.0056292219164373325
2022-03-10,8047,8334,8038,8209,412970,0.03270851679456532
2022-03-11,8191,8630,8182,8568,935860,0.04373248873187974
2022-03-14,8585,8728,8478,8568,435587,0.0
2022-03-15,8567,8818,8477,8783,1225119,0.025093370681605887
2022-03-16,9051,9096,8558,8917,1568088,0.015256745986564901
2022-03-17,8916,9141,8809,9052,1151442,0.015139620948749544
2022-03-18,9007,9007,8666,8864,756879,-0.020768890852850164
2022-03-21,9814,9859,8890,8963,6872382,0.011168772563176832
2022-03-22,8845,8845,8612,8622,1201116,-0.03804529733348205
2022-03-23,8657,8711,8568,8667,715434,0.005219206680584509
2022-03-24,8657,8720,8523,8577,431175,-0.010384215991692591
2022-03-25,8656,8835,8602,8684,721578,0.012475224437449084
2022-03-28,8736,8781,8611,8684,507384,0.0
2022-03-29,8898,8907,8628,8648,678347,-0.004145555043758686
2022-03-30,8638,8782,8638,8702,452544,0.006244218316373784
2022-03-31,8666,9007,8666,9007,1007450,0.035049413927832784
2022-04-01,8890,9275,8872,9231,936019,0.024869545908737578
2022-04-04,9276,9455,9141,9276,752638,0.004874878128046767
2022-04-05,9319,9632,9140,9544,888422,0.02889176369124624
2022-04-06,9543,9633,9230,9321,776387,-0.023365465213746828
2022-04-07,9364,9499,9185,9321,550295,0.0
2022-04-08,9319,9364,9050,9365,410572,0.004720523548975342
2022-04-11,9410,9454,9186,9231,413360,-0.01430859583555788
2022-04-12,9186,9365,9052,9276,346310,0.004874878128046767
2022-04-13,9276,9320,9141,9276,246179,0.0
2022-04-14,9275,9320,9141,9231,229949,-0.004851228978007716
2022-04-15,9141,9320,9096,9321,275959,0.009749756256093534
2022-04-18,9364,9454,9230,9321,322289,0.0
2022-04-19,9319,9408,9140,9365,301991,0.004720523548975342
2022-04-20,9365,9410,9231,9276,238799,-0.009503470368392941
2022-04-21,9274,9453,9274,9365,239039,0.009594652867615405
2022-04-22,9320,9365,9231,9231,228668,-0.01430859583555788
2022-04-25,9096,9365,9051,9186,368590,-0.004874878128046767
2022-04-26,9320,10038,9231,10038,2505460,0.09274983670803394
2022-04-27,9769,10216,9678,9814,971993,-0.02231520223152017
2022-04-28,9903,10037,9633,9724,536660,-0.00917057265131449
2022-04-29,9813,9857,9498,9634,455635,-0.009255450431920997
2022-05-02,9499,9678,9409,9679,294066,0.004670957027195444
2022-05-03,9677,9723,9454,9455,334718,-0.023142886661845274
2022-05-04,9453,9543,9319,9365,247581,-0.009518773135906877
2022-05-06,9275,9454,9141,9231,232895,-0.01430859583555788
2022-05-09,9230,9230,8934,9007,453080,-0.02426606001516629
2022-05-10,8899,9096,8755,9007,494558,0.0
2022-05-11,9141,9275,8962,9052,280576,0.004996114133451801
2022-05-12,8962,9007,8755,8765,386899,-0.03170570039770215
2022-05-13,8790,9006,8790,8827,231522,0.007073588134626441
2022-05-16,8944,8962,8514,8568,495794,-0.029341792228390173
2022-05-17,8558,8702,8361,8523,411583,-0.005252100840336116
2022-05-18,8548,8647,8316,8317,280053,-0.02416989323008334
2022-05-19,8162,8252,8037,8119,368117,-0.023806661055669087
2022-05-20,8155,8389,8155,8371,238821,0.03103830521000117
2022-05-23,8370,8389,8218,8326,166578,-0.00537570182773861
2022-05-24,8360,8360,8118,8129,245399,-0.023660821522940134
2022-05-25,8145,8315,8091,8164,176270,0.0043055726411613815
2022-05-26,8173,8361,8173,8201,189148,0.004532092111710018
2022-05-27,8253,8451,8236,8335,178124,0.016339470796244315
2022-05-30,8405,8531,8379,8424,167563,0.010677864427114603
2022-05-31,8504,8504,8388,8505,127740,0.009615384615384581
2022-06-02,8513,8513,8379,8487,94783,-0.002116402116402072
2022-06-03,8486,8639,8370,8434,208309,-0.0062448450571461755
2022-06-07,8415,8424,8147,8201,324237,-0.027626274602798206
2022-06-08,8234,8467,8234,8361,210343,0.01950981587611267
2022-06-09,8261,8350,8225,8298,161964,-0.00753498385360607
2022-06-10,8208,8307,8154,8245,101890,-0.0063870812243914665
2022-06-13,8065,8137,7627,7797,464892,-0.05433596118859918
2022-06-14,7679,7841,7572,7770,329444,-0.003462870334744128
2022-06-15,7822,7849,7652,7680,185699,-0.01158301158301156
2022-06-16,7832,7966,7617,7653,232230,-0.003515625000000022
2022-06-17,7436,7589,7392,7447,266757,-0.026917548673722758
2022-06-20,7473,7545,7070,7178,423068,-0.03612192829327243
2022-06-21,7186,7302,7142,7259,171795,0.011284480356645199
2022-06-22,7303,7331,6892,6892,256565,-0.05055792808926851
2022-06-23,6890,7087,6603,6676,296708,-0.031340684852002365
2022-06-24,6603,6944,6603,6927,202500,0.037597363690832886
2022-06-27,7015,7167,6916,7115,170061,0.02714017612241948
2022-06-28,7033,7168,6953,6981,123432,-0.01883345045678142
2022-06-29,6944,6954,6693,6829,177227,-0.021773384901876525
2022-06-30,6865,6972,6605,6605,385070,-0.032801288622053004
2022-07-01,6676,6748,6471,6471,212685,-0.020287660862982615
2022-07-04,6541,6667,6299,6363,206886,-0.016689847009735748
2022-07-05,6478,6684,6478,6676,162898,0.04919063334904927
2022-07-06,6674,6720,6415,6452,191443,-0.03355302576393049
2022-07-07,6541,6640,6497,6614,83406,0.025108493490390682
2022-07-08,6657,6693,6550,6551,118370,-0.009525249470819452
2022-07-11,6569,6605,6426,6426,121233,-0.0190810563272783
2022-07-12,6379,6460,6182,6219,229839,-0.03221288515406162
2022-07-13,6218,6416,6200,6408,117696,0.03039073806078152
2022-07-14,6307,6441,6227,6398,96816,-0.0015605493133582504
2022-07-15,6426,6435,6193,6238,152036,-0.025007814942169415
2022-07-18,6397,6594,6352,6551,200217,0.050176338570054435
2022-07-19,6605,6766,6461,6713,219274,0.024729049000152603
2022-07-20,6721,6793,6560,6605,302121,-0.016088187099657425
2022-07-21,6684,6783,6541,6775,160697,0.025738077214231714
2022-07-22,6774,6774,6560,6560,140593,-0.031734317343173446
2022-07-25,6567,6765,6540,6694,116974,0.020426829268292757
2022-07-26,6640,7634,6640,7044,3029927,0.05228562892142219
2022-07-27,7114,7339,7088,7125,746368,0.011499148211243648
2022-07-28,7275,7311,7168,7169,320318,0.006175438596491167
2022-07-29,7249,7312,7133,7152,225580,-0.002371320965267154
2022-08-01,7242,7322,7169,7242,263132,0.012583892617449743
2022-08-02,7223,7340,7196,7340,359942,0.01353217343275337
2022-08-03,7375,7375,7294,7331,167433,-0.0012261580381471848
2022-08-04,7338,7401,7293,7402,174726,0.009684899740826536
2022-08-05,7411,7599,7392,7528,294374,0.017022426371251065
2022-08-08,7554,7742,7456,7510,384641,-0.0023910733262486605
2022-08-09,7509,7608,7285,7528,298282,0.00239680426098543
2022-08-10,7491,7617,7491,7573,170936,0.005977683315621762
2022-08-11,7661,7732,7553,7581,232221,0.0010563845239666136
2022-08-12,7562,7652,7527,7644,204181,0.008310249307479145
2022-08-16,7678,7706,7391,7402,382095,-0.031658817373103054
2022-08-17,7518,7518,7231,7259,269334,-0.019319102945149935
2022-08-18,7248,7257,7151,7205,178778,-0.007439041190246631
2022-08-19,7258,7303,7178,7178,93060,-0.00374739764052745
2022-08-22,7142,7169,7016,7035,156735,-0.019921983839509605
2022-08-23,7025,7115,6945,6990,128560,-0.006396588486140775
2022-08-24,7053,7267,7008,7223,182314,0.03333333333333344
2022-08-25,7312,7340,7223,7331,123549,0.014952235913055612
2022-08-26,7339,7356,7150,7160,152936,-0.023325603601145772
2022-08-29,6946,7053,6910,6946,296445,-0.029888268156424536
2022-08-30,7043,7241,7025,7223,231945,0.03987906708897215
2022-08-31,7168,7276,7124,7178,151602,-0.006230098297106412
2022-09-01,7177,7177,6917,6918,211260,-0.03622178879910842
2022-09-02,6936,7035,6873,6901,115186,-0.002457357617808631
2022-09-05,6954,7043,6855,6883,105568,-0.002608317635125368
2022-09-06,6909,7008,6855,6883,118605,0.0
2022-09-07,6837,6837,6604,6614,187407,-0.039081795728606705
2022-09-08,6666,6827,6666,6730,147061,0.017538554581191468
2022-09-13,6944,7007,6827,6963,122693,0.03462109955423487
2022-09-14,6685,6802,6685,6722,137529,-0.034611518023840326
2022-09-15,6746,6773,6630,6631,105989,-0.013537637607854758
2022-09-16,6603,6603,6441,6452,212363,-0.026994420147790632
2022-09-19,6451,6558,6370,6443,105656,-0.001394916305021754
2022-09-20,6524,6595,6470,6569,62419,0.019556107403383427
2022-09-21,6585,7016,6577,6838,423515,0.040949916273405496
2022-09-22,6792,7079,6630,6775,290767,-0.009213220239836173
2022-09-23,6855,6936,6550,6560,147669,-0.031734317343173446
2022-09-26,6559,6881,6209,6246,330119,-0.04786585365853657
2022-09-27,6245,6406,6183,6363,168071,0.018731988472622474
2022-09-28,6361,6361,6101,6264,188294,-0.01555869872701554
2022-09-29,6343,6433,6155,6156,155959,-0.017241379310344862
2022-09-30,6057,6264,6004,6139,204414,-0.0027615334632878907
2022-10-04,6191,6406,6191,6344,139478,0.03339306075908133
2022-10-05,6577,6577,6209,6246,155669,-0.015447667087011396
2022-10-06,6327,6344,6200,6327,93791,0.012968299711815456
2022-10-07,6238,6856,6193,6767,455041,0.06954322743796437
2022-10-11,6694,6721,6273,6273,280840,-0.07300132998374464
2022-10-12,6299,6371,6245,6336,125574,0.010043041606886627
2022-10-13,6291,6291,6057,6094,184189,-0.03819444444444442
2022-10-14,6183,6291,6183,6282,132897,0.030850016409583292
2022-10-17,6193,6219,6139,6184,111677,-0.015600127347978332
2022-10-18,6290,6335,6155,6246,146338,0.010025873221215953
2022-10-19,6273,6299,6094,6094,165577,-0.02433557476785142
2022-10-20,6067,6130,5923,5951,223540,-0.023465703971119134
2022-10-21,5941,6013,5878,5897,94380,-0.009074105192404591
2022-10-24,6021,6147,6012,6058,173293,0.027302017975241677
2022-10-25,6003,6074,5949,5968,85954,-0.01485638824694624
2022-10-26,5976,6004,5824,5861,127597,-0.017928954423592547
2022-10-27,6004,6094,5869,6094,154388,0.03975430813854297
2022-10-28,6084,6174,6040,6040,116061,-0.0088611749261569
2022-10-31,6074,6074,5985,6022,59590,-0.00298013245033113
2022-11-01,6022,6139,5977,6130,123521,0.017934241115908245
2022-11-02,6093,6147,6065,6076,49801,-0.008809135399673762
2022-11-03,6012,6031,5950,5960,73722,-0.019091507570770272
2022-11-04,5959,6049,5842,5986,149044,0.004362416107382527
2022-11-07,5994,6074,5931,6022,60225,0.00601403274306711
2022-11-08,6029,6173,6029,6165,127459,0.023746263699767622
2022-11-09,6165,6209,6094,6094,111485,-0.01151662611516624
2022-11-10,6066,6129,5986,6085,254247,-0.0014768624876928538
2022-11-11,6237,6435,6183,6426,261766,0.056039441248972865
2022-11-14,6434,6497,6264,6318,147789,-0.01680672268907568
2022-11-15,6407,6622,6380,6578,199331,0.04115226337448563
2022-11-16,6639,6639,6451,6488,125908,-0.013681970203709315
2022-11-17,6487,6515,6362,6381,67731,-0.01649198520345252
2022-11-18,6380,6461,6336,6336,102100,-0.007052186177715081
2022-11-21,6452,6452,6246,6292,106307,-0.00694444444444442
2022-11-22,6273,6398,6219,6273,79096,-0.003019707565162122
2022-11-23,6282,6417,6282,6417,85340,0.022955523672883782
2022-11-24,6406,6630,6397,6542,126495,0.019479507558048947
2022-11-25,6585,6657,6486,6631,121316,0.013604402323448506
2022-11-28,6640,6640,6470,6480,94639,-0.022771829286683754
2022-11-29,6478,6728,6406,6676,106951,0.030246913580247003
2022-11-30,6676,6748,6604,6668,73569,-0.0011983223487117556
2022-12-01,6801,6899,6702,6784,168442,0.01739652069586084
2022-12-02,6702,6989,6684,6838,200270,0.007959905660377409
2022-12-05,6873,7070,6873,7044,217027,0.030125767768353295
2022-12-06,6998,7087,6908,6918,147784,-0.017887563884156688
2022-12-07,6882,7035,6856,6901,88149,-0.002457357617808631
2022-12-08,7007,7007,6773,6819,166323,-0.01188233589334875
2022-12-09,6899,7034,6765,6972,142160,0.02243730752309725
2022-12-12,6954,6954,6901,6901,65311,-0.010183591508892698
2022-12-13,6900,6972,6873,6910,91413,0.0013041588175626284
2022-12-14,6935,7079,6935,7071,106024,0.02329956584659909
2022-12-15,7061,7079,6811,6811,148710,-0.036769905246782586
2022-12-16,6711,6863,6648,6685,116793,-0.018499486125385434
2022-12-19,6684,6891,6595,6748,58755,0.009424083769633551
2022-12-20,6674,6791,6585,6640,78551,-0.016004742145821038
2022-12-21,6782,6782,6603,6676,52236,0.005421686746987842
2022-12-22,6711,6944,6693,6918,133746,0.03624925104853216
2022-12-23,6846,6881,6738,6775,112871,-0.020670714079213615
2022-12-26,6856,6873,6694,6847,132227,0.010627306273062631
2022-12-27,6962,7214,6873,7152,449553,0.04454505622900551
2022-12-28,7161,7416,7042,7289,379608,0.019155480984339945
2022-12-29,7216,7298,6914,7070,224640,-0.03004527370009602
2023-01-02,7024,7124,6686,6741,202694,-0.046534653465346576
2023-01-03,6831,6977,6722,6777,153385,0.005340453938584844
2023-01-04,6713,6859,6685,6777,78355,0.0
2023-01-05,6841,6896,6750,6851,96157,0.010919285819684266
2023-01-06,6850,7042,6786,7024,144617,0.02525178806013728
2023-01-09,7070,7143,7033,7125,116479,0.014379271070614985
2023-01-10,7060,7115,6969,7006,114879,-0.016701754385964884
2023-01-11,7097,7124,7033,7079,82118,0.010419640308307221
2023-01-12,7143,7143,6924,6924,148672,-0.021895747987003777
2023-01-13,6924,7024,6905,6988,58574,0.009243212016175617
2023-01-16,7051,7343,6996,7234,305895,0.03520320549513456
2023-01-17,7197,7252,6960,6997,185331,-0.03276195742327892
2023-01-18,7006,7106,6942,7061,241115,0.009146777190224276
2023-01-19,7033,7188,6960,7152,112431,0.01288769296133685
2023-01-20,7097,7207,7060,7198,90292,0.006431767337807592
2023-01-25,7261,7380,7179,7207,152236,0.0012503473186995517
2023-01-26,7306,7306,7206,7252,180428,0.006243929512973478
2023-01-27,7288,7425,7252,7307,339461,0.007584114726971958
2023-01-30,7271,7353,7188,7198,138241,-0.01491720268235941
2023-01-31,7197,7243,7115,7207,100850,0.0012503473186995517
2023-02-01,7225,7353,7170,7280,144887,0.010129041209934853
2023-02-02,7280,7389,7271,7271,171840,-0.0012362637362637319
2023-02-03,7270,7270,7161,7216,166114,-0.0075642965204235635
2023-02-06,7179,7289,7106,7125,139813,-0.012610864745011052
2023-02-07,7124,7224,7023,7106,129172,-0.002666666666666706
2023-02-08,7124,7316,7070,7271,168638,0.023219814241486114
2023-02-09,7270,7371,7188,7298,195995,0.003713381928208026
2023-02-10,7243,7408,7170,7262,206886,-0.004932858317347244
2023-02-13,7234,7261,7097,7143,143440,-0.01638667033874963
2023-02-14,7325,7526,7280,7463,497666,0.044799104017919644
2023-02-15,7416,7580,7334,7380,292298,-0.011121532895618347
2023-02-16,7407,7453,7325,7362,188181,-0.0024390243902439046
2023-02-17,7307,7480,7279,7417,155229,0.007470795979353406
2023-02-20,7489,7489,7297,7380,147628,-0.004988539840906081
2023-02-21,7380,7425,7288,7371,116006,-0.0012195121951219523
2023-02-22,7316,7325,7197,7216,237361,-0.021028354361687707
2023-02-23,7225,7298,7206,7280,68440,0.008869179600886845
2023-02-24,7288,7288,7051,7234,163392,-0.006318681318681296
2023-02-27,7079,7152,6988,7052,178743,-0.025158971523361884
2023-02-28,7051,7216,7051,7198,128159,0.02070334656834949
2023-03-02,7169,7179,7005,7042,151796,-0.021672686857460377
2023-03-03,7051,7087,6923,6969,145669,-0.010366373189434785
2023-03-06,6951,6969,6805,6860,208012,-0.015640694504233
2023-03-07,6868,6941,6822,6841,98708,-0.0027696793002915943
2023-03-08,6823,6841,6704,6750,207660,-0.013302148808653658
2023-03-09,6758,6840,6640,6841,132752,0.013481481481481428
2023-03-10,6713,6822,6594,6695,294735,-0.021341909077620236
2023-03-13,6595,6741,6485,6650,140170,-0.006721433905899965
2023-03-14,6594,6649,6402,6430,231198,-0.03308270676691727
2023-03-15,6558,6622,6457,6485,128308,0.008553654743390426
2023-03-16,6384,6484,6311,6439,152905,-0.007093292212798752
2023-03-17,6521,6850,6484,6832,221840,0.06103432209970494
2023-03-20,6832,6914,6713,6723,120091,-0.015954332552693185
2023-03-21,6695,6951,6686,6878,224975,0.023055183697753945
2023-03-22,7069,7069,6813,6832,434184,-0.006687990694969503
2023-03-23,6841,6969,6832,6860,208394,0.004098360655737654
2023-03-24,6840,7096,6749,6978,249497,0.017201166180758065
2023-03-27,7024,7070,6768,6787,227175,-0.027371739753511037
2023-03-28,6850,6968,6804,6914,169264,0.018712243995874456
2023-03-29,6895,6959,6868,6914,120908,0.0
2023-03-30,6895,6969,6831,6969,149575,0.007954874168354165
2023-03-31,6987,7070,6942,7070,211242,0.01449275362318847
2023-04-03,7088,7161,7006,7052,207435,-0.0025459688826025006
2023-04-04,7060,7097,6978,7006,219122,-0.006522972206466249
2023-04-05,6959,7142,6950,7097,165401,0.012988866685697875
2023-04-06,7060,7079,6878,6942,225488,-0.02184021417500348
2023-04-07,6997,7088,6923,7061,251007,0.017142033995966477
2023-04-10,7124,7179,6942,6997,272092,-0.009063871972808335
2023-04-11,6996,7097,6941,7088,199708,0.013005573817350236
2023-04-12,7115,7143,7061,7125,198405,0.005220090293453827
2023-04-13,7124,7334,7051,7298,300676,0.024280701754386014
2023-04-14,7334,7344,7197,7207,187048,-0.012469169635516586
2023-04-17,7161,7234,7060,7225,188281,0.0024975718051893914
2023-04-18,7151,7389,7133,7362,318915,0.018961937716262867
2023-04-19,7362,7371,7243,7289,195560,-0.009915783754414598
2023-04-20,7279,7343,7179,7225,263623,-0.008780353958018905
2023-04-21,7224,7224,6959,7106,436758,-0.016470588235294126
2023-04-24,7097,7170,6905,7024,255602,-0.011539544047283967
2023-04-25,7014,7124,6868,6951,191680,-0.010392938496583182
2023-04-26,6960,7006,6796,6851,259144,-0.014386419220256075
2023-04-27,6895,6895,6749,6777,113868,-0.010801342869654063
2023-04-28,6804,6841,6667,6759,144433,-0.0026560424966799445
2023-05-02,6768,6987,6759,6951,148990,0.02840656901908556
2023-05-03,6859,6996,6841,6951,119155,0.0
2023-05-04,6941,6960,6868,6887,65626,-0.009207308300963946
2023-05-08,6904,6987,6895,6978,113152,0.013213300421083263
2023-05-09,7005,7142,6896,7097,199273,0.01705359701920317
2023-05-10,7115,7151,7014,7097,143958,0.0
2023-05-11,7097,7225,7097,7216,154845,0.016767648302099536
2023-05-12,7234,7288,7151,7225,198860,0.0012472283813746987
2023-05-15,7188,7224,6932,7033,187622,-0.026574394463667828
2023-05-16,7106,7133,6978,7024,151358,-0.0012796815014929352
2023-05-17,6969,7051,6951,6997,100180,-0.0038439635535307826
2023-05-18,7051,7051,6886,6914,182338,-0.011862226668572284
2023-05-19,6932,7051,6923,7042,148375,0.018513161700896674
2023-05-22,7069,7242,6950,7115,229596,0.010366373189434785
2023-05-23,7124,7170,7070,7134,104345,0.0026704146170062337
2023-05-24,7051,7078,7005,7042,109169,-0.012895991028875842
2023-05-25,7079,7097,6932,6942,109124,-0.014200511218403822
2023-05-26,6960,6960,6859,6869,126223,-0.010515701526937482
2023-05-30,6924,7052,6896,7052,136516,0.026641432522929165
2023-05-31,7170,7170,6951,6951,110170,-0.01432217810550196
2023-06-01,6951,7060,6923,7015,102861,0.009207308300963835
2023-06-02,6996,7051,6978,7015,125874,0.0
2023-06-05,7051,7133,6996,7088,117198,0.01040627227369928
2023-06-07,7087,7197,7087,7106,126650,0.0025395033860045046
2023-06-08,7161,7243,7060,7225,202969,0.01674641148325362
2023-06-09,7225,7289,7142,7216,181479,-0.001245674740484426
2023-06-12,7215,7215,6996,7088,163979,-0.0177383592017738
2023-06-13,7134,7170,6942,6997,185736,-0.01283860045146723
2023-06-14,7015,7061,6896,6988,198033,-0.00128626554237532
2023-06-15,6987,6996,6768,6823,266760,-0.023611906124785365
2023-06-16,6914,6960,6796,6796,242948,-0.00395720357613949
2023-06-19,6832,6923,6758,6896,100543,0.014714537963507857
2023-06-20,6896,6960,6805,6851,145844,-0.006525522041763376
2023-06-21,6850,6905,6759,6805,199553,-0.006714348270325465
2023-06-22,6804,6841,6759,6805,136322,0.0
2023-06-23,6805,6814,6640,6668,189619,-0.020132255694342405
2023-06-26,6631,6795,6622,6741,111989,0.010947810437912375
2023-06-27,6722,6768,6686,6732,92067,-0.001335113484646211
2023-06-28,6741,6768,6668,6714,104729,-0.002673796791443861
2023-06-29,6713,6768,6585,6631,130777,-0.012362228179922496
2023-06-30,6631,6804,6549,6805,165837,0.026240386065450094
2023-07-03,6786,6869,6768,6787,196197,-0.0026451138868479607
2023-07-04,6978,7298,6823,7298,1021006,0.0752909974952114
2023-07-05,7307,7664,7234,7527,1208305,0.03137845985201415
2023-07-06,7590,7626,7325,7444,530516,-0.011026969576192425
2023-07-07,7416,7590,7097,7216,484867,-0.030628694250403043
2023-07-10,7535,7590,7179,7289,927184,0.010116407982261544
2023-07-11,7398,7434,7169,7252,278091,-0.005076142131979711
2023-07-12,7197,7252,7087,7234,199932,-0.002482073910645366
2023-07-13,7234,7444,7234,7335,315173,0.013961846834393166
2023-07-14,7334,7343,7206,7289,184980,-0.006271301976823462
2023-07-17,7161,7371,7161,7326,172555,0.0050761421319796
2023-07-18,7307,7490,7280,7344,263198,0.002457002457002533
2023-07-19,7334,7380,7279,7307,199861,-0.0050381263616557925
2023-07-20,7370,7379,7261,7316,123866,0.0012316956343232377
2023-07-21,7316,7626,7242,7517,443335,0.027474029524330312
2023-07-24,7508,7517,7134,7198,339878,-0.04243714247705199
2023-07-25,7151,7261,7023,7033,282250,-0.02292303417616004
2023-07-26,6988,7033,6759,6851,450076,-0.025878003696857665
2023-07-27,6850,7096,6850,7097,210037,0.03590716683695816
2023-07-28,7161,7362,7051,7335,224164,0.03353529660419885
2023-07-31,7325,7371,7270,7289,189602,-0.006271301976823462
2023-08-01,7270,8175,7261,8175,1625992,0.1215530251063246
2023-08-02,8193,8266,7526,7545,1052259,-0.07706422018348624
2023-08-03,7535,7883,7362,7810,567670,0.03512259774685211
2023-08-04,7809,7846,7645,7746,235662,-0.008194622279129371
2023-08-07,7800,7928,7645,7746,192424,0.0
2023-08-08,7836,7836,7626,7709,183796,-0.004776658920733312
2023-08-09,7709,7736,7590,7700,138549,-0.0011674665974834575
2023-08-10,8065,8394,7910,8340,2025865,0.08311688311688314
2023-08-11,8439,8494,8083,8129,807974,-0.025299760191846543
2023-08-14,8448,8859,8339,8540,1818066,0.050559724443350884
2023-08-16,8412,8540,8293,8458,621824,-0.009601873536299821
2023-08-17,8485,8522,8184,8440,529979,-0.0021281626862141856
2023-08-18,8320,8476,8147,8202,527523,-0.028199052132701463
2023-08-21,8211,8385,8157,8221,242854,0.002316508168739295
2023-08-22,8339,8339,8156,8230,214245,0.001094757328792051
2023-08-23,8165,8403,8165,8257,201129,0.0032806804374241327
2023-08-24,8339,8695,8220,8632,664435,0.045416010657623795
2023-08-25,8540,8732,8467,8522,319757,-0.012743280815569968
2023-08-28,8704,8850,8412,8522,671904,0.0
2023-08-29,8540,8650,8357,8641,339700,0.013963858249237182
2023-08-30,8723,8787,8522,8760,396744,0.013771554218261706
2023-08-31,8814,9097,8677,8997,977286,0.02705479452054793
2023-09-01,9134,9152,8348,8495,1144164,-0.05579637656996772
2023-09-04,8421,8686,8339,8458,518495,-0.004355503237198355
2023-09-05,8476,8540,7992,8157,872318,-0.035587609363915806
2023-09-06,8184,8184,7955,8029,365237,-0.01569204364349641
2023-09-07,8010,8029,7864,7947,425793,-0.010212977954913494
2023-09-08,8010,8193,7956,8084,288275,0.017239209764691177
2023-09-11,8111,8147,8010,8084,110055,0.0
2023-09-12,8193,8193,7955,8029,165526,-0.006803562592775814
2023-09-13,8037,8056,7727,7837,360557,-0.023913314235894934
2023-09-14,7909,7909,7763,7782,165907,-0.007017991578410099
2023-09-15,7800,7919,7782,7892,203656,0.01413518375738887
2023-09-18,7809,7873,7727,7773,231494,-0.015078560567663435
2023-09-19,7772,7800,7480,7590,414461,-0.023543033577769212
2023-09-20,7644,7644,7471,7581,135971,-0.0011857707509881354
2023-09-21,7535,7544,7380,7444,203357,-0.018071494525788157
2023-09-22,7416,7462,7298,7353,218544,-0.012224610424502957
2023-09-25,7408,7463,7243,7326,263756,-0.003671970624234966
2023-09-26,7352,7352,7033,7161,296029,-0.022522522522522515
2023-09-27,7161,7243,7061,7189,154405,0.003910068426197455
2023-10-04,7179,7179,6594,6732,638084,-0.0635693420503547
2023-10-05,6841,6841,6558,6558,479798,-0.025846702317290582
2023-10-06,6886,6895,6603,6768,505674,0.0320219579139982
2023-10-10,6768,6923,6603,6677,329480,-0.013445626477541328
2023-10-11,6694,6795,6658,6768,166093,0.013628875243372862
2023-10-12,6749,6804,6713,6759,162434,-0.0013297872340425343
2023-10-13,6713,6841,6649,6695,250704,-0.009468856339695186
2023-10-16,6759,6759,6631,6732,223306,0.005526512322628907
2023-10-17,6786,6905,6731,6823,299099,0.013517528223410569
2023-10-18,6850,6923,6777,6878,295709,0.008060970247691701
2023-10-19,6759,6832,6567,6595,322980,-0.0411456818842687
2023-10-20,6594,6914,6393,6567,501045,-0.004245640636846071
2023-10-23,6503,6613,6494,6577,167064,0.001522765341860799
2023-10-24,6658,6686,6430,6668,256474,0.013836095484263344
2023-10-25,6731,6823,6667,6805,184760,0.020545890821835666
2023-10-26,6741,6750,6558,6577,227842,-0.0335047759000735
2023-10-27,6658,6704,6549,6668,191972,0.013836095484263344
2023-10-30,6713,6850,6631,6677,238482,0.0013497300539893065
2023-10-31,6695,6786,6631,6723,234341,0.006889321551595051
2023-11-01,6823,6823,6613,6741,189868,0.0026773761713521083
2023-11-02,6841,6887,6695,6796,174931,0.008159026850615536
2023-11-03,6823,6878,6677,6869,145679,0.010741612713360826
2023-11-06,6960,7125,6878,7125,288164,0.037268889212403566
2023-11-07,7297,7973,6950,7106,1077038,-0.002666666666666706
2023-11-08,7106,7188,6969,7015,263666,-0.012806079369546808
2023-11-09,7069,7124,6951,7015,145649,0.0
2023-11-10,6960,7070,6896,6924,134106,-0.012972202423378487
2023-11-13,6978,7079,6859,6933,163595,0.0012998266897747968
2023-11-14,6933,7170,6924,6988,304586,0.007933073705466587
2023-11-15,7124,7151,7041,7115,161617,0.018174012593016542
2023-11-16,7106,7179,6996,7170,112371,0.007730147575544688
2023-11-17,7124,7188,7051,7070,98065,-0.013947001394700176
2023-11-20,7033,7161,7033,7088,144050,0.0025459688826026117
2023-11-21,7069,7170,7069,7097,124580,0.0012697516930022523
2023-11-22,7042,7124,7024,7061,109230,-0.005072565872904056
2023-11-23,7070,7088,6978,6988,109266,-0.010338478968984544
2023-11-24,6996,7042,6886,6905,92548,-0.011877504293073882
2023-11-27,6914,6978,6823,6951,95102,0.00666183924692243
2023-11-28,6941,7398,6850,7115,993020,0.02359372752121991
2023-11-29,7032,7060,6685,6695,461665,-0.05903021784961349
2023-11-30,6768,6924,6695,6924,325961,0.03420463032113519
2023-12-01,6895,7005,6868,6905,123505,-0.0027440785673021884
2023-12-04,6951,7033,6841,6851,148744,-0.007820419985517746
2023-12-05,6768,6868,6740,6759,155515,-0.013428696540651042
2023-12-06,6786,6832,6740,6832,98934,0.010800414262464919
2023-12-07,6832,6859,6448,6823,207261,-0.001317330210772849
2023-12-08,6832,7005,6832,6942,130477,0.017441008354096343
2023-12-11,7005,7088,6932,6951,132998,0.0012964563526360884
2023-12-12,6950,7032,6932,6969,118144,0.002589555459646009
2023-12-13,6996,7060,6941,7015,103558,0.0066006600660066805
2023-12-14,7060,7133,7014,7106,186946,0.012972202423378487
2023-12-15,7125,7134,6988,6988,148755,-0.01660568533633544
2023-12-18,6996,7380,6951,7134,797637,0.020892959358900898
2023-12-19,7096,7242,7087,7115,172215,-0.0026633024950939443
2023-12-20,7115,7216,7106,7189,209509,0.010400562192550922
2023-12-21,7197,7306,7151,7252,197001,0.008763388510223846
2023-12-22,7261,7343,7215,7316,109274,0.008825151682294585
2023-12-26,7316,7490,7280,7390,325290,0.010114816839803087
2023-12-27,7450,7480,7160,7260,301011,-0.017591339648173165
2023-12-28,7260,7290,7190,7200,78612,-0.008264462809917328
2024-01-02,7180,7340,7170,7300,114336,0.01388888888888884
2024-01-03,7230,7320,7220,7240,143577,-0.008219178082191747
2024-01-04,7250,7290,7200,7290,64492,0.006906077348066253
2024-01-05,7300,7300,7150,7170,95093,-0.016460905349794275
2024-01-08,7200,7200,7110,7110,63146,-0.008368200836820106
2024-01-09,7110,7220,7080,7110,93337,0.0
2024-01-10,7110,7180,7060,7070,72487,-0.005625879043600568
2024-01-11,7080,7130,7030,7100,119322,0.004243281471004279
2024-01-12,7130,7130,6960,7010,140099,-0.012676056338028152
2024-01-15,7030,7070,6930,6990,77706,-0.0028530670470755526
2024-01-16,6990,7020,6890,6930,75495,-0.008583690987124415
2024-01-17,6990,6990,6760,6800,129730,-0.018759018759018753
2024-01-18,6920,6940,6740,6830,102578,0.004411764705882337
2024-01-19,6770,6960,6770,6840,102773,0.0014641288433381305
2024-01-22,6880,7000,6870,6980,59339,0.020467836257309857
2024-01-23,7040,7050,6950,6960,181406,-0.002865329512893977
2024-01-24,7070,7150,6960,7070,141735,0.015804597701149392
2024-01-25,7040,7090,7000,7080,64918,0.0014144271570013522
2024-01-26,7080,7240,7060,7190,136888,0.015536723163841915
2024-01-29,7190,7200,7120,7170,64950,-0.0027816411682892728
2024-01-30,7170,7410,7170,7290,186612,0.01673640167364021
2024-01-31,7250,7630,7230,7550,281274,0.03566529492455417
2024-02-01,7560,7620,7460,7590,221130,0.005298013245033095
2024-02-02,7580,7750,7530,7740,244541,0.01976284584980248
2024-02-05,7730,7930,7700,7780,373010,0.0051679586563306845
2024-02-06,7810,7930,7720,7800,205868,0.0025706940874035134
2024-02-07,7820,7840,7750,7830,72433,0.0038461538461538325
2024-02-08,7790,7880,7770,7820,113549,-0.0012771392081737387
2024-02-13,7790,7840,7560,7720,187238,-0.012787723785166238
2024-02-14,7620,7710,7610,7660,112928,-0.007772020725388629
2024-02-15,7870,7910,7800,7860,176128,0.02610966057441244
2024-02-16,7860,7880,7780,7800,120764,-0.007633587786259555
2024-02-19,7820,7920,7790,7880,167127,0.01025641025641022
2024-02-20,7920,7920,7660,7670,167454,-0.026649746192893398
2024-02-21,7630,7740,7620,7710,97510,0.0052151238591917615
2024-02-22,7750,7770,7650,7680,91501,-0.0038910505836575737
2024-02-23,7750,7750,7600,7640,80182,-0.00520833333333337
2024-02-26,7610,7720,7590,7610,72928,-0.003926701570680646
2024-02-27,7610,7610,7410,7450,117180,-0.021024967148488782
2024-02-28,7430,7520,7410,7480,51710,0.00402684563758382
2024-02-29,7430,7560,7430,7490,79012,0.0013368983957218195
2024-03-04,7490,7640,7490,7640,73124,0.020026702269692942
2024-03-05,7510,7630,7510,7590,67727,-0.00654450261780104
2024-03-06,7550,7570,7470,7480,69298,-0.01449275362318836
2024-03-07,7450,7520,7350,7440,113083,-0.005347593582887722
2024-03-08,7450,7470,7350,7400,97879,-0.005376344086021501
2024-03-11,7400,7440,7360,7390,75543,-0.0013513513513513375
2024-03-12,7360,7450,7340,7450,49813,0.008119079837618504
2024-03-13,7450,7570,7370,7570,114056,0.016107382550335503
2024-03-14,7490,7560,7450,7530,65647,-0.005284015852047519
2024-03-15,7460,7520,7360,7360,269563,-0.02257636122177953
2024-03-18,7330,7480,7230,7260,130259,-0.013586956521739135
2024-03-19,7220,7270,7140,7250,139419,-0.0013774104683195176
2024-03-20,7290,7350,7210,7350,51940,0.01379310344827589
2024-03-21,7390,7420,7310,7340,83458,-0.0013605442176870541
2024-03-22,7300,7380,7240,7340,110310,0.0
2024-03-25,7320,7470,7280,7370,99359,0.004087193460490468
2024-03-26,7440,7440,7200,7290,158053,-0.01085481682496603
2024-03-27,7280,7350,7250,7350,125434,0.008230452674897082
2024-03-28,7340,7400,7320,7380,75799,0.004081632653061273
2024-03-29,7380,7500,7370,7450,80860,0.009485094850948617
2024-04-01,7450,7670,7450,7650,151142,0.02684563758389258
2024-04-02,7620,7650,7500,7540,107614,-0.01437908496732021
2024-04-03,7520,7550,7380,7410,101938,-0.017241379310344862
2024-04-04,7500,7500,7310,7350,91893,-0.0080971659919028
2024-04-05,7330,7410,7300,7390,75810,0.0054421768707482165
2024-04-08,7390,7400,7230,7260,80747,-0.017591339648173165
2024-04-09,7260,7310,7220,7270,50417,0.0013774104683195176
2024-04-11,7210,7270,7170,7270,58074,0.0
2024-04-12,7240,7330,7210,7260,62315,-0.0013755158184318717
2024-04-15,7280,7290,7210,7280,81117,0.0027548209366390353
2024-04-16,7230,7290,7180,7230,89352,-0.006868131868131844
2024-04-17,7230,7290,7200,7240,70165,0.0013831258644536604
2024-04-18,7270,7290,7220,7280,71672,0.005524861878453136
2024-04-19,7220,7240,6920,7070,312224,-0.028846153846153855
2024-04-22,7050,7230,7050,7210,106493,0.01980198019801982
2024-04-23,7190,7250,7160,7210,65439,0.0
2024-04-24,7250,7290,7150,7170,103415,-0.00554785020804438
2024-04-25,7120,7300,7120,7260,76822,0.012552301255230214
2024-04-26,7250,7430,7240,7390,157189,0.017906336088154173
2024-04-29,7400,7480,7400,7440,128270,0.006765899864682012
2024-04-30,7420,7600,7400,7600,175044,0.021505376344086002
2024-05-02,7580,7790,7530,7780,192894,0.023684210526315752
2024-05-03,7780,7840,7650,7670,120914,-0.014138817480719768
2024-05-07,7750,7790,7640,7730,119696,0.007822685788787531
2024-05-08,7700,7760,7610,7760,122596,0.0038809831824062613
2024-05-09,7720,7770,7670,7720,66426,-0.005154639175257714
2024-05-10,7730,7800,7700,7750,120475,0.0038860103626943143
2024-05-13,7750,7900,7750,7880,173294,0.016774193548387162
2024-05-14,7890,7890,7710,7750,141053,-0.016497461928933976
2024-05-16,7750,7820,7680,7700,103907,-0.006451612903225823
2024-05-17,7780,8250,7760,7970,725435,0.03506493506493502
2024-05-20,8070,8200,7970,8050,275220,0.010037641154328814
2024-05-21,8050,8100,7900,7920,146801,-0.016149068322981353
2024-05-22,7920,7990,7680,7840,233992,-0.010101010101010055
2024-05-23,7840,7840,7460,7510,669572,-0.042091836734693855
2024-05-24,7500,7510,7330,7420,200530,-0.011984021304926817
2024-05-27,7400,7550,7260,7360,227426,-0.008086253369272267
2024-05-28,7360,7450,7270,7280,140345,-0.010869565217391353
2024-05-29,7300,7300,7150,7180,233993,-0.013736263736263687
2024-05-30,7180,7260,7150,7220,116921,0.0055710306406684396
2024-05-31,7280,7350,7070,7100,687586,-0.0166204986149584
2024-06-03,7120,7230,7090,7170,101780,0.009859154929577452
2024-06-04,7130,7160,7060,7080,170742,-0.012552301255230103
2024-06-05,7050,7100,7030,7070,101414,-0.0014124293785310327
2024-06-07,7080,7140,7070,7090,69471,0.0028288543140029265
2024-06-10,7070,7210,7020,7210,104564,0.016925246826516194
2024-06-11,7160,7220,7080,7080,117573,-0.018030513176144236
2024-06-12,7060,7170,7060,7150,97595,0.009887005649717562
2024-06-13,7150,7180,7070,7070,191735,-0.01118881118881121
2024-06-14,7060,7140,7060,7100,150745,0.004243281471004279
2024-06-17,7090,7160,7060,7110,60627,0.0014084507042253502
2024-06-18,7110,7170,7040,7050,121645,-0.008438818565400852
2024-06-19,7080,7080,6990,7010,191083,-0.005673758865248235
2024-06-20,7010,7060,6990,7040,105009,0.004279600570613384
2024-06-21,7040,7040,6900,6900,279882,-0.019886363636363646
2024-06-24,6860,6940,6610,6650,434733,-0.036231884057971064
2024-06-25,6600,6810,6600,6760,98473,0.016541353383458635
2024-06-26,6810,6810,6710,6790,63847,0.004437869822485174
2024-06-27,6950,7140,6790,7010,383363,0.032400589101620136
2024-06-28,7010,7060,6940,6970,163326,-0.005706134094151216
2024-07-01,6950,7040,6930,7020,55008,0.007173601147776099
2024-07-02,6970,6980,6840,6870,159376,-0.021367521367521403
2024-07-03,6820,6870,6750,6840,108679,-0.004366812227074246
2024-07-04,6780,6840,6760,6770,83944,-0.010233918128654929
2024-07-05,6770,6840,6740,6800,90931,0.004431314623338345
2024-07-08,6740,6810,6720,6800,68943,0.0
2024-07-09,6800,6840,6710,6740,123722,-0.008823529411764675
2024-07-10,6800,7010,6760,6860,153005,0.017804154302670572
2024-07-11,6840,6860,6720,6730,132363,-0.01895043731778423
2024-07-12,6740,6790,6720,6780,72506,0.007429420505200568
2024-07-15,6740,6810,6710,6790,73316,0.001474926253687281
2024-07-16,6750,6800,6640,6710,262047,-0.01178203240058906
2024-07-17,6710,6770,6640,6760,94460,0.007451564828613977
2024-07-18,6790,6790,6650,6660,92108,-0.014792899408283988
2024-07-19,6660,6700,6600,6680,76170,0.0030030030030030463
2024-07-22,6620,6660,6550,6570,112512,-0.01646706586826352
2024-07-23,6570,6640,6560,6580,62162,0.0015220700152207556
2024-07-24,6530,6590,6460,6590,131640,0.001519756838905817
2024-07-25,6570,6570,6420,6500,152043,-0.01365705614567525
2024-07-26,6470,6550,6470,6550,67891,0.007692307692307665
2024-07-29,6650,6710,6530,6700,88498,0.022900763358778553
2024-07-30,6640,6720,6530,6590,74665,-0.016417910447761197
2024-07-31,6540,6690,6500,6670,81582,0.012139605462822445
2024-08-01,6680,6700,6610,6620,61097,-0.007496251874062998
2024-08-02,6620,6620,6350,6440,166132,-0.027190332326283984
2024-08-05,6440,6440,5740,5810,501143,-0.09782608695652173
2024-08-06,5920,6150,5920,6050,204113,0.04130808950086062
2024-08-07,5880,6130,5880,6010,91445,-0.006611570247933907
2024-08-08,5920,6090,5890,6090,97661,0.01331114808652245
2024-08-09,6150,6230,6080,6130,131324,0.006568144499178974
2024-08-12,6130,6170,6060,6140,123970,0.0016313213703098572
2024-08-13,6100,6170,6010,6120,84852,-0.0032573289902280145
2024-08-14,6170,6350,6150,6320,83294,0.03267973856209161
2024-08-16,6330,6490,6230,6240,105310,-0.012658227848101222
2024-08-19,6320,6320,6170,6200,46082,-0.0064102564102563875
2024-08-20,6200,6300,6200,6270,49477,0.011290322580645107
2024-08-21,6210,6320,6210,6270,41049,0.0
2024-08-22,6280,6300,6150,6150,80208,-0.019138755980861233
2024-08-23,6170,6200,6130,6170,28525,0.003252032520325132
2024-08-26,6200,6210,6130,6140,23523,-0.004862236628849326
2024-08-27,6100,6240,6050,6240,30376,0.016286644951140072
2024-08-28,6200,6240,6110,6180,51365,-0.009615384615384581
2024-08-29,6100,6150,6060,6130,34252,-0.008090614886731351
2024-08-30,6090,6170,6000,6120,48592,-0.0016313213703099683
2024-09-02,6080,6080,6000,6030,46733,-0.014705882352941124
2024-09-03,5990,6120,5990,6050,31124,0.0033167495854062867
2024-09-04,6000,6000,5880,5880,148201,-0.028099173553719048
2024-09-05,5880,6040,5840,6000,114907,0.020408163265306145
2024-09-06,5970,5970,5770,5790,148860,-0.03500000000000003
2024-09-09,5790,5960,5740,5950,91206,0.02763385146804831
2024-09-10,5910,5940,5760,5850,81184,-0.01680672268907568
2024-09-11,5820,5850,5720,5760,50573,-0.01538461538461533
2024-09-12,5760,5930,5760,5850,138347,0.015625
2024-09-13,5810,5920,5790,5920,35237,0.011965811965811923
2024-09-19,6010,6010,5860,5900,43927,-0.0033783783783783994
2024-09-20,6040,6040,5850,5850,88065,-0.008474576271186418
2024-09-23,5850,5960,5850,5930,24412,0.013675213675213627
2024-09-24,5980,6040,5960,6020,61158,0.015177065767284947
2024-09-25,6030,6150,6030,6070,43084,0.008305647840531671
2024-09-26,6090,6180,6080,6110,37829,0.006589785831960571
2024-09-27,6140,6140,6060,6110,30190,0.0
2024-09-30,6200,6290,6140,6170,84290,0.009819967266775809
2024-10-02,6170,6180,6060,6150,35623,-0.0032414910858995505
2024-10-04,6180,6230,6100,6140,54271,-0.001626016260162566
2024-10-07,6100,6190,6050,6170,47488,0.004885993485342022
2024-10-08,6120,6200,6110,6160,26935,-0.0016207455429497752
2024-10-10,6160,6170,6090,6130,37827,-0.004870129870129913
2024-10-11,6170,6290,6110,6120,96018,-0.0016313213703099683
2024-10-14,6120,6200,6080,6170,38735,0.008169934640522847
2024-10-15,6220,6230,6140,6220,43713,0.008103727714748876
2024-10-16,6150,6260,6140,6250,35285,0.004823151125401992
2024-10-17,6250,6310,6180,6240,52600,-0.0016000000000000458
2024-10-18,6280,6280,6000,6080,135040,-0.02564102564102566
2024-10-21,6050,6140,6050,6080,60217,0.0
2024-10-22,6080,6350,5930,6080,113419,0.0
2024-10-23,6140,6170,6010,6120,61493,0.006578947368421018
2024-10-24,6180,6180,6010,6070,45990,-0.008169934640522847
2024-10-25,6120,6130,5970,6070,64144,0.0
2024-10-28,6070,6110,6030,6100,60625,0.0049423393739702615
2024-10-29,6040,6120,6000,6120,63808,0.003278688524590123
2024-10-30,6120,6120,6050,6080,32922,-0.006535947712418277
2024-10-31,6020,6180,5960,6180,77611,0.016447368421052655
2024-11-01,6170,6170,6060,6130,82001,-0.008090614886731351
2024-11-04,6130,6290,6120,6260,106787,0.021207177814029254
2024-11-05,6200,6260,6120,6160,64363,-0.015974440894568676
2024-11-06,6160,6190,6090,6130,74667,-0.004870129870129913
2024-11-07,6130,6150,6080,6120,160021,-0.0016313213703099683
2024-11-08,6170,6210,6080,6080,63112,-0.006535947712418277
2024-11-11,6050,6090,5920,5950,97876,-0.021381578947368474
2024-11-12,5900,5930,5770,5820,157084,-0.021848739495798353
2024-11-13,5650,5860,5650,5700,135050,-0.020618556701030966
2024-11-14,5700,6250,5480,5480,1219601,-0.038596491228070184
2024-11-15,5460,5720,5460,5670,166840,0.034671532846715314
2024-11-18,5620,5810,5620,5760,105000,0.015873015873015817
2024-11-19,5740,5780,5690,5700,44436,-0.01041666666666663
2024-11-20,5840,5840,5620,5650,69250,-0.00877192982456143
2024-11-21,5700,5810,5640,5810,63060,0.02831858407079646
2024-11-22,5840,5870,5780,5850,41390,0.0068846815834766595
2024-11-25,5800,5990,5800,5980,65588,0.022222222222222143
2024-11-26,5960,6020,5920,6000,32035,0.0033444816053511683
2024-11-27,6040,6040,5930,6000,50460,0.0
2024-11-28,6040,6170,5940,6060,187756,0.010000000000000009
2024-11-29,6090,6090,5800,5910,158817,-0.024752475247524774
2024-12-02,6000,6000,5810,5870,66508,-0.006768189509306244
2024-12-03,5870,5890,5790,5800,74510,-0.011925042589437829
2024-12-04,5710,5750,5580,5610,115618,-0.03275862068965518
2024-12-05,5560,5710,5470,5530,109113,-0.014260249554367221
2024-12-06,5600,5680,5400,5680,177021,0.027124773960216952
2024-12-09,5650,5660,5350,5350,146133,-0.05809859154929575
2024-12-10,5460,5670,5450,5600,90142,0.04672897196261672
2024-12-11,5560,5670,5550,5600,54673,0.0
2024-12-12,5600,5650,5540,5570,160372,-0.005357142857142838
2024-12-13,5620,5640,5560,5620,96762,0.008976660682226134
2024-12-16,5610,5620,5560,5570,51589,-0.008896797153024938
2024-12-17,5560,5590,5440,5440,85187,-0.02333931777378817
2024-12-18,5550,5550,5350,5430,147240,-0.0018382352941176405
2024-12-19,5410,5430,5290,5310,108483,-0.02209944751381221
2024-12-20,5260,5300,5060,5060,214584,-0.04708097928436916
2024-12-23,5330,5520,5270,5520,248827,0.09090909090909083
2024-12-24,5520,5850,5440,5500,347737,-0.0036231884057971175
2024-12-26,5520,5550,5450,5520,49665,0.0036363636363636598
2024-12-27,5500,5500,5260,5430,103851,-0.016304347826086918
2024-12-30,5480,5520,5360,5420,69452,-0.0018416206261510082
2025-01-02,5360,5530,5360,5500,49252,0.014760147601476037
2025-01-03,5450,5570,5450,5520,55706,0.0036363636363636598
2025-01-06,5510,5580,5510,5540,55377,0.0036231884057971175
2025-01-07,5570,5590,5500,5520,43806,-0.0036101083032491488
2025-01-08,5510,5520,5400,5520,118249,0.0
2025-01-09,5480,5550,5450,5490,43439,-0.005434782608695676
2025-01-10,5440,5560,5440,5550,74035,0.010928961748633892
2025-01-13,5480,5540,5410,5420,47555,-0.023423423423423406
2025-01-14,5470,5540,5400,5490,62125,0.012915129151291449
2025-01-15,5490,5570,5450,5480,43183,-0.0018214936247723523
2025-01-16,5480,5590,5480,5520,37511,0.007299270072992803
2025-01-17,5470,5570,5470,5570,62874,0.009057971014492683
2025-01-20,5540,5610,5520,5550,71716,-0.0035906642728904536
2025-01-21,5590,5600,5510,5550,49272,0.0
2025-01-22,5540,5660,5540,5650,109972,0.018018018018018056
2025-01-23,5650,5670,5490,5590,91470,-0.010619469026548645
2025-01-24,5610,5610,5510,5510,56029,-0.014311270125223596
2025-01-31,5590,5590,5480,5530,51304,0.003629764065335772
2025-02-03,5530,5530,5350,5470,97345,-0.010849909584086825
2025-02-04,5600,5600,5470,5470,47027,0.0
2025-02-05,5500,5560,5420,5480,89749,0.001828153564899404
2025-02-06,5470,5530,5460,5490,22524,0.0018248175182482562
2025-02-07,5470,5520,5450,5480,34956,-0.0018214936247723523
2025-02-10,5450,5510,5400,5460,66958,-0.0036496350364964014
2025-02-11,5510,5510,5430,5460,47083,0.0
2025-02-12,5460,5540,5420,5520,83063,0.01098901098901095
2025-02-13,5510,5550,5480,5530,48383,0.0018115942028984477
2025-02-14,5520,5630,5510,5600,54668,0.012658227848101333
2025-02-17,5640,5640,5540,5570,79790,-0.005357142857142838
2025-02-18,5620,5620,5530,5560,55665,-0.0017953321364452268
2025-02-19,5570,5590,5540,5540,110244,-0.003597122302158251
2025-02-20,5550,5740,5550,5690,174673,0.02707581227436817
2025-02-21,5730,5730,5620,5680,93777,-0.0017574692442882123
2025-02-24,5680,5740,5620,5710,57615,0.005281690140845008
2025-02-25,5680,5730,5660,5690,38737,-0.003502626970227629
2025-02-26,5670,5800,5670,5770,75982,0.014059753954305698
2025-02-27,5760,5790,5710,5760,36517,-0.0017331022530329143
2025-02-28,5710,5750,5550,5590,119170,-0.02951388888888884
2025-03-04,5560,5650,5500,5610,72510,0.003577817531305927
2025-03-05,5640,5670,5570,5640,37733,0.005347593582887722
2025-03-06,5660,5660,5560,5630,58031,-0.0017730496453900457
2025-03-07,5610,5680,5570,5620,65510,-0.001776198934280604
2025-03-10,5580,5620,5490,5500,127475,-0.02135231316725983
2025-03-11,5450,5460,5360,5450,116971,-0.009090909090909038
2025-03-12,5440,5600,5440,5500,88382,0.00917431192660545
2025-03-13,5520,5530,5340,5340,183194,-0.029090909090909056
2025-03-14,5360,5550,5360,5430,134019,0.016853932584269593
2025-03-17,5450,5520,5390,5470,126662,0.007366482504604033
2025-03-18,5490,5590,5490,5560,81880,0.01645338208409508
2025-03-19,5560,5700,5560,5690,122838,0.023381294964028854
2025-03-20,5730,5850,5700,5800,206683,0.019332161687170446
2025-03-21,5830,5960,5800,5860,304263,0.010344827586206806
2025-03-24,5820,5930,5780,5840,119150,-0.0034129692832765013
2025-03-25,5780,5870,5610,5670,129705,-0.02910958904109584
2025-03-26,5750,5760,5600,5740,105106,0.012345679012345734
2025-03-27,5760,5760,5620,5620,35915,-0.020905923344947785
2025-03-28,5530,5620,5520,5580,56827,-0.007117437722419906
2025-03-31,5490,5580,5410,5500,97538,-0.014336917562724039
2025-04-01,5510,5640,5470,5600,100003,0.018181818181818077
2025-04-02,5580,5610,5460,5520,55552,-0.014285714285714235
2025-04-03,5430,5460,5320,5360,106460,-0.02898550724637683
2025-04-04,5400,5540,5320,5500,84344,0.026119402985074647
2025-04-07,5320,5420,5200,5280,118727,-0.040000000000000036
2025-04-08,5280,5490,5280,5440,106396,0.030303030303030276
2025-04-09,5500,5500,5250,5340,78160,-0.018382352941176516
2025-04-10,5370,5580,5370,5580,132295,0.04494382022471921
2025-04-11,5510,5530,5420,5480,50794,-0.017921146953404965
2025-04-14,5460,5600,5450,5510,66659,0.005474452554744547
2025-04-15,5480,5600,5470,5550,36739,0.007259528130671544
2025-04-16,5500,5580,5450,5500,71390,-0.009009009009009028
2025-04-17,5500,5690,5410,5650,128687,0.027272727272727337
2025-04-18,5570,5700,5570,5700,54475,0.008849557522123908
2025-04-21,5730,5770,5690,5750,59303,0.00877192982456143
2025-04-22,5750,5810,5680,5750,93575,0.0
2025-04-23,5800,5800,5710,5750,46478,0.0
2025-04-24,5720,5760,5640,5690,57601,-0.01043478260869568
2025-04-25,5690,5750,5670,5720,69816,0.005272407732864748
2025-04-28,5760,5770,5680,5750,77308,0.005244755244755206
2025-04-29,5730,5850,5730,5810,65072,0.01043478260869568
2025-04-30,5790,5870,5700,5770,92095,-0.0068846815834767705
2025-05-02,5720,5830,5720,5790,57099,0.0034662045060658286
2025-05-07,5840,5950,5820,5940,102455,0.02590673575129543
2025-05-08,5940,5970,5880,5940,67792,0.0
2025-05-09,5920,5920,5780,5830,127042,-0.01851851851851849
2025-05-12,5890,6040,5880,6040,121492,0.036020583190394584
2025-05-13,6050,6090,6020,6030,50838,-0.0016556291390728006
2025-05-14,6080,6180,6020,6140,92252,0.018242122719734688
2025-05-15,6120,6330,6100,6250,159424,0.01791530944625408
2025-05-16,6320,6330,6170,6310,174362,0.009600000000000053
2025-05-19,6350,6370,6220,6300,161916,-0.0015847860538826808
2025-05-20,6330,6730,6230,6630,502090,0.05238095238095242
2025-05-21,6600,6960,6600,6760,458411,0.019607843137254832
2025-05-22,6650,6860,6630,6760,233736,0.0
2025-05-23,6770,6800,6640,6660,164957,-0.014792899408283988
2025-05-26,6830,7170,6800,6930,477248,0.04054054054054057
2025-05-27,7250,7760,7240,7660,1664816,0.10533910533910529
2025-05-28,7610,7750,7500,7550,371257,-0.01436031331592691
2025-05-29,7500,7760,7500,7700,393495,0.019867549668874274
2025-05-30,7730,8140,7680,7820,784754,0.01558441558441559
2025-06-02,7970,8330,7950,8220,856071,0.051150895140664954
2025-06-04,8320,8550,8300,8350,690814,0.015815085158150888
2025-06-05,8350,8380,8050,8130,565942,-0.026347305389221587
2025-06-09,8250,8480,8190,8260,537298,0.01599015990159902
2025-06-10,8320,8390,8030,8330,439264,0.008474576271186418
2025-06-11,8360,8360,8130,8190,414586,-0.01680672268907568
2025-06-12,8180,8450,8110,8120,466911,-0.008547008547008517
2025-06-13,8110,8150,7730,7920,828118,-0.024630541871921152
2025-06-16,8240,8820,7830,8750,1358900,0.10479797979797989
2025-06-17,8780,8810,8300,8500,622478,-0.02857142857142858
2025-06-18,8500,8750,8440,8650,487545,0.01764705882352935
2025-06-19,8730,8910,8580,8790,537081,0.016184971098266
2025-06-20,8800,9120,8610,8930,764340,0.015927189988623525
2025-06-23,8870,9320,8810,9270,689533,0.03807390817469214
2025-06-24,9390,9390,8980,9130,516468,-0.015102481121898603
2025-06-25,9100,9190,8930,9070,379293,-0.006571741511500528
2025-06-26,9000,9120,8750,8890,524642,-0.019845644983461974
2025-06-27,8880,8990,8630,8780,411387,-0.01237345331833517
2025-06-30,8930,9070,8780,8820,253189,0.004555808656036442
2025-07-01,9040,9580,8990,9300,923988,0.054421768707483054
2025-07-02,9330,9360,9030,9180,377548,-0.012903225806451646
2025-07-03,9540,9850,9410,9530,963213,0.03812636165577343
2025-07-04,9460,9650,9080,9100,422205,-0.04512067156348376
2025-07-07,9100,10050,8850,9920,2167703,0.09010989010989001
2025-07-08,9940,10040,9800,10040,531573,0.012096774193548487
2025-07-09,9950,10160,9790,9960,522179,-0.007968127490039834
2025-07-10,9840,10170,9830,9910,695365,-0.005020080321285092
2025-07-11,9930,10070,9770,9940,585556,0.003027245206861817
2025-07-14,9980,10160,9730,9980,388728,0.004024144869215318
2025-07-15,9910,9990,9680,9750,487414,-0.023046092184368705
2025-07-16,9750,9930,9550,9600,368122,-0.01538461538461533
2025-07-17,9650,9880,9610,9870,344982,0.028124999999999956
2025-07-18,9870,10210,9770,10060,635372,0.019250253292806496
2025-07-21,9900,10040,9780,9870,493150,-0.0188866799204771
2025-07-22,10060,10530,10040,10240,1407150,0.037487335359675855
2025-07-23,10200,10200,9650,9990,921903,-0.0244140625
2025-07-24,10000,10020,9650,9780,459511,-0.02102102102102099
2025-07-25,9770,9840,9100,9160,939022,-0.06339468302658491
2025-07-28,8950,9080,8600,8680,1507194,-0.05240174672489084
2025-07-29,8700,8770,8480,8640,670938,-0.004608294930875556
2025-07-30,8600,8740,8570,8630,291446,-0.0011574074074074403
2025-07-31,8640,8990,8590,8750,708486,0.013904982618771822
2025-08-01,8650,8690,8220,8350,617334,-0.04571428571428571
2025-08-04,8350,8680,8280,8560,321746,0.025149700598802394
2025-08-05,8780,8820,8630,8800,309943,0.028037383177569986
2025-08-06,9200,9740,8890,9510,1647613,0.08068181818181808
2025-08-07,9520,9680,9330,9520,479228,0.001051524710830698
2025-08-08,9570,9940,9520,9690,677664,0.017857142857142794
2025-08-11,9830,9900,9670,9750,467252,0.006191950464396356
2025-08-12,9760,10250,9720,9910,801450,0.016410256410256396
2025-08-13,9990,10060,9580,9670,675105,-0.024217961654894093
2025-08-14,9680,9780,9480,9550,278326,-0.012409513960703222
2025-08-18,9460,10330,9450,10160,1103128,0.06387434554973814
2025-08-19,10040,10060,9480,9500,766281,-0.06496062992125984
2025-08-20,9330,9430,9050,9360,559015,-0.01473684210526316
2025-08-21,9380,9710,9250,9330,389044,-0.0032051282051281937
2025-08-22,9340,9520,9030,9100,737159,-0.024651661307609873
2025-08-25,9110,9260,9050,9160,248132,0.00659340659340657
2025-08-26,9390,9900,9300,9790,1075178,0.06877729257641918
2025-08-27,9750,9820,9590,9620,352806,-0.01736465781409602
2025-08-28,9660,9680,9380,9500,322614,-0.012474012474012475
2025-08-29,9480,9600,9140,9390,447698,-0.011578947368421022
2025-09-01,9360,9500,9050,9160,311410,-0.024494142705005273
2025-09-02,9160,9200,8900,9040,298902,-0.013100436681222738
2025-09-03,9040,9600,9000,9550,569412,0.05641592920353977
2025-09-04,9570,10650,9530,10650,2520341,0.11518324607329844
2025-09-05,10570,10760,10310,10360,857098,-0.027230046948356845
2025-09-08,10380,10420,10100,10270,522571,-0.008687258687258725
2025-09-09,10310,10430,10200,10280,488312,0.0009737098344693162
2025-09-10,10430,10480,10110,10170,465492,-0.010700389105058328
2025-09-11,10180,10400,10170,10300,453889,0.012782694198623323
2025-09-12,10290,10480,10210,10340,390751,0.003883495145631022
2025-09-15,10300,10570,10220,10540,521141,0.01934235976789167
2025-09-16,10670,10670,10480,10600,463026,0.005692599620493288
2025-09-17,10590,10950,10530,10890,931181,0.027358490566037785
2025-09-18,10990,11380,10870,11290,1343801,0.03673094582185499
2025-09-19,11320,11370,10850,11290,733941,0.0
2025-09-22,11030,11150,10770,10820,561076,-0.041629760850310005
2025-09-23,10820,11020,10560,11010,671006,0.01756007393715331
2025-09-24,10890,10970,10545,10630,475064,-0.03451407811080831
2025-09-25,10520,10700,10300,10520,402559,-0.010348071495766664
2025-09-26,10510,10510,10030,10030,517661,-0.04657794676806082
2025-09-29,10200,10540,9900,9970,673304,-0.005982053838484491
2025-09-30,9980,9990,9710,9820,352178,-0.015045135406218657
2025-10-01,10000,10060,9520,9620,724977,-0.020366598778004064
2025-10-02,9700,9700,9400,9500,430520,-0.012474012474012475
2025-10-10,9510,9590,8980,9170,765016,-0.03473684210526318
2025-10-13,8950,9270,8940,9020,435650,-0.016357688113413316
2025-10-14,9080,9100,8450,8650,1047499,-0.04101995565410199
2025-10-15,8700,8890,8530,8820,538992,0.01965317919075149
2025-10-16,8810,8860,8490,8550,542776,-0.030612244897959218
2025-10-17,8560,8970,8510,8750,528063,0.023391812865497075
2025-10-20,8750,9120,8660,9100,496359,0.040000000000000036
2025-10-21,9100,9200,8950,8990,325658,-0.012087912087912045
2025-10-22,9020,9020,8770,8940,302424,-0.005561735261401579
2025-10-23,9120,9190,8900,9030,338095,0.010067114093959662
2025-10-24,9030,9190,8970,9170,302940,0.015503875968992276
2025-10-27,9220,9370,9120,9270,265888,0.010905125408942284
2025-10-28,9210,9360,9150,9320,250556,0.005393743257820827
2025-10-29,9380,9390,9150,9220,267340,-0.010729613733905574
2025-10-30,9130,9260,9040,9140,235791,-0.008676789587852451
2025-10-31,9140,9260,9000,9120,148731,-0.002188183807439792
2025-11-03,9170,9680,9160,9570,688121,0.049342105263157965
2025-11-04,9470,10000,9400,9840,858925,0.028213166144200663
2025-11-05,9790,9790,9190,9450,450014,-0.03963414634146345
2025-11-06,9510,9690,9130,9270,270350,-0.01904761904761909
2025-11-07,9250,9250,8960,9160,359416,-0.011866235167206085
2025-11-10,9340,9490,9200,9430,186582,0.029475982532751077
2025-11-11,9430,9440,8820,8930,679764,-0.05302226935312826
2025-11-12,9000,9120,8930,9070,155560,0.015677491601343796
2025-11-13,9040,9240,8900,8950,331316,-0.013230429988974612
2025-11-14,8980,9070,8700,8710,296060,-0.02681564245810053
2025-11-17,9600,10740,9500,10300,3262419,0.1825487944890929
2025-11-18,10220,11140,10190,10790,3284347,0.04757281553398052
2025-11-19,10800,11300,10680,11220,2139548,0.03985171455050973
2025-11-20,10890,12670,10810,12480,3263007,0.11229946524064172
2025-11-21,12400,12880,12380,12570,1769257,0.007211538461538547
2025-11-24,13040,13350,12460,12550,1099944,-0.0015910898965791898
2025-11-25,12330,12630,11630,11850,1574348,-0.055776892430278835
2025-11-26,11770,11850,11120,11330,1139850,-0.04388185654008436
2025-11-27,11480,11670,10950,11130,813446,-0.017652250661959412
2025-11-28,11300,11400,10880,11040,821430,-0.008086253369272267
2025-12-01,11380,11860,11270,11530,1293645,0.04438405797101441
2025-12-02,11880,12120,11190,11360,946183,-0.014744145706851675
2025-12-03,11500,12070,11380,11860,1155925,0.04401408450704225
2025-12-04,11700,11760,11140,11150,1027631,-0.059865092748735194
2025-12-05,11270,11350,11030,11260,577279,0.009865470852017832
2025-12-08,11260,11810,11150,11640,754355,0.03374777975133214
2025-12-09,11650,11870,11490,11640,364658,0.0
2025-12-10,11650,11880,11550,11610,573501,-0.002577319587628857
2025-12-11,11760,14290,11560,14070,8559663,0.21188630490956073
2025-12-12,15770,15800,12800,13150,6041445,-0.06538734896943854
2025-12-15,13460,13660,13200,13370,2771289,0.016730038022813698
2025-12-16,13400,13450,12500,12590,1515721,-0.05833956619296932
2025-12-17,12520,12810,12370,12590,799354,0.0
2025-12-18,12290,12450,12120,12250,709444,-0.02700555996822873
2025-12-19,12960,13280,12550,12920,2428140,0.0546938775510204
2025-12-22,12920,12930,12560,12730,1211645,-0.014705882352941124
2025-12-23,12590,13100,12360,12890,1270548,0.01256873527101332
2025-12-24,12820,12980,12620,12810,623174,-0.006206361520558534
2025-12-26,13000,13120,12550,12650,664497,-0.012490241998438734
2025-12-29,12510,12610,12370,12500,471838,-0.011857707509881465
2025-12-30,13280,13520,12710,13100,2500312,0.04800000000000004
2026-01-02,13000,13370,12720,12790,936831,-0.023664122137404542
2026-01-05,12750,12790,12150,12520,984239,-0.02111024237685688
2026-01-06,12490,12690,12260,12370,730208,-0.011980830670926479
2026-01-07,12360,12420,11800,12080,1520282,-0.023443815683104274
2026-01-08,12060,12370,11790,12210,937596,0.010761589403973426
2026-01-09,12130,12830,12090,12730,1020976,0.042588042588042496
2026-01-12,12570,12900,12340,12700,570489,-0.00235663786331497
2026-01-13,12700,12770,12450,12750,537431,0.003937007874015741
2026-01-14,12860,13690,12780,13320,1733090,0.04470588235294115
2026-01-15,13530,13770,13300,13660,1126078,0.02552552552552556
2026-01-16,13500,13880,13330,13740,1028410,0.005856515373352744
2026-01-19,13510,14470,13380,13950,996336,0.015283842794759916
2026-01-20,14020,14380,13830,13940,1146716,-0.0007168458781362519
2026-01-21,13490,14830,13460,14380,1775043,0.031563845050215145
2026-01-22,14450,15460,14160,15060,2045803,0.04728789986091786
2026-01-23,15540,15550,14690,14920,1188217,-0.009296148738379806
