Date,Open,High,Low,Close,Volume,Change
2022-01-03,23950,24250,23550,23950,27561,0.0
2022-01-04,23900,24100,23400,23600,33585,-0.014613778705636737
2022-01-05,23750,23800,23300,23350,33062,-0.010593220338983023
2022-01-06,23250,23450,22500,22600,54902,-0.032119914346895095
2022-01-07,22800,23050,22600,22800,23424,0.008849557522123908
2022-01-10,22800,22850,22150,22150,34761,-0.028508771929824595
2022-01-11,21850,22500,21800,22150,44884,0.0
2022-01-12,22150,22700,22150,22500,22579,0.015801354401805856
2022-01-13,22750,22750,22200,22250,29103,-0.011111111111111072
2022-01-14,22250,22300,21700,21900,36919,-0.01573033707865168
2022-01-17,21800,22000,21000,21300,48351,-0.0273972602739726
2022-01-18,21150,21750,20750,20750,26167,-0.025821596244131495
2022-01-19,20550,21450,20000,20850,33345,0.004819277108433662
2022-01-20,20850,21500,20800,21100,21050,0.011990407673860837
2022-01-21,20850,21650,20850,21250,26898,0.007109004739336511
2022-01-24,21250,21350,20450,20450,37316,-0.03764705882352937
2022-01-25,20350,20550,19400,19750,50844,-0.03422982885085579
2022-01-26,19400,20100,19300,19750,31034,0.0
2022-01-27,19550,19800,18650,18800,40236,-0.048101265822784844
2022-01-28,19250,20050,18800,20000,36641,0.06382978723404253
2022-02-03,20100,21200,20100,20800,30305,0.040000000000000036
2022-02-04,20800,21200,20400,21200,19091,0.019230769230769162
2022-02-07,21200,21200,20000,20850,26767,-0.01650943396226412
2022-02-08,20800,21150,20650,20850,14125,0.0
2022-02-09,20900,21550,20800,21350,20059,0.023980815347721895
2022-02-10,21250,21500,21100,21250,22550,-0.004683840749414525
2022-02-11,20900,21350,20600,21200,34111,-0.0023529411764705577
2022-02-14,20850,20900,20400,20400,20621,-0.037735849056603765
2022-02-15,20450,20800,19900,20050,21847,-0.01715686274509809
2022-02-16,20200,20800,20200,20600,13720,0.027431421446383997
2022-02-17,20700,21700,20600,21100,52066,0.024271844660194164
2022-02-18,20700,21700,20650,21250,22092,0.007109004739336511
2022-02-21,20950,21600,20900,21300,16512,0.0023529411764706687
2022-02-22,20750,21150,20700,20900,14180,-0.018779342723004744
2022-02-23,20900,21300,20650,21300,10262,0.019138755980861344
2022-02-24,21100,21150,19850,20100,37122,-0.05633802816901412
2022-02-25,20350,21650,20150,21650,20587,0.07711442786069655
2022-02-28,21100,22200,20800,22150,76151,0.023094688221708903
2022-03-02,21900,22100,21700,21700,28925,-0.020316027088036148
2022-03-03,21750,21950,21700,21900,8534,0.009216589861751112
2022-03-04,21750,21850,21250,21600,17001,-0.013698630136986356
2022-03-07,21300,21600,20750,21600,21080,0.0
2022-03-08,21100,22000,20700,21500,30908,-0.00462962962962965
2022-03-10,21500,21800,21100,21150,20348,-0.016279069767441867
2022-03-11,21050,21500,20750,20950,43684,-0.009456264775413725
2022-03-14,20800,20950,19550,19750,71979,-0.05727923627684961
2022-03-15,19600,20100,19200,19950,60434,0.010126582278481067
2022-03-16,19950,20850,19900,20550,54210,0.03007518796992481
2022-03-17,20700,21250,20600,21000,35595,0.021897810218978186
2022-03-18,20850,21500,20350,20950,31889,-0.0023809523809523725
2022-03-21,21000,21150,20700,20850,26533,-0.004773269689737458
2022-03-22,20700,21100,20700,20900,16831,0.0023980815347721673
2022-03-23,21100,21100,20750,20850,23416,-0.0023923444976076125
2022-03-24,20850,21100,20550,20900,27587,0.0023980815347721673
2022-03-25,20850,21200,20550,21000,45426,0.004784688995215225
2022-03-28,21000,21050,20700,20900,13082,-0.004761904761904745
2022-03-29,20800,21650,20750,21550,45782,0.031100478468899517
2022-03-30,21700,21750,21350,21600,32271,0.002320185614849146
2022-03-31,21500,21950,21350,21750,30611,0.00694444444444442
2022-04-01,21450,22150,21400,22000,49775,0.011494252873563315
2022-04-04,22200,22700,21850,22450,60776,0.020454545454545503
2022-04-05,22400,22600,22250,22350,29549,-0.0044543429844098315
2022-04-06,22350,22400,22000,22050,26667,-0.01342281879194629
2022-04-07,21950,22100,21200,21450,50170,-0.027210884353741527
2022-04-08,21450,22000,21400,22000,18692,0.02564102564102555
2022-04-11,21700,22500,21550,22350,44231,0.015909090909090873
2022-04-12,22150,22900,21850,22350,54059,0.0
2022-04-13,22350,22700,22250,22400,37569,0.0022371364653244186
2022-04-14,22400,22800,22250,22750,28933,0.015625
2022-04-15,22500,22550,21000,22100,29718,-0.02857142857142858
2022-04-18,22100,22100,21800,21850,15627,-0.011312217194570096
2022-04-19,22000,22150,21650,22050,23229,0.009153318077803174
2022-04-20,22150,22200,21700,21800,31302,-0.0113378684807256
2022-04-21,21900,22100,21600,21700,24159,-0.004587155963302725
2022-04-22,21650,21750,21400,21550,16548,-0.00691244239631339
2022-04-25,21150,21800,21150,21500,29330,-0.002320185614849146
2022-04-26,21350,22050,21350,21800,23119,0.013953488372093092
2022-04-27,21500,21950,21000,21800,19082,0.0
2022-04-28,21800,21800,21350,21450,12816,-0.016055045871559592
2022-04-29,21600,21600,20900,21200,35571,-0.011655011655011704
2022-05-02,21000,21050,20550,20550,29503,-0.030660377358490587
2022-05-03,20800,20800,20500,20550,16077,0.0
2022-05-04,20550,20600,19700,19950,40572,-0.029197080291970767
2022-05-06,19750,19800,19300,19800,53034,-0.007518796992481258
2022-05-09,19550,20200,19400,20200,27110,0.02020202020202011
2022-05-10,19700,19700,19050,19350,35047,-0.04207920792079212
2022-05-11,19400,19550,19200,19350,14602,0.0
2022-05-12,19050,19200,18350,18350,38689,-0.05167958656330751
2022-05-13,18250,18700,18200,18450,29046,0.005449591280654031
2022-05-16,18550,19700,18500,19550,57386,0.05962059620596216
2022-05-17,19550,19550,19150,19400,11395,-0.007672634271099765
2022-05-18,19450,19450,19200,19350,11982,-0.002577319587628857
2022-05-19,19000,19350,18850,19350,17862,0.0
2022-05-20,19200,20150,19200,20050,29113,0.036175710594315236
2022-05-23,19900,20200,19650,20200,24566,0.007481296758104827
2022-05-24,20050,20350,19700,19700,14235,-0.024752475247524774
2022-05-25,19850,19900,19550,19700,12626,0.0
2022-05-26,19700,20050,19500,19600,18478,-0.005076142131979711
2022-05-27,19800,20000,19300,19500,72226,-0.005102040816326481
2022-05-30,19600,20500,19500,20400,34237,0.04615384615384621
2022-05-31,20400,20850,20200,20600,38101,0.009803921568627416
2022-06-02,20750,21550,20500,21500,85938,0.043689320388349495
2022-06-03,21550,21650,21050,21550,38615,0.0023255813953488857
2022-06-07,21300,21650,21000,21650,31944,0.004640371229698292
2022-06-08,21550,21850,21300,21500,28993,-0.006928406466512715
2022-06-09,21200,21550,20700,21500,33168,0.0
2022-06-10,21250,21450,20800,21400,40540,-0.0046511627906976605
2022-06-13,20800,21350,20050,21100,34531,-0.014018691588784993
2022-06-14,20700,20750,19450,20650,63957,-0.021327014218009532
2022-06-15,20250,20900,19700,20900,25778,0.012106537530266248
2022-06-16,20750,21200,20450,21200,28434,0.014354066985645897
2022-06-17,20300,21250,20150,20700,42900,-0.02358490566037741
2022-06-20,20500,20700,19500,20150,34774,-0.02657004830917875
2022-06-21,19850,20300,19850,19950,9943,-0.00992555831265507
2022-06-22,20200,20450,19500,19800,17493,-0.007518796992481258
2022-06-23,19750,20100,18850,19850,34352,0.002525252525252597
2022-06-24,19900,20500,19700,20250,33620,0.02015113350125941
2022-06-27,20350,20800,20000,20800,30377,0.02716049382716057
2022-06-28,20600,21900,20600,21800,81475,0.04807692307692313
2022-06-29,21550,22500,21350,22200,67279,0.0183486238532109
2022-06-30,22000,22300,21300,22250,49079,0.0022522522522523403
2022-07-01,21950,22300,21450,22100,43928,-0.006741573033707815
2022-07-04,22200,22250,21500,21750,24413,-0.015837104072398245
2022-07-05,21750,21950,21600,21850,24871,0.0045977011494253706
2022-07-06,21850,22900,21600,22200,52867,0.016018306636155666
2022-07-07,22250,22250,21800,21950,20565,-0.011261261261261257
2022-07-08,22100,22100,21450,21600,45666,-0.015945330296127547
2022-07-11,21650,21900,21100,21550,36056,-0.0023148148148147696
2022-07-12,21500,21800,21200,21500,18430,-0.002320185614849146
2022-07-13,21550,22250,21350,21950,33463,0.020930232558139528
2022-07-14,21950,23000,21700,22950,77317,0.04555808656036442
2022-07-15,22850,23450,22600,23000,70456,0.002178649237472685
2022-07-18,23450,23450,22650,23050,31495,0.0021739130434783593
2022-07-19,23000,23950,22850,23850,77812,0.03470715835141003
2022-07-20,23850,24300,23550,24000,89199,0.0062893081761006275
2022-07-21,24050,24200,23250,24000,63746,0.0
2022-07-22,23850,24000,23150,23250,32707,-0.03125
2022-07-25,23250,23950,22950,23800,46599,0.023655913978494647
2022-07-26,23800,24350,23600,23600,32713,-0.008403361344537785
2022-07-27,23600,24250,23400,23750,37877,0.006355932203389925
2022-07-28,23950,24000,23200,23800,17668,0.002105263157894832
2022-07-29,23650,24100,23600,23900,16287,0.004201680672268893
2022-08-01,24100,25150,23550,24950,63781,0.043933054393305415
2022-08-02,24950,25400,24650,25100,43273,0.006012024048096087
2022-08-03,25300,25300,24450,24650,26259,-0.017928286852589626
2022-08-04,24650,25550,24500,25250,45214,0.024340770791074995
2022-08-05,25450,25750,24950,25650,48166,0.015841584158415856
2022-08-08,25400,25500,24400,25400,58607,-0.00974658869395717
2022-08-09,25350,25350,24500,24950,28292,-0.017716535433070835
2022-08-10,24600,24800,23800,24400,39899,-0.022044088176352727
2022-08-11,24400,25050,24150,24900,36554,0.020491803278688492
2022-08-12,24650,24900,24600,24900,18331,0.0
2022-08-16,24900,25200,24500,24850,28483,-0.002008032128514081
2022-08-17,24850,24850,23850,24500,36759,-0.014084507042253502
2022-08-18,24350,24350,23550,24150,26049,-0.014285714285714235
2022-08-19,24050,24150,23700,24150,9859,0.0
2022-08-22,24000,24000,23250,23600,14837,-0.022774327122153215
2022-08-23,22850,24400,22800,24400,40728,0.03389830508474567
2022-08-24,24000,24250,23650,23900,12210,-0.020491803278688492
2022-08-25,23700,24200,23650,24150,11614,0.010460251046025215
2022-08-26,24150,24150,23900,24050,7087,-0.0041407867494823725
2022-08-29,23300,23800,23100,23750,9668,-0.012474012474012475
2022-08-30,23450,24300,23450,23800,13380,0.002105263157894832
2022-08-31,23850,24000,23500,23700,8993,-0.004201680672268893
2022-09-01,23600,23750,23300,23650,5638,-0.002109704641350185
2022-09-02,23350,23600,23150,23300,10173,-0.014799154334038
2022-09-05,23650,23650,22050,22250,45275,-0.045064377682403456
2022-09-06,21950,22350,21450,21950,69925,-0.013483146067415741
2022-09-07,21600,21900,20950,21250,70190,-0.03189066059225509
2022-09-08,21300,21550,21250,21450,12940,0.009411764705882453
2022-09-13,21550,21750,21400,21650,14767,0.00932400932400923
2022-09-14,20950,21350,20850,21150,11647,-0.023094688221709014
2022-09-15,21100,21200,20500,20800,40950,-0.01654846335697402
2022-09-16,20650,20700,19900,20600,44286,-0.009615384615384581
2022-09-19,20550,20550,19750,20150,47131,-0.021844660194174748
2022-09-20,20200,20450,20000,20200,20355,0.002481389578163684
2022-09-21,20150,20450,19500,20050,52251,-0.007425742574257432
2022-09-22,19800,19800,19450,19700,32439,-0.017456359102244412
2022-09-23,19750,19750,19000,19550,66150,-0.0076142131979695105
2022-09-26,19000,19250,18100,18500,42604,-0.053708439897698246
2022-09-27,18500,18650,17950,18450,27407,-0.002702702702702675
2022-09-28,18700,19150,18250,18450,27012,0.0
2022-09-29,18450,19000,17850,18700,26379,0.013550135501354976
2022-09-30,18350,18650,18200,18650,19387,-0.002673796791443861
2022-10-04,19150,20050,19150,19900,50374,0.06702412868632712
2022-10-05,19900,20150,19400,19950,28675,0.002512562814070307
2022-10-06,19950,20650,19950,20600,28424,0.032581453634085156
2022-10-07,20600,20700,20200,20650,16401,0.0024271844660195274
2022-10-11,20500,20500,19550,20250,22846,-0.01937046004842613
2022-10-12,20200,20200,19550,20100,22833,-0.007407407407407418
2022-10-13,19850,19900,18750,19350,48897,-0.03731343283582089
2022-10-14,19400,20250,19400,20150,24036,0.04134366925064592
2022-10-17,19850,20750,19850,20750,17015,0.02977667493796532
2022-10-18,20900,21400,20650,21350,25680,0.028915662650602414
2022-10-19,21150,21400,20850,20900,26379,-0.021077283372365363
2022-10-20,20750,20950,20400,20900,13952,0.0
2022-10-21,20650,20950,20350,20800,16647,-0.004784688995215336
2022-10-24,20950,21250,20800,21150,13751,0.016826923076923128
2022-10-25,20950,21300,20400,20750,19837,-0.01891252955082745
2022-10-26,20950,20950,20100,20200,31082,-0.026506024096385583
2022-10-27,20400,20950,20100,20800,43310,0.02970297029702973
2022-10-28,20650,20850,20100,20400,15615,-0.019230769230769273
2022-10-31,20550,21150,20450,21100,24484,0.03431372549019618
2022-11-01,20850,21250,20750,21250,14850,0.007109004739336511
2022-11-02,21000,21500,20550,21000,31941,-0.0117647058823529
2022-11-03,20900,21050,20550,20900,10654,-0.004761904761904745
2022-11-04,20650,20800,19350,20250,79139,-0.031100478468899517
2022-11-07,20050,20300,19750,20250,36190,0.0
2022-11-08,20350,20900,20300,20850,20386,0.029629629629629672
2022-11-09,20850,21200,20700,20950,14281,0.004796163069544335
2022-11-10,20900,21750,20600,21050,50806,0.004773269689737569
2022-11-11,21350,21950,21200,21400,32913,0.016627078384798155
2022-11-14,21500,22150,21250,22050,69715,0.030373831775700966
2022-11-15,22050,22800,22050,22750,29664,0.031746031746031855
2022-11-16,23000,23000,22000,22250,88053,-0.02197802197802201
2022-11-17,22250,22250,21600,21750,67756,-0.022471910112359605
2022-11-18,21900,21950,21200,21550,37475,-0.00919540229885063
2022-11-21,21600,21650,20400,20850,90450,-0.0324825986078886
2022-11-22,20900,21650,20750,21600,35076,0.03597122302158273
2022-11-23,22000,22700,21750,22250,90862,0.03009259259259256
2022-11-24,22450,22600,21600,22150,72579,-0.004494382022471877
2022-11-25,22200,22200,21500,21850,46467,-0.013544018058690765
2022-11-28,21800,21900,21100,21300,50441,-0.02517162471395884
2022-11-29,21250,22800,21200,22700,74814,0.06572769953051649
2022-11-30,22700,22900,22200,22250,36946,-0.01982378854625555
2022-12-01,22450,22700,22000,22100,35349,-0.006741573033707815
2022-12-02,22100,22350,21700,22100,27319,0.0
2022-12-05,22300,23250,22300,23150,74020,0.04751131221719462
2022-12-06,22750,24700,22750,24300,177075,0.049676025917926525
2022-12-07,24250,24400,22650,23900,59728,-0.016460905349794275
2022-12-08,23750,24400,23200,23950,47070,0.0020920502092049986
2022-12-09,24400,24950,23850,24550,68051,0.025052192066805867
2022-12-12,24550,25150,24050,24650,64974,0.004073319755600879
2022-12-13,24650,24850,23850,24150,45565,-0.020283975659229236
2022-12-14,24350,25100,24350,24900,42808,0.03105590062111796
2022-12-15,25000,25100,23550,23850,87167,-0.04216867469879515
2022-12-16,23300,24250,23300,24000,44539,0.0062893081761006275
2022-12-19,24000,24500,23900,24250,20590,0.01041666666666674
2022-12-20,24250,25500,23950,24550,109565,0.012371134020618513
2022-12-21,24900,26750,24200,26650,180003,0.08553971486761713
2022-12-22,26850,27500,25950,27250,118258,0.022514071294559068
2022-12-23,26800,27350,25850,27100,89531,-0.0055045871559632475
2022-12-26,26800,27900,26050,26650,68834,-0.016605166051660514
2022-12-27,26650,27200,26100,26850,70298,0.007504690431519689
2022-12-28,26400,27350,26150,27200,38843,0.013035381750465591
2022-12-29,27100,28000,26350,27700,118709,0.018382352941176405
2023-01-02,27350,27650,26150,26750,71704,-0.03429602888086647
2023-01-03,26750,27050,26300,26900,64100,0.005607476635514086
2023-01-04,26850,28650,26550,28550,92956,0.0613382899628252
2023-01-05,28550,28700,26700,27650,111189,-0.031523642732048995
2023-01-06,27300,28200,26450,27400,103325,-0.009041591320072317
2023-01-09,27400,27600,26600,26900,75028,-0.018248175182481785
2023-01-10,27150,27200,26100,26500,66871,-0.014869888475836479
2023-01-11,26550,27400,26150,26850,42683,0.013207547169811429
2023-01-12,26850,27750,26300,27500,124032,0.024208566108007368
2023-01-13,27500,27800,27150,27750,44744,0.009090909090909038
2023-01-16,27750,28050,27300,27550,43835,-0.007207207207207245
2023-01-17,27550,27550,26600,27100,77106,-0.016333938294010864
2023-01-18,27000,27000,26200,26900,57755,-0.0073800738007380184
2023-01-19,26950,27750,26600,27700,63284,0.029739776951672958
2023-01-20,27700,29200,26950,29100,99402,0.05054151624548742
2023-01-25,29150,29550,28250,29000,80118,-0.0034364261168384758
2023-01-26,29000,29000,27950,28100,107997,-0.03103448275862064
2023-01-27,28100,28350,27400,28050,65099,-0.001779359430605032
2023-01-30,27900,27900,26900,27600,70693,-0.016042780748663055
2023-01-31,27350,27400,26700,27300,53111,-0.010869565217391353
2023-02-01,27300,27450,26800,26950,30032,-0.012820512820512775
2023-02-02,26950,27100,26600,27050,69557,0.0037105751391466324
2023-02-03,27450,28200,27400,27800,69741,0.02772643253234741
2023-02-06,27350,28350,27300,28200,64187,0.014388489208633004
2023-02-07,28050,28650,27850,28250,51026,0.0017730496453900457
2023-02-08,28200,28400,27400,27600,53340,-0.023008849557522137
2023-02-09,27500,27850,27250,27850,20575,0.009057971014492683
2023-02-10,27650,28500,24400,25700,227008,-0.07719928186714542
2023-02-13,25500,25900,24550,25650,174952,-0.0019455252918287869
2023-02-14,25650,25750,24900,25650,100748,0.0
2023-02-15,25550,25550,24550,25000,82722,-0.025341130604288553
2023-02-16,25000,25300,24550,25000,67459,0.0
2023-02-17,24650,25150,24500,24750,49005,-0.010000000000000009
2023-02-20,24800,25900,24800,25700,76578,0.03838383838383841
2023-02-21,25500,25750,25000,25250,27729,-0.017509727626459193
2023-02-22,24950,25500,24700,25300,22823,0.001980198019801982
2023-02-23,25400,25950,25050,25700,33257,0.015810276679841806
2023-02-24,25550,25700,24650,25250,40748,-0.017509727626459193
2023-02-27,24850,26350,24400,26300,88225,0.04158415841584162
2023-02-28,26150,27450,25600,27300,126349,0.03802281368821303
2023-03-02,27300,27300,26250,26850,67497,-0.016483516483516536
2023-03-03,26650,27100,26200,27000,36979,0.005586592178770999
2023-03-06,26800,27100,26550,26850,32014,-0.005555555555555536
2023-03-07,27050,27200,26550,27000,48629,0.005586592178770999
2023-03-08,27050,27250,26500,26700,91703,-0.011111111111111072
2023-03-09,26600,27150,26400,26750,71064,0.001872659176029856
2023-03-10,26450,26850,26250,26650,80702,-0.0037383177570093906
2023-03-13,26100,26750,25500,26650,35120,0.0
2023-03-14,26250,26450,25150,26250,53632,-0.015009380863039379
2023-03-15,26450,26450,24750,25350,72827,-0.03428571428571425
2023-03-16,24800,25200,24250,25100,32757,-0.009861932938856066
2023-03-17,25100,25100,24550,24650,24520,-0.017928286852589626
2023-03-20,24350,24750,24250,24700,24223,0.0020283975659229903
2023-03-21,24650,24650,24150,24400,21425,-0.012145748987854255
2023-03-22,24400,24450,23400,23750,40393,-0.026639344262295084
2023-03-23,23400,23800,23400,23700,16193,-0.002105263157894721
2023-03-24,23700,23700,23000,23200,42385,-0.021097046413502074
2023-03-27,23200,23550,22550,23300,21805,0.004310344827586299
2023-03-28,23150,23800,23150,23750,13408,0.0193133047210301
2023-03-29,23750,23750,22700,23250,40169,-0.021052631578947323
2023-03-30,23300,23450,22850,23100,18140,-0.006451612903225823
2023-03-31,23000,23100,22500,23050,40112,-0.0021645021645021467
2023-04-03,23050,23450,22800,23300,25657,0.010845986984815648
2023-04-04,23150,24150,23150,24100,44934,0.03433476394849788
2023-04-05,23800,25250,23050,24900,129407,0.03319502074688807
2023-04-06,24800,25050,24250,24800,47012,-0.004016064257028162
2023-04-07,24550,24600,24050,24100,42028,-0.028225806451612878
2023-04-10,23900,24600,23350,23800,91506,-0.012448132780082943
2023-04-11,23650,26000,23550,25200,83035,0.05882352941176472
2023-04-12,25100,25400,24400,25100,43597,-0.003968253968253954
2023-04-13,24900,25200,24800,25150,26599,0.0019920318725099584
2023-04-14,25050,25900,24750,24800,59369,-0.013916500994035741
2023-04-17,24950,24950,24000,24150,78892,-0.02620967741935487
2023-04-18,24150,24650,24150,24650,30751,0.020703933747411973
2023-04-19,24900,29150,24900,28300,492248,0.14807302231237318
2023-04-20,28000,28650,27050,27050,111393,-0.044169611307420475
2023-04-21,27000,27200,26100,26900,73395,-0.00554528650646946
2023-04-24,26600,27450,26100,26500,51616,-0.014869888475836479
2023-04-25,26350,26900,25950,26600,45310,0.0037735849056603765
2023-04-26,26550,27550,26250,27150,42833,0.020676691729323293
2023-04-27,27400,28400,26550,27850,74918,0.025782688766114115
2023-04-28,28500,28500,27550,28300,50771,0.016157989228007263
2023-05-02,27150,27450,26000,27350,146403,-0.03356890459363959
2023-05-03,27350,27400,26450,27000,48216,-0.012797074954296161
2023-05-04,26800,28800,26750,28450,77076,0.05370370370370381
2023-05-08,28450,28650,27350,27500,42396,-0.033391915641476255
2023-05-09,27100,28250,27000,27850,19667,0.012727272727272698
2023-05-10,27700,28050,26750,26800,60944,-0.037701974865350096
2023-05-11,27150,29800,27100,29500,303187,0.10074626865671643
2023-05-12,29100,30500,28450,28800,177342,-0.023728813559321993
2023-05-15,29100,29150,27400,28850,117971,0.0017361111111111605
2023-05-16,29050,30250,28550,28950,106332,0.0034662045060658286
2023-05-17,29100,30150,28850,30150,98557,0.041450777202072464
2023-05-18,30050,30200,29350,29700,61683,-0.014925373134328401
2023-05-19,29700,31400,29600,30550,118201,0.028619528619528545
2023-05-22,30750,31450,30100,30700,41138,0.004909983633387904
2023-05-23,30200,30750,29150,30350,115303,-0.01140065146579805
2023-05-24,30100,32150,29650,31950,128192,0.05271828665568368
2023-05-25,32000,33150,31450,32100,143285,0.0046948356807512415
2023-05-26,32250,32350,30850,31250,153119,-0.026479750778816147
2023-05-30,31300,31850,30950,31000,47116,-0.008000000000000007
2023-05-31,31300,32650,31000,31600,84924,0.019354838709677358
2023-06-01,31500,33450,31300,32900,199138,0.04113924050632911
2023-06-02,33300,33500,31700,31700,177328,-0.03647416413373861
2023-06-05,31700,32200,30450,30850,159714,-0.02681388012618302
2023-06-07,30850,32950,30850,31500,186042,0.021069692058346856
2023-06-08,31150,32250,30850,31050,65207,-0.014285714285714235
2023-06-09,31050,32400,31000,32000,58076,0.03059581320450877
2023-06-12,32450,32850,31900,32200,56331,0.006250000000000089
2023-06-13,32200,33600,32200,33100,80247,0.02795031055900621
2023-06-14,33100,33350,31950,32600,62729,-0.015105740181268867
2023-06-15,32700,34500,32700,33900,94838,0.039877300613496924
2023-06-16,34050,34150,33000,33000,58999,-0.026548672566371723
2023-06-19,33000,33200,32250,32950,34216,-0.0015151515151514694
2023-06-20,32950,34650,32850,33750,107013,0.02427921092564489
2023-06-21,33900,34600,33100,33300,48302,-0.013333333333333308
2023-06-22,33150,33600,32600,32800,36500,-0.01501501501501501
2023-06-23,33050,33050,32000,32350,57778,-0.013719512195121908
2023-06-26,32500,33450,31900,33150,56075,0.02472952086553315
2023-06-27,32750,33000,31750,32350,72657,-0.02413273001508298
2023-06-28,32650,33700,32450,33200,55147,0.026275115919629055
2023-06-29,34850,36200,34150,35200,313722,0.06024096385542177
2023-06-30,35150,35950,34100,35500,71673,0.008522727272727293
2023-07-03,35500,36200,35150,35900,86264,0.011267605633802802
2023-07-04,35800,35900,35050,35400,55944,-0.013927576601671321
2023-07-05,35000,35300,34150,34350,76255,-0.029661016949152574
2023-07-06,34500,35950,33600,35600,123580,0.0363901018922852
2023-07-07,35600,36300,33800,35500,129889,-0.002808988764044895
2023-07-10,35500,37100,35000,36350,126708,0.023943661971830954
2023-07-11,36400,36750,35700,36550,64526,0.005502063273727709
2023-07-12,36600,37450,35600,37050,100870,0.013679890560875485
2023-07-13,37100,37550,36350,36500,52560,-0.014844804318488558
2023-07-14,36500,36700,35050,36150,83609,-0.009589041095890427
2023-07-17,35750,36800,35250,35300,109724,-0.023513139695712337
2023-07-18,35350,37700,35150,37100,124212,0.05099150141643061
2023-07-19,37000,37500,36600,37300,53943,0.005390835579514919
2023-07-20,37250,37500,36600,37350,41146,0.0013404825737264314
2023-07-21,37200,37600,36350,36450,55030,-0.02409638554216864
2023-07-24,36500,36750,35800,36350,45686,-0.002743484224965731
2023-07-25,35950,36450,35150,35900,79342,-0.012379642365887178
2023-07-26,35550,35600,33500,33500,169236,-0.06685236768802227
2023-07-27,33000,34900,32950,34100,61243,0.017910447761193993
2023-07-28,34200,36250,34200,36200,54150,0.061583577712609916
2023-07-31,36200,36550,35250,35900,55545,-0.008287292817679592
2023-08-01,35900,36550,34900,35850,86903,-0.0013927576601671099
2023-08-02,35850,35850,34850,35150,42329,-0.019525801952580246
2023-08-03,34850,37100,34850,36650,112166,0.04267425320056906
2023-08-04,37300,39700,36900,39600,313099,0.08049113233287852
2023-08-07,40400,40450,38700,39650,124230,0.0012626262626262985
2023-08-08,39400,41050,38600,39750,152436,0.0025220680958386588
2023-08-09,39750,41500,39550,41500,132845,0.04402515723270439
2023-08-10,42050,43450,40450,41950,317131,0.010843373493975905
2023-08-11,41900,44500,41150,42150,210603,0.004767580452920139
2023-08-14,42750,43650,41750,43000,99845,0.02016607354685651
2023-08-16,42450,43100,41300,42600,143743,-0.009302325581395321
2023-08-17,42400,42550,38500,40900,197642,-0.039906103286385
2023-08-18,40450,41250,39300,39650,84372,-0.030562347188264005
2023-08-21,39300,40700,38650,40100,87150,0.011349306431273742
2023-08-22,39800,40950,39800,40400,44633,0.007481296758104827
2023-08-23,40400,40550,38350,39100,216694,-0.03217821782178221
2023-08-24,39100,39650,38650,39350,61744,0.006393861892583175
2023-08-25,39450,40150,38700,39100,54540,-0.006353240152477735
2023-08-28,38950,39250,37350,38100,105658,-0.025575447570332477
2023-08-29,38000,39500,37700,38900,86778,0.0209973753280841
2023-08-30,38900,39850,38300,39300,88025,0.010282776349614497
2023-08-31,39800,41700,39500,40350,161523,0.026717557251908497
2023-09-01,40650,40650,39000,39750,65701,-0.014869888475836479
2023-09-04,39350,40000,37700,38450,87081,-0.03270440251572326
2023-09-05,38400,38600,37500,38050,51122,-0.01040312093628093
2023-09-06,38050,39250,37750,38700,40121,0.01708278580814726
2023-09-07,38650,39450,37900,38400,56989,-0.007751937984496138
2023-09-08,38200,38900,37850,38600,49760,0.005208333333333259
2023-09-11,39000,39600,38100,39400,63419,0.020725388601036343
2023-09-12,40200,41350,38300,38600,164190,-0.02030456852791873
2023-09-13,38250,38650,37000,38100,107146,-0.012953367875647714
2023-09-14,38100,38700,37600,38100,32803,0.0
2023-09-15,38100,38450,37200,38450,52780,0.009186351706036655
2023-09-18,37650,38050,37450,37800,52974,-0.016905071521456483
2023-09-19,37900,37950,34050,35600,264128,-0.05820105820105825
2023-09-20,35450,36150,34600,35500,95062,-0.002808988764044895
2023-09-21,35000,37000,35000,35350,74427,-0.004225352112676051
2023-09-22,34800,36300,34450,35800,42380,0.012729844413012836
2023-09-25,35650,36100,34700,35000,51460,-0.022346368715083775
2023-09-26,35000,35800,34650,35800,49153,0.02285714285714291
2023-09-27,35100,36900,34650,36500,61432,0.019553072625698276
2023-10-04,35900,36650,34100,34600,86293,-0.05205479452054795
2023-10-05,34800,35950,34800,35350,30007,0.021676300578034713
2023-10-06,35150,36900,35150,36350,36582,0.028288543140028377
2023-10-10,36400,36500,35100,35500,62040,-0.023383768913342484
2023-10-11,35600,36050,34900,35500,70721,0.0
2023-10-12,35300,35950,35200,35350,28667,-0.004225352112676051
2023-10-13,35200,35200,34250,34650,51462,-0.01980198019801982
2023-10-16,34200,34600,33700,33950,38213,-0.02020202020202022
2023-10-17,33950,38000,33850,36000,237127,0.06038291605301915
2023-10-18,36400,36400,34600,35000,75215,-0.02777777777777779
2023-10-19,34400,34900,33450,34000,53181,-0.02857142857142858
2023-10-20,33500,34050,32650,33750,72967,-0.007352941176470562
2023-10-23,33450,33800,32000,32200,60268,-0.045925925925925926
2023-10-24,33500,35750,32750,35450,130330,0.10093167701863348
2023-10-25,35400,35400,34550,34850,39530,-0.016925246826516194
2023-10-26,34150,34750,33450,33800,43347,-0.03012912482065999
2023-10-27,34000,35200,33500,34750,44782,0.028106508875739733
2023-10-30,34700,35750,34100,35600,38539,0.02446043165467615
2023-10-31,35600,36450,33950,34100,48292,-0.042134831460674205
2023-11-01,34550,34550,33950,34400,19807,0.008797653958944274
2023-11-02,34800,35750,34600,35250,41340,0.024709302325581328
2023-11-03,35450,35450,34500,35000,39539,-0.007092198581560294
2023-11-06,35300,35450,34050,34550,68099,-0.0128571428571429
2023-11-07,34650,35000,33900,34600,39191,0.0014471780028944004
2023-11-08,34750,36650,34550,36500,127841,0.054913294797687806
2023-11-09,36200,36700,35800,35850,39257,-0.017808219178082174
2023-11-10,35850,35850,34000,35350,94725,-0.013947001394700176
2023-11-13,35050,35400,33200,33300,109833,-0.057991513437057995
2023-11-14,33300,34100,33300,33650,32686,0.010510510510510551
2023-11-15,33850,34250,33300,34000,58373,0.010401188707280795
2023-11-16,34000,34200,33350,33550,49971,-0.013235294117647012
2023-11-17,33700,33700,32550,32900,46613,-0.019374068554396384
2023-11-20,32900,33350,32500,32800,45780,-0.003039513677811523
2023-11-21,33050,33050,31600,31950,83787,-0.02591463414634143
2023-11-22,32150,32150,31000,31450,100387,-0.015649452269170583
2023-11-23,31750,34600,31600,34600,215892,0.10015898251192379
2023-11-24,34150,36500,34150,36150,160063,0.044797687861271696
2023-11-27,36200,36400,34250,35000,127059,-0.0318118948824343
2023-11-28,34750,35950,34350,35050,75860,0.0014285714285713347
2023-11-29,35050,35050,33250,33700,158909,-0.03851640513552068
2023-11-30,33700,35450,33450,34400,105715,0.020771513353115667
2023-12-01,34500,35600,34200,34550,64710,0.0043604651162789665
2023-12-04,35000,36050,33900,35100,79650,0.01591895803183796
2023-12-05,35100,35400,34450,34800,41799,-0.008547008547008517
2023-12-06,34900,35950,34750,35200,67471,0.011494252873563315
2023-12-07,35000,36050,34800,35300,44525,0.0028409090909091717
2023-12-08,35150,36000,35100,35900,35697,0.016997167138810276
2023-12-11,35800,36150,35350,35950,36985,0.0013927576601671099
2023-12-12,35950,35950,34700,35750,54441,-0.0055632823365785455
2023-12-13,35700,35750,34850,35350,48436,-0.01118881118881121
2023-12-14,35400,35950,35000,35300,31552,-0.0014144271570014633
2023-12-15,35200,35300,34800,34900,31482,-0.011331444759206777
2023-12-18,34850,35450,34750,34950,33705,0.0014326647564470996
2023-12-19,34950,35700,34600,35200,82266,0.007153075822603716
2023-12-20,35200,35950,34750,35400,67325,0.005681818181818121
2023-12-21,35000,36150,35000,35150,49278,-0.007062146892655385
2023-12-22,35150,35350,34350,34600,59245,-0.015647226173541973
2023-12-26,34750,34750,33600,33700,70155,-0.026011560693641633
2023-12-27,33950,34200,33000,33000,105345,-0.020771513353115778
2023-12-28,33200,33800,33050,33750,37790,0.022727272727272707
2024-01-02,33750,33850,32050,32350,108056,-0.04148148148148145
2024-01-03,32350,32750,32100,32500,82304,0.004636785162287493
2024-01-04,32500,32650,31900,32100,51683,-0.012307692307692353
2024-01-05,32400,32400,31150,31400,88559,-0.02180685358255452
2024-01-08,31600,32500,31200,31750,62494,0.011146496815286566
2024-01-09,32000,32900,31750,32800,58734,0.03307086614173227
2024-01-10,33250,33700,32650,33150,73451,0.010670731707317138
2024-01-11,33300,34450,32350,33750,126454,0.018099547511312153
2024-01-12,33750,33750,32550,32850,86143,-0.026666666666666616
2024-01-15,32800,32950,31550,31750,55486,-0.0334855403348554
2024-01-16,31750,32200,31100,31800,56866,0.0015748031496063408
2024-01-17,31700,31800,30900,31250,38794,-0.01729559748427678
2024-01-18,30950,32100,30500,31300,81720,0.0016000000000000458
2024-01-19,31300,31600,29250,29400,198532,-0.060702875399361034
2024-01-22,29700,29700,28900,29200,131234,-0.006802721088435382
2024-01-23,29450,29850,29150,29450,60522,0.008561643835616417
2024-01-24,29600,29600,28300,29150,166200,-0.01018675721561968
2024-01-25,29150,29150,27600,28650,128580,-0.01715265866209259
2024-01-26,28300,28800,27600,28050,111436,-0.020942408376963373
2024-01-29,28250,28250,26950,27200,140104,-0.030303030303030276
2024-01-30,27200,28100,27200,27750,88821,0.020220588235294157
2024-01-31,27600,28350,27400,27750,51286,0.0
2024-02-01,27500,28300,27250,27500,101821,-0.009009009009009028
2024-02-02,27850,28400,27550,28150,74398,0.023636363636363678
2024-02-05,27900,28550,27550,27600,64005,-0.019538188277087087
2024-02-06,27750,28100,27150,28100,46940,0.018115942028985588
2024-02-07,28200,28300,27750,28200,43551,0.003558718861210064
2024-02-08,28150,28300,27600,28250,47139,0.0017730496453900457
2024-02-13,28250,29050,28250,28850,65923,0.02123893805309729
2024-02-14,28400,29800,28350,29450,66143,0.020797227036395194
2024-02-15,29500,29800,29150,29350,53408,-0.00339558573853993
2024-02-16,29600,29800,29250,29650,31294,0.010221465076660996
2024-02-19,29800,30150,29000,29200,54832,-0.015177065767284947
2024-02-20,29000,29400,28800,29200,31908,0.0
2024-02-21,29300,29900,29000,29500,42790,0.010273972602739656
2024-02-22,29650,29650,28600,28650,59355,-0.028813559322033888
2024-02-23,28700,29050,28500,28650,56944,0.0
2024-02-26,28650,28900,28150,28350,30589,-0.010471204188481686
2024-02-27,28500,28500,27650,27750,43968,-0.021164021164021163
2024-02-28,28250,28250,27750,28200,48279,0.016216216216216273
2024-02-29,28200,28350,27700,28150,35636,-0.0017730496453900457
2024-03-04,28450,29200,28100,28700,86170,0.019538188277087087
2024-03-05,28700,28950,27850,27900,42615,-0.027874564459930307
2024-03-06,27750,28500,27650,27800,26912,-0.0035842293906810374
2024-03-07,27700,28000,26750,26950,96469,-0.030575539568345356
2024-03-08,27250,27250,26800,27200,26071,0.00927643784786647
2024-03-11,26900,27400,26900,26950,25061,-0.009191176470588203
2024-03-12,27400,31700,27400,29100,620294,0.07977736549165115
2024-03-13,28900,29700,28650,29200,110435,0.0034364261168384758
2024-03-14,29800,30000,28850,29200,101770,0.0
2024-03-15,29050,29400,28150,28150,72864,-0.03595890410958902
2024-03-18,28350,29700,28250,29300,102339,0.04085257548845478
2024-03-19,29350,29650,28850,28850,49109,-0.015358361774744034
2024-03-20,28950,29850,28850,29200,60643,0.0121317157712304
2024-03-21,29400,29400,28600,28650,70285,-0.018835616438356184
2024-03-22,28900,28900,28400,28650,30552,0.0
2024-03-25,28850,30050,28550,29700,84261,0.03664921465968596
2024-03-26,30000,30000,28950,29100,55339,-0.02020202020202022
2024-03-27,29250,29700,29150,29500,58854,0.013745704467353903
2024-03-28,29700,29800,28750,28900,73898,-0.02033898305084747
2024-03-29,28950,29050,28400,28850,48765,-0.0017301038062284002
2024-04-01,28850,29450,28600,29250,45123,0.013864818024263537
2024-04-02,29100,29250,28150,28300,82733,-0.032478632478632474
2024-04-03,28100,28500,27500,28150,65476,-0.005300353356890497
2024-04-04,28150,29300,28100,29300,60653,0.04085257548845478
2024-04-05,29100,31000,28800,30550,220204,0.04266211604095571
2024-04-08,31800,33250,31200,31900,473346,0.04418985270049092
2024-04-09,31700,32150,30800,31300,118631,-0.018808777429467072
2024-04-11,32100,34400,31400,33100,484572,0.057507987220447365
2024-04-12,33450,34200,32500,32850,216831,-0.007552870090634434
2024-04-15,32150,32750,31300,32250,110572,-0.0182648401826484
2024-04-16,31800,33450,31800,32900,133830,0.020155038759689825
2024-04-17,33450,35800,32600,32900,415901,0.0
2024-04-18,32800,34300,32700,33500,160121,0.01823708206686936
2024-04-19,33150,33500,31500,32900,138955,-0.017910447761193993
2024-04-22,32950,33450,32150,32800,119790,-0.003039513677811523
2024-04-23,32600,33200,31900,32300,88243,-0.015243902439024404
2024-04-24,32650,32900,31950,32750,71279,0.01393188854489158
2024-04-25,32550,32800,31750,31800,75009,-0.02900763358778624
2024-04-26,31800,33150,31000,33000,87758,0.037735849056603765
2024-04-29,33050,33600,32950,33500,53402,0.015151515151515138
2024-04-30,33500,33950,33300,33750,66362,0.00746268656716409
2024-05-02,33800,35550,33400,35300,210259,0.045925925925925926
2024-05-03,34950,36950,34650,35850,201127,0.015580736543909346
2024-05-07,35800,36100,34750,34900,113846,-0.02649930264993028
2024-05-08,34650,35350,34100,34850,70290,-0.0014326647564469885
2024-05-09,34850,35800,34550,35400,129861,0.015781922525107683
2024-05-10,35250,35600,33050,33800,260944,-0.04519774011299438
2024-05-13,33750,33950,32700,33150,146704,-0.019230769230769273
2024-05-14,33450,33650,32750,33150,58167,0.0
2024-05-16,33400,33650,32750,33050,68960,-0.003016591251885359
2024-05-17,33250,34500,32200,33950,81125,0.027231467473525006
2024-05-20,34200,34200,33200,33250,38561,-0.020618556701030966
2024-05-21,33050,34350,33050,34200,53766,0.02857142857142847
2024-05-22,34150,34400,33450,33500,57485,-0.020467836257309968
2024-05-23,33200,34200,32900,34200,48951,0.020895522388059806
2024-05-24,33600,34850,33350,34400,89820,0.005847953216374213
2024-05-27,34650,34650,33400,33700,78596,-0.02034883720930236
2024-05-28,33800,34400,33700,34250,46438,0.016320474777448135
2024-05-29,34050,34100,33300,33500,57492,-0.021897810218978075
2024-05-30,33500,34550,33200,33550,94232,0.0014925373134329067
2024-05-31,33950,35750,33950,35700,275471,0.06408345752608047
2024-06-03,36400,37200,35600,36000,133877,0.008403361344537785
2024-06-04,36300,36300,34700,35000,59344,-0.02777777777777779
2024-06-05,35400,35700,34250,34450,86973,-0.01571428571428568
2024-06-07,34450,34650,33450,33750,85358,-0.020319303338171224
2024-06-10,33400,34050,33000,33950,59298,0.00592592592592589
2024-06-11,34050,34750,33700,34050,59746,0.002945508100147265
2024-06-12,34150,35000,33550,34800,66301,0.022026431718061623
2024-06-13,34850,35100,34250,34400,72659,-0.011494252873563204
2024-06-14,34800,35000,34200,34600,82512,0.005813953488372103
2024-06-17,34750,36500,34600,36050,150021,0.041907514450867156
2024-06-18,36200,36200,35500,35850,70940,-0.00554785020804438
2024-06-19,35850,35850,34550,34700,101368,-0.03207810320781035
2024-06-20,34700,35050,33700,34050,73666,-0.018731988472622474
2024-06-21,34050,35000,33450,35000,127662,0.027900146842878115
2024-06-24,35150,35950,33700,34300,103380,-0.020000000000000018
2024-06-25,34350,34400,33250,34000,109235,-0.008746355685131157
2024-06-26,34150,34150,33400,33750,55451,-0.007352941176470562
2024-06-27,33750,34000,32650,33000,89626,-0.022222222222222254
2024-06-28,32950,33100,32050,32250,97677,-0.022727272727272707
2024-07-01,32300,33300,32250,32950,71842,0.02170542635658923
2024-07-02,33150,33200,31700,32000,104077,-0.028831562974203306
2024-07-03,32050,32250,31250,31250,54273,-0.0234375
2024-07-04,31300,31600,31000,31300,32488,0.0016000000000000458
2024-07-05,31400,32000,31200,31500,43214,0.006389776357827559
2024-07-08,32050,33200,31900,33150,59864,0.05238095238095242
2024-07-09,33150,33700,32850,33200,58299,0.0015082956259426794
2024-07-10,33200,34000,32750,33700,66916,0.015060240963855387
2024-07-11,33750,33750,32900,33000,40801,-0.020771513353115778
2024-07-12,33000,33650,32750,33350,32797,0.010606060606060508
2024-07-15,33650,34050,33300,33700,35980,0.010494752623688264
2024-07-16,33450,34000,32950,33950,55012,0.007418397626112849
2024-07-17,34050,34600,33800,34000,58604,0.0014727540500736325
2024-07-18,33650,34050,33300,33350,41872,-0.019117647058823573
2024-07-19,33550,34000,33300,33950,30549,0.01799100449775115
2024-07-22,33800,34300,32900,33650,58056,-0.008836524300441795
2024-07-23,33700,34200,33300,33650,66807,0.0
2024-07-24,33650,34250,33200,34000,47611,0.010401188707280795
2024-07-25,33650,34000,33000,33450,55141,-0.016176470588235348
2024-07-26,33350,33600,32750,33000,55584,-0.013452914798206317
2024-07-29,33150,35300,33000,34750,190253,0.05303030303030298
2024-07-30,34450,34750,33950,34550,65243,-0.0057553956834532904
2024-07-31,34400,34800,34000,34650,49847,0.0028943560057888007
2024-08-01,34700,35050,34400,34600,30959,-0.0014430014430014682
2024-08-02,34150,34500,32900,33200,106484,-0.040462427745664775
2024-08-05,32300,32950,27750,28250,281786,-0.14909638554216864
2024-08-06,29100,31150,29100,30950,118886,0.09557522123893802
2024-08-07,30700,33100,30200,33000,118384,0.06623586429725359
2024-08-08,32700,35250,32250,34650,241068,0.050000000000000044
2024-08-09,34700,36300,34400,35450,180235,0.023088023088023046
2024-08-12,35900,36750,35700,36300,140880,0.023977433004231274
2024-08-13,36300,36500,34300,35150,215213,-0.031680440771349905
2024-08-14,35350,35350,34200,34700,81694,-0.012802275960170695
2024-08-16,34950,36850,34800,36600,160831,0.05475504322766578
2024-08-19,36600,36600,35700,36250,86580,-0.0095628415300546
2024-08-20,36500,36600,35150,35950,134054,-0.008275862068965467
2024-08-21,35950,37100,35600,35950,159583,0.0
2024-08-22,35950,36400,35000,35400,82425,-0.015299026425591111
2024-08-23,34950,35600,34700,34950,48066,-0.012711864406779627
2024-08-26,35000,35000,33000,33350,148109,-0.045779685264663805
2024-08-27,33500,33500,32500,33200,63887,-0.004497751124437732
2024-08-28,34100,34850,33050,33500,114847,0.009036144578313143
2024-08-29,33450,33800,32550,32950,79743,-0.016417910447761197
2024-08-30,33000,33500,32500,33300,85084,0.01062215477996964
2024-09-02,33300,33400,32550,32850,38016,-0.013513513513513487
2024-09-03,32700,33100,32100,32150,48678,-0.0213089802130898
2024-09-04,31450,31600,30800,31450,100632,-0.021772939346811793
2024-09-05,31600,32000,30500,30950,105250,-0.015898251192368873
2024-09-06,30750,31250,29800,31100,75875,0.004846526655896577
2024-09-09,30750,32050,30600,31800,93005,0.022508038585209
2024-09-10,31850,32900,31350,32500,116505,0.022012578616352307
2024-09-11,33300,36400,33250,34200,442841,0.05230769230769239
2024-09-12,34450,34450,33600,34300,96285,0.0029239766081872176
2024-09-13,34300,36450,34150,36150,208620,0.05393586005830908
2024-09-19,36450,36650,35900,36300,145775,0.004149377593360981
2024-09-20,36500,37800,35950,37450,189522,0.031680440771349794
2024-09-23,37900,39900,37800,38600,263658,0.030707610146862407
2024-09-24,38200,38900,37350,38050,186528,-0.014248704663212486
2024-09-25,37300,38000,35850,36200,257607,-0.048620236530880434
2024-09-26,36050,36650,35400,35450,199019,-0.02071823204419887
2024-09-27,35550,36100,33700,34350,313841,-0.031029619181946355
2024-09-30,34200,34700,33000,33300,218138,-0.03056768558951961
2024-10-02,33200,33700,32000,32200,219079,-0.033033033033033066
2024-10-04,33000,35550,32850,35000,546366,0.08695652173913038
2024-10-07,36000,36000,33650,33800,377035,-0.03428571428571425
2024-10-08,34100,34650,33150,33400,213470,-0.011834319526627168
2024-10-10,33400,33650,32700,32900,144711,-0.014970059880239472
2024-10-11,32700,34050,32700,34000,150395,0.033434650455927084
2024-10-14,34100,34150,32500,33050,200406,-0.027941176470588247
2024-10-15,33100,34550,32700,34000,169732,0.02874432677760974
2024-10-16,33500,33950,32200,33500,230332,-0.014705882352941124
2024-10-17,33250,33250,32450,32450,169197,-0.0313432835820896
2024-10-18,32400,32650,31400,31800,217159,-0.02003081664098616
2024-10-21,32050,32150,31100,31400,159647,-0.012578616352201255
2024-10-22,31400,31650,30550,30750,163413,-0.02070063694267521
2024-10-23,30700,31150,30150,30850,139027,0.003252032520325132
2024-10-24,30800,32050,30350,31450,181759,0.01944894651539708
2024-10-25,31300,31400,30300,30800,110923,-0.020667726550079535
2024-10-28,30500,31500,30500,31250,83674,0.014610389610389518
2024-10-29,31100,31450,30800,31100,48184,-0.0048000000000000265
2024-10-30,30800,31750,30750,30850,60290,-0.008038585209003246
2024-10-31,30800,30800,29950,30600,53822,-0.008103727714748765
2024-11-01,30350,30550,30150,30350,44594,-0.008169934640522847
2024-11-04,30300,31900,29900,31700,125804,0.04448105436573302
2024-11-05,31900,31950,31150,31600,51124,-0.003154574132492094
2024-11-06,31850,31850,30350,31050,73504,-0.017405063291139222
2024-11-07,31000,31000,29950,29950,106932,-0.03542673107890504
2024-11-08,30000,30300,28950,29650,208535,-0.01001669449081799
2024-11-11,29700,29700,27850,27950,243216,-0.05733558178752107
2024-11-12,27900,27950,26550,26600,216962,-0.04830053667262968
2024-11-13,26450,27000,25800,26450,107498,-0.005639097744360888
2024-11-14,26500,26950,25500,25550,97981,-0.03402646502835538
2024-11-15,25500,26800,25400,26450,102161,0.03522504892367917
2024-11-18,26450,29450,26300,28800,264046,0.08884688090737236
2024-11-19,28700,30500,28250,30250,173114,0.05034722222222232
2024-11-20,30600,30850,29600,30450,116132,0.006611570247933907
2024-11-21,29600,30750,29550,30200,84110,-0.008210180623973717
2024-11-22,30200,31100,29850,30950,77552,0.024834437086092676
2024-11-25,31000,31350,30100,31200,70564,0.008077544426494443
2024-11-26,31000,31900,30600,31800,71357,0.019230769230769162
2024-11-27,31800,31800,30600,31700,66218,-0.0031446540880503138
2024-11-28,31500,32000,30600,31900,89851,0.006309148264984188
2024-11-29,31450,31850,30950,31850,75521,-0.0015673981191222097
2024-12-02,31400,32500,31050,32200,87217,0.01098901098901095
2024-12-03,31700,33050,31700,32750,101987,0.017080745341614856
2024-12-04,32000,33200,31600,32800,148021,0.0015267175572519776
2024-12-05,32800,34000,32700,32850,158889,0.0015243902439023849
2024-12-06,32800,33150,31300,32900,141197,0.0015220700152207556
2024-12-09,32500,32550,31300,31750,137165,-0.03495440729483279
2024-12-10,31600,33800,31600,33600,165616,0.058267716535433056
2024-12-11,33350,35800,33350,35500,180184,0.05654761904761907
2024-12-12,35500,36250,34750,35750,128647,0.007042253521126751
2024-12-13,35750,36100,35200,35400,89344,-0.009790209790209836
2024-12-16,37000,38350,35500,37100,392855,0.04802259887005644
2024-12-17,37300,40700,37300,38800,564055,0.04582210242587603
2024-12-18,38400,41400,37800,41400,433112,0.0670103092783505
2024-12-19,40600,43950,40100,42850,342324,0.035024154589371914
2024-12-20,42450,44500,41850,42000,314682,-0.019836639439906656
2024-12-23,42000,46200,42000,45900,427390,0.09285714285714275
2024-12-24,46450,46450,42950,44350,410072,-0.03376906318082784
2024-12-26,44300,44300,41850,42600,317264,-0.03945885005636973
2024-12-27,41950,43950,41950,42550,183711,-0.0011737089201877549
2024-12-30,42250,43600,42050,42250,105132,-0.007050528789659172
2025-01-02,42250,45050,42050,42550,198592,0.007100591715976323
2025-01-03,41900,42400,39050,40300,530626,-0.05287896592244423
2025-01-06,40600,41350,39600,40800,134996,0.012406947890818865
2025-01-07,41050,42800,40300,40850,93232,0.001225490196078427
2025-01-08,40600,41400,39850,40200,135922,-0.01591187270501837
2025-01-09,40100,40300,38700,39900,164164,-0.007462686567164201
2025-01-10,40000,40000,37700,39050,206822,-0.02130325814536338
2025-01-13,38400,40150,38400,39300,83753,0.006402048655569814
2025-01-14,39350,39550,38000,38300,111863,-0.025445292620865145
2025-01-15,38700,38700,37450,38500,114347,0.005221932114882533
2025-01-16,39050,39350,37500,38600,124820,0.0025974025974024872
2025-01-17,38600,38800,37400,37400,81762,-0.031088082901554404
2025-01-20,37750,37750,36700,36800,69365,-0.016042780748663055
2025-01-21,36700,37700,36550,36850,76044,0.0013586956521738358
2025-01-22,37200,37200,35950,36500,87924,-0.009497964721845276
2025-01-23,36700,36800,35350,35400,94172,-0.03013698630136985
2025-01-24,35600,35950,34200,34200,113029,-0.03389830508474578
2025-01-31,34500,34650,33500,33600,86947,-0.01754385964912286
2025-02-03,33500,34450,32850,34250,133997,0.019345238095238138
2025-02-04,34550,36350,34000,36200,184694,0.05693430656934306
2025-02-05,36100,37250,35450,36550,142787,0.00966850828729271
2025-02-06,36850,38300,36100,36150,122458,-0.01094391244870041
2025-02-07,36200,36600,35650,36000,58807,-0.004149377593360981
2025-02-10,36000,37150,35350,36250,78964,0.00694444444444442
2025-02-11,36700,37400,35050,35350,187225,-0.024827586206896513
2025-02-12,35600,35600,34600,34650,64452,-0.01980198019801982
2025-02-13,34600,34900,33900,34600,73498,-0.0014430014430014682
2025-02-14,34700,36600,34200,35950,158789,0.039017341040462394
2025-02-17,36200,38300,35900,38000,260213,0.057023643949930536
2025-02-18,38800,39300,37800,38400,164118,0.010526315789473717
2025-02-19,38400,38450,36750,37850,145561,-0.01432291666666663
2025-02-20,38000,38000,36250,36450,146463,-0.036988110964332854
2025-02-21,36750,39600,36550,39250,223271,0.0768175582990398
2025-02-24,38750,39000,37950,38200,96256,-0.026751592356687892
2025-02-25,38200,39500,37700,38300,115962,0.002617801047120505
2025-02-26,37700,39550,37700,38950,118614,0.016971279373368064
2025-02-27,38900,39300,38200,38700,96875,-0.006418485237484006
2025-02-28,37900,38250,37500,37650,81223,-0.027131782945736482
2025-03-04,37350,39500,36300,39150,135092,0.03984063745019917
2025-03-05,39300,40950,38100,38350,145637,-0.020434227330779042
2025-03-06,38500,39500,38200,38350,68515,0.0
2025-03-07,38000,38650,37250,37500,82700,-0.022164276401564487
2025-03-10,37200,39000,36350,38600,127363,0.029333333333333433
2025-03-11,37600,38900,36950,38300,167528,-0.007772020725388629
2025-03-12,38600,40450,38400,40350,220733,0.05352480417754579
2025-03-13,40350,40500,38150,39150,181946,-0.029739776951672847
2025-03-14,39100,39700,38650,39200,81269,0.0012771392081736277
2025-03-17,39750,40850,38650,40700,208274,0.03826530612244894
2025-03-18,41000,42650,40250,42400,221337,0.041769041769041726
2025-03-19,42400,42750,40950,41350,152671,-0.024764150943396235
2025-03-20,41350,42250,41000,41500,112041,0.0036275695284160303
2025-03-21,41600,42000,40200,42000,108123,0.012048192771084265
2025-03-24,42200,42200,40700,40850,72210,-0.027380952380952395
2025-03-25,40900,41875,40550,40850,84529,0.0
2025-03-26,40850,40950,39900,40750,62062,-0.002447980416156681
2025-03-27,40750,41100,39600,39600,102408,-0.02822085889570547
2025-03-28,39600,39750,38050,38900,145342,-0.017676767676767624
2025-03-31,37950,40100,37700,38900,99114,0.0
2025-04-01,39300,40750,39050,40000,72847,0.028277634961439535
2025-04-02,40350,40700,39350,39550,57065,-0.011249999999999982
2025-04-03,38150,39250,38050,39000,56288,-0.013906447534766109
2025-04-04,38500,38750,37500,38200,123871,-0.02051282051282055
2025-04-07,36500,37250,35050,36350,98521,-0.048429319371727786
2025-04-08,37100,37350,34450,35100,131061,-0.03438789546079779
2025-04-09,34700,35150,33050,33750,186984,-0.038461538461538436
2025-04-10,35700,36500,35300,36100,87568,0.06962962962962971
2025-04-11,35800,38500,35450,38100,75398,0.05540166204986141
2025-04-14,38450,39550,38200,39250,45681,0.030183727034120755
2025-04-15,39700,39800,38450,38550,36164,-0.017834394904458595
2025-04-16,38600,39550,38450,38900,57994,0.009079118028534339
2025-04-17,38800,39950,38350,39700,65687,0.020565552699228773
2025-04-18,39750,40500,39250,39600,40531,-0.0025188916876573986
2025-04-21,40000,40000,38900,39750,40203,0.0037878787878788955
2025-04-22,39300,40050,39150,39700,30082,-0.0012578616352201255
2025-04-23,39950,40250,39400,39700,27427,0.0
2025-04-24,40300,41300,40000,40950,58803,0.03148614609571787
2025-04-25,41150,41300,39800,39900,40238,-0.02564102564102566
2025-04-28,39950,40400,39250,40200,53038,0.007518796992481258
2025-04-29,40400,41050,40000,40650,45033,0.011194029850746245
2025-04-30,40750,40750,39550,40050,32027,-0.014760147601476037
2025-05-02,40100,41100,39900,40750,41094,0.017478152309613026
2025-05-07,41200,41450,40150,40400,47068,-0.008588957055214674
2025-05-08,41150,43400,40950,43000,147657,0.06435643564356441
2025-05-09,44500,45000,43050,44300,157212,0.03023255813953485
2025-05-12,44650,44650,41450,41900,154653,-0.05417607223476295
2025-05-13,41750,43200,41750,42100,63074,0.004773269689737569
2025-05-14,42350,42850,41400,42750,63908,0.015439429928741033
2025-05-15,42800,42850,41350,41400,115782,-0.03157894736842104
2025-05-16,41300,41700,40200,41000,124173,-0.009661835748792313
2025-05-19,40800,42050,40100,41800,67794,0.019512195121951237
2025-05-20,43000,46500,42850,45500,256228,0.08851674641148333
2025-05-21,46400,52000,46200,51200,531829,0.12527472527472527
2025-05-22,51600,53000,50900,52000,186063,0.015625
2025-05-23,52000,52600,50600,51900,127615,-0.0019230769230769162
2025-05-26,54100,56100,52300,55600,187958,0.07129094412331405
2025-05-27,56500,57100,53700,53700,231443,-0.03417266187050361
2025-05-28,53500,54700,51400,52300,287278,-0.02607076350093107
2025-05-29,53000,53100,51600,53000,93521,0.013384321223709472
2025-05-30,54300,55500,53000,53300,86658,0.005660377358490676
2025-06-02,54400,54600,53000,53500,76531,0.0037523452157599557
2025-06-04,53200,54800,53100,53600,75164,0.0018691588785046953
2025-06-05,53500,53500,50000,50700,174303,-0.05410447761194026
2025-06-09,50400,50900,49400,50200,127927,-0.009861932938856066
2025-06-10,51300,54400,50600,54000,162832,0.07569721115537842
2025-06-11,54500,56100,53000,55400,153380,0.025925925925925908
2025-06-12,54600,56600,54600,55900,93308,0.00902527075812265
2025-06-13,56900,57100,53300,54700,145491,-0.02146690518783545
2025-06-16,53700,56600,53600,55800,67438,0.02010968921389389
2025-06-17,59200,59700,56600,58100,172920,0.04121863799283143
2025-06-18,58300,61800,57300,61000,215744,0.04991394148020656
2025-06-19,62000,62000,58800,59600,107772,-0.022950819672131195
2025-06-20,60400,61100,58000,58700,112633,-0.015100671140939603
2025-06-23,57400,59800,57200,58400,86532,-0.005110732538330498
2025-06-24,59700,59700,55900,57200,189379,-0.020547945205479423
2025-06-25,57100,57300,55700,56000,96547,-0.020979020979020935
2025-06-26,55800,56500,54100,56000,136917,0.0
2025-06-27,55200,56000,53500,55300,88470,-0.012499999999999956
2025-06-30,55400,57200,54900,57000,91859,0.030741410488245968
2025-07-01,57200,58000,55700,56100,98653,-0.015789473684210575
2025-07-02,56400,56500,53300,54300,82233,-0.03208556149732622
2025-07-03,54400,55800,53800,54500,70741,0.0036832412523020164
2025-07-04,54200,54500,52000,52700,109089,-0.03302752293577982
2025-07-07,51500,54000,51500,53600,60037,0.017077798861480087
2025-07-08,53100,55300,52600,55300,67012,0.03171641791044766
2025-07-09,55600,56900,54400,55700,96848,0.00723327305605781
2025-07-10,55500,55500,53300,54200,77485,-0.026929982046678624
2025-07-11,54600,55700,53500,54600,83218,0.007380073800737907
2025-07-14,54600,55700,53900,55100,38755,0.009157509157509125
2025-07-15,55600,57600,55200,57300,89853,0.03992740471869327
2025-07-16,56900,57300,53400,55000,173296,-0.04013961605584637
2025-07-17,54800,56300,54200,55800,57674,0.014545454545454639
2025-07-18,56000,56400,54000,55500,67039,-0.005376344086021501
2025-07-21,54600,58900,53700,57900,167894,0.043243243243243246
2025-07-22,61700,75200,60100,73000,2251579,0.2607944732297063
2025-07-23,69700,77200,69000,75800,715349,0.03835616438356171
2025-07-24,75300,75600,71900,72700,296721,-0.04089709762532978
2025-07-25,73700,74200,70200,70500,117359,-0.030261348005502064
2025-07-28,70000,70800,67200,68200,116108,-0.03262411347517735
2025-07-29,67900,68700,66100,67400,124434,-0.011730205278592365
2025-07-30,67400,69700,66000,66700,107450,-0.010385756676557834
2025-07-31,66300,67800,65200,66000,82623,-0.010494752623688153
2025-08-01,65100,65200,62000,62200,113056,-0.05757575757575761
2025-08-04,61100,61700,60100,61000,79870,-0.019292604501607746
2025-08-05,62000,63200,60000,60400,97563,-0.00983606557377048
2025-08-06,61100,61700,58900,61300,129104,0.01490066225165565
2025-08-07,62600,63700,60500,63600,183406,0.03752039151712894
2025-08-08,64000,64200,60900,63600,128040,0.0
2025-08-11,64400,64600,60200,60700,159934,-0.045597484276729605
2025-08-12,61100,62400,60300,61100,73416,0.006589785831960571
2025-08-13,61500,61700,59800,61000,55535,-0.0016366612111292644
2025-08-14,60800,61100,58000,59200,100269,-0.02950819672131144
2025-08-18,58000,58300,56400,57000,74175,-0.03716216216216217
2025-08-19,57000,57700,54900,55400,94143,-0.028070175438596467
2025-08-20,53800,55000,52000,53800,151076,-0.028880866425992746
2025-08-21,55400,55400,53800,54300,47822,0.009293680297397744
2025-08-22,55000,55700,54000,54100,48343,-0.0036832412523020164
2025-08-25,54900,55500,53400,54900,48001,0.014787430683918634
2025-08-26,54600,55500,54100,54300,29746,-0.010928961748633892
2025-08-27,54700,54700,53300,54600,28286,0.005524861878453136
2025-08-28,53900,56400,53900,54600,69734,0.0
2025-08-29,54400,55500,54200,54300,48191,-0.005494505494505475
2025-09-01,53900,53900,52000,53000,68379,-0.023941068139963217
2025-09-02,52500,53500,51400,53500,60605,0.009433962264151052
2025-09-03,54500,54500,52700,54000,49678,0.009345794392523255
2025-09-04,54800,57200,54300,54300,123063,0.005555555555555536
2025-09-05,55900,64200,55300,62400,957142,0.149171270718232
2025-09-08,61400,67500,59700,63600,790753,0.019230769230769162
2025-09-09,65200,68600,63700,65500,493449,0.029874213836478036
2025-09-10,65100,65200,62300,64600,265100,-0.013740458015267132
2025-09-11,65500,65800,63000,63700,173896,-0.01393188854489169
2025-09-12,64000,67700,62600,65400,398089,0.02668759811616961
2025-09-15,64300,69600,63000,68300,416075,0.04434250764525993
2025-09-16,70900,72400,67500,69300,314009,0.014641288433382194
2025-09-17,68100,68500,65500,66300,138705,-0.04329004329004327
2025-09-18,66900,67500,64300,64900,138753,-0.021116138763197623
2025-09-19,64300,64800,61000,61800,234691,-0.04776579352850541
2025-09-22,62600,64300,61800,64100,281756,0.03721682847896446
2025-09-23,64300,65000,62700,63200,160299,-0.01404056162246492
2025-09-24,64000,65100,59600,59600,305711,-0.05696202531645567
2025-09-25,59800,60100,56800,57500,208382,-0.03523489932885904
2025-09-26,57300,57300,54400,54900,276533,-0.045217391304347876
2025-09-29,55800,56200,54100,54500,214352,-0.007285974499089298
2025-09-30,54900,54900,52700,53800,200123,-0.012844036697247652
2025-10-01,53800,54300,52200,52300,129513,-0.027881040892193343
2025-10-02,52300,52500,50500,51200,188180,-0.021032504780114758
2025-10-10,51300,51300,49250,50500,160577,-0.013671875
2025-10-13,49600,49850,48100,48650,206157,-0.036633663366336666
2025-10-14,49050,49750,47600,48550,164296,-0.0020554984583761593
2025-10-15,48550,50100,48300,48900,155213,0.00720906282183309
2025-10-16,49400,51100,48650,50300,238964,0.02862985685071573
2025-10-17,50400,50900,47900,48250,199062,-0.040755467196819106
2025-10-20,48500,50800,48250,49700,120716,0.030051813471502653
2025-10-21,50200,51000,49500,50500,100395,0.016096579476861272
2025-10-22,51000,51200,49300,51000,104835,0.00990099009900991
2025-10-23,51000,51900,50000,50100,115620,-0.01764705882352946
2025-10-24,50200,50700,49050,49250,125506,-0.01696606786427146
2025-10-27,49250,51700,48750,51500,157842,0.045685279187817285
2025-10-28,51900,52100,50600,51400,106473,-0.001941747572815511
2025-10-29,51400,51400,50100,50800,74558,-0.011673151750972721
2025-10-30,50800,51800,50300,50500,99837,-0.0059055118110236116
2025-10-31,50900,51300,50000,50300,82187,-0.003960396039603964
2025-11-03,50900,52000,50300,50800,115664,0.00994035785288272
2025-11-04,50700,52700,50000,50500,188349,-0.0059055118110236116
2025-11-05,50500,50700,47650,49950,172258,-0.0108910891089109
2025-11-06,49950,50800,47950,49000,106383,-0.019019019019019034
2025-11-07,48550,49250,46950,48350,118216,-0.013265306122449028
2025-11-10,48600,48600,47250,48300,102211,-0.0010341261633919352
2025-11-11,48350,49400,45400,47400,115558,-0.018633540372670843
2025-11-12,48200,49300,47550,48550,109095,0.024261603375527407
2025-11-13,48700,50300,48450,48900,125954,0.00720906282183309
2025-11-14,48800,49750,47800,49550,80241,0.013292433537832382
2025-11-17,49550,50600,47600,47600,198481,-0.039354187689202846
2025-11-18,48250,48250,44000,44950,220364,-0.05567226890756305
2025-11-19,44850,46900,44200,45800,109593,0.018909899888765347
2025-11-20,45750,46450,45400,46000,55312,0.004366812227074135
2025-11-21,45300,45300,43975,44300,79223,-0.036956521739130443
2025-11-24,44550,44550,43250,43700,72199,-0.013544018058690765
2025-11-25,43700,44400,42800,43250,56884,-0.010297482837528626
2025-11-26,43350,44700,43100,44600,33505,0.03121387283236987
2025-11-27,44600,45650,44000,44450,62953,-0.0033632286995515237
2025-11-28,45100,46200,44700,45950,92441,0.03374578177727794
2025-12-01,46300,46450,44400,44700,85958,-0.027203482045701888
2025-12-02,44500,44950,44050,44950,65101,0.005592841163311046
2025-12-03,45150,45150,44200,44650,44514,-0.006674082313681828
2025-12-04,44650,44900,43650,44250,67684,-0.00895856662933936
2025-12-05,44250,45050,43250,43950,100269,-0.006779661016949157
2025-12-08,44150,44200,43100,43750,66868,-0.004550625711035261
2025-12-09,44400,45150,43350,43500,95353,-0.005714285714285672
2025-12-10,43550,43600,41950,42000,183466,-0.03448275862068961
2025-12-11,42100,44350,42100,43400,179661,0.03333333333333344
2025-12-12,43400,43400,41650,41800,183249,-0.03686635944700456
2025-12-15,41650,42700,41000,42050,90129,0.005980861244019087
2025-12-16,42050,42400,41400,41700,142990,-0.008323424494649179
2025-12-17,41900,44000,41750,43300,115871,0.0383693045563549
2025-12-18,43050,43200,41800,42050,91040,-0.02886836027713624
2025-12-19,42050,42600,41600,41850,93880,-0.0047562425683710385
2025-12-22,42250,43450,42050,42600,79555,0.017921146953405076
2025-12-23,43100,43150,41350,41350,101364,-0.02934272300469487
2025-12-24,42000,42400,40300,40400,454925,-0.022974607013301118
2025-12-26,40650,40750,39750,39750,93584,-0.016089108910891103
2025-12-29,39500,41350,39500,41100,66080,0.03396226415094339
2025-12-30,40900,41300,40250,40350,68023,-0.018248175182481785
2026-01-02,40350,41700,40350,41200,48047,0.02106567534076831
2026-01-05,41400,41650,40750,41100,50592,-0.0024271844660194164
2026-01-06,41100,41450,40050,40400,48338,-0.01703163017031628
2026-01-07,40500,40500,39450,40400,63350,0.0
2026-01-08,40950,40950,40100,40650,35353,0.006188118811881083
2026-01-09,40450,41100,39900,41100,51934,0.011070110701107083
2026-01-12,41300,41350,39500,40100,56563,-0.024330900243308973
2026-01-13,40100,40250,39650,39850,57674,-0.006234413965087282
2026-01-14,40100,42800,39850,42200,139448,0.05897114178168139
2026-01-15,42200,43150,40800,41300,79834,-0.021327014218009532
2026-01-16,41500,42000,40300,40400,66229,-0.021791767554479424
2026-01-19,40500,40500,39400,40100,79943,-0.007425742574257432
2026-01-20,39750,41300,39750,40600,63714,0.012468827930174564
2026-01-21,39700,40000,38450,39500,103887,-0.027093596059113323
2026-01-22,39450,42000,39000,41300,116937,0.04556962025316458
2026-01-23,41800,41950,41000,41600,55731,0.007263922518159882
