Date,Open,High,Low,Close,Volume,Change
2022-01-03,14550,14600,14350,14450,26659,-0.0068728522336769515
2022-01-04,14450,14900,14450,14900,33180,0.03114186851211076
2022-01-05,14900,15100,14900,15100,18046,0.01342281879194629
2022-01-06,15000,15650,14850,15550,39917,0.0298013245033113
2022-01-07,15550,15600,15150,15350,14921,-0.012861736334405127
2022-01-10,15300,15350,15200,15250,7732,-0.006514657980456029
2022-01-11,15150,15250,14850,15150,64057,-0.006557377049180357
2022-01-12,15050,15300,15000,15300,12515,0.00990099009900991
2022-01-13,15350,15650,15300,15600,19535,0.019607843137254832
2022-01-14,15550,15600,15150,15350,27992,-0.01602564102564108
2022-01-17,15350,15350,14850,14950,25368,-0.026058631921824116
2022-01-18,14900,15050,14650,14800,28135,-0.010033444816053505
2022-01-19,14700,14900,14500,14750,14705,-0.0033783783783783994
2022-01-20,14750,15150,14600,15100,15742,0.023728813559322104
2022-01-21,15050,15150,14800,14900,13813,-0.013245033112582738
2022-01-24,14900,14900,14500,14750,27300,-0.010067114093959773
2022-01-25,14750,14750,14350,14400,25224,-0.023728813559321993
2022-01-26,14450,14650,14400,14550,14443,0.01041666666666674
2022-01-27,14650,14650,13950,13950,45888,-0.04123711340206182
2022-01-28,14000,14250,13900,14250,28094,0.021505376344086002
2022-02-03,14500,15300,14500,14900,39065,0.04561403508771922
2022-02-04,14900,15100,14750,15100,22218,0.01342281879194629
2022-02-07,15000,15200,14950,15200,10669,0.0066225165562914245
2022-02-08,15150,15400,15100,15200,17073,0.0
2022-02-09,15250,15650,15250,15600,11815,0.026315789473684292
2022-02-10,15600,15800,15200,15500,14765,-0.0064102564102563875
2022-02-11,15500,15600,15300,15550,19736,0.003225806451612856
2022-02-14,15400,15650,15200,15450,13519,-0.006430868167202619
2022-02-15,15450,15450,14650,14750,21673,-0.04530744336569581
2022-02-16,14850,15300,14850,15200,21584,0.03050847457627115
2022-02-17,15650,16600,15600,16000,88763,0.05263157894736836
2022-02-18,15900,15900,15650,15850,11423,-0.009375000000000022
2022-02-21,15750,15850,15600,15800,12203,-0.003154574132492094
2022-02-22,15750,15850,15600,15750,34804,-0.0031645569620253333
2022-02-23,15650,16300,15650,16150,24234,0.025396825396825307
2022-02-24,16000,16150,15550,15750,25494,-0.024767801857585092
2022-02-25,15750,15800,15300,15550,36600,-0.012698412698412653
2022-02-28,15550,16000,15400,15900,13898,0.022508038585209
2022-03-02,15900,16350,15800,16300,13832,0.02515723270440251
2022-03-03,16450,16600,16350,16550,17547,0.015337423312883347
2022-03-04,16600,16700,16050,16700,32235,0.009063444108761365
2022-03-07,16650,16650,15800,15950,44351,-0.04491017964071853
2022-03-08,15800,15950,15400,15550,24129,-0.025078369905956133
2022-03-10,15650,15750,15500,15600,43254,0.003215434083601254
2022-03-11,15650,15900,15550,15900,27805,0.019230769230769162
2022-03-14,16050,16500,15900,16050,44574,0.009433962264151052
2022-03-15,16050,16400,15950,16350,36145,0.01869158878504673
2022-03-16,16350,17550,16350,17500,116169,0.07033639143730896
2022-03-17,17800,17900,17100,17300,30296,-0.011428571428571455
2022-03-18,17450,17700,17200,17350,30550,0.0028901734104045396
2022-03-21,17350,17350,16950,17100,29099,-0.014409221902017322
2022-03-22,17050,17100,16750,16850,17794,-0.014619883040935644
2022-03-23,16900,17450,16900,17150,73244,0.017804154302670572
2022-03-24,17500,18350,17500,17850,155057,0.04081632653061229
2022-03-25,17850,18100,17500,17700,47713,-0.008403361344537785
2022-03-28,17800,17950,17400,17450,38005,-0.01412429378531077
2022-03-29,17400,17400,17050,17250,26577,-0.011461318051575908
2022-03-30,17300,17300,16950,17100,23845,-0.008695652173912993
2022-03-31,17150,17700,16850,17700,66129,0.03508771929824572
2022-04-01,17600,17600,17350,17600,25460,-0.005649717514124242
2022-04-04,17600,17800,17550,17600,22485,0.0
2022-04-05,17650,17650,17300,17600,22015,0.0
2022-04-06,17550,17550,17150,17250,24365,-0.019886363636363646
2022-04-07,17250,17250,17050,17100,15527,-0.008695652173912993
2022-04-08,17100,17400,17050,17400,16189,0.01754385964912286
2022-04-11,17450,17550,17100,17400,12460,0.0
2022-04-12,17300,17300,17050,17200,15717,-0.011494252873563204
2022-04-13,17100,17650,17100,17600,23403,0.023255813953488413
2022-04-14,17600,17900,17500,17750,27948,0.008522727272727293
2022-04-15,17750,17900,17500,17650,37933,-0.005633802816901401
2022-04-18,17650,17900,17650,17800,37063,0.008498583569405138
2022-04-19,17800,18100,17700,17750,71493,-0.002808988764044895
2022-04-20,17850,18050,17650,17750,137852,0.0
2022-04-21,17850,18250,17850,18200,80392,0.025352112676056304
2022-04-22,18000,18300,17800,17950,39365,-0.013736263736263687
2022-04-25,17850,17950,17700,17900,30027,-0.0027855153203342198
2022-04-26,17850,17950,17550,17800,55484,-0.005586592178770999
2022-04-27,17550,17800,17300,17500,38066,-0.016853932584269704
2022-04-28,17500,17900,17450,17900,86061,0.02285714285714291
2022-04-29,17900,18300,17850,18300,28626,0.022346368715083775
2022-05-02,18100,18500,18000,18500,42125,0.010928961748633892
2022-05-03,18500,18700,18300,18550,34946,0.002702702702702675
2022-05-04,18700,18700,18300,18350,41067,-0.010781671159029615
2022-05-06,18050,18400,18050,18200,23024,-0.008174386920980936
2022-05-09,18200,18250,17550,17650,32293,-0.030219780219780223
2022-05-10,17450,17450,16850,17400,25417,-0.014164305949008527
2022-05-11,17300,17400,17100,17200,13550,-0.011494252873563204
2022-05-12,17100,17150,16750,17050,21347,-0.008720930232558155
2022-05-13,16900,17200,16850,17100,12553,0.0029325513196480912
2022-05-16,17250,17450,17100,17300,25347,0.011695906432748648
2022-05-17,17300,17650,17150,17650,19469,0.020231213872832443
2022-05-18,17650,17800,17250,17400,24014,-0.014164305949008527
2022-05-19,17100,17350,16850,17000,18813,-0.02298850574712641
2022-05-20,17050,17450,17050,17350,17744,0.020588235294117574
2022-05-23,17400,17450,17200,17350,14871,0.0
2022-05-24,17350,17450,17250,17300,10330,-0.0028818443804035088
2022-05-25,17250,17400,17100,17350,8614,0.0028901734104045396
2022-05-26,17350,17450,17300,17300,14995,-0.0028818443804035088
2022-05-27,17350,17500,17350,17450,11759,0.00867052023121384
2022-05-30,17600,17750,17500,17700,27108,0.014326647564469885
2022-05-31,17800,17850,17600,17700,29863,0.0
2022-06-02,17550,17700,17400,17450,7071,-0.01412429378531077
2022-06-03,17600,17950,17500,17800,16764,0.02005730659025784
2022-06-07,17800,17950,17350,17450,18155,-0.0196629213483146
2022-06-08,17350,17650,17250,17600,13121,0.008595988538681931
2022-06-09,17600,17650,17200,17200,12491,-0.022727272727272707
2022-06-10,16900,17200,16650,16650,21588,-0.03197674418604646
2022-06-13,16300,16450,16050,16200,30324,-0.027027027027026973
2022-06-14,16000,16100,15450,15750,32163,-0.02777777777777779
2022-06-15,15750,15800,15000,15150,47117,-0.03809523809523807
2022-06-16,15200,15550,15050,15200,20493,0.0033003300330032292
2022-06-17,14900,15050,14700,14950,43862,-0.016447368421052655
2022-06-20,15100,15150,14050,14100,57441,-0.05685618729096986
2022-06-21,14100,14200,13950,14150,28018,0.0035460992907800915
2022-06-22,14250,14350,13500,13500,55976,-0.04593639575971731
2022-06-23,13450,13700,13250,13300,43932,-0.014814814814814836
2022-06-24,13300,14000,13300,13900,28323,0.04511278195488733
2022-06-27,14000,14350,13900,14200,24884,0.021582733812949728
2022-06-28,14050,14500,14050,14350,20003,0.010563380281690238
2022-06-29,14100,14300,14000,14000,41016,-0.024390243902439046
2022-06-30,14050,14050,13750,13850,15444,-0.010714285714285676
2022-07-01,13850,13950,13750,13900,16322,0.0036101083032491488
2022-07-04,13900,14250,13700,13800,25655,-0.007194244604316502
2022-07-05,13900,14100,13850,14000,7212,0.01449275362318847
2022-07-06,14050,14050,13750,13800,18656,-0.014285714285714235
2022-07-07,13850,14050,13850,14000,12679,0.01449275362318847
2022-07-08,14050,14250,14050,14050,13091,0.0035714285714285587
2022-07-11,14100,14150,13750,13800,9930,-0.017793594306049876
2022-07-12,13750,13750,13350,13500,24578,-0.021739130434782594
2022-07-13,13400,13600,13350,13600,6766,0.007407407407407307
2022-07-14,13450,13600,13400,13550,17270,-0.003676470588235281
2022-07-15,13500,13600,13250,13450,40891,-0.0073800738007380184
2022-07-18,13550,13850,13550,13800,9613,0.026022304832713727
2022-07-19,13800,13950,13750,13850,2500,0.0036231884057971175
2022-07-20,14050,14300,13950,14000,20261,0.010830324909747224
2022-07-21,14100,14150,13950,14000,8331,0.0
2022-07-22,14100,14200,13950,14000,7630,0.0
2022-07-25,14200,14200,13950,14000,16252,0.0
2022-07-26,14000,14100,13900,14000,5480,0.0
2022-07-27,14000,14100,13900,14000,6329,0.0
2022-07-28,14150,14300,14000,14150,16883,0.010714285714285676
2022-07-29,14200,14350,14150,14150,31691,0.0
2022-08-01,14250,14400,14200,14350,17551,0.014134275618374659
2022-08-02,14450,14450,13950,14150,26679,-0.013937282229965153
2022-08-03,14100,14150,14050,14150,10153,0.0
2022-08-04,14100,14200,14050,14050,24809,-0.007067137809187329
2022-08-05,14050,14250,14050,14200,17581,0.01067615658362997
2022-08-08,14200,14200,14100,14200,12241,0.0
2022-08-09,14150,14300,14100,14200,21204,0.0
2022-08-10,14200,14250,14050,14200,45518,0.0
2022-08-11,14300,14400,14200,14350,26539,0.010563380281690238
2022-08-12,14300,14450,14250,14400,35306,0.0034843205574912606
2022-08-16,14500,14700,14400,14400,36460,0.0
2022-08-17,14350,14400,14050,14150,53917,-0.01736111111111116
2022-08-18,14050,14050,13900,14000,19191,-0.010600706713780883
2022-08-19,14000,14050,13900,13950,27107,-0.0035714285714285587
2022-08-22,13800,13900,13800,13800,22586,-0.010752688172043001
2022-08-23,13750,13850,13700,13800,15508,0.0
2022-08-24,13800,13900,13750,13900,10344,0.007246376811594235
2022-08-25,13950,14050,13950,14000,15461,0.007194244604316502
2022-08-26,14100,14200,13950,14000,41993,0.0
2022-08-29,13650,13850,13600,13750,20079,-0.017857142857142905
2022-08-30,13700,14150,13700,14000,79204,0.018181818181818077
2022-08-31,13850,14150,13850,14050,49760,0.0035714285714285587
2022-09-01,14000,14050,13900,13900,42829,-0.010676156583629859
2022-09-02,13900,14050,13900,13900,20415,0.0
2022-09-05,13900,13950,13800,13850,21301,-0.003597122302158251
2022-09-06,13850,14000,13850,14000,4045,0.010830324909747224
2022-09-07,14000,14000,13750,13850,5824,-0.010714285714285676
2022-09-08,14000,14000,13850,13850,5476,0.0
2022-09-13,14000,14150,13900,14100,61222,0.018050541516245522
2022-09-14,13900,14050,13800,13950,17165,-0.010638297872340385
2022-09-15,13950,14000,13950,14000,29113,0.0035842293906809264
2022-09-16,13800,14100,13800,14050,78924,0.0035714285714285587
2022-09-19,14000,14000,13800,13900,26773,-0.010676156583629859
2022-09-20,13900,14050,13900,14050,17458,0.010791366906474753
2022-09-21,14000,14350,13950,14200,39959,0.01067615658362997
2022-09-22,14050,14050,13700,13900,21962,-0.021126760563380254
2022-09-23,13900,14200,13900,13950,16889,0.003597122302158251
2022-09-26,13950,13950,13300,13450,39609,-0.03584229390681004
2022-09-27,13450,13450,13000,13300,40569,-0.01115241635687736
2022-09-28,13100,13150,12350,12750,49343,-0.041353383458646586
2022-09-29,12750,12950,12350,12350,17125,-0.03137254901960784
2022-09-30,12300,12400,12150,12400,21084,0.004048582995951344
2022-10-04,12450,12600,12350,12500,7531,0.008064516129032251
2022-10-05,12650,12700,12250,12300,12828,-0.016000000000000014
2022-10-06,12400,12550,12250,12550,6742,0.020325203252032464
2022-10-07,12550,12550,12350,12500,6870,-0.003984063745019917
2022-10-11,12350,12350,11950,12100,13710,-0.03200000000000003
2022-10-12,12100,12250,11900,12250,4362,0.012396694214876103
2022-10-13,12250,12250,12050,12100,10379,-0.01224489795918371
2022-10-14,12150,12450,12150,12150,13572,0.004132231404958775
2022-10-17,12100,12300,12000,12300,8361,0.012345679012345734
2022-10-18,12350,12500,12300,12450,9000,0.012195121951219523
2022-10-19,12550,12600,12400,12400,9481,-0.004016064257028162
2022-10-20,12400,12550,12300,12550,8026,0.012096774193548487
2022-10-21,12500,12650,12450,12500,6479,-0.003984063745019917
2022-10-24,12550,12800,12500,12750,7656,0.020000000000000018
2022-10-25,12750,12900,12650,12800,8238,0.0039215686274509665
2022-10-26,12800,12950,12650,12900,25161,0.0078125
2022-10-27,12900,12950,12750,12950,9270,0.003875968992248069
2022-10-28,12900,12900,12700,12850,3131,-0.007722007722007707
2022-10-31,12900,12950,12750,12900,3437,0.0038910505836575737
2022-11-01,12900,12900,12750,12850,8641,-0.003875968992248069
2022-11-02,12850,12950,12850,12950,3998,0.0077821011673151474
2022-11-03,12850,12900,12800,12900,2516,-0.0038610038610038533
2022-11-04,12900,12900,12700,12850,6438,-0.003875968992248069
2022-11-07,12850,13000,12750,13000,7833,0.011673151750972721
2022-11-08,13050,13100,12900,13050,10626,0.0038461538461538325
2022-11-09,13150,13150,13000,13050,7861,0.0
2022-11-10,13000,13300,12850,13200,11711,0.011494252873563315
2022-11-11,13450,13550,13300,13450,17227,0.018939393939394034
2022-11-14,13500,13700,13300,13450,28858,0.0
2022-11-15,13500,13700,13400,13650,11904,0.014869888475836479
2022-11-16,13650,13900,13550,13900,11465,0.01831501831501825
2022-11-17,13850,14200,13800,14000,27850,0.007194244604316502
2022-11-18,14000,14650,14000,14400,32336,0.02857142857142847
2022-11-21,14650,14700,14350,14500,28806,0.00694444444444442
2022-11-22,14500,15200,14300,15100,24684,0.04137931034482767
2022-11-23,15100,16300,15100,16000,45281,0.0596026490066226
2022-11-24,16050,16650,15850,15950,42555,-0.0031250000000000444
2022-11-25,15950,16150,15550,16000,13530,0.0031347962382444194
2022-11-28,16000,16050,15450,15600,14398,-0.025000000000000022
2022-11-29,15500,16250,15400,15950,15809,0.022435897435897356
2022-11-30,15900,17400,15800,17350,63818,0.08777429467084641
2022-12-01,17300,17750,16950,17000,37164,-0.02017291066282423
2022-12-02,16900,17150,16600,16600,11902,-0.02352941176470591
2022-12-05,16400,17000,16400,16850,12845,0.015060240963855387
2022-12-06,16700,17350,16200,16350,30256,-0.029673590504451064
2022-12-07,16300,16300,15600,15900,15144,-0.02752293577981646
2022-12-08,15900,15900,15500,15850,15650,-0.0031446540880503138
2022-12-09,15850,16950,15850,16900,17068,0.06624605678233442
2022-12-12,17050,17050,16450,16450,11321,-0.026627218934911268
2022-12-13,16300,16450,15750,16100,16917,-0.021276595744680882
2022-12-14,16050,16050,15500,15750,14803,-0.021739130434782594
2022-12-15,15700,15700,15200,15650,8875,-0.006349206349206327
2022-12-16,15400,15550,15250,15400,15835,-0.015974440894568676
2022-12-19,15400,15700,15400,15700,9643,0.01948051948051943
2022-12-20,15700,15800,15450,15600,14209,-0.006369426751592355
2022-12-21,15500,16400,15500,15900,13070,0.019230769230769162
2022-12-22,16350,16350,15900,16100,7169,0.012578616352201255
2022-12-23,15900,16000,15650,16000,7026,-0.006211180124223614
2022-12-26,15700,16000,15700,15750,9276,-0.015625
2022-12-27,15750,15950,15650,15850,200744,0.006349206349206327
2022-12-28,15850,16050,15650,15850,6768,0.0
2022-12-29,15500,15700,14650,15650,9649,-0.012618296529968487
2023-01-02,15500,15950,15300,15550,5803,-0.006389776357827448
2023-01-03,15400,15850,15400,15600,3772,0.003215434083601254
2023-01-04,15600,15800,15350,15600,3962,0.0
2023-01-05,15600,15750,15350,15350,6713,-0.01602564102564108
2023-01-06,15350,15750,15350,15650,5489,0.019543973941368087
2023-01-09,15650,16000,15650,15800,8214,0.009584664536741228
2023-01-10,15850,16050,15700,15950,7941,0.009493670886076
2023-01-11,16000,16500,15950,16350,13902,0.02507836990595602
2023-01-12,16350,16750,16100,16350,9511,0.0
2023-01-13,16400,16850,16250,16650,12182,0.0183486238532109
2023-01-16,16850,17650,16600,17500,35319,0.05105105105105112
2023-01-17,17700,17950,16400,16950,32779,-0.03142857142857147
2023-01-18,16950,16950,16750,16800,8239,-0.008849557522123908
2023-01-19,16700,17550,16700,17150,7424,0.02083333333333326
2023-01-20,17150,18150,17150,17850,47551,0.04081632653061229
2023-01-25,18100,18500,17850,18340,24256,0.027450980392156765
2023-01-26,18340,19320,18340,19140,53282,0.043620501635768916
2023-01-27,19300,19770,18960,19140,39361,0.0
2023-01-30,19140,19320,18390,18520,23803,-0.03239289446186
2023-01-31,18520,18520,17600,17810,19776,-0.03833693304535635
2023-02-01,17810,18090,17660,18090,12144,0.015721504772599593
2023-02-02,17950,18110,17150,17450,40926,-0.035378662244333836
2023-02-03,17550,17550,17090,17220,15083,-0.013180515759312339
2023-02-06,17220,17260,16740,16960,32933,-0.015098722415795574
2023-02-07,16950,17250,16880,17250,10994,0.017099056603773644
2023-02-08,17200,18170,17200,18080,24449,0.048115942028985614
2023-02-09,17920,18260,17550,17720,15868,-0.019911504424778736
2023-02-10,17840,18250,17550,18250,12429,0.02990970654627545
2023-02-13,18260,18350,17990,18320,11118,0.003835616438356171
2023-02-14,18500,19190,18320,18860,20487,0.029475982532751077
2023-02-15,18950,19700,18740,18800,42092,-0.0031813361611876534
2023-02-16,19000,19990,19000,19540,23578,0.03936170212765955
2023-02-17,19630,20550,19560,20100,35927,0.028659160696008268
2023-02-20,20350,22350,20350,21200,111187,0.054726368159204064
2023-02-21,21450,22050,20850,21100,34456,-0.004716981132075526
2023-02-22,21100,21600,21000,21200,22601,0.004739336492890933
2023-02-23,21200,21450,20100,20850,35818,-0.01650943396226412
2023-02-24,21050,21600,20600,21250,26306,0.01918465227817756
2023-02-27,21250,21450,21000,21450,17691,0.009411764705882453
2023-02-28,21500,22300,21450,21600,26767,0.006993006993007089
2023-03-02,21600,21850,20750,20950,26505,-0.03009259259259256
2023-03-03,21200,21200,19670,19800,54784,-0.054892601431980936
2023-03-06,19890,22000,19890,21300,72122,0.07575757575757569
2023-03-07,21600,21850,20850,21300,23576,0.0
2023-03-08,21000,21500,20600,21250,11328,-0.0023474178403756207
2023-03-09,21150,21650,20900,21550,17090,0.014117647058823568
2023-03-10,21550,23000,21300,21950,67050,0.018561484918793614
2023-03-13,22100,26300,21350,23400,250476,0.06605922551252852
2023-03-14,23050,23100,20450,20800,79781,-0.11111111111111116
2023-03-15,20900,21550,20900,21100,27993,0.014423076923076872
2023-03-16,20900,21150,20350,20750,18445,-0.016587677725118488
2023-03-17,20500,20850,19600,20000,59051,-0.03614457831325302
2023-03-20,20000,21650,20000,20650,22227,0.03249999999999997
2023-03-21,21750,21750,20400,20450,10429,-0.009685230024213065
2023-03-22,21250,21950,20800,21000,35456,0.02689486552567244
2023-03-23,21500,21500,20450,20800,26037,-0.00952380952380949
2023-03-24,20500,20800,19460,19460,58956,-0.06442307692307692
2023-03-27,18820,18950,17800,18640,145908,-0.04213771839671121
2023-03-28,18990,20300,17500,19980,47301,0.07188841201716745
2023-03-29,19980,20100,19470,19950,13183,-0.0015015015015015232
2023-03-30,19800,20300,19650,19690,21603,-0.013032581453634062
2023-03-31,19830,20650,19590,20250,28956,0.028440832910106684
2023-04-03,20150,20300,19500,20300,30313,0.0024691358024691024
2023-04-04,20350,20600,20000,20400,18542,0.0049261083743843415
2023-04-05,20550,20950,20000,20850,26033,0.022058823529411686
2023-04-06,20750,21400,20000,21200,40849,0.01678657074340517
2023-04-07,21050,21400,20650,21050,18033,-0.007075471698113178
2023-04-10,21400,21400,20350,20500,28873,-0.026128266033254133
2023-04-11,20650,21050,20300,20900,20447,0.019512195121951237
2023-04-12,20800,21350,20500,20500,15086,-0.019138755980861233
2023-04-13,20500,20650,20200,20600,11888,0.004878048780487809
2023-04-14,20800,21300,20600,21200,22135,0.029126213592232997
2023-04-17,21250,22200,21250,21700,23346,0.02358490566037741
2023-04-18,22100,22400,21900,22350,27063,0.02995391705069128
2023-04-19,22250,22800,22250,22550,22670,0.008948545861297452
2023-04-20,22550,22600,21550,21800,17876,-0.03325942350332589
2023-04-21,21800,21900,21100,21100,14472,-0.032110091743119296
2023-04-24,21400,21400,20800,20800,14879,-0.014218009478673022
2023-04-25,20800,21000,20100,20300,25278,-0.024038461538461564
2023-04-26,20500,20600,20100,20200,9184,-0.0049261083743842304
2023-04-27,20200,20400,19900,20300,10318,0.004950495049504955
2023-04-28,20350,21250,20350,20750,10242,0.022167487684729092
2023-05-02,20550,21050,20500,20500,8528,-0.012048192771084376
2023-05-03,20500,21100,20300,20750,15398,0.012195121951219523
2023-05-04,20750,21050,20650,20750,6884,0.0
2023-05-08,20850,21150,20500,20550,9456,-0.009638554216867434
2023-05-09,20650,21700,20100,21350,14609,0.038929440389294356
2023-05-10,21550,22350,21500,21550,15800,0.00936768149882905
2023-05-11,21700,22150,21450,21850,8426,0.0139211136890951
2023-05-12,21800,21900,21200,21550,8215,-0.013729977116704761
2023-05-15,21500,21500,20200,20200,18537,-0.06264501160092806
2023-05-16,20200,20600,19590,19950,26753,-0.012376237623762387
2023-05-17,19940,20350,19700,20150,14416,0.010025062656641603
2023-05-18,20200,20600,20200,20350,5752,0.00992555831265518
2023-05-19,20350,20500,19970,19980,5328,-0.018181818181818188
2023-05-22,20100,20200,19700,20150,6391,0.008508508508508594
2023-05-23,20150,20300,19980,19980,6882,-0.008436724565756837
2023-05-24,19980,20100,19910,20050,5229,0.003503503503503591
2023-05-25,20100,20100,19220,19670,19405,-0.01895261845386531
2023-05-26,19670,19670,19190,19200,19157,-0.023894255210981208
2023-05-30,19300,19300,18950,18970,14509,-0.011979166666666652
2023-05-31,18970,19200,18300,18500,13851,-0.02477596204533472
2023-06-01,18670,23750,17980,18400,532255,-0.00540540540540535
2023-06-02,18410,19900,18300,19040,96609,0.034782608695652195
2023-06-05,19090,19710,18990,19110,35968,0.003676470588235281
2023-06-07,18990,19450,18500,18540,29855,-0.02982731554160123
2023-06-08,18720,18720,18200,18320,18790,-0.011866235167206085
2023-06-09,18550,19600,18300,18370,26990,0.0027292576419213344
2023-06-12,18550,18550,18050,18050,23878,-0.01741970604246057
2023-06-13,18210,18790,17900,18340,31114,0.016066481994459814
2023-06-14,18350,18710,17850,18060,30973,-0.01526717557251911
2023-06-15,18060,18340,17860,17860,18457,-0.011074197120708784
2023-06-16,18060,18180,17600,17900,18177,0.002239641657334923
2023-06-19,18020,18180,17990,18130,4677,0.012849162011173254
2023-06-20,18190,18380,17750,18200,10930,0.0038610038610038533
2023-06-21,18120,18160,17860,17860,9017,-0.018681318681318726
2023-06-22,17860,17920,17710,17750,10220,-0.006159014557670761
2023-06-23,17700,17750,17590,17650,7226,-0.005633802816901401
2023-06-26,17650,18050,17500,18030,6841,0.021529745042492943
2023-06-27,17910,18170,17910,18100,3611,0.0038824181919023815
2023-06-28,18100,18280,17990,18080,7399,-0.0011049723756906271
2023-06-29,18110,18280,18000,18040,5574,-0.0022123893805309214
2023-06-30,18040,18690,17830,18290,8038,0.013858093126385862
2023-07-03,18500,18500,18020,18020,12514,-0.014762165117550574
2023-07-04,18020,18180,17800,18040,7669,0.0011098779134295356
2023-07-05,18140,18180,17800,17900,8365,-0.0077605321507761005
2023-07-06,17930,18600,17630,18320,33864,0.02346368715083802
2023-07-07,18190,18450,17860,18450,13775,0.007096069868995691
2023-07-10,18260,18360,17790,18000,9409,-0.024390243902439046
2023-07-11,18100,18100,17550,17680,13717,-0.01777777777777778
2023-07-12,17680,17850,17440,17440,17385,-0.013574660633484115
2023-07-13,17570,18090,17450,18010,8874,0.03268348623853212
2023-07-14,18010,18150,17880,17920,5869,-0.0049972237645752315
2023-07-17,17920,18080,17760,17950,4275,0.0016741071428572063
2023-07-18,17950,18140,17610,17610,4251,-0.018941504178273005
2023-07-19,17570,17700,17340,17370,10599,-0.013628620102214661
2023-07-20,17380,17660,17370,17650,6092,0.016119746689694958
2023-07-21,17650,17740,17450,17450,5301,-0.011331444759206777
2023-07-24,17390,17470,16830,17010,12872,-0.02521489971346702
2023-07-25,17010,17200,16610,16610,8204,-0.023515579071134662
2023-07-26,16610,16820,16120,16330,13015,-0.01685731487055986
2023-07-27,16330,16950,16300,16610,7828,0.017146356399265095
2023-07-28,16520,17340,16520,17200,3142,0.03552077062010839
2023-07-31,17200,17740,17200,17560,7310,0.020930232558139528
2023-08-01,17530,18420,17520,18350,12450,0.04498861047835989
2023-08-02,18450,18880,17680,17700,9171,-0.03542234332425065
2023-08-03,17740,17920,17480,17820,5193,0.006779661016949046
2023-08-04,17740,18180,17650,17820,3070,0.0
2023-08-07,17600,18000,17600,17890,5383,0.003928170594837299
2023-08-08,17640,17950,17630,17800,8807,-0.005030743432084983
2023-08-09,17610,18000,17610,17740,5206,-0.003370786516853963
2023-08-10,17800,18100,17510,18030,8428,0.01634723788049608
2023-08-11,17770,18190,17720,17900,2638,-0.007210205213532994
2023-08-14,17720,17900,17540,17830,5166,-0.003910614525139633
2023-08-16,17760,18100,17580,17670,6985,-0.00897363993269773
2023-08-17,17580,17980,17190,17830,5700,0.009054895302773147
2023-08-18,17530,18000,17510,17990,2763,0.008973639932697619
2023-08-21,18000,18800,17900,18400,16450,0.022790439132851503
2023-08-22,18310,18600,18310,18440,4157,0.0021739130434783593
2023-08-23,18500,18590,17300,18400,7486,-0.002169197396963085
2023-08-24,18130,18440,18120,18300,4608,-0.005434782608695676
2023-08-25,18300,18390,17900,18060,3447,-0.013114754098360604
2023-08-28,18200,18390,17910,17920,3416,-0.007751937984496138
2023-08-29,18010,18140,17910,17930,5306,0.0005580357142858094
2023-08-30,17940,18140,17910,17980,4065,0.002788622420524245
2023-08-31,17980,18370,17980,18200,3768,0.012235817575083408
2023-09-01,18010,18840,17950,18690,17637,0.026923076923076827
2023-09-04,18690,18690,18300,18480,6575,-0.011235955056179803
2023-09-05,18480,18680,18150,18380,6598,-0.005411255411255422
2023-09-06,18400,18400,18030,18160,9483,-0.01196953210010876
2023-09-07,18160,18160,17970,18120,5841,-0.0022026431718061845
2023-09-08,18230,18350,17980,18340,6505,0.012141280353200834
2023-09-11,18350,18400,18150,18190,2952,-0.008178844056706658
2023-09-12,18200,18320,18140,18190,6556,0.0
2023-09-13,18150,18280,17980,17980,4486,-0.011544804837822942
2023-09-14,18030,18160,17980,17980,3827,0.0
2023-09-15,17980,18130,17980,18100,2988,0.006674082313681939
2023-09-18,18200,18550,18150,18440,14317,0.01878453038674044
2023-09-19,18440,19490,18440,18560,38400,0.006507592190889477
2023-09-20,19550,19550,18610,19000,13641,0.0237068965517242
2023-09-21,19030,19470,18710,19410,10216,0.021578947368421142
2023-09-22,19000,19880,19000,19250,20686,-0.008243173621844457
2023-09-25,19500,21400,19500,19940,180451,0.03584415584415579
2023-09-26,20350,20850,20050,20350,65498,0.020561685055165535
2023-09-27,20850,22600,20500,22600,136534,0.11056511056511065
2023-10-04,22450,22500,20550,20600,88722,-0.08849557522123896
2023-10-05,20950,21500,20700,21100,46768,0.024271844660194164
2023-10-06,20950,21300,20800,21100,17500,0.0
2023-10-10,20850,21050,20550,20550,35551,-0.026066350710900466
2023-10-11,20600,21050,20600,21000,16906,0.021897810218978186
2023-10-12,21000,21350,20900,21100,16097,0.004761904761904745
2023-10-13,21300,21400,20950,21250,16504,0.007109004739336511
2023-10-16,21100,21200,20800,21200,18262,-0.0023529411764705577
2023-10-17,21200,21900,21050,21700,17100,0.02358490566037741
2023-10-18,21700,21800,21350,21600,19436,-0.004608294930875556
2023-10-19,21600,21750,21250,21450,27482,-0.00694444444444442
2023-10-20,21300,21750,21100,21200,14203,-0.011655011655011704
2023-10-23,21350,21350,20900,21000,16881,-0.009433962264150941
2023-10-24,21350,21350,20950,21050,12192,0.0023809523809523725
2023-10-25,21000,21500,20950,21300,5735,0.01187648456057011
2023-10-26,21200,21200,20900,21100,12071,-0.009389671361502372
2023-10-27,21150,21200,20850,21000,8219,-0.004739336492891044
2023-10-30,20800,21100,20600,20850,29411,-0.0071428571428571175
2023-10-31,20900,21150,20600,20800,33900,-0.0023980815347721673
2023-11-01,20800,21150,20700,21100,11595,0.014423076923076872
2023-11-02,21400,21500,21000,21350,18951,0.011848341232227444
2023-11-03,21700,21700,21000,21000,4169,-0.016393442622950838
2023-11-06,21000,21500,21000,21400,14872,0.01904761904761898
2023-11-07,21400,21700,21300,21700,20529,0.014018691588784993
2023-11-08,21550,21750,21350,21450,16498,-0.011520737327188946
2023-11-09,21450,21450,21100,21350,5333,-0.004662004662004615
2023-11-10,21350,21600,21300,21550,10103,0.00936768149882905
2023-11-13,21800,21800,21250,21300,7913,-0.011600928074245953
2023-11-14,21250,21450,21250,21300,4053,0.0
2023-11-15,21300,21550,21200,21550,8484,0.011737089201877993
2023-11-16,21550,21800,21350,21600,14589,0.002320185614849146
2023-11-17,21500,22000,21400,21850,20583,0.011574074074074181
2023-11-20,21850,22100,21500,21550,6333,-0.013729977116704761
2023-11-21,21950,22100,21500,21900,18381,0.016241299303944245
2023-11-22,21700,22200,21650,21800,13167,-0.004566210045662156
2023-11-23,21650,21850,21550,21800,7618,0.0
2023-11-24,21850,22400,21700,21900,28058,0.004587155963302836
2023-11-27,21900,22050,21800,21950,11200,0.0022831050228311334
2023-11-28,22000,22000,21850,21950,4237,0.0
2023-11-29,21850,21900,21750,21850,9264,-0.004555808656036442
2023-11-30,21850,22100,21800,21900,17135,0.0022883295194509046
2023-12-01,21700,22100,21700,22000,11295,0.004566210045662045
2023-12-04,22150,22150,21900,22000,11719,0.0
2023-12-05,21850,22400,21850,22250,25422,0.011363636363636465
2023-12-06,22150,22150,21700,21750,8116,-0.022471910112359605
2023-12-07,21750,22300,21700,22050,11666,0.01379310344827589
2023-12-08,22000,22150,21950,22150,6796,0.0045351473922903285
2023-12-11,22100,22350,22000,22150,21990,0.0
2023-12-12,22200,22350,22050,22100,17380,-0.0022573363431150906
2023-12-13,22100,22400,22050,22200,17128,0.004524886877828038
2023-12-14,22200,22500,22150,22300,11601,0.0045045045045044585
2023-12-15,22450,22500,21850,22100,12944,-0.008968609865470878
2023-12-18,22100,22500,22050,22500,20759,0.018099547511312153
2023-12-19,22450,22700,22400,22700,21376,0.008888888888888946
2023-12-20,22800,24300,22700,24150,46769,0.0638766519823788
2023-12-21,23900,24100,23400,23600,14951,-0.022774327122153215
2023-12-22,23700,23700,23250,23350,12755,-0.010593220338983023
2023-12-26,23350,23600,23150,23550,20932,0.008565310492505418
2023-12-27,23350,23350,23050,23300,14642,-0.010615711252653925
2023-12-28,23150,24250,23150,23800,24883,0.02145922746781115
2024-01-02,23650,23950,23600,23800,5310,0.0
2024-01-03,23350,24250,23350,23750,16141,-0.0021008403361344463
2024-01-04,23750,24450,23750,24400,17734,0.027368421052631486
2024-01-05,24400,24750,24300,24400,17002,0.0
2024-01-08,24400,25750,24400,25700,29428,0.05327868852459017
2024-01-09,25600,26100,25550,25900,14578,0.0077821011673151474
2024-01-10,25900,26100,25700,26050,10267,0.005791505791505891
2024-01-11,26050,26250,25800,26050,15583,0.0
2024-01-12,25900,27850,25900,26500,63676,0.017274472168905985
2024-01-15,26350,27350,26200,26950,28233,0.016981132075471805
2024-01-16,26950,27200,26700,27000,19843,0.0018552875695732052
2024-01-17,26950,27100,26200,26300,32485,-0.025925925925925908
2024-01-18,26300,27300,26100,26950,21411,0.024714828897338448
2024-01-19,26850,27200,26700,26750,21783,-0.007421150278293154
2024-01-22,26750,26950,26650,26800,13967,0.0018691588785046953
2024-01-23,26800,26800,24600,25150,50155,-0.06156716417910446
2024-01-24,25150,25500,22550,23300,85574,-0.07355864811133206
2024-01-25,23900,24800,23450,24650,34711,0.05793991416309008
2024-01-26,24800,24800,24050,24150,36479,-0.020283975659229236
2024-01-29,24150,24750,23000,23400,84901,-0.03105590062111796
2024-01-30,23500,24800,23500,24350,37875,0.040598290598290676
2024-01-31,24350,25300,24200,25100,34351,0.030800821355236208
2024-02-01,25200,26750,24500,26700,49300,0.06374501992031867
2024-02-02,26650,27000,25700,26650,45826,-0.0018726591760299671
2024-02-05,26600,27550,25900,27550,58607,0.03377110694183871
2024-02-06,27500,27500,26350,27000,38948,-0.019963702359346636
2024-02-07,27000,28500,26900,28500,70987,0.05555555555555558
2024-02-08,29200,29200,28200,28900,37302,0.01403508771929829
2024-02-13,28900,28900,28200,28500,30153,-0.01384083044982698
2024-02-14,28500,28500,27150,27250,31300,-0.04385964912280704
2024-02-15,27200,27450,26850,27200,22796,-0.0018348623853210455
2024-02-16,27200,27500,27000,27400,30164,0.007352941176470562
2024-02-19,27350,27800,27200,27450,14619,0.0018248175182482562
2024-02-20,27550,27700,27250,27700,33369,0.00910746812386165
2024-02-21,27450,27700,27400,27500,24335,-0.0072202166064981865
2024-02-22,27750,27750,27350,27700,11143,0.0072727272727273196
2024-02-23,27500,27800,27400,27550,9188,-0.005415162454873612
2024-02-26,27300,27350,25350,25450,81041,-0.07622504537205077
2024-02-27,25450,25800,25050,25650,20152,0.007858546168958647
2024-02-28,25400,26300,25400,26200,16689,0.021442495126705596
2024-02-29,26200,26400,25900,26100,16533,-0.003816793893129722
2024-03-04,26500,26650,25900,26500,23104,0.015325670498084198
2024-03-05,26600,26850,25900,26350,37812,-0.005660377358490565
2024-03-06,26500,27150,26150,27000,30971,0.024667931688804545
2024-03-07,27000,27050,26300,26400,16528,-0.022222222222222254
2024-03-08,26750,26750,25250,25450,50615,-0.03598484848484851
2024-03-11,25500,26450,25400,26200,28183,0.02946954813359537
2024-03-12,26100,26850,26000,26700,42473,0.01908396946564883
2024-03-13,26750,26950,26350,26700,41427,0.0
2024-03-14,26700,27100,26500,26900,51769,0.0074906367041198685
2024-03-15,26950,27400,26600,27250,66543,0.013011152416356975
2024-03-18,27250,27250,24500,24650,68776,-0.09541284403669725
2024-03-19,24500,26900,24350,25700,105470,0.04259634888438124
2024-03-20,25600,26550,25500,25800,37753,0.0038910505836575737
2024-03-21,26100,26550,25600,26200,41891,0.015503875968992276
2024-03-22,26200,26200,24700,24900,20520,-0.04961832061068705
2024-03-25,25200,25200,24100,24150,16985,-0.030120481927710885
2024-03-26,23950,24600,23800,23950,21702,-0.008281573498964856
2024-03-27,23800,23950,22900,23000,25567,-0.039665970772442605
2024-03-28,23000,23300,22650,22750,16561,-0.010869565217391353
2024-03-29,22800,23150,22550,22900,11819,0.00659340659340657
2024-04-01,22800,22950,22750,22750,5209,-0.0065502183406113135
2024-04-02,22700,22950,22200,22700,19369,-0.00219780219780219
2024-04-03,22800,22800,22200,22350,10833,-0.01541850220264318
2024-04-04,22350,23000,22200,22900,7071,0.02460850111856816
2024-04-05,22850,22900,22400,22450,2342,-0.01965065502183405
2024-04-08,22450,22700,21550,21700,13447,-0.03340757238307346
2024-04-09,21650,22450,21650,22050,13602,0.016129032258064502
2024-04-11,21800,22200,21500,22050,10331,0.0
2024-04-12,22250,22500,21550,21900,26734,-0.006802721088435382
2024-04-15,22200,22200,21450,21500,7587,-0.0182648401826484
2024-04-16,21450,21450,21150,21150,5209,-0.016279069767441867
2024-04-17,21250,21700,21200,21500,3217,0.016548463356973908
2024-04-18,21550,22000,21500,21950,2844,0.020930232558139528
2024-04-19,22400,22850,21650,22050,9084,0.004555808656036442
2024-04-22,22250,23550,22100,23100,24644,0.04761904761904767
2024-04-23,23050,23100,22650,22750,4173,-0.015151515151515138
2024-04-24,22750,23050,22750,22900,2486,0.00659340659340657
2024-04-25,22550,23000,22550,23000,5177,0.004366812227074135
2024-04-26,23100,23150,22700,22950,3130,-0.0021739130434782483
2024-04-29,22950,23150,22750,23100,4640,0.006535947712418277
2024-04-30,23100,23150,22800,22950,4229,-0.00649350649350644
2024-05-02,22700,23100,22700,23050,7254,0.004357298474945592
2024-05-03,23050,23300,22800,22850,18159,-0.008676789587852451
2024-05-07,23000,23000,22700,22850,8458,0.0
2024-05-08,22650,23000,22650,22750,2942,-0.004376367614879695
2024-05-09,22850,22950,22650,22950,4797,0.00879120879120876
2024-05-10,22950,23150,22800,23000,6835,0.002178649237472685
2024-05-13,22950,22950,22500,22550,8027,-0.019565217391304346
2024-05-14,22450,23000,22400,22400,5728,-0.006651884700665134
2024-05-16,22500,22800,22350,22550,5756,0.006696428571428603
2024-05-17,22300,22450,21650,21900,17694,-0.02882483370288247
2024-05-20,21900,22150,21550,21800,5026,-0.004566210045662156
2024-05-21,21600,21950,21450,21600,5969,-0.00917431192660545
2024-05-22,21800,21800,21450,21450,6955,-0.00694444444444442
2024-05-23,21550,21750,21350,21450,4581,0.0
2024-05-24,21450,21450,21050,21200,8340,-0.011655011655011704
2024-05-27,21200,21300,21100,21250,3479,0.002358490566037652
2024-05-28,21150,21300,20650,20750,11880,-0.02352941176470591
2024-05-29,20750,20850,20200,20600,9375,-0.0072289156626506035
2024-05-30,20550,20800,20500,20700,4510,0.004854368932038833
2024-05-31,20750,20800,20100,20100,5890,-0.02898550724637683
2024-06-03,20100,20450,19990,20300,15887,0.00995024875621886
2024-06-04,20400,20500,20100,20100,3832,-0.009852216748768461
2024-06-05,20350,20350,20000,20100,5130,0.0
2024-06-07,20300,20300,19780,20050,23879,-0.0024875621890547706
2024-06-10,20150,20250,20000,20150,10368,0.004987531172069737
2024-06-11,20300,20300,19950,20000,12249,-0.007444168734491274
2024-06-12,20000,20150,18840,20000,12182,0.0
2024-06-13,19910,20150,19820,19870,14549,-0.00649999999999995
2024-06-14,19710,20000,19610,19900,23045,0.0015098137896325525
2024-06-17,19900,20150,19900,20100,21298,0.01005025125628145
2024-06-18,20050,20800,20050,20200,12396,0.004975124378109541
2024-06-19,20500,20500,20000,20000,6311,-0.00990099009900991
2024-06-20,20100,20250,20000,20050,5248,0.0024999999999999467
2024-06-21,20000,20250,19990,20050,3744,0.0
2024-06-24,20200,20200,19520,19750,11570,-0.014962593516209433
2024-06-25,19610,19960,19610,19780,4015,0.0015189873417722488
2024-06-26,20000,20000,19730,19740,1770,-0.002022244691607722
2024-06-27,19670,19940,19670,19800,3094,0.003039513677811634
2024-06-28,19800,19940,19440,19670,13190,-0.006565656565656552
2024-07-01,19500,19670,19330,19340,10607,-0.016776817488561302
2024-07-02,19640,19640,19130,19240,6219,-0.005170630816959676
2024-07-03,19290,19330,18890,18930,10555,-0.016112266112266127
2024-07-04,18930,19130,18720,18720,13947,-0.011093502377179099
2024-07-05,18760,19980,18750,19470,19040,0.040064102564102644
2024-07-08,19460,19470,19100,19300,15019,-0.008731381612737565
2024-07-09,19290,19480,19140,19280,12085,-0.0010362694300518616
2024-07-10,19280,19350,19010,19120,8515,-0.008298755186721962
2024-07-11,19030,19350,18940,19010,6692,-0.005753138075313857
2024-07-12,18950,19230,18950,19080,22056,0.0036822724881642177
2024-07-15,19080,19250,19010,19120,6874,0.002096436058700135
2024-07-16,19240,19360,19100,19240,11937,0.006276150627614996
2024-07-17,19240,19350,19160,19200,11422,-0.0020790020790020236
2024-07-18,19050,19390,19020,19110,7428,-0.004687499999999956
2024-07-19,19050,19170,18970,19050,6417,-0.0031397174254317317
2024-07-22,19110,19110,18620,19010,22812,-0.0020997375328084544
2024-07-23,19010,19190,18800,19030,8672,0.0010520778537612685
2024-07-24,18940,19290,18940,19090,23060,0.0031529164477142047
2024-07-25,19090,19090,18840,18850,4397,-0.012572027239392325
2024-07-26,18850,19300,18820,19040,7416,0.010079575596817048
2024-07-29,19020,19390,19020,19210,14883,0.008928571428571397
2024-07-30,19370,19370,19030,19030,5809,-0.00937011972930768
2024-07-31,18950,19820,18950,19780,16097,0.03941145559642667
2024-08-01,19730,21500,19590,20800,36904,0.051567239635995854
2024-08-02,20800,20800,20000,20650,18048,-0.007211538461538436
2024-08-05,20450,20650,18870,19000,16064,-0.07990314769975781
2024-08-06,19500,19740,19040,19600,9046,0.03157894736842115
2024-08-07,19420,20200,19420,20000,7649,0.020408163265306145
2024-08-08,19990,19990,19600,19770,9374,-0.011499999999999955
2024-08-09,19790,20000,19510,19520,16518,-0.01264542235710675
2024-08-12,19520,19700,19140,19150,12554,-0.018954918032786927
2024-08-13,19280,19280,19070,19160,3208,0.0005221932114882755
2024-08-14,19170,19390,19160,19310,6004,0.007828810020876764
2024-08-16,19320,19500,19200,19250,15693,-0.0031071983428275773
2024-08-19,19250,19370,19090,19210,14873,-0.002077922077922123
2024-08-20,19290,19750,19170,19400,7313,0.009890681936491452
2024-08-21,19490,19850,19250,19550,13342,0.0077319587628865705
2024-08-22,19450,19700,19250,19250,3032,-0.01534526854219953
2024-08-23,19400,19500,19180,19280,18122,0.0015584415584415368
2024-08-26,19280,19500,18870,18870,15766,-0.02126556016597514
2024-08-27,18900,19040,18680,18680,12984,-0.01006889242183362
2024-08-28,18690,19000,18380,18470,6759,-0.01124197002141325
2024-08-29,18400,18700,18250,18630,12074,0.008662696264212233
2024-08-30,18630,18980,18520,18620,2575,-0.0005367686527106841
2024-09-02,18580,18770,18570,18610,4813,-0.0005370569280344073
2024-09-03,18620,18940,18620,18780,3109,0.009134873723804393
2024-09-04,18780,18850,18420,18500,5245,-0.014909478168264156
2024-09-05,18500,19050,18500,18940,8246,0.023783783783783763
2024-09-06,18670,18880,18560,18580,3548,-0.019007391763463555
2024-09-09,18560,18650,18120,18570,9063,-0.0005382131324004336
2024-09-10,18700,18900,18600,18610,10944,0.002154011847065096
2024-09-11,18610,18790,18610,18660,7185,0.002686727565824887
2024-09-12,18840,19150,18730,18990,21988,0.01768488745980701
2024-09-13,18940,19440,18930,19420,10531,0.022643496577145816
2024-09-19,19420,19420,19040,19150,3471,-0.013903192584963975
2024-09-20,19080,19480,19080,19280,10911,0.006788511749347359
2024-09-23,19550,19550,19200,19270,8060,-0.0005186721991701226
2024-09-24,19440,19480,19140,19140,2331,-0.006746237675142708
2024-09-25,19070,19300,18850,18990,4252,-0.00783699059561127
2024-09-26,19050,19440,18900,18960,5411,-0.0015797788309637184
2024-09-27,18960,19220,18850,19140,3797,0.009493670886076
2024-09-30,19290,19500,19140,19330,5749,0.009926854754440884
2024-10-02,19300,20300,19200,19900,26572,0.02948784273150551
2024-10-04,19900,20050,19620,19980,15301,0.004020100502512669
2024-10-07,19980,19980,19700,19710,7264,-0.013513513513513487
2024-10-08,19640,20000,19500,19710,8884,0.0
2024-10-10,19670,19900,19600,19750,8238,0.0020294266869609334
2024-10-11,19930,19930,19670,19890,1631,0.007088607594936791
2024-10-14,19930,19930,19500,19500,5156,-0.019607843137254943
2024-10-15,19500,19630,19340,19500,4667,0.0
2024-10-16,19490,19490,19090,19390,5606,-0.005641025641025643
2024-10-17,19330,19540,19110,19140,10576,-0.012893243940175325
2024-10-18,19240,19360,18800,19000,6456,-0.007314524555903867
2024-10-21,19000,19200,18830,18980,6207,-0.001052631578947416
2024-10-22,19190,19190,18550,18920,9785,-0.0031612223393044925
2024-10-23,19000,19120,18810,18820,6907,-0.005285412262156397
2024-10-24,18920,19030,18790,18830,4097,0.0005313496280552332
2024-10-25,18830,19100,18760,19050,10049,0.011683483802442884
2024-10-28,19200,19890,19120,19800,11065,0.03937007874015741
2024-10-29,19830,20200,19500,19580,18297,-0.011111111111111072
2024-10-30,20150,21150,19910,20550,47071,0.04954034729315637
2024-10-31,20650,21550,20000,21400,28491,0.041362530413625365
2024-11-01,21250,22350,21100,22250,18339,0.03971962616822422
2024-11-04,22300,22450,21800,22100,14744,-0.006741573033707815
2024-11-05,22100,22700,21400,22450,29979,0.015837104072398134
2024-11-06,22450,22500,21900,22300,16849,-0.006681514476614692
2024-11-07,22150,22150,21750,21850,8690,-0.020179372197309364
2024-11-08,21800,22100,21650,21650,5954,-0.009153318077803174
2024-11-11,21650,21950,21400,21550,24500,-0.004618937644341847
2024-11-12,21500,21500,20750,20950,12873,-0.02784222737819031
2024-11-13,20700,20900,20400,20450,8790,-0.023866348448687402
2024-11-14,20550,20550,19300,20100,7092,-0.017114914425427896
2024-11-15,19990,20250,19700,20250,11738,0.00746268656716409
2024-11-18,20200,20650,20200,20400,6206,0.007407407407407307
2024-11-19,20800,20850,20500,20550,9496,0.007352941176470562
2024-11-20,20500,20800,20450,20550,6416,0.0
2024-11-21,20550,20650,20300,20550,4469,0.0
2024-11-22,20550,20750,20400,20500,4840,-0.0024330900243308973
2024-11-25,20450,20850,20450,20800,2037,0.014634146341463428
2024-11-26,20900,21750,20850,21600,10596,0.03846153846153855
2024-11-27,21450,21600,21100,21200,4519,-0.01851851851851849
2024-11-28,21100,21300,21100,21150,3327,-0.002358490566037763
2024-11-29,21150,21400,20950,21200,2521,0.0023640661938533203
2024-12-02,21050,21400,20850,20900,5430,-0.014150943396226467
2024-12-03,20900,21400,20900,21400,4882,0.02392344497607657
2024-12-04,21000,21950,21000,21150,23279,-0.011682242990654235
2024-12-05,21150,21550,21000,21200,8572,0.0023640661938533203
2024-12-06,21200,21500,20600,21150,17506,-0.002358490566037763
2024-12-09,20750,21250,20500,20700,11400,-0.021276595744680882
2024-12-10,20700,21800,20700,21500,13238,0.03864734299516903
2024-12-11,21500,22150,21400,21800,8264,0.013953488372093092
2024-12-12,21650,22050,21500,22050,24904,0.011467889908256979
2024-12-13,22300,23600,21900,22450,57908,0.018140589569161092
2024-12-16,22750,22950,22250,22300,12999,-0.006681514476614692
2024-12-17,22350,22450,21600,21800,12048,-0.022421524663677084
2024-12-18,21800,21900,21150,21600,18272,-0.00917431192660545
2024-12-19,21600,21750,21250,21300,61656,-0.01388888888888884
2024-12-20,21400,21450,21000,21200,39871,-0.0046948356807511304
2024-12-23,21200,21550,21200,21550,23512,0.01650943396226423
2024-12-24,21500,22000,21400,21900,28745,0.016241299303944245
2024-12-26,22050,22350,21850,22150,26662,0.011415525114155223
2024-12-27,21200,21400,19970,20450,34477,-0.07674943566591419
2024-12-30,20450,20600,19720,19960,21847,-0.023960880195599055
2025-01-02,19960,19960,19620,19760,11749,-0.01002004008016033
2025-01-03,19700,19810,19150,19160,29638,-0.030364372469635637
2025-01-06,19160,19320,19090,19220,5770,0.0031315240083507057
2025-01-07,19250,19300,19170,19250,6756,0.0015608740894901274
2025-01-08,19250,19420,19180,19350,11720,0.0051948051948051965
2025-01-09,19320,19450,19060,19330,12747,-0.001033591731266159
2025-01-10,19380,19380,19130,19240,9713,-0.004655975168132431
2025-01-13,19240,19320,19010,19270,12837,0.0015592515592515177
2025-01-14,19240,19330,18980,19100,8572,-0.008822003113648114
2025-01-15,19240,19290,18360,18640,12177,-0.02408376963350789
2025-01-16,18640,18800,18510,18700,14308,0.0032188841201716833
2025-01-17,18800,18820,18620,18790,9936,0.004812834224598994
2025-01-20,18950,18950,18540,18640,11430,-0.007982969664715234
2025-01-21,18800,18800,18460,18650,9512,0.0005364806866952065
2025-01-22,18590,18640,18420,18510,11896,-0.00750670241286866
2025-01-23,18600,18690,18390,18500,13239,-0.0005402485143165547
2025-01-24,18520,18750,18370,18520,6673,0.00108108108108107
2025-01-31,18700,18700,18470,18560,4283,0.002159827213822796
2025-02-03,18540,18540,18060,18220,12121,-0.018318965517241326
2025-02-04,18220,18440,18070,18200,5211,-0.001097694840834218
2025-02-05,18270,18360,18220,18340,6566,0.007692307692307665
2025-02-06,18330,18440,18260,18370,12474,0.0016357688113413094
2025-02-07,18300,18460,18240,18410,8093,0.0021774632553075435
2025-02-10,18410,18550,18360,18460,9092,0.0027159152634437245
2025-02-11,18460,18480,18330,18450,3574,-0.0005417118093173912
2025-02-12,18290,18450,18230,18290,10177,-0.008672086720867167
2025-02-13,18350,18490,18250,18450,8645,0.00874794969928927
2025-02-14,18450,18810,18390,18520,25241,0.003794037940379358
2025-02-17,18520,18950,18520,18900,11351,0.02051835853131756
2025-02-18,18900,19130,18900,19100,9156,0.010582010582010692
2025-02-19,19500,19670,19100,19200,18405,0.005235602094240788
2025-02-20,19200,19490,19180,19210,13685,0.0005208333333333037
2025-02-21,19140,19470,19140,19390,15924,0.00937011972930768
2025-02-24,19390,19480,19060,19300,12222,-0.004641567818463144
2025-02-25,19380,19380,19070,19140,4633,-0.00829015544041456
2025-02-26,19100,19100,18870,18950,9987,-0.009926854754440995
2025-02-27,19110,19250,18900,19200,7461,0.013192612137203241
2025-02-28,19190,19290,18990,19260,8119,0.0031250000000000444
2025-03-04,19260,19450,19100,19300,16733,0.0020768431983384517
2025-03-05,19360,19560,19280,19470,10790,0.00880829015544049
2025-03-06,19420,19700,19370,19620,22686,0.007704160246533087
2025-03-07,19660,19810,19480,19570,22862,-0.0025484199796126372
2025-03-10,19580,20000,19500,19770,36553,0.010219724067450198
2025-03-11,19500,19760,19500,19590,9462,-0.009104704097116834
2025-03-12,19700,19750,19510,19750,7871,0.008167432363450633
2025-03-13,19840,20100,19610,19840,15474,0.004556962025316524
2025-03-14,20000,20000,19710,19840,9818,0.0
2025-03-17,19960,19960,19700,19770,4610,-0.0035282258064516236
2025-03-18,19720,19900,19550,19680,11254,-0.004552352048558417
2025-03-19,19680,19840,19510,19800,7335,0.0060975609756097615
2025-03-20,19900,19900,19550,19710,5031,-0.004545454545454519
2025-03-21,19700,19800,19540,19740,3872,0.0015220700152207556
2025-03-24,19740,19880,19590,19740,5921,0.0
2025-03-25,19740,19830,19420,19530,8607,-0.010638297872340385
2025-03-26,19740,19800,19390,19480,7474,-0.0025601638504864077
2025-03-27,19540,19550,19280,19470,3757,-0.0005133470225873182
2025-03-28,19440,19580,19270,19370,5422,-0.005136106831022058
2025-03-31,19400,19430,19170,19280,13623,-0.004646360351058365
2025-04-01,19450,19450,19220,19310,6472,0.001556016597510368
2025-04-02,19590,19590,19270,19380,7437,0.0036250647332987107
2025-04-03,19380,19480,19130,19480,5032,0.005159958720330149
2025-04-04,19480,19760,19400,19760,7626,0.014373716632443578
2025-04-07,19760,19760,18770,18920,19503,-0.04251012145748989
2025-04-08,19300,19300,18710,18780,10410,-0.007399577167019
2025-04-09,18780,18780,18430,18780,11785,0.0
2025-04-10,18840,19180,18840,19180,6594,0.021299254526091493
2025-04-11,19290,19540,19010,19480,14580,0.01564129301355588
2025-04-14,19470,19720,19330,19620,12289,0.007186858316221789
2025-04-15,19470,19680,19470,19670,5946,0.0025484199796126372
2025-04-16,19690,19700,19580,19700,6915,0.0015251652262329163
2025-04-17,19700,19900,19510,19840,11614,0.007106598984771617
2025-04-18,19550,20250,19550,20100,8334,0.013104838709677491
2025-04-21,19880,20500,19880,20450,5846,0.017412935323383172
2025-04-22,20100,20750,20100,20700,9683,0.012224938875305513
2025-04-23,20700,20900,20450,20900,7032,0.009661835748792313
2025-04-24,20950,20950,20500,20550,5933,-0.01674641148325362
2025-04-25,20550,20900,20550,20600,10378,0.0024330900243310083
2025-04-28,20700,20850,20400,20550,7139,-0.0024271844660194164
2025-04-29,20650,20950,20550,20800,4324,0.012165450121654597
2025-04-30,20850,20900,20650,20800,4573,0.0
2025-05-02,20800,20900,20700,20700,5441,-0.004807692307692291
2025-05-07,20850,20850,20350,20600,13647,-0.004830917874396157
2025-05-08,20600,20750,20400,20700,5423,0.004854368932038833
2025-05-09,20800,20950,20200,20500,19760,-0.009661835748792313
2025-05-12,20550,20850,20500,20850,7361,0.017073170731707332
2025-05-13,20950,21100,20750,20850,8482,0.0
2025-05-14,20850,21650,20800,21500,23732,0.031175059952038398
2025-05-15,21750,21800,21200,21700,6869,0.009302325581395321
2025-05-16,21700,21750,20950,21350,20585,-0.016129032258064502
2025-05-19,21400,21700,21000,21350,14108,0.0
2025-05-20,21350,22250,21350,22200,23193,0.03981264637002346
2025-05-21,22000,22550,21900,22150,11194,-0.0022522522522522292
2025-05-22,22350,22350,21500,21550,14551,-0.02708803611738153
2025-05-23,21350,22050,21350,21500,22256,-0.002320185614849146
2025-05-26,21650,22350,21600,22250,11636,0.03488372093023262
2025-05-27,22300,22400,21800,22050,13984,-0.008988764044943864
2025-05-28,22050,23100,22050,23000,27743,0.04308390022675734
2025-05-29,23000,24250,22800,24000,38795,0.04347826086956519
2025-05-30,24000,24350,23800,24100,16496,0.004166666666666652
2025-06-02,24100,24100,23200,23450,20301,-0.026970954356846488
2025-06-04,23450,25300,23450,24750,43831,0.05543710021321968
2025-06-05,24800,25950,24800,25700,53355,0.03838383838383841
2025-06-09,26100,27800,25700,27100,41188,0.054474708171206254
2025-06-10,27900,27900,26050,26250,61024,-0.03136531365313655
2025-06-11,26250,27050,25750,26850,26740,0.02285714285714291
2025-06-12,26850,27000,26300,26550,25807,-0.011173184357541888
2025-06-13,26500,26700,25500,26000,40140,-0.020715630885122405
2025-06-16,25950,27050,25500,26650,35131,0.02499999999999991
2025-06-17,26800,27400,26050,26600,41510,-0.0018761726078799779
2025-06-18,26600,27400,26300,26900,32988,0.011278195488721776
2025-06-19,25600,25950,25400,25550,37752,-0.05018587360594795
2025-06-20,25550,25900,25100,25250,22063,-0.011741682974559686
2025-06-23,25250,26100,25100,25900,37684,0.025742574257425765
2025-06-24,25900,26400,25550,26300,24183,0.015444015444015413
2025-06-25,26300,26300,25850,26250,7839,-0.0019011406844106071
2025-06-26,25850,26250,23900,25300,22139,-0.03619047619047622
2025-06-27,25300,25900,24550,24750,14911,-0.021739130434782594
2025-06-30,24750,25750,24650,25550,16384,0.03232323232323231
2025-07-01,25550,27000,25200,26200,32856,0.02544031311154593
2025-07-02,26200,26200,25000,25350,22393,-0.03244274809160308
2025-07-03,25600,27100,25600,26450,37939,0.04339250493096647
2025-07-04,26450,27050,26300,26550,24347,0.003780718336483968
2025-07-07,26550,27700,26400,27350,23175,0.030131826741996326
2025-07-08,27250,27750,27050,27550,16664,0.007312614259597838
2025-07-09,27550,29450,27400,28500,24711,0.034482758620689724
2025-07-10,28500,29200,27900,28450,11881,-0.0017543859649122862
2025-07-11,28450,28700,28000,28200,9391,-0.008787346221441172
2025-07-14,28000,28250,27800,28250,18870,0.0017730496453900457
2025-07-15,28000,28200,27450,27800,15622,-0.015929203539822967
2025-07-16,27800,28200,27400,27900,9314,0.003597122302158251
2025-07-17,27900,27900,26850,27000,14765,-0.032258064516129004
2025-07-18,26750,27500,26550,26650,13500,-0.012962962962962954
2025-07-21,26650,27000,26050,26400,12068,-0.009380863039399667
2025-07-22,26400,26900,26100,26600,10842,0.007575757575757569
2025-07-23,26500,26500,25300,26050,40942,-0.020676691729323293
2025-07-24,26050,28000,25950,26250,14323,0.007677543186180413
2025-07-25,26250,26250,25350,25550,17568,-0.026666666666666616
2025-07-28,25550,25950,24750,25350,20824,-0.007827788649706457
2025-07-29,25350,25350,24800,25050,13837,-0.011834319526627168
2025-07-30,25750,25750,24650,25000,9532,-0.001996007984031989
2025-07-31,25050,25500,24850,25000,8031,0.0
2025-08-01,25050,25650,23750,24200,23579,-0.03200000000000003
2025-08-04,24400,25300,23850,24700,15497,0.02066115702479343
2025-08-05,25100,25200,24050,24300,11806,-0.01619433198380571
2025-08-06,24100,25650,24100,24950,9138,0.026748971193415683
2025-08-07,24950,25250,24400,24500,5492,-0.018036072144288595
2025-08-08,24300,24650,24300,24650,3361,0.00612244897959191
2025-08-11,24850,24850,24250,24250,6117,-0.016227180527383367
2025-08-12,24250,24800,24200,24550,7864,0.012371134020618513
2025-08-13,24550,24850,23500,23600,28058,-0.03869653767820769
2025-08-14,23700,23800,23150,23350,12451,-0.010593220338983023
2025-08-18,23250,23250,22650,22700,10946,-0.027837259100642386
2025-08-19,23000,25200,23000,24300,52783,0.07048458149779746
2025-08-20,24400,25900,24200,25700,80350,0.057613168724279795
2025-08-21,26700,26700,25400,25800,31985,0.0038910505836575737
2025-08-22,25800,25950,25650,25800,5963,0.0
2025-08-25,25800,25900,25600,25750,12009,-0.0019379844961240345
2025-08-26,25750,26050,25600,25750,9702,0.0
2025-08-27,25750,25800,25350,25650,20048,-0.003883495145631022
2025-08-28,25650,26200,25450,25950,9181,0.011695906432748648
2025-08-29,25950,26400,25900,26100,13005,0.005780346820809301
2025-09-01,26050,26200,24900,25650,35605,-0.017241379310344862
2025-09-02,25600,25950,25600,25600,6445,-0.0019493177387914784
2025-09-03,25600,25700,25000,25650,7198,0.001953125
2025-09-04,25700,25900,25600,25750,2292,0.003898635477582957
2025-09-05,25950,26300,25800,25850,5645,0.003883495145631022
2025-09-08,25650,26200,25650,25950,13699,0.003868471953578423
2025-09-09,25700,26300,25700,26300,8550,0.01348747591522148
2025-09-10,26300,26750,26200,26400,13149,0.0038022813688212143
2025-09-11,26400,26550,26250,26550,25867,0.005681818181818121
2025-09-12,26550,26600,26250,26500,16751,-0.0018832391713747842
2025-09-15,26650,26900,26500,26750,12709,0.009433962264151052
2025-09-16,26750,26950,26600,26750,7573,0.0
2025-09-17,26750,26950,26600,26700,7205,-0.0018691588785046953
2025-09-18,26700,26950,26500,26700,17693,0.0
2025-09-19,26700,26900,26600,26750,7846,0.001872659176029856
2025-09-22,26750,26850,26400,26800,7068,0.0018691588785046953
2025-09-23,26600,27200,26500,27100,16041,0.011194029850746245
2025-09-24,27100,27200,26050,26350,29978,-0.027675276752767486
2025-09-25,26150,26450,25600,26100,24851,-0.009487666034155628
2025-09-26,26100,26100,25500,25800,24199,-0.011494252873563204
2025-09-29,25800,26100,25600,26000,12149,0.007751937984496138
2025-09-30,26100,26100,25700,25850,2708,-0.005769230769230749
2025-10-01,25900,26100,25650,25800,7360,-0.0019342359767892114
2025-10-02,25900,25900,25650,25750,9811,-0.0019379844961240345
2025-10-10,25800,25950,25200,25450,20038,-0.011650485436893177
2025-10-13,25050,25900,24800,24800,40419,-0.025540275049115935
2025-10-14,25000,25100,24800,24850,13746,0.002016129032258007
2025-10-15,24900,25500,24900,25200,10023,0.014084507042253502
2025-10-16,25250,25600,25100,25200,16189,0.0
2025-10-17,25150,25300,24100,24700,30552,-0.019841269841269882
2025-10-20,24750,25250,24700,25250,11435,0.022267206477732726
2025-10-21,25250,25550,25250,25400,4376,0.005940594059405946
2025-10-22,25400,25700,25350,25700,10232,0.011811023622047223
2025-10-23,25700,26100,25550,25900,13631,0.0077821011673151474
2025-10-24,26100,26100,25550,25950,15403,0.0019305019305020377
2025-10-27,26050,26150,25350,25650,14494,-0.011560693641618491
2025-10-28,25650,25850,25200,25550,17028,-0.003898635477582846
2025-10-29,25800,25900,25300,25650,8973,0.00391389432485334
2025-10-30,25550,25650,25400,25600,13130,-0.0019493177387914784
