Date,Open,High,Low,Close,Volume,Change
2022-01-03,29700,29700,27450,27900,63258,-0.044520547945205435
2022-01-04,27850,28100,26900,27600,47012,-0.010752688172043001
2022-01-05,27200,27950,26450,27650,68661,0.0018115942028984477
2022-01-06,26900,29900,26900,28350,123227,0.025316455696202445
2022-01-07,28850,36850,28350,33600,724963,0.18518518518518512
2022-01-10,33750,34950,32950,33200,126420,-0.011904761904761862
2022-01-11,32700,32900,30400,31250,99128,-0.0587349397590361
2022-01-12,31100,33300,30650,32350,68870,0.0351999999999999
2022-01-13,32000,32300,30000,30600,90485,-0.054095826893353904
2022-01-14,29900,31650,29850,31350,48193,0.02450980392156854
2022-01-17,30700,31350,30550,31000,32840,-0.011164274322169043
2022-01-18,30000,32250,29600,31900,68451,0.029032258064516148
2022-01-19,31200,31900,30500,30650,62244,-0.039184952978056464
2022-01-20,29700,30900,29000,30600,252240,-0.0016313213703099683
2022-01-21,30000,30000,27850,28800,203851,-0.05882352941176472
2022-01-24,27900,28650,26500,28150,144356,-0.02256944444444442
2022-01-25,27550,28050,26450,26900,82752,-0.04440497335701599
2022-01-26,26950,28550,26950,28000,98419,0.040892193308550207
2022-01-27,28850,29150,25900,27350,120733,-0.023214285714285743
2022-01-28,27000,28500,26250,28000,107140,0.02376599634369292
2022-02-03,28600,28850,25950,26050,121231,-0.06964285714285712
2022-02-04,26050,26600,24950,26050,153372,0.0
2022-02-07,26050,26100,25200,25700,50258,-0.013435700575815779
2022-02-08,25700,27400,25300,27050,131464,0.05252918287937747
2022-02-09,28200,28250,26450,26950,110477,-0.003696857670979714
2022-02-10,27200,27200,26550,26950,44433,0.0
2022-02-11,26950,27150,26200,26200,63440,-0.0278293135435993
2022-02-14,25650,25900,23600,24100,127004,-0.08015267175572516
2022-02-15,24000,24250,23400,23750,66586,-0.014522821576763434
2022-02-16,24200,24900,24000,24850,32998,0.04631578947368431
2022-02-17,24850,25400,24000,24900,47442,0.002012072434607548
2022-02-18,24200,25300,24200,25150,28866,0.010040160642570184
2022-02-21,24300,25150,23850,24850,39938,-0.011928429423459286
2022-02-22,24050,25000,23500,24000,40684,-0.03420523138832998
2022-02-23,24050,24250,23700,24050,13884,0.002083333333333437
2022-02-24,23650,23800,22700,23300,52750,-0.03118503118503113
2022-02-25,23800,25250,23500,25200,72182,0.0815450643776825
2022-02-28,25200,26300,24500,25800,48783,0.023809523809523725
2022-03-02,27450,27450,25800,26000,130153,0.007751937984496138
2022-03-03,26450,27600,25650,27300,77431,0.050000000000000044
2022-03-04,27100,27250,26450,27100,37790,-0.0073260073260073
2022-03-07,26700,26700,25700,26200,31729,-0.03321033210332103
2022-03-08,25650,28000,25600,26550,61474,0.013358778625954137
2022-03-10,26650,27900,26550,26650,43069,0.0037664783427495685
2022-03-11,26450,27250,26100,27200,44884,0.02063789868667909
2022-03-14,26200,26450,25650,25900,100435,-0.047794117647058876
2022-03-15,25650,26600,25550,26000,33284,0.0038610038610038533
2022-03-16,26100,26400,25650,26400,29369,0.01538461538461533
2022-03-17,26850,27700,26450,27050,58230,0.024621212121212155
2022-03-18,27550,30100,27000,28400,227660,0.049907578558225474
2022-03-21,29000,29450,27550,28000,82498,-0.014084507042253502
2022-03-22,27800,28650,27700,28600,47391,0.021428571428571352
2022-03-23,29400,29400,27650,28200,72954,-0.013986013986013957
2022-03-24,27900,28650,27650,28350,30934,0.005319148936170137
2022-03-25,29150,31800,29100,30550,337544,0.07760141093474426
2022-03-28,30600,31900,29550,30900,177013,0.011456628477905184
2022-03-29,31300,32100,30350,31500,110239,0.01941747572815533
2022-03-30,31900,31900,30850,30850,57821,-0.020634920634920673
2022-03-31,30800,31800,30400,31750,63392,0.029173419773095732
2022-04-01,31200,34050,31200,33500,160812,0.055118110236220375
2022-04-04,33350,33500,32400,33000,62018,-0.014925373134328401
2022-04-05,34050,35250,33350,33500,178815,0.015151515151515138
2022-04-06,33400,34600,31450,33100,138044,-0.011940298507462699
2022-04-07,32400,32500,31400,32200,90035,-0.027190332326283984
2022-04-08,32300,33350,30950,32450,88653,0.007763975155279601
2022-04-11,33000,33000,31100,31700,81112,-0.023112480739599373
2022-04-12,31000,31850,30900,31800,46187,0.003154574132492094
2022-04-13,31600,32750,31600,32550,59967,0.02358490566037741
2022-04-14,32850,32900,30900,31450,51309,-0.03379416282642089
2022-04-15,31000,32000,30300,31650,59075,0.006359300476947549
2022-04-18,30850,31050,30000,30450,64169,-0.03791469194312791
2022-04-19,30400,32300,30400,31450,75987,0.03284072249589487
2022-04-20,31450,32700,31000,31750,71469,0.009538950715421324
2022-04-21,31400,31750,30750,31250,39015,-0.015748031496062964
2022-04-22,30800,31350,30300,31100,42679,-0.0048000000000000265
2022-04-25,30500,30600,29500,29750,71185,-0.043408360128617374
2022-04-26,30300,30350,29050,29650,37563,-0.003361344537815114
2022-04-27,28900,29600,28300,29150,89171,-0.016863406408094472
2022-04-28,29500,29500,28100,29300,109111,0.005145797598627766
2022-04-29,29500,29500,28450,28450,50535,-0.029010238907849817
2022-05-02,28050,28250,27550,27900,49084,-0.019332161687170446
2022-05-03,28100,28550,27750,27950,49361,0.0017921146953405742
2022-05-04,28350,30600,27050,29650,131334,0.06082289803220031
2022-05-06,29200,29200,28100,28300,44405,-0.04553119730185495
2022-05-09,27850,28300,26500,26500,69567,-0.06360424028268552
2022-05-10,26000,26450,25050,26000,101700,-0.018867924528301883
2022-05-11,26000,26550,25300,25950,46291,-0.0019230769230769162
2022-05-12,25350,25900,24000,24050,88345,-0.07321772639691715
2022-05-13,24350,25500,24350,25400,37405,0.05613305613305619
2022-05-16,25600,26400,24800,25850,52196,0.017716535433070835
2022-05-17,25900,26350,25450,25900,20870,0.0019342359767891004
2022-05-18,26800,26850,25350,26500,42253,0.02316602316602312
2022-05-19,26000,26000,25400,25950,22826,-0.02075471698113207
2022-05-20,25700,26850,25700,26850,12993,0.034682080924855585
2022-05-23,26950,27000,26000,26100,24953,-0.027932960893854775
2022-05-24,25750,26100,24700,24900,43631,-0.04597701149425293
2022-05-25,24900,25200,24500,24650,21752,-0.010040160642570295
2022-05-26,24750,24950,23450,23750,82716,-0.0365111561866126
2022-05-27,24000,24800,23200,24300,48504,0.023157894736842044
2022-05-30,24400,25400,23800,25000,42722,0.028806584362139898
2022-05-31,25000,25850,24500,25550,31674,0.02200000000000002
2022-06-02,25550,25950,24600,25300,20625,-0.009784735812133127
2022-06-03,25200,25400,24750,25250,13050,-0.0019762845849802257
2022-06-07,25650,25650,24400,24950,10400,-0.011881188118811892
2022-06-08,25300,25300,23950,24200,20671,-0.030060120240480992
2022-06-09,24200,24300,23250,24100,40729,-0.004132231404958664
2022-06-10,23400,23850,23350,23700,14538,-0.016597510373444035
2022-06-13,23200,23550,21750,22700,64936,-0.04219409282700426
2022-06-14,21600,22550,21000,22300,69164,-0.017621145374449365
2022-06-15,21950,22400,20700,21250,45993,-0.047085201793722
2022-06-16,21550,21950,19600,20350,68684,-0.04235294117647059
2022-06-17,19550,20000,18400,19500,98411,-0.041769041769041726
2022-06-20,19600,19650,17800,18300,93606,-0.06153846153846154
2022-06-21,18100,18750,17750,18750,50258,0.024590163934426146
2022-06-22,18750,18850,17350,17350,78656,-0.07466666666666666
2022-06-23,17350,17600,16450,17000,64402,-0.02017291066282423
2022-06-24,17900,18150,16600,17750,66865,0.044117647058823595
2022-06-27,17850,18150,17400,17700,43917,-0.0028169014084507005
2022-06-28,17500,18300,17400,18300,36902,0.03389830508474567
2022-06-29,17700,19350,17700,19100,46105,0.04371584699453557
2022-06-30,18950,19500,18600,19000,28464,-0.005235602094240788
2022-07-01,18750,19350,17600,17950,36421,-0.05526315789473679
2022-07-04,18100,18100,16450,17000,56793,-0.05292479108635095
2022-07-05,17050,17950,16900,17650,44416,0.038235294117647145
2022-07-06,17900,17900,17050,17450,22457,-0.011331444759206777
2022-07-07,17450,18100,17450,17700,12264,0.014326647564469885
2022-07-08,17800,17900,17300,17350,30281,-0.019774011299435013
2022-07-11,17400,17550,16600,17400,20779,0.0028818443804035088
2022-07-12,17500,17500,16650,16650,28393,-0.0431034482758621
2022-07-13,16500,17350,16500,17250,18032,0.03603603603603611
2022-07-14,17250,17400,16900,17250,17330,0.0
2022-07-15,17300,17500,16450,16900,35318,-0.020289855072463725
2022-07-18,17350,18300,17000,17900,53191,0.059171597633136175
2022-07-19,17700,18100,17400,18050,25601,0.008379888268156499
2022-07-20,18250,19150,18000,18200,135094,0.008310249307479145
2022-07-21,18200,18650,18200,18550,49100,0.019230769230769162
2022-07-22,18550,19300,18300,18300,30006,-0.013477088948787075
2022-07-25,18050,18400,17900,18100,23705,-0.010928961748633892
2022-07-26,18000,18200,17900,18150,14491,0.0027624309392264568
2022-07-27,18250,18550,18000,18500,5868,0.019283746556473913
2022-07-28,18800,18800,18000,18150,34027,-0.018918918918918948
2022-07-29,18150,18150,16900,17100,340854,-0.05785123966942152
2022-08-01,17050,17600,16800,17000,49771,-0.005847953216374324
2022-08-02,17000,17650,17000,17250,21939,0.014705882352941124
2022-08-03,17200,17900,16900,17800,51035,0.03188405797101446
2022-08-04,18200,18200,17650,18050,43173,0.014044943820224809
2022-08-05,18350,18350,17500,17950,28477,-0.005540166204986097
2022-08-08,17850,17900,17150,17550,29233,-0.02228412256267409
2022-08-09,17400,17500,17100,17300,9628,-0.014245014245014231
2022-08-10,17100,17150,16000,16750,53882,-0.03179190751445082
2022-08-11,16950,17100,16350,16800,65924,0.0029850746268655914
2022-08-12,16600,17600,16500,17500,46583,0.04166666666666674
2022-08-16,17500,17700,17100,17400,23898,-0.005714285714285672
2022-08-17,17450,17450,16700,17050,20205,-0.02011494252873558
2022-08-18,16850,17200,16600,17050,24302,0.0
2022-08-19,16800,17050,16200,16700,34192,-0.02052785923753664
2022-08-22,16500,16600,16150,16600,18645,-0.005988023952095856
2022-08-23,16500,16500,15900,16350,23589,-0.015060240963855387
2022-08-24,16200,16850,15750,16150,23337,-0.012232415902140636
2022-08-25,16450,16800,15900,16800,34479,0.04024767801857587
2022-08-26,16850,16950,16400,16650,12975,-0.008928571428571397
2022-08-29,16300,16700,15750,15750,40792,-0.05405405405405406
2022-08-30,15750,16200,15550,15800,51642,0.0031746031746031633
2022-08-31,15450,18600,15450,16900,350444,0.06962025316455689
2022-09-01,16700,16850,15900,15950,43947,-0.056213017751479244
2022-09-02,16050,16200,15550,15700,35522,-0.01567398119122254
2022-09-05,15700,15750,14750,15200,53064,-0.031847133757961776
2022-09-06,15500,16850,15100,16250,98134,0.06907894736842102
2022-09-07,16000,16400,15600,16000,37212,-0.01538461538461533
2022-09-08,15850,16350,15700,16150,26214,0.009374999999999911
2022-09-13,16150,17100,16100,16900,53305,0.04643962848297223
2022-09-14,16000,16450,15700,16300,39167,-0.035502958579881616
2022-09-15,16300,17350,16300,17350,53033,0.0644171779141105
2022-09-16,17350,17350,16700,17000,24243,-0.02017291066282423
2022-09-19,16900,17000,15900,16150,25034,-0.050000000000000044
2022-09-20,16150,16550,15850,16100,24611,-0.003095975232198178
2022-09-21,15950,16200,15700,15800,17548,-0.018633540372670843
2022-09-22,15500,15850,15200,15650,17637,-0.009493670886076
2022-09-23,15650,15650,14650,15150,39570,-0.03194888178913735
2022-09-26,14750,14750,13100,13500,77564,-0.1089108910891089
2022-09-27,13750,13950,12800,13600,55229,0.007407407407407307
2022-09-28,13600,13600,11950,12450,113585,-0.0845588235294118
2022-09-29,12800,12950,11800,12100,78105,-0.028112449799196804
2022-09-30,11800,12200,11500,11850,38699,-0.02066115702479343
2022-10-04,12150,13150,12000,13100,37250,0.10548523206751059
2022-10-05,13200,13450,12750,13100,25011,0.0
2022-10-06,13200,14000,13100,13700,43777,0.04580152671755733
2022-10-07,13550,14000,13300,13900,7518,0.014598540145985384
2022-10-11,13300,13750,12850,13050,16265,-0.0611510791366906
2022-10-12,13000,13400,12500,13000,10509,-0.003831417624521105
2022-10-13,13050,13050,12100,12600,17695,-0.03076923076923077
2022-10-14,12700,13400,12700,13100,20036,0.039682539682539764
2022-10-17,12950,13650,12700,13650,164099,0.041984732824427384
2022-10-18,13700,14750,13700,14050,37820,0.0293040293040292
2022-10-19,14350,14400,13850,14000,13572,-0.003558718861209953
2022-10-20,13950,14300,13700,14200,12422,0.014285714285714235
2022-10-21,14000,14300,13850,14100,5961,-0.007042253521126751
2022-10-24,14500,14550,14000,14200,11219,0.007092198581560183
2022-10-25,14150,14450,14000,14350,8847,0.010563380281690238
2022-10-26,14450,14450,13950,14150,4866,-0.013937282229965153
2022-10-27,13900,13950,12650,13650,89640,-0.035335689045936425
2022-10-28,13600,13700,13150,13500,32702,-0.01098901098901095
2022-10-31,13600,14200,13600,14100,16896,0.04444444444444451
2022-11-01,14000,14450,14000,14300,14891,0.014184397163120588
2022-11-02,14400,14500,14050,14200,12167,-0.006993006993006978
2022-11-03,14200,14350,13900,14250,14810,0.0035211267605634866
2022-11-04,14250,14350,13650,13900,21635,-0.024561403508771895
2022-11-07,13900,14850,13550,14500,57728,0.043165467625899234
2022-11-08,14700,16100,14600,15400,108830,0.06206896551724128
2022-11-09,15250,15800,15250,15300,22956,-0.00649350649350644
2022-11-10,15300,15700,15000,15500,14838,0.013071895424836555
2022-11-11,15950,16200,15400,16050,43879,0.03548387096774186
2022-11-14,16300,16350,15650,15700,17437,-0.02180685358255452
2022-11-15,16000,16000,15500,15900,14079,0.01273885350318471
2022-11-16,15800,16100,15600,15700,12579,-0.012578616352201255
2022-11-17,15700,15850,15200,15450,14460,-0.015923566878980888
2022-11-18,15450,15650,15150,15500,7324,0.003236245954692629
2022-11-21,15750,15750,14450,14500,62405,-0.06451612903225812
2022-11-22,14600,14600,14150,14400,14541,-0.006896551724137945
2022-11-23,14400,14900,14300,14900,14906,0.03472222222222232
2022-11-24,14750,15400,14700,15350,18746,0.030201342281879207
2022-11-25,15550,15550,14300,14700,99322,-0.04234527687296419
2022-11-28,14450,14700,14200,14700,26619,0.0
2022-11-29,14550,14950,14450,14800,11419,0.006802721088435382
2022-11-30,14800,15000,14500,14750,27066,-0.0033783783783783994
2022-12-01,14850,15200,14850,15050,21475,0.02033898305084736
2022-12-02,15100,15550,14800,15250,24600,0.013289036544850585
2022-12-05,15100,15400,14950,15100,18224,-0.00983606557377048
2022-12-06,15300,15300,14350,14750,38769,-0.023178807947019875
2022-12-07,14500,15050,14450,14950,14219,0.013559322033898313
2022-12-08,14900,15100,14750,14950,7806,0.0
2022-12-09,15200,15200,14800,14950,11596,0.0
2022-12-12,14950,15100,14300,14950,31123,0.0
2022-12-13,14950,15250,14700,15200,21765,0.01672240802675584
2022-12-14,15250,16750,15250,16250,227686,0.06907894736842102
2022-12-15,16300,16750,15950,16550,92053,0.01846153846153853
2022-12-16,16300,17350,16050,16500,70182,-0.0030211480362537513
2022-12-19,16300,16550,15900,16450,22395,-0.00303030303030305
2022-12-20,16450,16450,15700,16000,36449,-0.027355623100303927
2022-12-21,16000,16200,15500,15800,14980,-0.012499999999999956
2022-12-22,16000,16000,15550,15750,19317,-0.0031645569620253333
2022-12-23,15500,15500,14800,14900,162657,-0.053968253968254
2022-12-26,14900,15600,14600,15200,163462,0.020134228187919545
2022-12-27,15250,16300,15200,16000,109910,0.05263157894736836
2022-12-28,15850,16250,15500,16200,73649,0.012499999999999956
2022-12-29,16200,16200,15200,15850,33147,-0.021604938271604923
2023-01-02,15800,15950,15100,15300,34307,-0.034700315457413256
2023-01-03,15200,15400,14800,15100,33950,-0.013071895424836555
2023-01-04,15000,15550,14650,15400,13649,0.019867549668874274
2023-01-05,15700,15700,14600,14800,56451,-0.038961038961038974
2023-01-06,14600,15700,14600,15350,44376,0.03716216216216206
2023-01-09,15350,15600,15100,15200,45941,-0.009771986970684043
2023-01-10,15100,15300,14550,14900,36364,-0.019736842105263164
2023-01-11,14700,15000,14700,14900,34761,0.0
2023-01-12,15000,15000,14550,14800,20610,-0.006711409395973145
2023-01-13,14600,14950,14600,14800,9647,0.0
2023-01-16,14700,14850,14450,14650,26059,-0.010135135135135087
2023-01-17,14650,14650,13900,14150,38772,-0.03412969283276446
2023-01-18,14150,14300,13800,14250,15345,0.007067137809187329
2023-01-19,14300,14400,14050,14300,11094,0.0035087719298245723
2023-01-20,14150,14650,13700,14100,66202,-0.013986013986013957
2023-01-25,14200,14270,13660,14270,46224,0.012056737588652444
2023-01-26,14390,14640,14150,14510,38226,0.016818500350385346
2023-01-27,14500,14840,13850,14100,77035,-0.028256374913852467
2023-01-30,14150,14440,13810,14350,53874,0.01773049645390068
2023-01-31,14470,14470,13910,14010,37312,-0.02369337979094077
2023-02-01,14150,14980,13910,14700,66990,0.04925053533190571
2023-02-02,14900,15770,14760,15550,127972,0.05782312925170063
2023-02-03,15790,16000,15100,15360,84910,-0.01221864951768492
2023-02-06,15360,16190,15070,16090,80494,0.04752604166666674
2023-02-07,16160,17770,16090,16990,334353,0.05593536357986317
2023-02-08,17100,18040,17100,17760,211178,0.0453207769276045
2023-02-09,17820,18350,17220,17430,171323,-0.01858108108108103
2023-02-10,17600,17610,16790,16960,96951,-0.02696500286861736
2023-02-13,16920,17300,16720,17200,46696,0.014150943396226356
2023-02-14,17100,19450,16970,19300,426186,0.12209302325581395
2023-02-15,19360,19820,18650,18650,185707,-0.033678756476683946
2023-02-16,18600,19650,18310,19100,165122,0.024128686327077764
2023-02-17,18830,19600,18670,19350,83957,0.01308900523560208
2023-02-20,19220,21050,18880,20750,258128,0.07235142118863047
2023-02-21,20950,21500,20100,21200,190073,0.02168674698795181
2023-02-22,20800,21450,20250,21250,100793,0.002358490566037652
2023-02-23,21400,21400,20350,20550,88968,-0.03294117647058825
2023-02-24,20600,22350,20550,21550,181093,0.048661800486617945
2023-02-27,21850,21850,20700,21500,78718,-0.002320185614849146
2023-02-28,21350,21950,20950,21750,125773,0.011627906976744207
2023-03-02,21400,22700,20850,22400,163340,0.029885057471264354
2023-03-03,22400,23150,22200,22900,93348,0.022321428571428603
2023-03-06,22700,22700,21800,22100,86927,-0.03493449781659386
2023-03-07,21750,22050,20600,20800,152280,-0.05882352941176472
2023-03-08,21000,21850,20750,20900,102564,0.004807692307692291
2023-03-09,21150,21250,20200,20400,100299,-0.02392344497607657
2023-03-10,20000,20000,18810,19370,174420,-0.050490196078431415
2023-03-13,19100,19370,18340,19370,104237,0.0
2023-03-14,19370,19700,18150,18480,111111,-0.04594734124935462
2023-03-15,19000,19000,18190,18340,84070,-0.007575757575757569
2023-03-16,18300,18900,17870,18600,42647,0.014176663031624903
2023-03-17,18730,20300,18640,20200,108792,0.08602150537634401
2023-03-20,20600,21450,20050,20600,149396,0.01980198019801982
2023-03-21,20850,21150,20300,20600,63212,0.0
2023-03-22,21000,21100,19850,20350,102709,-0.012135922330097082
2023-03-23,20400,22000,20350,21650,154038,0.06388206388206386
2023-03-24,22100,24000,22050,23600,397436,0.09006928406466508
2023-03-27,24150,24200,22500,23400,190274,-0.008474576271186418
2023-03-28,24450,25950,23850,24850,662511,0.06196581196581197
2023-03-29,25300,25500,24100,24900,241622,0.002012072434607548
2023-03-30,25400,25600,24100,24350,163744,-0.02208835341365467
2023-03-31,24350,24450,23050,23050,227027,-0.05338809034907599
2023-04-03,23050,23250,21300,23000,349192,-0.002169197396963085
2023-04-04,22600,23500,22250,22450,123182,-0.023913043478260843
2023-04-05,22900,23400,21850,22000,188248,-0.020044543429844075
2023-04-06,22300,22300,21200,21400,124363,-0.027272727272727226
2023-04-07,21400,22150,21300,21850,92388,0.02102803738317749
2023-04-10,21750,21950,20650,21750,122881,-0.004576659038901587
2023-04-11,21750,22050,20450,21250,189243,-0.02298850574712641
2023-04-12,21050,22650,20150,21950,402687,0.03294117647058825
2023-04-13,22150,23250,21700,22600,237576,0.029612756264236983
2023-04-14,23050,23150,21700,22400,100868,-0.008849557522123908
2023-04-17,22400,22400,20450,21750,270400,-0.029017857142857095
2023-04-18,22100,22600,21000,21700,162579,-0.0022988505747126853
2023-04-19,22400,23650,22350,23200,885880,0.06912442396313367
2023-04-20,23350,23400,21850,22100,315043,-0.04741379310344829
2023-04-21,22050,22900,21100,22350,248819,0.011312217194570096
2023-04-24,22900,23900,22650,23800,448785,0.06487695749440725
2023-04-25,23850,23900,22650,23550,284603,-0.010504201680672232
2023-04-26,23200,23950,22800,22800,184321,-0.031847133757961776
2023-04-27,22750,22900,21750,22550,90109,-0.010964912280701733
2023-04-28,22500,22850,21900,22550,114929,0.0
2023-05-02,22150,23250,22000,22850,97919,0.013303769401330268
2023-05-03,22850,23550,22500,22800,84908,-0.002188183807439792
2023-05-04,22800,24200,22500,24200,274452,0.06140350877192979
2023-05-08,24550,25850,23900,25600,346340,0.05785123966942152
2023-05-09,25600,25800,23100,24150,296868,-0.056640625
2023-05-10,24050,24500,23350,23500,101036,-0.026915113871635588
2023-05-11,24200,24950,23300,23500,167648,0.0
2023-05-12,23500,24100,23400,23700,61649,0.008510638297872353
2023-05-15,23500,23500,22250,23350,113709,-0.014767932489451518
2023-05-16,23350,25600,22850,25600,394411,0.09635974304068529
2023-05-17,25200,27850,24950,27500,760550,0.07421875
2023-05-18,27500,28400,27000,27650,382752,0.005454545454545379
2023-05-19,27600,27600,26300,26450,201007,-0.04339963833634719
2023-05-22,26450,27150,25750,26250,100697,-0.007561436672967825
2023-05-23,26250,26250,25200,25550,175775,-0.026666666666666616
2023-05-24,25150,26400,24950,26100,101870,0.021526418786692814
2023-05-25,26100,26500,25400,25650,77176,-0.017241379310344862
2023-05-26,25850,26850,25700,26500,125503,0.033138401559454245
2023-05-30,26550,27650,25750,26250,200589,-0.009433962264150941
2023-05-31,26950,26950,25600,26250,179045,0.0
2023-06-01,26150,26550,25550,25750,69011,-0.01904761904761909
2023-06-02,25800,26200,25600,25950,63118,0.007766990291262044
2023-06-05,26350,26600,25250,26150,77296,0.007707129094412402
2023-06-07,26250,26400,25700,26050,86899,-0.003824091778202643
2023-06-08,26100,26300,25500,25900,77507,-0.0057581573896353655
2023-06-09,26200,26400,25550,26100,137827,0.007722007722007707
2023-06-12,26100,27000,25800,26700,160992,0.02298850574712641
2023-06-13,26950,26950,25850,26250,139398,-0.016853932584269704
2023-06-14,26400,26450,24250,25000,289948,-0.04761904761904767
2023-06-15,25200,25400,24700,25200,66630,0.008000000000000007
2023-06-16,25450,25500,24850,25000,51473,-0.007936507936507908
2023-06-19,24600,25350,24550,25100,50929,0.0040000000000000036
2023-06-20,25550,25550,24700,24950,41909,-0.005976095617529875
2023-06-21,24950,25150,24200,24200,56065,-0.030060120240480992
2023-06-22,24050,24400,23750,24000,47959,-0.008264462809917328
2023-06-23,24050,25400,24050,24800,129299,0.03333333333333344
2023-06-26,24900,25200,24300,24550,53533,-0.01008064516129037
2023-06-27,24300,24950,24200,24700,35468,0.006109979633401208
2023-06-28,24950,25050,24450,24450,35262,-0.010121457489878583
2023-06-29,24550,25400,24450,24900,90579,0.018404907975460016
2023-06-30,25250,25250,23900,24800,75075,-0.004016064257028162
2023-07-03,24700,25250,24400,24600,60377,-0.008064516129032251
2023-07-04,24600,25400,23550,24050,149747,-0.022357723577235755
2023-07-05,23900,24050,22600,23100,239667,-0.03950103950103945
2023-07-06,23100,23900,22350,22600,104641,-0.02164502164502169
2023-07-07,22400,22900,22050,22750,66776,0.006637168141592875
2023-07-10,22600,22700,21700,22300,86191,-0.01978021978021982
2023-07-11,22650,22750,22200,22350,24523,0.0022421524663676085
2023-07-12,22350,22650,21750,22050,68935,-0.01342281879194629
2023-07-13,22150,23150,22050,23000,114938,0.04308390022675734
2023-07-14,22800,23250,22450,22950,73890,-0.0021739130434782483
2023-07-17,23400,23400,22200,22550,85692,-0.017429193899782147
2023-07-18,22750,22800,22050,22350,44661,-0.008869179600886956
2023-07-19,22350,22400,21300,21450,95121,-0.04026845637583898
2023-07-20,21450,23000,21400,22550,88981,0.05128205128205132
2023-07-21,22500,22500,21100,21200,119462,-0.05986696230598665
2023-07-24,21350,21500,20400,21000,119947,-0.009433962264150941
2023-07-25,21350,21400,20300,20650,101213,-0.01666666666666672
2023-07-26,21050,21300,19510,19690,163138,-0.04648910411622276
2023-07-27,20050,20500,19710,19820,40638,0.006602336211274817
2023-07-28,19730,20300,19360,20150,39743,0.01664984863773955
2023-07-31,20150,20450,19470,19690,96203,-0.022828784119106715
2023-08-01,19790,19790,18800,19630,195470,-0.003047232097511454
2023-08-02,19730,20450,19390,19750,102717,0.006113092205807469
2023-08-03,19710,20550,19290,19500,114860,-0.012658227848101222
2023-08-04,19500,19650,18600,19500,115050,0.0
2023-08-07,19610,20600,19010,19880,77431,0.019487179487179596
2023-08-08,19900,20400,19420,19730,52104,-0.007545271629778694
2023-08-09,19910,20200,19410,19530,78843,-0.010136847440446073
2023-08-10,19330,19800,18820,18920,65298,-0.031233998975934485
2023-08-11,19000,19440,19000,19100,25361,0.009513742071881603
2023-08-14,18940,19090,18270,18470,66201,-0.03298429319371732
2023-08-16,18440,18840,18000,18120,52139,-0.018949648077964287
2023-08-17,17830,19150,17830,18990,86933,0.04801324503311255
2023-08-18,18620,19400,18380,18990,44572,0.0
2023-08-21,19060,19060,18430,18640,50381,-0.01843075302790942
2023-08-22,18890,19110,18430,18800,49490,0.008583690987124415
2023-08-23,18760,18760,18150,18600,54455,-0.010638297872340385
2023-08-24,18600,18760,17780,17780,87473,-0.04408602150537633
2023-08-25,17600,17900,17260,17440,61105,-0.019122609673790758
2023-08-28,17440,17810,17000,17650,64993,0.012041284403669694
2023-08-29,17530,18400,17320,18180,100028,0.03002832861189808
2023-08-30,18490,18940,18350,18800,67116,0.034103410341034035
2023-08-31,19500,19850,18750,18990,108656,0.01010638297872335
2023-09-01,19180,19770,18920,19590,107183,0.03159557661927326
2023-09-04,19780,20050,19420,20000,74973,0.02092904543134244
2023-09-05,19810,20800,19520,19610,74262,-0.019499999999999962
2023-09-06,19410,19710,18900,19270,64824,-0.017338092809790928
2023-09-07,18990,19530,18800,19200,53640,-0.0036325895173845435
2023-09-08,18960,19360,18600,18720,58508,-0.025000000000000022
2023-09-11,19000,19770,18340,19680,77658,0.05128205128205132
2023-09-12,19480,20650,19400,20400,123304,0.03658536585365857
2023-09-13,21400,21400,19320,19320,296917,-0.05294117647058827
2023-09-14,19900,21150,19810,20800,284353,0.07660455486542439
2023-09-15,20750,21100,20100,20750,93469,-0.0024038461538461453
2023-09-18,20750,21950,20400,21800,245022,0.050602409638554224
2023-09-19,21800,22000,21300,21850,116463,0.002293577981651307
2023-09-20,21500,23150,21500,22750,288977,0.041189931350114506
2023-09-21,22200,23000,21250,21750,188763,-0.04395604395604391
2023-09-22,21150,23450,21000,23000,278749,0.05747126436781613
2023-09-25,23200,23650,22500,23300,143005,0.01304347826086949
2023-09-26,23450,23450,21950,21950,107371,-0.05793991416309008
2023-09-27,21650,22600,21300,22300,91616,0.015945330296127658
2023-10-04,22300,22800,21250,21750,99710,-0.024663677130044803
2023-10-05,21950,22700,21400,21700,151292,-0.0022988505747126853
2023-10-06,22200,23350,21600,22850,106496,0.05299539170506917
2023-10-10,23000,23300,21050,21050,121983,-0.07877461706783373
2023-10-11,21450,22150,21200,21900,56645,0.040380047505938155
2023-10-12,21950,22150,20800,21250,90800,-0.029680365296803624
2023-10-13,21250,21650,20350,21000,97698,-0.0117647058823529
2023-10-16,20600,22000,20050,21300,110511,0.014285714285714235
2023-10-17,21500,22800,21450,22050,140303,0.035211267605633756
2023-10-18,22050,22650,21450,22200,50092,0.006802721088435382
2023-10-19,21900,22300,21300,21950,77501,-0.011261261261261257
2023-10-20,21500,22500,20600,21950,100972,0.0
2023-10-23,22100,22900,21700,22450,165618,0.02277904328018221
2023-10-24,22500,23050,21900,22750,58866,0.013363028953229383
2023-10-25,22750,23000,22100,22250,47523,-0.02197802197802201
2023-10-26,21250,22400,20900,21800,68220,-0.020224719101123556
2023-10-27,21700,21950,20950,21300,57395,-0.022935779816513735
2023-10-30,21000,21900,21000,21800,40256,0.023474178403755763
2023-10-31,21950,22000,21200,21550,35391,-0.011467889908256867
2023-11-01,21950,22800,21300,22300,53309,0.03480278422273786
2023-11-02,22800,22800,21900,22600,88361,0.013452914798206317
2023-11-03,22600,22600,21300,21900,89229,-0.030973451327433676
2023-11-06,22050,22650,21850,22400,93716,0.022831050228310446
2023-11-07,22250,23150,22100,22950,98088,0.024553571428571397
2023-11-08,23500,25400,23250,24650,333700,0.07407407407407418
2023-11-09,24400,24600,23450,23700,106155,-0.03853955375253548
2023-11-10,23400,24700,23300,24300,131847,0.025316455696202445
2023-11-13,24600,24850,24150,24450,96287,0.006172839506172867
2023-11-14,24750,24750,23150,23250,121099,-0.049079754601227044
2023-11-15,23700,23750,22750,23400,69446,0.006451612903225712
2023-11-16,24000,24000,22750,23000,88756,-0.017094017094017144
2023-11-17,22800,23200,22250,22700,116794,-0.013043478260869601
2023-11-20,23000,24650,22800,24650,382653,0.08590308370044042
2023-11-21,24800,25150,24500,24500,144795,-0.006085192697768749
2023-11-22,24250,25150,23750,24000,268242,-0.020408163265306145
2023-11-23,24100,24900,23350,23900,251424,-0.004166666666666652
2023-11-24,23900,24850,23550,24450,120908,0.023012552301255207
2023-11-27,24750,24750,23450,24400,152822,-0.002044989775051076
2023-11-28,24450,24500,23800,24000,100540,-0.016393442622950838
2023-11-29,24100,25000,23800,23950,148327,-0.002083333333333326
2023-11-30,24000,24600,23950,24300,78657,0.014613778705636848
2023-12-01,24700,25200,24100,25200,216595,0.03703703703703698
2023-12-04,25650,26000,24400,24500,192337,-0.02777777777777779
2023-12-05,24250,24850,23000,23600,134481,-0.03673469387755102
2023-12-06,23600,23700,23000,23200,113309,-0.016949152542372836
2023-12-07,22900,23050,22250,22750,103786,-0.0193965517241379
2023-12-08,23200,23550,22700,23500,98235,0.03296703296703307
2023-12-11,23650,23650,22950,23400,65204,-0.004255319148936176
2023-12-12,23400,23650,23000,23350,89871,-0.002136752136752129
2023-12-13,23400,23800,23050,23100,84863,-0.010706638115631661
2023-12-14,23350,23900,23000,23700,113965,0.025974025974025983
2023-12-15,24000,24000,22800,23150,110787,-0.02320675105485237
2023-12-18,23250,23650,23050,23100,52115,-0.002159827213822907
2023-12-19,23150,24750,23150,23800,189786,0.030303030303030276
2023-12-20,23750,24050,23450,23450,64871,-0.014705882352941124
2023-12-21,23450,24600,23250,24450,134435,0.04264392324093813
2023-12-22,24550,24550,24000,24350,58017,-0.004089979550102263
2023-12-26,24700,24700,23900,24000,96219,-0.014373716632443578
2023-12-27,24150,24800,23850,24650,76149,0.027083333333333348
2023-12-28,24650,24650,24100,24300,47833,-0.014198782961460488
2024-01-02,24400,24500,24050,24500,78347,0.008230452674897082
2024-01-03,24350,24350,23300,23350,112083,-0.04693877551020409
2024-01-04,23150,24000,23100,23750,91847,0.017130620985010614
2024-01-05,24050,24150,23350,23900,58481,0.006315789473684275
2024-01-08,23800,25500,23550,25500,307143,0.06694560669456062
2024-01-09,25850,27050,25850,26150,401803,0.025490196078431282
2024-01-10,26100,26350,24950,25550,183818,-0.02294455066921608
2024-01-11,25500,26200,25250,25550,128457,0.0
2024-01-12,25250,25800,24950,25050,76709,-0.019569471624266144
2024-01-15,25050,25800,24450,24900,95957,-0.005988023952095856
2024-01-16,24750,25350,24400,25100,78978,0.008032128514056325
2024-01-17,25150,25200,24050,24100,78854,-0.03984063745019917
2024-01-18,23900,24850,23450,24750,75299,0.026970954356846377
2024-01-19,24800,25200,24550,24800,50604,0.002020202020202033
2024-01-22,24950,25650,24800,25200,81989,0.016129032258064502
2024-01-23,24950,25100,23500,23650,200208,-0.06150793650793651
2024-01-24,24150,24450,22500,23500,190997,-0.006342494714587699
2024-01-25,23250,23600,22250,22550,145193,-0.04042553191489362
2024-01-26,22200,23150,21900,22850,145050,0.013303769401330268
2024-01-29,22850,22850,20950,21100,135681,-0.07658643326039383
2024-01-30,21200,21250,20050,20300,112641,-0.03791469194312791
2024-01-31,20300,20400,18880,19150,247187,-0.056650246305418706
2024-02-01,19160,20100,18220,18470,215954,-0.035509138381201066
2024-02-02,18900,19230,18620,18880,138765,0.02219815917704393
2024-02-05,19200,19200,18030,18610,149988,-0.014300847457627164
2024-02-06,18470,18570,17880,18210,200056,-0.02149382052659865
2024-02-07,18300,18490,17850,18300,132706,0.0049423393739702615
2024-02-08,18300,18880,18160,18540,100187,0.013114754098360715
2024-02-13,18540,19200,18440,18540,86460,0.0
2024-02-14,18410,19750,18280,19750,125810,0.06526429341963325
2024-02-15,19950,20500,19420,19750,199390,0.0
2024-02-16,20000,20200,19200,19650,81814,-0.005063291139240533
2024-02-19,19660,19660,19140,19170,64798,-0.02442748091603053
2024-02-20,19170,19440,18910,19190,47934,0.0010432968179447943
2024-02-21,19210,20200,19170,20100,111056,0.047420531526836784
2024-02-22,20100,20200,19640,20150,73573,0.0024875621890547706
2024-02-23,20150,20700,19630,20350,85725,0.00992555831265518
2024-02-26,20400,20850,19980,20550,74926,0.00982800982800991
2024-02-27,20900,20900,19470,19540,103124,-0.049148418491484214
2024-02-28,19730,19850,19380,19490,57846,-0.0025588536335721113
2024-02-29,19500,19820,19150,19410,90280,-0.004104669061056998
2024-03-04,19450,20500,19400,19950,64525,0.02782071097372496
2024-03-05,20100,20100,19300,19360,48962,-0.029573934837092697
2024-03-06,19380,20450,19380,19770,132769,0.02117768595041314
2024-03-07,19770,20000,19520,19560,50415,-0.01062215477996964
2024-03-08,19890,19890,19260,19520,74231,-0.002044989775051076
2024-03-11,19370,19490,19080,19400,88783,-0.006147540983606592
2024-03-12,19540,19540,18860,18990,93222,-0.021134020618556737
2024-03-13,19040,19450,19000,19300,60204,0.016324381253291165
2024-03-14,19280,19590,19140,19420,57367,0.006217616580310947
2024-03-15,19350,19600,18910,19090,76688,-0.016992790937178204
2024-03-18,19200,19400,18690,18810,79158,-0.014667365112624453
2024-03-19,18810,18910,18350,18680,76937,-0.006911217437533201
2024-03-20,18680,18830,18350,18500,46927,-0.009635974304068484
2024-03-21,18590,18770,18410,18480,35760,-0.00108108108108107
2024-03-22,18590,18890,18500,18650,33372,0.009199134199134207
2024-03-25,18650,18760,18300,18500,46977,-0.008042895442359255
2024-03-26,18650,18890,18260,18330,58729,-0.009189189189189206
2024-03-27,18510,18510,17970,18220,68762,-0.006001091107474044
2024-03-28,18370,18410,17760,17790,99782,-0.023600439077936297
2024-03-29,17810,18140,17560,17900,77858,0.006183249016301184
2024-04-01,18000,18270,17830,18060,69746,0.00893854748603351
2024-04-02,18270,18270,17510,17710,72743,-0.019379844961240345
2024-04-03,17670,17670,16510,16700,184307,-0.05702992659514394
2024-04-04,16710,17260,16710,16950,97463,0.014970059880239583
2024-04-05,16950,17000,16070,16270,143351,-0.04011799410029504
2024-04-08,16400,16560,15860,16170,59567,-0.006146281499692652
2024-04-09,16170,16650,16170,16600,49226,0.026592455163883644
2024-04-11,16730,17540,16420,17380,95120,0.04698795180722892
2024-04-12,17600,17830,17000,17310,110871,-0.004027617951668616
2024-04-15,17140,17190,16820,17030,43069,-0.016175621028307385
2024-04-16,16660,16850,16220,16480,62039,-0.03229594832648264
2024-04-17,16400,17390,16260,17110,71561,0.038228155339805836
2024-04-18,16770,17250,16370,16510,102593,-0.035067212156633554
2024-04-19,16400,16460,15470,15680,129808,-0.05027256208358566
2024-04-22,15450,15780,15170,15340,58902,-0.02168367346938771
2024-04-23,15340,15650,15150,15160,43854,-0.011734028683181186
2024-04-24,15320,15560,15250,15470,51914,0.02044854881266489
2024-04-25,15450,15590,15290,15570,36576,0.006464124111182912
2024-04-26,15710,15850,15460,15610,50270,0.0025690430314708745
2024-04-29,15790,15920,15600,15920,40340,0.01985906470211396
2024-04-30,16050,16140,15770,16130,30795,0.013190954773869334
2024-05-02,15950,17130,15950,16820,100403,0.04277743335399875
2024-05-03,17490,17490,16690,16820,103618,0.0
2024-05-07,17400,18270,17400,17900,232647,0.0642092746730083
2024-05-08,18070,18100,17100,17480,170265,-0.02346368715083802
2024-05-09,17850,17890,17180,17220,104999,-0.014874141876430214
2024-05-10,17280,17350,17000,17220,69533,0.0
2024-05-13,17230,17410,17010,17100,39550,-0.006968641114982632
2024-05-14,17240,18170,17110,18130,148380,0.06023391812865486
2024-05-16,18310,18490,17820,18000,64417,-0.007170435741864267
2024-05-17,18000,18010,17640,17650,40426,-0.019444444444444486
2024-05-20,17640,18560,17410,18450,100778,0.04532577903682711
2024-05-21,18350,19080,18250,18460,111090,0.0005420054200542257
2024-05-22,18350,18970,18190,18300,58224,-0.008667388949079036
2024-05-23,18150,18790,18040,18670,59797,0.020218579234972722
2024-05-24,18900,19060,18300,18540,73565,-0.0069630423138725694
2024-05-27,18550,18800,18230,18800,57647,0.014023732470334505
2024-05-28,18870,19320,18760,19230,91285,0.02287234042553199
2024-05-29,19230,19230,18660,18670,52362,-0.029121164846593883
2024-05-30,18600,19320,18560,18980,51590,0.016604177825388255
2024-05-31,19200,19200,18630,19030,46519,0.0026343519494205214
2024-06-03,18820,19020,18270,18460,74463,-0.029952706253284278
2024-06-04,18250,18500,18160,18210,44719,-0.013542795232936111
2024-06-05,18400,18450,18060,18210,37009,0.0
2024-06-07,18220,18310,17700,18100,71105,-0.006040637012630468
2024-06-10,18110,18150,17430,18060,102281,-0.0022099447513812542
2024-06-11,17610,18040,16600,16780,162231,-0.07087486157253597
2024-06-12,17350,18900,17170,17280,238445,0.029797377830750982
2024-06-13,17470,17550,16930,17050,50152,-0.01331018518518523
2024-06-14,16950,17110,16690,17000,43093,-0.0029325513196480912
2024-06-17,16910,17000,16660,16800,38647,-0.0117647058823529
2024-06-18,16750,17100,16710,16710,42751,-0.005357142857142838
2024-06-19,17100,17190,16500,16620,43601,-0.0053859964093356805
2024-06-20,16800,17780,16550,17610,100076,0.05956678700361007
2024-06-21,17610,17610,17100,17140,33052,-0.026689381033503712
2024-06-24,17040,18340,17040,17950,95391,0.047257876312718716
2024-06-25,18240,18240,17310,17780,52532,-0.009470752089136503
2024-06-26,17990,18910,17690,18760,141557,0.055118110236220375
2024-06-27,18800,19110,18620,18680,135019,-0.004264392324093813
2024-06-28,18530,19690,18530,19420,159815,0.039614561027837336
2024-07-01,19600,19800,19230,19550,110452,0.006694129763130885
2024-07-02,19520,19570,18840,19500,101085,-0.002557544757033292
2024-07-03,19410,19410,18500,18790,67911,-0.036410256410256414
2024-07-04,18700,18830,18250,18330,39757,-0.02448110697179351
2024-07-05,18330,18480,17910,17920,64582,-0.02236770321876702
2024-07-08,17920,18070,17500,17630,49110,-0.0161830357142857
2024-07-09,17600,17800,17190,17580,41032,-0.0028360748723765816
2024-07-10,17690,17690,17240,17550,34871,-0.0017064846416382506
2024-07-11,17650,18380,17560,18210,119874,0.037606837606837695
2024-07-12,18380,18400,18020,18110,40094,-0.0054914881933003645
2024-07-15,18100,18650,18030,18280,38870,0.009387078961899498
2024-07-16,18440,18450,17700,18010,35442,-0.014770240700218817
2024-07-17,18010,18010,17500,17500,27428,-0.02831760133259298
2024-07-18,17500,17500,16230,16650,137654,-0.0485714285714286
2024-07-19,16500,16620,16060,16120,46890,-0.0318318318318318
2024-07-22,16200,16210,15210,15470,73231,-0.040322580645161255
2024-07-23,15370,15720,14840,14910,93982,-0.03619909502262442
2024-07-24,15050,15050,14540,14620,70607,-0.019450033534540556
2024-07-25,14190,15400,14010,15150,125565,0.03625170998632021
2024-07-26,15290,15290,14640,15150,28480,0.0
2024-07-29,15000,15200,14900,15090,15399,-0.003960396039603964
2024-07-30,15090,15090,14450,14600,31425,-0.032471835652750136
2024-07-31,14610,14800,13530,13900,131349,-0.047945205479452024
2024-08-01,14020,14080,13500,13630,113841,-0.01942446043165469
2024-08-02,13320,13510,12080,12570,162217,-0.07776962582538516
2024-08-05,12680,12680,9710,10390,308238,-0.17342879872712813
2024-08-06,10400,10990,10370,10700,207034,0.029836381135707413
2024-08-07,10660,11140,10210,10800,201050,0.009345794392523255
2024-08-08,10330,10690,10300,10690,56082,-0.010185185185185186
2024-08-09,10900,11280,10900,11170,100190,0.04490177736202061
2024-08-12,11050,11540,11050,11540,57331,0.033124440465532645
2024-08-13,11530,11600,11100,11380,46507,-0.013864818024263426
2024-08-14,11550,11860,11430,11660,87297,0.024604569420035194
2024-08-16,11120,11140,10170,10440,244242,-0.10463121783876506
2024-08-19,10530,10540,10020,10060,126802,-0.036398467432950166
2024-08-20,10090,10540,10070,10380,151509,0.031809145129224614
2024-08-21,10380,10500,9900,10050,109979,-0.03179190751445082
2024-08-22,10150,10210,9760,9760,88947,-0.028855721393034828
2024-08-23,9770,9790,9310,9530,177927,-0.023565573770491843
2024-08-26,9540,9670,9250,9280,94889,-0.026232948583420734
2024-08-27,9280,9300,8980,9080,88904,-0.02155172413793105
2024-08-28,9080,9280,8930,9280,48821,0.022026431718061623
2024-08-29,9060,9170,8820,8960,85277,-0.03448275862068961
2024-08-30,9100,9900,9030,9590,328566,0.0703125
2024-09-02,9620,9740,9260,9400,70239,-0.019812304483837306
2024-09-03,9370,9700,9270,9500,94767,0.010638297872340496
2024-09-04,9050,9220,8920,9130,131366,-0.03894736842105262
2024-09-05,9070,9280,8930,9030,84942,-0.010952902519167584
2024-09-06,9150,9280,8850,8960,98299,-0.007751937984496138
2024-09-09,8850,9550,8800,9250,176019,0.0323660714285714
2024-09-10,9260,9450,9130,9270,72804,0.00216216216216214
2024-09-11,9180,9430,9140,9140,36649,-0.014023732470334394
2024-09-12,9160,9470,9150,9450,25689,0.03391684901531722
2024-09-13,9400,9420,9210,9400,46296,-0.005291005291005346
2024-09-19,9280,9290,8970,9080,69850,-0.03404255319148941
2024-09-20,9290,9290,9090,9130,20065,0.005506607929515406
2024-09-23,9030,9380,8960,9200,51159,0.00766703176341732
2024-09-24,9290,9820,9200,9500,35830,0.032608695652173836
2024-09-25,9670,9790,9550,9650,54099,0.015789473684210575
2024-09-26,9650,10420,9610,10190,214570,0.05595854922279786
2024-09-27,10220,10290,9850,9950,90982,-0.023552502453385693
2024-09-30,9940,9940,9540,9580,53593,-0.03718592964824119
2024-10-02,9480,9480,9030,9270,75536,-0.03235908141962418
2024-10-04,9270,9310,9080,9090,29802,-0.01941747572815533
2024-10-07,9060,9280,9030,9090,42168,0.0
2024-10-08,9070,9500,8380,8810,154344,-0.030803080308030806
2024-10-10,8800,8810,8090,8240,192684,-0.06469920544835417
2024-10-11,8160,8450,8160,8390,83550,0.01820388349514568
2024-10-14,8490,8490,7940,7990,116554,-0.04767580452920139
2024-10-15,8030,8160,7830,8140,82168,0.018773466833541974
2024-10-16,8130,8130,7790,7790,66354,-0.04299754299754299
2024-10-17,7830,7900,7570,7690,66800,-0.012836970474967901
2024-10-18,7720,7720,7100,7140,246090,-0.07152145643693109
2024-10-21,7090,7610,7090,7500,103269,0.050420168067226934
2024-10-22,7580,7580,7060,7100,66460,-0.053333333333333344
2024-10-23,7100,7180,6780,7000,162998,-0.014084507042253502
2024-10-24,6890,7020,6620,6860,117985,-0.020000000000000018
2024-10-25,6920,6960,6540,6790,65645,-0.010204081632653073
2024-10-28,6750,7050,6750,7000,39117,0.030927835051546282
2024-10-29,7000,7010,6820,6970,25413,-0.004285714285714337
2024-10-30,7040,7380,6970,7040,79178,0.010043041606886627
2024-10-31,7040,7560,7020,7490,122631,0.06392045454545459
2024-11-01,7470,7620,7260,7440,57850,-0.006675567423230944
2024-11-04,7440,7630,7290,7630,48709,0.02553763440860224
2024-11-05,7550,7970,7520,7590,125058,-0.005242463958060273
2024-11-06,7810,7810,7400,7530,53238,-0.007905138339920903
2024-11-07,7530,7590,7340,7350,47447,-0.0239043824701195
2024-11-08,7310,7530,7230,7230,34778,-0.01632653061224487
2024-11-11,7450,7450,6800,6850,101403,-0.052558782849239316
2024-11-12,6950,6950,6570,6700,86280,-0.021897810218978075
2024-11-13,6600,6890,6350,6480,78932,-0.032835820895522394
2024-11-14,6450,6710,6180,6200,101867,-0.043209876543209846
2024-11-15,6170,6450,6080,6250,66288,0.008064516129032251
2024-11-18,6150,6620,6150,6580,61553,0.05279999999999996
2024-11-19,6490,6690,6430,6590,50823,0.001519756838905817
2024-11-20,6610,7040,6590,7000,51261,0.06221547799696503
2024-11-21,7100,7360,6980,7310,83115,0.04428571428571426
2024-11-22,7230,7910,7230,7890,138633,0.07934336525307795
2024-11-25,7890,7890,7520,7530,45983,-0.04562737642585546
2024-11-26,7530,8830,7510,8350,399443,0.10889774236387773
2024-11-27,8220,8400,8030,8240,116883,-0.013173652694610793
2024-11-28,8240,8480,8110,8150,64905,-0.01092233009708743
2024-11-29,8150,8150,7560,7650,85409,-0.06134969325153372
2024-12-02,7650,7900,7650,7750,47102,0.013071895424836555
2024-12-03,7750,7940,7410,7570,58899,-0.023225806451612874
2024-12-04,7230,7540,7200,7540,44664,-0.003963011889035695
2024-12-05,7430,7570,7120,7280,45781,-0.03448275862068961
2024-12-06,7280,7310,6750,7070,49923,-0.028846153846153855
2024-12-09,6850,7000,6140,6150,107608,-0.13012729844413018
2024-12-10,6210,6680,6210,6680,22297,0.08617886178861789
2024-12-11,6680,7190,6670,7010,48795,0.04940119760479034
2024-12-12,7060,7190,6710,7080,44538,0.009985734664764712
2024-12-13,7080,7210,6980,7100,35283,0.0028248587570620654
2024-12-16,7150,7360,7110,7300,30577,0.028169014084507005
2024-12-17,7230,7860,7230,7860,70605,0.0767123287671232
2024-12-18,8100,8100,7690,7900,46620,0.0050890585241729624
2024-12-19,7670,7970,7600,7730,46098,-0.021518987341772156
2024-12-20,7740,7860,7510,7600,71613,-0.01681759379042691
2024-12-23,7650,7920,7520,7690,33049,0.011842105263157876
2024-12-24,7730,7930,7680,7810,18948,0.015604681404421283
2024-12-26,7810,7850,7470,7540,39557,-0.03457106274007682
2024-12-27,7400,7950,7400,7840,35627,0.039787798408488007
2024-12-30,7790,7900,7560,7800,26514,-0.005102040816326481
2025-01-02,7790,7990,7720,7990,12365,0.024358974358974272
2025-01-03,7910,8300,7900,8100,45669,0.013767209011264159
2025-01-06,8110,8400,8110,8300,42285,0.024691358024691468
2025-01-07,8410,8470,8150,8150,43404,-0.01807228915662651
2025-01-08,8180,8700,7650,8610,72415,0.05644171779141094
2025-01-09,8490,8760,8400,8710,58276,0.011614401858304202
2025-01-10,8760,8760,8410,8550,43645,-0.018369690011481032
2025-01-13,8540,8550,8170,8190,37218,-0.04210526315789476
2025-01-14,8050,8550,8050,8550,36859,0.04395604395604402
2025-01-15,8470,9070,8360,8410,103318,-0.01637426900584793
2025-01-16,8490,8560,8360,8400,39313,-0.0011890606420927874
2025-01-17,8400,8490,7930,8170,81167,-0.027380952380952395
2025-01-20,8170,8270,8030,8170,29237,0.0
2025-01-21,8170,8260,7910,8000,52323,-0.020807833537331732
2025-01-22,7920,8100,7680,8070,76864,0.008750000000000036
2025-01-23,8070,8190,7860,7880,31473,-0.023543990086741018
2025-01-24,8000,8100,7830,8000,29119,0.015228426395939021
2025-01-31,7900,7960,7620,7750,43050,-0.03125
2025-02-03,7610,7850,7200,7300,45506,-0.058064516129032295
2025-02-04,7230,7720,7230,7610,46460,0.042465753424657526
2025-02-05,7660,8220,7620,7750,61046,0.018396846254927768
2025-02-06,7870,7970,7650,7950,21580,0.02580645161290329
2025-02-07,8140,8140,7540,7700,167556,-0.03144654088050314
2025-02-10,7620,8230,7160,8010,206213,0.04025974025974022
2025-02-11,7980,7980,7710,7900,46918,-0.013732833957553092
2025-02-12,7800,7960,7610,7610,41904,-0.036708860759493644
2025-02-13,7680,7950,7490,7650,59395,0.005256241787122251
2025-02-14,7650,7870,7450,7680,39139,0.0039215686274509665
2025-02-17,7680,8000,7680,7850,36781,0.02213541666666674
2025-02-18,7920,7920,7720,7830,29555,-0.002547770700636942
2025-02-19,7730,8160,7730,8160,99627,0.04214559386973171
2025-02-20,8350,8350,7880,7950,57795,-0.02573529411764708
2025-02-21,7950,8040,7840,7990,27109,0.005031446540880502
2025-02-24,7950,8000,7760,7950,38175,-0.005006257822277815
2025-02-25,7900,7930,7720,7730,52035,-0.02767295597484276
2025-02-26,7730,7760,7550,7550,40326,-0.023285899094437235
2025-02-27,7490,7610,7390,7400,47873,-0.019867549668874163
2025-02-28,7410,7410,6900,6900,101059,-0.06756756756756754
2025-03-04,6990,6990,6580,6810,66071,-0.013043478260869601
2025-03-05,6810,6930,6660,6800,46098,-0.001468428781204123
2025-03-06,6840,6870,6620,6620,46123,-0.026470588235294135
2025-03-07,6700,6830,6520,6680,52398,0.009063444108761365
2025-03-10,6680,6780,6555,6780,21085,0.014970059880239583
2025-03-11,6600,6650,6350,6540,67688,-0.03539823008849563
2025-03-12,6620,6950,6560,6900,73339,0.05504587155963292
2025-03-13,6910,6970,6670,6670,52050,-0.033333333333333326
2025-03-14,6630,6820,6600,6720,60299,0.007496251874062887
2025-03-17,6760,6880,6700,6810,50483,0.013392857142857206
2025-03-18,6850,6850,6490,6550,70935,-0.038179148311306865
2025-03-19,6550,6780,6500,6560,77347,0.0015267175572519776
2025-03-20,6600,6690,6480,6550,52974,-0.0015243902439023849
2025-03-21,6590,6590,6400,6450,36563,-0.01526717557251911
2025-03-24,6360,6620,6340,6480,32133,0.0046511627906977715
2025-03-25,6480,6560,6290,6360,34769,-0.01851851851851849
2025-03-26,6360,6450,6280,6450,20546,0.014150943396226356
2025-03-27,6450,6460,6250,6320,38765,-0.020155038759689936
2025-03-28,6320,6320,6050,6100,57627,-0.034810126582278444
2025-03-31,6100,6100,5660,5690,92358,-0.06721311475409841
2025-04-01,5710,6030,5710,5970,58943,0.04920913884007039
2025-04-02,6010,6030,5670,5790,36810,-0.03015075376884424
2025-04-03,5750,5750,5510,5590,53791,-0.0345423143350605
