Date,Open,High,Low,Close,Volume,Change
2022-01-03,14500,14500,14350,14500,15586,0.0
2022-01-04,14450,14450,14300,14450,17518,-0.0034482758620689724
2022-01-05,14350,14500,14350,14450,12253,0.0
2022-01-06,14350,14350,13900,13900,28101,-0.03806228373702425
2022-01-07,14000,14200,13950,14200,9558,0.021582733812949728
2022-01-10,14200,14200,13750,13850,22078,-0.02464788732394363
2022-01-11,13700,13900,13500,13600,19899,-0.018050541516245522
2022-01-12,13600,13850,13550,13550,12432,-0.003676470588235281
2022-01-13,13550,13900,13500,13750,17378,0.014760147601476037
2022-01-14,13650,13650,13350,13350,20175,-0.029090909090909056
2022-01-17,13450,15100,13200,13200,131256,-0.011235955056179803
2022-01-18,13200,13450,12800,12900,22146,-0.022727272727272707
2022-01-19,12650,13000,12650,12850,13694,-0.003875968992248069
2022-01-20,12550,13000,12550,12950,15699,0.0077821011673151474
2022-01-21,12950,13200,12800,13000,12969,0.0038610038610038533
2022-01-24,12950,13000,12300,12350,27663,-0.050000000000000044
2022-01-25,12350,12500,11150,11850,26857,-0.04048582995951422
2022-01-26,11350,12050,11350,11850,15844,0.0
2022-01-27,11650,11900,10700,11150,48868,-0.05907172995780585
2022-01-28,10950,11300,10550,11200,31245,0.004484304932735439
2022-02-03,11350,11900,11350,11800,16789,0.0535714285714286
2022-02-04,11650,11850,11550,11850,7306,0.004237288135593209
2022-02-07,11900,11900,11750,11800,10034,-0.00421940928270037
2022-02-08,11900,11950,11700,11750,12913,-0.004237288135593209
2022-02-09,11900,12250,11750,12000,10413,0.02127659574468077
2022-02-10,12050,12100,11800,12000,4950,0.0
2022-02-11,11900,11900,11600,11800,5420,-0.01666666666666672
2022-02-14,11700,11750,11200,11500,10135,-0.025423728813559365
2022-02-15,11200,11550,11000,11050,13037,-0.03913043478260869
2022-02-16,11250,11600,11250,11550,8439,0.045248868778280604
2022-02-17,12500,12750,11650,11950,68557,0.03463203463203457
2022-02-18,11600,12150,11550,11950,10333,0.0
2022-02-21,11850,12000,11750,11800,7320,-0.012552301255230103
2022-02-22,11750,11750,11450,11500,7622,-0.025423728813559365
2022-02-23,11450,11800,11450,11700,7887,0.017391304347825987
2022-02-24,11700,11700,11150,11250,9730,-0.038461538461538436
2022-02-25,11250,11650,10950,11550,17472,0.026666666666666616
2022-02-28,11650,14100,11600,12300,542264,0.06493506493506485
2022-03-02,12300,13100,12150,12600,68818,0.024390243902439046
2022-03-03,12800,12800,12250,12350,31291,-0.019841269841269882
2022-03-04,12400,12400,12050,12300,15511,-0.004048582995951455
2022-03-07,12050,12500,12000,12100,19976,-0.016260162601625994
2022-03-08,12150,12550,12050,12050,13991,-0.004132231404958664
2022-03-10,12400,12550,12050,12200,16417,0.012448132780082943
2022-03-11,12100,12350,12050,12350,10704,0.012295081967213184
2022-03-14,12350,12350,11950,12000,9607,-0.028340080971659964
2022-03-15,12100,12200,11950,12000,9750,0.0
2022-03-16,12150,12200,11950,12100,5731,0.008333333333333304
2022-03-17,12200,12300,12150,12250,7339,0.012396694214876103
2022-03-18,12200,12350,12100,12200,12029,-0.004081632653061273
2022-03-21,12300,12300,12050,12150,12132,-0.004098360655737654
2022-03-22,12050,12250,12000,12250,4019,0.008230452674897082
2022-03-23,12300,12350,12100,12250,11366,0.0
2022-03-24,12250,12250,12050,12200,7388,-0.004081632653061273
2022-03-25,12250,12250,12100,12200,4915,0.0
2022-03-28,12200,12650,12050,12450,29744,0.020491803278688492
2022-03-29,12500,12550,12250,12350,9806,-0.008032128514056214
2022-03-30,12350,13500,12250,13500,36357,0.09311740890688269
2022-03-31,13000,13250,12650,13050,36675,-0.033333333333333326
2022-04-01,13200,13200,12600,13000,11715,-0.003831417624521105
2022-04-04,12950,13200,12700,13000,32005,0.0
2022-04-05,13000,13050,12650,12850,23862,-0.011538461538461497
2022-04-06,12800,12800,12350,12450,21953,-0.0311284046692607
2022-04-07,12400,12450,12150,12150,8634,-0.02409638554216864
2022-04-08,12000,12350,12000,12300,6265,0.012345679012345734
2022-04-11,12300,12550,12150,12200,11710,-0.008130081300813052
2022-04-12,12200,12200,11850,11900,11261,-0.024590163934426257
2022-04-13,11900,12300,11850,12300,7789,0.03361344537815136
2022-04-14,12450,12500,12100,12300,7643,0.0
2022-04-15,12300,12800,12100,12550,18648,0.020325203252032464
2022-04-18,12550,12850,12500,12650,18024,0.007968127490039834
2022-04-19,12650,12800,12450,12500,5623,-0.011857707509881465
2022-04-20,12600,12600,12400,12500,5450,0.0
2022-04-21,12550,12700,12500,12700,9345,0.016000000000000014
2022-04-22,12700,12700,12200,12300,9285,-0.03149606299212604
2022-04-25,12200,12250,11950,12000,8489,-0.024390243902439046
2022-04-26,12150,12150,11850,11900,14208,-0.008333333333333304
2022-04-27,11750,15400,11600,12250,1534830,0.02941176470588225
2022-04-28,12200,12200,11700,11800,92586,-0.03673469387755102
2022-04-29,11850,11900,11650,11750,46977,-0.004237288135593209
2022-05-02,11350,11850,11350,11850,26674,0.008510638297872353
2022-05-03,11850,12100,11750,11800,16732,-0.00421940928270037
2022-05-04,11950,12000,11750,11750,15058,-0.004237288135593209
2022-05-06,12750,14800,12100,12150,2173641,0.03404255319148941
2022-05-09,12350,12650,12050,12250,200779,0.008230452674897082
2022-05-10,12200,12850,11900,12300,162525,0.004081632653061273
2022-05-11,12200,12950,12200,12750,176964,0.03658536585365857
2022-05-12,12650,12650,12000,12100,80886,-0.050980392156862786
2022-05-13,12100,12350,12000,12300,40008,0.016528925619834656
2022-05-16,12250,12400,12000,12200,39824,-0.008130081300813052
2022-05-17,12200,12350,12000,12100,47607,-0.008196721311475419
2022-05-18,12150,12250,12000,12150,29879,0.004132231404958775
2022-05-19,12000,12000,11750,11800,38654,-0.028806584362139898
2022-05-20,11900,12350,11800,12300,44676,0.04237288135593231
2022-05-23,12250,13150,12100,12350,88169,0.004065040650406582
2022-05-24,12300,12550,12050,12050,34639,-0.02429149797570851
2022-05-25,12150,12200,11950,11950,35196,-0.008298755186721962
2022-05-26,12000,12150,11900,12000,24146,0.004184100418409997
2022-05-27,12150,12400,12000,12100,38509,0.008333333333333304
2022-05-30,12450,12500,12150,12300,30300,0.016528925619834656
2022-05-31,12300,12550,12200,12450,34753,0.012195121951219523
2022-06-02,12350,12450,12200,12250,15649,-0.016064257028112428
2022-06-03,12250,12700,12250,12500,75186,0.020408163265306145
2022-06-07,12450,12700,12150,12300,31450,-0.016000000000000014
2022-06-08,12400,12400,11950,12000,29800,-0.024390243902439046
2022-06-09,11950,12100,11750,11900,44422,-0.008333333333333304
2022-06-10,11750,12050,11750,12050,23376,0.012605042016806678
2022-06-13,11800,11800,11150,11200,63147,-0.0705394190871369
2022-06-14,10800,11250,10700,10900,40028,-0.0267857142857143
2022-06-15,10750,10900,10050,10300,62573,-0.05504587155963303
2022-06-16,10350,10600,10250,10250,32606,-0.004854368932038833
2022-06-17,9990,10450,9990,10200,51319,-0.004878048780487809
2022-06-20,10200,10250,9650,9770,35969,-0.042156862745098
2022-06-21,9600,9880,9600,9800,18306,0.003070624360286489
2022-06-22,9800,9860,9250,9300,27260,-0.05102040816326525
2022-06-23,9150,10800,8900,8930,198832,-0.03978494623655915
2022-06-24,8750,9240,8730,9230,13034,0.03359462486002229
2022-06-27,9230,9540,9230,9400,18670,0.018418201516793076
2022-06-28,9270,9480,9270,9390,15018,-0.0010638297872340718
2022-06-29,9330,10600,9330,9800,194321,0.04366347177848784
2022-06-30,9800,10000,9690,9800,23532,0.0
2022-07-01,9800,9810,9270,9410,18432,-0.03979591836734697
2022-07-04,9410,9530,9010,9180,20863,-0.02444208289054195
2022-07-05,9180,9450,9170,9450,12397,0.02941176470588225
2022-07-06,9400,9630,9180,9180,17744,-0.02857142857142858
2022-07-07,9190,9360,9190,9360,6442,0.019607843137254832
2022-07-08,9400,9590,9380,9460,7874,0.010683760683760646
2022-07-11,9310,9530,9310,9370,4636,-0.009513742071881603
2022-07-12,9370,9370,9090,9090,9480,-0.029882604055496254
2022-07-13,9100,9220,9020,9140,11003,0.005500550055005604
2022-07-14,9140,9170,9090,9140,3994,0.0
2022-07-15,9070,9150,8990,9040,6251,-0.01094091903719907
2022-07-18,9040,9290,9040,9290,7696,0.02765486725663724
2022-07-19,9230,9380,9230,9350,3817,0.006458557588805203
2022-07-20,9420,9470,9300,9370,7866,0.002139037433155133
2022-07-21,9400,9460,9050,9370,6057,0.0
2022-07-22,9400,9440,9330,9410,4567,0.004268943436499528
2022-07-25,9410,9690,9350,9600,13583,0.020191285866099973
2022-07-26,9580,9650,9500,9600,4802,0.0
2022-07-27,9640,9650,9500,9580,4758,-0.002083333333333326
2022-07-28,9610,9900,9600,9900,25359,0.03340292275574108
2022-07-29,10000,10550,10000,10300,35014,0.04040404040404044
2022-08-01,10300,10600,10000,10500,23020,0.01941747572815533
2022-08-02,10600,10600,10150,10250,8005,-0.023809523809523836
2022-08-03,10150,10550,10150,10450,4539,0.019512195121951237
2022-08-04,10550,10550,10350,10500,6608,0.004784688995215225
2022-08-05,10500,10650,10400,10550,6636,0.004761904761904745
2022-08-08,10900,11150,10650,10900,63326,0.033175355450236976
2022-08-09,10800,11100,10750,10850,12055,-0.004587155963302725
2022-08-10,10800,11000,10750,10850,9397,0.0
2022-08-11,11100,14100,11100,14100,3010861,0.29953917050691237
2022-08-12,14100,14150,12400,12550,2481079,-0.10992907801418439
2022-08-16,12600,12900,12400,12850,281141,0.0239043824701195
2022-08-17,12650,12700,11950,12050,297062,-0.0622568093385214
2022-08-18,12500,12750,11900,12050,253162,0.0
2022-08-19,12050,12150,11800,11800,81788,-0.020746887966805017
2022-08-22,11600,11900,11450,11450,93627,-0.029661016949152574
2022-08-23,11350,11800,11350,11500,72646,0.004366812227074135
2022-08-24,11500,12100,11500,12100,153957,0.05217391304347818
2022-08-25,12450,12500,12000,12050,144475,-0.004132231404958664
2022-08-26,12400,12600,12050,12100,145427,0.004149377593360981
2022-08-29,11600,11950,11550,11800,53052,-0.024793388429752095
2022-08-30,11900,12000,11600,11950,45155,0.012711864406779627
2022-08-31,11800,12250,11500,12150,70418,0.01673640167364021
2022-09-01,12250,12400,11800,12100,70014,-0.004115226337448541
2022-09-02,12000,12150,11800,11800,32289,-0.024793388429752095
2022-09-05,11750,12450,11450,11550,34236,-0.021186440677966156
2022-09-06,11450,11750,11350,11500,16193,-0.0043290043290042934
2022-09-07,11450,11550,11000,11200,25441,-0.02608695652173909
2022-09-08,11250,11400,11000,11050,23011,-0.013392857142857095
2022-09-13,11500,11500,11150,11250,19383,0.018099547511312153
2022-09-14,10950,11150,10900,11100,17763,-0.013333333333333308
2022-09-15,11400,11600,11050,11300,43861,0.018018018018018056
2022-09-16,11200,11400,10950,11150,18632,-0.013274336283185861
2022-09-19,11050,11150,10300,10550,39166,-0.053811659192825156
2022-09-20,10350,10650,10350,10400,12775,-0.014218009478673022
2022-09-21,10350,10550,9900,10000,47815,-0.038461538461538436
2022-09-22,9850,10500,9830,10500,38284,0.050000000000000044
2022-09-23,10300,10550,10100,10250,24018,-0.023809523809523836
2022-09-26,9910,10150,9550,9630,45487,-0.060487804878048834
2022-09-27,9630,9900,9370,9900,40124,0.028037383177569986
2022-09-28,9720,10000,9450,9500,20872,-0.04040404040404044
2022-09-29,9600,9740,9220,9450,13536,-0.0052631578947368585
2022-09-30,9290,9400,9000,9350,16176,-0.010582010582010581
2022-10-04,9360,9640,9360,9480,9734,0.013903743315508033
2022-10-05,9700,9710,9380,9470,10162,-0.0010548523206751481
2022-10-06,9470,9620,9450,9510,10110,0.004223864836325308
2022-10-07,9470,11050,9420,9830,114963,0.03364879074658256
2022-10-11,9670,9670,8980,9090,40980,-0.07527975584944047
2022-10-12,9090,9100,8690,8930,31974,-0.017601760176017556
2022-10-13,8770,8860,8300,8400,34246,-0.05935050391937291
2022-10-14,8550,8610,8480,8600,10217,0.023809523809523725
2022-10-17,8400,8610,8400,8590,5668,-0.0011627906976744429
2022-10-18,8670,8880,8660,8750,17807,0.0186263096623982
2022-10-19,8800,9600,8740,8760,106901,0.0011428571428571122
2022-10-20,8800,9030,8700,8880,23080,0.013698630136986356
2022-10-21,8900,8900,8650,8650,10810,-0.025900900900900914
2022-10-24,8670,8910,8660,8820,22827,0.01965317919075149
2022-10-25,8950,9000,8600,8850,15480,0.00340136054421758
2022-10-26,8800,9000,8770,8780,5937,-0.00790960451977396
2022-10-27,8780,8890,8760,8880,10272,0.011389521640091216
2022-10-28,8730,8940,8730,8820,10150,-0.006756756756756799
2022-10-31,8910,8990,8780,8910,11301,0.010204081632652962
2022-11-01,8780,9350,8780,9120,20901,0.023569023569023573
2022-11-02,9120,9200,8970,9030,8257,-0.009868421052631526
2022-11-03,8990,11150,8920,9650,848174,0.06866002214839417
2022-11-04,9850,10250,9700,9890,76861,0.024870466321243567
2022-11-07,10400,11400,10300,10900,379143,0.10212335692618812
2022-11-08,11000,11400,10550,10750,83500,-0.013761467889908285
2022-11-09,10900,11550,10800,11100,172375,0.032558139534883734
2022-11-10,11300,11400,10800,10850,67240,-0.022522522522522515
2022-11-11,11500,11550,11050,11200,97919,0.032258064516129004
2022-11-14,11250,11250,10950,11000,47213,-0.017857142857142905
2022-11-15,10850,11100,10650,10900,28169,-0.009090909090909038
2022-11-16,11200,11350,10850,11300,54393,0.03669724770642202
2022-11-17,11350,11350,10650,11050,49935,-0.02212389380530977
2022-11-18,10950,11200,10700,11000,24970,-0.004524886877828038
2022-11-21,11600,11600,10450,10550,51805,-0.040909090909090895
2022-11-22,10750,10800,10450,10600,21644,0.004739336492890933
2022-11-23,10650,10700,10400,10600,14639,0.0
2022-11-24,10600,10850,10550,10800,14631,0.018867924528301883
2022-11-25,10700,10850,10600,10700,6956,-0.0092592592592593
2022-11-28,10600,10600,10350,10400,9442,-0.028037383177570097
2022-11-29,10300,10450,10250,10400,10022,0.0
2022-11-30,10400,10450,10200,10250,9481,-0.014423076923076872
2022-12-01,10350,10550,10350,10400,13233,0.014634146341463428
2022-12-02,10400,10450,10250,10300,7559,-0.009615384615384581
2022-12-05,10300,10500,10200,10300,5804,0.0
2022-12-06,10300,10300,9920,9920,11493,-0.03689320388349515
2022-12-07,9920,9920,9300,9880,48811,-0.0040322580645161255
2022-12-08,9770,9950,9730,9730,12326,-0.015182186234817818
2022-12-09,9640,9950,9640,9880,10219,0.01541623843782114
2022-12-12,9870,9900,9710,9800,6173,-0.0080971659919028
2022-12-13,9810,9990,9780,9780,4341,-0.0020408163265306367
2022-12-14,9780,10050,9780,9990,11651,0.021472392638036908
2022-12-15,10050,10600,9990,10050,26990,0.006006006006006093
2022-12-16,9990,10050,9890,9960,6373,-0.008955223880596996
2022-12-19,9960,10250,9960,10200,23461,0.024096385542168752
2022-12-20,10000,10200,9840,9880,7255,-0.03137254901960784
2022-12-21,9880,10100,9800,9960,7683,0.00809716599190291
2022-12-22,9890,10050,9860,9860,4965,-0.010040160642570295
2022-12-23,9660,9790,9600,9720,6418,-0.014198782961460488
2022-12-26,9920,10200,9690,9800,13371,0.008230452674897082
2022-12-27,9640,9880,9640,9830,5454,0.003061224489795844
2022-12-28,9750,9980,9630,9820,10368,-0.0010172939979654627
2022-12-29,9660,9830,9330,9330,12878,-0.04989816700610994
2023-01-02,9480,9550,9210,9220,10635,-0.011789924973204746
2023-01-03,9210,9470,9100,9200,9415,-0.002169197396963085
2023-01-04,8840,9350,8840,9300,11278,0.010869565217391353
2023-01-05,9690,9690,9200,9200,4885,-0.010752688172043001
2023-01-06,9110,9490,9110,9350,16704,0.016304347826086918
2023-01-09,9310,9600,9300,9570,16224,0.0235294117647058
2023-01-10,9530,9780,9530,9730,17180,0.016718913270637348
2023-01-11,9700,9900,9610,9900,11040,0.01747173689619741
2023-01-12,9950,10450,9850,10300,87644,0.04040404040404044
2023-01-13,10300,10350,10000,10150,13267,-0.014563106796116498
2023-01-16,10500,10600,10000,10000,50432,-0.014778325123152691
2023-01-17,10000,10100,9890,9910,23850,-0.009000000000000008
2023-01-18,9910,9920,9740,9820,15053,-0.00908173562058523
2023-01-19,9840,9980,9780,9960,8979,0.014256619144602745
2023-01-20,9960,9960,9670,9750,28006,-0.02108433734939763
2023-01-25,9800,9950,9750,9930,17158,0.01846153846153853
2023-01-26,9930,10020,9890,9990,16119,0.0060422960725075026
2023-01-27,9990,10040,9910,9960,8311,-0.0030030030030030463
2023-01-30,9960,9990,9820,9830,6943,-0.013052208835341417
2023-01-31,9830,10050,9800,9950,10863,0.012207527975584886
2023-02-01,9950,10040,9900,10030,14230,0.008040201005025116
2023-02-02,10040,10100,9990,10030,6901,0.0
2023-02-03,10030,10450,10030,10170,31988,0.013958125623130702
2023-02-06,10030,10110,9960,9990,9271,-0.017699115044247815
2023-02-07,10040,10140,9990,10050,10480,0.006006006006006093
2023-02-08,10140,10140,9990,10050,8287,0.0
2023-02-09,10050,10590,10050,10490,74848,0.04378109452736312
2023-02-10,10440,10450,10200,10300,23911,-0.018112488083889433
2023-02-13,10190,10300,10130,10280,10886,-0.001941747572815511
2023-02-14,10280,10400,10200,10290,6055,0.0009727626459143934
2023-02-15,10310,10310,9990,9990,12040,-0.029154518950437303
2023-02-16,10080,10190,10010,10170,9271,0.018018018018018056
2023-02-17,10160,10240,10010,10100,9790,-0.006882989183874089
2023-02-20,10100,10180,10000,10110,9188,0.000990099009900991
2023-02-21,10050,10400,10050,10250,23968,0.013847675568743778
2023-02-22,10150,10180,10060,10120,7502,-0.012682926829268304
2023-02-23,10050,10190,10000,10090,12327,-0.0029644268774703386
2023-02-24,10090,10100,9980,10030,7654,-0.00594648166501488
2023-02-27,9980,10050,9840,9860,15620,-0.016949152542372836
2023-02-28,9860,9940,9830,9880,8196,0.0020283975659229903
2023-03-02,9880,9990,9800,9900,11453,0.002024291497975783
2023-03-03,9900,10020,9400,9990,12974,0.009090909090909038
2023-03-06,9990,10000,9740,9920,23987,-0.00700700700700696
2023-03-07,9840,10310,9840,10260,41056,0.03427419354838701
2023-03-08,10250,10340,10070,10130,19291,-0.012670565302144277
2023-03-09,10310,10310,9800,10130,14085,0.0
2023-03-10,10120,10200,9900,10050,12360,-0.007897334649555776
2023-03-13,9930,10000,9850,9930,16695,-0.011940298507462699
2023-03-14,9910,9910,9410,9410,23834,-0.05236656596173217
2023-03-15,9500,9800,9500,9700,13783,0.03081827842720508
2023-03-16,9600,9620,9510,9580,14692,-0.012371134020618513
2023-03-17,9610,9640,9500,9570,19835,-0.0010438413361169019
2023-03-20,9570,9600,9300,9360,29291,-0.021943573667711602
2023-03-21,9380,9480,9320,9430,8239,0.007478632478632452
2023-03-22,9480,9480,9150,9240,29203,-0.020148462354188768
2023-03-23,9240,9240,9070,9100,14307,-0.015151515151515138
2023-03-24,9210,9210,9020,9120,8273,0.00219780219780219
2023-03-27,9160,9160,8950,9120,4501,0.0
2023-03-28,9120,9220,9030,9160,7938,0.004385964912280604
2023-03-29,9090,9300,9090,9300,9107,0.015283842794759916
2023-03-30,9320,9390,9210,9350,12887,0.005376344086021501
2023-03-31,9310,9430,9310,9420,9369,0.007486631016042855
2023-04-03,9420,9590,9300,9500,23381,0.00849256900212314
2023-04-04,9640,9640,9390,9410,9310,-0.0094736842105263
2023-04-05,9440,9510,9390,9390,7914,-0.002125398512221044
2023-04-06,9390,9390,9250,9260,11434,-0.013844515441959526
2023-04-07,9320,9320,9130,9150,17856,-0.011879049676025932
2023-04-10,9100,9100,9010,9070,18163,-0.008743169398907069
2023-04-11,9070,9130,8960,9120,35365,0.005512679162072764
2023-04-12,9190,9400,9050,9400,25741,0.030701754385964897
2023-04-13,9400,9400,9190,9240,18002,-0.017021276595744705
2023-04-14,9340,9340,8690,9200,25221,-0.0043290043290042934
2023-04-17,9260,9530,9150,9460,29137,0.02826086956521734
2023-04-18,9520,9560,9300,9300,18117,-0.016913319238900604
2023-04-19,9380,9470,9300,9390,12143,0.00967741935483879
2023-04-20,9440,9440,9150,9160,9942,-0.024494142705005273
2023-04-21,9230,9280,9030,9230,19639,0.007641921397379958
2023-04-24,9250,9360,9130,9240,10798,0.0010834236186347823
2023-04-25,9240,9240,9000,9010,18030,-0.024891774891774854
2023-04-26,9090,9100,8950,9030,20802,0.002219755826859071
2023-04-27,8900,9300,8870,9010,22063,-0.0022148394241418012
2023-04-28,9100,9170,8900,9010,10859,0.0
2023-05-02,9010,9100,8970,9010,10898,0.0
2023-05-03,9010,9050,8820,8970,16927,-0.004439511653718142
2023-05-04,8910,9200,8810,9140,13848,0.018952062430323213
2023-05-08,9250,9250,8810,9050,18934,-0.009846827133479175
2023-05-09,9050,9050,8880,8950,10918,-0.011049723756906049
2023-05-10,8950,8990,8900,8910,8667,-0.004469273743016755
2023-05-11,8950,9010,8920,9010,5186,0.011223344556677839
2023-05-12,9010,9010,8900,8960,3101,-0.005549389567147567
2023-05-15,8960,9050,8820,9010,12761,0.005580357142857206
2023-05-16,8890,9010,8890,9000,3959,-0.0011098779134295356
2023-05-17,8950,9030,8890,9020,8323,0.0022222222222221255
2023-05-18,9020,9070,8930,8990,10943,-0.003325942350332567
2023-05-19,9030,9120,8940,9060,17437,0.007786429365962189
2023-05-22,9010,9070,8950,9010,5481,-0.0055187637969095205
2023-05-23,9020,9340,9020,9070,5678,0.006659267480577213
2023-05-24,9000,9140,9000,9080,3262,0.0011025358324145973
2023-05-25,9030,9110,8940,9040,9790,-0.004405286343612369
2023-05-26,9040,9110,8840,8930,14696,-0.012168141592920345
2023-05-30,8900,8990,8900,8970,9009,0.004479283314669624
2023-05-31,8980,9020,8900,9000,3333,0.0033444816053511683
2023-06-01,9030,9030,8930,9000,4461,0.0
2023-06-02,9000,9150,8960,9100,6232,0.011111111111111072
2023-06-05,9100,9180,9020,9140,6908,0.00439560439560438
2023-06-07,9140,9210,9100,9200,20613,0.006564551422319376
2023-06-08,9200,9200,9000,9130,13630,-0.007608695652173925
2023-06-09,9160,9160,9080,9080,9898,-0.005476451259583737
2023-06-12,9000,9100,9000,9060,6921,-0.0022026431718061845
2023-06-13,9060,9200,9060,9100,9215,0.004415011037527616
2023-06-14,9110,9110,8970,9100,8787,0.0
2023-06-15,9020,9110,8980,9040,10417,-0.00659340659340657
2023-06-16,9040,9180,9020,9140,8606,0.01106194690265494
2023-06-19,9250,9250,9010,9040,6930,-0.01094091903719907
2023-06-20,9050,9110,9010,9070,4188,0.0033185840707965486
2023-06-21,9090,9090,8940,9010,7164,-0.006615214994487362
2023-06-22,9010,9010,8930,8980,5696,-0.0033296337402886067
2023-06-23,8950,9010,8840,8890,11481,-0.010022271714922093
2023-06-26,8890,8970,8830,8930,7764,0.004499437570303799
2023-06-27,8930,9000,8790,8890,25088,-0.004479283314669624
2023-06-28,8880,8880,8710,8710,9491,-0.020247469066366652
2023-06-29,8760,8790,8410,8450,27939,-0.02985074626865669
2023-06-30,8430,8580,8430,8580,5597,0.01538461538461533
2023-07-03,8600,8740,8590,8720,8501,0.01631701631701632
2023-07-04,8680,8710,8570,8630,3959,-0.010321100917431214
2023-07-05,8610,8680,8310,8560,36728,-0.008111239860950192
2023-07-06,8610,8610,8340,8580,14194,0.002336448598130758
2023-07-07,8590,8600,8270,8350,19469,-0.026806526806526842
2023-07-10,8280,8500,8280,8500,14957,0.017964071856287456
2023-07-11,8500,8590,8470,8560,12741,0.007058823529411784
2023-07-12,8660,8660,8390,8600,13601,0.004672897196261738
2023-07-13,8550,8600,8400,8520,18904,-0.009302325581395321
2023-07-14,8530,8530,8410,8510,9227,-0.0011737089201877549
2023-07-17,8520,8520,8290,8400,16553,-0.01292596944770863
2023-07-18,8430,8430,8190,8260,19728,-0.01666666666666672
2023-07-19,8260,8260,7980,8030,28638,-0.02784503631961255
2023-07-20,8050,8100,7920,8060,9603,0.0037359900373599153
2023-07-21,8060,8060,7940,7960,11160,-0.012406947890818865
2023-07-24,7960,7960,7690,7720,36748,-0.03015075376884424
2023-07-25,7780,7790,7470,7520,24616,-0.025906735751295318
2023-07-26,7560,7560,7090,7110,42869,-0.05452127659574468
2023-07-27,7050,7200,7050,7150,23070,0.005625879043600568
2023-07-28,7190,7540,7080,7420,13857,0.03776223776223775
2023-07-31,7440,8940,7440,8200,223800,0.10512129380053903
2023-08-01,8160,8400,8000,8300,20834,0.012195121951219523
2023-08-02,8280,8470,8150,8230,12507,-0.008433734939759074
2023-08-03,8230,8230,7950,7950,11672,-0.03402187120291611
2023-08-04,8000,8090,7960,8050,3122,0.012578616352201255
2023-08-07,8050,9000,7860,8400,108040,0.04347826086956519
2023-08-08,8590,8590,8160,8160,15020,-0.02857142857142858
2023-08-09,8160,8290,8070,8290,7772,0.01593137254901955
2023-08-10,8200,8380,8190,8350,8662,0.007237635705669376
2023-08-11,8350,8370,8200,8360,8246,0.0011976047904191933
2023-08-14,8370,8390,8210,8300,4589,-0.0071770334928229484
2023-08-16,8300,8300,7780,8050,11510,-0.030120481927710885
2023-08-17,8050,8050,7830,8050,4119,0.0
2023-08-18,8000,9540,7830,8280,280935,0.02857142857142847
2023-08-21,8240,8320,8000,8230,17075,-0.006038647342995196
2023-08-22,8270,8800,8020,8060,77134,-0.020656136087484844
2023-08-23,8080,8210,8000,8040,9629,-0.002481389578163795
2023-08-24,8050,8840,8030,8290,46830,0.031094527363184188
2023-08-25,8280,8280,8070,8200,12178,-0.010856453558504175
2023-08-28,8200,8240,8100,8230,5334,0.003658536585365857
2023-08-29,8230,8320,8170,8290,3762,0.007290400972053357
2023-08-30,8290,8310,8170,8270,7056,-0.0024125452352231624
2023-08-31,8270,8270,8140,8260,4064,-0.0012091898428052694
2023-09-01,8260,8300,8030,8210,10436,-0.006053268765133124
2023-09-04,8170,8460,8020,8090,20193,-0.01461632155907433
2023-09-05,8110,8440,8000,8040,23967,-0.006180469715698411
2023-09-06,8130,8130,7890,7900,14365,-0.01741293532338306
2023-09-07,7900,7940,7660,7700,21234,-0.025316455696202556
2023-09-08,7780,8010,7720,7840,11206,0.018181818181818077
2023-09-11,7880,8860,7830,8150,462533,0.039540816326530503
2023-09-12,8200,8340,7820,7830,55802,-0.03926380368098159
2023-09-13,7830,7990,7690,7950,24881,0.015325670498084198
2023-09-14,7870,7920,7720,7900,13830,-0.0062893081761006275
2023-09-15,7890,7970,7840,7950,12376,0.006329113924050667
2023-09-18,7950,7950,7710,7850,12591,-0.012578616352201255
2023-09-19,7850,7850,7660,7760,31692,-0.01146496815286624
2023-09-20,7790,7860,7370,7470,27117,-0.037371134020618535
2023-09-21,7470,7480,7100,7250,9890,-0.029451137884872858
2023-09-22,7250,7250,7070,7110,15139,-0.0193103448275862
2023-09-25,7160,7160,6890,6890,29843,-0.030942334739803123
2023-09-26,6950,6980,6860,6970,11786,0.011611030478954953
2023-09-27,6580,6960,6580,6950,17568,-0.0028694404591105283
2023-10-04,6990,6990,6460,6480,42486,-0.0676258992805755
2023-10-05,6480,6580,6400,6560,8277,0.012345679012345734
2023-10-06,6540,6590,6450,6570,6051,0.0015243902439023849
2023-10-10,6560,6570,6270,6300,24973,-0.04109589041095896
2023-10-11,6300,6420,6300,6420,12194,0.01904761904761898
2023-10-12,6420,6590,6400,6580,12896,0.024922118380062308
2023-10-13,6500,6560,6360,6470,6442,-0.016717325227963542
2023-10-16,6370,6390,6270,6360,5101,-0.01700154559505407
2023-10-17,6350,6460,6350,6440,3581,0.012578616352201255
2023-10-18,6470,6470,6360,6460,3656,0.0031055900621117516
2023-10-19,6460,6470,6210,6470,8345,0.001547987616099089
2023-10-20,6390,6390,6160,6390,18015,-0.012364760432766575
2023-10-23,6320,6340,6200,6300,10249,-0.014084507042253502
2023-10-24,6170,6300,6130,6300,9289,0.0
2023-10-25,6300,6340,6230,6290,4284,-0.0015873015873015817
2023-10-26,6230,6260,5920,6100,9841,-0.030206677265500748
2023-10-27,6000,6190,5970,6060,12787,-0.006557377049180357
2023-10-30,5880,6200,5880,6030,15048,-0.004950495049504955
2023-10-31,5960,6050,5830,5980,11187,-0.008291873963515717
2023-11-01,5990,6000,5820,5970,12221,-0.0016722408026755842
2023-11-02,6010,6180,5990,6070,45905,0.01675041876046901
2023-11-03,6070,6100,5950,6070,20135,0.0
2023-11-06,6260,6410,6180,6400,39860,0.054365733113673764
2023-11-07,6410,6410,6190,6340,15280,-0.009375000000000022
2023-11-08,6340,6350,6190,6350,7483,0.001577287066246047
2023-11-09,6320,6320,6190,6240,12690,-0.017322834645669305
2023-11-10,6220,6220,6000,6200,6567,-0.0064102564102563875
2023-11-13,6100,6180,5980,6080,8817,-0.01935483870967747
2023-11-14,5960,6100,5960,6100,15715,0.00328947368421062
2023-11-15,6240,6300,6150,6300,9592,0.032786885245901676
2023-11-16,6300,6380,6270,6340,4380,0.006349206349206327
2023-11-17,6400,6400,6250,6320,2365,-0.003154574132492094
2023-11-20,6320,6950,6280,6520,59090,0.03164556962025311
2023-11-21,6560,6700,6510,6700,13739,0.027607361963190247
2023-11-22,6700,6700,6620,6630,4444,-0.010447761194029903
2023-11-23,6660,6890,6610,6610,6242,-0.003016591251885359
2023-11-24,6610,7170,6610,6900,49729,0.04387291981845687
2023-11-27,6960,7400,6890,7110,85782,0.0304347826086957
2023-11-28,7120,7150,6920,7030,13063,-0.011251758087201136
2023-11-29,7070,7070,6900,7040,12005,0.0014224751066855834
2023-11-30,7040,7230,6950,7200,13575,0.022727272727272707
2023-12-01,7210,7210,7000,7100,6552,-0.01388888888888884
2023-12-04,7000,7120,6940,7100,8168,0.0
2023-12-05,7100,7120,6640,6790,6894,-0.04366197183098597
2023-12-06,6800,6940,6800,6910,5280,0.01767304860088359
2023-12-07,6910,7030,6760,6960,13637,0.00723589001447178
2023-12-08,6800,7000,6800,7000,8224,0.005747126436781658
2023-12-11,7040,7320,6980,7260,42627,0.037142857142857144
2023-12-12,7310,7470,7150,7270,15589,0.0013774104683195176
2023-12-13,7270,7350,7150,7150,6338,-0.016506189821182904
2023-12-14,7240,7340,7060,7170,12616,0.002797202797202747
2023-12-15,7170,7280,7110,7180,19295,0.001394700139470073
2023-12-18,7150,7190,7090,7100,10624,-0.011142061281337101
2023-12-19,7160,7160,7010,7090,6202,-0.0014084507042253502
2023-12-20,7070,7140,7060,7130,16558,0.005641748942172065
2023-12-21,7130,7220,7010,7030,20660,-0.014025245441795287
2023-12-22,7030,7100,6990,6990,2880,-0.005689900426742556
2023-12-26,7050,7180,6970,6970,3134,-0.0028612303290415086
2023-12-27,7040,7060,6930,6980,5767,0.0014347202295552641
2023-12-28,7020,7160,7000,7120,15036,0.02005730659025784
2024-01-02,7100,7130,6950,7110,8805,-0.001404494382022503
2024-01-03,7000,7450,7000,7240,36916,0.0182841068917019
2024-01-04,7220,7230,7000,7200,15050,-0.0055248618784530246
2024-01-05,7160,7180,7060,7080,7211,-0.01666666666666672
2024-01-08,7080,7100,7020,7060,3728,-0.0028248587570621764
2024-01-09,7400,7400,7010,7100,7275,0.0056657223796034994
2024-01-10,7180,7320,7090,7160,10855,0.008450704225352101
2024-01-11,7160,7250,7110,7110,5589,-0.006983240223463638
2024-01-12,7110,7110,6980,7030,6617,-0.011251758087201136
2024-01-15,7030,7250,7000,7070,7890,0.005689900426742556
2024-01-16,7070,7100,6970,7060,6765,-0.0014144271570014633
2024-01-17,6980,7010,6710,6820,17650,-0.03399433427762044
2024-01-18,6810,6880,6750,6870,8400,0.007331378299120228
2024-01-19,6880,7090,6810,6830,15468,-0.005822416302765698
2024-01-22,6810,6850,6750,6780,8967,-0.007320644216691097
2024-01-23,6700,6780,6690,6740,5282,-0.005899705014749235
2024-01-24,6750,6870,6750,6810,9808,0.010385756676557945
2024-01-25,6850,6850,6720,6740,3259,-0.01027900146842875
2024-01-26,6820,6820,6690,6760,3043,0.0029673590504450953
2024-01-29,6760,6760,6690,6740,4638,-0.00295857988165682
2024-01-30,6750,6800,6710,6770,5258,0.004451038575667754
2024-01-31,6770,6770,6670,6720,3809,-0.00738552437223039
2024-02-01,6600,6700,6460,6560,12198,-0.023809523809523836
2024-02-02,6670,6690,6500,6650,9429,0.013719512195121908
2024-02-05,6700,6750,6580,6640,2698,-0.0015037593984962294
2024-02-06,6640,6650,6530,6620,6244,-0.003012048192771122
2024-02-07,6630,6650,6570,6610,7703,-0.0015105740181269312
2024-02-08,6640,6660,6570,6590,5885,-0.00302571860816947
2024-02-13,6600,6660,6590,6610,6711,0.003034901365705611
2024-02-14,6580,6620,6530,6620,5624,0.001512859304084735
2024-02-15,6620,6630,6560,6560,4211,-0.009063444108761365
2024-02-16,6620,6680,6580,6660,2886,0.015243902439024293
2024-02-19,6700,6710,6620,6680,2538,0.0030030030030030463
2024-02-20,6680,6680,6600,6670,3114,-0.0014970059880239361
2024-02-21,6650,6680,6610,6640,6636,-0.004497751124437732
2024-02-22,6670,6670,6570,6620,6561,-0.003012048192771122
2024-02-23,6620,6630,6590,6610,3227,-0.0015105740181269312
2024-02-26,6590,6610,6490,6580,6035,-0.004538577912254205
2024-02-27,6550,6600,6470,6470,5005,-0.016717325227963542
2024-02-28,6430,6520,6430,6480,2677,0.0015455950540959051
2024-02-29,6510,6520,6410,6480,8160,0.0
2024-03-04,6480,6500,6250,6260,26013,-0.03395061728395066
2024-03-05,6260,6280,6000,6060,36175,-0.03194888178913735
2024-03-06,6060,6070,5980,6060,11071,0.0
2024-03-07,6060,6130,6000,6080,18230,0.0033003300330032292
2024-03-08,6120,6120,5860,6000,24998,-0.013157894736842146
2024-03-11,6000,6090,5850,6090,29988,0.014999999999999902
2024-03-12,6000,6120,6000,6120,5313,0.0049261083743843415
2024-03-13,6120,6280,6080,6210,13364,0.014705882352941124
2024-03-14,6250,6260,6160,6220,4967,0.0016103059581320522
2024-03-15,6260,6260,6020,6100,7398,-0.019292604501607746
2024-03-18,6100,6240,6100,6130,8012,0.004918032786885185
2024-03-19,6170,6180,6020,6110,7084,-0.0032626427406199365
2024-03-20,6070,6160,6060,6150,4685,0.00654664484451728
2024-03-21,6160,6170,6060,6160,4530,0.001626016260162677
2024-03-22,6160,6250,6130,6160,2846,0.0
2024-03-25,6200,6200,6090,6160,5754,0.0
2024-03-26,6180,6180,6070,6100,5533,-0.009740259740259716
2024-03-27,6150,6210,6080,6150,7215,0.008196721311475308
2024-03-28,6010,6250,6010,6240,20287,0.014634146341463428
2024-03-29,6220,6300,6160,6230,4454,-0.0016025641025640969
2024-04-01,5990,6280,5990,6280,5082,0.008025682182985605
2024-04-02,6290,6290,6120,6220,11151,-0.009554140127388533
2024-04-03,6230,6230,6060,6120,5159,-0.01607717041800638
2024-04-04,6130,6160,6020,6140,7842,0.0032679738562091387
2024-04-05,6150,6150,6030,6100,5217,-0.006514657980456029
2024-04-08,6120,6120,6020,6080,2662,-0.003278688524590123
2024-04-09,6080,6100,6000,6090,8590,0.00164473684210531
2024-04-11,6090,6090,5950,5960,13560,-0.021346469622331665
2024-04-12,5970,6030,5950,5980,29931,0.003355704697986628
2024-04-15,5880,5980,5790,5900,20125,-0.013377926421404673
2024-04-16,5900,5900,5720,5750,17289,-0.025423728813559365
2024-04-17,5790,5850,5620,5710,7625,-0.006956521739130417
2024-04-18,5730,6370,5720,6010,153518,0.0525394045534151
2024-04-19,5930,5990,5750,5900,10299,-0.01830282861896837
2024-04-22,5970,5970,5740,5860,7153,-0.006779661016949157
2024-04-23,5710,5860,5710,5840,6193,-0.0034129692832765013
2024-04-24,5880,5880,5840,5880,5870,0.006849315068493178
2024-04-25,5910,5910,5820,5850,2733,-0.005102040816326481
2024-04-26,5880,5880,5740,5860,9824,0.0017094017094017033
2024-04-29,5900,6940,5880,6730,940602,0.1484641638225257
2024-04-30,6540,6640,6130,6130,201692,-0.08915304606240715
2024-05-02,6070,6320,6060,6200,36437,0.011419249592169667
2024-05-03,6190,6200,6070,6140,15848,-0.009677419354838679
2024-05-07,6140,6270,6120,6250,19337,0.01791530944625408
2024-05-08,6240,6280,6170,6230,8787,-0.0031999999999999806
2024-05-09,6290,6290,6120,6190,15889,-0.006420545746388395
2024-05-10,6190,6240,6110,6240,17889,0.008077544426494443
2024-05-13,6240,6240,6100,6150,17986,-0.014423076923076872
2024-05-14,6150,6220,6120,6180,6787,0.004878048780487809
2024-05-16,6220,6570,6200,6370,76336,0.0307443365695792
2024-05-17,6360,6400,6250,6350,17634,-0.0031397174254317317
2024-05-20,6320,6410,6260,6310,7955,-0.006299212598425252
2024-05-21,6280,6310,6200,6240,9026,-0.011093502377179099
2024-05-22,6260,8110,6260,7750,2058255,0.24198717948717952
2024-05-23,7990,9000,7020,7290,3730120,-0.05935483870967739
2024-05-24,7270,7450,7060,7260,206229,-0.004115226337448541
2024-05-27,7700,8020,7540,7690,494867,0.059228650137741035
2024-05-28,7740,7770,7460,7770,90921,0.01040312093628093
2024-05-29,7770,7770,7180,7280,79484,-0.06306306306306309
2024-05-30,7160,7390,7040,7230,35437,-0.006868131868131844
2024-05-31,7320,7740,7300,7460,139145,0.03181189488243441
2024-06-03,7650,7650,7310,7400,51157,-0.008042895442359255
2024-06-04,7290,7300,6750,7040,76980,-0.048648648648648596
2024-06-05,7080,7080,6740,6870,33928,-0.024147727272727293
2024-06-07,6940,6950,6750,6830,17685,-0.005822416302765698
2024-06-10,6760,6900,6720,6850,23807,0.002928257686676483
2024-06-11,6990,7670,6950,6990,159109,0.020437956204379493
2024-06-12,6990,7240,6960,7040,32313,0.007153075822603716
2024-06-13,7130,7230,7000,7050,23673,0.0014204545454545858
2024-06-14,7040,7040,6770,6830,34588,-0.031205673758865293
2024-06-17,6670,6900,6670,6810,12724,-0.002928257686676372
2024-06-18,6840,6840,6730,6810,13500,0.0
2024-06-19,6810,6890,6750,6850,13460,0.005873715124816492
2024-06-20,6940,7000,6800,6860,15779,0.0014598540145984717
2024-06-21,6900,6950,6770,6950,7834,0.013119533527696792
2024-06-24,6930,6990,6770,6780,19097,-0.024460431654676262
2024-06-25,6720,6900,6720,6790,12909,0.001474926253687281
2024-06-26,6790,6850,6660,6670,11195,-0.0176730486008837
2024-06-27,6730,6760,6560,6600,13120,-0.010494752623688153
2024-06-28,6500,6630,6480,6490,20965,-0.01666666666666672
2024-07-01,6500,6610,6350,6590,15872,0.015408320493066174
2024-07-02,6630,6630,6370,6630,9588,0.006069802731411222
2024-07-03,6530,6630,6140,6250,48730,-0.05731523378582204
2024-07-04,6240,6350,6170,6320,11825,0.011200000000000099
2024-07-05,6340,6380,6200,6290,11768,-0.004746835443038
2024-07-08,6290,6450,6210,6400,12140,0.01748807631160565
2024-07-09,6400,6660,6400,6530,29387,0.020312499999999956
2024-07-10,6530,6580,6420,6560,11293,0.004594180704440953
2024-07-11,6560,6600,6410,6470,9456,-0.013719512195121908
2024-07-12,6530,6630,6470,6590,13717,0.018547140649149974
2024-07-15,6570,6590,6450,6580,11872,-0.0015174506828528056
2024-07-16,6510,6510,6400,6420,9325,-0.024316109422492405
2024-07-17,6420,6640,6290,6300,29425,-0.01869158878504673
2024-07-18,6300,6300,6150,6280,23939,-0.0031746031746031633
2024-07-19,6280,6280,6150,6210,4103,-0.011146496815286677
2024-07-22,6200,6210,6100,6190,7820,-0.0032206119162641045
2024-07-23,6180,6280,6120,6190,2496,0.0
2024-07-24,6200,6200,6070,6070,7786,-0.01938610662358642
2024-07-25,6070,6140,5860,5930,22428,-0.023064250411861664
2024-07-26,5990,5990,5860,5880,14518,-0.00843170320404718
2024-07-29,5890,6200,5890,6170,17767,0.04931972789115657
2024-07-30,6170,6170,6010,6020,5129,-0.024311183144246407
2024-07-31,6100,6300,6000,6130,7672,0.0182724252491695
2024-08-01,6140,6210,6070,6150,2871,0.0032626427406199365
2024-08-02,6120,6150,5940,5990,7339,-0.026016260162601612
2024-08-05,5880,5970,5050,5390,30472,-0.10016694490818034
2024-08-06,5220,5660,5220,5620,14133,0.042671614100185495
2024-08-07,5340,5670,5340,5650,7951,0.005338078291814874
2024-08-08,5550,5690,5500,5620,7672,-0.005309734513274322
2024-08-09,5640,5770,5640,5770,5372,0.026690391459074814
2024-08-12,5600,5840,5490,5700,20935,-0.012131715771230511
2024-08-13,5900,5990,5770,5930,11488,0.04035087719298236
2024-08-14,5940,6150,5940,6020,9154,0.015177065767284947
2024-08-16,6020,6130,5960,6040,6885,0.0033222591362125353
2024-08-19,6040,6040,5910,5950,4593,-0.01490066225165565
2024-08-20,5880,6020,5810,5960,6691,0.001680672268907557
2024-08-21,5970,6010,5890,5980,6933,0.003355704697986628
2024-08-22,6000,6000,5890,5970,4150,-0.0016722408026755842
2024-08-23,5950,6080,5870,5950,4168,-0.00335008375209378
2024-08-26,5950,6000,5840,5920,5440,-0.005042016806722671
2024-08-27,5890,6000,5840,6000,7193,0.013513513513513598
2024-08-28,6010,6010,5890,5960,3430,-0.00666666666666671
2024-08-29,5890,5920,5820,5870,8695,-0.015100671140939603
2024-08-30,5850,5900,5820,5890,5564,0.0034071550255536653
2024-09-02,5900,5900,5750,5860,12154,-0.005093378607809895
2024-09-03,5950,6110,5780,5780,19088,-0.013651877133105783
2024-09-04,5780,5780,5570,5670,6254,-0.01903114186851207
2024-09-05,5670,5780,5440,5500,25148,-0.029982363315696703
2024-09-06,5410,5470,5280,5320,17231,-0.032727272727272716
2024-09-09,5210,5280,5210,5260,3169,-0.011278195488721776
2024-09-10,5220,5290,5220,5270,4025,0.0019011406844107182
2024-09-11,5280,5300,5200,5280,7943,0.00189753320683117
2024-09-12,5550,5550,5350,5550,11096,0.051136363636363535
2024-09-13,5550,5550,5400,5460,6342,-0.01621621621621616
2024-09-19,5500,5550,5450,5520,8634,0.01098901098901095
2024-09-20,5500,5600,5500,5550,3864,0.005434782608695565
2024-09-23,5550,5610,5550,5570,1643,0.003603603603603567
2024-09-24,5470,5590,5470,5580,7462,0.0017953321364452268
2024-09-25,5590,5690,5500,5570,5414,-0.0017921146953404632
2024-09-26,5570,5680,5550,5680,5657,0.019748653500897717
2024-09-27,5680,5730,5600,5730,12799,0.008802816901408494
2024-09-30,5730,5740,5560,5700,7363,-0.005235602094240788
2024-10-02,5670,5670,5530,5530,4365,-0.029824561403508754
2024-10-04,5530,5550,5430,5490,4624,-0.007233273056057921
2024-10-07,5490,5590,5400,5580,6315,0.016393442622950838
2024-10-08,5530,5580,5470,5530,5319,-0.008960573476702538
2024-10-10,5560,5560,5460,5500,3534,-0.005424954792043413
2024-10-11,5500,5500,5430,5470,6322,-0.00545454545454549
2024-10-14,5470,5470,5400,5440,8237,-0.005484460694698323
2024-10-15,5440,5440,5330,5400,7339,-0.007352941176470562
2024-10-16,5400,5400,5330,5360,3665,-0.007407407407407418
2024-10-17,5360,5470,5360,5400,4664,0.00746268656716409
2024-10-18,5420,5460,5370,5410,2477,0.0018518518518517713
2024-10-21,5400,5400,5330,5400,5993,-0.001848428835489857
2024-10-22,5400,5400,5250,5300,11895,-0.01851851851851849
2024-10-23,5300,5450,5270,5340,5016,0.007547169811320753
2024-10-24,5400,5400,5310,5310,4957,-0.005617977528089901
2024-10-25,5300,5360,5250,5350,4409,0.007532956685499137
2024-10-28,5230,5400,5220,5270,16761,-0.01495327102803734
2024-10-29,5290,5490,5280,5340,17268,0.013282732447817747
2024-10-30,5280,5280,5200,5240,13318,-0.01872659176029967
2024-10-31,5230,5250,5160,5200,4885,-0.007633587786259555
2024-11-01,5240,5240,5170,5200,968,0.0
2024-11-04,5200,5320,5190,5300,5398,0.019230769230769162
2024-11-05,5350,5490,5330,5460,4178,0.030188679245283012
2024-11-06,5460,5490,5220,5220,6707,-0.04395604395604391
2024-11-07,5220,5220,5010,5080,12156,-0.026819923371647514
2024-11-08,5010,5170,5010,5090,2219,0.0019685039370078705
2024-11-11,5090,5120,4815,4820,24800,-0.05304518664047153
2024-11-12,4890,4890,4490,4520,38955,-0.06224066390041494
2024-11-13,4490,4505,4410,4410,10806,-0.02433628318584069
2024-11-14,4390,4435,4350,4390,7041,-0.0045351473922902175
2024-11-15,4350,4730,4235,4550,32525,0.036446469248291535
2024-11-18,4580,4780,4580,4600,14419,0.01098901098901095
2024-11-19,4600,4800,4600,4710,23025,0.023913043478260843
2024-11-20,4730,4730,4520,4595,12514,-0.02441613588110403
2024-11-21,4640,4640,4445,4550,8526,-0.009793253536452662
2024-11-22,4550,4565,4465,4475,8072,-0.016483516483516536
2024-11-25,4510,4920,4480,4730,88392,0.056983240223463794
2024-11-26,4720,4975,4640,4905,24633,0.03699788583509522
2024-11-27,4905,4985,4800,4920,17278,0.003058103975535076
2024-11-28,4945,5380,4935,5260,42762,0.06910569105691056
2024-11-29,5190,5390,5110,5290,14544,0.005703422053231932
2024-12-02,5280,5290,4980,5180,15174,-0.020793950850661602
2024-12-03,5120,5210,5010,5140,6746,-0.007722007722007707
2024-12-04,4930,5080,4905,5000,20956,-0.027237354085603127
2024-12-05,4910,4980,4900,4900,5011,-0.020000000000000018
2024-12-06,4900,5100,4650,4990,7881,0.01836734693877551
2024-12-09,4790,4960,4680,4690,22317,-0.06012024048096187
2024-12-10,4685,4900,4615,4815,13126,0.026652452025586415
2024-12-11,4835,4900,4760,4760,13962,-0.011422637590861928
2024-12-12,4805,5040,4770,5000,8266,0.050420168067226934
2024-12-13,5030,5130,4905,4950,3254,-0.010000000000000009
2024-12-16,5040,5220,5020,5120,5372,0.03434343434343434
2024-12-17,5140,5200,5050,5090,3334,-0.005859375
2024-12-18,5060,5140,4830,5030,17600,-0.011787819253438081
2024-12-19,5030,5060,4945,5000,5136,-0.005964214711729587
2024-12-20,5000,5130,4975,4995,6738,-0.0010000000000000009
2024-12-23,4985,5190,4955,4955,8794,-0.00800800800800805
2024-12-24,5000,5040,4930,4950,4994,-0.0010090817356205317
2024-12-26,4950,4950,4800,4800,7569,-0.030303030303030276
2024-12-27,4795,4815,4650,4795,9067,-0.0010416666666667185
2024-12-30,4770,4825,4750,4800,2740,0.0010427528675704956
2025-01-02,4680,4880,4680,4800,9143,0.0
2025-01-03,4820,5030,4800,4970,25842,0.03541666666666665
2025-01-06,4980,5100,4970,5100,9402,0.026156941649899457
2025-01-07,5110,5170,5050,5090,5452,-0.0019607843137254832
2025-01-08,5090,5180,5010,5050,7858,-0.007858546168958758
2025-01-09,5000,5040,4980,5040,2657,-0.001980198019801982
2025-01-10,5050,5060,4980,4985,12496,-0.010912698412698374
2025-01-13,4985,5010,4945,4950,5764,-0.007021063189568744
2025-01-14,4810,4945,4810,4945,27092,-0.0010101010101010166
2025-01-15,4945,4950,4900,4940,10357,-0.0010111223458038054
2025-01-16,4940,5100,4940,5000,4828,0.012145748987854255
2025-01-17,4970,5010,4950,4990,4414,-0.0020000000000000018
2025-01-20,4990,5300,4980,5120,34881,0.02605210420841675
2025-01-21,5110,5160,5020,5080,4898,-0.0078125
2025-01-22,5080,5280,5020,5030,11436,-0.009842519685039353
2025-01-23,5030,5100,5000,5050,2281,0.003976143141153132
2025-01-24,5050,5050,4840,5030,7085,-0.003960396039603964
2025-01-31,5010,5010,4905,4970,7744,-0.011928429423459286
2025-02-03,4890,4925,4755,4790,14733,-0.03621730382293764
2025-02-04,4800,4910,4735,4795,24327,0.0010438413361169019
2025-02-05,4800,4860,4725,4795,11877,0.0
2025-02-06,4800,4870,4770,4845,8183,0.010427528675703845
2025-02-07,4820,4855,4760,4765,4116,-0.016511867905056765
2025-02-10,4770,4770,4685,4725,9056,-0.008394543546694666
2025-02-11,4770,4770,4695,4720,5956,-0.0010582010582010914
2025-02-12,4725,4725,4695,4700,3262,-0.004237288135593209
2025-02-13,4700,4720,4685,4705,9328,0.0010638297872340718
2025-02-14,4715,4715,4585,4605,45633,-0.02125398512221044
2025-02-17,4665,4880,4615,4735,23642,0.028230184581976125
2025-02-18,4725,4760,4680,4715,8685,-0.004223864836325197
2025-02-19,4730,4850,4725,4805,20130,0.019088016967126142
2025-02-20,4860,4860,4800,4820,4447,0.003121748178980255
2025-02-21,4850,4890,4790,4820,8525,0.0
2025-02-24,4800,4850,4775,4815,8840,-0.0010373443983402453
2025-02-25,4815,4815,4735,4765,3568,-0.010384215991692591
2025-02-26,4765,4850,4755,4770,33558,0.0010493179433368471
2025-02-27,4800,4880,4785,4825,10336,0.011530398322851187
2025-02-28,4800,4830,4705,4705,9493,-0.024870466321243567
2025-03-04,4755,4755,4635,4650,3045,-0.011689691817215686
2025-03-05,4600,4730,4600,4690,9078,0.008602150537634357
2025-03-06,4705,4715,4650,4690,8544,0.0
2025-03-07,4690,4700,4625,4625,6198,-0.013859275053304865
2025-03-10,4665,4675,4600,4640,5190,0.00324324324324321
2025-03-11,4600,4635,4560,4600,5978,-0.008620689655172376
2025-03-12,4555,4645,4555,4600,4830,0.0
2025-03-13,4600,4765,4580,4605,4255,0.0010869565217390686
2025-03-14,4590,4630,4585,4610,1563,0.0010857763300760048
2025-03-17,4630,4680,4565,4635,9811,0.005422993492407713
2025-03-18,4640,4680,4610,4640,5397,0.0010787486515642097
2025-03-19,4640,4665,4550,4555,12621,-0.018318965517241326
2025-03-20,4560,4565,4530,4560,3496,0.001097694840834329
2025-03-21,4560,4580,4505,4550,5130,-0.002192982456140302
2025-03-24,4555,4555,4330,4495,3409,-0.012087912087912045
2025-03-25,4485,4505,4395,4420,13005,-0.016685205784204626
2025-03-26,4450,4450,4330,4415,9366,-0.0011312217194570096
2025-03-27,4395,4440,4345,4380,4621,-0.007927519818799578
2025-03-28,4400,4405,4300,4380,8155,0.0
2025-03-31,4380,4380,4220,4370,6551,-0.0022831050228310223
2025-04-01,4365,4365,4195,4330,18054,-0.009153318077803174
2025-04-02,4330,4340,4210,4210,7403,-0.02771362586605086
2025-04-03,4255,4260,4100,4200,14873,-0.002375296912114022
