Date,Open,High,Low,Close,Volume,Change
2022-01-03,12900,12950,12350,12400,553674,0.016393442622950838
2022-01-04,12600,12650,12200,12250,220311,-0.012096774193548376
2022-01-05,12200,12250,11900,12000,289459,-0.020408163265306145
2022-01-06,11800,11900,11500,11500,272415,-0.04166666666666663
2022-01-07,11600,11750,11400,11650,178995,0.01304347826086949
2022-01-10,11750,12500,11700,12100,902833,0.03862660944205998
2022-01-11,12200,12250,11650,11700,264540,-0.03305785123966942
2022-01-12,11950,12000,11650,11750,257268,0.004273504273504258
2022-01-13,11700,11800,11600,11700,146771,-0.004255319148936176
2022-01-14,11600,11650,11450,11450,158794,-0.021367521367521403
2022-01-17,11450,11600,11100,11150,227116,-0.026200873362445365
2022-01-18,11200,11200,10650,10700,335732,-0.04035874439461884
2022-01-19,10500,10900,10450,10500,259938,-0.01869158878504673
2022-01-20,10500,10750,10450,10650,112852,0.014285714285714235
2022-01-21,10550,10900,10550,10650,139571,0.0
2022-01-24,10500,10550,9500,10000,467026,-0.06103286384976525
2022-01-25,9920,10150,9530,9660,388836,-0.03400000000000003
2022-01-26,9660,10600,9660,9870,1015853,0.021739130434782705
2022-01-27,9900,10150,9580,9950,423666,0.008105369807497542
2022-01-28,9950,10150,9660,10000,314304,0.005025125628140614
2022-02-03,10250,11050,10100,11000,515893,0.10000000000000009
2022-02-04,10900,11450,10650,11200,642082,0.018181818181818077
2022-02-07,11550,11700,11150,11150,425429,-0.004464285714285698
2022-02-08,11250,11400,11050,11200,227215,0.004484304932735439
2022-02-09,11400,11450,11150,11350,239317,0.013392857142857206
2022-02-10,11400,11450,10850,10900,251852,-0.03964757709251099
2022-02-11,10800,11000,10650,10950,294365,0.004587155963302836
2022-02-14,10550,10650,10050,10100,423998,-0.07762557077625576
2022-02-15,10000,10200,9850,9850,228454,-0.024752475247524774
2022-02-16,10150,11000,10100,11000,612073,0.11675126903553301
2022-02-17,10950,11350,10500,10850,489486,-0.013636363636363669
2022-02-18,10600,11900,10550,11750,1166662,0.08294930875576045
2022-02-21,11500,12000,11400,11950,616124,0.017021276595744705
2022-02-22,11600,12100,11500,11500,487457,-0.03765690376569042
2022-02-23,11750,11950,11600,11750,320021,0.021739130434782705
2022-02-24,11600,12000,11300,11550,524224,-0.017021276595744705
2022-02-25,11850,12150,11550,11600,841776,0.0043290043290042934
2022-02-28,13000,13300,12300,12450,3590717,0.07327586206896552
2022-03-02,12700,13300,12550,12750,1360163,0.024096385542168752
2022-03-03,13250,13650,12750,13050,1780396,0.0235294117647058
2022-03-04,13300,13350,12550,13000,1146647,-0.003831417624521105
2022-03-07,13000,13200,12450,12500,666728,-0.038461538461538436
2022-03-08,12200,12950,12100,12750,822963,0.020000000000000018
2022-03-10,13500,13750,12650,12750,1487800,0.0
2022-03-11,12800,15400,12800,14850,7162167,0.16470588235294126
2022-03-14,14850,15050,14300,14750,2185932,-0.006734006734006703
2022-03-15,14650,16050,14450,15250,4640089,0.03389830508474567
2022-03-16,15250,15550,14900,15350,1242236,0.006557377049180246
2022-03-17,15100,15250,14050,14950,1386751,-0.026058631921824116
2022-03-18,14700,15250,14500,15100,1322728,0.010033444816053505
2022-03-21,15250,15350,14350,14400,1174589,-0.04635761589403975
2022-03-22,14850,14950,14400,14400,679043,0.0
2022-03-23,14400,15300,13950,14650,2605722,0.01736111111111116
2022-03-24,14650,17800,14400,16550,18631397,0.12969283276450505
2022-03-25,16350,16850,16150,16600,3063045,0.0030211480362538623
2022-03-28,16450,16500,16400,16500,641393,-0.0060240963855421326
2022-03-29,16700,16700,16050,16050,466758,-0.027272727272727226
2022-03-30,16100,16200,15500,15600,509062,-0.028037383177570097
2022-03-31,15450,15750,15100,15250,1129496,-0.022435897435897467
2022-04-01,15700,15900,14550,14550,2053837,-0.04590163934426228
2022-04-04,14550,15300,14550,14850,1071784,0.020618556701030855
2022-04-05,15000,15000,14400,14550,567450,-0.02020202020202022
2022-04-06,14450,15100,14450,14600,533662,0.0034364261168384758
2022-04-07,14500,14800,13700,14300,1033156,-0.020547945205479423
2022-04-08,14700,14750,13800,13900,695104,-0.027972027972028024
2022-04-11,13750,13800,13200,13300,517031,-0.043165467625899234
2022-04-12,13150,13800,13100,13350,616084,0.003759398496240518
2022-04-13,13350,13650,13300,13600,274912,0.01872659176029967
2022-04-14,13800,13800,13400,13500,214585,-0.007352941176470562
2022-04-15,13350,13450,13050,13150,334570,-0.025925925925925908
2022-04-18,13200,13650,13100,13300,282751,0.011406844106463865
2022-04-19,13350,13400,12950,13100,266707,-0.015037593984962405
2022-04-20,13200,13300,12900,13050,247559,-0.003816793893129722
2022-04-21,13500,14350,13500,13950,2237606,0.06896551724137923
2022-04-22,13800,13800,13350,13500,370897,-0.032258064516129004
2022-04-25,13100,13800,13050,13250,427634,-0.01851851851851849
2022-04-26,13450,13550,13150,13200,249934,-0.0037735849056603765
2022-04-27,12800,13300,12400,13100,354896,-0.007575757575757569
2022-04-28,13150,13200,12750,12900,268298,-0.01526717557251911
2022-04-29,13150,13500,13000,13000,343571,0.007751937984496138
2022-05-02,12750,13200,12750,13200,187127,0.01538461538461533
2022-05-03,13500,14300,13300,13500,1010421,0.022727272727272707
2022-05-04,13950,14850,13500,13950,1983904,0.03333333333333344
2022-05-06,13700,14350,13650,14100,664275,0.010752688172043001
2022-05-09,14000,14350,13700,13750,759326,-0.024822695035460973
2022-05-10,13450,13900,13100,13400,550782,-0.025454545454545507
2022-05-11,13500,13600,13000,13000,305623,-0.02985074626865669
2022-05-12,13200,13350,12050,12150,490989,-0.06538461538461537
2022-05-13,12100,13100,12000,12550,500044,0.03292181069958855
2022-05-16,12800,12950,12500,12700,350589,0.01195219123505975
2022-05-17,13100,14400,13050,13400,2491397,0.055118110236220375
2022-05-18,13450,13500,13150,13400,389371,0.0
2022-05-19,13050,13450,13000,13100,439920,-0.02238805970149249
2022-05-20,13650,13800,13350,13400,874357,0.022900763358778553
2022-05-23,13600,13750,12900,13000,526330,-0.02985074626865669
2022-05-24,13000,13250,12500,12600,296540,-0.03076923076923077
2022-05-25,12700,12900,12450,12550,158704,-0.003968253968253954
2022-05-26,12600,12800,12400,12500,146038,-0.003984063745019917
2022-05-27,12600,12750,12400,12600,175605,0.008000000000000007
2022-05-30,12750,12750,12550,12550,155755,-0.003968253968253954
2022-05-31,12600,12850,12600,12700,184079,0.01195219123505975
2022-06-02,12900,12950,12600,12600,209512,-0.007874015748031482
2022-06-03,12600,12700,12500,12500,161222,-0.007936507936507908
2022-06-07,12500,12550,12050,12250,192526,-0.020000000000000018
2022-06-08,12400,12550,12200,12300,178327,0.004081632653061273
2022-06-09,12250,12350,11900,11900,225008,-0.03252032520325199
2022-06-10,11700,11800,11200,11250,392958,-0.054621848739495826
2022-06-13,10900,11150,10700,10700,343353,-0.04888888888888887
2022-06-14,10450,10950,10300,10700,406027,0.0
2022-06-15,10550,10800,10050,10150,421149,-0.051401869158878455
2022-06-16,10350,12050,10300,10700,2401411,0.054187192118226646
2022-06-17,10250,11000,10150,10900,556577,0.01869158878504673
2022-06-20,11200,11250,10200,10250,424999,-0.059633027522935755
2022-06-21,10250,10450,9700,10000,557928,-0.024390243902439046
2022-06-22,10150,10400,9730,9820,402616,-0.018000000000000016
2022-06-23,10300,10700,9590,9650,907517,-0.01731160896130346
2022-06-24,9580,10100,9410,10050,427227,0.041450777202072464
2022-06-27,10200,10950,10050,10800,646973,0.07462686567164178
2022-06-28,10800,11600,10700,11300,769317,0.04629629629629628
2022-06-29,11100,11900,11100,11850,618728,0.04867256637168138
2022-06-30,12050,12100,11050,11100,512823,-0.06329113924050633
2022-07-01,10950,11300,10700,10900,280435,-0.018018018018018056
2022-07-04,10950,11000,10000,10200,377698,-0.06422018348623848
2022-07-05,10150,10450,9980,10400,288793,0.019607843137254832
2022-07-06,10550,11050,10150,10150,405666,-0.024038461538461564
2022-07-07,10600,11000,10350,10900,493605,0.07389162561576357
2022-07-08,11100,11150,10700,10800,194602,-0.00917431192660545
2022-07-11,10850,10850,10500,10600,197177,-0.01851851851851849
2022-07-12,10500,10600,10050,10400,224780,-0.018867924528301883
2022-07-13,10250,10350,10050,10250,139230,-0.014423076923076872
2022-07-14,10200,10500,10100,10250,154435,0.0
2022-07-15,10250,10300,9960,10000,208228,-0.024390243902439046
2022-07-18,10150,10350,10050,10250,134618,0.02499999999999991
2022-07-19,10250,10600,10200,10300,196074,0.004878048780487809
2022-07-20,10450,10550,10300,10450,189986,0.014563106796116498
2022-07-21,10500,10600,10300,10350,121204,-0.009569377990430672
2022-07-22,10300,10400,10200,10250,122662,-0.009661835748792313
2022-07-25,10100,10300,10100,10200,106870,-0.004878048780487809
2022-07-26,10350,10550,10300,10400,185266,0.019607843137254832
2022-07-27,10350,10600,10250,10550,147417,0.014423076923076872
2022-07-28,10650,10650,10350,10600,185949,0.004739336492890933
2022-07-29,10550,10750,10450,10650,260743,0.004716981132075526
2022-08-01,10700,10850,10600,10750,160751,0.009389671361502261
2022-08-02,10750,10900,10350,10450,219465,-0.027906976744186074
2022-08-03,10400,10500,10250,10400,129572,-0.004784688995215336
2022-08-04,10450,10550,10350,10500,93838,0.009615384615384581
2022-08-05,10450,10650,10400,10600,163176,0.00952380952380949
2022-08-08,10550,10750,10500,10750,177770,0.014150943396226356
2022-08-09,10700,10850,10650,10850,185755,0.009302325581395321
2022-08-10,10800,11200,10750,10900,454896,0.004608294930875667
2022-08-11,11100,11300,10850,11050,341749,0.013761467889908285
2022-08-12,11100,11450,10950,11350,389918,0.02714932126696823
2022-08-16,11650,11650,11300,11600,466460,0.022026431718061623
2022-08-17,11500,11800,11350,11400,307576,-0.017241379310344862
2022-08-18,11400,11800,11250,11800,286859,0.03508771929824572
2022-08-19,11800,11800,11300,11350,319120,-0.03813559322033899
2022-08-22,11150,11450,11100,11250,164125,-0.008810572687224627
2022-08-23,11200,11650,11050,11450,283789,0.01777777777777767
2022-08-24,11450,11550,11100,11300,229479,-0.013100436681222738
2022-08-25,11400,12350,11400,12250,1184492,0.08407079646017701
2022-08-26,12500,12500,11600,11700,1080499,-0.04489795918367345
2022-08-29,11200,11700,11200,11450,285888,-0.021367521367521403
2022-08-30,11550,12150,11550,11650,593800,0.017467248908296984
2022-08-31,11500,11750,11450,11650,233362,0.0
2022-09-01,11550,11550,10900,10950,276199,-0.06008583690987124
2022-09-02,11100,11150,10600,10600,206865,-0.03196347031963476
2022-09-05,10550,10750,10400,10550,145614,-0.004716981132075526
2022-09-06,10450,10750,10450,10550,103521,0.0
2022-09-07,10500,10550,10100,10200,205806,-0.033175355450236976
2022-09-08,10300,10350,10000,10000,193138,-0.019607843137254943
2022-09-13,10200,10400,10200,10300,124526,0.030000000000000027
2022-09-14,10000,10250,9990,10150,182976,-0.014563106796116498
2022-09-15,10250,10300,10100,10150,147422,0.0
2022-09-16,10050,10150,9960,9990,148159,-0.015763546798029604
2022-09-19,9990,10150,9730,9740,183365,-0.025025025025025016
2022-09-20,9740,9970,9740,9940,113020,0.02053388090349073
2022-09-21,9950,10150,9880,9930,158026,-0.001006036217303774
2022-09-22,9870,9900,9620,9900,126945,-0.0030211480362537513
2022-09-23,9840,9860,9500,9500,146001,-0.04040404040404044
2022-09-26,9300,9400,8490,8530,315668,-0.1021052631578947
2022-09-27,8440,8690,8240,8560,251253,0.003516998827667095
2022-09-28,8390,8570,7920,8050,264263,-0.05957943925233644
2022-09-29,8130,8550,8070,8170,234782,0.014906832298136719
2022-09-30,7980,8320,7910,8200,190399,0.003671970624234966
2022-10-04,8360,8510,8310,8460,93470,0.03170731707317076
2022-10-05,8620,8620,8120,8200,128509,-0.030732860520094607
2022-10-06,8220,10200,8190,9500,4176907,0.15853658536585358
2022-10-07,9240,9480,9020,9140,655532,-0.037894736842105314
2022-10-11,8810,8850,8220,8280,419884,-0.0940919037199125
2022-10-12,8180,8370,8050,8250,213439,-0.0036231884057971175
2022-10-13,8220,8220,7720,7720,215943,-0.06424242424242421
2022-10-14,7860,7990,7800,7910,215074,0.024611398963730657
2022-10-17,7720,7850,7560,7830,142245,-0.010113780025284402
2022-10-18,8010,8040,7800,7890,122206,0.00766283524904221
2022-10-19,7970,8050,7770,7780,192034,-0.013941698352344711
2022-10-20,8060,8420,7980,8110,837327,0.0424164524421593
2022-10-21,8160,8210,7860,8000,220367,-0.013563501849568449
2022-10-24,8100,8180,7930,8060,124167,0.007500000000000062
2022-10-25,7900,7940,7710,7780,196041,-0.0347394540942928
2022-10-26,7830,9250,7740,7970,2387187,0.024421593830334265
2022-10-27,8000,8270,7970,8140,362593,0.02132998745294845
2022-10-28,8140,8300,8000,8020,221875,-0.014742014742014753
2022-10-31,8050,8110,7800,8010,221099,-0.0012468827930174342
2022-11-01,8750,10400,8320,10250,8756270,0.27965043695380776
2022-11-02,9640,9700,8950,9030,2115101,-0.11902439024390243
2022-11-03,8860,10400,8800,9580,4936710,0.060908084163898035
2022-11-04,9660,9880,9440,9540,993681,-0.0041753653444676075
2022-11-07,9550,9750,9350,9550,671298,0.0010482180293500676
2022-11-08,9580,9910,9470,9900,791388,0.03664921465968596
2022-11-09,9990,10200,9710,9920,1119223,0.002020202020202033
2022-11-10,10000,10300,9800,9800,874819,-0.012096774193548376
2022-11-11,10200,10250,9970,10050,544989,0.025510204081632626
2022-11-14,10000,10200,9820,9910,455591,-0.013930348258706426
2022-11-15,10000,10100,9840,9940,295566,0.003027245206861817
2022-11-16,9950,10350,9830,10150,1104916,0.021126760563380254
2022-11-17,10000,10050,9700,9760,367272,-0.03842364532019704
2022-11-18,9740,9840,9440,9450,242626,-0.03176229508196726
2022-11-21,9550,9550,9190,9300,167931,-0.015873015873015928
2022-11-22,9190,9680,9190,9390,258765,0.00967741935483879
2022-11-23,9480,9750,9300,9480,194725,0.009584664536741228
2022-11-24,9450,9700,9450,9570,120708,0.009493670886076
2022-11-25,9600,9700,9550,9550,100798,-0.002089864158829724
2022-11-28,9510,9510,9220,9320,130113,-0.02408376963350789
2022-11-29,9170,9350,9170,9320,67295,0.0
2022-11-30,9340,9410,9280,9340,51618,0.0021459227467810482
2022-12-01,9470,9510,9310,9400,106016,0.0064239828693790635
2022-12-02,9430,9430,9160,9260,111121,-0.014893617021276562
2022-12-05,9240,9300,9100,9140,87914,-0.01295896328293733
2022-12-06,9100,9110,8900,8920,125060,-0.024070021881838044
2022-12-07,8920,8990,8810,8900,67664,-0.0022421524663677195
2022-12-08,8850,8930,8600,8840,101984,-0.006741573033707815
2022-12-09,8860,8970,8760,8970,99408,0.014705882352941124
2022-12-12,8890,9070,8880,9000,58696,0.0033444816053511683
2022-12-13,9100,9300,8930,8940,180550,-0.00666666666666671
2022-12-14,9000,9180,8900,9180,113953,0.02684563758389258
2022-12-15,9360,9500,9250,9270,405769,0.009803921568627416
2022-12-16,9300,9860,9080,9610,864494,0.03667745415318224
2022-12-19,9530,9540,9290,9320,162218,-0.030176899063475537
2022-12-20,9280,9450,9060,9130,213912,-0.020386266094420624
2022-12-21,9130,9190,8990,9100,98005,-0.003285870755750264
2022-12-22,9100,9190,9050,9160,121408,0.00659340659340657
2022-12-23,8960,9100,8820,8910,112485,-0.02729257641921401
2022-12-26,8950,8950,8710,8840,98474,-0.007856341189674487
2022-12-27,8780,8900,8780,8800,117020,-0.004524886877828038
2022-12-28,8790,9090,8740,8780,153368,-0.002272727272727315
2022-12-29,8780,8880,8450,8510,107009,-0.03075170842824604
2023-01-02,8600,8600,8010,8010,146353,-0.05875440658049358
2023-01-03,7920,8050,7510,8010,121213,0.0
2023-01-04,7800,8280,7800,8210,93708,0.024968789013732895
2023-01-05,8280,8290,8100,8230,50871,0.0024360535931791105
2023-01-06,8140,8900,8110,8400,134604,0.020656136087484844
2023-01-09,8420,8570,8360,8530,104075,0.015476190476190421
2023-01-10,8780,8840,8590,8660,165606,0.015240328253223856
2023-01-11,8800,8930,8760,8930,155506,0.03117782909930722
2023-01-12,8990,9140,8900,9000,154161,0.007838745800671898
2023-01-13,9100,9170,8980,9140,147755,0.015555555555555545
2023-01-16,9320,9340,8900,8910,286058,-0.02516411378555794
2023-01-17,8960,8990,8770,8790,84640,-0.013468013468013518
2023-01-18,8740,8800,8670,8690,76907,-0.011376564277588153
2023-01-19,8730,8900,8700,8790,101812,0.011507479861910141
2023-01-20,8740,8820,8740,8810,60735,0.0022753128555177415
2023-01-25,8850,8920,8790,8800,98023,-0.0011350737797957144
2023-01-26,8780,8860,8780,8860,73957,0.006818181818181834
2023-01-27,8910,9050,8830,8860,110197,0.0
2023-01-30,8890,8950,8760,8770,90808,-0.010158013544018019
2023-01-31,8830,8830,8670,8730,58842,-0.004561003420752607
2023-02-01,8880,8880,8670,8670,74650,-0.0068728522336769515
2023-02-02,8690,8770,8650,8670,74989,0.0
2023-02-03,8660,8690,8630,8640,63199,-0.0034602076124568004
2023-02-06,8570,8630,8460,8470,83146,-0.01967592592592593
2023-02-07,8410,8500,8400,8460,85880,-0.0011806375442738881
2023-02-08,8460,8570,8450,8480,64625,0.0023640661938533203
2023-02-09,8480,8580,8470,8490,43117,0.001179245283018826
2023-02-10,8460,8490,8230,8260,114338,-0.027090694935217874
2023-02-13,8260,8340,8220,8280,70963,0.002421307506053294
2023-02-14,8220,8350,8220,8280,62162,0.0
2023-02-15,8240,8250,7940,7990,168899,-0.035024154589372025
2023-02-16,7990,8090,7990,8040,85127,0.006257822277847325
2023-02-17,7930,8120,7890,7980,104110,-0.007462686567164201
2023-02-20,7980,8180,7930,8180,75685,0.02506265664160412
2023-02-21,8180,8290,8100,8230,54682,0.006112469437652868
2023-02-22,8170,8180,7940,8070,82111,-0.019441069258809285
2023-02-23,8050,8100,7970,8100,74120,0.0037174721189590088
2023-02-24,8090,8150,7980,8020,55507,-0.00987654320987652
2023-02-27,7980,8000,7850,7890,65731,-0.016209476309226978
2023-02-28,7860,7960,7830,7870,61005,-0.0025348542458808465
2023-03-02,7820,7950,7820,7840,63900,-0.003811944091486663
2023-03-03,7900,7900,7780,7860,67247,0.0025510204081633514
2023-03-06,7860,7980,7820,7970,64777,0.013994910941475869
2023-03-07,8100,8100,7980,8030,64225,0.007528230865746499
2023-03-08,7950,8380,7950,8350,392824,0.03985056039850554
2023-03-09,8460,8950,8350,8490,859104,0.016766467065868262
2023-03-10,8310,8750,8150,8180,229146,-0.036513545347467646
2023-03-13,8190,8250,7970,8060,131598,-0.014669926650366705
2023-03-14,7970,8100,7680,7680,164704,-0.04714640198511166
2023-03-15,7800,8070,7800,7920,92783,0.03125
2023-03-16,7890,8070,7720,7930,70305,0.0012626262626262985
2023-03-17,8020,8110,7870,8050,86113,0.015132408575031508
2023-03-20,8050,8200,8000,8150,63354,0.012422360248447228
2023-03-21,8120,8170,7950,8030,76612,-0.014723926380368124
2023-03-22,8080,8080,7830,7880,97611,-0.018679950186799466
2023-03-23,7810,7880,7730,7800,114918,-0.010152284263959421
2023-03-24,7810,7940,7790,7800,76648,0.0
2023-03-27,7750,7800,7600,7680,92173,-0.01538461538461533
2023-03-28,7640,7750,7610,7710,61162,0.00390625
2023-03-29,7710,7980,7640,7940,108557,0.0298313878080414
2023-03-30,7860,8030,7780,7860,120694,-0.010075566750629705
2023-03-31,7880,8220,7810,8140,384056,0.03562340966921118
2023-04-03,8250,8250,7980,7990,173841,-0.01842751842751844
2023-04-04,7990,8190,7940,8170,171746,0.02252816020025028
2023-04-05,8070,8150,7910,7950,130318,-0.02692778457772338
2023-04-06,7900,8080,7820,7880,165274,-0.008805031446540879
2023-04-07,7880,7950,7780,7780,130923,-0.012690355329949221
2023-04-10,7780,7780,7620,7640,137300,-0.01799485861182515
2023-04-11,7610,7830,7610,7790,113738,0.01963350785340312
2023-04-12,7820,8110,7760,7960,217077,0.021822849807445532
2023-04-13,7970,8050,7880,8000,81864,0.005025125628140614
2023-04-14,8070,8200,8000,8110,200297,0.013749999999999929
2023-04-17,8230,9330,8160,9200,2636590,0.13440197287299638
2023-04-18,9190,9200,8750,8770,575014,-0.046739130434782616
2023-04-19,8770,8940,8720,8770,241103,0.0
2023-04-20,8890,9200,8600,8920,598420,0.01710376282782211
2023-04-21,8950,9060,8650,8970,342729,0.005605381165919354
2023-04-24,8980,9050,8650,8720,207380,-0.027870680044593144
2023-04-25,8890,9080,8510,8750,359567,0.0034403669724769603
2023-04-26,8720,8720,8200,8250,212116,-0.05714285714285716
2023-04-27,8170,8170,7890,7940,211273,-0.037575757575757596
2023-04-28,7940,8030,7820,7870,160904,-0.008816120906801062
2023-05-02,7850,7950,7770,7880,87283,0.0012706480304955914
2023-05-03,7800,7920,7770,7790,65479,-0.011421319796954266
2023-05-04,7860,8020,7780,7830,80998,0.005134788189987249
2023-05-08,7890,7900,7780,7820,52753,-0.0012771392081737387
2023-05-09,7800,7860,7720,7780,72375,-0.005115089514066473
2023-05-10,7750,7920,7750,7790,81023,0.0012853470437017567
2023-05-11,7820,7940,7790,7870,61106,0.010269576379974277
2023-05-12,7870,7920,7790,7890,60837,0.0025412960609911828
2023-05-15,7980,7990,7820,7870,51476,-0.0025348542458808465
2023-05-16,7890,8000,7890,7910,88239,0.0050825921219821435
2023-05-17,7920,7960,7860,7890,53866,-0.0025284450063211006
2023-05-18,7940,7940,7820,7870,67780,-0.0025348542458808465
2023-05-19,7920,7970,7880,7950,48946,0.010165184243964509
2023-05-22,7980,8070,7930,8040,70377,0.01132075471698113
2023-05-23,8080,8080,7980,7980,41494,-0.007462686567164201
2023-05-24,7980,8010,7910,7930,43668,-0.006265664160400974
2023-05-25,7900,7940,7750,7770,136219,-0.020176544766708715
2023-05-26,7770,7770,7700,7700,108022,-0.009009009009009028
2023-05-30,7740,7740,7640,7640,96447,-0.007792207792207795
2023-05-31,7640,7700,7630,7680,28446,0.005235602094240788
2023-06-01,7640,7780,7640,7780,50817,0.01302083333333326
2023-06-02,7780,7820,7720,7770,65762,-0.0012853470437017567
2023-06-05,7770,7890,7770,7890,74512,0.015444015444015413
2023-06-07,7920,7930,7830,7850,58353,-0.005069708491761693
2023-06-08,7850,7910,7730,7730,98131,-0.015286624203821653
2023-06-09,7780,7950,7770,7910,123432,0.023285899094437346
2023-06-12,7910,7920,7750,7780,76845,-0.01643489254108721
2023-06-13,7790,7920,7730,7740,74673,-0.005141388174807249
2023-06-14,7770,7770,7640,7650,90764,-0.011627906976744207
2023-06-15,7660,7710,7620,7640,51224,-0.0013071895424836555
2023-06-16,7640,7770,7600,7760,78783,0.015706806282722585
2023-06-19,7760,7870,7730,7830,96910,0.009020618556700999
2023-06-20,7750,7970,7750,7780,113734,-0.0063856960408684715
2023-06-21,7800,7810,7630,7640,92905,-0.01799485861182515
2023-06-22,7670,7700,7610,7620,68894,-0.002617801047120394
2023-06-23,7670,7680,7580,7610,82551,-0.001312335958005284
2023-06-26,7610,7650,7590,7600,51311,-0.0013140604467805073
2023-06-27,7620,7630,7550,7620,38094,0.002631578947368318
2023-06-28,7650,7700,7560,7570,49112,-0.006561679790026198
2023-06-29,7600,7600,7360,7390,114957,-0.023778071334214057
2023-06-30,7390,7500,7270,7500,66594,0.014884979702300516
2023-07-03,7420,7520,7390,7460,74297,-0.005333333333333301
2023-07-04,7430,7470,7340,7380,59987,-0.01072386058981234
2023-07-05,7380,7380,7250,7260,69988,-0.016260162601625994
2023-07-06,7260,7260,7040,7090,97584,-0.023415977961432466
2023-07-07,7010,7060,6870,6950,108185,-0.019746121297602226
2023-07-10,6920,7120,6830,7020,66226,0.010071942446043147
2023-07-11,7220,9120,7220,9120,5879104,0.2991452991452992
2023-07-12,9370,9510,8930,9280,7688255,0.01754385964912286
2023-07-13,9000,9410,8810,9410,2271584,0.014008620689655249
2023-07-14,8960,9000,8340,8480,1514014,-0.09883103081827838
2023-07-17,8440,8550,8190,8240,572807,-0.028301886792452824
2023-07-18,8280,8490,7960,8000,700343,-0.029126213592232997
2023-07-19,7940,8070,7880,7890,385605,-0.01375000000000004
2023-07-20,7890,7900,7660,7810,259965,-0.010139416983523497
2023-07-21,7720,7840,7670,7730,203340,-0.010243277848911658
2023-07-24,7810,7820,7430,7500,317508,-0.02975420439844756
2023-07-25,7500,7710,7370,7470,261837,-0.0040000000000000036
2023-07-26,7440,7480,6950,7060,487817,-0.05488621151271755
2023-07-27,7060,7260,7050,7220,163504,0.022662889518413554
2023-07-28,7160,7460,7150,7370,159020,0.020775623268697974
2023-07-31,7450,7690,7430,7620,195550,0.03392130257801895
2023-08-01,7620,7730,7530,7710,162696,0.011811023622047223
2023-08-02,7640,9830,7640,9080,12605231,0.17769130998702987
2023-08-03,8550,9940,8220,8580,8320771,-0.05506607929515417
2023-08-04,8080,8380,8020,8150,965573,-0.05011655011655014
2023-08-07,8880,9200,8300,8600,2786003,0.05521472392638027
2023-08-08,8620,8800,8020,8060,972319,-0.06279069767441858
2023-08-09,8020,8310,7990,8270,298962,0.026054590570719682
2023-08-10,8100,8390,8000,8290,365875,0.002418379685610539
2023-08-11,8290,8430,8140,8280,297043,-0.0012062726176115257
2023-08-14,8410,8580,8200,8210,624819,-0.008454106280193274
2023-08-16,8130,9040,7900,8700,2322278,0.05968331303288665
2023-08-17,8370,8420,7890,8020,616842,-0.07816091954022986
2023-08-18,7870,8100,7640,7670,363964,-0.043640897755610975
2023-08-21,7630,7800,7600,7720,188363,0.006518904823989535
2023-08-22,7790,7880,7650,7760,142402,0.005181347150259086
2023-08-23,7830,8300,7810,7950,490796,0.02448453608247414
2023-08-24,8270,8300,8030,8080,359508,0.01635220125786163
2023-08-25,8080,8230,8010,8120,162769,0.004950495049504955
2023-08-28,8430,8770,8320,8510,1098053,0.04802955665024622
2023-08-29,8630,8670,8350,8450,456927,-0.007050528789659172
2023-08-30,8500,8550,8350,8440,192295,-0.0011834319526626835
2023-08-31,8450,8700,8220,8350,387024,-0.010663507109004766
2023-09-01,8600,8830,8140,8150,567986,-0.0239520958083832
2023-09-04,8150,8220,8040,8090,101082,-0.007361963190184007
2023-09-05,8130,8260,8070,8120,102237,0.003708281829418958
2023-09-06,8080,8140,7940,7950,150850,-0.020935960591133007
2023-09-07,7950,8020,7740,7920,209998,-0.0037735849056603765
2023-09-08,7930,8280,7930,8110,197427,0.023989898989899006
2023-09-11,8200,8390,8070,8140,258248,0.0036991368680641123
2023-09-12,8100,8190,8000,8040,173442,-0.012285012285012331
2023-09-13,8010,8240,7960,8150,167253,0.013681592039801016
2023-09-14,8190,8230,8080,8190,117053,0.004907975460122671
2023-09-15,8290,8380,8170,8200,132287,0.0012210012210012167
2023-09-18,8320,8390,8050,8050,209695,-0.018292682926829285
2023-09-19,8690,8800,8230,8250,876975,0.024844720496894457
2023-09-20,8250,8290,8010,8040,257177,-0.025454545454545507
2023-09-21,8040,8310,8000,8030,224654,-0.0012437810945273853
2023-09-22,7910,8080,7840,7850,194073,-0.02241594022415938
2023-09-25,7850,7870,7560,7620,194064,-0.029299363057324834
2023-09-26,7600,7690,7370,7400,149561,-0.02887139107611547
2023-09-27,7250,7580,7250,7580,117601,0.024324324324324298
2023-10-04,7520,7560,7260,7340,112744,-0.0316622691292876
2023-10-05,7350,7410,7210,7210,113137,-0.017711171662125325
2023-10-06,7100,7580,7100,7400,111997,0.026352288488210807
2023-10-10,7500,7500,7180,7230,104205,-0.02297297297297296
2023-10-11,7270,7640,7270,7600,106232,0.051175656984785656
2023-10-12,7540,7620,7440,7530,93955,-0.009210526315789447
2023-10-13,7850,7980,7390,7440,244057,-0.01195219123505975
2023-10-16,7430,7460,7230,7240,84477,-0.026881720430107503
2023-10-17,7260,7440,7260,7370,64165,0.017955801104972302
2023-10-18,7330,7480,7330,7390,44869,0.0027137042062415073
2023-10-19,7340,7340,7080,7120,124713,-0.03653585926928282
2023-10-20,7040,7150,6960,7060,111085,-0.008426966292134797
2023-10-23,6940,7110,6940,6980,91135,-0.011331444759206777
2023-10-24,6990,7190,6930,7180,84607,0.02865329512893977
2023-10-25,7180,7300,7170,7230,65707,0.0069637883008355494
2023-10-26,7110,7550,7040,7240,83295,0.0013831258644536604
2023-10-27,7280,7290,7060,7070,54470,-0.023480662983425438
2023-10-30,7010,7170,7010,7060,40582,-0.0014144271570014633
2023-10-31,7120,7140,6900,6960,107919,-0.014164305949008527
2023-11-01,6990,7150,6810,7130,72811,0.024425287356321768
2023-11-02,7170,7260,7150,7260,73917,0.018232819074333717
2023-11-03,7270,7330,7200,7330,51922,0.009641873278236845
2023-11-06,7400,7450,7330,7410,146544,0.01091405184174632
2023-11-07,7330,7380,7160,7200,156502,-0.028340080971659964
2023-11-08,7300,7410,7240,7280,117827,0.011111111111111072
2023-11-09,7230,7300,7160,7190,70160,-0.012362637362637319
2023-11-10,7170,7180,6940,6980,144622,-0.029207232267037586
2023-11-13,7030,7450,6940,7050,165339,0.01002865329512903
2023-11-14,7120,7210,7050,7170,60716,0.017021276595744705
2023-11-15,7220,7440,7200,7300,144269,0.018131101813110284
2023-11-16,7400,7450,7290,7380,103897,0.010958904109588996
2023-11-17,7380,7390,7230,7300,66039,-0.010840108401083959
2023-11-20,7270,7390,7250,7340,34153,0.005479452054794498
2023-11-21,7320,7380,7270,7340,95765,0.0
2023-11-22,7360,7400,7310,7330,47516,-0.0013623978201634523
2023-11-23,7350,7410,7330,7360,84087,0.004092769440654953
2023-11-24,7400,7530,7320,7350,121629,-0.0013586956521739468
2023-11-27,7310,7440,7290,7320,66288,-0.004081632653061273
2023-11-28,7320,7420,7280,7330,71159,0.001366120218579292
2023-11-29,7390,7390,7260,7260,77675,-0.009549795361528002
2023-11-30,7220,7280,7190,7280,71184,0.0027548209366390353
2023-12-01,7280,7340,7190,7190,77664,-0.012362637362637319
2023-12-04,7280,7390,7220,7320,81099,0.018080667593880495
2023-12-05,7300,7370,7240,7300,162013,-0.002732240437158473
2023-12-06,7520,7550,7340,7430,205342,0.017808219178082174
2023-12-07,7360,7510,7320,7490,105013,0.008075370121130465
2023-12-08,7440,7440,7360,7410,80655,-0.010680907877169576
2023-12-11,7370,7420,7340,7420,72417,0.0013495276653170407
2023-12-12,7480,7550,7410,7440,104467,0.0026954177897573484
2023-12-13,7460,7480,7260,7280,116722,-0.021505376344086002
2023-12-14,7340,7340,7280,7330,68671,0.006868131868131844
2023-12-15,7220,7360,7220,7330,85504,0.0
2023-12-18,7330,7330,7230,7270,94032,-0.008185538881309684
2023-12-19,7260,7300,7230,7300,54487,0.004126547455295837
2023-12-20,7280,7370,7280,7370,82337,0.009589041095890316
2023-12-21,7400,7410,7320,7320,76157,-0.006784260515603768
2023-12-22,7330,7370,7270,7330,61020,0.001366120218579292
2023-12-26,7330,7420,7320,7410,101927,0.01091405184174632
2023-12-27,7300,7390,7230,7280,94261,-0.01754385964912286
2023-12-28,7250,7350,7250,7330,70166,0.006868131868131844
2024-01-02,7330,7360,7280,7350,62448,0.0027285129604366354
2024-01-03,7300,7400,7300,7360,61093,0.0013605442176871652
2024-01-04,7350,7350,7300,7300,55279,-0.008152173913043459
2024-01-05,7350,7430,7270,7310,79313,0.00136986301369868
2024-01-08,7340,7350,7250,7280,59495,-0.004103967168262668
2024-01-09,7300,7360,7280,7360,50288,0.01098901098901095
2024-01-10,7330,7430,7310,7320,102007,-0.005434782608695676
2024-01-11,7340,7460,7330,7460,113609,0.0191256830601092
2024-01-12,7420,7530,7340,7500,167965,0.00536193029490617
2024-01-15,7500,7570,7480,7560,123159,0.008000000000000007
2024-01-16,7560,7700,7480,7540,159047,-0.002645502645502673
2024-01-17,7550,7560,7270,7350,136013,-0.025198938992042397
2024-01-18,7430,7570,7280,7350,197717,0.0
2024-01-19,7400,7520,7370,7520,132159,0.023129251700680253
2024-01-22,7540,7640,7470,7620,239619,0.013297872340425565
2024-01-23,7650,7650,7480,7570,139740,-0.006561679790026198
2024-01-24,7550,7550,7360,7400,115621,-0.022457067371202122
2024-01-25,7400,7510,7320,7510,139522,0.014864864864864824
2024-01-26,7430,7550,7430,7510,78247,0.0
2024-01-29,7510,7650,7430,7570,183569,0.007989347536617952
2024-01-30,7570,7600,7380,7430,121589,-0.018494055482166427
2024-01-31,7430,7440,7330,7370,70219,-0.008075370121130576
2024-02-01,7310,7430,7290,7430,65733,0.008141112618724522
2024-02-02,7430,7540,7400,7520,133878,0.01211305518169592
2024-02-05,7520,7540,7430,7490,60397,-0.003989361702127714
2024-02-06,7510,7510,7370,7480,55881,-0.001335113484646211
2024-02-07,7440,7550,7420,7550,94562,0.009358288770053402
2024-02-08,7510,7650,7510,7570,116145,0.0026490066225166586
2024-02-13,7560,7620,7500,7620,135703,0.006605019815059343
2024-02-14,7540,7690,7520,7690,144841,0.009186351706036655
2024-02-15,7780,7780,7650,7700,160835,0.0013003901170351995
2024-02-16,7770,7770,7580,7710,121376,0.0012987012987013546
2024-02-19,7750,8180,7730,8150,630125,0.05706874189364464
2024-02-20,8180,8190,7950,8100,217064,-0.006134969325153339
2024-02-21,8010,8060,7860,7970,151293,-0.016049382716049387
2024-02-22,7970,8160,7860,7970,225403,0.0
2024-02-23,8050,8120,7850,7920,185981,-0.006273525721455453
2024-02-26,7970,8030,7830,7900,142389,-0.002525252525252486
2024-02-27,7910,7950,7750,7780,139094,-0.015189873417721489
2024-02-28,7750,7840,7750,7770,87668,-0.0012853470437017567
2024-02-29,7760,7800,7630,7700,108586,-0.009009009009009028
2024-03-04,7750,7830,7660,7680,98839,-0.0025974025974025983
2024-03-05,7700,7700,7520,7530,156204,-0.01953125
2024-03-06,7530,7670,7510,7600,93439,0.009296148738379806
2024-03-07,7560,7660,7400,7410,146308,-0.025000000000000022
2024-03-08,7400,7450,7320,7370,99978,-0.005398110661268607
2024-03-11,7430,7740,7350,7710,300199,0.046132971506105847
2024-03-12,7690,7710,7500,7570,104287,-0.01815823605706879
2024-03-13,7610,7840,7600,7710,172581,0.018494055482166427
2024-03-14,7730,8000,7700,7820,426787,0.014267185473411104
2024-03-15,7870,7880,7640,7700,119352,-0.01534526854219953
2024-03-18,7730,7770,7600,7640,100613,-0.007792207792207795
2024-03-19,7690,7840,7480,7530,217250,-0.014397905759162333
2024-03-20,7530,7540,7400,7470,112388,-0.007968127490039834
2024-03-21,7470,7530,7470,7510,52027,0.0053547523427042165
2024-03-22,7530,7530,7430,7500,130584,-0.0013315579227696217
2024-03-25,7500,7500,7420,7450,66449,-0.00666666666666671
2024-03-26,7450,7480,7290,7320,164845,-0.01744966442953022
2024-03-27,7370,7430,7310,7410,82755,0.012295081967213184
2024-03-28,7480,7500,7400,7450,95658,0.005398110661268607
2024-03-29,7450,7470,7310,7330,105181,-0.016107382550335614
2024-04-01,7330,7360,7280,7360,67166,0.004092769440654953
2024-04-02,7360,7370,7250,7260,96507,-0.013586956521739135
2024-04-03,7220,7260,7180,7180,75718,-0.011019283746556474
2024-04-04,7190,7250,7160,7230,88450,0.0069637883008355494
2024-04-05,7210,7390,7120,7280,97960,0.006915629322268302
2024-04-08,7290,7440,7230,7230,86821,-0.006868131868131844
2024-04-09,7220,7320,7150,7180,58171,-0.006915629322268302
2024-04-11,7130,7140,6850,6910,198320,-0.03760445682451252
2024-04-12,6910,7000,6900,6950,55878,0.005788712011577379
2024-04-15,6900,7000,6810,7000,65627,0.007194244604316502
2024-04-16,7000,7020,6800,6810,121687,-0.027142857142857135
2024-04-17,6810,6900,6770,6770,55541,-0.005873715124816492
2024-04-18,6730,7010,6730,6990,65238,0.03249630723781394
2024-04-19,6990,7040,6820,6900,86934,-0.012875536480686733
2024-04-22,6920,7110,6920,7060,79772,0.023188405797101463
2024-04-23,7030,7080,6970,6980,42259,-0.011331444759206777
2024-04-24,6990,7070,6990,7070,43739,0.012893982808023008
2024-04-25,7050,7150,7000,7090,47599,0.0028288543140029265
2024-04-26,7080,8410,7060,7750,6149919,0.09308885754583929
2024-04-29,7570,7910,7560,7750,1008178,0.0
2024-04-30,7800,7850,7660,7660,436686,-0.011612903225806437
2024-05-02,7740,7860,7600,7790,300389,0.016971279373368064
2024-05-03,7790,7790,7600,7650,194609,-0.01797175866495504
2024-05-07,7680,7920,7660,7850,478061,0.02614379084967311
2024-05-08,7910,8130,7800,8070,953504,0.028025477707006363
2024-05-09,8050,8170,7820,7900,406842,-0.02106567534076831
2024-05-10,7920,7970,7770,7850,255015,-0.006329113924050667
2024-05-13,7930,7980,7720,7960,301499,0.014012738853503182
2024-05-14,7970,7990,7800,7910,155713,-0.006281407035175879
2024-05-16,7920,8060,7900,8000,277570,0.011378002528444897
2024-05-17,8160,8390,8000,8000,742753,0.0
2024-05-20,8000,8090,7900,7990,235269,-0.0012499999999999734
2024-05-21,8000,8090,7930,7980,165570,-0.0012515644555695093
2024-05-22,7980,8350,7950,8250,505879,0.03383458646616533
2024-05-23,8440,8580,8190,8310,653431,0.0072727272727273196
2024-05-24,8230,8520,8120,8490,426206,0.02166064981949467
2024-05-27,8800,10930,8640,10330,18979280,0.2167255594817432
2024-05-28,10670,12480,10160,11650,22992754,0.12778315585672795
2024-05-29,11530,11940,11300,11300,3675331,-0.030042918454935674
2024-05-30,11300,11440,10560,10920,2345801,-0.03362831858407078
2024-05-31,10810,11330,10420,10950,3039665,0.0027472527472527375
2024-06-03,11060,11240,10350,10650,1385638,-0.0273972602739726
2024-06-04,10400,10410,9770,9990,1726032,-0.06197183098591552
2024-06-05,9970,10120,9620,9760,1511320,-0.02302302302302306
2024-06-07,9750,10080,9500,9500,840132,-0.026639344262295084
2024-06-10,9620,12350,9550,12350,17498593,0.30000000000000004
2024-06-11,11950,14570,11580,12950,44366041,0.04858299595141702
2024-06-12,12610,12980,12360,12920,1544448,-0.0023166023166023564
2024-06-13,13120,13220,12900,12980,1179273,0.004643962848297267
2024-06-14,13170,13520,13060,13400,1270516,0.03235747303543923
2024-06-17,13540,14160,11820,11900,5367499,-0.11194029850746268
2024-06-18,11900,13570,11610,13270,11413179,0.1151260504201681
2024-06-19,13540,14340,12980,13120,5994705,-0.01130369253956287
2024-06-20,13060,13070,12380,12580,1494294,-0.041158536585365835
2024-06-21,12390,13740,12150,13070,7874340,0.03895071542130357
2024-06-24,13080,13820,12750,12780,2845564,-0.022188217291507217
2024-06-25,12620,13130,12250,12480,1830110,-0.023474178403755874
2024-06-26,12430,13150,12290,12450,1958272,-0.0024038461538461453
2024-06-27,12360,13250,12100,12550,3359748,0.008032128514056325
2024-06-28,12770,13150,12450,12670,1781559,0.009561752988047845
2024-07-01,12680,12750,11510,11540,1476969,-0.0891870560378848
2024-07-02,11350,11540,10950,11060,923403,-0.04159445407279028
2024-07-03,11160,11300,10790,10940,679502,-0.010849909584086825
2024-07-04,10930,11040,10780,10870,494680,-0.006398537477148025
2024-07-05,10880,11100,10700,10790,438255,-0.007359705611775569
2024-07-08,10980,11750,10800,11290,1557235,0.046339202965709037
2024-07-09,11550,14670,11430,14670,17070964,0.2993799822852081
2024-07-10,15890,17100,15090,16400,28590413,0.1179277436946149
2024-07-11,16380,16640,15490,15510,7727686,-0.05426829268292688
2024-07-12,14950,15670,13470,14380,8614829,-0.07285622179239204
2024-07-15,14600,17070,14330,15910,17489794,0.10639777468706546
2024-07-16,15800,15800,14090,14490,6066321,-0.08925204274041487
2024-07-17,14290,16150,14150,15000,11901982,0.035196687370600444
2024-07-18,19500,19500,17200,17740,22450117,0.18266666666666675
2024-07-19,18340,18400,15960,16250,7729250,-0.08399098083427281
2024-07-22,16050,17120,15650,16830,8282004,0.03569230769230769
2024-07-23,16590,16910,15910,15960,3025296,-0.05169340463458105
2024-07-24,15720,16270,15410,16030,2650654,0.004385964912280604
2024-07-25,15550,15980,14710,14730,1733517,-0.08109794135995008
2024-07-26,14780,16470,14780,16070,7438121,0.09097080787508482
2024-07-29,15930,16140,15240,15780,2031312,-0.018046048537647796
2024-07-30,15780,16100,14970,15350,2128091,-0.027249683143219294
2024-07-31,15310,16680,15300,15860,5988909,0.03322475570032579
2024-08-01,16020,16290,15590,15640,1595011,-0.013871374527112179
2024-08-02,15370,15400,14460,14500,1373999,-0.07289002557544755
2024-08-05,13910,14240,11920,12750,1618137,-0.12068965517241381
2024-08-06,12850,14400,12850,14050,1757151,0.10196078431372557
2024-08-07,14120,14660,13930,14300,1013254,0.017793594306049876
2024-08-08,14060,14980,13960,14150,1413068,-0.010489510489510523
2024-08-09,14420,14520,13860,13950,995935,-0.014134275618374548
2024-08-12,14170,14480,14000,14330,961368,0.027240143369175573
2024-08-13,14330,14400,13570,13790,716456,-0.037683182135380355
2024-08-14,13960,14170,13630,13790,590822,0.0
2024-08-16,13960,14140,13790,13860,489717,0.0050761421319796
2024-08-19,13970,13970,13390,13410,502320,-0.03246753246753242
2024-08-20,13530,13690,13200,13480,531819,0.005219985085756829
2024-08-21,13300,13880,13050,13800,675424,0.023738872403560762
2024-08-22,14020,14310,13240,13240,1051730,-0.04057971014492756
2024-08-23,13000,13680,12930,13520,670045,0.02114803625377637
2024-08-26,13700,13700,12500,12620,827110,-0.06656804733727806
2024-08-27,12440,13110,11860,12940,891011,0.02535657686212356
2024-08-28,12770,13290,12650,12790,907990,-0.011591962905718733
2024-08-29,12600,13150,12350,12390,540056,-0.03127443315089917
2024-08-30,12850,13100,12650,13050,752679,0.0532687651331718
2024-09-02,13300,13350,12860,13050,481005,0.0
2024-09-03,13050,13380,12930,13320,465687,0.020689655172413834
2024-09-04,12870,16480,12700,15730,23337218,0.18093093093093082
2024-09-05,14970,15660,14030,14210,6559545,-0.09663064208518757
2024-09-06,14100,15180,13400,14350,9088091,0.009852216748768461
2024-09-09,14020,14800,13930,14640,2736967,0.0202090592334494
2024-09-10,14650,15290,14360,14750,3426254,0.007513661202185773
2024-09-11,14920,14980,14320,14360,1542472,-0.026440677966101722
2024-09-12,14550,15850,14410,15660,7652020,0.09052924791086348
2024-09-13,15600,16310,15460,15900,5213626,0.015325670498084198
2024-09-19,16500,16720,15960,16290,3972327,0.02452830188679256
2024-09-20,16070,16190,15150,15180,2956574,-0.06813996316758753
2024-09-23,15240,15580,14280,14280,1982604,-0.059288537549407105
2024-09-24,14280,14440,13830,14010,998783,-0.018907563025210128
2024-09-25,14120,14310,13500,13650,823080,-0.025695931477516032
2024-09-26,13610,13840,13600,13770,509189,0.00879120879120876
2024-09-27,13860,13870,13320,13350,577069,-0.030501089324618702
2024-09-30,13410,13640,13220,13220,411971,-0.009737827715355807
2024-10-02,13100,13170,12750,12810,466677,-0.031013615733736732
2024-10-04,12990,13180,12820,13170,390462,0.02810304449648715
2024-10-07,13340,14800,13110,13810,3200049,0.04859529233105553
2024-10-08,13590,13980,13530,13560,700060,-0.018102824040550303
2024-10-10,13560,13690,13200,13200,385374,-0.026548672566371723
2024-10-11,13280,13290,12840,12840,377845,-0.027272727272727226
2024-10-14,12830,13010,12730,12950,229156,0.008566978193146335
2024-10-15,13110,13590,13060,13180,785012,0.01776061776061777
2024-10-16,13300,13800,13050,13590,868389,0.031107738998482626
2024-10-17,14730,15140,13710,13710,2864995,0.008830022075055233
2024-10-18,13590,13720,13300,13340,457050,-0.02698760029175784
2024-10-21,13760,13860,13440,13500,747881,0.011994002998500841
2024-10-22,13500,14100,13450,13670,1134309,0.012592592592592489
2024-10-23,13690,13730,13360,13390,368073,-0.02048280907095834
2024-10-24,13200,13550,13130,13420,311434,0.0022404779686333587
2024-10-25,13310,13500,12960,13050,344298,-0.027570789865871803
2024-10-28,13050,14300,13050,13450,1331530,0.03065134099616862
2024-10-29,13780,13900,13390,13470,655253,0.0014869888475836923
2024-10-30,13580,13730,13340,13370,341336,-0.007423904974016349
2024-10-31,12850,12960,12600,12710,576093,-0.049364248317127934
2024-11-01,13000,13300,12700,12700,417957,-0.0007867820613689513
2024-11-04,12720,12880,12640,12790,200249,0.007086614173228423
2024-11-05,12790,12950,12720,12800,182348,0.0007818608287724071
2024-11-06,12860,13190,12850,13140,416575,0.026562500000000044
2024-11-07,13310,13320,12810,12990,362345,-0.011415525114155223
2024-11-08,13050,13140,12860,13020,230471,0.002309468822170979
2024-11-11,13020,13140,12800,12800,256906,-0.016897081413210446
2024-11-12,12770,12790,12100,12140,408299,-0.051562499999999956
2024-11-13,12040,12600,11700,11750,451395,-0.032125205930807255
2024-11-14,11740,12330,11720,12180,315310,0.03659574468085114
2024-11-15,12010,12100,11410,11810,368372,-0.03037766830870281
2024-11-18,11640,12250,11640,12220,217362,0.03471634208298058
2024-11-19,12270,12550,12180,12400,236411,0.014729950900163713
2024-11-20,12360,12470,12180,12210,117157,-0.015322580645161343
2024-11-21,12230,12300,11970,11980,163794,-0.018837018837018826
2024-11-22,12050,12480,12050,12080,268079,0.008347245409014992
2024-11-25,12080,12270,12070,12130,153794,0.004139072847682224
2024-11-26,12170,12180,11510,11650,504111,-0.039571310799670245
2024-11-27,11630,11730,11490,11520,180490,-0.011158798283261828
2024-11-28,11530,11590,11360,11360,143524,-0.01388888888888884
2024-11-29,11290,11400,10970,11130,253349,-0.020246478873239382
2024-12-02,11130,11250,10800,10800,253747,-0.029649595687331498
2024-12-03,10810,11120,10810,11100,197969,0.02777777777777768
2024-12-04,10610,10860,9650,9870,959818,-0.11081081081081079
2024-12-05,9970,10140,9680,9990,330832,0.012158054711246091
2024-12-06,9860,10060,8920,9560,535989,-0.04304304304304307
2024-12-09,9250,9380,8880,8890,440332,-0.07008368200836823
2024-12-10,8810,9240,8810,9180,270570,0.03262092238470182
2024-12-11,9180,9540,9120,9530,208559,0.03812636165577343
2024-12-12,9640,9750,9420,9650,257324,0.012591815320041944
2024-12-13,9550,9720,9550,9660,164109,0.0010362694300518616
2024-12-16,9700,9890,9700,9800,162512,0.01449275362318847
2024-12-17,9830,9900,9710,9860,181627,0.00612244897959191
2024-12-18,9860,9950,9730,9930,167431,0.007099391480730244
2024-12-19,9700,9840,9450,9710,146399,-0.022155085599194324
2024-12-20,10200,10290,9510,9540,483553,-0.01750772399588052
2024-12-23,9500,10670,9500,9950,1102672,0.042976939203354325
2024-12-24,9880,10130,9800,9880,215601,-0.007035175879396949
2024-12-26,9900,9910,9500,9520,267459,-0.036437246963562764
2024-12-27,9250,9590,9140,9350,184523,-0.017857142857142905
2024-12-30,9110,9400,9110,9360,85316,0.0010695187165774556
2025-01-02,9270,9460,9220,9360,111813,0.0
2025-01-03,9400,9540,9360,9500,136465,0.014957264957264904
2025-01-06,9530,9660,9480,9630,157683,0.013684210526315743
2025-01-07,9640,9800,9620,9690,168147,0.006230529595015577
2025-01-08,9590,9660,9490,9530,130342,-0.016511867905056765
2025-01-09,9780,9880,9530,9840,200525,0.03252885624344182
2025-01-10,10690,10700,9860,9970,1086415,0.013211382113821113
2025-01-13,10180,10450,9950,10150,814855,0.01805416248746239
2025-01-14,10150,10190,10020,10100,293656,-0.0049261083743842304
2025-01-15,10030,10200,9930,10150,265302,0.004950495049504955
2025-01-16,10300,10310,10110,10160,221447,0.0009852216748769127
2025-01-17,11150,12900,11000,11830,8685158,0.1643700787401574
2025-01-20,12180,13570,11810,12660,13061683,0.07016060862214712
2025-01-21,12830,13110,12660,12760,2203914,0.00789889415481837
2025-01-22,12940,13400,12820,12860,3032453,0.00783699059561127
2025-01-23,12850,12990,12480,12480,1000399,-0.029548989113530322
2025-01-24,13110,13160,12670,12730,1682242,0.020032051282051322
2025-01-31,12300,12450,11910,11980,767052,-0.058915946582875134
2025-02-03,11690,11930,11540,11660,457958,-0.026711185308848084
2025-02-04,11800,12110,11680,11850,459534,0.016295025728988
2025-02-05,11830,11900,11570,11680,386430,-0.014345991561181437
2025-02-06,11840,11980,11680,11750,310163,0.0059931506849315586
2025-02-07,11200,11390,10800,11210,712571,-0.04595744680851066
2025-02-10,11340,11480,11010,11210,300638,0.0
2025-02-11,11250,11700,11250,11580,450599,0.033006244424620856
2025-02-12,11650,11800,11440,11700,326520,0.010362694300518172
2025-02-13,11800,11800,11500,11670,333499,-0.002564102564102555
2025-02-14,11640,12460,11500,11910,1351203,0.020565552699228773
2025-02-17,11590,12740,11260,11900,1760342,-0.0008396305625524292
2025-02-18,12110,12600,12050,12410,1655966,0.04285714285714293
2025-02-19,12600,12600,12030,12150,647977,-0.020950846091861375
2025-02-20,12100,12100,11670,11690,392199,-0.037860082304526754
2025-02-21,11590,11830,11590,11740,166255,0.004277159965782706
2025-02-24,11510,11620,11450,11540,223102,-0.017035775127768327
2025-02-25,11500,11630,11330,11540,170015,0.0
2025-02-26,11470,11590,11360,11480,158422,-0.005199306759098743
2025-02-27,11590,11690,11420,11430,159195,-0.004355400696864131
2025-02-28,11200,11480,11020,11020,267957,-0.035870516185476764
2025-03-04,10800,11240,10710,10910,164480,-0.009981851179673318
2025-03-05,11040,11410,11040,11370,248793,0.0421631530705775
2025-03-06,11360,11420,11070,11130,140656,-0.02110817941952503
2025-03-07,11110,11290,10950,11160,118920,0.0026954177897573484
2025-03-10,11060,11100,10800,10960,163544,-0.017921146953404965
2025-03-11,10610,10840,10500,10700,147319,-0.02372262773722633
2025-03-12,10890,11080,10800,10800,125884,0.009345794392523255
2025-03-13,10800,11130,10710,10780,136064,-0.0018518518518518823
2025-03-14,10890,11160,10880,11080,143143,0.027829313543599188
2025-03-17,11100,11120,10590,10600,392796,-0.04332129963898912
2025-03-18,10540,10770,10480,10640,138265,0.0037735849056603765
2025-03-19,10650,10800,10520,10520,159162,-0.011278195488721776
2025-03-20,10610,10660,10280,10290,187326,-0.02186311787072248
2025-03-21,10210,10850,10200,10660,263140,0.035957240038872795
2025-03-24,10540,10620,10310,10320,185879,-0.031894934333958735
2025-03-25,10400,10720,10250,10390,164250,0.006782945736434121
2025-03-26,10360,10470,10220,10340,77433,-0.004812319538017307
2025-03-27,10180,10380,10050,10090,98283,-0.024177949709864643
2025-03-28,10080,10110,9880,9950,113075,-0.013875123885034646
2025-03-31,9530,9800,9530,9550,92496,-0.04020100502512558
2025-04-01,9550,9920,9550,9900,100399,0.03664921465968596
2025-04-02,9860,9980,9710,9730,78135,-0.01717171717171717
2025-04-03,9470,10410,9440,9760,145934,0.0030832476875641834
2025-04-04,9620,10130,9320,9800,223310,0.004098360655737654
2025-04-07,9400,9560,9000,9000,160000,-0.08163265306122447
2025-04-08,9080,9240,8900,8990,109282,-0.0011111111111110628
2025-04-09,8800,9030,8720,8750,122124,-0.026696329254727424
2025-04-10,9160,9430,9150,9430,145114,0.07771428571428562
2025-04-11,9360,9900,9330,9870,123017,0.04665959703075284
2025-04-14,10070,10300,9920,10130,152757,0.02634245187436668
2025-04-15,10340,10620,10160,10500,177769,0.036525172754195534
2025-04-16,10550,10550,10000,10220,95372,-0.026666666666666616
2025-04-17,10130,10620,10130,10540,104343,0.03131115459882583
2025-04-18,10820,10900,10620,10860,210908,0.030360531309297834
2025-04-21,10940,10990,10650,10680,139996,-0.016574585635359074
2025-04-22,10450,10680,10410,10580,48799,-0.009363295880149836
2025-04-23,10690,10780,10640,10670,73139,0.008506616257088817
2025-04-24,10620,10850,10620,10790,92421,0.011246485473289658
2025-04-25,12270,12420,11410,11610,1852715,0.07599629286376275
2025-04-28,11670,11940,11550,11700,387911,0.007751937984496138
2025-04-29,11890,12200,11600,12040,550893,0.029059829059828957
2025-04-30,12300,12620,12090,12620,724768,0.04817275747508298
2025-05-02,13400,13400,11720,11720,1512615,-0.07131537242472263
2025-05-07,10490,11260,10490,11030,688730,-0.058873720136518815
2025-05-08,11030,11100,10720,10930,300256,-0.00906618313689933
2025-05-09,11050,11180,10720,10890,255231,-0.0036596523330283404
2025-05-12,11140,11440,11030,11150,470499,0.023875114784205786
2025-05-13,11160,11160,10900,10990,231884,-0.014349775784753382
2025-05-14,11060,11320,11010,11190,343280,0.018198362147406666
2025-05-15,11170,11250,10910,10950,172368,-0.02144772117962468
2025-05-16,11000,12420,10960,12310,1700070,0.12420091324200921
2025-05-19,12440,12440,11750,11930,718800,-0.03086921202274573
2025-05-20,11990,12300,11990,12140,633887,0.017602682313495377
2025-05-21,12240,12240,11800,11970,312858,-0.014003294892915963
2025-05-22,11750,12190,11660,11800,297475,-0.014202172096908994
2025-05-23,12160,12700,12000,12400,1613088,0.05084745762711873
2025-05-26,12930,13070,12250,12300,655232,-0.008064516129032251
2025-05-27,12080,12360,12020,12170,275241,-0.010569105691056957
2025-05-28,12320,12360,11510,11620,444225,-0.04519309778142977
2025-05-29,11640,11990,11600,11740,236843,0.010327022375215211
2025-05-30,11630,11690,11370,11460,186467,-0.023850085178875657
2025-06-02,11300,11560,11240,11320,118701,-0.012216404886561949
2025-06-04,11320,11500,11120,11400,165218,0.007067137809187329
2025-06-05,13550,14100,12690,12750,5631906,0.11842105263157898
2025-06-09,12950,13090,12500,12620,968833,-0.010196078431372602
2025-06-10,12570,12580,12090,12170,639903,-0.03565768621236132
2025-06-11,12190,12500,12100,12370,435298,0.016433853738701654
2025-06-12,13100,15760,12910,14690,11962052,0.1875505254648342
2025-06-13,15090,15110,13760,14710,3923995,0.001361470388019148
2025-06-16,14850,15940,14590,15040,3174805,0.022433718558803495
2025-06-17,15480,15480,13990,14410,1648711,-0.041888297872340385
2025-06-18,14290,14580,14090,14440,619569,0.002081887578070818
2025-06-19,14320,15340,14000,15250,1569575,0.05609418282548484
2025-06-20,15260,15270,14280,14470,814895,-0.05114754098360652
2025-06-23,14250,14860,14120,14480,819388,0.0006910850034553828
