Date,Open,High,Low,Close,Volume,Change
2022-01-03,1045,1045,1030,1040,158071,-0.004784688995215336
2022-01-04,1040,1065,1030,1060,301080,0.019230769230769162
2022-01-05,1070,1100,1050,1060,395907,0.0
2022-01-06,1050,1070,1040,1060,310083,0.0
2022-01-07,1060,1075,1055,1075,196717,0.014150943396226356
2022-01-10,1075,1090,1045,1060,210904,-0.013953488372092981
2022-01-11,1060,1060,1020,1030,181790,-0.028301886792452824
2022-01-12,1040,1045,1030,1040,153307,0.009708737864077666
2022-01-13,1045,1060,1030,1055,171690,0.014423076923076872
2022-01-14,1045,1055,1035,1035,202201,-0.018957345971563955
2022-01-17,1035,1050,1010,1015,207020,-0.019323671497584516
2022-01-18,1020,1020,989,991,287078,-0.02364532019704435
2022-01-19,980,1020,978,991,184770,0.0
2022-01-20,996,1005,987,1000,98974,0.00908173562058523
2022-01-21,1005,1020,992,994,171799,-0.006000000000000005
2022-01-24,989,992,958,961,175137,-0.03319919517102621
2022-01-25,970,975,927,939,223378,-0.02289281997918835
2022-01-26,944,950,926,935,129804,-0.004259850905218299
2022-01-27,945,945,906,907,193671,-0.029946524064171087
2022-01-28,916,941,903,940,170023,0.036383682469680156
2022-02-03,974,980,950,976,183953,0.038297872340425476
2022-02-04,973,992,970,990,75151,0.014344262295082011
2022-02-07,990,996,969,970,169548,-0.02020202020202022
2022-02-08,962,978,940,941,277862,-0.02989690721649485
2022-02-09,960,969,951,960,63727,0.020191285866099973
2022-02-10,963,966,954,963,103918,0.0031250000000000444
2022-02-11,973,973,946,950,87724,-0.01349948078920038
2022-02-14,949,949,908,908,184025,-0.04421052631578948
2022-02-15,908,927,901,908,110123,0.0
2022-02-16,929,929,910,926,88808,0.01982378854625555
2022-02-17,928,952,919,926,102389,0.0
2022-02-18,916,940,905,940,94712,0.015118790496760237
2022-02-21,940,945,924,936,33650,-0.004255319148936176
2022-02-22,936,936,918,920,133502,-0.017094017094017144
2022-02-23,912,985,912,966,256551,0.050000000000000044
2022-02-24,980,980,930,936,235640,-0.03105590062111796
2022-02-25,936,970,936,963,146332,0.028846153846153744
2022-02-28,970,1020,965,1010,360787,0.04880581516095539
2022-03-02,1010,1025,1000,1020,178282,0.00990099009900991
2022-03-03,1020,1025,1005,1010,191446,-0.009803921568627416
2022-03-04,1010,1015,999,1015,176927,0.004950495049504955
2022-03-07,1010,1010,990,991,142571,-0.02364532019704435
2022-03-08,971,995,967,974,107123,-0.017154389505549927
2022-03-10,975,1010,975,997,103351,0.02361396303901442
2022-03-11,1000,1005,978,993,99875,-0.004012036108325012
2022-03-14,993,999,979,986,115678,-0.007049345417925457
2022-03-15,986,996,967,989,59660,0.0030425963488844854
2022-03-16,993,999,981,990,100750,0.0010111223458038054
2022-03-17,992,1005,985,995,162491,0.005050505050504972
2022-03-18,997,1000,992,996,125632,0.0010050251256281673
2022-03-21,995,999,991,994,99996,-0.002008032128514081
2022-03-22,991,1005,990,1005,139251,0.01106639839034207
2022-03-23,1010,1015,999,1015,247865,0.00995024875621886
2022-03-24,1015,1015,999,1010,113854,-0.0049261083743842304
2022-03-25,1015,1015,1000,1010,147195,0.0
2022-03-28,1015,1020,1005,1010,132638,0.0
2022-03-29,1015,1020,1000,1015,190380,0.004950495049504955
2022-03-30,1015,1060,1010,1055,587718,0.039408866995073843
2022-03-31,1055,1060,1040,1050,273049,-0.004739336492891044
2022-04-01,1055,1080,1035,1075,373827,0.023809523809523725
2022-04-04,1110,1145,1080,1125,968985,0.04651162790697683
2022-04-05,1130,1140,1105,1135,396608,0.008888888888888946
2022-04-06,1120,1135,1095,1110,283553,-0.022026431718061623
2022-04-07,1100,1100,1065,1085,224648,-0.022522522522522515
2022-04-08,1075,1200,1070,1130,2755717,0.041474654377880116
2022-04-11,1130,1135,1100,1125,341873,-0.004424778761061954
2022-04-12,1140,1180,1130,1160,1251103,0.03111111111111109
2022-04-13,1165,1175,1120,1155,522087,-0.004310344827586188
2022-04-14,1165,1180,1145,1165,388534,0.008658008658008587
2022-04-15,1165,1165,1130,1145,205575,-0.01716738197424894
2022-04-18,1140,1155,1105,1110,223715,-0.03056768558951961
2022-04-19,1110,1160,1110,1150,314078,0.03603603603603611
2022-04-20,1170,1170,1135,1150,234529,0.0
2022-04-21,1140,1150,1120,1140,164186,-0.008695652173912993
2022-04-22,1140,1150,1110,1140,175862,0.0
2022-04-25,1120,1130,1100,1115,142132,-0.021929824561403466
2022-04-26,1115,1135,1115,1125,125295,0.008968609865470878
2022-04-27,1115,1155,1100,1125,297440,0.0
2022-04-28,1160,1185,1130,1170,690020,0.040000000000000036
2022-04-29,1175,1195,1170,1185,508373,0.012820512820512775
2022-05-02,1190,1195,1160,1190,434827,0.00421940928270037
2022-05-03,1190,1200,1145,1170,380961,-0.01680672268907568
2022-05-04,1170,1175,1155,1165,225691,-0.004273504273504258
2022-05-06,1160,1185,1145,1180,366672,0.012875536480686733
2022-05-09,1180,1185,1140,1140,279004,-0.03389830508474578
2022-05-10,1120,1130,1075,1115,310694,-0.021929824561403466
2022-05-11,1115,1130,1100,1130,109378,0.013452914798206317
2022-05-12,1130,1150,1100,1100,242659,-0.026548672566371723
2022-05-13,1100,1120,1090,1110,107724,0.009090909090909038
2022-05-16,1120,1125,1075,1075,271181,-0.03153153153153154
2022-05-17,1075,1120,1070,1115,277386,0.037209302325581506
2022-05-18,1100,1140,1075,1080,417028,-0.03139013452914796
2022-05-19,1060,1065,1040,1060,211117,-0.01851851851851849
2022-05-20,1060,1090,1055,1080,127833,0.018867924528301883
2022-05-23,1070,1100,1065,1095,257800,0.01388888888888884
2022-05-24,1090,1105,1070,1090,224867,-0.004566210045662156
2022-05-25,1080,1135,1080,1120,278218,0.02752293577981657
2022-05-26,1120,1130,1085,1090,211331,-0.0267857142857143
2022-05-27,1100,1110,1085,1100,184517,0.00917431192660545
2022-05-30,1100,1125,1100,1115,138222,0.013636363636363669
2022-05-31,1115,1125,1105,1110,300491,-0.004484304932735439
2022-06-02,1110,1130,1095,1130,116214,0.018018018018018056
2022-06-03,1130,1145,1125,1135,130513,0.004424778761061843
2022-06-07,1125,1135,1080,1090,259986,-0.03964757709251099
2022-06-08,1090,1110,1085,1100,92496,0.00917431192660545
2022-06-09,1100,1105,1070,1085,191343,-0.013636363636363669
2022-06-10,1070,1080,1055,1055,204745,-0.027649769585253448
2022-06-13,1050,1050,991,1005,228548,-0.04739336492891
2022-06-14,971,1005,970,995,249549,-0.00995024875621886
2022-06-15,995,998,951,956,203315,-0.039195979899497524
2022-06-16,956,994,942,965,172972,0.009414225941422494
2022-06-17,930,952,920,945,202512,-0.020725388601036232
2022-06-20,946,950,880,898,310841,-0.049735449735449744
2022-06-21,899,913,892,912,190844,0.015590200445434244
2022-06-22,910,919,853,861,244366,-0.05592105263157898
2022-06-23,856,868,816,819,232497,-0.04878048780487809
2022-06-24,810,860,810,845,252082,0.031746031746031855
2022-06-27,854,874,850,872,139519,0.031952662721893565
2022-06-28,876,887,865,879,170681,0.008027522935779796
2022-06-29,875,915,865,915,108252,0.04095563139931735
2022-06-30,899,917,880,915,110805,0.0
2022-07-01,915,917,875,883,79645,-0.03497267759562839
2022-07-04,889,889,842,844,131486,-0.04416761041902606
2022-07-05,842,867,842,867,39527,0.027251184834123254
2022-07-06,866,867,852,852,51306,-0.01730103806228378
2022-07-07,842,874,842,872,107015,0.023474178403755763
2022-07-08,875,883,867,873,75409,0.0011467889908256534
2022-07-11,877,877,862,865,77841,-0.009163802978235935
2022-07-12,863,863,838,838,179050,-0.031213872832369982
2022-07-13,846,857,835,855,51428,0.02028639618138417
2022-07-14,855,855,840,854,61062,-0.0011695906432748204
2022-07-15,831,855,831,850,60733,-0.004683840749414525
2022-07-18,852,875,850,874,77579,0.028235294117647136
2022-07-19,872,888,867,874,35000,0.0
2022-07-20,880,890,867,867,83238,-0.008009153318077833
2022-07-21,874,941,869,934,287047,0.07727797001153403
2022-07-22,933,946,901,916,75061,-0.01927194860813708
2022-07-25,905,915,902,907,36890,-0.009825327510917026
2022-07-26,907,912,901,907,35280,0.0
2022-07-27,907,915,901,908,48449,0.0011025358324145973
2022-07-28,912,922,910,921,60162,0.014317180616740144
2022-07-29,926,968,925,965,147567,0.04777415852334421
2022-08-01,972,986,955,976,116424,0.011398963730570033
2022-08-02,975,975,954,960,66643,-0.016393442622950838
2022-08-03,960,974,950,962,52736,0.002083333333333437
2022-08-04,962,973,955,962,47352,0.0
2022-08-05,955,971,955,964,63560,0.0020790020790020236
2022-08-08,964,965,950,964,42322,0.0
2022-08-09,964,971,955,963,47136,-0.0010373443983402453
2022-08-10,963,975,954,972,73874,0.009345794392523255
2022-08-11,973,1240,973,1070,19647820,0.10082304526748964
2022-08-12,1110,1150,1075,1085,3698336,0.014018691588784993
2022-08-16,1085,1095,1040,1065,931858,-0.018433179723502335
2022-08-17,1060,1060,1015,1020,709738,-0.04225352112676062
2022-08-18,1020,1040,1000,1040,595148,0.019607843137254832
2022-08-19,1030,1085,1020,1085,793318,0.04326923076923084
2022-08-22,1070,1070,1015,1025,376758,-0.055299539170506895
2022-08-23,1005,1070,1000,1065,567679,0.039024390243902474
2022-08-24,1095,1095,1050,1075,418930,0.009389671361502261
2022-08-25,1075,1130,1070,1085,622308,0.009302325581395321
2022-08-26,1100,1110,1045,1075,501474,-0.009216589861751112
2022-08-29,1020,1070,1005,1055,522548,-0.018604651162790753
2022-08-30,1040,1075,1025,1050,228661,-0.004739336492891044
2022-08-31,1070,1070,1030,1055,161399,0.004761904761904745
2022-09-01,1050,1055,1010,1020,204382,-0.033175355450236976
2022-09-02,1010,1030,1000,1015,188683,-0.004901960784313708
2022-09-05,1010,1015,990,995,289552,-0.019704433497536922
2022-09-06,998,1035,998,1025,170416,0.03015075376884413
2022-09-07,1025,1025,995,1005,162577,-0.019512195121951237
2022-09-08,1010,1020,999,1010,120906,0.004975124378109541
2022-09-13,1015,1030,1000,1025,206880,0.014851485148514865
2022-09-14,1005,1010,998,1005,290302,-0.019512195121951237
2022-09-15,1010,1020,1005,1015,111099,0.00995024875621886
2022-09-16,1010,1025,1000,1005,153711,-0.009852216748768461
2022-09-19,996,1005,968,973,256226,-0.03184079601990053
2022-09-20,974,998,974,995,111896,0.02261048304213764
2022-09-21,994,1020,977,983,219820,-0.012060301507537674
2022-09-22,983,998,957,997,182736,0.014242115971515812
2022-09-23,997,997,940,940,254610,-0.0571715145436309
2022-09-26,937,937,850,915,358167,-0.02659574468085102
2022-09-27,875,959,875,913,265444,-0.002185792349726823
2022-09-28,913,947,867,913,296941,0.0
2022-09-29,910,938,900,901,196562,-0.013143483023001057
2022-09-30,900,910,860,881,183030,-0.02219755826859049
2022-10-04,895,902,888,901,61088,0.022701475595913845
2022-10-05,911,924,889,895,58352,-0.006659267480577102
2022-10-06,889,915,889,912,57539,0.018994413407821265
2022-10-07,901,916,900,914,68025,0.002192982456140413
2022-10-11,860,888,860,882,75003,-0.035010940919037226
2022-10-12,893,950,865,899,204796,0.01927437641723362
2022-10-13,868,930,861,909,372447,0.011123470522803158
2022-10-14,910,924,871,895,123562,-0.015401540154015403
2022-10-17,887,909,884,900,40585,0.005586592178770999
2022-10-18,905,915,895,906,82181,0.006666666666666599
2022-10-19,909,912,897,901,80761,-0.0055187637969095205
2022-10-20,901,905,878,888,133250,-0.01442841287458374
2022-10-21,888,888,874,878,38853,-0.011261261261261257
2022-10-24,877,893,877,892,48020,0.015945330296127658
2022-10-25,896,899,886,892,58180,0.0
2022-10-26,892,899,886,892,105410,0.0
2022-10-27,893,894,886,888,65579,-0.004484304932735439
2022-10-28,897,897,880,893,64317,0.005630630630630629
2022-10-31,891,898,880,890,94364,-0.0033594624860022737
2022-11-01,893,913,881,906,139497,0.01797752808988773
2022-11-02,905,910,896,906,41811,0.0
2022-11-03,900,900,887,897,28915,-0.009933774834437137
2022-11-04,908,908,882,900,49889,0.0033444816053511683
2022-11-07,898,900,890,899,39168,-0.0011111111111110628
2022-11-08,899,907,896,900,59657,0.0011123470522802492
2022-11-09,907,907,897,905,156890,0.005555555555555536
2022-11-10,917,1130,911,977,9365080,0.07955801104972382
2022-11-11,1005,1010,966,967,1207187,-0.010235414534288667
2022-11-14,968,977,951,955,518536,-0.012409513960703222
2022-11-15,975,1010,962,986,939443,0.032460732984293195
2022-11-16,1000,1000,960,972,346612,-0.014198782961460488
2022-11-17,995,1020,962,981,699678,0.0092592592592593
2022-11-18,980,980,961,963,243509,-0.01834862385321101
2022-11-21,963,963,931,935,224615,-0.029075804776739322
2022-11-22,935,949,931,936,121120,0.0010695187165774556
2022-11-23,936,949,936,945,98810,0.009615384615384581
2022-11-24,945,979,944,968,214180,0.024338624338624326
2022-11-25,968,975,958,970,95767,0.0020661157024792765
2022-11-28,966,969,943,952,227727,-0.01855670103092788
2022-11-29,943,968,943,968,160619,0.01680672268907557
2022-11-30,968,988,964,968,106765,0.0
2022-12-01,973,988,964,972,136168,0.004132231404958775
2022-12-02,972,972,961,966,119930,-0.006172839506172867
2022-12-05,967,976,960,973,122008,0.007246376811594235
2022-12-06,970,970,955,966,161016,-0.007194244604316502
2022-12-07,958,960,935,940,155196,-0.026915113871635588
2022-12-08,940,940,928,938,71138,-0.0021276595744680327
2022-12-09,935,947,930,933,72014,-0.005330490405117239
2022-12-12,933,937,920,922,80781,-0.011789924973204746
2022-12-13,920,932,916,916,94151,-0.006507592190889366
2022-12-14,916,924,916,922,58384,0.0065502183406114245
2022-12-15,912,931,912,922,118827,0.0
2022-12-16,922,922,904,920,95874,-0.002169197396963085
2022-12-19,915,920,909,918,46793,-0.0021739130434782483
2022-12-20,920,949,900,912,123317,-0.006535947712418277
2022-12-21,911,918,898,900,94479,-0.013157894736842146
2022-12-22,893,906,893,900,84103,0.0
2022-12-23,900,900,884,885,115003,-0.01666666666666672
2022-12-26,885,886,869,876,56858,-0.01016949152542368
2022-12-27,876,880,869,873,65496,-0.003424657534246589
2022-12-28,873,880,861,869,72169,-0.004581901489117968
2022-12-29,863,870,854,870,64388,0.0011507479861909697
2023-01-02,873,878,855,860,67804,-0.011494252873563204
2023-01-03,852,881,831,864,136530,0.0046511627906977715
2023-01-04,855,880,851,856,220769,-0.0092592592592593
2023-01-05,863,880,857,880,68696,0.028037383177569986
2023-01-06,880,887,860,879,119764,-0.001136363636363602
2023-01-09,880,906,880,893,141670,0.015927189988623525
2023-01-10,896,905,889,895,98645,0.002239641657334923
2023-01-11,900,908,894,896,153118,0.0011173184357542443
2023-01-12,890,905,890,904,171533,0.008928571428571397
2023-01-13,907,915,900,909,83650,0.005530973451327359
2023-01-16,913,915,901,909,62764,0.0
2023-01-17,909,914,898,900,53448,-0.00990099009900991
2023-01-18,900,900,891,895,40092,-0.005555555555555536
2023-01-19,895,902,890,900,50147,0.005586592178770999
2023-01-20,895,905,893,898,103333,-0.0022222222222222365
2023-01-25,905,906,895,902,100400,0.00445434298440972
2023-01-26,902,911,899,910,103120,0.008869179600886845
2023-01-27,910,920,908,920,103128,0.01098901098901095
2023-01-30,921,927,911,918,86485,-0.0021739130434782483
2023-01-31,917,940,903,940,281502,0.023965141612200425
2023-02-01,950,955,930,948,348128,0.008510638297872353
2023-02-02,948,955,943,954,113858,0.006329113924050667
2023-02-03,949,970,944,955,187564,0.0010482180293500676
2023-02-06,954,960,943,953,74742,-0.0020942408376963817
2023-02-07,950,958,940,944,137638,-0.009443861490031513
2023-02-08,951,959,938,951,192448,0.00741525423728806
2023-02-09,951,953,939,939,122522,-0.012618296529968487
2023-02-10,947,947,923,938,75476,-0.0010649627263046302
2023-02-13,939,940,927,940,45753,0.002132196162046851
2023-02-14,941,945,933,939,83555,-0.0010638297872340718
2023-02-15,945,945,921,938,175349,-0.0010649627263046302
2023-02-16,934,942,931,942,135133,0.004264392324093924
2023-02-17,942,943,932,939,71015,-0.0031847133757961776
2023-02-20,940,945,928,936,143009,-0.0031948881789137795
2023-02-21,936,936,928,931,93118,-0.005341880341880323
2023-02-22,930,930,907,911,206342,-0.02148227712137485
2023-02-23,911,915,905,910,176795,-0.001097694840834218
2023-02-24,916,916,890,898,111770,-0.01318681318681314
2023-02-27,897,898,886,889,71870,-0.010022271714922093
2023-02-28,907,958,899,950,644478,0.06861642294713155
2023-03-02,950,950,933,940,222737,-0.010526315789473717
2023-03-03,940,944,924,935,206806,-0.005319148936170248
2023-03-06,933,940,923,940,640974,0.005347593582887722
2023-03-07,970,981,940,944,428426,0.004255319148936065
2023-03-08,935,944,924,938,172939,-0.006355932203389814
2023-03-09,938,938,885,916,160144,-0.023454157782516027
2023-03-10,916,920,885,902,261353,-0.015283842794759805
2023-03-13,885,902,872,901,156120,-0.0011086474501108556
2023-03-14,891,902,870,901,318583,0.0
2023-03-15,902,940,902,928,229189,0.029966703662597016
2023-03-16,925,934,900,919,155695,-0.00969827586206895
2023-03-17,911,930,909,926,126096,0.007616974972796564
2023-03-20,919,935,909,919,99949,-0.0075593952483801186
2023-03-21,915,922,906,906,94486,-0.014145810663764968
2023-03-22,906,922,901,905,100553,-0.001103752759381904
2023-03-23,898,900,887,887,168027,-0.019889502762430955
2023-03-24,887,899,886,891,62110,0.004509582863585049
2023-03-27,898,900,886,893,119664,0.002244668911335568
2023-03-28,893,908,893,908,76594,0.016797312430011146
2023-03-29,918,960,908,947,775664,0.04295154185022021
2023-03-30,948,966,939,947,413845,0.0
2023-03-31,947,948,928,947,229305,0.0
2023-04-03,947,955,930,948,423048,0.001055966209081216
2023-04-04,968,968,931,951,282442,0.0031645569620253333
2023-04-05,948,953,937,949,118462,-0.002103049421661396
2023-04-06,945,945,918,924,176711,-0.026343519494204437
2023-04-07,925,937,920,933,84027,0.009740259740259827
2023-04-10,933,937,912,930,172663,-0.003215434083601254
2023-04-11,923,931,911,926,153471,-0.004301075268817178
2023-04-12,930,1034,929,998,2554619,0.0777537796976242
2023-04-13,995,1030,975,981,779836,-0.017034068136272507
2023-04-14,978,995,960,968,662184,-0.013251783893985736
2023-04-17,985,985,956,967,330939,-0.0010330578512396382
2023-04-18,961,998,941,953,665538,-0.014477766287487093
2023-04-19,960,978,947,960,555265,0.007345225603357708
2023-04-20,952,996,952,982,570904,0.022916666666666696
2023-04-21,983,989,960,975,437525,-0.007128309572301372
2023-04-24,974,976,938,947,354179,-0.02871794871794875
2023-04-25,947,973,929,929,396434,-0.019007391763463555
2023-04-26,935,935,912,925,214027,-0.0043057050592034685
2023-04-27,919,925,900,917,243464,-0.008648648648648671
2023-04-28,922,942,908,913,252601,-0.004362050163576936
2023-05-02,913,920,910,917,133122,0.004381161007666945
2023-05-03,924,928,915,923,224466,0.0065430752453652374
2023-05-04,920,954,912,933,337374,0.010834236186348933
2023-05-08,934,945,930,941,203217,0.008574490889603492
2023-05-09,935,938,915,929,148869,-0.012752391073326264
2023-05-10,929,944,926,941,208280,0.012917115177610405
2023-05-11,941,951,935,935,146809,-0.006376195536663132
2023-05-12,940,940,924,928,149303,-0.007486631016042744
2023-05-15,928,929,910,923,196091,-0.0053879310344827624
2023-05-16,923,948,910,911,244487,-0.013001083423618609
2023-05-17,914,929,908,929,211435,0.019758507135016368
2023-05-18,938,942,924,941,197927,0.012917115177610405
2023-05-19,947,947,936,939,74173,-0.002125398512221044
2023-05-22,942,957,935,946,170483,0.007454739084131967
2023-05-23,946,960,942,946,137249,0.0
2023-05-24,938,949,934,936,129523,-0.010570824524312905
2023-05-25,934,949,926,936,126878,0.0
2023-05-26,937,938,925,930,76754,-0.0064102564102563875
2023-05-30,931,941,926,941,106905,0.011827956989247213
2023-05-31,945,947,930,940,146856,-0.0010626992561104665
2023-06-01,939,955,933,937,157277,-0.0031914893617021045
2023-06-02,944,944,933,942,166969,0.005336179295624355
2023-06-05,946,983,945,971,537170,0.030785562632696495
2023-06-07,971,983,968,975,249521,0.004119464469618972
2023-06-08,978,978,951,951,270413,-0.024615384615384595
2023-06-09,959,968,947,968,193962,0.017875920084122088
2023-06-12,970,997,953,953,884263,-0.015495867768595017
2023-06-13,955,972,955,958,195176,0.005246589716684236
2023-06-14,961,975,952,965,374642,0.007306889352818313
2023-06-15,962,983,960,977,312060,0.012435233160621673
2023-06-16,972,1050,972,1012,5316386,0.035823950870010224
2023-06-19,1022,1027,1002,1010,849662,-0.0019762845849802257
2023-06-20,1013,1019,992,1000,650680,-0.00990099009900991
2023-06-21,1007,1048,999,1026,1151398,0.026000000000000023
2023-06-22,1021,1022,996,996,593791,-0.0292397660818714
2023-06-23,997,1004,969,984,506373,-0.012048192771084376
2023-06-26,984,1019,972,1012,414720,0.028455284552845628
2023-06-27,1013,1031,989,999,326123,-0.012845849802371578
2023-06-28,1000,1018,996,1004,235805,0.005005005005005003
2023-06-29,1005,1019,984,991,342371,-0.01294820717131473
2023-06-30,991,1007,978,1007,216012,0.016145307769929396
2023-07-03,1007,1022,1007,1011,254704,0.003972194637537285
2023-07-04,1012,1090,1012,1044,2056159,0.03264094955489605
2023-07-05,1046,1052,1025,1031,555042,-0.01245210727969348
2023-07-06,1038,1066,1018,1030,876961,-0.0009699321047527132
2023-07-07,1030,1086,1020,1058,1704207,0.027184466019417375
2023-07-10,1050,1104,1041,1086,1896568,0.026465028355387554
2023-07-11,1087,1095,1064,1078,642325,-0.007366482504604033
2023-07-12,1104,1137,1082,1115,1667013,0.03432282003710574
2023-07-13,1144,1148,1101,1116,1129908,0.0008968609865471766
2023-07-14,1109,1115,1054,1065,938924,-0.045698924731182755
2023-07-17,1065,1077,1039,1051,604656,-0.013145539906103232
2023-07-18,1055,1060,1025,1049,486543,-0.0019029495718363432
2023-07-19,1049,1063,1030,1044,401778,-0.004766444232602529
2023-07-20,1041,1085,1033,1079,474603,0.03352490421455934
2023-07-21,1066,1071,1033,1045,530814,-0.03151065801668207
2023-07-24,1038,1091,1035,1043,567097,-0.00191387559808609
2023-07-25,1038,1065,1020,1050,417085,0.006711409395973256
2023-07-26,1043,1045,995,1004,1057511,-0.043809523809523854
2023-07-27,1004,1046,1004,1006,442336,0.0019920318725099584
2023-07-28,1010,1054,1007,1039,308107,0.03280318091451284
2023-07-31,1050,1075,1034,1074,410980,0.03368623676612126
2023-08-01,1065,1074,1047,1056,319943,-0.016759776536312887
2023-08-02,1057,1075,1028,1044,426360,-0.011363636363636354
2023-08-03,1032,1054,1021,1044,315116,0.0
2023-08-04,1031,1065,1027,1052,244504,0.00766283524904221
2023-08-07,1053,1064,1015,1050,303011,-0.0019011406844106071
2023-08-08,1060,1094,1052,1070,636612,0.01904761904761898
2023-08-09,1065,1070,1037,1047,191962,-0.021495327102803774
2023-08-10,1057,1066,1026,1048,328596,0.0009551098376312517
2023-08-11,1048,1080,1041,1057,315365,0.00858778625954204
2023-08-14,1066,1067,1031,1048,253560,-0.008514664143803197
2023-08-16,1028,1059,1020,1058,336393,0.009541984732824416
2023-08-17,1058,1059,1011,1054,370495,-0.003780718336483968
2023-08-18,1054,1054,1020,1051,421738,-0.002846299810246644
2023-08-21,1042,1055,1033,1045,294612,-0.0057088487155090295
2023-08-22,1045,1050,1026,1044,186642,-0.000956937799043045
2023-08-23,1053,1053,1031,1044,131712,0.0
2023-08-24,1039,1147,1035,1072,1974173,0.026819923371647514
2023-08-25,1072,1080,1063,1065,293610,-0.006529850746268662
2023-08-28,1065,1097,1061,1090,424800,0.023474178403755763
2023-08-29,1091,1097,1074,1080,217129,-0.00917431192660545
2023-08-30,1087,1095,1070,1070,203301,-0.0092592592592593
2023-08-31,1070,1079,1056,1069,140529,-0.0009345794392523477
2023-09-01,1063,1074,1044,1044,243625,-0.023386342376052416
2023-09-04,1044,1047,1027,1036,222236,-0.007662835249042099
2023-09-05,1031,1041,1030,1032,100388,-0.0038610038610038533
2023-09-06,1032,1049,1024,1037,223142,0.004844961240310086
2023-09-07,1037,1043,1022,1024,142161,-0.012536162005785889
2023-09-08,1024,1031,1016,1029,269359,0.0048828125
2023-09-11,1029,1044,1021,1037,187503,0.007774538386783325
2023-09-12,1025,1036,1020,1028,186958,-0.008678881388621051
2023-09-13,1025,1033,1008,1029,305403,0.0009727626459143934
2023-09-14,1023,1027,1015,1020,102589,-0.008746355685131157
2023-09-15,1030,1036,1021,1030,81558,0.009803921568627416
2023-09-18,1030,1031,1020,1026,111228,-0.003883495145631022
2023-09-19,1022,1033,1015,1021,126826,-0.004873294346978585
2023-09-20,1020,1027,1006,1016,155389,-0.004897159647404559
2023-09-21,1016,1016,986,1000,329859,-0.015748031496062964
2023-09-22,990,1015,979,1005,309507,0.004999999999999893
2023-09-25,1005,1007,973,979,179092,-0.025870646766169125
2023-09-26,989,989,960,982,200281,0.003064351378958108
2023-09-27,982,991,974,987,94000,0.005091649694501044
2023-10-04,986,987,944,970,315993,-0.01722391084093211
2023-10-05,970,977,957,970,146774,0.0
2023-10-06,955,977,955,970,51724,0.0
2023-10-10,960,977,960,974,131623,0.004123711340206171
2023-10-11,975,989,970,980,43638,0.006160164271047153
2023-10-12,981,992,977,984,227335,0.004081632653061273
2023-10-13,980,996,980,990,98714,0.0060975609756097615
2023-10-16,990,1023,984,1000,248891,0.010101010101010166
2023-10-17,1002,1025,1002,1018,122884,0.018000000000000016
2023-10-18,1020,1020,1000,1000,121107,-0.017681728880157177
2023-10-19,1000,1000,977,977,237508,-0.02300000000000002
2023-10-20,976,980,950,976,193900,-0.0010235414534288667
2023-10-23,972,995,965,984,99912,0.008196721311475308
2023-10-24,972,990,960,981,202314,-0.0030487804878048808
2023-10-25,987,1008,976,990,150482,0.00917431192660545
2023-10-26,989,990,968,976,149222,-0.014141414141414121
2023-10-27,965,985,965,966,178126,-0.010245901639344246
2023-10-30,962,985,955,979,301644,0.013457556935817738
2023-10-31,982,994,948,954,165500,-0.025536261491317713
2023-11-01,954,968,952,959,47768,0.00524109014675056
2023-11-02,960,975,960,974,73922,0.01564129301355588
2023-11-03,990,991,961,982,130219,0.008213552361396204
2023-11-06,983,991,971,984,254427,0.0020366598778003286
2023-11-07,984,994,968,977,139805,-0.007113821138211351
2023-11-08,977,987,971,976,77631,-0.0010235414534288667
2023-11-09,974,984,971,975,100317,-0.0010245901639344135
2023-11-10,973,973,960,965,117260,-0.01025641025641022
2023-11-13,980,980,962,971,80962,0.006217616580310947
2023-11-14,964,977,964,974,80735,0.003089598352214118
2023-11-15,975,995,966,981,171497,0.007186858316221789
2023-11-16,989,989,973,984,145432,0.003058103975535076
2023-11-17,992,992,978,983,89789,-0.00101626016260159
2023-11-20,988,1003,979,995,119946,0.012207527975584886
2023-11-21,993,997,980,990,117694,-0.005025125628140725
2023-11-22,990,995,983,995,101914,0.005050505050504972
2023-11-23,995,1000,983,995,97411,0.0
2023-11-24,995,996,979,987,300707,-0.008040201005025116
2023-11-27,987,989,978,987,182133,0.0
2023-11-28,980,1000,980,996,183252,0.00911854103343468
2023-11-29,985,995,983,992,147486,-0.004016064257028162
2023-11-30,981,990,976,988,99594,-0.0040322580645161255
2023-12-01,989,991,979,991,143918,0.0030364372469635637
2023-12-04,992,1059,992,1015,622517,0.024217961654894093
2023-12-05,1001,1034,1001,1018,198174,0.002955665024630516
2023-12-06,1015,1050,1011,1028,218508,0.00982318271119853
2023-12-07,1023,1038,1009,1018,186444,-0.009727626459143934
2023-12-08,1018,1028,1012,1015,148974,-0.0029469548133594925
2023-12-11,1024,1036,1022,1031,193201,0.015763546798029493
2023-12-12,1059,1099,1010,1016,1457558,-0.014548981571290032
2023-12-13,1017,1029,1002,1016,205843,0.0
2023-12-14,1020,1022,1005,1020,212347,0.003937007874015741
2023-12-15,1013,1021,1011,1020,157224,0.0
2023-12-18,1012,1016,1001,1008,247032,-0.0117647058823529
2023-12-19,1009,1009,992,1001,192041,-0.00694444444444442
2023-12-20,1001,1006,998,1004,112086,0.0029970029970030065
2023-12-21,996,1008,991,1002,114864,-0.0019920318725099584
2023-12-22,1008,1009,997,1002,126839,0.0
2023-12-26,1007,1007,991,994,131405,-0.007984031936127733
2023-12-27,999,1007,990,1005,237850,0.01106639839034207
2023-12-28,1005,1006,993,1005,84724,0.0
2024-01-02,1005,1011,997,1010,107558,0.004975124378109541
2024-01-03,1010,1017,992,1012,223166,0.001980198019801982
2024-01-04,997,1012,994,1001,183755,-0.010869565217391353
2024-01-05,1005,1015,992,1000,140712,-0.0009990009990009652
2024-01-08,996,1010,990,999,120758,-0.0010000000000000009
2024-01-09,1001,1010,994,999,99599,0.0
2024-01-10,1002,1004,990,999,103623,0.0
2024-01-11,999,1003,995,1003,99935,0.004004004004003914
2024-01-12,1001,1025,988,1000,325653,-0.0029910269192422456
2024-01-15,1000,1001,957,995,254195,-0.0050000000000000044
2024-01-16,998,998,984,984,145567,-0.011055276381909507
2024-01-17,984,988,961,968,259405,-0.016260162601625994
2024-01-18,965,973,949,963,295309,-0.005165289256198302
2024-01-19,972,973,960,960,139686,-0.0031152647975077885
2024-01-22,972,974,955,960,46144,0.0
2024-01-23,960,963,946,951,297369,-0.009375000000000022
2024-01-24,942,952,936,940,156655,-0.011566771819137789
2024-01-25,941,941,923,933,172757,-0.007446808510638281
2024-01-26,933,939,930,930,131729,-0.003215434083601254
2024-01-29,930,940,921,924,234040,-0.006451612903225823
2024-01-30,926,932,911,924,213264,0.0
2024-01-31,914,929,914,922,133247,-0.0021645021645021467
2024-02-01,919,929,915,925,202473,0.0032537960954446277
2024-02-02,929,944,923,944,167327,0.020540540540540553
2024-02-05,950,980,937,956,234137,0.012711864406779627
2024-02-06,954,954,934,939,136320,-0.01778242677824271
2024-02-07,944,948,936,942,49897,0.0031948881789136685
2024-02-08,943,949,941,944,59710,0.002123142250530785
2024-02-13,945,950,938,947,117629,0.0031779661016948513
2024-02-14,946,953,940,953,100356,0.006335797254487963
2024-02-15,950,958,949,952,64567,-0.0010493179433368471
2024-02-16,947,959,947,956,134285,0.004201680672268893
2024-02-19,959,966,954,956,132733,0.0
2024-02-20,947,966,947,966,123016,0.010460251046025215
2024-02-21,970,977,956,972,164283,0.006211180124223503
2024-02-22,972,972,951,972,227308,0.0
2024-02-23,963,973,952,967,120200,-0.005144032921810648
2024-02-26,953,980,951,971,193613,0.004136504653567741
2024-02-27,972,973,952,970,118847,-0.001029866117404743
2024-02-28,970,972,956,972,113782,0.0020618556701030855
2024-02-29,970,970,946,953,132961,-0.019547325102880708
2024-03-04,944,944,889,920,371340,-0.0346274921301154
2024-03-05,916,918,893,899,308714,-0.022826086956521774
2024-03-06,899,910,895,900,155002,0.0011123470522802492
2024-03-07,902,903,890,901,116200,0.0011111111111110628
2024-03-08,901,902,896,901,45890,0.0
2024-03-11,901,908,895,906,96590,0.005549389567147678
2024-03-12,903,911,899,906,139761,0.0
2024-03-13,903,905,893,898,178936,-0.008830022075055233
2024-03-14,898,930,897,930,316255,0.03563474387527843
2024-03-15,920,935,907,917,181685,-0.013978494623655968
2024-03-18,909,925,890,915,420723,-0.0021810250817884125
2024-03-19,914,915,896,915,123001,0.0
2024-03-20,908,915,890,899,181859,-0.01748633879781425
2024-03-21,899,906,895,900,150086,0.0011123470522802492
2024-03-22,903,908,895,906,108149,0.006666666666666599
2024-03-25,910,917,901,909,266970,0.0033112582781456013
2024-03-26,914,914,901,913,261859,0.004400440044004306
2024-03-27,914,915,897,900,138387,-0.014238773274917849
2024-03-28,901,915,886,893,589828,-0.007777777777777772
2024-03-29,893,899,885,892,226628,-0.0011198208286674616
2024-04-01,902,902,887,887,261879,-0.005605381165919243
2024-04-02,885,896,885,893,253846,0.006764374295377573
2024-04-03,887,893,882,883,199283,-0.011198208286674172
2024-04-04,907,907,873,876,253146,-0.007927519818799578
2024-04-05,876,908,868,907,414944,0.035388127853881235
2024-04-08,911,926,876,880,405384,-0.029768467475192906
2024-04-09,875,894,873,879,149724,-0.001136363636363602
2024-04-11,884,884,868,879,126736,0.0
2024-04-12,882,895,875,884,172655,0.005688282138794021
2024-04-15,877,877,862,871,211997,-0.014705882352941124
2024-04-16,860,870,847,847,311228,-0.027554535017221604
2024-04-17,857,857,845,850,127590,0.0035419126328217754
2024-04-18,850,878,846,871,199155,0.024705882352941133
2024-04-19,868,879,853,868,133806,-0.003444316877152742
2024-04-22,865,891,865,884,156604,0.018433179723502224
2024-04-23,877,941,877,909,834587,0.02828054298642524
2024-04-24,909,927,908,915,296954,0.0066006600660066805
2024-04-25,915,934,906,922,217015,0.007650273224043769
2024-04-26,922,935,909,909,206108,-0.014099783080260275
2024-04-29,907,924,901,920,204049,0.012101210121012063
2024-04-30,920,930,909,925,179897,0.005434782608695565
2024-05-02,924,929,912,922,145459,-0.00324324324324321
2024-05-03,914,922,911,916,69423,-0.006507592190889366
2024-05-07,916,921,910,915,98399,-0.0010917030567685337
2024-05-08,915,927,913,922,105333,0.007650273224043769
2024-05-09,933,934,914,916,191284,-0.006507592190889366
2024-05-10,918,921,905,912,107235,-0.004366812227074246
2024-05-13,912,937,912,922,220364,0.010964912280701844
2024-05-14,922,954,922,954,195100,0.03470715835141003
2024-05-16,953,982,945,967,366854,0.013626834381551323
2024-05-17,960,960,934,951,441041,-0.016546018614270963
2024-05-20,951,957,932,936,173181,-0.01577287066246058
2024-05-21,936,952,936,944,113826,0.008547008547008517
2024-05-22,945,973,942,963,238439,0.020127118644067687
2024-05-23,963,978,960,971,167673,0.008307372793354029
2024-05-24,970,970,940,957,309799,-0.01441812564366629
2024-05-27,958,965,944,963,134891,0.006269592476489061
2024-05-28,973,973,948,954,77813,-0.009345794392523366
2024-05-29,959,963,943,949,89929,-0.00524109014675056
2024-05-30,925,960,925,946,120027,-0.0031612223393044925
2024-05-31,946,961,941,945,123135,-0.0010570824524313016
2024-06-03,938,1050,938,1025,2988805,0.08465608465608465
2024-06-04,1099,1100,940,974,5507968,-0.049756097560975654
2024-06-05,972,1046,956,1025,1809491,0.05236139630390135
2024-06-07,1015,1114,989,1001,6037901,-0.023414634146341484
2024-06-10,1001,1015,984,1001,652211,0.0
2024-06-11,999,1027,970,1007,510917,0.005994005994006013
2024-06-12,1007,1012,985,998,214635,-0.00893743793445878
2024-06-13,998,1028,989,1014,523145,0.01603206412825653
2024-06-14,1014,1027,1000,1022,456950,0.007889546351084853
2024-06-17,1022,1035,990,996,477256,-0.025440313111546042
2024-06-18,992,1003,972,984,353016,-0.012048192771084376
2024-06-19,984,984,946,969,699279,-0.015243902439024404
2024-06-20,959,971,949,959,262148,-0.01031991744066052
2024-06-21,946,973,946,967,218994,0.008342022940563076
2024-06-24,967,967,942,958,173563,-0.009307135470527417
2024-06-25,959,963,920,947,442788,-0.011482254697286032
2024-06-26,952,963,934,940,204384,-0.007391763463569179
2024-06-27,940,945,932,939,124212,-0.0010638297872340718
2024-06-28,944,948,932,948,235996,0.009584664536741228
2024-07-01,947,953,937,952,154176,0.00421940928270037
2024-07-02,952,956,932,936,144097,-0.01680672268907568
2024-07-03,936,941,909,910,271859,-0.02777777777777779
2024-07-04,910,920,891,895,239540,-0.016483516483516536
2024-07-05,900,903,880,891,296787,-0.004469273743016755
2024-07-08,887,905,887,893,444703,0.002244668911335568
2024-07-09,901,901,880,890,246710,-0.0033594624860022737
2024-07-10,895,895,887,890,62477,0.0
2024-07-11,891,905,882,889,205315,-0.0011235955056180247
2024-07-12,894,896,870,887,238813,-0.0022497187851518996
2024-07-15,880,900,879,895,348662,0.00901916572717032
2024-07-16,896,909,882,904,334107,0.010055865921787754
2024-07-17,903,919,893,907,464419,0.0033185840707965486
2024-07-18,911,918,891,895,140949,-0.013230429988974612
2024-07-19,891,899,880,899,267673,0.004469273743016755
2024-07-22,899,900,866,885,267495,-0.015572858731924377
2024-07-23,874,895,872,893,167045,0.009039548022598876
2024-07-24,893,903,886,892,133779,-0.0011198208286674616
2024-07-25,882,891,870,891,155570,-0.0011210762331838042
2024-07-26,891,924,885,920,357037,0.032547699214365844
2024-07-29,918,935,911,919,308080,-0.0010869565217391797
2024-07-30,919,928,895,913,165822,-0.006528835690968404
2024-07-31,912,928,885,897,586976,-0.017524644030668113
2024-08-01,902,913,893,913,198316,0.01783723522853964
2024-08-02,900,902,883,890,218216,-0.025191675794085433
2024-08-05,865,880,771,804,845039,-0.09662921348314601
2024-08-06,801,845,801,837,293719,0.04104477611940305
2024-08-07,842,859,830,852,151929,0.017921146953405076
2024-08-08,851,856,825,849,220348,-0.0035211267605633756
2024-08-09,851,872,851,862,220926,0.01531213191990588
2024-08-12,864,882,864,882,95991,0.023201856148491906
2024-08-13,884,895,862,878,161910,-0.0045351473922902175
2024-08-14,883,889,854,864,420000,-0.015945330296127547
2024-08-16,865,866,845,855,272398,-0.01041666666666663
2024-08-19,850,854,835,847,119170,-0.009356725146198785
2024-08-20,847,860,840,855,203774,0.009445100354191327
2024-08-21,858,865,843,853,263982,-0.002339181286549752
2024-08-22,853,861,823,830,503761,-0.026963657678780728
2024-08-23,830,839,817,837,223442,0.008433734939758963
2024-08-26,838,847,808,829,515487,-0.009557945041816063
2024-08-27,820,834,811,820,143234,-0.010856453558504175
2024-08-28,820,825,806,812,150768,-0.009756097560975618
2024-08-29,805,819,802,819,97923,0.008620689655172376
2024-08-30,819,819,809,819,88808,0.0
2024-09-02,821,823,801,808,148615,-0.013431013431013383
2024-09-03,804,809,796,806,141834,-0.0024752475247524774
2024-09-04,806,806,784,790,152210,-0.01985111662531014
2024-09-05,804,805,772,795,326723,0.006329113924050667
2024-09-06,795,795,765,780,354533,-0.018867924528301883
2024-09-09,774,788,764,784,129309,0.00512820512820511
2024-09-10,778,792,775,785,52354,0.0012755102040815647
2024-09-11,785,786,765,780,121296,-0.006369426751592355
2024-09-12,780,784,766,783,98434,0.0038461538461538325
2024-09-13,783,797,779,797,59429,0.017879948914431676
2024-09-19,798,800,788,798,62486,0.0012547051442910462
2024-09-20,800,801,795,799,75694,0.0012531328320801727
2024-09-23,800,801,789,791,65422,-0.010012515644555742
2024-09-24,799,799,786,790,30693,-0.0012642225031606058
2024-09-25,794,800,790,795,61894,0.006329113924050667
2024-09-26,795,803,792,797,62857,0.002515723270440251
2024-09-27,807,807,795,803,66962,0.007528230865746499
2024-09-30,808,808,793,800,47061,-0.0037359900373599153
2024-10-02,799,799,785,791,55370,-0.011249999999999982
2024-10-04,791,802,785,802,34921,0.013906447534766109
2024-10-07,802,805,795,801,49998,-0.0012468827930174342
2024-10-08,792,801,792,796,78853,-0.006242197253433224
2024-10-10,796,799,791,795,57849,-0.0012562814070351536
2024-10-11,797,801,791,795,122690,0.0
2024-10-14,797,800,778,791,122707,-0.005031446540880502
2024-10-15,795,808,793,804,97925,0.01643489254108732
2024-10-16,804,805,787,788,123760,-0.01990049751243783
2024-10-17,788,795,782,786,78201,-0.0025380710659898
2024-10-18,786,788,768,779,209454,-0.008905852417302795
2024-10-21,775,780,763,778,127667,-0.0012836970474967568
2024-10-22,771,777,755,777,137851,-0.0012853470437017567
2024-10-23,770,797,764,790,213219,0.016731016731016624
2024-10-24,782,792,771,787,89918,-0.0037974683544304
2024-10-25,791,791,764,768,58033,-0.02414231257941546
2024-10-28,768,776,764,774,48434,0.0078125
2024-10-29,778,778,764,774,225502,0.0
2024-10-30,762,775,762,772,22095,-0.0025839793281653423
2024-10-31,770,775,763,769,18861,-0.0038860103626943143
2024-11-01,773,773,760,763,73114,-0.007802340702210642
2024-11-04,760,788,752,776,176678,0.017038007863696025
2024-11-05,781,791,777,783,65618,0.009020618556700999
2024-11-06,787,790,760,770,78965,-0.016602809706257937
2024-11-07,774,817,770,784,567816,0.018181818181818077
2024-11-08,782,804,775,795,229209,0.014030612244897878
2024-11-11,795,810,784,785,102094,-0.012578616352201255
2024-11-12,786,789,759,759,130906,-0.03312101910828025
2024-11-13,750,763,737,740,167312,-0.025032938076416378
2024-11-14,739,760,737,750,60794,0.013513513513513598
2024-11-15,741,755,735,750,111759,0.0
2024-11-18,750,757,739,748,130390,-0.002666666666666706
2024-11-19,756,756,748,753,94777,0.006684491978609541
2024-11-20,753,765,747,751,95671,-0.0026560424966799445
2024-11-21,748,751,740,746,70155,-0.0066577896138482195
2024-11-22,750,756,738,740,174636,-0.008042895442359255
2024-11-25,741,764,741,750,102819,0.013513513513513598
2024-11-26,752,754,745,750,73528,0.0
2024-11-27,752,754,744,749,40790,-0.0013333333333332975
2024-11-28,748,749,740,745,61932,-0.005340453938584733
2024-11-29,745,747,735,740,236081,-0.006711409395973145
2024-12-02,740,744,679,715,382328,-0.03378378378378377
2024-12-03,707,717,680,714,862765,-0.0013986013986013734
2024-12-04,712,736,672,685,1416338,-0.040616246498599407
2024-12-05,770,770,686,692,976255,0.010218978102189746
2024-12-06,692,696,667,683,240816,-0.013005780346820761
2024-12-09,679,679,633,638,343528,-0.06588579795021965
2024-12-10,640,664,610,652,194299,0.021943573667711602
2024-12-11,656,697,653,685,200945,0.05061349693251538
2024-12-12,689,695,666,686,180281,0.0014598540145984717
2024-12-13,686,693,678,691,84292,0.007288629737609353
2024-12-16,721,849,721,761,4352553,0.10130246020260492
2024-12-17,754,754,724,749,438068,-0.015768725361366642
2024-12-18,749,757,722,735,347807,-0.01869158878504673
2024-12-19,722,739,711,718,298785,-0.023129251700680253
2024-12-20,710,848,704,733,2142050,0.02089136490250687
2024-12-23,724,820,724,753,1927284,0.027285129604365688
2024-12-24,769,810,744,758,964280,0.006640106241699861
2024-12-26,777,813,758,792,888068,0.04485488126649084
2024-12-27,800,823,787,812,645648,0.025252525252525304
2024-12-30,819,869,808,862,1278285,0.061576354679802936
2025-01-02,860,909,850,900,981607,0.044083526682134666
2025-01-03,900,916,881,907,501374,0.007777777777777883
2025-01-06,908,936,900,932,567456,0.027563395810363822
2025-01-07,948,948,899,923,424770,-0.00965665236051505
2025-01-08,923,967,913,951,568759,0.03033586132177679
2025-01-09,951,965,935,956,428384,0.00525762355415349
2025-01-10,953,971,949,959,331455,0.003138075313807498
2025-01-13,960,1039,959,1007,2062709,0.05005213764337846
2025-01-14,1007,1050,1004,1016,1337095,0.008937437934458892
2025-01-15,1016,1038,1009,1019,789000,0.0029527559055118058
2025-01-16,1021,1025,993,1000,409785,-0.018645731108930308
2025-01-17,1000,1000,931,947,853771,-0.05300000000000005
2025-01-20,950,980,917,966,602384,0.020063357972544882
2025-01-21,968,1014,961,1001,547456,0.03623188405797095
2025-01-22,1003,1010,943,960,438472,-0.040959040959040904
2025-01-23,950,960,926,941,317860,-0.019791666666666652
2025-01-24,951,973,943,962,384643,0.022316684378320906
2025-01-31,962,983,949,973,371054,0.011434511434511352
2025-02-03,965,983,937,937,443544,-0.03699897225077087
2025-02-04,940,989,940,973,545282,0.03842049092849509
2025-02-05,980,984,950,966,341126,-0.007194244604316502
2025-02-06,958,978,953,955,213142,-0.011387163561076608
2025-02-07,955,964,916,927,419425,-0.029319371727748678
2025-02-10,925,945,901,901,271239,-0.028047464940668787
2025-02-11,901,910,877,901,584099,0.0
2025-02-12,901,901,879,885,287889,-0.017758046614872347
2025-02-13,880,900,869,895,224414,0.011299435028248483
2025-02-14,900,900,877,885,261360,-0.011173184357541888
2025-02-17,885,890,868,885,183691,0.0
2025-02-18,885,928,885,923,321358,0.04293785310734455
2025-02-19,921,933,902,926,275935,0.003250270855904569
2025-02-20,924,925,895,900,245573,-0.02807775377969768
2025-02-21,900,905,890,893,148401,-0.007777777777777772
2025-02-24,894,911,873,897,386201,0.004479283314669624
2025-02-25,896,897,877,887,185941,-0.01114827201783719
2025-02-26,895,901,885,889,190128,0.0022547914317925244
2025-02-27,890,1025,890,973,3547175,0.09448818897637801
2025-02-28,950,963,915,916,495364,-0.058581706063720485
2025-03-04,904,925,900,911,314843,-0.00545851528384278
2025-03-05,920,1048,902,983,3366550,0.07903402854006591
2025-03-06,983,990,949,949,714776,-0.034587995930823956
2025-03-07,941,983,920,943,647556,-0.006322444678609096
2025-03-10,931,945,917,923,287867,-0.02120890774125128
2025-03-11,900,928,892,921,281073,-0.0021668472372697867
2025-03-12,913,967,913,919,288390,-0.0021715526601520097
2025-03-13,923,934,909,916,256954,-0.0032644178454842576
2025-03-14,918,932,900,911,249101,-0.00545851528384278
2025-03-17,924,924,897,899,200827,-0.013172338090010949
2025-03-18,895,908,889,899,127737,0.0
2025-03-19,890,900,857,865,527964,-0.03781979977753058
2025-03-20,888,888,850,860,198627,-0.005780346820809301
2025-03-21,858,858,838,850,156156,-0.011627906976744207
2025-03-24,850,864,833,860,123875,0.0117647058823529
2025-03-25,854,878,835,835,120441,-0.029069767441860517
2025-03-26,835,843,827,831,215583,-0.004790419161676662
2025-03-27,836,848,813,832,104720,0.001203369434416457
2025-03-28,832,842,806,824,132075,-0.009615384615384581
2025-03-31,815,819,790,799,193059,-0.03033980582524276
2025-04-01,799,996,791,817,5515024,0.02252816020025028
2025-04-02,816,816,778,799,476606,-0.022031823745410017
2025-04-03,797,811,786,790,381562,-0.01126408010012514
2025-04-04,798,802,776,783,223210,-0.008860759493670933
2025-04-07,782,782,742,755,217045,-0.03575989782886335
2025-04-08,755,783,755,771,122974,0.02119205298013238
2025-04-09,756,781,753,759,125090,-0.015564202334630295
2025-04-10,774,793,774,792,174303,0.04347826086956519
2025-04-11,792,819,784,816,257553,0.030303030303030276
2025-04-14,818,836,807,829,147050,0.01593137254901955
