Date,Open,High,Low,Close,Volume,Change
2022-01-03,23541,24204,23209,23983,25807,0.028430531732418496
2022-01-04,23983,24867,23651,24204,27906,0.009214860526206126
2022-01-05,24425,24535,23762,23873,15480,-0.013675425549495968
2022-01-06,23983,24204,23320,23431,21647,-0.018514639969840374
2022-01-07,23430,23983,23209,23762,18846,0.014126584439417833
2022-01-10,23762,23762,23320,23431,14219,-0.013929803888561576
2022-01-11,23430,23651,22657,23099,24281,-0.014169262942255956
2022-01-12,23099,23320,22988,23210,13226,0.004805402831291383
2022-01-13,23209,23320,22878,22989,12812,-0.009521757862990143
2022-01-14,22988,22988,22546,22657,10396,-0.014441689503675637
2022-01-17,22657,27962,21993,24425,1051903,0.07803327889835376
2022-01-18,25309,26967,23983,23983,263982,-0.018096212896622332
2022-01-19,23983,24204,22767,22878,95303,-0.046074302631030295
2022-01-20,23430,24535,23099,23762,73462,0.03863974123612213
2022-01-21,23872,23983,23209,23210,32656,-0.023230367814157105
2022-01-24,23209,23872,22767,22878,34840,-0.014304179233089132
2022-01-25,22878,23320,21993,21994,44360,-0.038639741236122016
2022-01-26,22104,22657,22104,22104,20872,0.005001364008365927
2022-01-27,22325,22435,20446,20999,43582,-0.049990951863916
2022-01-28,21109,21551,20446,21331,22485,0.015810276679841806
2022-02-03,21441,22214,21441,21883,17217,0.025877830387698753
2022-02-04,21772,22657,21772,22325,18415,0.02019832746881134
2022-02-07,22657,22657,22104,22215,12842,-0.004927211646136631
2022-02-08,22435,22546,22104,22104,16333,-0.004996623902768449
2022-02-09,22104,23099,22104,22546,22067,0.01999638074556631
2022-02-10,22767,22878,22104,22215,19037,-0.014681096425086526
2022-02-11,22104,22214,21883,21994,13251,-0.009948233175782084
2022-02-14,21662,21772,20999,21331,17047,-0.030144584886787285
2022-02-15,21109,21551,20888,20999,11712,-0.015564202334630295
2022-02-16,21662,21662,21220,21441,8561,0.02104862136292196
2022-02-17,21551,21772,20999,21220,19742,-0.01030735506739422
2022-02-18,21109,21441,20999,21331,7568,0.005230914231856731
2022-02-21,21330,21330,20999,21110,10141,-0.010360508180582206
2022-02-22,20888,21109,20778,20889,11646,-0.010468972051160597
2022-02-23,20778,21109,20778,20999,9588,0.00526592943654558
2022-02-24,20999,20999,20004,20226,21283,-0.036811276727463205
2022-02-25,20446,21109,20446,20668,18250,0.02185306041728463
2022-02-28,20667,20888,20557,20557,12903,-0.005370621250241903
2022-03-02,20557,20667,20225,20336,14455,-0.01075059590407157
2022-03-03,20557,21109,20557,20557,16811,0.010867427222659432
2022-03-04,20557,20778,20446,20447,14044,-0.0053509753368682356
2022-03-07,20446,20446,20115,20336,9705,-0.005428669242431683
2022-03-08,20115,20225,19783,19783,22457,-0.027193154996066116
2022-03-10,19893,20115,19451,19894,19994,0.0056108780265884395
2022-03-11,20115,20667,19893,20115,22642,0.01110887704835628
2022-03-14,20225,20446,19562,19783,21708,-0.01650509569972658
2022-03-15,19672,19672,19341,19452,19884,-0.01673153717838549
2022-03-16,19783,19783,19341,19562,17283,0.005654945506888831
2022-03-17,19783,25420,19672,22325,500961,0.1412432266639403
2022-03-18,22657,23541,21662,21773,116437,-0.024725643896976512
2022-03-21,21772,22104,21220,21662,23801,-0.0050980572268405355
2022-03-22,21662,21772,20999,21331,39942,-0.01528021419998149
2022-03-23,21330,21551,20778,20999,33344,-0.015564202334630295
2022-03-24,21441,22214,21109,21552,63278,0.026334587361303008
2022-03-25,21772,21883,21330,21441,22810,-0.00515033407572385
2022-03-28,21441,21993,21220,21552,18689,0.005176997341541867
2022-03-29,21993,22214,21441,21662,28120,0.005103934669636212
2022-03-30,21993,23320,21662,21994,91602,0.0153263779891053
2022-03-31,22214,22878,21993,22215,46722,0.010048194962262391
2022-04-01,22214,22767,22104,22657,38069,0.019896466351564168
2022-04-04,23320,23320,22657,22878,36130,0.00975415986229411
2022-04-05,22988,23099,22325,22546,28264,-0.014511758020806065
2022-04-06,22546,22657,22214,22436,13700,-0.004878914219817232
2022-04-07,22214,22325,21662,21773,14155,-0.029550722053842016
2022-04-08,21772,22104,21662,21883,13507,0.005052128783355592
2022-04-11,21993,21993,21330,21441,13111,-0.02019832746881145
2022-04-12,21441,21441,20778,20999,12633,-0.02061471013478844
2022-04-13,20999,21662,20999,21441,14544,0.02104862136292196
2022-04-14,21662,21883,21441,21552,10900,0.005176997341541867
2022-04-15,21662,21662,21330,21441,10245,-0.00515033407572385
2022-04-18,21441,21662,21109,21441,11953,0.0
2022-04-19,21441,21662,21220,21552,12485,0.005176997341541867
2022-04-20,21551,23430,21551,22436,67224,0.04101707498144025
2022-04-21,22435,22657,21883,21994,23416,-0.019700481369227973
2022-04-22,21993,22325,21883,21994,14971,0.0
2022-04-25,21662,21662,21220,21220,13170,-0.03519141584068386
2022-04-26,21220,21662,21220,21552,11424,0.01564561734212999
2022-04-27,21441,21441,20778,21110,17168,-0.020508537490720125
2022-04-28,21220,21441,20557,20889,16114,-0.010468972051160597
2022-04-29,20667,21551,20667,20999,13927,0.00526592943654558
2022-05-02,20446,21109,20446,20889,11712,-0.005238344683080154
2022-05-03,20999,21109,20778,20889,8509,0.0
2022-05-04,20888,21109,20778,20778,7884,-0.005313801522332295
2022-05-06,20778,20888,20446,20668,10025,-0.005294061026085317
2022-05-09,20667,20999,20446,20557,10253,-0.005370621250241903
2022-05-10,20336,20557,20004,20557,11046,0.0
2022-05-11,20446,20778,20446,20668,7873,0.005399620567203334
2022-05-12,20667,20667,19562,20004,13316,-0.03212695955099676
2022-05-13,20004,20225,19783,20004,7546,0.0
2022-05-16,20115,20557,19893,20336,12205,0.016596680663867325
2022-05-17,20336,20557,20115,20336,6626,0.0
2022-05-18,20336,20667,20225,20226,9953,-0.005409126671911846
2022-05-19,20225,23762,20004,22104,499846,0.09285078611687925
2022-05-20,22657,23099,21220,21220,121124,-0.039992761491132844
2022-05-23,21330,22325,21220,21773,61583,0.026060320452403474
2022-05-24,21883,21883,20888,20999,33409,-0.03554861525742892
2022-05-25,20999,21551,20778,21220,33728,0.01052431068146098
2022-05-26,21220,21441,20778,20778,26783,-0.02082940622054663
2022-05-27,20888,21109,20778,20889,14317,0.0053421888535951645
2022-05-30,20888,21220,20888,21110,13024,0.010579730958877986
2022-05-31,21330,21330,20888,20999,13815,-0.005258171482709573
2022-06-02,21109,21330,20999,20999,13445,0.0
2022-06-03,21220,21772,21109,21441,19205,0.02104862136292196
2022-06-07,21441,21883,21109,21110,15697,-0.015437712793246572
2022-06-08,21109,22214,21109,21441,40229,0.01567977261961162
2022-06-09,21330,21551,20778,20999,22183,-0.02061471013478844
2022-06-10,20999,20999,20557,20889,13684,-0.005238344683080154
2022-06-13,20557,20778,19893,20115,17513,-0.03705299439896592
2022-06-14,20004,20446,19230,20336,21152,0.010986825751926332
2022-06-15,20336,20336,19451,19673,13350,-0.03260228166797796
2022-06-16,19783,20336,19562,19562,9508,-0.0056422508005896654
2022-06-17,19009,19562,19009,19452,13088,-0.005623146917493105
2022-06-20,19451,19672,18678,18899,19672,-0.028428953320995265
2022-06-21,18678,19230,18678,19010,11493,0.005873326631038678
2022-06-22,19120,19230,18457,18568,15305,-0.023250920568122058
2022-06-23,18567,18678,17462,17462,18531,-0.05956484274019824
2022-06-24,17462,18236,17351,18015,16241,0.031668766464322484
2022-06-27,19341,23209,19009,20668,306272,0.14726616708298645
2022-06-28,20888,21109,19672,20004,50938,-0.03212695955099676
2022-06-29,19893,20667,19451,20115,27300,0.0055488902219555936
2022-06-30,20115,20115,19230,19452,28022,-0.03296047725577922
2022-07-01,19451,20004,18788,19120,24007,-0.017067653711700603
2022-07-04,19120,19341,18567,18568,14083,-0.028870292887029247
2022-07-05,18678,19562,18567,19010,17691,0.023804394657475303
2022-07-06,19009,19230,18788,19010,9186,0.0
2022-07-07,18899,19672,18899,19120,19956,0.005786428195686533
2022-07-08,19120,19341,19120,19120,11502,0.0
2022-07-11,19120,19341,19009,19120,10397,0.0
2022-07-12,19120,19120,18567,18789,10783,-0.017311715481171497
2022-07-13,18788,19009,18678,18899,7131,0.0058544893288625666
2022-07-14,19009,19120,18678,18899,8370,0.0
2022-07-15,18899,19009,18346,18568,15607,-0.017514154188052244
2022-07-18,18678,18899,18567,18899,11390,0.017826367944851373
2022-07-19,18899,18899,18678,18789,9768,-0.005820413778506839
2022-07-20,18899,19120,18678,18789,22611,0.0
2022-07-21,18788,19451,18788,19341,30931,0.02937889190483789
2022-07-22,0,0,0,19341,0,0.0
2022-07-25,0,0,0,19341,0,0.0
2022-07-26,0,0,0,19341,0,0.0
2022-07-27,0,0,0,19341,0,0.0
2022-07-28,0,0,0,19341,0,0.0
2022-07-29,0,0,0,19341,0,0.0
2022-08-01,0,0,0,19341,0,0.0
2022-08-02,0,0,0,19341,0,0.0
2022-08-03,0,0,0,19341,0,0.0
2022-08-04,0,0,0,19341,0,0.0
2022-08-05,0,0,0,19341,0,0.0
2022-08-08,0,0,0,19341,0,0.0
2022-08-09,0,0,0,19341,0,0.0
2022-08-10,0,0,0,19341,0,0.0
2022-08-11,19385,20225,18567,18745,58919,-0.03081536632025228
2022-08-12,18744,18744,18191,18258,32097,-0.025980261403040772
2022-08-16,18280,18280,17727,17816,22295,-0.02420856610800748
2022-08-17,17816,17970,17771,17905,8727,0.004995509654243335
2022-08-18,17904,17948,17683,17772,10576,-0.0074280927115331075
2022-08-19,17683,17794,17550,17595,9715,-0.009959486833220788
2022-08-22,17639,17661,17484,17573,7837,-0.0012503552145496366
2022-08-23,17462,17617,17396,17551,10898,-0.0012519205599499372
2022-08-24,17705,17727,17440,17507,11268,-0.0025069796592787075
2022-08-25,17550,17573,17440,17485,7047,-0.00125664020106242
2022-08-26,17683,17683,17462,17507,9490,0.001258221332570697
2022-08-29,17351,17351,17108,17131,9658,-0.021477123436339784
2022-08-30,17042,17219,16998,17197,8450,0.0038526647597922903
2022-08-31,17263,17263,16887,16976,14360,-0.012851078676513361
2022-09-01,16976,17020,16799,16799,5828,-0.010426484448633366
2022-09-02,16799,16799,16357,16401,14678,-0.02369188642181086
2022-09-05,16401,16467,14942,15318,16578,-0.06603255899030547
2022-09-06,15318,15473,15185,15252,8412,-0.004308656482569506
2022-09-07,15252,15296,14721,14722,8277,-0.03474954104379757
2022-09-08,14743,14809,14699,14744,5291,0.0014943621790517447
2022-09-13,15185,15185,14854,14876,5251,0.008952794357026672
2022-09-14,14809,14876,14677,14810,6432,-0.004436676525947814
2022-09-15,14809,14854,14699,14699,5690,-0.007494935854152618
2022-09-16,11538,12776,10565,10566,273334,-0.2811755901762024
2022-09-19,10565,10565,8775,8820,154943,-0.16524701873935266
2022-09-20,9084,10720,8974,9726,374813,0.1027210884353742
2022-09-21,9792,9792,9040,9262,54328,-0.04770717663993418
2022-09-22,9173,9173,8841,9019,29972,-0.02623623407471387
2022-09-23,9018,9062,8620,8665,29704,-0.03925047122740877
2022-09-26,8664,8797,8620,8687,22352,0.002538949798038148
2022-09-27,9438,9438,8841,9085,27484,0.04581558650857609
2022-09-28,9040,9040,8753,8820,21985,-0.029168959823885565
2022-09-29,8819,9018,8775,8798,21540,-0.0024943310657596918
2022-09-30,8797,9107,8731,8842,25507,0.0050011366219595565
2022-10-04,8377,8775,8377,8488,62060,-0.040036190907034586
2022-10-05,8731,8775,8156,8179,35777,-0.03640433553251654
2022-10-06,8222,10632,8068,10632,580146,0.2999144149651547
2022-10-07,13815,13815,13815,13815,141295,0.29937923250564324
2022-10-11,14500,17948,12997,17949,2600757,0.29923995656894675
2022-10-12,20557,23320,19341,19341,4038798,0.0775530670232325
2022-10-13,18169,18390,13550,13550,1639311,-0.2994157489271496
2022-10-14,0,0,0,13550,0,0.0
2022-10-17,0,0,0,13550,0,0.0
2022-10-18,0,0,0,13550,0,0.0
2022-10-19,0,0,0,13550,0,0.0
2022-10-20,0,0,0,13550,0,0.0
2022-10-21,0,0,0,13550,0,0.0
2022-10-24,0,0,0,13550,0,0.0
2022-10-25,0,0,0,13550,0,0.0
2022-10-26,0,0,0,13550,0,0.0
2022-10-27,0,0,0,13550,0,0.0
2022-10-28,0,0,0,13550,0,0.0
2022-10-31,0,0,0,13550,0,0.0
2022-11-01,0,0,0,13550,0,0.0
2022-11-02,0,0,0,13550,0,0.0
2022-11-03,0,0,0,13550,0,0.0
2022-11-04,0,0,0,13550,0,0.0
2022-11-07,0,0,0,13550,0,0.0
2022-11-08,0,0,0,13550,0,0.0
2022-11-09,0,0,0,13550,0,0.0
2022-11-10,0,0,0,13550,0,0.0
2022-11-11,13550,14750,11800,11800,745193,-0.12915129151291516
2022-11-14,11200,11500,10000,10100,354219,-0.14406779661016944
2022-11-15,10100,10100,9280,9400,226994,-0.06930693069306926
2022-11-16,9490,10200,9370,9570,176678,0.018085106382978777
2022-11-17,9670,9680,9020,9100,101171,-0.04911180773249735
2022-11-18,9160,9450,9040,9160,71893,0.00659340659340657
2022-11-21,9200,9210,8840,8880,48692,-0.03056768558951961
2022-11-22,8900,8930,8600,8600,46568,-0.03153153153153154
2022-11-23,8600,8980,8400,8520,59178,-0.009302325581395321
2022-11-24,8600,8680,8460,8550,26535,0.0035211267605634866
2022-11-25,8590,8610,8480,8500,22664,-0.005847953216374324
2022-11-28,8500,8570,8050,8070,51218,-0.0505882352941176
2022-11-29,7990,8200,7920,8040,31067,-0.0037174721189591198
2022-11-30,8120,8140,7990,8120,23771,0.00995024875621886
2022-12-01,8130,8380,8120,8300,32008,0.022167487684729092
2022-12-02,8390,8390,8200,8270,14383,-0.0036144578313253017
2022-12-05,8210,8480,8200,8340,19176,0.00846432889963733
2022-12-06,8350,8450,8250,8340,14636,0.0
2022-12-07,8270,8300,8030,8060,23998,-0.033573141486810565
2022-12-08,8060,8060,7840,7850,19031,-0.02605459057071957
2022-12-09,7850,7950,7830,7900,12767,0.006369426751592355
2022-12-12,8000,8000,7930,7950,14822,0.006329113924050667
2022-12-13,7950,8130,7880,7940,11510,-0.0012578616352201255
2022-12-14,7940,7980,7870,7960,12777,0.0025188916876575096
2022-12-15,8050,8100,7900,7930,17579,-0.0037688442211055717
2022-12-16,7850,7890,7640,7730,28014,-0.02522068095838592
2022-12-19,7450,7450,6770,7050,100509,-0.0879689521345407
2022-12-20,7050,7050,6580,6690,42064,-0.051063829787234005
2022-12-21,6690,6740,6510,6570,22325,-0.017937219730941756
2022-12-22,6570,6710,6530,6560,12251,-0.0015220700152207556
2022-12-23,6620,8520,6610,8520,879279,0.2987804878048781
2022-12-26,9740,11050,9700,11050,1309753,0.29694835680751175
2022-12-27,10600,11850,9840,9960,1547508,-0.09864253393665157
2022-12-28,9640,9960,8680,8680,420127,-0.12851405622489964
2022-12-29,8600,11100,8600,9470,2474212,0.0910138248847927
2023-01-02,9280,10150,8630,8810,588956,-0.06969376979936637
2023-01-03,9250,9250,8510,8840,232043,0.0034052213393871433
2023-01-04,8910,9230,8550,9000,171923,0.018099547511312153
2023-01-05,9150,9350,8330,8490,210061,-0.05666666666666664
2023-01-06,8450,8610,8090,8150,126231,-0.0400471142520612
2023-01-09,8160,8280,8080,8160,77497,0.0012269938650306678
2023-01-10,8160,8600,7710,7710,202488,-0.05514705882352944
2023-01-11,7710,7890,7620,7640,54546,-0.009079118028534339
2023-01-12,7720,7900,7580,7700,57791,0.007853403141361293
2023-01-13,7720,9870,7690,9190,2833479,0.1935064935064934
2023-01-16,9280,9280,8540,8620,303145,-0.06202393906420023
2023-01-17,8590,8690,8150,8380,120726,-0.02784222737819031
2023-01-18,8380,8630,8160,8160,70357,-0.026252983293556076
2023-01-19,8160,8400,7850,8100,71004,-0.007352941176470562
2023-01-20,8060,9530,8050,8370,1551274,0.03333333333333344
2023-01-25,8370,8590,8160,8160,179932,-0.02508960573476704
2023-01-26,8160,8230,7970,8050,69853,-0.013480392156862697
2023-01-27,8090,9490,8070,8760,1159764,0.08819875776397512
2023-01-30,0,0,0,8760,0,0.0
2023-01-31,8160,8430,7580,7800,194413,-0.1095890410958904
2023-02-01,7800,7870,7700,7750,53149,-0.0064102564102563875
2023-02-02,7820,7990,7630,7670,60090,-0.010322580645161339
2023-02-03,7730,7770,7670,7770,26997,0.01303780964797907
2023-02-06,7780,7800,7650,7750,29050,-0.002574002574002532
2023-02-07,7700,7800,7660,7760,35142,0.001290322580645098
2023-02-08,7740,7760,7610,7700,29124,-0.0077319587628865705
2023-02-09,7700,7700,7300,7300,72495,-0.051948051948051965
2023-02-10,7300,7520,7000,7360,49844,0.008219178082191858
2023-02-13,7360,7390,7100,7260,17052,-0.013586956521739135
2023-02-14,7260,7410,7170,7190,17749,-0.009641873278236957
2023-02-15,7190,7260,7030,7030,22960,-0.022253129346314293
2023-02-16,6990,7260,6900,7170,17099,0.019914651493598834
2023-02-17,7170,7400,7170,7230,15599,0.008368200836819994
2023-02-20,7240,7330,7180,7290,16726,0.008298755186721962
2023-02-21,7290,7400,7210,7250,13646,-0.005486968449931462
2023-02-22,7250,7450,7120,7210,29969,-0.0055172413793103114
2023-02-23,7100,7130,6900,6920,45256,-0.04022191400832176
2023-02-24,6920,6970,6590,6860,57491,-0.00867052023121384
2023-02-27,6840,6870,6570,6650,25435,-0.030612244897959218
2023-02-28,6650,6920,6650,6770,16799,0.018045112781954975
2023-03-02,6830,6960,6770,6830,12499,0.008862629246676468
2023-03-03,6870,7000,6840,6890,17273,0.008784773060029227
2023-03-06,6930,7210,6910,7210,31258,0.046444121915820036
2023-03-07,7210,7300,7000,7200,21655,-0.001386962552011095
2023-03-08,7170,7180,6870,6870,25053,-0.04583333333333328
2023-03-09,6870,6870,6400,6560,26988,-0.0451237263464338
2023-03-10,6560,6570,6380,6420,17487,-0.021341463414634165
2023-03-13,6410,6410,6230,6340,15746,-0.012461059190031154
2023-03-14,6220,6220,6000,6030,16383,-0.04889589905362779
2023-03-15,6010,6190,5950,6120,16404,0.014925373134328401
2023-03-16,6130,6470,5950,6200,27474,0.013071895424836555
2023-03-17,6210,8000,6210,6910,771733,0.11451612903225805
2023-03-20,7040,7490,6850,6850,141376,-0.00868306801736618
2023-03-21,6850,7050,6510,6590,39997,-0.03795620437956204
2023-03-22,6600,6710,6480,6640,24249,0.007587253414264028
2023-03-23,6640,6700,6380,6380,27318,-0.03915662650602414
2023-03-24,6280,6640,6210,6490,40952,0.01724137931034475
2023-03-27,6490,6570,6300,6480,22329,-0.0015408320493066618
2023-03-28,6440,6730,6410,6660,21748,0.02777777777777768
2023-03-29,6660,7050,6560,6800,30110,0.021021021021021102
2023-03-30,6800,6890,6750,6810,20736,0.0014705882352941124
2023-03-31,6830,6930,6640,6750,22475,-0.008810572687224627
2023-04-03,6750,6750,6410,6640,26285,-0.016296296296296253
2023-04-04,6640,6870,6550,6840,22521,0.030120481927710774
2023-04-05,6780,7000,6770,6840,14843,0.0
2023-04-06,6770,7180,6610,6950,38222,0.016081871345029253
2023-04-07,6950,7160,6800,6820,17059,-0.018705035971222972
2023-04-10,6820,6820,6550,6630,11688,-0.027859237536656867
2023-04-11,6540,6780,6450,6700,19965,0.010558069381598756
2023-04-12,6670,6920,6640,6870,21079,0.025373134328358304
2023-04-13,6870,6880,6680,6740,10051,-0.018922852983988325
2023-04-14,6740,6870,6700,6870,12932,0.01928783382789323
2023-04-17,6870,6920,6700,6710,19350,-0.02328966521106257
2023-04-18,6710,6770,6620,6680,16150,-0.0044709388971684305
2023-04-19,6680,7300,6610,7000,33138,0.0479041916167664
2023-04-20,6950,7190,6690,6710,23315,-0.04142857142857148
2023-04-21,6550,6900,6550,6650,20080,-0.008941877794336861
2023-04-24,6640,7000,6580,6660,19643,0.0015037593984963404
2023-04-25,6660,6660,6310,6320,27801,-0.05105105105105101
2023-04-26,6300,6310,6000,6050,22560,-0.04272151898734178
2023-04-27,6040,6120,5920,6120,15049,0.011570247933884392
2023-04-28,6130,6260,5900,5990,21548,-0.021241830065359513
2023-05-02,5990,6200,5950,6080,13560,0.015025041736226985
2023-05-03,6090,6090,5950,6020,5670,-0.009868421052631526
2023-05-04,5960,6050,5900,5980,13832,-0.006644518272425293
2023-05-08,5920,6190,5920,5990,8418,0.0016722408026756952
2023-05-09,6020,6120,5500,5780,23513,-0.035058430717863076
2023-05-10,5800,5840,5710,5820,10925,0.006920415224913601
2023-05-11,5820,5860,5500,5820,16588,0.0
2023-05-12,5850,5850,5710,5740,12399,-0.013745704467353903
2023-05-15,5670,5730,5620,5660,9424,-0.013937282229965153
2023-05-16,5610,5770,5560,5770,12733,0.019434628975264934
2023-05-17,5820,6180,5820,5940,19435,0.029462738301559765
2023-05-18,6160,6200,5980,6000,14818,0.010101010101010166
2023-05-19,6060,6060,5940,5970,14522,-0.0050000000000000044
2023-05-22,5970,6140,5940,6000,7076,0.005025125628140614
2023-05-23,6090,6090,5960,6000,5112,0.0
2023-05-24,6000,6150,5830,5830,16242,-0.02833333333333332
2023-05-25,5860,7000,5860,5980,130026,0.02572898799313883
2023-05-26,6020,6270,5750,5810,42324,-0.02842809364548493
2023-05-30,5810,7200,5810,5970,463255,0.027538726333907082
2023-05-31,6000,6130,5910,5910,54877,-0.01005025125628145
2023-06-01,5910,5910,5700,5840,39560,-0.011844331641285955
2023-06-02,5870,6050,5870,5910,14454,0.011986301369863117
2023-06-05,5910,6020,5870,5980,18017,0.011844331641285955
2023-06-07,6040,6210,5930,6000,23732,0.0033444816053511683
2023-06-08,6000,6020,5880,5910,10256,-0.015000000000000013
2023-06-09,5910,5950,5870,5940,9952,0.0050761421319796
2023-06-12,5940,5940,5660,5810,14818,-0.02188552188552184
2023-06-13,5830,5880,5760,5840,7682,0.005163511187607606
2023-06-14,5840,5860,5700,5720,14002,-0.020547945205479423
2023-06-15,5660,5710,5520,5590,16355,-0.022727272727272707
2023-06-16,5550,5670,5480,5670,10805,0.014311270125223707
2023-06-19,5690,5890,5690,5710,11620,0.007054673721340388
2023-06-20,5710,5710,5620,5650,10858,-0.010507880910682998
2023-06-21,5660,5770,5600,5770,6688,0.02123893805309729
2023-06-22,5650,5800,5580,5790,9494,0.0034662045060658286
2023-06-23,5730,5800,5670,5800,8501,0.0017271157167531026
2023-06-26,5760,5800,5610,5740,5308,-0.010344827586206917
2023-06-27,5740,5840,5740,5770,5896,0.005226480836237002
2023-06-28,5770,5770,5620,5620,13219,-0.025996533795493937
2023-06-29,5510,5700,5510,5560,11591,-0.010676156583629859
2023-06-30,5560,5900,5560,5600,11015,0.007194244604316502
2023-07-03,5620,5790,5620,5700,13050,0.017857142857142794
2023-07-04,5720,5800,5660,5700,8922,0.0
2023-07-05,5730,5850,5660,5740,10977,0.007017543859649145
2023-07-06,5740,5740,5560,5610,14681,-0.022648083623693416
2023-07-07,5520,5520,5390,5520,15595,-0.016042780748663055
2023-07-10,5460,5480,5130,5480,16430,-0.007246376811594235
2023-07-11,5430,5430,5310,5340,13818,-0.025547445255474477
2023-07-12,5340,5450,5200,5240,13042,-0.01872659176029967
2023-07-13,5270,5490,5270,5420,12392,0.03435114503816794
2023-07-14,5450,5990,5450,5510,63712,0.016605166051660625
2023-07-17,5600,5750,5530,5530,10276,0.003629764065335772
2023-07-18,5550,5670,5380,5380,16984,-0.027124773960216952
2023-07-19,5380,5380,5180,5200,15664,-0.03345724907063197
2023-07-20,6760,6760,6760,6760,202743,0.30000000000000004
2023-07-21,5810,8300,5700,6070,2723695,-0.10207100591715978
2023-07-24,6320,7480,6100,6460,915682,0.06425041186161451
2023-07-25,6600,7250,6000,6100,393026,-0.05572755417956654
2023-07-26,6120,6140,5210,5240,187900,-0.14098360655737707
2023-07-27,5290,5460,5260,5360,65323,0.022900763358778553
2023-07-28,5630,5760,5460,5560,51720,0.03731343283582089
2023-07-31,5640,6870,5580,6300,368439,0.13309352517985618
2023-08-01,6450,6550,6210,6370,110767,0.011111111111111072
2023-08-02,6260,6460,6200,6450,51005,0.012558869701726927
2023-08-03,6360,6370,6000,6310,31339,-0.02170542635658912
2023-08-04,6240,6370,6120,6350,25229,0.006339144215530945
2023-08-07,6300,6490,6240,6380,30770,0.0047244094488188
2023-08-08,6320,6350,6100,6240,31992,-0.021943573667711602
2023-08-09,6230,6550,6180,6500,38838,0.04166666666666674
2023-08-10,6530,6700,6440,6590,30814,0.013846153846153841
2023-08-11,6590,6730,6510,6700,31406,0.01669195751138086
2023-08-14,6900,6900,6240,6280,32328,-0.06268656716417909
2023-08-16,6210,6280,5900,6050,19121,-0.0366242038216561
2023-08-17,5960,6400,5800,6390,31152,0.056198347107438096
2023-08-18,6390,6810,6280,6660,50968,0.04225352112676051
2023-08-21,6640,6690,6230,6300,21832,-0.05405405405405406
2023-08-22,6400,6450,6150,6150,18107,-0.023809523809523836
2023-08-23,6140,6360,6040,6110,16244,-0.006504065040650375
2023-08-24,6110,6380,6040,6260,15104,0.02454991816693952
2023-08-25,6260,6460,6150,6270,14375,0.0015974440894568342
2023-08-28,6240,6520,6240,6350,12887,0.012759170653907415
2023-08-29,6360,6480,6220,6420,13409,0.011023622047244164
2023-08-30,6380,6680,6330,6420,19599,0.0
2023-08-31,6420,6440,6270,6350,18024,-0.010903426791277204
2023-09-01,6220,6560,6160,6410,13539,0.009448818897637823
2023-09-04,6350,6670,6350,6600,27274,0.029641185647425905
2023-09-05,6600,7980,6550,7900,294294,0.19696969696969702
2023-09-06,8020,8450,7350,7980,258854,0.010126582278481067
2023-09-07,7900,8900,7820,8670,282139,0.08646616541353391
2023-09-08,8710,11000,8710,10600,555786,0.22260668973471742
2023-09-11,11030,11700,10020,10700,266650,0.009433962264151052
2023-09-12,11050,11500,10120,11160,194577,0.04299065420560755
2023-09-13,11160,11590,10400,10410,69231,-0.06720430107526887
2023-09-14,10320,10780,9500,10000,59703,-0.03938520653218058
2023-09-15,10070,12080,9860,11000,285992,0.10000000000000009
2023-09-18,11900,12510,7700,7700,610993,-0.30000000000000004
2023-09-19,7870,8600,7500,7980,156932,0.036363636363636376
2023-09-20,8400,8460,7720,8160,78697,0.022556390977443552
2023-09-21,8200,8290,7750,7900,44355,-0.031862745098039214
2023-09-22,7900,8200,7680,7910,40592,0.0012658227848101333
2023-09-25,7850,8290,7850,8130,34004,0.027812895069532217
2023-09-26,7900,8400,7850,7870,24322,-0.03198031980319804
2023-09-27,7650,7930,7180,7680,33030,-0.02414231257941546
2023-10-04,7680,7900,7250,7660,20874,-0.0026041666666666297
2023-10-05,7550,7770,7350,7450,15547,-0.02741514360313313
2023-10-06,7500,7770,7410,7770,7907,0.04295302013422808
2023-10-10,7770,8140,7650,7980,37093,0.027027027027026973
2023-10-11,8300,8300,7920,8100,28979,0.015037593984962516
2023-10-12,8100,8770,7500,7600,120131,-0.06172839506172845
2023-10-13,7680,9280,7200,7690,499969,0.011842105263157876
2023-10-16,7500,7650,7300,7340,53203,-0.04551365409622887
2023-10-17,7340,8200,7340,7530,27008,0.02588555858310637
2023-10-18,7690,7700,7220,7280,32122,-0.033200531208499307
2023-10-19,7280,7450,6790,6790,55120,-0.06730769230769229
2023-10-20,6760,8400,6620,7510,168239,0.10603829160530198
2023-10-23,7750,7980,7100,7120,85444,-0.051930758988016024
2023-10-24,7120,7320,6600,7170,20858,0.0070224719101124045
2023-10-25,7010,7450,6700,6850,23434,-0.04463040446304045
2023-10-26,7190,7200,6580,6700,21162,-0.021897810218978075
2023-10-27,6700,6730,6200,6360,33667,-0.05074626865671639
2023-10-30,6420,6460,5900,6100,18335,-0.04088050314465408
2023-10-31,5560,6310,5560,5790,71395,-0.050819672131147575
2023-11-01,5790,5820,5600,5660,28917,-0.022452504317789335
2023-11-02,5730,5960,5530,5560,25817,-0.017667844522968212
2023-11-03,5710,5850,5620,5790,15763,0.04136690647482011
2023-11-06,5900,6090,5750,5800,20180,0.0017271157167531026
2023-11-07,5860,5870,5430,5540,34629,-0.04482758620689653
2023-11-08,5570,5660,5390,5400,21759,-0.02527075812274371
2023-11-09,5530,5530,5160,5410,20860,0.0018518518518517713
2023-11-10,5410,5590,5340,5410,6615,0.0
2023-11-13,5390,5440,5170,5420,26403,0.001848428835489857
2023-11-14,5340,5640,5300,5410,8363,-0.0018450184501844769
2023-11-15,5570,5580,5330,5420,33759,0.001848428835489857
2023-11-16,5440,5710,5380,5600,38254,0.03321033210332103
2023-11-17,5530,7200,5510,6970,555564,0.24464285714285716
2023-11-20,7240,7250,6620,6830,64587,-0.020086083213773365
2023-11-21,6870,7100,6750,6830,19128,0.0
2023-11-22,6860,7010,6310,6480,31391,-0.051244509516837455
2023-11-23,6480,6510,6110,6310,20967,-0.026234567901234573
2023-11-24,6250,6580,6180,6180,15646,-0.020602218700475405
2023-11-27,6220,6220,5910,6000,10010,-0.029126213592232997
2023-11-28,5910,6030,5690,5740,14034,-0.043333333333333335
2023-11-29,5740,5880,5620,5660,8421,-0.013937282229965153
2023-11-30,5660,6150,5660,5800,12248,0.02473498233215543
2023-12-01,5810,5820,5510,5600,28598,-0.03448275862068961
2023-12-04,5600,5620,5460,5510,12848,-0.016071428571428625
2023-12-05,5500,5590,5470,5530,11264,0.003629764065335772
2023-12-06,5530,5760,5480,5670,8748,0.025316455696202445
2023-12-07,5720,5720,5380,5520,19696,-0.02645502645502651
2023-12-08,5500,5700,5450,5600,12496,0.01449275362318847
2023-12-11,5680,7280,5640,6740,1075818,0.20357142857142851
2023-12-12,6740,7200,6380,6770,277105,0.004451038575667754
2023-12-13,6560,7720,6400,7020,210661,0.03692762186115206
2023-12-14,7350,8080,6670,6950,323072,-0.009971509971509973
2023-12-15,6950,7150,6530,7000,63169,0.007194244604316502
2023-12-18,6880,7100,6690,6990,38427,-0.0014285714285714457
2023-12-19,7130,7310,6800,6990,64979,0.0
2023-12-20,6920,7060,6800,6800,18615,-0.027181688125894166
2023-12-21,6900,7300,6780,6970,26406,0.02499999999999991
2023-12-22,7010,7020,6480,6480,25214,-0.07030129124820661
2023-12-26,6480,6650,5990,6060,36905,-0.06481481481481477
2023-12-27,6180,7000,5980,6020,89752,-0.0066006600660065695
2023-12-28,6090,6620,6090,6250,23528,0.038205980066445155
2024-01-02,6260,6540,6260,6530,19745,0.04479999999999995
2024-01-03,6530,6800,6300,6700,17495,0.026033690658499253
2024-01-04,6690,6790,6410,6790,8655,0.013432835820895495
2024-01-05,6610,6890,6610,6800,18562,0.0014727540500736325
2024-01-08,6810,6860,6700,6730,9151,-0.010294117647058787
2024-01-09,6650,7020,6650,6910,25680,0.026745913818722045
2024-01-10,6880,6950,6750,6750,12149,-0.02315484804630974
2024-01-11,6730,6990,6730,6890,8813,0.020740740740740726
2024-01-12,6890,6980,6850,6960,8756,0.010159651669085612
2024-01-15,6960,7000,6850,6900,3641,-0.008620689655172376
2024-01-16,6800,6990,6800,6900,4487,0.0
2024-01-17,6810,7000,6800,6810,7103,-0.013043478260869601
2024-01-18,6740,6850,6650,6660,4572,-0.022026431718061623
2024-01-19,6530,7050,6530,6630,17197,-0.0045045045045044585
2024-01-22,6630,6970,6630,6970,16020,0.05128205128205132
2024-01-23,6860,6960,6660,6690,6045,-0.04017216642754662
2024-01-24,6630,7040,6550,6940,16028,0.03736920777279518
2024-01-25,6940,7000,6640,6950,8464,0.0014409221902016434
2024-01-26,6910,7070,6800,6950,9509,0.0
2024-01-29,6950,6990,6490,6950,19124,0.0
2024-01-30,6700,7050,6700,6850,3832,-0.014388489208633115
2024-01-31,6780,6980,6500,6850,8865,0.0
2024-02-01,6780,6950,6590,6600,13143,-0.03649635036496346
2024-02-02,6500,6720,6190,6300,31882,-0.045454545454545414
2024-02-05,6300,6740,6290,6320,5111,0.0031746031746031633
2024-02-06,6220,6290,5840,5840,37028,-0.07594936708860756
2024-02-07,5840,6400,5800,6250,11778,0.0702054794520548
2024-02-08,6540,6550,6210,6380,8124,0.02079999999999993
2024-02-13,6310,6550,6310,6520,13931,0.021943573667711602
2024-02-14,6500,6610,6340,6560,17625,0.006134969325153339
2024-02-15,6400,6550,6400,6480,7342,-0.012195121951219523
2024-02-16,6390,6530,6370,6430,5301,-0.007716049382716084
2024-02-19,6210,6500,6210,6300,3142,-0.02021772939346811
2024-02-20,6220,6450,6220,6240,3571,-0.00952380952380949
2024-02-21,6240,6500,6070,6350,6513,0.017628205128205066
2024-02-22,6170,6380,6140,6150,5394,-0.03149606299212604
2024-02-23,6010,6290,6010,6060,4170,-0.014634146341463428
2024-02-26,6060,6100,5890,5900,18386,-0.02640264026402639
2024-02-27,6000,6000,5650,5800,11695,-0.016949152542372836
2024-02-28,5810,6090,5800,5800,5245,0.0
2024-02-29,6090,6090,5740,5760,5261,-0.006896551724137945
2024-03-04,5710,6080,5620,5870,9881,0.01909722222222232
2024-03-05,5870,6050,5720,5980,12227,0.01873935264054505
2024-03-06,5980,5990,5770,5770,7104,-0.03511705685618727
2024-03-07,5980,5980,5540,5580,14097,-0.032928942807625705
2024-03-08,5580,5590,5320,5510,25311,-0.012544802867383464
2024-03-11,5680,5840,5400,5550,15758,0.007259528130671544
2024-03-12,5800,5800,5300,5350,14960,-0.036036036036036
2024-03-13,5350,5610,5300,5390,11596,0.007476635514018781
2024-03-14,5400,5530,5290,5300,10904,-0.016697588126159513
2024-03-15,5390,5680,5340,5470,12147,0.03207547169811331
2024-03-18,5600,7110,5510,5610,871225,0.025594149908592323
2024-03-19,5650,6020,5480,5680,77292,0.012477718360071277
2024-03-20,0,0,0,5680,0,0.0
2024-03-21,5420,5620,5300,5480,57523,-0.035211267605633756
2024-03-22,6200,6810,5610,5840,266956,0.06569343065693434
2024-03-25,5980,6020,5890,6020,45899,0.03082191780821919
2024-03-26,6010,6040,5870,6010,13868,-0.0016611295681062677
2024-03-27,6010,6040,5860,5940,21863,-0.011647254575707144
2024-03-28,5940,5940,5780,5790,10023,-0.025252525252525304
2024-03-29,5710,5850,5710,5730,9989,-0.010362694300518172
2024-04-01,5730,5880,5610,5870,12329,0.024432809773123898
2024-04-02,5810,5980,5550,5900,10080,0.005110732538330387
2024-04-03,5990,5990,5680,5740,11195,-0.027118644067796627
2024-04-04,5720,5830,5720,5800,6123,0.010452961672473782
2024-04-05,5790,5790,5400,5540,15883,-0.04482758620689653
2024-04-08,5600,5680,5420,5500,9809,-0.0072202166064981865
2024-04-09,5680,5680,5480,5520,11080,0.0036363636363636598
2024-04-11,5520,5790,5520,5630,7707,0.019927536231884035
2024-04-12,5580,5790,5520,5520,7923,-0.019538188277087087
2024-04-15,5520,5670,5400,5440,10005,-0.01449275362318836
2024-04-16,5440,5540,5440,5530,2138,0.016544117647058876
2024-04-17,5680,5680,5540,5580,4859,0.009041591320072317
2024-04-18,5680,5680,5500,5550,2529,-0.005376344086021501
2024-04-19,5560,5680,5410,5580,7044,0.00540540540540535
2024-04-22,5580,5680,5500,5500,6154,-0.014336917562724039
2024-04-23,5560,5560,5340,5340,3108,-0.029090909090909056
2024-04-24,5440,5500,5340,5400,4771,0.011235955056179803
2024-04-25,5500,5500,5300,5390,7934,-0.0018518518518518823
2024-04-26,5400,6360,5400,5650,293150,0.04823747680890533
2024-04-29,5650,5660,5560,5650,15232,0.0
2024-04-30,5650,5650,5550,5600,10408,-0.008849557522123908
2024-05-02,5590,5900,5520,5730,19432,0.023214285714285632
2024-05-03,5600,5770,5600,5750,7753,0.003490401396160525
2024-05-07,5750,5750,5630,5710,6384,-0.006956521739130417
2024-05-08,5730,5740,5630,5650,5648,-0.010507880910682998
2024-05-09,5700,5700,5600,5640,8238,-0.001769911504424737
2024-05-10,5640,5740,5600,5640,4224,0.0
2024-05-13,5660,5740,5610,5690,3405,0.00886524822695045
2024-05-14,5660,5660,5580,5610,2809,-0.01405975395430581
2024-05-16,5620,5680,5590,5640,3970,0.005347593582887722
2024-05-17,5640,5690,5580,5580,3503,-0.010638297872340385
2024-05-20,5580,5590,5520,5590,8018,0.0017921146953405742
2024-05-21,5570,5680,5500,5580,4270,-0.0017889087656529634
2024-05-22,5600,5670,5510,5580,8824,0.0
2024-05-23,5580,5670,5580,5600,6513,0.0035842293906809264
2024-05-24,5600,5600,5410,5410,11942,-0.03392857142857142
2024-05-27,5410,5750,5400,5580,20795,0.031423290203327126
2024-05-28,5590,5680,5500,5570,4296,-0.0017921146953404632
2024-05-29,5570,5650,5500,5540,12988,-0.0053859964093356805
2024-05-30,5540,5700,5370,5380,10725,-0.028880866425992746
2024-05-31,5380,5750,5380,5570,19815,0.03531598513011147
2024-06-03,5570,6050,5420,5490,31764,-0.014362657091561926
2024-06-04,5410,5570,5410,5490,6621,0.0
2024-06-05,5490,5700,5440,5550,8781,0.010928961748633892
2024-06-07,5550,5550,5400,5400,7249,-0.027027027027026973
2024-06-10,5480,5480,5290,5390,4562,-0.0018518518518518823
2024-06-11,5390,5500,5310,5400,8950,0.0018552875695732052
2024-06-12,5540,5590,5320,5420,3541,0.0037037037037037646
2024-06-13,5430,5450,5330,5450,10434,0.005535055350553542
2024-06-14,5500,6420,5500,5890,166060,0.08073394495412844
2024-06-17,5890,6190,5640,5900,34761,0.001697792869269854
2024-06-18,5810,5850,5600,5600,16657,-0.05084745762711862
2024-06-19,5560,5590,5360,5400,29619,-0.0357142857142857
2024-06-20,5390,5900,5380,5560,10106,0.029629629629629672
2024-06-21,5560,5560,5420,5460,1928,-0.017985611510791366
2024-06-24,5380,5480,5380,5400,4284,-0.01098901098901095
2024-06-25,5400,5670,5380,5410,7552,0.0018518518518517713
2024-06-26,5410,5490,5380,5410,5073,0.0
2024-06-27,5590,5590,5370,5380,1966,-0.00554528650646946
2024-06-28,5640,5640,5360,5400,3241,0.0037174721189590088
2024-07-01,5600,5600,5350,5450,5637,0.0092592592592593
2024-07-02,5500,6350,5390,5730,103994,0.05137614678899083
2024-07-03,5670,5710,5420,5420,8949,-0.054101221640488695
2024-07-04,5420,5590,5400,5420,5037,0.0
2024-07-05,5420,5530,5390,5430,3957,0.0018450184501845879
2024-07-08,5560,5560,5450,5470,3460,0.007366482504604033
2024-07-09,5470,5560,5440,5500,3622,0.005484460694698434
2024-07-10,5600,5600,5400,5440,8591,-0.010909090909090868
2024-07-11,5440,5600,5410,5520,10049,0.014705882352941124
2024-07-12,5520,5520,5430,5510,3903,-0.0018115942028985588
2024-07-15,5470,5680,5410,5440,22165,-0.012704174228675091
2024-07-16,5440,5530,5360,5470,22696,0.005514705882353033
2024-07-17,5450,5660,5410,5460,6405,-0.001828153564899404
2024-07-18,5460,5460,5320,5350,7684,-0.020146520146520186
2024-07-19,5300,5490,5240,5270,23735,-0.01495327102803734
2024-07-22,5350,5480,5130,5260,7217,-0.00189753320683117
2024-07-23,5190,5340,5170,5290,8186,0.005703422053231932
2024-07-24,5290,5330,5190,5300,8202,0.001890359168241984
2024-07-25,5200,5390,5170,5230,5161,-0.013207547169811318
2024-07-26,5170,5280,5120,5220,3843,-0.0019120458891013214
2024-07-29,5400,5400,5150,5190,3682,-0.005747126436781658
2024-07-30,5350,5350,5120,5270,4972,0.015414258188824581
2024-07-31,5170,5310,5170,5210,4323,-0.011385199240986688
2024-08-01,5330,5330,5210,5270,2078,0.011516314779270731
2024-08-02,5270,5270,5160,5180,4288,-0.017077798861480087
2024-08-05,5180,5180,4815,5120,9539,-0.01158301158301156
2024-08-06,5040,5200,4815,4965,8352,-0.0302734375
2024-08-07,5100,5100,4900,4900,10204,-0.01309164149043307
2024-08-08,4915,5180,4850,4850,4219,-0.010204081632653073
2024-08-09,4805,4965,4805,4960,6686,0.02268041237113394
2024-08-12,4960,5500,4960,5200,33758,0.048387096774193505
2024-08-13,5270,6000,5270,5600,111961,0.07692307692307687
2024-08-14,5680,5740,5530,5600,16936,0.0
2024-08-16,5790,5790,5530,5640,15388,0.0071428571428571175
2024-08-19,5640,5640,5520,5590,8155,-0.00886524822695034
2024-08-20,5540,5590,5260,5590,6201,0.0
2024-08-21,5590,5590,5330,5400,6456,-0.03398926654740608
2024-08-22,5400,5500,5340,5400,3361,0.0
2024-08-23,5350,5380,5200,5230,7545,-0.031481481481481444
2024-08-26,5400,5400,5180,5200,5104,-0.005736137667303964
2024-08-27,5200,5200,5100,5120,3592,-0.01538461538461533
2024-08-28,5120,5120,5040,5090,4252,-0.005859375
2024-08-29,5090,5130,5010,5050,4319,-0.007858546168958758
2024-08-30,5050,5230,5010,5080,4749,0.005940594059405946
2024-09-02,5120,5300,4995,5000,4613,-0.015748031496062964
2024-09-03,5000,5500,4965,5020,29317,0.0040000000000000036
2024-09-04,4985,5150,4985,5050,8026,0.005976095617529875
2024-09-05,5040,5340,4850,5010,88009,-0.007920792079207928
2024-09-06,5010,5180,5000,5030,3145,0.003992015968063978
2024-09-09,5030,5290,4805,5290,18803,0.05168986083499005
2024-09-10,5450,5450,5100,5140,7740,-0.02835538752362954
2024-09-11,5090,5180,3960,4100,238520,-0.2023346303501945
2024-09-12,3975,4615,3900,4385,51622,0.06951219512195128
2024-09-13,4565,4565,4295,4455,8414,0.015963511972634015
2024-09-19,4455,4800,4455,4665,6329,0.047138047138047146
2024-09-20,4665,5650,4665,4925,245353,0.055734190782422255
2024-09-23,4925,5170,4880,5160,30047,0.04771573604060908
2024-09-24,5170,5390,5160,5230,12709,0.013565891472868241
2024-09-25,5250,5370,4980,5130,8147,-0.019120458891013437
2024-09-26,5130,5160,5010,5100,6661,-0.005847953216374324
2024-09-27,5280,5540,5150,5340,28914,0.04705882352941182
2024-09-30,5340,5490,5190,5280,7558,-0.011235955056179803
2024-10-02,5480,5480,5240,5260,3028,-0.0037878787878787845
2024-10-04,5400,5400,5110,5150,6620,-0.020912547528517123
2024-10-07,5220,5390,5150,5200,2879,0.009708737864077666
2024-10-08,5400,5400,5140,5190,1924,-0.0019230769230769162
2024-10-10,5140,5250,5050,5050,2564,-0.026974951830443183
2024-10-11,5100,5100,4895,4905,5779,-0.02871287128712874
2024-10-14,4725,4895,4675,4680,9297,-0.04587155963302747
2024-10-15,4725,5190,4640,4675,34456,-0.0010683760683760646
2024-10-16,4880,4900,4610,4640,10722,-0.007486631016042744
2024-10-17,4670,4895,4640,4665,5846,0.005387931034482651
2024-10-18,4710,4710,4595,4595,7500,-0.015005359056806
2024-10-21,4590,4595,4555,4580,505,-0.0032644178454842576
2024-10-22,4535,4780,4310,4310,7509,-0.058951965065502154
2024-10-23,4310,4490,4310,4490,2401,0.0417633410672853
2024-10-24,4490,4625,4490,4505,2411,0.0033407572383072903
2024-10-25,4505,4950,4505,4645,19332,0.031076581576026552
2024-10-28,4960,4960,4615,4670,3489,0.005382131324004336
2024-10-29,4820,4820,4670,4730,6994,0.012847965738758127
2024-10-30,4690,4740,4600,4605,5422,-0.026427061310782207
2024-10-31,4650,4650,4535,4625,3702,0.004343105320304019
2024-11-01,4605,4645,4500,4555,2472,-0.015135135135135092
2024-11-04,4555,4880,4555,4700,17606,0.0318331503841931
2024-11-05,4760,4860,4610,4725,17243,0.005319148936170137
2024-11-06,4810,4870,4720,4850,8989,0.02645502645502651
2024-11-07,4850,4930,4825,4900,17502,0.010309278350515427
2024-11-08,4855,4980,4770,4770,8222,-0.026530612244897944
2024-11-11,4790,4810,4415,4415,32821,-0.07442348008385746
2024-11-12,4420,4705,4300,4300,11051,-0.02604756511891282
2024-11-13,4300,4350,4225,4230,13659,-0.016279069767441867
2024-11-14,4270,4520,4230,4275,3273,0.010638297872340496
2024-11-15,4275,4415,4120,4125,5434,-0.03508771929824561
2024-11-18,4125,4195,4005,4030,19633,-0.023030303030303068
2024-11-19,4050,4195,3915,4025,16188,-0.001240694789081842
2024-11-20,4025,4200,4010,4010,13135,-0.003726708074534124
2024-11-21,4075,4305,4035,4105,2811,0.023690773067331694
2024-11-22,4100,4160,3980,4080,13824,-0.006090133982947665
2024-11-25,4040,4350,4040,4300,19609,0.05392156862745101
2024-11-26,4300,4385,4275,4280,4100,-0.0046511627906976605
2024-11-27,4310,4460,4310,4385,9368,0.02453271028037385
2024-11-28,4480,4480,4340,4340,4436,-0.010262257696693311
2024-11-29,4480,4480,4200,4200,5552,-0.032258064516129004
2024-12-02,4140,4270,4140,4195,3068,-0.0011904761904761862
2024-12-03,4155,4450,4155,4240,12143,0.010727056019070424
2024-12-04,4235,4280,4175,4180,10197,-0.014150943396226467
2024-12-05,4180,4275,4140,4160,1074,-0.004784688995215336
2024-12-06,4160,4160,3840,4070,7781,-0.02163461538461542
2024-12-09,4070,4070,3890,4005,11557,-0.01597051597051602
2024-12-10,3885,4250,3885,4075,5490,0.017478152309613026
2024-12-11,4080,4240,4080,4105,2056,0.007361963190184007
2024-12-12,4280,4280,4105,4105,7286,0.0
2024-12-13,4105,4180,3995,4120,3537,0.0036540803897686658
2024-12-16,4120,4700,4060,4090,21124,-0.007281553398058249
2024-12-17,4090,5090,4090,4485,89155,0.09657701711491451
2024-12-18,4480,4550,4080,4495,20238,0.0022296544035673715
2024-12-19,4495,4715,4135,4480,30695,-0.0033370411568409697
2024-12-20,4455,4480,4265,4275,8881,-0.0457589285714286
2024-12-23,4275,4275,4120,4240,6713,-0.008187134502923965
2024-12-24,4200,4270,4080,4130,7413,-0.02594339622641506
2024-12-26,4130,4220,4095,4160,6720,0.007263922518159882
2024-12-27,4190,4200,4095,4095,4616,-0.015625
2024-12-30,4100,4175,3990,4000,12061,-0.023199023199023228
2025-01-02,4005,4330,4005,4195,11247,0.04875000000000007
2025-01-03,4300,4300,4140,4160,6307,-0.008343265792610244
2025-01-06,4300,4300,4160,4265,6535,0.02524038461538458
2025-01-07,4220,4800,4220,4370,39746,0.024618991793669442
2025-01-08,4455,4515,4390,4495,4987,0.028604118993134975
2025-01-09,4495,4625,4405,4430,7920,-0.014460511679644017
2025-01-10,4495,4600,4260,4330,22401,-0.02257336343115124
2025-01-13,4340,4380,4290,4310,10087,-0.004618937644341847
2025-01-14,4305,4305,4215,4220,8122,-0.02088167053364265
2025-01-15,4220,4300,4180,4190,5169,-0.007109004739336511
2025-01-16,4140,4225,4140,4195,3893,0.0011933174224343368
2025-01-17,4155,4235,4155,4160,8853,-0.008343265792610244
2025-01-20,4120,4160,4095,4140,8542,-0.004807692307692291
2025-01-21,4140,4140,3805,3870,39511,-0.06521739130434778
2025-01-22,3900,3995,3900,3905,12062,0.009043927648578753
2025-01-23,3920,4230,3920,3925,9011,0.005121638924455718
2025-01-24,3930,4000,3850,3935,3264,0.002547770700636942
2025-01-31,3940,4100,3900,3940,7508,0.0012706480304955914
2025-02-03,3940,4100,3940,3945,16786,0.0012690355329949554
2025-02-04,3925,4035,3925,4020,3104,0.019011406844106515
2025-02-05,4080,4100,4010,4015,4203,-0.0012437810945273853
2025-02-06,4035,4050,4015,4040,3088,0.0062266500622665255
2025-02-07,4245,4245,3815,3820,14028,-0.054455445544554504
2025-02-10,4100,4100,3860,3875,4566,0.014397905759162333
2025-02-11,3870,4080,3795,3810,5166,-0.01677419354838705
2025-02-12,3810,3860,3790,3810,3726,0.0
2025-02-13,3830,3910,3680,3695,25036,-0.030183727034120755
2025-02-14,3840,3840,3610,3610,13232,-0.023004059539918797
2025-02-17,3800,3800,3430,3440,30365,-0.047091412742382266
2025-02-18,3470,3560,3330,3330,22461,-0.03197674418604646
2025-02-19,3330,3390,3250,3305,39345,-0.007507507507507505
2025-02-20,3305,3400,3290,3355,36788,0.015128593040847127
2025-02-21,3355,3355,3300,3300,9986,-0.016393442622950838
2025-02-24,3300,3330,3270,3310,7342,0.003030303030302939
2025-02-25,3295,3340,3280,3310,12480,0.0
2025-02-26,3305,3330,3255,3255,8772,-0.0166163141993958
2025-02-27,3280,3350,3050,3070,32998,-0.056835637480798784
2025-02-28,3070,3150,3065,3095,12707,0.008143322475570036
2025-03-04,3095,3200,3065,3195,11530,0.03231017770597733
2025-03-05,3195,3220,3165,3170,4500,-0.007824726134585291
2025-03-06,3205,3290,3175,3175,8165,0.001577287066246047
2025-03-07,3230,3290,3175,3175,9594,0.0
2025-03-10,3175,3210,3155,3180,5706,0.0015748031496063408
2025-03-11,3145,3185,3080,3100,5408,-0.02515723270440251
2025-03-12,3100,3100,3005,3045,10485,-0.01774193548387093
2025-03-13,3050,3160,3050,3075,4049,0.009852216748768461
2025-03-14,3045,3075,3010,3015,5158,-0.019512195121951237
2025-03-17,3075,3100,3015,3040,6139,0.008291873963515828
2025-03-18,3040,3145,3040,3045,8660,0.00164473684210531
2025-03-19,3045,3100,3045,3080,4077,0.011494252873563315
2025-03-20,3080,3140,3080,3095,4821,0.004870129870129913
2025-03-21,3095,3630,3020,3125,81104,0.009693053311793154
2025-03-24,3125,3130,3035,3035,19816,-0.028800000000000048
2025-03-25,3035,3035,2990,3000,9312,-0.011532125205930832
2025-03-26,3030,3035,2990,3005,5012,0.0016666666666667052
2025-03-27,3035,3155,3005,3045,10796,0.01331114808652245
2025-03-28,3045,3105,3010,3015,5928,-0.009852216748768461
2025-03-31,3015,3015,2865,2995,6310,-0.0066334991708125735
2025-04-01,2995,3100,2920,3070,5933,0.025041736227044975
2025-04-02,3110,3130,3040,3070,12348,0.0
2025-04-03,3070,3220,3070,3085,22765,0.004885993485342022
2025-04-04,3085,3160,3080,3110,21863,0.008103727714748876
2025-04-07,3125,3150,3065,3065,7702,-0.014469453376205754
2025-04-08,3065,3065,2870,2900,11031,-0.0538336052202284
2025-04-09,2900,2960,2810,2840,5989,-0.020689655172413834
2025-04-10,2870,2960,2840,2930,3509,0.03169014084507049
2025-04-11,2940,3015,2930,2950,3102,0.006825938566553003
2025-04-14,2950,3100,2950,3055,5144,0.035593220338983045
