Date,Open,High,Low,Close,Volume,Change
2022-01-03,2260,2275,2225,2265,37533,0.0044345898004434225
2022-01-04,2280,2310,2265,2290,76352,0.011037527593819041
2022-01-05,2290,2315,2250,2310,87665,0.008733624454148492
2022-01-06,2330,2660,2320,2515,3953635,0.08874458874458879
2022-01-07,2460,2500,2440,2480,311388,-0.013916500994035741
2022-01-10,2505,2550,2400,2400,518681,-0.032258064516129004
2022-01-11,2365,2495,2360,2490,417252,0.03750000000000009
2022-01-12,2460,2470,2380,2440,214821,-0.02008032128514059
2022-01-13,2445,2565,2430,2430,564043,-0.004098360655737654
2022-01-14,2580,2960,2515,2515,6013781,0.034979423868312765
2022-01-17,2495,2720,2460,2465,1756854,-0.01988071570576544
2022-01-18,2465,2650,2335,2360,1728498,-0.04259634888438135
2022-01-19,2550,2695,2385,2510,8692343,0.06355932203389836
2022-01-20,2490,2595,2400,2470,1083736,-0.015936254980079667
2022-01-21,2580,2645,2485,2525,2660803,0.022267206477732726
2022-01-24,2515,2850,2495,2660,7345770,0.05346534653465351
2022-01-25,2675,2785,2410,2425,3028032,-0.08834586466165417
2022-01-26,2385,2475,2320,2405,527550,-0.008247422680412342
2022-01-27,2390,2630,2245,2250,2683742,-0.0644490644490644
2022-01-28,2215,2275,2150,2215,370085,-0.015555555555555545
2022-02-03,2220,2265,2210,2215,315145,0.0
2022-02-04,2255,2340,2250,2300,412609,0.038374717832957206
2022-02-07,2310,2375,2300,2340,154615,0.017391304347825987
2022-02-08,2340,2480,2315,2330,680275,-0.004273504273504258
2022-02-09,2320,2370,2305,2355,182156,0.010729613733905685
2022-02-10,2355,2455,2355,2440,546590,0.03609341825902335
2022-02-11,2430,2490,2375,2405,309651,-0.014344262295082011
2022-02-14,2405,2445,2225,2230,379417,-0.07276507276507271
2022-02-15,2210,2250,2100,2130,323211,-0.04484304932735428
2022-02-16,2150,2230,2145,2220,115473,0.04225352112676051
2022-02-17,2240,2300,2145,2235,193764,0.006756756756756799
2022-02-18,2175,2290,2170,2280,122419,0.020134228187919545
2022-02-21,2245,2310,2230,2295,93524,0.006578947368421018
2022-02-22,2275,2325,2200,2240,128906,-0.023965141612200425
2022-02-23,2220,2290,2220,2270,56180,0.013392857142857206
2022-02-24,2295,2300,2105,2165,195745,-0.04625550660792954
2022-02-25,2185,2280,2165,2215,97967,0.023094688221708903
2022-02-28,2225,2280,2200,2215,67571,0.0
2022-03-02,2240,2300,2200,2275,127892,0.02708803611738153
2022-03-03,2290,2320,2250,2310,118358,0.01538461538461533
2022-03-04,2310,2320,2270,2280,79425,-0.012987012987012991
2022-03-07,2280,2300,2195,2195,105585,-0.037280701754385914
2022-03-08,2170,2235,2150,2160,105776,-0.015945330296127547
2022-03-10,2165,2195,2140,2170,89565,0.004629629629629539
2022-03-11,2180,2220,2175,2220,51600,0.02304147465437789
2022-03-14,2220,2230,2180,2200,85684,-0.009009009009009028
2022-03-15,2185,2235,2150,2225,91878,0.011363636363636465
2022-03-16,2225,2245,2200,2230,99933,0.0022471910112360494
2022-03-17,2265,2300,2235,2255,85033,0.011210762331838486
2022-03-18,2265,2295,2260,2280,70692,0.011086474501108556
2022-03-21,2280,2370,2280,2365,225402,0.037280701754385914
2022-03-22,2370,2370,2330,2345,123278,-0.008456659619450302
2022-03-23,2345,2395,2340,2360,126589,0.006396588486140775
2022-03-24,2365,2380,2330,2370,85006,0.004237288135593209
2022-03-25,2375,2390,2345,2385,110494,0.006329113924050667
2022-03-28,2325,2385,2320,2350,102360,-0.014675052410901501
2022-03-29,2355,2390,2330,2370,100467,0.008510638297872353
2022-03-30,2395,2395,2345,2370,73168,0.0
2022-03-31,2370,2490,2360,2450,182967,0.03375527426160341
2022-04-01,2450,2450,2385,2415,125971,-0.014285714285714235
2022-04-04,2390,2465,2360,2405,183021,-0.0041407867494823725
2022-04-05,2415,2460,2390,2450,148487,0.018711018711018657
2022-04-06,2435,2640,2405,2455,1779177,0.0020408163265306367
2022-04-07,2510,2650,2465,2490,2055798,0.014256619144602745
2022-04-08,2490,2545,2420,2425,439533,-0.026104417670682722
2022-04-11,2410,2470,2370,2420,218552,-0.0020618556701030855
2022-04-12,2465,2590,2425,2445,813827,0.010330578512396604
2022-04-13,2475,2485,2385,2440,327932,-0.002044989775051076
2022-04-14,2435,2475,2375,2385,232679,-0.02254098360655743
2022-04-15,2400,2425,2315,2330,230263,-0.023060796645702264
2022-04-18,2330,2375,2315,2340,100547,0.0042918454935623185
2022-04-19,2330,2380,2325,2380,93549,0.017094017094017033
2022-04-20,2395,2420,2365,2410,101759,0.012605042016806678
2022-04-21,2410,2425,2390,2405,66586,-0.0020746887966804906
2022-04-22,2400,2475,2390,2455,248602,0.02079002079002068
2022-04-25,2445,2610,2440,2490,828292,0.014256619144602745
2022-04-26,2475,2515,2440,2510,174922,0.008032128514056325
2022-04-27,2620,2780,2405,2420,3457675,-0.03585657370517925
2022-04-28,2420,2465,2345,2425,331030,0.0020661157024792765
2022-04-29,2420,2455,2390,2420,193316,-0.0020618556701030855
2022-05-02,2390,2485,2390,2460,558002,0.016528925619834656
2022-05-03,2460,2515,2435,2515,209190,0.022357723577235866
2022-05-04,2500,2635,2435,2455,775985,-0.02385685884691846
2022-05-06,2530,2535,2430,2430,402672,-0.010183299389002087
2022-05-09,2420,2430,2265,2280,333826,-0.06172839506172845
2022-05-10,2215,2295,2165,2255,262399,-0.010964912280701733
2022-05-11,2255,2325,2240,2310,88431,0.024390243902439046
2022-05-12,2320,2320,2175,2175,129272,-0.058441558441558406
2022-05-13,2175,2270,2175,2220,113224,0.020689655172413834
2022-05-16,2250,2285,2235,2245,61051,0.011261261261261257
2022-05-17,2245,2285,2240,2280,50871,0.015590200445434244
2022-05-18,2280,2285,2220,2235,70013,-0.019736842105263164
2022-05-19,2280,2340,2205,2215,339516,-0.008948545861297563
2022-05-20,2205,2215,2165,2180,138922,-0.015801354401805856
2022-05-23,2200,2230,2145,2230,92796,0.022935779816513735
2022-05-24,2205,2230,2180,2180,63227,-0.022421524663677084
2022-05-25,2160,2175,2145,2150,79089,-0.013761467889908285
2022-05-26,2150,2175,2145,2155,43233,0.0023255813953488857
2022-05-27,2180,2180,2145,2155,47205,0.0
2022-05-30,2155,2200,2155,2185,34446,0.0139211136890951
2022-05-31,2180,2230,2180,2205,64233,0.009153318077803174
2022-06-02,2205,2215,2180,2185,40189,-0.009070294784580546
2022-06-03,2200,2230,2185,2230,52224,0.020594965675057253
2022-06-07,2230,2230,2175,2195,58237,-0.015695067264574036
2022-06-08,2195,2200,2110,2200,78407,0.002277904328018332
2022-06-09,2170,2245,2165,2225,50832,0.011363636363636465
2022-06-10,2215,2235,2180,2195,65118,-0.013483146067415741
2022-06-13,2185,2460,2180,2260,2570199,0.029612756264236983
2022-06-14,2395,2480,2185,2185,2084691,-0.0331858407079646
2022-06-15,2190,2300,2165,2200,546305,0.006864988558352492
2022-06-16,2195,2195,2100,2135,353114,-0.02954545454545454
2022-06-17,2165,2200,1995,2035,378282,-0.04683840749414525
2022-06-20,2015,2025,1890,1925,258114,-0.05405405405405406
2022-06-21,1915,1940,1870,1905,159858,-0.010389610389610393
2022-06-22,1900,1910,1730,1730,256177,-0.09186351706036744
2022-06-23,1750,1770,1585,1590,252419,-0.08092485549132944
2022-06-24,1545,1715,1545,1715,374183,0.07861635220125796
2022-06-27,1745,1800,1720,1780,86851,0.03790087463556846
2022-06-28,1780,1845,1730,1765,97856,-0.008426966292134797
2022-06-29,1715,1785,1690,1785,99132,0.011331444759206777
2022-06-30,1760,1780,1700,1700,79894,-0.04761904761904767
2022-07-01,1700,1725,1635,1675,53193,-0.014705882352941124
2022-07-04,1660,1700,1600,1605,87900,-0.04179104477611939
2022-07-05,1610,1740,1610,1740,125985,0.08411214953271018
2022-07-06,1785,1785,1705,1740,68230,0.0
2022-07-07,1725,1775,1720,1770,26025,0.01724137931034475
2022-07-08,1785,1800,1755,1765,38632,-0.0028248587570621764
2022-07-11,1765,1850,1760,1795,129406,0.016997167138810276
2022-07-12,1780,1815,1715,1745,63558,-0.027855153203342642
2022-07-13,1715,1760,1695,1740,61958,-0.002865329512893977
2022-07-14,1740,1775,1720,1775,22706,0.02011494252873569
2022-07-15,1760,1805,1700,1710,38800,-0.036619718309859106
2022-07-18,1730,2040,1725,1860,2474379,0.08771929824561409
2022-07-19,1855,2315,1800,2140,9399498,0.15053763440860224
2022-07-20,2200,2355,2125,2155,9149892,0.007009345794392496
2022-07-21,2155,2240,2035,2035,4478452,-0.05568445475638051
2022-07-22,2125,2220,2000,2000,3116058,-0.017199017199017175
2022-07-25,1975,2075,1965,2000,631119,0.0
2022-07-26,1985,2005,1935,1945,315978,-0.02749999999999997
2022-07-27,1940,2040,1925,1925,630082,-0.010282776349614386
2022-07-28,1935,1995,1925,1935,486405,0.0051948051948051965
2022-07-29,1960,1965,1930,1935,153510,0.0
2022-08-01,1955,1970,1930,1940,124771,0.0025839793281654533
2022-08-02,1930,1950,1930,1945,95232,0.002577319587628857
2022-08-03,1945,1970,1940,1965,102294,0.010282776349614497
2022-08-04,1975,1995,1950,1980,118805,0.007633587786259444
2022-08-05,1970,1990,1940,1960,102799,-0.010101010101010055
2022-08-08,1960,1970,1935,1970,100355,0.005102040816326481
2022-08-09,1955,1990,1940,1975,92099,0.002538071065989911
2022-08-10,1970,2365,1945,2115,14745448,0.07088607594936702
2022-08-11,2090,2285,2080,2115,2736795,0.0
2022-08-12,2105,2110,2040,2065,433167,-0.023640661938534313
2022-08-16,2075,2075,2000,2025,240102,-0.01937046004842613
2022-08-17,2005,2255,2000,2085,5445049,0.029629629629629672
2022-08-18,2070,2160,2055,2110,1287198,0.011990407673860837
2022-08-19,2130,2245,2080,2090,2064124,-0.009478672985781977
2022-08-22,2105,2225,2090,2150,1579574,0.028708133971291794
2022-08-23,2160,2350,2095,2165,2684011,0.006976744186046435
2022-08-24,2160,2280,2140,2195,1285662,0.01385681293302543
2022-08-25,2195,2220,2165,2165,267672,-0.013667425968109326
2022-08-26,2165,2195,2150,2165,208280,0.0
2022-08-29,2210,2450,2180,2245,13204090,0.036951501154734334
2022-08-30,2230,2300,2195,2200,1020207,-0.020044543429844075
2022-08-31,2230,2350,2210,2265,2804040,0.02954545454545454
2022-09-01,2260,2525,2255,2370,10908270,0.04635761589403975
2022-09-02,2330,2415,2240,2270,3907088,-0.04219409282700426
2022-09-05,2325,2415,2270,2315,2043044,0.01982378854625555
2022-09-06,2340,2355,2170,2170,766498,-0.06263498920086397
2022-09-07,2210,2340,2150,2170,1798226,0.0
2022-09-08,2200,2205,2055,2060,530590,-0.05069124423963134
2022-09-13,2075,2090,2030,2075,250170,0.00728155339805836
2022-09-14,2280,2340,2115,2125,1792201,0.024096385542168752
2022-09-15,2105,2315,2080,2205,3371640,0.03764705882352937
2022-09-16,2265,2330,2150,2230,2715761,0.01133786848072571
2022-09-19,2220,2425,2190,2355,2814160,0.056053811659192876
2022-09-20,2240,2620,2175,2475,9341237,0.05095541401273884
2022-09-21,2450,2570,2295,2410,2501482,-0.02626262626262621
2022-09-22,2400,2475,2330,2340,873584,-0.02904564315352698
2022-09-23,2365,2380,2220,2220,921456,-0.05128205128205132
2022-09-26,2245,2250,2020,2020,506809,-0.09009009009009006
2022-09-27,2095,2285,2005,2170,784677,0.07425742574257432
2022-09-28,2135,2255,2055,2090,357316,-0.03686635944700456
2022-09-29,2180,2200,2035,2040,297225,-0.02392344497607657
2022-09-30,2030,2195,1975,2005,892463,-0.01715686274509809
2022-10-04,2005,2045,2000,2040,144581,0.0174563591022443
2022-10-05,2060,2080,2005,2005,157984,-0.01715686274509809
2022-10-06,2010,2070,1995,2065,133975,0.029925187032418865
2022-10-07,2035,2235,2020,2130,1213443,0.0314769975786926
2022-10-11,2115,2240,2000,2000,835563,-0.06103286384976525
2022-10-12,2005,2025,1875,1885,316792,-0.057499999999999996
2022-10-13,1890,1890,1755,1755,404956,-0.06896551724137934
2022-10-14,1770,1870,1770,1830,143820,0.042735042735042805
2022-10-17,1780,1880,1765,1880,100388,0.02732240437158473
2022-10-18,1870,1985,1870,1935,156059,0.0292553191489362
2022-10-19,1935,1990,1925,1950,148568,0.007751937984496138
2022-10-20,1955,1990,1900,1920,161979,-0.01538461538461533
2022-10-21,1920,1940,1840,1880,112821,-0.02083333333333337
2022-10-24,1880,1935,1880,1925,88303,0.02393617021276606
2022-10-25,1930,1980,1905,1980,107983,0.02857142857142847
2022-10-26,1975,1995,1930,1945,86056,-0.017676767676767624
2022-10-27,1945,1955,1900,1920,84045,-0.01285347043701801
2022-10-28,1920,1930,1850,1865,81029,-0.02864583333333337
2022-10-31,1870,1905,1850,1900,38427,0.018766756032171594
2022-11-01,1890,1900,1870,1900,49806,0.0
2022-11-02,1900,1905,1865,1880,40732,-0.010526315789473717
2022-11-03,1860,1870,1835,1870,44570,-0.005319148936170248
2022-11-04,1870,1870,1830,1870,38743,0.0
2022-11-07,1860,1890,1850,1880,21010,0.005347593582887722
2022-11-08,1880,1920,1875,1920,64874,0.02127659574468077
2022-11-09,1905,1935,1885,1920,77013,0.0
2022-11-10,1930,1930,1900,1920,69444,0.0
2022-11-11,1975,1975,1915,1925,71658,0.0026041666666667407
2022-11-14,1925,1960,1905,1940,60896,0.007792207792207684
2022-11-15,1945,1965,1935,1950,43442,0.005154639175257714
2022-11-16,1955,1970,1925,1945,59995,-0.002564102564102555
2022-11-17,1945,1960,1925,1930,56481,-0.007712082262210762
2022-11-18,1930,1930,1890,1915,75680,-0.007772020725388629
2022-11-21,1925,1925,1865,1865,53909,-0.026109660574412552
2022-11-22,1840,1930,1835,1855,114703,-0.00536193029490617
2022-11-23,1855,1870,1825,1845,53444,-0.005390835579514808
2022-11-24,1860,1880,1855,1865,54480,0.01084010840108407
2022-11-25,1880,1885,1850,1875,46861,0.00536193029490617
2022-11-28,1895,1895,1825,1840,33196,-0.01866666666666672
2022-11-29,1825,1880,1825,1875,27612,0.01902173913043481
2022-11-30,1890,1890,1850,1860,37235,-0.008000000000000007
2022-12-01,1890,1890,1865,1890,46973,0.016129032258064502
2022-12-02,1900,1900,1865,1880,36766,-0.005291005291005346
2022-12-05,1895,1900,1870,1895,37778,0.007978723404255428
2022-12-06,1890,1890,1845,1845,39229,-0.02638522427440637
2022-12-07,1830,1845,1800,1820,39602,-0.013550135501354976
2022-12-08,1820,1945,1785,1825,301941,0.0027472527472527375
2022-12-09,1945,1995,1855,1915,367004,0.049315068493150704
2022-12-12,1955,1960,1890,1900,113843,-0.007832898172323799
2022-12-13,1900,1945,1870,1930,96665,0.015789473684210575
2022-12-14,1930,1950,1925,1950,104328,0.010362694300518172
2022-12-15,1960,1985,1930,1940,108823,-0.00512820512820511
2022-12-16,1980,2290,1960,2000,5382266,0.030927835051546282
2022-12-19,2005,2035,1990,1990,317750,-0.0050000000000000044
2022-12-20,2010,2175,1985,2045,2468535,0.027638190954773822
2022-12-21,2015,2125,1975,2050,968340,0.0024449877750611915
2022-12-22,2050,2055,1990,1995,341856,-0.02682926829268295
2022-12-23,2020,2175,1985,1985,3757552,-0.005012531328320802
2022-12-26,1970,1985,1890,1910,365390,-0.03778337531486142
2022-12-27,1910,1995,1900,1925,145503,0.007853403141361293
2022-12-28,1930,2010,1930,1995,257758,0.036363636363636376
2022-12-29,1980,2070,1925,1945,318807,-0.02506265664160401
2023-01-02,1915,2000,1915,1980,153286,0.01799485861182526
2023-01-03,2015,2015,1950,1965,167244,-0.007575757575757569
2023-01-04,1970,2025,1965,2025,226133,0.03053435114503822
2023-01-05,2050,2115,1995,1995,531854,-0.014814814814814836
2023-01-06,2000,2040,2000,2025,113250,0.015037593984962516
2023-01-09,2020,2060,2020,2035,147378,0.004938271604938205
2023-01-10,2050,2050,2010,2015,80563,-0.009828009828009798
2023-01-11,2015,2035,2005,2030,77983,0.007444168734491274
2023-01-12,2030,2030,2010,2015,68333,-0.007389162561576401
2023-01-13,2025,2035,2010,2030,84085,0.007444168734491274
2023-01-16,2025,2035,2000,2010,102126,-0.009852216748768461
2023-01-17,2015,2035,2000,2035,87309,0.01243781094527363
2023-01-18,2035,2100,2030,2080,322313,0.02211302211302213
2023-01-19,2070,2085,2015,2040,145210,-0.019230769230769273
2023-01-20,2015,2060,2015,2050,64720,0.004901960784313708
2023-01-25,2060,2065,2030,2050,112317,0.0
2023-01-26,2070,2085,2050,2055,129813,0.0024390243902439046
2023-01-27,2055,2135,2055,2135,209121,0.038929440389294356
2023-01-30,2120,2120,2065,2085,167731,-0.023419203747072626
2023-01-31,2065,2130,2065,2125,157447,0.01918465227817756
2023-02-01,2110,2130,2090,2115,103413,-0.004705882352941226
2023-02-02,2110,2120,2080,2105,122033,-0.004728132387706863
2023-02-03,2100,2115,2050,2070,150675,-0.016627078384798155
2023-02-06,2065,2075,2020,2025,114853,-0.021739130434782594
2023-02-07,2040,2040,2025,2025,59925,0.0
2023-02-08,2020,2045,2000,2030,120406,0.0024691358024691024
2023-02-09,2030,2060,2025,2045,83298,0.00738916256157629
2023-02-10,2040,2060,2015,2040,117154,-0.0024449877750610804
2023-02-13,2015,2050,2000,2000,107317,-0.019607843137254943
2023-02-14,2010,2015,1997,2015,89315,0.007500000000000062
2023-02-15,2015,2140,2005,2120,496234,0.05210918114143914
2023-02-16,2060,2145,2020,2060,613959,-0.028301886792452824
2023-02-17,2090,2160,2070,2110,503114,0.024271844660194164
2023-02-20,2090,2135,2075,2080,147102,-0.014218009478673022
2023-02-21,2070,2100,2055,2080,89718,0.0
2023-02-22,2120,2135,2050,2050,210383,-0.014423076923076872
2023-02-23,2050,2080,2030,2050,120799,0.0
2023-02-24,2050,2065,2020,2020,89252,-0.014634146341463428
2023-02-27,2020,2035,1960,1961,181826,-0.029207920792079234
2023-02-28,1962,1975,1930,1954,76136,-0.003569607343192227
2023-03-02,1954,1954,1888,1892,181282,-0.03172978505629476
2023-03-03,1877,1909,1877,1898,69444,0.003171247357293794
2023-03-06,1899,1940,1885,1940,48008,0.02212855637513167
2023-03-07,1940,1940,1903,1927,56196,-0.006701030927835028
2023-03-08,1927,1948,1897,1897,79697,-0.015568240788790821
2023-03-09,1910,2000,1879,1883,181952,-0.0073800738007380184
2023-03-10,1920,1966,1840,1850,191110,-0.017525225703664327
2023-03-13,1868,1868,1830,1843,71915,-0.003783783783783745
2023-03-14,1847,1960,1802,1846,341066,0.0016277807921867282
2023-03-15,1830,1870,1820,1839,73093,-0.003791982665222071
2023-03-16,1855,1856,1821,1836,54981,-0.0016313213703099683
2023-03-17,1838,1855,1834,1853,40944,0.0092592592592593
2023-03-20,1835,1865,1835,1864,31507,0.005936319481921304
2023-03-21,1849,1874,1849,1864,20946,0.0
2023-03-22,1864,1890,1811,1821,80684,-0.02306866952789699
2023-03-23,1805,1832,1773,1775,86160,-0.025260845689181743
2023-03-24,1762,1792,1762,1790,78215,0.008450704225352101
2023-03-27,1790,1806,1757,1775,40107,-0.008379888268156388
2023-03-28,1775,1783,1763,1780,21289,0.0028169014084507005
2023-03-29,1780,1810,1765,1801,32539,0.01179775280898876
2023-03-30,1797,1822,1796,1821,31993,0.01110494169905607
2023-03-31,1805,1821,1792,1795,45999,-0.014277869302581014
2023-04-03,1795,1805,1717,1780,35505,-0.00835654596100277
2023-04-04,1769,1793,1738,1791,38940,0.006179775280898969
2023-04-05,1809,1810,1791,1808,29764,0.009491903964265802
2023-04-06,1807,1807,1771,1786,43346,-0.012168141592920345
2023-04-07,1785,1785,1762,1775,34891,-0.006159014557670761
2023-04-10,1765,1772,1747,1760,37260,-0.008450704225352101
2023-04-11,1760,1760,1733,1757,30212,-0.0017045454545454586
2023-04-12,1741,1786,1741,1777,35806,0.01138303927148554
2023-04-13,1753,1797,1751,1784,41327,0.003939223410241999
2023-04-14,1784,1800,1780,1797,52738,0.007286995515695116
2023-04-17,1797,1850,1797,1831,79275,0.018920422927100722
2023-04-18,1831,1860,1810,1821,42838,-0.005461496450027359
2023-04-19,1821,1885,1817,1845,58427,0.01317957166392092
2023-04-20,1855,2395,1818,2395,12275110,0.29810298102981037
2023-04-21,2400,2530,2040,2115,11748909,-0.1169102296450939
2023-04-24,2070,2405,2045,2100,7311635,-0.007092198581560294
2023-04-25,2040,2240,1956,2040,3781752,-0.02857142857142858
2023-04-26,2090,2130,1999,2015,765851,-0.01225490196078427
2023-04-27,2000,2000,1911,1939,487584,-0.037717121588089375
2023-04-28,1952,2070,1900,1991,958797,0.026817947395564756
2023-05-02,1991,2010,1914,2010,287980,0.00954294324460081
2023-05-03,2020,2080,2010,2055,458986,0.02238805970149249
2023-05-04,2075,2075,1973,1978,278029,-0.037469586374695885
2023-05-08,1978,2015,1962,2010,163895,0.016177957532861553
2023-05-09,2015,2125,1985,2020,626237,0.004975124378109541
2023-05-10,2020,2190,2005,2125,890946,0.051980198019802026
2023-05-11,2125,2195,2085,2160,643578,0.016470588235294015
2023-05-12,2160,2160,2025,2025,458211,-0.0625
2023-05-15,2030,2035,1960,2010,151321,-0.007407407407407418
2023-05-16,1990,2105,1971,2065,204849,0.027363184079602032
2023-05-17,2075,2125,2045,2080,256833,0.007263922518159882
2023-05-18,2100,2115,2035,2050,247488,-0.014423076923076872
2023-05-19,2070,2075,2030,2070,180445,0.009756097560975618
2023-05-22,2075,2145,2050,2140,156633,0.033816425120772875
2023-05-23,2140,2145,2085,2145,209031,0.002336448598130758
2023-05-24,2140,2350,2105,2140,4181597,-0.002331002331002363
2023-05-25,2150,2250,2115,2125,1480963,-0.007009345794392496
2023-05-26,2090,2180,2025,2025,762809,-0.04705882352941182
2023-05-30,2030,2070,2025,2045,116005,0.009876543209876631
2023-05-31,2065,2070,2020,2040,90878,-0.0024449877750610804
2023-06-01,2045,2090,2025,2090,106073,0.02450980392156854
2023-06-02,2100,2105,2045,2075,69235,-0.0071770334928229484
2023-06-05,2055,2125,2055,2115,102648,0.01927710843373487
2023-06-07,2115,2120,2080,2090,64566,-0.011820330969267157
2023-06-08,2125,2165,2090,2130,225404,0.019138755980861344
2023-06-09,2115,2140,2070,2100,106131,-0.014084507042253502
2023-06-12,2100,2125,2080,2100,79369,0.0
2023-06-13,2095,2130,2080,2105,49594,0.0023809523809523725
2023-06-14,2120,2300,2030,2040,2532507,-0.030878859857482177
2023-06-15,2055,2165,2000,2100,554853,0.02941176470588225
2023-06-16,2080,2130,2065,2120,137821,0.00952380952380949
2023-06-19,2110,2200,2105,2155,443723,0.01650943396226423
2023-06-20,2145,2200,2125,2185,266060,0.0139211136890951
2023-06-21,2170,2185,2110,2140,209713,-0.020594965675057253
2023-06-22,2135,2160,2115,2125,152878,-0.007009345794392496
2023-06-23,2110,2170,2080,2140,109845,0.007058823529411784
2023-06-26,2140,2170,2125,2130,93589,-0.004672897196261627
2023-06-27,2150,2185,2105,2135,179904,0.0023474178403755097
2023-06-28,2130,2150,2115,2130,120119,-0.0023419203747072626
2023-06-29,2125,2150,2065,2065,132172,-0.030516431924882625
2023-06-30,2060,2085,2010,2020,117157,-0.021791767554479424
2023-07-03,2040,2055,2020,2045,68403,0.012376237623762387
2023-07-04,2045,2050,2015,2050,62763,0.0024449877750611915
2023-07-05,2050,2060,2005,2005,97775,-0.02195121951219514
2023-07-06,2020,2025,1921,1945,198968,-0.029925187032418976
2023-07-07,1944,1962,1920,1921,92838,-0.012339331619537264
2023-07-10,1921,1965,1890,1956,57773,0.018219677251431587
2023-07-11,1937,1964,1937,1956,27787,0.0
2023-07-12,1975,1975,1946,1964,25644,0.004089979550102152
2023-07-13,1964,1964,1835,1909,92630,-0.02800407331975563
2023-07-14,1909,1918,1894,1916,42774,0.0036668412781561965
2023-07-17,1900,1928,1891,1928,25143,0.006263048016701411
2023-07-18,1928,1930,1888,1920,51469,-0.004149377593360981
2023-07-19,1920,1922,1875,1880,76575,-0.02083333333333337
2023-07-20,1890,1890,1860,1880,28290,0.0
2023-07-21,1920,1920,1872,1874,63735,-0.0031914893617021045
2023-07-24,1878,1878,1802,1810,131151,-0.03415154749199578
2023-07-25,1810,1810,1771,1772,80472,-0.020994475138121582
2023-07-26,1770,2230,1730,1905,8375469,0.07505643340857793
2023-07-27,1905,1999,1832,1914,1681009,0.0047244094488188
2023-07-28,1930,1960,1890,1929,294917,0.00783699059561127
2023-07-31,1913,1970,1912,1957,221438,0.014515292897874454
2023-08-01,1957,2010,1940,1945,232280,-0.006131834440470052
2023-08-02,1965,2120,1935,2040,2662280,0.04884318766066831
2023-08-03,2020,2075,1910,1965,1167486,-0.03676470588235292
2023-08-04,1965,1980,1923,1935,186156,-0.01526717557251911
2023-08-07,1921,1950,1910,1915,122360,-0.01033591731266148
2023-08-08,1901,1925,1890,1907,156352,-0.004177545691905982
2023-08-09,1906,1915,1872,1915,58170,0.004195070791819688
2023-08-10,1915,1962,1911,1938,81509,0.01201044386422967
2023-08-11,1937,1965,1928,1955,51009,0.00877192982456143
2023-08-14,1947,1966,1947,1947,65979,-0.004092071611253245
2023-08-16,1920,1990,1915,1947,311539,0.0
2023-08-17,1943,2100,1936,1948,2141661,0.0005136106831022946
2023-08-18,2000,2045,1947,1965,531008,0.008726899383983522
2023-08-21,1965,1965,1855,1895,230286,-0.03562340966921118
2023-08-22,1860,1897,1860,1880,123531,-0.0079155672823219
2023-08-23,1902,1908,1868,1881,114943,0.0005319148936169249
2023-08-24,1810,1876,1750,1844,298508,-0.019670388091440727
2023-08-25,1899,1899,1852,1863,77613,0.010303687635574876
2023-08-28,1860,1915,1832,1889,66945,0.013955984970477786
2023-08-29,1874,1899,1874,1894,38571,0.0026469031233455897
2023-08-30,1897,1940,1894,1894,92873,0.0
2023-08-31,1894,1916,1884,1905,49679,0.0058078141499471325
2023-09-01,1900,1920,1882,1888,25062,-0.00892388451443571
2023-09-04,1888,1903,1880,1882,25599,-0.0031779661016949623
2023-09-05,1853,1883,1853,1868,31028,-0.007438894792773598
2023-09-06,1900,1901,1866,1878,46334,0.005353319057815886
2023-09-07,1901,1918,1878,1897,87637,0.010117145899893432
2023-09-08,1896,1915,1884,1909,46473,0.00632577754348973
2023-09-11,1909,1912,1890,1894,21672,-0.00785751702462023
2023-09-12,1887,1954,1887,1892,98626,-0.001055966209081327
2023-09-13,1909,1937,1884,1896,99054,0.0021141649048626032
2023-09-14,1881,1896,1876,1878,60195,-0.009493670886076
2023-09-15,1865,1892,1865,1876,22306,-0.0010649627263046302
2023-09-18,1877,1891,1870,1886,28262,0.005330490405117239
2023-09-19,1870,1886,1870,1875,37674,-0.005832449628844105
2023-09-20,1860,1882,1857,1875,53497,0.0
2023-09-21,1875,1899,1850,1855,84204,-0.010666666666666713
2023-09-22,1857,1899,1836,1837,92508,-0.009703504043126698
2023-09-25,1834,1844,1800,1800,16529,-0.020141535111595
2023-09-26,1772,1840,1772,1774,44268,-0.014444444444444482
2023-09-27,1762,1799,1761,1797,17105,0.012965050732807182
2023-10-04,1799,1859,1796,1821,70004,0.013355592654423987
2023-10-05,1821,1840,1798,1810,54634,-0.006040637012630468
2023-10-06,1811,1835,1800,1825,25215,0.008287292817679592
2023-10-10,1825,1830,1790,1801,33315,-0.01315068493150684
2023-10-11,1801,1801,1775,1796,28835,-0.0027762354247640175
2023-10-12,1796,1804,1784,1794,22890,-0.00111358574610243
2023-10-13,1790,1810,1787,1806,25982,0.006688963210702337
2023-10-16,1800,1806,1763,1780,31669,-0.01439645625692132
2023-10-17,1776,1800,1776,1791,25903,0.006179775280898969
2023-10-18,1796,1798,1666,1760,37226,-0.01730876605248466
2023-10-19,1760,2075,1721,1760,6358415,0.0
2023-10-20,1815,1901,1715,1717,1356790,-0.024431818181818166
2023-10-23,1703,1712,1610,1656,194978,-0.03552708211997668
2023-10-24,1655,1735,1598,1665,241891,0.005434782608695565
2023-10-25,1675,1719,1675,1708,51483,0.025825825825825932
2023-10-26,1740,1843,1665,1666,477621,-0.024590163934426257
2023-10-27,1666,1692,1654,1671,53990,0.0030012004801920344
2023-10-30,1686,1686,1593,1664,44577,-0.00418910831837227
2023-10-31,1661,1735,1651,1661,120436,-0.0018028846153845812
2023-11-01,1680,1682,1660,1676,23602,0.009030704394942912
2023-11-02,1687,1690,1666,1688,30063,0.007159904534606243
2023-11-03,1676,1699,1675,1694,29313,0.0035545023696681444
2023-11-06,1695,1714,1683,1711,50372,0.010035419126328327
2023-11-07,1701,1725,1700,1720,42008,0.005260081823495133
2023-11-08,1720,1730,1697,1699,64787,-0.012209302325581373
2023-11-09,1699,1723,1693,1694,24086,-0.002942907592701549
2023-11-10,1694,1709,1669,1680,56293,-0.008264462809917328
2023-11-13,1680,1688,1650,1660,39643,-0.011904761904761862
2023-11-14,1645,1670,1645,1660,11240,0.0
2023-11-15,1660,1696,1654,1695,42205,0.02108433734939763
2023-11-16,1698,1713,1680,1707,14729,0.0070796460176991705
2023-11-17,1707,1714,1685,1707,27161,0.0
2023-11-20,1707,1715,1693,1709,22787,0.0011716461628588082
2023-11-21,1709,1714,1700,1711,30006,0.001170275014628519
2023-11-22,1711,1716,1701,1711,26499,0.0
2023-11-23,1706,1741,1700,1709,40121,-0.0011689070718877703
2023-11-24,1712,1724,1703,1719,24387,0.005851375073142151
2023-11-27,1725,1725,1701,1709,23207,-0.005817335660267653
2023-11-28,1710,1729,1700,1701,28996,-0.004681100058513743
2023-11-29,1701,1721,1671,1701,28054,0.0
2023-11-30,1692,1707,1681,1699,33222,-0.0011757789535566943
2023-12-01,1700,1718,1674,1705,17711,0.0035314891112419033
2023-12-04,1690,1717,1690,1698,19148,-0.004105571847507372
2023-12-05,1699,1707,1674,1687,38064,-0.006478209658421719
2023-12-06,1680,1695,1680,1691,12900,0.002371072910491989
2023-12-07,1691,1698,1674,1691,13240,0.0
2023-12-08,1691,1697,1677,1688,20660,-0.0017740981667652145
2023-12-11,1688,1711,1688,1704,29450,0.009478672985782088
2023-12-12,1698,1713,1668,1708,36075,0.0023474178403755097
2023-12-13,1692,1710,1692,1705,8922,-0.0017564402810303914
2023-12-14,1705,1713,1687,1702,21897,-0.0017595307917888103
2023-12-15,1702,1703,1693,1702,22066,0.0
2023-12-18,1686,1701,1686,1701,14427,-0.000587544065804968
2023-12-19,1683,1706,1683,1702,14633,0.0005878894767783471
2023-12-20,1702,1707,1691,1705,26489,0.001762632197414904
2023-12-21,1748,1748,1696,1705,24800,0.0
2023-12-22,1705,1705,1692,1705,15124,0.0
2023-12-26,1695,1713,1536,1616,60558,-0.05219941348973611
2023-12-27,1660,1661,1536,1616,74520,0.0
2023-12-28,1604,1639,1604,1639,20791,0.0142326732673268
2024-01-02,1640,1670,1639,1642,18896,0.0018303843807199183
2024-01-03,1642,1687,1642,1662,27901,0.01218026796589533
2024-01-04,1643,1668,1631,1638,19719,-0.014440433212996373
2024-01-05,1638,1641,1630,1640,11603,0.0012210012210012167
2024-01-08,1640,1645,1617,1629,27318,-0.006707317073170738
2024-01-09,1629,1636,1624,1631,11798,0.0012277470841006721
2024-01-10,1631,1643,1631,1642,17653,0.006744328632740659
2024-01-11,1642,1647,1632,1640,14983,-0.0012180267965895553
2024-01-12,1641,1643,1621,1625,20038,-0.009146341463414642
2024-01-15,1605,1645,1605,1614,19783,-0.00676923076923075
2024-01-16,1614,1634,1613,1625,24791,0.006815365551424923
2024-01-17,1620,1747,1613,1631,279506,0.0036923076923076614
2024-01-18,1631,1631,1571,1601,75372,-0.01839362354383811
2024-01-19,1601,1601,1583,1590,84617,-0.006870705808869504
2024-01-22,1606,1606,1550,1570,48772,-0.012578616352201255
2024-01-23,1551,1571,1550,1571,23810,0.0006369426751593465
2024-01-24,1570,1587,1560,1569,18712,-0.0012730744748568057
2024-01-25,1569,1569,1548,1560,38343,-0.005736137667303964
2024-01-26,1559,1559,1542,1558,17326,-0.0012820512820512775
2024-01-29,1566,1566,1539,1550,24669,-0.005134788189987138
2024-01-30,1539,1561,1536,1553,47398,0.001935483870967758
2024-01-31,1554,1640,1540,1565,140363,0.007726980038634812
2024-02-01,1565,1592,1560,1583,34003,0.011501597444089517
2024-02-02,1583,1595,1570,1592,21104,0.005685407454200986
2024-02-05,1592,1624,1562,1611,52465,0.011934673366834181
2024-02-06,1610,1610,1589,1602,24428,-0.005586592178770999
2024-02-07,1602,1608,1592,1605,23934,0.001872659176029856
2024-02-08,1605,1618,1593,1616,18397,0.006853582554517068
2024-02-13,1594,1616,1583,1602,33245,-0.008663366336633671
2024-02-14,1602,1604,1588,1597,26365,-0.003121098626716612
2024-02-15,1597,1602,1581,1601,36196,0.00250469630557304
2024-02-16,1601,1601,1582,1599,29847,-0.0012492192379762734
2024-02-19,1599,1600,1585,1599,15555,0.0
2024-02-20,1599,1614,1589,1597,7539,-0.001250781738586615
2024-02-21,1597,1610,1586,1601,15004,0.00250469630557304
2024-02-22,1601,1607,1586,1599,16034,-0.0012492192379762734
2024-02-23,1596,1596,1569,1587,20790,-0.007504690431519689
2024-02-26,1578,1587,1576,1586,31062,-0.000630119722747291
2024-02-27,1590,1591,1560,1589,52915,0.001891551071878883
2024-02-28,1589,1589,1563,1573,26856,-0.010069225928256764
2024-02-29,1573,1576,1551,1567,31982,-0.0038143674507310488
2024-03-04,1567,1575,1555,1555,20773,-0.00765794511805995
2024-03-05,1569,1569,1525,1526,48605,-0.01864951768488743
2024-03-06,1528,1549,1518,1518,11894,-0.005242463958060273
2024-03-07,1518,1518,1414,1434,134093,-0.055335968379446654
2024-03-08,1434,1440,1343,1399,57378,-0.02440725244072528
2024-03-11,1399,1422,1378,1422,47979,0.01644031451036465
2024-03-12,1430,1430,1396,1412,31014,-0.007032348804500654
2024-03-13,1421,1440,1412,1440,37100,0.019830028328611915
2024-03-14,1412,1444,1412,1440,16894,0.0
2024-03-15,1421,1457,1421,1456,24822,0.011111111111111072
2024-03-18,1456,1469,1420,1455,52764,-0.0006868131868131844
2024-03-19,1455,1460,1420,1422,29486,-0.02268041237113405
2024-03-20,1400,1434,1396,1434,37387,0.00843881856540074
2024-03-21,1431,1435,1417,1423,17402,-0.007670850767085069
2024-03-22,1428,1438,1415,1432,12316,0.006324666198172846
2024-03-25,1433,1443,1419,1432,21294,0.0
2024-03-26,1418,1433,1400,1430,29314,-0.0013966480446927498
2024-03-27,1420,1448,1419,1441,31701,0.007692307692307665
2024-03-28,1441,1520,1428,1444,50360,0.002081887578070818
2024-03-29,1456,1459,1437,1450,24537,0.0041551246537396835
2024-04-01,1450,1480,1441,1456,51824,0.004137931034482678
2024-04-02,1438,1468,1437,1465,50355,0.006181318681318659
2024-04-03,1455,1469,1449,1467,33784,0.0013651877133105117
2024-04-04,1467,1467,1449,1466,19092,-0.0006816632583503957
2024-04-05,1466,1499,1452,1496,68429,0.02046384720327432
2024-04-08,1488,1530,1449,1515,138572,0.012700534759358284
2024-04-09,1490,1530,1406,1406,69311,-0.07194719471947197
2024-04-11,1413,1510,1331,1499,121327,0.06614509246088196
2024-04-12,1499,1499,1430,1490,80308,-0.006004002668445585
2024-04-15,1494,1545,1455,1455,92942,-0.023489932885906062
2024-04-16,1479,1479,1407,1411,23801,-0.030240549828178698
2024-04-17,1350,1396,1350,1351,106967,-0.04252303330970941
2024-04-18,1352,1365,1333,1357,19126,0.004441154700222105
2024-04-19,1337,1373,1330,1364,34787,0.005158437730287346
2024-04-22,1364,1364,1338,1350,27084,-0.01026392961876832
2024-04-23,1350,1350,1330,1331,32526,-0.014074074074074128
2024-04-24,1325,1339,1321,1329,23404,-0.0015026296018031404
2024-04-25,1330,1338,1316,1332,15152,0.0022573363431150906
2024-04-26,1339,1339,1301,1330,38659,-0.0015015015015015232
2024-04-29,1315,1325,1314,1325,18269,-0.003759398496240629
2024-04-30,1325,1338,1319,1332,14806,0.005283018867924483
2024-05-02,1336,1339,1330,1336,21309,0.0030030030030030463
2024-05-03,1347,1367,1338,1361,16639,0.018712574850299424
2024-05-07,1354,1369,1338,1354,20864,-0.005143277002204294
2024-05-08,1354,1369,1341,1348,18770,-0.004431314623338234
2024-05-09,1358,1358,1331,1343,21207,-0.0037091988130564246
2024-05-10,1333,1356,1333,1344,27099,0.0007446016381236209
2024-05-13,1344,1355,1321,1330,19433,-0.01041666666666663
2024-05-14,1330,1343,1329,1340,30456,0.007518796992481258
2024-05-16,1352,1357,1320,1336,20641,-0.0029850746268657025
2024-05-17,1341,1365,1336,1364,34267,0.020958083832335328
2024-05-20,1364,1368,1348,1354,24139,-0.007331378299120228
2024-05-21,1354,1354,1320,1320,19255,-0.025110782865583436
2024-05-22,1320,1333,1307,1319,18934,-0.0007575757575757347
2024-05-23,1322,1323,1300,1319,29297,0.0
2024-05-24,1325,1327,1309,1320,14061,0.0007581501137225999
2024-05-27,1320,1332,1309,1326,26116,0.00454545454545463
2024-05-28,1336,1340,1323,1339,15228,0.009803921568627416
2024-05-29,1342,1342,1322,1322,12028,-0.012696041822255366
2024-05-30,1329,1329,1308,1320,11864,-0.001512859304084735
2024-05-31,1319,1319,1305,1317,10427,-0.002272727272727315
2024-06-03,1317,1325,1300,1304,39694,-0.009870918754745661
2024-06-04,1305,1320,1305,1310,11922,0.004601226993865115
2024-06-05,1316,1316,1280,1305,16609,-0.003816793893129722
2024-06-07,1300,1311,1297,1308,15779,0.0022988505747125743
2024-06-10,1301,1313,1300,1311,5889,0.002293577981651307
2024-06-11,1311,1317,1309,1312,12679,0.0007627765064837089
2024-06-12,1302,1313,1298,1312,18285,0.0
2024-06-13,1309,1309,1292,1298,19185,-0.010670731707317027
2024-06-14,1291,1303,1270,1298,21294,0.0
2024-06-17,1298,1298,1272,1281,12213,-0.013097072419106293
2024-06-18,1274,1287,1269,1287,14897,0.004683840749414525
2024-06-19,1281,1290,1267,1285,25972,-0.0015540015540015384
2024-06-20,1285,1291,1255,1282,9497,-0.0023346303501945442
2024-06-21,1275,1275,1250,1250,16819,-0.0249609984399376
2024-06-24,1250,1257,1210,1223,26082,-0.021599999999999953
2024-06-25,1223,1245,1199,1245,38213,0.017988552739165886
2024-06-26,1245,1256,1228,1248,18558,0.002409638554216942
2024-06-27,1248,1258,1203,1209,16248,-0.03125
2024-06-28,1209,1247,1209,1227,17809,0.014888337468982549
2024-07-01,1227,1227,1218,1222,15544,-0.004074979625101838
2024-07-02,1222,1320,1210,1231,81441,0.0073649754500817455
2024-07-03,1222,1238,1219,1227,11749,-0.0032493907392363575
2024-07-04,1220,1236,1202,1205,11821,-0.01792991035044822
2024-07-05,1212,1226,1201,1220,16445,0.012448132780082943
2024-07-08,1215,1215,1191,1199,14909,-0.01721311475409837
2024-07-09,1199,1205,1198,1202,8231,0.002502085070892335
2024-07-10,1191,1222,1156,1156,23277,-0.038269550748752046
2024-07-11,1156,1244,1156,1243,72101,0.07525951557093435
2024-07-12,1243,1254,1190,1190,37311,-0.042638777152051444
2024-07-15,1190,1238,1176,1193,22366,0.0025210084033613356
2024-07-16,1199,1224,1185,1205,10029,0.010058675607711676
2024-07-17,1196,1204,1192,1193,6731,-0.009958506224066355
2024-07-18,1179,1218,1179,1205,9583,0.010058675607711676
2024-07-19,1205,1210,1196,1205,4366,0.0
2024-07-22,1205,1205,1179,1199,5395,-0.004979253112033177
2024-07-23,1187,1209,1187,1200,11046,0.0008340283569641116
2024-07-24,1200,1209,1187,1200,2701,0.0
2024-07-25,1215,1480,1215,1284,3612167,0.07000000000000006
2024-07-26,1263,1447,1248,1292,1267115,0.006230529595015577
2024-07-29,1304,1304,1247,1288,107732,-0.003095975232198178
2024-07-30,1288,1303,1249,1265,115637,-0.017857142857142905
2024-07-31,1265,1280,1237,1266,78244,0.0007905138339920903
2024-08-01,1263,1263,1235,1252,64923,-0.011058451816745696
2024-08-02,1347,1393,1260,1271,741879,0.015175718849840258
2024-08-05,1271,1440,1106,1121,1003600,-0.11801730920535014
2024-08-06,1121,1175,1107,1123,165726,0.001784121320249854
2024-08-07,1120,1135,1112,1129,67169,0.00534283170080152
2024-08-08,1149,1198,1128,1134,86794,0.004428697962798989
2024-08-09,1129,1175,1129,1150,36212,0.014109347442680775
2024-08-12,1150,1154,1136,1151,18707,0.0008695652173913437
2024-08-13,1151,1160,1140,1147,32432,-0.0034752389226759828
2024-08-14,1160,1160,1128,1140,24293,-0.006102877070618962
2024-08-16,1129,1141,1113,1121,51875,-0.01666666666666672
2024-08-19,1125,1125,1103,1112,26491,-0.00802854594112401
2024-08-20,1100,1112,1080,1100,35330,-0.010791366906474864
2024-08-21,1097,1124,1056,1072,104962,-0.025454545454545507
2024-08-22,1072,1083,1057,1069,83716,-0.002798507462686617
2024-08-23,1078,1078,1021,1033,94134,-0.0336763330215154
2024-08-26,1032,1038,1001,1032,30831,-0.0009680542110358514
2024-08-27,1007,1032,1007,1024,7337,-0.007751937984496138
2024-08-28,1016,1039,1016,1035,35568,0.0107421875
2024-08-29,1046,1048,1000,1013,47445,-0.021256038647343045
2024-08-30,1013,1026,1005,1020,24829,0.006910167818361401
2024-09-02,1020,1020,1002,1007,29052,-0.012745098039215641
2024-09-03,1002,1015,984,998,23490,-0.00893743793445878
2024-09-04,1084,1297,1084,1297,5360540,0.2995991983967936
2024-09-05,1440,1576,1212,1299,18232903,0.0015420200462605838
2024-09-06,1290,1636,1257,1348,15228033,0.03772132409545814
2024-09-09,1530,1577,1273,1309,4690979,-0.028931750741839735
2024-09-10,1285,1430,1213,1344,4081629,0.02673796791443861
2024-09-11,1309,1430,1275,1337,4351746,-0.00520833333333337
2024-09-12,1295,1330,1285,1289,671953,-0.03590127150336575
2024-09-13,1290,1325,1245,1245,561431,-0.03413498836307216
2024-09-19,1257,1281,1153,1163,1110208,-0.06586345381526104
2024-09-20,1153,1155,1124,1129,393418,-0.02923473774720553
2024-09-23,1127,1139,1110,1122,176192,-0.00620017714791854
2024-09-24,1120,1130,1090,1110,211914,-0.010695187165775444
2024-09-25,1103,1153,1101,1153,334200,0.03873873873873879
2024-09-26,1140,1170,1110,1125,157508,-0.024284475281873386
2024-09-27,1125,1133,1113,1120,117324,-0.004444444444444473
2024-09-30,1120,1170,1115,1118,204317,-0.0017857142857142794
2024-10-02,1150,1150,1090,1090,139215,-0.025044722719141377
2024-10-04,1084,1101,1050,1063,164269,-0.02477064220183489
2024-10-07,1062,1063,1035,1063,90066,0.0
2024-10-08,1068,1090,1065,1090,101919,0.02539981185324547
2024-10-10,1088,1088,1035,1057,78960,-0.03027522935779814
2024-10-11,1057,1071,1051,1070,66869,0.012298959318826963
2024-10-14,1070,1093,1050,1056,63250,-0.013084112149532756
2024-10-15,1056,1061,1046,1049,30551,-0.006628787878787845
2024-10-16,1054,1060,1031,1034,72423,-0.014299332697807476
2024-10-17,1003,1069,1003,1020,90589,-0.013539651837524147
2024-10-18,1020,1035,1010,1018,80016,-0.0019607843137254832
2024-10-21,1018,1024,1009,1024,87646,0.005893909626718985
2024-10-22,1029,1160,1020,1090,1369221,0.064453125
2024-10-23,1090,1150,1050,1070,390181,-0.01834862385321101
2024-10-24,1135,1145,1059,1093,353687,0.021495327102803774
2024-10-25,1081,1093,1050,1050,140862,-0.03934126258005488
2024-10-28,1075,1080,1036,1044,68012,-0.005714285714285672
2024-10-29,1059,1059,1004,1020,100486,-0.02298850574712641
2024-10-30,1025,1039,1006,1013,50167,-0.006862745098039191
2024-10-31,1018,1056,1014,1036,104653,0.022704837117472954
2024-11-01,1070,1098,1031,1032,242608,-0.0038610038610038533
2024-11-04,1032,1045,1011,1031,71323,-0.0009689922480620172
2024-11-05,1031,1045,1028,1041,37642,0.009699321047526688
2024-11-06,1041,1054,1020,1041,85547,0.0
2024-11-07,1041,1054,1021,1026,30306,-0.014409221902017322
2024-11-08,1016,1026,1015,1019,32496,-0.006822612085769952
2024-11-11,1010,1035,1007,1023,50515,0.003925417075564264
2024-11-12,1015,1055,1000,1054,105897,0.030303030303030276
2024-11-13,1096,1096,1010,1024,254703,-0.028462998102466774
2024-11-14,1020,1025,1000,1000,69990,-0.0234375
2024-11-15,1000,1017,945,991,174292,-0.009000000000000008
2024-11-18,990,1010,960,1001,159936,0.010090817356205761
2024-11-19,996,1008,991,1001,40503,0.0
2024-11-20,990,1006,947,1001,91623,0.0
2024-11-21,1001,1001,969,970,64903,-0.03096903096903092
2024-11-22,962,977,923,942,140867,-0.028865979381443307
2024-11-25,945,957,940,951,43716,0.009554140127388644
2024-11-26,972,972,940,953,23354,0.002103049421661396
2024-11-27,954,968,948,960,56798,0.007345225603357708
2024-11-28,961,969,951,953,54001,-0.007291666666666696
2024-11-29,953,961,931,933,57161,-0.02098635886673661
2024-12-02,931,1050,927,950,84546,0.018220793140407254
2024-12-03,941,959,922,951,43719,0.001052631578947416
2024-12-04,936,1029,931,941,118253,-0.01051524710830709
2024-12-05,936,975,936,939,36585,-0.002125398512221044
2024-12-06,932,1053,932,965,1171347,0.027689030883919052
2024-12-09,1000,1069,983,1003,1091084,0.03937823834196896
2024-12-10,988,1047,955,1011,253870,0.007976071784645988
2024-12-11,1065,1065,1021,1044,123669,0.03264094955489605
2024-12-12,1052,1067,1032,1032,135959,-0.011494252873563204
2024-12-13,1043,1055,1032,1042,67324,0.009689922480620172
2024-12-16,1042,1059,1031,1033,93550,-0.008637236084452993
2024-12-17,1033,1043,1026,1035,24313,0.0019361084220717029
2024-12-18,1035,1039,998,999,65202,-0.034782608695652195
2024-12-19,1040,1076,985,988,593709,-0.011011011011010985
2024-12-20,980,1020,961,987,87920,-0.0010121457489878916
2024-12-23,982,1002,961,1000,61847,0.01317122593718345
2024-12-24,1000,1012,979,1000,29568,0.0
2024-12-26,999,1016,993,1003,67105,0.0029999999999998916
2024-12-27,992,1091,992,1013,1489050,0.009970089730807485
2024-12-30,1053,1053,962,984,191862,-0.028627838104639647
2025-01-02,984,1000,981,999,51027,0.015243902439024293
2025-01-03,999,1024,985,1008,89256,0.009009009009008917
2025-01-06,1005,1018,995,1013,38573,0.004960317460317443
2025-01-07,1013,1018,998,1011,45595,-0.001974333662388972
2025-01-08,1011,1015,1003,1011,12270,0.0
2025-01-09,1012,1014,1005,1013,11763,0.001978239366963397
2025-01-10,1014,1016,999,1002,29312,-0.010858835143139234
2025-01-13,1002,1017,985,1004,39686,0.001996007984031989
2025-01-14,996,1012,996,1006,13495,0.0019920318725099584
2025-01-15,1011,1011,999,1007,35876,0.0009940357852882276
2025-01-16,997,1006,984,989,26931,-0.01787487586891756
2025-01-17,980,996,980,989,9874,0.0
2025-01-20,988,992,970,984,49092,-0.005055611729019249
2025-01-21,982,988,971,976,20144,-0.008130081300813052
2025-01-22,972,976,940,944,62628,-0.032786885245901676
2025-01-23,943,960,925,929,37106,-0.01588983050847459
2025-01-24,929,938,924,933,20224,0.0043057050592034685
2025-01-31,933,957,931,931,27434,-0.002143622722400873
2025-02-03,935,990,925,938,119351,0.007518796992481258
2025-02-04,931,950,921,950,46347,0.01279317697228155
2025-02-05,941,967,939,964,21745,0.01473684210526316
2025-02-06,964,979,951,962,31632,-0.0020746887966804906
2025-02-07,957,962,943,956,24697,-0.006237006237006182
2025-02-10,956,958,941,955,29184,-0.0010460251046024993
2025-02-11,955,957,937,946,18110,-0.009424083769633551
2025-02-12,949,949,935,948,11142,0.0021141649048626032
2025-02-13,940,960,936,949,26430,0.001054852320675037
2025-02-14,941,944,923,923,41864,-0.0273972602739726
2025-02-17,924,926,891,912,35761,-0.011917659804983716
2025-02-18,912,924,912,915,21415,0.00328947368421062
2025-02-19,915,916,906,916,13357,0.0010928961748633004
2025-02-20,916,925,915,925,14475,0.009825327510917026
2025-02-21,928,949,919,934,28348,0.00972972972972963
2025-02-24,934,956,929,929,32220,-0.005353319057815886
2025-02-25,933,949,931,932,18247,0.0032292787944026013
2025-02-26,932,933,904,928,20401,-0.0042918454935622075
2025-02-27,921,928,910,925,15489,-0.003232758620689613
2025-02-28,925,970,914,922,162170,-0.00324324324324321
2025-03-04,922,931,907,920,22302,-0.002169197396963085
2025-03-05,910,918,902,913,27000,-0.007608695652173925
2025-03-06,900,924,869,897,47393,-0.017524644030668113
2025-03-07,896,914,880,905,33980,0.008918617614269708
2025-03-10,897,905,862,890,19732,-0.016574585635359074
2025-03-11,970,1135,933,935,5636414,0.050561797752809
2025-03-12,926,940,901,940,588794,0.005347593582887722
2025-03-13,927,948,908,930,241601,-0.010638297872340385
2025-03-14,924,928,903,912,253988,-0.01935483870967747
2025-03-17,915,915,865,882,205648,-0.03289473684210531
2025-03-18,876,890,869,880,91134,-0.0022675736961451642
2025-03-19,880,901,862,886,104270,0.006818181818181834
2025-03-20,875,877,862,868,71360,-0.020316027088036148
2025-03-21,868,872,855,857,78535,-0.012672811059907807
2025-03-24,854,854,810,833,47133,-0.028004667444574083
2025-03-25,833,1082,833,1082,3897474,0.2989195678271308
2025-03-26,1146,1255,1002,1082,2859893,0.0
2025-03-27,1120,1129,1025,1031,545232,-0.0471349353049908
2025-03-28,1020,1149,1012,1036,1133781,0.004849660523763344
2025-03-31,1113,1346,1101,1346,4307325,0.2992277992277992
2025-04-01,1508,1749,1292,1698,8017446,0.2615156017830609
2025-04-02,1710,2095,1557,1578,4079107,-0.07067137809187274
2025-04-03,1814,1941,1576,1618,2474762,0.025348542458808687
2025-04-04,1780,1792,1393,1480,812880,-0.08529048207663781
2025-04-07,1626,1665,1490,1490,742644,0.006756756756756799
2025-04-08,1460,1596,1378,1482,559469,-0.005369127516778538
2025-04-09,1565,1917,1482,1683,4858920,0.13562753036437236
2025-04-10,1540,1680,1526,1660,777984,-0.013666072489601944
2025-04-11,1660,2090,1660,1790,2393138,0.07831325301204828
2025-04-14,1747,1790,1682,1702,343243,-0.049162011173184306
2025-04-15,1700,1830,1662,1805,432430,0.06051703877790837
2025-04-16,1848,1848,1726,1819,473937,0.007756232686980669
2025-04-17,1845,1845,1741,1756,247511,-0.034634414513468936
2025-04-18,1750,1750,1621,1664,201960,-0.05239179954441908
2025-04-21,1675,1677,1601,1648,81216,-0.009615384615384581
2025-04-22,1648,1720,1610,1610,177274,-0.02305825242718451
2025-04-23,1610,1610,1522,1570,138362,-0.024844720496894457
2025-04-24,1570,1873,1548,1725,1609992,0.09872611464968162
2025-04-25,1725,1757,1613,1699,298475,-0.015072463768115996
2025-04-28,1689,1801,1667,1760,167377,0.0359034726309595
2025-04-29,1752,1805,1719,1719,66308,-0.023295454545454564
2025-04-30,1728,1820,1705,1710,178163,-0.005235602094240788
2025-05-02,1653,1929,1652,1702,231810,-0.004678362573099393
2025-05-07,1703,1745,1663,1705,85601,0.001762632197414904
2025-05-08,1690,1730,1681,1686,33437,-0.011143695014662724
2025-05-09,1687,1726,1652,1700,77702,0.008303677342823335
2025-05-12,1694,1708,1683,1701,88989,0.0005882352941175562
2025-05-13,1700,1710,1651,1651,101262,-0.029394473838918245
2025-05-14,1657,1710,1603,1650,34506,-0.0006056935190793533
2025-05-15,1650,1770,1642,1722,167391,0.043636363636363695
2025-05-16,1702,1765,1680,1710,68785,-0.006968641114982632
2025-05-19,1723,1799,1690,1730,80297,0.011695906432748648
2025-05-20,1728,1778,1625,1771,176402,0.023699421965317935
2025-05-21,1771,1771,1702,1702,37970,-0.038961038961038974
2025-05-22,1753,1780,1710,1722,54611,0.011750881316098694
2025-05-23,1706,1760,1706,1726,55190,0.0023228803716608404
2025-05-26,1727,1729,1680,1680,47099,-0.02665121668597914
2025-05-27,1680,1731,1653,1656,24799,-0.014285714285714235
2025-05-28,1658,1674,1504,1523,140379,-0.08031400966183577
2025-05-29,1545,1665,1534,1659,89784,0.08929743926460931
2025-05-30,1670,1670,1617,1637,37731,-0.013261000602772799
2025-06-02,1637,1649,1626,1646,13137,0.005497861942577842
2025-06-04,1628,1686,1550,1641,26921,-0.0030376670716889542
2025-06-05,1641,1643,1600,1609,21500,-0.019500304692260828
2025-06-09,1609,1626,1598,1613,19933,0.0024860161591049312
2025-06-10,1613,1628,1590,1619,16329,0.0037197768133911957
2025-06-11,1628,1629,1580,1605,35341,-0.00864731315626932
2025-06-12,1605,1616,1570,1593,45609,-0.00747663551401867
2025-06-13,1593,2050,1582,1830,3339954,0.1487758945386064
2025-06-16,1816,1880,1691,1768,321152,-0.033879781420764976
2025-06-17,1730,2230,1703,1930,5036834,0.091628959276018
2025-06-18,1930,1930,1830,1837,596519,-0.04818652849740934
2025-06-19,1822,2060,1810,1830,1412657,-0.003810560696788201
2025-06-20,1826,1879,1775,1782,236158,-0.02622950819672132
2025-06-23,1872,2020,1801,1808,1186095,0.014590347923681302
2025-06-24,1790,1804,1732,1756,192954,-0.028761061946902644
2025-06-25,1756,1920,1723,1796,385668,0.02277904328018221
2025-06-26,1795,2110,1785,1871,3167215,0.041759465478841795
2025-06-27,1871,1971,1836,1872,540428,0.0005344735435595105
2025-06-30,1869,1895,1817,1860,174897,-0.0064102564102563875
2025-07-01,1860,1955,1803,1947,292412,0.04677419354838719
2025-07-02,1922,2185,1920,1970,1114601,0.011813045711350778
2025-07-03,1950,2070,1900,1950,248437,-0.010152284263959421
2025-07-04,1950,2120,1930,2030,353912,0.0410256410256411
2025-07-07,2050,2060,1975,2020,165592,-0.0049261083743842304
2025-07-08,2040,2040,1918,1918,222439,-0.05049504950495054
2025-07-09,1919,1951,1901,1904,96799,-0.007299270072992692
2025-07-10,1890,1919,1793,1904,203106,0.0
2025-07-11,1902,1937,1879,1900,97295,-0.0021008403361344463
2025-07-14,1889,1913,1874,1876,54318,-0.012631578947368438
2025-07-15,1880,1889,1835,1837,54495,-0.020788912579957408
2025-07-16,1838,1955,1838,1861,67004,0.013064779531845483
2025-07-17,1861,1922,1845,1879,71440,0.00967221923696937
2025-07-18,1900,1904,1865,1866,41231,-0.006918573709419951
2025-07-21,1866,1882,1848,1878,29847,0.006430868167202508
2025-07-22,1886,1993,1840,1920,269583,0.022364217252396124
2025-07-23,1918,1960,1888,1888,84737,-0.01666666666666672
2025-07-24,1905,1905,1862,1886,58887,-0.0010593220338983578
2025-07-25,1886,1891,1825,1833,66732,-0.028101802757158012
2025-07-28,1810,1862,1810,1835,45355,0.0010911074740862503
2025-07-29,1835,1919,1750,1795,103954,-0.021798365122615793
2025-07-30,1780,1842,1779,1812,34343,0.009470752089136392
2025-07-31,1779,1862,1770,1836,71943,0.013245033112582849
2025-08-01,1847,2030,1842,1877,1243476,0.022331154684095855
2025-08-04,1877,1904,1839,1847,146836,-0.01598295151838036
2025-08-05,1844,1865,1764,1850,155749,0.0016242555495398214
2025-08-06,1850,1884,1838,1858,59137,0.00432432432432428
2025-08-07,1847,1870,1830,1831,39721,-0.014531754574811595
2025-08-08,1849,1870,1832,1855,42718,0.013107591480065572
2025-08-11,1845,1865,1800,1857,37265,0.0010781671159030282
2025-08-12,1835,1916,1835,1894,118161,0.019924609585352693
2025-08-13,1891,1914,1853,1902,83572,0.004223864836325308
2025-08-14,1889,2020,1887,1989,877517,0.045741324921135584
2025-08-18,1970,2060,1960,1989,2206854,0.0
2025-08-19,2005,2045,1878,1991,2282785,0.0010055304172951196
2025-08-20,2060,2130,1899,2020,1618608,0.014565544952285236
2025-08-21,1974,2045,1932,2010,232492,-0.004950495049504955
2025-08-22,2000,2200,1969,2160,402425,0.07462686567164178
2025-08-25,2120,2160,2025,2160,364228,0.0
2025-08-26,2160,2175,2090,2175,101645,0.00694444444444442
2025-08-27,2160,2250,2085,2120,202433,-0.025287356321839094
2025-08-28,2115,2125,1970,2035,87725,-0.04009433962264153
2025-08-29,2010,2060,1954,1961,97397,-0.036363636363636376
2025-09-01,1967,2020,1953,1993,129976,0.01631820499745018
2025-09-02,1992,1994,1910,1925,68939,-0.03411941796286999
2025-09-03,1924,1980,1890,1909,59243,-0.00831168831168827
2025-09-04,1910,1939,1880,1893,38700,-0.00838135149292818
2025-09-05,1904,1904,1850,1894,50302,0.0005282620179609676
2025-09-08,1882,1882,1862,1862,17510,-0.0168954593453009
2025-09-09,1863,1898,1848,1867,14699,0.0026852846401719255
2025-09-10,1883,1900,1864,1890,43765,0.012319228709159136
2025-09-11,1899,1932,1840,1903,74982,0.006878306878306928
2025-09-12,1903,1970,1885,1950,48080,0.024697845507094085
2025-09-15,1929,1979,1929,1948,35401,-0.0010256410256410664
2025-09-16,1947,2025,1940,2025,120057,0.03952772073921973
2025-09-17,2040,2070,2010,2025,51780,0.0
2025-09-18,2025,2050,1990,2050,36898,0.012345679012345734
2025-09-19,2035,2055,1999,1999,35079,-0.024878048780487827
