Date,Open,High,Low,Close,Volume,Change
2022-01-03,69500,70000,67900,69100,269474,0.007288629737609353
2022-01-04,69100,72200,68800,70900,660583,0.026049204052098318
2022-01-05,71100,71200,66700,67600,493226,-0.046544428772919644
2022-01-06,65900,68300,65300,65400,333036,-0.03254437869822491
2022-01-07,65300,67100,64500,66200,212502,0.012232415902140747
2022-01-10,66100,67400,65600,65800,153085,-0.0060422960725075026
2022-01-11,66500,68200,65600,66500,264792,0.010638297872340496
2022-01-12,67100,69100,67000,68000,193652,0.022556390977443552
2022-01-13,68800,73000,68700,72000,614680,0.05882352941176472
2022-01-14,71900,72600,69500,71500,385112,-0.00694444444444442
2022-01-17,74400,77700,67400,68100,1245964,-0.047552447552447585
2022-01-18,68000,68200,62000,62900,787516,-0.07635829662261384
2022-01-19,61400,63600,60600,62000,449261,-0.014308426073131986
2022-01-20,62300,65800,62300,65700,428946,0.05967741935483861
2022-01-21,65700,65700,62200,63700,347786,-0.030441400304414
2022-01-24,62900,63600,61100,61300,278944,-0.03767660910518056
2022-01-25,60600,61800,59300,60000,286462,-0.021207177814029365
2022-01-26,60400,61800,59700,59700,197481,-0.0050000000000000044
2022-01-27,59700,59800,56100,57300,297737,-0.04020100502512558
2022-01-28,57300,58700,56100,58000,270005,0.01221640488656206
2022-02-03,60000,60400,56100,56300,350368,-0.02931034482758621
2022-02-04,56700,59400,56100,59300,312389,0.05328596802841923
2022-02-07,60600,66000,59400,63800,768198,0.07588532883642496
2022-02-08,64200,65600,63100,64300,320778,0.00783699059561127
2022-02-09,64600,64800,62200,62400,196968,-0.029548989113530322
2022-02-10,62400,64100,61700,62400,265193,0.0
2022-02-11,62400,63400,60000,60200,240923,-0.03525641025641024
2022-02-14,60600,62900,58000,59500,497595,-0.011627906976744207
2022-02-15,59300,60100,57800,58200,181726,-0.021848739495798353
2022-02-16,58900,60600,58700,59900,148479,0.029209621993127044
2022-02-17,59800,62000,59800,61200,232405,0.02170283806343898
2022-02-18,60700,61200,59200,59700,156175,-0.02450980392156865
2022-02-21,60200,64500,60000,64000,493086,0.07202680067001666
2022-02-22,64600,65000,60900,61200,386559,-0.043749999999999956
2022-02-23,61900,61900,60400,60900,178562,-0.004901960784313708
2022-02-24,61400,62600,59400,60700,406515,-0.003284072249589487
2022-02-25,61600,64700,60900,64000,444088,0.054365733113673764
2022-02-28,65400,69700,65100,68100,896076,0.06406249999999991
2022-03-02,71300,75500,70500,72900,1102579,0.07048458149779746
2022-03-03,71800,73300,68600,72500,669708,-0.005486968449931462
2022-03-04,71300,75900,71200,74600,668022,0.028965517241379413
2022-03-07,76000,78900,73700,73900,856990,-0.009383378016085797
2022-03-08,74600,76400,71600,71700,592732,-0.02976995940460081
2022-03-10,70900,73500,66800,72900,601996,0.01673640167364021
2022-03-11,73700,75700,73200,75200,407380,0.03155006858710552
2022-03-14,76500,78000,75000,76100,590857,0.01196808510638303
2022-03-15,76300,76800,72800,73100,386970,-0.03942181340341655
2022-03-16,73600,74700,71500,74100,239512,0.013679890560875485
2022-03-17,72400,72900,69700,71600,621706,-0.03373819163292846
2022-03-18,71600,74200,71200,73700,280903,0.029329608938547524
2022-03-21,75100,77200,74100,74300,319031,0.008141112618724522
2022-03-22,75000,79900,74100,77000,749593,0.03633916554508754
2022-03-23,77900,77900,74300,75300,454109,-0.02207792207792203
2022-03-24,74800,77300,74800,76700,247624,0.01859229747675961
2022-03-25,78300,79400,75900,76600,351898,-0.0013037809647978849
2022-03-28,76400,79000,75500,78800,428235,0.02872062663185382
2022-03-29,78000,78100,71900,72200,711414,-0.08375634517766495
2022-03-30,71300,73000,71000,72700,320958,0.006925207756232732
2022-03-31,73400,74300,71500,71900,232697,-0.011004126547455306
2022-04-01,71900,72800,71100,71800,157721,-0.0013908205841446364
2022-04-04,72200,73000,71800,72400,84928,0.008356545961002881
2022-04-05,72400,72700,70900,71000,119841,-0.01933701657458564
2022-04-06,70800,72000,70200,71500,155048,0.007042253521126751
2022-04-07,71500,71500,69100,69300,200073,-0.03076923076923077
2022-04-08,70600,72000,69100,70300,167590,0.01443001443001446
2022-04-11,70600,70800,69500,69600,82593,-0.009957325746799417
2022-04-12,69600,70900,68900,69900,140491,0.004310344827586299
2022-04-13,70600,72700,70000,72000,195468,0.030042918454935563
2022-04-14,72300,72800,71500,72800,133374,0.011111111111111072
2022-04-15,72600,75000,71400,73300,226937,0.006868131868131844
2022-04-18,73600,77300,73300,76700,484092,0.04638472032742147
2022-04-19,77100,77500,75700,77400,182476,0.009126466753585305
2022-04-20,76900,76900,75100,75100,183626,-0.029715762273901825
2022-04-21,75600,76900,74100,76400,180644,0.017310252996005415
2022-04-22,75000,79600,74800,78600,346712,0.028795811518324665
2022-04-25,77900,81300,77100,77400,398535,-0.01526717557251911
2022-04-26,78200,81500,77300,78200,535612,0.010335917312661591
2022-04-27,77800,84300,76600,82400,1558080,0.053708439897698135
2022-04-28,83000,84300,80800,82300,592157,-0.0012135922330097637
2022-04-29,82400,83100,81200,82100,269901,-0.002430133657351119
2022-05-02,82400,87100,82400,85500,575304,0.04141291108404377
2022-05-03,85800,87300,84500,86800,414817,0.015204678362572999
2022-05-04,86700,87600,85100,85700,365590,-0.012672811059907807
2022-05-06,84600,87800,84400,85300,352925,-0.004667444574095736
2022-05-09,85700,87900,82800,83900,465107,-0.016412661195779554
2022-05-10,82800,84200,81300,82800,330753,-0.013110846245530383
2022-05-11,83000,83400,78000,78000,483347,-0.05797101449275366
2022-05-12,77500,78900,76000,76800,362280,-0.01538461538461533
2022-05-13,77000,77900,75500,77700,209731,0.01171875
2022-05-16,78600,78700,73700,75200,446002,-0.03217503217503215
2022-05-17,75700,76500,74400,75200,204742,0.0
2022-05-18,75800,75800,73900,74100,214404,-0.0146276595744681
2022-05-19,72600,74900,72500,73200,248478,-0.012145748987854255
2022-05-20,73800,74400,72900,73200,185684,0.0
2022-05-23,75900,78000,75100,76200,471592,0.040983606557376984
2022-05-24,76800,78300,74800,74900,240231,-0.017060367454068248
2022-05-25,76200,80100,75600,79000,453781,0.05473965287049398
2022-05-26,79200,79700,77700,78700,189084,-0.0037974683544304
2022-05-27,78700,79600,77300,78500,189709,-0.0025412960609910717
2022-05-30,79000,81300,78800,79300,176775,0.010191082802547768
2022-05-31,79400,80200,78300,79200,166715,-0.0012610340479193294
2022-06-02,79400,82000,78600,80600,167462,0.017676767676767735
2022-06-03,80600,81100,78600,79900,187543,-0.008684863523573227
2022-06-07,81000,83400,80800,82200,332282,0.028785982478097605
2022-06-08,83000,83700,80400,81800,201718,-0.0048661800486617945
2022-06-09,81800,85000,81300,84600,341051,0.03422982885085579
2022-06-10,84400,86500,83900,84300,209130,-0.0035460992907800915
2022-06-13,83800,84200,81500,81700,278688,-0.03084223013048637
2022-06-14,81000,81100,77600,79400,289834,-0.028151774785801664
2022-06-15,79100,79800,76000,76900,239058,-0.03148614609571787
2022-06-16,77000,79600,76000,77000,177579,0.0013003901170351995
2022-06-17,76100,77200,75600,76100,136425,-0.011688311688311637
2022-06-20,77500,79100,75000,76400,196002,0.003942181340341744
2022-06-21,76000,76800,72500,74800,221786,-0.020942408376963373
2022-06-22,75400,75700,69500,69900,213769,-0.06550802139037437
2022-06-23,68900,70400,66500,66800,237186,-0.044349070100143106
2022-06-24,66400,69200,66400,68600,130531,0.026946107784431073
2022-06-27,69500,71700,68700,70900,122913,0.03352769679300294
2022-06-28,71300,73400,70900,72900,131665,0.028208744710860323
2022-06-29,72500,75200,71700,73800,147470,0.012345679012345734
2022-06-30,74200,75100,71600,71800,120474,-0.027100271002710064
2022-07-01,73000,78100,73000,75800,392506,0.055710306406685284
2022-07-04,76400,76900,67900,71000,431929,-0.0633245382585752
2022-07-05,71300,71900,68300,71200,206592,0.0028169014084507005
2022-07-06,70000,72000,69100,69100,146934,-0.0294943820224719
2022-07-07,69500,70200,67900,69600,103277,0.00723589001447178
2022-07-08,70200,71000,69300,69400,75099,-0.002873563218390829
2022-07-11,70000,71900,68400,70400,129468,0.014409221902017322
2022-07-12,70100,70200,66900,67100,137399,-0.046875
2022-07-13,66300,67400,65200,66300,170388,-0.011922503725782407
2022-07-14,65800,71400,65800,70200,233714,0.05882352941176472
2022-07-15,70400,72100,69700,70300,176320,0.0014245014245013454
2022-07-18,71100,74000,70800,73300,166126,0.04267425320056906
2022-07-19,74800,75300,72600,74500,194160,0.016371077762619368
2022-07-20,75000,75300,73600,74400,134983,-0.0013422818791946067
2022-07-21,74200,75500,73500,74400,90130,0.0
2022-07-22,74400,79000,74300,77700,308238,0.04435483870967749
2022-07-25,78300,81600,77900,80800,307722,0.039897039897039965
2022-07-26,81400,83200,79900,81500,299331,0.00866336633663356
2022-07-27,81700,82500,80000,81500,170311,0.0
2022-07-28,82200,83800,81500,82800,198927,0.01595092024539868
2022-07-29,83000,88500,82500,88000,522773,0.06280193236714982
2022-08-01,86900,88600,86000,86700,247504,-0.01477272727272727
2022-08-02,86300,87700,84600,86700,303284,0.0
2022-08-03,86800,88100,85600,86900,160718,0.0023068050749712743
2022-08-04,87200,87400,85400,86900,154991,0.0
2022-08-05,87000,89800,85500,88700,213224,0.020713463751438344
2022-08-08,89500,95000,89300,94100,653922,0.06087936865839905
2022-08-09,95400,96400,92500,93400,366466,-0.007438894792773598
2022-08-10,93400,94500,92100,92800,193005,-0.0064239828693790635
2022-08-11,93000,93200,87900,90100,539340,-0.02909482758620685
2022-08-12,90500,91100,88100,88200,262923,-0.021087680355160954
2022-08-16,88800,90600,88000,88200,251035,0.0
2022-08-17,88200,88900,86900,88300,190439,0.0011337868480725266
2022-08-18,88500,93800,87200,90700,604807,0.027180067950169917
2022-08-19,91600,93000,90400,90900,180125,0.0022050716648291946
2022-08-22,90300,91900,89600,91200,130109,0.0033003300330032292
2022-08-23,90400,95700,90200,94200,323579,0.03289473684210531
2022-08-24,96700,101500,95400,99300,688081,0.05414012738853513
2022-08-25,101000,105000,97700,102500,522535,0.03222557905337364
2022-08-26,104000,107000,101500,105500,258443,0.029268292682926855
2022-08-29,103000,108000,103000,105000,273388,-0.004739336492891044
2022-08-30,107000,107000,102000,103500,267014,-0.014285714285714235
2022-08-31,103500,107000,100500,106000,263481,0.024154589371980784
2022-09-01,104000,108000,102500,103000,236271,-0.028301886792452824
2022-09-02,104000,107500,100500,105500,228772,0.024271844660194164
2022-09-05,105500,109500,103500,107500,279441,0.018957345971563955
2022-09-06,108500,110000,106500,109000,196797,0.013953488372093092
2022-09-07,109000,114000,103000,104000,418098,-0.04587155963302747
2022-09-08,104000,105000,100500,103500,293106,-0.004807692307692291
2022-09-13,102500,104000,93500,95800,717777,-0.07439613526570044
2022-09-14,93700,97000,92500,96600,325368,0.008350730688935215
2022-09-15,96300,99700,94200,95300,349059,-0.01345755693581785
2022-09-16,95000,95700,92500,93500,208332,-0.018887722980062915
2022-09-19,94400,95500,90700,91400,255980,-0.022459893048128343
2022-09-20,91800,94600,91800,93600,196118,0.024070021881838155
2022-09-21,92800,96300,92500,95200,205631,0.017094017094017033
2022-09-22,96400,98200,94000,97400,287739,0.02310924369747891
2022-09-23,97400,98800,94000,94300,205883,-0.03182751540041073
2022-09-26,94300,95200,88600,89900,364928,-0.04665959703075295
2022-09-27,90100,90900,87000,90100,184521,0.0022246941045607205
2022-09-28,89600,91800,89000,90300,228143,0.002219755826859071
2022-09-29,91700,93300,89400,91100,205564,0.008859357696566983
2022-09-30,89400,93100,88700,90300,172584,-0.008781558726673966
2022-10-04,93000,97200,92200,95000,242039,0.05204872646733105
2022-10-05,97000,97100,89100,91400,397369,-0.037894736842105314
2022-10-06,92500,94300,91100,93600,162838,0.024070021881838155
2022-10-07,93100,93500,88000,90100,472157,-0.03739316239316237
2022-10-11,89700,93100,89200,90000,267980,-0.0011098779134295356
2022-10-12,89600,95700,84400,94300,559219,0.0477777777777777
2022-10-13,95000,95100,84300,84400,648703,-0.10498409331919412
2022-10-14,86200,91400,85800,89700,421000,0.06279620853080559
2022-10-17,87000,88100,82300,83900,598195,-0.064659977703456
2022-10-18,84800,87700,84800,85900,354379,0.023837902264600697
2022-10-19,86900,90300,85600,88300,295414,0.0279394644935973
2022-10-20,89200,90500,87800,87800,242700,-0.005662514156285381
2022-10-21,88000,88800,86300,87500,124683,-0.003416856492027387
2022-10-24,89000,91900,89000,90900,197568,0.03885714285714292
2022-10-25,93100,93100,90200,90900,134356,0.0
2022-10-26,91000,93000,90400,91200,117247,0.0033003300330032292
2022-10-27,92400,95300,92400,94900,178632,0.040570175438596534
2022-10-28,95400,102000,94600,100500,489737,0.05900948366701786
2022-10-31,100500,103000,99700,101500,274030,0.00995024875621886
2022-11-01,102500,107500,102000,106500,308008,0.049261083743842304
2022-11-02,107500,110000,101000,103000,480505,-0.032863849765258246
2022-11-03,101500,106500,100000,103500,284934,0.004854368932038833
2022-11-04,103500,107500,102500,104500,231945,0.009661835748792313
2022-11-07,107000,107000,99100,100000,292830,-0.0430622009569378
2022-11-08,100500,101000,97800,99800,251864,-0.0020000000000000018
2022-11-09,100500,101500,97200,98700,277613,-0.011022044088176308
2022-11-10,98300,100000,97200,97700,199452,-0.010131712259371817
2022-11-11,99700,100500,96500,97700,278600,0.0
2022-11-14,97900,97900,91400,92000,468394,-0.05834186284544529
2022-11-15,92200,92300,90000,90700,319210,-0.01413043478260867
2022-11-16,92700,93000,89800,91300,405476,0.006615214994487362
2022-11-17,91000,91500,89100,89200,247873,-0.02300109529025196
2022-11-18,89500,94200,87900,92200,499249,0.03363228699551568
2022-11-21,92900,93600,90600,91200,206815,-0.010845986984815648
2022-11-22,91600,95000,91600,94900,325567,0.040570175438596534
2022-11-23,95300,95500,92900,93700,208807,-0.012644889357218081
2022-11-24,94200,94200,92300,92700,175958,-0.01067235859124871
2022-11-25,93000,93100,90500,91700,187527,-0.010787486515641875
2022-11-28,92300,93600,90900,90900,173696,-0.008724100327153761
2022-11-29,90700,93600,90700,92000,204948,0.012101210121012063
2022-11-30,92600,93400,91200,92500,149017,0.005434782608695565
2022-12-01,92700,93200,91200,91500,174757,-0.010810810810810811
2022-12-02,91500,92200,90400,91800,134932,0.003278688524590123
2022-12-05,92000,92600,90400,90400,164131,-0.015250544662309351
2022-12-06,90400,90800,88500,90300,125685,-0.0011061946902655162
2022-12-07,90000,91200,89000,89800,115373,-0.0055370985603543366
2022-12-08,90300,90300,84900,87300,279720,-0.027839643652561197
2022-12-09,87000,88200,83100,84000,379439,-0.037800687285223344
2022-12-12,84300,86800,83300,86300,218504,0.027380952380952284
2022-12-13,86900,90000,86700,88700,166183,0.02780996523754342
2022-12-14,89300,90400,88200,89900,98048,0.013528748590755368
2022-12-15,89800,92200,89300,90500,142422,0.006674082313681939
2022-12-16,89500,91400,87600,87800,151305,-0.029834254143646377
2022-12-19,87800,90000,87100,89200,90971,0.015945330296127658
2022-12-20,89200,92000,88900,90000,208110,0.008968609865470878
2022-12-21,90800,91900,89900,90400,113129,0.004444444444444473
2022-12-22,91100,91400,89200,91100,135819,0.007743362831858391
2022-12-23,90300,91000,88200,88200,202283,-0.03183315038419321
2022-12-26,88400,90400,87300,90200,155704,0.0226757369614512
2022-12-27,90500,93900,89600,93300,363926,0.03436807095343686
2022-12-28,93200,94200,91200,91600,217743,-0.018220793140407254
2022-12-29,91600,93000,91200,92200,165629,0.0065502183406114245
2023-01-02,93500,93800,87900,88900,238505,-0.03579175704989157
2023-01-03,88600,88600,81200,81300,727049,-0.08548931383577052
2023-01-04,81300,81300,75500,78000,607729,-0.040590405904059046
2023-01-05,78000,79100,75400,77800,438305,-0.002564102564102555
2023-01-06,76800,78900,76100,77500,274108,-0.003856041131105381
2023-01-09,77900,80900,77700,80700,305504,0.041290322580645133
2023-01-10,80800,81000,78500,79300,271427,-0.01734820322180919
2023-01-11,80000,81800,79800,81300,283317,0.02522068095838592
2023-01-12,82400,83200,80800,81100,289484,-0.002460024600245969
2023-01-13,81600,83900,81300,82500,372742,0.01726263871763245
2023-01-16,83000,83000,78500,79900,611868,-0.031515151515151496
2023-01-17,80900,82800,79100,79400,422311,-0.006257822277847325
2023-01-18,79500,80000,77300,77800,273493,-0.02015113350125941
2023-01-19,77200,78300,76500,77600,202003,-0.0025706940874036244
2023-01-20,77500,78900,77000,78100,142879,0.006443298969072142
2023-01-25,79000,79100,77700,78500,148672,0.005121638924455718
2023-01-26,78800,80500,78700,80300,247109,0.02292993630573248
2023-01-27,80900,81600,80000,80700,184000,0.00498132004981322
2023-01-30,81100,82900,79100,79300,339964,-0.01734820322180919
2023-01-31,79500,80900,78500,80800,165301,0.018915510718789497
2023-02-01,80800,81200,79700,81000,206394,0.0024752475247524774
2023-02-02,81500,81700,80000,80900,167585,-0.0012345679012345512
2023-02-03,81000,81800,80200,81100,137657,0.0024721878862794533
2023-02-06,80800,82800,80000,81300,188190,0.002466091245376001
2023-02-07,81300,81800,79700,79900,195431,-0.017220172201722006
2023-02-08,80300,81700,80000,80300,179109,0.005006257822277815
2023-02-09,80300,81200,79200,79200,263796,-0.013698630136986356
2023-02-10,79900,80700,77500,79300,331402,0.0012626262626262985
2023-02-13,80000,80600,78200,78600,227950,-0.008827238335435084
2023-02-14,79000,79100,77900,78200,236277,-0.0050890585241730735
2023-02-15,78000,78800,74100,74500,519039,-0.04731457800511507
2023-02-16,75100,75600,73700,74500,262101,0.0
2023-02-17,73800,75700,73300,75400,197191,0.012080536912751683
2023-02-20,75500,76200,74200,74700,169679,-0.009283819628647216
2023-02-21,74700,75900,74600,74700,200137,0.0
2023-02-22,74000,75100,73800,74400,179830,-0.004016064257028162
2023-02-23,75000,75500,73900,74900,114432,0.006720430107526987
2023-02-24,74800,77800,74600,77300,333804,0.03204272363150862
2023-02-27,77400,77400,73500,74900,237221,-0.031047865459249646
2023-02-28,75000,75500,74500,74700,121085,-0.002670226969292422
2023-03-02,75300,76700,74700,74800,164571,0.0013386880856760541
2023-03-03,74900,75500,74400,74900,130992,0.0013368983957218195
2023-03-06,75000,75900,74600,75500,166750,0.008010680907877266
2023-03-07,75600,77400,74400,74400,359196,-0.014569536423841067
2023-03-08,74600,74600,72500,73000,265305,-0.018817204301075252
2023-03-09,73200,73700,72300,72700,173295,-0.004109589041095929
2023-03-10,71900,72200,70000,70200,227596,-0.03438789546079779
2023-03-13,69300,71400,68400,71300,155804,0.015669515669515688
2023-03-14,70700,71200,68000,68100,193111,-0.04488078541374474
2023-03-15,69200,71300,68600,70300,177083,0.032305433186490484
2023-03-16,69400,70100,68000,68400,144928,-0.027027027027026973
2023-03-17,69000,70500,68600,69200,182633,0.011695906432748648
2023-03-20,68700,70800,68300,69900,132111,0.01011560693641611
2023-03-21,70900,71300,69600,69900,100242,0.0
2023-03-22,70300,70600,67200,67800,330561,-0.030042918454935674
2023-03-23,67800,68400,67400,67700,126466,-0.001474926253687281
2023-03-24,67700,68400,67100,68100,96907,0.005908419497784312
2023-03-27,68500,69500,67700,68500,153766,0.005873715124816492
2023-03-28,68500,71400,68500,71300,278859,0.04087591240875921
2023-03-29,71300,71800,70000,70500,106521,-0.011220196353436185
2023-03-30,70700,71700,69800,71000,132838,0.007092198581560183
2023-03-31,71500,73500,71200,72400,230062,0.019718309859154903
2023-04-03,72600,73700,72200,73000,168639,0.008287292817679592
2023-04-04,73600,74400,72400,73800,201872,0.010958904109588996
2023-04-05,74500,76100,73900,74900,260013,0.01490514905149043
2023-04-06,75000,75000,73000,73100,156632,-0.024032042723631464
2023-04-07,73300,73400,71700,72100,152258,-0.013679890560875485
2023-04-10,72100,72900,71200,72600,109697,0.006934812760055475
2023-04-11,73100,74100,71600,72500,141966,-0.0013774104683195176
2023-04-12,72500,73300,71800,73000,126149,0.006896551724137945
2023-04-13,72800,73700,72100,73400,123068,0.005479452054794498
2023-04-14,73600,74200,72800,73800,156040,0.005449591280654031
2023-04-17,73900,77000,73800,76900,432912,0.042005420054200604
2023-04-18,77200,78900,76500,77700,411654,0.01040312093628093
2023-04-19,78000,79400,77200,78200,246742,0.006435006435006496
2023-04-20,78400,82500,78300,80200,669547,0.025575447570332477
2023-04-21,81300,81300,77400,80500,377361,0.0037406483790523026
2023-04-24,81200,85900,80800,84100,795681,0.044720496894409933
2023-04-25,85800,88600,84700,87000,767752,0.034482758620689724
2023-04-26,87300,87500,81400,83900,570882,-0.03563218390804601
2023-04-27,83900,89000,81600,87100,630628,0.038140643623361115
2023-04-28,86500,86500,77400,78300,834568,-0.10103329506314584
2023-05-02,78000,81200,77600,80700,259630,0.03065134099616862
2023-05-03,80100,83200,80000,81700,238490,0.012391573729863659
2023-05-04,82300,83300,80900,81600,167571,-0.001223990208078285
2023-05-08,81900,83400,80300,80500,171550,-0.013480392156862697
2023-05-09,80500,80900,77600,78000,250753,-0.03105590062111796
2023-05-10,78500,79300,77100,77500,140323,-0.0064102564102563875
2023-05-11,77500,80200,77500,79400,193653,0.02451612903225797
2023-05-12,79400,79800,77500,78300,94418,-0.013853904282115859
2023-05-15,77500,78700,77200,78000,65484,-0.003831417624521105
2023-05-16,78000,78500,77300,78000,63244,0.0
2023-05-17,77400,78500,76800,77500,119564,-0.0064102564102563875
2023-05-18,77900,79200,77800,78900,116678,0.01806451612903226
2023-05-19,79000,79100,77600,78800,110497,-0.0012674271229404788
2023-05-22,79200,81000,79200,80700,111603,0.024111675126903487
2023-05-23,81100,81100,79200,79900,81336,-0.009913258983890949
2023-05-24,80000,80900,79000,80300,94882,0.005006257822277815
2023-05-25,79700,79800,77800,79000,134337,-0.016189290161892855
2023-05-26,79200,79200,77100,77600,108618,-0.017721518987341756
2023-05-30,77800,78400,75900,77100,158224,-0.006443298969072142
2023-05-31,78100,79200,77600,79200,154610,0.027237354085603016
2023-06-01,79200,79800,77800,78400,85985,-0.010101010101010055
2023-06-02,78500,80700,78200,80200,121534,0.022959183673469497
2023-06-05,80800,80900,79600,79900,73798,-0.0037406483790524137
2023-06-07,80400,80800,79900,80400,66383,0.006257822277847325
2023-06-08,80400,80700,79700,80300,72510,-0.0012437810945273853
2023-06-09,80800,82400,80000,82000,151193,0.021170610211706187
2023-06-12,82700,84500,82200,82500,154094,0.0060975609756097615
2023-06-13,82600,82700,79900,81400,148098,-0.013333333333333308
2023-06-14,81600,82200,80500,81400,89565,0.0
2023-06-15,81400,82000,80300,81300,95188,-0.0012285012285012664
2023-06-16,81700,83600,81700,83500,164049,0.027060270602706105
2023-06-19,84000,87500,83400,86800,441695,0.03952095808383227
2023-06-20,87400,87500,84300,84600,229619,-0.025345622119815614
2023-06-21,84900,84900,81900,82200,171453,-0.028368794326241176
2023-06-22,82000,83000,81300,82300,94100,0.0012165450121655041
2023-06-23,82000,82900,80000,80600,107168,-0.020656136087484844
2023-06-26,80800,81900,80100,81500,114767,0.011166253101736912
2023-06-27,81500,82500,79900,80200,84390,-0.015950920245398792
2023-06-28,80700,80800,79300,79600,68522,-0.007481296758104716
2023-06-29,79600,82400,79100,80600,112302,0.012562814070351758
2023-06-30,80800,82000,80400,81100,76927,0.006203473945409321
2023-07-03,81200,81900,80000,81200,69864,0.0012330456226881115
2023-07-04,81300,83800,80500,83500,153387,0.028325123152709297
2023-07-05,83600,87000,83100,86700,369445,0.038323353293413076
2023-07-06,86700,87500,85400,86000,178779,-0.008073817762399127
2023-07-07,86000,86500,84600,85400,95729,-0.006976744186046546
2023-07-10,85400,87200,84100,85700,123464,0.003512880562060783
2023-07-11,86700,89500,85100,89500,268131,0.04434072345390905
2023-07-12,89300,89900,87600,88500,173015,-0.011173184357541888
2023-07-13,89400,89400,86900,87100,167323,-0.015819209039548032
2023-07-14,87900,87900,85500,86600,121888,-0.00574052812858783
2023-07-17,85700,85900,80100,80600,393148,-0.06928406466512704
2023-07-18,80600,81000,79500,80000,159644,-0.007444168734491274
2023-07-19,80400,81200,79100,80000,114367,0.0
2023-07-20,79600,81500,79300,80700,105292,0.008750000000000036
2023-07-21,80700,80700,79400,80000,62914,-0.008674101610904539
2023-07-24,80200,80200,78200,78500,178249,-0.018750000000000044
2023-07-25,77300,80100,77300,79500,95521,0.01273885350318471
2023-07-26,79800,80400,75600,76600,169068,-0.03647798742138364
2023-07-27,77400,79800,75300,75300,194977,-0.016971279373368175
2023-07-28,75300,75800,72200,72600,295655,-0.03585657370517925
2023-07-31,73200,77000,73100,76700,194980,0.056473829201102
2023-08-01,76100,77800,75600,77000,129342,0.003911342894393766
2023-08-02,76800,78700,76100,76500,127105,-0.00649350649350644
2023-08-03,76100,77500,75100,75300,99056,-0.015686274509803977
2023-08-04,75200,77500,75200,76000,108588,0.009296148738379806
2023-08-07,76000,77800,75700,77300,92798,0.017105263157894735
2023-08-08,77200,78000,76100,77500,91539,0.002587322121604174
2023-08-09,77500,77600,76400,77200,51578,-0.003870967741935516
2023-08-10,77200,77400,74600,74800,123405,-0.031088082901554404
2023-08-11,74900,78200,74800,78100,127269,0.044117647058823595
2023-08-14,78800,78800,76100,76500,64017,-0.020486555697823317
2023-08-16,76400,77000,74000,74200,127894,-0.030065359477124187
2023-08-17,74000,75400,72500,75100,84943,0.0121293800539084
2023-08-18,74200,75200,73700,75100,68159,0.0
2023-08-21,74600,78300,74500,77400,124962,0.030625832223701632
2023-08-22,76900,78200,74400,77600,109743,0.0025839793281654533
2023-08-23,76700,79300,76600,78400,109755,0.010309278350515427
2023-08-24,78900,79400,77800,78700,64262,0.003826530612244916
2023-08-25,78000,79200,77500,78700,66058,0.0
2023-08-28,79400,80000,78000,79500,103788,0.010165184243964509
2023-08-29,80000,83800,79200,83200,213173,0.046540880503144644
2023-08-30,83400,83600,82100,83000,109215,-0.0024038461538461453
2023-08-31,83000,85500,83000,84800,167642,0.02168674698795181
2023-09-01,85200,85800,83900,83900,87979,-0.010613207547169767
2023-09-04,83600,85300,83100,83500,78430,-0.004767580452920139
2023-09-05,83100,84100,82500,82900,63852,-0.007185628742514938
2023-09-06,83000,88600,82900,86200,289423,0.039806996381182236
2023-09-07,86400,86600,82600,83100,153615,-0.03596287703016243
2023-09-08,83900,88400,83900,84800,177638,0.020457280385078214
2023-09-11,84800,87000,84700,85100,133133,0.0035377358490567
2023-09-12,85500,86300,83700,84100,126571,-0.011750881316098694
2023-09-13,82900,85200,82500,84100,84020,0.0
2023-09-14,84100,85000,83500,84100,57778,0.0
2023-09-15,84900,86700,84200,84400,97838,0.00356718192627814
2023-09-18,84400,85900,83500,84600,63080,0.0023696682464455776
2023-09-19,84600,86400,83200,85300,87803,0.008274231678486954
2023-09-20,85300,87500,84700,86000,128684,0.008206330597889888
2023-09-21,85500,87600,85200,85600,142712,-0.0046511627906976605
2023-09-22,84700,85500,83500,84600,110408,-0.011682242990654235
2023-09-25,84600,87200,83800,84300,112821,-0.0035460992907800915
2023-09-26,84000,85800,83700,83800,85931,-0.005931198102016588
2023-09-27,83200,88200,82500,87900,167189,0.04892601431980914
2023-10-04,87400,87600,85100,85300,104755,-0.029579067121729197
2023-10-05,85500,86800,84800,84900,71870,-0.004689331770222793
2023-10-06,84900,87000,84700,86200,81596,0.01531213191990588
2023-10-10,93900,96600,89000,91700,983331,0.06380510440835274
2023-10-11,90000,91700,87200,91100,362327,-0.0065430752453653485
2023-10-12,91100,91900,87700,88000,311340,-0.034028540065861645
2023-10-13,87200,90000,86500,89500,194421,0.017045454545454586
2023-10-16,90300,92100,86000,86200,332169,-0.036871508379888285
2023-10-17,86200,87100,83100,83400,254071,-0.0324825986078886
2023-10-18,84600,88300,83800,85600,309263,0.026378896882494063
2023-10-19,85100,85700,82000,85200,175501,-0.004672897196261627
2023-10-20,85300,88600,85300,88000,306975,0.032863849765258246
2023-10-23,87700,92700,85600,91500,458340,0.03977272727272729
2023-10-24,92900,93200,85800,87800,423047,-0.040437158469945333
2023-10-25,88600,91900,87700,89400,319232,0.018223234624145768
2023-10-26,88000,90800,87400,88000,194490,-0.015659955257270708
2023-10-27,86500,86500,83400,85800,269885,-0.025000000000000022
2023-10-30,87100,90800,86500,90300,221848,0.0524475524475525
2023-10-31,91200,91600,86600,87100,172523,-0.03543743078626804
2023-11-01,87300,90300,87300,88400,149026,0.014925373134328401
2023-11-02,88900,90700,87900,88500,179588,0.0011312217194570096
2023-11-03,88600,91300,88600,90700,169852,0.024858757062146797
2023-11-06,91500,91600,89000,90700,220685,0.0
2023-11-07,90300,91200,89600,90800,158020,0.0011025358324145973
2023-11-08,91200,91700,89700,90500,137365,-0.0033039647577092213
2023-11-09,91100,94500,90700,93400,272888,0.03204419889502752
2023-11-10,92900,99000,92800,98800,380489,0.05781584582441113
2023-11-13,98200,99500,96700,97000,191772,-0.018218623481781382
2023-11-14,97200,99000,96400,97700,124909,0.007216494845360799
2023-11-15,97800,98300,94600,96200,187874,-0.015353121801433
2023-11-16,96100,96100,92500,93500,193991,-0.028066528066528096
2023-11-17,93300,95100,93000,93600,82026,0.0010695187165774556
2023-11-20,93500,93700,92100,93000,56826,-0.0064102564102563875
2023-11-21,93500,93900,91700,92200,85516,-0.008602150537634357
2023-11-22,92400,96200,92300,93800,158333,0.017353579175704903
2023-11-23,94400,95600,92500,93500,97061,-0.0031982942430703876
2023-11-24,93000,93700,91000,91500,161441,-0.021390374331550777
2023-11-27,91500,92300,90000,91900,99795,0.004371584699453646
2023-11-28,92400,95100,91500,95000,143883,0.0337323177366704
2023-11-29,94800,97300,93600,95400,172109,0.004210526315789442
2023-11-30,96000,98500,95300,97500,169984,0.022012578616352307
2023-12-01,98000,102300,97500,100100,291735,0.026666666666666616
2023-12-04,99900,101800,97600,100100,176633,0.0
2023-12-05,99900,102300,97600,98000,149091,-0.020979020979020935
2023-12-06,98600,100600,96000,97300,158349,-0.0071428571428571175
2023-12-07,97600,100700,96700,98300,174331,0.010277492291880685
2023-12-08,98500,99400,97300,98600,146428,0.003051881993896277
2023-12-11,118000,128100,110400,128100,5475435,0.29918864097363085
2023-12-12,126000,138000,124600,133600,4027572,0.04293520686963315
2023-12-13,131800,137300,126000,127500,1432293,-0.045658682634730496
2023-12-14,129700,131100,121100,127000,1113561,-0.0039215686274509665
2023-12-15,126600,135600,126600,130100,1144691,0.024409448818897728
2023-12-18,133000,141500,130900,138100,1740230,0.061491160645657184
2023-12-19,140000,144400,135700,138000,1111680,-0.0007241129616220032
2023-12-20,138100,140900,134300,137500,631833,-0.0036231884057971175
2023-12-21,136400,140700,134300,138500,510154,0.0072727272727273196
2023-12-22,138200,146700,135500,135700,1148691,-0.0202166064981949
2023-12-26,135300,135700,129300,130600,455290,-0.037582903463522443
2023-12-27,131500,133900,127200,130300,487126,-0.0022970903522204766
2023-12-28,129500,131600,128800,130500,253060,0.0015349194167306734
2024-01-02,131700,132000,127900,128300,267529,-0.01685823754789273
2024-01-03,128400,131400,126500,130500,347854,0.017147310989867437
2024-01-04,130600,135500,126000,126100,564684,-0.03371647509578546
2024-01-05,126800,129600,120500,123200,508621,-0.022997620935765295
2024-01-08,123300,124500,120400,120500,277309,-0.021915584415584388
2024-01-09,120600,121500,115000,119800,266216,-0.0058091286307053736
2024-01-10,119900,124400,118800,123800,327498,0.03338898163606019
2024-01-11,123400,126400,121800,124500,332269,0.0056542810985460434
2024-01-12,124100,129500,124100,126100,423838,0.012851405622489986
2024-01-15,128000,128900,120500,122600,269188,-0.027755749405233954
2024-01-16,121400,122700,119900,120600,154156,-0.01631321370309946
2024-01-17,120100,121300,116700,120500,235620,-0.0008291873963516272
2024-01-18,121200,124400,120000,121300,232632,0.00663900414937757
2024-01-19,121500,122400,119500,121400,180426,0.0008244023083263663
2024-01-22,122400,124900,119200,123900,183486,0.020593080724876422
2024-01-23,123800,123900,120300,122600,177700,-0.01049233252623083
2024-01-24,123400,125800,118900,119000,223838,-0.029363784665579096
2024-01-25,117000,121300,115700,116300,234155,-0.02268907563025213
2024-01-26,116000,117000,112500,113000,262768,-0.02837489251934655
2024-01-29,113200,114300,107600,108500,325019,-0.03982300884955747
2024-01-30,108400,109100,104000,105600,312101,-0.026728110599078314
2024-01-31,104900,108300,104200,105100,247494,-0.004734848484848508
2024-02-01,104500,107900,104300,105400,183940,0.0028544243577546258
2024-02-02,105200,109400,104700,106900,208781,0.014231499051233332
2024-02-05,107300,111000,105700,108900,193152,0.018709073900841977
2024-02-06,108700,114200,107600,113000,330331,0.037649219467401185
2024-02-07,119000,120700,112800,113400,1024257,0.003539823008849474
2024-02-08,114200,118800,113300,113600,489058,0.0017636684303350414
2024-02-13,114700,118600,114100,118200,442233,0.040492957746478764
2024-02-14,117200,132700,115400,127000,1071555,0.0744500846023688
2024-02-15,129300,130500,125800,127200,422704,0.0015748031496063408
2024-02-16,127200,129400,125800,127700,241548,0.0039308176100629755
2024-02-19,129300,132700,128800,130800,433205,0.024275646045418986
2024-02-20,130500,134700,127200,128000,561579,-0.021406727828746197
2024-02-21,130500,139300,128500,137600,674347,0.07499999999999996
2024-02-22,135600,148600,134900,138000,1152264,0.0029069767441860517
2024-02-23,139600,139700,131200,133400,408870,-0.033333333333333326
2024-02-26,132800,136300,131300,135000,292732,0.011994002998500841
2024-02-27,134700,140900,134700,137100,558197,0.015555555555555545
2024-02-28,137300,142400,137300,140100,420752,0.02188183807439814
2024-02-29,140400,147900,137800,143200,615031,0.022127052105638922
2024-03-04,144700,148200,139900,144700,301058,0.010474860335195624
2024-03-05,146000,157800,145800,152300,866910,0.0525224602626122
2024-03-06,154100,169500,154100,168500,1236603,0.10636900853578468
2024-03-07,170000,179500,167500,177600,838886,0.054005934718101
2024-03-08,178700,186500,176300,183300,504913,0.03209459459459452
2024-03-11,184400,191300,175900,177700,643926,-0.030551009274413565
2024-03-12,178700,182000,168000,172500,527832,-0.02926280247608326
2024-03-13,175000,183000,170800,172200,616839,-0.0017391304347825765
2024-03-14,172400,176600,164500,165400,608756,-0.03948896631823462
2024-03-15,167400,169400,160800,162000,303589,-0.02055622732769047
2024-03-18,164700,167500,162500,163300,293251,0.008024691358024638
2024-03-19,165600,168500,163300,164400,323480,0.006736068585425636
2024-03-20,165100,166100,160900,161500,238634,-0.017639902676399033
2024-03-21,161700,167400,159500,164700,307491,0.01981424148606803
2024-03-22,167000,175000,165900,167300,710837,0.015786278081360017
2024-03-25,170800,175000,169000,169500,402364,0.013150029886431547
2024-03-26,170600,177900,170600,177300,446366,0.046017699115044275
2024-03-27,180700,182900,173800,182000,452530,0.026508742244782946
2024-03-28,180300,181800,175000,176900,414126,-0.028021978021978033
2024-03-29,177300,184800,177300,178400,402561,0.00847936687394002
2024-04-01,180500,181300,177000,179100,223379,0.003923766816143592
2024-04-02,179200,182100,173300,181700,404238,0.014517029592406416
2024-04-03,183500,183700,170800,174200,355574,-0.04127682993946069
2024-04-04,172500,176700,170500,174300,237937,0.0005740528128588274
2024-04-05,174400,176000,165300,166300,302194,-0.045897877223178396
2024-04-08,165700,168800,163600,165300,188288,-0.006013229104028905
2024-04-09,164600,168800,164500,167300,172606,0.012099213551119092
2024-04-11,163100,167700,161200,166200,161802,-0.006575014943215773
2024-04-12,167100,168400,163400,163900,158426,-0.013838748495788256
2024-04-15,167900,172500,163100,164200,232207,0.0018303843807199183
2024-04-16,164000,166700,158500,158800,211035,-0.032886723507917215
2024-04-17,158700,161500,155100,158200,222476,-0.0037783375314861534
2024-04-18,158400,158700,155000,158100,197314,-0.0006321112515802474
2024-04-19,159000,166900,155900,162300,410313,0.026565464895635715
2024-04-22,164100,164100,154200,158600,211222,-0.022797288971041274
2024-04-23,159100,166400,159100,164600,233392,0.03783102143757877
2024-04-24,164800,168700,162100,166100,221346,0.009113001215066863
2024-04-25,166100,169400,162700,164000,155226,-0.012642986152919922
2024-04-26,164100,172100,161500,169500,313138,0.03353658536585358
2024-04-29,172100,172900,167300,171000,219124,0.008849557522123908
2024-04-30,169700,171000,159400,160800,299640,-0.05964912280701751
2024-05-02,161600,180600,161000,178900,679192,0.11256218905472637
2024-05-03,177700,178700,170500,171100,329798,-0.043599776411403
2024-05-07,170600,172000,168000,169200,175077,-0.011104617182933985
2024-05-08,169400,169500,164200,166700,181059,-0.014775413711583973
2024-05-09,166100,167700,164900,164900,129441,-0.010797840431913563
2024-05-10,166900,169800,165200,166800,145415,0.011522134627046654
2024-05-13,167000,170400,166400,168100,139668,0.007793764988009544
2024-05-14,167300,168500,162800,163400,166805,-0.027959547888161795
2024-05-16,164900,167400,161800,162000,141765,-0.008567931456548328
2024-05-17,162100,162300,152200,154200,347245,-0.04814814814814816
2024-05-20,155400,157700,153600,156500,150006,0.0149156939040207
2024-05-21,156000,158200,154700,156300,95069,-0.0012779552715654896
2024-05-22,156400,157800,152200,152400,131742,-0.0249520153550864
2024-05-23,152400,155100,149900,154200,109330,0.011811023622047223
2024-05-24,151300,155700,150700,154700,88527,0.003242542153047978
2024-05-27,155600,164000,154500,161600,224686,0.04460245636716231
2024-05-28,164100,171000,163000,170600,382786,0.05569306930693063
2024-05-29,171000,172000,159800,160500,384946,-0.0592028135990621
2024-05-30,164600,169200,160800,160800,297359,0.0018691588785046953
2024-05-31,163000,164100,156900,160200,150822,-0.003731343283582045
2024-06-03,160800,167700,160700,162300,270967,0.013108614232209659
2024-06-04,161400,166200,160700,165300,176160,0.01848428835489835
2024-06-05,164000,168000,163600,166100,164298,0.00483968542044777
2024-06-07,168000,172800,167000,167600,236086,0.009030704394942912
2024-06-10,167500,177000,166200,175900,352260,0.04952267303102631
2024-06-11,177400,179100,169500,169500,233713,-0.03638430926662872
2024-06-12,170000,175200,169100,172300,128161,0.01651917404129799
2024-06-13,172300,175200,170500,173000,178877,0.004062681369704002
2024-06-14,173000,178000,171300,176000,212939,0.01734104046242768
2024-06-17,179900,206500,177700,206500,1396562,0.17329545454545459
2024-06-18,204500,206500,199200,200500,500612,-0.029055690072639195
2024-06-19,203000,216500,195600,211000,809581,0.052369077306733125
2024-06-20,209500,216500,201000,213000,363512,0.009478672985782088
2024-06-21,213500,217000,203500,206500,230734,-0.030516431924882625
2024-06-24,207500,214500,206500,210500,202458,0.01937046004842613
2024-06-25,214500,219500,203000,204500,190246,-0.028503562945368155
2024-06-26,204500,205000,199000,200000,168064,-0.022004889975550168
2024-06-27,199000,201500,196600,200500,140627,0.0024999999999999467
2024-06-28,202000,221500,197800,220000,423839,0.09725685785536164
2024-07-01,218000,228000,216000,221000,299137,0.00454545454545463
2024-07-02,220500,220500,193500,195700,1043295,-0.11447963800904981
2024-07-03,198000,200000,195000,197600,309264,0.009708737864077666
2024-07-04,196400,201500,195500,198100,199718,0.0025303643724696734
2024-07-05,198100,199300,195700,196900,159283,-0.006057546693589044
2024-07-08,197000,209000,196900,205500,298064,0.04367699339766373
2024-07-09,205000,213000,201000,211000,253998,0.02676399026763998
2024-07-10,213000,217000,207000,207500,290789,-0.016587677725118488
2024-07-11,209500,211000,202000,203500,203946,-0.01927710843373498
2024-07-12,204000,207000,200500,206000,134493,0.01228501228501222
2024-07-15,216000,241000,211000,233500,1534221,0.133495145631068
2024-07-16,235500,245000,232500,239500,746476,0.025695931477516032
2024-07-17,241000,249000,235500,238000,442001,-0.006263048016701411
2024-07-18,235000,243000,227000,231000,396822,-0.02941176470588236
2024-07-19,230500,235500,223000,232000,405021,0.0043290043290042934
2024-07-22,232500,236000,220500,226000,314014,-0.025862068965517238
2024-07-23,226000,237500,224000,228500,506029,0.01106194690265494
2024-07-24,229500,238000,224500,234000,414521,0.024070021881838155
2024-07-25,230000,234500,217000,217500,414329,-0.07051282051282048
2024-07-26,215000,224000,199800,210500,699573,-0.03218390804597704
2024-07-29,213000,226000,206000,217500,367019,0.03325415676959631
2024-07-30,220000,222500,209500,212000,234027,-0.025287356321839094
2024-07-31,208500,214500,196500,200000,449190,-0.05660377358490565
2024-08-01,200000,208000,200000,204500,181805,0.022499999999999964
2024-08-02,199900,210500,196000,197100,308107,-0.03618581907090468
2024-08-05,191000,194800,169600,179600,503027,-0.08878741755454089
2024-08-06,185300,198700,183000,191000,389214,0.06347438752783963
2024-08-07,191000,207500,190000,202500,271438,0.060209424083769614
2024-08-08,198800,205500,195200,204000,209513,0.007407407407407307
2024-08-09,208000,209000,201000,201500,165852,-0.01225490196078427
2024-08-12,203500,205500,199400,203000,135599,0.007444168734491274
2024-08-13,204000,213500,200500,204000,290176,0.0049261083743843415
2024-08-14,205500,205500,198600,204500,229383,0.002450980392156854
2024-08-16,205000,209500,200500,206000,201276,0.007334963325183352
2024-08-19,204000,210500,200000,200500,149476,-0.02669902912621358
2024-08-20,202000,202000,191200,194700,280000,-0.028927680798005007
2024-08-21,193200,196300,191000,195100,140304,0.0020544427324087344
2024-08-22,195100,197000,188700,189700,144241,-0.027678113787801162
2024-08-23,187100,192300,186500,188900,102322,-0.004217185028993153
2024-08-26,190100,194000,185200,193500,163646,0.024351508734780314
2024-08-27,193600,198100,191300,198100,216363,0.02377260981912155
2024-08-28,198400,201500,191000,198000,258020,-0.0005047955577991425
2024-08-29,196400,196700,191800,191800,139822,-0.03131313131313129
2024-08-30,192500,196600,192500,195000,136736,0.016684045881126153
2024-09-02,196000,196000,191300,192200,125032,-0.014358974358974375
2024-09-03,193500,200000,193100,195800,173057,0.018730489073881307
2024-09-04,190000,193400,187700,187800,195276,-0.04085801838610825
2024-09-05,187900,192000,181000,182200,174077,-0.029818956336528202
2024-09-06,181600,182000,173700,175000,201305,-0.03951701427003296
2024-09-09,170000,174300,168700,173300,145409,-0.009714285714285675
2024-09-10,173300,185900,173300,185200,223520,0.0686670513560299
2024-09-11,191900,205000,187600,200500,520229,0.08261339092872566
2024-09-12,204000,207500,199000,200500,306928,0.0
2024-09-13,202500,208000,200500,207000,212085,0.032418952618453956
2024-09-19,209500,211000,205500,206500,182561,-0.0024154589371980784
2024-09-20,214500,218500,208500,211000,409119,0.021791767554479424
2024-09-23,219000,219000,211500,214500,241876,0.016587677725118377
2024-09-24,215000,220000,212500,220000,193621,0.02564102564102555
2024-09-25,218500,225500,218500,221000,173788,0.00454545454545463
2024-09-26,222500,222500,210000,216000,266665,-0.022624434389140302
2024-09-27,215500,217500,208000,210500,198984,-0.02546296296296291
2024-09-30,212500,214000,209500,211000,123910,0.002375296912114022
2024-10-02,218000,225000,216000,219000,291730,0.03791469194312791
2024-10-04,219500,225000,216500,223000,233756,0.0182648401826484
2024-10-07,227500,248000,225000,245000,686431,0.09865470852017943
2024-10-08,242000,246500,239500,244500,256690,-0.0020408163265306367
2024-10-10,244500,245500,232000,240000,401812,-0.018404907975460127
2024-10-11,243500,253000,240000,242500,241494,0.01041666666666674
2024-10-14,245000,249500,235000,239500,181541,-0.012371134020618513
2024-10-15,240500,245000,236500,244000,188356,0.018789144050104456
2024-10-16,243500,252500,240000,248500,274528,0.018442622950819665
2024-10-17,251000,259500,247500,254500,308821,0.024144869215291687
2024-10-18,252500,255500,248000,253000,177667,-0.005893909626719096
2024-10-21,255000,262000,247500,254500,191523,0.005928853754940677
2024-10-22,257000,265000,253500,265000,279505,0.04125736738703334
2024-10-23,262000,262000,247000,248500,312002,-0.06226415094339621
2024-10-24,246500,255000,246500,252000,165511,0.014084507042253502
2024-10-25,251500,254000,245000,249000,120761,-0.011904761904761862
2024-10-28,248500,250000,244000,248500,100647,-0.002008032128514081
2024-10-29,248500,256000,245500,248000,160856,-0.002012072434607659
2024-10-30,248000,252000,244000,251000,120287,0.012096774193548487
2024-10-31,252000,255000,243500,248000,160677,-0.01195219123505975
2024-11-01,246500,252500,237500,243000,148169,-0.020161290322580627
2024-11-04,243500,245000,235000,244500,123055,0.006172839506172867
2024-11-05,242500,248500,239500,244000,97147,-0.002044989775051076
2024-11-06,245500,269500,242500,259500,503275,0.06352459016393452
2024-11-07,263500,270000,257000,269000,406341,0.03660886319845846
2024-11-08,268500,271500,254000,261000,361454,-0.029739776951672847
2024-11-11,264000,267000,255500,266000,241297,0.019157088122605304
2024-11-12,267500,269000,257000,258000,265831,-0.03007518796992481
2024-11-13,256000,260000,245500,247000,206886,-0.04263565891472865
2024-11-14,249000,250500,242500,245000,234914,-0.0080971659919028
2024-11-15,243000,245000,233500,240000,233797,-0.020408163265306145
2024-11-18,238000,242500,231500,234500,206141,-0.022916666666666696
2024-11-19,238000,238500,230000,232000,146408,-0.010660980810234588
2024-11-20,234500,240500,232000,237000,192311,0.02155172413793105
2024-11-21,235000,235500,217000,222500,412713,-0.06118143459915615
2024-11-22,224500,231500,224000,229500,174086,0.03146067415730336
2024-11-25,229500,232000,216500,223000,300545,-0.028322440087146017
2024-11-26,219000,219000,200000,203500,433718,-0.08744394618834084
2024-11-27,199900,205500,199500,200000,199503,-0.017199017199017175
2024-11-28,202000,206000,200000,203000,125386,0.014999999999999902
2024-11-29,203000,207500,195900,197100,193960,-0.029064039408867037
2024-12-02,195300,199400,195200,197500,146537,0.0020294266869609334
2024-12-03,199100,207500,198300,203500,173893,0.030379746835442978
2024-12-04,199200,210000,199200,204500,262032,0.004914004914004844
2024-12-05,205500,207000,193300,193900,257598,-0.05183374083129588
2024-12-06,192900,195300,183200,188900,308293,-0.02578648788035065
2024-12-09,178500,182000,170400,171100,388700,-0.09422975119110644
2024-12-10,172700,184100,168800,182500,285511,0.06662770309760369
2024-12-11,182900,188300,179200,188000,184085,0.03013698630136985
2024-12-12,191100,199200,190100,197100,287869,0.048404255319148826
2024-12-13,198800,199600,195100,198000,123020,0.004566210045662045
2024-12-16,203000,203500,191400,194500,164302,-0.017676767676767624
2024-12-17,193700,215000,191600,206500,470874,0.06169665809768632
2024-12-18,204000,209500,196100,196600,916799,-0.04794188861985471
2024-12-19,192800,205500,190200,203500,230453,0.03509664292980674
2024-12-20,204000,206500,198500,202500,122939,-0.004914004914004955
2024-12-23,203000,213000,203000,212000,169195,0.04691358024691361
2024-12-24,212500,216000,209000,211000,120820,-0.004716981132075526
2024-12-26,209500,214500,206500,210500,96903,-0.0023696682464454666
2024-12-27,210000,214000,204500,206500,117027,-0.019002375296912066
2024-12-30,207500,221000,206500,220500,193060,0.06779661016949157
2025-01-02,219500,255500,219500,254000,646712,0.15192743764172345
2025-01-03,249000,261500,247000,260000,281328,0.023622047244094446
2025-01-06,261500,268500,248000,250000,269533,-0.038461538461538436
2025-01-07,251500,255500,247500,247500,213263,-0.010000000000000009
2025-01-08,244000,245000,233000,235500,346135,-0.048484848484848464
2025-01-09,233000,237500,223500,235000,468463,-0.002123142250530785
2025-01-10,235500,235500,221500,222500,373900,-0.05319148936170215
2025-01-13,222500,225500,220000,223000,228343,0.0022471910112360494
2025-01-14,223500,229000,221000,225000,306450,0.008968609865470878
2025-01-15,226500,232000,224000,226500,267131,0.006666666666666599
2025-01-16,228500,230500,220000,220500,342009,-0.026490066225165587
2025-01-17,222500,223000,210000,213000,371760,-0.03401360544217691
2025-01-20,215000,215500,208000,209000,230646,-0.018779342723004744
2025-01-21,211500,219000,211000,217000,279723,0.038277511961722466
2025-01-22,220000,221500,217000,219500,221436,0.011520737327188835
2025-01-23,222000,226000,218000,219000,184738,-0.002277904328018221
2025-01-24,222500,234500,220500,230500,345732,0.05251141552511407
2025-01-31,234500,236500,224500,226500,222556,-0.017353579175705014
2025-02-03,220000,230000,214000,228000,246841,0.0066225165562914245
2025-02-04,235500,255000,235000,247500,497380,0.08552631578947367
2025-02-05,248000,252500,246000,249000,189884,0.0060606060606061
2025-02-06,250500,257000,247500,254000,284327,0.02008032128514059
2025-02-07,254000,260500,250500,251000,313716,-0.011811023622047223
2025-02-10,254000,260500,250000,253000,240539,0.007968127490039834
2025-02-11,260000,267000,254000,267000,506987,0.05533596837944654
2025-02-12,272500,292500,271000,290000,808678,0.08614232209737827
2025-02-13,285500,294500,277000,288000,496948,-0.006896551724137945
2025-02-14,296000,296000,277000,284000,477983,-0.01388888888888884
2025-02-17,285000,291500,271500,280500,441318,-0.01232394366197187
2025-02-18,289500,319500,286000,306000,1396298,0.09090909090909083
2025-02-19,307000,313000,301500,306000,503059,0.0
2025-02-20,300500,313000,292000,306000,550296,0.0
2025-02-21,303500,314000,297000,312500,372725,0.0212418300653594
2025-02-24,310000,313500,298000,300000,349149,-0.040000000000000036
2025-02-25,301500,310000,296000,306000,284561,0.020000000000000018
2025-02-26,307500,313000,292000,294000,323823,-0.039215686274509776
2025-02-27,293000,295500,282500,289000,763605,-0.017006802721088454
2025-02-28,287500,292000,270500,270500,376336,-0.06401384083044981
2025-03-04,280000,293500,274500,290500,535975,0.0739371534195934
2025-03-05,292500,307000,284000,303000,406511,0.04302925989672968
2025-03-06,308000,324500,301000,320500,458236,0.05775577557755773
2025-03-07,320500,323000,309250,319000,353894,-0.004680187207488307
2025-03-10,319000,321500,304000,316000,231917,-0.009404388714733591
2025-03-11,306000,311500,304000,309000,291104,-0.022151898734177222
2025-03-12,307500,317000,277000,280500,724848,-0.09223300970873782
2025-03-13,281500,289000,279000,279500,699715,-0.0035650623885917776
2025-03-14,280500,281500,274500,276000,261921,-0.012522361359570633
2025-03-17,281000,296000,280000,292500,529473,0.059782608695652106
2025-03-18,296500,297000,281000,281500,345058,-0.037606837606837584
2025-03-19,283500,289000,276500,283500,379261,0.007104795737122638
2025-03-20,280000,282000,266500,270500,464297,-0.04585537918871252
2025-03-21,260000,274500,260000,269000,243990,-0.00554528650646946
2025-03-24,269500,273500,265000,268000,120276,-0.0037174721189591198
2025-03-25,265500,270000,255500,258000,198557,-0.03731343283582089
2025-03-26,259500,260500,250500,254000,203320,-0.015503875968992276
2025-03-27,256500,258000,248500,249000,120025,-0.019685039370078705
2025-03-28,250500,252000,241000,243000,151346,-0.02409638554216864
2025-03-31,235500,249500,235500,248000,144978,0.020576131687242816
2025-04-01,252000,261000,252000,258500,176208,0.04233870967741926
2025-04-02,263500,265000,248500,251000,152015,-0.029013539651837505
2025-04-03,244500,263000,244500,261000,202170,0.03984063745019917
2025-04-04,259500,264500,250000,257500,163530,-0.013409961685823757
2025-04-07,247500,248000,235500,239000,146332,-0.07184466019417479
2025-04-08,247000,253000,243000,250500,145906,0.04811715481171541
2025-04-09,251000,253000,235000,239000,146406,-0.04590818363273452
2025-04-10,250500,257500,247500,257000,169806,0.07531380753138084
2025-04-11,252500,270000,251500,270000,157194,0.05058365758754868
2025-04-14,273500,281500,270000,281000,242419,0.040740740740740744
2025-04-15,279000,279500,268000,269000,188750,-0.042704626334519546
2025-04-16,271000,292500,270500,288000,320095,0.07063197026022294
2025-04-17,289000,293000,286000,291000,161763,0.01041666666666674
2025-04-18,293000,295500,286500,287500,124076,-0.012027491408934665
2025-04-21,290000,294000,285000,290500,88301,0.01043478260869568
2025-04-22,288000,314000,287500,311500,316832,0.07228915662650603
2025-04-23,311000,318500,308500,312000,200239,0.0016051364365972098
2025-04-24,312000,313000,299500,309500,166132,-0.008012820512820484
2025-04-25,312000,314000,306000,311500,79947,0.00646203554119551
2025-04-28,312000,323500,305000,318500,226035,0.022471910112359605
2025-04-29,317000,321000,310000,321000,139651,0.007849293563579218
2025-04-30,321500,330500,310500,320500,185750,-0.0015576323987538387
2025-05-02,322500,332000,318500,330000,157050,0.029641185647425905
2025-05-07,338000,347000,333000,336500,277389,0.01969696969696977
2025-05-08,336500,419500,326500,372500,1292916,0.10698365527488862
2025-05-09,376000,404500,371500,402000,414952,0.07919463087248313
2025-05-12,397000,400000,373000,381500,255678,-0.05099502487562191
2025-05-13,365500,381000,358500,378000,233739,-0.00917431192660545
2025-05-14,377000,385500,374000,380000,120650,0.005291005291005346
2025-05-15,387000,392000,379500,388000,121356,0.021052631578947434
2025-05-16,393500,408000,392000,405000,179229,0.04381443298969079
2025-05-19,399500,410500,397000,402000,103685,-0.007407407407407418
2025-05-20,405500,415500,402500,405500,165511,0.008706467661691475
2025-05-21,420000,422500,409000,418500,142073,0.03205918618988912
2025-05-22,416000,419500,409000,412500,98335,-0.014336917562724039
2025-05-23,413500,431000,411000,427000,139573,0.035151515151515156
2025-05-26,427500,433500,418500,433500,130872,0.015222482435597096
2025-05-27,452000,458000,442000,445500,162936,0.02768166089965396
2025-05-28,446000,451500,421500,428500,194277,-0.038159371492704874
2025-05-29,434500,441000,427000,433500,125548,0.011668611435239118
2025-05-30,434500,446000,426000,429000,183441,-0.01038062283737029
2025-06-02,428000,449500,428000,447500,117199,0.04312354312354305
2025-06-04,450000,454000,436000,452000,124487,0.010055865921787754
2025-06-05,452000,457000,439000,449500,189199,-0.00553097345132747
2025-06-09,445500,446500,434000,440000,132928,-0.021134593993325956
2025-06-10,444500,462000,441000,458500,193581,0.0420454545454545
2025-06-11,462500,463000,439000,451500,156304,-0.01526717557251911
2025-06-12,451500,460000,450500,460000,210578,0.01882613510520481
2025-06-13,460500,533000,452500,526000,629467,0.14347826086956528
2025-06-16,548000,557000,535000,554000,211765,0.05323193916349811
2025-06-17,540000,572000,539000,561000,220561,0.012635379061371799
2025-06-18,580000,584000,560000,563000,153968,0.0035650623885918886
2025-06-19,571000,595000,568000,593000,162655,0.05328596802841923
2025-06-20,598000,621000,594000,609000,218715,0.026981450252951067
2025-06-23,648000,650000,622000,630000,249566,0.034482758620689724
2025-06-24,576000,589000,536000,554000,513343,-0.12063492063492065
2025-06-25,540000,549000,525000,527000,298512,-0.04873646209386284
2025-06-26,540000,549000,514000,524000,196440,-0.005692599620493399
2025-06-27,534000,555000,530000,543000,186495,0.03625954198473291
2025-06-30,535000,551000,528000,540000,119318,-0.0055248618784530246
2025-07-01,553000,563000,537000,538000,104303,-0.0037037037037036535
2025-07-02,533000,542000,506000,523000,145173,-0.027881040892193343
2025-07-03,530000,534000,510000,516000,94927,-0.013384321223709361
2025-07-04,512000,519000,487000,490500,168971,-0.04941860465116277
2025-07-07,479000,503000,479000,500000,109586,0.019367991845056
2025-07-08,505000,525000,502000,524000,112490,0.04800000000000004
2025-07-09,554000,575000,549000,569000,261760,0.08587786259541974
2025-07-10,571000,599000,567000,591000,177401,0.03866432337434089
2025-07-11,594000,602000,566000,570000,166692,-0.035532994923857864
2025-07-14,576000,599000,575000,589000,124059,0.03333333333333344
2025-07-15,589000,615000,589000,610000,126345,0.035653650254668934
2025-07-16,603000,629000,594000,611000,120399,0.0016393442622950616
2025-07-17,624000,638000,612000,628000,112424,0.02782324058919805
2025-07-18,626000,639000,620000,631000,88640,0.004777070063694211
2025-07-21,630000,644000,623000,630000,93725,-0.0015847860538826808
2025-07-22,608000,613000,579000,591000,212896,-0.06190476190476191
2025-07-23,594000,599000,583000,593000,88717,0.0033840947546530664
2025-07-24,597000,600000,580000,584000,92233,-0.015177065767284947
2025-07-25,582000,602000,582000,598000,85485,0.023972602739726012
2025-07-28,620000,621000,596000,601000,76153,0.0050167224080268635
2025-07-29,598000,623000,589000,622000,108816,0.03494176372712143
2025-07-30,617000,625000,597000,615000,99826,-0.0112540192926045
2025-07-31,610000,635000,602000,628000,122902,0.021138211382113914
2025-08-01,621000,624000,581000,592000,160271,-0.0573248407643312
2025-08-04,594000,604000,583000,600000,76931,0.013513513513513598
2025-08-05,608000,622000,605000,614000,70183,0.023333333333333428
2025-08-06,612000,613000,590000,603000,125184,-0.01791530944625408
2025-08-07,609000,625000,598000,603000,154473,0.0
2025-08-08,554000,567000,511000,513000,674003,-0.14925373134328357
2025-08-11,498000,510000,496500,503000,167410,-0.01949317738791423
2025-08-12,508000,511000,496500,499000,161473,-0.007952286282306154
2025-08-13,500000,503000,479000,502000,202691,0.006012024048096087
2025-08-14,501000,511000,499500,506000,112692,0.007968127490039834
2025-08-18,504000,519000,503000,509000,102592,0.005928853754940677
2025-08-19,506000,512000,484000,484500,133342,-0.048133595284872266
2025-08-20,466500,480500,461000,476000,176134,-0.01754385964912286
2025-08-21,485000,505500,484500,495500,150540,0.040966386554621925
2025-08-22,510000,533000,505000,524000,165163,0.057517658930373416
2025-08-25,529000,529000,510000,521000,111519,-0.005725190839694694
2025-08-26,519000,535000,516000,522000,997381,0.0019193857965451588
2025-08-27,521000,522000,487500,494500,236846,-0.05268199233716475
2025-08-28,495000,505000,493000,497000,121482,0.005055611729019249
2025-08-29,500000,501000,487000,489500,99075,-0.015090543259557387
2025-09-01,496000,503000,490500,493000,83486,0.007150153217568844
2025-09-02,496500,509000,492000,502000,107849,0.018255578093306246
2025-09-03,505000,507000,495500,500000,82184,-0.003984063745019917
2025-09-04,497500,502000,491000,494000,96581,-0.01200000000000001
2025-09-05,491000,494000,475500,476000,199430,-0.036437246963562764
2025-09-08,478500,481500,473500,481000,110348,0.010504201680672232
2025-09-09,484500,485000,470500,473500,144894,-0.015592515592515621
2025-09-10,476000,501000,474000,497000,242701,0.0496304118268216
2025-09-11,501000,511000,495500,503000,206149,0.012072434607645954
2025-09-12,507000,507000,498500,504000,105933,0.001988071570576455
2025-09-15,505000,512000,493500,495000,134173,-0.017857142857142905
2025-09-16,499500,544000,499000,542000,316829,0.0949494949494949
2025-09-17,535000,535000,516000,517000,133524,-0.04612546125461259
2025-09-18,524000,525000,501000,509000,117810,-0.015473887814313358
2025-09-19,512000,520000,508000,513000,262876,0.007858546168958647
2025-09-22,520000,520000,490000,496000,204438,-0.033138401559454245
2025-09-23,500000,507000,492500,493500,78555,-0.005040322580645129
2025-09-24,499000,503000,491500,496000,104472,0.005065856129685908
2025-09-25,500000,515000,494000,494000,135206,-0.0040322580645161255
2025-09-26,498000,511000,486000,491000,155669,-0.006072874493927127
2025-09-29,501000,527000,495500,507000,148832,0.03258655804480659
2025-09-30,514000,527000,510000,513000,149566,0.01183431952662728
2025-10-01,517000,522000,503000,507000,104099,-0.011695906432748537
2025-10-02,509000,514000,497500,505000,151441,-0.0039447731755424265
2025-10-10,496000,498000,469000,480000,254265,-0.04950495049504955
2025-10-13,475500,476250,460500,465000,153167,-0.03125
2025-10-14,461000,467000,443500,447000,204635,-0.03870967741935483
2025-10-15,454500,459000,450000,457000,99131,0.02237136465324374
2025-10-16,452500,458000,438000,445000,168633,-0.026258205689277947
2025-10-17,439500,443500,430500,433500,155377,-0.025842696629213457
2025-10-20,440000,447000,440000,443500,118494,0.023068050749711633
2025-10-21,448500,449000,440000,443500,104500,0.0
2025-10-22,447500,452000,434500,450000,156249,0.014656144306651742
2025-10-23,463000,474000,448500,460500,336580,0.023333333333333428
2025-10-24,466500,494000,449500,485000,352684,0.053203040173724236
2025-10-27,488000,515000,484500,507000,211349,0.0453608247422681
2025-10-28,507000,510000,494500,504000,144858,-0.00591715976331364
2025-10-29,506000,519000,504000,511000,135637,0.01388888888888884
2025-10-30,514000,523000,508000,513000,153137,0.00391389432485334
2025-10-31,515000,534000,511000,519000,131306,0.011695906432748648
2025-11-03,517000,534000,517000,533000,155397,0.026974951830443183
2025-11-04,528000,537000,522000,523000,122315,-0.018761726078799223
2025-11-05,509000,511000,462000,477000,276461,-0.08795411089866156
2025-11-06,491500,498500,469500,481000,153086,0.008385744234800763
2025-11-07,451000,452000,395000,401500,776332,-0.16528066528066532
2025-11-10,404500,419000,399000,418000,217011,0.041095890410958846
2025-11-11,418500,429000,406000,409000,174699,-0.021531100478468845
2025-11-12,411000,415500,399000,403500,156563,-0.01344743276283622
2025-11-13,404000,413000,401000,408500,116448,0.012391573729863659
2025-11-14,401500,420000,400000,408000,133902,-0.001223990208078285
2025-11-17,417000,427000,408000,425000,178079,0.04166666666666674
2025-11-18,429500,433500,400500,400500,192497,-0.057647058823529385
2025-11-19,409000,412000,390500,406500,156113,0.014981273408239737
2025-11-20,406500,427500,406500,416500,151825,0.024600246002460135
2025-11-21,403000,409500,396500,402000,106470,-0.03481392557022811
2025-11-24,402500,405000,372000,394000,233989,-0.01990049751243783
2025-11-25,397500,399000,383000,384500,127289,-0.024111675126903598
2025-11-26,389000,393500,383000,392000,76672,0.01950585175552666
2025-11-27,394000,396000,387500,389500,49669,-0.0063775510204081565
2025-11-28,392000,393000,379500,383000,89054,-0.016688061617458283
2025-12-01,379500,380000,364000,368000,156239,-0.03916449086161877
2025-12-02,363500,368500,360000,364500,129063,-0.009510869565217406
2025-12-03,370000,377500,368000,374500,73923,0.027434842249657088
2025-12-04,379000,380000,365000,368000,74145,-0.01735647530040052
2025-12-05,367000,374500,364500,372500,116532,0.012228260869565188
2025-12-08,377500,390000,376000,387000,126583,0.03892617449664426
2025-12-09,391000,398500,385500,388500,89341,0.003875968992248069
2025-12-10,390000,390500,381000,382500,66675,-0.015444015444015413
2025-12-11,386000,388000,372000,372500,153312,-0.02614379084967322
2025-12-12,377500,385500,374500,383000,156667,0.028187919463087185
2025-12-15,382500,400000,378000,387000,165133,0.010443864229765065
