Date,Open,High,Low,Close,Volume,Change
2022-01-03,107757,108969,106717,107845,120322,0.0007980771907682982
2022-01-04,107151,107757,104379,104640,167948,-0.029718577588205286
2022-01-05,103859,104031,99442,99442,228081,-0.04967507645259939
2022-01-06,97016,98402,94070,94245,254348,-0.052261619838699924
2022-01-07,94245,95976,93031,93639,215900,-0.006430049339487542
2022-01-10,93464,95975,91471,93292,238208,-0.0037057209068870334
2022-01-11,94416,97448,93898,94332,257726,0.011147794023067314
2022-01-12,93983,95283,93550,94938,127184,0.006424119068820788
2022-01-13,95196,95284,92685,93119,116600,-0.019159872759063834
2022-01-14,91123,91123,81596,81944,568886,-0.12000773204179593
2022-01-17,77612,82376,75187,75448,671746,-0.07927365029776434
2022-01-18,76573,78046,73802,73889,410409,-0.0206632382568126
2022-01-19,71722,78219,71635,77007,412276,0.04219843278431168
2022-01-20,76398,77784,75272,77526,194476,0.006739647045073793
2022-01-21,81682,81769,76312,77526,428420,0.0
2022-01-24,76918,78651,75359,77873,177505,0.004475917756623593
2022-01-25,78566,78826,73628,74409,193748,-0.04448268334339245
2022-01-26,74407,75447,72761,73022,155879,-0.018640218253168306
2022-01-27,72849,73281,68344,68605,252222,-0.06048861986798504
2022-01-28,68604,72241,68604,71550,227972,0.042926900371693
2022-02-03,72155,76140,72155,75534,171147,0.05568134171907757
2022-02-04,75447,76486,73541,75274,112277,-0.003442158498159764
2022-02-07,77091,77091,74059,74581,116112,-0.009206366075935946
2022-02-08,74839,77351,74839,75967,144594,0.01858382161676575
2022-02-09,76312,76572,74927,76227,81301,0.003422538733923952
2022-02-10,76660,78045,75446,76054,103123,-0.0022695370406811133
2022-02-11,75965,75965,73627,74061,99602,-0.026205064822363067
2022-02-14,72154,75705,72067,74321,109493,0.00351061962436372
2022-02-15,73194,74320,70336,70770,128350,-0.04777922794364986
2022-02-16,72327,74840,71981,74841,112547,0.05752437473505734
2022-02-17,74233,76053,73021,74841,132155,0.0
2022-02-18,72848,74754,72848,74409,88886,-0.005772237142742664
2022-02-21,74406,76052,72672,75880,86803,0.019769113951269235
2022-02-22,73802,76660,73802,75448,102610,-0.005693199789140735
2022-02-23,75880,76314,73282,73543,143483,-0.02524917824196793
2022-02-24,72329,72761,69902,71117,187193,-0.032987503909277516
2022-02-25,72415,74060,71894,74061,102975,0.041396571846394004
2022-02-28,74233,76313,72587,76141,96018,0.028084956994909538
2022-03-02,75792,77438,75705,75967,64361,-0.002285233973811751
2022-03-03,76226,87920,76226,82551,784894,0.08666921163136632
2022-03-04,81769,82636,79691,80385,202098,-0.026238325398844298
2022-03-07,78651,81077,78045,78826,130891,-0.019394165578155098
2022-03-08,77178,81768,77178,80124,159029,0.01646664806028464
2022-03-10,81682,82115,79604,81424,148774,0.016224851480205693
2022-03-11,81769,84889,80644,81078,243440,-0.004249361367655746
2022-03-14,86621,94416,84454,86015,1191937,0.06089198056192813
2022-03-15,86274,86967,83068,84023,231661,-0.023158751380573106
2022-03-16,85754,85840,83588,84456,132662,0.005153350868214668
2022-03-17,86534,91818,86275,90347,417952,0.06975229705408736
2022-03-18,92165,93204,89826,90953,302067,0.006707472301238582
2022-03-21,91471,91471,88353,88354,173116,-0.02857519817927945
2022-03-22,84368,86794,84283,85323,264117,-0.03430518142925054
2022-03-23,86360,86881,85235,85669,137332,0.004055178556778394
2022-03-24,85235,86189,83676,84977,118074,-0.008077600999194523
2022-03-25,85495,87315,84542,85756,173319,0.009167186415147688
2022-03-28,85494,85667,84108,84196,107262,-0.018191146975138794
2022-03-29,84454,86015,84282,85409,95904,0.014406860183381553
2022-03-30,86187,87054,85234,85842,114338,0.005069723331264875
2022-03-31,85840,86446,84541,84716,79677,-0.013117122154656213
2022-04-01,84455,84455,83243,83937,68295,-0.009195429434817548
2022-04-04,83935,84369,83070,83504,93315,-0.005158630877920345
2022-04-05,83501,84022,82808,83416,69788,-0.001053841732132632
2022-04-06,82635,82722,80382,80558,118197,-0.034262012084012694
2022-04-07,80037,81077,79084,79259,84331,-0.016125027930186997
2022-04-08,78911,80297,78131,78739,66218,-0.0065607691240111565
2022-04-11,78218,79171,76746,77180,91233,-0.01979959105398854
2022-04-12,76313,77525,75706,76054,70162,-0.014589271832080808
2022-04-13,75879,78479,75879,78479,75457,0.0318852394351381
2022-04-14,77959,78478,76832,77787,52177,-0.008817645484779368
2022-04-15,77178,77438,74925,75880,89051,-0.0245156645712008
2022-04-18,75879,76485,75100,75448,46960,-0.005693199789140735
2022-04-19,75273,77785,75273,77613,63430,0.028695260311737858
2022-04-20,76919,77525,76659,77007,35946,-0.007807970314251511
2022-04-21,77091,78219,76054,76054,69355,-0.012375498331320567
2022-04-22,74926,76052,74926,75707,64928,-0.004562547663502281
2022-04-25,74147,74493,71982,71982,121466,-0.04920284782120543
2022-04-26,72241,76659,72241,76141,153246,0.057778333472257026
2022-04-27,74061,78999,74061,77441,166483,0.01707358716066243
2022-04-28,78131,79865,77438,79259,94079,0.02347593651941482
2022-04-29,78045,80211,77092,80039,91579,0.00984115368601679
2022-05-02,78824,79605,78392,78393,56842,-0.0205649745748947
2022-05-03,78479,79431,77351,77873,67798,-0.006633245315270542
2022-05-04,77871,78304,75879,76227,53365,-0.02113697944088455
2022-05-06,75099,76053,74233,74841,68190,-0.01818253374788459
2022-05-09,73887,75012,72934,72935,64889,-0.025467324060341245
2022-05-10,71894,72674,70422,71463,98233,-0.020182354150956372
2022-05-11,70856,73454,70856,73196,80738,0.024250311349929277
2022-05-12,71461,72155,68344,68344,167687,-0.06628777528826713
2022-05-13,66611,69037,62626,66439,297205,-0.027873697764251415
2022-05-16,66178,68515,65138,65226,132517,-0.01825734884631014
2022-05-17,65225,67391,64965,67219,131461,0.03055530003372886
2022-05-18,67824,67997,66091,66699,99379,-0.007735908002201808
2022-05-19,64187,65313,64014,64014,142974,-0.04025547609409441
2022-05-20,64445,66957,64358,66266,103600,0.03517980441778357
2022-05-23,66784,68689,66004,67998,91854,0.02613708387408331
2022-05-24,67997,68430,66699,66699,61770,-0.01910350304420716
2022-05-25,67563,70681,66697,69037,161274,0.03505299929534167
2022-05-26,69124,70510,68084,68605,74357,-0.006257514086649207
2022-05-27,69210,70510,68344,68691,66458,0.0012535529480357521
2022-05-30,69470,70422,68776,69731,63113,0.015140265828128774
2022-05-31,70076,70857,68690,70857,129100,0.01614776785074068
2022-06-02,70248,71461,69815,70163,59810,-0.009794374585432641
2022-06-03,70855,73107,70682,70683,78998,0.0074113136553453085
2022-06-07,70682,70682,68170,68258,79021,-0.0343081080316342
2022-06-08,68516,70855,68516,70770,80696,0.036801547071405594
2022-06-09,70075,71288,69555,71289,89402,0.007333615938957205
2022-06-10,70250,71028,69297,69298,64439,-0.027928572430529264
2022-06-13,67389,68169,66437,66525,96669,-0.04001558486536405
2022-06-14,65139,67218,64878,66439,98151,-0.001292747087561108
2022-06-15,65483,66609,63751,64099,102632,-0.03522027724679777
2022-06-16,65051,65657,62885,63493,93034,-0.00945412564938608
2022-06-17,61760,64964,61760,64533,113792,0.01637975839856365
2022-06-20,64705,65658,63406,63667,68893,-0.013419490803154965
2022-06-21,63578,64791,62972,64360,52969,0.010884759765655616
2022-06-22,64358,65917,63233,63234,100825,-0.01749533871970166
2022-06-23,63319,65485,62541,62541,138290,-0.010959294050668977
2022-06-24,62712,67043,62625,66785,179136,0.06785948417837906
2022-06-27,68256,69296,66179,67219,138763,0.006498465224227035
2022-06-28,67218,67650,64098,66006,146733,-0.018045493089751452
2022-06-29,65398,67390,65051,66006,96431,0.0
2022-06-30,66003,70335,65484,68171,229954,0.03280004848044116
2022-07-01,68863,70162,66784,67998,109042,-0.0025377359874433347
2022-07-04,68430,69296,67045,67045,94146,-0.014015118091708634
2022-07-05,67910,70770,67650,70770,156800,0.05555969870982169
2022-07-06,70250,73108,69036,70944,219324,0.0024586689275116758
2022-07-07,71461,72240,69901,71809,132348,0.012192715381145636
2022-07-08,71894,71894,67303,68777,481636,-0.042223119664665965
2022-07-11,68430,69729,67996,68258,151289,-0.007546127339081332
2022-07-12,68256,69469,67563,67738,133438,-0.0076181546485393214
2022-07-13,67737,69642,67737,68258,111949,0.007676636452212948
2022-07-14,68169,68169,66350,67738,120447,-0.0076181546485393214
2022-07-15,67563,67909,66697,66872,60401,-0.012784552245416192
2022-07-18,67822,68168,66091,67131,90433,0.003873070941500245
2022-07-19,67217,68431,66958,67825,68436,0.010337995858843207
2022-07-20,68863,70422,68430,69644,172676,0.026819019535569533
2022-07-21,69989,70161,68343,70077,124638,0.006217333869392938
2022-07-22,70249,70768,68430,68431,91252,-0.0234884484210226
2022-07-25,69729,71720,68949,71029,145181,0.03796524966754844
2022-07-26,71374,72154,70768,71289,99097,0.0036604767066972244
2022-07-27,71289,74408,71202,72763,146407,0.02067640168890006
2022-07-28,73800,74407,72155,73455,142483,0.009510328051344885
2022-07-29,74321,74407,73022,73369,79052,-0.0011707848342522587
2022-08-01,73368,73368,71636,72503,68248,-0.011803350188771877
2022-08-02,72587,73280,71461,71809,63650,-0.009572017709612024
2022-08-03,71721,72414,71636,71636,51010,-0.0024091687671461415
2022-08-04,71981,73627,71981,73109,90608,0.020562287118208733
2022-08-05,73107,76399,73020,76227,265729,0.04264864790928624
2022-08-08,77005,77871,76225,77353,184926,0.014771668831254026
2022-08-09,77352,79345,76486,78220,169036,0.011208356495546301
2022-08-10,78391,78565,76832,77007,97973,-0.015507542827921217
2022-08-11,77960,78566,77093,77441,132470,0.0056358512862466625
2022-08-12,77439,77959,75620,76660,77006,-0.010085097041618751
2022-08-16,76746,77699,76572,76747,64765,0.0011348812940255026
2022-08-17,77092,78391,74407,74495,159631,-0.029343166508137175
2022-08-18,74406,74493,72068,72069,121768,-0.032565944023088766
2022-08-19,72066,72760,71028,71029,85352,-0.014430615104968902
2022-08-22,70162,71376,69383,69471,79216,-0.02193470272705511
2022-08-23,68515,69122,67216,67391,90608,-0.029940550733399518
2022-08-24,67738,68256,66264,67825,93877,0.006440029084002319
2022-08-25,68603,70161,67650,70077,76889,0.033203096203464844
2022-08-26,70162,70682,67824,67912,76257,-0.030894587382450767
2022-08-29,65139,65745,64620,65054,100831,-0.04208387324773233
2022-08-30,65051,67563,65051,67391,81218,0.03592400159867193
2022-08-31,66611,68343,66178,67912,107197,0.007731002656141017
2022-09-01,67219,67391,65573,65660,100334,-0.033160560725644994
2022-09-02,66091,66869,64791,64879,73854,-0.011894608589704592
2022-09-05,64358,65398,63146,63840,76107,-0.016014426856147623
2022-09-06,63318,64964,63318,64273,57652,0.0067825814536341955
2022-09-07,63407,63666,62540,62801,64330,-0.022902307345230466
2022-09-08,63317,64444,63317,64099,105378,0.020668460693300972
2022-09-13,65312,66092,64099,64793,100093,0.010827001981310147
2022-09-14,62107,62973,60894,61155,173900,-0.056148040683407174
2022-09-15,61761,61761,60895,60982,59561,-0.002828877442563993
2022-09-16,60114,60547,59334,59942,106754,-0.017054212718507156
2022-09-19,59942,60288,58642,58730,77459,-0.020219545560708707
2022-09-20,58727,59680,58034,58902,77488,0.0029286565639365936
2022-09-21,58122,58814,57082,57170,74077,-0.029404774031442038
2022-09-22,56303,57084,55438,56478,92433,-0.012104250481021483
2022-09-23,56128,56302,54310,54744,101806,-0.030702220333581165
2022-09-26,53271,55004,52406,52406,143001,-0.042707876662282596
2022-09-27,51970,53616,51711,52752,118757,0.006602297446857142
2022-09-28,52751,54916,52230,52752,151203,0.0
2022-09-29,54138,55957,53877,54832,163881,0.03942978465271452
2022-09-30,54136,56736,54136,55524,134598,0.01262036766851482
2022-10-04,56909,57083,55351,56218,100039,0.012499099488509469
2022-10-05,56389,56909,54743,54918,90438,-0.02312426624924402
2022-10-06,56129,56129,54137,55784,79349,0.015768964638187777
2022-10-07,56737,57429,54831,54918,148433,-0.01552416463502082
2022-10-11,53097,54310,52144,52319,109738,-0.04732510288065839
2022-10-12,51972,53186,51886,53186,103775,0.01657141764941983
2022-10-13,53271,53790,52231,52665,62817,-0.009795810927687776
2022-10-14,53445,55783,53185,55438,114100,0.052653564986233636
2022-10-17,54918,55003,54051,54918,50602,-0.009379847757855608
2022-10-18,55956,57341,55436,56650,88995,0.031537929276375776
2022-10-19,56737,57603,55091,55178,79035,-0.025984112974404283
2022-10-20,55091,56043,53791,54572,81125,-0.010982638007901668
2022-10-21,54310,55522,53876,54744,48427,0.0031517994575973596
2022-10-24,55436,56996,55350,56044,85236,0.023746894636855087
2022-10-25,56303,57602,55437,56737,96396,0.01236528441938467
2022-10-26,57168,57342,56389,56390,58267,-0.0061159384528614025
2022-10-27,57168,57949,56909,57949,68218,0.027646745876928502
2022-10-28,57688,58382,57254,57430,59509,-0.008956151098379661
2022-10-31,58383,59768,58036,58730,65300,0.022636252829531633
2022-11-01,58208,58640,57255,57949,53101,-0.013298144049037952
2022-11-02,57861,58900,56648,58642,70881,0.011958791351015519
2022-11-03,57169,57688,56822,57170,53973,-0.025101463115173472
2022-11-04,56997,57690,55957,56478,69741,-0.012104250481021483
2022-11-07,56562,56996,55956,56737,55873,0.004585856439675684
2022-11-08,56736,59249,56736,59249,126488,0.04427445934751573
2022-11-09,59420,59680,58727,58902,68044,-0.0058566389306148325
2022-11-10,59334,59334,58035,58036,68050,-0.014702387015721019
2022-11-11,59767,62279,59680,61934,176216,0.06716520780205393
2022-11-14,62020,62366,60200,60462,124824,-0.023767236090031285
2022-11-15,60894,62712,60894,62627,104205,0.035807614700142265
2022-11-16,62886,63232,60547,60895,109486,-0.027655803407475976
2022-11-17,60720,61414,59853,60808,55080,-0.0014286887264963744
2022-11-18,60893,61499,59768,59855,67970,-0.015672279963162783
2022-11-21,59854,60287,57429,57517,99727,-0.03906106423857658
2022-11-22,57515,57947,56648,56910,51835,-0.010553401603004331
2022-11-23,57255,57602,56909,57517,54025,0.010665963802495071
2022-11-24,57690,58902,57690,58730,47877,0.021089417041918024
2022-11-25,58469,58641,57516,57517,35685,-0.020653839604971913
2022-11-28,57602,57602,55609,55871,59203,-0.028617626093155102
2022-11-29,55263,57689,55263,57517,48022,0.029460722020368424
2022-11-30,57515,58034,56909,57603,61806,0.0014952101117930994
2022-12-01,59076,59941,58383,58470,106330,0.015051299411489083
2022-12-02,58554,58640,56649,56650,72446,-0.031127073713015263
2022-12-05,57255,58209,55350,57603,70375,0.016822594880847364
2022-12-06,57083,57689,56304,56304,40904,-0.02255090880683297
2022-12-07,55609,56908,55609,56044,65651,-0.004617789144643392
2022-12-08,56129,56908,55608,55784,95884,-0.004639212047676811
2022-12-09,56130,57083,55957,56824,69053,0.018643338591710856
2022-12-12,56217,56649,55957,56304,42619,-0.009151062931155862
2022-12-13,56562,57688,56303,57343,57213,0.018453395851093957
2022-12-14,57949,59421,57949,59249,107011,0.0332385818670109
2022-12-15,59420,60806,58208,58296,101383,-0.016084659656703026
2022-12-16,57602,58208,56736,57430,73789,-0.014855221627555926
2022-12-19,58035,60287,58035,59076,121329,0.0286609785826224
2022-12-20,59075,60028,58641,59076,109278,0.0
2022-12-21,60028,61067,59075,60982,128618,0.03226352495091067
2022-12-22,61326,62107,60114,62108,97938,0.01846446492407594
2022-12-23,61500,61933,60373,61934,119863,-0.002801571456173102
2022-12-26,62191,65917,61846,65745,279998,0.06153324506732982
2022-12-27,66178,66958,63752,64707,337827,-0.01578827287246176
2022-12-28,63978,64070,61070,61435,194919,-0.05056639930764828
2022-12-29,60799,61434,58707,60799,132345,-0.010352404980874086
2023-01-02,60526,61799,59526,59709,90935,-0.017927926446158704
2023-01-03,59980,60707,58344,58709,95099,-0.016747893952335446
2023-01-04,58162,58981,57163,58436,123353,-0.004650053654465247
2023-01-05,59070,60070,58525,58617,101716,0.003097405708809564
2023-01-06,58162,59344,57980,59072,79162,0.007762253271235364
2023-01-09,59980,60435,59254,60254,71170,0.020009479956663023
2023-01-10,60252,60252,58617,58617,109935,-0.027168320775384225
2023-01-11,59435,60254,59162,60254,75899,0.02792705187914768
2023-01-12,60797,61616,59707,61344,95708,0.018090085305539905
2023-01-13,61617,62071,60980,61254,74433,-0.001467136150234749
2023-01-16,61798,61888,60708,60708,59001,-0.008913703594867317
2023-01-17,61071,61071,58889,59163,108290,-0.025449693615338997
2023-01-18,59616,59708,58798,59163,59365,0.0
2023-01-19,58708,60162,58526,59981,59444,0.013826208948160223
2023-01-20,59799,59980,58707,59254,55280,-0.012120504826528378
2023-01-25,59980,60071,59252,59799,62533,0.009197691295102395
2023-01-26,59616,60344,58889,60344,73781,0.00911386478034748
2023-01-27,60525,61162,59980,60617,79619,0.004524062044279464
2023-01-30,60707,61344,59344,59436,81697,-0.01948298332151044
2023-01-31,59435,59526,57890,57982,157937,-0.02446328824281585
2023-02-01,58616,61070,57890,60435,202036,0.042306232968852386
2023-02-02,61071,61616,59979,60526,117840,0.0015057499793165174
2023-02-03,60525,60707,59525,60162,76514,-0.0060139444205795645
2023-02-06,59889,59980,58527,58527,115512,-0.02717662311758251
2023-02-07,58526,59253,58344,58981,81402,0.007757103559041134
2023-02-08,59344,59616,58616,58981,95860,0.0
2023-02-09,58525,58617,57707,58072,87796,-0.015411742764619096
2023-02-10,57980,57980,56162,56527,146371,-0.026604904256784634
2023-02-13,56345,56799,55617,55982,93812,-0.00964141029950294
2023-02-14,56345,56799,55345,56164,112181,0.0032510449787430673
2023-02-15,56254,56435,53709,53892,154309,-0.04045295919094083
2023-02-16,54254,55254,54072,54437,100229,0.010112818229050635
2023-02-17,53800,53892,53164,53347,107065,-0.020023146022007055
2023-02-20,53164,55436,52710,55437,143171,0.0391774607756763
2023-02-21,56526,56617,54890,54982,134213,-0.00820751483666149
2023-02-22,54345,54437,53164,53347,128938,-0.029737004837946945
2023-02-23,53800,54073,53345,53528,73812,0.00339288057435283
2023-02-24,53347,53347,52165,52802,145612,-0.013562995068001849
2023-02-27,52164,52346,51255,51438,128478,-0.02583235483504409
2023-02-28,51710,52892,51710,52075,135157,0.012383840740308738
2023-03-02,52164,52527,51073,51347,164443,-0.013979836773883814
2023-03-03,51619,64070,51619,59345,2742539,0.155763725241981
2023-03-06,59799,60435,58527,59527,511263,0.003066812705367017
2023-03-07,59435,69704,59072,67161,2606323,0.12824432610412084
2023-03-08,66343,76794,65706,72705,2045479,0.08254790726761074
2023-03-09,74430,78974,71977,75522,2041955,0.03874561584485248
2023-03-10,73794,76975,73340,74613,599935,-0.012036227854135273
2023-03-13,74611,75248,70249,74703,581520,0.0012062241164407794
2023-03-14,75158,76793,70978,70978,563256,-0.04986412861598599
2023-03-15,73249,73886,71068,71796,373076,0.011524697793682481
2023-03-16,70886,73613,68432,73068,400721,0.017716864449272895
2023-03-17,73431,89062,73431,86700,3335480,0.18656593857776316
2023-03-20,86244,91424,84609,86609,1083586,-0.0010495963091118332
2023-03-21,87698,90334,84699,85427,667063,-0.013647542403214419
2023-03-22,86517,88153,82700,87427,731389,0.02341180188933234
2023-03-23,86699,86972,83791,84701,546335,-0.031180298992302125
2023-03-24,85882,90426,83610,84247,939802,-0.005360031168463175
2023-03-27,85608,89244,81428,86427,914818,0.025876292330884176
2023-03-28,87880,89698,74612,75885,1922230,-0.12197577146030758
2023-03-29,76793,77156,73885,74885,618675,-0.013177834881728967
2023-03-30,75429,77520,73248,74158,663208,-0.00970821926954668
2023-03-31,73976,76157,73431,75340,396282,0.015938941179643562
2023-04-03,75339,76884,72158,73068,539534,-0.03015662330767188
2023-04-04,73067,77520,72068,76885,788240,0.05223901023703936
2023-04-05,76430,78792,74703,75522,609166,-0.017727775248748134
2023-04-06,76885,81247,76248,76340,1011877,0.01083128095124608
2023-04-07,77156,77701,74884,76703,258649,0.004755043227665734
2023-04-10,76793,80428,75611,79793,672253,0.04028525611775291
2023-04-11,79610,83518,78338,80520,954337,0.009111074906320127
2023-04-12,81247,87881,80157,86519,1904802,0.07450322901142581
2023-04-13,87790,91970,85518,86155,1330219,-0.004207168367641789
2023-04-14,85700,90789,84245,84610,1032619,-0.017932795542916824
2023-04-17,85700,86790,82791,83065,397368,-0.018260252925186182
2023-04-18,82428,84881,80701,81338,403872,-0.020790946848853298
2023-04-19,80792,81973,79701,79975,238392,-0.01675723524060091
2023-04-20,80338,81065,77520,78067,283889,-0.023857455454829646
2023-04-21,77520,79702,76884,77067,222191,-0.01280950978006068
2023-04-24,77429,78066,76066,76158,156568,-0.011794931682821419
2023-04-25,76793,78428,74884,76248,251667,0.0011817537225242702
2023-04-26,76066,76884,74249,75613,170302,-0.008328087294092956
2023-04-27,75066,75976,73522,75431,178132,-0.0024069935064076065
2023-04-28,75975,76066,73339,74158,222143,-0.01687635057204595
2023-05-02,74158,75157,73067,73977,144375,-0.0024407346476442715
2023-05-03,72521,72613,69796,71523,211390,-0.033172472525244356
2023-05-04,71613,75975,71613,74522,317748,0.04193056778938242
2023-05-08,75521,76338,73430,73795,198788,-0.00975550844046058
2023-05-09,74885,76793,74248,74885,439616,0.014770648417914423
2023-05-10,75248,75430,73795,74795,129189,-0.001201842825666044
2023-05-11,75248,75794,73794,73977,155547,-0.010936559930476597
2023-05-12,73521,75066,73521,74158,122986,0.0024467064087485557
2023-05-15,74158,75339,73249,73977,155817,-0.0024407346476442715
2023-05-16,74248,75430,73430,73795,132707,-0.002460224123714161
2023-05-17,73795,75885,73613,75795,169538,0.02710210718883399
2023-05-18,76157,76612,74248,74795,134549,-0.013193482419684655
2023-05-19,74884,77884,74884,77703,283582,0.03887960425162107
2023-05-22,78156,81246,77975,79975,341491,0.029239540300889377
2023-05-23,79974,81701,79702,80884,219513,0.011366051891215978
2023-05-24,80247,81701,79519,79884,248248,-0.01236338460016817
2023-05-25,79883,80610,77247,78157,180100,-0.02161884732862651
2023-05-26,78611,78883,76975,77885,122907,-0.0034801745205164103
2023-05-30,77975,79065,77066,77794,127090,-0.00116838929190477
2023-05-31,77611,78520,77065,77430,143752,-0.004679024089261352
2023-06-01,76611,79974,76611,79248,170725,0.02347927160015506
2023-06-02,79884,79975,77975,79067,123551,-0.002283969311528411
2023-06-05,79520,79974,78066,79248,125749,0.002289197768980733
2023-06-07,79247,80155,77338,77430,174868,-0.022940642035130243
2023-06-08,77520,78339,75430,75522,181377,-0.024641611778380423
2023-06-09,75612,76975,75157,75431,147858,-0.0012049469028891924
2023-06-12,75429,75702,74157,74431,114943,-0.013257148917553807
2023-06-13,74430,75430,73158,73250,151549,-0.01586704464537625
2023-06-14,73703,74339,72431,73431,164811,0.0024709897610921683
2023-06-15,73430,75066,72340,74885,264602,0.019800901526603187
2023-06-16,75158,77066,74613,75613,180836,0.009721573078720791
2023-06-19,75612,76066,73795,73795,121897,-0.024043484585983932
2023-06-20,73703,74430,72250,72250,119496,-0.020936377803374207
2023-06-21,71886,72704,69977,70251,163178,-0.027667820069204208
2023-06-22,69976,72430,69976,71068,131709,0.011629727690709135
2023-06-23,71431,75339,71158,73613,235992,0.03581077278099842
2023-06-26,73794,74794,73068,74068,106632,0.006180973469360085
2023-06-27,74430,75702,67705,69705,375020,-0.058905330237079445
2023-06-28,70885,71703,68613,69705,236767,0.0
2023-06-29,69159,70613,68614,69251,149182,-0.006513162613872803
2023-06-30,68704,69886,68522,69341,127750,0.001299620222090736
2023-07-03,69886,69886,67159,68251,253892,-0.01571941564153967
2023-07-04,68250,68523,66706,66706,177236,-0.02263703095925329
2023-07-05,66705,68523,66705,66979,152911,0.004092585374628976
2023-07-06,66796,66978,65069,65343,193765,-0.024425566222248785
2023-07-07,64888,65070,63161,63526,218220,-0.027807110172474503
2023-07-10,62979,63978,62251,62616,196569,-0.014324843371218088
2023-07-11,63070,64070,61980,63707,180012,0.017423661683914737
2023-07-12,63252,76793,62524,72613,1806199,0.13979625472867974
2023-07-13,73884,86335,73884,79793,5488470,0.09888036577472348
2023-07-14,81247,84791,79156,80975,1634562,0.014813329490055427
2023-07-17,81065,82883,78975,79067,534411,-0.02356282803334364
2023-07-18,77247,78338,73793,74340,700935,-0.059784739524706865
2023-07-19,73975,76065,72611,74703,628218,0.00488297013720751
2023-07-20,75158,76793,74158,74795,450736,0.0012315435792404905
2023-07-21,75158,79338,75066,76158,794372,0.01822314325823915
2023-07-24,75975,77792,73248,76612,534620,0.00596129100028886
2023-07-25,76065,78883,75611,76248,537586,-0.004751213909048202
2023-07-26,75885,82700,74158,79157,2211889,0.038151820375616374
2023-07-27,79155,82518,77338,79520,1334667,0.004585823111032505
2023-07-28,79701,81609,78610,80429,708818,0.01143108651911473
2023-07-31,80428,82519,79338,80611,629169,0.002262865384376367
2023-08-01,80701,84245,80701,81974,1134538,0.016908362382305198
2023-08-02,81973,83245,76884,78157,642878,-0.04656354453851219
2023-08-03,77247,83064,76975,81611,840595,0.04419309850685149
2023-08-04,82246,82428,79883,80793,327308,-0.010023158642829988
2023-08-07,80792,82973,79065,79248,424025,-0.01912294381939028
2023-08-08,79428,80247,77338,77430,293223,-0.022940642035130243
2023-08-09,77248,81792,77248,81520,497725,0.052821903654914015
2023-08-10,81428,83700,80428,82610,602886,0.013370951913640905
2023-08-11,83064,84246,81337,83701,484012,0.013206633579469829
2023-08-14,82518,82700,75429,75976,1374092,-0.0922928041480986
2023-08-16,73522,74522,71160,71160,536630,-0.06338843845424869
2023-08-17,70068,72249,70068,70523,499658,-0.008951658234963467
2023-08-18,73431,74431,66251,66616,1357166,-0.05540036583809538
2023-08-21,65705,67250,64979,64979,395664,-0.024573675993755262
2023-08-22,65251,65979,63706,64071,256946,-0.013973745363886847
2023-08-23,63615,64524,62161,62344,299420,-0.026954472382200945
2023-08-24,62525,63524,61889,62344,354576,0.0
2023-08-25,63797,64615,62342,62889,453438,0.00874181958167597
2023-08-28,63251,63251,60707,62253,283146,-0.010113056337356263
2023-08-29,62797,64524,62343,64343,272787,0.0335726792283102
2023-08-30,64706,64796,63524,64161,151986,-0.0028285905226675956
2023-08-31,64342,64705,62434,62434,243497,-0.026916662770218647
2023-09-01,62524,63343,61343,61526,182446,-0.014543357785821831
2023-09-04,61524,62434,61071,62071,113934,0.008858043753860123
2023-09-05,61797,62343,61525,62162,124541,0.0014660630568219535
2023-09-06,62162,62798,61616,61981,110042,-0.002911746726295794
2023-09-07,61707,62798,61344,62526,185853,0.00879301721495307
2023-09-08,62615,63252,62433,62980,115926,0.007260979432555992
2023-09-11,63252,64434,62434,63889,200804,0.01443315338202611
2023-09-12,64160,65069,63160,63707,240999,-0.002848690697929257
2023-09-13,64070,64343,62798,63253,125955,-0.007126375437550014
2023-09-14,63252,64979,63252,64071,164475,0.012932192939465237
2023-09-15,63433,64161,63070,63798,128621,-0.0042608980662077744
2023-09-18,63251,65160,63161,64343,137388,0.008542587541929159
2023-09-19,64342,64705,63524,63707,93354,-0.009884525123168064
2023-09-20,63979,63979,62525,63162,104837,-0.00855478989749947
2023-09-21,62797,62889,61071,61799,135716,-0.02157943067033974
2023-09-22,60343,61343,60161,60435,127754,-0.02207155455589893
2023-09-25,59889,60889,59071,59254,153022,-0.019541656324977286
2023-09-26,58890,59798,58344,58527,100489,-0.012269213892732944
2023-09-27,57889,60708,57708,60708,123729,0.037264852119534675
2023-10-04,59798,59888,58435,58890,121537,-0.029946629768728972
2023-10-05,59072,60617,57437,57437,172790,-0.02467311937510608
2023-10-06,56798,61797,56798,58890,239345,0.025297282239671315
2023-10-10,59890,61253,59162,59709,166460,0.013907284768212014
2023-10-11,59981,60435,59162,59709,110183,0.0
2023-10-12,60344,60435,59435,60072,126960,0.006079485504697724
2023-10-13,59707,60617,59526,60254,101763,0.003029697696097955
2023-10-16,60071,60616,58526,59163,126970,-0.018106681714077033
2023-10-17,59162,60252,58890,58890,103072,-0.004614370468029039
2023-10-18,58981,59434,56799,56891,168338,-0.03394464255391405
2023-10-19,55890,57708,55890,56255,151498,-0.011179272644179172
2023-10-20,55073,56800,55073,55710,142833,-0.00968802773086841
2023-10-23,56254,61798,55072,57709,607918,0.03588224735236034
2023-10-24,57800,61162,57527,61072,296820,0.058275139059765335
2023-10-25,61070,61162,59889,60072,149884,-0.016374115797746946
2023-10-26,59253,59434,57254,58436,182042,-0.02723398588360637
2023-10-27,58981,59162,57345,58164,155528,-0.004654664932575825
2023-10-30,57435,59072,57435,58527,90296,0.006240973798225635
2023-10-31,58707,58889,57253,57527,84132,-0.01708613118731528
2023-11-01,57798,58344,57435,58072,77086,0.009473812296834527
2023-11-02,58617,60072,58345,59709,114513,0.02818914451026311
2023-11-03,60162,61070,59253,60617,101353,0.015207087708720701
2023-11-06,62888,65160,61889,65161,367038,0.07496246927429606
2023-11-07,65978,66160,62979,64343,243107,-0.012553521278065083
2023-11-08,65069,65705,64524,64979,126811,0.009884525123168064
2023-11-09,65432,66250,64524,64979,138744,0.0
2023-11-10,63796,65796,63705,63979,83965,-0.01538958740516172
2023-11-13,65069,65341,63706,64343,89171,0.005689366823488973
2023-11-14,64433,65341,64160,64343,109994,0.0
2023-11-15,65343,70433,64797,70433,529595,0.09464899056618425
2023-11-16,70886,74431,69523,73705,635717,0.04645549671318849
2023-11-17,74067,75975,72795,74795,381792,0.014788684621124704
2023-11-20,74975,77793,74430,77067,294144,0.03037636205628713
2023-11-21,77521,81246,77248,80793,408062,0.048347541749386824
2023-11-22,80882,82609,79156,81429,375759,0.007871969106234555
2023-11-23,81064,82519,80974,81974,206291,0.006692947230102275
2023-11-24,82610,82700,77793,77885,338703,-0.04988166979774078
2023-11-27,77157,78883,74884,75249,279627,-0.03384477113693263
2023-11-28,75248,77246,74703,74703,178845,-0.007255910377546582
2023-11-29,75158,75430,71613,72341,256052,-0.03161854276267351
2023-11-30,72248,73340,71340,72795,171535,0.006275832515447721
2023-12-01,73522,75067,72522,72705,191756,-0.0012363486503194077
2023-12-04,73612,73612,71431,72068,105087,-0.008761433188914092
2023-12-05,71067,72522,71067,72159,90346,0.001262696342343439
2023-12-06,72157,72521,70886,70886,105225,-0.01764159702878365
2023-12-07,70794,72157,70339,70886,109974,0.0
2023-12-08,71340,75339,70977,75249,245597,0.06154953023163956
2023-12-11,75520,78702,75248,78702,301567,0.04588765299206643
2023-12-12,79247,80337,77339,77794,294140,-0.011537190922721097
2023-12-13,76793,78793,75340,78612,251457,0.010514949739054424
2023-12-14,80156,83882,79792,83156,734017,0.05780287996743505
2023-12-15,83973,84518,79428,79975,473663,-0.03825340324209914
2023-12-18,81791,83154,80519,82156,224750,0.027271022194435668
2023-12-19,81791,83155,81700,82610,120230,0.005526072350163114
2023-12-20,82972,83972,81973,83337,179914,0.008800387362304818
2023-12-21,82428,83700,81155,81520,243902,-0.021803040666210638
2023-12-22,81518,83063,81337,82065,174739,0.0066854759568204525
2023-12-26,82701,84246,82247,84156,368973,0.025479802595503642
2023-12-27,85490,85966,83298,83489,204424,-0.007925756927610661
2023-12-28,83488,88921,83012,87873,322159,0.05250991148534534
2024-01-02,88159,114178,88159,114178,5214924,0.29935247459401637
2024-01-03,116369,127043,113510,123041,9362808,0.0776244110073745
2024-01-04,122374,123232,115131,116561,2016147,-0.05266537170536656
2024-01-05,115131,122470,114273,115322,1695357,-0.01062962740539286
2024-01-08,114749,117989,105790,106839,1225890,-0.07355925148714038
2024-01-09,108173,109126,105028,105886,611468,-0.008919963683673537
2024-01-10,105791,107125,103408,103885,484156,-0.018897682413161365
2024-01-11,103789,105886,99881,103313,702504,-0.00550608846320455
2024-01-12,101024,108840,99595,103217,1163850,-0.0009292151036172092
2024-01-15,102359,105695,97785,101121,626918,-0.02030673241810943
2024-01-16,107220,109031,99786,99882,1259153,-0.012252647817960649
2024-01-17,98357,99214,93496,94926,584687,-0.049618549888868824
2024-01-18,95402,96927,90446,91781,528280,-0.033131070518087724
2024-01-19,92638,96736,92638,94449,465615,0.02906919732842317
2024-01-22,94830,103312,93591,102074,958994,0.08073140001482271
2024-01-23,103407,107124,99214,99405,689741,-0.026147696769010742
2024-01-24,100453,101025,97308,97594,215564,-0.018218399476887526
2024-01-25,97594,100643,95688,98166,293645,0.005861016046068368
2024-01-26,97403,101882,96736,100072,328134,0.01941609111097531
2024-01-29,103122,107601,99119,100835,844552,0.007624510352546077
2024-01-30,103503,104456,99786,100358,256071,-0.004730500322308706
2024-01-31,99785,100071,97117,97308,284790,-0.030391199505769295
2024-02-01,96069,97118,93401,96165,289378,-0.011746207917129103
2024-02-02,97118,99977,96736,99596,274928,0.03567826132168661
2024-02-05,100453,100453,97213,97213,167315,-0.023926663721434593
2024-02-06,97690,101692,97118,97690,313941,0.004906751154680977
2024-02-07,99119,99977,94830,95593,261318,-0.021465861398300756
2024-02-08,95878,96831,95402,95688,152065,0.0009937966169071277
2024-02-13,96164,100072,96069,99596,316415,0.040841066800434644
2024-02-14,97975,99977,97308,99596,201899,0.0
2024-02-15,100930,100930,97785,97976,160523,-0.01626571348246919
2024-02-16,99023,99214,96736,98166,132877,0.0019392504286763756
2024-02-19,98737,99118,97594,97594,138310,-0.005826864698571854
2024-02-20,97880,98356,96450,96927,150290,-0.006834436543230127
2024-02-21,96831,97213,94830,95307,205362,-0.01671360921105569
2024-02-22,95115,97117,94544,95783,192275,0.004994386561322894
2024-02-23,96069,103693,95402,99977,806246,0.043786475679400416
2024-02-26,102549,103598,101310,101311,393595,0.013343068905848243
2024-02-27,102455,112367,101311,110461,2157150,0.09031595779332946
2024-02-28,111222,114177,108173,110937,927190,0.004309213206471041
2024-02-29,110174,111508,105218,105695,547358,-0.04725204395287419
2024-03-04,105695,108459,102932,104171,423190,-0.014418846681489184
2024-03-05,104265,106648,101120,103122,374187,-0.010069981088786761
2024-03-06,102836,108650,101692,107697,531302,0.044364926979693964
2024-03-07,109412,111033,105695,106363,416733,-0.01238660315514828
2024-03-08,106743,109126,106743,108078,321089,0.016124028092475706
2024-03-11,109507,110365,105790,106172,332967,-0.017635411462092243
2024-03-12,106172,107125,105505,106649,176954,0.004492709942357731
2024-03-13,107125,107125,102645,103694,325044,-0.027707714090146163
2024-03-14,103884,105504,103312,103980,166239,0.0027581152236388906
2024-03-15,104933,107220,102741,102741,279220,-0.01191575302942871
2024-03-18,103026,106267,102931,104647,198372,0.018551503294692573
2024-03-19,105124,106839,103217,106363,243302,0.016397985608760823
2024-03-20,106553,107696,105314,106458,202266,0.0008931677369010682
2024-03-21,107410,109412,106553,109317,347625,0.026855661387589436
2024-03-22,109888,112271,108173,109031,372862,-0.0026162444999405787
2024-03-25,110555,111508,108649,109984,263152,0.008740633397841036
2024-03-26,109412,111318,105886,107411,380660,-0.0233943118999127
2024-03-27,106362,106362,98738,101121,711622,-0.05856011023079577
2024-03-28,99309,101120,98833,98833,328039,-0.022626358520979828
2024-03-29,99691,101788,99024,100168,323464,0.013507634089828358
2024-04-01,100548,101501,98547,98547,194708,-0.016182812874371066
2024-04-02,98547,98642,95688,95879,207621,-0.027073376155539952
2024-04-03,94925,95497,93496,93496,188345,-0.024854243369246687
2024-04-04,93877,94925,92543,93401,156133,-0.0010160862496790823
2024-04-05,92447,92923,90064,90160,174573,-0.03469984261410475
2024-04-08,90160,95307,88349,93401,297586,0.03594720496894399
2024-04-09,93495,96069,91208,91399,167941,-0.021434460016488077
2024-04-11,89588,91875,89207,90637,74844,-0.00833707152157026
2024-04-12,91590,92734,89779,91781,103322,0.012621776978496646
2024-04-15,91018,91304,89588,89684,79490,-0.022847866116080695
2024-04-16,88444,89302,85680,85776,156598,-0.04357521966014
2024-04-17,86156,88349,83583,83679,257873,-0.024447397873531007
2024-04-18,84823,88158,84823,87587,134807,0.046702278946928244
2024-04-19,85966,86347,83869,85490,145452,-0.02394190918743644
2024-04-22,87110,88158,86252,87301,107457,0.02118376418294532
2024-04-23,87491,87968,86824,87015,73164,-0.0032760220386937045
2024-04-24,87777,88349,86919,87587,80631,0.00657357926794222
2024-04-25,86728,87491,86252,86443,56844,-0.013061299051229103
2024-04-26,87205,87205,85681,85681,87376,-0.008815057321009179
2024-04-29,86538,87968,86443,87873,144016,0.02558326816913903
2024-04-30,88158,92924,87777,91590,283076,0.04229968249632998
2024-05-02,91589,92637,90541,91399,97948,-0.002085380500054579
2024-05-03,92447,92923,90541,91113,84169,-0.0031291370802744023
2024-05-07,92923,96164,92447,94544,307279,0.03765653638887967
2024-05-08,95306,95687,94163,95402,120643,0.00907513961753259
2024-05-09,95782,95782,92065,92066,182994,-0.034967820381124115
2024-05-10,94163,95592,93114,93496,116234,0.015532335498446681
2024-05-13,92924,93591,91399,92162,80611,-0.014267990074441683
2024-05-14,91494,92733,91494,92162,55822,0.0
2024-05-16,94068,94830,92924,94068,88285,0.020680974805234342
2024-05-17,94449,94830,91208,91304,188515,-0.029382999532253318
2024-05-20,91399,92257,89302,89684,134384,-0.017742924734951426
2024-05-21,89683,90160,88826,89398,92266,-0.00318897462200618
2024-05-22,89683,90065,88349,88445,87612,-0.010660193740352097
2024-05-23,88540,89302,88159,88445,73511,0.0
2024-05-24,87872,88444,87205,87301,64149,-0.012934592119396182
2024-05-27,87873,88349,86348,88064,91840,0.008739876977354122
2024-05-28,87492,89112,86729,88731,112271,0.007574037063953432
2024-05-29,87777,88635,85966,86062,108330,-0.03007967902987685
2024-05-30,86347,87396,85394,85490,79316,-0.006646371220747849
2024-05-31,86920,87491,84918,85014,128004,-0.005567902678675907
2024-06-03,86443,87301,85395,85967,75241,0.01120991836638674
2024-06-04,86252,89683,85776,88540,166409,0.02993008945292952
2024-06-05,88731,90255,88349,89017,108802,0.005387395527445271
2024-06-07,89970,90351,88159,89303,74750,0.003212869451902467
2024-06-10,88063,89112,87206,88731,76232,-0.006405159961031526
2024-06-11,88730,90446,88254,89112,113555,0.004293876999019508
2024-06-12,91494,95592,90160,90732,309140,0.018179369781847532
2024-06-13,91970,93686,88635,88635,200412,-0.023112022219283213
2024-06-14,89588,90637,88063,89017,100324,0.00430980989451113
2024-06-17,89398,89398,87396,88445,74299,-0.006425738903804934
2024-06-18,88825,89207,87205,87587,65150,-0.009700944089547137
2024-06-19,88539,90160,87777,90160,81397,0.029376505645815065
2024-06-20,89969,90445,88253,88635,60305,-0.016914374445430314
2024-06-21,88731,89207,86825,86825,186851,-0.020420826987081808
2024-06-24,86443,88253,86443,86729,71553,-0.0011056723293981774
2024-06-25,86443,87301,85967,87111,79450,0.004404524438192503
2024-06-26,86539,87110,85490,85586,84194,-0.01750639988061209
2024-06-27,85585,85775,83965,83965,89635,-0.01894001355361863
2024-06-28,83965,84633,83108,84633,93205,0.007955695825641707
2024-07-01,84918,89207,84727,88826,195221,0.049543322344711926
2024-07-02,89588,90160,87682,89684,156548,0.009659333978790041
2024-07-03,89112,89588,87396,87778,99482,-0.02125239730609696
2024-07-04,87968,88921,86920,87111,75320,-0.007598714939962226
2024-07-05,87205,90541,87015,89112,180955,0.02297069256465889
2024-07-08,90064,91494,87968,89207,143348,0.0010660741538737195
2024-07-09,88349,91113,88349,90160,170700,0.010683018148800016
2024-07-10,90064,90732,88730,88826,102664,-0.01479591836734695
2024-07-11,89493,89874,87873,88731,81679,-0.0010695066759732752
2024-07-12,88731,94449,88731,91209,392395,0.02792710552118205
2024-07-15,92066,92924,91494,91876,165714,0.007312874825949223
2024-07-16,92923,93590,89778,91113,140202,-0.008304671513779449
2024-07-17,91208,93591,90922,91876,214242,0.008374216632094145
2024-07-18,91876,92733,89207,89684,173960,-0.02385824371979628
2024-07-19,89207,90446,88349,89112,90969,-0.00637794924401236
2024-07-22,89112,91971,88826,89684,183455,0.006418888589639904
2024-07-23,89969,90541,88159,88159,108720,-0.01700414789706084
2024-07-24,87682,91399,86443,90065,163604,0.021620027450402146
2024-07-25,89873,94925,89206,90827,426231,0.008460556264919816
2024-07-26,92161,94830,90636,93782,393119,0.032534378543825015
2024-07-29,95116,98166,93782,96165,416325,0.025409993388923358
2024-07-30,95402,97880,94449,96927,277824,0.007923880829823648
2024-07-31,97117,98070,93591,95688,307463,-0.012782815933640834
2024-08-01,94734,95878,87300,87682,930553,-0.08366775353231337
2024-08-02,83869,85204,79390,79867,655081,-0.08912889760726261
2024-08-05,76722,78533,66714,68907,709159,-0.13722814178571874
2024-08-06,69954,73576,69859,70908,441525,0.029039139710044015
2024-08-07,71003,80629,70621,76245,840718,0.07526654256219323
2024-08-08,74816,77580,74625,75960,223376,-0.003737950029510162
2024-08-09,78151,79390,75864,76150,228030,0.0025013164823590728
2024-08-12,77008,79200,77008,78438,192019,0.030045961917268604
2024-08-13,77007,77007,72909,73958,434030,-0.05711517376781661
2024-08-14,74530,75006,72624,73482,267847,-0.006436085345736808
2024-08-16,73671,75959,70336,72147,564505,-0.0181677145423369
2024-08-19,72146,72146,68429,68811,486090,-0.0462389288535906
2024-08-20,69002,69955,67286,68049,308357,-0.011073810873261536
2024-08-21,67857,69096,67857,68811,168123,0.011197813340387164
2024-08-22,69097,69287,68048,68716,164770,-0.00138059321910744
2024-08-23,68144,68716,67858,68240,106323,-0.006927062110716586
2024-08-26,68715,69573,68144,68144,159107,-0.0014067995310668158
2024-08-27,68239,69478,67667,67763,135700,-0.005591101197464199
2024-08-28,67763,68144,64999,65762,233227,-0.02952938919469328
2024-08-29,63855,65475,63569,64237,266737,-0.023189684012043466
2024-08-30,64618,66047,64332,65762,178519,0.023740212027336227
2024-09-02,65952,66238,64427,65857,112508,0.0014446032663240072
2024-09-03,66047,67572,65762,65762,114554,-0.0014425193980898143
2024-09-04,63855,64808,63665,63951,149529,-0.027538700161187313
2024-09-05,64522,64998,62234,62616,134644,-0.020875357695735786
2024-09-06,61949,63855,61949,63665,98770,0.016752906605340456
2024-09-09,62235,64522,62235,64332,62101,0.010476714050106084
2024-09-10,64618,64999,63474,63665,90092,-0.010368090530373686
2024-09-11,63665,64046,61663,62331,97823,-0.020953428100212057
2024-09-12,62235,64808,62235,64332,112331,0.03210280598738979
2024-09-13,64331,64999,63283,64999,65249,0.010368090530373797
2024-09-19,65666,66524,64999,66143,149617,0.01760027077339643
2024-09-20,66619,67095,66047,66619,161213,0.007196528733199203
2024-09-23,67286,68716,66905,67382,189308,0.011453189030156574
2024-09-24,67382,67667,66238,67382,94238,0.0
2024-09-25,67667,68144,66238,66429,113229,-0.014143243002582295
2024-09-26,66523,67477,66428,67477,88769,0.015776242303813026
2024-09-27,66905,67382,66333,66429,78662,-0.015531218044667061
2024-09-30,67000,67191,64999,65476,90188,-0.014346144003371974
2024-10-02,64426,65856,64236,65380,51827,-0.0014661860834503937
2024-10-04,65856,67095,65379,66333,68552,0.01457632303456724
2024-10-07,66524,66619,65380,66143,69008,-0.00286433600168845
2024-10-08,65380,66143,65190,65190,67620,-0.014408176224241398
2024-10-10,65570,66428,65189,65666,102338,0.007301733394692533
2024-10-11,66047,66428,64617,64713,87771,-0.014512837693783642
2024-10-14,64331,64998,62997,63760,147949,-0.014726561896373225
2024-10-15,63855,65380,63283,64904,115276,0.017942283563362693
2024-10-16,64617,64617,63474,63760,69548,-0.017626032293849403
2024-10-17,64045,64045,62711,62807,98879,-0.014946675031367596
2024-10-18,63378,63378,61377,61568,109431,-0.019727100482430315
2024-10-21,61759,62807,61473,62331,63298,0.012392801455301417
2024-10-22,61948,62520,59661,60138,124065,-0.03518313519757421
2024-10-23,60614,60805,59090,60329,88098,0.0031760284678572503
2024-10-24,59375,60138,58899,59090,81172,-0.02053738666313054
2024-10-25,58994,59090,57946,58709,79796,-0.006447791504484712
2024-10-28,58422,59471,58422,59471,62963,0.01297927063993587
2024-10-29,59471,59948,58709,59948,66094,0.00802071597921672
2024-10-30,59947,59947,58804,59090,41870,-0.014312404083539065
2024-10-31,58899,59471,58137,59376,65734,0.004840074462683974
2024-11-01,59280,59280,58041,58137,81793,-0.02086701697655613
2024-11-04,58232,60806,58042,60806,120218,0.04590880162375077
2024-11-05,60042,60995,59661,60138,46309,-0.010985757984409483
2024-11-06,60614,61091,58708,59757,75578,-0.006335428514416819
2024-11-07,59757,60234,58042,58614,70903,-0.019127466238265
2024-11-08,59185,60138,58423,58423,74340,-0.0032586071586993004
2024-11-11,58136,58422,55277,55659,152345,-0.04731013470722145
2024-11-12,54991,55849,52418,52609,218266,-0.05479796618695987
2024-11-13,51941,53180,51560,51656,152827,-0.01811477123686056
2024-11-14,51370,52418,50989,50989,133913,-0.012912343193433484
2024-11-15,50989,52514,49559,51466,142808,0.009354958912706657
2024-11-18,51465,54515,51084,53372,142315,0.0370341584735554
2024-11-19,53371,54896,52895,54420,131861,0.0196357640710485
2024-11-20,54514,54705,53276,53276,87190,-0.0210216832047041
2024-11-21,53275,54228,52894,52990,171946,-0.00536827089120806
2024-11-22,53466,54610,52704,52990,198121,0.0
2024-11-25,52990,53657,50036,50036,1975275,-0.05574636723910176
2024-11-26,50893,51655,49749,50131,300465,0.0018986329842514138
2024-11-27,50130,51369,50035,50512,149713,0.007600087770042396
2024-11-28,50989,58613,50608,55564,1376012,0.10001583782071588
2024-11-29,55850,57089,53562,53944,391308,-0.029155568353610217
2024-12-02,54705,56230,53562,53562,266647,-0.007081417766572784
2024-12-03,54515,56325,54038,55087,270687,0.0284716776819387
2024-12-04,53847,54800,52608,54515,269695,-0.01038357507215859
2024-12-05,54419,54515,50988,51084,297950,-0.06293680638356414
2024-12-06,50989,51656,49559,50227,259336,-0.016776290032104013
2024-12-09,49464,49464,47272,47272,303989,-0.0588328986401736
2024-12-10,47272,50512,47272,50036,208953,0.058470130309697055
2024-12-11,49654,51846,49654,51084,120359,0.020944919657846395
2024-12-12,51560,52037,50703,50989,185255,-0.001859682092240189
2024-12-13,51656,57088,51370,55373,651595,0.08597932887485538
2024-12-16,57661,58042,56422,57661,344496,0.041319776786520546
2024-12-17,57660,58137,56517,57756,216240,0.0016475607429631278
2024-12-18,58423,61377,57565,60234,429587,0.0429046332848535
2024-12-19,58708,59852,58232,58232,198908,-0.03323704220207857
2024-12-20,58136,58994,56516,56993,212559,-0.021276961121033056
2024-12-23,57470,58899,57184,58614,152649,0.028442089379397517
2024-12-24,59089,60328,57660,59471,178028,0.01462108028798581
2024-12-26,60043,61377,58232,58900,226154,-0.009601318289586547
2024-12-27,58100,59400,55900,56100,193371,-0.04753820033955858
2024-12-30,55900,59000,55900,56700,168016,0.010695187165775444
2025-01-02,56300,56700,54100,54800,163659,-0.0335097001763669
2025-01-03,55300,56000,55000,55400,112262,0.010948905109489093
2025-01-06,55400,57500,55300,56900,118541,0.02707581227436817
2025-01-07,57000,58600,56500,56600,168687,-0.005272407732864637
2025-01-08,56600,58000,56500,57300,112721,0.012367491166077826
2025-01-09,57000,57900,56600,57600,87717,0.005235602094240788
2025-01-10,58400,58400,56700,56900,91621,-0.01215277777777779
2025-01-13,56900,58500,55600,56300,138494,-0.010544815465729385
2025-01-14,56800,57000,55700,55900,75243,-0.007104795737122527
2025-01-15,56400,56400,54700,55200,103102,-0.012522361359570633
2025-01-16,55600,56300,55500,55700,75709,0.009057971014492683
2025-01-17,55600,55700,54600,54800,93600,-0.016157989228007152
2025-01-20,55100,55300,54100,54700,74595,-0.0018248175182481452
2025-01-21,54700,56000,54300,54900,101921,0.003656307129798808
2025-01-22,55100,55400,54600,54700,86143,-0.0036429872495445936
2025-01-23,54700,54700,53100,53400,123422,-0.02376599634369292
2025-01-24,53900,54400,53500,53500,76703,0.001872659176029856
2025-01-31,54200,54600,53000,53200,88011,-0.005607476635513975
2025-02-03,52800,52800,50000,50800,221590,-0.045112781954887216
2025-02-04,51400,52700,51300,51600,104965,0.015748031496062964
2025-02-05,52000,53200,51500,52600,99064,0.019379844961240345
2025-02-06,53300,53300,52500,53000,97445,0.0076045627376426506
2025-02-07,52800,53000,52000,52000,80249,-0.018867924528301883
2025-02-10,51500,52300,50900,52100,98723,0.0019230769230769162
2025-02-11,52200,52700,51800,51800,95112,-0.0057581573896353655
2025-02-12,51500,51700,50600,51100,84634,-0.013513513513513487
2025-02-13,51500,51800,51000,51400,75029,0.005870841487279899
2025-02-14,51500,57400,51400,52500,930392,0.021400778210116655
2025-02-17,52600,53300,51800,53100,186370,0.011428571428571344
2025-02-18,53400,53600,52000,52700,159733,-0.007532956685499026
2025-02-19,52700,53800,52500,53500,185257,0.015180265654648917
2025-02-20,53000,53700,52700,52800,139195,-0.013084112149532756
2025-02-21,52700,53000,52400,52400,87595,-0.007575757575757569
2025-02-24,52200,52700,51900,52600,88127,0.003816793893129722
2025-02-25,52500,53000,51600,51700,124679,-0.017110266159695797
2025-02-26,52300,57300,52200,56300,1321238,0.08897485493230173
2025-02-27,56100,56500,55200,55900,301072,-0.007104795737122527
2025-02-28,55000,56800,54100,54300,389460,-0.028622540250447193
2025-03-04,53700,56500,53600,54100,274153,-0.0036832412523020164
2025-03-05,54200,55300,53900,54300,141884,0.003696857670979714
2025-03-06,54900,54900,52800,54400,211377,0.0018416206261511192
2025-03-07,54200,54400,53000,53000,154277,-0.02573529411764708
2025-03-10,52700,53300,52600,52700,68377,-0.005660377358490565
2025-03-11,51800,52700,51200,52700,141497,0.0
2025-03-12,52500,53300,52500,53000,79956,0.005692599620493288
2025-03-13,53000,53400,51500,51800,206849,-0.02264150943396226
2025-03-14,52100,53700,52000,53400,200436,0.030888030888030826
2025-03-17,53500,53600,52600,53400,104276,0.0
2025-03-18,54000,54900,53800,53900,165169,0.009363295880149725
2025-03-19,53900,55000,53600,54300,120363,0.007421150278293043
2025-03-20,54800,54800,54000,54100,114901,-0.0036832412523020164
2025-03-21,53400,54800,53400,53900,127549,-0.003696857670979714
2025-03-24,53700,54100,53000,53100,50793,-0.014842300556586308
2025-03-25,53600,53600,52600,52600,73703,-0.00941619585687381
2025-03-26,53100,53100,52400,52500,43852,-0.0019011406844106071
2025-03-27,52100,52700,51600,51600,77712,-0.017142857142857126
2025-03-28,51700,51900,50600,50800,80625,-0.015503875968992276
2025-03-31,49800,50000,48050,48400,217572,-0.047244094488189003
2025-04-01,48350,51100,48350,49950,115150,0.03202479338842967
2025-04-02,50100,50400,48550,48800,88852,-0.02302302302302306
2025-04-03,48000,49450,47500,49400,63898,0.012295081967213184
2025-04-04,48950,50800,48300,49500,95725,0.002024291497975783
2025-04-07,47800,48900,47100,47150,100072,-0.04747474747474745
2025-04-08,47600,48350,46800,46900,88871,-0.005302226935312793
2025-04-09,46200,46650,44500,44600,128799,-0.049040511727078906
2025-04-10,47000,48500,46600,47300,102838,0.060538116591928315
2025-04-11,46600,47100,46100,46900,66850,-0.008456659619450302
2025-04-14,47650,48350,47200,48100,62928,0.02558635394456288
2025-04-15,48100,48250,46900,47600,42167,-0.01039501039501034
2025-04-16,47500,47950,47400,47400,39797,-0.004201680672268893
2025-04-17,47600,48250,47450,48000,41260,0.012658227848101333
2025-04-18,47600,47750,46800,47200,80097,-0.01666666666666672
2025-04-21,46900,47750,46800,47200,45640,0.0
2025-04-22,46750,47500,46750,47100,45337,-0.0021186440677966045
2025-04-23,47650,48750,47450,48700,195755,0.03397027600849256
2025-04-24,48800,49300,48100,48400,45080,-0.006160164271047264
2025-04-25,48500,48950,48500,48500,40398,0.0020661157024792765
2025-04-28,48550,48850,47750,47950,64797,-0.01134020618556697
2025-04-29,47950,49250,47950,48750,67550,0.016684045881126153
2025-04-30,48700,48900,47900,48050,71038,-0.014358974358974375
2025-05-02,48000,48750,47500,48500,44852,0.009365244536940764
2025-05-07,48250,48250,47100,48000,68641,-0.010309278350515427
2025-05-08,48050,48250,47800,47900,42450,-0.002083333333333326
2025-05-09,47800,48000,47350,47450,42687,-0.009394572025052228
2025-05-12,47800,47800,46500,46700,79670,-0.015806111696522684
2025-05-13,47050,47600,46950,47000,51584,0.0064239828693790635
2025-05-14,46950,47350,46400,47300,54200,0.006382978723404209
2025-05-15,46850,47450,46850,47050,45003,-0.005285412262156397
2025-05-16,47800,48100,47100,47400,72186,0.007438894792773709
2025-05-19,47000,47250,46550,46750,50102,-0.01371308016877637
2025-05-20,47200,47450,46250,46650,59856,-0.002139037433155133
2025-05-21,46650,47500,46600,46650,72293,0.0
2025-05-22,46450,46850,46100,46350,45774,-0.006430868167202619
2025-05-23,46300,46450,45800,46200,52356,-0.003236245954692518
2025-05-26,46500,47900,46250,47200,99928,0.02164502164502169
2025-05-27,47350,47750,47100,47600,46890,0.008474576271186418
2025-05-28,47750,47900,47350,47650,44114,0.0010504201680672232
2025-05-29,47950,48350,47800,48300,54200,0.01364113326337879
2025-05-30,48000,49700,47950,49050,137104,0.01552795031055898
2025-06-02,49200,49200,48450,49000,41006,-0.0010193679918450993
2025-06-04,49600,49900,48950,49250,77088,0.005102040816326481
2025-06-05,49050,49850,49000,49300,72178,0.0010152284263960087
2025-06-09,49550,50900,49400,50400,87559,0.022312373225152227
2025-06-10,51100,51100,49750,50800,63474,0.007936507936507908
2025-06-11,50600,51000,50400,50500,66830,-0.0059055118110236116
2025-06-12,50600,51800,50500,50900,115810,0.007920792079207928
2025-06-13,51100,51500,49300,50000,94876,-0.017681728880157177
2025-06-16,50000,50400,49350,50100,52240,0.0020000000000000018
2025-06-17,49950,50500,49550,49700,77702,-0.007984031936127733
2025-06-18,49200,50000,48900,49600,51498,-0.002012072434607659
2025-06-19,49750,49950,49200,49600,53821,0.0
2025-06-20,49700,51500,49700,50600,107219,0.02016129032258074
2025-06-23,50100,50200,49500,49600,64476,-0.01976284584980237
2025-06-24,50000,51300,50000,50900,121329,0.02620967741935476
2025-06-25,51500,51600,50300,50700,67561,-0.003929273084479323
2025-06-26,51000,51000,49750,49900,56157,-0.015779092702169595
2025-06-27,50300,50300,48900,49000,86745,-0.018036072144288595
2025-06-30,49150,49650,49000,49650,36451,0.013265306122449028
2025-07-01,49650,50400,49450,50100,64123,0.009063444108761365
2025-07-02,50500,57400,50400,54200,1314257,0.08183632734530932
2025-07-03,53800,55400,53400,55000,344162,0.014760147601476037
2025-07-04,54500,57000,53900,55700,482118,0.012727272727272698
2025-07-07,55200,55300,54200,54300,166577,-0.025134649910233398
2025-07-08,53500,54400,52700,52900,125781,-0.025782688766114226
2025-07-09,52800,53200,52500,53000,60320,0.001890359168241984
2025-07-10,53400,55000,52900,53800,137297,0.015094339622641506
2025-07-11,54100,54600,53700,54300,106338,0.009293680297397744
2025-07-14,54400,54700,53200,53500,64191,-0.014732965009208066
2025-07-15,53500,54400,53300,53700,69818,0.0037383177570093906
2025-07-16,53300,53500,52700,52800,73731,-0.016759776536312887
2025-07-17,53200,54900,53000,54400,167884,0.030303030303030276
2025-07-18,55000,55700,54200,54900,173794,0.009191176470588314
2025-07-21,58100,60000,54900,55300,760561,0.007285974499089187
2025-07-22,55400,55900,53600,54000,134230,-0.023508137432188048
2025-07-23,54600,54600,53500,53900,78222,-0.0018518518518518823
2025-07-24,54000,55500,54000,54300,142589,0.007421150278293043
2025-07-25,54500,54600,53500,53600,72780,-0.012891344383057057
2025-07-28,53700,53900,52600,52900,83453,-0.013059701492537323
2025-07-29,53100,56000,52600,54100,142735,0.022684310018903586
2025-07-30,54000,54700,54000,54300,77864,0.003696857670979714
2025-07-31,54100,54600,53400,53800,78893,-0.009208103130755041
2025-08-01,53200,53300,51600,51700,83083,-0.03903345724907059
2025-08-04,51900,53000,51500,52700,63258,0.01934235976789167
2025-08-05,53100,54000,53000,53600,92918,0.017077798861480087
2025-08-06,53100,54100,53000,53700,55775,0.001865671641791078
2025-08-07,53500,53500,52600,53000,65426,-0.013035381750465591
2025-08-08,52900,53400,52700,52900,36012,-0.0018867924528301883
2025-08-11,52600,52900,52300,52400,34948,-0.009451795841209809
2025-08-12,52600,52900,52000,52300,45616,-0.001908396946564861
2025-08-13,52600,53500,52200,53100,56748,0.015296367112810794
2025-08-14,53200,54700,53200,54000,132500,0.016949152542372836
2025-08-18,54400,55500,53600,53700,81734,-0.005555555555555536
2025-08-19,53900,54000,52800,53100,40960,-0.011173184357541888
2025-08-20,52800,53000,52300,52900,44104,-0.0037664783427495685
2025-08-21,53000,53500,52400,52500,42624,-0.007561436672967825
2025-08-22,52600,53300,52600,53000,37567,0.00952380952380949
2025-08-25,53600,54500,53400,53700,52358,0.013207547169811429
2025-08-26,53000,53900,53000,53100,54562,-0.011173184357541888
2025-08-27,53000,53300,52500,53100,38100,0.0
2025-08-28,52800,54000,52700,53700,50275,0.011299435028248483
2025-08-29,53700,54100,51400,51700,162627,-0.03724394785847296
2025-09-01,51800,52200,51200,51600,58070,-0.0019342359767892114
2025-09-02,51300,52700,51300,52700,76167,0.02131782945736438
2025-09-03,52300,53000,52300,52600,61050,-0.00189753320683117
2025-09-04,52600,52900,52300,52400,36096,-0.0038022813688213253
2025-09-05,52900,52900,52200,52400,35497,0.0
2025-09-08,52800,54200,52700,53500,137619,0.020992366412213803
2025-09-09,53600,53900,53100,53900,47551,0.007476635514018781
2025-09-10,54000,54700,54000,54100,80298,0.0037105751391466324
2025-09-11,54300,54600,53700,54200,81882,0.001848428835489857
2025-09-12,54600,54900,54100,54600,96386,0.007380073800737907
2025-09-15,54600,54800,53800,54400,49671,-0.00366300366300365
2025-09-16,54100,54400,53600,54200,53670,-0.003676470588235281
2025-09-17,54400,54400,53300,53500,50874,-0.01291512915129156
2025-09-18,53800,54200,53300,53600,55174,0.0018691588785046953
2025-09-19,54000,55300,53500,54900,155452,0.02425373134328357
2025-09-22,55400,55400,54600,55000,75427,0.0018214936247722413
2025-09-23,55500,58500,55300,57800,659133,0.050909090909091015
2025-09-24,57700,57700,55900,56600,163037,-0.02076124567474047
2025-09-25,56300,57300,55400,55900,127610,-0.012367491166077715
2025-09-26,58000,58100,54300,54700,375092,-0.02146690518783545
2025-09-29,55300,55400,54500,54700,65180,0.0
2025-09-30,54500,54700,53400,53500,84627,-0.021937842778793404
2025-10-01,54200,54300,53700,53900,58804,0.007476635514018781
2025-10-02,54500,54700,53900,54100,58732,0.0037105751391466324
2025-10-10,54700,54700,53700,53800,68522,-0.00554528650646946
2025-10-13,52800,53600,52600,53000,85992,-0.014869888475836479
2025-10-14,53000,53600,52200,52400,100932,-0.01132075471698113
2025-10-15,52500,54000,52500,53800,78714,0.026717557251908497
2025-10-16,54200,56200,53700,55800,188882,0.037174721189590976
2025-10-17,54700,57400,54700,56500,200219,0.012544802867383575
2025-10-20,56900,57100,55600,56900,125687,0.0070796460176991705
2025-10-21,58000,59000,57200,58200,228296,0.02284710017574687
2025-10-22,57700,58800,57300,58200,104755,0.0
2025-10-23,57700,58000,56100,56600,124970,-0.027491408934707917
2025-10-24,56900,57100,56400,56600,86305,0.0
2025-10-27,57400,62600,56800,62200,628290,0.09893992932862195
2025-10-28,66200,66800,63500,65000,639265,0.045016077170418
2025-10-29,65000,65200,63200,64000,219821,-0.01538461538461533
2025-10-30,66200,68300,61900,63000,374801,-0.015625
2025-10-31,64700,64800,62900,63800,192029,0.012698412698412653
2025-11-03,64900,65000,60800,64600,181885,0.012539184952978122
2025-11-04,64000,66900,63600,65200,332941,0.009287925696594534
2025-11-05,67200,67200,63100,64200,364830,-0.015337423312883458
2025-11-06,64900,66000,63700,64600,181644,0.006230529595015577
2025-11-07,63500,63800,61300,62100,200210,-0.03869969040247678
2025-11-10,62600,63000,60000,62300,129727,0.0032206119162641045
2025-11-11,62100,63000,61400,61600,112129,-0.011235955056179803
2025-11-12,62800,65200,62800,64700,286335,0.05032467532467533
2025-11-13,64700,68700,64200,66600,591477,0.029366306027820643
2025-11-14,65900,68100,64600,64800,397896,-0.027027027027026973
2025-11-17,66200,66200,63600,64200,147273,-0.0092592592592593
2025-11-18,64000,64300,61100,61600,146780,-0.04049844236760125
2025-11-19,62100,62400,59200,60500,195471,-0.017857142857142905
2025-11-20,61300,61800,60800,61100,60403,0.009917355371900749
2025-11-21,59100,60900,59100,60100,80940,-0.016366612111292977
2025-11-24,61200,61400,58400,59100,110488,-0.016638935108153063
2025-11-25,59700,60200,58300,58900,79127,-0.0033840947546531774
2025-11-26,59400,60700,58000,60100,83883,0.02037351443123936
2025-11-27,60800,60800,59800,59900,45848,-0.0033277870216306127
2025-11-28,60600,62300,60000,61900,136049,0.03338898163606019
2025-12-01,63100,64200,62700,63400,124503,0.024232633279483107
2025-12-02,63000,63200,61900,62400,63844,-0.01577287066246058
2025-12-03,63400,63400,62100,62400,45494,0.0
2025-12-04,63000,63000,61500,62100,62762,-0.004807692307692291
2025-12-05,62200,62600,61400,62000,62434,-0.0016103059581320522
2025-12-08,62600,63900,62400,62600,89004,0.00967741935483879
2025-12-09,62300,62800,61900,62300,40925,-0.004792332268370614
2025-12-10,62200,62600,61600,62000,42084,-0.0048154093097912964
2025-12-11,62400,64200,62100,62700,201362,0.011290322580645107
2025-12-12,63000,63100,62100,62900,68555,0.0031897926634769647
