Date,Open,High,Low,Close,Volume,Change
2022-01-03,10400,10900,10250,10850,1753519,0.048309178743961345
2022-01-04,10800,10800,10350,10450,1332377,-0.03686635944700456
2022-01-05,10450,10450,10050,10100,1063591,-0.03349282296650713
2022-01-06,9950,10100,9820,9920,1206732,-0.017821782178217838
2022-01-07,9990,10100,9950,10100,664108,0.01814516129032251
2022-01-10,9880,10000,9750,9930,1106068,-0.016831683168316847
2022-01-11,9870,9940,9460,9640,1441220,-0.029204431017119892
2022-01-12,9660,9840,9550,9740,1065922,0.010373443983402453
2022-01-13,9740,9750,8260,8900,4661322,-0.08624229979466114
2022-01-14,8770,8920,8590,8620,1044131,-0.03146067415730336
2022-01-17,8550,8550,8120,8130,1336570,-0.05684454756380508
2022-01-18,8040,8360,7870,7890,990021,-0.029520295202952074
2022-01-19,7710,7830,7530,7650,1265661,-0.03041825095057038
2022-01-20,7700,8020,7670,7850,971931,0.02614379084967311
2022-01-21,7800,8140,7750,7830,658172,-0.002547770700636942
2022-01-24,7790,7790,7190,7420,1028062,-0.05236270753512129
2022-01-25,7460,7560,6970,7250,1036741,-0.022911051212938016
2022-01-26,7200,7370,7010,7030,797048,-0.030344827586206935
2022-01-27,7030,7090,6580,6620,1222558,-0.05832147937411092
2022-01-28,6640,7200,6640,6950,772789,0.049848942598187396
2022-02-03,7070,7290,7060,7110,512554,0.02302158273381294
2022-02-04,7040,7140,6960,7080,437119,-0.00421940928270037
2022-02-07,7090,7380,6950,7300,574847,0.031073446327683607
2022-02-08,7250,7360,7150,7260,408936,-0.005479452054794498
2022-02-09,7290,7330,7180,7330,269782,0.009641873278236845
2022-02-10,7340,7570,7340,7500,541251,0.023192360163710735
2022-02-11,7410,7550,7300,7390,354447,-0.014666666666666717
2022-02-14,7210,7210,6810,6830,634087,-0.0757780784844384
2022-02-15,6730,6910,6490,6550,588842,-0.040995607613469986
2022-02-16,6760,7020,6750,6920,528763,0.056488549618320505
2022-02-17,6830,6900,6580,6680,670001,-0.034682080924855474
2022-02-18,6600,6740,6500,6740,493059,0.008982035928143617
2022-02-21,6600,6740,6520,6740,330597,0.0
2022-02-22,6550,6630,6400,6510,559629,-0.03412462908011871
2022-02-23,6550,6630,6530,6610,292007,0.015360983102918668
2022-02-24,6490,6590,6190,6240,673074,-0.055975794251134636
2022-02-25,6350,6450,6270,6340,420350,0.01602564102564097
2022-02-28,6280,6450,6230,6420,297109,0.012618296529968376
2022-03-02,6350,6790,6350,6630,512696,0.032710280373831724
2022-03-03,6670,7100,6630,7010,727255,0.05731523378582204
2022-03-04,7050,7200,6960,7000,535039,-0.0014265335235378318
2022-03-07,6950,6990,6800,6990,346233,-0.0014285714285714457
2022-03-08,6940,8000,6810,7400,3239028,0.05865522174535043
2022-03-10,7470,7870,7430,7640,1361273,0.03243243243243232
2022-03-11,7650,7750,7510,7700,543531,0.007853403141361293
2022-03-14,7630,7680,7220,7300,623123,-0.051948051948051965
2022-03-15,7280,7940,7280,7550,1844247,0.03424657534246567
2022-03-16,7630,7660,7470,7500,587114,-0.0066225165562914245
2022-03-17,7520,7740,7460,7640,718834,0.01866666666666661
2022-03-18,7610,7710,7460,7690,680239,0.00654450261780104
2022-03-21,7690,7790,7550,7700,559073,0.0013003901170351995
2022-03-22,7630,7730,7590,7700,441828,0.0
2022-03-23,7700,7850,7600,7690,680157,-0.0012987012987012436
2022-03-24,7660,7920,7640,7880,903738,0.024707412223667014
2022-03-25,7870,7980,7780,7980,691943,0.012690355329949332
2022-03-28,7850,7920,6580,7140,3005109,-0.10526315789473684
2022-03-29,7200,7550,7090,7340,816112,0.028011204481792618
2022-03-30,7350,7530,7260,7320,419333,-0.0027247956403270157
2022-03-31,7220,7380,7190,7270,299156,-0.006830601092896127
2022-04-01,7200,7230,7090,7210,320486,-0.008253094910591452
2022-04-04,7180,7350,7140,7290,287930,0.01109570041608876
2022-04-05,7280,7490,7280,7430,478436,0.019204389574760006
2022-04-06,7420,8490,7290,8210,5767039,0.10497981157469716
2022-04-07,8290,8450,8130,8160,2076973,-0.006090133982947665
2022-04-08,8290,8890,8280,8540,5173973,0.04656862745098045
2022-04-11,8490,8650,7880,8060,1470126,-0.05620608899297419
2022-04-12,7930,7940,7650,7790,1123687,-0.03349875930521096
2022-04-13,7790,8140,7790,7890,1237512,0.012836970474968012
2022-04-14,7810,7810,7260,7340,1504413,-0.06970849176172367
2022-04-15,7340,7440,7000,7250,710716,-0.012261580381471404
2022-04-18,7150,7240,7020,7060,727939,-0.026206896551724146
2022-04-19,7000,7250,7000,7150,604906,0.012747875354107707
2022-04-20,7220,7240,7100,7140,349278,-0.0013986013986013734
2022-04-21,7070,7160,7020,7150,463429,0.0014005602240896309
2022-04-22,7050,7190,6980,7110,355180,-0.005594405594405605
2022-04-25,7070,7070,6800,6830,569119,-0.039381153305203975
2022-04-26,6870,6960,6870,6910,186590,0.01171303074670571
2022-04-27,6720,6760,6440,6690,538427,-0.03183791606367581
2022-04-28,6730,6980,6700,6800,470882,0.01644245142002987
2022-04-29,6870,7230,6820,7160,739881,0.05294117647058827
2022-05-02,7080,7130,7000,7010,344892,-0.020949720670391025
2022-05-03,7070,7170,7000,7080,360576,0.009985734664764712
2022-05-04,7110,7110,6790,6850,486049,-0.03248587570621464
2022-05-06,6670,6740,6280,6710,470964,-0.020437956204379604
2022-05-09,6600,6670,6220,6320,1204602,-0.058122205663189264
2022-05-10,6150,6210,5930,6090,679204,-0.03639240506329111
2022-05-11,6110,6400,6110,6290,566644,0.03284072249589487
2022-05-12,6150,6260,6010,6050,368461,-0.038155802861685184
2022-05-13,6120,6170,6020,6130,289573,0.013223140495867813
2022-05-16,6240,6330,6160,6200,287733,0.011419249592169667
2022-05-17,6110,6240,6080,6200,247126,0.0
2022-05-18,6260,6330,6200,6330,287314,0.020967741935483897
2022-05-19,6150,6620,6110,6490,787025,0.025276461295418606
2022-05-20,6540,6800,6440,6670,765109,0.027734976887519247
2022-05-23,6720,6720,6500,6680,2606271,0.0014992503748125774
2022-05-24,6530,6530,6280,6340,522403,-0.050898203592814384
2022-05-25,6260,6320,6060,6100,679560,-0.03785488958990535
2022-05-26,6160,6260,5980,6080,560879,-0.003278688524590123
2022-05-27,6140,6150,6000,6070,403347,-0.00164473684210531
2022-05-30,6190,6250,6120,6180,435143,0.01812191103789118
2022-05-31,6220,6450,6180,6380,654712,0.032362459546925626
2022-06-02,6340,6360,6170,6190,456567,-0.029780564263322873
2022-06-03,6300,6340,6150,6220,672411,0.004846526655896577
2022-06-07,6220,6220,5500,5550,2456873,-0.10771704180064312
2022-06-08,5620,5630,5360,5370,962207,-0.032432432432432434
2022-06-09,5340,5430,4810,5070,1792076,-0.05586592178770955
2022-06-10,5030,5090,4920,4935,765955,-0.026627218934911268
2022-06-13,4795,4795,4510,4540,1450443,-0.08004052684903751
2022-06-14,4445,4650,4360,4570,955148,0.0066079295154184425
2022-06-15,4530,4685,4325,4410,820840,-0.035010940919037226
2022-06-16,4500,4560,4185,4185,842886,-0.05102040816326525
2022-06-17,4005,4275,3970,4160,782548,-0.005973715651135025
2022-06-20,4170,4210,3875,3955,722269,-0.049278846153846145
2022-06-21,3935,4040,3855,3985,565387,0.007585335018963413
2022-06-22,4000,4075,3750,3765,872807,-0.05520702634880803
2022-06-23,3750,3870,3610,3650,917150,-0.030544488711819362
2022-06-24,3650,3915,3640,3910,802404,0.0712328767123287
2022-06-27,3980,4200,3940,4175,639058,0.06777493606138107
2022-06-28,4150,4270,4095,4190,431741,0.00359281437125758
2022-06-29,4095,4265,4085,4230,313928,0.009546539379474916
2022-06-30,4295,4315,4130,4180,362991,-0.011820330969267157
2022-07-01,4160,4195,3955,4035,353173,-0.03468899521531099
2022-07-04,4060,4060,3805,3975,467087,-0.014869888475836479
2022-07-05,3970,4100,3965,4085,508064,0.02767295597484276
2022-07-06,4050,4515,4035,4150,1296283,0.01591187270501826
2022-07-07,4165,4415,4110,4400,554002,0.06024096385542177
2022-07-08,4420,4565,4260,4520,872764,0.027272727272727337
2022-07-11,4515,4595,4390,4405,526526,-0.025442477876106206
2022-07-12,4285,4360,4230,4280,437206,-0.028376844494892195
2022-07-13,4280,5560,4275,5150,21688983,0.20327102803738328
2022-07-14,5080,5240,4925,4960,3136269,-0.03689320388349515
2022-07-15,4955,5160,4895,5070,3455168,0.022177419354838745
2022-07-18,5120,5420,5020,5300,5919131,0.04536489151873768
2022-07-19,5380,5400,5180,5240,1996887,-0.01132075471698113
2022-07-20,5330,5690,5190,5230,5446874,-0.001908396946564861
2022-07-21,5230,5240,4915,4970,1666517,-0.0497131931166348
2022-07-22,4935,5070,4855,4860,854897,-0.02213279678068414
2022-07-25,4780,4840,4700,4715,794795,-0.029835390946502005
2022-07-26,4715,4890,4620,4860,835083,0.030752916224814353
2022-07-27,4890,4980,4820,4850,621668,-0.002057613168724326
2022-07-28,4875,4915,4770,4800,405247,-0.010309278350515427
2022-07-29,4815,4965,4775,4965,588585,0.034375000000000044
2022-08-01,4915,4940,4855,4870,439632,-0.019133937562940573
2022-08-02,4870,4870,4630,4725,638213,-0.02977412731006157
2022-08-03,4790,4955,4770,4825,718045,0.021164021164021163
2022-08-04,4855,5190,4805,4960,2331397,0.02797927461139893
2022-08-05,4975,5270,4950,5160,1964244,0.040322580645161255
2022-08-08,5230,5370,5100,5290,2280402,0.025193798449612448
2022-08-09,5250,5350,5150,5330,991568,0.007561436672967936
2022-08-10,5310,5320,5070,5100,912503,-0.04315196998123827
2022-08-11,5150,5230,5100,5170,540076,0.013725490196078383
2022-08-12,5170,5250,5090,5200,555755,0.005802707930367523
2022-08-16,5240,5290,5210,5240,471070,0.007692307692307665
2022-08-17,5250,5480,5150,5170,1280953,-0.013358778625954248
2022-08-18,5120,5150,5010,5080,487741,-0.01740812379110257
2022-08-19,5070,5080,4975,4985,486765,-0.01870078740157477
2022-08-22,4900,5060,4850,4955,487474,-0.006018054162487463
2022-08-23,4900,4955,4750,4760,500851,-0.039354187689202846
2022-08-24,4770,4855,4625,4715,469196,-0.009453781512605008
2022-08-25,4740,4960,4730,4920,761818,0.04347826086956519
2022-08-26,4935,4940,4800,4870,321199,-0.010162601626016232
2022-08-29,4600,4645,4530,4555,557627,-0.06468172484599588
2022-08-30,4555,4905,4555,4675,1339995,0.026344676180021898
2022-08-31,4655,4725,4550,4650,406428,-0.005347593582887722
2022-09-01,4630,4990,4580,4780,2368819,0.027956989247311936
2022-09-02,4815,4865,4650,4690,560834,-0.01882845188284521
2022-09-05,4705,4790,4370,4370,783838,-0.06823027718550112
2022-09-06,4290,4480,4290,4400,510074,0.006864988558352492
2022-09-07,4385,4430,4220,4305,421185,-0.021590909090909105
2022-09-08,4410,4435,4305,4345,279085,0.009291521486643362
2022-09-13,4650,5110,4650,4725,5097560,0.08745684695051792
2022-09-14,4580,4715,4445,4630,902747,-0.02010582010582007
2022-09-15,4655,4660,4405,4435,786901,-0.04211663066954641
2022-09-16,4385,4450,4200,4200,685013,-0.0529875986471251
2022-09-19,4170,4210,3985,4005,585839,-0.046428571428571375
2022-09-20,4005,4090,3990,4010,269660,0.0012484394506866447
2022-09-21,3950,4015,3860,3935,401988,-0.018703241895261846
2022-09-22,3870,3870,3750,3805,524737,-0.03303684879288438
2022-09-23,3765,3805,3605,3640,669623,-0.04336399474375818
2022-09-26,3500,3630,3390,3415,733452,-0.061813186813186816
2022-09-27,3370,3440,3285,3400,621802,-0.004392386530014614
2022-09-28,3385,3550,3255,3320,639551,-0.02352941176470591
2022-09-29,3395,3475,3280,3285,417152,-0.010542168674698815
2022-09-30,3195,3345,3185,3345,459849,0.0182648401826484
2022-10-04,3380,3435,3360,3430,385926,0.025411061285500747
2022-10-05,3500,3505,3260,3380,566475,-0.014577259475218707
2022-10-06,3390,4390,3355,3965,10236773,0.17307692307692313
2022-10-07,3905,4195,3830,3965,5215975,0.0
2022-10-11,3825,4350,3805,3895,4148258,-0.017654476670870167
2022-10-12,3895,4220,3895,4025,5574791,0.033376123234916566
2022-10-13,4045,4220,3775,3860,4000526,-0.04099378881987581
2022-10-14,3970,4170,3875,4000,4829237,0.03626943005181338
2022-10-17,3875,4130,3810,4025,2068478,0.006250000000000089
2022-10-18,4075,4170,4055,4130,2765486,0.026086956521739202
2022-10-19,4470,4520,4030,4070,4688370,-0.014527845036319653
2022-10-20,4020,4095,3855,3890,1336607,-0.04422604422604426
2022-10-21,3890,3900,3700,3710,974763,-0.046272493573264795
2022-10-24,3750,3850,3750,3805,631068,0.025606469002695365
2022-10-25,3805,4015,3805,3930,899164,0.03285151116951379
2022-10-26,3940,3985,3785,3810,648989,-0.03053435114503822
2022-10-27,3825,3975,3810,3975,651209,0.04330708661417315
2022-10-28,3980,3980,3855,3865,569389,-0.02767295597484276
2022-10-31,3945,4095,3925,4095,1181393,0.05950840879689512
2022-11-01,4100,4145,4035,4070,961658,-0.006105006105006083
2022-11-02,4065,4090,3950,4070,1039568,0.0
2022-11-03,4045,4190,3970,4010,1380489,-0.014742014742014753
2022-11-04,4030,4395,4000,4135,3696777,0.0311720698254363
2022-11-07,4180,4320,4135,4290,1581645,0.037484885126964906
2022-11-08,4355,4570,4340,4380,3635799,0.020979020979021046
2022-11-09,4400,4560,4290,4545,1976290,0.03767123287671237
2022-11-10,4420,4480,4330,4355,962624,-0.04180418041804179
2022-11-11,4440,4595,4250,4415,2239332,0.013777267508610747
2022-11-14,4650,4670,4075,4075,3738033,-0.07701019252548136
2022-11-15,4070,4070,3895,3995,1347963,-0.019631901840490795
2022-11-16,4020,4040,3935,3945,723962,-0.01251564455569465
2022-11-17,3960,4080,3945,4040,772868,0.02408111533586821
2022-11-18,4040,4060,3920,3945,711315,-0.023514851485148536
2022-11-21,3975,4005,3815,3820,624016,-0.03168567807351075
2022-11-22,3800,3915,3800,3845,462516,0.00654450261780104
2022-11-23,3865,3915,3840,3880,382737,0.00910273081924573
2022-11-24,3845,3910,3835,3885,348598,0.0012886597938144284
2022-11-25,3885,3905,3850,3870,321191,-0.0038610038610038533
2022-11-28,3870,3870,3675,3680,596980,-0.04909560723514217
2022-11-29,3615,3725,3615,3690,389766,0.0027173913043478937
2022-11-30,3690,3690,3605,3650,408053,-0.010840108401083959
2022-12-01,3705,3710,3620,3620,424989,-0.008219178082191747
2022-12-02,3600,3775,3540,3765,809943,0.04005524861878462
2022-12-05,3780,3860,3735,3800,465066,0.009296148738379806
2022-12-06,3760,3835,3715,3780,258295,-0.0052631578947368585
2022-12-07,3765,3900,3530,3825,559430,0.011904761904761862
2022-12-08,3840,3985,3800,3965,655873,0.036601307189542576
2022-12-09,3955,4030,3910,4005,798455,0.010088272383354413
2022-12-12,3950,4175,3925,4010,1451710,0.0012484394506866447
2022-12-13,3940,4080,3830,3910,1401052,-0.02493765586034913
2022-12-14,3950,4130,3950,4110,1361814,0.051150895140664954
2022-12-15,4080,4265,4070,4150,1371554,0.009732360097323589
2022-12-16,4080,4415,3960,4355,3061109,0.049397590361445864
2022-12-19,4345,4420,4075,4410,1771191,0.012629161882893314
2022-12-20,4550,4555,4280,4305,1576911,-0.023809523809523836
2022-12-21,4280,4295,4030,4075,822884,-0.05342624854819977
2022-12-22,4120,4125,4025,4050,514191,-0.006134969325153339
2022-12-23,3980,4065,3870,3870,991032,-0.0444444444444444
2022-12-26,3870,3890,3705,3750,685925,-0.03100775193798455
2022-12-27,3785,3950,3785,3875,901229,0.03333333333333344
2022-12-28,3905,4055,3875,4000,739411,0.032258064516129004
2022-12-29,3985,4010,3885,3995,471551,-0.0012499999999999734
2023-01-02,4020,4145,4010,4060,527966,0.016270337922402955
2023-01-03,4025,4160,3910,4070,770344,0.0024630541871921707
2023-01-04,4145,4145,3945,3985,827646,-0.020884520884520863
2023-01-05,4020,4100,3970,4000,450355,0.0037641154328733606
2023-01-06,3950,4015,3950,3995,300289,-0.0012499999999999734
2023-01-09,4035,4090,4015,4030,464792,0.008760951188986343
2023-01-10,4005,4090,3955,3960,624835,-0.017369727047146455
2023-01-11,3970,4045,3965,4005,303750,0.011363636363636465
2023-01-12,4015,4065,3975,4065,619555,0.014981273408239737
2023-01-13,4040,4050,3940,3960,701226,-0.02583025830258301
2023-01-16,3935,3965,3920,3935,407225,-0.0063131313131312705
2023-01-17,3910,3960,3835,3860,452825,-0.019059720457433316
2023-01-18,3820,3860,3800,3810,392635,-0.012953367875647714
2023-01-19,3750,3845,3750,3800,229451,-0.002624671916010457
2023-01-20,3785,3820,3765,3775,273175,-0.006578947368421018
2023-01-25,3810,3830,3780,3830,320984,0.014569536423840956
2023-01-26,3830,3905,3830,3890,361770,0.015665796344647598
2023-01-27,3925,3935,3845,3850,331613,-0.010282776349614386
2023-01-30,3850,3870,3770,3780,314442,-0.018181818181818188
2023-01-31,3730,3795,3730,3790,264701,0.002645502645502562
2023-02-01,3790,3875,3760,3815,520114,0.006596306068601621
2023-02-02,3855,3870,3795,3870,537161,0.014416775884665833
2023-02-03,3890,3910,3835,3890,601681,0.0051679586563306845
2023-02-06,3885,3885,3800,3840,325472,-0.01285347043701801
2023-02-07,3830,3870,3800,3840,330297,0.0
2023-02-08,3855,3920,3820,3910,548060,0.01822916666666674
2023-02-09,3900,3900,3810,3840,478120,-0.01790281329923271
2023-02-10,3830,3830,3740,3745,577969,-0.02473958333333337
2023-02-13,3755,4130,3750,3805,4604313,0.01602136181575431
2023-02-14,3820,3855,3800,3815,511619,0.0026281208935610145
2023-02-15,3810,3850,3745,3815,592897,0.0
2023-02-16,3815,3875,3800,3840,418284,0.006553079947575258
2023-02-17,3800,3855,3790,3800,385993,-0.01041666666666663
2023-02-20,3800,3825,3745,3815,378151,0.003947368421052699
2023-02-21,3795,3855,3790,3790,447202,-0.006553079947575369
2023-02-22,3750,3770,3735,3755,354794,-0.00923482849604218
2023-02-23,3770,3770,3725,3745,280530,-0.0026631158455392434
2023-02-24,3735,3735,3600,3615,583806,-0.03471295060080104
2023-02-27,3555,3610,3550,3570,260393,-0.012448132780082943
2023-02-28,3565,3600,3560,3585,241568,0.004201680672268893
2023-03-02,3585,3900,3520,3670,1216690,0.023709902370990132
2023-03-03,3700,3700,3605,3640,269176,-0.008174386920980936
2023-03-06,3640,3645,3540,3555,368117,-0.02335164835164838
2023-03-07,3555,3620,3525,3615,338412,0.016877637130801704
2023-03-08,3590,3605,3565,3575,224906,-0.011065006915629283
2023-03-09,3565,3710,3550,3635,493496,0.016783216783216703
2023-03-10,3585,3615,3555,3600,268957,-0.009628610729023435
2023-03-13,3530,3585,3440,3440,519477,-0.0444444444444444
2023-03-14,3390,3435,3225,3225,625801,-0.0625
2023-03-15,3250,3330,3215,3225,285950,0.0
2023-03-16,3190,3360,3095,3305,633197,0.024806201550387597
2023-03-17,3305,3365,3245,3330,417788,0.0075642965204236745
2023-03-20,3300,3420,3295,3380,344197,0.01501501501501501
2023-03-21,3350,3395,3235,3280,455178,-0.029585798816568087
2023-03-22,3285,3300,3195,3250,397914,-0.009146341463414642
2023-03-23,3190,3215,3155,3155,490598,-0.029230769230769282
2023-03-24,3170,3205,3110,3160,332947,0.0015847860538826808
2023-03-27,3165,3355,3115,3310,872622,0.04746835443037978
2023-03-28,3315,3325,3250,3285,274116,-0.007552870090634434
2023-03-29,3300,3300,3190,3210,316996,-0.022831050228310557
2023-03-30,3215,3365,3180,3285,407825,0.02336448598130847
2023-03-31,3270,3295,3215,3245,277863,-0.0121765601217656
2023-04-03,3245,3270,3215,3235,318995,-0.0030816640986132127
2023-04-04,3210,3400,3210,3400,685661,0.051004636785162205
2023-04-05,3400,3605,3375,3590,1305115,0.055882352941176494
2023-04-06,3615,3750,3515,3675,2566080,0.023676880222841312
2023-04-07,3690,3690,3530,3560,744281,-0.03129251700680269
2023-04-10,3560,3570,3400,3510,635906,-0.014044943820224698
2023-04-11,3450,3510,3375,3475,550652,-0.009971509971509973
2023-04-12,3440,3600,3430,3575,589393,0.02877697841726623
2023-04-13,3650,3665,3515,3550,563177,-0.006993006993006978
2023-04-14,3610,3795,3600,3715,1704250,0.04647887323943656
2023-04-17,3800,3805,3560,3570,800069,-0.03903095558546432
2023-04-18,3525,3600,3460,3505,614491,-0.018207282913165312
2023-04-19,3490,3505,3405,3420,574725,-0.024251069900142697
2023-04-20,3420,3500,3245,3255,917717,-0.04824561403508776
2023-04-21,3255,3305,3230,3250,309470,-0.001536098310291889
2023-04-24,3220,3290,3205,3255,266835,0.0015384615384614886
2023-04-25,3230,3270,3170,3195,327291,-0.018433179723502335
2023-04-26,3170,3230,3155,3165,299144,-0.009389671361502372
2023-04-27,3160,3195,3090,3190,387751,0.00789889415481837
2023-04-28,3190,3235,3150,3180,256351,-0.0031347962382445305
2023-05-02,3200,3240,3135,3150,413329,-0.009433962264150941
2023-05-03,3105,3175,3105,3115,216324,-0.011111111111111072
2023-05-04,3110,3255,3105,3255,376999,0.04494382022471921
2023-05-08,3280,3290,3165,3200,533448,-0.016897081413210446
2023-05-09,3155,3205,3110,3120,423853,-0.025000000000000022
2023-05-10,3120,3135,3095,3115,312009,-0.0016025641025640969
2023-05-11,3105,3140,3095,3115,299585,0.0
2023-05-12,3090,3110,3010,3020,487392,-0.0304975922953451
2023-05-15,3005,3015,2890,2920,675016,-0.0331125827814569
2023-05-16,2890,2950,2860,2870,320933,-0.017123287671232834
2023-05-17,2845,2965,2845,2965,205581,0.03310104529616731
2023-05-18,2950,3010,2880,2915,372720,-0.016863406408094472
2023-05-19,2915,2950,2905,2940,216993,0.00857632933104635
2023-05-22,2910,2995,2900,2980,339177,0.013605442176870763
2023-05-23,2980,3030,2935,3020,471710,0.01342281879194629
2023-05-24,3010,3055,2965,3000,400929,-0.0066225165562914245
2023-05-25,2995,3010,2885,2900,366682,-0.033333333333333326
2023-05-26,2950,3020,2895,2940,459485,0.01379310344827589
2023-05-30,2910,2980,2885,2970,337387,0.010204081632652962
2023-05-31,2950,2995,2930,2980,242601,0.0033670033670034627
2023-06-01,2990,3140,2970,3110,793471,0.043624161073825496
2023-06-02,3120,3125,3050,3065,337662,-0.014469453376205754
2023-06-05,3065,3090,3000,3015,236224,-0.01631321370309946
2023-06-07,3065,3065,2975,2980,236301,-0.011608623548922004
2023-06-08,2980,3060,2930,3005,411473,0.008389261744966348
2023-06-09,2980,3050,2970,3005,224855,0.0
2023-06-12,3050,3050,2930,2990,210217,-0.004991680532445919
2023-06-13,2965,3005,2955,2975,161576,-0.0050167224080267525
2023-06-14,2975,2985,2845,2900,469953,-0.025210084033613467
2023-06-15,2880,2905,2600,2640,838399,-0.08965517241379306
2023-06-16,2620,2715,2370,2370,2807839,-0.10227272727272729
2023-06-19,2365,2440,2360,2405,629666,0.014767932489451407
2023-06-20,2375,2400,2285,2300,767741,-0.043659043659043606
2023-06-21,2275,2310,2220,2240,610716,-0.02608695652173909
2023-06-22,2220,2255,2170,2185,589101,-0.024553571428571397
2023-06-23,2185,2235,2125,2125,658985,-0.027459954233409634
2023-06-26,2145,2225,2080,2225,618888,0.04705882352941182
2023-06-27,2240,2240,2160,2180,371149,-0.020224719101123556
2023-06-28,2210,2405,2185,2245,1550506,0.029816513761467878
2023-06-29,2260,2555,2215,2430,1830089,0.08240534521158138
2023-06-30,2375,2390,2300,2330,599305,-0.04115226337448563
2023-07-03,2335,2400,2275,2310,441967,-0.008583690987124415
2023-07-04,2285,2285,2235,2260,301275,-0.02164502164502169
2023-07-05,2265,2295,2230,2255,305300,-0.0022123893805309214
2023-07-06,2240,2260,2155,2175,294456,-0.03547671840354771
2023-07-07,2145,2220,2130,2210,263597,0.016091954022988464
2023-07-10,2185,2205,2075,2075,619972,-0.06108597285067874
2023-07-11,2055,2145,2055,2145,399454,0.033734939759036076
2023-07-12,2115,2145,2085,2135,295582,-0.004662004662004615
2023-07-13,1813,2030,1795,1985,2964175,-0.07025761124121777
2023-07-14,1988,2090,1988,2090,778120,0.05289672544080615
2023-07-17,2075,2090,1999,2045,408856,-0.021531100478468845
2023-07-18,2025,2050,1983,1998,309606,-0.022982885085574556
2023-07-19,1996,2175,1950,2140,1226720,0.07107107107107113
2023-07-20,2120,2170,2110,2160,294874,0.009345794392523255
2023-07-21,2155,2295,2110,2185,764297,0.011574074074074181
2023-07-24,2175,2185,2005,2025,668473,-0.07322654462242562
2023-07-25,2060,2060,1961,1961,523888,-0.03160493827160493
2023-07-26,1953,1961,1859,1883,592219,-0.03977562468128504
2023-07-27,1830,2025,1830,1999,443443,0.06160382368560802
2023-07-28,1999,2030,1945,2015,270021,0.008004002001000599
2023-07-31,2025,2025,1987,2020,189926,0.002481389578163684
2023-08-01,2010,2095,2010,2080,354799,0.02970297029702973
2023-08-02,2080,2085,1997,2035,283335,-0.02163461538461542
2023-08-03,2030,2175,1995,2140,612815,0.051597051597051635
2023-08-04,2100,2155,2020,2060,371634,-0.03738317757009346
2023-08-07,2035,2105,2005,2065,307663,0.0024271844660195274
2023-08-08,2045,2060,1984,1986,387407,-0.038256658595641646
2023-08-09,1986,2360,1982,2280,4171904,0.14803625377643503
2023-08-10,2240,2360,2215,2260,1023547,-0.00877192982456143
2023-08-11,2240,2285,2180,2245,393973,-0.006637168141592875
2023-08-14,2235,2275,2180,2215,427612,-0.013363028953229383
2023-08-16,2135,2195,2095,2120,506083,-0.04288939051918739
2023-08-17,2100,2120,2030,2075,343558,-0.021226415094339646
2023-08-18,2035,2060,1996,2030,293124,-0.02168674698795181
2023-08-21,2010,2065,2000,2035,246068,0.0024630541871921707
2023-08-22,2025,2055,2010,2045,177998,0.004914004914004844
2023-08-23,2040,2105,2030,2060,422198,0.007334963325183352
2023-08-24,2060,2085,2010,2035,362332,-0.012135922330097082
2023-08-25,2030,2050,1980,1980,282369,-0.027027027027026973
2023-08-28,1982,2015,1966,1980,254530,0.0
2023-08-29,1968,1997,1941,1972,506276,-0.004040404040404066
2023-08-30,1974,1997,1959,1990,265555,0.009127789046653234
2023-08-31,1992,2105,1966,1970,600214,-0.01005025125628145
2023-09-01,1986,1986,1891,1891,546578,-0.04010152284263957
2023-09-04,1892,1927,1861,1868,280091,-0.012162876784770016
2023-09-05,1868,1889,1844,1887,205242,0.010171306209850073
2023-09-06,1887,1890,1841,1854,400807,-0.01748807631160576
2023-09-07,1850,1865,1800,1838,267301,-0.008629989212513456
2023-09-08,1834,1872,1834,1863,217794,0.013601741022850833
2023-09-11,1865,1884,1835,1876,228276,0.006977992485238893
2023-09-12,1876,1922,1855,1870,331809,-0.0031982942430703876
2023-09-13,1870,1981,1808,1868,640371,-0.0010695187165775666
2023-09-14,1888,1890,1810,1844,295958,-0.012847965738758016
2023-09-15,1838,1848,1817,1839,234674,-0.0027114967462038564
2023-09-18,1839,1839,1808,1815,204760,-0.013050570962479635
2023-09-19,1813,1815,1793,1799,241704,-0.008815426997245135
2023-09-20,1799,1810,1769,1769,243338,-0.016675931072818284
2023-09-21,1765,1769,1670,1676,451639,-0.0525720746184285
2023-09-22,1650,1675,1591,1628,548779,-0.02863961813842486
2023-09-25,1647,1647,1580,1591,311242,-0.022727272727272707
2023-09-26,1601,1630,1565,1571,206491,-0.012570710245128902
2023-09-27,1558,1658,1555,1650,345272,0.050286441756842715
2023-10-04,1660,1682,1578,1583,292622,-0.040606060606060645
2023-10-05,1584,1620,1575,1599,171762,0.010107391029690493
2023-10-06,1565,1653,1565,1629,125512,0.018761726078799335
2023-10-10,1620,1657,1580,1581,168698,-0.029465930018416242
2023-10-11,1573,1630,1573,1616,119795,0.0221378874130298
2023-10-12,1630,1657,1608,1642,112301,0.016089108910890992
2023-10-13,1655,1655,1596,1598,128513,-0.02679658952496955
2023-10-16,1600,1600,1552,1570,155298,-0.017521902377972465
2023-10-17,1580,1605,1570,1574,114751,0.002547770700636942
2023-10-18,1595,1595,1552,1553,122565,-0.013341804320203265
2023-10-19,1550,1576,1483,1491,266183,-0.039922730199613676
2023-10-20,1490,1520,1435,1446,277134,-0.030181086519114664
2023-10-23,1450,1497,1305,1339,1277750,-0.07399723374827105
2023-10-24,1350,1428,1312,1425,372487,0.06422703510082162
2023-10-25,1425,1449,1403,1414,130719,-0.007719298245614015
2023-10-26,1390,1390,1317,1377,296246,-0.026166902404526127
2023-10-27,1368,1399,1265,1279,763398,-0.07116920842411034
2023-10-30,1270,1346,1270,1323,487299,0.03440187646598902
2023-10-31,1335,1340,1180,1208,1115456,-0.08692365835222982
2023-11-01,1215,1277,1210,1265,458426,0.04718543046357615
2023-11-02,1280,1332,1279,1327,295033,0.04901185770750982
2023-11-03,1321,1388,1307,1381,308601,0.04069329314242642
2023-11-06,1391,1470,1385,1442,349898,0.04417089065894286
2023-11-07,1438,1450,1369,1424,495873,-0.012482662968099856
2023-11-08,1425,1520,1401,1422,893337,-0.001404494382022503
2023-11-09,1414,1447,1400,1425,136505,0.0021097046413502962
2023-11-10,1429,1440,1381,1425,266267,0.0
2023-11-13,1425,1450,1407,1420,216819,-0.0035087719298245723
2023-11-14,1420,1461,1420,1459,180334,0.02746478873239444
2023-11-15,1548,1650,1493,1517,2666129,0.039753255654557895
2023-11-16,1523,1523,1471,1493,336131,-0.015820698747528006
2023-11-17,1490,1672,1445,1540,2591894,0.031480241125251274
2023-11-20,1536,1634,1470,1572,1166754,0.020779220779220786
2023-11-21,1573,1580,1529,1568,442830,-0.0025445292620864812
2023-11-22,1551,1552,1507,1513,289705,-0.035076530612244916
2023-11-23,1517,1585,1501,1555,423508,0.027759418374091238
2023-11-24,1570,1570,1528,1547,184133,-0.005144694533762095
2023-11-27,1546,1546,1509,1517,202748,-0.019392372333548846
2023-11-28,1517,1590,1510,1528,641769,0.007251153592616966
2023-11-29,1519,1547,1500,1532,342345,0.002617801047120505
2023-11-30,1537,1537,1499,1511,245459,-0.013707571801566565
2023-12-01,1511,1525,1495,1522,178558,0.007279947054930513
2023-12-04,1522,1605,1505,1600,504580,0.05124835742444156
2023-12-05,1600,1780,1589,1725,1369081,0.078125
2023-12-06,1715,1720,1675,1712,386833,-0.007536231884057942
2023-12-07,1700,1763,1694,1734,349665,0.012850467289719614
2023-12-08,1736,1762,1700,1727,241277,-0.0040369088811995635
2023-12-11,1727,1750,1689,1700,272810,-0.015634047481181246
2023-12-12,1700,1710,1663,1673,252646,-0.01588235294117646
2023-12-13,1673,1700,1635,1645,198881,-0.01673640167364021
2023-12-14,1660,1792,1657,1737,762893,0.05592705167173251
2023-12-15,1737,1780,1718,1764,219801,0.015544041450777257
2023-12-18,1755,1775,1725,1750,193105,-0.007936507936507908
2023-12-19,1733,1748,1714,1735,234532,-0.008571428571428563
2023-12-20,1734,1748,1688,1707,377971,-0.016138328530259316
2023-12-21,1705,1705,1657,1662,235329,-0.026362038664323406
2023-12-22,1675,1709,1657,1703,337116,0.02466907340553548
2023-12-26,1728,1960,1712,1840,2331964,0.08044627128596593
2023-12-27,1833,1868,1820,1858,459673,0.009782608695652284
2023-12-28,1841,2030,1840,2025,1373312,0.08988159311087185
2024-01-02,2055,2110,1985,2110,899001,0.041975308641975406
2024-01-03,2130,2130,2005,2025,556146,-0.04028436018957349
2024-01-04,2005,2080,1992,2005,519617,-0.00987654320987652
2024-01-05,1992,1995,1879,1900,688737,-0.052369077306733125
2024-01-08,1915,1917,1868,1911,356891,0.0057894736842105665
2024-01-09,1912,1937,1907,1932,168395,0.01098901098901095
2024-01-10,1918,1943,1880,1941,182441,0.004658385093167627
2024-01-11,1930,2120,1925,2065,858933,0.06388459556929416
2024-01-12,2065,2065,1933,1960,607860,-0.05084745762711862
2024-01-15,1934,1940,1850,1910,255939,-0.025510204081632626
2024-01-16,1910,1927,1803,1826,365704,-0.043979057591623016
2024-01-17,1826,1854,1710,1748,421548,-0.042716319824753546
2024-01-18,1768,1768,1695,1730,179804,-0.010297482837528626
2024-01-19,1880,1975,1694,1735,1933589,0.0028901734104045396
2024-01-22,1750,1860,1750,1780,599716,0.025936599423631135
2024-01-23,1840,1840,1737,1773,214230,-0.00393258426966292
2024-01-24,1759,1759,1680,1707,377282,-0.0372250423011844
2024-01-25,1707,1707,1637,1641,318587,-0.038664323374341
2024-01-26,1650,1705,1643,1679,164885,0.023156611822059636
2024-01-29,1683,1704,1655,1696,173286,0.010125074449076843
2024-01-30,1696,1710,1661,1685,180430,-0.006485849056603765
2024-01-31,1670,1685,1605,1606,294444,-0.04688427299703268
2024-02-01,1600,1620,1568,1595,166892,-0.006849315068493178
2024-02-02,1600,1628,1600,1618,110370,0.014420062695924774
2024-02-05,1618,1641,1590,1595,156073,-0.014215080346106301
2024-02-06,1586,1610,1540,1592,143744,-0.0018808777429467627
2024-02-07,1612,1612,1574,1593,122199,0.0006281407035175768
2024-02-08,1592,1739,1587,1640,353580,0.029504080351538065
2024-02-13,1631,1678,1620,1660,213955,0.012195121951219523
2024-02-14,1639,1668,1620,1643,160564,-0.010240963855421725
2024-02-15,1649,1650,1610,1620,197180,-0.013998782714546576
2024-02-16,1620,1629,1590,1614,223470,-0.0037037037037036535
2024-02-19,1610,1617,1592,1600,135777,-0.008674101610904539
2024-02-20,1600,1620,1589,1606,181895,0.00374999999999992
2024-02-21,1616,1616,1583,1591,145904,-0.009339975093399788
2024-02-22,1597,1599,1573,1586,154829,-0.00314267756128217
2024-02-23,1586,1592,1552,1576,189638,-0.006305170239596425
2024-02-26,1580,1715,1561,1665,694636,0.056472081218274184
2024-02-27,1682,1764,1635,1743,699924,0.04684684684684681
2024-02-28,1750,1806,1693,1708,553320,-0.02008032128514059
2024-02-29,1717,1720,1596,1639,360930,-0.040398126463700224
2024-03-04,1639,1661,1626,1647,189449,0.004881025015253115
2024-03-05,1644,1645,1585,1610,344699,-0.022465088038858494
2024-03-06,1604,1640,1593,1608,289038,-0.001242236024844745
2024-03-07,1601,1712,1601,1668,501971,0.03731343283582089
2024-03-08,1662,1680,1640,1680,186958,0.007194244604316502
2024-03-11,1699,1699,1617,1617,299588,-0.03749999999999998
2024-03-12,1624,1644,1606,1619,160321,0.0012368583797155441
2024-03-13,1616,1647,1594,1610,266968,-0.005558987029030238
2024-03-14,1600,1629,1582,1607,242233,-0.0018633540372671176
2024-03-15,1607,1612,1568,1581,324513,-0.016179215930304913
2024-03-18,1567,1624,1566,1592,289503,0.006957621758380661
2024-03-19,1593,1616,1540,1558,358338,-0.021356783919597944
2024-03-20,1558,1588,1547,1547,223796,-0.007060333761232385
2024-03-21,1547,1594,1547,1565,349866,0.011635423400129241
2024-03-22,1581,1893,1580,1800,3353948,0.15015974440894575
2024-03-25,1879,1977,1811,1878,2329932,0.043333333333333224
2024-03-26,1877,1877,1786,1835,636336,-0.02289669861554844
2024-03-27,1841,1850,1700,1721,699254,-0.06212534059945507
2024-03-28,1700,1742,1680,1708,333682,-0.00755374782103424
2024-03-29,1700,1757,1666,1679,370541,-0.016978922716627598
2024-04-01,1680,1700,1660,1691,164670,0.007147111375819026
2024-04-02,1698,1700,1638,1638,315047,-0.03134240094618568
2024-04-03,1637,1637,1592,1602,230187,-0.02197802197802201
2024-04-04,1602,1627,1578,1594,250685,-0.004993757802746579
2024-04-05,1569,1592,1565,1579,253458,-0.00941028858218318
2024-04-08,1584,1598,1475,1506,537098,-0.046231792273590866
2024-04-09,1505,1505,1425,1447,530679,-0.03917662682602918
2024-04-11,1447,1725,1439,1558,3349420,0.07671043538355216
2024-04-12,1555,1557,1490,1505,424180,-0.034017971758664944
2024-04-15,1499,1499,1435,1435,385542,-0.046511627906976716
2024-04-16,1431,1444,1299,1378,556138,-0.03972125435540075
2024-04-17,1350,1394,1346,1368,282735,-0.007256894049346929
2024-04-18,1360,1413,1355,1410,299751,0.030701754385964897
2024-04-19,1409,1409,1356,1379,210737,-0.021985815602836856
2024-04-22,1362,1403,1359,1365,226254,-0.010152284263959421
2024-04-23,1367,1406,1367,1389,233859,0.01758241758241752
2024-04-24,1378,1414,1378,1400,166134,0.007919366450684029
2024-04-25,1409,1818,1396,1651,10462987,0.17928571428571427
2024-04-26,1623,1690,1540,1549,2205824,-0.06178073894609326
2024-04-29,1549,1631,1536,1624,761458,0.048418334409296326
2024-04-30,1625,2010,1600,1830,8898046,0.12684729064039413
2024-05-02,1799,1917,1761,1850,2877162,0.010928961748633892
2024-05-03,1857,1891,1821,1829,955174,-0.011351351351351346
2024-05-07,1830,1834,1760,1795,875892,-0.018589393110989616
2024-05-08,1795,2005,1760,1929,3817502,0.07465181058495829
2024-05-09,1929,1939,1875,1888,884492,-0.021254536029030602
2024-05-10,1900,1976,1872,1954,1072901,0.03495762711864403
2024-05-13,1970,1970,1902,1930,792441,-0.0122824974411464
2024-05-14,1935,2120,1905,1972,1709345,0.021761658031087983
2024-05-16,2010,2035,1933,1959,744757,-0.006592292089249496
2024-05-17,1930,1939,1855,1860,907487,-0.050535987748851485
2024-05-20,1861,1865,1776,1792,791937,-0.03655913978494618
2024-05-21,1778,1850,1759,1824,485825,0.017857142857142794
2024-05-22,1830,2100,1790,1900,4779494,0.04166666666666674
2024-05-23,1901,1984,1874,1895,923270,-0.0026315789473684292
2024-05-24,1866,1958,1855,1909,608801,0.0073878627968337884
2024-05-27,1911,1942,1890,1934,590954,0.013095861707700385
2024-05-28,1950,1950,1891,1924,522938,-0.005170630816959676
2024-05-29,1924,1926,1828,1840,536163,-0.043659043659043606
2024-05-30,1856,1872,1810,1853,275164,0.00706521739130439
2024-05-31,1856,1856,1750,1770,575043,-0.04479222881813272
2024-06-03,1750,2090,1750,1879,4694250,0.06158192090395476
2024-06-04,1880,1906,1736,1736,1383857,-0.0761043108036189
2024-06-05,1752,1752,1610,1683,921620,-0.03052995391705071
2024-06-07,1686,1742,1686,1715,433498,0.019013666072489555
2024-06-10,1716,1721,1635,1651,440512,-0.03731778425655974
2024-06-11,1652,1676,1627,1628,302911,-0.013930950938824904
2024-06-12,1628,1648,1612,1618,200822,-0.00614250614250611
2024-06-13,1618,1646,1593,1601,378894,-0.010506798516687232
2024-06-14,1627,1627,1561,1584,260990,-0.010618363522798213
2024-06-17,1556,1589,1552,1569,143194,-0.009469696969697017
2024-06-18,1574,1685,1574,1646,505524,0.04907584448693436
2024-06-19,1645,1805,1618,1662,1735033,0.009720534629404698
2024-06-20,1658,1658,1600,1647,335585,-0.009025270758122761
2024-06-21,1631,1658,1613,1613,255298,-0.020643594414086253
2024-06-24,1600,1636,1573,1580,312487,-0.020458772473651576
2024-06-25,1585,1639,1580,1610,182398,0.018987341772152
2024-06-26,1629,1680,1605,1658,472433,0.029813664596273215
2024-06-27,1675,1683,1621,1644,341956,-0.008443908323281013
2024-06-28,1629,1647,1595,1600,320057,-0.02676399026763987
2024-07-01,1583,1615,1567,1582,321511,-0.011249999999999982
2024-07-02,1572,1596,1547,1558,243436,-0.015170670037926715
2024-07-03,1570,1580,1535,1554,272442,-0.0025673940949936247
2024-07-04,1547,1578,1540,1553,244211,-0.0006435006435006052
2024-07-05,1555,1605,1509,1551,397076,-0.0012878300064391723
2024-07-08,1552,1565,1534,1562,272565,0.007092198581560183
2024-07-09,1562,1590,1545,1556,254756,-0.003841229193341844
2024-07-10,1556,1574,1534,1548,223177,-0.005141388174807249
2024-07-11,1551,1554,1501,1501,365393,-0.030361757105943132
2024-07-12,1502,1532,1475,1495,284595,-0.003997335109926725
2024-07-15,1485,1520,1470,1509,314285,0.00936454849498336
2024-07-16,1502,1502,1456,1465,347009,-0.029158383035122637
2024-07-17,1464,1537,1464,1523,397665,0.03959044368600684
2024-07-18,1510,1522,1487,1502,268259,-0.013788575180564644
2024-07-19,1503,1523,1490,1520,224634,0.011984021304926706
2024-07-22,1520,1520,1470,1479,367239,-0.02697368421052626
2024-07-23,1479,1515,1479,1487,194441,0.005409060175794567
2024-07-24,1463,1522,1463,1505,769069,0.012104909213180859
2024-07-25,1505,1508,1426,1433,540478,-0.04784053156146184
2024-07-26,1468,1468,1418,1422,353622,-0.007676203768318235
2024-07-29,1413,1448,1412,1437,194392,0.010548523206751037
2024-07-30,1435,1464,1419,1439,255266,0.0013917884481557952
2024-07-31,1444,1497,1430,1465,391997,0.018068102849200907
2024-08-01,1475,1539,1467,1510,381397,0.030716723549488067
2024-08-02,1497,1508,1430,1442,399271,-0.04503311258278142
2024-08-05,1443,1563,1200,1340,1174524,-0.07073509015256585
2024-08-06,1300,1397,1300,1342,940978,0.0014925373134329067
2024-08-07,1306,1430,1306,1418,497288,0.05663189269746649
2024-08-08,1420,1428,1396,1422,345635,0.0028208744710860323
2024-08-09,1418,1455,1418,1432,250192,0.007032348804500765
2024-08-12,1432,1490,1431,1475,275806,0.0300279329608939
2024-08-13,1476,1480,1417,1428,363894,-0.03186440677966107
2024-08-14,1441,1461,1421,1434,277330,0.004201680672268893
2024-08-16,1445,1472,1415,1436,448985,0.001394700139470073
2024-08-19,1436,1449,1401,1414,382622,-0.01532033426183843
2024-08-20,1423,1424,1398,1409,384233,-0.0035360678925034916
2024-08-21,1429,1429,1356,1380,424264,-0.02058197303051812
2024-08-22,1380,1390,1349,1351,323989,-0.021014492753623215
2024-08-23,1349,1369,1338,1347,141891,-0.002960769800148033
2024-08-26,1350,1360,1320,1345,159373,-0.0014847809948033142
2024-08-27,1323,1364,1316,1348,238010,0.0022304832713755385
2024-08-28,1340,1384,1330,1376,517376,0.020771513353115667
2024-08-29,1363,1489,1361,1390,761458,0.01017441860465107
2024-08-30,1396,1530,1396,1515,1240147,0.08992805755395694
2024-09-02,1531,1533,1400,1450,892608,-0.04290429042904287
2024-09-03,1445,1543,1438,1526,859492,0.05241379310344829
2024-09-04,1506,1519,1450,1500,683455,-0.017038007863695914
2024-09-05,1496,1530,1380,1400,613579,-0.06666666666666665
2024-09-06,1401,1424,1343,1343,374184,-0.0407142857142857
2024-09-09,1343,1745,1338,1745,21175050,0.2993298585256887
2024-09-10,1789,1790,1595,1624,8972502,-0.06934097421203433
2024-09-11,1647,1660,1568,1586,3589517,-0.023399014778325178
2024-09-12,1630,1736,1569,1584,7304038,-0.0012610340479193294
2024-09-13,1594,1668,1550,1649,3172511,0.04103535353535359
2024-09-19,1642,1644,1567,1610,1728966,-0.023650697392359032
2024-09-20,1618,1674,1580,1665,1961097,0.03416149068322971
2024-09-23,1661,1661,1588,1588,1412679,-0.04624624624624629
2024-09-24,1589,1597,1514,1535,1367300,-0.03337531486146095
2024-09-25,1552,1561,1477,1484,1187742,-0.03322475570032568
2024-09-26,1500,1531,1482,1482,726148,-0.0013477088948786742
2024-09-27,1490,1499,1395,1399,1680344,-0.0560053981106613
2024-09-30,1408,1427,1386,1403,729293,0.002859185132237263
2024-10-02,1387,1437,1370,1394,676716,-0.00641482537419813
2024-10-04,1414,1445,1400,1432,480376,0.027259684361549574
2024-10-07,1479,1524,1445,1478,1344594,0.032122905027933024
2024-10-08,1481,1515,1468,1489,731401,0.007442489851150258
2024-10-10,1489,1518,1460,1479,560878,-0.006715916722632609
2024-10-11,1484,1485,1447,1447,530567,-0.021636240703177823
2024-10-14,1448,1458,1400,1426,386749,-0.014512785072563927
2024-10-15,1430,1518,1420,1511,1091695,0.05960729312762969
2024-10-16,1523,1524,1472,1502,955159,-0.0059563203176704604
2024-10-17,1502,1670,1478,1581,3344452,0.05259653794940089
2024-10-18,1594,1611,1545,1592,1027453,0.006957621758380661
2024-10-21,1582,1612,1500,1528,691861,-0.04020100502512558
2024-10-22,1528,1645,1512,1564,1820481,0.023560209424083878
2024-10-23,1560,1578,1495,1495,832725,-0.044117647058823484
2024-10-24,1498,1515,1440,1450,593203,-0.030100334448160515
2024-10-25,1455,1456,1405,1429,829136,-0.014482758620689706
2024-10-28,1429,1456,1419,1453,308084,0.01679496151154658
2024-10-29,1482,1492,1430,1450,457955,-0.002064693737095613
2024-10-30,1468,1468,1418,1420,334309,-0.020689655172413834
2024-10-31,1418,1493,1391,1442,465666,0.015492957746478853
2024-11-01,1425,1443,1370,1392,695949,-0.03467406380027738
2024-11-04,1415,1459,1400,1420,420440,0.02011494252873569
2024-11-05,1420,1450,1411,1428,249988,0.005633802816901401
2024-11-06,1432,1490,1399,1421,644212,-0.004901960784313708
2024-11-07,1422,1426,1369,1396,533020,-0.017593244194229363
2024-11-08,1405,1419,1379,1390,342746,-0.004297994269340966
2024-11-11,1380,1388,1329,1329,620963,-0.04388489208633095
2024-11-12,1310,1325,1271,1283,735758,-0.034612490594431944
2024-11-13,1279,1280,1200,1210,899997,-0.05689789555728764
2024-11-14,1190,1249,1180,1240,799296,0.024793388429751984
2024-11-15,1194,1265,1194,1260,325439,0.016129032258064502
2024-11-18,1247,1280,1220,1230,473495,-0.023809523809523836
2024-11-19,1210,1234,1205,1210,386080,-0.016260162601625994
2024-11-20,1235,1271,1213,1236,299943,0.02148760330578514
2024-11-21,1221,1235,1200,1210,399696,-0.021035598705501646
2024-11-22,1197,1238,1197,1200,516301,-0.008264462809917328
2024-11-25,1205,1246,1205,1233,373975,0.02750000000000008
2024-11-26,1245,1245,1207,1212,199038,-0.01703163017031628
2024-11-27,1216,1224,1194,1222,273286,0.008250825082508184
2024-11-28,1205,1299,1205,1270,738000,0.03927986906710301
2024-11-29,1270,1278,1220,1234,306705,-0.028346456692913358
2024-12-02,1234,1250,1181,1197,509726,-0.02998379254457051
2024-12-03,1198,1210,1197,1210,195550,0.010860484544695126
2024-12-04,1195,1200,1164,1164,805726,-0.0380165289256198
2024-12-05,1164,1180,1157,1168,184299,0.0034364261168384758
2024-12-06,1152,1170,1057,1119,727892,-0.04195205479452058
2024-12-09,1100,1100,1009,1015,2548471,-0.0929401251117069
2024-12-10,999,1064,999,1063,568188,0.0472906403940887
2024-12-11,1063,1137,1063,1133,339813,0.06585136406396996
2024-12-12,1133,1204,1133,1172,400694,0.034421888790820754
2024-12-13,1160,1198,1160,1192,247283,0.017064846416382284
2024-12-16,1192,1216,1188,1202,239693,0.008389261744966348
2024-12-17,1202,1269,1181,1190,459160,-0.009983361064891838
2024-12-18,1193,1193,1155,1168,200068,-0.01848739495798324
2024-12-19,1155,1162,1120,1126,269499,-0.03595890410958902
2024-12-20,1126,1135,1091,1112,189123,-0.01243339253996445
2024-12-23,1108,1145,1100,1141,200333,0.02607913669064743
2024-12-24,1155,1165,1105,1130,153294,-0.009640666082383897
2024-12-26,1143,1143,1099,1100,267637,-0.026548672566371723
2024-12-27,1098,1139,1092,1111,189782,0.010000000000000009
2024-12-30,1110,1149,1097,1125,307939,0.012601260126012592
2025-01-02,1122,1215,1116,1150,430371,0.022222222222222143
2025-01-03,1147,1192,1146,1180,259103,0.026086956521739202
2025-01-06,1180,1198,1167,1193,331400,0.011016949152542477
2025-01-07,1194,1229,1170,1212,346499,0.0159262363788768
2025-01-08,1212,1331,1210,1319,1446085,0.08828382838283821
2025-01-09,1319,1329,1290,1313,469804,-0.004548900682335155
2025-01-10,1317,1336,1268,1281,585444,-0.02437166793602441
2025-01-13,1281,1282,1228,1237,387885,-0.03434816549570652
2025-01-14,1237,1257,1201,1202,323928,-0.02829426030719484
2025-01-15,1202,1210,1162,1171,387214,-0.02579034941763725
2025-01-16,1193,1193,1160,1167,216925,-0.0034158838599487318
2025-01-17,1170,1199,1140,1164,436966,-0.0025706940874036244
2025-01-20,1164,1170,1138,1160,282748,-0.0034364261168384758
2025-01-21,1149,1200,1138,1162,452072,0.0017241379310344307
2025-01-22,1176,1176,1147,1161,391550,-0.000860585197934638
2025-01-23,1161,1169,1120,1148,305096,-0.011197243755383335
2025-01-24,1158,1162,1133,1141,125429,-0.0060975609756097615
2025-01-31,1145,1195,1125,1188,391177,0.04119193689745826
2025-02-03,1181,1185,1115,1128,506021,-0.0505050505050505
2025-02-04,1118,1179,1118,1159,228129,0.027482269503546153
2025-02-05,1150,1171,1148,1167,183178,0.00690250215703192
2025-02-06,1167,1189,1160,1177,176211,0.00856898029134534
2025-02-07,1177,1189,1140,1160,333739,-0.014443500424808797
2025-02-10,1150,1179,1126,1175,317655,0.012931034482758674
2025-02-11,1175,1178,1136,1148,403763,-0.02297872340425533
2025-02-12,1138,1151,1112,1133,341825,-0.013066202090592283
2025-02-13,1133,1149,1124,1142,144542,0.007943512797881747
2025-02-14,1141,1141,1110,1128,239255,-0.012259194395796813
2025-02-17,1119,1134,1104,1120,230066,-0.007092198581560294
2025-02-18,1121,1146,1109,1136,510653,0.014285714285714235
2025-02-19,1140,1200,1140,1168,657019,0.028169014084507005
2025-02-20,1166,1190,1150,1175,301388,0.0059931506849315586
2025-02-21,1161,1224,1161,1198,521058,0.019574468085106433
2025-02-24,1197,1255,1184,1190,392200,-0.006677796327211993
2025-02-25,1175,1195,1170,1188,152517,-0.001680672268907557
2025-02-26,1181,1216,1174,1198,476705,0.008417508417508435
2025-02-27,1198,1206,1173,1189,242385,-0.0075125208681134925
2025-02-28,1188,1188,1136,1159,272185,-0.025231286795626584
2025-03-04,1159,1159,1100,1110,378261,-0.04227782571182048
2025-03-05,1110,1160,1101,1122,508864,0.0108108108108107
2025-03-06,1128,1128,1092,1117,220827,-0.004456327985739805
