Date,Open,High,Low,Close,Volume,Change
2022-01-03,2631,2687,2625,2650,30605,0.007221588749524832
2022-01-04,2650,2650,2612,2625,29277,-0.009433962264150941
2022-01-05,2731,2731,2631,2650,56714,0.00952380952380949
2022-01-06,2668,2712,2637,2644,29658,-0.0022641509433962703
2022-01-07,2675,2693,2631,2681,37489,0.013993948562783576
2022-01-10,2700,3050,2668,2731,460306,0.018649757553151902
2022-01-11,2731,2850,2718,2719,108282,-0.004393994873672646
2022-01-12,2750,2750,2687,2719,33464,0.0
2022-01-13,2718,2762,2618,2650,82791,-0.025376976829716846
2022-01-14,0,0,0,2650,0,0.0
2022-01-17,0,0,0,2650,0,0.0
2022-01-18,0,0,0,2650,0,0.0
2022-01-19,0,0,0,2650,0,0.0
2022-01-20,0,0,0,2650,0,0.0
2022-01-21,0,0,0,2650,0,0.0
2022-01-24,0,0,0,2650,0,0.0
2022-01-25,0,0,0,2650,0,0.0
2022-01-26,0,0,0,2650,0,0.0
2022-01-27,0,0,0,2650,0,0.0
2022-01-28,0,0,0,2650,0,0.0
2022-02-03,0,0,0,2650,0,0.0
2022-02-04,0,0,0,2650,0,0.0
2022-02-07,0,0,0,2650,0,0.0
2022-02-08,0,0,0,2650,0,0.0
2022-02-09,0,0,0,2650,0,0.0
2022-02-10,0,0,0,2650,0,0.0
2022-02-11,0,0,0,2650,0,0.0
2022-02-14,0,0,0,2650,0,0.0
2022-02-15,0,0,0,2650,0,0.0
2022-02-16,0,0,0,2650,0,0.0
2022-02-17,0,0,0,2650,0,0.0
2022-02-18,0,0,0,2650,0,0.0
2022-02-21,0,0,0,2650,0,0.0
2022-02-22,0,0,0,2650,0,0.0
2022-02-23,0,0,0,2650,0,0.0
2022-02-24,0,0,0,2650,0,0.0
2022-02-25,0,0,0,2650,0,0.0
2022-02-28,0,0,0,2650,0,0.0
2022-03-02,0,0,0,2650,0,0.0
2022-03-03,0,0,0,2650,0,0.0
2022-03-04,0,0,0,2650,0,0.0
2022-03-07,0,0,0,2650,0,0.0
2022-03-08,0,0,0,2650,0,0.0
2022-03-10,0,0,0,2650,0,0.0
2022-03-11,0,0,0,2650,0,0.0
2022-03-14,0,0,0,2650,0,0.0
2022-03-15,0,0,0,2650,0,0.0
2022-03-16,0,0,0,2650,0,0.0
2022-03-17,0,0,0,2650,0,0.0
2022-03-18,0,0,0,2650,0,0.0
2022-03-21,0,0,0,2650,0,0.0
2022-03-22,0,0,0,2650,0,0.0
2022-03-23,0,0,0,2650,0,0.0
2022-03-24,0,0,0,2650,0,0.0
2022-03-25,0,0,0,2650,0,0.0
2022-03-28,0,0,0,2650,0,0.0
2022-03-29,0,0,0,2650,0,0.0
2022-03-30,0,0,0,2650,0,0.0
2022-03-31,0,0,0,2650,0,0.0
2022-04-01,2650,2680,2315,2480,1078575,-0.0641509433962264
2022-04-04,2490,3190,2480,2975,5633053,0.1995967741935485
2022-04-05,2900,3500,2725,2770,3930721,-0.06890756302521006
2022-04-06,2770,3195,2720,2950,3560588,0.06498194945848379
2022-04-07,2870,3100,2795,2845,1089340,-0.035593220338983045
2022-04-08,2900,2955,2780,2810,424545,-0.012302284710017597
2022-04-11,2810,2970,2790,2900,349499,0.03202846975088969
2022-04-12,2930,2950,2795,2820,249719,-0.02758620689655178
2022-04-13,2795,2850,2730,2765,156983,-0.019503546099290725
2022-04-14,2740,2800,2735,2745,44646,-0.007233273056057921
2022-04-15,2780,3000,2710,2930,689809,0.06739526411657559
2022-04-18,2930,2995,2840,2930,328103,0.0
2022-04-19,2930,2980,2885,2980,184106,0.017064846416382284
2022-04-20,2980,2980,2910,2950,127599,-0.010067114093959773
2022-04-21,2975,3040,2880,3015,243457,0.02203389830508473
2022-04-22,3020,3040,2955,3015,149298,0.0
2022-04-25,3000,3010,2910,2940,109771,-0.02487562189054726
2022-04-26,2940,2990,2895,2895,91458,-0.015306122448979553
2022-04-27,2900,2985,2835,2890,64124,-0.0017271157167529916
2022-04-28,2910,3260,2910,2980,1982563,0.03114186851211076
2022-04-29,2965,2985,2905,2945,243971,-0.011744966442952975
2022-05-02,2900,2945,2865,2940,127311,-0.001697792869269965
2022-05-03,2940,3020,2890,3010,128006,0.023809523809523725
2022-05-04,3015,3150,2985,3000,159924,-0.0033222591362126463
2022-05-06,2990,3040,2940,2985,48838,-0.0050000000000000044
2022-05-09,2950,3015,2920,2935,110724,-0.01675041876046901
2022-05-10,2935,3020,2800,3020,85430,0.028960817717206044
2022-05-11,3030,3155,2995,3100,103482,0.026490066225165476
2022-05-12,3065,3140,2920,3010,145046,-0.029032258064516148
2022-05-13,3000,3075,2950,2990,32826,-0.006644518272425293
2022-05-16,2990,3140,2935,3040,94695,0.01672240802675584
2022-05-17,3060,3060,2965,2965,55073,-0.024671052631578982
2022-05-18,3035,3035,2860,2920,149579,-0.015177065767284947
2022-05-19,2810,2960,2810,2920,84020,0.0
2022-05-20,2920,2955,2890,2950,57842,0.010273972602739656
2022-05-23,2925,3040,2925,3020,68466,0.023728813559322104
2022-05-24,3070,3070,2980,3025,63325,0.0016556291390728006
2022-05-25,3020,3040,2970,3000,37735,-0.008264462809917328
2022-05-26,3000,3035,2960,2985,63775,-0.0050000000000000044
2022-05-27,2970,3020,2960,2980,68992,-0.0016750418760469454
2022-05-30,2980,3080,2960,2995,52727,0.005033557046979942
2022-05-31,2995,3020,2960,3000,42114,0.0016694490818029983
2022-06-02,2995,3045,2955,2990,22071,-0.0033333333333332993
2022-06-03,3015,3020,2950,2975,54051,-0.0050167224080267525
2022-06-07,2980,3015,2950,2960,48684,-0.005042016806722671
2022-06-08,2950,3435,2950,2985,1630523,0.008445945945946054
2022-06-09,3035,3335,2985,3090,885380,0.035175879396984966
2022-06-10,3095,3110,3035,3060,128056,-0.009708737864077666
2022-06-13,3080,3350,3030,3175,786840,0.03758169934640532
2022-06-14,3150,3245,3050,3205,214482,0.009448818897637823
2022-06-15,3165,3205,3000,3050,286360,-0.04836193447737913
2022-06-16,3125,3125,3025,3050,100230,0.0
2022-06-17,3040,3040,2940,2990,92703,-0.01967213114754096
2022-06-20,2920,2985,2830,2840,99846,-0.050167224080267525
2022-06-21,2840,2995,2840,2945,81974,0.0369718309859155
2022-06-22,2875,2975,2870,2910,62289,-0.011884550084889645
2022-06-23,2970,2970,2775,2775,77621,-0.046391752577319534
2022-06-24,2860,2865,2650,2695,116833,-0.028828828828828867
2022-06-27,2880,2880,2730,2830,42487,0.05009276437847876
2022-06-28,2830,2880,2760,2845,95007,0.005300353356890497
2022-06-29,2785,2890,2650,2820,240512,-0.008787346221441172
2022-06-30,2635,3200,2080,2210,7271196,-0.2163120567375887
2022-07-01,2210,2275,2015,2025,1449032,-0.08371040723981904
2022-07-04,2035,2070,1675,1755,2518975,-0.1333333333333333
2022-07-05,1745,1825,1715,1800,1039322,0.02564102564102555
2022-07-06,1785,1825,1740,1760,437314,-0.022222222222222254
2022-07-07,1795,1950,1775,1830,1395764,0.03977272727272729
2022-07-08,1850,1950,1840,1890,1112246,0.032786885245901676
2022-07-11,1935,2070,1875,1990,990624,0.05291005291005302
2022-07-12,1970,1985,1850,1930,478612,-0.03015075376884424
2022-07-13,1920,1990,1865,1925,474216,-0.002590673575129543
2022-07-14,1880,1950,1840,1845,501198,-0.04155844155844157
2022-07-15,1855,1855,1755,1815,449654,-0.016260162601625994
2022-07-18,1815,1865,1795,1855,249994,0.02203856749311295
2022-07-19,1835,1845,1800,1825,201548,-0.016172506738544423
2022-07-20,1850,1875,1835,1850,279539,0.013698630136986356
2022-07-21,1840,1870,1815,1860,232995,0.00540540540540535
2022-07-22,1875,1875,1825,1840,235499,-0.010752688172043001
2022-07-25,1825,1860,1825,1835,183995,-0.0027173913043477826
2022-07-26,1820,1865,1820,1835,230237,0.0
2022-07-27,1825,1865,1820,1840,123542,0.0027247956403269047
2022-07-28,1855,1860,1830,1830,128717,-0.005434782608695676
2022-07-29,1830,1910,1830,1850,339596,0.010928961748633892
2022-08-01,1845,1875,1680,1700,2793641,-0.08108108108108103
2022-08-02,1715,1720,1650,1705,610466,0.002941176470588225
2022-08-03,1705,1765,1695,1730,473665,0.014662756598240456
2022-08-04,1720,1755,1700,1745,280383,0.00867052023121384
2022-08-05,1750,1785,1710,1770,460056,0.014326647564469885
2022-08-08,1770,1785,1720,1740,435167,-0.016949152542372836
2022-08-09,1740,1740,1720,1735,167597,-0.002873563218390829
2022-08-10,1735,1735,1705,1710,319954,-0.014409221902017322
2022-08-11,1725,1740,1710,1725,225059,0.00877192982456143
2022-08-12,1725,1800,1720,1765,519481,0.023188405797101463
2022-08-16,1770,1810,1760,1775,320539,0.0056657223796034994
2022-08-17,1800,1800,1750,1760,267197,-0.008450704225352101
2022-08-18,1740,1760,1725,1740,226882,-0.011363636363636354
2022-08-19,1745,1750,1730,1735,184421,-0.002873563218390829
2022-08-22,1730,1750,1695,1715,284975,-0.011527377521613813
2022-08-23,1710,1710,1665,1665,389508,-0.029154518950437303
2022-08-24,1665,1745,1655,1695,221128,0.018018018018018056
2022-08-25,1715,1730,1695,1725,121041,0.017699115044247815
2022-08-26,1720,1780,1720,1750,405490,0.01449275362318847
2022-08-29,1725,1730,1705,1720,231487,-0.017142857142857126
2022-08-30,1710,1765,1710,1735,235276,0.008720930232558155
2022-08-31,1735,1755,1725,1740,278944,0.0028818443804035088
2022-09-01,1740,1750,1715,1730,180875,-0.005747126436781658
2022-09-02,1725,1735,1705,1720,152615,-0.005780346820809301
2022-09-05,1700,1730,1695,1710,104741,-0.005813953488372103
2022-09-06,1730,1760,1700,1725,140462,0.00877192982456143
2022-09-07,1745,1745,1680,1700,89021,-0.01449275362318836
2022-09-08,1700,1715,1695,1700,60792,0.0
2022-09-13,1720,1735,1695,1700,387980,0.0
2022-09-14,1665,1755,1625,1720,254749,0.0117647058823529
2022-09-15,1725,1740,1685,1695,141706,-0.014534883720930258
2022-09-16,1685,1700,1655,1665,175825,-0.017699115044247815
2022-09-19,1655,1660,1505,1560,364517,-0.06306306306306309
2022-09-20,1560,1590,1545,1560,210105,0.0
2022-09-21,1555,1585,1535,1545,127109,-0.009615384615384581
2022-09-22,1530,1595,1525,1585,250968,0.025889967637540368
2022-09-23,1600,1670,1550,1555,263275,-0.018927444794952675
2022-09-26,1520,1550,1470,1485,274346,-0.045016077170418
2022-09-27,1485,1495,1420,1470,123221,-0.010101010101010055
2022-09-28,1460,1500,1375,1440,117104,-0.020408163265306145
2022-09-29,1450,1500,1410,1440,43338,0.0
2022-09-30,1405,1450,1385,1435,73646,-0.00347222222222221
2022-10-04,1480,1490,1445,1470,28017,0.024390243902439046
2022-10-05,1500,1505,1425,1450,79882,-0.013605442176870763
2022-10-06,1450,1490,1435,1480,73812,0.020689655172413834
2022-10-07,1490,1500,1460,1495,48387,0.010135135135135087
2022-10-11,1480,1485,1365,1400,147828,-0.0635451505016722
2022-10-12,1370,1405,1350,1375,155288,-0.017857142857142905
2022-10-13,1355,1370,1225,1270,356241,-0.07636363636363641
2022-10-14,1290,1355,1285,1320,87928,0.03937007874015741
2022-10-17,1305,1325,1280,1320,70727,0.0
2022-10-18,1350,1350,1290,1315,121838,-0.0037878787878787845
2022-10-19,1320,1495,1315,1385,716025,0.05323193916349811
2022-10-20,1415,1425,1325,1410,116759,0.018050541516245522
2022-10-21,1395,1410,1350,1365,99792,-0.03191489361702127
2022-10-24,1365,1415,1355,1405,97319,0.0293040293040292
2022-10-25,1405,1425,1375,1395,70652,-0.007117437722419906
2022-10-26,1395,1395,1350,1355,124770,-0.028673835125448077
2022-10-27,1375,1450,1365,1430,189166,0.05535055350553497
2022-10-28,1430,1450,1390,1430,117812,0.0
2022-10-31,1430,1450,1400,1445,85291,0.010489510489510412
2022-11-01,1460,1480,1435,1475,124456,0.02076124567474058
2022-11-02,1485,1485,1400,1460,103598,-0.01016949152542368
2022-11-03,1435,1485,1415,1470,77230,0.006849315068493178
2022-11-04,1455,1460,1430,1455,37516,-0.010204081632653073
2022-11-07,1465,1800,1445,1630,8226550,0.1202749140893471
2022-11-08,1655,1655,1590,1645,1393827,0.009202453987730008
2022-11-09,1625,1820,1610,1715,4253093,0.042553191489361764
2022-11-10,1725,1840,1690,1750,2016913,0.020408163265306145
2022-11-11,1790,1820,1700,1700,1318106,-0.02857142857142858
2022-11-14,1735,1735,1695,1725,385175,0.014705882352941124
2022-11-15,1725,1770,1700,1735,349809,0.005797101449275255
2022-11-16,1730,1760,1700,1750,311064,0.008645533141210304
2022-11-17,1735,1745,1700,1715,277751,-0.020000000000000018
2022-11-18,1715,1825,1715,1725,322509,0.005830903790087438
2022-11-21,1745,1765,1710,1730,316224,0.0028985507246377384
2022-11-22,1730,1855,1715,1850,1492595,0.06936416184971095
2022-11-23,1845,1880,1800,1850,706137,0.0
2022-11-24,1875,1885,1820,1855,298587,0.002702702702702675
2022-11-25,1860,1890,1825,1855,340771,0.0
2022-11-28,1865,1895,1745,1790,659803,-0.035040431266846306
2022-11-29,1780,1810,1760,1800,259983,0.005586592178770999
2022-11-30,1805,1835,1770,1820,261317,0.011111111111111072
2022-12-01,1850,1885,1800,1835,489628,0.008241758241758212
2022-12-02,1835,1865,1800,1840,293076,0.0027247956403269047
2022-12-05,1835,1870,1825,1840,228376,0.0
2022-12-06,1830,1835,1775,1775,272238,-0.03532608695652173
2022-12-07,1750,1780,1705,1760,310226,-0.008450704225352101
2022-12-08,1750,1785,1735,1745,199614,-0.008522727272727293
2022-12-09,1750,1780,1730,1750,175054,0.002865329512893977
2022-12-12,1760,1770,1720,1755,81877,0.0028571428571428914
2022-12-13,1755,1790,1725,1760,207247,0.002849002849002913
2022-12-14,1765,1840,1765,1830,210545,0.03977272727272729
2022-12-15,1845,2080,1825,2045,3125293,0.11748633879781423
2022-12-16,2055,2155,2015,2060,2131901,0.007334963325183352
2022-12-19,2140,2145,1990,1990,785628,-0.03398058252427183
2022-12-20,1925,1930,1755,1770,1333930,-0.11055276381909551
2022-12-21,1770,1820,1755,1785,468630,0.008474576271186418
2022-12-22,1800,1845,1800,1830,263548,0.025210084033613356
2022-12-23,1820,1820,1730,1740,286694,-0.049180327868852514
2022-12-26,1750,1750,1595,1620,514034,-0.06896551724137934
2022-12-27,1625,1705,1620,1700,209100,0.04938271604938271
2022-12-28,1715,1775,1690,1760,145733,0.03529411764705892
2022-12-29,1730,1745,1620,1720,259359,-0.022727272727272707
2023-01-02,1720,1720,1615,1615,247574,-0.061046511627906974
2023-01-03,1595,1630,1500,1630,335564,0.009287925696594534
2023-01-04,1585,1685,1585,1675,145086,0.027607361963190247
2023-01-05,1685,1695,1650,1690,143936,0.008955223880596996
2023-01-06,1690,1780,1675,1765,162838,0.044378698224851965
2023-01-09,1765,1775,1745,1765,156031,0.0
2023-01-10,1760,1775,1715,1740,193045,-0.014164305949008527
2023-01-11,1740,1780,1735,1760,128831,0.011494252873563315
2023-01-12,1765,1790,1740,1790,133433,0.017045454545454586
2023-01-13,1805,1805,1745,1770,168878,-0.011173184357541888
2023-01-16,1770,1785,1745,1775,114245,0.0028248587570620654
2023-01-17,1770,1795,1750,1780,198641,0.0028169014084507005
2023-01-18,1775,1775,1705,1750,181707,-0.016853932584269704
2023-01-19,1730,1775,1705,1760,213166,0.005714285714285783
2023-01-20,1760,1760,1715,1740,156198,-0.011363636363636354
2023-01-25,1740,1750,1713,1730,128106,-0.005747126436781658
2023-01-26,1740,1750,1716,1722,137146,-0.0046242774566473965
2023-01-27,1723,1723,1667,1672,426221,-0.029036004645760727
2023-01-30,1672,1672,1620,1646,264303,-0.015550239234449759
2023-01-31,1650,1669,1635,1661,121640,0.009113001215066863
2023-02-01,1661,1710,1661,1707,463676,0.02769416014449133
2023-02-02,1725,1730,1701,1711,241190,0.0023432923257176164
2023-02-03,1712,1843,1710,1791,599971,0.04675628287551148
2023-02-06,1813,1986,1790,1875,966083,0.04690117252931314
2023-02-07,1875,1875,1829,1841,326098,-0.018133333333333335
2023-02-08,1848,1923,1846,1910,492178,0.037479630635524064
2023-02-09,1910,1910,1863,1900,273528,-0.005235602094240788
2023-02-10,1933,1933,1820,1825,415790,-0.03947368421052633
2023-02-13,1830,1903,1827,1889,303025,0.03506849315068483
2023-02-14,1891,1910,1839,1884,320446,-0.0026469031233457008
2023-02-15,1884,1884,1802,1819,278592,-0.03450106157112531
2023-02-16,1818,2350,1810,2135,21812722,0.17372182517866963
2023-02-17,2170,2320,2095,2265,11696054,0.060889929742388826
2023-02-20,2215,2460,2205,2340,7891843,0.0331125827814569
2023-02-21,2315,2365,2265,2340,1972495,0.0
2023-02-22,2275,2505,2240,2385,4967306,0.019230769230769162
2023-02-23,2370,2420,2310,2345,1655184,-0.016771488469601636
2023-02-24,2350,2545,2280,2470,2668533,0.05330490405117261
2023-02-27,2640,2965,2465,2725,15031232,0.10323886639676116
2023-02-28,2810,2850,2645,2655,2654809,-0.025688073394495414
2023-03-02,2665,2820,2600,2635,3066860,-0.007532956685499026
2023-03-03,2635,2675,2515,2530,1112959,-0.03984819734345346
2023-03-06,2575,2655,2460,2565,1592070,0.01383399209486158
2023-03-07,2510,2535,2370,2370,1385881,-0.07602339181286555
2023-03-08,2330,2395,2285,2365,945535,-0.002109704641350185
2023-03-09,2350,2350,2200,2210,864069,-0.06553911205073992
2023-03-10,2175,2340,2135,2195,901318,-0.006787330316742057
2023-03-13,2185,2295,2085,2275,728243,0.036446469248291535
2023-03-14,2275,2275,2145,2185,495463,-0.03956043956043953
2023-03-15,2230,2320,2220,2260,712421,0.034324942791762014
2023-03-16,2260,2300,2170,2265,396892,0.0022123893805310324
2023-03-17,2295,2365,2270,2315,598226,0.02207505518763786
2023-03-20,2300,2390,2240,2350,511423,0.015118790496760237
2023-03-21,2370,2370,2240,2240,406321,-0.04680851063829783
2023-03-22,2260,2275,2190,2240,357197,0.0
2023-03-23,2235,2340,2200,2255,529113,0.006696428571428603
2023-03-24,2280,2400,2270,2360,876004,0.04656319290465638
2023-03-27,2360,2390,2250,2295,432773,-0.02754237288135597
2023-03-28,2295,2435,2290,2430,1059039,0.05882352941176472
2023-03-29,2450,2450,2340,2410,731523,-0.008230452674897082
2023-03-30,2410,2430,2305,2325,724404,-0.03526970954356845
2023-03-31,2325,2325,2245,2285,406230,-0.017204301075268824
2023-04-03,2290,2335,2240,2275,347195,-0.004376367614879695
2023-04-04,2280,2350,2245,2300,396866,0.01098901098901095
2023-04-05,2335,2335,2230,2245,430803,-0.023913043478260843
2023-04-06,2240,2240,2130,2135,520236,-0.04899777282850781
2023-04-07,2140,2175,2100,2170,405324,0.016393442622950838
2023-04-10,2170,2200,2020,2065,705555,-0.048387096774193505
2023-04-11,2055,2150,2000,2130,435612,0.0314769975786926
2023-04-12,2135,2160,2090,2110,231459,-0.009389671361502372
2023-04-13,2100,2105,2040,2055,277186,-0.026066350710900466
2023-04-14,2060,2125,2060,2095,249961,0.019464720194647178
2023-04-17,2095,2130,2035,2120,261113,0.01193317422434359
2023-04-18,2145,2145,2060,2090,214339,-0.014150943396226467
2023-04-19,2105,2220,2065,2175,437294,0.04066985645933019
2023-04-20,2150,2175,2050,2055,267680,-0.05517241379310345
2023-04-21,2055,2080,1996,2035,236425,-0.009732360097323589
2023-04-24,2035,2035,1946,1946,392544,-0.04373464373464375
2023-04-25,1946,1962,1876,1898,244403,-0.02466598150051391
2023-04-26,1884,1950,1863,1875,76743,-0.012118018967333999
2023-04-27,1850,1932,1845,1921,95819,0.024533333333333296
2023-04-28,1946,1950,1865,1879,218276,-0.021863612701717883
2023-05-02,1855,1920,1854,1897,121644,0.009579563597658325
2023-05-03,1897,1949,1891,1928,135597,0.016341591987348414
2023-05-04,1890,1906,1865,1890,112330,-0.01970954356846477
2023-05-08,1887,1930,1887,1887,115067,-0.0015873015873015817
2023-05-09,1887,1900,1839,1864,110809,-0.012188659247482803
2023-05-10,1852,1890,1843,1880,74226,0.008583690987124415
2023-05-11,1880,2130,1880,1950,887467,0.037234042553191404
2023-05-12,1950,1970,1882,1882,185722,-0.034871794871794926
2023-05-15,1871,1878,1809,1825,186852,-0.030286928799149848
2023-05-16,1825,1853,1780,1812,145343,-0.007123287671232825
2023-05-17,1812,1877,1794,1835,117968,0.012693156732891842
2023-05-18,1837,1915,1837,1900,172153,0.03542234332425065
2023-05-19,1920,1950,1900,1921,105558,0.011052631578947425
2023-05-22,1922,1990,1906,1960,138754,0.020301926080166677
2023-05-23,1960,1980,1931,1950,70819,-0.005102040816326481
2023-05-24,1950,1950,1920,1945,54205,-0.002564102564102555
2023-05-25,1930,1994,1930,1981,300419,0.018508997429306007
2023-05-26,2000,2195,1981,2045,1586743,0.03230691569914179
2023-05-30,2050,2250,2015,2135,1282876,0.044009779951100336
2023-05-31,2140,2325,2095,2140,2831416,0.0023419203747072626
2023-06-01,2125,2135,2030,2090,720108,-0.02336448598130836
2023-06-02,2120,2250,2115,2180,862015,0.04306220095693769
2023-06-05,2195,2270,2140,2155,544775,-0.011467889908256867
2023-06-07,2160,2210,2095,2190,284648,0.016241299303944245
2023-06-08,2190,2280,2150,2190,897432,0.0
2023-06-09,2190,2345,2180,2275,1532715,0.038812785388127935
2023-06-12,2290,2350,2235,2280,532307,0.00219780219780219
2023-06-13,2280,2300,2235,2255,269015,-0.010964912280701733
2023-06-14,2255,2270,2130,2160,579257,-0.04212860310421285
2023-06-15,2160,2740,2140,2490,29132272,0.15277777777777768
2023-06-16,2490,2850,2450,2665,24539730,0.07028112449799195
2023-06-19,2695,2775,2620,2620,3989217,-0.016885553470919357
2023-06-20,2620,2720,2560,2640,2041849,0.007633587786259444
2023-06-21,2615,2900,2540,2730,8065081,0.03409090909090917
2023-06-22,2675,2760,2620,2650,1288713,-0.02930402930402931
2023-06-23,2670,2720,2565,2565,931949,-0.0320754716981132
2023-06-26,2520,2655,2480,2650,985945,0.033138401559454245
2023-06-27,2650,2650,2525,2540,730725,-0.04150943396226414
2023-06-28,2550,2590,2450,2485,848505,-0.021653543307086576
2023-06-29,2485,2730,2485,2605,2843143,0.048289738430583595
2023-06-30,2600,2600,2440,2450,907591,-0.05950095969289826
2023-07-03,2455,2710,2440,2640,2829438,0.07755102040816331
2023-07-04,2670,2715,2600,2700,1814226,0.022727272727272707
2023-07-05,2650,2675,2500,2540,1233601,-0.059259259259259234
2023-07-06,2535,2535,2350,2355,750101,-0.07283464566929132
2023-07-07,2315,2415,2310,2340,459861,-0.006369426751592355
2023-07-10,2330,2470,2290,2375,413204,0.014957264957264904
2023-07-11,2360,2530,2360,2460,808296,0.03578947368421059
2023-07-12,2595,2820,2545,2650,8418177,0.0772357723577235
2023-07-13,2745,3445,2740,3445,39547483,0.30000000000000004
2023-07-14,3400,4280,3380,3795,47035001,0.10159651669085634
2023-07-17,3840,4065,3710,3800,8371860,0.0013175230566535578
2023-07-18,3760,3925,3505,3800,4309194,0.0
2023-07-19,3570,3680,3530,3595,1879969,-0.05394736842105263
2023-07-20,3590,3870,3580,3840,2199308,0.06815020862308763
2023-07-21,3700,3800,3600,3800,1169203,-0.01041666666666663
2023-07-24,3900,3945,3515,3725,3735095,-0.019736842105263164
2023-07-25,3635,3655,3285,3375,2410569,-0.09395973154362414
2023-07-26,3370,3445,2725,3145,2087434,-0.06814814814814818
2023-07-27,3120,3290,3005,3240,780484,0.030206677265500748
2023-07-28,3235,3435,3150,3415,1030365,0.05401234567901225
2023-07-31,3465,3530,3250,3530,1304570,0.033674963396779
2023-08-01,3495,3575,3355,3555,1677897,0.007082152974504208
2023-08-02,3560,3720,3135,3150,2827225,-0.11392405063291144
2023-08-03,3105,3155,2920,3025,1140041,-0.03968253968253965
2023-08-04,3070,3070,2915,2925,627763,-0.03305785123966942
2023-08-07,2925,3035,2905,2930,831192,0.0017094017094017033
2023-08-08,2955,2985,2830,2865,760137,-0.022184300341296925
2023-08-09,2865,2920,2830,2900,398559,0.01221640488656206
2023-08-10,2845,2845,2710,2800,601694,-0.03448275862068961
2023-08-11,2830,2960,2800,2855,558882,0.019642857142857073
2023-08-14,2850,2855,2710,2760,441219,-0.03327495621716292
2023-08-16,2760,2970,2625,2880,1355678,0.04347826086956519
2023-08-17,2880,3740,2770,3740,34445102,0.29861111111111116
2023-08-18,3800,4080,3335,3370,20695141,-0.09893048128342241
2023-08-21,3405,3585,3270,3310,6892743,-0.017804154302670572
2023-08-22,3400,3615,3175,3205,5635089,-0.031722054380664666
2023-08-23,3145,3265,3090,3135,2184988,-0.021840873634945357
2023-08-24,3280,3635,3235,3430,10986999,0.09409888357256779
2023-08-25,3355,3425,3205,3370,1549695,-0.017492711370262426
2023-08-28,3410,3450,3235,3305,1153869,-0.01928783382789323
2023-08-29,3390,3520,3200,3240,1597838,-0.01966717095310133
2023-08-30,3290,3385,3270,3330,1097927,0.02777777777777768
2023-08-31,3360,3360,3180,3200,795927,-0.03903903903903905
2023-09-01,3260,3350,3140,3295,952312,0.02968750000000009
2023-09-04,3290,3290,3165,3185,873449,-0.03338391502276172
2023-09-05,3205,3425,3150,3380,2157384,0.061224489795918435
2023-09-06,3405,3415,3250,3365,1058618,-0.004437869822485174
2023-09-07,3350,3960,3320,3520,14299344,0.04606240713224374
2023-09-08,3465,3650,3330,3525,2642670,0.0014204545454545858
2023-09-11,3560,3635,3395,3550,1503373,0.007092198581560183
2023-09-12,3630,3875,3430,3490,5243019,-0.016901408450704203
2023-09-13,3450,3550,3345,3415,1574924,-0.021489971346704828
2023-09-14,3415,3505,3330,3450,1011954,0.01024890190336758
2023-09-15,3460,3550,3310,3310,1214793,-0.04057971014492756
2023-09-18,3225,3290,3165,3255,387110,-0.0166163141993958
2023-09-19,3240,3425,3240,3360,486222,0.032258064516129004
2023-09-20,3355,3425,3330,3400,480767,0.011904761904761862
2023-09-21,3330,3360,3200,3210,549073,-0.055882352941176494
2023-09-22,3100,3200,3045,3120,325452,-0.028037383177570097
2023-09-25,3090,3165,2900,2950,414386,-0.054487179487179516
2023-09-26,2960,3030,2820,2860,298342,-0.03050847457627115
2023-09-27,2810,2995,2800,2950,287443,0.03146853146853146
2023-10-04,2920,2945,2810,2870,219197,-0.027118644067796627
2023-10-05,2895,2930,2750,2750,235913,-0.04181184668989546
2023-10-06,2750,2875,2750,2800,128277,0.018181818181818077
2023-10-10,2890,2960,2735,2770,293702,-0.010714285714285676
2023-10-11,2790,2930,2790,2900,168777,0.04693140794223827
2023-10-12,2935,2935,2880,2905,178481,0.0017241379310344307
2023-10-13,2900,2900,2770,2805,277877,-0.03442340791738385
2023-10-16,2805,2880,2750,2870,196994,0.02317290552584672
2023-10-17,2835,2950,2835,2910,230739,0.013937282229965264
2023-10-18,2910,3450,2810,3005,5896201,0.03264604810996574
2023-10-19,2935,2950,2700,2770,980672,-0.07820299500831951
2023-10-20,2690,2720,2530,2555,746657,-0.07761732851985559
2023-10-23,2495,2790,2495,2655,706323,0.03913894324853229
2023-10-24,2655,2780,2560,2770,621961,0.043314500941619594
2023-10-25,2745,2920,2625,2700,838153,-0.02527075812274371
2023-10-26,2630,2700,2555,2560,279555,-0.051851851851851816
2023-10-27,2560,2710,2465,2505,694293,-0.021484375
2023-10-30,2505,2555,2400,2495,159889,-0.003992015968063867
2023-10-31,2505,2520,2370,2400,241514,-0.038076152304609256
2023-11-01,2390,2520,2390,2450,205626,0.02083333333333326
2023-11-02,2520,2625,2510,2590,278573,0.05714285714285716
2023-11-03,2610,2680,2545,2670,234029,0.030888030888030826
2023-11-06,2790,2790,2630,2755,309146,0.03183520599250933
2023-11-07,2785,2830,2650,2745,195132,-0.003629764065335772
2023-11-08,2750,2815,2705,2720,172363,-0.00910746812386154
2023-11-09,2700,2775,2640,2665,108242,-0.020220588235294157
2023-11-10,2650,2700,2585,2680,121142,0.0056285178236397115
2023-11-13,2660,2765,2530,2565,170204,-0.042910447761194015
2023-11-14,2565,2930,2530,2680,3510616,0.04483430799220267
2023-11-15,2740,2830,2720,2760,607838,0.029850746268656803
2023-11-16,2765,2775,2690,2735,279276,-0.009057971014492794
2023-11-17,2735,2735,2660,2675,186061,-0.021937842778793404
2023-11-20,2675,2760,2650,2720,153509,0.016822429906542036
2023-11-21,2725,2745,2695,2710,98479,-0.003676470588235281
2023-11-22,2710,2740,2630,2645,157718,-0.023985239852398532
2023-11-23,2645,2685,2525,2530,254106,-0.04347826086956519
2023-11-24,2525,2585,2520,2555,107673,0.009881422924901129
2023-11-27,2555,2575,2500,2575,163756,0.007827788649706457
2023-11-28,2575,2590,2500,2530,220946,-0.01747572815533982
2023-11-29,2530,2960,2425,2820,5982155,0.11462450592885376
2023-11-30,2825,2845,2670,2745,1285938,-0.02659574468085102
2023-12-01,2775,2820,2700,2735,480454,-0.0036429872495445936
2023-12-04,2740,2800,2680,2765,445177,0.010968921389396646
2023-12-05,2730,2730,2555,2580,446254,-0.06690777576853524
2023-12-06,2610,2650,2595,2595,196754,0.005813953488372103
2023-12-07,2595,2655,2540,2570,239702,-0.009633911368015391
2023-12-08,2615,2920,2610,2900,3142359,0.12840466926070038
2023-12-11,2905,3260,2845,2975,4242924,0.02586206896551735
2023-12-12,3045,3865,3040,3865,21824360,0.29915966386554627
2023-12-13,4235,4925,4170,4350,45175375,0.12548512289780067
2023-12-14,4275,4285,3995,4185,6203784,-0.037931034482758585
2023-12-15,4090,4110,3870,3900,3646914,-0.06810035842293904
2023-12-18,3790,3945,3780,3930,3189803,0.007692307692307665
2023-12-19,3870,4085,3750,4030,4755962,0.025445292620865034
2023-12-20,4000,4090,3925,4090,2338335,0.014888337468982549
2023-12-21,3935,4155,3920,4155,2133868,0.01589242053789741
2023-12-22,4270,4620,3835,3835,13930972,-0.07701564380264736
2023-12-26,3840,4165,3820,3965,3185859,0.03389830508474567
2023-12-27,4000,4060,3900,3925,1776036,-0.010088272383354302
2023-12-28,3905,3945,3605,3910,1430309,-0.003821656050955413
2024-01-02,3905,4290,3895,4230,3915266,0.08184143222506401
2024-01-03,4150,4455,4030,4380,3354418,0.03546099290780136
2024-01-04,4300,4630,4060,4300,5024645,-0.0182648401826484
2024-01-05,4570,4700,4205,4340,3482080,0.009302325581395321
2024-01-08,4250,4475,4240,4290,1642054,-0.011520737327188946
2024-01-09,4390,4575,4225,4360,3291921,0.01631701631701632
2024-01-10,4400,4400,4070,4140,1340755,-0.050458715596330306
2024-01-11,4090,4090,3910,3945,1097160,-0.047101449275362306
2024-01-12,3935,3935,3730,3810,864760,-0.034220532319391594
2024-01-15,3870,4245,3785,4185,2252828,0.09842519685039375
2024-01-16,4235,4360,4010,4105,1206981,-0.019115890083632014
2024-01-17,4145,4150,3900,3985,733910,-0.02923264311814855
2024-01-18,4040,4330,3900,4300,2788527,0.0790464240903388
2024-01-19,4485,4630,4250,4380,3854998,0.018604651162790642
2024-01-22,4585,4650,4325,4520,4188949,0.03196347031963476
2024-01-23,4660,5870,4560,5210,27641090,0.15265486725663724
2024-01-24,5160,5300,4945,5250,4434635,0.007677543186180413
2024-01-25,5150,5490,4980,5190,6112126,-0.011428571428571455
2024-01-26,4825,4995,4670,4755,2508470,-0.08381502890173409
2024-01-29,4755,4875,4595,4675,1440883,-0.01682439537329128
2024-01-30,4680,4700,4380,4450,1111695,-0.048128342245989275
2024-01-31,4480,4495,4280,4320,827551,-0.02921348314606742
2024-02-01,4230,4340,4125,4210,890057,-0.02546296296296291
2024-02-02,4250,4320,4055,4055,955633,-0.03681710213776723
2024-02-05,4055,4075,3900,3950,802986,-0.025893958076448786
2024-02-06,3940,4085,3790,4010,904217,0.0151898734177216
2024-02-07,4005,4005,3825,3870,513818,-0.034912718204488824
2024-02-08,3945,4260,3880,4230,1562515,0.09302325581395343
2024-02-13,4275,4700,4250,4520,2353425,0.0685579196217494
2024-02-14,4395,4620,4330,4605,955185,0.01880530973451333
2024-02-15,4710,4720,4420,4435,725754,-0.036916395222584164
2024-02-16,4435,4445,4250,4250,554464,-0.04171364148816237
2024-02-19,4215,4265,4135,4210,400675,-0.009411764705882342
2024-02-20,4210,4265,4050,4160,522708,-0.01187648456057011
2024-02-21,4080,4160,4005,4120,479674,-0.009615384615384581
2024-02-22,4195,4875,4145,4295,10212683,0.04247572815533984
2024-02-23,4360,4685,4170,4170,3086405,-0.029103608847497076
2024-02-26,4170,4260,4095,4155,585906,-0.003597122302158251
2024-02-27,4110,4315,4070,4240,692741,0.020457280385078214
2024-02-28,4165,4530,4165,4425,1269021,0.04363207547169812
2024-02-29,4375,4410,4250,4315,496971,-0.024858757062146908
2024-03-04,4330,4565,4330,4555,1194285,0.05561993047508684
2024-03-05,4540,4620,4425,4480,977537,-0.016465422612513714
2024-03-06,4430,4430,4275,4295,632736,-0.041294642857142905
2024-03-07,4435,4690,4305,4390,2428490,0.022118742724097862
2024-03-08,4445,4520,4325,4430,755708,0.009111617312072884
2024-03-11,4390,4390,4145,4325,784267,-0.023702031602708784
2024-03-12,4320,4350,4200,4330,401716,0.0011560693641619046
2024-03-13,4455,4455,4255,4265,406624,-0.01501154734411081
2024-03-14,4260,4265,4135,4205,330473,-0.014067995310668269
2024-03-15,4205,4240,4030,4170,392269,-0.008323424494649179
2024-03-18,4170,4315,4150,4215,249773,0.010791366906474753
2024-03-19,4215,4215,4095,4150,270423,-0.01542111506524313
2024-03-20,4150,4495,4115,4145,999352,-0.001204819277108471
2024-03-21,4205,4295,4140,4160,365436,0.003618817852834688
2024-03-22,4165,4445,4165,4390,1069616,0.05528846153846145
2024-03-25,4380,4770,4330,4520,2427488,0.029612756264236983
2024-03-26,4525,4720,4435,4670,1149210,0.0331858407079646
2024-03-27,4630,4680,4155,4255,1881165,-0.08886509635974305
2024-03-28,4315,4455,4230,4315,1009493,0.014101057579318343
2024-03-29,4350,4450,4240,4280,463388,-0.008111239860950192
2024-04-01,4310,4430,4270,4280,628996,0.0
2024-04-02,4280,4350,4140,4145,866981,-0.031542056074766345
2024-04-03,4165,4195,4015,4040,493270,-0.02533172496984315
2024-04-04,4100,4160,4055,4085,447416,0.011138613861386037
2024-04-05,4000,4070,3880,4040,556134,-0.011015911872705009
2024-04-08,4045,4140,3780,3785,564134,-0.06311881188118806
2024-04-09,3810,4190,3785,3835,1668339,0.013210039630118908
2024-04-11,3730,3790,3685,3715,439575,-0.0312907431551499
2024-04-12,3760,3760,3605,3700,411511,-0.004037685060565233
2024-04-15,3680,3680,3460,3575,498085,-0.03378378378378377
2024-04-16,3520,3670,3515,3650,385326,0.020979020979021046
2024-04-17,3650,3730,3560,3565,255157,-0.023287671232876672
2024-04-18,3550,3705,3520,3700,159218,0.03786816269284721
2024-04-19,3685,3685,3390,3520,553460,-0.048648648648648596
2024-04-22,3560,3610,3260,3315,726166,-0.058238636363636354
2024-04-23,3350,3470,3305,3305,456171,-0.003016591251885359
2024-04-24,3400,3450,3350,3365,261743,0.018154311649016597
2024-04-25,3365,3670,3350,3470,805756,0.031203566121842385
2024-04-26,3510,3865,3500,3680,1258172,0.060518731988472574
2024-04-29,3685,3855,3685,3815,544669,0.036684782608695565
2024-04-30,3820,3820,3670,3690,369498,-0.032765399737876844
2024-05-02,3685,3770,3650,3760,209917,0.01897018970189701
2024-05-03,3785,4470,3785,4050,11189222,0.0771276595744681
2024-05-07,4190,4640,4100,4290,14788037,0.059259259259259345
2024-05-08,4385,4680,4380,4535,8207969,0.05710955710955701
2024-05-09,4950,5340,4760,4900,12715531,0.0804851157662625
2024-05-10,4865,5100,4760,4825,3063070,-0.015306122448979553
2024-05-13,4765,4815,4565,4585,1541957,-0.049740932642487024
2024-05-14,4520,5900,4400,5650,16948993,0.23227917121046882
2024-05-16,5600,6100,5500,5720,14620825,0.012389380530973382
2024-05-17,5660,5810,5380,5410,3334369,-0.054195804195804165
2024-05-20,5440,5730,5240,5400,3257291,-0.001848428835489857
2024-05-21,5300,5780,5300,5460,3578782,0.011111111111111072
2024-05-22,5400,5540,5240,5340,1606827,-0.02197802197802201
2024-05-23,5410,5940,5300,5600,6939054,0.04868913857677892
2024-05-24,5520,5660,5340,5550,1516006,-0.008928571428571397
2024-05-27,5590,5990,5550,5740,3860918,0.03423423423423433
2024-05-28,5680,6050,5440,5880,2998441,0.024390243902439046
2024-05-29,6090,6360,5650,5680,5169241,-0.03401360544217691
2024-05-30,6200,7380,6010,7110,35420816,0.25176056338028174
2024-05-31,7230,7440,6890,6950,6402540,-0.02250351617440227
2024-06-03,7110,7820,7010,7300,7725407,0.050359712230215736
2024-06-04,7260,7560,7040,7120,4997287,-0.024657534246575352
2024-06-05,7140,7670,7070,7290,3174864,0.023876404494381998
2024-06-07,7580,9470,7230,9470,20197180,0.2990397805212619
2024-06-10,10370,11060,10000,10370,11502749,0.09503695881731788
2024-06-11,10510,12280,10390,11550,12976634,0.1137897782063646
2024-06-12,11650,13420,11560,12500,9992345,0.08225108225108224
2024-06-13,13000,13000,11010,11490,3377936,-0.08079999999999998
2024-06-14,11080,12510,10620,12280,3139050,0.06875543951261975
2024-06-17,12660,12680,11400,11870,1226844,-0.03338762214983715
2024-06-18,11750,12270,11220,12000,1312537,0.010951979780960297
2024-06-19,12150,13750,11770,13670,3183323,0.13916666666666666
2024-06-20,13790,13830,12220,12510,1907117,-0.08485735186539867
2024-06-21,11880,12760,11800,12630,1050308,0.00959232613908867
2024-06-24,12200,12730,11950,12700,808418,0.005542359461599311
2024-06-25,12720,12970,12380,12750,727654,0.003937007874015741
2024-06-26,12820,14210,12610,13940,1895317,0.09333333333333327
2024-06-27,13800,13800,13200,13450,991660,-0.035150645624103305
2024-06-28,13990,13990,11280,11410,2552808,-0.15167286245353162
2024-07-01,11170,11290,10120,10320,2486316,-0.09553023663453108
2024-07-02,10390,10680,9900,10250,1208565,-0.006782945736434121
2024-07-03,10110,10460,9910,10070,1156840,-0.017560975609756113
2024-07-04,9990,10070,9500,9800,1232668,-0.026812313803376342
2024-07-05,9810,10280,9580,10080,1626140,0.02857142857142847
2024-07-08,10110,10240,9340,9700,987408,-0.037698412698412676
2024-07-09,9810,10400,9600,9810,1399117,0.01134020618556697
2024-07-10,9800,10270,8950,9090,1943862,-0.07339449541284404
2024-07-11,9110,9240,8800,9160,1232537,0.007700770077007757
2024-07-12,9170,9650,8720,8880,1018723,-0.03056768558951961
2024-07-15,8990,8990,8370,8500,796186,-0.0427927927927928
2024-07-16,8510,8860,8310,8730,875321,0.027058823529411802
2024-07-17,8730,8730,8020,8130,848289,-0.06872852233676974
2024-07-18,7960,7980,7620,7930,1197770,-0.024600246002460024
2024-07-19,8050,10080,7750,9930,10811271,0.25220680958385877
2024-07-22,9970,11600,9550,10200,7010491,0.027190332326284095
2024-07-23,10450,10760,10180,10550,1777920,0.03431372549019618
2024-07-24,10340,11050,10180,10520,1638313,-0.0028436018957346265
2024-07-25,10100,10920,10010,10770,1332493,0.023764258555132978
2024-07-26,10710,11050,10240,10670,1247633,-0.00928505106778088
2024-07-29,10990,11500,10690,11240,1572257,0.0534208059981256
2024-07-30,11010,11490,10900,11100,806052,-0.01245551601423489
2024-07-31,10820,11400,10670,11300,918042,0.018018018018018056
2024-08-01,11090,11180,10820,10950,606583,-0.030973451327433676
2024-08-02,10700,10720,10040,10230,761753,-0.0657534246575342
2024-08-05,9600,9700,8130,8740,1242786,-0.1456500488758553
2024-08-06,8740,10350,8700,9820,1218144,0.1235697940503433
2024-08-07,9820,10110,9600,9930,572105,0.011201629327902252
2024-08-08,9940,11680,9940,11270,3152800,0.13494461228600207
2024-08-09,11740,12210,11350,11500,1507890,0.020408163265306145
2024-08-12,11830,12980,11720,12470,2144386,0.08434782608695657
2024-08-13,12470,13500,12350,12890,2125281,0.03368083400160393
2024-08-14,13000,16750,12910,16750,7890433,0.29945694336695117
2024-08-16,17260,18730,16240,18310,10153821,0.0931343283582089
2024-08-19,18150,18200,16110,16170,2043161,-0.11687602403058439
2024-08-20,16750,18590,16170,17230,2843899,0.06555349412492273
2024-08-21,16700,17910,16180,17100,925216,-0.007544979686593178
2024-08-22,17420,17670,16680,16940,538414,-0.009356725146198785
2024-08-23,16570,17750,16570,17530,834720,0.03482880755608031
2024-08-26,18000,18000,17060,17670,503377,0.00798630918425558
2024-08-27,17320,19990,17320,19040,2728447,0.0775325410299943
2024-08-28,19190,20850,18710,20200,1311560,0.060924369747899165
2024-08-29,19900,21750,19550,21400,989473,0.05940594059405946
2024-08-30,21800,23000,18120,18800,2834305,-0.12149532710280375
2024-09-02,18500,19930,17390,19000,1304903,0.010638297872340496
2024-09-03,18890,19650,17470,17470,1205821,-0.08052631578947367
2024-09-04,16360,17380,16240,16400,929790,-0.06124785346307959
2024-09-05,17010,18370,15060,16560,2052883,0.009756097560975618
2024-09-06,17770,18430,16800,17450,1523786,0.05374396135265691
2024-09-09,17450,19280,17090,18950,1215118,0.08595988538681953
2024-09-10,19250,19260,17330,17940,898563,-0.053298153034300744
2024-09-11,18020,18130,17310,17960,591055,0.0011148272017837968
2024-09-12,18140,19140,17720,18480,892948,0.028953229398663627
2024-09-13,19890,20250,18590,18880,1201677,0.02164502164502169
2024-09-19,18900,18940,17250,18090,723702,-0.04184322033898302
2024-09-20,17850,18250,17120,17300,643686,-0.043670536207849664
2024-09-23,16850,18100,16410,17200,483982,-0.005780346820809301
2024-09-24,17390,18300,16900,18090,673597,0.05174418604651154
2024-09-25,18240,23300,18240,22050,5184941,0.2189054726368158
2024-09-26,22500,23800,22050,23000,1868273,0.04308390022675734
2024-09-27,23100,24550,23000,24250,1508980,0.05434782608695654
2024-09-30,24250,27500,23200,27100,2548538,0.11752577319587632
2024-10-02,27950,29200,27200,28800,1671506,0.0627306273062731
2024-10-04,28900,34400,28900,33700,2355835,0.17013888888888884
2024-10-07,33000,33950,30500,30800,1767894,-0.08605341246290799
2024-10-08,32000,38500,31600,37600,4086870,0.22077922077922074
2024-10-10,37600,40500,35800,39250,2163121,0.0438829787234043
2024-10-11,38600,41900,38100,38700,1106298,-0.014012738853503182
2024-10-14,38700,38950,35200,37700,686870,-0.025839793281653756
2024-10-15,37350,39750,35550,39150,763518,0.03846153846153855
2024-10-16,37900,40700,37850,39200,401633,0.0012771392081736277
2024-10-17,39800,41500,38950,41300,615766,0.0535714285714286
2024-10-18,41300,44700,40300,42650,938945,0.032687651331719136
2024-10-21,43000,44900,41950,44300,547490,0.0386869871043376
2024-10-22,43900,45750,31200,31200,1482708,-0.2957110609480813
2024-10-23,33150,38800,25350,29800,5678388,-0.04487179487179482
2024-10-24,29750,30100,26300,27050,1469719,-0.09228187919463082
2024-10-25,28350,32750,27800,28850,3796299,0.06654343807763397
2024-10-28,30150,31200,27250,28550,1223407,-0.010398613518197597
2024-10-29,28500,29450,26950,27350,719616,-0.042031523642731994
2024-10-30,27400,30400,26200,29750,2203027,0.08775137111517362
2024-10-31,29600,30900,28000,28600,995573,-0.03865546218487392
2024-11-01,28300,30000,27750,29450,801988,0.029720279720279796
2024-11-04,30000,34800,29200,34150,2196042,0.15959252971137516
2024-11-05,35750,35750,32550,32700,1145578,-0.04245973645680823
2024-11-06,32400,33100,29700,29900,1048527,-0.08562691131498468
2024-11-07,30500,32800,29900,31700,921657,0.06020066889632103
2024-11-08,31150,32300,30550,31700,521935,0.0
2024-11-11,31700,32600,30300,30550,598776,-0.0362776025236593
2024-11-12,30550,31000,28850,29200,550526,-0.04418985270049103
2024-11-13,28950,29850,27650,28600,634406,-0.020547945205479423
2024-11-14,28450,28900,26300,26900,772966,-0.05944055944055948
2024-11-15,26300,28300,24950,26650,681588,-0.009293680297397744
2024-11-18,26000,27300,25200,27250,510882,0.022514071294559068
2024-11-19,27000,27100,26000,26450,320767,-0.029357798165137616
2024-11-20,26050,26800,22450,23000,1466946,-0.13043478260869568
