Date,Open,High,Low,Close,Volume,Change
2022-01-03,3600,3605,3540,3550,42053,-0.01388888888888884
2022-01-04,3550,3630,3535,3620,42455,0.019718309859154903
2022-01-05,3630,3690,3580,3690,166518,0.01933701657458564
2022-01-06,3660,3785,3650,3740,76045,0.013550135501354976
2022-01-07,3750,3800,3720,3795,74843,0.014705882352941124
2022-01-10,3800,3900,3800,3900,222721,0.027667984189723382
2022-01-11,3925,3940,3800,3920,97440,0.00512820512820511
2022-01-12,3915,3920,3850,3895,53544,-0.0063775510204081565
2022-01-13,3900,3930,3855,3930,76915,0.00898587933247752
2022-01-14,4000,4005,3790,3880,67118,-0.012722646310432517
2022-01-17,3840,3855,3755,3815,45618,-0.01675257731958768
2022-01-18,3735,3845,3735,3840,54216,0.006553079947575258
2022-01-19,3750,3850,3680,3850,38245,0.0026041666666667407
2022-01-20,3800,3890,3770,3885,24342,0.009090909090909038
2022-01-21,3885,3885,3815,3870,24856,-0.0038610038610038533
2022-01-24,3850,3850,3700,3845,20567,-0.006459948320413411
2022-01-25,3800,3815,3655,3675,44257,-0.044213263979193784
2022-01-26,3610,3730,3610,3620,31538,-0.014965986394557818
2022-01-27,3680,3680,3480,3610,56487,-0.002762430939226568
2022-01-28,3605,3615,3515,3600,45466,-0.0027700831024930483
2022-02-03,3670,3800,3600,3775,68165,0.04861111111111116
2022-02-04,3775,3845,3750,3820,17704,0.01192052980132452
2022-02-07,3805,3860,3785,3835,41603,0.003926701570680535
2022-02-08,3835,3855,3780,3835,49851,0.0
2022-02-09,3835,3850,3810,3815,36020,-0.0052151238591916504
2022-02-10,3825,3850,3795,3805,32564,-0.002621231979030192
2022-02-11,3775,4005,3775,3880,212655,0.019710906701708275
2022-02-14,3865,3865,3765,3810,47102,-0.01804123711340211
2022-02-15,3815,3865,3695,3790,58864,-0.005249343832021025
2022-02-16,3800,3840,3775,3810,23256,0.005277044854881341
2022-02-17,3805,3855,3740,3760,32948,-0.013123359580052507
2022-02-18,3715,3770,3685,3755,17818,-0.0013297872340425343
2022-02-21,3750,3750,3700,3725,14636,-0.007989347536617841
2022-02-22,3675,3765,3640,3670,27833,-0.014765100671140896
2022-02-23,3645,3715,3585,3690,27407,0.005449591280654031
2022-02-24,3690,3700,3580,3585,25600,-0.028455284552845517
2022-02-25,3585,3720,3585,3680,46607,0.02649930264993028
2022-02-28,3675,3690,3650,3675,4418,-0.0013586956521739468
2022-03-02,3700,3740,3660,3715,35571,0.010884353741496655
2022-03-03,3735,3780,3695,3755,36241,0.010767160161507361
2022-03-04,3760,3840,3725,3840,16088,0.022636484687083902
2022-03-07,3780,3800,3700,3730,52226,-0.02864583333333337
2022-03-08,3700,3745,3620,3720,20207,-0.002680965147453085
2022-03-10,3720,3805,3720,3755,21525,0.009408602150537737
2022-03-11,3795,3800,3750,3770,12851,0.003994673768308976
2022-03-14,3780,3805,3755,3775,22973,0.0013262599469496816
2022-03-15,3795,3795,3700,3780,39686,0.0013245033112583293
2022-03-16,3780,3840,3730,3805,35708,0.006613756613756516
2022-03-17,3860,3865,3765,3865,49848,0.01576872536136653
2022-03-18,3850,3970,3810,3970,155839,0.027166882276843385
2022-03-21,3965,3965,3920,3925,41382,-0.01133501259445846
2022-03-22,3910,4080,3910,4025,304806,0.02547770700636942
2022-03-23,4080,4080,3980,4025,198905,0.0
2022-03-24,4025,4025,3980,3995,48614,-0.007453416149068359
2022-03-25,3995,4045,3940,3945,44501,-0.01251564455569465
2022-03-28,4025,4065,4000,4040,125255,0.02408111533586821
2022-03-29,4070,4090,4000,4010,58659,-0.007425742574257432
2022-03-30,4010,4040,3920,3940,41901,-0.017456359102244412
2022-03-31,3960,4090,3955,4050,77884,0.027918781725888353
2022-04-01,4035,4080,4020,4040,43696,-0.0024691358024691024
2022-04-04,4035,4045,3985,4000,49694,-0.00990099009900991
2022-04-05,4020,4020,3950,3985,34450,-0.003750000000000031
2022-04-06,4000,4200,3970,4200,518691,0.053952321204516984
2022-04-07,4265,4290,4155,4230,352225,0.0071428571428571175
2022-04-08,4210,4230,4100,4200,114879,-0.007092198581560294
2022-04-11,4200,4245,4115,4200,96499,0.0
2022-04-12,4200,4235,4045,4170,145577,-0.0071428571428571175
2022-04-13,4145,4160,4080,4160,59585,-0.0023980815347721673
2022-04-14,4155,4280,4130,4275,197820,0.027644230769230838
2022-04-15,4235,4385,4235,4255,262222,-0.004678362573099393
2022-04-18,4260,4340,4180,4295,99581,0.009400705052879044
2022-04-19,4275,4300,4205,4285,63812,-0.002328288707799775
2022-04-20,4290,4365,4240,4310,74881,0.005834305717619559
2022-04-21,4310,4330,4210,4265,84864,-0.01044083526682138
2022-04-22,4225,4330,4220,4270,87269,0.0011723329425556983
2022-04-25,4200,4245,4070,4125,105794,-0.03395784543325531
2022-04-26,4150,4150,4030,4125,90375,0.0
2022-04-27,4020,4060,3985,3990,55446,-0.032727272727272716
2022-04-28,3990,4010,3920,3945,51813,-0.011278195488721776
2022-04-29,3950,4000,3905,3950,86443,0.0012674271229404788
2022-05-02,3945,3995,3920,3985,40831,0.008860759493670933
2022-05-03,4020,4050,4005,4050,49809,0.016311166875784266
2022-05-04,4050,4050,3985,4000,61215,-0.012345679012345734
2022-05-06,3950,3990,3865,3885,74409,-0.028750000000000053
2022-05-09,3885,3920,3800,3800,57723,-0.02187902187902191
2022-05-10,3760,3785,3695,3775,38868,-0.006578947368421018
2022-05-11,3710,3880,3685,3735,45908,-0.01059602649006619
2022-05-12,3720,3800,3670,3710,67439,-0.00669344042838016
2022-05-13,3730,3830,3725,3755,37488,0.0121293800539084
2022-05-16,3740,3800,3715,3730,32603,-0.0066577896138482195
2022-05-17,3715,3840,3645,3720,86265,-0.002680965147453085
2022-05-18,3720,3730,3675,3685,28346,-0.009408602150537626
2022-05-19,3670,3675,3600,3620,50132,-0.01763907734056991
2022-05-20,3625,3655,3580,3580,22520,-0.011049723756906049
2022-05-23,3600,3615,3505,3525,52188,-0.015363128491620137
2022-05-24,3550,3550,3490,3540,35343,0.004255319148936065
2022-05-25,3520,3565,3500,3540,34699,0.0
2022-05-26,3565,3730,3560,3650,103068,0.031073446327683607
2022-05-27,3655,3780,3650,3720,67112,0.019178082191780854
2022-05-30,3735,3790,3725,3790,35927,0.018817204301075252
2022-05-31,3750,3860,3735,3855,99793,0.01715039577836408
2022-06-02,3825,3880,3805,3865,49062,0.0025940337224383825
2022-06-03,3865,3885,3825,3830,33221,-0.009055627425614499
2022-06-07,3855,3895,3675,3770,82518,-0.015665796344647487
2022-06-08,3750,3850,3710,3710,41125,-0.01591511936339518
2022-06-09,3705,3730,3665,3670,22840,-0.010781671159029615
2022-06-10,3670,3670,3595,3635,25888,-0.009536784741144388
2022-06-13,3635,3635,3480,3575,41398,-0.016506189821182904
2022-06-14,3420,3575,3420,3560,52408,-0.004195804195804231
2022-06-15,3465,3560,3460,3500,36520,-0.016853932584269704
2022-06-16,3525,3640,3500,3565,42576,0.01857142857142846
2022-06-17,3505,3580,3300,3580,53173,0.004207573632538653
2022-06-20,3580,3580,3370,3555,34686,-0.006983240223463638
2022-06-21,3520,3590,3480,3570,55856,0.00421940928270037
2022-06-22,3550,3600,3270,3270,171774,-0.08403361344537819
2022-06-23,3295,3305,3030,3100,93968,-0.051987767584097844
2022-06-24,3150,3160,3045,3130,55865,0.00967741935483879
2022-06-27,3130,3315,3110,3300,113490,0.054313099041533475
2022-06-28,3300,3350,3210,3320,30973,0.0060606060606061
2022-06-29,3270,3365,3250,3290,23062,-0.009036144578313254
2022-06-30,3270,3295,3230,3245,35106,-0.01367781155015202
2022-07-01,3205,3245,3175,3225,7832,-0.006163328197226536
2022-07-04,3200,3230,3170,3210,44955,-0.0046511627906976605
2022-07-05,3200,3215,3155,3205,24408,-0.0015576323987538387
2022-07-06,3205,3205,3105,3195,29722,-0.0031201248049922414
2022-07-07,3165,3205,3160,3190,14220,-0.0015649452269170805
2022-07-08,3190,3215,3170,3190,46745,0.0
2022-07-11,3190,3205,3160,3165,15105,-0.00783699059561127
2022-07-12,3160,3215,3090,3160,108733,-0.0015797788309637184
2022-07-13,3155,3180,3110,3165,20170,0.0015822784810126667
2022-07-14,3155,3210,3155,3175,63289,0.003159557661927437
2022-07-15,3175,3190,3125,3160,63994,-0.0047244094488189115
2022-07-18,3170,3210,3155,3165,203785,0.0015822784810126667
2022-07-19,3185,3185,2970,3140,788465,-0.00789889415481837
2022-07-20,3165,3180,3070,3140,553311,0.0
2022-07-21,3135,3270,3130,3245,123138,0.03343949044585992
2022-07-22,3265,3280,3210,3240,55401,-0.0015408320493066618
2022-07-25,3240,3325,3230,3305,55891,0.020061728395061706
2022-07-26,3325,3345,3300,3340,33581,0.010590015128593144
2022-07-27,3310,3370,3310,3365,12152,0.007485029940119681
2022-07-28,3380,3390,3325,3340,59591,-0.007429420505200568
2022-07-29,3340,3390,3305,3315,52761,-0.007485029940119792
2022-08-01,3345,3345,3275,3315,15742,0.0
2022-08-02,3285,3320,3250,3260,32622,-0.016591251885369585
2022-08-03,3275,3820,3270,3395,419874,0.04141104294478537
2022-08-04,3405,3520,3385,3445,122282,0.014727540500736325
2022-08-05,3450,3485,3425,3455,23246,0.002902757619738683
2022-08-08,3455,3520,3410,3430,35515,-0.00723589001447178
2022-08-09,3430,3430,3350,3365,24216,-0.01895043731778423
2022-08-10,3360,3380,3290,3305,46383,-0.017830609212481474
2022-08-11,3320,3450,3315,3445,55174,0.04236006051437213
2022-08-12,3445,3540,3425,3525,53466,0.023222060957909907
2022-08-16,3525,3640,3500,3600,68778,0.02127659574468077
2022-08-17,3580,3740,3455,3540,43435,-0.01666666666666672
2022-08-18,3500,3550,3435,3540,29410,0.0
2022-08-19,3510,3550,3500,3515,20997,-0.007062146892655385
2022-08-22,3520,3520,3435,3455,25539,-0.017069701280227556
2022-08-23,3430,3520,3360,3360,33501,-0.02749638205499272
2022-08-24,3395,3490,3345,3415,20135,0.016369047619047672
2022-08-25,3415,3515,3410,3430,13947,0.004392386530014614
2022-08-26,3430,3460,3375,3395,16390,-0.010204081632653073
2022-08-29,3245,3375,3245,3300,19912,-0.027982326951399128
2022-08-30,3280,3370,3280,3320,16091,0.0060606060606061
2022-08-31,3320,3350,3290,3345,9716,0.0075301204819278045
2022-09-01,3345,3345,3295,3335,16490,-0.002989536621823663
2022-09-02,3325,3340,3290,3295,17097,-0.01199400299850073
2022-09-05,3290,3350,3270,3295,9502,0.0
2022-09-06,3250,3375,3250,3350,20358,0.01669195751138086
2022-09-07,3350,3365,3270,3325,37944,-0.007462686567164201
2022-09-08,3305,3355,3305,3350,8088,0.007518796992481258
2022-09-13,3355,3445,3330,3440,50386,0.02686567164179099
2022-09-14,3385,3385,3330,3375,17858,-0.018895348837209336
2022-09-15,3365,3400,3350,3370,11646,-0.001481481481481528
2022-09-16,3350,3480,3350,3460,133018,0.026706231454005858
2022-09-19,3460,3510,3420,3460,35245,0.0
2022-09-20,3460,3510,3460,3480,11976,0.005780346820809301
2022-09-21,3505,3520,3450,3490,23053,0.002873563218390718
2022-09-22,3490,3490,3380,3405,27940,-0.024355300859598805
2022-09-23,3405,3445,3390,3440,38660,0.010279001468428861
2022-09-26,3440,3450,3250,3300,58888,-0.04069767441860461
2022-09-27,3300,3300,3170,3230,42643,-0.021212121212121238
2022-09-28,3230,3235,3050,3200,166765,-0.009287925696594423
2022-09-29,3200,3275,3175,3175,15149,-0.0078125
2022-09-30,3140,3270,3070,3090,36565,-0.026771653543307128
2022-10-04,3090,3135,3080,3135,24948,0.014563106796116498
2022-10-05,3140,3180,3100,3100,26518,-0.011164274322169043
2022-10-06,3115,3310,3090,3140,180630,0.012903225806451646
2022-10-07,3105,3200,3100,3125,20374,-0.004777070063694322
2022-10-11,3105,3120,3005,3010,28954,-0.036800000000000055
2022-10-12,2940,2985,2940,2945,21652,-0.021594684385382035
2022-10-13,2885,3030,2855,3005,56889,0.02037351443123936
2022-10-14,3005,3115,3005,3030,22361,0.008319467554076532
2022-10-17,3025,3105,2850,3055,17653,0.008250825082508184
2022-10-18,3040,3095,3040,3060,34532,0.0016366612111293755
2022-10-19,3065,3090,3035,3060,24628,0.0
2022-10-20,3060,3065,2970,3010,10725,-0.016339869281045805
2022-10-21,3010,3010,2955,2990,13337,-0.006644518272425293
2022-10-24,2990,3020,2915,2975,22344,-0.0050167224080267525
2022-10-25,2975,2980,2920,2925,17546,-0.01680672268907568
2022-10-26,2925,2935,2885,2895,18721,-0.01025641025641022
2022-10-27,2885,2940,2820,2935,149730,0.013816925734024155
2022-10-28,2985,3000,2920,2945,56426,0.0034071550255536653
2022-10-31,2940,2965,2905,2950,11475,0.001697792869269854
2022-11-01,2930,3130,2920,2980,24150,0.01016949152542379
2022-11-02,2940,2975,2935,2955,52151,-0.008389261744966459
2022-11-03,2920,2955,2890,2935,113204,-0.006768189509306244
2022-11-04,2910,2925,2800,2855,71118,-0.027257240204429323
2022-11-07,2855,2870,2830,2835,28077,-0.007005253940455369
2022-11-08,2845,2865,2780,2855,105870,0.007054673721340388
2022-11-09,2855,2870,2825,2840,40150,-0.005253940455341555
2022-11-10,2825,2850,2810,2835,106618,-0.0017605633802817433
2022-11-11,2895,2895,2830,2840,62758,0.0017636684303350414
2022-11-14,2845,2880,2820,2880,25559,0.014084507042253502
2022-11-15,2880,2975,2860,2960,49918,0.02777777777777768
2022-11-16,3010,3010,2955,2965,34200,0.0016891891891892552
2022-11-17,2975,3000,2975,2995,19433,0.010118043844856706
2022-11-18,2970,3020,2970,3000,18769,0.0016694490818029983
2022-11-21,3000,3230,3000,3030,121658,0.010000000000000009
2022-11-22,3020,3100,3020,3070,22304,0.013201320132013139
2022-11-23,3070,3110,3060,3090,17218,0.006514657980456029
2022-11-24,3095,3170,3080,3170,14367,0.025889967637540368
2022-11-25,3170,3235,3120,3215,42760,0.014195583596214423
2022-11-28,3205,3225,3150,3185,36905,-0.009331259720062213
2022-11-29,3105,3205,3100,3195,20915,0.0031397174254317317
2022-11-30,3170,3210,3140,3165,85333,-0.009389671361502372
2022-12-01,3165,3240,3145,3160,56518,-0.0015797788309637184
2022-12-02,3170,3190,3125,3145,49618,-0.004746835443038
2022-12-05,3130,3175,3130,3170,11783,0.007949125596184325
2022-12-06,3115,3185,3115,3150,7590,-0.006309148264984188
2022-12-07,3125,3680,3080,3085,1167612,-0.020634920634920673
2022-12-08,3085,3110,3030,3070,64118,-0.004862236628849326
2022-12-09,3070,3145,3040,3095,52635,0.008143322475570036
2022-12-12,3095,3130,3065,3105,18240,0.003231017770597644
2022-12-13,3110,3135,3085,3125,43168,0.006441223832528209
2022-12-14,3135,3145,3085,3130,30448,0.0016000000000000458
2022-12-15,3130,3140,3100,3135,17918,0.0015974440894568342
2022-12-16,3100,3145,3095,3145,22318,0.0031897926634769647
2022-12-19,3130,3200,3115,3165,26607,0.006359300476947549
2022-12-20,3165,3175,3105,3170,29455,0.0015797788309637184
2022-12-21,3135,3220,3135,3175,11949,0.001577287066246047
2022-12-22,3210,3225,3170,3225,69015,0.015748031496062964
2022-12-23,3220,3235,3165,3205,43874,-0.006201550387596955
2022-12-26,3210,3220,3180,3200,18166,-0.0015600624024960652
2022-12-27,3175,3240,3160,3230,14026072,0.009374999999999911
2022-12-28,3230,3355,3195,3295,87016,0.020123839009287936
2022-12-29,3295,3400,3265,3370,118286,0.022761760242792084
2023-01-02,3400,3460,3340,3385,83606,0.004451038575667754
2023-01-03,3360,3385,3315,3355,41078,-0.008862629246676468
2023-01-04,3350,3485,3320,3440,77605,0.0253353204172877
2023-01-05,3440,3490,3415,3430,54407,-0.0029069767441860517
2023-01-06,3480,3480,3395,3395,36909,-0.010204081632653073
2023-01-09,3400,3415,3325,3330,30719,-0.019145802650957333
2023-01-10,3335,3355,3300,3305,11003,-0.007507507507507505
2023-01-11,3305,3335,3290,3320,7539,0.004538577912254205
2023-01-12,3320,3340,3285,3310,14384,-0.003012048192771122
2023-01-13,3300,3320,3295,3320,12000,0.0030211480362538623
2023-01-16,3315,3405,3310,3350,37818,0.009036144578313143
2023-01-17,3350,3840,3350,3490,1231213,0.04179104477611939
2023-01-18,3515,3560,3445,3475,97798,-0.004297994269340966
2023-01-19,3475,3475,3430,3470,31950,-0.0014388489208633226
2023-01-20,3460,3550,3460,3545,68448,0.021613832853025983
2023-01-25,3510,3545,3475,3525,34730,-0.005641748942172065
2023-01-26,3510,3560,3485,3530,25703,0.0014184397163119478
2023-01-27,3530,3565,3460,3550,27518,0.0056657223796034994
2023-01-30,3550,3560,3445,3500,41580,-0.014084507042253502
2023-01-31,3465,3570,3465,3550,53895,0.014285714285714235
2023-02-01,3550,3845,3550,3615,103631,0.018309859154929553
2023-02-02,3650,3700,3615,3670,50729,0.015214384508990264
2023-02-03,3670,3690,3605,3605,45591,-0.017711171662125325
2023-02-06,3585,3600,3515,3600,34074,-0.001386962552011095
2023-02-07,3575,3585,3520,3530,18784,-0.019444444444444486
2023-02-08,3605,3605,3525,3530,16201,0.0
2023-02-09,3530,3565,3490,3525,18818,-0.0014164305949008194
2023-02-10,3525,3630,3465,3480,26512,-0.012765957446808529
2023-02-13,3480,3635,3480,3545,96053,0.018678160919540332
2023-02-14,3550,3645,3550,3610,46136,0.01833568406205921
2023-02-15,3605,3660,3500,3535,34296,-0.020775623268698085
2023-02-16,3515,3565,3500,3550,23035,0.004243281471004279
2023-02-17,3550,3550,3455,3470,32226,-0.022535211267605604
2023-02-20,3470,3505,3440,3480,29728,0.0028818443804035088
2023-02-21,3480,3500,3415,3485,25455,0.001436781609195359
2023-02-22,3490,3490,3390,3440,26382,-0.012912482065997155
2023-02-23,3440,3990,3430,3690,867711,0.07267441860465107
2023-02-24,3725,3725,3650,3725,101261,0.009485094850948617
2023-02-27,3700,3815,3645,3775,139772,0.01342281879194629
2023-02-28,3780,3790,3695,3735,63933,-0.01059602649006619
2023-03-02,3735,3950,3705,3870,137264,0.03614457831325302
2023-03-03,3855,3870,3725,3790,63718,-0.02067183462532296
2023-03-06,3790,3790,3635,3660,143130,-0.03430079155672827
2023-03-07,3680,3860,3655,3790,111469,0.03551912568306004
2023-03-08,3730,3785,3685,3700,49218,-0.0237467018469657
2023-03-09,3675,3795,3675,3755,63958,0.014864864864864824
2023-03-10,3750,3820,3700,3750,47775,-0.0013315579227696217
2023-03-13,3700,3700,3560,3600,51385,-0.040000000000000036
2023-03-14,3540,3575,3325,3370,133880,-0.06388888888888888
2023-03-15,3370,3455,3355,3370,41083,0.0
2023-03-16,3370,3390,3260,3330,56812,-0.011869436201780381
2023-03-17,3345,3645,3230,3230,517738,-0.03003003003003002
2023-03-20,3325,3350,3225,3235,77542,0.001547987616099089
2023-03-21,3220,3300,3185,3210,155262,-0.007727975270479082
2023-03-22,3215,3235,3205,3210,43700,0.0
2023-03-23,3200,3230,3195,3205,27118,-0.0015576323987538387
2023-03-24,3150,3230,3150,3200,30976,-0.0015600624024960652
2023-03-27,3200,3200,3140,3150,77676,-0.015625
2023-03-28,3150,3250,3150,3170,42677,0.006349206349206327
2023-03-29,3195,3230,3150,3175,27128,0.001577287066246047
2023-03-30,3180,3230,3155,3175,48962,0.0
2023-03-31,3220,3235,3165,3180,44900,0.0015748031496063408
2023-04-03,3200,3245,3175,3180,18266,0.0
2023-04-04,3185,3210,3175,3200,64731,0.0062893081761006275
2023-04-05,3190,3225,3190,3210,49854,0.0031250000000000444
2023-04-06,3200,3235,3185,3205,73874,-0.0015576323987538387
2023-04-07,3190,3225,3190,3190,54500,-0.004680187207488307
2023-04-10,3170,3200,3170,3180,65804,-0.0031347962382445305
2023-04-11,3200,3230,3180,3220,61645,0.012578616352201255
2023-04-12,3185,3265,3185,3260,98329,0.012422360248447228
2023-04-13,3255,3260,3215,3245,20418,-0.004601226993865004
2023-04-14,3215,3275,3215,3240,65782,-0.0015408320493066618
2023-04-17,3240,3300,3220,3285,80816,0.01388888888888884
2023-04-18,3255,3295,3255,3285,82720,0.0
2023-04-19,3285,3415,3285,3380,82892,0.028919330289193246
2023-04-20,3385,3395,3305,3380,64876,0.0
2023-04-21,3345,3345,3265,3285,28774,-0.028106508875739622
2023-04-24,3270,3280,3230,3275,37877,-0.0030441400304414
2023-04-25,3270,3345,3255,3330,58576,0.016793893129771087
2023-04-26,3295,3325,3280,3325,8456,-0.0015015015015015232
2023-04-27,3310,3325,3280,3325,47294,0.0
2023-04-28,3310,3370,3310,3350,77600,0.007518796992481258
2023-05-02,3380,3385,3325,3330,49751,-0.005970149253731294
2023-05-03,3350,3350,3295,3295,20436,-0.010510510510510551
2023-05-04,3295,3300,3270,3290,22954,-0.0015174506828528056
2023-05-08,3270,3320,3270,3295,57353,0.001519756838905817
2023-05-09,3300,3480,3295,3325,177625,0.009104704097116834
2023-05-10,3330,3560,3330,3535,296996,0.06315789473684208
2023-05-11,3540,3695,3540,3595,165333,0.016973125884016893
2023-05-12,3595,3625,3470,3470,111195,-0.03477051460361613
2023-05-15,3470,3485,3265,3295,201749,-0.050432276657060515
2023-05-16,3340,3495,3295,3345,221027,0.015174506828528056
2023-05-17,3320,3430,3320,3390,41347,0.013452914798206317
2023-05-18,3370,3380,3285,3285,41495,-0.030973451327433676
2023-05-19,3290,3295,3255,3260,48000,-0.007610350076103556
2023-05-22,3260,3280,3230,3255,42607,-0.0015337423312883347
2023-05-23,3255,3290,3240,3290,15204,0.010752688172043001
2023-05-24,3300,3395,3265,3310,36018,0.006079027355623046
2023-05-25,3325,3350,3270,3295,36852,-0.004531722054380682
2023-05-26,3320,3320,3230,3235,24860,-0.018209408194233667
2023-05-30,3250,3255,3195,3215,50218,-0.0061823802163832875
2023-05-31,3220,3230,3195,3215,75450,0.0
2023-06-01,3195,3220,3190,3190,37062,-0.007776049766718529
2023-06-02,3190,3235,3185,3215,60793,0.00783699059561127
2023-06-05,3215,3240,3205,3205,61318,-0.0031104199066873672
2023-06-07,3210,3260,3190,3190,102117,-0.004680187207488307
2023-06-08,3190,3330,3190,3260,104753,0.021943573667711602
2023-06-09,3265,3350,3260,3275,70284,0.004601226993865115
2023-06-12,3275,3320,3270,3320,53218,0.013740458015267132
2023-06-13,3285,3310,3260,3265,34864,-0.016566265060240948
2023-06-14,3270,3285,3205,3210,60454,-0.016845329249617125
2023-06-15,3220,3235,3150,3185,66217,-0.007788161993769416
2023-06-16,3190,3215,3165,3185,56628,0.0
2023-06-19,3190,3195,3145,3170,71230,-0.004709576138147598
2023-06-20,3170,3205,3155,3170,46630,0.0
2023-06-21,3170,3170,3135,3155,73918,-0.004731861198738141
2023-06-22,3135,3155,3085,3120,156670,-0.011093502377179099
2023-06-23,3115,3120,3065,3065,51346,-0.017628205128205177
2023-06-26,3060,3115,3045,3090,60653,0.00815660685154973
2023-06-27,3095,3110,3080,3095,37840,0.0016181229773462036
2023-06-28,3100,3165,3100,3125,44221,0.009693053311793154
2023-06-29,3125,3155,3105,3105,24718,-0.006399999999999961
2023-06-30,3105,3170,3105,3155,8161,0.016103059581320522
2023-07-03,3155,3175,3125,3155,29218,0.0
2023-07-04,3155,3155,3090,3135,47101,-0.006339144215530945
2023-07-05,3135,3140,3065,3080,20988,-0.01754385964912286
2023-07-06,3050,3075,3025,3070,36382,-0.0032467532467532756
2023-07-07,3055,3060,3000,3060,29820,-0.0032573289902280145
2023-07-10,3060,3065,3030,3035,23218,-0.008169934640522847
2023-07-11,3035,3065,3015,3030,44603,-0.0016474464579900872
2023-07-12,3030,3060,3020,3055,31100,0.008250825082508184
2023-07-13,3060,3090,3025,3030,44332,-0.008183306055646433
2023-07-14,3030,3055,3015,3040,23832,0.0033003300330032292
2023-07-17,3055,3055,3000,3015,31518,-0.008223684210526327
2023-07-18,3015,3020,2950,2955,91418,-0.01990049751243783
2023-07-19,2995,2995,2940,2940,43118,-0.005076142131979711
2023-07-20,2940,2960,2935,2960,32102,0.006802721088435382
2023-07-21,2960,3005,2955,2990,34344,0.010135135135135087
2023-07-24,2990,2990,2925,2950,35936,-0.013377926421404673
2023-07-25,2950,2995,2780,2980,68706,0.01016949152542379
2023-07-26,2980,2990,2840,2865,65043,-0.038590604026845665
2023-07-27,2850,2970,2850,2970,29090,0.03664921465968596
2023-07-28,2980,3000,2945,3000,7476,0.010101010101010166
2023-07-31,3010,3090,2980,3055,61875,0.018333333333333313
2023-08-01,3055,3105,3035,3075,33369,0.00654664484451728
2023-08-02,3075,3090,3040,3045,20006,-0.009756097560975618
2023-08-03,2985,3100,2985,3090,13098,0.014778325123152802
2023-08-04,3110,3115,3070,3090,10818,0.0
2023-08-07,3095,3100,3050,3085,21221,-0.0016181229773463146
2023-08-08,3080,3175,3055,3125,31312,0.01296596434359798
2023-08-09,3125,3125,3050,3080,15160,-0.014399999999999968
2023-08-10,3070,3125,3045,3110,28995,0.009740259740259827
2023-08-11,3095,3150,3080,3095,69603,-0.004823151125401881
2023-08-14,3085,3085,2900,3010,83121,-0.02746365105008075
2023-08-16,2985,3030,2890,2935,112300,-0.02491694352159468
2023-08-17,2885,2940,2845,2890,51346,-0.015332197614991494
2023-08-18,2860,2920,2860,2880,26493,-0.0034602076124568004
2023-08-21,2880,2950,2875,2920,7517,0.01388888888888884
2023-08-22,2925,2945,2885,2900,34353,-0.006849315068493178
2023-08-23,2900,2925,2885,2910,19860,0.0034482758620688614
2023-08-24,2915,2935,2900,2915,16619,0.0017182130584192379
2023-08-25,2915,2935,2905,2920,12761,0.0017152658662091813
2023-08-28,2920,3005,2920,2955,27020,0.011986301369863117
2023-08-29,2960,2980,2945,2965,34900,0.0033840947546530664
2023-08-30,2955,2975,2945,2965,17704,0.0
2023-08-31,2950,2985,2950,2950,26843,-0.005059021922428353
2023-09-01,2950,2975,2930,2955,22430,0.0016949152542373724
2023-09-04,2975,2985,2930,2950,28872,-0.0016920473773265332
2023-09-05,2960,3035,2950,3035,23218,0.028813559322034
2023-09-06,3030,3030,2955,2955,17618,-0.02635914332784184
2023-09-07,2970,3020,2940,2955,31123,0.0
2023-09-08,2955,3015,2935,2975,21933,0.006768189509306355
2023-09-11,2975,3045,2960,2995,68700,0.006722689075630228
2023-09-12,2970,3030,2970,3015,36882,0.006677796327211993
2023-09-13,3015,3090,3000,3065,35992,0.016583747927031434
2023-09-14,3065,3075,3020,3075,36258,0.0032626427406199365
2023-09-15,3050,3155,3045,3130,93418,0.01788617886178856
2023-09-18,3115,3295,3110,3265,123673,0.04313099041533541
2023-09-19,3250,3335,3240,3330,137891,0.019908116385911168
2023-09-20,3300,3330,3230,3260,66818,-0.02102102102102099
2023-09-21,3260,3260,3150,3210,56134,-0.015337423312883458
2023-09-22,3210,3210,3115,3195,24505,-0.004672897196261627
2023-09-25,3195,3195,3020,3090,61794,-0.032863849765258246
2023-09-26,3100,3100,2995,2995,45444,-0.03074433656957931
2023-09-27,2995,3075,2980,3045,42606,0.016694490818029983
2023-10-04,3060,3060,2990,3020,35418,-0.008210180623973717
2023-10-05,3020,3175,3005,3090,81527,0.023178807947019875
2023-10-06,3090,3320,3090,3300,130742,0.06796116504854366
2023-10-10,3300,3320,3200,3200,71583,-0.030303030303030276
2023-10-11,3200,3275,3175,3220,61406,0.006250000000000089
2023-10-12,3220,3290,3210,3235,28279,0.004658385093167627
2023-10-13,3240,3310,3215,3250,59981,0.004636785162287493
2023-10-16,3250,3260,3170,3230,27144,-0.006153846153846176
2023-10-17,3210,3255,3205,3220,9119,-0.003095975232198178
2023-10-18,3230,3265,3155,3175,37181,-0.013975155279503104
2023-10-19,3175,3190,3075,3110,64238,-0.020472440944881876
2023-10-20,3110,3130,3040,3075,23400,-0.0112540192926045
2023-10-23,3040,3115,3000,3010,32418,-0.021138211382113803
2023-10-24,3010,3105,2995,3000,42936,-0.0033222591362126463
2023-10-25,3010,3085,3000,3065,30418,0.021666666666666723
2023-10-26,3020,3045,2995,3025,19223,-0.013050570962479635
2023-10-27,3030,3065,2995,3030,45932,0.0016528925619834212
2023-10-30,3000,3060,3000,3055,19293,0.008250825082508184
2023-10-31,3110,3110,3020,3050,29680,-0.0016366612111292644
2023-11-01,3050,3085,3020,3020,33209,-0.00983606557377048
2023-11-02,3035,3075,3020,3040,17170,0.0066225165562914245
2023-11-03,3040,3065,3030,3065,12002,0.008223684210526327
2023-11-06,3035,3070,3010,3040,44556,-0.00815660685154973
2023-11-07,3055,3055,3005,3020,38439,-0.006578947368421018
2023-11-08,3040,3040,2995,3010,33558,-0.0033112582781457123
2023-11-09,3040,3075,3015,3060,27015,0.01661129568106312
2023-11-10,3065,3065,3005,3010,38843,-0.016339869281045805
2023-11-13,3015,3120,3010,3020,12660,0.0033222591362125353
2023-11-14,3020,3085,2995,3025,49213,0.0016556291390728006
2023-11-15,3025,3035,2985,3020,77812,-0.0016528925619834212
2023-11-16,3005,3025,2995,3005,25492,-0.004966887417218513
2023-11-17,3015,3020,2975,2995,48246,-0.0033277870216306127
2023-11-20,2995,3015,2985,2990,19023,-0.0016694490818029983
2023-11-21,2990,3010,2970,3000,79596,0.0033444816053511683
2023-11-22,3000,3025,2990,3005,29984,0.0016666666666667052
2023-11-23,3020,3025,2990,2990,25954,-0.004991680532445919
2023-11-24,2990,3015,2985,3000,58396,0.0033444816053511683
2023-11-27,2995,3020,2995,3005,26272,0.0016666666666667052
2023-11-28,2990,3020,2990,3020,21548,0.004991680532445919
2023-11-29,3020,3025,2975,3000,19823,-0.0066225165562914245
2023-11-30,2990,3010,2975,2985,41338,-0.0050000000000000044
2023-12-01,3005,3180,2975,3040,261882,0.018425460636515956
2023-12-04,3015,3075,2975,2975,50558,-0.021381578947368474
2023-12-05,2980,3010,2965,3000,58100,0.008403361344537785
2023-12-06,2985,3025,2985,3000,27511,0.0
2023-12-07,3000,3020,2990,3000,17605,0.0
2023-12-08,3000,3015,2990,3005,36036,0.0016666666666667052
2023-12-11,3005,3030,3000,3010,22123,0.0016638935108153063
2023-12-12,3000,3030,2980,2995,22591,-0.004983388704318914
2023-12-13,3000,3015,2995,3000,11748,0.0016694490818029983
2023-12-14,3000,3015,2995,3010,103155,0.0033333333333334103
2023-12-15,3010,3020,2995,3010,35314,0.0
2023-12-18,3005,3020,2985,2995,35165,-0.004983388704318914
2023-12-19,2995,3015,2990,3000,54276,0.0016694490818029983
2023-12-20,2995,3080,2995,3050,75650,0.016666666666666607
2023-12-21,3045,3045,3010,3025,27134,-0.008196721311475419
2023-12-22,3030,3055,3025,3040,19761,0.0049586776859504855
2023-12-26,3040,3050,3010,3020,21551,-0.006578947368421018
2023-12-27,3020,3030,2995,3030,16221,0.0033112582781456013
2023-12-28,3025,3080,3025,3070,33402,0.013201320132013139
2024-01-02,3070,3075,3050,3070,10553,0.0
2024-01-03,3030,3060,3020,3030,21205,-0.013029315960912058
2024-01-04,3030,3055,2985,3015,21601,-0.004950495049504955
2024-01-05,3000,3030,2970,3000,56853,-0.00497512437810943
2024-01-08,3000,3070,2990,3005,19174,0.0016666666666667052
2024-01-09,3025,3025,2970,2980,83037,-0.008319467554076532
2024-01-10,2980,3005,2970,2980,19968,0.0
2024-01-11,2995,3000,2970,2975,28597,-0.001677852348993314
2024-01-12,2985,3025,2960,3005,30424,0.010084033613445342
2024-01-15,3010,3010,2975,2980,11857,-0.008319467554076532
2024-01-16,2980,2995,2965,2970,24057,-0.003355704697986628
2024-01-17,2970,2990,2895,2910,31446,-0.02020202020202022
2024-01-18,2905,2920,2860,2885,24213,-0.00859106529209619
2024-01-19,2870,2900,2850,2885,37245,0.0
2024-01-22,2895,2920,2855,2880,16299,-0.0017331022530329143
2024-01-23,2890,2910,2880,2880,10740,0.0
2024-01-24,2905,2965,2880,2935,44570,0.01909722222222232
2024-01-25,2975,2980,2910,2950,33131,0.005110732538330387
2024-01-26,2975,3015,2940,2965,28005,0.005084745762711895
2024-01-29,2980,3265,2970,3105,244364,0.04721753794266448
2024-01-30,3175,3385,3165,3280,302017,0.056360708534621606
2024-01-31,3390,3400,3220,3365,264754,0.02591463414634143
2024-02-01,3430,4370,3330,4370,3517661,0.29866270430906394
2024-02-02,4950,4970,4145,4430,5685883,0.013729977116704761
2024-02-05,4435,4630,4210,4455,2889649,0.0056433408577878375
2024-02-06,4310,4385,4115,4135,511404,-0.0718294051627385
2024-02-07,4010,4280,4010,4280,382029,0.03506650544135437
2024-02-08,4235,4245,4065,4065,376353,-0.050233644859813076
2024-02-13,5280,5280,5280,5280,938906,0.29889298892988925
2024-02-14,5760,6600,5400,5570,11155894,0.05492424242424243
2024-02-15,5680,5860,5420,5760,2246214,0.03411131059245953
2024-02-16,5610,5850,5400,5850,1302825,0.015625
2024-02-19,5690,6090,5680,6090,993199,0.0410256410256411
2024-02-20,5900,5920,5650,5800,504222,-0.04761904761904767
2024-02-21,5790,5800,5400,5410,429288,-0.0672413793103448
2024-02-22,5430,5630,5180,5450,366291,0.007393715341959428
2024-02-23,5360,5910,5360,5700,782229,0.04587155963302747
2024-02-26,5500,5540,4815,5020,1184518,-0.11929824561403513
2024-02-27,4965,5010,4650,4795,656374,-0.044820717131474064
2024-02-28,4780,4920,4600,4815,318144,0.004171011470281538
2024-02-29,4805,5050,4805,4905,228540,0.01869158878504673
2024-03-04,4935,5000,4715,4820,292066,-0.01732925586136591
2024-03-05,4770,4905,4670,4865,303785,0.009336099585062207
2024-03-06,4770,4870,4685,4755,174150,-0.022610483042137752
2024-03-07,4785,4810,4550,4555,250491,-0.04206098843322814
2024-03-08,4585,4650,4395,4395,481208,-0.035126234906695974
2024-03-11,4490,4565,4340,4475,348560,0.018202502844141044
2024-03-12,4400,4475,4300,4390,203055,-0.018994413407821265
2024-03-13,4375,4650,4340,4615,419208,0.051252847380409916
2024-03-14,4665,4865,4515,4800,566626,0.04008667388949072
2024-03-15,4795,4935,4535,4625,468432,-0.03645833333333337
2024-03-18,4560,4665,4435,4500,189324,-0.027027027027026973
2024-03-19,4540,4825,4420,4450,899756,-0.011111111111111072
2024-03-20,4410,4565,4350,4450,394498,0.0
2024-03-21,4445,4540,4390,4470,193719,0.004494382022471877
2024-03-22,4480,4510,4270,4280,277075,-0.04250559284116329
2024-03-25,4250,4320,4160,4165,179518,-0.026869158878504718
2024-03-26,4165,4215,4065,4085,185918,-0.019207683073229287
2024-03-27,4050,4570,4050,4305,1375073,0.05385556915544676
2024-03-28,4275,4310,4010,4210,369690,-0.022067363530778206
2024-03-29,4160,4395,4080,4180,479506,-0.0071258907363420665
2024-04-01,4230,4315,4125,4175,206935,-0.0011961722488038617
2024-04-02,4175,4190,4065,4115,182802,-0.014371257485029987
2024-04-03,4080,4095,4005,4080,131295,-0.008505467800729027
2024-04-04,4080,4155,4055,4115,106367,0.008578431372548989
2024-04-05,4150,4150,3990,3990,137674,-0.03037667071688943
2024-04-08,4035,4165,4015,4130,119865,0.03508771929824572
2024-04-09,4130,4145,4075,4090,122055,-0.009685230024213065
2024-04-11,4025,4085,3795,3810,284102,-0.06845965770171147
2024-04-12,3810,3870,3765,3850,185182,0.01049868766404205
2024-04-15,3810,3955,3740,3955,73839,0.027272727272727337
2024-04-16,3915,3915,3810,3845,94267,-0.027812895069532217
2024-04-17,3810,3885,3730,3730,149112,-0.02990897269180759
2024-04-18,3695,3865,3695,3795,176935,0.01742627345844494
2024-04-19,3770,3815,3675,3775,116247,-0.005270092226614009
2024-04-22,3820,4105,3785,4060,264646,0.07549668874172188
2024-04-23,4060,4185,4025,4140,202081,0.019704433497536922
2024-04-24,4140,4150,4045,4125,137681,-0.0036231884057971175
2024-04-25,4160,4205,4090,4120,149367,-0.00121212121212122
2024-04-26,4120,4335,4080,4305,239728,0.04490291262135915
2024-04-29,4310,4470,4280,4460,351587,0.03600464576074325
2024-04-30,4380,4440,4340,4375,171475,-0.01905829596412556
2024-05-02,4350,4455,4230,4330,242869,-0.010285714285714231
2024-05-03,4285,4320,4125,4135,204260,-0.04503464203233254
2024-05-07,4135,4180,4080,4180,136645,0.010882708585247869
2024-05-08,4175,4285,4100,4240,108011,0.014354066985645897
2024-05-09,4200,4240,4155,4170,53241,-0.01650943396226412
2024-05-10,4190,4330,4170,4280,140262,0.026378896882494063
2024-05-13,4315,4345,4220,4300,116118,0.004672897196261738
2024-05-14,4275,4465,4240,4425,208786,0.029069767441860517
2024-05-16,4400,4675,4400,4530,381219,0.023728813559322104
2024-05-17,4395,4430,4180,4205,395888,-0.07174392935982343
2024-05-20,4235,4320,4180,4185,155568,-0.0047562425683710385
2024-05-21,4185,4210,4070,4105,145679,-0.019115890083632014
2024-05-22,4125,4130,3900,3935,280785,-0.04141291108404388
2024-05-23,3920,3955,3890,3915,99839,-0.0050825921219822545
2024-05-24,3850,3970,3805,3925,116816,0.0025542784163474774
2024-05-27,3900,3950,3870,3890,83382,-0.008917197452229297
2024-05-28,3925,4070,3860,3895,67524,0.0012853470437017567
2024-05-29,3895,3930,3850,3850,50187,-0.011553273427471145
2024-05-30,3820,3850,3800,3845,37567,-0.0012987012987012436
2024-05-31,3845,3915,3840,3845,48020,0.0
2024-06-03,3875,3925,3845,3850,46276,0.0013003901170351995
2024-06-04,3895,3895,3800,3845,52609,-0.0012987012987012436
2024-06-05,3845,3905,3810,3880,45257,0.00910273081924573
2024-06-07,3905,4010,3890,3955,99865,0.019329896907216426
2024-06-10,3955,3970,3905,3945,64115,-0.0025284450063211006
2024-06-11,3945,3980,3860,3900,71715,-0.011406844106463865
2024-06-12,3900,3995,3885,3950,91640,0.012820512820512775
2024-06-13,3940,4000,3900,3910,62566,-0.010126582278481067
2024-06-14,3890,3945,3800,3895,32068,-0.0038363171355498826
2024-06-17,3850,3935,3850,3875,26697,-0.005134788189987138
2024-06-18,3875,3950,3815,3885,151107,0.002580645161290418
2024-06-19,3885,3905,3815,3880,69627,-0.0012870012870013214
2024-06-20,3850,4180,3850,4170,257457,0.07474226804123707
2024-06-21,4165,4170,4050,4170,169320,0.0
2024-06-24,4130,4150,3830,3955,90307,-0.05155875299760193
2024-06-25,3995,3995,3865,3885,106709,-0.017699115044247815
2024-06-26,3870,4100,3870,4030,100283,0.03732303732303732
2024-06-27,4030,4030,3960,4025,45775,-0.001240694789081842
2024-06-28,4030,4185,4020,4075,110157,0.012422360248447228
2024-07-01,4075,4120,4000,4015,41697,-0.014723926380368124
2024-07-02,4015,4415,4000,4155,857764,0.03486924034869232
2024-07-03,4260,4410,4235,4250,516412,0.022864019253910906
2024-07-04,4270,4625,4185,4625,1122871,0.08823529411764697
2024-07-05,4585,4615,4515,4520,418720,-0.022702702702702693
2024-07-08,4500,4580,4420,4490,275759,-0.006637168141592875
2024-07-09,4490,4490,4265,4330,379248,-0.03563474387527843
2024-07-10,4330,4440,4280,4435,177908,0.024249422632794504
2024-07-11,4470,4885,4455,4755,1145215,0.07215332581736189
2024-07-12,4660,4725,4535,4570,261602,-0.03890641430073605
2024-07-15,4575,4725,4530,4640,211872,0.015317286652078765
2024-07-16,4635,4820,4600,4690,272235,0.010775862068965525
2024-07-17,4750,4750,4550,4600,227427,-0.019189765458422214
2024-07-18,4600,4605,4410,4540,156848,-0.013043478260869601
2024-07-19,4500,4500,4350,4370,207345,-0.037444933920704804
2024-07-22,4385,4390,4160,4240,161294,-0.029748283752860427
2024-07-23,4190,4270,4190,4195,79513,-0.010613207547169767
2024-07-24,4155,4205,4075,4090,193253,-0.02502979737783073
2024-07-25,4015,4080,3980,3990,109243,-0.02444987775061125
2024-07-26,3965,4115,3965,4095,98738,0.026315789473684292
2024-07-29,4150,4255,4105,4130,112811,0.008547008547008517
2024-07-30,4145,4220,4080,4170,83405,0.009685230024213176
2024-07-31,4180,4290,4160,4290,97186,0.02877697841726623
2024-08-01,4290,4325,4210,4320,78055,0.006993006993007089
2024-08-02,4275,4275,4060,4065,172490,-0.05902777777777779
2024-08-05,3905,4005,3510,3690,192236,-0.09225092250922506
2024-08-06,3690,3910,3685,3890,222619,0.05420054200542013
2024-08-07,3885,3995,3860,3945,86536,0.014138817480719768
2024-08-08,3915,4000,3880,3905,45329,-0.010139416983523497
2024-08-09,3945,4155,3945,4105,69445,0.05121638924455829
2024-08-12,4105,4150,4065,4130,45204,0.006090133982947554
2024-08-13,4095,4300,4055,4200,130470,0.016949152542372836
2024-08-14,4200,4240,4035,4105,73278,-0.02261904761904765
2024-08-16,4085,4105,3920,4000,171133,-0.025578562728379994
2024-08-19,3965,4170,3965,4095,142343,0.023749999999999938
2024-08-20,4095,4160,4010,4150,124778,0.013431013431013383
2024-08-21,4135,4135,4020,4110,62341,-0.009638554216867434
2024-08-22,4075,4110,3945,3965,79929,-0.035279805352798066
2024-08-23,4000,4100,3935,4090,71370,0.031525851197982346
2024-08-26,4095,4100,3950,3965,66581,-0.030562347188264005
2024-08-27,3960,4015,3945,3975,24130,0.0025220680958386588
2024-08-28,3975,4070,3840,3880,65234,-0.023899371069182385
2024-08-29,3855,3880,3775,3775,61246,-0.027061855670103108
2024-08-30,3755,3955,3755,3815,23754,0.01059602649006619
2024-09-02,3820,3850,3750,3825,57595,0.002621231979030192
2024-09-03,3810,4005,3775,3985,79669,0.0418300653594772
2024-09-04,3815,3895,3815,3830,74476,-0.038895859473023875
2024-09-05,3855,3855,3685,3695,81532,-0.03524804177545693
2024-09-06,3705,3725,3615,3645,89281,-0.013531799729364025
2024-09-09,3620,3705,3540,3700,48853,0.015089163237311354
2024-09-10,3700,3705,3610,3610,38787,-0.024324324324324298
2024-09-11,3625,3650,3565,3580,67370,-0.008310249307479256
2024-09-12,3590,3710,3590,3660,34214,0.022346368715083775
2024-09-13,3655,3720,3655,3695,19100,0.0095628415300546
2024-09-19,3665,3720,3655,3670,25991,-0.006765899864682012
2024-09-20,3690,3750,3680,3705,14081,0.0095367847411445
2024-09-23,3765,3770,3705,3705,23323,0.0
2024-09-24,3710,3770,3670,3745,13920,0.010796221322537214
2024-09-25,3745,3745,3655,3680,50387,-0.01735647530040052
2024-09-26,3680,3750,3675,3705,39818,0.006793478260869623
2024-09-27,3740,3780,3725,3745,16938,0.010796221322537214
2024-09-30,3765,3790,3645,3670,26643,-0.020026702269692942
2024-10-02,3660,3660,3590,3590,30019,-0.021798365122615793
2024-10-04,3605,3645,3585,3590,10768,0.0
2024-10-07,3595,3695,3590,3640,41807,0.013927576601671321
2024-10-08,3610,3645,3520,3520,86487,-0.03296703296703296
2024-10-10,3525,3540,3515,3515,36673,-0.0014204545454545858
2024-10-11,3580,3580,3460,3505,51461,-0.002844950213371278
2024-10-14,3505,3550,3495,3520,21731,0.004279600570613384
2024-10-15,3540,3570,3515,3530,26200,0.0028409090909091717
2024-10-16,3525,3530,3500,3520,27145,-0.0028328611898017497
2024-10-17,3535,3540,3465,3475,33513,-0.01278409090909094
2024-10-18,3500,3500,3380,3380,70179,-0.027338129496402908
2024-10-21,3420,3435,3390,3390,16192,0.002958579881656709
2024-10-22,3390,3445,3365,3375,18472,-0.004424778761061954
2024-10-23,3375,3390,3330,3375,36785,0.0
2024-10-24,3375,3395,3340,3340,26297,-0.010370370370370363
2024-10-25,3340,3450,3340,3430,33416,0.026946107784431073
2024-10-28,3430,3520,3425,3480,14148,0.014577259475218707
2024-10-29,3485,3485,3385,3400,18334,-0.02298850574712641
2024-10-30,3430,3430,3375,3395,10027,-0.0014705882352941124
2024-10-31,3400,3440,3355,3395,18047,0.0
2024-11-01,3390,3455,3300,3455,12337,0.01767304860088359
2024-11-04,3425,3460,3375,3455,14206,0.0
2024-11-05,3365,3460,3365,3445,3879,-0.0028943560057886897
2024-11-06,3435,3465,3410,3435,7331,-0.002902757619738794
2024-11-07,3435,3450,3385,3425,18527,-0.0029112081513827937
2024-11-08,3425,3455,3400,3420,19413,-0.0014598540145985828
2024-11-11,3420,3420,3375,3385,18479,-0.010233918128654929
2024-11-12,3385,3385,3240,3240,75203,-0.04283604135893648
2024-11-13,3250,3285,3225,3235,20364,-0.0015432098765432167
2024-11-14,3215,3255,3215,3250,13039,0.004636785162287493
2024-11-15,3330,3335,3200,3320,39724,0.021538461538461506
2024-11-18,3320,3475,3315,3430,50945,0.033132530120481896
2024-11-19,3430,3445,3385,3410,10702,-0.005830903790087438
2024-11-20,3395,3475,3395,3435,11000,0.007331378299120228
2024-11-21,3455,3475,3405,3450,20343,0.004366812227074135
2024-11-22,3465,3465,3410,3435,17550,-0.004347826086956497
2024-11-25,3440,3455,3415,3430,18735,-0.0014556040756914523
2024-11-26,3430,3445,3360,3365,43405,-0.01895043731778423
2024-11-27,3360,3405,3340,3390,24696,0.007429420505200568
2024-11-28,3390,3410,3340,3405,77419,0.004424778761061843
2024-11-29,3405,3405,3320,3320,33350,-0.02496328928046987
2024-12-02,3295,3340,3235,3250,55621,-0.02108433734939763
2024-12-03,3290,3325,3260,3325,27165,0.023076923076922995
2024-12-04,3180,3285,3165,3195,69553,-0.0390977443609023
2024-12-05,3195,3205,3130,3155,32159,-0.012519561815336422
2024-12-06,3130,3210,3035,3035,51233,-0.03803486529318545
2024-12-09,3030,3030,2930,2955,43208,-0.02635914332784184
2024-12-10,2925,3140,2925,3140,45936,0.06260575296108284
2024-12-11,3105,3185,3090,3165,81067,0.0079617834394905
2024-12-12,3140,3270,3140,3260,40455,0.03001579778830954
2024-12-13,3265,3280,3185,3275,27592,0.004601226993865115
2024-12-16,3245,3345,3245,3280,57502,0.0015267175572519776
2024-12-17,3280,3320,3225,3225,38884,-0.01676829268292679
2024-12-18,3225,3365,3205,3330,32806,0.032558139534883734
2024-12-19,3355,3355,3220,3255,26623,-0.022522522522522515
2024-12-20,3240,3300,3080,3135,88854,-0.03686635944700456
2024-12-23,3155,3235,3130,3205,19051,0.022328548644338087
2024-12-24,3205,4165,3205,3330,6338086,0.03900156006240252
2024-12-26,3290,3365,3210,3300,420647,-0.009009009009009028
2024-12-27,3235,3950,3170,3510,8440891,0.06363636363636371
2024-12-30,3500,3735,3485,3670,1728313,0.045584045584045496
2025-01-02,3615,3645,3455,3520,679439,-0.04087193460490468
2025-01-03,3500,3680,3415,3430,428621,-0.025568181818181768
2025-01-06,3430,3455,3375,3430,135079,0.0
2025-01-07,3400,3470,3355,3370,154111,-0.017492711370262426
2025-01-08,3340,3410,3335,3400,69931,0.008902077151335286
2025-01-09,3405,3435,3300,3425,95242,0.007352941176470562
2025-01-10,3395,3455,3370,3440,66010,0.004379562043795637
