Date,Open,High,Low,Close,Volume,Change
2022-01-03,3935,3950,3850,3875,142419,-0.01898734177215189
2022-01-04,3875,3925,3850,3880,154172,0.001290322580645098
2022-01-05,3885,3910,3845,3875,116371,-0.0012886597938144284
2022-01-06,3845,3895,3820,3820,111974,-0.014193548387096744
2022-01-07,3870,3960,3830,3935,133633,0.030104712041884918
2022-01-10,3935,3935,3855,3880,79658,-0.013977128335451061
2022-01-11,3860,3880,3745,3765,118777,-0.029639175257731964
2022-01-12,3780,4235,3780,3975,4210445,0.055776892430278835
2022-01-13,3990,4025,3935,3975,398182,0.0
2022-01-14,4010,4010,3855,3855,258264,-0.030188679245283012
2022-01-17,3900,3950,3800,3810,211554,-0.011673151750972721
2022-01-18,3860,4345,3805,4075,5580344,0.06955380577427817
2022-01-19,4290,4310,4055,4085,2415439,0.0024539877300613355
2022-01-20,4085,4165,4010,4080,855793,-0.001223990208078285
2022-01-21,4040,4090,4010,4030,416872,-0.01225490196078427
2022-01-24,4030,4300,4030,4130,2658589,0.02481389578163773
2022-01-25,4170,4250,3940,3965,2564208,-0.03995157384987891
2022-01-26,4025,4150,3880,3900,820948,-0.016393442622950838
2022-01-27,4050,4050,3575,3580,786950,-0.08205128205128209
2022-01-28,3580,3630,3455,3585,369730,0.0013966480446927498
2022-02-03,3710,3965,3660,3920,532581,0.0934449093444909
2022-02-04,3970,4140,3945,4045,955570,0.03188775510204089
2022-02-07,4085,4205,4060,4120,805551,0.018541409147095234
2022-02-08,4100,4105,3970,4030,355743,-0.021844660194174748
2022-02-09,3925,3980,3900,3970,226493,-0.01488833746898266
2022-02-10,3970,3995,3900,3925,193529,-0.01133501259445846
2022-02-11,3925,3955,3855,3880,285097,-0.01146496815286624
2022-02-14,4100,4255,4000,4035,4178653,0.0399484536082475
2022-02-15,3945,3945,3785,3800,870265,-0.058240396530359395
2022-02-16,3690,3795,3620,3765,513773,-0.009210526315789447
2022-02-17,3800,4050,3745,3885,1002399,0.031872509960159334
2022-02-18,3920,3985,3790,3825,435208,-0.015444015444015413
2022-02-21,3930,4015,3820,3840,755486,0.0039215686274509665
2022-02-22,3970,4165,3855,4005,3105004,0.04296875
2022-02-23,4020,4080,3910,3980,1348093,-0.006242197253433224
2022-02-24,4060,4785,3980,4555,17766364,0.14447236180904532
2022-02-25,4265,4765,4100,4395,9936683,-0.035126234906695974
2022-02-28,4480,4560,4160,4165,2766798,-0.05233219567690561
2022-03-02,4490,4540,4250,4315,4189398,0.03601440576230486
2022-03-03,4375,4525,4205,4240,2889525,-0.017381228273464666
2022-03-04,4235,4345,4145,4160,1226153,-0.018867924528301883
2022-03-07,4370,4790,4235,4615,14274368,0.109375
2022-03-08,4620,4670,4270,4275,3855456,-0.0736728060671723
2022-03-10,4150,4265,4010,4170,1427359,-0.024561403508771895
2022-03-11,4170,4210,4060,4075,822321,-0.0227817745803357
2022-03-14,4075,4200,4055,4165,823234,0.022085889570552242
2022-03-15,4090,4120,3990,4000,602677,-0.03961584633853543
2022-03-16,3900,4010,3865,3940,698009,-0.015000000000000013
2022-03-17,3940,3960,3875,3940,454545,0.0
2022-03-18,3990,4055,3990,4000,676477,0.015228426395939021
2022-03-21,4000,4100,4000,4080,507131,0.020000000000000018
2022-03-22,4180,4210,4090,4105,936014,0.006127450980392135
2022-03-23,4065,4245,4010,4185,1184979,0.01948842874543244
2022-03-24,4300,4360,4140,4140,1401560,-0.010752688172043001
2022-03-25,4100,4130,4060,4090,368066,-0.012077294685990392
2022-03-28,4100,4100,4030,4070,349495,-0.004889975550122272
2022-03-29,4025,4065,4020,4020,331032,-0.012285012285012331
2022-03-30,4020,4095,3950,4060,468435,0.00995024875621886
2022-03-31,4130,4170,4020,4030,616350,-0.007389162561576401
2022-04-01,3980,4050,3980,4030,278621,0.0
2022-04-04,4030,4070,3985,4070,257513,0.00992555831265518
2022-04-05,4070,4110,4045,4100,305179,0.0073710073710073765
2022-04-06,4085,4090,4050,4065,137598,-0.008536585365853666
2022-04-07,4055,4060,3950,3955,205668,-0.027060270602705994
2022-04-08,3920,3970,3905,3965,184082,0.0025284450063212116
2022-04-11,3950,3975,3925,3945,118886,-0.0050441361916772065
2022-04-12,3905,4105,3885,3985,744728,0.010139416983523386
2022-04-13,4030,4230,3965,4160,1963671,0.04391468005018817
2022-04-14,4255,4380,4150,4250,2014942,0.02163461538461542
2022-04-15,4275,4480,4175,4280,2471823,0.007058823529411784
2022-04-18,4345,4400,4260,4265,976822,-0.003504672897196248
2022-04-19,4280,4455,4200,4410,1154570,0.03399765533411481
2022-04-20,4355,4355,4240,4275,610243,-0.030612244897959218
2022-04-21,4255,4335,4205,4285,409041,0.002339181286549641
2022-04-22,4275,4415,4230,4375,529148,0.02100350058343059
2022-04-25,4315,4410,4245,4300,393462,-0.017142857142857126
2022-04-26,4300,4500,4290,4305,1010155,0.0011627906976743319
2022-04-27,4275,5050,4270,4560,15069817,0.059233449477351874
2022-04-28,4490,4690,4465,4505,2723110,-0.01206140350877194
2022-04-29,4535,4930,4475,4670,5194890,0.03662597114317423
2022-05-02,4705,4775,4580,4580,1178335,-0.01927194860813708
2022-05-03,4585,4950,4495,4810,3839430,0.05021834061135366
2022-05-04,4805,4875,4670,4725,2067615,-0.017671517671517645
2022-05-06,4730,4860,4680,4750,1867255,0.005291005291005346
2022-05-09,4825,4890,4460,4475,2185976,-0.05789473684210522
2022-05-10,4310,4375,4060,4275,1178447,-0.04469273743016755
2022-05-11,4235,4305,4200,4290,420792,0.0035087719298245723
2022-05-12,4255,4345,4060,4120,504598,-0.03962703962703962
2022-05-13,4110,4245,4095,4245,333565,0.03033980582524265
2022-05-16,4245,4360,4230,4345,376876,0.02355712603062421
2022-05-17,4410,4630,4360,4460,942335,0.026467203682393636
2022-05-18,4540,4570,4330,4350,677102,-0.024663677130044803
2022-05-19,4280,4335,4190,4230,381610,-0.02758620689655178
2022-05-20,4230,4360,4230,4315,300360,0.02009456264775422
2022-05-23,4355,4355,4215,4220,244226,-0.022016222479721903
2022-05-24,4250,4250,4120,4120,206817,-0.023696682464455
2022-05-25,4095,4265,4095,4200,232642,0.01941747572815533
2022-05-26,4205,4300,4205,4290,230278,0.021428571428571352
2022-05-27,4345,4345,4255,4290,214903,0.0
2022-05-30,4285,4345,4245,4325,270467,0.008158508158508049
2022-05-31,4390,4430,4280,4380,292590,0.012716763005780285
2022-06-02,4375,4475,4320,4400,378271,0.004566210045662045
2022-06-03,4400,4430,4350,4380,173924,-0.004545454545454519
2022-06-07,4455,4495,4335,4345,491580,-0.007990867579908634
2022-06-08,4350,4460,4350,4405,349061,0.013808975834292303
2022-06-09,4455,4505,4270,4300,547095,-0.023836549375709448
2022-06-10,4300,4725,4190,4455,3151238,0.03604651162790695
2022-06-13,4430,4570,4245,4245,1147870,-0.047138047138047146
2022-06-14,4125,4240,4020,4205,728569,-0.009422850412249661
2022-06-15,4165,4210,3950,4000,413030,-0.04875148632580262
2022-06-16,4050,4100,3910,3915,287894,-0.02124999999999999
2022-06-17,3790,4075,3790,3915,401921,0.0
2022-06-20,3900,3940,3665,3700,509809,-0.054916985951468655
2022-06-21,3660,3785,3640,3770,254409,0.018918918918918948
2022-06-22,3730,3835,3445,3445,752296,-0.08620689655172409
2022-06-23,3445,3510,3245,3300,554230,-0.0420899854862119
2022-06-24,3255,3445,3255,3425,267480,0.037878787878787845
2022-06-27,3495,3730,3480,3620,267279,0.05693430656934306
2022-06-28,3715,3750,3650,3745,234862,0.03453038674033149
2022-06-29,3710,3820,3710,3795,209403,0.013351134846461887
2022-06-30,3800,3800,3675,3675,197787,-0.031620553359683834
2022-07-01,3670,3800,3565,3625,143560,-0.013605442176870763
2022-07-04,3700,4165,3625,3645,2238073,0.0055172413793103114
2022-07-05,3730,3730,3565,3665,264521,0.005486968449931462
2022-07-06,3600,3610,3480,3500,380997,-0.04502046384720326
2022-07-07,3505,3575,3495,3570,154501,0.020000000000000018
2022-07-08,3640,3640,3595,3615,108307,0.012605042016806678
2022-07-11,3600,3645,3550,3560,90765,-0.015214384508990264
2022-07-12,3630,3640,3450,3465,173136,-0.026685393258427004
2022-07-13,3465,3530,3430,3510,99949,0.01298701298701288
2022-07-14,3510,3550,3470,3550,82939,0.01139601139601143
2022-07-15,3525,3555,3455,3510,84362,-0.011267605633802802
2022-07-18,3505,3595,3500,3565,60024,0.015669515669515688
2022-07-19,3605,3605,3550,3570,101776,0.0014025245441795509
2022-07-20,3595,3630,3580,3630,128814,0.01680672268907557
2022-07-21,3640,3650,3605,3645,72597,0.004132231404958775
2022-07-22,3645,3655,3615,3650,89712,0.00137174211248281
2022-07-25,3615,3650,3600,3650,91847,0.0
2022-07-26,3655,3720,3635,3715,108202,0.017808219178082174
2022-07-27,3695,3720,3670,3695,96480,-0.0053835800807536804
2022-07-28,3720,3735,3685,3710,71777,0.004059539918809252
2022-07-29,3710,3745,3690,3725,71418,0.0040431266846361336
2022-08-01,3745,3745,3685,3705,76185,-0.005369127516778538
2022-08-02,3690,3720,3680,3710,94882,0.0013495276653170407
2022-08-03,3690,3730,3685,3710,52770,0.0
2022-08-04,3710,3725,3680,3690,92903,-0.005390835579514808
2022-08-05,3680,3710,3675,3700,56483,0.0027100271002709064
2022-08-08,3705,3785,3700,3775,467839,0.020270270270270174
2022-08-09,3760,3785,3725,3785,92249,0.0026490066225166586
2022-08-10,3760,3775,3720,3760,74815,-0.006605019815059454
2022-08-11,3790,3805,3755,3800,111529,0.010638297872340496
2022-08-12,3810,3845,3790,3815,167358,0.003947368421052699
2022-08-16,3810,3950,3795,3880,202281,0.017038007863696025
2022-08-17,3880,3910,3835,3860,123583,-0.005154639175257714
2022-08-18,3845,3900,3825,3900,122394,0.010362694300518172
2022-08-19,3935,3935,3870,3910,97719,0.002564102564102555
2022-08-22,3870,3890,3820,3880,142417,-0.007672634271099765
2022-08-23,3880,4130,3865,4045,2049123,0.04252577319587636
2022-08-24,4090,4090,3965,3980,453942,-0.01606922126081578
2022-08-25,4010,4025,3975,3990,133215,0.002512562814070307
2022-08-26,3980,4020,3975,4000,133220,0.0025062656641603454
2022-08-29,3915,4000,3850,3905,183239,-0.02375000000000005
2022-08-30,3940,3965,3880,3895,108459,-0.002560819462227859
2022-08-31,3880,3920,3880,3910,75870,0.0038510911424902705
2022-09-01,3895,3895,3775,3780,242366,-0.03324808184143224
2022-09-02,3780,3800,3720,3785,113548,0.001322751322751392
2022-09-05,3775,4040,3750,3870,1919627,0.022457067371202122
2022-09-06,3875,4020,3830,3870,976287,0.0
2022-09-07,3895,3925,3720,3720,314687,-0.03875968992248058
2022-09-08,3725,3770,3700,3700,170378,-0.005376344086021501
2022-09-13,3730,3815,3720,3785,98085,0.02297297297297307
2022-09-14,3720,3830,3710,3810,84451,0.006605019815059343
2022-09-15,3840,3875,3805,3825,99804,0.003937007874015741
2022-09-16,3800,3830,3760,3770,116971,-0.01437908496732021
2022-09-19,3760,3770,3705,3715,134044,-0.01458885941644561
2022-09-20,3725,3760,3715,3740,72238,0.006729475100942128
2022-09-21,3755,3755,3700,3730,84621,-0.002673796791443861
2022-09-22,3795,3840,3670,3700,189844,-0.008042895442359255
2022-09-23,3680,3700,3595,3620,216380,-0.021621621621621623
2022-09-26,3550,3570,3420,3450,389043,-0.046961325966850875
2022-09-27,3415,3500,3395,3450,193185,0.0
2022-09-28,3415,3480,3325,3415,188740,-0.010144927536231862
2022-09-29,3405,3480,3380,3410,169052,-0.0014641288433382416
2022-09-30,3385,3440,3370,3405,1717048,-0.0014662756598240456
2022-10-04,3470,3530,3465,3505,188309,0.029368575624082238
2022-10-05,3525,3600,3480,3530,144470,0.007132667617689048
2022-10-06,3580,3670,3540,3590,143124,0.016997167138810276
2022-10-07,3640,3715,3610,3655,120205,0.01810584958217265
2022-10-11,3620,3655,3515,3555,81029,-0.02735978112175108
2022-10-12,3510,3540,3480,3530,86776,-0.007032348804500654
2022-10-13,3525,3530,3400,3430,154598,-0.028328611898016942
2022-10-14,3450,3545,3450,3520,160755,0.026239067055393583
2022-10-17,3470,3555,3450,3555,58367,0.009943181818181879
2022-10-18,3560,3625,3555,3615,44699,0.016877637130801704
2022-10-19,3595,3640,3580,3620,64468,0.0013831258644536604
2022-10-20,3605,3740,3595,3600,257734,-0.0055248618784530246
2022-10-21,3600,3660,3575,3635,98972,0.009722222222222188
2022-10-24,3625,3695,3625,3655,97381,0.005502063273727709
2022-10-25,3660,3710,3615,3615,198018,-0.01094391244870041
2022-10-26,3650,3650,3530,3570,102236,-0.012448132780082943
2022-10-27,3565,3600,3540,3600,58130,0.008403361344537785
2022-10-28,3605,3635,3580,3580,49517,-0.005555555555555536
2022-10-31,3580,3600,3560,3570,45320,-0.0027932960893854997
2022-11-01,3550,3625,3550,3610,81991,0.011204481792717047
2022-11-02,3595,3765,3595,3660,472806,0.013850415512465464
2022-11-03,3660,3685,3620,3655,106336,-0.001366120218579181
2022-11-04,3645,3655,3595,3630,79486,-0.0068399452804377425
2022-11-07,3650,3700,3635,3665,102942,0.009641873278236845
2022-11-08,3665,3695,3650,3690,80060,0.006821282401091366
2022-11-09,3690,3705,3675,3690,98962,0.0
2022-11-10,3675,3695,3635,3690,78493,0.0
2022-11-11,3720,3770,3685,3695,239667,0.0013550135501354532
2022-11-14,3710,3755,3685,3720,168169,0.006765899864682012
2022-11-15,3720,3760,3690,3740,80053,0.005376344086021501
2022-11-16,3720,3790,3720,3775,135001,0.009358288770053402
2022-11-17,3775,3790,3745,3785,75959,0.0026490066225166586
2022-11-18,3765,3795,3735,3745,63844,-0.010568031704095149
2022-11-21,3750,3750,3655,3695,93226,-0.013351134846461998
2022-11-22,3690,3735,3665,3700,32932,0.0013531799729364913
2022-11-23,3730,3755,3670,3670,179410,-0.008108108108108136
2022-11-24,3700,3715,3670,3700,100791,0.008174386920980936
2022-11-25,3720,3720,3695,3715,75628,0.004054054054054124
2022-11-28,3700,3710,3650,3675,113482,-0.010767160161507361
2022-11-29,3645,3765,3645,3760,91991,0.023129251700680253
2022-11-30,3790,3815,3740,3760,246336,0.0
2022-12-01,3795,3820,3740,3765,456067,0.0013297872340425343
2022-12-02,3910,3910,3760,3800,781132,0.009296148738379806
2022-12-05,3815,4265,3785,4065,3374621,0.0697368421052631
2022-12-06,4065,4115,3970,3985,645193,-0.019680196801967975
2022-12-07,3965,3965,3830,3845,440329,-0.035131744040150514
2022-12-08,3840,3980,3800,3920,293746,0.01950585175552666
2022-12-09,3920,3950,3850,3910,177233,-0.0025510204081632404
2022-12-12,3910,3945,3870,3945,109750,0.008951406649616356
2022-12-13,3995,3995,3880,3910,155574,-0.008871989860583018
2022-12-14,3925,3950,3875,3935,112521,0.006393861892583175
2022-12-15,3935,3995,3920,3965,123525,0.007623888182973326
2022-12-16,3900,3955,3880,3895,134148,-0.017654476670870167
2022-12-19,3880,3925,3860,3925,73348,0.007702182284980763
2022-12-20,3915,3940,3790,3815,169476,-0.028025477707006363
2022-12-21,3830,3870,3775,3840,100406,0.006553079947575258
2022-12-22,3840,3960,3840,3945,134186,0.02734375
2022-12-23,3905,3940,3880,3910,105959,-0.008871989860583018
2022-12-26,3910,4020,3910,3960,231915,0.01278772378516635
2022-12-27,3980,4025,3940,4010,225219,0.012626262626262541
2022-12-28,3920,3920,3790,3795,220248,-0.05361596009975067
2022-12-29,3800,3800,3560,3630,146921,-0.04347826086956519
2023-01-02,3615,3635,3475,3510,145666,-0.03305785123966942
2023-01-03,3495,3610,3405,3570,127254,0.017094017094017033
2023-01-04,3565,3610,3535,3570,34258,0.0
2023-01-05,3600,3600,3510,3510,61000,-0.01680672268907568
2023-01-06,3530,3580,3500,3520,84504,0.002849002849002913
2023-01-09,3580,3645,3540,3635,78811,0.032670454545454586
2023-01-10,3635,3665,3600,3635,83126,0.0
2023-01-11,3680,3705,3625,3660,66516,0.00687757909215958
2023-01-12,3660,3680,3645,3650,47791,-0.002732240437158473
2023-01-13,3675,3685,3650,3650,55113,0.0
2023-01-16,3650,3710,3635,3680,88052,0.008219178082191858
2023-01-17,3680,3695,3630,3655,60263,-0.006793478260869512
2023-01-18,3630,3665,3600,3615,73760,-0.01094391244870041
2023-01-19,3610,3620,3580,3620,45939,0.0013831258644536604
2023-01-20,3600,3670,3590,3625,62461,0.0013812154696133394
2023-01-25,3625,3665,3615,3645,53490,0.0055172413793103114
2023-01-26,3645,3755,3640,3700,157351,0.015089163237311354
2023-01-27,3695,3740,3695,3720,89744,0.00540540540540535
2023-01-30,3720,3735,3640,3640,95611,-0.021505376344086002
2023-01-31,3650,3660,3600,3630,130630,-0.0027472527472527375
2023-02-01,3630,3660,3620,3650,95174,0.005509641873278293
2023-02-02,3660,3700,3660,3690,83828,0.010958904109588996
2023-02-03,3680,3700,3660,3680,49296,-0.0027100271002710175
2023-02-06,3680,3680,3635,3650,83918,-0.008152173913043459
2023-02-07,3650,3675,3635,3645,77758,-0.00136986301369868
2023-02-08,3645,3700,3645,3700,139721,0.015089163237311354
2023-02-09,3700,3720,3685,3690,96393,-0.002702702702702675
2023-02-10,3700,3700,3620,3630,87031,-0.016260162601625994
2023-02-13,3650,3705,3630,3635,80832,0.0013774104683195176
2023-02-14,3650,3680,3625,3650,67109,0.004126547455295837
2023-02-15,3685,3690,3605,3625,123039,-0.006849315068493178
2023-02-16,3620,3640,3600,3620,68754,-0.0013793103448276334
2023-02-17,3615,3635,3605,3620,59219,0.0
2023-02-20,3620,3640,3615,3635,47287,0.004143646408839796
2023-02-21,3640,3680,3640,3680,69116,0.012379642365887289
2023-02-22,3675,3675,3620,3630,55295,-0.013586956521739135
2023-02-23,3630,3660,3605,3620,67226,-0.0027548209366391463
2023-02-24,3630,3640,3580,3605,106929,-0.004143646408839796
2023-02-27,3555,3605,3550,3600,76515,-0.001386962552011095
2023-02-28,3605,3620,3580,3600,41776,0.0
2023-03-02,3600,3625,3590,3605,50148,0.001388888888888884
2023-03-03,3620,3620,3595,3610,26762,0.001386962552011095
2023-03-06,3630,3745,3570,3690,153742,0.02216066481994461
2023-03-07,3705,3775,3665,3735,218981,0.012195121951219523
2023-03-08,3735,3780,3690,3735,137386,0.0
2023-03-09,3735,3750,3655,3745,120725,0.0026773761713521083
2023-03-10,3745,3745,3665,3690,64707,-0.014686248331108098
2023-03-13,3665,3685,3555,3675,141280,-0.004065040650406471
2023-03-14,3640,3640,3520,3520,115536,-0.042176870748299344
2023-03-15,3550,3615,3540,3560,88336,0.011363636363636465
2023-03-16,3540,3585,3490,3555,88844,-0.001404494382022503
2023-03-17,3560,3595,3540,3560,115541,0.0014064697609001975
2023-03-20,3540,3575,3520,3525,104504,-0.0098314606741573
2023-03-21,3620,3620,3515,3520,110100,-0.0014184397163120588
2023-03-22,3555,3555,3485,3515,108187,-0.0014204545454545858
2023-03-23,3515,3520,3450,3510,100739,-0.0014224751066855834
2023-03-24,3500,3540,3490,3530,110047,0.005698005698005604
2023-03-27,3530,3555,3465,3520,115375,-0.0028328611898017497
2023-03-28,3540,3620,3525,3620,150334,0.02840909090909083
2023-03-29,3620,3665,3620,3640,94186,0.005524861878453136
2023-03-30,3680,3680,3595,3640,81300,0.0
2023-03-31,3640,3670,3600,3605,67749,-0.009615384615384581
2023-04-03,3655,3705,3650,3655,195367,0.01386962552011095
2023-04-04,3775,3815,3685,3695,455198,0.010943912448700521
2023-04-05,3695,3710,3655,3660,106908,-0.009472259810554773
2023-04-06,3660,3660,3580,3580,121030,-0.021857923497267784
2023-04-07,3630,3630,3570,3580,97087,0.0
2023-04-10,3615,3615,3530,3540,113324,-0.011173184357541888
2023-04-11,3530,3600,3530,3590,62863,0.01412429378531077
2023-04-12,3620,3640,3585,3610,126810,0.0055710306406684396
2023-04-13,3610,3730,3570,3690,321494,0.02216066481994461
2023-04-14,3695,3740,3660,3705,194764,0.004065040650406582
2023-04-17,3705,3745,3685,3715,157422,0.0026990553306343035
2023-04-18,3670,3700,3605,3640,191039,-0.020188425302826385
2023-04-19,3640,3735,3635,3695,208765,0.015109890109890056
2023-04-20,3690,3735,3655,3695,166307,0.0
2023-04-21,3695,3705,3600,3695,115927,0.0
2023-04-24,3715,3725,3655,3700,111389,0.0013531799729364913
2023-04-25,3705,3715,3605,3650,112980,-0.013513513513513487
2023-04-26,3655,3665,3600,3645,60472,-0.00136986301369868
2023-04-27,3615,3670,3600,3650,38524,0.00137174211248281
2023-04-28,3665,3665,3610,3630,74056,-0.005479452054794498
2023-05-02,3660,3660,3610,3645,34379,0.004132231404958775
2023-05-03,3625,3665,3610,3650,62814,0.00137174211248281
2023-05-04,3645,3700,3625,3655,56409,0.00136986301369868
2023-05-08,3670,3710,3650,3695,89698,0.010943912448700521
2023-05-09,3710,3770,3670,3685,138017,-0.0027063599458727605
2023-05-10,3700,3765,3685,3690,66373,0.0013568521031208647
2023-05-11,3690,3715,3680,3690,43775,0.0
2023-05-12,3685,3695,3650,3650,51535,-0.010840108401083959
2023-05-15,3650,3685,3625,3650,44235,0.0
2023-05-16,3645,3710,3620,3645,61758,-0.00136986301369868
2023-05-17,3620,3660,3620,3660,58981,0.004115226337448652
2023-05-18,3660,3695,3660,3680,33186,0.005464480874316946
2023-05-19,3680,3695,3670,3690,48818,0.0027173913043478937
2023-05-22,3700,3715,3675,3695,62333,0.0013550135501354532
2023-05-23,3690,3690,3670,3680,32308,-0.004059539918809252
2023-05-24,3675,3695,3645,3665,51394,-0.0040760869565217295
2023-05-25,3660,3670,3640,3665,56374,0.0
2023-05-26,3650,3665,3625,3635,46584,-0.008185538881309684
2023-05-30,3635,3680,3625,3665,57812,0.008253094910591452
2023-05-31,3665,3680,3635,3640,33355,-0.006821282401091366
2023-06-01,3640,3645,3615,3635,50382,-0.0013736263736263687
2023-06-02,3650,3655,3605,3630,46350,-0.0013755158184318717
2023-06-05,3655,3655,3615,3625,60031,-0.0013774104683195176
2023-06-07,3625,3650,3620,3630,50054,0.0013793103448276334
2023-06-08,3620,3650,3610,3625,42209,-0.0013774104683195176
2023-06-09,3640,3640,3610,3625,60260,0.0
2023-06-12,3620,3630,3610,3620,42472,-0.0013793103448276334
2023-06-13,3625,3635,3615,3625,43959,0.0013812154696133394
2023-06-14,3635,3635,3590,3605,101208,-0.0055172413793103114
2023-06-15,3600,3625,3540,3600,83449,-0.001386962552011095
2023-06-16,3600,3625,3590,3620,28153,0.005555555555555536
2023-06-19,3620,3620,3565,3610,86419,-0.002762430939226568
2023-06-20,3600,3645,3595,3605,56785,-0.0013850415512465242
2023-06-21,3595,3625,3580,3605,21433,0.0
2023-06-22,3610,3615,3590,3590,30428,-0.004160887656033285
2023-06-23,3605,3605,3550,3570,70433,-0.005571030640668551
2023-06-26,3560,3595,3550,3580,51649,0.0028011204481792618
2023-06-27,3585,3605,3575,3585,39164,0.0013966480446927498
2023-06-28,3590,3825,3590,3810,858381,0.06276150627615062
2023-06-29,3875,3905,3725,3755,537088,-0.014435695538057791
2023-06-30,3755,3880,3720,3865,336315,0.02929427430093212
2023-07-03,3855,3965,3785,3905,450855,0.010349288486416475
2023-07-04,3890,4000,3870,3945,351581,0.010243277848911658
2023-07-05,3980,4020,3870,3905,386484,-0.010139416983523497
2023-07-06,3935,3975,3800,3850,200768,-0.014084507042253502
2023-07-07,3845,4000,3800,3975,260368,0.032467532467532534
2023-07-10,4000,4045,3940,3970,260010,-0.0012578616352201255
2023-07-11,3970,4010,3900,3950,149669,-0.005037783375314908
2023-07-12,3960,4495,3950,4340,2752354,0.09873417721518996
2023-07-13,4350,4420,3855,4030,2083114,-0.0714285714285714
2023-07-14,4025,4140,4000,4110,572465,0.01985111662531014
2023-07-17,4105,4190,4005,4085,279289,-0.006082725060827299
2023-07-18,4055,4080,3840,3840,647745,-0.059975520195838405
2023-07-19,3870,3930,3840,3880,175672,0.01041666666666674
2023-07-20,3900,3940,3840,3900,150118,0.005154639175257714
2023-07-21,3910,4045,3870,3945,203929,0.011538461538461497
2023-07-24,3930,3945,3860,3930,248068,-0.0038022813688213253
2023-07-25,3910,3980,3875,3950,196953,0.0050890585241729624
2023-07-26,3910,3945,3770,3900,448220,-0.012658227848101222
2023-07-27,3875,4075,3875,4015,199888,0.029487179487179382
2023-07-28,3980,4130,3970,4080,269602,0.016189290161892966
2023-07-31,4080,4110,4015,4025,168386,-0.013480392156862697
2023-08-01,4065,4080,3995,4060,159223,0.008695652173912993
2023-08-02,4030,4135,4020,4025,165146,-0.008620689655172376
2023-08-03,4000,4090,3965,4025,160422,0.0
2023-08-04,4050,4500,4035,4300,1825356,0.06832298136645965
2023-08-07,4300,4370,4170,4280,472633,-0.0046511627906976605
2023-08-08,4235,4410,4235,4310,268848,0.007009345794392496
2023-08-09,4295,4325,4250,4265,195148,-0.01044083526682138
2023-08-10,4190,4315,4190,4310,308348,0.010550996483001063
2023-08-11,4230,4310,4150,4175,337449,-0.03132250580046403
2023-08-14,4185,4355,4150,4315,377078,0.033532934131736525
2023-08-16,4315,4375,4225,4275,330871,-0.009269988412514474
2023-08-17,4250,4275,4045,4155,228501,-0.028070175438596467
2023-08-18,4105,4190,4085,4175,163188,0.004813477737665384
2023-08-21,4130,4380,4130,4330,286627,0.037125748502994105
2023-08-22,4330,4365,4220,4265,180374,-0.01501154734411081
2023-08-23,4250,4465,4235,4335,629854,0.016412661195779554
2023-08-24,4305,4415,4300,4365,342944,0.006920415224913601
2023-08-25,4365,4530,4195,4230,595937,-0.030927835051546393
2023-08-28,4230,4550,4225,4430,949728,0.047281323877068626
2023-08-29,4445,4480,4345,4405,284995,-0.0056433408577878375
2023-08-30,4405,4450,4310,4360,258948,-0.010215664018161208
2023-08-31,4350,4395,4250,4265,208627,-0.02178899082568808
2023-09-01,4245,4350,4200,4220,157632,-0.010550996483001174
2023-09-04,4205,4360,4180,4260,150223,0.009478672985782088
2023-09-05,4365,4555,4320,4520,821228,0.06103286384976525
2023-09-06,4705,4985,4455,4890,3768665,0.08185840707964598
2023-09-07,4990,5160,4695,4730,2652789,-0.03271983640081799
2023-09-08,4715,4715,4530,4625,735087,-0.022198731501057112
2023-09-11,4680,4860,4605,4620,605458,-0.00108108108108107
2023-09-12,4605,4770,4545,4650,1045129,0.006493506493506551
2023-09-13,4740,4835,4560,4570,949194,-0.017204301075268824
2023-09-14,4575,4620,4505,4570,245506,0.0
2023-09-15,4585,4725,4550,4570,364978,0.0
2023-09-18,4580,4620,4430,4515,567914,-0.012035010940919078
2023-09-19,4555,4555,4195,4240,962550,-0.060908084163898146
2023-09-20,4245,4280,4180,4240,201842,0.0
2023-09-21,4195,4225,4070,4100,327244,-0.03301886792452835
2023-09-22,4215,4245,4070,4090,552472,-0.0024390243902439046
2023-09-25,4080,4245,4035,4070,319498,-0.004889975550122272
2023-09-26,4065,4100,3980,4000,237975,-0.017199017199017175
2023-09-27,3880,4005,3870,3950,352912,-0.012499999999999956
2023-10-04,3970,3970,3735,3750,312862,-0.05063291139240511
2023-10-05,3780,3830,3600,3610,307938,-0.03733333333333333
2023-10-06,3560,3715,3560,3640,221577,0.008310249307479145
2023-10-10,3990,4660,3890,4590,15336576,0.26098901098901095
2023-10-11,4145,4525,3885,4350,6073420,-0.05228758169934644
2023-10-12,4150,4225,4030,4045,2154447,-0.07011494252873562
2023-10-13,4145,4700,3960,4240,10032325,0.04820766378244756
2023-10-16,4655,5170,4145,4600,22328300,0.08490566037735858
2023-10-17,4530,5400,4450,5260,41785697,0.14347826086956528
2023-10-18,5450,5570,4980,5160,25262613,-0.019011406844106515
2023-10-19,5270,5400,4810,4810,7648324,-0.0678294573643411
2023-10-20,5010,5250,4600,4655,7072359,-0.032224532224532254
2023-10-23,4695,4860,4240,4245,3742690,-0.08807733619763691
2023-10-24,4140,4190,3910,4020,2665805,-0.05300353356890464
2023-10-25,3970,4110,3950,3955,1646624,-0.016169154228855676
2023-10-26,4150,5070,4005,4850,28776465,0.22629582806573967
2023-10-27,4575,5090,4530,4930,24994792,0.016494845360824684
2023-10-30,4915,5870,4870,5430,34555527,0.10141987829614596
2023-10-31,5150,5300,5010,5240,6841495,-0.03499079189686927
2023-11-01,5190,5270,4925,5030,5554889,-0.040076335877862634
2023-11-02,4840,5180,4820,5060,3014322,0.005964214711729587
2023-11-03,5040,5170,4900,5030,2064174,-0.005928853754940677
2023-11-06,4875,4930,4520,4620,2629426,-0.08151093439363821
2023-11-07,4595,4615,4330,4370,1586441,-0.05411255411255411
2023-11-08,4220,4345,4095,4140,1432908,-0.052631578947368474
2023-11-09,4085,4150,4000,4110,912813,-0.007246376811594235
2023-11-10,4135,4135,4000,4030,725262,-0.019464720194647178
2023-11-13,4065,4210,4035,4155,1099381,0.03101736972704705
2023-11-14,4200,4225,4125,4180,621316,0.006016847172081841
2023-11-15,4185,4195,4025,4180,680042,0.0
2023-11-16,4165,4200,4075,4200,633345,0.004784688995215225
2023-11-17,4175,4520,4040,4300,3285974,0.023809523809523725
2023-11-20,4500,5160,4495,4840,13303694,0.12558139534883717
2023-11-21,4850,4940,4720,4720,2510831,-0.024793388429752095
2023-11-22,4715,5110,4655,5070,5949796,0.07415254237288127
2023-11-23,4970,5040,4855,4900,1671154,-0.0335305719921104
2023-11-24,5000,5000,4795,4845,913621,-0.011224489795918391
2023-11-27,4770,4830,4630,4710,1056348,-0.02786377708978327
2023-11-28,4690,4725,4515,4570,850362,-0.02972399150743099
2023-11-29,4680,4745,4480,4530,1554032,-0.008752735229759279
2023-11-30,4580,4740,4530,4665,782835,0.0298013245033113
2023-12-01,4655,4730,4580,4580,598752,-0.018220793140407254
2023-12-04,4605,4650,4480,4525,640260,-0.012008733624454093
2023-12-05,4495,4500,4325,4350,625889,-0.03867403314917128
2023-12-06,4315,4450,4315,4410,423498,0.01379310344827589
2023-12-07,4380,4385,4235,4255,636246,-0.035147392290249435
2023-12-08,4250,4305,4240,4300,279858,0.010575793184488758
2023-12-11,4340,4470,4295,4400,469992,0.023255813953488413
2023-12-12,4400,4400,4250,4365,311893,-0.007954545454545436
2023-12-13,4320,4395,4280,4320,424418,-0.010309278350515427
2023-12-14,4350,4420,4315,4405,366713,0.01967592592592582
2023-12-15,4440,4495,4385,4445,349909,0.009080590238365494
2023-12-18,4495,4600,4480,4575,810383,0.02924634420697414
2023-12-19,4620,4640,4540,4600,508290,0.005464480874316946
2023-12-20,4630,4710,4555,4570,552284,-0.006521739130434745
2023-12-21,4565,4625,4450,4495,718641,-0.01641137855579866
2023-12-22,4525,4535,4440,4450,390956,-0.010011123470522798
2023-12-26,4440,4510,4430,4475,317654,0.00561797752808979
2023-12-27,4340,4360,4150,4285,674090,-0.04245810055865917
2023-12-28,4290,4500,4195,4340,505390,0.012835472578763163
2024-01-02,4350,4350,4195,4205,443773,-0.031105990783410142
2024-01-03,4190,4195,4080,4110,318539,-0.022592152199762183
2024-01-04,4270,4790,4265,4490,11228732,0.09245742092457432
2024-01-05,4275,4280,4135,4155,1588061,-0.07461024498886415
2024-01-08,4195,4220,4140,4160,557710,0.001203369434416457
2024-01-09,4130,4470,4040,4275,2541285,0.027644230769230838
2024-01-10,4280,4385,4200,4215,728542,-0.01403508771929829
2024-01-11,4190,4240,4170,4190,281236,-0.005931198102016588
2024-01-12,4335,4415,4255,4315,1621438,0.029832935560859086
2024-01-15,4315,4390,4250,4350,1259451,0.008111239860950192
2024-01-16,4330,4490,4215,4230,1649783,-0.02758620689655178
2024-01-17,4185,4270,4105,4160,702147,-0.01654846335697402
2024-01-18,4160,4235,4095,4180,424215,0.004807692307692291
2024-01-19,4175,4235,4150,4175,289869,-0.0011961722488038617
2024-01-22,4165,4190,4000,4030,761688,-0.03473053892215572
2024-01-23,4040,4120,4000,4010,493604,-0.00496277915632759
2024-01-24,4020,4085,3910,3950,426774,-0.014962593516209433
2024-01-25,3935,3940,3830,3855,268249,-0.024050632911392422
2024-01-26,3865,3960,3840,3940,236129,0.02204928664072625
2024-01-29,4000,4050,3960,3995,382599,0.013959390862944066
2024-01-30,3950,3955,3885,3910,337679,-0.021276595744680882
2024-01-31,3880,3910,3840,3850,243116,-0.01534526854219953
2024-02-01,3815,3925,3815,3925,186750,0.01948051948051943
2024-02-02,3905,3975,3905,3965,199865,0.010191082802547768
2024-02-05,3980,4140,3950,3970,261429,0.0012610340479193294
2024-02-06,3970,3970,3910,3940,151661,-0.007556675062972307
2024-02-07,3940,3995,3930,3980,125433,0.010152284263959421
2024-02-08,3980,4015,3955,3980,115606,0.0
2024-02-13,3990,4055,3980,4030,253371,0.012562814070351758
2024-02-14,4025,4140,4020,4085,417778,0.013647642679900818
2024-02-15,4120,4120,4025,4050,175667,-0.008567931456548328
2024-02-16,4100,4110,4040,4085,214770,0.00864197530864197
2024-02-19,4105,4115,4065,4095,131250,0.00244798041615657
2024-02-20,4085,4110,4060,4090,134902,-0.0012210012210012167
2024-02-21,4090,4100,3995,4045,177122,-0.011002444987775029
2024-02-22,4030,4045,3975,4045,207825,0.0
2024-02-23,4045,4060,3960,3980,181266,-0.01606922126081578
2024-02-26,3980,4015,3890,3940,197268,-0.01005025125628145
2024-02-27,3910,3960,3870,3920,150834,-0.005076142131979711
2024-02-28,3950,3980,3870,3880,282870,-0.010204081632653073
2024-02-29,3855,3930,3855,3920,160778,0.010309278350515427
2024-03-04,3925,3965,3910,3935,115411,0.003826530612244916
2024-03-05,3960,3960,3880,3950,219650,0.003811944091486552
2024-03-06,3920,3980,3900,3900,121387,-0.012658227848101222
2024-03-07,3895,3925,3835,3855,163587,-0.011538461538461497
2024-03-08,3860,3875,3825,3845,93148,-0.0025940337224383825
2024-03-11,3790,3850,3785,3800,94179,-0.011703511053316018
2024-03-12,3820,3820,3775,3800,70479,0.0
2024-03-13,3800,3840,3790,3810,61079,0.002631578947368318
2024-03-14,3870,3925,3835,3865,171618,0.014435695538057791
2024-03-15,3885,3905,3810,3835,203636,-0.0077619663648124115
2024-03-18,3835,3855,3825,3825,62930,-0.0026075619295958807
2024-03-19,3835,3855,3810,3815,99844,-0.002614379084967311
2024-03-20,3835,3855,3800,3815,100812,0.0
2024-03-21,3805,3850,3805,3815,95384,0.0
2024-03-22,3815,3855,3815,3835,129241,0.005242463958060384
2024-03-25,3840,3885,3830,3855,111887,0.0052151238591917615
2024-03-26,3850,3910,3850,3890,161650,0.009079118028534339
2024-03-27,3915,3915,3850,3850,140154,-0.010282776349614386
2024-03-28,3850,3875,3835,3850,141048,0.0
2024-03-29,3855,3875,3825,3855,100913,0.0012987012987013546
2024-04-01,3855,3895,3840,3870,110882,0.0038910505836575737
2024-04-02,3905,4060,3860,3995,876812,0.03229974160206717
2024-04-03,3995,4075,3905,3915,741571,-0.020025031289111372
2024-04-04,3905,3940,3870,3870,191373,-0.011494252873563204
2024-04-05,4000,4080,3920,3975,1369452,0.027131782945736482
2024-04-08,4020,4085,3980,4020,707974,0.01132075471698113
2024-04-09,4005,4075,3935,4025,541434,0.0012437810945273853
2024-04-11,3980,4015,3905,3975,437126,-0.012422360248447228
2024-04-12,3975,4065,3905,4015,571355,0.010062893081761004
2024-04-15,4120,4450,4030,4060,5771130,0.011207970112079746
2024-04-16,4085,4380,4040,4195,3644311,0.03325123152709364
2024-04-17,4120,4140,4000,4020,1110462,-0.04171632896305122
2024-04-18,3895,3975,3860,3930,697989,-0.02238805970149249
2024-04-19,3930,4730,3920,4240,15862652,0.07888040712468203
2024-04-22,4075,4130,3990,4005,1629668,-0.05542452830188682
2024-04-23,3985,4115,3945,3950,1528936,-0.013732833957553092
2024-04-24,3950,4005,3950,3985,473839,0.008860759493670933
2024-04-25,3970,3995,3930,3940,710286,-0.01129234629861986
2024-04-26,3945,3960,3920,3920,326151,-0.005076142131979711
2024-04-29,3910,3910,3865,3905,342556,-0.003826530612244916
2024-04-30,3885,3930,3870,3910,333982,0.001280409731113874
2024-05-02,3880,3890,3855,3865,295411,-0.011508951406649648
2024-05-03,3890,3980,3885,3910,501758,0.011642949547218562
2024-05-07,3895,3930,3870,3925,285881,0.0038363171355497716
2024-05-08,3875,3940,3875,3905,221341,-0.005095541401273884
2024-05-09,3930,3965,3910,3935,278013,0.007682458386683688
2024-05-10,3950,3965,3925,3955,234975,0.0050825921219821435
2024-05-13,3950,3950,3895,3900,242536,-0.013906447534766109
2024-05-14,3925,3945,3900,3930,114883,0.007692307692307665
2024-05-16,3935,3965,3925,3935,169330,0.0012722646310432406
2024-05-17,3975,3985,3920,3930,292524,-0.0012706480304955914
2024-05-20,3945,4015,3940,4010,622347,0.020356234096692072
2024-05-21,3965,3990,3940,3950,258256,-0.014962593516209433
2024-05-22,3945,3945,3890,3895,219413,-0.013924050632911356
2024-05-23,3885,3910,3850,3870,254399,-0.006418485237484006
2024-05-24,3855,3890,3830,3835,195314,-0.009043927648578864
2024-05-27,3825,3850,3815,3835,182974,0.0
2024-05-28,3840,3870,3815,3860,110392,0.006518904823989535
2024-05-29,3900,4225,3865,4095,4242466,0.060880829015544036
2024-05-30,4090,4330,3960,3970,3274219,-0.030525030525030528
2024-05-31,3940,4150,3840,3900,1864650,-0.017632241813602012
2024-06-03,3925,4785,3885,4460,21660263,0.14358974358974352
2024-06-04,4350,5100,4185,4205,17909314,-0.05717488789237668
2024-06-05,4210,4265,4015,4055,2167526,-0.0356718192627824
2024-06-07,4055,4135,3930,3935,2013962,-0.0295930949445129
2024-06-10,3905,3995,3905,3950,435490,0.003811944091486552
2024-06-11,3950,3980,3900,3900,480995,-0.012658227848101222
2024-06-12,3900,3935,3890,3910,273258,0.002564102564102555
2024-06-13,3910,4020,3900,4005,432918,0.024296675191815886
2024-06-14,4030,4030,3950,3980,251599,-0.006242197253433224
2024-06-17,4010,4020,3980,3990,334473,0.002512562814070307
2024-06-18,4000,4095,3970,4035,632360,0.011278195488721776
2024-06-19,4035,4055,3995,4035,264620,0.0
2024-06-20,4040,4120,4015,4120,499668,0.02106567534076831
2024-06-21,4105,4115,4000,4005,368323,-0.027912621359223344
2024-06-24,3995,4035,3950,3975,227530,-0.0074906367041198685
2024-06-25,3970,4050,3970,3975,143156,0.0
2024-06-26,3960,3975,3945,3960,142236,-0.0037735849056603765
2024-06-27,3960,3980,3940,3950,131618,-0.002525252525252486
2024-06-28,3970,4045,3960,4015,254072,0.016455696202531733
2024-07-01,4015,4020,3965,3970,167456,-0.011207970112079746
2024-07-02,3975,4045,3925,3935,685573,-0.008816120906801062
2024-07-03,3935,3945,3905,3930,216803,-0.0012706480304955914
2024-07-04,3930,3960,3920,3930,135381,0.0
2024-07-05,3930,3960,3920,3935,113027,0.0012722646310432406
2024-07-08,3935,3990,3925,3970,118434,0.008894536213468918
2024-07-09,3950,3990,3945,3975,151814,0.0012594458438286438
2024-07-10,3980,4025,3950,3990,231705,0.0037735849056603765
2024-07-11,3995,4010,3955,3970,142695,-0.005012531328320802
2024-07-12,3955,4000,3940,3980,113041,0.0025188916876575096
2024-07-15,3960,3995,3960,3975,138531,-0.0012562814070351536
2024-07-16,3960,4025,3960,4005,296532,0.007547169811320753
2024-07-17,4010,4025,3980,3985,206363,-0.004993757802746579
2024-07-18,3990,4020,3965,4000,162477,0.0037641154328733606
2024-07-19,3990,3995,3940,3970,159224,-0.007499999999999951
2024-07-22,3970,3970,3895,3905,269405,-0.016372795969773257
2024-07-23,3905,3940,3895,3900,113390,-0.001280409731113985
2024-07-24,3900,3910,3855,3880,290895,-0.00512820512820511
2024-07-25,3855,3895,3820,3875,212293,-0.0012886597938144284
2024-07-26,3875,3915,3860,3900,189113,0.006451612903225712
2024-07-29,3900,3940,3895,3900,110754,0.0
2024-07-30,3875,3900,3855,3880,155651,-0.00512820512820511
2024-07-31,3880,4145,3860,3970,2061806,0.02319587628865971
2024-08-01,3980,4025,3965,3990,551424,0.005037783375314797
2024-08-02,4000,4095,3915,3965,1503094,-0.006265664160400974
2024-08-05,3965,4150,3430,3655,2700454,-0.0781841109709962
2024-08-06,3635,3855,3635,3830,799262,0.0478796169630642
2024-08-07,3850,3935,3790,3925,466647,0.024804177545691974
2024-08-08,3920,3930,3830,3855,355609,-0.017834394904458595
2024-08-09,3860,3905,3845,3900,297372,0.011673151750972721
2024-08-12,3860,3930,3855,3920,172317,0.00512820512820511
2024-08-13,3980,4035,3940,3995,760735,0.01913265306122458
2024-08-14,3955,4040,3905,4005,368614,0.0025031289111390187
2024-08-16,4000,4000,3900,3905,339989,-0.024968789013732784
2024-08-19,3855,3885,3800,3810,383380,-0.02432778489116516
2024-08-20,3830,3855,3795,3820,164462,0.002624671916010568
2024-08-21,3805,3820,3780,3805,124414,-0.003926701570680646
2024-08-22,3805,3820,3770,3780,222504,-0.006570302233902758
2024-08-23,3770,3800,3765,3785,95448,0.001322751322751392
2024-08-26,3830,3895,3765,3790,316169,0.0013210039630118242
2024-08-27,3830,3830,3785,3790,193724,0.0
2024-08-28,3790,3820,3770,3785,171694,-0.0013192612137202797
2024-08-29,3775,3795,3745,3780,207987,-0.0013210039630119352
2024-08-30,3780,3805,3780,3805,60838,0.006613756613756516
2024-09-02,3805,3805,3775,3785,79845,-0.005256241787122251
2024-09-03,3775,3805,3775,3795,196363,0.0026420079260238705
2024-09-04,3755,3770,3685,3710,356658,-0.022397891963109373
2024-09-05,3720,3730,3660,3685,267117,-0.006738544474393482
2024-09-06,3665,3685,3655,3670,130867,-0.004070556309362261
2024-09-09,3630,3680,3585,3645,194097,-0.006811989100817484
2024-09-10,3645,3670,3615,3615,90290,-0.008230452674897082
2024-09-11,3615,3640,3595,3615,73914,0.0
2024-09-12,3620,3660,3620,3650,64138,0.009681881051175623
2024-09-13,3660,3800,3655,3760,143864,0.03013698630136985
2024-09-19,3760,3780,3730,3765,65255,0.0013297872340425343
2024-09-20,3770,3800,3755,3780,122146,0.003984063745019917
2024-09-23,3810,3825,3775,3825,167090,0.011904761904761862
2024-09-24,3790,3845,3790,3840,155422,0.0039215686274509665
2024-09-25,3840,3860,3830,3840,159456,0.0
2024-09-26,3815,3860,3810,3845,159349,0.0013020833333332593
2024-09-27,3890,3890,3845,3845,161950,0.0
2024-09-30,3880,3880,3815,3840,99398,-0.0013003901170350884
2024-10-02,3940,3960,3805,3810,500312,-0.0078125
2024-10-04,3895,4070,3865,4025,2154112,0.05643044619422577
2024-10-07,4025,4025,3915,3945,519571,-0.019875776397515477
2024-10-08,4045,4100,3955,3985,834798,0.010139416983523386
2024-10-10,3865,3910,3830,3885,324949,-0.025094102885821812
2024-10-11,3905,3925,3845,3850,275479,-0.009009009009009028
2024-10-14,3835,3865,3810,3840,176075,-0.0025974025974025983
2024-10-15,3795,3830,3790,3810,221008,-0.0078125
2024-10-16,3785,3800,3780,3790,106710,-0.005249343832021025
2024-10-17,3775,3810,3775,3800,209947,0.0026385224274405594
2024-10-18,3790,3820,3750,3780,182656,-0.0052631578947368585
2024-10-21,3785,3785,3745,3760,98287,-0.005291005291005346
2024-10-22,3760,3980,3700,3805,737274,0.01196808510638303
2024-10-23,3825,3825,3760,3775,132221,-0.007884362680683266
2024-10-24,3755,3785,3740,3750,109058,-0.0066225165562914245
2024-10-25,3740,3765,3710,3735,111491,-0.0040000000000000036
2024-10-28,3735,3740,3700,3710,162910,-0.00669344042838016
2024-10-29,3700,3700,3670,3695,88973,-0.0040431266846361336
2024-10-30,3690,3720,3690,3695,62996,0.0
2024-10-31,3710,3720,3680,3720,76706,0.006765899864682012
2024-11-01,3710,3740,3695,3700,93099,-0.005376344086021501
2024-11-04,3700,3745,3680,3725,44483,0.006756756756756799
2024-11-05,3735,3750,3725,3740,47439,0.00402684563758382
2024-11-06,3740,3740,3710,3725,91841,-0.004010695187165791
2024-11-07,3730,3730,3695,3725,82756,0.0
2024-11-08,3710,3765,3710,3755,70105,0.008053691275167862
2024-11-11,3755,3765,3710,3725,151129,-0.007989347536617841
2024-11-12,3710,3710,3645,3695,135880,-0.008053691275167751
2024-11-13,3635,3685,3590,3600,168893,-0.025710419485791558
2024-11-14,3600,3640,3585,3585,71478,-0.004166666666666652
2024-11-15,3590,3655,3540,3620,70755,0.009762900976290068
2024-11-18,3620,3670,3600,3630,178515,0.0027624309392264568
2024-11-19,3645,3645,3610,3630,66922,0.0
2024-11-20,3630,3635,3605,3630,72884,0.0
2024-11-21,3635,3640,3615,3630,46382,0.0
2024-11-22,3625,3650,3625,3630,82492,0.0
2024-11-25,3630,3660,3615,3630,91905,0.0
2024-11-26,3630,3640,3615,3625,58240,-0.0013774104683195176
2024-11-27,3625,3645,3610,3615,72872,-0.0027586206896551557
2024-11-28,3600,3625,3600,3625,29565,0.0027662517289073207
2024-11-29,3620,3635,3565,3580,137141,-0.012413793103448256
2024-12-02,3565,3580,3495,3500,225824,-0.022346368715083775
2024-12-03,3490,3525,3490,3500,78682,0.0
2024-12-04,3485,3670,3480,3545,523922,0.0128571428571429
2024-12-05,3530,3540,3440,3455,228750,-0.02538787023977429
2024-12-06,3455,3610,3440,3510,443873,0.01591895803183796
2024-12-09,3480,3480,3290,3300,382114,-0.05982905982905984
2024-12-10,3250,3445,3250,3430,248878,0.039393939393939315
2024-12-11,3445,3535,3415,3525,146657,0.0276967930029155
2024-12-12,3525,3590,3505,3565,124170,0.01134751773049647
2024-12-13,3565,3700,3550,3685,311857,0.033660589060308554
2024-12-16,3645,3645,3565,3610,227494,-0.020352781546811416
2024-12-17,3630,3630,3580,3590,72330,-0.005540166204986097
2024-12-18,3590,3625,3570,3595,84822,0.0013927576601671099
2024-12-19,3550,3645,3550,3615,114595,0.0055632823365785455
2024-12-20,3600,3620,3540,3615,117353,0.0
2024-12-23,3610,3635,3600,3635,78662,0.0055325034578146415
2024-12-24,3640,3675,3630,3670,65590,0.009628610729023324
2024-12-26,3685,3695,3660,3685,137421,0.004087193460490468
2024-12-27,3595,3595,3480,3515,200996,-0.046132971506105847
2024-12-30,3515,3585,3480,3580,75960,0.01849217638691325
2025-01-02,3560,3560,3475,3500,80864,-0.022346368715083775
2025-01-03,3500,3550,3500,3525,95224,0.0071428571428571175
2025-01-06,3545,3555,3510,3520,54772,-0.0014184397163120588
2025-01-07,3520,3540,3515,3515,59836,-0.0014204545454545858
2025-01-08,3530,3530,3505,3515,33677,0.0
2025-01-09,3525,3530,3495,3500,50350,-0.004267425320056861
2025-01-10,3510,3515,3495,3500,43638,0.0
2025-01-13,3510,3540,3475,3485,102378,-0.004285714285714337
2025-01-14,3540,3545,3485,3495,60699,0.0028694404591105283
2025-01-15,3515,3520,3475,3505,68766,0.0028612303290413976
2025-01-16,3500,3515,3475,3490,55676,-0.004279600570613384
2025-01-17,3500,3500,3470,3475,55065,-0.004297994269340966
2025-01-20,3475,3505,3470,3495,94150,0.0057553956834532904
2025-01-21,3500,3515,3480,3495,29527,0.0
2025-01-22,3490,3500,3475,3485,49432,-0.0028612303290415086
2025-01-23,3465,3485,3440,3455,105047,-0.008608321377331474
2025-01-24,3450,3465,3425,3445,119429,-0.0028943560057886897
2025-01-31,3440,3445,3405,3430,50143,-0.004354136429608135
2025-02-03,3440,3505,3390,3430,303986,0.0
2025-02-04,3430,3500,3410,3475,169316,0.013119533527696792
2025-02-05,3500,3530,3465,3490,67421,0.004316546762589857
2025-02-06,3495,3500,3450,3485,31017,-0.0014326647564469885
2025-02-07,3470,3480,3410,3445,118188,-0.011477761836441891
2025-02-10,3430,3450,3390,3445,59840,0.0
2025-02-11,3445,3450,3420,3440,30481,-0.0014513788098693414
2025-02-12,3440,3465,3420,3450,97721,0.0029069767441860517
2025-02-13,3460,3460,3420,3440,39645,-0.0028985507246376274
2025-02-14,3475,3475,3425,3440,34768,0.0
2025-02-17,3440,3455,3390,3450,213381,0.0029069767441860517
2025-02-18,3450,3455,3425,3445,40846,-0.0014492753623188692
2025-02-19,3445,3465,3430,3460,65998,0.004354136429608024
2025-02-20,3460,3485,3440,3465,39990,0.0014450867052022698
2025-02-21,3455,3525,3455,3505,46938,0.011544011544011523
2025-02-24,3500,3510,3475,3490,45226,-0.004279600570613384
2025-02-25,3495,3495,3455,3470,50491,-0.005730659025787954
2025-02-26,3470,3510,3455,3510,70957,0.011527377521613813
2025-02-27,3515,3515,3455,3485,52641,-0.007122507122507171
2025-02-28,3485,3485,3405,3415,87923,-0.020086083213773365
2025-03-04,3410,3430,3395,3395,52382,-0.005856515373352855
2025-03-05,3385,3450,3385,3435,68241,0.01178203240058906
2025-03-06,3440,3440,3400,3400,63707,-0.010189228529839833
2025-03-07,3400,3405,3380,3395,40670,-0.0014705882352941124
2025-03-10,3385,3410,3375,3375,33123,-0.00589101620029453
2025-03-11,3360,3370,3295,3360,145507,-0.004444444444444473
2025-03-12,3350,3355,3320,3335,62321,-0.007440476190476164
2025-03-13,3335,3345,3320,3325,41323,-0.0029985007496251548
2025-03-14,3325,3350,3320,3335,26133,0.003007518796992459
2025-03-17,3340,3350,3325,3330,29542,-0.0014992503748125774
2025-03-18,3330,3360,3320,3345,33528,0.0045045045045044585
2025-03-19,3340,3365,3330,3360,26285,0.004484304932735439
2025-03-20,3360,3370,3345,3345,25124,-0.004464285714285698
2025-03-21,3345,3365,3310,3355,33420,0.002989536621823552
2025-03-24,3345,3360,3335,3360,11505,0.0014903129657228842
2025-03-25,3345,3370,3345,3345,14340,-0.004464285714285698
2025-03-26,3350,3355,3315,3340,55104,-0.001494768310911776
2025-03-27,3315,3355,3315,3350,33521,0.0029940119760478723
2025-03-28,3345,3345,3310,3315,23755,-0.010447761194029903
2025-03-31,3325,3420,3300,3320,228894,0.0015082956259426794
2025-04-01,3330,3395,3305,3340,69852,0.006024096385542244
2025-04-02,3315,3345,3300,3325,53444,-0.004491017964071808
2025-04-03,3300,3335,3265,3295,120232,-0.009022556390977488
2025-04-04,3290,3455,3250,3440,233046,0.04400606980273136
2025-04-07,3400,3485,3300,3385,266861,-0.015988372093023284
2025-04-08,3450,3470,3385,3450,202245,0.019202363367799125
2025-04-09,3450,3495,3360,3425,176287,-0.007246376811594235
2025-04-10,3445,3480,3420,3470,171729,0.013138686131386912
2025-04-11,3460,3470,3395,3450,102815,-0.0057636887608069065
2025-04-14,3460,3475,3415,3440,94071,-0.0028985507246376274
2025-04-15,3430,3455,3425,3430,80495,-0.0029069767441860517
2025-04-16,3430,3440,3380,3400,129295,-0.008746355685131157
2025-04-17,3400,3415,3380,3395,76211,-0.0014705882352941124
2025-04-18,3400,3440,3385,3420,83363,0.007363770250368162
2025-04-21,3435,3435,3400,3410,70422,-0.0029239766081871066
2025-04-22,3410,3480,3410,3460,123563,0.014662756598240456
2025-04-23,3470,3475,3435,3465,67808,0.0014450867052022698
2025-04-24,3465,3490,3440,3460,40340,-0.0014430014430014682
2025-04-25,3460,3515,3440,3500,102734,0.011560693641618602
2025-04-28,3530,3530,3465,3475,81161,-0.0071428571428571175
2025-04-29,3475,3500,3460,3490,71583,0.004316546762589857
2025-04-30,3510,3510,3440,3445,75531,-0.012893982808022897
2025-05-02,3445,3525,3440,3510,123236,0.018867924528301883
2025-05-07,3440,3440,3300,3385,248990,-0.035612535612535634
2025-05-08,3380,3385,3355,3360,61566,-0.00738552437223039
2025-05-09,3375,3375,3350,3360,60390,0.0
2025-05-12,3360,3390,3350,3390,84268,0.008928571428571397
2025-05-13,3425,3425,3385,3410,69697,0.005899705014749346
2025-05-14,3410,3460,3410,3455,77252,0.01319648093841641
2025-05-15,3455,3470,3415,3455,43171,0.0
2025-05-16,3435,3455,3395,3410,81140,-0.013024602026049159
2025-05-19,3405,3420,3380,3395,49918,-0.004398826979472137
2025-05-20,3375,3405,3375,3395,44297,0.0
2025-05-21,3395,3445,3370,3415,105334,0.00589101620029453
2025-05-22,3410,3410,3350,3375,68293,-0.01171303074670571
2025-05-23,3365,3375,3340,3375,40120,0.0
2025-05-26,3370,3420,3365,3405,46892,0.008888888888888946
2025-05-27,3405,3415,3390,3405,25638,0.0
2025-05-28,3420,3460,3400,3430,33474,0.007342143906020615
2025-05-29,3430,3475,3415,3475,122070,0.013119533527696792
2025-05-30,3485,3485,3440,3465,28647,-0.0028776978417266452
2025-06-02,3480,3485,3440,3475,94156,0.0028860028860029363
2025-06-04,3485,3505,3470,3505,121201,0.008633093525179936
2025-06-05,3500,3510,3480,3510,54520,0.0014265335235377208
2025-06-09,3515,3530,3500,3530,80212,0.005698005698005604
2025-06-10,3505,3535,3490,3505,75158,-0.007082152974504208
2025-06-11,3500,3530,3495,3525,41768,0.005706134094151105
2025-06-12,3605,3605,3525,3535,143621,0.0028368794326241176
2025-06-13,3580,4345,3550,4040,22871081,0.1428571428571428
2025-06-16,4140,4270,3700,3725,6178225,-0.07797029702970293
2025-06-17,3585,3710,3500,3605,2414575,-0.03221476510067112
2025-06-18,3725,3745,3585,3590,1715815,-0.004160887656033285
2025-06-19,3550,3615,3540,3590,991363,0.0
2025-06-20,3570,3585,3520,3545,612307,-0.012534818941504211
2025-06-23,3900,4120,3685,3685,18373029,0.03949224259520445
2025-06-24,3430,3530,3430,3490,2442224,-0.052917232021709615
2025-06-25,3495,3545,3465,3490,668795,0.0
2025-06-26,3490,3500,3440,3450,430903,-0.011461318051575908
2025-06-27,3460,3465,3430,3445,268130,-0.0014492753623188692
2025-06-30,3430,3465,3425,3450,181949,0.0014513788098693414
2025-07-01,3450,3490,3450,3475,250465,0.007246376811594235
2025-07-02,3475,3495,3440,3475,319988,0.0
2025-07-03,3480,3515,3480,3510,270238,0.010071942446043147
2025-07-04,3510,3525,3480,3495,138878,-0.004273504273504258
2025-07-07,3495,3520,3465,3505,181056,0.0028612303290413976
2025-07-08,3505,3550,3500,3530,187541,0.007132667617689048
2025-07-09,3530,3595,3530,3585,288607,0.015580736543909346
2025-07-10,3585,3635,3570,3635,264068,0.013947001394700065
2025-07-11,3630,3680,3615,3655,312258,0.005502063273727709
2025-07-14,3655,3670,3585,3615,152092,-0.01094391244870041
2025-07-15,3595,3635,3575,3635,128598,0.0055325034578146415
2025-07-16,3640,3660,3590,3645,181317,0.0027510316368637433
2025-07-17,3650,3650,3605,3630,141993,-0.004115226337448541
2025-07-18,3630,3680,3600,3625,136404,-0.0013774104683195176
2025-07-21,3605,3645,3595,3630,89403,0.0013793103448276334
2025-07-22,3615,3635,3560,3570,151410,-0.016528925619834656
2025-07-23,3580,3595,3540,3575,92777,0.0014005602240896309
2025-07-24,3580,3590,3510,3525,122652,-0.013986013986013957
2025-07-25,3525,3550,3520,3525,56706,0.0
2025-07-28,3525,3530,3490,3495,94432,-0.008510638297872353
2025-07-29,3495,3520,3455,3500,95785,0.0014306151645206988
2025-07-30,3550,3590,3515,3520,77095,0.005714285714285783
2025-07-31,3515,3555,3500,3530,61819,0.0028409090909091717
2025-08-01,3490,3525,3395,3395,357731,-0.0382436260623229
2025-08-04,3390,3445,3385,3430,71751,0.010309278350515427
2025-08-05,3420,3490,3420,3450,67745,0.005830903790087438
2025-08-06,3450,3500,3435,3490,99245,0.011594202898550732
2025-08-07,3485,3505,3460,3480,65284,-0.002865329512893977
2025-08-08,3465,3495,3460,3470,78171,-0.002873563218390829
2025-08-11,3470,3490,3435,3460,117754,-0.0028818443804035088
2025-08-12,3460,3490,3450,3460,44489,0.0
2025-08-13,3455,3460,3400,3430,124903,-0.00867052023121384
2025-08-14,3430,3450,3410,3410,100990,-0.005830903790087438
2025-08-18,3410,3420,3390,3400,102262,-0.0029325513196480912
2025-08-19,3385,3410,3360,3375,102716,-0.007352941176470562
2025-08-20,3370,3375,3305,3330,187833,-0.013333333333333308
2025-08-21,3350,3380,3350,3360,67249,0.009009009009008917
2025-08-22,3360,3370,3325,3340,81833,-0.005952380952380931
2025-08-25,3335,3465,3335,3405,122305,0.019461077844311392
2025-08-26,3380,3420,3380,3390,91417,-0.004405286343612369
2025-08-27,3405,3425,3365,3370,65495,-0.005899705014749235
2025-08-28,3365,3375,3355,3360,31624,-0.0029673590504450953
2025-08-29,3360,3370,3315,3345,100521,-0.004464285714285698
