Date,Open,High,Low,Close,Volume,Change
2022-01-03,13400,13650,12900,13150,115020,0.003816793893129722
2022-01-04,13150,13350,12850,13100,94198,-0.0038022813688213253
2022-01-05,13100,13200,12650,12700,67396,-0.03053435114503822
2022-01-06,12500,12800,12450,12600,52456,-0.007874015748031482
2022-01-07,12600,12800,12300,12600,30314,0.0
2022-01-10,12600,12750,12200,12250,39081,-0.02777777777777779
2022-01-11,12350,12850,11800,12250,99577,0.0
2022-01-12,12250,12450,12000,12150,39306,-0.008163265306122436
2022-01-13,12250,12250,11750,12100,48221,-0.004115226337448541
2022-01-14,11850,12700,11650,11850,95130,-0.02066115702479343
2022-01-17,11850,11950,11450,11600,42431,-0.021097046413502074
2022-01-18,11550,11650,11000,11400,69854,-0.017241379310344862
2022-01-19,11100,11450,10500,10500,137472,-0.07894736842105265
2022-01-20,10500,10900,10400,10600,58869,0.00952380952380949
2022-01-21,10550,10700,10150,10250,63688,-0.03301886792452835
2022-01-24,10400,10700,9960,10350,79756,0.009756097560975618
2022-01-25,10250,10400,9810,10100,69962,-0.024154589371980673
2022-01-26,9900,10250,9000,9970,185827,-0.012871287128712883
2022-01-27,9970,10050,9510,9970,34095,0.0
2022-01-28,9970,10500,9810,10300,29082,0.033099297893681046
2022-02-03,10500,10500,10200,10400,28397,0.009708737864077666
2022-02-04,10200,10550,10200,10550,22254,0.014423076923076872
2022-02-07,10600,10950,10450,10950,37044,0.03791469194312791
2022-02-08,10900,11100,10700,10800,18133,-0.013698630136986356
2022-02-09,10900,10950,10700,10850,13828,0.004629629629629539
2022-02-10,11000,11000,10250,10800,31573,-0.004608294930875556
2022-02-11,10800,10800,10500,10500,11097,-0.02777777777777779
2022-02-14,10500,10800,10000,10600,34931,0.00952380952380949
2022-02-15,10500,10700,10300,10500,18183,-0.009433962264150941
2022-02-16,10800,10850,10550,10650,15931,0.014285714285714235
2022-02-17,10650,10800,10350,10400,25808,-0.023474178403755874
2022-02-18,10500,10550,10300,10350,13168,-0.004807692307692291
2022-02-21,10100,10500,10000,10250,16265,-0.009661835748792313
2022-02-22,10100,10250,9850,9850,30451,-0.039024390243902474
2022-02-23,9850,10100,9850,9910,19978,0.006091370558375608
2022-02-24,9800,9900,9560,9560,29156,-0.0353178607467205
2022-02-25,9650,9980,9650,9870,11353,0.03242677824267792
2022-02-28,9900,10300,9900,10000,14728,0.01317122593718345
2022-03-02,9940,10050,9900,9930,8553,-0.007000000000000006
2022-03-03,10000,11150,9920,10350,60848,0.04229607250755296
2022-03-04,10450,10450,10000,10050,11116,-0.02898550724637683
2022-03-07,10000,10000,9790,9830,12829,-0.02189054726368156
2022-03-08,9750,9830,9700,9700,10803,-0.01322482197355035
2022-03-10,9800,10050,9800,9900,12478,0.020618556701030855
2022-03-11,9920,10000,9820,9830,6293,-0.007070707070707116
2022-03-14,9830,9880,9630,9690,12227,-0.014242115971515812
2022-03-15,9600,9790,9530,9570,16539,-0.012383900928792602
2022-03-16,9460,9820,9460,9800,22077,0.024033437826541215
2022-03-17,9850,10100,9760,9920,19771,0.012244897959183598
2022-03-18,9910,9970,9750,9850,11201,-0.007056451612903247
2022-03-21,9950,9980,9740,9830,20569,-0.0020304568527919065
2022-03-22,9830,9830,9710,9740,19464,-0.00915564598168872
2022-03-23,9750,9820,9600,9650,22237,-0.00924024640657084
2022-03-24,9650,9650,9380,9490,61269,-0.016580310880829008
2022-03-25,9490,9580,9380,9550,16440,0.006322444678608985
2022-03-28,9550,9550,9380,9540,241233,-0.0010471204188481353
2022-03-29,9600,9830,9530,9820,55282,0.029350104821803003
2022-03-30,9880,9920,9760,9800,34242,-0.0020366598778004397
2022-03-31,9670,9840,9660,9800,23372,0.0
2022-04-01,9780,9870,9620,9770,24653,-0.003061224489795955
2022-04-04,9710,9770,9580,9630,25278,-0.014329580348004134
2022-04-05,9610,9710,9530,9560,21033,-0.007268951194184803
2022-04-06,9430,9600,9420,9500,20913,-0.006276150627615107
2022-04-07,9510,9650,9370,9440,18902,-0.0063157894736841635
2022-04-08,9470,9500,9310,9440,24799,0.0
2022-04-11,9560,9560,9260,9300,33306,-0.014830508474576232
2022-04-12,9170,9350,9030,9090,34837,-0.022580645161290325
2022-04-13,9100,9150,9030,9130,14977,0.004400440044004306
2022-04-14,9140,9150,9000,9070,13250,-0.006571741511500528
2022-04-15,9030,9060,8900,8900,33426,-0.018743109151047377
2022-04-18,9000,9000,8590,8630,46710,-0.030337078651685445
2022-04-19,8630,8640,8330,8330,52038,-0.03476245654692933
2022-04-20,8350,8400,7950,8190,122224,-0.01680672268907568
2022-04-21,8190,8350,8000,8200,29273,0.0012210012210012167
2022-04-22,8210,8210,7960,8160,28868,-0.004878048780487809
2022-04-25,7960,8640,7850,7990,55050,-0.02083333333333337
2022-04-26,8080,8150,7960,7960,26892,-0.003754693366708417
2022-04-27,7960,8030,7770,7900,18195,-0.007537688442211032
2022-04-28,7860,8130,7860,7910,10769,0.0012658227848101333
2022-04-29,7820,8100,7820,8090,9539,0.022756005056890016
2022-05-02,8200,8200,7920,7940,19424,-0.018541409147095234
2022-05-03,7940,8040,7890,8020,13060,0.010075566750629816
2022-05-04,8020,8110,7690,8020,23608,0.0
2022-05-06,8020,8070,7920,8000,4500,-0.0024937655860348684
2022-05-09,7950,8080,7940,8010,14585,0.0012499999999999734
2022-05-10,7940,7940,7610,7780,28746,-0.028714107365792718
2022-05-11,7840,7840,7660,7790,6722,0.0012853470437017567
2022-05-12,7750,7780,7540,7600,16375,-0.024390243902439046
2022-05-13,7500,7640,7490,7590,14877,-0.001315789473684159
2022-05-16,7640,7750,7100,7200,58184,-0.0513833992094862
2022-05-17,7290,7350,7210,7330,16601,0.01805555555555549
2022-05-18,7390,7430,7280,7370,7819,0.005457025920873049
2022-05-19,7280,7280,6950,7100,30249,-0.03663500678426057
2022-05-20,7180,7240,7090,7200,7850,0.014084507042253502
2022-05-23,7270,7270,6970,6980,18318,-0.030555555555555558
2022-05-24,6920,7250,6810,6810,26462,-0.024355300859598805
2022-05-25,6810,7320,6670,7200,41758,0.05726872246696035
2022-05-26,7190,7400,7160,7240,23403,0.005555555555555536
2022-05-27,7260,7750,7260,7580,28862,0.046961325966850875
2022-05-30,7610,7810,7540,7560,11917,-0.0026385224274406704
2022-05-31,7530,7770,7530,7750,12653,0.025132275132275117
2022-06-02,7700,7740,7600,7680,5846,-0.00903225806451613
2022-06-03,7680,7720,7570,7580,6497,-0.01302083333333337
2022-06-07,7590,7590,7100,7370,12397,-0.02770448548812665
2022-06-08,7250,7590,7210,7380,14323,0.0013568521031208647
2022-06-09,7300,7300,6900,7050,38242,-0.04471544715447151
2022-06-10,6870,6940,6720,6800,32133,-0.03546099290780147
2022-06-13,6640,6680,6100,6160,37477,-0.09411764705882353
2022-06-14,5900,6200,5700,5990,107805,-0.02759740259740262
2022-06-15,6000,6150,5550,5640,45460,-0.058430717863105164
2022-06-16,5660,5910,5640,5730,19538,0.015957446808510634
2022-06-17,5550,5650,5500,5630,30902,-0.017452006980802848
2022-06-20,5510,5610,5160,5200,47294,-0.07637655417406752
2022-06-21,5200,5410,5090,5290,37900,0.017307692307692246
2022-06-22,5500,5500,4990,5060,38085,-0.04347826086956519
2022-06-23,5240,5240,4790,4910,44899,-0.029644268774703608
2022-06-24,5010,5280,4910,5240,32962,0.06720977596741351
2022-06-27,5250,5370,5210,5320,22747,0.01526717557251911
2022-06-28,5320,5510,5020,5140,27234,-0.03383458646616544
2022-06-29,5040,5190,5000,5140,22646,0.0
2022-06-30,5060,5220,5060,5110,21927,-0.005836575875486361
2022-07-01,5120,5240,5000,5040,24671,-0.013698630136986356
2022-07-04,4990,5140,4660,4845,110280,-0.038690476190476164
2022-07-05,4800,5000,4800,4955,24357,0.02270381836945301
2022-07-06,5040,5120,4910,5070,24886,0.023208879919273562
2022-07-07,5060,5190,5060,5170,18161,0.019723865877712132
2022-07-08,5290,6720,5190,5710,298585,0.1044487427466152
2022-07-11,5810,6580,5810,6300,241625,0.10332749562171628
2022-07-12,6300,6330,5980,6090,60220,-0.033333333333333326
2022-07-13,6000,6170,6000,6060,20095,-0.0049261083743842304
2022-07-14,6010,6390,5990,6250,18475,0.031353135313531455
2022-07-15,6210,6400,6100,6220,17465,-0.0048000000000000265
2022-07-18,6310,6890,6120,6500,94843,0.045016077170418
2022-07-19,6430,6500,6360,6460,8602,-0.006153846153846176
2022-07-20,6460,6760,6400,6460,23552,0.0
2022-07-21,6420,6570,6230,6310,27342,-0.023219814241486114
2022-07-22,6270,6360,6250,6320,5348,0.0015847860538826808
2022-07-25,6310,6380,6170,6200,12614,-0.01898734177215189
2022-07-26,6150,6270,5770,5970,18397,-0.0370967741935484
2022-07-27,6010,6100,5880,6050,8328,0.01340033500837512
2022-07-28,6080,6090,5960,6020,4376,-0.0049586776859503745
2022-07-29,6020,6030,5880,6000,9968,-0.0033222591362126463
2022-08-01,6080,6150,5940,6150,7260,0.02499999999999991
2022-08-02,6200,6350,5960,5960,12034,-0.03089430894308942
2022-08-03,5900,6100,5870,6030,6332,0.011744966442952975
2022-08-04,6200,6210,6000,6050,7882,0.0033167495854062867
2022-08-05,6090,6450,5990,6300,33239,0.04132231404958686
2022-08-08,6490,6490,6300,6380,19257,0.012698412698412653
2022-08-09,6430,6430,6210,6340,10891,-0.006269592476489061
2022-08-10,6240,6300,6170,6200,9839,-0.02208201892744477
2022-08-11,6260,6390,6190,6280,10069,0.012903225806451646
2022-08-12,6250,6390,6240,6350,7063,0.011146496815286566
2022-08-16,6320,6340,6190,6190,7760,-0.025196850393700787
2022-08-17,6190,6200,6030,6060,9838,-0.021001615508885352
2022-08-18,6050,7580,6000,6850,862048,0.13036303630363033
2022-08-19,6950,6950,6720,6790,121615,-0.008759124087591275
2022-08-22,6790,7210,6580,6660,110326,-0.019145802650957333
2022-08-23,6660,7040,6650,6680,47680,0.0030030030030030463
2022-08-24,6780,6950,6730,6920,54028,0.03592814371257491
2022-08-25,6950,7000,6840,6870,32013,-0.007225433526011571
2022-08-26,7000,7000,6690,6780,31121,-0.013100436681222738
2022-08-29,6490,6590,6390,6440,27002,-0.05014749262536877
2022-08-30,6440,6530,6250,6370,29755,-0.010869565217391353
2022-08-31,6400,6570,6240,6430,36389,0.009419152276295195
2022-09-01,6430,6440,6160,6200,21458,-0.03576982892690517
2022-09-02,6270,6270,5930,5930,30998,-0.04354838709677422
2022-09-05,5930,6020,5900,6000,14403,0.01180438448566612
2022-09-06,6000,6300,6000,6200,18206,0.03333333333333344
2022-09-07,6200,6200,6000,6100,13582,-0.016129032258064502
2022-09-08,6100,6180,6030,6110,11461,0.0016393442622950616
2022-09-13,6050,6190,6020,6100,6813,-0.0016366612111292644
2022-09-14,6000,6000,5800,5920,11390,-0.02950819672131144
2022-09-15,5920,6060,5800,5870,11625,-0.008445945945945943
2022-09-16,5890,5890,5400,5670,25227,-0.03407155025553665
2022-09-19,5700,5700,5390,5460,8728,-0.03703703703703709
2022-09-20,5400,5540,5240,5360,8408,-0.01831501831501836
2022-09-21,5340,5350,5130,5200,16456,-0.02985074626865669
2022-09-22,5150,5260,5050,5150,4334,-0.009615384615384581
2022-09-23,5150,5390,4805,5000,30250,-0.029126213592232997
2022-09-26,4835,5200,4800,5100,24943,0.020000000000000018
2022-09-27,5100,5110,4900,4975,14238,-0.02450980392156865
2022-09-28,4975,5070,4765,4840,18790,-0.02713567839195985
2022-09-29,4930,4985,4785,4865,7817,0.005165289256198413
2022-09-30,4855,4855,4675,4770,9441,-0.019527235354573458
2022-10-04,4720,5050,4700,4950,7664,0.037735849056603765
2022-10-05,4890,5100,4865,5000,11202,0.010101010101010166
2022-10-06,5000,5050,4985,5000,3014,0.0
2022-10-07,5000,5030,4895,4950,7193,-0.010000000000000009
2022-10-11,4940,4940,4760,4780,6502,-0.03434343434343434
2022-10-12,4840,4845,4705,4830,4058,0.010460251046025215
2022-10-13,4890,4890,4650,4780,6672,-0.010351966873705987
2022-10-14,4780,4945,4655,4865,5195,0.01778242677824271
2022-10-17,4995,5030,4815,5020,15112,0.031860226104830414
2022-10-18,5000,5190,5000,5140,3449,0.0239043824701195
2022-10-19,5090,5300,5090,5300,7359,0.03112840466926059
2022-10-20,5340,5770,5340,5390,17003,0.016981132075471805
2022-10-21,5450,5450,4920,5210,15496,-0.033395176252319136
2022-10-24,5260,5260,5050,5050,5429,-0.030710172744721653
2022-10-25,5140,5650,5000,5390,19772,0.06732673267326739
2022-10-26,5350,5470,5220,5300,5098,-0.016697588126159513
2022-10-27,5300,5350,5110,5280,6744,-0.0037735849056603765
2022-10-28,5270,5300,5100,5290,4380,0.0018939393939394478
2022-10-31,5230,5290,5090,5290,6842,0.0
2022-11-01,5290,5460,5200,5450,11675,0.030245746691871522
2022-11-02,5500,5540,5360,5490,2968,0.007339449541284404
2022-11-03,5300,5460,5280,5390,2821,-0.01821493624772308
2022-11-04,5350,5350,5200,5280,6729,-0.020408163265306145
2022-11-07,5240,5240,5030,5190,11244,-0.017045454545454586
2022-11-08,5160,5420,5090,5400,9151,0.040462427745664664
2022-11-09,5400,5410,5220,5240,13804,-0.029629629629629672
2022-11-10,5240,5240,5130,5180,5786,-0.011450381679389277
2022-11-11,5190,6110,5190,5960,169762,0.1505791505791505
2022-11-14,6240,6240,5880,5970,91028,0.001677852348993314
2022-11-15,5890,6510,5860,6270,84598,0.05025125628140703
2022-11-16,6280,7000,6270,6640,152344,0.05901116427432207
2022-11-17,6640,6830,6510,6590,32761,-0.0075301204819276935
2022-11-18,6550,6600,6480,6590,18418,0.0
2022-11-21,6640,6930,6600,6750,42475,0.02427921092564489
2022-11-22,6750,6990,6670,6840,17575,0.01333333333333342
2022-11-23,7040,7040,6750,6900,21822,0.00877192982456143
2022-11-24,6910,7000,6780,6950,10045,0.007246376811594235
2022-11-25,6950,7390,6940,7330,90476,0.054676258992805815
2022-11-28,7140,7280,7050,7190,31445,-0.019099590723055893
2022-11-29,7110,7350,7050,7190,30192,0.0
2022-11-30,7230,7580,6960,7100,89249,-0.012517385257301838
2022-12-01,7120,7390,7050,7350,45336,0.035211267605633756
2022-12-02,7360,7580,7300,7530,30058,0.02448979591836742
2022-12-05,7510,7760,7490,7500,31131,-0.003984063745019917
2022-12-06,7710,7710,7440,7500,15615,0.0
2022-12-07,7500,9000,7310,7310,353111,-0.02533333333333332
2022-12-08,7310,7320,6600,6600,72296,-0.0971272229822161
2022-12-09,6680,7030,6620,6840,20856,0.036363636363636376
2022-12-12,6900,7060,6700,6750,12582,-0.013157894736842146
2022-12-13,6830,6830,6680,6700,11715,-0.007407407407407418
2022-12-14,6700,6950,6700,6850,7208,0.02238805970149249
2022-12-15,6880,7020,6850,6900,17976,0.007299270072992803
2022-12-16,6850,7050,6850,6990,24448,0.01304347826086949
2022-12-19,6990,7410,6990,7320,42863,0.047210300429184615
2022-12-20,7320,7590,7210,7290,32311,-0.004098360655737654
2022-12-21,7290,7370,7110,7290,22649,0.0
2022-12-22,7290,7400,7130,7310,20412,0.00274348422496562
2022-12-23,7250,7250,6720,6910,38774,-0.05471956224350205
2022-12-26,6910,6980,6700,6860,17627,-0.00723589001447178
2022-12-27,6860,7030,6670,6860,36547,0.0
2022-12-28,6860,7000,6770,6830,10436,-0.004373177842565634
2022-12-29,6880,6880,6640,6820,8448,-0.0014641288433382416
2023-01-02,6820,6890,6700,6780,7539,-0.0058651026392961825
2023-01-03,6670,6820,6420,6810,17117,0.004424778761061843
2023-01-04,6800,6940,6490,6940,27104,0.019089574155653377
2023-01-05,6950,7230,6800,6970,15390,0.004322766570605152
2023-01-06,6970,7180,6850,6980,28909,0.0014347202295552641
2023-01-09,6950,7040,6930,6940,29777,-0.005730659025787954
2023-01-10,7030,7150,6940,7020,46423,0.011527377521613813
2023-01-11,7020,7110,6980,7020,29280,0.0
2023-01-12,7080,7080,6900,6910,14794,-0.015669515669515688
2023-01-13,6910,7010,6860,6960,29676,0.00723589001447178
2023-01-16,6960,7030,6920,6930,9006,-0.004310344827586188
2023-01-17,6930,7100,6900,6990,31620,0.008658008658008587
2023-01-18,7030,7030,6880,6920,18204,-0.010014306151645225
2023-01-19,6990,6990,6880,6920,1443,0.0
2023-01-20,6990,7010,6800,6980,14941,0.00867052023121384
2023-01-25,7030,7040,6920,6980,13380,0.0
2023-01-26,7010,7060,6970,7010,23320,0.004297994269341077
2023-01-27,7010,7690,6950,7580,211320,0.08131241084165475
2023-01-30,7580,7860,7510,7710,77474,0.01715039577836408
2023-01-31,7780,7880,7650,7800,22260,0.011673151750972721
2023-02-01,7830,8360,7600,8190,110668,0.050000000000000044
2023-02-02,8210,8790,8210,8570,102666,0.046398046398046455
2023-02-03,8620,8760,8520,8650,58913,0.009334889148191472
2023-02-06,8600,8600,8210,8300,58068,-0.040462427745664775
2023-02-07,8500,8500,8020,8390,58107,0.010843373493975905
2023-02-08,8480,8480,8140,8340,33283,-0.005959475566150174
2023-02-09,8340,8870,8220,8730,100932,0.046762589928057485
2023-02-10,8910,8990,8550,8640,77834,-0.010309278350515427
2023-02-13,8580,8690,8330,8440,38107,-0.02314814814814814
2023-02-14,8440,8930,8300,8860,128153,0.04976303317535535
2023-02-15,8890,9020,8510,8600,119851,-0.02934537246049662
2023-02-16,8610,9010,8310,8860,193441,0.03023255813953485
2023-02-17,8800,9020,8790,9020,127501,0.018058690744920947
2023-02-20,9020,9120,8540,9030,242626,0.0011086474501109667
2023-02-21,9040,9820,9040,9730,871319,0.07751937984496116
2023-02-22,9690,10450,9620,10220,497532,0.050359712230215736
2023-02-23,10200,10370,9900,10220,131279,0.0
2023-02-24,10330,10600,9710,10300,210779,0.007827788649706457
2023-02-27,10450,11000,9490,9800,1032868,-0.04854368932038833
2023-02-28,10260,10400,9490,9920,391783,0.012244897959183598
2023-03-02,10300,10700,9800,10320,712037,0.040322580645161255
2023-03-03,10600,10860,9950,10210,353892,-0.01065891472868219
2023-03-06,10210,10290,9810,10000,144386,-0.020568070519098924
2023-03-07,10030,10500,9800,10130,334235,0.0129999999999999
2023-03-08,10090,10750,9920,10450,505586,0.031589338598223105
2023-03-09,10750,10790,10130,10620,237563,0.016267942583731987
2023-03-10,10400,10750,10220,10590,257524,-0.0028248587570621764
2023-03-13,11050,11100,10260,10810,875527,0.020774315391879128
2023-03-14,10800,10800,9980,10070,285710,-0.0684551341350601
2023-03-15,10500,10740,10200,10300,394965,0.022840119165839168
2023-03-16,10270,10270,9500,9890,219434,-0.03980582524271847
2023-03-17,9990,10100,9050,9160,382699,-0.07381193124368046
2023-03-20,9450,11900,9330,10850,3240838,0.18449781659388642
2023-03-21,11230,11370,10550,10970,906998,0.011059907834101379
2023-03-22,11030,11140,10730,11020,431593,0.004557885141294404
2023-03-23,10820,11340,10730,10900,529301,-0.010889292196007205
2023-03-24,10960,10980,10320,10430,347254,-0.0431192660550459
2023-03-27,10540,10940,10160,10880,350774,0.043144774688398835
2023-03-28,10900,11100,10560,10860,320564,-0.0018382352941176405
2023-03-29,10970,10990,10450,10660,232389,-0.018416206261510082
2023-03-30,10800,10800,10330,10660,183211,0.0
2023-03-31,10660,10700,10320,10320,151495,-0.031894934333958735
2023-04-03,10330,10500,10020,10260,187682,-0.005813953488372103
2023-04-04,10320,10550,9960,10000,301690,-0.025341130604288553
2023-04-05,10000,10400,9860,10150,170330,0.014999999999999902
2023-04-06,10150,10150,9430,9720,221436,-0.04236453201970447
2023-04-07,9720,10050,9600,9800,123727,0.008230452674897082
2023-04-10,9800,9940,9450,9640,157003,-0.01632653061224487
2023-04-11,9660,10550,9660,10500,463977,0.08921161825726132
2023-04-12,10480,10990,9950,10110,570597,-0.037142857142857144
2023-04-13,10110,10110,9600,9930,119571,-0.017804154302670572
2023-04-14,9930,10440,9760,10130,341520,0.020140986908358416
2023-04-17,10190,10190,9700,9910,100829,-0.021717670286278357
2023-04-18,10390,10810,10070,10630,563771,0.07265388496468206
2023-04-19,10640,11430,10640,11000,469186,0.03480714957666975
2023-04-20,10700,10780,10260,10350,276226,-0.05909090909090908
2023-04-21,10260,10700,10190,10350,162636,0.0
2023-04-24,10450,10880,9900,10270,427068,-0.007729468599033784
2023-04-25,10940,11970,9800,10210,2098024,-0.0058422590068160085
2023-04-26,10300,10420,9960,10030,188754,-0.01762977473065619
2023-04-27,10030,10230,9730,10100,163685,0.006979062811565351
2023-04-28,10200,10200,9800,9950,140518,-0.014851485148514865
2023-05-02,10000,10210,9880,10030,108472,0.008040201005025116
2023-05-03,10040,10640,10000,10530,375630,0.04985044865403787
2023-05-04,10510,10700,10260,10640,177055,0.010446343779677125
2023-05-08,10600,10690,10250,10320,95419,-0.03007518796992481
2023-05-09,10260,10270,9920,10050,109154,-0.026162790697674465
2023-05-10,10050,10200,9960,10040,73607,-0.0009950248756218638
2023-05-11,10100,11070,10020,10820,486005,0.07768924302788838
2023-05-12,10820,10920,10500,10700,131526,-0.011090573012939031
2023-05-15,10970,10970,10150,10250,142357,-0.04205607476635509
2023-05-16,10280,10330,9930,10150,137662,-0.009756097560975618
2023-05-17,10150,10380,9960,10180,102434,0.002955665024630516
2023-05-18,10250,10430,10100,10290,79003,0.01080550098231825
2023-05-19,10350,10590,10230,10390,166289,0.009718172983479212
2023-05-22,10390,10880,10180,10600,291762,0.0202117420596728
2023-05-23,10600,10610,10150,10460,206450,-0.013207547169811318
2023-05-24,10380,10620,10260,10560,101924,0.009560229445506607
2023-05-25,10500,10680,10260,10450,117708,-0.01041666666666663
2023-05-26,10530,10580,10190,10270,117821,-0.017224880382775143
2023-05-30,10320,10320,10020,10270,84204,0.0
2023-05-31,10270,10430,10010,10210,84992,-0.0058422590068160085
2023-06-01,10200,10330,10110,10180,48744,-0.002938295788442735
2023-06-02,10190,10760,10190,10670,303665,0.048133595284872266
2023-06-05,10700,10940,10490,10800,200948,0.012183692596063667
2023-06-07,10800,11460,10700,11250,403673,0.04166666666666674
2023-06-08,11250,11480,11000,11330,155247,0.007111111111111068
2023-06-09,11340,11410,11060,11350,150178,0.001765225066195919
2023-06-12,11240,11300,10970,11050,134397,-0.026431718061673992
2023-06-13,11050,12340,11000,11880,587217,0.07511312217194566
2023-06-14,11900,11910,11090,11130,238842,-0.06313131313131315
2023-06-15,11140,11720,11140,11330,169485,0.017969451931716174
2023-06-16,11480,11760,11400,11530,88417,0.017652250661959412
2023-06-19,11530,11650,11280,11590,55967,0.005203816131829964
2023-06-20,11470,11580,11150,11260,94278,-0.028472821397756642
2023-06-21,11260,11290,11070,11130,58953,-0.011545293072824148
2023-06-22,11190,11400,11000,11340,73158,0.018867924528301883
2023-06-23,11300,11390,11070,11100,71210,-0.021164021164021163
2023-06-26,11060,11120,10510,10540,116179,-0.05045045045045049
2023-06-27,10740,10790,10430,10600,95617,0.005692599620493288
2023-06-28,10760,10760,10100,10290,125998,-0.029245283018867974
2023-06-29,10340,10410,9960,10130,85512,-0.01554907677356654
2023-06-30,10130,10380,10010,10370,56544,0.023692003948667217
2023-07-03,10280,12350,10280,10950,942533,0.055930568948890924
2023-07-04,11350,11410,10820,10820,332220,-0.01187214611872145
2023-07-05,10710,10840,10570,10570,83868,-0.02310536044362288
2023-07-06,10570,10610,10220,10280,70588,-0.027436140018921473
2023-07-07,10020,10490,10020,10180,84978,-0.009727626459143934
2023-07-10,10350,10350,9990,10000,67284,-0.017681728880157177
2023-07-11,10010,10970,10010,10440,215886,0.04400000000000004
2023-07-12,10600,10790,10380,10490,121836,0.00478927203065127
2023-07-13,10670,10870,10420,10520,143292,0.0028598665395613843
2023-07-14,10500,10900,10450,10850,167010,0.03136882129277563
2023-07-17,11250,11250,10430,10730,512020,-0.011059907834101379
2023-07-18,10690,10880,10570,10790,153594,0.005591798695246952
2023-07-19,10920,10920,10580,10860,184279,0.006487488415199305
2023-07-20,11140,12000,10650,11810,1175133,0.08747697974217306
2023-07-21,11500,11700,11250,11260,299299,-0.046570702794242136
2023-07-24,11270,11270,10500,10650,316774,-0.05417406749555953
2023-07-25,10660,10850,10310,10370,140722,-0.026291079812206575
2023-07-26,10380,10580,9500,9610,404216,-0.07328833172613303
2023-07-27,9590,9740,9150,9300,164782,-0.032258064516129004
2023-07-28,9200,10060,9130,9950,213369,0.06989247311827951
2023-07-31,10070,10140,9940,10060,61733,0.011055276381909618
2023-08-01,10070,10070,9760,9820,93563,-0.02385685884691846
2023-08-02,9820,9990,9370,9400,95529,-0.04276985743380857
2023-08-03,9410,9440,9150,9220,74127,-0.019148936170212738
2023-08-04,9220,9250,9000,9230,68859,0.0010845986984815426
2023-08-07,9000,9200,8890,9150,83807,-0.008667388949079036
2023-08-08,9150,9150,8850,8880,39506,-0.02950819672131144
2023-08-09,8800,9100,8790,9090,34349,0.023648648648648685
2023-08-10,9090,9090,8800,8980,28254,-0.012101210121012063
2023-08-11,9030,9280,8810,9210,43877,0.025612472160356337
2023-08-14,9220,9800,9110,9470,164638,0.028230184581976125
2023-08-16,9470,9680,9130,9280,82322,-0.020063357972544882
2023-08-17,9320,9320,8900,9070,46042,-0.022629310344827624
2023-08-18,9000,9080,8840,8900,48547,-0.018743109151047377
2023-08-21,9150,9150,8910,8910,28504,0.0011235955056179137
2023-08-22,8890,8990,8800,8880,40370,-0.0033670033670033517
2023-08-23,8930,8940,8760,8810,38113,-0.007882882882882858
2023-08-24,8810,8890,8630,8660,58616,-0.017026106696935273
2023-08-25,8640,8640,7980,8090,96892,-0.06581986143187069
2023-08-28,8120,8270,7990,8150,45885,0.007416563658838138
2023-08-29,8170,8640,8160,8430,47836,0.03435582822085892
2023-08-30,8590,8890,8520,8710,71684,0.033214709371292894
2023-08-31,8690,8850,8560,8800,46292,0.010332950631458004
2023-09-01,8800,8850,8640,8670,36385,-0.01477272727272727
2023-09-04,8730,9480,8440,8630,89654,-0.0046136101499423265
2023-09-05,8650,8650,8330,8420,56095,-0.024333719582850466
2023-09-06,8470,8470,8110,8160,53022,-0.030878859857482177
2023-09-07,8210,8220,7820,7850,80931,-0.03799019607843135
2023-09-08,7800,7920,7700,7890,46585,0.005095541401273884
2023-09-11,7890,7890,7550,7640,57352,-0.03168567807351075
2023-09-12,7700,7850,7450,7550,52060,-0.011780104712041939
2023-09-13,7550,7630,7310,7490,52879,-0.007947019867549643
2023-09-14,7490,7700,7470,7470,41179,-0.002670226969292422
2023-09-15,7700,8450,7700,7800,221918,0.04417670682730934
2023-09-18,7800,7800,7320,7410,103524,-0.050000000000000044
2023-09-19,7350,7410,7300,7340,31315,-0.009446693657219951
2023-09-20,7250,7400,7150,7260,35872,-0.010899182561307952
2023-09-21,7260,7310,6850,6850,52083,-0.05647382920110189
2023-09-22,6850,6950,6710,6830,58635,-0.0029197080291970545
2023-09-25,6950,6950,6500,6500,66911,-0.04831625183016108
2023-09-26,6550,6610,6400,6550,47667,0.007692307692307665
2023-09-27,6540,6750,6400,6750,35018,0.03053435114503822
2023-10-04,6740,6750,6460,6500,64710,-0.03703703703703709
2023-10-05,6560,6650,6300,6300,42654,-0.03076923076923077
2023-10-06,6400,6800,6340,6750,69030,0.0714285714285714
2023-10-10,6700,7240,6700,6820,121543,0.010370370370370363
2023-10-11,6820,7090,6820,6970,30133,0.021994134897360684
2023-10-12,7040,7070,6960,7030,23688,0.008608321377331363
2023-10-13,7040,7190,7040,7190,35219,0.022759601706970223
2023-10-16,7100,7180,6770,7000,62677,-0.026425591098748313
2023-10-17,7000,7090,6920,7030,12319,0.004285714285714226
2023-10-18,7180,7210,6900,6900,16352,-0.01849217638691325
2023-10-19,6870,6900,6600,6900,40251,0.0
2023-10-20,6700,6840,6450,6560,43510,-0.049275362318840554
2023-10-23,6560,6560,6230,6240,35254,-0.04878048780487809
2023-10-24,6210,6480,6120,6460,14651,0.03525641025641035
2023-10-25,6490,6590,6310,6400,8385,-0.009287925696594423
2023-10-26,6330,6330,5830,6270,28096,-0.020312499999999956
2023-10-27,6270,6550,5880,6000,51043,-0.0430622009569378
2023-10-30,5910,5990,5770,5880,25078,-0.020000000000000018
2023-10-31,5920,6350,5820,6080,105316,0.03401360544217691
2023-11-01,6140,6210,6060,6080,16952,0.0
2023-11-02,6080,6170,6000,6100,13764,0.00328947368421062
2023-11-03,6180,6190,5990,6180,20433,0.013114754098360715
2023-11-06,6200,6350,6090,6340,38939,0.025889967637540368
2023-11-07,6340,6350,6110,6160,12872,-0.028391167192429068
2023-11-08,6240,7090,6090,6320,518066,0.025974025974025983
2023-11-09,6310,6430,6220,6320,42688,0.0
2023-11-10,6320,6380,6150,6350,216755,0.004746835443038
2023-11-13,6430,6500,6180,6240,36537,-0.017322834645669305
2023-11-14,6200,6290,6170,6190,34182,-0.008012820512820484
2023-11-15,6200,6430,6200,6410,52776,0.035541195476575194
2023-11-16,6400,6440,6310,6320,22332,-0.01404056162246492
2023-11-17,6310,6310,6100,6240,30320,-0.012658227848101222
2023-11-20,6240,6370,6130,6310,23583,0.011217948717948678
2023-11-21,6310,6430,6220,6400,27199,0.014263074484944571
2023-11-22,6390,6390,6220,6270,24458,-0.020312499999999956
2023-11-23,6260,6310,6230,6240,10172,-0.004784688995215336
2023-11-24,6270,6270,6180,6240,17286,0.0
2023-11-27,6110,6280,6100,6150,21956,-0.014423076923076872
2023-11-28,6100,6180,5940,6070,52606,-0.013008130081300862
2023-11-29,6010,6060,5930,5960,28362,-0.018121911037891292
2023-11-30,5920,6050,5900,5940,20218,-0.003355704697986628
2023-12-01,6000,6000,5410,5810,34614,-0.02188552188552184
2023-12-04,5810,5810,5460,5590,54939,-0.03786574870912218
2023-12-05,5590,5790,5490,5760,44116,0.030411449016100267
2023-12-06,5770,5780,5570,5630,28049,-0.02256944444444442
2023-12-07,5520,6450,5520,5670,317213,0.007104795737122638
2023-12-08,6150,6380,5950,6150,200316,0.08465608465608465
2023-12-11,6050,6230,6050,6180,31403,0.004878048780487809
2023-12-12,6150,6220,6010,6010,44143,-0.027508090614886682
2023-12-13,6000,6080,5710,5780,102096,-0.038269550748752046
2023-12-14,5780,6050,5780,5910,51048,0.02249134948096887
2023-12-15,5910,5920,5800,5800,26541,-0.0186125211505922
2023-12-18,5800,6000,5750,5910,20397,0.018965517241379404
2023-12-19,5910,5950,5820,5850,27170,-0.010152284263959421
2023-12-20,5900,6070,5900,6060,23325,0.03589743589743599
2023-12-21,6060,6070,5930,5950,25195,-0.018151815181518205
2023-12-22,5930,6160,5920,6060,32454,0.018487394957983128
2023-12-26,6060,6550,5990,6330,88752,0.044554455445544594
2023-12-27,6330,6480,6250,6410,33087,0.012638230647709303
2023-12-28,6420,6470,6320,6400,24359,-0.0015600624024960652
2024-01-02,6400,6400,6030,6270,89186,-0.020312499999999956
2024-01-03,6200,6260,6000,6130,49130,-0.022328548644338087
2024-01-04,6060,6160,5990,6070,34535,-0.009787928221859699
2024-01-05,6070,6140,6000,6110,33310,0.006589785831960571
2024-01-08,6110,6140,6000,6090,24990,-0.00327332242225864
2024-01-09,6100,6150,6010,6100,25290,0.0016420361247948545
2024-01-10,6100,6170,6060,6170,20795,0.011475409836065653
2024-01-11,6160,6480,6160,6440,55483,0.04376012965964349
2024-01-12,6400,6400,6290,6360,32158,-0.012422360248447228
2024-01-15,6360,6360,6210,6240,21347,-0.018867924528301883
2024-01-16,6170,6300,6060,6120,29446,-0.019230769230769273
2024-01-17,6100,6180,5910,5940,37564,-0.02941176470588236
2024-01-18,5890,5990,5860,5960,20379,0.0033670033670034627
2024-01-19,5960,6120,5930,5960,24042,0.0
2024-01-22,6030,6030,5710,5920,23958,-0.006711409395973145
2024-01-23,5970,6100,5870,6030,17952,0.01858108108108114
2024-01-24,6090,6090,5930,6000,13039,-0.00497512437810943
2024-01-25,6000,6080,5850,5890,18186,-0.018333333333333313
2024-01-26,5850,5940,5790,5790,22213,-0.01697792869269954
2024-01-29,5790,5830,5540,5630,36916,-0.02763385146804831
2024-01-30,5690,5690,5460,5490,28489,-0.0248667850799289
2024-01-31,5500,5500,5290,5350,31550,-0.025500910746812377
2024-02-01,5330,5680,5330,5610,46266,0.04859813084112141
2024-02-02,5610,5650,5310,5600,59241,-0.0017825311942959443
2024-02-05,5640,5670,5420,5600,27225,0.0
2024-02-06,5590,5850,5200,5510,35752,-0.016071428571428625
2024-02-07,5510,5850,5440,5800,46652,0.05263157894736836
2024-02-08,5780,6090,5670,6000,41731,0.034482758620689724
2024-02-13,6040,6080,5950,5980,23713,-0.0033333333333332993
2024-02-14,5990,6010,5820,5880,14110,-0.01672240802675584
2024-02-15,5930,5930,5800,5830,17867,-0.008503401360544172
2024-02-16,5930,5930,5700,5730,27566,-0.01715265866209259
2024-02-19,5730,7440,5620,7440,1867112,0.2984293193717278
2024-02-20,7680,8060,7000,7760,2293088,0.043010752688172005
2024-02-21,7760,8050,7370,7370,625424,-0.05025773195876293
2024-02-22,7370,7490,7050,7480,256996,0.014925373134328401
2024-02-23,7400,7440,6850,6940,285648,-0.07219251336898391
2024-02-26,6900,7010,6800,6920,112393,-0.0028818443804035088
2024-02-27,6870,6900,6460,6560,170440,-0.052023121387283267
2024-02-28,6510,6790,6450,6790,83269,0.035060975609756184
2024-02-29,6770,6920,6660,6890,81008,0.014727540500736325
2024-03-04,6860,6880,6480,6580,80717,-0.044992743105950694
2024-03-05,6580,6580,6130,6450,141660,-0.019756838905775065
2024-03-06,6430,6430,6190,6330,51143,-0.018604651162790753
2024-03-07,6300,6640,6300,6550,68372,0.034755134281200695
2024-03-08,6550,6650,6300,6380,61736,-0.025954198473282397
2024-03-11,6320,6690,6300,6690,68215,0.048589341692790056
2024-03-12,6690,6740,6570,6610,58291,-0.01195814648729443
2024-03-13,6660,6660,6370,6490,65080,-0.018154311649016597
2024-03-14,6510,6510,6310,6460,54591,-0.0046224961479198745
2024-03-15,6700,6810,6480,6710,122317,0.03869969040247678
2024-03-18,6650,6770,6470,6550,51510,-0.023845007451564815
2024-03-19,6550,7200,6440,6860,285710,0.047328244274809084
2024-03-20,6950,7010,6770,6980,100924,0.017492711370262315
2024-03-21,7100,7250,6920,7100,130392,0.017191977077363862
2024-03-22,7250,7700,7160,7460,309331,0.05070422535211261
2024-03-25,7580,7670,7110,7170,203726,-0.03887399463806973
2024-03-26,7150,7290,7030,7030,105642,-0.019525801952580246
2024-03-27,7060,7230,7060,7190,40489,0.022759601706970223
2024-03-28,7250,7260,7040,7200,52635,0.0013908205841446364
2024-03-29,7230,7280,6920,6950,67141,-0.03472222222222221
2024-04-01,6950,7130,6810,7130,48046,0.025899280575539585
2024-04-02,7120,7280,6950,7020,43560,-0.015427769985974726
2024-04-03,6950,7200,6780,7000,57326,-0.002849002849002802
2024-04-04,7000,7010,6850,6850,32777,-0.021428571428571463
2024-04-05,6790,6900,6400,6750,38980,-0.014598540145985384
2024-04-08,6750,6750,6540,6650,43126,-0.014814814814814836
2024-04-09,6700,6700,6510,6590,33776,-0.009022556390977488
2024-04-11,6470,6550,6200,6280,74170,-0.047040971168436974
2024-04-12,6220,6350,6110,6230,55571,-0.0079617834394905
2024-04-15,6230,6230,5920,6020,52560,-0.0337078651685393
2024-04-16,5920,5950,5640,5750,96118,-0.04485049833887045
2024-04-17,5760,5920,5750,5850,24589,0.017391304347825987
2024-04-18,5870,5940,5800,5920,10957,0.011965811965811923
2024-04-19,5910,5910,5680,5800,25446,-0.020270270270270285
2024-04-22,5800,5870,5790,5850,16971,0.008620689655172376
2024-04-23,5930,6020,5860,5940,14137,0.01538461538461533
2024-04-24,6000,6080,5960,6030,17544,0.015151515151515138
2024-04-25,6030,6050,5960,6020,10901,-0.0016583747927031434
2024-04-26,6090,6420,6070,6310,124028,0.04817275747508298
2024-04-29,6440,6630,6350,6510,92750,0.031695721077654504
2024-04-30,6510,6590,6390,6440,31929,-0.010752688172043001
2024-05-02,6440,6800,6350,6800,81284,0.05590062111801242
2024-05-03,6780,7080,6760,6990,112024,0.027941176470588136
2024-05-07,7050,7200,7020,7180,64210,0.027181688125894166
2024-05-08,7180,7180,7070,7170,92570,-0.0013927576601671099
2024-05-09,7120,7160,6760,6800,77040,-0.051603905160390484
2024-05-10,6770,6880,6770,6790,30958,-0.0014705882352941124
2024-05-13,6790,6810,6600,6700,42550,-0.013254786450662692
2024-05-14,6640,6870,6630,6730,69034,0.004477611940298498
2024-05-16,6800,6890,6780,6830,90249,0.014858841010401136
2024-05-17,6840,6860,6720,6790,50056,-0.005856515373352855
2024-05-20,6800,6850,6600,6650,54883,-0.020618556701030966
2024-05-21,6700,6810,6500,6570,60912,-0.012030075187969946
2024-05-22,6580,6620,6470,6600,28686,0.004566210045662045
2024-05-23,6600,6600,6450,6550,31810,-0.007575757575757569
2024-05-24,6550,6550,6400,6490,22306,-0.009160305343511421
2024-05-27,6500,6540,6350,6450,35243,-0.006163328197226536
2024-05-28,6530,6700,6450,6600,35688,0.023255813953488413
2024-05-29,6590,6720,6480,6630,70412,0.00454545454545463
2024-05-30,6600,6700,6560,6600,20989,-0.004524886877828038
2024-05-31,6540,6540,6350,6420,45120,-0.027272727272727226
2024-06-03,6370,6450,6300,6450,43757,0.004672897196261738
2024-06-04,6400,6420,6290,6420,31938,-0.0046511627906976605
2024-06-05,6420,6430,6330,6420,36182,0.0
2024-06-07,6420,6440,6310,6360,34672,-0.009345794392523366
2024-06-10,6420,6480,6300,6480,29002,0.018867924528301883
2024-06-11,6480,6600,6420,6580,49123,0.015432098765432167
2024-06-12,6650,6650,6100,6390,76269,-0.028875379939209744
2024-06-13,6420,6420,6200,6340,53315,-0.007824726134585291
2024-06-14,6270,6310,6050,6100,58088,-0.03785488958990535
2024-06-17,6100,6110,5970,6030,30856,-0.011475409836065542
2024-06-18,6030,6080,5970,6070,10786,0.0066334991708125735
2024-06-19,6110,6110,6020,6030,13040,-0.00658978583196046
2024-06-20,6040,6090,5970,6070,27534,0.0066334991708125735
2024-06-21,6070,6110,5990,6040,18512,-0.0049423393739703725
2024-06-24,6050,6250,6010,6200,28700,0.026490066225165476
2024-06-25,6190,6190,6040,6140,15289,-0.009677419354838679
2024-06-26,6120,6180,6000,6020,34096,-0.019543973941368087
2024-06-27,6060,6060,5900,5900,32499,-0.019933554817275767
2024-06-28,5920,6400,5800,6400,114848,0.0847457627118644
2024-07-01,6380,6690,6350,6550,85951,0.0234375
2024-07-02,6540,6540,6330,6430,38755,-0.018320610687022953
2024-07-03,6440,6550,6340,6360,32367,-0.010886469673405896
2024-07-04,6360,6360,6150,6160,35763,-0.03144654088050314
2024-07-05,6160,6290,6130,6140,29756,-0.0032467532467532756
2024-07-08,6150,6220,6100,6220,19828,0.013029315960912058
2024-07-09,6250,6340,6170,6320,24599,0.016077170418006492
2024-07-10,6270,6430,6190,6430,51606,0.017405063291139333
2024-07-11,6500,6500,6190,6230,47649,-0.031104199066874005
2024-07-12,6230,6400,6170,6360,46708,0.020866773675762396
2024-07-15,6360,6540,6220,6340,33578,-0.0031446540880503138
2024-07-16,6300,6390,6160,6190,33888,-0.023659305993690816
2024-07-17,6190,6540,6140,6330,47089,0.022617124394184174
2024-07-18,6250,6620,6210,6560,97226,0.03633491311216419
2024-07-19,6550,6600,6400,6500,51843,-0.009146341463414642
2024-07-22,6500,6500,6120,6280,57736,-0.03384615384615386
2024-07-23,6280,6280,6090,6140,53596,-0.022292993630573243
2024-07-24,6130,6160,6030,6140,32024,0.0
2024-07-25,6040,6120,6010,6030,22346,-0.01791530944625408
2024-07-26,6090,6090,5990,6030,17384,0.0
2024-07-29,6000,6090,5960,5960,28433,-0.011608623548922004
2024-07-30,5990,5990,5650,5780,50670,-0.030201342281879207
2024-07-31,5710,5880,5710,5800,33051,0.0034602076124568004
2024-08-01,5800,5890,5720,5870,21194,0.012068965517241459
2024-08-02,5870,5870,5670,5700,39169,-0.028960817717206155
2024-08-05,5650,5650,4730,4890,151235,-0.14210526315789473
2024-08-06,4990,5240,4985,5150,60673,0.053169734151329306
2024-08-07,5150,5290,5110,5120,53868,-0.005825242718446644
2024-08-08,5070,5490,5040,5230,71298,0.021484375
2024-08-09,5280,5360,5210,5240,44450,0.0019120458891013214
2024-08-12,5210,5300,5210,5240,38746,0.0
2024-08-13,5240,5290,5020,5090,41792,-0.028625954198473247
2024-08-14,5200,5340,5110,5250,52111,0.03143418467583503
2024-08-16,5690,6050,5500,5790,594273,0.10285714285714276
2024-08-19,5890,6040,5720,5840,113250,0.008635578583765069
2024-08-20,5890,5900,5690,5710,50945,-0.022260273972602773
2024-08-21,5730,5730,5450,5610,46205,-0.017513134851138368
2024-08-22,5560,5630,5480,5590,29132,-0.0035650623885917776
2024-08-23,5450,5690,5450,5660,23748,0.012522361359570633
2024-08-26,5620,5750,5510,5620,22467,-0.007067137809187329
2024-08-27,5620,5660,5530,5600,17646,-0.003558718861209953
2024-08-28,5590,5830,5580,5790,30032,0.03392857142857153
2024-08-29,5700,5780,5630,5700,16212,-0.015544041450777257
2024-08-30,5670,5760,5670,5760,12501,0.010526315789473717
2024-09-02,5780,5780,5600,5630,22902,-0.02256944444444442
2024-09-03,5630,5820,5630,5770,19331,0.0248667850799289
2024-09-04,5650,5740,5550,5560,30298,-0.036395147313691534
2024-09-05,5590,6070,5530,5560,133906,0.0
2024-09-06,5510,5580,5270,5400,61439,-0.02877697841726623
2024-09-09,5380,5500,5280,5450,20842,0.0092592592592593
2024-09-10,5470,5640,5410,5500,24930,0.00917431192660545
2024-09-11,5530,5600,5390,5490,10875,-0.0018181818181818299
2024-09-12,5500,5630,5450,5610,25679,0.021857923497267784
2024-09-13,5560,5890,5560,5740,71218,0.02317290552584672
2024-09-19,5660,5780,5630,5730,55157,-0.0017421602787456303
2024-09-20,5730,5850,5700,5800,41347,0.01221640488656206
2024-09-23,5840,6020,5800,5950,38217,0.02586206896551735
2024-09-24,5900,6040,5900,6010,24691,0.010084033613445342
2024-09-25,5970,6090,5970,6040,48312,0.004991680532445919
2024-09-26,6040,6170,6010,6040,16331,0.0
2024-09-27,6020,6020,5910,5920,20526,-0.019867549668874163
2024-09-30,5920,5950,5720,5800,34022,-0.020270270270270285
2024-10-02,5800,5810,5610,5770,23379,-0.005172413793103403
2024-10-04,5770,5840,5570,5840,38860,0.0121317157712304
2024-10-07,5850,5870,5700,5700,50935,-0.023972602739726012
2024-10-08,5700,5840,5700,5800,24963,0.01754385964912286
2024-10-10,5760,6080,5760,6040,39757,0.04137931034482767
2024-10-11,6030,6040,5830,5910,26815,-0.021523178807947074
2024-10-14,6000,6000,5770,5900,16177,-0.0016920473773265332
2024-10-15,5830,5980,5830,5950,13267,0.008474576271186418
2024-10-16,5890,5940,5810,5820,20800,-0.021848739495798353
2024-10-17,5820,5870,5780,5810,12191,-0.0017182130584192379
2024-10-18,5810,5810,5730,5770,13825,-0.0068846815834767705
2024-10-21,5770,5770,5700,5770,11619,0.0
2024-10-22,5770,5780,5580,5650,21336,-0.020797227036395194
2024-10-23,5700,5700,5450,5480,17733,-0.030088495575221197
2024-10-24,5480,5480,5350,5450,25310,-0.005474452554744547
2024-10-25,5380,5400,5320,5360,17953,-0.016513761467889854
2024-10-28,5350,5570,5310,5560,11471,0.03731343283582089
2024-10-29,5570,5630,5510,5630,32556,0.012589928057553879
2024-10-30,5630,5980,5630,5930,114340,0.05328596802841923
2024-10-31,5920,6080,5850,5940,66514,0.001686340640809414
2024-11-01,5850,6120,5850,5990,54155,0.008417508417508435
2024-11-04,6020,6030,5900,5960,35180,-0.005008347245408995
2024-11-05,5870,6100,5870,6030,43273,0.011744966442952975
2024-11-06,6030,6120,5940,5990,37043,-0.0066334991708125735
2024-11-07,5990,6000,5880,5880,33812,-0.018363939899833093
2024-11-08,5910,5990,5820,5870,18592,-0.00170068027210879
2024-11-11,5870,6010,5800,5880,17299,0.0017035775127767216
2024-11-12,5910,5940,5600,5720,34152,-0.027210884353741527
2024-11-13,5740,5770,5420,5420,53757,-0.05244755244755239
2024-11-14,5510,5590,5290,5410,91464,-0.0018450184501844769
2024-11-15,5440,5520,5140,5520,47938,0.020332717190388205
2024-11-18,5470,5520,5360,5370,21020,-0.02717391304347827
2024-11-19,5280,5420,5280,5390,16386,0.003724394785847407
2024-11-20,5390,5430,5370,5390,10394,0.0
2024-11-21,5340,5380,5220,5220,38138,-0.03153988868274582
2024-11-22,5220,5340,5200,5260,15940,0.00766283524904221
2024-11-25,5260,5340,5220,5330,33774,0.013307984790874583
2024-11-26,5270,5350,5230,5300,24637,-0.0056285178236398226
2024-11-27,5310,5330,5100,5150,45495,-0.028301886792452824
2024-11-28,5100,5240,5090,5230,27080,0.01553398058252431
2024-11-29,5230,5230,5090,5160,23107,-0.013384321223709361
2024-12-02,5120,5160,4900,5030,32279,-0.025193798449612448
2024-12-03,5040,5040,4830,4885,54562,-0.02882703777335982
2024-12-04,4830,4885,4600,4760,38988,-0.025588536335721557
2024-12-05,4760,4800,4640,4725,51250,-0.007352941176470562
2024-12-06,4600,4680,4500,4575,51555,-0.031746031746031744
2024-12-09,4420,4530,4160,4235,50106,-0.07431693989071042
2024-12-10,4235,4480,4235,4470,20825,0.05548996458087374
2024-12-11,4475,4570,4250,4475,38145,0.0011185682326622093
2024-12-12,4530,4700,4450,4695,36702,0.049162011173184306
2024-12-13,4645,4880,4645,4775,30314,0.017039403620873195
2024-12-16,4930,4930,4760,4785,14649,0.0020942408376962707
2024-12-17,4705,4770,4660,4660,16330,-0.02612330198537094
2024-12-18,4635,4770,4635,4750,15240,0.0193133047210301
2024-12-19,4755,4940,4660,4840,16034,0.0189473684210526
2024-12-20,4815,4905,4740,4900,14488,0.012396694214876103
2024-12-23,4925,5100,4905,5040,26243,0.02857142857142847
2024-12-24,5030,5270,5010,5200,43559,0.031746031746031855
2024-12-26,5200,5360,5200,5200,44335,0.0
2024-12-27,5210,5320,5060,5200,11355,0.0
2024-12-30,5210,5280,5100,5210,9015,0.0019230769230769162
2025-01-02,5210,5400,5210,5340,21324,0.0249520153550864
2025-01-03,5320,5590,5290,5560,57931,0.04119850187265928
2025-01-06,5750,5800,5570,5700,35371,0.02517985611510798
2025-01-07,5700,5760,5420,5580,24661,-0.021052631578947323
2025-01-08,5500,5960,5490,5590,44446,0.0017921146953405742
2025-01-09,5580,5780,5540,5750,29327,0.028622540250447193
2025-01-10,5890,5990,5770,5970,74544,0.03826086956521735
2025-01-13,6060,6860,5930,6640,511398,0.11222780569514246
2025-01-14,6690,6900,6220,6440,290837,-0.030120481927710885
2025-01-15,6380,6870,6380,6640,140644,0.03105590062111796
2025-01-16,6700,6780,6530,6640,87988,0.0
2025-01-17,6670,6890,6500,6740,80079,0.015060240963855387
2025-01-20,6680,6790,6610,6710,76007,-0.004451038575667643
2025-01-21,6780,6790,6440,6600,56794,-0.016393442622950838
2025-01-22,6540,6690,6460,6600,36083,0.0
2025-01-23,6530,6730,6530,6580,25022,-0.00303030303030305
2025-01-24,6580,6940,6420,6660,177286,0.012158054711246091
2025-01-31,6660,6820,6560,6660,72395,0.0
2025-02-03,6660,6660,6380,6420,43079,-0.036036036036036
2025-02-04,6420,6790,6400,6560,119032,0.02180685358255441
2025-02-05,6640,6890,6640,6680,53570,0.018292682926829285
2025-02-06,6760,7990,6730,7430,733633,0.11227544910179632
2025-02-07,7550,7550,7160,7300,115373,-0.01749663526244949
2025-02-10,7280,7320,7130,7240,64175,-0.008219178082191747
2025-02-11,7260,7500,7260,7400,58579,0.022099447513812098
2025-02-12,7450,7620,7290,7500,162961,0.013513513513513598
2025-02-13,7500,7580,7280,7330,63472,-0.022666666666666613
2025-02-14,7340,7940,7210,7940,262877,0.08321964529331516
2025-02-17,8490,8830,8220,8500,529522,0.07052896725440805
2025-02-18,8660,8770,8350,8690,154021,0.022352941176470686
2025-02-19,8690,8700,8500,8650,88794,-0.004602991944764101
2025-02-20,8700,9410,8660,9250,289665,0.06936416184971095
2025-02-21,9130,9500,9130,9480,161165,0.024864864864864833
2025-02-24,9490,9490,9200,9450,133698,-0.0031645569620253333
2025-02-25,9330,9870,9320,9740,170436,0.030687830687830653
2025-02-26,9580,9780,9080,9130,228339,-0.06262833675564683
2025-02-27,9050,9440,9040,9400,122951,0.02957283680175249
2025-02-28,9220,9870,9220,9500,144538,0.010638297872340496
2025-03-04,9500,9550,9150,9480,68929,-0.002105263157894721
2025-03-05,9400,9570,9270,9410,82801,-0.007383966244725704
2025-03-06,9410,9410,8960,9090,90308,-0.0340063761955367
2025-03-07,9090,9160,8860,8960,72471,-0.014301430143014326
2025-03-10,9030,9100,8750,8830,79338,-0.014508928571428603
2025-03-11,8820,8820,8320,8600,190424,-0.02604756511891282
2025-03-12,8650,9190,8580,8800,84423,0.023255813953488413
2025-03-13,8710,8960,8550,8640,54433,-0.018181818181818188
2025-03-14,8700,8720,8470,8600,29005,-0.00462962962962965
2025-03-17,8530,8810,8430,8610,66516,0.0011627906976743319
2025-03-18,8640,8770,8520,8750,43924,0.016260162601626105
2025-03-19,8690,8930,8610,8880,61356,0.014857142857142902
2025-03-20,9200,9400,8700,8800,242844,-0.009009009009009028
2025-03-21,8680,9550,8600,9470,257802,0.07613636363636367
2025-03-24,9470,9800,9270,9660,108648,0.020063357972544882
2025-03-25,9660,9930,9600,9830,121599,0.017598343685300222
2025-03-26,9800,9980,9470,9510,105054,-0.03255340793489314
2025-03-27,9510,9580,9200,9300,56468,-0.02208201892744477
2025-03-28,9600,10900,9600,10850,1535259,0.16666666666666674
2025-03-31,10840,10840,9920,10220,469456,-0.058064516129032295
2025-04-01,10220,10650,10030,10490,190481,0.02641878669275921
2025-04-02,10580,10680,9990,10060,145591,-0.040991420400381284
2025-04-03,9900,10190,9650,9950,110727,-0.010934393638170947
2025-04-04,9900,10180,9870,10090,95506,0.014070351758793898
2025-04-07,9990,9990,8500,9070,281437,-0.10109018830525274
2025-04-08,9200,9430,9030,9200,121814,0.014332965821389099
2025-04-09,9110,9300,8980,9130,83202,-0.007608695652173925
2025-04-10,9500,9750,9200,9540,132142,0.04490690032858713
2025-04-11,9410,9910,9410,9800,84651,0.027253668763102645
2025-04-14,9760,9900,9710,9750,90942,-0.005102040816326481
2025-04-15,9850,10840,9760,10770,254006,0.10461538461538455
2025-04-16,10540,10790,10410,10450,116953,-0.02971216341689875
2025-04-17,10660,11430,10460,11070,291615,0.0593301435406699
2025-04-18,11130,12600,10950,11800,886170,0.06594399277326102
2025-04-21,11800,11850,11320,11580,237699,-0.01864406779661021
2025-04-22,11490,11990,11350,11580,183343,0.0
2025-04-23,11740,11800,11460,11650,131433,0.006044905008635526
2025-04-24,11630,12500,11330,11380,491518,-0.023175965665236054
2025-04-25,11450,11590,11090,11520,169239,0.012302284710017597
2025-04-28,11520,11640,11120,11210,145648,-0.02690972222222221
2025-04-29,11140,11460,10770,10980,193408,-0.020517395182872433
2025-04-30,10980,11150,10410,10690,189066,-0.026411657559198498
2025-05-02,10600,11820,10500,11700,286495,0.09448082319925155
2025-05-07,11400,11400,8520,9820,954854,-0.16068376068376067
2025-05-08,9820,10300,9620,9840,164245,0.0020366598778003286
2025-05-09,9850,12790,9780,12790,2667563,0.2997967479674797
2025-05-12,13120,13870,11720,11820,1726197,-0.07584050039093038
2025-05-13,11810,13900,11400,12150,3674315,0.027918781725888353
2025-05-14,12140,14500,11950,14500,3713623,0.1934156378600822
2025-05-15,15000,15520,13410,14670,1837092,0.01172413793103444
2025-05-16,14070,14900,13550,14000,1094065,-0.045671438309475065
2025-05-19,14620,15290,14210,14800,1730701,0.05714285714285716
2025-05-20,14360,17750,14260,16630,4890440,0.12364864864864855
2025-05-21,16400,17920,16120,17230,1256690,0.03607937462417321
2025-05-22,17000,17330,16010,16260,771567,-0.0562971561230412
2025-05-23,16280,16540,15050,15340,716196,-0.05658056580565807
2025-05-26,15080,16500,14600,16260,594994,0.059973924380704036
2025-05-27,16020,16350,15700,16050,270145,-0.01291512915129156
2025-05-28,16070,16900,16000,16490,481728,0.027414330218068494
2025-05-29,16500,17080,16060,16110,374514,-0.02304426925409342
2025-05-30,16130,16530,15810,15980,227665,-0.00806952203600253
2025-06-02,15410,16400,14700,16390,586863,0.025657071339173942
2025-06-04,16320,18690,15510,18330,895288,0.11836485661989027
2025-06-05,18340,18520,17070,17120,614774,-0.06601200218221492
2025-06-09,17100,17680,15890,15950,582032,-0.06834112149532712
2025-06-10,16100,16660,16010,16460,312962,0.031974921630093966
2025-06-11,16990,16990,15450,15690,521313,-0.04678007290400976
2025-06-12,15710,16050,15290,15890,275765,0.012746972594009032
2025-06-13,15910,16150,15120,15240,320109,-0.040906230333543125
2025-06-16,15240,17590,15160,17050,912541,0.11876640419947515
2025-06-17,17250,22150,17250,20050,4776749,0.1759530791788857
2025-06-18,20600,21300,19890,20600,1020465,0.027431421446383997
2025-06-19,20150,20700,19480,20100,437003,-0.024271844660194164
2025-06-20,19900,20850,18910,19050,523041,-0.052238805970149294
2025-06-23,18430,21100,18290,20950,760083,0.09973753280839892
2025-06-24,20400,20800,19750,19960,382538,-0.04725536992840096
2025-06-25,19980,19980,18540,18850,359113,-0.05561122244488981
2025-06-26,18800,19180,18100,18720,260814,-0.006896551724137945
2025-06-27,18710,19170,17960,18390,201835,-0.017628205128205177
2025-06-30,18310,19000,18000,18400,153293,0.0005437737901032857
2025-07-01,18400,18980,18100,18200,110061,-0.010869565217391353
2025-07-02,18200,18280,17500,17710,187071,-0.02692307692307694
2025-07-03,17720,18530,17700,18240,109056,0.029926595143986434
2025-07-04,18160,18780,17950,18760,113013,0.028508771929824483
2025-07-07,18760,19640,18760,19100,146428,0.01812366737739879
2025-07-08,22000,22100,16250,16800,1137454,-0.12041884816753923
2025-07-09,16880,17000,15690,15890,324981,-0.054166666666666696
2025-07-10,16030,16940,15850,16790,256179,0.056639395846444396
2025-07-11,16800,17890,16760,17310,188033,0.030970815961882003
2025-07-14,17920,20900,16770,16820,888541,-0.028307336799537786
2025-07-15,17410,18050,17280,17370,425955,0.03269916765755054
2025-07-16,17440,17510,16800,16850,183013,-0.029936672423719002
2025-07-17,16850,16910,16210,16910,175467,0.0035608308605341588
2025-07-18,16700,16700,15680,16250,248311,-0.03903015966883505
2025-07-21,16350,16360,14780,15000,324831,-0.07692307692307687
2025-07-22,14960,15010,14200,14550,177381,-0.030000000000000027
2025-07-23,14620,14700,13910,14420,167999,-0.008934707903780037
2025-07-24,14510,14660,14020,14300,89935,-0.00832177531206657
2025-07-25,14360,14390,13990,14200,84865,-0.006993006993006978
2025-07-28,14160,14160,13390,13630,128295,-0.04014084507042248
2025-07-29,13640,14130,13480,14030,82539,0.02934702861335281
2025-07-30,13850,13850,13120,13550,153128,-0.034212401995723396
2025-07-31,13560,14000,13490,13800,88748,0.01845018450184499
2025-08-01,13700,13700,12500,12890,282956,-0.06594202898550727
2025-08-04,12890,13520,12800,13250,79348,0.027928626842513626
2025-08-05,13600,13640,13000,13620,68424,0.027924528301886742
2025-08-06,13530,13590,13040,13110,72077,-0.037444933920704804
2025-08-07,13030,13030,12670,12890,77000,-0.016781083142639153
2025-08-08,12940,12990,12600,12630,62725,-0.020170674941815347
2025-08-11,12640,12710,12310,12380,53565,-0.019794140934283444
2025-08-12,12810,13170,12540,12660,160472,0.022617124394184174
2025-08-13,12840,13000,12280,12770,82824,0.00868878357030023
2025-08-14,12880,12880,12540,12640,34068,-0.01018010963194993
2025-08-18,12510,12640,12210,12310,66646,-0.02610759493670889
2025-08-19,12240,12330,11920,12000,104999,-0.025182778229081992
2025-08-20,11660,11770,11140,11430,144180,-0.04749999999999999
2025-08-21,11560,11690,11380,11400,68431,-0.002624671916010457
2025-08-22,11320,11520,10850,10900,152290,-0.04385964912280704
2025-08-25,11100,11650,11010,11490,125280,0.0541284403669724
2025-08-26,11510,12480,11470,11830,132391,0.02959094865100087
2025-08-27,12610,12770,11720,12510,251942,0.05748098055790374
2025-08-28,12450,12490,11900,11910,110777,-0.04796163069544368
2025-08-29,11890,12060,11190,11270,127969,-0.053736356003358576
2025-09-01,11180,11530,11000,11120,107462,-0.013309671694764824
2025-09-02,11200,11320,11070,11230,33521,0.009892086330935301
2025-09-03,11260,11910,11170,11810,74858,0.05164737310774714
2025-09-04,11900,14250,11900,13670,823775,0.15749364944961908
2025-09-05,13420,13450,12750,12810,189875,-0.06291148500365762
2025-09-08,12710,12720,12070,12110,133687,-0.05464480874316935
2025-09-09,12270,12270,11860,12000,80907,-0.009083402146985997
2025-09-10,12040,12120,11590,11660,93921,-0.02833333333333332
2025-09-11,11700,11950,11100,11480,114687,-0.015437392795883409
2025-09-12,11670,11710,11410,11640,52268,0.013937282229965264
2025-09-15,11830,11830,11450,11610,89021,-0.002577319587628857
2025-09-16,11610,12170,11590,11810,78437,0.017226528854435763
2025-09-17,11870,11910,11160,11190,96768,-0.052497883149873026
2025-09-18,11330,11540,11210,11290,36097,0.008936550491510209
2025-09-19,11320,11350,11120,11290,46988,0.0
2025-09-22,11290,11320,10910,11020,98924,-0.023914968999114272
2025-09-23,11000,11230,10620,10620,106482,-0.0362976406533575
2025-09-24,10600,10930,10590,10900,70761,0.026365348399246757
2025-09-25,10840,10840,10100,10210,142590,-0.06330275229357796
2025-09-26,10230,11250,10190,11040,204562,0.08129285014691479
2025-09-29,11030,11030,10460,10720,79843,-0.02898550724637683
2025-09-30,10750,10790,10340,10370,53539,-0.03264925373134331
2025-10-01,10420,10590,10230,10490,49591,0.011571841851494735
2025-10-02,10510,10730,10350,10500,34935,0.0009532888465204614
2025-10-10,10550,10690,10000,10240,70872,-0.024761904761904763
2025-10-13,10150,10340,10000,10130,44955,-0.0107421875
2025-10-14,10350,10480,9990,10110,45218,-0.001974333662388972
2025-10-15,10250,10390,10060,10290,38807,0.017804154302670572
2025-10-16,10330,10890,10210,10590,69055,0.029154518950437414
2025-10-17,10590,10590,10000,10060,72790,-0.050047214353163394
2025-10-20,10000,10050,9790,9870,84460,-0.0188866799204771
2025-10-21,9900,10130,9750,9820,70098,-0.005065856129685908
2025-10-22,9840,9880,9320,9350,143631,-0.04786150712830961
2025-10-23,9430,9590,9250,9510,70684,0.01711229946524062
2025-10-24,9510,9520,9050,9190,95332,-0.03364879074658256
2025-10-27,9130,9470,9100,9300,70006,0.01196953210010876
2025-10-28,9350,9390,8980,9080,60728,-0.023655913978494647
2025-10-29,9150,9150,8710,8830,134808,-0.02753303964757714
2025-10-30,8910,8910,8620,8810,68297,-0.0022650056625141968
2025-10-31,8930,9440,8740,9110,149777,0.034052213393870545
2025-11-03,9110,9170,8730,8820,126094,-0.03183315038419321
2025-11-04,8820,9050,8680,8790,62200,-0.003401360544217691
2025-11-05,9000,9000,8120,8670,144169,-0.013651877133105783
2025-11-06,8860,10480,8730,10330,557962,0.19146482122260666
2025-11-07,9490,9770,9120,9210,239978,-0.10842207163601159
2025-11-10,9160,9350,9020,9120,72973,-0.009771986970684043
2025-11-11,9050,9300,8810,9120,88845,0.0
2025-11-12,9120,9300,9040,9240,41001,0.013157894736842035
2025-11-13,9260,9280,8930,8980,50955,-0.02813852813852813
2025-11-14,8790,10340,8660,10150,316118,0.13028953229398654
2025-11-17,9960,10050,9610,9720,128074,-0.04236453201970447
2025-11-18,9920,10510,9900,10090,206275,0.0380658436213992
2025-11-19,10030,10030,9030,9320,182694,-0.07631318136769083
2025-11-20,9400,9600,9140,9510,84268,0.020386266094420513
2025-11-21,9120,9390,9010,9130,71880,-0.039957939011566745
2025-11-24,9180,9370,9030,9170,33435,0.004381161007666945
2025-11-25,9250,9650,9050,9380,78979,0.022900763358778553
2025-11-26,9340,9630,9160,9230,64134,-0.015991471215351827
2025-11-27,9340,9380,9180,9260,41587,0.003250270855904569
2025-11-28,9240,9940,9150,9660,133393,0.043196544276457916
2025-12-01,9660,10180,9660,10150,62688,0.050724637681159424
2025-12-02,10200,10240,9900,10170,46065,0.0019704433497536034
2025-12-03,10330,10850,10170,10500,116798,0.032448377581120846
2025-12-04,10400,10500,10030,10150,60518,-0.033333333333333326
2025-12-05,10250,10380,9820,10000,57733,-0.014778325123152691
2025-12-08,10210,10410,9990,10050,47853,0.004999999999999893
2025-12-09,10060,10850,10000,10730,143562,0.06766169154228852
2025-12-10,10690,10770,10380,10700,71493,-0.002795899347623476
2025-12-11,11000,11900,10830,11590,262832,0.08317757009345805
2025-12-12,11650,12350,11220,12290,244138,0.060396893874029356
2025-12-15,12000,12680,11830,12450,182523,0.013018714401952902
2025-12-16,12220,12320,11720,11870,140042,-0.04658634538152606
2025-12-17,11900,11920,11260,11450,99418,-0.035383319292333626
2025-12-18,11400,11590,11180,11250,43023,-0.017467248908296984
2025-12-19,11310,11490,11060,11400,62387,0.01333333333333342
2025-12-22,11430,11690,10800,11100,80412,-0.02631578947368418
2025-12-23,11200,11200,10850,10910,54594,-0.017117117117117164
2025-12-24,10930,11090,10310,10660,109196,-0.022914757103574712
2025-12-26,10560,10660,10190,10450,117211,-0.019699812382739212
2025-12-29,10440,10700,10200,10490,51386,0.00382775119617218
2025-12-30,10730,10730,10270,10400,57406,-0.008579599618684486
2026-01-02,10590,11800,10500,11530,304037,0.10865384615384621
2026-01-05,11570,12250,10900,11980,312553,0.03902862098872517
2026-01-06,11990,12240,11360,11600,191481,-0.03171953255425708
2026-01-07,11600,11600,10540,10690,381499,-0.07844827586206893
2026-01-08,10760,12880,10600,11000,1602989,0.028999064546304965
2026-01-09,10910,11360,10590,10920,291469,-0.0072727272727273196
2026-01-12,10930,11070,10650,10720,145800,-0.01831501831501836
2026-01-13,10720,10850,10290,10360,149246,-0.03358208955223885
2026-01-14,10370,10550,10250,10350,79357,-0.0009652509652510188
2026-01-15,10500,10570,10200,10440,92949,0.008695652173912993
2026-01-16,10400,10500,10000,10340,171850,-0.009578544061302652
2026-01-19,10160,10340,9950,9960,201533,-0.03675048355899424
2026-01-20,9970,10880,9740,10440,177146,0.04819277108433728
2026-01-21,10410,10410,9630,9810,242509,-0.06034482758620685
2026-01-22,9820,10080,9620,9750,156775,-0.006116207951070374
2026-01-23,9750,9940,9590,9850,120025,0.01025641025641022
2026-01-26,9800,10370,9750,10190,170262,0.034517766497461855
2026-01-27,10190,10290,9790,9930,163014,-0.025515210991167825
2026-01-28,9930,10150,9650,9750,214395,-0.01812688821752262
2026-01-29,9700,9700,9300,9460,215085,-0.029743589743589705
2026-01-30,9440,9450,9130,9230,156456,-0.024312896405919715
