Date,Open,High,Low,Close,Volume,Change
2022-01-03,87500,87900,86000,87300,99676,-0.0011441647597254523
2022-01-04,86800,87900,86500,87600,55792,0.0034364261168384758
2022-01-05,87600,87700,84400,84900,121024,-0.03082191780821919
2022-01-06,83500,86600,83500,84900,112274,0.0
2022-01-07,85200,86900,84500,86700,64860,0.021201413427561766
2022-01-10,86500,86500,80000,81600,190585,-0.05882352941176472
2022-01-11,81400,82500,80400,81700,152026,0.001225490196078427
2022-01-12,81800,84400,81800,84400,113764,0.03304773561811514
2022-01-13,84300,85300,83500,83700,64808,-0.008293838862559189
2022-01-14,82800,82900,78000,78400,220445,-0.06332138590203107
2022-01-17,78500,79100,76300,77300,96311,-0.014030612244897989
2022-01-18,76600,77600,74700,75000,136446,-0.02975420439844756
2022-01-19,74400,75500,73500,74600,70090,-0.005333333333333301
2022-01-20,74100,78500,74100,78500,137624,0.052278820375335044
2022-01-21,77200,78700,76400,76700,80631,-0.02292993630573248
2022-01-24,76100,77600,74500,74500,59247,-0.028683181225554133
2022-01-25,74700,75400,73600,73700,107027,-0.010738255033557076
2022-01-26,71000,75000,71000,72800,139649,-0.012211668928086894
2022-01-27,72300,72900,69100,69300,101919,-0.04807692307692313
2022-01-28,69300,71100,68000,71000,130468,0.024531024531024626
2022-02-03,72400,74000,71800,73000,72054,0.028169014084507005
2022-02-04,72900,75800,72600,75400,84623,0.03287671232876721
2022-02-07,75300,77200,74100,75600,107155,0.0026525198938991412
2022-02-08,76800,78500,75600,76200,110223,0.007936507936507908
2022-02-09,76800,80300,76800,79700,142882,0.04593175853018372
2022-02-10,80500,86300,80200,83700,396509,0.050188205771643624
2022-02-11,82800,84700,80700,81300,160053,-0.028673835125448077
2022-02-14,80000,82200,79900,80200,88614,-0.013530135301353052
2022-02-15,80200,82400,77900,81500,110277,0.016209476309226867
2022-02-16,82600,83000,80800,81300,84890,-0.0024539877300613355
2022-02-17,81800,89600,81700,87300,519942,0.07380073800738018
2022-02-18,87300,91000,86900,89400,276359,0.02405498281786933
2022-02-21,89200,91100,88200,90000,150761,0.006711409395973256
2022-02-22,88500,90800,88100,89900,135375,-0.0011111111111110628
2022-02-23,90800,91500,87700,88400,135075,-0.016685205784204626
2022-02-24,87000,88700,86000,87000,130516,-0.015837104072398245
2022-02-25,87500,88200,83900,84700,152874,-0.02643678160919538
2022-02-28,84700,86300,84000,85900,94543,0.01416765053128688
2022-03-02,84100,87700,84100,86700,75643,0.0093131548311991
2022-03-03,87000,87800,86000,86100,72995,-0.00692041522491349
2022-03-04,85800,86400,84500,84700,72450,-0.016260162601625994
2022-03-07,83700,84000,79900,80800,137864,-0.046044864226682414
2022-03-08,82000,84700,80000,80000,210635,-0.00990099009900991
2022-03-10,81100,85300,81100,83900,104294,0.04875000000000007
2022-03-11,84000,85500,82600,85500,81423,0.019070321811680557
2022-03-14,85500,85500,77100,77400,241673,-0.09473684210526312
2022-03-15,76600,77200,73900,75800,184096,-0.02067183462532296
2022-03-16,77300,78200,76000,77600,84760,0.0237467018469657
2022-03-17,78700,79600,78200,78600,81045,0.012886597938144284
2022-03-18,78800,79900,78100,78900,54172,0.003816793893129722
2022-03-21,79900,80900,78700,78700,61739,-0.0025348542458808465
2022-03-22,78900,81200,78900,80800,85585,0.02668360864040653
2022-03-23,81300,81700,80000,80400,57327,-0.004950495049504955
2022-03-24,79500,81200,79200,81200,56426,0.00995024875621886
2022-03-25,81700,83000,81000,82300,61666,0.013546798029556717
2022-03-28,82900,82900,79300,79800,121861,-0.03037667071688943
2022-03-29,79800,81900,79100,81300,78765,0.018796992481203034
2022-03-30,81500,84800,81400,84800,138863,0.043050430504305126
2022-03-31,84000,84300,82900,83600,88828,-0.014150943396226467
2022-04-01,82600,87900,82100,86800,236825,0.038277511961722466
2022-04-04,88600,88700,86700,87700,126303,0.010368663594469973
2022-04-05,87300,88000,85500,87800,94743,0.0011402508551880963
2022-04-06,86700,88500,85700,86300,111224,-0.017084282460136713
2022-04-07,85800,87000,83600,84200,115488,-0.024333719582850466
2022-04-08,84200,85200,82400,83000,67477,-0.014251781472684133
2022-04-11,82600,85100,82000,83900,64395,0.010843373493975905
2022-04-12,83400,84100,81200,83600,52490,-0.0035756853396901045
2022-04-13,84000,85000,83300,84500,57055,0.010765550239234534
2022-04-14,85200,87700,84400,86800,157246,0.02721893491124261
2022-04-15,86000,86100,82200,83100,148040,-0.04262672811059909
2022-04-18,83300,89300,83200,86500,274426,0.04091456077015643
2022-04-19,87500,87500,85100,85900,133033,-0.006936416184971095
2022-04-20,86400,87200,85100,85500,118742,-0.00465657741559955
2022-04-21,86000,86000,84600,85300,63743,-0.002339181286549752
2022-04-22,84800,85000,83100,84300,86912,-0.011723329425556872
2022-04-25,82700,84300,82300,82300,76814,-0.023724792408066464
2022-04-26,82500,83000,81300,81400,88244,-0.010935601458080146
2022-04-27,78600,82000,77100,81500,125483,0.0012285012285011554
2022-04-28,81500,84700,81500,84000,150929,0.030674846625766916
2022-04-29,85300,88400,84400,86000,289333,0.023809523809523725
2022-05-02,85200,86200,84500,85100,69725,-0.010465116279069764
2022-05-03,85100,85200,82300,82400,88614,-0.031727379553466495
2022-05-04,82500,82600,80300,80600,54181,-0.021844660194174748
2022-05-06,79100,80300,78100,80200,78294,-0.00496277915632759
2022-05-09,79700,80200,78000,78200,73815,-0.02493765586034913
2022-05-10,76500,78500,73600,78500,161995,0.0038363171355497716
2022-05-11,77600,80000,77600,78000,66774,-0.006369426751592355
2022-05-12,76300,76400,72100,72500,221991,-0.07051282051282048
2022-05-13,73500,73800,71300,71900,127158,-0.008275862068965467
2022-05-16,72400,73600,72000,72500,110438,0.008344923504867818
2022-05-17,70100,70300,63100,63600,643571,-0.12275862068965515
2022-05-18,64300,64800,63400,63500,171289,-0.0015723270440252124
2022-05-19,61600,64300,61200,63800,142097,0.0047244094488188
2022-05-20,63500,64500,63500,64400,65541,0.00940438871473348
2022-05-23,64500,66300,63800,65900,89694,0.02329192546583858
2022-05-24,65900,67000,65000,65900,73119,0.0
2022-05-25,66600,67500,65700,66500,92900,0.009104704097116834
2022-05-26,66600,67900,66500,66600,67856,0.0015037593984963404
2022-05-27,67200,67800,66100,66600,54145,0.0
2022-05-30,67300,69200,67300,68500,89170,0.028528528528528607
2022-05-31,69600,70500,68200,69900,115517,0.020437956204379493
2022-06-02,69900,69900,68500,69400,57197,-0.007153075822603716
2022-06-03,70200,70400,69300,70200,55366,0.011527377521613813
2022-06-07,70600,70600,68200,68300,44448,-0.027065527065527117
2022-06-08,68400,69600,67500,68800,52272,0.007320644216691097
2022-06-09,68100,68600,66700,67900,71784,-0.013081395348837233
2022-06-10,67000,67300,66100,66600,82670,-0.019145802650957333
2022-06-13,64700,65400,63800,63900,58835,-0.04054054054054057
2022-06-14,62700,64300,61700,62600,83191,-0.020344287949921713
2022-06-15,62300,62700,59000,60000,144884,-0.04153354632587858
2022-06-16,60600,61200,58900,59000,78743,-0.01666666666666672
2022-06-17,57800,60200,57800,59500,67116,0.008474576271186418
2022-06-20,60400,60800,57000,58000,81701,-0.025210084033613467
2022-06-21,57800,59400,57800,58900,54853,0.01551724137931032
2022-06-22,59500,59600,56600,56800,78437,-0.035653650254668934
2022-06-23,56300,57300,54300,56000,120791,-0.014084507042253502
2022-06-24,55700,57200,55300,57100,62115,0.019642857142857073
2022-06-27,57700,59400,56200,59000,97770,0.03327495621716281
2022-06-28,58900,59600,58000,58900,42588,-0.0016949152542372614
2022-06-29,58300,61300,58300,60600,99786,0.028862478777589073
2022-06-30,60000,60000,56500,56500,105473,-0.06765676567656764
2022-07-01,56900,57600,56000,56900,58843,0.0070796460176991705
2022-07-04,56700,57100,55300,56200,57607,-0.012302284710017597
2022-07-05,55900,58100,55900,57300,38799,0.019572953736654908
2022-07-06,57400,60500,57300,58300,112698,0.017452006980802848
2022-07-07,58800,61200,58100,60800,93366,0.04288164665523153
2022-07-08,61500,63700,60900,61700,155951,0.014802631578947345
2022-07-11,61700,62200,59800,59900,57503,-0.02917341977309562
2022-07-12,59200,60500,58900,60000,62996,0.0016694490818029983
2022-07-13,59800,63500,59500,62800,133059,0.046666666666666634
2022-07-14,65600,73400,65600,68700,488775,0.09394904458598718
2022-07-15,68800,69700,67600,68100,167681,-0.008733624454148492
2022-07-18,68000,68800,65400,67900,98651,-0.002936857562408246
2022-07-19,67400,69000,66900,68300,47372,0.00589101620029453
2022-07-20,68500,72000,67900,72000,166832,0.05417276720351394
2022-07-21,72000,72000,70300,70500,85385,-0.02083333333333337
2022-07-22,70300,71900,69700,70900,53187,0.005673758865248235
2022-07-25,70000,72400,69900,70100,64262,-0.01128349788434413
2022-07-26,70100,70700,69300,69600,39565,-0.007132667617689048
2022-07-27,69600,71000,68100,70300,86612,0.010057471264367734
2022-07-28,70300,71300,68500,68500,69489,-0.02560455192034139
2022-07-29,69500,70300,67900,69100,60769,0.008759124087591275
2022-08-01,68900,69600,68300,68400,48062,-0.01013024602026047
2022-08-02,68100,68500,66800,66800,58173,-0.023391812865497075
2022-08-03,67000,69400,66900,68700,51003,0.02844311377245501
2022-08-04,68800,69600,67500,68300,54532,-0.005822416302765698
2022-08-05,68900,69700,68500,69200,44756,0.013177159590043841
2022-08-08,68500,69200,66600,69100,70175,-0.0014450867052022698
2022-08-09,68200,69000,66900,67100,68909,-0.02894356005788712
2022-08-10,67000,67700,65900,66500,69356,-0.008941877794336861
2022-08-11,67000,67700,66700,67000,47925,0.007518796992481258
2022-08-12,66700,70500,66700,67400,86686,0.005970149253731405
2022-08-16,68300,70800,68100,69500,131465,0.03115727002967361
2022-08-17,69500,71800,65200,65300,329368,-0.060431654676258995
2022-08-18,65300,66300,64900,65700,37883,0.006125574272588086
2022-08-19,65500,66400,64900,65000,44597,-0.010654490106544956
2022-08-22,64900,66900,63200,64300,73736,-0.010769230769230753
2022-08-23,63500,64100,61500,61600,119703,-0.0419906687402799
2022-08-24,61500,62500,60500,62000,78565,0.006493506493506551
2022-08-25,62700,63700,61700,62800,59241,0.012903225806451646
2022-08-26,62600,63800,62600,62800,30362,0.0
2022-08-29,60600,62600,60600,61900,47732,-0.014331210191082855
2022-08-30,62000,63700,61400,62700,65810,0.01292407108239102
2022-08-31,62400,63200,61100,62800,37264,0.0015948963317384823
2022-09-01,61900,62600,60100,60100,61433,-0.042993630573248454
2022-09-02,61100,61400,59800,60100,37334,0.0
2022-09-05,59900,60900,59000,59300,35924,-0.01331114808652245
2022-09-06,59400,60800,59400,59700,27811,0.006745362563237878
2022-09-07,59500,60400,58800,59800,62085,0.0016750418760469454
2022-09-08,60600,60900,59200,59600,44398,-0.0033444816053511683
2022-09-13,60000,62900,60000,61800,63102,0.03691275167785224
2022-09-14,60300,61200,59800,60400,32397,-0.02265372168284785
2022-09-15,60500,62300,60300,61000,41510,0.009933774834437026
2022-09-16,60300,62500,60200,61900,53096,0.014754098360655776
2022-09-19,62500,63300,60800,60900,66898,-0.016155088852988664
2022-09-20,62500,62500,61100,61600,47087,0.011494252873563315
2022-09-21,61500,64800,60900,63400,174158,0.02922077922077926
2022-09-22,63400,63500,59600,61200,177462,-0.034700315457413256
2022-09-23,61700,61700,56200,56800,258247,-0.07189542483660127
2022-09-26,56200,56900,54000,54400,104236,-0.04225352112676062
2022-09-27,54000,56300,54000,55800,92203,0.025735294117646967
2022-09-28,54800,56400,53600,54200,96405,-0.028673835125448077
2022-09-29,54500,55500,50800,51500,256463,-0.04981549815498154
2022-09-30,50800,51500,50000,50300,120064,-0.023300970873786353
2022-10-04,50800,51200,49850,50400,58142,0.001988071570576455
2022-10-05,51000,51200,49300,50000,89369,-0.007936507936507908
2022-10-06,50000,51500,49650,50700,54807,0.014000000000000012
2022-10-07,50200,50600,48950,49450,110252,-0.024654832347140054
2022-10-11,48400,48800,45400,45400,133459,-0.08190091001011124
2022-10-12,45400,45450,43000,43550,136013,-0.040748898678414136
2022-10-13,43100,43800,42200,42550,115316,-0.02296211251435132
2022-10-14,43100,44900,42750,44700,69702,0.05052878965922436
2022-10-17,43900,45150,42750,44850,57177,0.003355704697986628
2022-10-18,46500,47100,45200,46450,84839,0.035674470457079055
2022-10-19,47050,47500,45850,46600,37733,0.0032292787944026013
2022-10-20,46600,46600,45150,45750,35559,-0.018240343347639465
2022-10-21,45150,46900,45100,46450,46363,0.015300546448087537
2022-10-24,47700,47750,46200,46600,50957,0.0032292787944026013
2022-10-25,46900,46900,45500,46000,41715,-0.012875536480686733
2022-10-26,46000,46850,45200,46000,36668,0.0
2022-10-27,47350,47750,46250,46400,34737,0.008695652173912993
2022-10-28,46000,46900,45050,46150,37362,-0.0053879310344827624
2022-10-31,46600,47000,45450,45800,31701,-0.007583965330444253
2022-11-01,45850,48000,45700,47800,58314,0.04366812227074246
2022-11-02,47300,49300,46800,49250,46001,0.030334728033472702
2022-11-03,48400,48750,47050,47050,42932,-0.044670050761421276
2022-11-04,46500,50500,46250,50400,84620,0.0712008501594048
2022-11-07,49350,50400,48600,50400,56827,0.0
2022-11-08,50900,52500,50300,51300,64364,0.017857142857142794
2022-11-09,51300,52600,50800,51700,34127,0.007797270955165692
2022-11-10,50800,52400,50800,51500,48298,-0.003868471953578312
2022-11-11,53000,54400,52900,53900,76348,0.046601941747572706
2022-11-14,54000,56600,53900,55500,60382,0.029684601113172615
2022-11-15,56300,59800,55600,59500,133119,0.072072072072072
2022-11-16,60100,60100,57500,59100,85918,-0.006722689075630228
2022-11-17,59100,59600,58500,58700,34761,-0.006768189509306244
2022-11-18,58200,59900,57800,59000,62988,0.005110732538330387
2022-11-21,59200,59700,58200,59000,63988,0.0
2022-11-22,58700,59000,57000,57000,60645,-0.03389830508474578
2022-11-23,57100,59100,57100,58200,52305,0.021052631578947434
2022-11-24,58800,59300,58200,58700,32915,0.00859106529209619
2022-11-25,59300,59500,58100,58700,31626,0.0
2022-11-28,58100,58900,57500,57600,44793,-0.01873935264054516
2022-11-29,58100,64000,57900,63500,256395,0.10243055555555558
2022-11-30,62900,63600,60300,60800,138232,-0.04251968503937009
2022-12-01,62200,63700,60100,63300,122693,0.04111842105263164
2022-12-02,63600,66500,63000,64200,161595,0.014218009478673022
2022-12-05,65900,68100,64300,67000,225754,0.04361370716510904
2022-12-06,66600,68200,64000,64200,133984,-0.04179104477611939
2022-12-07,64100,67000,63900,64700,91532,0.007788161993769416
2022-12-08,64900,65500,62200,63500,97375,-0.018547140649149974
2022-12-09,63500,70900,63500,70300,305107,0.10708661417322829
2022-12-12,70000,70800,67500,67800,132982,-0.03556187766714081
2022-12-13,68200,69200,66500,67300,74106,-0.007374631268436627
2022-12-14,67400,68100,66100,66800,55981,-0.007429420505200568
2022-12-15,67000,67400,65100,65200,60538,-0.0239520958083832
2022-12-16,64200,66700,63800,66600,90254,0.021472392638036908
2022-12-19,66100,67800,65400,67200,61743,0.009009009009008917
2022-12-20,67200,68000,65700,66200,36829,-0.014880952380952328
2022-12-21,66800,67900,65500,67500,44846,0.01963746223564944
2022-12-22,67700,71600,67100,71200,143798,0.05481481481481487
2022-12-23,70400,71500,69200,69400,110509,-0.0252808988764045
2022-12-26,69000,69800,67000,69500,102112,0.0014409221902016434
2022-12-27,69100,73300,69100,73000,204049,0.050359712230215736
2022-12-28,72500,74500,72300,73300,107143,0.004109589041095818
2022-12-29,73100,74100,71800,74100,112038,0.01091405184174632
2023-01-02,73000,74100,70400,73700,151680,-0.005398110661268607
2023-01-03,72400,73900,71900,72400,69897,-0.01763907734056991
2023-01-04,71700,72100,69700,70200,73043,-0.03038674033149169
2023-01-05,70300,73800,70300,71800,145948,0.02279202279202286
2023-01-06,71500,73600,70400,70800,87544,-0.013927576601671321
2023-01-09,71800,75900,71800,75800,153544,0.07062146892655363
2023-01-10,76500,76700,74300,74900,113161,-0.01187335092348285
2023-01-11,76500,76500,74800,75300,81047,0.005340453938584844
2023-01-12,75500,75900,73600,74200,140091,-0.014608233731739695
2023-01-13,74500,75300,73500,74400,79492,0.0026954177897573484
2023-01-16,75200,77700,73500,74900,133587,0.006720430107526987
2023-01-17,76000,77400,73800,74800,133920,-0.001335113484646211
2023-01-18,75600,76700,74200,76200,118712,0.018716577540107027
2023-01-19,76200,79200,74500,78700,202512,0.03280839895013132
2023-01-20,78300,78700,76600,78300,87052,-0.0050825921219822545
2023-01-25,79000,79600,77000,77900,87992,-0.005108556832694733
2023-01-26,78300,79900,77500,77800,87758,-0.0012836970474967568
2023-01-27,78900,79900,77800,79900,99923,0.02699228791773778
2023-01-30,79900,80600,76400,76500,140227,-0.04255319148936165
2023-01-31,76500,79000,76500,78300,91231,0.0235294117647058
2023-02-01,78300,78800,75300,78400,171333,0.0012771392081736277
2023-02-02,79000,81000,77900,78500,129504,0.0012755102040815647
2023-02-03,78500,78500,76800,78000,70800,-0.006369426751592355
2023-02-06,77200,78400,76600,78000,72628,0.0
2023-02-07,78100,79000,77700,78600,74766,0.007692307692307665
2023-02-08,79000,79100,77700,78500,62653,-0.0012722646310432406
2023-02-09,78400,81300,78000,79500,114483,0.01273885350318471
2023-02-10,80300,81800,79100,80800,121508,0.01635220125786163
2023-02-13,80800,80800,78700,79600,74383,-0.014851485148514865
2023-02-14,80000,80300,79100,80100,42326,0.00628140703517599
2023-02-15,80100,81700,78600,79300,86655,-0.009987515605493158
2023-02-16,79800,80700,78300,79500,79471,0.0025220680958386588
2023-02-17,78700,80500,78400,79600,69654,0.0012578616352201255
2023-02-20,79700,83400,79200,82800,148860,0.04020100502512558
2023-02-21,82300,82800,80800,81300,66820,-0.018115942028985477
2023-02-22,81000,81800,79800,80000,64569,-0.01599015990159902
2023-02-23,80400,81700,80100,81000,43460,0.012499999999999956
2023-02-24,81100,81700,80400,80900,56750,-0.0012345679012345512
2023-02-27,80100,80600,77200,78000,117394,-0.03584672435105063
2023-02-28,78100,79100,77200,77300,70987,-0.008974358974358942
2023-03-02,78800,86500,78000,85800,341307,0.10996119016817585
2023-03-03,85800,86800,84900,85800,101884,0.0
2023-03-06,86700,86700,83000,83600,73339,-0.02564102564102566
2023-03-07,83100,83300,81700,82100,74269,-0.01794258373205737
2023-03-08,82000,82200,80500,81100,76612,-0.01218026796589522
2023-03-09,81100,83500,81000,82100,99278,0.012330456226880449
2023-03-10,83400,83700,79100,80400,169005,-0.020706455542021884
2023-03-13,80400,80800,77000,79200,141841,-0.014925373134328401
2023-03-14,79200,80500,78200,79100,88471,-0.0012626262626262985
2023-03-15,80400,80400,77900,78000,82456,-0.013906447534766109
2023-03-16,78000,78000,74700,75100,114054,-0.03717948717948716
2023-03-17,75600,76500,74600,76200,96001,0.01464713715046595
2023-03-20,77000,82300,76400,78900,106103,0.03543307086614167
2023-03-21,79100,80600,77600,79700,63236,0.010139416983523386
2023-03-22,80100,80400,78200,78500,47953,-0.01505646173149311
2023-03-23,78500,79000,76500,77300,83492,-0.015286624203821653
2023-03-24,76600,77800,76000,76800,52503,-0.0064683053040103244
2023-03-27,77800,79700,75900,78900,91091,0.02734375
2023-03-28,79200,80300,77500,79900,64552,0.012674271229404344
2023-03-29,80200,82700,79900,81000,97310,0.013767209011264159
2023-03-30,81800,82000,80300,81200,60518,0.0024691358024691024
2023-03-31,81000,81900,80300,81000,58291,-0.0024630541871921707
2023-04-03,80600,81700,79300,80200,61264,-0.00987654320987652
2023-04-04,80200,80900,79100,80200,57384,0.0
2023-04-05,80600,82700,79800,79900,69806,-0.0037406483790524137
2023-04-06,79900,81400,79200,79900,35316,0.0
2023-04-07,80200,80700,78900,80600,57879,0.008760951188986343
2023-04-10,80900,81500,76700,79900,48241,-0.008684863523573227
2023-04-11,79300,80900,77600,79700,57118,-0.0025031289111389077
2023-04-12,79800,79800,77300,77800,103799,-0.023839397741530766
2023-04-13,77800,79000,77500,77600,88426,-0.0025706940874036244
2023-04-14,78400,79100,77700,78200,60548,0.0077319587628865705
2023-04-17,78300,78700,76800,77200,42302,-0.012787723785166238
2023-04-18,77100,81800,75500,81000,162934,0.04922279792746109
2023-04-19,82900,87400,82700,85700,356774,0.05802469135802468
2023-04-20,86200,86300,82700,83100,123804,-0.03033838973162195
2023-04-21,82300,83000,75300,76400,296617,-0.08062575210589651
2023-04-24,75700,76000,70900,73500,209393,-0.0379581151832461
2023-04-25,73500,74000,71200,71400,104033,-0.02857142857142858
2023-04-26,71900,75500,71000,73700,80660,0.03221288515406173
2023-04-27,73700,75000,73300,74200,66655,0.006784260515603879
2023-04-28,74300,77700,72400,77200,131794,0.040431266846361114
2023-05-02,76500,78400,75600,77100,70258,-0.0012953367875647714
2023-05-03,76300,79000,74200,74800,111537,-0.02983138780804151
2023-05-04,74500,76600,73400,75200,85250,0.005347593582887722
2023-05-08,75200,76200,74700,75400,41275,0.0026595744680850686
2023-05-09,74600,76000,74100,74200,41266,-0.01591511936339518
2023-05-10,75500,81400,75500,80200,336053,0.08086253369272245
2023-05-11,78900,84900,78900,83500,265536,0.041147132169575995
2023-05-12,83400,83800,81800,82900,105818,-0.007185628742514938
2023-05-15,85100,87100,84000,86000,250817,0.03739445114595896
2023-05-16,85400,87500,84300,87200,157927,0.013953488372093092
2023-05-17,87400,87400,85000,86800,104437,-0.004587155963302725
2023-05-18,86400,87700,85500,86800,101988,0.0
2023-05-19,85600,87500,85600,86500,80047,-0.003456221198156695
2023-05-22,86200,87800,85000,86900,77690,0.0046242774566473965
2023-05-23,87000,90900,86500,89400,149532,0.028768699654775576
2023-05-24,89000,89300,84100,84400,142529,-0.055928411633109576
2023-05-25,84500,86100,83500,83800,72079,-0.007109004739336511
2023-05-26,83000,84600,82900,84000,69055,0.0023866348448686736
2023-05-30,84000,84400,80000,80000,127913,-0.04761904761904767
2023-05-31,80000,80900,79100,79500,119267,-0.006249999999999978
2023-06-01,80300,82100,80200,81100,54192,0.020125786163522008
2023-06-02,81200,84800,80800,84400,91105,0.040690505548705236
2023-06-05,84300,88800,84100,88600,129549,0.04976303317535535
2023-06-07,88500,89700,86700,87100,79382,-0.0169300225733634
2023-06-08,87900,89400,87100,87300,75459,0.0022962112514350874
2023-06-09,87600,91400,87600,87700,96153,0.004581901489117968
2023-06-12,89000,90000,88000,88200,71794,0.005701254275940704
2023-06-13,88800,90000,87400,88700,66269,0.005668934240362855
2023-06-14,88800,90400,88000,89000,82976,0.0033821871476888976
2023-06-15,89600,90800,88600,89100,70406,0.0011235955056179137
2023-06-16,90500,95000,90000,94200,233891,0.05723905723905731
2023-06-19,94200,94200,90700,91400,83665,-0.02972399150743099
2023-06-20,91400,96000,91400,93700,159404,0.02516411378555805
2023-06-21,93700,95000,92600,93300,94667,-0.004268943436499417
2023-06-22,92900,93500,91100,92600,57091,-0.007502679528403
2023-06-23,93600,93600,90200,91700,52939,-0.009719222462203025
2023-06-26,91000,91600,89000,91100,48525,-0.0065430752453653485
2023-06-27,91000,92300,89900,92000,63749,0.009879253567508295
2023-06-28,93300,96800,93000,94000,110933,0.021739130434782705
2023-06-29,95800,95800,90900,91100,88019,-0.030851063829787195
2023-06-30,91100,94100,90500,93000,68695,0.020856201975850697
2023-07-03,93500,93600,89700,91300,71529,-0.018279569892473146
2023-07-04,92700,96200,91300,93000,120812,0.018619934282584794
2023-07-05,92600,92600,90600,91600,68919,-0.01505376344086018
2023-07-06,91600,92500,87500,89600,157702,-0.02183406113537123
2023-07-07,89100,90200,88600,89000,48074,-0.006696428571428603
2023-07-10,89000,91000,88600,89600,41084,0.006741573033707926
2023-07-11,89900,90700,88700,89500,35585,-0.0011160714285713969
2023-07-12,89900,92300,89000,91400,102515,0.02122905027932953
2023-07-13,92200,92300,88600,89200,110174,-0.024070021881838044
2023-07-14,89300,93500,87300,91500,172848,0.02578475336322872
2023-07-17,92400,96500,92100,96000,160183,0.049180327868852514
2023-07-18,97200,99700,97100,97900,142094,0.019791666666666652
2023-07-19,98400,98700,94200,95100,86618,-0.02860061287027582
2023-07-20,94400,98400,94300,96700,91325,0.016824395373291168
2023-07-21,95800,99300,95800,98000,110172,0.013443640124095158
2023-07-24,97500,98600,94600,98000,94574,0.0
2023-07-25,98300,99100,95900,98600,76252,0.00612244897959191
2023-07-26,98800,99000,95800,96600,99123,-0.020283975659229236
2023-07-27,96600,104000,96500,103400,208482,0.07039337474120089
2023-07-28,102900,103800,98600,102700,144935,-0.0067698259187620735
2023-07-31,102700,103000,101100,102600,60131,-0.0009737098344693162
2023-08-01,101200,103000,99900,101900,75579,-0.006822612085769952
2023-08-02,101200,103700,100400,102600,80087,0.006869479882237517
2023-08-03,103700,103700,99400,100100,78400,-0.024366471734892814
2023-08-04,101300,105500,100500,104200,123897,0.040959040959041015
2023-08-07,103200,109000,103200,107000,175326,0.026871401151631558
2023-08-08,107500,107900,105100,106000,63772,-0.009345794392523366
2023-08-09,107400,107400,101300,104000,92375,-0.018867924528301883
2023-08-10,107300,124500,107300,123800,1004380,0.19038461538461537
2023-08-11,125300,135000,125300,133100,784947,0.0751211631663975
2023-08-14,137100,144300,137000,142100,583699,0.0676183320811421
2023-08-16,139900,140000,130900,138200,492150,-0.027445460942997935
2023-08-17,136600,138500,130900,137900,260637,-0.0021707670043414895
2023-08-18,137900,147100,136000,140000,330057,0.015228426395939021
2023-08-21,137500,143300,133600,140000,231108,0.0
2023-08-22,139000,140200,135500,139000,147938,-0.0071428571428571175
2023-08-23,137700,142700,137200,139800,90724,0.0057553956834532904
2023-08-24,138500,144100,137300,140000,135146,0.0014306151645206988
2023-08-25,139900,147000,139800,144500,199240,0.03214285714285725
2023-08-28,148000,150500,145800,147500,172197,0.02076124567474058
2023-08-29,148200,152800,146700,149000,130363,0.01016949152542379
2023-08-30,149200,152700,147500,149000,109926,0.0
2023-08-31,149100,155000,149100,153500,134992,0.030201342281879207
2023-09-01,153700,157200,150300,151800,119022,-0.011074918566775227
2023-09-04,150600,151000,143700,149000,155336,-0.01844532279314892
2023-09-05,148000,152200,147600,148500,73415,-0.003355704697986628
2023-09-06,148200,151500,147200,148300,86948,-0.0013468013468013185
2023-09-07,147100,148300,144300,145700,104796,-0.017532029669588667
2023-09-08,145700,148500,144700,145300,120999,-0.0027453671928620027
2023-09-11,145300,145600,140000,145400,157497,0.0006882312456986117
2023-09-12,146000,148700,139200,140000,122499,-0.037138927097661645
2023-09-13,138600,139800,132000,134900,268765,-0.03642857142857148
2023-09-14,134900,135600,132100,134300,147127,-0.004447739065974843
2023-09-15,134300,134500,132200,132800,102952,-0.011169024571854091
2023-09-18,133200,139200,131900,134800,116899,0.015060240963855387
2023-09-19,135600,137300,131900,132500,104316,-0.017062314540059353
2023-09-20,132700,134700,131300,132700,49058,0.0015094339622641062
2023-09-21,132000,132500,128700,128700,65800,-0.0301431801055011
2023-09-22,127100,127900,124800,126300,79140,-0.018648018648018683
2023-09-25,126500,133100,126400,128700,101376,0.019002375296912177
2023-09-26,128800,129600,125600,128000,43025,-0.00543900543900544
2023-09-27,128000,129900,127000,128700,47297,0.005468749999999911
2023-10-04,128000,128100,123300,124500,63283,-0.03263403263403264
2023-10-05,126500,127000,123000,124300,45139,-0.0016064257028112205
2023-10-06,125800,125800,120700,121200,44202,-0.02493966210780374
2023-10-10,119500,120700,114100,115300,146694,-0.048679867986798686
2023-10-11,115700,117900,112600,113000,144114,-0.01994796183868175
2023-10-12,113800,114500,110700,111500,153319,-0.013274336283185861
2023-10-13,120000,125800,118000,120000,443479,0.07623318385650224
2023-10-16,118800,122600,113400,120300,196051,0.0024999999999999467
2023-10-17,120800,132200,119500,129800,243263,0.07896924355777224
2023-10-18,130000,134000,128700,131400,163180,0.012326656394453073
2023-10-19,131000,135900,129200,130000,175304,-0.010654490106544956
2023-10-20,128700,132100,123700,127600,151979,-0.018461538461538418
2023-10-23,127600,136100,127500,132400,154335,0.037617554858934144
2023-10-24,133800,136100,130600,135100,119911,0.020392749244712904
2023-10-25,137800,141300,133000,139400,181823,0.031828275351591495
2023-10-26,137000,141200,135200,136400,109192,-0.021520803443328518
2023-10-27,137700,139500,130100,133300,91572,-0.022727272727272707
2023-10-30,133400,138500,132500,137100,50584,0.028507126781695424
2023-10-31,139500,142500,134600,135600,112033,-0.01094091903719907
2023-11-01,135700,135900,124100,133600,183539,-0.014749262536873142
2023-11-02,135900,140600,130500,134200,144633,0.004491017964071808
2023-11-03,135700,135700,128100,129400,143506,-0.03576751117734722
2023-11-06,129400,131000,126100,130100,120512,0.005409582689335446
2023-11-07,129500,138500,128100,137400,156931,0.05611068408916209
