Date,Open,High,Low,Close,Volume,Change
2022-01-03,16600,16600,16150,16400,8452,0.003058103975535076
2022-01-04,16200,16600,16200,16450,6984,0.0030487804878047697
2022-01-05,16300,16450,15950,16200,13580,-0.015197568389057725
2022-01-06,16200,16250,15800,15900,15579,-0.01851851851851849
2022-01-07,16000,16250,15900,16150,6305,0.01572327044025168
2022-01-10,16050,16400,16000,16000,10555,-0.009287925696594423
2022-01-11,16000,16350,15800,16050,15293,0.0031250000000000444
2022-01-12,16100,16250,15850,16100,37401,0.0031152647975076775
2022-01-13,16100,16450,15950,16250,22866,0.009316770186335477
2022-01-14,16000,16300,15900,16100,18309,-0.009230769230769265
2022-01-17,15950,16100,15600,15850,12876,-0.01552795031055898
2022-01-18,15850,16100,15400,16100,26658,0.01577287066246047
2022-01-19,16050,16100,15500,16100,22127,0.0
2022-01-20,16100,16200,15900,16100,13123,0.0
2022-01-21,16050,16100,15500,16100,12642,0.0
2022-01-24,15950,16150,15600,16150,15205,0.0031055900621117516
2022-01-25,16000,16150,15400,16000,61048,-0.009287925696594423
2022-01-26,15700,16000,15550,15900,31148,-0.006249999999999978
2022-01-27,15650,15950,15150,15950,37894,0.003144654088050425
2022-01-28,15950,15950,15350,15900,15094,-0.0031347962382445305
2022-02-03,16000,16050,15600,15800,14845,-0.0062893081761006275
2022-02-04,15750,16000,15600,15850,12696,0.0031645569620253333
2022-02-07,15800,15850,15600,15750,7761,-0.006309148264984188
2022-02-08,15800,15850,15350,15750,23353,0.0
2022-02-09,15850,15900,15650,15900,10885,0.00952380952380949
2022-02-10,16150,16150,15850,16000,14580,0.0062893081761006275
2022-02-11,16000,16200,15800,16000,15078,0.0
2022-02-14,15850,16000,15400,15750,16951,-0.015625
2022-02-15,15750,16150,15550,15850,24763,0.006349206349206327
2022-02-16,15900,16150,15850,16050,15858,0.012618296529968376
2022-02-17,16100,16150,15600,15950,15476,-0.006230529595015577
2022-02-18,15850,16200,15750,16100,12471,0.00940438871473348
2022-02-21,15950,16100,15750,16050,9317,-0.0031055900621117516
2022-02-22,15800,16000,15550,15850,9187,-0.012461059190031154
2022-02-23,15800,15950,15750,15800,7683,-0.003154574132492094
2022-02-24,15900,15950,15250,15600,20098,-0.012658227848101222
2022-02-25,15550,15800,15550,15750,8137,0.009615384615384581
2022-02-28,15550,15800,15500,15700,5665,-0.0031746031746031633
2022-03-02,15400,15800,15350,15800,11073,0.006369426751592355
2022-03-03,15800,16000,15750,15900,9369,0.006329113924050667
2022-03-04,15700,15900,15550,15750,8059,-0.009433962264150941
2022-03-07,15400,15850,15400,15650,13087,-0.006349206349206327
2022-03-08,15450,15650,15450,15600,7651,-0.0031948881789137795
2022-03-10,15850,15850,15550,15750,7253,0.009615384615384581
2022-03-11,15750,15850,15550,15700,4119,-0.0031746031746031633
2022-03-14,15700,15850,15450,15500,19386,-0.01273885350318471
2022-03-15,15300,15600,15300,15600,6136,0.006451612903225712
2022-03-16,15400,15800,15400,15800,14673,0.012820512820512775
2022-03-17,15850,15850,15750,15800,9695,0.0
2022-03-18,15850,15850,15650,15850,8491,0.0031645569620253333
2022-03-21,15900,15950,15800,15900,6051,0.003154574132492094
2022-03-22,15850,15950,15750,15850,22971,-0.0031446540880503138
2022-03-23,16000,16000,14950,15900,11501,0.003154574132492094
2022-03-24,15900,15900,15700,15900,5991,0.0
2022-03-25,15950,16700,15800,16550,39417,0.04088050314465419
2022-03-28,16600,16950,16550,16750,29243,0.012084592145015005
2022-03-29,16450,16950,16250,16550,49421,-0.011940298507462699
2022-03-30,16600,16800,16550,16650,18587,0.0060422960725075026
2022-03-31,16650,17150,16250,16950,55087,0.018018018018018056
2022-04-01,17100,17100,16750,16900,32343,-0.002949852507374673
2022-04-04,16900,17100,16700,17000,18595,0.00591715976331364
2022-04-05,17100,17100,16850,17050,18827,0.002941176470588225
2022-04-06,16800,17000,16650,17000,21599,-0.0029325513196480912
2022-04-07,16950,16950,16500,16850,15776,-0.008823529411764675
2022-04-08,16850,17000,16700,16950,15606,0.005934718100890191
2022-04-11,17000,17200,16700,17200,21671,0.014749262536873253
2022-04-12,17100,18200,17000,18000,123563,0.04651162790697683
2022-04-13,17750,18300,17650,18050,42922,0.002777777777777768
2022-04-14,18100,18250,17700,18100,18566,0.0027700831024930483
2022-04-15,18050,18150,17800,18000,18519,-0.0055248618784530246
2022-04-18,18000,18150,17850,18000,11631,0.0
2022-04-19,17800,18000,17800,17900,11110,-0.005555555555555536
2022-04-20,17900,18000,17550,17700,8965,-0.011173184357541888
2022-04-21,17650,17750,17550,17700,8653,0.0
2022-04-22,17550,17700,17450,17700,7026,0.0
2022-04-25,17500,17600,16950,17200,21430,-0.02824858757062143
2022-04-26,17150,17300,17050,17250,10200,0.0029069767441860517
2022-04-27,16950,17200,16650,16950,14932,-0.017391304347826098
2022-04-28,16950,17700,16950,17300,12052,0.020648967551622377
2022-04-29,17300,17950,17300,17600,11176,0.01734104046242768
2022-05-02,17200,18150,17200,17750,59835,0.008522727272727293
2022-05-03,17600,18100,17600,17950,6327,0.011267605633802802
2022-05-04,18150,18500,17850,18150,76163,0.011142061281337101
2022-05-06,17800,18000,17600,17850,16091,-0.016528925619834656
2022-05-09,17700,17950,17100,17400,22834,-0.025210084033613467
2022-05-10,17000,17700,16500,17700,29510,0.01724137931034475
2022-05-11,17350,18250,17350,17700,17564,0.0
2022-05-12,17450,18300,17450,18000,58683,0.016949152542372836
2022-05-13,18000,18600,18000,18550,60731,0.030555555555555447
2022-05-16,18500,19000,18500,18850,44358,0.016172506738544534
2022-05-17,18650,18800,18200,18550,39504,-0.01591511936339518
2022-05-18,18350,19000,18150,18900,29576,0.018867924528301883
2022-05-19,18250,19050,18250,18900,18387,0.0
2022-05-20,18900,19300,18700,19100,34413,0.010582010582010692
2022-05-23,19150,19350,18950,19250,20490,0.007853403141361293
2022-05-24,19000,19350,18950,19200,39202,-0.0025974025974025983
2022-05-25,19100,19150,18400,18600,31740,-0.03125
2022-05-26,18350,18700,17950,18350,20289,-0.013440860215053752
2022-05-27,18350,18450,17800,17800,15155,-0.02997275204359673
2022-05-30,17750,18150,17750,18150,6298,0.0196629213483146
2022-05-31,18000,18150,17850,18150,11552,0.0
2022-06-02,18150,18200,18000,18100,2557,-0.0027548209366391463
2022-06-03,18250,18250,17550,18000,15757,-0.0055248618784530246
2022-06-07,17950,17950,17600,17700,5348,-0.01666666666666672
2022-06-08,17600,17950,17550,17550,14385,-0.008474576271186418
2022-06-09,17400,17750,17150,17700,25365,0.008547008547008517
2022-06-10,17650,17650,17250,17450,7534,-0.01412429378531077
2022-06-13,17000,17300,16400,16650,17394,-0.045845272206303744
2022-06-14,16550,16700,16050,16700,16790,0.0030030030030030463
2022-06-15,16500,16700,16000,16350,16907,-0.020958083832335328
2022-06-16,16600,16850,16050,16400,8178,0.003058103975535076
2022-06-17,15800,16350,15500,16350,11935,-0.0030487804878048808
2022-06-20,16000,16500,15350,16350,40153,0.0
2022-06-21,16400,17150,16100,17100,24539,0.04587155963302747
2022-06-22,16900,17600,16900,17450,50753,0.020467836257309857
2022-06-23,17300,17500,16200,16750,16457,-0.04011461318051579
2022-06-24,16650,17350,16550,17350,16734,0.035820895522387985
2022-06-27,17200,17350,16900,17150,7672,-0.011527377521613813
2022-06-28,17150,17400,17000,17250,10444,0.005830903790087438
2022-06-29,16750,17050,16700,17000,6469,-0.01449275362318836
2022-06-30,17000,17000,16600,16950,6779,-0.002941176470588225
2022-07-01,17350,17350,16450,16700,6018,-0.014749262536873142
2022-07-04,16650,17000,16050,16500,7755,-0.0119760479041916
2022-07-05,16400,16600,16300,16600,3282,0.0060606060606061
2022-07-06,16300,16600,16300,16500,2445,-0.0060240963855421326
2022-07-07,16550,16550,16150,16500,2523,0.0
2022-07-08,16500,16700,16450,16600,1161,0.0060606060606061
2022-07-11,16600,16600,16250,16500,2283,-0.0060240963855421326
2022-07-12,16500,19550,15800,16150,355950,-0.021212121212121238
2022-07-13,16050,16050,15650,15900,24671,-0.015479876160990669
2022-07-14,15550,16100,15550,15900,16513,0.0
2022-07-15,15750,15900,15500,15800,11398,-0.0062893081761006275
2022-07-18,15900,16150,15700,16150,7475,0.02215189873417711
2022-07-19,15950,16150,15800,16150,5388,0.0
2022-07-20,16250,16250,16000,16050,9275,-0.006191950464396245
2022-07-21,16050,16150,15950,16050,5212,0.0
2022-07-22,16100,16100,15850,16000,7842,-0.0031152647975077885
2022-07-25,15900,16100,15750,15950,8984,-0.0031250000000000444
2022-07-26,15750,15950,15650,15950,4077,0.0
2022-07-27,15800,16100,15700,15850,9941,-0.006269592476489061
2022-07-28,15800,16100,15800,16050,7069,0.012618296529968376
2022-07-29,15850,16350,15850,16150,514565,0.006230529595015577
2022-08-01,16200,16200,15900,16150,7244,0.0
2022-08-02,15950,16200,15800,16200,7841,0.003095975232198178
2022-08-03,16200,16300,16100,16250,6654,0.0030864197530864335
2022-08-04,16100,16550,16100,16550,10851,0.01846153846153853
2022-08-05,16700,16700,16400,16550,9707,0.0
2022-08-08,16550,16600,16300,16600,4670,0.0030211480362538623
2022-08-09,16400,16600,16200,16550,9123,-0.003012048192771122
2022-08-10,16250,16500,16100,16400,4794,-0.009063444108761365
2022-08-11,16400,16400,16150,16400,7298,0.0
2022-08-12,16300,16350,16150,16300,8506,-0.0060975609756097615
2022-08-16,16250,16350,16250,16350,3671,0.0030674846625766694
2022-08-17,16150,16350,16000,16000,5957,-0.021406727828746197
2022-08-18,15900,16000,15650,16000,13354,0.0
2022-08-19,16000,16000,15800,15850,4306,-0.009375000000000022
2022-08-22,15800,15850,15550,15650,7134,-0.012618296529968487
2022-08-23,15800,15800,15450,15700,7360,0.0031948881789136685
2022-08-24,15650,15750,15550,15700,2195,0.0
2022-08-25,15850,15850,15450,15800,4282,0.006369426751592355
2022-08-26,15850,15850,15650,15850,3539,0.0031645569620253333
2022-08-29,15350,15600,15350,15600,4815,-0.01577287066246058
2022-08-30,15600,15600,15450,15600,6316,0.0
2022-08-31,15600,15700,15450,15700,1964,0.0064102564102563875
2022-09-01,15750,15750,15400,15600,7179,-0.006369426751592355
2022-09-02,15600,15800,15150,15550,13073,-0.0032051282051281937
2022-09-05,15350,15750,15150,15750,6996,0.012861736334405238
2022-09-06,15550,15650,15400,15600,5345,-0.00952380952380949
2022-09-07,15550,15550,15050,15450,11793,-0.009615384615384581
2022-09-08,15450,15550,15250,15500,6186,0.003236245954692629
2022-09-13,15450,15600,15350,15500,8164,0.0
2022-09-14,15150,15350,14500,15350,37952,-0.009677419354838679
2022-09-15,15250,15400,15100,15400,5317,0.0032573289902280145
2022-09-16,15050,15250,15050,15200,3925,-0.012987012987012991
2022-09-19,14950,15150,14600,14750,9534,-0.02960526315789469
2022-09-20,14550,15000,14500,14700,8626,-0.003389830508474523
2022-09-21,14450,14800,14450,14800,8336,0.006802721088435382
2022-09-22,14450,14750,14200,14750,15641,-0.0033783783783783994
2022-09-23,14500,14600,14250,14450,12986,-0.02033898305084747
2022-09-26,14100,14200,13200,13600,19573,-0.05882352941176472
2022-09-27,13150,13500,12750,13150,33388,-0.03308823529411764
2022-09-28,13050,13250,12450,13200,11159,0.0038022813688212143
2022-09-29,13150,13300,12950,13200,9120,0.0
2022-09-30,12700,13050,12700,13000,11112,-0.015151515151515138
2022-10-04,13200,13200,12850,13100,6855,0.007692307692307665
2022-10-05,13100,13650,13000,13100,5227,0.0
2022-10-06,13200,13800,13100,13800,30547,0.05343511450381677
2022-10-07,13600,13850,13400,13850,6738,0.0036231884057971175
2022-10-11,13650,13700,13000,13700,10048,-0.010830324909747335
2022-10-12,13450,13850,13300,13850,4750,0.010948905109489093
2022-10-13,13450,13500,13000,13400,12598,-0.032490974729241895
2022-10-14,13400,13850,13300,13850,4339,0.033582089552238736
2022-10-17,13350,13800,13350,13700,552189,-0.010830324909747335
2022-10-18,13800,13950,13700,13850,4515,0.010948905109489093
2022-10-19,13900,13950,13700,13900,2808,0.0036101083032491488
2022-10-20,14000,14000,13600,13800,2805,-0.007194244604316502
2022-10-21,13800,13950,13550,13900,3191,0.007246376811594235
2022-10-24,13900,14000,13800,13800,1910,-0.007194244604316502
2022-10-25,13800,13850,13550,13750,3015,-0.0036231884057971175
2022-10-26,13750,14000,13600,13700,2305,-0.0036363636363636598
2022-10-27,13700,14000,13700,13950,6029,0.018248175182481674
2022-10-28,13950,14000,13750,13850,1031,-0.007168458781361964
2022-10-31,13850,13850,13600,13600,2839,-0.018050541516245522
2022-11-01,13850,13850,13350,13550,4117,-0.003676470588235281
2022-11-02,13500,13550,13350,13500,6170,-0.0036900369003689537
2022-11-03,13100,13450,13100,13400,7206,-0.007407407407407418
2022-11-04,13350,13500,13100,13350,4056,-0.003731343283582045
2022-11-07,13350,15000,13350,14100,104080,0.05617977528089879
2022-11-08,14000,14100,13800,14000,9608,-0.007092198581560294
2022-11-09,13900,14100,13800,14050,8495,0.0035714285714285587
2022-11-10,13600,14700,13600,14700,28656,0.0462633451957295
2022-11-11,14700,14900,14650,14900,5838,0.013605442176870763
2022-11-14,14900,15200,14650,15150,9960,0.016778523489932917
2022-11-15,15100,15100,14750,15000,7415,-0.00990099009900991
2022-11-16,15000,15250,14800,15250,10717,0.016666666666666607
2022-11-17,15100,15300,14950,15150,5013,-0.006557377049180357
2022-11-18,15100,15150,14900,15100,2785,-0.0033003300330033403
2022-11-21,15050,15050,14800,15000,5427,-0.0066225165562914245
2022-11-22,14750,15300,14750,15150,7912,0.010000000000000009
2022-11-23,15150,15350,14900,15350,8109,0.013201320132013139
2022-11-24,15150,15200,15000,15100,6179,-0.016286644951140072
2022-11-25,15100,15300,14900,15300,5334,0.013245033112582849
2022-11-28,15300,15500,14800,15500,10001,0.013071895424836555
2022-11-29,15250,15550,15200,15550,3105,0.003225806451612856
2022-11-30,15500,15600,15300,15550,8597,0.0
2022-12-01,15700,15700,15400,15650,3884,0.006430868167202508
2022-12-02,15650,15950,15650,15900,9284,0.015974440894568787
2022-12-05,15900,16100,15750,16000,8927,0.0062893081761006275
2022-12-06,15950,16200,15750,16200,7267,0.012499999999999956
2022-12-07,16100,16200,16000,16100,3951,-0.006172839506172867
2022-12-08,16100,16200,15700,16200,6899,0.006211180124223503
2022-12-09,16050,16400,15950,16200,10240,0.0
2022-12-12,16200,16200,15950,16100,5139,-0.006172839506172867
2022-12-13,15950,16050,15800,16000,4213,-0.006211180124223614
2022-12-14,15950,16000,15800,15800,3222,-0.012499999999999956
2022-12-15,15950,16100,15700,16100,7051,0.018987341772152
2022-12-16,15900,16150,15900,16100,2899,0.0
2022-12-19,15800,16050,15800,15950,4030,-0.009316770186335366
2022-12-20,15950,16050,15250,15800,12847,-0.009404388714733591
2022-12-21,15800,15950,15550,15950,5898,0.009493670886076
2022-12-22,15900,16000,15850,16000,3285,0.0031347962382444194
2022-12-23,15900,16350,15600,16350,18923,0.02187500000000009
2022-12-26,16350,16500,16000,16250,6094,-0.006116207951070374
2022-12-27,16250,16350,15950,16250,10828,0.0
2022-12-28,16250,16350,15850,16350,13215,0.006153846153846176
2022-12-29,16200,16450,16000,16450,15634,0.006116207951070374
2023-01-02,16400,16400,16100,16250,5410,-0.012158054711246202
2023-01-03,16000,16200,15800,16150,8577,-0.006153846153846176
2023-01-04,16050,16200,15950,16150,6092,0.0
2023-01-05,16150,16350,16000,16100,3329,-0.003095975232198178
2023-01-06,16150,16150,15900,16050,5997,-0.0031055900621117516
2023-01-09,15950,16050,15900,16050,4189,0.0
2023-01-10,16050,16450,15950,16400,18156,0.02180685358255441
2023-01-11,16400,16500,16150,16450,6628,0.0030487804878047697
2023-01-12,16400,16500,16250,16400,2986,-0.003039513677811523
2023-01-13,16400,16400,16200,16350,3452,-0.0030487804878048808
2023-01-16,16350,16400,16050,16300,6110,-0.003058103975535187
2023-01-17,16300,16500,15950,16100,14036,-0.012269938650306789
2023-01-18,16100,16200,15950,16100,1663,0.0
2023-01-19,16100,16100,15950,16100,4642,0.0
2023-01-20,16100,16150,15700,15950,11178,-0.009316770186335366
2023-01-25,15950,16150,15790,15910,4659,-0.0025078369905956466
2023-01-26,15930,16160,15780,16090,8165,0.011313639220615901
2023-01-27,16000,16400,15850,15970,33040,-0.007458048477315127
2023-01-30,15970,16060,15890,15970,1194,0.0
2023-01-31,16100,16190,15810,16080,9055,0.006887914840325582
2023-02-01,16280,16280,15920,16060,2929,-0.0012437810945273853
2023-02-02,16100,16100,15990,16050,5530,-0.0006226650062266526
2023-02-03,16040,16040,15910,16030,3982,-0.0012461059190030932
2023-02-06,16030,16030,15870,15990,3057,-0.0024953212726138707
2023-02-07,15870,15970,15800,15870,8116,-0.007504690431519689
2023-02-08,15880,15940,15710,15850,2525,-0.001260239445494693
2023-02-09,15850,15850,15380,15580,21581,-0.017034700315457396
2023-02-10,15580,15580,15030,15500,14339,-0.005134788189987138
2023-02-13,15600,15640,15350,15500,965,0.0
2023-02-14,15590,15900,15430,15630,2418,0.00838709677419347
2023-02-15,15680,15680,15400,15480,2395,-0.009596928982725572
2023-02-16,15560,15560,15300,15510,9307,0.0019379844961240345
2023-02-17,15500,15500,15130,15500,10762,-0.0006447453255964408
2023-02-20,15600,15700,15340,15420,9709,-0.005161290322580614
2023-02-21,15220,15550,15220,15400,5069,-0.0012970168612191912
2023-02-22,15220,15400,15220,15390,1070,-0.0006493506493506773
2023-02-23,15340,15440,15220,15410,2171,0.001299545159194393
2023-02-24,15410,15410,15230,15360,2586,-0.0032446463335495945
2023-02-27,15360,15360,15140,15240,3747,-0.0078125
2023-02-28,15150,15400,15100,15190,4181,-0.0032808398950131545
2023-03-02,15250,15250,14850,14970,21961,-0.014483212639894716
2023-03-03,14860,15100,14860,14970,2960,0.0
2023-03-06,15070,15070,14870,14910,6407,-0.004008016032064132
2023-03-07,14910,14990,14630,14850,12161,-0.004024144869215318
2023-03-08,14760,14840,14680,14810,4665,-0.002693602693602748
2023-03-09,14700,14810,14650,14720,6439,-0.006076975016880537
2023-03-10,14710,14720,14400,14720,7508,0.0
2023-03-13,14720,14780,14120,14500,6240,-0.014945652173913082
2023-03-14,14350,14730,14020,14490,7979,-0.0006896551724138167
2023-03-15,14490,14690,14300,14670,2588,0.012422360248447228
2023-03-16,14520,14680,14360,14530,2902,-0.009543285616905206
2023-03-17,14530,14670,14310,14580,5484,0.0034411562284928365
2023-03-20,14530,14580,14410,14550,1338,-0.002057613168724326
2023-03-21,14500,14550,14340,14490,2178,-0.004123711340206171
2023-03-22,14490,14710,14350,14420,2538,-0.004830917874396157
2023-03-23,14480,14480,14000,14300,14569,-0.00832177531206657
2023-03-24,14260,14580,14020,14580,12090,0.019580419580419672
2023-03-27,14430,14530,14120,14530,7470,-0.003429355281207136
2023-03-28,14290,14450,14180,14200,12481,-0.0227116311080523
2023-03-29,14200,14450,13960,14450,10299,0.01760563380281699
2023-03-30,14300,14380,14130,14130,9707,-0.02214532871972319
2023-03-31,14130,14130,14010,14010,6023,-0.00849256900212314
2023-04-03,14010,14300,13910,14260,8126,0.017844396859386213
2023-04-04,14120,14150,13880,13980,10925,-0.01963534361851338
2023-04-05,13910,14120,13900,14010,4906,0.0021459227467810482
2023-04-06,13910,14050,13700,13830,7940,-0.012847965738758016
2023-04-07,13710,13970,13520,13810,11859,-0.001446131597975464
2023-04-10,13810,13900,13580,13680,3267,-0.009413468501086153
2023-04-11,13500,13760,13460,13700,9578,0.0014619883040936088
2023-04-12,13700,13740,13590,13680,3748,-0.0014598540145985828
2023-04-13,13680,14340,13680,14090,10373,0.029970760233918092
2023-04-14,14020,14190,14020,14140,3497,0.0035486160397444344
2023-04-17,14140,14140,13920,14080,1354,-0.004243281471004279
2023-04-18,14080,14080,13940,14050,2779,-0.0021306818181817677
2023-04-19,14050,14270,13850,14210,9304,0.011387900355871894
2023-04-20,14010,14100,13870,13880,3976,-0.023223082336382816
2023-04-21,13880,13890,13550,13750,8902,-0.009365994236311237
2023-04-24,13700,13760,13510,13660,3968,-0.006545454545454521
2023-04-25,13550,13660,13500,13600,2912,-0.004392386530014614
2023-04-26,13500,13760,13420,13690,4366,0.006617647058823506
2023-04-27,13580,13580,13060,13500,7788,-0.013878743608473298
2023-04-28,13460,13460,13050,13210,9406,-0.021481481481481435
2023-05-02,13210,13300,12980,13180,4889,-0.002271006813020393
2023-05-03,12960,13350,12930,13310,11299,0.009863429438543347
2023-05-04,13310,13700,13050,13490,15277,0.013523666416228375
2023-05-08,13910,13910,13060,13690,11281,0.014825796886582587
2023-05-09,13490,13540,13170,13220,8513,-0.034331628926223545
2023-05-10,13320,13350,13220,13320,1213,0.0075642965204236745
2023-05-11,13420,13490,13270,13340,784,0.0015015015015014122
2023-05-12,13340,13340,13200,13270,1554,-0.005247376311844132
2023-05-15,13290,13290,12950,13100,8266,-0.012810851544837965
2023-05-16,13300,13490,12920,13080,6386,-0.0015267175572518665
2023-05-17,13140,13140,12940,13130,2072,0.003822629969419067
2023-05-18,13580,13600,12960,13130,1840,0.0
2023-05-19,13130,13250,13060,13190,4904,0.004569687738004591
2023-05-22,13050,13440,13010,13050,10282,-0.010614101592115288
2023-05-23,13110,13390,13110,13260,3166,0.016091954022988464
2023-05-24,13250,13470,13040,13470,3103,0.015837104072398134
2023-05-25,13260,13460,13200,13450,2770,-0.0014847809948033142
2023-05-26,13370,13440,13200,13340,2180,-0.008178438661710086
2023-05-30,13340,13490,13120,13250,2706,-0.006746626686656709
2023-05-31,13290,13320,13120,13200,3346,-0.0037735849056603765
2023-06-01,13200,13200,13110,13110,2038,-0.006818181818181834
2023-06-02,13110,13250,13100,13230,5750,0.009153318077803174
2023-06-05,13240,13550,13160,13480,6262,0.01889644746787611
2023-06-07,13500,13890,13280,13840,17637,0.026706231454005858
2023-06-08,13780,13830,13600,13830,2836,-0.0007225433526011349
2023-06-09,13710,13830,13630,13760,2688,-0.005061460592913902
2023-06-12,13650,13980,13630,13950,8336,0.01380813953488369
2023-06-13,13830,14090,13610,14090,20250,0.01003584229390686
2023-06-14,13930,14380,13680,14370,19297,0.019872249822569188
2023-06-15,14230,14420,14150,14310,5896,-0.0041753653444676075
2023-06-16,14290,14400,14100,14370,3316,0.004192872117400492
2023-06-19,14170,14400,14170,14400,4729,0.0020876826722338038
2023-06-20,14420,14420,14190,14190,2902,-0.014583333333333282
2023-06-21,14050,14350,14010,14290,5277,0.007047216349541863
2023-06-22,14200,14200,14000,14070,4608,-0.015395381385584272
2023-06-23,14070,14140,13910,14100,3068,0.002132196162046851
2023-06-26,13970,14190,13860,13990,1816,-0.007801418439716268
2023-06-27,13810,14020,13780,14000,6213,0.0007147962830593713
2023-06-28,14190,14190,13710,13890,7588,-0.007857142857142896
2023-06-29,13990,14000,13700,13700,6292,-0.01367890568754504
2023-06-30,13500,13880,13500,13760,2871,0.004379562043795637
2023-07-03,13630,13850,13630,13760,1692,0.0
2023-07-04,13670,13890,13500,13740,4143,-0.0014534883720930258
2023-07-05,13740,13900,13570,13740,2458,0.0
2023-07-06,13610,13800,13570,13780,4062,0.0029112081513829047
2023-07-07,13660,13930,13520,13850,4821,0.005079825834542806
2023-07-10,13700,13840,13610,13730,3267,-0.008664259927797846
2023-07-11,13730,13730,13560,13670,1868,-0.004369992716678817
2023-07-12,13670,14030,13650,13970,12945,0.021945866861740937
2023-07-13,13970,13970,13800,13900,2437,-0.005010737294201872
2023-07-14,13970,14090,13170,13890,29688,-0.0007194244604316058
2023-07-17,13780,14190,13480,14140,12840,0.017998560115190854
2023-07-18,13880,14040,13780,13980,4653,-0.011315417256011262
2023-07-19,13970,13980,13690,13960,7159,-0.0014306151645206988
2023-07-20,13820,13840,13660,13810,6433,-0.01074498567335247
2023-07-21,13710,13790,13510,13760,7332,-0.003620564808110016
2023-07-24,13560,13750,13200,13270,14691,-0.03561046511627908
2023-07-25,13110,13220,12630,13200,18238,-0.005275056518462717
2023-07-26,13030,13590,12470,13580,30807,0.028787878787878807
2023-07-27,13340,13580,13110,13440,8855,-0.010309278350515427
2023-07-28,13440,13560,13230,13500,5602,0.0044642857142858094
2023-07-31,13500,13590,13300,13470,3725,-0.0022222222222222365
2023-08-01,13310,13470,12880,13320,8615,-0.011135857461024523
2023-08-02,13310,13400,13000,13160,9570,-0.012012012012011963
2023-08-03,13090,13100,12710,12750,12459,-0.03115501519756836
2023-08-04,12750,13350,12700,12700,6424,-0.0039215686274509665
2023-08-07,12880,12880,12470,12780,7991,0.006299212598425141
2023-08-08,12780,12780,12490,12490,4392,-0.022691705790297334
2023-08-09,12270,12510,12270,12490,5334,0.0
2023-08-10,12490,12630,12440,12490,1118,0.0
2023-08-11,12370,12860,12370,12770,11240,0.022417934347477964
2023-08-14,12960,12960,12470,12650,4090,-0.009397024275646038
2023-08-16,12380,12490,12250,12250,9462,-0.031620553359683834
2023-08-17,12160,12450,12160,12360,5414,0.008979591836734802
2023-08-18,12360,12500,12010,12250,2890,-0.008899676375404564
2023-08-21,12310,12310,11940,11980,10257,-0.022040816326530654
2023-08-22,11850,11940,11560,11560,13855,-0.035058430717863076
2023-08-23,11600,12180,11580,12180,15908,0.05363321799307963
2023-08-24,12180,12280,11950,12170,2521,-0.0008210180623974273
2023-08-25,12040,12200,11740,12140,6846,-0.0024650780608052036
2023-08-28,12410,12410,11950,12130,2918,-0.0008237232289950436
2023-08-29,11960,12190,11940,12190,14698,0.004946413849958864
2023-08-30,12070,12200,12020,12190,4570,0.0
2023-08-31,12210,12210,12040,12050,2956,-0.011484823625922846
2023-09-01,12040,12140,11980,12140,5431,0.007468879668049766
2023-09-04,12150,12220,11940,12180,3645,0.0032948929159801743
2023-09-05,12060,12300,12030,12300,10543,0.009852216748768461
2023-09-06,12300,12340,12100,12230,2672,-0.005691056910569148
2023-09-07,12290,12290,11960,12000,3420,-0.01880621422730988
2023-09-08,12080,12080,11860,12030,4484,0.0024999999999999467
2023-09-11,11990,12030,11740,11790,16286,-0.01995012468827928
2023-09-12,11880,12090,11600,12040,10257,0.02120441051738764
2023-09-13,11920,12100,11860,12060,4081,0.0016611295681063787
2023-09-14,12120,12230,12000,12120,7548,0.004975124378109541
2023-09-15,12120,12360,12040,12150,10754,0.0024752475247524774
2023-09-18,12180,12220,12000,12100,10135,-0.004115226337448541
2023-09-19,12000,12870,11970,12750,38076,0.05371900826446274
2023-09-20,12770,12850,12580,12770,13699,0.0015686274509802978
2023-09-21,12550,12750,12320,12630,9563,-0.01096319498825371
2023-09-22,12630,12680,12370,12500,4888,-0.010292953285827355
2023-09-25,12490,12490,12140,12290,5193,-0.016800000000000037
2023-09-26,12270,12470,11900,12390,6449,0.008136696501220397
2023-09-27,12390,12420,12200,12250,2344,-0.011299435028248594
2023-10-04,12300,12300,11870,12100,3153,-0.01224489795918371
2023-10-05,11950,12250,11700,11700,9029,-0.03305785123966942
2023-10-06,11950,12040,11600,11860,7110,0.013675213675213627
2023-10-10,11850,12180,11630,11870,2515,0.000843170320404818
2023-10-11,11850,12100,11790,11850,8392,-0.0016849199663016012
2023-10-12,11870,13780,11830,11910,219124,0.005063291139240533
2023-10-13,11910,12080,11640,12040,14562,0.010915197313182246
2023-10-16,11820,12020,11650,11920,4653,-0.009966777408637828
2023-10-17,11770,11900,11660,11830,9247,-0.007550335570469802
2023-10-18,11790,12070,11660,11960,4662,0.01098901098901095
2023-10-19,11930,12290,11800,12190,12699,0.019230769230769162
2023-10-20,12100,12240,11920,12100,6301,-0.007383100902379036
2023-10-23,12100,12360,11900,12200,8451,0.008264462809917328
2023-10-24,12100,12270,12090,12230,1788,0.0024590163934425924
2023-10-25,12080,12390,12060,12200,6540,-0.002452984464431762
2023-10-26,12190,12190,11900,12170,7174,-0.0024590163934425924
2023-10-27,12040,12210,11960,12080,3489,-0.007395234182415722
2023-10-30,12080,12120,11900,12020,4442,-0.004966887417218513
2023-10-31,11930,12210,11880,12080,3706,0.004991680532445919
2023-11-01,12080,12120,11930,12020,1898,-0.004966887417218513
2023-11-02,12300,12320,11910,11990,3908,-0.0024958402662229595
2023-11-03,12080,12400,11890,12320,10921,0.02752293577981657
2023-11-06,12490,12700,12110,12690,21100,0.030032467532467466
2023-11-07,12690,13270,12360,13200,15893,0.04018912529550822
2023-11-08,13200,13200,12780,12960,4337,-0.018181818181818188
2023-11-09,12880,13260,12720,13250,4206,0.022376543209876587
2023-11-10,13220,13220,13000,13000,1681,-0.018867924528301883
2023-11-13,12810,12980,12770,12970,4022,-0.002307692307692344
2023-11-14,12800,12960,12800,12850,3502,-0.009252120277563614
2023-11-15,12800,12910,12730,12800,4113,-0.0038910505836575737
2023-11-16,12800,13210,12800,13100,14182,0.0234375
2023-11-17,12960,13090,12930,12990,2191,-0.008396946564885543
2023-11-20,13140,13570,12920,13500,23064,0.03926096997690531
2023-11-21,13370,13590,13330,13540,4585,0.002962962962963056
2023-11-22,13500,13640,13360,13590,5505,0.0036927621861151394
2023-11-23,13590,13590,13200,13360,6997,-0.01692420897718916
2023-11-24,13230,13360,12920,13200,8277,-0.0119760479041916
2023-11-27,13200,13210,12770,12960,8886,-0.018181818181818188
2023-11-28,12840,13040,12700,12890,5371,-0.005401234567901203
2023-11-29,12810,13240,12450,13240,15264,0.027152831652443865
2023-11-30,13240,13320,13020,13260,4156,0.0015105740181269312
2023-12-01,13250,13250,13010,13200,2536,-0.004524886877828038
2023-12-04,13200,13200,12900,13070,3612,-0.009848484848484884
2023-12-05,12910,13160,12910,13060,1825,-0.0007651109410864443
2023-12-06,13050,13110,12920,13000,1942,-0.004594180704441064
2023-12-07,12990,13030,12880,13000,2545,0.0
2023-12-08,13000,13070,12910,13000,454,0.0
2023-12-11,12870,13000,12400,12890,4678,-0.00846153846153841
2023-12-12,12780,12880,12760,12830,1960,-0.004654771140418901
2023-12-13,12840,12900,12620,12740,3230,-0.007014809041309467
2023-12-14,12960,12960,12510,12730,3317,-0.0007849293563578774
2023-12-15,12690,12980,12690,12850,1543,0.009426551453260101
2023-12-18,12850,12850,12620,12790,2369,-0.0046692607003890885
2023-12-19,12790,12900,12750,12860,2663,0.005473025801407294
2023-12-20,12710,12850,12650,12710,4555,-0.011664074650077794
2023-12-21,12710,12830,12620,12800,2848,0.007081038552321006
2023-12-22,12810,12950,12810,12920,3609,0.009374999999999911
2023-12-26,12970,12970,12760,12900,3390,-0.001547987616099089
2023-12-27,12800,12930,12680,12870,2097,-0.0023255813953488857
2023-12-28,12860,12910,12740,12810,3089,-0.004662004662004615
2024-01-02,12860,12870,12750,12860,1976,0.0039032006245121043
2024-01-03,12730,12860,12720,12720,3578,-0.010886469673405896
2024-01-04,12840,12840,12520,12760,4286,0.003144654088050425
2024-01-05,12670,12800,12670,12760,2692,0.0
2024-01-08,12800,12830,12690,12690,3209,-0.005485893416927845
2024-01-09,12690,12800,12680,12760,2077,0.005516154452324562
2024-01-10,12760,12800,12690,12750,1483,-0.0007836990595611049
2024-01-11,12750,13000,12720,12930,6310,0.014117647058823568
2024-01-12,12930,13200,12910,12910,6921,-0.0015467904098994678
2024-01-15,12910,13070,12860,13000,5189,0.006971340046475705
2024-01-16,13060,13130,12960,13120,10058,0.009230769230769154
2024-01-17,13090,13250,13050,13240,8341,0.009146341463414531
2024-01-18,13240,13630,13240,13410,17283,0.01283987915407847
2024-01-19,13370,13620,13260,13380,4932,-0.0022371364653244186
2024-01-22,13320,13420,13000,13000,8788,-0.02840059790732441
2024-01-23,12830,13280,12830,13030,3999,0.002307692307692344
2024-01-24,13030,13100,13030,13070,2516,0.003069838833461347
2024-01-25,12900,13240,12890,12890,2152,-0.01377199693955622
2024-01-26,13100,13120,12940,13020,6818,0.010085337470907785
2024-01-29,13020,13160,12890,13000,3914,-0.001536098310291889
2024-01-30,13150,13150,12960,13010,827,0.0007692307692308553
2024-01-31,12890,13030,12810,12990,3073,-0.001537279016141424
2024-02-01,12810,13080,12800,12890,8529,-0.007698229407236301
2024-02-02,12840,12970,12710,12830,6791,-0.004654771140418901
2024-02-05,12860,13290,12130,12810,32442,-0.001558846453624363
2024-02-06,12620,12880,12560,12850,3353,0.0031225604996096834
2024-02-07,12950,12950,12720,12850,901,0.0
2024-02-08,12900,12910,12780,12910,2823,0.0046692607003890885
2024-02-13,12910,12950,12800,12920,3175,0.0007745933384972759
2024-02-14,12920,13060,12800,13050,8083,0.010061919504643857
2024-02-15,13060,13120,12920,12970,4474,-0.006130268199233679
2024-02-16,12990,13120,12900,13100,5056,0.010023130300693905
2024-02-19,13240,13240,12960,13100,3614,0.0
2024-02-20,13100,13100,12960,13060,1759,-0.003053435114503844
2024-02-21,12980,13080,12640,12970,2145,-0.006891271056661541
2024-02-22,12970,13020,12900,12960,1654,-0.0007710100231302919
2024-02-23,12990,13070,12750,12950,7423,-0.0007716049382715529
2024-02-26,12950,13040,12800,13040,3838,0.006949806949806847
2024-02-27,12920,13510,12920,13260,27911,0.016871165644171793
2024-02-28,13230,13230,12830,13150,7913,-0.008295625942684737
2024-02-29,13150,13200,13020,13090,3683,-0.004562737642585524
2024-03-04,13190,13190,12930,13040,5738,-0.0038197097020626902
2024-03-05,13190,13190,12920,12970,4460,-0.005368098159509227
2024-03-06,12970,12970,12830,12960,3966,-0.0007710100231302919
2024-03-07,12920,12990,12800,12810,5541,-0.01157407407407407
2024-03-08,12890,12890,12760,12870,1926,0.004683840749414525
2024-03-11,12800,12850,12750,12810,2645,-0.004662004662004615
2024-03-12,12900,13000,12740,12980,5084,0.013270882123341154
2024-03-13,13090,13150,12720,13080,12835,0.007704160246533087
2024-03-14,13080,13080,12860,12920,7295,-0.012232415902140636
2024-03-15,12950,12980,12750,12910,3932,-0.0007739938080495445
2024-03-18,12910,12910,12740,12840,4862,-0.005422153369481042
2024-03-19,12840,12840,12650,12670,5414,-0.013239875389408073
2024-03-20,12650,12710,12570,12640,5661,-0.0023677979479084232
2024-03-21,12590,12760,12470,12640,18588,0.0
2024-03-22,12640,12700,12440,12610,12237,-0.002373417721519
2024-03-25,12610,12630,12500,12560,4304,-0.003965107057890549
2024-03-26,12560,12580,12490,12500,6524,-0.004777070063694322
2024-03-27,12500,12520,12400,12470,5163,-0.0023999999999999577
2024-03-28,12470,12770,12320,12540,3075,0.005613472333600544
2024-03-29,12510,12540,12430,12520,2275,-0.0015948963317384823
2024-04-01,12520,12700,12480,12600,2884,0.006389776357827559
2024-04-02,12550,12550,12360,12490,2196,-0.0087301587301587
2024-04-03,12490,12490,12300,12460,3292,-0.0024019215372297342
2024-04-04,12420,12480,12210,12460,5364,0.0
2024-04-05,12390,12700,12310,12700,10564,0.019261637239165408
2024-04-08,12500,12700,12200,12590,58418,-0.008661417322834652
2024-04-09,12590,12590,12310,12580,11807,-0.000794281175536149
2024-04-11,12600,12680,12340,12590,13896,0.0007949125596184992
2024-04-12,12580,12650,12410,12580,1962,-0.000794281175536149
2024-04-15,12580,12660,12400,12600,2443,0.0015898251192367763
2024-04-16,12560,12600,12310,12310,4169,-0.023015873015873045
2024-04-17,12310,12500,12310,12400,7075,0.007311129163281915
2024-04-18,12460,12600,12350,12350,2493,-0.0040322580645161255
2024-04-19,12400,12400,12270,12380,5469,0.0024291497975708065
2024-04-22,12400,12480,12230,12400,4122,0.001615508885298933
2024-04-23,12440,12450,12270,12360,1361,-0.003225806451612856
2024-04-24,12480,12480,12160,12440,11940,0.006472491909385036
2024-04-25,12360,12480,12350,12440,2061,0.0
2024-04-26,12450,12510,12300,12440,4468,0.0
2024-04-29,12450,12460,12370,12380,3728,-0.004823151125401881
2024-04-30,12440,12440,12250,12410,6694,0.0024232633279483995
2024-05-02,12390,12450,12260,12350,1380,-0.00483481063658342
2024-05-03,12240,12400,12240,12340,5138,-0.0008097165991902688
2024-05-07,12400,12400,12200,12250,5621,-0.007293354943273878
2024-05-08,12250,12340,12210,12310,2401,0.004897959183673528
2024-05-09,12210,12660,12200,12360,18544,0.004061738424045558
2024-05-10,12330,12550,12250,12470,9152,0.008899676375404564
2024-05-13,12470,12470,12290,12400,35782,-0.005613472333600655
2024-05-14,12390,12390,12220,12280,26354,-0.009677419354838679
2024-05-16,12250,12280,12200,12260,4917,-0.0016286644951140072
2024-05-17,12280,12320,12150,12260,3874,0.0
2024-05-20,12270,12270,11990,11990,18257,-0.022022838499184294
2024-05-21,11980,12020,11810,11870,16132,-0.010008340283569672
2024-05-22,11820,11920,11780,11880,4176,0.0008424599831506896
2024-05-23,11910,11970,11780,11820,6749,-0.005050505050505083
2024-05-24,11830,11830,11620,11700,12969,-0.010152284263959421
2024-05-27,11840,11840,11630,11630,3597,-0.005982905982905962
2024-05-28,11600,11830,11600,11830,8913,0.017196904557179815
2024-05-29,11820,11830,11700,11770,5760,-0.005071851225697421
2024-05-30,11770,11770,11550,11560,7349,-0.017841971112999122
2024-05-31,11600,11600,11490,11560,5405,0.0
2024-06-03,11480,11680,11360,11550,15352,-0.0008650519031141446
2024-06-04,11420,11460,11360,11400,6902,-0.012987012987012991
2024-06-05,11370,11430,11330,11400,6391,0.0
2024-06-07,11290,11440,11280,11390,12823,-0.0008771929824561431
2024-06-10,11390,11390,11160,11200,10218,-0.01668129938542584
2024-06-11,11280,11300,11130,11140,4077,-0.005357142857142838
2024-06-12,11140,11200,11070,11140,10301,0.0
2024-06-13,11140,11140,10960,11090,11054,-0.004488330341113067
2024-06-14,11160,11160,10820,10950,8921,-0.012623985572587926
2024-06-17,10940,11150,10840,11120,11069,0.01552511415525104
2024-06-18,11110,11110,10910,10970,2441,-0.013489208633093552
2024-06-19,11010,11100,10870,11100,23442,0.01185050136736554
2024-06-20,11130,11160,10970,11090,2684,-0.0009009009009008917
2024-06-21,11130,11130,10830,11130,12080,0.0036068530207393756
2024-06-24,10910,11130,10900,11120,45319,-0.0008984725965858198
2024-06-25,11000,11000,10650,10800,19473,-0.02877697841726623
2024-06-26,10800,10910,10670,10820,15179,0.0018518518518517713
2024-06-27,10770,10910,10720,10820,56896,0.0
2024-06-28,10820,10910,10740,10900,5137,0.007393715341959428
2024-07-01,10900,10900,10750,10850,10367,-0.004587155963302725
2024-07-02,10850,10850,10730,10820,7288,-0.0027649769585254003
2024-07-03,10800,11000,10770,10900,164277,0.007393715341959428
2024-07-04,11000,11000,10670,10760,9710,-0.012844036697247652
2024-07-05,10800,10870,10670,10870,8802,0.010223048327137496
2024-07-08,10800,10800,10710,10790,5002,-0.007359705611775569
2024-07-09,10790,10810,10210,10740,21269,-0.004633920296570948
2024-07-10,10740,10740,10400,10710,17035,-0.0027932960893854997
2024-07-11,10710,10790,10480,10790,34119,0.007469654528478031
2024-07-12,10790,10970,10730,10820,21969,0.002780352177942591
2024-07-15,10800,10980,10770,10920,42491,0.009242144177449063
2024-07-16,10980,11040,10730,10880,4136,-0.00366300366300365
2024-07-17,10880,10890,10310,10860,21298,-0.0018382352941176405
2024-07-18,10760,10850,10720,10820,20185,-0.0036832412523020164
2024-07-19,10840,10840,10600,10670,3616,-0.013863216266173706
2024-07-22,10630,10690,10380,10660,9258,-0.0009372071227741197
2024-07-23,10580,10700,10440,10670,4273,0.0009380863039398779
2024-07-24,10670,10670,10300,10300,16331,-0.03467666354264287
2024-07-25,10300,10800,10260,10690,20806,0.03786407766990285
2024-07-26,10590,10760,10500,10680,5749,-0.00093545369504211
2024-07-29,10680,10680,10450,10520,5043,-0.014981273408239737
2024-07-30,10650,10650,10410,10590,44684,0.0066539923954371805
2024-07-31,10590,10640,10310,10450,15018,-0.013220018885741314
2024-08-01,10540,10590,10400,10570,14689,0.011483253588516762
2024-08-02,10310,10500,10290,10500,10876,-0.0066225165562914245
2024-08-05,10260,10500,10000,10450,68014,-0.004761904761904745
2024-08-06,10110,10500,10110,10400,27622,-0.004784688995215336
2024-08-07,10400,10400,10240,10360,9577,-0.0038461538461538325
2024-08-08,10350,10670,10240,10420,49157,0.005791505791505891
2024-08-09,10390,10550,10360,10500,18282,0.007677543186180413
2024-08-12,10510,10520,10400,10450,4475,-0.004761904761904745
2024-08-13,10390,10450,10260,10330,8261,-0.011483253588516762
2024-08-14,10260,10330,10160,10290,10097,-0.0038722168441432947
2024-08-16,10320,10320,10000,10170,18650,-0.011661807580174877
2024-08-19,10280,10280,9980,10050,12354,-0.01179941002949858
2024-08-20,9950,10240,9850,10210,31633,0.015920398009950265
2024-08-21,10020,10140,10000,10030,8733,-0.01762977473065619
2024-08-22,10050,10240,10020,10240,9417,0.02093718843469583
2024-08-23,10280,10280,10060,10200,13913,-0.00390625
2024-08-26,10180,10280,10070,10200,8762,0.0
2024-08-27,10190,10300,9960,10170,29576,-0.002941176470588225
2024-08-28,10270,10270,10040,10220,2304,0.004916420845624492
2024-08-29,10220,10220,10100,10200,3011,-0.00195694716242667
2024-08-30,10180,10180,10000,10050,11832,-0.014705882352941124
2024-09-02,10050,10190,9990,10190,11225,0.013930348258706537
2024-09-03,10180,10240,10040,10230,22238,0.003925417075564264
2024-09-04,10090,10100,9960,10050,10910,-0.017595307917888547
2024-09-05,10050,10120,9960,10040,22589,-0.0009950248756218638
2024-09-06,10100,10100,9830,10030,13770,-0.0009960159362549792
2024-09-09,10100,10230,9900,9980,9300,-0.004985044865403743
2024-09-10,10040,10050,9920,10030,6557,0.005010020040080221
2024-09-11,10060,10150,9910,10020,3610,-0.0009970089730807485
2024-09-12,10050,10110,9920,10090,7480,0.00698602794411185
2024-09-13,9970,10080,9920,10020,5544,-0.0069375619425173785
2024-09-19,10020,10040,9530,9970,15131,-0.004990019960079861
2024-09-20,9970,9970,9760,9950,15859,-0.0020060180541624506
2024-09-23,9810,9910,9730,9760,11738,-0.019095477386934623
2024-09-24,9710,9800,9640,9800,4499,0.004098360655737654
2024-09-25,9800,9940,9760,9800,6929,0.0
2024-09-26,9800,10260,9800,10040,11359,0.02448979591836742
2024-09-27,10010,10120,9930,10020,1828,-0.0019920318725099584
2024-09-30,10030,10030,9900,9910,5367,-0.010978043912175606
2024-10-02,9940,10020,9770,9900,8331,-0.0010090817356205317
2024-10-04,10000,10040,9800,9850,8427,-0.005050505050505083
2024-10-07,9870,9900,9610,9610,29279,-0.024365482233502544
2024-10-08,9600,9900,9480,9870,16574,0.027055150884495394
2024-10-10,9870,9990,9760,9980,7996,0.011144883485308954
2024-10-11,9970,10050,9950,9980,5087,0.0
2024-10-14,9980,9990,9890,9940,8806,-0.004008016032064132
2024-10-15,9940,9950,9850,9890,8282,-0.005030181086519092
2024-10-16,9880,9890,9520,9570,40566,-0.032355915065722995
2024-10-17,9570,10020,9570,9830,9214,0.027168234064785857
2024-10-18,9900,9900,9670,9830,2281,0.0
2024-10-21,9830,9830,9700,9790,1058,-0.004069175991861629
2024-10-22,9670,9860,9670,9720,3206,-0.007150153217568955
2024-10-23,9740,10260,9600,9600,20518,-0.012345679012345734
2024-10-24,9700,9700,9510,9590,9200,-0.0010416666666667185
2024-10-25,9520,9780,9220,9600,27017,0.0010427528675704956
2024-10-28,9520,9640,9380,9590,7041,-0.0010416666666667185
2024-10-29,9580,9670,9410,9580,2964,-0.0010427528675703845
2024-10-30,9540,9750,9400,9750,6897,0.017745302713987554
2024-10-31,9720,9760,9580,9690,3302,-0.006153846153846176
2024-11-01,9600,9690,9550,9630,1171,-0.006191950464396245
2024-11-04,9600,9800,9580,9670,5114,0.004153686396677125
2024-11-05,9610,9690,9560,9660,2254,-0.0010341261633919352
2024-11-06,9640,9730,9490,9500,6322,-0.0165631469979296
2024-11-07,9540,9550,9370,9510,1589,0.001052631578947416
2024-11-08,9520,9530,9360,9460,4510,-0.00525762355415349
2024-11-11,9460,9550,9330,9550,6130,0.009513742071881603
2024-11-12,9500,9530,9300,9500,13396,-0.005235602094240788
2024-11-13,9460,9680,9210,9670,24269,0.017894736842105186
2024-11-14,9550,9620,9400,9600,2678,-0.007238883143743546
2024-11-15,9540,9650,9230,9510,12303,-0.009375000000000022
2024-11-18,9420,9680,9350,9500,7175,-0.001051524710830698
2024-11-19,9490,9990,9330,9910,34400,0.04315789473684206
2024-11-20,9800,9800,9620,9750,5299,-0.016145307769929396
2024-11-21,9740,9950,9630,9770,5330,0.002051282051282133
2024-11-22,9770,9800,9690,9750,2786,-0.0020470829068577334
2024-11-25,9700,9750,9670,9710,6427,-0.004102564102564155
2024-11-26,9710,9720,9590,9670,746,-0.004119464469618972
2024-11-27,9660,9660,9590,9610,1636,-0.006204756980351611
2024-11-28,9510,9700,9510,9600,2366,-0.0010405827263267886
2024-11-29,9600,9630,9450,9610,2794,0.0010416666666666075
2024-12-02,9550,9640,9440,9630,7543,0.0020811654526535772
2024-12-03,9620,9740,9440,9690,10026,0.006230529595015577
2024-12-04,9630,9690,9470,9620,2229,-0.007223942208462342
2024-12-05,9620,9630,9390,9570,6660,-0.00519750519750517
2024-12-06,9560,9560,9400,9540,1848,-0.0031347962382445305
2024-12-09,9500,9770,9290,9670,12927,0.013626834381551323
2024-12-10,9650,9800,9520,9730,7934,0.006204756980351611
2024-12-11,9720,9810,9650,9800,4068,0.007194244604316502
2024-12-12,9700,9800,9630,9630,3870,-0.01734693877551019
2024-12-13,9630,9670,9600,9640,4307,0.0010384215991692258
2024-12-16,9640,9680,9550,9650,3178,0.0010373443983402453
2024-12-17,9690,9690,9590,9650,2470,0.0
2024-12-18,9510,9690,9510,9690,5061,0.004145077720207224
2024-12-19,9610,9770,9600,9740,2356,0.005159958720330149
2024-12-20,9740,9790,9700,9770,1254,0.0030800821355236874
2024-12-23,9770,9770,9700,9750,1324,-0.0020470829068577334
2024-12-24,9740,9770,9600,9760,1114,0.0010256410256410664
2024-12-26,9780,9900,9400,9730,4593,-0.0030737704918032405
2024-12-27,9730,9900,9450,9860,4174,0.013360739979445091
2024-12-30,9860,10100,9750,10090,8122,0.0233265720081135
2025-01-02,9990,10030,9780,9960,2358,-0.012884043607532258
2025-01-03,9870,9960,9800,9900,2817,-0.0060240963855421326
2025-01-06,9910,10070,9860,9920,2158,0.002020202020202033
2025-01-07,9950,9960,9900,9940,1349,0.002016129032258007
2025-01-08,9940,9950,9610,9870,5485,-0.007042253521126751
2025-01-09,9870,9970,9780,9950,1892,0.008105369807497542
2025-01-10,9950,9950,9810,9950,2336,0.0
2025-01-13,9820,9940,9820,9900,3850,-0.005025125628140725
2025-01-14,9900,10010,9810,9990,4082,0.009090909090909038
2025-01-15,10000,10010,9880,9900,5427,-0.009009009009009028
2025-01-16,9990,10200,9930,10190,66094,0.02929292929292937
2025-01-17,10160,10190,10010,10050,8708,-0.013738959764474923
2025-01-20,10050,10150,9970,10130,3525,0.007960199004975133
2025-01-21,10130,10230,9950,10170,9973,0.003948667324777944
2025-01-22,10120,10280,9990,10140,28274,-0.002949852507374673
2025-01-23,10150,10150,10000,10140,2920,0.0
2025-01-24,10140,10400,10020,10400,19103,0.02564102564102555
2025-01-31,10370,10370,10250,10330,1266,-0.006730769230769207
2025-02-03,10230,10250,10010,10110,2972,-0.021297192642787954
2025-02-04,10110,10200,10100,10150,3069,0.003956478733926794
2025-02-05,10150,10220,10010,10090,2447,-0.005911330049261032
2025-02-06,10090,10160,9960,10160,80339,0.0069375619425173785
2025-02-07,10160,10220,10040,10150,24349,-0.0009842519685039353
2025-02-10,10160,10180,9950,10100,67680,-0.0049261083743842304
2025-02-11,10100,10100,10030,10050,3978,-0.004950495049504955
2025-02-12,10050,10050,10000,10050,20292,0.0
2025-02-13,10060,10060,9980,10000,2305,-0.00497512437810943
2025-02-14,10100,10110,10000,10010,2333,0.0009999999999998899
2025-02-17,10010,10090,9710,9710,10603,-0.029970029970029954
2025-02-18,9750,9980,9750,9930,4697,0.022657054582904124
2025-02-19,9910,9990,9880,9970,13241,0.004028197381671594
2025-02-20,9960,9960,9810,9930,24972,-0.004012036108325012
2025-02-21,9930,9940,9820,9900,2768,-0.0030211480362537513
2025-02-24,9900,9920,9710,9890,1403,-0.0010101010101010166
2025-02-25,9980,9980,9750,9880,7663,-0.0010111223458038054
2025-02-26,9850,10470,9700,10440,25529,0.05668016194331993
2025-02-27,10350,10440,10230,10310,3858,-0.01245210727969348
2025-02-28,10270,10290,9700,9940,12774,-0.03588748787584872
2025-03-04,9940,10000,9700,9980,3841,0.004024144869215318
2025-03-05,9950,10450,9920,10250,9143,0.027054108216432837
2025-03-06,10140,10230,9850,9950,12366,-0.029268292682926855
2025-03-07,9900,10020,9900,9950,2258,0.0
2025-03-10,9960,10080,9950,9990,4284,0.004020100502512669
2025-03-11,9950,9990,9830,9980,2021,-0.0010010010010009784
2025-03-12,9950,9990,9930,9980,1811,0.0
2025-03-13,9900,10100,9900,10090,2560,0.011022044088176308
2025-03-14,10050,10050,9960,10010,2366,-0.007928642220019877
2025-03-17,9930,10020,9770,9770,8125,-0.02397602397602394
2025-03-18,9800,9850,9700,9800,5199,0.003070624360286489
2025-03-19,9850,9850,9120,9400,35951,-0.04081632653061229
2025-03-20,9450,9940,9420,9810,14519,0.043617021276595835
2025-03-21,9810,9810,9710,9740,3541,-0.007135575942915362
2025-03-24,9740,9900,9660,9850,23257,0.011293634496919891
2025-03-25,9750,9840,9610,9750,7593,-0.010152284263959421
2025-03-26,9820,9820,9600,9690,1479,-0.006153846153846176
2025-03-27,9780,9780,9630,9700,14496,0.0010319917440659854
2025-03-28,9700,9700,9600,9700,3050,0.0
2025-03-31,9800,9880,9530,9770,4945,0.007216494845360799
2025-04-01,9680,9780,9660,9670,1688,-0.010235414534288667
2025-04-02,9800,9920,9600,9720,2902,0.005170630816959676
2025-04-03,9780,9800,9510,9750,8191,0.0030864197530864335
2025-04-04,9870,9870,9550,9780,2180,0.003076923076922977
2025-04-07,9460,9770,9390,9660,6938,-0.012269938650306789
2025-04-08,9680,9740,9480,9710,7320,0.005175983436852993
2025-04-09,9660,9780,9320,9710,9091,0.0
2025-04-10,9880,9880,9680,9770,8853,0.006179196704428458
2025-04-11,9770,9850,9440,9800,28637,0.003070624360286489
2025-04-14,9700,9810,9700,9760,3636,-0.004081632653061273
2025-04-15,9790,9790,9700,9710,2433,-0.0051229508196721785
2025-04-16,9800,9800,9560,9720,3017,0.001029866117404632
2025-04-17,9690,9730,9550,9730,3931,0.0010288065843622185
2025-04-18,9760,9840,9700,9800,6702,0.007194244604316502
2025-04-21,9840,9840,9790,9800,947,0.0
2025-04-22,9830,9830,9750,9800,1151,0.0
2025-04-23,9800,9820,9760,9810,13093,0.0010204081632652073
2025-04-24,9830,9830,9660,9810,9576,0.0
2025-04-25,9820,9830,9400,9800,14822,-0.0010193679918450993
2025-04-28,9790,9960,9620,9950,25614,0.015306122448979664
2025-04-29,9900,9960,9860,9960,999,0.0010050251256281673
2025-04-30,9960,9960,9800,9880,3686,-0.008032128514056214
2025-05-02,9870,9920,9740,9860,34624,-0.002024291497975672
2025-05-07,9860,9860,9800,9850,13115,-0.0010141987829614951
2025-05-08,9860,9980,9750,9800,10597,-0.005076142131979711
2025-05-09,9820,9870,9750,9800,4823,0.0
2025-05-12,9730,9850,9660,9780,5830,-0.0020408163265306367
2025-05-13,9800,10100,9710,9990,16401,0.021472392638036908
2025-05-14,9990,10080,9880,10000,2647,0.0010010010010010895
2025-05-15,9910,9990,9880,9930,1373,-0.007000000000000006
2025-05-16,9840,9940,9840,9900,636,-0.0030211480362537513
2025-05-19,9800,9900,9760,9800,3150,-0.010101010101010055
2025-05-20,9730,9950,9730,9850,3096,0.005102040816326481
2025-05-21,9800,9900,9700,9800,5625,-0.005076142131979711
2025-05-22,9800,9840,9550,9550,27935,-0.025510204081632626
2025-05-23,9700,9800,9640,9700,6119,0.015706806282722585
2025-05-26,9610,9750,9540,9670,11934,-0.003092783505154628
2025-05-27,9600,9780,9590,9750,11853,0.008273009307135482
2025-05-28,9680,9840,9680,9790,8785,0.004102564102564044
2025-05-29,9750,9790,9740,9790,1135,0.0
2025-05-30,9950,10000,9730,9900,8724,0.011235955056179803
2025-06-02,9810,10000,9720,9900,4232,0.0
2025-06-04,9810,10050,9810,9950,12440,0.005050505050504972
2025-06-05,9950,10100,9910,9940,14741,-0.0010050251256281673
2025-06-09,9940,10000,9820,9940,12583,0.0
2025-06-10,9950,9950,9680,9950,15366,0.001006036217303885
2025-06-11,9950,9970,9850,9890,6020,-0.0060301507537688925
2025-06-12,9890,9900,9700,9700,14484,-0.01921132457027297
2025-06-13,9800,9810,9640,9760,2823,0.006185567010309256
2025-06-16,9810,9810,9670,9710,24836,-0.0051229508196721785
2025-06-17,9790,9980,9690,9960,16059,0.025746652935118464
2025-06-18,9960,9980,9850,9960,16475,0.0
2025-06-19,9960,9990,9890,9950,4266,-0.0010040160642570406
2025-06-20,9980,9980,9870,9970,4379,0.0020100502512563345
2025-06-23,9970,9970,9820,9870,4379,-0.010030090270812475
2025-06-24,9820,9940,9750,9890,10583,0.0020263424518742745
2025-06-25,9920,9920,9810,9870,11123,-0.002022244691607722
2025-06-26,9890,9890,9620,9800,3853,-0.007092198581560294
2025-06-27,9800,9940,9750,9800,5399,0.0
2025-06-30,9880,9880,9610,9820,3741,0.0020408163265306367
2025-07-01,9750,9860,9730,9840,11049,0.0020366598778003286
2025-07-02,9880,9880,9730,9790,2901,-0.005081300813008172
2025-07-03,9900,9910,9730,9820,3478,0.003064351378958108
2025-07-04,9820,9820,9740,9770,1613,-0.005091649694501044
2025-07-07,9770,9870,9650,9840,54285,0.007164790174001956
2025-07-08,9910,9910,9740,9810,2997,-0.0030487804878048808
2025-07-09,9820,9850,9770,9820,3705,0.0010193679918450993
2025-07-10,9820,9880,9700,9840,4229,0.0020366598778003286
2025-07-11,9840,9840,9710,9780,18638,-0.0060975609756097615
2025-07-14,9780,9850,9250,9630,117819,-0.015337423312883458
2025-07-15,9630,9840,9510,9830,23074,0.020768431983385183
2025-07-16,9830,9880,9700,9870,12028,0.004069175991861629
2025-07-17,9860,9930,9730,9900,38488,0.003039513677811634
2025-07-18,9900,10020,9790,9960,9445,0.0060606060606061
2025-07-21,9900,9950,9860,9900,16259,-0.0060240963855421326
2025-07-22,9900,9980,9720,9750,6854,-0.015151515151515138
2025-07-23,9800,9850,9650,9850,6438,0.01025641025641022
2025-07-24,9850,9850,9740,9850,1645,0.0
2025-07-25,9770,9920,9720,9920,64278,0.007106598984771617
2025-07-28,9920,9950,9750,9900,6514,-0.0020161290322581182
2025-07-29,9900,10200,9790,10180,31289,0.028282828282828243
2025-07-30,10180,10200,9990,10040,9733,-0.013752455795677854
2025-07-31,10050,10080,9920,10050,6768,0.0009960159362549792
2025-08-01,9960,10250,9805,10180,12521,0.012935323383084674
2025-08-04,10180,10180,10010,10140,7513,-0.003929273084479323
2025-08-05,10140,10140,9990,10000,3348,-0.013806706114398382
2025-08-06,10000,10170,9850,10140,15139,0.014000000000000012
2025-08-07,10150,10150,10040,10120,3661,-0.0019723865877712132
2025-08-08,10110,10180,9990,10020,4808,-0.00988142292490124
2025-08-11,10020,10150,10020,10090,4211,0.00698602794411185
2025-08-12,10110,10110,9960,10090,9839,0.0
2025-08-13,10100,10130,9990,10070,4586,-0.001982160555004997
2025-08-14,10090,10090,9940,10000,8944,-0.006951340615690138
2025-08-18,10060,10090,9930,10000,5111,0.0
2025-08-19,9910,10040,9910,9980,7862,-0.0020000000000000018
2025-08-20,9900,10020,9550,9990,145388,0.0010020040080160886
2025-08-21,9990,10110,9930,10000,14234,0.0010010010010010895
2025-08-22,10000,10020,9910,9940,9179,-0.006000000000000005
2025-08-25,10000,10000,9710,9900,12141,-0.004024144869215318
2025-08-26,9900,9940,9830,9900,3205,0.0
2025-08-27,9900,9970,9800,9910,185999,0.0010101010101009056
2025-08-28,9910,10040,9760,10040,86119,0.013118062563067578
2025-08-29,10000,10150,9930,10020,30278,-0.0019920318725099584
2025-09-01,10020,10070,9870,10070,146567,0.004990019960079861
2025-09-02,10080,10220,10025,10190,116362,0.011916583912611634
2025-09-03,10200,10230,10030,10160,32013,-0.0029440628066732533
2025-09-04,10130,10220,10050,10120,98686,-0.003937007874015741
2025-09-05,10120,10280,10090,10190,17820,0.006916996047430901
2025-09-08,10210,10250,10140,10190,14804,0.0
2025-09-09,10220,10300,10140,10270,29805,0.007850834151128527
2025-09-10,10270,10300,10150,10250,35518,-0.0019474196689386325
2025-09-11,10280,10330,10180,10240,5163,-0.0009756097560975618
2025-09-12,10280,10280,10110,10230,59862,-0.0009765625
2025-09-15,10230,10280,10110,10200,48625,-0.0029325513196480912
2025-09-16,10200,10270,10120,10200,47687,0.0
2025-09-17,10150,10350,10150,10220,122214,0.0019607843137254832
2025-09-18,10220,10820,10190,10790,135157,0.05577299412915848
2025-09-19,10790,10820,10500,10720,20889,-0.006487488415199305
2025-09-22,10720,10720,10460,10580,13457,-0.013059701492537323
2025-09-23,10580,10690,10480,10670,11630,0.008506616257088817
2025-09-24,10670,10850,10550,10840,38101,0.015932521087160367
2025-09-25,10840,10840,10610,10610,17023,-0.02121771217712176
2025-09-26,10610,10850,10590,10700,28135,0.008482563619227168
2025-09-29,10700,10700,10580,10610,7367,-0.008411214953271018
2025-09-30,10690,10750,10400,10700,87825,0.008482563619227168
2025-10-01,10700,10780,10550,10730,13840,0.002803738317757043
2025-10-02,10770,10800,10630,10790,28764,0.005591798695246952
2025-10-10,10790,11420,10680,10820,143791,0.002780352177942591
2025-10-13,10820,11410,10820,11410,61057,0.054528650646950005
2025-10-14,11410,11420,11280,11400,22837,-0.0008764241893076674
2025-10-15,11370,11420,11200,11320,64396,-0.007017543859649145
2025-10-16,11400,11650,11330,11650,32962,0.02915194346289751
2025-10-17,11650,11650,11200,11300,23791,-0.030042918454935674
2025-10-20,11300,11640,10920,11640,50472,0.030088495575221197
2025-10-21,11560,11630,11360,11470,17587,-0.014604810996563522
2025-10-22,11470,11470,11300,11390,7077,-0.006974716652136004
2025-10-23,11390,11390,11200,11340,10231,-0.004389815627743654
2025-10-24,11210,11300,11090,11090,19859,-0.022045855379188684
2025-10-27,11090,11160,10790,10860,33700,-0.020739404869251632
