Date,Open,High,Low,Close,Volume,Change
2022-01-03,49400,51300,47800,47800,34604,-0.03238866396761131
2022-01-04,47800,48950,47750,47800,152456,0.0
2022-01-05,47400,48400,47300,48400,6563,0.012552301255230214
2022-01-06,47850,48350,47800,48000,56431,-0.008264462809917328
2022-01-07,47350,48450,47350,47800,637,-0.004166666666666652
2022-01-10,47700,48100,47500,47950,627,0.003138075313807498
2022-01-11,48400,48400,47800,47800,5329,-0.0031282586027111536
2022-01-12,47500,48250,47500,47850,61677,0.0010460251046024993
2022-01-13,48100,48150,47800,47950,2189,0.002089864158829613
2022-01-14,47950,48450,47750,48250,1039,0.006256517205422307
2022-01-17,47800,48150,47800,48100,223,-0.0031088082901554737
2022-01-18,48000,48350,48000,48300,1970,0.004158004158004047
2022-01-19,48000,50000,48000,48900,18224,0.012422360248447228
2022-01-20,50900,50900,48250,48550,443,-0.007157464212678932
2022-01-21,48950,48950,48600,48900,256,0.00720906282183309
2022-01-24,48850,48850,48350,48700,927,-0.004089979550102263
2022-01-25,48500,48500,48000,48350,2899,-0.007186858316221789
2022-01-26,48300,48900,48000,48400,305,0.0010341261633919352
2022-01-27,48050,48500,47700,47700,5657,-0.01446280991735538
2022-01-28,48900,49000,47900,48250,2894,0.011530398322851187
2022-02-03,50400,50400,48100,48300,477,0.0010362694300518616
2022-02-04,49300,49300,48150,48600,362,0.006211180124223503
2022-02-07,48600,48800,48100,48750,453,0.0030864197530864335
2022-02-08,48600,48700,48000,48000,1451,-0.01538461538461533
2022-02-09,48000,48450,47950,48000,5399,0.0
2022-02-10,48050,48250,48000,48150,2187,0.0031250000000000444
2022-02-11,48050,48600,48050,48050,1867,-0.0020768431983385627
2022-02-14,48000,49750,47900,49750,52570,0.03537981269510926
2022-02-15,49750,50300,49150,50000,3273,0.005025125628140614
2022-02-16,53000,53000,49350,51000,1197,0.020000000000000018
2022-02-17,52600,52600,50400,51000,493,0.0
2022-02-18,51400,51400,50200,50500,316,-0.009803921568627416
2022-02-21,50500,50500,49750,49850,1980,-0.012871287128712883
2022-02-22,49800,50200,49100,49100,21454,-0.015045135406218657
2022-02-23,49000,50600,49000,50300,7278,0.024439918533604832
2022-02-24,50300,50600,49750,50100,495,-0.003976143141153132
2022-02-25,49600,50000,49350,49400,2176,-0.013972055888223589
2022-02-28,49450,49600,49350,49600,1695,0.004048582995951344
2022-03-02,49600,50400,49550,49700,275,0.002016129032258007
2022-03-03,49700,52200,49650,52100,2812,0.048289738430583595
2022-03-04,52100,52500,51200,52400,1327,0.0057581573896352545
2022-03-07,52400,52400,51300,51600,2337,-0.01526717557251911
2022-03-08,51600,51600,50200,50600,1393,-0.019379844961240345
2022-03-10,50600,51500,50600,51300,1880,0.01383399209486158
2022-03-11,51300,57600,49550,51200,29441,-0.0019493177387914784
2022-03-14,50900,50900,50200,50200,3112,-0.01953125
2022-03-15,50200,50800,49700,50300,2414,0.0019920318725099584
2022-03-16,51800,51800,50300,50500,1613,0.003976143141153132
2022-03-17,50500,50800,50000,50300,850,-0.003960396039603964
2022-03-18,50400,50500,50000,50500,1193,0.003976143141153132
2022-03-21,50600,51000,50600,51000,715,0.00990099009900991
2022-03-22,51100,52300,50100,51700,2108,0.013725490196078383
2022-03-23,51700,53200,51500,53100,3539,0.027079303675048294
2022-03-24,52900,53400,51500,52000,2187,-0.020715630885122405
2022-03-25,52000,52400,50900,51000,1516,-0.019230769230769273
2022-03-28,51000,51000,49800,50200,3880,-0.015686274509803977
2022-03-29,50200,51200,50000,51000,2200,0.015936254980079667
2022-03-30,51000,51000,50000,50000,659,-0.019607843137254943
2022-03-31,50100,50300,49900,50000,1739,0.0
2022-04-01,50000,51600,50000,50400,1493,0.008000000000000007
2022-04-04,50400,51000,50100,50400,840,0.0
2022-04-05,50400,50700,50200,50600,486,0.003968253968253954
2022-04-06,50500,51000,50000,50700,1225,0.0019762845849802257
2022-04-07,50600,50700,50000,50600,1240,-0.0019723865877712132
2022-04-08,50300,50500,50100,50300,1851,-0.005928853754940677
2022-04-11,50300,50700,49750,50200,2326,-0.001988071570576566
2022-04-12,50200,50400,50200,50200,323,0.0
2022-04-13,50200,50400,50200,50400,535,0.003984063745019917
2022-04-14,50300,50300,50000,50200,1490,-0.003968253968253954
2022-04-15,50400,50400,50000,50000,829,-0.003984063745019917
2022-04-18,50100,50600,50000,50000,2093,0.0
2022-04-19,50500,51000,50400,51000,4388,0.020000000000000018
2022-04-20,50800,51200,49000,50000,3042,-0.019607843137254943
2022-04-21,50000,50700,50000,50400,1323,0.008000000000000007
2022-04-22,50300,50500,50000,50400,3852,0.0
2022-04-25,50400,50400,50000,50200,2514,-0.003968253968253954
2022-04-26,50200,50400,49900,50100,3342,-0.0019920318725099584
2022-04-27,50000,50000,49200,49850,4566,-0.004990019960079861
2022-04-28,50400,50400,49400,49850,14491,0.0
2022-04-29,49600,49900,49400,49750,1198,-0.0020060180541624506
2022-05-02,49750,49750,49500,49650,771,-0.0020100502512563345
2022-05-03,49650,50700,49650,49900,729,0.0050352467270895485
2022-05-04,49650,50000,49650,49900,755,0.0
2022-05-06,49400,49600,48350,49150,9426,-0.01503006012024044
2022-05-09,49050,49050,47950,48950,10181,-0.004069175991861629
2022-05-10,48950,48950,47250,48200,4981,-0.01532175689479065
2022-05-11,48850,48850,48150,48400,133,0.004149377593360981
2022-05-12,48400,48550,47100,48350,6803,-0.0010330578512396382
2022-05-13,47950,48300,47550,48300,413,-0.0010341261633919352
2022-05-16,47600,48300,47600,48300,188,0.0
2022-05-17,48100,48100,47600,48000,323,-0.006211180124223614
2022-05-18,47900,47900,46900,47500,5285,-0.01041666666666663
2022-05-19,47400,47500,46000,47500,9739,0.0
2022-05-20,47550,47550,46400,47500,5278,0.0
2022-05-23,47550,48000,47100,47500,984,0.0
2022-05-24,47550,47550,46850,46900,18584,-0.012631578947368438
2022-05-25,46900,48000,46750,48000,9480,0.023454157782516027
2022-05-26,47400,48000,47400,48000,4123,0.0
2022-05-27,48000,48000,47300,48000,2661,0.0
2022-05-30,47950,48200,47550,47950,7098,-0.0010416666666667185
2022-05-31,47950,47950,47300,47950,3852,0.0
2022-06-02,47750,48000,47350,48000,4824,0.0010427528675704956
2022-06-03,47550,48200,47550,47900,1555,-0.002083333333333326
2022-06-07,47500,47850,47000,47850,4270,-0.0010438413361169019
2022-06-08,47400,48050,47400,48000,119,0.0031347962382444194
2022-06-09,48000,48000,47450,47650,3431,-0.007291666666666696
2022-06-10,47700,47700,47300,47650,1209,0.0
2022-06-13,47300,52000,46400,47500,23965,-0.0031479538300105414
2022-06-14,47000,47200,44150,46450,8042,-0.02210526315789474
2022-06-15,45950,47650,44900,47650,8175,0.02583423035522059
2022-06-16,47750,47750,46950,47600,3913,-0.0010493179433368471
2022-06-17,46050,47600,46000,47600,3005,0.0
2022-06-20,47600,48500,45450,48500,4705,0.018907563025210017
2022-06-21,48000,48550,47400,48550,7754,0.0010309278350515427
2022-06-22,48200,48950,47350,48500,843,-0.001029866117404743
2022-06-23,48450,48450,46150,48000,10321,-0.010309278350515427
2022-06-24,47550,48250,47050,48250,11568,0.005208333333333259
2022-06-27,48450,48650,48150,48550,277,0.006217616580310947
2022-06-28,48550,49550,48100,49500,1795,0.019567456230690006
2022-06-29,49700,49700,48750,49250,35686,-0.005050505050505083
2022-06-30,49000,49300,48750,49250,7900,0.0
2022-07-01,48800,49250,48550,49250,2423,0.0
2022-07-04,49300,49800,48750,49800,30667,0.01116751269035543
2022-07-05,48200,49850,48200,49750,25331,-0.0010040160642570406
2022-07-06,49300,49800,48950,49800,840,0.0010050251256281673
2022-07-07,49250,49750,49200,49550,2728,-0.005020080321285092
2022-07-08,49550,49700,49050,49700,2335,0.003027245206861817
2022-07-11,49500,49500,48950,49400,2896,-0.006036217303822977
2022-07-12,48800,49500,48700,49350,5884,-0.0010121457489878916
2022-07-13,49600,49600,48750,49350,5746,0.0
2022-07-14,49250,49400,48900,49200,3502,-0.003039513677811523
2022-07-15,48750,49150,48000,49150,45220,-0.00101626016260159
2022-07-18,48850,49600,48850,49450,2318,0.006103763987792554
2022-07-19,49150,49900,49050,49900,1437,0.009100101112234471
2022-07-20,49450,50000,49250,50000,18173,0.002004008016031955
2022-07-21,49600,50400,49600,50000,34871,0.0
2022-07-22,50000,50500,49750,49950,23960,-0.0010000000000000009
2022-07-25,50200,51800,49850,50100,12030,0.0030030030030030463
2022-07-26,50700,51600,50100,50300,14091,0.003992015968063978
2022-07-27,50300,50500,49900,50200,3484,-0.001988071570576566
2022-07-28,50100,50100,47800,48000,230822,-0.043824701195219085
2022-07-29,48000,49450,48000,49000,13648,0.02083333333333326
2022-08-01,48500,49950,48400,49950,18755,0.019387755102040716
2022-08-02,49950,50900,49700,50900,3583,0.019019019019018923
2022-08-03,50500,51000,49900,50900,2197,0.0
2022-08-04,50900,51600,50600,50800,604,-0.0019646365422396617
2022-08-05,50800,51400,50600,51400,15277,0.011811023622047223
2022-08-08,50900,51500,50800,51300,1795,-0.0019455252918287869
2022-08-09,50600,52200,50600,52100,10952,0.015594541910331383
2022-08-10,51700,52700,51700,52100,467,0.0
2022-08-11,51700,52700,51300,51900,857,-0.0038387715930902067
2022-08-12,51400,52100,51200,51200,2158,-0.013487475915221592
2022-08-16,50800,51500,50700,51400,1424,0.00390625
2022-08-17,51800,51800,51000,51600,292,0.0038910505836575737
2022-08-18,51300,51900,51200,51900,479,0.005813953488372103
2022-08-19,52200,52700,51300,51700,473,-0.003853564547206201
2022-08-22,51700,51700,51100,51100,1165,-0.011605415860735047
2022-08-23,51100,51300,50300,51100,3675,0.0
2022-08-24,51100,51100,50500,51000,6049,-0.00195694716242667
2022-08-25,50900,51300,50600,51100,4261,0.0019607843137254832
2022-08-26,51100,51400,50800,51200,1249,0.001956947162426559
2022-08-29,50800,51200,50600,51200,5651,0.0
2022-08-30,51000,51200,50800,51000,2724,-0.00390625
2022-08-31,50700,51200,50700,50900,2000,-0.0019607843137254832
2022-09-01,50600,51000,50600,51000,1247,0.0019646365422396617
2022-09-02,51000,51000,50500,51000,2664,0.0
2022-09-05,50500,50800,50400,50700,2164,-0.00588235294117645
2022-09-06,50700,51000,50500,50800,3809,0.0019723865877712132
2022-09-07,50900,50900,50600,50800,1163,0.0
2022-09-08,50800,50800,50600,50800,1490,0.0
2022-09-13,50800,50800,50600,50700,1308,-0.0019685039370078705
2022-09-14,50300,50600,49800,50600,4360,-0.0019723865877712132
2022-09-15,50400,50600,50400,50600,619,0.0
2022-09-16,50600,50600,50300,50500,1408,-0.0019762845849802257
2022-09-19,50100,50400,50100,50400,779,-0.001980198019801982
2022-09-20,50200,50500,50200,50400,1689,0.0
2022-09-21,50300,50500,50200,50300,1588,-0.001984126984126977
2022-09-22,50300,50400,50200,50300,2140,0.0
2022-09-23,50300,50400,50300,50300,369,0.0
2022-09-26,50200,50300,49500,50300,12974,0.0
2022-09-27,50100,50300,49750,50200,1850,-0.001988071570576566
2022-09-28,49850,51200,49700,51200,31765,0.019920318725099584
2022-09-29,51000,51000,50200,50200,1586,-0.01953125
2022-09-30,49700,50900,49700,50000,8408,-0.003984063745019917
2022-10-04,49950,51400,49800,51000,5756,0.020000000000000018
2022-10-05,51000,51000,50000,50900,2523,-0.0019607843137254832
2022-10-06,50900,52800,50500,52800,7229,0.037328094302554016
2022-10-07,52800,52800,52000,52600,16245,-0.0037878787878787845
2022-10-11,52600,52600,51100,51400,4996,-0.02281368821292773
2022-10-12,51200,52000,51000,51500,7555,0.0019455252918287869
2022-10-13,51500,52000,51500,51600,157,0.001941747572815622
2022-10-14,52000,52000,51200,51200,8641,-0.007751937984496138
2022-10-17,51700,51700,51100,51100,959,-0.001953125
2022-10-18,51400,51600,51100,51500,6181,0.007827788649706457
2022-10-19,52100,52100,51200,51800,350,0.005825242718446644
2022-10-20,51900,51900,51200,51400,482,-0.007722007722007707
2022-10-21,51400,51400,51100,51300,804,-0.0019455252918287869
2022-10-24,51300,51900,51000,51300,1213,0.0
2022-10-25,51300,51300,51000,51200,991,-0.0019493177387914784
2022-10-26,51200,51200,50900,50900,1271,-0.005859375
2022-10-27,50900,51000,50900,51000,437,0.0019646365422396617
2022-10-28,51300,51300,50900,51000,1439,0.0
2022-10-31,51000,51100,50900,50900,1324,-0.0019607843137254832
2022-11-01,51800,51800,50800,50800,85,-0.0019646365422396617
2022-11-02,50600,51100,50300,50700,13770,-0.0019685039370078705
2022-11-03,50700,51000,50600,50900,11443,0.0039447731755424265
2022-11-04,51000,51000,50600,51000,414,0.0019646365422396617
2022-11-07,50700,51200,50700,50800,1462,-0.0039215686274509665
2022-11-08,51600,51600,50300,51400,3378,0.011811023622047223
2022-11-09,51200,51200,50800,50800,1275,-0.011673151750972721
2022-11-10,51000,51500,50600,51500,628,0.013779527559055094
2022-11-11,51900,51900,50800,51200,1024,-0.005825242718446644
2022-11-14,50900,51100,50600,50900,1347,-0.005859375
2022-11-15,50600,51000,50600,50900,2126,0.0
2022-11-16,50900,50900,50700,50900,676,0.0
2022-11-17,51000,51500,51000,51300,392,0.007858546168958647
2022-11-18,51000,51200,50700,51000,1451,-0.005847953216374324
2022-11-21,51000,51000,50700,51000,561,0.0
2022-11-22,51000,51200,50900,51000,869,0.0
2022-11-23,50800,51300,50800,51000,493,0.0
2022-11-24,51000,52000,50900,51000,1970,0.0
2022-11-25,50600,51100,50600,51000,1685,0.0
2022-11-28,51000,51500,50800,51200,2549,0.0039215686274509665
2022-11-29,52100,52200,50800,51000,1268,-0.00390625
2022-11-30,51000,51100,50800,51000,1294,0.0
2022-12-01,50900,51000,50800,51000,1403,0.0
2022-12-02,50900,51000,50800,51000,1054,0.0
2022-12-05,51500,51500,51000,51000,2588,0.0
2022-12-06,50800,51000,50800,51000,450,0.0
2022-12-07,50800,51000,50500,51000,1937,0.0
2022-12-08,51000,51000,50800,51000,225,0.0
2022-12-09,51500,51500,50800,51000,10303,0.0
2022-12-12,52000,52000,50900,51000,16146,0.0
2022-12-13,51000,51100,50700,50900,649,-0.0019607843137254832
2022-12-14,51700,51700,50800,51000,720,0.0019646365422396617
2022-12-15,51300,51600,50800,51000,366,0.0
2022-12-16,50800,51000,49700,50000,8099,-0.019607843137254943
2022-12-19,50000,51900,49350,51800,8876,0.03600000000000003
2022-12-20,51900,51900,50100,51300,3614,-0.009652509652509633
2022-12-21,51000,51300,50600,51300,4712,0.0
2022-12-22,51000,51300,50700,50900,6143,-0.007797270955165692
2022-12-23,50900,51500,50000,51400,17705,0.00982318271119853
2022-12-26,51000,52000,50700,51700,49037,0.005836575875486361
2022-12-27,51500,51500,51000,51400,35603,-0.005802707930367523
2022-12-28,50800,51400,50800,51400,1646,0.0
2022-12-29,51200,52400,50800,51400,6009,0.0
2023-01-02,51400,51900,50900,51400,22320,0.0
2023-01-03,51200,51400,50900,51400,15520,0.0
2023-01-04,52400,52400,51200,51400,3845,0.0
2023-01-05,51700,51800,51300,51500,3538,0.0019455252918287869
2023-01-06,51400,51500,51200,51500,6929,0.0
2023-01-09,51300,51800,51300,51600,11261,0.001941747572815622
2023-01-10,51300,51600,51300,51600,9974,0.0
2023-01-11,51800,52100,51700,51900,12564,0.005813953488372103
2023-01-12,51500,52100,51500,51800,4028,-0.0019267822736031004
2023-01-13,51800,51900,51700,51800,2898,0.0
2023-01-16,52200,52200,51400,51800,2720,0.0
2023-01-17,51800,52400,51700,52400,1304,0.01158301158301156
2023-01-18,52400,52500,52000,52400,17399,0.0
2023-01-19,52800,52800,51600,52400,175,0.0
2023-01-20,52100,52500,52100,52400,19807,0.0
2023-01-25,52400,52500,52000,52300,715,-0.001908396946564861
2023-01-26,52300,52300,52000,52200,406,-0.0019120458891013214
2023-01-27,52500,52500,52100,52200,161,0.0
2023-01-30,52100,52200,51700,52200,3179,0.0
2023-01-31,52500,52500,51800,52200,336,0.0
2023-02-01,52200,52300,52000,52200,132,0.0
2023-02-02,52200,52300,51800,52200,1139,0.0
2023-02-03,51800,52400,51400,52200,14543,0.0
2023-02-06,52500,52500,51800,52500,5883,0.005747126436781658
2023-02-07,52500,52500,52000,52300,7237,-0.003809523809523818
2023-02-08,52300,53100,52100,53000,14003,0.013384321223709472
2023-02-09,52500,52800,52100,52300,2526,-0.013207547169811318
2023-02-10,52300,52300,51900,52300,1420,0.0
2023-02-13,52100,52200,52000,52200,9330,-0.0019120458891013214
2023-02-14,52200,52400,52000,52300,264,0.0019157088122605526
2023-02-15,52300,52300,51900,52200,4141,-0.0019120458891013214
2023-02-16,52000,52400,51900,52100,2425,-0.0019157088122605526
2023-02-17,52100,52500,51700,52500,7102,0.007677543186180413
2023-02-20,52300,52500,52000,52100,15004,-0.007619047619047636
2023-02-21,52100,52500,51900,52100,6861,0.0
2023-02-22,52100,52400,51900,52100,6916,0.0
2023-02-23,52000,52000,51900,51900,4745,-0.0038387715930902067
2023-02-24,51900,52100,51500,51800,17033,-0.0019267822736031004
2023-02-27,51600,52200,51600,51900,22939,0.0019305019305020377
2023-02-28,52800,52800,51400,52500,14096,0.011560693641618602
2023-03-02,52000,52800,51900,52400,21931,-0.0019047619047618536
2023-03-03,52200,52500,52000,52400,1475,0.0
2023-03-06,52200,53600,52100,52400,2011,0.0
2023-03-07,52400,53600,52100,52800,7709,0.007633587786259444
2023-03-08,53400,54000,52900,54000,7504,0.022727272727272707
2023-03-09,53800,54500,53400,54000,609,0.0
2023-03-10,53600,54000,53400,54000,4038,0.0
2023-03-13,53400,54000,53300,53900,5169,-0.0018518518518518823
2023-03-14,53400,53700,53200,53300,1526,-0.011131725417439675
2023-03-15,54100,54100,52900,53300,1979,0.0
2023-03-16,53100,53400,53100,53400,110,0.0018761726078799779
2023-03-17,53300,53900,53100,53400,141,0.0
2023-03-20,53200,53800,53100,53400,757,0.0
2023-03-21,53800,53800,53100,53300,1048,-0.0018726591760299671
2023-03-22,53100,53300,53000,53200,1972,-0.0018761726078799779
2023-03-23,53200,53400,53000,53100,2031,-0.001879699248120259
2023-03-24,53200,53200,53000,53100,413,0.0
2023-03-27,53100,53100,52900,53100,3032,0.0
2023-03-28,53400,53500,53000,53100,2743,0.0
2023-03-29,53100,53100,52900,53100,2769,0.0
2023-03-30,53000,53200,53000,53100,2028,0.0
2023-03-31,53000,53100,53000,53100,1601,0.0
2023-04-03,53300,53300,52900,53100,4143,0.0
2023-04-04,53100,53100,52900,53100,3500,0.0
2023-04-05,53100,53100,52600,52900,10141,-0.0037664783427495685
2023-04-06,52600,53500,52600,52900,2264,0.0
2023-04-07,52700,53000,52700,52900,62,0.0
2023-04-10,52900,53400,52700,52900,2341,0.0
2023-04-11,52500,52800,51900,52800,14183,-0.001890359168241984
2023-04-12,52500,52800,52400,52800,115,0.0
2023-04-13,52600,52800,52400,52800,483,0.0
2023-04-14,53400,53400,52300,52800,3108,0.0
2023-04-17,52800,53000,52500,52700,1526,-0.0018939393939394478
2023-04-18,52500,52800,52500,52700,429,0.0
2023-04-19,52700,52800,52500,52700,715,0.0
2023-04-20,52500,53200,52400,52700,3084,0.0
2023-04-21,52600,52800,52400,52700,17532,0.0
2023-04-24,52800,53000,52700,53000,555,0.005692599620493288
2023-04-25,53000,53700,52400,53400,1639,0.007547169811320753
2023-04-26,52800,53400,52700,53000,1030,-0.0074906367041198685
2023-04-27,55500,57200,52300,52900,13751,-0.0018867924528301883
2023-04-28,52500,52800,52400,52700,12256,-0.003780718336483968
2023-05-02,52700,53000,52200,52600,28310,-0.00189753320683117
2023-05-03,52800,54100,52300,52800,2257,0.0038022813688212143
2023-05-04,52500,52700,52400,52700,5878,-0.0018939393939394478
2023-05-08,52900,54000,52600,52700,504,0.0
2023-05-09,53000,53000,52500,52800,88,0.00189753320683117
2023-05-10,52900,52900,52500,52800,219,0.0
2023-05-11,52800,53000,52400,52800,1038,0.0
2023-05-12,53000,53000,52400,52700,4088,-0.0018939393939394478
2023-05-15,54000,54000,52400,52900,947,0.00379506641366234
2023-05-16,52900,53800,52400,52900,5423,0.0
2023-05-17,53700,53700,52400,52800,2582,-0.001890359168241984
2023-05-18,52800,52900,52400,52800,1478,0.0
2023-05-19,52500,53600,52500,53600,3208,0.015151515151515138
2023-05-22,53400,53800,53100,53600,2259,0.0
2023-05-23,53100,54000,52600,53000,2324,-0.011194029850746245
2023-05-24,53000,53500,52800,53500,474,0.009433962264151052
2023-05-25,53500,53500,52700,53500,2866,0.0
2023-05-26,53300,53500,52800,53200,9866,-0.005607476635513975
2023-05-30,52700,53300,52700,53200,33837,0.0
2023-05-31,52700,53500,52700,53400,31192,0.003759398496240518
2023-06-01,52800,53400,52800,53200,5070,-0.0037453183520599342
2023-06-02,53200,53400,52800,53300,9250,0.001879699248120259
2023-06-05,53300,53600,53000,53400,11370,0.0018761726078799779
2023-06-07,53200,53300,53000,53200,28355,-0.0037453183520599342
2023-06-08,54100,54100,52800,54000,17458,0.015037593984962516
2023-06-09,56300,56300,53300,54200,15538,0.0037037037037037646
2023-06-12,54200,54200,53700,54000,46681,-0.0036900369003689537
2023-06-13,54000,54800,53800,54400,44516,0.007407407407407307
2023-06-14,54500,54600,38100,38100,35358,-0.2996323529411765
2023-06-15,0,0,0,38100,0,0.0
2023-06-16,0,0,0,38100,0,0.0
2023-06-19,0,0,0,38100,0,0.0
2023-06-20,0,0,0,38100,0,0.0
2023-06-21,0,0,0,38100,0,0.0
2023-06-22,0,0,0,38100,0,0.0
2023-06-23,0,0,0,38100,0,0.0
2023-06-26,0,0,0,38100,0,0.0
2023-06-27,0,0,0,38100,0,0.0
2023-06-28,0,0,0,38100,0,0.0
2023-06-29,0,0,0,38100,0,0.0
2023-06-30,0,0,0,38100,0,0.0
2023-07-03,26700,26700,26700,26700,3450,-0.2992125984251969
2023-07-04,20000,20200,18700,18700,2026043,-0.29962546816479396
2023-07-05,17800,17870,15710,15780,1807326,-0.15614973262032084
2023-07-06,15750,15880,13650,13700,596179,-0.1318124207858048
2023-07-07,13350,14180,13170,13410,566224,-0.02116788321167884
2023-07-10,13530,13790,13100,13200,199615,-0.015659955257270708
2023-07-11,13290,13290,12720,12990,191597,-0.015909090909090873
2023-07-12,12950,13210,12840,12960,106955,-0.002309468822170868
2023-07-13,12960,13040,12800,12860,100206,-0.007716049382716084
2023-07-14,12860,12910,12290,12480,122145,-0.029548989113530322
2023-07-17,12480,12480,12200,12360,59541,-0.009615384615384581
2023-07-18,12370,12400,12070,12070,59736,-0.023462783171521062
2023-07-19,12070,12100,11400,11530,129047,-0.04473902236951122
2023-07-20,11520,11740,11280,11670,67459,0.012142237640936582
2023-07-21,11600,12000,11500,11660,45570,-0.0008568980291345785
2023-07-24,11700,11790,11100,11200,72442,-0.03945111492281306
2023-07-25,11240,11290,10690,10850,71648,-0.03125
2023-07-26,10660,10830,9990,10180,103048,-0.06175115207373272
2023-07-27,10110,10620,10080,10590,54158,0.04027504911591362
2023-07-28,10430,10890,10420,10860,34135,0.025495750708215192
2023-07-31,10980,11350,10780,11350,36411,0.045119705340699756
2023-08-01,11350,11600,11250,11350,27666,0.0
2023-08-02,11380,11490,11030,11110,18009,-0.02114537444933917
2023-08-03,11110,11170,10860,11040,19032,-0.006300630063006296
2023-08-04,11030,11140,10990,11120,15736,0.007246376811594235
2023-08-07,11900,11900,11150,11250,42807,0.011690647482014427
2023-08-08,11270,11370,10860,10980,23253,-0.02400000000000002
2023-08-09,10990,11130,10850,11060,5523,0.007285974499089187
2023-08-10,11060,11100,10810,10880,23982,-0.016274864376130238
2023-08-11,10950,10970,10800,10910,8631,0.0027573529411764053
2023-08-14,10950,10970,10620,10660,10717,-0.022914757103574712
2023-08-16,10600,10610,10230,10280,17415,-0.03564727954971858
2023-08-17,10180,10220,9970,10010,25036,-0.026264591439688734
2023-08-18,9960,10230,9910,10150,25179,0.013986013986013957
2023-08-21,10100,10230,10010,10110,31440,-0.003940886699507429
2023-08-22,10160,10270,10110,10180,20012,0.006923837784371889
2023-08-23,10310,10310,10140,10160,10371,-0.0019646365422396617
2023-08-24,10120,10290,10120,10280,10312,0.011811023622047223
2023-08-25,10280,10320,10170,10240,9929,-0.0038910505836575737
2023-08-28,10290,10290,10150,10270,6613,0.0029296875
2023-08-29,10300,10470,10200,10410,14733,0.01363193768257065
2023-08-30,10420,10550,10360,10530,7759,0.011527377521613813
2023-08-31,10600,11650,10600,10750,80460,0.02089268755935425
2023-09-01,10680,10750,10550,10740,12501,-0.0009302325581395099
2023-09-04,10750,10840,10450,10520,16968,-0.020484171322160183
2023-09-05,10530,11300,10450,10500,26297,-0.0019011406844106071
2023-09-06,10680,10680,10330,10380,11228,-0.011428571428571455
2023-09-07,10270,10380,10230,10370,12401,-0.0009633911368015502
2023-09-08,10280,10410,10230,10370,7755,0.0
2023-09-11,10410,10460,10240,10250,6287,-0.011571841851494735
2023-09-12,10350,10370,10150,10250,9175,0.0
2023-09-13,10250,10250,10130,10170,4895,-0.007804878048780495
2023-09-14,10170,10170,10100,10160,5032,-0.000983284169124854
2023-09-15,10190,10260,10110,10130,5841,-0.0029527559055118058
2023-09-18,10250,10250,10060,10130,3763,0.0
2023-09-19,10040,10100,10010,10030,5098,-0.009871668311944748
2023-09-20,10030,10040,9940,9990,9027,-0.003988035892322994
2023-09-21,9960,9960,9760,9850,14635,-0.014014014014014031
2023-09-22,9800,9800,9670,9700,10742,-0.015228426395939132
2023-09-25,9690,9880,9630,9850,8556,0.015463917525773141
2023-09-26,9620,9760,9570,9650,25625,-0.02030456852791873
2023-09-27,9590,9730,9540,9730,12350,0.008290155440414448
2023-10-04,9730,9770,9410,9460,17317,-0.027749229188078095
2023-10-05,9460,9570,9460,9500,11849,0.0042283298097252064
2023-10-06,9510,9560,9460,9540,10879,0.004210526315789442
2023-10-10,9630,9630,9440,9480,5235,-0.0062893081761006275
2023-10-11,9430,9520,9400,9460,5188,-0.002109704641350185
2023-10-12,9380,9550,9350,9500,9576,0.0042283298097252064
2023-10-13,9500,9520,9340,9360,6404,-0.01473684210526316
2023-10-16,9320,9400,9120,9140,7229,-0.023504273504273532
2023-10-17,9120,9190,9110,9140,3152,0.0
2023-10-18,9140,9230,8900,9110,7868,-0.003282275711159688
2023-10-19,9080,9330,8740,9070,5907,-0.004390779363336983
2023-10-20,8880,8990,8710,8840,5025,-0.02535832414553474
2023-10-23,8760,8830,8700,8700,3471,-0.015837104072398245
2023-10-24,8700,8790,8510,8750,7004,0.005747126436781658
2023-10-25,8830,8880,8770,8850,3371,0.011428571428571344
2023-10-26,8850,8850,8400,8600,7212,-0.02824858757062143
2023-10-27,8600,8630,8410,8500,7934,-0.011627906976744207
2023-10-30,8590,8590,8370,8400,6702,-0.0117647058823529
2023-10-31,8480,8580,8310,8360,5300,-0.004761904761904745
2023-11-01,8360,8420,8350,8400,6529,0.004784688995215225
2023-11-02,8400,8490,8300,8490,5103,0.010714285714285676
2023-11-03,8550,8590,8450,8460,5760,-0.0035335689045936647
2023-11-06,8470,8560,8450,8530,9570,0.008274231678486954
2023-11-07,8560,8630,8280,8460,8805,-0.008206330597889777
2023-11-08,8410,8500,8410,8440,2318,-0.0023640661938534313
2023-11-09,8440,8480,8290,8310,3440,-0.0154028436018957
2023-11-10,8340,8350,8200,8280,3446,-0.0036101083032491488
2023-11-13,8280,8350,8150,8200,10395,-0.009661835748792313
2023-11-14,8200,8240,8170,8230,3104,0.003658536585365857
2023-11-15,8400,8400,8100,8220,18588,-0.0012150668286755595
2023-11-16,8220,8330,8220,8220,4017,0.0
2023-11-17,8300,8330,8200,8230,4135,0.0012165450121655041
2023-11-20,8250,8280,8170,8240,7156,0.0012150668286756705
2023-11-21,8300,8330,8190,8250,2732,0.0012135922330096527
2023-11-22,8260,8270,8200,8260,1678,0.00121212121212122
2023-11-23,8260,8260,8200,8200,3291,-0.007263922518159771
2023-11-24,8200,8230,8180,8210,2464,0.0012195121951219523
2023-11-27,8210,8210,8090,8100,6127,-0.013398294762484775
2023-11-28,8080,8140,8080,8100,4039,0.0
2023-11-29,8110,8160,8100,8120,3962,0.0024691358024691024
2023-11-30,8120,8120,8010,8010,5765,-0.013546798029556606
2023-12-01,8010,8030,7810,8010,13293,0.0
2023-12-04,8010,8140,7910,8100,7744,0.011235955056179803
2023-12-05,8100,8100,7950,8000,4378,-0.012345679012345734
2023-12-06,8000,8070,8000,8040,2588,0.004999999999999893
2023-12-07,8010,8080,7950,7980,4271,-0.007462686567164201
2023-12-08,7980,8030,7970,8030,4494,0.006265664160401085
2023-12-11,8030,8130,8030,8130,6009,0.012453300124533051
2023-12-12,8130,8160,8080,8140,2891,0.0012300123001229846
2023-12-13,8130,8150,8040,8130,4776,-0.0012285012285012664
2023-12-14,8110,8160,7960,8010,5902,-0.014760147601476037
2023-12-15,8010,8090,7970,8060,2530,0.006242197253433224
2023-12-18,8150,8200,8010,8080,2211,0.002481389578163684
2023-12-19,8020,8080,8000,8030,3657,-0.006188118811881194
2023-12-20,8000,8040,7970,8000,3773,-0.0037359900373599153
2023-12-21,8000,8020,7850,7870,16415,-0.016249999999999987
2023-12-22,7870,8280,7860,7990,9629,0.015247776365946653
2023-12-26,7890,7980,7890,7940,7535,-0.006257822277847325
2023-12-27,7940,7990,7860,7980,4743,0.005037783375314797
2023-12-28,7980,8190,7940,8140,6814,0.020050125313283207
2024-01-02,8140,8230,8100,8220,5462,0.00982800982800991
2024-01-03,8220,8240,8150,8160,2977,-0.007299270072992692
2024-01-04,8160,8160,7940,8010,4048,-0.018382352941176516
2024-01-05,8010,8070,7980,8020,3768,0.0012484394506866447
2024-01-08,7990,8050,7950,7970,2798,-0.006234413965087282
2024-01-09,8010,8040,7930,7970,3648,0.0
2024-01-10,7970,7970,7840,7970,9251,0.0
2024-01-11,7950,7950,7810,7880,9832,-0.01129234629861986
2024-01-12,7880,7880,7830,7870,6738,-0.0012690355329949554
2024-01-15,7830,7860,7800,7840,4460,-0.003811944091486663
2024-01-16,7830,7870,7800,7840,8472,0.0
2024-01-17,7840,7900,7780,7800,13952,-0.005102040816326481
2024-01-18,7710,7820,7690,7770,6168,-0.0038461538461538325
2024-01-19,7740,7800,7700,7800,10896,0.0038610038610038533
2024-01-22,7880,7880,7700,7720,3303,-0.01025641025641022
2024-01-23,7710,7770,7630,7660,4480,-0.007772020725388629
2024-01-24,7690,7700,7530,7530,4702,-0.016971279373368175
2024-01-25,7540,7590,7430,7460,7314,-0.009296148738379806
2024-01-26,7410,7470,7410,7450,3133,-0.0013404825737265424
2024-01-29,7450,7490,7340,7470,8404,0.0026845637583892135
2024-01-30,7470,7820,7470,7660,14006,0.025435073627844806
2024-01-31,7630,7730,7540,7620,6048,-0.005221932114882533
2024-02-01,7540,8200,7540,8200,26563,0.07611548556430447
2024-02-02,8190,8190,7910,8030,13932,-0.02073170731707319
2024-02-05,8030,8030,7800,7910,11808,-0.01494396014943955
2024-02-06,7910,7910,7660,7700,7422,-0.026548672566371723
2024-02-07,7690,7690,7610,7680,3983,-0.0025974025974025983
2024-02-08,7680,7680,7570,7580,8499,-0.01302083333333337
2024-02-13,7590,7720,7530,7650,8108,0.00923482849604218
2024-02-14,7640,7640,7540,7600,5038,-0.006535947712418277
2024-02-15,7600,7680,7570,7590,8280,-0.001315789473684159
2024-02-16,7590,8340,7560,7660,29487,0.00922266139657446
2024-02-19,7700,7700,7600,7650,6592,-0.0013054830287205776
2024-02-20,7650,7730,7570,7580,8221,-0.009150326797385588
2024-02-21,7560,7620,7510,7510,6364,-0.00923482849604218
2024-02-22,7510,7570,7470,7510,7090,0.0
2024-02-23,7500,7550,7440,7500,9247,-0.0013315579227696217
2024-02-26,7500,7560,7430,7530,5523,0.0040000000000000036
2024-02-27,7530,7590,7420,7510,10549,-0.0026560424966799445
2024-02-28,7480,7550,7480,7500,9536,-0.0013315579227696217
2024-02-29,7530,7610,7530,7570,5996,0.009333333333333416
2024-03-04,7570,7640,7530,7580,3923,0.0013210039630118242
2024-03-05,7580,7630,7490,7520,2849,-0.0079155672823219
2024-03-06,7460,7520,7410,7470,4785,-0.0066489361702127825
2024-03-07,7470,7500,7320,7360,9349,-0.014725568942436373
2024-03-08,7350,7480,7320,7400,1904,0.005434782608695565
2024-03-11,7430,7470,7280,7370,8399,-0.004054054054054013
2024-03-12,7370,7420,7320,7370,2929,0.0
2024-03-13,7370,7560,7300,7330,7978,-0.005427408412483015
2024-03-14,7330,7470,7330,7360,2092,0.004092769440654953
2024-03-15,7360,7440,7320,7350,1567,-0.0013586956521739468
2024-03-18,7310,7370,7300,7320,3304,-0.004081632653061273
2024-03-19,7310,7380,7290,7290,1883,-0.004098360655737654
2024-03-20,7290,7370,7280,7370,6026,0.010973936899862924
2024-03-21,7440,7440,7340,7340,3631,-0.004070556309362261
2024-03-22,7340,7440,7280,7280,3416,-0.008174386920980936
2024-03-25,7310,7360,7290,7300,2325,0.0027472527472527375
2024-03-26,7360,7360,7290,7290,2899,-0.00136986301369868
2024-03-27,7340,7340,7280,7320,1416,0.004115226337448652
2024-03-28,7300,7380,7230,7310,2952,-0.001366120218579181
2024-03-29,7590,7590,7300,7330,5167,0.002735978112175186
2024-04-01,7330,7380,7250,7260,4104,-0.009549795361528002
2024-04-02,7290,7370,7100,7150,12642,-0.015151515151515138
2024-04-03,7150,7210,7130,7180,5531,0.00419580419580412
2024-04-04,7130,7170,7100,7140,5035,-0.005571030640668551
2024-04-05,7130,7140,7100,7110,2972,-0.004201680672268893
2024-04-08,7110,7110,7020,7020,2065,-0.012658227848101222
2024-04-09,7000,7070,6930,6960,16395,-0.008547008547008517
2024-04-11,6990,7060,6860,7000,10173,0.005747126436781658
2024-04-12,6910,7040,6860,6940,2001,-0.008571428571428563
2024-04-15,7000,7000,6820,6890,2876,-0.007204610951008661
2024-04-16,6880,6880,6780,6850,3235,-0.005805515239477477
2024-04-17,6790,6840,6650,6660,12911,-0.027737226277372296
2024-04-18,6640,6720,6640,6680,7575,0.0030030030030030463
2024-04-19,6680,6680,6500,6600,9210,-0.0119760479041916
2024-04-22,6600,6640,6530,6560,5802,-0.0060606060606061
2024-04-23,6560,6630,6550,6570,2873,0.0015243902439023849
2024-04-24,6570,6630,6540,6580,6163,0.0015220700152207556
2024-04-25,6580,6590,6420,6550,3305,-0.00455927051671734
2024-04-26,6530,6590,6480,6510,3759,-0.006106870229007688
2024-04-29,6500,6600,6470,6530,5623,0.003072196620583778
2024-04-30,6540,6600,6440,6500,3007,-0.004594180704441064
2024-05-02,6430,6520,6430,6490,6361,-0.0015384615384614886
2024-05-03,6510,6620,6480,6500,1602,0.0015408320493066618
2024-05-07,6500,6600,6490,6490,4250,-0.0015384615384614886
2024-05-08,6520,6550,6380,6440,15201,-0.007704160246533087
2024-05-09,6470,6530,6420,6430,12295,-0.0015527950310558758
2024-05-10,6410,6510,6400,6450,1425,0.0031104199066873672
2024-05-13,6500,6540,6310,6310,8104,-0.02170542635658912
2024-05-14,6350,6500,6350,6480,3697,0.02694136291600624
2024-05-16,6520,6550,6470,6550,1815,0.010802469135802406
2024-05-17,6560,6610,6520,6520,1809,-0.004580152671755711
2024-05-20,6590,6610,6540,6560,3401,0.006134969325153339
2024-05-21,6560,6620,6550,6580,2501,0.0030487804878047697
2024-05-22,6580,6710,6580,6640,6229,0.00911854103343468
2024-05-23,6640,6720,6600,6700,4908,0.009036144578313143
2024-05-24,6780,6780,6570,6690,2924,-0.0014925373134327957
2024-05-27,6680,6680,6300,6540,2824,-0.022421524663677084
2024-05-28,6550,6650,6510,6540,969,0.0
2024-05-29,6540,6540,6500,6530,735,-0.001529051987767538
2024-05-30,6550,6590,6470,6560,3454,0.004594180704440953
2024-05-31,6520,6620,6490,6580,797,0.0030487804878047697
2024-06-03,6540,6690,6540,6640,2808,0.00911854103343468
2024-06-04,6650,6650,6510,6580,2393,-0.009036144578313254
2024-06-05,6580,6630,6480,6480,4048,-0.015197568389057725
2024-06-07,6500,6650,6500,6530,2591,0.007716049382715973
2024-06-10,6530,6600,6450,6460,1473,-0.01071975497702915
2024-06-11,6490,6530,6420,6470,575,0.001547987616099089
2024-06-12,6470,6550,6390,6480,6229,0.0015455950540959051
2024-06-13,6540,6660,6480,6530,6935,0.007716049382715973
2024-06-14,6530,6580,6480,6530,628,0.0
2024-06-17,6550,6550,6370,6500,1382,-0.004594180704441064
2024-06-18,6460,6580,6440,6470,287,-0.004615384615384577
2024-06-19,6470,6470,6360,6430,2079,-0.0061823802163832875
2024-06-20,6430,6520,6370,6430,999,0.0
2024-06-21,6490,6500,6390,6420,8925,-0.0015552099533436836
2024-06-24,6420,6430,6360,6400,1111,-0.0031152647975077885
2024-06-25,6420,6470,6320,6350,4460,-0.0078125
2024-06-26,6350,6440,6200,6280,11873,-0.011023622047244053
2024-06-27,6280,6400,6280,6320,2229,0.006369426751592355
2024-06-28,6350,6500,6280,6360,2289,0.006329113924050667
2024-07-01,6380,6450,6310,6330,2112,-0.004716981132075526
2024-07-02,6350,6350,6150,6280,4296,-0.00789889415481837
2024-07-03,6260,6260,6150,6200,5851,-0.01273885350318471
2024-07-04,6190,6370,6010,6180,4760,-0.003225806451612856
2024-07-05,6180,6240,6170,6200,285,0.003236245954692629
2024-07-08,6230,6280,6160,6190,3350,-0.001612903225806428
2024-07-09,6240,6290,6170,6200,1835,0.001615508885298933
2024-07-10,6240,6250,6190,6230,4998,0.004838709677419395
2024-07-11,6230,6240,6100,6110,7341,-0.019261637239165297
2024-07-12,6110,6300,6110,6120,2064,0.0016366612111293755
2024-07-15,6160,6240,6100,6140,646,0.0032679738562091387
2024-07-16,6260,6260,6100,6150,918,0.0016286644951140072
2024-07-17,6190,6210,6080,6150,1245,0.0
2024-07-18,6110,6200,6100,6180,1413,0.004878048780487809
2024-07-19,6150,6180,6110,6150,1350,-0.004854368932038833
2024-07-22,6100,6140,6010,6080,3593,-0.011382113821138184
2024-07-23,6080,6080,6000,6060,4029,-0.003289473684210509
2024-07-24,6060,6090,6000,6060,2500,0.0
2024-07-25,6070,6080,5980,6050,1623,-0.0016501650165016146
2024-07-26,6060,6080,5980,6030,1172,-0.0033057851239669533
2024-07-29,6020,6040,6000,6030,1712,0.0
2024-07-30,6040,6090,5950,5970,3825,-0.00995024875621886
2024-07-31,5960,6040,5940,6030,4150,0.01005025125628145
2024-08-01,6040,6080,5980,6060,2910,0.004975124378109541
2024-08-02,6110,6110,5930,6000,2794,-0.00990099009900991
2024-08-05,6000,6040,5000,5590,22134,-0.06833333333333336
2024-08-06,5430,5630,5280,5390,18943,-0.035778175313059046
2024-08-07,5390,5500,5280,5410,10969,0.0037105751391466324
2024-08-08,5440,5540,5380,5460,2304,0.009242144177449063
2024-08-09,5460,5560,5460,5520,957,0.01098901098901095
2024-08-12,5530,5860,5530,5840,9333,0.05797101449275366
2024-08-13,5870,5870,5750,5850,5231,0.001712328767123239
2024-08-14,5850,5960,5820,5880,2364,0.00512820512820511
2024-08-16,5880,5890,5690,5840,8119,-0.006802721088435382
2024-08-19,5840,5950,5800,5820,2166,-0.003424657534246589
2024-08-20,5870,5910,5770,5870,4529,0.00859106529209619
2024-08-21,5870,5890,5660,5870,3404,0.0
2024-08-22,5870,5880,5750,5840,3276,-0.005110732538330498
2024-08-23,5840,5960,5780,5920,7057,0.013698630136986356
2024-08-26,5890,5990,5880,5950,1625,0.0050675675675675436
2024-08-27,5920,6020,5900,5990,11442,0.006722689075630228
2024-08-28,5990,6040,5940,5980,793,-0.0016694490818029983
2024-08-29,5970,6010,5930,5960,3596,-0.0033444816053511683
2024-08-30,5950,5990,5910,5960,756,0.0
2024-09-02,6000,6000,5910,5910,1441,-0.008389261744966459
2024-09-03,5910,6000,5910,5950,181,0.006768189509306355
2024-09-04,5950,5960,5860,5910,3730,-0.006722689075630228
2024-09-05,5900,5910,5760,5840,648,-0.011844331641285955
2024-09-06,5840,5840,5730,5770,2276,-0.011986301369863006
2024-09-09,5730,5830,5730,5810,1297,0.006932409012131657
2024-09-10,5720,5830,5720,5800,5404,-0.0017211703958691649
2024-09-11,5780,5810,5760,5800,1583,0.0
2024-09-12,5800,5950,5780,5920,351,0.020689655172413834
2024-09-13,5920,6110,5920,6050,5141,0.02195945945945943
2024-09-19,6040,6100,5920,6030,2272,-0.0033057851239669533
2024-09-20,6020,6030,5970,6020,447,-0.0016583747927031434
2024-09-23,6020,6070,5980,6060,2897,0.006644518272425293
2024-09-24,6060,6060,5990,6050,511,-0.0016501650165016146
2024-09-25,6040,6060,5910,6050,5136,0.0
2024-09-26,6060,6110,5970,5970,2969,-0.013223140495867813
2024-09-27,5980,6100,5950,6030,1898,0.01005025125628145
2024-09-30,6040,6090,5840,5950,3493,-0.013266998341625258
2024-10-02,5950,6040,5910,6040,2320,0.015126050420168013
2024-10-04,5990,6030,5970,6010,1321,-0.004966887417218513
2024-10-07,6090,6090,5960,6010,2089,0.0
2024-10-08,6000,6080,5970,6060,616,0.008319467554076532
2024-10-10,6060,6110,6020,6050,712,-0.0016501650165016146
2024-10-11,6100,6100,5990,6040,670,-0.0016528925619834212
2024-10-14,6060,6100,5980,6000,736,-0.0066225165562914245
2024-10-15,6060,6100,5960,5960,605,-0.00666666666666671
2024-10-16,5960,5960,5850,5930,703,-0.005033557046979831
2024-10-17,5900,5930,5810,5920,3134,-0.001686340640809414
2024-10-18,5870,5920,5870,5920,161,0.0
2024-10-21,5930,5990,5920,5930,558,0.0016891891891892552
2024-10-22,5930,5980,5810,5880,1034,-0.00843170320404718
2024-10-23,5890,5920,5700,5850,2557,-0.005102040816326481
2024-10-24,5860,5890,5850,5870,713,0.0034188034188034067
2024-10-25,5870,5870,5770,5860,397,-0.0017035775127768327
2024-10-28,5860,5890,5840,5890,1130,0.005119453924914641
2024-10-29,5890,5890,5820,5870,1168,-0.00339558573853993
2024-10-30,5870,5870,5820,5830,2566,-0.006814310051107331
2024-10-31,5830,5830,5780,5830,722,0.0
2024-11-01,5830,5830,5670,5670,14097,-0.027444253859348233
2024-11-04,5680,5800,5670,5770,1847,0.01763668430335108
2024-11-05,5770,5770,5750,5760,1192,-0.0017331022530329143
2024-11-06,5760,5760,5630,5740,1169,-0.00347222222222221
2024-11-07,5740,5770,5700,5750,3375,0.0017421602787457413
2024-11-08,5750,6090,5730,5880,2139,0.022608695652173827
2024-11-11,5880,5890,5600,5740,2948,-0.023809523809523836
2024-11-12,5740,5790,5360,5360,22491,-0.0662020905923345
2024-11-13,5520,5520,5230,5300,11740,-0.011194029850746245
2024-11-14,5350,5460,5290,5350,1691,0.009433962264151052
2024-11-15,5300,5550,5260,5430,1576,0.01495327102803734
2024-11-18,5450,5550,5380,5410,3579,-0.0036832412523020164
2024-11-19,5430,5440,5370,5400,5200,-0.001848428835489857
2024-11-20,5400,5530,5380,5400,2230,0.0
2024-11-21,5410,5550,5290,5370,1288,-0.005555555555555536
2024-11-22,5410,5580,5210,5370,1853,0.0
2024-11-25,5370,5500,5330,5400,2898,0.005586592178770999
2024-11-26,5490,5520,5310,5450,2878,0.0092592592592593
2024-11-27,5480,5530,5210,5460,6087,0.0018348623853210455
2024-11-28,5410,5510,5410,5440,598,-0.00366300366300365
2024-11-29,5490,5490,5310,5480,1115,0.007352941176470562
2024-12-02,5410,5450,5350,5380,1385,-0.018248175182481785
2024-12-03,5310,5350,5300,5340,1266,-0.0074349442379182396
2024-12-04,5290,5340,5160,5260,3055,-0.014981273408239737
2024-12-05,5250,5380,5150,5190,3268,-0.013307984790874472
2024-12-06,5190,5300,5040,5160,3825,-0.005780346820809301
2024-12-09,5120,5120,4730,4890,12923,-0.05232558139534882
2024-12-10,4890,5150,4890,5150,4738,0.053169734151329306
2024-12-11,5150,5230,5130,5200,1377,0.009708737864077666
2024-12-12,5200,5260,5160,5260,945,0.011538461538461497
2024-12-13,5310,5460,5310,5320,658,0.011406844106463865
2024-12-16,5320,5400,5320,5380,2319,0.011278195488721776
2024-12-17,5380,5380,5310,5370,617,-0.0018587360594795044
2024-12-18,5350,5540,5310,5450,2800,0.014897579143389184
2024-12-19,5440,5440,5180,5390,1424,-0.011009174311926606
2024-12-20,5310,5380,5250,5360,1717,-0.005565862708719838
2024-12-23,5350,5360,5280,5340,786,-0.003731343283582045
2024-12-24,5340,5870,5210,5350,12280,0.001872659176029856
2024-12-26,5470,5470,5200,5380,9205,0.005607476635514086
2024-12-27,5340,5400,5100,5270,9346,-0.020446096654275103
2024-12-30,5220,5320,5200,5310,1189,0.007590132827324458
2025-01-02,5340,5400,5260,5340,9040,0.005649717514124353
2025-01-03,5290,5380,5280,5350,2751,0.001872659176029856
2025-01-06,5390,5520,5320,5520,13369,0.031775700934579376
2025-01-07,5520,5650,5460,5620,13900,0.018115942028985588
2025-01-08,5550,5810,5550,5780,8374,0.028469750889679624
2025-01-09,5780,5850,5720,5800,5290,0.0034602076124568004
2025-01-10,5830,5830,5700,5780,9729,-0.0034482758620689724
2025-01-13,5770,5820,5680,5790,4396,0.0017301038062282892
2025-01-14,5790,5790,5730,5780,6791,-0.0017271157167529916
2025-01-15,5780,5830,5730,5780,1195,0.0
2025-01-16,5780,5820,5690,5780,20016,0.0
2025-01-17,5820,5820,5710,5790,7854,0.0017301038062282892
2025-01-20,5790,5820,5750,5770,3920,-0.003454231433506094
2025-01-21,5790,5820,5770,5790,10882,0.0034662045060658286
2025-01-22,5820,5830,5550,5740,8826,-0.008635578583765069
2025-01-23,5790,5790,5710,5740,4526,0.0
2025-01-24,5750,5750,5580,5630,9550,-0.019163763066202044
2025-01-31,5680,5780,5650,5740,5233,0.019538188277087087
2025-02-03,5680,5720,5550,5670,8949,-0.012195121951219523
2025-02-04,5610,5780,5600,5700,7062,0.005291005291005346
2025-02-05,5700,5750,5600,5700,4883,0.0
2025-02-06,5710,5750,5650,5730,4562,0.0052631578947368585
2025-02-07,5780,5790,5600,5720,6925,-0.0017452006980802626
2025-02-10,5650,5690,5630,5680,917,-0.006993006993006978
2025-02-11,5750,5750,5640,5680,20740,0.0
2025-02-12,5690,5720,5560,5600,4712,-0.014084507042253502
2025-02-13,5630,5630,5490,5490,7558,-0.019642857142857184
2025-02-14,5530,5600,5390,5430,5840,-0.010928961748633892
2025-02-17,5440,5440,5330,5370,8882,-0.011049723756906049
2025-02-18,5370,5550,5300,5360,5203,-0.0018621973929237035
2025-02-19,5440,5480,5320,5470,8399,0.020522388059701413
2025-02-20,5500,5500,5370,5420,2509,-0.009140767824497242
2025-02-21,5360,5470,5360,5390,2391,-0.005535055350553542
2025-02-24,5400,5500,5340,5440,4677,0.00927643784786647
2025-02-25,5440,5460,5380,5460,1893,0.003676470588235281
2025-02-26,5440,5500,5290,5490,17521,0.005494505494505475
2025-02-27,5430,5500,5380,5430,3542,-0.010928961748633892
2025-02-28,5380,5450,5300,5320,8686,-0.02025782688766109
2025-03-04,5300,5300,5210,5290,2568,-0.005639097744360888
2025-03-05,5260,5350,5260,5270,1797,-0.003780718336483968
2025-03-06,5320,5320,5200,5280,3096,0.00189753320683117
2025-03-07,5280,5280,5180,5230,1452,-0.009469696969697017
2025-03-10,5230,5340,5150,5340,5082,0.021032504780114758
2025-03-11,5280,5380,5220,5370,4186,0.00561797752808979
2025-03-12,5420,5420,5310,5350,807,-0.003724394785847296
2025-03-13,5350,5350,5190,5290,10189,-0.01121495327102806
2025-03-14,5230,5380,5200,5260,15975,-0.005671077504725952
2025-03-17,5300,5350,5100,5230,12912,-0.005703422053231932
2025-03-18,5230,5270,5200,5250,1158,0.003824091778202643
2025-03-19,5250,5280,5200,5280,2669,0.005714285714285783
2025-03-20,5280,5320,5160,5210,5345,-0.013257575757575801
2025-03-21,5210,5230,5130,5230,6799,0.0038387715930903177
2025-03-24,5230,5270,5100,5160,10986,-0.013384321223709361
2025-03-25,5120,5280,5110,5200,6747,0.007751937984496138
2025-03-26,5170,5230,5080,5230,3146,0.005769230769230749
2025-03-27,5180,5250,5180,5230,989,0.0
2025-03-28,5220,5220,5070,5140,3058,-0.017208413001912004
2025-03-31,5120,5140,4990,5120,4992,-0.0038910505836575737
2025-04-01,5110,5120,5080,5120,2791,0.0
2025-04-02,5130,5190,5100,5150,2213,0.005859375
2025-04-03,5140,5140,5060,5130,3899,-0.003883495145631022
2025-04-04,5090,5130,5080,5090,5028,-0.007797270955165692
2025-04-07,5110,5110,4955,4995,12397,-0.018664047151277008
2025-04-08,4995,5100,4995,5090,6171,0.019019019019018923
2025-04-09,5110,5150,4950,5050,9609,-0.007858546168958758
2025-04-10,5100,5170,5020,5110,4488,0.011881188118811892
2025-04-11,5130,5170,5110,5110,2040,0.0
2025-04-14,5110,5200,5070,5190,4524,0.015655577299412915
2025-04-15,5200,5260,5160,5240,2112,0.009633911368015502
2025-04-16,5250,5260,5170,5230,2213,-0.001908396946564861
2025-04-17,5230,5240,5150,5240,3222,0.0019120458891013214
2025-04-18,5240,5250,5160,5200,4457,-0.007633587786259555
2025-04-21,5200,5240,5100,5170,5810,-0.005769230769230749
2025-04-22,5170,5210,5140,5160,8939,-0.0019342359767892114
2025-04-23,5240,5240,5140,5240,5165,0.015503875968992276
2025-04-24,5240,5280,5150,5200,10365,-0.007633587786259555
2025-04-25,5250,5250,5150,5200,5545,0.0
2025-04-28,5200,5240,5120,5140,10682,-0.011538461538461497
2025-04-29,5180,5330,5150,5300,19256,0.03112840466926059
2025-04-30,5300,5310,5140,5200,16344,-0.018867924528301883
2025-05-02,5200,5200,5130,5170,11577,-0.005769230769230749
2025-05-07,5160,5160,5120,5130,9578,-0.007736943907156624
2025-05-08,5140,5230,5140,5170,8414,0.007797270955165692
2025-05-09,5170,5260,5160,5190,12698,0.003868471953578423
2025-05-12,5150,5250,5150,5250,10088,0.011560693641618602
2025-05-13,5250,5280,5150,5190,11640,-0.011428571428571455
2025-05-14,5190,5330,5160,5320,19421,0.025048169556840083
2025-05-15,5320,5330,5200,5260,11523,-0.011278195488721776
2025-05-16,5180,5240,5160,5230,13392,-0.005703422053231932
2025-05-19,5300,6320,5130,5750,419110,0.0994263862332696
2025-05-20,5700,5850,5490,5700,39612,-0.008695652173912993
2025-05-21,5760,5890,5560,5880,44972,0.03157894736842115
2025-05-22,5880,6360,5790,6360,126796,0.08163265306122458
2025-05-23,6400,6580,6200,6400,89638,0.0062893081761006275
2025-05-26,6400,6400,6220,6320,15288,-0.012499999999999956
2025-05-27,6320,6420,6180,6320,13916,0.0
2025-05-28,6330,6370,6110,6250,13491,-0.011075949367088556
2025-05-29,6210,6340,6130,6250,22039,0.0
2025-05-30,6230,6420,6190,6370,27273,0.019200000000000106
2025-06-02,6380,6440,6280,6390,14711,0.0031397174254317317
2025-06-04,6390,6810,6390,6660,70509,0.04225352112676051
2025-06-05,6660,6750,6550,6670,31904,0.0015015015015014122
2025-06-09,6710,7260,6670,7240,81872,0.0854572713643178
2025-06-10,7370,7370,6880,6890,63263,-0.048342541436464104
2025-06-11,6890,7130,6770,7100,31220,0.030478955007256836
2025-06-12,7040,7660,6980,7590,79417,0.06901408450704216
2025-06-13,7590,7590,7080,7150,60001,-0.05797101449275366
2025-06-16,7150,7290,6900,7120,43949,-0.004195804195804231
2025-06-17,7120,7260,7030,7040,35021,-0.011235955056179803
2025-06-18,7350,7350,6920,6990,23055,-0.007102272727272707
2025-06-19,6990,6990,6850,6910,21501,-0.011444921316165924
2025-06-20,6910,6910,6720,6820,20575,-0.013024602026049159
2025-06-23,6720,6790,6570,6590,36213,-0.03372434017595305
2025-06-24,6580,6800,6540,6790,25765,0.030349013657056112
2025-06-25,6790,6820,6650,6750,17207,-0.00589101620029453
2025-06-26,6750,6790,6500,6570,28939,-0.026666666666666616
2025-06-27,6500,6670,6220,6330,25802,-0.0365296803652968
2025-06-30,6330,6410,6280,6360,10661,0.004739336492890933
2025-07-01,6350,6580,6350,6570,21797,0.03301886792452824
2025-07-02,6590,6590,6420,6570,14365,0.0
2025-07-03,6570,6740,6420,6730,18956,0.0243531202435312
2025-07-04,6720,6720,6580,6580,19829,-0.022288261515601815
2025-07-07,6570,6570,6460,6510,14003,-0.010638297872340385
2025-07-08,6510,6650,6460,6650,15520,0.021505376344086002
2025-07-09,6760,7420,6760,7200,137130,0.08270676691729317
2025-07-10,7190,7280,7130,7180,44991,-0.002777777777777768
2025-07-11,7230,7560,7200,7400,84599,0.03064066852367686
2025-07-14,7430,7820,7270,7770,62061,0.050000000000000044
2025-07-15,7770,7770,7550,7600,25285,-0.02187902187902191
2025-07-16,7600,7600,7250,7270,23612,-0.043421052631578916
2025-07-17,7270,7480,7130,7220,21393,-0.00687757909215958
2025-07-18,7220,7220,6990,7130,23729,-0.012465373961218829
2025-07-21,7070,7120,6970,6980,8518,-0.02103786816269282
2025-07-22,7020,7180,6960,7180,23646,0.02865329512893977
2025-07-23,7180,7180,6840,7090,16380,-0.012534818941504211
2025-07-24,7030,7040,6720,6730,22457,-0.05077574047954869
2025-07-25,6670,6870,6650,6720,6901,-0.0014858841010401136
2025-07-28,6730,6730,6510,6560,19984,-0.023809523809523836
2025-07-29,6510,6670,6410,6590,11736,0.004573170731707377
2025-07-30,6600,6720,6540,6690,9650,0.015174506828528056
2025-07-31,6720,6800,6570,6580,8055,-0.01644245142002987
2025-08-01,6600,6740,6170,6370,36024,-0.03191489361702127
2025-08-04,6420,6500,6190,6450,11603,0.012558869701726927
2025-08-05,6500,6660,6460,6510,12204,0.009302325581395321
2025-08-06,6430,6590,6420,6570,2754,0.009216589861751112
2025-08-07,6580,6670,6510,6540,6855,-0.004566210045662156
2025-08-08,6550,6660,6450,6570,12196,0.004587155963302836
2025-08-11,6620,6620,6480,6500,12479,-0.010654490106544956
2025-08-12,6600,6610,6430,6480,2414,-0.003076923076923088
2025-08-13,6510,6550,6330,6350,9715,-0.020061728395061706
2025-08-14,6350,6400,6310,6360,4474,0.0015748031496063408
2025-08-18,6400,6400,6220,6270,3825,-0.014150943396226467
2025-08-19,6270,6320,6170,6220,5122,-0.00797448165869219
2025-08-20,6160,6280,5920,6090,12745,-0.020900321543408373
2025-08-21,6090,6350,6010,6260,9266,0.02791461412151075
2025-08-22,6300,6330,6170,6200,4820,-0.009584664536741228
2025-08-25,6200,6320,6200,6270,4551,0.011290322580645107
2025-08-26,6300,6300,6210,6220,3466,-0.00797448165869219
2025-08-27,6220,6350,6200,6260,20170,0.006430868167202508
2025-08-28,6260,6740,6200,6590,30218,0.05271565495207664
2025-08-29,6730,6730,6420,6500,8035,-0.01365705614567525
2025-09-01,6410,6670,6400,6600,7607,0.01538461538461533
2025-09-02,6600,6600,6430,6510,10951,-0.013636363636363669
2025-09-03,6500,6530,6410,6460,4199,-0.007680491551459334
2025-09-04,6430,6530,6370,6430,7830,-0.004643962848297267
2025-09-05,6400,6550,6400,6520,9032,0.013996889580093264
2025-09-08,6600,6700,6440,6560,3725,0.006134969325153339
2025-09-09,6560,6840,6450,6530,11100,-0.004573170731707266
2025-09-10,6480,6650,6430,6630,12326,0.015313935681470214
2025-09-11,6550,6620,6550,6560,7461,-0.010558069381598756
2025-09-12,6560,6660,6500,6650,4253,0.013719512195121908
2025-09-15,6590,6850,6580,6750,11412,0.015037593984962516
2025-09-16,6750,6910,6560,6640,9052,-0.016296296296296253
2025-09-17,6640,6790,6420,6780,16495,0.02108433734939763
2025-09-18,6770,6810,6650,6650,3621,-0.019174041297935096
2025-09-19,6800,6800,6460,6500,17188,-0.022556390977443663
2025-09-22,6440,6600,6400,6590,9033,0.013846153846153841
2025-09-23,6570,6670,6470,6670,10591,0.012139605462822445
2025-09-24,6650,6650,6410,6610,9251,-0.008995502248875575
2025-09-25,6510,6540,6380,6410,5385,-0.030257186081694365
2025-09-26,6380,6580,6220,6390,6764,-0.0031201248049922414
2025-09-29,6320,6600,6310,6490,10907,0.015649452269170583
2025-09-30,6590,6590,6360,6360,8139,-0.02003081664098616
2025-10-01,6540,6540,6320,6470,6917,0.01729559748427678
2025-10-02,6580,6580,6340,6530,11966,0.009273570324574987
2025-10-10,6520,6520,6270,6300,8877,-0.03522205206738127
2025-10-13,6230,6490,6150,6350,18457,0.007936507936507908
2025-10-14,6370,6470,6200,6300,3912,-0.007874015748031482
2025-10-15,6330,6390,6320,6380,1209,0.012698412698412653
2025-10-16,6320,6490,6300,6410,5115,0.004702194357366851
2025-10-17,6490,6490,6200,6250,5302,-0.0249609984399376
2025-10-20,6150,6300,6070,6300,21876,0.008000000000000007
2025-10-21,6250,6270,6090,6210,18782,-0.014285714285714235
2025-10-22,6210,6290,6100,6180,1065,-0.004830917874396157
2025-10-23,6140,6270,6140,6210,2524,0.004854368932038833
2025-10-24,6170,6320,6160,6320,9547,0.017713365539452575
2025-10-27,6310,6380,6200,6240,13147,-0.012658227848101222
2025-10-28,6240,6370,6150,6310,8182,0.011217948717948678
2025-10-29,6290,6350,6190,6330,6698,0.0031695721077653616
2025-10-30,6270,6390,6200,6280,11707,-0.00789889415481837
2025-10-31,6210,6350,6160,6300,6770,0.0031847133757962887
2025-11-03,6310,6320,6130,6170,10304,-0.020634920634920673
2025-11-04,6270,6270,6110,6190,7892,0.0032414910858995505
2025-11-05,6140,6180,6000,6050,7429,-0.022617124394184174
2025-11-06,6050,6230,6020,6190,2194,0.023140495867768562
2025-11-07,6190,6190,6000,6180,47073,-0.001615508885298822
2025-11-10,6180,6300,6080,6220,6858,0.006472491909385036
2025-11-11,6420,6420,6240,6340,9386,0.019292604501607746
2025-11-12,6340,6500,6260,6370,10243,0.004731861198738141
2025-11-13,6420,6420,6310,6410,6284,0.006279434850863463
2025-11-14,6410,6410,6000,6320,16575,-0.01404056162246492
2025-11-17,6240,6330,6200,6330,4087,0.0015822784810126667
2025-11-18,6320,6320,6070,6170,9279,-0.025276461295418606
2025-11-19,6110,6350,6090,6350,15877,0.029173419773095732
2025-11-20,6480,6500,6270,6400,6810,0.007874015748031482
2025-11-21,6400,6410,6220,6390,16773,-0.0015625000000000222
2025-11-24,6380,6470,6210,6450,5420,0.009389671361502261
2025-11-25,6360,6440,6250,6410,7001,-0.006201550387596955
2025-11-26,6330,6440,6320,6430,2842,0.0031201248049921304
2025-11-27,6420,6430,6330,6420,4232,-0.0015552099533436836
2025-11-28,6360,6990,6210,6400,92179,-0.0031152647975077885
2025-12-01,6400,6560,6400,6420,18384,0.0031250000000000444
2025-12-02,6440,6600,6420,6560,12461,0.02180685358255441
2025-12-03,6590,6850,6500,6740,39007,0.027439024390243816
2025-12-04,6660,6910,6420,6550,25079,-0.028189910979228516
2025-12-05,6640,6640,6470,6590,6656,0.006106870229007688
2025-12-08,6520,6550,6330,6490,11759,-0.015174506828528056
2025-12-09,6440,6530,6390,6500,8920,0.0015408320493066618
2025-12-10,6450,6500,6380,6490,9172,-0.0015384615384614886
2025-12-11,6390,6620,6330,6440,15148,-0.007704160246533087
2025-12-12,6520,6960,6490,6770,54755,0.05124223602484479
2025-12-15,6760,6980,6630,6740,55978,-0.004431314623338234
2025-12-16,6720,6790,6560,6730,22895,-0.0014836795252225476
2025-12-17,6720,6880,6640,6720,22413,-0.0014858841010401136
2025-12-18,6800,6800,6490,6590,35246,-0.019345238095238138
