Date,Open,High,Low,Close,Volume,Change
2022-01-03,5360,5370,5280,5350,84257,0.007532956685499137
2022-01-04,5370,5490,5330,5420,98310,0.013084112149532645
2022-01-05,5430,5510,5350,5420,149035,0.0
2022-01-06,5360,5380,5220,5240,157212,-0.03321033210332103
2022-01-07,5230,5740,5230,5410,280905,0.03244274809160297
2022-01-10,5450,5450,5330,5350,83828,-0.011090573012939031
2022-01-11,5250,5310,5110,5130,125629,-0.04112149532710285
2022-01-12,5130,5260,5120,5240,74240,0.021442495126705596
2022-01-13,5240,5270,5150,5190,66420,-0.009541984732824416
2022-01-14,5160,5160,5100,5150,41923,-0.0077071290944122905
2022-01-17,5130,5130,4985,5000,108255,-0.029126213592232997
2022-01-18,4975,5070,4870,4890,86859,-0.02200000000000002
2022-01-19,4850,4895,4665,4680,148793,-0.042944785276073594
2022-01-20,4680,5640,4680,4915,1607503,0.05021367521367526
2022-01-21,4955,4955,4720,4750,198807,-0.033570701932858604
2022-01-24,4795,4820,4590,4615,169019,-0.028421052631578902
2022-01-25,4615,4655,4395,4400,150001,-0.04658721560130008
2022-01-26,4340,4690,4340,4520,178661,0.027272727272727337
2022-01-27,4520,4640,4395,4415,123568,-0.023230088495575174
2022-01-28,4415,4645,4415,4640,85690,0.05096262740656843
2022-02-03,4655,4785,4655,4750,89859,0.0237068965517242
2022-02-04,4765,4810,4730,4780,46437,0.006315789473684275
2022-02-07,4820,5050,4815,5000,160958,0.046025104602510414
2022-02-08,5040,5040,4905,4950,70860,-0.010000000000000009
2022-02-09,5020,5020,4965,4995,47925,0.009090909090909038
2022-02-10,4995,5040,4985,5000,33495,0.0010010010010010895
2022-02-11,4995,4995,4915,4945,38982,-0.01100000000000001
2022-02-14,4820,4900,4770,4780,71955,-0.0333670374115268
2022-02-15,4735,4840,4675,4720,62102,-0.012552301255230103
2022-02-16,4800,4910,4775,4910,69054,0.0402542372881356
2022-02-17,5040,5040,4760,4830,159025,-0.016293279022403295
2022-02-18,4795,5140,4785,4965,283732,0.02795031055900621
2022-02-21,4855,4975,4840,4945,59709,-0.004028197381671705
2022-02-22,4885,4970,4810,4840,78625,-0.02123356926188069
2022-02-23,4840,4900,4840,4895,31837,0.011363636363636465
2022-02-24,4875,4905,4675,4675,112734,-0.0449438202247191
2022-02-25,4710,4805,4675,4710,73754,0.007486631016042855
2022-02-28,4745,4780,4690,4760,18863,0.010615711252653925
2022-03-02,4760,4885,4760,4860,45583,0.021008403361344463
2022-03-03,4920,4975,4880,4920,38262,0.012345679012345734
2022-03-04,4955,4955,4865,4945,32049,0.005081300813008172
2022-03-07,4970,4975,4820,4850,40275,-0.01921132457027297
2022-03-08,4830,4830,4730,4730,56665,-0.024742268041237137
2022-03-10,4780,5050,4780,4900,156168,0.03594080338266381
2022-03-11,4940,5060,4920,4950,75381,0.010204081632652962
2022-03-14,5000,5000,4855,4890,32982,-0.012121212121212088
2022-03-15,4865,4955,4840,4900,33778,0.002044989775051187
2022-03-16,4955,5080,4910,5020,85463,0.02448979591836742
2022-03-17,5060,5070,5010,5040,45431,0.003984063745019917
2022-03-18,5050,5060,4990,5040,40801,0.0
2022-03-21,5060,5140,5030,5080,64388,0.007936507936507908
2022-03-22,5080,5100,5040,5080,34841,0.0
2022-03-23,5100,5280,5070,5150,142291,0.013779527559055094
2022-03-24,5190,6440,5090,5450,2900007,0.058252427184465994
2022-03-25,5450,5560,5390,5410,303282,-0.007339449541284404
2022-03-28,5490,5500,5370,5470,158986,0.01109057301293892
2022-03-29,5470,5540,5430,5460,146426,-0.001828153564899404
2022-03-30,5460,5690,5460,5620,472728,0.0293040293040292
2022-03-31,5550,5720,5470,5550,322295,-0.01245551601423489
2022-04-01,5550,5620,5490,5550,89129,0.0
2022-04-04,5620,5660,5550,5640,105866,0.016216216216216273
2022-04-05,5640,5680,5560,5620,57867,-0.0035460992907800915
2022-04-06,5610,5650,5550,5580,67379,-0.007117437722419906
2022-04-07,5540,5570,5340,5390,90517,-0.03405017921146958
2022-04-08,5380,5510,5370,5510,50517,0.02226345083487935
2022-04-11,5510,5570,5450,5520,46217,0.001814882032667775
2022-04-12,5520,5520,5380,5450,36362,-0.0126811594202898
2022-04-13,5410,5520,5410,5460,33661,0.0018348623853210455
2022-04-14,5500,5520,5460,5510,23702,0.009157509157509125
2022-04-15,5510,5530,5420,5490,41724,-0.003629764065335772
2022-04-18,5560,5600,5420,5440,56239,-0.00910746812386154
2022-04-19,5420,5500,5420,5470,30837,0.005514705882353033
2022-04-20,5500,5640,5240,5540,102384,0.01279707495429605
2022-04-21,5490,5550,5490,5520,25312,-0.0036101083032491488
2022-04-22,5480,5480,5340,5410,41081,-0.019927536231884035
2022-04-25,5370,5530,5330,5430,73207,0.003696857670979714
2022-04-26,5430,5690,5430,5580,144671,0.027624309392265234
2022-04-27,5450,5570,5400,5450,68663,-0.023297491039426577
2022-04-28,5640,5960,5580,5710,529519,0.047706422018348515
2022-04-29,5770,5790,5630,5710,142613,0.0
2022-05-02,5670,5830,5590,5710,108516,0.0
2022-05-03,5710,6560,5590,5690,2196993,-0.003502626970227629
2022-05-04,5710,5850,5610,5620,249990,-0.012302284710017597
2022-05-06,5560,5640,5540,5590,68895,-0.005338078291814985
2022-05-09,5520,5690,5350,5360,118921,-0.04114490161001794
2022-05-10,5260,5440,5140,5440,87374,0.014925373134328401
2022-05-11,5440,5460,5340,5380,30368,-0.011029411764705843
2022-05-12,5300,5330,5100,5130,95414,-0.04646840148698883
2022-05-13,5100,5550,5100,5280,74879,0.029239766081871288
2022-05-16,5300,5450,5300,5420,43205,0.026515151515151603
2022-05-17,5460,5500,5360,5500,54289,0.014760147601476037
2022-05-18,5570,5570,5380,5430,35825,-0.012727272727272698
2022-05-19,5390,5390,5280,5350,31625,-0.014732965009208066
2022-05-20,5340,5440,5290,5330,43964,-0.0037383177570093906
2022-05-23,5360,5410,5240,5280,36521,-0.009380863039399667
2022-05-24,5320,5320,5140,5140,52379,-0.02651515151515149
2022-05-25,5140,5220,5080,5160,29784,0.0038910505836575737
2022-05-26,5180,5220,5090,5100,23067,-0.011627906976744207
2022-05-27,5150,5240,5120,5170,25257,0.013725490196078383
2022-05-30,5250,5270,5180,5240,15089,0.013539651837524147
2022-05-31,5240,5330,5240,5320,40358,0.01526717557251911
2022-06-02,5320,5350,5280,5330,13713,0.001879699248120259
2022-06-03,5330,5420,5310,5390,46927,0.011257035647279645
2022-06-07,5400,5440,5370,5390,30446,0.0
2022-06-08,5390,5490,5390,5440,41532,0.00927643784786647
2022-06-09,5440,5460,5400,5430,32016,-0.0018382352941176405
2022-06-10,5430,5460,5360,5360,22131,-0.012891344383057057
2022-06-13,5270,5270,5030,5030,85918,-0.06156716417910446
2022-06-14,4850,5030,4820,4950,64271,-0.015904572564612307
2022-06-15,4895,4945,4800,4880,56413,-0.014141414141414121
2022-06-16,4890,5040,4830,4850,26391,-0.006147540983606592
2022-06-17,4845,4860,4600,4840,33681,-0.0020618556701030855
2022-06-20,4840,4840,4550,4565,69580,-0.05681818181818177
2022-06-21,4565,4740,4530,4540,30409,-0.005476451259583737
2022-06-22,4645,5110,4360,4405,461790,-0.029735682819383213
2022-06-23,4410,4570,4340,4340,82423,-0.014755959137343955
2022-06-24,4335,4615,4335,4565,42861,0.05184331797235031
2022-06-27,4600,4765,4600,4730,38828,0.03614457831325302
2022-06-28,4715,4780,4635,4725,33997,-0.0010570824524313016
2022-06-29,4695,4790,4595,4750,20821,0.005291005291005346
2022-06-30,4750,4760,4640,4675,29359,-0.015789473684210575
2022-07-01,4610,4745,4610,4670,38217,-0.0010695187165775666
2022-07-04,4670,4730,4595,4625,31711,-0.009635974304068484
2022-07-05,4615,4805,4615,4700,20859,0.016216216216216273
2022-07-06,4745,4890,4695,4705,33930,0.0010638297872340718
2022-07-07,4735,4950,4710,4910,38491,0.043570669500531345
2022-07-08,4885,4950,4805,4880,30823,-0.006109979633401208
2022-07-11,4855,4940,4820,4890,9656,0.002049180327868827
2022-07-12,4825,4880,4755,4785,21424,-0.021472392638036797
2022-07-13,4765,4900,4765,4890,10604,0.021943573667711602
2022-07-14,4900,4945,4815,4915,14282,0.005112474437627856
2022-07-15,4880,4935,4830,4895,20627,-0.004069175991861629
2022-07-18,4930,5020,4910,4980,21254,0.01736465781409602
2022-07-19,4980,5010,4935,4970,6631,-0.002008032128514081
2022-07-20,4955,5030,4955,4985,20873,0.003018108651911433
2022-07-21,5010,5010,4960,4965,17567,-0.004012036108325012
2022-07-22,4970,5040,4970,5010,12661,0.009063444108761365
2022-07-25,5180,5180,4955,4980,22786,-0.005988023952095856
2022-07-26,4995,5030,4950,4985,7389,0.0010040160642570406
2022-07-27,4990,5010,4960,4980,7438,-0.0010030090270812808
2022-07-28,5000,5080,4960,4985,7242,0.0010040160642570406
2022-07-29,5000,5000,4930,4975,21983,-0.0020060180541624506
2022-08-01,4975,5000,4930,4995,19332,0.004020100502512669
2022-08-02,4990,5010,4950,4950,15161,-0.009009009009009028
2022-08-03,4945,5020,4940,4960,11991,0.002020202020202033
2022-08-04,4960,5010,4960,4990,24051,0.006048387096774244
2022-08-05,5000,5020,4990,4990,6676,0.0
2022-08-08,5020,5020,4965,4990,15955,0.0
2022-08-09,4990,5020,4965,4970,7552,-0.004008016032064132
2022-08-10,4970,4995,4960,4960,10485,-0.002012072434607659
2022-08-11,4975,5070,4975,5030,30569,0.014112903225806495
2022-08-12,5030,5210,5030,5100,45218,0.013916500994035852
2022-08-16,5110,5190,5110,5160,12119,0.0117647058823529
2022-08-17,5240,5240,5070,5190,33226,0.005813953488372103
2022-08-18,5190,5280,5120,5220,42041,0.005780346820809301
2022-08-19,5220,5280,5180,5190,23097,-0.005747126436781658
2022-08-22,5140,5140,5000,5010,37130,-0.034682080924855474
2022-08-23,4990,5000,4950,4980,16808,-0.005988023952095856
2022-08-24,4960,5050,4960,5030,15751,0.010040160642570184
2022-08-25,5070,5100,5040,5080,11503,0.00994035785288272
2022-08-26,5100,5110,5040,5050,12155,-0.0059055118110236116
2022-08-29,4990,4995,4920,4925,22686,-0.024752475247524774
2022-08-30,4905,4960,4900,4955,12635,0.006091370558375608
2022-08-31,4955,5000,4910,4990,14459,0.007063572149344166
2022-09-01,5010,5110,4960,4980,22812,-0.002004008016032066
2022-09-02,4960,5040,4960,5030,11678,0.010040160642570184
2022-09-05,4950,5070,4915,5020,13006,-0.001988071570576566
2022-09-06,4965,5100,4960,5070,14995,0.009960159362549792
2022-09-07,5100,5100,4955,4990,22580,-0.015779092702169595
2022-09-08,4990,5050,4950,5030,24612,0.008016032064128265
2022-09-13,5150,5150,5050,5080,7387,0.00994035785288272
2022-09-14,4975,5020,4800,5000,22303,-0.015748031496062964
2022-09-15,5000,5020,4970,5000,13786,0.0
2022-09-16,4955,4975,4915,4920,23383,-0.016000000000000014
2022-09-19,4885,5060,4880,4885,16459,-0.007113821138211351
2022-09-20,4885,4970,4870,4950,6751,0.013306038894575156
2022-09-21,4950,5040,4930,4980,9879,0.0060606060606061
2022-09-22,4975,4975,4895,4940,18042,-0.008032128514056214
2022-09-23,4935,4935,4810,4880,21043,-0.012145748987854255
2022-09-26,4810,4840,4520,4640,43557,-0.049180327868852514
2022-09-27,4550,4635,4505,4580,26051,-0.012931034482758674
2022-09-28,4570,4570,4350,4450,35513,-0.028384279475982543
2022-09-29,4470,4555,4455,4455,11068,0.0011235955056179137
2022-09-30,4405,4450,4305,4435,12886,-0.004489337822671136
2022-10-04,4435,4550,4400,4550,30085,0.025930101465614364
2022-10-05,4615,4645,4550,4550,15059,0.0
2022-10-06,4595,4750,4595,4750,9382,0.04395604395604402
2022-10-07,4750,4760,4680,4695,4677,-0.011578947368421022
2022-10-11,4605,4605,4500,4520,13868,-0.03727369542066028
2022-10-12,4430,4500,4430,4465,5840,-0.012168141592920345
2022-10-13,4430,4460,4365,4415,17064,-0.011198208286674172
2022-10-14,4425,4535,4425,4500,12123,0.01925254813137034
2022-10-17,4500,4650,4500,4600,15175,0.022222222222222143
2022-10-18,4695,4695,4620,4680,9106,0.017391304347825987
2022-10-19,4705,4735,4655,4675,10271,-0.0010683760683760646
2022-10-20,4675,4730,4615,4620,5538,-0.0117647058823529
2022-10-21,4580,4620,4560,4620,11751,0.0
2022-10-24,4620,4690,4510,4620,69944,0.0
2022-10-25,4665,4665,4570,4570,29533,-0.010822510822510845
2022-10-26,4590,4685,4570,4640,11359,0.015317286652078765
2022-10-27,4645,4725,4645,4725,6831,0.018318965517241326
2022-10-28,4725,4725,4560,4590,19742,-0.02857142857142858
2022-10-31,4805,4805,4680,4715,14838,0.027233115468409563
2022-11-01,4770,4775,4675,4730,12375,0.0031813361611876534
2022-11-02,4775,4850,4690,4775,18403,0.009513742071881603
2022-11-03,4775,4775,4650,4700,18247,-0.015706806282722474
2022-11-04,4700,4755,4625,4755,13511,0.011702127659574568
2022-11-07,4735,4780,4725,4765,18530,0.002103049421661396
2022-11-08,4790,4790,4760,4770,9069,0.0010493179433368471
2022-11-09,4840,4840,4750,4780,5789,0.002096436058700135
2022-11-10,4740,4810,4700,4770,7906,-0.0020920502092049986
2022-11-11,4865,4865,4800,4810,7722,0.008385744234800763
2022-11-14,4810,5120,4760,4865,122235,0.011434511434511352
2022-11-15,4865,4950,4840,4950,38425,0.01747173689619741
2022-11-16,5000,5160,4970,5130,99773,0.036363636363636376
2022-11-17,5140,5180,5110,5170,40342,0.007797270955165692
2022-11-18,5180,5180,5100,5140,18224,-0.005802707930367523
2022-11-21,5110,5180,5080,5160,21191,0.0038910505836575737
2022-11-22,5130,5190,5060,5130,31252,-0.005813953488372103
2022-11-23,5130,5190,5110,5190,23309,0.011695906432748648
2022-11-24,5200,5230,5160,5180,22967,-0.0019267822736031004
2022-11-25,5180,5250,5160,5230,33817,0.009652509652509744
2022-11-28,5290,5290,5140,5160,20156,-0.013384321223709361
2022-11-29,5080,5260,5080,5190,28652,0.005813953488372103
2022-11-30,5290,5290,5210,5230,32131,0.007707129094412402
2022-12-01,5260,5370,5250,5370,67975,0.026768642447418722
2022-12-02,5370,5420,5340,5400,45837,0.005586592178770999
2022-12-05,5420,5450,5330,5380,30129,-0.0037037037037036535
2022-12-06,5360,5400,5280,5280,18449,-0.018587360594795488
2022-12-07,5280,5300,5140,5270,15312,-0.0018939393939394478
2022-12-08,5220,5240,5100,5110,12883,-0.030360531309297945
2022-12-09,5120,5150,5110,5140,11427,0.005870841487279899
2022-12-12,5240,5280,5150,5210,9377,0.013618677042801508
2022-12-13,5210,5340,5180,5340,19910,0.0249520153550864
2022-12-14,5360,5360,5220,5300,21339,-0.0074906367041198685
2022-12-15,5300,5310,5240,5280,17290,-0.0037735849056603765
2022-12-16,5220,5270,5200,5240,7898,-0.007575757575757569
2022-12-19,5190,5200,5130,5140,13234,-0.01908396946564883
2022-12-20,5140,5140,5040,5060,20347,-0.015564202334630295
2022-12-21,5050,5190,5050,5120,12148,0.011857707509881354
2022-12-22,5190,5190,5090,5160,7031,0.0078125
2022-12-23,5070,5300,5050,5210,13962,0.009689922480620172
2022-12-26,5170,5170,5100,5170,9479,-0.007677543186180413
2022-12-27,5140,5330,5130,5280,42234,0.02127659574468077
2022-12-28,5220,5220,5060,5070,35217,-0.03977272727272729
2022-12-29,5060,5060,4945,4965,25805,-0.020710059171597628
2023-01-02,4965,4965,4770,4785,27987,-0.03625377643504535
2023-01-03,4785,4785,4650,4690,22326,-0.019853709508881878
2023-01-04,4640,4770,4620,4705,11788,0.0031982942430703876
2023-01-05,4775,4800,4700,4790,13680,0.018065887353878818
2023-01-06,4785,4920,4630,4860,11338,0.014613778705636848
2023-01-09,4950,5000,4930,4945,14019,0.017489711934156382
2023-01-10,4990,4995,4895,4970,14935,0.005055611729019249
2023-01-11,5070,5070,4950,5020,11607,0.010060362173038184
2023-01-12,5030,5030,4940,4990,11943,-0.005976095617529875
2023-01-13,4995,5040,4990,5010,9238,0.004008016032064132
2023-01-16,5040,5080,4980,5040,12113,0.0059880239520957446
2023-01-17,5040,5090,5030,5070,14249,0.005952380952380931
2023-01-18,5070,5090,5030,5030,17238,-0.007889546351084853
2023-01-19,5030,5060,5020,5040,6658,0.001988071570576455
2023-01-20,5040,5080,5010,5070,7930,0.005952380952380931
2023-01-25,5110,5120,5070,5120,14274,0.009861932938856066
2023-01-26,5170,5170,5120,5130,20029,0.001953125
2023-01-27,5120,5160,5100,5130,26918,0.0
2023-01-30,5130,5160,5050,5100,22020,-0.005847953216374324
2023-01-31,5100,5150,5010,5150,30842,0.009803921568627416
2023-02-01,5190,5240,5150,5220,28612,0.013592233009708687
2023-02-02,5230,5260,5220,5250,13715,0.005747126436781658
2023-02-03,5290,5290,5190,5250,11431,0.0
2023-02-06,5250,5260,5110,5200,10608,-0.00952380952380949
2023-02-07,5190,5190,5140,5190,8546,-0.0019230769230769162
2023-02-08,5240,5280,5180,5180,13530,-0.0019267822736031004
2023-02-09,5180,5200,5140,5160,6614,-0.0038610038610038533
2023-02-10,5160,5170,5110,5150,5981,-0.0019379844961240345
2023-02-13,5120,5140,5050,5080,13113,-0.013592233009708687
2023-02-14,5080,5090,5040,5090,7342,0.0019685039370078705
2023-02-15,5110,5120,5040,5120,9802,0.005893909626718985
2023-02-16,5060,5090,5010,5050,10707,-0.013671875
2023-02-17,5050,5100,5020,5100,10280,0.00990099009900991
2023-02-20,5080,5180,5070,5180,11190,0.015686274509803866
2023-02-21,5150,5200,5140,5190,10298,0.0019305019305020377
2023-02-22,5190,5190,5150,5190,5447,0.0
2023-02-23,5140,5190,5110,5190,11680,0.0
2023-02-24,5230,5230,5160,5180,11106,-0.0019267822736031004
2023-02-27,5180,5180,4970,4985,58365,-0.037644787644787625
2023-02-28,4985,4985,4950,4980,19074,-0.0010030090270812808
2023-03-02,5000,5030,4980,5010,26003,0.006024096385542244
2023-03-03,5010,5150,4995,5060,21721,0.009980039920159722
2023-03-06,5070,5080,5010,5080,18124,0.0039525691699604515
2023-03-07,5130,5130,5030,5080,10086,0.0
2023-03-08,5060,5110,5040,5040,8921,-0.007874015748031482
2023-03-09,5040,5090,5020,5030,7967,-0.001984126984126977
2023-03-10,5030,5030,4940,4940,12311,-0.017892644135188873
2023-03-13,4830,4895,4710,4850,37776,-0.018218623481781382
2023-03-14,4815,4815,4700,4700,25111,-0.030927835051546393
2023-03-15,4700,4870,4700,4795,15558,0.0202127659574467
2023-03-16,4840,4840,4785,4825,10530,0.006256517205422307
2023-03-17,4825,4900,4825,4880,9929,0.011398963730570033
2023-03-20,4880,4900,4845,4855,7504,-0.0051229508196721785
2023-03-21,4860,4920,4845,4845,7632,-0.002059732234809486
2023-03-22,4845,4890,4795,4845,14513,0.0
2023-03-23,4820,4865,4805,4820,10945,-0.00515995872033026
2023-03-24,4840,4870,4815,4870,16005,0.010373443983402453
2023-03-27,4860,4860,4800,4820,7208,-0.010266940451745366
2023-03-28,4820,4820,4715,4760,24877,-0.012448132780082943
2023-03-29,4745,4755,4735,4755,11134,-0.0010504201680672232
2023-03-30,4735,4750,4725,4745,22948,-0.002103049421661396
2023-03-31,4725,4740,4655,4680,35961,-0.013698630136986356
2023-04-03,4650,4670,4505,4535,96573,-0.030982905982905984
2023-04-04,4525,4590,4505,4545,39700,0.0022050716648291946
2023-04-05,4565,4645,4550,4600,30358,0.012101210121012063
2023-04-06,4610,4610,4545,4545,17045,-0.011956521739130421
2023-04-07,4570,4570,4525,4525,20682,-0.004400440044004417
2023-04-10,4525,4540,4480,4480,19389,-0.009944751381215422
2023-04-11,4455,4505,4420,4465,23928,-0.0033482142857143016
2023-04-12,4490,4545,4465,4515,11955,0.011198208286674172
2023-04-13,4510,4575,4505,4540,11760,0.005537098560354448
2023-04-14,4540,4625,4540,4590,27049,0.011013215859030812
2023-04-17,4595,4675,4560,4575,39644,-0.0032679738562091387
2023-04-18,4575,4585,4530,4545,21547,-0.006557377049180357
2023-04-19,4525,4570,4505,4560,33327,0.0033003300330032292
2023-04-20,4520,4530,4480,4495,37357,-0.014254385964912242
2023-04-21,4460,4490,4350,4375,71168,-0.026696329254727424
2023-04-24,4350,4360,4320,4330,32195,-0.010285714285714231
2023-04-25,4325,4360,4315,4345,27444,0.0034642032332563577
2023-04-26,4345,4355,4300,4340,25845,-0.0011507479861909697
2023-04-27,4325,4325,4255,4320,15228,-0.004608294930875556
2023-04-28,4335,4410,4265,4290,39898,-0.00694444444444442
2023-05-02,4290,4375,4255,4335,39606,0.010489510489510412
2023-05-03,4335,4420,4335,4400,31509,0.014994232987312506
2023-05-04,4385,4450,4360,4435,27144,0.007954545454545547
2023-05-08,4420,4485,4420,4440,13049,0.0011273957158963732
2023-05-09,4490,4490,4405,4440,5230,0.0
2023-05-10,4470,4485,4380,4435,12016,-0.0011261261261261701
2023-05-11,4435,4480,4415,4475,9293,0.00901916572717032
2023-05-12,4475,4475,4425,4460,8022,-0.003351955307262622
2023-05-15,4460,4480,4355,4370,17038,-0.020179372197309364
2023-05-16,4430,4430,4300,4365,17338,-0.0011441647597254523
2023-05-17,4360,4435,4315,4380,26114,0.0034364261168384758
2023-05-18,4380,4415,4355,4410,16850,0.006849315068493178
2023-05-19,4410,4445,4390,4415,8239,0.0011337868480725266
2023-05-22,4415,4415,4385,4415,26518,0.0
2023-05-23,4415,4445,4385,4440,32965,0.005662514156285381
2023-05-24,4600,4665,4435,4440,176001,0.0
2023-05-25,4485,4490,4430,4450,18605,0.0022522522522523403
2023-05-26,4455,4475,4370,4370,27057,-0.017977528089887618
2023-05-30,4400,4400,4350,4390,14254,0.004576659038901587
2023-05-31,4430,4465,4390,4400,24943,0.002277904328018332
2023-06-01,4440,4440,4380,4430,16852,0.006818181818181834
2023-06-02,4440,4485,4410,4470,23944,0.009029345372460584
2023-06-05,4470,4485,4450,4465,14343,-0.0011185682326622093
2023-06-07,4465,4495,4455,4460,14599,-0.0011198208286674616
2023-06-08,4480,4485,4430,4440,10522,-0.004484304932735439
2023-06-09,4450,4475,4435,4450,10005,0.0022522522522523403
2023-06-12,4450,4475,4430,4475,20235,0.00561797752808979
2023-06-13,4475,4475,4425,4430,8668,-0.010055865921787754
2023-06-14,4430,4465,4430,4450,8960,0.004514672686230181
2023-06-15,4430,4450,4410,4445,6769,-0.0011235955056180247
2023-06-16,4445,4485,4430,4485,12260,0.008998875140607376
2023-06-19,4500,4630,4460,4505,30236,0.004459308807134965
2023-06-20,4505,4560,4475,4500,14645,-0.0011098779134295356
2023-06-21,4545,4545,4490,4500,9075,0.0
2023-06-22,4475,4510,4455,4480,9160,-0.004444444444444473
2023-06-23,4480,4485,4455,4455,12441,-0.005580357142857095
2023-06-26,4455,4480,4435,4440,11480,-0.0033670033670033517
2023-06-27,4440,4485,4440,4475,9478,0.007882882882882969
2023-06-28,4475,4505,4460,4480,7394,0.0011173184357542443
2023-06-29,4490,4510,4425,4440,16563,-0.008928571428571397
2023-06-30,4440,4495,4435,4460,13257,0.0045045045045044585
2023-07-03,4470,4535,4465,4530,22779,0.015695067264573925
2023-07-04,4530,4545,4475,4490,17940,-0.008830022075055233
2023-07-05,4535,4535,4480,4515,7570,0.0055679287305121505
2023-07-06,4560,4560,4455,4475,12846,-0.008859357696566983
2023-07-07,4435,4465,4420,4455,9737,-0.004469273743016755
2023-07-10,4455,4510,4440,4475,10734,0.004489337822671136
2023-07-11,4480,4505,4450,4500,8301,0.005586592178770999
2023-07-12,4510,4540,4475,4480,11128,-0.004444444444444473
2023-07-13,4485,4520,4485,4490,9466,0.0022321428571427937
2023-07-14,4530,4530,4475,4485,11051,-0.00111358574610243
2023-07-17,4485,4520,4450,4460,10436,-0.005574136008918651
2023-07-18,4460,4500,4420,4430,10069,-0.006726457399103158
2023-07-19,4430,4445,4370,4385,16582,-0.010158013544018019
2023-07-20,4385,4410,4360,4400,11334,0.003420752565564511
2023-07-21,4385,4490,4370,4385,9879,-0.003409090909090917
2023-07-24,4360,4390,4300,4315,15375,-0.015963511972634015
2023-07-25,4305,4335,4210,4210,10017,-0.024333719582850466
2023-07-26,4210,4220,3795,3965,48034,-0.05819477434679332
2023-07-27,3965,4080,3955,4050,18047,0.021437578814627933
2023-07-28,3980,4065,3965,4025,8765,-0.006172839506172867
2023-07-31,4070,4150,4060,4065,7696,0.009937888198757738
2023-08-01,4105,4140,4090,4110,13154,0.011070110701107083
2023-08-02,4140,4150,4010,4010,12079,-0.024330900243308973
2023-08-03,4010,4950,3990,4290,2368310,0.06982543640897765
2023-08-04,4290,4325,4080,4080,162496,-0.04895104895104896
2023-08-07,4175,4270,4110,4150,48823,0.017156862745097978
2023-08-08,4150,4235,4085,4115,61711,-0.008433734939759074
2023-08-09,4090,4115,4075,4100,20846,-0.0036452004860266785
2023-08-10,4100,4145,4085,4130,18026,0.007317073170731714
2023-08-11,4135,4185,4130,4155,22069,0.006053268765133124
2023-08-14,4155,4155,4095,4130,19855,-0.006016847172081841
2023-08-16,4130,4160,4075,4115,27720,-0.003631961259079941
2023-08-17,4190,4190,4080,4105,15141,-0.002430133657351119
2023-08-18,4095,4185,4090,4135,15221,0.0073081607795371095
2023-08-21,4095,4165,4080,4135,20314,0.0
2023-08-22,4135,4190,4110,4110,7475,-0.006045949214026569
2023-08-23,4135,4180,4090,4100,8139,-0.0024330900243308973
2023-08-24,4100,4120,4100,4100,10384,0.0
2023-08-25,4100,4250,4075,4080,25157,-0.004878048780487809
2023-08-28,4120,4120,4065,4090,9734,0.002450980392156854
2023-08-29,4100,4140,4095,4115,12888,0.006112469437652868
2023-08-30,4115,4165,4095,4115,14300,0.0
2023-08-31,4145,4145,4095,4115,5903,0.0
2023-09-01,4115,4120,4050,4075,20903,-0.009720534629404587
2023-09-04,4095,4095,4000,4035,26521,-0.009815950920245453
2023-09-05,3990,4055,3990,4035,14674,0.0
2023-09-06,4030,4065,4000,4055,5973,0.004956629491945419
2023-09-07,3945,4040,3945,3975,18748,-0.019728729963008673
2023-09-08,3975,3995,3935,3945,11516,-0.007547169811320753
2023-09-11,3960,4000,3935,3990,13649,0.011406844106463865
2023-09-12,3990,4055,3935,3995,8868,0.0012531328320801727
2023-09-13,4000,4005,3950,3960,10830,-0.008760951188986232
2023-09-14,3955,4055,3945,4035,17013,0.018939393939394034
2023-09-15,4045,4245,4015,4235,87599,0.049566294919454856
2023-09-18,4235,4280,4205,4265,39590,0.007083825265643551
2023-09-19,4245,4265,4180,4205,22993,-0.014067995310668269
2023-09-20,4185,4270,4180,4230,9734,0.005945303210463715
2023-09-21,4230,5260,4200,4385,4291320,0.03664302600472813
2023-09-22,4385,4385,4100,4120,354212,-0.06043329532497155
2023-09-25,4120,4195,4105,4110,150376,-0.0024271844660194164
2023-09-26,4100,4160,4090,4110,51447,0.0
2023-09-27,4095,4180,4085,4130,42856,0.0048661800486617945
2023-10-04,4115,4155,4055,4095,74659,-0.008474576271186418
2023-10-05,4100,4215,4100,4100,49338,0.0012210012210012167
2023-10-06,4170,4180,4110,4165,14963,0.01585365853658538
2023-10-10,4155,4230,4145,4220,32243,0.013205282112845218
2023-10-11,4250,4290,4210,4250,27386,0.007109004739336511
2023-10-12,4290,4315,4250,4290,20761,0.009411764705882453
2023-10-13,4290,4320,4245,4285,32774,-0.0011655011655011815
2023-10-16,4280,4330,4250,4290,23321,0.001166861143523823
2023-10-17,4290,4345,4285,4305,42997,0.0034965034965035446
2023-10-18,4305,4310,4275,4300,8513,-0.0011614401858304202
2023-10-19,4280,4290,4210,4280,22802,-0.0046511627906976605
2023-10-20,4280,4280,4195,4235,22062,-0.010514018691588745
2023-10-23,4240,4265,4195,4240,39348,0.0011806375442739991
2023-10-24,4215,4290,4200,4260,24187,0.004716981132075526
2023-10-25,4280,4330,4235,4265,37412,0.0011737089201877549
2023-10-26,4265,4300,4205,4220,29319,-0.010550996483001174
2023-10-27,4210,4290,4210,4235,10949,0.0035545023696681444
2023-10-30,4335,4335,4240,4295,10982,0.01416765053128688
2023-10-31,4295,4315,4250,4260,23306,-0.008149010477299212
2023-11-01,4235,4325,4235,4270,26332,0.0023474178403755097
2023-11-02,4300,4340,4260,4315,22808,0.01053864168618257
2023-11-03,4325,4325,4265,4295,25169,-0.004634994206257237
2023-11-06,4290,4345,4260,4270,24509,-0.005820721769499437
2023-11-07,4270,4290,4225,4250,32445,-0.004683840749414525
2023-11-08,4260,4335,4260,4285,12967,0.008235294117647118
2023-11-09,4285,4325,4280,4310,15301,0.005834305717619559
2023-11-10,4350,4385,4280,4350,24154,0.009280742459396807
2023-11-13,4350,4350,4255,4265,20995,-0.019540229885057436
2023-11-14,4265,4325,4255,4275,12581,0.0023446658851113966
2023-11-15,4330,4345,4280,4315,20407,0.009356725146198785
2023-11-16,4340,4340,4300,4305,14336,-0.002317497103128674
2023-11-17,4315,4340,4275,4275,9431,-0.006968641114982632
2023-11-20,4295,4315,4200,4300,15197,0.005847953216374213
2023-11-21,4275,4340,4255,4280,20354,-0.0046511627906976605
2023-11-22,4265,4280,4255,4265,7940,-0.003504672897196248
2023-11-23,4260,4295,4260,4265,7586,0.0
2023-11-24,4265,4475,4255,4300,105768,0.008206330597889888
2023-11-27,4385,4460,4315,4330,97141,0.006976744186046435
2023-11-28,4320,4335,4290,4325,24776,-0.0011547344110854896
2023-11-29,4330,4330,4250,4295,26693,-0.006936416184971095
2023-11-30,4295,4315,4255,4295,17764,0.0
2023-12-01,4300,4325,4255,4295,11624,0.0
2023-12-04,4320,4320,4270,4285,12751,-0.002328288707799775
2023-12-05,4290,4290,4240,4265,12792,-0.004667444574095736
2023-12-06,4250,4265,4240,4255,13319,-0.0023446658851113966
2023-12-07,4245,4255,4240,4255,8378,0.0
2023-12-08,4270,4450,4240,4270,41815,0.003525264394829586
2023-12-11,4270,4300,4250,4280,13534,0.0023419203747072626
2023-12-12,4295,4465,4295,4325,36189,0.010514018691588856
2023-12-13,4330,4375,4325,4335,16884,0.0023121387283238093
2023-12-14,4365,4380,4330,4365,19845,0.006920415224913601
2023-12-15,4375,4380,4345,4380,16728,0.0034364261168384758
2023-12-18,4425,4425,4365,4390,13442,0.0022831050228311334
2023-12-19,4375,4375,4325,4345,15491,-0.01025056947608205
2023-12-20,4345,4450,4345,4405,26281,0.013808975834292303
2023-12-21,4395,4435,4370,4405,23553,0.0
2023-12-22,4420,4425,4385,4420,10810,0.0034052213393871433
2023-12-26,4390,4430,4380,4430,23497,0.002262443438914019
2023-12-27,4340,4430,4310,4310,21398,-0.02708803611738153
2023-12-28,4330,4365,4320,4345,9080,0.008120649651972123
2024-01-02,4345,4385,4280,4335,22248,-0.0023014959723820505
2024-01-03,4335,4335,4255,4280,21156,-0.012687427912341454
2024-01-04,4300,4300,4245,4245,14409,-0.008177570093457986
2024-01-05,4290,4290,4230,4245,10385,0.0
2024-01-08,4380,4380,4245,4255,9179,0.002355712603062443
2024-01-09,4280,4290,4245,4260,8736,0.001175088131609936
2024-01-10,4270,4275,4250,4260,6905,0.0
2024-01-11,4265,4270,4230,4245,11817,-0.0035211267605633756
2024-01-12,4245,4265,4205,4205,16715,-0.009422850412249661
2024-01-15,4205,4230,4040,4130,36573,-0.017835909631391256
2024-01-16,4190,4190,4130,4140,6815,0.002421307506053294
2024-01-17,4150,4150,4000,4055,28617,-0.020531400966183555
2024-01-18,4055,4225,4010,4120,7979,0.01602959309494456
2024-01-19,4205,4360,4115,4285,114216,0.040048543689320315
2024-01-22,4285,4330,4235,4245,16922,-0.009334889148191361
2024-01-23,4250,4340,4220,4295,19857,0.011778563015312216
2024-01-24,4300,4300,4205,4205,17959,-0.020954598370197863
2024-01-25,4205,4215,4150,4160,8792,-0.010701545778834753
2024-01-26,4150,4165,4110,4150,10129,-0.0024038461538461453
2024-01-29,4190,4190,4060,4105,23834,-0.010843373493975905
2024-01-30,4105,4120,4090,4105,8199,0.0
2024-01-31,4105,4130,4060,4115,7675,0.0024360535931791105
2024-02-01,4115,4165,4090,4150,4740,0.008505467800729027
2024-02-02,4150,4230,4130,4230,8946,0.01927710843373487
2024-02-05,4265,4265,4190,4225,8036,-0.0011820330969266601
2024-02-06,4190,4290,4150,4155,9626,-0.016568047337278125
2024-02-07,4180,4225,4135,4205,6580,0.012033694344163681
2024-02-08,4265,4380,4190,4270,81810,0.015457788347205792
2024-02-13,4310,4310,4250,4285,18945,0.003512880562060783
2024-02-14,4240,4290,4240,4285,6200,0.0
2024-02-15,4300,4300,4255,4280,10588,-0.001166861143523934
2024-02-16,4300,4300,4255,4255,8015,-0.005841121495327117
2024-02-19,4290,4290,4255,4280,11715,0.005875440658049458
2024-02-20,4260,4295,4235,4295,6609,0.003504672897196359
2024-02-21,4245,4400,4210,4225,44724,-0.016298020954598424
2024-02-22,4275,4300,4225,4260,16137,0.008284023668639007
2024-02-23,4255,4290,4235,4240,13782,-0.0046948356807511304
2024-02-26,4280,4280,4225,4225,10950,-0.003537735849056589
2024-02-27,4205,4250,4205,4230,7225,0.0011834319526626835
2024-02-28,4200,4350,4135,4220,125603,-0.0023640661938534313
2024-02-29,4260,4260,4200,4205,10439,-0.0035545023696682554
2024-03-04,4245,4245,4150,4155,25552,-0.01189060642092743
2024-03-05,4185,4675,4150,4150,736709,-0.001203369434416346
2024-03-06,4150,4185,4100,4125,64202,-0.0060240963855421326
2024-03-07,4150,4155,4100,4105,17387,-0.00484848484848488
2024-03-08,4110,4180,4110,4150,11762,0.010962241169305775
2024-03-11,4195,4195,4150,4150,12426,0.0
2024-03-12,4150,4160,4120,4160,10270,0.002409638554216942
2024-03-13,4160,4175,4125,4175,7624,0.0036057692307691624
2024-03-14,4170,4175,4150,4160,6581,-0.003592814371257469
2024-03-15,4150,4170,4130,4155,6181,-0.0012019230769231282
2024-03-18,4190,4190,4120,4125,14880,-0.0072202166064981865
2024-03-19,4125,4155,4090,4110,21616,-0.0036363636363636598
2024-03-20,4135,4215,4125,4155,39386,0.010948905109489093
2024-03-21,4180,4195,4145,4180,20014,0.006016847172081841
2024-03-22,4190,4190,4150,4180,6618,0.0
2024-03-25,4180,4180,4110,4140,21409,-0.009569377990430672
2024-03-26,4180,4180,4110,4180,13035,0.009661835748792313
2024-03-27,4180,4185,4135,4135,12303,-0.010765550239234423
2024-03-28,4135,4165,4115,4120,14909,-0.0036275695284159193
2024-03-29,4120,4155,4095,4145,28558,0.0060679611650484855
2024-04-01,4145,4170,4125,4150,15132,0.0012062726176116367
2024-04-02,4160,4175,4100,4110,38105,-0.009638554216867434
2024-04-03,4155,4155,4105,4120,4677,0.0024330900243310083
2024-04-04,4095,4135,4095,4135,8670,0.00364077669902918
2024-04-05,4155,4155,4080,4095,14501,-0.0096735187424426
2024-04-08,4135,4135,4065,4065,11999,-0.0073260073260073
2024-04-09,4075,4095,4070,4085,6797,0.004920049200491938
2024-04-11,4060,4340,4050,4145,49328,0.014687882496940086
2024-04-12,4180,4565,4045,4075,1004920,-0.016887816646562137
2024-04-15,4100,4125,4075,4115,40868,0.009815950920245342
2024-04-16,4095,4115,4010,4100,42170,-0.0036452004860266785
2024-04-17,4095,4140,4090,4100,27454,0.0
2024-04-18,4125,4200,4095,4160,22252,0.014634146341463428
2024-04-19,4160,4195,4115,4165,16973,0.0012019230769231282
2024-04-22,4160,4215,4145,4200,27547,0.008403361344537785
2024-04-23,4190,4235,4165,4205,30522,0.0011904761904761862
2024-04-24,4195,4230,4175,4185,34899,-0.0047562425683710385
2024-04-25,4200,4250,4115,4195,24053,0.002389486260454099
2024-04-26,4160,4225,4160,4190,9938,-0.0011918951132300348
2024-04-29,4210,4230,4185,4220,18997,0.007159904534606243
2024-04-30,4225,4235,4195,4225,15893,0.0011848341232227888
2024-05-02,4200,4220,4200,4220,6332,-0.0011834319526626835
2024-05-03,4210,4250,4200,4225,11248,0.0011848341232227888
2024-05-07,4220,4230,4190,4225,19004,0.0
2024-05-08,4220,4270,4205,4245,16073,0.004733727810650956
2024-05-09,4225,4270,4220,4255,15092,0.002355712603062443
2024-05-10,4240,4270,4220,4260,19991,0.001175088131609936
2024-05-13,4260,4315,4230,4315,22319,0.012910798122065748
2024-05-14,4315,4380,4290,4330,43205,0.0034762456546928444
2024-05-16,4350,4435,4350,4400,69190,0.01616628175519641
2024-05-17,4465,4465,4380,4445,47953,0.010227272727272751
2024-05-20,4485,4490,4415,4445,36150,0.0
2024-05-21,4475,4475,4415,4425,17558,-0.004499437570303688
2024-05-22,4425,4465,4390,4435,29670,0.002259887005649608
2024-05-23,4460,4490,4390,4445,43209,0.0022547914317925244
2024-05-24,4445,4445,4380,4400,22600,-0.010123734533183382
2024-05-27,4400,4400,4345,4385,13164,-0.003409090909090917
2024-05-28,4390,4390,4235,4370,18166,-0.0034207525655644
2024-05-29,4350,4370,4275,4275,17083,-0.021739130434782594
2024-05-30,4275,4300,4275,4280,6345,0.0011695906432749315
2024-05-31,4290,4370,4290,4325,11761,0.010514018691588856
2024-06-03,4325,4405,4325,4390,20702,0.015028901734104094
2024-06-04,4400,4405,4330,4380,15934,-0.002277904328018221
2024-06-05,4380,4380,4335,4370,10006,-0.0022831050228310223
2024-06-07,4370,4415,4355,4370,11780,0.0
2024-06-10,4350,4365,4335,4360,5606,-0.0022883295194507935
2024-06-11,4350,4365,4330,4335,4765,-0.005733944954128489
2024-06-12,4350,4355,4315,4330,3119,-0.0011534025374856371
2024-06-13,4330,4340,4275,4275,10778,-0.012702078521939941
2024-06-14,4275,4290,4245,4255,14484,-0.004678362573099393
2024-06-17,4260,4305,4260,4295,11621,0.009400705052879044
2024-06-18,4295,4325,4265,4320,5465,0.005820721769499437
2024-06-19,4300,4330,4260,4265,11695,-0.01273148148148151
2024-06-20,4265,4270,4235,4270,5387,0.0011723329425556983
2024-06-21,4260,4375,4225,4275,10997,0.0011709601873535203
2024-06-24,4280,4335,4245,4275,8053,0.0
2024-06-25,4275,4300,4235,4255,5972,-0.004678362573099393
2024-06-26,4280,4295,4255,4285,4631,0.007050528789659172
2024-06-27,4285,4290,4265,4285,5387,0.0
2024-06-28,4345,4345,4290,4310,10497,0.005834305717619559
2024-07-01,4310,4450,4310,4405,35346,0.022041763341067222
2024-07-02,4370,4430,4350,4395,25044,-0.002270147559591429
2024-07-03,4360,4425,4320,4325,22205,-0.015927189988623414
2024-07-04,4305,4415,4305,4355,29213,0.006936416184971206
2024-07-05,4410,4525,4370,4455,72892,0.02296211251435132
2024-07-08,4440,4460,4420,4440,14293,-0.0033670033670033517
2024-07-09,4445,4445,4375,4375,15501,-0.014639639639639657
2024-07-10,4375,4470,4355,4470,16744,0.021714285714285797
2024-07-11,4470,4555,4445,4505,21291,0.007829977628635243
2024-07-12,4480,4480,4440,4440,6846,-0.01442841287458374
2024-07-15,4440,4465,4415,4435,10531,-0.0011261261261261701
2024-07-16,4435,4495,4405,4405,20272,-0.006764374295377684
2024-07-17,4405,4500,4405,4465,41319,0.013620885357548351
2024-07-18,4465,5740,4450,4530,6840801,0.014557670772676445
2024-07-19,4540,4980,4540,4660,797351,0.028697571743929284
2024-07-22,4800,5390,4750,5230,1289161,0.12231759656652352
2024-07-23,5050,5180,4950,5110,259613,-0.02294455066921608
2024-07-24,5200,5270,4870,4975,208411,-0.026418786692759322
2024-07-25,4825,5040,4705,4825,141874,-0.03015075376884424
2024-07-26,4780,5200,4780,4935,159828,0.022797927461139844
2024-07-29,4935,5150,4900,4900,114808,-0.007092198581560294
2024-07-30,4840,4935,4790,4895,49383,-0.0010204081632653184
2024-07-31,4895,5020,4720,4860,82116,-0.007150153217568955
2024-08-01,4880,5060,4870,5000,84696,0.028806584362139898
2024-08-02,4940,5040,4890,4965,81193,-0.007000000000000006
2024-08-05,4860,5030,4495,4565,229788,-0.080563947633434
2024-08-06,4410,4925,4410,4915,100727,0.07667031763417298
2024-08-07,4820,5050,4820,4910,42370,-0.0010172939979654627
2024-08-08,4995,5130,4910,5040,77846,0.026476578411405383
2024-08-09,5000,5120,4920,5010,55181,-0.005952380952380931
2024-08-12,5000,5280,5000,5220,103129,0.041916167664670656
2024-08-13,5390,5490,5100,5180,234689,-0.007662835249042099
2024-08-14,5140,5280,5100,5150,53485,-0.00579150579150578
2024-08-16,5120,5200,5000,5040,65651,-0.021359223300970842
2024-08-19,5030,5120,4950,4950,54846,-0.017857142857142905
2024-08-20,4920,5000,4830,4835,48185,-0.02323232323232327
2024-08-21,4880,4995,4760,4815,74949,-0.004136504653567741
2024-08-22,4800,4860,4710,4725,48882,-0.01869158878504673
2024-08-23,4750,4950,4720,4735,29561,0.002116402116402183
2024-08-26,4725,4880,4725,4730,17396,-0.001055966209081327
2024-08-27,4735,4815,4725,4740,18311,0.0021141649048626032
2024-08-28,4740,4950,4730,4745,30084,0.001054852320675037
2024-08-29,4680,4850,4545,4630,71226,-0.02423603793466811
2024-08-30,4600,4715,4555,4630,26437,0.0
2024-09-02,4595,4600,4480,4510,44501,-0.02591792656587477
2024-09-03,4535,4540,4470,4470,23171,-0.008869179600886956
2024-09-04,4465,4540,4445,4520,22219,0.01118568232662187
2024-09-05,4520,4540,4425,4500,17683,-0.004424778761061954
2024-09-06,4460,4520,4430,4490,27911,-0.0022222222222222365
2024-09-09,4435,4870,4435,4825,118322,0.07461024498886415
2024-09-10,4825,4885,4760,4830,30767,0.0010362694300518616
2024-09-11,4830,4895,4755,4820,38000,-0.0020703933747412417
2024-09-12,4870,4875,4780,4830,8778,0.0020746887966804906
2024-09-13,4785,4890,4680,4820,20048,-0.0020703933747412417
2024-09-19,4820,4865,4785,4850,18325,0.006224066390041472
2024-09-20,4850,4900,4810,4850,7482,0.0
2024-09-23,4780,4835,4640,4695,51414,-0.031958762886597936
2024-09-24,4670,4855,4670,4815,41731,0.025559105431310014
2024-09-25,4820,4870,4805,4815,14510,0.0
2024-09-26,4815,4880,4810,4825,15083,0.0020768431983384517
2024-09-27,4815,4940,4815,4865,8424,0.008290155440414448
2024-09-30,4865,4925,4830,4870,10893,0.0010277492291881352
2024-10-02,4885,4920,4845,4905,19528,0.007186858316221789
2024-10-04,4920,4955,4875,4920,31362,0.003058103975535076
2024-10-07,4920,4970,4885,4925,11959,0.00101626016260159
2024-10-08,4945,5020,4875,4945,31593,0.004060913705583813
2024-10-10,4945,4945,4845,4850,28263,-0.01921132457027297
2024-10-11,4850,4940,4850,4890,19079,0.008247422680412342
2024-10-14,4890,4905,4840,4890,12505,0.0
2024-10-15,4860,4920,4860,4895,20087,0.0010224948875254825
2024-10-16,4895,4945,4890,4900,11497,0.0010214504596526286
2024-10-17,4860,4905,4835,4835,26866,-0.013265306122449028
2024-10-18,4735,4910,4570,4870,11804,0.007238883143743546
2024-10-21,4815,4895,4815,4870,8427,0.0
2024-10-22,4820,4895,4820,4880,8543,0.002053388090349051
2024-10-23,4985,4985,4850,4890,4653,0.002049180327868827
2024-10-24,4850,4955,4850,4900,7094,0.002044989775051187
2024-10-25,4925,4925,4885,4920,8953,0.004081632653061273
2024-10-28,4920,4935,4875,4915,14523,-0.00101626016260159
2024-10-29,4900,4960,4895,4910,9249,-0.0010172939979654627
2024-10-30,4905,4975,4885,4945,7859,0.007128309572301372
2024-10-31,4945,4995,4885,4940,12401,-0.0010111223458038054
2024-11-01,4940,4950,4875,4935,11674,-0.0010121457489878916
2024-11-04,4970,4970,4910,4955,7128,0.004052684903748771
2024-11-05,4955,4970,4910,4960,11723,0.0010090817356205317
2024-11-06,4950,4970,4915,4915,11188,-0.009072580645161255
2024-11-07,4925,4925,4825,4880,11864,-0.007121057985757906
2024-11-08,4850,4970,4850,4935,11096,0.01127049180327866
2024-11-11,4935,4945,4870,4885,15252,-0.010131712259371817
2024-11-12,4875,5000,4800,4850,29117,-0.007164790174002067
2024-11-13,4805,4875,4805,4850,13261,0.0
2024-11-14,4830,4885,4830,4860,8036,0.0020618556701030855
2024-11-15,4850,4915,4840,4910,15162,0.010288065843621297
2024-11-18,4930,4950,4895,4905,23684,-0.0010183299389001643
2024-11-19,4870,4955,4870,4910,12639,0.0010193679918450993
2024-11-20,4985,5000,4925,4945,9711,0.007128309572301372
2024-11-21,4995,5020,4950,5000,22356,0.011122345803842304
2024-11-22,5030,5080,4975,5010,25792,0.0020000000000000018
2024-11-25,5070,5070,4920,4945,14772,-0.012974051896207595
2024-11-26,4915,5040,4915,4920,18333,-0.005055611729019249
2024-11-27,4920,5000,4800,4830,31923,-0.018292682926829285
2024-11-28,4800,4830,4800,4815,6578,-0.0031055900621117516
2024-11-29,4815,4875,4780,4870,7601,0.011422637590861928
2024-12-02,4825,4920,4450,4580,88703,-0.05954825462012325
2024-12-03,4560,4675,4560,4650,12305,0.015283842794759916
2024-12-04,4645,4665,4590,4615,10981,-0.007526881720430145
2024-12-05,4615,4800,4560,4605,10715,-0.0021668472372697867
2024-12-06,4695,4695,4450,4505,22697,-0.021715526601520097
2024-12-09,4450,4450,3700,3855,671828,-0.14428412874583796
2024-12-10,3990,4055,3890,4030,25584,0.045395590142671916
2024-12-11,4030,4175,3960,4140,22325,0.027295285359801413
2024-12-12,4140,4180,4085,4165,15538,0.006038647342995196
2024-12-13,4200,4215,4000,4150,41224,-0.0036014405762304635
2024-12-16,4150,4250,4150,4230,15784,0.01927710843373487
2024-12-17,4365,4365,4210,4310,12226,0.01891252955082745
2024-12-18,4300,4400,4100,4210,113082,-0.023201856148491906
2024-12-19,4210,4210,4100,4160,54031,-0.01187648456057011
2024-12-20,4160,4215,4050,4125,54033,-0.008413461538461564
2024-12-23,4190,4230,4125,4180,20164,0.01333333333333342
2024-12-24,4185,4250,4180,4220,21294,0.009569377990430672
2024-12-26,4245,4285,4220,4255,34448,0.0082938388625593
2024-12-27,4210,4230,4025,4050,37925,-0.04817861339600471
2024-12-30,4050,4100,3965,3980,26781,-0.01728395061728394
2025-01-02,3980,4035,3910,3940,36793,-0.01005025125628145
2025-01-03,3945,4000,3930,3965,32160,0.006345177664974555
2025-01-06,3990,4045,3965,4040,10491,0.018915510718789497
2025-01-07,4095,4100,4040,4040,7905,0.0
2025-01-08,4055,4080,4030,4050,3217,0.0024752475247524774
2025-01-09,4090,4090,4040,4085,5409,0.00864197530864197
2025-01-10,4070,4110,4070,4100,5753,0.003671970624234966
2025-01-13,4100,4120,4015,4020,11551,-0.019512195121951237
2025-01-14,4015,4050,3990,4025,12444,0.0012437810945273853
2025-01-15,4025,4045,4005,4010,5183,-0.003726708074534124
2025-01-16,4020,4060,4015,4035,8079,0.006234413965087171
2025-01-17,4035,4050,4020,4035,7749,0.0
2025-01-20,4055,4060,4030,4035,5529,0.0
2025-01-21,4040,4060,4030,4060,8550,0.006195786864931829
2025-01-22,4080,4080,4030,4040,8730,-0.0049261083743842304
2025-01-23,4090,4260,3995,4040,215180,0.0
2025-01-24,4040,4075,4010,4045,11260,0.0012376237623761277
2025-01-31,4070,4070,3980,4000,14915,-0.011124845488257096
2025-02-03,4000,4000,3870,3940,22127,-0.015000000000000013
2025-02-04,4050,4050,3985,4010,7267,0.017766497461928932
2025-02-05,4010,4050,3985,3985,5271,-0.006234413965087282
2025-02-06,4030,4030,3965,4005,11539,0.005018820577164407
2025-02-07,3990,4020,3970,3970,4457,-0.008739076154806513
2025-02-10,3970,4000,3900,3990,17492,0.005037783375314797
2025-02-11,3955,4005,3930,3985,13726,-0.0012531328320801727
2025-02-12,3955,4000,3955,3980,2998,-0.0012547051442910462
2025-02-13,4010,4010,3955,4000,5248,0.005025125628140614
2025-02-14,4035,4035,3960,3980,6747,-0.0050000000000000044
2025-02-17,4000,4040,3975,3990,9413,0.002512562814070307
2025-02-18,3980,4025,3980,4005,3334,0.003759398496240518
2025-02-19,4005,4045,3990,4015,4249,0.0024968789013732895
2025-02-20,4015,4030,4000,4010,3478,-0.001245330012453305
2025-02-21,4010,4045,4010,4040,3124,0.007481296758104827
2025-02-24,4035,4055,4000,4040,6939,0.0
2025-02-25,4040,4180,4025,4060,44301,0.004950495049504955
2025-02-26,4060,4150,4060,4090,10878,0.00738916256157629
2025-02-27,4090,4180,4035,4060,22181,-0.007334963325183352
2025-02-28,4100,4100,4015,4015,7926,-0.011083743842364546
2025-03-04,4010,4070,4010,4025,7748,0.00249066002490661
2025-03-05,4025,4065,4025,4060,3425,0.008695652173912993
2025-03-06,4080,4080,4040,4050,3148,-0.0024630541871921707
2025-03-07,4075,4075,4025,4030,3720,-0.004938271604938316
2025-03-10,4060,4060,4025,4035,3611,0.001240694789081953
2025-03-11,4065,4065,4005,4065,5139,0.0074349442379182396
2025-03-12,4025,4065,4020,4025,6931,-0.009840098400983988
2025-03-13,4030,4070,4030,4040,5576,0.003726708074534235
2025-03-14,4035,4060,4025,4035,3244,-0.0012376237623762387
2025-03-17,4070,4070,4025,4025,4306,-0.0024783147459727095
2025-03-18,4055,4055,4025,4035,5316,0.00248447204968949
2025-03-19,4025,4055,4025,4035,7701,0.0
2025-03-20,4025,4070,4025,4030,5367,-0.0012391573729864103
2025-03-21,4025,4040,4020,4040,6540,0.002481389578163684
2025-03-24,4025,4055,4025,4030,4578,-0.0024752475247524774
2025-03-25,4025,4045,4010,4040,5579,0.002481389578163684
2025-03-26,4040,4045,4010,4020,5903,-0.004950495049504955
2025-03-27,4040,4055,4015,4015,6536,-0.0012437810945273853
2025-03-28,4010,4025,4005,4005,4303,-0.00249066002490661
2025-03-31,4000,4060,3980,4005,15064,0.0
2025-04-01,4000,4065,3995,4005,8953,0.0
2025-04-02,4040,4040,3960,3985,16767,-0.004993757802746579
2025-04-03,3995,4005,3960,3980,9710,-0.0012547051442910462
2025-04-04,3990,4007,3905,3930,23388,-0.012562814070351758
2025-04-07,3940,3950,3895,3905,6768,-0.006361323155216314
2025-04-08,3940,3940,3865,3890,19183,-0.003841229193341844
2025-04-09,3930,3930,3885,3895,4424,0.0012853470437017567
2025-04-10,3935,3960,3885,3950,10791,0.01412066752246477
2025-04-11,3960,4000,3890,3995,8663,0.0113924050632912
2025-04-14,3995,4055,3995,4010,12184,0.003754693366708306
2025-04-15,4015,4030,3995,4025,7539,0.0037406483790523026
2025-04-16,4055,4055,3990,4010,4534,-0.003726708074534124
2025-04-17,4000,4045,3990,4000,4954,-0.0024937655860348684
2025-04-18,4005,4055,3990,4025,5458,0.006250000000000089
2025-04-21,4030,4050,4005,4005,3065,-0.004968944099378869
2025-04-22,4005,4020,3990,4005,5330,0.0
2025-04-23,4010,4050,4005,4020,8387,0.0037453183520599342
2025-04-24,4025,4070,4020,4040,9853,0.004975124378109541
2025-04-25,4045,4075,4040,4055,9963,0.003712871287128605
2025-04-28,4050,4070,4045,4050,9373,-0.0012330456226880004
2025-04-29,4050,4075,4045,4050,9253,0.0
2025-04-30,4055,4065,4010,4030,12224,-0.004938271604938316
2025-05-02,4030,4080,3985,4070,14827,0.00992555831265518
2025-05-07,4090,4090,4035,4050,9530,-0.004914004914004955
2025-05-08,4055,4070,4040,4070,2425,0.004938271604938205
2025-05-09,4075,4085,4045,4050,3887,-0.004914004914004955
2025-05-12,4050,4085,4030,4065,11897,0.0037037037037037646
2025-05-13,4070,4115,4070,4090,9828,0.006150061500614923
2025-05-14,4115,4115,4080,4100,6430,0.0024449877750611915
2025-05-15,4125,4200,4090,4170,14132,0.017073170731707332
2025-05-16,4170,4190,4145,4155,24399,-0.003597122302158251
2025-05-19,4155,4210,4135,4160,28029,0.001203369434416457
2025-05-20,4160,4160,4065,4120,11490,-0.009615384615384581
2025-05-21,4120,4150,4080,4115,9316,-0.0012135922330097637
2025-05-22,4115,4195,4115,4130,1230,0.0036452004860267895
2025-05-23,4125,4160,4105,4160,7017,0.007263922518159882
2025-05-26,4160,4195,4140,4140,10279,-0.004807692307692291
2025-05-27,4140,4150,4095,4100,8596,-0.009661835748792313
2025-05-28,4100,4170,4100,4155,7134,0.013414634146341475
2025-05-29,4170,4195,4150,4190,8621,0.008423586040914532
2025-05-30,4180,4210,4175,4205,13452,0.0035799522673030104
2025-06-02,4210,4235,4185,4225,14513,0.0047562425683709275
2025-06-04,4240,4265,4225,4255,10796,0.007100591715976323
2025-06-05,4255,4310,4250,4300,17312,0.010575793184488758
2025-06-09,4300,4410,4285,4365,30191,0.015116279069767424
2025-06-10,4365,4400,4340,4340,9709,-0.00572737686139746
2025-06-11,4340,4445,4340,4425,26633,0.019585253456221308
2025-06-12,4430,4455,4425,4435,7096,0.002259887005649608
2025-06-13,4400,4430,4355,4370,27211,-0.01465614430665163
2025-06-16,4370,4400,4355,4375,8336,0.0011441647597254523
2025-06-17,4375,4425,4335,4400,20308,0.005714285714285783
2025-06-18,4400,4450,4390,4420,12360,0.00454545454545463
2025-06-19,4450,4450,4400,4400,5011,-0.004524886877828038
2025-06-20,4400,4425,4375,4405,8597,0.001136363636363713
2025-06-23,4370,4415,4370,4395,2911,-0.002270147559591429
2025-06-24,4395,4410,4370,4400,7882,0.0011376564277587597
2025-06-25,4430,4430,4370,4385,8826,-0.003409090909090917
2025-06-26,4385,4400,4345,4365,12032,-0.004561003420752607
2025-06-27,4360,4385,4310,4330,10686,-0.008018327605956443
2025-06-30,4400,4400,4310,4335,6758,0.0011547344110853786
2025-07-01,4335,4385,4300,4365,17696,0.006920415224913601
2025-07-02,4405,4405,4330,4370,6034,0.001145475372279492
2025-07-03,4380,4425,4370,4385,13476,0.003432494279176135
2025-07-04,4385,4410,4350,4400,6991,0.003420752565564511
2025-07-07,4400,4480,4365,4415,14425,0.003409090909090917
2025-07-08,4450,4450,4395,4430,8693,0.003397508493771184
2025-07-09,4445,4465,4415,4445,12658,0.003386004514672747
2025-07-10,4465,4475,4440,4475,9679,0.006749156355455588
2025-07-11,4475,4560,4425,4490,14098,0.003351955307262511
2025-07-14,4490,4535,4480,4530,15823,0.008908685968819663
2025-07-15,4525,4540,4500,4525,7949,-0.001103752759381904
2025-07-16,4525,4540,4490,4490,6469,-0.007734806629834279
2025-07-17,4490,4490,4440,4485,8323,-0.00111358574610243
2025-07-18,4490,4490,4415,4415,9214,-0.015607580824972156
2025-07-21,4435,4450,4405,4420,6087,0.0011325028312569874
2025-07-22,4420,4445,4405,4445,8794,0.005656108597285048
2025-07-23,4450,4655,4430,4600,86913,0.03487064116985383
2025-07-24,4645,4645,4580,4600,39881,0.0
2025-07-25,4590,4635,4555,4600,14326,0.0
2025-07-28,4575,4625,4575,4575,17771,-0.005434782608695676
2025-07-29,4575,4620,4560,4610,18594,0.007650273224043769
2025-07-30,4580,4645,4580,4635,22439,0.005422993492407713
2025-07-31,4640,4650,4610,4645,13400,0.0021574973031284195
2025-08-01,4645,4645,4580,4590,18409,-0.011840688912809427
2025-08-04,4590,4615,4550,4605,15064,0.0032679738562091387
2025-08-05,4625,4630,4605,4630,8725,0.005428881650380024
2025-08-06,4625,4640,4605,4630,7224,0.0
2025-08-07,4630,4635,4605,4630,8452,0.0
2025-08-08,4620,4630,4600,4630,8864,0.0
