Date,Open,High,Low,Close,Volume,Change
2022-01-03,2765,2810,2700,2805,3954924,0.0017857142857142794
2022-01-04,2760,2820,2645,2645,5020001,-0.057040998217468775
2022-01-05,2725,2750,2555,2580,3556083,-0.02457466918714557
2022-01-06,2520,2555,2455,2465,1655812,-0.04457364341085268
2022-01-07,2470,3200,2465,3200,60298070,0.29817444219066935
2022-01-10,3015,3080,2965,3070,6145902,-0.04062500000000002
2022-01-11,3050,3105,3040,3050,2905808,-0.006514657980456029
2022-01-12,3095,3390,3075,3265,5594875,0.07049180327868854
2022-01-13,3185,4240,3130,4240,58445595,0.29862174578866774
2022-01-14,4200,4285,3935,4055,14056193,-0.04363207547169812
2022-01-17,4090,4145,3730,3865,6977091,-0.04685573366214546
2022-01-18,4065,4870,3750,3750,93822117,-0.02975420439844756
2022-01-19,3790,4050,3350,3500,27610806,-0.06666666666666665
2022-01-20,3560,3710,3350,3670,27043437,0.04857142857142849
2022-01-21,3540,4690,3515,4410,73788368,0.20163487738419628
2022-01-24,4590,5030,4220,4330,47676593,-0.01814058956916098
2022-01-25,4430,4730,4260,4465,29074436,0.03117782909930722
2022-01-26,4280,4325,3900,3900,10092471,-0.12653975363941772
2022-01-27,4005,4160,3670,3770,12457052,-0.033333333333333326
2022-01-28,3775,4200,3560,4200,21183995,0.11405835543766574
2022-02-03,4250,4600,4175,4210,13386111,0.0023809523809523725
2022-02-04,4165,5440,4055,5250,79771533,0.24703087885985742
2022-02-07,5150,5200,4780,4860,18315125,-0.07428571428571429
2022-02-08,4935,5070,4630,4780,17041444,-0.016460905349794275
2022-02-09,4710,4860,4600,4845,9817042,0.013598326359832713
2022-02-10,4790,5390,4730,4910,27219840,0.013415892672858698
2022-02-11,4965,5170,4690,4800,10783371,-0.022403258655804503
2022-02-14,5020,5230,4750,4750,14645226,-0.01041666666666663
2022-02-15,4785,4845,4340,4340,6889381,-0.08631578947368423
2022-02-16,4185,4630,4100,4530,10904549,0.04377880184331806
2022-02-17,4550,4950,4465,4600,13318139,0.015452538631346657
2022-02-18,4670,4770,4400,4400,5446100,-0.04347826086956519
2022-02-21,4600,4605,4280,4305,5801910,-0.021590909090909105
2022-02-22,4445,4540,4240,4255,8938782,-0.011614401858304313
2022-02-23,4315,4380,4225,4315,4119652,0.014101057579318343
2022-02-24,4365,5070,4330,4725,52619945,0.09501738122827352
2022-02-25,4430,5150,4400,4780,20629875,0.011640211640211673
2022-02-28,4875,4925,4670,4670,5681882,-0.023012552301255207
2022-03-02,4675,4975,4675,4905,9484205,0.05032119914346889
2022-03-03,4830,4850,4535,4580,4786200,-0.06625891946992868
2022-03-04,4540,4660,4380,4410,2976041,-0.037117903930131035
2022-03-07,4515,4540,4375,4380,2230243,-0.006802721088435382
2022-03-08,4300,4380,4070,4095,2760061,-0.06506849315068497
2022-03-10,4090,4275,4050,4130,2347953,0.008547008547008517
2022-03-11,4135,4160,3965,3990,2288667,-0.03389830508474578
2022-03-14,4220,4640,4200,4285,12574453,0.07393483709273174
2022-03-15,4300,4315,4120,4135,2193734,-0.035005834305717576
2022-03-16,4185,4275,4045,4065,3186697,-0.016928657799274438
2022-03-17,4280,4650,4160,4165,10098351,0.024600246002460135
2022-03-18,4200,4295,4170,4225,2504853,0.014405762304922076
2022-03-21,4295,4310,4185,4190,1804800,-0.008284023668639007
2022-03-22,4140,4230,4110,4225,1518997,0.00835322195704058
2022-03-23,4200,4215,4120,4175,1779014,-0.011834319526627168
2022-03-24,4165,4170,4105,4145,1513443,-0.007185628742514938
2022-03-25,4455,4465,4210,4210,5672590,0.01568154402895061
2022-03-28,4240,4415,4195,4255,3558045,0.010688836104512989
2022-03-29,4290,4310,4105,4110,1822349,-0.034077555816686256
2022-03-30,4055,4065,3970,3980,1530817,-0.031630170316301665
2022-03-31,3995,4050,3960,4005,855434,0.00628140703517599
2022-04-01,3965,4105,3965,4020,1286333,0.0037453183520599342
2022-04-04,4035,4085,4025,4075,781308,0.013681592039801016
2022-04-05,4035,4060,3985,4005,889229,-0.01717791411042946
2022-04-06,3990,4050,3870,3910,1445699,-0.02372034956304614
2022-04-07,3855,3905,3765,3830,1436318,-0.020460358056266004
2022-04-08,3830,4020,3825,3885,1833604,0.01436031331592691
2022-04-11,3845,3945,3835,3880,765390,-0.0012870012870013214
2022-04-12,3805,3880,3725,3780,872690,-0.02577319587628868
2022-04-13,3780,3855,3775,3855,582550,0.01984126984126977
2022-04-14,3860,4045,3825,4045,1363671,0.04928664072632949
2022-04-15,4025,4030,3960,4015,889941,-0.007416563658838027
2022-04-18,4035,4045,3885,3915,811102,-0.02490660024906599
2022-04-19,3940,3980,3865,3975,749803,0.015325670498084198
2022-04-20,3975,3985,3855,3855,748475,-0.030188679245283012
2022-04-21,3810,3930,3810,3895,873459,0.01037613488975353
2022-04-22,4005,4050,3820,3830,1756914,-0.016688061617458283
2022-04-25,3690,3745,3545,3565,1415340,-0.06919060052219317
2022-04-26,3675,4220,3630,3890,11581600,0.09116409537166903
2022-04-27,3785,4420,3710,4030,20508761,0.0359897172236503
2022-04-28,4195,4195,3810,3850,3095355,-0.04466501240694787
2022-04-29,3860,3965,3800,3805,1299656,-0.011688311688311637
2022-05-02,3710,4190,3710,4025,6146518,0.05781865965834432
2022-05-03,4000,4145,3960,4070,4410924,0.011180124223602483
2022-05-04,4420,5250,4280,4755,58939075,0.16830466830466828
2022-05-06,4600,4920,4510,4580,9855738,-0.03680336487907465
2022-05-09,4650,5100,4510,4935,31218080,0.07751091703056767
2022-05-10,4600,4670,4310,4490,6743917,-0.09017223910840932
2022-05-11,4605,4750,4335,4340,6423819,-0.03340757238307346
2022-05-12,4310,4515,4070,4200,5032434,-0.032258064516129004
2022-05-13,4210,4415,4130,4270,3809523,0.016666666666666607
2022-05-16,4295,4315,4130,4220,2037978,-0.011709601873536313
2022-05-17,4270,4350,4165,4290,2355514,0.016587677725118377
2022-05-18,4340,4360,4200,4205,2536157,-0.019813519813519864
2022-05-19,4040,4375,3980,4360,2754629,0.03686087990487508
2022-05-20,4300,4360,4230,4300,1678629,-0.013761467889908285
2022-05-23,4450,4865,4350,4450,15871247,0.03488372093023262
2022-05-24,4485,4580,4250,4260,3404845,-0.04269662921348316
2022-05-25,4340,4445,4160,4440,3244256,0.04225352112676051
2022-05-26,4380,4400,4250,4280,1584148,-0.036036036036036
2022-05-27,4280,4365,4235,4250,1201192,-0.007009345794392496
2022-05-30,4260,4375,4235,4295,1265854,0.010588235294117565
2022-05-31,4335,4370,4245,4250,1309724,-0.010477299185098987
2022-06-02,4270,4465,4220,4315,3000711,0.015294117647058902
2022-06-03,4370,4805,4320,4745,25343033,0.09965237543453065
2022-06-07,5200,5750,5010,5570,66136403,0.1738672286617493
2022-06-08,5410,5920,5400,5590,21907657,0.0035906642728904536
2022-06-09,5610,5760,5260,5420,10592811,-0.030411449016100156
2022-06-10,5320,5570,5020,5160,11241593,-0.047970479704797064
2022-06-13,5150,5320,4960,5250,12235110,0.01744186046511631
2022-06-14,5080,5200,4725,4870,6518687,-0.07238095238095243
2022-06-15,4855,4920,4605,4630,4811962,-0.04928131416837778
2022-06-16,4500,4725,4490,4490,3788787,-0.030237580993520474
2022-06-17,4405,4610,4315,4550,3353176,0.013363028953229383
2022-06-20,4735,4770,4200,4255,5368318,-0.06483516483516483
2022-06-21,4285,4345,4150,4240,2273750,-0.003525264394829586
2022-06-22,4270,4270,3725,3730,4572288,-0.12028301886792447
2022-06-23,3710,3750,3395,3395,3712144,-0.08981233243967823
2022-06-24,3420,3550,3365,3525,2279232,0.038291605301914666
2022-06-27,3550,3695,3505,3675,1824137,0.042553191489361764
2022-06-28,3665,3765,3600,3735,1977696,0.01632653061224487
2022-06-29,3650,3775,3630,3750,1477439,0.004016064257028162
2022-06-30,3745,3760,3480,3500,1851998,-0.06666666666666665
2022-07-01,3480,3680,3340,3400,2047485,-0.02857142857142858
2022-07-04,3460,3470,3210,3280,1321975,-0.03529411764705881
2022-07-05,3300,3395,3265,3390,1695375,0.03353658536585358
2022-07-06,3360,3360,3200,3210,1132733,-0.053097345132743334
2022-07-07,3225,3290,3195,3260,1003070,0.015576323987538832
2022-07-08,3295,3395,3280,3350,1339893,0.027607361963190247
2022-07-11,3450,3475,3365,3385,1223182,0.010447761194029903
2022-07-12,3340,3360,3200,3210,956805,-0.05169867060561295
2022-07-13,3195,3285,3130,3210,985225,0.0
2022-07-14,3210,3365,3170,3250,1298851,0.012461059190031154
2022-07-15,3260,3275,3110,3155,836005,-0.029230769230769282
2022-07-18,3190,3250,3180,3235,605712,0.02535657686212356
2022-07-19,3260,3325,3235,3250,966570,0.004636785162287493
2022-07-20,3310,3345,3260,3300,1061203,0.01538461538461533
2022-07-21,3325,3485,3295,3450,2438955,0.045454545454545414
2022-07-22,3475,3720,3410,3515,6776876,0.018840579710144967
2022-07-25,3525,3665,3445,3585,3332713,0.019914651493598834
2022-07-26,3585,3585,3500,3520,1022659,-0.018131101813110173
2022-07-27,3500,3570,3495,3505,929864,-0.0042613636363636465
2022-07-28,3575,3875,3570,3680,9914418,0.049928673323823114
2022-07-29,3685,3765,3650,3740,2239379,0.016304347826086918
2022-08-01,3750,3810,3715,3745,1836363,0.0013368983957218195
2022-08-02,3780,4410,3745,4190,41733195,0.11882510013351144
2022-08-03,4240,4335,4070,4110,7609034,-0.019093078758949833
2022-08-04,4125,4160,4010,4045,3475568,-0.015815085158150888
2022-08-05,4065,4080,3895,4055,3030864,0.0024721878862794533
2022-08-08,3970,4170,3950,4135,2792936,0.019728729963008673
2022-08-09,4120,4120,3975,3995,1794343,-0.03385731559854899
2022-08-10,4020,4060,3915,3940,1321355,-0.013767209011264048
2022-08-11,3965,4045,3965,4030,1145155,0.02284263959390853
2022-08-12,4100,4245,4035,4050,5498153,0.00496277915632759
2022-08-16,4070,4190,4015,4170,2770881,0.029629629629629672
2022-08-17,4200,4255,4045,4150,2594334,-0.004796163069544335
2022-08-18,4145,4175,4065,4090,1253791,-0.014457831325301207
2022-08-19,4085,4130,3985,4000,1075430,-0.022004889975550168
2022-08-22,3935,3980,3820,3830,1264979,-0.04249999999999998
2022-08-23,3730,3880,3700,3775,941673,-0.01436031331592691
2022-08-24,3820,4050,3820,3915,3284387,0.03708609271523189
2022-08-25,3920,3980,3885,3915,736180,0.0
2022-08-26,3975,4090,3940,4090,2037789,0.04469987228607919
2022-08-29,3980,4130,3935,4000,2055596,-0.022004889975550168
2022-08-30,4035,4095,3905,3925,1219130,-0.018750000000000044
2022-08-31,3860,3885,3795,3870,1073857,-0.014012738853503182
2022-09-01,3875,3930,3745,3830,1069469,-0.01033591731266148
2022-09-02,3830,3830,3655,3675,945555,-0.04046997389033946
2022-09-05,3640,3725,3555,3600,983649,-0.020408163265306145
2022-09-06,3590,3655,3590,3600,440054,0.0
2022-09-07,3620,3665,3410,3440,850152,-0.0444444444444444
2022-09-08,3455,3525,3415,3450,461495,0.0029069767441860517
2022-09-13,3480,3680,3480,3575,1014047,0.03623188405797095
2022-09-14,3405,3500,3395,3470,589499,-0.029370629370629397
2022-09-15,3475,3560,3465,3475,561238,0.0014409221902016434
2022-09-16,3430,3475,3300,3345,999642,-0.037410071942446055
2022-09-19,3380,3460,3320,3350,1352379,0.001494768310911887
2022-09-20,3335,3410,3335,3370,485401,0.005970149253731405
2022-09-21,3360,3420,3325,3370,559502,0.0
2022-09-22,3425,3530,3390,3405,1788207,0.010385756676557945
2022-09-23,3410,3410,3175,3180,971983,-0.06607929515418498
2022-09-26,3215,3350,2970,2980,1675966,-0.06289308176100628
2022-09-27,2925,3025,2875,2975,936011,-0.001677852348993314
2022-09-28,2945,3015,2755,2780,1016427,-0.06554621848739495
2022-09-29,2890,3065,2885,2975,1743364,0.07014388489208634
2022-09-30,2930,2995,2850,2920,780494,-0.01848739495798324
2022-10-04,3000,3155,2980,3150,1298220,0.07876712328767121
2022-10-05,3200,3345,3120,3160,2986087,0.0031746031746031633
2022-10-06,3180,3190,3125,3180,668002,0.006329113924050667
2022-10-07,3185,3190,3105,3180,683118,0.0
2022-10-11,3135,3275,3005,3015,1519904,-0.05188679245283023
2022-10-12,2980,2985,2800,2855,1012444,-0.05306799336650081
2022-10-13,2850,2870,2605,2605,908889,-0.08756567425569173
2022-10-14,2685,3050,2675,2995,4164806,0.14971209213051817
2022-10-17,2900,3000,2865,2940,835375,-0.018363939899833093
2022-10-18,3005,3030,2940,2960,561490,0.006802721088435382
2022-10-19,3025,3110,2970,3055,2305687,0.03209459459459452
2022-10-20,3440,3520,3055,3095,8238502,0.013093289689034338
2022-10-21,3105,3195,3005,3065,1547285,-0.009693053311793265
2022-10-24,3105,3115,3050,3060,1021987,-0.0016313213703099683
2022-10-25,3060,3110,3010,3065,961432,0.0016339869281045694
2022-10-26,3170,3230,3040,3060,1752213,-0.0016313213703099683
2022-10-27,3035,3075,3030,3060,404488,0.0
2022-10-28,3025,3140,3020,3070,1065741,0.0032679738562091387
2022-10-31,3060,3075,3015,3025,541807,-0.014657980456026065
2022-11-01,3030,3140,3030,3135,1291216,0.036363636363636376
2022-11-02,3240,3305,3180,3200,5549172,0.020733652312599604
2022-11-03,3275,3295,3125,3165,2129105,-0.010937500000000044
2022-11-04,3145,3245,3135,3185,1736432,0.006319115323854652
2022-11-07,3150,3155,3080,3100,1017670,-0.026687598116169498
2022-11-08,3095,3140,3060,3130,724256,0.00967741935483879
2022-11-09,3125,3140,3070,3095,577018,-0.011182108626198062
2022-11-10,3060,3120,3050,3060,502403,-0.011308562197092087
2022-11-11,3100,3110,3070,3100,634779,0.013071895424836555
2022-11-14,3110,3165,3065,3095,926918,-0.001612903225806428
2022-11-15,3150,3185,3100,3100,850530,0.001615508885298933
2022-11-16,3125,3195,3095,3140,1381893,0.012903225806451646
2022-11-17,3145,3155,3080,3080,552809,-0.019108280254777066
2022-11-18,3065,3170,3055,3110,826643,0.009740259740259827
2022-11-21,3110,3120,2930,2930,1023461,-0.05787781350482313
2022-11-22,2870,2920,2870,2895,436688,-0.011945392491467532
2022-11-23,2900,2940,2890,2905,345006,0.003454231433505983
2022-11-24,2920,2990,2915,2960,356150,0.018932874354561147
2022-11-25,2960,2990,2950,2975,221216,0.0050675675675675436
2022-11-28,2990,3005,2870,2925,364947,-0.01680672268907568
2022-11-29,2900,2960,2900,2910,413794,-0.00512820512820511
2022-11-30,2890,3020,2890,2895,664561,-0.005154639175257714
2022-12-01,2915,2955,2910,2930,337302,0.012089810017271052
2022-12-02,2940,3805,2935,3410,34982692,0.16382252559726962
2022-12-05,3395,3615,3360,3385,11892191,-0.007331378299120228
2022-12-06,3405,3600,3285,3285,8035322,-0.02954209748892167
2022-12-07,3215,3385,3165,3195,2433421,-0.0273972602739726
2022-12-08,3175,3225,3090,3110,1545569,-0.026604068857590035
2022-12-09,3105,3130,2980,3000,1463936,-0.03536977491961413
2022-12-12,3020,3025,2940,2995,723244,-0.0016666666666667052
2022-12-13,3000,3055,2960,2985,782307,-0.0033388981636059967
2022-12-14,3005,3040,2960,3030,684236,0.015075376884422065
2022-12-15,3035,3105,3015,3040,758045,0.0033003300330032292
2022-12-16,3000,3035,2965,2980,664810,-0.019736842105263164
2022-12-19,3010,3060,2980,3005,787150,0.008389261744966348
2022-12-20,3005,3065,2945,2970,808320,-0.011647254575707144
2022-12-21,3005,3040,2950,3000,462770,0.010101010101010166
2022-12-22,3025,3030,2995,2995,389932,-0.0016666666666667052
2022-12-23,2960,2990,2810,2810,749009,-0.06176961602671116
2022-12-26,2810,2915,2735,2870,977117,0.021352313167259718
2022-12-27,3135,3470,2915,3400,37617899,0.18466898954703836
2022-12-28,3450,3580,3370,3450,16095917,0.014705882352941124
2022-12-29,3400,3400,3205,3280,3884171,-0.049275362318840554
2023-01-02,3385,3560,3260,3260,9488737,-0.0060975609756097615
2023-01-03,3140,3240,3135,3200,1985063,-0.018404907975460127
2023-01-04,3140,3420,3090,3290,7650671,0.028124999999999956
2023-01-05,3295,3400,3155,3190,2795515,-0.03039513677811545
2023-01-06,3155,3360,3150,3290,2468931,0.03134796238244508
2023-01-09,3540,3580,3375,3425,8403399,0.04103343465045595
2023-01-10,3450,3770,3400,3460,20818766,0.010218978102189746
2023-01-11,3440,3550,3380,3460,3759810,0.0
2023-01-12,3500,3535,3370,3370,2167516,-0.026011560693641633
2023-01-13,3490,3635,3425,3505,9787257,0.0400593471810089
2023-01-16,3545,3560,3455,3485,1697777,-0.005706134094151216
2023-01-17,3530,3715,3480,3495,8810035,0.0028694404591105283
2023-01-18,3515,3570,3460,3565,1744603,0.02002861230329045
2023-01-19,3500,3515,3395,3400,1383865,-0.04628330995792429
2023-01-20,3360,3435,3320,3400,1002775,0.0
2023-01-25,3410,3470,3375,3415,997258,0.004411764705882337
2023-01-26,3445,3540,3425,3480,1899313,0.019033674963396807
2023-01-27,3510,3510,3430,3440,869333,-0.011494252873563204
2023-01-30,3470,3480,3405,3415,709501,-0.007267441860465129
2023-01-31,3390,3435,3360,3400,594020,-0.004392386530014614
2023-02-01,3450,3570,3430,3545,2504590,0.04264705882352948
2023-02-02,3540,3560,3450,3555,1247247,0.0028208744710860323
2023-02-03,3695,3695,3555,3565,3730129,0.002812939521800173
2023-02-06,3540,3665,3510,3600,1811362,0.009817671809256634
2023-02-07,3580,3620,3495,3495,1358617,-0.029166666666666674
2023-02-08,3510,3545,3440,3445,1015380,-0.014306151645207432
2023-02-09,3445,3445,3330,3330,1393326,-0.03338171262699563
2023-02-10,3320,3400,3265,3380,1183689,0.01501501501501501
2023-02-13,3370,3400,3285,3320,707142,-0.017751479289940808
2023-02-14,3335,3455,3310,3400,1310658,0.024096385542168752
2023-02-15,3385,3415,3275,3280,654913,-0.03529411764705881
2023-02-16,3310,3345,3300,3325,281596,0.013719512195121908
2023-02-17,3265,3405,3265,3375,644653,0.015037593984962516
2023-02-20,3470,3515,3415,3420,1826864,0.01333333333333342
2023-02-21,3445,3475,3415,3465,734694,0.013157894736842035
2023-02-22,3420,3475,3380,3385,820425,-0.023088023088023046
2023-02-23,3375,3420,3310,3390,657782,0.001477104874446189
2023-02-24,3425,3425,3315,3330,525463,-0.017699115044247815
2023-02-27,3300,3315,3205,3230,574774,-0.03003003003003002
2023-02-28,3250,3280,3190,3200,404077,-0.009287925696594423
2023-03-02,3210,3305,3210,3245,456956,0.014062500000000089
2023-03-03,3255,3290,3240,3260,284067,0.0046224961479199855
2023-03-06,3265,3315,3240,3285,494317,0.0076687116564417845
2023-03-07,3280,3325,3265,3310,481386,0.007610350076103556
2023-03-08,3265,3295,3210,3215,617825,-0.028700906344410915
2023-03-09,3215,3265,3130,3140,542406,-0.023328149300155476
2023-03-10,3130,3130,3030,3065,483827,-0.023885350318471388
2023-03-13,3045,3100,3010,3085,432796,0.006525285481239873
2023-03-14,3325,3640,3230,3315,26734783,0.07455429497568877
2023-03-15,3265,3480,3265,3405,4576640,0.02714932126696823
2023-03-16,3405,3465,3310,3330,2218270,-0.022026431718061623
2023-03-17,3405,3635,3370,3525,5465545,0.05855855855855863
2023-03-20,3605,3695,3520,3620,4751281,0.026950354609929006
2023-03-21,3570,3590,3470,3480,1919351,-0.03867403314917128
2023-03-22,3525,3545,3395,3455,1700069,-0.007183908045977017
2023-03-23,3425,3470,3305,3375,1404182,-0.02315484804630974
2023-03-24,3390,3465,3355,3400,1191534,0.007407407407407307
2023-03-27,3435,3440,3280,3295,1317384,-0.030882352941176472
2023-03-28,3340,3475,3320,3455,1949962,0.04855842185128978
2023-03-29,3440,3510,3405,3460,1301273,0.0014471780028944004
2023-03-30,3490,3555,3460,3495,1387401,0.01011560693641611
2023-03-31,3500,3515,3430,3460,840337,-0.010014306151645225
2023-04-03,3500,3670,3495,3600,3269661,0.040462427745664664
2023-04-04,3635,3680,3530,3605,2390768,0.001388888888888884
2023-04-05,3605,3900,3570,3815,7410447,0.058252427184465994
2023-04-06,3925,3940,3630,3660,3665810,-0.0406290956749672
2023-04-07,3685,3705,3510,3540,2217934,-0.032786885245901676
2023-04-10,3535,3600,3480,3500,1612058,-0.011299435028248594
2023-04-11,3500,3585,3410,3480,1112946,-0.005714285714285672
2023-04-12,3485,3545,3455,3515,995313,0.010057471264367734
2023-04-13,3540,3550,3415,3430,1118003,-0.024182076813655806
2023-04-14,3465,3530,3425,3480,1178138,0.014577259475218707
2023-04-17,3500,3610,3465,3605,1602207,0.03591954022988508
2023-04-18,3605,3605,3490,3605,1674625,0.0
2023-04-19,3620,3740,3570,3730,2422555,0.03467406380027738
2023-04-20,3785,4845,3740,4650,57232142,0.2466487935656836
2023-04-21,4650,4810,4505,4665,18248330,0.003225806451612856
2023-04-24,4635,4950,4315,4475,13710407,-0.040728831725616255
2023-04-25,4605,4810,4470,4605,19032359,0.02905027932960902
2023-04-26,4490,4495,4120,4375,5512131,-0.04994571118349622
2023-04-27,4240,4325,4065,4295,3306174,-0.01828571428571424
2023-04-28,4295,4380,4020,4090,3099019,-0.047729918509895275
2023-05-02,4100,4395,4080,4330,3380566,0.05867970660146704
2023-05-03,4275,4465,4220,4405,4134778,0.01732101616628179
2023-05-04,4510,5070,4230,4240,23196866,-0.03745743473325769
2023-05-08,4220,4480,4160,4290,3430400,0.011792452830188704
2023-05-09,4300,4340,4080,4105,2185859,-0.04312354312354316
2023-05-10,4220,4415,4120,4225,4598353,0.02923264311814866
2023-05-11,4400,4745,4340,4425,16335438,0.047337278106508895
2023-05-12,4440,4440,4175,4235,3348601,-0.04293785310734466
2023-05-15,4155,4230,4020,4085,1773947,-0.0354191263282172
2023-05-16,4025,4110,3880,3935,2874364,-0.0367197062423501
2023-05-17,4300,4455,4165,4210,14838841,0.0698856416772553
2023-05-18,4145,5410,4140,5100,59664846,0.2114014251781473
2023-05-19,5030,5070,4670,4695,10897178,-0.0794117647058824
2023-05-22,5100,5190,4825,4870,20045029,0.03727369542066028
2023-05-23,4800,5030,4790,4790,6719428,-0.01642710472279263
2023-05-24,4825,4945,4680,4810,5120784,0.0041753653444676075
2023-05-25,4705,4790,4625,4720,4066396,-0.018711018711018657
2023-05-26,4745,4755,4445,4470,3319053,-0.052966101694915224
2023-05-30,4530,4720,4490,4615,3361472,0.032438478747203625
2023-05-31,4625,4780,4495,4530,3442914,-0.018418201516793076
2023-06-01,4595,4595,4370,4400,1442410,-0.028697571743929395
2023-06-02,4410,4455,4360,4450,1176338,0.011363636363636465
2023-06-05,4475,4605,4470,4605,1790809,0.03483146067415732
2023-06-07,4610,4615,4540,4570,1017195,-0.007600434310532034
2023-06-08,4450,4720,4395,4640,4123010,0.015317286652078765
2023-06-09,4730,4775,4605,4645,3990273,0.0010775862068965747
2023-06-12,4645,4725,4555,4560,2301586,-0.01829924650161463
2023-06-13,4560,4560,4460,4465,1302140,-0.02083333333333337
2023-06-14,4560,4680,4490,4655,3075759,0.042553191489361764
2023-06-15,4640,4715,4530,4655,2617271,0.0
2023-06-16,4665,4765,4620,4655,2444275,0.0
2023-06-19,4635,5060,4590,4965,16176627,0.06659505907626206
2023-06-20,5130,5180,4770,4805,8925979,-0.03222557905337364
2023-06-21,4740,5020,4660,4665,5412473,-0.02913631633714875
2023-06-22,4685,4710,4475,4475,2899834,-0.040728831725616255
2023-06-23,4425,4550,4345,4360,1606144,-0.025698324022346397
2023-06-26,4330,4410,4290,4325,1278742,-0.008027522935779796
2023-06-27,4330,4420,4295,4370,921512,0.010404624277456698
2023-06-28,4405,4505,4350,4370,1663758,0.0
2023-06-29,4430,4540,4230,4275,2238282,-0.021739130434782594
2023-06-30,4295,4310,4135,4185,1224288,-0.021052631578947323
2023-07-03,4225,4295,4150,4240,827993,0.0131421744324971
2023-07-04,4225,4255,4095,4115,1142147,-0.02948113207547165
2023-07-05,4110,4155,4100,4110,573272,-0.0012150668286755595
2023-07-06,4120,4130,3995,4010,763250,-0.024330900243308973
2023-07-07,3970,4165,3965,4155,772794,0.03615960099750626
2023-07-10,4130,4335,4130,4325,1673933,0.04091456077015643
2023-07-11,4395,4415,4230,4355,1902277,0.006936416184971206
2023-07-12,4375,4375,4250,4270,1027605,-0.019517795637198576
2023-07-13,4280,4280,4160,4170,858846,-0.023419203747072626
2023-07-14,4205,4225,4070,4080,795992,-0.021582733812949617
2023-07-17,4485,4560,4150,4150,3906830,0.017156862745097978
2023-07-18,4150,4150,4030,4050,980306,-0.02409638554216864
2023-07-19,4070,4095,3990,3990,748080,-0.014814814814814836
2023-07-20,3965,4030,3965,3985,495182,-0.0012531328320801727
2023-07-21,3985,3985,3930,3945,504913,-0.010037641154328703
2023-07-24,3900,3945,3735,3745,1254360,-0.05069708491761726
2023-07-25,3720,3795,3665,3680,814913,-0.01735647530040052
2023-07-26,3655,3710,3450,3540,1256577,-0.03804347826086951
2023-07-27,3525,3705,3525,3650,839327,0.031073446327683607
2023-07-28,3610,3710,3550,3695,514242,0.012328767123287676
2023-07-31,3715,3790,3705,3775,403102,0.021650879566982306
2023-08-01,3825,3850,3700,3775,549380,0.0
2023-08-02,3775,3860,3675,3740,756136,-0.009271523178807972
2023-08-03,3665,3690,3560,3600,672519,-0.03743315508021394
2023-08-04,3575,3635,3575,3620,330060,0.005555555555555536
2023-08-07,3615,3725,3595,3715,709292,0.026243093922651894
2023-08-08,3715,3730,3545,3565,499488,-0.04037685060565277
2023-08-09,3565,3630,3525,3620,294191,0.015427769985974837
2023-08-10,3605,3635,3560,3610,442355,-0.002762430939226568
2023-08-11,3615,3730,3600,3700,687611,0.024930747922437657
2023-08-14,3665,3680,3515,3545,708372,-0.04189189189189191
2023-08-16,3515,3525,3375,3425,819285,-0.03385049365303239
2023-08-17,3350,3470,3285,3470,699453,0.013138686131386912
2023-08-18,3450,3555,3415,3500,539781,0.008645533141210304
2023-08-21,3480,3560,3465,3490,523648,-0.0028571428571428914
2023-08-22,3515,3625,3475,3595,834878,0.03008595988538687
2023-08-23,3595,3635,3550,3605,561670,0.0027816411682892728
2023-08-24,3560,3565,3465,3515,575918,-0.02496532593619971
2023-08-25,3465,3520,3440,3450,359618,-0.01849217638691325
2023-08-28,3455,3620,3450,3580,488811,0.037681159420289934
2023-08-29,3585,3685,3560,3630,542512,0.013966480446927276
2023-08-30,3630,3660,3610,3650,471681,0.005509641873278293
2023-08-31,3695,3710,3630,3670,602654,0.005479452054794498
2023-09-01,3670,3745,3615,3620,796811,-0.013623978201634857
2023-09-04,3695,3790,3630,3715,1156836,0.026243093922651894
2023-09-05,3715,3740,3625,3630,650366,-0.02288021534320328
2023-09-06,3630,3770,3610,3720,1298566,0.024793388429751984
2023-09-07,3950,3985,3710,3730,3070973,0.0026881720430107503
2023-09-08,3745,3800,3710,3740,734718,0.002680965147453085
2023-09-11,3755,3880,3755,3835,1458474,0.025401069518716568
2023-09-12,3855,3860,3700,3705,931372,-0.03389830508474578
2023-09-13,3735,3745,3630,3635,667225,-0.018893387314439902
2023-09-14,3670,3695,3595,3635,448266,0.0
2023-09-15,3640,3690,3640,3655,550721,0.005502063273727709
2023-09-18,3640,3695,3565,3565,808847,-0.024623803009575895
2023-09-19,3560,3570,3425,3430,726764,-0.037868162692847096
2023-09-20,3440,3450,3385,3390,380264,-0.011661807580174877
2023-09-21,3355,3405,3270,3275,555368,-0.03392330383480824
2023-09-22,3245,3330,3195,3290,534669,0.004580152671755711
2023-09-25,3290,3340,3210,3210,318945,-0.024316109422492405
2023-09-26,3180,3250,3100,3165,642640,-0.014018691588784993
2023-09-27,3165,3245,3135,3235,233188,0.02211690363349139
2023-10-04,3175,3200,3075,3090,444859,-0.04482225656877903
2023-10-05,3105,3350,3045,3045,1360098,-0.014563106796116498
2023-10-06,3005,3175,3005,3150,346860,0.034482758620689724
2023-10-10,3470,3915,3350,3805,14214078,0.20793650793650786
2023-10-11,3510,3780,3400,3750,5403972,-0.014454664914586024
2023-10-12,3715,3740,3600,3625,1878530,-0.033333333333333326
2023-10-13,3645,3805,3520,3605,6095436,-0.0055172413793103114
2023-10-16,3650,4000,3400,3570,14918877,-0.009708737864077666
2023-10-17,3715,3865,3555,3580,4485465,0.0028011204481792618
2023-10-18,3585,3860,3585,3760,7973167,0.05027932960893855
2023-10-19,3890,4310,3800,3870,35969909,0.0292553191489362
2023-10-20,4000,4120,3610,3745,10801185,-0.03229974160206717
2023-10-23,3755,3950,3615,3855,5520265,0.029372496662216196
2023-10-24,3725,3780,3490,3585,3203526,-0.07003891050583655
2023-10-25,3510,3885,3510,3700,5090856,0.03207810320781035
2023-10-26,3660,3710,3360,3400,2699503,-0.08108108108108103
2023-10-27,3335,3385,3225,3280,1447730,-0.03529411764705881
2023-10-30,3280,3570,3270,3500,2421127,0.06707317073170738
2023-10-31,3445,3595,3325,3335,2736821,-0.04714285714285715
2023-11-01,3370,3525,3370,3410,1051322,0.022488755622188883
2023-11-02,3400,3540,3320,3445,1559094,0.01026392961876832
2023-11-03,3450,3535,3405,3530,1203578,0.02467343976777947
2023-11-06,3545,3545,3390,3465,1033965,-0.018413597733711096
2023-11-07,3480,3485,3290,3330,919180,-0.038961038961038974
2023-11-08,3330,3345,3235,3250,697591,-0.024024024024024038
2023-11-09,3210,3250,3165,3185,488028,-0.020000000000000018
2023-11-10,3150,3265,3120,3240,621541,0.017268445839874413
2023-11-13,3215,3320,3210,3285,605571,0.01388888888888884
2023-11-14,3280,3310,3255,3285,245119,0.0
2023-11-15,3310,3375,3295,3340,515279,0.016742770167427645
2023-11-16,3335,3335,3270,3300,365399,-0.0119760479041916
2023-11-17,3300,3300,3190,3200,411596,-0.030303030303030276
2023-11-20,3200,3310,3180,3290,420750,0.028124999999999956
2023-11-21,3310,3360,3300,3335,508374,0.013677811550151908
2023-11-22,3375,3395,3255,3305,705457,-0.008995502248875575
2023-11-23,3360,3395,3320,3330,750139,0.0075642965204236745
2023-11-24,3410,3410,3335,3355,578954,0.007507507507507505
2023-11-27,3365,3385,3300,3350,457751,-0.0014903129657227732
2023-11-28,3330,3375,3320,3360,347138,0.0029850746268655914
2023-11-29,3365,3375,3325,3335,393483,-0.007440476190476164
2023-11-30,3335,3365,3325,3325,291275,-0.0029985007496251548
2023-12-01,3340,3435,3325,3380,805561,0.016541353383458635
2023-12-04,3415,3415,3335,3370,420890,-0.00295857988165682
2023-12-05,3370,3370,3230,3245,664252,-0.0370919881305638
2023-12-06,3245,3280,3200,3280,211104,0.01078582434514641
2023-12-07,3285,3315,3225,3235,297783,-0.013719512195121908
2023-12-08,3235,3255,3205,3245,231418,0.0030911901081915882
2023-12-11,3245,3340,3245,3285,406965,0.012326656394453073
2023-12-12,3285,3305,3260,3290,243520,0.0015220700152207556
2023-12-13,3275,3300,3210,3210,308692,-0.024316109422492405
2023-12-14,3220,3270,3200,3230,261748,0.006230529595015577
2023-12-15,3225,3260,3220,3240,226090,0.003095975232198178
2023-12-18,3265,3330,3250,3265,419653,0.007716049382715973
2023-12-19,3275,3280,3200,3235,413924,-0.009188361408882129
2023-12-20,3245,3270,3225,3255,430091,0.0061823802163833985
2023-12-21,3220,3255,3195,3205,473835,-0.015360983102918557
2023-12-22,3210,3240,3180,3205,326781,0.0
2023-12-26,3200,3220,3130,3165,375428,-0.012480499219968744
2023-12-27,3160,3210,3135,3205,299832,0.012638230647709303
2023-12-28,3220,3250,3205,3245,237178,0.012480499219968744
2024-01-02,3250,3295,3100,3275,395926,0.009244992295839749
2024-01-03,3245,3280,3235,3275,392023,0.0
2024-01-04,3310,3380,3260,3325,1404053,0.01526717557251911
2024-01-05,3325,3470,3280,3375,4195566,0.015037593984962516
2024-01-08,3385,3550,3355,3355,1853918,-0.00592592592592589
2024-01-09,3370,3445,3325,3385,962749,0.008941877794336861
2024-01-10,3425,3450,3370,3385,1076563,0.0
2024-01-11,3395,3400,3335,3355,545552,-0.008862629246676468
2024-01-12,3400,3490,3380,3405,1823910,0.014903129657227954
2024-01-15,3475,3520,3400,3410,1522879,0.001468428781204123
2024-01-16,3440,3625,3370,3460,5565258,0.014662756598240456
2024-01-17,3470,3990,3465,3765,23445720,0.08815028901734112
2024-01-18,3610,3790,3525,3600,5810432,-0.043824701195219085
2024-01-19,3540,3665,3470,3555,2193335,-0.012499999999999956
2024-01-22,3485,3540,3395,3425,1595162,-0.03656821378340369
2024-01-23,3425,3445,3330,3360,1055441,-0.01897810218978102
2024-01-24,3340,3415,3255,3270,1485474,-0.0267857142857143
2024-01-25,3250,3290,3165,3195,870939,-0.022935779816513735
2024-01-26,3185,3275,3185,3235,594226,0.012519561815336422
2024-01-29,3300,3355,3230,3270,910952,0.010819165378670892
2024-01-30,3215,3320,3200,3235,482157,-0.010703363914373099
2024-01-31,3220,3285,3200,3205,487559,-0.009273570324574987
2024-02-01,3200,3270,3195,3255,391410,0.015600624024961096
2024-02-02,3240,3305,3220,3285,393685,0.009216589861751112
2024-02-05,3285,3310,3230,3240,382030,-0.013698630136986356
2024-02-06,3215,3250,3180,3240,374033,0.0
2024-02-07,3290,3470,3265,3275,5518462,0.010802469135802406
2024-02-08,3315,3330,3275,3310,616994,0.010687022900763399
2024-02-13,3300,3375,3290,3365,702134,0.0166163141993958
2024-02-14,3320,3440,3320,3420,1026185,0.01634472511144125
2024-02-15,3435,3435,3375,3410,559584,-0.0029239766081871066
2024-02-16,3410,3450,3380,3420,634028,0.0029325513196480912
2024-02-19,3405,3450,3385,3390,447936,-0.00877192982456143
2024-02-20,3365,3415,3310,3335,606619,-0.016224188790560423
2024-02-21,3335,3375,3295,3310,429106,-0.007496251874062998
2024-02-22,3315,3465,3300,3415,1560165,0.031722054380664666
2024-02-23,3415,3425,3290,3310,714332,-0.030746705710102518
2024-02-26,3305,3345,3265,3315,267096,0.0015105740181269312
2024-02-27,3315,3410,3305,3360,782303,0.013574660633484115
2024-02-28,3380,3420,3360,3400,608685,0.011904761904761862
2024-02-29,3405,3445,3360,3385,629908,-0.004411764705882337
2024-03-04,3390,3430,3340,3355,412238,-0.008862629246676468
2024-03-05,3360,3430,3340,3410,662754,0.016393442622950838
2024-03-06,3400,3455,3385,3405,822796,-0.0014662756598240456
2024-03-07,3425,3435,3320,3340,636017,-0.019089574155653488
2024-03-08,3345,3360,3295,3300,541300,-0.0119760479041916
2024-03-11,3285,3325,3285,3285,229681,-0.004545454545454519
2024-03-12,3285,3295,3235,3255,430009,-0.0091324200913242
2024-03-13,3285,3345,3250,3340,516541,0.02611367127496167
2024-03-14,3300,3345,3295,3310,263828,-0.008982035928143728
2024-03-15,3330,3380,3295,3295,386179,-0.004531722054380682
2024-03-18,3295,3370,3295,3330,429427,0.01062215477996964
2024-03-19,3330,3345,3280,3300,386576,-0.009009009009009028
2024-03-20,3300,3325,3250,3270,464678,-0.009090909090909038
2024-03-21,3275,3295,3260,3270,187418,0.0
2024-03-22,3270,3360,3255,3320,537273,0.015290519877675823
2024-03-25,3330,3370,3310,3340,403996,0.006024096385542244
2024-03-26,3335,3355,3310,3355,341612,0.004491017964071808
2024-03-27,3370,3375,3320,3320,263724,-0.010432190760059634
2024-03-28,3320,3350,3295,3295,300216,-0.0075301204819276935
2024-03-29,3300,3355,3300,3305,336660,0.003034901365705611
2024-04-01,3305,3370,3295,3365,361697,0.018154311649016597
2024-04-02,3375,3400,3315,3390,661292,0.007429420505200568
2024-04-03,3360,3415,3330,3350,530896,-0.01179941002949858
2024-04-04,3340,3375,3310,3330,359744,-0.005970149253731294
2024-04-05,3335,3390,3320,3335,626254,0.0015015015015014122
2024-04-08,3365,3460,3360,3420,2127958,0.025487256371814038
2024-04-09,3410,3550,3350,3460,2054012,0.011695906432748648
2024-04-11,3430,3440,3385,3400,864970,-0.017341040462427793
2024-04-12,3370,3470,3360,3445,694836,0.013235294117647012
2024-04-15,3510,3650,3395,3400,3264465,-0.013062409288824406
2024-04-16,3425,3575,3395,3455,2660152,0.016176470588235237
2024-04-17,3385,3420,3350,3420,946093,-0.01013024602026047
2024-04-18,3380,3455,3375,3455,624292,0.01023391812865504
2024-04-19,3440,3695,3440,3450,6543095,-0.0014471780028944004
2024-04-22,3390,3450,3350,3355,1258774,-0.02753623188405796
2024-04-23,3350,3385,3320,3325,632770,-0.008941877794336861
2024-04-24,3320,3345,3280,3340,532201,0.004511278195488799
2024-04-25,3340,3355,3320,3335,416583,-0.0014970059880239361
2024-04-26,3335,3345,3300,3300,399748,-0.010494752623688153
2024-04-29,3300,3320,3250,3320,491462,0.0060606060606061
2024-04-30,3315,3360,3300,3315,356453,-0.001506024096385561
2024-05-02,3335,3450,3320,3400,1086646,0.02564102564102555
2024-05-03,3415,3465,3410,3425,733067,0.007352941176470562
2024-05-07,3415,3440,3375,3435,506780,0.0029197080291971655
2024-05-08,3445,3465,3400,3425,414898,-0.0029112081513827937
2024-05-09,3425,3455,3395,3425,471190,0.0
2024-05-10,3430,3470,3415,3455,596437,0.008759124087591275
2024-05-13,3480,3495,3450,3465,493115,0.0028943560057888007
2024-05-14,3465,3490,3405,3430,371592,-0.010101010101010055
2024-05-16,3450,3480,3410,3440,500916,0.00291545189504383
2024-05-17,3445,3495,3425,3495,791597,0.015988372093023173
2024-05-20,3495,3515,3435,3500,627701,0.0014306151645206988
2024-05-21,3530,3530,3355,3365,738744,-0.03857142857142859
2024-05-22,3395,3445,3360,3360,394967,-0.0014858841010401136
2024-05-23,3365,3385,3315,3375,224206,0.0044642857142858094
2024-05-24,3375,3375,3315,3350,335362,-0.007407407407407418
2024-05-27,3375,3465,3350,3465,585943,0.0343283582089553
2024-05-28,3435,3520,3420,3490,521123,0.00721500721500723
2024-05-29,3510,3510,3340,3360,495944,-0.03724928366762181
2024-05-30,3390,3420,3330,3330,464689,-0.008928571428571397
2024-05-31,3355,3375,3255,3275,718397,-0.016516516516516533
2024-06-03,3265,3375,3260,3360,497748,0.025954198473282508
2024-06-04,3330,3490,3315,3435,2157728,0.022321428571428603
2024-06-05,3380,3415,3350,3380,649513,-0.01601164483260553
2024-06-07,3350,3435,3350,3380,424803,0.0
2024-06-10,3450,3475,3405,3435,1030678,0.016272189349112454
2024-06-11,3400,3415,3350,3350,422724,-0.024745269286754024
2024-06-12,3360,3385,3315,3325,331000,-0.007462686567164201
2024-06-13,3345,3410,3330,3355,446684,0.009022556390977376
2024-06-14,3335,3360,3300,3305,399111,-0.014903129657228065
2024-06-17,3305,3380,3280,3360,322277,0.016641452344931862
2024-06-18,3360,3430,3335,3340,748274,-0.005952380952380931
2024-06-19,3330,3365,3315,3330,275621,-0.0029940119760478723
2024-06-20,3340,3345,3310,3310,229945,-0.006006006006005982
2024-06-21,3350,3380,3300,3305,540611,-0.0015105740181269312
2024-06-24,3310,3375,3310,3325,460650,0.00605143721633894
2024-06-25,3325,3365,3310,3335,279135,0.003007518796992459
2024-06-26,3340,3345,3295,3300,261825,-0.010494752623688153
2024-06-27,3280,3315,3275,3280,228404,-0.0060606060606061
2024-06-28,3285,3305,3275,3285,144273,0.0015243902439023849
2024-07-01,3310,3315,3280,3285,163930,0.0
2024-07-02,3285,3290,3175,3205,385121,-0.0243531202435312
2024-07-03,3195,3210,3045,3095,533513,-0.03432137285491421
2024-07-04,3095,3145,3050,3105,179261,0.003231017770597644
2024-07-05,3090,3150,3050,3075,302577,-0.009661835748792313
2024-07-08,3095,3225,3095,3130,509083,0.01788617886178856
2024-07-09,3140,3165,3130,3155,154257,0.007987220447284393
2024-07-10,3185,3205,3155,3170,320053,0.004754358161648264
2024-07-11,3155,3180,3095,3105,279546,-0.02050473186119872
2024-07-12,3120,3125,3085,3090,109017,-0.004830917874396157
2024-07-15,3140,3270,3125,3195,682032,0.03398058252427183
2024-07-16,3195,3295,3195,3250,545846,0.017214397496087663
2024-07-17,3250,3300,3220,3250,417182,0.0
2024-07-18,3200,3250,3165,3200,275068,-0.01538461538461533
2024-07-19,3225,3225,3135,3155,236619,-0.014062499999999978
2024-07-22,3175,3290,3140,3220,609784,0.020602218700475516
2024-07-23,3190,3280,3165,3255,374019,0.010869565217391353
2024-07-24,3215,3275,3200,3210,215459,-0.01382488479262678
2024-07-25,3250,3270,3105,3160,525588,-0.015576323987538943
2024-07-26,3130,3180,3115,3155,179520,-0.0015822784810126667
2024-07-29,3150,3225,3135,3195,217861,0.01267828843106189
2024-07-30,3165,3200,3080,3090,358516,-0.032863849765258246
2024-07-31,3080,3145,3050,3135,225221,0.014563106796116498
2024-08-01,3110,3180,3110,3155,173836,0.006379585326953707
2024-08-02,3170,3265,3090,3145,1171808,-0.0031695721077654726
2024-08-05,3220,3345,2685,2835,4495535,-0.09856915739268679
2024-08-06,2800,3130,2760,3125,2341832,0.10229276895943573
2024-08-07,3100,3260,3050,3250,1507449,0.040000000000000036
2024-08-08,3210,3230,3085,3125,824161,-0.038461538461538436
2024-08-09,3090,3160,3090,3150,434469,0.008000000000000007
2024-08-12,3115,3195,3095,3195,446234,0.014285714285714235
2024-08-13,3230,3325,3180,3205,1299808,0.003129890453834161
2024-08-14,3195,3240,3160,3220,470645,0.004680187207488196
2024-08-16,3170,3175,3080,3095,563205,-0.03881987577639756
2024-08-19,3075,3160,3045,3060,365102,-0.011308562197092087
2024-08-20,3070,3095,2900,3070,244597,0.0032679738562091387
2024-08-21,3045,3070,3000,3005,242839,-0.021172638436482094
2024-08-22,3035,3040,2985,2990,246559,-0.004991680532445919
2024-08-23,2985,3015,2905,2970,338844,-0.006688963210702337
2024-08-26,2980,3035,2970,3005,462848,0.011784511784511675
2024-08-27,3025,3025,2950,2985,227262,-0.006655574043261225
2024-08-28,2985,2990,2915,2920,305381,-0.021775544388609736
2024-08-29,2905,2915,2890,2900,178348,-0.006849315068493178
2024-08-30,2905,2990,2900,2980,316878,0.02758620689655178
2024-09-02,2980,2985,2945,2955,130143,-0.008389261744966459
2024-09-03,2945,2985,2920,2920,78805,-0.011844331641285955
2024-09-04,2900,2900,2760,2760,402066,-0.0547945205479452
2024-09-05,2770,2815,2700,2735,244880,-0.009057971014492794
2024-09-06,2690,2765,2660,2665,190467,-0.025594149908592323
2024-09-09,2560,2710,2555,2685,178526,0.007504690431519689
2024-09-10,2700,3175,2700,2895,7771843,0.07821229050279332
2024-09-11,2855,2895,2690,2690,1351930,-0.07081174438687388
2024-09-12,2715,2780,2710,2775,460342,0.03159851301115246
2024-09-13,2780,2800,2745,2750,242338,-0.009009009009009028
2024-09-19,2780,2805,2750,2770,282373,0.0072727272727273196
2024-09-20,2770,2870,2770,2855,452434,0.03068592057761732
2024-09-23,2880,2885,2830,2865,255116,0.003502626970227629
2024-09-24,2865,2890,2845,2870,186270,0.0017452006980802626
2024-09-25,2870,2950,2865,2910,374057,0.013937282229965264
2024-09-26,2880,2920,2855,2910,281012,0.0
2024-09-27,2920,2920,2875,2890,173785,-0.0068728522336769515
2024-09-30,2925,2985,2870,2870,876277,-0.00692041522491349
2024-10-02,2945,3015,2830,2830,731712,-0.013937282229965153
2024-10-04,2850,2910,2845,2885,280509,0.019434628975264934
2024-10-07,2875,2950,2850,2935,413574,0.017331022530329365
2024-10-08,2920,2960,2885,2895,316741,-0.013628620102214661
2024-10-10,2860,2870,2795,2830,312333,-0.022452504317789335
2024-10-11,2835,2865,2805,2825,264471,-0.0017667844522968323
2024-10-14,2915,3100,2855,2950,2795747,0.04424778761061954
2024-10-15,2890,2960,2855,2935,638174,-0.005084745762711895
2024-10-16,2905,2930,2870,2880,264547,-0.01873935264054516
2024-10-17,2875,2895,2840,2845,225678,-0.01215277777777779
2024-10-18,2835,3150,2815,2915,5882082,0.024604569420035194
2024-10-21,3055,3195,2940,2955,6877038,0.013722126929674117
2024-10-22,3015,3330,2975,3200,11574016,0.08291032148900168
2024-10-23,3120,3880,3090,3485,39301980,0.08906250000000004
2024-10-24,3655,3920,3500,3540,25631993,0.015781922525107683
2024-10-25,3475,3600,3405,3510,5295895,-0.008474576271186418
2024-10-28,3480,3520,3420,3490,2405797,-0.005698005698005715
2024-10-29,3475,3630,3455,3505,4929440,0.004297994269341077
2024-10-30,3505,3580,3385,3500,3961284,-0.0014265335235378318
2024-10-31,3515,3605,3185,3190,4401474,-0.08857142857142852
2024-11-01,3170,3290,3150,3175,1996649,-0.00470219435736674
2024-11-04,3120,3180,3060,3125,1049998,-0.015748031496062964
2024-11-05,3130,3175,3085,3090,889808,-0.011199999999999988
2024-11-06,3095,3290,3045,3265,2981132,0.05663430420711979
2024-11-07,3320,3415,3135,3375,3753001,0.03369065849923425
2024-11-08,3375,3400,3285,3295,1506824,-0.02370370370370367
2024-11-11,3320,3460,3320,3405,2473400,0.03338391502276172
2024-11-12,3385,3525,3360,3405,2811520,0.0
2024-11-13,3370,3440,3225,3225,1230258,-0.052863436123347984
2024-11-14,3250,3485,3245,3440,2571778,0.06666666666666665
2024-11-15,3495,3620,3385,3590,8001171,0.043604651162790775
2024-11-18,3675,3720,3520,3560,5582190,-0.00835654596100277
2024-11-19,3530,3575,3435,3505,1481829,-0.015449438202247201
2024-11-20,3590,3695,3445,3600,7778714,0.02710413694721825
2024-11-21,3545,3650,3475,3555,2936843,-0.012499999999999956
2024-11-22,3535,3625,3260,3315,2867952,-0.0675105485232067
2024-11-25,3285,3410,3250,3320,1321662,0.0015082956259426794
2024-11-26,3430,3430,3125,3205,1898649,-0.034638554216867457
2024-11-27,3230,3420,3195,3235,2436955,0.009360374414976613
2024-11-28,3225,3240,3155,3170,776064,-0.020092735703245768
2024-11-29,3175,3240,3140,3185,1096749,0.004731861198738141
2024-12-02,3190,3285,3160,3220,834907,0.01098901098901095
2024-12-03,3255,3275,3220,3235,501192,0.004658385093167627
2024-12-04,3135,3195,2970,3035,1295818,-0.0618238021638331
2024-12-05,3035,3070,2890,2905,924013,-0.04283360790774304
2024-12-06,2860,2930,2745,2810,902056,-0.03270223752151458
2024-12-09,2715,2765,2600,2605,942357,-0.07295373665480431
2024-12-10,2605,2800,2605,2790,669749,0.07101727447216888
2024-12-11,2790,2900,2775,2895,375893,0.037634408602150504
2024-12-12,2900,2910,2830,2890,290030,-0.0017271157167529916
2024-12-13,2860,2905,2840,2905,306167,0.00519031141868509
2024-12-16,2930,2945,2880,2910,317316,0.001721170395869276
2024-12-17,2930,2965,2830,2950,679470,0.013745704467353903
2024-12-18,3005,3210,2945,3030,2404265,0.027118644067796627
2024-12-19,3030,3035,2925,2980,393516,-0.01650165016501648
2024-12-20,2970,3005,2870,2900,381005,-0.02684563758389258
2024-12-23,2915,3015,2915,3005,317994,0.036206896551724155
2024-12-24,3005,3070,3000,3030,346681,0.008319467554076532
2024-12-26,3040,3040,2950,2970,355703,-0.01980198019801982
2024-12-27,2970,2980,2905,2925,309741,-0.015151515151515138
2024-12-30,2895,2975,2895,2965,208604,0.013675213675213627
2025-01-02,2965,3080,2965,3070,487115,0.03541315345699836
2025-01-03,3060,3090,3035,3075,369229,0.0016286644951140072
2025-01-06,3145,3145,3090,3110,483117,0.011382113821138296
2025-01-07,3120,3170,3100,3120,435196,0.003215434083601254
2025-01-08,3105,3120,3055,3105,261275,-0.004807692307692291
2025-01-09,3105,3130,3045,3120,256842,0.004830917874396157
2025-01-10,3135,3135,3075,3110,253727,-0.0032051282051281937
2025-01-13,3110,3170,3105,3115,255726,0.001607717041800738
2025-01-14,3115,3175,3115,3155,328026,0.01284109149277679
2025-01-15,3160,3185,3130,3135,308237,-0.006339144215530945
2025-01-16,3150,3170,3105,3145,275076,0.0031897926634769647
2025-01-17,3145,3145,3105,3120,205774,-0.007949125596184436
2025-01-20,3120,3135,3090,3115,250220,-0.0016025641025640969
2025-01-21,3135,3190,3110,3145,327288,0.009630818619582593
2025-01-22,3150,3205,3135,3175,381428,0.009538950715421324
2025-01-23,3200,3200,3080,3085,327333,-0.028346456692913358
2025-01-24,3095,3160,3095,3120,227610,0.011345218800648205
2025-01-31,3115,3135,3000,3040,218512,-0.02564102564102566
2025-02-03,3005,3040,2935,3005,379107,-0.011513157894736836
2025-02-04,3005,3065,3005,3055,202719,0.016638935108153063
2025-02-05,3055,3115,3030,3100,279038,0.014729950900163713
2025-02-06,3115,3285,3115,3260,1154238,0.05161290322580636
2025-02-07,3250,3295,3200,3255,782673,-0.0015337423312883347
2025-02-10,3240,3255,3175,3195,409596,-0.018433179723502335
2025-02-11,3205,3270,3155,3185,483145,-0.003129890453834161
2025-02-12,3185,3430,3185,3280,4449170,0.02982731554160134
2025-02-13,3310,3480,3300,3390,3680281,0.03353658536585358
2025-02-14,3390,3415,3340,3345,805083,-0.013274336283185861
2025-02-17,3350,3410,3295,3395,636874,0.014947683109117982
2025-02-18,3415,3520,3400,3485,1459195,0.026509572901325384
2025-02-19,3510,3510,3420,3480,797145,-0.0014347202295552641
2025-02-20,3460,3490,3340,3435,739779,-0.012931034482758674
2025-02-21,3410,3465,3385,3435,364500,0.0
2025-02-24,3405,3470,3380,3415,361043,-0.005822416302765698
2025-02-25,3390,3435,3360,3415,316298,0.0
2025-02-26,3410,3465,3410,3435,411282,0.005856515373352744
2025-02-27,3435,3455,3350,3355,393354,-0.02328966521106257
2025-02-28,3310,3355,3265,3305,318370,-0.014903129657228065
2025-03-04,3250,3490,3250,3470,1413194,0.04992435703479581
2025-03-05,3475,3635,3395,3630,1544254,0.04610951008645525
2025-03-06,3750,4370,3720,4060,20637752,0.11845730027548207
2025-03-07,4045,4055,3770,3860,3933983,-0.049261083743842415
2025-03-10,3910,3960,3820,3825,2349526,-0.0090673575129534
2025-03-11,3660,3780,3650,3765,1299086,-0.015686274509803977
2025-03-12,3800,3835,3645,3655,1444285,-0.02921646746347939
2025-03-13,3700,3790,3680,3725,1200881,0.019151846785225635
2025-03-14,3725,3770,3670,3720,701080,-0.0013422818791946067
2025-03-17,3745,3940,3685,3880,2037312,0.043010752688172005
2025-03-18,3960,3975,3850,3875,1610862,-0.0012886597938144284
2025-03-19,3880,3935,3805,3870,834910,-0.001290322580645209
2025-03-20,3870,3890,3665,3665,930650,-0.05297157622739013
2025-03-21,3600,3650,3500,3610,669085,-0.01500682128240105
2025-03-24,3610,3755,3570,3685,1185041,0.020775623268697974
2025-03-25,3650,3700,3510,3530,753630,-0.042062415196743586
2025-03-26,3565,3610,3525,3545,317261,0.004249291784702569
2025-03-27,3515,3575,3490,3505,306819,-0.01128349788434413
2025-03-28,3540,3540,3405,3450,358269,-0.015691868758915817
2025-03-31,3435,3445,3340,3390,326005,-0.017391304347826098
2025-04-01,3390,3495,3390,3445,360416,0.016224188790560534
2025-04-02,3450,3520,3395,3400,424231,-0.013062409288824406
2025-04-03,3345,3435,3335,3400,262763,0.0
2025-04-04,3345,3415,3295,3390,560463,-0.002941176470588225
2025-04-07,3305,3320,3095,3110,606945,-0.08259587020648973
2025-04-08,3160,3235,3140,3165,447393,0.01768488745980701
2025-04-09,3170,3205,3090,3105,296543,-0.018957345971563955
2025-04-10,3210,3350,3170,3335,459348,0.07407407407407418
2025-04-11,3300,3435,3265,3430,399874,0.028485757121439192
2025-04-14,3445,3545,3390,3535,488654,0.030612244897959107
2025-04-15,3540,3595,3495,3585,416108,0.014144271570014189
2025-04-16,3585,3650,3480,3545,449802,-0.01115760111576014
2025-04-17,3625,3775,3560,3610,1343655,0.01833568406205921
2025-04-18,3610,3665,3550,3635,456324,0.006925207756232732
2025-04-21,3655,3655,3565,3585,341064,-0.01375515818431916
2025-04-22,3540,3610,3510,3585,319610,0.0
2025-04-23,3610,3630,3555,3580,267388,-0.001394700139469962
2025-04-24,3575,3615,3530,3595,299154,0.0041899441340782495
2025-04-25,3595,3660,3585,3635,407462,0.011126564673157091
2025-04-28,3635,3675,3605,3640,370926,0.0013755158184318717
2025-04-29,3630,3655,3555,3565,329847,-0.020604395604395642
2025-04-30,3560,3600,3525,3585,181018,0.005610098176718203
2025-05-02,3555,3740,3555,3710,547341,0.03486750348675027
2025-05-07,3745,4060,3730,3880,2711675,0.04582210242587603
2025-05-08,3885,4035,3860,3950,1338956,0.018041237113401998
2025-05-09,3980,4040,3915,3990,847081,0.010126582278481067
2025-05-12,4040,4045,3780,3855,1249832,-0.03383458646616544
2025-05-13,3835,3835,3700,3710,686820,-0.03761348897535666
2025-05-14,3720,3770,3700,3750,398023,0.010781671159029615
2025-05-15,3755,3810,3670,3700,447167,-0.013333333333333308
2025-05-16,3710,3740,3615,3635,345044,-0.01756756756756761
2025-05-19,3645,3685,3565,3580,370316,-0.015130674002751032
2025-05-20,3605,3645,3580,3610,257813,0.008379888268156499
2025-05-21,3640,3845,3640,3805,789594,0.054016620498615
2025-05-22,3795,3797,3675,3685,455467,-0.031537450722733285
2025-05-23,3770,3820,3695,3760,547019,0.020352781546811416
2025-05-26,3765,3770,3650,3670,447842,-0.02393617021276595
2025-05-27,3675,3795,3645,3740,641436,0.019073569482288777
2025-05-28,3765,3765,3630,3640,699485,-0.0267379679144385
2025-05-29,3660,3695,3640,3660,299452,0.005494505494505475
2025-05-30,3665,3735,3630,3645,502151,-0.004098360655737654
2025-06-02,3665,3735,3605,3635,512092,-0.002743484224965731
2025-06-04,3650,3720,3620,3710,403176,0.02063273727647874
2025-06-05,3725,3800,3680,3695,482082,-0.0040431266846361336
2025-06-09,3755,3880,3745,3835,830885,0.03788903924221931
2025-06-10,3870,3920,3790,3905,746113,0.018252933507170832
2025-06-11,3930,3950,3840,3910,805345,0.001280409731113874
2025-06-12,4000,4250,3960,4120,2275530,0.053708439897698135
2025-06-13,4190,4430,4125,4300,8340575,0.043689320388349495
2025-06-16,4440,4440,4055,4140,3184057,-0.037209302325581395
2025-06-17,4060,4215,3970,4185,1832522,0.010869565217391353
2025-06-18,4270,4270,4025,4050,1130520,-0.032258064516129004
2025-06-19,4015,4225,4010,4205,1308452,0.03827160493827164
2025-06-20,4195,4325,4090,4230,1478571,0.005945303210463715
2025-06-23,4430,4440,4110,4120,2381559,-0.026004728132387744
2025-06-24,4005,4035,3910,3955,1540469,-0.040048543689320426
2025-06-25,3960,3980,3885,3930,956526,-0.006321112515802807
2025-06-26,3945,3960,3795,3865,973632,-0.01653944020356235
2025-06-27,3920,3970,3845,3870,601901,0.001293661060802087
2025-06-30,3895,3900,3810,3850,389032,-0.0051679586563307955
2025-07-01,3855,3880,3825,3840,586394,-0.0025974025974025983
2025-07-02,3845,3860,3740,3850,349251,0.0026041666666667407
2025-07-03,3875,3930,3820,3840,456894,-0.0025974025974025983
2025-07-04,3835,3890,3755,3755,393564,-0.02213541666666663
2025-07-07,3755,3760,3645,3705,483855,-0.013315579227696439
2025-07-08,3705,3775,3695,3755,223906,0.013495276653171295
2025-07-09,3825,3995,3800,3950,952508,0.051930758988016024
2025-07-10,3975,4050,3900,3985,645816,0.008860759493670933
2025-07-11,4005,4015,3900,3925,406021,-0.01505646173149311
2025-07-14,3970,4230,3955,4085,1935373,0.040764331210191074
2025-07-15,4030,4350,4030,4275,1999443,0.04651162790697683
2025-07-16,4280,4875,4215,4620,10263466,0.08070175438596494
2025-07-17,4615,4780,4565,4645,2510781,0.005411255411255311
2025-07-18,4665,4780,4455,4740,1651803,0.020452099031216253
2025-07-21,4740,4900,4640,4675,1980083,-0.01371308016877637
2025-07-22,4675,5040,4655,4710,3418269,0.007486631016042855
2025-07-23,4700,4775,4630,4700,722095,-0.002123142250530785
2025-07-24,4705,4845,4565,4620,1232178,-0.017021276595744705
2025-07-25,4625,4685,4545,4590,640821,-0.00649350649350644
2025-07-28,4620,4690,4460,4530,747257,-0.013071895424836555
2025-07-29,4530,4650,4420,4590,822597,0.013245033112582849
2025-07-30,4625,4630,4450,4470,623968,-0.02614379084967322
2025-07-31,4460,4505,4370,4425,396006,-0.010067114093959773
2025-08-01,4475,4475,4250,4285,648577,-0.031638418079096065
2025-08-04,4305,4430,4280,4330,406630,0.010501750291715295
2025-08-05,4330,4605,4330,4565,954412,0.05427251732101612
2025-08-06,4545,4545,4445,4495,285686,-0.01533406352683464
2025-08-07,4505,4565,4405,4450,620624,-0.010011123470522798
2025-08-08,4440,4445,4305,4320,648962,-0.02921348314606742
