Date,Open,High,Low,Close,Volume,Change
2022-01-03,1820,1865,1820,1860,152046,0.016393442622950838
2022-01-04,1860,2250,1850,2100,11691518,0.12903225806451624
2022-01-05,2150,2220,2095,2220,3137439,0.05714285714285716
2022-01-06,2150,2230,2100,2225,1361546,0.0022522522522523403
2022-01-07,2215,2215,2135,2140,1069185,-0.038202247191011285
2022-01-10,2145,2145,2030,2045,564708,-0.04439252336448596
2022-01-11,2085,2205,1970,2030,1327187,-0.007334963325183352
2022-01-12,2025,2040,2000,2035,207277,0.0024630541871921707
2022-01-13,2030,2125,1980,1990,832067,-0.02211302211302213
2022-01-14,1990,2030,1970,1990,206213,0.0
2022-01-17,1995,1995,1925,1940,229317,-0.025125628140703515
2022-01-18,1945,1980,1840,1850,256890,-0.046391752577319534
2022-01-19,1850,1880,1800,1805,223952,-0.024324324324324298
2022-01-20,1850,2090,1850,1955,2557805,0.08310249307479234
2022-01-21,1970,2050,1935,2050,819189,0.04859335038363177
2022-01-24,2055,2095,1985,2065,842251,0.007317073170731714
2022-01-25,2085,2085,1865,1880,946530,-0.08958837772397099
2022-01-26,1860,1945,1835,1860,464308,-0.010638297872340385
2022-01-27,1860,1895,1680,1690,632661,-0.09139784946236562
2022-01-28,1675,1790,1640,1790,282682,0.059171597633136175
2022-02-03,1855,1895,1815,1895,305880,0.05865921787709505
2022-02-04,1870,1955,1855,1940,385306,0.0237467018469657
2022-02-07,1960,1965,1905,1935,122508,-0.002577319587628857
2022-02-08,1910,1965,1875,1905,218748,-0.015503875968992276
2022-02-09,1950,1965,1900,1960,226474,0.028871391076115582
2022-02-10,1960,1960,1900,1920,166705,-0.020408163265306145
2022-02-11,1920,1920,1835,1845,206762,-0.0390625
2022-02-14,1820,1820,1735,1750,384435,-0.051490514905149
2022-02-15,1740,1820,1715,1755,191898,0.0028571428571428914
2022-02-16,1765,1860,1765,1830,114228,0.042735042735042805
2022-02-17,1830,1895,1750,1840,181174,0.005464480874316946
2022-02-18,1800,1875,1775,1860,140821,0.010869565217391353
2022-02-21,1860,1880,1815,1870,143292,0.005376344086021501
2022-02-22,1830,1845,1775,1790,176418,-0.04278074866310155
2022-02-23,1790,1820,1775,1805,76079,0.008379888268156499
2022-02-24,1775,1800,1680,1685,277041,-0.06648199445983383
2022-02-25,1705,1745,1685,1725,119721,0.023738872403560762
2022-02-28,1735,1750,1700,1720,115202,-0.0028985507246376274
2022-03-02,1705,1790,1705,1790,126998,0.04069767441860472
2022-03-03,1810,1820,1770,1820,135774,0.016759776536312776
2022-03-04,1820,1865,1780,1845,177079,0.013736263736263687
2022-03-07,1835,1855,1775,1775,147792,-0.03794037940379402
2022-03-08,1725,1775,1715,1775,137678,0.0
2022-03-10,1760,1840,1760,1775,278589,0.0
2022-03-11,1775,1870,1765,1840,237326,0.036619718309859106
2022-03-14,1840,1870,1760,1800,150418,-0.021739130434782594
2022-03-15,1790,1875,1745,1795,277210,-0.002777777777777768
2022-03-16,1815,1930,1805,1910,745571,0.06406685236768794
2022-03-17,1920,1950,1900,1940,376077,0.015706806282722585
2022-03-18,1960,1985,1915,1950,606550,0.005154639175257714
2022-03-21,1950,2000,1950,1995,398492,0.023076923076922995
2022-03-22,2000,2015,1960,1990,347178,-0.0025062656641604564
2022-03-23,2000,2005,1970,1995,234527,0.002512562814070307
2022-03-24,1995,2030,1965,2005,227812,0.005012531328320913
2022-03-25,2000,2025,1980,2000,167756,-0.0024937655860348684
2022-03-28,2000,2055,1965,2035,353364,0.01750000000000007
2022-03-29,2080,2080,1965,1990,390291,-0.02211302211302213
2022-03-30,2005,2045,1980,2035,291687,0.022613065326633208
2022-03-31,2055,2095,2015,2040,362539,0.002457002457002533
2022-04-01,2085,2085,1995,1995,249319,-0.022058823529411797
2022-04-04,2005,2080,1990,2070,424333,0.03759398496240607
2022-04-05,2075,2075,2020,2055,299118,-0.007246376811594235
2022-04-06,2035,2165,1990,2055,967677,0.0
2022-04-07,2030,2060,1985,2010,363725,-0.021897810218978075
2022-04-08,2000,2030,1935,1975,249766,-0.01741293532338306
2022-04-11,1985,1990,1945,1950,166786,-0.012658227848101222
2022-04-12,1930,1950,1880,1925,121702,-0.012820512820512775
2022-04-13,1925,1970,1895,1945,131713,0.010389610389610393
2022-04-14,1945,2010,1945,1970,231137,0.01285347043701801
2022-04-15,1985,1990,1950,1985,118637,0.0076142131979695105
2022-04-18,1960,2030,1950,2020,277036,0.017632241813602123
2022-04-19,2020,2060,2000,2060,334612,0.01980198019801982
2022-04-20,2040,2075,2020,2025,271300,-0.016990291262135915
2022-04-21,2010,2125,2010,2040,1069458,0.007407407407407307
2022-04-22,2020,2025,1990,2010,210326,-0.014705882352941124
2022-04-25,1965,1980,1935,1945,295615,-0.03233830845771146
2022-04-26,1950,1970,1930,1940,112413,-0.0025706940874036244
2022-04-27,1895,1915,1875,1905,191602,-0.01804123711340211
2022-04-28,1910,1990,1900,1910,171164,0.002624671916010568
2022-04-29,1930,1960,1910,1950,123660,0.020942408376963373
2022-05-02,1950,1950,1905,1925,95787,-0.012820512820512775
2022-05-03,1945,1945,1890,1910,125747,-0.007792207792207795
2022-05-04,1910,1930,1870,1905,158113,-0.002617801047120394
2022-05-06,1865,1875,1845,1855,149565,-0.026246719160105014
2022-05-09,1835,1860,1785,1800,154940,-0.029649595687331498
2022-05-10,1750,1800,1700,1790,143272,-0.005555555555555536
2022-05-11,1770,1800,1745,1795,104834,0.0027932960893854997
2022-05-12,1775,1780,1705,1735,191433,-0.03342618384401119
2022-05-13,1725,1790,1725,1760,59089,0.014409221902017322
2022-05-16,1765,1795,1740,1760,78178,0.0
2022-05-17,1745,1765,1740,1755,32320,-0.0028409090909090606
2022-05-18,1750,1780,1725,1740,50430,-0.008547008547008517
2022-05-19,1690,1715,1685,1695,124268,-0.025862068965517238
2022-05-20,1695,1765,1685,1735,59587,0.02359882005899716
2022-05-23,1735,1755,1730,1745,148388,0.0057636887608070175
2022-05-24,1755,1755,1700,1725,112801,-0.011461318051575908
2022-05-25,1710,1730,1690,1705,57190,-0.011594202898550732
2022-05-26,1715,1725,1665,1665,188128,-0.02346041055718473
2022-05-27,1700,1700,1670,1680,61104,0.009009009009008917
2022-05-30,1685,1740,1685,1725,54415,0.02678571428571419
2022-05-31,1715,1740,1710,1735,47311,0.005797101449275255
2022-06-02,1850,1855,1755,1770,850130,0.020172910662824117
2022-06-03,1765,1780,1760,1770,230562,0.0
2022-06-07,1755,1770,1750,1755,139743,-0.008474576271186418
2022-06-08,1750,1760,1715,1720,80150,-0.019943019943019946
2022-06-09,1720,1730,1680,1690,55288,-0.01744186046511631
2022-06-10,1655,1710,1650,1670,175250,-0.011834319526627168
2022-06-13,1660,1660,1535,1565,222444,-0.06287425149700598
2022-06-14,1500,1550,1465,1535,243081,-0.019169329073482455
2022-06-15,1585,1610,1455,1485,157791,-0.032573289902280145
2022-06-16,1510,1565,1490,1490,163753,0.0033670033670034627
2022-06-17,1455,1470,1380,1455,236205,-0.023489932885906062
2022-06-20,1445,1465,1315,1335,331291,-0.08247422680412375
2022-06-21,1315,1365,1315,1355,141029,0.014981273408239737
2022-06-22,1365,1385,1245,1255,179301,-0.07380073800738007
2022-06-23,1260,1275,1135,1145,267448,-0.08764940239043828
2022-06-24,1145,1245,1145,1240,307052,0.08296943231441056
2022-06-27,1245,1310,1240,1295,168261,0.04435483870967749
2022-06-28,1295,1335,1290,1335,111442,0.030888030888030826
2022-06-29,1325,1345,1275,1345,73604,0.0074906367041198685
2022-06-30,1330,1590,1330,1390,2518491,0.03345724907063197
2022-07-01,1390,1405,1300,1335,212802,-0.03956834532374098
2022-07-04,1340,1345,1255,1285,143569,-0.03745318352059923
2022-07-05,1275,1330,1275,1330,80562,0.035019455252918386
2022-07-06,1315,1340,1285,1300,110297,-0.022556390977443663
2022-07-07,1305,1335,1305,1330,68134,0.023076923076922995
2022-07-08,1340,1395,1340,1360,98191,0.022556390977443552
2022-07-11,1350,1375,1340,1355,119313,-0.003676470588235281
2022-07-12,1345,1375,1320,1375,86572,0.014760147601476037
2022-07-13,1360,1425,1360,1400,193554,0.018181818181818077
2022-07-14,1410,1450,1365,1415,85532,0.010714285714285676
2022-07-15,1400,1425,1375,1420,98165,0.0035335689045936647
2022-07-18,1445,1445,1400,1435,89761,0.010563380281690238
2022-07-19,1440,1445,1410,1440,52567,0.0034843205574912606
2022-07-20,1455,1470,1440,1465,69467,0.01736111111111116
2022-07-21,1455,1470,1455,1465,31645,0.0
2022-07-22,1470,1470,1445,1450,52295,-0.010238907849829393
2022-07-25,1450,1470,1440,1440,80078,-0.006896551724137945
2022-07-26,1430,1445,1420,1440,41838,0.0
2022-07-27,1465,1465,1425,1450,25662,0.00694444444444442
2022-07-28,1460,1500,1460,1475,94550,0.01724137931034475
2022-07-29,1485,1485,1455,1465,72833,-0.006779661016949157
2022-08-01,1470,1480,1440,1470,39210,0.0034129692832765013
2022-08-02,1470,1480,1450,1475,38524,0.00340136054421758
2022-08-03,1485,1485,1450,1455,49892,-0.013559322033898313
2022-08-04,1460,1480,1450,1475,80999,0.013745704467353903
2022-08-05,1470,1490,1455,1475,56296,0.0
2022-08-08,1485,1495,1445,1480,45785,0.003389830508474523
2022-08-09,1460,1605,1450,1510,1183387,0.020270270270270174
2022-08-10,1495,1510,1475,1490,96601,-0.013245033112582738
2022-08-11,1485,1505,1480,1500,81942,0.006711409395973256
2022-08-12,1495,1585,1490,1580,319371,0.05333333333333323
2022-08-16,1585,1590,1545,1565,90089,-0.009493670886076
2022-08-17,1550,1575,1490,1530,107351,-0.022364217252396124
2022-08-18,1520,1530,1480,1530,61211,0.0
2022-08-19,1520,1540,1500,1500,39262,-0.019607843137254943
2022-08-22,1520,1530,1460,1460,51773,-0.026666666666666616
2022-08-23,1475,1475,1400,1405,99290,-0.03767123287671237
2022-08-24,1405,1425,1355,1375,90333,-0.02135231316725983
2022-08-25,1385,1420,1385,1395,39667,0.014545454545454639
2022-08-26,1425,1425,1405,1405,19236,0.007168458781362075
2022-08-29,1400,1400,1315,1330,124315,-0.053380782918149516
2022-08-30,1330,1395,1330,1385,69344,0.041353383458646586
2022-08-31,1385,1455,1350,1440,84429,0.03971119133573997
2022-09-01,1430,1455,1390,1410,45655,-0.02083333333333337
2022-09-02,1390,1425,1370,1405,47995,-0.0035460992907800915
2022-09-05,1400,1420,1360,1380,53156,-0.017793594306049876
2022-09-06,1355,1395,1340,1375,101116,-0.0036231884057971175
2022-09-07,1385,1385,1340,1350,43814,-0.018181818181818188
2022-09-08,1345,1380,1335,1350,44960,0.0
2022-09-13,1355,1400,1355,1390,50467,0.029629629629629672
2022-09-14,1320,1370,1320,1355,44785,-0.025179856115107868
2022-09-15,1370,1375,1330,1335,44729,-0.014760147601476037
2022-09-16,1340,1355,1300,1330,43660,-0.0037453183520599342
2022-09-19,1330,1330,1275,1280,77203,-0.03759398496240607
2022-09-20,1295,1310,1275,1305,50430,0.01953125
2022-09-21,1280,1310,1280,1295,32458,-0.007662835249042099
2022-09-22,1275,1295,1235,1270,117184,-0.019305019305019266
2022-09-23,1285,1285,1210,1225,44028,-0.03543307086614178
2022-09-26,1195,1195,1105,1105,158489,-0.09795918367346934
2022-09-27,1105,1170,1100,1130,120771,0.02262443438914019
2022-09-28,1130,1145,1040,1085,130153,-0.03982300884955747
2022-09-29,1100,1130,1080,1080,50342,-0.004608294930875556
2022-09-30,1045,1090,1025,1080,60908,0.0
2022-10-04,1085,1130,1085,1120,56331,0.03703703703703698
2022-10-05,1130,1140,1095,1125,51935,0.0044642857142858094
2022-10-06,1115,1160,1115,1155,84163,0.026666666666666616
2022-10-07,1160,1160,1125,1140,32076,-0.012987012987012991
2022-10-11,1130,1130,1020,1025,232034,-0.10087719298245612
2022-10-12,1035,1060,1010,1035,114669,0.009756097560975618
2022-10-13,1030,1040,990,1000,154427,-0.033816425120772986
2022-10-14,1000,1030,1000,1025,34401,0.02499999999999991
2022-10-17,1005,1035,1000,1035,33820,0.009756097560975618
2022-10-18,1040,1075,1040,1065,74434,0.02898550724637672
2022-10-19,1065,1080,1050,1060,46622,-0.0046948356807511304
2022-10-20,1055,1090,1035,1065,56654,0.004716981132075526
2022-10-21,1055,1100,1030,1045,127891,-0.018779342723004744
2022-10-24,1070,1345,1070,1190,5961188,0.13875598086124397
2022-10-25,1215,1540,1200,1470,16449559,0.23529411764705888
2022-10-26,1485,1675,1395,1470,10072058,0.0
2022-10-27,1565,1600,1420,1435,5063499,-0.023809523809523836
2022-10-28,1425,1545,1400,1440,2108752,0.0034843205574912606
2022-10-31,1440,1440,1365,1395,596582,-0.03125
2022-11-01,1375,1445,1365,1400,559010,0.0035842293906809264
2022-11-02,1400,1405,1340,1375,342418,-0.017857142857142905
2022-11-03,1345,1420,1340,1395,435567,0.014545454545454639
2022-11-04,1400,1710,1400,1570,14871798,0.1254480286738351
2022-11-07,1610,1615,1565,1575,1535523,0.0031847133757962887
2022-11-08,1575,1660,1545,1555,1868642,-0.012698412698412653
2022-11-09,1690,1850,1615,1650,13249537,0.06109324758842449
2022-11-10,1640,1665,1610,1610,838861,-0.024242424242424288
2022-11-11,1630,1890,1620,1720,12569286,0.06832298136645965
2022-11-14,1700,1765,1695,1705,1706510,-0.008720930232558155
2022-11-15,1715,1725,1690,1705,604727,0.0
2022-11-16,1700,1705,1630,1670,791751,-0.02052785923753664
2022-11-17,1645,1700,1640,1700,360809,0.017964071856287456
2022-11-18,1700,1960,1675,1730,16075125,0.01764705882352935
2022-11-21,1770,1880,1720,1740,5243536,0.005780346820809301
2022-11-22,1770,1830,1730,1735,2129408,-0.002873563218390829
2022-11-23,1735,1750,1695,1705,511261,-0.01729106628242072
2022-11-24,1700,1825,1645,1825,2928212,0.07038123167155419
2022-11-25,1750,1765,1720,1735,784405,-0.049315068493150704
2022-11-28,1735,1735,1680,1680,389637,-0.03170028818443804
2022-11-29,1665,1695,1660,1680,177561,0.0
2022-11-30,1680,1730,1675,1720,237104,0.023809523809523725
2022-12-01,1715,1795,1715,1770,847835,0.029069767441860517
2022-12-02,1770,1785,1735,1785,494713,0.008474576271186418
2022-12-05,1780,1830,1740,1785,804489,0.0
2022-12-06,1765,1965,1725,1725,8324556,-0.03361344537815125
2022-12-07,1725,1805,1680,1685,856323,-0.023188405797101463
2022-12-08,1670,1750,1655,1675,572332,-0.005934718100890191
2022-12-09,1660,1825,1660,1755,2491502,0.047761194029850795
2022-12-12,1735,1745,1680,1680,500393,-0.042735042735042694
2022-12-13,1705,1725,1665,1680,349020,0.0
2022-12-14,1680,1730,1680,1725,175964,0.02678571428571419
2022-12-15,1725,1770,1705,1770,287478,0.026086956521739202
2022-12-16,1745,1805,1745,1770,465823,0.0
2022-12-19,1795,1795,1700,1705,355917,-0.03672316384180796
2022-12-20,1690,1705,1660,1690,274787,-0.008797653958944274
2022-12-21,1695,1715,1675,1700,101448,0.00591715976331364
2022-12-22,1710,1840,1690,1825,1495454,0.07352941176470584
2022-12-23,1805,1855,1750,1755,784344,-0.0383561643835616
2022-12-26,1745,1770,1670,1680,380898,-0.042735042735042694
2022-12-27,1675,1745,1675,1730,300175,0.029761904761904656
2022-12-28,1725,1775,1700,1765,285700,0.020231213872832443
2022-12-29,1755,1780,1705,1705,200406,-0.03399433427762044
2023-01-02,1705,1830,1670,1680,828592,-0.014662756598240456
2023-01-03,1745,1775,1560,1610,1061102,-0.04166666666666663
2023-01-04,1575,1610,1565,1605,227696,-0.0031055900621117516
2023-01-05,1595,1650,1595,1615,215456,0.006230529595015577
2023-01-06,1600,1680,1575,1650,231468,0.021671826625387025
2023-01-09,1650,1750,1645,1720,313229,0.042424242424242475
2023-01-10,1720,1800,1705,1710,300441,-0.005813953488372103
2023-01-11,1740,1780,1705,1740,335456,0.01754385964912286
2023-01-12,1750,1770,1700,1715,133983,-0.014367816091954033
2023-01-13,1720,1775,1720,1770,199219,0.03206997084548102
2023-01-16,1750,1800,1720,1740,316222,-0.016949152542372836
2023-01-17,1735,1775,1680,1700,151153,-0.02298850574712641
2023-01-18,1700,1725,1675,1700,102515,0.0
2023-01-19,1675,1700,1675,1685,57729,-0.008823529411764675
2023-01-20,1660,1710,1660,1680,90179,-0.0029673590504450953
2023-01-25,1665,1694,1665,1681,99492,0.0005952380952380931
2023-01-26,1673,1710,1673,1701,119653,0.011897679952409312
2023-01-27,1716,1723,1695,1698,88292,-0.0017636684303351524
2023-01-30,1698,1698,1650,1658,225375,-0.02355712603062421
2023-01-31,1714,1714,1639,1650,78751,-0.004825090470446325
2023-02-01,1650,1668,1631,1648,40717,-0.00121212121212122
2023-02-02,1648,1690,1648,1677,121613,0.017597087378640852
2023-02-03,1695,1698,1648,1649,164130,-0.016696481812760844
2023-02-06,1653,1665,1633,1665,75050,0.009702850212249814
2023-02-07,1663,1663,1638,1645,145008,-0.012012012012011963
2023-02-08,1650,1659,1638,1654,85773,0.005471124620060719
2023-02-09,1667,1679,1638,1653,62514,-0.0006045949214026347
2023-02-10,1653,1653,1600,1616,137432,-0.02238354506957052
2023-02-13,1606,1635,1585,1620,110932,0.0024752475247524774
2023-02-14,1620,1631,1603,1625,82506,0.0030864197530864335
2023-02-15,1625,1625,1572,1592,157120,-0.02030769230769236
2023-02-16,1592,1594,1550,1550,151437,-0.02638190954773867
2023-02-17,1534,1567,1521,1548,69928,-0.001290322580645209
2023-02-20,1524,1541,1522,1523,46270,-0.016149870801033583
2023-02-21,1512,1534,1511,1512,45979,-0.007222586999343417
2023-02-22,1511,1511,1460,1475,69675,-0.02447089947089942
2023-02-23,1465,1482,1447,1458,84044,-0.0115254237288136
2023-02-24,1478,1479,1408,1421,94347,-0.02537722908093276
2023-02-27,1430,1459,1350,1414,62945,-0.0049261083743842304
2023-02-28,1429,1455,1400,1433,64002,0.013437057991513512
2023-03-02,1430,1441,1411,1430,32402,-0.002093510118632236
2023-03-03,1430,1449,1402,1405,98239,-0.0174825174825175
2023-03-06,1467,1467,1362,1393,171009,-0.008540925266903865
2023-03-07,1394,1400,1359,1390,83578,-0.002153625269203152
2023-03-08,1356,1389,1323,1342,160838,-0.03453237410071941
2023-03-09,1342,1530,1342,1409,990356,0.049925484351713845
2023-03-10,1411,1520,1365,1456,427620,0.033356990773598216
2023-03-13,1400,1415,1348,1364,210617,-0.06318681318681318
2023-03-14,1335,1335,1251,1259,219512,-0.0769794721407625
2023-03-15,1256,1291,1256,1285,62933,0.02065131056393965
2023-03-16,1275,1275,1221,1252,40998,-0.025680933852140098
2023-03-17,1265,1288,1250,1282,95590,0.023961661341852958
2023-03-20,1284,1317,1280,1308,42955,0.020280811232449292
2023-03-21,1347,1354,1246,1262,221499,-0.03516819571865448
2023-03-22,1263,1279,1241,1265,44970,0.002377179080824021
2023-03-23,1251,1263,1201,1204,163513,-0.04822134387351784
2023-03-24,1206,1222,1193,1216,128205,0.009966777408637828
2023-03-27,1203,1211,1175,1183,75200,-0.027138157894736836
2023-03-28,1183,1218,1183,1213,27153,0.025359256128486996
2023-03-29,1200,1219,1196,1218,45733,0.004122011541632276
2023-03-30,1218,1255,1218,1247,92863,0.023809523809523725
2023-03-31,1247,1265,1235,1250,32701,0.002405773857257376
2023-04-03,1265,1265,1240,1250,41527,0.0
2023-04-04,1249,1260,1243,1255,57397,0.0040000000000000036
2023-04-05,1261,1271,1245,1259,51652,0.0031872509960160222
2023-04-06,1270,1270,1223,1233,55022,-0.02065131056393965
2023-04-07,1242,1246,1214,1214,41500,-0.01540957015409572
2023-04-10,1221,1221,1180,1200,138650,-0.011532125205930832
2023-04-11,1188,1220,1170,1206,89427,0.004999999999999893
2023-04-12,1214,1214,1190,1198,71519,-0.0066334991708125735
2023-04-13,1190,1216,1171,1214,88497,0.013355592654423987
2023-04-14,1215,1240,1195,1230,123492,0.01317957166392092
2023-04-17,1233,1330,1233,1305,319202,0.060975609756097615
2023-04-18,1305,1315,1279,1313,123310,0.006130268199233679
2023-04-19,1307,1319,1290,1318,72638,0.0038080731150038627
2023-04-20,1318,1318,1290,1291,88258,-0.020485584218512876
2023-04-21,1292,1297,1244,1262,109575,-0.022463206816421333
2023-04-24,1250,1267,1211,1224,74577,-0.030110935023771823
2023-04-25,1224,1228,1193,1220,83645,-0.0032679738562091387
2023-04-26,1211,1233,1205,1231,31054,0.00901639344262306
2023-04-27,1270,1270,1201,1217,59050,-0.011372867587327362
2023-04-28,1241,1241,1209,1211,50637,-0.004930156121610518
2023-05-02,1200,1225,1200,1207,98676,-0.003303055326176696
2023-05-03,1201,1223,1201,1204,68778,-0.0024855012427505985
2023-05-04,1197,1456,1196,1269,1543486,0.05398671096345509
2023-05-08,1269,1395,1266,1300,831210,0.024428684003152012
2023-05-09,1310,1358,1297,1337,153711,0.028461538461538538
2023-05-10,1343,1355,1325,1336,78718,-0.0007479431563200967
2023-05-11,1330,1347,1325,1328,59016,-0.005988023952095856
2023-05-12,1345,1345,1310,1312,67481,-0.012048192771084376
2023-05-15,1310,1312,1273,1288,66200,-0.018292682926829285
2023-05-16,1292,1500,1292,1419,1825887,0.10170807453416142
2023-05-17,1439,1490,1389,1474,616749,0.03875968992248069
2023-05-18,1474,1490,1467,1490,148119,0.01085481682496603
2023-05-19,1492,1511,1480,1500,124641,0.006711409395973256
2023-05-22,1500,1544,1490,1506,158498,0.0040000000000000036
2023-05-23,1499,1520,1472,1473,120280,-0.021912350597609542
2023-05-24,1465,1490,1465,1487,59903,0.00950441276306857
2023-05-25,1470,1491,1466,1475,56083,-0.00806993947545398
2023-05-26,1478,1488,1412,1412,113808,-0.042711864406779654
2023-05-30,1412,1429,1385,1419,75229,0.004957507082153034
2023-05-31,1422,1444,1390,1410,44846,-0.006342494714587699
2023-06-01,1414,1439,1372,1408,118179,-0.0014184397163120588
2023-06-02,1408,1426,1400,1404,30242,-0.0028409090909090606
2023-06-05,1405,1429,1404,1421,31681,0.012108262108262213
2023-06-07,1429,1499,1407,1414,235372,-0.0049261083743842304
2023-06-08,1416,1469,1391,1427,84821,0.009193776520509234
2023-06-09,1421,1450,1420,1430,40358,0.0021023125437982237
2023-06-12,1412,1445,1412,1438,57363,0.005594405594405494
2023-06-13,1438,1455,1420,1421,47669,-0.01182197496522952
2023-06-14,1421,1435,1297,1372,82126,-0.03448275862068961
2023-06-15,1368,1409,1340,1362,46741,-0.007288629737609353
2023-06-16,1390,1391,1355,1373,39964,0.008076358296622566
2023-06-19,1395,1395,1353,1368,50746,-0.0036416605972323657
2023-06-20,1371,1560,1371,1397,1505326,0.02119883040935666
2023-06-21,1397,1408,1355,1358,165508,-0.027916964924838972
2023-06-22,1357,1370,1345,1351,90190,-0.005154639175257714
2023-06-23,1340,1670,1340,1401,10116296,0.03700962250185058
2023-06-26,1390,1417,1343,1390,691437,-0.00785153461812993
2023-06-27,1398,1413,1360,1397,265631,0.005035971223021685
2023-06-28,1390,1425,1371,1394,230022,-0.0021474588403722628
2023-06-29,1394,1415,1361,1363,154524,-0.02223816355810615
2023-06-30,1350,1404,1350,1401,137033,0.027879677182685247
2023-07-03,1401,1420,1385,1405,136489,0.002855103497501732
2023-07-04,1413,1438,1397,1428,203818,0.016370106761565806
2023-07-05,1425,1432,1390,1420,141469,-0.0056022408963585235
2023-07-06,1420,1429,1352,1360,175520,-0.04225352112676062
2023-07-07,1349,1358,1323,1327,92070,-0.024264705882352966
2023-07-10,1323,1349,1313,1341,82150,0.010550113036925435
2023-07-11,1335,1365,1330,1346,54982,0.0037285607755406236
2023-07-12,1373,1373,1320,1325,137517,-0.015601783060921193
2023-07-13,1345,1346,1325,1330,55531,0.0037735849056603765
2023-07-14,1334,1365,1325,1330,123482,0.0
2023-07-17,1369,1389,1340,1379,117819,0.03684210526315779
2023-07-18,1380,1397,1375,1375,187495,-0.0029006526468455807
2023-07-19,1375,1392,1372,1375,82028,0.0
2023-07-20,1368,1455,1368,1455,319819,0.05818181818181811
2023-07-21,1441,1545,1419,1485,650959,0.020618556701030855
2023-07-24,1500,1500,1424,1424,213768,-0.041077441077441046
2023-07-25,1410,1537,1360,1384,309391,-0.028089887640449396
2023-07-26,1359,1371,1242,1261,328236,-0.08887283236994215
2023-07-27,1261,1322,1261,1297,81082,0.028548770816811952
2023-07-28,1285,1390,1276,1390,84239,0.07170393215111792
2023-07-31,1393,1412,1374,1395,59100,0.003597122302158251
2023-08-01,1420,1421,1381,1390,48328,-0.0035842293906810374
2023-08-02,1390,1414,1369,1369,57931,-0.015107913669064721
2023-08-03,1361,1424,1357,1424,107698,0.04017531044558065
2023-08-04,1402,1504,1402,1503,249888,0.055477528089887596
2023-08-07,1506,1536,1470,1470,200382,-0.021956087824351322
2023-08-08,1470,1492,1445,1450,104294,-0.013605442176870763
2023-08-09,1442,1460,1435,1436,50685,-0.0096551724137931
2023-08-10,1448,1498,1439,1476,140027,0.027855153203342642
2023-08-11,1476,1510,1469,1469,87072,-0.004742547425474308
2023-08-14,1482,1550,1440,1495,139639,0.017699115044247815
2023-08-16,1494,1515,1415,1482,185763,-0.008695652173912993
2023-08-17,1471,1485,1430,1436,133833,-0.031039136302294157
2023-08-18,1436,1493,1400,1430,68999,-0.004178272980501441
2023-08-21,1414,1466,1414,1446,100585,0.01118881118881121
2023-08-22,1460,1460,1415,1422,57915,-0.016597510373444035
2023-08-23,1422,1463,1415,1423,62485,0.0007032348804500987
2023-08-24,1422,1488,1412,1488,85445,0.04567814476458176
2023-08-25,1500,1500,1430,1450,80101,-0.025537634408602128
2023-08-28,1451,1481,1451,1457,35635,0.004827586206896495
2023-08-29,1457,1507,1457,1477,88272,0.013726835964310125
2023-08-30,1471,1499,1444,1449,78305,-0.018957345971563955
2023-08-31,1449,1473,1442,1442,66365,-0.004830917874396157
2023-09-01,1442,1450,1431,1438,52155,-0.00277392510402219
2023-09-04,1423,1462,1422,1433,73121,-0.003477051460361591
2023-09-05,1433,1585,1408,1476,1131234,0.03000697836706201
2023-09-06,1476,1550,1466,1524,187122,0.03252032520325199
2023-09-07,1515,1535,1490,1511,91153,-0.008530183727034069
2023-09-08,1483,1534,1483,1517,103352,0.003970880211780381
2023-09-11,1518,1543,1518,1534,68721,0.011206328279498967
2023-09-12,1553,1560,1520,1530,95735,-0.0026075619295958807
2023-09-13,1529,1529,1485,1506,57143,-0.015686274509803977
2023-09-14,1500,1529,1500,1521,49935,0.009960159362549792
2023-09-15,1540,1562,1525,1557,84127,0.023668639053254337
2023-09-18,1599,1600,1558,1567,201311,0.006422607578676853
2023-09-19,1573,1574,1523,1537,84470,-0.01914486279514993
2023-09-20,1534,1573,1529,1572,50088,0.022771633051398732
2023-09-21,1572,1588,1495,1526,211332,-0.029262086513994867
2023-09-22,1580,1784,1577,1688,10450612,0.10615989515072077
2023-09-25,1650,1712,1576,1631,1212286,-0.03376777251184837
2023-09-26,1630,1670,1573,1610,546793,-0.012875536480686733
2023-09-27,1460,1460,1335,1384,1045132,-0.14037267080745341
2023-10-04,1346,1400,1340,1341,328754,-0.03106936416184969
2023-10-05,1341,1373,1340,1359,132648,0.01342281879194629
2023-10-06,1353,1408,1353,1373,117237,0.010301692420897623
2023-10-10,1387,1477,1345,1365,311296,-0.0058266569555717185
2023-10-11,1356,1396,1356,1386,92760,0.01538461538461533
2023-10-12,1386,1455,1386,1445,191291,0.04256854256854248
2023-10-13,1437,1462,1373,1415,48287,-0.02076124567474047
2023-10-16,1400,1415,1357,1364,112548,-0.03604240282685511
2023-10-17,1371,1433,1371,1389,88858,0.01832844574780057
2023-10-18,1419,1419,1369,1388,58702,-0.0007199424046075986
2023-10-19,1385,1414,1351,1389,106761,0.0007204610951008217
2023-10-20,1376,1396,1360,1390,86277,0.0007199424046075986
2023-10-23,1348,1399,1336,1337,126689,-0.03812949640287766
2023-10-24,1314,1389,1310,1376,197448,0.02916978309648477
2023-10-25,1369,1404,1357,1384,67543,0.005813953488372103
2023-10-26,1365,1375,1313,1336,98686,-0.034682080924855474
2023-10-27,1336,1352,1314,1350,55385,0.010479041916167775
2023-10-30,1378,1378,1336,1360,31913,0.007407407407407307
2023-10-31,1361,1382,1357,1370,79229,0.007352941176470562
2023-11-01,1411,1411,1354,1364,61131,-0.004379562043795637
2023-11-02,1367,1392,1367,1382,40272,0.01319648093841641
2023-11-03,1405,1405,1365,1394,56010,0.00868306801736618
2023-11-06,1396,1425,1395,1421,71125,0.01936872309899562
2023-11-07,1443,1443,1364,1405,72120,-0.011259676284306797
2023-11-08,1415,1423,1393,1401,91171,-0.002846975088967918
2023-11-09,1401,1423,1389,1404,51258,0.0021413276231263545
2023-11-10,1403,1403,1357,1392,37782,-0.008547008547008517
