Date,Open,High,Low,Close,Volume,Change
2022-01-03,3521,3641,3521,3637,65422,0.03265190232822257
2022-01-04,3667,3684,3530,3582,49947,-0.015122353588122084
2022-01-05,3581,4255,3470,3880,1645937,0.0831937465103294
2022-01-06,3879,3905,3730,3884,248504,0.0010309278350515427
2022-01-07,3888,4046,3845,3880,413073,-0.001029866117404743
2022-01-10,3991,3991,3684,3684,132931,-0.050515463917525816
2022-01-11,3722,3790,3551,3769,111334,0.02307274701411499
2022-01-12,3705,4298,3701,4017,1596323,0.0657999469355266
2022-01-13,4076,4140,3914,3991,389276,-0.006472491909385147
2022-01-14,3952,3952,3777,3837,190383,-0.038586820345777983
2022-01-17,3799,3799,3556,3646,138159,-0.0497784727651811
2022-01-18,3581,3824,3573,3718,134893,0.01974766867800337
2022-01-19,3722,3722,3415,3543,203821,-0.04706831629908548
2022-01-20,3543,3709,3526,3650,127034,0.030200395145357106
2022-01-21,3649,3773,3542,3739,197266,0.024383561643835705
2022-01-24,3743,3828,3564,3752,118854,0.0034768654720513936
2022-01-25,3756,3791,3560,3565,167870,-0.04984008528784645
2022-01-26,3603,3607,3501,3565,102295,0.0
2022-01-27,3564,3602,3300,3300,162134,-0.07433380084151475
2022-01-28,3239,3380,3120,3338,124851,0.011515151515151478
2022-02-03,3470,3624,3410,3428,100279,0.02696225284601561
2022-02-04,3428,3530,3385,3475,66913,0.013710618436405975
2022-02-07,3538,3611,3474,3611,70249,0.03913669064748193
2022-02-08,3624,3679,3487,3526,78907,-0.02353918582110215
2022-02-09,3526,3603,3483,3582,73251,0.01588201928530908
2022-02-10,3615,3615,3483,3526,48241,-0.015633724176437713
2022-02-11,3551,3551,3363,3368,74633,-0.04480998298355077
2022-02-14,3342,3368,3197,3202,103661,-0.04928741092636579
2022-02-15,3159,3270,3069,3236,67402,0.010618363522798324
2022-02-16,3244,3568,3210,3360,213828,0.03831891223732997
2022-02-17,3334,3449,3283,3356,59678,-0.0011904761904761862
2022-02-18,3355,3411,3287,3394,30235,0.011323003575685275
2022-02-21,3393,3393,3257,3368,42655,-0.0076605774896877366
2022-02-22,3363,3363,3252,3287,45201,-0.02404988123515439
2022-02-23,3287,3325,3240,3253,34804,-0.010343778521448077
2022-02-24,3244,3244,3108,3108,66954,-0.04457423916384873
2022-02-25,3155,3215,3138,3215,35029,0.03442728442728438
2022-02-28,3231,3231,3167,3223,21247,0.002488335925350027
2022-03-02,3219,3291,3214,3283,36742,0.018616196090598836
2022-03-03,3283,3377,3283,3377,31847,0.02863234846177276
2022-03-04,3364,3428,3325,3377,34050,0.0
2022-03-07,3376,3457,3240,3270,52882,-0.03168492745039975
2022-03-08,3219,3240,3121,3164,31703,-0.0324159021406728
2022-03-10,3185,3274,3185,3249,18639,0.026864728192161902
2022-03-11,3257,3283,3232,3275,33857,0.008002462296091029
2022-03-14,3274,3274,3061,3108,145138,-0.05099236641221372
2022-03-15,3082,3129,3069,3104,21091,-0.0012870012870013214
2022-03-16,3125,3147,3074,3147,29467,0.013853092783505216
2022-03-17,3164,3270,3164,3228,55213,0.025738798856053346
2022-03-18,3278,3278,3214,3223,25816,-0.0015489467162329573
2022-03-21,3240,3300,3223,3266,32627,0.013341607198262384
2022-03-22,3317,3317,3214,3283,25634,0.00520514390691984
2022-03-23,3304,3304,3223,3232,30045,-0.015534572037770311
2022-03-24,3236,3249,3168,3228,37206,-0.0012376237623762387
2022-03-25,3231,3257,3197,3236,25631,0.0024783147459728205
2022-03-28,3252,3261,3163,3176,37800,-0.018541409147095234
2022-03-29,3176,3210,3155,3185,22459,0.0028337531486146705
2022-03-30,3176,3197,3154,3189,43960,0.0012558869701726483
2022-03-31,3206,3313,3189,3313,73601,0.038883662590153634
2022-04-01,3283,3355,3283,3283,70320,-0.009055236945366696
2022-04-04,3291,3342,3291,3304,39259,0.006396588486140775
2022-04-05,3325,3355,3308,3351,58157,0.014225181598062964
2022-04-06,3351,3359,3261,3296,35274,-0.016413011041480186
2022-04-07,3291,3291,3193,3198,33019,-0.029733009708737823
2022-04-08,3197,3223,3146,3202,27319,0.001250781738586726
2022-04-11,3202,3219,3159,3168,21563,-0.010618363522798213
2022-04-12,3155,3194,3091,3194,25656,0.008207070707070718
2022-04-13,3193,3210,3172,3198,16350,0.0012523481527864089
2022-04-14,3261,3261,3129,3159,23281,-0.012195121951219523
2022-04-15,3181,3181,3078,3130,46171,-0.009180120291231386
2022-04-18,3125,3125,3078,3100,21331,-0.009584664536741228
2022-04-19,3099,3150,3082,3121,19776,0.006774193548387153
2022-04-20,3125,3133,3099,3104,14902,-0.005446972124319105
2022-04-21,3103,3112,3073,3095,29061,-0.002899484536082464
2022-04-22,3095,3100,2989,3019,54425,-0.02455573505654285
2022-04-25,2945,3018,2899,2899,61100,-0.039748261013580644
2022-04-26,2898,2916,2890,2916,40423,0.005864091065884702
2022-04-27,2899,2899,2788,2878,52590,-0.013031550068587139
2022-04-28,2877,2890,2605,2669,153123,-0.07261987491313415
2022-04-29,2668,2835,2668,2767,49529,0.03671787186212061
2022-05-02,2775,2869,2758,2861,33129,0.03397181062522581
2022-05-03,2861,2920,2793,2793,24118,-0.023767913317021994
2022-05-04,2928,3061,2873,2980,97630,0.066953097028285
2022-05-06,2971,2971,2796,2899,32670,-0.027181208053691286
2022-05-09,2898,3495,2898,3240,1208351,0.11762676785098303
2022-05-10,3240,3240,3019,3194,170527,-0.014197530864197505
2022-05-11,3206,3283,3112,3198,83780,0.0012523481527864089
2022-05-12,3197,3197,2916,2916,100753,-0.08818011257035652
2022-05-13,2916,3206,2916,3164,59079,0.08504801097393688
2022-05-16,3193,3193,2989,2989,73633,-0.05530973451327437
2022-05-17,3018,3150,3014,3091,43589,0.03412512546002011
2022-05-18,3121,3274,2942,3087,89971,-0.0012940795858945586
2022-05-19,2975,3056,2882,3027,37683,-0.0194363459669582
2022-05-20,3035,3073,2873,3027,38338,0.0
2022-05-23,3044,3180,2865,3053,59609,0.008589362405021506
2022-05-24,3052,3103,2988,3010,17414,-0.014084507042253502
2022-05-25,3005,3039,2971,3014,27523,0.0013289036544850141
2022-05-26,3014,3069,3001,3023,15391,0.0029860650298605407
2022-05-27,3010,3019,2929,2938,59518,-0.028117763810784013
2022-05-30,2937,2963,2835,2908,57402,-0.010211027910142945
2022-05-31,2916,2950,2899,2942,42812,0.011691884456671353
2022-06-02,2954,3133,2950,3091,85628,0.05064581917063227
2022-06-03,3090,3159,3065,3108,45018,0.005499838240051735
2022-06-07,3086,3086,2941,3027,28128,-0.026061776061776065
2022-06-08,2997,3150,2976,3006,24198,-0.0069375619425173785
2022-06-09,3005,3410,2899,2912,768324,-0.031270791749833715
2022-06-10,2942,3112,2912,2985,120464,0.02506868131868134
2022-06-13,2971,2971,2741,2827,78582,-0.05293132328308203
2022-06-14,2796,2822,2625,2805,69832,-0.0077821011673151474
2022-06-15,2754,2754,2609,2635,43986,-0.06060606060606055
2022-06-16,2643,2741,2622,2635,41272,0.0
2022-06-17,2635,2677,2579,2665,38746,0.011385199240986799
2022-06-20,2664,2677,2430,2558,79646,-0.04015009380863044
2022-06-21,2643,2643,2532,2558,22739,0.0
2022-06-22,2558,2579,2357,2375,64119,-0.0715402658326818
2022-06-23,2374,2387,2140,2166,59607,-0.08799999999999997
2022-06-24,2165,2379,2067,2345,64014,0.08264081255771005
2022-06-27,2456,2511,2388,2452,35189,0.045628997867803944
2022-06-28,2536,2536,2472,2515,26280,0.02569331158238164
2022-06-29,2434,2514,2425,2434,26103,-0.03220675944333995
2022-06-30,2412,2446,2306,2353,23024,-0.03327855382087097
2022-07-01,2353,2391,2161,2264,66963,-0.037824054398640006
2022-07-04,2255,2263,2182,2234,25547,-0.013250883392226132
2022-07-05,2234,2302,2234,2294,18787,0.02685765443151289
2022-07-06,2353,2557,2318,2353,50817,0.02571926765475152
2022-07-07,2366,2413,2353,2413,25466,0.025499362515937207
2022-07-08,2438,2451,2412,2434,16232,0.008702859510982153
2022-07-11,2446,2489,2400,2400,17635,-0.01396877567789645
2022-07-12,2400,2400,2259,2298,10617,-0.04249999999999998
2022-07-13,2294,2473,2289,2341,45400,0.01871192341166239
2022-07-14,2340,2374,2314,2349,15487,0.0034173430158053186
2022-07-15,2349,2472,2208,2315,41654,-0.01447424435930178
2022-07-18,2323,2408,2323,2362,13585,0.020302375809935214
2022-07-19,2361,2459,2361,2447,26535,0.035986452159187055
2022-07-20,2447,2473,2388,2388,30431,-0.024111156518185517
2022-07-21,2387,2446,2387,2417,23480,0.012144053601339966
2022-07-22,2439,2451,2417,2422,20331,0.0020686801820437584
2022-07-25,2422,2520,2396,2452,28187,0.012386457473162693
2022-07-26,2532,2532,2430,2473,14744,0.008564437194127139
2022-07-27,2434,2481,2328,2422,25186,-0.020622725434694678
2022-07-28,2421,2460,2408,2426,15914,0.0016515276630884035
2022-07-29,2425,2489,2417,2443,15661,0.007007419620775002
2022-08-01,2545,2545,2336,2443,25620,0.0
2022-08-02,2421,2442,2361,2430,11329,-0.005321326238231672
2022-08-03,2409,2443,2392,2439,13833,0.0037037037037037646
2022-08-04,2439,2490,2430,2469,13406,0.012300123001230068
2022-08-05,2468,2507,2468,2503,20398,0.013770757391656563
2022-08-08,2515,2532,2502,2520,16462,0.0067918497802637035
2022-08-09,2519,2562,2507,2554,15668,0.013492063492063444
2022-08-10,2553,2553,2468,2515,24587,-0.015270164447924839
2022-08-11,2489,2532,2477,2524,21806,0.003578528827037797
2022-08-12,2523,2549,2498,2511,12338,-0.005150554675118824
2022-08-16,2511,2562,2485,2507,23723,-0.0015929908403026216
2022-08-17,2506,2643,2506,2622,74344,0.04587155963302747
2022-08-18,2575,2639,2558,2635,42186,0.0049580472921433305
2022-08-19,2635,2660,2562,2584,29665,-0.01935483870967747
2022-08-22,2557,2562,2506,2511,16773,-0.028250773993808043
2022-08-23,2502,2502,2327,2362,51081,-0.05933890880127435
2022-08-24,2344,2463,2340,2383,35787,0.008890770533446224
2022-08-25,2404,2618,2404,2520,58681,0.05749055812001669
2022-08-26,2545,2575,2519,2541,15993,0.008333333333333304
2022-08-29,2540,2600,2472,2481,27315,-0.023612750885478206
2022-08-30,2472,2519,2451,2511,14201,0.012091898428053138
2022-08-31,2511,2634,2506,2592,26369,0.032258064516129004
2022-09-01,2596,2736,2540,2596,74269,0.0015432098765431057
2022-09-02,2570,2762,2557,2643,59355,0.018104776579352944
2022-09-05,2630,2660,2558,2601,39518,-0.01589103291713967
2022-09-06,2570,2668,2570,2643,32968,0.016147635524798254
2022-09-07,2669,2724,2566,2635,25383,-0.003026863412788461
2022-09-08,2634,2677,2575,2669,30948,0.012903225806451646
2022-09-13,2698,2741,2668,2724,34694,0.020606968902210587
2022-09-14,2724,2724,2591,2609,27623,-0.04221732745961826
2022-09-15,2621,2651,2609,2609,18015,0.0
2022-09-16,2609,2639,2481,2622,51262,0.004982752012265168
2022-09-19,2583,2724,2515,2699,41313,0.029366895499618684
2022-09-20,2673,2729,2643,2695,26953,-0.0014820303816228675
2022-09-21,2694,2719,2557,2660,30236,-0.012987012987012991
2022-09-22,2660,2703,2553,2669,35168,0.0033834586466165995
2022-09-23,2668,2719,2583,2643,21902,-0.009741476208317668
2022-09-26,2604,2625,2425,2498,23915,-0.05486189935679153
2022-09-27,2489,2489,2344,2400,36990,-0.039231385108086436
2022-09-28,2399,2399,2131,2255,29900,-0.060416666666666674
2022-09-29,2254,2314,2046,2046,56398,-0.09268292682926826
2022-09-30,1986,2050,1947,2046,25877,0.0
2022-10-04,2063,2131,2003,2127,43052,0.03958944281524923
2022-10-05,2174,2229,2131,2200,20815,0.03432063939821339
2022-10-06,2220,2276,2220,2255,11434,0.02499999999999991
2022-10-07,2280,2323,2255,2302,9027,0.020842572062084175
2022-10-11,2302,2311,2110,2162,36847,-0.06081668114682881
2022-10-12,2162,2162,2063,2081,25913,-0.03746530989824237
2022-10-13,2080,2102,1893,1906,33137,-0.08409418548774628
2022-10-14,1927,1999,1910,1957,19986,0.02675760755508927
2022-10-17,2003,2369,1977,2046,128630,0.04547777210015336
2022-10-18,2105,2250,2033,2144,67255,0.047898338220918824
2022-10-19,2161,2259,2161,2247,22084,0.04804104477611948
2022-10-20,2246,2463,2212,2302,37765,0.02447708055184683
2022-10-21,2293,2301,2203,2272,29908,-0.013032145960034769
2022-10-24,2259,2259,2157,2247,18645,-0.011003521126760618
2022-10-25,2285,2306,2225,2260,14645,0.005785491766800099
2022-10-26,2272,2293,2119,2119,7766,-0.062389380530973426
2022-10-27,2118,2267,2118,2208,16381,0.0420009438414346
2022-10-28,2255,2259,2208,2221,8318,0.005887681159420399
2022-10-31,2225,2280,2178,2225,11104,0.0018009905447995411
2022-11-01,2259,2302,2234,2294,19375,0.031011235955056282
2022-11-02,2306,2345,2234,2243,17242,-0.022231909328683575
2022-11-03,2225,2259,2101,2225,14321,-0.00802496656263929
2022-11-04,2225,2318,2178,2225,9101,0.0
2022-11-07,2238,2319,2105,2123,38933,-0.045842696629213475
2022-11-08,2123,2208,2123,2183,12729,0.0282618935468677
2022-11-09,2204,2336,2169,2285,32320,0.04672469079248742
2022-11-10,2285,2319,2225,2264,10762,-0.009190371991247281
2022-11-11,2289,2455,2259,2315,29181,0.02252650176678439
2022-11-14,2314,2455,2301,2336,17979,0.009071274298056098
2022-11-15,2336,2336,2297,2332,27130,-0.001712328767123239
2022-11-16,2332,2375,2307,2307,21197,-0.010720411663807883
2022-11-17,2306,2332,2144,2311,20095,0.001733853489380044
2022-11-18,2310,2314,2225,2251,10274,-0.025962786672436122
2022-11-21,2251,2285,2225,2277,19845,0.011550422034651175
2022-11-22,2233,2255,2199,2255,19963,-0.009661835748792313
2022-11-23,2237,2382,2233,2336,32579,0.03592017738359199
2022-11-24,2358,2430,2336,2405,28813,0.02953767123287676
2022-11-25,2455,2455,2404,2447,26678,0.017463617463617354
2022-11-28,2447,2481,2426,2452,17941,0.002043318348998735
2022-11-29,2425,2451,2374,2447,32457,-0.002039151712887488
2022-11-30,2472,2596,2468,2554,41539,0.04372701266857382
2022-12-01,2567,2571,2486,2550,32110,-0.001566170712607673
2022-12-02,2600,2626,2536,2558,31252,0.0031372549019608176
2022-12-05,2558,2583,2511,2554,22364,-0.0015637216575449253
2022-12-06,2566,2566,2426,2426,20878,-0.050117462803445534
2022-12-07,2404,2426,2336,2422,18703,-0.0016488046166529546
2022-12-08,2383,2422,2349,2422,18238,0.0
2022-12-09,2387,2541,2387,2507,28055,0.03509496284062763
2022-12-12,2528,2579,2494,2558,45746,0.020343039489429504
2022-12-13,2532,2532,2460,2524,24466,-0.013291634089132143
2022-12-14,2498,2533,2460,2533,22451,0.0035657686212360318
2022-12-15,2550,2626,2515,2533,44006,0.0
2022-12-16,2532,2584,2430,2503,36748,-0.011843663639952595
2022-12-19,2502,2532,2477,2477,20664,-0.010387534958050337
2022-12-20,2502,2515,2383,2383,21198,-0.03794913201453376
2022-12-21,2382,2404,2272,2272,27702,-0.04657994125052456
2022-12-22,2298,2374,2289,2328,19946,0.02464788732394374
2022-12-23,2362,2362,2229,2328,31349,0.0
2022-12-26,2298,2298,2200,2243,30314,-0.036512027491408916
2022-12-27,2238,2242,2119,2119,36840,-0.05528310298707084
2022-12-28,2140,2204,2119,2149,34903,0.014157621519584662
2022-12-29,2144,2149,2033,2132,41685,-0.007910656119125226
2023-01-02,2122,2182,2050,2140,34657,0.0037523452157599557
2023-01-03,2131,2174,2037,2123,63846,-0.007943925233644844
2023-01-04,2114,2157,1977,2157,87453,0.01601507300989158
2023-01-05,2199,2216,2093,2174,56543,0.007881316643486347
2023-01-06,2156,2156,2050,2093,69074,-0.03725850965961364
2023-01-09,2093,2136,2093,2115,42477,0.010511227902532339
2023-01-10,2114,2135,2089,2089,26396,-0.012293144208037843
2023-01-11,2093,2161,2093,2149,43784,0.028721876495931165
2023-01-12,2148,2174,2148,2174,28635,0.011633317822242972
2023-01-13,2195,2199,2165,2187,16361,0.005979760809567525
2023-01-16,2186,2259,2165,2238,40219,0.023319615912208436
2023-01-17,2238,2251,2165,2170,31368,-0.030384271671134888
2023-01-18,2148,2195,2148,2153,16608,-0.007834101382488523
2023-01-19,2174,2234,2114,2200,29373,0.021830004644681766
2023-01-20,2216,2745,2204,2592,3667843,0.17818181818181822
2023-01-25,2571,2592,2455,2537,346353,-0.021219135802469147
2023-01-26,2537,2746,2528,2550,731096,0.00512416239653124
2023-01-27,2549,2711,2459,2639,273614,0.034901960784313735
2023-01-30,2784,2805,2669,2699,353542,0.022735884804850226
2023-01-31,2698,2698,2596,2643,147527,-0.02074842534271948
2023-02-01,2643,2716,2639,2665,81044,0.00832387438516835
2023-02-02,2664,2720,2643,2720,80668,0.02063789868667909
2023-02-03,2707,3239,2655,2950,2932055,0.08455882352941169
2023-02-06,2950,3001,2814,2857,341780,-0.031525423728813506
2023-02-07,2856,2869,2753,2869,157438,0.004200210010500527
2023-02-08,2869,2925,2810,2874,117989,0.0017427675148136146
2023-02-09,2873,2979,2834,2886,159676,0.0041753653444676075
2023-02-10,2873,2895,2750,2763,110467,-0.042619542619542594
2023-02-13,2763,2792,2613,2729,106767,-0.012305465074194721
2023-02-14,2712,2771,2694,2712,55075,-0.006229388054232343
2023-02-15,2736,2796,2600,2609,81760,-0.03797935103244843
2023-02-16,2609,2665,2601,2648,47882,0.014948256036795726
2023-02-17,2643,2643,2528,2558,63524,-0.03398791540785495
2023-02-20,2558,2609,2409,2601,98162,0.016810007818608197
2023-02-21,2617,2617,2524,2524,54140,-0.02960399846212991
2023-02-22,2498,2536,2408,2511,67387,-0.005150554675118824
2023-02-23,2485,2557,2481,2528,49527,0.006770211071286392
2023-02-24,2528,2605,2515,2584,92763,0.02215189873417711
2023-02-27,2558,2575,2472,2524,49513,-0.023219814241486114
2023-02-28,2519,2575,2511,2571,34929,0.018621236133121943
2023-03-02,2596,2664,2579,2652,46016,0.031505250875145885
2023-03-03,2669,2677,2562,2588,58695,-0.02413273001508298
2023-03-06,2630,2638,2587,2596,28008,0.0030911901081915882
2023-03-07,2596,2608,2519,2545,34044,-0.019645608628659494
2023-03-08,2545,2558,2468,2490,45020,-0.0216110019646365
2023-03-09,2511,2677,2477,2601,129330,0.04457831325301198
2023-03-10,2626,2715,2583,2652,202036,0.019607843137254832
2023-03-13,2635,2873,2584,2729,513997,0.02903469079939658
2023-03-14,2707,2711,2579,2588,104982,-0.051667277390985755
2023-03-15,2588,2643,2528,2537,90007,-0.01970633693972179
2023-03-16,2587,2587,2455,2511,69172,-0.010248324793062702
2023-03-17,2536,2651,2519,2605,47935,0.03743528474711266
2023-03-20,2604,2664,2600,2626,49035,0.0080614203454894
2023-03-21,2639,2656,2584,2584,55627,-0.015993907083015957
2023-03-22,2651,2664,2502,2579,75474,-0.0019349845201238614
2023-03-23,2553,2575,2481,2494,52337,-0.032958511050794836
2023-03-24,2494,2558,2438,2537,52889,0.01724137931034475
2023-03-27,2536,2578,2472,2515,45820,-0.008671659440283808
2023-03-28,2515,2596,2472,2545,72541,0.011928429423459175
2023-03-29,2545,2575,2511,2558,43531,0.0051080550098232536
2023-03-30,2583,2583,2481,2507,58341,-0.01993745113369816
2023-03-31,2511,2532,2413,2443,59997,-0.025528520143597966
2023-04-03,2447,2502,2391,2490,68791,0.019238641015145275
2023-04-04,2490,2515,2447,2486,64391,-0.0016064257028112205
2023-04-05,2485,2490,2387,2490,60622,0.0016090104585679832
2023-04-06,2485,2485,2387,2392,76789,-0.03935742971887546
2023-04-07,2391,2412,2344,2349,46437,-0.017976588628762502
2023-04-10,2353,2365,2238,2285,77580,-0.027245636441038723
2023-04-11,2285,2332,2242,2328,55830,0.018818380743982566
2023-04-12,2328,2396,2255,2392,36916,0.027491408934707806
2023-04-13,2349,2408,2280,2379,19056,-0.005434782608695676
2023-04-14,2379,2430,2366,2422,34372,0.018074821353509796
2023-04-17,2434,2469,2422,2452,40423,0.012386457473162693
2023-04-18,2464,2494,2426,2469,52483,0.006933115823817282
2023-04-19,2463,2463,2391,2434,32453,-0.01417577966788175
2023-04-20,2434,2434,2327,2345,62255,-0.03656532456861139
2023-04-21,2323,2340,2251,2277,70962,-0.02899786780383795
2023-04-24,2250,2254,2182,2208,38409,-0.030303030303030276
2023-04-25,2174,2195,2106,2166,64201,-0.01902173913043481
2023-04-26,2153,2225,2140,2200,43203,0.015697137580794163
2023-04-27,2199,2221,2157,2221,29678,0.009545454545454524
2023-04-28,2233,2259,2186,2191,33901,-0.013507429085997336
2023-05-02,2191,2230,2148,2230,30978,0.01780009128251936
2023-05-03,2230,2285,2230,2260,37692,0.013452914798206317
2023-05-04,2259,2272,2233,2268,25267,0.003539823008849474
2023-05-08,2268,2302,2247,2247,22299,-0.0092592592592593
2023-05-09,2251,2251,2182,2217,33733,-0.013351134846461998
2023-05-10,2220,2242,2208,2238,25164,0.009472259810554773
2023-05-11,2242,2281,2242,2264,20192,0.011617515638963294
2023-05-12,2281,2494,2281,2405,204967,0.062279151943462896
2023-05-15,2383,2545,2383,2439,98728,0.014137214137214027
2023-05-16,2345,2366,2178,2196,132141,-0.09963099630996308
2023-05-17,2195,2217,2131,2213,59265,0.007741347905282359
2023-05-18,2260,2260,2217,2243,28712,0.01355625847266162
2023-05-19,2264,2264,2230,2243,28775,0.0
2023-05-22,2242,2264,2238,2260,11230,0.007579135086937194
2023-05-23,2272,2306,2259,2302,14411,0.018584070796460184
2023-05-24,2289,2332,2285,2315,28726,0.0056472632493485
2023-05-25,2345,2345,2302,2307,13594,-0.003455723542116651
2023-05-26,2306,2345,2272,2294,33282,-0.005635023840485531
2023-05-30,2293,2344,2254,2289,31630,-0.0021795989537924942
2023-05-31,2298,2340,2268,2277,52856,-0.005242463958060273
2023-06-01,2276,2315,2251,2311,33587,0.014931927975406323
2023-06-02,2310,3001,2293,2669,9844956,0.1549112938122026
2023-06-05,2625,2975,2566,2643,2251071,-0.009741476208317668
2023-06-07,2643,2652,2532,2601,394576,-0.01589103291713967
2023-06-08,2595,2595,2480,2515,240700,-0.03306420607458671
2023-06-09,2515,2618,2469,2533,198746,0.007157057654075594
2023-06-12,2528,2528,2451,2524,90840,-0.0035530990919857564
2023-06-13,2549,2608,2510,2562,166475,0.015055467511885912
2023-06-14,2561,2561,2481,2481,90510,-0.031615925058548044
2023-06-15,2481,2626,2481,2567,181618,0.03466344216041928
2023-06-16,2587,2728,2515,2575,251731,0.003116478379431298
2023-06-19,2575,2592,2498,2567,71804,-0.003106796116504884
2023-06-20,2634,2800,2510,2528,970653,-0.015192832099727327
2023-06-21,2507,2567,2481,2567,82792,0.015427215189873333
2023-06-22,2532,2656,2532,2550,154881,-0.0066225165562914245
2023-06-23,2544,2579,2498,2562,68903,0.004705882352941115
2023-06-26,2570,2660,2553,2626,204187,0.024980483996877467
2023-06-27,2651,2724,2587,2609,355035,-0.006473724295506522
2023-06-28,2609,2775,2609,2673,619266,0.024530471444998092
2023-06-29,2660,2664,2574,2592,199738,-0.030303030303030276
2023-06-30,2592,2604,2430,2460,162257,-0.05092592592592593
2023-07-03,2464,2519,2438,2507,51156,0.019105691056910512
2023-07-04,2545,2545,2405,2469,82361,-0.015157558835261264
2023-07-05,2494,2494,2332,2379,95560,-0.03645200486026734
2023-07-06,2379,2439,2289,2341,82129,-0.0159730979403111
2023-07-07,2285,2408,2251,2362,56157,0.008970525416488684
2023-07-10,2361,2361,2289,2319,44061,-0.018204911092294718
2023-07-11,2323,2336,2293,2311,52222,-0.0034497628288054916
2023-07-12,2314,2361,2297,2319,42192,0.003461704889658135
2023-07-13,2319,2404,2310,2362,35845,0.018542475204829767
2023-07-14,2362,2362,2298,2307,49557,-0.023285351397121068
2023-07-17,2396,2396,2229,2311,66114,0.001733853489380044
2023-07-18,2314,2331,2225,2225,50431,-0.03721332756382523
2023-07-19,2229,2238,2186,2238,31356,0.005842696629213551
2023-07-20,2225,2293,2212,2281,22371,0.01921358355674707
2023-07-21,2260,2260,2225,2243,21718,-0.016659359929855344
2023-07-24,2233,2233,2080,2089,115829,-0.0686580472581364
2023-07-25,2101,2118,1990,2025,51686,-0.030636668262326472
2023-07-26,2025,2025,1833,1846,147991,-0.08839506172839506
2023-07-27,1845,1939,1845,1927,39873,0.0438786565547129
2023-07-28,1935,1986,1935,1957,33138,0.015568240788790932
2023-07-31,2011,2011,1935,1965,39378,0.004087889626980035
2023-08-01,1990,2042,1973,2042,31906,0.03918575063613239
2023-08-02,2101,2101,2059,2059,34876,0.008325171400587639
2023-08-03,2059,2558,2016,2260,1663879,0.09762020398251581
2023-08-04,2114,2183,2016,2132,430726,-0.05663716814159292
2023-08-07,2132,2417,2115,2307,459472,0.08208255159474676
2023-08-08,2280,2498,2170,2170,635885,-0.05938448201127
2023-08-09,2238,2344,2161,2238,144742,0.03133640552995387
2023-08-10,2255,2293,2174,2238,87836,0.0
2023-08-11,2284,2284,2199,2221,50182,-0.0075960679177837775
2023-08-14,2233,2348,2229,2255,105013,0.015308419630796877
2023-08-16,2255,2340,2217,2217,128265,-0.01685144124168514
2023-08-17,2195,2195,1896,2046,141283,-0.07713125845737479
2023-08-18,2046,2046,1943,1978,55567,-0.03323558162267837
2023-08-21,1965,2037,1918,1944,29843,-0.01718907987866536
2023-08-22,2075,2075,1935,1999,35284,0.02829218106995879
2023-08-23,2016,2596,1994,2596,1828377,0.2986493246623312
2023-08-24,3022,3069,2318,2434,4427992,-0.06240369799691836
2023-08-25,2507,2524,2230,2294,601900,-0.05751848808545601
2023-08-28,2293,2489,2216,2379,581830,0.037053182214472624
2023-08-29,2438,2898,2284,2383,2703925,0.0016813787305589578
2023-08-30,2413,2413,2306,2315,252185,-0.028535459504825833
2023-08-31,2315,2430,2238,2281,168288,-0.014686825053995656
2023-09-01,2294,2294,2119,2132,169445,-0.06532222709338009
2023-09-04,2153,2229,2114,2217,89815,0.039868667917448475
2023-09-05,2229,2285,2161,2183,129276,-0.015336039693279235
2023-09-06,2285,2285,2161,2166,44476,-0.00778744846541457
2023-09-07,2216,2216,2101,2144,55981,-0.010156971375807955
2023-09-08,2123,2157,2080,2153,68417,0.004197761194029814
2023-09-11,2203,2203,2114,2140,42994,-0.006038086391082165
2023-09-12,2144,2208,2093,2106,89730,-0.015887850467289688
2023-09-13,2105,2161,2054,2059,56531,-0.022317188983855596
2023-09-14,2127,2127,2059,2081,27936,0.010684798445847576
2023-09-15,2140,2144,2063,2072,30737,-0.004324843825084135
2023-09-18,2071,2122,2042,2042,47708,-0.014478764478764505
2023-09-19,2024,2140,2003,2042,137699,0.0
2023-09-20,2041,2144,2007,2093,98040,0.024975514201762916
2023-09-21,2135,2135,1956,2012,100770,-0.03870043000477785
2023-09-22,2012,2012,1939,2012,82252,0.0
2023-09-25,2012,2029,1871,1893,71146,-0.05914512922465209
2023-09-26,1892,1977,1833,1833,77688,-0.031695721077654504
2023-09-27,1850,1956,1850,1910,22120,0.04200763775231864
2023-10-04,1922,2016,1909,1918,82033,0.004188481675392763
2023-10-05,1901,1935,1850,1872,34550,-0.023983315954118845
2023-10-06,1888,2430,1871,2430,778715,0.29807692307692313
2023-10-10,2638,2766,2144,2349,4104791,-0.033333333333333326
2023-10-11,2302,2362,2229,2362,672064,0.005534269902085942
2023-10-12,2336,2378,2250,2319,449777,-0.018204911092294718
2023-10-13,2276,2318,2148,2157,237135,-0.06985769728331181
2023-10-16,2174,2208,1999,2004,248051,-0.0709318497913769
2023-10-17,1982,2088,1977,2029,130284,0.012475049900199542
2023-10-18,2033,2088,1973,2029,90532,0.0
2023-10-19,2008,2033,1918,1957,143635,-0.03548546081813697
2023-10-20,1939,2050,1884,1991,152951,0.017373530914665203
2023-10-23,1961,2042,1927,1991,130310,0.0
2023-10-24,2004,2025,1927,1970,161939,-0.010547463586137673
2023-10-25,1986,2058,1977,2046,77649,0.03857868020304567
2023-10-26,1969,2020,1888,1901,89370,-0.07086999022482898
2023-10-27,1901,1961,1867,1944,70846,0.022619673855865274
2023-10-30,1947,1960,1888,1918,38935,-0.013374485596707841
2023-10-31,1934,1994,1854,1854,68886,-0.033368091762252305
2023-11-01,1846,1961,1841,1876,55334,0.011866235167206085
2023-11-02,1888,1939,1884,1927,33995,0.027185501066098183
2023-11-03,1978,1990,1914,1961,51312,0.017644006227296227
2023-11-06,1994,2028,1964,1999,39661,0.019377868434472312
2023-11-07,1999,2004,1948,1970,52571,-0.014507253626813377
2023-11-08,1969,2029,1960,2012,53014,0.02131979695431463
2023-11-09,2033,2033,1935,2008,28869,-0.001988071570576566
2023-11-10,2007,2012,1914,1961,56187,-0.02340637450199201
2023-11-13,1961,2008,1935,1987,28699,0.013258541560428272
2023-11-14,1935,2011,1935,1999,26325,0.006039255158530432
2023-11-15,2020,2037,1952,1982,92740,-0.008504252126062983
2023-11-16,2011,2024,1977,1982,26502,0.0
2023-11-17,1994,1994,1918,1931,44033,-0.02573158425832489
2023-11-20,1948,1973,1931,1944,34016,0.006732263076126399
2023-11-21,1982,1986,1926,1982,22492,0.019547325102880597
2023-11-22,1982,1999,1944,1944,35586,-0.019172552976791102
2023-11-23,1948,1970,1923,1936,20738,-0.004115226337448541
2023-11-24,1952,1978,1948,1978,33811,0.02169421487603307
2023-11-27,1977,1990,1918,1918,46212,-0.030333670374115274
2023-11-28,1913,1952,1888,1948,41609,0.01564129301355588
2023-11-29,1948,1952,1876,1923,42433,-0.012833675564681735
2023-11-30,1927,1953,1876,1936,44501,0.006760270410816505
2023-12-01,1939,1952,1914,1914,30477,-0.011363636363636354
2023-12-04,1913,1918,1858,1918,50497,0.002089864158829613
2023-12-05,1952,2008,1897,1940,173416,0.011470281543274341
2023-12-06,1939,1991,1918,1974,73157,0.017525773195876226
2023-12-07,1973,1973,1867,1914,97300,-0.03039513677811545
2023-12-08,1914,1914,1828,1846,130151,-0.03552769070010453
2023-12-11,1845,1986,1841,1978,209773,0.07150595882990252
2023-12-12,1977,1982,1892,1931,87116,-0.023761375126390316
2023-12-13,1931,1935,1879,1914,44102,-0.008803728638011377
2023-12-14,1914,1914,1867,1893,37910,-0.010971786833855801
2023-12-15,1922,1922,1863,1910,41126,0.00898045430533534
2023-12-18,1910,1931,1854,1893,34873,-0.008900523560209428
2023-12-19,1888,1888,1850,1859,47321,-0.0179609086106709
2023-12-20,1858,2114,1841,2012,317901,0.0823023130715439
2023-12-21,1981,1990,1901,1901,185088,-0.05516898608349896
2023-12-22,1910,1927,1863,1889,60381,-0.006312467122567056
2023-12-26,1893,1905,1833,1859,79717,-0.015881418740074094
2023-12-27,1858,1905,1858,1880,50739,0.011296395911780444
2023-12-28,1880,1918,1880,1906,34467,0.01382978723404249
2024-01-02,1905,1927,1867,1923,51984,0.00891920251836309
2024-01-03,1922,1944,1897,1927,30645,0.002080083203328087
2024-01-04,1936,1961,1906,1936,33430,0.004670472236637302
2024-01-05,1935,1939,1897,1897,33799,-0.0201446280991735
2024-01-08,1897,1931,1884,1910,25180,0.00685292567211393
2024-01-09,1939,1939,1896,1918,29786,0.004188481675392763
2024-01-10,1918,1944,1892,1944,26931,0.01355578727841511
2024-01-11,1944,2515,1910,2132,5193047,0.09670781893004121
2024-01-12,2131,2233,2046,2127,873035,-0.002345215759849917
2024-01-15,2101,2110,2016,2059,321092,-0.031969910672308366
2024-01-16,2063,2149,2025,2149,379231,0.04371053909664879
2024-01-17,2157,2161,2038,2068,262090,-0.03769194974406698
2024-01-18,2063,2063,1944,2004,149590,-0.030947775628626717
2024-01-19,2004,2102,2004,2034,147034,0.014970059880239583
2024-01-22,2046,2097,2011,2029,109560,-0.002458210422812246
2024-01-23,2029,2084,2020,2038,95530,0.004435682602267121
2024-01-24,2054,2156,2054,2110,212550,0.035328753680078595
2024-01-25,2080,2157,2042,2072,80612,-0.018009478672985746
2024-01-26,2072,2345,2046,2213,1536382,0.06805019305019311
2024-01-29,2204,2204,2140,2162,173559,-0.023045639403524665
2024-01-30,2161,2196,2080,2196,182431,0.015726179463459777
2024-01-31,2178,2259,2097,2115,117236,-0.03688524590163933
2024-02-01,2098,2110,2051,2081,122094,-0.016075650118203333
2024-02-02,2081,2140,2059,2081,83637,0.0
2024-02-05,2080,2093,2050,2059,66388,-0.01057184046131665
2024-02-06,2080,2080,1875,1897,286081,-0.07867897037396798
2024-02-07,1897,1910,1578,1586,495817,-0.16394306800210856
2024-02-08,1210,1364,1210,1280,2992049,-0.19293820933165196
2024-02-13,1281,1534,1215,1343,2722495,0.04921875000000009
2024-02-14,1342,1408,1282,1393,497894,0.03723008190618016
2024-02-15,1449,1449,1355,1390,234553,-0.002153625269203152
2024-02-16,1389,1418,1333,1333,164947,-0.041007194244604306
2024-02-19,1336,1401,1297,1362,248972,0.02175543885971498
2024-02-20,1361,1426,1342,1403,240297,0.03010279001468419
2024-02-21,1402,1402,1347,1357,159471,-0.032786885245901676
2024-02-22,1357,1374,1304,1323,161079,-0.025055268975681666
2024-02-23,1315,1341,1297,1307,114658,-0.012093726379440617
2024-02-26,1319,1352,1306,1310,133193,0.002295332823259333
2024-02-27,1309,1327,1233,1326,138269,0.012213740458015376
2024-02-28,1325,1339,1312,1334,56820,0.006033182503770718
2024-02-29,1360,1360,1300,1330,58703,-0.0029985007496251548
2024-03-04,1407,1407,1343,1355,143492,0.018796992481203034
2024-03-05,1355,1398,1334,1367,99875,0.008856088560885711
2024-03-06,1491,1503,1394,1457,424336,0.06583760058522303
2024-03-07,1457,1892,1457,1591,4304483,0.09196980096087848
2024-03-08,1594,1595,1383,1445,630980,-0.09176618478944065
2024-03-11,1448,1491,1355,1391,186486,-0.03737024221453289
2024-03-12,1377,1377,1325,1352,88368,-0.028037383177570097
2024-03-13,1352,1362,1312,1318,112314,-0.025147928994082802
2024-03-14,1318,1710,1281,1710,2423440,0.2974203338391501
2024-03-15,1664,1678,1449,1498,1917900,-0.12397660818713452
2024-03-18,1524,1833,1514,1718,3974425,0.14686248331108143
2024-03-19,1700,1794,1612,1718,826847,0.0
2024-03-20,1777,1777,1648,1714,351084,-0.002328288707799775
2024-03-21,1713,1717,1645,1646,320010,-0.03967327887981331
2024-03-22,1645,1693,1645,1663,100873,0.010328068043742311
2024-03-25,1662,1756,1632,1722,209126,0.035478051713770276
2024-03-26,1721,1815,1682,1704,275759,-0.010452961672473893
2024-03-27,1760,1760,1665,1665,110418,-0.022887323943661997
2024-03-28,1677,1677,1625,1628,99724,-0.022222222222222254
2024-03-29,1643,1691,1612,1667,69948,0.023955773955773862
2024-04-01,1660,1695,1620,1662,77032,-0.0029994001199760145
2024-04-02,1662,1694,1641,1680,56765,0.010830324909747224
2024-04-03,1637,1671,1630,1637,81918,-0.025595238095238115
2024-04-04,1622,1670,1622,1628,31595,-0.005497861942577842
2024-04-05,1627,1659,1386,1411,296185,-0.13329238329238324
2024-04-08,1381,1661,1367,1491,533452,0.05669737774627914
2024-04-09,1507,1608,1477,1540,72692,0.032863849765258246
2024-04-11,1540,1603,1539,1552,61153,0.007792207792207684
2024-04-12,1551,1657,1551,1605,63882,0.034149484536082575
2024-04-15,1606,1696,1588,1632,123406,0.016822429906542036
2024-04-16,1632,1782,1548,1710,355319,0.047794117647058876
2024-04-17,1709,2221,1709,2221,3826256,0.2988304093567251
2024-04-18,2204,2285,2020,2089,3824554,-0.05943268797838808
2024-04-19,2089,2110,1914,1953,653491,-0.06510292005744378
2024-04-22,1977,2165,1815,1833,1205206,-0.06144393241167434
2024-04-23,1862,2088,1841,1897,1685114,0.03491543917075823
2024-04-24,1914,2089,1876,1970,742434,0.03848181338956236
2024-04-25,1970,2080,1931,2017,349640,0.02385786802030454
2024-04-26,2016,2016,1884,1931,139510,-0.04263758056519584
2024-04-29,1922,1982,1922,1957,86565,0.013464526152252798
2024-04-30,2008,2008,1901,1970,139109,0.006642820643842695
2024-05-02,2007,2011,1866,1901,119967,-0.03502538071065986
2024-05-03,1900,1939,1888,1918,49472,0.008942661756970116
2024-05-07,1918,1943,1875,1931,110415,0.006777893639207555
2024-05-08,1918,1995,1871,1957,147838,0.013464526152252798
2024-05-09,1957,1974,1918,1936,80493,-0.01073071027082273
2024-05-10,1948,1948,1833,1842,113954,-0.04855371900826444
2024-05-13,1841,2093,1841,1859,441388,0.009229098805646041
2024-05-14,1867,1982,1867,1944,100499,0.04572350726196883
2024-05-16,1943,1994,1883,1982,86106,0.019547325102880597
2024-05-17,1987,1995,1876,1906,147393,-0.038345105953582204
2024-05-20,1905,2003,1828,1850,110503,-0.029380902413431276
2024-05-21,1858,1910,1799,1812,67099,-0.020540540540540553
2024-05-22,1782,2046,1684,1893,344243,0.04470198675496695
2024-05-23,1892,1931,1764,1846,100414,-0.024828314844162702
2024-05-24,1884,1893,1752,1825,166971,-0.011375947995666325
2024-05-27,1824,2020,1811,1995,342845,0.09315068493150691
2024-05-28,2033,2152,1982,2106,718094,0.05563909774436082
2024-05-29,2105,2387,1977,2319,1052291,0.10113960113960108
2024-05-30,2340,2370,2174,2349,307782,0.012936610608020649
2024-05-31,2302,2341,2183,2324,233615,-0.010642826734780786
2024-06-03,2302,2477,2302,2388,267625,0.027538726333907082
2024-06-04,2341,2451,2089,2341,405560,-0.01968174204355111
2024-06-05,2229,2451,2139,2400,380841,0.025202904741563392
2024-06-07,2387,2387,2178,2204,302279,-0.08166666666666667
2024-06-10,2204,2259,2097,2204,185320,0.0
2024-06-11,2203,2203,2118,2123,134611,-0.036751361161524554
2024-06-12,2122,2318,2028,2289,322052,0.07819123881300039
2024-06-13,2259,2430,2242,2375,373516,0.03757099169943201
2024-06-14,2203,2203,1909,2046,1073049,-0.13852631578947372
2024-06-17,2046,2234,1987,2081,314642,0.017106549364613866
2024-06-18,2080,2200,1965,2196,347861,0.055261893320518896
2024-06-19,2178,2728,2178,2558,1964234,0.16484517304189428
2024-06-20,2507,2712,2426,2486,797017,-0.02814698983580921
2024-06-21,2485,2805,2421,2780,1087719,0.11826226870474654
2024-06-24,2763,2984,2690,2776,690987,-0.0014388489208633226
2024-06-25,2775,3018,2775,2955,432228,0.06448126801152743
2024-06-26,2941,2984,2698,2929,358937,-0.00879864636209815
2024-06-27,2928,2941,2643,2720,418720,-0.07135541140320933
2024-06-28,2677,2745,2451,2456,636187,-0.09705882352941175
2024-07-01,2021,2699,1987,2631,2173113,0.07125407166123776
2024-07-02,2626,3019,2473,2857,1190827,0.08589889775750659
2024-07-03,2813,2984,2771,2899,579321,0.014700735036751844
2024-07-04,2856,3316,2707,3304,1247516,0.1397033459813728
2024-07-05,3274,3389,3078,3185,749075,-0.03601694915254239
2024-07-08,3184,3240,3108,3155,418430,-0.009419152276295084
2024-07-09,3099,3158,2907,3112,496053,-0.013629160063391432
2024-07-10,3112,3232,2596,2776,671175,-0.10796915167095111
2024-07-11,2775,2954,2724,2912,293204,0.04899135446685876
2024-07-12,2912,3023,2694,2857,281301,-0.01888736263736268
2024-07-15,2856,3069,2668,2869,615196,0.004200210010500527
2024-07-16,2869,3325,2736,3014,730393,0.05054025792959216
2024-07-17,3090,3090,2813,2835,406966,-0.05938951559389516
2024-07-18,2826,2899,2515,2554,474136,-0.09911816578483246
2024-07-19,2554,2780,2554,2614,394822,0.023492560689115205
2024-07-22,2613,2788,2558,2635,304771,0.008033664881407887
2024-07-23,2634,2770,2609,2690,258603,0.020872865275142205
2024-07-24,2665,2771,2588,2712,206361,0.008178438661710086
2024-07-25,2643,2754,2515,2648,128257,-0.02359882005899705
2024-07-26,2596,2638,2447,2447,368238,-0.07590634441087618
2024-07-29,2473,2507,2272,2307,266667,-0.05721291377196569
2024-07-30,2429,2715,2229,2545,885963,0.10316428261811872
2024-07-31,2558,2690,2430,2554,506738,0.0035363457760313466
2024-08-01,2584,2618,2443,2533,361626,-0.008222396241190255
2024-08-02,2532,2532,2344,2430,346935,-0.04066324516383735
2024-08-05,2388,2426,1752,1791,454002,-0.26296296296296295
2024-08-06,1850,2093,1833,1893,263837,0.05695142378559459
2024-08-07,1893,1974,1748,1808,387252,-0.04490227152667725
2024-08-08,1808,1825,1663,1727,354625,-0.044800884955752185
2024-08-09,1713,1807,1698,1752,395881,0.014475969889982565
2024-08-12,1752,1825,1744,1791,250933,0.022260273972602773
2024-08-13,1790,1832,1680,1704,309444,-0.048576214405360085
2024-08-14,1705,1748,1688,1731,154298,0.015845070422535246
2024-08-16,1782,1820,1704,1731,195902,0.0
2024-08-19,1765,1791,1620,1623,259088,-0.06239168110918547
2024-08-20,1652,1661,1610,1636,158898,0.00800985828712264
2024-08-21,1636,1649,1555,1643,177649,0.0042787286063570296
2024-08-22,1668,1686,1511,1541,294552,-0.06208155812538041
2024-08-23,1558,1561,1407,1463,497847,-0.050616482803374385
2024-08-26,1468,1660,1459,1632,512988,0.11551606288448402
2024-08-27,1634,1722,1584,1710,330540,0.047794117647058876
2024-08-28,1721,1849,1697,1820,457022,0.06432748538011701
2024-08-29,1803,1820,1694,1765,218636,-0.030219780219780223
2024-08-30,1760,1828,1700,1786,86732,0.011898016997167193
2024-09-02,1769,1790,1702,1782,78971,-0.002239641657334812
2024-09-03,1782,1803,1727,1791,70271,0.005050505050504972
2024-09-04,1769,1820,1697,1795,162696,0.002233389168062594
2024-09-05,1799,2332,1777,2332,7239726,0.2991643454038997
2024-09-06,2332,2997,2157,2618,30579429,0.12264150943396235
2024-09-09,2852,2959,2409,2409,11659034,-0.0798319327731093
2024-09-10,2391,2647,2234,2281,5521652,-0.05313408053134083
2024-09-11,2383,2400,2118,2268,2287502,-0.00569925471284527
2024-09-12,2238,2370,2135,2187,1271768,-0.0357142857142857
2024-09-13,2217,2230,2102,2115,697620,-0.03292181069958844
2024-09-19,2135,2280,2020,2089,942753,-0.012293144208037843
2024-09-20,2122,2156,2003,2076,581720,-0.006223073240785082
2024-09-23,2071,2071,1943,1948,494324,-0.06165703275529866
2024-09-24,1952,2012,1888,1944,495742,-0.002053388090349051
2024-09-25,1943,1952,1884,1914,413503,-0.015432098765432056
2024-09-26,1573,1828,1420,1799,3539858,-0.06008359456635315
2024-09-27,1790,1790,1636,1641,799106,-0.08782657031684271
2024-09-30,1584,1634,1512,1608,340670,-0.020109689213894
2024-10-02,1608,1608,1447,1517,375810,-0.05659203980099503
2024-10-04,1518,1748,1518,1559,1157557,0.02768622280817401
2024-10-07,1576,1576,1522,1569,195128,0.006414368184733732
2024-10-08,1576,1772,1571,1576,1235527,0.004461440407903083
2024-10-10,1590,1658,1590,1632,272459,0.035532994923857864
2024-10-11,1640,1718,1638,1686,428952,0.03308823529411775
2024-10-14,1686,1701,1542,1587,445496,-0.05871886120996439
2024-10-15,1586,1714,1570,1662,393259,0.047258979206049156
2024-10-16,1661,1695,1560,1676,135498,0.008423586040914532
2024-10-17,1662,1695,1634,1680,126858,0.0023866348448686736
2024-10-18,1679,1734,1609,1705,271214,0.014880952380952328
2024-10-21,1704,1760,1686,1752,137136,0.027565982404692102
2024-10-22,1790,1875,1567,1621,1261149,-0.07477168949771684
2024-10-23,1662,1748,1625,1714,340840,0.0573719925971623
2024-10-24,1713,1730,1653,1705,153051,-0.0052508751458576475
2024-10-25,1705,1705,1645,1698,140079,-0.004105571847507372
2024-10-28,1684,1722,1669,1703,130082,0.002944640753828054
2024-10-29,1703,1786,1702,1703,194827,0.0
2024-10-30,1709,1718,1603,1650,151819,-0.031121550205519655
2024-10-31,1650,1686,1622,1686,130421,0.021818181818181737
2024-11-01,1685,1696,1630,1670,104226,-0.009489916963226541
2024-11-04,1661,1717,1637,1704,182339,0.020359281437125842
2024-11-05,1704,1739,1676,1705,211008,0.0005868544600939885
2024-11-06,1739,1739,1645,1676,146969,-0.017008797653958907
2024-11-07,1676,1718,1627,1703,240100,0.01610978520286399
2024-11-08,1806,1853,1584,1628,2669195,-0.04403992953611269
2024-11-11,1466,1637,1428,1455,829954,-0.10626535626535627
2024-11-12,1537,1891,1537,1891,4856347,0.2996563573883162
2024-11-13,1882,1882,1523,1590,1357508,-0.15917503966155477
2024-11-14,1620,1637,1521,1570,321409,-0.012578616352201255
2024-11-15,1601,1636,1510,1614,250038,0.028025477707006363
2024-11-18,1612,1638,1567,1638,165163,0.014869888475836479
2024-11-19,1638,1660,1511,1520,169820,-0.072039072039072
2024-11-20,1521,1630,1521,1596,96565,0.050000000000000044
2024-11-21,1600,1660,1530,1596,171244,0.0
2024-11-22,1596,1618,1560,1594,195119,-0.0012531328320801727
2024-11-25,1594,1629,1571,1585,157781,-0.00564617314930993
2024-11-26,1625,1625,1533,1585,179472,0.0
2024-11-27,1585,1598,1552,1592,104773,0.00441640378548902
2024-11-28,1592,1634,1577,1592,179131,0.0
2024-11-29,1594,1607,1550,1603,90743,0.006909547738693567
2024-12-02,1615,1624,1570,1590,248710,-0.008109794135994997
2024-12-03,1592,1690,1592,1616,297565,0.01635220125786163
2024-12-04,1542,1640,1541,1596,125366,-0.012376237623762387
2024-12-05,1690,1704,1534,1624,314401,0.01754385964912286
2024-12-06,1609,1686,1576,1679,407058,0.03386699507389168
2024-12-09,1640,1800,1616,1750,453511,0.04228707564026202
2024-12-10,1758,1870,1650,1866,516497,0.06628571428571428
2024-12-11,1950,1977,1830,1854,1076591,-0.006430868167202619
2024-12-12,1870,1945,1852,1895,251261,0.022114347357065745
2024-12-13,1890,1895,1724,1833,179061,-0.032717678100263825
2024-12-16,1833,1871,1815,1833,315867,0.0
2024-12-17,1816,1816,1699,1710,252506,-0.06710310965630117
2024-12-18,1739,2220,1725,2220,4747521,0.29824561403508776
2024-12-19,2525,2885,2520,2885,3553850,0.2995495495495495
2024-12-20,3030,3680,2800,3050,19258482,0.05719237435008662
2024-12-23,3345,3900,3200,3200,11100640,0.049180327868852514
2024-12-24,3185,3280,2875,2920,3530221,-0.08750000000000002
2024-12-26,2980,3560,2770,3285,8213591,0.125
2024-12-27,4190,4270,4110,4270,2277506,0.29984779299847797
2024-12-30,0,0,0,4270,0,0.0
2025-01-02,4605,5550,4400,5550,11712790,0.2997658079625294
2025-01-03,6420,7210,6110,7210,4584623,0.29909909909909915
2025-01-06,0,0,0,7210,0,0.0
2025-01-07,8860,9370,8140,9370,14391020,0.29958391123439676
2025-01-08,8900,11670,8650,9010,29333803,-0.0384204909284952
2025-01-09,8250,9660,7420,8060,25791538,-0.10543840177580466
2025-01-10,8550,9200,7700,7850,9937042,-0.02605459057071957
2025-01-13,7460,7700,6370,6370,7699244,-0.18853503184713372
2025-01-14,4500,5140,4460,4460,23137981,-0.2998430141287284
2025-01-15,4790,5790,4700,5790,39266503,0.2982062780269059
2025-01-16,6800,7470,6580,7090,33901219,0.2245250431778929
2025-01-17,7260,7900,6700,7020,24980991,-0.009873060648801113
2025-01-20,6700,7410,6320,7140,12749575,0.017094017094017033
2025-01-21,7250,7500,6660,6850,7935926,-0.040616246498599407
2025-01-22,8030,8190,7100,7230,17217598,0.05547445255474459
2025-01-23,6930,7200,6820,6860,5580812,-0.051175656984785656
2025-01-24,6630,6780,6120,6400,6561625,-0.06705539358600587
2025-01-31,6650,7010,6470,6550,6886988,0.0234375
2025-02-03,6550,6730,5970,6020,4635359,-0.08091603053435115
2025-02-04,6390,7420,6180,6660,17902407,0.10631229235880402
2025-02-05,6700,6850,6410,6680,5223319,0.0030030030030030463
2025-02-06,6750,6870,6510,6610,3877207,-0.010479041916167664
2025-02-07,6410,6570,6250,6310,2943482,-0.0453857791225416
2025-02-10,6050,6190,5780,6110,3862791,-0.031695721077654504
2025-02-11,6500,6550,6110,6160,3111533,0.008183306055646433
2025-02-12,5850,6120,5700,5870,1938438,-0.04707792207792205
