Date,Open,High,Low,Close,Volume,Change
2022-01-03,2590,2650,2580,2620,29066,0.01158301158301156
2022-01-04,2620,2645,2595,2635,34254,0.005725190839694694
2022-01-05,2635,2670,2570,2590,35862,-0.017077798861480087
2022-01-06,2560,2585,2510,2550,31151,-0.015444015444015413
2022-01-07,2545,2610,2515,2575,29648,0.009803921568627416
2022-01-10,2600,2640,2565,2585,28953,0.003883495145631022
2022-01-11,2560,2575,2510,2560,22603,-0.009671179883945835
2022-01-12,2535,2600,2510,2600,25282,0.015625
2022-01-13,2625,2630,2575,2585,17127,-0.005769230769230749
2022-01-14,2595,2595,2550,2590,13149,0.0019342359767891004
2022-01-17,2545,2580,2535,2560,19153,-0.01158301158301156
2022-01-18,2530,2545,2440,2470,38963,-0.03515625
2022-01-19,2435,2460,2355,2405,42728,-0.02631578947368418
2022-01-20,2395,2395,2240,2375,105048,-0.012474012474012475
2022-01-21,2375,2375,2300,2305,43884,-0.02947368421052632
2022-01-24,2305,2945,2200,2300,1689105,-0.002169197396963085
2022-01-25,2300,2300,2165,2280,144902,-0.008695652173912993
2022-01-26,2250,2275,2200,2230,50736,-0.021929824561403466
2022-01-27,2245,2295,2105,2140,43638,-0.04035874439461884
2022-01-28,2100,2295,2065,2295,46589,0.07242990654205617
2022-02-03,2305,2365,2295,2320,63594,0.01089324618736387
2022-02-04,2320,2360,2320,2355,27198,0.015086206896551824
2022-02-07,2350,2355,2290,2325,34006,-0.01273885350318471
2022-02-08,2340,2365,2265,2270,31016,-0.023655913978494647
2022-02-09,2330,2360,2300,2335,32074,0.028634361233480066
2022-02-10,2335,2385,2270,2350,71195,0.0064239828693790635
2022-02-11,2350,2460,2330,2410,65053,0.025531914893617058
2022-02-14,2340,2380,2285,2375,46030,-0.014522821576763434
2022-02-15,2335,2455,2280,2370,49085,-0.002105263157894721
2022-02-16,2415,2470,2415,2465,48207,0.040084388185654074
2022-02-17,2490,2495,2440,2480,60127,0.006085192697768749
2022-02-18,2480,2525,2455,2500,15554,0.008064516129032251
2022-02-21,2500,2550,2500,2515,29250,0.006000000000000005
2022-02-22,2515,2515,2420,2460,24283,-0.021868787276341894
2022-02-23,2445,2545,2430,2505,30435,0.018292682926829285
2022-02-24,2505,2530,2420,2470,46537,-0.013972055888223589
2022-02-25,2460,2530,2460,2505,35134,0.014170040485830038
2022-02-28,2510,2560,2505,2560,39780,0.02195608782435121
2022-03-02,2560,2570,2545,2570,51076,0.00390625
2022-03-03,2570,2625,2570,2580,46722,0.0038910505836575737
2022-03-04,2590,2635,2580,2635,35948,0.02131782945736438
2022-03-07,2600,2855,2555,2625,178569,-0.003795066413662229
2022-03-08,2555,2615,2535,2575,29342,-0.01904761904761909
2022-03-10,2535,2610,2535,2610,18314,0.013592233009708687
2022-03-11,2630,2765,2610,2665,44588,0.021072796934865856
2022-03-14,2650,2680,2600,2645,41844,-0.007504690431519689
2022-03-15,2635,2720,2590,2650,30170,0.001890359168241984
2022-03-16,2650,2730,2610,2695,36199,0.016981132075471805
2022-03-17,2760,2760,2665,2740,59651,0.016697588126159513
2022-03-18,2745,2775,2705,2745,37056,0.0018248175182482562
2022-03-21,2750,2750,2655,2690,27515,-0.02003642987249543
2022-03-22,2670,2670,2630,2665,9899,-0.009293680297397744
2022-03-23,2670,2700,2650,2695,15629,0.011257035647279645
2022-03-24,2695,2700,2660,2690,17157,-0.0018552875695733162
2022-03-25,2690,2715,2655,2710,33485,0.0074349442379182396
2022-03-28,2710,2730,2705,2725,36179,0.005535055350553542
2022-03-29,2735,3210,2595,2605,2608752,-0.044036697247706424
2022-03-30,2640,2650,2515,2570,219811,-0.013435700575815779
2022-03-31,2585,2645,2570,2645,88996,0.029182879377431803
2022-04-01,2640,2670,2590,2670,80584,0.00945179584120992
2022-04-04,2670,2735,2670,2735,114512,0.02434456928838946
2022-04-05,2745,2775,2730,2770,111801,0.01279707495429605
2022-04-06,2755,2765,2720,2740,42729,-0.010830324909747335
2022-04-07,2720,2730,2625,2665,59676,-0.027372262773722622
2022-04-08,2655,2655,2605,2640,28027,-0.009380863039399667
2022-04-11,2635,2635,2575,2580,27059,-0.022727272727272707
2022-04-12,2610,2855,2610,2655,1065971,0.029069767441860517
2022-04-13,2660,2745,2655,2700,124448,0.016949152542372836
2022-04-14,2710,2775,2650,2655,108389,-0.01666666666666672
2022-04-15,2660,2775,2655,2730,89943,0.02824858757062154
2022-04-18,2755,2775,2710,2760,60668,0.01098901098901095
2022-04-19,2735,2775,2720,2755,63556,-0.0018115942028985588
2022-04-20,2780,2820,2730,2820,184038,0.023593466424682408
2022-04-21,2820,2850,2765,2830,93876,0.0035460992907800915
2022-04-22,2815,2820,2710,2805,74901,-0.00883392226148405
2022-04-25,2750,2800,2725,2765,52955,-0.014260249554367221
2022-04-26,2760,2850,2760,2830,87527,0.02350813743218816
2022-04-27,2815,2860,2740,2840,97618,0.0035335689045936647
2022-04-28,2835,2880,2775,2820,110438,-0.007042253521126751
2022-04-29,2820,2880,2800,2865,99396,0.015957446808510634
2022-05-02,2835,2870,2790,2865,73904,0.0
2022-05-03,2860,2860,2780,2830,77079,-0.012216404886561949
2022-05-04,2830,2835,2720,2730,80459,-0.035335689045936425
2022-05-06,2725,2730,2650,2655,54525,-0.027472527472527486
2022-05-09,2655,2670,2500,2545,77836,-0.04143126177024481
2022-05-10,2530,2540,2400,2530,54853,-0.005893909626719096
2022-05-11,2490,2570,2490,2555,32002,0.009881422924901129
2022-05-12,2530,2570,2470,2530,48503,-0.009784735812133127
2022-05-13,2500,2585,2500,2580,19855,0.01976284584980248
2022-05-16,2605,2605,2545,2560,26394,-0.007751937984496138
2022-05-17,2560,2600,2505,2540,46076,-0.0078125
2022-05-18,2520,2535,2430,2520,57073,-0.007874015748031482
2022-05-19,2490,2490,2430,2470,26610,-0.019841269841269882
2022-05-20,2450,2475,2385,2430,95032,-0.01619433198380571
2022-05-23,2440,2440,2415,2425,29906,-0.002057613168724326
2022-05-24,2435,2495,2425,2425,25381,0.0
2022-05-25,2405,2445,2385,2435,15748,0.004123711340206171
2022-05-26,2425,2475,2390,2390,26858,-0.01848049281314168
2022-05-27,2410,2430,2305,2320,59514,-0.029288702928870314
2022-05-30,2350,2420,2335,2395,29469,0.032327586206896575
2022-05-31,2400,2410,2375,2385,51335,-0.0041753653444676075
2022-06-02,2385,2425,2370,2400,34455,0.0062893081761006275
2022-06-03,2415,2455,2375,2380,86067,-0.008333333333333304
2022-06-07,2390,2470,2385,2385,35219,0.0021008403361344463
2022-06-08,2375,2465,2375,2440,58783,0.023060796645702375
2022-06-09,2440,2440,2385,2400,19950,-0.016393442622950838
2022-06-10,2400,2420,2360,2390,15618,-0.004166666666666652
2022-06-13,2365,2365,2215,2275,61589,-0.04811715481171552
2022-06-14,2230,2245,2170,2235,38173,-0.01758241758241763
2022-06-15,2160,2215,2090,2155,39285,-0.03579418344519014
2022-06-16,2155,2185,2140,2170,20145,0.006960556844547661
2022-06-17,2160,2165,2035,2105,37243,-0.02995391705069128
2022-06-20,2085,2105,1935,2005,33754,-0.04750593824228033
2022-06-21,2005,2025,1905,2010,21593,0.0024937655860348684
2022-06-22,2020,2030,1870,1900,20392,-0.05472636815920395
2022-06-23,1855,1895,1760,1785,48302,-0.06052631578947365
2022-06-24,1785,1850,1760,1835,39580,0.028011204481792618
2022-06-27,1895,1925,1850,1925,27701,0.04904632152588562
2022-06-28,1935,1960,1915,1930,19974,0.0025974025974024872
2022-06-29,1925,1950,1910,1950,14541,0.010362694300518172
2022-06-30,1950,2100,1895,2000,30169,0.02564102564102555
2022-07-01,1980,2000,1905,1965,24233,-0.01749999999999996
2022-07-04,1915,1940,1845,1900,33630,-0.0330788804071247
2022-07-05,1885,1970,1880,1965,21844,0.03421052631578947
2022-07-06,1985,2020,1915,2020,41560,0.027989821882951738
2022-07-07,2000,2070,1990,2035,16266,0.007425742574257432
2022-07-08,2060,2090,2020,2025,14677,-0.004914004914004955
2022-07-11,2015,2050,2005,2010,8076,-0.007407407407407418
2022-07-12,2010,2010,1920,1940,12411,-0.03482587064676612
2022-07-13,1940,2050,1900,2010,9421,0.03608247422680422
2022-07-14,2025,2025,1980,2010,10418,0.0
2022-07-15,1990,2000,1920,1990,12012,-0.00995024875621886
2022-07-18,1990,2015,1925,2005,21958,0.007537688442211143
2022-07-19,2030,2050,2005,2045,11975,0.01995012468827939
2022-07-20,2045,2100,2030,2030,12969,-0.007334963325183352
2022-07-21,2075,2280,2035,2120,112117,0.044334975369458185
2022-07-22,2120,2160,2070,2135,34264,0.007075471698113178
2022-07-25,2100,2125,2030,2125,17016,-0.004683840749414525
2022-07-26,2100,2125,2040,2105,26460,-0.009411764705882342
2022-07-27,2105,2260,2045,2180,160475,0.03562945368171011
2022-07-28,2210,2245,2155,2200,17489,0.00917431192660545
2022-07-29,2200,2300,2180,2255,91417,0.02499999999999991
2022-08-01,2270,2335,2240,2330,126941,0.03325942350332589
2022-08-02,2340,2340,2200,2240,56631,-0.03862660944206009
2022-08-03,2220,2260,2170,2250,32156,0.0044642857142858094
2022-08-04,2275,2360,2140,2205,145235,-0.020000000000000018
2022-08-05,2250,2260,2160,2225,31825,0.009070294784580435
2022-08-08,2225,2225,2155,2170,31350,-0.024719101123595544
2022-08-09,2170,2245,2155,2225,16479,0.025345622119815614
2022-08-10,2225,2225,2160,2195,15730,-0.013483146067415741
2022-08-11,2175,2200,2165,2200,22943,0.002277904328018332
2022-08-12,2200,2210,2175,2205,16305,0.002272727272727204
2022-08-16,2195,2200,2150,2185,21658,-0.009070294784580546
2022-08-17,2185,2245,2100,2145,29439,-0.01830663615560646
2022-08-18,2100,2140,2080,2110,26258,-0.01631701631701632
2022-08-19,2110,2135,2090,2130,15618,0.009478672985782088
2022-08-22,2110,2180,2080,2180,35149,0.023474178403755763
2022-08-23,2140,2150,2095,2135,16055,-0.020642201834862428
2022-08-24,2115,2135,2095,2130,9920,-0.0023419203747072626
2022-08-25,2150,2185,2135,2160,21651,0.014084507042253502
2022-08-26,2180,2200,2155,2170,15368,0.004629629629629539
2022-08-29,2125,2130,2045,2125,17476,-0.020737327188940058
2022-08-30,2090,2115,2090,2110,11553,-0.007058823529411784
2022-08-31,2110,2165,2100,2165,18030,0.026066350710900466
2022-09-01,2165,2165,2100,2145,22311,-0.009237875288683584
2022-09-02,2110,2145,2105,2145,31553,0.0
2022-09-05,2145,2150,2105,2135,23002,-0.004662004662004615
2022-09-06,2110,2115,2085,2095,27242,-0.0187353629976581
2022-09-07,2115,2125,2045,2095,39593,0.0
2022-09-08,2075,2090,2060,2060,10303,-0.01670644391408116
2022-09-13,2080,2120,2060,2105,29568,0.02184466019417486
2022-09-14,2070,2070,2030,2060,25389,-0.02137767220902609
2022-09-15,2080,2105,2065,2070,12860,0.004854368932038833
2022-09-16,2050,2055,2005,2005,16028,-0.03140096618357491
2022-09-19,2005,2005,1955,1980,14003,-0.012468827930174564
2022-09-20,1955,1975,1950,1975,19843,-0.002525252525252486
2022-09-21,1970,1985,1930,1985,18221,0.005063291139240533
2022-09-22,1965,1970,1925,1950,19216,-0.017632241813602012
2022-09-23,1950,1960,1895,1935,15733,-0.007692307692307665
2022-09-26,1930,1930,1815,1835,13781,-0.05167958656330751
2022-09-27,1735,1790,1695,1760,52832,-0.04087193460490468
2022-09-28,1710,1750,1630,1630,54403,-0.07386363636363635
2022-09-29,1640,1715,1635,1660,25294,0.018404907975460016
2022-09-30,1655,1720,1630,1710,25262,0.030120481927710774
2022-10-04,1715,1835,1715,1730,20132,0.011695906432748648
2022-10-05,1790,1995,1740,1805,237940,0.043352601156069426
2022-10-06,1845,1875,1805,1805,29335,0.0
2022-10-07,1815,1940,1815,1895,19480,0.049861495844875314
2022-10-11,1895,1900,1800,1880,19429,-0.0079155672823219
2022-10-12,1850,1860,1805,1805,17443,-0.039893617021276584
2022-10-13,1800,1805,1725,1785,26302,-0.011080332409972304
2022-10-14,1740,1820,1740,1805,13665,0.011204481792717047
2022-10-17,1820,1895,1790,1805,17335,0.0
2022-10-18,1805,1870,1785,1785,27351,-0.011080332409972304
2022-10-19,1790,1825,1755,1770,24571,-0.008403361344537785
2022-10-20,1790,1790,1740,1750,36999,-0.011299435028248594
2022-10-21,1735,1750,1715,1730,20477,-0.011428571428571455
2022-10-24,1725,2025,1720,1795,747206,0.037572254335260125
2022-10-25,1830,1840,1790,1790,81964,-0.0027855153203342198
2022-10-26,1810,1990,1785,1785,222847,-0.0027932960893854997
2022-10-27,1800,1855,1800,1830,24559,0.025210084033613356
2022-10-28,1840,1965,1830,1855,79181,0.013661202185792254
2022-10-31,1855,2000,1855,1965,237425,0.059299191374662996
2022-11-01,1985,1995,1925,1940,66243,-0.012722646310432517
2022-11-02,1940,1995,1920,1950,52934,0.005154639175257714
2022-11-03,1930,1950,1875,1950,16411,0.0
2022-11-04,1940,1970,1905,1965,16067,0.007692307692307665
2022-11-07,1965,2045,1920,1950,115595,-0.007633587786259555
2022-11-08,1950,2000,1950,1995,39908,0.023076923076922995
2022-11-09,1995,2020,1955,1955,34590,-0.020050125313283207
2022-11-10,1955,1970,1915,1945,47429,-0.005115089514066473
2022-11-11,1965,2000,1950,1985,27748,0.020565552699228773
2022-11-14,1985,2015,1965,1990,19862,0.0025188916876575096
2022-11-15,1970,1990,1970,1970,10956,-0.01005025125628145
2022-11-16,1970,1995,1960,1990,11541,0.010152284263959421
2022-11-17,1970,1980,1950,1975,6466,-0.007537688442211032
2022-11-18,1965,1975,1955,1965,10446,-0.005063291139240533
2022-11-21,1945,1960,1875,1910,19423,-0.027989821882951627
2022-11-22,1870,1895,1855,1880,15119,-0.015706806282722474
2022-11-23,1870,1880,1860,1880,14996,0.0
2022-11-24,1880,1935,1880,1910,20593,0.015957446808510634
2022-11-25,1920,1945,1910,1925,14563,0.007853403141361293
2022-11-28,1920,1930,1850,1850,20723,-0.038961038961038974
2022-11-29,1815,1875,1815,1875,28871,0.013513513513513598
2022-11-30,1885,1915,1875,1910,25976,0.01866666666666661
2022-12-01,1925,1975,1890,1940,31270,0.015706806282722585
2022-12-02,1940,1965,1920,1930,17290,-0.005154639175257714
2022-12-05,1940,2055,1935,1975,47951,0.023316062176165886
2022-12-06,1975,2150,1945,1975,168783,0.0
2022-12-07,1920,1945,1905,1945,49200,-0.015189873417721489
2022-12-08,1925,1935,1900,1925,11461,-0.010282776349614386
2022-12-09,1920,1965,1900,1965,12082,0.020779220779220786
2022-12-12,1985,1985,1955,1970,11339,0.0025445292620864812
2022-12-13,1970,1970,1935,1960,7752,-0.005076142131979711
2022-12-14,1960,2090,1955,1995,57742,0.017857142857142794
2022-12-15,2025,2025,1985,1995,13652,0.0
2022-12-16,1975,2015,1950,1995,20103,0.0
2022-12-19,1990,2065,1960,1965,68171,-0.015037593984962405
2022-12-20,1945,1955,1910,1940,10508,-0.012722646310432517
2022-12-21,1920,1955,1900,1955,11412,0.0077319587628865705
2022-12-22,1935,1990,1935,1965,14830,0.005115089514066584
2022-12-23,1965,2090,1890,1945,107868,-0.010178117048346036
2022-12-26,1925,1940,1880,1905,15317,-0.020565552699228773
2022-12-27,1870,1920,1855,1920,28720,0.007874015748031482
2022-12-28,1940,1965,1920,1930,8586,0.005208333333333259
2022-12-29,1910,1910,1875,1900,17405,-0.015544041450777257
2023-01-02,1865,1885,1855,1880,19577,-0.010526315789473717
2023-01-03,1850,1865,1800,1865,8690,-0.007978723404255317
2023-01-04,1845,1865,1830,1855,20042,-0.00536193029490617
2023-01-05,1870,1905,1855,1875,6238,0.010781671159029615
2023-01-06,1875,1905,1865,1905,5580,0.016000000000000014
2023-01-09,1905,1935,1900,1935,6465,0.015748031496062964
2023-01-10,1935,1935,1910,1925,8726,-0.0051679586563307955
2023-01-11,1925,1935,1905,1935,8123,0.0051948051948051965
2023-01-12,1950,1950,1920,1945,8143,0.0051679586563306845
2023-01-13,1940,1965,1930,1940,8363,-0.0025706940874036244
2023-01-16,1945,1950,1910,1920,15521,-0.010309278350515427
2023-01-17,1940,1945,1910,1935,7253,0.0078125
2023-01-18,1915,1930,1900,1920,12581,-0.007751937984496138
2023-01-19,1915,1920,1885,1910,14986,-0.00520833333333337
2023-01-20,1905,1980,1890,1980,13551,0.03664921465968596
2023-01-25,1980,1980,1920,1941,39124,-0.019696969696969657
2023-01-26,1941,1969,1941,1969,21073,0.014425553838227634
2023-01-27,1983,1983,1948,1950,21730,-0.00964956830878616
2023-01-30,1970,1975,1941,1950,28576,0.0
2023-01-31,1931,1954,1931,1954,29221,0.002051282051282133
2023-02-01,1954,1970,1949,1955,37624,0.0005117707267143778
2023-02-02,1967,1967,1946,1964,25732,0.004603580562659859
2023-02-03,1964,1972,1963,1965,9754,0.0005091649694501932
2023-02-06,1970,1980,1964,1967,16958,0.0010178117048345037
2023-02-07,1964,1980,1963,1980,32367,0.0066090493136756745
2023-02-08,1984,1985,1964,1980,49710,0.0
2023-02-09,1979,1979,1963,1971,24205,-0.004545454545454519
2023-02-10,1961,1967,1946,1958,14368,-0.006595636732623089
2023-02-13,1940,1958,1926,1958,25474,0.0
2023-02-14,1938,1955,1934,1940,32540,-0.009193054136874323
2023-02-15,1940,1940,1905,1939,24711,-0.0005154639175257714
2023-02-16,1919,1928,1912,1920,25268,-0.00979886539453323
2023-02-17,1919,1944,1902,1944,20183,0.012499999999999956
2023-02-20,1925,1940,1880,1940,39603,-0.002057613168724326
2023-02-21,1940,1963,1920,1952,32340,0.006185567010309256
2023-02-22,1950,1950,1911,1939,25598,-0.006659836065573743
2023-02-23,1919,1933,1916,1933,18661,-0.003094378545642096
2023-02-24,1934,1954,1933,1951,25241,0.009311950336264863
2023-02-27,1932,1951,1903,1922,13925,-0.014864172219374638
2023-02-28,1921,1941,1902,1937,12907,0.007804370447450637
2023-03-02,1957,1957,1902,1956,46403,0.009808982963345425
2023-03-03,1955,1960,1929,1951,33263,-0.002556237218813928
2023-03-06,1929,1951,1920,1937,25032,-0.007175807278318791
2023-03-07,1937,1937,1917,1927,22003,-0.00516262261228706
2023-03-08,1935,1935,1885,1885,20294,-0.02179553710430726
2023-03-09,1885,1932,1860,1915,35716,0.01591511936339529
2023-03-10,1901,1911,1844,1911,55416,-0.002088772845952991
2023-03-13,1859,1872,1845,1865,42088,-0.024071166928309795
2023-03-14,1853,1853,1820,1842,15193,-0.012332439678284235
2023-03-15,1823,1839,1811,1830,43230,-0.006514657980456029
2023-03-16,1828,1828,1783,1818,24619,-0.006557377049180357
2023-03-17,1809,1850,1801,1818,43646,0.0
2023-03-20,1834,1840,1810,1820,26322,0.0011001100110010764
2023-03-21,1820,1893,1815,1856,61320,0.01978021978021971
2023-03-22,1856,1890,1838,1858,25025,0.0010775862068965747
2023-03-23,1858,1865,1815,1825,75795,-0.017761033369214196
2023-03-24,1825,1843,1813,1835,23975,0.005479452054794498
2023-03-27,1837,1903,1823,1858,52223,0.012534059945504161
2023-03-28,1877,1877,1849,1861,11285,0.0016146393972011897
2023-03-29,1853,1860,1843,1855,25738,-0.003224073078989753
2023-03-30,1840,1879,1833,1845,23864,-0.005390835579514808
2023-03-31,1845,1852,1836,1843,24766,-0.0010840108401084514
2023-04-03,1843,1870,1835,1868,24558,0.013564839934888662
2023-04-04,1868,1907,1868,1893,30896,0.013383297644539605
2023-04-05,1894,1906,1882,1900,20335,0.003697834125726329
2023-04-06,1901,1904,1884,1901,21306,0.000526315789473708
2023-04-07,1881,1920,1881,1904,27217,0.0015781167806416807
2023-04-10,1910,1910,1881,1882,53499,-0.011554621848739455
2023-04-11,1865,1997,1863,1956,333058,0.03931987247608926
2023-04-12,1957,1957,1922,1940,45982,-0.008179959100204526
2023-04-13,1940,1940,1863,1883,50054,-0.02938144329896908
2023-04-14,1893,1940,1883,1923,29645,0.021242697822623446
2023-04-17,1923,1949,1902,1942,34970,0.009880395215808635
2023-04-18,1932,1957,1923,1934,19930,-0.004119464469618972
2023-04-19,1934,1934,1880,1934,28995,0.0
2023-04-20,1934,1941,1910,1936,31979,0.0010341261633919352
2023-04-21,1890,1916,1840,1890,85358,-0.023760330578512345
2023-04-24,1872,1885,1852,1885,25709,-0.002645502645502673
2023-04-25,1866,1885,1852,1883,20609,-0.001061007957559701
2023-04-26,1847,1883,1839,1880,18380,-0.0015932023366967973
2023-04-27,1861,1879,1841,1879,14977,-0.0005319148936170359
2023-04-28,1879,1897,1841,1860,23508,-0.010111761575306022
2023-05-02,1841,1908,1825,1888,15867,0.01505376344086029
2023-05-03,1888,1927,1888,1909,34133,0.011122881355932313
2023-05-04,1889,1907,1861,1902,41940,-0.0036668412781560855
2023-05-08,1901,1902,1883,1900,14042,-0.001051524710830698
2023-05-09,1900,1904,1883,1892,25418,-0.004210526315789442
2023-05-10,1902,1908,1881,1905,16372,0.006871035940803294
2023-05-11,1898,1909,1890,1907,14127,0.0010498687664042272
2023-05-12,1907,1912,1898,1912,19787,0.002621919244887305
2023-05-15,1912,1926,1907,1912,10031,0.0
2023-05-16,1912,1920,1906,1920,9555,0.004184100418409997
2023-05-17,1915,1927,1901,1920,21033,0.0
2023-05-18,1921,1939,1911,1915,19823,-0.0026041666666666297
2023-05-19,1915,1954,1915,1929,18184,0.0073107049608354124
2023-05-22,1949,1949,1918,1929,21243,0.0
2023-05-23,1930,1940,1923,1923,15478,-0.0031104199066873672
2023-05-24,1923,1923,1905,1922,6965,-0.0005200208008320217
2023-05-25,1922,1929,1911,1921,5783,-0.0005202913631633388
2023-05-26,1904,1921,1900,1909,11736,-0.006246746486205157
2023-05-30,1909,1947,1909,1940,23698,0.01623886851754852
2023-05-31,1943,1945,1913,1925,12531,-0.0077319587628865705
2023-06-01,1925,1946,1910,1910,22631,-0.007792207792207795
2023-06-02,1910,1921,1910,1921,6871,0.005759162303665022
2023-06-05,1925,1945,1923,1936,14239,0.007808433107756363
2023-06-07,1936,1936,1910,1910,22613,-0.013429752066115741
2023-06-08,1910,1918,1905,1918,7478,0.004188481675392763
2023-06-09,1910,1939,1910,1921,9618,0.0015641293013555213
2023-06-12,1921,1950,1911,1911,20788,-0.005205622071837612
2023-06-13,1903,1911,1883,1905,18561,-0.0031397174254317317
2023-06-14,1905,1921,1890,1900,14114,-0.002624671916010457
2023-06-15,1881,1900,1880,1886,13889,-0.00736842105263158
2023-06-16,1886,1890,1878,1888,15239,0.0010604453870626251
2023-06-19,1878,1888,1878,1887,10849,-0.0005296610169491789
2023-06-20,1897,2065,1897,1964,225409,0.04080551139374666
2023-06-21,1968,2025,1938,1982,71022,0.009164969450101923
2023-06-22,1960,1960,1903,1937,53493,-0.022704339051463185
2023-06-23,1921,1931,1913,1927,17532,-0.00516262261228706
2023-06-26,1910,1972,1910,1966,46525,0.020238713025428234
2023-06-27,1966,2000,1966,1984,38603,0.00915564598168861
2023-06-28,1964,1978,1933,1940,19882,-0.022177419354838745
2023-06-29,1940,1940,1921,1925,15817,-0.0077319587628865705
2023-06-30,1915,1934,1885,1929,16439,0.002077922077922123
2023-07-03,1929,1993,1929,1947,35880,0.009331259720062102
2023-07-04,1947,1984,1932,1941,34868,-0.0030816640986132127
2023-07-05,1926,1941,1923,1929,12408,-0.0061823802163832875
2023-07-06,1929,1997,1917,1924,14830,-0.0025920165889061764
2023-07-07,1891,1904,1891,1900,12723,-0.012474012474012475
2023-07-10,1881,1892,1870,1879,14536,-0.011052631578947314
2023-07-11,1860,1879,1842,1876,22159,-0.0015965939329430912
2023-07-12,1885,1900,1858,1890,25387,0.00746268656716409
2023-07-13,1894,1940,1894,1905,18200,0.007936507936507908
2023-07-14,1909,1941,1892,1900,16482,-0.002624671916010457
2023-07-17,1900,1910,1874,1886,16010,-0.00736842105263158
2023-07-18,1868,1886,1868,1880,13728,-0.0031813361611876534
2023-07-19,1871,1896,1839,1865,11115,-0.007978723404255317
2023-07-20,1865,1865,1835,1854,16990,-0.0058981233243967646
2023-07-21,1845,1850,1804,1807,17552,-0.025350593311758374
2023-07-24,1825,1825,1723,1726,49950,-0.04482567791920311
2023-07-25,1726,1726,1600,1609,75938,-0.06778679026651213
2023-07-26,1609,1625,1471,1547,69434,-0.03853325046612799
2023-07-27,1523,1561,1516,1547,22103,0.0
2023-07-28,1547,1597,1540,1597,30559,0.03232062055591478
2023-07-31,1601,1696,1601,1696,12986,0.06199123356293046
2023-08-01,1696,1724,1646,1724,35579,0.01650943396226423
2023-08-02,1725,1740,1703,1735,15540,0.006380510440835208
2023-08-03,1683,1726,1683,1726,20808,-0.005187319884726205
2023-08-04,1726,1740,1670,1730,19112,0.002317497103128563
2023-08-07,1713,1730,1713,1730,8198,0.0
2023-08-08,1695,1740,1687,1740,10135,0.005780346820809301
2023-08-09,1722,1789,1681,1789,9762,0.028160919540229923
2023-08-10,1789,1833,1782,1795,28793,0.003353828954723248
2023-08-11,1795,1800,1714,1799,33565,0.0022284122562674646
2023-08-14,1799,1801,1755,1797,8188,-0.0011117287381878782
2023-08-16,1784,1784,1731,1784,10352,-0.0072342793544797335
2023-08-17,1768,1783,1717,1780,6477,-0.0022421524663677195
2023-08-18,1760,1778,1721,1778,8198,-0.0011235955056180247
2023-08-21,1778,1778,1690,1690,31034,-0.04949381327334079
2023-08-22,1707,1707,1622,1673,29747,-0.010059171597633143
2023-08-23,1673,1681,1647,1666,13225,-0.004184100418409997
2023-08-24,1664,1664,1585,1608,50011,-0.03481392557022811
2023-08-25,1618,1648,1596,1631,36001,0.014303482587064709
2023-08-28,1632,1647,1602,1604,35662,-0.016554261189454356
2023-08-29,1605,1633,1605,1629,13884,0.01558603491271815
2023-08-30,1630,1661,1629,1634,20749,0.0030693677102517913
2023-08-31,1634,1661,1634,1636,14314,0.001223990208078396
2023-09-01,1641,1685,1641,1667,27453,0.018948655256723734
2023-09-04,1667,1740,1667,1740,20951,0.04379124175164972
2023-09-05,1739,1739,1723,1738,9998,-0.0011494252873562871
2023-09-06,1741,1772,1723,1740,19660,0.0011507479861909697
2023-09-07,1740,1767,1692,1722,17248,-0.010344827586206917
2023-09-08,1716,1716,1688,1709,13520,-0.007549361207897842
2023-09-11,1709,1710,1692,1709,18229,0.0
2023-09-12,1709,1726,1705,1723,5892,0.008191925102398967
2023-09-13,1706,1717,1689,1704,11612,-0.011027278003482244
2023-09-14,1689,1695,1681,1695,7192,-0.005281690140845119
2023-09-15,1687,1840,1683,1691,135971,-0.0023598820058997605
2023-09-18,1710,1724,1691,1701,25153,0.005913660555884048
2023-09-19,1701,1701,1680,1691,8943,-0.005878894767783693
2023-09-20,1675,1688,1650,1688,13651,-0.0017740981667652145
2023-09-21,1675,1675,1656,1667,10602,-0.012440758293838838
2023-09-22,1657,1666,1623,1653,6781,-0.008398320335932796
2023-09-25,1647,1647,1618,1618,16827,-0.021173623714458523
2023-09-26,1618,1618,1598,1606,5887,-0.007416563658838027
2023-09-27,1599,1599,1527,1541,44985,-0.040473225404732305
2023-10-04,1541,1541,1500,1519,43504,-0.014276443867618394
2023-10-05,1519,1520,1459,1459,48369,-0.03949967083607642
2023-10-06,1460,1546,1459,1504,70184,0.030843043180260432
2023-10-10,1565,1571,1500,1500,78590,-0.0026595744680850686
2023-10-11,1500,1523,1499,1520,22736,0.01333333333333342
2023-10-12,1543,1570,1532,1569,28737,0.03223684210526323
2023-10-13,1577,1586,1577,1586,8416,0.010834926704907488
2023-10-16,1586,1586,1569,1569,26449,-0.010718789407313967
2023-10-17,1569,1680,1569,1631,69278,0.039515615041427754
2023-10-18,1680,1700,1634,1693,55813,0.03801348865726539
2023-10-19,1693,1700,1670,1694,24937,0.0005906674542233148
2023-10-20,1644,1662,1561,1640,14682,-0.031877213695395534
2023-10-23,1623,1623,1558,1623,16117,-0.010365853658536595
2023-10-24,1606,1623,1577,1623,4430,0.0
2023-10-25,1623,1705,1615,1678,50757,0.033887861983980194
2023-10-26,1653,1668,1622,1650,7188,-0.016686531585220488
2023-10-27,1646,1650,1620,1649,10851,-0.00060606060606061
2023-10-30,1649,1704,1639,1677,19020,0.016979987871437174
2023-10-31,1710,1715,1660,1660,17630,-0.010137149672033385
2023-11-01,1631,1661,1619,1660,42598,0.0
2023-11-02,1646,1661,1646,1661,14456,0.00060240963855418
2023-11-03,1661,1661,1660,1661,12460,0.0
2023-11-06,1661,1667,1656,1667,30492,0.0036122817579771205
2023-11-07,1667,1717,1659,1672,33445,0.0029994001199760145
2023-11-08,1682,1704,1656,1656,27378,-0.009569377990430672
2023-11-09,1656,1749,1656,1722,12924,0.03985507246376807
2023-11-10,1695,1718,1693,1716,8668,-0.0034843205574912606
2023-11-13,1701,1716,1670,1709,12404,-0.004079254079254024
2023-11-14,1675,1700,1660,1693,14710,-0.009362200117027486
2023-11-15,1680,1710,1680,1710,9790,0.010041346721795685
2023-11-16,1695,1709,1591,1651,30040,-0.034502923976608146
2023-11-17,1651,1680,1645,1673,19445,0.013325257419745551
2023-11-20,1673,1719,1657,1700,22770,0.016138673042438656
2023-11-21,1700,1727,1700,1720,25760,0.0117647058823529
2023-11-22,1705,1731,1686,1731,20323,0.006395348837209269
2023-11-23,1724,1747,1698,1720,31748,-0.006354708261120723
2023-11-24,1720,1747,1705,1742,15004,0.012790697674418539
2023-11-27,1731,1742,1725,1742,5261,0.0
2023-11-28,1742,1742,1702,1714,8206,-0.016073478760045945
2023-11-29,1716,1731,1681,1723,7681,0.0052508751458575365
2023-11-30,1701,1711,1698,1711,16821,-0.006964596633778242
2023-12-01,1698,1705,1680,1691,18733,-0.011689070718877814
2023-12-04,1674,1685,1657,1662,21520,-0.01714961561206385
2023-12-05,1662,1662,1613,1643,10515,-0.011432009626955453
2023-12-06,1626,1626,1618,1621,8209,-0.013390139987827121
2023-12-07,1608,1621,1595,1621,21365,0.0
2023-12-08,1604,1608,1595,1598,5709,-0.014188772362739077
2023-12-11,1598,1640,1598,1602,23721,0.0025031289111390187
2023-12-12,1602,1618,1602,1613,9539,0.006866416978776435
2023-12-13,1613,1618,1600,1605,11876,-0.004959702417854928
2023-12-14,1589,1605,1580,1590,4685,-0.009345794392523366
2023-12-15,1590,1591,1580,1590,7922,0.0
2023-12-18,1587,1626,1580,1592,21085,0.0012578616352201255
2023-12-19,1631,1631,1597,1610,6870,0.011306532663316604
2023-12-20,1610,1625,1591,1617,12084,0.004347826086956497
2023-12-21,1601,1670,1592,1640,21994,0.014223871366728424
2023-12-22,1673,1673,1634,1648,6660,0.004878048780487809
2023-12-26,1632,1683,1589,1602,29136,-0.027912621359223344
2023-12-27,1588,1629,1588,1607,8778,0.003121098626716501
2023-12-28,1607,1607,1594,1604,5143,-0.0018668326073428831
2024-01-02,1601,1621,1588,1608,16897,0.0024937655860348684
2024-01-03,1608,1608,1597,1604,10365,-0.0024875621890547706
2024-01-04,1602,1602,1579,1588,10930,-0.009975062344139696
2024-01-05,1576,1588,1576,1586,3037,-0.0012594458438287548
2024-01-08,1576,1583,1560,1583,8915,-0.001891551071878994
2024-01-09,1575,1595,1569,1569,7234,-0.008843967150979126
2024-01-10,1558,1583,1554,1572,6555,0.0019120458891013214
2024-01-11,1562,1619,1562,1587,8596,0.009541984732824416
2024-01-12,1590,1615,1576,1588,14343,0.000630119722747402
2024-01-15,1578,1586,1575,1580,6061,-0.005037783375314908
2024-01-16,1572,1574,1554,1564,8028,-0.010126582278481067
2024-01-17,1549,1562,1508,1508,21640,-0.03580562659846542
2024-01-18,1508,1508,1496,1496,8784,-0.007957559681697646
2024-01-19,1496,1543,1495,1503,14456,0.004679144385026701
2024-01-22,1504,1533,1503,1510,10563,0.004657351962741085
2024-01-23,1511,1533,1500,1510,12363,0.0
2024-01-24,1530,1558,1502,1550,13485,0.026490066225165476
2024-01-25,1549,1550,1535,1540,4266,-0.006451612903225823
2024-01-26,1539,1541,1532,1536,4605,-0.0025974025974025983
2024-01-29,1525,1544,1525,1525,5001,-0.00716145833333337
2024-01-30,1518,1530,1516,1516,5342,-0.005901639344262244
2024-01-31,1516,1566,1503,1518,15419,0.0013192612137202797
2024-02-01,1518,1560,1518,1541,9470,0.015151515151515138
2024-02-02,1541,1574,1529,1547,10035,0.0038935756002596023
2024-02-05,1547,1547,1522,1526,16873,-0.013574660633484115
2024-02-06,1529,1539,1526,1539,5908,0.008519003931847902
2024-02-07,1534,1559,1533,1558,47462,0.012345679012345734
2024-02-08,1558,1573,1543,1553,7226,-0.003209242618742003
2024-02-13,1553,1580,1553,1553,28334,0.0
2024-02-14,1531,1567,1531,1547,8525,-0.003863490019317406
2024-02-15,1559,1559,1545,1549,6640,0.0012928248222365823
2024-02-16,1549,1564,1542,1564,5211,0.009683666881859176
2024-02-19,1596,1596,1564,1567,11637,0.0019181585677749968
2024-02-20,1595,1595,1555,1582,11286,0.00957243139757491
2024-02-21,1582,1582,1559,1569,10778,-0.00821744627054366
2024-02-22,1569,1584,1550,1579,14471,0.006373486297004405
2024-02-23,1581,1593,1567,1573,7163,-0.0037998733375553817
2024-02-26,1561,1579,1514,1556,11037,-0.010807374443738027
2024-02-27,1550,1556,1514,1518,10238,-0.024421593830334154
2024-02-28,1518,1524,1514,1524,6903,0.0039525691699604515
2024-02-29,1524,1540,1524,1529,6298,0.0032808398950130435
2024-03-04,1517,1559,1517,1557,10716,0.01831262262916944
2024-03-05,1580,1580,1515,1515,14425,-0.026974951830443183
2024-03-06,1504,1519,1504,1510,18849,-0.0033003300330033403
2024-03-07,1501,1510,1501,1502,7773,-0.005298013245033095
2024-03-08,1502,1504,1476,1476,14413,-0.017310252996005304
2024-03-11,1476,1488,1465,1473,16042,-0.002032520325203291
2024-03-12,1466,1471,1451,1457,22401,-0.010862186014935493
2024-03-13,1450,1459,1450,1459,6366,0.0013726835964309458
2024-03-14,1449,1460,1445,1456,12877,-0.0020562028786840214
2024-03-15,1456,1748,1456,1478,767771,0.015109890109890056
2024-03-18,1481,1513,1467,1479,32668,0.0006765899864682456
2024-03-19,1479,1494,1455,1469,47809,-0.006761325219743042
2024-03-20,1470,1509,1467,1479,45529,0.006807351940095296
2024-03-21,1495,1495,1473,1478,16688,-0.0006761325219742931
2024-03-22,1482,1489,1478,1489,11935,0.007442489851150258
2024-03-25,1489,1499,1401,1473,28585,-0.01074546675621224
2024-03-26,1470,1486,1460,1476,12839,0.0020366598778003286
2024-03-27,1445,1505,1445,1451,28311,-0.01693766937669372
2024-03-28,1454,1481,1452,1460,6595,0.006202618883528688
2024-03-29,1474,1474,1441,1465,12738,0.003424657534246478
2024-04-01,1465,1519,1455,1508,32784,0.029351535836177556
2024-04-02,1500,1500,1475,1484,20049,-0.01591511936339518
2024-04-03,1484,1484,1451,1477,11309,-0.004716981132075526
2024-04-04,1467,1546,1467,1476,75827,-0.0006770480704130222
2024-04-05,1467,1501,1450,1470,11750,-0.004065040650406471
2024-04-08,1470,1489,1460,1474,10211,0.0027210884353741083
2024-04-09,1479,1487,1453,1454,7775,-0.013568521031207648
2024-04-11,1454,1474,1446,1473,9379,0.013067400275103225
2024-04-12,1473,1473,1445,1447,18483,-0.017651052274270218
2024-04-15,1457,1462,1440,1450,18690,0.0020732550103663705
2024-04-16,1450,1594,1416,1417,73414,-0.022758620689655173
2024-04-17,1431,1447,1365,1447,32572,0.02117148906139721
2024-04-18,1433,1450,1395,1433,21285,-0.009675190048375915
2024-04-19,1433,1433,1394,1432,31355,-0.0006978367062107083
2024-04-22,1430,1430,1402,1407,16073,-0.017458100558659262
2024-04-23,1407,1425,1401,1407,22266,0.0
2024-04-24,1407,1450,1390,1404,115345,-0.002132196162046962
2024-04-25,1404,1408,1396,1408,8770,0.002849002849002913
2024-04-26,1408,1408,1397,1401,14228,-0.004971590909090939
2024-04-29,1388,1400,1388,1397,18872,-0.002855103497501732
2024-04-30,1397,1407,1397,1397,12020,0.0
2024-05-02,1437,1564,1390,1404,210811,0.005010737294201872
2024-05-03,1420,1443,1413,1418,25022,0.009971509971509862
2024-05-07,1426,1507,1412,1432,56938,0.009873060648801113
2024-05-08,1432,1447,1427,1427,19394,-0.0034916201117318746
2024-05-09,1427,1500,1427,1474,19540,0.03293622985283817
2024-05-10,1464,1479,1464,1478,9374,0.0027137042062415073
2024-05-13,1467,1473,1464,1464,7819,-0.009472259810554773
2024-05-14,1442,1467,1442,1467,10425,0.002049180327868827
2024-05-16,1467,1475,1467,1474,5434,0.0047716428084525475
2024-05-17,1446,1467,1401,1438,47836,-0.024423337856173677
2024-05-20,1435,1435,1405,1419,12414,-0.013212795549374157
2024-05-21,1416,1416,1396,1400,23609,-0.013389711064129672
2024-05-22,1400,1413,1380,1410,30658,0.0071428571428571175
2024-05-23,1400,1410,1398,1398,5642,-0.008510638297872353
2024-05-24,1398,1408,1381,1407,10184,0.006437768240343367
2024-05-27,1392,1398,1388,1393,10310,-0.00995024875621886
2024-05-28,1393,1408,1393,1399,5052,0.004307250538406304
2024-05-29,1409,1409,1386,1386,7031,-0.009292351679771271
2024-05-30,1386,1393,1379,1382,15230,-0.0028860028860029363
2024-05-31,1368,1409,1360,1409,17923,0.01953690303907374
2024-06-03,1377,1465,1377,1452,33761,0.030518097941802713
2024-06-04,1452,1490,1441,1463,84051,0.007575757575757569
2024-06-05,1478,1607,1436,1454,257823,-0.0061517429938482415
2024-06-07,1454,1454,1435,1443,21187,-0.007565337001375516
2024-06-10,1443,1445,1431,1433,8878,-0.006930006930006893
2024-06-11,1430,1430,1411,1418,3538,-0.010467550593161179
2024-06-12,1410,1410,1402,1406,5858,-0.008462623413258097
2024-06-13,1398,1405,1394,1405,7403,-0.0007112375533427917
2024-06-14,1392,1401,1390,1401,8739,-0.002846975088967918
2024-06-17,1387,1401,1387,1401,13397,0.0
2024-06-18,1394,1399,1390,1399,5368,-0.001427551748750866
2024-06-19,1399,1399,1390,1395,6373,-0.002859185132237263
2024-06-20,1384,1394,1374,1393,7794,-0.0014336917562723928
2024-06-21,1387,1420,1378,1404,16242,0.007896625987078298
2024-06-24,1393,1400,1366,1379,8721,-0.017806267806267817
2024-06-25,1368,1372,1358,1369,10695,-0.007251631617113841
2024-06-26,1366,1367,1361,1361,3978,-0.005843681519357213
2024-06-27,1361,1374,1357,1374,5135,0.009551800146950784
2024-06-28,1364,1373,1312,1342,11603,-0.02328966521106257
2024-07-01,1342,1342,1301,1311,21558,-0.023099850968703373
2024-07-02,1297,1318,1276,1291,54364,-0.015255530129671957
2024-07-03,1265,1289,1254,1285,12633,-0.004647560030983766
2024-07-04,1275,1276,1221,1228,58885,-0.04435797665369645
2024-07-05,1228,1260,1227,1231,28904,0.0024429967426709
2024-07-08,1231,1245,1229,1234,8192,0.002437043054427379
2024-07-09,1247,1268,1244,1260,6830,0.021069692058346856
2024-07-10,1264,1290,1248,1270,15336,0.007936507936507908
2024-07-11,1295,1295,1261,1269,3478,-0.0007874015748031704
2024-07-12,1269,1300,1253,1280,13161,0.008668242710795804
2024-07-15,1280,1280,1268,1279,8860,-0.0007812499999999556
2024-07-16,1266,1287,1266,1287,9573,0.006254886630179923
2024-07-17,1289,1289,1277,1285,1855,-0.0015540015540015384
2024-07-18,1283,1304,1279,1285,11700,0.0
2024-07-19,1275,1278,1252,1278,9437,-0.005447470817120603
2024-07-22,1272,1272,1253,1272,1722,-0.0046948356807511304
2024-07-23,1259,1318,1256,1273,19262,0.0007861635220125507
2024-07-24,1263,1300,1250,1270,2538,-0.00235663786331497
2024-07-25,1270,1270,1250,1267,5820,-0.0023622047244094
2024-07-26,1254,1261,1248,1260,3691,-0.0055248618784530246
2024-07-29,1250,1255,1244,1255,3114,-0.003968253968253954
2024-07-30,1251,1290,1249,1257,14247,0.0015936254980080111
2024-07-31,1244,1300,1241,1267,8955,0.007955449482895727
2024-08-01,1262,1290,1240,1243,23215,-0.018942383583267608
2024-08-02,1247,1267,1211,1231,16170,-0.0096540627514079
2024-08-05,1227,1230,862,1031,45894,-0.16246953696181965
2024-08-06,1031,1099,1031,1090,26085,0.057225994180407413
2024-08-07,1090,1220,1090,1118,72497,0.025688073394495303
2024-08-08,1118,1263,1118,1120,110469,0.0017889087656528524
2024-08-09,1137,1185,1137,1154,6351,0.03035714285714275
2024-08-12,1219,1219,1155,1164,12995,0.008665511265164572
2024-08-13,1164,1164,1155,1164,6931,0.0
2024-08-14,1155,1180,1155,1164,12076,0.0
2024-08-16,1164,1193,1150,1163,11313,-0.0008591065292096189
2024-08-19,1175,1189,1088,1135,46114,-0.02407566638005154
2024-08-20,1135,1158,1135,1156,13284,0.018502202643171817
2024-08-21,1168,1173,1156,1172,15112,0.01384083044982698
2024-08-22,1172,1172,1164,1167,1847,-0.004266211604095571
2024-08-23,1167,1178,1133,1149,11991,-0.015424164524421635
2024-08-26,1143,1149,1141,1142,1163,-0.006092254134029584
2024-08-27,1142,1153,1108,1143,17309,0.0008756567425569628
2024-08-28,1143,1152,1143,1152,2984,0.007874015748031482
2024-08-29,1152,1440,1152,1172,1896637,0.01736111111111116
2024-08-30,1175,1380,1166,1280,1057066,0.0921501706484642
2024-09-02,1300,1300,1243,1268,123534,-0.009375000000000022
2024-09-03,1268,1280,1240,1249,30996,-0.014984227129337557
2024-09-04,1200,1230,1197,1206,60553,-0.03442754203362686
2024-09-05,1200,1223,1135,1222,15343,0.013266998341625147
2024-09-06,1238,1267,1193,1193,14549,-0.023731587561374834
2024-09-09,1193,1193,1165,1193,23030,0.0
2024-09-10,1193,1210,1135,1200,13240,0.005867560771165126
2024-09-11,1188,1200,1160,1160,16489,-0.033333333333333326
2024-09-12,1200,1200,1155,1172,6649,0.010344827586206806
2024-09-13,1178,1218,1156,1218,5678,0.03924914675767921
2024-09-19,1216,1216,1163,1200,13260,-0.014778325123152691
2024-09-20,1193,1213,1193,1200,7714,0.0
2024-09-23,1200,1202,1180,1180,10909,-0.01666666666666672
2024-09-24,1180,1200,1172,1200,4576,0.016949152542372836
2024-09-25,1185,1190,1180,1180,4074,-0.01666666666666672
2024-09-26,1180,1297,1170,1198,100888,0.015254237288135686
2024-09-27,1198,1236,1187,1198,29199,0.0
2024-09-30,1196,1270,1196,1206,23564,0.006677796327211993
2024-10-02,1206,1232,1185,1203,10528,-0.0024875621890547706
2024-10-04,1203,1250,1199,1199,14090,-0.0033250207813798616
2024-10-07,1199,1245,1199,1218,8486,0.015846538782318564
2024-10-08,1218,1245,1209,1223,9518,0.004105090311986803
2024-10-10,1223,1223,1201,1223,3042,0.0
2024-10-11,1214,1245,1214,1224,10429,0.0008176614881438837
2024-10-14,1260,1298,1223,1256,35344,0.02614379084967311
2024-10-15,1248,1259,1226,1240,16073,-0.01273885350318471
2024-10-16,1227,1247,1226,1241,8747,0.0008064516129031585
2024-10-17,1241,1249,1230,1249,7091,0.006446414182111226
2024-10-18,1240,1260,1227,1246,11152,-0.0024019215372297342
2024-10-21,1225,1244,1203,1230,5654,-0.012841091492776902
2024-10-22,1230,1230,1208,1212,3845,-0.014634146341463428
2024-10-23,1212,1212,1200,1211,7366,-0.0008250825082508628
2024-10-24,1207,1207,1201,1201,1265,-0.008257638315441795
2024-10-25,1201,1207,1201,1207,29036,0.004995836802664355
2024-10-28,1207,1218,1199,1216,15325,0.0074565037282519064
2024-10-29,1216,1228,1201,1202,11106,-0.011513157894736836
2024-10-30,1214,1247,1202,1213,12625,0.009151414309484185
2024-10-31,1213,1250,1201,1214,7710,0.0008244023083263663
2024-11-01,1199,1250,1199,1250,10532,0.029654036243822013
2024-11-04,1247,1247,1220,1234,11757,-0.012800000000000034
2024-11-05,1234,1250,1203,1243,9397,0.007293354943273878
2024-11-06,1242,1243,1227,1242,4112,-0.0008045052292839916
2024-11-07,1233,1242,1227,1236,3246,-0.004830917874396157
2024-11-08,1236,1270,1220,1253,6031,0.013754045307443397
2024-11-11,1255,1255,1229,1241,1191,-0.009577015163607316
2024-11-12,1228,1238,1213,1214,3185,-0.021756647864625278
2024-11-13,1199,1214,1180,1204,7291,-0.008237232289950547
2024-11-14,1191,1227,1191,1192,7290,-0.009966777408637828
2024-11-15,1191,1239,1165,1174,31816,-0.015100671140939603
2024-11-18,1178,1211,1178,1208,2527,0.028960817717206044
2024-11-19,1207,1256,1198,1228,14912,0.01655629139072845
2024-11-20,1228,1245,1210,1230,11159,0.0016286644951140072
2024-11-21,1230,1270,1203,1203,7600,-0.02195121951219514
2024-11-22,1194,1269,1194,1223,17041,0.01662510390689942
2024-11-25,1223,1249,1200,1247,32745,0.019623875715453876
2024-11-26,1245,1250,1218,1247,37292,0.0
2024-11-27,1235,1245,1222,1225,32181,-0.017642341619887758
2024-11-28,1225,1255,1225,1241,33500,0.013061224489795853
2024-11-29,1241,1256,1221,1228,14779,-0.010475423045930743
2024-12-02,1228,1228,1194,1197,7851,-0.025244299674267112
2024-12-03,1188,1250,1168,1247,105376,0.04177109440267346
2024-12-04,1246,1246,1153,1214,54735,-0.02646351242983158
2024-12-05,1201,1239,1182,1190,17469,-0.01976935749588138
2024-12-06,1190,1230,1157,1170,31706,-0.01680672268907568
2024-12-09,1112,1150,1091,1137,44912,-0.028205128205128216
2024-12-10,1100,1196,1100,1192,41199,0.04837291116974485
2024-12-11,1198,1229,1175,1193,69013,0.0008389261744965459
2024-12-12,1220,1260,1178,1178,31893,-0.012573344509639539
2024-12-13,1178,1268,1178,1239,22214,0.051782682512733436
2024-12-16,1239,1273,1202,1231,55830,-0.006456820016142006
2024-12-17,1215,1247,1202,1216,41748,-0.012185215272136452
2024-12-18,1223,1230,1204,1229,25578,0.010690789473684292
2024-12-19,1220,1228,1206,1222,1069,-0.005695687550854367
2024-12-20,1222,1245,1154,1185,56314,-0.030278232405892003
2024-12-23,1185,1218,1178,1218,24216,0.02784810126582271
2024-12-24,1209,1245,1181,1235,69962,0.013957307060755264
2024-12-26,1235,1235,1180,1217,6900,-0.014574898785425061
2024-12-27,1217,1230,1202,1217,2588,0.0
2024-12-30,1217,1235,1181,1235,3273,0.014790468364831444
2025-01-02,1234,1259,1216,1252,6606,0.013765182186234792
2025-01-03,1249,1252,1212,1251,18445,-0.0007987220447284171
2025-01-06,1244,1251,1222,1250,5978,-0.0007993605115906854
2025-01-07,1250,1328,1228,1244,56607,-0.0048000000000000265
2025-01-08,1244,1282,1220,1256,13202,0.009646302250803762
2025-01-09,1243,1251,1227,1250,2944,-0.004777070063694322
2025-01-10,1250,1279,1201,1201,14021,-0.03920000000000001
2025-01-13,1205,1251,1205,1228,10093,0.02248126561198993
2025-01-14,1216,1277,1205,1242,18143,0.01140065146579805
2025-01-15,1230,1270,1220,1270,5018,0.02254428341384873
2025-01-16,1257,1295,1220,1220,6089,-0.03937007874015752
2025-01-17,1226,1389,1225,1253,533064,0.02704918032786896
2025-01-20,1254,1262,1222,1229,30281,-0.019154030327214633
2025-01-21,1245,1254,1226,1237,16157,0.006509357200976451
2025-01-22,1241,1253,1224,1253,11169,0.012934518997574695
2025-01-23,1245,1253,1231,1231,1650,-0.017557861133280173
2025-01-24,1231,1272,1210,1245,42806,0.011372867587327473
2025-01-31,1255,1280,1214,1236,19796,-0.0072289156626506035
2025-02-03,1236,1253,1218,1253,23418,0.013754045307443397
2025-02-04,1253,1253,1210,1226,23072,-0.02154828411811649
2025-02-05,1231,1250,1230,1245,7284,0.015497553017944643
2025-02-06,1245,1264,1233,1246,12444,0.0008032128514057213
2025-02-07,1246,1255,1225,1252,8506,0.0048154093097914075
2025-02-10,1252,1266,1227,1227,14293,-0.019968051118210872
2025-02-11,1227,1236,1210,1233,7048,0.004889975550122161
2025-02-12,1233,1233,1206,1206,15713,-0.021897810218978075
