Date,Open,High,Low,Close,Volume,Change
2022-09-27,5700,6550,5700,6550,20,
2022-09-28,7530,7530,7530,7530,10,0.14961832061068692
2022-09-29,8650,8650,7530,7530,31,0.0
2022-09-30,8650,8650,8650,8650,7,0.14873837981407712
2022-10-04,9940,9940,7360,9900,110,0.1445086705202312
2022-10-05,9900,9900,8420,8420,39,-0.14949494949494946
2022-10-06,7160,7160,7160,7160,51,-0.14964370546318295
2022-10-07,6100,7130,6090,6090,343,-0.1494413407821229
2022-10-11,5180,6790,5180,5180,383,-0.14942528735632188
2022-10-12,4410,4410,4410,4410,50,-0.14864864864864868
2022-10-13,4410,4410,3750,3750,6,-0.1496598639455783
2022-10-14,4000,4300,3200,3200,4743,-0.1466666666666666
2022-10-17,3680,3680,3670,3680,33,0.1499999999999999
2022-10-18,4150,4190,4000,4190,68,0.13858695652173902
2022-10-19,4720,4720,4400,4640,28,0.10739856801909298
2022-10-20,4600,4600,4500,4500,68,-0.030172413793103425
2022-10-21,4000,5160,4000,4850,151,0.07777777777777772
2022-10-24,4845,4850,4845,4850,5,0.0
2022-10-25,5550,5570,4125,5570,36,0.1484536082474226
2022-10-26,6350,6350,6340,6340,8,0.13824057450628358
2022-10-27,7280,7280,5410,6340,26,0.0
2022-10-28,6340,7280,5410,7150,17,0.1277602523659307
2022-10-31,6650,6650,6650,6650,151,-0.0699300699300699
2022-11-01,6650,6650,5670,6640,8,-0.0015037593984962294
2022-11-02,7590,7590,5650,5650,9,-0.14909638554216864
2022-11-03,6400,6400,5400,5500,4,-0.026548672566371723
2022-11-04,6320,6320,5500,5500,14,0.0
2022-11-07,5400,5400,4680,4680,252,-0.14909090909090905
2022-11-08,5000,5000,4885,4890,4,0.044871794871794934
2022-11-09,4890,4890,4800,4890,12,0.0
2022-11-10,4890,4890,4160,4160,302,-0.1492842535787321
2022-11-11,4750,4750,3540,4200,1977,0.009615384615384581
2022-11-14,4735,4735,3570,4195,329,-0.0011904761904761862
2022-11-15,4500,4500,3570,4095,318,-0.023837902264600697
2022-11-16,3485,4180,3485,4040,749,-0.013431013431013383
2022-11-17,3435,4640,3435,3830,820,-0.051980198019802026
2022-11-18,3260,3980,3260,3590,373,-0.06266318537859006
2022-11-21,3300,3300,3300,3300,334,-0.0807799442896936
2022-11-22,3500,3500,3500,3500,5,0.06060606060606055
2022-11-23,3995,3995,2975,3895,1518,0.11285714285714277
2022-11-24,3895,3895,3315,3855,60,-0.010269576379974277
2022-11-25,3285,3920,3280,3745,91,-0.02853437094682232
2022-11-28,3200,4195,3185,3700,588,-0.012016021361815787
2022-11-29,3300,3980,3145,3290,542,-0.11081081081081079
2022-11-30,2850,3285,2800,2950,3527,-0.10334346504559266
2022-12-01,3245,3245,2650,3085,310,0.045762711864406835
2022-12-02,3400,3400,3400,3400,1,0.10210696920583473
2022-12-05,2985,3000,2890,2995,894,-0.11911764705882355
2022-12-06,3400,3400,3200,3290,2007,0.09849749582637735
2022-12-07,3660,3660,2800,3630,447,0.10334346504559266
2022-12-08,3975,3975,3975,3975,1,0.0950413223140496
2022-12-09,3995,3995,3380,3685,1505,-0.07295597484276728
2022-12-12,3680,3680,3135,3135,848,-0.14925373134328357
2022-12-13,3600,3600,2855,3580,210,0.14194577352472093
2022-12-14,3600,3600,3060,3590,97,0.0027932960893854997
2022-12-15,3605,3605,3605,3605,1,0.00417827298050133
2022-12-16,3800,3800,3100,3295,138,-0.0859916782246879
2022-12-19,3750,3750,3750,3750,3,0.13808801213960553
2022-12-20,3190,3985,3190,3780,109,0.008000000000000007
2022-12-21,3790,3795,3215,3795,9,0.003968253968253954
2022-12-22,4285,4285,4285,4285,12,0.12911725955204223
2022-12-23,3645,4925,3645,4925,354,0.14935822637106178
2022-12-26,4925,4925,4925,4925,21,0.0
2022-12-27,4195,4195,4195,4195,7,-0.14822335025380706
2022-12-28,4175,4175,4175,4175,1,-0.004767580452920139
2022-12-29,3995,3995,3995,3995,5,-0.04311377245508985
2023-01-02,3505,3505,3505,3505,4,-0.12265331664580725
2023-01-03,3000,3345,2980,2980,623,-0.14978601997146934
2023-01-04,2980,2980,2535,2750,932,-0.07718120805369133
2023-01-05,2995,2995,2880,2880,5,0.047272727272727355
2023-01-06,3290,3290,2450,3230,1212,0.12152777777777768
2023-01-09,3600,3600,2750,3200,514,-0.009287925696594423
2023-01-10,3670,3670,2720,3520,142,0.10000000000000009
2023-01-11,3985,3985,3985,3985,1,0.1321022727272727
2023-01-12,3900,3900,3390,3400,27,-0.14680050188205773
2023-01-13,3790,3790,2890,3390,106,-0.002941176470588225
2023-01-16,2900,3380,2900,3355,10,-0.010324483775811188
2023-01-17,3355,3355,3355,3355,1,0.0
2023-01-18,3350,3350,2900,2900,3,-0.1356184798807749
2023-01-19,3315,3315,3300,3300,6002,0.13793103448275867
2023-01-20,3740,3740,3740,3740,2,0.1333333333333333
2023-01-25,3695,3695,3695,3695,1,-0.012032085561497374
2023-01-26,3695,3695,3695,3695,2,0.0
2023-01-27,3645,3645,3645,3645,2,-0.013531799729364025
2023-01-30,3600,3600,3600,3600,1,-0.012345679012345734
2023-01-31,3245,3245,3245,3245,1,-0.0986111111111111
2023-02-01,3195,3195,3195,3195,51,-0.015408320493066285
2023-02-02,3340,3340,3340,3340,1,0.04538341158059467
2023-02-03,3700,3700,3700,3700,1,0.10778443113772451
2023-02-06,4090,4090,3495,3500,101,-0.05405405405405406
2023-02-07,3450,3450,2975,3450,180,-0.014285714285714235
2023-02-08,3375,3940,3370,3940,85,0.1420289855072463
2023-02-09,4405,4405,4405,4405,2,0.11802030456852797
2023-02-10,4345,4345,4345,4345,2,-0.01362088535754824
2023-02-13,4650,4650,4650,4650,3,0.07019562715765248
2023-02-14,4650,4650,3955,3955,4,-0.1494623655913978
2023-02-15,4400,4400,4400,4400,2,0.11251580278128959
2023-02-16,4300,4300,3740,4290,263,-0.025000000000000022
2023-02-17,4800,4800,4800,4800,6,0.11888111888111896
2023-02-20,4080,4080,4080,4080,2,-0.15000000000000002
2023-02-21,4045,4045,4045,4045,5,-0.008578431372548989
2023-02-22,3980,3980,3980,3980,2,-0.01606922126081578
2023-02-23,3950,3950,3950,3950,1,-0.007537688442211032
2023-02-24,3990,3990,3970,3980,123,0.0075949367088608
2023-02-27,3995,3995,3995,3995,1,0.0037688442211054607
2023-02-28,3850,3850,3850,3850,1,-0.03629536921151444
2023-03-02,3835,3840,3835,3840,2,-0.0025974025974025983
2023-03-03,3800,3800,3800,3800,1,-0.01041666666666663
2023-03-06,3835,3835,3835,3835,2,0.009210526315789558
2023-03-07,3800,3800,3260,3800,520,-0.009126466753585416
2023-03-08,3700,3700,3700,3700,1,-0.02631578947368418
2023-03-09,3550,3550,3550,3550,291,-0.04054054054054057
2023-03-10,3650,3650,3020,3550,120,0.0
2023-03-13,3845,3845,3500,3500,6,-0.014084507042253502
2023-03-14,3490,3490,3490,3490,1,-0.0028571428571428914
2023-03-15,3780,3780,3780,3780,2,0.08309455587392556
2023-03-16,3645,3645,3645,3645,3,-0.0357142857142857
2023-03-17,3745,3745,3745,3745,2,0.027434842249657088
2023-03-20,3700,3700,3700,3700,1,-0.012016021361815787
2023-03-21,3775,3775,3775,3775,1,0.020270270270270174
2023-03-22,3785,3785,3785,3785,3,0.0026490066225166586
2023-03-23,3780,3780,3780,3780,1,-0.0013210039630119352
2023-03-24,3945,3945,3940,3940,2,0.042328042328042326
2023-03-27,3895,3895,3895,3895,1,-0.011421319796954266
2023-03-28,3850,3850,3850,3850,1,-0.011553273427471145
2023-03-29,3785,3785,3550,3785,191,-0.016883116883116833
2023-03-30,3945,3990,3945,3990,4,0.05416116248348746
2023-03-31,3995,3995,3900,3900,12,-0.022556390977443663
2023-04-03,3600,3600,3600,3600,2,-0.07692307692307687
2023-04-04,3950,3950,3950,3950,2,0.09722222222222232
2023-04-05,3895,3895,3895,3895,1,-0.013924050632911356
2023-04-06,3800,3800,3800,3800,131,-0.024390243902439046
2023-04-07,3700,3700,3700,3700,1,-0.02631578947368418
2023-04-10,4255,4255,4255,4255,52,0.1499999999999999
2023-04-11,3980,3980,3980,3980,1,-0.06462984723854293
2023-04-12,3940,3940,3940,3940,1,-0.01005025125628145
2023-04-13,3995,4530,3995,4530,51,0.14974619289340096
2023-04-14,4525,4525,4525,4525,21,-0.001103752759381904
2023-04-17,3850,4200,3850,4200,173,-0.07182320441988954
2023-04-18,4180,4180,4180,4180,1,-0.004761904761904745
2023-04-19,4145,4145,4145,4145,1,-0.00837320574162681
2023-04-20,3730,3750,3700,3750,544,-0.09529553679131486
2023-04-21,4000,4000,4000,4000,1,0.06666666666666665
2023-04-24,3995,3995,3995,3995,1,-0.0012499999999999734
2023-04-25,3950,3950,3950,3950,1,-0.01126408010012514
2023-04-26,3950,3950,3740,3900,253,-0.012658227848101222
2023-04-27,4000,4000,4000,4000,1,0.02564102564102555
2023-04-28,3980,3980,3980,3980,1,-0.0050000000000000044
2023-05-02,3945,3945,3945,3945,1,-0.008793969849246186
2023-05-03,4000,4000,4000,4000,1,0.013941698352344822
2023-05-04,4000,4000,3900,3900,21,-0.025000000000000022
2023-05-08,4000,4000,4000,4000,1,0.02564102564102555
2023-05-09,3995,4000,3400,4000,23,0.0
2023-05-10,3400,3995,3400,3995,21,-0.0012499999999999734
2023-05-11,3945,3945,3945,3945,1,-0.01251564455569465
2023-05-12,3940,3940,3355,3940,32,-0.0012674271229404788
2023-05-15,3990,3990,3990,3990,1,0.012690355329949332
2023-05-16,3990,3990,3990,3990,1,0.0
2023-05-17,3970,3970,3970,3970,1,-0.005012531328320802
2023-05-18,3985,3985,3985,3985,1,0.0037783375314861534
2023-05-19,3970,3970,3970,3970,1,-0.0037641154328732496
2023-05-22,3965,3965,3965,3965,1,-0.0012594458438287548
2023-05-23,3990,3990,3990,3990,2,0.006305170239596425
2023-05-24,3980,3980,3980,3980,1,-0.0025062656641604564
2023-05-25,3970,3970,3970,3970,1,-0.002512562814070307
2023-05-26,3960,3960,3960,3960,1,-0.0025188916876573986
2023-05-30,3930,3930,3930,3930,1,-0.007575757575757569
2023-05-31,3905,3905,3905,3905,6,-0.006361323155216314
2023-06-01,3900,3900,3900,3900,1,-0.001280409731113985
2023-06-02,3445,3485,3315,3485,359,-0.10641025641025637
2023-06-05,3995,3995,3995,3995,1,0.14634146341463405
2023-06-07,3975,3975,3975,3975,0,-0.005006257822277815
2023-06-08,3955,3975,3380,3975,97,0.0
2023-06-09,3965,3965,3965,3965,1,-0.002515723270440251
2023-06-12,3375,3850,3375,3850,22,-0.0290037831021438
2023-06-13,3840,3840,3275,3825,52,-0.00649350649350644
2023-06-14,3885,3885,3885,3885,2,0.015686274509803866
2023-06-15,3870,3870,3870,3870,1,-0.0038610038610038533
2023-06-16,3860,3860,3860,3860,1,-0.0025839793281653423
2023-06-19,3850,3850,3850,3850,1,-0.002590673575129543
2023-06-20,3825,3825,3825,3825,1,-0.00649350649350644
2023-06-21,3815,3815,3255,3810,12,-0.0039215686274509665
2023-06-22,4340,4340,4340,4340,2,0.13910761154855633
2023-06-23,3860,3860,3690,3860,101,-0.11059907834101379
2023-06-26,3285,3850,3285,3850,11,-0.002590673575129543
2023-06-27,3830,3830,3830,3830,1,-0.0051948051948051965
2023-06-28,3825,3825,3825,3825,1,-0.0013054830287205776
2023-06-29,3745,3745,3745,3745,1,-0.0209150326797386
2023-06-30,3860,3860,3835,3835,2,0.024032042723631575
2023-07-03,3810,3810,3810,3810,1,-0.006518904823989535
2023-07-04,3880,3880,3880,3880,1,0.018372703412073532
2023-07-05,3860,3860,3860,3860,1,-0.005154639175257714
2023-07-06,3870,3870,3870,3870,1,0.002590673575129543
2023-07-07,4420,4420,4420,4420,1,0.1421188630490957
2023-07-10,3760,3760,3760,3760,2,-0.14932126696832582
2023-07-11,3645,3645,3645,3645,1,-0.030585106382978733
2023-07-12,4165,4165,3100,4000,12,0.09739368998628262
2023-07-13,3400,3400,3400,3400,106,-0.15000000000000002
2023-07-14,2890,3395,2890,3395,11,-0.0014705882352941124
2023-07-17,2890,3860,2890,3860,6,0.13696612665684826
2023-07-18,3515,3515,3515,3515,290,-0.0893782383419689
2023-07-19,2990,3880,2990,3880,11,0.10384068278805114
2023-07-20,3795,3795,3795,3795,1,-0.021907216494845394
2023-07-21,3865,3865,3865,3865,1,0.01844532279314892
2023-07-24,3865,3865,3865,3865,1,0.0
2023-07-25,3865,3865,3865,3865,1,0.0
2023-07-26,3410,3545,3410,3545,299,-0.08279430789133246
2023-07-27,3850,3850,3015,3800,7,0.07193229901269405
2023-07-28,3850,3850,3750,3785,4,-0.003947368421052588
2023-07-31,3845,3845,3845,3845,1,0.01585204755614278
2023-08-01,3865,3865,3865,3865,1,0.005201560468140354
2023-08-02,3870,3870,3870,3870,1,0.001293661060802087
2023-08-03,3870,3870,3870,3870,1,0.0
2023-08-04,3865,3865,3865,3865,1,-0.0012919896640827266
2023-08-07,3870,3870,3870,3870,1,0.001293661060802087
2023-08-08,3875,3875,3875,3875,1,0.0012919896640826156
2023-08-09,3870,3875,3870,3875,3,0.0
2023-08-10,3875,4440,3875,4440,2,0.14580645161290318
2023-08-11,3775,3880,3775,3880,139,-0.12612612612612617
2023-08-14,3870,3870,3300,3865,102,-0.0038659793814432852
2023-08-16,3870,3870,3870,3870,1,0.001293661060802087
2023-08-17,3875,3875,3875,3875,1,0.0012919896640826156
2023-08-18,3870,3870,3870,3870,1,-0.001290322580645209
2023-08-21,3865,3865,3865,3865,1,-0.0012919896640827266
2023-08-22,3870,3870,3300,3855,8,-0.002587322121604174
2023-08-23,3865,3865,3865,3865,1,0.0025940337224383825
2023-08-24,3870,3870,3870,3870,1,0.001293661060802087
2023-08-25,3845,3845,3845,3845,1,-0.006459948320413411
2023-08-28,4405,4405,4405,4405,2,0.14564369310793235
2023-08-29,4395,4395,4395,4395,7,-0.002270147559591429
2023-08-30,4375,4375,4375,4375,4,-0.004550625711035261
2023-08-31,4285,4380,3760,4380,10,0.0011428571428571122
2023-09-01,4280,4280,4280,4280,4,-0.022831050228310557
2023-09-04,3640,3640,3640,3640,4,-0.14953271028037385
2023-09-05,3750,3750,3750,3750,1,0.030219780219780112
2023-09-06,3750,3750,3190,3750,102,0.0
2023-09-07,3830,3830,3830,3830,8,0.021333333333333426
2023-09-08,3745,3745,3485,3485,21,-0.09007832898172319
2023-09-11,3485,3485,2965,3485,62,0.0
2023-09-12,3480,3480,3480,3480,1,-0.0014347202295552641
2023-09-13,3555,3555,3555,3555,1,0.02155172413793105
2023-09-14,3800,3800,3800,3800,1,0.06891701828410679
2023-09-15,3750,4155,3750,4155,13,0.09342105263157885
2023-09-18,3535,3535,3535,3535,22,-0.14921780986762934
2023-09-19,3750,3750,3005,3285,16,-0.07072135785007072
2023-09-20,3755,3755,2795,3000,158,-0.08675799086757996
2023-09-21,2550,3145,2550,3105,175,0.03499999999999992
2023-09-22,3250,3250,2650,2950,242,-0.0499194847020934
2023-09-25,2950,2950,2550,2790,4,-0.05423728813559325
2023-09-26,3150,3185,2375,2775,2304,-0.005376344086021501
2023-09-27,2360,2980,2360,2900,28,0.04504504504504503
2023-10-04,2895,2895,2470,2700,13,-0.06896551724137934
2023-10-05,2480,2530,2480,2530,411,-0.062962962962963
2023-10-06,2360,2900,2155,2535,720,0.0019762845849802257
2023-10-10,2535,2535,2535,2535,1,0.0
2023-10-11,2905,2905,2155,2530,557,-0.0019723865877712132
2023-10-12,2465,2465,2300,2455,21,-0.029644268774703608
2023-10-13,2795,2795,2100,2510,83,0.022403258655804503
2023-10-16,2870,2870,2870,2870,1,0.14342629482071723
2023-10-17,2440,2560,2440,2560,380,-0.10801393728222997
2023-10-18,2180,2905,2180,2695,204,0.052734375
2023-10-19,3070,3070,2295,2295,6,-0.14842300556586274
2023-10-20,2595,2595,1999,1999,99,-0.12897603485838782
2023-10-23,2285,2285,1700,2230,185,0.11555777888944463
2023-10-24,1900,2555,1900,2395,1403,0.07399103139013463
2023-10-25,2040,2730,2040,2435,805,0.016701461377870652
2023-10-26,2775,2775,2070,2750,647,0.12936344969199176
2023-10-27,2340,2440,2340,2440,431,-0.11272727272727268
2023-10-30,2780,2780,2075,2770,739,0.13524590163934436
2023-10-31,2355,2990,2355,2745,14,-0.009025270758122761
2023-11-01,3130,3130,2335,2980,135,0.08561020036429867
2023-11-02,3385,3385,2535,2870,94,-0.03691275167785235
2023-11-03,2440,3245,2440,2995,13,0.04355400696864109
2023-11-06,3400,3400,3400,3400,1,0.1352253756260433
2023-11-07,3795,3795,3590,3590,3,0.055882352941176494
2023-11-08,4095,4095,3055,3900,388,0.08635097493036215
2023-11-09,4455,4455,3315,3995,167,0.024358974358974272
2023-11-10,4580,4580,3400,4000,68,0.0012515644555695093
2023-11-13,3400,4540,3400,4130,4,0.03249999999999997
2023-11-14,4690,4690,3515,3745,85,-0.09322033898305082
2023-11-15,4245,4245,3185,3895,3,0.040053404539385884
2023-11-16,3370,3475,3370,3475,301,-0.10783055198973046
2023-11-17,3800,3800,3300,3300,2,-0.05035971223021585
2023-11-20,3770,3770,3770,3770,1,0.14242424242424234
2023-11-21,4295,4295,3205,3205,9,-0.14986737400530503
2023-11-22,3685,3685,2725,3490,24,0.08892355694227772
2023-11-23,3980,3980,2970,3965,5,0.13610315186246424
2023-11-24,4490,4490,4490,4490,1,0.1324085750315258
2023-11-27,3820,3820,3820,3820,266,-0.1492204899777283
2023-11-28,3800,3800,3800,3800,1,-0.005235602094240788
2023-11-29,3230,3980,3230,3980,2,0.047368421052631504
2023-11-30,3500,3500,3500,3500,1,-0.12060301507537685
2023-12-01,3990,3990,2975,2975,53,-0.15000000000000002
2023-12-04,3415,3415,2530,3090,308,0.038655462184874034
2023-12-05,3550,3550,2630,3185,103,0.0307443365695792
2023-12-06,3595,3595,2710,3295,12,0.03453689167974883
2023-12-07,3200,3200,2805,3195,154,-0.030349013657056112
2023-12-08,3600,3600,3600,3600,1,0.12676056338028174
2023-12-11,3685,3685,3685,3685,1,0.023611111111111027
2023-12-12,3135,3200,3135,3200,94,-0.13161465400271366
2023-12-13,3670,3670,2720,3150,155,-0.015625
2023-12-14,2680,3395,2680,3395,51,0.07777777777777772
2023-12-15,3695,3695,3695,3695,1,0.08836524300441817
2023-12-18,4230,4230,4230,4230,2,0.1447902571041948
2023-12-19,3600,3600,3600,3600,1,-0.14893617021276595
2023-12-20,3060,3060,3060,3060,100,-0.15000000000000002
2023-12-21,3470,3470,2605,3125,217,0.0212418300653594
2023-12-22,3570,3570,2660,3190,206,0.02079999999999993
2023-12-26,3480,3480,2715,3145,194,-0.014106583072100332
2023-12-27,3580,3580,2675,3165,116,0.006359300476947549
2023-12-28,3625,3625,2695,3240,154,0.023696682464454888
2024-01-02,2755,3180,2755,3175,256,-0.020061728395061706
2024-01-03,3630,3630,2700,3575,58,0.12598425196850394
2024-01-04,4070,4070,3040,3995,107,0.11748251748251759
2024-01-05,4495,4495,4495,4495,6,0.12515644555694627
2024-01-08,3825,3825,3825,3825,1,-0.14905450500556172
2024-01-09,3650,3650,3650,3650,1,-0.04575163398692805
2024-01-10,3675,3675,3675,3675,1,0.006849315068493178
2024-01-11,3680,3680,3125,3500,103,-0.04761904761904767
2024-01-12,3685,3685,2975,2975,20,-0.15000000000000002
2024-01-15,3410,3410,2530,3100,405,0.04201680672268915
2024-01-16,2635,3155,2635,3155,103,0.01774193548387104
2024-01-17,3595,3595,2685,3565,100,0.1299524564183836
2024-01-18,3035,3035,3035,3035,1,-0.1486676016830295
2024-01-19,3480,3480,3480,3480,1,0.1466227347611202
2024-01-22,2960,2960,2960,2960,342,-0.14942528735632188
2024-01-23,3380,3380,2520,3085,319,0.042229729729729826
2024-01-24,3540,3540,3540,3540,1,0.14748784440842777
2024-01-25,3010,3010,3010,3010,335,-0.1497175141242938
2024-01-26,2560,3425,2560,2955,477,-0.01827242524916939
2024-01-29,3380,3380,2515,3345,2032,0.13197969543147203
2024-01-30,2845,3645,2845,3645,341,0.08968609865470856
2024-01-31,3100,3100,3100,3100,100,-0.14951989026063095
2024-02-01,3395,3395,2635,3100,438,0.0
2024-02-02,3545,3545,2635,2785,52,-0.1016129032258064
2024-02-05,3190,3190,2370,2715,157,-0.025134649910233398
2024-02-06,3100,3100,2310,2840,483,0.046040515653775316
2024-02-07,3000,3250,2415,3250,920,0.1443661971830985
2024-02-08,2765,3500,2765,3475,347,0.0692307692307692
2024-02-13,2955,3100,2955,3100,402,-0.1079136690647482
2024-02-14,2655,3540,2635,2640,2628,-0.1483870967741936
2024-02-15,2250,3035,2245,2520,3006,-0.045454545454545414
2024-02-16,2790,2790,2145,2515,1628,-0.001984126984126977
2024-02-19,2650,2865,2170,2850,558,0.13320079522862827
2024-02-20,3175,3175,2425,2795,206,-0.019298245614035037
2024-02-21,3190,3200,2380,2650,209,-0.051878354203935606
2024-02-22,2985,2985,2255,2560,664,-0.03396226415094339
2024-02-23,2600,2690,2180,2690,1003,0.05078125
2024-02-26,2880,2880,2290,2290,307,-0.14869888475836435
2024-02-27,2580,2580,1955,2480,405,0.08296943231441056
2024-02-28,2700,2700,2110,2400,351,-0.032258064516129004
2024-02-29,2685,2685,2055,2640,415,0.10000000000000009
2024-03-04,2870,2870,2245,2245,206,-0.14962121212121215
2024-03-05,2490,2580,1930,1942,215,-0.13496659242761688
2024-03-06,2230,2230,2170,2175,152,0.11997940267765195
2024-03-07,2480,2480,1871,2390,307,0.09885057471264358
2024-03-08,2720,2720,2700,2705,24,0.13179916317991625
2024-03-11,2870,2870,2300,2300,22,-0.14972273567467653
2024-03-12,2495,2495,2330,2330,32,0.01304347826086949
2024-03-13,2665,2665,2300,2565,130,0.10085836909871237
2024-03-14,2680,2685,2200,2585,20,0.007797270955165692
2024-03-15,2755,2755,2330,2615,15,0.011605415860735047
2024-03-18,2690,2690,2225,2440,30,-0.0669216061185468
2024-03-19,2700,2700,2700,2700,2,0.10655737704918034
2024-03-20,3100,3100,2295,2295,450,-0.15000000000000002
2024-03-21,2495,2600,2465,2545,108,0.10893246187363825
2024-03-22,2895,2925,2165,2670,32,0.04911591355599221
2024-03-25,2990,3050,2270,2965,18,0.11048689138576773
2024-03-26,3400,3400,2525,2540,222,-0.14333895446880274
2024-03-27,2640,2640,2485,2485,3,-0.021653543307086576
2024-03-28,2605,2605,2400,2480,203,-0.002012072434607659
2024-03-29,2685,2685,2160,2160,108,-0.12903225806451613
2024-04-01,2395,2395,1911,1936,107,-0.10370370370370374
2024-04-02,2225,2225,1713,1949,214,0.0067148760330577595
2024-04-03,2200,2200,1700,2170,2645,0.1133914828116982
2024-04-04,2480,2480,1845,1951,1276,-0.10092165898617511
2024-04-05,2240,2240,1700,2010,1738,0.030240902101486444
2024-04-08,2295,2295,1750,1750,821,-0.12935323383084574
2024-04-09,1953,1953,1840,1915,1012,0.0942857142857143
2024-04-11,2195,2195,1708,1985,9,0.036553524804177506
2024-04-12,2275,2280,2200,2200,12,0.10831234256926958
2024-04-15,2470,2490,1870,2000,204,-0.09090909090909094
2024-04-16,2280,2280,1950,1950,26,-0.025000000000000022
2024-04-17,2235,2240,2235,2240,12,0.14871794871794863
2024-04-18,2500,2500,2100,2100,3,-0.0625
2024-04-19,2350,2400,1785,1995,191,-0.050000000000000044
2024-04-22,2200,2290,1701,2055,286,0.03007518796992481
2024-04-23,2300,2300,1751,1999,1768,-0.027250608272506027
2024-04-24,2095,2100,2095,2100,2,0.05052526263131574
2024-04-25,2390,2390,1785,2090,515,-0.004761904761904745
2024-04-26,2090,2090,2090,2090,1,0.0
2024-04-29,2070,2070,2070,2070,1,-0.009569377990430672
2024-04-30,2020,2020,2020,2020,1,-0.024154589371980673
2024-05-02,2290,2290,1725,1980,102,-0.01980198019801982
2024-05-03,2265,2265,2265,2265,1,0.14393939393939403
2024-05-07,1979,1979,1979,1979,46,-0.12626931567328914
2024-05-08,1979,2275,1683,2265,1538,0.14451743304699338
2024-05-09,2490,2550,1930,2045,29,-0.09713024282560712
2024-05-10,2330,2330,2035,2035,2,-0.004889975550122272
2024-05-13,2330,2330,2245,2245,4,0.10319410319410327
2024-05-14,2550,2575,2445,2445,14,0.08908685968819596
2024-05-16,2790,2790,2080,2345,363,-0.04089979550102252
2024-05-17,2345,2645,2345,2560,55,0.09168443496801704
2024-05-20,2490,2930,2490,2495,4,-0.025390625
2024-05-21,2590,2590,2585,2585,13,0.03607214428857719
2024-05-22,2200,2970,2200,2915,97,0.12765957446808507
2024-05-23,3320,3320,2480,2925,99,0.0034305317324185847
2024-05-24,3220,3220,2490,2490,262,-0.14871794871794874
2024-05-27,2700,2700,2130,2500,130,0.004016064257028162
2024-05-28,2750,2750,2750,2750,1,0.10000000000000009
2024-05-29,3145,3145,3145,3145,1,0.14363636363636356
2024-05-30,2675,2675,2675,2675,7,-0.14944356120826707
2024-05-31,3060,3060,2275,2425,153,-0.09345794392523366
2024-06-03,2425,2425,2100,2340,380,-0.035051546391752564
2024-06-04,2650,2650,1990,2160,252,-0.07692307692307687
2024-06-05,2480,2480,2000,2415,153,0.11805555555555558
2024-06-07,2350,2410,2150,2410,52,-0.0020703933747412417
2024-06-10,2700,2700,2700,2700,1,0.1203319502074689
2024-06-11,2295,2295,2295,2295,3,-0.15000000000000002
2024-06-12,2500,2500,2150,2490,15,0.08496732026143783
2024-06-13,2650,2850,2135,2415,205,-0.030120481927710885
2024-06-14,2650,2650,2055,2125,45,-0.12008281573498969
2024-06-17,2400,2400,2235,2235,3,0.051764705882352935
2024-06-18,2400,2400,2045,2045,2,-0.08501118568232657
2024-06-19,2045,2045,1740,2045,504,0.0
2024-06-20,2200,2200,2200,2200,1,0.07579462102689494
2024-06-21,2200,2470,1870,2470,519,0.1227272727272728
2024-06-24,2470,2470,2100,2100,27,-0.1497975708502024
2024-06-25,2400,2400,1786,2075,133,-0.011904761904761862
2024-06-26,2350,2350,2025,2350,19,0.1325301204819278
2024-06-27,2600,2600,2000,2570,80,0.09361702127659566
2024-06-28,2185,2185,2185,2185,21,-0.14980544747081714
2024-07-01,2400,2400,2400,2400,1,0.09839816933638446
2024-07-02,2040,2745,2040,2485,262,0.03541666666666665
2024-07-03,2800,2800,2115,2115,2,-0.14889336016096577
2024-07-04,2295,2395,1800,2395,286,0.13238770685579193
2024-07-05,2750,2750,2040,2040,5,-0.1482254697286013
2024-07-08,2340,2340,1735,1999,13,-0.020098039215686314
2024-07-09,2200,2245,1700,2235,106,0.11805902951475744
2024-07-10,2555,2555,1900,2550,3,0.14093959731543615
2024-07-11,2170,2550,2170,2540,251,-0.0039215686274509665
2024-07-12,2540,2540,2540,2540,1,0.0
2024-07-15,2900,2900,2900,2900,1,0.1417322834645669
2024-07-16,2465,2465,2465,2465,0,-0.15000000000000002
2024-07-17,2800,2800,2800,2800,1,0.13590263691683568
2024-07-18,2380,2380,2380,2380,4,-0.15000000000000002
2024-07-19,2720,2720,2720,2720,1,0.1428571428571428
2024-07-22,2315,2315,2315,2315,8,-0.14889705882352944
2024-07-23,2590,2635,1970,2495,12,0.0777537796976242
2024-07-24,2850,2850,2125,2830,4,0.13426853707414832
2024-07-25,2410,2410,2410,2410,1,-0.14840989399293292
2024-07-26,2740,2740,2050,2635,141,0.0933609958506223
2024-07-29,2240,2240,2240,2240,2,-0.14990512333965844
2024-07-30,2570,2570,1905,2540,344,0.1339285714285714
2024-07-31,2160,2900,2160,2160,94,-0.14960629921259838
2024-08-01,2450,2450,1840,2110,306,-0.02314814814814814
2024-08-02,2050,2415,1795,2365,559,0.12085308056872046
2024-08-05,2345,2345,2015,2015,52,-0.14799154334038056
2024-08-06,2300,2300,2295,2295,2,0.1389578163771712
2024-08-07,2605,2605,1955,1955,56,-0.14814814814814814
2024-08-08,2245,2245,2245,2245,1,0.1483375959079285
2024-08-09,2555,2555,1910,1910,11,-0.1492204899777283
2024-08-12,2190,2190,1624,2015,1977,0.054973821989528826
2024-08-13,1999,1999,1999,1999,1,-0.007940446650124056
2024-08-14,2200,2200,1700,1700,19,-0.1495747873936969
2024-08-16,1850,1850,1445,1500,623,-0.11764705882352944
2024-08-19,1700,1700,1305,1699,140,0.1326666666666667
2024-08-20,1900,1900,1647,1750,3,0.03001765744555618
2024-08-21,2000,2000,2000,2000,1,0.1428571428571428
2024-08-22,1700,2200,1700,2200,372,0.10000000000000009
2024-08-23,1870,1870,1870,1870,3,-0.15000000000000002
2024-08-26,1590,1900,1590,1590,137,-0.14973262032085566
2024-08-27,1700,1700,1352,1680,210,0.05660377358490565
2024-08-28,1490,1490,1490,1490,2,-0.11309523809523814
2024-08-29,1650,1713,1650,1713,3,0.14966442953020143
2024-08-30,1900,1900,1457,1499,342,-0.12492702860478688
2024-09-02,1719,1719,1719,1719,1,0.14676450967311538
2024-09-03,1975,1975,1462,1498,7,-0.1285631180919139
2024-09-04,1700,1720,1274,1705,224,0.13818424566088128
2024-09-05,1900,1959,1450,1500,136,-0.12023460410557185
2024-09-06,1700,1720,1275,1718,20,0.14533333333333331
2024-09-09,1717,1717,1461,1500,136,-0.1268917345750873
2024-09-10,1700,1719,1275,1719,3,0.1459999999999999
2024-09-11,1719,1958,1462,1669,1128,-0.029086678301338043
2024-09-12,1909,1909,1909,1909,1,0.14379868184541644
2024-09-13,2185,2185,1623,1623,7,-0.14981665793609222
2024-09-19,1860,1860,1380,1860,7,0.14602587800369693
2024-09-20,2125,2125,1581,1899,206,0.020967741935483897
2024-09-23,1615,2000,1615,2000,252,0.05318588730911
2024-09-24,2285,2285,2285,2285,1,0.14250000000000007
2024-09-25,1945,1945,1945,1945,1,-0.14879649890590807
2024-09-26,2215,2215,1654,1654,4,-0.1496143958868894
2024-09-27,1890,1890,1406,1878,657,0.13542926239419595
2024-09-30,1597,2155,1597,1600,350,-0.1480298189563365
2024-10-02,1790,1836,1500,1500,6,-0.0625
2024-10-04,1725,1725,1283,1724,821,0.14933333333333332
2024-10-07,1978,1978,1500,1500,6,-0.12993039443155452
2024-10-08,1720,1724,1281,1599,1071,0.06600000000000006
2024-10-10,1830,1830,1363,1744,463,0.09068167604752975
2024-10-11,1995,1995,1483,1500,20579,-0.13990825688073394
2024-10-14,1700,1700,1280,1320,411,-0.12
2024-10-15,1517,1517,1125,1249,1460,-0.05378787878787883
2024-10-16,1436,1436,1436,1436,1,0.14971977582065654
2024-10-17,1650,1650,1640,1649,15,0.14832869080779942
2024-10-18,1402,1402,1402,1402,360,-0.14978775015160706
2024-10-21,1610,1610,1192,1479,1617,0.05492154065620536
2024-10-22,1700,1700,1258,1290,869,-0.12778904665314406
2024-10-23,1482,1482,1097,1140,748,-0.11627906976744184
2024-10-24,1311,1311,1110,1250,134,0.09649122807017552
2024-10-25,1435,1435,1063,1063,142,-0.14959999999999996
2024-10-28,1222,1222,904,904,3633,-0.14957666980244588
2024-10-29,1030,1030,771,910,1012,0.006637168141592875
2024-10-30,1040,1046,774,830,4509,-0.08791208791208793
2024-10-31,954,954,802,850,493,0.024096385542168752
2024-11-01,977,977,723,779,2267,-0.08352941176470585
2024-11-04,895,895,850,850,2,0.09114249037227218
2024-11-05,970,970,723,750,162,-0.11764705882352944
2024-11-06,862,862,850,850,4,0.1333333333333333
2024-11-07,977,977,971,972,6,0.1435294117647059
2024-11-08,1117,1117,827,880,504,-0.09465020576131689
2024-11-11,1012,1012,1012,1012,1,0.1499999999999999
2024-11-12,1160,1160,861,861,29,-0.14920948616600793
2024-11-13,980,980,732,735,1395,-0.14634146341463417
2024-11-14,840,840,625,660,203,-0.10204081632653061
2024-11-15,759,759,561,600,7290,-0.09090909090909094
2024-11-18,690,690,510,689,2233,0.14833333333333343
2024-11-19,789,789,650,650,198,-0.05660377358490565
2024-11-20,746,746,553,600,1040,-0.07692307692307687
2024-11-21,689,689,510,629,1432,0.04833333333333334
2024-11-22,723,723,535,589,4005,-0.06359300476947538
2024-11-25,677,677,502,590,3308,0.001697792869269854
2024-11-26,678,678,504,580,5,-0.016949152542372836
2024-11-27,667,667,560,560,320,-0.03448275862068961
2024-11-28,599,599,494,560,3,0.0
2024-11-29,550,550,500,539,461,-0.03749999999999998
2024-12-02,550,550,550,550,1,0.020408163265306145
2024-12-03,632,632,540,550,3,0.0
2024-12-04,632,632,468,540,3,-0.018181818181818188
2024-12-05,621,621,459,535,3,-0.0092592592592593
2024-12-06,540,540,540,540,1,0.009345794392523255
2024-12-09,540,600,460,540,2131,0.0
2024-12-10,540,550,540,550,2,0.0185185185185186
2024-12-11,549,550,549,550,2,0.0
2024-12-12,550,600,550,600,552,0.09090909090909083
2024-12-13,589,590,550,550,3,-0.08333333333333337
2024-12-16,560,560,550,550,23,0.0
2024-12-17,550,580,550,550,3,0.0
2024-12-18,549,549,501,530,3,-0.036363636363636376
2024-12-19,452,609,451,520,41,-0.018867924528301883
2024-12-20,525,525,450,525,33,0.009615384615384581
2024-12-23,525,603,520,520,37,-0.00952380952380949
2024-12-24,597,598,450,520,159,0.0
2024-12-26,598,598,450,580,1949,0.11538461538461542
2024-12-27,666,666,580,650,733,0.1206896551724137
2024-12-30,747,747,553,720,965,0.10769230769230775
2025-01-02,799,800,648,730,168,0.01388888888888884
2025-01-03,836,837,730,730,4,0.0
2025-01-06,838,839,740,750,87,0.027397260273972712
2025-01-07,861,861,861,861,11,0.1479999999999999
2025-01-08,989,989,732,850,43,-0.012775842044134733
2025-01-09,976,976,723,929,332,0.0929411764705883
2025-01-10,1067,1067,790,900,107,-0.031216361679224924
2025-01-13,1034,1034,765,899,26,-0.0011111111111110628
2025-01-14,1031,1031,765,840,107,-0.06562847608453837
2025-01-15,965,965,965,965,1,0.14880952380952372
2025-01-16,1108,1108,880,880,71,-0.08808290155440412
2025-01-17,899,900,748,900,126,0.022727272727272707
2025-01-20,1035,1035,850,850,24,-0.05555555555555558
2025-01-21,977,977,724,800,121,-0.05882352941176472
2025-01-22,920,920,800,800,3,0.0
2025-01-23,680,900,680,850,1011,0.0625
2025-01-24,850,976,850,976,201,0.14823529411764702
2025-01-31,1121,1121,830,967,391,-0.009221311475409832
2025-02-03,1099,1099,940,940,2,-0.02792140641158225
2025-02-04,1035,1081,799,940,29,0.0
2025-02-05,1079,1079,900,950,62,0.010638297872340496
2025-02-06,1078,1078,808,900,4,-0.052631578947368474
2025-02-07,1014,1014,880,999,615,0.1100000000000001
2025-02-10,1009,1009,950,950,2,-0.049049049049049054
2025-02-11,1091,1091,1091,1091,1,0.148421052631579
2025-02-12,1254,1254,1000,1000,22,-0.08340971585701196
2025-02-13,1149,1149,999,999,2,-0.0010000000000000009
2025-02-14,1100,1148,969,969,269,-0.03003003003003002
2025-02-17,1069,1114,824,994,1139,0.02579979360165119
2025-02-18,1061,1061,845,997,694,0.003018108651911433
2025-02-19,1079,1145,848,848,683,-0.1494483450351053
2025-02-20,945,975,945,973,4,0.14740566037735858
2025-02-21,1074,1117,950,980,94,0.007194244604316502
2025-02-24,1079,1100,833,990,933,0.010204081632652962
2025-02-25,1137,1137,842,960,1939,-0.030303030303030276
2025-02-26,1080,1104,959,959,4,-0.0010416666666667185
2025-02-27,999,999,999,999,1,0.04171011470281538
2025-02-28,1147,1147,990,1000,52,0.0010010010010010895
2025-03-04,1115,1149,850,1000,173,0.0
2025-03-05,1139,1139,950,969,41,-0.031000000000000028
2025-03-06,1079,1112,824,970,300,0.0010319917440659854
2025-03-07,999,1099,825,1000,16,0.030927835051546282
2025-03-10,1000,1000,850,948,39,-0.052000000000000046
2025-03-11,999,999,806,900,48,-0.05063291139240511
2025-03-12,1000,1035,781,970,259,0.07777777777777772
2025-03-13,1000,1000,831,980,279,0.010309278350515427
2025-03-14,1127,1127,833,999,1627,0.019387755102040716
2025-03-17,1000,1000,850,997,103,-0.002002002002001957
2025-03-18,1143,1143,848,949,272,-0.0481444332998997
2025-03-19,998,999,930,950,67,0.0010537407797681642
2025-03-20,1091,1091,1091,1091,1,0.148421052631579
2025-03-21,1118,1118,928,1009,175,-0.07516040329972506
2025-03-24,1120,1160,858,980,72,-0.0287413280475719
2025-03-25,999,1000,999,1000,4,0.020408163265306145
