Date,Open,High,Low,Close,Volume,Change
2022-01-03,11150,11300,10900,11050,365187,-0.0045045045045044585
2022-01-04,11100,11200,10800,11150,520963,0.009049773755656076
2022-01-05,11150,11150,10800,10950,443120,-0.017937219730941756
2022-01-06,10700,10850,10550,10650,372021,-0.0273972602739726
2022-01-07,10600,11550,10600,11300,1082360,0.06103286384976525
2022-01-10,11200,11650,11150,11450,978063,0.01327433628318575
2022-01-11,11500,11650,11000,11150,720332,-0.026200873362445365
2022-01-12,11350,11500,11100,11450,581601,0.026905829596412634
2022-01-13,11800,12000,11200,11650,1390938,0.017467248908296984
2022-01-14,11450,11600,10750,11000,1052295,-0.05579399141630903
2022-01-17,11050,11050,10100,10400,757011,-0.054545454545454564
2022-01-18,10400,10750,10200,10400,390821,0.0
2022-01-19,10300,10700,10250,10550,296017,0.014423076923076872
2022-01-20,10700,10900,10550,10750,301464,0.018957345971563955
2022-01-21,10600,10650,10300,10400,250250,-0.032558139534883734
2022-01-24,10350,10450,9890,9950,566003,-0.043269230769230727
2022-01-25,9960,10050,9000,9210,798224,-0.07437185929648238
2022-01-26,9190,9530,9100,9160,229026,-0.005428881650380024
2022-01-27,9250,9260,8110,8220,803974,-0.1026200873362445
2022-01-28,8310,8550,8150,8440,351909,0.02676399026763998
2022-02-03,8600,9090,8500,8750,450598,0.03672985781990512
2022-02-04,8620,8730,8560,8650,239645,-0.011428571428571455
2022-02-07,8740,8790,8440,8470,208541,-0.020809248554913284
2022-02-08,8500,8940,8390,8440,456577,-0.0035419126328217754
2022-02-09,8590,8860,8520,8720,266372,0.033175355450236976
2022-02-10,8770,8790,8500,8500,147411,-0.025229357798165153
2022-02-11,8450,8950,8160,8810,562755,0.03647058823529403
2022-02-14,8480,8610,8300,8470,269945,-0.0385925085130534
2022-02-15,8470,8540,8070,8150,223894,-0.037780401416765086
2022-02-16,8340,8470,8270,8360,167374,0.025766871165644245
2022-02-17,8330,8420,8100,8150,268389,-0.02511961722488043
2022-02-18,8010,8220,7980,8140,138649,-0.0012269938650306678
2022-02-21,8040,8120,7960,8070,117278,-0.008599508599508643
2022-02-22,7930,8010,7600,7660,299073,-0.050805452292441156
2022-02-23,7680,7860,7610,7650,205870,-0.0013054830287205776
2022-02-24,7560,7630,7080,7100,386912,-0.07189542483660127
2022-02-25,7290,7730,7240,7630,268162,0.07464788732394356
2022-02-28,7550,7600,7420,7540,82196,-0.011795543905635641
2022-03-02,7500,7740,7500,7640,77495,0.013262599469495928
2022-03-03,7750,7870,7630,7840,146255,0.02617801047120416
2022-03-04,7800,7850,7670,7800,89686,-0.005102040816326481
2022-03-07,7610,7660,7210,7410,94497,-0.050000000000000044
2022-03-08,7360,7670,7180,7520,97975,0.014844804318488558
2022-03-10,7750,7790,7630,7710,56268,0.025265957446808596
2022-03-11,7640,8170,7640,8000,165277,0.03761348897535677
2022-03-14,7900,8160,7870,8000,137343,0.0
2022-03-15,7940,8310,7940,8200,135211,0.02499999999999991
2022-03-16,8190,8380,8190,8360,115434,0.019512195121951237
2022-03-17,8400,8460,8270,8410,113207,0.005980861244019087
2022-03-18,8420,8420,8240,8340,92756,-0.008323424494649179
2022-03-21,8310,8550,8270,8330,179902,-0.0011990407673860837
2022-03-22,8200,8390,8160,8180,134748,-0.01800720288115243
2022-03-23,8250,8450,8200,8400,145284,0.02689486552567244
2022-03-24,8400,8400,8280,8340,43766,-0.0071428571428571175
2022-03-25,8350,8610,8250,8340,180158,0.0
2022-03-28,8290,8390,8130,8320,157272,-0.0023980815347721673
2022-03-29,8270,8330,8210,8270,44136,-0.006009615384615419
2022-03-30,8290,8440,8240,8400,93712,0.01571946795646917
2022-03-31,8390,8480,8380,8400,67468,0.0
2022-04-01,8320,8480,8270,8440,96246,0.004761904761904745
2022-04-04,8440,8730,8370,8600,173646,0.018957345971563955
2022-04-05,8560,8640,8480,8600,78535,0.0
2022-04-06,8520,8560,8400,8460,67797,-0.016279069767441867
2022-04-07,8360,8420,8100,8180,140068,-0.03309692671394804
2022-04-08,8260,8260,7700,8070,69449,-0.01344743276283622
2022-04-11,8070,8070,7790,7800,75418,-0.03345724907063197
2022-04-12,7610,7780,7420,7600,194437,-0.02564102564102566
2022-04-13,7710,8200,7690,7740,374773,0.018421052631578894
2022-04-14,7800,7800,7660,7750,62117,0.0012919896640826156
2022-04-15,7650,7700,7550,7580,84290,-0.021935483870967776
2022-04-18,7570,7630,7400,7550,119323,-0.00395778364116095
2022-04-19,7550,7620,7510,7580,52589,0.003973509933774766
2022-04-20,7600,7640,7500,7600,44755,0.0026385224274405594
2022-04-21,7630,7670,7510,7530,60184,-0.009210526315789447
2022-04-22,7510,7510,7360,7430,70493,-0.013280212483399723
2022-04-25,7300,7420,7200,7230,86655,-0.026917900403768513
2022-04-26,7230,7400,7230,7350,41568,0.016597510373443924
2022-04-27,7290,7290,7100,7270,42850,-0.010884353741496544
2022-04-28,7270,7410,7260,7290,43827,0.0027510316368637433
2022-04-29,7390,7450,7300,7320,59124,0.004115226337448652
2022-05-02,7230,7390,7150,7300,57028,-0.002732240437158473
2022-05-03,7280,7400,7260,7330,30749,0.004109589041095818
2022-05-04,7280,7380,7250,7360,57664,0.004092769440654953
2022-05-06,7250,7340,7180,7300,64338,-0.008152173913043459
2022-05-09,7290,7310,7170,7200,73168,-0.013698630136986356
2022-05-10,7140,7210,7060,7130,62825,-0.009722222222222188
2022-05-11,7130,7200,7100,7100,42785,-0.0042075736325385416
2022-05-12,7080,7080,6580,6700,180172,-0.05633802816901412
2022-05-13,6700,6910,6670,6870,83763,0.025373134328358304
2022-05-16,6990,7130,6840,6920,64263,0.00727802037845704
2022-05-17,6930,7070,6900,7060,35616,0.020231213872832443
2022-05-18,7070,7090,6960,6980,42191,-0.011331444759206777
2022-05-19,6840,6860,6640,6790,106628,-0.027220630372492782
2022-05-20,6950,7150,6830,7080,92936,0.042709867452135564
2022-05-23,7100,8200,6980,7230,2032110,0.021186440677966045
2022-05-24,7240,7250,6990,7000,135614,-0.0318118948824343
2022-05-25,7150,7150,6860,6880,122770,-0.017142857142857126
2022-05-26,6960,7060,6860,6960,56594,0.011627906976744207
2022-05-27,6960,7030,6920,6930,48367,-0.004310344827586188
2022-05-30,7040,9000,6970,8640,14229304,0.24675324675324672
2022-05-31,8540,10100,8310,9200,27952775,0.06481481481481488
2022-06-02,10350,10650,9360,9600,11547763,0.04347826086956519
2022-06-03,9500,9960,9440,9610,4860051,0.0010416666666666075
2022-06-07,9450,9480,8760,8830,2562123,-0.08116545265348596
2022-06-08,8770,9940,8650,9400,19417871,0.06455266138165339
2022-06-09,9140,10050,9030,9290,7452958,-0.011702127659574457
2022-06-10,9200,9760,9030,9490,4195035,0.02152852529601712
2022-06-13,9120,9190,8240,8290,2250853,-0.12644889357218125
2022-06-14,8060,9720,7920,8900,13771599,0.07358262967430629
2022-06-15,9120,10100,9100,9250,15125945,0.0393258426966292
2022-06-16,9140,9400,8800,8830,2819661,-0.045405405405405386
2022-06-17,8610,9360,8510,9150,5760444,0.03624009060022648
2022-06-20,9100,9360,8620,8720,2917594,-0.04699453551912569
2022-06-21,9000,9450,8710,9370,7018247,0.0745412844036697
2022-06-22,10450,10950,9650,10450,22641622,0.11526147278548549
2022-06-23,9600,9680,7350,7530,8017229,-0.27942583732057413
2022-06-24,7350,7930,6850,7320,5872015,-0.027888446215139417
2022-06-27,7140,7520,7120,7290,2537438,-0.004098360655737654
2022-06-28,7310,7350,6920,6950,1625988,-0.04663923182441698
2022-06-29,6970,7050,6820,6820,1002734,-0.018705035971222972
2022-06-30,6850,7130,6620,6620,1633835,-0.029325513196480912
2022-07-01,6600,6690,6010,6150,1696743,-0.07099697885196377
2022-07-04,6210,6300,5830,5950,994246,-0.03252032520325199
2022-07-05,5980,6150,5930,6080,710615,0.02184873949579824
2022-07-06,6060,6560,5930,6250,4133295,0.02796052631578938
2022-07-07,6260,6460,6170,6310,1070407,0.009600000000000053
2022-07-08,6390,6600,6330,6390,1086888,0.01267828843106189
2022-07-11,6400,8300,6350,7990,17895398,0.2503912363067293
2022-07-12,7750,8380,7430,7430,6696415,-0.07008760951188986
2022-07-13,7500,8050,7400,7450,4835882,0.0026917900403768957
2022-07-14,7680,8500,7560,7900,15203490,0.06040268456375841
2022-07-15,8120,8360,7820,8360,5730539,0.05822784810126591
2022-07-18,8220,8890,8100,8450,8480408,0.010765550239234534
2022-07-19,8410,8430,8100,8180,1593596,-0.031952662721893454
2022-07-20,8220,8280,8080,8140,1240453,-0.004889975550122272
2022-07-21,8310,8460,8000,8040,2266522,-0.012285012285012331
2022-07-22,8180,8240,8000,8010,1637206,-0.003731343283582045
2022-07-25,8260,8400,8020,8060,2240823,0.006242197253433224
2022-07-26,8000,8050,7610,7610,1024958,-0.05583126550868489
2022-07-27,7560,7800,7490,7670,480775,0.007884362680683266
2022-07-28,7690,7740,7510,7510,439108,-0.020860495436766602
2022-07-29,7510,7560,7400,7540,318112,0.003994673768308976
2022-08-01,7650,7770,7600,7620,575645,0.010610079575596787
2022-08-02,7660,7660,7310,7470,443815,-0.019685039370078705
2022-08-03,7580,7620,7440,7460,286945,-0.0013386880856760541
2022-08-04,7460,7580,7460,7480,300326,0.002680965147453085
2022-08-05,7590,7900,7570,7690,1256807,0.02807486631016043
2022-08-08,7760,7890,7670,7800,794299,0.014304291287386306
2022-08-09,7820,7830,7620,7730,436215,-0.008974358974358942
2022-08-10,7710,7730,7150,7390,432032,-0.043984476067270406
2022-08-11,7410,7590,7410,7470,239863,0.010825439783491264
2022-08-12,7450,7550,7400,7400,237117,-0.009370816599732268
2022-08-16,7400,7430,7210,7230,272913,-0.02297297297297296
2022-08-17,7220,7300,7100,7100,196377,-0.017980636237897696
2022-08-18,7050,7300,7050,7130,210542,0.004225352112676051
2022-08-19,7070,7150,7000,7000,166233,-0.018232819074333828
2022-08-22,6850,6950,6740,6760,218593,-0.03428571428571425
2022-08-23,6610,7730,6540,6750,2301838,-0.0014792899408283544
2022-08-24,6740,6940,6670,6760,248135,0.001481481481481417
2022-08-25,6730,6900,6730,6900,131481,0.020710059171597628
2022-08-26,6900,7030,6860,6870,148847,-0.004347826086956497
2022-08-29,6550,6800,6550,6620,157694,-0.03639010189228531
2022-08-30,6580,7030,6580,6820,265845,0.030211480362537735
2022-08-31,6720,6930,6710,6890,122661,0.01026392961876832
2022-09-01,6810,6860,6570,6600,149840,-0.0420899854862119
2022-09-02,6620,6740,6500,6500,113727,-0.015151515151515138
2022-09-05,6520,6850,6330,6390,234775,-0.01692307692307693
2022-09-06,6390,6470,6270,6330,138253,-0.009389671361502372
2022-09-07,6280,6380,6070,6080,187519,-0.03949447077409163
2022-09-08,6130,6230,6060,6090,121677,0.00164473684210531
2022-09-13,6180,6370,6170,6310,153541,0.03612479474548436
2022-09-14,6030,6280,6030,6230,124259,-0.01267828843106178
2022-09-15,6240,6250,6050,6060,142504,-0.027287319422150902
2022-09-16,6020,6070,5960,5990,150316,-0.011551155115511524
2022-09-19,5980,6010,5730,5730,195024,-0.04340567612687818
2022-09-20,5690,5840,5690,5780,126268,0.008726003490401313
2022-09-21,5720,5980,5720,5760,141556,-0.0034602076124568004
2022-09-22,5640,5680,5400,5510,227607,-0.04340277777777779
2022-09-23,5440,5500,5190,5210,193026,-0.05444646098003625
2022-09-26,5030,5130,4845,4855,330010,-0.06813819577735125
2022-09-27,4780,5000,4780,4945,189920,0.018537590113285374
2022-09-28,4890,5130,4760,4835,180156,-0.022244691607684497
2022-09-29,4885,5100,4850,4850,123085,0.0031023784901758056
2022-09-30,4725,4885,4725,4855,112505,0.0010309278350515427
2022-10-04,4975,5470,4855,5110,497148,0.05252317198764156
2022-10-05,5170,5380,4950,5010,334018,-0.019569471624266144
2022-10-06,5000,5140,4985,5120,120424,0.02195608782435121
2022-10-07,5070,5130,5000,5000,69232,-0.0234375
2022-10-11,5000,5020,4700,4720,177002,-0.05600000000000005
2022-10-12,4650,5030,4630,4775,176129,0.01165254237288127
2022-10-13,4735,4775,4550,4550,143582,-0.04712041884816753
2022-10-14,4595,4960,4575,4910,222741,0.07912087912087906
2022-10-17,4775,4980,4775,4880,76674,-0.006109979633401208
2022-10-18,4920,5100,4920,5070,136960,0.03893442622950816
2022-10-19,5180,5220,5020,5020,127704,-0.009861932938856066
2022-10-20,5030,5070,4875,4950,98897,-0.013944223107569709
2022-10-21,4895,4960,4805,4815,90450,-0.027272727272727226
2022-10-24,4900,4980,4865,4915,87885,0.020768431983385183
2022-10-25,4905,5140,4900,5070,142025,0.03153611393692768
2022-10-26,5110,5110,4895,4960,89098,-0.021696252465483234
2022-10-27,4960,5100,4940,5000,79947,0.008064516129032251
2022-10-28,5010,5060,4930,4935,81292,-0.013000000000000012
2022-10-31,4980,5060,4910,4940,40996,0.0010131712259371373
2022-11-01,4905,4960,4865,4925,77603,-0.0030364372469635637
2022-11-02,5000,5080,4925,5000,124099,0.015228426395939021
2022-11-03,5000,5130,4915,5000,153736,0.0
2022-11-04,5010,5010,4885,4955,87844,-0.009000000000000008
2022-11-07,5000,5100,4880,4935,130129,-0.004036326942482349
2022-11-08,4950,5080,4950,5050,101934,0.023302938196555267
2022-11-09,5140,5300,5070,5080,121971,0.005940594059405946
2022-11-10,5060,5160,5030,5070,76528,-0.0019685039370078705
2022-11-11,5200,5220,5100,5150,161637,0.015779092702169706
2022-11-14,5200,5380,5150,5230,150134,0.01553398058252431
2022-11-15,5250,5380,5200,5380,167518,0.028680688336520044
2022-11-16,5560,5570,5320,5320,323065,-0.01115241635687736
2022-11-17,5420,5430,5190,5290,154997,-0.005639097744360888
2022-11-18,5280,5350,5100,5140,138125,-0.02835538752362954
2022-11-21,5140,5180,4970,4995,130680,-0.02821011673151752
2022-11-22,4995,5020,4900,4905,138970,-0.018018018018018056
2022-11-23,4945,5030,4930,4940,87960,0.007135575942915473
2022-11-24,4970,5100,4965,5040,115153,0.020242914979757165
2022-11-25,5040,5140,4980,4980,98153,-0.011904761904761862
2022-11-28,4990,5420,4830,4870,867420,-0.02208835341365467
2022-11-29,4870,4965,4870,4920,68112,0.010266940451745477
2022-11-30,4920,5020,4905,4965,91738,0.009146341463414531
2022-12-01,5030,5100,5000,5060,155739,0.019133937562940684
2022-12-02,5100,6050,5030,5290,5920131,0.045454545454545414
2022-12-05,5260,5630,5210,5340,1012120,0.00945179584120992
2022-12-06,5550,5560,5130,5150,596902,-0.035580524344569264
2022-12-07,5060,5300,5050,5160,166564,0.001941747572815622
2022-12-08,5150,5240,5100,5100,154310,-0.011627906976744207
2022-12-09,5160,5320,5110,5260,281298,0.031372549019607954
2022-12-12,5210,5370,5200,5220,220570,-0.0076045627376425395
2022-12-13,5250,5570,5240,5360,655253,0.026819923371647514
2022-12-14,5370,5620,5300,5400,877230,0.00746268656716409
2022-12-15,5420,5580,5360,5490,480106,0.016666666666666607
2022-12-16,5350,5400,5280,5320,316954,-0.030965391621129323
2022-12-19,5390,5400,5180,5180,193646,-0.02631578947368418
2022-12-20,5210,5250,5010,5060,208904,-0.02316602316602312
2022-12-21,5090,5140,5010,5020,119061,-0.007905138339920903
2022-12-22,5130,5600,5060,5250,1503823,0.04581673306772904
2022-12-23,5220,5460,5000,5000,763554,-0.04761904761904767
2022-12-26,5010,5290,4990,5020,366824,0.0040000000000000036
2022-12-27,5050,5180,5050,5110,151472,0.017928286852589626
2022-12-28,5110,5130,5040,5060,118347,-0.009784735812133127
2022-12-29,5020,5090,4940,4985,155528,-0.014822134387351804
2023-01-02,5100,5100,4740,4755,181127,-0.04613841524573725
2023-01-03,4765,4805,4590,4790,153824,0.007360672975814886
2023-01-04,4730,4960,4730,4955,98823,0.034446764091857984
2023-01-05,4935,5080,4935,4995,128431,0.008072653884964698
2023-01-06,4940,5100,4935,5070,97649,0.01501501501501501
2023-01-09,5170,5170,5030,5090,135533,0.0039447731755424265
2023-01-10,5090,5130,5010,5040,93022,-0.00982318271119842
2023-01-11,5100,5190,5070,5190,193404,0.029761904761904656
2023-01-12,5210,5310,5110,5300,223330,0.021194605009633882
2023-01-13,5300,5350,5190,5200,119594,-0.018867924528301883
2023-01-16,5200,5250,5100,5180,139667,-0.0038461538461538325
2023-01-17,5150,5240,5080,5080,113538,-0.019305019305019266
2023-01-18,5080,5130,5050,5120,65534,0.007874015748031482
2023-01-19,5090,5180,5070,5110,62558,-0.001953125
2023-01-20,5130,5200,5090,5130,71400,0.00391389432485334
2023-01-25,5190,5190,5070,5140,123071,0.0019493177387914784
2023-01-26,5110,5270,5100,5270,198926,0.02529182879377423
2023-01-27,5350,5400,5190,5190,272298,-0.015180265654648917
2023-01-30,5200,5270,5170,5240,100883,0.009633911368015502
2023-01-31,5260,5350,5180,5320,130567,0.01526717557251911
2023-02-01,5360,5420,5300,5400,224863,0.015037593984962516
2023-02-02,5450,5470,5370,5390,238714,-0.0018518518518518823
2023-02-03,5420,5420,5310,5360,90078,-0.005565862708719838
2023-02-06,5360,5360,5250,5350,75951,-0.001865671641791078
2023-02-07,5300,5430,5300,5400,68289,0.009345794392523255
2023-02-08,5440,5440,5350,5370,84639,-0.005555555555555536
2023-02-09,5330,5450,5310,5450,115088,0.014897579143389184
2023-02-10,5440,5440,5260,5270,153740,-0.03302752293577982
2023-02-13,5290,5290,5150,5170,81297,-0.018975332068311146
2023-02-14,5150,5200,5110,5150,112679,-0.003868471953578312
2023-02-15,5150,5180,5050,5050,135444,-0.01941747572815533
2023-02-16,5060,5170,5060,5120,69171,0.013861386138613874
2023-02-17,5100,5120,5010,5030,103160,-0.017578125
2023-02-20,5050,5270,4975,5200,147772,0.03379721669980129
2023-02-21,5250,5250,5140,5150,67074,-0.009615384615384581
2023-02-22,5080,5580,5020,5400,748284,0.04854368932038833
2023-02-23,5400,5690,5320,5340,344802,-0.011111111111111072
2023-02-24,5380,5460,5170,5170,116633,-0.03183520599250933
2023-02-27,5170,5290,5030,5100,97973,-0.013539651837524147
2023-02-28,5080,5160,5020,5120,77834,0.0039215686274509665
2023-03-02,5120,6480,5050,6240,13337573,0.21875
2023-03-03,6060,6180,5950,5950,1735954,-0.04647435897435892
2023-03-06,6010,6040,5840,5940,836968,-0.001680672268907557
2023-03-07,5870,5880,5650,5840,583481,-0.01683501683501687
2023-03-08,5740,6120,5660,5830,1190785,-0.001712328767123239
2023-03-09,5820,5830,5580,5680,338998,-0.02572898799313894
2023-03-10,5610,5910,5500,5500,388108,-0.03169014084507038
2023-03-13,5430,5500,5160,5410,265903,-0.016363636363636358
2023-03-14,5330,5450,5050,5070,238770,-0.06284658040665436
2023-03-15,5140,5260,5130,5160,137517,0.01775147928994092
2023-03-16,5120,5870,4985,5240,2810320,0.015503875968992276
2023-03-17,5280,5500,5230,5400,570595,0.03053435114503822
2023-03-20,5520,5890,5430,5620,1382704,0.040740740740740744
2023-03-21,5700,5810,5450,5450,419015,-0.030249110320284656
2023-03-22,5580,5580,5310,5400,164689,-0.00917431192660545
2023-03-23,5300,5390,5150,5180,251840,-0.040740740740740744
2023-03-24,5180,5410,5180,5390,230822,0.04054054054054057
2023-03-27,5430,5590,5300,5550,298494,0.029684601113172615
2023-03-28,5520,5600,5450,5600,178518,0.009009009009008917
2023-03-29,5530,5550,5370,5380,203710,-0.03928571428571426
2023-03-30,5410,5610,5320,5510,174211,0.024163568773234223
2023-03-31,5510,5540,5380,5430,144954,-0.014519056261342977
2023-04-03,5500,5800,5470,5590,655362,0.02946593001841613
2023-04-04,5690,5800,5530,5800,312668,0.0375670840787119
2023-04-05,5800,5950,5700,5860,542285,0.010344827586206806
2023-04-06,5900,6010,5590,5660,574109,-0.03412969283276446
2023-04-07,5660,5740,5590,5700,204912,0.007067137809187329
2023-04-10,5800,5900,5260,5560,391173,-0.024561403508771895
2023-04-11,5460,5650,5410,5650,174979,0.01618705035971213
2023-04-12,5650,5990,5570,5850,1108183,0.03539823008849563
2023-04-13,5800,6070,5780,5860,666560,0.0017094017094017033
2023-04-14,5980,6740,5860,6260,5171135,0.06825938566552892
2023-04-17,6330,6350,6100,6220,1189749,-0.006389776357827448
2023-04-18,6140,6290,5990,6000,704200,-0.03536977491961413
2023-04-19,5980,6210,5910,6010,343975,0.0016666666666667052
2023-04-20,6030,6130,5720,5740,364310,-0.04492512479201327
2023-04-21,5700,5800,5540,5600,283106,-0.024390243902439046
2023-04-24,5590,5720,5430,5620,237434,0.0035714285714285587
2023-04-25,5680,5690,5400,5490,231544,-0.02313167259786475
2023-04-26,5410,5570,5330,5400,144050,-0.016393442622950838
2023-04-27,5460,5520,5270,5510,140323,0.020370370370370372
2023-04-28,5510,5510,5300,5320,211661,-0.03448275862068961
2023-05-02,5320,5470,5320,5430,120901,0.020676691729323293
2023-05-03,5400,5590,5350,5590,164117,0.02946593001841613
2023-05-04,5580,5700,5520,5580,140665,-0.0017889087656529634
2023-05-08,5710,5810,5610,5610,309507,0.005376344086021501
2023-05-09,5690,5730,5590,5640,172572,0.005347593582887722
2023-05-10,5700,5870,5600,5740,295812,0.01773049645390068
2023-05-11,5820,5820,5620,5620,207995,-0.020905923344947785
2023-05-12,5570,5630,5450,5500,143723,-0.02135231316725983
2023-05-15,5420,5570,5420,5490,94000,-0.0018181818181818299
2023-05-16,5490,5590,5450,5470,97308,-0.0036429872495445936
2023-05-17,5470,5620,5410,5620,81087,0.027422303473491727
2023-05-18,5690,5690,5570,5600,72714,-0.003558718861209953
2023-05-19,5590,5710,5570,5680,122466,0.014285714285714235
2023-05-22,5680,5770,5610,5680,109306,0.0
2023-05-23,5670,5870,5660,5850,219317,0.029929577464788748
2023-05-24,5780,5840,5700,5720,125436,-0.022222222222222254
2023-05-25,5740,5830,5670,5670,122695,-0.00874125874125875
2023-05-26,5670,5740,5650,5690,72040,0.003527336860670305
2023-05-30,5750,5830,5630,5810,124640,0.02108963093145877
2023-05-31,5840,5840,5710,5760,96929,-0.008605851979345935
2023-06-01,5770,5870,5720,5830,120873,0.012152777777777679
2023-06-02,5900,5950,5800,5840,143160,0.0017152658662091813
2023-06-05,5880,5900,5690,5810,134687,-0.005136986301369828
2023-06-07,5810,5920,5720,5720,124087,-0.015490533562822706
2023-06-08,5720,5780,5600,5610,101093,-0.019230769230769273
2023-06-09,5680,5740,5620,5650,118308,0.007130124777183555
2023-06-12,5680,5690,5480,5560,155235,-0.015929203539822967
2023-06-13,5560,5710,5560,5650,124642,0.01618705035971213
2023-06-14,5660,5680,5480,5550,140086,-0.017699115044247815
2023-06-15,5550,5630,5360,5360,146115,-0.03423423423423422
2023-06-16,5390,5470,5360,5450,81625,0.01679104477611948
2023-06-19,5400,5490,5390,5420,66229,-0.0055045871559632475
2023-06-20,5400,5450,5340,5370,106684,-0.009225092250922495
2023-06-21,5330,5430,5200,5300,156047,-0.013035381750465591
2023-06-22,5210,5500,5110,5300,181899,0.0
2023-06-23,5290,5300,5100,5160,142286,-0.026415094339622636
2023-06-26,5100,5190,5050,5150,56515,-0.0019379844961240345
2023-06-27,5100,5180,5060,5150,46560,0.0
2023-06-28,5150,5210,5020,5080,93948,-0.013592233009708687
2023-06-29,5030,5130,4900,4910,197053,-0.03346456692913391
2023-06-30,4910,5040,4865,4995,60950,0.01731160896130346
2023-07-03,5030,5100,4950,4995,56121,0.0
2023-07-04,4940,4995,4865,4885,123754,-0.02202202202202197
2023-07-05,4885,5070,4830,4960,109949,0.01535312180143289
2023-07-06,4930,4955,4715,4720,160584,-0.048387096774193505
2023-07-07,4705,4815,4630,4645,65126,-0.01588983050847459
2023-07-10,4605,4690,4500,4510,138983,-0.0290635091496233
2023-07-11,4515,4665,4510,4540,76239,0.006651884700665134
2023-07-12,4645,4645,4515,4605,88484,0.014317180616740144
2023-07-13,4605,4820,4605,4675,105048,0.015200868621064068
2023-07-14,4655,4750,4645,4660,77102,-0.0032085561497325887
2023-07-17,4660,4775,4630,4660,82866,0.0
2023-07-18,4645,4775,4595,4595,95485,-0.013948497854077258
2023-07-19,4570,4655,4510,4625,87552,0.006528835690968515
2023-07-20,4600,4670,4560,4620,69148,-0.00108108108108107
2023-07-21,4620,5060,4610,4745,467693,0.027056277056277
2023-07-24,4750,4805,4575,4580,142017,-0.03477344573234986
2023-07-25,4515,4650,4420,4425,177958,-0.03384279475982532
2023-07-26,4420,4440,4100,4270,268930,-0.03502824858757059
2023-07-27,4270,4420,4215,4355,60935,0.01990632318501162
2023-07-28,4355,4685,4355,4675,196455,0.07347876004592413
2023-07-31,4670,4715,4575,4700,74481,0.005347593582887722
2023-08-01,4725,4855,4675,4760,82934,0.012765957446808418
2023-08-02,4760,4830,4580,4655,82623,-0.022058823529411797
2023-08-03,4655,5850,4610,5440,8504900,0.1686358754027928
2023-08-04,5490,5550,5100,5230,1125612,-0.03860294117647056
2023-08-07,5230,5350,5110,5170,458325,-0.01147227533460804
2023-08-08,5160,5210,4890,4910,433460,-0.05029013539651839
2023-08-09,4895,5200,4890,5150,371507,0.048879837067209886
2023-08-10,5120,5290,5020,5230,318575,0.01553398058252431
2023-08-11,5210,5280,5120,5180,149839,-0.009560229445506718
2023-08-14,5270,5270,5010,5180,150181,0.0
2023-08-16,5180,5180,4945,4985,197526,-0.037644787644787625
2023-08-17,5030,5480,4995,5130,886461,0.029087261785356144
2023-08-18,4990,6630,4990,5790,8942782,0.12865497076023402
2023-08-21,5550,6680,5520,6060,9437782,0.04663212435233155
2023-08-22,6010,6350,5990,6040,1822607,-0.0033003300330033403
2023-08-23,6010,6230,5870,6140,853830,0.01655629139072845
2023-08-24,6050,6430,5970,6350,1229534,0.03420195439739415
2023-08-25,6200,6400,6100,6150,594995,-0.03149606299212604
2023-08-28,6170,6270,5990,6070,307604,-0.013008130081300862
2023-08-29,6120,6400,6080,6390,695193,0.05271828665568368
2023-08-30,6410,6430,6240,6350,354373,-0.006259780907668211
2023-08-31,6350,6550,6240,6300,613232,-0.007874015748031482
2023-09-01,6230,6380,5980,6010,403787,-0.04603174603174598
2023-09-04,6030,6180,5920,6030,169392,0.0033277870216306127
2023-09-05,5970,6310,5970,6280,256989,0.041459369817578695
2023-09-06,6250,6370,6160,6320,200494,0.006369426751592355
2023-09-07,6350,6430,6130,6150,326908,-0.026898734177215222
2023-09-08,6150,6330,6100,6300,238543,0.024390243902439046
2023-09-11,6410,7190,6320,6840,4383017,0.08571428571428563
2023-09-12,6720,7660,6380,6500,4717209,-0.049707602339181256
2023-09-13,6500,6790,6220,6550,711551,0.007692307692307665
2023-09-14,6550,6780,6290,6340,478401,-0.032061068702290085
2023-09-15,6290,6420,6080,6080,343868,-0.04100946372239744
2023-09-18,6170,6250,5980,6000,231707,-0.013157894736842146
2023-09-19,6000,6050,5840,5890,217497,-0.018333333333333313
2023-09-20,5920,6000,5710,5880,153984,-0.001697792869269965
2023-09-21,5950,5960,5600,5600,225707,-0.04761904761904767
2023-09-22,5530,5750,5530,5720,121251,0.021428571428571352
2023-09-25,5600,5760,5480,5540,138612,-0.03146853146853146
2023-09-26,5530,5640,5400,5470,86550,-0.012635379061371799
2023-09-27,5400,5600,5400,5490,85867,0.003656307129798808
2023-10-04,5500,5500,5150,5170,106129,-0.05828779599271405
2023-10-05,5200,5310,5130,5170,108767,0.0
2023-10-06,5170,5440,5170,5340,47077,0.03288201160541582
2023-10-10,5250,5440,5130,5170,78777,-0.03183520599250933
2023-10-11,5220,5370,5180,5180,42258,0.0019342359767891004
2023-10-12,5310,5440,5240,5350,82736,0.032818532818532864
2023-10-13,5300,5410,5120,5140,77197,-0.03925233644859816
2023-10-16,5130,5130,4885,4960,124635,-0.035019455252918275
2023-10-17,4950,5130,4950,4990,49626,0.006048387096774244
2023-10-18,4990,5080,4905,4905,70550,-0.017034068136272507
2023-10-19,4850,4895,4700,4730,75224,-0.03567787971457692
2023-10-20,4710,4765,4575,4620,101876,-0.023255813953488413
2023-10-23,4525,4975,4525,4710,140671,0.01948051948051943
2023-10-24,4725,4880,4605,4860,69412,0.031847133757961776
2023-10-25,4860,4870,4740,4860,63684,0.0
2023-10-26,4845,4845,4650,4670,54354,-0.039094650205761305
2023-10-27,4660,4820,4600,4755,42882,0.01820128479657379
2023-10-30,4700,4810,4605,4755,30395,0.0
2023-10-31,4760,4990,4700,4705,78544,-0.01051524710830709
2023-11-01,4715,4965,4715,4950,94421,0.05207226354941552
2023-11-02,4960,5100,4935,5100,88062,0.030303030303030276
2023-11-03,5100,5100,4955,5030,42588,-0.013725490196078383
2023-11-06,5180,5190,5000,5180,89486,0.02982107355864816
2023-11-07,5180,5200,5050,5160,67819,-0.0038610038610038533
2023-11-08,5180,6080,5160,5380,2096232,0.04263565891472876
2023-11-09,5300,5800,5250,5390,889116,0.0018587360594795044
2023-11-10,5390,5600,5290,5420,270069,0.005565862708719838
2023-11-13,5430,5480,5110,5150,183660,-0.04981549815498154
2023-11-14,5120,5550,5120,5490,170069,0.06601941747572826
2023-11-15,5500,5530,5230,5390,211976,-0.01821493624772308
2023-11-16,5390,5440,5280,5340,76839,-0.00927643784786647
2023-11-17,5340,5370,5150,5200,113081,-0.02621722846441943
2023-11-20,5200,5260,5150,5210,36573,0.0019230769230769162
2023-11-21,5210,5370,5190,5360,59202,0.028790786948176494
2023-11-22,5300,5360,5230,5230,55438,-0.02425373134328357
2023-11-23,5230,5460,5220,5400,63014,0.03250478011472269
2023-11-24,5340,5390,5270,5380,44486,-0.0037037037037036535
2023-11-27,5350,5380,5020,5100,174316,-0.052044609665427455
2023-11-28,5110,5180,5050,5100,45222,0.0
2023-11-29,5110,5250,5090,5130,64708,0.00588235294117645
2023-11-30,5110,5220,5070,5140,44244,0.0019493177387914784
2023-12-01,5140,5310,5040,5140,106414,0.0
2023-12-04,5100,5190,5000,5000,72181,-0.027237354085603127
2023-12-05,4965,5130,4965,5090,58774,0.018000000000000016
2023-12-06,5100,5380,5100,5220,84092,0.025540275049115824
2023-12-07,5220,5580,5220,5320,289950,0.019157088122605304
2023-12-08,5340,5440,5270,5380,72619,0.011278195488721776
2023-12-11,5430,5490,5230,5250,107297,-0.024163568773234223
2023-12-12,5220,5300,5160,5160,83028,-0.017142857142857126
2023-12-13,5060,5210,5060,5100,93487,-0.011627906976744207
2023-12-14,5140,5270,5130,5230,89703,0.025490196078431282
2023-12-15,5350,5350,5130,5130,62360,-0.019120458891013437
2023-12-18,5220,5530,5110,5340,133444,0.040935672514619936
2023-12-19,5280,5660,5280,5530,328187,0.035580524344569264
2023-12-20,5500,5660,5420,5450,131028,-0.01446654611211573
2023-12-21,5450,5490,5310,5420,54378,-0.0055045871559632475
2023-12-22,5470,5610,5340,5560,153198,0.02583025830258312
2023-12-26,5560,5690,5360,5360,117971,-0.03597122302158273
2023-12-27,5360,5780,5360,5620,263872,0.04850746268656714
2023-12-28,5620,5680,5500,5650,125506,0.005338078291814874
2024-01-02,5690,5690,5460,5660,104335,0.001769911504424737
2024-01-03,5560,5800,5530,5710,156072,0.008833922261484162
2024-01-04,5680,5680,5420,5460,171752,-0.04378283712784592
2024-01-05,5500,5570,5400,5440,89232,-0.00366300366300365
2024-01-08,5440,5440,5310,5340,92012,-0.018382352941176516
2024-01-09,5350,5700,5350,5550,186847,0.0393258426966292
2024-01-10,5600,5600,5440,5510,57979,-0.007207207207207245
2024-01-11,5510,5580,5420,5580,69843,0.012704174228675091
2024-01-12,5590,5600,5370,5380,86517,-0.03584229390681004
2024-01-15,5340,5410,5220,5280,87355,-0.018587360594795488
2024-01-16,5280,5350,5190,5200,56022,-0.015151515151515138
2024-01-17,5290,5290,5000,5020,91132,-0.0346153846153846
2024-01-18,5050,5400,5020,5230,61296,0.041832669322709126
2024-01-19,5290,5290,5150,5230,43868,0.0
2024-01-22,5230,5300,5120,5160,37457,-0.013384321223709361
2024-01-23,5200,5320,5150,5220,54930,0.011627906976744207
2024-01-24,5230,5300,5160,5170,36040,-0.009578544061302652
2024-01-25,5180,5360,5140,5350,131586,0.03481624758220514
2024-01-26,5350,5500,5250,5420,97136,0.013084112149532645
2024-01-29,5500,5500,5270,5320,119057,-0.01845018450184499
2024-01-30,5320,5440,5310,5430,62745,0.020676691729323293
2024-01-31,5580,5700,5300,5430,166893,0.0
2024-02-01,5400,5440,5250,5270,70993,-0.029465930018416242
2024-02-02,5260,5360,5200,5250,68945,-0.003795066413662229
2024-02-05,5250,5320,5190,5250,74835,0.0
2024-02-06,5320,5320,5150,5220,35910,-0.005714285714285672
2024-02-07,5220,5290,5180,5250,35930,0.005747126436781658
2024-02-08,5200,5280,5180,5240,26849,-0.0019047619047618536
2024-02-13,5220,5270,5150,5200,59266,-0.007633587786259555
2024-02-14,5120,5270,5120,5270,46564,0.013461538461538414
2024-02-15,5240,5300,5190,5220,58713,-0.009487666034155628
2024-02-16,5200,5240,5190,5230,53309,0.0019157088122605526
2024-02-19,5230,5310,5210,5250,32806,0.003824091778202643
2024-02-20,5230,5280,5200,5220,64195,-0.005714285714285672
2024-02-21,5200,5240,5060,5090,87590,-0.02490421455938696
2024-02-22,5160,5160,5040,5040,55459,-0.00982318271119842
2024-02-23,5040,5140,5020,5050,33079,0.001984126984126977
2024-02-26,5020,5080,5010,5050,34228,0.0
2024-02-27,5050,5210,5030,5090,91139,0.007920792079207928
2024-02-28,5080,5200,5020,5090,50757,0.0
2024-02-29,5040,5100,5010,5020,49352,-0.013752455795677854
2024-03-04,5020,5080,4995,5030,54018,0.0019920318725099584
2024-03-05,4995,5070,4985,5000,73010,-0.005964214711729587
2024-03-06,5040,5100,4945,4995,156906,-0.0010000000000000009
2024-03-07,4970,5080,4950,5010,72567,0.0030030030030030463
2024-03-08,5060,5060,4940,5000,62355,-0.001996007984031989
2024-03-11,4985,5120,4985,4990,64454,-0.0020000000000000018
2024-03-12,4990,5020,4905,4910,77740,-0.01603206412825653
2024-03-13,4910,4960,4800,4900,99974,-0.0020366598778004397
2024-03-14,4835,4960,4835,4880,31365,-0.004081632653061273
2024-03-15,4900,4900,4760,4770,84601,-0.02254098360655743
2024-03-18,4760,5000,4700,4950,78342,0.037735849056603765
2024-03-19,4950,4950,4710,4810,38020,-0.028282828282828243
2024-03-20,4855,5650,4770,4965,2427716,0.032224532224532254
2024-03-21,4945,4995,4910,4935,182188,-0.0060422960725075026
2024-03-22,4975,5050,4825,5050,168629,0.023302938196555267
2024-03-25,5010,5140,4960,5060,145387,0.001980198019801982
2024-03-26,5020,5100,5000,5090,92506,0.005928853754940677
2024-03-27,5120,5240,5010,5060,347420,-0.005893909626719096
2024-03-28,5100,6100,5040,5230,8030604,0.03359683794466406
2024-03-29,5240,5280,5110,5140,423586,-0.017208413001912004
2024-04-01,5180,5310,5160,5260,230426,0.023346303501945442
2024-04-02,5220,5230,5030,5060,250909,-0.03802281368821292
2024-04-03,5050,5090,4970,4970,112943,-0.017786561264822143
2024-04-04,4975,5050,4885,4895,123064,-0.015090543259557387
2024-04-05,4830,4970,4825,4870,57123,-0.005107252298263587
2024-04-08,4875,5200,4825,4910,166684,0.008213552361396204
2024-04-09,4970,4980,4820,4825,120945,-0.01731160896130346
2024-04-11,4805,4830,4715,4760,59343,-0.013471502590673534
2024-04-12,4800,4860,4750,4800,61469,0.008403361344537785
2024-04-15,4780,4795,4400,4670,125550,-0.027083333333333348
2024-04-16,4580,4635,4530,4550,98726,-0.025695931477516032
2024-04-17,4550,4660,4515,4515,46195,-0.007692307692307665
2024-04-18,4580,5660,4520,4980,9520590,0.10299003322259126
2024-04-19,4990,5070,4750,4775,784929,-0.04116465863453811
2024-04-22,4800,4975,4750,4765,338356,-0.0020942408376963817
2024-04-23,4820,4990,4775,4920,223116,0.03252885624344182
2024-04-24,4925,4955,4880,4930,159771,0.00203252032520318
2024-04-25,4900,4970,4810,4815,142932,-0.02332657200811361
2024-04-26,4820,4990,4800,4840,110693,0.005192107995846351
2024-04-29,4950,5100,4875,4975,288499,0.02789256198347112
2024-04-30,4950,5030,4920,4960,82121,-0.0030150753768843908
2024-05-02,4960,4990,4855,4940,163742,-0.0040322580645161255
2024-05-03,4940,5050,4925,4940,116620,0.0
2024-05-07,4955,5000,4940,4985,60512,0.009109311740890691
2024-05-08,4985,5050,4950,4990,86462,0.0010030090270811698
2024-05-09,5000,5010,4890,4905,109611,-0.017034068136272507
2024-05-10,4980,4980,4880,4890,83593,-0.003058103975535187
2024-05-13,4875,4910,4825,4825,57054,-0.013292433537832271
2024-05-14,4800,4910,4800,4855,27131,0.006217616580310947
2024-05-16,4875,4940,4855,4890,45409,0.00720906282183309
2024-05-17,4860,4900,4800,4825,93698,-0.013292433537832271
2024-05-20,4805,4865,4745,4765,106713,-0.012435233160621784
2024-05-21,4825,4825,4670,4700,78813,-0.01364113326337879
2024-05-22,4700,4745,4660,4695,48076,-0.0010638297872340718
2024-05-23,4650,4740,4620,4720,35504,0.005324813631522929
2024-05-24,4740,4745,4675,4720,40424,0.0
2024-05-27,4700,4745,4660,4740,75638,0.004237288135593209
2024-05-28,4705,4830,4705,4770,60802,0.006329113924050667
2024-05-29,4740,4820,4675,4675,71312,-0.01991614255765195
2024-05-30,4675,4740,4630,4680,50087,0.0010695187165774556
2024-05-31,4655,4720,4645,4645,46725,-0.007478632478632452
2024-06-03,4655,4720,4645,4660,35606,0.0032292787944026013
2024-06-04,4650,4730,4630,4695,41333,0.007510729613734002
2024-06-05,4670,4720,4600,4660,64037,-0.007454739084132078
2024-06-07,4670,4795,4670,4790,69278,0.027896995708154515
2024-06-10,4800,5270,4705,4760,909949,-0.006263048016701411
2024-06-11,4785,4800,4680,4730,91930,-0.006302521008403339
2024-06-12,4730,4755,4685,4725,50197,-0.0010570824524313016
2024-06-13,4705,5150,4685,4725,536431,0.0
2024-06-14,4725,4995,4680,4720,402484,-0.0010582010582010914
2024-06-17,4700,4970,4690,4750,633173,0.006355932203389925
2024-06-18,4725,4850,4725,4825,204066,0.015789473684210575
2024-06-19,4825,4940,4770,4880,172569,0.011398963730570033
2024-06-20,4880,4905,4765,4770,108131,-0.02254098360655743
2024-06-21,4750,4915,4740,4860,189809,0.018867924528301883
2024-06-24,4805,4855,4765,4800,87503,-0.012345679012345734
2024-06-25,4720,4795,4720,4775,60131,-0.00520833333333337
2024-06-26,4735,4800,4725,4765,64710,-0.0020942408376963817
2024-06-27,4720,4825,4710,4810,71400,0.009443861490031402
2024-06-28,4810,4815,4700,4705,80883,-0.021829521829521803
2024-07-01,4680,4740,4610,4710,70697,0.0010626992561104665
2024-07-02,4660,4705,4485,4510,183319,-0.0424628450106157
2024-07-03,4510,4670,4440,4590,135285,0.017738359201773912
2024-07-04,4565,4640,4500,4570,50687,-0.004357298474945481
2024-07-05,4570,4645,4540,4645,97181,0.01641137855579866
2024-07-08,4650,4655,4550,4590,73647,-0.011840688912809427
2024-07-09,4600,4660,4585,4595,39980,0.0010893246187364536
2024-07-10,4595,4630,4590,4610,23172,0.0032644178454841466
2024-07-11,4620,4625,4520,4560,47923,-0.010845986984815648
2024-07-12,4510,4625,4510,4615,45111,0.012061403508771829
2024-07-15,4590,4635,4550,4610,42418,-0.0010834236186348933
2024-07-16,4610,4675,4565,4610,56564,0.0
2024-07-17,4620,4690,4615,4655,53116,0.009761388286334105
2024-07-18,4615,4620,4520,4530,71353,-0.02685284640171859
2024-07-19,4520,4560,4510,4550,32612,0.004415011037527616
2024-07-22,4550,4555,4440,4515,44780,-0.007692307692307665
2024-07-23,4475,4565,4455,4540,33752,0.005537098560354448
2024-07-24,4550,4605,4515,4600,60467,0.013215859030837107
2024-07-25,4500,4570,4495,4515,51571,-0.018478260869565166
2024-07-26,4550,4550,4420,4490,48626,-0.0055370985603543366
2024-07-29,4530,4580,4500,4500,25697,0.00222717149220486
2024-07-30,4530,4640,4495,4530,77845,0.006666666666666599
2024-07-31,4510,4550,4485,4505,29097,-0.0055187637969095205
2024-08-01,4510,4610,4510,4585,40328,0.017758046614872347
2024-08-02,4500,4725,4440,4500,150985,-0.018538713195201728
2024-08-05,4430,4470,3715,4015,178369,-0.10777777777777775
2024-08-06,4000,4160,4000,4150,117759,0.033623910336239016
2024-08-07,4160,4355,4100,4295,94063,0.03493975903614466
2024-08-08,4295,4700,4160,4700,469899,0.09429569266589066
2024-08-09,4650,4700,4560,4660,175990,-0.008510638297872353
2024-08-12,4685,4850,4655,4715,179766,0.011802575107296098
2024-08-13,4700,4715,4500,4660,125475,-0.01166489925768821
2024-08-14,4680,4750,4610,4695,132941,0.007510729613734002
2024-08-16,4760,5080,4650,4820,1654421,0.026624068157614422
2024-08-19,4940,5620,4880,5120,4476875,0.06224066390041494
2024-08-20,5060,5170,4940,4950,647324,-0.033203125
2024-08-21,4960,5040,4800,4830,377727,-0.024242424242424288
2024-08-22,4750,4830,4650,4740,256839,-0.018633540372670843
2024-08-23,4790,4970,4530,4610,408482,-0.02742616033755274
2024-08-26,4655,4655,4425,4530,191238,-0.017353579175705014
2024-08-27,4470,4520,4450,4485,82019,-0.009933774834437137
2024-08-28,4525,4610,4465,4490,127102,0.0011148272017837968
2024-08-29,4490,4660,4435,4435,202051,-0.012249443207126953
2024-08-30,4450,4550,4430,4515,81747,0.018038331454340417
2024-09-02,4535,4535,4360,4400,95658,-0.025470653377630104
2024-09-03,4340,4445,4340,4390,44134,-0.002272727272727315
2024-09-04,4295,4300,4145,4180,149212,-0.04783599088838264
2024-09-05,4185,4235,4050,4130,83460,-0.011961722488038284
2024-09-06,4055,4085,3940,4050,100711,-0.01937046004842613
2024-09-09,3920,4030,3920,4000,71757,-0.012345679012345734
2024-09-10,4000,4095,3950,4000,48366,0.0
2024-09-11,4000,4080,3930,3955,46562,-0.011249999999999982
2024-09-12,3955,4050,3955,4045,26512,0.022756005056890016
2024-09-13,4040,4070,4010,4070,19943,0.006180469715698411
2024-09-19,4070,4220,4070,4195,60160,0.03071253071253066
2024-09-20,4185,4230,4175,4210,34409,0.0035756853396902155
2024-09-23,4220,4220,4125,4190,42608,-0.004750593824228044
2024-09-24,4190,4265,4125,4250,36029,0.014319809069212486
2024-09-25,4250,4260,4175,4200,54268,-0.0117647058823529
2024-09-26,4205,4255,4200,4255,24057,0.013095238095238049
2024-09-27,4210,4270,4145,4210,33943,-0.010575793184488869
2024-09-30,4210,4240,4115,4155,29877,-0.013064133016627122
2024-10-02,4155,4155,4005,4050,39877,-0.02527075812274371
2024-10-04,4015,4085,4015,4080,30116,0.007407407407407307
2024-10-07,4040,4300,4010,4090,50805,0.002450980392156854
2024-10-08,4090,4170,4075,4075,16038,-0.003667481662591676
2024-10-10,4075,4160,4040,4110,46758,0.008588957055214674
2024-10-11,4140,4140,4005,4020,45085,-0.021897810218978075
2024-10-14,4060,4075,3960,4030,62926,0.0024875621890547706
2024-10-15,4060,4120,4000,4030,49845,0.0
2024-10-16,4030,4065,3955,4040,32678,0.002481389578163684
2024-10-17,4040,4130,3990,4120,42262,0.01980198019801982
2024-10-18,4100,4265,4090,4120,98937,0.0
2024-10-21,4120,4180,4015,4090,39378,-0.007281553398058249
2024-10-22,4035,4105,3980,3985,39364,-0.025672371638141844
2024-10-23,3975,4035,3975,4015,27218,0.007528230865746499
2024-10-24,4010,4050,3970,4005,25989,-0.00249066002490661
2024-10-25,3995,4020,3895,3910,63896,-0.02372034956304614
2024-10-28,3910,3970,3870,3935,32002,0.006393861892583175
2024-10-29,3935,4030,3900,3960,55643,0.006353240152477735
2024-10-30,3940,4000,3885,3925,45087,-0.008838383838383868
2024-10-31,3880,3965,3840,3925,29776,0.0
2024-11-01,3915,3990,3880,3905,35373,-0.005095541401273884
2024-11-04,3950,3980,3885,3965,35862,0.015364916773367376
2024-11-05,3965,4040,3955,4000,38860,0.008827238335435084
2024-11-06,3970,4050,3935,3955,19632,-0.011249999999999982
2024-11-07,3930,3960,3880,3960,22040,0.0012642225031604948
2024-11-08,3960,4050,3915,3955,67729,-0.0012626262626262985
2024-11-11,3955,4000,3875,3930,35026,-0.006321112515802807
2024-11-12,3925,3930,3765,3805,91953,-0.03180661577608146
2024-11-13,3830,3900,3670,3700,98970,-0.02759526938239154
2024-11-14,3660,3775,3615,3700,57645,0.0
2024-11-15,3665,3735,3485,3735,60065,0.009459459459459474
2024-11-18,3660,3780,3660,3710,40761,-0.00669344042838016
2024-11-19,3675,3745,3660,3730,30599,0.005390835579514919
2024-11-20,3695,3745,3650,3695,24891,-0.009383378016085797
2024-11-21,3695,3740,3650,3710,31361,0.004059539918809252
2024-11-22,3675,3735,3625,3695,29898,-0.0040431266846361336
2024-11-25,3665,3740,3590,3725,58850,0.008119079837618504
2024-11-26,3685,3730,3640,3680,44983,-0.012080536912751683
2024-11-27,3680,3715,3610,3640,34496,-0.010869565217391353
2024-11-28,3660,3715,3640,3700,26834,0.016483516483516425
2024-11-29,3710,3715,3620,3660,20177,-0.010810810810810811
2024-12-02,3680,3695,3560,3580,49952,-0.021857923497267784
2024-12-03,3515,3620,3515,3575,30795,-0.0013966480446927498
2024-12-04,3490,3570,3390,3435,75668,-0.03916083916083912
2024-12-05,3440,3445,3225,3225,143707,-0.06113537117903933
2024-12-06,3200,3260,2995,3130,159079,-0.029457364341085257
2024-12-09,3065,3105,2870,2870,72835,-0.08306709265175716
2024-12-10,2840,3145,2840,3080,45381,0.07317073170731714
2024-12-11,3080,3215,3060,3175,21921,0.030844155844155896
2024-12-12,3220,3250,3115,3175,34583,0.0
2024-12-13,3205,3285,3100,3265,23540,0.02834645669291347
2024-12-16,3300,3325,3230,3295,18388,0.009188361408882129
2024-12-17,3295,3335,3235,3285,22545,-0.003034901365705611
2024-12-18,3285,3310,3190,3260,62451,-0.007610350076103556
2024-12-19,3175,3290,3090,3260,122647,0.0
2024-12-20,3220,3240,3160,3240,46940,-0.006134969325153339
2024-12-23,3175,3175,2985,3040,167767,-0.06172839506172845
2024-12-24,3025,3050,2980,3050,57308,0.00328947368421062
2024-12-26,3050,3050,2970,3000,95354,-0.016393442622950838
2024-12-27,2950,3030,2950,3015,32032,0.004999999999999893
2024-12-30,3015,3110,3015,3060,18570,0.014925373134328401
2025-01-02,3060,3070,2980,3000,32847,-0.019607843137254943
2025-01-03,2965,3290,2900,2900,155455,-0.033333333333333326
2025-01-06,2960,3340,2930,3320,313963,0.14482758620689662
2025-01-07,3320,3355,3150,3250,142861,-0.02108433734939763
2025-01-08,3250,3700,3250,3550,501865,0.0923076923076922
2025-01-09,3630,3630,3420,3515,70325,-0.009859154929577452
2025-01-10,3585,3590,3330,3480,137982,-0.009957325746799417
2025-01-13,3470,3470,3260,3330,72002,-0.0431034482758621
2025-01-14,3330,3375,3215,3275,54340,-0.016516516516516533
2025-01-15,3245,3295,3140,3185,52059,-0.027480916030534375
2025-01-16,3175,3350,3175,3255,49385,0.0219780219780219
2025-01-17,3255,3280,3100,3155,78947,-0.030721966205837226
2025-01-20,3155,3175,3090,3115,53421,-0.01267828843106178
2025-01-21,3090,3155,3050,3100,75371,-0.0048154093097912964
2025-01-22,3190,3190,3050,3070,34990,-0.009677419354838679
2025-01-23,3070,3090,3000,3015,42626,-0.01791530944625408
2025-01-24,3015,3170,3000,3030,30668,0.004975124378109541
2025-01-31,2980,3020,2970,2970,42555,-0.01980198019801982
2025-02-03,2970,2970,2785,2820,99157,-0.0505050505050505
2025-02-04,2820,2885,2820,2885,33160,0.023049645390070816
2025-02-05,2895,2990,2880,2930,37464,0.015597920277296451
2025-02-06,2965,2990,2900,2935,38997,0.0017064846416381396
2025-02-07,2875,2945,2875,2910,27221,-0.008517887563884163
2025-02-10,2910,2990,2880,2965,28553,0.018900343642611617
2025-02-11,3000,3000,2820,2925,31340,-0.013490725126475533
2025-02-12,2925,2925,2820,2830,61259,-0.032478632478632474
2025-02-13,2835,2925,2805,2855,36411,0.008833922261484162
2025-02-14,2850,2875,2825,2865,16164,0.003502626970227629
2025-02-17,2865,2960,2855,2925,35549,0.020942408376963373
2025-02-18,2905,2950,2865,2925,39718,0.0
2025-02-19,2940,2940,2895,2930,23008,0.0017094017094017033
2025-02-20,2950,3650,2900,3145,2156007,0.07337883959044378
2025-02-21,3100,3330,3095,3120,500374,-0.007949125596184436
2025-02-24,3130,3255,3100,3150,163056,0.009615384615384581
2025-02-25,3150,3165,3050,3135,75920,-0.004761904761904745
2025-02-26,3195,3195,3090,3170,49226,0.011164274322169154
2025-02-27,3175,3205,3140,3165,39159,-0.001577287066246047
2025-02-28,3150,3175,3085,3085,60070,-0.025276461295418606
2025-03-04,3085,3180,2995,3145,55189,0.01944894651539708
2025-03-05,3145,3230,3105,3130,45374,-0.004769475357710662
2025-03-06,3125,3195,3090,3100,23786,-0.009584664536741228
2025-03-07,3080,3100,3010,3030,38680,-0.022580645161290325
2025-03-10,3050,3050,2965,3000,30448,-0.00990099009900991
2025-03-11,2910,3000,2892,3000,48265,0.0
2025-03-12,3010,3030,2960,3000,14359,0.0
2025-03-13,3010,3015,2910,2910,37517,-0.030000000000000027
2025-03-14,2905,2960,2900,2955,9967,0.015463917525773141
2025-03-17,2955,3060,2900,2995,26920,0.013536379018612488
2025-03-18,2995,2995,2925,2935,18897,-0.02003338898163609
2025-03-19,2935,2950,2905,2920,19689,-0.005110732538330498
2025-03-20,2945,2995,2910,2915,26985,-0.001712328767123239
2025-03-21,2900,2945,2835,2880,41703,-0.012006861063464824
2025-03-24,2910,3000,2835,2895,39511,0.005208333333333259
2025-03-25,2885,3075,2875,3055,88241,0.05526770293609662
2025-03-26,3050,3080,2990,3020,46147,-0.011456628477905073
2025-03-27,3020,3035,2920,2920,43393,-0.0331125827814569
2025-03-28,2985,2985,2830,2830,52329,-0.03082191780821919
2025-03-31,2830,2830,2730,2740,38266,-0.03180212014134276
2025-04-01,2715,2840,2715,2830,14677,0.03284671532846706
2025-04-02,2830,2830,2695,2710,40090,-0.04240282685512364
2025-04-03,2680,2815,2650,2705,34243,-0.0018450184501844769
2025-04-04,2650,2780,2650,2755,36463,0.01848428835489835
2025-04-07,2755,2755,2480,2530,84342,-0.08166969147005443
2025-04-08,2540,2600,2410,2475,102808,-0.021739130434782594
2025-04-09,2440,2465,2360,2370,44161,-0.042424242424242475
2025-04-10,2440,2585,2430,2580,43254,0.08860759493670889
2025-04-11,2505,2675,2505,2665,17855,0.032945736434108586
2025-04-14,2645,2775,2620,2740,37861,0.02814258911819878
2025-04-15,2740,2790,2630,2740,25664,0.0
2025-04-16,2705,3095,2675,2810,374561,0.025547445255474477
2025-04-17,2850,3000,2830,2900,90389,0.03202846975088969
2025-04-18,2925,2925,2825,2900,40554,0.0
2025-04-21,2900,2940,2860,2890,20378,-0.0034482758620689724
2025-04-22,2860,2950,2740,2895,47644,0.0017301038062282892
2025-04-23,2900,2925,2880,2895,14182,0.0
2025-04-24,2905,3170,2905,3105,275489,0.07253886010362698
2025-04-25,3160,3170,2990,2990,56168,-0.03703703703703709
2025-04-28,2980,3050,2950,2985,16989,-0.0016722408026755842
2025-04-29,3015,3050,2965,2980,18659,-0.0016750418760469454
2025-04-30,3020,3090,2960,2965,19540,-0.005033557046979831
2025-05-02,2995,3000,2910,2995,34475,0.010118043844856706
2025-05-07,2930,2990,2900,2940,23138,-0.018363939899833093
2025-05-08,2890,2980,2890,2960,27764,0.006802721088435382
2025-05-09,3000,3000,2910,2910,25888,-0.016891891891891886
2025-05-12,3000,3000,2905,2920,10683,0.0034364261168384758
2025-05-13,2920,2965,2900,2950,31234,0.010273972602739656
2025-05-14,3030,3065,2930,3050,79979,0.03389830508474567
2025-05-15,3125,3660,3125,3230,2331329,0.05901639344262288
2025-05-16,3245,3390,3150,3170,327514,-0.018575851393188847
2025-05-19,3205,3205,3050,3170,149520,0.0
2025-05-20,3200,3200,3060,3075,78870,-0.029968454258675115
2025-05-21,3125,3340,3120,3150,180012,0.024390243902439046
2025-05-22,3150,3415,3125,3250,439182,0.031746031746031855
2025-05-23,3200,3250,3065,3140,128036,-0.03384615384615386
2025-05-26,3220,3220,3105,3145,66868,0.0015923566878981443
2025-05-27,3145,3230,3060,3110,94945,-0.011128775834658211
2025-05-28,3055,3135,3055,3130,60732,0.006430868167202508
2025-05-29,3130,3200,3080,3190,70574,0.019169329073482455
2025-05-30,3155,3285,3125,3195,92763,0.0015673981191222097
2025-06-02,3170,3240,3100,3145,52053,-0.015649452269170583
2025-06-04,3145,3290,3080,3130,35733,-0.004769475357710662
2025-06-05,3130,3130,3070,3110,53080,-0.006389776357827448
2025-06-09,3110,3145,3050,3130,72030,0.006430868167202508
2025-06-10,3155,3320,3085,3250,125383,0.03833865814696491
2025-06-11,3255,3290,3220,3285,83639,0.010769230769230864
2025-06-12,3285,3300,3195,3200,71622,-0.025875190258751957
2025-06-13,3205,3220,3050,3095,87860,-0.03281250000000002
2025-06-16,3095,3110,3000,3070,51061,-0.008077544426494332
2025-06-17,3080,3100,2990,3055,69472,-0.004885993485342022
2025-06-18,3055,3055,2980,3010,53714,-0.014729950900163713
2025-06-19,3030,3030,2965,2980,69491,-0.009966777408637828
2025-06-20,2980,3340,2955,3010,320628,0.010067114093959662
2025-06-23,2960,3070,2950,3000,118564,-0.0033222591362126463
2025-06-24,3020,3055,2905,3045,91582,0.014999999999999902
2025-06-25,3055,3170,3000,3070,104293,0.008210180623973828
2025-06-26,3070,3075,2930,2955,118520,-0.037459283387622166
2025-06-27,2955,3060,2940,3010,40172,0.01861252115059231
2025-06-30,3040,3040,2970,3040,40614,0.009966777408637828
2025-07-01,3055,3065,3005,3020,49133,-0.006578947368421018
2025-07-02,3025,3045,2980,3015,44971,-0.0016556291390728006
2025-07-03,3000,3180,2990,3130,101841,0.03814262023217241
2025-07-04,3130,3130,3045,3075,49060,-0.01757188498402551
2025-07-07,3075,3075,2840,2955,90558,-0.039024390243902474
2025-07-08,2950,3180,2950,3010,182118,0.01861252115059231
2025-07-09,3010,3090,2970,3020,60502,0.0033222591362125353
2025-07-10,3035,3075,3020,3045,51261,0.008278145695364225
2025-07-11,3045,3085,3045,3080,50422,0.011494252873563315
2025-07-14,3080,3080,2985,3010,45878,-0.022727272727272707
2025-07-15,3020,3060,2995,3045,28846,0.011627906976744207
2025-07-16,3045,3160,2990,3130,95126,0.02791461412151075
2025-07-17,3130,3280,3130,3210,191378,0.025559105431310014
2025-07-18,3205,3210,3120,3170,38050,-0.012461059190031154
2025-07-21,3145,3180,3090,3110,37903,-0.018927444794952675
2025-07-22,3115,3135,3005,3020,48983,-0.02893890675241162
2025-07-23,3020,3030,2950,3010,31364,-0.0033112582781457123
2025-07-24,3000,3040,2955,2955,43666,-0.01827242524916939
2025-07-25,2955,2980,2915,2960,35028,0.0016920473773265332
2025-07-28,2960,2995,2895,2900,50490,-0.020270270270270285
2025-07-29,2920,2930,2845,2890,41116,-0.0034482758620689724
2025-07-30,2885,2930,2855,2900,27799,0.0034602076124568004
2025-07-31,2900,2910,2840,2850,21819,-0.017241379310344862
2025-08-01,2840,2840,2740,2745,55843,-0.0368421052631579
2025-08-04,2750,2820,2700,2820,30977,0.02732240437158473
2025-08-05,2820,2850,2780,2830,19625,0.0035460992907800915
2025-08-06,2830,2845,2805,2845,8830,0.005300353356890497
2025-08-07,2850,2880,2765,2865,16712,0.007029876977152849
2025-08-08,2865,2885,2805,2865,11313,0.0
2025-08-11,2865,2870,2750,2825,18552,-0.013961605584642212
2025-08-12,2870,2870,2700,2845,25661,0.0070796460176991705
2025-08-13,2875,2925,2830,2890,32626,0.01581722319859402
2025-08-14,2930,2935,2855,2890,18533,0.0
2025-08-18,2925,2925,2800,2815,29773,-0.02595155709342556
2025-08-19,2795,2890,2755,2840,35093,0.008880994671403242
2025-08-20,2880,2880,2735,2775,42100,-0.022887323943661997
2025-08-21,2850,2855,2785,2825,21556,0.018018018018018056
2025-08-22,2795,2855,2775,2780,14801,-0.015929203539822967
2025-08-25,2780,2860,2780,2850,8967,0.02517985611510798
2025-08-26,2860,2880,2810,2880,22344,0.010526315789473717
2025-08-27,2890,2890,2820,2860,28280,-0.00694444444444442
2025-08-28,2860,2860,2790,2855,9289,-0.0017482517482517723
2025-08-29,2855,2855,2700,2710,89117,-0.05078809106830118
2025-09-01,2710,2745,2590,2640,87027,-0.02583025830258301
2025-09-02,2645,2740,2645,2735,26100,0.0359848484848484
2025-09-03,2795,2795,2705,2760,18786,0.009140767824497242
2025-09-04,2795,2795,2720,2755,8179,-0.0018115942028985588
2025-09-05,2795,2795,2705,2780,27629,0.00907441016333932
2025-09-08,2800,2870,2765,2820,31374,0.014388489208633004
2025-09-09,2840,2840,2740,2820,18068,0.0
2025-09-10,2800,2820,2750,2790,32085,-0.010638297872340385
2025-09-11,2790,2800,2740,2750,19578,-0.014336917562724039
2025-09-12,2765,2820,2750,2775,43968,0.009090909090909038
2025-09-15,2780,2815,2710,2790,24759,0.00540540540540535
2025-09-16,2790,2795,2720,2770,27142,-0.007168458781361964
2025-09-17,2770,2895,2725,2870,69455,0.036101083032491044
2025-09-18,2860,2870,2780,2810,122168,-0.020905923344947785
2025-09-19,2800,2830,2735,2800,63202,-0.003558718861209953
2025-09-22,2805,2830,2720,2745,72075,-0.019642857142857184
2025-09-23,2760,2785,2715,2760,35654,0.005464480874316946
2025-09-24,2760,2760,2670,2735,48575,-0.009057971014492794
2025-09-25,2760,2760,2710,2735,19334,0.0
2025-09-26,2780,2780,2655,2730,43531,-0.001828153564899404
2025-09-29,2770,2800,2695,2700,21542,-0.01098901098901095
2025-09-30,2705,2715,2660,2660,21971,-0.014814814814814836
2025-10-01,2660,2705,2640,2650,49585,-0.003759398496240629
2025-10-02,2650,2685,2610,2685,60049,0.013207547169811429
2025-10-10,2685,2715,2600,2605,36137,-0.029795158286778367
2025-10-13,2600,2600,2480,2510,76415,-0.03646833013435702
2025-10-14,2510,2550,2485,2530,41206,0.007968127490039834
2025-10-15,2530,2595,2500,2565,48467,0.01383399209486158
2025-10-16,2600,2600,2505,2535,57050,-0.011695906432748537
2025-10-17,2600,3190,2535,2755,3307202,0.08678500986193294
2025-10-20,2745,2755,2540,2670,319494,-0.030852994555353952
2025-10-21,2655,2680,2615,2640,91808,-0.011235955056179803
2025-10-22,2640,2670,2580,2655,76834,0.005681818181818121
2025-10-23,2655,2690,2555,2605,125630,-0.01883239171374762
2025-10-24,2600,2660,2590,2630,35685,0.009596928982725572
2025-10-27,2630,2930,2605,2830,421026,0.07604562737642584
2025-10-28,2830,2940,2775,2780,102044,-0.017667844522968212
2025-10-29,2790,2900,2740,2790,60651,0.003597122302158251
2025-10-30,2795,2880,2670,2705,87845,-0.03046594982078854
2025-10-31,2695,2765,2690,2725,27722,0.007393715341959428
2025-11-03,2725,2790,2600,2660,114450,-0.023853211009174258
2025-11-04,2660,2800,2635,2705,92401,0.016917293233082775
2025-11-05,2765,2775,2630,2735,82979,0.01109057301293892
2025-11-06,2750,2830,2735,2790,97450,0.02010968921389389
2025-11-07,2795,2795,2700,2710,58724,-0.028673835125448077
