Date,Open,High,Low,Close,Volume,Change
2022-01-03,3300,3385,3285,3375,356058,0.010479041916167775
2022-01-04,3470,3700,3375,3540,2883310,0.04888888888888898
2022-01-05,3460,3575,3410,3410,598095,-0.03672316384180796
2022-01-06,3385,3450,3320,3385,312817,-0.007331378299120228
2022-01-07,3380,3460,3365,3370,237776,-0.004431314623338234
2022-01-10,3630,3640,3310,3340,645376,-0.008902077151335286
2022-01-11,3340,3340,3180,3210,244191,-0.038922155688622784
2022-01-12,3235,3700,3235,3535,3944790,0.10124610591900307
2022-01-13,3535,3790,3495,3525,2758918,-0.0028288543140028155
2022-01-14,3490,3990,3450,3485,6487978,-0.01134751773049647
2022-01-17,3460,3465,3325,3380,758178,-0.03012912482065999
2022-01-18,3400,3460,3230,3240,565129,-0.041420118343195256
2022-01-19,3160,3250,3120,3140,364142,-0.030864197530864224
2022-01-20,3115,3355,3115,3220,350010,0.02547770700636942
2022-01-21,3210,3215,3135,3135,216046,-0.026397515527950333
2022-01-24,3100,3110,2910,2940,300572,-0.062200956937799035
2022-01-25,2940,3000,2680,2800,301142,-0.04761904761904767
2022-01-26,2760,2950,2760,2830,364296,0.010714285714285676
2022-01-27,2825,2850,2600,2650,253190,-0.06360424028268552
2022-01-28,2650,2780,2600,2770,179350,0.04528301886792452
2022-02-03,2795,2930,2795,2885,139476,0.041516245487364545
2022-02-04,2885,3040,2860,2975,228832,0.03119584055459268
2022-02-07,3030,3030,2900,2955,111982,-0.006722689075630228
2022-02-08,2955,2990,2885,2910,105428,-0.015228426395939132
2022-02-09,2930,2990,2930,2960,54403,0.01718213058419238
2022-02-10,3000,3000,2890,2890,84918,-0.023648648648648685
2022-02-11,2865,2890,2805,2830,102195,-0.02076124567474047
2022-02-14,2710,2795,2700,2705,111385,-0.044169611307420475
2022-02-15,2670,3240,2670,2750,3161386,0.01663585951940849
2022-02-16,2780,2900,2780,2855,361831,0.038181818181818095
2022-02-17,2890,2915,2770,2840,195049,-0.005253940455341555
2022-02-18,2770,2910,2770,2880,130458,0.014084507042253502
2022-02-21,2820,2915,2820,2890,100672,0.003472222222222321
2022-02-22,2890,2915,2810,2810,99963,-0.02768166089965396
2022-02-23,2810,2855,2810,2810,70925,0.0
2022-02-24,2870,2870,2670,2675,173454,-0.04804270462633453
2022-02-25,2740,2770,2720,2740,71444,0.024299065420560817
2022-02-28,2740,2770,2720,2750,65401,0.0036496350364962904
2022-03-02,2750,2825,2735,2790,68248,0.014545454545454639
2022-03-03,2910,2910,2830,2860,156804,0.02508960573476693
2022-03-04,2830,2865,2780,2805,106531,-0.019230769230769273
2022-03-07,2805,2805,2700,2745,130754,-0.021390374331550777
2022-03-08,2720,2725,2630,2700,141379,-0.016393442622950838
2022-03-10,2725,2910,2675,2715,258904,0.005555555555555536
2022-03-11,2730,2790,2730,2745,127469,0.011049723756906049
2022-03-14,2745,2745,2620,2680,117669,-0.023679417122040025
2022-03-15,2655,2745,2655,2670,54387,-0.003731343283582045
2022-03-16,2715,2725,2660,2720,75270,0.01872659176029967
2022-03-17,2800,2800,2720,2790,121966,0.025735294117646967
2022-03-18,2855,2855,2755,2810,86303,0.007168458781362075
2022-03-21,2810,2840,2800,2810,67036,0.0
2022-03-22,2825,2845,2800,2825,82227,0.005338078291814874
2022-03-23,2880,2880,2810,2820,59938,-0.001769911504424737
2022-03-24,2825,2840,2795,2835,55629,0.005319148936170137
2022-03-25,2845,2850,2810,2830,56093,-0.0017636684303351524
2022-03-28,2815,2840,2795,2830,86524,0.0
2022-03-29,2875,2895,2830,2850,126181,0.007067137809187329
2022-03-30,2890,3030,2805,2930,553370,0.02807017543859658
2022-03-31,3000,3100,2940,3020,859261,0.030716723549488067
2022-04-01,2995,3000,2950,2950,162377,-0.023178807947019875
2022-04-04,2970,3020,2960,3000,117015,0.016949152542372836
2022-04-05,3010,3030,2965,2990,71916,-0.0033333333333332993
2022-04-06,2990,3100,2925,3000,264826,0.0033444816053511683
2022-04-07,2955,2985,2885,2885,115020,-0.03833333333333333
2022-04-08,2900,2940,2865,2890,56192,0.0017331022530329143
2022-04-11,2865,2985,2865,2970,119173,0.02768166089965396
2022-04-12,3075,3860,3030,3860,32570649,0.29966329966329974
2022-04-13,4020,4230,3835,3915,26019634,0.014248704663212486
2022-04-14,3960,4000,3750,3800,5165114,-0.02937420178799488
2022-04-15,3845,4045,3715,3805,12100309,0.001315789473684159
2022-04-18,3795,3805,3715,3795,1240333,-0.0026281208935611255
2022-04-19,3780,3905,3670,3870,3963461,0.01976284584980248
2022-04-20,3970,4485,3910,3925,36255903,0.01421188630490966
2022-04-21,3810,3810,3745,3745,1448246,-0.04585987261146496
2022-04-22,3795,3840,3770,3805,860222,0.01602136181575431
2022-04-25,3755,3755,3670,3720,760093,-0.0223390275952694
2022-04-26,3720,4370,3720,4065,30925299,0.092741935483871
2022-04-27,3940,4165,3815,4135,3842914,0.017220172201722006
2022-04-28,4135,4205,3915,3915,2984069,-0.053204353083434075
2022-04-29,3950,3950,3775,3775,1161620,-0.03575989782886335
2022-05-02,3720,4090,3720,3945,3415620,0.04503311258278142
2022-05-03,3950,4160,3910,4045,2836331,0.025348542458808687
2022-05-04,4085,4085,3805,3810,1485278,-0.05809641532756493
2022-05-06,3750,3955,3740,3890,995884,0.0209973753280841
2022-05-09,3970,4330,3800,3815,11801167,-0.019280205655527016
2022-05-10,4180,4590,3900,4510,47760475,0.182175622542595
2022-05-11,4400,4705,4350,4470,17307351,-0.008869179600886956
2022-05-12,4410,4885,4380,4510,22608243,0.008948545861297452
2022-05-13,4955,4965,4350,4380,13375327,-0.02882483370288247
2022-05-16,4435,4600,4380,4575,5113797,0.044520547945205546
2022-05-17,4515,4760,4480,4670,7331894,0.02076502732240426
2022-05-18,4690,4800,4520,4800,9200316,0.027837259100642386
2022-05-19,4820,5130,4630,4745,19337476,-0.011458333333333348
2022-05-20,4900,4925,4535,4590,10580311,-0.03266596417281353
2022-05-23,4505,4520,4080,4085,4607020,-0.1100217864923747
2022-05-24,4065,4800,3960,4120,25834750,0.008567931456548328
2022-05-25,4310,4335,3985,4005,5206270,-0.027912621359223344
2022-05-26,4005,4295,3920,3960,5173169,-0.011235955056179803
2022-05-27,3960,4075,3945,3960,1653944,0.0
2022-05-30,3980,4090,3975,4035,1162191,0.018939393939394034
2022-05-31,4055,4085,4000,4015,1053332,-0.00495662949194553
2022-06-02,4010,4060,4000,4030,654101,0.0037359900373599153
2022-06-03,4035,4075,3950,3965,1113922,-0.016129032258064502
2022-06-07,3990,3990,3805,3855,678452,-0.02774274905422447
2022-06-08,3855,3880,3780,3790,568687,-0.016861219195849597
2022-06-09,3765,3985,3715,3800,1105822,0.0026385224274405594
2022-06-10,3740,3805,3715,3720,506401,-0.021052631578947323
2022-06-13,3610,3640,3480,3575,793185,-0.03897849462365588
2022-06-14,3470,3580,3450,3550,509868,-0.006993006993006978
2022-06-15,3530,3630,3370,3395,579287,-0.04366197183098597
2022-06-16,3480,3710,3460,3490,2270410,0.027982326951399017
2022-06-17,3350,3460,3245,3460,725614,-0.008595988538681931
2022-06-20,3500,3510,3250,3305,1076714,-0.044797687861271696
2022-06-21,3300,3560,3260,3430,1446762,0.03782148260211793
2022-06-22,3460,3470,3230,3230,740316,-0.058309037900874605
2022-06-23,3220,3250,3000,3000,897824,-0.07120743034055732
2022-06-24,2985,3160,2985,3125,521603,0.04166666666666674
2022-06-27,3370,3435,3150,3335,1768393,0.06719999999999993
2022-06-28,3465,3490,3370,3455,1138037,0.0359820089955023
2022-06-29,3350,3545,3340,3525,775629,0.02026049204052094
2022-06-30,3525,3525,3355,3375,617894,-0.04255319148936165
2022-07-01,3390,3560,3210,3230,1080530,-0.04296296296296298
2022-07-04,3230,3275,3075,3120,407209,-0.034055727554179516
2022-07-05,3145,3220,3105,3215,239941,0.03044871794871784
2022-07-06,3200,3200,3105,3160,275293,-0.017107309486780742
2022-07-07,3175,3230,3150,3225,292391,0.020569620253164667
2022-07-08,3260,3330,3240,3275,310917,0.015503875968992276
2022-07-11,3290,3430,3270,3280,426713,0.0015267175572519776
2022-07-12,3275,3275,3140,3175,260592,-0.03201219512195119
2022-07-13,3175,3380,3145,3245,1262914,0.022047244094488105
2022-07-14,3200,3245,3140,3195,396518,-0.015408320493066285
2022-07-15,3200,3225,3065,3135,363087,-0.018779342723004744
2022-07-18,3175,3270,3165,3230,440550,0.030303030303030276
2022-07-19,3240,3315,3195,3260,330004,0.009287925696594534
2022-07-20,3355,3485,3280,3410,3477601,0.04601226993865026
2022-07-21,3415,3560,3325,3555,3402797,0.04252199413489732
2022-07-22,3555,3590,3455,3465,1483377,-0.025316455696202556
2022-07-25,3550,3640,3485,3535,1566718,0.02020202020202011
2022-07-26,3540,3540,3400,3460,479289,-0.021216407355021172
2022-07-27,3425,3495,3415,3435,345552,-0.007225433526011571
2022-07-28,3480,3505,3435,3435,324003,0.0
2022-07-29,3435,3490,3435,3455,292016,0.005822416302765587
2022-08-01,3450,3515,3420,3455,342072,0.0
2022-08-02,3430,3520,3430,3510,637293,0.01591895803183796
2022-08-03,3550,3555,3495,3500,414075,-0.002849002849002802
2022-08-04,3510,3580,3450,3460,569106,-0.011428571428571455
2022-08-05,3480,3480,3420,3440,209577,-0.005780346820809301
2022-08-08,3475,3475,3180,3415,419622,-0.007267441860465129
2022-08-09,3410,3425,3335,3370,195192,-0.013177159590043952
2022-08-10,3335,3370,3295,3310,231531,-0.017804154302670572
2022-08-11,3350,3410,3320,3325,240725,0.004531722054380571
2022-08-12,3330,3410,3330,3375,198271,0.015037593984962516
2022-08-16,3420,3485,3375,3400,322528,0.007407407407407307
2022-08-17,3450,3575,3360,3360,914895,-0.0117647058823529
2022-08-18,3360,3360,3240,3255,335817,-0.03125
2022-08-19,3240,3300,3230,3230,158923,-0.007680491551459334
2022-08-22,3190,3465,3125,3165,906960,-0.020123839009287936
2022-08-23,3165,3270,3150,3155,308207,-0.003159557661927326
2022-08-24,3145,3235,3145,3190,142225,0.011093502377178988
2022-08-25,3230,3300,3200,3225,192741,0.01097178683385569
2022-08-26,3230,3260,3180,3185,141942,-0.012403100775193798
2022-08-29,3070,3115,3035,3095,177919,-0.028257456828885363
2022-08-30,3100,3350,3095,3220,599468,0.04038772213247177
2022-08-31,3185,3310,3180,3260,298521,0.012422360248447228
2022-09-01,3205,3245,3155,3180,143302,-0.024539877300613466
2022-09-02,3185,3345,3185,3230,410446,0.01572327044025168
2022-09-05,3400,3530,3075,3100,1668731,-0.04024767801857587
2022-09-06,3185,3270,3135,3250,376255,0.048387096774193505
2022-09-07,3235,3300,3170,3180,328447,-0.021538461538461506
2022-09-08,3210,3410,3210,3310,814151,0.04088050314465419
2022-09-13,3375,3420,3315,3385,514562,0.0226586102719033
2022-09-14,3245,3480,3155,3310,964103,-0.02215657311669128
2022-09-15,3315,3365,3265,3290,241017,-0.0060422960725075026
2022-09-16,3255,3310,3195,3200,234379,-0.027355623100303927
2022-09-19,3160,3250,3080,3080,224346,-0.03749999999999998
2022-09-20,3100,3200,3100,3180,215483,0.032467532467532534
2022-09-21,3145,3210,3115,3165,104271,-0.004716981132075526
2022-09-22,3165,3165,2990,3090,300565,-0.023696682464455
2022-09-23,3035,3090,2930,2930,275534,-0.05177993527508096
2022-09-26,2840,2970,2575,2660,351541,-0.0921501706484642
2022-09-27,2605,2865,2570,2680,836695,0.007518796992481258
2022-09-28,2620,2855,2515,2575,505315,-0.03917910447761197
2022-09-29,2615,2680,2570,2570,227417,-0.001941747572815511
2022-09-30,2570,2640,2425,2530,194821,-0.015564202334630295
2022-10-04,2545,2675,2545,2665,128113,0.05335968379446632
2022-10-05,2700,2715,2600,2610,91575,-0.0206378986866792
2022-10-06,2745,2750,2640,2645,142510,0.013409961685823646
2022-10-07,2605,2660,2555,2600,114285,-0.017013232514177745
2022-10-11,2550,2550,2395,2405,223985,-0.07499999999999996
2022-10-12,2405,2420,2365,2385,92828,-0.008316008316008316
2022-10-13,2400,2405,2245,2250,166415,-0.05660377358490565
2022-10-14,2300,2395,2290,2395,139042,0.06444444444444453
2022-10-17,2360,2550,2310,2460,227873,0.02713987473903967
2022-10-18,2500,2550,2460,2545,191406,0.03455284552845539
2022-10-19,2560,2660,2520,2520,363336,-0.00982318271119842
2022-10-20,2575,2615,2500,2520,106356,0.0
2022-10-21,2520,2535,2415,2425,76307,-0.037698412698412676
2022-10-24,2480,2560,2470,2505,157341,0.03298969072164959
2022-10-25,2545,2575,2475,2510,149195,0.001996007984031989
2022-10-26,2520,2545,2440,2480,118728,-0.01195219123505975
2022-10-27,2480,2515,2475,2485,84469,0.002016129032258007
2022-10-28,2470,2515,2455,2475,67145,-0.004024144869215318
2022-10-31,2520,2520,2465,2500,72565,0.010101010101010166
2022-11-01,2500,2550,2460,2530,80069,0.01200000000000001
2022-11-02,2545,2635,2500,2525,117720,-0.0019762845849802257
2022-11-03,2470,2520,2460,2495,69366,-0.011881188118811892
2022-11-04,2460,2500,2430,2475,77494,-0.008016032064128265
2022-11-07,2545,2645,2520,2610,308608,0.05454545454545445
2022-11-08,2670,2670,2570,2640,218136,0.011494252873563315
2022-11-09,2645,2720,2640,2675,308979,0.01325757575757569
2022-11-10,2625,2695,2600,2665,124834,-0.0037383177570093906
2022-11-11,2755,2795,2670,2740,554003,0.02814258911819878
2022-11-14,2745,2770,2725,2730,276853,-0.0036496350364964014
2022-11-15,2730,2750,2710,2745,101819,0.005494505494505475
2022-11-16,2750,2790,2710,2740,153480,-0.0018214936247723523
2022-11-17,2745,2750,2685,2695,127448,-0.01642335766423353
2022-11-18,2700,2720,2670,2670,79514,-0.00927643784786647
2022-11-21,2685,2685,2620,2620,110280,-0.01872659176029967
2022-11-22,2600,2645,2600,2615,53472,-0.001908396946564861
2022-11-23,2640,2700,2620,2665,77293,0.019120458891013437
2022-11-24,2700,2725,2680,2710,72628,0.016885553470919357
2022-11-25,2710,2725,2675,2685,132901,-0.009225092250922495
2022-11-28,2770,2805,2600,2600,768843,-0.03165735567970207
2022-11-29,2605,2650,2580,2625,116588,0.009615384615384581
2022-11-30,2625,2750,2615,2735,271771,0.04190476190476189
2022-12-01,2750,2750,2705,2735,230025,0.0
2022-12-02,2755,2940,2735,2765,1640914,0.010968921389396646
2022-12-05,2765,2785,2695,2710,235983,-0.019891500904159143
2022-12-06,2665,2710,2620,2620,129048,-0.03321033210332103
2022-12-07,2580,2605,2515,2560,153016,-0.022900763358778664
2022-12-08,2530,2555,2455,2495,115696,-0.025390625
2022-12-09,2505,2535,2445,2490,86037,-0.002004008016032066
2022-12-12,2470,2525,2470,2515,69549,0.010040160642570184
2022-12-13,2475,2525,2475,2505,66268,-0.003976143141153132
2022-12-14,2505,2565,2485,2545,56510,0.015968063872255467
2022-12-15,2485,2560,2485,2545,105496,0.0
2022-12-16,2475,2525,2475,2525,103690,-0.007858546168958758
2022-12-19,2485,2490,2455,2460,60249,-0.025742574257425765
2022-12-20,2425,2445,2345,2365,149470,-0.03861788617886175
2022-12-21,2365,2370,2295,2310,110810,-0.023255813953488413
2022-12-22,2315,2500,2315,2395,120153,0.03679653679653683
2022-12-23,2395,2395,2285,2325,134613,-0.029227557411273475
2022-12-26,2305,2315,2250,2290,101716,-0.01505376344086018
2022-12-27,2260,2315,2255,2305,52844,0.0065502183406114245
2022-12-28,2290,2305,2260,2290,52335,-0.006507592190889366
2022-12-29,2285,2285,2205,2230,96824,-0.026200873362445365
2023-01-02,2180,2340,2160,2310,191528,0.03587443946188351
2023-01-03,2285,2325,2195,2300,138489,-0.0043290043290042934
2023-01-04,2240,2370,2240,2360,157271,0.026086956521739202
2023-01-05,2395,2400,2310,2345,72294,-0.006355932203389814
2023-01-06,2335,2800,2310,2500,5559152,0.06609808102345416
2023-01-09,2525,2525,2480,2485,347288,-0.006000000000000005
2023-01-10,2490,2515,2465,2490,193985,0.002012072434607548
2023-01-11,2490,2525,2480,2515,183552,0.010040160642570184
2023-01-12,2525,2575,2510,2525,242306,0.003976143141153132
2023-01-13,2550,2550,2505,2515,114512,-0.003960396039603964
2023-01-16,2545,2545,2505,2505,69261,-0.003976143141153132
2023-01-17,2510,2535,2485,2500,77247,-0.001996007984031989
2023-01-18,2520,2520,2450,2470,72248,-0.01200000000000001
2023-01-19,2465,2485,2320,2480,73935,0.004048582995951344
2023-01-20,2480,2480,2445,2460,36168,-0.008064516129032251
2023-01-25,2475,2515,2455,2510,108952,0.020325203252032464
2023-01-26,2515,2915,2490,2915,1919287,0.16135458167330685
2023-01-27,2735,2740,2635,2645,1107300,-0.09262435677530012
2023-01-30,2660,2680,2610,2655,459912,0.003780718336483968
2023-01-31,2660,2695,2630,2655,374108,0.0
2023-02-01,2685,2780,2600,2600,814830,-0.020715630885122405
2023-02-02,2650,2690,2630,2680,315633,0.03076923076923066
2023-02-03,2700,2775,2660,2725,552130,0.01679104477611948
2023-02-06,2775,2785,2680,2680,480476,-0.016513761467889854
2023-02-07,2680,2740,2680,2720,178222,0.014925373134328401
2023-02-08,2720,2755,2685,2695,326547,-0.009191176470588203
2023-02-09,2695,2695,2660,2665,151714,-0.011131725417439675
2023-02-10,2670,2685,2610,2660,194386,-0.0018761726078799779
2023-02-13,2665,2665,2620,2665,109518,0.001879699248120259
2023-02-14,2665,2710,2660,2685,182020,0.007504690431519689
2023-02-15,2695,2705,2570,2590,247510,-0.035381750465549366
2023-02-16,2590,2710,2590,2670,221460,0.030888030888030826
2023-02-17,2655,2720,2625,2675,165476,0.001872659176029856
2023-02-20,2660,2705,2645,2695,110483,0.007476635514018781
2023-02-21,2715,2720,2670,2690,173568,-0.0018552875695733162
2023-02-22,2660,2720,2600,2720,392945,0.011152416356877248
2023-02-23,2660,2675,2630,2640,198066,-0.02941176470588236
2023-02-24,2650,2650,2535,2550,274234,-0.03409090909090906
2023-02-27,2545,2545,2465,2510,207638,-0.015686274509803977
2023-02-28,2510,2605,2510,2585,160921,0.029880478087649376
2023-03-02,2610,2655,2570,2620,150273,0.013539651837524147
2023-03-03,2630,2655,2590,2625,103622,0.001908396946564972
2023-03-06,2635,2685,2625,2685,180471,0.02285714285714291
2023-03-07,2670,2700,2650,2700,133876,0.005586592178770999
2023-03-08,2785,2795,2655,2655,767104,-0.01666666666666672
2023-03-09,2665,2865,2610,2835,1875867,0.06779661016949157
2023-03-10,2705,2765,2645,2705,830853,-0.04585537918871252
2023-03-13,2680,2680,2570,2650,346632,-0.020332717190388205
2023-03-14,2600,2655,2475,2480,377395,-0.0641509433962264
2023-03-15,2495,2640,2480,2625,308227,0.058467741935483764
2023-03-16,2620,2620,2500,2545,142599,-0.030476190476190435
2023-03-17,2600,2610,2560,2600,99612,0.0216110019646365
2023-03-20,2590,2660,2555,2660,167075,0.023076923076922995
2023-03-21,2650,2660,2610,2625,109684,-0.013157894736842146
2023-03-22,2645,2655,2585,2600,91259,-0.00952380952380949
2023-03-23,2585,2665,2540,2665,232910,0.02499999999999991
2023-03-24,2665,2700,2605,2690,294451,0.009380863039399667
2023-03-27,2685,2715,2620,2690,163937,0.0
2023-03-28,2715,2770,2670,2750,393395,0.02230483271375472
2023-03-29,2725,2805,2700,2775,633062,0.009090909090909038
2023-03-30,2790,2805,2725,2775,285204,0.0
2023-03-31,2775,2775,2710,2710,208022,-0.023423423423423406
2023-04-03,2780,2880,2750,2830,794563,0.04428044280442811
2023-04-04,2860,3165,2835,2970,6641924,0.04946996466431086
2023-04-05,2960,3020,2900,3015,817699,0.015151515151515138
2023-04-06,3020,3025,2880,2900,598663,-0.03814262023217252
2023-04-07,2950,3140,2860,3015,2821453,0.039655172413793016
2023-04-10,3115,3425,3080,3210,8310683,0.06467661691542292
2023-04-11,3160,3460,3015,3330,7098754,0.03738317757009346
2023-04-12,3995,4150,3565,3600,15741407,0.08108108108108114
2023-04-13,3575,3580,3305,3360,2587234,-0.06666666666666665
2023-04-14,3390,3390,3260,3260,1454626,-0.029761904761904767
2023-04-17,3255,3465,3215,3340,2506631,0.024539877300613577
2023-04-18,3310,3315,3095,3110,1443985,-0.06886227544910184
2023-04-19,3110,3180,3100,3170,709993,0.019292604501607746
2023-04-20,3135,3165,3040,3065,780106,-0.03312302839116721
2023-04-21,3045,3065,2915,2945,610461,-0.039151712887438794
2023-04-24,2915,3060,2915,3010,472175,0.022071307300509435
2023-04-25,3010,3465,2975,3335,9739772,0.1079734219269104
2023-04-26,3210,3315,3070,3100,1468946,-0.07046476761619191
2023-04-27,3100,3340,3095,3200,2582488,0.032258064516129004
2023-04-28,3225,3300,3065,3070,936734,-0.04062500000000002
2023-05-02,3060,3175,3010,3140,478782,0.0228013029315961
2023-05-03,3070,3425,3015,3230,2962585,0.02866242038216571
2023-05-04,3260,3330,3125,3145,1041224,-0.02631578947368418
2023-05-08,3160,3365,3160,3325,1524742,0.05723370429252772
2023-05-09,3260,3275,3075,3230,1454577,-0.02857142857142858
2023-05-10,3210,3615,3195,3540,11438962,0.09597523219814241
2023-05-11,3480,3740,3440,3460,6207298,-0.02259887005649719
2023-05-12,3540,3840,3465,3515,9552661,0.01589595375722541
2023-05-15,3780,4165,3550,3645,19549610,0.0369843527738265
2023-05-16,3675,3855,3430,3520,6022593,-0.03429355281207136
2023-05-17,3555,3735,3490,3675,2883975,0.04403409090909083
2023-05-18,3650,3950,3580,3950,2752656,0.0748299319727892
2023-05-19,3800,3805,3650,3660,1500446,-0.07341772151898729
2023-05-22,3620,3650,3540,3610,680926,-0.013661202185792365
2023-05-23,3590,3630,3510,3550,1005031,-0.0166204986149584
2023-05-24,3550,3575,3480,3525,865834,-0.007042253521126751
2023-05-25,3490,3555,3460,3495,558963,-0.008510638297872353
2023-05-26,3525,3560,3465,3505,723440,0.0028612303290413976
2023-05-30,3520,3530,3445,3485,392432,-0.005706134094151216
2023-05-31,3505,3575,3475,3515,766188,0.008608321377331363
2023-06-01,3510,3615,3465,3565,916426,0.014224751066856278
2023-06-02,3560,3595,3525,3585,409936,0.005610098176718203
2023-06-05,3610,3645,3585,3645,577899,0.01673640167364021
2023-06-07,3655,3690,3495,3500,625479,-0.03978052126200271
2023-06-08,3500,3550,3410,3540,423654,0.011428571428571344
2023-06-09,3550,3705,3495,3535,876464,-0.0014124293785310327
2023-06-12,3540,3540,3410,3475,410295,-0.016973125884017004
2023-06-13,3485,3500,3435,3480,310898,0.0014388489208632116
2023-06-14,3545,3750,3365,3405,2317403,-0.02155172413793105
2023-06-15,3405,3450,3290,3370,483546,-0.01027900146842875
2023-06-16,3430,3450,3350,3355,293101,-0.004451038575667643
2023-06-19,3340,3390,3330,3385,130722,0.008941877794336861
2023-06-20,3360,3450,3310,3390,452831,0.001477104874446189
2023-06-21,3395,3580,3365,3480,849032,0.026548672566371723
2023-06-22,3445,3475,3370,3370,251437,-0.031609195402298895
2023-06-23,3370,3385,3300,3315,166210,-0.016320474777448024
2023-06-26,3280,3450,3210,3395,403451,0.02413273001508287
2023-06-27,3400,3470,3360,3420,326441,0.007363770250368162
2023-06-28,3455,3600,3440,3540,1012143,0.03508771929824572
2023-06-29,3565,3570,3485,3520,413240,-0.005649717514124242
2023-06-30,3520,3635,3510,3575,768109,0.015625
2023-07-03,3630,3650,3595,3625,622207,0.013986013986013957
2023-07-04,3660,3720,3610,3680,968550,0.015172413793103523
2023-07-05,3700,3735,3625,3705,709979,0.006793478260869623
2023-07-06,3680,3895,3680,3720,2949133,0.004048582995951344
2023-07-07,3700,3700,3510,3570,693940,-0.040322580645161255
2023-07-10,3570,3675,3540,3580,389579,0.0028011204481792618
2023-07-11,3585,3650,3460,3625,779393,0.012569832402234526
2023-07-12,3645,3680,3555,3570,407780,-0.015172413793103412
2023-07-13,3565,3600,3495,3520,387204,-0.014005602240896309
2023-07-14,3525,3565,3410,3475,382735,-0.01278409090909094
2023-07-17,3475,3475,3380,3395,302936,-0.02302158273381294
2023-07-18,3400,3465,3295,3355,362131,-0.01178203240058906
2023-07-19,3335,3355,3265,3305,234739,-0.014903129657228065
2023-07-20,3295,3295,3245,3255,203182,-0.015128593040847238
2023-07-21,3245,3295,3185,3215,188208,-0.01228878648233489
2023-07-24,3200,3215,3110,3130,353597,-0.026438569206842955
2023-07-25,3150,3220,3090,3125,270583,-0.0015974440894568342
2023-07-26,3110,3190,2840,2900,584920,-0.07199999999999995
2023-07-27,2880,2995,2880,2940,259368,0.01379310344827589
2023-07-28,2950,3165,2950,3065,451127,0.04251700680272119
2023-07-31,3150,3150,3065,3110,189210,0.014681892332789603
2023-08-01,3105,3145,3040,3100,208025,-0.003215434083601254
2023-08-02,3080,3125,3000,3010,144642,-0.029032258064516148
2023-08-03,2960,3030,2915,2960,151472,-0.01661129568106312
2023-08-04,2920,2990,2895,2970,113015,0.0033783783783782884
2023-08-07,2995,2995,2860,2990,221708,0.006734006734006703
2023-08-08,2940,2995,2850,2860,208326,-0.04347826086956519
2023-08-09,2880,2960,2845,2955,98743,0.03321678321678312
2023-08-10,2960,2960,2880,2915,61492,-0.013536379018612488
2023-08-11,2925,3020,2925,2945,109935,0.010291595197255532
2023-08-14,2945,3050,2880,2960,328362,0.005093378607809784
2023-08-16,2965,2970,2805,2815,390595,-0.048986486486486513
2023-08-17,2740,2850,2710,2810,239872,-0.001776198934280604
2023-08-18,2785,2880,2750,2835,165549,0.008896797153024938
2023-08-21,2805,2875,2805,2815,100106,-0.007054673721340388
2023-08-22,2840,2860,2765,2775,119931,-0.014209591474245165
2023-08-23,2795,2810,2750,2780,110315,0.0018018018018017834
2023-08-24,2780,2810,2760,2795,139838,0.0053956834532373765
2023-08-25,2795,2805,2750,2775,106427,-0.007155635062611854
2023-08-28,2785,2880,2750,2815,111763,0.01441441441441449
2023-08-29,2845,2900,2840,2850,175658,0.01243339253996445
2023-08-30,2885,2930,2870,2900,138537,0.01754385964912286
2023-08-31,2890,2925,2815,2840,127401,-0.020689655172413834
2023-09-01,2865,2920,2830,2845,141479,0.0017605633802817433
2023-09-04,2895,3360,2835,3025,8451559,0.06326889279437609
2023-09-05,3045,3075,2935,3005,788757,-0.006611570247933907
2023-09-06,3005,3055,2935,2935,376961,-0.02329450915141429
2023-09-07,2905,2960,2840,2845,292972,-0.030664395229982988
2023-09-08,2825,2855,2790,2840,225069,-0.0017574692442882123
2023-09-11,2850,2900,2805,2895,213277,0.01936619718309851
2023-09-12,2910,3000,2890,3000,374865,0.03626943005181338
2023-09-13,2970,3050,2905,2905,429771,-0.03166666666666662
2023-09-14,2905,2955,2885,2920,149252,0.005163511187607606
2023-09-15,2915,2970,2910,2955,132712,0.011986301369863117
2023-09-18,2955,2965,2900,2925,113758,-0.010152284263959421
2023-09-19,2910,2935,2895,2925,105282,0.0
2023-09-20,2930,3140,2895,2945,1380381,0.006837606837606813
2023-09-21,2955,3180,2940,3045,1807467,0.03395585738539908
2023-09-22,2990,3150,2980,3150,1006260,0.034482758620689724
2023-09-25,3100,3115,3015,3050,402603,-0.031746031746031744
2023-09-26,3085,3100,2895,2900,393531,-0.049180327868852514
2023-09-27,2850,2945,2835,2910,126875,0.0034482758620688614
2023-10-04,2910,2940,2760,2775,201070,-0.046391752577319534
2023-10-05,2810,2830,2695,2695,169013,-0.028828828828828867
2023-10-06,2650,2825,2650,2760,176233,0.024118738404452778
2023-10-10,2760,2795,2680,2685,165536,-0.02717391304347827
2023-10-11,2685,2765,2685,2730,76425,0.016759776536312776
2023-10-12,2740,2830,2740,2810,101875,0.0293040293040292
2023-10-13,2810,2820,2740,2750,78851,-0.02135231316725983
2023-10-16,2740,2745,2690,2720,61131,-0.010909090909090868
2023-10-17,2760,2815,2735,2785,79501,0.023897058823529438
2023-10-18,2785,2835,2765,2775,58351,-0.0035906642728904536
2023-10-19,2775,2775,2690,2700,88993,-0.027027027027026973
2023-10-20,2650,2690,2600,2635,110008,-0.024074074074074026
2023-10-23,2590,2680,2590,2625,50529,-0.003795066413662229
2023-10-24,2625,2665,2550,2660,140878,0.01333333333333342
2023-10-25,2680,2740,2665,2700,73923,0.015037593984962516
2023-10-26,2645,2670,2570,2570,105312,-0.04814814814814816
2023-10-27,2605,2710,2555,2675,114118,0.040856031128404746
2023-10-30,2675,2705,2630,2630,63862,-0.016822429906542036
2023-10-31,2650,2715,2630,2645,95454,0.005703422053231932
2023-11-01,2645,2730,2645,2650,69459,0.001890359168241984
2023-11-02,2700,2765,2700,2760,81404,0.04150943396226414
2023-11-03,2780,2795,2730,2770,81456,0.0036231884057971175
2023-11-06,2775,2820,2730,2815,100777,0.016245487364620947
2023-11-07,2830,2830,2745,2775,81989,-0.014209591474245165
2023-11-08,2800,2810,2750,2750,73038,-0.009009009009009028
2023-11-09,2735,2835,2735,2800,160946,0.018181818181818077
2023-11-10,2800,2805,2710,2720,104169,-0.02857142857142858
2023-11-13,2740,3150,2740,3000,2551482,0.10294117647058831
2023-11-14,2975,3120,2930,3000,1022222,0.0
2023-11-15,3080,3080,2975,3000,520728,0.0
2023-11-16,2990,3050,2975,3030,269384,0.010000000000000009
2023-11-17,3025,3025,2950,2960,166164,-0.02310231023102305
2023-11-20,2960,3030,2920,2965,254120,0.0016891891891892552
2023-11-21,2980,2985,2945,2975,123145,0.003372681281618828
2023-11-22,2965,3030,2945,2980,174446,0.001680672268907557
2023-11-23,2985,3010,2945,2955,118640,-0.008389261744966459
2023-11-24,2955,3000,2955,2975,94364,0.006768189509306355
2023-11-27,2980,2995,2870,2900,188738,-0.025210084033613467
2023-11-28,2900,2935,2865,2920,103089,0.006896551724137945
2023-11-29,2920,2940,2855,2860,113920,-0.020547945205479423
2023-11-30,2860,2890,2835,2835,148320,-0.00874125874125875
2023-12-01,2835,2890,2835,2850,126596,0.005291005291005346
2023-12-04,2855,2900,2830,2855,135375,0.0017543859649122862
2023-12-05,2855,2875,2775,2780,133152,-0.02626970227670755
2023-12-06,2790,2815,2735,2790,67557,0.003597122302158251
2023-12-07,2790,2805,2730,2760,79968,-0.010752688172043001
2023-12-08,2760,2810,2760,2790,93000,0.010869565217391353
2023-12-11,2820,2830,2785,2815,146686,0.008960573476702427
2023-12-12,2835,2850,2810,2835,111837,0.007104795737122638
2023-12-13,2845,2845,2770,2785,94605,-0.01763668430335097
2023-12-14,2790,2825,2775,2795,84568,0.0035906642728904536
2023-12-15,2815,2900,2810,2870,214451,0.02683363148479434
2023-12-18,2900,2925,2875,2905,154763,0.012195121951219523
2023-12-19,2905,2910,2870,2880,66034,-0.008605851979345935
2023-12-20,2910,2990,2880,2950,302157,0.02430555555555558
2023-12-21,2910,3025,2905,2940,251476,-0.003389830508474523
2023-12-22,2980,2980,2925,2940,151123,0.0
2023-12-26,2940,2940,2860,2880,124016,-0.020408163265306145
2023-12-27,2905,2930,2870,2905,116750,0.00868055555555558
2023-12-28,2905,3015,2900,2950,311767,0.015490533562822817
2024-01-02,2950,2980,2910,2965,201577,0.005084745762711895
2024-01-03,2930,2955,2885,2890,163321,-0.025295109612141653
2024-01-04,2890,2900,2855,2870,126595,-0.00692041522491349
2024-01-05,2860,2920,2860,2895,58151,0.008710801393728262
2024-01-08,2925,2930,2875,2900,159602,0.0017271157167531026
2024-01-09,2900,2915,2875,2885,142323,-0.005172413793103403
2024-01-10,2885,2945,2875,2915,204680,0.010398613518197486
2024-01-11,2915,2965,2905,2915,166416,0.0
2024-01-12,2910,2925,2835,2850,215046,-0.022298456260720356
2024-01-15,2845,2845,2795,2810,480866,-0.01403508771929829
2024-01-16,2795,2825,2765,2800,117911,-0.003558718861209953
2024-01-17,2780,2795,2645,2655,275408,-0.051785714285714324
2024-01-18,2660,2715,2645,2695,99979,0.015065913370998052
2024-01-19,2700,2755,2695,2720,100532,0.00927643784786647
2024-01-22,2735,2735,2680,2705,55387,-0.005514705882352922
2024-01-23,2705,2745,2685,2730,68136,0.009242144177449063
2024-01-24,2720,2755,2710,2750,64200,0.0073260073260073
2024-01-25,2730,2820,2700,2810,243590,0.021818181818181737
2024-01-26,2835,2845,2775,2775,112190,-0.01245551601423489
2024-01-29,2805,2805,2715,2790,67240,0.00540540540540535
2024-01-30,2830,2880,2805,2820,202544,0.010752688172043001
2024-01-31,2820,2845,2785,2830,101147,0.0035460992907800915
2024-02-01,2820,2915,2780,2855,303712,0.008833922261484162
2024-02-02,2875,2980,2855,2965,696977,0.038528896672504365
2024-02-05,2950,2995,2905,2915,294270,-0.016863406408094472
2024-02-06,2910,2945,2830,2865,135978,-0.01715265866209259
2024-02-07,2875,2945,2875,2930,175827,0.022687609075043635
2024-02-08,2925,2945,2880,2910,127374,-0.0068259385665528916
2024-02-13,2900,2965,2890,2925,208483,0.005154639175257714
2024-02-14,2895,2980,2895,2970,238501,0.01538461538461533
2024-02-15,2990,3010,2915,2915,207542,-0.01851851851851849
2024-02-16,2930,3010,2920,2980,269165,0.022298456260720467
2024-02-19,2960,3015,2945,2985,175758,0.001677852348993314
2024-02-20,2985,2990,2930,2945,144260,-0.01340033500837523
2024-02-21,2930,2980,2915,2930,155978,-0.005093378607809895
2024-02-22,2930,2945,2895,2935,110542,0.0017064846416381396
2024-02-23,2935,2935,2850,2850,141778,-0.028960817717206155
2024-02-26,2820,2910,2820,2905,146208,0.019298245614035148
2024-02-27,2900,2900,2810,2835,128813,-0.02409638554216864
2024-02-28,2830,2880,2820,2840,1066826,0.0017636684303350414
2024-02-29,2870,2920,2850,2915,196572,0.02640845070422526
2024-03-04,2940,2970,2910,2970,215955,0.018867924528301883
2024-03-05,2940,2975,2920,2925,140039,-0.015151515151515138
2024-03-06,2925,3030,2915,2990,299945,0.022222222222222143
2024-03-07,2995,2995,2940,2955,148702,-0.01170568561872909
2024-03-08,3000,3170,2880,2880,2313767,-0.025380710659898442
2024-03-11,2900,2985,2890,2925,424963,0.015625
2024-03-12,2915,2940,2850,2850,290067,-0.02564102564102566
2024-03-13,2865,2880,2825,2845,115823,-0.0017543859649122862
2024-03-14,2835,2875,2835,2845,106089,0.0
2024-03-15,2885,2890,2800,2845,129935,0.0
2024-03-18,2845,2865,2820,2865,97264,0.007029876977152849
2024-03-19,2855,2875,2765,2770,217560,-0.03315881326352532
2024-03-20,2790,2815,2790,2805,68342,0.012635379061371799
2024-03-21,2815,2840,2800,2800,61238,-0.0017825311942959443
2024-03-22,2810,2820,2785,2795,108525,-0.0017857142857142794
2024-03-25,2810,2810,2760,2785,87656,-0.003577817531305927
2024-03-26,2765,2800,2760,2775,93051,-0.0035906642728904536
2024-03-27,2775,2820,2770,2795,76545,0.007207207207207134
2024-03-28,2800,2835,2795,2810,92764,0.005366726296958779
2024-03-29,2810,2835,2765,2770,98870,-0.014234875444839812
2024-04-01,2775,2840,2775,2820,100362,0.018050541516245522
2024-04-02,2820,2850,2775,2775,112829,-0.015957446808510634
2024-04-03,2775,2790,2705,2710,142056,-0.023423423423423406
2024-04-04,2720,2735,2685,2690,82659,-0.0073800738007380184
2024-04-05,2675,2720,2655,2700,80513,0.0037174721189590088
2024-04-08,2710,2715,2645,2665,75142,-0.012962962962962954
2024-04-09,2665,2735,2665,2705,48830,0.015009380863039379
2024-04-11,2665,2755,2630,2745,111245,0.014787430683918634
2024-04-12,2720,2815,2720,2805,97523,0.021857923497267784
2024-04-15,2795,2830,2725,2815,82726,0.0035650623885918886
2024-04-16,2790,2820,2750,2750,69148,-0.023090586145648295
2024-04-17,2725,2780,2720,2750,52443,0.0
2024-04-18,2725,2770,2725,2755,33585,0.0018181818181817189
2024-04-19,2740,2765,2640,2700,106857,-0.019963702359346636
2024-04-22,2700,2770,2690,2720,66232,0.007407407407407307
2024-04-23,2720,2750,2650,2680,117384,-0.014705882352941124
2024-04-24,2685,2735,2685,2695,86267,0.005597014925373234
2024-04-25,2695,2750,2680,2710,63621,0.005565862708719838
2024-04-26,2715,2725,2675,2690,86092,-0.0073800738007380184
2024-04-29,2680,2705,2680,2700,56636,0.0037174721189590088
2024-04-30,2685,2745,2685,2720,50768,0.007407407407407307
2024-05-02,2705,2715,2680,2710,42911,-0.003676470588235281
2024-05-03,2715,2730,2700,2725,71255,0.005535055350553542
2024-05-07,2725,2735,2695,2700,72131,-0.00917431192660545
2024-05-08,2690,2740,2690,2735,84427,0.012962962962963065
2024-05-09,2735,2745,2705,2720,41326,-0.005484460694698323
2024-05-10,2720,2735,2695,2715,63081,-0.0018382352941176405
2024-05-13,2700,2725,2680,2695,42959,-0.007366482504604033
2024-05-14,2695,2750,2690,2715,64672,0.007421150278293043
2024-05-16,2730,2740,2705,2725,70191,0.0036832412523020164
2024-05-17,2720,2745,2710,2720,75109,-0.0018348623853210455
2024-05-20,2715,2735,2685,2715,78174,-0.0018382352941176405
2024-05-21,2700,2710,2665,2700,62928,-0.0055248618784530246
2024-05-22,2680,2920,2675,2720,719905,0.007407407407407307
2024-05-23,2740,2760,2710,2750,154886,0.011029411764705843
2024-05-24,2745,2770,2695,2730,67162,-0.0072727272727273196
2024-05-27,2745,2765,2710,2725,76113,-0.001831501831501825
2024-05-28,2730,2755,2700,2725,123978,0.0
2024-05-29,2715,2740,2685,2690,77695,-0.012844036697247652
2024-05-30,2690,2705,2660,2665,56277,-0.009293680297397744
2024-05-31,2660,2715,2660,2675,61897,0.0037523452157599557
2024-06-03,2680,2735,2675,2725,88169,0.01869158878504673
2024-06-04,2695,2725,2680,2700,89379,-0.00917431192660545
2024-06-05,2700,2750,2695,2705,84192,0.0018518518518517713
2024-06-07,2705,2725,2685,2705,53309,0.0
2024-06-10,2680,2705,2675,2705,44503,0.0
2024-06-11,2690,2715,2665,2665,74294,-0.014787430683918634
2024-06-12,2680,2725,2670,2680,67141,0.0056285178236397115
2024-06-13,2685,2730,2685,2715,80223,0.013059701492537323
2024-06-14,2720,2795,2685,2685,191661,-0.011049723756906049
2024-06-17,2695,2780,2695,2750,187598,0.024208566108007368
2024-06-18,2730,2775,2730,2750,88764,0.0
2024-06-19,2750,2760,2720,2740,78156,-0.0036363636363636598
2024-06-20,2740,2755,2715,2735,42238,-0.0018248175182481452
2024-06-21,2730,2735,2665,2680,106416,-0.020109689213894
2024-06-24,2680,2685,2640,2650,88142,-0.011194029850746245
2024-06-25,2630,2685,2625,2660,94812,0.0037735849056603765
2024-06-26,2670,2690,2650,2660,30608,0.0
2024-06-27,2670,2720,2660,2720,225174,0.022556390977443552
2024-06-28,2720,2735,2675,2690,77445,-0.011029411764705843
2024-07-01,2690,2725,2670,2715,79534,0.009293680297397744
2024-07-02,2710,2730,2645,2660,113297,-0.02025782688766109
2024-07-03,2690,2690,2635,2650,52370,-0.003759398496240629
2024-07-04,2650,2690,2610,2630,105825,-0.007547169811320753
2024-07-05,2630,2670,2530,2535,185194,-0.03612167300380231
2024-07-08,2535,2550,2485,2535,152994,0.0
2024-07-09,2535,2540,2500,2535,117512,0.0
2024-07-10,2525,2555,2525,2545,32753,0.0039447731755424265
2024-07-11,2555,2555,2520,2525,40151,-0.007858546168958758
2024-07-12,2530,2545,2505,2535,29261,0.003960396039603964
2024-07-15,2550,2550,2515,2530,31640,-0.0019723865877712132
2024-07-16,2510,2550,2510,2535,49700,0.0019762845849802257
2024-07-17,2530,2550,2525,2535,41399,0.0
2024-07-18,2535,2535,2490,2510,57990,-0.009861932938856066
2024-07-19,2510,2580,2485,2505,86178,-0.0019920318725099584
2024-07-22,2505,2505,2415,2425,123094,-0.031936127744510934
2024-07-23,2425,2450,2405,2415,50869,-0.004123711340206171
2024-07-24,2410,2525,2405,2420,148856,0.0020703933747412417
2024-07-25,2415,2415,2335,2350,66608,-0.02892561983471076
2024-07-26,2350,2375,2335,2360,23776,0.004255319148936065
2024-07-29,2350,2420,2350,2410,21483,0.021186440677966045
2024-07-30,2410,2420,2355,2365,64730,-0.018672199170124526
2024-07-31,2360,2415,2355,2400,55811,0.014799154334038
2024-08-01,2415,2450,2405,2425,30983,0.01041666666666674
2024-08-02,2415,2440,2340,2365,45146,-0.024742268041237137
2024-08-05,2340,2355,1998,2025,276559,-0.14376321353065535
2024-08-06,1985,2165,1985,2110,126836,0.041975308641975406
2024-08-07,2065,2190,2065,2190,74269,0.03791469194312791
2024-08-08,2190,2190,2120,2160,52769,-0.013698630136986356
2024-08-09,2185,2220,2180,2210,45071,0.02314814814814814
2024-08-12,2210,2250,2190,2250,26854,0.018099547511312153
2024-08-13,2230,2265,2215,2230,40931,-0.008888888888888835
2024-08-14,2245,2330,2240,2260,124686,0.013452914798206317
2024-08-16,2265,2290,2225,2275,94171,0.006637168141592875
2024-08-19,2260,2350,2260,2350,79205,0.03296703296703307
2024-08-20,2370,2475,2345,2450,256586,0.042553191489361764
2024-08-21,2425,2460,2415,2460,36400,0.004081632653061273
2024-08-22,2455,2455,2330,2355,84840,-0.04268292682926833
2024-08-23,2355,2355,2295,2340,38582,-0.006369426751592355
2024-08-26,2330,2390,2300,2375,88647,0.014957264957264904
2024-08-27,2365,2390,2345,2370,42923,-0.002105263157894721
2024-08-28,2380,2400,2320,2395,81630,0.010548523206751037
2024-08-29,2395,2650,2355,2650,1011217,0.10647181628392488
2024-08-30,2595,2710,2525,2570,542274,-0.030188679245283012
2024-09-02,2580,2595,2485,2485,113193,-0.03307392996108949
2024-09-03,2470,2510,2415,2495,111119,0.004024144869215318
2024-09-04,2435,2440,2340,2410,67560,-0.034068136272545124
2024-09-05,2395,2455,2315,2335,52574,-0.03112033195020747
2024-09-06,2335,2400,2270,2350,87830,0.0064239828693790635
2024-09-09,2335,2360,2260,2360,36121,0.004255319148936065
2024-09-10,2360,2410,2285,2285,33568,-0.03177966101694918
2024-09-11,2285,2300,2245,2255,21108,-0.013129102844638973
2024-09-12,2260,2340,2260,2340,48277,0.037694013303769314
2024-09-13,2375,2420,2330,2330,68350,-0.004273504273504258
2024-09-19,2330,2360,2265,2340,47595,0.0042918454935623185
2024-09-20,2340,2370,2300,2325,37100,-0.0064102564102563875
2024-09-23,2305,2375,2305,2355,17952,0.012903225806451646
2024-09-24,2335,2395,2315,2395,60900,0.01698513800424628
2024-09-25,2395,2440,2365,2400,49397,0.0020876826722338038
2024-09-26,2390,2420,2380,2405,21200,0.002083333333333437
2024-09-27,2405,2435,2390,2410,28110,0.0020790020790020236
2024-09-30,2410,2410,2330,2365,43961,-0.018672199170124526
2024-10-02,2360,2365,2280,2300,31903,-0.02748414376321351
2024-10-04,2315,2350,2280,2295,25492,-0.0021739130434782483
2024-10-07,2400,2400,2290,2320,21986,0.01089324618736387
2024-10-08,2320,2345,2290,2315,12463,-0.0021551724137931494
2024-10-10,2315,2340,2275,2275,17500,-0.017278617710583144
2024-10-11,2285,2320,2270,2280,14203,0.00219780219780219
2024-10-14,2280,2335,2265,2320,58793,0.01754385964912286
2024-10-15,2320,2335,2285,2295,41842,-0.010775862068965525
2024-10-16,2295,2325,2270,2295,37935,0.0
2024-10-17,2275,2375,2275,2370,81877,0.03267973856209161
2024-10-18,2360,2415,2320,2395,54604,0.010548523206751037
2024-10-21,2390,2720,2360,2490,3486222,0.039665970772442494
2024-10-22,2440,2680,2300,2325,1932449,-0.0662650602409639
2024-10-23,2315,2340,2280,2290,153654,-0.01505376344086018
2024-10-24,2270,2300,2255,2255,91352,-0.015283842794759805
2024-10-25,2250,2290,2215,2215,73424,-0.0177383592017738
2024-10-28,2230,2250,2220,2225,43082,0.004514672686230181
2024-10-29,2280,2280,2215,2235,49572,0.004494382022471877
2024-10-30,2235,2260,2210,2220,33568,-0.006711409395973145
2024-10-31,2220,2250,2190,2225,42485,0.0022522522522523403
2024-11-01,2225,2240,2215,2230,25190,0.0022471910112360494
2024-11-04,2230,2265,2220,2255,44407,0.011210762331838486
2024-11-05,2250,2265,2230,2265,27460,0.0044345898004434225
2024-11-06,2275,2330,2260,2280,75354,0.0066225165562914245
2024-11-07,2250,2280,2220,2265,57314,-0.006578947368421018
2024-11-08,2265,2290,2240,2255,26839,-0.004415011037527616
2024-11-11,2255,2260,2155,2190,70453,-0.02882483370288247
2024-11-12,2165,2190,2100,2100,52298,-0.04109589041095896
2024-11-13,2065,2120,2035,2035,46893,-0.030952380952380953
2024-11-14,2035,2065,1995,2035,75053,0.0
2024-11-15,2005,2075,1994,2070,116231,0.017199017199017286
2024-11-18,2065,2120,2025,2105,43398,0.01690821256038655
2024-11-19,2120,2130,2070,2070,41661,-0.016627078384798155
2024-11-20,2075,2120,2050,2075,72037,0.0024154589371980784
2024-11-21,2075,2080,2040,2065,58571,-0.004819277108433773
2024-11-22,2065,2080,2055,2075,30874,0.004842615012106588
2024-11-25,2075,2125,2070,2115,48775,0.01927710843373487
2024-11-26,2120,2130,2095,2110,33837,-0.0023640661938534313
2024-11-27,2110,2170,2085,2105,38836,-0.0023696682464454666
2024-11-28,2115,2115,2070,2085,31746,-0.009501187648456089
2024-11-29,2090,2095,2025,2025,55913,-0.02877697841726623
2024-12-02,2025,2080,2010,2015,29064,-0.004938271604938316
2024-12-03,2030,2065,2020,2065,27820,0.02481389578163773
2024-12-04,2050,2060,2000,2040,101025,-0.01210653753026636
2024-12-05,2035,2060,1990,1994,74780,-0.022549019607843168
2024-12-06,1993,2000,1906,1953,98193,-0.020561685055165535
2024-12-09,1937,1937,1785,1809,172126,-0.07373271889400923
2024-12-10,1811,1895,1809,1882,141670,0.040353786622443266
2024-12-11,1882,1950,1882,1950,43164,0.036131774707757636
2024-12-12,1960,2010,1951,1987,44307,0.01897435897435895
2024-12-13,1986,2020,1977,1992,20123,0.0025163563160544022
2024-12-16,2010,2030,1985,2030,32175,0.01907630522088355
2024-12-17,2040,2040,1994,2020,37752,-0.0049261083743842304
2024-12-18,2020,2045,2000,2045,46002,0.012376237623762387
2024-12-19,2040,2040,1997,2025,42292,-0.009779951100244544
2024-12-20,2020,2050,1991,1991,35257,-0.016790123456790096
2024-12-23,1992,2045,1985,2045,34085,0.027122049221496747
2024-12-24,2035,2175,2020,2045,94129,0.0
2024-12-26,2060,2080,2045,2065,59324,0.009779951100244544
2024-12-27,2060,2060,1951,1974,80584,-0.04406779661016946
2024-12-30,1973,1985,1948,1981,26267,0.0035460992907800915
2025-01-02,1981,2035,1971,2035,26248,0.027258960121151032
2025-01-03,2045,2070,2010,2050,50398,0.0073710073710073765
2025-01-06,2050,2070,2045,2050,32263,0.0
2025-01-07,2050,2065,2020,2040,47660,-0.004878048780487809
2025-01-08,2030,2065,2000,2045,69662,0.002450980392156854
2025-01-09,2040,2070,2020,2040,48511,-0.0024449877750610804
2025-01-10,2040,2075,2040,2075,31987,0.017156862745097978
2025-01-13,2075,2080,2035,2055,18158,-0.009638554216867434
2025-01-14,2055,2060,2025,2045,89722,-0.0048661800486617945
2025-01-15,2050,2065,2025,2035,37841,-0.004889975550122272
2025-01-16,2045,2095,2040,2090,40490,0.027027027027026973
2025-01-17,2065,2425,2055,2205,3677288,0.055023923444976086
2025-01-20,2280,2520,2260,2325,2372800,0.054421768707483054
2025-01-21,2325,2430,2255,2320,620250,-0.0021505376344086446
2025-01-22,2315,2360,2235,2280,268679,-0.017241379310344862
2025-01-23,2285,2490,2225,2365,1532661,0.037280701754385914
2025-01-24,2290,2320,2245,2270,302378,-0.04016913319238902
2025-01-31,2270,2285,2230,2265,146390,-0.0022026431718061845
2025-02-03,2250,2250,2145,2175,133414,-0.039735099337748325
2025-02-04,2175,2285,2175,2220,74422,0.020689655172413834
2025-02-05,2225,2275,2225,2235,75387,0.006756756756756799
2025-02-06,2245,2680,2230,2385,4339551,0.06711409395973145
2025-02-07,2380,2400,2310,2345,352762,-0.016771488469601636
2025-02-10,2325,2360,2275,2290,194884,-0.023454157782516027
2025-02-11,2290,2390,2275,2370,158524,0.03493449781659397
2025-02-12,2370,2395,2280,2325,211685,-0.01898734177215189
2025-02-13,2320,2440,2305,2355,332950,0.012903225806451646
2025-02-14,2350,2380,2315,2340,111908,-0.006369426751592355
2025-02-17,2340,2340,2305,2335,55478,-0.002136752136752129
2025-02-18,2320,2330,2260,2305,202171,-0.012847965738758016
2025-02-19,2295,2355,2285,2335,124981,0.013015184381778733
2025-02-20,2335,2370,2310,2330,67230,-0.0021413276231263545
2025-02-21,2450,2450,2310,2320,293635,-0.0042918454935622075
2025-02-24,2315,2620,2270,2350,2363206,0.012931034482758674
2025-02-25,2305,2410,2305,2350,339420,0.0
2025-02-26,2345,2375,2335,2365,86135,0.006382978723404209
2025-02-27,2365,2375,2310,2325,131954,-0.016913319238900604
2025-02-28,2305,2315,2235,2250,108691,-0.032258064516129004
2025-03-04,2235,2260,2190,2250,56033,0.0
2025-03-05,2250,2375,2245,2300,142804,0.022222222222222143
2025-03-06,2310,2350,2280,2300,47245,0.0
2025-03-07,2300,2325,2275,2290,42220,-0.004347826086956497
2025-03-10,2295,2295,2245,2250,34154,-0.017467248908296984
2025-03-11,2215,2250,2180,2205,69774,-0.020000000000000018
2025-03-12,2200,2245,2190,2235,30720,0.013605442176870763
2025-03-13,2215,2255,2185,2210,49165,-0.01118568232662187
2025-03-14,2200,2235,2180,2230,38419,0.009049773755656076
2025-03-17,2240,2250,2215,2230,21263,0.0
2025-03-18,2245,2245,2200,2210,42926,-0.008968609865470878
2025-03-19,2225,2235,2200,2235,31298,0.011312217194570096
2025-03-20,2230,2250,2200,2200,35557,-0.015659955257270708
2025-03-21,2200,2210,2155,2165,46239,-0.015909090909090873
2025-03-24,2170,2235,2140,2225,83023,0.02771362586605086
2025-03-25,2440,2620,2270,2270,4608633,0.020224719101123556
2025-03-26,2315,2350,2255,2280,334423,0.004405286343612369
2025-03-27,2260,2260,2180,2180,277909,-0.04385964912280704
2025-03-28,2150,2160,2090,2100,156570,-0.03669724770642202
