Date,Open,High,Low,Close,Volume,Change
2022-01-03,2620,2640,2585,2615,145493,-0.001908396946564861
2022-01-04,2615,2640,2605,2625,150076,0.003824091778202643
2022-01-05,2640,2645,2535,2570,329247,-0.020952380952380945
2022-01-06,2520,2570,2495,2515,264153,-0.021400778210116767
2022-01-07,2510,2560,2510,2535,170533,0.007952286282306265
2022-01-10,2535,2540,2455,2470,242117,-0.02564102564102566
2022-01-11,2465,2490,2400,2445,233587,-0.010121457489878583
2022-01-12,2450,2590,2450,2550,431000,0.042944785276073594
2022-01-13,2535,2575,2535,2550,151523,0.0
2022-01-14,2530,2535,2455,2490,221690,-0.02352941176470591
2022-01-17,2470,2470,2355,2390,306811,-0.04016064257028118
2022-01-18,2385,2435,2325,2335,173171,-0.023012552301255207
2022-01-19,2300,2365,2290,2290,257378,-0.01927194860813708
2022-01-20,2270,2330,2270,2315,228791,0.01091703056768556
2022-01-21,2305,2350,2290,2320,143110,0.002159827213822796
2022-01-24,2310,2310,2220,2235,318984,-0.03663793103448276
2022-01-25,2225,2255,2080,2090,463761,-0.06487695749440714
2022-01-26,2060,2175,2060,2100,282268,0.004784688995215225
2022-01-27,2100,2145,1970,1980,407075,-0.05714285714285716
2022-01-28,1985,2115,1985,2110,317030,0.06565656565656575
2022-02-03,2155,2450,2145,2360,1946383,0.11848341232227488
2022-02-04,2300,2445,2295,2410,457384,0.021186440677966045
2022-02-07,2410,2435,2360,2405,182296,-0.0020746887966804906
2022-02-08,2380,2410,2335,2410,177687,0.0020790020790020236
2022-02-09,2390,2450,2390,2450,193260,0.016597510373443924
2022-02-10,2450,2460,2400,2435,182906,-0.006122448979591799
2022-02-11,2405,2425,2325,2385,192212,-0.02053388090349073
2022-02-14,2320,2355,2245,2275,345355,-0.04612159329140464
2022-02-15,2250,2295,2220,2260,228696,-0.00659340659340657
2022-02-16,2280,2395,2280,2360,213692,0.04424778761061954
2022-02-17,2360,2730,2360,2495,8845817,0.05720338983050843
2022-02-18,2470,2625,2465,2570,1421530,0.03006012024048088
2022-02-21,2555,2620,2520,2550,442817,-0.0077821011673151474
2022-02-22,2470,2640,2470,2490,667492,-0.02352941176470591
2022-02-23,2510,2570,2475,2530,285870,0.016064257028112428
2022-02-24,2510,2520,2360,2405,522396,-0.04940711462450598
2022-02-25,2440,2465,2395,2415,265435,0.004158004158004047
2022-02-28,2415,2440,2370,2435,287061,0.008281573498964745
2022-03-02,2420,2470,2415,2445,266046,0.004106776180698102
2022-03-03,2470,2520,2450,2505,256000,0.024539877300613577
2022-03-04,2525,2725,2525,2570,3519886,0.02594810379241519
2022-03-07,2550,2560,2455,2470,373354,-0.03891050583657585
2022-03-08,2405,2460,2360,2375,358284,-0.038461538461538436
2022-03-10,2400,2515,2400,2475,323638,0.042105263157894646
2022-03-11,2485,2520,2460,2485,217410,0.004040404040404066
2022-03-14,2485,2485,2390,2430,314675,-0.02213279678068414
2022-03-15,2405,2450,2385,2430,274918,0.0
2022-03-16,2450,2690,2450,2600,2809757,0.06995884773662553
2022-03-17,2610,2695,2585,2665,1010986,0.02499999999999991
2022-03-18,2700,2705,2630,2670,426864,0.0018761726078799779
2022-03-21,2680,2685,2635,2635,249501,-0.01310861423220977
2022-03-22,2625,2630,2585,2605,242054,-0.011385199240986688
2022-03-23,2620,2670,2505,2530,943135,-0.028790786948176605
2022-03-24,2485,2565,2480,2565,455177,0.01383399209486158
2022-03-25,2565,2570,2510,2545,223865,-0.007797270955165692
2022-03-28,2530,2625,2525,2580,302592,0.013752455795677854
2022-03-29,2565,3350,2560,3350,23729405,0.29844961240310086
2022-03-30,3625,3755,3450,3590,43566095,0.07164179104477619
2022-03-31,3535,3615,3520,3590,11563434,0.0
2022-04-01,3535,3555,3400,3435,5418550,-0.04317548746518107
2022-04-04,3435,3500,3350,3500,4248179,0.018922852983988436
2022-04-05,3450,3740,3365,3575,15960923,0.021428571428571352
2022-04-06,3575,3685,3300,3340,9336553,-0.06573426573426577
2022-04-07,3340,3465,3115,3175,4794442,-0.04940119760479045
2022-04-08,3180,3255,3065,3090,2989462,-0.026771653543307128
2022-04-11,3070,3160,3070,3085,1301096,-0.0016181229773463146
2022-04-12,3030,3070,2910,2980,1919719,-0.03403565640194495
2022-04-13,2990,3135,2975,3065,3082962,0.028523489932885893
2022-04-14,3050,3225,3050,3145,3542064,0.02610114192495927
2022-04-15,3110,3125,3005,3010,1134971,-0.042925278219395846
2022-04-18,3000,3005,2865,2930,1355387,-0.02657807308970095
2022-04-19,2980,2985,2920,2930,461752,0.0
2022-04-20,2960,3315,2945,3105,9535185,0.05972696245733777
2022-04-21,3160,3380,3065,3300,10944552,0.06280193236714982
2022-04-22,3300,3350,3200,3225,2710592,-0.022727272727272707
2022-04-25,3125,3155,3010,3030,1459532,-0.06046511627906981
2022-04-26,3080,3435,3060,3220,11213629,0.06270627062706269
2022-04-27,3130,3360,3115,3270,4520367,0.01552795031055898
2022-04-28,3280,3470,3220,3370,7751659,0.030581039755351647
2022-04-29,3450,3645,3310,3335,11311832,-0.010385756676557834
2022-05-02,3275,3415,3200,3335,1787830,0.0
2022-05-03,3335,3380,3195,3205,1505370,-0.038980509745127456
2022-05-04,3200,3225,3100,3105,1055845,-0.03120124804992197
2022-05-06,3055,3065,2990,3020,770327,-0.027375201288244777
2022-05-09,3020,3020,2890,2905,795984,-0.038079470198675525
2022-05-10,2805,2945,2750,2930,951449,0.008605851979345935
2022-05-11,2895,2960,2885,2920,490493,-0.0034129692832765013
2022-05-12,2880,2905,2730,2745,630943,-0.05993150684931503
2022-05-13,2750,2910,2750,2880,635235,0.049180327868852514
2022-05-16,2920,3050,2900,2950,750757,0.02430555555555558
2022-05-17,2960,3000,2915,2940,390327,-0.003389830508474523
2022-05-18,2975,2990,2885,2900,516781,-0.013605442176870763
2022-05-19,2795,2980,2785,2860,643678,-0.01379310344827589
2022-05-20,2870,2885,2840,2845,331397,-0.005244755244755206
2022-05-23,2845,2945,2830,2935,421365,0.03163444639718804
2022-05-24,2950,2950,2765,2765,635936,-0.05792163543441231
2022-05-25,2775,3535,2715,3325,48636517,0.20253164556962022
2022-05-26,3290,3335,3220,3250,5833644,-0.022556390977443663
2022-05-27,3270,3275,3080,3105,3767755,-0.04461538461538461
2022-05-30,3100,3250,3085,3145,5312227,0.012882447665056418
2022-05-31,3125,3170,3090,3150,1475407,0.0015898251192367763
2022-06-02,3190,3480,3185,3235,19371347,0.026984126984126888
2022-06-03,3215,3325,3195,3200,2846284,-0.010819165378670781
2022-06-07,3185,3210,3040,3040,1602404,-0.050000000000000044
2022-06-08,3080,3115,3025,3030,997928,-0.003289473684210509
2022-06-09,3015,3240,2940,3125,4677978,0.031353135313531455
2022-06-10,3075,3265,3040,3170,4925057,0.014399999999999968
2022-06-13,3095,3105,2890,2950,1912994,-0.06940063091482651
2022-06-14,2850,2910,2785,2875,1066776,-0.025423728813559365
2022-06-15,2845,2945,2775,2805,1155123,-0.024347826086956514
2022-06-16,2880,2955,2800,2810,918792,0.0017825311942958333
2022-06-17,2755,2900,2720,2875,1015568,0.02313167259786475
2022-06-20,2900,2915,2560,2575,1360607,-0.10434782608695647
2022-06-21,2600,2655,2500,2620,813424,0.01747572815533971
2022-06-22,2635,2735,2495,2500,998498,-0.04580152671755722
2022-06-23,2500,2530,2275,2275,1291116,-0.08999999999999997
2022-06-24,2270,2455,2270,2425,794566,0.06593406593406592
2022-06-27,2470,2575,2400,2555,571600,0.053608247422680444
2022-06-28,2535,2605,2525,2580,516815,0.009784735812133016
2022-06-29,2500,2595,2485,2555,370702,-0.009689922480620172
2022-06-30,2535,2600,2500,2510,443651,-0.017612524461839585
2022-07-01,2510,2600,2410,2460,502552,-0.019920318725099584
2022-07-04,2460,2565,2335,2430,1031383,-0.012195121951219523
2022-07-05,2440,2550,2430,2550,495503,0.04938271604938271
2022-07-06,2550,2645,2505,2570,652728,0.007843137254901933
2022-07-07,2620,2670,2580,2615,413544,0.017509727626459082
2022-07-08,2620,2655,2580,2620,456242,0.0019120458891013214
2022-07-11,2630,2865,2630,2730,1834861,0.041984732824427384
2022-07-12,2720,2805,2665,2755,1182854,0.009157509157509125
2022-07-13,2750,2805,2675,2675,790371,-0.029038112522686066
2022-07-14,2650,2910,2630,2700,3028126,0.009345794392523255
2022-07-15,2715,2815,2680,2810,2991714,0.040740740740740744
2022-07-18,2850,3130,2850,2965,13038929,0.05516014234875444
2022-07-19,2950,2985,2880,2890,1252945,-0.025295109612141653
2022-07-20,2920,2955,2860,2885,1371211,-0.0017301038062284002
2022-07-21,2950,3130,2835,3000,12566639,0.03986135181975747
2022-07-22,2985,2985,2840,2840,1948104,-0.053333333333333344
2022-07-25,2820,2845,2740,2775,966925,-0.022887323943661997
2022-07-26,2765,2840,2750,2780,1079598,0.0018018018018017834
2022-07-27,2765,2815,2760,2775,522113,-0.0017985611510791255
2022-07-28,2795,2795,2740,2740,398256,-0.012612612612612595
2022-07-29,2745,2765,2655,2690,535135,-0.018248175182481785
2022-08-01,2690,2700,2640,2695,351845,0.0018587360594795044
2022-08-02,2685,2750,2645,2745,728834,0.01855287569573294
2022-08-03,2750,2785,2730,2740,406991,-0.0018214936247723523
2022-08-04,2755,2755,2710,2720,333007,-0.007299270072992692
2022-08-05,2715,2805,2710,2780,610105,0.022058823529411686
2022-08-08,2800,2805,2740,2780,369407,0.0
2022-08-09,2780,2790,2735,2760,316143,-0.007194244604316502
2022-08-10,2740,2760,2675,2675,419361,-0.030797101449275388
2022-08-11,2695,3050,2685,2810,17619048,0.05046728971962611
2022-08-12,2830,2940,2805,2825,4429081,0.005338078291814874
2022-08-16,2890,2910,2820,2825,1084405,0.0
2022-08-17,2830,2955,2825,2850,3277710,0.008849557522123908
2022-08-18,2855,2855,2735,2795,1051152,-0.019298245614035037
2022-08-19,2795,2805,2740,2740,399376,-0.019677996422182487
2022-08-22,2720,2720,2640,2650,509475,-0.03284671532846717
2022-08-23,2610,2675,2535,2575,962055,-0.028301886792452824
2022-08-24,2575,2620,2555,2565,347213,-0.003883495145631022
2022-08-25,2575,2720,2575,2645,1170587,0.031189083820662766
2022-08-26,2645,2695,2600,2610,524120,-0.013232514177693777
2022-08-29,2525,2555,2465,2520,313860,-0.03448275862068961
2022-08-30,2515,2585,2515,2565,249716,0.017857142857142794
2022-08-31,2550,2615,2520,2605,225346,0.015594541910331383
2022-09-01,2580,2665,2520,2550,456304,-0.021113243761996192
2022-09-02,2570,2645,2525,2555,283261,0.0019607843137254832
2022-09-05,2525,2560,2450,2460,343740,-0.03718199608610573
2022-09-06,2435,2560,2435,2480,229884,0.008130081300812941
2022-09-07,2480,2520,2390,2425,362325,-0.022177419354838745
2022-09-08,2435,2485,2415,2470,289273,0.01855670103092777
2022-09-13,2485,2545,2485,2520,255211,0.020242914979757165
2022-09-14,2420,2500,2420,2480,169883,-0.015873015873015928
2022-09-15,2495,2505,2450,2470,160387,-0.0040322580645161255
2022-09-16,2440,2485,2395,2430,286267,-0.01619433198380571
2022-09-19,2440,2440,2305,2345,537999,-0.034979423868312765
2022-09-20,2335,2365,2330,2360,276490,0.006396588486140775
2022-09-21,2325,2380,2305,2335,193427,-0.010593220338983023
2022-09-22,2290,2305,2215,2270,382754,-0.027837259100642386
2022-09-23,2250,2255,2130,2145,440684,-0.05506607929515417
2022-09-26,2075,2120,1990,2015,606546,-0.06060606060606055
2022-09-27,1980,2070,1980,2040,473043,0.012406947890818865
2022-09-28,2020,2080,1935,1980,566834,-0.02941176470588236
2022-09-29,2010,2115,2010,2045,493041,0.03282828282828287
2022-09-30,1990,2140,1990,2015,1751952,-0.014669926650366705
2022-10-04,1870,1990,1840,1955,2632256,-0.02977667493796521
2022-10-05,1985,2020,1880,1935,750920,-0.010230179028132946
2022-10-06,1935,2050,1925,2025,639240,0.04651162790697683
2022-10-07,2170,2480,2115,2330,23431299,0.15061728395061724
2022-10-11,2295,2355,2130,2130,2859093,-0.0858369098712446
2022-10-12,2220,2285,2050,2050,3417674,-0.03755868544600938
2022-10-13,2010,2070,1900,1910,1510769,-0.06829268292682922
2022-10-14,2080,2340,2075,2155,11541954,0.12827225130890052
2022-10-17,2110,2320,2050,2175,8331229,0.009280742459396807
2022-10-18,2190,2250,2155,2185,1809430,0.0045977011494253706
2022-10-19,2190,2230,2155,2205,1169449,0.009153318077803174
2022-10-20,2200,2275,2150,2250,2015748,0.020408163265306145
2022-10-21,2295,2435,2095,2100,4676678,-0.06666666666666665
2022-10-24,2125,2295,2105,2155,2549535,0.026190476190476097
2022-10-25,2170,2200,2120,2125,766838,-0.0139211136890951
2022-10-26,2215,2270,2135,2150,1903494,0.0117647058823529
2022-10-27,2265,2560,2265,2300,23725733,0.06976744186046502
2022-10-28,2300,2340,2180,2205,2419688,-0.04130434782608694
2022-10-31,2230,2230,2165,2180,921666,-0.0113378684807256
2022-11-01,2290,2420,2235,2270,6098811,0.041284403669724856
2022-11-02,2275,2310,2255,2290,1506392,0.008810572687224738
2022-11-03,2245,2325,2225,2295,998153,0.0021834061135370675
2022-11-04,2285,2295,2235,2275,705403,-0.008714596949891074
2022-11-07,2270,2280,2245,2245,539224,-0.01318681318681314
2022-11-08,2250,2340,2250,2280,1236685,0.015590200445434244
2022-11-09,2295,2305,2260,2290,836403,0.004385964912280604
2022-11-10,2305,2485,2285,2295,9297043,0.0021834061135370675
2022-11-11,2350,2350,2310,2310,856260,0.006535947712418277
2022-11-14,2365,2395,2320,2335,1412791,0.010822510822510845
2022-11-15,2335,2385,2330,2380,721194,0.01927194860813697
2022-11-16,2400,2400,2320,2325,681610,-0.02310924369747902
2022-11-17,2330,2340,2255,2265,546482,-0.02580645161290318
2022-11-18,2270,2280,2205,2225,564575,-0.017660044150110354
2022-11-21,2220,2220,2120,2135,560215,-0.04044943820224722
2022-11-22,2115,2180,2115,2135,329011,0.0
2022-11-23,2150,2175,2140,2155,325876,0.00936768149882905
2022-11-24,2170,2200,2165,2195,387078,0.018561484918793614
2022-11-25,2190,2200,2165,2175,225122,-0.009111617312072884
2022-11-28,2160,2325,2095,2150,996594,-0.011494252873563204
2022-11-29,2135,2170,2110,2150,342480,0.0
2022-11-30,2255,2280,2150,2150,710269,0.0
2022-12-01,2180,2200,2175,2185,244496,0.016279069767441756
2022-12-02,2200,2215,2180,2200,316697,0.006864988558352492
2022-12-05,2210,2275,2195,2215,754011,0.006818181818181834
2022-12-06,2190,2220,2160,2175,329708,-0.018058690744920947
2022-12-07,2190,2205,2130,2150,453424,-0.011494252873563204
2022-12-08,2140,2165,2095,2100,362608,-0.023255813953488413
2022-12-09,2110,2135,2090,2125,216600,0.011904761904761862
2022-12-12,2125,2240,2120,2225,1151241,0.04705882352941182
2022-12-13,2380,2890,2320,2890,29683119,0.29887640449438213
2022-12-14,3140,3180,2900,3025,33155074,0.04671280276816603
2022-12-15,3000,3065,2960,3045,16168634,0.006611570247933907
2022-12-16,2990,3270,2905,3020,21543533,-0.008210180623973717
2022-12-19,3005,3045,2850,2850,6118288,-0.056291390728476776
2022-12-20,2990,3000,2715,2730,7844600,-0.04210526315789476
2022-12-21,2730,2865,2690,2795,8924175,0.023809523809523725
2022-12-22,2770,2815,2670,2725,3534893,-0.025044722719141377
2022-12-23,2675,2690,2610,2660,2222760,-0.023853211009174258
2022-12-26,2770,3035,2700,2715,38061278,0.020676691729323293
2022-12-27,2675,2860,2650,2665,9845614,-0.018416206261510082
2022-12-28,2665,2875,2625,2720,15413689,0.02063789868667909
2022-12-29,2895,3080,2730,2780,37736102,0.022058823529411686
2023-01-02,2970,3075,2835,2890,28072464,0.03956834532374098
2023-01-03,2800,2820,2605,2655,7474843,-0.08131487889273359
2023-01-04,2885,2970,2775,2810,17116119,0.058380414312617646
2023-01-05,2780,3160,2775,3030,36901001,0.07829181494661919
2023-01-06,3010,3025,2810,2825,7740408,-0.06765676567656764
2023-01-09,2860,2885,2715,2740,7609369,-0.030088495575221197
2023-01-10,2695,2735,2645,2675,4658700,-0.02372262773722633
2023-01-11,2675,2710,2630,2650,3481292,-0.009345794392523366
2023-01-12,2655,2660,2540,2565,3360916,-0.0320754716981132
2023-01-13,2580,2585,2495,2520,2187822,-0.01754385964912286
2023-01-16,2515,2545,2505,2535,1454951,0.005952380952380931
2023-01-17,2530,2565,2450,2565,3257330,0.01183431952662728
2023-01-18,2530,2570,2470,2500,1988432,-0.025341130604288553
2023-01-19,2470,2510,2465,2475,926957,-0.010000000000000009
2023-01-20,2470,2505,2470,2470,887139,-0.002020202020202033
2023-01-25,2495,2530,2480,2490,1041524,0.00809716599190291
2023-01-26,2495,2560,2480,2525,1689775,0.014056224899598346
2023-01-27,2525,2535,2485,2485,957847,-0.015841584158415856
2023-01-30,2485,2495,2405,2405,1612047,-0.03219315895372232
2023-01-31,2385,2430,2355,2420,842472,0.006237006237006293
2023-02-01,2425,2440,2395,2400,862331,-0.008264462809917328
2023-02-02,2405,2445,2405,2430,906755,0.012499999999999956
2023-02-03,2445,2470,2430,2450,1087190,0.008230452674897082
2023-02-06,2465,2520,2450,2470,1047923,0.008163265306122547
2023-02-07,2460,2475,2410,2425,876390,-0.018218623481781382
2023-02-08,2430,2455,2415,2445,670955,0.008247422680412342
2023-02-09,2435,2460,2400,2420,554979,-0.010224948875255602
2023-02-10,2420,2420,2305,2330,1050141,-0.037190082644628086
2023-02-13,2330,2350,2300,2310,426930,-0.008583690987124415
2023-02-14,2315,2365,2305,2310,532723,0.0
2023-02-15,2305,2315,2255,2255,703346,-0.023809523809523836
2023-02-16,2260,2315,2260,2300,535675,0.019955654101995624
2023-02-17,2260,2310,2260,2295,282843,-0.0021739130434782483
2023-02-20,2310,2365,2290,2350,498301,0.023965141612200425
2023-02-21,2345,2360,2325,2330,316350,-0.008510638297872353
2023-02-22,2310,2320,2265,2280,360031,-0.02145922746781115
2023-02-23,2285,2305,2265,2280,319949,0.0
2023-02-24,2280,2290,2210,2235,674550,-0.019736842105263164
2023-02-27,2230,2235,2180,2200,379752,-0.015659955257270708
2023-02-28,2200,2245,2200,2205,421805,0.002272727272727204
2023-03-02,2230,2230,2200,2220,373502,0.006802721088435382
2023-03-03,2225,2250,2215,2250,459921,0.013513513513513598
2023-03-06,2245,2260,2210,2245,404333,-0.0022222222222222365
2023-03-07,2230,2265,2220,2260,342452,0.006681514476614803
2023-03-08,2235,2305,2235,2265,653105,0.0022123893805310324
2023-03-09,2260,2410,2240,2315,3456805,0.02207505518763786
2023-03-10,2285,2290,2205,2205,895898,-0.04751619870410362
2023-03-13,2205,2205,2070,2125,842635,-0.03628117913832196
2023-03-14,2105,2145,2025,2040,899162,-0.040000000000000036
2023-03-15,2050,2130,2050,2095,801165,0.026960784313725394
2023-03-16,2080,2100,2020,2075,374560,-0.009546539379474916
2023-03-17,2095,2165,2090,2155,506039,0.03855421686746996
2023-03-20,2135,2200,2130,2160,265119,0.002320185614849146
2023-03-21,2165,2190,2100,2115,374696,-0.02083333333333337
2023-03-22,2130,2130,2060,2090,349933,-0.011820330969267157
2023-03-23,2060,2070,2020,2040,502178,-0.02392344497607657
2023-03-24,2065,2065,2020,2035,268468,-0.002450980392156854
2023-03-27,2045,2055,1983,2030,665318,-0.002457002457002422
2023-03-28,2015,2045,2015,2030,286514,0.0
2023-03-29,2020,2035,2000,2015,390460,-0.007389162561576401
2023-03-30,2020,2065,2010,2040,434720,0.012406947890818865
2023-03-31,2050,2055,2020,2035,421023,-0.002450980392156854
2023-04-03,2040,2065,2030,2045,300440,0.004914004914004844
2023-04-04,2035,2125,2035,2125,804422,0.03911980440097795
2023-04-05,2105,2185,2105,2180,579223,0.025882352941176467
2023-04-06,2195,2195,2125,2150,450297,-0.013761467889908285
2023-04-07,2145,2170,2130,2150,359406,0.0
2023-04-10,2135,2150,2070,2110,356576,-0.018604651162790753
2023-04-11,2105,2140,2050,2135,426979,0.011848341232227444
2023-04-12,2120,2185,2110,2180,552031,0.021077283372365363
2023-04-13,2160,2425,2160,2245,16911781,0.029816513761467878
2023-04-14,2250,2320,2250,2270,2224931,0.011135857461024523
2023-04-17,2320,2320,2265,2280,1020418,0.004405286343612369
2023-04-18,2270,2315,2240,2295,901285,0.006578947368421018
2023-04-19,2275,2295,2245,2275,646605,-0.008714596949891074
2023-04-20,2270,2270,2150,2190,845344,-0.03736263736263734
2023-04-21,2175,2190,2085,2135,680093,-0.02511415525114158
2023-04-24,2120,2165,2080,2090,467597,-0.021077283372365363
2023-04-25,2085,2090,2035,2060,425087,-0.014354066985645897
2023-04-26,2040,2095,2010,2045,315489,-0.007281553398058249
2023-04-27,2050,2100,2020,2100,553729,0.02689486552567244
2023-04-28,2105,2110,2060,2075,284928,-0.011904761904761862
2023-05-02,2075,2175,2070,2120,518385,0.02168674698795181
2023-05-03,2120,2135,2080,2115,212097,-0.002358490566037763
2023-05-04,2115,2315,2095,2170,4258495,0.026004728132387633
2023-05-08,2200,2230,2165,2200,861495,0.01382488479262678
2023-05-09,2200,2220,2165,2190,395142,-0.004545454545454519
2023-05-10,2195,2250,2170,2195,575960,0.0022831050228311334
2023-05-11,2190,2215,2170,2175,359189,-0.009111617312072884
2023-05-12,2180,2220,2125,2150,544009,-0.011494252873563204
2023-05-15,2155,2155,2075,2085,390854,-0.03023255813953485
2023-05-16,2080,2120,2055,2080,240452,-0.0023980815347721673
2023-05-17,2085,2120,2070,2120,196894,0.019230769230769162
2023-05-18,2125,2150,2125,2135,166537,0.007075471698113178
2023-05-19,2135,2170,2135,2150,275130,0.007025761124121788
2023-05-22,2135,2230,2135,2190,695366,0.018604651162790642
2023-05-23,2180,2225,2175,2205,388825,0.006849315068493178
2023-05-24,2200,2225,2195,2205,438174,0.0
2023-05-25,2195,2240,2155,2175,504732,-0.013605442176870763
2023-05-26,2180,2230,2135,2175,625142,0.0
2023-05-30,2180,2220,2150,2180,303184,0.0022988505747125743
2023-05-31,2165,2195,2160,2170,174794,-0.004587155963302725
2023-06-01,2165,2265,2165,2250,972632,0.03686635944700467
2023-06-02,2245,2305,2225,2290,824189,0.01777777777777767
2023-06-05,2295,2330,2250,2260,752850,-0.013100436681222738
2023-06-07,2260,2290,2240,2255,301886,-0.0022123893805309214
2023-06-08,2245,2250,2190,2205,234828,-0.022172949002217335
2023-06-09,2200,2235,2140,2140,692633,-0.02947845804988658
2023-06-12,2150,2160,2070,2070,896937,-0.032710280373831724
2023-06-13,2090,2130,2055,2055,850973,-0.007246376811594235
2023-06-14,2070,2105,2045,2075,583454,0.009732360097323589
2023-06-15,2080,2080,2025,2065,350146,-0.004819277108433773
2023-06-16,2060,2100,2060,2090,227816,0.012106537530266248
2023-06-19,2080,2095,2055,2070,273117,-0.009569377990430672
2023-06-20,2060,2080,2045,2060,180373,-0.004830917874396157
2023-06-21,2055,2075,2050,2060,229388,0.0
2023-06-22,2050,2095,2045,2060,331453,0.0
2023-06-23,2065,2100,2050,2060,305662,0.0
2023-06-26,2050,2075,2005,2070,285021,0.004854368932038833
2023-06-27,2050,2080,2050,2075,148881,0.0024154589371980784
2023-06-28,2065,2110,2065,2100,233955,0.012048192771084265
2023-06-29,2100,2110,2055,2080,172785,-0.00952380952380949
2023-06-30,2095,2095,2045,2070,170852,-0.004807692307692291
2023-07-03,2070,2095,2050,2075,199424,0.0024154589371980784
2023-07-04,2060,2075,2040,2060,270767,-0.0072289156626506035
2023-07-05,2050,2065,2025,2030,310205,-0.014563106796116498
2023-07-06,2030,2030,2000,2010,301081,-0.009852216748768461
2023-07-07,1990,2015,1980,2005,293678,-0.0024875621890547706
2023-07-10,1982,1997,1975,1982,222432,-0.011471321695760595
2023-07-11,1982,2080,1982,2060,351165,0.039354187689202735
2023-07-12,2050,2075,2015,2035,122367,-0.012135922330097082
2023-07-13,2040,2090,2030,2070,286175,0.017199017199017286
2023-07-14,2060,2180,2060,2085,721037,0.007246376811594235
2023-07-17,2100,2100,2035,2060,194662,-0.011990407673860948
2023-07-18,2045,2115,2030,2045,381878,-0.007281553398058249
2023-07-19,2040,2055,2020,2050,189209,0.0024449877750611915
2023-07-20,2040,2090,2040,2080,153484,0.014634146341463428
2023-07-21,2060,2135,2060,2080,384622,0.0
2023-07-24,2075,2085,1989,2020,392902,-0.028846153846153855
2023-07-25,1990,2005,1970,1970,401497,-0.024752475247524774
2023-07-26,1970,1981,1840,1840,601981,-0.06598984771573602
2023-07-27,1840,1963,1840,1932,224548,0.050000000000000044
2023-07-28,1916,2010,1916,1996,217727,0.0331262939958592
2023-07-31,2005,2010,1985,2005,116876,0.0045090180360720655
2023-08-01,1995,2035,1995,2005,210615,0.0
2023-08-02,2005,2025,1989,2000,180205,-0.0024937655860348684
2023-08-03,1990,2045,1975,2035,510412,0.01750000000000007
2023-08-04,2100,2100,2010,2010,488289,-0.012285012285012331
2023-08-07,2000,2040,1991,2010,140758,0.0
2023-08-08,1993,2040,1971,1984,228323,-0.012935323383084563
2023-08-09,1980,2045,1980,2030,335613,0.02318548387096775
2023-08-10,2020,2085,2015,2055,395195,0.012315270935960632
2023-08-11,2045,2065,2035,2055,140371,0.0
2023-08-14,2060,2065,1999,2000,152643,-0.02676399026763987
2023-08-16,1990,1994,1946,1960,274269,-0.020000000000000018
2023-08-17,1930,1990,1900,1963,427551,0.001530612244897922
2023-08-18,1945,1968,1915,1915,205935,-0.024452368823229764
2023-08-21,1893,2065,1892,1988,541159,0.03812010443864233
2023-08-22,2005,2040,1991,1995,162669,0.0035211267605634866
2023-08-23,2015,2095,2015,2070,587908,0.03759398496240607
2023-08-24,2090,2110,2075,2095,403770,0.012077294685990392
2023-08-25,2095,2150,2085,2120,711630,0.01193317422434359
2023-08-28,2125,2140,2090,2130,532923,0.004716981132075526
2023-08-29,2150,2180,2135,2160,679655,0.014084507042253502
2023-08-30,2165,2175,2145,2165,429579,0.0023148148148148806
2023-08-31,2280,2410,2030,2060,17248364,-0.0484988452655889
2023-09-01,2090,2155,2045,2060,1844269,0.0
2023-09-04,2075,2135,2060,2085,1173674,0.012135922330097193
2023-09-05,2105,2160,2090,2140,1150933,0.026378896882494063
2023-09-06,2180,2350,2175,2205,15251350,0.030373831775700966
2023-09-07,2230,2240,2155,2160,1590714,-0.020408163265306145
2023-09-08,2160,2280,2160,2265,2816466,0.04861111111111116
2023-09-11,2290,2400,2260,2270,3518930,0.002207505518763808
2023-09-12,2300,2365,2220,2230,2055032,-0.017621145374449365
2023-09-13,2205,2255,2165,2180,768001,-0.022421524663677084
2023-09-14,2180,2210,2150,2195,488303,0.006880733944954143
2023-09-15,2210,2235,2195,2220,402339,0.011389521640091216
2023-09-18,2220,2250,2185,2210,390333,-0.0045045045045044585
2023-09-19,2200,2215,2115,2130,438642,-0.03619909502262442
2023-09-20,2140,2140,2045,2075,731656,-0.025821596244131495
2023-09-21,2080,2120,2015,2040,753823,-0.016867469879518038
2023-09-22,2020,2090,1995,2065,462302,0.01225490196078427
2023-09-25,2040,2080,2005,2015,255136,-0.02421307506053272
2023-09-26,2000,2030,1969,1999,524966,-0.007940446650124056
2023-09-27,1973,2095,1970,2095,436357,0.048024012006002925
2023-10-04,2080,2080,2005,2020,222316,-0.03579952267303099
2023-10-05,2020,2050,1950,1980,501238,-0.01980198019801982
2023-10-06,1950,2040,1950,2030,212624,0.025252525252525304
2023-10-10,2020,2120,2010,2030,405337,0.0
2023-10-11,2030,2110,2030,2075,339973,0.022167487684729092
2023-10-12,2100,2365,2095,2150,8260490,0.03614457831325302
2023-10-13,2195,2210,2065,2075,1297163,-0.03488372093023251
2023-10-16,2065,2065,1986,1987,954107,-0.042409638554216866
2023-10-17,1987,2035,1987,2035,483303,0.02415702063412173
2023-10-18,2035,2050,1984,1986,517037,-0.024078624078624045
2023-10-19,1962,1983,1923,1932,398324,-0.027190332326283984
2023-10-20,1920,1958,1890,1935,406791,0.0015527950310558758
2023-10-23,1924,1958,1919,1931,211147,-0.002067183462532318
2023-10-24,1931,1979,1910,1973,241615,0.02175038839979293
2023-10-25,1972,2065,1969,2020,726834,0.023821591485048144
2023-10-26,1985,2065,1965,1992,574034,-0.013861386138613874
2023-10-27,1995,2050,1995,2005,412232,0.006526104417670764
2023-10-30,1995,2140,1995,2060,1870474,0.027431421446383997
2023-10-31,2095,2130,1988,1988,1001914,-0.03495145631067964
2023-11-01,1993,2040,1981,1986,405537,-0.001006036217303774
2023-11-02,2000,2040,1999,2020,271302,0.017119838872104776
2023-11-03,2025,2070,2020,2065,343992,0.022277227722772297
2023-11-06,2080,2100,2055,2075,455842,0.004842615012106588
2023-11-07,2080,2090,2035,2065,353994,-0.004819277108433773
2023-11-08,2065,2090,2050,2065,297794,0.0
2023-11-09,2055,2095,2015,2025,378222,-0.01937046004842613
2023-11-10,2015,2015,1986,1997,202539,-0.01382716049382715
2023-11-13,2000,2015,1963,1977,301506,-0.01001502253380071
2023-11-14,1978,2015,1978,2010,163779,0.01669195751138086
2023-11-15,2010,2040,1998,2030,279663,0.00995024875621886
2023-11-16,2030,2050,2015,2045,149890,0.00738916256157629
2023-11-17,2045,2045,1999,1999,166370,-0.022493887530562362
2023-11-20,1999,2025,1993,2015,155416,0.008004002001000599
2023-11-21,2015,2045,2010,2040,199857,0.012406947890818865
2023-11-22,2030,2040,1998,2015,288908,-0.01225490196078427
2023-11-23,2025,2055,2005,2040,193539,0.012406947890818865
2023-11-24,2040,2040,2010,2025,179645,-0.007352941176470562
2023-11-27,2025,2025,1986,1996,329134,-0.014320987654320994
2023-11-28,1992,2180,1986,2030,2662649,0.017034068136272618
2023-11-29,2005,2025,1998,1998,510546,-0.015763546798029604
2023-11-30,2005,2005,1990,1998,235461,0.0
2023-12-01,1998,2005,1988,1992,220596,-0.0030030030030030463
2023-12-04,1993,2000,1979,1993,291036,0.0005020080321285203
2023-12-05,1990,2230,1981,2230,5203103,0.11891620672353231
2023-12-06,2150,2160,2090,2115,1823221,-0.05156950672645744
2023-12-07,2130,2210,2090,2095,1778058,-0.009456264775413725
2023-12-08,2110,2280,2100,2190,5267039,0.04534606205250591
2023-12-11,2180,2215,2145,2180,1454788,-0.004566210045662156
2023-12-12,2180,2190,2145,2160,580563,-0.00917431192660545
2023-12-13,2165,2165,2115,2140,488171,-0.0092592592592593
2023-12-14,2140,2165,2115,2150,653212,0.004672897196261738
2023-12-15,2140,2150,2120,2130,307221,-0.009302325581395321
2023-12-18,2140,2140,2095,2100,350439,-0.014084507042253502
2023-12-19,2095,2145,2095,2115,310613,0.0071428571428571175
2023-12-20,2115,2185,2115,2160,690077,0.02127659574468077
2023-12-21,2140,2225,2125,2180,678135,0.0092592592592593
2023-12-22,2195,2200,2130,2180,628021,0.0
2023-12-26,2180,2205,2135,2190,365577,0.004587155963302836
2023-12-27,2190,2260,2170,2215,1641088,0.011415525114155223
2023-12-28,2230,2230,2185,2205,546332,-0.004514672686230292
2024-01-02,2195,2240,2180,2235,474051,0.013605442176870763
2024-01-03,2230,2265,2215,2260,676440,0.01118568232662187
2024-01-04,2255,2265,2170,2180,551933,-0.03539823008849563
2024-01-05,2190,2225,2165,2175,318531,-0.002293577981651418
2024-01-08,2175,2190,2125,2145,371420,-0.01379310344827589
2024-01-09,2145,2195,2145,2190,294482,0.020979020979021046
2024-01-10,2220,2220,2130,2135,351527,-0.02511415525114158
2024-01-11,2130,2150,2120,2140,216296,0.0023419203747072626
2024-01-12,2140,2145,2090,2110,316221,-0.014018691588784993
2024-01-15,2095,2115,2075,2085,255318,-0.011848341232227444
2024-01-16,2075,2100,2055,2075,230985,-0.004796163069544335
2024-01-17,2075,2075,1993,1993,480255,-0.0395180722891566
2024-01-18,1999,2030,1994,2015,245699,0.011038635223281412
2024-01-19,2035,2075,2000,2050,380652,0.017369727047146455
2024-01-22,2070,2070,2005,2020,262621,-0.014634146341463428
2024-01-23,2025,2050,2010,2035,127203,0.007425742574257432
2024-01-24,2035,2050,2005,2010,155926,-0.012285012285012331
2024-01-25,2000,2015,1986,1998,379235,-0.005970149253731294
2024-01-26,1991,2015,1977,1994,286304,-0.002002002002001957
2024-01-29,1970,1970,1550,1813,3959931,-0.09077231695085253
2024-01-30,1813,1859,1811,1841,442144,0.015444015444015413
2024-01-31,1824,1860,1821,1840,227301,-0.0005431830526887449
2024-02-01,1817,1841,1817,1837,238153,-0.001630434782608714
2024-02-02,1838,1853,1833,1845,171564,0.004354926510615087
2024-02-05,1830,1856,1830,1845,129768,0.0
2024-02-06,1845,1857,1833,1842,143191,-0.001626016260162566
2024-02-07,1842,1849,1785,1840,142318,-0.0010857763300760048
2024-02-08,1846,1847,1817,1828,145898,-0.006521739130434745
2024-02-13,1828,1844,1825,1835,200213,0.003829321663019636
2024-02-14,1810,1844,1810,1838,92893,0.0016348773841960984
2024-02-15,1845,1845,1824,1825,158745,-0.007072905331882429
2024-02-16,1825,1832,1816,1824,194662,-0.0005479452054794054
2024-02-19,1824,1841,1810,1827,152854,0.00164473684210531
2024-02-20,1828,1835,1803,1818,214612,-0.0049261083743842304
2024-02-21,1814,1822,1750,1773,372396,-0.024752475247524774
2024-02-22,1785,1785,1729,1739,318334,-0.01917653694303445
2024-02-23,1740,1748,1729,1739,127124,0.0
2024-02-26,1722,1737,1670,1680,353989,-0.03392754456584246
2024-02-27,1680,1752,1645,1731,442907,0.03035714285714275
2024-02-28,1735,1738,1692,1696,146830,-0.02021952628538415
2024-02-29,1663,1687,1649,1656,245319,-0.02358490566037741
2024-03-04,1665,1669,1615,1639,191720,-0.010265700483091833
2024-03-05,1639,1655,1610,1626,168103,-0.007931665649786424
2024-03-06,1626,1626,1600,1619,143249,-0.004305043050430557
2024-03-07,1605,1629,1599,1608,142332,-0.006794317479925871
2024-03-08,1615,1653,1601,1650,119559,0.026119402985074647
2024-03-11,1633,1749,1633,1685,502276,0.021212121212121238
2024-03-12,1681,1683,1658,1668,195474,-0.010089020771513302
2024-03-13,1665,1679,1654,1667,99655,-0.0005995203836930418
2024-03-14,1667,1667,1625,1637,173811,-0.017996400719855976
2024-03-15,1635,1640,1626,1637,83419,0.0
2024-03-18,1637,1650,1625,1641,79130,0.0024434941967013124
2024-03-19,1640,1650,1612,1627,354286,-0.00853138330286407
2024-03-20,1635,1754,1622,1682,543529,0.03380454824830981
2024-03-21,1685,1695,1669,1694,148957,0.007134363852556502
2024-03-22,1694,1740,1685,1717,206243,0.01357733175914988
2024-03-25,1723,1749,1711,1742,211601,0.014560279557367606
2024-03-26,1742,1742,1703,1720,229543,-0.012629161882893203
2024-03-27,1720,1720,1695,1714,154442,-0.0034883720930232176
2024-03-28,1714,1714,1669,1672,150951,-0.02450408401400228
2024-03-29,1672,1687,1647,1652,174902,-0.011961722488038284
2024-04-01,1660,1685,1645,1685,98326,0.01997578692493951
2024-04-02,1686,1686,1630,1639,183949,-0.02729970326409492
2024-04-03,1639,1639,1610,1615,159500,-0.014643075045759568
2024-04-04,1610,1623,1592,1600,226887,-0.009287925696594423
2024-04-05,1575,1599,1570,1586,128702,-0.008750000000000036
2024-04-08,1586,1586,1558,1558,127170,-0.017654476670870167
2024-04-09,1551,1583,1551,1583,102764,0.016046213093709794
2024-04-11,1580,1580,1554,1579,69709,-0.0025268477574226234
2024-04-12,1569,1596,1568,1596,74236,0.010766307789740415
2024-04-15,1580,1621,1563,1621,94828,0.015664160401002603
2024-04-16,1612,1617,1563,1579,156469,-0.025909932140653957
2024-04-17,1575,1581,1568,1580,30547,0.0006333122229258414
2024-04-18,1556,1590,1556,1590,38002,0.006329113924050667
2024-04-19,1589,1589,1565,1586,70138,-0.002515723270440251
2024-04-22,1572,1606,1572,1600,72244,0.008827238335435084
2024-04-23,1580,1611,1580,1601,47508,0.0006250000000000977
2024-04-24,1601,1601,1575,1590,79314,-0.006870705808869504
2024-04-25,1590,1590,1571,1585,54187,-0.0031446540880503138
2024-04-26,1584,1586,1570,1585,38611,0.0
2024-04-29,1585,1605,1585,1603,112187,0.011356466876971671
2024-04-30,1610,1615,1603,1609,64595,0.0037429819089207506
2024-05-02,1747,1820,1635,1635,2213049,0.01615910503418272
2024-05-03,1654,1666,1633,1640,159194,0.003058103975535076
2024-05-07,1641,1647,1621,1624,162922,-0.009756097560975618
2024-05-08,1624,1632,1616,1631,70170,0.004310344827586299
2024-05-09,1631,1637,1620,1624,79060,-0.0042918454935622075
2024-05-10,1624,1628,1617,1628,54332,0.0024630541871921707
2024-05-13,1628,1640,1614,1624,86800,-0.002457002457002422
2024-05-14,1615,1635,1615,1632,3878747,0.0049261083743843415
2024-05-16,1640,1641,1632,1635,90420,0.0018382352941177516
2024-05-17,1635,1720,1635,1647,1444576,0.007339449541284404
2024-05-20,1646,1646,1613,1620,406433,-0.016393442622950838
2024-05-21,1617,1620,1574,1590,357684,-0.01851851851851849
2024-05-22,1590,1601,1575,1582,272220,-0.005031446540880502
2024-05-23,1582,1582,1560,1573,175440,-0.0056890012642224486
2024-05-24,1573,1584,1552,1557,128361,-0.010171646535282908
2024-05-27,1557,1557,1510,1515,1012997,-0.026974951830443183
2024-05-28,1515,1523,1514,1523,79934,0.005280528052805211
2024-05-29,1523,1524,1495,1504,191537,-0.012475377544320376
2024-05-30,1509,1520,1495,1503,120616,-0.0006648936170212671
2024-05-31,1490,1514,1490,1510,87105,0.004657351962741085
2024-06-03,1510,1520,1502,1520,68952,0.0066225165562914245
2024-06-04,1512,1521,1503,1519,61257,-0.0006578947368420796
2024-06-05,1519,1519,1508,1518,35474,-0.0006583278472679366
2024-06-07,1516,1522,1500,1522,62013,0.0026350461133068936
2024-06-10,1506,1516,1495,1512,78782,-0.006570302233902758
2024-06-11,1498,1512,1495,1502,67269,-0.006613756613756627
2024-06-12,1494,1504,1491,1501,69104,-0.0006657789613848664
2024-06-13,1500,1500,1489,1493,109761,-0.00532978014656893
2024-06-14,1493,1499,1462,1470,155872,-0.015405224380442117
2024-06-17,1465,1470,1455,1466,75491,-0.0027210884353741083
2024-06-18,1467,1477,1444,1469,102215,0.0020463847203273655
2024-06-19,1469,1470,1432,1441,139326,-0.019060585432266852
2024-06-20,1441,1497,1419,1488,283389,0.03261623872310904
2024-06-21,1502,1515,1426,1477,341188,-0.007392473118279619
2024-06-24,1452,1468,1418,1425,178180,-0.03520649966147593
2024-06-25,1420,1431,1417,1422,81484,-0.002105263157894721
2024-06-26,1424,1469,1418,1449,101814,0.018987341772152
2024-06-27,1449,1455,1432,1447,32616,-0.0013802622498274575
2024-06-28,1443,1443,1421,1438,96576,-0.006219765031098778
2024-07-01,1438,1439,1426,1436,65478,-0.0013908205841446364
2024-07-02,1427,1439,1419,1429,45346,-0.004874651810584996
2024-07-03,1426,1440,1418,1429,57790,0.0
2024-07-04,1420,1429,1419,1426,56350,-0.0020993701889433503
2024-07-05,1426,1445,1400,1441,131982,0.01051893408134652
2024-07-08,1440,1445,1427,1441,30755,0.0
2024-07-09,1441,1449,1432,1443,70769,0.001387925052047212
2024-07-10,1443,1467,1443,1459,92128,0.011088011088011163
2024-07-11,1466,1466,1445,1450,36061,-0.006168608636052064
2024-07-12,1450,1477,1441,1462,87871,0.008275862068965578
2024-07-15,1450,1462,1429,1437,104502,-0.017099863201094356
2024-07-16,1436,1436,1411,1418,73913,-0.013221990257480831
2024-07-17,1419,1432,1415,1427,76569,0.006346967559943684
2024-07-18,1426,1426,1413,1423,43216,-0.002803083391730854
2024-07-19,1447,1606,1443,1508,12862587,0.0597329585382993
2024-07-22,1623,1654,1437,1437,6510682,-0.04708222811671092
2024-07-23,1442,1711,1440,1603,40054844,0.1155184411969381
2024-07-24,1715,2040,1669,1911,83494912,0.19213973799126638
2024-07-25,1898,2060,1873,1923,31424798,0.006279434850863463
2024-07-26,2100,2185,1935,1953,43822467,0.015600624024961096
2024-07-29,1935,2015,1869,1952,14183544,-0.0005120327700972593
2024-07-30,1924,2105,1911,1921,23056508,-0.015881147540983576
2024-07-31,2095,2120,1940,1959,19442250,0.019781363872982904
2024-08-01,1958,2000,1942,1958,4934064,-0.0005104645227156368
2024-08-02,1903,1930,1840,1866,4507511,-0.04698672114402447
2024-08-05,1787,1811,1501,1602,5901220,-0.14147909967845662
2024-08-06,1631,1800,1602,1711,9926387,0.06803995006242203
2024-08-07,1747,1970,1721,1828,27557603,0.0683810637054354
2024-08-08,1960,2060,1847,1849,14991122,0.01148796498905913
2024-08-09,1864,1957,1852,1882,5660971,0.017847485127095775
2024-08-12,1903,2045,1891,1979,19555443,0.05154091392136029
2024-08-13,1975,1975,1800,1911,4274831,-0.03436078827690758
2024-08-14,1915,1915,1811,1823,2595673,-0.046049188906331806
2024-08-16,1826,1990,1823,1899,8502549,0.04168952276467364
2024-08-19,1873,1905,1828,1846,2267898,-0.027909426013691396
2024-08-20,1878,1889,1750,1806,5216959,-0.021668472372697756
2024-08-21,1986,2010,1838,1838,20239612,0.017718715393133966
2024-08-22,1814,1826,1748,1792,2634748,-0.02502720348204568
2024-08-23,1750,1856,1750,1799,4391014,0.00390625
2024-08-26,1793,1811,1716,1733,1730394,-0.03668704836020009
2024-08-27,1784,1814,1735,1744,1267211,0.006347374495095259
2024-08-28,1740,1743,1673,1673,1077386,-0.04071100917431192
2024-08-29,1650,1680,1631,1640,712317,-0.01972504482964732
2024-08-30,1651,1707,1651,1670,667455,0.018292682926829285
2024-09-02,1700,1710,1636,1639,579726,-0.018562874251497052
2024-09-03,1635,1655,1615,1615,805877,-0.014643075045759568
2024-09-04,1688,1715,1597,1597,2952102,-0.011145510835913308
2024-09-05,1600,1663,1533,1564,1133403,-0.020663744520976857
2024-09-06,1541,1552,1484,1511,938113,-0.03388746803069054
2024-09-09,1460,1553,1460,1553,823832,0.027796161482462
2024-09-10,1630,1813,1571,1800,10329322,0.15904700579523512
2024-09-11,1752,1790,1610,1610,5673726,-0.10555555555555551
2024-09-12,1620,1645,1603,1618,1323287,0.00496894409937898
2024-09-13,1615,1615,1576,1587,944943,-0.019159456118664986
2024-09-19,1618,1657,1600,1620,1313993,0.020793950850661602
2024-09-20,1623,1635,1602,1604,679943,-0.00987654320987652
2024-09-23,1608,1612,1587,1608,523540,0.0024937655860348684
2024-09-24,1590,1605,1580,1590,421474,-0.011194029850746245
2024-09-25,1586,1630,1581,1590,872892,0.0
2024-09-26,1590,1606,1584,1603,390212,0.008176100628930927
2024-09-27,1605,1612,1573,1573,507791,-0.018714909544603864
2024-09-30,1573,1582,1548,1560,351513,-0.008264462809917328
2024-10-02,1530,1554,1510,1534,393814,-0.01666666666666672
2024-10-04,1525,1554,1513,1534,370228,0.0
2024-10-07,1531,1552,1522,1541,368240,0.0045632333767926525
2024-10-08,1534,1543,1515,1519,373060,-0.014276443867618394
2024-10-10,1519,1537,1500,1511,413170,-0.005266622778143493
2024-10-11,1508,1516,1484,1492,524314,-0.012574454003970836
2024-10-14,1489,1496,1474,1485,386708,-0.004691689008042843
2024-10-15,1475,1515,1475,1515,610429,0.02020202020202011
2024-10-16,1535,1539,1494,1495,837668,-0.01320132013201325
2024-10-17,1494,1513,1471,1488,539399,-0.00468227424749168
2024-10-18,1482,1507,1453,1460,412174,-0.018817204301075252
2024-10-21,1455,1469,1448,1454,296135,-0.004109589041095929
2024-10-22,1447,1454,1402,1403,555416,-0.035075653370013726
2024-10-23,1419,1474,1398,1404,1024501,0.0007127583749109156
2024-10-24,1404,1417,1374,1376,505270,-0.019943019943019946
2024-10-25,1380,1386,1337,1343,547291,-0.02398255813953487
2024-10-28,1340,1396,1340,1396,347348,0.03946388682055102
2024-10-29,1391,1395,1372,1385,155242,-0.007879656160458492
2024-10-30,1377,1388,1364,1365,233765,-0.014440433212996373
2024-10-31,1365,1389,1341,1378,346066,0.00952380952380949
2024-11-01,1368,1440,1355,1380,1374205,0.0014513788098693414
2024-11-04,1412,1517,1412,1442,2833518,0.04492753623188417
2024-11-05,1445,1474,1421,1440,687724,-0.001386962552011095
2024-11-06,1466,1515,1327,1348,2787508,-0.06388888888888888
2024-11-07,1337,1352,1300,1340,764465,-0.005934718100890191
2024-11-08,1346,1375,1339,1340,733951,0.0
2024-11-11,1340,1345,1296,1305,605091,-0.026119402985074647
2024-11-12,1298,1314,1230,1230,865761,-0.05747126436781613
2024-11-13,1213,1240,1201,1201,387464,-0.023577235772357708
2024-11-14,1201,1225,1177,1190,337001,-0.00915903413821817
2024-11-15,1178,1200,1150,1194,343122,0.003361344537815114
2024-11-18,1201,1229,1182,1203,211326,0.007537688442211143
2024-11-19,1203,1446,1191,1262,14731951,0.049044056525353374
2024-11-20,1248,1268,1215,1225,1075435,-0.029318541996830483
2024-11-21,1225,1261,1203,1203,1510180,-0.01795918367346938
2024-11-22,1200,1218,1187,1187,451331,-0.013300083125519557
2024-11-25,1190,1218,1190,1210,335000,0.019376579612468303
2024-11-26,1210,1225,1208,1222,345574,0.009917355371900749
2024-11-27,1218,1221,1201,1203,258364,-0.01554828150572829
2024-11-28,1200,1222,1198,1214,263781,0.009143807148794592
2024-11-29,1215,1217,1172,1175,540999,-0.032125205930807255
2024-12-02,1180,1189,1160,1170,528162,-0.004255319148936176
2024-12-03,1168,1187,1164,1185,213119,0.012820512820512775
2024-12-04,1160,1173,1123,1143,513022,-0.03544303797468351
2024-12-05,1144,1148,1113,1115,382197,-0.024496937882764636
2024-12-06,1100,1115,1061,1090,517198,-0.022421524663677084
2024-12-09,1058,1066,1018,1021,658069,-0.06330275229357796
2024-12-10,1016,1168,1016,1162,1100656,0.138099902056807
2024-12-11,1137,1237,1135,1229,1313741,0.057659208261617856
2024-12-12,1222,1287,1222,1256,684367,0.021969080553295273
2024-12-13,1258,1305,1258,1284,753762,0.022292993630573354
2024-12-16,1305,1315,1290,1311,512505,0.02102803738317749
2024-12-17,1311,1319,1293,1313,218605,0.0015255530129671957
2024-12-18,1310,1313,1274,1285,285440,-0.021325209444021276
2024-12-19,1270,1276,1255,1264,182616,-0.01634241245136192
2024-12-20,1258,1264,1198,1219,146523,-0.03560126582278478
2024-12-23,1210,1263,1210,1253,155727,0.02789171452009853
2024-12-24,1253,1364,1253,1290,1043609,0.029529130087789346
2024-12-26,1288,1320,1259,1259,472424,-0.024031007751938005
2024-12-27,1257,1286,1200,1259,316129,0.0
2024-12-30,1243,1292,1210,1282,204033,0.018268467037331204
2025-01-02,1282,1287,1242,1263,201764,-0.014820592823712953
2025-01-03,1264,1285,1261,1284,143253,0.016627078384798155
2025-01-06,1289,1342,1287,1341,431229,0.04439252336448596
2025-01-07,1337,1340,1304,1311,192852,-0.022371364653243853
2025-01-08,1311,1377,1305,1355,729811,0.033562166285278305
2025-01-09,1357,1366,1330,1335,319365,-0.014760147601476037
2025-01-10,1336,1346,1327,1328,125685,-0.00524344569288393
2025-01-13,1316,1330,1295,1297,233828,-0.02334337349397586
2025-01-14,1297,1307,1290,1301,119223,0.0030840400925211675
2025-01-15,1296,1308,1291,1302,141944,0.000768639508070823
2025-01-16,1301,1320,1297,1308,114374,0.004608294930875667
2025-01-17,1301,1309,1282,1294,250775,-0.010703363914373099
2025-01-20,1298,1310,1297,1309,383296,0.011591962905718622
2025-01-21,1325,1325,1280,1281,141059,-0.021390374331550777
2025-01-22,1282,1316,1272,1281,112391,0.0
2025-01-23,1267,1294,1254,1266,228219,-0.011709601873536313
2025-01-24,1267,1275,1250,1251,242364,-0.011848341232227444
2025-01-31,1235,1252,1220,1224,160640,-0.021582733812949617
2025-02-03,1204,1224,1175,1200,224633,-0.019607843137254943
2025-02-04,1190,1225,1190,1201,141354,0.0008333333333332416
2025-02-05,1201,1207,1192,1194,101486,-0.005828476269775229
2025-02-06,1201,1215,1195,1208,126639,0.011725293132328396
2025-02-07,1208,1208,1179,1190,201458,-0.01490066225165565
2025-02-10,1189,1194,1169,1190,117076,0.0
2025-02-11,1190,1268,1190,1194,168191,0.003361344537815114
2025-02-12,1187,1191,1180,1184,85627,-0.008375209380234505
2025-02-13,1184,1187,1176,1182,78891,-0.0016891891891891442
2025-02-14,1181,1198,1174,1183,162501,0.0008460236886633776
2025-02-17,1174,1186,1169,1180,264429,-0.002535925612848655
2025-02-18,1180,1183,1166,1176,358662,-0.003389830508474523
2025-02-19,1176,1186,1175,1182,270756,0.005102040816326481
2025-02-20,1182,1198,1181,1189,213676,0.005922165820642977
2025-02-21,1182,1193,1181,1190,118029,0.000841042893187538
2025-02-24,1187,1203,1180,1203,192166,0.01092436974789912
2025-02-25,1192,1202,1185,1190,132614,-0.010806317539484578
2025-02-26,1190,1210,1181,1191,222546,0.0008403361344537785
2025-02-27,1190,1204,1183,1189,89455,-0.0016792611251049694
2025-02-28,1180,1185,1140,1140,397327,-0.04121110176619003
2025-03-04,1147,1160,1120,1125,214594,-0.013157894736842146
2025-03-05,1122,1154,1122,1153,100120,0.02488888888888896
2025-03-06,1153,1169,1147,1150,118345,-0.002601908065914982
2025-03-07,1151,1154,1120,1128,192151,-0.019130434782608674
2025-03-10,1133,1133,1116,1123,139250,-0.004432624113475225
2025-03-11,1118,1118,1090,1104,290849,-0.016918967052537814
2025-03-12,1098,1114,1098,1107,93558,0.0027173913043478937
2025-03-13,1107,1116,1087,1087,130205,-0.01806684733513997
2025-03-14,1087,1114,1087,1107,94256,0.01839926402943881
2025-03-17,1109,1112,1104,1108,42647,0.0009033423667570428
2025-03-18,1110,1113,1099,1107,58626,-0.0009025270758122872
2025-03-19,1107,1113,1097,1110,69586,0.0027100271002709064
2025-03-20,1099,1113,1097,1097,105178,-0.011711711711711703
2025-03-21,1095,1100,1079,1086,123940,-0.010027347310847756
2025-03-24,1076,1092,1076,1081,138106,-0.004604051565377576
2025-03-25,1084,1093,1050,1063,289963,-0.016651248843663313
2025-03-26,1063,1067,1052,1067,96007,0.0037629350893697566
2025-03-27,1067,1067,1049,1058,134740,-0.008434864104967188
2025-03-28,1058,1058,1021,1049,271311,-0.008506616257088817
2025-03-31,1043,1050,1021,1040,248504,-0.008579599618684486
2025-04-01,1032,1053,1032,1051,59921,0.01057692307692304
2025-04-02,1038,1047,1024,1039,270563,-0.011417697431018059
2025-04-03,1038,1061,1022,1045,91814,0.005774783445620768
2025-04-04,1039,1052,1024,1052,113679,0.006698564593301537
2025-04-07,1030,1033,1005,1023,272550,-0.027566539923954414
2025-04-08,1023,1052,1020,1034,116937,0.010752688172043001
2025-04-09,1019,1036,1003,1021,154131,-0.012572533849129597
2025-04-10,1034,1061,1034,1061,149697,0.039177277179236025
2025-04-11,1060,1083,1047,1082,291863,0.019792648444863392
2025-04-14,1088,1112,1077,1088,360546,0.005545286506469571
2025-04-15,1079,1091,1078,1088,52604,0.0
2025-04-16,1088,1089,1067,1069,97489,-0.01746323529411764
2025-04-17,1069,1091,1066,1090,117766,0.019644527595884087
2025-04-18,1093,1103,1078,1100,89639,0.00917431192660545
2025-04-21,1089,1103,1089,1099,67334,-0.0009090909090908594
2025-04-22,1099,1104,1089,1099,60871,0.0
2025-04-23,1102,1112,1101,1112,108806,0.01182893539581431
2025-04-24,1112,1117,1097,1099,77677,-0.011690647482014427
2025-04-25,1099,1114,1096,1107,104028,0.007279344858962755
2025-04-28,1096,1109,1084,1091,143370,-0.014453477868112019
2025-04-29,1084,1097,1084,1093,75888,0.0018331805682860747
2025-04-30,1093,1094,1079,1083,88530,-0.009149130832570851
2025-05-02,1083,1105,1076,1089,112763,0.005540166204986097
2025-05-07,1097,1102,1076,1085,43568,-0.0036730945821854544
2025-05-08,1076,1092,1076,1089,83629,0.0036866359447005337
2025-05-09,1090,1095,1071,1092,332864,0.0027548209366390353
2025-05-12,1092,1100,1078,1096,151791,0.00366300366300365
2025-05-13,1086,1096,1071,1088,258685,-0.007299270072992692
2025-05-14,1090,1105,1078,1104,373624,0.014705882352941124
2025-05-15,1113,1129,1105,1116,618802,0.010869565217391353
2025-05-16,1139,1158,1110,1116,1493000,0.0
2025-05-19,1125,1125,1087,1102,311266,-0.012544802867383464
2025-05-20,1104,1110,1090,1100,206911,-0.001814882032667886
2025-05-21,1100,1112,1091,1106,148484,0.005454545454545379
2025-05-22,1101,1172,1085,1143,1062382,0.03345388788426762
2025-05-23,1143,1143,1100,1121,376850,-0.01924759405074361
2025-05-26,1121,1124,1111,1115,157246,-0.00535236396074934
2025-05-27,1107,1129,1107,1124,203236,0.008071748878923701
2025-05-28,1124,1131,1112,1120,154352,-0.003558718861209953
2025-05-29,1125,1138,1115,1138,108647,0.016071428571428514
2025-05-30,1138,1151,1130,1147,183977,0.00790861159929701
2025-06-02,1147,1148,1119,1133,163018,-0.012205754141238034
2025-06-04,1135,1149,1125,1143,116804,0.008826125330979595
2025-06-05,1136,1146,1127,1136,388728,-0.006124234470691214
2025-06-09,1135,1150,1132,1143,262517,0.0061619718309859906
2025-06-10,1143,1146,1136,1142,97714,-0.0008748906386701893
2025-06-11,1142,1470,1139,1372,11957072,0.201401050788091
2025-06-12,1306,1340,1275,1314,3612324,-0.042274052478134094
2025-06-13,1320,1320,1248,1250,1488651,-0.0487062404870624
2025-06-16,1240,1250,1211,1229,644529,-0.016800000000000037
2025-06-17,1223,1247,1202,1211,542524,-0.01464605370219696
2025-06-18,1211,1246,1203,1230,423516,0.015689512799339278
2025-06-19,1234,1234,1209,1215,248042,-0.012195121951219523
2025-06-20,1211,1241,1203,1234,423919,0.01563786008230461
2025-06-23,1229,1231,1206,1217,392825,-0.013776337115072979
2025-06-24,1223,1252,1223,1238,528125,0.01725554642563676
2025-06-25,1243,1246,1226,1235,282476,-0.0024232633279482885
2025-06-26,1235,1238,1208,1220,242553,-0.012145748987854255
2025-06-27,1220,1227,1199,1200,212451,-0.016393442622950838
2025-06-30,1190,1217,1190,1206,150351,0.004999999999999893
2025-07-01,1206,1232,1200,1228,153960,0.018242122719734688
2025-07-02,1219,1230,1200,1218,272700,-0.008143322475570036
2025-07-03,1216,1234,1205,1222,447784,0.003284072249589487
2025-07-04,1219,1227,1184,1194,561573,-0.022913256955810146
2025-07-07,1194,1202,1175,1183,251701,-0.009212730318257978
2025-07-08,1176,1187,1172,1183,151844,0.0
2025-07-09,1182,1193,1176,1193,163640,0.008453085376162406
2025-07-10,1185,1197,1182,1189,139181,-0.0033528918692372622
2025-07-11,1193,1203,1181,1192,390748,0.002523128679562614
2025-07-14,1192,1215,1185,1212,942399,0.016778523489932917
2025-07-15,1213,1252,1208,1240,1461678,0.02310231023102305
2025-07-16,1240,1243,1210,1230,673525,-0.008064516129032251
2025-07-17,1226,1265,1220,1258,1268973,0.02276422764227637
2025-07-18,1252,1261,1227,1228,549816,-0.02384737678855331
2025-07-21,1223,1240,1216,1225,412306,-0.002442996742671011
2025-07-22,1226,1235,1199,1224,558115,-0.0008163265306122547
2025-07-23,1224,1224,1197,1218,374456,-0.004901960784313708
2025-07-24,1218,1223,1197,1206,372034,-0.009852216748768461
2025-07-25,1203,1219,1198,1219,337755,0.010779436152570376
2025-07-28,1219,1220,1200,1212,345722,-0.005742411812961423
2025-07-29,1204,1214,1180,1209,445114,-0.0024752475247524774
2025-07-30,1212,1212,1199,1205,278169,-0.003308519437551727
2025-07-31,1207,1210,1193,1207,221955,0.0016597510373443924
2025-08-01,1205,1205,1154,1165,417774,-0.03479701739850871
2025-08-04,1165,1180,1148,1178,182325,0.011158798283261717
2025-08-05,1171,1211,1171,1195,282499,0.014431239388794648
2025-08-06,1185,1199,1162,1172,246457,-0.019246861924686165
2025-08-07,1173,1177,1166,1166,130983,-0.005119453924914641
2025-08-08,1166,1179,1163,1172,119776,0.005145797598627766
2025-08-11,1179,1218,1173,1175,291117,0.0025597269624573205
2025-08-12,1175,1190,1174,1180,207722,0.004255319148936065
2025-08-13,1185,1193,1174,1187,139506,0.0059322033898305815
2025-08-14,1187,1205,1187,1190,226772,0.002527379949452291
2025-08-18,1188,1190,1160,1163,165646,-0.02268907563025213
2025-08-19,1157,1168,1150,1153,173093,-0.008598452278589908
2025-08-20,1153,1153,1110,1120,326840,-0.028620988725065022
2025-08-21,1116,1131,1115,1120,92802,0.0
2025-08-22,1111,1125,1109,1114,200704,-0.005357142857142838
2025-08-25,1114,1125,1101,1118,117422,0.0035906642728904536
2025-08-26,1113,1120,1106,1109,119416,-0.00805008944543828
2025-08-27,1109,1126,1100,1126,250368,0.015329125338142457
2025-08-28,1126,1127,1105,1114,106713,-0.010657193605683846
2025-08-29,1114,1114,1096,1101,188285,-0.011669658886894085
2025-09-01,1101,1113,1094,1109,154451,0.0072661217075387086
2025-09-02,1102,1299,1102,1158,24349813,0.044183949504057685
2025-09-03,1158,1295,1138,1205,18626737,0.040587219343696024
2025-09-04,1205,1266,1202,1205,3634250,0.0
2025-09-05,1199,1231,1191,1204,872378,-0.0008298755186721962
2025-09-08,1197,1214,1197,1205,657163,0.0008305647840531893
2025-09-09,1205,1215,1195,1204,396535,-0.0008298755186721962
2025-09-10,1204,1211,1186,1209,358618,0.004152823920265725
2025-09-11,1210,1222,1205,1216,715205,0.005789909015715411
2025-09-12,1216,1224,1202,1224,561854,0.006578947368421018
2025-09-15,1229,1255,1201,1226,878865,0.0016339869281045694
2025-09-16,1220,1224,1201,1208,388976,-0.014681892332789603
2025-09-17,1208,1214,1194,1195,323866,-0.010761589403973537
2025-09-18,1200,1213,1197,1205,274982,0.008368200836819994
2025-09-19,1205,1211,1190,1195,306818,-0.008298755186721962
2025-09-22,1206,1206,1167,1177,372654,-0.015062761506276168
2025-09-23,1180,1181,1165,1177,251301,0.0
2025-09-24,1185,1185,1148,1151,370994,-0.022090059473237056
2025-09-25,1160,1265,1145,1174,2158747,0.019982623805386623
2025-09-26,1161,1163,1126,1130,387227,-0.03747870528109032
2025-09-29,1131,1144,1120,1134,136763,0.003539823008849474
2025-09-30,1198,1380,1155,1182,40913123,0.042328042328042326
2025-10-01,1180,1197,1139,1140,2545916,-0.035532994923857864
2025-10-02,1141,1160,1140,1142,784430,0.0017543859649122862
2025-10-10,1149,1162,1142,1160,515821,0.015761821366024442
2025-10-13,1147,1158,1126,1157,467376,-0.002586206896551757
2025-10-14,1153,1160,1123,1129,709699,-0.02420051858254102
2025-10-15,1130,1150,1130,1143,221124,0.01240035429583708
2025-10-16,1151,1155,1136,1140,248147,-0.002624671916010457
2025-10-17,1135,1145,1123,1127,467066,-0.01140350877192986
2025-10-20,1126,1137,1121,1131,268345,0.003549245785270605
2025-10-21,1130,1137,1128,1134,360029,0.0026525198938991412
2025-10-22,1131,1138,1124,1137,181821,0.002645502645502562
2025-10-23,1135,1143,1125,1131,292915,-0.00527704485488123
2025-10-24,1135,1135,1126,1130,322083,-0.0008841732979664174
2025-10-27,1130,1152,1127,1143,483888,0.011504424778761013
2025-10-28,1140,1165,1139,1152,376262,0.007874015748031482
2025-10-29,1146,1152,1134,1138,263805,-0.01215277777777779
2025-10-30,1139,1148,1108,1110,331085,-0.024604569420035194
2025-10-31,1115,1120,1102,1105,297382,-0.0045045045045044585
2025-11-03,1105,1110,1070,1105,514504,0.0
2025-11-04,1087,1108,1073,1083,339219,-0.01990950226244348
2025-11-05,1079,1089,1056,1082,327037,-0.0009233610341643494
2025-11-06,1100,1123,1076,1088,390978,0.005545286506469571
2025-11-07,1088,1089,1070,1088,201957,0.0
2025-11-10,1080,1104,1077,1090,203004,0.0018382352941177516
2025-11-11,1090,1105,1084,1094,144606,0.003669724770642091
2025-11-12,1094,1116,1091,1116,265124,0.02010968921389389
2025-11-13,1114,1132,1109,1127,276982,0.009856630824372825
2025-11-14,1119,1138,1105,1113,261828,-0.012422360248447228
2025-11-17,1129,1129,1098,1108,195815,-0.004492362982928988
2025-11-18,1100,1105,1079,1092,182679,-0.014440433212996373
2025-11-19,1089,1096,1077,1088,160003,-0.00366300366300365
2025-11-20,1085,1099,1085,1098,111727,0.009191176470588314
2025-11-21,1089,1089,1070,1081,227852,-0.015482695810564717
2025-11-24,1083,1091,1071,1081,103175,0.0
2025-11-25,1082,1091,1067,1079,118104,-0.0018501387604070718
2025-11-26,1079,1087,1075,1085,142635,0.005560704355885182
2025-11-27,1085,1093,1077,1082,201339,-0.0027649769585254003
2025-11-28,1080,1112,1080,1105,318828,0.021256931608133023
2025-12-01,1105,1117,1105,1114,296448,0.008144796380090469
2025-12-02,1111,1118,1105,1115,159520,0.0008976660682227244
2025-12-03,1117,1126,1112,1125,181518,0.008968609865470878
2025-12-04,1120,1127,1106,1110,157496,-0.013333333333333308
2025-12-05,1107,1122,1105,1115,233466,0.0045045045045044585
2025-12-08,1115,1138,1111,1122,355477,0.00627802690582957
2025-12-09,1117,1131,1114,1122,143059,0.0
2025-12-10,1125,1126,1109,1118,186347,-0.0035650623885917776
2025-12-11,1118,1141,1118,1135,642001,0.015205724508050134
2025-12-12,1139,1165,1135,1151,703946,0.014096916299559448
2025-12-15,1191,1200,1154,1170,1343353,0.01650738488271064
2025-12-16,1163,1164,1149,1155,365748,-0.012820512820512775
2025-12-17,1163,1229,1163,1200,2375324,0.03896103896103886
2025-12-18,1200,1250,1164,1165,2613284,-0.029166666666666674
2025-12-19,1165,1183,1127,1173,758667,0.006866952789699621
2025-12-22,1180,1180,1144,1158,405911,-0.012787723785166238
2025-12-23,1160,1167,1137,1145,323843,-0.011226252158894612
2025-12-24,1138,1178,1125,1170,452194,0.02183406113537112
2025-12-26,1169,1200,1161,1161,508556,-0.007692307692307665
2025-12-29,1183,1183,1145,1158,258507,-0.0025839793281653423
2025-12-30,1158,1159,1143,1143,181797,-0.012953367875647714
2026-01-02,1145,1181,1145,1165,392406,0.01924759405074372
2026-01-05,1160,1165,1147,1151,234842,-0.012017167381974225
2026-01-06,1147,1155,1129,1131,646393,-0.017376194613379692
2026-01-07,1131,1131,1101,1105,635741,-0.02298850574712641
2026-01-08,1105,1114,1065,1091,504142,-0.012669683257918507
2026-01-09,1091,1092,1071,1080,171745,-0.010082493125572856
2026-01-12,1080,1090,1068,1080,266813,0.0
2026-01-13,1088,1089,1052,1069,742334,-0.010185185185185186
2026-01-14,1123,1125,1065,1070,830513,0.00093545369504211
2026-01-15,1070,1070,1040,1064,437654,-0.005607476635513975
2026-01-16,1064,1067,1047,1065,261899,0.0009398496240602405
2026-01-19,1063,1065,1043,1054,281923,-0.010328638497652531
2026-01-20,1054,1094,1052,1080,437127,0.024667931688804545
2026-01-21,1071,1078,1054,1071,199924,-0.008333333333333304
