Date,Open,High,Low,Close,Volume,Change
2022-01-03,16500,16550,15900,16250,89694,-0.012158054711246202
2022-01-04,16250,16600,16150,16600,65654,0.021538461538461506
2022-01-05,16600,17350,16500,17250,187929,0.03915662650602414
2022-01-06,16900,17550,16650,17300,144898,0.0028985507246377384
2022-01-07,17200,17650,17000,17600,113638,0.01734104046242768
2022-01-10,17650,17900,16950,16950,201004,-0.03693181818181823
2022-01-11,16950,16950,16500,16550,67692,-0.02359882005899705
2022-01-12,16700,17150,16700,17150,42188,0.03625377643504524
2022-01-13,17200,17400,16900,17000,44133,-0.008746355685131157
2022-01-14,16850,17150,16600,16750,56767,-0.014705882352941124
2022-01-17,16700,16700,16050,16300,57898,-0.0268656716417911
2022-01-18,16050,16350,15850,15900,46835,-0.024539877300613466
2022-01-19,15550,16150,15150,15550,31691,-0.022012578616352196
2022-01-20,15450,16200,15450,16150,37160,0.03858520900321549
2022-01-21,16150,16250,15800,16000,34481,-0.009287925696594423
2022-01-24,15600,15800,15250,15300,68555,-0.043749999999999956
2022-01-25,15300,15600,14450,14950,113958,-0.022875816993464082
2022-01-26,14850,15300,14800,15050,47387,0.006688963210702337
2022-01-27,14950,15200,14500,14550,72206,-0.03322259136212624
2022-01-28,14550,15350,14250,15350,54229,0.054982817869415834
2022-02-03,15950,16000,15350,15700,65750,0.0228013029315961
2022-02-04,15500,15900,15400,15850,56174,0.009554140127388644
2022-02-07,15900,16600,15500,15850,140799,0.0
2022-02-08,15800,16150,15600,15750,45806,-0.006309148264984188
2022-02-09,15850,16450,15750,16300,73152,0.03492063492063502
2022-02-10,16600,16650,16100,16150,96497,-0.009202453987730008
2022-02-11,16000,16350,15800,16100,47791,-0.003095975232198178
2022-02-14,15900,15900,15350,15400,62322,-0.04347826086956519
2022-02-15,15250,15600,14900,15000,62150,-0.025974025974025983
2022-02-16,15450,15800,15250,15650,51140,0.043333333333333224
2022-02-17,15650,16150,15500,15750,73167,0.006389776357827559
2022-02-18,15350,15850,15350,15700,26557,-0.0031746031746031633
2022-02-21,15550,15700,15400,15600,41349,-0.006369426751592355
2022-02-22,15400,15600,15200,15300,38946,-0.019230769230769273
2022-02-23,15250,16450,15250,16150,119754,0.05555555555555558
2022-02-24,16300,16750,15650,15800,168252,-0.021671826625387025
2022-02-25,16050,16350,15800,16250,116852,0.028481012658227778
2022-02-28,16600,16950,16250,16500,152888,0.01538461538461533
2022-03-02,16900,17400,16700,17150,174636,0.039393939393939315
2022-03-03,17700,17750,17150,17300,181852,0.008746355685131268
2022-03-04,17350,17900,17300,17550,187859,0.014450867052023142
2022-03-07,17900,18300,17450,18300,442707,0.042735042735042805
2022-03-08,21500,21700,18000,18100,4332309,-0.010928961748633892
2022-03-10,17800,17900,17000,17200,595118,-0.04972375690607733
2022-03-11,17300,17700,16850,17300,371545,0.005813953488372103
2022-03-14,17250,18400,17150,17900,742756,0.034682080924855585
2022-03-15,17900,18200,16800,16900,383017,-0.05586592178770955
2022-03-16,16850,17100,16700,16800,183173,-0.00591715976331364
2022-03-17,17000,17000,16650,16700,177959,-0.005952380952380931
2022-03-18,17150,17350,16750,16800,220298,0.0059880239520957446
2022-03-21,16900,17350,16700,17350,166099,0.032738095238095344
2022-03-22,17450,17450,17000,17300,137185,-0.0028818443804035088
2022-03-23,17600,18300,17450,17850,510274,0.03179190751445082
2022-03-24,18200,18300,17700,17900,260736,0.0028011204481792618
2022-03-25,18300,18300,17450,17800,199689,-0.005586592178770999
2022-03-28,17750,17750,17300,17400,115025,-0.022471910112359605
2022-03-29,17400,17700,16900,17000,144762,-0.02298850574712641
2022-03-30,17000,17100,16550,16700,160651,-0.01764705882352946
2022-03-31,16800,17300,16800,17250,125083,0.03293413173652704
2022-04-01,17050,17200,17000,17050,55533,-0.011594202898550732
2022-04-04,17050,17150,16850,17050,68958,0.0
2022-04-05,17100,17150,16850,16950,89904,-0.0058651026392961825
2022-04-06,16900,17000,16750,16850,55907,-0.005899705014749235
2022-04-07,16750,16950,16600,16600,68929,-0.014836795252225476
2022-04-08,16600,17350,16500,16950,145351,0.02108433734939763
2022-04-11,17000,17300,16800,17050,93647,0.005899705014749346
2022-04-12,17000,17200,16650,16750,81156,-0.017595307917888547
2022-04-13,16950,17500,16950,17400,183164,0.0388059701492538
2022-04-14,17450,17850,17200,17700,177896,0.01724137931034475
2022-04-15,17400,17850,17300,17700,115291,0.0
2022-04-18,17650,17650,17400,17500,78132,-0.011299435028248594
2022-04-19,17450,19350,17450,18750,981659,0.0714285714285714
2022-04-20,19350,20300,19150,19850,1245820,0.058666666666666645
2022-04-21,20000,20250,19450,19850,381506,0.0
2022-04-22,19500,19500,18200,19150,806034,-0.035264483627204024
2022-04-25,18850,19450,18300,18500,401221,-0.03394255874673624
2022-04-26,18600,18800,17950,18100,235739,-0.021621621621621623
2022-04-27,17600,18100,17400,17850,284158,-0.013812154696132617
2022-04-28,17850,18600,17700,18250,220967,0.022408963585434094
2022-04-29,18300,18350,17800,18150,125221,-0.005479452054794498
2022-05-02,18250,18750,18100,18250,228505,0.005509641873278293
2022-05-03,18500,18800,18250,18350,174640,0.005479452054794498
2022-05-04,18400,18700,18250,18450,178452,0.005449591280654031
2022-05-06,18100,18100,17450,17550,217950,-0.04878048780487809
2022-05-09,17400,17500,16700,16750,247263,-0.04558404558404561
2022-05-10,16300,16550,15850,16400,168834,-0.020895522388059695
2022-05-11,16300,16450,16050,16250,90333,-0.009146341463414642
2022-05-12,15850,17050,15850,16200,261757,-0.003076923076923088
2022-05-13,16250,16550,16200,16400,72819,0.012345679012345734
2022-05-16,16700,16800,16450,16500,79665,0.0060975609756097615
2022-05-17,16600,17100,16550,17050,146084,0.03333333333333344
2022-05-18,17300,17350,16900,17000,127370,-0.0029325513196480912
2022-05-19,16500,16700,16400,16550,84457,-0.026470588235294135
2022-05-20,16900,17200,16700,16850,83237,0.01812688821752273
2022-05-23,16950,16950,16600,16650,53465,-0.011869436201780381
2022-05-24,16650,16800,16200,16300,81127,-0.02102102102102099
2022-05-25,16300,16500,16250,16350,39384,0.0030674846625766694
2022-05-26,16400,16950,16350,16650,106371,0.0183486238532109
2022-05-27,16800,16850,16500,16600,46563,-0.0030030030030030463
2022-05-30,16600,16750,16450,16550,88064,-0.003012048192771122
2022-05-31,16600,16650,16400,16500,61073,-0.0030211480362537513
2022-06-02,16500,16650,16400,16650,49613,0.009090909090909038
2022-06-03,16700,16800,16600,16700,70863,0.0030030030030030463
2022-06-07,16650,17000,16500,16850,73130,0.008982035928143617
2022-06-08,16800,16850,16650,16700,24130,-0.008902077151335286
2022-06-09,16650,16650,16350,16500,47669,-0.0119760479041916
2022-06-10,16300,16400,15800,15900,137537,-0.036363636363636376
2022-06-13,15550,15550,14900,14900,149155,-0.06289308176100628
2022-06-14,14350,14900,14300,14750,111782,-0.010067114093959773
2022-06-15,14550,14850,14250,14350,94285,-0.027118644067796627
2022-06-16,14550,14900,14350,14400,56126,0.0034843205574912606
2022-06-17,14000,14350,13700,14250,65840,-0.01041666666666663
2022-06-20,14250,14300,13200,13350,92230,-0.06315789473684208
2022-06-21,13250,13700,13200,13700,40850,0.02621722846441954
2022-06-22,13650,13750,12700,12850,108950,-0.062043795620437936
2022-06-23,12700,12900,11900,12100,166847,-0.05836575875486383
2022-06-24,12000,12600,11950,12550,84553,0.037190082644628086
2022-06-27,12750,13050,12450,12950,106546,0.031872509960159334
2022-06-28,12850,13300,12700,13000,133884,0.0038610038610038533
2022-06-29,12700,13050,12650,12800,40211,-0.01538461538461533
2022-06-30,12800,13000,12300,12350,67766,-0.03515625
2022-07-01,12400,12800,12100,12200,73370,-0.012145748987854255
2022-07-04,12250,12400,11750,12050,71854,-0.012295081967213073
2022-07-05,12050,12600,12050,12600,52123,0.045643153526971014
2022-07-06,12550,12600,12100,12100,42357,-0.03968253968253965
2022-07-07,12200,12500,12150,12450,37336,0.02892561983471076
2022-07-08,12600,12850,12500,12650,41324,0.016064257028112428
2022-07-11,12650,12750,12400,12550,28299,-0.007905138339920903
2022-07-12,12350,12500,11950,12050,42426,-0.03984063745019917
2022-07-13,11950,12300,11850,12150,34151,0.008298755186721962
2022-07-14,12050,12300,11950,12200,27123,0.004115226337448652
2022-07-15,12200,12350,11850,12150,31721,-0.004098360655737654
2022-07-18,12300,12550,12250,12450,38163,0.024691358024691468
2022-07-19,12400,12700,12300,12650,39906,0.016064257028112428
2022-07-20,12950,12950,12650,12750,57714,0.007905138339920903
2022-07-21,12700,12850,12600,12850,32982,0.007843137254901933
2022-07-22,12850,12950,12700,12850,29591,0.0
2022-07-25,12850,13000,12750,12850,34386,0.0
2022-07-26,12800,13050,12750,12950,28113,0.0077821011673151474
2022-07-27,12900,12950,12700,12850,29641,-0.007722007722007707
2022-07-28,12950,13350,12900,13300,84962,0.035019455252918386
2022-07-29,13450,13800,13400,13450,89357,0.011278195488721776
2022-08-01,13700,14250,13450,14000,239005,0.040892193308550207
2022-08-02,14150,14200,13500,13600,225243,-0.02857142857142858
2022-08-03,13500,13650,13350,13450,82435,-0.011029411764705843
2022-08-04,13550,13600,13350,13400,62211,-0.0037174721189591198
2022-08-05,13350,13700,13350,13650,52100,0.018656716417910557
2022-08-08,13650,13700,13500,13550,41817,-0.0073260073260073
2022-08-09,13550,13850,13400,13550,40585,0.0
2022-08-10,13450,14100,13450,13950,132931,0.029520295202952074
2022-08-11,14200,14200,13800,13950,84919,0.0
2022-08-12,14100,14300,13900,14300,88943,0.02508960573476693
2022-08-16,15050,15150,14500,14550,278436,0.0174825174825175
2022-08-17,14450,14600,14000,14100,116436,-0.030927835051546393
2022-08-18,13950,13950,13600,13850,77981,-0.01773049645390068
2022-08-19,13800,13950,13650,13850,64588,0.0
2022-08-22,13750,13750,13400,13450,73971,-0.028880866425992746
2022-08-23,13300,14000,13050,13900,136868,0.03345724907063197
2022-08-24,13900,14400,13850,14350,115901,0.03237410071942448
2022-08-25,14550,14550,14200,14200,68701,-0.010452961672473893
2022-08-26,14200,14350,13900,14350,80675,0.010563380281690238
2022-08-29,13750,14200,13700,13900,73665,-0.03135888501742157
2022-08-30,14000,14250,13900,14050,46917,0.010791366906474753
2022-08-31,13900,14300,13900,14150,40549,0.007117437722419906
2022-09-01,14100,14150,13800,13900,48552,-0.017667844522968212
2022-09-02,13850,13950,13300,13450,67639,-0.03237410071942448
2022-09-05,13250,13650,13250,13450,25307,0.0
2022-09-06,13500,13850,13500,13700,39723,0.018587360594795488
2022-09-07,13850,14200,13550,13700,56013,0.0
2022-09-08,13900,14100,13750,13800,43495,0.007299270072992803
2022-09-13,14050,15150,13950,15100,370674,0.09420289855072461
2022-09-14,14550,14800,14200,14750,193056,-0.023178807947019875
2022-09-15,15100,15200,14550,14700,121270,-0.003389830508474523
2022-09-16,14600,15500,14550,15050,388562,0.023809523809523725
2022-09-19,14700,14750,13500,13550,342404,-0.09966777408637872
2022-09-20,13700,13950,13550,13800,78820,0.01845018450184499
2022-09-21,13650,13850,13350,13700,91726,-0.007246376811594235
2022-09-22,13450,13450,12850,13200,108998,-0.03649635036496346
2022-09-23,13300,13650,13100,13350,156628,0.011363636363636465
2022-09-26,13300,13850,12500,12600,277522,-0.0561797752808989
2022-09-27,12350,12650,12100,12400,103790,-0.015873015873015928
2022-09-28,12400,12500,11450,11600,163312,-0.06451612903225812
2022-09-29,11800,12250,11500,11500,136639,-0.008620689655172376
2022-09-30,11300,11750,11000,11600,74801,0.008695652173912993
2022-10-04,11800,12000,11550,11900,112167,0.02586206896551735
2022-10-05,12000,12100,11350,11500,118940,-0.03361344537815125
2022-10-06,11550,11950,11550,11900,53757,0.034782608695652195
2022-10-07,11900,12050,11750,11850,51134,-0.004201680672268893
2022-10-11,11550,11600,11300,11550,66799,-0.025316455696202556
2022-10-12,11400,11550,11300,11500,46741,-0.0043290043290042934
2022-10-13,11350,11400,11000,11150,69726,-0.0304347826086957
2022-10-14,11300,11550,11300,11500,31892,0.03139013452914807
2022-10-17,11250,11650,11200,11600,26777,0.008695652173912993
2022-10-18,11850,11950,11550,11850,42172,0.02155172413793105
2022-10-19,11800,12050,11700,11800,30363,-0.00421940928270037
2022-10-20,11800,11850,11400,11550,43808,-0.021186440677966156
2022-10-21,11400,11550,11250,11300,33376,-0.02164502164502169
2022-10-24,11400,11650,11350,11450,41625,0.01327433628318575
2022-10-25,11500,11550,11300,11350,17083,-0.008733624454148492
2022-10-26,11400,11400,11050,11150,45505,-0.017621145374449365
2022-10-27,10550,10850,10150,10750,186828,-0.0358744394618834
2022-10-28,10750,10750,10400,10400,90638,-0.032558139534883734
2022-10-31,10550,10550,10150,10400,49890,0.0
2022-11-01,10300,10650,10250,10550,56912,0.014423076923076872
2022-11-02,10550,10700,10500,10550,35948,0.0
2022-11-03,10400,10600,10200,10550,31664,0.0
2022-11-04,10500,10550,10400,10550,24728,0.0
2022-11-07,10550,11050,10550,10950,59295,0.03791469194312791
2022-11-08,11000,11150,10900,11000,36741,0.004566210045662045
2022-11-09,11000,11250,11000,11200,51010,0.018181818181818077
2022-11-10,11150,11250,11050,11150,27264,-0.004464285714285698
2022-11-11,11400,11500,11250,11400,106629,0.022421524663677195
2022-11-14,11450,11700,11400,11450,100526,0.004385964912280604
2022-11-15,11550,12000,11450,12000,116870,0.048034934497816595
2022-11-16,12100,12100,11750,12050,56806,0.004166666666666652
2022-11-17,12000,12000,11600,11700,65235,-0.02904564315352698
2022-11-18,11650,11800,11500,11650,25800,-0.004273504273504258
2022-11-21,11600,11650,11300,11450,44527,-0.01716738197424894
2022-11-22,11450,11600,11350,11400,20558,-0.004366812227074246
2022-11-23,11400,11550,11300,11550,43167,0.013157894736842035
2022-11-24,11550,11700,11550,11650,26323,0.008658008658008587
2022-11-25,11650,11750,11600,11750,22773,0.008583690987124415
2022-11-28,11900,11900,11400,11500,26316,-0.021276595744680882
2022-11-29,11500,11650,11350,11650,21875,0.01304347826086949
2022-11-30,11600,11800,11500,11700,31588,0.0042918454935623185
2022-12-01,11850,12000,11700,11900,36036,0.017094017094017033
2022-12-02,11900,11900,11600,11600,23674,-0.025210084033613467
2022-12-05,11600,11700,11450,11600,26639,0.0
2022-12-06,11450,11550,11150,11150,53262,-0.03879310344827591
2022-12-07,10950,11300,10950,11250,60547,0.008968609865470878
2022-12-08,11250,11300,10950,11050,42674,-0.01777777777777778
2022-12-09,11100,11200,10950,11050,45238,0.0
2022-12-12,11000,11100,10950,11050,17495,0.0
2022-12-13,11100,11150,10950,11050,22183,0.0
2022-12-14,11100,11200,11000,11200,18268,0.013574660633484115
2022-12-15,11150,11200,11000,11100,17031,-0.008928571428571397
2022-12-16,10900,10950,10800,10950,17187,-0.013513513513513487
2022-12-19,10800,10900,10750,10850,27194,-0.0091324200913242
2022-12-20,10750,10800,10500,10650,44977,-0.018433179723502335
2022-12-21,10650,10800,10600,10700,20562,0.0046948356807512415
2022-12-22,10700,10900,10700,10900,18133,0.01869158878504673
2022-12-23,10800,10800,10550,10600,33411,-0.02752293577981646
2022-12-26,10650,10650,10450,10550,23642,-0.004716981132075526
2022-12-27,10450,10700,10450,10700,29214,0.014218009478673022
2022-12-28,10600,10600,10450,10500,14876,-0.01869158878504673
2022-12-29,10500,10500,10100,10350,37641,-0.014285714285714235
2023-01-02,10250,10350,10100,10200,37771,-0.01449275362318836
2023-01-03,10000,10100,9760,10050,57926,-0.014705882352941124
2023-01-04,9910,10300,9880,10250,27847,0.01990049751243772
2023-01-05,10250,10400,10200,10350,17164,0.009756097560975618
2023-01-06,10400,10550,10300,10500,22318,0.01449275362318847
2023-01-09,10650,10750,10550,10750,29128,0.023809523809523725
2023-01-10,10750,10900,10700,10750,17578,0.0
2023-01-11,10750,10850,10700,10750,19560,0.0
2023-01-12,10800,10900,10700,10800,14288,0.0046511627906977715
2023-01-13,10850,11150,10800,11150,85153,0.03240740740740744
2023-01-16,11050,11250,11000,11100,35911,-0.004484304932735439
2023-01-17,11150,11200,10950,11100,19868,0.0
2023-01-18,11050,11100,10900,11050,20855,-0.0045045045045044585
2023-01-19,11400,11550,11100,11300,109904,0.02262443438914019
2023-01-20,11200,11250,11100,11250,17260,-0.004424778761061954
2023-01-25,11600,11600,11150,11150,40325,-0.008888888888888835
2023-01-26,11160,11410,11160,11340,27793,0.01704035874439458
2023-01-27,11360,11490,11300,11450,27044,0.00970017636684295
2023-01-30,11390,11490,11280,11300,20388,-0.013100436681222738
2023-01-31,11350,11410,11240,11290,31848,-0.0008849557522123686
2023-02-01,11430,11430,11250,11350,27460,0.005314437555358653
2023-02-02,11350,11410,11260,11350,40268,0.0
2023-02-03,11350,11370,11170,11300,16717,-0.004405286343612369
2023-02-06,11220,11270,11070,11140,40978,-0.01415929203539823
2023-02-07,11100,11210,11090,11160,10339,0.0017953321364452268
2023-02-08,11180,11430,11170,11370,43148,0.018817204301075252
2023-02-09,11270,11360,11180,11290,28363,-0.0070360598065083435
2023-02-10,11290,11290,10950,10970,38628,-0.02834366696191315
2023-02-13,10970,10990,10800,10970,19643,0.0
2023-02-14,10970,11200,10940,11070,34837,0.009115770282588809
2023-02-15,11160,11160,10850,10860,20444,-0.01897018970189701
2023-02-16,10970,11050,10890,10990,26175,0.011970534069981609
2023-02-17,11030,12170,10980,12170,513774,0.10737033666969964
2023-02-20,12100,12220,11830,12100,165748,-0.005751848808545623
2023-02-21,12450,12600,12100,12250,261829,0.012396694214876103
2023-02-22,12050,12420,12010,12200,112159,-0.004081632653061273
2023-02-23,12230,12250,11640,11950,100448,-0.020491803278688492
2023-02-24,11900,12070,11400,11460,103344,-0.041004184100418395
2023-02-27,11430,11720,11300,11400,64096,-0.005235602094240788
2023-02-28,11600,11600,11300,11350,35323,-0.004385964912280715
2023-03-02,11360,11810,11360,11640,83102,0.02555066079295165
2023-03-03,11650,11730,11590,11640,36732,0.0
2023-03-06,11640,11700,11400,11520,60767,-0.010309278350515427
2023-03-07,11520,11830,11520,11780,75997,0.02256944444444442
2023-03-08,11700,11700,11350,11500,66409,-0.02376910016977929
2023-03-09,11500,11530,11260,11310,31733,-0.016521739130434754
2023-03-10,11150,11170,10950,11000,51922,-0.027409372236958496
2023-03-13,10900,10900,10610,10760,50080,-0.021818181818181848
2023-03-14,10600,10660,10310,10500,63354,-0.024163568773234223
2023-03-15,10600,10730,10500,10730,25099,0.02190476190476187
2023-03-16,10730,10730,10410,10540,36314,-0.017707362534948756
2023-03-17,10650,10810,10550,10720,25826,0.017077798861480087
2023-03-20,10710,10770,10650,10720,19977,0.0
2023-03-21,10670,10760,10600,10720,38211,0.0
2023-03-22,10720,10740,10490,10550,50789,-0.01585820895522383
2023-03-23,10410,10770,10340,10700,64276,0.014218009478673022
2023-03-24,10600,10700,10460,10570,24622,-0.012149532710280408
2023-03-27,10530,10620,10410,10520,40582,-0.004730368968779541
2023-03-28,10580,10870,10530,10870,46215,0.033269961977186346
2023-03-29,10820,10940,10740,10840,24752,-0.002759889604415866
2023-03-30,11000,11210,10860,11100,43144,0.023985239852398532
2023-03-31,11170,11460,11070,11150,72371,0.0045045045045044585
2023-04-03,11210,11440,11000,11190,42055,0.0035874439461882623
2023-04-04,11300,11430,11140,11330,55693,0.01251117068811447
2023-04-05,11330,11850,11200,11700,247388,0.032656663724624835
2023-04-06,12600,15210,12550,15210,1473368,0.30000000000000004
2023-04-07,15400,16300,14130,15240,5766601,0.0019723865877712132
2023-04-10,15500,17730,15130,16270,5859779,0.0675853018372703
2023-04-11,16030,16030,15640,15950,383652,-0.019668100799016597
2023-04-12,16180,16290,15880,16050,294484,0.006269592476489061
2023-04-13,16040,16740,16040,16550,399508,0.031152647975077885
2023-04-14,16880,20700,16320,19110,8411523,0.15468277945619335
2023-04-17,20000,20500,19210,19470,1613959,0.018838304552590168
2023-04-18,19130,22850,18130,20050,3994470,0.029789419619928204
2023-04-19,20350,21200,19530,19970,1058299,-0.003990024937655878
2023-04-20,19570,19790,18330,18670,615323,-0.0650976464697045
2023-04-21,18680,19750,17300,17970,755835,-0.03749330476700585
2023-04-24,18510,19660,17190,17470,1858756,-0.027824151363383454
2023-04-25,17200,18480,16470,16840,1392588,-0.03606182026330851
2023-04-26,16830,18470,16530,17260,1115064,0.02494061757719712
2023-04-27,17000,17140,16360,16980,433702,-0.016222479721900385
2023-04-28,17120,17390,16080,16170,397247,-0.04770318021201414
2023-05-02,15600,16970,15600,16580,471886,0.02535559678416832
2023-05-03,16500,18770,16200,17940,2733136,0.08202653799758752
2023-05-04,18440,19500,16580,17350,1822251,-0.032887402452619896
2023-05-08,17090,17320,16070,16140,405044,-0.06974063400576369
2023-05-09,16140,16300,14970,15050,493323,-0.06753407682775714
2023-05-10,14990,15570,14990,15280,311491,0.015282392026578107
2023-05-11,15690,17250,15410,15800,1565882,0.03403141361256545
2023-05-12,15900,16040,15040,15060,246022,-0.04683544303797471
2023-05-15,15010,15140,14600,14920,166579,-0.009296148738379806
2023-05-16,14920,15080,14240,14940,158344,0.0013404825737264314
2023-05-17,14930,15080,14690,14850,123783,-0.0060240963855421326
2023-05-18,15150,15640,15060,15320,221133,0.031649831649831706
2023-05-19,15400,15460,14840,14910,165327,-0.026762402088772896
2023-05-22,14800,15850,14720,15700,222355,0.052984574111334615
2023-05-23,15760,16290,15600,15930,233310,0.014649681528662528
2023-05-24,15900,16110,15600,16000,108274,0.00439422473320783
2023-05-25,15970,16060,15650,15710,79506,-0.018124999999999947
2023-05-26,15600,15910,15250,15350,102391,-0.02291534054742206
2023-05-30,15400,15550,15180,15410,73124,0.003908794788273662
2023-05-31,15240,16480,15180,15750,390859,0.022063595068137598
2023-06-01,15870,15870,15320,15320,138857,-0.02730158730158727
2023-06-02,15350,15900,15260,15650,134224,0.021540469973890364
2023-06-05,15680,16670,15680,16250,280413,0.03833865814696491
2023-06-07,16250,16270,15890,16100,101134,-0.009230769230769265
2023-06-08,16100,16300,15880,16080,103078,-0.001242236024844745
2023-06-09,16090,16540,15920,16480,186620,0.02487562189054726
2023-06-12,16500,16510,16130,16300,90905,-0.01092233009708743
2023-06-13,16300,16300,15960,15970,103225,-0.02024539877300613
2023-06-14,15930,16530,15770,15910,231753,-0.0037570444583594487
2023-06-15,15940,16420,15840,15920,154658,0.0006285355122563896
2023-06-16,16000,16200,15700,16150,97536,0.014447236180904488
2023-06-19,16250,16490,16000,16400,141052,0.015479876160990669
2023-06-20,16500,16520,15900,15950,143993,-0.027439024390243927
2023-06-21,15960,16270,15900,16030,101535,0.005015673981191293
2023-06-22,16080,16180,15540,16120,121448,0.005614472863381126
2023-06-23,16120,16390,15800,15840,177864,-0.017369727047146455
2023-06-26,15850,17200,15850,16900,828591,0.06691919191919182
2023-06-27,16770,16840,16370,16470,145531,-0.025443786982248473
2023-06-28,16600,16720,16000,16070,174157,-0.024286581663630846
2023-06-29,16070,16430,14730,14780,478795,-0.08027380211574364
2023-06-30,14780,15410,14780,15390,122290,0.04127198917456032
2023-07-03,15450,15720,15400,15700,144879,0.020142949967511425
2023-07-04,15780,15960,15360,15380,103063,-0.020382165605095537
2023-07-05,15400,16460,15400,16150,343106,0.05006501950585185
2023-07-06,16210,16210,15280,15310,164787,-0.05201238390092877
2023-07-07,15400,15400,14860,14950,124644,-0.023514043109079008
2023-07-10,14830,15050,14680,14820,60825,-0.008695652173912993
2023-07-11,14950,15240,14900,15210,73836,0.026315789473684292
2023-07-12,15230,15480,15150,15300,65803,0.00591715976331364
2023-07-13,15300,15450,15090,15140,115880,-0.010457516339869244
2023-07-14,15200,15200,14820,15140,100095,0.0
2023-07-17,15140,15490,15070,15120,99169,-0.0013210039630119352
2023-07-18,15030,15200,14620,14620,135022,-0.033068783068783025
2023-07-19,14500,14590,13700,14030,245227,-0.04035567715458277
2023-07-20,13910,14370,13890,14210,82354,0.01282965074839626
2023-07-21,14090,14270,13940,14090,56953,-0.008444757213230125
2023-07-24,13950,14070,13500,13800,85819,-0.02058197303051812
2023-07-25,13730,14250,13680,13820,80566,0.0014492753623187582
2023-07-26,13800,13800,12800,12930,200764,-0.06439942112879882
2023-07-27,12930,13680,12910,13320,98043,0.030162412993039345
2023-07-28,13020,13940,13020,13750,87149,0.03228228228228236
2023-07-31,13750,14180,13710,14130,72528,0.02763636363636368
2023-08-01,14190,14330,13780,14000,88437,-0.009200283085633365
2023-08-02,13830,15110,13830,14830,441459,0.059285714285714386
2023-08-03,15200,15210,13870,14130,402190,-0.04720161834120029
2023-08-04,13940,13970,13710,13770,128290,-0.02547770700636942
2023-08-07,13600,13910,13460,13800,68119,0.002178649237472685
2023-08-08,13770,14500,13560,13600,100477,-0.01449275362318836
2023-08-09,13460,13640,13450,13530,55316,-0.0051470588235293935
2023-08-10,13500,13600,13350,13520,49669,-0.0007390983000739038
2023-08-11,13520,13900,13490,13640,35208,0.008875739644970349
2023-08-14,13570,13850,13150,13180,82341,-0.03372434017595305
2023-08-16,13010,13090,12690,12770,94441,-0.031107738998482515
2023-08-17,12600,12760,12210,12410,74185,-0.028191072826938113
2023-08-18,12410,12450,12090,12380,59491,-0.00241740531829171
2023-08-21,12310,12800,12310,12420,32505,0.003231017770597644
2023-08-22,12380,12590,12200,12200,52031,-0.017713365539452464
2023-08-23,12310,14290,12130,13030,1104282,0.06803278688524594
2023-08-24,12850,13130,12670,12740,128247,-0.022256331542593988
2023-08-25,12690,14190,12550,13500,391912,0.05965463108320246
2023-08-28,13620,13970,13620,13730,98196,0.01703703703703696
2023-08-29,13950,14480,13520,13760,184217,0.002184996358339353
2023-08-30,13780,13790,13460,13460,83313,-0.021802325581395388
2023-08-31,13510,13780,13150,13170,70588,-0.021545319465081758
2023-09-01,13180,13350,13080,13230,38932,0.004555808656036442
2023-09-04,13120,13460,13110,13350,47852,0.009070294784580435
2023-09-05,13310,13520,13310,13350,47467,0.0
2023-09-06,13320,13570,13170,13190,60084,-0.011985018726591745
2023-09-07,13180,13190,12800,12840,51173,-0.02653525398028811
2023-09-08,12810,13030,12770,12920,39784,0.006230529595015577
2023-09-11,13150,13380,12830,12870,47477,-0.0038699690402477227
2023-09-12,12900,13360,12830,12840,69893,-0.002331002331002363
2023-09-13,12840,12920,12570,12570,40340,-0.0210280373831776
2023-09-14,12530,13020,12530,12860,57083,0.023070803500397696
2023-09-15,13000,13670,12910,13580,166416,0.055987558320373276
2023-09-18,13580,13700,13120,13150,63007,-0.03166421207658321
2023-09-19,13260,13470,12990,12990,47262,-0.012167300380228174
2023-09-20,12960,13170,12940,13070,32484,0.00615858352578913
2023-09-21,12910,12910,12420,12500,102050,-0.0436113236419281
2023-09-22,12350,12510,12210,12220,67419,-0.022399999999999975
2023-09-25,12490,12490,11990,12010,49519,-0.017184942716857665
2023-09-26,12150,12220,11550,11560,88546,-0.03746877601998333
2023-09-27,11440,12090,11440,12050,51307,0.042387543252595083
2023-10-04,12880,12880,11850,11850,178137,-0.016597510373444035
2023-10-05,11910,12060,11500,11500,53816,-0.029535864978902926
2023-10-06,11270,11830,11270,11490,48439,-0.0008695652173913437
2023-10-10,11550,11940,11330,11390,68014,-0.00870322019147085
2023-10-11,11390,12720,11390,12170,287136,0.06848112379280069
2023-10-12,12200,12450,12180,12380,55880,0.01725554642563676
2023-10-13,12390,12560,12200,12410,59490,0.0024232633279483995
2023-10-16,12300,13490,12170,13090,229161,0.0547945205479452
2023-10-17,13010,13150,12910,13080,62208,-0.0007639419404125158
2023-10-18,13190,13750,12960,13320,166538,0.0183486238532109
2023-10-19,13200,13210,12500,12530,88365,-0.05930930930930933
2023-10-20,12380,12530,11710,11860,126025,-0.05347166799680769
2023-10-23,11800,11860,11500,11510,64422,-0.0295109612141653
2023-10-24,11530,11740,11100,11710,60624,0.017376194613379692
2023-10-25,11700,11920,11660,11730,37011,0.0017079419299743659
2023-10-26,11600,11670,11180,11220,62101,-0.04347826086956519
2023-10-27,11220,14580,11220,14580,2560977,0.2994652406417113
2023-10-30,15380,16330,14670,15130,5492817,0.037722908093278384
2023-10-31,14970,15420,13840,14130,1261517,-0.06609385327164574
2023-11-01,14400,14410,13390,13460,729980,-0.0474168435951875
2023-11-02,13540,13680,13350,13670,381076,0.015601783060921193
2023-11-03,13570,13590,13020,13450,377875,-0.01609363569861011
2023-11-06,13440,13870,13260,13800,444023,0.026022304832713727
2023-11-07,13710,13740,12990,13290,309282,-0.036956521739130443
2023-11-08,14080,14080,12790,12790,754500,-0.037622272385252065
2023-11-09,12910,13100,12250,12420,301630,-0.02892885066458173
2023-11-10,12330,12510,12160,12440,99951,0.0016103059581320522
2023-11-13,12400,12900,12290,12300,173164,-0.0112540192926045
2023-11-14,12380,15950,12380,15400,9600119,0.2520325203252032
2023-11-15,15780,16330,15310,15370,2468156,-0.001948051948051921
2023-11-16,15240,15520,14710,14900,652671,-0.030579050097592764
2023-11-17,15100,15100,14220,14500,560651,-0.02684563758389258
2023-11-20,14610,14940,14300,14630,358009,0.008965517241379395
2023-11-21,14530,15430,14530,14920,506067,0.01982228298017774
2023-11-22,14930,15140,14750,14830,179911,-0.0060321715817693855
2023-11-23,14920,15390,14750,15120,289218,0.019554956169925752
2023-11-24,15080,15160,14860,14910,116921,-0.01388888888888884
2023-11-27,14910,15000,13750,14810,139511,-0.0067069081153587895
2023-11-28,14690,15110,14430,14810,119923,0.0
2023-11-29,14840,15790,14600,15780,456016,0.06549628629304527
2023-11-30,15790,15940,15360,15670,285297,-0.006970849176172411
2023-12-01,15740,16370,15240,15310,618951,-0.02297383535417996
2023-12-04,15330,15930,15250,15570,196133,0.0169823644676681
2023-12-05,15450,16150,15020,15160,270050,-0.02633269107257552
2023-12-06,15200,15350,14530,15270,111044,0.0072559366754616494
2023-12-07,15270,15900,15070,15600,179528,0.0216110019646365
2023-12-08,15620,15780,15090,15230,208217,-0.023717948717948745
2023-12-11,15300,15550,15160,15330,115386,0.006565988181221227
2023-12-12,15450,15800,14610,15010,156359,-0.020874103065883887
2023-12-13,14990,14990,14290,14370,164051,-0.04263824117255166
2023-12-14,14400,14840,14310,14550,123497,0.012526096033402823
2023-12-15,14570,15150,14570,15090,161157,0.03711340206185576
2023-12-18,15090,15750,14940,15360,158306,0.017892644135188762
2023-12-19,15380,15470,15130,15160,60167,-0.01302083333333337
2023-12-20,15290,15290,15000,15150,62696,-0.0006596306068601399
2023-12-21,15220,15220,14790,14790,110063,-0.023762376237623783
2023-12-22,15120,16630,14640,14640,1643125,-0.010141987829614618
2023-12-26,14630,14730,14170,14220,174170,-0.02868852459016391
2023-12-27,14220,14690,14200,14300,104009,0.005625879043600568
2023-12-28,14310,14900,14300,14610,81474,0.02167832167832162
2024-01-02,16930,18990,16500,18990,5033716,0.299794661190965
2024-01-03,19800,19810,17830,18010,2634428,-0.051606108478146395
2024-01-04,18140,18550,17550,18440,1504470,0.02387562465297055
2024-01-05,18220,18840,17790,17820,1044625,-0.033622559652928374
2024-01-08,17500,17660,17000,17000,450962,-0.04601571268237936
2024-01-09,17100,17240,16860,17090,218502,0.0052941176470588935
2024-01-10,17150,20850,17060,19110,7862072,0.1181977764774722
2024-01-11,19160,19660,18520,18740,1005287,-0.019361590790162198
2024-01-12,18800,19100,18050,18200,424460,-0.028815368196371427
2024-01-15,18030,18200,17370,17710,381650,-0.02692307692307694
2024-01-16,17760,19400,17400,18370,1526085,0.037267080745341685
2024-01-17,18160,18180,17140,17300,313490,-0.058247142079477454
2024-01-18,17250,18160,17190,17620,317417,0.018497109826589586
2024-01-19,17620,18250,17410,18100,319805,0.02724177071509648
2024-01-22,18130,18400,17580,17900,252054,-0.011049723756906049
2024-01-23,18960,20100,18120,18500,1914249,0.033519553072625774
2024-01-24,18260,19370,18080,18650,631384,0.008108108108108025
2024-01-25,18540,19960,18450,19800,1036555,0.06166219839142095
2024-01-26,19560,19710,19010,19380,339208,-0.021212121212121238
2024-01-29,19350,19380,18550,18550,308027,-0.042827657378740946
2024-01-30,18360,18720,17940,17990,247692,-0.030188679245283012
2024-01-31,17200,17780,17180,17300,268109,-0.03835464146748191
2024-02-01,17090,17480,17070,17320,114313,0.0011560693641619046
2024-02-02,17330,18320,17330,17850,184455,0.03060046189376453
2024-02-05,17960,18690,17400,18630,242848,0.043697478991596705
2024-02-06,18630,19400,18210,18590,386616,-0.0021470746108427363
2024-02-07,18600,19020,18200,18730,183850,0.007530930607853703
2024-02-08,18600,18890,18370,18370,125436,-0.019220501868659867
2024-02-13,18200,18980,18200,18560,145483,0.010342950462710832
2024-02-14,18400,18950,18220,18930,127621,0.0199353448275863
2024-02-15,19090,19350,18820,19030,178820,0.00528262017960901
2024-02-16,18960,19170,18690,18840,127923,-0.009984235417761389
2024-02-19,18840,19540,18820,19420,235558,0.030785562632696495
2024-02-20,19400,19500,18920,19070,142873,-0.018022657054582947
2024-02-21,19070,19140,18270,18750,135470,-0.01678028316727842
2024-02-22,18400,19300,18400,18700,136855,-0.002666666666666706
2024-02-23,18700,19450,18400,19270,274489,0.030481283422459926
2024-02-26,19230,19630,18860,19300,205889,0.0015568240788790266
2024-02-27,19270,20850,18710,18780,1051358,-0.02694300518134718
2024-02-28,18720,19220,18500,19150,216800,0.01970181043663466
2024-02-29,19150,19330,18820,18910,134783,-0.012532637075718056
2024-03-04,18820,19360,18670,18880,153115,-0.0015864621893177944
2024-03-05,18820,18880,17950,18020,228364,-0.045550847457627164
2024-03-06,18030,18150,17760,17900,104023,-0.006659267480577102
2024-03-07,17980,18430,17830,17910,107587,0.0005586592178770111
2024-03-08,17950,18190,17800,17890,94514,-0.001116694584031297
2024-03-11,17890,18030,17460,17970,99187,0.004471771939630997
2024-03-12,18100,21950,17990,20900,3249524,0.16304952698942676
2024-03-13,20700,21100,19780,20300,692974,-0.028708133971291905
2024-03-14,20150,20600,19800,20250,374776,-0.0024630541871921707
2024-03-15,20250,21400,20050,20600,783586,0.01728395061728394
2024-03-18,20850,21550,20550,20600,282970,0.0
2024-03-19,20650,21700,20150,20650,395227,0.0024271844660195274
2024-03-20,20650,21100,20300,20550,156075,-0.004842615012106588
2024-03-21,20550,21200,20550,20850,154505,0.014598540145985384
2024-03-22,20700,21500,20700,21100,290811,0.011990407673860837
2024-03-25,21850,21950,20200,20700,418181,-0.018957345971563955
2024-03-26,20700,21100,20400,20650,156590,-0.0024154589371980784
2024-03-27,20650,21300,20500,20950,197720,0.014527845036319542
2024-03-28,21000,22400,20850,22200,714850,0.059665871121718395
2024-03-29,21750,22100,20650,20900,391707,-0.058558558558558516
2024-04-01,20700,21250,20700,20850,129582,-0.0023923444976076125
2024-04-02,20750,20850,19740,19800,307908,-0.05035971223021585
2024-04-03,19780,19780,19090,19090,207421,-0.03585858585858581
2024-04-04,19300,20000,19150,19450,188260,0.0188580408590886
2024-04-05,19380,20800,19300,20500,276228,0.05398457583547556
2024-04-08,20300,20750,20150,20500,128783,0.0
2024-04-09,20400,21000,20200,20300,146146,-0.009756097560975618
2024-04-11,20050,20700,19900,20550,84614,0.012315270935960632
2024-04-12,20500,21150,20350,21000,150470,0.021897810218978186
2024-04-15,20600,21200,20400,21100,126346,0.004761904761904745
2024-04-16,21000,21300,19680,19990,294699,-0.05260663507109009
2024-04-17,20050,20550,19860,20000,106260,0.0005002501250626068
2024-04-18,20400,21200,20200,20500,321491,0.02499999999999991
2024-04-19,20650,20900,19770,20050,227402,-0.02195121951219514
2024-04-22,20100,20350,19970,20150,68836,0.004987531172069737
2024-04-23,20150,20550,20050,20350,113103,0.00992555831265518
2024-04-24,20350,21300,20350,20950,221576,0.029484029484029506
2024-04-25,20950,21400,20750,21000,145561,0.0023866348448686736
2024-04-26,21000,21200,20500,20900,84820,-0.004761904761904745
2024-04-29,21150,22800,21100,22550,708462,0.07894736842105265
2024-04-30,22350,22500,21600,21650,243942,-0.039911308203991136
2024-05-02,21750,22150,21350,21550,140031,-0.004618937644341847
2024-05-03,21500,21850,20300,20350,258978,-0.05568445475638051
2024-05-07,20500,20900,20300,20900,128496,0.027027027027026973
2024-05-08,20900,21250,20600,21200,88952,0.014354066985645897
2024-05-09,21050,21800,20750,20750,98175,-0.021226415094339646
2024-05-10,20750,21300,20400,21050,125102,0.014457831325301207
2024-05-13,21050,21250,20500,20500,101304,-0.026128266033254133
2024-05-14,20600,21500,20550,20700,102931,0.009756097560975618
2024-05-16,20750,21350,20500,21050,131398,0.01690821256038655
2024-05-17,20900,21050,20450,20700,84315,-0.016627078384798155
2024-05-20,20550,20850,20450,20600,67689,-0.004830917874396157
2024-05-21,20700,21200,20500,20600,138299,0.0
2024-05-22,20650,20850,19900,20700,100944,0.004854368932038833
2024-05-23,20650,22500,20400,21850,574035,0.05555555555555558
2024-05-24,21600,21750,21100,21350,107343,-0.022883295194508046
2024-05-27,21450,21750,21150,21700,96964,0.016393442622950838
2024-05-28,21700,22800,21700,22200,367597,0.02304147465437789
2024-05-29,22200,23150,21850,22800,259904,0.027027027027026973
2024-05-30,22550,22650,20650,21000,432824,-0.07894736842105265
2024-05-31,20900,21250,20600,20850,134921,-0.0071428571428571175
2024-06-03,20800,21600,20800,21200,111029,0.01678657074340517
2024-06-04,21200,21500,20950,21200,117889,0.0
2024-06-05,21200,22050,20800,21400,218901,0.009433962264151052
2024-06-07,21550,21800,21200,21600,78544,0.009345794392523255
2024-06-10,21800,21800,21100,21150,89530,-0.02083333333333337
2024-06-11,21200,21350,20650,20700,171024,-0.021276595744680882
2024-06-12,20450,21500,19990,20400,247533,-0.01449275362318836
2024-06-13,20700,20900,20300,20700,105605,0.014705882352941124
2024-06-14,20800,20800,19490,19500,241026,-0.05797101449275366
2024-06-17,19500,19650,18150,18440,266371,-0.05435897435897441
2024-06-18,18300,18430,17800,17850,198957,-0.03199566160520606
2024-06-19,17860,18140,17050,18110,393543,0.014565826330532161
2024-06-20,18150,18460,17780,17980,145974,-0.007178354500276041
2024-06-21,17910,18180,17480,17790,99877,-0.010567296996662923
2024-06-24,17760,17760,17050,17400,108066,-0.021922428330522714
2024-06-25,17390,17790,17180,17700,81452,0.01724137931034475
2024-06-26,17700,18130,16670,16890,256291,-0.045762711864406724
2024-06-27,16760,17230,16430,16940,143518,0.002960331557134488
2024-06-28,16900,17300,16830,17300,81463,0.02125147579693043
2024-07-01,17450,17700,17100,17110,101349,-0.010982658959537539
2024-07-02,17110,17180,16630,16900,93044,-0.012273524254821755
2024-07-03,16810,16990,16330,16630,118544,-0.015976331360946783
2024-07-04,16750,16750,16390,16720,35350,0.0054119061936259705
2024-07-05,16720,17070,16500,16970,74177,0.014952153110047828
2024-07-08,16970,17540,16910,17380,113636,0.02416028285209193
2024-07-09,17330,17590,17270,17400,63650,0.0011507479861909697
2024-07-10,17400,17400,17070,17200,47722,-0.011494252873563204
2024-07-11,17300,17840,17120,17640,104246,0.0255813953488373
2024-07-12,17510,17720,17300,17540,53312,-0.005668934240362855
2024-07-15,17550,17880,17370,17700,53812,0.009122006841505215
2024-07-16,17800,17800,17470,17710,36103,0.0005649717514124575
2024-07-17,17800,18060,17320,17430,70645,-0.015810276679841917
2024-07-18,17430,17430,17030,17240,59013,-0.010900745840504822
2024-07-19,17110,17380,17050,17300,34843,0.0034802784222738303
2024-07-22,17180,17400,16060,16350,133235,-0.054913294797687806
2024-07-23,16350,16540,15900,16300,61710,-0.003058103975535187
2024-07-24,16010,16340,15970,16190,62323,-0.006748466257668673
2024-07-25,15730,16030,15250,15280,131328,-0.05620753551575042
2024-07-26,15210,15740,15100,15700,91507,0.027486910994764413
2024-07-29,15620,15790,15550,15750,45263,0.0031847133757962887
2024-07-30,15650,15830,15240,15350,60541,-0.025396825396825418
2024-07-31,15330,15620,15200,15620,73484,0.017589576547231367
2024-08-01,16070,16340,15650,15880,109471,0.016645326504481472
2024-08-02,15580,15580,14620,14680,123678,-0.07556675062972296
2024-08-05,14450,14450,12200,12580,305076,-0.14305177111716616
2024-08-06,12300,13740,12250,13590,295710,0.08028616852146264
2024-08-07,13340,13630,13160,13480,125131,-0.008094186902133926
2024-08-08,13320,13700,12920,13600,76261,0.008902077151335286
2024-08-09,13600,14210,13570,14120,122990,0.038235294117647145
2024-08-12,14030,14360,14030,14360,48628,0.016997167138810276
2024-08-13,14240,14410,14150,14380,43688,0.0013927576601671099
2024-08-14,14380,14960,14350,14960,66663,0.04033379694019468
2024-08-16,15080,15240,14770,14900,54001,-0.004010695187165791
2024-08-19,14870,14940,14450,14630,45330,-0.018120805369127524
2024-08-20,14600,14900,14600,14890,22926,0.017771701982228327
2024-08-21,14720,14900,14600,14890,31596,0.0
2024-08-22,14890,14970,14500,14650,29585,-0.016118200134318306
2024-08-23,14620,14620,14340,14520,24300,-0.00887372013651877
2024-08-26,14480,14550,14130,14260,35610,-0.017906336088154284
2024-08-27,14250,14380,14000,14380,23969,0.008415147265077083
2024-08-28,14360,14420,13910,14060,33767,-0.022253129346314293
2024-08-29,13810,14250,13810,13980,21020,-0.005689900426742556
2024-08-30,13980,14180,13880,14180,17763,0.014306151645207432
2024-09-02,14180,14330,14030,14310,27893,0.009167842031029716
2024-09-03,14320,14490,14100,14310,31140,0.0
2024-09-04,13980,14000,13370,13610,96882,-0.04891684136967156
2024-09-05,13540,13860,12840,13440,77244,-0.012490815576781777
2024-09-06,13440,13440,12700,12760,76017,-0.05059523809523814
2024-09-09,12430,12980,12200,12650,86209,-0.008620689655172376
2024-09-10,12700,13050,12640,12770,47333,0.009486166007905084
2024-09-11,12770,13070,12730,12950,27109,0.014095536413469167
2024-09-12,13100,13450,13000,13450,31380,0.03861003861003853
2024-09-13,13500,13710,13360,13640,28623,0.014126394052044633
2024-09-19,13700,13710,13160,13380,26802,-0.019061583577712593
2024-09-20,13380,13700,13380,13500,24874,0.008968609865470878
2024-09-23,13400,13640,13360,13400,27557,-0.007407407407407418
2024-09-24,13500,13730,13400,13730,25337,0.02462686567164174
2024-09-25,13750,15630,13730,14570,581525,0.06117989803350321
2024-09-26,14570,14690,14420,14570,57700,0.0
2024-09-27,14670,14880,14490,14720,57772,0.01029512697323276
2024-09-30,14650,14700,14320,14580,43796,-0.009510869565217406
2024-10-02,14440,14510,14060,14100,39019,-0.03292181069958844
2024-10-04,14050,14320,13840,13870,44283,-0.01631205673758862
2024-10-07,13930,14290,13930,14200,46755,0.023792357606344572
2024-10-08,14230,14450,14040,14360,57110,0.011267605633802802
2024-10-10,14650,14650,14200,14420,51313,0.00417827298050133
2024-10-11,14340,14540,14000,14150,60001,-0.018723994452149784
2024-10-14,14150,14230,13950,14180,41952,0.0021201413427562876
2024-10-15,14220,14220,13600,13800,77571,-0.026798307475317307
2024-10-16,13750,13820,13540,13620,24046,-0.013043478260869601
2024-10-17,13530,13700,13410,13480,40455,-0.01027900146842875
2024-10-18,13430,13450,13010,13050,48746,-0.03189910979228483
2024-10-21,12930,13200,12870,12960,46945,-0.006896551724137945
2024-10-22,12960,12970,12400,12540,121170,-0.03240740740740744
2024-10-23,12470,12850,12180,12700,71697,0.012759170653907415
2024-10-24,12650,12690,12440,12600,32800,-0.007874015748031482
2024-10-25,12540,12900,12400,12400,41134,-0.015873015873015928
2024-10-28,12520,13110,12500,13100,52711,0.056451612903225756
2024-10-29,13100,13120,12840,13030,30980,-0.005343511450381699
2024-10-30,13150,15830,13060,14000,2063912,0.07444359171143522
2024-10-31,13760,13890,13220,13300,192556,-0.050000000000000044
2024-11-01,13100,13500,12850,12990,114136,-0.023308270676691722
2024-11-04,12880,13250,12850,13170,61245,0.01385681293302543
2024-11-05,12950,13410,12950,13400,47127,0.01746393318147299
2024-11-06,13400,13550,13120,13310,79734,-0.006716417910447747
2024-11-07,13290,13580,13090,13520,65437,0.01577761081893314
2024-11-08,13520,13770,13480,13500,49476,-0.0014792899408283544
2024-11-11,13410,13500,12700,12770,118202,-0.05407407407407405
2024-11-12,12710,12750,11820,12060,310887,-0.055599060297572445
2024-11-13,11920,12040,11180,11180,156253,-0.07296849087893864
2024-11-14,11210,11670,11170,11300,76383,0.01073345259391778
2024-11-15,11870,12150,10690,11570,301526,0.023893805309734617
2024-11-18,11500,11960,11490,11920,67197,0.030250648228176358
2024-11-19,11920,12260,11830,12150,47310,0.019295302013422777
2024-11-20,12030,12250,11890,11960,44322,-0.0156378600823045
2024-11-21,11960,11960,11810,11830,30196,-0.010869565217391353
2024-11-22,11810,12000,11790,11820,20273,-0.0008453085376162184
2024-11-25,11830,12280,11830,12240,40765,0.035532994923857864
2024-11-26,12370,12370,12110,12250,34312,0.0008169934640522847
2024-11-27,12250,12320,12030,12100,23148,-0.01224489795918371
2024-11-28,12190,12410,12100,12140,45211,0.0033057851239668423
2024-11-29,12290,12970,12080,12180,173514,0.0032948929159801743
2024-12-02,12160,12250,11720,11780,62078,-0.03284072249589487
2024-12-03,11850,12140,11670,12080,32350,0.025466893039049143
2024-12-04,11900,12370,11740,11850,78287,-0.019039735099337762
2024-12-05,11870,11950,11550,11610,34966,-0.020253164556962022
2024-12-06,11500,11730,10700,11000,146537,-0.052540913006029255
2024-12-09,10870,11000,9890,10110,119831,-0.08090909090909093
2024-12-10,10200,11080,10200,10970,74926,0.08506429277942629
2024-12-11,10970,11880,10970,11740,88295,0.0701914311759344
2024-12-12,11740,12100,11100,11700,58166,-0.0034071550255536653
2024-12-13,11660,11750,11420,11600,28884,-0.008547008547008517
2024-12-16,11770,11850,11620,11720,19224,0.010344827586206806
2024-12-17,11720,11720,11490,11680,33527,-0.0034129692832765013
2024-12-18,11570,11770,11570,11720,13237,0.003424657534246478
2024-12-19,11480,11630,11350,11550,25927,-0.014505119453924964
2024-12-20,11450,11650,11020,11290,46739,-0.02251082251082248
2024-12-23,10960,11710,10960,11650,30032,0.03188662533215236
2024-12-24,11660,11730,11510,11650,17787,0.0
2024-12-26,11660,11670,11330,11450,17462,-0.01716738197424894
2024-12-27,11250,11540,10900,11170,47756,-0.024454148471615755
2024-12-30,11060,11350,11060,11190,14540,0.001790510295434089
2025-01-02,11220,11570,11220,11460,31721,0.024128686327077764
2025-01-03,11500,11890,11460,11740,27160,0.024432809773123898
2025-01-06,11750,11970,11740,11940,22549,0.017035775127768327
2025-01-07,12160,12160,11820,11890,27751,-0.0041876046901172526
2025-01-08,12200,12200,11850,11960,23410,0.005887300252312766
2025-01-09,11960,12130,11820,12120,32469,0.013377926421404673
2025-01-10,12120,12560,12080,12490,68527,0.03052805280528048
2025-01-13,12490,12630,12350,12550,42045,0.0048038430744594685
2025-01-14,12550,12800,12430,12710,32737,0.012749003984063645
2025-01-15,12850,13140,12710,12930,56806,0.01730920535011804
2025-01-16,12930,13140,12590,12650,46299,-0.02165506573859244
2025-01-17,12810,13060,12700,12990,48705,0.026877470355731292
2025-01-20,13010,13400,12860,13050,48933,0.004618937644341736
2025-01-21,13110,13400,12810,12940,35427,-0.008429118773946365
2025-01-22,12940,13000,12700,12830,33455,-0.008500772797527034
2025-01-23,12770,12830,12440,12450,45648,-0.029618082618862007
2025-01-24,12450,12750,12350,12580,20464,0.010441767068273045
2025-01-31,12440,12570,12360,12480,31623,-0.007949125596184436
2025-02-03,12850,14050,12500,13260,577144,0.0625
2025-02-04,13000,13850,12650,13480,154214,0.016591251885369473
2025-02-05,13620,13750,13280,13380,65904,-0.007418397626112738
2025-02-06,13450,13540,13030,13080,54152,-0.022421524663677084
2025-02-07,13000,13290,12960,13270,27838,0.014525993883792054
2025-02-10,13500,13640,12660,12670,184056,-0.045214770158251705
2025-02-11,12670,12780,12350,12490,76568,-0.01420678768745065
2025-02-12,12540,12540,12100,12140,53731,-0.028022417934347454
2025-02-13,12190,12640,12150,12510,32563,0.030477759472817167
2025-02-14,12510,12760,12370,12720,31641,0.01678657074340517
2025-02-17,12720,12810,12690,12770,34793,0.0039308176100629755
2025-02-18,12770,13000,12610,12980,43325,0.01644479248238051
2025-02-19,13030,13110,12850,13010,42805,0.0023112480739599928
2025-02-20,13000,13340,12910,13020,55830,0.000768639508070823
2025-02-21,13090,13720,13070,13460,145695,0.03379416282642089
2025-02-24,13430,13430,13050,13210,40064,-0.01857355126300153
2025-02-25,13210,13290,13070,13110,30599,-0.007570022710068125
2025-02-26,13100,13300,13000,13270,33574,0.012204424103737566
2025-02-27,13300,13300,13080,13120,26193,-0.01130369253956287
2025-02-28,13120,13350,12600,12650,79938,-0.035823170731707266
2025-03-04,12410,13000,12380,12740,59919,0.007114624505928813
2025-03-05,12750,13950,12710,13650,233392,0.0714285714285714
2025-03-06,13700,13910,13560,13670,61661,0.00146520146520146
2025-03-07,13710,14280,13510,13700,203643,0.002194586686174116
2025-03-10,13770,13770,13380,13600,48182,-0.007299270072992692
2025-03-11,13100,13330,12930,13280,58539,-0.02352941176470591
2025-03-12,13250,13470,13220,13280,48380,0.0
2025-03-13,13300,13420,13120,13200,40426,-0.0060240963855421326
2025-03-14,13050,13440,13050,13250,37525,0.0037878787878788955
2025-03-17,13320,13590,13200,13240,56603,-0.0007547169811320531
2025-03-18,13240,13430,13150,13220,45980,-0.0015105740181269312
2025-03-19,13170,13270,13060,13180,40755,-0.00302571860816947
2025-03-20,13200,13350,12710,12930,59344,-0.01896813353566007
2025-03-21,12950,12990,12590,12860,58986,-0.005413766434648082
2025-03-24,12900,12930,12600,12810,29276,-0.0038880248833592645
2025-03-25,13290,13750,12620,12620,131324,-0.014832162373145996
2025-03-26,12750,13030,12600,12680,48804,0.004754358161648264
2025-03-27,12680,12750,12330,12360,52184,-0.025236593059936863
2025-03-28,12400,12400,11950,11950,46506,-0.03317152103559873
2025-03-31,11700,12050,11450,11570,27956,-0.03179916317991627
2025-04-01,11550,11740,11550,11740,13035,0.014693171996542853
2025-04-02,11630,11780,11120,11130,49660,-0.05195911413969334
2025-04-03,10720,11150,10670,10930,26573,-0.017969451931716063
2025-04-04,10550,11090,10550,11000,20935,0.006404391582799596
2025-04-07,11480,11480,10410,10410,87499,-0.05363636363636359
2025-04-08,10650,10950,10540,10710,43007,0.028818443804034644
2025-04-09,10670,10860,10130,10330,97770,-0.03548085901027076
2025-04-10,10750,10850,10620,10800,60812,0.04549854791868335
2025-04-11,10790,10820,10520,10810,33103,0.0009259259259259967
2025-04-14,11830,12330,11350,12170,207379,0.125809435707678
2025-04-15,13310,13360,12500,12540,243743,0.030402629416598215
2025-04-16,12600,13360,12350,12460,227900,-0.006379585326953707
2025-04-17,12600,12700,12140,12330,78324,-0.010433386837881198
2025-04-18,12480,12480,12090,12240,62906,-0.007299270072992692
2025-04-21,12220,12500,12140,12500,53288,0.0212418300653594
2025-04-22,12280,12560,12250,12510,58660,0.0007999999999999119
2025-04-23,12910,13130,12680,13000,116533,0.039168665067945696
2025-04-24,12870,13020,12580,12650,50081,-0.02692307692307694
2025-04-25,12710,12850,12640,12730,30685,0.006324110671936722
2025-04-28,12660,12760,12400,12450,43149,-0.021995286724273422
2025-04-29,12460,12570,12350,12420,30863,-0.002409638554216831
2025-04-30,12470,12480,12140,12180,29464,-0.019323671497584516
2025-05-02,12140,12240,12040,12090,26088,-0.007389162561576401
2025-05-07,12100,12200,11850,12200,25373,0.009098428453267138
2025-05-08,12170,12250,12080,12250,27797,0.004098360655737654
2025-05-09,12250,12290,12040,12060,26186,-0.015510204081632617
2025-05-12,11980,12220,11800,12130,38789,0.005804311774461057
2025-05-13,12250,12290,11930,12020,27119,-0.00906842539159114
2025-05-14,12000,12210,11910,12170,33295,0.012479201331114798
2025-05-15,12150,12150,11950,11970,30719,-0.016433853738701765
2025-05-16,11990,11990,11610,11620,59776,-0.0292397660818714
2025-05-19,11510,11610,11300,11330,44399,-0.02495697074010328
2025-05-20,11500,11620,11350,11610,22507,0.024713150926743088
2025-05-21,11590,11830,11590,11750,28443,0.012058570198105079
2025-05-22,11630,11680,11500,11500,17989,-0.021276595744680882
2025-05-23,11560,11590,11390,11540,10474,0.003478260869565153
2025-05-26,11550,11790,11540,11790,21212,0.02166377816291165
2025-05-27,11750,11840,11710,11800,11514,0.0008481764206955678
2025-05-28,11830,12250,11810,12080,32424,0.023728813559322104
2025-05-29,12080,12230,11400,12120,20683,0.0033112582781456013
2025-05-30,12090,12170,11980,12100,24872,-0.0016501650165016146
2025-06-02,11990,12030,11850,11980,18678,-0.00991735537190086
2025-06-04,12040,12280,11920,12250,45676,0.022537562604340478
2025-06-05,12410,12590,12370,12400,38460,0.012244897959183598
2025-06-09,12600,12750,12510,12680,46189,0.022580645161290214
2025-06-10,12800,12870,12590,12810,38372,0.010252365930599305
2025-06-11,12830,12900,12030,12800,31638,-0.0007806401249024209
2025-06-12,12890,12990,12800,12880,35672,0.006250000000000089
2025-06-13,12830,12840,12300,12440,41003,-0.03416149068322982
2025-06-16,12480,12540,12200,12420,40889,-0.001607717041800627
2025-06-17,12370,12530,12100,12120,54547,-0.024154589371980673
2025-06-18,12140,12200,11930,12120,46002,0.0
2025-06-19,12150,12230,12020,12120,26345,0.0
2025-06-20,12040,12180,11800,12120,26596,0.0
2025-06-23,11940,12050,11760,11870,35814,-0.020627062706270682
2025-06-24,11910,12160,11910,12160,30603,0.024431339511373107
2025-06-25,12210,12410,12130,12280,39206,0.009868421052631637
2025-06-26,12270,12290,11880,12070,42988,-0.017100977198697076
2025-06-27,11940,12130,11800,11830,36449,-0.01988400994200501
2025-06-30,11860,12040,11800,11880,19568,0.004226542688081203
2025-07-01,11910,12140,11910,12010,36188,0.010942760942761032
2025-07-02,12040,12080,11740,12020,40538,0.0008326394671107629
2025-07-03,12020,12670,12010,12550,125542,0.04409317803660562
2025-07-04,12550,12630,12280,12620,56795,0.005577689243027928
2025-07-07,12720,12890,12540,12690,62798,0.005546751188589605
2025-07-08,12550,12800,12550,12770,44704,0.0063041765169424835
2025-07-09,12810,12870,12670,12820,29386,0.003915426781519127
2025-07-10,12920,13020,12790,12810,65488,-0.0007800312012480326
2025-07-11,12850,13250,12850,13060,79858,0.01951600312256052
2025-07-14,13040,13140,12860,12920,33261,-0.01071975497702915
2025-07-15,12960,12960,12560,12740,58382,-0.01393188854489169
2025-07-16,13090,13720,12810,13200,260377,0.03610675039246458
2025-07-17,13350,13350,13070,13080,69181,-0.009090909090909038
2025-07-18,13130,13210,12890,12970,35186,-0.00840978593272168
2025-07-21,13100,13110,12950,13090,20872,0.009252120277563503
2025-07-22,13150,13160,12690,12850,48966,-0.018334606569900713
2025-07-23,12860,13090,12800,13060,53694,0.01634241245136181
2025-07-24,13130,13130,12750,12840,46108,-0.016845329249617125
2025-07-25,12850,13180,12700,12890,50614,0.003894080996884819
2025-07-28,12940,13000,12740,12820,28859,-0.005430566330488773
2025-07-29,12830,12880,12500,12650,40807,-0.013260530421216887
2025-07-30,12650,12830,12630,12760,22321,0.008695652173912993
2025-07-31,12770,12830,12570,12650,35507,-0.008620689655172376
2025-08-01,12430,12630,11940,11960,61547,-0.054545454545454564
2025-08-04,11930,12170,11810,12070,27737,0.009197324414715657
2025-08-05,12100,12310,12100,12230,14738,0.013256006628003414
2025-08-06,12290,12950,12200,12430,22765,0.01635322976287812
2025-08-07,12450,12510,12290,12360,11306,-0.005631536604987941
2025-08-08,12370,12470,12260,12350,16353,-0.0008090614886731018
2025-08-11,12450,12510,12220,12290,21497,-0.004858299595141724
2025-08-12,12380,12430,12110,12120,17800,-0.013832384052074875
2025-08-13,12160,12290,12100,12290,16016,0.014026402640264113
2025-08-14,12230,12310,12060,12200,26933,-0.007323026851098424
2025-08-18,12200,12200,11950,12000,16288,-0.016393442622950838
2025-08-19,11950,12080,11890,11920,13867,-0.00666666666666671
2025-08-20,11890,11890,11510,11780,23953,-0.011744966442952975
2025-08-21,11760,11870,11700,11840,9640,0.005093378607809784
2025-08-22,11820,11880,11560,11820,21907,-0.0016891891891891442
2025-08-25,11940,11950,11730,11760,21302,-0.005076142131979711
2025-08-26,11860,11860,11690,11800,11516,0.00340136054421758
2025-08-27,11840,11850,11700,11820,8285,0.0016949152542373724
2025-08-28,11820,11850,11600,11610,17423,-0.017766497461928932
2025-08-29,11640,11790,11570,11570,18625,-0.003445305770887197
2025-09-01,11500,11700,11330,11380,22810,-0.016421780466724267
2025-09-02,11450,11530,11390,11470,11874,0.00790861159929701
2025-09-03,11410,11540,11410,11510,7587,0.0034873583260679464
2025-09-04,11400,11650,11400,11600,19027,0.007819287576020795
2025-09-05,11660,11690,11500,11630,23182,0.002586206896551646
2025-09-08,11580,11630,11520,11620,10084,-0.0008598452278589797
2025-09-09,11640,11780,11500,11600,23553,-0.0017211703958691649
2025-09-10,11700,11780,11600,11770,20269,0.014655172413793105
2025-09-11,11900,11900,11530,11530,40212,-0.020390824129141838
2025-09-12,11610,11780,11610,11760,24447,0.01994796183868175
2025-09-15,11810,11920,11760,11810,20990,0.00425170068027203
2025-09-16,11800,11880,11760,11830,19342,0.0016934801016088574
2025-09-17,11830,11840,11700,11730,19696,-0.008453085376162295
2025-09-18,11740,11800,11670,11800,13678,0.0059676044330776445
2025-09-19,11780,11780,11510,11600,26043,-0.016949152542372836
2025-09-22,11540,11740,11410,11480,22581,-0.010344827586206917
2025-09-23,11550,11550,11180,11380,38078,-0.008710801393728262
2025-09-24,11400,11400,11250,11370,25609,-0.0008787346221441616
2025-09-25,11430,11440,11300,11420,14222,0.004397537379067673
2025-09-26,11440,11440,10500,11150,66631,-0.023642732049036774
2025-09-29,11150,11170,10800,11130,16695,-0.0017937219730941312
2025-09-30,11150,11290,11000,11100,18159,-0.0026954177897574594
2025-10-01,11130,11140,11060,11100,7506,0.0
2025-10-02,11100,11160,11030,11130,21858,0.002702702702702675
2025-10-10,11260,11330,11110,11130,31200,0.0
2025-10-13,13000,13200,11830,11860,394156,0.06558849955076362
2025-10-14,12120,12150,11540,11720,113956,-0.01180438448566612
2025-10-15,12480,12550,12000,12130,157210,0.03498293515358353
2025-10-16,11880,12060,11860,11890,69150,-0.019785655399835123
2025-10-17,11950,11950,11550,11600,50143,-0.024390243902439046
2025-10-20,11670,11670,11440,11600,24424,0.0
2025-10-21,11730,11910,11660,11730,49551,0.011206896551724244
2025-10-22,11800,12000,11550,11850,33193,0.010230179028132946
2025-10-23,11970,12110,11750,11760,37162,-0.0075949367088608
2025-10-24,11880,11900,11610,11850,95841,0.007653061224489832
2025-10-27,11900,11910,11660,11700,33003,-0.012658227848101222
2025-10-28,11720,11810,11460,11630,44948,-0.005982905982905962
2025-10-29,11670,11670,11520,11600,16973,-0.002579535683576939
2025-10-30,11750,11750,11400,11420,31428,-0.01551724137931032
2025-10-31,11370,11400,11200,11220,31476,-0.017513134851138368
2025-11-03,11290,11300,11100,11280,31043,0.005347593582887722
2025-11-04,11170,11290,11110,11180,28987,-0.00886524822695034
2025-11-05,11240,11240,10700,11020,41200,-0.014311270125223596
2025-11-06,11100,11170,10920,11140,14668,0.010889292196007316
2025-11-07,11090,11130,10770,10930,47082,-0.018850987432674993
2025-11-10,10930,11200,10850,11190,17540,0.023787740164684434
2025-11-11,11250,11470,11050,11130,24294,-0.00536193029490617
2025-11-12,11170,11350,11090,11330,18623,0.017969451931716174
2025-11-13,11300,11390,11220,11290,12251,-0.003530450132391838
2025-11-14,11190,11220,11060,11190,14312,-0.008857395925597866
2025-11-17,11200,11200,10970,11040,20126,-0.013404825737265424
2025-11-18,11090,11090,10690,10760,21724,-0.025362318840579712
2025-11-19,10830,10830,10550,10630,17087,-0.012081784386617112
2025-11-20,10630,10870,10620,10850,12966,0.02069614299153333
2025-11-21,10770,10780,10530,10630,11583,-0.02027649769585249
2025-11-24,10680,10680,10500,10600,11443,-0.002822201317027262
2025-11-25,10700,10750,10450,10470,28332,-0.01226415094339628
2025-11-26,10470,10750,10450,10750,15601,0.026743075453677267
2025-11-27,10750,10770,10630,10680,7974,-0.006511627906976791
2025-11-28,10660,10820,10660,10770,11290,0.008426966292134797
2025-12-01,10870,10910,10700,10800,12821,0.0027855153203342198
2025-12-02,10910,10910,10700,10820,9943,0.0018518518518517713
2025-12-03,10840,10860,10680,10730,25220,-0.008317929759704246
2025-12-04,10770,10770,10580,10630,19752,-0.009319664492078328
2025-12-05,10660,10860,10590,10860,17747,0.021636876763875934
2025-12-08,10870,10880,10700,10850,16300,-0.0009208103130755596
2025-12-09,10920,11130,10740,11100,22964,0.02304147465437789
