Date,Open,High,Low,Close,Volume,Change
2022-01-03,4700,4755,4695,4715,74573,-0.003171247357293905
2022-01-04,4735,4760,4625,4660,84643,-0.01166489925768821
2022-01-05,4800,4850,4660,4715,195908,0.011802575107296098
2022-01-06,4700,4795,4600,4730,164395,0.0031813361611876534
2022-01-07,4685,4755,4655,4670,102980,-0.012684989429175508
2022-01-10,4670,4670,4595,4605,68350,-0.013918629550321193
2022-01-11,4625,4630,4480,4510,122665,-0.02062975027144409
2022-01-12,4540,4610,4540,4580,66196,0.015521064301552201
2022-01-13,4565,4595,4510,4535,53059,-0.009825327510917026
2022-01-14,4535,4575,4480,4505,67495,-0.006615214994487362
2022-01-17,4500,4530,4420,4445,70196,-0.013318534961154316
2022-01-18,4445,4500,4405,4405,53373,-0.008998875140607376
2022-01-19,4390,4390,4300,4315,114594,-0.020431328036322416
2022-01-20,4285,4425,4285,4405,58929,0.02085747392815751
2022-01-21,4380,4380,4310,4320,57852,-0.0192962542565267
2022-01-24,4280,4280,4115,4120,120979,-0.04629629629629628
2022-01-25,4120,4155,3745,3835,272613,-0.06917475728155342
2022-01-26,3765,3930,3760,3850,185310,0.003911342894393766
2022-01-27,3810,3870,3620,3630,133208,-0.05714285714285716
2022-01-28,3625,4040,3625,3905,255986,0.07575757575757569
2022-02-03,3970,4180,3970,4175,116638,0.06914212548015364
2022-02-04,4120,4235,4120,4195,53052,0.004790419161676551
2022-02-07,4170,4215,4035,4195,57691,0.0
2022-02-08,4195,4195,4135,4145,42695,-0.011918951132300348
2022-02-09,4145,4240,4145,4175,82528,0.007237635705669376
2022-02-10,4220,4230,4100,4185,71179,0.0023952095808383866
2022-02-11,4140,4150,4010,4025,84566,-0.03823178016726403
2022-02-14,3990,3990,3860,3935,53406,-0.022360248447204967
2022-02-15,3940,3970,3680,3680,139347,-0.06480304955527316
2022-02-16,3770,3990,3770,3970,123977,0.07880434782608692
2022-02-17,4010,4020,3900,3980,97324,0.0025188916876575096
2022-02-18,3900,4030,3850,4000,54726,0.005025125628140614
2022-02-21,3990,4020,3880,3975,60087,-0.006249999999999978
2022-02-22,3910,3950,3865,3865,46023,-0.02767295597484276
2022-02-23,3855,3970,3850,3955,75200,0.023285899094437346
2022-02-24,3920,3940,3720,3800,108068,-0.039190897597977226
2022-02-25,3830,3900,3790,3870,71399,0.018421052631578894
2022-02-28,3870,3940,3830,3880,51879,0.0025839793281654533
2022-03-02,3880,4040,3880,4040,89687,0.04123711340206193
2022-03-03,4000,4180,3995,4090,119549,0.012376237623762387
2022-03-04,4075,4280,4040,4100,357593,0.0024449877750611915
2022-03-07,4100,4100,3895,3955,113203,-0.03536585365853662
2022-03-08,3935,3970,3860,3870,79468,-0.02149178255372941
2022-03-10,3910,3995,3900,3930,76133,0.015503875968992276
2022-03-11,3930,4020,3925,3990,76728,0.01526717557251911
2022-03-14,4000,4005,3865,3880,117094,-0.027568922305764465
2022-03-15,3860,3960,3835,3950,53318,0.018041237113401998
2022-03-16,3970,4145,3955,4070,151645,0.030379746835442978
2022-03-17,4075,4165,4075,4135,91854,0.01597051597051591
2022-03-18,4140,4140,4075,4105,40660,-0.00725513905683195
2022-03-21,4120,4120,4070,4085,32445,-0.00487210718635811
2022-03-22,4100,4100,4020,4040,31218,-0.011015911872705009
2022-03-23,4065,4090,4030,4030,27092,-0.0024752475247524774
2022-03-24,4015,4040,3980,4000,68409,-0.007444168734491274
2022-03-25,4020,4040,3975,4005,58639,0.0012499999999999734
2022-03-28,4020,4030,3960,3990,55782,-0.0037453183520599342
2022-03-29,4030,4100,3990,4045,88254,0.013784461152882121
2022-03-30,4045,4085,4030,4075,82678,0.007416563658838138
2022-03-31,4080,4105,4060,4080,74940,0.0012269938650306678
2022-04-01,4090,4100,4015,4030,51531,-0.01225490196078427
2022-04-04,4020,4070,3985,4035,60961,0.001240694789081953
2022-04-05,4035,4155,4020,4140,130577,0.026022304832713727
2022-04-06,4125,4160,4080,4115,89779,-0.006038647342995196
2022-04-07,4110,4115,4025,4025,70606,-0.021871202916160404
2022-04-08,4005,4050,3950,4025,54355,0.0
2022-04-11,4010,4050,3960,3985,44777,-0.009937888198757738
2022-04-12,3950,3975,3900,3915,44868,-0.017565872020075313
2022-04-13,3915,4050,3915,4020,66545,0.026819923371647514
2022-04-14,4045,4045,3970,4000,63849,-0.00497512437810943
2022-04-15,4010,4010,3935,3960,64792,-0.010000000000000009
2022-04-18,3950,3975,3910,3910,68326,-0.012626262626262652
2022-04-19,3945,3970,3910,3920,47234,0.002557544757033181
2022-04-20,3930,3950,3910,3950,63120,0.007653061224489832
2022-04-21,3950,3950,3915,3925,56979,-0.006329113924050667
2022-04-22,3900,3935,3860,3865,95308,-0.015286624203821653
2022-04-25,3820,3840,3725,3750,111111,-0.02975420439844756
2022-04-26,3775,3810,3755,3780,41735,0.008000000000000007
2022-04-27,3725,3760,3670,3735,89319,-0.011904761904761862
2022-04-28,3725,3755,3665,3710,62493,-0.00669344042838016
2022-04-29,3710,3765,3700,3755,37008,0.0121293800539084
2022-05-02,3705,3760,3700,3750,44819,-0.0013315579227696217
2022-05-03,3770,3780,3750,3750,32867,0.0
2022-05-04,3770,3785,3720,3755,31391,0.0013333333333334085
2022-05-06,3705,3745,3700,3700,32080,-0.01464713715046606
2022-05-09,3640,3725,3575,3595,99930,-0.02837837837837842
2022-05-10,3550,3550,3395,3465,117383,-0.03616133518776077
2022-05-11,3455,3500,3420,3455,42217,-0.0028860028860029363
2022-05-12,3425,3450,3350,3350,76538,-0.03039073806078152
2022-05-13,3330,3500,3300,3480,76793,0.0388059701492538
2022-05-16,3480,3625,3480,3545,54103,0.018678160919540332
2022-05-17,3545,3585,3545,3575,19889,0.008462623413258097
2022-05-18,3575,3595,3545,3575,38064,0.0
2022-05-19,3440,3560,3440,3485,43935,-0.025174825174825166
2022-05-20,3480,3515,3475,3495,22760,0.0028694404591105283
2022-05-23,3580,3635,3485,3600,92168,0.030042918454935563
2022-05-24,3600,3650,3570,3570,71640,-0.008333333333333304
2022-05-25,3565,3620,3525,3545,29787,-0.007002801120448154
2022-05-26,3575,3615,3540,3540,39394,-0.0014104372355430161
2022-05-27,3540,3600,3520,3540,33044,0.0
2022-05-30,3565,3570,3515,3515,32612,-0.007062146892655385
2022-05-31,3520,3550,3460,3500,117698,-0.004267425320056861
2022-06-02,3520,3990,3500,3640,1403522,0.040000000000000036
2022-06-03,3675,3730,3575,3600,282765,-0.01098901098901095
2022-06-07,3600,3615,3460,3480,115962,-0.033333333333333326
2022-06-08,3435,3495,3435,3445,79985,-0.010057471264367845
2022-06-09,3450,3480,3370,3420,63851,-0.007256894049346929
2022-06-10,3390,3490,3375,3435,56302,0.004385964912280604
2022-06-13,3420,3420,3290,3345,132766,-0.026200873362445365
2022-06-14,3280,3295,3160,3265,127320,-0.02391629297458897
2022-06-15,3220,3405,3180,3400,166916,0.04134762633996947
2022-06-16,3410,3425,3270,3365,63524,-0.010294117647058787
2022-06-17,3235,3300,3155,3300,85420,-0.019316493313521588
2022-06-20,3255,3280,3100,3105,108985,-0.05909090909090908
2022-06-21,3060,3185,3060,3175,35892,0.02254428341384873
2022-06-22,3175,3235,3080,3080,55848,-0.0299212598425197
2022-06-23,3045,3090,2935,2955,125264,-0.04058441558441561
2022-06-24,2850,3060,2850,3025,107131,0.02368866328257191
2022-06-27,3015,3285,3015,3210,230064,0.06115702479338836
2022-06-28,3200,3305,3165,3200,103272,-0.0031152647975077885
2022-06-29,3130,3260,3130,3230,68630,0.009374999999999911
2022-06-30,3225,3240,3160,3160,17816,-0.021671826625387025
2022-07-01,3160,3535,3085,3100,391969,-0.01898734177215189
2022-07-04,3200,3200,3015,3075,61506,-0.008064516129032251
2022-07-05,3075,3200,3015,3155,73490,0.026016260162601723
2022-07-06,3185,3380,3140,3250,179442,0.030110935023771823
2022-07-07,3240,3325,3220,3270,51133,0.006153846153846176
2022-07-08,3280,3320,3260,3270,43886,0.0
2022-07-11,3285,3365,3270,3270,46957,0.0
2022-07-12,3280,3315,3205,3240,84476,-0.00917431192660545
2022-07-13,3205,3435,3205,3325,145945,0.026234567901234573
2022-07-14,3355,3360,3300,3340,36586,0.004511278195488799
2022-07-15,3305,3360,3260,3350,38377,0.0029940119760478723
2022-07-18,3360,3395,3325,3380,31748,0.008955223880596996
2022-07-19,3335,3400,3335,3385,46365,0.0014792899408284654
2022-07-20,3420,3460,3350,3390,42763,0.001477104874446189
2022-07-21,3380,3400,3310,3375,40497,-0.004424778761061954
2022-07-22,3385,3470,3325,3325,146054,-0.014814814814814836
2022-07-25,3350,3350,3280,3300,49171,-0.007518796992481258
2022-07-26,3285,3320,3270,3300,19260,0.0
2022-07-27,3260,3325,3260,3300,18255,0.0
2022-07-28,3300,3330,3275,3290,38008,-0.00303030303030305
2022-07-29,3320,3325,3260,3290,20052,0.0
2022-08-01,3290,3330,3245,3330,48399,0.012158054711246091
2022-08-02,3330,3335,3265,3300,28467,-0.009009009009009028
2022-08-03,3300,3335,3290,3310,31920,0.003030303030302939
2022-08-04,3330,3355,3315,3315,40953,0.0015105740181269312
2022-08-05,3315,3430,3315,3400,100936,0.02564102564102555
2022-08-08,3400,3440,3390,3400,32323,0.0
2022-08-09,3400,3455,3365,3430,61724,0.008823529411764675
2022-08-10,3445,3445,3350,3365,29459,-0.01895043731778423
2022-08-11,3445,3555,3420,3470,209707,0.031203566121842385
2022-08-12,3495,3495,3395,3420,52961,-0.014409221902017322
2022-08-16,3420,3450,3370,3440,59164,0.005847953216374213
2022-08-17,3475,3485,3380,3420,55024,-0.005813953488372103
2022-08-18,3385,3390,3330,3355,45579,-0.01900584795321636
2022-08-19,3355,3390,3335,3370,39027,0.0044709388971684305
2022-08-22,3370,3370,3260,3270,52676,-0.029673590504451064
2022-08-23,3250,3250,3140,3155,58820,-0.03516819571865448
2022-08-24,3155,3185,3125,3140,22101,-0.004754358161648153
2022-08-25,3170,3215,3160,3190,29786,0.015923566878981
2022-08-26,3230,3230,3165,3165,26617,-0.00783699059561127
2022-08-29,3100,3100,3025,3080,65112,-0.026856240126382325
2022-08-30,3045,3110,3045,3085,35254,0.0016233766233766378
2022-08-31,3110,3110,3065,3085,19109,0.0
2022-09-01,3100,3100,3025,3040,42890,-0.014586709886547866
2022-09-02,3020,3055,3005,3030,53645,-0.003289473684210509
2022-09-05,3030,3050,2950,2990,36272,-0.01320132013201325
2022-09-06,3000,3055,2980,3045,13649,0.018394648829431537
2022-09-07,3085,3085,2965,3010,77159,-0.011494252873563204
2022-09-08,3020,3060,3000,3010,31130,0.0
2022-09-13,3040,3065,3010,3050,56505,0.013289036544850585
2022-09-14,2990,3075,2975,3060,66893,0.003278688524590123
2022-09-15,3075,3075,3005,3010,37877,-0.016339869281045805
2022-09-16,3000,3020,2975,2985,32544,-0.00830564784053156
2022-09-19,2960,2985,2900,2915,59812,-0.02345058626465657
2022-09-20,2925,2950,2875,2950,35346,0.012006861063464935
2022-09-21,2870,2925,2870,2880,31530,-0.023728813559321993
2022-09-22,2860,2860,2770,2820,38314,-0.02083333333333337
2022-09-23,2820,2835,2710,2710,45811,-0.03900709219858156
2022-09-26,2755,2755,2550,2565,100465,-0.053505535055350606
2022-09-27,2500,2565,2420,2485,110596,-0.031189083820662766
2022-09-28,2465,2555,2365,2430,161387,-0.02213279678068414
2022-09-29,2625,2710,2505,2560,242949,0.053497942386831365
2022-09-30,2455,2575,2410,2520,77249,-0.015625
2022-10-04,2550,2730,2530,2670,120424,0.059523809523809534
2022-10-05,2690,2715,2575,2595,80020,-0.028089887640449396
2022-10-06,2620,2670,2600,2660,35512,0.025048169556840083
2022-10-07,2630,2650,2590,2595,27940,-0.024436090225563922
2022-10-11,2590,2590,2445,2455,44492,-0.05394990366088637
2022-10-12,2405,2475,2310,2420,62361,-0.014256619144602856
2022-10-13,2395,2395,2270,2275,41476,-0.05991735537190079
2022-10-14,2300,2405,2300,2370,35251,0.04175824175824183
2022-10-17,2370,2405,2325,2380,24639,0.00421940928270037
2022-10-18,2415,2550,2415,2480,47527,0.04201680672268915
2022-10-19,2550,2620,2445,2480,79404,0.0
2022-10-20,2510,2510,2435,2460,37416,-0.008064516129032251
2022-10-21,2445,2485,2330,2445,31962,-0.0060975609756097615
2022-10-24,2450,2490,2430,2465,33434,0.008179959100204526
2022-10-25,2470,2500,2455,2480,20197,0.006085192697768749
2022-10-26,2505,2505,2450,2460,59940,-0.008064516129032251
2022-10-27,2435,2545,2435,2500,55157,0.016260162601626105
2022-10-28,2500,2550,2455,2460,23871,-0.016000000000000014
2022-10-31,2490,2490,2450,2450,16426,-0.004065040650406471
2022-11-01,2425,2520,2425,2490,14880,0.01632653061224487
2022-11-02,2480,2520,2465,2485,36993,-0.002008032128514081
2022-11-03,2450,2490,2400,2460,19625,-0.010060362173038184
2022-11-04,2425,2480,2415,2460,23167,0.0
2022-11-07,2475,2510,2430,2460,47140,0.0
2022-11-08,2475,2505,2440,2495,77254,0.014227642276422703
2022-11-09,2505,2540,2500,2515,28057,0.008016032064128265
2022-11-10,2495,2510,2475,2510,41810,-0.001988071570576566
2022-11-11,2580,2605,2550,2575,50924,0.02589641434262946
2022-11-14,2580,2625,2550,2600,54209,0.009708737864077666
2022-11-15,2625,2670,2585,2665,44431,0.02499999999999991
2022-11-16,2665,2715,2655,2680,52336,0.0056285178236397115
2022-11-17,2675,2695,2635,2660,51896,-0.007462686567164201
2022-11-18,2675,2695,2625,2625,20726,-0.013157894736842146
2022-11-21,2630,2695,2550,2580,21861,-0.017142857142857126
2022-11-22,2545,2590,2545,2585,9881,0.0019379844961240345
2022-11-23,2570,2610,2565,2610,21418,0.009671179883945946
2022-11-24,2625,2640,2615,2635,19917,0.009578544061302763
2022-11-25,2635,2655,2625,2655,23434,0.007590132827324458
2022-11-28,2625,2630,2550,2555,28400,-0.03766478342749524
2022-11-29,2540,2570,2510,2570,25657,0.005870841487279899
2022-11-30,2570,2910,2540,2700,479849,0.05058365758754868
2022-12-01,2725,2755,2665,2710,68356,0.0037037037037037646
2022-12-02,2725,2725,2670,2695,30093,-0.005535055350553542
2022-12-05,2680,2785,2680,2725,61418,0.011131725417439675
2022-12-06,2675,2700,2650,2685,32234,-0.014678899082568808
2022-12-07,2650,2720,2620,2700,35081,0.005586592178770999
2022-12-08,2715,2815,2635,2815,45800,0.042592592592592515
2022-12-09,2790,2790,2595,2750,60211,-0.023090586145648295
2022-12-12,2770,2855,2705,2760,171113,0.0036363636363636598
2022-12-13,2845,3450,2805,3200,5166825,0.1594202898550725
2022-12-14,3250,3260,3015,3105,824223,-0.029687499999999978
2022-12-15,3105,3155,3050,3150,333677,0.01449275362318847
2022-12-16,3135,3135,3025,3065,228643,-0.026984126984127
2022-12-19,3090,3095,2885,2935,223788,-0.04241435562805873
2022-12-20,2895,2930,2740,2750,242895,-0.06303236797274281
2022-12-21,2775,2870,2735,2870,138156,0.043636363636363695
2022-12-22,2875,2910,2820,2870,85054,0.0
2022-12-23,2870,2940,2710,2800,209767,-0.024390243902439046
2022-12-26,2870,3000,2760,2760,400486,-0.014285714285714235
2022-12-27,2740,2815,2725,2790,108855,0.010869565217391353
2022-12-28,2815,2875,2715,2825,129148,0.012544802867383575
2022-12-29,2840,2880,2725,2870,137341,0.015929203539823078
2023-01-02,2935,3145,2870,3090,1037234,0.0766550522648084
2023-01-03,3090,3090,2875,2905,537372,-0.05987055016181231
2023-01-04,2910,3180,2910,2975,1314444,0.024096385542168752
2023-01-05,3005,3010,2925,3010,277027,0.0117647058823529
2023-01-06,3130,3130,2930,2965,372892,-0.014950166112956853
2023-01-09,3000,3055,2955,2980,239126,0.005059021922428242
2023-01-10,2980,2985,2905,2905,114708,-0.025167785234899376
2023-01-11,2870,2935,2855,2925,101005,0.0068846815834766595
2023-01-12,2925,2955,2895,2905,69007,-0.006837606837606813
2023-01-13,2910,2935,2885,2885,70537,-0.0068846815834767705
2023-01-16,2835,2895,2835,2870,68693,-0.005199306759098743
2023-01-17,2885,2900,2800,2800,84445,-0.024390243902439046
2023-01-18,2780,2820,2740,2740,55363,-0.021428571428571463
2023-01-19,2740,2770,2735,2745,46629,0.0018248175182482562
2023-01-20,2850,2915,2770,2825,261474,0.02914389799635697
2023-01-25,2825,2845,2760,2825,116796,0.0
2023-01-26,2830,2865,2805,2825,68648,0.0
2023-01-27,2840,2915,2795,2825,64470,0.0
2023-01-30,2840,2855,2800,2840,56177,0.005309734513274433
2023-01-31,2840,2840,2790,2810,41271,-0.010563380281690127
2023-02-01,2815,2900,2800,2855,96640,0.016014234875444844
2023-02-02,2855,2930,2855,2920,110830,0.022767075306479923
2023-02-03,2900,2955,2870,2920,108730,0.0
2023-02-06,2925,2940,2885,2920,52134,0.0
2023-02-07,2915,2935,2880,2880,47030,-0.013698630136986356
2023-02-08,2885,2900,2860,2885,40435,0.0017361111111111605
2023-02-09,2900,2900,2855,2880,37781,-0.0017331022530329143
2023-02-10,2855,2855,2785,2800,70069,-0.02777777777777779
2023-02-13,2785,2840,2755,2780,92424,-0.0071428571428571175
2023-02-14,2795,2835,2780,2780,55646,0.0
2023-02-15,2800,2840,2700,2710,106533,-0.025179856115107868
2023-02-16,2730,2765,2715,2725,42786,0.005535055350553542
2023-02-17,2715,2735,2695,2725,24049,0.0
2023-02-20,2735,2800,2700,2765,73176,0.014678899082568808
2023-02-21,2810,2875,2790,2810,107470,0.016274864376130127
2023-02-22,2800,2845,2775,2790,60514,-0.007117437722419906
2023-02-23,2790,2830,2770,2775,46448,-0.005376344086021501
2023-02-24,2790,2810,2750,2760,52638,-0.00540540540540535
2023-02-27,2780,2780,2640,2695,94401,-0.023550724637681153
2023-02-28,2710,2715,2660,2700,43638,0.0018552875695732052
2023-03-02,2675,2750,2655,2655,48301,-0.01666666666666672
2023-03-03,2680,2690,2650,2665,50614,0.0037664783427495685
2023-03-06,2665,2705,2630,2670,68662,0.0018761726078799779
2023-03-07,2670,2735,2635,2725,93458,0.020599250936329527
2023-03-08,2705,2725,2690,2725,23584,0.0
2023-03-09,2720,2730,2690,2705,25728,-0.007339449541284404
2023-03-10,2680,2695,2610,2610,51246,-0.03512014787430684
2023-03-13,2610,2620,2505,2550,61267,-0.02298850574712641
2023-03-14,2565,2565,2430,2430,90324,-0.04705882352941182
2023-03-15,2430,2545,2430,2510,37914,0.03292181069958855
2023-03-16,2510,2510,2435,2475,39732,-0.013944223107569709
2023-03-17,2490,2550,2475,2550,67595,0.030303030303030276
2023-03-20,2565,2610,2555,2570,42348,0.007843137254901933
2023-03-21,2575,2585,2555,2555,15196,-0.005836575875486361
2023-03-22,2560,2570,2540,2545,29338,-0.003913894324853229
2023-03-23,2550,2550,2490,2500,55326,-0.017681728880157177
2023-03-24,2515,2525,2430,2510,21738,0.0040000000000000036
2023-03-27,2495,2535,2485,2515,60650,0.0019920318725099584
2023-03-28,2515,2540,2495,2530,64235,0.005964214711729587
2023-03-29,2510,2540,2505,2515,26796,-0.005928853754940677
2023-03-30,2540,2575,2505,2560,67192,0.017892644135188762
2023-03-31,2560,2600,2525,2530,38076,-0.01171875
2023-04-03,2545,2555,2475,2495,92043,-0.013833992094861691
2023-04-04,2490,2665,2490,2640,119439,0.05811623246492981
2023-04-05,2640,2725,2635,2700,79095,0.022727272727272707
2023-04-06,2700,2730,2620,2620,41824,-0.029629629629629672
2023-04-07,2635,2655,2600,2635,40989,0.005725190839694694
2023-04-10,2620,2625,2540,2540,98491,-0.03605313092979123
2023-04-11,2535,2620,2535,2580,68548,0.015748031496062964
2023-04-12,2620,2650,2565,2640,74111,0.023255813953488413
2023-04-13,2640,2715,2615,2690,106461,0.018939393939394034
2023-04-14,2710,2790,2660,2760,175741,0.026022304832713727
2023-04-17,2760,2800,2705,2740,64211,-0.007246376811594235
2023-04-18,2740,2740,2640,2685,99479,-0.02007299270072993
2023-04-19,2685,2750,2660,2690,67954,0.0018621973929235924
2023-04-20,2690,2690,2585,2605,99021,-0.03159851301115246
2023-04-21,2605,2620,2545,2575,74584,-0.01151631477927062
2023-04-24,2575,2580,2545,2570,26799,-0.001941747572815511
2023-04-25,2595,2595,2530,2545,73771,-0.009727626459143934
2023-04-26,2520,2570,2495,2525,45796,-0.007858546168958758
2023-04-27,2525,2550,2465,2545,68269,0.007920792079207928
2023-04-28,2555,2560,2515,2530,32235,-0.005893909626719096
2023-05-02,2545,2580,2520,2570,50682,0.015810276679841806
2023-05-03,2570,2595,2565,2585,50344,0.005836575875486361
2023-05-04,2570,2690,2570,2645,121780,0.023210831721470093
2023-05-08,2655,2690,2630,2640,57902,-0.001890359168241984
2023-05-09,2655,2705,2635,2675,63870,0.01325757575757569
2023-05-10,2710,2710,2650,2665,24758,-0.0037383177570093906
2023-05-11,2685,2695,2630,2660,46362,-0.0018761726078799779
2023-05-12,2670,2670,2580,2615,56554,-0.016917293233082664
2023-05-15,2590,2600,2540,2560,62360,-0.021032504780114758
2023-05-16,2570,2600,2540,2565,51496,0.001953125
2023-05-17,2535,2640,2535,2600,40867,0.013645224171539905
2023-05-18,2650,2650,2605,2615,23298,0.005769230769230749
2023-05-19,2620,2640,2605,2630,25966,0.005736137667303964
2023-05-22,2640,2715,2625,2670,77370,0.015209125475285079
2023-05-23,2670,2730,2650,2695,74557,0.009363295880149725
2023-05-24,2695,2720,2670,2670,36808,-0.00927643784786647
2023-05-25,2670,2765,2660,2740,183180,0.02621722846441954
2023-05-26,2745,2765,2700,2725,82239,-0.005474452554744547
2023-05-30,2710,2735,2700,2700,79495,-0.00917431192660545
2023-05-31,2705,2720,2690,2690,41228,-0.0037037037037036535
2023-06-01,2690,2720,2680,2700,32880,0.0037174721189590088
2023-06-02,2715,2745,2695,2710,63300,0.0037037037037037646
2023-06-05,2730,2730,2690,2695,21854,-0.005535055350553542
2023-06-07,2695,2720,2675,2675,49006,-0.007421150278293154
2023-06-08,2660,2740,2595,2675,155402,0.0
2023-06-09,2670,2690,2625,2690,67343,0.005607476635514086
2023-06-12,2690,2700,2605,2625,111350,-0.024163568773234223
2023-06-13,2645,2705,2645,2670,72403,0.017142857142857126
2023-06-14,2655,2685,2625,2660,60392,-0.0037453183520599342
2023-06-15,2655,2675,2615,2670,62877,0.003759398496240518
2023-06-16,2670,2690,2630,2640,41224,-0.011235955056179803
2023-06-19,2640,2645,2610,2615,55055,-0.009469696969697017
2023-06-20,2615,2660,2610,2615,22975,0.0
2023-06-21,2600,2615,2575,2580,61418,-0.013384321223709361
2023-06-22,2545,2590,2530,2565,71495,-0.005813953488372103
2023-06-23,2560,2630,2520,2565,133212,0.0
2023-06-26,2550,2575,2525,2530,62702,-0.013645224171540016
2023-06-27,2530,2545,2480,2490,81311,-0.015810276679841917
2023-06-28,2495,2505,2360,2460,86236,-0.012048192771084376
2023-06-29,2445,2485,2435,2455,57573,-0.002032520325203291
2023-06-30,2450,2480,2435,2460,26152,0.0020366598778003286
2023-07-03,2460,2520,2460,2490,52870,0.012195121951219523
2023-07-04,2490,2505,2430,2460,74273,-0.012048192771084376
2023-07-05,2470,2470,2420,2435,57967,-0.010162601626016232
2023-07-06,2410,2420,2350,2365,106515,-0.028747433264887046
2023-07-07,2350,2415,2325,2380,61295,0.00634249471458781
2023-07-10,2380,2490,2355,2435,45663,0.02310924369747891
2023-07-11,2420,2495,2415,2470,41686,0.014373716632443578
2023-07-12,2480,2495,2470,2475,19025,0.002024291497975783
2023-07-13,2490,2610,2475,2525,129997,0.02020202020202011
2023-07-14,2525,2565,2460,2490,51908,-0.013861386138613874
2023-07-17,2470,2520,2455,2490,51101,0.0
2023-07-18,2505,2505,2445,2465,52048,-0.010040160642570295
2023-07-19,2485,2495,2425,2485,69040,0.008113590263691739
2023-07-20,2475,2540,2470,2505,48558,0.008048289738430636
2023-07-21,2495,2570,2490,2505,148639,0.0
2023-07-24,2385,2460,2335,2355,155024,-0.05988023952095811
2023-07-25,2355,2355,2285,2295,99467,-0.02547770700636942
2023-07-26,2295,2295,2075,2135,275961,-0.06971677559912859
2023-07-27,2135,2270,2135,2230,115573,0.04449648711943799
2023-07-28,2235,2325,2230,2260,92058,0.013452914798206317
2023-07-31,2280,2310,2275,2300,52992,0.017699115044247815
2023-08-01,2295,2375,2295,2360,67215,0.026086956521739202
2023-08-02,2345,2370,2300,2345,67049,-0.006355932203389814
2023-08-03,2325,2405,2300,2390,109677,0.019189765458422103
2023-08-04,2500,2500,2335,2375,135675,-0.006276150627615107
2023-08-07,2400,2425,2340,2365,80296,-0.004210526315789442
2023-08-08,2355,2415,2345,2400,69673,0.014799154334038
2023-08-09,2370,2470,2370,2455,120099,0.022916666666666696
2023-08-10,2450,2525,2440,2520,80101,0.026476578411405383
2023-08-11,2510,2550,2485,2525,61314,0.001984126984126977
2023-08-14,2520,2520,2410,2420,75959,-0.04158415841584162
2023-08-16,2420,2420,2250,2360,68341,-0.024793388429752095
2023-08-17,2345,2350,2285,2310,45410,-0.021186440677966156
2023-08-18,2300,2335,2255,2310,46299,0.0
2023-08-21,2330,2360,2305,2320,48776,0.0043290043290042934
2023-08-22,2350,2350,2295,2305,73028,-0.006465517241379337
2023-08-23,2320,2335,2290,2305,68394,0.0
2023-08-24,2300,2335,2290,2320,46893,0.006507592190889477
2023-08-25,2325,2330,2300,2320,37413,0.0
2023-08-28,2350,2385,2330,2380,71501,0.02586206896551735
2023-08-29,2380,2410,2375,2395,51570,0.006302521008403339
2023-08-30,2395,2415,2370,2385,41253,-0.0041753653444676075
2023-08-31,2385,2430,2375,2375,63094,-0.004192872117400381
2023-09-01,2480,2725,2380,2380,2215642,0.002105263157894832
2023-09-04,2370,2410,2325,2400,246272,0.008403361344537785
2023-09-05,2360,2400,2340,2350,99481,-0.02083333333333337
2023-09-06,2365,2425,2345,2425,135673,0.03191489361702127
2023-09-07,2400,2425,2335,2350,121301,-0.030927835051546393
2023-09-08,2360,2435,2260,2415,164022,0.027659574468085202
2023-09-11,2415,2485,2400,2465,175810,0.020703933747411973
2023-09-12,2465,2500,2385,2390,143423,-0.030425963488843855
2023-09-13,2420,2420,2335,2385,80803,-0.0020920502092049986
2023-09-14,2380,2410,2350,2385,100280,0.0
2023-09-15,2385,2410,2360,2390,77235,0.002096436058700135
2023-09-18,2390,2415,2370,2400,116773,0.004184100418409997
2023-09-19,2395,2415,2345,2350,46306,-0.02083333333333337
2023-09-20,2350,2350,2280,2315,84464,-0.014893617021276562
2023-09-21,2290,2290,2230,2240,80456,-0.03239740820734338
2023-09-22,2200,2255,2195,2240,63525,0.0
2023-09-25,2240,2240,2200,2200,29161,-0.017857142857142905
2023-09-26,2230,2230,2195,2205,31861,0.002272727272727204
2023-09-27,2195,2215,2180,2215,21374,0.0045351473922903285
2023-10-04,2190,2190,2150,2165,34238,-0.02257336343115124
2023-10-05,2180,2200,2110,2140,64291,-0.011547344110854452
2023-10-06,2105,2180,2105,2150,27456,0.004672897196261738
2023-10-10,2135,2170,2135,2155,36308,0.0023255813953488857
2023-10-11,2165,2230,2150,2180,37449,0.011600928074245953
2023-10-12,2170,2200,2170,2195,26043,0.006880733944954143
2023-10-13,2190,2200,2140,2170,24251,-0.011389521640091105
2023-10-16,2150,2160,2130,2155,21672,-0.00691244239631339
2023-10-17,2155,2170,2115,2155,23261,0.0
2023-10-18,2145,2160,2130,2140,40891,-0.00696055684454755
2023-10-19,2120,2160,2065,2120,41627,-0.009345794392523366
2023-10-20,2045,2070,2000,2030,108314,-0.04245283018867929
2023-10-23,1962,2070,1962,2005,49751,-0.012315270935960632
2023-10-24,2015,2070,1992,2060,43675,0.027431421446383997
2023-10-25,2060,2120,2010,2110,63272,0.024271844660194164
2023-10-26,2065,2085,2020,2020,55026,-0.042654028436018954
2023-10-27,2060,2450,2060,2260,3071502,0.11881188118811892
2023-10-30,2250,2250,2120,2165,281377,-0.042035398230088505
2023-10-31,2155,2240,2140,2195,151795,0.01385681293302543
2023-11-01,2195,2225,2180,2225,140456,0.013667425968109326
2023-11-02,2240,2250,2185,2200,142466,-0.011235955056179803
2023-11-03,2225,2230,2175,2205,82102,0.002272727272727204
2023-11-06,2225,2230,2175,2220,109597,0.006802721088435382
2023-11-07,2235,2445,2195,2300,887833,0.03603603603603611
2023-11-08,2300,2360,2280,2295,132738,-0.0021739130434782483
2023-11-09,2310,2325,2195,2315,133209,0.008714596949890963
2023-11-10,2290,2370,2240,2305,233921,-0.004319654427645814
2023-11-13,2335,2410,2275,2310,334026,0.002169197396963085
2023-11-14,2315,2395,2310,2350,103028,0.017316017316017396
2023-11-15,2350,2400,2315,2345,100840,-0.0021276595744680327
2023-11-16,2340,2350,2295,2320,111028,-0.010660980810234588
2023-11-17,2320,2340,2250,2295,108683,-0.010775862068965525
2023-11-20,2280,2300,2260,2300,63921,0.002178649237472685
2023-11-21,2295,2335,2260,2330,97065,0.01304347826086949
2023-11-22,2330,2340,2280,2290,40313,-0.01716738197424894
2023-11-23,2290,2305,2260,2260,73196,-0.013100436681222738
2023-11-24,2255,2285,2215,2225,58022,-0.015486725663716783
2023-11-27,2230,2235,2155,2170,73880,-0.024719101123595544
2023-11-28,2180,2245,2170,2225,84465,0.025345622119815614
2023-11-29,2245,2245,2190,2190,27597,-0.01573033707865168
2023-11-30,2225,2225,2165,2175,40973,-0.006849315068493178
2023-12-01,2210,2210,2155,2165,41536,-0.0045977011494252595
2023-12-04,2180,2180,2135,2155,40142,-0.004618937644341847
2023-12-05,2140,2350,2140,2330,651136,0.08120649651972167
2023-12-06,2685,2685,2310,2315,2226575,-0.006437768240343367
2023-12-07,2275,2480,2270,2450,933018,0.05831533477321815
2023-12-08,2465,2510,2350,2440,294827,-0.004081632653061273
2023-12-11,2440,2460,2350,2350,161953,-0.03688524590163933
2023-12-12,2350,2385,2255,2360,131234,0.004255319148936065
2023-12-13,2360,2370,2280,2320,81327,-0.016949152542372836
2023-12-14,2290,2355,2290,2325,78139,0.0021551724137931494
2023-12-15,2325,2360,2285,2290,101278,-0.01505376344086018
2023-12-18,2295,2300,2250,2285,56804,-0.0021834061135370675
2023-12-19,2280,2295,2240,2285,52964,0.0
2023-12-20,2275,2300,2270,2300,53476,0.006564551422319376
2023-12-21,2300,2305,2265,2285,62526,-0.006521739130434745
2023-12-22,2285,2285,2225,2245,70268,-0.017505470459518557
2023-12-26,2265,2265,2200,2200,81927,-0.020044543429844075
2023-12-27,2215,2260,2200,2255,66678,0.02499999999999991
2023-12-28,2240,2290,2230,2285,55263,0.013303769401330268
2024-01-02,2290,2515,2270,2420,707445,0.05908096280087527
2024-01-03,2420,2475,2375,2420,124483,0.0
2024-01-04,2390,2425,2335,2360,98897,-0.024793388429752095
2024-01-05,2385,2395,2315,2360,70818,0.0
2024-01-08,2365,2365,2315,2340,72607,-0.008474576271186418
2024-01-09,2340,2410,2340,2375,96923,0.014957264957264904
2024-01-10,2365,2390,2355,2370,57620,-0.002105263157894721
2024-01-11,2385,2405,2350,2380,125497,0.00421940928270037
2024-01-12,2400,2400,2300,2310,86271,-0.02941176470588236
2024-01-15,2340,2395,2265,2265,55526,-0.01948051948051943
2024-01-16,2255,2300,2255,2260,46845,-0.002207505518763808
2024-01-17,2255,2285,2145,2160,151604,-0.04424778761061943
2024-01-18,2160,2190,2145,2170,49626,0.004629629629629539
2024-01-19,2175,2230,2175,2215,49323,0.02073732718894017
2024-01-22,2205,2290,2205,2225,87661,0.004514672686230181
2024-01-23,2240,2280,2215,2240,57940,0.006741573033707926
2024-01-24,2255,2260,2225,2240,37495,0.0
2024-01-25,2240,2240,2190,2190,37442,-0.022321428571428603
2024-01-26,2160,2240,2155,2235,36351,0.020547945205479534
2024-01-29,2225,2340,2210,2300,129793,0.029082774049216997
2024-01-30,2300,2320,2250,2260,51831,-0.017391304347826098
2024-01-31,2270,2270,2195,2200,44943,-0.026548672566371723
2024-02-01,2180,2215,2155,2210,42656,0.00454545454545463
2024-02-02,2200,2250,2190,2250,51405,0.018099547511312153
2024-02-05,2245,2250,2210,2220,22049,-0.013333333333333308
2024-02-06,2220,2220,2175,2195,34426,-0.011261261261261257
2024-02-07,2195,2205,2170,2200,55100,0.002277904328018332
2024-02-08,2200,2200,2165,2185,41384,-0.006818181818181834
2024-02-13,2200,2200,2155,2165,60663,-0.009153318077803174
2024-02-14,2155,2195,2150,2175,46142,0.004618937644341736
2024-02-15,2175,2180,2150,2175,66053,0.0
2024-02-16,2170,2180,2150,2180,33693,0.0022988505747125743
2024-02-19,2180,2210,2170,2200,63218,0.00917431192660545
2024-02-20,2220,2235,2190,2215,70075,0.006818181818181834
2024-02-21,2200,2230,2170,2175,25554,-0.018058690744920947
2024-02-22,2185,2190,2155,2160,32815,-0.006896551724137945
2024-02-23,2170,2175,2145,2155,49238,-0.0023148148148147696
2024-02-26,2155,2155,2100,2125,86424,-0.0139211136890951
2024-02-27,2125,2125,2080,2100,59304,-0.0117647058823529
2024-02-28,2105,2105,2065,2100,32743,0.0
2024-02-29,2100,2100,2055,2065,30991,-0.01666666666666672
2024-03-04,2065,2080,2045,2055,34655,-0.004842615012106588
2024-03-05,2080,2110,2040,2100,79551,0.021897810218978186
2024-03-06,2060,2140,2060,2135,53656,0.016666666666666607
2024-03-07,2115,2135,2090,2120,34439,-0.007025761124121788
2024-03-08,2115,2115,2070,2090,47022,-0.014150943396226467
2024-03-11,2090,2130,2075,2125,39004,0.01674641148325362
2024-03-12,2135,2145,2085,2120,44271,-0.0023529411764705577
2024-03-13,2120,2120,2080,2095,30140,-0.011792452830188704
2024-03-14,2100,2115,2055,2085,40212,-0.004773269689737458
2024-03-15,2100,2110,2075,2095,29940,0.004796163069544335
2024-03-18,2110,2125,2080,2125,42520,0.014319809069212486
2024-03-19,2105,2135,2100,2100,43254,-0.0117647058823529
2024-03-20,2060,2340,2060,2340,557410,0.11428571428571432
2024-03-21,2230,2265,2160,2220,180083,-0.05128205128205132
2024-03-22,2230,2295,2200,2250,134751,0.013513513513513598
2024-03-25,2270,2275,2210,2250,132802,0.0
2024-03-26,2230,2250,2195,2195,100438,-0.02444444444444449
2024-03-27,2195,2215,2145,2200,109110,0.002277904328018332
2024-03-28,2205,2255,2170,2235,86391,0.015909090909090873
2024-03-29,2235,2330,2225,2295,214676,0.02684563758389258
2024-04-01,2290,2310,2235,2280,54523,-0.006535947712418277
2024-04-02,2295,2295,2200,2255,137217,-0.010964912280701733
2024-04-03,2250,2285,2200,2265,58902,0.0044345898004434225
2024-04-04,2265,2280,2210,2215,51762,-0.02207505518763797
2024-04-05,2220,2230,2165,2215,45205,0.0
2024-04-08,2200,2235,2160,2160,43093,-0.02483069977426633
2024-04-09,2160,2170,2120,2150,37927,-0.00462962962962965
2024-04-11,2150,2150,2100,2120,23589,-0.013953488372092981
2024-04-12,2120,2130,2115,2115,8955,-0.002358490566037763
2024-04-15,2045,2095,2025,2070,138586,-0.021276595744680882
2024-04-16,2070,2100,2040,2060,47659,-0.004830917874396157
2024-04-17,2075,2075,2045,2050,16616,-0.004854368932038833
2024-04-18,2065,2070,2050,2065,21321,0.007317073170731714
2024-04-19,2075,2080,2035,2075,52078,0.004842615012106588
2024-04-22,2085,2085,2035,2045,26213,-0.014457831325301207
2024-04-23,2060,2070,2050,2050,16443,0.0024449877750611915
2024-04-24,2065,2080,2055,2075,18849,0.012195121951219523
2024-04-25,2070,2070,2030,2040,59809,-0.016867469879518038
2024-04-26,2050,2075,2045,2070,23309,0.014705882352941124
2024-04-29,2070,2180,2060,2110,39558,0.019323671497584627
2024-04-30,2090,2125,1990,2090,29844,-0.009478672985781977
2024-05-02,2100,2100,2070,2095,22247,0.0023923444976077235
2024-05-03,2080,2115,2075,2095,14835,0.0
2024-05-07,2095,2130,2095,2120,13908,0.01193317422434359
2024-05-08,2100,2120,2085,2105,5602,-0.007075471698113178
2024-05-09,2120,2120,2095,2110,17027,0.002375296912114022
2024-05-10,2120,2120,2085,2100,13985,-0.004739336492891044
2024-05-13,2115,2115,2040,2075,57379,-0.011904761904761862
2024-05-14,2075,2090,2070,2085,13025,0.004819277108433662
2024-05-16,2085,2110,2070,2105,32552,0.00959232613908867
2024-05-17,2105,2105,2060,2100,46247,-0.002375296912114022
2024-05-20,2100,2100,2060,2075,16047,-0.011904761904761862
2024-05-21,2075,2095,2050,2080,25596,0.002409638554216942
2024-05-22,2065,2090,2025,2025,68473,-0.02644230769230771
2024-05-23,2040,2070,2025,2050,83067,0.012345679012345734
2024-05-24,2050,2065,2035,2035,58615,-0.007317073170731714
2024-05-27,2035,2060,2025,2045,13195,0.004914004914004844
2024-05-28,2040,2100,2040,2070,30863,0.012224938875305513
2024-05-29,2080,2095,2035,2055,66446,-0.007246376811594235
2024-05-30,2055,2090,2035,2050,21180,-0.0024330900243308973
2024-05-31,2065,2125,2050,2075,49570,0.012195121951219523
2024-06-03,2090,2105,2025,2055,33846,-0.009638554216867434
2024-06-04,2040,2070,2040,2055,33223,0.0
2024-06-05,2055,2065,2045,2050,13890,-0.0024330900243308973
2024-06-07,2060,2065,2045,2050,10100,0.0
2024-06-10,2050,2105,2035,2060,84945,0.004878048780487809
2024-06-11,2055,2075,2040,2060,25633,0.0
2024-06-12,2060,2085,2000,2060,54751,0.0
2024-06-13,2055,2055,2030,2045,19348,-0.007281553398058249
2024-06-14,2045,2050,2000,2030,83762,-0.007334963325183352
2024-06-17,2030,2040,2010,2025,36285,-0.0024630541871921707
2024-06-18,2020,2040,1997,2020,96502,-0.0024691358024691024
2024-06-19,2005,2015,1990,1992,59780,-0.013861386138613874
2024-06-20,1989,2000,1986,1991,27886,-0.0005020080321285203
2024-06-21,1999,1999,1982,1982,34720,-0.0045203415369161615
2024-06-24,1981,1994,1972,1972,41781,-0.005045408678102881
2024-06-25,1984,1984,1942,1960,59561,-0.006085192697768749
2024-06-26,1960,1994,1946,1946,79994,-0.0071428571428571175
2024-06-27,1980,2100,1943,1995,108929,0.02517985611510798
2024-06-28,1990,1996,1964,1989,33703,-0.003007518796992459
2024-07-01,1987,1990,1975,1982,26671,-0.0035193564605329186
2024-07-02,1990,1990,1955,1957,44116,-0.012613521695257313
2024-07-03,1963,1963,1917,1917,86943,-0.020439448134900395
2024-07-04,1905,1930,1900,1900,40009,-0.008868022952529975
2024-07-05,1910,1913,1888,1905,30918,0.002631578947368318
2024-07-08,1908,1916,1908,1914,12317,0.0047244094488188
2024-07-09,1893,1955,1893,1927,53925,0.006792058516196464
2024-07-10,1948,2000,1929,1970,68812,0.02231447846393353
2024-07-11,1972,1988,1972,1981,30402,0.005583756345177715
2024-07-12,1961,1989,1961,1962,22939,-0.009591115598182709
2024-07-15,1975,2000,1966,2000,26645,0.019367991845056
2024-07-16,2000,2010,1990,1995,11497,-0.0024999999999999467
2024-07-17,2005,2050,1998,2010,60029,0.007518796992481258
2024-07-18,2020,2045,1993,2025,29265,0.00746268656716409
2024-07-19,2040,2040,2010,2015,16445,-0.004938271604938316
2024-07-22,1986,2040,1986,1997,26616,-0.008933002481389618
2024-07-23,1995,2485,1995,2255,6675938,0.129193790686029
2024-07-24,2385,2525,2200,2240,6658584,-0.006651884700665134
2024-07-25,2165,2325,2160,2210,1581205,-0.013392857142857095
2024-07-26,2360,2720,2225,2635,28707567,0.1923076923076923
2024-07-29,2845,2895,2610,2675,9872099,0.015180265654648917
2024-07-30,2645,2750,2640,2680,4294072,0.0018691588785046953
2024-07-31,2800,2970,2425,2430,7827533,-0.09328358208955223
2024-08-01,2590,2765,2455,2600,6700228,0.06995884773662553
2024-08-02,2500,2695,2470,2525,2289376,-0.028846153846153855
2024-08-05,2445,2550,2000,2160,1488771,-0.14455445544554457
2024-08-06,2225,2380,2170,2355,1141555,0.09027777777777768
2024-08-07,2415,2555,2380,2475,1421710,0.05095541401273884
2024-08-08,2580,2740,2510,2605,4411529,0.05252525252525242
2024-08-09,2610,2735,2505,2550,1894656,-0.021113243761996192
2024-08-12,2600,2670,2560,2660,1254729,0.04313725490196085
2024-08-13,2620,2625,2420,2485,948642,-0.06578947368421051
2024-08-14,2525,2535,2420,2460,567312,-0.010060362173038184
2024-08-16,2440,2500,2360,2475,473558,0.0060975609756097615
2024-08-19,2475,2475,2325,2370,617195,-0.042424242424242475
2024-08-20,2395,2430,2260,2300,758764,-0.029535864978902926
2024-08-21,2380,2425,2300,2300,835414,0.0
2024-08-22,2310,2310,2195,2240,393392,-0.02608695652173909
2024-08-23,2195,2350,2185,2320,621414,0.03571428571428581
2024-08-26,2355,2355,2240,2270,240450,-0.02155172413793105
2024-08-27,2310,2310,2220,2260,189642,-0.004405286343612369
2024-08-28,2250,2275,2220,2270,166710,0.004424778761061843
2024-08-29,2250,2270,2205,2210,183953,-0.026431718061673992
2024-08-30,2205,2310,2195,2290,212470,0.03619909502262453
2024-09-02,2350,2350,2230,2275,308993,-0.0065502183406113135
2024-09-03,2250,2295,2230,2235,141199,-0.01758241758241763
2024-09-04,2195,2220,2080,2110,347319,-0.055928411633109576
2024-09-05,2110,2215,2025,2060,258171,-0.023696682464455
2024-09-06,2040,2060,1981,1999,238339,-0.029611650485436902
2024-09-09,1982,2070,1900,2045,171647,0.02301150575287636
2024-09-10,2060,2200,2010,2180,769208,0.0660146699266504
2024-09-11,2220,2235,2020,2050,1008752,-0.059633027522935755
2024-09-12,2070,2110,2030,2065,146688,0.007317073170731714
2024-09-13,2060,2145,2035,2110,348143,0.021791767554479424
2024-09-19,2210,2700,2210,2360,8129780,0.11848341232227488
2024-09-20,2405,2445,2350,2365,1165294,0.0021186440677967155
2024-09-23,2365,2365,2255,2355,787486,-0.0042283298097252064
2024-09-24,2335,2350,2255,2280,397987,-0.031847133757961776
2024-09-25,2265,2320,2230,2250,335931,-0.013157894736842146
2024-09-26,2230,2300,2230,2290,198252,0.01777777777777767
2024-09-27,2270,2275,2215,2215,183398,-0.03275109170305679
2024-09-30,2200,2215,2125,2125,173496,-0.040632054176072185
2024-10-02,2100,2105,2060,2070,125405,-0.025882352941176467
2024-10-04,2070,2135,2070,2070,149510,0.0
2024-10-07,2100,2120,2075,2090,51892,0.009661835748792313
2024-10-08,2070,2120,2060,2090,67662,0.0
2024-10-10,2095,2135,2095,2130,104676,0.019138755980861344
2024-10-11,2130,2130,2050,2050,127263,-0.03755868544600938
2024-10-14,2030,2060,1999,2035,208447,-0.007317073170731714
2024-10-15,2020,2170,2020,2075,242490,0.019656019656019597
2024-10-16,2055,2465,2045,2295,8952170,0.10602409638554211
2024-10-17,2180,2270,2165,2245,670013,-0.02178649237472763
2024-10-18,2230,2515,2225,2395,4087380,0.06681514476614692
2024-10-21,2370,2425,2330,2425,544332,0.012526096033402823
2024-10-22,2425,2425,2295,2365,284436,-0.024742268041237137
2024-10-23,2400,2720,2265,2275,4857777,-0.038054968287526414
2024-10-24,2250,2305,2215,2220,371771,-0.0241758241758242
2024-10-25,2250,2455,2180,2280,933914,0.027027027027026973
2024-10-28,2280,2330,2250,2275,187937,-0.002192982456140302
2024-10-29,2280,2345,2260,2315,195816,0.01758241758241752
2024-10-30,2305,2360,2270,2305,189390,-0.004319654427645814
2024-10-31,2270,2310,2250,2290,125668,-0.006507592190889366
2024-11-01,2270,2380,2115,2135,1312732,-0.06768558951965065
2024-11-04,2135,2210,2120,2190,225664,0.025761124121779888
2024-11-05,2165,2210,2165,2175,145902,-0.006849315068493178
2024-11-06,2185,2295,2175,2185,465586,0.0045977011494253706
2024-11-07,2205,2205,2065,2080,256278,-0.048054919908466776
2024-11-08,2120,2120,2075,2100,75256,0.009615384615384581
2024-11-11,2100,2115,2035,2055,121681,-0.021428571428571463
2024-11-12,2030,2155,1957,2000,620562,-0.02676399026763987
2024-11-13,1980,1980,1915,1915,231146,-0.04249999999999998
2024-11-14,1906,1950,1888,1900,205060,-0.007832898172323799
2024-11-15,1936,1936,1820,1884,216796,-0.008421052631578996
2024-11-18,1838,1934,1838,1921,100246,0.019639065817409707
2024-11-19,1907,1944,1892,1924,112450,0.001561686621551317
2024-11-20,1948,1954,1897,1930,112988,0.0031185031185030354
2024-11-21,1928,1940,1900,1900,123207,-0.015544041450777257
2024-11-22,1915,1930,1881,1886,176624,-0.00736842105263158
2024-11-25,1884,1925,1884,1906,129670,0.010604453870625585
2024-11-26,1912,1921,1889,1905,83245,-0.0005246589716684236
2024-11-27,1911,1935,1885,1893,136681,-0.006299212598425252
2024-11-28,1888,1910,1886,1904,102659,0.005810882197569978
2024-11-29,1904,1928,1843,1872,173762,-0.01680672268907568
2024-12-02,1881,1881,1804,1808,170262,-0.03418803418803418
2024-12-03,1800,1861,1799,1850,103999,0.023230088495575174
2024-12-04,1800,1860,1800,1817,204626,-0.017837837837837878
2024-12-05,1850,1850,1778,1778,155021,-0.021463951568519546
2024-12-06,1740,1792,1697,1724,186375,-0.030371203599550034
2024-12-09,1651,1679,1599,1615,328322,-0.0632250580046404
2024-12-10,1649,1694,1605,1672,586996,0.03529411764705892
2024-12-11,1673,1792,1673,1790,229424,0.07057416267942584
2024-12-12,1810,1837,1778,1800,182994,0.005586592178770999
2024-12-13,1783,1911,1783,1865,162634,0.036111111111111205
2024-12-16,1940,1940,1832,1881,143718,0.00857908847184996
2024-12-17,1902,2255,1853,1914,5381261,0.01754385964912286
2024-12-18,1914,1914,1841,1871,462552,-0.022466039707419005
2024-12-19,1860,1883,1793,1848,163638,-0.012292891501870629
2024-12-20,1843,1875,1788,1828,179729,-0.010822510822510845
2024-12-23,1810,1864,1800,1832,167634,0.002188183807439792
2024-12-24,1862,1867,1818,1824,147216,-0.004366812227074246
2024-12-26,1821,1856,1803,1807,87939,-0.009320175438596534
2024-12-27,1800,1809,1745,1758,128509,-0.027116768123962354
2024-12-30,1749,1819,1748,1819,83284,0.03469852104664395
2025-01-02,1819,1849,1803,1822,45055,0.0016492578339746267
2025-01-03,1840,1859,1825,1850,95058,0.015367727771679496
2025-01-06,1869,1918,1830,1918,153285,0.036756756756756825
2025-01-07,1918,1920,1893,1894,64481,-0.012513034410844615
2025-01-08,1909,1932,1895,1909,47672,0.007919746568109787
2025-01-09,1909,1920,1901,1920,31903,0.005762179151388214
2025-01-10,1920,1925,1895,1902,31404,-0.009375000000000022
2025-01-13,1902,1905,1841,1841,88680,-0.03207150368033651
2025-01-14,1841,1858,1816,1842,36031,0.0005431830526887449
2025-01-15,1842,1849,1803,1839,58461,-0.0016286644951140072
2025-01-16,1829,1841,1819,1819,52394,-0.010875475802066381
2025-01-17,1833,1833,1785,1787,62945,-0.017592083562396943
2025-01-20,1787,1799,1777,1788,43541,0.0005595970900951208
2025-01-21,1786,1799,1774,1774,47963,-0.007829977628635354
2025-01-22,1774,1784,1748,1753,61019,-0.01183765501691092
2025-01-23,1754,1759,1701,1706,116062,-0.02681118083285794
2025-01-24,1705,1721,1705,1713,32050,0.004103165298944944
2025-01-31,1713,1727,1679,1710,113727,-0.0017513134851138146
2025-02-03,1710,1710,1637,1645,109448,-0.03801169590643272
2025-02-04,1650,1675,1646,1667,53835,0.013373860182370745
2025-02-05,1674,1674,1653,1671,35342,0.002399520095980767
2025-02-06,1680,1694,1663,1692,53267,0.012567324955116588
2025-02-07,1692,1700,1655,1673,64776,-0.011229314420803771
2025-02-10,1659,1680,1596,1635,213662,-0.02271368798565454
2025-02-11,1635,1650,1621,1637,61668,0.0012232415902140303
2025-02-12,1635,1645,1621,1630,52877,-0.004276114844227297
2025-02-13,1630,1667,1624,1666,68413,0.022085889570552242
2025-02-14,1654,1666,1648,1650,55085,-0.009603841536614643
2025-02-17,1648,1674,1646,1668,44671,0.01090909090909098
2025-02-18,1668,1684,1657,1680,55259,0.007194244604316502
2025-02-19,1680,1730,1659,1678,157483,-0.0011904761904761862
2025-02-20,1678,1687,1661,1672,65986,-0.0035756853396901045
2025-02-21,1673,1684,1662,1680,41725,0.004784688995215225
2025-02-24,1680,1686,1671,1685,24550,0.0029761904761904656
2025-02-25,1690,1691,1676,1688,25925,0.0017804154302669684
2025-02-26,1693,1694,1680,1692,15794,0.0023696682464455776
2025-02-27,1694,1695,1683,1686,29753,-0.0035460992907800915
2025-02-28,1686,1686,1662,1677,46179,-0.005338078291814985
2025-03-04,1688,1693,1670,1671,53502,-0.003577817531305927
2025-03-05,1670,1684,1643,1671,37823,0.0
2025-03-06,1671,1677,1664,1673,36048,0.0011968880909634105
2025-03-07,1672,1688,1660,1662,51555,-0.006575014943215773
2025-03-10,1660,1670,1633,1644,154067,-0.010830324909747335
2025-03-11,1601,1638,1599,1616,37079,-0.01703163017031628
2025-03-12,1616,1628,1615,1617,19898,0.0006188118811880639
2025-03-13,1617,1624,1617,1618,12113,0.000618429189857661
2025-03-14,1620,1636,1620,1633,19708,0.009270704573547617
2025-03-17,1629,1644,1619,1625,41617,-0.004898958971218614
2025-03-18,1628,1628,1598,1619,58304,-0.0036923076923076614
2025-03-19,1621,1626,1611,1622,25451,0.0018529956763433386
2025-03-20,1607,1623,1604,1614,61069,-0.004932182490752113
2025-03-21,1605,1615,1596,1599,41673,-0.009293680297397744
2025-03-24,1586,1610,1585,1596,33757,-0.0018761726078799779
2025-03-25,1600,1608,1597,1597,15727,0.0006265664160400863
2025-03-26,1591,1613,1591,1613,17778,0.010018785222291715
2025-03-27,1613,1613,1598,1598,12422,-0.00929944203347799
2025-03-28,1605,1605,1582,1589,51327,-0.00563204005006257
2025-03-31,1550,1589,1548,1548,111847,-0.025802391441157924
2025-04-01,1545,1630,1545,1578,39405,0.019379844961240345
2025-04-02,1588,1588,1532,1550,86362,-0.017743979721166037
2025-04-03,1538,1555,1530,1552,26521,0.001290322580645098
2025-04-04,1528,1600,1528,1550,57662,-0.0012886597938144284
2025-04-07,1550,1568,1512,1522,64152,-0.01806451612903226
2025-04-08,1534,1534,1514,1522,52034,0.0
2025-04-09,1510,1528,1412,1498,37110,-0.015768725361366642
2025-04-10,1500,1548,1496,1539,52542,0.027369826435247102
2025-04-11,1542,1558,1525,1549,21891,0.006497725795971521
2025-04-14,1556,1585,1535,1571,43446,0.01420271142672691
2025-04-15,1571,1579,1554,1578,59819,0.00445576066199882
2025-04-16,1578,1588,1565,1579,35837,0.0006337135614702394
2025-04-17,1580,1599,1577,1595,65026,0.010132995566814351
2025-04-18,1603,1609,1585,1607,33539,0.007523510971786829
2025-04-21,1608,1611,1555,1611,28095,0.002489110143123918
2025-04-22,1592,1621,1590,1617,26981,0.003724394785847407
2025-04-23,1620,1675,1617,1670,95800,0.032776747062461364
2025-04-24,1677,1682,1651,1662,33335,-0.004790419161676662
2025-04-25,1650,1676,1650,1668,35407,0.0036101083032491488
2025-04-28,1664,1664,1570,1639,27275,-0.017386091127098324
2025-04-29,1639,1665,1635,1641,21479,0.0012202562538132788
2025-04-30,1650,1650,1611,1621,20816,-0.01218769043266299
2025-05-02,1627,1627,1595,1617,49107,-0.002467612584824197
2025-05-07,1646,1646,1601,1613,22287,-0.0024737167594310883
2025-05-08,1634,1634,1606,1629,13448,0.009919404835709855
2025-05-09,1612,1635,1607,1620,41419,-0.0055248618784530246
2025-05-12,1620,1645,1618,1643,92138,0.014197530864197505
2025-05-13,1650,1670,1644,1650,36638,0.004260499087035852
2025-05-14,1642,1670,1642,1648,83863,-0.00121212121212122
2025-05-15,1653,1694,1640,1686,107432,0.02305825242718451
2025-05-16,1677,1686,1664,1667,35912,-0.011269276393831573
2025-05-19,1664,1666,1625,1636,36376,-0.018596280743851223
2025-05-20,1636,1649,1627,1639,22464,0.001833740831295838
2025-05-21,1638,1675,1636,1663,19246,0.014643075045759568
2025-05-22,1662,1761,1655,1734,375297,0.04269392663860483
2025-05-23,1682,1734,1679,1688,98624,-0.026528258362168433
2025-05-26,1680,1704,1670,1690,55674,0.0011848341232227888
2025-05-27,1699,1705,1611,1669,62531,-0.012426035502958621
2025-05-28,1669,1679,1660,1669,18017,0.0
2025-05-29,1672,1688,1656,1674,41988,0.002995805871779611
2025-05-30,1674,1674,1660,1670,33098,-0.002389486260453988
2025-06-02,1661,1690,1661,1690,34049,0.011976047904191711
2025-06-04,1700,1700,1678,1690,26825,0.0
2025-06-05,1690,1696,1681,1690,30946,0.0
2025-06-09,1692,1745,1692,1733,71879,0.025443786982248584
2025-06-10,1728,1728,1697,1701,66798,-0.018465089440277027
2025-06-11,1698,1735,1692,1733,44310,0.018812463256907774
2025-06-12,1733,1733,1705,1714,54269,-0.010963646855164488
2025-06-13,1713,1734,1685,1687,74387,-0.015752625437572942
2025-06-16,1687,1700,1670,1692,44523,0.0029638411381149865
2025-06-17,1673,1692,1673,1691,58256,-0.0005910165484633856
2025-06-18,1691,1691,1674,1689,78995,-0.0011827321111768097
2025-06-19,1699,1709,1666,1677,34104,-0.007104795737122527
2025-06-20,1677,1685,1664,1685,68446,0.004770423375074495
2025-06-23,1685,1685,1664,1669,29272,-0.00949554896142435
2025-06-24,1674,1690,1656,1680,59418,0.006590772917914878
2025-06-25,1680,1682,1668,1677,37756,-0.0017857142857142794
2025-06-26,1677,1677,1640,1645,77079,-0.019081693500298202
2025-06-27,1641,1649,1537,1619,72846,-0.015805471124620052
2025-06-30,1620,1628,1612,1618,9870,-0.0006176652254478165
2025-07-01,1621,1623,1612,1623,28434,0.0030902348578492056
2025-07-02,1623,1646,1607,1645,55808,0.013555144793592211
2025-07-03,1638,1665,1638,1665,42301,0.012158054711246091
2025-07-04,1665,1671,1624,1645,51747,-0.012012012012011963
2025-07-07,1645,1675,1638,1668,27606,0.013981762917933072
2025-07-08,1666,1670,1641,1670,54067,0.0011990407673860837
2025-07-09,1671,1671,1651,1660,12685,-0.005988023952095856
2025-07-10,1672,1678,1645,1666,29745,0.0036144578313253017
2025-07-11,1666,1668,1650,1668,51229,0.0012004801920768582
2025-07-14,1671,1671,1660,1669,30319,0.0005995203836930418
2025-07-15,1678,1678,1652,1668,32025,-0.0005991611743558778
2025-07-16,1668,1668,1621,1654,60903,-0.008393285371702586
2025-07-17,1650,1780,1630,1701,422867,0.02841596130592494
2025-07-18,1702,1715,1680,1697,93612,-0.0023515579071134995
2025-07-21,1697,1717,1680,1709,33928,0.00707130229817321
2025-07-22,1709,1724,1670,1676,41878,-0.01930953774136923
2025-07-23,1678,1774,1666,1710,372739,0.02028639618138417
2025-07-24,1735,1735,1673,1679,76012,-0.018128654970760216
2025-07-25,1652,1700,1650,1655,104981,-0.01429422275163783
2025-07-28,1655,1655,1622,1635,44950,-0.012084592145015116
2025-07-29,1650,1650,1616,1622,41771,-0.00795107033639142
2025-07-30,1644,1659,1613,1631,60695,0.0055487053020961685
2025-07-31,1622,1635,1613,1629,41836,-0.0012262415695891704
2025-08-01,1627,1630,1585,1590,69540,-0.023941068139963217
2025-08-04,1590,1593,1573,1591,44736,0.0006289308176101738
2025-08-05,1595,1611,1584,1590,37052,-0.0006285355122563896
2025-08-06,1609,1610,1587,1597,18725,0.00440251572327055
2025-08-07,1597,1620,1591,1619,45414,0.013775829680651164
2025-08-08,1603,1629,1603,1610,50226,-0.005558987029030238
2025-08-11,1610,1621,1601,1602,24871,-0.004968944099378869
2025-08-12,1601,1631,1593,1602,42182,0.0
2025-08-13,1600,1614,1595,1611,24419,0.00561797752808979
2025-08-14,1609,1931,1599,1650,2170836,0.024208566108007368
2025-08-18,1677,1737,1667,1714,222126,0.038787878787878816
2025-08-19,1714,1720,1680,1695,129433,-0.011085180863477206
2025-08-20,1690,1693,1650,1681,70319,-0.008259587020648995
2025-08-21,1671,1687,1666,1670,54457,-0.006543723973825077
2025-08-22,1667,1692,1662,1691,49035,0.012574850299401197
2025-08-25,1693,1714,1679,1693,133536,0.0011827321111768097
2025-08-26,1697,1772,1688,1753,300781,0.035440047253396445
2025-08-27,1753,1781,1711,1725,119823,-0.01597261836851116
2025-08-28,1725,1728,1701,1703,60321,-0.012753623188405783
2025-08-29,1703,1729,1690,1722,52894,0.011156782149148503
2025-09-01,1720,1720,1697,1711,53191,-0.006387921022067311
2025-09-02,1708,1720,1698,1717,43395,0.003506721215663422
2025-09-03,1707,1773,1707,1762,78382,0.026208503203261513
2025-09-04,1762,1784,1728,1750,94368,-0.006810442678774176
2025-09-05,1754,1766,1732,1753,70380,0.0017142857142857792
2025-09-08,1765,1765,1726,1755,69082,0.0011409013120364797
2025-09-09,1764,1764,1739,1754,47259,-0.0005698005698006048
2025-09-10,1757,1772,1742,1768,87091,0.007981755986316896
2025-09-11,1772,1779,1751,1751,33716,-0.009615384615384581
2025-09-12,1755,1763,1703,1736,86185,-0.008566533409480326
2025-09-15,1736,1749,1710,1716,31875,-0.011520737327188946
2025-09-16,1720,1743,1706,1725,58663,0.005244755244755206
2025-09-17,1717,1731,1704,1707,34638,-0.01043478260869568
2025-09-18,1705,1760,1705,1730,74352,0.013473930872876405
2025-09-19,1730,1754,1714,1735,36143,0.0028901734104045396
2025-09-22,1760,1771,1703,1754,126654,0.010951008645533111
2025-09-23,1754,1754,1711,1736,95019,-0.010262257696693311
2025-09-24,1731,1731,1704,1711,42873,-0.01440092165898621
2025-09-25,1711,1716,1703,1709,22132,-0.0011689070718877703
2025-09-26,1710,1716,1665,1667,61035,-0.024575775307197234
2025-09-29,1653,1695,1651,1685,47725,0.010797840431913563
2025-09-30,1702,1730,1670,1680,64422,-0.0029673590504450953
2025-10-01,1730,1747,1705,1711,86875,0.018452380952380887
2025-10-02,1714,1732,1684,1718,52803,0.004091174751607252
2025-10-10,1718,1734,1687,1720,139125,0.0011641443538998875
2025-10-13,1710,1746,1699,1733,57028,0.007558139534883823
2025-10-14,1733,1784,1733,1770,166448,0.021350259665320337
2025-10-15,1760,1788,1760,1773,44611,0.0016949152542373724
2025-10-16,1788,1788,1742,1750,56955,-0.012972363226170347
2025-10-17,1777,1777,1684,1684,111472,-0.0377142857142857
2025-10-20,1691,1692,1657,1676,69886,-0.004750593824228044
2025-10-21,1676,1676,1648,1652,155044,-0.014319809069212375
2025-10-22,1652,1654,1591,1651,128944,-0.000605326876513268
2025-10-23,1650,1651,1618,1627,41930,-0.014536644457904258
2025-10-24,1627,1633,1605,1614,42069,-0.007990165949600447
2025-10-27,1614,1619,1600,1619,99793,0.0030978934324659146
2025-10-28,1607,1622,1599,1617,64289,-0.001235330450895633
2025-10-29,1617,1617,1591,1602,96482,-0.00927643784786647
2025-10-30,1602,1612,1560,1586,172276,-0.009987515605493158
2025-10-31,1586,1599,1550,1587,105237,0.0006305170239595537
2025-11-03,1587,1587,1530,1583,268634,-0.002520478890989275
2025-11-04,1568,1596,1552,1581,92251,-0.0012634238787112562
2025-11-05,1581,1595,1545,1591,85965,0.006325110689437086
2025-11-06,1591,1648,1585,1632,82170,0.025769956002514194
2025-11-07,1632,1643,1572,1640,129840,0.004901960784313708
2025-11-10,1641,1683,1636,1668,141981,0.017073170731707332
2025-11-11,1668,1687,1620,1676,80272,0.004796163069544335
2025-11-12,1676,1698,1668,1698,86090,0.013126491646778149
2025-11-13,1698,1722,1688,1715,135679,0.010011778563015383
2025-11-14,1715,1767,1707,1725,176363,0.005830903790087438
2025-11-17,1726,1771,1701,1756,76528,0.017971014492753623
2025-11-18,1755,1755,1675,1731,73607,-0.014236902050113853
2025-11-19,1731,1767,1695,1758,125414,0.015597920277296451
2025-11-20,1758,1785,1725,1782,146839,0.013651877133105783
2025-11-21,1777,1785,1723,1764,75720,-0.010101010101010055
2025-11-24,1764,1769,1735,1735,26007,-0.01643990929705219
2025-11-25,1738,1749,1696,1709,44453,-0.014985590778098024
2025-11-26,1699,1737,1695,1718,29297,0.0052662375658278915
2025-11-27,1718,1724,1694,1705,22136,-0.0075669383003492685
2025-11-28,1729,1731,1647,1712,63909,0.004105571847507372
2025-12-01,1694,1715,1661,1712,32909,0.0
2025-12-02,1712,1712,1685,1709,33946,-0.0017523364485981796
2025-12-03,1709,1716,1685,1706,25299,-0.0017554125219426675
2025-12-04,1705,1728,1689,1705,35370,-0.0005861664712778492
2025-12-05,1711,1756,1691,1756,157323,0.029912023460410664
2025-12-08,1765,1830,1752,1820,432728,0.036446469248291535
2025-12-09,1823,1900,1775,1827,200199,0.0038461538461538325
