Date,Open,High,Low,Close,Volume,Change
2022-01-03,12200,12550,12000,12450,33519,0.02892561983471076
2022-01-04,12550,12850,12300,12500,34749,0.004016064257028162
2022-01-05,12550,12650,12250,12350,23016,-0.01200000000000001
2022-01-06,12250,12300,12000,12300,43354,-0.004048582995951455
2022-01-07,12300,12450,12250,12250,27735,-0.004065040650406471
2022-01-10,12250,12300,12100,12200,13769,-0.004081632653061273
2022-01-11,12200,12300,11800,11900,39043,-0.024590163934426257
2022-01-12,12000,12150,11950,12050,13236,0.012605042016806678
2022-01-13,12150,12150,11300,11600,62910,-0.03734439834024894
2022-01-14,11550,11700,11100,11300,66332,-0.025862068965517238
2022-01-17,11450,11450,10800,10800,42010,-0.04424778761061943
2022-01-18,10800,11100,10350,10550,60463,-0.02314814814814814
2022-01-19,10350,10550,9990,10550,94495,0.0
2022-01-20,10400,10700,10400,10600,11498,0.004739336492890933
2022-01-21,10550,10750,10400,10750,18597,0.014150943396226356
2022-01-24,10650,10650,10100,10250,22214,-0.046511627906976716
2022-01-25,10300,10300,9620,9780,77460,-0.04585365853658541
2022-01-26,9850,9900,9670,9750,25147,-0.0030674846625766694
2022-01-27,9790,9820,9280,9430,44166,-0.03282051282051279
2022-01-28,9440,9820,9380,9820,24787,0.04135737009544016
2022-02-03,10250,10400,9960,10350,24802,0.05397148676171071
2022-02-04,10350,10850,10250,10450,41728,0.009661835748792313
2022-02-07,10350,11250,10350,10650,59508,0.019138755980861344
2022-02-08,10550,10750,10500,10700,19255,0.0046948356807512415
2022-02-09,10650,10850,10650,10850,8589,0.014018691588784993
2022-02-10,10850,11150,10700,10850,18411,0.0
2022-02-11,10800,11050,10700,11000,20632,0.01382488479262678
2022-02-14,10900,11100,10650,10800,12612,-0.018181818181818188
2022-02-15,10850,10850,10400,10500,10845,-0.02777777777777779
2022-02-16,10800,10800,10400,10700,10198,0.01904761904761898
2022-02-17,10700,10850,10500,10600,15796,-0.009345794392523366
2022-02-18,10350,10700,10300,10650,12058,0.004716981132075526
2022-02-21,10450,10800,10250,10750,7630,0.009389671361502261
2022-02-22,10500,10650,10400,10400,8346,-0.032558139534883734
2022-02-23,10600,10600,10200,10500,8819,0.009615384615384581
2022-02-24,10350,10450,9950,9990,21531,-0.0485714285714286
2022-02-25,10100,10300,10000,10150,14068,0.0160160160160161
2022-02-28,10150,10450,10150,10400,7736,0.024630541871921263
2022-03-02,10400,10700,10300,10650,16676,0.024038461538461453
2022-03-03,10650,10900,10600,10850,18728,0.018779342723004744
2022-03-04,10500,10850,10350,10500,26598,-0.032258064516129004
2022-03-07,10350,10450,10150,10300,7734,-0.01904761904761909
2022-03-08,10000,10200,10000,10050,22696,-0.024271844660194164
2022-03-10,10250,10400,10200,10350,6531,0.029850746268656803
2022-03-11,10300,10500,10300,10450,10890,0.009661835748792313
2022-03-14,10450,10450,10200,10400,16215,-0.004784688995215336
2022-03-15,10300,10450,9980,10300,37292,-0.009615384615384581
2022-03-16,10300,10450,10150,10300,17667,0.0
2022-03-17,10450,10500,10350,10500,16813,0.01941747572815533
2022-03-18,10500,10850,10400,10800,26834,0.02857142857142847
2022-03-21,10800,10900,10700,10850,15987,0.004629629629629539
2022-03-22,10900,10900,10650,10800,17192,-0.004608294930875556
2022-03-23,10800,10850,10550,10700,18625,-0.0092592592592593
2022-03-24,10700,10750,10500,10750,12732,0.004672897196261738
2022-03-25,10700,10750,10550,10750,20450,0.0
2022-03-28,10800,10800,10550,10750,19483,0.0
2022-03-29,10650,11400,10600,11050,71900,0.027906976744185963
2022-03-30,11100,11100,10700,10750,22625,-0.02714932126696834
2022-03-31,10750,10950,10600,10900,22838,0.013953488372093092
2022-04-01,10850,10950,10550,10950,29856,0.004587155963302836
2022-04-04,10950,11000,10750,10950,16211,0.0
2022-04-05,10800,11050,10800,11000,19859,0.004566210045662045
2022-04-06,10950,11100,10850,10850,18138,-0.013636363636363669
2022-04-07,10850,11350,10850,11350,57327,0.04608294930875578
2022-04-08,11250,13950,11250,12700,898053,0.11894273127753308
2022-04-11,12600,13250,12500,12900,180443,0.015748031496062964
2022-04-12,12950,13200,12300,12500,111950,-0.03100775193798455
2022-04-13,12500,12850,12350,12600,65547,0.008000000000000007
2022-04-14,12600,15100,12350,12950,1293614,0.02777777777777768
2022-04-15,12950,12950,12600,12650,77957,-0.02316602316602312
2022-04-18,12750,12750,12450,12450,37929,-0.015810276679841917
2022-04-19,12550,13000,12400,12800,63458,0.028112449799196693
2022-04-20,12800,13300,12800,13300,80510,0.0390625
2022-04-21,13350,13400,13050,13200,56783,-0.007518796992481258
2022-04-22,13000,13150,12750,12900,43513,-0.022727272727272707
2022-04-25,12650,12900,12550,12900,32415,0.0
2022-04-26,12900,13050,12700,12800,36292,-0.007751937984496138
2022-04-27,12650,12950,12550,12550,18974,-0.01953125
2022-04-28,12550,12800,12350,12550,30337,0.0
2022-04-29,12500,12700,12450,12600,22384,0.003984063745019917
2022-05-02,12300,12450,12150,12350,51364,-0.019841269841269882
2022-05-03,12350,12550,12200,12400,34049,0.004048582995951344
2022-05-04,12400,12600,12150,12500,23327,0.008064516129032251
2022-05-06,12450,12500,12250,12400,27216,-0.008000000000000007
2022-05-09,12400,12550,12000,12200,30657,-0.016129032258064502
2022-05-10,11700,12050,11350,11900,56268,-0.024590163934426257
2022-05-11,11900,12200,11800,11800,14580,-0.008403361344537785
2022-05-12,11800,11900,11250,11300,22056,-0.0423728813559322
2022-05-13,11550,11700,11300,11500,12359,0.017699115044247815
2022-05-16,11700,11800,11450,11450,8857,-0.004347826086956497
2022-05-17,11450,11750,11400,11450,10163,0.0
2022-05-18,11450,11650,11300,11450,16558,0.0
2022-05-19,11100,11250,10950,11100,28145,-0.03056768558951961
2022-05-20,11000,11200,10750,10850,28528,-0.022522522522522515
2022-05-23,10850,11100,10800,10900,23611,0.004608294930875667
2022-05-24,11050,11050,10750,10850,15862,-0.004587155963302725
2022-05-25,10850,13600,10850,11550,788408,0.06451612903225801
2022-05-26,11500,14800,11350,13150,5820313,0.1385281385281385
2022-05-27,12900,13100,12400,12800,619484,-0.026615969581749055
2022-05-30,12700,13000,12500,12750,252920,-0.00390625
2022-05-31,12650,12850,12300,12300,220845,-0.03529411764705881
2022-06-02,12300,12550,12100,12450,98724,0.012195121951219523
2022-06-03,12450,12600,12300,12400,69223,-0.004016064257028162
2022-06-07,12400,12650,12300,12550,89027,0.012096774193548487
2022-06-08,12500,12600,11900,12100,103646,-0.03585657370517925
2022-06-09,12050,12400,12000,12350,56016,0.02066115702479343
2022-06-10,12150,12400,12050,12200,47584,-0.012145748987854255
2022-06-13,11850,12000,11500,11550,72131,-0.05327868852459017
2022-06-14,11200,11500,10900,11150,76876,-0.03463203463203468
2022-06-15,11050,11250,10700,10700,52456,-0.04035874439461884
2022-06-16,10800,11200,10750,10800,48029,0.009345794392523255
2022-06-17,10450,10800,10250,10750,34440,-0.00462962962962965
2022-06-20,10600,10750,10050,10200,47006,-0.051162790697674376
2022-06-21,10100,10750,10100,10200,20373,0.0
2022-06-22,10250,10500,10100,10200,35002,0.0
2022-06-23,10100,10200,9830,10200,49903,0.0
2022-06-24,9970,10300,9970,10000,95870,-0.019607843137254943
2022-06-27,10150,10750,10050,10550,39493,0.05499999999999994
2022-06-28,10450,10750,10450,10500,18085,-0.004739336492891044
2022-06-29,10250,11700,10250,11450,157064,0.09047619047619038
2022-06-30,11550,11900,11250,11600,418852,0.013100436681222627
2022-07-01,11900,12000,10500,10550,150075,-0.09051724137931039
2022-07-04,10700,11500,9660,10100,379155,-0.042654028436018954
2022-07-05,10100,10300,9860,10000,178489,-0.00990099009900991
2022-07-06,10000,10750,9920,10550,163688,0.05499999999999994
2022-07-07,10550,10550,10250,10350,47185,-0.018957345971563955
2022-07-08,10450,10500,10200,10350,24752,0.0
2022-07-11,10300,10400,10000,10050,48852,-0.02898550724637683
2022-07-12,10100,10100,9830,9960,64613,-0.008955223880596996
2022-07-13,9870,10100,9860,10050,26190,0.009036144578313143
2022-07-14,10050,10100,9880,9950,29012,-0.00995024875621886
2022-07-15,9920,10200,9840,10000,44544,0.005025125628140614
2022-07-18,10150,10150,9950,9980,65440,-0.0020000000000000018
2022-07-19,9990,10150,9910,10150,31647,0.017034068136272618
2022-07-20,10200,10300,10000,10300,46877,0.014778325123152802
2022-07-21,10450,10500,10150,10150,66636,-0.014563106796116498
2022-07-22,10200,10250,10150,10200,22638,0.0049261083743843415
2022-07-25,10150,10150,9980,10050,36677,-0.014705882352941124
2022-07-26,10050,10100,9990,10050,17542,0.0
2022-07-27,10100,10450,9990,10200,54931,0.014925373134328401
2022-07-28,10350,10400,10150,10200,26902,0.0
2022-07-29,10350,10350,10200,10250,28840,0.004901960784313708
2022-08-01,10500,10500,10250,10250,28589,0.0
2022-08-02,10450,10650,10250,10500,43264,0.024390243902439046
2022-08-03,10600,10700,10450,10550,22320,0.004761904761904745
2022-08-04,10650,10650,10450,10550,23413,0.0
2022-08-05,10550,10800,10550,10700,38998,0.014218009478673022
2022-08-08,10700,10850,10650,10850,24502,0.014018691588784993
2022-08-09,10750,10850,10600,10850,24814,0.0
2022-08-10,10700,10800,10400,10550,37326,-0.027649769585253448
2022-08-11,10650,10900,10550,10800,49697,0.023696682464454888
2022-08-12,11000,11000,10750,10900,42702,0.0092592592592593
2022-08-16,10900,10900,10650,10650,25106,-0.022935779816513735
2022-08-17,10650,10850,10550,10750,27843,0.009389671361502261
2022-08-18,10800,10800,10450,10700,32741,-0.0046511627906976605
2022-08-19,10600,10750,10600,10600,19539,-0.009345794392523366
2022-08-22,10600,10600,10300,10400,37781,-0.018867924528301883
2022-08-23,10250,10350,10150,10200,22514,-0.019230769230769273
2022-08-24,10450,10450,10200,10300,17066,0.009803921568627416
2022-08-25,10250,10350,10050,10350,20990,0.004854368932038833
2022-08-26,10500,10550,10300,10450,15864,0.009661835748792313
2022-08-29,10250,10400,10100,10400,32464,-0.004784688995215336
2022-08-30,10250,10500,10150,10300,36826,-0.009615384615384581
2022-08-31,10300,10400,10050,10300,48350,0.0
2022-09-01,10200,10300,10050,10050,22296,-0.024271844660194164
2022-09-02,10100,10350,10050,10150,23134,0.00995024875621886
2022-09-05,10150,10350,10000,10050,17438,-0.009852216748768461
2022-09-06,10150,10200,10000,10200,11593,0.014925373134328401
2022-09-07,10200,10200,9940,9950,42177,-0.02450980392156865
2022-09-08,9950,10050,9850,9950,16849,0.0
2022-09-13,9950,10100,9950,10000,17409,0.005025125628140614
2022-09-14,9940,10000,9820,9980,11285,-0.0020000000000000018
2022-09-15,10050,10050,9930,10000,11464,0.002004008016031955
2022-09-16,9960,10000,9870,9960,14594,-0.0040000000000000036
2022-09-19,9910,10000,9780,9850,30221,-0.011044176706827336
2022-09-20,9860,9950,9820,9900,11653,0.0050761421319796
2022-09-21,9900,9900,9600,9880,15068,-0.002020202020202033
2022-09-22,9660,9860,9600,9850,21685,-0.0030364372469635637
2022-09-23,9730,9970,9730,9930,14335,0.008121827411167404
2022-09-26,9880,9890,9420,9570,35351,-0.03625377643504535
2022-09-27,9570,9710,9400,9550,44607,-0.002089864158829724
2022-09-28,9310,9790,9270,9490,28503,-0.006282722513089034
2022-09-29,9500,9790,9400,9500,21294,0.0010537407797681642
2022-09-30,9300,9510,8900,9510,17742,0.001052631578947416
2022-10-04,9660,9660,9400,9600,6224,0.009463722397476282
2022-10-05,9600,9740,9470,9550,7778,-0.00520833333333337
2022-10-06,9610,9640,9540,9600,28871,0.005235602094240788
2022-10-07,9460,9700,9460,9590,27827,-0.0010416666666667185
2022-10-11,9590,9590,9360,9400,17571,-0.019812304483837306
2022-10-12,9330,9360,9180,9240,19735,-0.017021276595744705
2022-10-13,9140,11800,8900,8970,715894,-0.02922077922077926
2022-10-14,9000,9260,9000,9130,76727,0.01783723522853964
2022-10-17,9160,9290,9030,9250,21134,0.013143483023001057
2022-10-18,9300,9530,9250,9360,22118,0.011891891891891992
2022-10-19,9500,9530,9240,9420,16766,0.0064102564102563875
2022-10-20,9420,9430,9080,9250,23517,-0.018046709129511673
2022-10-21,9150,9280,9050,9270,11356,0.00216216216216214
2022-10-24,9280,9370,8940,9100,27625,-0.01833872707659112
2022-10-25,9120,9160,9000,9000,8912,-0.01098901098901095
2022-10-26,8930,9100,8830,9000,13210,0.0
2022-10-27,9000,9070,8880,9030,15552,0.0033333333333334103
2022-10-28,8980,9040,8940,9000,7290,-0.0033222591362126463
2022-10-31,9000,9100,8940,9080,12761,0.008888888888888946
2022-11-01,9100,9160,9050,9160,9596,0.008810572687224738
2022-11-02,9170,9170,8550,9110,6329,-0.00545851528384278
2022-11-03,9090,9090,8700,9040,14485,-0.007683863885839748
2022-11-04,8960,9090,8920,9080,4602,0.004424778761061843
2022-11-07,9040,9180,9020,9120,6965,0.004405286343612369
2022-11-08,9180,9220,9100,9200,16066,0.00877192982456143
2022-11-09,9220,9320,9170,9300,8003,0.010869565217391353
2022-11-10,9290,9290,9190,9270,5311,-0.003225806451612856
2022-11-11,9410,9570,9400,9500,20573,0.024811218985976158
2022-11-14,9500,9790,9500,9710,28135,0.022105263157894628
2022-11-15,9710,9860,9600,9680,14100,-0.003089598352214229
2022-11-16,9720,9800,9600,9710,11356,0.0030991735537189147
2022-11-17,9610,9780,9610,9720,9581,0.001029866117404632
2022-11-18,9720,9790,9620,9720,8422,0.0
2022-11-21,9630,9700,9500,9600,19139,-0.012345679012345734
2022-11-22,9530,9560,9390,9440,14992,-0.01666666666666672
2022-11-23,9410,9530,9330,9390,10683,-0.005296610169491567
2022-11-24,9460,9470,9340,9450,11297,0.006389776357827559
2022-11-25,9500,9510,9200,9500,15822,0.005291005291005346
2022-11-28,9500,9500,9390,9390,10405,-0.011578947368421022
2022-11-29,9210,9480,9210,9440,4667,0.005324813631522929
2022-11-30,9580,9580,9450,9510,5212,0.00741525423728806
2022-12-01,9510,9760,9510,9750,29464,0.025236593059936974
2022-12-02,9730,10350,9680,10100,59816,0.03589743589743599
2022-12-05,10100,10400,10100,10200,33357,0.00990099009900991
2022-12-06,10200,10200,9940,9950,32340,-0.02450980392156865
2022-12-07,9800,9950,9680,9720,36647,-0.02311557788944718
2022-12-08,9720,9890,9540,9790,23641,0.007201646090535085
2022-12-09,9710,9870,9600,9840,24613,0.005107252298263587
2022-12-12,10000,10200,9870,9940,32618,0.010162601626016343
2022-12-13,10050,10100,9870,9950,8968,0.001006036217303885
2022-12-14,9950,10500,9950,10300,137044,0.035175879396984966
2022-12-15,10300,10400,10150,10300,21678,0.0
2022-12-16,10150,10500,10050,10500,31985,0.01941747572815533
2022-12-19,10350,10800,10250,10600,44530,0.00952380952380949
2022-12-20,10600,10600,10350,10500,54882,-0.009433962264150941
2022-12-21,10400,10600,10200,10300,47309,-0.01904761904761909
2022-12-22,10400,10550,10050,10400,88723,0.009708737864077666
2022-12-23,10350,10400,10150,10300,35247,-0.009615384615384581
2022-12-26,10300,10500,10100,10350,69605,0.004854368932038833
2022-12-27,10300,10450,10150,10200,122674,-0.01449275362318836
2022-12-28,10150,10850,10150,10750,65373,0.05392156862745101
2022-12-29,10600,10950,10600,10800,32083,0.0046511627906977715
2023-01-02,10800,11150,10800,11050,82615,0.02314814814814814
2023-01-03,10950,11150,10600,10900,33823,-0.013574660633484115
2023-01-04,10900,10900,10700,10700,22043,-0.01834862385321101
2023-01-05,10850,10900,10500,10500,16977,-0.01869158878504673
2023-01-06,10500,10750,10350,10450,20152,-0.004761904761904745
2023-01-09,10500,10700,10400,10450,17814,0.0
2023-01-10,10400,10450,10200,10250,18939,-0.019138755980861233
2023-01-11,10250,10500,10200,10500,30274,0.024390243902439046
2023-01-12,10400,10550,10400,10550,19228,0.004761904761904745
2023-01-13,10500,10700,10500,10600,45770,0.004739336492890933
2023-01-16,10500,10850,10500,10650,21867,0.004716981132075526
2023-01-17,10550,10700,10050,10350,41011,-0.028169014084507005
2023-01-18,10350,10450,10150,10200,15825,-0.01449275362318836
2023-01-19,10300,10300,10100,10250,16014,0.004901960784313708
2023-01-20,10400,10450,10200,10400,15322,0.014634146341463428
2023-01-25,10410,10900,10310,10830,101896,0.04134615384615392
2023-01-26,10810,10810,10720,10780,15237,-0.004616805170821747
2023-01-27,10770,11680,10720,11420,207336,0.05936920222634501
2023-01-30,11520,11740,11430,11640,58500,0.019264448336252293
2023-01-31,11660,11700,11360,11520,24190,-0.010309278350515427
2023-02-01,11510,11630,11370,11630,27541,0.00954861111111116
2023-02-02,11640,11810,11580,11600,30907,-0.002579535683576939
2023-02-03,11620,11930,11580,11720,40263,0.010344827586206806
2023-02-06,11720,11830,11540,11620,24581,-0.008532423208191142
2023-02-07,11590,11880,11570,11650,30508,0.002581755593803692
2023-02-08,11640,12040,11640,12020,33140,0.03175965665236058
2023-02-09,12020,12060,11910,12050,15977,0.0024958402662229595
2023-02-10,12010,12060,11730,11970,17836,-0.00663900414937757
2023-02-13,11870,12030,11720,12000,21532,0.0025062656641603454
2023-02-14,11860,12080,11580,11590,45724,-0.03416666666666668
2023-02-15,11620,11900,11390,11450,33797,-0.012079378774805916
2023-02-16,11530,11610,11000,11220,31599,-0.02008733624454151
2023-02-17,11220,11240,10610,11160,29358,-0.005347593582887722
2023-02-20,11180,11540,11170,11360,24106,0.017921146953405076
2023-02-21,11420,11420,11240,11380,17255,0.0017605633802817433
2023-02-22,11300,11380,11130,11380,15773,0.0
2023-02-23,11320,11600,11320,11570,22409,0.016695957820738183
2023-02-24,11460,11580,11210,11240,25286,-0.028522039757994833
2023-02-27,11300,11400,11140,11350,11392,0.009786476868327343
2023-02-28,11280,11920,11280,11740,25155,0.03436123348017617
2023-03-02,11690,11690,11500,11570,19234,-0.014480408858603022
2023-03-03,11570,11660,11220,11250,21418,-0.02765773552290407
2023-03-06,11110,11250,11050,11190,34166,-0.005333333333333301
2023-03-07,11070,11320,11070,11210,21022,0.0017873100983021306
2023-03-08,11110,11230,10920,11080,24249,-0.011596788581623496
2023-03-09,11150,11190,10810,11040,13256,-0.0036101083032491488
2023-03-10,10830,10960,10650,10760,16494,-0.025362318840579712
2023-03-13,10680,10680,10290,10550,19561,-0.01951672862453535
2023-03-14,10460,10550,10170,10170,13093,-0.0360189573459716
2023-03-15,10120,10400,10120,10340,19708,0.01671583087512296
2023-03-16,10230,10290,10100,10280,11946,-0.005802707930367523
2023-03-17,10280,10770,10220,10760,18425,0.04669260700389111
2023-03-20,10730,11700,10730,11170,57198,0.03810408921933095
2023-03-21,11350,12050,11070,11450,544758,0.0250671441360788
2023-03-22,11600,11800,11300,11550,89738,0.008733624454148492
2023-03-23,11600,12300,11590,11670,105946,0.010389610389610393
2023-03-24,11760,12140,11530,12040,144951,0.03170522707797763
2023-03-27,12290,12290,11910,12110,81124,0.005813953488372103
2023-03-28,12110,12570,12040,12470,159568,0.029727497935590375
2023-03-29,12600,12700,12300,12630,91256,0.012830793905372895
2023-03-30,12700,13000,12450,12630,149627,0.0
2023-03-31,12580,12580,12030,12430,99166,-0.015835312747426777
2023-04-03,12300,12770,12280,12660,52245,0.018503620273531807
2023-04-04,12660,12930,12610,12870,58888,0.016587677725118377
2023-04-05,12960,13600,12790,13000,202667,0.010101010101010166
2023-04-06,13000,13020,12300,12300,81348,-0.05384615384615388
2023-04-07,12420,12460,12200,12350,44444,0.004065040650406582
2023-04-10,12440,12440,11710,11920,123939,-0.034817813765182226
2023-04-11,11900,11940,11650,11780,46441,-0.011744966442952975
2023-04-12,11750,12060,11630,11750,26217,-0.002546689303904892
2023-04-13,11800,11940,11360,11710,70986,-0.0034042553191488967
2023-04-14,11610,12200,11570,11860,46172,0.012809564474807855
2023-04-17,11900,11920,11570,11880,74291,0.001686340640809414
2023-04-18,12000,12000,11550,11680,40636,-0.01683501683501687
2023-04-19,11720,11830,11560,11680,20970,0.0
2023-04-20,11900,11980,11580,11590,60508,-0.0077054794520547976
2023-04-21,11590,11670,11380,11590,27674,0.0
2023-04-24,11680,11680,11390,11600,23443,0.0008628127696290733
2023-04-25,11610,11710,11460,11510,41186,-0.00775862068965516
2023-04-26,11640,11640,11410,11580,11020,0.006081668114682914
2023-04-27,11510,11920,11510,11650,41738,0.006044905008635526
2023-04-28,11680,11810,11560,11570,20314,-0.006866952789699621
2023-05-02,11570,12050,11510,11900,39498,0.028522039757994833
2023-05-03,11900,11980,11700,11760,16852,-0.0117647058823529
2023-05-04,11760,11850,11720,11810,10363,0.00425170068027203
2023-05-08,11950,11950,11640,11640,17488,-0.014394580863674844
2023-05-09,11760,12700,11610,12100,78091,0.03951890034364269
2023-05-10,12310,12380,11610,11850,37557,-0.02066115702479343
2023-05-11,11850,11860,11600,11760,21782,-0.0075949367088608
2023-05-12,11750,11750,11460,11700,17827,-0.005102040816326481
2023-05-15,11700,11790,11600,11790,25503,0.007692307692307665
2023-05-16,11790,11800,11360,11660,58378,-0.011026293469041604
2023-05-17,11520,11710,11260,11270,60963,-0.03344768439108059
2023-05-18,11420,11420,11000,11290,37684,0.0017746228926354135
2023-05-19,11190,11360,11100,11320,16773,0.0026572187776794376
2023-05-22,11320,11330,11150,11310,17398,-0.0008833922261484162
2023-05-23,11310,11390,11200,11250,7126,-0.0053050397877983935
2023-05-24,11410,11570,11070,11570,17113,0.028444444444444494
2023-05-25,11450,11460,11090,11150,24477,-0.036300777873811585
2023-05-26,11160,11390,10900,11390,30767,0.021524663677130018
2023-05-30,11430,11470,11340,11430,23470,0.0035118525021948788
2023-05-31,11420,11650,11390,11630,52162,0.017497812773403343
2023-06-01,11630,13010,11570,11940,542811,0.02665520206362859
2023-06-02,11940,12420,11820,12380,110143,0.03685092127303191
2023-06-05,12740,12900,12300,12750,132856,0.02988691437802915
2023-06-07,12760,13080,12650,12800,74365,0.0039215686274509665
2023-06-08,12800,13000,12630,12750,47715,-0.00390625
2023-06-09,12750,13090,12660,12800,78682,0.0039215686274509665
2023-06-12,12810,12810,12340,12520,68714,-0.021874999999999978
2023-06-13,12500,12770,12490,12630,31284,0.0087859424920127
2023-06-14,12630,12980,12460,12830,54603,0.015835312747426666
2023-06-15,13000,13940,13000,13600,386696,0.06001558846453614
2023-06-16,13760,14180,13300,13570,198784,-0.0022058823529411686
2023-06-19,13660,13890,13140,13600,100280,0.002210759027265974
2023-06-20,13800,13820,13330,13550,57562,-0.003676470588235281
2023-06-21,13670,13670,13090,13100,57050,-0.03321033210332103
2023-06-22,13060,13430,12700,13260,38568,0.012213740458015376
2023-06-23,13260,13270,12860,13090,57295,-0.012820512820512775
2023-06-26,13140,14270,13100,13950,257376,0.06569900687547747
2023-06-27,14100,14740,13640,13710,204382,-0.017204301075268824
2023-06-28,13730,13960,13250,13400,87732,-0.022611232676878146
2023-06-29,13480,13480,12930,12970,86078,-0.03208955223880594
2023-06-30,12930,13080,12930,13020,44678,0.0038550501156515704
2023-07-03,13000,13030,12640,12810,79528,-0.016129032258064502
2023-07-04,12890,13010,12710,12990,55587,0.014051522248243575
2023-07-05,12990,12990,12470,12580,73735,-0.03156274056966901
2023-07-06,12560,12690,12200,12290,45706,-0.02305246422893481
2023-07-07,12050,12310,11990,12130,29134,-0.013018714401952791
2023-07-10,12000,12510,12000,12340,29042,0.01731244847485569
2023-07-11,12440,12460,12110,12230,30601,-0.008914100486223653
2023-07-12,12230,12640,12230,12510,33555,0.02289452166802941
2023-07-13,12610,12650,12450,12580,23104,0.005595523581135131
2023-07-14,12590,12590,12390,12520,23825,-0.004769475357710662
2023-07-17,12410,12430,12090,12200,38833,-0.025559105431309903
2023-07-18,12160,13920,12050,12650,310513,0.03688524590163933
2023-07-19,13000,13300,12370,12850,132407,0.015810276679841806
2023-07-20,13000,13290,12800,13100,120222,0.01945525291828787
2023-07-21,13190,13430,12860,12860,85190,-0.018320610687022953
2023-07-24,12630,12840,12370,12590,84299,-0.020995334370140006
2023-07-25,12600,12620,12060,12120,59159,-0.03733121525019856
2023-07-26,12080,12190,11490,11710,122184,-0.03382838283828382
2023-07-27,11670,12200,11670,11940,32094,0.01964133219470532
2023-07-28,11910,12150,11400,12120,25253,0.015075376884422065
2023-07-31,12170,12240,11920,12220,37863,0.008250825082508184
2023-08-01,12230,12490,12100,12230,44177,0.0008183306055646877
2023-08-02,12200,12520,11830,12040,74193,-0.015535568274734235
2023-08-03,12000,12310,11880,12200,40047,0.013289036544850585
2023-08-04,12150,12430,12090,12430,30541,0.01885245901639343
2023-08-07,12430,12700,12250,12480,52205,0.004022526146419958
2023-08-08,12450,12480,12110,12220,52998,-0.02083333333333337
2023-08-09,12200,12700,12170,12600,40230,0.03109656301145658
2023-08-10,12540,12540,11720,12460,25673,-0.011111111111111072
2023-08-11,12460,12600,12290,12450,36520,-0.0008025682182986049
2023-08-14,12520,12530,12110,12360,33589,-0.0072289156626506035
2023-08-16,12660,12940,12250,12520,124356,0.012944983818770295
2023-08-17,12320,12460,11400,12310,78585,-0.016773162939297093
2023-08-18,12350,12350,11710,11710,73611,-0.04874086108854592
2023-08-21,11840,11840,11470,11580,30493,-0.01110162254483349
2023-08-22,11480,11850,11410,11520,46475,-0.005181347150259086
2023-08-23,11460,11570,11300,11330,28503,-0.01649305555555558
2023-08-24,11440,11960,11290,11650,36032,0.02824360105913515
2023-08-25,11600,11610,11410,11560,17475,-0.007725321888412018
2023-08-28,11560,11560,11310,11390,20498,-0.014705882352941124
2023-08-29,11310,13960,11310,12060,764827,0.05882352941176472
2023-08-30,12010,12140,11800,11900,71448,-0.013266998341625258
2023-08-31,12000,12660,11840,12300,142771,0.03361344537815136
2023-09-01,12260,12650,12000,12070,74590,-0.0186991869918699
2023-09-04,12070,12360,11790,12270,60996,0.016570008285004212
2023-09-05,12270,12290,11900,12040,35482,-0.018744906275468654
2023-09-06,12040,12600,11890,12400,85834,0.029900332225913706
2023-09-07,12390,12550,12200,12320,42123,-0.006451612903225823
2023-09-08,12380,13190,12350,12900,231479,0.04707792207792205
2023-09-11,12960,13140,12670,12870,108641,-0.0023255813953488857
2023-09-12,12870,12900,12400,12590,83177,-0.02175602175602176
2023-09-13,12580,12590,12210,12220,36716,-0.02938840349483718
2023-09-14,12220,12460,12130,12370,40222,0.01227495908346965
2023-09-15,12260,12370,12120,12150,44344,-0.017784963621665373
2023-09-18,12110,12240,12050,12050,23996,-0.008230452674897082
2023-09-19,12100,12160,11820,11890,35565,-0.01327800829875514
2023-09-20,11910,12200,11700,12180,58944,0.024390243902439046
2023-09-21,12100,12120,11910,11910,27392,-0.022167487684729092
2023-09-22,11770,12100,11770,11950,24128,0.0033585222502099388
2023-09-25,11800,11910,11670,11670,33495,-0.023430962343096273
2023-09-26,11670,11710,11440,11440,24048,-0.019708654670094305
2023-09-27,11200,11700,11180,11700,18923,0.022727272727272707
2023-10-04,11520,11590,11250,11250,32029,-0.038461538461538436
2023-10-05,11260,11400,10760,10760,69363,-0.04355555555555557
2023-10-06,10500,11240,10500,11010,36543,0.02323420074349447
2023-10-10,11010,11180,10800,11110,22509,0.009082652134423164
2023-10-11,10990,11290,10990,11230,17604,0.01080108010801073
2023-10-12,11220,11300,11100,11260,16560,0.002671415850400649
2023-10-13,11150,11340,11050,11220,8261,-0.003552397868561319
2023-10-16,11200,11200,10940,11120,15605,-0.0089126559714795
2023-10-17,11110,11180,11060,11130,5604,0.0008992805755396738
2023-10-18,11190,11190,10810,11040,23217,-0.008086253369272267
2023-10-19,10820,10840,10600,10760,31779,-0.025362318840579712
2023-10-20,10510,10850,10390,10650,30221,-0.010223048327137496
2023-10-23,10400,10840,10400,10680,18197,0.0028169014084507005
2023-10-24,10690,10780,10350,10750,19727,0.0065543071161049404
2023-10-25,10750,11390,10680,10920,25726,0.015813953488372112
2023-10-26,10750,10890,10300,10590,26169,-0.030219780219780223
2023-10-27,10500,10670,10350,10520,11145,-0.006610009442870601
2023-10-30,10350,10650,10350,10580,10544,0.005703422053231932
2023-10-31,10650,10650,10310,10530,11717,-0.00472589792060496
2023-11-01,10500,10670,10500,10510,12130,-0.0018993352326686086
2023-11-02,10540,10900,10540,10800,14437,0.027592768791627087
2023-11-03,11200,11200,10800,10880,11723,0.007407407407407307
2023-11-06,10820,11060,10800,10980,26897,0.009191176470588314
2023-11-07,10950,10950,10750,10910,15144,-0.006375227686703067
2023-11-08,11150,11150,10670,10760,38433,-0.013748854262144783
2023-11-09,10870,10920,10600,10600,14052,-0.014869888475836479
2023-11-10,10430,10850,10370,10800,23557,0.018867924528301883
2023-11-13,10790,11000,10720,10830,29626,0.002777777777777768
2023-11-14,10770,11150,10770,11020,49230,0.01754385964912286
2023-11-15,11030,11250,10890,11160,49470,0.012704174228675091
2023-11-16,11190,11220,10960,11150,20428,-0.0008960573476702871
2023-11-17,11150,11190,11000,11170,13276,0.0017937219730941312
2023-11-20,11190,11190,11000,11160,17302,-0.0008952551477170445
2023-11-21,11070,11160,11050,11140,22133,-0.0017921146953404632
2023-11-22,11130,11130,10890,10940,19236,-0.01795332136445238
2023-11-23,10940,11030,10800,10890,18235,-0.004570383912248621
2023-11-24,10890,10960,10480,10780,39566,-0.010101010101010055
2023-11-27,10780,10890,10610,10690,14506,-0.008348794063079756
2023-11-28,10690,10760,10530,10540,19352,-0.014031805425631427
2023-11-29,10450,10650,10450,10580,17059,0.00379506641366234
2023-11-30,10580,10620,10520,10590,5154,0.000945179584120881
2023-12-01,10590,10630,10390,10460,27833,-0.01227573182247399
2023-12-04,10480,10570,10400,10460,25920,0.0
2023-12-05,10500,10560,10290,10440,20614,-0.0019120458891013214
2023-12-06,10450,10480,10310,10440,13101,0.0
2023-12-07,10400,10480,10360,10430,10205,-0.0009578544061302763
2023-12-08,10490,10490,10370,10470,10458,0.003835091083413289
2023-12-11,10410,10980,10410,10840,36762,0.0353390639923592
2023-12-12,10990,11520,10850,11390,71760,0.050738007380073835
2023-12-13,11390,11490,11140,11150,25544,-0.021071115013169495
2023-12-14,11360,11430,11150,11290,41428,0.01255605381165914
2023-12-15,11320,11470,11160,11270,38914,-0.001771479185119551
2023-12-18,11430,11840,11350,11570,59819,0.02661934338952965
2023-12-19,11570,11570,11370,11480,26160,-0.007778738115816752
2023-12-20,11670,11700,11480,11590,34924,0.009581881533101022
2023-12-21,11500,11780,11110,11240,139794,-0.030198446937014678
2023-12-22,11200,11740,11200,11590,64963,0.031138790035587283
2023-12-26,11730,11870,11520,11710,49206,0.010353753235547991
2023-12-27,11600,11900,11500,11660,28224,-0.004269854824935915
2023-12-28,11660,11900,11550,11840,35643,0.015437392795883298
2024-01-02,11890,12300,11730,12200,89283,0.030405405405405483
2024-01-03,12200,12540,12050,12410,67891,0.01721311475409837
2024-01-04,12410,12500,12170,12350,41381,-0.00483481063658342
2024-01-05,12310,12570,12100,12160,45422,-0.01538461538461533
2024-01-08,12030,12900,12030,12610,134630,0.03700657894736836
2024-01-09,12610,12920,12470,12580,87891,-0.0023790642347343294
2024-01-10,12650,12650,12290,12500,45414,-0.006359300476947549
2024-01-11,12400,12400,12090,12230,39893,-0.021599999999999953
2024-01-12,12110,12550,11940,12040,45688,-0.015535568274734235
2024-01-15,11960,12100,11900,11900,24199,-0.011627906976744207
2024-01-16,11900,12040,11850,11890,28415,-0.0008403361344537785
2024-01-17,11820,11970,11480,11850,58572,-0.003364171572750263
2024-01-18,11740,12170,11740,12050,48643,0.016877637130801704
2024-01-19,12010,12200,11890,11950,19940,-0.008298755186721962
2024-01-22,11950,12050,11750,11840,25490,-0.009205020920502127
2024-01-23,11800,12010,11780,11880,14982,0.0033783783783782884
2024-01-24,11880,11900,11690,11690,17972,-0.015993265993266004
2024-01-25,11790,11790,11400,11690,38490,0.0
2024-01-26,11550,11750,11550,11730,11506,0.0034217279726260763
2024-01-29,11700,11720,11380,11530,28158,-0.01705029838022165
2024-01-30,11530,11660,11460,11590,21044,0.005203816131829964
2024-01-31,11590,11590,11390,11470,14545,-0.01035375323554788
2024-02-01,11470,11470,11050,11390,38897,-0.006974716652136004
2024-02-02,11280,11410,11280,11310,16369,-0.0070237050043898686
2024-02-05,11450,11450,11170,11170,15405,-0.012378426171529622
2024-02-06,11100,11240,11000,11130,33931,-0.0035810205908684
2024-02-07,11080,11210,10970,11060,53780,-0.0062893081761006275
2024-02-08,10960,11180,10960,11180,19250,0.010849909584086825
2024-02-13,11170,11460,11140,11340,24644,0.014311270125223707
2024-02-14,11300,11300,11160,11240,21003,-0.00881834215167554
2024-02-15,11240,11400,11230,11320,15792,0.007117437722419906
2024-02-16,11270,11390,11270,11370,13207,0.004416961130742081
2024-02-19,11370,11460,11240,11330,14760,-0.0035180299032542273
2024-02-20,11300,11370,11250,11330,21011,0.0
2024-02-21,11380,11750,11020,11670,39934,0.030008826125331067
2024-02-22,11640,11750,11400,11400,25713,-0.023136246786632397
2024-02-23,11410,11480,11350,11440,18457,0.0035087719298245723
2024-02-26,11350,11860,11330,11430,51726,-0.0008741258741258306
2024-02-27,11430,11440,11100,11110,36251,-0.027996500437445282
2024-02-28,11000,11380,11000,11280,21935,0.015301530153015275
2024-02-29,11280,11290,11180,11290,17990,0.0008865248226950229
2024-03-04,11210,11290,11050,11150,44543,-0.01240035429583708
2024-03-05,11000,11120,10800,10900,53258,-0.022421524663677084
2024-03-06,10900,11050,10800,11030,21475,0.01192660550458724
2024-03-07,11130,11130,10820,10900,22526,-0.011786038077969185
2024-03-08,10900,10990,10790,10890,15711,-0.0009174311926605228
2024-03-11,10820,10980,10780,10790,18847,-0.009182736455463747
2024-03-12,10780,10860,10670,10750,19724,-0.003707136237256714
2024-03-13,10690,10770,10630,10730,16764,-0.0018604651162790198
2024-03-14,10720,11060,10670,11020,21337,0.027027027027026973
2024-03-15,10990,11090,10860,10900,9533,-0.010889292196007205
2024-03-18,10900,11000,10790,10940,22348,0.003669724770642091
2024-03-19,10980,11090,10830,10940,23214,0.0
2024-03-20,10930,11000,10810,10940,10990,0.0
2024-03-21,11000,11200,10930,11010,23784,0.006398537477148025
2024-03-22,10980,11050,10910,11050,14077,0.0036330608537693543
2024-03-25,10960,11100,10910,10960,14574,-0.008144796380090469
2024-03-26,10950,11300,10900,11240,51309,0.025547445255474477
2024-03-27,11210,11280,11050,11100,25661,-0.01245551601423489
2024-03-28,11000,11090,10850,11000,34166,-0.009009009009009028
2024-03-29,11000,11030,10800,10900,12439,-0.009090909090909038
2024-04-01,10900,11080,10890,10960,29641,0.005504587155963359
2024-04-02,10880,10970,10800,10900,24803,-0.005474452554744547
2024-04-03,10900,11010,10760,10810,17606,-0.008256880733944927
2024-04-04,10790,10860,10590,10620,50845,-0.017576318223866738
2024-04-05,10700,10750,10000,10350,45451,-0.025423728813559365
2024-04-08,10220,10260,10110,10130,30805,-0.021256038647343045
2024-04-09,10050,10240,10050,10090,11844,-0.0039486673247778326
2024-04-11,10100,10170,9900,9950,80941,-0.013875123885034646
2024-04-12,10020,10020,9700,9940,39097,-0.0010050251256281673
2024-04-15,9900,9900,9630,9810,27801,-0.013078470824949728
2024-04-16,9660,9790,9550,9740,22485,-0.007135575942915362
2024-04-17,9640,9790,9640,9700,20687,-0.004106776180698102
2024-04-18,9560,9790,9560,9710,23496,0.0010309278350515427
2024-04-19,9800,9800,9510,9700,40831,-0.001029866117404743
2024-04-22,9660,9660,9100,9250,144465,-0.046391752577319534
2024-04-23,9240,9440,9230,9440,20548,0.020540540540540553
2024-04-24,9440,9600,9290,9360,45082,-0.008474576271186418
2024-04-25,9280,9310,9210,9290,21708,-0.007478632478632452
2024-04-26,9230,9350,9130,9350,20514,0.006458557588805203
2024-04-29,9350,9380,9150,9200,68970,-0.016042780748663055
2024-04-30,9270,9310,9150,9220,24645,0.0021739130434783593
2024-05-02,9220,9270,9100,9180,25647,-0.004338394793926281
2024-05-03,9220,9380,9180,9360,26364,0.019607843137254832
2024-05-07,9460,9770,9380,9490,31090,0.01388888888888884
2024-05-08,9550,9550,9390,9430,14003,-0.006322444678609096
2024-05-09,9430,9500,9380,9450,10292,0.0021208907741250282
2024-05-10,9450,9470,9360,9410,12948,-0.004232804232804255
2024-05-13,9400,9400,9050,9130,42625,-0.029755579171094615
2024-05-14,9090,9410,9070,9230,17405,0.010952902519167473
2024-05-16,9230,9340,9160,9170,12420,-0.00650054171180936
2024-05-17,9150,9190,9010,9160,36132,-0.0010905125408942062
2024-05-20,9050,9190,8840,8910,61535,-0.02729257641921401
2024-05-21,8900,9010,8880,8940,24245,0.0033670033670034627
2024-05-22,8940,9020,8860,8940,21520,0.0
2024-05-23,8930,8930,8700,8760,67488,-0.020134228187919434
2024-05-24,8650,8760,8310,8400,86066,-0.04109589041095896
2024-05-27,8400,8480,8080,8200,74056,-0.023809523809523836
2024-05-28,8300,8300,7960,7990,88042,-0.025609756097561
2024-05-29,8050,8050,7690,7840,77023,-0.018773466833541974
2024-05-30,7840,8110,7770,7950,36098,0.014030612244897878
2024-05-31,7900,8220,7900,8100,31533,0.018867924528301883
2024-06-03,8010,8290,8010,8270,20351,0.020987654320987703
2024-06-04,8300,8330,8160,8240,13340,-0.0036275695284159193
2024-06-05,8220,8320,8060,8190,14216,-0.0060679611650485965
2024-06-07,8150,8180,8090,8180,7153,-0.0012210012210012167
2024-06-10,8180,8180,8010,8070,25009,-0.01344743276283622
2024-06-11,8030,8420,8010,8100,46183,0.0037174721189590088
2024-06-12,8060,8110,7930,8020,20276,-0.00987654320987652
2024-06-13,8010,8060,7960,8060,16130,0.004987531172069737
2024-06-14,8120,8120,7910,8020,17526,-0.00496277915632759
2024-06-17,8020,8070,7850,7950,15629,-0.00872817955112215
2024-06-18,7890,8000,7720,8000,27302,0.0062893081761006275
2024-06-19,7890,7960,7760,7960,34164,-0.0050000000000000044
2024-06-20,7950,8350,7890,8340,58101,0.047738693467336724
2024-06-21,8270,8410,8100,8150,31344,-0.0227817745803357
2024-06-24,8190,8190,7950,8100,20777,-0.006134969325153339
2024-06-25,8090,8130,7980,8080,20569,-0.0024691358024691024
2024-06-26,7990,8080,7950,8010,11208,-0.008663366336633671
2024-06-27,7960,8100,7900,8100,8944,0.011235955056179803
2024-06-28,8000,8020,7890,7960,26191,-0.01728395061728394
2024-07-01,7960,8000,7860,7990,19894,0.0037688442211054607
2024-07-02,7890,7990,7740,7890,22273,-0.01251564455569465
2024-07-03,7880,7880,7660,7750,37163,-0.017743979721166037
2024-07-04,7790,7800,7640,7650,18743,-0.012903225806451646
2024-07-05,7650,7720,7600,7670,14323,0.002614379084967311
2024-07-08,7520,7770,7520,7770,9394,0.01303780964797907
2024-07-09,7770,7770,7650,7740,13052,-0.0038610038610038533
2024-07-10,7740,8360,7730,8220,76349,0.0620155038759691
2024-07-11,8200,8260,8130,8230,20839,0.0012165450121655041
2024-07-12,8150,8230,8050,8050,9926,-0.021871202916160404
2024-07-15,8080,8180,8000,8060,7871,0.001242236024844745
2024-07-16,8000,8090,7970,8000,7346,-0.007444168734491274
2024-07-17,7980,8030,7870,7950,6736,-0.006249999999999978
2024-07-18,7940,7950,7610,7950,11898,0.0
2024-07-19,8000,8000,7710,7940,7979,-0.0012578616352201255
2024-07-22,7940,7940,7670,7800,17844,-0.017632241813602012
2024-07-23,7760,7820,7680,7690,12198,-0.014102564102564052
2024-07-24,7760,7760,7470,7600,30172,-0.011703511053316018
2024-07-25,7420,7520,7290,7400,32035,-0.02631578947368418
2024-07-26,7400,7480,7330,7370,9036,-0.004054054054054013
2024-07-29,7370,7580,7370,7580,5291,0.028493894165535938
2024-07-30,7350,7580,7350,7580,10823,0.0
2024-07-31,7580,7620,7420,7620,7646,0.005277044854881341
2024-08-01,7570,7580,7490,7510,6545,-0.014435695538057791
2024-08-02,7470,7480,7090,7300,26780,-0.0279627163781625
2024-08-05,7280,7280,6060,6350,68342,-0.13013698630136983
2024-08-06,6350,7270,6350,6570,125614,0.03464566929133861
2024-08-07,6410,6660,6410,6620,30015,0.007610350076103556
2024-08-08,6540,6610,6440,6550,8684,-0.010574018126888185
2024-08-09,6560,6920,6560,6910,17209,0.05496183206106875
2024-08-12,6930,7020,6930,6980,9418,0.01013024602026058
2024-08-13,6980,7100,6720,6890,9756,-0.012893982808022897
2024-08-14,6880,6980,6880,6940,7301,0.007256894049346929
2024-08-16,7050,7050,6800,6800,10992,-0.02017291066282423
2024-08-19,6750,6760,6650,6720,14246,-0.0117647058823529
2024-08-20,6720,6800,6710,6760,9189,0.005952380952380931
2024-08-21,6720,6960,6720,6960,10423,0.029585798816567976
2024-08-22,6940,6990,6900,6950,4292,-0.001436781609195359
2024-08-23,6940,6940,6720,6870,10847,-0.01151079136690647
2024-08-26,6870,6980,6760,6940,18567,0.010189228529839944
2024-08-27,6860,7040,6860,7020,5403,0.011527377521613813
2024-08-28,6970,7040,6960,7000,5281,-0.002849002849002802
