Date,Open,High,Low,Close,Volume,Change
2022-01-03,4880,5100,4695,4870,9628432,0.016701461377870652
2022-01-04,4905,5100,4790,5090,2795856,0.045174537987679564
2022-01-05,4930,5050,4865,4965,1924170,-0.024557956777996104
2022-01-06,5190,5300,5040,5100,2969558,0.027190332326284095
2022-01-07,5030,5690,4690,4960,8508239,-0.027450980392156876
2022-01-10,4905,4915,4420,4480,4120497,-0.09677419354838712
2022-01-11,4480,5150,4250,4855,18606983,0.0837053571428572
2022-01-12,4510,5050,4500,4740,6237782,-0.023686920700308978
2022-01-13,4805,4925,4550,4600,2543496,-0.029535864978902926
2022-01-14,4535,4640,4390,4430,2243782,-0.036956521739130443
2022-01-17,4425,4465,4245,4290,1639121,-0.03160270880361171
2022-01-18,4280,4450,4130,4260,2631782,-0.006993006993006978
2022-01-19,4155,4200,3945,3960,1814442,-0.07042253521126762
2022-01-20,3960,4140,3840,4000,1359069,0.010101010101010166
2022-01-21,3945,4060,3785,3850,1314946,-0.03749999999999998
2022-01-24,3845,3955,3700,3805,1358082,-0.011688311688311637
2022-01-25,3835,3910,3500,3545,1291757,-0.06833114323258871
2022-01-26,3545,3730,3520,3680,909615,0.038081805359661436
2022-01-27,3675,3680,3315,3350,1444402,-0.08967391304347827
2022-01-28,3355,3465,3255,3455,885980,0.03134328358208949
2022-02-03,3460,3665,3450,3620,758103,0.04775687409551366
2022-02-04,3620,3635,3400,3600,535912,-0.0055248618784530246
2022-02-07,3625,3690,3450,3530,939283,-0.019444444444444486
2022-02-08,3500,3580,3405,3435,624443,-0.026912181303116123
2022-02-09,3440,3535,3420,3500,371790,0.018922852983988436
2022-02-10,3490,3520,3385,3395,452214,-0.030000000000000027
2022-02-11,3385,3385,3270,3320,402249,-0.022091310751104598
2022-02-14,3255,3565,3255,3400,1102696,0.024096385542168752
2022-02-15,3400,3415,3250,3355,665307,-0.013235294117647012
2022-02-16,3365,3455,3335,3390,392637,0.010432190760059523
2022-02-17,3390,3485,3260,3460,949939,0.020648967551622377
2022-02-18,3600,4275,3505,3950,12659094,0.14161849710982666
2022-02-21,4185,4540,4095,4300,11123582,0.08860759493670889
2022-02-22,4255,4430,3945,4005,3760877,-0.06860465116279069
2022-02-23,4000,4165,3865,4010,1997536,0.0012484394506866447
2022-02-24,3935,3955,3660,3700,1747329,-0.07730673316708225
2022-02-25,3775,3850,3650,3745,1223151,0.012162162162162149
2022-02-28,3665,4040,3665,3895,1591953,0.040053404539385884
2022-03-02,3920,4165,3920,4100,1846546,0.05263157894736836
2022-03-03,4105,4185,4050,4125,958010,0.0060975609756097615
2022-03-04,4145,4325,4000,4285,2464375,0.038787878787878816
2022-03-07,4400,4460,4045,4200,1656264,-0.019836639439906656
2022-03-08,4220,4310,4070,4160,784720,-0.00952380952380949
2022-03-10,4180,4210,4080,4100,485523,-0.014423076923076872
2022-03-11,4065,4260,4040,4255,893583,0.03780487804878052
2022-03-14,4195,4225,4045,4120,568308,-0.031727379553466495
2022-03-15,4120,4240,4080,4120,566450,0.0
2022-03-16,4160,4175,4075,4130,321262,0.0024271844660195274
2022-03-17,4140,4335,4080,4270,967253,0.03389830508474567
2022-03-18,4280,4295,4090,4140,1042474,-0.030444964871194413
2022-03-21,4135,4175,3950,3970,1020995,-0.04106280193236711
2022-03-22,4015,4015,3800,3945,452697,-0.006297229219143552
2022-03-23,4010,4135,3935,4000,1281011,0.013941698352344822
2022-03-24,3980,3980,3830,3940,694560,-0.015000000000000013
2022-03-25,3920,4100,3865,4095,861627,0.03934010152284273
2022-03-28,4100,4270,4050,4115,968093,0.004884004884004867
2022-03-29,4115,4145,4035,4060,418252,-0.013365735115431376
2022-03-30,4060,4080,3925,3945,417758,-0.02832512315270941
2022-03-31,3940,4150,3900,4075,894305,0.032953105196451116
2022-04-01,4075,4720,3995,4605,11171382,0.13006134969325145
2022-04-04,4800,5980,4590,5980,32579069,0.2985884907709011
2022-04-05,5890,5920,4775,5210,16721826,-0.1287625418060201
2022-04-06,5130,5640,4970,5120,10779123,-0.017274472168905985
2022-04-07,4780,4875,4155,4250,6620917,-0.169921875
2022-04-08,4075,4135,3890,3960,3342983,-0.06823529411764706
2022-04-11,3900,3940,3750,3790,1513652,-0.04292929292929293
2022-04-12,3835,4400,3830,4055,8623024,0.06992084432717682
2022-04-13,4040,4235,3935,4105,1605916,0.012330456226880449
2022-04-14,4105,4125,3935,4000,819352,-0.025578562728379994
2022-04-15,4000,4080,3945,4005,681522,0.0012499999999999734
2022-04-18,4085,4360,4080,4210,2417052,0.05118601747815221
2022-04-19,4215,4250,4065,4195,967979,-0.0035629453681710332
2022-04-20,4255,4255,4035,4065,947647,-0.030989272943980906
2022-04-21,4045,4070,3940,3940,776022,-0.03075030750307506
2022-04-22,3875,4040,3870,3970,584272,0.0076142131979695105
2022-04-25,4000,4060,3900,4000,638106,0.007556675062972307
2022-04-26,4005,4005,3925,3930,416565,-0.01749999999999996
2022-04-27,3815,4100,3785,3945,1003954,0.003816793893129722
2022-04-28,3920,4005,3905,3955,390415,0.0025348542458809575
2022-04-29,3855,4025,3835,3885,573694,-0.017699115044247815
2022-05-02,3860,3950,3835,3905,293243,0.005148005148005064
2022-05-03,3900,3950,3850,3910,345682,0.001280409731113874
2022-05-04,3875,4215,3875,4065,1934763,0.03964194373401542
2022-05-06,4040,4225,4040,4130,1467874,0.01599015990159902
2022-05-09,4215,4660,4085,4350,10829309,0.0532687651331718
2022-05-10,4155,4280,3950,4035,1880238,-0.07241379310344831
2022-05-11,4085,4110,3895,3905,1113372,-0.03221809169764556
2022-05-12,3855,3965,3810,3820,617157,-0.0217669654289373
2022-05-13,3820,3890,3735,3745,741387,-0.01963350785340312
2022-05-16,3780,3780,3525,3590,1061262,-0.041388518024032095
2022-05-17,3590,3700,3500,3700,572724,0.03064066852367686
2022-05-18,3700,3700,3620,3660,291162,-0.010810810810810811
2022-05-19,3500,3625,3495,3575,440528,-0.023224043715846965
2022-05-20,3575,3730,3575,3640,373566,0.018181818181818077
2022-05-23,3660,3750,3565,3595,444651,-0.012362637362637319
2022-05-24,3595,3680,3560,3560,275645,-0.009735744089012566
2022-05-25,3560,3825,3520,3620,1537711,0.016853932584269593
2022-05-26,3630,3675,3585,3590,313931,-0.008287292817679592
2022-05-27,3590,3640,3575,3590,314922,0.0
2022-05-30,3640,3665,3575,3585,292204,-0.0013927576601671099
2022-05-31,3600,3625,3565,3585,240488,0.0
2022-06-02,3595,3640,3585,3620,253892,0.009762900976290068
2022-06-03,3645,3645,3565,3595,321927,-0.006906077348066253
2022-06-07,3565,3605,3535,3545,293617,-0.013908205841446475
2022-06-08,3470,3600,3470,3470,319885,-0.021156558533145242
2022-06-09,3505,3505,3375,3450,428342,-0.0057636887608069065
2022-06-10,3430,3455,3345,3415,245128,-0.010144927536231862
2022-06-13,3340,3385,3220,3310,534928,-0.030746705710102518
2022-06-14,3160,3450,3130,3355,422709,0.013595166163141936
2022-06-15,3390,3400,3275,3280,144749,-0.02235469448584204
2022-06-16,3290,3420,3270,3270,206053,-0.0030487804878048808
2022-06-17,3190,3255,3130,3205,200402,-0.019877675840978548
2022-06-20,3190,3235,2960,3100,473564,-0.032761310452418146
2022-06-21,2985,3130,2985,3065,142636,-0.011290322580645107
2022-06-22,3100,3105,2900,2900,294035,-0.0538336052202284
2022-06-23,2845,2955,2700,2700,411820,-0.06896551724137934
2022-06-24,2780,3055,2705,3035,541525,0.124074074074074
2022-06-27,3045,3330,2865,3080,992075,0.014827018121911006
2022-06-28,3060,3245,3030,3215,326632,0.043831168831168776
2022-06-29,3210,3640,3205,3275,2818663,0.018662519440124425
2022-06-30,3275,3295,3050,3085,369024,-0.05801526717557248
2022-07-01,3020,3200,3015,3045,315849,-0.012965964343598091
2022-07-04,3045,3130,2900,2910,230894,-0.044334975369458074
2022-07-05,2865,3045,2865,3020,172747,0.037800687285223455
2022-07-06,3000,3055,2930,3005,186844,-0.004966887417218513
2022-07-07,3005,3040,2995,3010,157171,0.0016638935108153063
2022-07-08,3005,3115,3005,3075,180148,0.021594684385382035
2022-07-11,3075,3120,3030,3040,181966,-0.011382113821138184
2022-07-12,3040,3070,2915,2950,181586,-0.02960526315789469
2022-07-13,2970,2980,2875,2925,128410,-0.008474576271186418
2022-07-14,2925,2985,2915,2930,110243,0.0017094017094017033
2022-07-15,2930,3080,2900,2970,189032,0.013651877133105783
2022-07-18,2975,3060,2950,3035,147380,0.02188552188552184
2022-07-19,3005,3165,2990,3145,305210,0.036243822075782584
2022-07-20,3190,3200,3090,3125,200144,-0.006359300476947549
2022-07-21,3125,3225,3080,3085,387078,-0.012800000000000034
2022-07-22,3090,3150,3085,3090,210071,0.0016207455429497752
2022-07-25,3090,3175,3070,3140,221446,0.016181229773462702
2022-07-26,3135,3190,3110,3140,214353,0.0
2022-07-27,3140,3145,3090,3110,146748,-0.009554140127388533
2022-07-28,3145,3200,3030,3140,314550,0.009646302250803762
2022-07-29,3140,3170,3100,3145,243915,0.0015923566878981443
2022-08-01,3170,3225,3140,3180,281962,0.0111287758346581
2022-08-02,3315,3315,3070,3090,645834,-0.028301886792452824
2022-08-03,3110,3165,3075,3125,231286,0.01132686084142387
2022-08-04,3145,3220,3125,3180,379574,0.01760000000000006
2022-08-05,3225,3515,3180,3260,6910574,0.02515723270440251
2022-08-08,3240,3250,3135,3220,670227,-0.012269938650306789
2022-08-09,3205,3225,3145,3170,337313,-0.01552795031055898
2022-08-10,3160,3190,3130,3135,311228,-0.01104100946372244
2022-08-11,3140,3185,3120,3140,293496,0.0015948963317384823
2022-08-12,3135,3135,3030,3030,677727,-0.035031847133757954
2022-08-16,3050,3050,2945,2975,647042,-0.018151815181518205
2022-08-17,2975,2985,2945,2975,190163,0.0
2022-08-18,2940,2990,2930,2945,131767,-0.010084033613445342
2022-08-19,2935,2995,2930,2960,118501,0.005093378607809784
2022-08-22,2930,2940,2840,2840,225489,-0.04054054054054057
2022-08-23,2845,2850,2770,2820,251622,-0.007042253521126751
2022-08-24,2790,2865,2790,2830,113574,0.0035460992907800915
2022-08-25,2860,2885,2830,2840,105198,0.0035335689045936647
2022-08-26,2850,2900,2850,2860,143166,0.007042253521126751
2022-08-29,2785,3565,2740,3150,9136627,0.10139860139860146
2022-08-30,3170,3530,3070,3185,5749135,0.011111111111111072
2022-08-31,3230,3325,3180,3310,1581334,0.03924646781789631
2022-09-01,3400,3430,3120,3140,1274377,-0.051359516616314216
2022-09-02,3140,3260,3075,3105,409862,-0.011146496815286677
2022-09-05,3115,3360,3115,3310,1760575,0.06602254428341392
2022-09-06,3295,3620,3215,3390,6023774,0.024169184290030232
2022-09-07,3295,3360,3170,3180,990991,-0.06194690265486724
2022-09-08,3180,3240,3125,3170,331717,-0.0031446540880503138
2022-09-13,3175,3350,3175,3310,728006,0.04416403785488954
2022-09-14,3195,3270,3155,3230,375645,-0.024169184290030232
2022-09-15,3240,3560,3180,3430,3098000,0.0619195046439629
2022-09-16,3385,3505,3325,3400,1372086,-0.008746355685131157
2022-09-19,3435,3445,3215,3235,846585,-0.04852941176470593
2022-09-20,3245,3565,3245,3470,3548244,0.07264296754250377
2022-09-21,3690,4395,3575,4095,22822415,0.18011527377521608
2022-09-22,4000,4185,3775,3890,4993925,-0.050061050061050105
2022-09-23,3905,3910,3520,3570,5446879,-0.0822622107969152
2022-09-26,3510,4480,3290,3940,20094101,0.10364145658263313
2022-09-27,4095,4185,3630,3760,6251563,-0.045685279187817285
2022-09-28,3765,3805,3455,3505,2835334,-0.06781914893617025
2022-09-29,3910,4070,3665,3690,11381377,0.05278174037089878
2022-09-30,3640,3770,3500,3725,2842026,0.009485094850948617
2022-10-04,3790,3875,3600,3850,2581160,0.033557046979865834
2022-10-05,3885,3990,3700,3910,4223430,0.01558441558441559
2022-10-06,3885,3950,3840,3930,1643862,0.005115089514066584
2022-10-07,3750,3910,3725,3745,1467778,-0.04707379134860046
2022-10-11,3640,4045,3470,3785,3614371,0.010680907877169465
2022-10-12,3755,4035,3755,3935,6343561,0.039630118890356725
2022-10-13,3980,4100,3795,3865,4723782,-0.017789072426937724
2022-10-14,3955,4020,3835,3870,1862856,0.001293661060802087
2022-10-17,3830,4065,3790,4050,2666570,0.04651162790697683
2022-10-18,4085,4115,3950,3985,1912400,-0.016049382716049387
2022-10-19,3985,4015,3835,3870,1430633,-0.02885821831869506
2022-10-20,3870,5030,3760,4920,36987435,0.2713178294573644
2022-10-21,4920,5490,4830,5030,26876631,0.022357723577235866
2022-10-24,5110,5570,4975,5370,14592691,0.06759443339960236
2022-10-25,5310,5420,4770,5020,16239979,-0.06517690875232773
2022-10-26,4940,5060,4530,4650,6115670,-0.07370517928286857
2022-10-27,4650,4750,4580,4690,4280648,0.008602150537634357
2022-10-28,4400,4635,4350,4505,3734524,-0.039445628997867854
2022-10-31,4500,5320,4500,4980,18141481,0.10543840177580477
2022-11-01,4985,5020,4800,4855,4536134,-0.025100401606425682
2022-11-02,4885,5010,4645,4715,4002194,-0.028836251287332693
2022-11-03,4595,5210,4530,5070,9892404,0.07529162248144217
2022-11-04,5060,5110,4945,5020,3152122,-0.009861932938856066
2022-11-07,5000,5210,4850,4915,4963814,-0.020916334661354563
2022-11-08,4955,5030,4770,4860,2675889,-0.011190233977619535
2022-11-09,4980,5320,4910,5110,10420416,0.05144032921810693
2022-11-10,5110,5750,4960,5300,15629847,0.03718199608610573
2022-11-11,5390,5390,5130,5260,4261513,-0.007547169811320753
2022-11-14,5260,6240,5220,6000,21679099,0.14068441064638781
2022-11-15,6110,6890,5970,6390,27157707,0.06499999999999995
2022-11-16,6600,7250,5330,5600,37819062,-0.12363067292644758
2022-11-17,5490,6130,5210,5840,18807696,0.04285714285714293
2022-11-18,5980,6090,5660,5900,5169548,0.010273972602739656
2022-11-21,6020,6250,5920,6220,10521344,0.05423728813559325
2022-11-22,6240,6390,5850,5890,7603723,-0.05305466237942125
2022-11-23,5980,6250,5890,6130,5565385,0.04074702886247872
2022-11-24,6220,6300,6060,6110,4510458,-0.0032626427406199365
2022-11-25,6110,6150,5710,6070,3380464,-0.006546644844517169
2022-11-28,6150,6750,6070,6500,17415027,0.07084019769357486
2022-11-29,7020,7110,6500,6520,11277352,0.003076923076922977
2022-11-30,6460,7680,6360,7430,32648244,0.13957055214723924
2022-12-01,7400,7570,7200,7250,10817358,-0.024226110363391617
2022-12-02,7320,7330,6850,7060,7659764,-0.026206896551724146
2022-12-05,7040,7180,6680,7170,5708762,0.015580736543909346
2022-12-06,6850,7160,6810,6960,3316568,-0.029288702928870314
2022-12-07,6850,6910,6540,6560,3734976,-0.05747126436781613
2022-12-08,6580,6950,6420,6700,3698599,0.021341463414634054
2022-12-09,6750,6830,6390,6480,2879431,-0.032835820895522394
2022-12-12,6460,7100,5560,6720,13022232,0.03703703703703698
2022-12-13,6720,6890,6470,6500,3552142,-0.03273809523809523
2022-12-14,6360,6600,6140,6150,4018309,-0.05384615384615388
2022-12-15,5910,6080,5720,5740,4132610,-0.06666666666666665
2022-12-16,5590,5950,5530,5710,3725662,-0.005226480836236891
2022-12-19,5580,5740,5270,5410,5558526,-0.0525394045534151
2022-12-20,5600,5870,5320,5350,5033799,-0.011090573012939031
2022-12-21,5410,5450,4930,5000,6620758,-0.06542056074766356
2022-12-22,5070,5080,4765,4880,4420050,-0.02400000000000002
2022-12-23,4830,4995,4610,4640,4450513,-0.049180327868852514
2022-12-26,4630,5370,4540,4895,14124337,0.0549568965517242
2022-12-27,4830,4930,4710,4720,2953315,-0.035750766087844776
2022-12-28,4600,4975,4600,4630,3748043,-0.01906779661016944
2022-12-29,4600,4950,4600,4725,4124421,0.02051835853131756
2023-01-02,4730,5210,4730,5130,7493980,0.08571428571428563
2023-01-03,5130,5200,4920,5100,3331651,-0.005847953216374324
2023-01-04,4985,5070,4885,5050,1845011,-0.009803921568627416
2023-01-05,5080,5090,4860,4860,1820168,-0.03762376237623766
2023-01-06,4800,5040,4705,4895,2783556,0.007201646090535085
2023-01-09,5100,5450,5050,5310,9881656,0.08478038815117461
2023-01-10,5380,5400,5010,5050,4174904,-0.048964218455743835
2023-01-11,5090,5140,4935,5000,2074331,-0.00990099009900991
2023-01-12,5030,5110,4970,4995,1812943,-0.0010000000000000009
2023-01-13,4960,5040,4855,5010,2324963,0.0030030030030030463
2023-01-16,5050,5250,5030,5040,2196222,0.0059880239520957446
2023-01-17,5060,5060,4900,4900,1428114,-0.02777777777777779
2023-01-18,4900,4910,4735,4755,1594805,-0.0295918367346939
2023-01-19,4670,4820,4650,4695,1147795,-0.012618296529968487
2023-01-20,4695,4750,4615,4710,773558,0.0031948881789136685
2023-01-25,4795,4820,4650,4695,1171870,-0.0031847133757961776
2023-01-26,4670,4885,4655,4850,1922940,0.03301384451544198
2023-01-27,4900,4920,4785,4810,1161578,-0.008247422680412342
2023-01-30,4880,5190,4855,5100,5618059,0.06029106029106024
2023-01-31,5170,5190,4965,4970,2541971,-0.025490196078431393
2023-02-01,4960,5080,4905,4915,1647805,-0.01106639839034207
2023-02-02,4945,5110,4765,4940,3962616,0.0050864699898269805
2023-02-03,4825,4870,4785,4825,1495145,-0.023279352226720618
2023-02-06,4825,4875,4735,4800,1277859,-0.005181347150259086
2023-02-07,4760,4810,4675,4700,1944954,-0.02083333333333337
2023-02-08,4700,4710,4600,4605,1739184,-0.02021276595744681
2023-02-09,4600,4605,4220,4355,5352242,-0.05428881650380024
2023-02-10,4300,4450,4225,4380,2762282,0.00574052812858783
2023-02-13,4390,4550,4375,4480,2214018,0.022831050228310446
2023-02-14,4550,4645,4370,4420,2621052,-0.013392857142857095
2023-02-15,4465,4530,4300,4340,1759513,-0.018099547511312264
2023-02-16,4325,4445,4275,4390,1666728,0.011520737327188835
2023-02-17,4400,4420,4255,4290,1391813,-0.02277904328018221
2023-02-20,4265,4345,4220,4330,1361813,0.00932400932400923
2023-02-21,4350,4435,4325,4340,969282,0.002309468822170979
2023-02-22,4305,4500,4265,4345,2271730,0.0011520737327188613
2023-02-23,4400,4400,4120,4160,2680019,-0.04257767548906788
2023-02-24,4050,4230,4030,4210,2172929,0.012019230769230838
2023-02-27,4215,4220,4060,4095,1285260,-0.027315914489311144
2023-02-28,4065,4165,4030,4030,1562262,-0.015873015873015928
2023-03-02,4000,4175,3930,4050,2686020,0.00496277915632759
2023-03-03,4130,4145,3965,3965,1588351,-0.020987654320987703
2023-03-06,4110,4720,4105,4430,14784226,0.1172761664564943
2023-03-07,4515,5250,4500,5030,24861817,0.13544018058690743
2023-03-08,4820,4960,4705,4770,5314744,-0.05168986083499005
2023-03-09,4800,4855,4360,4370,3936885,-0.0838574423480084
2023-03-10,4305,4650,4230,4620,3172697,0.05720823798626995
2023-03-13,4655,5440,4655,5360,30403909,0.1601731601731602
2023-03-14,6350,6430,5500,5800,25791781,0.08208955223880587
2023-03-15,6060,6130,5650,5790,12017027,-0.0017241379310344307
2023-03-16,5680,5770,5390,5550,7180382,-0.041450777202072575
2023-03-17,5710,5850,5320,5620,8349434,0.012612612612612706
2023-03-20,5870,6430,5720,6180,25822774,0.0996441281138789
2023-03-21,6650,6780,6090,6090,15576530,-0.014563106796116498
2023-03-22,6360,7180,6250,6740,31736424,0.10673234811165844
2023-03-23,6720,7130,6420,6650,19916719,-0.013353115727002929
2023-03-24,6990,7000,6550,6730,7180753,0.012030075187969835
2023-03-27,6940,8740,6800,8740,40435273,0.29866270430906394
2023-03-28,10000,10490,8750,9520,41841081,0.08924485125858128
2023-03-29,9490,12370,9340,12370,47556920,0.2993697478991597
2023-03-30,12370,12980,11680,12540,24893301,0.013742926434923142
2023-03-31,11790,12300,10760,11300,14970533,-0.09888357256778313
2023-04-03,11050,12150,10300,11310,15389343,0.0008849557522123686
2023-04-04,11050,11340,10570,10700,6530873,-0.05393457117595046
2023-04-05,10200,11180,9910,10690,11925095,-0.0009345794392523477
2023-04-06,10350,10630,10040,10150,4867820,-0.05051449953227316
2023-04-07,10440,11100,10250,10700,8714079,0.054187192118226646
2023-04-10,11010,12110,10800,11590,15411591,0.08317757009345805
2023-04-11,12280,12280,11200,11890,8359797,0.025884383088869756
2023-04-12,11600,11900,11080,11750,5129982,-0.011774600504625754
2023-04-13,11370,12840,10600,12710,9424932,0.08170212765957441
2023-04-14,12870,14750,12870,13990,17145021,0.10070810385523221
2023-04-17,15050,15880,14100,15790,11375967,0.12866333095067906
2023-04-18,16250,16300,14110,14120,12440068,-0.10576314122862573
2023-04-19,13470,15200,12710,14570,18719130,0.03186968838526916
2023-04-20,14570,14830,13190,13190,6083959,-0.09471516815374059
2023-04-21,13560,13860,12350,13640,7419802,0.03411675511751322
2023-04-24,14100,14800,13230,14500,11074670,0.06304985337243396
2023-04-25,14100,15940,13510,14430,13453173,-0.004827586206896606
2023-04-26,14000,14330,13200,13220,4232031,-0.08385308385308388
2023-04-27,12350,13410,11360,12880,8130228,-0.02571860816944027
2023-04-28,13030,13200,11820,12020,4650059,-0.06677018633540377
2023-05-02,12000,12950,11720,12180,4273452,0.01331114808652245
2023-05-03,12000,12440,11640,11640,2955803,-0.044334975369458074
2023-05-04,11390,11500,10990,11160,3475591,-0.04123711340206182
2023-05-08,11350,11970,11090,11140,3176977,-0.0017921146953404632
2023-05-09,11170,11190,10430,10810,3202798,-0.029622980251346465
2023-05-10,10720,10950,10230,10420,2559041,-0.03607770582793712
2023-05-11,10500,10650,10090,10200,2290399,-0.021113243761996192
2023-05-12,9990,10480,9990,10220,2503144,0.0019607843137254832
2023-05-15,10330,11790,9660,10570,9543163,0.03424657534246567
2023-05-16,10460,10630,9850,9960,3126624,-0.057710501419110716
2023-05-17,9670,9840,9170,9170,4445575,-0.07931726907630521
2023-05-18,9370,9900,9330,9580,4241271,0.04471101417666312
2023-05-19,9730,11020,9550,10640,10949961,0.11064718162839249
2023-05-22,10920,11040,10400,10490,3311738,-0.014097744360902276
2023-05-23,10500,10910,10230,10410,2801531,-0.007626310772163913
2023-05-24,10390,10390,10050,10110,1817153,-0.028818443804034533
2023-05-25,10020,11500,9820,11180,8745863,0.10583580613254195
2023-05-26,10820,11240,10580,10580,2812322,-0.05366726296958857
2023-05-30,10860,11140,10310,11120,2980925,0.051039697542533125
2023-05-31,10960,11940,10790,11940,4814846,0.07374100719424459
2023-06-01,11940,13000,11700,12630,6756449,0.057788944723618174
2023-06-02,12700,12900,12280,12640,3142333,0.0007917656373712667
2023-06-05,12720,13310,12610,12830,3276484,0.015031645569620222
2023-06-07,12940,12990,12250,12400,2652132,-0.03351519875292286
2023-06-08,12240,12640,11920,12350,3098432,-0.0040322580645161255
2023-06-09,12930,13250,12400,12490,4308086,0.011336032388663986
2023-06-12,12600,12650,12200,12320,1557390,-0.013610888710968827
2023-06-13,12300,12310,11720,11750,2731551,-0.04626623376623373
2023-06-14,9980,11350,9970,10670,7722456,-0.09191489361702132
2023-06-15,10710,11070,10440,10800,2415163,0.012183692596063667
2023-06-16,10900,11100,10460,10970,2195424,0.015740740740740833
2023-06-19,11010,11700,10770,10970,5212370,0.0
2023-06-20,10850,10850,10260,10400,2311174,-0.051959890610756565
2023-06-21,10390,10980,10050,10230,4492413,-0.0163461538461539
2023-06-22,10420,10420,10060,10120,1502812,-0.010752688172043001
2023-06-23,10120,10330,9960,10080,1596692,-0.0039525691699604515
2023-06-26,9870,10090,9690,9790,1829755,-0.02876984126984128
2023-06-27,9830,9850,9520,9590,1733225,-0.020429009193054126
2023-06-28,9590,9590,9210,9240,1941331,-0.03649635036496346
2023-06-29,9160,9340,8880,8970,2371070,-0.02922077922077926
2023-06-30,9200,9350,8680,9050,3086940,0.008918617614269708
2023-07-03,9100,9730,8960,9350,2530268,0.03314917127071815
2023-07-04,9370,9400,9000,9110,1318118,-0.025668449197860932
2023-07-05,9060,9390,8950,9250,1689155,0.015367727771679496
2023-07-06,9170,9180,8810,8880,1457787,-0.040000000000000036
2023-07-07,8710,9500,8650,9290,2378489,0.0461711711711712
2023-07-10,9300,9730,9200,9470,2615051,0.019375672766415608
2023-07-11,9460,9640,9320,9550,1376325,0.008447729672650395
2023-07-12,9600,9600,9100,9140,1629208,-0.04293193717277488
2023-07-13,9070,9230,8960,9010,1183410,-0.01422319474835887
2023-07-14,9050,9170,8810,9080,1299610,0.007769145394006749
2023-07-17,9080,9280,8830,9180,1513158,0.011013215859030812
2023-07-18,9150,9260,8970,8980,1275338,-0.02178649237472763
2023-07-19,8720,9540,8700,9020,3719636,0.00445434298440972
2023-07-20,9080,9150,8860,8870,1403467,-0.016629711751662946
2023-07-21,8700,8700,7410,7700,5475146,-0.13190529875986468
2023-07-24,7700,8150,7550,8020,3610780,0.04155844155844157
2023-07-25,8010,8010,7600,7780,2003584,-0.029925187032418976
2023-07-26,7750,7750,6900,7120,5167024,-0.08483290488431872
2023-07-27,7120,7410,6930,6950,2062525,-0.023876404494381998
2023-07-28,6950,7880,6900,7480,3407108,0.07625899280575532
2023-07-31,7490,7530,7230,7480,1348960,0.0
2023-08-01,7400,7480,7200,7320,1313011,-0.021390374331550777
2023-08-02,7310,7310,6920,7100,1313409,-0.030054644808743203
2023-08-03,7000,7260,6810,7100,1313335,0.0
2023-08-04,7100,7160,6910,7030,784791,-0.009859154929577452
2023-08-07,7030,7040,6700,6790,1282401,-0.03413940256045522
2023-08-08,6830,7200,6770,6820,1359310,0.004418262150220897
2023-08-09,6950,7160,6910,6990,1195337,0.024926686217008776
2023-08-10,6950,6950,6620,6660,1258551,-0.047210300429184504
2023-08-11,6660,6720,6490,6570,942043,-0.013513513513513487
2023-08-14,6490,6520,6340,6440,905912,-0.019786910197869156
2023-08-16,6410,6410,6130,6160,1336675,-0.04347826086956519
2023-08-17,6150,7740,6050,6930,9656326,0.125
2023-08-18,6990,6990,6140,6160,2960668,-0.11111111111111116
2023-08-21,6000,6150,5890,6020,1510444,-0.022727272727272707
2023-08-22,6020,6950,6020,6620,4674056,0.09966777408637872
2023-08-23,6570,6570,6250,6330,1412155,-0.04380664652567978
2023-08-24,6260,6470,6240,6320,866949,-0.0015797788309637184
2023-08-25,6290,6910,6120,6800,2864490,0.07594936708860756
2023-08-28,7100,7930,7020,7450,7271722,0.09558823529411775
2023-08-29,7610,7610,7100,7180,2179354,-0.03624161073825505
2023-08-30,7240,7730,7100,7640,2425335,0.06406685236768794
2023-08-31,7870,8270,7600,7990,4836446,0.04581151832460728
2023-09-01,8040,8380,7630,7690,2642030,-0.03754693366708384
2023-09-04,7700,8150,7500,7800,2693773,0.014304291287386306
2023-09-05,7900,7900,7310,7350,1760230,-0.05769230769230771
2023-09-06,7210,7500,7080,7180,1715393,-0.023129251700680253
2023-09-07,6640,6930,6500,6850,2295064,-0.04596100278551529
2023-09-08,6900,7190,6760,7190,1392501,0.04963503649635026
2023-09-11,7160,7280,7040,7150,911783,-0.0055632823365785455
2023-09-12,7280,7330,6910,6950,983995,-0.027972027972028024
2023-09-13,6950,7020,6630,6640,922985,-0.04460431654676256
2023-09-14,6700,6730,6490,6560,814687,-0.012048192771084376
2023-09-15,6610,6760,6490,6640,2667947,0.012195121951219523
2023-09-18,6920,7000,6510,6550,1866108,-0.013554216867469826
2023-09-19,6550,6630,6400,6630,789290,0.012213740458015376
2023-09-20,6630,6630,6260,6300,824119,-0.04977375565610864
2023-09-21,6290,6290,6020,6050,796346,-0.03968253968253965
2023-09-22,5920,6190,5900,6100,633939,0.008264462809917328
2023-09-25,6100,6160,5950,5950,559437,-0.024590163934426257
2023-09-26,5920,6030,5850,5860,554780,-0.015126050420168013
2023-09-27,5960,6080,5860,6080,517997,0.03754266211604085
2023-10-04,5900,5900,5690,5690,680381,-0.06414473684210531
2023-10-05,5700,5780,5360,5360,1056554,-0.05799648506151145
2023-10-06,5340,5590,5330,5460,524560,0.018656716417910557
2023-10-10,5450,5450,5180,5200,689364,-0.04761904761904767
2023-10-11,5200,5350,5060,5300,489378,0.019230769230769162
2023-10-12,5300,5600,5300,5600,628019,0.05660377358490565
2023-10-13,5550,5550,5200,5260,684446,-0.06071428571428572
2023-10-16,5290,5290,5030,5150,503150,-0.020912547528517123
2023-10-17,5150,5420,5150,5240,652799,0.01747572815533971
2023-10-18,5240,5350,5180,5270,535427,0.005725190839694694
2023-10-19,5170,5270,4920,5020,742404,-0.04743833017077803
2023-10-20,4975,4975,4725,4725,911880,-0.05876494023904377
2023-10-23,4690,4790,4500,4660,507389,-0.013756613756613745
2023-10-24,4600,4690,4405,4615,681077,-0.00965665236051505
2023-10-25,4630,4675,4475,4500,535692,-0.024918743228602436
2023-10-26,4360,4440,4130,4230,919811,-0.06000000000000005
2023-10-27,4200,4275,4065,4065,936836,-0.03900709219858156
2023-10-30,4065,4225,4025,4145,504024,0.019680196801967975
2023-10-31,4180,4190,3940,4050,748211,-0.022919179734619988
2023-11-01,4050,4140,3955,3985,476266,-0.016049382716049387
2023-11-02,4000,4135,4000,4110,441501,0.031367628607277265
2023-11-03,4195,5050,4060,4640,5064084,0.12895377128953767
2023-11-06,5050,5320,4890,5090,3266959,0.09698275862068972
2023-11-07,5120,5160,4820,4920,1180213,-0.03339882121807469
2023-11-08,4920,4945,4640,4640,716734,-0.05691056910569103
2023-11-09,4695,4765,4450,4600,702797,-0.008620689655172376
2023-11-10,4605,4650,4420,4490,394675,-0.023913043478260843
2023-11-13,4490,4545,4270,4300,531021,-0.04231625835189312
2023-11-14,4300,4445,4295,4435,374264,0.0313953488372094
2023-11-15,4435,4600,4260,4420,809456,-0.0033821871476887866
2023-11-16,4420,4425,4340,4370,371681,-0.011312217194570096
2023-11-17,4310,4365,4140,4205,497638,-0.03775743707093826
2023-11-20,4200,4365,4175,4360,439447,0.03686087990487508
2023-11-21,4405,4405,4215,4245,397620,-0.026376146788990806
2023-11-22,4245,4245,4115,4125,454782,-0.028268551236749095
2023-11-23,4190,4190,4070,4075,524652,-0.012121212121212088
2023-11-24,4095,4100,4050,4065,483700,-0.0024539877300613355
2023-11-27,4115,4760,4010,4320,3366302,0.0627306273062731
2023-11-28,4330,4595,4120,4130,1714659,-0.04398148148148151
2023-11-29,4140,4185,3990,4000,1309960,-0.03147699757869249
2023-11-30,3990,4470,3990,4035,2989814,0.008750000000000036
2023-12-01,4070,4165,4000,4010,1179800,-0.006195786864931829
2023-12-04,4110,4110,3985,4000,761151,-0.0024937655860348684
2023-12-05,3990,3995,3880,3890,985048,-0.02749999999999997
2023-12-06,3880,3955,3855,3915,462264,0.006426735218509005
2023-12-07,3915,4035,3800,3815,862616,-0.025542784163473775
2023-12-08,3815,3875,3800,3845,557340,0.007863695937090354
2023-12-11,3850,3905,3815,3870,528405,0.006501950585175553
2023-12-12,3855,3940,3795,3925,621298,0.01421188630490966
2023-12-13,3910,3915,3790,3790,722647,-0.03439490445859872
2023-12-14,3790,3850,3700,3720,820173,-0.01846965699208447
2023-12-15,3735,3995,3695,3940,1622894,0.05913978494623651
2023-12-18,4000,4120,3880,4055,1188478,0.02918781725888331
2023-12-19,4120,4135,3950,4000,557734,-0.013563501849568449
2023-12-20,4050,4080,3985,4025,530032,0.006250000000000089
2023-12-21,4015,4280,3895,3910,1566433,-0.02857142857142858
2023-12-22,3965,3965,3850,3855,541240,-0.014066496163682829
2023-12-26,3885,3885,3700,3715,907470,-0.036316472114137466
2023-12-27,3755,3830,3695,3820,695771,0.02826379542395685
2023-12-28,3875,3875,3770,3875,454569,0.014397905759162333
2024-01-02,3890,3935,3850,3905,478575,0.007741935483871032
2024-01-03,3880,3880,3760,3780,597129,-0.03201024327784896
2024-01-04,3770,3790,3680,3695,589046,-0.022486772486772444
2024-01-05,3695,3950,3695,3765,1119933,0.018944519621109546
2024-01-08,3820,3825,3680,3685,777943,-0.021248339973439556
2024-01-09,3680,3715,3650,3660,702089,-0.006784260515603768
2024-01-10,3660,3675,3570,3580,718793,-0.021857923497267784
2024-01-11,3580,3585,3510,3525,712602,-0.015363128491620137
2024-01-12,3525,3695,3430,3465,1098085,-0.017021276595744705
2024-01-15,3460,3460,3340,3360,718261,-0.030303030303030276
2024-01-16,3350,3390,3290,3300,521948,-0.017857142857142905
2024-01-17,3300,3300,3175,3205,613627,-0.028787878787878807
2024-01-18,3220,3290,3140,3180,558917,-0.007800312012480548
2024-01-19,3215,3290,3105,3130,597890,-0.01572327044025157
2024-01-22,3125,3150,2995,3020,928448,-0.03514376996805113
2024-01-23,3020,3065,2925,2940,895924,-0.026490066225165587
2024-01-24,2940,2960,2850,2905,647379,-0.011904761904761862
2024-01-25,2905,2915,2770,2785,792255,-0.04130808950086062
2024-01-26,2790,3030,2785,2910,997453,0.044883303411131115
2024-01-29,3020,3045,2890,2945,931499,0.012027491408934665
2024-01-30,3010,3530,2985,3045,5909982,0.03395585738539908
2024-01-31,3045,3185,2950,3020,808575,-0.008210180623973717
2024-02-01,3025,3170,2960,3140,822265,0.039735099337748325
2024-02-02,3215,3235,3135,3135,572113,-0.0015923566878981443
2024-02-05,3200,3280,3080,3250,1019296,0.03668261562998398
2024-02-06,3395,3450,3105,3230,1475143,-0.006153846153846176
2024-02-07,3265,3315,3210,3240,619322,0.003095975232198178
2024-02-08,3280,3315,3215,3250,553684,0.0030864197530864335
2024-02-13,3250,3250,3170,3225,604588,-0.007692307692307665
2024-02-14,3220,3285,3135,3265,553835,0.01240310077519391
2024-02-15,3300,3740,3220,3710,4130856,0.13629402756508413
2024-02-16,3825,3825,3650,3740,2430256,0.008086253369272267
2024-02-19,3640,3680,3450,3455,1487116,-0.0762032085561497
2024-02-20,3440,3490,3340,3450,705809,-0.0014471780028944004
2024-02-21,3450,3550,3370,3380,680113,-0.020289855072463725
2024-02-22,3365,3395,3260,3270,593452,-0.03254437869822491
2024-02-23,3270,3295,3130,3135,819769,-0.041284403669724745
2024-02-26,3080,3120,3010,3050,625981,-0.027113237639553422
2024-02-27,3045,3090,2995,3035,536577,-0.004918032786885296
2024-02-28,3010,3100,3010,3015,445606,-0.00658978583196046
2024-02-29,3095,3115,3000,3030,506343,0.004975124378109541
2024-03-04,3030,3055,3005,3020,481236,-0.0033003300330033403
2024-03-05,3000,3030,2970,2975,596686,-0.01490066225165565
2024-03-06,2965,3020,2950,2950,441675,-0.008403361344537785
2024-03-07,2955,3010,2895,2905,486561,-0.015254237288135575
2024-03-08,2910,2955,2860,2875,543371,-0.0103270223752151
2024-03-11,2850,2930,2815,2880,377260,0.0017391304347826875
2024-03-12,2920,3350,2920,3010,2936400,0.04513888888888884
2024-03-13,3015,3040,2965,3025,495730,0.004983388704318914
2024-03-14,3025,3025,2950,2970,531232,-0.018181818181818188
2024-03-15,2975,2985,2880,2890,505923,-0.026936026936026924
2024-03-18,2895,3070,2895,3035,795916,0.05017301038062283
2024-03-19,3035,3035,2960,3000,374650,-0.011532125205930832
2024-03-20,3060,3135,2985,3000,830428,0.0
2024-03-21,2995,3050,2915,2915,698874,-0.02833333333333332
2024-03-22,3050,3490,2965,3160,7294188,0.08404802744425388
2024-03-25,3225,3255,3125,3135,1453813,-0.007911392405063333
2024-03-26,3100,3190,3055,3075,836443,-0.019138755980861233
2024-03-27,3150,3290,3090,3170,1453168,0.030894308943089532
2024-03-28,3175,3650,3175,3420,6772216,0.07886435331230279
2024-03-29,3400,3400,3270,3340,1304963,-0.023391812865497075
2024-04-01,3380,3430,3205,3220,1078410,-0.0359281437125748
2024-04-02,3225,3280,3140,3190,865435,-0.009316770186335366
2024-04-03,3170,3170,3080,3100,581819,-0.028213166144200663
2024-04-04,3095,3150,3010,3025,637384,-0.024193548387096753
2024-04-05,3050,3170,2975,2990,859258,-0.011570247933884281
2024-04-08,3015,3050,2900,3010,540129,0.006688963210702337
2024-04-09,3010,3050,2975,2985,445179,-0.00830564784053156
2024-04-11,2950,3015,2920,2950,312550,-0.011725293132328285
2024-04-12,2955,2990,2940,2955,275991,0.0016949152542373724
2024-04-15,2930,2945,2855,2890,479034,-0.021996615905245376
2024-04-16,2835,3150,2835,2965,1120315,0.02595155709342567
2024-04-17,2970,3060,2960,3000,538014,0.01180438448566612
2024-04-18,3010,3285,2975,3140,1980960,0.046666666666666634
2024-04-19,3105,3160,2970,2990,743845,-0.047770700636942665
2024-04-22,3030,3100,2965,3005,543993,0.0050167224080268635
2024-04-23,3020,3035,2965,2965,360195,-0.01331114808652245
2024-04-24,2975,3020,2965,3000,392329,0.01180438448566612
2024-04-25,3000,3230,2985,3140,1726160,0.046666666666666634
2024-04-26,3545,3550,3180,3185,5726154,0.014331210191082855
2024-04-29,3140,3870,3090,3850,11229541,0.20879120879120872
2024-04-30,3775,3830,3610,3620,4022972,-0.05974025974025976
2024-05-02,3620,3840,3510,3685,2641797,0.017955801104972302
2024-05-03,3685,3685,3505,3515,1137612,-0.046132971506105847
2024-05-07,3600,3905,3490,3840,3422855,0.09246088193456625
2024-05-08,3840,3845,3630,3680,1522248,-0.04166666666666663
2024-05-09,3680,3680,3550,3605,848047,-0.020380434782608647
2024-05-10,3650,3795,3550,3605,1042369,0.0
2024-05-13,3645,3645,3480,3510,686492,-0.026352288488210807
2024-05-14,3510,3570,3470,3560,423019,0.014245014245014342
2024-05-16,3600,3600,3490,3525,516483,-0.0098314606741573
2024-05-17,3510,3560,3470,3555,424687,0.008510638297872353
2024-05-20,3555,3820,3240,3305,3632888,-0.07032348804500699
2024-05-21,3325,3565,3325,3515,1941430,0.0635400907715582
2024-05-22,3515,3830,3400,3430,7108673,-0.024182076813655806
2024-05-23,3400,3420,3255,3365,1135338,-0.01895043731778423
2024-05-24,3335,3340,3050,3170,2020052,-0.05794947994056465
2024-05-27,3175,3350,3100,3200,932216,0.009463722397476282
2024-05-28,3210,3240,3040,3105,975722,-0.029687499999999978
2024-05-29,3120,3315,3060,3230,1850906,0.040257648953301084
2024-05-30,3350,3420,3135,3135,1464646,-0.02941176470588236
2024-05-31,3130,3190,2910,3000,1334591,-0.0430622009569378
2024-06-03,3005,3075,3005,3055,590799,0.018333333333333313
2024-06-04,3010,3095,3010,3080,322924,0.008183306055646433
2024-06-05,3085,3150,2855,2900,2350910,-0.058441558441558406
2024-06-07,2905,2980,2900,2955,618600,0.018965517241379404
2024-06-10,2945,2960,2910,2940,377629,-0.005076142131979711
2024-06-11,2955,3080,2940,3025,1102407,0.028911564625850428
2024-06-12,3025,3050,2970,2995,589570,-0.00991735537190086
2024-06-13,3020,3020,2935,2965,435543,-0.01001669449081799
2024-06-14,2970,2980,2900,2960,486961,-0.001686340640809414
2024-06-17,2990,2990,2920,2925,291493,-0.011824324324324342
2024-06-18,2925,2950,2900,2930,324741,0.0017094017094017033
2024-06-19,2975,2975,2895,2905,297032,-0.008532423208191142
2024-06-20,2920,2935,2890,2910,265319,0.001721170395869276
2024-06-21,2910,2925,2855,2900,273169,-0.0034364261168384758
2024-06-24,2865,2910,2865,2875,326870,-0.008620689655172376
2024-06-25,2865,3060,2850,2855,1001837,-0.006956521739130417
2024-06-26,2865,2925,2850,2860,299204,0.0017513134851139256
2024-06-27,2910,2910,2845,2855,215158,-0.0017482517482517723
2024-06-28,2820,2850,2800,2830,333916,-0.008756567425569184
2024-07-01,2835,2840,2800,2825,236977,-0.0017667844522968323
2024-07-02,2825,2840,2770,2785,381051,-0.01415929203539823
2024-07-03,2790,2825,2640,2695,613954,-0.032315978456014416
2024-07-04,2695,2730,2630,2640,540023,-0.020408163265306145
2024-07-05,2640,2705,2625,2695,426931,0.02083333333333326
2024-07-08,2695,2770,2645,2735,449643,0.014842300556586308
2024-07-09,2705,2750,2660,2670,467133,-0.02376599634369292
2024-07-10,2675,2680,2575,2605,581979,-0.02434456928838946
2024-07-11,2610,2620,2400,2440,1609325,-0.06333973128598847
2024-07-12,2445,2490,2400,2420,555244,-0.008196721311475419
2024-07-15,2405,2405,2310,2390,642209,-0.012396694214875992
2024-07-16,2390,2405,2310,2340,594373,-0.02092050209205021
2024-07-17,2335,2360,2300,2320,428341,-0.008547008547008517
2024-07-18,2305,2305,2230,2260,552658,-0.025862068965517238
2024-07-19,2280,2280,2210,2250,388571,-0.004424778761061954
2024-07-22,2215,2305,2185,2200,505870,-0.022222222222222254
2024-07-23,2200,2235,2125,2150,751088,-0.022727272727272707
2024-07-24,2045,2135,2005,2070,1466823,-0.037209302325581395
2024-07-25,2020,2055,1955,2005,1345394,-0.03140096618357491
2024-07-26,2005,2105,2005,2085,590694,0.03990024937655856
2024-07-29,2065,2105,2035,2080,364032,-0.0023980815347721673
2024-07-30,2060,2100,2000,2010,377238,-0.033653846153846145
2024-07-31,2005,2015,1961,2005,489372,-0.0024875621890547706
2024-08-01,2010,2070,1990,2020,295244,0.007481296758104827
2024-08-02,1996,1998,1888,1894,845445,-0.06237623762376243
2024-08-05,1877,1879,1529,1664,1019950,-0.12143611404435062
2024-08-06,1660,1798,1660,1733,554662,0.041466346153846256
2024-08-07,1734,1805,1730,1770,366639,0.021350259665320337
2024-08-08,1750,1820,1703,1768,388862,-0.001129943502824804
2024-08-09,1757,1866,1757,1832,376899,0.03619909502262453
2024-08-12,1886,2030,1853,1960,1592868,0.06986899563318771
2024-08-13,1975,2120,1910,1943,1707203,-0.00867346938775515
2024-08-14,1945,2165,1945,2035,1832636,0.04734945959855885
2024-08-16,2070,2095,1970,1972,737097,-0.030958230958230915
2024-08-19,1972,2065,1915,1925,624834,-0.02383367139959436
2024-08-20,1970,1980,1915,1915,381026,-0.0051948051948051965
2024-08-21,1903,1915,1852,1887,475498,-0.014621409921671047
2024-08-22,1881,1910,1806,1808,404363,-0.041865394806571254
2024-08-23,1801,1808,1740,1770,417512,-0.021017699115044253
2024-08-26,1776,1838,1740,1745,334702,-0.01412429378531077
2024-08-27,1738,1758,1697,1721,295705,-0.013753581661891112
2024-08-28,1705,1758,1695,1698,315496,-0.013364323067983741
2024-08-29,1693,1710,1670,1700,268908,0.0011778563015312216
2024-08-30,1716,1875,1716,1840,1566110,0.08235294117647052
2024-09-02,1817,2030,1812,1956,2199978,0.06304347826086953
2024-09-03,1904,1956,1820,1820,969333,-0.06952965235173825
2024-09-04,1735,1834,1727,1780,716193,-0.02197802197802201
2024-09-05,1767,1815,1710,1713,450913,-0.03764044943820222
2024-09-06,1710,1753,1601,1641,1461486,-0.042031523642731994
2024-09-09,1600,1630,1570,1624,503064,-0.010359536867763586
2024-09-10,1621,1682,1615,1637,315794,0.008004926108374333
2024-09-11,1628,1669,1628,1630,185980,-0.004276114844227297
2024-09-12,1653,1716,1652,1714,336919,0.05153374233128827
2024-09-13,1750,1750,1660,1670,283470,-0.025670945157526215
2024-09-19,1671,1684,1641,1651,267470,-0.011377245508982003
2024-09-20,1690,1730,1608,1608,380491,-0.02604482132041186
2024-09-23,1611,1645,1591,1591,399506,-0.010572139303482553
2024-09-24,1610,1728,1610,1668,819791,0.048397234443745996
2024-09-25,1692,1692,1654,1657,323935,-0.00659472422062346
2024-09-26,1641,1681,1628,1677,281240,0.012070006035002967
2024-09-27,1689,1705,1670,1700,310549,0.013714967203339201
2024-09-30,1730,1730,1663,1673,293942,-0.01588235294117646
2024-10-02,1660,1825,1618,1766,1073541,0.05558876270173352
2024-10-04,1750,1750,1705,1719,317197,-0.026613816534541312
2024-10-07,1733,1797,1721,1771,330781,0.03025014543339144
2024-10-08,1770,1787,1725,1741,215684,-0.016939582156973443
2024-10-10,1752,1752,1685,1709,296753,-0.018380241240666284
2024-10-11,1692,1709,1620,1656,322046,-0.031012287887653645
2024-10-14,1665,1679,1652,1659,130132,0.0018115942028984477
2024-10-15,1654,1673,1632,1667,204753,0.004822182037371947
2024-10-16,1667,1667,1560,1656,179035,-0.006598680263947165
2024-10-17,1661,1677,1627,1628,199073,-0.016908212560386437
2024-10-18,1630,1630,1599,1607,212469,-0.012899262899262909
2024-10-21,1608,1623,1580,1580,248556,-0.016801493466085837
2024-10-22,1580,1675,1551,1556,327334,-0.015189873417721489
2024-10-23,1576,1576,1520,1532,222245,-0.015424164524421635
2024-10-24,1517,1532,1455,1455,500216,-0.05026109660574407
2024-10-25,1468,1493,1410,1425,301837,-0.020618556701030966
2024-10-28,1425,1454,1405,1437,310644,0.008421052631578885
2024-10-29,1440,1445,1350,1387,569588,-0.03479471120389699
2024-10-30,1390,1390,1306,1307,591911,-0.05767844268204758
2024-10-31,1311,1420,1250,1356,774387,0.037490436113236436
2024-11-01,1309,1345,1295,1317,394455,-0.028761061946902644
2024-11-04,1317,1390,1301,1370,294163,0.0402429764616552
2024-11-05,1338,1490,1338,1390,794284,0.014598540145985384
2024-11-06,1390,1471,1363,1389,561537,-0.0007194244604316058
2024-11-07,1445,1445,1290,1303,697476,-0.06191504679625626
2024-11-08,1303,1359,1300,1324,444146,0.016116653875671627
2024-11-11,1115,1220,988,1024,5009775,-0.22658610271903323
2024-11-12,1037,1093,981,1072,2689227,0.046875
2024-11-13,991,1090,991,1057,1566687,-0.013992537313432862
2024-11-14,1060,1069,1015,1032,575433,-0.023651844843897818
2024-11-15,1035,1045,1001,1027,434689,-0.004844961240310086
2024-11-18,1027,1070,1011,1040,624438,0.012658227848101333
2024-11-19,1040,1054,1013,1029,369080,-0.01057692307692304
2024-11-20,1015,1129,1009,1061,899469,0.03109815354713308
2024-11-21,1058,1084,1033,1041,230508,-0.018850141376060336
2024-11-22,1041,1100,1041,1075,433358,0.032660902977905915
2024-11-25,1075,1175,1075,1145,813736,0.06511627906976747
2024-11-26,1146,1221,1132,1170,702187,0.02183406113537112
2024-11-27,1169,1185,1135,1164,403014,-0.00512820512820511
2024-11-28,1164,1250,1155,1164,605894,0.0
2024-11-29,1168,1204,1140,1199,395312,0.030068728522336663
2024-12-02,1199,1217,1086,1089,816217,-0.09174311926605505
2024-12-03,1089,1125,1083,1107,243669,0.016528925619834656
2024-12-04,1051,1100,1051,1068,266388,-0.035230352303523005
2024-12-05,1068,1094,1036,1036,216278,-0.029962546816479363
2024-12-06,1015,1066,1014,1050,255790,0.013513513513513598
2024-12-09,1033,1049,1000,1000,341652,-0.04761904761904767
2024-12-10,995,1087,995,1076,341519,0.07600000000000007
2024-12-11,1105,1190,1080,1174,656419,0.09107806691449816
2024-12-12,1174,1183,1134,1168,430539,-0.005110732538330498
2024-12-13,1156,1180,1125,1175,275563,0.0059931506849315586
2024-12-16,1176,1261,1176,1247,570420,0.061276595744680806
2024-12-17,1252,1257,1163,1164,558385,-0.06655974338412185
2024-12-18,1160,1161,1114,1153,464203,-0.009450171821305808
2024-12-19,1140,1141,1110,1122,241177,-0.026886383347788367
2024-12-20,1110,1153,1096,1100,229589,-0.019607843137254943
2024-12-23,1097,1122,1097,1105,153561,0.00454545454545463
2024-12-24,1110,1128,1083,1102,249498,-0.002714932126696823
2024-12-26,1102,1114,1060,1067,247477,-0.03176043557168784
2024-12-27,1055,1079,1010,1010,286271,-0.0534208059981256
2024-12-30,1010,1039,1002,1020,264874,0.00990099009900991
2025-01-02,1020,1021,1002,1013,158939,-0.006862745098039191
2025-01-03,1005,1071,1000,1058,301872,0.0444225074037512
2025-01-06,1045,1099,1045,1077,198156,0.017958412098298737
2025-01-07,1077,1101,1030,1072,172082,-0.00464252553389044
2025-01-08,1071,1111,1050,1105,444897,0.03078358208955234
2025-01-09,1102,1103,1070,1103,214577,-0.0018099547511312153
2025-01-10,1104,1122,1087,1097,192207,-0.005439709882139598
2025-01-13,1110,1297,1110,1226,5529401,0.11759343664539657
2025-01-14,1202,1215,1160,1189,580489,-0.030179445350734135
2025-01-15,1189,1191,1105,1119,630523,-0.05887300252312866
2025-01-16,1131,1147,1111,1119,307938,0.0
2025-01-17,1105,1147,1091,1105,265868,-0.01251117068811436
2025-01-20,1131,1140,1091,1134,329543,0.02624434389140262
2025-01-21,1136,1137,1023,1041,673602,-0.08201058201058198
2025-01-22,1043,1043,980,1003,1031227,-0.036503362151777186
2025-01-23,1013,1013,990,1000,334627,-0.0029910269192422456
2025-01-24,996,1010,990,997,308655,-0.0030000000000000027
2025-01-31,997,1003,982,983,401098,-0.014042126379137376
2025-02-03,980,989,920,925,700835,-0.05900305188199395
2025-02-04,925,960,925,938,235930,0.014054054054054133
2025-02-05,930,982,930,961,340432,0.024520255863539342
2025-02-06,975,983,935,969,205656,0.008324661810613865
2025-02-07,969,970,953,955,199877,-0.014447884416924683
2025-02-10,947,963,932,961,266170,0.006282722513089034
2025-02-11,961,970,946,961,395480,0.0
2025-02-12,961,961,922,922,527671,-0.04058272632674298
2025-02-13,923,943,916,930,612605,0.008676789587852562
2025-02-14,924,930,870,875,1300874,-0.05913978494623651
2025-02-17,874,945,874,913,873425,0.04342857142857137
2025-02-18,908,931,888,906,461234,-0.00766703176341732
2025-02-19,906,938,900,934,382938,0.030905077262693093
2025-02-20,934,953,931,939,404330,0.005353319057815886
2025-02-21,936,963,925,954,318034,0.015974440894568787
2025-02-24,954,987,930,977,342185,0.024109014675052443
2025-02-25,977,977,941,947,261816,-0.03070624360286589
2025-02-26,945,972,922,923,330226,-0.025343189017951406
2025-02-27,911,938,911,927,222057,0.004333694474539573
2025-02-28,925,925,894,896,347981,-0.033441208198489725
2025-03-04,795,795,628,637,6678243,-0.2890625
2025-03-05,657,722,640,678,3264877,0.06436420722135017
2025-03-06,673,824,663,757,3162096,0.11651917404129786
2025-03-07,748,757,714,721,1070760,-0.047556142668428
2025-03-10,715,746,680,745,464280,0.03328710124826628
2025-03-11,736,835,716,785,1055530,0.05369127516778516
2025-03-12,784,818,764,765,481474,-0.02547770700636942
2025-03-13,773,808,772,780,369504,0.019607843137254832
2025-03-14,779,781,748,777,352845,-0.0038461538461538325
2025-03-17,799,830,783,825,604988,0.061776061776061875
2025-03-18,827,829,770,782,427444,-0.052121212121212124
2025-03-19,781,789,762,773,209489,-0.011508951406649648
2025-03-20,773,780,744,745,380362,-0.036222509702457995
2025-03-21,710,720,596,602,3074312,-0.1919463087248322
2025-03-24,603,648,590,591,970335,-0.01827242524916939
2025-03-25,591,627,591,619,889278,0.04737732656514382
2025-03-26,650,650,586,602,814337,-0.02746365105008075
2025-03-27,589,595,515,545,2340350,-0.09468438538205981
2025-03-28,540,592,520,552,1888712,0.012844036697247763
2025-03-31,556,559,521,545,613730,-0.0126811594202898
2025-04-01,546,658,546,600,4394189,0.10091743119266061
2025-04-02,599,599,565,566,601799,-0.05666666666666664
2025-04-03,550,635,550,598,1353198,0.05653710247349819
2025-04-04,598,598,550,555,1194501,-0.07190635451505012
2025-04-07,531,551,511,511,745790,-0.07927927927927925
2025-04-08,0,0,0,511,0,0.0
2025-04-09,0,0,0,511,0,0.0
2025-04-10,0,0,0,511,0,0.0
2025-04-11,0,0,0,511,0,0.0
2025-04-14,0,0,0,511,0,0.0
2025-04-15,0,0,0,511,0,0.0
2025-04-16,0,0,0,511,0,0.0
2025-04-17,0,0,0,511,0,0.0
2025-04-18,0,0,0,511,0,0.0
2025-04-21,0,0,0,511,0,0.0
2025-04-22,0,0,0,511,0,0.0
2025-04-23,0,0,0,511,0,0.0
2025-04-24,0,0,0,511,0,0.0
2025-04-25,0,0,0,511,0,0.0
2025-04-28,0,0,0,511,0,0.0
2025-04-29,0,0,0,511,0,0.0
2025-04-30,0,0,0,511,0,0.0
2025-05-02,0,0,0,511,0,0.0
2025-05-07,0,0,0,511,0,0.0
2025-05-08,0,0,0,511,0,0.0
2025-05-09,0,0,0,511,0,0.0
2025-05-12,0,0,0,511,0,0.0
2025-05-13,0,0,0,511,0,0.0
2025-05-14,0,0,0,511,0,0.0
2025-05-15,0,0,0,511,0,0.0
2025-05-16,0,0,0,511,0,0.0
2025-05-19,0,0,0,511,0,0.0
2025-05-20,0,0,0,511,0,0.0
2025-05-21,0,0,0,511,0,0.0
2025-05-22,0,0,0,511,0,0.0
2025-05-23,0,0,0,511,0,0.0
2025-05-26,0,0,0,511,0,0.0
2025-05-27,0,0,0,511,0,0.0
2025-05-28,0,0,0,511,0,0.0
2025-05-29,0,0,0,511,0,0.0
2025-05-30,0,0,0,511,0,0.0
2025-06-02,0,0,0,511,0,0.0
2025-06-04,0,0,0,511,0,0.0
2025-06-05,0,0,0,511,0,0.0
2025-06-09,0,0,0,511,0,0.0
