Date,Open,High,Low,Close,Volume,Change
2022-01-03,7211,7290,7134,7188,3271160,0.0036302708740574285
2022-01-04,7186,7367,7186,7344,5821077,0.02170283806343898
2022-01-05,7342,7628,7238,7578,8642104,0.031862745098039325
2022-01-06,7395,7761,7369,7631,7806977,0.006993929796780263
2022-01-07,7603,7943,7499,7891,6897782,0.03407155025553665
2022-01-10,7786,7917,7760,7839,4368843,-0.00658978583196046
2022-01-11,7839,7839,7317,7761,6059939,-0.00995024875621886
2022-01-12,7759,7915,7420,7448,8551532,-0.0403298544002062
2022-01-13,7368,7394,7160,7188,5081446,-0.03490870032223414
2022-01-14,7159,7264,7108,7136,2034271,-0.0072342793544797335
2022-01-17,7160,7341,6900,7292,5896815,0.021860986547085126
2022-01-18,7343,8151,7213,7735,33473044,0.060751508502468354
2022-01-19,7576,7733,7290,7292,7563025,-0.05727213962508082
2022-01-20,7289,7498,7212,7240,3056935,-0.007131102578167847
2022-01-21,7185,7342,7004,7110,4969978,-0.017955801104972413
2022-01-24,7030,7290,6874,7136,4141439,0.003656821378340336
2022-01-25,7031,7213,6719,6719,5035335,-0.05843609865470856
2022-01-26,6771,6874,6536,6693,6048933,-0.003869623455871385
2022-01-27,6641,7448,6615,6824,37497217,0.019572687882862594
2022-01-28,6823,7058,6693,6902,9529621,0.011430246189917836
2022-02-03,7133,7159,6900,7084,5030085,0.026369168356997985
2022-02-04,7237,7446,7134,7162,8045489,0.011010728402032655
2022-02-07,7266,7266,6927,7006,3999006,-0.021781625244345126
2022-02-08,7005,7240,6927,7032,5033580,0.003711104767342377
2022-02-09,7082,7237,7056,7162,3567730,0.018486916951080845
2022-02-10,7162,7240,6927,6954,4253446,-0.029042166992460205
2022-02-11,6900,6980,6796,6876,2755505,-0.011216566005176842
2022-02-14,6719,6823,6536,6641,4253057,-0.034176847004072086
2022-02-15,6639,6717,6456,6458,2461469,-0.027556090950158096
2022-02-16,6536,6693,6509,6693,2003459,0.03638897491483428
2022-02-17,6719,6770,6509,6641,3063883,-0.0077693112206783654
2022-02-18,6641,6693,6536,6641,1574505,0.0
2022-02-21,6589,6615,6456,6563,2040550,-0.011745219093510006
2022-02-22,6508,6535,6248,6276,3984629,-0.04373000152369344
2022-02-23,6326,6429,6274,6354,1505104,0.01242829827915859
2022-02-24,6196,6326,5858,6042,5286780,-0.04910292728989618
2022-02-25,6146,6224,5729,5860,8800890,-0.030122476001324117
2022-02-28,5728,6039,5676,6016,4495337,0.02662116040955631
2022-03-02,5988,6248,5910,6120,3185377,0.017287234042553168
2022-03-03,6144,6195,6040,6172,3008123,0.00849673202614376
2022-03-04,6170,6222,5884,6068,7884351,-0.016850291639663006
2022-03-07,6068,6094,5755,5912,4155132,-0.02570863546473301
2022-03-08,5729,5912,5703,5912,3160524,0.0
2022-03-10,5912,5938,5729,5756,3035900,-0.026387009472259804
2022-03-11,5755,5834,5729,5782,2541040,0.004517025712300171
2022-03-14,5755,5755,5443,5443,4793199,-0.0586302317537184
2022-03-15,5389,5521,5363,5469,2604114,0.004776777512401242
2022-03-16,5466,5701,5201,5416,10783055,-0.009690985554946074
2022-03-17,5547,5834,5521,5730,8801549,0.057976366322008754
2022-03-18,5860,5886,5625,5756,2270219,0.0045375218150087715
2022-03-21,5781,5886,5677,5808,3250292,0.009034051424600342
2022-03-22,5808,5834,5677,5756,1975038,-0.008953168044077087
2022-03-23,5808,5808,5573,5652,5370621,-0.018068102849200796
2022-03-24,5755,5990,5651,5938,8767545,0.050601556970983674
2022-03-25,5990,5990,5782,5782,5437907,-0.0262714718760525
2022-03-28,5834,5860,5677,5730,2606335,-0.008993427879626426
2022-03-29,5755,5938,5703,5834,4371497,0.018150087260034864
2022-03-30,5860,5860,5703,5730,3589203,-0.01782653411038737
2022-03-31,5729,5912,5729,5834,3670418,0.018150087260034864
2022-04-01,5834,5886,5678,5678,3509819,-0.026739801165581056
2022-04-04,5677,5677,5546,5573,5855542,-0.018492426910884152
2022-04-05,5573,5625,5442,5521,5557175,-0.009330701596985458
2022-04-06,5493,5623,5388,5390,4999010,-0.02372758558232202
2022-04-07,5388,5413,5201,5390,7125545,0.0
2022-04-08,5361,5441,5206,5286,4837579,-0.01929499072356211
2022-04-11,5284,5335,5206,5312,2534169,0.004918653045781207
2022-04-12,5206,5258,5056,5146,5873073,-0.03125
2022-04-13,5143,5175,5051,5073,4310894,-0.014185775359502495
2022-04-14,5045,5257,5045,5187,4848821,0.022471910112359605
2022-04-15,5154,5232,5108,5146,3113143,-0.007904376325428952
2022-04-18,5106,5163,4961,4963,5826981,-0.03556160124368446
2022-04-19,4957,5018,4790,4974,7036396,0.0022164013701391205
2022-04-20,4973,5091,4869,4995,2956574,0.0042219541616406175
2022-04-21,4987,5143,4962,4979,3211615,-0.00320320320320322
2022-04-22,4948,4963,4792,4891,5525969,-0.017674231773448512
2022-04-25,4843,4890,4724,4823,3517542,-0.013903087303209993
2022-04-26,4750,5073,4750,4813,5729241,-0.002073398299813345
2022-04-27,4724,4807,4557,4584,12037360,-0.04757947226262205
2022-04-28,4583,4655,4285,4375,14342708,-0.045593368237347276
2022-04-29,4385,4625,4254,4620,20683090,0.05600000000000005
2022-05-02,4620,5964,4557,5704,280624257,0.23463203463203453
2022-05-03,5754,6925,5728,6406,451446673,0.1230715287517532
2022-05-04,7003,7993,6378,6510,356661139,0.016234779893849582
2022-05-06,6510,7473,5912,6980,326782500,0.07219662058371745
2022-05-09,7005,7056,6431,6563,58568388,-0.05974212034383952
2022-05-10,6224,6354,5651,5808,54992425,-0.11503885418253845
2022-05-11,5755,5963,5389,5443,63326435,-0.06284435261707988
2022-05-12,0,0,0,5443,0,0.0
2022-05-13,0,0,0,5443,0,0.0
2022-05-16,0,0,0,5443,0,0.0
2022-05-17,0,0,0,5443,0,0.0
2022-05-18,0,0,0,5443,0,0.0
2022-05-19,0,0,0,5443,0,0.0
2022-05-20,0,0,0,5443,0,0.0
2022-05-23,0,0,0,5443,0,0.0
2022-05-24,0,0,0,5443,0,0.0
2022-05-25,0,0,0,5443,0,0.0
2022-05-26,0,0,0,5443,0,0.0
2022-05-27,0,0,0,5443,0,0.0
2022-05-30,0,0,0,5443,0,0.0
2022-05-31,0,0,0,5443,0,0.0
2022-06-02,0,0,0,5443,0,0.0
2022-06-03,0,0,0,5443,0,0.0
2022-06-07,5308,6317,5297,5454,4261914,0.002020944332169705
2022-06-08,5338,5484,4771,4808,1257658,-0.11844517785111841
2022-06-09,4818,4839,4423,4465,699858,-0.07133943427620637
2022-06-10,4391,5797,4355,5797,9566236,0.2983202687569988
2022-06-13,5578,6952,5547,6141,17925021,0.05934103846817318
2022-06-14,6213,6307,5412,5641,2468775,-0.0814199641752158
2022-06-15,5495,6172,5454,5454,3306433,-0.033150150682503154
2022-06-16,5401,5609,4969,4975,991531,-0.08782544921158786
2022-06-17,4870,5083,4620,4808,997755,-0.03356783919597994
2022-06-20,4813,4839,4454,4600,469803,-0.043261231281197965
2022-06-21,4538,5235,4303,4689,2283966,0.01934782608695662
2022-06-22,4756,4943,4579,4730,907900,0.008743868628705576
2022-06-23,4688,4725,4288,4288,461920,-0.093446088794926
2022-06-24,4282,4360,4100,4236,462459,-0.012126865671641784
2022-06-27,4319,4548,4293,4392,579394,0.03682719546742219
2022-06-28,4412,4631,4183,4220,622726,-0.03916211293260474
2022-06-29,4162,4256,4115,4173,348104,-0.011137440758293815
2022-06-30,4251,4251,3955,3955,388382,-0.05224059429666905
2022-07-01,3959,4011,3569,3611,538621,-0.08697850821744624
2022-07-04,3648,3705,3497,3539,229489,-0.01993907504846304
2022-07-05,3538,3684,3528,3643,168274,0.02938683243854201
2022-07-06,3643,3762,3575,3643,177291,0.0
2022-07-07,3642,3767,3642,3684,165207,0.01125446060938784
2022-07-08,3746,3793,3689,3788,174644,0.028230184581976125
2022-07-11,3808,3954,3678,3741,277784,-0.0124076029567054
2022-07-12,3694,3736,3450,3570,217338,-0.045709703287890924
2022-07-13,3528,3580,3465,3528,173254,-0.0117647058823529
2022-07-14,3486,3549,3455,3523,163969,-0.0014172335600907138
2022-07-15,3486,3559,3367,3388,245093,-0.038319613965370425
2022-07-18,3403,3538,3403,3502,112663,0.03364817001180631
2022-07-19,3502,3559,3444,3523,103268,0.005996573386636284
2022-07-20,3543,4115,3543,3762,2924740,0.06783990916832239
2022-07-21,3767,3824,3736,3783,313274,0.005582137161084466
2022-07-22,3787,3798,3663,3663,256881,-0.0317208564631245
2022-07-25,3658,3658,3553,3606,163157,-0.015561015561015523
2022-07-26,3601,3637,3523,3570,126545,-0.009983361064891838
2022-07-27,3580,3648,3549,3622,106491,0.014565826330532161
2022-07-28,3632,3762,3632,3726,209646,0.028713418001104385
2022-07-29,3725,3741,3658,3705,178344,-0.005636070853462183
2022-08-01,3715,3929,3715,3747,351201,0.011336032388663986
2022-08-02,3746,3798,3647,3674,155644,-0.019482252468641548
2022-08-03,3658,3705,3637,3669,101374,-0.0013609145345672147
2022-08-04,3694,3757,3684,3757,105825,0.02398473698555459
2022-08-05,3762,3887,3736,3846,222536,0.02368911365451165
2022-08-08,3897,4402,3882,4236,3003296,0.10140405616224646
2022-08-09,4277,4672,4214,4350,2458252,0.026912181303116123
2022-08-10,4334,4402,4215,4215,379891,-0.03103448275862064
2022-08-11,4225,4350,4204,4215,239431,0.0
2022-08-12,4188,4350,4188,4241,244399,0.006168446026097341
2022-08-16,4272,4370,4220,4220,216126,-0.004951662343786856
2022-08-17,4256,4256,4100,4137,163333,-0.019668246445497584
2022-08-18,4069,4116,4002,4023,159179,-0.027556200145032683
2022-08-19,4157,4953,4152,4371,5781533,0.08650260999254278
2022-08-22,4371,4548,4308,4392,817069,0.0048043925875085325
2022-08-23,4397,4417,4157,4163,311354,-0.05214025500910746
2022-08-24,4141,4235,4110,4168,116661,0.0012010569300984208
2022-08-25,4168,4334,4168,4241,132210,0.01751439539347399
2022-08-26,4241,4361,4225,4330,228169,0.020985616599858536
2022-08-29,4142,4339,4142,4267,100991,-0.014549653579676636
2022-08-30,4266,4339,4235,4272,159362,0.0011717834544175965
2022-08-31,4271,4620,4256,4454,765463,0.04260299625468167
2022-09-01,4449,4636,4366,4590,523141,0.03053435114503822
2022-09-02,4683,4740,4495,4631,349661,0.008932461873638387
2022-09-05,4621,4673,4444,4465,150365,-0.0358453897646297
2022-09-06,4386,4620,4344,4553,163675,0.019708846584546524
2022-09-07,4584,4865,4527,4527,726889,-0.005710520535910368
2022-09-08,4652,4678,4423,4538,160546,0.002429865252926877
2022-09-13,4527,4579,4506,4512,125291,-0.005729396209784077
2022-09-14,4288,4465,4288,4413,156316,-0.02194148936170215
2022-09-15,4412,4521,4360,4371,137096,-0.009517335146159045
2022-09-16,4370,4506,4027,4090,270825,-0.06428734843285289
2022-09-19,4100,4194,3767,3799,264035,-0.07114914425427876
2022-09-20,3803,4079,3803,4038,151322,0.0629112924453803
2022-09-21,3876,4032,3814,3830,181265,-0.05151064883605749
2022-09-22,3710,3923,3600,3887,145053,0.014882506527415185
2022-09-23,3814,4054,3788,4028,225174,0.03627476202727031
2022-09-26,4006,4064,3861,3934,267444,-0.02333664349553133
2022-09-27,3876,4168,3876,3929,269822,-0.0012709710218606896
2022-09-28,3908,4022,3705,3898,143271,-0.007890048358360935
2022-09-29,4022,4037,3772,3887,119768,-0.0028219599794766514
2022-09-30,3726,4012,3726,3851,117951,-0.009261641368664808
2022-10-04,3866,4006,3850,3991,147263,0.03635419371591797
2022-10-05,4016,4807,4016,4402,5745226,0.10298170884490099
2022-10-06,4402,4558,4329,4361,809332,-0.009313948205361244
2022-10-07,4397,5089,4371,4928,6731898,0.130016051364366
2022-10-11,4777,4912,4481,4481,807496,-0.09070616883116878
2022-10-12,4527,4777,4236,4257,836377,-0.04998884177638918
2022-10-13,4277,4683,4095,4371,2025219,0.026779422128259345
2022-10-14,4381,4569,4381,4512,357106,0.032258064516129004
2022-10-17,4370,4506,4251,4475,223356,-0.008200354609929073
2022-10-18,4486,4777,4350,4533,570654,0.012960893854748523
2022-10-19,4553,4881,4553,4819,1176620,0.06309287447606438
2022-10-20,4793,4793,4413,4460,567441,-0.07449678356505496
2022-10-21,4370,4672,4225,4225,422683,-0.05269058295964124
2022-10-24,4163,4282,4121,4132,264793,-0.02201183431952658
2022-10-25,4095,4225,3949,3991,327425,-0.03412391093901257
2022-10-26,4006,4105,3866,4038,255310,0.011776497118516582
2022-10-27,4038,4080,3950,3950,134030,-0.02179296681525511
2022-10-28,3949,3949,3829,3856,181320,-0.023797468354430418
2022-10-31,3934,4324,3934,4007,1275195,0.03915975103734448
2022-11-01,3970,4251,3902,4033,542847,0.006488644871474936
2022-11-02,4043,4084,3975,4038,180251,0.0012397718819736614
2022-11-03,3996,4006,3938,3965,94499,-0.018078256562654826
2022-11-04,3965,3986,3777,3830,338375,-0.034047919293820894
2022-11-07,3798,3892,3798,3830,157383,0.0
2022-11-08,3892,3934,3840,3851,77831,0.00548302872062667
2022-11-09,3877,3955,3866,3924,163895,0.018956115294728626
2022-11-10,3882,3944,3856,3856,88953,-0.01732925586136591
2022-11-11,3907,3938,3834,3866,164944,0.002593360995850613
2022-11-14,3876,4095,3819,4012,293325,0.037765131919296424
2022-11-15,4016,4136,3970,4069,238462,0.014207377866400694
2022-11-16,4048,4090,3965,4085,192578,0.003932170066355267
2022-11-17,4085,4085,3991,4007,102225,-0.019094247246022045
2022-11-18,4006,4069,3897,3934,137857,-0.01821811829298725
2022-11-21,3970,3970,3809,3809,259110,-0.03177427554651757
2022-11-22,3746,3860,3710,3710,125679,-0.025991073772643758
2022-11-23,3725,4022,3725,3918,245023,0.056064690026954134
2022-11-24,3981,4100,3975,4054,157358,0.034711587544665745
2022-11-25,4006,4084,3975,4064,101927,0.0024666995559941007
2022-11-28,4084,4105,3902,3944,116136,-0.029527559055118058
2022-11-29,3892,4090,3892,4054,153399,0.027890466531440117
2022-11-30,4007,4111,3996,4028,111719,-0.006413418845584662
2022-12-01,4054,4090,4007,4023,133497,-0.0012413108242304016
2022-12-02,4064,4121,3970,4054,125066,0.007705692269450726
2022-12-05,4079,4079,3965,3981,80747,-0.018006906758756824
2022-12-06,3980,3985,3829,3835,150127,-0.03667420246169306
2022-12-07,3861,3960,3757,3924,126378,0.02320730117340286
2022-12-08,3871,3912,3735,3741,174876,-0.04663608562691135
2022-12-09,3814,3830,3642,3695,302722,-0.012296177492648996
2022-12-12,3694,3730,3595,3632,107172,-0.017050067658998636
2022-12-13,3642,3928,3642,3908,312349,0.07599118942731287
2022-12-14,3850,4261,3850,4059,887865,0.038638689866939524
2022-12-15,4058,4319,4038,4189,513760,0.03202759300320279
2022-12-16,4147,4205,4132,4179,127880,-0.002387204583432778
2022-12-19,4163,4194,3851,3851,436170,-0.07848767647762622
2022-12-20,3850,4105,3830,4007,394418,0.04050895871202287
2022-12-21,4006,4006,3871,3913,216022,-0.02345894684302474
2022-12-22,3923,3960,3793,3825,188296,-0.022489138768208572
2022-12-23,3746,3824,3663,3679,186845,-0.03816993464052287
2022-12-26,3709,3772,3611,3611,150121,-0.018483283500951297
2022-12-27,3621,3652,3465,3528,222673,-0.0229853226253115
2022-12-28,3528,3741,3434,3518,237675,-0.0028344671201814275
2022-12-29,3460,3501,3220,3304,358186,-0.060830017055145014
2023-01-02,3304,3465,3294,3294,158016,-0.003026634382566562
2023-01-03,3247,3351,3148,3216,204301,-0.023679417122040025
2023-01-04,3179,3424,3179,3424,93245,0.06467661691542292
2023-01-05,3382,3918,3372,3393,1743648,-0.00905373831775702
2023-01-06,3455,4017,3408,3726,5831334,0.09814323607427067
2023-01-09,3730,3970,3725,3835,2097035,0.02925389157273206
2023-01-10,4152,4985,4007,4465,25827372,0.16427640156453727
2023-01-11,4787,4964,4480,4517,12769533,0.011646136618141067
2023-01-12,4553,4668,4413,4585,3585266,0.015054239539517456
2023-01-13,4454,4543,4376,4517,1796013,-0.014830970556161449
2023-01-16,4407,4438,4183,4288,1916098,-0.05069736550808057
2023-01-17,4391,4625,4329,4475,3977500,0.043610074626865725
2023-01-18,4532,4849,4490,4631,6169331,0.03486033519553078
2023-01-19,5256,5412,4345,4356,9827643,-0.05938242280285033
2023-01-20,4407,4428,4110,4168,2184398,-0.04315886134067948
2023-01-25,4293,4360,4100,4111,1903396,-0.013675623800383896
2023-01-26,4256,4319,4116,4189,2074747,0.01897348576988578
2023-01-27,4225,4230,4146,4173,956680,-0.003819527333492445
2023-01-30,4163,4163,4033,4033,787578,-0.03354900551162232
2023-01-31,4121,4533,4121,4481,9754154,0.11108356062484503
2023-02-01,4912,5369,4714,4886,20359010,0.09038161124748934
2023-02-02,4928,6349,4813,6349,40236889,0.29942693409742116
2023-02-03,6338,6421,6047,6172,12083296,-0.02787840604819658
2023-02-06,6036,6046,5713,5818,4060703,-0.05735580038885291
2023-02-07,5765,5880,5599,5828,4317722,0.0017188037126161237
2023-02-08,5651,5953,5515,5568,4880817,-0.04461221688400818
2023-02-09,5193,5256,4996,4996,3566446,-0.10272988505747127
2023-02-10,4808,4964,4584,4720,3080282,-0.055244195356285
2023-02-13,4631,4735,4516,4600,1650496,-0.025423728813559365
2023-02-14,4667,5505,4667,5037,19751225,0.09499999999999997
2023-02-15,4985,5063,4678,4689,2337755,-0.06908874329958303
2023-02-16,4683,4834,4652,4751,1391258,0.013222435487310724
2023-02-17,4651,4787,4578,4657,797924,-0.019785308356135567
2023-02-20,4709,5381,4709,5074,9378938,0.0895426240068713
2023-02-21,5047,5453,4948,5318,6807089,0.04808829325975572
2023-02-22,5151,5588,5083,5188,5497558,-0.024445280180518947
2023-02-23,5224,5224,4896,4923,2367970,-0.051079414032382475
2023-02-24,4927,5349,4922,5287,5627642,0.07393865529148891
2023-02-27,5204,5433,5152,5194,2905993,-0.01759031586911297
2023-02-28,5328,5588,5214,5412,5402902,0.041971505583365376
2023-03-02,5567,5703,5234,5266,5802080,-0.02697708795269771
2023-03-03,5183,5188,4891,5126,2290127,-0.02658564375237371
2023-03-06,5125,5177,4870,4886,1926299,-0.046820132657042546
2023-03-07,4886,5089,4787,4959,1823691,0.01494064674580442
2023-03-08,4819,6442,4808,6089,47323223,0.2278685218794112
2023-03-09,6556,7046,5630,5818,20421901,-0.044506487107899506
2023-03-10,5630,5912,5402,5402,3249443,-0.0715022344448264
2023-03-13,5402,5651,5266,5423,3214293,0.0038874490929285965
2023-03-14,5547,6089,5516,5652,16548043,0.04222754932694084
2023-03-15,5735,5849,5443,5704,5731308,0.009200283085633476
2023-03-16,5724,5953,5484,5922,4038341,0.03821879382889204
2023-03-17,5880,6171,5797,5818,5367832,-0.017561634582911156
2023-03-20,5818,5984,5703,5839,2103246,0.0036094877964936156
2023-03-21,5755,5765,5432,5568,2384804,-0.046412056859051254
2023-03-22,5651,5838,5546,5599,2153838,0.005567528735632266
2023-03-23,5474,5682,5307,5360,2660210,-0.04268619396320772
2023-03-24,5682,5952,5547,5776,5165031,0.07761194029850738
2023-03-27,6099,6297,5891,5933,8646088,0.027181440443213356
2023-03-28,5745,5797,5547,5641,1852082,-0.04921624810382608
2023-03-29,5589,5776,5464,5652,1440671,0.0019500088636765778
2023-03-30,5651,5734,5474,5506,1169936,-0.02583156404812459
2023-03-31,5672,6234,5672,6016,14093541,0.0926262259353432
2023-04-03,5755,6130,5682,6068,2670181,0.008643617021276695
2023-04-04,6088,6494,5869,6234,7521983,0.02735662491760049
2023-04-05,6109,6141,5631,5756,3419189,-0.07667629130574272
2023-04-06,5973,6171,5734,5797,4689324,0.007123002084781005
2023-04-07,5620,5703,5245,5485,3398167,-0.053820941866482674
2023-04-10,5568,5661,5412,5485,2041658,0.0
2023-04-11,5474,5485,5297,5433,1185630,-0.009480401093892477
2023-04-12,5401,5589,5297,5589,1594554,0.028713418001104385
2023-04-13,5557,6224,5391,5891,8072440,0.05403471103954205
2023-04-14,5808,5995,5787,5881,2786117,-0.0016975046681377837
2023-04-17,5724,6400,5578,6078,9975646,0.0334977044720286
2023-04-18,6109,7421,5995,7286,52270304,0.1987495886804871
2023-04-19,7066,7264,6619,6661,12728196,-0.08578094976667583
2023-04-20,7160,7847,6775,6984,34100952,0.048491217534904596
2023-04-21,6816,6879,6379,6411,4974495,-0.08204467353951894
2023-04-24,6318,6609,6151,6214,2888162,-0.030728435501481854
2023-04-25,5984,6213,5703,5901,3065176,-0.0503701319600901
2023-04-26,5880,5984,5516,5558,2996920,-0.05812574139976279
2023-04-27,5485,5849,5422,5714,2327119,0.028067650233897012
2023-04-28,5734,5890,5484,5547,1880399,-0.029226461323066166
2023-05-02,5506,5683,5422,5579,1078059,0.00576888408148557
2023-05-03,5505,5849,5505,5641,1406044,0.011113102706578282
2023-05-04,5640,5921,5640,5693,1283430,0.00921822371919867
2023-05-08,5735,5776,5193,5246,2026023,-0.07851747760407513
2023-05-09,5245,5255,4985,5058,1175645,-0.03583682805947386
2023-05-10,4943,5074,4740,4819,1329060,-0.04725187821273236
2023-05-11,4855,5151,4714,5110,2223479,0.06038597219340103
2023-05-12,5000,5453,4954,5079,2099551,-0.006066536203522488
2023-05-15,5073,5245,4834,5162,1898424,0.016341799566843784
2023-05-16,5620,5755,5032,5069,4737543,-0.018016272762495178
2023-05-17,4995,5381,4923,5100,1677022,0.006115604655750673
2023-05-18,5256,5766,4892,5579,14031687,0.09392156862745105
2023-05-19,5568,6036,5505,5558,6157266,-0.0037641154328732496
2023-05-22,5703,5932,5516,5860,4269907,0.05433609211946733
2023-05-23,5860,5922,5683,5704,1651617,-0.02662116040955631
2023-05-24,5610,5693,5516,5527,865925,-0.03103085553997198
2023-05-25,5526,5630,5359,5412,882578,-0.0208069477112357
2023-05-26,5412,5474,5146,5152,962695,-0.04804138950480419
2023-05-30,5177,5515,5177,5339,992136,0.03629658385093171
2023-05-31,5349,5505,5349,5443,500928,0.01947930324030711
2023-06-01,5380,5391,5235,5308,626636,-0.02480249862208339
2023-06-02,5287,5328,5167,5235,608914,-0.01375282592313487
2023-06-05,5234,5339,5193,5339,389846,0.019866284622731545
2023-06-07,5349,5360,5245,5277,379032,-0.011612661547106162
2023-06-08,5224,5276,5188,5204,366107,-0.013833617585749525
2023-06-09,5287,5318,5188,5204,478396,0.0
2023-06-12,5182,5203,5094,5110,496012,-0.018063028439661788
2023-06-13,5089,5391,5037,5360,808314,0.048923679060665304
2023-06-14,5329,5339,5048,5121,848202,-0.04458955223880601
2023-06-15,5099,5349,5079,5308,1798441,0.03651630540909978
2023-06-16,5693,5713,5328,5360,3070021,0.009796533534287777
2023-06-19,5360,5360,5183,5199,754452,-0.030037313432835777
2023-06-20,5162,5256,5043,5043,1055599,-0.030005770340450044
2023-06-21,4953,4979,4272,4678,5710238,-0.0723775530438231
2023-06-22,4579,4959,4579,4819,1399140,0.030141085934159983
2023-06-23,4735,4751,4480,4720,696111,-0.020543681261672497
2023-06-26,4657,5074,4631,4918,930593,0.04194915254237297
2023-06-27,4881,5224,4865,4923,1577412,0.0010166734444896353
2023-06-28,4933,5084,4735,5017,873227,0.019094048344505454
2023-06-29,5016,5287,4954,4975,2277897,-0.00837153677496516
2023-06-30,4922,5099,4891,5037,675356,0.012462311557788874
2023-07-03,5037,5266,5037,5225,730414,0.037323803851498916
2023-07-04,5203,5401,5151,5391,959527,0.03177033492822967
2023-07-05,5339,5422,5193,5308,880965,-0.015396030421072182
2023-07-06,5276,5286,5000,5063,665260,-0.04615674453654861
2023-07-07,4974,5167,4938,5027,628322,-0.007110408848508776
2023-07-10,5027,5557,5027,5485,3578661,0.09110801670976731
2023-07-11,5433,5516,5074,5121,1803985,-0.066362807657247
2023-07-12,5089,5104,4839,4954,1214253,-0.032610818199570346
2023-07-13,4996,5037,4938,4996,434303,0.008477997577714946
2023-07-14,4969,5411,4839,4980,2076174,-0.0032025620496397567
2023-07-17,5194,5199,4939,4939,1210193,-0.008232931726907644
2023-07-18,4881,5016,4849,4902,646837,-0.007491395019234681
2023-07-19,4865,4917,4750,4782,680904,-0.0244798041615667
2023-07-20,4698,5016,4698,4834,527419,0.010874111250522844
2023-07-21,4792,4938,4787,4834,381150,0.0
2023-07-24,4787,4985,4621,4621,736607,-0.044062887877534096
2023-07-25,4850,5141,4584,4637,1732377,0.00346245401428269
2023-07-26,4526,4636,4084,4147,1328940,-0.10567177054129828
2023-07-27,4116,4335,4090,4101,596467,-0.011092355919942176
2023-07-28,4022,4282,4006,4225,421008,0.03023652767617646
2023-07-31,4199,4303,4116,4205,381811,-0.004733727810650845
2023-08-01,4173,4298,4142,4179,485306,-0.006183115338882272
2023-08-02,4194,4428,4194,4278,736563,0.023689877961234673
2023-08-03,4277,4318,3912,4095,623511,-0.04277699859747541
2023-08-04,4095,4173,3996,4017,384614,-0.01904761904761909
2023-08-07,4058,4058,3933,3970,473381,-0.011700273836196207
2023-08-08,3965,4095,3835,4090,1087153,0.030226700251889227
2023-08-09,4214,4823,4079,4194,6912046,0.025427872860635636
2023-08-10,4142,4199,4043,4111,493989,-0.019790176442537
2023-08-11,4105,4230,4079,4168,450071,0.013865239601070334
2023-08-14,4100,4178,4053,4059,278291,-0.026151631477927095
2023-08-16,4022,4048,3777,3788,646913,-0.06676521310667649
2023-08-17,3668,3861,3533,3752,524810,-0.009503695881731833
2023-08-18,3679,3908,3679,3830,460420,0.020788912579957408
2023-08-21,3830,3934,3773,3794,411513,-0.009399477806788514
2023-08-22,3793,3840,3663,3669,320263,-0.03294675803900893
2023-08-23,3642,3803,3621,3632,476873,-0.010084491687108232
2023-08-24,3632,3736,3600,3679,196014,0.012940528634361126
2023-08-25,3653,3663,3564,3575,234286,-0.028268551236749095
2023-08-28,3574,3949,3574,3840,748054,0.07412587412587412
2023-08-29,3860,3907,3746,3866,286665,0.0067708333333333925
2023-08-30,3866,3928,3798,3814,253746,-0.01345059493016032
2023-08-31,3813,3855,3673,3689,476492,-0.03277399056109076
2023-09-01,3679,3679,3559,3591,483819,-0.026565464895635715
2023-09-04,3590,3601,3362,3362,1116171,-0.06377053745474803
2023-09-05,3366,3636,3361,3512,974070,0.0446162998215347
2023-09-06,3512,3543,3429,3429,343437,-0.023633257403189112
2023-09-07,3439,3460,3298,3330,344355,-0.02887139107611547
2023-09-08,3319,3574,3298,3533,580997,0.06096096096096093
2023-09-11,3533,3533,3367,3388,330810,-0.041041607698839466
2023-09-12,3388,3549,3351,3388,328132,0.0
2023-09-13,3481,3496,3309,3398,265736,0.002951593860684776
2023-09-14,3393,3455,3335,3362,163007,-0.01059446733372571
2023-09-15,3346,3419,3346,3388,132806,0.007733491969066142
2023-09-18,3350,3428,3278,3278,255995,-0.03246753246753242
2023-09-19,3252,3309,3174,3190,301470,-0.02684563758389258
2023-09-20,3163,3330,3163,3200,187353,0.0031347962382444194
2023-09-21,3158,3210,3023,3096,428672,-0.03249999999999997
2023-09-22,3012,3590,2997,3143,2788201,0.015180878552971677
2023-09-25,3205,3397,3018,3018,1056831,-0.039770919503658964
2023-09-26,3018,3101,2935,2935,268781,-0.027501656726308776
2023-09-27,2877,3028,2877,2976,186879,0.013969335604770095
2023-10-04,2976,2987,2830,2857,257616,-0.039986559139784994
2023-10-05,2872,2966,2804,2810,338685,-0.016450822541127064
2023-10-06,2810,2976,2810,2956,253453,0.05195729537366556
2023-10-10,2924,3111,2866,2893,285159,-0.021312584573748294
2023-10-11,2908,3122,2908,2987,620982,0.03249222260629114
2023-10-12,3033,3434,3013,3268,1799657,0.09407432206226973
2023-10-13,3215,3267,3069,3153,290722,-0.035189718482252164
2023-10-16,3163,3392,3028,3049,700903,-0.032984459245163356
2023-10-17,3059,3220,3059,3070,215385,0.006887504099704733
2023-10-18,3189,3189,3012,3039,304106,-0.010097719869706867
2023-10-19,3018,3023,2836,2852,391489,-0.061533399144455436
2023-10-20,2841,2898,2711,2711,394922,-0.049438990182328224
2023-10-23,2669,2778,2622,2633,227355,-0.028771670970121677
2023-10-24,2632,2778,2554,2773,601491,0.05317128750474742
2023-10-25,2773,2814,2700,2721,208264,-0.0187522538766679
2023-10-26,2632,2643,2544,2591,321853,-0.047776552737963995
2023-10-27,2591,2648,2549,2581,224053,-0.003859513701273687
2023-10-30,2549,2622,2503,2602,215159,0.008136381247578539
2023-10-31,2611,2617,2455,2461,339603,-0.054189085318985364
2023-11-01,2460,2549,2460,2492,136078,0.012596505485575005
2023-11-02,2497,2612,2497,2576,201921,0.03370786516853941
2023-11-03,2570,2716,2549,2633,335773,0.022127329192546563
2023-11-06,2653,2758,2653,2680,285942,0.017850360805165222
2023-11-07,2695,2861,2601,2664,831709,-0.005970149253731294
2023-11-08,2654,2706,2628,2628,180588,-0.013513513513513487
2023-11-09,2622,2648,2544,2565,219586,-0.023972602739726012
2023-11-10,2529,2550,2446,2446,155516,-0.046393762183235876
2023-11-13,2523,2523,2362,2362,191959,-0.034341782502044116
2023-11-14,2352,2529,2352,2451,220130,0.03767993226079591
2023-11-15,2456,2534,2445,2477,196392,0.010607915136678914
2023-11-16,2497,2497,2430,2477,157698,0.0
2023-11-17,2476,2476,2341,2352,250059,-0.05046427129592246
2023-11-20,2336,2425,2336,2394,132861,0.017857142857142794
2023-11-21,2409,2435,2352,2394,173190,0.0
2023-11-22,2393,2461,2346,2357,293627,-0.015455304928989166
2023-11-23,2352,2404,2352,2368,104440,0.004666949512091678
2023-11-24,2367,2367,2320,2326,144143,-0.017736486486486513
2023-11-27,2326,2346,2242,2248,280288,-0.03353396388650043
2023-11-28,2253,2378,2201,2217,199547,-0.01379003558718861
2023-11-29,2216,2289,2195,2284,246305,0.03022101939557964
2023-11-30,2284,2414,2268,2352,364980,0.02977232924693518
2023-12-01,2346,2362,2268,2279,240994,-0.031037414965986443
2023-12-04,2289,2336,2221,2248,226251,-0.013602457218078068
2023-12-05,2221,2221,2148,2154,330246,-0.04181494661921703
2023-12-06,2164,2211,2127,2211,232079,0.026462395543175532
2023-12-07,2211,2232,2102,2165,223128,-0.020805065581185
2023-12-08,2143,2200,2101,2133,286928,-0.014780600461893778
2023-12-11,2248,2695,2196,2425,9260266,0.136896390060947
2023-12-12,2373,2420,2305,2368,948957,-0.02350515463917524
2023-12-13,2352,2352,2196,2196,848053,-0.07263513513513509
2023-12-14,2206,2232,2144,2165,383332,-0.014116575591985425
2023-12-15,2169,2315,2158,2237,699792,0.033256351039260945
2023-12-18,2247,2283,2205,2211,282909,-0.011622708985248087
2023-12-19,2190,2222,2170,2170,239260,-0.018543645409317078
2023-12-20,2169,2226,2154,2154,315773,-0.007373271889400956
2023-12-21,2144,2180,2081,2092,497504,-0.028783658310120752
2023-12-22,2123,2123,2046,2068,464173,-0.01147227533460804
2023-12-26,2045,2065,1936,1958,582225,-0.05319148936170215
2023-12-27,1968,2033,1960,2025,247324,0.03421859039836561
2023-12-28,2025,2077,2018,2069,162640,0.02172839506172841
2024-01-02,2067,2138,2049,2133,198508,0.030932817786370137
2024-01-03,2122,2127,2065,2112,107173,-0.009845288326300938
2024-01-04,2102,2112,2065,2102,163557,-0.004734848484848508
2024-01-05,2112,2117,2079,2081,94671,-0.009990485252140857
2024-01-08,2081,2143,2070,2123,137219,0.020182604517059
2024-01-09,2107,2211,2107,2175,259359,0.02449364107395202
2024-01-10,2175,2190,2112,2144,168278,-0.01425287356321836
2024-01-11,2148,2434,2148,2232,2361084,0.04104477611940305
2024-01-12,2222,2222,2133,2139,326846,-0.04166666666666663
2024-01-15,2096,2122,2049,2076,204321,-0.029453015427770013
2024-01-16,2061,2128,2050,2092,138101,0.007707129094412402
2024-01-17,2077,2112,2041,2041,242086,-0.02437858508604207
2024-01-18,2035,2065,1982,2002,187627,-0.019108280254777066
2024-01-19,2062,2149,2003,2019,395792,0.008491508491508482
2024-01-22,2028,2062,1955,1957,261915,-0.030708271421495792
2024-01-23,1937,1957,1821,1936,197933,-0.01073071027082273
2024-01-24,1924,1944,1869,1878,144153,-0.029958677685950397
2024-01-25,1877,1877,1780,1827,253184,-0.027156549520766737
2024-01-26,1780,1859,1780,1833,148135,0.003284072249589487
2024-01-29,1832,1832,1780,1796,199589,-0.02018548827059463
2024-01-30,1784,1843,1782,1795,130313,-0.000556792873051215
2024-01-31,1794,1831,1763,1778,194556,-0.009470752089136503
2024-02-01,1778,1811,1749,1770,160488,-0.004499437570303688
2024-02-02,1851,1859,1786,1804,179656,0.019209039548022666
2024-02-05,1804,1831,1766,1770,121697,-0.018847006651884657
2024-02-06,1768,1791,1667,1752,187249,-0.01016949152542368
2024-02-07,1768,1775,1699,1722,204448,-0.017123287671232834
2024-02-08,1736,1923,1729,1865,1204466,0.08304297328687582
2024-02-13,1883,2382,1883,2336,5010812,0.25254691689008046
2024-02-14,2268,2518,2175,2347,2856509,0.004708904109589129
2024-02-15,2341,2706,2294,2602,3959538,0.10864933958244571
2024-02-16,2726,2861,2570,2815,2855622,0.08186010760953111
2024-02-19,2705,2799,2591,2664,1115033,-0.05364120781527526
2024-02-20,2622,2679,2523,2581,690423,-0.03115615615615619
2024-02-21,2560,3122,2549,2987,5714422,0.1573033707865168
2024-02-22,3023,3246,2820,2893,2861816,-0.0314697020421828
2024-02-23,2856,2877,2742,2810,821082,-0.028689941237469707
2024-02-26,2783,2794,2648,2737,622043,-0.02597864768683278
2024-02-27,2711,2711,2554,2581,590358,-0.05699671172816956
2024-02-28,2565,2773,2565,2675,920317,0.036419992251065514
2024-02-29,2674,2846,2643,2789,596749,0.04261682242990661
2024-03-04,2810,2851,2685,2753,630315,-0.01290785227680169
2024-03-05,2654,2716,2394,2394,1078351,-0.130403196512895
2024-03-06,2351,2393,2268,2315,541295,-0.03299916457811192
2024-03-07,2315,2357,2227,2295,597132,-0.008639308855291628
2024-03-08,2294,2367,2227,2300,334953,0.002178649237472685
2024-03-11,2403,2632,2299,2305,974824,0.0021739130434783593
2024-03-12,2268,2351,2262,2289,312718,-0.00694143167028205
2024-03-13,2315,2336,2190,2232,360265,-0.02490170380078638
2024-03-14,2221,2268,2133,2180,296951,-0.023297491039426577
2024-03-15,2185,2232,2138,2180,148871,0.0
2024-03-18,2289,2830,2268,2664,8969922,0.22201834862385317
2024-03-19,2602,2784,2539,2675,1604225,0.0041291291291292165
2024-03-20,2934,3007,2638,2706,1969531,0.011588785046728889
2024-03-21,2742,2747,2591,2623,504456,-0.030672579453067228
2024-03-22,2658,3371,2638,3278,9993024,0.24971406786122752
2024-03-25,3382,3486,3241,3273,2744737,-0.0015253203172665986
2024-03-26,3278,3325,3070,3195,1921524,-0.02383134738771764
2024-03-27,3164,3325,3075,3289,1098790,0.029420970266040625
2024-03-28,3236,3480,3184,3226,1305948,-0.019154758285193085
2024-03-29,3278,3418,3205,3252,555694,0.008059516429014257
2024-04-01,3262,3278,3069,3122,527886,-0.039975399753997554
2024-04-02,3090,3511,3038,3179,1903996,0.01825752722613716
2024-04-03,3142,3329,2851,3075,1574814,-0.03271469015413653
2024-04-04,3080,3106,2904,2904,535895,-0.055609756097561025
2024-04-05,2872,2883,2747,2779,512782,-0.04304407713498626
2024-04-08,2778,2934,2705,2732,401841,-0.01691255847427131
2024-04-09,2731,2867,2700,2711,221410,-0.007686676427525629
2024-04-11,2669,2742,2638,2706,152781,-0.001844337882700109
2024-04-12,2689,2809,2663,2716,225524,0.003695491500369519
2024-04-15,2721,2757,2534,2534,431716,-0.0670103092783505
2024-04-16,2533,2606,2486,2513,384226,-0.008287292817679592
2024-04-17,2513,2575,2482,2482,212827,-0.012335853561480259
2024-04-18,2497,2591,2476,2560,165905,0.03142626913779201
2024-04-19,2513,2534,2451,2498,196889,-0.024218749999999956
2024-04-22,2487,2617,2424,2451,137402,-0.01881505204163325
2024-04-23,2471,2518,2393,2414,159697,-0.01509587923296618
2024-04-24,2430,2477,2414,2420,151764,0.0024855012427507095
2024-04-25,2382,2440,2382,2440,144842,0.008264462809917328
2024-04-26,2451,2477,2398,2425,128097,-0.006147540983606592
2024-04-29,2497,2497,2315,2315,340218,-0.04536082474226799
2024-04-30,2330,2361,2262,2289,276800,-0.011231101511879005
2024-05-02,2273,2341,2262,2289,166820,0.0
2024-05-03,2289,2320,2247,2263,144951,-0.011358671909130647
2024-05-07,2273,2315,2258,2279,113427,0.007070260715863919
2024-05-08,2289,2289,2232,2253,156478,-0.011408512505484913
2024-05-09,2252,2335,2242,2263,151843,0.004438526409232146
2024-05-10,2273,2346,2268,2310,173287,0.020768890852850275
2024-05-13,2346,2346,2205,2211,193262,-0.042857142857142816
2024-05-14,2206,2247,2190,2201,95705,-0.0045228403437358455
2024-05-16,2237,2242,2185,2185,153279,-0.007269422989550245
2024-05-17,2138,2180,1922,1964,1229761,-0.10114416475972543
2024-05-20,1977,2016,1925,1961,312049,-0.0015274949083503575
2024-05-21,1960,1984,1913,1926,255879,-0.017848036715961246
2024-05-22,1907,1925,1800,1863,485857,-0.032710280373831724
2024-05-23,1865,1865,1774,1837,369491,-0.013955984970477675
2024-05-24,1837,2055,1779,1962,986609,0.0680457267283614
2024-05-27,2003,2081,1941,1988,541464,0.013251783893985625
2024-05-28,1993,2073,1930,1930,366932,-0.02917505030181089
2024-05-29,1994,1994,1867,1873,177591,-0.029533678756476722
2024-05-30,1873,1919,1851,1881,89878,0.004271222637479921
2024-05-31,1910,1910,1820,1820,197413,-0.03242955874534825
2024-06-03,1861,1867,1746,1779,280181,-0.02252747252747256
2024-06-04,1780,1848,1748,1769,239990,-0.005621135469364824
2024-06-05,1815,1815,1727,1769,215097,0.0
2024-06-07,1824,1824,1738,1758,167201,-0.00621820237422277
2024-06-10,1758,1786,1706,1726,277099,-0.018202502844141044
2024-06-11,1708,1803,1708,1780,220820,0.03128621089223649
2024-06-12,1799,1803,1751,1754,146498,-0.014606741573033655
2024-06-13,1754,1777,1732,1732,197277,-0.012542759407069504
2024-06-14,1734,1763,1670,1690,201565,-0.024249422632794504
2024-06-17,1671,1686,1548,1548,520801,-0.0840236686390533
2024-06-18,1555,1571,1457,1516,295113,-0.02067183462532296
2024-06-19,1515,1535,1393,1443,938510,-0.04815303430079154
2024-06-20,1450,1504,1425,1432,310924,-0.007623007623007605
2024-06-21,1417,1456,1365,1365,297100,-0.046787709497206675
2024-06-24,1356,1484,1355,1447,666641,0.06007326007326008
2024-06-25,1448,1612,1427,1605,1310243,0.10919143054595715
2024-06-26,1617,1861,1554,1723,2883102,0.07352024922118372
2024-06-27,1722,1723,1594,1647,532995,-0.0441091120139292
2024-06-28,1638,1693,1599,1678,290369,0.0188221007893139
2024-07-01,1677,1724,1643,1679,187546,0.0005959475566150729
2024-07-02,1654,1663,1591,1620,145958,-0.0351399642644431
2024-07-03,1619,1624,1553,1576,195402,-0.02716049382716046
2024-07-04,1577,1602,1539,1542,130838,-0.021573604060913687
2024-07-05,1541,1558,1508,1522,123307,-0.012970168612191912
2024-07-08,1543,1586,1481,1526,174549,0.0026281208935610145
2024-07-09,1518,1566,1505,1509,77610,-0.011140235910878094
2024-07-10,1506,1523,1458,1458,116225,-0.03379721669980118
2024-07-11,1487,1716,1476,1653,1760402,0.1337448559670782
2024-07-12,1654,1754,1615,1630,496492,-0.01391409558378709
2024-07-15,1631,1632,1545,1550,208090,-0.049079754601227044
2024-07-16,1165,1258,1085,1085,6015318,-0.30000000000000004
2024-07-17,1084,1236,1044,1132,7304440,0.04331797235023038
2024-07-18,1125,1126,1035,1035,1966791,-0.08568904593639581
2024-07-19,1017,1096,972,1090,1689125,0.0531400966183575
2024-07-22,1082,1103,1057,1097,779591,0.006422018348623881
2024-07-23,1102,1251,1099,1192,3010683,0.08659981768459435
2024-07-24,1300,1363,1082,1127,3474183,-0.054530201342281925
2024-07-25,1127,1143,1056,1072,571085,-0.04880212954747121
2024-07-26,1069,1088,1033,1054,330433,-0.016791044776119368
2024-07-29,1042,1069,1033,1037,488913,-0.016129032258064502
2024-07-30,1038,1045,1007,1010,402785,-0.026036644165863043
2024-07-31,1040,1040,995,1002,431602,-0.007920792079207928
2024-08-01,1001,1030,1001,1013,174336,0.010978043912175606
2024-08-02,1019,1025,977,983,291551,-0.029615004935834133
2024-08-05,972,983,826,907,574650,-0.07731434384537128
2024-08-06,906,955,906,912,429415,0.005512679162072764
2024-08-07,933,933,897,913,157831,0.0010964912280702066
2024-08-08,912,948,863,863,315898,-0.05476451259583792
2024-08-09,854,936,854,921,378566,0.0672074159907301
2024-08-12,957,1052,928,969,1431130,0.05211726384364823
2024-08-13,968,1258,959,1131,14639515,0.16718266253869962
2024-08-14,1020,1190,1002,1089,5534539,-0.037135278514588865
2024-08-16,1097,1315,1086,1222,5498118,0.12213039485766752
2024-08-19,0,0,0,1222,0,0.0
2024-08-20,0,0,0,1222,0,0.0
2024-08-21,0,0,0,1222,0,0.0
2024-08-22,0,0,0,1222,0,0.0
2024-08-23,0,0,0,1222,0,0.0
2024-08-26,0,0,0,1222,0,0.0
2024-08-27,0,0,0,1222,0,0.0
2024-08-28,0,0,0,1222,0,0.0
2024-08-29,0,0,0,1222,0,0.0
2024-08-30,0,0,0,1222,0,0.0
2024-09-02,0,0,0,1222,0,0.0
2024-09-03,0,0,0,1222,0,0.0
2024-09-04,0,0,0,1222,0,0.0
2024-09-05,0,0,0,1222,0,0.0
2024-09-06,0,0,0,1222,0,0.0
2024-09-09,0,0,0,1222,0,0.0
2024-09-10,0,0,0,1222,0,0.0
2024-09-11,0,0,0,1222,0,0.0
2024-09-12,0,0,0,1222,0,0.0
2024-09-13,0,0,0,1222,0,0.0
2024-09-19,0,0,0,1222,0,0.0
2024-09-20,0,0,0,1222,0,0.0
2024-09-23,0,0,0,1222,0,0.0
2024-09-24,0,0,0,1222,0,0.0
2024-09-25,0,0,0,1222,0,0.0
2024-09-26,0,0,0,1222,0,0.0
2024-09-27,0,0,0,1222,0,0.0
2024-09-30,1222,1241,974,1088,2363998,-0.10965630114566283
2024-10-02,1030,1087,991,1000,656808,-0.08088235294117652
2024-10-04,999,999,888,919,1216680,-0.08099999999999996
2024-10-07,960,1070,912,923,1914079,0.0043525571273121955
2024-10-08,928,1009,921,952,1235305,0.031419284940411796
2024-10-10,943,943,897,897,593835,-0.057773109243697496
2024-10-11,896,897,842,856,459347,-0.04570791527313267
2024-10-14,879,940,851,921,717244,0.0759345794392523
2024-10-15,926,999,893,977,987203,0.06080347448425627
2024-10-16,980,999,949,967,485172,-0.010235414534288667
2024-10-17,967,981,920,938,489834,-0.02998965873836612
2024-10-18,920,944,912,912,223483,-0.02771855010660984
2024-10-21,903,926,900,908,181511,-0.004385964912280715
2024-10-22,908,909,885,889,222311,-0.020925110132158586
2024-10-23,889,928,840,854,164797,-0.03937007874015752
2024-10-24,853,853,800,812,283624,-0.049180327868852514
2024-10-25,812,845,801,813,135283,0.0012315270935960854
2024-10-28,806,840,805,838,154748,0.03075030750307506
2024-10-29,830,1089,830,981,7739463,0.1706443914081146
2024-10-30,929,1020,924,956,1316111,-0.025484199796126372
2024-10-31,979,982,897,955,538077,-0.0010460251046024993
2024-11-01,939,960,926,938,203182,-0.017801047120418856
2024-11-04,939,1007,926,1005,466389,0.0714285714285714
2024-11-05,1006,1031,986,1012,286809,0.006965174129353269
2024-11-06,1097,1139,1013,1061,1171287,0.048418972332015864
2024-11-07,1051,1194,1040,1143,1163770,0.07728557964184724
2024-11-08,1169,1320,1145,1173,2862604,0.026246719160105014
2024-11-11,1175,1257,1171,1190,624589,0.01449275362318847
2024-11-12,1191,1194,1095,1111,595999,-0.06638655462184873
2024-11-13,1115,1138,1019,1095,352249,-0.014401440144014455
2024-11-14,1090,1204,1090,1204,473819,0.09954337899543386
2024-11-15,1153,1277,1153,1191,757390,-0.010797342192691017
2024-11-18,1238,1307,1189,1210,879708,0.015952980688497043
2024-11-19,1212,1224,1167,1168,306107,-0.034710743801652844
2024-11-20,1191,1207,1080,1103,423966,-0.05565068493150682
2024-11-21,1106,1128,1084,1087,134810,-0.01450589301903904
2024-11-22,1072,1165,1072,1076,252066,-0.010119595216191324
2024-11-25,1075,1124,1070,1076,248478,0.0
2024-11-26,1076,1099,1043,1090,272674,0.013011152416356975
2024-11-27,1120,1120,1037,1060,201149,-0.02752293577981646
2024-11-28,1040,1049,937,993,305526,-0.06320754716981136
2024-11-29,992,1060,951,961,265782,-0.03222557905337364
2024-12-02,963,1112,962,1004,1247074,0.04474505723205002
2024-12-03,1004,1058,980,1046,408778,0.041832669322709126
2024-12-04,1000,1037,960,1001,304063,-0.043021032504780066
2024-12-05,995,1023,980,986,125602,-0.014985014985015033
2024-12-06,1013,1013,925,952,376152,-0.03448275862068961
2024-12-09,942,971,895,896,382824,-0.05882352941176472
2024-12-10,896,1046,896,1025,683275,0.1439732142857142
2024-12-11,1005,1120,1005,1082,628975,0.055609756097561025
2024-12-12,1116,1118,1050,1087,406373,0.004621072088724532
2024-12-13,1070,1149,1065,1082,913889,-0.004599816007359703
2024-12-16,1090,1104,1075,1091,539177,0.008317929759704246
2024-12-17,1081,1100,1055,1060,318064,-0.028414298808432603
2024-12-18,1051,1080,997,1000,417365,-0.05660377358490565
2024-12-19,999,1074,975,1047,695319,0.04699999999999993
2024-12-20,1050,1050,990,1005,306426,-0.04011461318051579
2024-12-23,1007,1040,994,1005,151382,0.0
2024-12-24,1007,1055,999,1043,414779,0.037810945273631935
2024-12-26,1043,1074,1026,1031,305501,-0.011505273250239645
2024-12-27,1028,1058,976,995,332125,-0.03491755577109601
2024-12-30,946,984,910,924,682358,-0.07135678391959799
2025-01-02,925,1015,900,950,787396,0.02813852813852824
2025-01-03,941,993,941,961,1279078,0.011578947368421133
2025-01-06,979,1005,914,948,1619128,-0.013527575442247697
2025-01-07,949,957,912,941,693376,-0.007383966244725704
2025-01-08,940,940,895,900,636943,-0.043570669500531345
2025-01-09,914,951,877,945,1002340,0.050000000000000044
2025-01-10,950,959,905,930,441055,-0.015873015873015928
2025-01-13,948,1021,916,1003,1861042,0.07849462365591409
2025-01-14,1010,1043,988,1013,843707,0.009970089730807485
2025-01-15,1002,1022,970,979,328148,-0.033563672260612076
2025-01-16,979,1049,973,1021,698760,0.04290091930541373
2025-01-17,1039,1112,980,1085,1774828,0.06268364348677768
2025-01-20,1085,1115,1038,1085,892926,0.0
2025-01-21,1084,1084,976,1015,1990452,-0.06451612903225812
2025-01-22,1015,1031,930,1016,1210579,0.0009852216748769127
2025-01-23,1014,1033,904,1000,2342935,-0.015748031496062964
2025-01-24,985,1027,949,970,1107096,-0.030000000000000027
2025-01-31,950,1019,940,979,420766,0.009278350515463885
2025-02-03,978,991,951,984,278643,0.005107252298263587
2025-02-04,0,0,0,984,0,0.0
2025-02-05,961,1020,937,961,644487,-0.023373983739837345
2025-02-06,997,1005,920,960,2008632,-0.0010405827263267886
2025-02-07,961,972,949,960,499834,0.0
2025-02-10,960,975,901,939,753376,-0.021874999999999978
2025-02-11,925,962,925,962,555562,0.024494142705005384
2025-02-12,962,980,950,965,526462,0.0031185031185030354
2025-02-13,966,985,952,965,603629,0.0
2025-02-14,970,975,927,930,568663,-0.03626943005181349
2025-02-17,953,953,907,933,776716,0.003225806451612856
2025-02-18,933,949,923,934,315024,0.001071811361200492
2025-02-19,937,960,928,935,576856,0.0010706638115631772
2025-02-20,935,956,928,939,376745,0.004278074866310266
2025-02-21,950,950,910,923,681324,-0.017039403620873306
2025-02-24,923,937,905,920,386531,-0.00325027085590468
2025-02-25,920,921,867,891,898747,-0.03152173913043477
2025-02-26,890,890,843,870,887055,-0.023569023569023573
2025-02-27,871,882,850,855,254602,-0.017241379310344862
2025-02-28,853,863,796,800,652536,-0.06432748538011701
2025-03-04,800,833,773,796,648934,-0.0050000000000000044
2025-03-05,800,804,739,740,657612,-0.07035175879396982
2025-03-06,740,748,518,538,23090872,-0.27297297297297296
2025-03-07,537,568,510,519,4184567,-0.03531598513011147
2025-03-10,567,655,542,630,15708179,0.21387283236994215
2025-03-11,671,819,666,778,22595377,0.23492063492063497
2025-03-12,800,879,763,791,9528380,0.016709511568123503
2025-03-13,795,795,721,758,3015586,-0.041719342604298326
2025-03-14,758,786,724,727,1443993,-0.04089709762532978
2025-03-17,727,728,675,675,1198338,-0.07152682255845944
2025-03-18,676,742,662,700,1407095,0.03703703703703698
2025-03-19,699,720,681,686,654054,-0.020000000000000018
2025-03-20,681,694,664,684,778332,-0.002915451895043719
2025-03-21,679,744,670,723,1839103,0.05701754385964919
2025-03-24,755,778,683,720,2969641,-0.004149377593360981
2025-03-25,720,746,700,735,824974,0.02083333333333326
2025-03-26,735,745,692,700,870511,-0.04761904761904767
2025-03-27,703,715,675,700,646463,0.0
2025-03-28,695,702,680,698,397247,-0.0028571428571428914
2025-03-31,680,704,667,695,636328,-0.004297994269340966
2025-04-01,674,700,670,670,574403,-0.03597122302158273
2025-04-02,670,671,640,641,469759,-0.043283582089552186
2025-04-03,642,648,618,635,366624,-0.009360374414976613
2025-04-04,600,684,600,676,548843,0.0645669291338582
2025-04-07,680,680,624,640,317173,-0.053254437869822535
2025-04-08,640,665,624,636,261959,-0.006249999999999978
2025-04-09,630,633,607,619,641827,-0.026729559748427723
2025-04-10,630,660,623,633,490080,0.022617124394184174
2025-04-11,630,648,615,617,672119,-0.025276461295418606
2025-04-14,617,621,568,570,1097538,-0.07617504051863855
2025-04-15,570,619,569,619,870949,0.0859649122807018
2025-04-16,621,621,594,613,445845,-0.009693053311793265
2025-04-17,610,622,601,620,380030,0.011419249592169667
2025-04-18,618,633,600,610,551215,-0.016129032258064502
2025-04-21,610,613,589,601,435845,-0.014754098360655776
2025-04-22,601,603,588,595,404522,-0.009983361064891838
2025-04-23,605,625,597,607,593256,0.020168067226890685
2025-04-24,609,648,600,600,1004487,-0.011532125205930832
2025-04-25,590,592,522,537,3385531,-0.10499999999999998
2025-04-28,559,559,530,531,750043,-0.011173184357541888
2025-04-29,532,539,524,535,442490,0.007532956685499137
2025-04-30,549,583,539,548,1142432,0.024299065420560817
2025-05-02,550,551,526,526,584709,-0.04014598540145986
2025-05-07,528,534,508,515,750612,-0.020912547528517123
2025-05-08,515,528,510,515,647024,0.0
2025-05-09,518,520,474,504,959137,-0.021359223300970842
