Date,Open,High,Low,Close,Volume,Change
2022-01-03,74000,76800,72400,74800,128561,0.014925373134328401
2022-01-04,75700,76200,72600,73200,89993,-0.021390374331550777
2022-01-05,72200,72600,69700,70600,81871,-0.03551912568306015
2022-01-06,69400,71600,68600,69300,48665,-0.018413597733711096
2022-01-07,69300,72100,69000,71000,36658,0.024531024531024626
2022-01-10,70500,70500,67400,67800,49374,-0.04507042253521132
2022-01-11,67700,68500,65500,68100,79400,0.004424778761061843
2022-01-12,68100,69600,68000,68700,38512,0.008810572687224738
2022-01-13,70200,73700,69500,70600,110961,0.02765647743813693
2022-01-14,69100,72300,69100,71300,44807,0.009915014164305846
2022-01-17,70700,71800,68200,69000,35261,-0.032258064516129004
2022-01-18,70700,73900,70300,71500,103250,0.03623188405797095
2022-01-19,67700,73100,67700,71600,88727,0.0013986013986013734
2022-01-20,71600,72400,69700,72400,37968,0.011173184357541999
2022-01-21,71800,71800,68200,69900,87715,-0.03453038674033149
2022-01-24,69500,70700,67600,68600,31975,-0.01859799713876964
2022-01-25,69300,70000,67700,68800,48044,0.00291545189504383
2022-01-26,69500,69500,67400,67900,20648,-0.013081395348837233
2022-01-27,68800,68800,65100,67200,48547,-0.010309278350515427
2022-01-28,66600,68800,65300,68500,40236,0.019345238095238138
2022-02-03,69700,70300,68600,69600,24967,0.016058394160583855
2022-02-04,69600,72000,69100,71400,45154,0.02586206896551735
2022-02-07,71500,71500,68600,70600,35408,-0.011204481792717047
2022-02-08,70600,71000,67200,69600,48141,-0.014164305949008527
2022-02-09,69600,70300,68200,69900,24759,0.004310344827586299
2022-02-10,70500,70500,68200,68300,22303,-0.022889842632331958
2022-02-11,67300,67800,66200,67700,33208,-0.008784773060029227
2022-02-14,66600,66600,63000,63800,57915,-0.057607090103397374
2022-02-15,63700,65100,62800,63300,18782,-0.00783699059561127
2022-02-16,64000,64700,63600,64200,68748,0.014218009478673022
2022-02-17,64300,66200,63600,65100,53070,0.014018691588784993
2022-02-18,64000,64900,63200,64000,36706,-0.016897081413210446
2022-02-21,63500,65000,61700,64800,55940,0.012499999999999956
2022-02-22,62500,64000,62500,63300,25020,-0.02314814814814814
2022-02-23,63400,64800,61400,64100,43978,0.012638230647709303
2022-02-24,63000,63100,61100,62300,62644,-0.02808112324492984
2022-02-25,64000,64700,61900,62900,64270,0.009630818619582593
2022-02-28,62500,63600,61600,63200,29881,0.004769475357710551
2022-03-02,63000,63300,61000,61500,65847,-0.026898734177215222
2022-03-03,62800,64500,62600,63500,62716,0.03252032520325199
2022-03-04,62800,63400,60800,61300,59008,-0.03464566929133861
2022-03-07,60600,60600,58400,58600,50584,-0.0440456769983687
2022-03-08,57600,59100,56800,57700,31933,-0.015358361774744034
2022-03-10,58900,60500,57500,58600,48195,0.015597920277296451
2022-03-11,58200,59000,56700,57600,41563,-0.017064846416382284
2022-03-14,57200,58100,54800,56200,69204,-0.02430555555555558
2022-03-15,55700,55700,54200,55000,48412,-0.02135231316725983
2022-03-16,56600,58200,55400,57800,29519,0.050909090909091015
2022-03-17,58600,59700,57600,58900,74793,0.01903114186851207
2022-03-18,58600,59500,57900,59200,23900,0.005093378607809784
2022-03-21,59000,59500,58300,58500,16441,-0.011824324324324342
2022-03-22,58900,59300,58300,59000,14125,0.008547008547008517
2022-03-23,59200,59700,59000,59500,19778,0.008474576271186418
2022-03-24,59300,61500,58100,61300,48026,0.030252100840336027
2022-03-25,61500,61900,60100,61500,45317,0.0032626427406199365
2022-03-28,60900,63000,60400,62000,49985,0.008130081300812941
2022-03-29,61800,64000,61800,63300,44770,0.020967741935483897
2022-03-30,64200,66400,63700,64300,89025,0.01579778830963674
2022-03-31,63400,65800,63400,65600,124699,0.02021772939346822
2022-04-01,64400,66000,61300,65800,208986,0.0030487804878047697
2022-04-04,65400,67900,65200,67400,95354,0.024316109422492405
2022-04-05,67400,69500,66700,68200,67129,0.011869436201780381
2022-04-06,67100,68600,66800,68200,77823,0.0
2022-04-07,66900,68300,66600,67900,33639,-0.004398826979472137
2022-04-08,68400,73200,67600,72700,155684,0.07069219440353458
2022-04-11,72700,74500,72100,72200,65937,-0.00687757909215958
2022-04-12,72300,75300,71500,75000,123342,0.03878116343490312
2022-04-13,74600,75400,73100,74500,63591,-0.00666666666666671
2022-04-14,74700,76000,73900,74400,56141,-0.0013422818791946067
2022-04-15,74000,76000,73600,75100,44808,0.009408602150537737
2022-04-18,75100,77600,74200,76900,57491,0.023968042609853635
2022-04-19,76900,77600,76200,76400,30032,-0.006501950585175553
2022-04-20,75600,77000,74800,76000,46085,-0.005235602094240788
2022-04-21,76000,80000,75300,80000,110942,0.05263157894736836
2022-04-22,78900,80300,77500,79600,60096,-0.0050000000000000044
2022-04-25,78600,79700,77500,78500,41200,-0.013819095477386911
2022-04-26,79500,84500,77000,82500,165699,0.05095541401273884
2022-04-27,81000,81900,79000,81200,36986,-0.015757575757575748
2022-04-28,81600,82200,78800,79600,34558,-0.019704433497536922
2022-04-29,80400,80500,77600,79900,32341,0.0037688442211054607
2022-05-02,77900,80400,77100,80000,49162,0.0012515644555695093
2022-05-03,86000,87300,78300,81900,256032,0.023749999999999938
2022-05-04,81000,81400,76900,77300,112966,-0.05616605616605619
2022-05-06,76600,80700,75000,80400,124167,0.040103492884864256
2022-05-09,79900,80800,75600,77000,113542,-0.04228855721393032
2022-05-10,76700,79300,73500,78300,144428,0.016883116883116944
2022-05-11,76800,81000,76300,80500,482551,0.02809706257982114
2022-05-12,79700,81000,78300,80200,99389,-0.003726708074534124
2022-05-13,79400,83900,79400,83900,143881,0.046134663341645954
2022-05-16,85100,85400,81600,82800,126212,-0.013110846245530383
2022-05-17,82400,85300,82300,85000,75633,0.02657004830917864
2022-05-18,85400,86600,82000,83600,83812,-0.016470588235294126
2022-05-19,81500,84300,80500,83400,88919,-0.0023923444976076125
2022-05-20,83400,84200,82200,82300,38232,-0.013189448441247031
2022-05-23,82600,83500,81000,82800,35090,0.0060753341433779084
2022-05-24,81800,82600,80500,81200,49761,-0.019323671497584516
2022-05-25,81500,84800,80000,83000,54969,0.022167487684729092
2022-05-26,82300,89000,82100,86800,208562,0.04578313253012056
2022-05-27,86800,88300,85700,86600,49819,-0.0023041474654378336
2022-05-30,87500,88300,84700,86400,38434,-0.002309468822170868
2022-05-31,85500,87000,85000,86700,30055,0.003472222222222321
2022-06-02,85800,87700,85400,87500,34451,0.009227220299884653
2022-06-03,88500,88500,84500,85600,40520,-0.021714285714285686
2022-06-07,84300,85400,84000,85100,21493,-0.005841121495327117
2022-06-08,84300,88900,84300,86800,47082,0.0199764982373678
2022-06-09,87100,87400,85000,86100,33594,-0.008064516129032251
2022-06-10,84800,86300,83800,85600,37160,-0.005807200929152101
2022-06-13,83500,84600,79900,80700,72429,-0.05724299065420557
2022-06-14,77100,80000,76000,79200,128091,-0.018587360594795488
2022-06-15,78700,80000,76800,78100,40198,-0.01388888888888884
2022-06-16,79800,81200,76700,77900,64532,-0.002560819462227859
2022-06-17,76300,76600,73200,73600,96823,-0.05519897304236199
2022-06-20,75000,75300,70100,70800,66270,-0.03804347826086951
2022-06-21,70000,71000,68600,70400,66264,-0.005649717514124242
2022-06-22,70900,71000,64300,64900,159624,-0.078125
2022-06-23,65100,65900,62200,63000,313487,-0.02927580893682591
2022-06-24,63300,66000,63000,65600,75246,0.041269841269841345
2022-06-27,65600,66800,63100,65700,81900,0.0015243902439023849
2022-06-28,65900,66600,64200,65100,32619,-0.0091324200913242
2022-06-29,63800,65700,60500,64600,302783,-0.007680491551459334
2022-06-30,64100,64500,60200,60900,69317,-0.05727554179566563
2022-07-01,61000,62700,57500,58600,418437,-0.0377668308702791
2022-07-04,58500,58900,56100,58200,51856,-0.0068259385665528916
2022-07-05,58200,59200,56600,58000,273888,-0.0034364261168384758
2022-07-06,58100,60500,57500,58300,142681,0.005172413793103514
2022-07-07,58400,60500,57700,60200,126859,0.032590051457976
2022-07-08,60900,61400,59800,60700,57961,0.008305647840531671
2022-07-11,60600,62500,59600,59800,56391,-0.014827018121911006
2022-07-12,58900,59100,55200,56800,116350,-0.050167224080267525
2022-07-13,56800,58000,55700,57900,58150,0.01936619718309851
2022-07-14,57300,58100,55800,57800,71347,-0.0017271157167529916
2022-07-15,59200,60000,56900,58900,610984,0.01903114186851207
2022-07-18,59800,62600,59700,62400,267854,0.05942275042444822
2022-07-19,61800,61900,59600,60900,206752,-0.024038461538461564
2022-07-20,62500,64200,62300,63200,170051,0.03776683087027921
2022-07-21,62600,64000,62100,63200,84550,0.0
2022-07-22,63100,63400,61200,61200,50064,-0.03164556962025311
2022-07-25,60600,62900,60600,62500,43027,0.0212418300653594
2022-07-26,62500,62700,61400,62400,50476,-0.0016000000000000458
2022-07-27,62400,63500,61700,62900,52578,0.008012820512820484
2022-07-28,63800,64800,62700,63600,157293,0.0111287758346581
2022-07-29,63900,67800,63700,66000,180265,0.037735849056603765
2022-08-01,66000,66000,61800,63000,112413,-0.045454545454545414
2022-08-02,62900,63500,60900,62800,92927,-0.0031746031746031633
2022-08-03,62000,63000,59500,60000,149839,-0.04458598726114649
2022-08-04,60500,61300,59300,61200,89224,0.020000000000000018
2022-08-05,61200,61400,60000,61400,51339,0.0032679738562091387
2022-08-08,61300,61300,58400,59700,88453,-0.027687296416938123
2022-08-09,59200,59200,56200,57300,177627,-0.04020100502512558
2022-08-10,56400,57000,54800,56900,141307,-0.006980802792321161
2022-08-11,57800,59200,57500,58900,102120,0.03514938488576447
2022-08-12,58200,60000,58000,59400,48687,0.008488964346349714
2022-08-16,59600,60700,58400,59600,77881,0.0033670033670034627
2022-08-17,59100,59800,57800,58400,60898,-0.020134228187919434
2022-08-18,58000,61100,57200,60900,96946,0.042808219178082085
2022-08-19,62800,62800,58800,59300,147182,-0.026272577996715896
2022-08-22,58200,58200,56000,56000,93158,-0.05564924114671166
2022-08-23,55300,56800,54500,55400,342084,-0.010714285714285676
2022-08-24,55400,57800,55300,56800,194067,0.025270758122743597
2022-08-25,56900,58700,55700,57900,138200,0.01936619718309851
2022-08-26,58300,59700,57900,58400,116846,0.008635578583765069
2022-08-29,55700,56900,54100,54800,208141,-0.06164383561643838
2022-08-30,54600,56400,53800,56200,141762,0.025547445255474477
2022-08-31,55500,58100,54900,58000,100889,0.03202846975088969
2022-09-01,57100,57500,55800,56000,61189,-0.03448275862068961
2022-09-02,56400,56900,53600,54000,163199,-0.0357142857142857
2022-09-05,54000,54100,51900,53300,89462,-0.012962962962962954
2022-09-06,53700,54300,51800,52600,305131,-0.013133208255159512
2022-09-07,51600,52700,50400,52400,118895,-0.0038022813688213253
2022-09-08,52900,53300,51700,52100,69803,-0.005725190839694694
2022-09-13,52400,55500,52200,55500,134332,0.06525911708253362
2022-09-14,52900,53800,52400,53500,71609,-0.036036036036036
2022-09-15,53700,54000,52900,53800,44483,0.005607476635514086
2022-09-16,52900,53500,51900,52900,54603,-0.016728624535315983
2022-09-19,53300,54400,52800,53300,45472,0.007561436672967936
2022-09-20,54000,54200,52400,53000,47271,-0.0056285178236398226
2022-09-21,52500,52500,49950,51000,94211,-0.037735849056603765
2022-09-22,49950,51300,48850,50000,224207,-0.019607843137254943
2022-09-23,49350,50300,46800,47000,282278,-0.06000000000000005
2022-09-26,46200,46900,43800,44100,345441,-0.0617021276595745
2022-09-27,43350,44450,41850,43750,320975,-0.007936507936507908
2022-09-28,43200,44000,41400,42000,85179,-0.040000000000000036
2022-09-29,42400,43100,40300,40900,147564,-0.02619047619047621
2022-09-30,40000,41350,39450,40400,62146,-0.012224938875305624
2022-10-04,41800,43000,41300,42800,251470,0.05940594059405946
2022-10-05,43300,43450,41150,41600,178956,-0.028037383177570097
2022-10-06,42000,43650,41900,43500,42630,0.04567307692307687
2022-10-07,43050,44950,42350,43450,100899,-0.0011494252873562871
2022-10-11,42050,42400,40650,42200,65779,-0.028768699654775576
2022-10-12,41950,42000,37800,38350,325275,-0.09123222748815163
2022-10-13,37900,39300,37800,38700,79943,0.009126466753585305
2022-10-14,39650,40600,38500,40300,152906,0.04134366925064592
2022-10-17,39000,40350,38450,39750,139529,-0.013647642679900707
2022-10-18,40050,40500,38350,39250,86138,-0.012578616352201255
2022-10-19,39100,39500,38050,38750,69515,-0.01273885350318471
2022-10-20,38450,39200,37350,38300,174142,-0.011612903225806437
2022-10-21,37650,38450,36350,37850,288038,-0.011749347258485643
2022-10-24,38500,38900,37850,38350,402928,0.013210039630118908
2022-10-25,38050,40300,37500,39600,348206,0.0325945241199479
2022-10-26,39200,39200,35900,36850,447335,-0.06944444444444442
2022-10-27,36850,39250,36350,39200,237117,0.06377204884667576
2022-10-28,38250,38800,37200,37500,120192,-0.04336734693877553
2022-10-31,37950,38950,37950,38450,153143,0.02533333333333343
2022-11-01,38000,38250,37400,37950,205724,-0.013003901170351106
2022-11-02,37950,38050,36850,38000,72325,0.0013175230566535578
2022-11-03,37100,38100,36950,37800,66339,-0.0052631578947368585
2022-11-04,37200,37750,36350,36900,195120,-0.023809523809523836
2022-11-07,37100,39000,36700,39000,121060,0.05691056910569103
2022-11-08,39000,40150,38900,39550,127693,0.014102564102564052
2022-11-09,40450,40900,39750,40000,90984,0.011378002528444897
2022-11-10,39550,39950,39100,39150,49997,-0.02124999999999999
2022-11-11,41500,42300,41050,41700,137746,0.06513409961685834
2022-11-14,42000,42100,39500,39550,144261,-0.05155875299760193
2022-11-15,39750,43700,39550,43450,470061,0.09860935524652348
2022-11-16,43850,43900,42500,42750,92177,-0.016110471806674354
2022-11-17,42700,44100,41550,43950,136171,0.02807017543859658
2022-11-18,44200,44600,42500,42500,117473,-0.0329920364050057
2022-11-21,42450,42950,41250,41600,104876,-0.02117647058823524
2022-11-22,41000,41850,40500,41300,72148,-0.007211538461538436
2022-11-23,41400,43500,41400,43100,83364,0.04358353510895885
2022-11-24,42800,43700,42450,43500,46018,0.009280742459396807
2022-11-25,43450,43500,42400,42700,53861,-0.01839080459770115
2022-11-28,42100,42600,41050,41450,106583,-0.029274004683840782
2022-11-29,41350,42850,41000,42300,44621,0.020506634499396936
2022-11-30,42500,42500,41200,41700,88916,-0.014184397163120588
2022-12-01,43000,43450,42000,42100,70509,0.00959232613908867
2022-12-02,41900,41900,41150,41350,28216,-0.017814726840855055
2022-12-05,41500,42700,41050,42000,33964,0.01571946795646917
2022-12-06,41500,41600,40350,40450,43965,-0.036904761904761885
2022-12-07,39550,40500,39550,40400,34990,-0.0012360939431397266
2022-12-08,39900,40700,39200,39200,45528,-0.02970297029702973
2022-12-09,39700,41000,38350,40400,59198,0.030612244897959107
2022-12-12,40400,40400,39150,39500,41120,-0.022277227722772297
2022-12-13,39600,40150,38900,39450,64649,-0.0012658227848101333
2022-12-14,39850,41300,39800,41100,49777,0.041825095057034245
2022-12-15,40300,40950,39850,40200,33059,-0.021897810218978075
2022-12-16,39050,40100,38900,39400,49881,-0.01990049751243783
2022-12-19,39000,39650,37650,39450,37294,0.0012690355329949554
2022-12-20,38800,39650,37900,38150,81906,-0.03295310519645123
2022-12-21,38300,38500,37400,37900,56400,-0.006553079947575369
2022-12-22,38100,38300,37550,37900,72890,0.0
2022-12-23,36900,37000,35800,36050,95425,-0.04881266490765168
2022-12-26,36100,39050,35500,38450,273649,0.06657420249653256
2022-12-27,38900,39900,37900,38950,219981,0.013003901170351106
2022-12-28,38400,39200,38150,38700,93561,-0.006418485237484006
2022-12-29,38350,38350,36300,36950,107984,-0.0452196382428941
2023-01-02,37900,37900,34150,34600,499525,-0.06359945872801087
2023-01-03,34600,34850,32950,34000,161487,-0.017341040462427793
2023-01-04,33800,37450,33200,37000,196934,0.08823529411764697
2023-01-05,36750,37150,35500,36100,71532,-0.024324324324324298
2023-01-06,36050,38150,35700,37800,71806,0.047091412742382266
2023-01-09,38500,39200,37950,38800,57678,0.02645502645502651
2023-01-10,38350,40400,37700,39850,121059,0.027061855670102997
2023-01-11,39850,41050,39850,40800,93769,0.023839397741530766
2023-01-12,40800,41650,40000,41300,88657,0.01225490196078427
2023-01-13,40500,41550,40450,41100,52815,-0.004842615012106588
2023-01-16,41400,42100,41050,41600,51661,0.012165450121654597
2023-01-17,41100,42400,40700,41850,75968,0.006009615384615419
2023-01-18,41500,42100,40800,41600,48428,-0.005973715651135025
2023-01-19,41200,42850,40750,42500,56974,0.02163461538461542
2023-01-20,42650,43050,39750,41000,336041,-0.03529411764705881
2023-01-25,41950,43400,41600,42850,136392,0.045121951219512235
2023-01-26,43150,43200,41500,42200,107459,-0.01516919486581092
2023-01-27,42500,43700,41800,42300,171713,0.0023696682464455776
2023-01-30,42000,42250,40300,40600,112873,-0.04018912529550822
2023-01-31,40550,41350,40000,40500,73494,-0.0024630541871921707
2023-02-01,40550,41750,40400,40700,103008,0.004938271604938205
2023-02-02,41700,42450,41400,41550,144901,0.020884520884520974
2023-02-03,41900,41900,40450,40900,96553,-0.01564380264741272
2023-02-06,40600,40600,39350,39500,89947,-0.03422982885085579
2023-02-07,39400,40600,39150,40300,83503,0.020253164556962133
2023-02-08,40750,41550,40450,40950,193499,0.016129032258064502
2023-02-09,40700,42100,40250,41850,128297,0.0219780219780219
2023-02-10,41800,42150,40150,40150,110570,-0.04062126642771802
2023-02-13,40150,40500,39350,40200,78719,0.001245330012453305
2023-02-14,40500,43200,40400,42950,375684,0.06840796019900508
2023-02-15,43300,44400,41850,42150,366980,-0.01862630966239809
2023-02-16,42750,46000,41300,42650,813967,0.011862396204033177
2023-02-17,42200,42200,40350,40450,253214,-0.05158264947245017
2023-02-20,40600,40700,38750,39700,260546,-0.018541409147095234
2023-02-21,39750,39950,38300,38800,283195,-0.02267002518891692
2023-02-22,37950,38550,37250,37400,182632,-0.03608247422680411
2023-02-23,37800,39000,37400,38850,135175,0.03877005347593587
2023-02-24,39400,40200,38100,38550,185923,-0.007722007722007707
2023-02-27,37900,38400,37400,37950,112710,-0.015564202334630295
2023-02-28,38450,39350,38350,38500,137401,0.01449275362318847
2023-03-02,38650,38650,37300,37350,164421,-0.029870129870129825
2023-03-03,37700,38000,37050,37300,96554,-0.0013386880856760541
2023-03-06,37500,38250,36900,38000,100895,0.018766756032171594
2023-03-07,38000,38050,37050,37300,87891,-0.018421052631578894
2023-03-08,37000,37100,36100,36100,139134,-0.03217158176943702
2023-03-09,36600,37500,36200,37250,109046,0.03185595567867039
2023-03-10,36500,36500,35650,35850,98870,-0.037583892617449655
2023-03-13,35400,36050,35000,35900,103968,0.001394700139470073
2023-03-14,35900,35900,33700,33700,125793,-0.06128133704735372
2023-03-15,34800,34800,33600,33800,121706,0.0029673590504450953
2023-03-16,33800,35450,33250,34800,85377,0.029585798816567976
2023-03-17,35600,37550,35550,36850,155899,0.05890804597701149
2023-03-20,36800,37250,36650,37000,67542,0.004070556309362372
2023-03-21,37250,37500,36650,36650,69389,-0.009459459459459474
2023-03-22,36700,37650,36400,37550,87681,0.024556616643929052
2023-03-23,36950,37200,36600,36850,68908,-0.018641810918774926
2023-03-24,37450,39400,37150,39000,242162,0.05834464043419274
2023-03-27,40000,40850,38400,40650,263993,0.04230769230769238
2023-03-28,40250,42300,39650,42300,268142,0.040590405904058935
2023-03-29,43150,43500,42100,43150,226807,0.02009456264775422
2023-03-30,44600,45900,43950,44800,478259,0.03823870220162218
2023-03-31,45100,45750,43050,43600,199336,-0.0267857142857143
2023-04-03,43800,43950,42050,43500,149349,-0.002293577981651418
2023-04-04,43550,43550,41600,41600,168754,-0.04367816091954024
2023-04-05,41500,42850,41500,41950,97496,0.008413461538461453
2023-04-06,41750,41750,40050,40050,162326,-0.045292014302741324
2023-04-07,40800,44750,40800,44600,338311,0.11360799001248445
2023-04-10,44800,45200,42850,43300,208235,-0.029147982062780242
2023-04-11,43850,45850,43500,43900,265143,0.01385681293302543
2023-04-12,43950,44050,42400,43300,135898,-0.013667425968109326
2023-04-13,42750,43050,41950,42550,97894,-0.01732101616628179
2023-04-14,43150,43450,42150,42750,115389,0.004700352526439522
2023-04-17,42400,42400,40750,41800,117655,-0.022222222222222254
2023-04-18,41850,41850,40600,40800,82282,-0.02392344497607657
2023-04-19,40900,41500,40450,41000,73260,0.004901960784313708
2023-04-20,40500,40900,39500,39500,112096,-0.03658536585365857
2023-04-21,39600,40650,39200,39700,95915,0.005063291139240533
2023-04-24,40100,40100,38150,38350,103908,-0.03400503778337527
2023-04-25,38150,38950,37050,37900,102616,-0.011734028683181186
2023-04-26,37600,39200,37450,38100,64048,0.005277044854881341
2023-04-27,38600,39100,37700,39000,81605,0.023622047244094446
2023-04-28,39800,39800,38050,38050,93740,-0.024358974358974383
2023-05-02,38250,38600,37550,38200,43224,0.003942181340341744
2023-05-03,37750,38850,37400,38300,50310,0.002617801047120505
2023-05-04,38500,38500,37050,37250,89724,-0.02741514360313313
2023-05-08,37700,38100,37300,37850,45484,0.016107382550335503
2023-05-09,37900,37900,36150,36400,84852,-0.03830911492734479
2023-05-10,36400,36800,36000,36200,39345,-0.005494505494505475
2023-05-11,36600,36800,36100,36400,37241,0.005524861878453136
2023-05-12,36500,36600,35750,36350,25676,-0.0013736263736263687
2023-05-15,36000,36000,35100,35250,91226,-0.030261348005502064
2023-05-16,34200,35150,34050,34100,137542,-0.03262411347517735
2023-05-17,33800,35800,33800,35550,101963,0.04252199413489732
2023-05-18,36150,37150,35550,37150,74554,0.04500703234880454
2023-05-19,37900,39650,37750,39450,266234,0.06191117092866749
2023-05-22,40450,41650,39800,40650,165808,0.03041825095057038
2023-05-23,40650,41450,40050,41000,110353,0.008610086100861114
2023-05-24,40600,41350,40250,40750,85384,-0.0060975609756097615
2023-05-25,41500,42300,40600,41000,186045,0.006134969325153339
2023-05-26,41400,43650,41100,42700,290737,0.04146341463414638
2023-05-30,44000,44100,42100,42800,222463,0.0023419203747072626
2023-05-31,42700,43600,41050,43250,183501,0.010514018691588856
2023-06-01,42500,43550,41600,43500,142574,0.005780346820809301
2023-06-02,44050,44850,42350,43400,155812,-0.0022988505747126853
2023-06-05,43700,43750,42100,42600,120775,-0.018433179723502335
2023-06-07,42600,43000,42000,42650,76487,0.0011737089201877549
2023-06-08,42650,43100,41650,42650,103639,0.0
2023-06-09,42950,43050,41950,42350,99059,-0.007033997655334079
2023-06-12,42600,42850,41750,42400,74535,0.0011806375442739991
2023-06-13,42950,44500,42950,43900,273007,0.03537735849056611
2023-06-14,44600,44650,41800,41950,177041,-0.044419134396355364
2023-06-15,42200,48850,42150,48600,963262,0.15852205005959474
2023-06-16,48500,49800,47100,49150,463100,0.011316872427983515
2023-06-19,49600,53200,49200,52000,435081,0.05798575788402838
2023-06-20,51700,57200,49250,56600,873394,0.08846153846153837
2023-06-21,56000,57400,53400,54800,485282,-0.03180212014134276
2023-06-22,54000,55100,51700,54100,446550,-0.012773722627737238
2023-06-23,53700,54800,53200,53600,164879,-0.009242144177449174
2023-06-26,53000,55200,52300,54400,164543,0.014925373134328401
2023-06-27,53700,55100,53200,54800,115919,0.007352941176470562
2023-06-28,55200,55600,53500,54500,114810,-0.005474452554744547
2023-06-29,54900,55800,53800,55100,121037,0.011009174311926495
2023-06-30,55300,56300,52500,55200,187004,0.001814882032667775
2023-07-03,56300,58800,55300,55500,301809,0.005434782608695565
2023-07-04,55500,58800,54300,57600,241278,0.037837837837837895
2023-07-05,56900,57900,54500,54800,225448,-0.04861111111111116
2023-07-06,53700,54500,51500,51700,275834,-0.05656934306569339
2023-07-07,51500,52400,49500,49800,185488,-0.03675048355899424
2023-07-10,49850,50100,47550,47700,182548,-0.04216867469879515
2023-07-11,48150,49450,47450,49200,162726,0.03144654088050314
2023-07-12,49200,52200,48750,51600,156938,0.04878048780487809
2023-07-13,52700,54400,51100,51100,201993,-0.009689922480620172
2023-07-14,53000,56000,52200,55200,515570,0.08023483365949113
2023-07-17,54300,55500,52400,54700,194749,-0.009057971014492794
2023-07-18,55100,55400,52800,52900,128620,-0.03290676416819016
2023-07-19,53300,54200,50600,51100,208829,-0.03402646502835538
2023-07-20,50400,53900,50300,53000,135947,0.03718199608610573
2023-07-21,51400,52500,50700,51300,102509,-0.0320754716981132
2023-07-24,51300,52000,50500,50900,109002,-0.007797270955165692
2023-07-25,50900,52700,49600,51000,132104,0.0019646365422396617
2023-07-26,52300,52500,48750,48750,210260,-0.044117647058823484
2023-07-27,49200,52500,48850,51600,144597,0.058461538461538565
2023-07-28,52200,53100,51200,52400,121299,0.015503875968992276
2023-07-31,54000,54900,52000,52800,223518,0.007633587786259444
2023-08-01,53200,53200,50400,51700,122718,-0.02083333333333337
2023-08-02,50500,51500,48150,48250,158172,-0.0667311411992263
2023-08-03,48100,48250,46500,47750,130085,-0.010362694300518172
2023-08-04,48250,48250,46600,47100,100579,-0.013612565445026203
2023-08-07,47400,47900,46300,46600,100824,-0.010615711252653925
2023-08-08,47200,47300,45600,45800,75535,-0.01716738197424894
2023-08-09,45800,46400,45050,45550,84047,-0.00545851528384278
2023-08-10,45100,45150,43500,44250,137542,-0.028540065861690445
2023-08-11,43900,45200,43900,44300,66195,0.001129943502824915
2023-08-14,43850,44250,41900,43300,120564,-0.02257336343115124
2023-08-16,43300,44400,43050,43400,71367,0.002309468822170979
2023-08-17,42850,44000,42250,43250,75796,-0.003456221198156695
2023-08-18,42350,44950,41950,43750,93882,0.011560693641618602
2023-08-21,44400,44400,42150,42250,89299,-0.03428571428571425
2023-08-22,43200,44150,41100,41350,115171,-0.02130177514792897
2023-08-23,40750,42600,40700,41950,63464,0.0145102781136639
2023-08-24,43250,43850,41900,41950,93184,0.0
2023-08-25,41000,41050,40000,40200,95645,-0.04171632896305122
2023-08-28,40700,41100,40300,40900,37910,0.017412935323383172
2023-08-29,41300,41900,40800,41550,50555,0.01589242053789741
2023-08-30,42100,43050,42050,42600,60870,0.025270758122743597
2023-08-31,43350,43350,41750,42150,66214,-0.010563380281690127
2023-09-01,42400,46500,41950,46400,263276,0.10083036773428233
2023-09-04,47000,47500,45000,45450,105861,-0.020474137931034475
2023-09-05,45450,46300,44650,45300,56216,-0.0033003300330033403
2023-09-06,45350,45400,43950,44000,56073,-0.028697571743929395
2023-09-07,43800,49500,43800,47600,519716,0.08181818181818179
2023-09-08,47800,48050,46400,47600,138475,0.0
2023-09-11,47700,47700,45800,46300,79004,-0.027310924369747913
2023-09-12,46550,47300,45800,46500,73006,0.004319654427645814
2023-09-13,46500,48550,46050,46750,102212,0.005376344086021501
2023-09-14,47150,49400,47150,48250,165769,0.03208556149732611
2023-09-15,48400,48900,47300,48050,69787,-0.004145077720207224
2023-09-18,46900,47300,42650,42750,294005,-0.11030176899063471
2023-09-19,42750,43750,42700,42900,75152,0.0035087719298245723
2023-09-20,42350,44200,42350,43600,86682,0.01631701631701632
2023-09-21,42100,42950,41500,41750,78602,-0.04243119266055051
2023-09-22,41150,42300,40950,41900,40858,0.00359281437125758
2023-09-25,41600,43100,41500,41700,25696,-0.004773269689737458
2023-09-26,41700,42300,41100,41500,24897,-0.004796163069544335
2023-09-27,40850,43350,40650,42700,48131,0.028915662650602414
2023-10-04,41950,42450,41200,41900,52411,-0.0187353629976581
2023-10-05,42250,42800,41000,41000,37548,-0.021479713603818618
2023-10-06,41000,41650,40700,41250,25578,0.0060975609756097615
2023-10-10,41750,42800,40300,40700,54093,-0.013333333333333308
2023-10-11,41750,43400,41350,42050,39663,0.033169533169533194
2023-10-12,42800,44100,42500,43350,44621,0.030915576694411362
2023-10-13,42950,44050,42850,43450,37172,0.0023068050749712743
2023-10-16,42750,43100,41250,42200,56924,-0.028768699654775576
2023-10-17,42300,44400,42100,44350,65035,0.05094786729857814
2023-10-18,43550,45100,43200,44400,47452,0.0011273957158963732
2023-10-19,43050,44000,42400,43000,47992,-0.03153153153153154
2023-10-20,42200,43050,41050,42300,70871,-0.016279069767441867
2023-10-23,41700,43400,41650,41950,29491,-0.008274231678486954
2023-10-24,42600,44050,42150,44050,57961,0.05005959475566146
2023-10-25,44400,44400,43150,43350,36938,-0.01589103291713967
2023-10-26,41600,42150,39700,40150,115231,-0.07381776239907722
2023-10-27,40750,41500,39700,40400,54262,0.0062266500622665255
2023-10-30,40400,41150,40100,40100,22376,-0.007425742574257432
2023-10-31,40400,41000,35300,35450,190597,-0.11596009975062349
2023-11-01,35700,37400,35450,35550,153261,0.0028208744710860323
2023-11-02,36700,38800,36650,38650,121748,0.08720112517580869
2023-11-03,39150,41800,38850,40750,154807,0.05433376455368699
2023-11-06,41100,41600,40200,41300,105480,0.013496932515337345
2023-11-07,41100,42350,40400,41100,97933,-0.004842615012106588
2023-11-08,41400,42100,41050,41150,62122,0.0012165450121655041
2023-11-09,41450,41500,40300,40450,37086,-0.017010935601458055
2023-11-10,39900,40850,39400,40350,44417,-0.0024721878862793423
2023-11-13,40700,41000,39200,39750,33125,-0.014869888475836479
2023-11-14,39900,40300,39700,40300,33268,0.01383647798742138
2023-11-15,43150,47000,43000,44850,359133,0.11290322580645151
2023-11-16,45300,51700,44750,50300,482344,0.12151616499442586
2023-11-17,49950,52800,49900,51400,390311,0.021868787276341894
2023-11-20,51600,51900,49250,50000,140372,-0.027237354085603127
2023-11-21,50000,52400,49200,50000,186787,0.0
2023-11-22,49350,50400,47800,49350,128268,-0.013000000000000012
2023-11-23,49000,50300,48600,49000,79035,-0.007092198581560294
2023-11-24,48700,49700,48350,48900,41399,-0.0020408163265306367
2023-11-27,48950,50600,48000,50300,110741,0.02862985685071573
2023-11-28,49800,50900,48750,50800,94728,0.00994035785288272
2023-11-29,50900,51000,49400,49650,75372,-0.02263779527559051
2023-11-30,50100,50800,49600,50700,78495,0.02114803625377637
2023-12-01,50700,51000,49500,49600,61814,-0.021696252465483234
2023-12-04,49950,49950,48250,48450,55951,-0.02318548387096775
2023-12-05,47550,49200,46550,47000,96251,-0.029927760577915352
2023-12-06,47200,48400,46300,47800,49125,0.017021276595744705
2023-12-07,47350,48250,46500,47100,59694,-0.014644351464435101
2023-12-08,48650,49200,48000,48700,57814,0.03397027600849256
2023-12-11,49150,49150,47500,47600,33779,-0.022587268993839782
2023-12-12,48250,49250,47500,47850,95253,0.005252100840336116
2023-12-13,48050,49200,48050,48300,57968,0.00940438871473348
2023-12-14,49300,49800,47600,48400,93578,0.0020703933747412417
2023-12-15,48400,49050,47400,47400,58560,-0.02066115702479343
2023-12-18,47850,49000,47500,48000,69025,0.012658227848101333
2023-12-19,48000,48750,47750,47900,50952,-0.002083333333333326
2023-12-20,48400,48650,47750,48150,37092,0.005219206680584509
2023-12-21,47800,48450,46700,47250,80799,-0.01869158878504673
2023-12-22,48200,50200,47700,49100,189678,0.03915343915343916
2023-12-26,49500,49500,47100,47650,96861,-0.029531568228105876
2023-12-27,47700,50000,47700,49450,121466,0.03777544596012583
2023-12-28,49450,49700,48700,49450,41857,0.0
2024-01-02,49400,51700,49100,51400,157469,0.039433771486349745
2024-01-03,50700,51300,49300,50900,117645,-0.009727626459143934
2024-01-04,50900,52200,49800,49800,118838,-0.0216110019646365
2024-01-05,49800,50400,49200,49950,53489,0.003012048192771122
2024-01-08,50200,50900,49100,49700,90421,-0.005005005005005003
2024-01-09,50700,51400,49350,49650,101266,-0.001006036217303774
2024-01-10,50000,50200,47950,48200,74750,-0.029204431017119892
2024-01-11,48250,48600,46250,46800,143718,-0.02904564315352698
2024-01-12,46800,47350,45700,46100,78493,-0.014957264957264904
2024-01-15,46400,46900,45250,45450,52156,-0.014099783080260275
2024-01-16,45550,45900,44250,44550,58536,-0.01980198019801982
2024-01-17,44900,45600,43750,43800,55123,-0.01683501683501687
2024-01-18,43500,44450,43100,44300,50037,0.011415525114155223
2024-01-19,45200,46300,45200,45750,96613,0.03273137697516937
2024-01-22,47000,47100,45800,45850,67026,0.002185792349726823
2024-01-23,46300,46400,45200,45200,56993,-0.014176663031624903
2024-01-24,45250,47700,45250,47550,130517,0.05199115044247793
2024-01-25,48700,48900,46800,46900,101783,-0.013669821240799185
2024-01-26,47000,47450,45600,46400,58431,-0.010660980810234588
2024-01-29,46700,47450,43850,43850,217869,-0.05495689655172409
2024-01-30,45000,46250,43000,44050,112450,0.004561003420752607
2024-01-31,43750,43750,42050,42050,82966,-0.04540295119182747
2024-02-01,42850,45000,42400,43500,193492,0.034482758620689724
2024-02-02,44900,48650,44750,47000,364072,0.08045977011494254
2024-02-05,46550,47250,44800,46800,92702,-0.004255319148936176
2024-02-06,46600,48900,45850,48700,164393,0.040598290598290676
2024-02-07,48200,48950,47500,48500,107476,-0.004106776180698102
2024-02-08,48850,49750,48250,48600,122626,0.0020618556701030855
2024-02-13,49650,59400,49550,57000,1272498,0.1728395061728396
2024-02-14,55300,58500,55100,57800,351256,0.01403508771929829
2024-02-15,57500,58100,53800,54500,396221,-0.05709342560553632
2024-02-16,55000,55800,53100,53500,226569,-0.01834862385321101
2024-02-19,53400,54200,52200,52700,195764,-0.01495327102803734
2024-02-20,53000,55700,52500,54600,272567,0.036053130929791344
2024-02-21,55100,56400,54200,54900,301327,0.005494505494505475
2024-02-22,56500,62500,55600,61300,828362,0.1165755919854281
2024-02-23,62100,62900,59200,59200,301304,-0.034257748776509
2024-02-26,57800,58900,55700,57100,375157,-0.03547297297297303
2024-02-27,56700,57700,54200,55000,269579,-0.03677758318739055
2024-02-28,54800,55200,53500,54800,173371,-0.0036363636363636598
2024-02-29,54400,57600,53300,56400,219412,0.029197080291970767
2024-03-04,58000,59600,56400,59200,250455,0.049645390070921946
2024-03-05,58700,58800,56400,56900,155517,-0.038851351351351315
2024-03-06,55800,57500,55300,57500,131729,0.010544815465729274
2024-03-07,57900,58800,57000,58100,184513,0.01043478260869568
2024-03-08,58900,62000,58500,59900,301895,0.030981067125645412
2024-03-11,57800,61300,55700,60800,271733,0.015025041736226985
2024-03-12,60800,62100,59500,61600,139898,0.013157894736842035
2024-03-13,62600,63200,59000,59100,156165,-0.04058441558441561
2024-03-14,59200,59400,57300,58200,117665,-0.015228426395939132
2024-03-15,56800,59400,56000,58700,120070,0.00859106529209619
2024-03-18,59200,63000,58800,61100,235455,0.040885860306643984
2024-03-19,60000,61100,59600,60100,91066,-0.016366612111292977
2024-03-20,61100,61700,58900,60400,131954,0.004991680532445919
2024-03-21,61400,62200,60000,60300,109956,-0.0016556291390728006
2024-03-22,60600,61300,59000,59300,86812,-0.016583747927031545
2024-03-25,59300,59500,56000,56000,180972,-0.05564924114671166
2024-03-26,56200,57200,55700,55800,70478,-0.0035714285714285587
2024-03-27,55400,59100,55000,59000,177983,0.057347670250896154
2024-03-28,58900,65600,58700,62600,605222,0.0610169491525423
2024-03-29,62600,63300,61400,61600,132131,-0.015974440894568676
2024-04-01,61600,61800,59200,60000,156525,-0.025974025974025983
2024-04-02,62100,64600,58700,59200,354502,-0.013333333333333308
2024-04-03,58900,60600,56900,59200,175841,0.0
2024-04-04,61000,69200,61000,67400,809422,0.1385135135135136
2024-04-05,65600,66000,62200,62600,296979,-0.07121661721068251
2024-04-08,63300,63800,58800,58800,184318,-0.060702875399361034
2024-04-09,58900,60900,58400,60500,127696,0.028911564625850428
2024-04-11,59000,62500,58400,62000,142437,0.024793388429751984
2024-04-12,63000,64800,61400,63700,179377,0.02741935483870961
2024-04-15,61700,64400,61200,63800,116574,0.0015698587127157548
2024-04-16,62700,63100,59000,59200,129323,-0.07210031347962387
2024-04-17,59700,62500,58600,60900,117664,0.028716216216216228
2024-04-18,59900,62200,59100,62200,113436,0.021346469622331776
2024-04-19,60600,61000,56500,57900,187051,-0.06913183279742763
2024-04-22,57500,57500,53400,54400,173478,-0.060449050086355816
2024-04-23,55100,55200,53800,53800,58195,-0.011029411764705843
2024-04-24,55000,66500,54900,64200,651127,0.19330855018587356
2024-04-25,66800,70300,65000,67700,736375,0.054517133956386354
2024-04-26,69900,82300,69300,79000,1151151,0.1669128508124076
2024-04-29,79000,81000,77100,78300,318724,-0.008860759493670933
2024-04-30,78300,85800,76300,83200,584942,0.06257982120051087
2024-05-02,82000,83200,80600,80800,135907,-0.028846153846153855
2024-05-03,86000,87800,77800,80000,393097,-0.00990099009900991
2024-05-07,82000,84000,78100,79600,209444,-0.0050000000000000044
2024-05-08,79600,81900,76400,79100,176037,-0.006281407035175879
2024-05-09,78600,85400,78600,82500,264320,0.04298356510745882
2024-05-10,81800,82200,74700,75900,294983,-0.07999999999999996
2024-05-13,76600,78000,72900,73400,194417,-0.03293807641633728
2024-05-14,71500,73200,69000,71500,322828,-0.02588555858310626
2024-05-16,72900,74500,72100,72900,152746,0.019580419580419672
2024-05-17,72800,73000,69200,69500,141323,-0.04663923182441698
2024-05-20,69400,69800,67300,69500,181686,0.0
2024-05-21,70700,71400,68700,69000,117345,-0.007194244604316502
2024-05-22,69000,74100,68500,73300,270662,0.062318840579710155
2024-05-23,75300,78300,71400,71500,293511,-0.024556616643929052
2024-05-24,70000,70400,61900,62400,496876,-0.12727272727272732
2024-05-27,62400,64200,60900,63400,228905,0.01602564102564097
2024-05-28,62700,64200,60600,61100,284547,-0.0362776025236593
2024-05-29,61600,63000,58100,58200,331344,-0.04746317512274956
2024-05-30,58000,59100,55900,57800,259507,-0.0068728522336769515
2024-05-31,57600,58900,57100,57400,144006,-0.00692041522491349
2024-06-03,57400,61000,56900,60700,209840,0.057491289198606355
2024-06-04,60800,61700,58900,59200,141766,-0.02471169686985175
2024-06-05,61100,62600,58700,58700,225430,-0.008445945945945943
2024-06-07,59700,59900,58000,58000,114726,-0.011925042589437829
2024-06-10,57600,59100,56600,57400,127192,-0.010344827586206917
2024-06-11,57500,57600,55400,56000,192937,-0.024390243902439046
2024-06-12,56000,56300,54700,55600,159996,-0.0071428571428571175
2024-06-13,56100,58100,54600,56700,216407,0.019784172661870603
2024-06-14,58500,59800,56600,56600,222793,-0.0017636684303351524
2024-06-17,57200,57900,55700,56100,96235,-0.00883392226148405
2024-06-18,56300,58600,56200,56700,150234,0.010695187165775444
2024-06-19,57000,59200,55300,55500,200860,-0.021164021164021163
2024-06-20,55800,55900,52500,53400,198465,-0.037837837837837784
2024-06-21,53400,55500,53000,54900,190199,0.028089887640449396
2024-06-24,56100,57400,54800,55800,284033,0.016393442622950838
2024-06-25,56000,56200,52500,54100,161440,-0.03046594982078854
2024-06-26,55000,60200,54000,59200,319470,0.0942698706099816
2024-06-27,57800,58800,57100,57300,134077,-0.03209459459459463
2024-06-28,57400,61100,56900,60100,256975,0.048865619546247796
2024-07-01,59800,60200,58300,59300,129916,-0.01331114808652245
2024-07-02,59200,59200,52200,52500,326154,-0.11467116357504215
2024-07-03,52900,52900,50800,52100,217691,-0.007619047619047636
2024-07-04,53000,57300,52800,57000,333124,0.09404990403071012
2024-07-05,58400,58700,54100,54400,201896,-0.04561403508771933
2024-07-08,54400,54400,52700,52900,140282,-0.02757352941176472
2024-07-09,53000,54900,53000,53700,139991,0.01512287334593565
2024-07-10,53300,53400,51200,51900,158308,-0.03351955307262566
2024-07-11,52300,53200,51500,51800,97929,-0.0019267822736031004
2024-07-12,51200,51500,50000,50200,134179,-0.030888030888030937
2024-07-15,50200,50400,48450,49850,161651,-0.006972111553784854
2024-07-16,49800,49800,48250,48700,103725,-0.02306920762286857
2024-07-17,48700,49550,47350,48200,144281,-0.010266940451745366
2024-07-18,47000,47850,46350,47100,147160,-0.022821576763485507
2024-07-19,46950,48500,46200,48000,102570,0.019108280254777066
2024-07-22,47250,47500,46100,46350,105716,-0.034375000000000044
2024-07-23,46750,47300,44800,44800,128339,-0.033441208198489725
2024-07-24,44250,45750,44250,45400,51519,0.013392857142857206
2024-07-25,44500,44500,41500,42850,192928,-0.05616740088105732
2024-07-26,44500,50900,44200,50000,543370,0.16686114352392067
2024-07-29,50400,50400,48150,48150,123118,-0.03700000000000003
2024-07-30,48150,48150,46850,47600,50964,-0.011422637590861928
2024-07-31,47600,51000,47200,50800,122462,0.0672268907563025
2024-08-01,52100,52100,49050,49900,141889,-0.017716535433070835
2024-08-02,48750,48750,46350,46950,140686,-0.059118236472945895
2024-08-05,45500,45800,38050,38800,228704,-0.1735889243876464
2024-08-06,41000,44450,41000,41600,156882,0.07216494845360821
2024-08-07,42000,43700,41200,42700,73395,0.02644230769230771
2024-08-08,42000,42700,40750,42050,81859,-0.015222482435597207
2024-08-09,44300,45600,43700,44750,87506,0.0642092746730083
2024-08-12,44300,47350,44300,45700,76567,0.02122905027932953
2024-08-13,45800,46700,44700,45000,70650,-0.015317286652078765
2024-08-14,46700,49650,46350,48900,123095,0.08666666666666667
2024-08-16,50900,51300,49100,50100,104709,0.024539877300613577
2024-08-19,50500,51500,50000,50400,55007,0.0059880239520957446
2024-08-20,51800,53500,51300,53100,139432,0.0535714285714286
2024-08-21,52000,53600,51700,52100,51526,-0.01883239171374762
2024-08-22,52200,52600,50000,50500,57559,-0.030710172744721653
2024-08-23,49500,50100,48550,49600,63768,-0.017821782178217838
2024-08-26,50500,50500,47000,47950,138387,-0.03326612903225812
2024-08-27,47350,49000,46700,48800,82361,0.01772679874869665
2024-08-28,48500,51500,48200,50900,90147,0.04303278688524581
2024-08-29,49150,51000,47800,49500,91441,-0.027504911591355596
2024-08-30,50300,50300,48300,48700,134025,-0.016161616161616155
2024-09-02,49300,49400,48050,48550,53200,-0.0030800821355235763
2024-09-03,48500,48800,46450,46450,72990,-0.04325437693099898
2024-09-04,43150,44600,42800,43300,128233,-0.0678148546824543
2024-09-05,43550,44950,42950,42950,63107,-0.008083140877598205
2024-09-06,43000,43000,41250,41500,69224,-0.033760186263096625
2024-09-09,40350,42250,40350,41400,49016,-0.002409638554216831
2024-09-10,41600,42350,40550,40850,37531,-0.01328502415458932
2024-09-11,41250,41950,40400,40550,51498,-0.007343941248470043
2024-09-12,42100,45800,42100,44150,139510,0.08877928483353892
2024-09-13,43750,43750,42300,42750,36128,-0.0317100792751982
2024-09-19,43050,43050,40700,41450,52870,-0.03040935672514622
2024-09-20,42550,43600,41300,42250,63613,0.0193003618817853
2024-09-23,42500,49600,42100,47900,253106,0.13372781065088768
2024-09-24,47800,48500,46500,47800,61800,-0.0020876826722338038
2024-09-25,47600,48400,47150,47900,41808,0.0020920502092049986
2024-09-26,50700,52000,48550,51300,175652,0.07098121085595
2024-09-27,51800,52300,49700,50000,48115,-0.025341130604288553
2024-09-30,50000,50000,48900,49500,36257,-0.010000000000000009
2024-10-02,48000,51200,47050,50200,69041,0.014141414141414232
2024-10-04,50700,51500,49800,49800,29554,-0.007968127490039834
2024-10-07,49850,51400,49650,50600,45326,0.016064257028112428
2024-10-08,49900,50500,48500,49050,58408,-0.03063241106719372
2024-10-10,49500,50800,48050,49800,72083,0.015290519877675823
2024-10-11,50600,53600,49500,51200,137220,0.028112449799196693
2024-10-14,51200,54500,51200,53300,129678,0.041015625
2024-10-15,54000,54200,52400,53300,80178,0.0
2024-10-16,51900,53900,50800,53300,75374,0.0
2024-10-17,53900,54500,51900,52500,49566,-0.015009380863039379
2024-10-18,52700,53000,50000,50000,47526,-0.04761904761904767
2024-10-21,50000,52900,49150,52000,43689,0.040000000000000036
2024-10-22,52300,53100,50900,50900,51083,-0.02115384615384619
2024-10-23,51400,54800,50100,54700,93921,0.07465618860510803
2024-10-24,54000,55500,52400,55100,98609,0.007312614259597838
2024-10-25,55900,56000,53400,53400,55666,-0.030852994555353952
2024-10-28,54000,54000,53000,53100,27313,-0.005617977528089901
2024-10-29,53000,53700,51500,53600,44837,0.009416195856873921
2024-10-30,53500,53600,52100,52100,27357,-0.027985074626865725
2024-10-31,51800,54500,50500,50800,126470,-0.0249520153550864
2024-11-01,49050,51000,48400,50300,79279,-0.009842519685039353
2024-11-04,50200,51900,49400,51400,37658,0.021868787276341894
2024-11-05,50800,51400,49300,49400,35532,-0.03891050583657585
2024-11-06,50000,52100,49700,50400,53851,0.020242914979757165
2024-11-07,49850,50200,46150,47300,152526,-0.06150793650793651
2024-11-08,48200,48800,47350,47350,40940,0.0010570824524311906
2024-11-11,46550,46800,43000,43250,125843,-0.08658922914466738
2024-11-12,42800,43450,40800,41050,94009,-0.05086705202312136
2024-11-13,41100,43750,41100,41700,69568,0.015834348355663774
2024-11-14,41300,43500,40650,42250,110879,0.01318944844124692
2024-11-15,43500,44250,40850,42900,136025,0.01538461538461533
2024-11-18,43000,43300,38850,38900,168843,-0.09324009324009319
2024-11-19,39250,40550,39250,39900,50296,0.02570694087403602
2024-11-20,39950,40250,39400,39550,38404,-0.00877192982456143
2024-11-21,39550,41800,39250,40600,63289,0.026548672566371723
2024-11-22,40700,42150,39350,39400,95892,-0.029556650246305383
2024-11-25,39950,40550,38800,39150,89143,-0.006345177664974666
2024-11-26,39950,39950,38550,39400,62226,0.0063856960408683605
2024-11-27,39400,39400,37000,37050,147780,-0.05964467005076146
2024-11-28,37000,38650,36650,38050,55302,0.026990553306342813
2024-11-29,37750,38000,36850,37050,38786,-0.026281208935611033
2024-12-02,37950,38150,36600,36600,56671,-0.012145748987854255
2024-12-03,36650,38100,36450,36600,50074,0.0
2024-12-04,35500,36500,35050,35450,111323,-0.031420765027322384
2024-12-05,35800,39150,35800,38550,128394,0.08744710860366722
2024-12-06,38800,38950,36550,37350,83094,-0.0311284046692607
2024-12-09,36500,37350,35000,35050,77288,-0.06157965194109771
2024-12-10,35600,36750,35600,36200,45822,0.032810271041369576
2024-12-11,35700,37350,35650,36350,67117,0.004143646408839796
2024-12-12,37250,39300,36600,38650,122372,0.06327372764786787
2024-12-13,38650,39700,37900,39200,63345,0.014230271668822736
2024-12-16,40000,41800,39700,41050,114051,0.047193877551020336
2024-12-17,41950,42150,40450,41950,75978,0.02192448233861155
2024-12-18,41950,42000,40800,41300,45065,-0.015494636471990453
2024-12-19,39650,40700,39400,39850,36578,-0.03510895883777243
2024-12-20,39850,40450,39150,39700,33386,-0.0037641154328732496
2024-12-23,40450,42650,39800,41950,66876,0.0566750629722923
2024-12-24,42600,42650,40800,40900,47165,-0.02502979737783073
2024-12-26,41250,41600,39800,40150,32730,-0.01833740831295838
2024-12-27,40500,42200,39950,40900,51361,0.018679950186799577
2024-12-30,40400,41400,40200,41250,27036,0.008557457212713837
2025-01-02,40800,41600,40200,41300,22907,0.00121212121212122
2025-01-03,41300,44100,41100,43500,75152,0.0532687651331718
2025-01-06,43100,45300,43100,44300,56839,0.01839080459770126
2025-01-07,45000,45000,42800,43100,68733,-0.02708803611738153
2025-01-08,42500,45200,42500,44850,65905,0.040603248259860836
2025-01-09,45250,45500,43400,43650,44975,-0.026755852842809347
2025-01-10,43250,43850,42400,42450,53627,-0.027491408934707917
2025-01-13,41650,42500,40850,41100,53906,-0.03180212014134276
2025-01-14,41400,43500,41250,43400,46900,0.05596107055961075
2025-01-15,43700,44100,41950,42850,40726,-0.012672811059907807
2025-01-16,43500,44400,43150,43700,52084,0.019836639439906545
2025-01-17,43200,44850,43200,44100,39431,0.009153318077803174
2025-01-20,44250,44700,43850,44250,30150,0.00340136054421758
2025-01-21,44700,44950,44000,44250,51614,0.0
2025-01-22,44350,46100,43800,45500,62968,0.02824858757062154
2025-01-23,45850,46050,44450,45250,42841,-0.005494505494505475
2025-01-24,45400,46600,44900,45350,55715,0.0022099447513812542
2025-01-31,44000,44500,42500,43200,53476,-0.047409040793825796
2025-02-03,41700,42300,39850,40300,66495,-0.06712962962962965
2025-02-04,41400,42800,40700,41700,50862,0.03473945409429291
2025-02-05,41750,42700,41750,42000,36335,0.007194244604316502
2025-02-06,42300,43950,42300,43350,40007,0.03214285714285725
2025-02-07,43500,45050,42500,44650,66787,0.029988465974625234
2025-02-10,43850,45400,43100,45000,41575,0.007838745800671898
2025-02-11,45500,46050,44350,44500,37324,-0.011111111111111072
2025-02-12,44500,44950,43600,44400,37556,-0.0022471910112359383
2025-02-13,44400,45950,44400,45100,37900,0.015765765765765716
2025-02-14,46000,46300,44900,45750,54485,0.014412416851441234
2025-02-17,46450,49200,46100,48050,107923,0.050273224043715814
2025-02-18,48250,48450,46700,47400,33521,-0.013527575442247697
2025-02-19,48200,49450,47600,48000,58547,0.012658227848101333
2025-02-20,47800,51200,47800,49650,153412,0.034375000000000044
2025-02-21,49800,51000,48000,48700,59881,-0.019133937562940573
2025-02-24,48000,48200,46000,47450,93099,-0.02566735112936347
2025-02-25,48100,49050,47250,48300,77536,0.017913593256059013
2025-02-26,48400,48400,46600,46600,43814,-0.035196687370600444
2025-02-27,47400,49350,46300,46400,97795,-0.0042918454935622075
2025-02-28,44900,45850,44400,44800,46405,-0.03448275862068961
2025-03-04,44250,44800,43400,44000,36035,-0.017857142857142905
2025-03-05,44800,45400,43700,45200,40380,0.027272727272727337
2025-03-06,46000,46000,42250,42950,68640,-0.0497787610619469
2025-03-07,42000,44300,41850,44250,67801,0.030267753201397074
2025-03-10,43700,44900,43300,44000,27958,-0.005649717514124242
2025-03-11,43000,44900,42300,44900,42885,0.020454545454545503
2025-03-12,44400,48400,44400,47950,83545,0.06792873051224935
2025-03-13,49000,50300,48150,49250,100798,0.027111574556829998
2025-03-14,49200,51000,48950,50400,61739,0.023350253807106647
2025-03-17,51000,52000,50000,50200,51575,-0.003968253968253954
2025-03-18,50200,50200,48600,49000,42215,-0.0239043824701195
2025-03-19,49100,51500,48500,49900,38474,0.01836734693877551
2025-03-20,50700,50900,49500,50500,21291,0.012024048096192397
2025-03-21,51000,54600,50700,52500,169445,0.03960396039603964
2025-03-24,52000,53100,50400,51700,40332,-0.015238095238095273
2025-03-25,52100,52300,48250,48700,57714,-0.05802707930367501
2025-03-26,49400,50900,48700,50900,42291,0.045174537987679564
2025-03-27,50100,50600,49500,49500,22223,-0.027504911591355596
2025-03-28,48800,49550,46000,46550,55121,-0.05959595959595965
2025-03-31,46300,48150,45000,47900,68403,0.029001074113855996
2025-04-01,48800,48900,46650,48000,41775,0.0020876826722338038
2025-04-02,48000,48150,46100,46550,35352,-0.03020833333333328
2025-04-03,44700,47750,44700,46550,27870,0.0
2025-04-04,45950,46250,41800,42600,126944,-0.08485499462943069
2025-04-07,40200,41300,39850,40400,54161,-0.05164319248826288
2025-04-08,41600,42700,40700,40800,23633,0.00990099009900991
2025-04-09,40200,41750,38950,39200,30369,-0.039215686274509776
2025-04-10,43100,43200,41400,41950,70988,0.07015306122448983
2025-04-11,41450,41650,40050,41100,50491,-0.020262216924910592
2025-04-14,41700,42500,41500,41850,28414,0.018248175182481674
2025-04-15,41850,42700,41650,42050,28904,0.004778972520907976
2025-04-16,41550,41600,39750,40000,38626,-0.04875148632580262
2025-04-17,40000,41350,40000,41250,31161,0.03125
2025-04-18,41000,44200,40500,43500,62290,0.05454545454545445
2025-04-21,43100,46150,42750,44650,81911,0.026436781609195492
2025-04-22,45800,45800,43200,43400,66969,-0.027995520716685318
2025-04-23,44600,44800,43500,44400,43683,0.02304147465437789
2025-04-24,44800,44800,41900,42650,69036,-0.0394144144144144
2025-04-25,43650,44350,43300,43800,47364,0.02696365767878084
2025-04-28,43950,43950,41500,41950,67540,-0.04223744292237441
2025-04-29,42400,42400,41850,42000,19016,0.0011918951132301459
2025-04-30,41650,41750,40800,41000,26926,-0.023809523809523836
2025-05-02,41300,42600,41000,42150,32774,0.028048780487804903
2025-05-07,42500,43200,41650,42700,35940,0.013048635824436605
2025-05-08,43050,44400,42950,43800,48121,0.025761124121779888
2025-05-09,44500,44500,43350,44000,36395,0.004566210045662045
2025-05-12,44500,45500,43850,45450,35951,0.03295454545454546
2025-05-13,46950,47000,45050,45700,37884,0.005500550055005604
2025-05-14,46400,47900,46050,46900,27221,0.026258205689277947
2025-05-15,46500,46950,44700,45150,33952,-0.03731343283582089
2025-05-16,43350,43500,40400,40800,199282,-0.09634551495016608
2025-05-19,40500,40700,39500,40450,55163,-0.008578431372548989
2025-05-20,41050,41050,39900,40000,26045,-0.011124845488257096
2025-05-21,40550,40550,39900,40100,12679,0.0024999999999999467
2025-05-22,40100,40100,38950,39100,51478,-0.02493765586034913
2025-05-23,39600,39900,39150,39350,14894,0.006393861892583175
2025-05-26,40000,40500,39350,39950,19051,0.015247776365946653
2025-05-27,40100,40650,38700,38900,61354,-0.026282853566958697
2025-05-28,39150,40500,39150,40300,54947,0.0359897172236503
2025-05-29,41100,41100,40150,40750,35935,0.011166253101736912
2025-05-30,40150,40600,39600,39800,22571,-0.0233128834355828
2025-06-02,39450,40200,39350,39800,14147,0.0
2025-06-04,40500,40950,39700,39950,46650,0.0037688442211054607
2025-06-05,40000,41400,39750,41050,66200,0.027534418022528095
2025-06-09,42100,42450,41000,41100,47948,0.0012180267965895553
2025-06-10,41250,41400,40500,40650,43886,-0.010948905109489093
2025-06-11,40800,42350,40800,41950,81553,0.03198031980319804
2025-06-12,41800,41900,40600,40650,75539,-0.030989272943980906
2025-06-13,40900,41200,39150,39900,86985,-0.01845018450184499
2025-06-16,39900,39950,38850,39350,62179,-0.013784461152882233
2025-06-17,40150,41150,39000,39350,66510,0.0
2025-06-18,39000,40050,38950,39700,37613,0.008894536213468918
2025-06-19,39750,40000,39050,39150,41466,-0.013853904282115859
2025-06-20,39200,39850,39000,39750,35798,0.015325670498084198
2025-06-23,39400,39400,37950,38150,74944,-0.040251572327044016
2025-06-24,38950,39700,38750,39500,38384,0.035386631716906924
2025-06-25,40350,40850,39700,40450,40076,0.02405063291139231
2025-06-26,41000,41550,39950,40550,33388,0.0024721878862794533
2025-06-27,40300,40550,39300,39800,40972,-0.018495684340320562
2025-06-30,40150,40300,39200,39500,21676,-0.007537688442211032
2025-07-01,39300,39800,39000,39000,41690,-0.012658227848101222
2025-07-02,39000,39050,38200,38750,37306,-0.0064102564102563875
2025-07-03,39000,40250,39000,40100,40352,0.03483870967741942
2025-07-04,40600,40600,39300,39650,28780,-0.01122194513715713
2025-07-07,39400,39500,38800,39300,33336,-0.008827238335435084
2025-07-08,39300,39700,38800,39350,30719,0.0012722646310432406
2025-07-09,39300,39450,38700,38850,31564,-0.01270648030495558
2025-07-10,39100,39350,38750,38900,25380,0.0012870012870012104
2025-07-11,38950,39800,38850,39150,27752,0.006426735218509005
2025-07-14,39100,39150,38650,38800,23185,-0.008939974457215838
2025-07-15,38600,39250,37900,39200,72322,0.010309278350515427
2025-07-16,39200,39650,38700,39200,21914,0.0
2025-07-17,39200,39500,38550,39500,27410,0.007653061224489832
2025-07-18,39700,39750,38950,39200,22222,-0.0075949367088608
2025-07-21,39250,39450,39000,39400,13811,0.005102040816326481
2025-07-22,39500,39550,38300,38300,54394,-0.027918781725888353
2025-07-23,38450,39200,38150,39100,25088,0.02088772845953013
2025-07-24,39100,39500,38750,38800,20035,-0.007672634271099765
2025-07-25,38650,39000,38300,38400,20988,-0.010309278350515427
2025-07-28,38550,40000,38350,39850,75240,0.03776041666666674
2025-07-29,39550,39600,38650,38700,29425,-0.02885821831869506
2025-07-30,38450,39350,38450,38900,25956,0.0051679586563306845
2025-07-31,39050,39500,38650,39000,23272,0.0025706940874035134
2025-08-01,38750,39000,37250,37300,58831,-0.043589743589743546
2025-08-04,37300,38100,36900,37700,17009,0.01072386058981234
2025-08-05,37900,38350,37800,37850,9581,0.003978779840848823
2025-08-06,37850,38400,37450,38150,12032,0.00792602377807139
2025-08-07,38350,39150,38100,38950,26838,0.02096985583224109
2025-08-08,38650,41600,38650,40400,135778,0.037227214377406836
2025-08-11,40400,40700,40050,40350,30834,-0.0012376237623762387
2025-08-12,40400,40700,40050,40200,23257,-0.0037174721189591198
2025-08-13,40850,41950,40300,41450,88626,0.031094527363184188
2025-08-14,41700,42050,40850,41000,50862,-0.010856453558504175
2025-08-18,40500,40600,38700,38750,64660,-0.054878048780487854
2025-08-19,39150,39200,38300,38500,22729,-0.006451612903225823
2025-08-20,38200,38400,36150,36800,134632,-0.04415584415584417
2025-08-21,37300,37450,36800,37150,31398,0.009510869565217295
2025-08-22,36800,37400,36600,36950,27813,-0.0053835800807536804
2025-08-25,37400,37700,37100,37400,13778,0.012178619756427533
2025-08-26,37500,37850,37350,37650,20228,0.006684491978609541
2025-08-27,37750,38250,37450,38000,29378,0.009296148738379806
2025-08-28,37950,38400,37550,37750,24019,-0.006578947368421018
2025-08-29,37950,38500,37450,37550,30755,-0.005298013245033095
2025-09-01,37000,37000,36250,36400,27078,-0.030625832223701743
2025-09-02,36550,36800,36250,36450,15730,0.0013736263736263687
2025-09-03,36150,36750,36150,36700,8216,0.006858710562414272
2025-09-04,37000,37800,36750,37300,13819,0.016348773841961872
2025-09-05,37800,38150,37400,37400,19989,0.002680965147453085
2025-09-08,37750,38200,37450,38000,18725,0.016042780748663166
2025-09-09,38450,40050,38350,39950,79565,0.051315789473684204
2025-09-10,40500,40950,40050,40650,63117,0.017521902377972465
2025-09-11,40650,40950,39750,40550,135506,-0.002460024600245969
2025-09-12,42000,45050,41800,44550,253772,0.09864364981504314
2025-09-15,46500,46700,44550,46050,116251,0.03367003367003374
2025-09-16,46900,47100,45450,46500,70311,0.009771986970684043
2025-09-17,45050,45850,44650,45150,48890,-0.029032258064516148
2025-09-18,45700,47350,44500,46450,89844,0.02879291251384264
2025-09-19,47950,48050,46400,47050,70538,0.012917115177610405
2025-09-22,48000,48550,47650,48250,91657,0.025504782146652527
2025-09-23,49500,49500,47550,48350,68311,0.002072538860103723
2025-09-24,48350,53100,47900,52400,200426,0.08376421923474653
2025-09-25,51100,52900,50700,51500,85108,-0.01717557251908397
2025-09-26,51300,53000,50500,51600,134820,0.001941747572815622
2025-09-29,52500,55000,51300,52700,157997,0.02131782945736438
2025-09-30,53300,53600,52600,53300,89075,0.011385199240986799
2025-10-01,53200,55500,53100,55400,137877,0.039399624765478425
2025-10-02,57000,57200,54200,55000,98367,-0.0072202166064981865
2025-10-10,56600,57300,54900,55600,64847,0.01090909090909098
2025-10-13,52900,54900,52400,54200,105456,-0.025179856115107868
2025-10-14,55500,55600,51600,52400,165838,-0.03321033210332103
2025-10-15,52200,53400,52000,53200,67833,0.01526717557251911
2025-10-16,51700,52300,51100,51600,390846,-0.03007518796992481
2025-10-17,51300,53800,51100,51400,92149,-0.003875968992248069
2025-10-20,52400,54000,51000,51800,140009,0.0077821011673151474
2025-10-21,52500,53100,50100,50700,97240,-0.021235521235521193
2025-10-22,50200,51000,49500,50400,82796,-0.00591715976331364
2025-10-23,49450,50800,48850,49950,49965,-0.008928571428571397
