Date,Open,High,Low,Close,Volume,Change
2022-01-03,5310,5460,5310,5460,10753,0.02824858757062154
2022-01-04,5460,5460,5320,5430,27310,-0.005494505494505475
2022-01-05,5420,5430,5310,5320,28153,-0.02025782688766109
2022-01-06,5270,5300,5140,5170,21373,-0.02819548872180455
2022-01-07,5170,5450,5150,5450,29628,0.05415860735009681
2022-01-10,5460,5460,5220,5300,36834,-0.02752293577981646
2022-01-11,5250,5290,5080,5150,30941,-0.028301886792452824
2022-01-12,5150,5180,5090,5150,27748,0.0
2022-01-13,5180,5260,5150,5160,30866,0.001941747572815622
2022-01-14,5160,5350,5160,5300,20461,0.027131782945736482
2022-01-17,5250,5300,5250,5270,17362,-0.005660377358490565
2022-01-18,5270,5270,5100,5240,26605,-0.005692599620493399
2022-01-19,5190,5420,5080,5080,37449,-0.03053435114503822
2022-01-20,5080,5140,5030,5130,14772,0.009842519685039353
2022-01-21,5130,5240,5130,5140,18175,0.0019493177387914784
2022-01-24,5080,5100,4910,5020,20587,-0.023346303501945553
2022-01-25,4970,4995,4850,4990,20234,-0.005976095617529875
2022-01-26,4875,4995,4875,4985,23140,-0.0010020040080159776
2022-01-27,5000,5000,4705,4720,16855,-0.053159478435305885
2022-01-28,4720,4910,4620,4905,27570,0.03919491525423724
2022-02-03,4955,5090,4955,5080,14039,0.03567787971457692
2022-02-04,5100,5190,5080,5140,10591,0.011811023622047223
2022-02-07,5290,5290,5110,5170,14082,0.005836575875486361
2022-02-08,5220,5220,5040,5110,11588,-0.011605415860735047
2022-02-09,5110,5260,5080,5080,7419,-0.005870841487279899
2022-02-10,5130,5140,5050,5050,10578,-0.0059055118110236116
2022-02-11,4975,5000,4850,4875,22116,-0.034653465346534684
2022-02-14,4830,4830,4685,4705,9180,-0.034871794871794926
2022-02-15,4600,4695,4580,4690,30305,-0.0031880977683315104
2022-02-16,4655,4875,4655,4875,20409,0.03944562899786774
2022-02-17,4950,4950,4825,4825,21848,-0.01025641025641022
2022-02-18,4825,4875,4800,4875,9637,0.010362694300518172
2022-02-21,4890,4895,4840,4865,5726,-0.002051282051282022
2022-02-22,4865,4865,4690,4705,12353,-0.03288797533401855
2022-02-23,4655,4705,4655,4705,10165,0.0
2022-02-24,4705,4800,4555,4580,21133,-0.026567481402762994
2022-02-25,4580,4645,4565,4620,36255,0.008733624454148492
2022-02-28,4630,4655,4600,4600,21659,-0.0043290043290042934
2022-03-02,4605,4960,4605,4825,36038,0.048913043478260976
2022-03-03,4825,4850,4775,4845,22334,0.004145077720207224
2022-03-04,4845,4850,4795,4850,4185,0.0010319917440659854
2022-03-07,4850,4850,4725,4800,13162,-0.010309278350515427
2022-03-08,4660,4700,4620,4700,9998,-0.02083333333333337
2022-03-10,4655,4700,4655,4695,11559,-0.0010638297872340718
2022-03-11,4705,4935,4695,4835,18266,0.029818956336528313
2022-03-14,4835,4885,4835,4835,11616,0.0
2022-03-15,4835,5060,4760,4980,30736,0.02998965873836612
2022-03-16,4980,5270,4940,5190,59848,0.04216867469879526
2022-03-17,5220,5260,5180,5200,35932,0.0019267822736031004
2022-03-18,5200,5320,5200,5310,41837,0.02115384615384608
2022-03-21,5320,5460,5320,5430,128269,0.02259887005649719
2022-03-22,5430,5460,5380,5430,44749,0.0
2022-03-23,5430,5470,5350,5450,41932,0.0036832412523020164
2022-03-24,5450,5480,5340,5410,23134,-0.007339449541284404
2022-03-25,5430,5460,5360,5430,17569,0.003696857670979714
2022-03-28,5420,5530,5380,5480,79349,0.009208103130755152
2022-03-29,5480,5500,5440,5440,17647,-0.007299270072992692
2022-03-30,5520,5530,5360,5470,64208,0.005514705882353033
2022-03-31,5420,5580,5410,5420,46462,-0.009140767824497242
2022-04-01,5440,5560,5420,5510,38445,0.016605166051660625
2022-04-04,5510,5570,5430,5560,49308,0.00907441016333932
2022-04-05,5560,5580,5480,5580,37690,0.003597122302158251
2022-04-06,5580,5590,5490,5580,46349,0.0
2022-04-07,5530,5590,5470,5520,43802,-0.010752688172043001
2022-04-08,5440,5520,5320,5510,46008,-0.0018115942028985588
2022-04-11,5450,5510,5350,5420,24448,-0.016333938294010864
2022-04-12,5320,5420,5210,5380,33907,-0.0073800738007380184
2022-04-13,5380,5470,5330,5410,32539,0.005576208178438735
2022-04-14,5430,5490,5410,5440,14401,0.005545286506469571
2022-04-15,5440,5590,5390,5590,60063,0.02757352941176472
2022-04-18,5530,5590,5490,5530,21886,-0.01073345259391767
2022-04-19,5470,5520,5400,5510,32573,-0.003616636528028905
2022-04-20,5510,5510,5430,5460,27947,-0.00907441016333943
2022-04-21,5460,6350,5430,5880,2474683,0.07692307692307687
2022-04-22,5800,5820,5690,5710,158072,-0.028911564625850317
2022-04-25,5610,5850,5550,5800,184602,0.015761821366024442
2022-04-26,5740,5990,5670,5790,254362,-0.0017241379310344307
2022-04-27,5750,5760,5550,5580,128488,-0.03626943005181349
2022-04-28,5580,7250,5580,7250,3960912,0.2992831541218639
2022-04-29,9000,9420,8340,9420,12878542,0.2993103448275862
2022-05-02,9230,9890,8780,9420,7149181,0.0
2022-05-03,9170,12200,9130,10200,14616143,0.08280254777070062
2022-05-04,9850,10950,9770,10500,3195952,0.02941176470588225
2022-05-06,10050,10750,9800,10500,1744372,0.0
2022-05-09,10100,10200,9240,9350,2922706,-0.10952380952380958
2022-05-10,8800,9850,8780,9850,3170200,0.053475935828877
2022-05-11,9410,9820,9330,9610,1073853,-0.024365482233502544
2022-05-12,9310,9920,8810,9080,1103697,-0.055150884495317354
2022-05-13,9080,9700,8850,9700,742299,0.06828193832599116
2022-05-16,9610,10200,9450,10200,816294,0.05154639175257736
2022-05-17,10150,10900,10050,10900,1164373,0.06862745098039214
2022-05-18,11050,11350,10400,10950,1091621,0.004587155963302836
2022-05-19,10450,11450,10450,11150,1348431,0.0182648401826484
2022-05-20,11100,12200,10900,11400,1278169,0.022421524663677195
2022-05-23,11250,12900,11250,11550,1789007,0.013157894736842035
2022-05-24,11700,11900,10100,10500,1229760,-0.09090909090909094
2022-05-25,10650,12350,10000,11200,5206449,0.06666666666666665
2022-05-26,11450,11550,10550,11100,1355450,-0.008928571428571397
2022-05-27,10950,11450,10650,11100,1355038,0.0
2022-05-30,11100,11350,10900,11200,545638,0.009009009009008917
2022-05-31,11200,13900,11050,12350,9548553,0.1026785714285714
2022-06-02,12150,12600,12000,12600,2121248,0.020242914979757165
2022-06-03,13350,13400,12250,12700,3278137,0.007936507936507908
2022-06-07,12300,12300,11050,11450,2181946,-0.09842519685039375
2022-06-08,11400,11450,10850,11000,718494,-0.0393013100436681
2022-06-09,10750,10850,10100,10300,1362820,-0.0636363636363636
2022-06-10,10200,10400,9590,9680,1142693,-0.060194174757281504
2022-06-13,9350,11250,9260,11000,5810565,0.13636363636363646
2022-06-14,10250,10850,9790,10550,1927506,-0.040909090909090895
2022-06-15,10450,11200,10400,10550,1924143,0.0
2022-06-16,10650,11050,10250,10950,1415075,0.03791469194312791
2022-06-17,10400,11700,10250,11200,3866833,0.022831050228310446
2022-06-20,10950,11150,10400,10600,1515155,-0.0535714285714286
2022-06-21,10700,11100,10550,11000,1084779,0.037735849056603765
2022-06-22,10850,11900,10800,11300,3731728,0.027272727272727337
2022-06-23,11500,11750,9310,9900,1935844,-0.12389380530973448
2022-06-24,10150,10550,9670,10350,842953,0.045454545454545414
2022-06-27,10350,10550,9990,10300,853826,-0.004830917874396157
2022-06-28,10350,10750,9960,10450,1103571,0.014563106796116498
2022-06-29,10150,11150,10100,11050,1347138,0.05741626794258381
2022-06-30,11050,11300,9990,10000,1558218,-0.09502262443438914
2022-07-01,10150,10750,10050,10450,931567,0.04499999999999993
2022-07-04,10600,10600,8760,9020,1257379,-0.13684210526315788
2022-07-05,9470,9670,8600,8900,1456438,-0.013303769401330379
2022-07-06,8810,8890,7950,8300,1391614,-0.0674157303370787
2022-07-07,8230,9260,8130,8590,2222396,0.03493975903614466
2022-07-08,8540,8680,8290,8330,604278,-0.030267753201396963
2022-07-11,8300,8460,8230,8410,422778,0.009603841536614643
2022-07-12,8340,8520,7970,8140,447460,-0.03210463733650415
2022-07-13,8190,8280,7750,8050,429633,-0.011056511056511065
2022-07-14,7920,8100,7720,8000,284425,-0.006211180124223614
2022-07-15,8120,8120,7700,7880,237592,-0.015000000000000013
2022-07-18,7850,7920,7620,7890,386416,0.0012690355329949554
2022-07-19,7880,7950,7690,7950,168673,0.0076045627376426506
2022-07-20,8020,8300,7940,8100,421550,0.018867924528301883
2022-07-21,8070,8330,8010,8130,392272,0.0037037037037037646
2022-07-22,8150,8380,8030,8250,803299,0.014760147601476037
2022-07-25,8090,8160,7770,7840,284806,-0.049696969696969684
2022-07-26,7750,7900,7690,7780,178518,-0.007653061224489832
2022-07-27,7780,7830,7700,7810,99622,0.003856041131105492
2022-07-28,7980,8100,7840,7990,268174,0.023047375160051287
2022-07-29,8010,8200,8000,8190,255708,0.0250312891113893
2022-08-01,8180,8250,8050,8130,168279,-0.0073260073260073
2022-08-02,8130,8340,8080,8250,306927,0.014760147601476037
2022-08-03,8210,8300,8120,8120,177794,-0.015757575757575748
2022-08-04,8150,8290,8110,8140,201938,0.0024630541871921707
2022-08-05,8120,8200,8040,8040,131105,-0.012285012285012331
2022-08-08,8010,8010,7670,7920,176662,-0.014925373134328401
2022-08-09,7970,8060,7760,7880,148545,-0.005050505050505083
2022-08-10,7860,8090,7810,7860,170435,-0.0025380710659898
2022-08-11,7910,8280,7860,8190,465875,0.041984732824427384
2022-08-12,8180,8260,8110,8220,201540,0.00366300366300365
2022-08-16,8400,8790,8220,8340,1469257,0.014598540145985384
2022-08-17,8320,8480,8150,8350,298432,0.0011990407673860837
2022-08-18,8320,8550,8210,8420,246303,0.008383233532934131
2022-08-19,8440,9120,7900,7900,3176557,-0.061757719714964354
2022-08-22,7730,7800,7240,7330,434305,-0.07215189873417727
2022-08-23,7230,7300,7100,7160,223963,-0.023192360163710735
2022-08-24,7160,7380,7160,7310,190063,0.020949720670391025
2022-08-25,7340,7550,7310,7540,148388,0.03146374829001375
2022-08-26,7620,7650,7430,7550,188810,0.0013262599469496816
2022-08-29,7160,7390,7150,7260,108724,-0.03841059602649011
2022-08-30,7270,8540,7270,7600,4198737,0.04683195592286493
2022-08-31,7610,7730,7430,7550,318550,-0.006578947368421018
2022-09-01,7450,7470,7000,7000,485872,-0.07284768211920534
2022-09-02,7080,7320,7040,7210,216779,0.030000000000000027
2022-09-05,7150,7350,7110,7210,122790,0.0
2022-09-06,7150,7350,7150,7350,116652,0.01941747572815533
2022-09-07,7350,7360,6920,6920,254792,-0.058503401360544216
2022-09-08,6950,7050,6740,6820,159593,-0.014450867052023142
2022-09-13,7500,8860,7280,8860,8452008,0.29912023460410553
2022-09-14,9100,10350,8970,9640,16466798,0.08803611738148986
2022-09-15,9650,9890,9540,9700,2961951,0.006224066390041472
2022-09-16,9460,9580,9150,9350,1779102,-0.03608247422680411
2022-09-19,9580,10900,9460,9810,10534277,0.04919786096256695
2022-09-20,9580,10700,9360,10350,5031412,0.05504587155963292
2022-09-21,10150,10550,9290,9470,2348644,-0.08502415458937196
2022-09-22,9110,9470,8860,9470,1530970,0.0
2022-09-23,9310,9740,8840,9360,1839506,-0.011615628299894376
2022-09-26,9100,9580,8940,9080,1089969,-0.02991452991452992
2022-09-27,9080,9200,8440,8800,703315,-0.03083700440528636
2022-09-28,8680,8840,7900,8080,679277,-0.08181818181818179
2022-09-29,8150,8350,7720,7830,437738,-0.030940594059405968
2022-09-30,7680,9400,7570,8800,3595937,0.1238825031928481
2022-10-04,8610,9330,8520,8960,1499930,0.018181818181818077
2022-10-05,9100,9650,8790,8950,2191663,-0.0011160714285713969
2022-10-06,9000,9810,9000,9400,2952160,0.05027932960893855
2022-10-07,9300,9830,9180,9290,1387192,-0.011702127659574457
2022-10-11,8940,9010,8220,8430,692627,-0.09257265877287402
2022-10-12,9100,10300,9050,9760,8521448,0.1577698695136418
2022-10-13,9890,10500,9660,9800,4618646,0.004098360655737654
2022-10-14,9740,10600,9600,10200,2873836,0.04081632653061229
2022-10-17,9900,9960,9140,9590,1561662,-0.05980392156862746
2022-10-18,9780,10950,9360,10800,6335087,0.12617309697601664
2022-10-19,10650,10850,10300,10300,2073813,-0.04629629629629628
2022-10-20,10200,11200,9830,11000,3806049,0.06796116504854366
2022-10-21,11400,11550,10150,10150,3423346,-0.07727272727272727
2022-10-24,10650,10900,10300,10600,1905183,0.044334975369458185
2022-10-25,10650,10900,10100,10150,1316715,-0.04245283018867929
2022-10-26,10350,10550,9780,9790,1479042,-0.035467980295566526
2022-10-27,9850,10300,9590,10150,783843,0.036772216547497516
2022-10-28,10000,10400,9980,10100,467000,-0.0049261083743842304
2022-10-31,10250,10650,10000,10600,887505,0.04950495049504955
2022-11-01,10500,11050,10450,10700,1598543,0.009433962264151052
2022-11-02,10650,10950,10350,10600,798372,-0.009345794392523366
2022-11-03,10350,11250,10350,11000,1572612,0.037735849056603765
2022-11-04,11000,12700,10600,12150,3705645,0.1045454545454545
2022-11-07,12200,15600,12100,15250,10479049,0.25514403292181065
2022-11-08,15100,17100,15050,15750,8885566,0.032786885245901676
2022-11-09,15600,16900,15300,16300,6669946,0.03492063492063502
2022-11-10,16100,16750,14900,15700,3356263,-0.036809815950920255
2022-11-11,15900,16750,15500,15900,4048795,0.01273885350318471
2022-11-14,16100,16150,15050,15550,1749554,-0.022012578616352196
2022-11-15,16250,18400,15950,17050,12383860,0.09646302250803851
2022-11-16,16450,16900,15900,16700,2671867,-0.02052785923753664
2022-11-17,16600,17450,15900,16450,2764345,-0.014970059880239472
2022-11-18,17050,18450,16550,16800,7274847,0.02127659574468077
2022-11-21,16500,16500,15150,15350,1587016,-0.08630952380952384
2022-11-22,15200,15500,14650,15300,1167444,-0.0032573289902280145
2022-11-23,15200,15350,14850,14950,495048,-0.022875816993464082
2022-11-24,14800,15150,14800,15000,529017,0.0033444816053511683
2022-11-25,15550,16500,15350,16150,3283048,0.07666666666666666
2022-11-28,15800,15800,14950,14950,863290,-0.07430340557275539
2022-11-29,15000,15050,14150,14900,764076,-0.0033444816053511683
2022-11-30,14750,15000,14250,14450,543492,-0.030201342281879207
2022-12-01,14600,14800,14400,14600,354222,0.01038062283737018
2022-12-02,14800,15600,14700,15100,1529941,0.03424657534246567
2022-12-05,16050,16400,15200,15250,2083833,0.009933774834437026
2022-12-06,14850,14900,13800,13900,777440,-0.08852459016393444
2022-12-07,13450,14000,13250,13700,693011,-0.014388489208633115
2022-12-08,13450,13600,13050,13350,451652,-0.025547445255474477
2022-12-09,13450,15100,13300,14700,3017534,0.101123595505618
2022-12-12,13850,14450,13700,14250,693354,-0.030612244897959218
2022-12-13,14350,14950,14250,14500,1192674,0.01754385964912286
2022-12-14,14400,14650,14100,14350,393540,-0.010344827586206917
2022-12-15,14100,14650,14100,14550,448837,0.013937282229965264
2022-12-16,14250,15250,14200,14600,835618,0.0034364261168384758
2022-12-19,14550,14750,14000,14050,450760,-0.03767123287671237
2022-12-20,13950,14000,13100,13200,576310,-0.06049822064056942
2022-12-21,14050,14200,13500,13900,742156,0.05303030303030298
2022-12-22,13550,13600,12850,13000,643739,-0.06474820143884896
2022-12-23,13150,14300,13050,13400,2258846,0.03076923076923066
2022-12-26,13150,13950,13150,13550,1002778,0.011194029850746245
2022-12-27,13550,14100,13450,13900,737781,0.02583025830258312
2022-12-28,13800,14300,13750,14100,601983,0.014388489208633004
2022-12-29,13950,14200,13400,13700,403108,-0.028368794326241176
2023-01-02,13500,13700,12050,12250,679780,-0.1058394160583942
2023-01-03,12100,12150,11650,11850,503903,-0.03265306122448974
2023-01-04,11750,12100,11700,12050,303828,0.016877637130801704
2023-01-05,12000,12600,11750,12500,758716,0.03734439834024905
2023-01-06,12800,12900,12300,12350,801356,-0.01200000000000001
2023-01-09,12200,12600,12050,12400,401206,0.004048582995951344
2023-01-10,12500,12650,12350,12400,293251,0.0
2023-01-11,12500,12600,12400,12450,174137,0.0040322580645162365
2023-01-12,12600,12750,12400,12550,311683,0.008032128514056325
2023-01-13,13650,13750,12850,12900,1575517,0.027888446215139417
2023-01-16,12700,12800,12450,12550,307539,-0.027131782945736482
2023-01-17,12550,14350,12550,13100,3928357,0.043824701195219085
2023-01-18,12950,13350,12800,13100,494558,0.0
2023-01-19,12900,13500,12850,13200,582450,0.007633587786259444
2023-01-20,13050,13400,13000,13250,325770,0.0037878787878788955
2023-01-25,13080,13080,12560,12750,535922,-0.037735849056603765
2023-01-26,12780,13300,12680,13000,455585,0.019607843137254832
2023-01-27,12990,13490,12950,13490,762997,0.03769230769230769
2023-01-30,13350,13470,13120,13290,445580,-0.014825796886582698
2023-01-31,13270,13480,13150,13360,391762,0.005267118133935211
2023-02-01,13290,13450,13220,13260,194587,-0.007485029940119792
2023-02-02,13260,13400,13220,13300,256802,0.003016591251885359
2023-02-03,13300,13700,12900,13100,829813,-0.015037593984962405
2023-02-06,12790,12900,12370,12880,471851,-0.016793893129770976
2023-02-07,12790,13170,12630,13170,496117,0.022515527950310643
2023-02-08,13100,13150,12500,12860,361630,-0.023538344722854987
2023-02-09,13160,13400,12910,12950,928546,0.006998444790046632
2023-02-10,12950,12960,12600,12680,206421,-0.020849420849420874
2023-02-13,12670,13930,12670,12950,3286856,0.021293375394321856
2023-02-14,13600,15110,13380,14620,10718116,0.12895752895752888
2023-02-15,14510,16100,14460,15250,8104470,0.043091655266757956
2023-02-16,15090,15410,14900,14980,1123900,-0.017704918032786843
2023-02-17,15070,15660,14740,15270,2730857,0.019359145527369837
2023-02-20,15210,15300,14350,14470,821451,-0.05239030779305831
2023-02-21,14490,15210,14100,14920,1017023,0.031098825155494225
2023-02-22,14360,14900,14140,14210,649822,-0.0475871313672922
2023-02-23,14300,14480,14090,14170,385186,-0.0028149190710766714
2023-02-24,14260,14690,14050,14070,371755,-0.007057163020465773
2023-02-27,13930,14200,13870,14200,252200,0.009239516702203243
2023-02-28,14180,14300,14080,14080,252796,-0.008450704225352101
2023-03-02,14010,14210,13910,14030,335790,-0.0035511363636363535
2023-03-03,14140,14160,13770,13790,251864,-0.017106200997861754
2023-03-06,13790,13810,13270,13320,303993,-0.03408266860043507
2023-03-07,13190,13350,13080,13150,202039,-0.01276276276276278
2023-03-08,13110,13560,13040,13190,245393,0.003041825095057016
2023-03-09,13220,13280,12770,12770,170804,-0.03184230477634575
2023-03-10,12640,12700,12200,12200,194331,-0.044635865309318734
2023-03-13,11830,12090,11500,11940,233971,-0.021311475409836023
2023-03-14,12490,13130,12050,12860,1117650,0.07705192629815749
2023-03-15,12770,13160,12700,13000,372222,0.010886469673405896
2023-03-16,12840,13070,12570,13030,219241,0.002307692307692344
2023-03-17,13220,13740,13180,13690,804446,0.05065234075211045
2023-03-20,14110,14600,13640,13670,2024974,-0.0014609203798392478
2023-03-21,13670,13680,13000,13250,495281,-0.0307242136064374
2023-03-22,13000,13080,12540,12790,510552,-0.03471698113207544
2023-03-23,12520,12590,12150,12200,401986,-0.04612978889757624
2023-03-24,12190,12530,12120,12260,219854,0.004918032786885185
2023-03-27,12330,12640,11950,12610,309422,0.028548123980424167
2023-03-28,12520,12580,12350,12490,149468,-0.009516256938937317
2023-03-29,12440,14110,12230,13290,2607149,0.06405124099279424
2023-03-30,12980,13410,12820,13150,544878,-0.010534236267870534
2023-03-31,13060,13780,12700,12910,736983,-0.018250950570342206
2023-04-03,12870,13220,12860,12950,227511,0.0030983733539891034
2023-04-04,13020,13470,13020,13390,371316,0.03397683397683404
2023-04-05,13350,13350,13020,13070,246717,-0.023898431665421938
2023-04-06,13070,13180,12810,12830,207310,-0.018362662586074996
2023-04-07,12870,13070,12700,12790,153707,-0.003117692907248615
2023-04-10,12730,12840,12210,12260,221668,-0.041438623924941353
2023-04-11,12310,12530,12090,12410,131740,0.012234910277324706
2023-04-12,12200,12730,12200,12700,192486,0.023368251410153196
2023-04-13,12700,12700,12330,12370,130186,-0.025984251968503957
2023-04-14,12440,12800,12230,12520,235488,0.01212611156022625
2023-04-17,12860,13170,12680,12950,332526,0.034345047923322714
2023-04-18,12840,13440,12690,13120,758427,0.013127413127413057
2023-04-19,12920,13250,12820,13010,233010,-0.00838414634146345
2023-04-20,13250,13370,12680,12690,567964,-0.024596464258262896
2023-04-21,13000,14000,12780,14000,1615334,0.10323089046493306
2023-04-24,13530,13600,12750,13000,783613,-0.0714285714285714
2023-04-25,12780,12990,12440,12490,367700,-0.03923076923076918
2023-04-26,12400,12690,12230,12260,201217,-0.018414731785428295
2023-04-27,12620,13140,12430,12760,784287,0.040783034257748874
2023-04-28,12760,12880,12300,12320,307932,-0.03448275862068961
2023-05-02,12240,12540,12110,12400,205027,0.006493506493506551
2023-05-03,12240,12530,12230,12470,127758,0.005645161290322553
2023-05-04,12360,12520,12320,12380,101268,-0.007217321571772239
2023-05-08,12380,12480,12260,12260,129481,-0.009693053311793265
2023-05-09,12210,12250,11960,11990,169594,-0.022022838499184294
2023-05-10,11820,12700,11800,11980,192089,-0.0008340283569641116
2023-05-11,12100,12200,12010,12110,86820,0.01085141903171949
2023-05-12,12210,12350,12050,12190,116006,0.006606110652353392
2023-05-15,12230,12500,12230,12420,117871,0.018867924528301883
2023-05-16,12340,12900,12340,12840,533839,0.033816425120772875
2023-05-17,13200,13370,12500,12810,1003359,-0.002336448598130869
2023-05-18,12780,13290,12770,12990,967292,0.014051522248243575
2023-05-19,14260,16700,13600,15690,20060189,0.20785219399538102
2023-05-22,16200,18260,15840,16570,17710609,0.05608667941363921
2023-05-23,16400,16550,15760,15800,2819468,-0.04646952323476161
2023-05-24,15630,15870,14970,15000,1679346,-0.05063291139240511
2023-05-25,14950,15150,14610,14700,1027994,-0.020000000000000018
2023-05-26,14900,15270,14050,14100,1491129,-0.04081632653061229
2023-05-30,14050,14310,13830,14090,612839,-0.0007092198581559739
2023-05-31,13970,14350,13920,14090,451753,0.0
2023-06-01,14110,14400,14020,14340,396162,0.017743080198722394
2023-06-02,14390,14520,14220,14350,415028,0.0006973500697349255
2023-06-05,14340,14650,14270,14450,488421,0.006968641114982521
2023-06-07,14430,14430,13970,13970,403485,-0.03321799307958473
2023-06-08,13970,14650,13900,14490,794900,0.03722261989978515
2023-06-09,14470,14550,14200,14300,306386,-0.013112491373360902
2023-06-12,14370,14800,14220,14610,535332,0.02167832167832162
2023-06-13,14770,14930,14450,14460,625478,-0.010266940451745366
2023-06-14,14500,14620,13640,13760,546185,-0.048409405255878335
2023-06-15,13820,14260,13660,14240,326479,0.03488372093023262
2023-06-16,14240,14840,14150,14830,807731,0.04143258426966301
2023-06-19,14860,15790,14450,15270,2984097,0.029669588671611624
2023-06-20,15380,15460,14230,14320,943317,-0.06221349050425673
2023-06-21,14390,14400,13790,13790,409816,-0.03701117318435754
2023-06-22,13660,14770,13600,13990,821349,0.014503263234227681
2023-06-23,13990,14100,13650,13650,225710,-0.02430307362401718
2023-06-26,14000,14370,13740,13850,478189,0.0146520146520146
2023-06-27,13770,14150,13650,13850,202827,0.0
2023-06-28,14050,14410,13890,14160,391199,0.0223826714801445
2023-06-29,14150,14310,13920,13920,209613,-0.016949152542372836
2023-06-30,13810,14080,13810,13980,122344,0.004310344827586299
2023-07-03,13980,14410,13980,14230,229042,0.0178826895565094
2023-07-04,14240,14450,14070,14240,250530,0.0007027406886859211
2023-07-05,14310,14330,13610,13650,305197,-0.0414325842696629
2023-07-06,13600,13850,12790,13740,459067,0.00659340659340657
2023-07-07,13500,14180,13050,13910,548322,0.012372634643377012
2023-07-10,13790,14600,13620,14180,1105103,0.019410496046009973
2023-07-11,14380,14510,13870,14030,385085,-0.010578279266572621
2023-07-12,14100,14650,13960,14020,553277,-0.0007127583749109156
2023-07-13,14100,14150,13640,13700,280646,-0.022824536376604865
2023-07-14,13850,13910,13220,13270,267358,-0.031386861313868586
2023-07-17,13870,14400,13430,13500,1006440,0.017332328560663246
2023-07-18,13350,13440,12960,13030,255226,-0.034814814814814854
2023-07-19,13090,13210,12500,12710,204288,-0.024558710667689998
2023-07-20,12560,12670,12400,12550,139460,-0.012588512981903999
2023-07-21,12400,12610,12340,12410,119330,-0.011155378486055745
2023-07-24,12400,12510,12110,12150,152113,-0.020950846091861375
2023-07-25,12010,12450,11900,12180,192325,0.0024691358024691024
2023-07-26,12010,12070,10750,11110,391920,-0.08784893267651883
2023-07-27,10930,11470,10930,11100,131492,-0.0009000900090009312
2023-07-28,10930,11500,10910,11340,97837,0.021621621621621623
2023-07-31,11520,11740,11340,11740,70745,0.03527336860670194
2023-08-01,11900,11900,11480,11670,115707,-0.005962521294718859
2023-08-02,11670,11860,11300,11420,103693,-0.02142245072836335
2023-08-03,11410,11640,11060,11410,83377,-0.0008756567425569628
2023-08-04,11320,11480,11110,11390,56590,-0.0017528483786152238
2023-08-07,11390,11440,11090,11310,61943,-0.0070237050043898686
2023-08-08,11230,11380,11030,11090,68981,-0.01945181255526085
2023-08-09,11020,11290,11020,11280,49410,0.017132551848512145
2023-08-10,11200,11320,11060,11180,63076,-0.00886524822695034
2023-08-11,11150,11440,11120,11370,61689,0.016994633273702986
2023-08-14,11390,11400,10890,10960,82671,-0.036059806508355274
2023-08-16,10870,10870,10230,10490,122598,-0.042883211678832134
2023-08-17,10180,10530,10150,10420,83136,-0.006673021925643452
2023-08-18,10250,10520,10060,10410,60257,-0.0009596928982725794
2023-08-21,10230,10390,10070,10150,49107,-0.02497598463016326
2023-08-22,10040,10300,10040,10170,52804,0.0019704433497536034
2023-08-23,10110,10410,10100,10160,70853,-0.000983284169124854
2023-08-24,10140,10230,10080,10190,52698,0.0029527559055118058
2023-08-25,10190,10270,10120,10210,50779,0.001962708537782243
2023-08-28,10170,10590,10090,10400,54890,0.0186092066601371
2023-08-29,10310,10720,10310,10610,66756,0.02019230769230762
2023-08-30,10610,10670,10470,10530,44911,-0.007540056550424112
2023-08-31,10540,10540,10310,10380,42753,-0.014245014245014231
2023-09-01,10470,11410,10410,10720,369955,0.032755298651252485
2023-09-04,10900,11260,10750,11260,214859,0.050373134328358216
2023-09-05,11220,11260,10890,11050,120883,-0.018650088809946674
2023-09-06,11240,11350,11010,11200,108275,0.013574660633484115
2023-09-07,11050,11200,10820,10850,77955,-0.03125
2023-09-08,10830,11070,10750,10990,44611,0.012903225806451646
2023-09-11,11310,11480,11030,11140,222939,0.01364877161055511
2023-09-12,11090,11140,10620,10660,92271,-0.04308797127468578
2023-09-13,10600,10750,10200,10420,102662,-0.022514071294559068
2023-09-14,10420,10890,10410,10610,86248,0.018234165067178454
2023-09-15,10940,11500,10870,11290,519493,0.06409048067860512
2023-09-18,11350,11410,10860,10870,210239,-0.03720106288751113
2023-09-19,10790,11500,10780,11300,252885,0.03955841766329349
2023-09-20,11040,11040,10760,10760,107621,-0.04778761061946901
2023-09-21,10580,10900,10300,10300,69499,-0.04275092936802971
2023-09-22,10100,10450,10100,10250,43899,-0.004854368932038833
2023-09-25,10100,10490,9920,9920,52484,-0.03219512195121954
2023-09-26,9900,10070,9510,9530,83882,-0.03931451612903225
2023-09-27,9270,9740,9270,9640,75585,0.011542497376705096
2023-10-04,9530,9620,8920,9100,90490,-0.05601659751037347
2023-10-05,9150,9210,8790,8790,76078,-0.034065934065934056
2023-10-06,8710,9350,8710,9260,79808,0.05346985210466437
2023-10-10,9160,9330,8750,9020,58027,-0.02591792656587477
2023-10-11,8960,9380,8960,9110,36208,0.009977827050997812
2023-10-12,9150,9420,9150,9330,37024,0.02414928649835346
2023-10-13,9330,9360,8960,9040,36665,-0.03108252947481238
2023-10-16,8940,9070,8620,8900,87407,-0.015486725663716783
2023-10-17,8900,9300,8900,9010,48789,0.012359550561797716
2023-10-18,8920,9220,8920,9040,32359,0.0033296337402886067
2023-10-19,8940,10830,8530,10830,423469,0.19800884955752207
2023-10-20,11890,12090,10050,10210,5106114,-0.05724838411819022
2023-10-23,10300,11190,9510,9710,2781965,-0.04897159647404503
2023-10-24,9850,12120,9760,11450,8962341,0.1791967044284244
2023-10-25,11050,11060,10300,10310,1025621,-0.09956331877729263
2023-10-26,10400,10560,9170,9170,789125,-0.11057225994180409
2023-10-27,9080,9280,8830,8860,327391,-0.03380588876772084
2023-10-30,8790,9740,8510,9500,779708,0.07223476297968401
2023-10-31,9260,9490,8810,8810,313336,-0.07263157894736838
2023-11-01,8810,9200,8810,8960,140362,0.017026106696935273
2023-11-02,9040,9260,8930,9230,135797,0.030133928571428603
2023-11-03,9230,9450,9040,9370,184390,0.015167930660888507
2023-11-06,9560,9650,9330,9610,173041,0.025613660618996725
2023-11-07,9500,9760,9310,9520,180278,-0.009365244536940653
2023-11-08,9600,9770,9420,9500,132740,-0.0021008403361344463
2023-11-09,9680,9680,9100,9150,119217,-0.0368421052631579
2023-11-10,8900,9120,8870,9070,95951,-0.008743169398907069
2023-11-13,9080,9080,8810,8840,90179,-0.02535832414553474
2023-11-14,8800,9090,8760,9040,80459,0.02262443438914019
2023-11-15,9130,9380,9130,9300,99017,0.028761061946902755
2023-11-16,9300,9390,9210,9300,58744,0.0
2023-11-17,9230,9400,8990,9130,150142,-0.018279569892473146
2023-11-20,9200,9630,9160,9450,149958,0.035049288061336226
2023-11-21,9400,9530,9390,9430,62220,-0.002116402116402072
2023-11-22,9460,9600,9300,9300,122243,-0.01378579003181335
2023-11-23,9580,9680,9350,9350,170825,0.005376344086021501
2023-11-24,9350,9460,9290,9390,52890,0.004278074866310266
2023-11-27,9390,9450,9170,9280,82058,-0.011714589989350377
2023-11-28,9280,9380,9210,9260,66072,-0.0021551724137931494
2023-11-29,9360,9370,9130,9150,77898,-0.011879049676025932
2023-11-30,9100,9210,9070,9200,40939,0.005464480874316946
2023-12-01,9200,9220,9110,9110,47019,-0.009782608695652173
2023-12-04,9060,9090,8910,8940,74457,-0.01866081229418226
2023-12-05,8850,8960,8750,8770,67464,-0.019015659955257225
2023-12-06,8790,8930,8670,8930,52502,0.018244013683010207
2023-12-07,8930,8930,8790,8810,36768,-0.013437849944008984
2023-12-08,8810,8910,8790,8810,37526,0.0
2023-12-11,8800,8930,8800,8870,42331,0.006810442678774065
2023-12-12,8920,9070,8830,9000,50676,0.014656144306651742
2023-12-13,9070,9070,8810,8840,43700,-0.01777777777777778
2023-12-14,8900,8990,8790,8820,48403,-0.002262443438914019
2023-12-15,8850,9060,8800,8890,100465,0.007936507936507908
2023-12-18,8890,9000,8830,8870,38138,-0.0022497187851518996
2023-12-19,8820,8900,8800,8840,42035,-0.0033821871476887866
2023-12-20,8850,9030,8830,8890,59843,0.005656108597285048
2023-12-21,8820,9010,8790,8980,65394,0.01012373453318327
2023-12-22,8980,9000,8850,8950,39347,-0.0033407572383074013
2023-12-26,9190,9390,9040,9050,210797,0.011173184357541999
2023-12-27,9100,9120,8870,9000,62129,-0.0055248618784530246
2023-12-28,9000,9500,8890,9320,257547,0.03555555555555556
2024-01-02,9190,9290,9060,9200,66721,-0.012875536480686733
2024-01-03,9110,9190,9000,9030,54114,-0.018478260869565166
2024-01-04,9060,9060,8920,8980,35897,-0.0055370985603543366
2024-01-05,8940,9150,8930,9070,33687,0.010022271714922093
2024-01-08,9020,9090,8930,9070,31156,0.0
2024-01-09,9060,9150,9000,9130,31366,0.006615214994487362
2024-01-10,9300,9480,9210,9380,252356,0.027382256297918905
2024-01-11,9430,9530,9310,9420,122078,0.004264392324093924
2024-01-12,9480,9550,9250,9510,122706,0.009554140127388644
2024-01-15,9400,9460,9100,9100,91751,-0.04311251314405884
2024-01-16,9100,9140,8940,9080,51522,-0.00219780219780219
2024-01-17,9050,9070,8670,8750,126427,-0.03634361233480177
2024-01-18,8750,8830,8500,8580,93993,-0.01942857142857146
2024-01-19,8670,8930,8600,8720,61050,0.01631701631701632
2024-01-22,8720,8920,8700,8760,65440,0.004587155963302836
2024-01-23,8720,8750,8590,8660,47335,-0.011415525114155223
2024-01-24,8730,8730,8520,8570,43316,-0.010392609699769073
2024-01-25,8600,8630,8280,8430,58762,-0.016336056009334854
2024-01-26,8430,8530,8250,8420,37096,-0.0011862396204033177
2024-01-29,8600,9150,8600,8750,262425,0.039192399049881255
2024-01-30,8670,8850,8630,8700,65836,-0.005714285714285672
2024-01-31,8790,8790,8530,8570,52041,-0.014942528735632177
2024-02-01,8460,8660,8460,8480,41678,-0.010501750291715295
2024-02-02,8490,8730,8490,8650,36518,0.02004716981132071
2024-02-05,8650,8690,8540,8610,45030,-0.0046242774566473965
2024-02-06,8620,8620,8380,8460,43875,-0.017421602787456414
2024-02-07,8430,8580,8420,8490,22713,0.0035460992907800915
2024-02-08,8530,8570,8440,8460,20099,-0.0035335689045936647
2024-02-13,8870,9840,8770,9450,3588408,0.11702127659574457
2024-02-14,9220,9330,9020,9240,349462,-0.022222222222222254
2024-02-15,9230,9400,9090,9110,338725,-0.01406926406926412
2024-02-16,9210,9870,9110,9450,997781,0.03732162458836452
2024-02-19,9280,9460,9160,9240,289754,-0.022222222222222254
2024-02-20,9210,9360,9170,9190,117007,-0.005411255411255422
2024-02-21,9190,9390,9140,9190,126025,0.0
2024-02-22,9100,9170,9010,9060,138070,-0.014145810663764968
2024-02-23,9040,9050,8860,8880,111998,-0.019867549668874163
2024-02-26,8920,9100,8860,9090,83043,0.023648648648648685
2024-02-27,9010,9110,8870,8950,70490,-0.015401540154015403
2024-02-28,8950,9000,8880,8950,43155,0.0
2024-02-29,9020,9020,8720,8770,72071,-0.020111731843575398
2024-03-04,8860,8970,8770,8820,48481,0.005701254275940704
2024-03-05,8830,8870,8680,8790,56353,-0.003401360544217691
2024-03-06,8760,8760,8570,8630,54214,-0.018202502844141044
2024-03-07,8610,8680,8500,8580,43406,-0.005793742757821518
2024-03-08,8580,8620,8470,8580,55666,0.0
2024-03-11,8590,8760,8550,8640,42736,0.006993006993007089
2024-03-12,8570,8690,8530,8600,35022,-0.00462962962962965
2024-03-13,8550,10790,8520,9390,6556216,0.0918604651162791
2024-03-14,9200,9850,9100,9390,1271321,0.0
2024-03-15,10100,10900,9620,9660,4768858,0.028753993610223683
2024-03-18,9550,9940,9410,9580,539782,-0.008281573498964856
2024-03-19,9510,9730,9260,9340,351968,-0.025052192066805867
2024-03-20,9260,9400,9240,9260,182688,-0.008565310492505307
2024-03-21,9270,9420,9250,9250,134762,-0.001079913606911398
2024-03-22,9260,9530,9200,9470,231772,0.023783783783783763
2024-03-25,9260,9280,9010,9180,138318,-0.03062302006335793
2024-03-26,9120,9220,9050,9050,109197,-0.014161220043573008
2024-03-27,9050,9200,9000,9040,96936,-0.0011049723756906271
2024-03-28,9020,9170,8970,8990,94699,-0.00553097345132747
2024-03-29,8990,9140,8970,9000,56540,0.0011123470522802492
2024-04-01,9080,9300,9050,9210,117777,0.023333333333333428
2024-04-02,9150,9180,8960,9000,107683,-0.0228013029315961
2024-04-03,8960,9150,8830,8990,112101,-0.0011111111111110628
2024-04-04,8990,9090,8800,8830,91910,-0.017797552836484987
2024-04-05,8750,8890,8680,8870,91362,0.0045300113250283935
2024-04-08,8860,8970,8670,8970,72268,0.011273957158962844
2024-04-09,8850,8950,8760,8830,75322,-0.015607580824972156
2024-04-11,8710,9230,8580,8940,90047,0.01245753114382775
2024-04-12,8860,9000,8850,8930,40440,-0.0011185682326622093
2024-04-15,8810,8830,8620,8680,74674,-0.027995520716685318
2024-04-16,8600,8670,8300,8380,96730,-0.03456221198156684
2024-04-17,8380,8610,8300,8380,51900,0.0
2024-04-18,8310,9090,8310,8580,106706,0.023866348448687402
2024-04-19,8530,8630,8250,8460,88110,-0.013986013986013957
2024-04-22,8480,8560,8380,8440,42096,-0.0023640661938534313
2024-04-23,8380,8520,8270,8330,55509,-0.013033175355450233
2024-04-24,8330,8890,8310,8490,60880,0.019207683073229287
2024-04-25,8450,8520,8350,8420,28739,-0.00824499411071844
2024-04-26,8470,8500,8350,8420,38201,0.0
2024-04-29,8420,8940,8390,8820,179431,0.04750593824228022
2024-04-30,8780,8890,8720,8870,80874,0.005668934240362855
2024-05-02,8870,8900,8720,8850,49463,-0.0022547914317925244
2024-05-03,8850,8930,8790,8830,40215,-0.002259887005649719
2024-05-07,8830,8910,8790,8910,33074,0.009060022650056565
2024-05-08,8910,9000,8840,9000,54625,0.010101010101010166
2024-05-09,9000,9060,8860,8900,41505,-0.011111111111111072
2024-05-10,8860,8910,8740,8780,40638,-0.013483146067415741
2024-05-13,8710,8800,8700,8780,30911,0.0
2024-05-14,8730,8800,8710,8770,22633,-0.001138952164009166
2024-05-16,8770,9020,8750,8960,66721,0.02166476624857472
2024-05-17,8850,8960,8720,8780,47634,-0.0200892857142857
2024-05-20,8810,8810,8550,8630,44279,-0.017084282460136713
2024-05-21,8600,8670,8500,8580,42379,-0.005793742757821518
2024-05-22,8620,9380,8550,8840,504385,0.030303030303030276
2024-05-23,8780,8910,8680,8840,72526,0.0
2024-05-24,8760,8900,8710,8820,72346,-0.002262443438914019
2024-05-27,8890,9350,8850,9120,381025,0.03401360544217691
2024-05-28,9090,9350,9000,9200,184628,0.00877192982456143
2024-05-29,9220,9250,8920,8920,96972,-0.0304347826086957
2024-05-30,8870,8930,8700,8750,73495,-0.01905829596412556
2024-05-31,8720,8850,8650,8720,43006,-0.0034285714285714475
2024-06-03,8820,9180,8780,9050,139876,0.037844036697247674
2024-06-04,9010,9140,8970,9040,62171,-0.0011049723756906271
2024-06-05,9000,9300,8850,9100,185091,0.006637168141592875
2024-06-07,9090,9500,8950,9140,407871,0.00439560439560438
2024-06-10,9140,9150,8960,8970,56105,-0.018599562363238564
2024-06-11,9020,9080,8920,9020,77710,0.00557413600891854
2024-06-12,9100,9290,8990,9030,87609,0.0011086474501109667
2024-06-13,9010,9170,9000,9020,90349,-0.001107419712070845
2024-06-14,9020,9050,8780,8790,149166,-0.0254988913525499
2024-06-17,8740,8890,8600,8610,110212,-0.020477815699658675
2024-06-18,8530,8660,8530,8650,50505,0.004645760743321681
2024-06-19,8590,8710,8570,8680,20722,0.003468208092485492
2024-06-20,8680,8720,8600,8690,17166,0.0011520737327188613
2024-06-21,8690,8690,8590,8690,22822,0.0
2024-06-24,8670,8670,8490,8540,45793,-0.017261219792865323
2024-06-25,8530,8590,8410,8540,25571,0.0
2024-06-26,8540,8580,8480,8550,11941,0.0011709601873535203
2024-06-27,8510,8620,8440,8500,13619,-0.005847953216374324
2024-06-28,8450,8570,8400,8460,29096,-0.004705882352941226
2024-07-01,9110,9120,8590,8850,160288,0.046099290780141855
2024-07-02,8700,9310,8670,8870,347618,0.002259887005649608
2024-07-03,8840,8950,8750,8950,65678,0.00901916572717032
2024-07-04,8850,8950,8750,8830,63683,-0.013407821229050265
2024-07-05,8810,8890,8710,8800,39247,-0.003397508493771184
2024-07-08,8770,8870,8650,8800,47241,0.0
2024-07-09,8770,8910,8690,8780,40733,-0.002272727272727315
2024-07-10,8830,8830,8720,8820,22621,0.004555808656036442
2024-07-11,8770,8820,8590,8750,24751,-0.007936507936507908
2024-07-12,9000,9000,8720,8740,26388,-0.0011428571428571122
2024-07-15,9090,9370,8940,9230,549160,0.05606407322654472
2024-07-16,9290,10080,9210,9530,2217976,0.03250270855904658
2024-07-17,9410,9640,9350,9600,383857,0.007345225603357708
2024-07-18,9430,9450,9030,9280,283219,-0.033333333333333326
2024-07-19,9110,9220,8930,9220,219323,-0.006465517241379337
2024-07-22,9430,11980,9430,11980,9028615,0.2993492407809111
2024-07-23,12300,12870,11860,12410,11331783,0.035893155258764686
2024-07-24,12000,12480,11940,12420,3397603,0.0008058017727639033
2024-07-25,12130,12420,11920,12310,1014350,-0.008856682769726287
2024-07-26,12350,13150,12350,13150,854850,0.06823720552396417
2024-07-29,12600,13250,12600,12950,608483,-0.01520912547528519
2024-07-30,13030,13280,12270,13230,5176435,0.021621621621621623
2024-07-31,12800,13010,11300,11650,2398112,-0.11942554799697658
2024-08-01,11350,13220,11300,12000,5238679,0.030042918454935563
2024-08-02,11510,11990,10930,11020,1283364,-0.08166666666666667
2024-08-05,10620,10770,8730,9420,1044449,-0.1451905626134301
2024-08-06,9500,10070,9300,9850,987527,0.04564755838641199
2024-08-07,9980,10970,9980,10210,1636086,0.03654822335025387
2024-08-08,9880,10070,9500,9650,426167,-0.0548481880509305
2024-08-09,9780,10390,9780,10140,719947,0.050777202072538774
2024-08-12,10000,10190,9940,10080,288148,-0.00591715976331364
2024-08-13,10010,10050,9660,9770,289165,-0.030753968253968256
2024-08-14,9900,9990,9680,9860,356493,0.00921187308085969
2024-08-16,9870,9880,9700,9780,199028,-0.008113590263691739
2024-08-19,9740,9850,9520,9820,204942,0.004089979550102152
2024-08-20,9890,10360,9820,10260,448785,0.044806517311609007
2024-08-21,10220,10740,10010,10620,1508022,0.03508771929824572
2024-08-22,10440,10520,10160,10320,407314,-0.02824858757062143
2024-08-23,10430,10840,10200,10350,1076291,0.0029069767441860517
2024-08-26,10010,10050,9700,9770,351421,-0.05603864734299513
2024-08-27,9710,9830,9450,9750,168888,-0.0020470829068577334
2024-08-28,9850,10120,9700,9720,318431,-0.003076923076923088
2024-08-29,9480,9870,9420,9650,203139,-0.007201646090534974
2024-08-30,9640,9750,9530,9750,97123,0.010362694300518172
2024-09-02,9750,9910,9580,9670,131916,-0.008205128205128198
2024-09-03,9670,10240,9660,10210,343706,0.0558428128231645
2024-09-04,9800,10180,9610,10000,262407,-0.020568070519098924
2024-09-05,10100,10270,9400,9490,341585,-0.051000000000000045
2024-09-06,9410,9470,8960,9150,205274,-0.035827186512118026
2024-09-09,8920,9720,8920,9620,337188,0.051366120218579336
2024-09-10,9620,9800,9420,9750,162412,0.013513513513513598
2024-09-11,9730,9820,8960,8990,447690,-0.07794871794871794
2024-09-12,9030,9250,9030,9200,134944,0.023359288097886566
2024-09-13,9150,9340,9120,9290,139569,0.009782608695652284
2024-09-19,9290,9340,9090,9290,100797,0.0
2024-09-20,9400,9590,9340,9480,168107,0.020452099031216253
2024-09-23,9480,9480,9260,9290,76854,-0.020042194092827037
2024-09-24,9310,9500,9260,9410,154455,0.012917115177610405
2024-09-25,9420,9600,9300,9430,162673,0.002125398512220933
2024-09-26,9480,9640,9390,9610,76001,0.019088016967126142
2024-09-27,9520,9610,9480,9580,76079,-0.003121748178980255
2024-09-30,9470,9530,9180,9210,105784,-0.0386221294363257
2024-10-02,8990,9190,8920,9000,71042,-0.0228013029315961
2024-10-04,8950,9080,8900,8900,64251,-0.011111111111111072
2024-10-07,9150,9180,8910,9140,55774,0.026966292134831482
2024-10-08,9140,9300,9060,9140,49181,0.0
2024-10-10,9230,9900,9230,9600,496945,0.05032822757111588
2024-10-11,9700,10040,9650,9820,509685,0.022916666666666696
2024-10-14,9920,9970,9590,9610,199060,-0.021384928716904228
2024-10-15,9890,10200,9690,10000,385932,0.04058272632674287
2024-10-16,10050,10230,9900,10130,263228,0.0129999999999999
2024-10-17,10050,10050,9740,9760,154623,-0.03652517275419542
2024-10-18,9800,10190,9690,10050,303820,0.029713114754098324
2024-10-21,9850,9910,9500,9590,179625,-0.04577114427860696
2024-10-22,9540,9850,9150,9220,285110,-0.03858185610010423
2024-10-23,9350,9720,9220,9400,204657,0.01952277657266821
2024-10-24,9320,9410,9140,9170,113564,-0.024468085106382986
2024-10-25,9170,9900,9010,9810,329806,0.06979280261723009
2024-10-28,9850,9850,9550,9650,108403,-0.016309887869520923
2024-10-29,9810,10190,9530,9750,477476,0.010362694300518172
2024-10-30,9900,10640,9870,10300,2469012,0.05641025641025643
2024-10-31,10040,10110,9770,9770,339367,-0.05145631067961165
2024-11-01,9630,9770,9270,9320,329213,-0.04605936540429889
2024-11-04,9130,9200,8910,9080,205630,-0.025751072961373356
2024-11-05,9120,9310,9020,9180,181551,0.011013215859030812
2024-11-06,9100,11090,9080,10870,2975436,0.1840958605664489
2024-11-07,10150,10650,9990,10050,953941,-0.07543698252069919
2024-11-08,10100,10530,9970,10330,612739,0.027860696517412853
2024-11-11,10550,11180,10410,10480,1507610,0.014520813165537216
2024-11-12,10130,11400,10080,10790,1685963,0.029580152671755622
2024-11-13,10760,10890,10000,10260,537972,-0.04911955514365152
2024-11-14,10060,10390,9960,10140,383593,-0.011695906432748537
2024-11-15,9960,11120,9510,10620,1684529,0.047337278106508895
2024-11-18,10410,10470,10120,10260,280038,-0.03389830508474578
2024-11-19,10000,10120,9650,9850,335921,-0.0399610136452242
2024-11-20,9690,9760,9450,9450,218151,-0.040609137055837574
2024-11-21,9700,9980,9470,9940,514995,0.051851851851851816
2024-11-22,9820,9910,9620,9860,224734,-0.008048289738430636
2024-11-25,9990,10230,9920,10020,271571,0.016227180527383478
2024-11-26,10200,10330,10060,10130,226148,0.010978043912175606
2024-11-27,10290,10290,9840,9850,210914,-0.02764067127344516
2024-11-28,9870,9930,9610,9620,123716,-0.023350253807106647
2024-11-29,9610,9610,9340,9400,119628,-0.022869022869022815
2024-12-02,9520,9560,9300,9330,97281,-0.007446808510638281
2024-12-03,9260,9420,9150,9390,106638,0.006430868167202508
2024-12-04,9000,9260,8870,8910,176409,-0.051118210862619806
2024-12-05,8870,8990,8440,8480,199285,-0.04826038159371493
2024-12-06,8400,8550,7910,8320,196367,-0.018867924528301883
2024-12-09,8210,8350,7830,7830,131357,-0.058894230769230727
2024-12-10,8200,8940,8160,8670,363674,0.10727969348659006
2024-12-11,8690,8820,8610,8750,112578,0.009227220299884653
2024-12-12,8740,8850,8520,8660,93111,-0.010285714285714231
2024-12-13,8840,9010,8750,8950,123728,0.033487297921477976
2024-12-16,8950,9120,8850,9040,76278,0.010055865921787754
2024-12-17,9200,9240,8880,8960,92519,-0.008849557522123908
2024-12-18,8960,9110,8900,9010,55827,0.005580357142857206
2024-12-19,8830,9350,8730,9150,155794,0.015538290788013276
2024-12-20,9210,9450,9000,9000,182927,-0.016393442622950838
2024-12-23,9190,9190,8860,8950,71382,-0.005555555555555536
2024-12-24,8900,9030,8860,8980,42097,0.003351955307262511
2024-12-26,9000,9160,8670,8740,68747,-0.026726057906458767
2024-12-27,8640,8810,8480,8640,53804,-0.011441647597253968
2024-12-30,8420,8850,8350,8850,57801,0.02430555555555558
2025-01-02,8750,8960,8640,8880,75963,0.003389830508474523
2025-01-03,8820,8980,8790,8980,50769,0.011261261261261257
2025-01-06,8980,9080,8900,9050,57820,0.007795100222717233
2025-01-07,9100,9440,9100,9180,147862,0.01436464088397793
2025-01-08,9060,9200,9040,9160,62545,-0.002178649237472796
2025-01-09,9260,9260,9080,9240,58316,0.008733624454148492
2025-01-10,9240,9600,9160,9600,217800,0.03896103896103886
2025-01-13,9620,9690,9400,9530,157121,-0.007291666666666696
2025-01-14,9530,9650,9400,9540,101836,0.0010493179433368471
2025-01-15,9530,9650,9440,9500,86035,-0.004192872117400381
2025-01-16,9540,9990,9540,9890,203765,0.04105263157894745
2025-01-17,9890,10290,9710,10290,222349,0.04044489383215377
2025-01-20,10200,10200,9850,9960,218090,-0.03206997084548102
2025-01-21,9940,10100,9760,9780,177221,-0.01807228915662651
2025-01-22,9850,10780,9750,10430,758341,0.06646216768916147
2025-01-23,10310,10390,9870,9930,221821,-0.047938638542665335
2025-01-24,10000,10240,9850,10200,147343,0.027190332326284095
2025-01-31,9900,10000,9400,9420,179419,-0.07647058823529407
2025-02-03,9330,9330,8790,9000,130782,-0.04458598726114649
2025-02-04,9020,9250,9020,9250,59913,0.02777777777777768
2025-02-05,9230,9360,9210,9230,55782,-0.00216216216216214
2025-02-06,9540,10490,9540,9820,876854,0.06392199349945837
2025-02-07,9950,10680,9910,10450,696744,0.0641547861507128
2025-02-10,10540,10580,10180,10200,289055,-0.02392344497607657
2025-02-11,10200,10420,10090,10210,137481,0.0009803921568627416
2025-02-12,10330,10410,10050,10230,195064,0.0019588638589618235
2025-02-13,10770,11280,10330,10500,1441153,0.02639296187683282
2025-02-14,10640,10640,10060,10190,319462,-0.029523809523809508
2025-02-17,10160,10170,9800,10050,193230,-0.013738959764474923
2025-02-18,10130,10300,9980,10300,157493,0.02487562189054726
2025-02-19,10460,10490,9810,9840,303513,-0.044660194174757306
2025-02-20,9840,9840,9590,9630,138727,-0.021341463414634165
2025-02-21,9500,9690,9500,9540,71223,-0.009345794392523366
2025-02-24,9530,9780,9520,9690,112226,0.01572327044025168
2025-02-25,9650,9770,9540,9690,53665,0.0
2025-02-26,9790,10070,9790,9980,197083,0.029927760577915352
2025-02-27,9960,9970,9660,9710,94325,-0.027054108216432837
2025-02-28,9600,9830,9270,9380,135733,-0.033985581874356297
2025-03-04,8930,9300,8680,9000,114858,-0.04051172707889128
2025-03-05,9150,9650,9150,9590,128624,0.06555555555555559
2025-03-06,9490,9550,9340,9410,53900,-0.018769551616266922
2025-03-07,9360,9520,9200,9430,58410,0.002125398512220933
2025-03-10,9430,9440,9160,9280,38670,-0.01590668080593849
2025-03-11,9030,9460,9000,9420,75082,0.015086206896551824
2025-03-12,9600,9690,9150,9160,116461,-0.027600849256900206
2025-03-13,9170,9250,9090,9090,46732,-0.007641921397379958
2025-03-14,9030,9120,9020,9080,24274,-0.0011001100110010764
2025-03-17,9020,9220,8930,9200,77188,0.013215859030837107
2025-03-18,9200,9290,9110,9220,44459,0.0021739130434783593
2025-03-19,9210,9210,8790,8810,120097,-0.04446854663774402
2025-03-20,8730,8850,8670,8710,42722,-0.011350737797956922
2025-03-21,8710,8720,8450,8540,40847,-0.019517795637198576
2025-03-24,8500,8680,8500,8570,16115,0.003512880562060783
2025-03-25,8550,8770,8410,8500,49359,-0.008168028004667427
2025-03-26,8430,8560,8330,8420,37072,-0.009411764705882342
2025-03-27,8240,8520,8240,8320,41859,-0.01187648456057011
2025-03-28,8320,8390,8100,8100,55661,-0.02644230769230771
2025-03-31,7840,8080,7730,7730,56382,-0.04567901234567906
2025-04-01,7700,8000,7700,7900,51099,0.02199223803363526
2025-04-02,7900,7900,7700,7870,36279,-0.0037974683544304
2025-04-03,7650,7730,7530,7660,38325,-0.026683608640406642
2025-04-04,7530,7700,7410,7630,85375,-0.003916449086161844
2025-04-07,7470,7470,7000,7000,96493,-0.08256880733944949
2025-04-08,7050,7350,7020,7310,64949,0.04428571428571426
2025-04-09,7260,7280,7020,7080,24747,-0.03146374829001364
2025-04-10,7300,7480,7270,7460,35253,0.053672316384180796
2025-04-11,7370,7770,7310,7770,32989,0.041554959785522705
2025-04-14,7770,7850,7690,7830,23894,0.007722007722007707
2025-04-15,7830,7980,7740,7980,26337,0.019157088122605304
2025-04-16,7980,8300,7850,7890,46212,-0.011278195488721776
2025-04-17,7890,7930,7850,7890,9189,0.0
2025-04-18,8000,8110,7890,8100,29424,0.026615969581748944
2025-04-21,8150,8210,8050,8090,23716,-0.0012345679012345512
2025-04-22,8010,8420,8010,8320,105352,0.028430160692212603
2025-04-23,8370,8430,8230,8350,65304,0.0036057692307691624
2025-04-24,8330,8330,8130,8210,31640,-0.016766467065868262
2025-04-25,8300,8300,8120,8230,27387,0.0024360535931791105
2025-04-28,8240,8250,8000,8100,31793,-0.015795868772782495
2025-04-29,8200,8200,8000,8110,21417,0.0012345679012346622
2025-04-30,8170,8170,7920,8000,28884,-0.013563501849568449
2025-05-02,8250,8250,7970,8020,24684,0.0024999999999999467
2025-05-07,7920,8070,7900,8070,29550,0.006234413965087171
2025-05-08,7990,8090,7950,8000,18193,-0.008674101610904539
2025-05-09,8030,8060,7940,8000,22681,0.0
2025-05-12,8450,8480,8240,8320,74841,0.040000000000000036
2025-05-13,8310,8440,8270,8430,42707,0.013221153846153744
2025-05-14,8410,8440,8250,8400,26219,-0.003558718861209953
2025-05-15,8270,8310,8070,8110,38112,-0.03452380952380951
2025-05-16,8110,8120,7960,7990,24813,-0.01479654747225645
2025-05-19,8090,8130,7930,7990,35538,0.0
2025-05-20,8100,8340,8090,8180,43218,0.02377972465581979
2025-05-21,8180,8180,7950,8000,32257,-0.022004889975550168
2025-05-22,7990,7990,7790,7830,21972,-0.02124999999999999
2025-05-23,7840,7940,7750,7820,23407,-0.0012771392081737387
2025-05-26,7800,7890,7740,7800,13719,-0.002557544757033292
2025-05-27,7800,7870,7670,7730,16432,-0.008974358974358942
2025-05-28,7760,7790,7630,7710,33535,-0.002587322121604174
2025-05-29,7800,7880,7740,7880,20103,0.02204928664072625
2025-05-30,7880,7910,7750,7760,18086,-0.015228426395939132
2025-06-02,7800,7810,7670,7720,12160,-0.005154639175257714
2025-06-04,7670,7740,7570,7720,27972,0.0
2025-06-05,7720,7750,7620,7650,29897,-0.0090673575129534
