Date,Open,High,Low,Close,Volume,Change
2022-01-03,4756,4771,4732,4747,82428,-0.001052188552188582
2022-01-04,4747,4757,4722,4757,87187,0.002106593638087295
2022-01-05,4756,4796,4722,4752,69208,-0.0010510826150935682
2022-01-06,4751,4761,4687,4732,84583,-0.004208754208754217
2022-01-07,4737,4791,4737,4787,74400,0.011622992392223086
2022-01-10,4787,4806,4767,4787,42939,0.0
2022-01-11,4791,4801,4682,4732,94048,-0.011489450595362438
2022-01-12,4722,4806,4717,4802,57723,0.014792899408283988
2022-01-13,4801,4816,4767,4797,27221,-0.0010412328196585108
2022-01-14,4786,4801,4757,4777,45163,-0.00416927246195542
2022-01-17,4766,4781,4707,4752,73520,-0.005233410090014656
2022-01-18,4737,4771,4732,4757,99151,0.001052188552188582
2022-01-19,4732,4766,4692,4752,106806,-0.0010510826150935682
2022-01-20,4747,4776,4727,4767,60813,0.0031565656565657463
2022-01-21,4746,4850,4746,4846,132248,0.016572267673589325
2022-01-24,4806,4826,4757,4792,160076,-0.01114321089558401
2022-01-25,4771,4806,4648,4648,216487,-0.03005008347245408
2022-01-26,4648,4698,4584,4604,72003,-0.009466437177280573
2022-01-27,4627,4632,4414,4499,143545,-0.022806255430060762
2022-01-28,4459,4578,4435,4549,54953,0.011113580795732325
2022-02-03,4608,4628,4579,4584,53924,0.007693998681028713
2022-02-04,4588,4687,4583,4648,60285,0.013961605584642323
2022-02-07,4648,4658,4603,4658,52860,0.002151462994836484
2022-02-08,4658,4687,4603,4658,66407,0.0
2022-02-09,4658,4687,4658,4678,58470,0.004293688278230956
2022-02-10,4678,4703,4673,4703,41195,0.005344164172723431
2022-02-11,4692,4692,4618,4638,52008,-0.01382096534127153
2022-02-14,4598,4598,4504,4549,32486,-0.0191893057352307
2022-02-15,4588,4588,4509,4534,45480,-0.0032974280061551786
2022-02-16,4578,4583,4529,4534,67414,0.0
2022-02-17,4534,4593,4514,4564,61218,0.006616674018526725
2022-02-18,4608,4608,4539,4584,70135,0.004382120946538226
2022-02-21,4583,4608,4499,4569,26691,-0.00327225130890052
2022-02-22,4558,4558,4494,4519,24447,-0.010943313635368823
2022-02-23,4489,4632,4489,4618,82425,0.021907501659659268
2022-02-24,4613,4613,4460,4460,42668,-0.03421394543092249
2022-02-25,4489,4569,4489,4569,21403,0.024439461883408065
2022-02-28,4519,4608,4519,4589,30239,0.004377325454147485
2022-03-02,4548,4622,4548,4613,40001,0.005229897581172427
2022-03-03,4608,4667,4608,4663,29840,0.010838933448948707
2022-03-04,4672,4781,4648,4777,63630,0.024447780398884733
2022-03-07,4776,4791,4717,4747,58351,-0.00628009210801761
2022-03-08,4707,4742,4658,4688,60404,-0.012428902464714509
2022-03-10,4752,4752,4693,4718,24137,0.006399317406143412
2022-03-11,4756,4756,4692,4742,36708,0.005086901229334417
2022-03-14,4742,4767,4698,4713,19797,-0.006115563053563866
2022-03-15,4682,4737,4643,4673,32545,-0.008487163165711853
2022-03-16,4658,4692,4618,4673,65368,0.0
2022-03-17,4687,4702,4658,4683,33177,0.002139952921035748
2022-03-18,4688,4702,4663,4688,22190,0.0010676916506513479
2022-03-21,4693,4727,4678,4718,35725,0.006399317406143412
2022-03-22,4702,4781,4702,4742,35164,0.005086901229334417
2022-03-23,4741,4776,4717,4722,64478,-0.004217629692113034
2022-03-24,4708,4717,4678,4713,26668,-0.001905972045743276
2022-03-25,4712,4746,4707,4727,26512,0.0029705071079990653
2022-03-28,4727,4746,4717,4737,38369,0.0021155066638460784
2022-03-29,4747,4781,4737,4767,50406,0.0063331222292590805
2022-03-30,4766,4806,4722,4727,433623,-0.008391021606880655
2022-03-31,4757,4772,4717,4772,59238,0.00951977998730702
2022-04-01,4767,4811,4762,4792,105223,0.00419111483654655
2022-04-04,4791,4856,4776,4856,132931,0.013355592654423987
2022-04-05,4856,4876,4817,4832,70111,-0.0049423393739703725
2022-04-06,4817,4846,4802,4817,62948,-0.003104304635761612
2022-04-07,4811,4811,4757,4782,69911,-0.00726593315341495
2022-04-08,4781,4801,4737,4757,41273,-0.0052279381012129145
2022-04-11,4736,4786,4727,4727,52352,-0.006306495690561298
2022-04-12,4727,4731,4702,4727,51804,0.0
2022-04-13,4752,4776,4737,4772,39513,0.00951977998730702
2022-04-14,4796,4796,4767,4787,43770,0.0031433361274098015
2022-04-15,4787,4801,4762,4797,32121,0.002088991017338726
2022-04-18,4811,4811,4767,4792,36500,-0.0010423181154888272
2022-04-19,4796,4876,4791,4876,228194,0.017529215358931483
2022-04-20,4791,4895,4791,4891,79466,0.0030762920426579132
2022-04-21,4896,4915,4876,4906,134878,0.003066857493355224
2022-04-22,4905,4905,4856,4901,51037,-0.0010191602119853371
2022-04-25,4885,4885,4821,4846,43402,-0.011222199551112033
2022-04-26,4841,4870,4841,4856,67885,0.0020635575732563805
2022-04-27,4836,4836,4767,4787,56263,-0.014209225700164696
2022-04-28,4767,4812,4767,4812,42881,0.005222477543346482
2022-04-29,4822,4826,4787,4822,18060,0.0020781379883623163
2022-05-02,4797,4821,4757,4812,40831,-0.0020738282870178537
2022-05-03,4812,4955,4772,4822,136808,0.0020781379883623163
2022-05-04,4846,4994,4821,4876,751043,0.011198672749896277
2022-05-06,4870,4930,4816,4856,122482,-0.004101722723543921
2022-05-09,4866,4885,4702,4757,132959,-0.02038714991762769
2022-05-10,4712,4712,4569,4703,129132,-0.011351692243010247
2022-05-11,4667,4697,4623,4648,51487,-0.01169466298107591
2022-05-12,4658,4668,4559,4599,89584,-0.010542168674698815
2022-05-13,4608,4642,4514,4628,104522,0.006305718634485702
2022-05-16,4663,4678,4589,4609,43740,-0.004105445116681095
2022-05-17,4608,4633,4564,4584,56086,-0.005424170101974379
2022-05-18,4583,4622,4509,4509,129041,-0.0163612565445026
2022-05-19,4484,4494,4400,4440,170517,-0.015302727877578137
2022-05-20,4440,4469,4420,4455,75576,0.0033783783783782884
2022-05-23,4460,4489,4430,4460,46987,0.001122334455667895
2022-05-24,4459,4459,4410,4430,53554,-0.006726457399103158
2022-05-25,4425,4469,4420,4455,59521,0.0056433408577878375
2022-05-26,4430,4494,4430,4485,36930,0.006734006734006703
2022-05-27,4495,4514,4465,4495,43913,0.0022296544035673715
2022-05-30,4514,4548,4469,4539,41221,0.009788654060066682
2022-05-31,4554,4608,4509,4589,54923,0.011015642211940957
2022-06-02,4559,4618,4559,4609,30290,0.004358247984310282
2022-06-03,4623,4648,4604,4609,40983,0.0
2022-06-07,4623,4628,4544,4554,25169,-0.011933174224343701
2022-06-08,4554,4578,4529,4554,35175,0.0
2022-06-09,4558,4558,4499,4554,35803,0.0
2022-06-10,4568,4568,4494,4534,23437,-0.004391743522178304
2022-06-13,4523,4523,4380,4410,42675,-0.02734891927657701
2022-06-14,4356,4375,4271,4361,71628,-0.011111111111111072
2022-06-15,4380,4380,4128,4153,88485,-0.04769548268745705
2022-06-16,4162,4246,4147,4212,37211,0.01420659764026011
2022-06-17,4196,4196,4067,4162,33595,-0.011870845204178582
2022-06-20,4142,4167,3939,3954,62796,-0.04997597308986068
2022-06-21,3895,4058,3895,4019,121785,0.016439049064238764
2022-06-22,4023,4058,3914,3959,40226,-0.01492908683752181
2022-06-23,3924,3958,3765,3845,123572,-0.02879515029047741
2022-06-24,3810,3979,3810,3979,37394,0.03485045513654095
2022-06-27,3984,4053,3979,4009,40999,0.007539582809751089
2022-06-28,4008,4053,3963,4053,38808,0.010975305562484383
2022-06-29,4013,4058,3968,4058,12916,0.0012336540833950416
2022-06-30,4058,4097,4023,4058,35583,0.0
2022-07-01,4063,4083,3979,4024,20766,-0.008378511582060155
2022-07-04,4038,4088,3904,4004,18915,-0.00497017892644136
2022-07-05,3924,4058,3919,3974,63363,-0.007492507492507516
2022-07-06,3993,3993,3864,3964,75973,-0.0025163563160544022
2022-07-07,3968,4013,3894,3949,39319,-0.0037840565085771605
2022-07-08,3968,3978,3919,3964,48447,0.0037984299822739764
2022-07-11,3964,3968,3924,3964,14392,0.0
2022-07-12,3963,3963,3879,3944,34741,-0.005045408678102881
2022-07-13,3899,3969,3899,3969,21765,0.006338742393509067
2022-07-14,3974,4008,3939,3999,37912,0.0075585789871503994
2022-07-15,4003,4023,3924,3999,28964,0.0
2022-07-18,3999,4033,3969,4014,27558,0.0037509377344335793
2022-07-19,4013,4132,3998,4108,26952,0.023418036870951564
2022-07-20,4123,4167,4118,4138,23621,0.007302823758519983
2022-07-21,4142,4256,4133,4247,67140,0.026341227646205834
2022-07-22,4247,4311,4217,4257,11437,0.0023546032493524383
2022-07-25,4256,4295,4206,4276,11602,0.0044632370213766315
2022-07-26,4300,4300,4241,4276,23383,0.0
2022-07-27,4290,4290,4261,4286,41170,0.002338634237605275
2022-07-28,4291,4330,4286,4316,20689,0.006999533364442367
2022-07-29,4311,4360,4291,4356,25797,0.009267840593141896
2022-08-01,4356,4361,4331,4361,16999,0.0011478420569328573
2022-08-02,4390,4390,4351,4376,25696,0.003439578078422434
2022-08-03,4376,4380,4336,4376,24519,0.0
2022-08-04,4356,4390,4346,4381,22837,0.0011425959780622108
2022-08-05,4341,4385,4341,4381,12003,0.0
2022-08-08,4380,4414,4360,4410,61375,0.006619493266377452
2022-08-09,4375,4414,4375,4410,31074,0.0
2022-08-10,4410,4419,4380,4410,19617,0.0
2022-08-11,4430,4474,4415,4470,28288,0.013605442176870763
2022-08-12,4444,4538,4444,4534,42409,0.014317673378076101
2022-08-16,4554,4583,4529,4569,30079,0.007719453021614475
2022-08-17,4578,4598,4559,4574,55642,0.0010943313635369822
2022-08-18,4574,4583,4499,4574,87773,0.0
2022-08-19,4593,4657,4578,4628,82265,0.011805859204197633
2022-08-22,4623,4623,4534,4599,27815,-0.0062662057044079456
2022-08-23,4633,4633,4569,4594,42577,-0.0010871928680148413
2022-08-24,4593,4603,4564,4589,16286,-0.001088376142795
2022-08-25,4593,4642,4593,4618,38896,0.006319459577249997
2022-08-26,4618,4627,4603,4618,18513,0.0
2022-08-29,4603,4618,4544,4594,25609,-0.005197055002165385
2022-08-30,4588,4637,4588,4633,40090,0.008489333913800579
2022-08-31,4632,4637,4603,4628,25360,-0.0010792143319663383
2022-09-01,4628,4638,4574,4609,46476,-0.004105445116681095
2022-09-02,4608,4627,4563,4618,12398,0.0019527012367108743
2022-09-05,4617,4632,4588,4613,19912,-0.0010827197921178255
2022-09-06,4578,4677,4578,4673,80823,0.01300672013873827
2022-09-07,4677,4677,4553,4638,98153,-0.007489835223625119
2022-09-08,4637,4657,4628,4628,19311,-0.0021561017680034045
2022-09-13,4628,4667,4623,4658,17677,0.006482281763180664
2022-09-14,4653,4653,4613,4653,38130,-0.001073422069557739
2022-09-15,4658,4712,4653,4698,54314,0.009671179883945946
2022-09-16,4722,4722,4648,4678,44314,-0.004257130693912314
2022-09-19,4672,4677,4633,4668,37685,-0.0021376656690893503
2022-09-20,4643,4682,4643,4673,15111,0.0010711225364181676
2022-09-21,4673,4707,4663,4673,39108,0.0
2022-09-22,4658,4687,4603,4678,44871,0.001069976460517763
2022-09-23,4677,4692,4608,4653,50431,-0.005344164172723431
2022-09-26,4603,4638,4469,4559,110474,-0.02020202020202022
2022-09-27,4544,4579,4484,4579,71760,0.004386926957666182
2022-09-28,4579,4584,4430,4490,115150,-0.019436558200480403
2022-09-29,4489,4578,4479,4564,68460,0.016481069042316276
2022-09-30,4514,4598,4514,4574,48916,0.002191060473269113
2022-10-04,4603,4677,4573,4658,73425,0.018364669873196293
2022-10-05,4687,4687,4643,4658,147203,0.0
2022-10-06,4657,4756,4657,4752,95737,0.02018033490768567
2022-10-07,4751,4880,4746,4841,94932,0.018728956228956317
2022-10-11,4821,4856,4732,4747,132943,-0.01941747572815533
2022-10-12,4708,4762,4698,4718,73144,-0.006109121550452956
2022-10-13,4717,4762,4524,4604,98096,-0.02416278083933865
2022-10-14,4613,4737,4593,4648,109221,0.009556907037358897
2022-10-17,4647,4657,4608,4638,30628,-0.002151462994836484
2022-10-18,4687,4727,4633,4678,37306,0.00862440707201384
2022-10-19,4727,4727,4658,4673,51625,-0.0010688328345447307
2022-10-20,4722,4727,4554,4554,205335,-0.025465439760325226
2022-10-21,4554,4554,4435,4475,50305,-0.01734738691260429
2022-10-24,4480,4519,4475,4495,40618,0.004469273743016755
2022-10-25,4499,4513,4479,4499,24450,0.0008898776418242438
2022-10-26,4494,4514,4479,4514,31100,0.0033340742387197864
2022-10-27,4469,4578,4469,4574,27463,0.01329198050509528
2022-10-28,4574,5233,4465,4465,3011877,-0.023830345430695288
2022-10-31,4470,4504,4286,4376,223403,-0.019932810750279972
2022-11-01,4430,4450,4366,4381,144323,0.0011425959780622108
2022-11-02,4380,4464,4380,4435,69378,0.012325952978772037
2022-11-03,4380,4444,4380,4440,96375,0.0011273957158963732
2022-11-04,4425,4439,4370,4425,78375,-0.0033783783783783994
2022-11-07,4425,4499,4385,4430,52817,0.001129943502824915
2022-11-08,4420,4449,4400,4435,69175,0.0011286681715576563
2022-11-09,4435,4454,4430,4445,30826,0.0022547914317925244
2022-11-10,4444,4444,4420,4425,35998,-0.004499437570303688
2022-11-11,4440,4499,4420,4460,108701,0.00790960451977396
2022-11-14,4465,4598,4465,4579,68871,0.026681614349775895
2022-11-15,4578,4667,4578,4628,64081,0.010701026424983606
2022-11-16,4627,4637,4573,4623,34639,-0.001080380293863481
2022-11-17,4593,4598,4544,4554,55156,-0.014925373134328401
2022-11-18,4554,4588,4539,4564,36634,0.002195871761089263
2022-11-21,4563,4568,4519,4539,42009,-0.0054776511831726715
2022-11-22,4538,4583,4514,4529,59844,-0.002203128442388236
2022-11-23,4588,4588,4524,4559,12447,0.006623978803267816
2022-11-24,4534,4578,4534,4549,19583,-0.002193463478833091
2022-11-25,4568,4573,4514,4539,46819,-0.0021982853374368228
2022-11-28,4543,4543,4499,4519,21349,-0.004406256884776361
2022-11-29,4479,4633,4479,4559,34598,0.008851515822084544
2022-11-30,4588,4603,4544,4579,22218,0.004386926957666182
2022-12-01,4598,4598,4564,4589,37959,0.0021838829438742824
2022-12-02,4579,4598,4559,4579,36960,-0.002179123992155141
2022-12-05,4589,4603,4539,4589,19445,0.0021838829438742824
2022-12-06,4549,4588,4549,4579,35069,-0.002179123992155141
2022-12-07,4554,4583,4554,4574,36982,-0.0010919414719371412
2022-12-08,4593,4622,4563,4618,41222,0.00961958898119808
2022-12-09,4618,4787,4593,4787,258261,0.03659592897358155
2022-12-12,4786,4786,4722,4737,48561,-0.010444955086693075
2022-12-13,4717,4876,4712,4876,111288,0.02934346632890006
2022-12-14,4856,4900,4836,4871,81078,-0.001025430680886008
2022-12-15,4870,4870,4652,4846,23790,-0.005132416341613655
2022-12-16,4801,4875,4801,4836,48381,-0.0020635575732562694
2022-12-19,4826,4826,4802,4807,14509,-0.005996691480562477
2022-12-20,4787,4812,4747,4812,47182,0.0010401497815686334
2022-12-21,4782,4841,4747,4802,39585,-0.0020781379883624274
2022-12-22,4776,4850,4776,4836,113066,0.007080383173677651
2022-12-23,4826,4846,4772,4792,47555,-0.009098428453267138
2022-12-26,4792,4811,4782,4807,78937,0.0031302170283806774
2022-12-27,4806,4855,4796,4841,87415,0.0070730185146661295
2022-12-28,4807,4807,4658,4698,45680,-0.02953935137368313
2022-12-29,4697,4717,4603,4688,37720,-0.002128565346956157
2023-01-02,4687,4737,4410,4539,92524,-0.03178327645051193
2023-01-03,4553,4553,4419,4524,50518,-0.0033046926635822427
2023-01-04,4523,4523,4400,4519,52631,-0.001105216622457994
2023-01-05,4518,4548,4489,4509,34187,-0.002212878955521136
2023-01-06,4509,4524,4415,4445,86841,-0.014193834553115958
2023-01-09,4489,4509,4450,4470,36657,0.0056242969628796935
2023-01-10,4435,4489,4435,4455,27982,-0.003355704697986628
2023-01-11,4460,4489,4450,4460,25041,0.001122334455667895
2023-01-12,4484,4484,4440,4465,38097,0.0011210762331839152
2023-01-13,4484,4499,4455,4475,44187,0.002239641657334923
2023-01-16,4474,4528,4459,4509,46490,0.007597765363128506
2023-01-17,4529,4529,4455,4455,26118,-0.0119760479041916
2023-01-18,4455,4494,4420,4460,27188,0.001122334455667895
2023-01-19,4435,4524,4400,4490,42696,0.006726457399103047
2023-01-20,4504,4524,4465,4475,25596,-0.0033407572383074013
2023-01-25,4480,4514,4450,4490,31521,0.003351955307262511
2023-01-26,4499,4508,4474,4504,18681,0.003118040089086893
2023-01-27,4529,4529,4480,4485,58778,-0.00421847246891649
2023-01-30,4484,4519,4450,4470,53152,-0.0033444816053511683
2023-01-31,4469,4514,4460,4460,49839,-0.0022371364653244186
2023-02-01,4509,4509,4465,4470,37696,0.0022421524663676085
2023-02-02,4475,4514,4470,4490,26033,0.004474272930648837
2023-02-03,4504,4504,4460,4490,32285,0.0
2023-02-06,4489,4539,4479,4539,27161,0.010913140311803904
2023-02-07,4538,4538,4499,4514,18864,-0.0055078211059704785
2023-02-08,4518,4523,4489,4514,25006,0.0
2023-02-09,4518,4533,4484,4509,24807,-0.0011076650420912548
2023-02-10,4523,4523,4464,4504,39402,-0.001108893324462179
2023-02-13,4504,4508,4464,4504,30393,0.0
2023-02-14,4484,4513,4484,4504,14772,0.0
2023-02-15,4490,4499,4435,4490,42140,-0.003108348134991168
2023-02-16,4484,4563,4459,4509,43931,0.004231625835189323
2023-02-17,4509,4544,4465,4490,22947,-0.004213794632956347
2023-02-20,4489,4489,4455,4470,28812,-0.0044543429844098315
2023-02-21,4469,4474,4445,4465,54593,-0.0011185682326622093
2023-02-22,4435,4474,4425,4460,48485,-0.0011198208286674616
2023-02-23,4450,4495,4445,4495,23841,0.007847533632286963
2023-02-24,4499,4529,4440,4465,40744,-0.006674082313681828
2023-02-27,4459,4459,4420,4440,94408,-0.005599104143337086
2023-02-28,4440,4454,4425,4440,22582,0.0
2023-03-02,4430,4474,4430,4470,28133,0.006756756756756799
2023-03-03,4469,4489,4445,4465,28250,-0.0011185682326622093
2023-03-06,4469,4469,4430,4460,58877,-0.0011198208286674616
2023-03-07,4459,4538,4454,4519,75248,0.013228699551569578
2023-03-08,4499,4533,4494,4529,17879,0.002212878955521136
2023-03-09,4519,4538,4484,4529,43953,0.0
2023-03-10,4479,4518,4464,4504,18979,-0.00551998233605655
2023-03-13,4494,4494,4385,4465,63039,-0.00865896980461811
2023-03-14,4450,4450,4356,4366,45846,-0.022172452407614784
2023-03-15,4375,4419,4360,4390,60952,0.005497022446175004
2023-03-16,4399,4399,4335,4390,23978,0.0
2023-03-17,4390,4409,4360,4395,29736,0.001138952164009055
2023-03-20,4400,4400,4326,4381,32221,-0.0031854379977246383
2023-03-21,4376,4400,4356,4381,29228,0.0
2023-03-22,4380,4400,4346,4361,30463,-0.004565167769915557
2023-03-23,4356,4376,4341,4376,18920,0.003439578078422434
2023-03-24,4341,4395,4291,4361,42278,-0.0034277879341865214
2023-03-27,4321,4361,4247,4361,36258,0.0
2023-03-28,4291,4390,4271,4371,37029,0.0022930520522816966
2023-03-29,4351,4410,4336,4371,64569,0.0
2023-03-30,4365,4454,4350,4405,73156,0.007778540379775878
2023-03-31,4449,4449,4365,4395,31452,-0.002270147559591429
2023-04-03,4425,4425,4336,4351,47962,-0.010011376564277641
2023-04-04,4370,4370,4331,4346,65998,-0.001149161112387942
2023-04-05,4351,4361,4311,4361,51350,0.0034514496088358104
2023-04-06,4355,4430,4335,4430,48467,0.015822059160742974
2023-04-07,4439,4439,4385,4435,29512,0.0011286681715576563
2023-04-10,4434,4444,4345,4400,44865,-0.007891770011273946
2023-04-11,4439,4439,4380,4430,47817,0.006818181818181834
2023-04-12,4439,4449,4410,4410,31398,-0.004514672686230292
2023-04-13,4410,4474,4385,4450,53586,0.009070294784580435
2023-04-14,4450,4499,4420,4490,50700,0.008988764044943753
2023-04-17,4509,4603,4474,4574,82932,0.018708240534521137
2023-04-18,4578,4588,4489,4559,56641,-0.00327940533449933
2023-04-19,4559,4618,4529,4599,71226,0.008773853915332364
2023-04-20,4599,4608,4554,4599,33687,0.0
2023-04-21,4564,4648,4524,4604,45980,0.0010871928680147303
2023-04-24,4539,4643,4410,4554,44956,-0.010860121633362252
2023-04-25,4613,4613,4449,4549,50023,-0.0010979358805446315
2023-04-26,4553,4553,4469,4509,31211,-0.00879314134974718
2023-04-27,4514,4538,4414,4519,39352,0.002217786648924358
2023-04-28,4519,4593,4489,4584,54529,0.014383713210887272
2023-05-02,4613,4653,4549,4554,46059,-0.00654450261780104
2023-05-03,4554,4608,4524,4574,26801,0.004391743522178304
2023-05-04,4564,4583,4534,4564,21439,-0.0021862702229995534
2023-05-08,4563,4598,4534,4549,64804,-0.0032865907099035585
2023-05-09,4558,4573,4534,4544,54008,-0.0010991426687183559
2023-05-10,4588,4588,4479,4539,42804,-0.0011003521126760063
2023-05-11,4593,4593,4519,4554,33051,0.0033046926635822427
2023-05-12,4554,4554,4485,4495,70331,-0.012955643390425986
2023-05-15,4460,4509,4430,4495,35725,0.0
2023-05-16,4558,4568,4479,4544,43143,0.010901001112347153
2023-05-17,4553,4578,4484,4544,49301,0.0
2023-05-18,4534,4578,4524,4564,31326,0.004401408450704247
2023-05-19,4534,4598,4534,4574,39708,0.002191060473269113
2023-05-22,4573,4608,4529,4569,61312,-0.0010931351114997767
2023-05-23,4564,4618,4564,4589,23528,0.004377325454147485
2023-05-24,4578,4608,4514,4559,28637,-0.0065373719764654226
2023-05-25,4554,4593,4539,4559,19152,0.0
2023-05-26,4598,4598,4514,4569,48588,0.00219346347883298
2023-05-30,4544,4588,4534,4569,30948,0.0
2023-05-31,4568,4573,4519,4524,25399,-0.009848982271831952
2023-06-01,4539,4539,4480,4495,32458,-0.0064102564102563875
2023-06-02,4504,4548,4484,4504,16149,0.002002224694104493
2023-06-05,4538,4603,4514,4529,22538,0.005550621669627054
2023-06-07,4534,4548,4514,4539,32573,0.0022079929344225313
2023-06-08,4568,4568,4509,4529,32939,-0.002203128442388236
2023-06-09,4528,4558,4474,4514,153804,-0.003311989401633908
2023-06-12,4548,4558,4464,4539,55124,0.005538325210456385
2023-06-13,4544,4544,4450,4470,110118,-0.015201586252478472
2023-06-14,4484,4484,4450,4470,46692,0.0
2023-06-15,4470,4489,4425,4470,51734,0.0
2023-06-16,4469,4479,4450,4460,24896,-0.0022371364653244186
2023-06-19,4489,4489,4440,4455,16150,-0.0011210762331838042
2023-06-20,4459,4459,4425,4455,17443,0.0
2023-06-21,4449,4459,4425,4440,26729,-0.0033670033670033517
2023-06-22,4440,4539,4435,4490,53678,0.011261261261261257
2023-06-23,4470,4509,4465,4495,25319,0.00111358574610243
2023-06-26,4474,4806,4459,4658,2003683,0.03626251390433821
2023-06-27,4752,4752,4480,4495,1164364,-0.03499355946758265
2023-06-28,4499,4588,4489,4509,193633,0.0031145717463849643
2023-06-29,4564,4569,4440,4485,145790,-0.005322687957418526
2023-06-30,4450,4484,4440,4450,79017,-0.0078037904124860225
2023-07-03,4450,4524,4445,4490,78101,0.008988764044943753
2023-07-04,4489,4543,4474,4499,93690,0.002004454342984463
2023-07-05,4499,4524,4455,4475,61590,-0.005334518781951569
2023-07-06,4450,4474,4430,4470,98437,-0.0011173184357542443
2023-07-07,4445,4459,4395,4455,61329,-0.003355704697986628
2023-07-10,4439,4494,4405,4430,45629,-0.0056116722783389195
2023-07-11,4430,4464,4430,4450,44139,0.004514672686230181
2023-07-12,4459,4518,4434,4499,56274,0.011011235955056264
2023-07-13,4499,4523,4479,4504,48086,0.001111358079573188
2023-07-14,4503,4513,4444,4499,73539,-0.001110124333925433
2023-07-17,4494,4538,4469,4514,79730,0.0033340742387197864
2023-07-18,4538,4553,4499,4534,66773,0.004430660168365019
2023-07-19,4534,4558,4509,4534,75172,0.0
2023-07-20,4524,4553,4514,4534,31299,0.0
2023-07-21,4534,4702,4534,4658,271777,0.02734891927657701
2023-07-24,4652,4702,4613,4643,95039,-0.003220266208673217
2023-07-25,4643,4772,4613,4673,171863,0.00646133965108775
2023-07-26,4742,4742,4544,4663,163766,-0.002139952921035748
2023-07-27,4663,4826,4648,4678,259596,0.0032168132103795877
2023-07-28,4672,4776,4662,4757,95905,0.016887558785805945
2023-07-31,4816,4816,4667,4727,84753,-0.006306495690561298
2023-08-01,4737,4757,4638,4678,80008,-0.010365982652845385
2023-08-02,4682,4717,4633,4658,72772,-0.004275331338178701
2023-08-03,4613,4672,4593,4618,55963,-0.008587376556462023
2023-08-04,4608,4737,4603,4703,77659,0.0184062364660027
2023-08-07,4703,4742,4658,4703,47967,0.0
2023-08-08,4702,4732,4658,4688,53601,-0.00318945354029343
2023-08-09,4668,4727,4375,4668,70256,-0.004266211604095571
2023-08-10,4687,4692,4608,4628,84327,-0.00856898029134534
2023-08-11,4613,4677,4608,4638,35662,0.002160760587726962
2023-08-14,4638,4638,4549,4584,60659,-0.011642949547218673
2023-08-16,4579,4618,4544,4584,80265,0.0
2023-08-17,4583,4583,4449,4529,60139,-0.011998254799301944
2023-08-18,4524,4524,4455,4465,60307,-0.014131154780304689
2023-08-21,4494,5719,4475,5719,15574263,0.2808510638297872
2023-08-22,5252,5430,4642,4732,4878524,-0.17258261933904528
2023-08-23,4761,4905,4638,4643,2702721,-0.01880811496196111
2023-08-24,4613,4697,4568,4643,848133,0.0
2023-08-25,4608,4732,4584,4708,540908,0.013999569244023347
2023-08-28,4707,4797,4673,4797,466022,0.018903993203058578
2023-08-29,4791,4821,4717,4772,478585,-0.005211590577444247
2023-08-30,4781,4786,4722,4727,310749,-0.009430008382229627
2023-08-31,4727,4781,4677,4737,310974,0.0021155066638460784
2023-09-01,4717,4732,4613,4623,337190,-0.024065864471184306
2023-09-04,4628,4667,4608,4628,147312,0.0010815487778499389
2023-09-05,4628,4653,4579,4584,254565,-0.009507346585998278
2023-09-06,4583,4603,4509,4519,505227,-0.014179755671902217
2023-09-07,4518,4637,4499,4623,294815,0.023013941137419724
2023-09-08,4608,4657,4583,4643,137046,0.004326195111399533
2023-09-11,4653,4697,4618,4678,209991,0.007538229592935597
2023-09-12,4677,4697,4628,4628,163720,-0.010688328345446751
2023-09-13,4623,4653,4564,4589,124248,-0.008426966292134797
2023-09-14,4588,4608,4564,4569,109794,-0.004358247984310282
2023-09-15,4608,4687,4563,4648,131093,0.017290435543882765
2023-09-18,4648,4658,4579,4609,80094,-0.008390705679862331
2023-09-19,4608,4608,4549,4559,95848,-0.010848340203948759
2023-09-20,4588,4588,4509,4529,149133,-0.006580390436499273
2023-09-21,4499,4529,4445,4465,215900,-0.014131154780304689
2023-09-22,4424,4459,4390,4410,149182,-0.012318029115341522
2023-09-25,4380,4559,4351,4366,135823,-0.009977324263038545
2023-09-26,4361,4405,4262,4272,217356,-0.02153000458085208
2023-09-27,4211,4310,4191,4301,78736,0.0067883895131086724
2023-10-04,4251,4266,4088,4133,160344,-0.03906068356196235
2023-10-05,4137,4236,4068,4108,129207,-0.006048874909266866
2023-10-06,4052,4191,4052,4162,66235,0.01314508276533588
2023-10-10,4162,4201,4122,4162,94788,0.0
2023-10-11,4172,4241,4172,4227,56318,0.015617491590581345
2023-10-12,4211,4290,4211,4286,50027,0.01395788975632839
2023-10-13,4295,4295,4201,4281,32234,-0.001166588894073728
2023-10-16,4262,4296,4212,4272,50106,-0.0021023125437982237
2023-10-17,4261,4390,4261,4346,97470,0.017322097378277057
2023-10-18,4390,4390,4296,4331,25293,-0.0034514496088356994
2023-10-19,4256,4300,4137,4172,132014,-0.0367120757330871
2023-10-20,4147,4172,4098,4123,92828,-0.011744966442952975
2023-10-23,4103,4162,4088,4103,70694,-0.004850836769342726
2023-10-24,4103,4142,4043,4138,61395,0.008530343650987149
2023-10-25,4142,4211,4132,4182,45576,0.010633156114064679
2023-10-26,4177,4177,4068,4068,87110,-0.027259684361549463
2023-10-27,4078,4152,4053,4083,66950,0.0036873156342183133
2023-10-30,4068,4182,4068,4123,84144,0.009796718099436719
2023-10-31,4127,4172,4038,4068,134281,-0.01333980111569244
2023-11-01,4083,4162,4073,4148,55099,0.019665683382497523
2023-11-02,4201,4211,4038,4197,81745,0.011812921890067551
2023-11-03,4202,4241,4182,4207,59883,0.002382654276864349
2023-11-06,4251,4251,4212,4237,51486,0.007130972189208551
2023-11-07,4196,4236,4142,4162,59301,-0.017701203681850353
2023-11-08,4147,4211,4147,4172,36154,0.0024026910139356428
2023-11-09,4197,4226,4152,4202,44108,0.007190795781399917
2023-11-10,4167,4206,4152,4192,31438,-0.002379819133745853
2023-11-13,4191,4256,4157,4177,73807,-0.003578244274809128
2023-11-14,4197,4231,4197,4222,42995,0.010773282259995298
2023-11-15,4266,4300,4261,4286,65343,0.015158692562766474
2023-11-16,4291,4311,4266,4311,39724,0.0058329444703686395
2023-11-17,4310,4340,4271,4276,57359,-0.00811876594757599
2023-11-20,4281,4360,4281,4321,67669,0.010523854069223626
2023-11-21,4326,4405,4321,4351,112837,0.006942837306179062
2023-11-22,4321,4370,4321,4366,38555,0.003447483337163826
2023-11-23,4370,4390,4331,4341,51564,-0.005726065048098916
2023-11-24,4341,4350,4311,4346,50142,0.0011518083390924527
2023-11-27,4346,4440,4346,4381,103617,0.008053382420616595
2023-11-28,4365,4464,4365,4430,101155,0.01118466103629312
2023-11-29,4410,4464,4395,4425,85727,-0.0011286681715575453
2023-11-30,4425,4469,4405,4435,62962,0.002259887005649608
2023-12-01,4435,4469,4425,4460,70694,0.005636978579481422
2023-12-04,4435,4479,4430,4445,85587,-0.0033632286995515237
2023-12-05,4420,4509,4410,4445,52568,0.0
2023-12-06,4454,4479,4425,4440,26345,-0.0011248593925758943
2023-12-07,4440,4454,4420,4440,29285,0.0
2023-12-08,4425,4509,4425,4435,58701,-0.0011261261261261701
2023-12-11,4430,4444,4415,4435,57259,0.0
2023-12-12,4425,4479,4425,4450,57276,0.0033821871476888976
2023-12-13,4475,4519,4440,4485,83575,0.00786516853932584
2023-12-14,4484,4518,4484,4509,62079,0.005351170568561825
2023-12-15,4519,4578,4494,4564,107728,0.01219782656908408
2023-12-18,4578,4608,4514,4564,81987,0.0
2023-12-19,4544,4618,4544,4589,101262,0.0054776511831726715
2023-12-20,4608,4608,4574,4604,40452,0.0032686859882327113
2023-12-21,4574,4593,4559,4574,76403,-0.006516072980017329
2023-12-22,4559,4598,4559,4584,67360,0.0021862702229995534
2023-12-26,4584,4608,4574,4584,105537,0.0
2023-12-27,4410,4469,4385,4455,159721,-0.02814136125654454
2023-12-28,4410,4469,4410,4460,47315,0.001122334455667895
2024-01-02,4459,4479,4430,4440,63367,-0.004484304932735439
2024-01-03,4449,4479,4405,4440,62237,0.0
2024-01-04,4424,4459,4400,4410,63231,-0.006756756756756799
2024-01-05,4405,4435,4381,4381,50212,-0.006575963718820854
2024-01-08,4380,4410,4351,4371,55813,-0.002282583884957723
2024-01-09,4365,4405,4346,4361,55981,-0.0022878059940516504
2024-01-10,4370,4380,4341,4356,34695,-0.0011465260261408483
2024-01-11,4355,4380,4336,4351,36302,-0.0011478420569329684
2024-01-12,4350,4440,4321,4336,58268,-0.003447483337163826
2024-01-15,4335,4360,4316,4331,56411,-0.0011531365313652842
2024-01-16,4370,4370,4311,4331,44149,0.0
2024-01-17,4315,4350,4276,4291,105935,-0.009235742322789231
2024-01-18,4291,4310,4266,4291,31763,0.0
2024-01-19,4281,4330,4276,4301,36567,0.0023304591004427166
2024-01-22,4360,4400,4301,4331,62998,0.00697512206463613
2024-01-23,4331,4375,4316,4331,23231,0.0
2024-01-24,4331,4360,4321,4341,27935,0.0023089355806973355
2024-01-25,4340,4385,4330,4385,27548,0.010135913384012873
2024-01-26,4375,4425,4331,4346,184823,-0.008893956670467551
2024-01-29,4351,4380,4341,4356,39232,0.0023009664058903923
2024-01-30,4355,4419,4350,4390,63799,0.007805325987144229
2024-01-31,4360,4419,4360,4410,45335,0.004555808656036442
2024-02-01,4399,4513,4394,4504,111502,0.021315192743764255
2024-02-02,4509,4558,4479,4554,140457,0.011101243339253886
2024-02-05,4573,4573,4494,4544,61835,-0.002195871761089152
2024-02-06,4544,4717,4529,4589,390646,0.0099031690140845
2024-02-07,4588,4628,4569,4584,56187,-0.0010895619960775704
2024-02-08,4623,4623,4539,4559,59868,-0.005453752181500904
2024-02-13,4559,4603,4529,4574,67941,0.003290195218249581
2024-02-14,4569,4598,4554,4569,38912,-0.0010931351114997767
2024-02-15,4568,4722,4568,4648,146774,0.017290435543882765
2024-02-16,4653,4697,4638,4653,38633,0.001075731497418353
2024-02-19,4687,4756,4667,4722,137635,0.014829142488717029
2024-02-20,4737,4747,4703,4718,56363,-0.0008470986869970609
2024-02-21,4757,4757,4688,4698,85252,-0.004239084357778755
2024-02-22,4697,4712,4643,4658,102189,-0.008514261387824629
2024-02-23,4652,4707,4613,4633,56715,-0.005367110347788806
2024-02-26,4632,4662,4588,4613,64950,-0.004316857327865353
2024-02-27,4618,4628,4539,4554,58846,-0.012789941469759425
2024-02-28,4559,4608,4539,4559,40401,0.0010979358805445205
2024-02-29,4539,4578,4534,4549,31882,-0.002193463478833091
2024-03-04,4583,4588,4564,4574,47679,0.005495713343592001
2024-03-05,4603,4603,4544,4569,58961,-0.0010931351114997767
2024-03-06,4569,4633,4559,4589,42101,0.004377325454147485
2024-03-07,4589,4623,4584,4609,23544,0.004358247984310282
2024-03-08,4598,4697,4583,4628,107239,0.004122369277500537
2024-03-11,4628,4677,4608,4658,50576,0.006482281763180664
2024-03-12,4618,4667,4608,4663,100569,0.00107342206955785
2024-03-13,4663,4672,4633,4663,44714,0.0
2024-03-14,4662,4662,4424,4499,471007,-0.035170491100150136
2024-03-15,4499,4499,4445,4495,90855,-0.0008890864636585949
2024-03-18,4459,4544,4459,4544,61128,0.010901001112347153
2024-03-19,4513,4553,4489,4509,43108,-0.007702464788732377
2024-03-20,4534,4559,4475,4480,117420,-0.006431581281880705
2024-03-21,4484,4528,4464,4519,80678,0.00870535714285725
2024-03-22,4504,4558,4504,4539,35234,0.004425757911042272
2024-03-25,4539,5550,4524,5035,20327197,0.10927517074245419
2024-03-26,5471,5629,4926,4926,10078400,-0.021648460774577938
2024-03-27,4875,4935,4776,4861,2736160,-0.013195290296386553
2024-03-28,5123,5262,4905,5005,5198135,0.029623534252211536
2024-03-29,4925,4985,4772,4777,1278930,-0.045554445554445544
2024-04-01,4776,4851,4741,4851,548252,0.015490893866443312
2024-04-02,4806,4900,4722,4727,661235,-0.025561739847454135
2024-04-03,4712,4801,4677,4742,478239,0.0031732599957690066
2024-04-04,4752,4757,4678,4708,381379,-0.00716997047659218
2024-04-05,4667,4732,4648,4663,269625,-0.009558198810535212
2024-04-08,4658,4677,4544,4549,318014,-0.024447780398884844
2024-04-09,4549,4613,4504,4609,220385,0.013189712024620714
2024-04-11,4559,4604,4495,4495,181640,-0.024734215665003223
2024-04-12,4529,4544,4475,4495,153806,0.0
2024-04-15,4440,4459,4370,4440,184673,-0.012235817575083408
2024-04-16,4410,4435,4301,4361,311140,-0.017792792792792778
2024-04-17,4380,4400,4356,4356,100023,-0.0011465260261408483
2024-04-18,4336,4474,4336,4455,155600,0.022727272727272707
2024-04-19,4449,4459,4340,4410,168562,-0.010101010101010055
2024-04-22,4400,4484,4400,4460,103348,0.01133786848072571
2024-04-23,4489,4489,4410,4435,85151,-0.005605381165919243
2024-04-24,4469,4479,4430,4435,162501,0.0
2024-04-25,4459,4528,4439,4499,136965,0.014430665163472467
2024-04-26,4494,4524,4470,4490,107179,-0.002000444543231783
2024-04-29,4484,4548,4469,4514,119263,0.005345211581291753
2024-04-30,4524,4583,4509,4564,99762,0.01107665042091277
2024-05-02,4548,4628,4538,4628,131790,0.014022787028922012
2024-05-03,4627,4667,4598,4613,129260,-0.003241140881590332
2024-05-07,4633,4638,4574,4604,127451,-0.0019510080208107183
2024-05-08,4623,4677,4598,4633,107670,0.006298870547350122
2024-05-09,4638,4658,4609,4609,57698,-0.0051802287934383795
2024-05-10,4608,4643,4514,4599,145991,-0.002169668040789774
2024-05-13,4573,4598,4559,4559,67122,-0.008697542944118286
2024-05-14,4559,4593,4549,4559,64064,0.0
2024-05-16,4558,4642,4558,4633,142238,0.016231629743364673
2024-05-17,4603,4662,4603,4623,108496,-0.0021584286639326766
2024-05-20,4618,4663,4609,4609,120680,-0.003028336577979629
2024-05-21,4618,4637,4593,4618,45632,0.0019527012367108743
2024-05-22,4628,4628,4589,4604,74900,-0.003031615417929845
2024-05-23,4593,4603,4564,4589,68529,-0.0032580364900086645
2024-05-24,4548,4588,4534,4539,73302,-0.010895619960775815
2024-05-27,4539,4569,4485,4485,108425,-0.011896893588896229
2024-05-28,4484,4509,4450,4465,84144,-0.004459308807134854
2024-05-29,4464,4524,4425,4440,66065,-0.005599104143337086
2024-05-30,4429,4464,4375,4410,65659,-0.006756756756756799
2024-05-31,4395,4459,4395,4405,48441,-0.0011337868480725266
2024-06-03,4405,4489,4405,4445,73241,0.009080590238365494
2024-06-04,4479,4514,4440,4455,89008,0.0022497187851517886
2024-06-05,4514,4534,4450,4455,59422,0.0
2024-06-07,4439,4459,4425,4425,80403,-0.006734006734006703
2024-06-10,4415,4454,4400,4425,45801,0.0
2024-06-11,4420,4474,4410,4435,40656,0.002259887005649608
2024-06-12,4420,4539,4370,4460,73960,0.005636978579481422
2024-06-13,4460,4479,4450,4475,41115,0.0033632286995515237
2024-06-14,4455,4479,4450,4470,34396,-0.0011173184357542443
2024-06-17,4494,4499,4435,4440,61609,-0.006711409395973145
2024-06-18,4440,4464,4440,4445,34983,0.0011261261261261701
2024-06-19,4449,4479,4415,4430,52653,-0.003374578177727794
2024-06-20,4430,4489,4425,4460,29504,0.006772009029345272
2024-06-21,4440,4464,4430,4440,62629,-0.004484304932735439
2024-06-24,4430,4469,4430,4445,68476,0.0011261261261261701
2024-06-25,4434,4474,4415,4430,41850,-0.003374578177727794
2024-06-26,4429,4469,4420,4425,33499,-0.0011286681715575453
2024-06-27,4424,4464,4410,4420,30756,-0.001129943502824804
2024-06-28,4400,4459,4375,4405,94446,-0.0033936651583710287
2024-07-01,4400,4439,4375,4400,45868,-0.0011350737797957144
2024-07-02,4380,4399,4360,4385,38897,-0.003409090909090917
2024-07-03,4395,4425,4311,4376,69146,-0.00205245153933864
2024-07-04,4361,4385,4341,4366,22233,-0.0022851919561243106
2024-07-05,4395,4395,4346,4361,59263,-0.0011452130096197832
2024-07-08,4400,4400,4331,4361,24383,0.0
2024-07-09,4360,4370,4336,4356,35008,-0.0011465260261408483
2024-07-10,4351,4365,4336,4351,37206,-0.0011478420569329684
2024-07-11,4341,4360,4331,4351,34056,0.0
2024-07-12,4370,4370,4316,4346,71144,-0.001149161112387942
2024-07-15,4341,4360,4326,4341,43730,-0.0011504832029451961
2024-07-16,4360,4360,4296,4331,85613,-0.0023036166781847944
2024-07-17,4326,4350,4326,4336,44521,0.0011544677903485567
2024-07-18,4330,4330,4296,4311,68630,-0.005765682656826532
2024-07-19,4291,4350,4266,4291,57087,-0.00463929482718628
2024-07-22,4271,4286,4232,4262,65547,-0.0067583313912841225
2024-07-23,4286,4286,4227,4257,57188,-0.0011731581417174786
2024-07-24,4252,4316,4247,4267,59359,0.0023490721165140283
2024-07-25,4247,4296,4192,4257,82667,-0.002343566908835193
2024-07-26,4246,4345,4241,4291,139718,0.007986845196147563
2024-07-29,4271,4325,4251,4296,84415,0.0011652295502213583
2024-07-30,4271,4311,4257,4262,28981,-0.007914338919925545
2024-07-31,4222,4326,4222,4267,75989,0.0011731581417175896
2024-08-01,4281,4340,4276,4331,105024,0.014998828216545634
2024-08-02,4291,4316,4197,4242,142803,-0.020549526668205975
2024-08-05,4202,4207,3701,3895,437364,-0.08180103724658183
2024-08-06,3865,4053,3865,3989,157679,0.024133504492939606
2024-08-07,4013,4177,3983,4093,83343,0.026071697167209917
2024-08-08,4053,4152,4013,4063,112569,-0.007329587099926704
2024-08-09,4078,4142,4068,4088,54430,0.00615308885060295
2024-08-12,4112,4132,4048,4048,45332,-0.009784735812133127
2024-08-13,4063,4107,4033,4078,45842,0.007411067193675791
2024-08-14,4112,4196,4102,4182,78784,0.02550269740068667
2024-08-16,4182,4241,4172,4222,44056,0.009564801530368205
2024-08-19,4186,4295,4181,4276,227890,0.01279014684983415
2024-08-20,4261,4305,4236,4291,109617,0.0035079513564078013
2024-08-21,4291,4320,4241,4316,148503,0.005826147751107014
2024-08-22,4315,4320,4256,4286,95533,-0.006950880444856367
2024-08-23,4286,4370,4256,4351,71696,0.015165655622958463
2024-08-26,4350,4385,4246,4385,79266,0.007814295564238183
2024-08-27,4355,4410,4335,4410,92267,0.005701254275940704
2024-08-28,4405,4420,4326,4326,138503,-0.01904761904761909
2024-08-29,4281,4360,4271,4321,31741,-0.0011558021266758756
2024-08-30,4281,4410,4281,4326,51914,0.0011571395510299176
2024-09-02,4335,4345,4291,4331,35449,0.0011558021266759866
2024-09-03,4311,4400,4311,4351,77440,0.004617871161394671
2024-09-04,4232,4301,4212,4237,110810,-0.026200873362445365
2024-09-05,4231,4390,4231,4321,177743,0.019825348123672315
2024-09-06,4340,4375,4231,4306,108595,-0.003471418653089531
2024-09-09,4222,4346,4217,4262,72429,-0.01021830004644686
2024-09-10,4236,4286,4212,4227,33113,-0.008212106992022572
2024-09-11,4301,4301,4143,4148,95663,-0.018689377809321006
2024-09-12,4152,4271,4152,4197,74404,0.011812921890067551
2024-09-13,4172,4252,4172,4252,33869,0.013104598522754252
2024-09-19,4301,4301,4167,4207,48562,-0.01058325493885226
2024-09-20,4242,4276,4197,4252,103716,0.010696458283812715
2024-09-23,4261,4410,4212,4237,127271,-0.0035277516462840497
2024-09-24,4261,4286,4211,4286,71903,0.011564786405475536
2024-09-25,4286,4350,4212,4212,215023,-0.017265515632291173
2024-09-26,4246,4360,4226,4326,121196,0.027065527065527117
2024-09-27,4325,4335,4286,4311,47768,-0.0034674063800277377
2024-09-30,4390,4390,4291,4326,34850,0.003479471120389599
2024-10-02,4241,4365,4237,4351,131295,0.005779010633379489
2024-10-04,4351,4400,4301,4361,79054,0.002298322224775884
2024-10-07,4360,4404,4360,4385,69479,0.005503324925475894
2024-10-08,4380,4390,4351,4376,27075,-0.00205245153933864
2024-10-10,4380,4395,4361,4371,29369,-0.0011425959780622108
2024-10-11,4370,4405,4336,4351,38589,-0.004575611988103412
2024-10-14,4361,4365,4326,4361,49977,0.002298322224775884
2024-10-15,4370,4370,4296,4341,72865,-0.004586104104563171
2024-10-16,4341,4375,4321,4351,46713,0.0023036166781846834
2024-10-17,4350,4400,4316,4331,35967,-0.004596644449551879
2024-10-18,4340,4385,4266,4276,77024,-0.012699145693835123
2024-10-21,4276,4340,4276,4301,24412,0.005846585594013076
2024-10-22,4311,4345,4207,4232,140665,-0.016042780748663055
2024-10-23,4232,4346,4217,4346,71092,0.026937618147448106
2024-10-24,4336,4336,4247,4247,43294,-0.02277956741831566
2024-10-25,4306,4306,4222,4227,27573,-0.0047092064987049875
2024-10-28,4202,4261,4202,4222,20892,-0.0011828720132481818
2024-10-29,4222,4266,4212,4247,19798,0.005921364282330588
2024-10-30,4247,4286,4232,4267,11645,0.0047092064987048765
2024-10-31,4286,4296,4237,4272,30606,0.0011717834544175965
2024-11-01,4271,4286,4232,4267,24536,-0.001170411985018771
2024-11-04,4295,4300,4271,4281,36259,0.0032809936723694477
2024-11-05,4305,4305,4266,4291,39864,0.002335902826442471
2024-11-06,4305,4305,4261,4291,23765,0.0
2024-11-07,4285,4310,4251,4281,19525,-0.0023304591004428277
2024-11-08,4257,4331,4257,4272,55010,-0.0021023125437982237
2024-11-11,4261,4291,4207,4217,73642,-0.012874531835206038
2024-11-12,4246,4246,4113,4118,124226,-0.023476405027270553
2024-11-13,4078,4142,3959,4014,249849,-0.025254978144730433
2024-11-14,3964,3994,3920,3920,196546,-0.023418036870951675
2024-11-15,3934,3969,3850,3915,122284,-0.0012755102040816757
2024-11-18,3915,3999,3905,3920,72003,0.0012771392081736277
2024-11-19,3963,3968,3914,3944,26939,0.00612244897959191
2024-11-20,3949,4003,3944,3994,36805,0.012677484787018356
2024-11-21,3993,4038,3979,3979,54344,-0.0037556334501752664
2024-11-22,3978,4013,3964,3969,63148,-0.0025131942699170295
2024-11-25,4018,4048,3974,3994,81626,0.00629881582262537
2024-11-26,4029,4053,3979,4039,123930,0.011266900350525688
2024-11-27,4053,4103,4004,4044,90461,0.0012379301807377008
2024-11-28,4044,4083,4019,4044,42126,0.0
2024-11-29,4068,4068,3949,3979,105771,-0.016073194856577655
2024-12-02,4008,4008,3850,3850,194786,-0.03242020608193008
2024-12-03,3855,3944,3855,3935,115399,0.02207792207792214
2024-12-04,3925,3925,3786,3816,250003,-0.030241423125794142
2024-12-05,3815,3840,3791,3806,85990,-0.00262054507337528
2024-12-06,3845,3855,3682,3702,238271,-0.02732527588018918
2024-12-09,3686,3686,3523,3543,268896,-0.0429497568881686
2024-12-10,3528,3776,3528,3697,110625,0.04346598927462608
2024-12-11,3686,3849,3686,3825,98575,0.03462266702731953
2024-12-12,3864,3864,3800,3855,94525,0.007843137254901933
2024-12-13,3855,3880,3835,3880,57048,0.006485084306095956
2024-12-16,3880,3914,3875,3890,78764,0.002577319587628857
2024-12-17,3890,3939,3855,3910,68498,0.005141388174807249
2024-12-18,3909,3973,3879,3954,88777,0.011253196930946396
2024-12-19,3939,3944,3905,3925,53760,-0.007334344967121931
2024-12-20,3954,3954,3875,3905,62629,-0.005095541401273884
2024-12-23,3889,3943,3884,3939,32944,0.008706786171574832
2024-12-24,3939,3973,3884,3949,107921,0.002538715410002501
2024-12-26,3949,3964,3885,3935,195651,-0.0035452013167890373
2024-12-27,3830,3860,3745,3800,85822,-0.03430749682337997
