Date,Open,High,Low,Close,Volume,Change
2022-01-03,5650,5700,5620,5680,15335,0.005309734513274433
2022-01-04,5680,5770,5680,5770,41525,0.015845070422535246
2022-01-05,5770,5780,5700,5760,40218,-0.0017331022530329143
2022-01-06,5700,5830,5650,5720,35760,-0.00694444444444442
2022-01-07,5720,5800,5650,5700,35570,-0.0034965034965035446
2022-01-10,5770,5790,5650,5770,24880,0.012280701754386003
2022-01-11,5700,5720,5580,5590,29782,-0.03119584055459268
2022-01-12,5590,5710,5590,5690,23658,0.017889087656529412
2022-01-13,5700,5790,5670,5730,21904,0.007029876977152849
2022-01-14,5730,5790,5680,5760,29661,0.005235602094240788
2022-01-17,5730,5760,5650,5720,36908,-0.00694444444444442
2022-01-18,5670,5840,5590,5660,49206,-0.010489510489510523
2022-01-19,5610,5730,5480,5650,45809,-0.0017667844522968323
2022-01-20,5600,5660,5500,5630,44257,-0.0035398230088495852
2022-01-21,5690,5710,5500,5530,44140,-0.017761989342806372
2022-01-24,5520,5520,5220,5300,188258,-0.04159132007233268
2022-01-25,5270,5490,4985,5020,194238,-0.05283018867924527
2022-01-26,4975,5250,4930,4930,109364,-0.017928286852589626
2022-01-27,5060,5120,4740,4800,96267,-0.026369168356997985
2022-01-28,4775,4970,4720,4960,51935,0.03333333333333344
2022-02-03,5030,5200,5020,5190,39483,0.0463709677419355
2022-02-04,5170,5400,5150,5380,31385,0.03660886319845846
2022-02-07,5450,5450,5310,5410,11062,0.005576208178438735
2022-02-08,5360,5420,5310,5410,23425,0.0
2022-02-09,5380,5470,5300,5430,26442,0.003696857670979714
2022-02-10,5400,5490,5360,5470,40935,0.007366482504604033
2022-02-11,5490,5490,5320,5350,27345,-0.021937842778793404
2022-02-14,5190,5320,5100,5150,38982,-0.03738317757009346
2022-02-15,5110,5290,5030,5080,22362,-0.013592233009708687
2022-02-16,5130,5300,5130,5260,19420,0.03543307086614167
2022-02-17,5330,5500,5200,5350,42336,0.017110266159695797
2022-02-18,5260,5450,5260,5440,24739,0.016822429906542036
2022-02-21,5350,5450,5350,5450,10395,0.0018382352941177516
2022-02-22,5370,5450,5320,5410,17111,-0.007339449541284404
2022-02-23,5360,5570,5360,5540,46214,0.02402957486136792
2022-02-24,5490,5600,5440,5460,38430,-0.014440433212996373
2022-02-25,5460,5530,5400,5530,17935,0.012820512820512775
2022-02-28,5520,6070,5510,5550,395075,0.003616636528029016
2022-03-02,5510,5720,5490,5650,77855,0.018018018018018056
2022-03-03,5650,5830,5650,5710,68237,0.010619469026548645
2022-03-04,5660,5760,5660,5720,22933,0.0017513134851139256
2022-03-07,5770,5770,5580,5580,27852,-0.02447552447552448
2022-03-08,5520,5570,5420,5510,27523,-0.012544802867383464
2022-03-10,5630,5800,5630,5650,51174,0.025408348457350183
2022-03-11,5770,5920,5650,5790,133043,0.024778761061946986
2022-03-14,5790,5820,5580,5600,39201,-0.032815198618307395
2022-03-15,5600,5650,5560,5560,26850,-0.0071428571428571175
2022-03-16,5580,5700,5580,5660,39093,0.017985611510791477
2022-03-17,5730,5740,5660,5690,21909,0.005300353356890497
2022-03-18,5730,5770,5660,5750,27005,0.010544815465729274
2022-03-21,5780,5840,5760,5760,31689,0.0017391304347826875
2022-03-22,5730,5790,5700,5730,22577,-0.00520833333333337
2022-03-23,5750,6030,5730,6030,159375,0.05235602094240832
2022-03-24,5980,6090,5860,5900,74618,-0.021558872305140975
2022-03-25,5910,5960,5850,5870,31827,-0.005084745762711895
2022-03-28,5850,5990,5840,5950,39565,0.013628620102214661
2022-03-29,5980,6000,5890,5930,26233,-0.003361344537815114
2022-03-30,5950,5960,5850,5880,31759,-0.00843170320404718
2022-03-31,5890,5930,5840,5900,26857,0.00340136054421758
2022-04-01,5930,5940,5860,5900,20129,0.0
2022-04-04,5950,7390,5910,7100,7158247,0.20338983050847448
2022-04-05,7000,7040,6740,6960,1494521,-0.019718309859154903
2022-04-06,7980,8600,7420,7580,12456263,0.08908045977011492
2022-04-07,7530,8930,7470,7890,13584280,0.04089709762532978
2022-04-08,7710,7770,7210,7300,1219359,-0.07477820025348547
2022-04-11,7300,7370,7040,7100,603750,-0.0273972602739726
2022-04-12,6990,7100,6800,7100,665049,0.0
2022-04-13,7040,7170,6940,6940,603122,-0.022535211267605604
2022-04-14,6980,7180,6930,7070,630146,0.018731988472622474
2022-04-15,7000,7000,6830,6970,195111,-0.014144271570014189
2022-04-18,6950,7100,6870,7090,268211,0.017216642754662947
2022-04-19,7030,7260,7020,7260,600170,0.023977433004231274
2022-04-20,7240,7590,7100,7330,919072,0.009641873278236845
2022-04-21,7390,7400,7190,7360,302456,0.004092769440654953
2022-04-22,7300,7340,7050,7090,263031,-0.036684782608695676
2022-04-25,6950,7280,6870,7180,310246,0.012693935119887145
2022-04-26,7180,7210,7090,7170,181100,-0.0013927576601671099
2022-04-27,7060,7080,6860,6970,152319,-0.02789400278940024
2022-04-28,7000,7230,6860,7070,240666,0.01434720229555242
2022-04-29,7160,7240,7070,7080,130422,0.0014144271570013522
2022-05-02,7000,7260,6920,7230,201764,0.021186440677966045
2022-05-03,7210,7290,7150,7170,150871,-0.008298755186721962
2022-05-04,7250,7290,7020,7020,209111,-0.02092050209205021
2022-05-06,6870,7050,6860,6970,134711,-0.007122507122507171
2022-05-09,6970,7300,6920,6990,275445,0.0028694404591105283
2022-05-10,6870,6950,6410,6620,239604,-0.05293276108726752
2022-05-11,6620,6730,6520,6590,95333,-0.004531722054380682
2022-05-12,6590,6630,6320,6370,112082,-0.03338391502276172
2022-05-13,6370,6570,6360,6470,88513,0.01569858712715866
2022-05-16,6500,6720,6500,6700,119072,0.03554868624420404
2022-05-17,6700,6810,6630,6750,59781,0.00746268656716409
2022-05-18,6780,6860,6710,6780,54469,0.004444444444444473
2022-05-19,6630,6780,6610,6730,39909,-0.007374631268436627
2022-05-20,6730,6960,6730,6780,83568,0.007429420505200568
2022-05-23,6790,6840,6700,6700,59136,-0.01179941002949858
2022-05-24,6770,7100,6740,6950,373531,0.03731343283582089
2022-05-25,6900,6930,6490,6560,246591,-0.05611510791366903
2022-05-26,6550,6600,6460,6490,60374,-0.010670731707317027
2022-05-27,6520,6660,6510,6560,62621,0.01078582434514641
2022-05-30,6600,6850,6600,6830,91512,0.041158536585365946
2022-05-31,6830,6860,6750,6790,48754,-0.005856515373352855
2022-06-02,6790,6840,6750,6770,41027,-0.002945508100147265
2022-06-03,6820,6920,6770,6880,74404,0.01624815361890697
2022-06-07,6880,6880,6710,6790,60165,-0.013081395348837233
2022-06-08,6750,6900,6730,6770,54286,-0.002945508100147265
2022-06-09,6670,6720,6470,6500,86133,-0.03988183161004433
2022-06-10,6460,6620,6300,6390,65918,-0.01692307692307693
2022-06-13,6310,6310,5900,5940,124270,-0.07042253521126762
2022-06-14,5890,5890,5620,5760,97233,-0.030303030303030276
2022-06-15,5670,5760,5440,5490,85505,-0.046875
2022-06-16,5550,5780,5460,5470,57963,-0.0036429872495445936
2022-06-17,5240,5470,4900,5450,72841,-0.003656307129798919
2022-06-20,5500,5520,5020,5200,68631,-0.04587155963302747
2022-06-21,5140,5260,5100,5200,38352,0.0
2022-06-22,5230,5270,4885,4885,50479,-0.060576923076923084
2022-06-23,4895,4995,4500,4500,96326,-0.07881269191402251
2022-06-24,4510,4750,4510,4740,56925,0.05333333333333323
2022-06-27,4890,5010,4785,5000,40848,0.05485232067510548
2022-06-28,5000,5090,4975,5070,30377,0.014000000000000012
2022-06-29,4980,5230,4920,5150,34712,0.015779092702169706
2022-06-30,5150,5650,5050,5160,484870,0.001941747572815622
2022-07-01,5110,5270,4920,5160,77990,0.0
2022-07-04,5120,5770,5080,5080,382588,-0.015503875968992276
2022-07-05,5050,5840,5050,5400,688508,0.06299212598425208
2022-07-06,5400,5400,5180,5210,71889,-0.03518518518518521
2022-07-07,5220,5370,5180,5330,64892,0.02303262955854124
2022-07-08,5350,5450,5310,5340,61363,0.0018761726078799779
2022-07-11,5360,5430,5310,5360,30752,0.0037453183520599342
2022-07-12,5300,5370,5140,5190,28414,-0.03171641791044777
2022-07-13,5190,5230,5020,5130,19545,-0.011560693641618491
2022-07-14,5140,5300,5010,5150,26372,0.003898635477582957
2022-07-15,5170,5290,5010,5070,19843,-0.01553398058252431
2022-07-18,5130,5290,5120,5290,30901,0.04339250493096647
2022-07-19,5250,5310,5180,5290,19998,0.0
2022-07-20,5330,5430,5270,5290,28781,0.0
2022-07-21,5390,5390,5290,5300,22841,0.001890359168241984
2022-07-22,5310,5390,5290,5380,38997,0.015094339622641506
2022-07-25,5320,5400,5300,5380,24646,0.0
2022-07-26,5380,5420,5310,5360,26649,-0.0037174721189591198
2022-07-27,5360,5380,5300,5380,14847,0.003731343283582156
2022-07-28,5420,5460,5360,5380,23684,0.0
2022-07-29,5470,5470,5380,5400,17372,0.0037174721189590088
2022-08-01,5400,5490,5350,5480,33002,0.014814814814814836
2022-08-02,5490,5580,5350,5420,34267,-0.010948905109489093
2022-08-03,5400,5490,5380,5450,26523,0.005535055350553542
2022-08-04,5490,5530,5460,5470,20721,0.003669724770642091
2022-08-05,5460,5620,5460,5540,32951,0.01279707495429605
2022-08-08,5540,5720,5510,5670,73948,0.023465703971119023
2022-08-09,5830,7360,5830,6780,13894832,0.1957671957671958
2022-08-10,6790,6840,6620,6730,1624513,-0.007374631268436627
2022-08-11,7180,7190,6540,6540,2215433,-0.02823179791976227
2022-08-12,6580,8130,6500,7240,17313109,0.10703363914373099
2022-08-16,7150,7530,6980,6980,3587989,-0.035911602209944715
2022-08-17,6960,7390,6730,6740,2130789,-0.034383954154727836
2022-08-18,6890,7550,6840,6930,5010749,0.028189910979228516
2022-08-19,6950,7420,6820,7160,3748059,0.03318903318903321
2022-08-22,7020,7110,6790,6850,567657,-0.04329608938547491
2022-08-23,6790,7300,6580,7000,1821553,0.021897810218978186
2022-08-24,6900,7560,6850,7200,3816658,0.02857142857142847
2022-08-25,7210,7470,7080,7450,1875552,0.03472222222222232
2022-08-26,7380,7890,7230,7290,4189686,-0.02147651006711404
2022-08-29,6970,7080,6820,6820,578293,-0.06447187928669407
2022-08-30,6860,7010,6750,6900,448759,0.011730205278592365
2022-08-31,6800,7450,6760,7220,2174556,0.04637681159420293
2022-09-01,7100,7340,6920,6920,591288,-0.04155124653739617
2022-09-02,7100,7610,7020,7610,2722400,0.0997109826589595
2022-09-05,7600,7730,7300,7470,1853248,-0.018396846254927768
2022-09-06,7400,8830,7000,8250,17348673,0.10441767068273089
2022-09-07,8160,8550,8050,8170,4787299,-0.009696969696969648
2022-09-08,8160,8440,7870,8180,2377472,0.001223990208078396
2022-09-13,8280,8570,8160,8270,3168712,0.011002444987775029
2022-09-14,7920,8090,7850,7970,656312,-0.03627569528415964
2022-09-15,7970,8100,7740,7990,676840,0.0025094102885820924
2022-09-16,7790,7970,7340,7360,696917,-0.07884856070087609
2022-09-19,7440,7440,6760,6810,659196,-0.07472826086956519
2022-09-20,6810,7020,6550,6630,485459,-0.026431718061673992
2022-09-21,6570,6690,6360,6500,315732,-0.019607843137254943
2022-09-22,6430,6430,6130,6390,257154,-0.01692307692307693
2022-09-23,6340,6640,6300,6320,367077,-0.010954616588419452
2022-09-26,6200,6290,5660,5690,447506,-0.09968354430379744
2022-09-27,5690,5820,5450,5710,237062,0.0035149384885764245
2022-09-28,5890,5970,5180,5270,616385,-0.07705779334500873
2022-09-29,5430,5680,5380,5380,264161,0.020872865275142205
2022-09-30,5250,5560,5180,5480,229690,0.018587360594795488
2022-10-04,5620,5810,5390,5640,341201,0.029197080291970767
2022-10-05,5790,5790,5490,5630,161047,-0.0017730496453900457
2022-10-06,5680,5860,5650,5830,176452,0.035523978685612745
2022-10-07,5800,5880,5720,5750,117874,-0.013722126929674117
2022-10-11,5560,5600,5380,5490,111655,-0.045217391304347876
2022-10-12,5440,5970,5380,5630,375811,0.02550091074681249
2022-10-13,5420,5490,4920,4990,477053,-0.11367673179396087
2022-10-14,5140,5410,5080,5320,413938,0.06613226452905807
2022-10-17,5200,5430,5150,5400,155473,0.015037593984962516
2022-10-18,5470,5610,5310,5480,120591,0.014814814814814836
2022-10-19,5490,5570,5440,5460,91859,-0.0036496350364964014
2022-10-20,5400,5570,5370,5460,86556,0.0
2022-10-21,5370,5740,5210,5270,475751,-0.034798534798534786
2022-10-24,5320,5460,5310,5400,64153,0.024667931688804545
2022-10-25,5400,5480,5300,5350,77393,-0.0092592592592593
2022-10-26,5330,5380,5090,5150,119397,-0.03738317757009346
2022-10-27,5170,5310,5140,5290,72161,0.027184466019417375
2022-10-28,5280,5440,5220,5240,114855,-0.009451795841209809
2022-10-31,5300,5430,5270,5340,77507,0.01908396946564883
2022-11-01,5430,5560,5350,5530,149346,0.035580524344569264
2022-11-02,5520,5530,5380,5400,98526,-0.023508137432188048
2022-11-03,5270,5790,5270,5490,511130,0.016666666666666607
2022-11-04,5430,5570,5400,5410,147296,-0.014571948998178486
2022-11-07,5450,5560,5430,5530,112825,0.022181146025878062
2022-11-08,5490,5700,5490,5540,212924,0.001808318264014508
2022-11-09,5580,5680,5560,5640,157621,0.018050541516245522
2022-11-10,5580,5830,5550,5690,250228,0.00886524822695045
2022-11-11,5770,5810,5650,5690,162896,0.0
2022-11-14,5730,5810,5680,5720,114663,0.005272407732864748
2022-11-15,5670,5890,5650,5800,123659,0.013986013986013957
2022-11-16,5850,5860,5670,5760,127812,-0.006896551724137945
2022-11-17,5760,5760,5560,5660,91531,-0.01736111111111116
2022-11-18,5680,5690,5530,5570,87729,-0.01590106007067138
2022-11-21,5570,5800,5410,5550,252811,-0.0035906642728904536
2022-11-22,5470,5640,5420,5620,76163,0.012612612612612706
2022-11-23,5690,5740,5610,5720,102054,0.017793594306049876
2022-11-24,5760,5780,5690,5750,96838,0.005244755244755206
2022-11-25,5710,5780,5650,5730,62638,-0.003478260869565264
2022-11-28,5760,5760,5470,5480,77753,-0.04363001745200701
2022-11-29,5440,5590,5400,5570,74320,0.01642335766423364
2022-11-30,5560,5630,5500,5580,36168,0.0017953321364452268
2022-12-01,5650,5650,5580,5600,57859,0.0035842293906809264
2022-12-02,5640,5640,5500,5540,42573,-0.010714285714285676
2022-12-05,5540,5600,5490,5530,37255,-0.0018050541516245744
2022-12-06,5470,5500,5310,5330,65364,-0.03616636528028938
2022-12-07,5250,5330,5170,5270,57384,-0.011257035647279534
2022-12-08,5230,5260,5080,5110,73789,-0.030360531309297945
2022-12-09,5200,5220,5140,5160,41186,0.009784735812133016
2022-12-12,5160,5270,5160,5240,47622,0.015503875968992276
2022-12-13,5270,5370,5180,5240,51081,0.0
2022-12-14,5230,5330,5230,5280,26486,0.007633587786259444
2022-12-15,5230,5340,5220,5230,31442,-0.009469696969697017
2022-12-16,5170,5220,5110,5110,67194,-0.02294455066921608
2022-12-19,5100,5180,5060,5110,43037,0.0
2022-12-20,5040,5120,4970,4990,78170,-0.023483365949119372
2022-12-21,5000,5070,4970,4990,38030,0.0
2022-12-22,4995,5060,4995,5050,21706,0.012024048096192397
2022-12-23,5020,5030,4820,4835,92182,-0.04257425742574261
2022-12-26,4835,4880,4765,4765,44845,-0.014477766287487093
2022-12-27,4750,4835,4750,4815,22582,0.01049317943336825
2022-12-28,4860,4875,4800,4815,18508,0.0
2022-12-29,4775,4795,4635,4685,62008,-0.02699896157840087
2023-01-02,4685,4705,4515,4540,54808,-0.03094983991462108
2023-01-03,4475,4595,4410,4585,72002,0.009911894273127775
2023-01-04,4500,4750,4500,4700,28167,0.025081788440566966
2023-01-05,4725,4825,4690,4720,30856,0.004255319148936065
2023-01-06,4670,5130,4670,4775,291978,0.01165254237288127
2023-01-09,4810,4875,4750,4850,62284,0.015706806282722585
2023-01-10,4900,4925,4850,4875,26329,0.005154639175257714
2023-01-11,4890,4965,4880,4945,31300,0.014358974358974264
2023-01-12,4995,5000,4950,4985,38685,0.008088978766430666
2023-01-13,4990,5030,4980,5030,27307,0.009027081243731194
2023-01-16,5040,5130,5000,5070,29456,0.007952286282306265
2023-01-17,5070,5100,4980,5010,42471,-0.011834319526627168
2023-01-18,4975,5090,4955,4990,24159,-0.003992015968063867
2023-01-19,4950,5040,4950,5000,26615,0.002004008016031955
2023-01-20,5000,5110,4950,5000,50431,0.0
2023-01-25,5050,5080,4990,5050,38403,0.010000000000000009
2023-01-26,5080,5140,5040,5090,33159,0.007920792079207928
2023-01-27,5110,5200,5080,5190,57148,0.01964636542239684
2023-01-30,5190,5200,5100,5160,45559,-0.005780346820809301
2023-01-31,5140,6450,5100,5790,11301315,0.12209302325581395
2023-02-01,5850,5860,5600,5720,1148063,-0.012089810017271163
2023-02-02,5870,5880,5660,5810,739157,0.01573426573426584
2023-02-03,5770,5780,5640,5690,343253,-0.02065404475043031
2023-02-06,5710,5730,5590,5600,192109,-0.01581722319859402
2023-02-07,5600,5660,5520,5600,168687,0.0
2023-02-08,5600,5710,5570,5700,168160,0.017857142857142794
2023-02-09,5700,5780,5650,5750,250448,0.00877192982456143
2023-02-10,5760,5760,5490,5550,227493,-0.034782608695652195
2023-02-13,5650,6410,5650,5680,5717316,0.023423423423423406
2023-02-14,5670,5800,5620,5670,394453,-0.0017605633802817433
2023-02-15,5650,5720,5470,5500,234915,-0.029982363315696703
2023-02-16,5500,5710,5500,5680,108889,0.032727272727272716
2023-02-17,5630,5830,5570,5700,254831,0.0035211267605634866
2023-02-20,5730,5840,5690,5780,159036,0.01403508771929829
2023-02-21,5790,5850,5710,5810,124642,0.00519031141868509
2023-02-22,5720,5860,5670,5760,181236,-0.008605851979345935
2023-02-23,5770,5820,5660,5770,103936,0.0017361111111111605
2023-02-24,5740,5790,5540,5630,171166,-0.024263431542461023
2023-02-27,5640,5770,5520,5600,110372,-0.005328596802841923
2023-02-28,5620,5710,5600,5650,58370,0.008928571428571397
2023-03-02,5620,5780,5610,5740,123794,0.015929203539823078
2023-03-03,5780,5900,5710,5900,189299,0.027874564459930307
2023-03-06,5980,6000,5840,5940,257887,0.006779661016949046
2023-03-07,5870,6020,5850,5950,168189,0.0016835016835017313
2023-03-08,5870,6000,5820,5890,106134,-0.010084033613445342
2023-03-09,5920,6000,5750,5880,122360,-0.001697792869269965
2023-03-10,5800,5920,5620,5630,139996,-0.04251700680272108
2023-03-13,5560,5590,5370,5570,111327,-0.010657193605683846
2023-03-14,5500,5510,5200,5210,112478,-0.06463195691202872
2023-03-15,5340,5490,5340,5440,64983,0.04414587332053732
2023-03-16,5360,5410,5220,5260,69461,-0.03308823529411764
2023-03-17,5290,5500,5250,5460,84856,0.03802281368821303
2023-03-20,5410,5590,5410,5520,72284,0.01098901098901095
2023-03-21,5530,5560,5370,5400,59876,-0.021739130434782594
2023-03-22,5680,5890,5410,5440,190752,0.007407407407407307
2023-03-23,5400,5420,5260,5300,96006,-0.02573529411764708
2023-03-24,5360,5440,5290,5440,39431,0.026415094339622636
2023-03-27,5470,5470,5250,5300,50880,-0.02573529411764708
2023-03-28,5340,5480,5340,5450,65587,0.028301886792452935
2023-03-29,5450,5550,5440,5540,74162,0.016513761467889854
2023-03-30,5580,5580,5460,5560,55355,0.0036101083032491488
2023-03-31,5560,5590,5470,5470,78168,-0.01618705035971224
2023-04-03,5470,5580,5370,5580,67238,0.02010968921389389
2023-04-04,5730,5810,5610,5780,291650,0.03584229390680993
2023-04-05,5790,5800,5640,5670,80943,-0.01903114186851207
2023-04-06,5700,5700,5530,5630,70689,-0.007054673721340388
2023-04-07,5630,5680,5560,5620,65988,-0.001776198934280604
2023-04-10,5590,5600,5370,5400,105105,-0.039145907473309594
2023-04-11,5440,5500,5300,5480,50545,0.014814814814814836
2023-04-12,5440,5650,5430,5550,94533,0.012773722627737127
2023-04-13,5570,5670,5460,5660,70504,0.01981981981981984
2023-04-14,5680,5720,5600,5710,90590,0.008833922261484162
2023-04-17,5770,5770,5640,5740,79459,0.005253940455341555
2023-04-18,5700,5750,5620,5710,63463,-0.005226480836236891
2023-04-19,5710,5800,5710,5760,108601,0.008756567425569184
2023-04-20,5760,5770,5620,5680,68816,-0.01388888888888884
2023-04-21,5680,5870,5620,5760,267789,0.014084507042253502
2023-04-24,5760,5780,5470,5510,111298,-0.04340277777777779
2023-04-25,5510,5530,5360,5450,107915,-0.010889292196007205
2023-04-26,5400,5500,5340,5360,45721,-0.016513761467889854
2023-04-27,5380,5440,5220,5390,50724,0.005597014925373234
2023-04-28,5450,5500,5400,5400,56445,0.0018552875695732052
2023-05-02,5400,5590,5400,5550,61859,0.02777777777777768
2023-05-03,5560,5600,5500,5520,38477,-0.00540540540540535
2023-05-04,5520,5580,5460,5560,33146,0.007246376811594235
2023-05-08,5560,5660,5550,5560,71198,0.0
2023-05-09,5560,5680,5510,5660,51611,0.017985611510791477
2023-05-10,5700,5810,5650,5750,148754,0.01590106007067127
2023-05-11,5750,5880,5700,5800,112805,0.008695652173912993
2023-05-12,5800,5850,5710,5740,67738,-0.010344827586206917
2023-05-15,5770,5990,5690,5710,298084,-0.005226480836236891
2023-05-16,5680,5890,5650,5840,152422,0.022767075306479923
2023-05-17,5960,7050,5870,6330,12182421,0.08390410958904115
2023-05-18,6270,6350,6160,6230,757747,-0.01579778830963663
2023-05-19,6270,6320,6160,6260,490487,0.0048154093097914075
2023-05-22,6260,6350,6210,6330,342510,0.011182108626198062
2023-05-23,6300,6310,6110,6200,266564,-0.020537124802527673
2023-05-24,6150,6400,6130,6200,214843,0.0
2023-05-25,6330,6620,6080,6080,1979212,-0.01935483870967747
2023-05-26,6080,6080,5930,5950,237390,-0.021381578947368474
2023-05-30,5990,6220,5980,6130,215441,0.030252100840336027
2023-05-31,6130,6270,6100,6130,201763,0.0
2023-06-01,6140,6170,5950,6160,122678,0.004893964110929794
2023-06-02,6160,6250,6100,6250,130297,0.014610389610389518
2023-06-05,6290,6400,6160,6320,278215,0.011200000000000099
2023-06-07,6370,6430,6250,6430,209446,0.017405063291139333
2023-06-08,6350,6410,6300,6370,123899,-0.009331259720062213
2023-06-09,6480,6480,6210,6230,185706,-0.02197802197802201
2023-06-12,6230,6350,6140,6300,77885,0.011235955056179803
2023-06-13,6310,6390,6230,6230,105246,-0.011111111111111072
2023-06-14,6270,6270,6030,6090,95024,-0.022471910112359605
2023-06-15,6100,6900,6080,6200,4423882,0.01806239737274229
2023-06-16,6190,6740,6100,6480,1483243,0.04516129032258065
2023-06-19,6410,6540,6390,6540,256173,0.0092592592592593
2023-06-20,6470,6530,6390,6450,125890,-0.013761467889908285
2023-06-21,6470,6560,6390,6450,207016,0.0
2023-06-22,6380,6610,6290,6530,252895,0.01240310077519391
2023-06-23,6530,6570,6380,6420,125729,-0.016845329249617125
2023-06-26,6360,6630,6340,6620,240285,0.031152647975077885
2023-06-27,6620,6670,6510,6650,182452,0.004531722054380571
2023-06-28,6750,6810,6580,6620,338198,-0.004511278195488688
2023-06-29,6630,6660,6410,6460,198983,-0.024169184290030232
2023-06-30,6410,6610,6380,6570,146917,0.017027863777089758
2023-07-03,6570,6680,6470,6560,137546,-0.0015220700152207556
2023-07-04,6570,6790,6500,6720,242525,0.024390243902439046
2023-07-05,6780,6790,6510,6580,203347,-0.02083333333333337
2023-07-06,6580,6580,6180,6210,262303,-0.05623100303951367
2023-07-07,6160,6300,6150,6280,85028,0.011272141706924366
2023-07-10,6280,6440,6000,6310,138710,0.004777070063694211
2023-07-11,6280,6440,6260,6440,71793,0.020602218700475516
2023-07-12,6500,6870,6440,6710,482036,0.04192546583850931
2023-07-13,6690,6730,6570,6650,163167,-0.008941877794336861
2023-07-14,6650,6660,6420,6440,121949,-0.03157894736842104
2023-07-17,6500,6690,6500,6630,166529,0.029503105590062084
2023-07-18,6630,6660,6380,6450,135960,-0.02714932126696834
2023-07-19,6420,6490,6280,6310,124725,-0.02170542635658912
2023-07-20,6280,6440,6180,6340,69207,0.004754358161648264
2023-07-21,6340,6340,6090,6090,118324,-0.039432176656151396
2023-07-24,6090,6160,5730,5930,198279,-0.026272577996715896
2023-07-25,5850,5940,5700,5730,130119,-0.033726812816188834
2023-07-26,5680,5730,5280,5430,235120,-0.05235602094240843
2023-07-27,5430,5670,5360,5420,101389,-0.0018416206261510082
2023-07-28,5370,5640,5370,5600,55591,0.03321033210332103
2023-07-31,5560,5690,5560,5650,103942,0.008928571428571397
2023-08-01,5750,5750,5610,5670,63613,0.003539823008849474
2023-08-02,5640,5700,5500,5610,81737,-0.010582010582010581
2023-08-03,5550,5640,5340,5540,102178,-0.012477718360071277
2023-08-04,5480,5590,5460,5580,27884,0.0072202166064982976
2023-08-07,5580,5580,5430,5530,33645,-0.008960573476702538
2023-08-08,5530,5600,5440,5510,39164,-0.003616636528028905
2023-08-09,5500,5750,5470,5710,82250,0.0362976406533575
2023-08-10,5710,5730,5600,5680,44903,-0.005253940455341555
2023-08-11,5680,5710,5620,5650,24753,-0.005281690140845119
2023-08-14,5610,5710,5520,5650,99011,0.0
2023-08-16,5580,5600,5400,5450,77014,-0.03539823008849563
2023-08-17,5450,5490,5210,5440,70233,-0.0018348623853210455
2023-08-18,5380,5600,5320,5580,61749,0.025735294117646967
2023-08-21,5580,5620,5520,5580,46876,0.0
2023-08-22,5580,5710,5560,5660,45462,0.014336917562723928
2023-08-23,5650,5660,5590,5650,31323,-0.0017667844522968323
2023-08-24,5630,5690,5580,5660,34752,0.001769911504424737
2023-08-25,5620,5660,5550,5600,39173,-0.010600706713780883
2023-08-28,5600,5730,5540,5670,34717,0.012499999999999956
2023-08-29,5680,5830,5620,5750,57526,0.014109347442680775
2023-08-30,5780,5790,5680,5750,27070,0.0
2023-08-31,5760,5810,5620,5680,28613,-0.012173913043478257
2023-09-01,5640,5750,5590,5600,58240,-0.014084507042253502
2023-09-04,5600,5660,5510,5580,34766,-0.0035714285714285587
2023-09-05,5580,5630,5510,5550,48062,-0.005376344086021501
2023-09-06,5550,5610,5510,5510,25403,-0.007207207207207245
2023-09-07,5480,5540,5420,5500,63017,-0.001814882032667886
2023-09-08,5460,5590,5450,5500,25971,0.0
2023-09-11,5560,5630,5490,5620,30522,0.021818181818181737
2023-09-12,5620,5640,5510,5600,56754,-0.003558718861209953
2023-09-13,5530,5660,5520,5610,55399,0.0017857142857142794
2023-09-14,5610,5630,5540,5560,44765,-0.0089126559714795
2023-09-15,5560,5660,5540,5610,36365,0.008992805755395628
2023-09-18,5600,5770,5590,5650,63420,0.007130124777183555
2023-09-19,5600,5650,5500,5520,62456,-0.023008849557522137
2023-09-20,5500,5560,5490,5540,32910,0.0036231884057971175
2023-09-21,5510,5540,5410,5480,65312,-0.010830324909747335
2023-09-22,5450,5540,5350,5510,44947,0.005474452554744547
2023-09-25,5500,5610,5440,5520,54461,0.001814882032667775
2023-09-26,5450,5520,5380,5520,40719,0.0
2023-09-27,5470,5520,5420,5520,30512,0.0
2023-10-04,5490,5490,5170,5230,62766,-0.05253623188405798
2023-10-05,5200,5300,5120,5190,47673,-0.007648183556405397
2023-10-06,5170,5350,5140,5280,30363,0.01734104046242768
2023-10-10,5280,5340,5140,5200,21250,-0.015151515151515138
2023-10-11,5210,5390,5210,5310,37922,0.02115384615384608
2023-10-12,5310,5360,5280,5340,39008,0.005649717514124353
2023-10-13,5340,5340,5240,5330,16522,-0.0018726591760299671
2023-10-16,5300,5320,5130,5170,25778,-0.030018761726078758
2023-10-17,5250,5360,5220,5320,36060,0.029013539651837617
2023-10-18,5320,5320,5210,5270,24432,-0.009398496240601517
2023-10-19,5200,5200,5070,5070,45233,-0.0379506641366224
2023-10-20,5050,5060,4925,5060,78175,-0.0019723865877712132
2023-10-23,4995,5220,4995,5070,47772,0.0019762845849802257
2023-10-24,5070,5280,5020,5270,29385,0.03944773175542404
2023-10-25,5270,5270,5200,5270,14249,0.0
2023-10-26,5260,5260,5100,5170,30109,-0.018975332068311146
2023-10-27,5170,5220,5060,5180,21970,0.0019342359767891004
2023-10-30,5110,5180,5100,5130,10633,-0.009652509652509633
2023-10-31,5130,5190,5060,5100,16343,-0.005847953216374324
2023-11-01,5100,5170,4830,5120,30307,0.0039215686274509665
2023-11-02,5150,5210,5130,5170,14415,0.009765625
2023-11-03,5230,5500,5140,5290,81693,0.023210831721470093
2023-11-06,5280,5390,5220,5330,24249,0.007561436672967936
2023-11-07,5330,5350,5210,5320,14555,-0.0018761726078799779
2023-11-08,5340,5430,5260,5400,35910,0.015037593984962516
2023-11-09,5320,5410,5320,5360,21118,-0.007407407407407418
2023-11-10,5340,5340,5250,5310,14487,-0.009328358208955279
2023-11-13,5300,5330,5230,5250,19475,-0.011299435028248594
2023-11-14,5210,5430,5210,5390,26788,0.026666666666666616
2023-11-15,5420,5470,5370,5460,38484,0.01298701298701288
2023-11-16,5460,5560,5420,5550,106742,0.016483516483516425
2023-11-17,5580,5580,5460,5490,29996,-0.010810810810810811
2023-11-20,5560,5570,5470,5510,28855,0.0036429872495447047
2023-11-21,5570,5590,5480,5590,33202,0.014519056261343088
2023-11-22,5550,5590,5490,5570,20331,-0.003577817531305927
2023-11-23,5570,5590,5450,5520,25074,-0.008976660682226245
2023-11-24,5570,5590,5500,5570,28054,0.009057971014492683
2023-11-27,5570,5580,5510,5570,23535,0.0
2023-11-28,5570,5580,5470,5510,34389,-0.010771992818671472
2023-11-29,5540,5540,5460,5520,17564,0.001814882032667775
2023-11-30,5550,5560,5450,5510,28419,-0.0018115942028985588
2023-12-01,5510,5570,5460,5540,27889,0.005444646098003547
2023-12-04,5540,5590,5500,5560,36925,0.0036101083032491488
2023-12-05,5560,5590,5480,5570,25602,0.0017985611510791255
2023-12-06,5510,5550,5470,5520,20723,-0.008976660682226245
2023-12-07,5520,5530,5430,5530,16671,0.0018115942028984477
2023-12-08,5530,5540,5480,5540,18009,0.001808318264014508
2023-12-11,5540,5550,5480,5500,23702,-0.0072202166064981865
2023-12-12,5510,5520,5390,5420,33455,-0.014545454545454528
2023-12-13,5400,5400,5320,5340,26493,-0.014760147601476037
2023-12-14,5360,5410,5290,5330,29279,-0.0018726591760299671
2023-12-15,5340,5420,5300,5400,19576,0.013133208255159401
2023-12-18,5400,5400,5350,5400,10758,0.0
2023-12-19,5410,5470,5360,5450,34227,0.0092592592592593
2023-12-20,5470,5520,5400,5520,40077,0.012844036697247763
2023-12-21,5480,5520,5450,5500,23769,-0.0036231884057971175
2023-12-22,5490,5530,5430,5530,22181,0.005454545454545379
2023-12-26,5530,5530,5420,5530,16937,0.0
2023-12-27,5530,5530,5450,5480,10648,-0.009041591320072317
2023-12-28,5490,5540,5480,5530,21685,0.009124087591240837
2024-01-02,5530,5540,5460,5510,35889,-0.003616636528028905
2024-01-03,5470,5510,5400,5450,34352,-0.010889292196007205
2024-01-04,5450,5450,5340,5410,27607,-0.007339449541284404
2024-01-05,5400,5410,5260,5400,37155,-0.001848428835489857
2024-01-08,5400,5420,5340,5390,10814,-0.0018518518518518823
2024-01-09,5410,5450,5350,5430,23544,0.007421150278293043
2024-01-10,5460,5460,5350,5360,22721,-0.012891344383057057
2024-01-11,5360,5390,5290,5370,15394,0.001865671641791078
2024-01-12,5370,5370,5270,5300,27168,-0.013035381750465591
2024-01-15,5280,5300,5230,5290,22210,-0.0018867924528301883
2024-01-16,5250,5330,5220,5270,12738,-0.003780718336483968
2024-01-17,5270,5270,5130,5200,30568,-0.013282732447817858
2024-01-18,5190,5250,5140,5220,18363,0.0038461538461538325
2024-01-19,5220,5310,5220,5270,30259,0.009578544061302763
2024-01-22,5300,5320,5190,5260,13971,-0.00189753320683117
2024-01-23,5230,5310,5190,5300,41842,0.0076045627376426506
2024-01-24,5300,5340,5240,5280,13623,-0.0037735849056603765
2024-01-25,5270,5280,5200,5260,17811,-0.0037878787878787845
2024-01-26,5210,5310,5210,5300,15172,0.0076045627376426506
2024-01-29,5300,5310,5220,5270,13823,-0.005660377358490565
2024-01-30,5270,5300,5230,5300,14605,0.005692599620493288
2024-01-31,5290,5320,5220,5240,11900,-0.01132075471698113
2024-02-01,5210,5320,5150,5300,25739,0.011450381679389388
2024-02-02,5300,5340,5230,5320,18472,0.0037735849056603765
2024-02-05,5370,5370,5270,5340,15650,0.003759398496240518
2024-02-06,5340,5360,5210,5360,22949,0.0037453183520599342
2024-02-07,5360,5360,5270,5350,23106,-0.001865671641791078
2024-02-08,5340,5400,5290,5400,22417,0.009345794392523255
2024-02-13,5410,5460,5370,5460,42035,0.011111111111111072
2024-02-14,5400,5530,5360,5500,43180,0.0073260073260073
2024-02-15,5500,5530,5460,5500,21520,0.0
2024-02-16,5530,5550,5470,5510,21396,0.0018181818181817189
2024-02-19,5510,5550,5500,5540,45694,0.005444646098003547
2024-02-20,5540,5560,5510,5550,15452,0.0018050541516245744
2024-02-21,5540,5560,5480,5500,24506,-0.009009009009009028
2024-02-22,5500,5550,5450,5550,26613,0.009090909090909038
2024-02-23,5550,5710,5470,5550,147682,0.0
2024-02-26,5510,5570,5470,5480,43121,-0.012612612612612595
2024-02-27,5460,5490,5410,5480,29152,0.0
2024-02-28,5460,5600,5450,5600,27592,0.021897810218978186
2024-02-29,5600,5660,5550,5630,37951,0.005357142857142838
2024-03-04,5650,5670,5590,5650,37422,0.003552397868561208
2024-03-05,5650,5660,5580,5620,28166,-0.005309734513274322
2024-03-06,5600,5700,5590,5650,41336,0.005338078291814874
2024-03-07,5650,5650,5570,5610,18844,-0.0070796460176991705
2024-03-08,5600,5630,5550,5630,32245,0.0035650623885918886
2024-03-11,5600,5730,5580,5730,42269,0.017761989342806483
2024-03-12,5720,5720,5620,5670,39117,-0.010471204188481686
2024-03-13,5670,5690,5640,5660,22935,-0.0017636684303351524
2024-03-14,5640,5720,5640,5710,30420,0.008833922261484162
2024-03-15,5710,5710,5600,5680,20021,-0.005253940455341555
2024-03-18,5670,5720,5640,5720,26840,0.007042253521126751
2024-03-19,5720,5720,5640,5650,16555,-0.012237762237762184
2024-03-20,5650,5680,5540,5600,21426,-0.008849557522123908
2024-03-21,5600,5600,5510,5560,17043,-0.0071428571428571175
2024-03-22,5560,5560,5500,5530,9591,-0.0053956834532373765
2024-03-25,5530,5600,5490,5580,10614,0.009041591320072317
2024-03-26,5580,5650,5520,5540,10188,-0.007168458781361964
2024-03-27,5540,5570,5470,5530,12272,-0.0018050541516245744
2024-03-28,5480,5550,5460,5470,13267,-0.010849909584086825
2024-03-29,5470,5470,5370,5380,26280,-0.01645338208409508
2024-04-01,5370,5390,5270,5370,55240,-0.0018587360594795044
2024-04-02,5340,5350,5250,5280,23516,-0.016759776536312887
2024-04-03,5280,5390,5200,5340,22915,0.011363636363636465
2024-04-04,5310,5320,5250,5300,14058,-0.0074906367041198685
2024-04-05,5220,5280,5200,5260,23111,-0.007547169811320753
2024-04-08,5220,5260,5100,5120,33220,-0.026615969581749055
2024-04-09,5110,5160,5060,5160,16172,0.0078125
2024-04-11,5070,5170,5070,5130,16171,-0.005813953488372103
2024-04-12,5080,5150,5070,5150,13239,0.003898635477582957
2024-04-15,5150,5170,5080,5170,14730,0.003883495145631022
2024-04-16,5170,5170,5020,5070,37141,-0.01934235976789167
2024-04-17,5060,5110,5040,5050,11500,-0.0039447731755424265
2024-04-18,5050,5120,5050,5120,15742,0.013861386138613874
2024-04-19,5100,5120,5000,5030,22077,-0.017578125
2024-04-22,5030,5060,5000,5010,21368,-0.003976143141153132
2024-04-23,5030,5120,5020,5050,16319,0.007984031936127733
2024-04-24,5120,5120,5030,5120,19334,0.013861386138613874
2024-04-25,5050,5120,5040,5080,14258,-0.0078125
2024-04-26,5090,5140,5030,5080,14219,0.0
2024-04-29,5080,5130,5070,5080,12958,0.0
2024-04-30,5120,5120,5040,5080,18949,0.0
2024-05-02,5060,5100,5060,5070,16193,-0.0019685039370078705
2024-05-03,5100,5210,5100,5160,28567,0.01775147928994092
2024-05-07,5150,5200,5120,5200,13312,0.007751937984496138
2024-05-08,5200,5240,5160,5200,21244,0.0
2024-05-09,5230,5250,5190,5210,16469,0.0019230769230769162
2024-05-10,5210,5240,5190,5220,8427,0.0019193857965451588
2024-05-13,5210,5220,5150,5170,15298,-0.009578544061302652
2024-05-14,5160,5270,5130,5180,29120,0.0019342359767891004
2024-05-16,5190,5210,5160,5200,22665,0.0038610038610038533
2024-05-17,5160,5170,5110,5130,25595,-0.013461538461538414
2024-05-20,5130,5180,5060,5070,38685,-0.011695906432748537
2024-05-21,5100,6140,5100,5420,6940732,0.06903353057199202
2024-05-22,5420,5560,5350,5470,470895,0.009225092250922495
2024-05-23,5410,5460,5260,5260,245105,-0.038391224862888484
2024-05-24,5170,5320,5170,5260,113978,0.0
2024-05-27,5260,5440,5220,5320,183485,0.011406844106463865
2024-05-28,5310,5390,5290,5330,67432,0.001879699248120259
2024-05-29,5330,5330,5220,5280,100007,-0.009380863039399667
2024-05-30,5280,5280,5170,5180,71929,-0.018939393939393923
2024-05-31,5170,5210,5060,5110,92269,-0.013513513513513487
2024-06-03,5150,6640,5140,6640,3557446,0.29941291585127194
2024-06-04,8630,8630,8310,8630,3942431,0.29969879518072284
2024-06-05,8330,11080,7800,9870,50911410,0.14368482039397446
2024-06-07,9870,9930,7900,7940,6982581,-0.19554204660587637
2024-06-10,7980,8600,7820,8340,2450844,0.05037783375314864
2024-06-11,8400,8540,7860,8400,1502788,0.007194244604316502
2024-06-12,8120,8840,7650,8060,1954287,-0.04047619047619044
2024-06-13,7830,8480,7750,8240,1096994,0.022332506203474045
2024-06-14,8240,8580,7970,8480,864216,0.029126213592232997
2024-06-17,8580,8920,8100,8320,1203774,-0.018867924528301883
2024-06-18,8500,9150,8110,8550,1990587,0.027644230769230838
2024-06-19,8550,8880,8180,8800,1469843,0.029239766081871288
2024-06-20,8950,9540,8560,9300,2684112,0.05681818181818188
2024-06-21,9000,9230,8350,8510,1522651,-0.0849462365591398
2024-06-24,8330,8610,8080,8380,498553,-0.01527614571092828
2024-06-25,8520,8980,8150,8390,2483928,0.0011933174224343368
2024-06-26,8390,8600,8170,8300,474771,-0.010727056019070313
2024-06-27,8290,8450,7780,7780,411175,-0.0626506024096386
2024-06-28,7770,7880,7530,7860,333381,0.010282776349614497
2024-07-01,7840,7840,7050,7140,598369,-0.09160305343511455
2024-07-02,7220,7380,6820,7020,471396,-0.01680672268907568
2024-07-03,7020,7170,6800,7120,285052,0.014245014245014342
2024-07-04,7150,7230,6960,7010,207387,-0.015449438202247201
2024-07-05,6900,7120,6900,7060,143738,0.007132667617689048
2024-07-08,7040,7330,6920,7170,228771,0.015580736543909346
2024-07-09,7290,7320,7100,7270,143962,0.013947001394700065
2024-07-10,7270,7340,7060,7130,130074,-0.019257221458046758
2024-07-11,7120,7250,6950,7250,147236,0.016830294530154388
2024-07-12,7200,7200,6820,6950,177852,-0.04137931034482756
2024-07-15,6970,7330,6880,7310,319270,0.05179856115107917
2024-07-16,7350,7570,7070,7120,625569,-0.025991792065663488
2024-07-17,7240,7770,7210,7340,799748,0.030898876404494402
2024-07-18,7600,9540,7240,9180,19473141,0.25068119891008167
2024-07-19,9640,10570,9110,9280,18718355,0.01089324618736387
2024-07-22,9520,10450,9230,9750,11186932,0.0506465517241379
2024-07-23,9550,12070,9350,10990,18551212,0.12717948717948713
2024-07-24,10910,11310,10220,10270,3571498,-0.06551410373066424
2024-07-25,10020,10860,9600,9780,2867889,-0.04771178188899705
2024-07-26,9600,10700,9600,10270,4000375,0.05010224948875264
2024-07-29,11250,12470,10830,11950,13762616,0.16358325219084713
2024-07-30,11900,11950,10830,10830,2482340,-0.09372384937238498
2024-07-31,11040,11400,10420,11020,3242870,0.01754385964912286
2024-08-01,10590,11280,10460,11250,1712840,0.020871143375680523
2024-08-02,10890,11090,9890,10080,1217473,-0.10399999999999998
2024-08-05,9710,10460,8210,9540,1784675,-0.0535714285714286
2024-08-06,9570,10240,9460,9950,1346131,0.042976939203354325
2024-08-07,10730,12300,10660,11560,12022686,0.1618090452261307
2024-08-08,11300,11620,10720,10950,1804483,-0.052768166089965374
2024-08-09,11070,12150,11010,11250,4745931,0.027397260273972712
2024-08-12,11280,11620,11100,11350,1552367,0.008888888888888946
2024-08-13,11250,11270,10610,10770,785436,-0.05110132158590308
2024-08-14,10770,11330,10760,10880,1104985,0.01021355617455888
2024-08-16,10840,11500,10710,11220,1393501,0.03125
2024-08-19,11460,11670,10820,11320,1604728,0.00891265597147961
2024-08-20,12200,13470,11640,11790,13989254,0.04151943462897534
2024-08-21,11550,15320,11250,14310,25609032,0.2137404580152671
2024-08-22,14170,14450,13030,13230,3615262,-0.07547169811320753
2024-08-23,13410,15420,13400,14110,15361510,0.06651549508692356
2024-08-26,14300,14760,13710,14490,4397476,0.02693125442948263
2024-08-27,14350,14790,14060,14600,4162787,0.007591442374051072
2024-08-28,13430,13760,12910,13160,3283217,-0.09863013698630141
2024-08-29,12760,13260,12450,12840,1882983,-0.024316109422492405
2024-08-30,13250,13250,12410,12970,2171566,0.010124610591900396
2024-09-02,12810,12900,12300,12300,836256,-0.05165767154973011
2024-09-03,12410,14100,12400,13510,10274770,0.09837398373983741
2024-09-04,13120,13390,12880,13270,1496699,-0.0177646188008882
2024-09-05,13270,13300,11350,11400,2375063,-0.14091936699321783
2024-09-06,11200,11370,10460,10630,1293554,-0.0675438596491228
2024-09-09,11360,12470,11080,11990,8656062,0.12793979303857017
2024-09-10,12020,12250,11440,11450,1008436,-0.04503753127606336
2024-09-11,11450,12440,11360,12250,2968301,0.06986899563318771
2024-09-12,12150,12890,11860,12410,1809022,0.013061224489795853
2024-09-13,12410,13650,12290,13090,6810478,0.0547945205479452
2024-09-19,13220,13280,12850,12980,1098438,-0.008403361344537785
2024-09-20,13140,13850,13000,13540,3524039,0.04314329738058542
2024-09-23,13680,13680,13110,13570,1078073,0.0022156573116691725
2024-09-24,13570,13670,12950,13250,1656323,-0.02358142962417098
2024-09-25,13880,14300,11920,12000,4819828,-0.09433962264150941
2024-09-26,11790,12890,11740,12890,1283431,0.07416666666666671
2024-09-27,12730,12780,12250,12410,592193,-0.03723816912335143
2024-09-30,12080,12290,11950,12150,450730,-0.020950846091861375
2024-10-02,12010,12200,11350,11400,564870,-0.06172839506172845
2024-10-04,11220,12260,11090,11710,1143249,0.027192982456140324
2024-10-07,11710,12140,11450,11920,611203,0.017933390264730953
2024-10-08,11850,12120,11710,11970,498177,0.004194630872483174
2024-10-10,12050,12060,11520,11870,348263,-0.00835421888053467
2024-10-11,11820,12030,11590,11690,311285,-0.015164279696714411
2024-10-14,11500,11570,11130,11300,392098,-0.03336184773310524
2024-10-15,11140,11440,11030,11430,323413,0.011504424778761013
2024-10-16,11710,11950,10740,10790,730232,-0.055993000874890675
2024-10-17,10700,10910,10500,10760,314672,-0.002780352177942591
2024-10-18,10760,10760,10300,10370,361196,-0.036245353159851335
2024-10-21,11030,11360,10110,10150,767618,-0.02121504339440694
2024-10-22,9950,10110,9710,10030,556414,-0.011822660098522175
2024-10-23,9810,10240,9810,10010,365240,-0.001994017946161497
2024-10-24,9840,10080,9810,9910,197759,-0.009990009990009985
2024-10-25,9970,10030,9730,9750,186739,-0.016145307769929396
2024-10-28,9700,9820,9600,9700,228025,-0.00512820512820511
2024-10-29,9650,9780,9470,9760,249950,0.006185567010309256
2024-10-30,9760,9770,9500,9510,178465,-0.02561475409836067
2024-10-31,9510,9620,9270,9480,213841,-0.003154574132492094
2024-11-01,9380,9480,9220,9270,181370,-0.022151898734177222
2024-11-04,9830,11180,9480,10930,5538993,0.17907227615965482
2024-11-05,10930,11400,10850,11050,1522753,0.010978956999085021
2024-11-06,10870,11130,10680,11070,792251,0.0018099547511312153
2024-11-07,11070,11720,10430,10530,3674761,-0.04878048780487809
2024-11-08,10740,11420,10680,10690,1422886,0.015194681861348425
2024-11-11,10810,10820,10390,10550,441874,-0.013096351730589317
2024-11-12,10340,11200,10020,10210,1399482,-0.03222748815165877
2024-11-13,10020,10440,10020,10110,395632,-0.009794319294809006
2024-11-14,10120,10260,9720,9770,418379,-0.03363006923837786
2024-11-15,9550,10110,9460,9970,345741,0.020470829068577334
2024-11-18,10120,10490,9980,10190,425808,0.02206619859578729
2024-11-19,10110,10920,10110,10820,1057327,0.06182531894013743
2024-11-20,10910,10920,10400,10470,527475,-0.032347504621072054
2024-11-21,10460,11240,10460,10950,1853934,0.04584527220630363
2024-11-22,10970,12200,10800,11660,4018354,0.06484018264840175
2024-11-25,11920,13290,11910,12460,5911105,0.06861063464837058
2024-11-26,12390,12710,12260,12510,1788246,0.0040128410914928025
2024-11-27,12800,12800,11190,11330,3139353,-0.09432454036770588
2024-11-28,11330,11460,10870,11020,756659,-0.027360988526037078
2024-11-29,10980,11350,10890,11160,636227,0.012704174228675091
2024-12-02,10700,10750,9840,9930,1195734,-0.11021505376344087
2024-12-03,9800,10280,9800,10140,536526,0.02114803625377637
2024-12-04,8990,9420,7490,7500,3492916,-0.2603550295857988
2024-12-05,7950,8780,7800,7900,5592938,0.05333333333333323
2024-12-06,8040,8530,7250,7620,3154062,-0.03544303797468351
2024-12-09,8050,8200,6980,7050,1448604,-0.07480314960629919
2024-12-10,7150,7950,7150,7760,1230348,0.10070921985815606
2024-12-11,7670,7830,7390,7540,587621,-0.028350515463917536
2024-12-12,7580,7800,7370,7580,785136,0.0053050397877985045
2024-12-13,7500,7570,7230,7330,512573,-0.03298153034300788
2024-12-16,7510,8200,7510,7930,1162918,0.08185538881309684
2024-12-17,8090,8090,7700,7890,730641,-0.0050441361916772065
2024-12-18,7920,8450,7690,7930,811580,0.005069708491761693
2024-12-19,7680,7830,7580,7730,303551,-0.02522068095838592
2024-12-20,7790,8490,7460,7530,2892348,-0.02587322121604141
2024-12-23,7500,7660,7440,7600,402511,0.009296148738379806
2024-12-24,7570,7700,7380,7440,397689,-0.021052631578947323
2024-12-26,7460,7550,7340,7390,257304,-0.006720430107526876
2024-12-27,7250,7340,7120,7250,242529,-0.018944519621109657
2024-12-30,7130,7500,7060,7390,211780,0.0193103448275862
2025-01-02,7380,7520,7260,7460,175103,0.009472259810554773
2025-01-03,7390,7970,7390,7650,427187,0.025469168900804195
2025-01-06,7770,8080,7650,8030,413981,0.04967320261437913
2025-01-07,8080,8100,7880,7980,285172,-0.0062266500622665255
2025-01-08,7990,8080,7830,7880,204782,-0.01253132832080206
2025-01-09,7910,8220,7650,8020,269855,0.017766497461928932
2025-01-10,8000,8120,7900,8090,230645,0.008728179551122262
2025-01-13,8080,8150,7990,8110,216155,0.0024721878862794533
2025-01-14,8190,8200,8030,8130,242235,0.002466091245376001
2025-01-15,8090,8410,7910,8220,482134,0.011070110701107083
2025-01-16,8460,8820,8400,8730,804165,0.06204379562043805
2025-01-17,8740,8770,8570,8750,363911,0.002290950744558984
2025-01-20,8870,10290,8720,9460,4833723,0.08114285714285718
2025-01-21,9770,10160,9360,9510,2159038,0.005285412262156397
2025-01-22,9450,9700,9350,9490,491303,-0.002103049421661396
2025-01-23,9420,9430,8830,8830,546857,-0.06954689146469972
2025-01-24,8840,9470,8800,9300,479649,0.053227633069082625
2025-01-31,9310,9350,8870,8970,280217,-0.03548387096774197
2025-02-03,10750,10750,9470,9770,6582224,0.08918617614269797
2025-02-04,9600,9830,9400,9400,1100561,-0.03787103377686796
2025-02-05,9450,9620,9250,9350,597710,-0.005319148936170248
2025-02-06,9300,10070,9110,9530,1848126,0.019251336898395754
2025-02-07,7740,8290,7700,7980,2265539,-0.16264428121720886
2025-02-10,8000,8040,7730,7860,386303,-0.015037593984962405
2025-02-11,7860,8230,7750,8040,769493,0.022900763358778553
2025-02-12,8000,8070,7930,8050,215528,0.0012437810945273853
2025-02-13,8070,8360,8050,8240,360264,0.023602484472049712
2025-02-14,8240,8300,8100,8100,241316,-0.016990291262135915
2025-02-17,8140,8520,8120,8400,314880,0.03703703703703698
2025-02-18,8400,8490,8300,8460,177729,0.0071428571428571175
2025-02-19,8480,9090,8440,8720,783316,0.030732860520094496
2025-02-20,8720,8770,8480,8650,280803,-0.008027522935779796
2025-02-21,9100,9100,8470,8490,676958,-0.018497109826589586
2025-02-24,8300,8610,8200,8520,334386,0.0035335689045936647
2025-02-25,8440,8630,8320,8530,245080,0.0011737089201877549
2025-02-26,8540,8720,8540,8640,234392,0.01289566236811246
2025-02-27,8650,8710,8400,8410,227912,-0.02662037037037035
2025-02-28,8260,8370,8160,8300,186555,-0.013079667063020217
2025-03-04,8110,8550,8070,8430,254843,0.015662650602409567
2025-03-05,8410,10950,8390,10950,9559261,0.29893238434163694
2025-03-06,11430,12190,11130,11450,12491198,0.04566210045662111
2025-03-07,11360,12260,11150,11610,7356318,0.013973799126637543
2025-03-10,11490,11640,11140,11520,1512317,-0.007751937984496138
2025-03-11,11010,12110,11000,11550,2901243,0.0026041666666667407
2025-03-12,11540,11550,11000,11000,917225,-0.04761904761904767
2025-03-13,10950,11300,10400,10570,1191178,-0.039090909090909065
2025-03-14,11040,11540,10740,11000,2520241,0.04068117313150421
2025-03-17,11000,11330,10770,10980,662184,-0.0018181818181818299
2025-03-18,10990,11750,10960,11750,2094795,0.07012750455373395
2025-03-19,11500,11720,11150,11710,1476870,-0.0034042553191488967
2025-03-20,11570,11850,11180,11180,1032286,-0.04526046114432114
2025-03-21,11250,11760,10580,11660,1431567,0.0429338103756709
