Date,Open,High,Low,Close,Volume,Change
2022-01-03,22300,22300,21600,21700,716,-0.0091324200913242
2022-01-04,22100,22600,21950,22000,3251,0.01382488479262678
2022-01-05,22400,22400,21500,21900,1691,-0.004545454545454519
2022-01-06,21850,21850,21450,21700,863,-0.0091324200913242
2022-01-07,21850,21850,21350,21600,445,-0.004608294930875556
2022-01-10,21800,21800,21350,21500,1190,-0.00462962962962965
2022-01-11,21800,21850,21350,21500,2069,0.0
2022-01-12,22250,22250,21250,21650,1001,0.006976744186046435
2022-01-13,21950,21950,21300,21700,271,0.002309468822170979
2022-01-14,21850,21850,21250,21750,479,0.0023041474654377225
2022-01-17,22450,22450,21800,21950,17,0.009195402298850519
2022-01-18,21300,21950,20650,21250,2022,-0.03189066059225509
2022-01-19,20000,20950,20000,20250,1883,-0.04705882352941182
2022-01-20,20900,20900,19900,20550,923,0.014814814814814836
2022-01-21,20500,20550,19900,20200,2810,-0.01703163017031628
2022-01-24,20400,20450,19800,20300,307,0.004950495049504955
2022-01-25,20950,20950,19750,20200,364,-0.0049261083743842304
2022-01-26,21000,21000,19500,20000,38,-0.00990099009900991
2022-01-27,20000,20500,19450,19950,574,-0.0024999999999999467
2022-01-28,20550,20550,19500,20000,19,0.0025062656641603454
2022-02-03,20000,20600,19050,20000,3780,0.0
2022-02-04,20000,20000,18950,19250,5333,-0.03749999999999998
2022-02-07,19100,19200,18050,18700,1860,-0.02857142857142858
2022-02-08,18100,18950,18100,18700,680,0.0
2022-02-09,19000,19600,18700,18850,855,0.008021390374331583
2022-02-10,19400,19400,18500,18900,250,0.0026525198938991412
2022-02-11,18950,18950,18050,18700,1304,-0.010582010582010581
2022-02-14,18850,18850,18000,18300,1123,-0.021390374331550777
2022-02-15,18450,18650,17750,18500,277,0.010928961748633892
2022-02-16,18850,18850,17850,18050,1568,-0.024324324324324298
2022-02-17,18450,18950,18000,18000,1013,-0.0027700831024930483
2022-02-18,18350,18450,18000,18400,1317,0.022222222222222143
2022-02-21,18500,19200,18300,18400,557,0.0
2022-02-22,18900,18900,18000,18450,353,0.0027173913043478937
2022-02-23,19050,19050,18500,18750,919,0.016260162601626105
2022-02-24,18700,18700,18000,18500,948,-0.013333333333333308
2022-02-25,18950,18950,18000,18500,452,0.0
2022-02-28,18900,18950,18400,18600,1532,0.00540540540540535
2022-03-02,18900,18900,18050,18550,2244,-0.0026881720430107503
2022-03-03,18900,18900,18500,18600,900,0.0026954177897573484
2022-03-04,18850,19000,18450,18950,6133,0.018817204301075252
2022-03-07,19400,19400,18400,18900,893,-0.0026385224274406704
2022-03-08,18950,19700,18500,19500,2118,0.031746031746031855
2022-03-10,19750,19800,19000,19350,237,-0.007692307692307665
2022-03-11,19500,19600,19000,19150,1761,-0.01033591731266148
2022-03-14,19300,19450,19250,19400,892,0.01305483028720622
2022-03-15,19300,19600,19000,19600,1358,0.010309278350515427
2022-03-16,19600,19600,19100,19100,1773,-0.025510204081632626
2022-03-17,19600,19600,18750,19350,2652,0.01308900523560208
2022-03-18,19450,19650,18850,19350,761,0.0
2022-03-21,19050,19450,19050,19400,1475,0.0025839793281654533
2022-03-22,19450,19450,19100,19300,427,-0.005154639175257714
2022-03-23,19450,19450,19050,19100,601,-0.010362694300518172
2022-03-24,19500,19500,18900,19300,929,0.010471204188481575
2022-03-25,19450,19450,18000,18400,15593,-0.04663212435233166
2022-03-28,18500,19000,17850,18300,3595,-0.005434782608695676
2022-03-29,18450,18450,17750,17750,2800,-0.030054644808743203
2022-03-30,18500,18850,17550,17850,3441,0.005633802816901401
2022-03-31,17900,18800,17400,18000,4719,0.008403361344537785
2022-04-01,18450,18500,17400,17500,2749,-0.02777777777777779
2022-04-04,18050,18050,17500,17700,1933,0.011428571428571344
2022-04-05,18050,18050,17300,17350,5305,-0.019774011299435013
2022-04-06,17500,17500,16850,17000,1767,-0.02017291066282423
2022-04-07,17500,17950,16900,17200,4358,0.0117647058823529
2022-04-08,17450,17450,16850,17150,2083,-0.0029069767441860517
2022-04-11,17900,18000,16750,16900,12378,-0.014577259475218707
2022-04-12,17400,17400,16800,17050,2095,0.008875739644970349
2022-04-13,17500,17550,16550,16900,1557,-0.008797653958944274
2022-04-14,17400,17400,17050,17400,7389,0.029585798816567976
2022-04-15,17400,17400,16900,17200,3019,-0.011494252873563204
2022-04-18,17200,17350,16900,17150,2497,-0.0029069767441860517
2022-04-19,17250,17300,17150,17200,228,0.00291545189504383
2022-04-20,17000,17400,16000,17100,1717,-0.005813953488372103
2022-04-21,17400,17400,16300,16650,2756,-0.02631578947368418
2022-04-22,17000,17350,16350,17300,4062,0.039039039039038936
2022-04-25,17300,17300,16500,16950,2901,-0.020231213872832332
2022-04-26,17250,17300,16800,17000,740,0.002949852507374562
2022-04-27,17500,17500,16600,16800,1840,-0.0117647058823529
2022-04-28,17400,17400,16450,16450,2332,-0.02083333333333337
2022-04-29,16950,17000,15050,16650,2444,0.012158054711246091
2022-05-02,17000,17000,16250,16450,1669,-0.012012012012011963
2022-05-03,16900,16950,16100,16900,1919,0.02735562310030404
2022-05-04,17050,17450,16300,16850,629,-0.00295857988165682
2022-05-06,16800,16800,15900,16450,971,-0.023738872403560873
2022-05-09,16500,16500,15950,16250,776,-0.012158054711246202
2022-05-10,16300,16300,15050,15900,2095,-0.021538461538461506
2022-05-11,15950,15950,14750,15700,4082,-0.012578616352201255
2022-05-12,16850,16850,14250,14550,2548,-0.07324840764331209
2022-05-13,15250,15250,13950,14550,3277,0.0
2022-05-16,13050,14300,12400,12800,36802,-0.1202749140893471
2022-05-17,13900,13900,12800,13350,3541,0.04296875
2022-05-18,13600,13600,12250,13250,3700,-0.0074906367041198685
2022-05-19,13000,13450,12600,13100,930,-0.01132075471698113
2022-05-20,13800,13800,12450,12850,1607,-0.01908396946564883
2022-05-23,13000,13300,12350,12800,673,-0.0038910505836575737
2022-05-24,12800,13200,12300,12700,1490,-0.0078125
2022-05-25,12700,12700,11550,11550,7338,-0.09055118110236215
2022-05-26,11900,11900,10500,11850,11053,0.025974025974025983
2022-05-27,12050,12700,12000,12600,2269,0.06329113924050622
2022-05-30,12400,14450,12400,14350,3801,0.13888888888888884
2022-05-31,14500,14500,13600,13950,1748,-0.027874564459930307
2022-06-02,14450,14500,13950,14250,2120,0.021505376344086002
2022-06-03,14400,14400,14000,14300,1799,0.0035087719298245723
2022-06-07,14450,14450,13850,14200,1422,-0.006993006993006978
2022-06-08,14300,14500,14100,14350,766,0.010563380281690238
2022-06-09,14700,14700,13900,14350,1622,0.0
2022-06-10,13950,14350,13250,14300,1498,-0.0034843205574912606
2022-06-13,14000,14250,13700,14100,843,-0.013986013986013957
2022-06-14,13600,14100,13100,13400,1672,-0.049645390070921946
2022-06-15,14000,14150,12250,13350,4270,-0.003731343283582045
2022-06-16,12600,14200,12600,13600,724,0.01872659176029967
2022-06-17,13200,13500,12500,13050,852,-0.0404411764705882
2022-06-20,12950,13000,11550,11900,3851,-0.08812260536398464
2022-06-21,12500,12500,10300,10800,17966,-0.09243697478991597
2022-06-22,11000,11500,10350,10350,1364,-0.04166666666666663
2022-06-23,11050,11450,10300,11350,3622,0.09661835748792269
2022-06-24,11350,11350,10900,11250,857,-0.008810572687224627
2022-06-27,11600,12500,10700,12200,3786,0.08444444444444454
2022-06-28,12400,12850,11850,12800,1482,0.049180327868852514
2022-06-29,12650,12950,12200,12500,1235,-0.0234375
2022-06-30,12750,12750,12150,12150,682,-0.028000000000000025
2022-07-01,12800,12850,11900,12150,2104,0.0
2022-07-04,12300,12300,11700,11950,949,-0.016460905349794275
2022-07-05,11900,12400,11900,12200,568,0.02092050209205021
2022-07-06,12450,12750,11800,12250,242,0.004098360655737654
2022-07-07,12450,12450,11850,12400,1467,0.012244897959183598
2022-07-08,12550,12750,12000,12500,1878,0.008064516129032251
2022-07-11,12450,12500,12150,12450,330,-0.0040000000000000036
2022-07-12,12750,12750,12000,12450,1211,0.0
2022-07-13,11400,12600,11400,12550,269,0.008032128514056325
2022-07-14,12800,12800,12150,12500,42,-0.003984063745019917
2022-07-15,12950,12950,12100,12500,4177,0.0
2022-07-18,12900,12900,11950,12250,796,-0.020000000000000018
2022-07-19,12450,12450,11950,12100,604,-0.01224489795918371
2022-07-20,12200,12450,11950,12100,1167,0.0
2022-07-21,12400,12400,11850,12100,1738,0.0
2022-07-22,12300,12300,12000,12150,1160,0.004132231404958775
2022-07-25,12300,12300,12000,12150,621,0.0
2022-07-26,12250,12250,11800,12150,511,0.0
2022-07-27,12200,12200,11800,12000,927,-0.012345679012345734
2022-07-28,12250,12250,11650,11950,1300,-0.004166666666666652
2022-07-29,12000,12000,11600,12000,734,0.004184100418409997
2022-08-01,12300,13000,11700,12750,2192,0.0625
2022-08-02,12500,12750,12400,12750,1886,0.0
2022-08-03,12800,13000,12550,12850,824,0.007843137254901933
2022-08-04,12950,13350,12800,13250,2738,0.03112840466926059
2022-08-05,13400,13500,13000,13450,784,0.015094339622641506
2022-08-08,13500,13600,13100,13400,714,-0.0037174721189591198
2022-08-09,13500,13500,12450,12600,2357,-0.05970149253731338
2022-08-10,12600,13700,12450,13100,3939,0.039682539682539764
2022-08-11,13200,13400,13000,13300,1212,0.01526717557251911
2022-08-12,13400,13400,12900,13300,979,0.0
2022-08-16,13350,13350,12650,13100,1772,-0.015037593984962405
2022-08-17,13200,13250,12900,13000,434,-0.007633587786259555
2022-08-18,13000,13000,13000,13000,351,0.0
2022-08-19,13000,13500,12700,12700,855,-0.023076923076923106
2022-08-22,13000,13000,12700,12900,150,0.015748031496062964
2022-08-23,13200,13200,12400,12800,839,-0.007751937984496138
2022-08-24,13000,13050,12400,12850,1340,0.00390625
2022-08-25,12800,12800,12350,12750,539,-0.0077821011673151474
2022-08-26,13000,13000,12300,12850,72,0.007843137254901933
2022-08-29,13000,13900,12800,12950,138,0.0077821011673151474
2022-08-30,13500,13500,12550,12950,140,0.0
2022-08-31,13400,13400,12600,12900,1060,-0.0038610038610038533
2022-09-01,13200,13200,12250,12250,2406,-0.050387596899224785
2022-09-02,12900,12900,12000,12300,1787,0.004081632653061273
2022-09-05,11600,12500,11600,12200,511,-0.008130081300813052
2022-09-06,12500,12900,12000,12200,78,0.0
2022-09-07,12250,12250,11250,12150,827,-0.004098360655737654
2022-09-08,12200,12450,12100,12250,596,0.008230452674897082
2022-09-13,12250,12900,11900,12650,757,0.03265306122448974
2022-09-14,12750,12800,10800,12650,383,0.0
2022-09-15,11800,12650,11800,12650,57,0.0
2022-09-16,13000,13000,12000,12650,348,0.0
2022-09-19,12600,12650,12250,12500,266,-0.011857707509881465
2022-09-20,12900,12900,12000,12500,1557,0.0
2022-09-21,12900,12900,12200,12450,82,-0.0040000000000000036
2022-09-22,12850,12850,12000,12400,3637,-0.004016064257028162
2022-09-23,12500,12500,11900,12000,2081,-0.032258064516129004
2022-09-26,12200,12200,10200,11700,6728,-0.025000000000000022
2022-09-27,11850,11900,11000,11300,647,-0.03418803418803418
2022-09-28,11400,11450,10750,11200,392,-0.008849557522123908
2022-09-29,11550,11900,11050,11600,382,0.03571428571428581
2022-09-30,11050,11850,10550,11500,7952,-0.008620689655172376
2022-10-04,11800,12300,11650,11900,2711,0.034782608695652195
2022-10-05,12300,12900,11650,12650,2391,0.06302521008403361
2022-10-06,12850,12850,12150,12500,1002,-0.011857707509881465
2022-10-07,12850,12850,11900,12000,1371,-0.040000000000000036
2022-10-11,11950,12000,11500,11750,178,-0.02083333333333337
2022-10-12,11800,11800,10650,11300,366,-0.03829787234042559
2022-10-13,11500,12350,10550,11050,832,-0.02212389380530977
2022-10-14,11450,11850,11000,11250,98,0.018099547511312153
2022-10-17,11500,11900,10950,11250,444,0.0
2022-10-18,12000,12000,11050,11850,352,0.05333333333333323
2022-10-19,12000,12300,11600,12200,2786,0.029535864978903037
2022-10-20,12450,12450,11350,11850,587,-0.02868852459016391
2022-10-21,12000,12000,11200,11200,532,-0.05485232067510548
2022-10-24,12000,12050,11200,11950,387,0.06696428571428581
2022-10-25,12200,12200,11500,12000,160,0.004184100418409997
2022-10-26,11650,12050,11600,11900,60,-0.008333333333333304
2022-10-27,12300,12300,11600,11600,2156,-0.025210084033613467
2022-10-28,12300,12300,11500,11700,377,0.008620689655172376
2022-10-31,11700,11700,11050,11100,1050,-0.05128205128205132
2022-11-01,11650,11650,10850,11050,1123,-0.0045045045045044585
2022-11-02,11400,11450,10600,11050,119,0.0
2022-11-03,11500,11900,10550,11100,254,0.004524886877828038
2022-11-04,11400,11400,9610,11100,356,0.0
2022-11-07,11200,11200,11000,11200,263,0.009009009009008917
2022-11-08,10550,11450,10550,11350,344,0.013392857142857206
2022-11-09,11200,11950,10900,11750,250,0.03524229074889873
2022-11-10,11700,11700,10950,11500,898,-0.021276595744680882
2022-11-11,11550,12350,11500,11650,2267,0.01304347826086949
2022-11-14,12000,12000,11500,11750,927,0.008583690987124415
2022-11-15,11950,11950,11750,11900,370,0.012765957446808418
2022-11-16,11250,11950,11250,11800,651,-0.008403361344537785
2022-11-17,11800,12000,11100,11850,447,0.004237288135593209
2022-11-18,11850,11850,11200,11500,382,-0.029535864978902926
2022-11-21,11900,11900,11500,11500,574,0.0
2022-11-22,11850,11850,11050,11450,2499,-0.004347826086956497
2022-11-23,11750,11750,11450,11550,510,0.008733624454148492
2022-11-24,11800,12750,11100,12600,3686,0.09090909090909083
2022-11-25,12450,12800,12450,12550,720,-0.003968253968253954
2022-11-28,12700,12700,12500,12550,1811,0.0
2022-11-29,12700,12700,12000,12600,2367,0.003984063745019917
2022-11-30,12850,12850,12100,12500,1521,-0.007936507936507908
2022-12-01,12700,12700,12300,12500,1215,0.0
2022-12-02,12850,12850,12050,12100,3132,-0.03200000000000003
2022-12-05,12800,12800,12150,12450,381,0.02892561983471076
2022-12-06,12600,12600,12300,12500,2157,0.004016064257028162
2022-12-07,12850,12850,12400,12500,1746,0.0
2022-12-08,12400,12700,12150,12450,305,-0.0040000000000000036
2022-12-09,12450,12500,12250,12500,186,0.004016064257028162
2022-12-12,12700,12850,12400,12700,2119,0.016000000000000014
2022-12-13,12850,12850,12350,12700,1747,0.0
2022-12-14,12850,12850,12300,12600,906,-0.007874015748031482
2022-12-15,12500,12600,12100,12500,1042,-0.007936507936507908
2022-12-16,12400,12500,12300,12500,170,0.0
2022-12-19,12750,12750,12300,12450,3785,-0.0040000000000000036
2022-12-20,12700,12750,11800,12300,12830,-0.012048192771084376
2022-12-21,12400,12400,12050,12350,147,0.004065040650406582
2022-12-22,12350,12750,12000,12400,552,0.004048582995951344
2022-12-23,12100,12300,11850,12150,1305,-0.020161290322580627
2022-12-26,12350,12350,11850,11950,512,-0.016460905349794275
2022-12-27,11750,12200,11600,12000,678,0.004184100418409997
2022-12-28,12250,12250,11700,11950,457,-0.004166666666666652
2022-12-29,12200,12250,11700,11850,8941,-0.008368200836820106
2023-01-02,12200,12200,11800,11950,1114,0.00843881856540074
2023-01-03,12100,12100,11550,11850,1003,-0.008368200836820106
2023-01-04,12350,12350,11000,11650,1538,-0.016877637130801704
2023-01-05,11850,12100,10700,11200,2650,-0.03862660944206009
2023-01-06,11000,11300,10800,11000,970,-0.017857142857142905
2023-01-09,11500,12400,11000,11250,615,0.022727272727272707
2023-01-10,11700,11700,10700,11100,900,-0.013333333333333308
2023-01-11,11450,11500,10850,10950,521,-0.013513513513513487
2023-01-12,10800,11900,10600,11000,1330,0.004566210045662045
2023-01-13,11350,11350,10650,10800,1153,-0.018181818181818188
2023-01-16,11350,11350,10350,10350,1242,-0.04166666666666663
2023-01-17,10350,10350,9700,9980,10887,-0.035748792270531404
2023-01-18,10400,10400,8950,9350,7731,-0.06312625250501003
2023-01-19,9400,9990,9400,9840,4346,0.05240641711229954
2023-01-20,9840,10500,9550,9790,3987,-0.005081300813008172
2023-01-25,10000,10000,9500,9750,946,-0.0040858018386108474
2023-01-26,9630,9990,9630,9850,2818,0.01025641025641022
2023-01-27,9990,10000,9670,9830,1264,-0.0020304568527919065
2023-01-30,9700,9990,9540,9940,11072,0.011190233977619535
2023-01-31,10000,10000,9600,9800,1069,-0.014084507042253502
2023-02-01,9560,9900,9560,9890,678,0.009183673469387754
2023-02-02,10000,10010,9850,9880,1020,-0.0010111223458038054
2023-02-03,10500,10750,9750,9990,535,0.011133603238866474
2023-02-06,9900,9950,9820,9900,1554,-0.009009009009009028
2023-02-07,9990,9990,9840,9890,949,-0.0010101010101010166
2023-02-08,9990,10480,9910,10330,2826,0.044489383215368994
2023-02-09,10500,10550,10000,10400,3873,0.006776379477250627
2023-02-10,10500,10600,10240,10440,503,0.0038461538461538325
2023-02-13,10850,10850,10000,10310,4143,-0.01245210727969348
2023-02-14,11650,11850,11450,11850,2540,0.14936954413191073
2023-02-15,13620,13620,11850,12400,28107,0.04641350210970474
2023-02-16,12650,14260,12010,14260,9526,0.1499999999999999
2023-02-17,14990,15900,14330,15800,11264,0.1079943899018232
2023-02-20,16000,17890,16000,17890,15058,0.13227848101265827
2023-02-21,17900,19310,17500,19310,20227,0.07937395192845176
2023-02-22,19500,19980,19210,19300,9792,-0.0005178663904712444
2023-02-23,19990,19990,17620,18150,9691,-0.059585492227979264
2023-02-24,18750,18750,15430,16300,8513,-0.10192837465564741
2023-02-27,16950,16980,15000,16540,4486,0.014723926380368013
2023-02-28,15130,17000,15130,16680,1691,0.00846432889963733
2023-03-02,16970,16970,16060,16500,8339,-0.010791366906474864
2023-03-03,16500,16900,16200,16860,5493,0.021818181818181737
2023-03-06,16900,18500,16900,17860,3837,0.059311981020166105
2023-03-07,17100,18480,17100,17870,2986,0.0005599104143336753
2023-03-08,18000,18480,17840,18050,2464,0.010072747621712397
2023-03-09,18050,18450,17900,18170,2833,0.006648199445983272
2023-03-10,18440,18440,17550,17800,2054,-0.02036323610346724
2023-03-13,18290,18290,17400,17900,2623,0.00561797752808979
2023-03-14,18000,18400,17050,17900,1310,0.0
2023-03-15,17900,18240,17700,18180,4634,0.015642458100558754
2023-03-16,18440,18440,17770,18090,904,-0.004950495049504955
2023-03-17,18500,18500,17270,17870,1012,-0.012161415146489718
2023-03-20,17870,17970,17230,17420,2945,-0.02518186905428088
2023-03-21,17930,17930,16700,17100,1186,-0.018369690011481032
2023-03-22,17490,17810,17000,17400,2173,0.01754385964912286
2023-03-23,17390,17400,15360,15380,2673,-0.11609195402298855
2023-03-24,15870,16340,15200,15570,4414,0.012353706111833507
2023-03-27,16000,16500,15650,16250,1086,0.04367373153500331
2023-03-28,16500,16500,15510,16000,640,-0.01538461538461533
2023-03-29,16220,16220,15710,15960,1798,-0.0024999999999999467
2023-03-30,15720,16480,15040,15740,4422,-0.013784461152882233
2023-03-31,15740,15990,14900,14910,7479,-0.05273189326556549
2023-04-03,14710,15280,14010,14240,3937,-0.04493628437290409
2023-04-04,14640,14640,14300,14490,1651,0.01755617977528079
2023-04-05,14850,15420,14600,15000,495,0.035196687370600444
2023-04-06,15300,15500,15000,15320,896,0.021333333333333426
2023-04-07,15000,15500,14800,15200,1624,-0.007832898172323799
2023-04-10,15300,15300,14670,14790,1186,-0.02697368421052626
2023-04-11,15000,15310,14260,14930,2962,0.009465855307640325
2023-04-12,15000,15490,14500,14630,1399,-0.02009377093101139
2023-04-13,14410,15400,14020,15380,16715,0.05126452494873557
2023-04-14,15350,15350,14810,15280,889,-0.006501950585175553
2023-04-17,15300,15300,14070,14300,5285,-0.06413612565445026
2023-04-18,14760,14780,14210,14570,977,0.018881118881118875
2023-04-19,15000,15000,14570,14640,605,0.0048043925875085325
2023-04-20,14600,15350,14600,15000,1491,0.024590163934426146
2023-04-21,15250,15250,14640,14740,1322,-0.01733333333333331
2023-04-24,14520,15200,14510,14780,2196,0.0027137042062415073
2023-04-25,15000,15000,14400,14570,1344,-0.01420838971583216
2023-04-26,14850,14850,14370,14550,394,-0.0013726835964310569
2023-04-27,15000,15000,14400,14500,457,-0.0034364261168384758
2023-04-28,14990,14990,14280,14470,164,-0.002068965517241339
2023-05-02,14090,14890,14090,14500,1646,0.0020732550103663705
2023-05-03,14890,15000,14210,15000,1236,0.034482758620689724
2023-05-04,15000,15000,14380,14950,168,-0.0033333333333332993
2023-05-08,15000,15270,14640,14650,120,-0.02006688963210701
2023-05-09,15190,15190,14090,14680,1147,0.0020477815699657675
2023-05-10,14760,15000,14680,14700,1333,0.0013623978201635634
2023-05-11,14860,14980,14270,14700,469,0.0
2023-05-12,14980,14980,14400,14660,1295,-0.0027210884353741083
2023-05-15,14950,14990,14070,14800,2163,0.009549795361528002
2023-05-16,14980,14980,14010,14750,7265,-0.0033783783783783994
2023-05-17,14960,14960,14300,14550,1626,-0.013559322033898313
2023-05-18,14870,14870,14550,14730,1521,0.012371134020618513
2023-05-19,14960,14970,14330,14750,919,0.0013577732518670338
2023-05-22,14940,14940,14250,14310,1053,-0.029830508474576245
2023-05-23,14910,14910,14000,14260,717,-0.0034940600978337066
2023-05-24,14500,14890,13910,14000,2517,-0.018232819074333828
2023-05-25,14480,14870,13990,14760,1276,0.05428571428571427
2023-05-26,14740,14740,14350,14700,1274,-0.004065040650406471
2023-05-30,14690,14980,13900,14430,3795,-0.01836734693877551
2023-05-31,14940,14940,14300,14430,541,0.0
2023-06-01,14950,14970,14320,14700,143,0.018711018711018657
2023-06-02,14970,14970,14480,14730,1276,0.0020408163265306367
2023-06-05,14620,14620,14230,14230,1052,-0.0339443312966734
2023-06-07,14900,14900,14310,14490,414,0.01827125790583284
2023-06-08,14320,14840,14320,14780,160,0.0200138026224983
2023-06-09,14970,14970,14000,14490,5746,-0.01962110960757779
2023-06-12,14850,14860,14070,14320,1735,-0.011732229123533444
2023-06-13,14470,14470,14000,14230,11845,-0.006284916201117263
2023-06-14,14800,14800,14260,14390,550,0.011243851018974071
2023-06-15,14900,14900,14010,14350,3346,-0.002779708130646319
2023-06-16,14350,14970,14110,14490,221,0.009756097560975618
2023-06-19,14590,14590,13500,13550,4661,-0.06487232574189095
2023-06-20,13550,14000,13400,13610,810,0.0044280442804427445
2023-06-21,14390,14400,13010,14150,1529,0.03967670830271852
2023-06-22,14960,15400,14200,14500,7156,0.02473498233215543
2023-06-23,15000,15000,14200,14250,4744,-0.017241379310344862
2023-06-26,14950,15300,14630,14970,5715,0.05052631578947375
2023-06-27,15100,15360,14500,14660,5896,-0.020708082832331276
2023-06-28,14980,15200,14300,15190,4310,0.03615279672578442
2023-06-29,15250,17460,15200,16850,12112,0.10928242264647792
2023-06-30,17380,19370,17000,19370,36461,0.14955489614243334
2023-07-03,20100,22000,20000,20000,23266,0.032524522457408445
2023-07-04,19200,20500,18430,19500,13210,-0.025000000000000022
2023-07-05,19500,20000,19000,19420,4155,-0.004102564102564155
2023-07-06,19990,19990,18990,19000,4974,-0.02162718846549949
2023-07-07,19500,19500,18100,19000,10099,0.0
2023-07-10,19380,19380,18500,18980,9108,-0.001052631578947416
2023-07-11,19470,19650,18990,19650,11204,0.03530031612223383
2023-07-12,19970,21500,19890,21000,13126,0.06870229007633588
2023-07-13,20850,22900,20800,22300,15685,0.06190476190476191
2023-07-14,22500,22900,21300,21450,15461,-0.03811659192825112
2023-07-17,21750,22000,20250,20250,9497,-0.05594405594405594
2023-07-18,20900,21900,20000,20350,6994,0.004938271604938205
2023-07-19,21000,21600,20350,20750,9423,0.019656019656019597
2023-07-20,20400,21400,20400,20800,2608,0.002409638554216942
2023-07-21,21700,21700,20000,20600,8743,-0.009615384615384581
2023-07-24,21000,21000,17550,20000,21359,-0.029126213592232997
2023-07-25,20000,21000,20000,20050,4703,0.0024999999999999467
2023-07-26,20700,21300,19750,20050,13290,0.0
2023-07-27,20400,20850,20100,20500,7522,0.02244389027431426
2023-07-28,0,0,0,20500,0,0.0
2023-07-31,0,0,0,20500,0,0.0
2023-08-01,0,0,0,20500,0,0.0
2023-08-02,0,0,0,20500,0,0.0
2023-08-03,0,0,0,20500,0,0.0
2023-08-04,0,0,0,20500,0,0.0
2023-08-07,0,0,0,20500,0,0.0
2023-08-08,0,0,0,20500,0,0.0
2023-08-09,0,0,0,20500,0,0.0
2023-08-10,0,0,0,20500,0,0.0
2023-08-11,0,0,0,20500,0,0.0
2023-08-14,0,0,0,20500,0,0.0
2023-08-16,0,0,0,20500,0,0.0
2023-08-17,0,0,0,20500,0,0.0
2023-08-18,0,0,0,20500,0,0.0
2023-08-21,0,0,0,20500,0,0.0
2023-08-22,0,0,0,20500,0,0.0
2023-08-23,0,0,0,20500,0,0.0
2023-08-24,0,0,0,20500,0,0.0
2023-08-25,0,0,0,20500,0,0.0
2023-08-28,0,0,0,20500,0,0.0
2023-08-29,0,0,0,20500,0,0.0
2023-08-30,0,0,0,20500,0,0.0
2023-08-31,0,0,0,20500,0,0.0
2023-09-01,0,0,0,20500,0,0.0
2023-09-04,0,0,0,20500,0,0.0
2023-09-05,0,0,0,20500,0,0.0
2023-09-06,0,0,0,20500,0,0.0
2023-09-07,0,0,0,20500,0,0.0
2023-09-08,0,0,0,20500,0,0.0
2023-09-11,0,0,0,20500,0,0.0
2023-09-12,0,0,0,20500,0,0.0
2023-09-13,0,0,0,20500,0,0.0
2023-09-14,0,0,0,20500,0,0.0
2023-09-15,0,0,0,20500,0,0.0
2023-09-18,0,0,0,20500,0,0.0
2023-09-19,0,0,0,20500,0,0.0
2023-09-20,0,0,0,20500,0,0.0
2023-09-21,0,0,0,20500,0,0.0
2023-09-22,0,0,0,20500,0,0.0
2023-09-25,0,0,0,20500,0,0.0
2023-09-26,0,0,0,20500,0,0.0
2023-09-27,0,0,0,20500,0,0.0
2023-10-04,0,0,0,20500,0,0.0
2023-10-05,0,0,0,20500,0,0.0
2023-10-06,0,0,0,20500,0,0.0
2023-10-10,0,0,0,20500,0,0.0
2023-10-11,0,0,0,20500,0,0.0
2023-10-12,0,0,0,20500,0,0.0
2023-10-13,0,0,0,20500,0,0.0
2023-10-16,0,0,0,20500,0,0.0
2023-10-17,0,0,0,20500,0,0.0
2023-10-18,0,0,0,20500,0,0.0
2023-10-19,0,0,0,20500,0,0.0
2023-10-20,0,0,0,20500,0,0.0
2023-10-23,0,0,0,20500,0,0.0
2023-10-24,0,0,0,20500,0,0.0
2023-10-25,0,0,0,20500,0,0.0
2023-10-26,0,0,0,20500,0,0.0
2023-10-27,0,0,0,20500,0,0.0
2023-10-30,0,0,0,20500,0,0.0
2023-10-31,0,0,0,20500,0,0.0
2023-11-01,0,0,0,20500,0,0.0
2023-11-02,0,0,0,20500,0,0.0
2023-11-03,0,0,0,20500,0,0.0
2023-11-06,0,0,0,20500,0,0.0
2023-11-07,0,0,0,20500,0,0.0
2023-11-08,0,0,0,20500,0,0.0
2023-11-09,0,0,0,20500,0,0.0
2023-11-10,0,0,0,20500,0,0.0
2023-11-13,0,0,0,20500,0,0.0
2023-11-14,0,0,0,20500,0,0.0
2023-11-15,0,0,0,20500,0,0.0
2023-11-16,0,0,0,20500,0,0.0
2023-11-17,0,0,0,20500,0,0.0
2023-11-20,0,0,0,20500,0,0.0
2023-11-21,0,0,0,20500,0,0.0
2023-11-22,0,0,0,20500,0,0.0
2023-11-23,0,0,0,20500,0,0.0
2023-11-24,0,0,0,20500,0,0.0
2023-11-27,0,0,0,20500,0,0.0
2023-11-28,0,0,0,20500,0,0.0
2023-11-29,0,0,0,20500,0,0.0
2023-11-30,0,0,0,20500,0,0.0
2023-12-01,0,0,0,20500,0,0.0
2023-12-04,0,0,0,20500,0,0.0
2023-12-05,0,0,0,20500,0,0.0
2023-12-06,0,0,0,20500,0,0.0
2023-12-07,0,0,0,20500,0,0.0
2023-12-08,0,0,0,20500,0,0.0
2023-12-11,0,0,0,20500,0,0.0
2023-12-12,0,0,0,20500,0,0.0
2023-12-13,0,0,0,20500,0,0.0
2023-12-14,0,0,0,20500,0,0.0
2023-12-15,0,0,0,20500,0,0.0
2023-12-18,0,0,0,20500,0,0.0
2023-12-19,0,0,0,20500,0,0.0
2023-12-20,0,0,0,20500,0,0.0
2023-12-21,0,0,0,20500,0,0.0
2023-12-22,0,0,0,20500,0,0.0
2023-12-26,0,0,0,20500,0,0.0
2023-12-27,0,0,0,20500,0,0.0
2023-12-28,0,0,0,20500,0,0.0
2024-01-02,0,0,0,20500,0,0.0
2024-01-03,0,0,0,20500,0,0.0
2024-01-04,0,0,0,20500,0,0.0
2024-01-05,0,0,0,20500,0,0.0
2024-01-08,0,0,0,20500,0,0.0
2024-01-09,0,0,0,20500,0,0.0
2024-01-10,0,0,0,20500,0,0.0
2024-01-11,0,0,0,20500,0,0.0
2024-01-12,0,0,0,20500,0,0.0
2024-01-15,0,0,0,20500,0,0.0
2024-01-16,0,0,0,20500,0,0.0
2024-01-17,0,0,0,20500,0,0.0
2024-01-18,0,0,0,20500,0,0.0
2024-01-19,0,0,0,20500,0,0.0
2024-01-22,0,0,0,20500,0,0.0
2024-01-23,0,0,0,20500,0,0.0
2024-01-24,0,0,0,20500,0,0.0
