Date,Open,High,Low,Close,Volume,Change
2022-01-03,35192,35542,34942,35142,10118,0.005723770820216467
2022-01-04,34992,35492,34942,35493,11968,0.0099880484889876
2022-01-05,35492,35743,35292,35593,7193,0.002817456963344789
2022-01-06,34842,35843,34842,35543,18054,-0.0014047706009608918
2022-01-07,35442,35893,35392,35793,6904,0.007033733787243701
2022-01-10,35943,35943,35342,35393,11802,-0.011175369485653674
2022-01-11,35693,35743,34942,35042,37107,-0.009917215268555934
2022-01-12,35092,35392,34992,35343,7319,0.008589692369157076
2022-01-13,35092,35492,34992,35293,9536,-0.0014147072970602803
2022-01-14,35042,35492,34842,34942,14175,-0.00994531493497297
2022-01-17,34942,35392,34441,34692,11051,-0.0071547135252704175
2022-01-18,35042,35042,33840,34542,16089,-0.004323763403666581
2022-01-19,34641,34691,33840,34041,14129,-0.014504081987146034
2022-01-20,33940,34191,33390,34041,11264,0.0
2022-01-21,33390,34341,31237,32139,100345,-0.05587379924209046
2022-01-24,32739,32839,31437,31788,28919,-0.010921310557266861
2022-01-25,32038,32238,30837,31438,21282,-0.011010444192777191
2022-01-26,31437,31788,31287,31438,8354,0.0
2022-01-27,31137,31538,30186,30587,14814,-0.027069151981678252
2022-01-28,30637,32238,30637,31889,12411,0.04256710367149452
2022-02-03,31788,32389,31638,31788,16650,-0.003167236351092839
2022-02-04,32138,32389,31538,32389,14636,0.01890650559959739
2022-02-07,31888,32689,31888,32539,6938,0.004631201951279751
2022-02-08,32389,32639,32238,32389,8598,-0.004609852792034186
2022-02-09,32689,32689,32389,32689,7401,0.009262403902559502
2022-02-10,32839,32889,32639,32689,12978,0.0
2022-02-11,32639,32889,32539,32840,12391,0.004619290892960981
2022-02-14,32138,32439,32038,32139,3552,-0.021345919610231467
2022-02-15,32138,32138,30787,31788,1814,-0.010921310557266861
2022-02-16,32088,32439,31638,32089,5246,0.009468982005788273
2022-02-17,31738,32839,31688,32389,9271,0.009348998099037109
2022-02-18,31938,33140,31838,32990,8052,0.01855568248479411
2022-02-21,32238,33690,32038,33541,8250,0.01670203091846023
2022-02-22,33440,33440,32839,32990,3254,-0.016427655704958077
2022-02-23,33590,33640,31538,33190,12988,0.006062443164595255
2022-02-24,33240,33240,32238,32639,3803,-0.016601385959626347
2022-02-25,32689,33140,32689,32940,1878,0.009222096265204094
2022-02-28,32939,34041,32889,33641,6171,0.021281117182756493
2022-03-02,33089,33840,33089,33841,3554,0.005945126482565843
2022-03-03,33840,34591,33840,34141,5903,0.008864986259271346
2022-03-04,34041,34541,33890,34341,4732,0.00585805922497884
2022-03-07,34091,34541,33790,34341,6526,0.0
2022-03-08,33540,34291,33540,33791,4822,-0.016015841122856034
2022-03-10,34942,35292,34491,34742,7543,0.02814358852949006
2022-03-11,35142,35342,34792,35092,8566,0.01007426170053538
2022-03-14,35092,36043,34942,35293,14708,0.00572780120825267
2022-03-15,35092,35342,34341,34792,6478,-0.014195449522568238
2022-03-16,35192,35192,34541,35193,11480,0.011525638077719114
2022-03-17,35542,35542,34691,34892,8646,-0.008552837211945552
2022-03-18,35342,35342,34741,34942,3360,0.0014329932362719955
2022-03-21,35693,35693,34792,34892,3480,-0.0014309427050540613
2022-03-22,34892,35342,34792,35243,7253,0.010059612518628969
2022-03-23,35142,35492,34992,35443,9990,0.005674885792923412
2022-03-24,35442,35442,35092,35343,2641,-0.0028214315943909662
2022-03-25,40048,40348,38096,39047,267223,0.10480151656622239
2022-03-28,40298,41049,40048,40949,137364,0.04871052833764433
2022-03-29,40999,40999,40198,40499,36923,-0.010989279347481062
2022-03-30,40548,41550,40498,41350,46222,0.021012864515173257
2022-03-31,41500,41750,41299,41500,25463,0.0036275695284160303
2022-04-01,41349,42200,41349,41951,35899,0.010867469879518143
2022-04-04,42000,42401,41950,42051,41226,0.0023837334032561497
2022-04-05,42301,42401,41550,42301,46544,0.005945161827304979
2022-04-06,42050,42501,41900,42251,34442,-0.001182005153542498
2022-04-07,41750,42251,40599,41400,68719,-0.020141535111595
2022-04-08,38800,38800,37650,37850,92922,-0.08574879227053145
2022-04-11,37850,37850,36450,36650,22185,-0.031704095112285335
2022-04-12,36650,36900,35900,36000,12272,-0.017735334242837686
2022-04-13,36000,36950,35800,36200,9517,0.005555555555555536
2022-04-14,36300,36550,35850,36100,6138,-0.002762430939226568
2022-04-15,35550,36350,35550,35900,5565,-0.005540166204986097
2022-04-18,36500,36500,35900,36100,5962,0.0055710306406684396
2022-04-19,36600,36700,36000,36500,2716,0.011080332409972193
2022-04-20,36650,37300,36300,36950,11187,0.012328767123287676
2022-04-21,37300,37500,36850,37100,4964,0.004059539918809252
2022-04-22,37100,37150,36400,37050,4191,-0.0013477088948786742
2022-04-25,37050,37450,36100,37000,9528,-0.0013495276653171517
2022-04-26,37350,37400,37050,37200,4769,0.00540540540540535
2022-04-27,36900,37250,36550,37100,6340,-0.0026881720430107503
2022-04-28,36500,36700,35650,36100,48330,-0.02695417789757415
2022-04-29,36650,37050,36100,36750,20427,0.018005540166204925
2022-05-02,36750,37300,36350,36600,9226,-0.004081632653061273
2022-05-03,37000,37000,34650,34900,38455,-0.04644808743169404
2022-05-04,35600,35600,34900,35250,8520,0.01002865329512903
2022-05-06,35200,35400,34200,34400,8976,-0.024113475177305
2022-05-09,34600,35750,33350,33900,10278,-0.014534883720930258
2022-05-10,33700,34700,32900,34700,8621,0.02359882005899716
2022-05-11,34750,34950,33900,34600,4320,-0.0028818443804035088
2022-05-12,33600,34900,33600,33800,4044,-0.023121387283236983
2022-05-13,33750,34650,33750,34400,2333,0.01775147928994092
2022-05-16,35000,35000,34250,34250,2250,-0.0043604651162790775
2022-05-17,35000,35000,33600,34400,3781,0.004379562043795637
2022-05-18,34450,34750,33700,34000,4401,-0.011627906976744207
2022-05-19,33050,33700,33050,33450,2455,-0.016176470588235348
2022-05-20,33500,33800,33000,33450,6495,0.0
2022-05-23,33500,33500,32950,33150,4646,-0.008968609865470878
2022-05-24,34000,34100,33300,33350,3006,0.006033182503770718
2022-05-25,34000,34250,33400,33800,3931,0.013493253373313419
2022-05-26,33600,34300,33600,33850,2630,0.0014792899408284654
2022-05-27,34300,34400,34000,34200,2229,0.010339734121122657
2022-05-30,33800,34950,33800,34900,3261,0.020467836257309857
2022-05-31,35000,35200,34600,34900,6802,0.0
2022-06-02,34900,35000,34750,34800,2138,-0.002865329512893977
2022-06-03,34900,35200,34700,34950,1363,0.004310344827586299
2022-06-07,35150,35150,34300,34500,1768,-0.012875536480686733
2022-06-08,34700,34900,34100,34400,1290,-0.0028985507246376274
2022-06-09,34600,34600,33600,33850,3490,-0.015988372093023284
2022-06-10,33550,34300,33550,33900,2196,0.001477104874446189
2022-06-13,33100,33850,31900,32250,7783,-0.04867256637168138
2022-06-14,31200,32200,30700,31450,10583,-0.024806201550387597
2022-06-15,31700,31750,30650,30750,4780,-0.022257551669316422
2022-06-16,30650,31450,30150,30450,3086,-0.009756097560975618
2022-06-17,30000,30450,28900,30300,4642,-0.0049261083743842304
2022-06-20,30100,30100,28250,29200,5832,-0.0363036303630363
2022-06-21,28750,30100,28750,29200,4153,0.0
2022-06-22,29200,29250,27550,28400,3560,-0.0273972602739726
2022-06-23,27450,28700,27400,27400,5059,-0.035211267605633756
2022-06-24,27400,28800,27400,28550,2125,0.04197080291970812
2022-06-27,28550,29350,28500,29150,1847,0.021015761821365997
2022-06-28,28550,29400,28450,29250,1768,0.0034305317324185847
2022-06-29,29250,29400,28950,29100,1197,-0.00512820512820511
2022-06-30,29600,29600,28600,28800,4341,-0.010309278350515427
2022-07-01,28750,29300,28700,29100,2810,0.01041666666666674
2022-07-04,29050,29100,27950,28600,1952,-0.01718213058419249
2022-07-05,28100,28650,28100,28600,2527,0.0
2022-07-06,27800,28600,27800,28150,1504,-0.01573426573426573
2022-07-07,28300,29000,28200,28500,1866,0.01243339253996445
2022-07-08,28700,28800,28400,28550,3809,0.0017543859649122862
2022-07-11,28550,28550,28150,28250,2549,-0.010507880910682998
2022-07-12,28200,28200,27400,27500,3272,-0.026548672566371723
2022-07-13,27050,27850,27050,27600,1258,0.0036363636363636598
2022-07-14,26750,28200,26750,27400,1264,-0.007246376811594235
2022-07-15,27150,27550,27150,27250,1104,-0.005474452554744547
2022-07-18,27150,28500,27150,28400,2461,0.04220183486238538
2022-07-19,28700,28700,27800,28400,725,0.0
2022-07-20,28850,28850,28100,28400,2823,0.0
2022-07-21,28700,28700,28500,28550,2212,0.005281690140845008
2022-07-22,28800,28800,28300,28500,1977,-0.0017513134851138146
2022-07-25,28500,28600,28300,28600,1398,0.0035087719298245723
2022-07-26,28900,28900,28300,28400,1577,-0.006993006993006978
2022-07-27,28600,28650,28400,28550,1442,0.005281690140845008
2022-07-28,28700,28700,28300,28450,2715,-0.003502626970227629
2022-07-29,28750,28750,28300,28500,3649,0.0017574692442883233
2022-08-01,29000,29000,28200,28550,4268,0.0017543859649122862
2022-08-02,28550,28650,28300,28500,2910,-0.0017513134851138146
2022-08-03,28250,28950,28250,28900,4062,0.01403508771929829
2022-08-04,28500,29200,28500,28900,2712,0.0
2022-08-05,29250,29300,28800,29150,6514,0.00865051903114189
2022-08-08,29150,29500,28900,29400,5115,0.00857632933104635
2022-08-09,29400,30050,29400,29600,3376,0.006802721088435382
2022-08-10,29600,30150,29550,29800,8290,0.006756756756756799
2022-08-11,30100,30200,29700,29850,2448,0.001677852348993314
2022-08-12,29800,30650,29800,30400,6881,0.018425460636515956
2022-08-16,30500,30650,30300,30350,3015,-0.00164473684210531
2022-08-17,30350,30400,29850,30000,2899,-0.011532125205930832
2022-08-18,29700,30200,29500,30150,1883,0.004999999999999893
2022-08-19,29550,30300,29550,30250,1898,0.0033167495854062867
2022-08-22,30350,30350,29500,29650,2044,-0.01983471074380161
2022-08-23,29800,29800,28800,28850,3287,-0.026981450252951067
2022-08-24,28850,29150,28650,29150,1617,0.010398613518197486
2022-08-25,29300,29500,29050,29350,1310,0.006861063464836947
2022-08-26,29600,30050,29500,29900,1558,0.01873935264054505
2022-08-29,28750,29850,28750,29450,1232,-0.015050167224080258
2022-08-30,29600,29800,29450,29750,1304,0.01018675721561979
2022-08-31,29950,30000,29600,30000,944,0.008403361344537785
2022-09-01,29350,30050,29350,29500,2296,-0.01666666666666672
2022-09-02,29650,30550,29650,30150,3454,0.02203389830508473
2022-09-05,30150,30650,29200,29200,2029,-0.031509121061359835
2022-09-06,30000,30000,29600,29650,587,0.015410958904109595
2022-09-07,29150,30250,29150,30000,2281,0.01180438448566612
2022-09-08,30400,30400,29750,29800,1223,-0.00666666666666671
2022-09-13,29800,29950,29450,29900,2268,0.003355704697986628
2022-09-14,29700,29700,29100,29300,1396,-0.02006688963210701
2022-09-15,29050,29800,29050,29400,630,0.0034129692832765013
2022-09-16,28650,29300,28650,28800,1439,-0.020408163265306145
2022-09-19,28800,28950,28600,28650,3147,-0.00520833333333337
2022-09-20,28750,29250,28650,29200,1577,0.01919720767888311
2022-09-21,28450,29350,28450,29150,1290,-0.001712328767123239
2022-09-22,28000,28950,28000,28950,1435,-0.006861063464837058
2022-09-23,28950,28950,27950,27950,1526,-0.0345423143350605
2022-09-26,28550,28550,26250,28250,4765,0.01073345259391778
2022-09-27,28250,28250,26850,27150,2906,-0.038938053097345104
2022-09-28,26450,27000,25650,26250,4442,-0.03314917127071826
2022-09-29,26400,26700,23950,25200,2987,-0.040000000000000036
2022-09-30,24200,24900,24200,24600,3142,-0.023809523809523836
2022-10-04,25150,25200,24650,25200,4595,0.024390243902439046
2022-10-05,25200,25200,23900,24200,6030,-0.03968253968253965
2022-10-06,23900,25150,23900,25000,2903,0.03305785123966931
2022-10-07,25000,25200,24050,24750,2185,-0.010000000000000009
2022-10-11,25000,25000,23450,23700,2122,-0.042424242424242475
2022-10-12,24300,24300,23000,23450,2928,-0.010548523206751037
2022-10-13,23100,23250,22400,22800,4205,-0.02771855010660984
2022-10-14,22950,23800,22950,23550,3562,0.03289473684210531
2022-10-17,22500,23400,22500,23250,1739,-0.01273885350318471
2022-10-18,23000,24000,23000,23900,2143,0.027956989247311936
2022-10-19,23800,23950,23500,23650,965,-0.010460251046025104
2022-10-20,23550,23550,23150,23150,619,-0.02114164904862581
2022-10-21,23100,23300,22100,22250,3262,-0.0388768898488121
2022-10-24,22250,23200,22250,22800,2386,0.024719101123595433
2022-10-25,22800,23000,22300,22800,496,0.0
2022-10-26,23000,23000,22350,22650,2511,-0.006578947368421018
2022-10-27,22050,22800,22050,22750,1565,0.004415011037527616
2022-10-28,22750,22900,22250,22500,1112,-0.01098901098901095
2022-10-31,22650,22800,22150,22450,3653,-0.0022222222222222365
2022-11-01,22150,22950,22150,22700,4183,0.011135857461024523
2022-11-02,22450,23000,22450,23000,3130,0.013215859030837107
2022-11-03,22700,22850,22500,22700,1573,-0.013043478260869601
2022-11-04,23050,23050,22300,22850,2657,0.0066079295154184425
2022-11-07,22850,23450,22850,23400,3895,0.024070021881838155
2022-11-08,23400,24000,23400,23650,2679,0.010683760683760646
2022-11-09,23650,24000,23550,23850,3294,0.008456659619450413
2022-11-10,23800,23900,23500,23500,1696,-0.014675052410901501
2022-11-11,24200,24300,23800,24200,4815,0.029787234042553123
2022-11-14,24500,24550,24150,24400,3109,0.008264462809917328
2022-11-15,24400,25000,24400,24900,2629,0.020491803278688492
2022-11-16,24650,24950,24600,24750,1684,-0.0060240963855421326
2022-11-17,24800,25000,24450,24550,3046,-0.008080808080808133
2022-11-18,24900,25250,24900,25050,4378,0.020366598778004175
2022-11-21,25300,25300,24600,24900,920,-0.005988023952095856
2022-11-22,24900,25350,24500,25100,4115,0.008032128514056325
2022-11-23,25150,25400,25050,25300,1612,0.007968127490039834
2022-11-24,25050,25500,25050,25500,1899,0.007905138339920903
2022-11-25,25500,25650,25250,25600,1581,0.0039215686274509665
2022-11-28,25600,25650,25300,25500,1150,-0.00390625
2022-11-29,25500,25650,25200,25600,1143,0.0039215686274509665
2022-11-30,25700,26250,25550,26250,3068,0.025390625
2022-12-01,26350,27500,26300,26800,9851,0.020952380952381056
2022-12-02,26700,27250,26000,26450,2441,-0.013059701492537323
2022-12-05,26450,26450,25750,26400,2498,-0.001890359168241984
2022-12-06,25800,26300,25750,25900,936,-0.018939393939393923
2022-12-07,25900,25900,25500,25700,761,-0.007722007722007707
2022-12-08,26200,26200,25150,25200,1831,-0.01945525291828798
2022-12-09,25800,25800,25350,25800,2232,0.023809523809523725
2022-12-12,25500,25800,25200,25650,1350,-0.005813953488372103
2022-12-13,25800,26000,25200,25550,2308,-0.003898635477582846
2022-12-14,26000,26000,25350,25500,1134,-0.00195694716242667
2022-12-15,25800,25800,25000,25450,2151,-0.0019607843137254832
2022-12-16,25050,25350,24850,25050,1560,-0.015717092337917515
2022-12-19,25050,25050,24550,24700,3001,-0.013972055888223589
2022-12-20,24750,24800,24400,24550,915,-0.006072874493927127
2022-12-21,24400,24600,24250,24300,1642,-0.010183299389002087
2022-12-22,24300,24550,24250,24550,1011,0.010288065843621297
2022-12-23,23900,24400,23500,24350,2549,-0.008146639511201648
2022-12-26,24400,24400,23900,24250,1493,-0.004106776180698102
2022-12-27,24250,24750,24150,24750,2902,0.020618556701030855
2022-12-28,24250,24300,23750,23800,1616,-0.03838383838383841
2022-12-29,23850,23850,22800,23300,2372,-0.021008403361344574
2023-01-02,23300,23300,21950,22400,3797,-0.03862660944206009
2023-01-03,22400,22400,21650,21900,3349,-0.022321428571428603
2023-01-04,21900,22250,21400,22100,3396,0.009132420091324311
2023-01-05,22100,22200,21900,22200,1862,0.004524886877828038
2023-01-06,21850,23450,21850,22950,1996,0.03378378378378377
2023-01-09,23000,23800,22750,22950,3389,0.0
2023-01-10,22900,23000,22850,22900,1393,-0.002178649237472796
2023-01-11,23500,23500,22500,22850,1307,-0.0021834061135370675
2023-01-12,23000,23000,22600,22900,967,0.002188183807439792
2023-01-13,22750,23050,22750,22950,1264,0.0021834061135370675
2023-01-16,23350,23350,22600,23000,1868,0.002178649237472685
2023-01-17,23100,23100,22650,22750,2282,-0.010869565217391353
2023-01-18,23000,23000,22450,22700,1691,-0.00219780219780219
2023-01-19,22800,22850,22550,22850,1638,0.0066079295154184425
2023-01-20,22850,23250,22600,23150,2890,0.013129102844638973
2023-01-25,23200,23550,23000,23150,2767,0.0
2023-01-26,22800,23350,22800,23350,2136,0.008639308855291628
2023-01-27,23500,23600,23300,23500,5203,0.0064239828693790635
2023-01-30,23500,23550,22950,23150,3741,-0.014893617021276562
2023-01-31,23000,23400,22950,23300,2036,0.00647948164146861
2023-02-01,23300,23500,23050,23300,1729,0.0
2023-02-02,23500,23800,23250,23300,1612,0.0
2023-02-03,24000,24000,23250,23400,1895,0.0042918454935623185
2023-02-06,23400,23400,23000,23000,2838,-0.017094017094017144
2023-02-07,23000,23300,22700,22700,4832,-0.013043478260869601
2023-02-08,22700,23300,22600,22800,2941,0.004405286343612369
2023-02-09,22800,23200,22600,23050,4165,0.010964912280701844
2023-02-10,23000,23000,22750,23000,1771,-0.002169197396963085
2023-02-13,23000,23000,22500,22800,2895,-0.008695652173912993
2023-02-14,22850,22850,22550,22800,2742,0.0
2023-02-15,22800,22800,22200,22400,6039,-0.01754385964912286
2023-02-16,22250,22700,22200,22200,4231,-0.008928571428571397
2023-02-17,22600,22950,22150,22500,3366,0.013513513513513598
2023-02-20,22150,22500,22050,22500,6187,0.0
2023-02-21,22500,22800,22450,22750,3395,0.011111111111111072
2023-02-22,22700,22700,22150,22250,2821,-0.02197802197802201
2023-02-23,22450,22450,22150,22400,3854,0.006741573033707926
2023-02-24,22450,22450,20650,22050,12080,-0.015625
2023-02-27,22050,22050,21350,21500,3920,-0.024943310657596363
2023-02-28,21500,21700,21350,21500,3173,0.0
2023-03-02,21350,21900,21150,21150,5747,-0.016279069767441867
2023-03-03,21150,21350,21050,21300,2060,0.007092198581560183
2023-03-06,21300,21300,21000,21200,2177,-0.0046948356807511304
2023-03-07,21200,21350,21000,21100,4401,-0.004716981132075526
2023-03-08,21100,21100,20750,20950,2953,-0.007109004739336511
2023-03-09,21500,21850,21300,21500,5016,0.026252983293556076
2023-03-10,21000,21500,21000,21300,3664,-0.009302325581395321
2023-03-13,20700,20950,20100,20350,17071,-0.04460093896713613
2023-03-14,19910,20600,19850,19870,9539,-0.023587223587223538
2023-03-15,20000,20350,19580,19910,18252,0.0020130850528434774
2023-03-16,19640,20050,19630,19710,3949,-0.010045203415369186
2023-03-17,19620,20400,19560,19930,5225,0.011161846778285245
2023-03-20,19840,19850,19610,19650,3816,-0.014049172102358232
2023-03-21,20200,20200,19550,19680,3090,0.0015267175572519776
2023-03-22,20050,20050,19570,19700,2028,0.00101626016260159
2023-03-23,19540,19550,19300,19430,4226,-0.01370558375634523
2023-03-24,19610,19610,19220,19220,5836,-0.010808028821410187
2023-03-27,19070,19370,18840,18850,5763,-0.019250780437044757
2023-03-28,18850,19030,18800,18960,3041,0.005835543766578244
2023-03-29,19010,19010,18840,19010,3524,0.0026371308016877038
2023-03-30,19750,19750,18850,19260,3374,0.013150973172014746
2023-03-31,19700,19710,19260,19680,4138,0.02180685358255441
2023-04-03,19690,20200,19470,20100,7226,0.021341463414634054
2023-04-04,20250,20250,19870,20150,4235,0.0024875621890547706
2023-04-05,20150,20250,19950,20100,3106,-0.002481389578163795
2023-04-06,19860,20200,19860,19910,5340,-0.009452736318407928
2023-04-07,20300,20300,19600,20000,3542,0.0045203415369161615
2023-04-10,20000,20050,19860,19990,4362,-0.0004999999999999449
2023-04-11,20050,20150,19850,20100,3213,0.005502751375687787
2023-04-12,20300,20300,20000,20300,3408,0.00995024875621886
2023-04-13,20300,20300,19980,20200,1802,-0.0049261083743842304
2023-04-14,20250,20850,20200,20500,5251,0.014851485148514865
2023-04-17,20500,20850,20450,20450,3394,-0.0024390243902439046
2023-04-18,20250,20800,20200,20500,2419,0.0024449877750611915
2023-04-19,20500,20700,20450,20600,2787,0.004878048780487809
2023-04-20,20600,20700,20300,20500,2044,-0.004854368932038833
2023-04-21,20550,20700,20000,20550,3651,0.0024390243902439046
2023-04-24,20550,20750,20000,20200,2887,-0.01703163017031628
2023-04-25,20850,20850,20000,20200,3200,0.0
2023-04-26,20500,20550,20000,20400,2751,0.00990099009900991
2023-04-27,20400,20400,20000,20250,2083,-0.007352941176470562
2023-04-28,20500,20850,20250,20600,4326,0.01728395061728394
2023-05-02,20950,20950,20550,20900,4460,0.014563106796116498
2023-05-03,20900,20950,20750,20900,1246,0.0
2023-05-04,20950,20950,20600,20850,1276,-0.0023923444976076125
2023-05-08,20850,21000,20600,20900,2459,0.0023980815347721673
2023-05-09,20650,21300,20600,20850,1640,-0.0023923444976076125
2023-05-10,21000,21000,20600,20850,1541,0.0
2023-05-11,20950,21300,20800,21050,4591,0.00959232613908867
2023-05-12,21100,21100,20550,20800,1392,-0.01187648456057011
2023-05-15,21350,21350,20500,20650,1194,-0.007211538461538436
2023-05-16,20650,20650,20400,20550,1913,-0.004842615012106588
2023-05-17,20600,20750,20400,20650,1330,0.0048661800486617945
2023-05-18,21000,21000,20350,20750,1184,0.004842615012106588
2023-05-19,20950,20950,20650,20900,3137,0.0072289156626506035
2023-05-22,21000,21250,20900,21150,3439,0.011961722488038173
2023-05-23,21350,21500,21150,21200,3258,0.0023640661938533203
2023-05-24,21400,21600,21100,21350,3884,0.007075471698113178
2023-05-25,21400,21500,21050,21250,2263,-0.004683840749414525
2023-05-26,21500,21500,20800,20950,3696,-0.014117647058823568
2023-05-30,21400,21550,21000,21150,3895,0.009546539379474916
2023-05-31,21100,21350,21050,21200,1571,0.0023640661938533203
2023-06-01,21450,21450,20850,21150,1819,-0.002358490566037763
2023-06-02,21350,21350,21100,21350,638,0.009456264775413725
2023-06-05,21500,21500,21250,21450,2612,0.004683840749414525
2023-06-07,21450,21450,20850,21250,4062,-0.009324009324009341
2023-06-08,21250,21250,21100,21200,1293,-0.0023529411764705577
2023-06-09,21300,21400,20950,21100,3194,-0.004716981132075526
2023-06-12,21400,21400,20850,21000,3181,-0.004739336492891044
2023-06-13,20800,21150,20800,21000,2140,0.0
2023-06-14,20800,21100,20800,21000,1317,0.0
2023-06-15,21000,21000,20650,20800,3555,-0.00952380952380949
2023-06-16,20800,21400,20650,21050,3281,0.012019230769230838
2023-06-19,21300,21300,20850,21050,2344,0.0
2023-06-20,21200,21200,20800,20950,1678,-0.004750593824228044
2023-06-21,21200,21200,20450,20850,1972,-0.004773269689737458
2023-06-22,20500,20900,20500,20850,2146,0.0
2023-06-23,21200,21200,20300,20700,1802,-0.007194244604316502
2023-06-26,20700,20750,20500,20600,1075,-0.004830917874396157
2023-06-27,20750,20750,20300,20500,1110,-0.004854368932038833
2023-06-28,20500,20500,20000,20250,3077,-0.012195121951219523
2023-06-29,20250,20400,19840,20100,3471,-0.007407407407407418
2023-06-30,20100,20250,19870,20100,4563,0.0
2023-07-03,20500,20500,20150,20300,1982,0.00995024875621886
2023-07-04,20000,20400,19580,19580,4787,-0.035467980295566526
2023-07-05,19580,19990,19580,19850,3742,0.013789581205311485
2023-07-06,20000,20000,19400,19440,5719,-0.02065491183879098
2023-07-07,19700,19700,19010,19190,5010,-0.012860082304526732
2023-07-10,19760,19760,18700,19230,3739,0.0020844189682125425
2023-07-11,19300,20400,19050,19340,2799,0.005720228809152461
2023-07-12,19340,19610,19290,19480,1385,0.007238883143743546
2023-07-13,19990,20000,19480,19600,1808,0.006160164271047153
2023-07-14,19970,19970,19430,19500,2862,-0.005102040816326481
2023-07-17,19500,19940,19460,19920,3118,0.021538461538461506
2023-07-18,19940,19940,19330,19360,3696,-0.028112449799196804
2023-07-19,19870,19870,19250,19430,1789,0.003615702479338845
2023-07-20,19690,19690,19200,19530,1722,0.00514668039114774
2023-07-21,19400,19480,19270,19370,1616,-0.008192524321556593
2023-07-24,19370,19980,19000,19690,9122,0.01652039235931846
2023-07-25,19700,19700,19290,19640,1951,-0.002539360081259545
2023-07-26,19640,19640,18600,18880,7404,-0.03869653767820769
2023-07-27,18690,19410,18000,19390,2895,0.02701271186440679
2023-07-28,19000,19390,19000,19390,1522,0.0
2023-07-31,19390,19520,18950,19520,2142,0.006704486848891245
2023-08-01,19450,19540,19100,19500,1700,-0.0010245901639344135
2023-08-02,19700,19700,19200,19220,2831,-0.014358974358974375
2023-08-03,19500,19700,19000,19260,1352,0.0020811654526535772
2023-08-04,19590,19740,19130,19550,961,0.015057113187954219
2023-08-07,19550,20000,19000,19350,1403,-0.010230179028132946
2023-08-08,19350,19640,19000,19150,3612,-0.01033591731266148
2023-08-09,19430,19430,19070,19160,848,0.0005221932114882755
2023-08-10,19420,19860,18300,18750,9363,-0.02139874739039671
2023-08-11,18760,18950,18440,18880,13245,0.006933333333333236
2023-08-14,18850,18850,18580,18770,2164,-0.005826271186440635
2023-08-16,18990,18990,18230,18250,4168,-0.027703782631859353
2023-08-17,18700,18700,17860,18430,5240,0.009863013698630185
2023-08-18,18420,18430,18090,18410,1995,-0.0010851871947911151
2023-08-21,18700,18700,17880,18220,4083,-0.010320478001086375
2023-08-22,18710,18710,17860,18000,3280,-0.01207464324917673
2023-08-23,18680,18680,17890,17900,2010,-0.005555555555555536
2023-08-24,18250,18250,17770,17810,4054,-0.005027932960893877
2023-08-25,17800,17990,17740,17800,3020,-0.0005614823133071045
2023-08-28,17800,18490,17800,18150,2287,0.0196629213483146
2023-08-29,18440,18440,18140,18230,2520,0.0044077134986226785
2023-08-30,18490,18490,18100,18220,1706,-0.0005485463521667233
2023-08-31,18570,18570,17770,18120,2327,-0.005488474204171201
2023-09-01,18180,18230,17960,18130,2148,0.0005518763796910076
2023-09-04,18010,18300,17900,18300,3678,0.009376723662438025
2023-09-05,18330,18330,17920,18080,4182,-0.012021857923497303
2023-09-06,18250,18250,17850,18050,3004,-0.0016592920353982743
2023-09-07,18000,18000,17720,18000,5240,-0.0027700831024930483
2023-09-08,18070,18070,17830,17990,1792,-0.0005555555555555314
2023-09-11,17980,18000,17700,17940,4532,-0.0027793218454696955
2023-09-12,18050,18050,17800,17900,4687,-0.0022296544035674826
2023-09-13,17730,17910,17730,17850,1708,-0.0027932960893854997
2023-09-14,18190,18190,17800,17940,7870,0.005042016806722671
2023-09-15,18140,18140,17820,17970,11515,0.0016722408026756952
2023-09-18,18080,18100,17000,17850,11836,-0.006677796327211993
2023-09-19,17850,18020,17600,17830,5972,-0.0011204481792717047
2023-09-20,17910,17910,17680,17860,2581,0.0016825574873808868
2023-09-21,17890,17890,17590,17750,3120,-0.006159014557670761
2023-09-22,17780,17780,17620,17680,2519,-0.003943661971830936
2023-09-25,17250,17980,17250,17540,4030,-0.007918552036199067
2023-09-26,17800,17800,17460,17460,1369,-0.004561003420752607
2023-09-27,17280,17880,17250,17760,6053,0.01718213058419238
2023-10-04,17750,17750,17410,17490,5708,-0.015202702702702742
2023-10-05,17850,17850,17200,17500,3267,0.0005717552887363198
2023-10-06,17500,17770,17310,17770,912,0.015428571428571347
2023-10-10,17700,17700,17260,17260,3822,-0.028700056274620134
2023-10-11,17400,17400,17260,17310,1212,0.0028968713789108147
2023-10-12,17300,17540,17180,17490,4097,0.010398613518197486
2023-10-13,17780,17780,17050,17500,2492,0.0005717552887363198
2023-10-16,17480,17480,17190,17430,2620,-0.0040000000000000036
2023-10-17,17440,17620,17110,17610,4940,0.010327022375215211
2023-10-18,17600,17680,17510,17600,3075,-0.0005678591709256109
2023-10-19,17620,17810,17420,17730,5827,0.00738636363636358
2023-10-20,17650,17970,17580,17910,8164,0.010152284263959421
2023-10-23,17910,17980,17620,17650,2413,-0.014517029592406527
2023-10-24,17700,17780,17520,17770,1746,0.0067988668555241105
2023-10-25,18060,18060,17770,18030,3667,0.014631401238041741
2023-10-26,18000,18000,17500,17690,5387,-0.01885745978924014
2023-10-27,17960,17960,17450,17790,8310,0.005652911249293346
2023-10-30,17500,17900,17500,17720,4090,-0.00393479482855541
2023-10-31,17430,17960,17430,17740,3588,0.0011286681715576563
2023-11-01,17930,17930,17600,17750,3854,0.0005636978579481866
2023-11-02,17670,17800,17670,17720,2881,-0.0016901408450704647
2023-11-03,17790,17950,17750,17930,6934,0.011851015801354503
2023-11-06,18000,18070,17880,18050,3360,0.006692693809258188
2023-11-07,18000,18130,17910,18100,3648,0.0027700831024930483
2023-11-08,18220,18560,17900,18430,5214,0.018232044198895014
2023-11-09,18430,18650,18250,18600,8479,0.009224091155724423
2023-11-10,18460,18650,18330,18630,2505,0.001612903225806539
2023-11-13,18630,18700,18420,18530,3978,-0.005367686527106841
2023-11-14,18530,18580,18420,18460,1432,-0.0037776578521316884
2023-11-15,18460,18590,18360,18500,7439,0.0021668472372697867
2023-11-16,18400,18660,17390,18480,5836,-0.00108108108108107
2023-11-17,18400,18500,18270,18430,2583,-0.0027056277056276556
2023-11-20,18380,18490,18220,18400,4248,-0.0016277807921866172
2023-11-21,18450,18710,18200,18540,7080,0.007608695652173925
2023-11-22,18590,18590,18450,18550,1854,0.0005393743257819938
2023-11-23,18600,18720,18480,18600,3349,0.0026954177897573484
2023-11-24,18700,19000,18570,18900,7471,0.016129032258064502
2023-11-27,18900,19160,18800,18930,4524,0.0015873015873015817
2023-11-28,18830,19100,18730,18990,5343,0.0031695721077653616
2023-11-29,19100,19100,18890,19000,1065,0.0005265929436546468
2023-11-30,19000,19050,18950,19050,1845,0.002631578947368318
2023-12-01,19060,19290,18970,19150,4943,0.005249343832020914
2023-12-04,19150,19400,19140,19370,4018,0.011488250652741616
2023-12-05,19370,19390,19110,19350,2815,-0.0010325245224573898
2023-12-06,19350,19680,19290,19460,7375,0.00568475452196382
2023-12-07,19430,19490,19140,19320,9070,-0.007194244604316502
2023-12-08,19320,19730,19320,19470,4176,0.007763975155279601
2023-12-11,19550,19700,19120,19340,6241,-0.00667693888032872
2023-12-12,19500,19660,19340,19600,3249,0.013443640124095158
2023-12-13,19650,19680,19500,19520,3001,-0.004081632653061273
2023-12-14,19400,19690,19310,19530,5055,0.0005122950819671512
2023-12-15,19530,19590,19320,19530,4032,0.0
2023-12-18,19570,19570,19150,19240,4416,-0.014848950332821298
2023-12-19,19240,19490,19090,19150,5019,-0.004677754677754664
2023-12-20,19260,19260,19150,19180,2656,0.0015665796344648264
2023-12-21,19230,19250,18870,19170,3702,-0.0005213764337852478
2023-12-22,19340,19340,19150,19210,675,0.0020865936358893666
2023-12-26,19110,19260,19050,19210,2622,0.0
2023-12-27,19180,19180,18730,18790,4813,-0.021863612701717883
2023-12-28,18790,18880,18550,18730,4215,-0.0031931878658860713
2024-01-02,18910,18980,18570,18970,6789,0.012813667912439985
2024-01-03,18960,19190,18800,19000,4610,0.001581444385872377
2024-01-04,19000,19110,18940,19030,4520,0.0015789473684211242
2024-01-05,19080,19080,18990,19060,1737,0.0015764582238571023
2024-01-08,19100,19130,18960,19110,2709,0.002623294858342007
2024-01-09,19140,19290,19040,19290,2845,0.009419152276295195
2024-01-10,19290,19600,19200,19450,8854,0.00829445308449972
2024-01-11,19590,19590,19380,19500,2833,0.0025706940874035134
2024-01-12,19640,19640,19300,19410,1998,-0.004615384615384577
2024-01-15,19540,19540,18940,18980,4225,-0.022153529108706826
2024-01-16,19280,19280,18650,18930,2022,-0.0026343519494204104
2024-01-17,19000,19000,18520,18570,2560,-0.019017432646592725
2024-01-18,18900,18910,18430,18460,953,-0.005923532579429236
2024-01-19,19000,19000,18360,18360,1675,-0.005417118093174467
2024-01-22,18990,18990,18340,18350,1562,-0.0005446623093682268
2024-01-23,18870,18870,18400,18470,2794,0.006539509536784838
2024-01-24,18750,18750,18150,18250,3605,-0.011911207363291876
2024-01-25,18270,18580,18110,18500,3715,0.013698630136986356
2024-01-26,18500,19200,18460,19060,9387,0.030270270270270183
2024-01-29,19100,19900,19040,19890,16888,0.04354669464847838
2024-01-30,19890,20200,19740,20000,8572,0.005530417295123158
2024-01-31,19820,20000,19600,19900,3532,-0.0050000000000000044
2024-02-01,19900,20600,19880,20600,18332,0.035175879396984966
2024-02-02,20650,20650,19770,20350,13554,-0.012135922330097082
2024-02-05,20600,20600,19940,20100,5049,-0.012285012285012331
2024-02-06,20100,20350,19850,19850,2603,-0.01243781094527363
2024-02-07,20600,20600,19810,19960,1082,0.005541561712846255
2024-02-08,20000,20150,19650,19840,2080,-0.006012024048096198
2024-02-13,19900,20050,19880,19930,709,0.004536290322580738
2024-02-14,20100,20100,19670,19670,1312,-0.0130456598093327
2024-02-15,19670,19860,19570,19570,564,-0.005083884087442758
2024-02-16,20000,20000,19510,19580,1212,0.0005109862033725321
2024-02-19,19560,19780,19500,19730,763,0.00766087844739527
2024-02-20,19580,19800,19580,19600,763,-0.006588950836289964
2024-02-21,19600,19840,19500,19700,753,0.005102040816326481
2024-02-22,19990,19990,19550,19590,945,-0.005583756345177715
2024-02-23,19600,20000,19300,19700,1852,0.005615109749872449
2024-02-26,19900,19900,19340,19350,1311,-0.017766497461928932
2024-02-27,19170,19450,19150,19160,771,-0.009819121447028456
2024-02-28,19450,19450,18110,19070,2168,-0.0046972860125260585
2024-02-29,18770,19070,18770,18980,819,-0.004719454640797038
2024-03-04,19010,19290,18990,18990,781,0.0005268703898841931
2024-03-05,18990,18990,18910,18910,909,-0.004212743549236397
2024-03-06,18800,19000,18800,18960,881,0.0026441036488631386
2024-03-07,18950,19220,18900,18970,2758,0.0005274261603376296
2024-03-08,19500,19500,18950,18950,790,-0.0010542962572482883
2024-03-11,18980,18980,18770,18870,716,-0.004221635883905006
2024-03-12,18980,18980,18000,18360,5503,-0.027027027027026973
2024-03-13,18680,18680,17800,18110,5287,-0.013616557734204782
2024-03-14,18600,18600,17900,18460,1742,0.019326339039204887
2024-03-15,18450,18450,18100,18270,2022,-0.010292524377031431
2024-03-18,18270,18280,17910,18090,3864,-0.009852216748768461
2024-03-19,18250,18480,18240,18250,2461,0.008844665561083431
2024-03-20,18150,18550,18150,18550,1063,0.016438356164383494
2024-03-21,18550,18810,18340,18810,1433,0.014016172506738478
2024-03-22,18810,18810,18580,18770,992,-0.0021265284423178654
2024-03-25,18750,18800,18610,18740,1229,-0.0015982951518380695
2024-03-26,18810,19000,18640,18690,1731,-0.0026680896478121774
2024-03-27,18980,18980,18650,18720,2060,0.0016051364365972098
2024-03-28,18860,18860,18110,18560,883,-0.008547008547008517
2024-03-29,19000,19000,18140,18520,1504,-0.0021551724137931494
2024-04-01,19000,19600,18220,18700,4056,0.009719222462202914
2024-04-02,19050,19050,18300,18560,1875,-0.007486631016042744
2024-04-03,18560,18560,17910,18260,8678,-0.016163793103448287
2024-04-04,18650,18650,18030,18070,3067,-0.010405257393209189
2024-04-05,18390,18390,18000,18080,3724,0.0005534034311012181
2024-04-08,18070,18070,17970,17980,2760,-0.00553097345132747
2024-04-09,18340,18340,17900,17950,1982,-0.0016685205784204848
2024-04-11,17740,18300,17740,17870,1385,-0.004456824512534818
2024-04-12,17870,17870,17630,17650,3994,-0.01231113598209288
2024-04-15,17500,18400,17500,17640,3098,-0.0005665722379603055
2024-04-16,17640,17640,17390,17390,4424,-0.014172335600907027
2024-04-17,17390,17390,17310,17380,1204,-0.0005750431282346424
2024-04-18,17840,17840,17390,17490,1527,0.006329113924050667
2024-04-19,17790,17790,17220,17300,8683,-0.010863350485991963
2024-04-22,17310,17700,17310,17680,6156,0.021965317919075078
2024-04-23,17870,17990,17680,17710,2499,0.0016968325791855143
2024-04-24,17710,18000,17710,17820,2170,0.006211180124223503
2024-04-25,17630,17990,17630,17820,1223,0.0
2024-04-26,18000,18000,17700,17940,1280,0.006734006734006703
2024-04-29,17950,18320,17930,18320,2682,0.021181716833890807
2024-04-30,18400,18630,18090,18600,2721,0.015283842794759916
2024-05-02,18620,18620,18250,18590,966,-0.0005376344086021057
2024-05-03,18580,18930,18250,18900,9650,0.01667563206024747
2024-05-07,18900,18900,18500,18870,4432,-0.0015873015873015817
2024-05-08,18870,18870,18470,18510,15132,-0.019077901430842648
2024-05-09,18510,18670,18350,18490,1026,-0.0010804970286332205
2024-05-10,18630,18630,18160,18490,3566,0.0
2024-05-13,18200,18460,18200,18250,1193,-0.012979989183342311
2024-05-14,18450,18450,18200,18250,1945,0.0
2024-05-16,18560,18560,18070,18110,2907,-0.007671232876712342
2024-05-17,18280,18280,18000,18010,2672,-0.005521811154058476
2024-05-20,18240,18280,17800,17960,2755,-0.0027762354247640175
2024-05-21,17960,18260,17800,17870,862,-0.0050111358574610465
2024-05-22,18100,18100,17700,17960,1210,0.005036373810856087
2024-05-23,18200,18240,17800,17980,1392,0.00111358574610243
2024-05-24,18230,18240,17900,18090,1242,0.006117908787541815
2024-05-27,18090,18210,17860,18110,2873,0.001105583195135429
2024-05-28,18180,18180,18050,18070,921,-0.002208724461623457
2024-05-29,18150,18150,17790,17910,2339,-0.008854454897620379
2024-05-30,18100,18100,17690,17700,2126,-0.011725293132328285
2024-05-31,17980,18000,17720,17890,1094,0.010734463276836248
2024-06-03,18000,18000,17650,17870,3933,-0.0011179429849077493
2024-06-04,17990,18470,17700,18250,7856,0.021264689423615035
2024-06-05,18380,18870,17950,18370,2988,0.006575342465753531
2024-06-07,18400,18470,18020,18340,734,-0.0016330974414806576
2024-06-10,18000,18330,17980,17990,1015,-0.01908396946564883
2024-06-11,18330,18330,17820,17830,2056,-0.008893829905503026
2024-06-12,18100,18190,17660,17660,7501,-0.009534492428491359
2024-06-13,18320,22950,18320,22950,1405488,0.29954699886749725
2024-06-14,21050,22450,19410,19810,691428,-0.13681917211328976
2024-06-17,19410,19990,18600,18800,136942,-0.05098435133770818
2024-06-18,19010,20150,18470,18760,101321,-0.0021276595744680327
2024-06-19,18610,18900,18500,18740,43181,-0.0010660980810234255
2024-06-20,19150,21600,18240,19280,583377,0.028815368196371427
2024-06-21,19010,19040,18260,18260,100917,-0.05290456431535273
2024-06-24,18240,18450,17810,17870,57299,-0.021358159912376773
2024-06-25,17900,18150,17760,18020,30863,0.008393956351427034
2024-06-26,18000,18090,17750,17750,24554,-0.014983351831298508
2024-06-27,17790,18110,17550,17580,37798,-0.009577464788732448
2024-06-28,17800,17800,17470,17470,19154,-0.006257110352673512
2024-07-01,17480,17770,17400,17480,11510,0.0005724098454493731
2024-07-02,17480,17610,17100,17300,29794,-0.010297482837528626
2024-07-03,17400,17400,17030,17250,24590,-0.0028901734104046506
2024-07-04,17250,17350,17060,17180,7355,-0.004057971014492789
2024-07-05,17200,17400,17130,17200,5705,0.0011641443538998875
2024-07-08,17210,17560,17200,17280,5139,0.0046511627906977715
2024-07-09,17400,17500,17150,17300,11210,0.0011574074074074403
2024-07-10,17300,17370,17150,17270,4100,-0.001734104046242746
2024-07-11,17300,17750,17080,17440,13447,0.009843659525188286
2024-07-12,17570,17900,17410,17850,15161,0.023509174311926673
2024-07-15,17850,18200,17840,18150,11576,0.01680672268907557
2024-07-16,18180,18180,17710,17980,6992,-0.009366391184573053
2024-07-17,17980,18200,17790,17970,40297,-0.0005561735261401246
2024-07-18,17970,18190,17710,17880,10859,-0.005008347245408995
2024-07-19,17880,17880,17320,17510,12949,-0.02069351230425054
2024-07-22,17590,17590,16850,16990,21089,-0.029697315819531722
2024-07-23,17100,17190,17020,17040,3648,0.00294290759270166
2024-07-24,17130,17130,16770,16790,10595,-0.01467136150234738
2024-07-25,16790,16830,16490,16580,8228,-0.012507444907683185
2024-07-26,16580,17500,16510,17440,22763,0.05186972255729794
2024-07-29,18050,18050,17350,17530,5000,0.0051605504587155515
2024-07-30,17530,17750,17400,17640,4939,0.0062749572162008604
2024-07-31,17640,17930,17510,17690,5228,0.0028344671201814275
2024-08-01,17980,17980,17480,17740,5105,0.002826455624646673
2024-08-02,17700,17700,16830,16870,9808,-0.04904171364148813
2024-08-05,16850,16850,15230,15650,23611,-0.07231772377000589
2024-08-06,15720,16150,15400,15660,13936,0.0006389776357826893
2024-08-07,15650,15740,15310,15360,18674,-0.019157088122605415
2024-08-08,15410,15790,15100,15750,16107,0.025390625
2024-08-09,15610,16070,15610,15990,6350,0.015238095238095273
2024-08-12,16060,16250,15990,16250,3750,0.016260162601626105
2024-08-13,16300,16300,15700,16040,2675,-0.012923076923076926
2024-08-14,16350,16350,15950,16100,2803,0.0037406483790523026
2024-08-16,16200,16300,15900,15930,5043,-0.01055900621118011
2024-08-19,15930,16040,15880,15960,2677,0.0018832391713747842
2024-08-20,16240,16540,15950,16410,8707,0.02819548872180455
2024-08-21,16410,17000,16410,16850,7072,0.026812918951858666
2024-08-22,16950,16970,16510,16660,4890,-0.011275964391691429
2024-08-23,16980,16980,16500,16630,1340,-0.0018007202881152873
2024-08-26,16630,17030,16630,16850,3958,0.013229104028863459
2024-08-27,17000,17010,16610,16850,2519,0.0
2024-08-28,16600,17060,16590,16710,1481,-0.008308605341246333
2024-08-29,16890,16900,16510,16710,2142,0.0
2024-08-30,16900,16900,16560,16840,5109,0.007779772591262724
2024-09-02,16840,16940,16730,16790,2412,-0.002969121140142472
2024-09-03,17070,17070,16750,16800,1589,0.0005955926146514745
2024-09-04,16800,16800,16280,16450,3293,-0.02083333333333337
2024-09-05,16480,16640,15750,15870,10466,-0.03525835866261395
2024-09-06,15700,16020,15600,15610,5613,-0.016383112791430343
2024-09-09,15490,15840,15420,15700,1780,0.005765534913517056
2024-09-10,16010,16010,15420,15550,2899,-0.009554140127388533
2024-09-11,15750,15850,15250,15280,7736,-0.017363344051446905
2024-09-12,15580,15580,15210,15390,11465,0.007198952879581055
2024-09-13,15300,15580,15300,15570,8278,0.011695906432748648
2024-09-19,15700,15700,15460,15570,2190,0.0
2024-09-20,15860,15860,15540,15590,1460,0.0012845215157353262
2024-09-23,15780,15780,15350,15560,4237,-0.0019243104554201862
2024-09-24,15300,15860,15300,15620,8023,0.003856041131105492
2024-09-25,15620,15850,15590,15620,2733,0.0
2024-09-26,15890,15890,15590,15650,2614,0.001920614596671033
2024-09-27,15650,15890,15650,15890,2063,0.015335463258785875
2024-09-30,15890,15890,15650,15650,1682,-0.015103838892385202
2024-10-02,15840,15840,15490,15810,3019,0.010223642172523917
2024-10-04,15880,15880,15660,15820,3096,0.0006325110689437974
2024-10-07,15820,15950,15750,15900,3764,0.005056890012642201
2024-10-08,15880,16090,15730,15910,6351,0.0006289308176101738
2024-10-10,15920,16180,15800,16120,4905,0.013199245757385292
2024-10-11,16120,16440,16120,16210,4475,0.005583126550868567
2024-10-14,16210,16480,15800,16120,2954,-0.005552128315854388
2024-10-15,15880,16300,15820,15860,5873,-0.016129032258064502
2024-10-16,15890,15970,15800,15810,2548,-0.0031525851197982124
2024-10-17,15920,16600,15870,16310,7712,0.03162555344718543
2024-10-18,16310,16310,15960,16100,4196,-0.012875536480686733
2024-10-21,16100,16590,16010,16130,5641,0.0018633540372670065
2024-10-22,16430,16430,15890,16000,2971,-0.008059516429014257
2024-10-23,16450,16450,15600,15770,4484,-0.014375000000000027
2024-10-24,15760,15760,15400,15600,8130,-0.010779961953075512
2024-10-25,15450,15670,15400,15470,10036,-0.008333333333333304
2024-10-28,15470,15870,15470,15800,2587,0.02133160956690361
2024-10-29,15820,15890,15710,15800,3473,0.0
2024-10-30,15890,15890,15600,15790,1012,-0.0006329113924050667
2024-10-31,15860,15860,15540,15830,1358,0.002533248891703588
2024-11-01,15800,16160,15500,15810,1561,-0.0012634238787112562
2024-11-04,15820,16170,15600,15640,1865,-0.010752688172043001
2024-11-05,15850,15930,15570,15700,3162,0.0038363171355497716
2024-11-06,15800,15870,15620,15740,4966,0.002547770700636942
2024-11-07,15650,15890,15620,15760,5067,0.0012706480304955914
2024-11-08,15890,15900,15800,15900,6561,0.008883248730964466
2024-11-11,15900,15980,15200,15640,6048,-0.01635220125786163
2024-11-12,15740,15740,15430,15620,6966,-0.0012787723785165905
2024-11-13,15520,15890,15110,15130,8843,-0.03137003841229191
2024-11-14,15730,15730,15070,15600,9493,0.03106411103767348
2024-11-15,15210,15740,15180,15500,4297,-0.0064102564102563875
2024-11-18,15220,15690,15220,15690,9128,0.012258064516128986
2024-11-19,15750,15750,15610,15630,677,-0.003824091778202643
2024-11-20,15630,15660,15370,15480,1700,-0.009596928982725572
2024-11-21,15510,15700,15410,15640,1221,0.010335917312661591
2024-11-22,15640,15750,15500,15590,3457,-0.0031969309462915874
2024-11-25,15750,15950,15500,15920,7547,0.021167415009621493
2024-11-26,15950,16000,15860,15950,2458,0.0018844221105527303
2024-11-27,15600,16300,15600,16160,4778,0.013166144200627006
2024-11-28,16350,16510,16000,16490,4342,0.020420792079207883
2024-11-29,16060,16700,16060,16630,3566,0.008489993935718587
2024-12-02,16510,16650,16360,16360,2866,-0.01623571858087791
2024-12-03,15940,16680,15940,16450,6448,0.005501222493887514
2024-12-04,16230,16700,15750,16200,5561,-0.015197568389057725
2024-12-05,16100,16100,15920,16000,3060,-0.012345679012345734
2024-12-06,15820,16030,15500,15980,5531,-0.0012499999999999734
2024-12-09,15980,15980,15390,15520,6351,-0.028785982478097605
2024-12-10,15900,16290,15530,16230,4707,0.04574742268041243
2024-12-11,16220,16290,15730,16290,5916,0.003696857670979714
2024-12-12,16290,16450,16200,16200,1934,-0.0055248618784530246
2024-12-13,16490,16490,16240,16370,2618,0.01049382716049374
2024-12-16,16370,16380,16190,16200,4332,-0.010384850335980467
2024-12-17,16200,16200,16140,16140,1264,-0.0037037037037036535
2024-12-18,16140,16400,16120,16290,1457,0.009293680297397744
2024-12-19,16290,16390,16250,16320,1155,0.0018416206261511192
2024-12-20,16090,16300,16000,16000,2788,-0.019607843137254943
2024-12-23,16000,16310,16000,16250,1203,0.015625
2024-12-24,16390,16500,16220,16340,750,0.005538461538461492
2024-12-26,16340,16450,16040,16120,2533,-0.01346389228886169
2024-12-27,16120,16120,15800,15890,1691,-0.014267990074441683
2024-12-30,15510,16120,14910,15950,4107,0.0037759597230961894
2025-01-02,16160,16160,15610,15620,2736,-0.020689655172413834
2025-01-03,15750,16000,15750,16000,1467,0.02432778489116516
2025-01-06,15750,16100,15750,16090,1759,0.005624999999999991
2025-01-07,16190,16190,15850,16100,1455,0.0006215040397763438
2025-01-08,15830,16160,15830,15900,3077,-0.012422360248447228
2025-01-09,16090,16090,15860,15890,1513,-0.0006289308176100628
2025-01-10,16080,16080,15820,15990,668,0.006293266205160464
2025-01-13,15990,15990,15770,15800,758,-0.011882426516572897
2025-01-14,15800,15800,15720,15720,1502,-0.005063291139240533
2025-01-15,15720,15820,15500,15550,1426,-0.010814249363867656
2025-01-16,15690,15760,15690,15700,3194,0.009646302250803762
2025-01-17,15700,15900,15700,15710,1213,0.0006369426751593465
2025-01-20,15700,15710,15600,15600,1434,-0.00700190961171232
2025-01-21,15510,15880,15470,15480,1610,-0.007692307692307665
2025-01-22,15480,15890,15480,15680,1623,0.012919896640826822
2025-01-23,15890,15900,15600,15670,2201,-0.0006377551020407823
2025-01-24,15540,15790,15540,15540,1356,-0.00829610721123164
2025-01-31,15500,15600,15220,15300,4666,-0.015444015444015413
2025-02-03,15500,15500,15000,15030,2826,-0.01764705882352946
2025-02-04,15040,15290,14900,15010,5008,-0.0013306719893546592
2025-02-05,15200,15200,15000,15010,756,0.0
2025-02-06,15010,16050,14950,16040,10072,0.06862091938707526
2025-02-07,15650,16250,15650,16250,21424,0.013092269326683281
2025-02-10,16400,16400,15740,16280,2653,0.0018461538461538307
2025-02-11,16280,16290,16020,16170,1837,-0.006756756756756799
2025-02-12,16160,16200,16070,16110,1614,-0.0037105751391465214
2025-02-13,16300,16300,16030,16110,5395,0.0
2025-02-14,16300,16300,16110,16220,1668,0.006828057107386654
2025-02-17,16270,16320,16040,16200,4143,-0.0012330456226880004
2025-02-18,16300,16550,16170,16440,6898,0.014814814814814836
2025-02-19,16400,16550,16360,16500,4405,0.0036496350364962904
2025-02-20,16510,16590,16420,16500,2628,0.0
2025-02-21,16490,16630,16490,16620,2362,0.0072727272727273196
2025-02-24,16650,16650,16540,16600,4780,-0.001203369434416346
2025-02-25,16600,16850,16590,16750,9272,0.009036144578313143
2025-02-26,16750,17070,16750,16960,10673,0.012537313432835928
2025-02-27,16990,17100,16790,16950,1041,-0.000589622641509413
2025-02-28,16800,16930,16460,16470,17675,-0.02831858407079646
2025-03-04,16580,16580,16110,16320,5035,-0.00910746812386154
2025-03-05,16350,16980,16350,16800,4001,0.02941176470588225
2025-03-06,16800,17110,16710,16730,6802,-0.004166666666666652
2025-03-07,16740,17500,16300,17300,8945,0.034070531978481755
2025-03-10,17340,17550,17190,17470,5099,0.009826589595375745
2025-03-11,17000,17400,17000,17200,3138,-0.015455065827132186
2025-03-12,16930,17850,16930,17530,9202,0.019186046511627808
2025-03-13,17570,17820,17570,17800,5992,0.01540216771249292
2025-03-14,17800,17800,17570,17760,2242,-0.0022471910112359383
2025-03-17,17750,17800,17650,17700,1375,-0.0033783783783783994
2025-03-18,17700,17740,17550,17680,2328,-0.001129943502824804
2025-03-19,17650,17810,17400,17600,1295,-0.004524886877828038
2025-03-20,17360,17850,17100,17440,13970,-0.009090909090909038
2025-03-21,17500,17620,17250,17380,1186,-0.0034403669724770714
2025-03-24,17400,17530,17170,17350,4294,-0.0017261219792865656
2025-03-25,17400,17570,17000,17040,1846,-0.01786743515850142
2025-03-26,17050,17240,17000,17030,3118,-0.0005868544600938774
2025-03-27,17060,17195,17020,17100,1691,0.004110393423370606
2025-03-28,17300,17300,17100,17200,1500,0.005847953216374213
2025-03-31,17220,17220,16780,16780,5730,-0.024418604651162745
2025-04-01,16830,17900,16750,17040,4617,0.015494636471990564
2025-04-02,17110,17170,17000,17030,3262,-0.0005868544600938774
2025-04-03,17060,17300,16680,16790,1255,-0.014092777451556127
2025-04-04,16830,16830,16600,16620,1168,-0.010125074449076843
2025-04-07,16600,16600,15650,15720,13244,-0.054151624548736454
2025-04-08,16250,16300,15810,15810,3916,0.005725190839694694
2025-04-09,15610,15950,15610,15630,1391,-0.011385199240986688
2025-04-10,16400,16400,15650,16050,6374,0.026871401151631558
2025-04-11,16200,16470,16020,16440,4840,0.024299065420560817
2025-04-14,16470,16690,16470,16670,1118,0.013990267639902632
2025-04-15,16680,16900,16680,16820,766,0.008998200359928044
2025-04-16,16610,16930,16610,16760,1308,-0.003567181926278251
2025-04-17,16790,16790,16540,16650,1158,-0.0065632458233890745
2025-04-18,16570,17140,16570,17140,2385,0.0294294294294295
2025-04-21,17140,17350,16990,17100,2231,-0.002333722287047868
2025-04-22,17100,17390,16800,17170,1014,0.004093567251461927
2025-04-23,17180,17280,17100,17210,1488,0.002329644729178737
2025-04-24,17210,17330,17100,17240,1258,0.0017431725740848503
2025-04-25,17400,17490,17260,17400,547,0.009280742459396807
2025-04-28,17410,17620,17410,17610,1399,0.012068965517241459
2025-04-29,17610,17650,17470,17550,3016,-0.0034071550255536653
2025-04-30,17550,17760,17520,17670,3396,0.006837606837606813
2025-05-02,17600,17790,17550,17730,3609,0.00339558573853993
2025-05-07,17730,18160,17730,18100,11289,0.020868584320360872
2025-05-08,18170,18170,18000,18090,5506,-0.0005524861878453136
2025-05-09,18090,18170,18000,18020,2622,-0.003869541182974001
2025-05-12,18020,18690,18020,18680,9536,0.03662597114317423
2025-05-13,18750,19000,18630,18950,12802,0.014453961456102782
2025-05-14,18950,19050,18670,19020,5102,0.003693931398416783
2025-05-15,19090,19090,18520,18980,3580,-0.002103049421661396
2025-05-16,18750,19400,18740,19400,21073,0.02212855637513167
2025-05-19,19400,19460,18900,19230,7529,-0.008762886597938113
2025-05-20,19250,19470,19060,19350,3050,0.006240249609984483
2025-05-21,19360,19640,19350,19600,10654,0.012919896640826822
2025-05-22,19020,19530,19020,19100,2357,-0.025510204081632626
2025-05-23,19200,20300,19200,20150,32580,0.054973821989528826
2025-05-26,20550,20600,19850,19990,16778,-0.007940446650124056
2025-05-27,19990,20250,19970,20000,2682,0.0005002501250626068
2025-05-28,20450,20450,19900,19900,10966,-0.0050000000000000044
2025-05-29,20000,20500,20000,20500,17476,0.03015075376884413
2025-05-30,20450,20600,20100,20150,6945,-0.017073170731707332
2025-06-02,20300,21250,20100,20600,12339,0.022332506203474045
2025-06-04,20650,21150,19610,21000,12269,0.01941747572815533
2025-06-05,21600,21600,19770,20850,17232,-0.0071428571428571175
2025-06-09,21550,21600,20950,21200,13795,0.01678657074340517
2025-06-10,21500,22150,20500,21500,18238,0.014150943396226356
2025-06-11,21250,22250,21100,21900,9216,0.018604651162790642
2025-06-12,22050,22950,22050,22500,19317,0.027397260273972712
2025-06-13,22900,22900,21500,21550,11519,-0.04222222222222227
2025-06-16,21550,24250,21550,23450,62295,0.08816705336426911
2025-06-17,23950,24650,23250,23750,22488,0.01279317697228155
2025-06-18,24050,24100,23300,23400,11785,-0.01473684210526316
2025-06-19,23400,23600,21750,22550,27146,-0.03632478632478631
2025-06-20,22350,22500,21500,22000,10864,-0.024390243902439046
2025-06-23,22100,22500,21850,22450,12710,0.020454545454545503
2025-06-24,24400,24400,22850,23300,9560,0.03786191536748329
2025-06-25,24550,25850,23950,25300,50849,0.0858369098712446
2025-06-26,25800,26200,24250,25700,28845,0.015810276679841806
2025-06-27,25700,25800,23650,24000,12706,-0.06614785992217898
2025-06-30,24000,24350,23100,23250,7318,-0.03125
2025-07-01,24000,25050,23500,23600,18898,0.01505376344086029
2025-07-02,24100,24100,23100,23350,8851,-0.010593220338983023
2025-07-03,23450,23600,23000,23300,8706,-0.0021413276231263545
2025-07-04,23300,23350,22500,22500,13030,-0.03433476394849788
2025-07-07,22600,22650,21750,22200,10164,-0.013333333333333308
2025-07-08,22400,22900,22050,22500,4346,0.013513513513513598
2025-07-09,22600,22800,22300,22500,14102,0.0
2025-07-10,23150,23150,22450,22800,6113,0.01333333333333342
2025-07-11,22900,24200,22550,23650,26675,0.037280701754385914
2025-07-14,24200,25300,24000,24800,57029,0.04862579281183943
2025-07-15,25100,25350,24150,24850,28188,0.002016129032258007
2025-07-16,26350,27300,25500,25700,72582,0.03420523138832987
2025-07-17,25800,26400,24450,25200,24030,-0.01945525291828798
2025-07-18,25300,25500,24050,25000,15903,-0.007936507936507908
2025-07-21,24900,25400,24400,25250,11542,0.010000000000000009
2025-07-22,25300,25450,23900,24650,19529,-0.023762376237623783
2025-07-23,24800,24900,24100,24900,17987,0.010141987829614507
2025-07-24,24950,25550,24300,25100,19025,0.008032128514056325
2025-07-25,25150,25200,24250,24700,17673,-0.015936254980079667
2025-07-28,24700,24700,23600,23650,11610,-0.04251012145748989
2025-07-29,23650,23700,23000,23450,12184,-0.008456659619450302
2025-07-30,23950,23950,23100,23300,8510,-0.006396588486140775
2025-07-31,23100,23900,22750,23250,11928,-0.0021459227467811592
2025-08-01,23950,23950,21700,22050,14387,-0.05161290322580647
2025-08-04,21650,22600,21650,22250,14508,0.009070294784580435
2025-08-05,22350,22875,22250,22650,10258,0.01797752808988773
2025-08-06,22600,23300,22400,23250,6912,0.026490066225165476
2025-08-07,23600,23600,22800,22900,5733,-0.01505376344086018
2025-08-08,22900,22900,22350,22450,7289,-0.01965065502183405
2025-08-11,21500,22000,19970,20450,77833,-0.08908685968819596
2025-08-12,20400,21000,20250,20300,9448,-0.007334963325183352
2025-08-13,20900,20900,19640,19950,17711,-0.017241379310344862
2025-08-14,19950,20200,19830,20150,7364,0.010025062656641603
2025-08-18,20000,20050,19600,19830,5379,-0.01588089330024811
2025-08-19,19720,19980,19280,19600,12716,-0.011598587997982857
2025-08-20,19550,19550,18540,19040,17950,-0.02857142857142858
2025-08-21,19430,19430,19080,19370,5405,0.017331932773109182
2025-08-22,19380,19750,19380,19500,3810,0.006711409395973256
2025-08-25,19810,19870,19600,19830,4263,0.01692307692307682
2025-08-26,19820,19820,19420,19490,4861,-0.017145738779626774
2025-08-27,19330,19830,19330,19330,4372,-0.008209338122113885
2025-08-28,19330,19720,19070,19300,6964,-0.0015519917227108104
2025-08-29,19320,19650,19000,19060,5433,-0.012435233160621784
2025-09-01,19450,19450,18870,18960,2997,-0.005246589716684125
2025-09-02,19010,19080,18860,18970,3606,0.0005274261603376296
2025-09-03,19240,19240,18780,18900,5186,-0.0036900369003689537
2025-09-04,19360,19360,18860,18900,5442,0.0
2025-09-05,19020,19170,18750,18960,10341,0.0031746031746031633
2025-09-08,19240,19530,18970,19500,6766,0.028481012658227778
2025-09-09,19510,19710,19480,19570,4334,0.0035897435897436214
2025-09-10,19580,19810,19560,19790,4285,0.011241696474195262
2025-09-11,19790,19890,19720,19830,3162,0.002021222839817982
2025-09-12,19830,20200,19830,20050,11006,0.011094301563288056
2025-09-15,20050,20450,20000,20350,8458,0.014962593516209433
2025-09-16,20450,20500,19990,20300,8980,-0.002457002457002422
2025-09-17,20300,20300,19550,20000,4973,-0.014778325123152691
2025-09-18,19850,19950,19760,19910,3453,-0.0044999999999999485
2025-09-19,19910,20050,19770,19790,3127,-0.006027122049221512
2025-09-22,19540,19800,19540,19700,5113,-0.004547751389590737
2025-09-23,19680,19680,19360,19370,6880,-0.016751269035533034
2025-09-24,19410,19440,19050,19100,7812,-0.013939081053174984
2025-09-25,19300,19450,18890,18940,9635,-0.008376963350785305
2025-09-26,18960,19310,18560,18610,6033,-0.01742344244984162
2025-09-29,18500,18850,18500,18810,2662,0.010746910263299325
2025-09-30,18820,18930,18650,18820,8936,0.0005316321105794941
2025-10-01,18850,19230,18700,19150,4451,0.017534537725823585
2025-10-02,19150,19250,18520,19180,9588,0.0015665796344648264
2025-10-10,20200,20200,19000,19190,8820,0.0005213764337852478
2025-10-13,19100,19100,18630,18700,11295,-0.025534132360604533
2025-10-14,18990,18990,18650,18850,3918,0.008021390374331583
2025-10-15,18720,19680,18720,19400,8132,0.02917771883289122
2025-10-16,19500,19780,19170,19200,4439,-0.010309278350515427
2025-10-17,19200,19530,19060,19090,5671,-0.005729166666666674
2025-10-20,19090,19410,19020,19050,3923,-0.002095337873232017
2025-10-21,19050,19430,19050,19150,4209,0.005249343832020914
2025-10-22,19150,19300,19000,19290,7069,0.0073107049608354124
2025-10-23,19290,19290,19090,19140,3840,-0.007776049766718529
2025-10-24,19140,19730,19000,19680,6236,0.028213166144200663
2025-10-27,20400,21050,19980,20900,54748,0.061991869918699205
2025-10-28,20900,21600,20900,21200,21456,0.014354066985645897
2025-10-29,21800,21900,21200,21900,23904,0.03301886792452824
2025-10-30,21900,22700,21700,21800,45570,-0.004566210045662156
2025-10-31,21800,22000,21150,21300,14181,-0.022935779816513735
2025-11-03,21100,21300,20500,21000,13280,-0.014084507042253502
2025-11-04,21000,21500,20800,21150,7608,0.0071428571428571175
2025-11-05,21550,22400,20450,21000,55540,-0.007092198581560294
2025-11-06,21000,21650,20300,21050,36135,0.0023809523809523725
2025-11-07,22000,22550,20900,21650,48657,0.028503562945368266
2025-11-10,22200,23100,21950,23100,36757,0.06697459584295617
2025-11-11,23900,23950,23150,23450,26945,0.015151515151515138
2025-11-12,23450,23700,22950,23100,18694,-0.014925373134328401
2025-11-13,23200,23650,23050,23450,17251,0.015151515151515138
2025-11-14,23450,23450,22600,22600,21916,-0.03624733475479747
2025-11-17,23000,23100,21950,22600,8680,0.0
2025-11-18,21900,22850,21650,21900,12410,-0.030973451327433676
2025-11-19,21900,22200,21500,21500,7809,-0.0182648401826484
2025-11-20,22550,22600,21850,22100,8968,0.027906976744185963
2025-11-21,21450,22200,21200,21700,8217,-0.018099547511312264
2025-11-24,22350,22350,21550,21650,7719,-0.0023041474654378336
2025-11-25,21650,22300,21650,21700,9798,0.002309468822170979
2025-11-26,21700,22400,21600,22200,7009,0.02304147465437789
2025-11-27,22250,22400,21500,22400,7602,0.009009009009008917
2025-11-28,22500,22500,22300,22350,4083,-0.0022321428571429047
2025-12-01,22350,22700,21050,21900,7988,-0.020134228187919434
2025-12-02,22000,22100,21550,22000,8298,0.004566210045662045
2025-12-03,21900,22600,21900,22500,5595,0.022727272727272707
2025-12-04,22500,22600,22200,22350,6033,-0.00666666666666671
2025-12-05,22500,23150,22100,22950,14007,0.02684563758389258
2025-12-08,23200,23250,22450,22600,10597,-0.015250544662309351
2025-12-09,22600,23000,22250,22700,9122,0.004424778761061843
2025-12-10,22700,23400,22700,22950,11861,0.011013215859030812
2025-12-11,22600,23350,22550,23000,7699,0.002178649237472685
2025-12-12,23500,23850,23200,23800,12634,0.034782608695652195
2025-12-15,23800,23900,23000,23300,15708,-0.021008403361344574
2025-12-16,23150,23150,22400,22700,10142,-0.025751072961373356
2025-12-17,22700,23200,22600,23050,6865,0.01541850220264318
2025-12-18,23450,23450,22500,23000,6735,-0.002169197396963085
2025-12-19,23000,23100,22750,22950,3669,-0.0021739130434782483
2025-12-22,22950,23350,22850,23050,6095,0.004357298474945592
2025-12-23,23050,23050,22600,22700,5300,-0.015184381778741818
2025-12-24,23000,23000,22500,22550,4196,-0.0066079295154185536
2025-12-26,22450,22800,21900,22000,9761,-0.024390243902439046
2025-12-29,22600,22600,21000,21700,8523,-0.013636363636363669
2025-12-30,21600,22300,21500,21700,5049,0.0
2026-01-02,21700,21850,20700,21000,8274,-0.032258064516129004
2026-01-05,21000,21550,20800,21200,7851,0.00952380952380949
2026-01-06,21800,21800,20650,20850,5840,-0.01650943396226412
2026-01-07,20850,21150,20350,20800,8674,-0.0023980815347721673
2026-01-08,20800,21000,20400,21000,5920,0.009615384615384581
2026-01-09,21000,21200,20500,21200,9581,0.00952380952380949
2026-01-12,21200,22150,21000,21750,14069,0.02594339622641506
2026-01-13,21750,21800,21000,21800,4920,0.0022988505747125743
2026-01-14,21450,22000,21300,21650,9028,-0.006880733944954143
2026-01-15,21650,21750,21400,21650,3713,0.0
2026-01-16,21550,22200,21300,21900,13641,0.011547344110854452
2026-01-19,22500,22850,22000,22100,17607,0.009132420091324311
2026-01-20,22100,22600,21650,22100,14400,0.0
2026-01-21,21950,22100,21300,22100,12770,0.0
2026-01-22,22150,22200,21900,22150,15171,0.002262443438914019
2026-01-23,22200,23350,22200,22800,17373,0.02934537246049662
2026-01-26,23100,23450,22300,22400,13813,-0.01754385964912286
2026-01-27,23300,23300,22450,22550,10630,0.006696428571428603
2026-01-28,23350,23350,22650,22900,14067,0.015521064301552201
2026-01-29,22900,22950,22200,22750,13606,-0.0065502183406113135
2026-01-30,22750,22750,22000,22400,13519,-0.01538461538461533
2026-02-02,22400,23000,21900,22250,18824,-0.006696428571428603
2026-02-03,23000,23150,22100,23050,13766,0.035955056179775235
2026-02-04,23150,23450,22700,23100,10883,0.002169197396963085
2026-02-05,23100,23500,23000,23300,30436,0.008658008658008587
2026-02-06,22800,23300,22300,22800,12049,-0.02145922746781115
2026-02-09,23000,25300,22950,24200,22780,0.06140350877192979
2026-02-10,24600,24900,24200,24550,8630,0.01446280991735538
