Date,Open,High,Low,Close,Volume,Change
2022-01-03,47850,48150,47600,47650,8021,-0.011410788381742698
2022-01-04,47650,48050,47600,47800,7236,0.0031479538300105414
2022-01-05,47800,47850,47450,47750,8176,-0.0010460251046024993
2022-01-06,47450,48200,47400,47600,8308,-0.003141361256544517
2022-01-07,47850,48050,47550,48000,5917,0.008403361344537785
2022-01-10,48000,48200,47500,47900,5501,-0.002083333333333326
2022-01-11,47750,47950,47050,47650,9550,-0.005219206680584509
2022-01-12,47550,48150,47550,47850,4660,0.0041972717733473885
2022-01-13,47850,48250,47600,47900,4455,0.0010449320794148065
2022-01-14,47900,48150,47300,47500,9623,-0.008350730688935326
2022-01-17,47500,47650,47000,47000,5863,-0.010526315789473717
2022-01-18,47600,47700,46850,47050,7437,0.0010638297872340718
2022-01-19,47400,47400,46500,46500,8124,-0.011689691817215686
2022-01-20,46350,47000,46050,47000,4597,0.010752688172043001
2022-01-21,46500,47250,46000,46800,7880,-0.004255319148936176
2022-01-24,46750,46800,45350,45600,5925,-0.02564102564102566
2022-01-25,45200,46450,44350,44550,13691,-0.023026315789473673
2022-01-26,44300,45500,44300,45500,3839,0.021324354657688005
2022-01-27,45500,45500,43350,44000,18146,-0.03296703296703296
2022-01-28,44050,45050,43850,45050,8465,0.02386363636363642
2022-02-03,45200,46600,45200,46500,6226,0.03218645948945609
2022-02-04,46100,47450,46100,46950,4753,0.00967741935483879
2022-02-07,47100,47450,46900,47300,4128,0.007454739084131967
2022-02-08,47300,47900,47150,47300,3815,0.0
2022-02-09,47600,48100,47150,47850,8722,0.011627906976744207
2022-02-10,47850,48500,47850,48050,1997,0.004179728317659448
2022-02-11,48450,48450,47600,47600,2163,-0.009365244536940653
2022-02-14,47400,48500,45800,47550,11723,-0.0010504201680672232
2022-02-15,47550,47600,46200,47250,7003,-0.006309148264984188
2022-02-16,47800,47800,46550,47450,3891,0.004232804232804144
2022-02-17,47400,47600,46500,46800,5685,-0.013698630136986356
2022-02-18,46600,46800,46000,46200,5052,-0.012820512820512775
2022-02-21,46250,46450,45600,46300,4597,0.0021645021645022577
2022-02-22,46000,46300,45850,46000,3327,-0.006479481641468721
2022-02-23,46300,46950,45650,46700,5524,0.01521739130434785
2022-02-24,46650,50500,46650,48800,117459,0.044967880085653
2022-02-25,48750,48800,46350,46950,47019,-0.03790983606557374
2022-02-28,47050,47350,46500,46700,10351,-0.005324813631522929
2022-03-02,47250,47950,46800,47100,19779,0.008565310492505418
2022-03-03,47300,48300,47300,47900,16219,0.01698513800424628
2022-03-04,47900,48150,47100,48050,13061,0.0031315240083507057
2022-03-07,48050,48700,47200,47550,10504,-0.010405827263267442
2022-03-08,47550,47550,46150,46450,10992,-0.023133543638275467
2022-03-10,46250,46700,46000,46600,5969,0.0032292787944026013
2022-03-11,46750,46750,45500,45850,12482,-0.016094420600858417
2022-03-14,45500,45850,45100,45300,10045,-0.01199563794983638
2022-03-15,45250,45250,44750,45100,6451,-0.004415011037527616
2022-03-16,45500,45850,45100,45750,3647,0.014412416851441234
2022-03-17,46250,46250,45550,45650,5129,-0.002185792349726823
2022-03-18,46200,47000,45550,47000,10970,0.02957283680175249
2022-03-21,47400,47400,46500,46850,3532,-0.0031914893617021045
2022-03-22,46950,47300,46500,46900,7595,0.0010672358591248265
2022-03-23,47450,47450,46750,47300,7580,0.008528784648187626
2022-03-24,47600,47600,46700,46850,8484,-0.009513742071881603
2022-03-25,47050,47050,45900,46000,8148,-0.018143009605122717
2022-03-28,46100,46550,45800,46300,6097,0.006521739130434856
2022-03-29,46550,46700,46350,46700,1970,0.008639308855291628
2022-03-30,46850,46850,46400,46850,7045,0.0032119914346895317
2022-03-31,47050,48000,46950,47350,6802,0.01067235859124871
2022-04-01,47500,47750,46800,47100,4719,-0.0052798310454065245
2022-04-04,47600,47600,47100,47350,3165,0.005307855626327074
2022-04-05,47800,47800,47050,47250,3834,-0.002111932418162654
2022-04-06,47700,47700,46850,47400,3856,0.0031746031746031633
2022-04-07,46950,47250,46650,47100,3087,-0.006329113924050667
2022-04-08,47500,47500,46550,47100,5437,0.0
2022-04-11,47100,47550,46550,46750,4374,-0.007430997876857748
2022-04-12,46750,47000,46600,46700,7002,-0.0010695187165775666
2022-04-13,46600,47450,46600,47200,10272,0.010706638115631772
2022-04-14,47200,47450,46950,47250,7707,0.0010593220338983578
2022-04-15,47250,47250,46450,46600,14095,-0.013756613756613745
2022-04-18,46350,46600,46300,46550,6245,-0.0010729613733905241
2022-04-19,46500,47050,46400,46700,3966,0.0032223415682062218
2022-04-20,46650,47000,46650,46950,4168,0.005353319057815886
2022-04-21,47050,47200,46900,47050,8650,0.0021299254526092604
2022-04-22,46950,47600,46500,47600,13318,0.011689691817215797
2022-04-25,47350,47500,46900,46950,7228,-0.013655462184873901
2022-04-26,46950,47150,46600,47000,7567,0.0010649627263046302
2022-04-27,47000,48900,46500,48600,44308,0.03404255319148941
2022-04-28,48850,48950,47900,48150,17459,-0.0092592592592593
2022-04-29,48500,59000,48200,50100,709529,0.04049844236760114
2022-05-02,49950,51500,49650,50400,146731,0.0059880239520957446
2022-05-03,50000,51200,49700,50000,64103,-0.007936507936507908
2022-05-04,51000,51300,49900,50000,63372,0.0
2022-05-06,49850,52100,49800,51600,76539,0.03200000000000003
2022-05-09,51800,52100,49900,50900,69648,-0.013565891472868241
2022-05-10,50500,50500,48300,48800,54742,-0.04125736738703345
2022-05-11,49100,49850,48400,49250,25078,0.009221311475409832
2022-05-12,49500,50500,48800,49200,33399,-0.0010152284263958977
2022-05-13,49200,49950,48850,49450,16928,0.005081300813008172
2022-05-16,49850,50200,49400,49800,14187,0.00707785642062686
2022-05-17,49500,50300,48900,49800,25471,0.0
2022-05-18,49550,51200,49550,50200,31542,0.008032128514056325
2022-05-19,49500,50200,49000,49750,15936,-0.008964143426294813
2022-05-20,49850,50400,49450,50400,13197,0.01306532663316573
2022-05-23,50400,50600,49850,50400,9971,0.0
2022-05-24,50400,50400,48950,49850,16735,-0.010912698412698374
2022-05-25,50000,50000,49250,49650,10799,-0.004012036108325012
2022-05-26,49550,49750,48800,49000,13198,-0.01309164149043307
2022-05-27,49100,49900,48900,49450,11401,0.009183673469387754
2022-05-30,49600,49700,49400,49400,10372,-0.0010111223458038054
2022-05-31,49500,50500,49400,50300,17596,0.018218623481781382
2022-06-02,50500,50800,49850,50400,15316,0.001988071570576455
2022-06-03,50400,50600,49950,50200,10920,-0.003968253968253954
2022-06-07,50400,50600,49850,50200,10311,0.0
2022-06-08,49900,50700,49900,50400,10727,0.003984063745019917
2022-06-09,50600,50700,49850,50300,13159,-0.001984126984126977
2022-06-10,50400,50700,49800,49800,21274,-0.00994035785288272
2022-06-13,49450,49450,48550,48600,24842,-0.02409638554216864
2022-06-14,48450,48500,47500,47950,18780,-0.013374485596707841
2022-06-15,47850,48100,46650,46800,17403,-0.023983315954118845
2022-06-16,46900,47700,46800,47500,6736,0.014957264957264904
2022-06-17,46800,48150,46000,48150,13315,0.013684210526315743
2022-06-20,47550,47950,45700,46150,16500,-0.041536863966770476
2022-06-21,45800,46350,45500,46200,7189,0.0010834236186347823
2022-06-22,46300,46400,44250,44350,27798,-0.04004329004328999
2022-06-23,44400,45050,42850,43250,25745,-0.0248027057497181
2022-06-24,43250,44600,43250,44100,9161,0.01965317919075149
2022-06-27,44100,46500,44100,46400,8348,0.05215419501133778
2022-06-28,46450,46750,46050,46450,2717,0.0010775862068965747
2022-06-29,46450,46800,45600,46450,5047,0.0
2022-06-30,46450,46450,45750,46250,3256,-0.0043057050592034685
2022-07-01,46250,46600,45250,46450,4495,0.00432432432432428
2022-07-04,46500,46500,45650,46400,5377,-0.0010764262648008671
2022-07-05,46400,46400,45850,46300,1611,-0.0021551724137931494
2022-07-06,46300,46300,44650,45350,13972,-0.02051835853131745
2022-07-07,45300,45600,44250,45100,3460,-0.005512679162072764
2022-07-08,45900,45900,44650,44950,10419,-0.003325942350332567
2022-07-11,45050,45600,44000,44550,5340,-0.008898776418242438
2022-07-12,44850,45150,43500,43950,6669,-0.013468013468013518
2022-07-13,43900,44600,43400,44500,9183,0.012514220705347023
2022-07-14,44500,44500,43500,44300,4945,-0.004494382022471877
2022-07-15,44500,44500,42550,43300,12844,-0.02257336343115124
2022-07-18,43900,43950,43300,43900,5994,0.01385681293302543
2022-07-19,44050,44750,43750,44550,16151,0.01480637813211838
2022-07-20,44800,45000,44250,44450,8118,-0.002244668911335568
2022-07-21,44450,44500,44000,44150,11970,-0.006749156355455588
2022-07-22,44450,44450,43750,44150,11193,0.0
2022-07-25,43900,44150,43050,43250,19136,-0.020385050962627438
2022-07-26,43450,43450,42900,43100,10340,-0.003468208092485603
2022-07-27,42850,43700,42850,43700,4441,0.0139211136890951
2022-07-28,44150,44150,43600,43900,3978,0.004576659038901587
2022-07-29,44000,44950,43900,44650,9568,0.017084282460136713
2022-08-01,44650,45500,44600,45100,6069,0.010078387458006821
2022-08-02,45150,45300,44650,44850,2498,-0.005543237250554278
2022-08-03,45250,45250,44400,44500,6796,-0.0078037904124860225
2022-08-04,44750,44750,44000,44050,8044,-0.010112359550561778
2022-08-05,44050,44700,44050,44300,2715,0.00567536889897835
2022-08-08,44350,45250,44350,44800,6692,0.011286681715575675
2022-08-09,44800,45050,44450,44800,7673,0.0
2022-08-10,44800,45150,44700,45100,6160,0.006696428571428603
2022-08-11,45400,45700,45100,45600,6480,0.011086474501108556
2022-08-12,45800,45900,45300,45650,8724,0.0010964912280702066
2022-08-16,45800,45800,45000,45150,10602,-0.010952902519167584
2022-08-17,45200,46550,45200,45800,19175,0.01439645625692143
2022-08-18,46000,46800,45400,46700,12580,0.01965065502183405
2022-08-19,47100,47500,46550,47200,12559,0.010706638115631772
2022-08-22,46800,47200,46300,46800,10026,-0.008474576271186418
2022-08-23,47500,47950,46800,46900,30998,0.002136752136752129
2022-08-24,47000,48100,47000,47650,17345,0.015991471215351716
2022-08-25,48050,48050,47350,47500,10236,-0.0031479538300105414
2022-08-26,47750,47850,47250,47650,8798,0.0031578947368420263
2022-08-29,46150,47650,46050,47300,12424,-0.007345225603357819
2022-08-30,47350,47650,46700,47250,7964,-0.0010570824524313016
2022-08-31,47200,47200,46750,47050,3121,-0.004232804232804255
2022-09-01,46950,46950,46050,46400,5462,-0.01381509032943673
2022-09-02,46350,46400,45650,46150,5542,-0.0053879310344827624
2022-09-05,45900,46100,45700,46100,4976,-0.0010834236186348933
2022-09-06,46100,46600,45850,46200,4750,0.002169197396963085
2022-09-07,46850,46850,45950,46200,6460,0.0
2022-09-08,46450,46450,46100,46200,3474,0.0
2022-09-13,46200,46550,46050,46550,3863,0.007575757575757569
2022-09-14,45750,46250,45500,46100,3560,-0.009667024704618665
2022-09-15,46350,46500,45850,46050,4056,-0.0010845986984815426
2022-09-16,45700,46450,45650,46400,9450,0.007600434310532034
2022-09-19,46400,46400,45400,46000,4368,-0.008620689655172376
2022-09-20,46050,46300,45750,46000,3526,0.0
2022-09-21,46200,46200,45600,45600,3602,-0.008695652173912993
2022-09-22,46000,46800,45400,46750,14223,0.025219298245614086
2022-09-23,46750,46850,45850,46350,4199,-0.00855614973262031
2022-09-26,46100,46100,43800,44100,16936,-0.04854368932038833
2022-09-27,44100,44100,43150,43950,12236,-0.003401360544217691
2022-09-28,43300,43900,42250,43400,11206,-0.012514220705347023
2022-09-29,43050,43600,42850,43200,6388,-0.004608294930875556
2022-09-30,43200,43200,42350,42350,7527,-0.01967592592592593
2022-10-04,42600,44350,42400,44100,13787,0.04132231404958686
2022-10-05,44250,45050,44100,44300,9792,0.0045351473922903285
2022-10-06,44700,44950,43850,43850,5412,-0.010158013544018019
2022-10-07,44100,44200,43450,43800,7902,-0.0011402508551880963
2022-10-11,43750,43750,42550,42600,8415,-0.0273972602739726
2022-10-12,42600,42900,42300,42800,6493,0.0046948356807512415
2022-10-13,42800,43300,41600,42150,5938,-0.015186915887850483
2022-10-14,43000,43000,42200,42350,8655,0.004744958481613271
2022-10-17,42350,42350,41600,42350,4452,0.0
2022-10-18,42500,42900,42200,42750,4737,0.009445100354191327
2022-10-19,42750,43350,42700,43350,7257,0.01403508771929829
2022-10-20,43350,43450,42750,43400,8765,0.0011534025374855261
2022-10-21,43200,43800,43000,43450,3826,0.0011520737327188613
2022-10-24,43500,43650,43000,43400,7904,-0.0011507479861909697
2022-10-25,43400,43400,42800,42850,3749,-0.012672811059907807
2022-10-26,43200,43200,42500,42800,8594,-0.001166861143523934
2022-10-27,43150,43250,42650,43250,6927,0.010514018691588856
2022-10-28,43100,43500,42650,43000,10607,-0.005780346820809301
2022-10-31,43400,43400,42150,42700,17609,-0.006976744186046546
2022-11-01,42700,42950,42550,42700,4557,0.0
2022-11-02,42700,43000,42600,42800,7604,0.0023419203747072626
2022-11-03,42700,43400,42300,43000,8423,0.004672897196261738
2022-11-04,42600,42950,42500,42950,8295,-0.0011627906976744429
2022-11-07,43050,43250,42750,43050,6618,0.002328288707799775
2022-11-08,43150,43600,42900,43100,13299,0.0011614401858304202
2022-11-09,43200,44100,43150,43500,7707,0.009280742459396807
2022-11-10,43400,44000,43200,43950,3794,0.010344827586206806
2022-11-11,44300,44400,43600,43850,12970,-0.0022753128555176305
2022-11-14,43550,44100,43500,43800,4720,-0.0011402508551880963
2022-11-15,44300,44350,43950,44050,10398,0.005707762557077611
2022-11-16,44200,45400,44150,45200,11123,0.026106696935300766
2022-11-17,45450,45450,44500,44800,8351,-0.008849557522123908
2022-11-18,44700,45150,44650,44950,3576,0.0033482142857141906
2022-11-21,44950,45100,44400,45100,4721,0.0033370411568409697
2022-11-22,45000,45300,44650,45100,7050,0.0
2022-11-23,44950,46700,44950,46250,10944,0.02549889135254979
2022-11-24,46600,47050,45800,46950,11144,0.015135135135135203
2022-11-25,47300,49000,46800,48900,27483,0.04153354632587858
2022-11-28,49550,49800,48150,48400,24250,-0.010224948875255602
2022-11-29,48350,50200,48050,49950,22936,0.03202479338842967
2022-11-30,49950,50400,48550,49350,27850,-0.012012012012011963
2022-12-01,49600,50400,48900,49350,17011,0.0
2022-12-02,49350,49350,48500,48650,16232,-0.014184397163120588
2022-12-05,48500,49500,48500,49200,7277,0.01130524152106882
2022-12-06,49200,49600,48000,48500,14331,-0.014227642276422814
2022-12-07,48000,48550,47800,48500,9627,0.0
2022-12-08,48600,48600,47850,47950,9839,-0.01134020618556697
2022-12-09,48000,48300,47200,47300,23393,-0.013555787278414999
2022-12-12,47400,47800,47200,47450,2717,0.003171247357293794
2022-12-13,47500,48350,47100,47150,14070,-0.006322444678609096
2022-12-14,47750,47850,47100,47700,7424,0.01166489925768821
2022-12-15,47850,48200,47450,47800,5701,0.002096436058700135
2022-12-16,47700,48450,47300,48450,16047,0.013598326359832713
2022-12-19,48400,48850,48200,48700,9240,0.005159958720330149
2022-12-20,48500,48850,47650,47800,12085,-0.01848049281314168
2022-12-21,48200,48350,47600,48000,5439,0.004184100418409997
2022-12-22,48250,48300,47850,48150,7721,0.0031250000000000444
2022-12-23,48150,48150,47300,47600,13863,-0.011422637590861928
2022-12-26,47200,47600,47000,47200,14809,-0.008403361344537785
2022-12-27,47150,47400,47000,47200,24963,0.0
2022-12-28,45800,46700,45450,45800,8890,-0.029661016949152574
2022-12-29,45700,45750,45000,45450,7683,-0.007641921397379958
2023-01-02,45200,45500,43950,44350,15563,-0.024202420242024236
2023-01-03,44550,44550,43400,44200,6830,-0.0033821871476887866
2023-01-04,44300,44550,43700,44500,5464,0.006787330316742057
2023-01-05,44350,44550,44150,44500,4890,0.0
2023-01-06,44500,44600,44050,44400,4347,-0.0022471910112359383
2023-01-09,44550,45050,44300,44850,8622,0.010135135135135087
2023-01-10,44950,45900,44850,45150,5884,0.006688963210702337
2023-01-11,45350,45650,45100,45250,2593,0.00221483942414169
2023-01-12,45450,45500,45000,45300,6361,0.0011049723756906271
2023-01-13,45450,45450,44900,45250,5173,-0.001103752759381904
2023-01-16,45200,45350,44700,44700,8443,-0.012154696132596676
2023-01-17,45150,45150,44550,44900,2682,0.004474272930648837
2023-01-18,44900,44900,44500,44650,3211,-0.0055679287305122616
2023-01-19,44650,45050,44400,44850,4348,0.004479283314669624
2023-01-20,44650,45400,44650,45350,2818,0.011148272017837302
2023-01-25,45500,45700,45350,45550,4628,0.004410143329658167
2023-01-26,45700,47050,45450,46850,12116,0.028540065861690556
2023-01-27,47200,48100,46800,47800,9618,0.02027748132337237
2023-01-30,48100,48150,47000,47000,9882,-0.01673640167364021
2023-01-31,46800,48100,46700,47300,6736,0.006382978723404209
2023-02-01,47900,47900,47100,47350,3452,0.0010570824524311906
2023-02-02,47850,48650,47550,48000,14594,0.01372756071805692
2023-02-03,48000,48600,47500,48050,6712,0.0010416666666666075
2023-02-06,48050,48050,47250,47900,4603,-0.003121748178980255
2023-02-07,47500,47900,47300,47700,3637,-0.0041753653444676075
2023-02-08,47850,48900,47800,48300,12984,0.012578616352201255
2023-02-09,48300,48550,48000,48200,5618,-0.0020703933747412417
2023-02-10,49500,49950,48500,49550,32546,0.028008298755186622
2023-02-13,49900,51300,49800,50400,43138,0.017154389505549927
2023-02-14,50900,50900,50100,50400,7417,0.0
2023-02-15,50800,50800,49000,49950,33607,-0.008928571428571397
2023-02-16,49350,49950,49250,49650,13487,-0.006006006006005982
2023-02-17,49600,49600,48000,49500,11443,-0.0030211480362537513
2023-02-20,49300,49600,48800,49350,11052,-0.00303030303030305
2023-02-21,49700,50100,49150,49350,10087,0.0
2023-02-22,49350,49500,48850,49050,9038,-0.006079027355623046
2023-02-23,49400,49550,49000,49550,9046,0.010193679918450549
2023-02-24,49550,49550,49050,49200,9503,-0.007063572149344055
2023-02-27,49450,49650,48350,48850,5792,-0.007113821138211351
2023-02-28,48850,49100,48400,48800,6546,-0.0010235414534288667
2023-03-02,48700,49100,48450,49050,11402,0.0051229508196721785
2023-03-03,49100,49400,48650,49000,10452,-0.0010193679918450993
2023-03-06,49000,49300,48700,48950,7690,-0.0010204081632653184
2023-03-07,49200,49200,48500,48750,7571,-0.0040858018386108474
2023-03-08,48750,48750,48100,48700,12780,-0.0010256410256410664
2023-03-09,48700,49300,48650,49000,15878,0.006160164271047153
2023-03-10,48950,49000,47600,48450,11109,-0.011224489795918391
2023-03-13,47850,48100,46950,48000,23702,-0.009287925696594423
2023-03-14,47850,47850,46100,46300,15105,-0.03541666666666665
2023-03-15,47000,47150,45900,47150,13244,0.018358531317494542
2023-03-16,47150,47250,45850,46450,17112,-0.014846235418875975
2023-03-17,46450,46600,44950,44950,24425,-0.03229278794402579
2023-03-20,45150,45400,44600,44900,9476,-0.0011123470522803602
2023-03-21,45000,45950,45000,45250,8696,0.007795100222717233
2023-03-22,45850,45950,44900,45400,17406,0.0033149171270718814
2023-03-23,45150,45450,44500,44950,14371,-0.009911894273127775
2023-03-24,45250,45250,44800,45100,5836,0.0033370411568409697
2023-03-27,45400,45600,45000,45500,11024,0.008869179600886845
2023-03-28,45650,46500,45500,46100,10898,0.01318681318681314
2023-03-29,46100,46550,46000,46250,8847,0.0032537960954446277
2023-03-30,46300,47950,46100,47700,15743,0.03135135135135125
2023-03-31,47800,48650,47500,48350,14363,0.013626834381551323
2023-04-03,48500,49200,48050,48750,20272,0.008273009307135482
2023-04-04,48750,49300,48100,48250,11748,-0.01025641025641022
2023-04-05,48200,48650,47000,47750,10184,-0.010362694300518172
2023-04-06,47500,47500,47100,47300,7253,-0.009424083769633551
2023-04-07,47400,47650,47100,47600,7612,0.00634249471458781
2023-04-10,47650,48200,47500,47750,10428,0.0031512605042016695
2023-04-11,47800,48000,47550,47700,6990,-0.0010471204188481353
2023-04-12,48000,48700,47600,48400,13442,0.01467505241090139
2023-04-13,48200,48400,47650,48400,13069,0.0
2023-04-14,48400,48450,47500,47850,23557,-0.011363636363636354
2023-04-17,47500,48350,47400,48350,9691,0.010449320794148287
2023-04-18,48350,48750,47800,48150,15961,-0.004136504653567741
2023-04-19,48150,49200,48050,49200,16631,0.02180685358255441
2023-04-20,49200,49750,48700,49000,11904,-0.004065040650406471
2023-04-21,48850,49000,48150,48700,10942,-0.006122448979591799
2023-04-24,48600,49150,48000,48450,12450,-0.005133470225872738
2023-04-25,48200,48700,47600,47700,10923,-0.015479876160990669
2023-04-26,47500,47950,47250,47750,5725,0.0010482180293500676
2023-04-27,47500,47750,47200,47650,4888,-0.0020942408376963817
2023-04-28,48100,48100,47400,47600,2988,-0.0010493179433368471
2023-05-02,47600,48450,47600,48050,4135,0.009453781512605008
2023-05-03,48050,48950,47850,48400,7654,0.007284079084287187
2023-05-04,48400,49000,48250,48800,6759,0.008264462809917328
2023-05-08,48800,49250,48600,48800,7052,0.0
2023-05-09,48800,49900,48750,49600,15188,0.016393442622950838
2023-05-10,49550,49750,49200,49500,10846,-0.0020161290322581182
2023-05-11,49500,50100,49400,50000,12577,0.010101010101010166
2023-05-12,50000,50300,49000,49900,11543,-0.0020000000000000018
2023-05-15,50200,50500,49300,50500,11978,0.012024048096192397
2023-05-16,50900,50900,49800,50100,16825,-0.007920792079207928
2023-05-17,49800,50200,49800,49900,5261,-0.003992015968063867
2023-05-18,50300,51300,50100,50800,29591,0.018036072144288484
2023-05-19,51300,52700,50900,52300,38148,0.029527559055118058
2023-05-22,52700,52800,51900,52300,22428,0.0
2023-05-23,52500,53000,52100,52800,16675,0.009560229445506607
2023-05-24,52800,53000,52000,52600,11486,-0.0037878787878787845
2023-05-25,52800,52800,52100,52500,7569,-0.0019011406844106071
2023-05-26,52500,52700,51100,51200,11113,-0.024761904761904763
2023-05-30,51500,51500,50000,50700,13258,-0.009765625
2023-05-31,50900,51000,50100,50600,10239,-0.0019723865877712132
2023-06-01,50600,51500,49950,50500,8817,-0.0019762845849802257
2023-06-02,51000,51100,50300,50800,7591,0.005940594059405946
2023-06-05,50700,51500,50700,51400,5191,0.011811023622047223
2023-06-07,51600,52500,51400,52100,11833,0.013618677042801508
2023-06-08,52400,52400,51600,51700,7266,-0.007677543186180413
2023-06-09,52200,55500,51800,54700,63083,0.05802707930367501
2023-06-12,54700,54800,51600,51600,41499,-0.05667276051188297
2023-06-13,52000,53400,51800,52700,17042,0.02131782945736438
2023-06-14,53300,53900,52600,52800,16875,0.00189753320683117
2023-06-15,52800,52800,51300,51400,15664,-0.02651515151515149
2023-06-16,51600,51800,51300,51600,9155,0.0038910505836575737
2023-06-19,51300,52300,51300,51600,6819,0.0
2023-06-20,52000,52000,51500,51600,5556,0.0
2023-06-21,51500,51800,51100,51600,9834,0.0
2023-06-22,51500,51600,51300,51600,3741,0.0
2023-06-23,51500,51600,50900,51000,7562,-0.011627906976744207
2023-06-26,51000,51300,50600,51100,6102,0.0019607843137254832
2023-06-27,51300,52000,51100,51900,9178,0.015655577299412915
2023-06-28,52100,52100,51500,51800,7245,-0.0019267822736031004
2023-06-29,51500,51600,50900,51100,7874,-0.013513513513513487
2023-06-30,51100,51500,50500,51200,3763,0.001956947162426559
2023-07-03,51000,51400,50500,50500,7741,-0.013671875
2023-07-04,50600,50800,49600,49950,15757,-0.0108910891089109
2023-07-05,49950,50400,49550,50100,10898,0.0030030030030030463
2023-07-06,50400,50400,49050,50300,12882,0.003992015968063978
2023-07-07,50000,50000,49000,49250,9628,-0.020874751491053667
2023-07-10,49850,50100,49200,49900,4909,0.013197969543147225
2023-07-11,49800,49950,49500,49900,6196,0.0
2023-07-12,49900,50300,49600,50000,3959,0.002004008016031955
2023-07-13,50400,50500,49850,50200,4932,0.0040000000000000036
2023-07-14,50000,51500,49800,51500,12876,0.02589641434262946
2023-07-17,51500,51500,50400,50900,12044,-0.011650485436893177
2023-07-18,50900,51200,50400,50900,5601,0.0
2023-07-19,51000,51400,50400,51400,8200,0.00982318271119853
2023-07-20,51400,51400,50600,50800,5390,-0.011673151750972721
2023-07-21,51000,51000,50100,50200,6497,-0.011811023622047223
2023-07-24,50200,51000,49700,50800,11376,0.01195219123505975
2023-07-25,51200,53700,50900,52600,54627,0.03543307086614167
2023-07-26,53000,54200,51600,51900,44312,-0.013307984790874472
2023-07-27,51900,53300,51900,53000,20775,0.021194605009633882
2023-07-28,53000,54100,52800,53800,20597,0.015094339622641506
2023-07-31,54400,56100,54000,55000,45988,0.02230483271375472
2023-08-01,55600,56100,53800,54500,28586,-0.009090909090909038
2023-08-02,54700,57200,54000,55700,74220,0.022018348623853212
2023-08-03,55700,56900,54600,55100,24335,-0.010771992818671472
2023-08-04,55100,56100,54600,55500,20313,0.007259528130671544
2023-08-07,55600,56900,55200,56400,23765,0.016216216216216273
2023-08-08,56800,56800,55600,56000,20017,-0.007092198581560294
2023-08-09,56000,57500,55800,57200,29684,0.021428571428571352
2023-08-10,57600,58900,57200,57800,39164,0.010489510489510412
2023-08-11,57800,59700,57800,59600,50562,0.03114186851211076
2023-08-14,61800,61900,58900,60000,53660,0.006711409395973256
2023-08-16,59600,59600,56400,56500,55936,-0.05833333333333335
2023-08-17,56500,57900,54800,57600,33689,0.019469026548672552
2023-08-18,57100,57500,56000,57500,19920,-0.0017361111111111605
2023-08-21,57000,57200,55900,56300,19580,-0.02086956521739125
2023-08-22,56300,58000,55100,57600,26017,0.023090586145648295
2023-08-23,57600,57900,56900,57000,10546,-0.01041666666666663
2023-08-24,57000,59500,57000,58800,27066,0.03157894736842115
2023-08-25,58300,58800,57500,58000,14002,-0.013605442176870763
2023-08-28,58100,58100,57200,58000,8539,0.0
2023-08-29,58000,58500,57500,57500,8417,-0.008620689655172376
2023-08-30,57700,57900,57300,57900,13795,0.006956521739130528
2023-08-31,57800,58400,56900,57400,13012,-0.008635578583765069
2023-09-01,57600,58000,56300,56300,13034,-0.019163763066202044
2023-09-04,56000,56900,55900,56600,10078,0.005328596802841812
2023-09-05,56900,56900,55500,56400,19370,-0.0035335689045936647
2023-09-06,56400,57600,56300,57300,20860,0.015957446808510634
2023-09-07,57000,57500,56300,57500,15418,0.003490401396160525
2023-09-08,57500,60600,56600,60000,45231,0.04347826086956519
2023-09-11,60200,60700,59200,59600,17889,-0.00666666666666671
2023-09-12,59800,59800,58300,58400,15894,-0.020134228187919434
2023-09-13,58200,61000,58100,60500,42777,0.03595890410958913
2023-09-14,61000,61100,59700,60900,21245,0.006611570247933907
2023-09-15,60900,61100,60300,60600,10226,-0.0049261083743842304
2023-09-18,61000,61400,60600,61200,14435,0.00990099009900991
2023-09-19,61300,64300,60700,62900,59106,0.02777777777777768
2023-09-20,63400,63400,61100,62000,16466,-0.014308426073131986
2023-09-21,61300,62200,60100,61700,26376,-0.004838709677419395
2023-09-22,61300,63000,60700,61700,17229,0.0
2023-09-25,61700,62500,60800,60900,13010,-0.012965964343598091
2023-09-26,60900,61600,59400,59700,14628,-0.019704433497536922
2023-09-27,60300,60600,59700,60500,7732,0.01340033500837512
2023-10-04,60900,60900,58200,58300,20494,-0.036363636363636376
2023-10-05,58300,59600,57200,57500,14869,-0.013722126929674117
2023-10-06,57500,58000,56200,57300,25030,-0.003478260869565264
2023-10-10,58100,59800,56700,57100,30129,-0.003490401396160525
2023-10-11,57100,58700,57100,58700,13866,0.028021015761821255
2023-10-12,58900,59700,58200,59700,12529,0.017035775127768327
2023-10-13,59500,59700,58600,59500,10668,-0.00335008375209378
2023-10-16,59500,62100,59400,61000,44707,0.025210084033613356
2023-10-17,61100,62100,60500,61300,18718,0.004918032786885185
2023-10-18,61400,63000,61000,62500,22789,0.019575856443719397
2023-10-19,62500,62800,61000,61500,19078,-0.016000000000000014
2023-10-20,61300,62600,60800,61800,26926,0.004878048780487809
2023-10-23,61800,61800,58500,59100,31660,-0.043689320388349495
2023-10-24,59100,59400,56700,58500,30177,-0.010152284263959421
2023-10-25,58300,59700,58300,59300,10247,0.013675213675213627
2023-10-26,59400,59800,57500,58100,25104,-0.0202360876897133
2023-10-27,57800,60000,57600,59400,14931,0.022375215146299476
2023-10-30,59400,60200,58700,60200,17900,0.013468013468013407
2023-10-31,60500,60500,58500,58700,14223,-0.02491694352159468
2023-11-01,59000,59400,58400,58700,6638,0.0
2023-11-02,58700,59300,58000,58000,14728,-0.011925042589437829
2023-11-03,58200,58900,57400,58400,16270,0.006896551724137945
2023-11-06,58400,58800,57500,58200,23619,-0.003424657534246589
2023-11-07,57900,58200,56300,57400,35481,-0.013745704467353903
2023-11-08,57400,57600,56700,57100,13137,-0.005226480836236891
2023-11-09,57300,57300,56700,57100,7252,0.0
2023-11-10,57100,57300,56600,56900,6874,-0.003502626970227629
2023-11-13,56900,57500,56900,57300,4994,0.007029876977152849
2023-11-14,57200,58500,57200,58400,11637,0.01919720767888311
2023-11-15,58100,58800,57400,58400,12467,0.0
2023-11-16,58500,58900,57800,58600,6624,0.003424657534246478
2023-11-17,58600,58700,57800,58100,6433,-0.008532423208191142
2023-11-20,58100,58500,57800,58300,5175,0.0034423407917383297
2023-11-21,58500,58900,58300,58800,6468,0.00857632933104635
2023-11-22,59000,61200,58900,60700,26992,0.03231292517006801
2023-11-23,61200,63600,60800,63100,58232,0.03953871499176276
2023-11-24,63000,63800,62600,63200,21201,0.0015847860538826808
2023-11-27,63200,63400,61700,61800,16618,-0.022151898734177222
2023-11-28,61800,62000,61300,61700,8692,-0.0016181229773463146
2023-11-29,62500,62600,60600,61000,11137,-0.011345218800648316
2023-11-30,61000,61600,60800,61500,5865,0.008196721311475308
2023-12-01,61800,61800,60500,61200,8977,-0.004878048780487809
2023-12-04,60900,61800,60800,61000,13300,-0.0032679738562091387
2023-12-05,61100,61400,60600,60900,6552,-0.0016393442622950616
2023-12-06,60900,61500,60200,60800,20096,-0.0016420361247947435
2023-12-07,61200,61300,60300,60600,7600,-0.003289473684210509
2023-12-08,60900,61300,60500,60700,8148,0.0016501650165017256
2023-12-11,60700,61000,60300,60700,7605,0.0
2023-12-12,60600,60900,60300,60500,15303,-0.0032948929159802853
2023-12-13,60500,60800,60300,60600,8078,0.0016528925619834212
2023-12-14,60800,61100,60500,60700,10287,0.0016501650165017256
2023-12-15,60800,61800,60300,61000,20949,0.0049423393739702615
2023-12-18,64000,66800,62800,66600,210474,0.09180327868852456
2023-12-19,66500,66500,64300,65100,71095,-0.022522522522522515
2023-12-20,65200,66300,64300,65900,61501,0.01228878648233489
2023-12-21,65800,66400,64900,65500,33294,-0.006069802731411222
2023-12-22,65900,68400,65600,67800,86889,0.03511450381679393
2023-12-26,67800,68100,66800,67600,108539,-0.002949852507374673
2023-12-27,64100,64500,61400,61600,112537,-0.08875739644970415
2023-12-28,61700,63600,61600,62300,38664,0.011363636363636465
2024-01-02,62200,62200,59200,59700,79522,-0.0417335473515249
2024-01-03,59700,60200,59400,59900,28739,0.003350083752093891
2024-01-04,60400,61200,60000,60300,26350,0.006677796327211993
2024-01-05,60700,60900,60000,60200,18712,-0.0016583747927031434
2024-01-08,60700,60900,60000,60300,14091,0.0016611295681063787
2024-01-09,60500,60500,59700,59800,15751,-0.008291873963515717
2024-01-10,60000,60300,59400,59500,10334,-0.0050167224080267525
2024-01-11,59600,60000,59200,59500,12533,0.0
2024-01-12,59700,59900,58300,58700,21365,-0.013445378151260456
2024-01-15,59000,59800,58500,58700,8501,0.0
2024-01-16,58700,59000,58000,58300,15288,-0.006814310051107331
2024-01-17,58000,58500,56500,57100,26412,-0.020583190394511175
2024-01-18,57100,57800,56800,57400,11043,0.005253940455341555
2024-01-19,57300,59400,57300,59100,21657,0.029616724738676048
2024-01-22,58800,59300,58700,58900,6643,-0.0033840947546531774
2024-01-23,58900,59100,58400,59000,6224,0.001697792869269854
2024-01-24,59200,59400,58600,58700,6644,-0.005084745762711895
2024-01-25,58900,58900,58300,58700,6051,0.0
2024-01-26,58900,59300,58500,58900,9141,0.0034071550255536653
2024-01-29,58900,59800,58500,59300,22466,0.00679117147707986
2024-01-30,59800,61200,59700,60400,29150,0.018549747048903775
2024-01-31,60900,61800,60500,61300,21192,0.01490066225165565
2024-02-01,61600,63500,61100,63100,45466,0.029363784665579207
2024-02-02,63500,63700,61600,63500,49196,0.006339144215530945
2024-02-05,64200,65200,62800,65100,41081,0.025196850393700787
2024-02-06,65100,65100,63700,63800,24760,-0.019969278033794113
2024-02-07,64000,66400,63500,66200,44494,0.037617554858934144
2024-02-08,66200,66600,65000,65100,23305,-0.0166163141993958
2024-02-13,64900,65900,64900,65400,21538,0.004608294930875667
2024-02-14,65400,65800,64400,65300,28155,-0.001529051987767538
2024-02-15,65800,65800,62600,62700,43344,-0.039816232771822335
2024-02-16,62800,63200,61900,62800,28330,0.0015948963317384823
2024-02-19,62900,65000,62500,64800,23988,0.031847133757961776
2024-02-20,65200,65900,64000,64300,25576,-0.007716049382716084
2024-02-21,65000,65000,63200,64000,15970,-0.004665629860031051
2024-02-22,64200,67200,63600,66900,50073,0.04531250000000009
2024-02-23,67200,67200,65700,66800,35042,-0.001494768310911776
2024-02-26,66000,66300,63900,64500,33026,-0.034431137724550864
2024-02-27,65000,65400,63800,64100,24767,-0.006201550387596955
2024-02-28,64500,65900,63600,65800,25491,0.026521060842433775
2024-02-29,66000,66800,65400,65900,17855,0.001519756838905817
2024-03-04,65900,65900,65000,65600,17748,-0.004552352048558417
2024-03-05,65300,66700,65100,66000,17030,0.0060975609756097615
2024-03-06,65900,66300,64600,65400,36214,-0.009090909090909038
2024-03-07,66000,66000,65100,65400,13923,0.0
2024-03-08,65800,66200,64700,65700,24908,0.004587155963302836
2024-03-11,65500,65500,64600,65100,21423,-0.0091324200913242
2024-03-12,65400,65400,64100,64300,19858,-0.01228878648233489
2024-03-13,65000,70000,64600,68500,96218,0.06531881804043538
2024-03-14,68500,70000,67900,69300,35748,0.011678832116788218
2024-03-15,69000,70400,67900,70400,40973,0.015873015873015817
2024-03-18,73800,75700,69500,69900,95514,-0.007102272727272707
2024-03-19,69900,71600,69600,69900,26865,0.0
2024-03-20,70100,70100,65000,68000,29264,-0.027181688125894166
2024-03-21,68600,69000,68000,68700,10656,0.010294117647058787
2024-03-22,68100,68900,66800,68000,29072,-0.010189228529839833
2024-03-25,68000,68000,66100,66500,21832,-0.022058823529411797
2024-03-26,66800,67000,66300,66600,12643,0.0015037593984963404
2024-03-27,67000,67100,66000,66700,9812,0.0015015015015014122
2024-03-28,66700,68100,66400,67000,12058,0.004497751124437732
2024-03-29,67300,67700,66500,66700,12655,-0.004477611940298498
2024-04-01,67100,67100,64900,64900,15419,-0.026986506746626726
2024-04-02,65300,65400,64500,65100,9192,0.0030816640986133237
2024-04-03,64600,65300,64300,65100,7820,0.0
2024-04-04,65300,66100,65000,65900,7864,0.01228878648233489
2024-04-05,65700,67700,65300,67000,17003,0.01669195751138086
2024-04-08,67100,67500,66600,67000,10669,0.0
2024-04-09,67000,67700,66400,67100,7571,0.0014925373134329067
2024-04-11,66500,67000,65500,66800,9580,-0.0044709388971684305
2024-04-12,67200,67200,65200,65200,14663,-0.0239520958083832
2024-04-15,65200,66500,64900,66500,11538,0.019938650306748462
2024-04-16,66700,66800,64700,65300,15309,-0.018045112781954864
2024-04-17,65500,66000,65100,65300,6814,0.0
2024-04-18,64800,65600,64700,65100,6790,-0.003062787136294043
2024-04-19,65000,65300,63600,63900,14078,-0.018433179723502335
2024-04-22,64000,66500,64000,66300,10586,0.03755868544600949
2024-04-23,66600,67700,65900,67200,17026,0.013574660633484115
2024-04-24,67700,67700,66800,67400,9110,0.0029761904761904656
2024-04-25,67700,70200,67100,69000,31736,0.023738872403560762
2024-04-26,69400,69400,68300,69200,12074,0.0028985507246377384
2024-04-29,69500,70000,69100,69600,12011,0.005780346820809301
2024-04-30,69200,69700,68500,68800,10602,-0.011494252873563204
2024-05-02,68800,69300,68000,68700,8234,-0.0014534883720930258
2024-05-03,69000,69000,67400,68000,8917,-0.010189228529839833
2024-05-07,68100,68600,67600,68200,7541,0.002941176470588225
2024-05-08,68400,70000,68300,69900,13619,0.024926686217008776
2024-05-09,69900,71100,69600,70500,11313,0.008583690987124415
2024-05-10,71200,73700,70500,72500,32741,0.028368794326241176
2024-05-13,72700,73200,72200,72300,7141,-0.0027586206896551557
2024-05-14,72400,72900,70600,71400,16577,-0.012448132780082943
2024-05-16,71500,72200,71000,71700,15155,0.004201680672268893
2024-05-17,71500,72100,71200,72000,7460,0.004184100418409997
2024-05-20,71900,73400,71100,73100,11667,0.015277777777777724
2024-05-21,73500,76800,73300,74300,52049,0.01641586867305067
2024-05-22,74900,75100,73300,74100,24108,-0.0026917900403768957
2024-05-23,75100,75800,73500,73900,15082,-0.0026990553306343035
2024-05-24,74300,74300,71700,72100,20301,-0.024357239512855178
2024-05-27,72400,72700,71000,71500,15936,-0.00832177531206657
2024-05-28,71700,72500,71300,71800,10060,0.00419580419580412
2024-05-29,71800,72900,71300,72100,12140,0.00417827298050133
2024-05-30,72500,72600,70700,71400,12186,-0.009708737864077666
2024-05-31,71800,72000,70700,71800,9958,0.0056022408963585235
2024-06-03,72500,84600,71600,74300,333186,0.03481894150417819
2024-06-04,74500,76600,71600,71900,82028,-0.032301480484522194
2024-06-05,71500,73100,71000,72100,26746,0.0027816411682892728
2024-06-07,71500,71800,69800,70500,34127,-0.02219140083217752
2024-06-10,70500,71000,70100,70900,10233,0.005673758865248235
2024-06-11,70900,70900,69800,69800,11015,-0.015514809590973178
2024-06-12,70000,70700,69800,70000,6406,0.002865329512893977
2024-06-13,70000,70800,69900,70700,6533,0.010000000000000009
2024-06-14,70800,71300,70100,70200,21748,-0.007072135785007094
2024-06-17,71800,72900,71300,72700,21589,0.035612535612535634
2024-06-18,72800,76400,72200,75400,43886,0.037138927097661645
2024-06-19,75200,75400,73400,73400,15956,-0.02652519893899208
2024-06-20,74400,76500,73800,76400,20231,0.04087193460490468
2024-06-21,76600,77300,75000,77300,25315,0.011780104712041828
2024-06-24,77300,78100,76200,76300,15444,-0.012936610608020649
2024-06-25,77200,77700,76300,77500,15710,0.01572739187418093
2024-06-26,77500,77700,76400,77100,11846,-0.005161290322580614
2024-06-27,77000,77000,75000,75900,15016,-0.015564202334630295
2024-06-28,76200,77100,75500,77000,11027,0.01449275362318847
2024-07-01,76500,77400,75200,75600,12884,-0.018181818181818188
2024-07-02,76000,76000,73900,74700,10619,-0.011904761904761862
2024-07-03,75500,75500,73700,74800,11631,0.0013386880856760541
2024-07-04,74500,74700,73400,74100,12270,-0.009358288770053513
2024-07-05,74200,75300,72900,73500,14296,-0.0080971659919028
2024-07-08,73600,74200,73000,74000,7656,0.006802721088435382
2024-07-09,74000,74000,72000,72300,15513,-0.02297297297297296
2024-07-10,72800,74200,72600,74100,13627,0.024896265560165887
2024-07-11,74100,74600,73700,74000,6622,-0.0013495276653171517
2024-07-12,74500,75300,74000,74300,13743,0.004054054054054124
2024-07-15,75000,75000,73300,73400,11097,-0.012113055181695809
2024-07-16,74000,74700,73300,74100,10268,0.0095367847411445
2024-07-17,74100,75200,73700,74700,10597,0.00809716599190291
2024-07-18,74700,76600,73600,76600,17832,0.025435073627844806
2024-07-19,76900,76900,75500,75900,16070,-0.009138381201044377
2024-07-22,76900,76900,74200,74600,11616,-0.017127799736495364
2024-07-23,75300,75600,74100,74700,8641,0.0013404825737264314
2024-07-24,75000,75600,74000,74800,9059,0.0013386880856760541
2024-07-25,74700,74700,73000,73800,14838,-0.013368983957219305
2024-07-26,73900,74400,73800,74100,5376,0.004065040650406582
2024-07-29,74500,76500,74000,75900,14314,0.02429149797570851
2024-07-30,76500,76500,75100,75700,5776,-0.0026350461133070047
2024-07-31,76800,76800,75300,76100,6903,0.005284015852047519
2024-08-01,76500,76800,75200,75600,6783,-0.006570302233902758
2024-08-02,75000,75000,72900,73400,16024,-0.02910052910052907
2024-08-05,72600,72600,66600,67600,66514,-0.07901907356948223
2024-08-06,67700,70400,66300,69500,42351,0.028106508875739733
2024-08-07,69500,71300,69500,69900,19200,0.0057553956834532904
2024-08-08,70700,70700,69200,70200,9153,0.0042918454935623185
2024-08-09,70200,70900,70000,70900,12069,0.009971509971509862
2024-08-12,70900,71800,70300,71800,6573,0.012693935119887145
2024-08-13,71700,74400,71600,74300,16482,0.03481894150417819
2024-08-14,74100,74200,73000,74000,10563,-0.004037685060565233
2024-08-16,73600,74200,73300,73700,12515,-0.004054054054054013
2024-08-19,73000,73600,72300,72500,8365,-0.016282225237449155
2024-08-20,73400,74600,72900,74300,15748,0.024827586206896513
2024-08-21,74400,75600,74100,75100,12631,0.010767160161507361
2024-08-22,74700,75200,73800,73900,7005,-0.015978695073235683
2024-08-23,73300,76100,73300,75500,10690,0.021650879566982306
2024-08-26,75800,79000,75600,78600,31199,0.041059602649006655
2024-08-27,79200,79600,77600,78700,12846,0.0012722646310432406
2024-08-28,78500,78600,75900,77200,16453,-0.019059720457433316
2024-08-29,77300,78100,76100,76400,6313,-0.010362694300518172
2024-08-30,76800,76800,74800,74900,9303,-0.01963350785340312
2024-09-02,75100,75800,74400,75400,6353,0.006675567423231055
2024-09-03,75200,76700,75100,76100,9252,0.009283819628647105
2024-09-04,75500,75700,74600,74700,8470,-0.018396846254927768
2024-09-05,75500,75800,74200,74800,6857,0.0013386880856760541
2024-09-06,75400,75400,72600,73100,17307,-0.022727272727272707
2024-09-09,73600,73600,71300,72200,11243,-0.012311901504788003
2024-09-10,72600,74700,72400,73800,9547,0.02216066481994461
2024-09-11,74100,74200,71500,72800,21765,-0.013550135501354976
2024-09-12,73700,73700,72200,72900,8465,0.0013736263736263687
2024-09-13,72500,74400,72500,72800,23220,-0.00137174211248281
2024-09-19,73900,74800,73300,74700,15362,0.026098901098901006
2024-09-20,74800,76700,73600,76700,22101,0.02677376171352086
2024-09-23,76500,78700,75700,77900,22884,0.015645371577575062
2024-09-24,77900,78500,77300,77900,9768,0.0
2024-09-25,78400,78400,75100,75400,23182,-0.03209242618741981
2024-09-26,75400,77200,75300,76700,6933,0.01724137931034475
2024-09-27,77100,77100,75900,76500,8302,-0.0026075619295958807
2024-09-30,76500,76800,75400,76000,4925,-0.006535947712418277
2024-10-02,75100,76900,75100,75700,5762,-0.003947368421052588
2024-10-04,76100,76100,74600,75000,5805,-0.009247027741083214
2024-10-07,75600,75800,74900,75300,4807,0.0040000000000000036
2024-10-08,75900,76200,75100,76200,3335,0.01195219123505975
2024-10-10,76200,77400,75800,76600,8029,0.005249343832020914
2024-10-11,76600,76900,75800,75900,4877,-0.009138381201044377
2024-10-14,76600,76600,75200,75600,6108,-0.0039525691699604515
2024-10-15,76300,76300,75300,75800,3683,0.002645502645502562
2024-10-16,75700,75700,74600,74900,10446,-0.01187335092348285
2024-10-17,75500,75500,74900,74900,3876,0.0
2024-10-18,75500,75500,73500,74000,12367,-0.012016021361815787
2024-10-21,73900,74300,73500,73900,4944,-0.0013513513513513375
2024-10-22,74800,76400,74100,75400,14605,0.020297699594046037
2024-10-23,75900,76600,75200,75700,10301,0.003978779840848823
2024-10-24,75900,76000,75000,75500,4521,-0.0026420079260237594
2024-10-25,75600,75600,74700,75300,8130,-0.0026490066225165476
2024-10-28,75500,75500,74500,75200,4962,-0.0013280212483399723
2024-10-29,75600,75600,74600,74800,4111,-0.005319148936170248
2024-10-30,75200,75200,73700,74500,8192,-0.004010695187165791
2024-10-31,75100,75100,73800,74400,3930,-0.0013422818791946067
2024-11-01,74400,75400,73700,74700,7116,0.0040322580645162365
2024-11-04,75000,75000,72700,73500,16670,-0.016064257028112428
2024-11-05,73500,73500,71900,72000,16157,-0.020408163265306145
2024-11-06,72300,73200,71800,71800,7789,-0.002777777777777768
2024-11-07,71700,74100,71600,73600,10938,0.025069637883008422
2024-11-08,74300,74300,72000,72600,14127,-0.013586956521739135
2024-11-11,72900,73400,72400,73400,9265,0.011019283746556363
2024-11-12,73400,74200,71900,71900,13038,-0.02043596730245234
2024-11-13,72400,72400,66600,69600,21252,-0.03198887343532686
2024-11-14,70000,70700,69500,70200,7606,0.008620689655172376
2024-11-15,70200,70300,68600,70200,8043,0.0
2024-11-18,70700,71800,70200,71300,11075,0.015669515669515688
2024-11-19,71300,72300,71000,71500,4093,0.0028050490883591017
2024-11-20,71800,72100,71000,71500,8331,0.0
2024-11-21,71800,72900,71700,72200,9821,0.009790209790209836
2024-11-22,72500,73000,72100,72300,7072,0.0013850415512466352
2024-11-25,72800,73600,72000,73600,11680,0.017980636237897585
2024-11-26,73700,74200,73100,73700,9391,0.0013586956521738358
2024-11-27,73800,75300,73800,74100,12056,0.005427408412483015
2024-11-28,74300,74300,73700,74000,3742,-0.0013495276653171517
2024-11-29,74500,74500,72800,73800,6605,-0.002702702702702675
2024-12-02,74200,74200,72500,73400,4974,-0.005420054200542035
2024-12-03,73600,74100,73200,73800,7778,0.005449591280654031
2024-12-04,73200,73400,72000,72700,11513,-0.01490514905149054
2024-12-05,73000,73000,70900,71000,19374,-0.023383768913342484
2024-12-06,71800,72200,69100,70600,10907,-0.005633802816901401
2024-12-09,70000,70000,67900,68300,16884,-0.03257790368271951
2024-12-10,68100,70500,68100,69800,8601,0.02196193265007329
2024-12-11,70500,70900,69000,70200,10707,0.005730659025787954
2024-12-12,70700,70900,70100,70500,7706,0.004273504273504258
2024-12-13,70800,73000,69600,72500,27778,0.028368794326241176
2024-12-16,73000,73200,71000,71400,10355,-0.015172413793103412
2024-12-17,71700,71700,71100,71300,4253,-0.0014005602240896309
2024-12-18,71700,71700,70400,70700,11400,-0.008415147265077194
2024-12-19,70600,70600,69800,70500,7273,-0.0028288543140028155
2024-12-20,70700,71300,69600,71300,14197,0.01134751773049647
2024-12-23,71300,73800,70900,71900,8435,0.008415147265077083
2024-12-24,72400,73500,71700,72100,28244,0.0027816411682892728
2024-12-26,72600,72900,70400,70800,22033,-0.018030513176144236
2024-12-27,70900,70900,67900,68700,27357,-0.029661016949152574
2024-12-30,68700,69200,67900,68700,14113,0.0
2025-01-02,69000,69000,68000,68100,6462,-0.008733624454148492
2025-01-03,68500,69100,68000,69000,7332,0.013215859030837107
2025-01-06,69100,69900,68500,69200,12531,0.0028985507246377384
2025-01-07,69300,69900,68700,69400,6648,0.0028901734104045396
2025-01-08,68800,69300,68100,68800,15255,-0.008645533141210415
2025-01-09,69100,69100,67800,68000,12068,-0.011627906976744207
2025-01-10,68200,68500,66900,67500,14541,-0.007352941176470562
2025-01-13,67600,67600,66100,67200,16124,-0.004444444444444473
2025-01-14,67700,68100,66900,67900,7757,0.01041666666666674
2025-01-15,67900,68200,67400,67700,3515,-0.002945508100147265
2025-01-16,68800,68800,67500,68300,8576,0.008862629246676468
2025-01-17,68500,68700,67600,68200,8342,-0.0014641288433382416
2025-01-20,68300,68300,67600,68000,5827,-0.0029325513196480912
2025-01-21,68000,68100,67100,67500,9069,-0.007352941176470562
2025-01-22,67900,67900,65900,66000,21532,-0.022222222222222254
2025-01-23,66700,66700,65500,65500,8029,-0.007575757575757569
2025-01-24,65700,66200,65400,65400,5829,-0.0015267175572518665
2025-01-31,65400,66600,64800,66500,11092,0.01681957186544336
2025-02-03,66500,66500,64000,64000,14868,-0.03759398496240607
2025-02-04,65100,65100,64400,65000,7480,0.015625
2025-02-05,65200,66900,65100,66300,11115,0.020000000000000018
2025-02-06,66600,66900,65500,66300,11691,0.0
2025-02-07,66600,67000,65400,66100,11426,-0.003016591251885359
2025-02-10,65700,65900,65200,65700,8125,-0.006051437216338829
2025-02-11,65600,65800,65100,65800,4357,0.0015220700152207556
2025-02-12,66300,66700,65500,66200,7809,0.006079027355623046
2025-02-13,66500,66800,65800,65800,10761,-0.0060422960725075026
2025-02-14,66400,66400,64000,64300,27178,-0.022796352583586588
2025-02-17,64200,65300,64000,65200,13530,0.013996889580093264
2025-02-18,65100,65400,64500,65200,9136,0.0
2025-02-19,65400,66600,65300,66000,17977,0.012269938650306678
2025-02-20,66200,66500,65300,66200,13830,0.003030303030302939
2025-02-21,66100,66600,65900,66200,19280,0.0
2025-02-24,66500,66500,65500,66000,9848,-0.0030211480362537513
2025-02-25,66400,66400,65700,66200,14985,0.003030303030302939
2025-02-26,66200,66700,65100,65700,36672,-0.007552870090634434
2025-02-27,63600,64100,63400,63700,30442,-0.030441400304414
2025-02-28,63700,63800,62300,62300,22805,-0.02197802197802201
2025-03-04,62300,62300,61500,61500,11401,-0.012841091492776902
2025-03-05,61500,62700,61500,62500,10921,0.016260162601626105
2025-03-06,62800,63000,61300,62100,20568,-0.006399999999999961
2025-03-07,62100,62100,59600,60200,34668,-0.03059581320450888
2025-03-10,60500,61400,59900,61000,11507,0.013289036544850585
2025-03-11,60700,60700,59800,59900,12092,-0.0180327868852459
2025-03-12,60100,60800,59500,59600,9597,-0.005008347245408995
2025-03-13,60400,60400,59700,60000,8651,0.006711409395973256
2025-03-14,60200,61500,60000,61100,14911,0.018333333333333313
2025-03-17,61100,62000,60600,60900,14653,-0.00327332242225864
2025-03-18,61200,61300,60900,61000,9376,0.0016420361247948545
2025-03-19,61700,63500,61500,62000,35322,0.016393442622950838
2025-03-20,62700,63600,62200,63400,15857,0.022580645161290214
2025-03-21,63400,63400,62200,62500,10638,-0.014195583596214534
2025-03-24,62200,62400,61500,61700,6480,-0.012800000000000034
2025-03-25,62200,62200,60400,61100,12639,-0.00972447325769854
2025-03-26,61000,61400,60400,60900,11515,-0.00327332242225864
2025-03-27,60900,61200,60400,60600,4061,-0.0049261083743842304
2025-03-28,60600,60900,59500,60000,15498,-0.00990099009900991
2025-03-31,59100,59900,58900,59100,10881,-0.015000000000000013
2025-04-01,59600,60400,59200,60300,4460,0.020304568527918843
2025-04-02,60500,60500,59500,60100,5470,-0.0033167495854062867
2025-04-03,59200,59500,58300,59000,11844,-0.01830282861896837
2025-04-04,59000,59200,57800,58900,7694,-0.0016949152542372614
2025-04-07,57100,57600,56000,56200,17571,-0.04584040747028861
2025-04-08,57200,57300,56000,56300,10327,0.001779359430605032
2025-04-09,56300,57000,54200,55000,12693,-0.023090586145648295
2025-04-10,57000,57600,56100,57200,12900,0.040000000000000036
2025-04-11,57400,58000,56100,57900,5127,0.012237762237762295
2025-04-14,58000,58500,57500,58300,11007,0.006908462867012188
2025-04-15,59000,59500,58400,59300,5503,0.0171526586620927
2025-04-16,59600,59800,58900,59700,7447,0.006745362563237878
2025-04-17,59700,59700,59000,59300,4270,-0.00670016750418756
2025-04-18,59700,60200,59100,60000,3747,0.01180438448566612
2025-04-21,60200,61100,60100,60600,3792,0.010000000000000009
2025-04-22,60900,60900,60100,60500,5077,-0.0016501650165016146
2025-04-23,60700,61300,60300,60500,8960,0.0
2025-04-24,60900,61100,60200,60800,3360,0.0049586776859504855
2025-04-25,60900,61400,60600,61200,7566,0.006578947368421018
2025-04-28,61400,61600,60800,61200,5576,0.0
2025-04-29,61300,62200,60900,62200,9473,0.016339869281045694
2025-04-30,62300,62400,61600,61900,11118,-0.004823151125401881
2025-05-02,62200,62300,61400,61900,5859,0.0
2025-05-07,61700,62000,61200,61200,11102,-0.011308562197092087
2025-05-08,61700,61800,61000,61800,4683,0.009803921568627416
2025-05-09,61800,62000,61000,61900,10450,0.0016181229773462036
2025-05-12,62100,63900,62100,63500,15481,0.025848142164781818
2025-05-13,63600,64600,63100,64500,9957,0.015748031496062964
2025-05-14,64100,65500,63700,65300,14724,0.01240310077519391
2025-05-15,64900,65700,64900,65200,7062,-0.0015313935681470214
2025-05-16,66000,68600,65300,68000,36304,0.042944785276073594
2025-05-19,68000,68400,67400,68200,14604,0.002941176470588225
2025-05-20,68300,68300,67100,67900,12969,-0.004398826979472137
2025-05-21,68200,68600,67500,67900,10927,0.0
2025-05-22,68300,68500,67400,68200,11634,0.004418262150220897
2025-05-23,68400,68500,67200,68000,9391,-0.0029325513196480912
2025-05-26,68400,70200,67900,69900,18571,0.027941176470588136
2025-05-27,69800,70200,69400,69700,6657,-0.0028612303290415086
2025-05-28,69900,72000,69600,71800,27825,0.03012912482065988
2025-05-29,71800,74200,71700,74000,31297,0.03064066852367686
2025-05-30,73800,75300,73300,74600,18765,0.008108108108108025
2025-06-02,73600,74700,73100,74100,18076,-0.006702412868632712
2025-06-04,75100,77200,74400,76600,36653,0.03373819163292846
2025-06-05,77900,77900,75100,76000,24476,-0.007832898172323799
2025-06-09,76800,78300,76300,77200,25124,0.015789473684210575
2025-06-10,77800,77800,75500,76800,26120,-0.005181347150259086
2025-06-11,77400,77400,74700,75700,29583,-0.01432291666666663
2025-06-12,76000,78900,76000,78200,22833,0.03302509907529716
2025-06-13,78200,80100,75500,76600,55236,-0.020460358056266004
2025-06-16,78000,81500,77100,80700,37355,0.05352480417754579
2025-06-17,80700,80700,77000,77100,27788,-0.044609665427509326
2025-06-18,77700,78000,76400,77000,15616,-0.0012970168612191912
2025-06-19,77800,78500,76600,77500,10650,0.006493506493506551
2025-06-20,78200,80200,76800,77600,28333,0.001290322580645098
2025-06-23,80100,81900,79000,80200,51419,0.03350515463917536
2025-06-24,79200,80600,78100,79800,23582,-0.004987531172069848
2025-06-25,80300,80400,79000,79100,30553,-0.00877192982456143
2025-06-26,80000,80000,76800,78100,15370,-0.012642225031605614
2025-06-27,77600,79400,77100,78000,12350,-0.001280409731113985
2025-06-30,78600,79100,77700,78900,11166,0.011538461538461497
2025-07-01,79500,84200,79200,83400,37861,0.057034220532319324
2025-07-02,84200,84800,80600,84700,23712,0.015587529976019088
2025-07-03,85400,92500,85400,88000,50207,0.03896103896103886
2025-07-04,88900,89800,87000,88900,27656,0.010227272727272751
2025-07-07,88800,89500,87400,89300,8156,0.004499437570303799
2025-07-08,88300,92400,88300,92300,20337,0.03359462486002229
2025-07-09,94800,99000,92500,98100,41301,0.06283856988082337
2025-07-10,98100,98500,95500,97100,17557,-0.010193679918450549
2025-07-11,97100,100000,96400,98300,20478,0.012358393408856916
2025-07-14,98700,99800,98100,99000,11706,0.007121057985757906
2025-07-15,99000,99600,97300,98400,21653,-0.0060606060606061
2025-07-16,98400,98900,94900,96200,27583,-0.022357723577235755
2025-07-17,95200,95500,92500,93300,31228,-0.03014553014553012
2025-07-18,93300,93300,90000,90700,29978,-0.027867095391211127
2025-07-21,90800,91700,90100,91400,19453,0.007717750826901959
2025-07-22,91600,92300,88800,90500,23842,-0.009846827133479175
2025-07-23,90300,90300,87000,88700,16510,-0.019889502762430955
2025-07-24,89400,89400,86200,86900,22858,-0.020293122886133053
2025-07-25,87900,89000,86500,86900,7829,0.0
2025-07-28,87600,87600,82800,82900,22754,-0.04602991944764101
2025-07-29,82900,84600,82100,83300,15871,0.004825090470446325
2025-07-30,83500,83500,81100,82200,22808,-0.013205282112845107
2025-07-31,82900,83700,81500,82500,12362,0.0036496350364962904
2025-08-01,82800,83200,78900,79000,25097,-0.042424242424242475
2025-08-04,79500,82300,78300,81300,15385,0.029113924050632844
2025-08-05,82600,83300,80500,80900,19947,-0.004920049200492049
2025-08-06,80900,82800,80400,82500,14755,0.01977750309023496
2025-08-07,83400,83500,81800,82600,9103,0.00121212121212122
2025-08-08,83800,83800,81100,81400,6504,-0.014527845036319653
2025-08-11,82800,82800,79500,80000,10106,-0.017199017199017175
2025-08-12,81000,82000,79800,80300,6753,0.00374999999999992
2025-08-13,81300,81300,78900,80500,18751,0.00249066002490661
2025-08-14,80500,81400,78800,79400,13151,-0.013664596273291973
2025-08-18,77600,77600,73200,75500,26668,-0.04911838790931988
2025-08-19,75700,75800,73800,74900,15900,-0.007947019867549643
2025-08-20,74500,75700,72600,75600,21871,0.009345794392523255
2025-08-21,75500,75800,74800,74800,9043,-0.010582010582010581
2025-08-22,75000,75800,73800,74100,12160,-0.009358288770053513
2025-08-25,74200,75800,74100,75000,3301,0.012145748987854255
2025-08-26,75000,75300,73800,74300,6746,-0.009333333333333305
2025-08-27,74900,74900,73100,73900,6777,-0.0053835800807536804
2025-08-28,73100,75900,72700,75300,10446,0.018944519621109546
2025-08-29,75300,75600,74400,74900,8932,-0.005312084993359889
2025-09-01,74000,76000,73700,75600,9188,0.009345794392523255
2025-09-02,76000,76150,74700,75600,11207,0.0
2025-09-03,75600,75600,73800,74500,10752,-0.014550264550264536
2025-09-04,74600,75600,74600,75100,6670,0.008053691275167862
2025-09-05,75600,76800,75100,75600,12554,0.0066577896138482195
2025-09-08,76300,76500,75200,76200,11915,0.007936507936507908
2025-09-09,76800,77700,75900,77100,11903,0.011811023622047223
2025-09-10,78000,78500,77400,78200,12408,0.014267185473411104
2025-09-11,78000,78500,76700,77900,17283,-0.0038363171355498826
2025-09-12,78500,80300,77700,79800,29667,0.024390243902439046
2025-09-15,80000,84500,79800,83000,34788,0.040100250626566414
2025-09-16,83700,84000,81000,81600,16582,-0.016867469879518038
2025-09-17,82000,82300,80400,81400,11632,-0.002450980392156854
2025-09-18,81400,81700,79600,79900,10814,-0.01842751842751844
2025-09-19,80500,80700,78100,78100,16355,-0.02252816020025028
2025-09-22,79300,79300,77500,78400,10959,0.003841229193341844
2025-09-23,78400,78700,77900,78200,7679,-0.0025510204081632404
2025-09-24,78500,78500,75800,75800,9596,-0.03069053708439895
2025-09-25,76600,79000,75500,77200,13641,0.01846965699208436
2025-09-26,77400,77800,74700,74700,7016,-0.032383419689119175
2025-09-29,74500,75900,74200,75200,6439,0.006693440428380271
2025-09-30,75500,75500,74000,74400,8001,-0.010638297872340385
2025-10-01,74800,74800,73900,73900,5690,-0.006720430107526876
2025-10-02,74100,74600,73500,74000,8861,0.0013531799729364913
2025-10-10,75400,75400,72500,72800,12181,-0.01621621621621616
2025-10-13,72800,72800,71000,71500,10560,-0.017857142857142905
2025-10-14,71300,72900,71300,72400,11945,0.012587412587412583
2025-10-15,72300,73200,71700,72400,10921,0.0
2025-10-16,72900,73600,72100,72600,10540,0.0027624309392264568
2025-10-17,72800,73200,71900,72300,10447,-0.004132231404958664
2025-10-20,72700,73400,72000,73400,6816,0.015214384508990264
2025-10-21,73400,74600,72900,73300,10088,-0.0013623978201634523
2025-10-22,73400,74600,72700,74500,10977,0.016371077762619368
2025-10-23,74600,74900,73400,73700,11553,-0.010738255033557076
2025-10-24,74000,74800,73400,74200,11338,0.006784260515603879
2025-10-27,74600,75400,74000,74800,17215,0.008086253369272267
2025-10-28,75000,75400,73800,75400,15023,0.008021390374331583
2025-10-29,75700,75700,74200,74900,12581,-0.006631299734747964
2025-10-30,74900,75300,74200,74500,15238,-0.005340453938584733
2025-10-31,75000,75300,73800,74800,12296,0.00402684563758382
2025-11-03,75100,77000,74600,76000,19213,0.016042780748663166
2025-11-04,76500,77400,76000,76100,14186,0.001315789473684159
2025-11-05,75900,75900,72100,74200,17793,-0.024967148488830526
2025-11-06,74900,77100,73800,76400,12043,0.029649595687331498
2025-11-07,76400,77000,74000,75600,12364,-0.010471204188481686
2025-11-10,76000,82500,76000,81900,64960,0.08333333333333326
2025-11-11,81800,82200,79000,79500,15014,-0.02930402930402931
2025-11-12,80300,84300,79600,83800,38933,0.0540880503144654
2025-11-13,83800,83800,81500,82600,32814,-0.014319809069212375
2025-11-14,81500,82300,80400,81000,20196,-0.01937046004842613
2025-11-17,81500,86000,81500,85400,48854,0.05432098765432092
2025-11-18,85300,85400,83500,83800,23086,-0.0187353629976581
2025-11-19,84300,85100,83300,83800,14338,0.0
2025-11-20,84400,85400,84000,85000,11527,0.014319809069212486
2025-11-21,84500,84500,81900,83600,17053,-0.016470588235294126
2025-11-24,84100,85800,82300,83000,15938,-0.0071770334928229484
2025-11-25,83400,84700,81700,82900,21049,-0.001204819277108471
2025-11-26,83300,84400,83000,84000,7369,0.013268998793727338
2025-11-27,84500,86600,83800,84900,14990,0.010714285714285676
2025-11-28,84900,85300,81900,82700,15014,-0.025912838633686652
2025-12-01,82900,83000,80700,82000,12783,-0.008464328899637219
2025-12-02,82100,84600,81800,84200,13893,0.02682926829268295
2025-12-03,85800,88500,84900,87400,29761,0.03800475059382413
2025-12-04,87400,87400,85400,86100,10264,-0.014874141876430214
2025-12-05,86100,86700,84300,85500,8174,-0.006968641114982632
2025-12-08,85600,86500,83500,84600,12819,-0.010526315789473717
2025-12-09,83900,84500,83100,84300,13591,-0.0035460992907800915
2025-12-10,84400,84400,82400,82700,19993,-0.018979833926453193
2025-12-11,82800,84400,82600,83700,14724,0.012091898428053138
2025-12-12,84100,86300,84100,86000,12318,0.027479091995221028
2025-12-15,85200,87800,85200,87500,24384,0.01744186046511631
2025-12-16,87500,87600,85500,86900,12064,-0.006857142857142895
2025-12-17,87200,91800,86000,91500,48760,0.05293440736478705
2025-12-18,90900,90900,89100,89800,13428,-0.01857923497267755
2025-12-19,89400,90400,88200,88200,25493,-0.017817371937639215
2025-12-22,88900,88900,87000,87300,15981,-0.010204081632653073
2025-12-23,87800,87900,85900,86700,10028,-0.0068728522336769515
2025-12-24,87500,87500,84900,85500,16957,-0.01384083044982698
2025-12-26,85500,85500,82700,83100,17342,-0.028070175438596467
2025-12-29,83500,83800,82400,82900,9615,-0.002406738868832692
2025-12-30,83000,83600,82500,83300,6212,0.004825090470446325
2026-01-02,83500,83600,80600,80800,16471,-0.03001200480192079
2026-01-05,80500,82600,80400,82400,7919,0.01980198019801982
2026-01-06,82900,83500,81700,83200,6593,0.009708737864077666
2026-01-07,83500,83900,80700,81000,7227,-0.02644230769230771
2026-01-08,81100,81200,78800,78900,9379,-0.025925925925925908
2026-01-09,79700,79700,78600,79000,3711,0.0012674271229404788
2026-01-12,79500,81200,78600,80800,13211,0.022784810126582178
2026-01-13,81600,81600,79600,79900,11203,-0.011138613861386149
2026-01-14,79900,81000,78400,80500,18202,0.007509386733416834
2026-01-15,80600,84000,80600,82100,19821,0.019875776397515477
2026-01-16,82300,82600,80800,81900,20143,-0.0024360535931789995
2026-01-19,82200,83200,80100,81300,26158,-0.0073260073260073
2026-01-20,80900,82800,80300,82300,15119,0.012300123001230068
2026-01-21,82200,82300,80300,81300,11201,-0.012150668286755817
2026-01-22,81300,82700,77500,81900,10204,0.007380073800737907
2026-01-23,82900,86300,82100,85900,30751,0.04884004884004889
2026-01-26,88200,91100,87600,88500,28798,0.030267753201397074
2026-01-27,88500,89000,86100,88300,19576,-0.002259887005649719
2026-01-28,88400,88600,84200,85500,25879,-0.0317100792751982
2026-01-29,84400,87400,82900,86900,19538,0.01637426900584793
2026-01-30,86500,90700,85400,88800,19430,0.021864211737629535
2026-02-02,88700,88700,85100,86500,20793,-0.025900900900900914
2026-02-03,87300,92100,86100,91800,36974,0.06127167630057806
2026-02-04,92400,96400,91300,96400,31536,0.050108932461873534
2026-02-05,95200,103700,95000,101500,56537,0.05290456431535273
