Date,Open,High,Low,Close,Volume,Change
2022-01-03,15700,15700,15375,15475,141706,-0.008012820512820484
2022-01-04,15500,16274,15325,15750,526637,0.017770597738287597
2022-01-05,15700,15850,15250,15275,226142,-0.030158730158730163
2022-01-06,15000,15149,14500,14575,233500,-0.04582651391162029
2022-01-07,14575,14950,14525,14700,139543,0.00857632933104635
2022-01-10,14425,14700,13975,14025,198827,-0.04591836734693877
2022-01-11,14124,14475,13124,13250,329053,-0.05525846702317294
2022-01-12,13250,13750,13224,13250,176682,0.0
2022-01-13,13250,13300,12200,12200,436365,-0.0792452830188679
2022-01-14,11975,12450,11550,11725,261613,-0.03893442622950816
2022-01-17,12025,12125,11500,11550,217378,-0.014925373134328401
2022-01-18,11550,12125,11375,11650,205844,0.008658008658008587
2022-01-19,11375,12950,11200,11700,990374,0.0042918454935623185
2022-01-20,11675,12250,11575,11975,219290,0.02350427350427342
2022-01-21,11925,12075,11700,11775,135270,-0.01670146137787054
2022-01-24,11500,11700,11075,11075,173295,-0.05944798301486198
2022-01-25,10900,11400,10325,10600,327409,-0.04288939051918739
2022-01-26,10575,10950,10450,10700,187007,0.009433962264151052
2022-01-27,10750,10900,9825,10150,273327,-0.051401869158878455
2022-01-28,10200,10525,9725,10450,259725,0.029556650246305383
2022-02-03,10725,11975,10525,11375,579288,0.08851674641148333
2022-02-04,11350,11350,10875,10875,241437,-0.04395604395604391
2022-02-07,10875,14125,10700,14125,1385457,0.29885057471264376
2022-02-08,13900,15775,13700,14475,3770722,0.024778761061946986
2022-02-09,14450,14749,13575,13575,843397,-0.06217616580310881
2022-02-10,13825,14600,12800,13025,956883,-0.04051565377532229
2022-02-11,12650,13150,12275,12350,296555,-0.051823416506717845
2022-02-14,12000,12075,11175,11525,286762,-0.0668016194331984
2022-02-15,11375,11500,10800,10875,223616,-0.05639913232104121
2022-02-16,11050,11950,11050,11250,253845,0.034482758620689724
2022-02-17,11200,11625,10500,11175,262895,-0.00666666666666671
2022-02-18,10850,11425,10725,11225,120516,0.004474272930648837
2022-02-21,11000,11425,10925,11325,127346,0.008908685968819663
2022-02-22,10950,11425,10625,10825,216696,-0.04415011037527594
2022-02-23,11100,11800,10900,11075,432170,0.023094688221708903
2022-02-24,10775,11050,10100,10125,284178,-0.08577878103837466
2022-02-25,10550,10625,10100,10175,138322,0.004938271604938205
2022-02-28,10175,10775,10050,10500,192983,0.03194103194103204
2022-03-02,10450,10700,10300,10550,117362,0.004761904761904745
2022-03-03,10575,10900,10525,10825,139063,0.026066350710900466
2022-03-04,11075,11075,10350,10375,162288,-0.04157043879907618
2022-03-07,10350,10350,9900,10000,120815,-0.03614457831325302
2022-03-08,9800,10275,9750,10000,121692,0.0
2022-03-10,10100,10250,9850,9975,115747,-0.0024999999999999467
2022-03-11,10100,10200,9875,10150,108168,0.01754385964912286
2022-03-14,10124,10124,8150,8625,1173005,-0.1502463054187192
2022-03-15,8775,9175,8500,8950,356321,0.037681159420289934
2022-03-16,9024,9824,9000,9325,454039,0.04189944134078205
2022-03-17,9325,9700,9250,9650,244885,0.034852546916890104
2022-03-18,9775,9775,9325,9650,169856,0.0
2022-03-21,9650,9750,9400,9500,113733,-0.015544041450777257
2022-03-22,9500,9750,9300,9650,189954,0.015789473684210575
2022-03-23,9850,10000,9450,9450,134662,-0.020725388601036232
2022-03-24,9325,9500,9250,9475,103275,0.002645502645502562
2022-03-25,9400,9475,9325,9400,66139,-0.0079155672823219
2022-03-28,9374,10074,9125,9275,427762,-0.013297872340425565
2022-03-29,9250,9275,8900,9025,149699,-0.02695417789757415
2022-03-30,9200,9425,9000,9050,158825,0.0027700831024930483
2022-03-31,9200,9575,9050,9200,191245,0.016574585635359185
2022-04-01,9100,9450,8950,8975,299341,-0.024456521739130488
2022-04-04,9000,9075,8800,8950,103394,-0.0027855153203342198
2022-04-05,9025,9175,8925,9050,105851,0.011173184357541999
2022-04-06,8950,9075,8925,9000,78457,-0.0055248618784530246
2022-04-07,8900,8975,8525,8650,141678,-0.03888888888888886
2022-04-08,8650,8775,8400,8475,112825,-0.020231213872832332
2022-04-11,8425,8550,8250,8350,65443,-0.014749262536873142
2022-04-12,8275,8525,8150,8500,84411,0.017964071856287456
2022-04-13,8375,8725,8375,8625,60748,0.014705882352941124
2022-04-14,8500,8700,8475,8550,68823,-0.008695652173912993
2022-04-15,8500,8700,8250,8575,125376,0.0029239766081872176
2022-04-18,8650,8975,8250,8325,232956,-0.029154518950437303
2022-04-19,8375,8475,8250,8325,107020,0.0
2022-04-20,8450,8800,8325,8625,311081,0.03603603603603611
2022-04-21,8625,8750,8400,8400,79422,-0.02608695652173909
2022-04-22,8400,8425,8025,8125,142182,-0.03273809523809523
2022-04-25,7900,8225,7750,8000,123598,-0.01538461538461533
2022-04-26,7950,8225,7950,8025,86215,0.0031250000000000444
2022-04-27,7625,7950,7600,7775,148698,-0.031152647975077885
2022-04-28,7800,7875,7275,7375,151152,-0.05144694533762062
2022-04-29,7400,7825,7375,7750,136720,0.05084745762711873
2022-05-02,7650,7800,7500,7750,56841,0.0
2022-05-03,7850,7875,7725,7725,43627,-0.003225806451612856
2022-05-04,7725,9900,7575,7975,1977828,0.032362459546925626
2022-05-06,7750,9250,7600,8550,2780841,0.07210031347962387
2022-05-09,8550,8750,8075,8175,556504,-0.04385964912280704
2022-05-10,7950,8150,7675,8100,182766,-0.00917431192660545
2022-05-11,8100,8275,7725,7775,193567,-0.04012345679012341
2022-05-12,7600,7700,7100,7125,237068,-0.0836012861736335
2022-05-13,7100,7275,7025,7175,101896,0.007017543859649145
2022-05-16,7250,7550,7125,7325,132760,0.020905923344947785
2022-05-17,7400,7425,7250,7400,44745,0.010238907849829282
2022-05-18,7400,7550,7300,7325,65281,-0.010135135135135087
2022-05-19,7175,7200,6975,7025,95639,-0.04095563139931746
2022-05-20,7025,7250,7000,7175,72131,0.021352313167259718
2022-05-23,7250,7475,7175,7350,75025,0.024390243902439046
2022-05-24,7400,7400,7025,7100,74707,-0.03401360544217691
2022-05-25,7050,8500,6925,7650,2454265,0.07746478873239426
2022-05-26,7600,8700,7600,8500,1776771,0.11111111111111116
2022-05-27,8450,9275,7825,7975,1948612,-0.061764705882352944
2022-05-30,7900,9950,7900,9225,7156873,0.15673981191222564
2022-05-31,9200,9400,8850,8900,896298,-0.035230352303523005
2022-06-02,8900,8900,8675,8850,311125,-0.005617977528089901
2022-06-03,8775,8800,8575,8700,241377,-0.016949152542372836
2022-06-07,8575,8625,8400,8525,174467,-0.02011494252873558
2022-06-08,8425,8450,8150,8375,141138,-0.017595307917888547
2022-06-09,8200,8325,8025,8325,171235,-0.005970149253731294
2022-06-10,8225,8225,7800,7900,199714,-0.05105105105105101
2022-06-13,7650,7725,7400,7475,131134,-0.05379746835443033
2022-06-14,7275,7425,7100,7375,131354,-0.013377926421404673
2022-06-15,7275,7325,6725,6775,256257,-0.08135593220338988
2022-06-16,6850,7175,6825,6850,160656,0.011070110701107083
2022-06-17,6575,7000,6550,6925,122126,0.010948905109489093
2022-06-20,6925,6925,6200,6350,199513,-0.0830324909747292
2022-06-21,6350,6600,6250,6350,86591,0.0
2022-06-22,6325,6850,5975,6050,177582,-0.047244094488189003
2022-06-23,6000,6150,5625,5625,135224,-0.07024793388429751
2022-06-24,5575,6075,5575,5975,110515,0.06222222222222218
2022-06-27,5975,6325,5950,6175,73792,0.03347280334728042
2022-06-28,6375,6975,6300,6550,495391,0.06072874493927127
2022-06-29,8500,8500,7500,7800,3772506,0.19083969465648853
2022-06-30,7550,7675,7000,7125,526936,-0.08653846153846156
2022-07-01,7350,8425,7325,7400,2996193,0.03859649122807007
2022-07-04,7425,7900,6850,6975,641223,-0.057432432432432456
2022-07-05,7000,7175,6850,7050,200843,0.010752688172043001
2022-07-06,6975,7025,6525,6800,251886,-0.03546099290780147
2022-07-07,6775,7425,6775,7300,385323,0.07352941176470584
2022-07-08,7325,7425,7125,7150,174680,-0.020547945205479423
2022-07-11,7250,7700,7025,7400,707112,0.034965034965035
2022-07-12,7450,8000,7150,7775,1201931,0.05067567567567566
2022-07-13,7650,7700,7400,7500,262374,-0.03536977491961413
2022-07-14,7325,7625,7100,7200,237366,-0.040000000000000036
2022-07-15,7100,7400,6875,7275,228186,0.01041666666666674
2022-07-18,7300,7450,7125,7225,132404,-0.0068728522336769515
2022-07-19,7100,7225,6925,7000,164965,-0.03114186851211076
2022-07-20,6900,7100,6700,6725,287546,-0.03928571428571426
2022-07-21,6825,7025,6775,6800,100086,0.011152416356877248
2022-07-22,6800,6875,6475,6575,148348,-0.03308823529411764
2022-07-25,6600,6650,6400,6600,70264,0.0038022813688212143
2022-07-26,6600,7100,6525,7050,312243,0.06818181818181812
2022-07-27,6875,7075,6800,6800,125256,-0.03546099290780147
2022-07-28,6925,6950,6725,6825,97398,0.003676470588235281
2022-07-29,6850,6875,6650,6700,70600,-0.01831501831501836
2022-08-01,6700,6875,6675,6775,79620,0.011194029850746245
2022-08-02,6775,6775,6675,6700,49998,-0.011070110701106972
2022-08-03,6700,6800,6650,6750,36411,0.00746268656716409
2022-08-04,6750,6825,6675,6775,80854,0.0037037037037037646
2022-08-05,6775,6800,6650,6700,106018,-0.011070110701106972
2022-08-08,6725,6775,6600,6600,67201,-0.014925373134328401
2022-08-09,6600,6650,6525,6650,38564,0.007575757575757569
2022-08-10,6650,6650,6500,6525,59635,-0.018796992481203034
2022-08-11,6575,6650,6525,6575,58857,0.00766283524904221
2022-08-12,6575,6575,6475,6500,52220,-0.011406844106463865
2022-08-16,6500,6550,6450,6450,35037,-0.007692307692307665
2022-08-17,6450,6700,6400,6425,73978,-0.003875968992248069
2022-08-18,6375,6550,6375,6425,31245,0.0
2022-08-19,6425,6500,6375,6400,30057,-0.0038910505836575737
2022-08-22,6300,6350,6100,6100,56524,-0.046875
2022-08-23,6100,6150,5950,5975,46575,-0.020491803278688492
2022-08-24,5825,6025,5800,5950,81953,-0.004184100418409997
2022-08-25,6000,6225,5975,6150,51763,0.03361344537815136
2022-08-26,6175,6225,6000,6075,59625,-0.012195121951219523
2022-08-29,5900,6050,5850,6000,33514,-0.012345679012345734
2022-08-30,5975,6225,5975,6200,80636,0.03333333333333344
2022-08-31,6200,6575,6100,6375,162862,0.02822580645161299
2022-09-01,6425,6475,6200,6250,79141,-0.019607843137254943
2022-09-02,6850,7200,6400,6450,908747,0.03200000000000003
2022-09-05,6425,7425,6425,6825,1850899,0.058139534883721034
2022-09-06,6825,6850,6500,6600,326356,-0.03296703296703296
2022-09-07,6575,6750,6050,6050,433566,-0.08333333333333337
2022-09-08,6075,6125,5950,5975,119128,-0.012396694214875992
2022-09-13,6075,6150,5975,6025,68252,0.008368200836819994
2022-09-14,5825,5975,5750,5975,86141,-0.008298755186721962
2022-09-15,5975,6075,5900,5925,62323,-0.008368200836820106
2022-09-16,5875,5975,5775,5800,72026,-0.021097046413502074
2022-09-19,5775,5800,5250,5450,107018,-0.06034482758620685
2022-09-20,5475,5625,5450,5525,48383,0.013761467889908285
2022-09-21,5525,5625,5300,5450,45452,-0.013574660633484115
2022-09-22,5425,5425,5125,5275,56726,-0.032110091743119296
2022-09-23,5250,5275,4985,5025,97321,-0.04739336492891
2022-09-26,4885,4985,4600,4860,88515,-0.032835820895522394
2022-09-27,4705,4970,4705,4905,60781,0.0092592592592593
2022-09-28,5000,5050,4615,4710,74215,-0.03975535168195721
2022-09-29,4715,4950,4715,4870,63731,0.03397027600849256
2022-09-30,4710,4815,4635,4750,56280,-0.024640657084188944
2022-10-04,4755,4890,4755,4875,30291,0.026315789473684292
2022-10-05,4910,5100,4810,4860,53079,-0.003076923076923088
2022-10-06,4925,5025,4855,4925,48057,0.01337448559670773
2022-10-07,4930,5025,4830,4895,23390,-0.006091370558375608
2022-10-11,4895,4895,4540,4615,54398,-0.05720122574055153
2022-10-12,4560,4695,4530,4560,26805,-0.011917659804983716
2022-10-13,4565,5925,4565,5925,1840691,0.29934210526315796
2022-10-14,5850,5925,5375,5675,1650402,-0.04219409282700426
2022-10-17,5575,5800,5525,5700,482867,0.004405286343612369
2022-10-18,5650,5875,5575,5650,318212,-0.00877192982456143
2022-10-19,5775,5950,5225,5375,814862,-0.04867256637168138
2022-10-20,5350,5625,5175,5375,303072,0.0
2022-10-21,5250,6225,5100,5525,1580794,0.027906976744185963
2022-10-24,5500,5625,5300,5300,243229,-0.040723981900452455
2022-10-25,5400,5575,5150,5225,146163,-0.014150943396226467
2022-10-26,5275,5875,5250,5625,1014625,0.07655502392344493
2022-10-27,5700,5775,5525,5650,241711,0.004444444444444473
2022-10-28,5625,5650,5300,5350,159172,-0.053097345132743334
2022-10-31,5425,5425,5050,5200,159502,-0.028037383177570097
2022-11-01,5250,5300,5125,5275,75391,0.014423076923076872
2022-11-02,5325,5350,5025,5025,139450,-0.04739336492891
2022-11-03,4960,5050,4905,4980,83105,-0.008955223880596996
2022-11-04,4955,5075,4930,5075,44303,0.01907630522088355
2022-11-07,5100,5100,4985,5000,51357,-0.014778325123152691
2022-11-08,5050,5175,5000,5050,90219,0.010000000000000009
2022-11-09,5075,5175,5025,5100,43988,0.00990099009900991
2022-11-10,5075,5075,5000,5000,36411,-0.019607843137254943
2022-11-11,5150,5200,5050,5100,56386,0.020000000000000018
2022-11-14,5125,5300,5125,5200,69765,0.019607843137254832
2022-11-15,5175,5450,5150,5425,140289,0.04326923076923084
2022-11-16,5450,5475,5275,5400,77408,-0.004608294930875556
2022-11-17,5350,5350,5125,5150,71166,-0.04629629629629628
2022-11-18,5100,5225,4995,5025,96932,-0.024271844660194164
2022-11-21,5050,5050,4960,4985,60835,-0.007960199004975133
2022-11-22,4970,5025,4905,4920,75837,-0.013039117352056206
2022-11-23,4935,5075,4920,5025,46292,0.021341463414634054
2022-11-24,5100,5150,5000,5100,53850,0.014925373134328401
2022-11-25,5150,5150,5000,5025,35588,-0.014705882352941124
2022-11-28,5025,5075,4925,4955,49853,-0.013930348258706426
2022-11-29,4900,4995,4735,4965,44404,0.0020181634712410634
2022-11-30,5000,5225,4980,5150,76106,0.03726082578046319
2022-12-01,5225,5225,5025,5125,41791,-0.004854368932038833
2022-12-02,5150,5150,5025,5150,26712,0.004878048780487809
2022-12-05,5175,5200,5075,5075,25171,-0.014563106796116498
2022-12-06,5000,5225,4990,5025,57551,-0.009852216748768461
2022-12-07,5075,5150,4865,5050,67056,0.004975124378109541
2022-12-08,5025,5050,4915,4955,60284,-0.01881188118811883
2022-12-09,4915,5050,4915,4985,40852,0.006054490413723412
2022-12-12,5000,5175,4925,5175,57969,0.03811434302908734
2022-12-13,5125,5200,5025,5025,36426,-0.02898550724637683
2022-12-14,5050,5150,5025,5125,53431,0.01990049751243772
2022-12-15,5150,5575,5125,5375,359947,0.04878048780487809
2022-12-16,5325,5425,5050,5100,189437,-0.051162790697674376
2022-12-19,5100,5300,5000,5050,97507,-0.009803921568627416
2022-12-20,5000,5050,4890,4915,100758,-0.026732673267326756
2022-12-21,4915,4970,4900,4920,48789,0.0010172939979653517
2022-12-22,4940,5075,4940,5025,37293,0.021341463414634054
2022-12-23,5025,5025,4910,4945,63964,-0.015920398009950265
2022-12-26,4915,4960,4860,4930,31613,-0.0030333670374115274
2022-12-27,4980,5025,4950,5000,51900,0.014198782961460488
2022-12-28,5000,5150,4995,5025,62656,0.004999999999999893
2022-12-29,5000,5025,4910,4950,41301,-0.014925373134328401
2023-01-02,4950,5025,4875,4885,39752,-0.013131313131313105
2023-01-03,4830,4880,4750,4785,58292,-0.020470829068577223
2023-01-04,4780,4895,4680,4885,46180,0.020898641588296796
2023-01-05,4945,5000,4850,4895,45887,0.0020470829068577334
2023-01-06,4825,4950,4820,4885,36120,-0.002042900919305368
2023-01-09,4890,4995,4890,4945,23368,0.0122824974411464
2023-01-10,4960,5175,4915,5150,103785,0.04145601617795758
2023-01-11,5125,5200,5025,5150,43916,0.0
2023-01-12,5225,5225,5050,5075,30574,-0.014563106796116498
2023-01-13,5100,5150,5025,5075,25161,0.0
2023-01-16,5075,5175,5025,5100,41744,0.0049261083743843415
2023-01-17,5125,5150,5000,5000,54292,-0.019607843137254943
2023-01-18,5000,5075,4990,4995,34442,-0.0010000000000000009
2023-01-19,4975,4995,4875,4895,55775,-0.020020020020020013
2023-01-20,4920,4965,4905,4950,13188,0.011235955056179803
2023-01-25,5005,5015,4945,4985,29940,0.007070707070707005
2023-01-26,4975,5015,4960,4975,32387,-0.0020060180541624506
2023-01-27,4995,5025,4985,4995,25010,0.004020100502512669
2023-01-30,5040,5040,4980,5000,24913,0.0010010010010010895
2023-01-31,5000,5140,5000,5135,70561,0.026999999999999913
2023-02-01,5160,5180,5050,5090,39608,-0.008763388510223957
2023-02-02,5120,5150,5075,5135,42677,0.008840864440078589
2023-02-03,5155,5160,5080,5120,22122,-0.0029211295034079487
2023-02-06,5120,5165,5070,5150,39073,0.005859375
2023-02-07,5150,5175,5080,5175,38403,0.004854368932038833
2023-02-08,5175,5410,5175,5405,126206,0.04444444444444451
2023-02-09,5405,5405,5225,5225,80168,-0.033302497687326515
2023-02-10,5250,5430,5125,5160,86101,-0.012440191387559807
2023-02-13,5175,5175,5005,5010,55930,-0.029069767441860517
2023-02-14,5005,5030,4990,5025,45242,0.0029940119760478723
2023-02-15,5025,5025,4940,4960,63234,-0.012935323383084563
2023-02-16,4935,5045,4935,5015,34045,0.011088709677419262
2023-02-17,5025,5025,4935,4945,44250,-0.01395812562313059
2023-02-20,4925,4995,4855,4955,45065,0.002022244691607611
2023-02-21,4965,4980,4880,4905,65878,-0.010090817356205872
2023-02-22,4885,4885,4745,4750,131532,-0.031600407747196746
2023-02-23,4750,4810,4725,4750,39429,0.0
2023-02-24,4755,4830,4660,4700,67396,-0.010526315789473717
2023-02-27,4670,4670,4580,4670,55903,-0.006382978723404209
2023-02-28,4655,4710,4565,4650,37659,-0.004282655246252709
2023-03-02,4650,4720,4635,4710,52639,0.012903225806451646
2023-03-03,4745,4775,4665,4670,30550,-0.00849256900212314
2023-03-06,4675,4680,4600,4615,61723,-0.011777301927194839
2023-03-07,4615,4895,4575,4805,108773,0.041170097508125725
2023-03-08,4805,4855,4660,4735,48401,-0.014568158168574374
2023-03-09,4780,5150,4780,4910,176540,0.03695881731784589
2023-03-10,4915,5250,4900,5040,433636,0.026476578411405383
2023-03-13,4960,4985,4650,4765,106685,-0.05456349206349209
2023-03-14,4750,4765,4530,4550,108144,-0.04512067156348376
2023-03-15,4550,4685,4535,4565,45566,0.003296703296703285
2023-03-16,4555,4640,4365,4425,73581,-0.03066812705366917
2023-03-17,4485,4600,4485,4575,36094,0.03389830508474567
2023-03-20,4570,4615,4490,4545,34536,-0.006557377049180357
2023-03-21,4600,4645,4515,4550,32861,0.0011001100110010764
2023-03-22,4595,4630,4435,4510,61918,-0.00879120879120876
2023-03-23,4460,4500,4400,4450,61677,-0.013303769401330379
2023-03-24,4425,4485,4415,4480,24441,0.006741573033707926
2023-03-27,4470,4515,4285,4460,114722,-0.004464285714285698
2023-03-28,4890,4890,4505,4520,320828,0.013452914798206317
2023-03-29,4495,4715,4465,4660,115918,0.030973451327433565
2023-03-30,4750,4935,4720,4805,157642,0.0311158798283262
2023-03-31,4805,4820,4625,4630,61491,-0.03642039542143605
2023-04-03,4630,4690,4525,4660,70655,0.00647948164146861
2023-04-04,4710,4870,4675,4850,82383,0.04077253218884125
2023-04-05,4850,4850,4705,4835,65748,-0.003092783505154628
2023-04-06,4835,4835,4675,4725,52433,-0.022750775594622574
2023-04-07,4725,4775,4725,4760,36738,0.007407407407407307
2023-04-10,4750,4765,4685,4750,41937,-0.0021008403361344463
2023-04-11,4690,5085,4600,4960,168886,0.04421052631578948
2023-04-12,4975,5200,4855,5025,175294,0.013104838709677491
2023-04-13,5025,5140,4825,5020,60526,-0.0009950248756218638
2023-04-14,5030,5250,4985,5010,79601,-0.0019920318725099584
2023-04-17,5010,5055,4925,5050,43119,0.007984031936127733
2023-04-18,5040,5045,4930,4965,75732,-0.016831683168316847
2023-04-19,4965,5115,4950,5015,71903,0.010070493454179319
2023-04-20,5015,5100,4885,4940,48758,-0.014955134596211339
2023-04-21,4920,4980,4835,4890,36835,-0.010121457489878583
2023-04-24,4920,4920,4800,4845,26990,-0.009202453987730008
2023-04-25,4845,5045,4815,4950,49652,0.021671826625387025
2023-04-26,4950,4950,4815,4820,35772,-0.02626262626262621
2023-04-27,4780,4780,4600,4645,55431,-0.036307053941908696
2023-04-28,4645,4665,4545,4575,34849,-0.015069967707212029
2023-05-02,4615,4710,4580,4675,21130,0.021857923497267784
2023-05-03,4675,4750,4665,4725,21376,0.010695187165775444
2023-05-04,4725,4735,4635,4635,16640,-0.01904761904761909
2023-05-08,4775,4775,4640,4735,20439,0.02157497303128375
2023-05-09,4735,4735,4605,4610,28317,-0.026399155227032733
2023-05-10,4625,4690,4625,4645,21883,0.00759219088937102
2023-05-11,4645,4720,4580,4590,30822,-0.011840688912809427
2023-05-12,4590,4675,4535,4620,33598,0.006535947712418277
2023-05-15,4620,4630,4460,4490,43494,-0.02813852813852813
2023-05-16,4490,4535,4460,4480,31272,-0.00222717149220486
2023-05-17,4435,4530,4430,4500,42994,0.0044642857142858094
2023-05-18,4545,4575,4515,4535,16792,0.007777777777777883
2023-05-19,4585,4615,4535,4560,22101,0.005512679162072764
2023-05-22,4560,4590,4525,4575,18464,0.00328947368421062
2023-05-23,4580,4610,4555,4585,15624,0.002185792349726823
2023-05-24,4590,4600,4515,4560,23053,-0.005452562704471142
2023-05-25,4555,4590,4495,4525,32480,-0.007675438596491224
2023-05-26,4525,4525,4450,4465,34439,-0.013259668508287303
2023-05-30,4465,4500,4440,4470,31546,0.0011198208286673506
2023-05-31,4470,4495,4420,4445,35478,-0.005592841163310935
2023-06-01,4445,4575,4440,4560,45878,0.025871766029246235
2023-06-02,4575,4580,4490,4500,33659,-0.013157894736842146
2023-06-05,4500,5485,4475,4705,1791571,0.04555555555555557
2023-06-07,4705,4745,4650,4695,149972,-0.002125398512221044
2023-06-08,4695,4725,4620,4680,77542,-0.0031948881789137795
2023-06-09,4680,4735,4650,4715,83882,0.007478632478632452
2023-06-12,4715,4740,4600,4640,62758,-0.01590668080593849
2023-06-13,4635,4685,4600,4625,39858,-0.003232758620689613
2023-06-14,4670,4670,4500,4525,73311,-0.021621621621621623
2023-06-15,4510,4575,4420,4490,64673,-0.007734806629834279
2023-06-16,4495,4525,4465,4500,20360,0.00222717149220486
2023-06-19,4525,4660,4495,4655,56263,0.0344444444444445
2023-06-20,4655,5090,4620,5010,353009,0.07626208378088073
2023-06-21,4965,5220,4915,5220,224748,0.041916167664670656
2023-06-22,5150,5525,4950,5335,626194,0.022030651340996243
2023-06-23,5335,5495,5075,5115,203885,-0.04123711340206182
2023-06-26,5085,5200,5020,5175,57397,0.011730205278592365
2023-06-27,5165,5165,4965,4970,105910,-0.03961352657004835
2023-06-28,4980,5940,4980,5900,2162193,0.18712273641851107
2023-06-29,6310,7320,5900,6800,4847126,0.15254237288135597
2023-06-30,7525,8465,7240,7675,6380481,0.12867647058823528
2023-07-03,8750,8750,7280,7325,4140759,-0.0456026058631922
2023-07-04,7270,7365,6875,6915,1003275,-0.055972696245733755
2023-07-05,6815,6975,6515,6575,583897,-0.049168474331164114
2023-07-06,6575,6575,6160,6180,556247,-0.06007604562737645
2023-07-07,6105,6265,5700,5785,746658,-0.06391585760517804
2023-07-10,5910,6450,5675,5700,1433504,-0.014693171996542742
2023-07-11,5700,6240,5470,5950,639654,0.04385964912280693
2023-07-12,5950,5970,5655,5745,256361,-0.03445378151260503
2023-07-13,5745,5930,5690,5760,183884,0.0026109660574411553
2023-07-14,5880,6150,5475,5515,235198,-0.04253472222222221
2023-07-17,5515,5745,5400,5715,135584,0.036264732547597545
2023-07-18,5675,5685,5495,5525,107091,-0.03324584426946631
2023-07-19,5500,5515,5250,5380,120306,-0.026244343891402733
2023-07-20,5375,5440,5250,5405,88719,0.004646840148698983
2023-07-21,5310,5390,5270,5340,70643,-0.012025901942645745
2023-07-24,5300,5325,5030,5095,98521,-0.04588014981273403
2023-07-25,5030,5150,4895,4915,172425,-0.035328753680078484
2023-07-26,4905,4930,4500,4675,190450,-0.04883011190233977
2023-07-27,4630,4825,4505,4745,59771,0.014973262032085488
2023-07-28,4760,4940,4745,4940,65363,0.041095890410958846
2023-07-31,4940,5075,4860,4995,60315,0.011133603238866474
2023-08-01,4995,5300,4990,5265,107347,0.054054054054053946
2023-08-02,5310,5320,5140,5275,95546,0.0018993352326686086
2023-08-03,5265,5440,5150,5410,77433,0.025592417061611306
2023-08-04,5415,5450,4950,5215,86678,-0.03604436229205177
2023-08-07,5175,5450,5100,5450,68936,0.04506232023010548
2023-08-08,5455,5655,5305,5420,274100,-0.0055045871559632475
2023-08-09,5425,5695,5350,5595,131355,0.032287822878228845
2023-08-10,5575,5655,5425,5495,70756,-0.01787310098302053
2023-08-11,5485,5555,5410,5440,62412,-0.010009099181073733
2023-08-14,5435,5460,5260,5390,74580,-0.009191176470588203
2023-08-16,5380,5380,5135,5225,70335,-0.030612244897959218
2023-08-17,5230,5230,5030,5185,87520,-0.007655502392344471
2023-08-18,5185,5360,4995,5360,55000,0.03375120540019294
2023-08-21,5255,5405,5230,5395,57023,0.006529850746268551
2023-08-22,5485,5850,5250,5650,175137,0.04726598702502316
2023-08-23,5655,6700,5505,6400,1881044,0.1327433628318584
2023-08-24,6615,6975,6005,6395,764286,-0.0007812499999999556
2023-08-25,6390,6430,6120,6220,226045,-0.027365129007036693
2023-08-28,6365,6990,6280,6600,1400933,0.06109324758842449
2023-08-29,6535,6570,6200,6240,293979,-0.054545454545454564
2023-08-30,6310,6335,6150,6290,99559,0.008012820512820484
2023-08-31,6255,6260,6075,6145,115259,-0.02305246422893481
2023-09-01,6105,6330,6105,6210,81746,0.01057770545158676
2023-09-04,6160,6160,5825,5880,184147,-0.0531400966183575
2023-09-05,5880,6215,5665,5690,243331,-0.03231292517006801
2023-09-06,5690,5855,5500,5705,67520,0.002636203866432263
2023-09-07,5705,5755,5555,5650,67785,-0.009640666082383897
2023-09-08,5600,5725,5535,5725,51121,0.01327433628318575
2023-09-11,5725,5755,5385,5450,65108,-0.048034934497816595
2023-09-12,5400,5550,5325,5365,42746,-0.015596330275229331
2023-09-13,5365,5365,5145,5175,60014,-0.03541472506989751
2023-09-14,5175,5215,5055,5210,49850,0.006763285024154575
2023-09-15,5245,5245,5125,5205,35381,-0.0009596928982725794
2023-09-18,5160,5160,5050,5090,44738,-0.022094140249759864
2023-09-19,5090,5120,5025,5085,28762,-0.0009823182711198308
2023-09-20,5015,5140,4975,5040,49331,-0.008849557522123908
2023-09-21,5030,5070,4900,4980,64191,-0.011904761904761862
2023-09-22,4980,5000,4875,4965,39974,-0.003012048192771122
2023-09-25,4920,5000,4875,4900,59251,-0.01309164149043307
2023-09-26,4900,4910,4730,4785,53695,-0.02346938775510199
2023-09-27,4755,4825,4735,4770,29361,-0.0031347962382445305
2023-10-04,4755,4795,4620,4675,28474,-0.01991614255765195
2023-10-05,4615,4745,4575,4575,42441,-0.021390374331550777
2023-10-06,4505,4865,4505,4820,29212,0.05355191256830594
2023-10-10,4805,4860,4640,4705,35664,-0.023858921161825752
2023-10-11,4720,4865,4655,4760,33676,0.011689691817215797
2023-10-12,4835,4835,4725,4810,7932,0.010504201680672232
2023-10-13,4795,4815,4725,4805,16448,-0.0010395010395010118
2023-10-16,4755,4755,4550,4610,29763,-0.04058272632674298
2023-10-17,4550,4710,4550,4575,31472,-0.007592190889370909
2023-10-18,4630,4640,4500,4595,35614,0.004371584699453646
2023-10-19,4595,4700,4510,4565,26010,-0.006528835690968404
2023-10-20,4550,4550,4390,4500,54868,-0.014238773274917849
2023-10-23,4455,4510,4325,4325,30866,-0.03888888888888886
2023-10-24,4325,4470,4005,4445,43799,0.02774566473988438
2023-10-25,4500,4740,4450,4595,36601,0.03374578177727794
2023-10-26,4560,4590,4425,4470,22602,-0.027203482045701888
2023-10-27,4465,4495,4380,4390,14082,-0.017897091722595126
2023-10-30,4415,4450,4325,4435,9621,0.010250569476081939
2023-10-31,4445,4485,4260,4280,23474,-0.03494926719278468
2023-11-01,4240,4340,4235,4245,16275,-0.008177570093457986
2023-11-02,4315,4530,4290,4500,31636,0.060070671378091856
2023-11-03,4500,4545,4430,4495,11995,-0.0011111111111110628
2023-11-06,4495,4570,4495,4540,17343,0.010011123470522909
2023-11-07,4560,4560,4455,4510,16810,-0.0066079295154185536
2023-11-08,4500,4570,4495,4500,17513,-0.0022172949002217113
2023-11-09,4520,4545,4425,4490,13849,-0.0022222222222222365
2023-11-10,4490,4525,4375,4445,12035,-0.010022271714922093
2023-11-13,4400,4430,4285,4345,26098,-0.022497187851518552
2023-11-14,4260,4415,4260,4410,16575,0.014959723820483273
2023-11-15,4410,4525,4410,4525,15466,0.026077097505669
2023-11-16,4525,4530,4455,4525,11485,0.0
2023-11-17,4640,4650,4435,4500,16154,-0.0055248618784530246
2023-11-20,4500,4550,4455,4465,11730,-0.007777777777777772
2023-11-21,4405,4490,4400,4465,20608,0.0
2023-11-22,4460,4490,4350,4350,19098,-0.025755879059350506
2023-11-23,4400,4410,4350,4350,22273,0.0
2023-11-24,4505,4545,4340,4350,24438,0.0
2023-11-27,4415,4415,4255,4275,30026,-0.017241379310344862
2023-11-28,4315,4325,4200,4210,24975,-0.01520467836257311
2023-11-29,4210,4215,4115,4150,26440,-0.014251781472684133
2023-11-30,4135,4190,4075,4155,15326,0.00120481927710836
2023-12-01,4160,4180,4120,4160,8355,0.001203369434416457
2023-12-04,4200,4200,4100,4160,10165,0.0
2023-12-05,4170,4175,4120,4145,15160,-0.0036057692307692735
2023-12-06,4145,4145,4070,4095,18712,-0.012062726176115812
2023-12-07,4120,4130,4025,4080,46038,-0.00366300366300365
2023-12-08,4075,4100,4025,4030,15048,-0.01225490196078427
2023-12-11,4030,4195,4015,4085,22411,0.013647642679900818
2023-12-12,4085,4110,4025,4030,14593,-0.01346389228886169
2023-12-13,4030,4065,4010,4060,31451,0.007444168734491274
2023-12-14,4075,4080,4015,4045,12684,-0.003694581280788145
2023-12-15,4040,4070,4015,4045,13048,0.0
2023-12-18,4045,4065,4015,4035,20848,-0.0024721878862793423
2023-12-19,4015,4050,4010,4030,15137,-0.0012391573729864103
2023-12-20,4030,4085,4025,4070,18018,0.00992555831265518
2023-12-21,4080,4245,4070,4240,57056,0.041769041769041726
2023-12-22,4245,4260,4110,4140,35931,-0.02358490566037741
2023-12-26,4175,4175,4000,4010,30092,-0.03140096618357491
2023-12-27,3960,4020,3915,4010,25767,0.0
2023-12-28,4045,4375,4000,4355,126233,0.08603491271820451
2024-01-02,4355,4440,4310,4395,24642,0.009184845005740572
2024-01-03,4325,4410,4320,4395,19526,0.0
2024-01-04,4395,4395,4275,4300,19614,-0.021615472127417545
2024-01-05,4255,4325,4250,4280,10790,-0.0046511627906976605
2024-01-08,4315,4315,4060,4145,58780,-0.031542056074766345
2024-01-09,4150,4150,4080,4115,19306,-0.007237635705669487
2024-01-10,4070,4120,4025,4030,47219,-0.020656136087484844
2024-01-11,4030,4110,4030,4110,22455,0.01985111662531014
2024-01-12,4100,4110,4045,4085,10658,-0.006082725060827299
2024-01-15,4085,4085,4010,4050,20836,-0.008567931456548328
2024-01-16,4050,4065,4020,4050,16992,0.0
2024-01-17,4050,4050,3950,3985,38913,-0.016049382716049387
2024-01-18,3950,3995,3950,3980,16767,-0.0012547051442910462
2024-01-19,3940,4050,3940,4010,15410,0.007537688442211143
2024-01-22,4030,4030,3925,3975,11468,-0.00872817955112215
2024-01-23,3950,3990,3905,3975,19147,0.0
2024-01-24,3910,3975,3910,3965,21422,-0.002515723270440251
2024-01-25,3970,4005,3915,3960,12230,-0.0012610340479193294
2024-01-26,3955,3955,3895,3930,28680,-0.007575757575757569
2024-01-29,3915,3945,3890,3920,25660,-0.0025445292620864812
2024-01-30,3900,3970,3890,3910,13985,-0.0025510204081632404
2024-01-31,3910,3910,3875,3900,18640,-0.002557544757033292
2024-02-01,3865,3890,3815,3860,25667,-0.01025641025641022
2024-02-02,3860,3885,3825,3870,18843,0.002590673575129543
2024-02-05,3890,3890,3785,3815,33138,-0.014211886304909549
2024-02-06,3840,3840,3685,3735,34126,-0.020969855832241202
2024-02-07,3735,3760,3730,3745,6772,0.0026773761713521083
2024-02-08,3780,3790,3705,3725,16139,-0.005340453938584733
2024-02-13,3725,3785,3715,3760,12097,0.00939597315436247
2024-02-14,3760,3775,3685,3725,24657,-0.009308510638297851
2024-02-15,3725,3730,3665,3725,14403,0.0
2024-02-16,3725,3730,3670,3700,28746,-0.006711409395973145
2024-02-19,3675,3715,3670,3695,18408,-0.0013513513513513375
2024-02-20,3665,3750,3480,3600,58024,-0.025710419485791558
2024-02-21,3600,4600,3600,3885,1019115,0.07916666666666661
2024-02-22,3885,3885,3730,3765,75850,-0.030888030888030937
2024-02-23,3730,3760,3645,3685,39714,-0.021248339973439556
2024-02-26,3615,3665,3550,3600,59188,-0.023066485753052923
2024-02-27,3600,3600,3505,3585,33570,-0.004166666666666652
2024-02-28,3550,3885,3545,3575,97923,-0.002789400278940035
2024-02-29,3575,3595,3520,3545,28948,-0.008391608391608352
2024-03-04,3530,3540,3485,3485,38477,-0.016925246826516194
2024-03-05,3395,3490,3390,3425,44149,-0.017216642754662836
2024-03-06,3425,3460,3390,3420,24421,-0.0014598540145985828
2024-03-07,3415,3435,3360,3410,28044,-0.0029239766081871066
2024-03-08,3480,3670,3375,3420,59084,0.0029325513196480912
2024-03-11,3440,3440,3370,3385,32870,-0.010233918128654929
2024-03-12,3385,3385,3315,3360,30630,-0.00738552437223039
2024-03-13,3335,3340,3260,3295,64145,-0.019345238095238138
2024-03-14,3250,3325,3250,3305,26038,0.003034901365705611
2024-03-15,3305,3325,3270,3315,13230,0.00302571860816947
2024-03-18,3350,3470,3340,3435,36235,0.03619909502262453
2024-03-19,3455,3475,3425,3465,17664,0.008733624454148492
2024-03-20,3465,3610,3455,3540,50004,0.02164502164502169
2024-03-21,3560,3575,3495,3550,17082,0.0028248587570620654
2024-03-22,3570,3580,3540,3550,11643,0.0
2024-03-25,3565,3565,3485,3500,23800,-0.014084507042253502
2024-03-26,3500,3500,3445,3455,13063,-0.0128571428571429
2024-03-27,3445,3460,3305,3425,53732,-0.00868306801736618
2024-03-28,3395,3425,3360,3415,10844,-0.0029197080291970545
2024-03-29,3445,3445,3400,3420,10304,0.0014641288433381305
2024-04-01,3410,3455,3370,3385,18859,-0.010233918128654929
2024-04-02,3355,3425,3315,3315,23939,-0.020679468242245203
2024-04-03,3295,3340,3295,3300,14057,-0.004524886877828038
2024-04-04,3280,3325,3235,3305,58087,0.0015151515151514694
2024-04-05,3260,3285,3225,3245,25259,-0.018154311649016597
2024-04-08,3265,3270,3210,3210,21223,-0.01078582434514641
2024-04-09,3225,3225,3200,3205,16645,-0.0015576323987538387
2024-04-11,3205,3205,3150,3185,14975,-0.006240249609984372
2024-04-12,3160,3220,3160,3195,12803,0.0031397174254317317
2024-04-15,3195,3200,3130,3165,11252,-0.009389671361502372
2024-04-16,3130,3150,3045,3060,27377,-0.033175355450236976
2024-04-17,3060,3080,3035,3060,24346,0.0
2024-04-18,3060,3130,3055,3120,14358,0.019607843137254832
2024-04-19,3135,3135,3040,3050,8867,-0.022435897435897467
2024-04-22,3025,3070,3025,3050,9473,0.0
2024-04-23,3050,3105,3045,3080,14754,0.009836065573770592
2024-04-24,3080,3120,3080,3120,12283,0.01298701298701288
2024-04-25,3120,3140,3100,3105,8979,-0.004807692307692291
2024-04-26,3035,3325,3015,3015,29520,-0.02898550724637683
2024-04-29,3030,3245,3030,3215,25570,0.06633499170812596
2024-04-30,3190,3285,3185,3270,14689,0.01710730948678063
2024-05-02,3190,3310,3190,3305,15384,0.010703363914372988
2024-05-03,3325,3350,3275,3320,15945,0.004538577912254205
2024-05-07,3290,3535,3290,3410,32178,0.027108433734939652
2024-05-08,3445,3525,3445,3520,39779,0.032258064516129004
2024-05-09,3530,3655,3520,3630,54126,0.03125
2024-05-10,3650,4200,3640,3930,381597,0.0826446280991735
2024-05-13,3930,4010,3640,3850,65203,-0.020356234096692072
2024-05-14,3830,3980,3745,3860,26767,0.0025974025974024872
2024-05-16,3865,3885,3740,3805,45844,-0.014248704663212486
2024-05-17,3805,3805,3455,3520,98911,-0.07490144546649147
2024-05-20,3560,3560,3320,3420,32379,-0.02840909090909094
2024-05-21,3420,3500,3185,3500,43200,0.023391812865497075
2024-05-22,3500,3500,3205,3265,26708,-0.06714285714285717
2024-05-23,3265,3595,3250,3585,62116,0.09800918836140893
2024-05-24,3585,3585,3435,3435,20419,-0.04184100418410042
2024-05-27,3405,3485,3190,3375,42594,-0.017467248908296984
2024-05-28,3655,3655,3385,3430,40876,0.016296296296296253
2024-05-29,3465,3465,3330,3345,11558,-0.02478134110787167
2024-05-30,3355,3450,3300,3405,11842,0.017937219730941756
2024-05-31,3405,3445,3370,3415,8386,0.002936857562408246
2024-06-03,3435,3440,3350,3405,13552,-0.002928257686676372
2024-06-04,3405,3500,3325,3370,17890,-0.01027900146842875
2024-06-05,3390,3390,3320,3345,9741,-0.007418397626112738
2024-06-07,3345,3345,3200,3245,21166,-0.029895366218236186
2024-06-10,3245,3245,3075,3075,55963,-0.05238828967642528
2024-06-11,3075,3130,3075,3120,21711,0.014634146341463428
2024-06-12,3140,3140,3075,3090,12388,-0.009615384615384581
2024-06-13,3090,3110,3050,3095,23246,0.0016181229773462036
2024-06-14,3095,3115,3060,3100,17849,0.001615508885298933
2024-06-17,3100,3100,2980,3070,43900,-0.009677419354838679
2024-06-18,3060,3075,2930,3005,26249,-0.021172638436482094
2024-06-19,2995,3025,2945,2950,22434,-0.01830282861896837
2024-06-20,2950,2980,2820,2820,58001,-0.04406779661016946
2024-06-21,2820,2870,2800,2830,18122,0.0035460992907800915
2024-06-24,2830,2830,2735,2760,29625,-0.02473498233215543
2024-06-25,2735,2760,2680,2680,21074,-0.02898550724637683
2024-06-26,2680,2715,2640,2705,22604,0.009328358208955168
2024-06-27,2710,2725,2620,2650,18188,-0.020332717190388205
2024-06-28,2650,2655,2550,2620,53747,-0.01132075471698113
2024-07-01,2620,2720,2620,2675,20987,0.020992366412213803
2024-07-02,2695,2700,2600,2640,15102,-0.013084112149532756
2024-07-03,2640,2660,2405,2510,150060,-0.0492424242424242
2024-07-04,2510,2525,2450,2500,20609,-0.003984063745019917
2024-07-05,2500,2525,2440,2440,21433,-0.02400000000000002
2024-07-08,2440,2480,2385,2450,24896,0.004098360655737654
2024-07-09,2450,2695,2430,2560,78846,0.044897959183673564
2024-07-10,2560,2660,2540,2630,27738,0.02734375
2024-07-11,2600,2650,2580,2630,22427,0.0
2024-07-12,2615,2615,2515,2560,21264,-0.026615969581749055
2024-07-15,2590,2600,2540,2580,15696,0.0078125
2024-07-16,2580,2590,2460,2540,38215,-0.015503875968992276
2024-07-17,2515,2570,2510,2545,16577,0.0019685039370078705
2024-07-18,2560,2565,2470,2525,15508,-0.007858546168958758
2024-07-19,2520,2640,2475,2550,18280,0.00990099009900991
2024-07-22,2550,2690,2535,2605,43748,0.021568627450980316
2024-07-23,2605,2615,2530,2530,22118,-0.028790786948176605
2024-07-24,2500,2530,2470,2480,17919,-0.01976284584980237
2024-07-25,2455,2705,2450,2525,108273,0.01814516129032251
2024-07-26,2500,2525,2455,2525,23934,0.0
2024-07-29,2525,2525,2475,2520,11191,-0.001980198019801982
2024-07-30,2490,2525,2475,2525,14507,0.001984126984126977
2024-07-31,2525,2620,2495,2560,17692,0.013861386138613874
2024-08-01,2560,2620,2525,2590,26337,0.01171875
2024-08-02,2590,2620,2505,2515,14122,-0.02895752895752901
2024-08-05,2475,2485,2245,2390,65657,-0.04970178926441349
2024-08-06,2330,2425,2305,2420,44771,0.012552301255230214
2024-08-07,2420,2475,2380,2430,19956,0.004132231404958775
2024-08-08,2425,2495,2405,2435,20166,0.002057613168724215
2024-08-09,2435,2490,2420,2460,16439,0.010266940451745477
2024-08-12,2460,2490,2420,2490,15958,0.012195121951219523
2024-08-13,2490,2675,2470,2550,51240,0.024096385542168752
2024-08-14,2550,2585,2500,2585,19671,0.013725490196078383
2024-08-16,2585,2615,2520,2560,26507,-0.009671179883945835
2024-08-19,2540,3050,2505,2785,520824,0.087890625
2024-08-20,2780,2780,2650,2700,60125,-0.030520646319569078
2024-08-21,2680,2700,2580,2620,33976,-0.029629629629629672
2024-08-22,2620,2650,2535,2575,21684,-0.01717557251908397
2024-08-23,2580,2590,2500,2545,17415,-0.011650485436893177
2024-08-26,2545,2575,2490,2555,20862,0.003929273084479323
2024-08-27,2550,2555,2445,2465,48952,-0.03522504892367906
2024-08-28,2465,2515,2460,2500,16082,0.014198782961460488
2024-08-29,2495,2495,2425,2490,28003,-0.0040000000000000036
2024-08-30,2465,2530,2460,2495,11965,0.002008032128514081
2024-09-02,2465,2510,2430,2500,17551,0.002004008016031955
2024-09-03,2500,2510,2420,2420,12172,-0.03200000000000003
2024-09-04,2420,2445,2335,2350,35935,-0.02892561983471076
2024-09-05,2335,2410,2335,2375,8522,0.010638297872340496
2024-09-06,2365,2425,2270,2370,21885,-0.002105263157894721
2024-09-09,2370,2380,2310,2375,5907,0.0021097046413502962
2024-09-10,2390,2410,2355,2370,6520,-0.002105263157894721
2024-09-11,2365,2395,2355,2375,6799,0.0021097046413502962
2024-09-12,2375,2480,2370,2390,15769,0.006315789473684275
2024-09-13,2405,2470,2370,2460,10583,0.029288702928870203
2024-09-19,2460,2525,2445,2455,30072,-0.002032520325203291
2024-09-20,2455,2525,2450,2470,29594,0.006109979633401208
2024-09-23,2475,2510,2460,2500,14868,0.012145748987854255
2024-09-24,2475,2535,2470,2505,11057,0.0020000000000000018
2024-09-25,2505,2520,2475,2495,20795,-0.003992015968063867
2024-09-26,2495,2560,2470,2500,24840,0.002004008016031955
2024-09-27,2515,2600,2480,2490,36841,-0.0040000000000000036
2024-09-30,2505,2510,2330,2400,48650,-0.03614457831325302
2024-10-02,2400,2435,2370,2375,17219,-0.01041666666666663
2024-10-04,2375,2425,2330,2385,22430,0.004210526315789442
2024-10-07,2385,2405,2330,2335,14900,-0.02096436058700213
2024-10-08,2335,2385,2335,2370,7361,0.01498929336188426
2024-10-10,2370,2375,2295,2375,21695,0.0021097046413502962
2024-10-11,2385,2385,2305,2335,15020,-0.01684210526315788
2024-10-14,2335,2360,2320,2340,11380,0.0021413276231263545
2024-10-15,2415,2415,2270,2350,28107,0.004273504273504258
2024-10-16,2350,2365,2305,2350,13536,0.0
2024-10-17,2350,2365,2285,2320,27894,-0.012765957446808529
2024-10-18,2335,2335,2250,2275,23139,-0.0193965517241379
2024-10-21,2275,2325,2250,2310,12101,0.01538461538461533
2024-10-22,2325,2325,2250,2300,13453,-0.0043290043290042934
2024-10-23,2300,2305,2225,2305,43161,0.0021739130434783593
2024-10-24,2280,2280,2225,2245,12155,-0.026030368763557465
2024-10-25,2220,2240,2185,2185,12763,-0.026726057906458767
2024-10-28,2185,2185,2150,2180,37504,-0.0022883295194507935
2024-10-29,2195,2195,2165,2190,6478,0.004587155963302836
2024-10-30,2190,2250,2160,2215,12646,0.011415525114155223
2024-10-31,2225,2225,2185,2210,4253,-0.0022573363431150906
2024-11-01,2200,2200,2155,2200,6600,-0.004524886877828038
2024-11-04,2200,2230,2145,2230,30277,0.013636363636363669
2024-11-05,2215,2300,2210,2290,8916,0.026905829596412634
2024-11-06,2315,2325,2250,2250,5152,-0.017467248908296984
2024-11-07,2220,2270,2155,2265,11850,0.006666666666666599
2024-11-08,2250,2380,2245,2270,7546,0.002207505518763808
2024-11-11,2270,2285,2120,2235,12991,-0.01541850220264318
2024-11-12,2235,2235,2070,2115,24032,-0.05369127516778527
2024-11-13,2050,2115,1910,1980,42509,-0.06382978723404253
2024-11-14,1980,2090,1900,1985,28641,0.002525252525252597
2024-11-15,1985,1985,1850,1935,13373,-0.02518891687657432
2024-11-18,1935,2035,1915,1935,20694,0.0
2024-11-19,1945,2075,1925,1925,17506,-0.0051679586563307955
2024-11-20,1930,2005,1930,1970,16640,0.023376623376623273
2024-11-21,1955,2000,1955,1995,11080,0.012690355329949332
2024-11-22,1975,2035,1975,2025,12445,0.015037593984962516
2024-11-25,2025,2035,1960,1970,18788,-0.02716049382716046
2024-11-26,1990,2000,1930,1930,6289,-0.02030456852791873
2024-11-27,1940,2005,1910,1955,16730,0.012953367875647714
2024-11-28,1965,1975,1925,1930,5444,-0.012787723785166238
2024-11-29,1930,1955,1875,1890,11624,-0.020725388601036232
2024-12-02,1825,2135,1825,1905,38893,0.007936507936507908
2024-12-03,1905,1915,1850,1875,14032,-0.015748031496062964
2024-12-04,1875,1895,1840,1850,9187,-0.013333333333333308
2024-12-05,1840,1855,1750,1790,36675,-0.032432432432432434
2024-12-06,1750,1810,1700,1745,26383,-0.025139664804469275
2024-12-09,1725,1750,1600,1750,56563,0.002865329512893977
2024-12-10,1730,1770,1640,1765,16167,0.008571428571428674
2024-12-11,1775,2100,1775,1990,148847,0.1274787535410764
2024-12-12,2035,2035,1905,2025,29367,0.017587939698492372
2024-12-13,2040,2110,1985,1995,32047,-0.014814814814814836
2024-12-16,2015,2020,1930,1995,24346,0.0
2024-12-17,2000,2015,1930,1950,13551,-0.022556390977443663
2024-12-18,1955,2000,1825,1920,38748,-0.01538461538461533
2024-12-19,1920,2245,1910,2015,508806,0.04947916666666674
2024-12-20,2035,2200,2000,2105,144412,0.04466501240694787
2024-12-23,2105,2730,2105,2385,2465710,0.1330166270783848
2024-12-24,2315,2500,2205,2290,590968,-0.03983228511530401
2024-12-26,2225,2270,2170,2175,135016,-0.05021834061135366
2024-12-27,2190,2365,2165,2165,226534,-0.0045977011494252595
2024-12-30,2155,2230,2075,2175,93389,0.004618937644341736
2025-01-02,2225,2250,2100,2125,90957,-0.02298850574712641
2025-01-03,2140,2760,2120,2760,1462703,0.2988235294117647
2025-01-06,3035,3585,3000,3585,1737883,0.298913043478261
2025-01-07,3800,4660,3765,4660,5084566,0.29986052998605306
2025-01-08,5190,5920,4515,4700,15152155,0.008583690987124415
2025-01-09,4025,4490,3860,3890,4677840,-0.17234042553191486
2025-01-10,3990,4030,3520,3555,2322946,-0.08611825192802058
2025-01-13,3555,3555,3110,3200,1064053,-0.09985935302391002
2025-01-14,3015,3370,3010,3195,1120767,-0.0015625000000000222
2025-01-15,3335,4015,3075,3600,5866204,0.12676056338028174
2025-01-16,3955,4150,3400,3435,3535549,-0.04583333333333328
2025-01-17,3490,3585,2975,3000,1100907,-0.1266375545851528
2025-01-20,3000,3295,2825,3030,785617,0.010000000000000009
2025-01-21,3065,3090,2870,2955,366470,-0.024752475247524774
2025-01-22,3250,3550,3005,3130,1843183,0.05922165820642977
2025-01-23,3085,3175,2950,3025,417193,-0.033546325878594296
2025-01-24,3000,3025,2870,2885,294260,-0.046280991735537236
2025-01-31,2880,2975,2775,2795,253706,-0.03119584055459268
2025-02-03,2795,2795,2590,2620,222692,-0.06261180679785328
2025-02-04,2650,3405,2650,3405,1431315,0.29961832061068705
2025-02-05,3765,3850,3270,3335,3438853,-0.02055800293685761
2025-02-06,3335,3395,3160,3200,649926,-0.040479760119940034
2025-02-07,3210,3265,3070,3085,394322,-0.035937499999999956
2025-02-10,3065,3195,2930,3145,306834,0.01944894651539708
2025-02-11,3285,3895,3215,3385,5507471,0.07631160572337037
2025-02-12,3250,3835,3185,3520,2346329,0.039881831610044216
2025-02-13,3515,3630,3425,3580,890024,0.017045454545454586
2025-02-14,3605,3645,3425,3425,323559,-0.04329608938547491
2025-02-17,3425,3465,3220,3400,204459,-0.007299270072992692
2025-02-18,3405,3440,3300,3325,227309,-0.022058823529411797
2025-02-19,3335,3360,3225,3340,209484,0.004511278195488799
2025-02-20,3495,3635,3300,3310,480958,-0.008982035928143728
2025-02-21,3355,3375,3275,3325,107822,0.004531722054380571
2025-02-24,3300,3300,3165,3170,216063,-0.046616541353383445
2025-02-25,3160,3295,3100,3135,161740,-0.01104100946372244
2025-02-26,3145,3195,3105,3150,76115,0.004784688995215225
2025-02-27,3150,3175,3125,3150,57263,0.0
2025-02-28,3125,3170,3075,3080,82120,-0.022222222222222254
2025-03-04,3080,3080,2950,2955,110181,-0.04058441558441561
2025-03-05,2955,3205,2955,3025,139011,0.02368866328257191
2025-03-06,3015,3055,2925,2975,96597,-0.016528925619834656
2025-03-07,2975,3005,2880,2935,78597,-0.013445378151260456
2025-03-10,2930,2935,2790,2810,111063,-0.04258943781942082
2025-03-11,2785,2875,2705,2865,71654,0.019572953736654908
2025-03-12,2835,3000,2825,2845,54066,-0.006980802792321161
2025-03-13,2975,3465,2915,3080,2765701,0.08260105448154653
2025-03-14,3080,3080,2940,2990,230746,-0.02922077922077926
2025-03-17,3170,3210,2995,3000,303512,0.0033444816053511683
2025-03-18,3005,3110,2970,2975,112462,-0.008333333333333304
2025-03-19,2970,3550,2960,3315,1392594,0.11428571428571432
2025-03-20,3475,3475,3200,3260,349118,-0.016591251885369585
2025-03-21,3105,3225,3045,3045,203474,-0.06595092024539873
2025-03-24,3125,3165,3010,3060,70876,0.0049261083743843415
2025-03-25,3150,3165,2960,3025,113178,-0.011437908496731986
2025-03-26,3090,3090,2955,2980,69429,-0.014876033057851235
2025-03-27,3045,3045,2900,2925,107024,-0.01845637583892612
2025-03-28,2905,2945,2865,2900,60580,-0.008547008547008517
2025-03-31,2810,3075,2795,2925,84592,0.008620689655172376
2025-04-01,2975,2975,2800,2955,101938,0.01025641025641022
2025-04-02,2915,2970,2875,2895,51665,-0.02030456852791873
2025-04-03,2885,2915,2840,2900,54482,0.0017271157167531026
2025-04-04,2890,2905,2795,2905,70159,0.0017241379310344307
2025-04-07,2785,2900,2725,2730,74987,-0.06024096385542166
2025-04-08,2760,2905,2760,2820,92593,0.03296703296703307
2025-04-09,2845,2850,2790,2805,49240,-0.005319148936170248
2025-04-10,2950,2950,2875,2895,69692,0.03208556149732611
2025-04-11,2925,3040,2900,3025,99667,0.04490500863557867
2025-04-14,3025,3275,2980,3210,290671,0.06115702479338836
2025-04-15,3210,3615,3205,3495,558361,0.08878504672897192
2025-04-16,3475,3560,3420,3485,186633,-0.0028612303290415086
2025-04-17,3480,3535,3225,3350,139320,-0.038737446197991354
2025-04-18,3350,3415,3250,3355,64182,0.0014925373134329067
2025-04-21,3360,3365,3280,3365,57532,0.0029806259314455463
2025-04-22,3360,3595,3360,3480,158762,0.034175334323922835
2025-04-23,3545,3545,3360,3525,127226,0.012931034482758674
2025-04-24,3620,3620,3355,3405,104419,-0.03404255319148941
2025-04-25,3405,3405,3290,3310,83266,-0.027900146842878115
2025-04-28,0,0,0,3310,0,0.0
2025-04-29,0,0,0,3310,0,0.0
2025-04-30,0,0,0,3310,0,0.0
2025-05-02,0,0,0,3310,0,0.0
2025-05-07,0,0,0,3310,0,0.0
2025-05-08,0,0,0,3310,0,0.0
2025-05-09,0,0,0,3310,0,0.0
2025-05-12,0,0,0,3310,0,0.0
2025-05-13,0,0,0,3310,0,0.0
2025-05-14,0,0,0,3310,0,0.0
2025-05-15,0,0,0,3310,0,0.0
2025-05-16,0,0,0,3310,0,0.0
2025-05-19,0,0,0,3310,0,0.0
2025-05-20,3330,3820,2320,2575,2391771,-0.22205438066465255
2025-05-21,2445,2735,2420,2445,1013740,-0.05048543689320384
2025-05-22,2445,2590,2355,2410,261682,-0.014314928425357865
2025-05-23,2440,2675,2400,2430,197924,0.008298755186721962
2025-05-26,2400,2790,2400,2535,702287,0.043209876543209846
2025-05-27,2520,2550,2490,2510,75379,-0.009861932938856066
2025-05-28,2515,2560,2485,2520,52984,0.003984063745019917
2025-05-29,2520,2640,2480,2600,85681,0.031746031746031855
2025-05-30,2580,2620,2500,2500,82011,-0.038461538461538436
2025-06-02,2500,2500,2430,2440,65118,-0.02400000000000002
2025-06-04,2400,2500,2400,2435,61136,-0.002049180327868827
2025-06-05,2435,2490,2430,2460,44906,0.010266940451745477
2025-06-09,2440,2490,2415,2465,45685,0.00203252032520318
2025-06-10,2425,2435,2380,2410,64813,-0.022312373225152116
2025-06-11,2410,2415,2295,2365,108888,-0.018672199170124526
2025-06-12,2370,2460,2370,2415,54806,0.02114164904862581
2025-06-13,2435,2435,2330,2365,53882,-0.020703933747411973
2025-06-16,2365,2365,2270,2295,83035,-0.029598308668076112
2025-06-17,2295,2310,2240,2260,74783,-0.015250544662309351
2025-06-18,2250,2285,2235,2280,40369,0.008849557522123908
2025-06-19,2280,2285,2220,2235,44963,-0.019736842105263164
2025-06-20,2210,2400,2195,2345,121139,0.04921700223713654
2025-06-23,2345,2345,2255,2315,39030,-0.01279317697228144
2025-06-24,2315,2355,2275,2345,35503,0.012958963282937441
2025-06-25,2365,2375,2325,2365,39174,0.008528784648187626
2025-06-26,2365,2640,2305,2550,266505,0.07822410147991543
2025-06-27,2530,2600,2425,2485,59262,-0.025490196078431393
2025-06-30,2465,2510,2420,2460,31966,-0.010060362173038184
2025-07-01,2460,2465,2300,2455,78834,-0.002032520325203291
2025-07-02,2455,2455,2380,2435,39391,-0.008146639511201648
2025-07-03,2450,2450,2380,2380,49832,-0.022587268993839782
2025-07-04,2380,2475,2370,2410,15247,0.012605042016806678
2025-07-07,2375,2400,2335,2355,33244,-0.022821576763485507
2025-07-08,2385,2385,2320,2340,20412,-0.006369426751592355
2025-07-09,2340,2455,2290,2295,36106,-0.019230769230769273
2025-07-10,2335,2335,2260,2295,32374,0.0
2025-07-11,2295,2305,2240,2285,32672,-0.004357298474945481
2025-07-14,2295,2330,2260,2295,29556,0.004376367614879584
2025-07-15,2295,2340,2210,2270,51919,-0.01089324618736387
2025-07-16,2270,2270,2215,2225,33755,-0.01982378854625555
2025-07-17,2250,2250,2200,2235,25559,0.004494382022471877
2025-07-18,2235,2275,2205,2265,36331,0.01342281879194629
2025-07-21,2265,2320,2230,2295,70942,0.013245033112582849
2025-07-22,2325,2375,2230,2245,31453,-0.02178649237472763
2025-07-23,2245,2255,2175,2220,22787,-0.011135857461024523
2025-07-24,2245,2245,2100,2170,35972,-0.022522522522522515
2025-07-25,2165,2165,2085,2100,48116,-0.032258064516129004
2025-07-28,2100,2150,2075,2110,13535,0.004761904761904745
2025-07-29,2120,2120,2050,2055,32028,-0.026066350710900466
2025-07-30,2055,2075,2025,2045,22591,-0.0048661800486617945
2025-07-31,2045,2080,1996,2025,37396,-0.009779951100244544
2025-08-01,2055,2055,1950,1952,34173,-0.036049382716049405
2025-08-04,1946,2070,1912,2035,48301,0.04252049180327866
2025-08-05,2020,2050,2010,2030,18916,-0.002457002457002422
2025-08-06,2030,2140,2030,2110,29307,0.039408866995073843
2025-08-07,2085,2135,2050,2055,20110,-0.026066350710900466
2025-08-08,2055,2130,2010,2050,21439,-0.0024330900243308973
2025-08-11,2050,2135,2050,2135,21971,0.04146341463414638
2025-08-12,2140,2190,2115,2125,25522,-0.004683840749414525
2025-08-13,2125,2140,2075,2110,20786,-0.007058823529411784
2025-08-14,2110,2190,2095,2180,25632,0.033175355450236976
2025-08-18,2160,2175,2015,2140,36746,-0.01834862385321101
2025-08-19,2125,2145,2070,2125,21312,-0.007009345794392496
2025-08-20,2100,2150,2020,2080,26496,-0.02117647058823524
2025-08-21,2080,2110,2030,2030,34684,-0.024038461538461564
2025-08-22,2030,2115,2030,2075,21639,0.022167487684729092
2025-08-25,2075,2135,2070,2070,14693,-0.002409638554216831
2025-08-26,2070,2660,2070,2195,1451536,0.06038647342995174
2025-08-27,2240,2375,2170,2280,466196,0.03872437357630987
2025-08-28,2335,2350,2190,2200,114589,-0.03508771929824561
2025-08-29,2190,2230,2105,2185,85536,-0.006818181818181834
2025-09-01,2180,2180,2055,2100,63126,-0.0389016018306636
2025-09-02,2090,2145,2065,2095,29071,-0.0023809523809523725
2025-09-03,2095,2115,2050,2095,29655,0.0
2025-09-04,2110,2200,2070,2095,35892,0.0
2025-09-05,2080,2100,2020,2090,21899,-0.0023866348448687846
2025-09-08,2090,2180,2085,2105,7696,0.0071770334928229484
2025-09-09,2085,2190,2000,2050,25282,-0.026128266033254133
2025-09-10,2050,2125,2050,2090,26541,0.019512195121951237
2025-09-11,2090,2150,2065,2125,45544,0.01674641148325362
2025-09-12,2145,2200,2125,2190,30815,0.030588235294117583
2025-09-15,2190,2195,2100,2110,51936,-0.0365296803652968
2025-09-16,2110,2115,2060,2100,56748,-0.004739336492891044
2025-09-17,2065,2115,2040,2100,46919,0.0
2025-09-18,2080,2450,2080,2250,674578,0.0714285714285714
2025-09-19,2240,2290,2140,2140,131203,-0.04888888888888887
2025-09-22,2145,2400,2145,2310,514834,0.07943925233644866
2025-09-23,2320,2325,2235,2260,58855,-0.02164502164502169
2025-09-24,2265,2295,2200,2245,52267,-0.006637168141592875
2025-09-25,2245,2245,2170,2200,86205,-0.020044543429844075
2025-09-26,2200,2860,2150,2860,2994168,0.30000000000000004
2025-09-29,3180,3715,2855,2885,7820981,0.00874125874125875
2025-09-30,2850,3690,2670,3125,12910058,0.08318890814558055
2025-10-01,3190,3220,3035,3035,530035,-0.028800000000000048
2025-10-02,3045,3115,3000,3000,239265,-0.011532125205930832
2025-10-10,3085,3085,2885,2885,289678,-0.03833333333333333
2025-10-13,2885,2885,2590,2665,892087,-0.0762564991334489
2025-10-14,2800,3460,2665,3050,8257339,0.1444652908067543
2025-10-15,2965,3800,2920,3350,7801998,0.09836065573770503
2025-10-16,3340,3500,3110,3150,1480505,-0.05970149253731338
2025-10-17,3025,3530,2875,3150,2637109,0.0
2025-10-20,3130,3300,3050,3165,603539,0.004761904761904745
2025-10-21,3215,3215,3010,3010,418247,-0.048973143759873605
2025-10-22,3030,3180,2800,2830,815886,-0.05980066445182719
2025-10-23,2765,3150,2630,2895,2848641,0.0229681978798586
2025-10-24,2910,3050,2750,2790,546119,-0.03626943005181349
2025-10-27,2805,2950,2805,2835,221355,0.016129032258064502
2025-10-28,2845,2940,2710,2810,302013,-0.00881834215167554
2025-10-29,2830,2970,2780,2840,244703,0.01067615658362997
2025-10-30,2800,2840,2685,2705,232641,-0.047535211267605626
2025-10-31,2690,2780,2650,2695,108830,-0.003696857670979714
2025-11-03,2635,2800,2635,2645,106536,-0.01855287569573283
2025-11-04,2635,2690,2510,2585,152196,-0.022684310018903586
2025-11-05,2585,2755,2480,2620,200292,0.013539651837524147
2025-11-06,2720,2720,2555,2630,101020,0.003816793893129722
2025-11-07,2565,2660,2480,2550,81640,-0.03041825095057038
2025-11-10,2530,2625,2505,2620,44698,0.027450980392156765
2025-11-11,2595,2665,2485,2560,114253,-0.022900763358778664
2025-11-12,2560,2620,2500,2620,72270,0.0234375
2025-11-13,2620,2620,2535,2565,25420,-0.020992366412213692
2025-11-14,2635,2635,2430,2475,78829,-0.03508771929824561
2025-11-17,2475,2545,2415,2510,26757,0.014141414141414232
2025-11-18,2490,2510,2395,2400,79463,-0.043824701195219085
2025-11-19,2540,2540,2290,2400,61201,0.0
2025-11-20,2530,2530,2350,2405,26471,0.002083333333333437
2025-11-21,2400,2430,2295,2385,71341,-0.008316008316008316
2025-11-24,2370,2370,2250,2280,78836,-0.04402515723270439
2025-11-25,2280,2390,2270,2270,47146,-0.004385964912280715
2025-11-26,2390,2390,2250,2300,32304,0.013215859030837107
2025-11-27,2310,2390,2280,2280,16756,-0.008695652173912993
2025-11-28,2280,2335,2280,2335,28852,0.02412280701754388
2025-12-01,2320,2365,2260,2265,65377,-0.02997858672376874
2025-12-02,2265,2330,2225,2270,39566,0.002207505518763808
2025-12-03,2340,2340,2270,2300,21958,0.013215859030837107
2025-12-04,2345,2345,2275,2315,26851,0.006521739130434856
2025-12-05,2345,2415,2250,2290,108422,-0.010799136069114423
2025-12-08,2290,2315,2240,2295,35788,0.0021834061135370675
2025-12-09,2230,2300,2220,2260,76629,-0.015250544662309351
2025-12-10,2335,2335,2230,2265,27551,0.0022123893805310324
2025-12-11,2265,2280,2200,2265,27267,0.0
2025-12-12,2295,2295,2230,2270,24249,0.002207505518763808
2025-12-15,2255,2290,2240,2260,10479,-0.004405286343612369
2025-12-16,2260,2275,2150,2190,54483,-0.030973451327433676
2025-12-17,2190,2215,2140,2185,49307,-0.0022831050228310223
2025-12-18,2185,2225,2115,2180,41545,-0.0022883295194507935
2025-12-19,2160,2245,2115,2230,81118,0.022935779816513735
2025-12-22,2230,2245,2170,2185,74810,-0.020179372197309364
2025-12-23,2185,2240,2155,2195,34834,0.004576659038901587
2025-12-24,2185,2185,2135,2170,48779,-0.011389521640091105
2025-12-26,2170,2220,2120,2125,67852,-0.020737327188940058
2025-12-29,2125,2130,2010,2080,94819,-0.02117647058823524
2025-12-30,2110,2215,2080,2150,112977,0.033653846153846256
2026-01-02,2150,2265,2150,2265,79018,0.05348837209302326
2026-01-05,2260,2385,2220,2345,174854,0.03532008830022071
2026-01-06,2320,2330,2250,2250,69934,-0.04051172707889128
2026-01-07,2250,2270,2220,2265,49019,0.006666666666666599
2026-01-08,2310,2310,2155,2175,91122,-0.039735099337748325
2026-01-09,2170,2190,2135,2170,23589,-0.0022988505747126853
2026-01-12,2145,2165,2060,2160,70754,-0.004608294930875556
2026-01-13,2180,2180,2105,2125,38827,-0.01620370370370372
2026-01-14,2130,2145,2075,2090,36907,-0.016470588235294126
2026-01-15,2090,2715,2080,2715,1018779,0.299043062200957
2026-01-16,2970,2975,2345,2390,2123483,-0.11970534069981587
2026-01-19,2365,2695,2310,2435,991476,0.01882845188284521
2026-01-20,2470,2570,2320,2455,384668,0.008213552361396204
2026-01-21,2455,2640,2340,2525,772667,0.02851323828920571
2026-01-22,2605,2862,2520,2535,903382,0.003960396039603964
2026-01-23,2585,2585,2430,2495,185183,-0.015779092702169595
2026-01-26,2500,2615,2470,2540,240682,0.018036072144288484
2026-01-27,2540,2550,2470,2520,152262,-0.007874015748031482
2026-01-28,2520,2540,2410,2460,186169,-0.023809523809523836
2026-01-29,2470,2505,2400,2470,128948,0.004065040650406582
2026-01-30,2465,2630,2415,2470,192332,0.0
2026-02-02,2420,2480,2365,2385,125780,-0.03441295546558709
2026-02-03,2425,2460,2400,2460,90125,0.03144654088050314
2026-02-04,2450,2490,2400,2470,85337,0.004065040650406582
2026-02-05,2460,2480,2345,2345,92506,-0.05060728744939269
