Date,Open,High,Low,Close,Volume,Change
2022-01-03,64500,65200,61800,63700,96553,-0.009331259720062213
2022-01-04,63700,64600,61300,62600,77929,-0.017268445839874413
2022-01-05,61900,62500,60500,60500,52678,-0.033546325878594296
2022-01-06,59500,66600,59400,61900,167489,0.023140495867768562
2022-01-07,61600,63900,61000,62600,61644,0.011308562197092087
2022-01-10,62400,66600,62000,64000,116421,0.022364217252396124
2022-01-11,64000,64600,62400,62600,64269,-0.021874999999999978
2022-01-12,62800,65600,62400,62800,99803,0.0031948881789136685
2022-01-13,62600,63100,59300,62200,99900,-0.009554140127388533
2022-01-14,61500,63600,61400,63100,44282,0.014469453376205754
2022-01-17,62700,63000,60600,60900,38657,-0.03486529318541998
2022-01-18,60200,62700,58800,59000,53652,-0.031198686371100126
2022-01-19,58000,60000,56100,57400,73162,-0.027118644067796627
2022-01-20,56800,59000,56700,58300,40066,0.015679442508710784
2022-01-21,58300,58300,40900,40900,138683,-0.29845626072041165
2022-01-24,30950,32000,28650,30150,4078991,-0.26283618581907087
2022-01-25,30950,32200,26000,27600,1741186,-0.08457711442786064
2022-01-26,27400,27900,24800,25150,696993,-0.08876811594202894
2022-01-27,25450,25900,23900,24550,415656,-0.02385685884691846
2022-01-28,24950,26250,23750,26250,404467,0.06924643584521384
2022-02-03,26700,26800,25700,25850,193153,-0.015238095238095273
2022-02-04,25700,26300,25100,26000,167299,0.005802707930367523
2022-02-07,26100,28050,25550,27750,229380,0.06730769230769229
2022-02-08,27650,27900,27000,27100,146937,-0.023423423423423406
2022-02-09,27550,28500,27050,27750,103629,0.023985239852398532
2022-02-10,28000,28200,26800,26800,87679,-0.03423423423423422
2022-02-11,26050,26350,25050,25500,120626,-0.04850746268656714
2022-02-14,24900,25300,24150,24350,97802,-0.045098039215686225
2022-02-15,24150,24700,23300,23300,95307,-0.043121149897330624
2022-02-16,23800,24800,23800,24800,54157,0.06437768240343344
2022-02-17,24900,25000,23250,24150,67515,-0.02620967741935487
2022-02-18,0,0,0,24150,0,0.0
2022-02-21,23400,24750,22400,24350,87828,0.008281573498964745
2022-02-22,23300,24350,23300,24050,34976,-0.012320328542094416
2022-02-23,24050,25150,23900,24700,45137,0.027027027027026973
2022-02-24,24100,24800,23550,23850,37511,-0.03441295546558709
2022-02-25,24500,24650,23650,24150,54591,0.012578616352201255
2022-02-28,24050,25650,24050,25150,61512,0.04140786749482395
2022-03-02,24950,26150,24950,26050,51711,0.035785288270377746
2022-03-03,27150,29800,26300,27000,367807,0.03646833013435691
2022-03-04,26950,27450,26600,27150,61076,0.005555555555555536
2022-03-07,27300,28400,26450,28000,115259,0.03130755064456725
2022-03-08,27600,28300,27100,28050,70703,0.0017857142857142794
2022-03-10,28050,28950,27800,28750,61669,0.024955436720142554
2022-03-11,28750,28800,27350,28500,101110,-0.008695652173912993
2022-03-14,28300,28300,27150,27950,54298,-0.019298245614035037
2022-03-15,27950,28150,27300,27450,25585,-0.017889087656529523
2022-03-16,27550,29250,27550,28600,70012,0.041894353369763104
2022-03-17,28750,29350,28600,28900,57390,0.010489510489510412
2022-03-18,29000,29450,28200,28450,74683,-0.01557093425605538
2022-03-21,28750,28750,26950,27250,87305,-0.04217926186291743
2022-03-22,27450,27850,27150,27550,35897,0.011009174311926495
2022-03-23,27450,28000,27450,27700,33298,0.005444646098003547
2022-03-24,27700,27950,27100,27850,46059,0.005415162454873723
2022-03-25,27950,28100,27400,27500,33522,-0.012567324955116699
2022-03-28,27500,27500,26200,26300,64847,-0.043636363636363584
2022-03-29,26450,26900,25900,26750,37752,0.017110266159695797
2022-03-30,26650,28150,26650,27600,61817,0.031775700934579376
2022-03-31,27600,27700,27050,27250,33259,-0.0126811594202898
2022-04-01,27150,27150,26000,26400,67630,-0.031192660550458662
2022-04-04,26250,26300,25950,26300,36621,-0.0037878787878787845
2022-04-05,26300,26550,26050,26300,21509,0.0
2022-04-06,26050,26150,25650,25650,36298,-0.024714828897338448
2022-04-07,25900,25900,24650,24750,44005,-0.03508771929824561
2022-04-08,24750,25400,24750,25150,15277,0.016161616161616266
2022-04-11,25800,25800,24550,24700,27032,-0.017892644135188873
2022-04-12,24700,24700,23600,24000,26811,-0.028340080971659964
2022-04-13,23800,26100,23800,25650,50913,0.06875000000000009
2022-04-14,25650,25700,24900,25100,26218,-0.021442495126705707
2022-04-15,25000,25650,24450,25100,23452,0.0
2022-04-18,25100,25500,24600,24850,16089,-0.009960159362549792
2022-04-19,24900,25300,24850,24950,21159,0.004024144869215318
2022-04-20,25050,25300,24550,24800,15683,-0.006012024048096198
2022-04-21,25000,25200,24700,25000,15541,0.008064516129032251
2022-04-22,24800,25150,24800,24950,16306,-0.0020000000000000018
2022-04-25,24500,24850,24150,24500,33808,-0.018036072144288595
2022-04-26,24750,25150,24550,24600,13454,0.004081632653061273
2022-04-27,23750,24600,23650,24150,35257,-0.018292682926829285
2022-04-28,24100,24500,23200,23200,42900,-0.039337474120082816
2022-04-29,23200,24850,23150,24400,23428,0.051724137931034475
2022-05-02,24050,24450,23850,24400,16987,0.0
2022-05-03,24400,24900,24150,24250,12745,-0.006147540983606592
2022-05-04,24250,24600,23450,23500,20878,-0.030927835051546393
2022-05-06,23500,23500,22250,22400,45667,-0.04680851063829783
2022-05-09,22100,22450,21050,21100,52835,-0.0580357142857143
2022-05-10,20550,21100,19300,20500,72461,-0.028436018957345932
2022-05-11,20800,21800,20500,21050,20271,0.02682926829268295
2022-05-12,21000,21750,20100,20650,32807,-0.019002375296912066
2022-05-13,20850,21600,20550,21550,30403,0.04358353510895885
2022-05-16,21600,22700,21550,21600,29191,0.002320185614849146
2022-05-17,21600,22000,20900,21650,20106,0.0023148148148148806
2022-05-18,21950,22100,21350,21350,13114,-0.01385681293302543
2022-05-19,20900,21250,20300,20800,16755,-0.025761124121779888
2022-05-20,21000,22000,20950,21250,25550,0.02163461538461542
2022-05-23,21400,22450,21150,22100,30627,0.040000000000000036
2022-05-24,21900,22250,21150,21400,19495,-0.03167420814479638
2022-05-25,21600,22050,21150,21800,11924,0.01869158878504673
2022-05-26,21700,22300,21400,21600,23665,-0.00917431192660545
2022-05-27,21850,21950,21450,21450,8273,-0.00694444444444442
2022-05-30,21550,22000,21550,21750,17232,0.013986013986013957
2022-05-31,22000,22050,21500,21750,79170,0.0
2022-06-02,21950,22000,21600,21900,15311,0.006896551724137945
2022-06-03,23500,27700,23500,26250,618306,0.19863013698630128
2022-06-07,26550,28700,25200,28000,442572,0.06666666666666665
2022-06-08,27700,29350,25600,25750,258894,-0.0803571428571429
2022-06-09,25450,25450,23800,24500,143774,-0.04854368932038833
2022-06-10,23950,25400,23900,24300,92710,-0.008163265306122436
2022-06-13,23000,23550,22200,22200,89260,-0.0864197530864198
2022-06-14,21650,23050,21250,22650,94245,0.020270270270270174
2022-06-15,22250,23050,20750,20750,99270,-0.08388520971302427
2022-06-16,21450,21800,19900,19950,64924,-0.03855421686746985
2022-06-17,19750,22000,19500,22000,106226,0.10275689223057638
2022-06-20,21800,22000,20450,20600,51913,-0.0636363636363636
2022-06-21,20650,21600,20250,20850,27194,0.012135922330097193
2022-06-22,21450,22100,20600,21600,65712,0.03597122302158273
2022-06-23,22250,24750,21300,21450,234603,-0.00694444444444442
2022-06-24,21500,22700,20600,22100,68135,0.030303030303030276
2022-06-27,22150,23050,21400,23050,54765,0.042986425339366585
2022-06-28,23700,24300,22200,22200,121073,-0.03687635574837311
2022-06-29,21600,21800,21000,21450,47313,-0.03378378378378377
2022-06-30,21450,21450,20700,20700,53812,-0.034965034965035
2022-07-01,20800,21200,20050,20200,45434,-0.024154589371980673
2022-07-04,20100,20550,19600,19850,43954,-0.017326732673267342
2022-07-05,19850,20700,19750,20500,30400,0.032745591939546514
2022-07-06,20500,21250,20200,20200,34589,-0.014634146341463428
2022-07-07,20750,20950,20300,20900,23304,0.034653465346534684
2022-07-08,21250,21700,20850,21400,33708,0.02392344497607657
2022-07-11,21400,22200,21300,21800,30405,0.01869158878504673
2022-07-12,21450,21700,20650,20950,35502,-0.03899082568807344
2022-07-13,21050,21350,20800,21050,18507,0.004773269689737569
2022-07-14,21050,21100,20500,20950,30606,-0.004750593824228044
2022-07-15,21150,21450,20800,20950,24385,0.0
2022-07-18,21050,21800,21050,21350,36373,0.019093078758949833
2022-07-19,21400,22650,21350,22450,71435,0.051522248243559776
2022-07-20,22750,23200,22000,22200,37201,-0.011135857461024523
2022-07-21,22200,22350,21350,21850,32775,-0.015765765765765716
2022-07-22,21600,21900,21300,21350,31253,-0.022883295194508046
2022-07-25,21350,21550,21150,21300,22512,-0.0023419203747072626
2022-07-26,21300,21600,21200,21450,16264,0.007042253521126751
2022-07-27,21450,22100,21300,21400,42044,-0.002331002331002363
2022-07-28,21700,21700,20800,20900,51188,-0.02336448598130836
2022-07-29,20950,21100,20550,21100,119957,0.009569377990430672
2022-08-01,21350,21350,20800,21000,19516,-0.004739336492891044
2022-08-02,20800,21200,20600,20800,18564,-0.00952380952380949
2022-08-03,20800,21650,20700,21400,33193,0.028846153846153744
2022-08-04,21700,22450,21300,21950,54609,0.025700934579439227
2022-08-05,21950,24300,21950,23950,212261,0.09111617312072884
2022-08-08,24000,24450,22700,23500,76720,-0.018789144050104345
2022-08-09,23450,23700,22900,23450,32334,-0.0021276595744680327
2022-08-10,23200,23400,22200,22200,52770,-0.05330490405117272
2022-08-11,22600,22750,22250,22750,31342,0.024774774774774855
2022-08-12,22750,22750,22100,22250,20069,-0.02197802197802201
2022-08-16,22300,22550,21900,22350,29386,0.004494382022471877
2022-08-17,22200,22550,21200,21300,61417,-0.046979865771812124
2022-08-18,21150,21300,20850,21150,37993,-0.007042253521126751
2022-08-19,21400,21650,21000,21150,21432,0.0
2022-08-22,20700,21100,20700,20900,15988,-0.011820330969267157
2022-08-23,20900,20950,20500,20700,22423,-0.009569377990430672
2022-08-24,20700,21250,20700,20850,12614,0.007246376811594235
2022-08-25,20850,21200,20700,21100,129257,0.011990407673860837
2022-08-26,21250,21250,20500,20800,29716,-0.014218009478673022
2022-08-29,20100,20350,19950,20000,42458,-0.038461538461538436
2022-08-30,20250,20750,20050,20600,9913,0.030000000000000027
2022-08-31,20450,21200,20250,20900,30545,0.014563106796116498
2022-09-01,20700,20950,20500,20500,21051,-0.019138755980861233
2022-09-02,20500,20900,20450,20600,17427,0.004878048780487809
2022-09-05,20450,20550,20050,20150,21879,-0.021844660194174748
2022-09-06,20150,20550,20100,20150,8925,0.0
2022-09-07,20000,20350,19600,19700,36949,-0.022332506203473934
2022-09-08,20050,20100,19550,19650,39857,-0.0025380710659898
2022-09-13,19800,20200,19650,20000,34297,0.01781170483460559
2022-09-14,19400,19850,19250,19450,26841,-0.02749999999999997
2022-09-15,19800,19800,18650,18950,68521,-0.02570694087403602
2022-09-16,18650,18750,17550,17650,93886,-0.06860158311345643
2022-09-19,17650,17850,16200,16450,112784,-0.06798866855524077
2022-09-20,16500,16750,15750,16500,84796,0.003039513677811634
2022-09-21,16200,16650,15700,15950,46404,-0.033333333333333326
2022-09-22,15550,15700,14900,15350,78364,-0.037617554858934144
2022-09-23,15350,15350,14600,14600,54285,-0.04885993485342022
2022-09-26,14200,15050,14000,14350,88335,-0.017123287671232834
2022-09-27,14400,14700,13650,14600,62790,0.017421602787456525
2022-09-28,14600,15150,14050,14800,49533,0.013698630136986356
2022-09-29,15250,15300,14600,14650,24485,-0.010135135135135087
2022-09-30,14100,14700,14050,14400,29746,-0.017064846416382284
2022-10-04,14950,14950,14350,14700,13983,0.02083333333333326
2022-10-05,15450,15450,13600,14000,54272,-0.04761904761904767
2022-10-06,13850,14650,13850,14550,36823,0.03928571428571437
2022-10-07,14400,15050,14250,14500,29518,-0.0034364261168384758
2022-10-11,14250,14300,13400,14000,46057,-0.03448275862068961
2022-10-12,13750,14200,13500,14150,26193,0.010714285714285676
2022-10-13,13800,14150,13400,13500,28739,-0.04593639575971731
2022-10-14,13600,14450,13550,14250,50631,0.05555555555555558
2022-10-17,13800,14950,13750,14350,134769,0.007017543859649145
2022-10-18,14550,15550,14550,15250,61185,0.06271777003484313
2022-10-19,15300,15650,14650,14650,26736,-0.03934426229508192
2022-10-20,14650,14800,14400,14500,16478,-0.010238907849829393
2022-10-21,14500,14650,14050,14300,15576,-0.01379310344827589
2022-10-24,14350,14950,14350,14750,22888,0.03146853146853146
2022-10-25,14650,15200,14650,14750,20012,0.0
2022-10-26,14900,15050,14550,14650,12678,-0.006779661016949157
2022-10-27,14650,15000,14650,14700,12600,0.0034129692832765013
2022-10-28,14700,14800,14400,14400,7950,-0.020408163265306145
2022-10-31,14600,14700,14300,14300,11300,-0.00694444444444442
2022-11-01,14150,14500,14150,14300,12255,0.0
2022-11-02,14200,16100,14050,15500,86802,0.08391608391608396
2022-11-03,14850,15150,14750,14750,20784,-0.048387096774193505
2022-11-04,15150,15750,14850,15200,31917,0.03050847457627115
2022-11-07,15300,15600,15200,15400,16429,0.013157894736842035
2022-11-08,15200,16200,15200,15750,43080,0.022727272727272707
2022-11-09,15700,16000,15550,15750,11880,0.0
2022-11-10,15550,15750,15300,15400,9284,-0.022222222222222254
2022-11-11,15750,16400,15450,16300,33769,0.05844155844155852
2022-11-14,16300,16450,15650,15850,40269,-0.027607361963190136
2022-11-15,15850,16700,15850,16700,36041,0.05362776025236604
2022-11-16,16800,16950,16350,16450,20055,-0.014970059880239472
2022-11-17,16450,16600,16250,16250,14252,-0.012158054711246202
2022-11-18,16350,16650,16250,16250,8159,0.0
2022-11-21,16100,16550,15450,15450,20071,-0.04923076923076919
2022-11-22,15400,15950,14950,15050,14283,-0.02588996763754048
2022-11-23,15850,15850,14850,15250,9721,0.013289036544850585
2022-11-24,15350,15500,15050,15150,8026,-0.006557377049180357
2022-11-25,15300,15500,14800,15050,13780,-0.0066006600660065695
2022-11-28,15050,15050,14400,14750,14793,-0.019933554817275767
2022-11-29,14750,15000,14600,14950,8517,0.013559322033898313
2022-11-30,14800,15050,14700,14700,7642,-0.01672240802675584
2022-12-01,15000,15200,14850,15000,17493,0.020408163265306145
2022-12-02,15200,15200,14900,14950,17558,-0.0033333333333332993
2022-12-05,15100,15750,15000,15750,19944,0.05351170568561869
2022-12-06,15550,16350,15450,16050,22391,0.01904761904761898
2022-12-07,15800,16100,15600,15750,18656,-0.01869158878504673
2022-12-08,16150,16150,15500,15650,14339,-0.006349206349206327
2022-12-09,16000,16000,15200,15800,18107,0.009584664536741228
2022-12-12,15700,15950,15550,15650,9301,-0.009493670886076
2022-12-13,14800,15800,14800,15550,12199,-0.006389776357827448
2022-12-14,15550,16200,15550,15800,25841,0.016077170418006492
2022-12-15,15850,16100,15700,15750,15495,-0.0031645569620253333
2022-12-16,15300,16150,15300,16050,21053,0.01904761904761898
2022-12-19,16300,16300,15700,15850,19068,-0.012461059190031154
2022-12-20,15750,15850,15500,15800,20095,-0.003154574132492094
2022-12-21,16050,16200,15750,15800,12978,0.0
2022-12-22,16200,16200,15700,15850,24360,0.0031645569620253333
2022-12-23,15850,15850,15050,15200,28277,-0.04100946372239744
2022-12-26,15050,15200,14650,14700,24664,-0.03289473684210531
2022-12-27,14800,15300,14400,15000,33796,0.020408163265306145
2022-12-28,15000,15300,14500,15050,31229,0.0033333333333334103
2022-12-29,15000,15250,14650,14700,16735,-0.023255813953488413
2023-01-02,14600,15100,14550,14600,14556,-0.006802721088435382
2023-01-03,14350,15050,14000,14650,24941,0.003424657534246478
2023-01-04,14300,15050,14300,15000,11620,0.023890784982935065
2023-01-05,15000,15000,14450,14500,13555,-0.033333333333333326
2023-01-06,14250,15050,14250,14750,17829,0.01724137931034475
2023-01-09,15050,15150,14800,14850,10374,0.006779661016949046
2023-01-10,14750,15050,14650,14900,21835,0.0033670033670034627
2023-01-11,14900,15100,14800,15000,9652,0.006711409395973256
2023-01-12,15150,15150,14700,14850,10037,-0.010000000000000009
2023-01-13,15000,15000,14550,14700,20443,-0.010101010101010055
2023-01-16,14750,14900,14600,14750,14233,0.00340136054421758
2023-01-17,14650,14850,14550,14700,15139,-0.003389830508474523
2023-01-18,14700,14700,14500,14550,17022,-0.010204081632653073
2023-01-19,14350,14600,14350,14400,8985,-0.010309278350515427
2023-01-20,14400,14500,14300,14500,10709,0.00694444444444442
2023-01-25,14520,14800,14400,14480,13163,-0.0013793103448276334
2023-01-26,14450,14700,14450,14540,16135,0.004143646408839796
2023-01-27,14560,14830,14560,14600,19347,0.004126547455295837
2023-01-30,14600,14690,14300,14300,19011,-0.020547945205479423
2023-01-31,14300,14450,13710,13750,69394,-0.038461538461538436
2023-02-01,13700,13900,13700,13750,27508,0.0
2023-02-02,13950,15010,13830,14740,65918,0.07200000000000006
2023-02-03,14670,14970,14550,14900,26188,0.01085481682496603
2023-02-06,14910,14910,14340,14410,17945,-0.03288590604026842
2023-02-07,14510,14900,14380,14460,23200,0.00346981263011803
2023-02-08,14580,14580,14300,14310,25286,-0.010373443983402453
2023-02-09,14300,14300,13920,13950,43420,-0.02515723270440251
2023-02-10,13810,13900,13460,13550,54378,-0.028673835125448077
2023-02-13,13600,13900,13390,13800,23491,0.01845018450184499
2023-02-14,14060,14060,13420,13630,25368,-0.01231884057971011
2023-02-15,13840,13840,13250,13630,52350,0.0
2023-02-16,13810,17710,13640,17710,222001,0.29933969185619946
2023-02-17,21550,23000,19650,23000,2763977,0.2987012987012987
2023-02-20,25500,26300,22000,23000,1813175,0.0
2023-02-21,22200,22550,20500,21800,578806,-0.05217391304347829
2023-02-22,21300,21750,20350,21350,346976,-0.020642201834862428
2023-02-23,21400,21950,20500,21300,266826,-0.0023419203747072626
2023-02-24,21150,22550,20900,22400,588024,0.05164319248826299
2023-02-27,22150,22900,21050,21650,230071,-0.033482142857142905
2023-02-28,21900,23250,21500,22400,308746,0.03464203233256358
2023-03-02,22650,23150,21800,22100,210367,-0.013392857142857095
2023-03-03,22150,22450,20650,20650,231528,-0.06561085972850678
2023-03-06,20350,20450,19620,19990,150164,-0.031961259079903104
2023-03-07,20050,20050,19060,19580,125282,-0.02051025512756377
2023-03-08,19630,19970,18960,19700,114180,0.006128702757916216
2023-03-09,19560,21850,19450,21350,465127,0.08375634517766506
2023-03-10,20800,21100,19720,20000,131904,-0.06323185011709598
2023-03-13,19700,19850,18220,18600,133409,-0.06999999999999995
2023-03-14,18580,19450,18400,18600,87538,0.0
2023-03-15,19200,19690,18350,18910,69100,0.016666666666666607
2023-03-16,18650,18770,18050,18200,68743,-0.03754627181385506
2023-03-17,18350,18900,18070,18480,112238,0.01538461538461533
2023-03-20,18840,19970,18470,18700,144784,0.011904761904761862
2023-03-21,18710,19070,18640,18960,49605,0.013903743315508033
2023-03-22,18800,19630,18660,19060,75347,0.0052742616033756295
2023-03-23,19400,19400,18460,18460,86137,-0.03147953830010497
2023-03-24,18820,19600,18450,19600,85585,0.06175514626218859
2023-03-27,19880,20250,19050,20250,73303,0.03316326530612246
2023-03-28,20300,20550,19950,20450,64000,0.009876543209876631
2023-03-29,20350,20400,19790,20000,41341,-0.022004889975550168
2023-03-30,20300,22050,19700,21950,268202,0.09749999999999992
2023-03-31,22300,23300,21200,22300,250139,0.015945330296127658
2023-04-03,22500,23250,21550,21650,99380,-0.029147982062780242
2023-04-04,21650,22500,19970,22200,149813,0.025404157043879882
2023-04-05,22200,23150,21650,21850,177578,-0.015765765765765716
2023-04-06,21850,22700,21250,21250,108582,-0.027459954233409634
2023-04-07,21650,21650,20300,20800,74514,-0.02117647058823524
2023-04-10,20600,21100,19930,20700,111275,-0.004807692307692291
2023-04-11,20600,21250,20300,20650,68363,-0.0024154589371980784
2023-04-12,20600,21450,20250,21250,99512,0.029055690072639306
2023-04-13,21850,22500,20900,21650,156620,0.018823529411764683
2023-04-14,21700,23850,21450,23200,390994,0.07159353348729791
2023-04-17,23750,23800,21950,23000,222905,-0.008620689655172376
2023-04-18,22850,23400,22300,23000,108125,0.0
2023-04-19,23000,23500,22450,22800,99557,-0.008695652173912993
2023-04-20,22600,22600,20400,20550,185567,-0.09868421052631582
2023-04-21,20600,20950,20150,20300,68879,-0.012165450121654486
2023-04-24,20650,20850,19940,20000,61674,-0.014778325123152691
2023-04-25,19990,20100,19110,19290,65375,-0.035499999999999976
2023-04-26,18990,19880,18950,19190,42494,-0.005184033177812353
2023-04-27,19010,19440,18670,19200,39999,0.0005211047420532466
2023-04-28,19170,19370,18840,18840,36427,-0.018750000000000044
2023-05-02,18900,19690,18730,19460,18978,0.03290870488322728
2023-05-03,19200,19420,18700,18840,42743,-0.031860226104830414
2023-05-04,18600,19660,18600,19160,25819,0.01698513800424628
2023-05-08,19240,19730,19070,19130,20376,-0.0015657620041753528
2023-05-09,19050,19400,19050,19120,16605,-0.000522739153162588
2023-05-10,19290,19450,18900,19000,20597,-0.006276150627615107
2023-05-11,19290,19820,19120,19190,21138,0.010000000000000009
2023-05-12,19100,19600,19090,19100,20029,-0.004689942678478332
2023-05-15,18910,19010,18550,18550,38602,-0.028795811518324554
2023-05-16,18510,18830,18060,18060,26763,-0.026415094339622636
2023-05-17,18580,18660,17830,18580,27770,0.02879291251384264
2023-05-18,18580,18730,18240,18280,27477,-0.016146393972012896
2023-05-19,18290,18440,18050,18220,23144,-0.003282275711159688
2023-05-22,18270,18990,18270,18800,26568,0.0318331503841931
2023-05-23,19800,19800,18840,18960,33804,0.008510638297872353
2023-05-24,18820,18880,18550,18720,27411,-0.012658227848101222
2023-05-25,18550,19100,18500,18830,16827,0.005876068376068355
2023-05-26,19000,19500,18510,18540,24405,-0.015400955921402004
2023-05-30,18630,18790,18380,18390,13496,-0.008090614886731351
2023-05-31,18350,18500,18120,18210,22414,-0.009787928221859699
2023-06-01,18160,19160,18160,18820,31499,0.03349807797913229
2023-06-02,19500,19500,18600,18740,11430,-0.004250797024442088
2023-06-05,18840,18840,18440,18510,15242,-0.01227321237993595
2023-06-07,18600,18600,18240,18300,23849,-0.011345218800648316
2023-06-08,18300,18660,18050,18310,21882,0.0005464480874317612
2023-06-09,18310,19000,18310,18520,23450,0.011469142545057265
2023-06-12,18550,18550,18070,18150,25805,-0.019978401727861805
2023-06-13,18150,18290,18030,18030,20656,-0.006611570247933907
2023-06-14,18050,18290,17450,17470,42266,-0.03105934553521905
2023-06-15,17470,17700,16670,16800,66338,-0.03835145964510589
2023-06-16,16680,17230,16600,16850,30561,0.0029761904761904656
2023-06-19,17280,17280,15990,16430,33736,-0.02492581602373889
2023-06-20,16470,16920,16320,16420,17869,-0.000608642726719455
2023-06-21,16510,16690,16190,16190,11566,-0.014007308160779552
2023-06-22,16470,16470,15910,15950,26236,-0.014823965410747375
2023-06-23,15800,16150,15590,15870,28170,-0.005015673981191182
2023-06-26,15840,16410,15480,16410,29821,0.03402646502835549
2023-06-27,16470,16570,16080,16470,20988,0.003656307129798808
2023-06-28,16470,17270,16450,16980,28754,0.030965391621129434
2023-06-29,17000,17270,16230,16380,22811,-0.035335689045936425
2023-06-30,16500,16500,16140,16350,8773,-0.001831501831501825
2023-07-03,16170,16550,16070,16080,15995,-0.016513761467889854
2023-07-04,16080,16280,15760,15800,10997,-0.01741293532338306
2023-07-05,15750,16170,15620,15770,15220,-0.0018987341772152
2023-07-06,15770,16170,15030,15030,42647,-0.04692454026632842
2023-07-07,15040,15860,14800,15260,53017,0.015302727877578137
2023-07-10,15260,15910,15140,15680,23639,0.02752293577981657
2023-07-11,15640,15940,15530,15540,19824,-0.008928571428571397
2023-07-12,15500,15750,15200,15750,19172,0.013513513513513598
2023-07-13,15640,16190,15400,15570,26842,-0.011428571428571455
2023-07-14,15570,15950,15450,15670,20584,0.006422607578676853
2023-07-17,15670,15940,15200,15780,20698,0.007019783024888371
2023-07-18,15800,16000,15630,15710,9085,-0.004435994930291454
2023-07-19,15900,16900,15590,16330,43158,0.03946530872056009
2023-07-20,16700,17010,15930,16010,38740,-0.019595835884874457
2023-07-21,15740,16900,15740,16550,32457,0.03372891942535916
2023-07-24,16620,16770,15300,15400,40353,-0.06948640483383683
2023-07-25,15320,15400,14570,14720,44866,-0.04415584415584417
2023-07-26,14500,14700,13130,13610,108468,-0.07540760869565222
2023-07-27,13550,14480,13550,13900,24766,0.021307861866274758
2023-07-28,13700,14500,13700,14490,27175,0.04244604316546763
2023-07-31,14490,14700,14120,14420,11362,-0.004830917874396157
2023-08-01,14680,14950,14420,14850,19640,0.029819694868238544
2023-08-02,14800,14990,14320,14350,11239,-0.03367003367003363
2023-08-03,14310,16000,14270,15610,82001,0.08780487804878057
2023-08-04,15650,15650,14810,15050,20442,-0.0358744394618834
2023-08-07,15010,15440,14910,15090,9348,0.0026578073089700283
2023-08-08,15000,15000,14400,14510,16002,-0.038436050364479835
2023-08-09,14510,15220,14320,15150,12398,0.04410751206064778
2023-08-10,15150,15910,15050,15780,37319,0.04158415841584162
2023-08-11,15790,15850,15430,15550,12029,-0.01457541191381495
2023-08-14,16940,17750,15310,15350,92276,-0.012861736334405127
2023-08-16,15100,15140,14720,14760,22003,-0.038436482084690526
2023-08-17,14750,15300,14350,14520,30265,-0.016260162601625994
2023-08-18,14520,14770,14360,14640,14133,0.008264462809917328
2023-08-21,15110,15110,14550,14550,11092,-0.006147540983606592
2023-08-22,14550,14950,14500,14550,9639,0.0
2023-08-23,14800,15120,14450,15000,11295,0.030927835051546282
2023-08-24,15290,15400,14810,15180,15537,0.01200000000000001
2023-08-25,15000,15240,14990,15190,4820,0.0006587615283266679
2023-08-28,15430,15660,15070,15110,12821,-0.005266622778143493
2023-08-29,15010,15490,15000,15220,8975,0.007279947054930513
2023-08-30,15580,15610,15150,15300,11103,0.005256241787122251
2023-08-31,15390,15960,15300,15460,22137,0.010457516339869244
2023-09-01,15220,16100,15220,15760,32099,0.019404915912031084
2023-09-04,15800,16100,15320,15760,13061,0.0
2023-09-05,15520,15760,15320,15380,12286,-0.024111675126903598
2023-09-06,15420,16060,15300,15700,19113,0.02080624187256186
2023-09-07,15480,16380,15480,15720,28695,0.001273885350318471
2023-09-08,15720,16950,15350,16750,55105,0.06552162849872767
2023-09-11,16750,17630,16600,16750,79364,0.0
2023-09-12,17200,17240,16320,16570,38066,-0.010746268656716462
2023-09-13,16680,16680,15840,15850,22424,-0.043452021726010814
2023-09-14,15860,16040,15470,15530,21819,-0.02018927444794949
2023-09-15,15700,16100,15270,15440,23546,-0.0057952350289761645
2023-09-18,15440,15690,15200,15630,23815,0.012305699481865329
2023-09-19,15630,15850,15210,15210,21186,-0.026871401151631447
2023-09-20,15200,15350,15070,15210,10553,0.0
2023-09-21,15210,15220,14700,14850,17273,-0.023668639053254448
2023-09-22,14650,15330,14640,14730,10633,-0.008080808080808133
2023-09-25,14980,14980,14380,14380,13118,-0.023761031907671426
2023-09-26,14760,14760,14040,14040,14034,-0.02364394993045893
2023-09-27,14040,14340,13920,14060,9240,0.0014245014245013454
2023-10-04,13810,13950,13320,13380,24190,-0.0483641536273115
2023-10-05,13400,14050,13350,13490,18215,0.008221225710014934
2023-10-06,13690,14020,13500,13940,14100,0.033358042994811044
2023-10-10,13940,13940,13330,13420,23949,-0.0373027259684362
2023-10-11,13520,13770,13520,13590,5804,0.012667660208643738
2023-10-12,13620,13860,13570,13610,8344,0.0014716703458426128
2023-10-13,13610,13690,13190,13290,17780,-0.023512123438648058
2023-10-16,13290,13290,12400,13050,33453,-0.018058690744920947
2023-10-17,13100,13430,13000,13080,6883,0.0022988505747125743
2023-10-18,13080,13250,12300,13000,24975,-0.006116207951070374
2023-10-19,13470,13470,12540,13090,26276,0.006923076923077032
2023-10-20,12730,13750,12710,13430,31487,0.025974025974025983
2023-10-23,13190,13750,13180,13190,7408,-0.017870439314966458
2023-10-24,13000,13210,12780,12990,7116,-0.015163002274450332
2023-10-25,13180,13180,12750,12750,3945,-0.018475750577367167
2023-10-26,12720,12800,12550,12630,11188,-0.009411764705882342
2023-10-27,12630,12990,12500,12760,9352,0.010292953285827355
2023-10-30,12510,13100,12510,12900,9478,0.01097178683385569
2023-10-31,12900,13240,12550,12780,9966,-0.009302325581395321
2023-11-01,13160,13160,12570,12600,11481,-0.014084507042253502
2023-11-02,12620,12930,12620,12840,7362,0.01904761904761898
2023-11-03,12960,13120,12710,12940,13482,0.007788161993769416
2023-11-06,13150,13550,12940,13430,21867,0.03786707882534768
2023-11-07,13600,13600,12950,13050,11041,-0.028294862248696928
2023-11-08,13010,13230,12910,13120,11190,0.005363984674329414
2023-11-09,13120,13320,12800,12900,18201,-0.01676829268292679
2023-11-10,12830,12990,12710,12820,9015,-0.006201550387596955
2023-11-13,13040,13040,12630,12750,9980,-0.005460218408736339
2023-11-14,13000,13000,12700,12770,5007,0.0015686274509802978
2023-11-15,12820,13320,12820,13000,15218,0.018010963194988294
2023-11-16,13020,13520,13020,13370,16167,0.028461538461538538
2023-11-17,13380,13650,13240,13480,15062,0.008227374719521396
2023-11-20,13610,13610,13200,13500,7973,0.0014836795252226587
2023-11-21,13580,13580,13350,13500,9422,0.0
2023-11-22,13490,13490,13210,13420,8378,-0.00592592592592589
2023-11-23,13170,13700,13170,13580,21436,0.011922503725782407
2023-11-24,13800,13990,13520,13580,22375,0.0
2023-11-27,13580,13650,13180,13470,10287,-0.008100147275404979
2023-11-28,13390,13490,13210,13380,7047,-0.006681514476614692
2023-11-29,13400,13780,13250,13780,14719,0.029895366218236186
2023-11-30,13780,14100,13610,13870,17644,0.006531204644412147
2023-12-01,13740,14020,13720,13860,7175,-0.0007209805335256503
2023-12-04,14300,14300,13560,13660,13397,-0.01443001443001446
2023-12-05,13890,13900,13410,13800,8632,0.01024890190336758
2023-12-06,13900,14300,13610,13740,23364,-0.004347826086956497
2023-12-07,13740,14170,13720,13910,15827,0.012372634643377012
2023-12-08,13910,13990,13780,13970,9675,0.004313443565780117
2023-12-11,14220,14220,13760,13850,8280,-0.00858983536148894
2023-12-12,13850,13910,13640,13700,9727,-0.010830324909747335
2023-12-13,13700,13820,13020,13470,11001,-0.016788321167883202
2023-12-14,13550,13740,13370,13530,7417,0.00445434298440972
2023-12-15,13780,13790,13420,13710,29052,0.013303769401330268
2023-12-18,13880,14350,13750,14100,19354,0.02844638949671774
2023-12-19,13960,15500,13960,14650,136166,0.03900709219858145
2023-12-20,14970,14990,14650,14780,15548,0.00887372013651877
2023-12-21,14780,15900,14650,15560,50195,0.05277401894451961
2023-12-22,15320,16090,15300,15990,26769,0.027634961439588768
2023-12-26,16190,16430,15880,16190,28608,0.012507817385866149
2023-12-27,16180,16370,15810,16100,17342,-0.005558987029030238
2023-12-28,16100,17700,16020,17090,69810,0.06149068322981366
2024-01-02,17090,17390,16270,16600,37888,-0.028671737858396718
2024-01-03,16320,16900,16320,16580,27757,-0.001204819277108471
2024-01-04,16580,16690,15310,15400,31109,-0.07117008443908324
2024-01-05,15400,15690,15170,15170,27132,-0.014935064935064912
2024-01-08,15180,15460,15150,15370,8626,0.013183915622940079
2024-01-09,15210,15680,15210,15270,15212,-0.006506180871828193
2024-01-10,15460,15460,14960,14970,14550,-0.01964636542239684
2024-01-11,15270,15270,14510,14730,15184,-0.01603206412825653
2024-01-12,14720,14720,14300,14510,9369,-0.014935505770536373
2024-01-15,14510,14640,14310,14530,6254,0.001378359751895264
2024-01-16,14740,15060,14200,14480,6766,-0.0034411562284927255
2024-01-17,14470,14470,13900,14110,19958,-0.025552486187845336
2024-01-18,14060,14390,13910,14000,6997,-0.007795889440113446
2024-01-19,14280,14280,13830,14010,8326,0.0007142857142856673
2024-01-22,14010,14250,13840,14010,4697,0.0
2024-01-23,13910,14070,13830,13990,7574,-0.001427551748750866
2024-01-24,13990,14350,13840,13920,6387,-0.005003573981415266
2024-01-25,13900,14210,13530,14130,11212,0.015086206896551824
2024-01-26,14130,14360,13940,14220,8396,0.006369426751592355
2024-01-29,14220,14400,13960,14050,6539,-0.011954992967651235
2024-01-30,14000,14280,13810,14140,11033,0.006405693950177982
2024-01-31,14140,14140,13720,13900,11678,-0.016973125884017004
2024-02-01,13800,13850,13580,13730,21874,-0.012230215827338076
2024-02-02,13690,14000,13690,13820,12940,0.00655498907501828
2024-02-05,13830,13830,13500,13600,13928,-0.01591895803183796
2024-02-06,13450,13650,13360,13610,7673,0.0007352941176470562
2024-02-07,13630,13740,13260,13540,9689,-0.005143277002204294
2024-02-08,13410,13740,13390,13550,8196,0.0007385524372229835
2024-02-13,13880,13880,13250,13620,10023,0.005166051660516535
2024-02-14,13420,13780,13370,13470,18979,-0.011013215859030812
2024-02-15,13490,13500,13200,13470,20492,0.0
2024-02-16,13470,13810,13320,13400,13548,-0.0051967334818113775
2024-02-19,13500,13670,13240,13630,6430,0.01716417910447765
2024-02-20,13800,14090,13520,13830,13106,0.014673514306676516
2024-02-21,13620,14310,13620,14120,11939,0.020968908170643452
2024-02-22,14110,14110,13830,14000,9773,-0.008498583569405138
2024-02-23,14100,14720,13980,14390,30043,0.027857142857142803
2024-02-26,14550,14550,14010,14270,16861,-0.008339124391938846
2024-02-27,14280,14350,13900,14350,11974,0.005606166783461708
2024-02-28,14600,14600,14140,14350,6727,0.0
2024-02-29,14630,14630,13960,14020,10385,-0.022996515679442497
2024-03-04,14300,14300,13870,14100,10754,0.005706134094151105
2024-03-05,14100,14240,13850,14220,11946,0.008510638297872353
2024-03-06,14300,14550,14220,14310,10546,0.006329113924050667
2024-03-07,14270,14500,14000,14240,12436,-0.004891684136967167
2024-03-08,14240,14420,14050,14410,10385,0.011938202247190999
2024-03-11,14510,14560,14290,14420,10579,0.000693962526023606
2024-03-12,14420,14920,14210,14240,9032,-0.012482662968099856
2024-03-13,14210,14330,14100,14220,10637,-0.001404494382022503
2024-03-14,14350,14350,14020,14130,6791,-0.006329113924050667
2024-03-15,14020,14130,13630,14000,17412,-0.009200283085633365
2024-03-18,14000,14760,13990,14590,25723,0.04214285714285704
2024-03-19,14590,14680,14260,14430,13007,-0.010966415352981485
2024-03-20,14310,14840,14310,14680,17994,0.017325017325017233
2024-03-21,14640,14820,14460,14640,14772,-0.0027247956403270157
2024-03-22,14510,14760,14460,14650,7896,0.000683060109289535
2024-03-25,14480,14800,14320,14750,19805,0.006825938566553003
2024-03-26,14680,14840,14390,14830,23114,0.0054237288135592365
2024-03-27,14830,14880,14430,14430,13336,-0.02697235333782877
2024-03-28,14430,14580,14220,14300,15340,-0.009009009009009028
2024-03-29,14300,14380,13990,14370,19200,0.004895104895104918
2024-04-01,14370,14560,14080,14470,17163,0.00695894224077942
2024-04-02,14280,14610,13980,14070,17568,-0.027643400138216978
2024-04-03,14190,14380,13800,14060,13489,-0.000710732054015617
2024-04-04,14060,18270,14000,18270,706808,0.29943100995732586
2024-04-05,19050,19150,16000,16000,738054,-0.12424740010946911
2024-04-08,15840,15940,14820,15180,117303,-0.05125000000000002
2024-04-09,14830,15160,14490,14550,70246,-0.04150197628458496
2024-04-11,14600,15070,14390,14550,63605,0.0
2024-04-12,14550,14940,14450,14630,40744,0.005498281786941561
2024-04-15,14660,14680,14240,14500,45303,-0.008885850991114164
2024-04-16,14680,14680,14090,14200,29632,-0.020689655172413834
2024-04-17,14130,14300,14120,14120,14443,-0.005633802816901401
2024-04-18,14130,14350,14010,14300,24150,0.012747875354107707
2024-04-19,14210,14410,14010,14240,28870,-0.004195804195804231
2024-04-22,14220,14650,14200,14400,22198,0.011235955056179803
2024-04-23,14410,14590,14210,14370,11951,-0.002083333333333326
2024-04-24,14400,14630,14250,14430,19888,0.0041753653444676075
2024-04-25,14390,14430,14170,14240,18633,-0.013167013167013186
2024-04-26,14210,14500,14200,14330,11558,0.006320224719101208
2024-04-29,14300,14450,14190,14290,6621,-0.002791346824842944
2024-04-30,14300,14440,14210,14390,6649,0.0069979006298110935
2024-05-02,14390,14940,14310,14870,32673,0.03335649756775538
2024-05-03,14800,14950,14370,14450,20080,-0.02824478816408882
2024-05-07,14450,14560,14230,14430,27335,-0.0013840830449827202
2024-05-08,14430,14860,14290,14510,24262,0.00554400554400547
2024-05-09,14410,14570,14400,14460,11829,-0.00344589937973816
2024-05-10,14460,14800,14380,14700,13328,0.016597510373443924
2024-05-13,14700,15650,14430,15230,63443,0.036054421768707545
2024-05-14,15100,15550,15100,15360,22876,0.008535784635587573
2024-05-16,15380,15810,15270,15780,26708,0.02734375
2024-05-17,15630,15730,15260,15370,14870,-0.025982256020278816
2024-05-20,15340,15340,14850,14870,22078,-0.03253090435914119
2024-05-21,14870,15250,14800,15000,12640,0.008742434431741719
2024-05-22,15100,15380,14870,15100,15407,0.006666666666666599
2024-05-23,15410,15410,15000,15150,7493,0.0033112582781456013
2024-05-24,15100,15340,15010,15080,9374,-0.0046204620462045876
2024-05-27,15100,15800,14620,14790,107105,-0.019230769230769273
2024-05-28,14810,15200,14580,14940,35675,0.010141987829614507
2024-05-29,15200,15800,14690,15210,46885,0.01807228915662651
2024-05-30,15030,16440,15030,16150,85461,0.06180144641683105
2024-05-31,16130,16200,15540,15800,25065,-0.021671826625387025
2024-06-03,15740,15990,15500,15550,18504,-0.015822784810126556
2024-06-04,15600,16400,15240,16000,43727,0.02893890675241151
2024-06-05,16100,16120,15410,15560,28097,-0.02749999999999997
2024-06-07,15540,15700,15250,15600,17895,0.0025706940874035134
2024-06-10,15400,15600,15130,15300,12248,-0.019230769230769273
2024-06-11,15500,15700,15110,15330,16631,0.0019607843137254832
2024-06-12,15140,15350,15020,15030,13325,-0.019569471624266144
2024-06-13,14970,15250,14940,15240,8756,0.013972055888223478
2024-06-14,15110,15330,14950,15220,12042,-0.001312335958005284
2024-06-17,15300,15480,15000,15100,16726,-0.007884362680683266
2024-06-18,15100,15230,14950,15150,12059,0.0033112582781456013
2024-06-19,15150,15540,15000,15010,10622,-0.009240924092409286
2024-06-20,15200,15280,15000,15030,13189,0.0013324450366423157
2024-06-21,15000,15350,14980,15090,11117,0.003992015968063978
2024-06-24,15290,15290,15010,15210,7623,0.007952286282306265
2024-06-25,15260,15260,15070,15070,10397,-0.009204470742932291
2024-06-26,15130,15320,14500,14550,22367,-0.03450564034505643
2024-06-27,14700,15100,14550,14610,18667,0.004123711340206171
2024-06-28,14640,14900,14510,14550,6468,-0.004106776180698102
2024-07-01,14550,15060,14550,15050,13658,0.03436426116838498
2024-07-02,14970,15510,14780,15470,27266,0.027906976744185963
2024-07-03,15480,15550,15010,15020,32922,-0.029088558500323214
2024-07-04,15330,15330,14900,15230,24045,0.013981358189081305
2024-07-05,15220,15900,15010,15720,38385,0.03217334208798417
2024-07-08,15900,17490,15740,16300,232139,0.03689567430025442
2024-07-09,16180,16400,15400,16240,41067,-0.0036809815950920033
2024-07-10,16060,16570,15630,16260,45763,0.0012315270935960854
2024-07-11,16200,16210,15680,15910,30863,-0.021525215252152563
2024-07-12,15760,16170,15760,15910,11228,0.0
2024-07-15,15910,16090,15650,15720,19348,-0.011942174732872401
2024-07-16,15600,15900,15490,15670,14310,-0.0031806615776081015
2024-07-17,15670,16070,15450,15580,18764,-0.00574345883854499
2024-07-18,15480,15550,15220,15290,14543,-0.018613607188703418
2024-07-19,15380,15500,15250,15480,6677,0.012426422498365008
2024-07-22,15700,15800,15150,15180,9672,-0.019379844961240345
2024-07-23,15180,15280,15030,15180,14382,0.0
2024-07-24,15070,15620,15070,15460,10812,0.01844532279314892
2024-07-25,15510,15510,15110,15140,7378,-0.02069857697283317
2024-07-26,15160,15730,15100,15400,16528,0.017173051519154603
2024-07-29,15230,15800,15230,15480,13055,0.0051948051948051965
2024-07-30,15750,15750,15400,15460,8312,-0.0012919896640827266
2024-07-31,15430,15810,15100,15320,16376,-0.009055627425614499
2024-08-01,15630,15630,15200,15450,11189,0.008485639686684143
2024-08-02,15460,15460,14800,15000,31568,-0.029126213592232997
2024-08-05,15000,15000,13100,13400,40805,-0.10666666666666669
2024-08-06,13300,14110,13300,13790,21667,0.029104477611940238
2024-08-07,13790,14610,13790,14500,20613,0.051486584481508446
2024-08-08,14500,15300,14400,15170,23979,0.046206896551724164
2024-08-09,15170,15450,15020,15030,8055,-0.009228740936057966
2024-08-12,14810,15300,14730,14890,15045,-0.009314703925482393
2024-08-13,14890,14890,14500,14500,10147,-0.026192075218267274
2024-08-14,14530,14830,14500,14570,5770,0.004827586206896495
2024-08-16,14590,14850,14590,14810,5755,0.016472203157172238
2024-08-19,15250,15350,14670,15280,15008,0.031735313977042434
2024-08-20,15240,15670,15070,15550,24647,0.017670157068062853
2024-08-21,15300,15790,15220,15570,13906,0.0012861736334404128
2024-08-22,15590,15600,15050,15050,13931,-0.03339755940912015
2024-08-23,15020,15790,14960,15760,14541,0.047176079734219334
2024-08-26,15790,15980,15380,15700,12339,-0.0038071065989847552
2024-08-27,15600,15830,15370,15390,9730,-0.0197452229299363
2024-08-28,15650,15650,15250,15420,9191,0.0019493177387914784
2024-08-29,15420,15420,15090,15150,7269,-0.017509727626459193
2024-08-30,15150,15330,15050,15160,4261,0.0006600660066007347
2024-09-02,15160,15370,14930,15130,12243,-0.0019788918205804196
2024-09-03,15130,15480,14950,15190,10324,0.00396563119629878
2024-09-04,14900,15080,14110,14180,17728,-0.06649111257406193
2024-09-05,14200,14520,14180,14350,14942,0.011988716502115748
2024-09-06,14200,14260,13980,13990,8677,-0.02508710801393732
2024-09-09,13980,14480,13810,14110,4965,0.008577555396712011
2024-09-10,14120,14270,13950,14250,5842,0.009922041105598911
2024-09-11,14030,14560,13910,14030,6533,-0.01543859649122803
2024-09-12,13950,14480,13950,14110,7177,0.005702066999287325
2024-09-13,14000,14250,14000,14100,3103,-0.0007087172218285254
2024-09-19,14100,14360,14070,14350,7420,0.01773049645390068
2024-09-20,14500,14620,14300,14420,6696,0.004878048780487809
2024-09-23,14430,14430,14050,14150,7221,-0.018723994452149784
2024-09-24,14160,15140,14160,14450,27829,0.021201413427561766
2024-09-25,14400,14640,14050,14050,10418,-0.02768166089965396
2024-09-26,14050,14830,14050,14740,16577,0.04911032028469742
2024-09-27,14760,14860,14590,14680,7786,-0.004070556309362261
2024-09-30,14970,14970,14290,14380,7686,-0.02043596730245234
2024-10-02,14240,14430,14050,14050,11267,-0.02294853963838661
2024-10-04,14100,14430,13700,14010,8778,-0.002846975088967918
2024-10-07,14580,14580,14010,14400,13710,0.027837259100642386
2024-10-08,14120,14870,14120,14700,11929,0.02083333333333326
2024-10-10,14700,15000,14500,14850,9034,0.010204081632652962
2024-10-11,15150,15270,14480,15000,18358,0.010101010101010166
2024-10-14,14850,15680,14800,15590,41693,0.03933333333333344
2024-10-15,15890,15900,15520,15640,22791,0.003207184092366866
2024-10-16,15850,15900,15530,15800,12874,0.010230179028132946
2024-10-17,15620,15900,15530,15700,9103,-0.006329113924050667
2024-10-18,15850,15850,15410,15650,6551,-0.0031847133757961776
2024-10-21,15650,15930,15320,15800,15362,0.009584664536741228
2024-10-22,15790,15800,15320,15670,14504,-0.008227848101265867
2024-10-23,15670,15670,15350,15510,11162,-0.0102105934907466
2024-10-24,15430,15460,15110,15250,13161,-0.01676337846550613
2024-10-25,15250,15440,14900,14900,5389,-0.022950819672131195
2024-10-28,14900,15100,14800,14890,5333,-0.0006711409395973034
2024-10-29,15640,15640,14740,15010,9279,0.008059100067159264
2024-10-30,14930,15230,14900,15090,9531,0.005329780146569041
2024-10-31,15270,15270,14820,15150,3475,0.003976143141153132
2024-11-01,15020,15310,14890,14970,16619,-0.011881188118811892
2024-11-04,15490,15490,15000,15050,3054,0.005344021376085584
2024-11-05,15050,15450,14900,15350,19287,0.019933554817275656
2024-11-06,15310,15820,15250,15790,15529,0.028664495114006483
2024-11-07,15690,15790,14970,15250,7199,-0.03419886003799877
2024-11-08,15280,15490,15200,15300,7400,0.003278688524590123
2024-11-11,15780,15780,14960,15080,16854,-0.01437908496732021
2024-11-12,15050,15240,14750,14900,23688,-0.011936339522546469
2024-11-13,14700,14870,14350,14430,13449,-0.03154362416107381
2024-11-14,14440,14970,14370,14520,18362,0.006237006237006293
2024-11-15,14950,14950,14120,14400,18648,-0.008264462809917328
2024-11-18,14430,14700,14300,14520,11499,0.008333333333333304
2024-11-19,15370,15370,14530,14860,15104,0.023415977961432466
2024-11-20,14780,16210,14780,15990,41403,0.07604306864064614
2024-11-21,15950,15950,15300,15770,19942,-0.013758599124452764
2024-11-22,15620,15770,15080,15230,12863,-0.034242232086239666
2024-11-25,15230,15380,15000,15200,19535,-0.001969796454366346
2024-11-26,15100,15310,15020,15230,10649,0.0019736842105262387
2024-11-27,15430,15450,15030,15380,5796,0.009848982271831952
2024-11-28,15400,15880,15300,15570,11931,0.012353706111833507
2024-11-29,15980,17000,15290,16950,122004,0.08863198458574173
2024-12-02,16790,17990,16300,16300,66064,-0.03834808259587019
2024-12-03,16200,16840,16150,16620,24955,0.019631901840490906
2024-12-04,16000,16450,15620,15970,35403,-0.03910950661853185
2024-12-05,16000,16700,15950,16680,19083,0.044458359423919847
2024-12-06,16680,16680,15600,15780,27636,-0.0539568345323741
2024-12-09,15710,15720,14810,15240,28716,-0.034220532319391594
2024-12-10,15090,16850,15090,16770,29637,0.10039370078740162
2024-12-11,16700,16990,16400,16670,13098,-0.005963029218843174
2024-12-12,16510,17180,16240,17090,21871,0.02519496100779839
2024-12-13,17090,17930,17090,17750,64570,0.03861907548273846
2024-12-16,18040,18040,17210,17350,21652,-0.022535211267605604
2024-12-17,17290,17450,16950,17100,14760,-0.014409221902017322
2024-12-18,17470,17470,16720,17140,9308,0.002339181286549641
2024-12-19,16600,16870,16020,16060,31406,-0.06301050175029177
2024-12-20,16150,16300,15630,15650,30814,-0.025529265255292644
2024-12-23,15860,16120,15660,15700,7545,0.0031948881789136685
2024-12-24,15550,20400,15550,18290,628532,0.1649681528662421
2024-12-26,18480,19230,18130,18560,115209,0.014762165117550463
2024-12-27,18930,18940,17760,18600,41745,0.0021551724137931494
2024-12-30,18600,18900,18150,18890,41186,0.015591397849462396
2025-01-02,19000,19010,18200,18760,47393,-0.006881948120698755
2025-01-03,18700,19250,18610,19150,54335,0.020788912579957408
2025-01-06,18830,19150,18470,19150,32745,0.0
2025-01-07,18980,19980,18980,19150,40492,0.0
2025-01-08,19000,19450,18650,19300,14260,0.007832898172323688
2025-01-09,19400,19790,18900,19580,31563,0.014507772020725396
2025-01-10,19390,19930,19150,19600,36990,0.0010214504596526286
2025-01-13,19890,19890,19160,19340,16821,-0.013265306122449028
2025-01-14,19350,19760,19110,19590,24659,0.01292657704239919
2025-01-15,19550,19790,19400,19500,21618,-0.004594180704441064
2025-01-16,19560,20850,19500,20150,82881,0.03333333333333344
2025-01-17,20100,20800,19700,19700,21876,-0.022332506203473934
2025-01-20,19200,19620,18760,19000,24796,-0.035532994923857864
2025-01-21,19000,19410,18730,19260,14130,0.013684210526315743
2025-01-22,19260,21750,19160,21300,83323,0.10591900311526481
2025-01-23,21000,23500,20150,22650,159281,0.06338028169014076
2025-01-24,22450,23150,21800,22750,52002,0.004415011037527616
2025-01-31,22700,23000,21900,22100,27233,-0.02857142857142858
2025-02-03,19500,19500,16100,17370,224447,-0.21402714932126699
2025-02-04,17710,18900,17550,18590,50158,0.07023603914795618
2025-02-05,18590,19970,18450,19970,30396,0.07423345884884336
2025-02-06,21000,21000,19150,20300,37966,0.016524787180771217
2025-02-07,20300,20750,19630,19940,28636,-0.017733990147783207
2025-02-10,19940,19940,18500,18550,32625,-0.06970912738214641
2025-02-11,18510,18870,18020,18870,15285,0.01725067385444734
2025-02-12,18730,18730,18190,18200,8395,-0.035506094329623705
2025-02-13,18200,18700,17930,18130,11828,-0.0038461538461538325
2025-02-14,18120,18330,17790,18090,22474,-0.0022062879205736463
2025-02-17,18090,18490,18030,18320,9299,0.012714206744057543
2025-02-18,18320,18990,17930,18740,8310,0.022925764192139653
2025-02-19,18740,18990,18520,18950,14188,0.011205976520811012
2025-02-20,18770,19030,18120,18120,15301,-0.04379947229551451
2025-02-21,18450,18450,18010,18340,12188,0.012141280353200834
2025-02-24,18340,18340,17620,18310,13744,-0.0016357688113413094
2025-02-25,18620,18800,17860,18700,24384,0.021299836155106444
2025-02-26,18490,18960,17920,18030,12919,-0.03582887700534765
2025-02-27,18300,18300,17610,17900,23117,-0.007210205213532994
2025-02-28,17700,18130,17610,18030,14552,0.007262569832402255
2025-03-04,17730,17890,17400,17420,10968,-0.033832501386577896
2025-03-05,17420,17920,17170,17320,7611,-0.00574052812858783
2025-03-06,17250,17580,17030,17040,9672,-0.0161662817551963
2025-03-07,17000,17290,16510,17050,12459,0.0005868544600939885
2025-03-10,17050,17380,16810,17080,12710,0.0017595307917888103
2025-03-11,17080,17400,16590,17400,12561,0.0187353629976581
2025-03-12,17370,19900,17330,18680,57618,0.0735632183908046
2025-03-13,18680,18890,18170,18320,9332,-0.01927194860813708
2025-03-14,18280,19800,18280,19740,56272,0.07751091703056767
2025-03-17,19500,19740,18940,19150,18061,-0.02988855116514688
2025-03-18,18900,19680,18010,19380,27878,0.01201044386422967
2025-03-19,19250,19870,19240,19360,16665,-0.0010319917440660964
2025-03-20,19350,19940,18810,19880,24098,0.026859504132231482
2025-03-21,20150,20150,19480,19790,13609,-0.00452716297786715
2025-03-24,19790,19950,19400,19560,10695,-0.011622031328954008
2025-03-25,19560,20500,19390,20300,20968,0.03783231083844574
2025-03-26,20100,20600,19290,20000,23044,-0.014778325123152691
2025-03-27,19990,19990,19150,19200,10443,-0.040000000000000036
2025-03-28,19080,19850,18880,19450,15173,0.01302083333333326
2025-03-31,19450,19600,18600,18870,13534,-0.029820051413881776
2025-04-01,18900,19830,18740,19690,11799,0.04345521992580825
2025-04-02,19950,19980,19220,19360,5753,-0.016759776536312887
2025-04-03,19320,20400,19000,19860,16876,0.025826446280991844
2025-04-04,19600,20100,19270,19620,9077,-0.012084592145015116
2025-04-07,18850,19880,18600,19140,28333,-0.024464831804281384
2025-04-08,19000,20400,19000,20050,22816,0.04754440961337503
2025-04-09,20050,21300,19410,19510,17526,-0.026932668329177067
2025-04-10,19550,21200,19550,20900,51213,0.07124551512045096
2025-04-11,20700,21500,20450,21500,20273,0.028708133971291794
2025-04-14,21500,22000,21300,21500,18340,0.0
2025-04-15,22000,22300,20350,20550,24745,-0.04418604651162794
2025-04-16,20500,21000,19750,20000,33499,-0.02676399026763987
2025-04-17,20000,20950,19890,20050,17381,0.0024999999999999467
2025-04-18,20100,20950,19800,20950,13406,0.04488778054862852
2025-04-21,20550,20900,20450,20900,3416,-0.0023866348448687846
2025-04-22,20800,21050,20400,20850,10548,-0.0023923444976076125
2025-04-23,20750,21500,20400,20450,10987,-0.01918465227817745
2025-04-24,20450,20500,19420,19530,35653,-0.044987775061124724
2025-04-25,19600,21100,19450,20700,21778,0.05990783410138256
2025-04-28,20350,21050,20000,20200,5962,-0.024154589371980673
2025-04-29,20200,20400,20050,20050,5294,-0.007425742574257432
2025-04-30,20050,22700,20050,22650,92294,0.12967581047381538
2025-05-02,23650,23650,22000,22450,29451,-0.008830022075055233
2025-05-07,22400,23600,22300,23450,40201,0.04454342984409809
2025-05-08,23450,24300,23200,23650,44382,0.008528784648187626
2025-05-09,24100,24350,23400,23900,31834,0.010570824524312794
2025-05-12,24000,24100,23000,23200,41266,-0.029288702928870314
2025-05-13,23200,23400,22150,22200,47192,-0.0431034482758621
2025-05-14,22150,22950,22050,22500,14042,0.013513513513513598
2025-05-15,22300,24100,22300,23850,64139,0.06000000000000005
2025-05-16,23450,24800,23450,23750,42421,-0.004192872117400381
2025-05-19,23750,23750,22450,22600,15355,-0.04842105263157892
2025-05-20,22650,23150,22450,22650,6891,0.0022123893805310324
2025-05-21,22700,23350,21650,21800,24454,-0.03752759381898452
2025-05-22,21800,21900,21000,21350,12549,-0.020642201834862428
2025-05-23,21400,21650,20900,21500,14163,0.007025761124121788
2025-05-26,22100,22100,21000,21550,10163,0.0023255813953488857
2025-05-27,21300,23050,21300,22300,13677,0.03480278422273786
2025-05-28,22300,22650,21800,22150,12928,-0.006726457399103158
2025-05-29,22500,23500,22100,22800,16014,0.02934537246049662
2025-05-30,22600,22950,22300,22800,9866,0.0
2025-06-02,23450,23450,22050,22600,11966,-0.00877192982456143
2025-06-04,22600,23300,22200,22600,21027,0.0
2025-06-05,22950,23000,22450,22500,8951,-0.004424778761061954
2025-06-09,22700,22850,21050,21150,30902,-0.06000000000000005
2025-06-10,21150,22000,21100,21700,8507,0.026004728132387633
2025-06-11,21700,21950,21100,21850,11493,0.00691244239631339
2025-06-12,21850,21950,20500,21000,40794,-0.0389016018306636
2025-06-13,21050,21250,20250,20500,25893,-0.023809523809523836
2025-06-16,20000,20800,20000,20450,8192,-0.0024390243902439046
2025-06-17,20350,21450,20250,20500,8717,0.0024449877750611915
2025-06-18,20350,20600,19820,19850,36089,-0.03170731707317076
2025-06-19,20300,20500,19380,20400,17717,0.027707808564231717
2025-06-20,20400,20750,19990,20350,12323,-0.002450980392156854
2025-06-23,20150,22150,20000,21250,35111,0.04422604422604426
2025-06-24,21250,21900,20500,21350,29886,0.004705882352941115
2025-06-25,21500,21600,21000,21150,9230,-0.00936768149882905
2025-06-26,21300,21800,20700,21550,14613,0.01891252955082745
2025-06-27,21300,21900,20650,21350,40484,-0.009280742459396807
2025-06-30,21350,22750,20750,21900,47827,0.025761124121779888
2025-07-01,22150,23500,21600,22850,47516,0.04337899543378998
2025-07-02,22650,23450,22350,22800,27566,-0.002188183807439792
2025-07-03,23200,23200,22500,22750,13963,-0.002192982456140302
2025-07-04,22750,23350,22050,22200,17856,-0.0241758241758242
2025-07-07,22150,22600,21850,22400,11105,0.009009009009008917
2025-07-08,22400,28800,22400,27500,448858,0.2276785714285714
2025-07-09,28150,29350,26250,27400,270144,-0.0036363636363636598
2025-07-10,27100,27500,25050,27050,88062,-0.012773722627737238
2025-07-11,27100,28250,26600,27850,66586,0.02957486136783727
2025-07-14,27500,27950,26000,27150,65312,-0.025134649910233398
2025-07-15,27000,29650,24800,25050,151825,-0.07734806629834257
2025-07-16,25100,27100,25000,26850,42459,0.0718562874251496
2025-07-17,26250,27900,26250,26850,39286,0.0
2025-07-18,26900,28100,26900,27550,35206,0.026070763500931182
2025-07-21,27600,27650,26050,26300,26984,-0.04537205081669693
2025-07-22,26400,27350,25800,26000,26214,-0.011406844106463865
2025-07-23,26000,26250,25550,25650,13383,-0.013461538461538414
2025-07-24,25650,26100,25200,25350,18338,-0.011695906432748537
2025-07-25,25350,26100,24850,24850,14312,-0.01972386587771202
2025-07-28,25000,25000,23850,23900,27792,-0.0382293762575453
2025-07-29,23900,24050,23550,23600,13131,-0.012552301255230103
2025-07-30,23650,24100,23350,23950,26259,0.014830508474576343
2025-07-31,23950,24250,23400,23500,17380,-0.018789144050104345
