Date,Open,High,Low,Close,Volume,Change
2022-01-03,2377,2474,2377,2454,666734,0.03195962994112689
2022-01-04,2452,2490,2422,2470,522403,0.006519967400163029
2022-01-05,2469,2469,2420,2420,617141,-0.020242914979757054
2022-01-06,2407,2458,2386,2412,483430,-0.0033057851239669533
2022-01-07,2415,2444,2368,2403,429848,-0.003731343283582045
2022-01-10,2398,2414,2327,2327,528256,-0.03162713275072826
2022-01-11,2346,2346,2237,2259,623366,-0.029222174473571116
2022-01-12,2259,2326,2259,2310,444862,0.02257636122177953
2022-01-13,2322,2335,2263,2281,428873,-0.01255411255411254
2022-01-14,2259,2264,2218,2218,588782,-0.02761946514686542
2022-01-17,2152,2198,2148,2170,755274,-0.021641118124436476
2022-01-18,2179,2187,2107,2112,660435,-0.026728110599078314
2022-01-19,2094,2132,2031,2112,509853,0.0
2022-01-20,2132,2246,2111,2243,803628,0.06202651515151514
2022-01-21,2208,2296,2199,2238,491276,-0.0022291573785109264
2022-01-24,2233,2276,2183,2205,440900,-0.014745308310991967
2022-01-25,2203,2221,2014,2040,992336,-0.07482993197278909
2022-01-26,2072,2135,2018,2048,782694,0.0039215686274509665
2022-01-27,2048,2052,1943,1943,745568,-0.05126953125
2022-01-28,1958,2082,1920,2082,715210,0.0715388574369531
2022-02-03,2085,2144,2085,2124,357363,0.020172910662824117
2022-02-04,2069,2174,2069,2112,481470,-0.005649717514124242
2022-02-07,2119,2195,2047,2065,751281,-0.022253787878787845
2022-02-08,2068,2093,2009,2035,517415,-0.014527845036319653
2022-02-09,2043,2094,2022,2091,449636,0.02751842751842748
2022-02-10,2106,2110,2043,2048,498940,-0.020564323290291675
2022-02-11,2026,2026,1968,1968,564887,-0.0390625
2022-02-14,1929,1933,1848,1896,715267,-0.03658536585365857
2022-02-15,1890,1941,1878,1908,422627,0.006329113924050667
2022-02-16,1963,2040,1951,2040,677516,0.0691823899371069
2022-02-17,2034,2064,1984,2010,545566,-0.014705882352941124
2022-02-18,1963,2035,1963,2023,386628,0.006467661691542226
2022-02-21,2013,2031,1967,2031,245965,0.003954522985664788
2022-02-22,1980,2013,1962,1972,430790,-0.029049729197439644
2022-02-23,1979,2084,1975,2056,1068020,0.04259634888438124
2022-02-24,2000,2030,1941,1959,760905,-0.0471789883268483
2022-02-25,2009,2389,2005,2221,11833752,0.13374170495150595
2022-02-28,2211,2267,2191,2221,1925035,0.0
2022-03-02,2292,2423,2263,2327,5919493,0.04772624943719039
2022-03-03,2327,2352,2263,2340,1330804,0.005586592178770999
2022-03-04,2385,2436,2305,2323,3115702,-0.007264957264957239
2022-03-07,2381,2436,2335,2340,2741636,0.00731812311665947
2022-03-08,2372,2381,2220,2238,1536815,-0.043589743589743546
2022-03-10,2238,2318,2229,2315,1492952,0.034405719392314627
2022-03-11,2322,2322,2238,2289,885693,-0.011231101511879005
2022-03-14,2246,2313,2221,2226,665642,-0.02752293577981646
2022-03-15,2221,2221,2144,2154,575407,-0.03234501347708896
2022-03-16,2195,2251,2178,2251,661020,0.04503249767873729
2022-03-17,2267,2296,2246,2272,572383,0.009329187027987462
2022-03-18,2280,2297,2213,2264,714983,-0.0035211267605633756
2022-03-21,2267,2305,2238,2251,503377,-0.005742049469964705
2022-03-22,2246,2262,2225,2238,468268,-0.005775211017325588
2022-03-23,2251,2351,2242,2302,1760807,0.02859696157283298
2022-03-24,2301,2420,2283,2420,2195301,0.051259774109470024
2022-03-25,2449,2449,2335,2340,1690911,-0.03305785123966942
2022-03-28,2323,2369,2310,2315,838215,-0.010683760683760646
2022-03-29,2313,2360,2313,2348,654525,0.014254859611231074
2022-03-30,2338,2394,2300,2394,1908623,0.01959114139693363
2022-03-31,2356,2449,2356,2416,1816568,0.009189640768588081
2022-04-01,2381,2411,2352,2391,709995,-0.010347682119205337
2022-04-04,2372,2380,2308,2318,1081941,-0.030531158511083234
2022-04-05,2325,2338,2292,2297,806338,-0.009059534081104381
2022-04-06,2284,2284,2204,2209,1079760,-0.0383108402263822
2022-04-07,2199,2199,2081,2094,1294252,-0.05205975554549569
2022-04-08,2098,2141,2060,2141,883294,0.02244508118433619
2022-04-11,2099,2200,2099,2188,917199,0.021952358710882747
2022-04-12,2170,2221,2144,2221,911676,0.015082266910420472
2022-04-13,2221,2221,2153,2213,681461,-0.0036019810895993043
2022-04-14,2212,2233,2166,2209,423114,-0.0018075011296881938
2022-04-15,2195,2203,2131,2141,505986,-0.030783159800814808
2022-04-18,2102,2207,2094,2120,1775229,-0.009808500700607237
2022-04-19,2136,2196,2136,2196,1066080,0.03584905660377369
2022-04-20,2195,2199,2136,2158,674652,-0.01730418943533696
2022-04-21,2153,2226,2132,2226,1816589,0.03151065801668218
2022-04-22,2173,2199,2140,2145,4822206,-0.03638814016172509
2022-04-25,2115,2115,2006,2006,1188816,-0.06480186480186478
2022-04-26,2027,2043,1989,2040,542487,0.016949152542372836
2022-04-27,1992,2005,1959,1972,525066,-0.033333333333333326
2022-04-28,1984,1988,1934,1947,662869,-0.012677484787018245
2022-04-29,1964,1997,1955,1994,463271,0.02413970210580385
2022-05-02,1941,1984,1941,1951,442083,-0.021564694082246705
2022-05-03,1955,1980,1937,1947,504601,-0.002050230650948226
2022-05-04,1954,1958,1895,1900,718600,-0.02413970210580385
2022-05-06,1883,1895,1854,1867,621895,-0.01736842105263159
2022-05-09,1857,1895,1837,1837,489052,-0.0160685591858597
2022-05-10,1801,1823,1738,1811,797330,-0.014153511159499144
2022-05-11,1837,1837,1748,1829,555377,0.00993926007730539
2022-05-12,1776,1810,1730,1735,749028,-0.05139420448332421
2022-05-13,1759,1810,1734,1807,505500,0.04149855907780986
2022-05-16,1815,1857,1785,1803,506510,-0.0022136137244050946
2022-05-17,1782,1815,1773,1795,362525,-0.00443704936217415
2022-05-18,1793,1819,1755,1765,551073,-0.01671309192200554
2022-05-19,1719,1769,1706,1732,835562,-0.018696883852691193
2022-05-20,1735,1858,1735,1850,1765232,0.06812933025404155
2022-05-23,1845,1857,1815,1845,517474,-0.002702702702702675
2022-05-24,1852,1852,1760,1765,753529,-0.04336043360433606
2022-05-25,1785,1828,1781,1820,690270,0.031161473087818692
2022-05-26,1824,1924,1789,1875,1742560,0.030219780219780112
2022-05-27,1841,1907,1828,1841,964945,-0.018133333333333335
2022-05-30,1890,1924,1869,1908,763883,0.036393264530146574
2022-05-31,1943,2348,1895,2205,20907069,0.1556603773584906
2022-06-02,2229,2373,2170,2213,8072614,0.0036281179138322184
2022-06-03,2220,2276,2191,2268,3238485,0.02485314053321286
2022-06-07,2267,2407,2208,2407,5552818,0.061287477954144576
2022-06-08,2787,2821,2402,2450,27531505,0.017864561695056125
2022-06-09,2524,2583,2318,2407,13803123,-0.017551020408163254
2022-06-10,2406,2617,2368,2538,17105298,0.05442459493144991
2022-06-13,2457,2655,2415,2492,8084770,-0.01812450748620964
2022-06-14,2419,2575,2368,2572,3895716,0.0321027287319422
2022-06-15,2635,2640,2441,2480,3960962,-0.03576982892690517
2022-06-16,2571,2601,2436,2454,3717298,-0.010483870967741948
2022-06-17,2368,2406,2305,2403,1694776,-0.020782396088019572
2022-06-20,2411,2525,2221,2243,2414817,-0.0665834373699542
2022-06-21,2242,2342,2207,2293,1807876,0.022291573785109264
2022-06-22,2288,2351,2094,2107,1742554,-0.08111644134321849
2022-06-23,2106,2161,1966,1976,2161586,-0.06217370669197908
2022-06-24,1979,2051,1908,2027,1181181,0.02580971659919018
2022-06-27,2035,2094,2035,2061,770808,0.016773556980759663
2022-06-28,2064,2351,2064,2264,11029542,0.0984958757884522
2022-06-29,2224,2436,2212,2293,7713359,0.012809187279152034
2022-06-30,2296,2406,2242,2293,3053692,0.0
2022-07-01,2317,2321,2152,2221,1518843,-0.03139991277802001
2022-07-04,2236,2236,2025,2073,1152086,-0.06663665015758669
2022-07-05,2085,2128,2009,2120,717158,0.022672455378678347
2022-07-06,2099,2103,1976,1994,991704,-0.059433962264150986
2022-07-07,2006,2014,1946,1994,638646,0.0
2022-07-08,2030,2056,2002,2002,508814,0.004012036108324901
2022-07-11,2001,2017,1967,1989,350961,-0.00649350649350644
2022-07-12,1954,1979,1886,1908,730092,-0.040723981900452455
2022-07-13,1908,1916,1836,1900,547195,-0.004192872117400381
2022-07-14,1890,1916,1844,1900,382499,0.0
2022-07-15,1883,1908,1841,1867,493700,-0.01736842105263159
2022-07-18,1874,1968,1870,1968,535673,0.05409748259239411
2022-07-19,1972,2005,1946,1985,432646,0.008638211382113736
2022-07-20,2018,2026,1975,2010,543436,0.012594458438287104
2022-07-21,2034,2064,1988,2006,660907,-0.0019900497512437276
2022-07-22,2010,2010,1943,1943,498047,-0.03140578265204386
2022-07-25,1924,1959,1924,1959,216781,0.008234688625836428
2022-07-26,1959,1979,1941,1951,264099,-0.0040837161817253165
2022-07-27,1954,1971,1941,1951,252537,0.0
2022-07-28,1979,2043,1979,2035,1432953,0.04305484366991297
2022-07-29,2098,2233,2089,2124,4476441,0.04373464373464375
2022-08-01,2140,2224,2123,2162,1733459,0.01789077212806034
2022-08-02,2178,2178,2081,2107,838607,-0.025439407955596627
2022-08-03,2107,2157,2081,2120,589333,0.006169909824394804
2022-08-04,2118,2118,2069,2069,647266,-0.024056603773584873
2022-08-05,2078,2179,2073,2167,1063853,0.04736587723537933
2022-08-08,2237,2355,2166,2293,6129605,0.058144900784494746
2022-08-09,2301,2343,2263,2289,1628558,-0.0017444395987789019
2022-08-10,2313,2364,2296,2331,1985267,0.0183486238532109
2022-08-11,2389,2398,2300,2386,2317807,0.023595023595023523
2022-08-12,2385,2385,2317,2327,1538453,-0.02472757753562449
2022-08-16,2326,2343,2272,2285,943443,-0.01804899011602923
2022-08-17,2279,2297,2208,2251,758180,-0.014879649890590763
2022-08-18,2250,2338,2221,2310,968724,0.026210573078631727
2022-08-19,2314,2372,2247,2247,1178634,-0.027272727272727226
2022-08-22,2213,2254,2167,2167,638390,-0.035603026257231885
2022-08-23,2149,2318,2140,2302,1715414,0.062298107983387085
2022-08-24,2305,2399,2275,2399,2423965,0.042137271937445764
2022-08-25,2424,2428,2318,2353,2429004,-0.019174656106711097
2022-08-26,2359,2380,2308,2318,1255179,-0.01487462813429663
2022-08-29,2178,2360,2178,2340,1080888,0.009490940465918918
2022-08-30,2360,2372,2280,2293,777659,-0.020085470085470125
2022-08-31,2302,2389,2289,2302,1177738,0.003924989097252585
2022-09-01,2296,2351,2166,2196,1059383,-0.04604691572545616
2022-09-02,2203,2245,2152,2170,767394,-0.011839708561020013
2022-09-05,2170,2195,2111,2124,488272,-0.021198156682027625
2022-09-06,2111,2216,2111,2188,522025,0.030131826741996326
2022-09-07,2186,2186,2051,2086,743511,-0.046617915904936025
2022-09-08,2106,2135,2063,2073,505266,-0.0062320230105464836
2022-09-13,2090,2098,2030,2078,520909,0.002411963338157186
2022-09-14,2009,2093,2000,2073,429920,-0.002406159769008709
2022-09-15,2073,2148,2073,2086,326751,0.006271104679208772
2022-09-16,2086,2111,2040,2040,305101,-0.02205177372962608
2022-09-19,2035,2047,1921,1951,842208,-0.04362745098039211
2022-09-20,1972,2014,1972,2002,368754,0.026140440799589992
2022-09-21,2008,2008,1941,1959,321920,-0.021478521478521473
2022-09-22,1937,1997,1904,1985,416932,0.013272077590607445
2022-09-23,1992,1992,1900,1905,361135,-0.04030226700251893
2022-09-26,1853,1891,1778,1778,613145,-0.06666666666666665
2022-09-27,1764,1807,1718,1761,503342,-0.009561304836895435
2022-09-28,1760,1781,1646,1676,606019,-0.048268029528676926
2022-09-29,1697,1739,1646,1664,368674,-0.007159904534606243
2022-09-30,1608,1676,1587,1643,371867,-0.01262019230769229
2022-10-04,1676,1705,1651,1702,337564,0.03590992087644551
2022-10-05,1709,1793,1642,1668,638003,-0.0199764982373678
2022-10-06,1675,1793,1675,1773,498694,0.06294964028776984
2022-10-07,1743,1814,1713,1773,659634,0.0
2022-10-11,1730,1747,1642,1668,473973,-0.05922165820642977
2022-10-12,1667,1675,1587,1613,439650,-0.03297362110311752
2022-10-13,1603,1611,1506,1511,503016,-0.06323620582765033
2022-10-14,1537,1570,1528,1550,388334,0.0258107213765717
2022-10-17,1511,1554,1498,1554,235366,0.002580645161290418
2022-10-18,1582,1590,1557,1570,235655,0.01029601029601035
2022-10-19,1586,1620,1562,1562,268356,-0.005095541401273884
2022-10-20,1570,1594,1544,1570,243810,0.005121638924455718
2022-10-21,1549,1569,1503,1503,462630,-0.04267515923566878
2022-10-24,1545,1566,1519,1529,414565,0.017298735861610126
2022-10-25,1603,1760,1544,1554,2558569,0.01635055591890122
2022-10-26,1562,1596,1545,1550,258695,-0.002574002574002532
2022-10-27,1569,1579,1540,1579,236202,0.01870967741935492
2022-10-28,1549,1595,1549,1562,250297,-0.010766307789740304
2022-10-31,1578,1582,1552,1570,158901,0.005121638924455718
2022-11-01,1562,1633,1562,1630,433222,0.03821656050955413
2022-11-02,1629,1654,1600,1613,405652,-0.010429447852760787
2022-11-03,1579,1638,1574,1630,218606,0.010539367637941721
2022-11-04,1663,1705,1633,1643,653801,0.00797546012269934
2022-11-07,1646,1664,1613,1618,292768,-0.015216068167985375
2022-11-08,1624,1701,1608,1634,660429,0.009888751545117369
2022-11-09,1646,1718,1646,1685,785847,0.031211750305997654
2022-11-10,1667,1827,1637,1697,1884218,0.0071216617210683175
2022-11-11,1752,1755,1696,1706,639037,0.005303476723629963
2022-11-14,1718,1790,1710,1715,457017,0.005275498241500642
2022-11-15,1705,1722,1688,1710,387684,-0.002915451895043719
2022-11-16,1714,1756,1680,1744,529185,0.019883040935672502
2022-11-17,1756,1756,1692,1710,302784,-0.019495412844036664
2022-11-18,1709,1713,1685,1685,247846,-0.014619883040935644
2022-11-21,1687,1687,1625,1638,295423,-0.027893175074183985
2022-11-22,1641,1646,1607,1646,202824,0.004884004884004867
2022-11-23,1646,1654,1629,1634,224490,-0.007290400972053468
2022-11-24,1634,1664,1629,1664,274696,0.01835985312117505
2022-11-25,1666,1666,1628,1638,153805,-0.015625
2022-11-28,1637,1641,1583,1583,297477,-0.03357753357753357
2022-11-29,1596,1596,1566,1596,217401,0.008212255211623498
2022-11-30,1603,1612,1516,1516,1063345,-0.05012531328320802
2022-12-01,1544,1552,1511,1524,802512,0.005277044854881341
2022-12-02,1524,1603,1498,1554,2279609,0.019685039370078705
2022-12-05,1578,1578,1531,1541,528081,-0.008365508365508312
2022-12-06,1528,1570,1524,1550,319782,0.005840363400389403
2022-12-07,1545,1545,1515,1533,206968,-0.010967741935483888
2022-12-08,1532,1536,1511,1524,252233,-0.005870841487279899
2022-12-09,1528,1536,1520,1520,217334,-0.002624671916010457
2022-12-12,1503,1591,1503,1529,1012531,0.005921052631578938
2022-12-13,1533,1566,1511,1533,568001,0.002616088947024142
2022-12-14,1548,1557,1535,1545,344279,0.007827788649706457
2022-12-15,1537,1558,1528,1550,289247,0.003236245954692629
2022-12-16,1527,1544,1511,1524,230063,-0.01677419354838705
2022-12-19,1523,1528,1510,1520,198458,-0.002624671916010457
2022-12-20,1519,1524,1489,1524,520117,0.002631578947368318
2022-12-21,1503,1515,1481,1491,427117,-0.021653543307086576
2022-12-22,1495,1503,1485,1495,180104,0.0026827632461434714
2022-12-23,1481,1485,1376,1376,874629,-0.0795986622073579
2022-12-26,1380,1413,1367,1410,247679,0.024709302325581328
2022-12-27,1397,1456,1393,1419,235370,0.006382978723404209
2022-12-28,1406,1447,1393,1406,210061,-0.009161381254404466
2022-12-29,1400,1405,1367,1372,185106,-0.024182076813655806
2023-01-02,1371,1397,1333,1343,173870,-0.021137026239067103
2023-01-03,1343,1359,1296,1356,222358,0.00967982129560685
2023-01-04,1320,1371,1320,1359,173423,0.0022123893805310324
2023-01-05,1370,1370,1324,1346,246851,-0.009565857247976428
2023-01-06,1333,1376,1333,1368,129484,0.01634472511144125
2023-01-09,1389,1430,1380,1402,330160,0.024853801169590684
2023-01-10,1402,1418,1394,1394,329762,-0.005706134094151216
2023-01-11,1400,1468,1397,1448,465329,0.038737446197991465
2023-01-12,1472,1540,1469,1482,1672751,0.023480662983425438
2023-01-13,1486,1498,1460,1470,370381,-0.0080971659919028
2023-01-16,1485,1489,1460,1473,236456,0.0020408163265306367
2023-01-17,1478,1478,1452,1470,209222,-0.0020366598778004397
2023-01-18,1451,1460,1417,1427,391937,-0.029251700680272164
2023-01-19,1439,1506,1434,1444,1156556,0.01191310441485638
2023-01-20,1444,1473,1427,1457,350911,0.009002770083102574
2023-01-25,1458,1476,1437,1446,343570,-0.007549759780370646
2023-01-26,1446,1493,1443,1481,415083,0.024204702627939056
2023-01-27,1489,1513,1481,1501,358481,0.013504388926401045
2023-01-30,1501,1514,1468,1477,271708,-0.0159893404397069
2023-01-31,1469,1498,1465,1482,249506,0.003385240352064889
2023-02-01,1482,1499,1475,1486,272442,0.0026990553306343035
2023-02-02,1497,1513,1490,1501,257087,0.010094212651413192
2023-02-03,1500,1510,1494,1496,331623,-0.0033311125916055673
2023-02-06,1509,1515,1468,1497,266809,0.0006684491978610207
2023-02-07,1503,1514,1488,1498,244898,0.0006680026720107257
2023-02-08,1510,1510,1483,1508,320847,0.006675567423231055
2023-02-09,1502,1511,1496,1500,195284,-0.0053050397877983935
2023-02-10,1493,1493,1465,1465,350305,-0.023333333333333317
2023-02-13,1494,1614,1475,1526,1951905,0.041638225255972605
2023-02-14,1526,1535,1504,1511,297700,-0.009829619921362998
2023-02-15,1508,1519,1417,1433,716395,-0.05162144275314362
2023-02-16,1433,1453,1433,1444,314484,0.007676203768318235
2023-02-17,1443,1454,1431,1451,217722,0.00484764542936289
2023-02-20,1460,1460,1418,1439,303520,-0.008270158511371473
2023-02-21,1443,1445,1431,1433,223685,-0.004169562195969423
2023-02-22,1411,1427,1411,1416,280930,-0.011863224005582707
2023-02-23,1426,1427,1413,1416,205011,0.0
2023-02-24,1414,1422,1392,1393,401791,-0.016242937853107375
2023-02-27,1384,1384,1356,1368,239800,-0.017946877243359638
2023-02-28,1367,1376,1359,1366,194196,-0.0014619883040936088
2023-03-02,1367,1384,1364,1364,247092,-0.0014641288433382416
2023-03-03,1376,1376,1351,1359,247760,-0.003665689149560114
2023-03-06,1358,1373,1349,1369,265732,0.00735835172921262
2023-03-07,1369,1450,1351,1438,883108,0.050401753104455826
2023-03-08,1434,1456,1380,1388,446056,-0.03477051460361613
2023-03-09,1407,1506,1404,1457,1340194,0.04971181556195958
2023-03-10,1431,1465,1415,1421,385152,-0.024708304735758357
2023-03-13,1394,1417,1381,1401,260856,-0.014074595355383579
2023-03-14,1400,1400,1341,1349,394385,-0.03711634546752318
2023-03-15,1351,1369,1351,1356,182047,0.005189028910304039
2023-03-16,1355,1355,1325,1343,239895,-0.009587020648967548
2023-03-17,1351,1393,1336,1393,239267,0.03723008190618016
2023-03-20,1388,1388,1356,1375,209784,-0.012921751615218913
2023-03-21,1375,1377,1351,1365,246275,-0.0072727272727273196
2023-03-22,1374,1374,1351,1356,247638,-0.00659340659340657
2023-03-23,1346,1353,1324,1337,554778,-0.014011799410029502
2023-03-24,1349,1349,1309,1320,545222,-0.012715033657442087
2023-03-27,1321,1345,1309,1326,424628,0.00454545454545463
2023-03-28,1332,1361,1327,1352,499891,0.019607843137254832
2023-03-29,1351,1357,1344,1357,291519,0.0036982248520709415
2023-03-30,1363,1366,1333,1363,517333,0.004421518054531948
2023-03-31,1368,1426,1354,1361,776550,-0.0014673514306676738
2023-04-03,1360,1370,1344,1366,408938,0.0036737692872887973
2023-04-04,1366,1377,1354,1374,381887,0.005856515373352744
2023-04-05,1373,1373,1359,1363,271914,-0.008005822416302766
2023-04-06,1363,1393,1343,1369,629738,0.00440205429200291
2023-04-07,1374,1374,1345,1351,451312,-0.013148283418553675
2023-04-10,1350,1350,1328,1338,443374,-0.00962250185048108
2023-04-11,1337,1346,1317,1337,557550,-0.0007473841554559435
2023-04-12,1345,1375,1337,1367,794660,0.022438294689603566
2023-04-13,1367,1373,1346,1371,423415,0.002926115581565414
2023-04-14,1383,1398,1375,1398,640720,0.01969365426695835
2023-04-17,1406,1448,1397,1436,878857,0.027181688125894166
2023-04-18,1442,1453,1402,1414,662489,-0.01532033426183843
2023-04-19,1434,1485,1413,1461,1052604,0.03323903818953333
2023-04-20,1474,1474,1432,1437,485163,-0.01642710472279263
2023-04-21,1433,1433,1387,1429,445775,-0.005567153792623514
2023-04-24,1416,1520,1416,1421,1088529,-0.005598320503848897
2023-04-25,1414,1435,1384,1395,563995,-0.018296973961998586
2023-04-26,1398,1398,1368,1370,304329,-0.017921146953404965
2023-04-27,1365,1367,1341,1358,348390,-0.008759124087591275
2023-04-28,1362,1362,1335,1337,380428,-0.015463917525773141
2023-05-02,1329,1349,1329,1349,211024,0.008975317875841382
2023-05-03,1350,1355,1330,1334,295360,-0.01111934766493694
2023-05-04,1333,1351,1326,1351,299568,0.012743628185907019
2023-05-08,1351,1352,1342,1351,174061,0.0
2023-05-09,1349,1353,1339,1346,233746,-0.0037009622501850137
2023-05-10,1353,1353,1338,1347,203770,0.0007429420505200568
2023-05-11,1347,1357,1344,1345,284219,-0.0014847809948033142
2023-05-12,1346,1346,1332,1345,313077,0.0
2023-05-15,1339,1339,1126,1178,3090544,-0.1241635687732342
2023-05-16,1181,1222,1171,1179,471197,0.000848896434634927
2023-05-17,1179,1189,1170,1180,262800,0.0008481764206955678
2023-05-18,1198,1237,1182,1209,375774,0.024576271186440568
2023-05-19,1211,1257,1207,1227,532878,0.014888337468982549
2023-05-22,1246,1269,1216,1264,579735,0.030154849225753955
2023-05-23,1267,1273,1256,1268,303595,0.0031645569620253333
2023-05-24,1262,1293,1257,1268,297371,0.0
2023-05-25,1270,1285,1233,1237,240161,-0.02444794952681384
2023-05-26,1236,1249,1212,1226,360338,-0.008892481810832686
2023-05-30,1243,1243,1198,1210,280985,-0.013050570962479635
2023-05-31,1198,1229,1198,1217,277799,0.005785123966942196
2023-06-01,1217,1246,1216,1246,254785,0.023829087921117598
2023-06-02,1237,1519,1234,1460,11003728,0.1717495987158908
2023-06-05,1442,1472,1367,1435,2067782,-0.017123287671232834
2023-06-07,1435,1867,1433,1867,6854012,0.3010452961672474
2023-06-08,2112,2188,1875,1880,62616447,0.006963042313872458
2023-06-09,1904,1967,1841,1880,9857469,0.0
2023-06-12,1867,2081,1799,1956,34957186,0.04042553191489362
2023-06-13,1869,1954,1844,1908,6878885,-0.024539877300613466
2023-06-14,1911,1996,1873,1959,8941712,0.02672955974842761
2023-06-15,1924,1928,1823,1862,3585940,-0.0495150587034201
2023-06-16,1865,1962,1844,1900,5478873,0.020408163265306145
2023-06-19,1891,2026,1875,1964,5521429,0.03368421052631576
2023-06-20,2022,2326,1967,2065,48783456,0.051425661914460186
2023-06-21,2022,2022,1963,1968,2137948,-0.04697336561743337
2023-06-22,2009,2009,1975,1985,1143262,0.008638211382113736
2023-06-23,1976,2103,1976,2103,2616494,0.05944584382871532
2023-06-26,2153,2343,1899,1985,24515250,-0.05611031859248694
2023-06-27,1992,2144,1925,2027,7079710,0.021158690176322326
2023-06-28,2027,2039,1892,1892,2767774,-0.06660088801184016
2023-06-29,1874,1930,1841,1930,2008676,0.020084566596194398
2023-06-30,1870,1886,1769,1799,1916013,-0.06787564766839382
2023-07-03,1824,1873,1806,1824,865384,0.013896609227348478
2023-07-04,1823,1856,1781,1807,940828,-0.009320175438596534
2023-07-05,1806,1810,1743,1773,1075633,-0.018815716657443304
2023-07-06,1768,1789,1700,1710,1377925,-0.035532994923857864
2023-07-07,1710,1744,1689,1732,874989,0.012865497076023358
2023-07-10,1731,1786,1689,1753,981224,0.012124711316397141
2023-07-11,1751,1793,1738,1773,740602,0.01140901312036502
2023-07-12,1781,1835,1743,1748,1060674,-0.01410039481105474
2023-07-13,1743,1794,1730,1740,710987,-0.004576659038901587
2023-07-14,1743,1768,1660,1661,1408594,-0.045402298850574674
2023-07-17,1660,1675,1561,1651,862188,-0.006020469596628497
2023-07-18,1687,1687,1598,1614,956117,-0.02241066020593585
2023-07-19,1613,1625,1578,1592,836476,-0.013630731102850069
2023-07-20,1588,1618,1561,1597,657094,0.003140703517587884
2023-07-21,1585,1594,1561,1567,638412,-0.018785222291797132
2023-07-24,1561,1561,1502,1524,894240,-0.02744097000638157
2023-07-25,1504,1544,1495,1504,764891,-0.013123359580052507
2023-07-26,1492,1518,1380,1416,1758869,-0.058510638297872286
2023-07-27,1331,1405,1331,1371,3710240,-0.03177966101694918
2023-07-28,1371,1431,1371,1423,1646814,0.03792851932895691
2023-07-31,1407,1453,1381,1444,1215667,0.014757554462403455
2023-08-01,1443,1464,1431,1451,766098,0.00484764542936289
2023-08-02,1451,1488,1437,1451,1168157,0.0
2023-08-03,1448,1450,1404,1424,750785,-0.01860785665058584
2023-08-04,1433,1493,1388,1435,1021013,0.0077247191011236005
2023-08-07,1440,1450,1397,1427,643937,-0.0055749128919860835
2023-08-08,1418,1430,1382,1385,669318,-0.029432375613174466
2023-08-09,1359,1411,1356,1403,411765,0.012996389891696714
2023-08-10,1402,1425,1389,1404,437468,0.0007127583749109156
2023-08-11,1386,1430,1386,1429,462309,0.017806267806267817
2023-08-14,1427,1427,1368,1374,620951,-0.03848845346396079
2023-08-16,1372,1376,1324,1334,666894,-0.02911208151382827
2023-08-17,1348,1350,1280,1335,704852,0.0007496251874063997
2023-08-18,1333,1333,1299,1310,332899,-0.01872659176029967
2023-08-21,1300,1315,1280,1297,386314,-0.00992366412213741
2023-08-22,1290,1296,1257,1266,814822,-0.02390131071703927
2023-08-23,1256,1316,1256,1294,576685,0.02211690363349139
2023-08-24,1308,1327,1296,1304,353894,0.007727975270479082
2023-08-25,1282,1484,1280,1317,2357489,0.009969325153374342
2023-08-28,1316,1408,1316,1376,806926,0.04479878511769164
2023-08-29,1374,1405,1350,1377,455266,0.0007267441860465684
2023-08-30,1377,1386,1352,1368,344775,-0.006535947712418277
2023-08-31,1372,1373,1334,1345,436901,-0.016812865497076057
2023-09-01,1334,1363,1311,1332,415541,-0.009665427509293667
2023-09-04,1331,1342,1317,1320,257766,-0.009009009009009028
2023-09-05,1336,1336,1296,1306,250067,-0.010606060606060619
2023-09-06,1301,1315,1300,1306,181210,0.0
2023-09-07,1304,1308,1267,1275,432265,-0.023736600306278666
2023-09-08,1274,1283,1268,1271,179680,-0.0031372549019608176
2023-09-11,1280,1280,1265,1271,321419,0.0
2023-09-12,1262,1277,1262,1271,272416,0.0
2023-09-13,1275,1276,1238,1239,415525,-0.025177025963807997
2023-09-14,1234,1256,1234,1247,280867,0.006456820016142117
2023-09-15,1256,1330,1249,1308,662332,0.0489174017642342
2023-09-18,1299,1300,1270,1270,247327,-0.02905198776758411
2023-09-19,1273,1281,1259,1260,232239,-0.007874015748031482
2023-09-20,1251,1266,1241,1243,254030,-0.013492063492063444
2023-09-21,1227,1258,1196,1209,457424,-0.027353177795655714
2023-09-22,1189,1209,1173,1189,523336,-0.016542597187758523
2023-09-25,1174,1185,1154,1157,404621,-0.02691337258200166
2023-09-26,1141,1164,1130,1149,361042,-0.00691443388072599
2023-09-27,1125,1150,1125,1150,284889,0.0008703220191470518
2023-10-04,1149,1150,1072,1076,538483,-0.06434782608695655
2023-10-05,1076,1096,1059,1059,348632,-0.01579925650557623
2023-10-06,1046,1094,1032,1082,223725,0.02171860245514634
2023-10-10,1072,1115,1021,1042,590625,-0.0369685767097967
2023-10-11,1053,1100,1052,1076,343830,0.03262955854126681
2023-10-12,1086,1126,1086,1109,255264,0.03066914498141271
2023-10-13,1102,1107,1062,1084,340560,-0.02254283137962132
2023-10-16,1088,1107,1065,1095,302358,0.010147601476014678
2023-10-17,1083,1116,1083,1085,291997,-0.0091324200913242
2023-10-18,1085,1092,1063,1075,236334,-0.009216589861751112
2023-10-19,1050,1054,1029,1034,295407,-0.038139534883720905
2023-10-20,1033,1041,955,987,452588,-0.045454545454545414
2023-10-23,956,1003,956,972,263019,-0.015197568389057725
2023-10-24,969,998,945,994,311090,0.02263374485596703
2023-10-25,988,1002,978,978,221931,-0.01609657947686116
2023-10-26,959,965,936,939,399217,-0.039877300613496924
2023-10-27,930,956,924,931,269366,-0.008519701810436597
2023-10-30,931,951,922,933,175314,0.002148227712137407
2023-10-31,934,944,906,916,228667,-0.018220793140407254
2023-11-01,913,936,911,913,97872,-0.0032751091703057122
2023-11-02,923,939,919,939,198827,0.028477546549835697
2023-11-03,941,964,938,964,346554,0.026624068157614422
2023-11-06,985,1041,965,1022,504473,0.06016597510373445
2023-11-07,1025,1028,979,984,245599,-0.03718199608610573
2023-11-08,982,997,981,987,170842,0.0030487804878047697
2023-11-09,987,1007,981,992,232919,0.005065856129685908
2023-11-10,981,985,954,959,167430,-0.03326612903225812
2023-11-13,960,967,939,943,170079,-0.016684045881126153
2023-11-14,943,964,942,964,138143,0.022269353128313796
2023-11-15,971,1015,971,1000,356676,0.03734439834024905
2023-11-16,1001,1042,991,1042,398620,0.04200000000000004
2023-11-17,1041,1041,992,1007,244668,-0.03358925143953939
2023-11-20,1006,1026,996,1017,123212,0.009930486593842991
2023-11-21,1015,1027,1014,1015,130428,-0.001966568338249708
2023-11-22,1012,1088,997,1068,528382,0.05221674876847282
2023-11-23,1275,1379,1118,1123,18712258,0.05149812734082393
2023-11-24,1127,1240,1125,1145,6115242,0.019590382902938464
2023-11-27,1140,1140,1080,1089,1291201,-0.0489082969432314
2023-11-28,1075,1087,1054,1075,873245,-0.012855831037649201
2023-11-29,1073,1086,1043,1065,675824,-0.009302325581395321
2023-11-30,1059,1098,1059,1098,579565,0.030985915492957705
2023-12-01,1081,1092,1069,1080,427402,-0.016393442622950838
2023-12-04,1080,1132,1064,1109,686094,0.026851851851851904
2023-12-05,1113,1158,1103,1121,1003104,0.010820559062218127
2023-12-06,1120,1191,1106,1146,1290661,0.022301516503122176
2023-12-07,1158,1158,1100,1102,415184,-0.03839441535776611
2023-12-08,1093,1109,1085,1101,342836,-0.0009074410163338875
2023-12-11,1101,1120,1093,1105,234077,0.0036330608537693543
2023-12-12,1097,1152,1091,1133,700921,0.025339366515837014
2023-12-13,1132,1133,1106,1109,310231,-0.02118270079435125
2023-12-14,1123,1172,1121,1153,1031258,0.039675383228133354
2023-12-15,1159,1191,1138,1173,1158744,0.017346053772766767
2023-12-18,1196,1196,1151,1172,543337,-0.0008525149190110604
2023-12-19,1173,1180,1151,1156,331621,-0.013651877133105783
2023-12-20,1154,1176,1147,1152,492709,-0.0034602076124568004
2023-12-21,1133,1152,1127,1132,453073,-0.01736111111111116
2023-12-22,1147,1147,1119,1123,282705,-0.007950530035335635
2023-12-26,1123,1130,1091,1092,408684,-0.027604630454140744
2023-12-27,1105,1111,1081,1092,219630,0.0
2023-12-28,1086,1118,1078,1111,222928,0.017399267399267337
2024-01-02,1111,1131,1101,1131,236600,0.018001800180017957
2024-01-03,1126,1126,1101,1104,247638,-0.023872679045092826
2024-01-04,1098,1110,1085,1095,255332,-0.008152173913043459
2024-01-05,1097,1105,1082,1093,126349,-0.0018264840182647957
2024-01-08,1093,1102,1085,1094,180582,0.0009149130832570851
2024-01-09,1118,1118,1091,1092,159958,-0.001828153564899404
2024-01-10,1093,1104,1075,1080,290439,-0.01098901098901095
2024-01-11,1084,1090,1077,1084,163439,0.0037037037037037646
2024-01-12,1081,1081,1057,1059,254681,-0.023062730627306238
2024-01-15,1055,1066,1021,1046,301303,-0.01227573182247399
2024-01-16,1038,1063,1034,1045,266556,-0.0009560229445506607
2024-01-17,1050,1051,1006,1011,314757,-0.032535885167464085
2024-01-18,1001,1025,1001,1017,165611,0.005934718100890191
2024-01-19,1020,1032,1004,1007,205828,-0.009832841691248762
2024-01-22,1006,1023,1002,1014,243039,0.006951340615690249
2024-01-23,1014,1025,1001,1014,190235,0.0
2024-01-24,1019,1019,995,999,303281,-0.014792899408283988
2024-01-25,990,999,973,981,292048,-0.018018018018018056
2024-01-26,980,995,970,985,130281,0.004077471967380175
2024-01-29,993,993,977,981,199981,-0.004060913705583702
2024-01-30,991,991,975,979,133588,-0.0020387359836900876
2024-01-31,985,985,960,973,140649,-0.006128702757916216
2024-02-01,971,984,969,984,176715,0.01130524152106882
2024-02-02,983,1008,983,1008,224352,0.024390243902439046
2024-02-05,1007,1008,989,999,145968,-0.008928571428571397
2024-02-06,994,998,970,980,188036,-0.019019019019019034
2024-02-07,981,1001,979,1001,247315,0.021428571428571352
2024-02-08,1020,1065,1003,1053,727167,0.051948051948051965
2024-02-13,1147,1172,1090,1153,2285681,0.09496676163342821
2024-02-14,1152,1163,1122,1139,633054,-0.012142237640936693
2024-02-15,1143,1148,1111,1113,398389,-0.022827041264266934
2024-02-16,919,963,888,914,5388350,-0.17879604672057503
2024-02-19,915,925,903,917,675587,0.003282275711159688
2024-02-20,917,918,903,909,400990,-0.008724100327153761
2024-02-21,907,917,900,907,335788,-0.002200220022002153
2024-02-22,906,906,885,888,504587,-0.02094818081587657
2024-02-23,888,891,843,851,864438,-0.04166666666666663
2024-02-26,850,881,809,877,486148,0.03055229142185656
2024-02-27,873,889,846,853,389787,-0.027366020524515422
2024-02-28,852,861,844,852,324292,-0.0011723329425556983
2024-02-29,851,858,835,855,431546,0.0035211267605634866
2024-03-04,854,860,841,842,553170,-0.01520467836257311
2024-03-05,842,842,802,807,928044,-0.04156769596199528
2024-03-06,806,1048,802,1048,17406654,0.2986369268897151
2024-03-07,1054,1068,941,941,6675864,-0.10209923664122134
2024-03-08,936,969,903,947,1656277,0.006376195536663021
2024-03-11,962,966,904,917,852151,-0.03167898627243926
2024-03-12,915,937,893,914,565791,-0.0032715376226826187
2024-03-13,913,931,905,921,458719,0.007658643326039494
2024-03-14,921,945,912,921,600539,0.0
2024-03-15,922,936,860,860,893500,-0.0662323561346363
2024-03-18,859,1094,855,949,7960128,0.1034883720930233
2024-03-19,971,1097,943,960,3012518,0.011591148577450028
2024-03-20,971,978,944,949,543554,-0.011458333333333348
2024-03-21,943,959,937,954,413333,0.005268703898840821
2024-03-22,952,962,941,945,424377,-0.009433962264150941
2024-03-25,951,952,929,940,372082,-0.005291005291005346
2024-03-26,943,953,934,953,299888,0.01382978723404249
2024-03-27,952,953,936,936,208256,-0.01783840503672618
2024-03-28,941,1165,939,1041,6404423,0.11217948717948723
2024-03-29,1036,1037,1004,1016,501034,-0.0240153698366955
2024-04-01,1073,1179,1054,1141,7684706,0.12303149606299213
2024-04-02,1141,1141,1032,1032,1756858,-0.09553023663453108
2024-04-03,1026,1036,983,1013,540044,-0.018410852713178327
2024-04-04,1008,1018,981,994,542837,-0.01875616979269501
2024-04-05,990,999,974,975,341287,-0.019114688128772594
2024-04-08,979,984,924,930,979588,-0.0461538461538461
2024-04-09,930,947,917,934,1101193,0.004301075268817289
2024-04-11,932,946,905,921,566245,-0.013918629550321193
2024-04-12,916,925,907,907,367999,-0.015200868621064068
2024-04-15,903,903,878,897,365140,-0.011025358324145529
2024-04-16,895,914,882,908,279859,0.012263099219620877
2024-04-17,908,925,907,908,265327,0.0
2024-04-18,917,917,906,910,212505,0.0022026431718060735
2024-04-19,910,914,887,899,274549,-0.012087912087912045
2024-04-22,893,893,839,841,849304,-0.06451612903225812
2024-04-23,841,848,814,835,937252,-0.007134363852556502
2024-04-24,839,849,834,842,454165,0.008383233532934131
2024-04-25,834,867,833,847,425904,0.005938242280284944
2024-04-26,846,865,842,859,268526,0.01416765053128688
2024-04-29,850,906,850,884,576105,0.029103608847497187
2024-04-30,885,891,874,885,313720,0.0011312217194570096
2024-05-02,891,952,888,925,1479108,0.04519774011299438
2024-05-03,922,939,918,928,402012,0.00324324324324321
2024-05-07,930,938,919,933,332435,0.005387931034482651
2024-05-08,934,937,924,930,191508,-0.003215434083601254
2024-05-09,927,947,925,930,278365,0.0
2024-05-10,929,933,922,928,236392,-0.0021505376344086446
2024-05-13,928,930,917,930,308325,0.0021551724137931494
2024-05-14,927,929,920,925,157709,-0.005376344086021501
2024-05-16,925,926,905,905,586201,-0.021621621621621623
2024-05-17,763,763,736,743,6639756,-0.17900552486187848
2024-05-20,749,776,748,760,2054855,0.02288021534320328
2024-05-21,761,764,744,758,1423921,-0.0026315789473684292
2024-05-22,760,761,747,749,1023311,-0.01187335092348285
2024-05-23,747,791,745,766,2675536,0.022696929238985364
2024-05-24,767,773,758,766,638521,0.0
2024-05-27,768,797,763,796,1880996,0.039164490861618884
2024-05-28,795,795,777,781,862917,-0.018844221105527637
2024-05-29,795,801,764,771,1286611,-0.012804097311139517
2024-05-30,770,790,758,762,772236,-0.011673151750972721
2024-05-31,763,772,751,768,725284,0.007874015748031482
2024-06-03,769,769,753,757,614129,-0.01432291666666663
2024-06-04,755,756,736,736,1032312,-0.02774108322324964
2024-06-05,739,747,721,726,1075889,-0.013586956521739135
2024-06-07,735,737,726,730,377125,0.005509641873278293
2024-06-10,729,729,721,727,508417,-0.004109589041095929
2024-06-11,727,734,722,727,423562,0.0
2024-06-12,734,757,727,756,958597,0.03988995873452539
2024-06-13,758,765,749,755,767226,-0.001322751322751281
2024-06-14,763,763,726,728,1268535,-0.03576158940397356
2024-06-17,731,732,720,726,649419,-0.0027472527472527375
2024-06-18,721,730,700,712,719219,-0.019283746556473802
2024-06-19,712,713,674,681,1308779,-0.0435393258426966
2024-06-20,684,689,677,684,307340,0.004405286343612369
2024-06-21,681,689,681,689,250353,0.007309941520467822
2024-06-24,686,696,681,684,304683,-0.007256894049346929
2024-06-25,683,688,663,665,1061792,-0.02777777777777779
2024-06-26,666,666,628,637,1230714,-0.04210526315789476
2024-06-27,633,647,623,636,485585,-0.0015698587127158659
2024-06-28,634,672,634,660,553212,0.037735849056603765
2024-07-01,658,660,629,648,277587,-0.018181818181818188
2024-07-02,617,651,617,648,393600,0.0
2024-07-03,648,652,633,640,261418,-0.012345679012345734
2024-07-04,639,648,630,635,325200,-0.0078125
2024-07-05,631,659,631,635,331388,0.0
2024-07-08,646,740,646,685,3280690,0.07874015748031504
2024-07-09,689,743,689,717,2749386,0.046715328467153316
2024-07-10,723,728,696,716,800550,-0.001394700139469962
2024-07-11,716,727,703,714,451104,-0.0027932960893854997
2024-07-12,713,722,703,718,327977,0.0056022408963585235
2024-07-15,717,721,680,680,563876,-0.05292479108635095
2024-07-16,677,677,654,661,337795,-0.027941176470588247
2024-07-17,659,683,656,662,363439,0.001512859304084735
2024-07-18,656,665,650,664,256404,0.0030211480362538623
2024-07-19,656,684,655,672,437135,0.012048192771084265
2024-07-22,671,725,671,687,1013769,0.022321428571428603
2024-07-23,686,716,686,698,643458,0.01601164483260553
2024-07-24,701,742,693,702,1266096,0.005730659025787954
2024-07-25,702,710,675,698,342695,-0.005698005698005715
2024-07-26,693,705,682,689,389627,-0.012893982808022897
2024-07-29,681,707,681,699,251052,0.014513788098693858
2024-07-30,707,725,692,720,576045,0.030042918454935563
2024-07-31,718,718,666,695,283561,-0.03472222222222221
2024-08-01,694,712,694,702,173084,0.010071942446043147
2024-08-02,697,701,669,677,315663,-0.035612535612535634
2024-08-05,669,675,601,607,831671,-0.10339734121122601
2024-08-06,606,650,606,644,389559,0.060955518945634335
2024-08-07,636,665,636,660,365108,0.024844720496894457
2024-08-08,659,725,644,677,1051602,0.025757575757575868
2024-08-09,674,747,674,710,3042191,0.048744460856720906
2024-08-12,695,728,695,727,845612,0.023943661971830954
2024-08-13,727,739,703,729,1036124,0.0027510316368637433
2024-08-14,749,781,733,752,2604065,0.03155006858710552
2024-08-16,752,752,733,740,582243,-0.015957446808510634
2024-08-19,740,747,709,722,432410,-0.024324324324324298
2024-08-20,757,757,721,726,462378,0.005540166204986097
2024-08-21,725,739,702,724,293061,-0.0027548209366391463
2024-08-22,720,748,690,707,1849091,-0.023480662983425438
2024-08-23,706,712,693,706,337405,-0.0014144271570014633
2024-08-26,708,717,703,703,270393,-0.004249291784702569
2024-08-27,702,710,689,699,222449,-0.005689900426742556
2024-08-28,707,707,684,691,238983,-0.011444921316165924
2024-08-29,691,691,668,670,283540,-0.03039073806078152
2024-08-30,669,679,669,679,192229,0.013432835820895495
2024-09-02,677,684,671,684,154464,0.007363770250368162
2024-09-03,690,690,675,675,171867,-0.013157894736842146
2024-09-04,674,674,657,657,300552,-0.026666666666666616
2024-09-05,665,683,656,663,206298,0.009132420091324311
2024-09-06,663,759,629,660,1951989,-0.004524886877828038
2024-09-09,659,675,643,656,311177,-0.0060606060606061
2024-09-10,665,673,655,665,117648,0.013719512195121908
2024-09-11,665,717,662,696,1123476,0.046616541353383445
2024-09-12,698,709,678,696,278157,0.0
2024-09-13,695,712,690,704,448820,0.011494252873563315
2024-09-19,704,730,700,706,478667,0.0028409090909091717
2024-09-20,705,712,699,705,235067,-0.0014164305949008194
2024-09-23,704,710,683,689,268797,-0.02269503546099294
2024-09-24,689,722,689,716,477762,0.03918722786647311
2024-09-25,713,828,691,742,5408197,0.036312849162011274
2024-09-26,741,751,717,735,706266,-0.009433962264150941
2024-09-27,755,755,720,731,655972,-0.0054421768707483276
2024-09-30,737,739,712,714,342931,-0.023255813953488413
2024-10-02,711,728,706,711,228784,-0.004201680672268893
2024-10-04,721,721,698,698,300629,-0.01828410689170179
2024-10-07,698,707,653,688,241984,-0.014326647564469885
2024-10-08,684,693,657,681,199092,-0.01017441860465118
2024-10-10,681,685,661,674,226546,-0.01027900146842875
2024-10-11,666,687,666,673,96710,-0.0014836795252225476
2024-10-14,672,679,666,676,318080,0.004457652303120341
2024-10-15,685,685,667,673,328970,-0.004437869822485174
2024-10-16,670,670,656,666,221217,-0.010401188707280795
2024-10-17,665,675,660,671,127084,0.007507507507507505
2024-10-18,670,670,656,662,159080,-0.01341281669150518
2024-10-21,662,670,656,663,242657,0.0015105740181269312
2024-10-22,657,670,638,641,432456,-0.03318250377073906
2024-10-23,641,651,628,641,322928,0.0
2024-10-24,641,646,631,635,138623,-0.009360374414976613
2024-10-25,629,642,615,629,173026,-0.009448818897637823
2024-10-28,625,637,620,635,301538,0.009538950715421324
2024-10-29,635,652,629,646,177815,0.017322834645669305
2024-10-30,640,650,637,648,207229,0.003095975232198178
2024-10-31,645,661,637,645,131861,-0.00462962962962965
2024-11-01,645,647,631,637,150088,-0.012403100775193798
2024-11-04,647,669,636,659,621522,0.03453689167974883
2024-11-05,658,707,648,654,2209450,-0.007587253414264028
2024-11-06,657,660,629,629,566180,-0.03822629969418956
2024-11-07,626,636,611,624,282573,-0.007949125596184436
2024-11-08,620,637,609,612,596188,-0.019230769230769273
2024-11-11,612,614,583,584,728927,-0.04575163398692805
2024-11-12,590,590,559,562,625875,-0.03767123287671237
2024-11-13,557,566,513,534,696051,-0.04982206405693945
2024-11-14,537,559,517,537,486457,0.00561797752808979
2024-11-15,517,538,514,538,336359,0.0018621973929235924
2024-11-18,538,548,531,538,310586,0.0
2024-11-19,533,541,522,531,315165,-0.013011152416356864
2024-11-20,530,534,520,524,230078,-0.013182674199623379
2024-11-21,526,535,520,523,177668,-0.001908396946564861
2024-11-22,520,531,516,517,225683,-0.01147227533460804
2024-11-25,521,534,515,534,362279,0.03288201160541582
2024-11-26,533,577,522,546,761274,0.022471910112359605
2024-11-27,545,555,522,531,407082,-0.027472527472527486
2024-11-28,530,690,527,690,3363792,0.2994350282485876
2024-11-29,717,821,667,682,24978052,-0.011594202898550732
2024-12-02,721,721,634,640,2400464,-0.061583577712609916
2024-12-03,647,677,641,670,1320173,0.046875
2024-12-04,639,722,637,685,3191328,0.02238805970149249
2024-12-05,674,713,656,656,1520928,-0.04233576642335768
2024-12-06,655,668,628,651,851390,-0.007621951219512146
2024-12-09,651,651,599,606,925961,-0.06912442396313367
2024-12-10,596,681,596,680,1014601,0.12211221122112215
2024-12-11,702,738,693,736,2848020,0.08235294117647052
2024-12-12,762,786,701,744,2686380,0.010869565217391353
2024-12-13,753,864,739,826,7356794,0.11021505376344076
2024-12-16,869,1073,869,981,26103223,0.1876513317191284
2024-12-17,980,980,887,912,5591429,-0.07033639143730885
2024-12-18,912,1073,879,990,11935569,0.08552631578947367
2024-12-19,940,950,915,934,3748766,-0.0565656565656566
2024-12-20,721,793,712,721,8737185,-0.22805139186295498
2024-12-23,721,740,710,716,1340325,-0.006934812760055475
2024-12-24,718,736,704,717,1011337,0.0013966480446927498
2024-12-26,721,725,682,691,1400505,-0.036262203626220346
2024-12-27,683,696,674,683,666708,-0.01157742402315487
2024-12-30,686,705,684,701,689457,0.026354319180087904
2025-01-02,686,740,680,720,941777,0.02710413694721825
2025-01-03,719,860,719,808,9244591,0.12222222222222223
2025-01-06,807,807,776,787,1423789,-0.025990099009901013
2025-01-07,787,845,777,807,1562858,0.02541296060991116
2025-01-08,808,837,785,822,1366575,0.018587360594795488
2025-01-09,818,829,804,826,814333,0.0048661800486617945
2025-01-10,821,846,809,835,880185,0.010895883777239712
2025-01-13,837,856,824,828,947424,-0.008383233532934131
2025-01-14,824,851,814,845,626902,0.020531400966183666
2025-01-15,849,850,832,840,636620,-0.00591715976331364
2025-01-16,843,855,825,827,680586,-0.015476190476190421
2025-01-17,829,841,821,829,542921,0.002418379685610539
2025-01-20,828,842,811,816,753339,-0.0156815440289505
2025-01-21,808,816,768,772,928136,-0.05392156862745101
2025-01-22,759,778,756,759,613661,-0.016839378238341918
2025-01-23,755,767,718,738,640232,-0.02766798418972327
2025-01-24,738,756,731,746,501437,0.01084010840108407
2025-01-31,750,750,721,734,496542,-0.01608579088471851
2025-02-03,723,724,696,717,702725,-0.023160762942779245
2025-02-04,717,734,717,721,253087,0.00557880055788007
2025-02-05,734,734,712,722,330959,0.001386962552011095
2025-02-06,733,738,724,727,392211,0.006925207756232732
2025-02-07,730,730,706,714,416587,-0.017881705639614887
2025-02-10,723,723,699,712,328360,-0.0028011204481792618
2025-02-11,716,729,707,716,327570,0.00561797752808979
2025-02-12,714,725,690,694,742885,-0.030726256983240274
2025-02-13,693,708,684,703,448922,0.012968299711815456
2025-02-14,702,724,691,710,389869,0.009957325746799528
2025-02-17,716,720,707,715,459380,0.007042253521126751
2025-02-18,741,795,728,747,1979539,0.04475524475524484
2025-02-19,751,784,745,770,1064026,0.0307898259705488
2025-02-20,770,772,747,751,445305,-0.024675324675324628
2025-02-21,751,755,739,740,297172,-0.01464713715046606
2025-02-24,736,752,731,744,289502,0.00540540540540535
2025-02-25,744,744,721,734,406307,-0.013440860215053752
2025-02-26,725,812,725,797,1440939,0.08583106267029983
2025-02-27,806,823,765,774,1114240,-0.02885821831869506
2025-02-28,774,774,743,756,467049,-0.023255813953488413
2025-03-04,756,793,742,790,1043827,0.04497354497354489
2025-03-05,796,799,765,775,762381,-0.01898734177215189
2025-03-06,776,777,760,765,299056,-0.012903225806451646
2025-03-07,765,772,755,760,418283,-0.006535947712418277
2025-03-10,759,759,696,735,551644,-0.03289473684210531
2025-03-11,727,743,707,743,448612,0.010884353741496655
2025-03-12,736,745,730,736,273450,-0.009421265141319024
2025-03-13,742,743,722,731,284156,-0.006793478260869512
2025-03-14,721,735,716,727,237451,-0.005471956224350261
2025-03-17,727,744,725,744,275326,0.023383768913342484
2025-03-18,743,756,735,740,432974,-0.005376344086021501
2025-03-19,739,744,730,738,252894,-0.002702702702702675
2025-03-20,734,742,716,728,475004,-0.013550135501354976
2025-03-21,732,734,704,724,485467,-0.005494505494505475
2025-03-24,723,745,711,723,165809,-0.0013812154696132284
2025-03-25,735,740,707,707,461895,-0.022130013831258677
2025-03-26,702,716,698,713,374257,0.008486562942008558
2025-03-27,721,739,711,733,531368,0.028050490883590573
2025-03-28,732,738,718,725,398666,-0.010914051841746208
2025-03-31,724,727,704,718,373859,-0.0096551724137931
2025-04-01,718,784,718,772,1208769,0.07520891364902504
2025-04-02,770,921,770,871,8153593,0.12823834196891193
2025-04-03,851,907,833,872,2666864,0.0011481056257176547
2025-04-04,863,946,858,938,5468227,0.07568807339449535
2025-04-07,915,975,911,932,3538581,-0.006396588486140775
2025-04-08,934,965,923,960,1756777,0.030042918454935563
2025-04-09,961,963,898,908,1779338,-0.054166666666666696
2025-04-10,925,959,925,955,1050171,0.05176211453744495
2025-04-11,941,955,916,949,1203884,-0.006282722513089034
2025-04-14,947,951,915,922,1325683,-0.028451001053740765
2025-04-15,920,923,902,916,929306,-0.006507592190889366
2025-04-16,916,968,908,930,1714144,0.015283842794759916
2025-04-17,930,1149,926,1095,20611343,0.17741935483870974
2025-04-18,1090,1104,1045,1091,3518423,-0.0036529680365297024
2025-04-21,1090,1129,1054,1064,2927293,-0.024747937671860676
2025-04-22,1055,1249,1022,1193,26448758,0.12124060150375948
2025-04-23,1198,1325,1147,1203,9154799,0.0083822296730931
2025-04-24,1210,1210,1147,1165,1124349,-0.03158769742310885
2025-04-25,1162,1232,1159,1232,1292859,0.057510729613733824
2025-04-28,1231,1293,1184,1184,1905295,-0.038961038961038974
2025-04-29,1183,1183,1076,1134,2437731,-0.042229729729729715
2025-04-30,1137,1173,1106,1108,1505357,-0.022927689594356315
2025-05-02,1059,1095,999,1076,2096424,-0.028880866425992746
2025-05-07,1105,1125,1071,1102,2243708,0.024163568773234223
2025-05-08,1139,1236,1124,1212,6131941,0.09981851179673318
2025-05-09,1212,1252,1175,1212,2506909,0.0
2025-05-12,1222,1416,1222,1373,10486815,0.1328382838283828
2025-05-13,1373,1573,1351,1545,11715405,0.12527312454479245
2025-05-14,1544,1641,1490,1615,9566708,0.0453074433656957
2025-05-15,1619,1669,1552,1570,5030139,-0.02786377708978327
2025-05-16,1564,1608,1503,1564,3078276,-0.003821656050955413
2025-05-19,1665,1831,1587,1615,13900146,0.032608695652173836
2025-05-20,1615,1693,1548,1669,5579812,0.033436532507739924
2025-05-21,1652,1697,1583,1684,4249713,0.008987417615338611
2025-05-22,1684,1684,1506,1531,4798842,-0.09085510688836107
2025-05-23,1500,1587,1388,1469,4295567,-0.04049640757674722
2025-05-26,1473,1527,1379,1505,2867792,0.02450646698434311
2025-05-27,1499,1547,1452,1481,1716018,-0.015946843853820614
2025-05-28,1480,1494,1405,1421,2531237,-0.04051316677920325
2025-05-29,1444,1518,1444,1495,3135816,0.052076002814918976
2025-05-30,1516,1541,1459,1469,2088918,-0.017391304347826098
2025-06-02,1484,1519,1433,1434,2937879,-0.023825731790333537
2025-06-04,1510,1570,1345,1348,5303677,-0.05997210599721059
2025-06-05,1348,1561,1304,1522,9571445,0.12908011869436198
2025-06-09,1553,1604,1480,1530,3927271,0.005256241787122251
2025-06-10,1528,1528,1442,1461,2346486,-0.045098039215686225
2025-06-11,1479,1555,1476,1493,3263512,0.021902806297056765
2025-06-12,1491,1568,1438,1520,4045993,0.018084393837910273
2025-06-13,1519,1525,1434,1484,3695303,-0.023684210526315752
2025-06-16,1471,1929,1453,1865,48683786,0.2567385444743935
2025-06-17,1865,1892,1689,1716,13218812,-0.07989276139410184
2025-06-18,1689,1726,1638,1640,6095027,-0.044289044289044344
2025-06-19,1641,1705,1602,1659,6159976,0.011585365853658436
2025-06-20,1324,1431,1259,1312,19609015,-0.20916214587100668
2025-06-23,1342,1467,1313,1408,7266276,0.07317073170731714
2025-06-24,1420,1451,1377,1439,3441154,0.022017045454545414
2025-06-25,1461,1466,1414,1437,2032622,-0.001389854065323104
2025-06-26,1448,1461,1393,1406,2136382,-0.021572720946416157
2025-06-27,1418,1595,1405,1545,13052317,0.09886201991465149
2025-06-30,1545,1546,1461,1510,3051106,-0.02265372168284785
2025-07-01,1524,1568,1485,1534,3533095,0.015894039735099286
2025-07-02,1538,1615,1472,1560,6732720,0.016949152542372836
2025-07-03,1582,1586,1493,1506,3108815,-0.0346153846153846
2025-07-04,1506,1531,1488,1500,1331214,-0.003984063745019917
2025-07-07,1505,1505,1458,1473,1349418,-0.018000000000000016
2025-07-08,1471,1507,1447,1499,1424348,0.017651052274270107
2025-07-09,1499,1499,1429,1442,1772623,-0.038025350233488964
2025-07-10,1442,1445,1418,1432,1319652,-0.006934812760055475
2025-07-11,1445,1490,1421,1421,2192110,-0.007681564245810013
2025-07-14,1422,1432,1389,1402,1292263,-0.013370865587614356
2025-07-15,1406,1414,1387,1390,1181138,-0.008559201141226769
2025-07-16,1391,1392,1367,1384,1072255,-0.004316546762589968
2025-07-17,1385,1387,1306,1332,2621900,-0.037572254335260125
2025-07-18,1331,1368,1319,1319,1704644,-0.009759759759759734
2025-07-21,1323,1378,1314,1345,1469051,0.019711902956785377
2025-07-22,1340,1341,1280,1291,1608110,-0.04014869888475836
2025-07-23,1282,1289,1236,1259,1774405,-0.02478698683191327
2025-07-24,1258,1269,1214,1227,1625782,-0.025416997617156434
2025-07-25,1224,1235,1203,1220,949518,-0.005704971475142595
2025-07-28,1219,1285,1213,1256,1418463,0.029508196721311553
2025-07-29,1249,1249,1204,1229,1160581,-0.02149681528662417
2025-07-30,1228,1292,1212,1263,1860441,0.02766476810414975
2025-07-31,1263,1263,1210,1228,1530373,-0.027711797307996888
2025-08-01,1228,1264,1203,1259,2070127,0.025244299674267
2025-08-04,1298,1299,1169,1241,1669032,-0.01429706115965057
2025-08-05,1241,1242,1125,1132,3491497,-0.08783239323126513
2025-08-06,1129,1191,1112,1152,2262980,0.0176678445229681
2025-08-07,1152,1178,1121,1165,1337049,0.011284722222222321
2025-08-08,1150,1211,1130,1196,978055,0.026609442060085753
2025-08-11,1205,1217,1156,1190,738383,-0.0050167224080267525
2025-08-12,1190,1284,1190,1243,1777108,0.044537815126050484
2025-08-13,1244,1245,1216,1216,613726,-0.021721641190667773
2025-08-14,1217,1230,1200,1211,608252,-0.004111842105263164
2025-08-18,1217,1268,1210,1212,783521,0.0008257638315440907
2025-08-19,1211,1247,1120,1129,1316732,-0.0684818481848185
2025-08-20,1129,1131,1093,1105,961128,-0.021257750221434946
2025-08-21,1105,1129,1095,1106,513761,0.0009049773755656076
2025-08-22,1085,1117,1035,1046,1589206,-0.054249547920434016
2025-08-25,1046,1069,991,1000,2762550,-0.04397705544933084
2025-08-26,1000,1008,969,988,1559839,-0.01200000000000001
2025-08-27,988,1022,985,1004,809073,0.0161943319838056
2025-08-28,1004,1040,992,1017,1295744,0.01294820717131473
2025-08-29,1023,1078,1015,1065,2062230,0.0471976401179941
2025-09-01,1074,1084,1033,1047,1108919,-0.016901408450704203
2025-09-02,1079,1314,1079,1240,28529125,0.18433619866284623
2025-09-03,1240,1255,1135,1181,4749603,-0.04758064516129035
2025-09-04,1168,1217,1110,1110,3913988,-0.06011854360711266
2025-09-05,1131,1131,931,973,9356954,-0.12342342342342338
2025-09-08,973,1010,973,999,2721405,0.02672147995888996
2025-09-09,994,995,955,963,2249612,-0.036036036036036
2025-09-10,971,1011,964,1006,2581812,0.044652128764278265
2025-09-11,1016,1200,1013,1175,16640985,0.16799204771371778
2025-09-12,1195,1242,1155,1202,8032949,0.02297872340425533
2025-09-15,1213,1321,1205,1221,6732547,0.01580698835274541
2025-09-16,1221,1225,1131,1151,3029705,-0.05733005733005736
2025-09-17,1136,1172,1109,1166,1926325,0.013032145960034658
2025-09-18,1179,1179,1108,1114,2028291,-0.044596912521440824
2025-09-19,1114,1133,1107,1133,923137,0.017055655296229766
2025-09-22,1133,1240,1121,1153,3988208,0.017652250661959412
2025-09-23,1168,1169,1119,1134,1263787,-0.01647875108412833
2025-09-24,1190,1308,1150,1155,9540249,0.0185185185185186
2025-09-25,1160,1160,1121,1132,1321888,-0.019913419913419883
2025-09-26,1186,1217,1130,1130,2443954,-0.0017667844522968323
2025-09-29,978,1111,974,1081,15051818,-0.04336283185840706
2025-09-30,1080,1090,1043,1062,2070883,-0.017576318223866738
2025-10-01,1055,1147,1034,1044,6708119,-0.016949152542372836
2025-10-02,1045,1074,1027,1070,2925674,0.02490421455938696
2025-10-10,1070,1094,1035,1088,2337895,0.016822429906542036
2025-10-13,1078,1080,1039,1042,2554364,-0.04227941176470584
2025-10-14,1047,1069,1000,1011,2539867,-0.029750479846449185
2025-10-15,1011,1068,1011,1053,1941882,0.041543026706231556
2025-10-16,1054,1078,1043,1045,2455966,-0.007597340930674212
2025-10-17,1045,1057,1012,1041,2074450,-0.003827751196172291
2025-10-20,1052,1052,1017,1022,1762601,-0.018251681075888593
2025-10-21,1022,1068,1020,1039,1592414,0.016634050880626194
2025-10-22,1040,1085,1026,1060,2212374,0.0202117420596728
2025-10-23,1050,1156,1047,1126,7752689,0.062264150943396324
2025-10-24,1126,1217,1126,1210,7243244,0.07460035523978692
2025-10-27,1221,1261,1197,1237,4284210,0.022314049586776852
2025-10-28,1238,1350,1222,1309,10366222,0.058205335489086574
2025-10-29,1320,1331,1235,1257,4428642,-0.03972498090145149
2025-10-30,1261,1269,1210,1211,2610999,-0.03659506762132059
2025-10-31,1220,1242,1195,1220,1799709,0.007431874483897705
2025-11-03,1220,1442,1214,1388,14856267,0.13770491803278695
2025-11-04,1388,1480,1352,1368,5644236,-0.014409221902017322
2025-11-05,1359,1359,1265,1312,3218821,-0.040935672514619936
2025-11-06,1350,1351,1256,1264,1942691,-0.03658536585365857
2025-11-07,1256,1258,1210,1230,1447091,-0.026898734177215222
2025-11-10,1241,1242,1206,1239,1183996,0.007317073170731714
2025-11-11,1244,1315,1226,1247,1639276,0.006456820016142117
2025-11-12,1260,1310,1253,1303,2078909,0.04490777866880524
2025-11-13,1305,1320,1280,1303,1199970,0.0
2025-11-14,1290,1290,1233,1245,1518360,-0.044512663085187976
2025-11-17,1246,1261,1186,1200,2013362,-0.03614457831325302
2025-11-18,1199,1199,1149,1178,1503422,-0.018333333333333313
2025-11-19,1177,1177,1140,1154,1107912,-0.02037351443123936
2025-11-20,1173,1194,1160,1190,976736,0.03119584055459268
2025-11-21,1165,1183,1128,1182,1383605,-0.006722689075630228
2025-11-24,1182,1215,1152,1155,1101966,-0.022842639593908642
2025-11-25,1165,1189,1130,1143,887115,-0.010389610389610393
2025-11-26,1145,1169,1130,1154,993141,0.00962379702537186
2025-11-27,1155,1173,1144,1146,766460,-0.006932409012131768
2025-11-28,1146,1173,1130,1161,997759,0.01308900523560208
2025-12-01,1172,1195,1149,1150,1336944,-0.009474590869939736
2025-12-02,1153,1183,1140,1176,963139,0.022608695652173827
2025-12-03,1188,1227,1176,1219,2174535,0.03656462585034004
2025-12-04,1231,1280,1210,1226,2490869,0.005742411812961423
2025-12-05,1237,1237,1190,1220,1189890,-0.004893964110929905
2025-12-08,1224,1224,1176,1186,1307500,-0.02786885245901638
2025-12-09,1187,1209,1170,1179,894907,-0.00590219224283306
2025-12-10,1179,1198,1168,1181,917190,0.0016963528413909135
2025-12-11,1192,1212,1180,1197,994096,0.013547840812870415
2025-12-12,1210,1310,1197,1285,5093082,0.07351712614870509
2025-12-15,1281,1376,1256,1334,4682583,0.038132295719844445
2025-12-16,1334,1344,1251,1256,2311229,-0.058470764617691184
2025-12-17,1257,1270,1228,1232,1174617,-0.019108280254777066
2025-12-18,1219,1250,1210,1239,1082472,0.005681818181818121
2025-12-19,1239,1292,1220,1257,1916831,0.014527845036319542
2025-12-22,1265,1329,1265,1300,1868905,0.0342084327764518
2025-12-23,1292,1292,1230,1250,1741910,-0.038461538461538436
2025-12-24,1251,1261,1231,1232,786065,-0.014399999999999968
