Date,Open,High,Low,Close,Volume,Change
2022-01-03,4145,4145,4050,4070,88929,-0.020457280385078214
2022-01-04,4065,4090,4025,4055,80987,-0.0036855036855036882
2022-01-05,4055,4055,3875,3890,210700,-0.04069050554870535
2022-01-06,3880,3950,3825,3890,121115,0.0
2022-01-07,3955,4500,3945,4065,1631270,0.04498714652956304
2022-01-10,4080,4115,3985,4105,184971,0.009840098400984099
2022-01-11,4070,4100,3820,3905,172214,-0.04872107186358099
2022-01-12,3945,4670,3925,4395,8498884,0.12548015364916765
2022-01-13,4430,4465,4350,4350,913987,-0.010238907849829393
2022-01-14,4310,4375,4235,4270,323607,-0.01839080459770115
2022-01-17,4315,4710,4175,4235,2946209,-0.008196721311475419
2022-01-18,4195,4230,3875,3905,711730,-0.07792207792207795
2022-01-19,3905,4005,3875,3930,288694,0.006402048655569814
2022-01-20,3930,4240,3930,4140,779127,0.05343511450381677
2022-01-21,4140,4225,4060,4180,288353,0.009661835748792313
2022-01-24,4080,4115,3960,4010,262787,-0.04066985645933019
2022-01-25,3990,4010,3720,3795,339915,-0.05361596009975067
2022-01-26,3775,3975,3775,3830,186743,0.00922266139657446
2022-01-27,3880,3880,3625,3665,236598,-0.04308093994778073
2022-01-28,3625,3785,3550,3760,143560,0.02592087312414737
2022-02-03,3850,3945,3795,3930,167579,0.04521276595744683
2022-02-04,3930,4065,3895,4065,218707,0.03435114503816794
2022-02-07,4080,4080,3940,4065,93413,0.0
2022-02-08,4065,4165,3910,3950,169904,-0.028290282902828978
2022-02-09,3970,4060,3970,4060,76747,0.02784810126582271
2022-02-10,4070,4075,3975,3980,113198,-0.019704433497536922
2022-02-11,3980,3990,3790,3795,150566,-0.04648241206030146
2022-02-14,3775,3775,3585,3650,165940,-0.03820816864295129
2022-02-15,3650,3995,3555,3570,301305,-0.021917808219178103
2022-02-16,3640,3735,3640,3735,66065,0.04621848739495804
2022-02-17,3770,3840,3560,3725,128967,-0.0026773761713521083
2022-02-18,3770,3890,3670,3870,157684,0.03892617449664426
2022-02-21,3860,3860,3765,3825,51753,-0.011627906976744207
2022-02-22,3790,3790,3635,3665,119602,-0.04183006535947709
2022-02-23,3665,3700,3620,3655,75656,-0.0027285129604365244
2022-02-24,3625,3655,3505,3550,156021,-0.028727770177838563
2022-02-25,3570,3625,3565,3600,82481,0.014084507042253502
2022-02-28,3610,3645,3550,3620,66123,0.005555555555555536
2022-03-02,3620,3650,3585,3625,99341,0.0013812154696133394
2022-03-03,3770,4140,3685,3700,1849623,0.020689655172413834
2022-03-04,3705,3710,3630,3640,171387,-0.01621621621621616
2022-03-07,3635,3635,3525,3525,112942,-0.03159340659340659
2022-03-08,3475,3495,3420,3425,197072,-0.028368794326241176
2022-03-10,3360,3595,3360,3470,293313,0.013138686131386912
2022-03-11,3465,3490,3420,3490,110845,0.0057636887608070175
2022-03-14,3490,3490,3385,3420,110721,-0.02005730659025784
2022-03-15,3420,3510,3390,3415,146565,-0.0014619883040936088
2022-03-16,3450,3540,3440,3535,91849,0.03513909224011713
2022-03-17,3570,3600,3550,3565,85091,0.008486562942008558
2022-03-18,3610,3610,3535,3575,83743,0.0028050490883591017
2022-03-21,3605,3640,3575,3620,77234,0.012587412587412583
2022-03-22,3610,3640,3580,3625,69766,0.0013812154696133394
2022-03-23,3640,3670,3600,3660,161985,0.009655172413793212
2022-03-24,3615,3670,3610,3655,61303,-0.001366120218579181
2022-03-25,3670,3685,3625,3670,67146,0.004103967168262557
2022-03-28,3675,3735,3645,3720,116763,0.013623978201634968
2022-03-29,3700,3765,3695,3720,72804,0.0
2022-03-30,3740,3740,3685,3705,51230,-0.0040322580645161255
2022-03-31,3705,3770,3695,3765,90792,0.0161943319838056
2022-04-01,3790,3820,3730,3780,102169,0.003984063745019917
2022-04-04,3780,3780,3705,3750,78091,-0.007936507936507908
2022-04-05,3745,3790,3725,3725,55341,-0.00666666666666671
2022-04-06,3710,3725,3630,3655,91496,-0.018791946308724827
2022-04-07,3600,3650,3530,3540,95064,-0.03146374829001364
2022-04-08,3540,3570,3505,3540,55927,0.0
2022-04-11,3480,3615,3480,3590,67185,0.01412429378531077
2022-04-12,3550,3555,3500,3555,46327,-0.00974930362116988
2022-04-13,3535,3610,3530,3575,37913,0.005625879043600568
2022-04-14,3785,4140,3600,3600,3982026,0.006993006993007089
2022-04-15,3610,3650,3570,3640,121606,0.011111111111111072
2022-04-18,3640,3655,3580,3580,111656,-0.016483516483516536
2022-04-19,3545,3630,3545,3625,77518,0.012569832402234526
2022-04-20,3605,3680,3605,3650,74692,0.006896551724137945
2022-04-21,3690,3690,3645,3670,65380,0.005479452054794498
2022-04-22,3640,3680,3615,3680,58486,0.0027247956403269047
2022-04-25,3620,3640,3575,3595,51481,-0.02309782608695654
2022-04-26,3585,3670,3585,3635,44945,0.011126564673157091
2022-04-27,3560,3585,3540,3580,42612,-0.015130674002751032
2022-04-28,3580,3635,3505,3565,123295,-0.0041899441340782495
2022-04-29,3565,3645,3565,3615,65788,0.014025245441795287
2022-05-02,3610,3665,3590,3660,53993,0.012448132780082943
2022-05-03,3685,3725,3670,3695,62256,0.0095628415300546
2022-05-04,3725,3730,3675,3680,48500,-0.004059539918809252
2022-05-06,3660,3705,3600,3625,52535,-0.014945652173913082
2022-05-09,3625,3645,3530,3530,70726,-0.026206896551724146
2022-05-10,3495,3575,3395,3565,148336,0.009915014164305846
2022-05-11,3560,3625,3555,3590,49100,0.007012622720897532
2022-05-12,3570,3590,3480,3490,73575,-0.027855153203342642
2022-05-13,3490,3545,3490,3505,38431,0.004297994269341077
2022-05-16,3515,3725,3515,3550,421045,0.012838801711840153
2022-05-17,3550,3635,3535,3615,87208,0.018309859154929553
2022-05-18,3650,3720,3640,3660,123089,0.012448132780082943
2022-05-19,3630,3630,3545,3560,74850,-0.02732240437158473
2022-05-20,3580,3590,3560,3575,33095,0.004213483146067398
2022-05-23,3600,3610,3565,3580,29869,0.0013986013986013734
2022-05-24,3600,3600,3515,3515,57043,-0.018156424581005637
2022-05-25,3520,3555,3500,3500,39396,-0.004267425320056861
2022-05-26,3500,3545,3480,3505,29604,0.0014285714285713347
2022-05-27,3525,3575,3510,3535,24631,0.008559201141226769
2022-05-30,3540,3580,3535,3570,15144,0.00990099009900991
2022-05-31,3580,3590,3540,3555,33788,-0.004201680672268893
2022-06-02,3575,3600,3530,3580,28567,0.007032348804500765
2022-06-03,3600,3615,3580,3595,30301,0.0041899441340782495
2022-06-07,3600,3605,3540,3540,40167,-0.015299026425591111
2022-06-08,3500,3595,3495,3565,43477,0.007062146892655274
2022-06-09,3565,3595,3495,3590,53532,0.007012622720897532
2022-06-10,3490,3570,3475,3520,83709,-0.01949860724233987
2022-06-13,3490,3490,3255,3255,113529,-0.07528409090909094
2022-06-14,3195,3250,3100,3115,129980,-0.043010752688172005
2022-06-15,3070,3140,3010,3025,118023,-0.028892455858748
2022-06-16,3050,3150,3050,3065,43976,0.013223140495867813
2022-06-17,2915,3055,2915,3055,48627,-0.0032626427406199365
2022-06-20,3030,3060,2855,2920,82514,-0.04418985270049103
2022-06-21,2895,2950,2895,2920,45654,0.0
2022-06-22,2915,2985,2800,2850,83817,-0.023972602739726012
2022-06-23,2850,2860,2640,2645,127346,-0.07192982456140351
2022-06-24,2610,2815,2610,2810,72516,0.06238185255198481
2022-06-27,2840,2930,2820,2900,32849,0.03202846975088969
2022-06-28,2900,2940,2875,2935,28315,0.012068965517241459
2022-06-29,2915,2945,2885,2935,27691,0.0
2022-06-30,2955,2955,2865,2870,26943,-0.022146507666098825
2022-07-01,2830,2910,2715,2725,33355,-0.05052264808362372
2022-07-04,2770,2850,2630,2690,41216,-0.012844036697247652
2022-07-05,2705,2810,2690,2810,38206,0.044609665427509215
2022-07-06,2830,2860,2780,2830,18146,0.007117437722419906
2022-07-07,2830,2855,2780,2835,14537,0.0017667844522968323
2022-07-08,2850,2920,2845,2920,36552,0.029982363315696592
2022-07-11,2940,2945,2895,2900,25200,-0.006849315068493178
2022-07-12,2895,2895,2795,2870,49525,-0.010344827586206917
2022-07-13,3020,3320,2870,2900,1000751,0.010452961672473782
2022-07-14,2925,2925,2865,2920,52141,0.006896551724137945
2022-07-15,2960,3150,2925,2960,270691,0.013698630136986356
2022-07-18,3005,3020,2955,3020,61336,0.020270270270270174
2022-07-19,2990,3050,2990,3050,33840,0.009933774834437026
2022-07-20,3090,3090,3025,3035,51930,-0.004918032786885296
2022-07-21,3050,3070,3030,3070,28123,0.011532125205930832
2022-07-22,3070,3090,3045,3050,28126,-0.006514657980456029
2022-07-25,3055,3070,3010,3070,31179,0.006557377049180246
2022-07-26,3070,3085,3040,3085,19456,0.004885993485342022
2022-07-27,3035,3150,3035,3120,66108,0.011345218800648205
2022-07-28,3120,3175,3110,3170,82252,0.01602564102564097
2022-07-29,3170,3215,3150,3175,48601,0.001577287066246047
2022-08-01,3205,3205,3150,3160,30081,-0.0047244094488189115
2022-08-02,3170,3170,3095,3120,13573,-0.012658227848101222
2022-08-03,3120,3300,3100,3150,195961,0.009615384615384581
2022-08-04,3150,3225,3150,3210,33881,0.01904761904761898
2022-08-05,3230,3230,3170,3190,21538,-0.006230529595015577
2022-08-08,3190,3250,3170,3230,26714,0.012539184952978122
2022-08-09,3195,3270,3180,3215,33592,-0.004643962848297267
2022-08-10,3205,3215,3145,3180,18824,-0.010886469673405896
2022-08-11,3180,3225,3180,3185,26636,0.0015723270440251014
2022-08-12,3195,3225,3150,3220,31556,0.01098901098901095
2022-08-16,3235,3600,3180,3310,1248543,0.02795031055900621
2022-08-17,3320,3420,3235,3265,287035,-0.013595166163142047
2022-08-18,3260,3305,3210,3275,77344,0.003062787136294043
2022-08-19,3290,3295,3220,3230,56444,-0.013740458015267132
2022-08-22,3230,3300,3165,3165,65977,-0.020123839009287936
2022-08-23,3135,3185,3110,3140,35433,-0.00789889415481837
2022-08-24,3140,3195,3130,3170,25462,0.009554140127388644
2022-08-25,3190,3255,3135,3230,34505,0.018927444794952786
2022-08-26,3260,3320,3205,3240,60141,0.003095975232198178
2022-08-29,3205,3205,3095,3155,42230,-0.026234567901234573
2022-08-30,3100,3205,3080,3195,44951,0.01267828843106189
2022-08-31,3190,3200,3160,3160,30311,-0.010954616588419452
2022-09-01,3160,3175,3075,3105,77274,-0.017405063291139222
2022-09-02,3105,3195,3105,3140,52564,0.011272141706924366
2022-09-05,3135,3230,3135,3165,52627,0.0079617834394905
2022-09-06,3165,3240,3135,3210,21257,0.014218009478673022
2022-09-07,3210,3210,3080,3120,86379,-0.028037383177570097
2022-09-08,3120,3165,3065,3065,50141,-0.017628205128205177
2022-09-13,3100,3140,3075,3115,30019,0.01631321370309946
2022-09-14,3065,3155,3000,3100,71599,-0.0048154093097912964
2022-09-15,3130,3175,3100,3150,38171,0.016129032258064502
2022-09-16,3100,3150,3060,3100,35741,-0.015873015873015928
2022-09-19,3095,3100,2935,2935,67225,-0.0532258064516129
2022-09-20,2910,2985,2910,2970,46963,0.011925042589437718
2022-09-21,2945,3035,2940,2960,42317,-0.0033670033670033517
2022-09-22,2960,2975,2850,2890,83427,-0.023648648648648685
2022-09-23,2880,2900,2820,2855,30299,-0.01211072664359858
2022-09-26,2765,2800,2640,2655,119799,-0.07005253940455336
2022-09-27,2610,2690,2575,2655,67921,0.0
2022-09-28,2630,2670,2450,2505,67944,-0.05649717514124297
2022-09-29,2535,2640,2535,2575,41493,0.027944111776447178
2022-09-30,2555,2575,2490,2575,34488,0.0
2022-10-04,2575,2700,2575,2700,35882,0.04854368932038833
2022-10-05,2730,2735,2660,2665,21093,-0.012962962962962954
2022-10-06,2665,2785,2665,2765,27085,0.03752345215759845
2022-10-07,2765,2780,2725,2745,22817,-0.007233273056057921
2022-10-11,2725,2735,2555,2570,63818,-0.063752276867031
2022-10-12,2565,2570,2485,2515,54729,-0.021400778210116767
2022-10-13,2515,2515,2265,2360,96672,-0.06163021868787277
2022-10-14,2385,2500,2385,2500,42998,0.05932203389830515
2022-10-17,2490,2540,2450,2520,38088,0.008000000000000007
2022-10-18,2595,2775,2575,2620,139329,0.039682539682539764
2022-10-19,2620,2660,2615,2620,26531,0.0
2022-10-20,2615,2620,2540,2550,27672,-0.026717557251908386
2022-10-21,2550,2560,2520,2540,12230,-0.0039215686274509665
2022-10-24,2560,2600,2550,2600,16525,0.023622047244094446
2022-10-25,2665,2665,2600,2640,34551,0.01538461538461533
2022-10-26,2660,2690,2635,2655,61135,0.005681818181818121
2022-10-27,2665,2770,2645,2770,53725,0.043314500941619594
2022-10-28,2770,2820,2760,2795,32981,0.00902527075812265
2022-10-31,2880,3340,2810,2915,1890996,0.0429338103756709
2022-11-01,2920,2990,2860,2940,197439,0.00857632933104635
2022-11-02,2925,2940,2880,2940,55953,0.0
2022-11-03,2880,2945,2810,2925,44561,-0.005102040816326481
2022-11-04,2895,2925,2865,2915,37137,-0.0034188034188034067
2022-11-07,2915,2980,2875,2980,80815,0.022298456260720467
2022-11-08,2990,3030,2980,3025,47927,0.015100671140939603
2022-11-09,3040,3095,3025,3080,35346,0.018181818181818077
2022-11-10,3080,3090,3060,3085,21127,0.0016233766233766378
2022-11-11,3165,3165,3060,3075,64305,-0.0032414910858995505
2022-11-14,3150,3300,3065,3230,254585,0.05040650406504055
2022-11-15,3200,3355,3190,3295,195249,0.020123839009287936
2022-11-16,3295,3355,3190,3350,133323,0.01669195751138086
2022-11-17,3340,3360,3290,3335,43056,-0.004477611940298498
2022-11-18,3395,3395,3305,3355,59529,0.0059970014992503096
2022-11-21,3355,3355,3280,3305,52562,-0.014903129657228065
2022-11-22,3265,3370,3265,3365,66817,0.018154311649016597
2022-11-23,3380,3390,3215,3355,37271,-0.002971768202080227
2022-11-24,3360,3390,3340,3350,34502,-0.0014903129657227732
2022-11-25,3360,3385,3350,3365,33151,0.004477611940298498
2022-11-28,3365,3375,3260,3260,43389,-0.031203566121842496
2022-11-29,3225,3305,3210,3300,44711,0.012269938650306678
2022-11-30,3320,3380,3285,3380,33483,0.024242424242424176
2022-12-01,3380,3415,3370,3380,45973,0.0
2022-12-02,3385,3410,3350,3375,29238,-0.0014792899408283544
2022-12-05,3345,3380,3340,3380,25951,0.001481481481481417
2022-12-06,3345,3360,3260,3275,34081,-0.031065088757396442
2022-12-07,3235,3260,3200,3215,25785,-0.018320610687022953
2022-12-08,3215,3215,3150,3150,19460,-0.02021772939346811
2022-12-09,3150,3230,3150,3230,31306,0.025396825396825307
2022-12-12,3245,3245,3170,3170,24421,-0.018575851393188847
2022-12-13,3170,3290,3120,3240,65639,0.02208201892744488
2022-12-14,3255,3325,3255,3305,46363,0.020061728395061706
2022-12-15,3335,3380,3305,3340,31950,0.010590015128593144
2022-12-16,3340,3340,3230,3265,20930,-0.022455089820359264
2022-12-19,3200,3235,3170,3190,50621,-0.02297090352220521
2022-12-20,3170,3185,3060,3095,38232,-0.029780564263322873
2022-12-21,3065,3105,3060,3090,21426,-0.001615508885298822
2022-12-22,3085,3160,3085,3155,55232,0.021035598705501535
2022-12-23,3155,3155,3050,3070,50893,-0.02694136291600635
2022-12-26,3050,3050,2980,2980,58071,-0.02931596091205213
2022-12-27,2955,3020,2950,2990,60246,0.003355704697986628
2022-12-28,3020,3020,2985,3000,20423,0.0033444816053511683
2022-12-29,2950,2975,2850,2875,38014,-0.04166666666666663
2023-01-02,2870,2940,2810,2830,50011,-0.01565217391304352
2023-01-03,2840,2855,2735,2765,50451,-0.02296819787985871
2023-01-04,2790,3065,2790,3030,250229,0.0958408679927667
2023-01-05,3045,3225,3000,3025,189950,-0.0016501650165016146
2023-01-06,3055,3055,2995,3030,78179,0.0016528925619834212
2023-01-09,3030,3285,3030,3275,179152,0.08085808580858078
2023-01-10,3270,3400,3250,3345,116204,0.021374045801526798
2023-01-11,3345,3390,3330,3345,37887,0.0
2023-01-12,3350,3555,3350,3515,204775,0.05082212257100149
2023-01-13,3485,3680,3420,3460,185233,-0.015647226173541973
2023-01-16,3435,3435,3390,3425,58333,-0.010115606936416222
2023-01-17,3370,3425,3345,3390,76464,-0.010218978102189746
2023-01-18,3365,3390,3250,3280,112634,-0.03244837758112096
2023-01-19,3245,3295,3235,3285,33979,0.0015243902439023849
2023-01-20,3285,3415,3275,3405,45814,0.0365296803652968
2023-01-25,3405,3475,3405,3440,59266,0.010279001468428861
2023-01-26,3455,3470,3400,3420,45570,-0.005813953488372103
2023-01-27,3420,3445,3385,3435,45976,0.004385964912280604
2023-01-30,3415,3445,3415,3430,31298,-0.0014556040756914523
2023-01-31,3420,3450,3390,3445,57352,0.004373177842565523
2023-02-01,3425,3470,3400,3450,51427,0.0014513788098693414
2023-02-02,3420,3470,3410,3435,45830,-0.004347826086956497
2023-02-03,3435,3470,3400,3470,51426,0.010189228529839944
2023-02-06,3480,3600,3475,3535,100790,0.018731988472622474
2023-02-07,3530,3550,3480,3510,36878,-0.007072135785007094
2023-02-08,3510,3560,3495,3525,42912,0.004273504273504258
2023-02-09,3525,3540,3470,3520,30613,-0.0014184397163120588
2023-02-10,3515,3755,3430,3685,275446,0.046875
2023-02-13,3685,3810,3545,3585,137481,-0.027137042062415184
2023-02-14,3635,3670,3555,3655,98112,0.019525801952580135
2023-02-15,3660,3680,3480,3480,94718,-0.04787961696306431
2023-02-16,3470,3525,3455,3500,60685,0.005747126436781658
2023-02-17,3500,3500,3460,3470,27444,-0.008571428571428563
2023-02-20,3470,3530,3440,3515,50166,0.012968299711815456
2023-02-21,3530,3530,3465,3490,26497,-0.007112375533428139
2023-02-22,3480,3480,3380,3400,64665,-0.025787965616045794
2023-02-23,3395,3415,3365,3380,27749,-0.00588235294117645
2023-02-24,3390,3460,3380,3380,49848,0.0
2023-02-27,3380,3475,3340,3435,39405,0.016272189349112454
2023-02-28,3450,3515,3435,3445,32924,0.0029112081513829047
2023-03-02,3445,3765,3420,3600,250642,0.044992743105950694
2023-03-03,3630,3660,3530,3650,94184,0.01388888888888884
2023-03-06,3650,3685,3480,3685,168972,0.009589041095890316
2023-03-07,3685,3685,3505,3530,130023,-0.042062415196743586
2023-03-08,3530,3530,3415,3465,86423,-0.018413597733711096
2023-03-09,3475,3475,3360,3390,78189,-0.02164502164502169
2023-03-10,3360,3415,3340,3390,61191,0.0
2023-03-13,3360,3395,3210,3295,187566,-0.028023598820059004
2023-03-14,3295,4065,3140,3755,4593196,0.13960546282245834
2023-03-15,3620,3980,3620,3725,3288189,-0.007989347536617841
2023-03-16,3685,3695,3500,3520,695553,-0.055033557046979875
2023-03-17,3575,3615,3515,3520,393731,0.0
2023-03-20,3490,3520,3375,3450,267242,-0.019886363636363646
2023-03-21,3450,3510,3400,3400,188221,-0.01449275362318836
2023-03-22,3410,3440,3315,3400,235041,0.0
2023-03-23,3350,3355,3265,3265,225068,-0.039705882352941146
2023-03-24,3270,3430,3260,3405,210447,0.04287901990811638
2023-03-27,3385,3480,3350,3480,126344,0.022026431718061623
2023-03-28,3470,3490,3425,3480,151502,0.0
2023-03-29,3450,3560,3445,3550,212960,0.02011494252873569
2023-03-30,3640,4290,3550,4130,4216487,0.16338028169014085
2023-03-31,4115,4185,3920,4180,1244957,0.012106537530266248
2023-04-03,4185,4630,4020,4350,4574358,0.04066985645933019
2023-04-04,4310,4480,4175,4260,956895,-0.020689655172413834
2023-04-05,4265,4430,4210,4305,571961,0.010563380281690238
2023-04-06,4360,4420,4205,4240,510096,-0.015098722415795574
2023-04-07,4240,4315,4145,4190,315427,-0.011792452830188704
2023-04-10,4200,4370,4070,4140,558636,-0.011933174224343701
2023-04-11,4125,4530,3975,4440,1173300,0.07246376811594213
2023-04-12,4600,4650,4420,4480,1006985,0.009009009009008917
2023-04-13,4505,4660,4350,4370,870048,-0.024553571428571397
2023-04-14,4385,4450,4280,4295,307524,-0.017162471395881007
2023-04-17,4295,4355,4200,4290,199302,-0.0011641443538998875
2023-04-18,4570,5200,4290,4995,9758480,0.16433566433566438
2023-04-19,5050,5200,4485,4510,4170841,-0.09709709709709713
2023-04-20,4585,4695,4320,4320,1055636,-0.04212860310421285
2023-04-21,4300,4395,4085,4145,733008,-0.0405092592592593
2023-04-24,4110,4165,3870,3905,892734,-0.0579010856453559
2023-04-25,4385,4700,4010,4050,5480352,0.03713188220230479
2023-04-26,4005,4330,4000,4070,1380415,0.004938271604938205
2023-04-27,4010,4050,3905,3985,463134,-0.020884520884520863
2023-04-28,4005,4100,3825,3855,497479,-0.03262233375156842
2023-05-02,3855,4055,3855,4030,281602,0.045395590142671916
2023-05-03,3990,4200,3975,4145,375427,0.028535980148883366
2023-05-04,4110,4125,3980,3995,260508,-0.03618817852834744
2023-05-08,4030,4250,4030,4180,515029,0.04630788485607007
2023-05-09,4255,4445,4160,4380,1419508,0.04784688995215314
2023-05-10,4310,4360,4165,4265,320765,-0.026255707762557035
2023-05-11,4405,4430,4175,4195,608235,-0.016412661195779554
2023-05-12,4210,4280,4135,4270,245128,0.017878426698450633
2023-05-15,4270,4385,3895,3920,946405,-0.08196721311475408
2023-05-16,3920,3950,3845,3855,266558,-0.01658163265306123
2023-05-17,3835,4080,3800,4020,510548,0.04280155642023353
2023-05-18,4050,4130,4010,4030,403865,0.0024875621890547706
2023-05-19,4055,4080,3945,4030,209698,0.0
2023-05-22,4030,4070,3980,4000,129156,-0.007444168734491274
2023-05-23,3965,4040,3900,3950,197903,-0.012499999999999956
2023-05-24,3940,3940,3855,3885,193056,-0.016455696202531622
2023-05-25,3845,3910,3725,3780,316106,-0.027027027027026973
2023-05-26,3780,3815,3700,3720,204524,-0.015873015873015928
2023-05-30,3720,3780,3705,3730,207261,0.0026881720430107503
2023-05-31,3730,3955,3710,3745,314664,0.004021447721179516
2023-06-01,3805,3870,3720,3775,201320,0.008010680907877266
2023-06-02,3785,3815,3760,3795,136919,0.005298013245033095
2023-06-05,3805,3835,3750,3795,148013,0.0
2023-06-07,3795,3810,3755,3770,143591,-0.006587615283267456
2023-06-08,3730,3760,3690,3720,130416,-0.01326259946949604
2023-06-09,3720,3740,3680,3685,171154,-0.009408602150537626
2023-06-12,3685,3715,3665,3685,75840,0.0
2023-06-13,3705,3745,3685,3735,82642,0.013568521031207537
2023-06-14,3765,3765,3600,3610,189153,-0.03346720214190091
2023-06-15,3630,3645,3500,3535,206994,-0.020775623268698085
2023-06-16,3560,3620,3560,3590,78549,0.01555869872701554
2023-06-19,3560,3625,3550,3565,93146,-0.0069637883008356605
2023-06-20,3565,3625,3535,3540,96475,-0.007012622720897643
2023-06-21,3510,3575,3510,3560,146010,0.005649717514124353
2023-06-22,3550,3610,3530,3580,76702,0.00561797752808979
2023-06-23,3610,3865,3590,3680,330442,0.027932960893854775
2023-06-26,3685,3785,3685,3735,166505,0.014945652173913082
2023-06-27,3740,3775,3640,3640,121967,-0.025435073627844695
2023-06-28,3665,3805,3665,3795,256573,0.04258241758241765
2023-06-29,3755,3835,3755,3800,178775,0.0013175230566535578
2023-06-30,3800,3865,3770,3840,162659,0.010526315789473717
2023-07-03,3845,3905,3845,3870,144485,0.0078125
2023-07-04,3870,3885,3785,3850,115922,-0.0051679586563307955
2023-07-05,3850,3885,3810,3820,121557,-0.007792207792207795
2023-07-06,3805,3920,3755,3875,308607,0.014397905759162333
2023-07-07,3850,3850,3700,3700,153665,-0.04516129032258065
2023-07-10,3700,3760,3680,3695,189312,-0.0013513513513513375
2023-07-11,3700,3800,3650,3695,128678,0.0
2023-07-12,3695,3775,3695,3715,119530,0.005412719891745521
2023-07-13,3745,3785,3720,3755,98472,0.010767160161507361
2023-07-14,3755,3775,3620,3720,130390,-0.009320905459387463
2023-07-17,3720,3745,3650,3735,133126,0.0040322580645162365
2023-07-18,3735,3855,3615,3635,322212,-0.02677376171352075
2023-07-19,3640,3655,3560,3580,121274,-0.015130674002751032
2023-07-20,3555,3620,3550,3600,98411,0.005586592178770999
2023-07-21,3535,3685,3500,3570,128057,-0.008333333333333304
2023-07-24,3530,3565,3420,3455,192196,-0.03221288515406162
2023-07-25,3450,3475,3345,3365,131270,-0.02604920405209843
2023-07-26,3315,3360,3080,3185,319629,-0.05349182763744431
2023-07-27,3130,3350,3130,3305,134031,0.03767660910518056
2023-07-28,3305,3445,3280,3410,62401,0.03177004538577921
2023-07-31,3440,3615,3200,3460,223071,0.014662756598240456
2023-08-01,3460,3570,3425,3450,54071,-0.0028901734104046506
2023-08-02,3450,3485,3320,3345,73672,-0.0304347826086957
2023-08-03,3310,3370,3270,3285,93465,-0.017937219730941756
2023-08-04,3255,3345,3255,3315,72814,0.009132420091324311
2023-08-07,3315,3345,3260,3320,89499,0.0015082956259426794
2023-08-08,3285,3355,3260,3270,60338,-0.015060240963855387
2023-08-09,3240,3635,3240,3555,297845,0.08715596330275233
2023-08-10,3685,3710,3500,3565,242979,0.002812939521800173
2023-08-11,3565,3575,3500,3550,88517,-0.0042075736325385416
2023-08-14,3550,3560,3445,3510,85312,-0.011267605633802802
2023-08-16,3410,3440,3315,3355,234546,-0.04415954415954415
2023-08-17,3320,3335,3205,3305,105732,-0.014903129657228065
2023-08-18,3220,4190,3220,3910,10711614,0.18305597579425115
2023-08-21,3645,3920,3625,3640,2370749,-0.06905370843989767
2023-08-22,3635,3635,3475,3525,632728,-0.03159340659340659
2023-08-23,3605,3660,3490,3540,789327,0.004255319148936065
2023-08-24,3595,3685,3540,3565,272468,0.007062146892655274
2023-08-25,3565,3580,3460,3480,180155,-0.02384291725105192
2023-08-28,3500,3645,3485,3605,215722,0.03591954022988508
2023-08-29,3615,3655,3580,3625,191531,0.00554785020804438
2023-08-30,3635,3665,3600,3620,160779,-0.0013793103448276334
2023-08-31,3630,3675,3525,3550,150939,-0.01933701657458564
2023-09-01,3560,3625,3530,3570,101033,0.005633802816901401
2023-09-04,3535,3620,3535,3600,70168,0.008403361344537785
2023-09-05,3595,3630,3555,3560,77128,-0.011111111111111072
2023-09-06,3565,3660,3565,3625,113462,0.018258426966292207
2023-09-07,3605,3675,3480,3510,162178,-0.03172413793103446
2023-09-08,3510,3515,3450,3510,84583,0.0
2023-09-11,3510,3545,3490,3520,42556,0.002849002849002913
2023-09-12,3520,3720,3455,3650,533542,0.03693181818181812
2023-09-13,3605,3685,3540,3585,378554,-0.017808219178082174
2023-09-14,3645,3645,3590,3590,135223,0.001394700139470073
2023-09-15,3590,3620,3575,3595,85122,0.0013927576601671099
2023-09-18,3575,3580,3500,3505,89184,-0.025034770514603566
2023-09-19,3505,3560,3465,3465,90342,-0.011412268188302432
2023-09-20,3460,3495,3405,3405,66324,-0.017316017316017285
2023-09-21,3380,3410,3310,3310,105042,-0.027900146842878115
2023-09-22,3220,3330,3220,3275,83514,-0.010574018126888185
2023-09-25,3275,3335,3250,3260,54324,-0.004580152671755711
2023-09-26,3250,3325,3185,3190,78731,-0.021472392638036797
2023-09-27,3165,3300,3150,3300,55966,0.034482758620689724
2023-10-04,3295,3295,3200,3200,42355,-0.030303030303030276
2023-10-05,3200,3235,3140,3175,75178,-0.0078125
2023-10-06,3145,3235,3140,3185,24443,0.0031496062992126816
2023-10-10,3185,3230,3075,3145,50604,-0.012558869701726816
2023-10-11,3145,3200,3145,3170,23871,0.007949125596184325
2023-10-12,3175,3265,3160,3250,44009,0.025236593059936974
2023-10-13,3250,3250,3155,3185,32604,-0.020000000000000018
2023-10-16,3185,3185,3085,3115,60421,-0.02197802197802201
2023-10-17,3115,3190,3060,3150,30449,0.011235955056179803
2023-10-18,3150,3180,3125,3150,44326,0.0
2023-10-19,3140,3140,3030,3050,70132,-0.031746031746031744
2023-10-20,3015,3040,2910,3005,68272,-0.014754098360655776
2023-10-23,2945,3065,2920,2995,59692,-0.0033277870216306127
2023-10-24,2995,3060,2925,3040,47840,0.015025041736226985
2023-10-25,3080,3080,3020,3060,49554,0.006578947368421018
2023-10-26,2980,3005,2900,2950,69253,-0.03594771241830064
2023-10-27,2950,3075,2925,3000,75700,0.016949152542372836
2023-10-30,2965,3030,2965,3025,14852,0.008333333333333304
2023-10-31,3030,3045,2875,2925,66285,-0.03305785123966942
2023-11-01,2940,3000,2920,2950,33744,0.008547008547008517
2023-11-02,2960,3045,2960,3040,43668,0.03050847457627115
2023-11-03,3060,3080,3030,3075,45948,0.011513157894736947
2023-11-06,3130,3155,3075,3150,63516,0.024390243902439046
2023-11-07,3200,3200,3065,3125,48375,-0.007936507936507908
2023-11-08,3125,3150,3100,3110,23987,-0.0048000000000000265
2023-11-09,3080,3110,3055,3085,33762,-0.008038585209003246
2023-11-10,3085,3085,3015,3065,20326,-0.00648298217179899
2023-11-13,3065,3085,3015,3025,31509,-0.013050570962479635
2023-11-14,3025,3100,3025,3080,40158,0.018181818181818077
2023-11-15,3190,3500,3125,3150,1172898,0.022727272727272707
2023-11-16,3170,3225,3160,3180,114386,0.00952380952380949
2023-11-17,3205,3260,3160,3160,108603,-0.0062893081761006275
2023-11-20,3220,3220,3160,3200,60813,0.012658227848101333
2023-11-21,3185,3220,3170,3190,51843,-0.0031250000000000444
2023-11-22,3185,3200,3155,3180,35684,-0.0031347962382445305
2023-11-23,3195,3215,3160,3185,58258,0.0015723270440251014
2023-11-24,3185,3455,3175,3210,614894,0.007849293563579218
2023-11-27,3275,3275,3210,3230,92563,0.006230529595015577
2023-11-28,3215,3250,3195,3240,51504,0.003095975232198178
2023-11-29,3225,3335,3210,3240,52961,0.0
2023-11-30,3215,3260,3195,3230,112147,-0.0030864197530864335
2023-12-01,3265,3265,3205,3230,33216,0.0
2023-12-04,3220,3265,3195,3255,49313,0.007739938080495445
2023-12-05,3215,3255,3200,3200,35393,-0.016897081413210446
2023-12-06,3210,3250,3205,3220,34385,0.006250000000000089
2023-12-07,3220,3240,3210,3215,29316,-0.0015527950310558758
2023-12-08,3265,3380,3210,3240,386923,0.007776049766718529
2023-12-11,3240,3330,3225,3310,107366,0.021604938271605034
2023-12-12,3285,3355,3285,3315,49135,0.0015105740181269312
2023-12-13,3330,3330,3285,3325,82836,0.003016591251885359
2023-12-14,3370,3370,3285,3310,58179,-0.004511278195488688
2023-12-15,3320,3560,3285,3560,696718,0.07552870090634434
2023-12-18,3560,3560,3465,3470,375531,-0.0252808988764045
2023-12-19,3460,3525,3420,3480,96358,0.0028818443804035088
2023-12-20,3475,3545,3450,3490,76825,0.002873563218390718
2023-12-21,3420,3495,3420,3435,60968,-0.015759312320916874
2023-12-22,3450,3495,3380,3380,84218,-0.01601164483260553
2023-12-26,3375,3420,3350,3415,58445,0.010355029585798814
2023-12-27,3345,3420,3345,3370,54582,-0.013177159590043952
2023-12-28,3350,3515,3345,3475,143496,0.03115727002967361
2024-01-02,3480,3480,3415,3430,64114,-0.012949640287769792
2024-01-03,3410,3510,3410,3510,104304,0.023323615160349753
2024-01-04,3470,3490,3440,3475,48504,-0.009971509971509973
2024-01-05,3480,3495,3420,3445,54850,-0.008633093525179825
2024-01-08,3490,3490,3340,3370,118973,-0.021770682148040676
2024-01-09,3425,3425,3330,3380,68069,0.0029673590504450953
2024-01-10,3400,3400,3310,3360,63680,-0.00591715976331364
2024-01-11,3385,3390,3330,3365,27422,0.0014880952380953438
2024-01-12,3350,3415,3300,3325,50257,-0.011887072808320909
2024-01-15,3345,3345,3255,3265,58250,-0.018045112781954864
2024-01-16,3265,3305,3205,3225,58462,-0.01225114854517606
2024-01-17,3200,3250,3125,3125,64621,-0.03100775193798455
2024-01-18,3125,3205,3120,3190,49812,0.02079999999999993
2024-01-19,3200,3280,3200,3230,42530,0.012539184952978122
2024-01-22,3240,3280,3205,3230,30686,0.0
2024-01-23,3205,3240,3190,3225,24830,-0.001547987616099089
2024-01-24,3255,3260,3170,3225,30778,0.0
2024-01-25,3195,3220,3150,3215,50641,-0.0031007751937984773
2024-01-26,3195,3230,3170,3225,45263,0.0031104199066873672
2024-01-29,3190,3245,3190,3225,52444,0.0
2024-01-30,3220,3270,3205,3250,61366,0.007751937984496138
2024-01-31,3275,3375,3230,3260,87236,0.003076923076922977
2024-02-01,3255,3370,3210,3370,119104,0.033742331288343586
2024-02-02,3370,3425,3335,3415,220254,0.01335311572700304
2024-02-05,3530,4335,3520,4010,15726273,0.17423133235724753
2024-02-06,3930,3990,3760,3960,3334394,-0.012468827930174564
2024-02-07,3870,3980,3780,3980,2096812,0.005050505050504972
2024-02-08,3835,3945,3815,3840,1239769,-0.035175879396984966
2024-02-13,3815,3855,3680,3855,955955,0.00390625
2024-02-14,3760,3905,3740,3830,678613,-0.006485084306095956
2024-02-15,3845,3865,3745,3790,486797,-0.010443864229765065
2024-02-16,3790,3945,3740,3935,643744,0.03825857519788922
2024-02-19,3880,3915,3840,3865,472712,-0.017789072426937724
2024-02-20,3845,3860,3755,3800,306262,-0.01681759379042691
2024-02-21,3780,3800,3685,3710,204664,-0.023684210526315752
2024-02-22,3695,3770,3635,3740,186141,0.008086253369272267
2024-02-23,3795,3800,3690,3700,163670,-0.010695187165775444
2024-02-26,3700,3750,3630,3685,178920,-0.004054054054054013
2024-02-27,3700,3700,3575,3605,228140,-0.02170963364993217
2024-02-28,3585,3630,3575,3605,122488,0.0
2024-02-29,3610,3680,3565,3585,185828,-0.00554785020804438
2024-03-04,3585,3650,3575,3620,113926,0.009762900976290068
2024-03-05,3580,3640,3510,3530,175106,-0.024861878453038666
2024-03-06,3500,3590,3485,3520,146876,-0.0028328611898017497
2024-03-07,3535,3550,3445,3485,125727,-0.009943181818181768
2024-03-08,3485,3530,3480,3510,100833,0.007173601147776099
2024-03-11,3495,3550,3480,3480,87444,-0.008547008547008517
2024-03-12,3510,3515,3445,3465,134684,-0.004310344827586188
2024-03-13,3465,3490,3420,3485,125061,0.005772005772005873
2024-03-14,3500,3615,3440,3500,323335,0.004304160688665792
2024-03-15,3500,3550,3470,3510,102410,0.0028571428571428914
2024-03-18,3500,3510,3450,3480,104461,-0.008547008547008517
2024-03-19,3475,3475,3385,3410,120898,-0.02011494252873558
2024-03-20,3410,3445,3350,3445,128382,0.01026392961876832
2024-03-21,3440,3520,3440,3505,106080,0.01741654571843254
2024-03-22,3505,3565,3475,3525,121243,0.005706134094151105
2024-03-25,3515,3545,3455,3480,98080,-0.012765957446808529
2024-03-26,3480,3635,3470,3635,262184,0.04454022988505746
2024-03-27,3640,3640,3560,3575,213437,-0.016506189821182904
2024-03-28,3590,3610,3525,3545,97596,-0.008391608391608352
2024-03-29,3545,3600,3535,3550,115102,0.0014104372355430161
2024-04-01,3550,3610,3550,3605,96956,0.015492957746478853
2024-04-02,3605,3605,3510,3535,94253,-0.01941747572815533
2024-04-03,3520,3520,3425,3450,97784,-0.0240452616690241
2024-04-04,3455,3470,3425,3445,73712,-0.0014492753623188692
2024-04-05,3440,3440,3380,3400,93806,-0.013062409288824406
2024-04-08,3400,3435,3370,3370,56873,-0.008823529411764675
2024-04-09,3365,3405,3350,3355,65033,-0.004451038575667643
2024-04-11,3355,3375,3250,3325,105828,-0.008941877794336861
2024-04-12,3330,3345,3300,3305,46753,-0.006015037593984918
2024-04-15,3270,3300,3210,3295,75695,-0.00302571860816947
2024-04-16,3250,3295,3190,3225,91872,-0.02124430955993928
2024-04-17,3220,3255,3200,3225,56568,0.0
2024-04-18,3200,3280,3200,3265,46099,0.01240310077519391
2024-04-19,3265,3275,3105,3210,67472,-0.016845329249617125
2024-04-22,3215,3255,3210,3250,36080,0.012461059190031154
2024-04-23,3230,3335,3230,3285,44542,0.010769230769230864
2024-04-24,3285,3350,3270,3345,42272,0.0182648401826484
2024-04-25,3345,3350,3285,3310,30242,-0.010463378176382654
2024-04-26,3310,3395,3180,3395,89644,0.025679758308157163
2024-04-29,3355,3395,3330,3390,40256,-0.0014727540500736325
2024-04-30,3390,3430,3360,3430,79919,0.01179941002949847
2024-05-02,3430,3455,3365,3455,95998,0.007288629737609353
2024-05-03,3425,3450,3385,3390,67963,-0.01881331403762665
2024-05-07,3390,3405,3320,3350,134242,-0.01179941002949858
2024-05-08,3310,3360,3310,3335,64199,-0.004477611940298498
2024-05-09,3335,3350,3315,3330,27547,-0.0014992503748125774
2024-05-10,3325,3360,3315,3360,69327,0.009009009009008917
2024-05-13,3360,3360,3315,3335,37428,-0.007440476190476164
2024-05-14,3335,3620,3320,3560,1502914,0.06746626686656665
2024-05-16,3590,3610,3510,3580,264436,0.00561797752808979
2024-05-17,3565,3690,3550,3685,319859,0.029329608938547524
2024-05-20,3695,3750,3675,3680,323719,-0.0013568521031207537
2024-05-21,3755,4045,3550,3590,3162194,-0.024456521739130488
2024-05-22,3610,3710,3560,3695,316085,0.029247910863509752
2024-05-23,3680,3750,3635,3695,213169,0.0
2024-05-24,3680,3755,3655,3715,217380,0.005412719891745521
2024-05-27,3715,3730,3640,3705,140071,-0.0026917900403768957
2024-05-28,3700,3730,3630,3670,133248,-0.009446693657219951
2024-05-29,3675,3765,3635,3710,184199,0.01089918256130784
2024-05-30,3700,3730,3675,3685,97649,-0.006738544474393482
2024-05-31,3685,3720,3660,3700,67197,0.004070556309362372
2024-06-03,3700,3785,3685,3780,193721,0.021621621621621623
2024-06-04,3800,3805,3720,3785,200082,0.001322751322751392
2024-06-05,3810,3810,3755,3760,124926,-0.006605019815059454
2024-06-07,3775,3875,3765,3845,228476,0.022606382978723305
2024-06-10,3845,3870,3810,3820,93971,-0.006501950585175553
2024-06-11,3830,3860,3770,3810,93378,-0.002617801047120394
2024-06-12,3810,3845,3780,3820,80488,0.002624671916010568
2024-06-13,3820,3855,3780,3825,68148,0.0013089005235602524
2024-06-14,3825,3830,3740,3765,109745,-0.015686274509803977
2024-06-17,3760,3895,3660,3735,319842,-0.007968127490039834
2024-06-18,3780,3780,3650,3715,179122,-0.0053547523427041055
2024-06-19,3715,3740,3650,3690,90408,-0.006729475100942128
2024-06-20,3690,3750,3680,3695,68991,0.0013550135501354532
2024-06-21,3670,3735,3625,3665,58744,-0.008119079837618393
2024-06-24,3665,3710,3620,3645,94344,-0.00545702592087316
2024-06-25,3645,3755,3630,3740,92091,0.026063100137174278
2024-06-26,3740,3765,3710,3720,41479,-0.005347593582887722
2024-06-27,3725,3780,3690,3750,81798,0.008064516129032251
2024-06-28,3745,3745,3690,3700,71999,-0.013333333333333308
2024-07-01,3675,3730,3665,3665,54109,-0.009459459459459474
2024-07-02,3650,3680,3580,3670,83755,0.0013642564802183177
2024-07-03,3645,3700,3615,3625,55106,-0.012261580381471404
2024-07-04,3630,3670,3590,3655,85023,0.008275862068965578
2024-07-05,3695,3725,3645,3705,48190,0.013679890560875485
2024-07-08,3685,3745,3680,3730,52210,0.006747638326585648
2024-07-09,3730,3760,3705,3720,44367,-0.002680965147453085
2024-07-10,3745,3750,3660,3690,65478,-0.008064516129032251
2024-07-11,3730,3750,3690,3745,57981,0.01490514905149043
2024-07-12,3740,3845,3710,3790,175814,0.012016021361815676
2024-07-15,3820,3950,3750,3790,603014,0.0
2024-07-16,3800,3805,3765,3790,56220,0.0
2024-07-17,3800,3840,3720,3750,77233,-0.01055408970976257
2024-07-18,3705,3720,3550,3715,59013,-0.009333333333333305
2024-07-19,3715,3720,3620,3680,42840,-0.009421265141319024
2024-07-22,3680,3680,3560,3585,71931,-0.025815217391304324
2024-07-23,3600,3650,3600,3630,56475,0.012552301255230214
2024-07-24,3620,3650,3595,3595,48399,-0.009641873278236957
2024-07-25,3550,3625,3505,3595,47218,0.0
2024-07-26,3570,3620,3570,3610,35193,0.004172461752433909
2024-07-29,3610,3650,3595,3645,29692,0.00969529085872578
2024-07-30,3645,3660,3595,3595,41320,-0.013717421124828544
2024-07-31,3575,3650,3575,3650,47887,0.015299026425591
2024-08-01,3650,3710,3600,3615,155056,-0.009589041095890427
2024-08-02,3600,3600,3430,3430,142711,-0.051175656984785656
2024-08-05,3420,3420,2975,3000,258791,-0.12536443148688048
2024-08-06,2905,3315,2905,3215,280344,0.07166666666666677
2024-08-07,3285,3330,3230,3300,76118,0.026438569206842955
2024-08-08,3300,3360,3165,3305,60760,0.0015151515151514694
2024-08-09,3435,3435,3305,3310,45323,0.001512859304084735
2024-08-12,3400,3400,3310,3370,33983,0.01812688821752273
2024-08-13,3370,3475,3255,3445,113882,0.022255192878338326
2024-08-14,3670,3700,3425,3485,905090,0.011611030478954953
2024-08-16,3605,3650,3520,3540,115490,0.015781922525107683
2024-08-19,3550,3590,3465,3465,84519,-0.021186440677966156
2024-08-20,3470,3570,3470,3560,71638,0.02741702741702734
2024-08-21,3525,3550,3460,3490,60545,-0.0196629213483146
2024-08-22,3495,3555,3490,3515,60133,0.007163323782235054
2024-08-23,3515,3565,3465,3545,60210,0.008534850640113723
2024-08-26,3545,3585,3465,3505,61280,-0.01128349788434413
2024-08-27,3505,3510,3465,3475,19508,-0.008559201141226769
2024-08-28,3460,3520,3400,3450,38622,-0.007194244604316502
2024-08-29,3420,3450,3385,3395,38476,-0.01594202898550723
2024-08-30,3480,3480,3365,3380,30363,-0.004418262150220897
2024-09-02,3380,3425,3300,3380,65960,0.0
2024-09-03,3390,3390,3305,3345,33590,-0.010355029585798814
2024-09-04,3300,3300,3205,3240,107397,-0.03139013452914796
2024-09-05,3240,3300,3185,3200,87855,-0.012345679012345734
2024-09-06,3260,3280,3185,3230,74088,0.009374999999999911
2024-09-09,3195,3255,3100,3220,35742,-0.003095975232198178
2024-09-10,3220,3285,3200,3260,34761,0.012422360248447228
2024-09-11,3285,3285,3230,3235,17624,-0.0076687116564416735
2024-09-12,3240,3325,3240,3315,21626,0.02472952086553315
2024-09-13,3335,3360,3280,3305,14444,-0.003016591251885359
2024-09-19,3305,3680,3245,3400,317808,0.02874432677760974
2024-09-20,3380,3440,3365,3370,53433,-0.008823529411764675
2024-09-23,3400,3425,3355,3380,35097,0.0029673590504450953
2024-09-24,3365,3420,3360,3400,29469,0.00591715976331364
2024-09-25,3420,3445,3360,3365,58402,-0.010294117647058787
2024-09-26,3400,3430,3370,3415,19088,0.014858841010401136
2024-09-27,3415,3415,3370,3395,21298,-0.005856515373352855
2024-09-30,3390,3415,3350,3360,37259,-0.010309278350515427
2024-10-02,3340,3390,3320,3360,21748,0.0
2024-10-04,3360,3385,3335,3355,19765,-0.0014880952380952328
2024-10-07,3400,3400,3345,3355,12217,0.0
2024-10-08,3370,3370,3340,3360,14813,0.0014903129657228842
2024-10-10,3360,3360,3310,3320,26298,-0.011904761904761862
2024-10-11,3330,3330,3245,3265,40690,-0.016566265060240948
2024-10-14,3250,3270,3220,3230,16173,-0.01071975497702915
2024-10-15,3240,3320,3240,3305,25081,0.023219814241486114
2024-10-16,3305,3305,3240,3250,26997,-0.016641452344931973
2024-10-17,3280,3280,3190,3235,31147,-0.004615384615384577
2024-10-18,3245,3245,3190,3210,20812,-0.007727975270479082
2024-10-21,3210,3240,3185,3230,12903,0.006230529595015577
2024-10-22,3195,3230,3085,3120,56419,-0.034055727554179516
2024-10-23,3120,3205,3115,3190,29752,0.022435897435897356
2024-10-24,3190,3190,3090,3100,52834,-0.028213166144200663
2024-10-25,3120,3135,3065,3085,25886,-0.004838709677419395
2024-10-28,3065,3115,3025,3070,89412,-0.004862236628849326
2024-10-29,3090,3090,3045,3065,21721,-0.0016286644951140072
2024-10-30,3065,3360,3055,3155,656500,0.029363784665579207
2024-10-31,3175,3230,3130,3200,40876,0.014263074484944571
2024-11-01,3200,3280,3155,3235,43396,0.010937500000000044
2024-11-04,3235,3365,3230,3280,61913,0.01391035548686248
2024-11-05,3280,3310,3250,3310,17877,0.009146341463414531
2024-11-06,3305,3330,3220,3270,50845,-0.012084592145015116
2024-11-07,3305,3305,3200,3225,23092,-0.013761467889908285
2024-11-08,3240,3270,3200,3230,17644,0.0015503875968991832
2024-11-11,3200,3235,3135,3145,47039,-0.02631578947368418
2024-11-12,3145,3145,2970,3060,55866,-0.027027027027026973
2024-11-13,3060,3060,2980,2985,51288,-0.02450980392156865
2024-11-14,2980,3015,2830,2845,259177,-0.04690117252931325
2024-11-15,2875,2990,2790,2900,122686,0.019332161687170446
2024-11-18,2850,3015,2850,2935,153289,0.012068965517241459
2024-11-19,2980,3170,2935,3155,173969,0.07495741056218064
2024-11-20,3095,3145,3005,3025,71263,-0.04120443740095092
2024-11-21,3025,3050,2970,2980,39294,-0.014876033057851235
2024-11-22,3000,3080,2980,2985,35032,0.001677852348993314
2024-11-25,2995,3045,2990,3020,23130,0.011725293132328396
2024-11-26,3000,3060,2960,2975,36631,-0.01490066225165565
2024-11-27,2975,3000,2935,2950,35735,-0.008403361344537785
2024-11-28,2965,2965,2895,2915,32213,-0.011864406779661052
2024-11-29,2915,2930,2830,2875,36978,-0.013722126929674117
2024-12-02,2875,2910,2795,2810,62962,-0.022608695652173938
2024-12-03,2795,2840,2790,2810,87303,0.0
2024-12-04,2780,2790,2700,2760,54397,-0.017793594306049876
2024-12-05,2745,2760,2700,2710,54591,-0.018115942028985477
2024-12-06,2700,2735,2545,2615,196390,-0.035055350553505504
2024-12-09,2575,2600,2415,2480,139409,-0.05162523900573612
2024-12-10,2480,2640,2480,2620,74615,0.056451612903225756
2024-12-11,2615,2670,2600,2645,76141,0.009541984732824416
2024-12-12,2655,2675,2595,2645,45040,0.0
2024-12-13,2645,2720,2630,2695,46650,0.018903591682419618
2024-12-16,2695,2765,2695,2755,60395,0.02226345083487935
2024-12-17,2720,2780,2700,2770,39056,0.005444646098003547
2024-12-18,2735,2790,2730,2790,46017,0.0072202166064982976
2024-12-19,2770,2795,2720,2735,66112,-0.01971326164874554
2024-12-20,2725,2800,2675,2695,53732,-0.014625228519195566
2024-12-23,2700,2760,2695,2750,11354,0.020408163265306145
2024-12-24,2725,2785,2715,2745,25037,-0.0018181818181818299
2024-12-26,2745,2790,2705,2780,36397,0.012750455373406133
2024-12-27,2780,2780,2665,2705,26725,-0.026978417266187105
2024-12-30,2665,2770,2665,2730,10437,0.009242144177449063
2025-01-02,2720,2770,2700,2715,8372,-0.005494505494505475
2025-01-03,2755,2785,2705,2755,32113,0.014732965009208066
2025-01-06,2760,2805,2715,2800,59964,0.016333938294010864
2025-01-07,2795,2825,2750,2760,33271,-0.014285714285714235
2025-01-08,2760,2790,2750,2755,37302,-0.0018115942028985588
2025-01-09,2770,2785,2730,2775,33663,0.007259528130671544
2025-01-10,2755,2820,2755,2790,37937,0.00540540540540535
2025-01-13,2785,2790,2730,2735,20881,-0.01971326164874554
2025-01-14,2735,2770,2700,2730,21306,-0.001828153564899404
2025-01-15,2770,2775,2730,2740,16271,0.00366300366300365
2025-01-16,2755,2800,2740,2745,37423,0.0018248175182482562
2025-01-17,2740,2785,2725,2760,9048,0.005464480874316946
2025-01-20,2760,2780,2740,2745,27776,-0.005434782608695676
2025-01-21,2785,2785,2740,2770,10952,0.00910746812386165
2025-01-22,2770,2860,2705,2860,88706,0.032490974729241895
2025-01-23,2860,2860,2765,2780,44227,-0.027972027972028024
2025-01-24,2810,2810,2740,2750,25113,-0.010791366906474864
2025-01-31,2750,2770,2715,2735,24158,-0.00545454545454549
2025-02-03,2735,2735,2605,2645,138079,-0.03290676416819016
2025-02-04,2850,3130,2755,2825,913835,0.06805293005671076
2025-02-05,2880,2985,2855,2960,264874,0.04778761061946901
2025-02-06,2940,2950,2855,2940,84506,-0.006756756756756799
2025-02-07,2935,2950,2875,2930,60513,-0.003401360544217691
2025-02-10,2940,2985,2860,2955,125117,0.008532423208191142
2025-02-11,2920,2965,2860,2880,130108,-0.025380710659898442
2025-02-12,2870,2925,2780,2820,134114,-0.02083333333333337
2025-02-13,2820,2865,2800,2850,41946,0.010638297872340496
2025-02-14,2870,2880,2830,2860,22005,0.0035087719298245723
2025-02-17,2860,2890,2840,2850,23740,-0.0034965034965035446
2025-02-18,2850,2890,2830,2855,57154,0.0017543859649122862
2025-02-19,2930,3170,2920,3045,904536,0.06654991243432584
2025-02-20,3010,3040,2990,3020,79474,-0.008210180623973717
2025-02-21,3160,3160,3055,3055,177936,0.011589403973509826
2025-02-24,3050,3120,3050,3085,59585,0.009819967266775809
2025-02-25,3070,3255,2960,3020,400794,-0.021069692058346856
2025-02-26,2975,3055,2975,3035,49270,0.004966887417218624
2025-02-27,3070,3320,3035,3100,1223419,0.021416803953871577
2025-02-28,3055,3070,2965,2990,131848,-0.03548387096774197
2025-03-04,3010,3075,2930,3025,152068,0.0117056856187292
2025-03-05,3025,3165,3025,3145,102306,0.03966942148760322
2025-03-06,3160,3190,3105,3180,117004,0.0111287758346581
2025-03-07,3170,3260,3150,3215,170728,0.011006289308176154
2025-03-10,3260,3310,3215,3290,130237,0.023328149300155587
2025-03-11,3260,3320,3155,3300,123395,0.003039513677811634
2025-03-12,3285,3350,3265,3305,104674,0.0015151515151514694
2025-03-13,3280,3330,3180,3230,228430,-0.0226928895612708
2025-03-14,3225,3230,3165,3170,73124,-0.018575851393188847
2025-03-17,3170,3200,3110,3125,66422,-0.014195583596214534
2025-03-18,3115,3170,3065,3100,55199,-0.008000000000000007
2025-03-19,3120,3245,3115,3190,146722,0.029032258064516148
2025-03-20,3250,3250,3170,3180,72164,-0.0031347962382445305
2025-03-21,3190,3190,3105,3105,52946,-0.02358490566037741
2025-03-24,3100,3140,3030,3075,54109,-0.009661835748792313
2025-03-25,3130,3130,3065,3090,36979,0.004878048780487809
2025-03-26,3120,3140,3065,3080,21937,-0.003236245954692518
2025-03-27,3075,3115,3055,3065,18934,-0.004870129870129913
2025-03-28,3055,3105,3015,3030,37982,-0.011419249592169667
2025-03-31,3030,3040,2915,2935,41801,-0.031353135313531344
2025-04-01,2910,3040,2910,3010,31253,0.02555366269165238
2025-04-02,3010,3025,2970,2995,18468,-0.004983388704318914
2025-04-03,2945,3090,2940,2980,68597,-0.005008347245408995
2025-04-04,2980,3085,2940,3015,45689,0.011744966442952975
2025-04-07,2955,2980,2840,2905,142197,-0.036484245439469265
2025-04-08,2915,3040,2910,2965,125811,0.0206540447504302
2025-04-09,2960,2990,2850,2880,190430,-0.028667790893760592
2025-04-10,2955,3130,2940,3105,78528,0.078125
2025-04-11,3050,3100,3010,3030,39465,-0.024154589371980673
2025-04-14,3025,3090,3025,3070,18127,0.013201320132013139
2025-04-15,3085,3110,3075,3090,44516,0.006514657980456029
2025-04-16,3125,3130,3010,3060,32211,-0.009708737864077666
2025-04-17,3060,3075,3025,3065,16467,0.0016339869281045694
2025-04-18,3100,3130,3075,3110,51610,0.014681892332789603
2025-04-21,3110,3140,3085,3110,19584,0.0
2025-04-22,3110,3140,3090,3140,28705,0.009646302250803762
2025-04-23,3225,3225,3115,3140,46514,0.0
2025-04-24,3155,3165,3100,3120,35899,-0.006369426751592355
2025-04-25,3125,3160,3110,3135,21428,0.004807692307692291
2025-04-28,3135,3145,3105,3130,39705,-0.0015948963317384823
2025-04-29,3130,3160,3095,3140,24290,0.0031948881789136685
2025-04-30,3175,3175,3055,3125,31335,-0.004777070063694322
2025-05-02,3120,3120,3065,3090,16691,-0.011199999999999988
2025-05-07,3090,3130,3075,3100,5032,0.003236245954692629
2025-05-08,3100,3115,3040,3095,30099,-0.001612903225806428
2025-05-09,3095,3100,3040,3085,16572,-0.003231017770597755
2025-05-12,3080,3100,3060,3090,28754,0.0016207455429497752
2025-05-13,3090,3095,3055,3095,20962,0.0016181229773462036
2025-05-14,3095,3110,3065,3095,55904,0.0
2025-05-15,3095,3095,3045,3060,61204,-0.011308562197092087
2025-05-16,3035,3070,2975,2990,65968,-0.022875816993464082
