Date,Open,High,Low,Close,Volume,Change
2022-01-03,72700,73300,71900,72800,41255,0.0027548209366390353
2022-01-04,73200,74300,72100,74000,103319,0.016483516483516425
2022-01-05,74600,75800,71300,71400,116893,-0.03513513513513511
2022-01-06,69900,72400,69600,69700,85302,-0.023809523809523836
2022-01-07,70000,70700,69500,69700,54140,0.0
2022-01-10,69500,69500,63800,64400,205983,-0.07604017216642756
2022-01-11,64400,65500,60300,61400,188980,-0.04658385093167705
2022-01-12,62800,62800,61200,62200,87882,0.013029315960912058
2022-01-13,62900,62900,61000,61400,67852,-0.012861736334405127
2022-01-14,60400,61900,59900,61400,46823,0.0
2022-01-17,61400,62000,60600,61500,49881,0.0016286644951140072
2022-01-18,62100,62100,58700,59400,57677,-0.034146341463414664
2022-01-19,58100,59200,57000,58100,65229,-0.02188552188552184
2022-01-20,57100,60000,57100,59700,59309,0.027538726333907082
2022-01-21,58700,59000,57700,58000,43116,-0.028475711892797295
2022-01-24,57900,59000,56400,56600,73916,-0.024137931034482807
2022-01-25,56800,57500,54000,55200,82539,-0.02473498233215543
2022-01-26,55600,55600,53500,54200,58712,-0.018115942028985477
2022-01-27,53800,54300,51100,51800,102137,-0.044280442804428
2022-01-28,51900,53300,50500,52800,76573,0.019305019305019266
2022-02-03,54300,55500,53600,55200,65201,0.045454545454545414
2022-02-04,54500,55500,54100,55000,35660,-0.0036231884057971175
2022-02-07,55300,55300,53600,54300,38090,-0.012727272727272698
2022-02-08,54500,56400,54200,55000,42849,0.012891344383057168
2022-02-09,54800,56200,54700,56200,36733,0.021818181818181737
2022-02-10,57100,57100,54500,54600,39849,-0.028469750889679735
2022-02-11,53600,54600,52200,53200,50113,-0.02564102564102566
2022-02-14,51400,53700,51400,51700,41482,-0.02819548872180455
2022-02-15,51700,52600,50500,50800,37994,-0.01740812379110257
2022-02-16,52500,54900,51400,54800,57299,0.07874015748031504
2022-02-17,54200,55200,53000,53400,49439,-0.025547445255474477
2022-02-18,53000,53600,51800,53100,45772,-0.005617977528089901
2022-02-21,52500,53000,51300,52500,60955,-0.011299435028248594
2022-02-22,51200,51900,50600,50700,46469,-0.03428571428571425
2022-02-23,51300,51600,50900,51600,18261,0.01775147928994092
2022-02-24,51100,51300,48150,48450,116262,-0.061046511627906974
2022-02-25,49550,50600,49150,50200,45980,0.03611971104231171
2022-02-28,49350,50600,48750,49200,71632,-0.019920318725099584
2022-03-02,49200,49900,48900,49850,46052,0.013211382113821113
2022-03-03,49800,50500,49750,50100,49114,0.005015045135406293
2022-03-04,49950,50100,49100,49350,47946,-0.014970059880239472
2022-03-07,48900,48900,47100,47500,76625,-0.037487335359675744
2022-03-08,46900,47000,46250,46500,42603,-0.021052631578947323
2022-03-10,46950,49000,46950,48550,76308,0.04408602150537644
2022-03-11,48000,48150,47500,47900,25583,-0.013388259526261548
2022-03-14,47950,48050,45900,46400,48565,-0.03131524008350728
2022-03-15,45500,46150,44550,45000,61279,-0.030172413793103425
2022-03-16,46000,47450,46000,47100,59455,0.046666666666666634
2022-03-17,47500,48400,47300,48300,59881,0.02547770700636942
2022-03-18,49500,49550,48350,48650,47993,0.007246376811594235
2022-03-21,48700,49150,46900,47000,43900,-0.03391572456320657
2022-03-22,47500,52700,47500,50000,263171,0.06382978723404253
2022-03-23,51400,52900,50600,51900,168054,0.038000000000000034
2022-03-24,51400,51900,50200,51500,84930,-0.0077071290944122905
2022-03-25,52900,53300,51500,51600,98823,0.001941747572815622
2022-03-28,52000,53400,51000,53300,89034,0.032945736434108586
2022-03-29,54500,55700,53500,55700,153302,0.045028142589118136
2022-03-30,56200,56800,54900,55300,87008,-0.007181328545781018
2022-03-31,55000,55800,54700,55200,47710,-0.001808318264014508
2022-04-01,55000,55600,53800,55400,59530,0.0036231884057971175
2022-04-04,55500,56100,54600,55600,40151,0.0036101083032491488
2022-04-05,55600,56200,54700,54900,36869,-0.01258992805755399
2022-04-06,54400,54400,52200,52600,82589,-0.041894353369763215
2022-04-07,52000,54300,51500,53700,56587,0.02091254752851701
2022-04-08,53500,54700,52300,54500,45420,0.014897579143389184
2022-04-11,54000,55500,53300,54300,53061,-0.003669724770642202
2022-04-12,53400,54000,52700,53300,31377,-0.018416206261510082
2022-04-13,53300,54000,53100,53500,17173,0.0037523452157599557
2022-04-14,53900,53900,52400,52500,24475,-0.01869158878504673
2022-04-15,52100,52200,50800,51200,36858,-0.024761904761904763
2022-04-18,50700,51800,50600,51200,20605,0.0
2022-04-19,51100,52700,51100,52500,24678,0.025390625
2022-04-20,52000,52400,51500,51600,15010,-0.017142857142857126
2022-04-21,52100,52400,51200,51200,16482,-0.007751937984496138
2022-04-22,50700,50800,49050,49200,85715,-0.0390625
2022-04-25,48050,48850,47500,47800,38737,-0.028455284552845517
2022-04-26,47700,49500,47500,48900,34047,0.023012552301255207
2022-04-27,47450,47900,46850,47150,40273,-0.03578732106339466
2022-04-28,47850,48050,46450,47800,36626,0.01378579003181346
2022-04-29,47500,48250,47150,48250,33666,0.009414225941422494
2022-05-02,46950,47800,46350,46750,54791,-0.031088082901554404
2022-05-03,47100,47550,46500,46500,33628,-0.005347593582887722
2022-05-04,46450,46600,45500,45600,39485,-0.01935483870967747
2022-05-06,45300,45450,44150,44150,54864,-0.0317982456140351
2022-05-09,43900,43950,41050,41300,110663,-0.0645526613816535
2022-05-10,39650,40850,39200,40650,82133,-0.0157384987893463
2022-05-11,39850,40900,39550,40900,38843,0.006150061500614923
2022-05-12,39950,39950,37600,37900,98051,-0.07334963325183375
2022-05-13,38450,39800,38400,39200,40809,0.03430079155672816
2022-05-16,39700,40700,39250,39500,39621,0.007653061224489832
2022-05-17,39500,40550,39000,40350,21770,0.021518987341772045
2022-05-18,40750,40850,39400,39900,40405,-0.01115241635687736
2022-05-19,37950,38850,37700,38100,68503,-0.045112781954887216
2022-05-20,37900,39000,37900,38850,33306,0.019685039370078705
2022-05-23,38850,39200,38400,39000,44504,0.0038610038610038533
2022-05-24,39050,39050,37400,37600,47760,-0.03589743589743588
2022-05-25,37650,38300,37200,37750,41732,0.003989361702127603
2022-05-26,37750,39500,37050,37250,106004,-0.013245033112582738
2022-05-27,37650,38150,37050,37450,34851,0.005369127516778427
2022-05-30,37900,38450,37600,38200,61539,0.020026702269692942
2022-05-31,38250,38500,37800,38050,59860,-0.003926701570680646
2022-06-02,37800,38350,37200,38100,69196,0.0013140604467805073
2022-06-03,38200,38950,37600,37850,55893,-0.006561679790026198
2022-06-07,37850,37850,37100,37400,44394,-0.011889035667106973
2022-06-08,37400,37800,37100,37200,29139,-0.005347593582887722
2022-06-09,37000,37250,35900,36250,68344,-0.025537634408602128
2022-06-10,36050,36400,34750,35650,102823,-0.016551724137931045
2022-06-13,34600,34650,32950,33150,119540,-0.07012622720897621
2022-06-14,32450,34800,31400,33750,144292,0.018099547511312153
2022-06-15,33300,33900,32000,32450,71157,-0.03851851851851851
2022-06-16,32800,34000,32100,32600,42854,0.0046224961479199855
2022-06-17,31500,33300,31450,32850,45439,0.0076687116564417845
2022-06-20,32850,33350,30000,31200,104465,-0.05022831050228316
2022-06-21,30800,31700,30600,31200,45658,0.0
2022-06-22,31750,31750,29400,30050,65976,-0.03685897435897434
2022-06-23,29900,31400,29800,30800,79008,0.024958402662229595
2022-06-24,30650,31800,30650,31550,41830,0.024350649350649345
2022-06-27,31600,32200,30300,31950,71574,0.01267828843106189
2022-06-28,31400,32250,31150,32000,29150,0.0015649452269170805
2022-06-29,31500,31800,30850,31050,30424,-0.029687499999999978
2022-06-30,30850,32900,30850,31700,54836,0.02093397745571668
2022-07-01,31900,32050,29950,30050,45790,-0.05205047318611988
2022-07-04,30150,31950,29750,31250,57045,0.03993344425956735
2022-07-05,31350,33100,31300,32450,68096,0.03839999999999999
2022-07-06,32450,33150,31600,32000,50150,-0.013867488443759624
2022-07-07,32050,33650,31850,33350,70852,0.042187500000000044
2022-07-08,33450,33700,32350,32800,67650,-0.016491754122938573
2022-07-11,32650,33200,31800,32500,31207,-0.009146341463414642
2022-07-12,32050,32550,31400,31700,29851,-0.024615384615384595
2022-07-13,32200,32300,31050,31700,34268,0.0
2022-07-14,31100,31700,30500,31200,35392,-0.01577287066246058
2022-07-15,31250,31550,30450,31200,27983,0.0
2022-07-18,31450,32450,31350,32400,35643,0.03846153846153855
2022-07-19,32100,32400,31700,32300,20132,-0.0030864197530864335
2022-07-20,32800,33500,32500,32750,39038,0.01393188854489158
2022-07-21,32500,33150,32500,32900,19381,0.004580152671755711
2022-07-22,33000,33100,31800,31800,26094,-0.033434650455927084
2022-07-25,31350,32600,31250,32500,22843,0.022012578616352307
2022-07-26,31800,32700,31800,32400,16541,-0.003076923076923088
2022-07-27,32400,33000,32100,32950,24521,0.016975308641975273
2022-07-28,33350,33800,32700,33000,38001,0.0015174506828528056
2022-07-29,33650,34300,33150,33350,40229,0.010606060606060508
2022-08-01,33350,33750,33000,33250,25657,-0.0029985007496251548
2022-08-02,33200,33350,32800,33300,16655,0.0015037593984963404
2022-08-03,33050,34900,33000,34500,47989,0.03603603603603611
2022-08-04,34500,35250,33750,34550,55104,0.0014492753623187582
2022-08-05,34100,35400,34050,35100,38863,0.01591895803183796
2022-08-08,35000,35000,34100,34450,38259,-0.01851851851851849
2022-08-09,34500,36000,34200,35150,90204,0.020319303338171224
2022-08-10,35600,36200,33600,34050,125385,-0.031294452347083945
2022-08-11,34600,35200,34350,34750,40524,0.0205580029368575
2022-08-12,35250,35500,34500,35150,44004,0.011510791366906581
2022-08-16,35150,35750,34650,35400,58470,0.007112375533428139
2022-08-17,35150,35500,33650,33950,66925,-0.04096045197740117
2022-08-18,33950,33950,32300,32450,76267,-0.044182621502209085
2022-08-19,32450,32500,31350,31950,56621,-0.015408320493066285
2022-08-22,31850,31850,30550,30650,72488,-0.04068857589984354
2022-08-23,30100,31050,30100,30250,52348,-0.013050570962479635
2022-08-24,30400,30650,30000,30150,39772,-0.0033057851239669533
2022-08-25,30100,31500,30100,31200,42078,0.03482587064676612
2022-08-26,31400,31450,30950,31050,24483,-0.004807692307692291
2022-08-29,30100,30200,29600,29700,85403,-0.04347826086956519
2022-08-30,29700,30800,29700,30750,35509,0.03535353535353525
2022-08-31,30200,31450,30050,31000,38737,0.008130081300812941
2022-09-01,30700,30750,29750,29800,43123,-0.03870967741935483
2022-09-02,29900,34700,29600,31550,475935,0.0587248322147651
2022-09-05,31400,31400,29750,29800,107817,-0.05546751188589538
2022-09-06,29950,30300,29650,29700,55520,-0.003355704697986628
2022-09-07,29700,29700,28800,29100,56329,-0.02020202020202022
2022-09-08,29300,30550,29300,29950,50347,0.029209621993127044
2022-09-13,30750,31500,30700,31450,50050,0.05008347245409017
2022-09-14,30100,30650,29800,30500,33257,-0.030206677265500748
2022-09-15,30900,31000,30200,30200,24517,-0.00983606557377048
2022-09-16,29950,30200,29600,29650,32553,-0.018211920529801362
2022-09-19,29950,30050,29000,29050,32386,-0.0202360876897133
2022-09-20,29300,29800,28100,29250,25427,0.0068846815834766595
2022-09-21,29000,29450,28700,29150,31970,-0.0034188034188034067
2022-09-22,28550,28850,27700,28600,55097,-0.018867924528301883
2022-09-23,28500,28850,27600,27600,35750,-0.034965034965035
2022-09-26,27250,27400,25800,26500,70436,-0.03985507246376807
2022-09-27,26500,26950,25500,26350,44997,-0.005660377358490565
2022-09-28,25950,26200,24500,25150,51522,-0.04554079696394686
2022-09-29,25350,26450,25300,25500,46039,0.013916500994035852
2022-09-30,25000,25600,24900,25500,20348,0.0
2022-10-04,25900,26800,25900,26800,22717,0.050980392156862786
2022-10-05,27300,27300,26050,26050,47144,-0.027985074626865725
2022-10-06,26050,26700,26000,26550,15119,0.019193857965451144
2022-10-07,26050,26250,25550,25550,18680,-0.03766478342749524
2022-10-11,24850,25900,24300,24900,29586,-0.025440313111546042
2022-10-12,24600,25600,23950,25300,23297,0.016064257028112428
2022-10-13,25500,25500,24150,24250,29399,-0.04150197628458496
2022-10-14,24800,25300,24650,25300,17823,0.04329896907216502
2022-10-17,24800,25150,24150,24800,11744,-0.01976284584980237
2022-10-18,25100,26100,25100,26100,22310,0.05241935483870974
2022-10-19,25850,26550,25550,25650,17216,-0.017241379310344862
2022-10-20,25300,25750,25050,25250,16866,-0.015594541910331383
2022-10-21,24600,25450,24550,25050,9111,-0.007920792079207928
2022-10-24,25400,26300,25400,26300,23526,0.04990019960079839
2022-10-25,25750,26550,25650,25950,11707,-0.013307984790874472
2022-10-26,25700,26400,25700,26000,17249,0.0019267822736031004
2022-10-27,25750,27500,25750,27000,40338,0.03846153846153855
2022-10-28,27000,27450,26550,26700,19406,-0.011111111111111072
2022-10-31,26900,27300,26550,27200,11417,0.01872659176029967
2022-11-01,27300,27500,26850,27200,16546,0.0
2022-11-02,26950,27300,26650,27250,17457,0.0018382352941177516
2022-11-03,26500,27200,26500,26650,10883,-0.022018348623853212
2022-11-04,26450,26850,26200,26650,15206,0.0
2022-11-07,26900,27250,26350,27050,10973,0.015009380863039379
2022-11-08,26800,27600,26700,27500,25014,0.01663585951940849
2022-11-09,28300,28300,27200,27200,26078,-0.010909090909090868
2022-11-10,26350,27150,26300,26700,21902,-0.018382352941176516
2022-11-11,27600,28750,27300,28600,83192,0.07116104868913853
2022-11-14,28650,30900,28250,29000,146035,0.013986013986013957
2022-11-15,29200,29950,28750,29750,40699,0.02586206896551735
2022-11-16,30300,31500,29650,31250,86507,0.050420168067226934
2022-11-17,30950,31200,30450,30500,41392,-0.02400000000000002
2022-11-18,30050,31150,30050,30350,31053,-0.004918032786885296
2022-11-21,30350,30350,29600,29900,35298,-0.014827018121911006
2022-11-22,29900,31600,29850,30750,51509,0.028428093645485042
2022-11-23,30650,31950,30650,31450,47084,0.02276422764227637
2022-11-24,31500,31900,31100,31300,27685,-0.004769475357710662
2022-11-25,31300,32400,30750,32050,43376,0.023961661341852958
2022-11-28,32500,32500,30950,31000,38274,-0.032761310452418146
2022-11-29,31000,31700,30900,31300,18113,0.00967741935483879
2022-11-30,31350,31400,30900,31400,18361,0.0031948881789136685
2022-12-01,32150,32450,31650,31800,35441,0.01273885350318471
2022-12-02,31500,32050,30700,31600,28862,-0.0062893081761006275
2022-12-05,31950,31950,31450,31700,24170,0.0031645569620253333
2022-12-06,31400,31650,31100,31500,32163,-0.006309148264984188
2022-12-07,31100,31850,31050,31450,23900,-0.0015873015873015817
2022-12-08,31550,31900,31100,31100,44178,-0.011128775834658211
2022-12-09,31200,32150,30850,31400,42162,0.009646302250803762
2022-12-12,31400,31750,31000,31100,19088,-0.009554140127388533
2022-12-13,31400,31400,30300,30300,63485,-0.025723472668810254
2022-12-14,30450,31400,30300,31350,23216,0.034653465346534684
2022-12-15,31100,31400,30750,30850,18313,-0.01594896331738438
2022-12-16,30450,30450,29900,30350,30926,-0.01620745542949753
2022-12-19,30650,30900,30050,30650,16648,0.009884678747940745
2022-12-20,30150,30600,30000,30000,26029,-0.021207177814029365
2022-12-21,30450,30750,30000,30100,21319,0.0033333333333334103
2022-12-22,30100,30650,30100,30600,21866,0.01661129568106312
2022-12-23,30250,30350,29700,30000,22572,-0.019607843137254943
2022-12-26,29750,31900,29450,31600,40307,0.05333333333333323
2022-12-27,31850,33900,31850,33650,140935,0.06487341772151889
2022-12-28,34100,34300,33050,33200,96627,-0.013372956909361022
2022-12-29,33300,33400,32150,32750,53378,-0.013554216867469826
2023-01-02,32750,33150,30500,30550,53010,-0.06717557251908401
2023-01-03,30450,30950,29200,29750,62692,-0.026186579378068786
2023-01-04,29200,30200,29200,30200,50012,0.015126050420168013
2023-01-05,30000,30450,29700,29700,43406,-0.01655629139072845
2023-01-06,29700,30900,29500,30650,46640,0.03198653198653201
2023-01-09,31000,31700,31000,31650,40224,0.03262642740619892
2023-01-10,31650,31800,31100,31200,29612,-0.014218009478673022
2023-01-11,31500,32200,31500,31600,32281,0.012820512820512775
2023-01-12,31750,32600,31600,31600,41091,0.0
2023-01-13,31400,33300,31350,32750,91900,0.03639240506329111
2023-01-16,33050,33500,32350,32700,40859,-0.0015267175572518665
2023-01-17,32750,33300,31500,31650,63457,-0.032110091743119296
2023-01-18,31600,32500,31300,32100,52948,0.014218009478673022
2023-01-19,31950,32250,31250,32200,41442,0.0031152647975076775
2023-01-20,32450,34950,32100,34400,287130,0.06832298136645965
2023-01-25,34900,35100,34150,34900,106394,0.014534883720930258
2023-01-26,35150,35750,33300,33800,151625,-0.03151862464183386
2023-01-27,33850,34600,33450,34150,121148,0.010355029585798814
2023-01-30,33800,34300,32700,32950,77740,-0.03513909224011713
2023-01-31,32550,33500,32500,33250,56826,0.009104704097116834
2023-02-01,33350,34500,33250,33600,67589,0.010526315789473717
2023-02-02,34100,36400,34000,35750,185013,0.06398809523809534
2023-02-03,35850,36350,34700,35900,131586,0.00419580419580412
2023-02-06,35200,35300,33800,34600,137034,-0.03621169916434541
2023-02-07,34400,35750,34100,35600,85843,0.028901734104046284
2023-02-08,35700,38900,35150,37800,241895,0.061797752808988804
2023-02-09,37950,38000,36350,37000,142388,-0.021164021164021163
2023-02-10,36850,36950,35200,35250,76309,-0.04729729729729726
2023-02-13,35000,35000,32700,32750,263137,-0.07092198581560283
2023-02-14,33100,33200,32100,32250,164192,-0.01526717557251911
2023-02-15,32300,32650,30850,31000,116772,-0.03875968992248058
2023-02-16,31450,33500,31400,31800,217832,0.02580645161290329
2023-02-17,31450,32500,30950,31600,84247,-0.0062893081761006275
2023-02-20,31450,32700,31450,32200,107842,0.018987341772152
2023-02-21,32250,33150,31700,32400,117566,0.006211180124223503
2023-02-22,32200,32200,31200,31450,78219,-0.029320987654321007
2023-02-23,31450,32400,31450,31650,78188,0.006359300476947549
2023-02-24,31600,32850,31450,31700,135734,0.0015797788309637184
2023-02-27,31200,31800,30750,31600,67074,-0.003154574132492094
2023-02-28,32000,32650,31650,31750,102009,0.004746835443038
2023-03-02,31850,32150,31300,31400,65149,-0.011023622047244053
2023-03-03,31500,32350,31450,31850,67455,0.014331210191082855
2023-03-06,32000,32150,31350,32000,61720,0.0047095761381474865
2023-03-07,32000,32000,31250,31700,73024,-0.009375000000000022
2023-03-08,31400,31450,30950,31300,58988,-0.012618296529968487
2023-03-09,31300,31900,30850,31200,62009,-0.0031948881789137795
2023-03-10,30500,30700,29350,29400,117884,-0.05769230769230771
2023-03-13,29050,29600,28350,29550,57327,0.005102040816326481
2023-03-14,29300,29300,27750,27800,99818,-0.05922165820642977
2023-03-15,28450,28900,27450,27900,82841,0.003597122302158251
2023-03-16,27550,28400,26600,28350,65159,0.016129032258064502
2023-03-17,29150,29500,28650,28900,38298,0.01940035273368612
2023-03-20,29600,29600,28650,28900,42288,0.0
2023-03-21,28900,29150,28500,28550,31800,-0.01211072664359858
2023-03-22,28850,29250,28550,29150,35864,0.021015761821365997
2023-03-23,28450,28850,27950,28050,81891,-0.037735849056603765
2023-03-24,28100,28300,27600,28150,53858,0.0035650623885918886
2023-03-27,28200,28750,27400,28550,47827,0.014209591474245054
2023-03-28,28550,28900,28050,28400,44586,-0.005253940455341555
2023-03-29,28850,28850,28050,28550,46551,0.005281690140845008
2023-03-30,28950,28950,28250,28650,64901,0.003502626970227629
2023-03-31,28650,29000,28350,28900,42175,0.008726003490401313
2023-04-03,28950,29400,28600,28900,45272,0.0
2023-04-04,29200,30150,28800,30050,86206,0.03979238754325265
2023-04-05,30100,30150,29500,29850,63226,-0.006655574043261225
2023-04-06,29850,30100,28900,29500,74779,-0.011725293132328285
2023-04-07,30300,30450,29850,29850,54296,0.011864406779660941
2023-04-10,29800,29850,29100,29200,56148,-0.021775544388609736
2023-04-11,29200,29900,29050,29750,49203,0.018835616438356073
2023-04-12,29800,30300,29300,30200,46190,0.015126050420168013
2023-04-13,29950,30250,29350,30050,41698,-0.004966887417218513
2023-04-14,30050,32350,30000,31900,284605,0.061564059900166335
2023-04-17,32100,32100,30950,31000,80294,-0.028213166144200663
2023-04-18,31000,31050,30150,30150,53156,-0.02741935483870972
2023-04-19,30150,30600,29850,29900,48886,-0.008291873963515717
2023-04-20,30200,30200,28700,28850,87740,-0.03511705685618727
2023-04-21,28750,29300,28200,28950,71402,0.0034662045060658286
2023-04-24,28850,29100,28400,28850,43845,-0.003454231433506094
2023-04-25,28850,29050,28150,28400,61148,-0.01559792027729634
2023-04-26,28200,28800,27850,28500,28359,0.0035211267605634866
2023-04-27,28500,28850,27700,27900,49114,-0.021052631578947323
2023-04-28,28000,29000,27900,28350,54278,0.016129032258064502
2023-05-02,28600,29300,28100,29150,37067,0.02821869488536155
2023-05-03,29000,29150,28550,29050,45172,-0.0034305317324184736
2023-05-04,28750,29200,28350,28400,28932,-0.022375215146299476
2023-05-08,28500,29050,28300,29050,20187,0.022887323943661997
2023-05-09,29100,29100,28150,28400,33716,-0.022375215146299476
2023-05-10,28550,28700,27950,28150,24904,-0.008802816901408494
2023-05-11,28350,28900,28150,28500,35965,0.01243339253996445
2023-05-12,28250,28300,27800,28000,24314,-0.01754385964912286
2023-05-15,27700,28300,27700,28250,27426,0.008928571428571397
2023-05-16,28450,28450,26850,26900,68659,-0.04778761061946901
2023-05-17,26900,27550,26450,27300,31096,0.014869888475836479
2023-05-18,27150,27700,26600,27150,84490,-0.005494505494505475
2023-05-19,27500,28250,27350,28250,42286,0.04051565377532218
2023-05-22,28300,29000,28200,28700,31486,0.015929203539823078
2023-05-23,28600,29100,28450,28900,34520,0.006968641114982521
2023-05-24,28750,28950,28350,28550,23687,-0.01211072664359858
2023-05-25,28650,29000,28150,28700,31702,0.005253940455341555
2023-05-26,28550,28900,28150,28350,20956,-0.012195121951219523
2023-05-30,28300,29050,28300,28950,33868,0.021164021164021163
2023-05-31,29050,29150,28400,28750,23961,-0.006908462867012077
2023-06-01,28550,28850,28150,28500,25476,-0.008695652173912993
2023-06-02,28350,28850,28350,28400,25170,-0.0035087719298245723
2023-06-05,28400,28650,28200,28450,24587,0.0017605633802817433
2023-06-07,28300,28950,28300,28400,35873,-0.0017574692442882123
2023-06-08,28450,28550,27500,27950,73880,-0.015845070422535246
2023-06-09,27800,28150,27650,27900,38873,-0.0017889087656529634
2023-06-12,27900,27900,26950,27100,43845,-0.028673835125448077
2023-06-13,27200,27500,26800,26950,34481,-0.005535055350553542
2023-06-14,27000,27000,26050,26100,69668,-0.03153988868274582
2023-06-15,26100,26400,25450,25550,64574,-0.021072796934865856
2023-06-16,25800,26350,25450,26250,43853,0.027397260273972712
2023-06-19,26100,26200,25500,25750,40257,-0.01904761904761909
2023-06-20,25500,25900,25100,25550,40244,-0.007766990291262155
2023-06-21,25350,25350,25000,25000,35517,-0.021526418786692814
2023-06-22,25000,25400,24800,25250,25714,0.010000000000000009
2023-06-23,25250,25350,24750,24800,38825,-0.017821782178217838
2023-06-26,24800,25800,24400,25400,62874,0.024193548387096753
2023-06-27,25450,25550,24950,24950,32329,-0.017716535433070835
2023-06-28,24950,26050,24700,25850,70766,0.03607214428857719
2023-06-29,26400,27100,25550,26100,160456,0.009671179883945946
2023-06-30,26550,26550,23900,25400,138418,-0.026819923371647514
2023-07-03,25200,25550,24750,24800,69578,-0.023622047244094446
2023-07-04,24800,24850,24000,24450,69296,-0.014112903225806495
2023-07-05,24450,24650,23700,23750,82025,-0.02862985685071573
2023-07-06,23800,23800,22800,22850,88319,-0.037894736842105314
2023-07-07,22500,22950,22200,22300,54909,-0.024070021881838044
2023-07-10,22300,23750,21950,22950,83231,0.029147982062780242
2023-07-11,23150,24700,23150,24000,90878,0.045751633986928164
2023-07-12,23800,24250,23400,24050,41397,0.002083333333333437
2023-07-13,24500,24500,23800,24000,32224,-0.0020790020790020236
2023-07-14,24250,24300,23650,23750,38024,-0.01041666666666663
2023-07-17,23250,24000,23050,23900,33472,0.006315789473684275
2023-07-18,23650,24200,22950,23000,60334,-0.03765690376569042
2023-07-19,23150,23450,22900,23400,42008,0.017391304347825987
2023-07-20,23450,23600,23050,23550,35641,0.0064102564102563875
2023-07-21,23150,24650,23150,24350,78240,0.03397027600849256
2023-07-24,24000,24750,23300,24050,110123,-0.012320328542094416
2023-07-25,23700,24250,22700,22700,94911,-0.05613305613305608
2023-07-26,22700,22900,20700,21300,262102,-0.06167400881057272
2023-07-27,21350,23000,21350,23000,90367,0.07981220657277
2023-07-28,23350,24450,22400,24150,139578,0.050000000000000044
2023-07-31,24150,24750,23350,24050,59316,-0.0041407867494823725
2023-08-01,23800,25400,23650,25000,82450,0.03950103950103956
2023-08-02,24750,25350,24300,24650,56745,-0.014000000000000012
2023-08-03,24300,24800,24000,24650,34904,0.0
2023-08-04,24250,24650,24100,24550,23007,-0.0040567951318458695
2023-08-07,24300,25300,24100,25000,39030,0.018329938900203624
2023-08-08,25250,25450,24550,24650,34256,-0.014000000000000012
2023-08-09,24400,24600,24150,24350,25029,-0.012170385395537497
2023-08-10,24100,24650,23800,24550,33509,0.008213552361396204
2023-08-11,24150,24650,24050,24250,25083,-0.012219959266802416
2023-08-14,24250,25400,24050,25350,52913,0.0453608247422681
2023-08-16,24950,24950,22950,23500,92486,-0.07297830374753456
2023-08-17,23250,23550,22650,23100,29483,-0.017021276595744705
2023-08-18,22550,23000,22450,23000,30596,-0.0043290043290042934
2023-08-21,23000,23950,22850,23150,41054,0.006521739130434856
2023-08-22,23000,23750,22500,22650,31263,-0.021598272138228958
2023-08-23,22350,23400,22050,22300,41460,-0.015452538631346546
2023-08-24,22750,23000,22450,22750,25601,0.020179372197309364
2023-08-25,22700,22850,22200,22500,29578,-0.01098901098901095
2023-08-28,22600,23000,22200,22300,42584,-0.008888888888888835
2023-08-29,22350,22700,22250,22500,40321,0.008968609865470878
2023-08-30,22850,23000,22500,22650,48758,0.006666666666666599
2023-08-31,22550,22900,22250,22250,45455,-0.017660044150110354
2023-09-01,22250,22350,21700,21950,54021,-0.013483146067415741
2023-09-04,22000,22100,21650,22050,23330,0.004555808656036442
2023-09-05,21850,22550,21650,22100,62584,0.0022675736961450532
2023-09-06,22100,22150,21000,21100,86068,-0.04524886877828049
2023-09-07,20750,21000,20650,20850,49590,-0.011848341232227444
2023-09-08,21150,21150,20550,20850,45481,0.0
2023-09-11,21050,21100,20550,21050,38562,0.00959232613908867
2023-09-12,21050,21450,20700,20800,40875,-0.01187648456057011
2023-09-13,20850,20950,19840,20250,74488,-0.02644230769230771
2023-09-14,20100,20750,20100,20550,53354,0.014814814814814836
2023-09-15,20400,21050,20400,20950,43474,0.019464720194647178
2023-09-18,20700,20800,20150,20350,38227,-0.02863961813842486
2023-09-19,20350,20650,20300,20450,16051,0.004914004914004844
2023-09-20,20550,20750,20250,20700,34879,0.012224938875305513
2023-09-21,20700,20700,19840,20100,50282,-0.02898550724637683
2023-09-22,20000,20200,19840,19950,22019,-0.007462686567164201
2023-09-25,20000,20050,19450,19580,33626,-0.018546365914786977
2023-09-26,19580,19580,19140,19250,30725,-0.016853932584269704
2023-09-27,19020,19810,19020,19660,26159,0.021298701298701372
2023-10-04,19520,19780,19110,19780,25286,0.006103763987792554
2023-10-05,19640,20200,19300,19460,45769,-0.016177957532861442
2023-10-06,19420,20150,19420,20000,17030,0.027749229188078095
2023-10-10,20200,20400,19410,19610,25416,-0.019499999999999962
2023-10-11,19640,20250,19510,19940,21834,0.01682814890362061
2023-10-12,19940,20150,19870,20100,18494,0.008024072216650024
2023-10-13,19910,20150,19630,19690,16685,-0.020398009950248763
2023-10-16,19690,19720,19270,19480,22162,-0.010665312341289979
2023-10-17,19480,19960,19480,19810,20591,0.016940451745379947
2023-10-18,19600,19880,19360,19450,14068,-0.018172640080767244
2023-10-19,19200,19200,18770,18870,31907,-0.029820051413881776
2023-10-20,18990,19200,18310,18910,37321,0.002119766825649183
2023-10-23,18680,18910,18480,18680,20124,-0.012162876784770016
2023-10-24,18880,19330,18320,19290,45453,0.03265524625267657
2023-10-25,19400,19400,18940,19230,16967,-0.0031104199066873672
2023-10-26,18880,19220,18630,18920,27631,-0.016120644825793007
2023-10-27,19280,19280,18300,18940,28935,0.0010570824524311906
2023-10-30,18900,19070,18570,18770,23397,-0.008975712777191114
2023-10-31,18710,18800,18120,18300,20410,-0.02503995737879594
2023-11-01,18300,18710,18250,18500,16310,0.010928961748633892
2023-11-02,18820,19290,18600,18940,54335,0.023783783783783763
2023-11-03,18950,19190,18650,19030,33026,0.0047518479408659164
2023-11-06,19480,19870,19110,19870,52770,0.04414083026799798
2023-11-07,19870,19900,19260,19510,28693,-0.018117765475591296
2023-11-08,19700,19830,19390,19500,24991,-0.0005125576627370565
2023-11-09,19800,19800,19160,19450,17399,-0.002564102564102555
2023-11-10,19200,19440,18520,18900,24287,-0.028277634961439535
2023-11-13,18790,19100,18580,18680,13167,-0.011640211640211673
2023-11-14,18780,19290,18720,19290,21499,0.03265524625267657
2023-11-15,19670,19730,19340,19570,20579,0.014515292897874454
2023-11-16,19680,19700,19350,19580,22014,0.0005109862033725321
2023-11-17,19500,19500,19050,19290,18443,-0.014811031664964225
2023-11-20,19290,19950,19200,19740,45528,0.023328149300155587
2023-11-21,19790,19820,19480,19740,39606,0.0
2023-11-22,19800,19800,19480,19740,29077,0.0
2023-11-23,19680,19910,19520,19860,21820,0.006079027355623046
2023-11-24,19900,20450,19740,20250,34077,0.01963746223564944
2023-11-27,20500,20500,19840,19840,41521,-0.020246913580246884
2023-11-28,20050,20100,19810,19970,12953,0.0065524193548387455
2023-11-29,19970,20000,19620,19870,19656,-0.005007511266900355
2023-11-30,19650,19880,19640,19810,14670,-0.003019627579265216
2023-12-01,19800,20550,19680,20200,18501,0.01968702675416467
2023-12-04,20450,20450,19940,20300,28644,0.004950495049504955
2023-12-05,20400,20900,20100,20750,46285,0.022167487684729092
2023-12-06,20750,21250,20600,20950,37901,0.009638554216867545
2023-12-07,20800,21550,20800,21400,62227,0.021479713603818507
2023-12-08,21400,21550,21050,21250,32397,-0.007009345794392496
2023-12-11,21500,21550,20950,21250,23564,0.0
2023-12-12,21200,21250,20600,20750,35954,-0.02352941176470591
2023-12-13,21200,21200,20650,21000,15309,0.012048192771084265
2023-12-14,21200,21500,20000,20650,176163,-0.01666666666666672
2023-12-15,20850,20900,20350,20350,21375,-0.014527845036319653
2023-12-18,20600,20600,19990,19990,23794,-0.01769041769041768
2023-12-19,19950,20250,19720,20050,23459,0.0030015007503751967
2023-12-20,20500,20500,20000,20150,19808,0.004987531172069737
2023-12-21,20200,20200,19810,19990,26852,-0.007940446650124056
2023-12-22,19990,20150,19710,19880,12393,-0.005502751375687898
2023-12-26,20200,20250,19240,19300,65550,-0.02917505030181089
2023-12-27,19500,19610,19020,19590,16022,0.015025906735751215
2023-12-28,19790,20150,19590,20150,17477,0.02858601327207766
2024-01-02,20200,20500,19760,19950,40781,-0.00992555831265507
2024-01-03,20200,20200,19760,20000,16676,0.0025062656641603454
2024-01-04,20000,20000,19760,19790,19235,-0.010499999999999954
2024-01-05,19810,19930,19620,19790,14594,0.0
2024-01-08,19790,21450,19700,21100,93786,0.06619504800404252
2024-01-09,21500,21900,21000,21400,45675,0.014218009478673022
2024-01-10,21450,21750,20700,21100,38048,-0.014018691588784993
2024-01-11,21300,21500,21000,21400,31286,0.014218009478673022
2024-01-12,21400,21500,20500,21000,38690,-0.01869158878504673
2024-01-15,21150,22350,20850,22100,150882,0.05238095238095242
2024-01-16,22400,23000,22050,22100,144258,0.0
2024-01-17,22000,22700,21050,21850,87504,-0.011312217194570096
2024-01-18,21650,22900,21650,22850,89217,0.04576659038901609
2024-01-19,23400,23500,22200,22200,81416,-0.02844638949671774
2024-01-22,22400,23750,22200,22900,123374,0.03153153153153143
2024-01-23,22900,24400,22850,23250,136960,0.015283842794759916
2024-01-24,23600,24100,22850,23000,59380,-0.010752688172043001
2024-01-25,23350,23350,22400,22600,45445,-0.017391304347826098
2024-01-26,22950,22950,22250,22850,33070,0.01106194690265494
2024-01-29,23250,23750,22500,23300,87276,0.01969365426695835
2024-01-30,23800,24950,23750,24200,214861,0.03862660944205998
2024-01-31,24250,24900,22250,22250,115123,-0.08057851239669422
2024-02-01,22000,22500,21100,21300,122004,-0.04269662921348316
2024-02-02,21550,22900,21200,21800,42682,0.023474178403755763
2024-02-05,22400,22400,21250,21850,40409,0.002293577981651307
2024-02-06,22000,22200,21500,21550,20641,-0.013729977116704761
2024-02-07,21850,21900,21200,21350,22384,-0.009280742459396807
2024-02-08,21700,21700,20250,20450,123010,-0.042154566744730726
2024-02-13,20600,20750,19830,19860,159374,-0.028850855745721327
2024-02-14,19650,19860,19610,19700,68646,-0.00805639476334341
2024-02-15,19790,20250,19520,20200,62377,0.025380710659898442
2024-02-16,20500,20550,20000,20350,43481,0.007425742574257432
2024-02-19,20350,20500,20200,20350,22116,0.0
2024-02-20,20200,20400,20000,20200,30013,-0.0073710073710073765
2024-02-21,20200,20950,20100,20900,64750,0.034653465346534684
2024-02-22,20950,20950,20450,20500,38809,-0.019138755980861233
2024-02-23,20900,20900,19950,20050,56582,-0.02195121951219514
2024-02-26,20050,20100,19670,19930,24688,-0.0059850374064838174
2024-02-27,19850,19990,18850,19090,117025,-0.042147516307074806
2024-02-28,19090,19430,19020,19020,29177,-0.0036668412781560855
2024-02-29,19050,19210,18700,19200,30412,0.009463722397476282
2024-03-04,19200,19380,18930,18940,30785,-0.013541666666666674
2024-03-05,18810,18950,18720,18790,20605,-0.007919746568109787
2024-03-06,18790,18920,18640,18730,18116,-0.0031931878658860713
2024-03-07,18620,18870,18300,18450,37768,-0.014949279231179946
2024-03-08,18270,19120,18270,18920,33232,0.025474254742547497
2024-03-11,18850,19100,18600,18910,18973,-0.0005285412262155953
2024-03-12,18910,19090,18710,19080,12931,0.008989952406134316
2024-03-13,19080,19260,18740,19130,24957,0.002620545073375169
2024-03-14,19130,19130,18910,19080,17125,-0.002613695765812829
2024-03-15,19100,19110,18730,18920,17743,-0.008385744234800874
2024-03-18,18880,19000,18760,18960,18162,0.0021141649048626032
2024-03-19,18960,19070,18780,18820,16119,-0.007383966244725704
2024-03-20,18820,18820,18510,18610,21290,-0.011158342189160453
2024-03-21,18620,18960,18610,18620,13029,0.0005373455131649774
2024-03-22,18800,18800,18560,18680,17061,0.0032223415682062218
2024-03-25,18580,18790,18580,18640,11153,-0.0021413276231263545
2024-03-26,18560,18960,18560,18840,25828,0.010729613733905685
2024-03-27,18930,18930,18680,18740,12656,-0.005307855626326963
2024-03-28,18800,19510,18670,19260,39265,0.0277481323372466
2024-03-29,19240,19720,18910,19580,44156,0.01661474558670828
2024-04-01,19350,21250,19340,20450,104704,0.044433094994892786
2024-04-02,20300,20650,19970,19990,18917,-0.022493887530562362
2024-04-03,19950,20150,19690,19790,16765,-0.010005002501250582
2024-04-04,19660,19990,19420,19450,11625,-0.017180394138453736
2024-04-05,19450,19500,19170,19250,20382,-0.010282776349614386
2024-04-08,19100,19230,18880,18880,14598,-0.01922077922077925
2024-04-09,18890,19190,18770,18790,7732,-0.004766949152542388
2024-04-11,19060,19060,18500,18700,15051,-0.0047897817988291624
2024-04-12,18760,18900,18500,18600,7247,-0.005347593582887722
2024-04-15,18290,18590,18280,18390,16047,-0.011290322580645107
2024-04-16,18390,18520,18140,18430,18771,0.002175095160413365
2024-04-17,18570,21150,18240,18300,169786,-0.007053716766142193
2024-04-18,18250,18630,18250,18430,13732,0.0071038251366120075
2024-04-19,18460,18690,17800,18090,25735,-0.018448182311448735
2024-04-22,17990,18510,17470,17510,54495,-0.03206191265892755
2024-04-23,17540,17700,17470,17500,16404,-0.0005711022272987254
2024-04-24,17470,17680,16830,17350,43940,-0.008571428571428563
2024-04-25,17200,17640,17200,17450,28043,0.0057636887608070175
2024-04-26,17500,17680,17120,17160,26195,-0.01661891117478509
2024-04-29,17380,17480,17160,17300,13138,0.008158508158508049
2024-04-30,17300,17600,17220,17500,15030,0.011560693641618602
2024-05-02,17500,17740,17400,17640,13702,0.008000000000000007
2024-05-03,17640,18050,17570,17700,12716,0.00340136054421758
2024-05-07,17970,17970,17600,17720,12157,0.001129943502824915
2024-05-08,17650,17990,17650,17760,5431,0.0022573363431150906
2024-05-09,17760,17860,17600,17720,8345,-0.0022522522522522292
2024-05-10,17720,17850,17570,17680,8517,-0.0022573363431150906
2024-05-13,17680,18320,17530,18100,34935,0.0237556561085972
2024-05-14,18060,18210,17900,18000,12224,-0.0055248618784530246
2024-05-16,18190,18190,17940,18000,15500,0.0
2024-05-17,17810,18300,17780,17780,7919,-0.012222222222222245
2024-05-20,17800,17880,17510,17510,10793,-0.015185601799775017
2024-05-21,17510,17650,17300,17440,12084,-0.003997715591090856
2024-05-22,17480,18140,17320,17460,18950,0.0011467889908256534
2024-05-23,17590,17720,17350,17570,6406,0.006300114547537206
2024-05-24,17430,17770,17430,17580,7001,0.0005691519635742104
2024-05-27,17690,17790,17460,17530,7551,-0.0028441410693970104
2024-05-28,17730,17860,16600,17460,12946,-0.00399315459212779
2024-05-29,17460,17620,17120,17490,19621,0.0017182130584192379
2024-05-30,17490,17700,17070,17070,10704,-0.02401372212692965
2024-05-31,17070,17260,16960,16960,13569,-0.006444053895723445
2024-06-03,16960,17200,16820,17010,13219,0.002948113207547065
2024-06-04,17010,17050,16540,16600,20469,-0.02410346854791301
2024-06-05,16800,16880,16220,16420,32270,-0.010843373493975905
2024-06-07,16440,16890,16270,16700,25349,0.01705237515225333
2024-06-10,16700,16700,16410,16460,8106,-0.014371257485029987
2024-06-11,16360,16530,16320,16480,6652,0.0012150668286756705
2024-06-12,16330,16590,16330,16480,6113,0.0
2024-06-13,16330,16600,16330,16380,10742,-0.0060679611650485965
2024-06-14,16480,16560,15980,16100,20064,-0.017094017094017144
2024-06-17,16010,16300,15640,15730,22969,-0.02298136645962734
2024-06-18,15730,15780,15400,15600,15955,-0.008264462809917328
2024-06-19,15610,15680,15190,15250,16607,-0.022435897435897467
2024-06-20,15260,17770,15260,15920,221560,0.04393442622950827
2024-06-21,15920,16400,15750,15780,27406,-0.008793969849246186
2024-06-24,15800,15880,15410,15430,11403,-0.02217997465145749
2024-06-25,15250,15700,15250,15620,10933,0.012313674659753637
2024-06-26,15480,15840,15220,15800,10218,0.011523687580025532
2024-06-27,15800,16210,15510,15820,8830,0.0012658227848101333
2024-06-28,15820,15900,15640,15810,6244,-0.0006321112515802474
2024-07-01,15660,15810,15520,15690,9349,-0.007590132827324458
2024-07-02,15910,15940,15470,15500,10555,-0.01210962396430848
2024-07-03,15510,15650,15180,15230,18461,-0.01741935483870971
2024-07-04,15240,15300,14670,15160,28625,-0.004596191726854881
2024-07-05,15160,15350,14770,14870,27861,-0.01912928759894461
2024-07-08,14870,15080,14710,15000,18671,0.008742434431741719
2024-07-09,14860,15200,14860,15200,15498,0.01333333333333342
2024-07-10,15200,15290,14990,15060,8776,-0.009210526315789447
2024-07-11,15060,15420,15030,15180,11444,0.007968127490039834
2024-07-12,15180,15480,15180,15260,11904,0.005270092226614009
2024-07-15,15270,15470,15270,15430,8721,0.011140235910878094
2024-07-16,15440,15540,15250,15420,9022,-0.0006480881399870686
2024-07-17,15470,15490,15300,15390,13118,-0.0019455252918287869
2024-07-18,15200,15600,15020,15140,10250,-0.01624431448992858
2024-07-19,15010,15290,14910,15050,6821,-0.005944517833553542
2024-07-22,15390,15390,14560,14620,24020,-0.02857142857142858
2024-07-23,14620,14830,14450,14450,15927,-0.011627906976744207
2024-07-24,14500,14700,14360,14560,13565,0.007612456747404739
2024-07-25,14560,14560,14220,14400,8183,-0.01098901098901095
2024-07-26,14450,14540,14280,14520,9038,0.008333333333333304
2024-07-29,14380,15150,14380,15100,17508,0.03994490358126712
2024-07-30,15060,15140,14670,15000,15807,-0.0066225165562914245
2024-07-31,14800,14900,14590,14800,9210,-0.013333333333333308
2024-08-01,14660,15080,14660,14970,10345,0.011486486486486536
2024-08-02,14910,14910,14290,14510,26710,-0.030728122912491607
2024-08-05,14510,14510,10180,12690,56211,-0.12543073742246724
2024-08-06,12100,13350,12100,12930,35106,0.01891252955082745
2024-08-07,12450,13460,12450,13090,38235,0.012374323279195742
2024-08-08,13010,13190,12230,13030,21520,-0.004583651642475206
2024-08-09,13030,13450,13030,13140,9611,0.008442056792018482
2024-08-12,13130,13480,13120,13470,25941,0.02511415525114158
2024-08-13,13540,13630,12990,13230,6074,-0.017817371937639215
2024-08-14,13570,13740,13260,13630,18893,0.030234315948601598
2024-08-16,13710,13710,13450,13630,10546,0.0
2024-08-19,13630,13830,13470,13720,9790,0.006603081438004477
2024-08-20,13680,14060,13310,14060,11955,0.02478134110787167
2024-08-21,14020,14320,13900,14220,12368,0.011379800853485111
2024-08-22,14220,14500,14160,14360,14574,0.009845288326300938
2024-08-23,14180,14450,14020,14140,9146,-0.01532033426183843
2024-08-26,14060,14600,14000,14600,15461,0.032531824611032434
2024-08-27,14580,14700,14280,14530,10423,-0.004794520547945158
2024-08-28,14540,14690,14230,14530,12387,0.0
2024-08-29,14310,14500,14220,14370,6585,-0.0110116999311769
2024-08-30,14600,15490,14550,15200,54037,0.05775922059846894
2024-09-02,15100,15290,14820,15210,11396,0.0006578947368420796
2024-09-03,15160,15290,15080,15210,10646,0.0
2024-09-04,15070,16160,14750,15330,53245,0.007889546351084853
2024-09-05,15190,15450,15040,15330,17542,0.0
2024-09-06,15070,15310,14300,14560,37651,-0.05022831050228316
2024-09-09,14550,14550,14110,14370,7273,-0.013049450549450503
2024-09-10,14230,14430,14010,14040,6005,-0.022964509394572064
2024-09-11,13960,14900,13960,14350,10562,0.022079772079772075
2024-09-12,14510,14510,14260,14460,6925,0.0076655052264809065
2024-09-13,14460,14590,14360,14530,6472,0.004840940525587811
2024-09-19,14580,14580,14300,14420,5754,-0.007570543702684063
2024-09-20,14460,15800,14460,15180,33429,0.05270457697642161
2024-09-23,15180,15390,15050,15200,6180,0.0013175230566535578
2024-09-24,15200,15400,15060,15400,9578,0.013157894736842035
2024-09-25,15400,15720,15330,15680,15316,0.018181818181818077
2024-09-26,15110,15730,15110,15690,8103,0.0006377551020408934
2024-09-27,15690,16030,15540,15970,17490,0.017845761631612556
2024-09-30,15970,15970,15320,15700,9826,-0.016906700062617408
2024-10-02,15360,15580,15060,15300,11717,-0.02547770700636942
2024-10-04,15300,15900,14940,15110,10335,-0.012418300653594727
2024-10-07,15060,15300,14940,15050,10103,-0.00397088021178027
2024-10-08,15040,15060,14720,14860,9251,-0.012624584717607967
2024-10-10,14940,14940,14450,14450,9135,-0.02759084791386268
2024-10-11,14530,14560,14410,14420,5009,-0.0020761245674740803
2024-10-14,14470,15000,14260,14370,10476,-0.0034674063800277377
2024-10-15,14450,14450,14130,14270,4353,-0.00695894224077942
2024-10-16,14280,14280,14140,14190,5962,-0.005606166783461819
2024-10-17,14150,14700,13390,13640,22996,-0.03875968992248058
2024-10-18,13800,13840,13690,13750,7698,0.008064516129032251
2024-10-21,13870,14090,13550,13970,8723,0.016000000000000014
2024-10-22,13660,13970,13440,13640,10163,-0.023622047244094446
2024-10-23,13640,13740,13430,13660,6123,0.0014662756598240456
2024-10-24,13660,13700,13400,13630,12506,-0.002196193265007307
2024-10-25,13680,13680,13210,13310,8670,-0.023477622890682337
2024-10-28,13290,13700,12910,13280,7981,-0.002253944402704766
2024-10-29,13240,13350,13000,13340,22967,0.004518072289156683
2024-10-30,13300,13680,13130,13340,7916,0.0
2024-10-31,13340,13640,13070,13400,13348,0.004497751124437732
2024-11-01,13400,13400,13110,13180,11793,-0.016417910447761197
2024-11-04,13180,13260,12980,13050,14756,-0.009863429438543236
2024-11-05,13070,13490,13070,13420,7918,0.028352490421456045
2024-11-06,13420,13550,13160,13320,8696,-0.007451564828613977
2024-11-07,13230,13320,13050,13110,4875,-0.015765765765765716
2024-11-08,13120,13240,13050,13090,8495,-0.0015255530129671957
2024-11-11,13010,13300,12660,12740,17393,-0.0267379679144385
2024-11-12,12500,12750,11910,11990,36040,-0.05886970172684458
2024-11-13,11990,12220,11770,12020,14140,0.002502085070892335
2024-11-14,11900,12250,11750,12060,14298,0.0033277870216306127
2024-11-15,12010,12100,11220,11930,34344,-0.010779436152570487
2024-11-18,11900,12150,11750,11870,19319,-0.005029337803855838
2024-11-19,11850,12360,11770,12310,30438,0.03706823925863523
2024-11-20,12310,12400,12150,12320,11106,0.0008123476848092004
2024-11-21,12320,12410,12060,12330,11829,0.0008116883116882079
2024-11-22,12210,12400,12170,12270,18063,-0.0048661800486617945
2024-11-25,12270,12500,12250,12410,15896,0.01140994295028519
2024-11-26,12400,13250,12370,13190,26452,0.06285253827558424
2024-11-27,13190,16100,13180,15720,427004,0.1918119787717969
2024-11-28,15210,15590,14900,15290,55049,-0.027353689567430006
2024-11-29,14990,15030,14300,14820,36906,-0.030739045127534337
2024-12-02,14710,15020,14440,15000,27219,0.012145748987854255
2024-12-03,14990,15320,14600,14930,26624,-0.004666666666666708
2024-12-04,14790,14980,14400,14890,23041,-0.0026791694574681557
2024-12-05,15280,15500,14690,14790,30133,-0.006715916722632609
2024-12-06,14790,15400,13500,14680,24301,-0.007437457741717335
2024-12-09,14320,14350,13630,13800,17034,-0.05994550408719346
2024-12-10,13800,14650,13800,14620,27600,0.05942028985507242
2024-12-11,14620,16590,14410,16290,122612,0.11422708618331057
2024-12-12,16590,16630,15860,15860,59496,-0.02639656230816456
2024-12-13,16000,16780,15910,16330,79964,0.029634300126103463
2024-12-16,17450,19190,17330,18070,423123,0.10655235762400483
2024-12-17,18200,19370,17470,17790,230223,-0.015495296070835662
2024-12-18,17630,17980,17270,17510,54726,-0.01573917931422142
2024-12-19,17010,17500,16900,16910,39731,-0.03426613363792119
2024-12-20,17170,17360,16600,17080,41024,0.010053222945002993
2024-12-23,17330,17330,16250,16260,26590,-0.04800936768149888
2024-12-24,16280,17020,16120,16690,43074,0.0264452644526445
2024-12-26,16950,16980,15830,15900,27676,-0.04733373277411623
2024-12-27,15730,16060,15260,15880,33661,-0.0012578616352201255
2024-12-30,15990,16280,15520,16280,14868,0.025188916876574208
2025-01-02,16400,16840,16300,16450,37005,0.010442260442260487
2025-01-03,16360,16600,16270,16280,14571,-0.010334346504559222
2025-01-06,16310,17120,16310,16930,40197,0.03992628992628999
2025-01-07,17050,17310,16550,17290,30878,0.021264028352037778
2025-01-08,17330,17470,16890,17080,16519,-0.012145748987854255
2025-01-09,17280,17280,16600,16700,49679,-0.022248243559718994
2025-01-10,16610,16980,16610,16970,18403,0.016167664670658777
2025-01-13,16970,17090,16710,16990,14206,0.0011785503830288313
2025-01-14,17000,17090,16430,16800,18023,-0.011183048852266064
2025-01-15,16950,16950,16310,16320,21473,-0.02857142857142858
2025-01-16,16750,16790,16350,16570,14460,0.015318627450980449
2025-01-17,16700,16730,15910,16340,27934,-0.013880506940253445
2025-01-20,16350,16350,15920,16100,30187,-0.014687882496939975
2025-01-21,16030,16310,15790,16260,16710,0.009937888198757738
2025-01-22,16300,16380,16100,16320,11416,0.0036900369003689537
2025-01-23,16330,16380,15800,15890,10721,-0.026348039215686292
2025-01-24,16100,16100,15600,15750,26565,-0.008810572687224627
2025-01-31,15520,15970,15520,15910,14932,0.010158730158730256
2025-02-03,16000,16000,15100,15250,12074,-0.041483343808925155
2025-02-04,15090,15880,14940,15860,73531,0.040000000000000036
2025-02-05,15910,18370,15860,18220,227744,0.14880201765447665
2025-02-06,18120,18480,17790,18010,71441,-0.011525795828759566
2025-02-07,18000,18150,17800,17800,28565,-0.011660188784008874
2025-02-10,17800,18180,17640,17900,22211,0.00561797752808979
2025-02-11,17850,18490,17550,17710,24083,-0.010614525139664766
2025-02-12,17620,18210,17620,18170,29267,0.025974025974025983
2025-02-13,18180,18920,18020,18920,62018,0.04127682993946058
2025-02-14,18870,18960,18000,18170,45049,-0.03964059196617331
2025-02-17,18100,19170,18100,19110,43470,0.051733626857457304
2025-02-18,19000,19140,18710,18980,17926,-0.006802721088435382
2025-02-19,18980,19050,18410,18980,42400,0.0
2025-02-20,18980,19960,18980,19750,78801,0.040569020021074875
2025-02-21,19700,19970,19250,19880,119172,0.00658227848101256
2025-02-24,19440,19820,18920,19130,27439,-0.03772635814889336
2025-02-25,18860,19250,18810,18970,14724,-0.008363826450601186
2025-02-26,18840,19300,18840,19000,7638,0.001581444385872377
2025-02-27,19000,19250,18500,18590,15110,-0.02157894736842103
2025-02-28,17910,18400,17500,17550,37921,-0.05594405594405594
2025-03-04,17550,17700,16930,17080,15418,-0.02678062678062676
2025-03-05,17100,17500,16980,17380,10705,0.017564402810304358
2025-03-06,17380,17700,17210,17410,7095,0.0017261219792865656
2025-03-07,17520,17860,17180,17700,17772,0.016657093624353747
2025-03-10,17570,18950,17570,18620,28873,0.051977401129943424
2025-03-11,18640,19400,18080,18770,59672,0.008055853920515554
2025-03-12,18720,19380,18670,18940,31376,0.009057005860415579
2025-03-13,18780,19340,18780,19260,18195,0.01689545934530101
2025-03-14,18970,19500,18850,19360,20858,0.005192107995846351
2025-03-17,19300,19580,19150,19520,16265,0.008264462809917328
2025-03-18,19640,19650,18500,19560,24362,0.002049180327868827
2025-03-19,19570,19800,18710,18710,32753,-0.043456032719836446
2025-03-20,18800,19190,18480,18890,16137,0.009620523784072743
2025-03-21,18890,19160,17880,17940,44485,-0.05029115934356798
2025-03-24,18310,18310,17580,18260,8271,0.01783723522853964
2025-03-25,18130,18500,15890,16810,96513,-0.07940854326396496
2025-03-26,16810,17690,16780,17690,23385,0.05234979179060084
2025-03-27,17690,17690,17020,17130,17823,-0.03165630299604294
2025-03-28,17000,17400,16820,16950,13437,-0.010507880910682998
2025-03-31,17290,17290,16610,16940,10039,-0.0005899705014749124
2025-04-01,17140,17780,16820,17510,31577,0.03364817001180631
2025-04-02,18000,18000,17220,17750,10871,0.013706453455168521
2025-04-03,17780,19170,17530,18680,161379,0.05239436619718307
2025-04-04,18800,21500,18210,20500,429131,0.09743040685224846
2025-04-07,21550,22900,20600,22300,809087,0.08780487804878057
2025-04-08,25000,26900,22750,23250,1141020,0.04260089686098656
2025-04-09,23350,25850,23000,24500,683825,0.053763440860215006
2025-04-10,23650,25150,23350,24550,301812,0.0020408163265306367
2025-04-11,24550,25050,23550,24500,257357,-0.0020366598778004397
2025-04-14,23900,27200,23050,25500,736144,0.04081632653061229
2025-04-15,25500,25500,21250,21250,563231,-0.16666666666666663
2025-04-16,21150,22100,20450,20450,229270,-0.03764705882352937
2025-04-17,20350,21300,20000,21150,113706,0.03422982885085579
2025-04-18,21150,21450,20650,21350,93310,0.009456264775413725
2025-04-21,21700,22700,21450,22650,278298,0.060889929742388826
2025-04-22,22750,23600,21950,22250,431848,-0.017660044150110354
2025-04-23,22550,22650,21200,21200,150436,-0.04719101123595504
2025-04-24,21250,21750,21000,21000,67849,-0.009433962264150941
2025-04-25,20950,21150,20350,20700,66115,-0.014285714285714235
2025-04-28,20700,21200,19730,19800,125165,-0.04347826086956519
2025-04-29,20600,20900,20100,20450,114781,0.03282828282828287
2025-04-30,20450,20850,19950,20150,108643,-0.014669926650366705
2025-05-02,19300,19900,18760,19460,87833,-0.03424317617866002
2025-05-07,19330,23100,19330,22850,841835,0.17420349434737914
2025-05-08,23400,24500,22650,23000,718181,0.006564551422319376
2025-05-09,22700,23000,21800,21800,158574,-0.05217391304347829
2025-05-12,22250,22800,21850,21900,129382,0.004587155963302836
2025-05-13,21700,22100,21100,21800,73075,-0.004566210045662156
2025-05-14,21300,21600,20950,21050,68032,-0.0344036697247706
2025-05-15,21050,21250,20350,20550,52035,-0.02375296912114011
2025-05-16,20500,21550,20250,21250,81608,0.03406326034063256
