Date,Open,High,Low,Close,Volume,Change
2022-01-03,269311,277502,266421,274612,33748,0.03260885914115974
2022-01-04,275574,277019,267866,267867,29985,-0.024561927373894843
2022-01-05,267867,267867,261603,262568,26582,-0.01978220534817654
2022-01-06,262086,262086,250523,251969,40161,-0.04036668596325521
2022-01-07,251969,257268,251487,254378,17046,0.009560699927372074
2022-01-10,254377,260158,250523,252932,19350,-0.005684453844278958
2022-01-11,253896,259677,253414,254378,19113,0.005716951591732133
2022-01-12,254858,260157,253895,259677,22983,0.02083120395631699
2022-01-13,259676,261121,256304,258232,25198,-0.005564605259611
2022-01-14,258231,258713,252932,254378,22479,-0.014924563957991244
2022-01-17,254377,255822,245704,247151,27664,-0.028410475748688935
2022-01-18,247630,250039,242813,245705,23597,-0.005850674284142099
2022-01-19,242333,247150,242333,242333,20485,-0.013723774444964532
2022-01-20,243777,249077,240887,249078,19828,0.027833600871528086
2022-01-21,258230,267866,249076,250041,89361,0.0038662587623155
2022-01-24,249558,252449,244741,246669,25383,-0.013485788330713788
2022-01-25,245704,247631,235587,237997,46653,-0.0351564241959873
2022-01-26,237995,241850,235105,235106,22920,-0.012147211939646296
2022-01-27,235105,237995,224024,224507,46368,-0.04508179289341829
2022-01-28,224506,237996,224506,237997,42551,0.060087213316288635
2022-02-03,242813,247630,240886,245705,31156,0.03238696286087639
2022-02-04,245704,249076,244259,246669,22123,0.003923404082130988
2022-02-07,247150,247632,239924,243297,17851,-0.01367014095812602
2022-02-08,247150,252932,243778,251969,37672,0.03564367830265058
2022-02-09,254859,255340,248595,251487,19234,-0.0019129337339116592
2022-02-10,249077,255340,249077,251005,20296,-0.0019166000628263458
2022-02-11,248594,250522,244740,249559,15235,-0.005760841417501661
2022-02-14,248112,249557,242813,245705,18746,-0.015443241878673963
2022-02-15,245705,246187,240888,241852,17743,-0.015681406564783007
2022-02-16,243295,252449,243295,250041,18607,0.033859550468881894
2022-02-17,251967,252931,244258,247632,18846,-0.009634419955127371
2022-02-18,244259,252450,244259,251005,13331,0.013621018285197461
2022-02-21,246668,255340,246668,253414,15610,0.009597418378120004
2022-02-22,250522,252449,246185,249559,20869,-0.015212261358883095
2022-02-23,252450,254377,247632,251487,14355,0.0077256280078057404
2022-02-24,247631,250523,241851,243778,24142,-0.03065367195918678
2022-02-25,245704,247630,243777,245705,20051,0.0079047329947739
2022-02-28,247632,255341,245705,255341,31173,0.03921776113632203
2022-03-02,254859,256786,251487,253896,18032,-0.00565909900877648
2022-03-03,255822,257267,253895,256305,14804,0.009488136874940878
2022-03-04,256304,256304,252450,253896,9183,-0.009398958272370805
2022-03-07,248112,250522,246185,247632,18381,-0.02467151904716891
2022-03-08,247631,261603,245704,257268,46608,0.038912579957355975
2022-03-10,260639,261121,257748,261122,28079,0.014980487273971166
2022-03-11,263049,267384,259676,259677,30979,-0.005533811781466169
2022-03-14,258231,260639,252450,254859,20046,-0.018553818782564457
2022-03-15,253413,261121,252449,261122,19785,0.024574372496164454
2022-03-16,263048,271719,262085,269794,53466,0.03321052994385765
2022-03-17,272201,273648,268348,268349,32674,-0.005355938234356539
2022-03-18,268348,273649,266903,273649,33877,0.019750399666106366
2022-03-21,273649,273649,265458,266422,25649,-0.02640974386897088
2022-03-22,268829,268829,264975,267385,20725,0.0036145663646396375
2022-03-23,267384,271719,266420,269794,20056,0.009009480711333895
2022-03-24,267385,268830,264013,266904,26592,-0.010711876468713188
2022-03-25,265938,270274,264975,269312,18434,0.009021970446302818
2022-03-28,267384,269792,265457,269312,14135,0.0
2022-03-29,270276,270276,266422,266904,15238,-0.008941302281368801
2022-03-30,268349,269312,264495,264977,20307,-0.007219824356322846
2022-03-31,264976,267866,263531,264013,16345,-0.0036380516044788314
2022-04-01,264976,264976,260158,263050,17344,-0.0036475476586380617
2022-04-04,262568,264976,261121,264495,9563,0.00549325223341568
2022-04-05,263530,265457,260639,261604,11659,-0.010930263332010082
2022-04-06,261120,264975,259675,260158,13587,-0.0055274384183727765
2022-04-07,258713,260158,253414,254378,20123,-0.022217267967927223
2022-04-08,255340,264976,255340,264013,29703,0.03787670317401659
2022-04-11,263049,265458,260158,264495,18342,0.0018256676754553336
2022-04-12,266902,274129,264975,267867,44386,0.01274882322917259
2022-04-13,270274,286655,269311,284247,106246,0.0611497496892115
2022-04-14,287139,295811,281357,289066,78712,0.016953565033228202
2022-04-15,288102,299183,285693,295811,72638,0.023333771526225844
2022-04-18,293882,300145,291955,293883,44682,-0.00651767513716528
2022-04-19,293881,299181,292436,292919,31953,-0.0032802169570883555
2022-04-20,292437,296773,290991,292438,29500,-0.001642092182480459
2022-04-21,295327,298700,293882,294365,27206,0.006589430922109951
2022-04-22,290991,296291,290509,293883,21734,-0.0016374229273181662
2022-04-25,289064,295327,285211,292438,24395,-0.0049169227209467925
2022-04-26,293883,297256,289547,295811,30252,0.01153406875987395
2022-04-27,290027,299663,289064,294846,39051,-0.003262218105479553
2022-04-28,300145,305444,296291,303037,56842,0.027780604111977025
2022-04-29,302073,304963,299664,300628,29520,-0.007949524315512657
2022-05-02,298219,302073,296292,298701,18731,-0.0064099152440890705
2022-05-03,297254,298700,290027,291474,35430,-0.0241947633251981
2022-05-04,291473,292437,282319,285693,30033,-0.019833672986269812
2022-05-06,280874,282801,272684,278466,39503,-0.02529638458065131
2022-05-09,275575,284247,274611,279430,24962,0.003461822987366414
2022-05-10,279428,289064,274129,283765,39271,0.015513724367462345
2022-05-11,280392,286174,280392,281357,14527,-0.00848589501876551
2022-05-12,279910,287618,275574,280393,31808,-0.003426252056995205
2022-05-13,286657,286657,282320,285212,16295,0.01718659167668246
2022-05-16,289064,289546,282319,283284,13070,-0.0067598838758538005
2022-05-17,283283,290992,282802,288584,31238,0.018709139944366848
2022-05-18,289065,291474,285211,288584,21975,0.0
2022-05-19,282318,287618,282318,283765,19672,-0.016698777479000948
2022-05-20,288101,290992,285693,289547,18160,0.020376015364826472
2022-05-23,291474,304964,290029,297738,51181,0.028289016981698945
2022-05-24,297737,304000,293882,297256,27254,-0.00161887296885177
2022-05-25,302554,305444,296291,303037,47701,0.019447883305971914
2022-05-26,303036,305926,300145,303037,29454,0.0
2022-05-27,304963,305445,298219,300628,17336,-0.007949524315512657
2022-05-30,301109,305445,299664,300628,17818,0.0
2022-05-31,301110,302555,296774,298220,39165,-0.008009899277512389
2022-06-02,296292,297738,291956,297738,15281,-0.001616256454966103
2022-06-03,297737,300628,296292,297256,11016,-0.00161887296885177
2022-06-07,294365,299665,292919,296293,20296,-0.0032396318324945383
2022-06-08,294846,298701,293883,296293,10369,0.0
2022-06-09,298701,299665,294846,296293,23357,0.0
2022-06-10,295326,297254,290027,294846,19069,-0.004883679330932589
2022-06-13,290027,293399,283282,284247,23580,-0.03594757941433835
2022-06-14,282319,284729,276538,281357,29628,-0.010167213726090307
2022-06-15,281356,282801,271721,273649,23497,-0.027395799642447094
2022-06-16,274612,282319,273166,274612,22098,0.003519106592752008
2022-06-17,271720,280392,270756,278948,23816,0.01578955034739926
2022-06-20,281838,286656,274612,275576,22515,-0.01208827451711425
2022-06-21,279430,289065,276539,287139,29446,0.04195938688419898
2022-06-22,288583,288583,282801,283284,19092,-0.013425553477584007
2022-06-23,283764,290991,279428,284247,35623,0.003399415427627339
2022-06-24,283764,290991,282319,290029,20658,0.02034146358624711
2022-06-27,292438,293883,285212,287139,23163,-0.009964520789300435
2022-06-28,287138,296774,284248,295811,25209,0.03020140071533306
2022-06-29,293400,296773,291473,293883,15740,-0.00651767513716528
2022-06-30,294846,299664,291955,296774,28546,0.009837248156579381
2022-07-01,299663,302554,281837,283284,37726,-0.04545546442747683
2022-07-04,284247,288583,279911,286657,16351,0.011906779062707429
2022-07-05,290510,306890,288583,306891,78947,0.07058610115922503
2022-07-06,304962,317488,301590,305927,81966,-0.003141180419106493
2022-07-07,308337,314599,305445,312191,49968,0.02047547290693541
2022-07-08,312672,314599,306891,310746,25144,-0.00462857673667727
2022-07-11,308336,312190,302554,309300,29655,-0.004653318144079099
2022-07-12,309300,312672,303518,309300,26747,0.0
2022-07-13,310745,311708,304963,309300,29398,0.0
2022-07-14,305445,306409,294846,299665,58473,-0.031150986097639777
2022-07-15,300627,306407,295809,302555,32853,0.00964410258121573
2022-07-18,300626,302553,287137,294846,78365,-0.025479664854323958
2022-07-19,296292,303036,293882,299183,37098,0.014709373706952134
2022-07-20,302554,303999,297737,301592,27494,0.008051928084149118
2022-07-21,300145,302554,294363,295328,34932,-0.020769781691822087
2022-07-22,294363,298218,293882,293883,15981,-0.004892864882435788
2022-07-25,292919,297737,292437,295811,10687,0.006560433914176711
2022-07-26,294363,297254,292918,295328,12253,-0.0016327993211882053
2022-07-27,295811,299664,294846,297738,19079,0.00816041824683067
2022-07-28,297256,300146,297256,297738,16671,0.0
2022-07-29,300146,303037,296774,298220,17190,0.00161887296885177
2022-08-01,295811,301110,294846,296293,17846,-0.006461672590704848
2022-08-02,297736,298218,292436,293401,19565,-0.009760608586770525
2022-08-03,292918,295326,291473,293401,20279,0.0
2022-08-04,294845,300145,290991,293401,27973,0.0
2022-08-05,294363,308336,293400,306891,52896,0.04597803006806389
2022-08-08,308336,315562,306891,309300,38506,0.007849692561854305
2022-08-09,309300,313636,307373,312191,24593,0.009346912382799832
2022-08-10,312190,316526,307373,309300,24701,-0.009260356640646283
2022-08-11,308335,311707,304480,305927,30236,-0.01090526996443586
2022-08-12,305445,308336,301591,305446,22494,-0.00157227050897768
2022-08-16,305444,306889,301590,303037,19408,-0.007886827786253492
2022-08-17,303037,306409,297738,299665,21944,-0.011127354085474717
2022-08-18,297737,302072,296292,300146,15547,0.0016051257237248429
2022-08-19,300146,302073,297737,299183,10361,-0.003208438559900828
2022-08-22,296291,298699,293399,294846,13766,-0.014496144500188879
2022-08-23,293401,296774,288102,288102,22787,-0.02287295740827411
2022-08-24,288582,292918,288101,290029,14815,0.006688603341872046
2022-08-25,290991,292918,289546,292438,10286,0.008306065945129726
2022-08-26,292438,294846,287139,289066,27928,-0.01153064923163205
2022-08-29,282319,287137,278465,281357,23636,-0.026668650066074884
2022-08-30,282319,290991,279429,290511,28738,0.0325351777279399
2022-08-31,290992,301591,287138,296774,31231,0.021558564047488682
2022-09-01,294363,295809,290509,290992,19526,-0.01948283879315571
2022-09-02,292919,298701,286656,288102,21242,-0.009931544509814705
2022-09-05,287138,293883,285211,286657,18389,-0.005015584758175873
2022-09-06,284248,289547,283765,284730,11892,-0.006722319706129576
2022-09-07,285210,286173,279428,280393,17392,-0.015231974150950012
2022-09-08,282800,295326,282800,290992,37739,0.037800515704742965
2022-09-13,314598,314598,291955,293883,162613,0.009934981030406353
2022-09-14,285210,288101,280392,280875,57592,-0.0442625126325783
2022-09-15,282320,282801,273649,273649,52503,-0.02572674677347575
2022-09-16,269312,277021,266903,273649,43035,0.0
2022-09-19,277501,280392,270756,271721,32502,-0.007045521818095479
2022-09-20,270756,274611,267866,269794,27316,-0.00709183316710893
2022-09-21,259194,264976,226433,227880,269317,-0.15535556758119162
2022-09-22,225952,236551,223543,230771,98150,0.01268650166754437
2022-09-23,227397,232697,223061,228362,64014,-0.01043891996828028
2022-09-26,223543,226915,215353,217763,62958,-0.04641315104964927
2022-09-27,215352,224024,215352,223544,52589,0.026547209581058384
2022-09-28,220653,224025,218244,221135,35781,-0.010776401961135162
2022-09-29,224989,225470,219208,221617,34136,0.002179664006149995
2022-09-30,218244,223061,217762,220653,31036,-0.004349846807780944
2022-10-04,222097,225469,219207,223544,29940,0.013102019913620033
2022-10-05,225470,225951,218725,220171,28469,-0.015088752102494385
2022-10-06,220652,224024,219206,222580,18594,0.010941495473972607
2022-10-07,220651,226432,220651,224025,51049,0.0064920478030370266
2022-10-11,223061,225470,217280,220171,31698,-0.017203437116393272
2022-10-12,218244,221616,216317,220653,26669,0.002189207479640798
2022-10-13,223061,224507,217281,219208,32735,-0.006548743955441361
2022-10-14,224025,230288,221616,228362,46757,0.041759424838509585
2022-10-17,228362,230771,224507,230771,21322,0.01054904055841166
2022-10-18,232696,237032,230769,234143,115750,0.014611887975525484
2022-10-19,236551,237033,231252,231734,34886,-0.010288584326672123
2022-10-20,229325,234142,229325,231252,41662,-0.0020799710012341377
2022-10-21,231251,236068,230288,234143,30272,0.012501513500423833
2022-10-24,239441,242814,236550,237515,30061,0.014401455520771433
2022-10-25,241368,241368,235586,236551,27394,-0.004058691030040196
2022-10-26,236068,239441,233659,237033,14765,0.002037615567044737
2022-10-27,238961,240888,237996,239443,17211,0.010167360662861391
2022-10-28,239442,245704,238477,243778,25045,0.01810451756785536
2022-10-31,244259,246186,235105,243778,21726,0.0
2022-11-01,244741,247149,241369,245224,22850,0.005931626315746286
2022-11-02,249558,251486,242814,247151,44690,0.007858121554170872
2022-11-03,244742,244742,239443,241370,33296,-0.023390558808177975
2022-11-04,239443,242333,237033,241852,15710,0.0019969341674608287
2022-11-07,241368,245704,241368,244742,14150,0.011949456692522675
2022-11-08,245223,254377,243778,251487,42702,0.027559634227063645
2022-11-09,254376,254858,248594,250041,22781,-0.005749800188478926
2022-11-10,249558,254858,246186,251005,32003,0.0038553677196939695
2022-11-11,255341,258713,252932,253896,25116,0.011517698850620484
2022-11-14,253894,258711,251967,256786,31222,0.011382613353499105
2022-11-15,257266,262084,253412,260158,26821,0.013131557016348161
2022-11-16,262567,262567,254376,261122,28314,0.0037054405399794543
2022-11-17,260639,263048,259194,261122,12621,0.0
2022-11-18,260640,260640,255823,255823,17895,-0.020293196283729498
2022-11-21,257267,258712,251486,252932,11794,-0.011300782181430158
2022-11-22,252932,256304,250040,251487,14929,-0.0057129979599259695
2022-11-23,252449,252449,245704,249559,21328,-0.007666400251305272
2022-11-24,250039,251486,246186,248114,22885,-0.005790213937385547
2022-11-25,247631,249077,240887,243778,38058,-0.017475837719757803
2022-11-28,244260,244260,240888,242815,11883,-0.003950315450943043
2022-11-29,243296,249076,241369,247151,25838,0.017857216399316256
2022-11-30,247150,251969,243778,251969,28891,0.019494155394879975
2022-12-01,251486,253413,250040,251005,17677,-0.0038258674678234295
2022-12-02,250523,251004,242814,245224,19968,-0.02303141371685824
2022-12-05,244259,246668,241851,243778,15027,-0.00589664959384073
2022-12-06,242814,248594,242332,246669,17930,0.011859150538604757
2022-12-07,247149,248112,240886,245705,31057,-0.003908071139867575
2022-12-08,247150,251968,244260,251487,37331,0.023532284650292112
2022-12-09,253413,260157,250040,259677,37300,0.03256629567333502
2022-12-12,259676,271721,257750,266904,71478,0.027830728173846797
2022-12-13,267384,286173,267384,282320,120090,0.05775859485058299
2022-12-14,286174,288101,278465,281839,48372,-0.0017037404363842157
2022-12-15,281837,284246,277020,279912,28482,-0.006837236862180185
2022-12-16,274611,279911,274611,279912,26187,0.0
2022-12-19,279911,283283,275575,279912,26894,0.0
2022-12-20,282801,285210,276538,279430,34638,-0.0017219697619251795
2022-12-21,284729,296773,281837,294365,65776,0.05344809075618229
2022-12-22,294363,296291,288582,293883,52480,-0.0016374229273181662
2022-12-23,293400,294364,289547,289547,16992,-0.014754170877526063
2022-12-26,289546,295327,288101,290511,31788,0.003329338587517716
2022-12-27,286175,296292,286175,295811,44568,0.018243715384271164
2022-12-28,294829,298263,292376,294339,25224,-0.004976150312192562
2022-12-29,291395,295810,285509,292377,41459,-0.006665783331464725
2023-01-02,295320,295320,274226,274226,54724,-0.062080806629796426
2023-01-03,274226,276188,267848,272264,42721,-0.007154682634031739
2023-01-04,273735,273735,263924,265396,44244,-0.025225516410542714
2023-01-05,265395,269810,261470,262452,31371,-0.011092857465824668
2023-01-06,262452,264905,258527,259509,43782,-0.011213479036166651
2023-01-09,260981,265396,260490,264415,25036,0.018904932006211794
2023-01-10,265396,265396,259018,260000,40398,-0.016697237297430223
2023-01-11,260980,261961,256565,260490,36922,0.0018846153846154845
2023-01-12,261471,263924,259018,260981,31562,0.001884909209566521
2023-01-13,261471,264414,261471,261471,22075,0.0018775313145400485
2023-01-16,261961,264414,259999,263924,16028,0.009381537531886863
2023-01-17,261961,262452,249207,251660,70090,-0.04646792258377408
2023-01-18,252150,253131,249697,251660,20354,0.0
2023-01-19,251660,253131,248716,251660,19487,0.0
2023-01-20,251169,254113,249207,254113,20208,0.009747278073591437
2023-01-25,254603,255584,252150,254113,27930,0.0
2023-01-26,254603,256075,251659,256075,21185,0.0077209745270805374
2023-01-27,256565,259508,254112,257056,25270,0.0038309089134043184
2023-01-30,257546,258037,253131,255094,23704,-0.007632578115274513
2023-01-31,255093,256075,251660,251660,26730,-0.013461704312919931
2023-02-01,252150,258037,251169,258037,29091,0.025339744099181383
2023-02-02,260980,270300,259999,266867,57438,0.034219898696698614
2023-02-03,266867,266867,259018,259018,35140,-0.029411654494560957
2023-02-06,259018,265886,258037,261471,28447,0.009470384297616485
2023-02-07,260980,263923,258037,258037,22660,-0.013133387641459326
2023-02-08,258037,261961,258037,259509,15114,0.0057046082538549925
2023-02-09,259509,279131,259018,272264,99903,0.049150511157609156
2023-02-10,270792,274226,268339,272264,25411,0.0
2023-02-13,269810,270301,263433,263924,30809,-0.030632033614433007
2023-02-14,264414,271282,264414,268339,26159,0.01672830057137653
2023-02-15,268829,272754,266376,270792,32748,0.009141421858172016
2023-02-16,270791,272754,266376,267358,31098,-0.012681319979910732
2023-02-17,266376,267357,261961,262452,24522,-0.01834992781214706
2023-02-20,261961,273734,261961,270301,31243,0.029906420983646598
2023-02-21,271282,272754,261471,261962,36522,-0.03085079226491949
2023-02-22,260490,261961,256075,256075,31274,-0.02247272505172504
2023-02-23,257056,261961,256565,258528,22530,0.009579224836473665
2023-02-24,258527,259999,255093,256075,20898,-0.009488333952221817
2023-02-27,255584,257055,250187,254603,18951,-0.005748315923069458
2023-02-28,254603,257056,253622,254113,27516,-0.0019245649108612373
2023-03-02,253622,257055,252150,253622,24996,-0.0019322112603448183
2023-03-03,253621,261961,253621,259018,28833,0.021275756834974846
2023-03-06,259018,260980,256074,258037,25597,-0.003787381571937032
2023-03-07,256565,266377,256075,260981,50788,0.011409216507710207
2023-03-08,263433,266376,256074,257056,51032,-0.015039408999122594
2023-03-09,258037,271282,255584,264415,63273,0.028628003236648825
2023-03-10,262451,263433,250187,251169,52009,-0.05009549382599321
2023-03-13,251168,252640,245282,248716,25315,-0.009766332628628582
2023-03-14,245773,249698,240377,241849,40590,-0.027609803953103085
2023-03-15,245283,249207,242830,245283,26147,0.01419894231524621
2023-03-16,242829,257055,242829,254603,38408,0.03799692599976345
2023-03-17,256075,259018,252641,256566,21109,0.0077100426939196165
2023-03-20,259999,264905,257547,257547,19998,0.003823577558990765
2023-03-21,259509,261471,255584,260000,17506,0.009524475144342626
2023-03-22,261962,261962,251169,253132,34484,-0.02641538461538462
2023-03-23,253622,256074,250678,253622,18250,0.0019357489373132974
2023-03-24,251169,254603,249698,249698,19444,-0.015471843925211504
2023-03-27,252150,253131,245773,249207,23890,-0.0019663753814608276
2023-03-28,250188,253622,248225,252641,27884,0.013779709237701887
2023-03-29,253131,254112,249206,250188,15967,-0.009709429585855078
2023-03-30,250678,253131,248225,249207,21112,-0.003921051369370265
2023-03-31,249206,251659,248225,251169,23563,0.00787297307057977
2023-04-03,250678,254112,248225,249207,28796,-0.007811473549681702
2023-04-04,251169,283546,250188,283056,172464,0.13582684274518764
2023-04-05,284037,303659,281093,297773,218061,0.0519932451529026
2023-04-06,303169,317395,297773,301207,216406,0.011532274585002611
2023-04-07,304640,304640,294829,303169,68357,0.006513792840139754
2023-04-10,305621,322300,302678,318867,156154,0.051779700431112685
2023-04-11,321811,321811,313471,320830,91436,0.006156171695409052
2023-04-12,319358,321810,311509,314943,82153,-0.018349281550977148
2023-04-13,313961,332112,313470,329169,169221,0.04517007839513809
2023-04-14,330640,333093,322791,326716,70724,-0.0074520990737281245
2023-04-17,323772,327206,316905,320339,58040,-0.019518480882478983
2023-04-18,319848,324263,315433,317396,45595,-0.009187142371050672
2023-04-19,316414,318377,309056,310528,56038,-0.021638583977113712
2023-04-20,310528,314943,305622,306113,48579,-0.01421771949711459
2023-04-21,306603,309546,302188,306113,30892,0.0
2023-04-24,306113,312981,304150,308566,31501,0.008013380679683602
2023-04-25,308074,310527,294338,300716,64731,-0.0254402623749862
2023-04-26,299244,307584,295320,304641,37539,0.01305218212532755
2023-04-27,310527,310527,303169,307094,66459,0.00805210066931239
2023-04-28,307584,320829,307093,316905,62886,0.03194787263834531
2023-05-02,316905,318867,308075,312981,36727,-0.012382259667723772
2023-05-03,309546,313471,305131,310528,28395,-0.00783753646387475
2023-05-04,307584,325735,305132,323283,85921,0.04107520094806261
2023-05-08,321319,324753,314451,315433,40847,-0.02428213051722483
2023-05-09,315433,320829,311508,314452,32561,-0.0031100106837268493
2023-05-10,312980,312980,297282,300226,71975,-0.04524060905957028
2023-05-11,300226,302678,295320,295811,29597,-0.014705588456696006
2023-05-12,291395,301697,290904,296301,35746,0.0016564630794662083
2023-05-15,293358,300716,291396,298264,27382,0.0066250198278101635
2023-05-16,295810,299244,293357,295320,25103,-0.009870450339296677
2023-05-17,293848,301207,293848,300226,20589,0.016612488148449067
2023-05-18,298263,300225,286980,291886,57759,-0.027779073098265994
2023-05-19,291885,293357,287961,289433,26069,-0.008403965931904955
2023-05-22,286980,298754,286980,294830,39966,0.018646802541520735
2023-05-23,298263,302678,295810,300226,23655,0.018302072380693923
2023-05-24,300716,303169,297282,297773,18792,-0.008170511547967219
2023-05-25,295811,297773,292867,293849,23152,-0.013177823375524311
2023-05-26,291396,294830,285999,290415,26300,-0.01168627424289348
2023-05-30,292867,293358,285999,286981,24853,-0.011824458103059432
2023-05-31,285509,290414,285018,286981,46781,0.0
2023-06-01,290414,306602,288451,304150,65759,0.05982626027507054
2023-06-02,305621,307583,300225,300716,28140,-0.011290481670228503
2023-06-05,301206,305621,298263,302188,24412,0.004894983971587719
2023-06-07,303660,305622,298754,299245,18162,-0.009738970442241257
2023-06-08,299244,318867,299244,315924,87182,0.05573693796053392
2023-06-09,314452,320829,311999,313962,42511,-0.0062103543890302815
2023-06-12,316414,318376,311999,312490,25772,-0.004688465483083992
2023-06-13,312489,332602,312489,318867,99107,0.020407053025696786
2023-06-14,320339,326716,315924,320830,54073,0.006156171695409052
2023-06-15,321810,325244,305621,307584,45517,-0.04128666271857373
2023-06-16,310037,318376,307093,311509,39826,0.012760741781106866
2023-06-19,313961,318376,309056,311509,21424,0.0
2023-06-20,311508,314942,307093,308075,18039,-0.0110237585430919
2023-06-21,312980,321810,304640,316905,45940,0.028661851821796702
2023-06-22,317396,323282,312981,319849,38966,0.00928985027058582
2023-06-23,318376,320829,307093,308075,27387,-0.03681112024736677
2023-06-26,308075,313471,303169,308566,16706,0.0015937677513593318
2023-06-27,308565,310527,302187,303169,16835,-0.01749058548252236
2023-06-28,305131,310527,303659,304150,18820,0.003235818965659387
2023-06-29,302678,305621,300225,300716,19041,-0.011290481670228503
2023-06-30,303169,307094,295811,302679,27291,0.006527753761023769
2023-07-03,301206,311017,300225,304150,25491,0.0048599341216271075
2023-07-04,302678,307093,302678,303169,19053,-0.0032253822127239484
2023-07-05,303169,307093,292376,296792,43256,-0.021034472521926695
2023-07-06,296301,296301,283546,289924,38312,-0.02314078546591547
2023-07-07,286490,288942,271773,274226,83787,-0.05414522426566959
2023-07-10,277169,277169,269320,271283,55343,-0.010732023951047664
2023-07-11,274225,274225,265395,268339,48360,-0.010852135961339271
2023-07-12,269320,271282,265886,270792,45016,0.009141421858172016
2023-07-13,273244,275206,266867,269320,56054,-0.005435906526042089
2023-07-14,272753,273734,268829,270301,42380,0.0036425070548047334
2023-07-17,272263,272754,264414,266377,40787,-0.014517149400113172
2023-07-18,266376,268338,261470,262452,36477,-0.014734755628301288
2023-07-19,260980,270792,260980,269811,39229,0.02803941292121981
2023-07-20,270301,270792,265886,267849,26318,-0.007271756896494175
2023-07-21,267848,283055,267848,279622,89328,0.04395386953096714
2023-07-24,283055,283055,270791,272754,48278,-0.024561729763752482
2023-07-25,275697,275697,267358,269811,29435,-0.0107899425856266
2023-07-26,270301,270791,263923,264905,45532,-0.018183098539347964
2023-07-27,263433,276188,263433,273245,54082,0.03148298446612929
2023-07-28,273735,275207,269811,269811,29669,-0.012567476074585082
2023-07-31,272753,272753,256565,261471,104568,-0.030910526257268978
2023-08-01,261471,278641,260490,273245,112847,0.04502985034669238
2023-08-02,279621,279621,265885,266867,62821,-0.02334168969240058
2023-08-03,268829,297282,268339,284528,176527,0.06617903300145755
2023-08-04,284037,290905,273735,286000,86807,0.005173480290164845
2023-08-07,285999,292377,283056,284528,69446,-0.0051468531468531475
2023-08-08,284527,286490,276678,278641,47391,-0.02069040656807064
2023-08-09,287471,323773,287471,319358,438355,0.14612709543821611
2023-08-10,319358,328679,311509,324264,175025,0.015362070153244867
2023-08-11,320339,333584,316905,322792,117650,-0.004539511015715592
2023-08-14,324263,324754,311999,314943,67845,-0.024315968177650027
2023-08-16,312980,312980,303169,309056,81794,-0.018692271299886043
2023-08-17,306112,310037,302188,308075,43156,-0.003174182025263983
2023-08-18,308075,309056,296301,297283,60794,-0.03503043090156621
2023-08-21,296301,307584,296301,299245,39438,0.006599771934486576
2023-08-22,300226,302678,286490,287962,71941,-0.037704890641447664
2023-08-23,288452,295811,286981,286981,51598,-0.0034066994950722185
2023-08-24,287961,294829,287470,292867,37606,0.020510068610813947
2023-08-25,290414,298753,290414,295320,34783,0.008375815643278273
2023-08-28,300225,301697,283546,288452,53680,-0.02325612894487339
2023-08-29,288452,294829,287961,294339,28068,0.02040894152233297
2023-08-30,299244,299734,289923,292867,48762,-0.005001036220140698
2023-08-31,292867,295810,286490,288943,61119,-0.013398573413870407
2023-09-01,288942,290904,277169,277169,76774,-0.04074852133465767
2023-09-04,276187,279621,273734,278150,35102,0.0035393568544823673
2023-09-05,277169,279622,273735,275207,24016,-0.01058062196656484
2023-09-06,275697,284528,274716,280113,40474,0.01782658144596616
2023-09-07,278640,281584,271772,276188,45695,-0.01401220221839039
2023-09-08,280112,297282,279621,292867,114561,0.060390024186423696
2023-09-11,293357,297282,285508,295320,78805,0.008375815643278273
2023-09-12,299244,309055,292867,294339,121843,-0.003321820398212161
2023-09-13,295320,295810,288452,290905,46846,-0.011666819551605423
2023-09-14,295320,305622,293358,303660,76131,0.0438459290833777
2023-09-15,302678,303168,296301,299735,50478,-0.012925640519001469
2023-09-18,300225,309055,297282,298754,51211,-0.00327289105376416
2023-09-19,300225,304150,296791,303169,34544,0.014778044812789215
2023-09-20,301697,301697,286490,292377,76562,-0.035597307112534615
2023-09-21,290415,292377,285509,286000,38708,-0.021810881156862583
2023-09-22,281584,287962,281584,283547,23201,-0.008576923076923038
2023-09-25,285999,290414,283055,287471,29695,0.013838975549027133
2023-09-26,285999,293358,285018,287962,33839,0.0017079983720096337
2023-09-27,291395,296791,289433,293358,46636,0.01873858356310909
2023-10-04,287962,288452,276188,283547,58043,-0.03344377859134573
2023-10-05,285999,293848,284037,284528,33829,0.003459743887256783
2023-10-06,290414,306112,289433,305622,96641,0.07413681606028222
2023-10-10,309056,319848,304640,312490,123444,0.022472204226135606
2023-10-11,315924,316905,306113,312000,55348,-0.00156805017760564
2023-10-12,320339,321320,309056,313962,66202,0.0062884615384615206
2023-10-13,312981,313471,306113,308566,41195,-0.017186793306196324
2023-10-16,305131,308565,302679,306113,29752,-0.007949676892463842
2023-10-17,309055,310037,296791,298754,42312,-0.024040142039050916
2023-10-18,299244,301697,276188,276188,151124,-0.07553371670337472
2023-10-19,275206,278150,269810,270301,73009,-0.021315191101713316
2023-10-20,267358,272264,266867,267849,42042,-0.009071368585391815
2023-10-23,268830,269811,263433,268830,30818,0.0036625113403447873
2023-10-24,274226,274716,262452,269811,65347,0.0036491463006360636
2023-10-25,271282,275207,268339,273245,42033,0.012727427717921014
2023-10-26,267848,273244,265886,268339,31341,-0.01795458288349283
2023-10-27,271282,274716,267848,270792,26053,0.009141421858172016
2023-10-30,269320,278150,267848,276188,25867,0.019926733433779376
2023-10-31,278641,282565,275697,276679,33989,0.0017777745593581251
2023-11-01,279622,284037,275697,280113,31697,0.012411494909263077
2023-11-02,285018,289433,283055,288452,63868,0.029770128483861846
2023-11-03,291395,292376,284527,287471,24470,-0.0034009124568386007
2023-11-06,288942,294339,286489,294339,52402,0.023891105537602098
2023-11-07,291886,296301,287961,294339,38283,0.0
2023-11-08,296301,300225,292376,296792,37911,0.008333927885873171
2023-11-09,298263,299734,289433,289433,23711,-0.024795142726219077
2023-11-10,287961,290904,285017,289433,17853,0.0
2023-11-13,290905,292867,282565,284528,26366,-0.01694692726814151
2023-11-14,287471,292377,286980,287962,22276,0.012069110948658812
2023-11-15,293358,297283,291396,297283,46818,0.032368854223821186
2023-11-16,297282,297282,292376,295320,20191,-0.006603135732618393
2023-11-17,295811,297282,290905,295811,21716,0.001662603277800434
2023-11-20,295810,299244,292376,295320,20163,-0.001659843616363177
2023-11-21,298263,301697,293848,300716,25779,0.018271705268860794
2023-11-22,297772,299735,294829,295320,19376,-0.0179438407001955
2023-11-23,295320,298754,293848,298754,16859,0.011628064472436694
2023-11-24,298754,299735,296301,297283,13106,-0.004923783447250862
2023-11-27,297282,300226,295811,299245,23484,0.006599771934486576
2023-11-28,298753,312980,298753,303169,81039,0.013113001052649231
2023-11-29,304150,306112,297773,297773,34565,-0.017798653556267308
2023-11-30,299735,301698,296301,301698,39375,0.013181181638362016
2023-12-01,301697,305131,298263,300716,29891,-0.003254910539678746
2023-12-04,300716,303659,298263,301207,27460,0.0016327697894358284
2023-12-05,300226,311999,298754,309547,44025,0.027688599534539282
2023-12-06,312981,312981,303660,305132,33395,-0.014262777542667138
2023-12-07,305621,333093,303169,321320,194406,0.05305244943172127
2023-12-08,322301,323773,318377,321811,38305,0.0015280717042200909
2023-12-11,322791,324753,314942,318867,47877,-0.009148226754212896
2023-12-12,319848,328188,319358,322792,40972,0.01230920728705076
2023-12-13,323282,325735,319848,322792,26392,0.0
2023-12-14,326716,331621,324753,326716,55167,0.012156435103719998
2023-12-15,327697,328187,320829,322301,35821,-0.0135132653436012
2023-12-18,320830,327207,319358,324264,26857,0.0060905799237358504
2023-12-19,324754,326716,323282,323773,21581,-0.0015141983075518395
2023-12-20,327697,328187,322791,325735,27354,0.0060598011569834576
2023-12-21,324263,327697,320338,322301,26128,-0.01054231200208755
2023-12-22,322791,326225,318867,323773,37113,0.004567159270371546
2023-12-26,326716,342415,325735,338000,112436,0.04394127984730045
2023-12-27,342500,349000,339000,340000,83293,0.00591715976331364
2023-12-28,341000,353000,340500,352500,88576,0.03676470588235303
2024-01-02,353500,359500,349000,358000,75411,0.015602836879432536
2024-01-03,360000,377000,358500,366500,135738,0.023743016759776525
2024-01-04,370000,376500,355500,361000,90595,-0.01500682128240105
2024-01-05,361500,364500,347500,355000,63905,-0.0166204986149584
2024-01-08,355000,361500,348500,348500,41360,-0.018309859154929553
2024-01-09,354000,356000,346000,347500,52638,-0.0028694404591105283
2024-01-10,352500,353000,347500,350000,28806,0.007194244604316502
2024-01-11,348000,350000,340000,345000,47714,-0.014285714285714235
2024-01-12,345000,358000,345000,353000,49319,0.023188405797101463
2024-01-15,375000,376500,333000,338000,165075,-0.04249291784702547
2024-01-16,338000,371500,334500,341000,367663,0.008875739644970349
2024-01-17,335000,341000,320000,330500,92739,-0.030791788856304958
2024-01-18,330500,334500,323000,324500,52230,-0.018154311649016597
2024-01-19,323000,328500,316000,318000,62489,-0.02003081664098616
2024-01-22,320500,331500,318500,325500,37270,0.02358490566037741
2024-01-23,327000,330500,324500,326500,35172,0.003072196620583778
2024-01-24,327500,327500,323500,325000,19692,-0.004594180704441064
2024-01-25,324500,336000,323000,332000,47630,0.021538461538461506
2024-01-26,333000,343500,330500,338000,42155,0.01807228915662651
2024-01-29,339000,346500,334000,334500,37992,-0.010355029585798814
2024-01-30,335500,336000,325500,330000,30170,-0.013452914798206317
2024-01-31,328500,331500,322000,324000,29884,-0.018181818181818188
2024-02-01,323500,324000,311500,315500,58980,-0.026234567901234573
2024-02-02,316000,320500,314500,318500,30768,0.009508716323296307
2024-02-05,326000,335000,313000,314500,77704,-0.012558869701726816
2024-02-06,314500,323000,314000,321500,39985,0.022257551669316422
2024-02-07,324000,340500,320500,337000,81694,0.04821150855365475
2024-02-08,339500,341000,333000,334500,34371,-0.007418397626112738
2024-02-13,338000,342000,333000,339500,30379,0.014947683109117982
2024-02-14,336500,338500,328500,336000,23701,-0.010309278350515427
2024-02-15,339000,339500,331000,331000,28774,-0.014880952380952328
2024-02-16,334000,338000,332000,335500,21798,0.013595166163141936
2024-02-19,336000,341500,333000,336500,22562,0.0029806259314455463
2024-02-20,338500,352500,336000,342000,61004,0.01634472511144125
2024-02-21,344500,348000,338000,344500,37395,0.007309941520467822
2024-02-22,345000,346000,329500,333500,43407,-0.03193033381712629
2024-02-23,333000,338500,330000,332000,42137,-0.004497751124437732
2024-02-26,332000,346500,332000,338000,48141,0.01807228915662651
2024-02-27,341500,345000,333000,336000,37799,-0.00591715976331364
2024-02-28,339500,340500,332500,339000,32175,0.008928571428571397
2024-02-29,336000,340000,333000,334000,33370,-0.014749262536873142
2024-03-04,334000,338500,322500,323000,61523,-0.03293413173652693
2024-03-05,323000,327000,320000,322000,30734,-0.003095975232198178
2024-03-06,323000,329500,318000,328000,41094,0.01863354037267073
2024-03-07,327000,329500,315000,316500,42272,-0.03506097560975607
2024-03-08,321500,335000,321500,334000,61927,0.05529225908372837
2024-03-11,341000,349000,333500,335000,88718,0.0029940119760478723
2024-03-12,335000,345000,330500,338000,60814,0.008955223880596996
2024-03-13,339000,339000,331500,336500,36983,-0.004437869822485174
2024-03-14,336500,338500,328500,333000,54001,-0.010401188707280795
2024-03-15,335000,338000,321000,321500,59847,-0.03453453453453459
2024-03-18,323000,331000,323000,327000,40464,0.01710730948678063
2024-03-19,327500,327500,320000,326000,27242,-0.003058103975535187
2024-03-20,328500,333000,322000,326500,37198,0.0015337423312884457
2024-03-21,328500,334000,325500,334000,40500,0.02297090352220521
2024-03-22,334000,336000,330500,333000,35044,-0.0029940119760478723
2024-03-25,339000,350000,337000,347000,114809,0.04204204204204198
2024-03-26,347500,349000,330500,346500,70716,-0.0014409221902017544
2024-03-27,346000,347500,338000,345000,43856,-0.0043290043290042934
2024-03-28,345000,348500,339500,342000,56557,-0.008695652173912993
2024-03-29,342000,344000,322000,333000,107481,-0.02631578947368418
2024-04-01,334500,334500,327000,328000,35557,-0.01501501501501501
2024-04-02,325500,328000,320000,320500,57899,-0.02286585365853655
2024-04-03,321500,325000,310500,311000,72358,-0.029641185647425905
2024-04-04,313000,318000,313000,314500,30316,0.0112540192926045
2024-04-05,310500,317500,310500,314500,25313,0.0
2024-04-08,314500,314500,307000,309000,30434,-0.01748807631160576
2024-04-09,306000,312000,305500,306000,22608,-0.009708737864077666
2024-04-11,303000,313000,302000,313000,47868,0.02287581699346397
2024-04-12,312000,318000,306500,316000,30282,0.009584664536741228
2024-04-15,314500,314500,305500,306000,27999,-0.03164556962025311
2024-04-16,302000,305500,298500,300000,25846,-0.019607843137254943
2024-04-17,298500,302500,296000,297500,32860,-0.008333333333333304
2024-04-18,299000,316000,299000,316000,40567,0.06218487394957983
2024-04-19,312000,312000,304500,308500,23500,-0.02373417721518989
2024-04-22,313000,318500,311500,313500,19277,0.01620745542949753
2024-04-23,314500,317000,310500,314500,14732,0.0031897926634769647
2024-04-24,316000,316500,312000,315000,15054,0.0015898251192367763
2024-04-25,314000,317000,310000,310000,15491,-0.015873015873015928
2024-04-26,311000,314500,308500,310500,21794,0.001612903225806539
2024-04-29,313500,319000,313000,318500,27732,0.025764895330112614
2024-04-30,316500,321500,315500,316500,36262,-0.006279434850863463
2024-05-02,319000,321500,317000,319500,30894,0.009478672985782088
2024-05-03,322000,322000,316000,317000,17868,-0.007824726134585291
2024-05-07,321000,325000,320500,324000,35926,0.02208201892744488
2024-05-08,327000,333000,323000,327000,46283,0.0092592592592593
2024-05-09,327000,327500,318500,319000,28475,-0.024464831804281384
2024-05-10,322500,326000,318500,318500,19543,-0.0015673981191222097
2024-05-13,318500,318500,312500,314000,21340,-0.014128728414442682
2024-05-14,315000,321000,313500,316500,16680,0.0079617834394905
2024-05-16,321000,325000,320000,322000,36005,0.017377567140600236
2024-05-17,319000,328500,317500,324500,28341,0.007763975155279601
2024-05-20,327500,327500,315000,316500,41086,-0.024653312788906034
2024-05-21,314000,317000,311500,313500,23069,-0.009478672985781977
2024-05-22,313000,318500,309000,309500,31072,-0.012759170653907526
2024-05-23,310000,310000,303000,303500,30267,-0.01938610662358642
2024-05-24,300500,302500,295000,298000,38456,-0.018121911037891292
2024-05-27,299500,300000,293500,300000,33454,0.006711409395973256
2024-05-28,297000,300000,296000,298000,18452,-0.00666666666666671
2024-05-29,295500,295500,286000,291000,50237,-0.023489932885906062
2024-05-30,288500,292500,285500,286500,42648,-0.015463917525773141
2024-05-31,289000,289000,280500,283500,69674,-0.010471204188481686
2024-06-03,284500,292000,284000,288500,24331,0.01763668430335108
2024-06-04,288500,294500,287000,292500,33067,0.013864818024263537
2024-06-05,291500,296000,290500,294000,29162,0.00512820512820511
2024-06-07,298500,299000,292000,296000,30786,0.006802721088435382
2024-06-10,293000,293500,283500,283500,54609,-0.042229729729729715
2024-06-11,283500,285000,280500,281500,43782,-0.007054673721340388
2024-06-12,282000,284000,280500,284000,24010,0.008880994671403242
2024-06-13,285000,288500,280000,280000,70853,-0.014084507042253502
2024-06-14,280000,281500,276000,278000,32518,-0.0071428571428571175
2024-06-17,279000,283500,275500,280500,39738,0.008992805755395628
2024-06-18,289000,289000,278000,280000,42516,-0.0017825311942959443
2024-06-19,278000,283000,275000,281000,46080,0.0035714285714285587
2024-06-20,280500,284000,278500,279000,27642,-0.007117437722419906
2024-06-21,280000,282000,276000,277500,44366,-0.005376344086021501
2024-06-24,277000,279000,272500,273500,29872,-0.014414414414414378
2024-06-25,277000,281500,275500,279000,52147,0.02010968921389389
2024-06-26,279500,280000,273500,277000,25440,-0.007168458781361964
2024-06-27,274500,275500,269500,270000,43884,-0.02527075812274371
2024-06-28,269000,271500,266000,270500,33621,0.0018518518518517713
2024-07-01,269500,287500,269500,285500,72967,0.055452865064695045
2024-07-02,288000,288000,282000,285000,56051,-0.0017513134851138146
2024-07-03,287000,287000,279000,280500,37119,-0.015789473684210575
2024-07-04,286000,288500,276500,278500,61076,-0.007130124777183555
2024-07-05,279500,289500,279000,287000,62204,0.030520646319569078
2024-07-08,288000,290000,278000,280000,55298,-0.024390243902439046
2024-07-09,282500,287500,281500,283500,36663,0.012499999999999956
2024-07-10,283000,303000,281500,302000,121228,0.06525573192239853
2024-07-11,305500,310000,299500,304000,109277,0.0066225165562914245
2024-07-12,301500,309000,298500,306500,54488,0.008223684210526327
2024-07-15,310000,311000,303000,304000,45036,-0.00815660685154973
2024-07-16,303500,305000,295500,299000,39702,-0.016447368421052655
2024-07-17,301000,306500,297500,304500,38281,0.018394648829431537
2024-07-18,307000,309000,302500,307000,38084,0.008210180623973828
2024-07-19,304000,306000,298500,303000,20682,-0.013029315960912058
2024-07-22,303000,304000,297000,300500,21168,-0.008250825082508295
2024-07-23,300000,304000,297000,297500,35944,-0.009983361064891838
2024-07-24,297500,306500,296500,306000,41119,0.02857142857142847
2024-07-25,303000,313500,302500,305000,83563,-0.0032679738562091387
2024-07-26,309500,313500,302000,304000,59833,-0.003278688524590123
2024-07-29,305000,312000,304500,306500,40763,0.008223684210526327
2024-07-30,306500,308000,300500,304000,34983,-0.00815660685154973
2024-07-31,310000,310000,288000,289000,84924,-0.049342105263157854
2024-08-01,289000,299000,287500,295000,44405,0.02076124567474058
2024-08-02,292000,295000,284500,285500,38496,-0.03220338983050852
2024-08-05,282000,284000,258000,264500,61096,-0.0735551663747811
2024-08-06,271000,279500,269000,276000,36809,0.04347826086956519
2024-08-07,273000,289000,271000,280000,51233,0.01449275362318847
2024-08-08,280000,286000,275000,285000,41155,0.017857142857142794
2024-08-09,288500,288500,279500,281000,38498,-0.01403508771929829
2024-08-12,282500,287500,282000,286000,21738,0.017793594306049876
2024-08-13,284000,285500,281000,283000,18088,-0.010489510489510523
2024-08-14,284500,286000,278000,284500,27885,0.005300353356890497
2024-08-16,287000,291500,286000,289000,25353,0.01581722319859402
2024-08-19,290000,296000,287500,295500,34759,0.02249134948096887
2024-08-20,295000,295000,287000,288000,31202,-0.025380710659898442
2024-08-21,289500,297000,289000,294000,48616,0.02083333333333326
2024-08-22,294500,297500,290000,295500,34841,0.005102040816326481
2024-08-23,294000,305500,293500,304500,63838,0.030456852791878264
2024-08-26,304000,304500,298500,304000,38569,-0.0016420361247947435
2024-08-27,303500,304000,298000,300000,30025,-0.013157894736842146
2024-08-28,299000,301500,295500,296500,52667,-0.011666666666666714
2024-08-29,296500,310000,295000,302500,81401,0.02023608768971341
2024-08-30,305000,320000,304000,315500,167231,0.04297520661157028
2024-09-02,319000,319500,304500,309000,60263,-0.020602218700475405
2024-09-03,307500,315000,306000,310000,53951,0.003236245954692629
2024-09-04,301000,307000,293000,293500,68290,-0.0532258064516129
2024-09-05,295000,297500,285000,290000,44953,-0.011925042589437829
2024-09-06,292000,318000,291000,315500,165365,0.08793103448275863
2024-09-09,309000,319500,305000,315500,79816,0.0
2024-09-10,328000,337000,322000,324500,186708,0.028526148969889142
2024-09-11,324500,330000,311000,315000,110802,-0.02927580893682591
2024-09-12,317500,325500,314000,322500,77718,0.023809523809523725
2024-09-13,327500,327500,315500,323500,54915,0.0031007751937983663
2024-09-19,326500,334000,324000,331000,83951,0.023183925811437467
2024-09-20,331000,341000,328000,332000,142998,0.0030211480362538623
2024-09-23,337500,339500,331500,333500,54173,0.004518072289156683
2024-09-24,334500,341000,323000,337000,95994,0.010494752623688264
2024-09-25,340500,340500,324500,326000,59128,-0.03264094955489616
2024-09-26,326000,338500,325500,338000,54586,0.036809815950920255
2024-09-27,331500,333000,311500,313500,160904,-0.0724852071005917
2024-09-30,313500,324500,313000,321500,72408,0.02551834130781505
2024-10-02,318000,319500,313500,316000,34730,-0.017107309486780742
2024-10-04,314500,331000,314000,329000,66803,0.04113924050632911
2024-10-07,329000,329500,319500,321000,46876,-0.024316109422492405
2024-10-08,323000,326500,320000,321500,39234,0.0015576323987538387
2024-10-10,325000,330000,320000,321500,52159,0.0
2024-10-11,322500,333000,320000,328500,56950,0.021772939346811793
2024-10-14,330000,330000,321000,324500,45550,-0.0121765601217656
2024-10-15,322000,323000,316000,321500,65509,-0.009244992295839749
2024-10-16,320500,321000,313000,314000,54641,-0.023328149300155476
2024-10-17,315000,332000,310000,322000,98090,0.02547770700636942
2024-10-18,323500,375000,321500,350500,464485,0.08850931677018625
2024-10-21,347000,351000,342000,345500,104109,-0.014265335235377985
2024-10-22,345500,346000,330500,333000,96419,-0.0361794500723589
2024-10-23,328500,336500,317000,318500,96997,-0.043543543543543506
2024-10-24,318500,342000,316000,333000,185468,0.04552590266875978
2024-10-25,338000,338500,326500,330500,94167,-0.007507507507507505
2024-10-28,332000,334000,324000,328000,58100,-0.0075642965204235635
2024-10-29,330000,335000,325000,332000,60470,0.012195121951219523
2024-10-30,334000,342500,328000,330000,138519,-0.0060240963855421326
2024-10-31,325500,330000,318500,320500,66618,-0.028787878787878807
2024-11-01,319000,320500,306500,306500,103262,-0.043681747269890825
2024-11-04,310000,338000,306500,335000,115700,0.09298531810766719
2024-11-05,350000,367000,336000,336500,340861,0.004477611940298498
2024-11-06,338500,346500,328000,346000,110767,0.028231797919762158
2024-11-07,343500,343500,317000,321500,130257,-0.07080924855491333
2024-11-08,324000,331500,318500,323000,109142,0.004665629860031162
2024-11-11,323500,342500,317000,339000,145254,0.049535603715170184
2024-11-12,332000,333500,309500,313000,137959,-0.07669616519174038
2024-11-13,315000,318500,311000,312500,105315,-0.0015974440894568342
2024-11-14,315000,315000,292000,296000,135680,-0.05279999999999996
2024-11-15,292000,298000,282500,289500,82166,-0.02195945945945943
2024-11-18,283000,290000,276500,285000,83909,-0.015544041450777257
2024-11-19,282000,290000,280500,283500,68063,-0.0052631578947368585
2024-11-20,284000,286000,280000,281000,51834,-0.00881834215167554
2024-11-21,281500,284000,275500,281000,82296,0.0
2024-11-22,283000,285000,275500,278000,58123,-0.010676156583629859
2024-11-25,279000,284000,277000,280000,70645,0.007194244604316502
2024-11-26,280000,283500,277000,279500,47480,-0.0017857142857142794
2024-11-27,281000,285000,280000,283500,40153,0.014311270125223707
2024-11-28,283500,291000,283000,286500,42768,0.010582010582010692
2024-11-29,285000,285500,271000,272500,81226,-0.048865619546247796
2024-12-02,275500,277500,268500,275000,52332,0.00917431192660545
2024-12-03,275500,281500,274500,280000,57648,0.018181818181818077
2024-12-04,274000,279000,269500,273000,48509,-0.025000000000000022
2024-12-05,272000,273500,263500,264500,46234,-0.031135531135531136
2024-12-06,264500,270500,257500,263000,42986,-0.005671077504725952
2024-12-09,256500,257500,243500,245000,78229,-0.0684410646387833
2024-12-10,245000,258000,245000,256500,42919,0.04693877551020398
2024-12-11,256000,268000,255500,263500,39540,0.02729044834308003
2024-12-12,266000,271000,261000,265500,67552,0.007590132827324458
2024-12-13,265500,273000,263000,269500,41459,0.015065913370998052
2024-12-16,272000,274000,270000,272500,36631,0.011131725417439675
2024-12-17,272500,275000,269000,270500,36800,-0.007339449541284404
2024-12-18,273000,275000,269500,273500,26058,0.01109057301293892
2024-12-19,269500,272500,267500,269000,41231,-0.01645338208409508
2024-12-20,266500,269000,261000,266500,35431,-0.009293680297397744
2024-12-23,269000,269000,264000,266500,20689,0.0
2024-12-24,268500,269000,264000,267500,19785,0.0037523452157599557
2024-12-26,268500,277500,265000,275000,67007,0.028037383177569986
2024-12-27,276000,283000,270000,273000,43632,-0.0072727272727273196
2024-12-30,273500,285500,271000,280500,45442,0.027472527472527375
2025-01-02,280000,283000,277500,278500,29264,-0.007130124777183555
2025-01-03,278500,284500,277000,283000,31782,0.016157989228007263
2025-01-06,283500,284000,278000,283000,36623,0.0
2025-01-07,283500,287500,281500,283500,39239,0.0017667844522968323
2025-01-08,282000,286000,276000,278000,57296,-0.01940035273368612
2025-01-09,279000,284000,276500,284000,67397,0.021582733812949728
2025-01-10,282000,282000,269500,271000,96733,-0.045774647887323994
2025-01-13,270500,271000,258500,260500,75513,-0.03874538745387457
2025-01-14,262000,263500,258500,260500,31691,0.0
