Date,Open,High,Low,Close,Volume,Change
2022-01-03,79900,79900,79900,79900,0,0.0
2022-01-04,76000,79900,76000,79900,2,0.0
2022-01-05,78000,78000,78000,78000,1,-0.02377972465581979
2022-01-06,78000,78000,78000,78000,0,0.0
2022-01-07,79000,79000,79000,79000,2,0.012820512820512775
2022-01-10,79000,79000,79000,79000,0,0.0
2022-01-11,77100,77100,76000,76000,306,-0.03797468354430378
2022-01-12,75500,75500,75500,75500,2,-0.006578947368421018
2022-01-13,75700,75700,75700,75700,0,0.0026490066225166586
2022-01-14,76000,76000,75700,75700,20,0.0
2022-01-17,75700,75700,75700,75700,1,0.0
2022-01-18,75700,75700,75700,75700,1,0.0
2022-01-19,75700,75700,75700,75700,0,0.0
2022-01-20,76000,76000,76000,76000,0,0.003963011889035695
2022-01-21,76000,76000,76000,76000,0,0.0
2022-01-24,76000,76000,76000,76000,0,0.0
2022-01-25,76000,76000,76000,76000,0,0.0
2022-01-26,74600,74600,74600,74600,1,-0.018421052631578894
2022-01-27,74500,76000,74000,74000,37,-0.008042895442359255
2022-01-28,74000,74000,74000,74000,0,0.0
2022-02-03,74000,74000,74000,74000,0,0.0
2022-02-04,74000,74000,74000,74000,0,0.0
2022-02-07,75900,75900,75900,75900,11,0.025675675675675746
2022-02-08,75000,75000,75000,75000,0,-0.011857707509881465
2022-02-09,74000,74000,70000,70300,156,-0.06266666666666665
2022-02-10,72000,72000,72000,72000,1,0.024182076813655806
2022-02-11,72000,72000,70000,70000,125,-0.02777777777777779
2022-02-14,70000,70000,70000,70000,0,0.0
2022-02-15,70000,70000,70000,70000,0,0.0
2022-02-16,69900,69900,69900,69900,10,-0.0014285714285714457
2022-02-17,69900,69900,69900,69900,0,0.0
2022-02-18,74000,74000,64200,68000,70,-0.027181688125894166
2022-02-21,66100,66100,66100,66100,3,-0.027941176470588247
2022-02-22,66100,66100,66100,66100,0,0.0
2022-02-23,66100,68000,66100,68000,9,0.02874432677760974
2022-02-24,66000,66000,66000,66000,15,-0.02941176470588236
2022-02-25,66000,66000,66000,66000,133,0.0
2022-02-28,66000,66000,66000,66000,0,0.0
2022-03-02,68000,70000,68000,68000,21,0.030303030303030276
2022-03-03,68000,68000,68000,68000,0,0.0
2022-03-04,68000,68000,68000,68000,0,0.0
2022-03-07,68000,68000,68000,68000,0,0.0
2022-03-08,68000,68000,68000,68000,0,0.0
2022-03-10,66000,66000,64000,66000,3,-0.02941176470588236
2022-03-11,66000,66000,66000,66000,0,0.0
2022-03-14,64000,64000,64000,64000,121,-0.030303030303030276
2022-03-15,62500,62500,62000,62000,31,-0.03125
2022-03-16,64000,64000,62000,62000,2,0.0
2022-03-17,62000,62000,62000,62000,0,0.0
2022-03-18,64000,64000,64000,64000,1,0.032258064516129004
2022-03-21,62000,66000,62000,66000,2,0.03125
2022-03-22,66000,69900,65000,69900,32,0.05909090909090908
2022-03-23,70000,70000,70000,70000,1,0.0014306151645206988
2022-03-24,70000,70000,70000,70000,0,0.0
2022-03-25,70000,70000,70000,70000,0,0.0
2022-03-28,68000,68000,68000,68000,1,-0.02857142857142858
2022-03-29,68000,68000,68000,68000,0,0.0
2022-03-30,66000,68000,66000,68000,2,0.0
2022-03-31,67000,68000,67000,68000,9,0.0
2022-04-01,68000,68000,68000,68000,0,0.0
2022-04-04,68000,68000,68000,68000,0,0.0
2022-04-05,69000,69000,62200,62200,53,-0.08529411764705885
2022-04-06,65900,67800,64000,64000,23,0.02893890675241151
2022-04-07,66000,66000,66000,66000,1,0.03125
2022-04-08,66000,67000,66000,67000,2,0.015151515151515138
2022-04-11,67500,68000,66000,68000,12,0.014925373134328401
2022-04-12,69000,69000,68000,68000,3,0.0
2022-04-13,66000,66000,66000,66000,11,-0.02941176470588236
2022-04-14,68000,68000,68000,68000,1,0.030303030303030276
2022-04-15,66100,66100,62800,62800,36,-0.07647058823529407
2022-04-18,66000,68000,66000,68000,2,0.08280254777070062
2022-04-19,66100,66100,66100,66100,15,-0.027941176470588247
2022-04-20,64100,64100,64100,64100,101,-0.030257186081694365
2022-04-21,68000,68900,68000,68900,4,0.07488299531981268
2022-04-22,67800,67800,67800,67800,0,-0.01596516690856309
2022-04-25,63500,63500,63500,63500,100,-0.06342182890855452
2022-04-26,64000,65200,64000,64000,116,0.007874015748031482
2022-04-27,66000,66000,66000,66000,0,0.03125
2022-04-28,65000,65000,62000,62000,145,-0.06060606060606055
2022-04-29,63000,63000,63000,63000,15,0.016129032258064502
2022-05-02,60000,60000,60000,60000,100,-0.04761904761904767
2022-05-03,60000,60000,60000,60000,0,0.0
2022-05-04,58000,58000,58000,58000,100,-0.033333333333333326
2022-05-06,60000,60000,60000,60000,14,0.034482758620689724
2022-05-09,60000,60000,60000,60000,0,0.0
2022-05-10,60000,60000,60000,60000,0,0.0
2022-05-11,60000,60000,60000,60000,1,0.0
2022-05-12,61900,61900,61900,61900,1,0.03166666666666673
2022-05-13,61900,61900,61000,61000,10,-0.014539579967689842
2022-05-16,60900,60900,60900,60900,0,-0.0016393442622950616
2022-05-17,58500,58500,58500,58500,0,-0.039408866995073843
2022-05-18,58500,58500,58500,58500,0,0.0
2022-05-19,58500,58500,58500,58500,0,0.0
2022-05-20,58500,58500,58500,58500,0,0.0
2022-05-23,58500,58500,58500,58500,0,0.0
2022-05-24,58500,58500,58500,58500,0,0.0
2022-05-25,58500,58500,58500,58500,0,0.0
2022-05-26,58500,58500,58500,58500,0,0.0
2022-05-27,57600,57600,57600,57600,10,-0.01538461538461533
2022-05-30,57600,57600,57600,57600,0,0.0
2022-05-31,57600,57600,57600,57600,0,0.0
2022-06-02,56600,56600,56600,56600,100,-0.01736111111111116
2022-06-03,56600,56600,56600,56600,0,0.0
2022-06-07,56600,56600,56600,56600,0,0.0
2022-06-08,56600,56600,56600,56600,0,0.0
2022-06-09,56600,56600,56600,56600,0,0.0
2022-06-10,56600,56600,56600,56600,0,0.0
2022-06-13,62000,62000,60000,60000,11,0.060070671378091856
2022-06-14,60000,60000,60000,60000,0,0.0
2022-06-15,60000,60000,60000,60000,0,0.0
2022-06-16,60000,60000,60000,60000,0,0.0
2022-06-17,60000,60000,60000,60000,0,0.0
2022-06-20,58000,58000,54000,54000,8,-0.09999999999999998
2022-06-21,56000,56000,56000,56000,1,0.03703703703703698
2022-06-22,56000,56000,56000,56000,0,0.0
2022-06-23,56000,56000,56000,56000,0,0.0
2022-06-24,54000,54000,50000,51000,234,-0.0892857142857143
2022-06-27,54000,55000,54000,55000,3,0.07843137254901955
2022-06-28,56000,56000,54000,55000,12,0.0
2022-06-29,55000,55000,55000,55000,0,0.0
2022-06-30,56000,56000,56000,56000,1,0.018181818181818077
2022-07-01,58000,58000,58000,58000,1,0.03571428571428581
2022-07-04,56000,56000,52000,52000,8,-0.10344827586206895
2022-07-05,54000,54000,54000,54000,1,0.03846153846153855
2022-07-06,56000,56000,54000,54000,2,0.0
2022-07-07,54000,54000,54000,54000,0,0.0
2022-07-08,54000,54000,54000,54000,0,0.0
2022-07-11,52000,58000,52000,58000,4,0.07407407407407418
2022-07-12,56000,56000,52000,52000,6,-0.10344827586206895
2022-07-13,52000,52000,52000,52000,0,0.0
2022-07-14,54000,56000,54000,56000,2,0.07692307692307687
2022-07-15,55100,55100,55100,55100,10,-0.016071428571428625
2022-07-18,54000,56000,54000,56000,2,0.016333938294010864
2022-07-19,58000,58000,58000,58000,1,0.03571428571428581
2022-07-20,56000,56000,56000,56000,1,-0.03448275862068961
2022-07-21,58000,58000,58000,58000,1,0.03571428571428581
2022-07-22,58000,58000,58000,58000,1,0.0
2022-07-25,56000,56000,56000,56000,11,-0.03448275862068961
2022-07-26,56000,56000,56000,56000,0,0.0
2022-07-27,54000,54000,54000,54000,101,-0.0357142857142857
2022-07-28,52000,54000,52000,54000,111,0.0
2022-07-29,52000,54000,52000,54000,19,0.0
2022-08-01,52000,52000,52000,52000,11,-0.03703703703703709
2022-08-02,50000,52000,50000,52000,62,0.0
2022-08-03,49950,49950,49950,49950,271,-0.039423076923076894
2022-08-04,49950,57300,49950,50000,188,0.0010010010010010895
2022-08-05,57400,57400,57400,57400,1,0.1479999999999999
2022-08-08,51900,52000,51900,52000,130,-0.09407665505226481
2022-08-09,49000,49000,49000,49000,122,-0.05769230769230771
2022-08-10,47000,47000,47000,47000,2,-0.04081632653061229
2022-08-11,46000,46000,46000,46000,1,-0.021276595744680882
2022-08-12,48900,52800,48900,52800,23,0.14782608695652177
2022-08-16,54000,54000,54000,54000,1,0.022727272727272707
2022-08-17,54000,54000,54000,54000,0,0.0
2022-08-18,52000,52000,52000,52000,14,-0.03703703703703709
2022-08-19,54000,54000,54000,54000,1,0.03846153846153855
2022-08-22,53900,53900,53900,53900,0,-0.0018518518518518823
2022-08-23,52900,52900,52900,52900,0,-0.01855287569573283
2022-08-24,52000,52000,50000,50000,16,-0.05482041587901698
2022-08-25,50000,50000,50000,50000,0,0.0
2022-08-26,50000,50000,50000,50000,0,0.0
2022-08-29,50000,50000,50000,50000,0,0.0
2022-08-30,47950,47950,47950,47950,100,-0.041000000000000036
2022-08-31,47600,47600,47600,47600,0,-0.007299270072992692
2022-09-01,47600,47600,47600,47600,0,0.0
2022-09-02,48000,48000,48000,48000,2,0.008403361344537785
2022-09-05,48950,48950,48950,48950,2,0.019791666666666652
2022-09-06,49950,49950,49950,49950,10,0.020429009193054126
2022-09-07,48600,48600,48600,48600,0,-0.027027027027026973
2022-09-08,48600,48600,48600,48600,0,0.0
2022-09-13,49950,54000,49950,54000,4,0.11111111111111116
2022-09-14,52100,52100,52100,52100,0,-0.03518518518518521
2022-09-15,52000,52000,50000,50000,22,-0.040307101727447225
2022-09-16,49600,49600,49600,49600,0,-0.008000000000000007
2022-09-19,49600,49600,49600,49600,0,0.0
2022-09-20,49600,49600,49600,49600,0,0.0
2022-09-21,49500,49500,49500,49500,0,-0.0020161290322581182
2022-09-22,49500,49500,49500,49500,0,0.0
2022-09-23,49500,49500,49500,49500,0,0.0
2022-09-26,49000,49000,47000,47000,3,-0.0505050505050505
2022-09-27,46550,46550,46550,46550,0,-0.009574468085106425
2022-09-28,49000,49000,45000,45000,7,-0.03329752953813103
2022-09-29,45950,45950,45950,45950,1,0.02111111111111108
2022-09-30,44000,44000,44000,44000,1,-0.042437431991294905
2022-10-04,44950,50500,44950,46950,16,0.06704545454545463
2022-10-05,49000,49000,49000,49000,1,0.04366347177848784
2022-10-06,50000,50000,50000,50000,17,0.020408163265306145
2022-10-07,49650,49650,49650,49650,0,-0.007000000000000006
2022-10-11,49650,49650,49650,49650,0,0.0
2022-10-12,49600,49600,49600,49600,0,-0.001007049345417954
2022-10-13,49000,49000,49000,49000,1,-0.012096774193548376
2022-10-14,49000,49000,49000,49000,0,0.0
2022-10-17,49000,49000,49000,49000,0,0.0
2022-10-18,50000,50000,42000,48000,15,-0.020408163265306145
2022-10-19,49000,49000,49000,49000,1,0.02083333333333326
2022-10-20,49000,49000,49000,49000,0,0.0
2022-10-21,48000,48000,47000,47000,2,-0.04081632653061229
2022-10-24,47000,47000,47000,47000,0,0.0
2022-10-25,47000,47000,47000,47000,0,0.0
2022-10-26,48000,48000,48000,48000,1,0.02127659574468077
2022-10-27,49000,50000,49000,50000,2,0.04166666666666674
2022-10-28,50400,50400,50400,50400,0,0.008000000000000007
2022-10-31,49650,49650,49650,49650,0,-0.014880952380952328
2022-11-01,49650,49650,49650,49650,0,0.0
2022-11-02,52000,52000,52000,52000,1,0.04733131923464251
2022-11-03,52000,52000,52000,52000,0,0.0
2022-11-04,54000,54000,53900,53900,2,0.03653846153846163
2022-11-07,56000,56000,56000,56000,1,0.03896103896103886
2022-11-08,57500,57500,52000,52000,14,-0.0714285714285714
2022-11-09,51800,51800,48900,48900,104,-0.059615384615384626
2022-11-10,48900,48900,48900,48900,0,0.0
2022-11-11,48500,48500,48500,48500,0,-0.008179959100204526
2022-11-14,48500,48500,48500,48500,1,0.0
2022-11-15,48050,48050,48050,48050,2,-0.009278350515463885
2022-11-16,50000,50000,50000,50000,1,0.04058272632674287
2022-11-17,52000,52000,52000,52000,1,0.040000000000000036
2022-11-18,51000,51000,51000,51000,0,-0.019230769230769273
2022-11-21,54000,54000,50000,50000,135,-0.019607843137254943
2022-11-22,52000,52000,48000,49000,88,-0.020000000000000018
2022-11-23,49000,49000,47950,49000,192,0.0
2022-11-24,49050,49050,48900,48900,6,-0.0020408163265306367
2022-11-25,48500,48500,42050,47900,16,-0.020449897750511203
2022-11-28,48000,48000,47000,47000,13,-0.018789144050104345
2022-11-29,45000,48000,43000,46050,50,-0.02021276595744681
2022-11-30,48000,50000,48000,49000,4,0.06406080347448428
2022-12-01,50000,50000,50000,50000,11,0.020408163265306145
2022-12-02,47050,47050,47050,47050,2,-0.05900000000000005
2022-12-05,49000,49000,49000,49000,0,0.04144527098831041
2022-12-06,49050,49050,49050,49050,43,0.0010204081632652073
2022-12-07,49100,49100,49100,49100,100,0.0010193679918450993
2022-12-08,49050,49050,49050,49050,0,-0.0010183299389001643
2022-12-09,49100,56000,49100,54000,104,0.10091743119266061
2022-12-12,52900,52900,52900,52900,0,-0.020370370370370372
2022-12-13,49850,49850,49850,49850,104,-0.05765595463137996
2022-12-14,49850,49850,49850,49850,1,0.0
2022-12-15,49850,49850,49850,49850,2,0.0
2022-12-16,49000,49000,49000,49000,1,-0.017051153460381108
2022-12-19,49000,49000,49000,49000,1,0.0
2022-12-20,49000,49000,49000,49000,0,0.0
2022-12-21,49650,49650,49650,49650,100,0.013265306122449028
2022-12-22,48000,48000,48000,48000,100,-0.033232628398791486
2022-12-23,42500,45000,42500,45000,54,-0.0625
2022-12-26,47000,47000,47000,47000,100,0.04444444444444451
2022-12-27,48000,48000,48000,48000,1,0.02127659574468077
2022-12-28,47000,47000,47000,47000,100,-0.02083333333333337
2022-12-29,46000,54000,46000,54000,108,0.14893617021276606
2023-01-02,52000,52000,51000,51000,101,-0.05555555555555558
2023-01-03,51000,51000,51000,51000,100,0.0
2023-01-04,51000,51000,51000,51000,0,0.0
2023-01-05,50000,50000,50000,50000,1,-0.019607843137254943
2023-01-06,50000,50000,50000,50000,0,0.0
2023-01-09,50000,50000,48000,48000,105,-0.040000000000000036
2023-01-10,49000,49000,46000,47000,19,-0.02083333333333337
2023-01-11,48000,49000,48000,49000,2,0.042553191489361764
2023-01-12,43500,44000,42550,44000,177,-0.10204081632653061
2023-01-13,45000,49000,45000,49000,5,0.11363636363636354
2023-01-16,50000,50000,42500,43800,105,-0.10612244897959189
2023-01-17,50000,50000,50000,50000,1,0.14155251141552516
2023-01-18,50000,50000,50000,50000,12,0.0
2023-01-19,49000,49000,42600,43000,77,-0.14
2023-01-20,43000,49000,43000,49000,7,0.13953488372093026
2023-01-25,48000,48000,47000,47000,103,-0.04081632653061229
2023-01-26,47000,47000,47000,47000,1,0.0
2023-01-27,46000,46000,44100,44200,105,-0.05957446808510636
2023-01-30,46000,46000,46000,46000,1,0.040723981900452566
2023-01-31,45000,45000,42000,42000,104,-0.08695652173913049
2023-02-01,45000,45000,41950,42500,531,0.011904761904761862
2023-02-02,42500,44000,42500,44000,7,0.03529411764705892
2023-02-03,43450,43450,43450,43450,0,-0.012499999999999956
2023-02-06,45000,45000,45000,45000,1,0.03567318757192184
2023-02-07,44500,44500,44500,44500,0,-0.011111111111111072
2023-02-08,46000,46000,46000,46000,1,0.03370786516853941
2023-02-09,46000,46000,46000,46000,1,0.0
2023-02-10,45050,45050,45050,45050,0,-0.020652173913043526
2023-02-13,46950,46950,45000,45000,3,-0.0011098779134295356
2023-02-14,45800,47000,45800,47000,4,0.04444444444444451
2023-02-15,46900,47000,46900,47000,5,0.0
2023-02-16,46000,46500,41600,46500,6,-0.010638297872340385
2023-02-17,45050,45050,45050,45050,0,-0.03118279569892468
2023-02-20,45000,45000,40000,40000,105,-0.11209766925638176
2023-02-21,40000,42000,40000,42000,20,0.050000000000000044
2023-02-22,44000,44000,43000,43000,7,0.023809523809523725
2023-02-23,43950,44000,43000,43000,11,0.0
2023-02-24,44000,44000,43000,43000,4,0.0
2023-02-27,42050,42050,42050,42050,0,-0.02209302325581397
2023-02-28,42050,42050,42050,42050,1,0.0
2023-03-02,42000,42000,42000,42000,2,-0.0011890606420927874
2023-03-03,43000,43000,43000,43000,4,0.023809523809523725
2023-03-06,43000,43000,43000,43000,4,0.0
2023-03-07,44000,45000,41000,41000,24,-0.046511627906976716
2023-03-08,42000,43000,40000,41000,39,0.0
2023-03-09,42000,43000,40000,40000,18,-0.024390243902439046
2023-03-10,41000,42000,40000,40500,58,0.012499999999999956
2023-03-13,41000,41000,41000,41000,4,0.012345679012345734
2023-03-14,42000,42000,41000,41000,4,0.0
2023-03-15,40250,40250,40000,40000,78,-0.024390243902439046
2023-03-16,41000,43000,41000,43000,9,0.07499999999999996
2023-03-17,44000,44000,43000,44000,14,0.023255813953488413
2023-03-20,44000,45000,44000,44000,10,0.0
2023-03-21,44000,44000,43000,43000,2,-0.022727272727272707
2023-03-22,43000,43000,42000,42000,33,-0.023255813953488413
2023-03-23,41000,42000,40000,41050,67,-0.02261904761904765
2023-03-24,42000,42000,42000,42000,2,0.023142509135200884
2023-03-27,42000,42000,42000,42000,6,0.0
2023-03-28,42000,42000,39650,42000,108,0.0
2023-03-29,41000,41000,41000,41000,3,-0.023809523809523836
2023-03-30,42000,43000,42000,42000,13,0.024390243902439046
2023-03-31,42000,42000,42000,42000,2,0.0
2023-04-03,42000,42000,42000,42000,1,0.0
2023-04-04,41000,41000,40250,40250,15,-0.04166666666666663
2023-04-05,42000,42000,42000,42000,2,0.04347826086956519
2023-04-06,43000,43000,40000,40000,39,-0.04761904761904767
2023-04-07,41000,42000,41000,42000,2,0.050000000000000044
2023-04-10,42800,43000,42800,43000,522,0.023809523809523725
2023-04-11,41000,43000,40000,40000,207,-0.06976744186046513
2023-04-12,41000,42000,41000,42000,7,0.050000000000000044
2023-04-13,41000,42000,41000,42000,2,0.0
2023-04-14,41000,41000,41000,41000,12,-0.023809523809523836
2023-04-17,42000,42000,40000,40000,24,-0.024390243902439046
2023-04-18,41000,42000,39500,41000,107,0.02499999999999991
2023-04-19,42000,45000,40000,40000,94,-0.024390243902439046
2023-04-20,40000,40000,40000,40000,35,0.0
2023-04-21,40000,40000,40000,40000,3,0.0
2023-04-24,41000,41000,41000,41000,6,0.02499999999999991
2023-04-25,40000,40000,40000,40000,5,-0.024390243902439046
2023-04-26,39050,39050,39050,39050,10,-0.02375000000000005
2023-04-27,39100,39100,39100,39100,100,0.001280409731113874
2023-04-28,39100,39100,39100,39100,10,0.0
2023-05-02,39100,39100,39100,39100,4,0.0
2023-05-03,41000,42000,41000,42000,2,0.07416879795396425
2023-05-04,43000,43000,41000,42000,4,0.0
2023-05-08,43000,43000,42000,42000,2,0.0
2023-05-09,42000,42000,42000,42000,28,0.0
2023-05-10,41000,41000,41000,41000,1,-0.023809523809523836
2023-05-11,41000,41000,41000,41000,1,0.0
2023-05-12,40000,40000,40000,40000,2,-0.024390243902439046
2023-05-15,39100,39100,39100,39100,45,-0.022499999999999964
2023-05-16,39150,39150,39100,39100,45,0.0
2023-05-17,39100,39100,39100,39100,4,0.0
2023-05-18,39100,39100,39000,39000,15,-0.002557544757033292
2023-05-19,38000,38000,38000,38000,100,-0.02564102564102566
2023-05-22,39000,41000,39000,41000,3,0.07894736842105265
2023-05-23,40000,41000,40000,41000,2,0.0
2023-05-24,42000,42000,41000,41000,2,0.0
2023-05-25,42000,42000,41000,41000,5,0.0
2023-05-26,41000,41000,41000,41000,3,0.0
2023-05-30,42000,42000,41000,41000,2,0.0
2023-05-31,41000,41000,41000,41000,0,0.0
2023-06-01,41000,43000,39000,40000,571,-0.024390243902439046
2023-06-02,41000,41000,41000,41000,1,0.02499999999999991
2023-06-05,40000,40000,39600,39600,101,-0.034146341463414664
2023-06-07,41000,41000,40000,40000,2,0.010101010101010166
2023-06-08,40000,40000,40000,40000,0,0.0
2023-06-09,39000,39000,38700,39000,126,-0.025000000000000022
2023-06-12,40000,40000,40000,40000,1,0.02564102564102555
2023-06-13,41000,41000,40000,40000,8,0.0
2023-06-14,40000,40000,40000,40000,2,0.0
2023-06-15,41000,41000,41000,41000,1,0.02499999999999991
2023-06-16,41000,41000,41000,41000,0,0.0
2023-06-19,41000,41000,41000,41000,0,0.0
2023-06-20,42000,42000,42000,42000,1,0.024390243902439046
2023-06-21,41000,43000,41000,41000,5,-0.023809523809523836
2023-06-22,41200,41200,41100,41000,3,0.0
2023-06-23,40000,41000,40000,41000,2,0.0
2023-06-26,40000,40000,40000,40000,1,-0.024390243902439046
2023-06-27,39550,39550,39550,39550,0,-0.011249999999999982
2023-06-28,39550,39550,39550,39550,0,0.0
2023-06-29,39000,40000,39000,40000,5,0.011378002528444897
2023-06-30,39000,39000,39000,39000,2,-0.025000000000000022
2023-07-03,40000,40000,40000,40000,1,0.02564102564102555
2023-07-04,39000,39000,39000,39000,5,-0.025000000000000022
2023-07-05,39000,39000,36800,36800,154,-0.05641025641025643
2023-07-06,38000,42000,38000,41000,44,0.11413043478260865
2023-07-07,42000,42000,41000,41000,2,0.0
2023-07-10,41000,42000,41000,42000,4,0.024390243902439046
2023-07-11,42000,42500,42000,42000,9,0.0
2023-07-12,0,0,0,42000,0,0.0
2023-07-13,0,0,0,42000,0,0.0
2023-07-14,0,0,0,42000,0,0.0
2023-07-17,0,0,0,42000,0,0.0
2023-07-18,0,0,0,42000,0,0.0
2023-07-19,0,0,0,42000,0,0.0
2023-07-20,0,0,0,42000,0,0.0
2023-07-21,0,0,0,42000,0,0.0
2023-07-24,0,0,0,42000,0,0.0
2023-07-25,0,0,0,42000,0,0.0
2023-07-26,0,0,0,42000,0,0.0
2023-07-27,0,0,0,42000,0,0.0
2023-07-28,0,0,0,42000,0,0.0
2023-07-31,0,0,0,42000,0,0.0
2023-08-01,8400,9600,8400,8600,10404,-0.7952380952380953
2023-08-02,8800,9890,8800,9890,520,0.1499999999999999
2023-08-03,9900,11000,9900,10500,4667,0.06167846309403435
2023-08-04,10500,12070,9800,12070,1549,0.14952380952380961
2023-08-07,12070,12070,12060,12060,10,-0.0008285004142501995
2023-08-08,11500,12000,11500,12000,2,-0.00497512437810943
2023-08-09,11500,12500,11000,12000,4,0.0
2023-08-10,12500,13000,10500,10500,124,-0.125
2023-08-11,11000,11000,11000,11000,1,0.04761904761904767
2023-08-14,11490,11500,11490,11500,3,0.045454545454545414
2023-08-16,11000,11000,11000,11000,1,-0.04347826086956519
2023-08-17,10500,10500,10500,10500,1,-0.045454545454545414
2023-08-18,10500,11000,10500,11000,7,0.04761904761904767
2023-08-21,10500,11500,10500,11500,102,0.045454545454545414
2023-08-22,11000,11000,11000,11000,109,-0.04347826086956519
2023-08-23,11500,12000,11000,11000,4,0.0
2023-08-24,10500,11000,9800,10500,1181,-0.045454545454545414
2023-08-25,9800,10290,9000,9400,1110,-0.10476190476190472
2023-08-28,9500,9500,9400,9400,15,0.0
2023-08-29,9600,10000,9600,10000,13,0.06382978723404253
2023-08-30,10000,10000,9800,10000,61,0.0
2023-08-31,10500,11500,9800,10000,130,0.0
2023-09-01,9810,11500,9810,11500,1300,0.1499999999999999
2023-09-04,11300,11300,10000,10500,2177,-0.08695652173913049
2023-09-05,10000,10600,10000,10600,2007,0.00952380952380949
2023-09-06,10600,12000,10500,10500,1818,-0.009433962264150941
2023-09-07,10400,10400,10000,10400,1523,-0.00952380952380949
2023-09-08,10500,11500,10500,11500,429,0.10576923076923084
2023-09-11,12000,12000,11500,11500,35,0.0
2023-09-12,12000,12000,11000,11000,1721,-0.04347826086956519
2023-09-13,11500,11500,11000,11000,2,0.0
2023-09-14,11000,11000,11000,11000,652,0.0
2023-09-15,11500,11500,11000,11000,27,0.0
2023-09-18,11500,11500,10510,11500,7127,0.045454545454545414
2023-09-19,11490,11500,11000,11500,3193,0.0
2023-09-20,11500,11500,11000,11490,2021,-0.0008695652173913437
2023-09-21,11490,11490,10500,10500,8785,-0.08616187989556134
2023-09-22,11000,11000,10900,10900,198,0.03809523809523818
2023-09-25,11500,11500,10500,10500,852,-0.03669724770642202
2023-09-26,11000,11000,10500,10500,3110,0.0
2023-09-27,11000,11000,11000,11000,244,0.04761904761904767
2023-10-04,10500,12000,10000,11000,225,0.0
2023-10-05,10500,10500,10500,10500,3317,-0.045454545454545414
2023-10-06,10500,10500,10500,10500,305,0.0
2023-10-10,10500,10500,10500,10500,0,0.0
2023-10-11,10010,10500,10010,10400,146,-0.00952380952380949
2023-10-12,10100,10100,10000,10000,7228,-0.038461538461538436
2023-10-13,10000,10000,10000,10000,699,0.0
2023-10-16,9900,10000,9900,9900,1001,-0.010000000000000009
2023-10-17,9900,9900,9900,9900,108,0.0
2023-10-18,9800,9800,9000,9000,705,-0.09090909090909094
2023-10-19,9200,10350,9200,9800,390,0.0888888888888888
2023-10-20,9610,11000,8400,11000,110,0.12244897959183665
2023-10-23,10500,11000,10000,10500,3703,-0.045454545454545414
2023-10-24,10000,10500,10000,10500,3159,0.0
2023-10-25,11000,11500,10000,11490,653,0.0942857142857143
2023-10-26,10500,10500,9990,10000,2907,-0.1296779808529156
2023-10-27,10000,10000,10000,10000,754,0.0
2023-10-30,10000,10000,9990,9990,3066,-0.0010000000000000009
2023-10-31,10000,10450,9800,10000,4264,0.0010010010010010895
2023-11-01,10000,10000,10000,10000,5581,0.0
2023-11-02,10000,10000,9990,10000,2206,0.0
2023-11-03,10000,10000,10000,10000,666,0.0
2023-11-06,10000,10000,10000,10000,5600,0.0
2023-11-07,10000,10000,9990,10000,6989,0.0
2023-11-08,10000,10010,10000,10000,1517,0.0
2023-11-09,10000,10000,10000,10000,16,0.0
2023-11-10,10300,10300,10000,10000,1664,0.0
2023-11-13,10000,10050,10000,10000,4341,0.0
2023-11-14,0,0,0,10000,0,0.0
2023-11-15,0,0,0,10000,0,0.0
2023-11-16,0,0,0,10000,0,0.0
2023-11-17,0,0,0,10000,0,0.0
2023-11-20,0,0,0,10000,0,0.0
2023-11-21,0,0,0,10000,0,0.0
2023-11-22,0,0,0,10000,0,0.0
2023-11-23,0,0,0,10000,0,0.0
2023-11-24,0,0,0,10000,0,0.0
2023-11-27,0,0,0,10000,0,0.0
2023-11-28,0,0,0,10000,0,0.0
2023-11-29,0,0,0,10000,0,0.0
2023-11-30,0,0,0,10000,0,0.0
2023-12-01,0,0,0,10000,0,0.0
2023-12-04,0,0,0,10000,0,0.0
2023-12-05,0,0,0,10000,0,0.0
2023-12-06,0,0,0,10000,0,0.0
2023-12-07,0,0,0,10000,0,0.0
2023-12-08,0,0,0,10000,0,0.0
2023-12-11,0,0,0,10000,0,0.0
2023-12-12,0,0,0,10000,0,0.0
2023-12-13,0,0,0,10000,0,0.0
2023-12-14,0,0,0,10000,0,0.0
2023-12-15,0,0,0,10000,0,0.0
2023-12-18,0,0,0,10000,0,0.0
2023-12-19,0,0,0,10000,0,0.0
2023-12-20,0,0,0,10000,0,0.0
2023-12-21,0,0,0,10000,0,0.0
2023-12-22,0,0,0,10000,0,0.0
2023-12-26,0,0,0,10000,0,0.0
2023-12-27,0,0,0,10000,0,0.0
2023-12-28,0,0,0,10000,0,0.0
2024-01-02,0,0,0,10000,0,0.0
2024-01-03,0,0,0,10000,0,0.0
2024-01-04,0,0,0,10000,0,0.0
2024-01-05,0,0,0,10000,0,0.0
2024-01-08,0,0,0,10000,0,0.0
2024-01-09,0,0,0,10000,0,0.0
2024-01-10,0,0,0,10000,0,0.0
2024-01-11,0,0,0,10000,0,0.0
2024-01-12,0,0,0,10000,0,0.0
2024-01-15,0,0,0,10000,0,0.0
2024-01-16,0,0,0,10000,0,0.0
2024-01-17,0,0,0,10000,0,0.0
2024-01-18,0,0,0,10000,0,0.0
2024-01-19,0,0,0,10000,0,0.0
2024-01-22,0,0,0,10000,0,0.0
2024-01-23,0,0,0,10000,0,0.0
2024-01-24,0,0,0,10000,0,0.0
2024-01-25,0,0,0,10000,0,0.0
2024-01-26,0,0,0,10000,0,0.0
2024-01-29,0,0,0,10000,0,0.0
2024-01-30,0,0,0,10000,0,0.0
2024-01-31,0,0,0,10000,0,0.0
2024-02-01,0,0,0,10000,0,0.0
2024-02-02,0,0,0,10000,0,0.0
2024-02-05,0,0,0,10000,0,0.0
2024-02-06,0,0,0,10000,0,0.0
2024-02-07,0,0,0,10000,0,0.0
2024-02-08,0,0,0,10000,0,0.0
2024-02-13,0,0,0,10000,0,0.0
2024-02-14,0,0,0,10000,0,0.0
2024-02-15,0,0,0,10000,0,0.0
2024-02-16,12000,13000,12000,12870,5818,0.2869999999999999
2024-02-19,12990,12990,12050,12300,6344,-0.044289044289044344
2024-02-20,12100,12180,11700,11990,43178,-0.025203252032520274
2024-02-21,12990,12990,12000,12000,10578,0.0008340283569641116
2024-02-22,11510,12290,11500,11500,7795,-0.04166666666666663
2024-02-23,11500,11990,11300,11300,1508,-0.017391304347826098
2024-02-26,11000,11500,10510,11500,423,0.017699115044247815
2024-02-27,12000,12000,11500,11500,5227,0.0
2024-02-28,12000,12000,11500,11500,15018,0.0
2024-02-29,12000,12440,12000,12440,2868,0.08173913043478254
2024-03-04,12450,12450,12040,12200,1549,-0.019292604501607746
2024-03-05,12000,12480,12000,12200,800,0.0
2024-03-06,12450,12450,12110,12400,900,0.016393442622950838
2024-03-07,12490,12490,12030,12370,152,-0.0024193548387096975
2024-03-08,12490,12500,12490,12490,79,0.009700889248181133
2024-03-11,12480,12500,12480,12500,310,0.0008006405124099114
2024-03-12,12860,12870,12860,12870,63,0.02960000000000007
2024-03-13,13000,13000,12500,13000,956,0.010101010101010166
2024-03-14,13000,13000,12500,13000,52,0.0
2024-03-15,12010,13000,12010,13000,55,0.0
2024-03-18,12990,13000,12990,13000,80,0.0
2024-03-19,12900,13000,12900,13000,8,0.0
2024-03-20,12990,12990,12990,12990,1,-0.0007692307692307443
2024-03-21,12600,12970,11900,12970,913,-0.0015396458814472824
2024-03-22,12010,12500,11500,11500,6560,-0.11333847340015424
2024-03-25,11990,12000,11510,11870,2818,0.032173913043478164
2024-03-26,12280,12280,11500,11600,541,-0.022746419545071617
2024-03-27,11990,11990,10050,11470,20839,-0.011206896551724133
2024-03-28,11500,11940,10890,11630,668,0.013949433304272008
2024-03-29,11630,11630,11500,11500,1384,-0.011177987962166847
2024-04-01,11010,11980,11010,11980,1655,0.0417391304347825
2024-04-02,11990,12000,11590,11600,2238,-0.03171953255425708
2024-04-03,11500,12000,11060,11950,642,0.030172413793103425
2024-04-04,11510,11950,11500,11710,1998,-0.020083682008368187
2024-04-05,11600,13000,11600,12500,5655,0.06746370623398801
2024-04-08,12500,12890,12500,12500,2187,0.0
2024-04-09,12010,12500,11800,12480,2647,-0.0016000000000000458
2024-04-11,12110,12480,12090,12150,1259,-0.02644230769230771
2024-04-12,12490,12490,12480,12480,14,0.02716049382716057
2024-04-15,12490,13000,12470,13000,5311,0.04166666666666674
2024-04-16,13000,13000,12520,12990,3146,-0.0007692307692307443
2024-04-17,12620,12990,12560,12990,3357,0.0
2024-04-18,13500,14930,13100,14390,2758,0.10777521170130866
2024-04-19,14300,16400,13170,14840,6042,0.03127171646977067
2024-04-22,14500,15000,14500,14990,1374,0.010107816711590223
2024-04-23,14990,15500,14990,15000,7600,0.0006671114076051143
2024-04-24,15500,16500,14510,15480,4914,0.03200000000000003
2024-04-25,14560,16490,14560,15820,10092,0.021963824289405576
2024-04-26,16000,16490,14800,15430,12554,-0.02465233881163087
2024-04-29,15500,16000,14510,14910,12506,-0.03370058327932601
2024-04-30,15000,15490,14510,14870,2135,-0.0026827632461435824
2024-05-02,14950,14980,14800,14970,2069,0.00672494956287828
2024-05-03,15450,15450,14720,14970,2860,0.0
2024-05-07,15490,15490,14590,14850,2129,-0.008016032064128265
2024-05-08,15090,15090,14540,14770,1828,-0.005387205387205385
2024-05-09,14770,15070,14600,14980,510,0.014218009478673022
2024-05-10,14990,14990,14200,14590,2213,-0.02603471295060078
2024-05-13,14790,14790,14300,14640,307,0.0034270047978066653
2024-05-14,15330,15330,14300,14750,1574,0.007513661202185773
2024-05-16,14700,14950,14240,14240,3601,-0.03457627118644069
2024-05-17,14970,14970,13300,14090,4054,-0.010533707865168496
2024-05-20,14300,14440,12730,13390,11382,-0.04968062455642297
2024-05-21,13480,13500,13000,13270,916,-0.008961911874533213
2024-05-22,13350,13990,13300,13300,5835,0.0022607385079125297
2024-05-23,13380,13380,13000,13100,1561,-0.015037593984962405
2024-05-24,13350,13350,13100,13100,74,0.0
2024-05-27,13200,13470,13140,13470,150,0.028244274809160252
2024-05-28,13400,13480,13300,13480,506,0.0007423904974015461
2024-05-29,13500,14000,13210,13210,352,-0.02002967359050445
2024-05-30,13240,13520,13210,13220,315,0.0007570022710068347
2024-05-31,13510,13510,13200,13200,407,-0.001512859304084735
2024-06-03,13660,13660,13230,13450,300,0.018939393939394034
2024-06-04,13680,13720,13240,13240,166,-0.015613382899628214
2024-06-05,13850,13850,13300,13400,170,0.012084592145015005
2024-06-07,13490,14850,13400,14490,1076,0.08134328358208953
2024-06-10,15550,15550,14500,14900,3685,0.028295376121463045
2024-06-11,14850,15490,10850,11000,3183508,-0.261744966442953
2024-06-12,10720,11060,10050,10050,837434,-0.08636363636363631
2024-06-13,10070,10370,9700,9980,450495,-0.006965174129353269
2024-06-14,10050,10050,9130,9310,306301,-0.06713426853707416
2024-06-17,9420,10120,9210,9460,303188,0.01611170784103111
2024-06-18,9600,9690,9310,9320,171215,-0.014799154334038
2024-06-19,9330,10220,9330,9790,499733,0.0504291845493563
2024-06-20,9790,11040,9740,10300,1344942,0.052093973442288055
2024-06-21,10180,10190,9870,10040,233226,-0.025242718446601975
2024-06-24,9980,10110,9770,9810,122564,-0.02290836653386452
2024-06-25,9580,9900,9560,9690,105513,-0.012232415902140636
2024-06-26,9800,9880,9600,9690,69094,0.0
2024-06-27,9700,9840,9500,9560,69856,-0.013415892672858587
2024-06-28,9560,9700,9350,9450,58001,-0.011506276150627603
2024-07-01,9540,9880,9480,9710,104465,0.02751322751322749
2024-07-02,9730,9730,9300,9400,79019,-0.03192584963954681
2024-07-03,9370,9520,9040,9150,77161,-0.02659574468085102
2024-07-04,9150,9250,9020,9180,43900,0.003278688524590123
2024-07-05,9270,9270,8930,9060,60941,-0.013071895424836555
2024-07-08,9120,9120,8770,9100,58989,0.004415011037527616
2024-07-09,9090,9120,8890,8990,42573,-0.012087912087912045
2024-07-10,8990,9050,8680,8700,93286,-0.032258064516129004
2024-07-11,8900,8900,8330,8470,135098,-0.02643678160919538
2024-07-12,8380,8700,8380,8670,31698,0.023612750885478206
2024-07-15,8840,9090,8800,8900,80656,0.026528258362168433
2024-07-16,9090,9090,8550,8890,38091,-0.0011235955056180247
2024-07-17,8850,8890,8550,8740,32863,-0.01687289088863897
2024-07-18,8440,8670,8270,8440,60765,-0.034324942791762014
2024-07-19,8490,8490,8080,8400,54171,-0.004739336492891044
2024-07-22,8400,8400,7890,7980,65467,-0.050000000000000044
2024-07-23,8100,8100,7540,7830,57795,-0.018796992481203034
2024-07-24,7760,8090,7550,7980,34648,0.019157088122605304
2024-07-25,7840,8030,7590,8030,31270,0.006265664160401085
2024-07-26,7850,8130,7810,8130,18399,0.012453300124533051
2024-07-29,8050,8320,7860,8320,19607,0.02337023370233693
2024-07-30,8290,8620,8140,8600,23764,0.033653846153846256
2024-07-31,8580,9000,8300,8890,71063,0.033720930232558066
2024-08-01,8870,8990,8730,8870,38770,-0.0022497187851518996
2024-08-02,8610,8710,8260,8600,49168,-0.030439684329199523
2024-08-05,8170,8320,6100,7400,107267,-0.13953488372093026
2024-08-06,7400,7700,7290,7400,54410,0.0
2024-08-07,7440,8100,7400,7720,66940,0.043243243243243246
2024-08-08,7750,7950,7460,7950,26250,0.029792746113989743
2024-08-09,8520,9530,8130,8450,1590636,0.06289308176100628
2024-08-12,8470,8640,8290,8600,98707,0.01775147928994092
2024-08-13,8640,8830,8350,8500,127727,-0.011627906976744207
2024-08-14,8500,8700,8410,8500,62347,0.0
2024-08-16,8510,8510,8280,8450,43129,-0.00588235294117645
2024-08-19,8370,8410,7880,8110,50436,-0.04023668639053257
2024-08-20,8110,8200,7990,8160,35315,0.006165228113440113
2024-08-21,8160,8160,7850,8050,38374,-0.013480392156862697
2024-08-22,8070,8130,7760,7880,21438,-0.02111801242236022
2024-08-23,7870,7870,7620,7740,35810,-0.017766497461928932
2024-08-26,7680,7890,7490,7500,14939,-0.03100775193798455
2024-08-27,7440,7500,6830,7100,103807,-0.053333333333333344
2024-08-28,7170,7400,6990,7210,53622,0.015492957746478853
2024-08-29,7120,7200,6920,7200,30657,-0.001386962552011095
2024-08-30,7190,7440,7080,7440,26725,0.03333333333333344
2024-09-02,7440,7440,7250,7390,19538,-0.006720430107526876
2024-09-03,7350,7680,7190,7650,45342,0.03518267929634633
2024-09-04,7210,7640,7020,7580,52676,-0.009150326797385588
2024-09-05,7570,7590,7220,7300,29114,-0.03693931398416883
2024-09-06,7120,7240,6940,6990,24666,-0.042465753424657526
2024-09-09,6650,7200,6600,7080,21761,0.012875536480686733
2024-09-10,7080,7220,6980,7220,18724,0.019774011299435124
2024-09-11,7160,7300,7150,7250,8265,0.0041551246537396835
2024-09-12,7300,7630,7270,7630,39880,0.05241379310344829
2024-09-13,7530,7720,7470,7690,15025,0.007863695937090354
2024-09-19,7690,7690,7390,7670,17564,-0.002600780234070177
2024-09-20,7670,7690,7440,7600,22235,-0.009126466753585416
2024-09-23,7580,7680,7490,7600,29010,0.0
2024-09-24,7620,7640,7460,7600,20865,0.0
2024-09-25,7590,7630,7420,7500,18856,-0.013157894736842146
2024-09-26,7600,8100,7500,7700,167183,0.026666666666666616
2024-09-27,7700,7800,7560,7700,53394,0.0
2024-09-30,7680,7700,7230,7240,40857,-0.05974025974025976
2024-10-02,7240,7370,7100,7300,18931,0.008287292817679592
2024-10-04,7120,7330,7110,7280,12182,-0.002739726027397249
2024-10-07,7280,7450,6980,7200,79087,-0.01098901098901095
2024-10-08,7190,7190,6960,7120,54842,-0.011111111111111072
2024-10-10,7110,7150,6990,7000,34261,-0.016853932584269704
2024-10-11,7070,7090,6960,7000,17468,0.0
2024-10-14,6920,6970,6740,6890,54759,-0.01571428571428568
2024-10-15,6890,7070,6750,7050,26010,0.023222060957909907
2024-10-16,7010,7030,6840,6940,14097,-0.015602836879432647
2024-10-17,6820,6940,6730,6890,38448,-0.007204610951008661
2024-10-18,6840,6920,6610,6660,30739,-0.03338171262699563
2024-10-21,6600,6650,6490,6640,11315,-0.0030030030030030463
2024-10-22,6640,6640,6430,6560,12899,-0.012048192771084376
2024-10-23,6560,6690,6410,6650,11408,0.013719512195121908
2024-10-24,6650,6650,6300,6480,22195,-0.025563909774436122
2024-10-25,6480,6580,6120,6330,60867,-0.02314814814814814
2024-10-28,6240,6400,6130,6390,7130,0.009478672985782088
2024-10-29,6390,6450,6270,6370,10837,-0.003129890453834161
2024-10-30,6670,6670,6150,6490,20580,0.018838304552590168
2024-10-31,6470,6630,6360,6630,12946,0.02157164869029282
2024-11-01,6570,6630,6000,6340,33004,-0.043740573152337814
2024-11-04,6340,6430,6220,6390,10319,0.007886435331230235
2024-11-05,6350,6380,6180,6310,11822,-0.012519561815336422
2024-11-06,6320,6490,6030,6290,24746,-0.0031695721077654726
2024-11-07,6100,6560,6070,6560,50401,0.042925278219395846
2024-11-08,6490,7200,6460,7090,85423,0.08079268292682928
2024-11-11,7090,7090,6620,6860,48585,-0.03244005641748937
2024-11-12,6810,6910,6510,6910,25628,0.007288629737609353
2024-11-13,6760,6890,6320,6610,42943,-0.04341534008683068
2024-11-14,6550,6550,5630,5630,67813,-0.14826021180030258
2024-11-15,5520,5600,5100,5320,116822,-0.05506216696269983
2024-11-18,5170,5610,5170,5430,23926,0.020676691729323293
2024-11-19,5380,5590,5380,5540,6124,0.0202578268876612
2024-11-20,5540,5700,5430,5490,5255,-0.009025270758122761
2024-11-21,5490,5520,5060,5470,42408,-0.0036429872495445936
2024-11-22,5440,5650,5360,5470,13637,0.0
2024-11-25,5560,5630,5470,5520,11516,0.009140767824497242
2024-11-26,5520,5570,5320,5570,16954,0.009057971014492683
2024-11-27,5530,5610,5390,5570,14307,0.0
2024-11-28,5480,5550,5290,5290,30504,-0.050269299820466795
2024-11-29,5200,5260,4665,4870,114726,-0.07939508506616255
2024-12-02,5000,5060,4805,5030,24533,0.03285420944558526
2024-12-03,5030,5060,4950,5030,12220,0.0
2024-12-04,4850,5160,4710,5140,28438,0.021868787276341894
2024-12-05,5070,5150,4975,5110,5930,-0.005836575875486361
2024-12-06,5030,5030,4420,4520,84194,-0.1154598825831703
2024-12-09,4450,4525,4050,4160,55241,-0.07964601769911506
2024-12-10,4155,4470,4155,4425,6857,0.06370192307692313
2024-12-11,4415,4770,4255,4760,26634,0.07570621468926553
2024-12-12,4850,4875,4675,4820,21900,0.012605042016806678
2024-12-13,4890,4890,4645,4835,11967,0.003112033195020736
2024-12-16,4880,4965,4665,4960,23122,0.02585315408479838
2024-12-17,4970,5160,4850,5100,33928,0.02822580645161299
2024-12-18,5100,5180,4960,5010,22674,-0.01764705882352946
2024-12-19,5000,5000,4760,4985,13240,-0.004990019960079861
2024-12-20,4980,5650,4685,5000,221035,0.0030090270812437314
2024-12-23,4995,5030,4730,4950,32919,-0.010000000000000009
2024-12-24,4950,5080,4890,5010,8030,0.0121212121212122
2024-12-26,5010,5040,4890,4975,18603,-0.006986027944111739
2024-12-27,4925,5030,4840,5010,8254,0.007035175879396949
2024-12-30,4960,5000,4910,5000,4531,-0.001996007984031989
2025-01-02,5030,5030,4810,5020,8932,0.0040000000000000036
2025-01-03,5020,5240,5020,5230,18128,0.041832669322709126
2025-01-06,5300,5500,5200,5500,23965,0.05162523900573612
2025-01-07,5540,5600,5390,5430,13464,-0.012727272727272698
2025-01-08,5430,5440,5300,5400,7502,-0.0055248618784530246
2025-01-09,5310,6590,5300,5820,1096493,0.07777777777777772
2025-01-10,5940,6010,5710,5910,123129,0.015463917525773141
2025-01-13,5990,6000,5650,5810,61350,-0.016920473773265665
2025-01-14,5810,6000,5510,5770,65307,-0.0068846815834767705
2025-01-15,5760,5760,5630,5630,33061,-0.024263431542461023
2025-01-16,5680,5760,5620,5700,13832,0.01243339253996445
2025-01-17,5700,6000,5630,5800,51225,0.01754385964912286
2025-01-20,5860,6000,5700,5870,27991,0.012068965517241459
2025-01-21,5850,5960,5780,5900,22734,0.005110732538330387
2025-01-22,5900,5950,5820,5940,15462,0.006779661016949046
2025-01-23,5950,6030,5800,5960,35633,0.0033670033670034627
2025-01-24,5960,6160,5880,6160,45790,0.033557046979865834
2025-01-31,6100,6230,5950,6160,24329,0.0
2025-02-03,6100,7090,5980,6820,908822,0.1071428571428572
2025-02-04,6830,7200,6680,6980,270349,0.02346041055718473
2025-02-05,6970,7130,6920,7020,83567,0.005730659025787954
2025-02-06,7090,7190,6860,6930,247509,-0.012820512820512775
2025-02-07,6930,7500,6700,6870,500679,-0.008658008658008698
2025-02-10,6850,6850,6550,6560,258065,-0.0451237263464338
2025-02-11,6620,6980,6520,6880,227431,0.04878048780487809
2025-02-12,6930,6960,6530,6720,133453,-0.023255813953488413
2025-02-13,6720,7380,6410,6770,274239,0.007440476190476275
2025-02-14,6820,7500,6820,7030,1032077,0.03840472673559825
2025-02-17,7200,7670,7140,7510,442977,0.06827880512091045
2025-02-18,7510,7710,7390,7470,154267,-0.005326231691078598
2025-02-19,7460,7690,7420,7580,125347,0.014725568942436373
2025-02-20,7580,7590,7200,7290,149121,-0.03825857519788922
2025-02-21,7300,8300,7210,7750,1127318,0.06310013717421126
2025-02-24,7680,8720,7390,8430,626288,0.08774193548387088
2025-02-25,8340,8800,8180,8180,417088,-0.029655990510083052
2025-02-26,8060,8680,8060,8530,332602,0.04278728606356963
2025-02-27,8550,8940,8500,8610,312736,0.009378663540445586
2025-02-28,8500,8570,7890,8500,481764,-0.012775842044134733
2025-03-04,8400,8550,7490,7770,330177,-0.08588235294117652
2025-03-05,7770,8970,6940,7080,2354509,-0.08880308880308885
2025-03-06,7340,7660,6670,6690,800239,-0.05508474576271183
2025-03-07,6620,6950,6320,6400,238156,-0.0433482810164425
2025-03-10,6390,6390,6150,6300,121537,-0.015625
2025-03-11,6000,6400,5960,6400,129122,0.015873015873015817
2025-03-12,6370,6450,6250,6360,79611,-0.006249999999999978
2025-03-13,6510,6530,6250,6490,74041,0.020440251572326984
2025-03-14,6490,6510,6330,6470,47212,-0.0030816640986132127
2025-03-17,6470,6710,6370,6500,58393,0.004636785162287493
2025-03-18,6460,6650,6390,6570,64968,0.010769230769230864
2025-03-19,6540,7770,6500,6920,2563394,0.05327245053272445
2025-03-20,6880,6990,6680,6750,257070,-0.024566473988439252
2025-03-21,6630,6730,6550,6590,80439,-0.02370370370370367
2025-03-24,6480,6660,6450,6470,65372,-0.018209408194233667
2025-03-25,6470,6560,6320,6410,64093,-0.009273570324574987
2025-03-26,6350,6610,6330,6570,39198,0.024960998439937487
2025-03-27,6410,6670,6410,6500,36614,-0.010654490106544956
2025-03-28,6510,6560,6340,6380,44846,-0.018461538461538418
2025-03-31,6180,6330,6000,6150,56312,-0.036050156739811934
2025-04-01,6160,6440,6160,6410,23371,0.042276422764227606
2025-04-02,6370,6450,6060,6120,28467,-0.04524180967238689
2025-04-03,5880,6040,5880,5970,52734,-0.02450980392156865
2025-04-04,5800,6260,5770,6250,39519,0.04690117252931314
2025-04-07,5830,5970,5630,5800,67967,-0.07199999999999995
2025-04-08,5850,5930,5700,5800,33671,0.0
2025-04-09,5760,5780,5300,5520,69070,-0.0482758620689655
2025-04-10,5750,6080,5730,6070,43591,0.0996376811594204
2025-04-11,5940,6210,5850,6200,38540,0.021416803953871577
2025-04-14,6150,6360,6120,6340,31539,0.022580645161290214
2025-04-15,6440,6640,6220,6510,54096,0.02681388012618302
2025-04-16,6450,6500,6180,6380,50184,-0.019969278033794113
2025-04-17,6280,6400,6280,6390,35045,0.0015673981191222097
2025-04-18,6320,6450,6290,6440,20393,0.00782472613458518
2025-04-21,6390,6520,6150,6290,50180,-0.02329192546583847
2025-04-22,6190,6330,6170,6310,32017,0.0031796502384737746
2025-04-23,6340,6440,6220,6360,25503,0.007923930269413626
2025-04-24,6310,6430,6250,6340,15516,-0.0031446540880503138
2025-04-25,6330,6510,6330,6470,33382,0.020504731861198833
2025-04-28,6440,6500,6320,6400,25676,-0.010819165378670781
2025-04-29,6380,6500,6310,6470,28368,0.010937500000000044
2025-04-30,6390,6540,6300,6440,27377,-0.004636785162287493
2025-05-02,6380,6550,6380,6490,19458,0.007763975155279601
2025-05-07,6380,6480,6320,6410,16858,-0.012326656394452962
2025-05-08,6350,6440,6250,6420,50577,0.0015600624024960652
2025-05-09,6380,6430,6300,6360,19171,-0.009345794392523366
2025-05-12,6380,6590,6340,6590,58054,0.036163522012578664
2025-05-13,6580,6580,6380,6480,27080,-0.01669195751138086
2025-05-14,6440,7000,6440,6970,176604,0.07561728395061729
2025-05-15,6880,7000,6700,6760,111492,-0.03012912482065999
2025-05-16,6760,6760,6410,6710,56106,-0.007396449704141994
2025-05-19,6550,6770,6400,6750,96666,0.005961251862891315
2025-05-20,6690,7140,6690,7040,141966,0.04296296296296287
2025-05-21,7010,7140,6840,7090,66993,0.007102272727272707
2025-05-22,7040,7070,6830,7040,66051,-0.007052186177715081
2025-05-23,7040,7500,6890,7410,164817,0.05255681818181812
2025-05-26,7310,7500,7200,7490,67774,0.010796221322537214
2025-05-27,7530,7560,7080,7240,66008,-0.03337783711615483
2025-05-28,7280,7360,7110,7300,48944,0.008287292817679592
2025-05-29,7300,7350,6940,7090,112164,-0.02876712328767128
2025-05-30,7090,7100,6870,6890,37725,-0.028208744710860323
2025-06-02,6880,7310,6590,6740,192096,-0.021770682148040676
2025-06-04,6740,6870,6680,6840,38789,0.014836795252225476
2025-06-05,6850,7160,6810,7040,57790,0.029239766081871288
2025-06-09,7040,7190,6860,7030,27598,-0.0014204545454545858
2025-06-10,7030,7100,6900,6990,37083,-0.005689900426742556
2025-06-11,6920,7240,6840,7220,115549,0.03290414878397718
2025-06-12,7230,7380,7070,7240,40650,0.0027700831024930483
2025-06-13,7260,7360,7000,7310,75838,0.00966850828729271
2025-06-16,7310,7310,6860,7070,89592,-0.03283173734610123
2025-06-17,7120,7120,6880,7100,86868,0.004243281471004279
2025-06-18,7160,7160,6900,7110,46242,0.0014084507042253502
2025-06-19,7110,7700,6990,7660,153543,0.07735583684950775
2025-06-20,7660,8050,7100,7390,223992,-0.03524804177545693
2025-06-23,7240,7330,7050,7310,65230,-0.010825439783491153
2025-06-24,7300,7400,7210,7350,47260,0.00547195622435015
2025-06-25,7350,7390,7200,7340,36873,-0.0013605442176870541
2025-06-26,7340,7340,7100,7310,33732,-0.004087193460490468
2025-06-27,7300,7350,7090,7170,33758,-0.019151846785225746
2025-06-30,7160,7280,7060,7260,43134,0.012552301255230214
2025-07-01,7260,7550,7240,7500,75978,0.03305785123966931
2025-07-02,7420,7500,7330,7400,31088,-0.013333333333333308
2025-07-03,7400,7530,7280,7400,39683,0.0
2025-07-04,7380,7540,7270,7400,67664,0.0
2025-07-07,7400,7460,7200,7390,27157,-0.0013513513513513375
2025-07-08,7350,7440,7300,7360,17743,-0.004059539918809252
2025-07-09,7350,7430,7280,7400,34045,0.005434782608695565
2025-07-10,7360,7490,7340,7470,22872,0.009459459459459474
2025-07-11,7410,7490,7350,7450,28460,-0.0026773761713521083
2025-07-14,7370,7590,7230,7360,47182,-0.012080536912751683
2025-07-15,7340,7500,7230,7490,37510,0.017663043478260976
2025-07-16,7410,7580,7350,7430,11179,-0.008010680907877155
2025-07-17,7350,7410,7180,7410,44626,-0.0026917900403768957
2025-07-18,7300,7450,7250,7410,32480,0.0
2025-07-21,7340,7410,7160,7290,62427,-0.01619433198380571
2025-07-22,7280,7360,7110,7320,32115,0.004115226337448652
2025-07-23,7200,7300,7190,7200,33342,-0.016393442622950838
2025-07-24,7290,7910,6890,6990,315798,-0.029166666666666674
2025-07-25,7000,7120,6970,7100,30327,0.01573676680972813
2025-07-28,7100,7170,6990,7150,17030,0.007042253521126751
2025-07-29,7100,7200,6870,6940,28901,-0.029370629370629397
2025-07-30,6920,7140,6760,7080,53141,0.020172910662824117
2025-07-31,6980,7150,6920,7100,22483,0.0028248587570620654
2025-08-01,7110,7150,6730,6880,22750,-0.030985915492957705
2025-08-04,6880,6940,6750,6900,11945,0.0029069767441860517
2025-08-05,6960,7080,6830,6990,13548,0.01304347826086949
2025-08-06,6990,7060,6880,7040,10561,0.007153075822603716
2025-08-07,7060,7190,6900,7150,23602,0.015625
2025-08-08,7080,7240,7060,7200,30675,0.006993006993007089
2025-08-11,7200,7550,7130,7490,92703,0.04027777777777786
2025-08-12,7440,7730,7440,7700,136798,0.028037383177569986
2025-08-13,7780,7780,7220,7730,79548,0.003896103896103842
2025-08-14,7670,7880,7330,7340,48046,-0.05045278137128073
2025-08-18,7390,7390,7000,7150,31995,-0.02588555858310626
2025-08-19,7100,7220,7000,7140,23164,-0.0013986013986013734
2025-08-20,7090,7180,6750,7140,32231,0.0
2025-08-21,7090,7100,6900,6900,22172,-0.03361344537815125
2025-08-22,6900,7040,6830,6900,13420,0.0
2025-08-25,6900,7280,6880,6880,9436,-0.0028985507246376274
2025-08-26,6900,6930,6760,6800,22579,-0.011627906976744207
2025-08-27,6900,6900,6770,6800,11205,0.0
2025-08-28,6770,7050,6690,6690,21429,-0.016176470588235348
2025-08-29,6740,6870,6660,6720,11926,0.004484304932735439
2025-09-01,6610,6710,6150,6500,32037,-0.03273809523809523
2025-09-02,6440,6670,6310,6490,10731,-0.0015384615384614886
2025-09-03,6430,6560,6350,6400,12758,-0.013867488443759624
2025-09-04,6370,6540,6350,6440,2463,0.006250000000000089
2025-09-05,6440,7200,6200,6300,265750,-0.021739130434782594
2025-09-08,6320,6500,6300,6320,25938,0.0031746031746031633
2025-09-09,6320,6950,6320,6550,168148,0.03639240506329111
2025-09-10,6550,6670,6500,6550,29791,0.0
2025-09-11,6570,6680,6280,6540,25378,-0.0015267175572518665
2025-09-12,6540,6720,6530,6700,18120,0.024464831804281273
2025-09-15,6800,6890,6660,6740,47854,0.005970149253731405
2025-09-16,6750,6890,6570,6670,28054,-0.010385756676557834
2025-09-17,6620,6650,6450,6650,29419,-0.0029985007496251548
2025-09-18,6630,6740,6600,6650,42544,0.0
2025-09-19,6650,6780,6450,6460,30259,-0.02857142857142858
2025-09-22,6460,6560,6290,6500,22790,0.006191950464396356
2025-09-23,6450,6680,6380,6460,22585,-0.006153846153846176
2025-09-24,6410,6510,6180,6350,17654,-0.017027863777089758
2025-09-25,6300,6410,6290,6350,8437,0.0
2025-09-26,6290,6630,6050,6520,33530,0.026771653543307128
2025-09-29,6500,6500,6330,6420,13539,-0.015337423312883458
2025-09-30,6350,6420,6200,6350,25086,-0.010903426791277204
2025-10-01,6350,6370,6160,6310,16026,-0.006299212598425252
2025-10-02,6330,6470,6330,6430,17114,0.019017432646592614
2025-10-10,6370,6540,6300,6530,20973,0.015552099533437058
2025-10-13,6450,6670,6270,6530,25426,0.0
2025-10-14,6470,6810,6330,6520,38040,-0.0015313935681470214
2025-10-15,6520,6590,6400,6500,13544,-0.0030674846625766694
2025-10-16,6500,6500,6380,6500,14349,0.0
2025-10-17,6500,6500,6230,6350,27544,-0.023076923076923106
2025-10-20,6400,6550,6210,6320,24623,-0.0047244094488189115
2025-10-21,6440,6440,6220,6350,15983,0.004746835443038
2025-10-22,6400,6400,6110,6310,31070,-0.006299212598425252
2025-10-23,6390,6390,6060,6220,22354,-0.014263074484944571
2025-10-24,6170,6280,6000,6070,20356,-0.024115755627009627
2025-10-27,6080,6080,5920,5980,35365,-0.014827018121911006
2025-10-28,5980,6000,5860,5980,21547,0.0
2025-10-29,6000,6060,5900,6040,31357,0.010033444816053505
2025-10-30,6090,6090,5860,6000,17591,-0.0066225165562914245
2025-10-31,6000,6000,5690,5880,42523,-0.020000000000000018
2025-11-03,5890,5890,5380,5410,95008,-0.07993197278911568
2025-11-04,5410,5600,5200,5590,38524,0.03327171903881698
2025-11-05,5590,5700,5190,5540,25397,-0.008944543828264706
2025-11-06,5520,5590,5310,5490,24846,-0.009025270758122761
2025-11-07,5490,5600,5340,5400,12886,-0.016393442622950838
2025-11-10,5450,5930,5450,5930,21495,0.0981481481481481
2025-11-11,5890,6050,5760,5890,19909,-0.006745362563237767
2025-11-12,5850,6000,5610,5930,23509,0.00679117147707986
2025-11-13,5860,6010,5790,5940,12036,0.001686340640809414
