Date,Open,High,Low,Close,Volume,Change
2022-01-03,2435,2450,2370,2380,509930,0.00421940928270037
2022-01-04,2405,2480,2380,2475,701725,0.0399159663865547
2022-01-05,2485,2525,2440,2510,1098548,0.014141414141414232
2022-01-06,2455,2520,2440,2475,509940,-0.013944223107569709
2022-01-07,2475,2500,2460,2470,232861,-0.002020202020202033
2022-01-10,2475,2490,2390,2390,285581,-0.03238866396761131
2022-01-11,2410,2410,2315,2330,340557,-0.025104602510460206
2022-01-12,2350,2400,2345,2380,321943,0.02145922746781115
2022-01-13,2390,2440,2380,2390,419184,0.004201680672268893
2022-01-14,2390,2390,2330,2345,384919,-0.01882845188284521
2022-01-17,2330,2345,2260,2270,361097,-0.031982942430703654
2022-01-18,2260,2290,2195,2220,413616,-0.022026431718061623
2022-01-19,2190,2245,2175,2215,301029,-0.0022522522522522292
2022-01-20,2220,2250,2190,2245,173468,0.013544018058690765
2022-01-21,2225,2275,2220,2235,288486,-0.0044543429844098315
2022-01-24,2250,2260,2170,2190,253137,-0.020134228187919434
2022-01-25,2180,2190,2060,2110,619504,-0.0365296803652968
2022-01-26,2090,2180,2075,2145,410002,0.016587677725118377
2022-01-27,2130,2160,2025,2045,462815,-0.046620046620046596
2022-01-28,2045,2130,2035,2105,385838,0.02933985330073341
2022-02-03,2135,2220,2135,2220,213106,0.05463182897862229
2022-02-04,2210,2250,2180,2250,174113,0.013513513513513598
2022-02-07,2250,2255,2215,2245,132504,-0.0022222222222222365
2022-02-08,2240,2265,2220,2240,268108,-0.00222717149220486
2022-02-09,2260,2280,2225,2280,245542,0.017857142857142794
2022-02-10,2290,2290,2230,2250,241438,-0.013157894736842146
2022-02-11,2240,2245,2175,2225,335883,-0.011111111111111072
2022-02-14,2190,2280,2145,2175,363573,-0.022471910112359605
2022-02-15,2175,2180,2095,2115,403831,-0.02758620689655178
2022-02-16,2135,2180,2135,2170,428661,0.026004728132387633
2022-02-17,2170,2240,2155,2190,339472,0.009216589861751112
2022-02-18,2170,2210,2145,2195,149727,0.0022831050228311334
2022-02-21,2160,2210,2140,2200,117203,0.002277904328018332
2022-02-22,2155,2370,2110,2160,1515707,-0.018181818181818188
2022-02-23,2165,2270,2165,2220,727705,0.02777777777777768
2022-02-24,2190,2540,2180,2470,8546013,0.11261261261261257
2022-02-25,2330,2405,2280,2335,2731115,-0.054655870445344146
2022-02-28,2370,2380,2300,2345,951292,0.004282655246252709
2022-03-02,2390,2430,2360,2365,947383,0.008528784648187626
2022-03-03,2400,2635,2370,2470,5738480,0.044397463002114224
2022-03-04,2505,2635,2455,2575,6040495,0.04251012145748989
2022-03-07,2600,2650,2495,2500,2685989,-0.029126213592232997
2022-03-08,2500,2600,2390,2400,1598621,-0.040000000000000036
2022-03-10,2405,2470,2335,2385,880211,-0.006249999999999978
2022-03-11,2390,2420,2345,2405,604054,0.008385744234800763
2022-03-14,2400,2460,2345,2360,806584,-0.018711018711018657
2022-03-15,2365,2365,2250,2270,804195,-0.03813559322033899
2022-03-16,2285,2360,2275,2340,501100,0.03083700440528636
2022-03-17,2365,2365,2330,2365,349654,0.010683760683760646
2022-03-18,2370,2390,2340,2360,415828,-0.0021141649048626032
2022-03-21,2375,2420,2350,2410,480123,0.021186440677966045
2022-03-22,2415,2470,2395,2450,620799,0.016597510373443924
2022-03-23,2450,2525,2420,2525,1258631,0.030612244897959107
2022-03-24,2510,2510,2460,2495,586851,-0.011881188118811892
2022-03-25,2500,2505,2445,2445,465867,-0.02004008016032066
2022-03-28,2450,2490,2435,2475,1570332,0.012269938650306678
2022-03-29,2720,2780,2515,2600,10669432,0.05050505050505061
2022-03-30,2680,2850,2670,2755,9069077,0.059615384615384626
2022-03-31,2720,2725,2650,2710,1585197,-0.016333938294010864
2022-04-01,2735,2765,2620,2625,1367472,-0.03136531365313655
2022-04-04,2635,2690,2590,2610,732588,-0.005714285714285672
2022-04-05,2630,2670,2585,2640,605673,0.011494252873563315
2022-04-06,2770,2770,2625,2670,2395325,0.011363636363636465
2022-04-07,2670,2815,2655,2780,4075367,0.04119850187265928
2022-04-08,2755,2795,2690,2735,2583698,-0.01618705035971224
2022-04-11,2990,3555,2815,3555,84052808,0.29981718464351004
2022-04-12,3745,4440,3715,3850,142777269,0.08298171589310832
2022-04-13,3885,4040,3565,3760,36773149,-0.023376623376623384
2022-04-14,3620,3680,3500,3680,14019568,-0.021276595744680882
2022-04-15,3555,3760,3470,3610,20735243,-0.01902173913043481
2022-04-18,3675,3680,3425,3435,8986419,-0.04847645429362879
2022-04-19,3390,3480,3345,3465,8344217,0.008733624454148492
2022-04-20,3430,3435,3280,3290,6106421,-0.0505050505050505
2022-04-21,3325,4055,3295,3750,114660239,0.13981762917933138
2022-04-22,3675,4675,3610,4265,120545339,0.1373333333333333
2022-04-25,4130,4235,4060,4110,4336864,-0.036342321219226315
2022-04-26,4190,4190,4030,4115,3380929,0.0012165450121655041
2022-04-27,4170,4510,4170,4480,7735780,0.08869987849331706
2022-04-28,4395,4440,3885,4070,20992992,-0.0915178571428571
2022-04-29,4030,4975,3935,4600,121659282,0.13022113022113024
2022-05-02,4585,4810,4485,4595,24522620,-0.0010869565217391797
2022-05-03,4580,4950,4420,4650,31399650,0.01196953210010876
2022-05-04,4680,4860,4315,4555,32201854,-0.02043010752688168
2022-05-06,4900,5230,4415,4435,55727620,-0.02634467618002201
2022-05-09,4555,4665,4410,4450,13186554,0.0033821871476888976
2022-05-10,4280,4315,4060,4075,7968496,-0.0842696629213483
2022-05-11,4100,4280,3875,4100,14690154,0.006134969325153339
2022-05-12,4350,4370,3850,3850,12713823,-0.060975609756097615
2022-05-13,3835,4025,3705,3810,8986836,-0.010389610389610393
2022-05-16,3795,4050,3795,3950,7273067,0.036745406824147064
2022-05-17,3940,4040,3880,3900,5025006,-0.012658227848101222
2022-05-18,4030,4280,4000,4115,21186877,0.055128205128205154
2022-05-19,3960,4150,3855,4140,6733315,0.0060753341433779084
2022-05-20,4105,4140,3995,3995,3477151,-0.035024154589372025
2022-05-23,3985,4045,3785,3805,4148445,-0.04755944931163958
2022-05-24,3820,3855,3655,3675,3373197,-0.0341655716162943
2022-05-25,3690,3730,3635,3635,2094877,-0.010884353741496544
2022-05-26,3640,3950,3595,3800,12332346,0.0453920220082531
2022-05-27,3815,3850,3710,3710,3568794,-0.023684210526315752
2022-05-30,3710,3760,3655,3685,1660983,-0.006738544474393482
2022-05-31,3705,3770,3675,3675,1624218,-0.0027137042062415073
2022-06-02,3695,3735,3650,3680,1092302,0.0013605442176871652
2022-06-03,3690,3715,3600,3605,1455759,-0.020380434782608647
2022-06-07,3625,3930,3625,3760,12249144,0.04299583911234395
2022-06-08,3770,3770,3655,3655,1987301,-0.027925531914893664
2022-06-09,3670,4030,3520,3665,16884928,0.002735978112175186
2022-06-10,3610,3660,3550,3565,1974917,-0.027285129604365577
2022-06-13,3510,3535,3320,3320,2516961,-0.06872370266479666
2022-06-14,3215,3325,3195,3315,2293598,-0.001506024096385561
2022-06-15,3270,3325,3135,3160,2154500,-0.04675716440422317
2022-06-16,3220,3350,3160,3210,2047013,0.015822784810126667
2022-06-17,3110,3260,3105,3205,1804577,-0.0015576323987538387
2022-06-20,3300,3490,3040,3215,11574062,0.0031201248049921304
2022-06-21,3510,3695,3305,3330,24395142,0.035769828926905056
2022-06-22,3325,3465,3125,3125,4764444,-0.06156156156156156
2022-06-23,3085,3125,2780,2780,4480451,-0.11040000000000005
2022-06-24,2895,3090,2895,3015,8401735,0.08453237410071934
2022-06-27,3000,3405,2970,3290,12155662,0.09121061359867322
2022-06-28,3695,3910,3540,3600,38972981,0.09422492401215798
2022-06-29,3650,3725,3480,3490,8197207,-0.030555555555555558
2022-06-30,3515,3615,3370,3400,6307627,-0.025787965616045794
2022-07-01,3340,3415,3200,3230,3244886,-0.050000000000000044
2022-07-04,3195,3385,3115,3140,3735505,-0.02786377708978327
2022-07-05,3150,3295,3125,3160,4203192,0.006369426751592355
2022-07-06,3220,3280,3045,3050,4286536,-0.034810126582278444
2022-07-07,3130,3275,3030,3275,2698957,0.07377049180327866
2022-07-08,3240,3265,3180,3240,3714993,-0.010687022900763399
2022-07-11,3335,3595,3285,3440,25255589,0.06172839506172845
2022-07-12,3430,3625,3365,3405,12365570,-0.01017441860465118
2022-07-13,3440,3530,3320,3480,6192921,0.022026431718061623
2022-07-14,3520,3555,3375,3380,3203100,-0.028735632183908066
2022-07-15,3385,3400,3245,3260,2747143,-0.035502958579881616
2022-07-18,3370,3455,3315,3340,5859617,0.024539877300613577
2022-07-19,3340,3955,3330,3825,51727855,0.14520958083832336
2022-07-20,3735,3795,3690,3750,10821725,-0.019607843137254943
2022-07-21,3755,3755,3585,3640,6026476,-0.029333333333333322
2022-07-22,3620,3635,3470,3485,3616365,-0.04258241758241754
2022-07-25,3460,3500,3430,3445,1774123,-0.011477761836441891
2022-07-26,3500,3545,3375,3395,3548341,-0.014513788098693747
2022-07-27,3420,3550,3380,3520,5371949,0.036818851251841034
2022-07-28,3560,3595,3490,3500,3826094,-0.005681818181818232
2022-07-29,3470,3590,3450,3585,2894851,0.024285714285714244
2022-08-01,3630,3670,3555,3605,3598402,0.00557880055788007
2022-08-02,3585,3670,3540,3545,3480860,-0.01664355062413314
2022-08-03,3545,3865,3500,3755,28899262,0.05923836389280668
2022-08-04,3730,3745,3635,3690,5064669,-0.017310252996005304
2022-08-05,3650,3700,3600,3600,2295580,-0.024390243902439046
2022-08-08,3650,3770,3645,3715,6738059,0.03194444444444455
2022-08-09,3735,3845,3710,3785,7007182,0.018842530282638048
2022-08-10,3760,4010,3715,3940,25371279,0.04095112285336855
2022-08-11,3930,3930,3825,3855,5221661,-0.021573604060913687
2022-08-12,3880,3915,3720,3720,4549779,-0.035019455252918275
2022-08-16,3730,3765,3645,3695,2194203,-0.006720430107526876
2022-08-17,3740,3920,3725,3835,11984022,0.03788903924221931
2022-08-18,3830,3860,3735,3740,2779023,-0.024771838331160367
2022-08-19,3775,3785,3670,3670,2073439,-0.018716577540106916
2022-08-22,3655,3750,3515,3540,2752419,-0.03542234332425065
2022-08-23,3620,3730,3570,3720,6162991,0.05084745762711873
2022-08-24,3715,3835,3665,3725,5103962,0.0013440860215054862
2022-08-25,3725,3885,3705,3840,5581399,0.03087248322147662
2022-08-26,3815,3820,3730,3785,3395274,-0.01432291666666663
2022-08-29,3615,3705,3600,3600,2336656,-0.04887714663143994
2022-08-30,3590,3665,3550,3655,1944338,0.015277777777777724
2022-08-31,3645,3785,3635,3660,2774919,0.001367989056087593
2022-09-01,3630,3680,3485,3490,2101831,-0.04644808743169404
2022-09-02,3570,3605,3365,3385,2009237,-0.03008595988538687
2022-09-05,3385,3515,3385,3435,2098026,0.01477104874446078
2022-09-06,3500,3565,3435,3565,3233979,0.03784570596797665
2022-09-07,3695,3735,3530,3565,5538407,0.0
2022-09-08,3500,3570,3405,3425,2296608,-0.03927068723702665
2022-09-13,3425,3455,3315,3415,1658064,-0.0029197080291970545
2022-09-14,3275,3365,3275,3320,1018066,-0.027818448023426035
2022-09-15,3355,3375,3280,3280,1122183,-0.012048192771084376
2022-09-16,3280,3320,3185,3195,1142068,-0.02591463414634143
2022-09-19,3175,3200,3055,3065,1374803,-0.04068857589984354
2022-09-20,3095,3160,3090,3140,929823,0.02446982055464919
2022-09-21,3090,3165,3060,3085,1127042,-0.017515923566879033
2022-09-22,3095,3170,3005,3160,2140466,0.024311183144246407
2022-09-23,3115,3150,2970,2990,1215025,-0.05379746835443033
2022-09-26,2900,2925,2765,2765,1816194,-0.07525083612040129
2022-09-27,2750,2800,2675,2770,1586461,0.001808318264014508
2022-09-28,2775,2855,2590,2645,1716190,-0.045126353790613694
2022-09-29,2670,2830,2655,2655,2799181,0.003780718336483968
2022-09-30,2600,2715,2575,2660,1212140,0.0018832391713747842
2022-10-04,2805,2930,2715,2840,2779527,0.06766917293233088
2022-10-05,2875,2915,2790,2800,1235583,-0.014084507042253502
2022-10-06,2840,2910,2835,2865,843932,0.023214285714285632
2022-10-07,2865,2955,2805,2835,887559,-0.010471204188481686
2022-10-11,2735,2925,2660,2740,1098234,-0.0335097001763669
2022-10-12,2775,2790,2670,2700,643547,-0.014598540145985384
2022-10-13,2675,2710,2500,2505,1060160,-0.07222222222222219
2022-10-14,2565,2700,2540,2670,942975,0.06586826347305386
2022-10-17,2635,2710,2590,2700,497585,0.011235955056179803
2022-10-18,2730,2785,2680,2710,982420,0.0037037037037037646
2022-10-19,2745,2770,2685,2700,592744,-0.0036900369003689537
2022-10-20,2705,2780,2685,2705,504923,0.0018518518518517713
2022-10-21,2705,2705,2605,2610,492263,-0.03512014787430684
2022-10-24,2670,2750,2650,2690,720402,0.03065134099616862
2022-10-25,2725,2730,2630,2655,488754,-0.013011152416356864
2022-10-26,2675,2685,2570,2575,467016,-0.030131826741996215
2022-10-27,2620,2680,2610,2675,544871,0.03883495145631066
2022-10-28,2630,2725,2630,2640,651078,-0.013084112149532756
2022-10-31,2685,2735,2645,2695,520080,0.02083333333333326
2022-11-01,2700,3020,2690,2855,9822919,0.05936920222634501
2022-11-02,2815,2825,2730,2740,1388110,-0.04028021015761818
2022-11-03,2705,2840,2660,2775,1907603,0.012773722627737127
2022-11-04,2765,2805,2730,2785,829728,0.003603603603603567
2022-11-07,2795,2810,2745,2805,960754,0.007181328545780907
2022-11-08,2835,2850,2790,2810,799591,0.0017825311942958333
2022-11-09,2835,2870,2815,2830,1209556,0.007117437722419906
2022-11-10,2815,2860,2775,2790,707946,-0.014134275618374548
2022-11-11,2860,2880,2815,2830,778804,0.014336917562723928
2022-11-14,2835,2910,2820,2875,970243,0.01590106007067127
2022-11-15,2895,2895,2830,2855,541484,-0.006956521739130417
2022-11-16,2885,2885,2800,2835,537251,-0.007005253940455369
2022-11-17,2845,2860,2760,2765,651066,-0.024691358024691357
2022-11-18,2755,2800,2730,2735,511406,-0.010849909584086825
2022-11-21,2730,2755,2650,2655,447085,-0.029250457038391242
2022-11-22,2625,2700,2615,2685,369657,0.011299435028248483
2022-11-23,2690,2735,2690,2725,333188,0.014897579143389184
2022-11-24,2740,2765,2725,2730,324581,0.0018348623853210455
2022-11-25,2740,2770,2720,2745,439548,0.005494505494505475
2022-11-28,2745,2745,2650,2670,411798,-0.02732240437158473
2022-11-29,2630,2700,2625,2690,362132,0.0074906367041198685
2022-11-30,2685,2740,2685,2710,310712,0.0074349442379182396
2022-12-01,2735,2760,2710,2710,418783,0.0
2022-12-02,2720,2725,2640,2645,660835,-0.023985239852398532
2022-12-05,2650,2660,2610,2630,495670,-0.005671077504725952
2022-12-06,2610,2620,2540,2550,612156,-0.03041825095057038
2022-12-07,2500,2565,2495,2525,489022,-0.009803921568627416
2022-12-08,2510,2535,2475,2485,409670,-0.015841584158415856
2022-12-09,2490,2515,2460,2500,457701,0.006036217303822866
2022-12-12,2485,2495,2465,2475,284429,-0.010000000000000009
2022-12-13,2475,2535,2475,2480,362427,0.002020202020202033
2022-12-14,2495,2530,2495,2520,263095,0.016129032258064502
2022-12-15,2515,2540,2470,2480,375445,-0.015873015873015928
2022-12-16,2445,2465,2425,2435,439094,-0.01814516129032262
2022-12-19,2435,2450,2410,2430,241726,-0.002053388090349051
2022-12-20,2410,2515,2345,2350,656703,-0.03292181069958844
2022-12-21,2365,2380,2345,2355,275446,0.0021276595744681437
2022-12-22,2365,2395,2365,2390,244165,0.014861995753715496
2022-12-23,2360,2360,2315,2325,379906,-0.027196652719665315
2022-12-26,2325,2330,2265,2275,311487,-0.021505376344086002
2022-12-27,2250,2340,2250,2340,345295,0.02857142857142847
2022-12-28,2335,2350,2310,2350,238013,0.004273504273504258
2022-12-29,2330,2340,2230,2250,481130,-0.04255319148936165
2023-01-02,2255,2290,2190,2190,282632,-0.026666666666666616
2023-01-03,2155,2205,2120,2175,623479,-0.006849315068493178
2023-01-04,2150,2235,2135,2220,247385,0.020689655172413834
2023-01-05,2220,2365,2190,2365,1044181,0.06531531531531543
2023-01-06,2380,2395,2270,2325,1780915,-0.016913319238900604
2023-01-09,2335,2370,2335,2360,355483,0.01505376344086029
2023-01-10,2360,2390,2340,2355,532875,-0.0021186440677966045
2023-01-11,2380,2555,2360,2450,5233066,0.04033970276008492
2023-01-12,2455,2490,2385,2395,1514933,-0.022448979591836782
2023-01-13,2420,2650,2395,2450,6277541,0.022964509394572064
2023-01-16,2445,2470,2430,2430,663376,-0.008163265306122436
2023-01-17,2440,2460,2380,2380,576599,-0.020576131687242816
2023-01-18,2380,2405,2350,2360,598190,-0.008403361344537785
2023-01-19,2345,2375,2335,2345,357108,-0.006355932203389814
2023-01-20,2330,2375,2330,2355,292629,0.004264392324093924
2023-01-25,2370,2410,2370,2400,500613,0.019108280254777066
2023-01-26,2410,2465,2395,2450,752469,0.02083333333333326
2023-01-27,2465,2470,2430,2460,637073,0.004081632653061273
2023-01-30,2460,2475,2425,2425,413492,-0.014227642276422814
2023-01-31,2425,2530,2405,2440,1529343,0.006185567010309256
2023-02-01,2455,2485,2430,2435,443687,-0.002049180327868827
2023-02-02,2455,2475,2445,2450,350460,0.006160164271047153
2023-02-03,2450,2470,2440,2455,301582,0.0020408163265306367
2023-02-06,2440,2460,2415,2450,354323,-0.0020366598778004397
2023-02-07,2445,2665,2445,2605,8080106,0.06326530612244907
2023-02-08,2615,2655,2580,2625,2134725,0.007677543186180413
2023-02-09,2630,2675,2605,2620,2011877,-0.0019047619047618536
2023-02-10,2630,2640,2530,2595,1485569,-0.009541984732824416
2023-02-13,2595,2615,2540,2545,544008,-0.019267822736030782
2023-02-14,2560,2570,2535,2535,500313,-0.003929273084479323
2023-02-15,2545,2560,2505,2510,487612,-0.009861932938856066
2023-02-16,2525,2590,2525,2545,558997,0.013944223107569709
2023-02-17,2515,2600,2515,2560,479309,0.005893909626718985
2023-02-20,2570,2575,2520,2540,440274,-0.0078125
2023-02-21,2545,2610,2530,2560,853977,0.007874015748031482
2023-02-22,2520,2545,2490,2490,568255,-0.02734375
2023-02-23,2515,2595,2515,2570,905226,0.032128514056224855
2023-02-24,2580,2590,2525,2525,572583,-0.017509727626459193
2023-02-27,2520,2520,2465,2465,481335,-0.023762376237623783
2023-02-28,2470,2510,2465,2470,361674,0.0020283975659229903
2023-03-02,2470,2500,2450,2450,499603,-0.0080971659919028
2023-03-03,2485,2490,2435,2440,421185,-0.004081632653061273
2023-03-06,2455,2465,2415,2455,346116,0.006147540983606481
2023-03-07,2445,2555,2445,2545,1047909,0.03665987780040725
2023-03-08,2520,2595,2520,2540,883515,-0.0019646365422396617
2023-03-09,2545,2560,2485,2515,438745,-0.009842519685039353
2023-03-10,2490,2500,2430,2430,611113,-0.03379721669980118
2023-03-13,2405,2425,2310,2380,656079,-0.020576131687242816
2023-03-14,2340,2370,2255,2255,733466,-0.05252100840336138
2023-03-15,2300,2500,2295,2425,2154513,0.07538802660753885
2023-03-16,2420,2430,2350,2395,517712,-0.012371134020618513
2023-03-17,2420,2460,2410,2430,439131,0.014613778705636848
2023-03-20,2405,2465,2405,2450,388761,0.008230452674897082
2023-03-21,2495,2500,2415,2420,339072,-0.01224489795918371
2023-03-22,2460,2460,2405,2430,251480,0.004132231404958775
2023-03-23,2405,2445,2390,2430,397030,0.0
2023-03-24,2440,2470,2420,2465,375109,0.014403292181069949
2023-03-27,2480,2535,2445,2510,898030,0.018255578093306246
2023-03-28,2510,2575,2505,2525,855448,0.005976095617529875
2023-03-29,2525,2680,2510,2630,2342978,0.04158415841584162
2023-03-30,2640,2690,2585,2645,1408982,0.005703422053231932
2023-03-31,2650,2670,2610,2615,770859,-0.011342155009451793
2023-04-03,2640,2675,2620,2665,875172,0.019120458891013437
2023-04-04,2680,2880,2660,2745,9819263,0.030018761726078758
2023-04-05,2750,2770,2685,2735,1335161,-0.0036429872495445936
2023-04-06,2745,2785,2655,2705,1718878,-0.010968921389396757
2023-04-07,2705,2780,2700,2700,1014714,-0.001848428835489857
2023-04-10,2695,2700,2620,2670,1138099,-0.011111111111111072
2023-04-11,2670,2690,2585,2665,1135382,-0.0018726591760299671
2023-04-12,2680,2735,2650,2710,1093265,0.016885553470919357
2023-04-13,2720,2735,2650,2705,560100,-0.0018450184501844769
2023-04-14,2750,2775,2725,2755,1319686,0.01848428835489835
2023-04-17,2765,2880,2745,2815,2936937,0.02177858439201441
2023-04-18,2870,2870,2775,2790,1368182,-0.008880994671403242
2023-04-19,2805,2950,2790,2910,2958294,0.043010752688172005
2023-04-20,2935,2945,2785,2800,1698189,-0.037800687285223344
2023-04-21,2810,3545,2720,3110,63108884,0.11071428571428577
2023-04-24,3320,3400,3015,3040,17402937,-0.022508038585209
2023-04-25,2990,3580,2905,3270,52720580,0.07565789473684204
2023-04-26,3190,3500,3125,3390,27964786,0.03669724770642202
2023-04-27,3255,3390,3215,3250,6094911,-0.041297935103244865
2023-04-28,3250,3310,3050,3090,5212717,-0.04923076923076919
2023-05-02,3090,3280,3020,3190,4412988,0.032362459546925626
2023-05-03,3150,3460,3150,3265,13217973,0.023510971786833812
2023-05-04,3245,3255,3100,3110,3170381,-0.04747320061255744
2023-05-08,3125,3230,3030,3050,2361913,-0.019292604501607746
2023-05-09,3115,3310,3085,3110,8884399,0.01967213114754096
2023-05-10,3225,3375,3170,3205,8934537,0.030546623794212246
2023-05-11,3245,3360,3225,3260,5817706,0.01716068642745716
2023-05-12,3270,3270,3100,3125,2553092,-0.04141104294478526
2023-05-15,3200,3480,3170,3305,24231094,0.057600000000000096
2023-05-16,3260,3440,3195,3275,7454909,-0.009077155824508298
2023-05-17,3250,3310,3190,3250,2838233,-0.007633587786259555
2023-05-18,3240,3560,3225,3505,15638643,0.07846153846153836
2023-05-19,3445,3470,3285,3320,5421125,-0.05278174037089867
2023-05-22,3350,3415,3330,3355,3476590,0.010542168674698704
2023-05-23,3310,3375,3290,3350,2837360,-0.0014903129657227732
2023-05-24,3400,3430,3285,3285,3048668,-0.0194029850746269
2023-05-25,3250,3285,3140,3155,2686912,-0.0395738203957382
2023-05-26,3160,3180,3070,3070,1421897,-0.02694136291600635
2023-05-30,3070,3095,2985,3000,1459408,-0.0228013029315961
2023-05-31,3010,3060,2990,2990,955742,-0.0033333333333332993
2023-06-01,2990,3015,2940,3000,778172,0.0033444816053511683
2023-06-02,3005,3065,3005,3065,902611,0.021666666666666723
2023-06-05,3090,3105,3045,3075,647697,0.0032626427406199365
2023-06-07,3075,3095,3005,3005,759262,-0.02276422764227637
2023-06-08,3005,3100,2970,3060,1430671,0.01830282861896837
2023-06-09,3050,3075,3025,3025,639706,-0.011437908496731986
2023-06-12,3015,3140,3010,3065,1397769,0.013223140495867813
2023-06-13,3055,3125,3050,3050,933238,-0.004893964110929905
2023-06-14,3060,3145,3050,3070,1546029,0.006557377049180246
2023-06-15,3075,3195,3050,3170,2533300,0.032573289902280145
2023-06-16,3175,3250,3160,3210,1863610,0.012618296529968376
2023-06-19,3210,3265,3170,3225,1375405,0.004672897196261738
2023-06-20,3225,3285,3165,3180,1322079,-0.013953488372092981
2023-06-21,3180,3220,3105,3140,1021873,-0.012578616352201255
2023-06-22,3120,3170,3105,3120,499474,-0.006369426751592355
2023-06-23,3120,3130,3030,3040,949758,-0.02564102564102566
2023-06-26,3010,3070,2990,3010,957389,-0.009868421052631526
2023-06-27,3020,3080,2990,3000,733488,-0.0033222591362126463
2023-06-28,3005,3055,2995,3000,719646,0.0
2023-06-29,2990,3010,2820,2855,1691670,-0.04833333333333334
2023-06-30,2855,2905,2830,2900,709843,0.015761821366024442
2023-07-03,2930,2935,2880,2890,633047,-0.0034482758620689724
2023-07-04,2915,2950,2850,2900,1155411,0.0034602076124568004
2023-07-05,2905,2960,2855,2920,955645,0.006896551724137945
2023-07-06,2920,2925,2725,2745,1687653,-0.05993150684931503
2023-07-07,2710,2765,2680,2730,719487,-0.005464480874316946
2023-07-10,2710,2770,2675,2725,493130,-0.001831501831501825
2023-07-11,2730,2815,2730,2780,613821,0.020183486238532167
2023-07-12,2790,2850,2765,2780,478299,0.0
2023-07-13,2785,2820,2755,2760,646930,-0.007194244604316502
2023-07-14,2755,2775,2650,2695,1107411,-0.023550724637681153
2023-07-17,2700,2755,2680,2745,510038,0.01855287569573294
2023-07-18,2745,2790,2680,2685,708294,-0.021857923497267784
2023-07-19,2690,2745,2620,2625,593638,-0.022346368715083775
2023-07-20,2620,2680,2615,2675,378954,0.01904761904761898
2023-07-21,2630,2720,2630,2640,1038253,-0.013084112149532756
2023-07-24,2630,2795,2570,2780,2530957,0.05303030303030298
2023-07-25,2745,2795,2680,2700,1043130,-0.02877697841726623
2023-07-26,2700,2710,2500,2530,1891767,-0.062962962962963
2023-07-27,2510,2640,2510,2560,926999,0.011857707509881354
2023-07-28,2560,2740,2555,2685,1387723,0.048828125
2023-07-31,2695,2815,2695,2780,974567,0.035381750465549366
2023-08-01,2810,2815,2720,2760,541643,-0.007194244604316502
2023-08-02,2730,2795,2705,2730,458107,-0.010869565217391353
2023-08-03,2720,2720,2630,2665,451207,-0.023809523809523836
2023-08-04,2660,2715,2625,2700,303129,0.013133208255159401
2023-08-07,2675,2690,2570,2635,527802,-0.024074074074074026
2023-08-08,2625,2665,2555,2565,852216,-0.026565464895635715
2023-08-09,2565,2625,2555,2610,419931,0.01754385964912286
2023-08-10,2595,2680,2595,2625,424090,0.005747126436781658
2023-08-11,2625,2685,2625,2660,326677,0.01333333333333342
2023-08-14,2675,2675,2600,2600,307987,-0.022556390977443663
2023-08-16,2600,2605,2500,2505,690958,-0.03653846153846152
2023-08-17,2470,2515,2395,2485,654361,-0.007984031936127733
2023-08-18,2435,2485,2425,2465,320090,-0.008048289738430636
2023-08-21,2485,2530,2485,2490,278541,0.010141987829614507
2023-08-22,2495,2550,2460,2505,587804,0.006024096385542244
2023-08-23,2510,2575,2495,2535,454674,0.011976047904191711
2023-08-24,2550,2610,2515,2530,592361,-0.0019723865877712132
2023-08-25,2515,2550,2465,2470,515391,-0.02371541501976282
2023-08-28,2460,2615,2455,2580,838092,0.044534412955465674
2023-08-29,2585,2620,2560,2560,512428,-0.007751937984496138
2023-08-30,2610,2610,2545,2565,365988,0.001953125
2023-08-31,2575,2600,2555,2565,369320,0.0
2023-09-01,2565,2600,2550,2575,401365,0.003898635477582957
2023-09-04,2560,2590,2545,2585,354859,0.003883495145631022
2023-09-05,2565,2590,2545,2555,257835,-0.011605415860735047
2023-09-06,2555,2575,2525,2530,288615,-0.009784735812133127
2023-09-07,2530,2540,2470,2470,430584,-0.02371541501976282
2023-09-08,2455,2500,2455,2500,212481,0.012145748987854255
2023-09-11,2500,2520,2465,2475,325329,-0.010000000000000009
2023-09-12,2475,2510,2435,2435,405555,-0.016161616161616155
2023-09-13,2435,2445,2405,2420,302066,-0.006160164271047264
2023-09-14,2410,2435,2410,2425,244999,0.0020661157024792765
2023-09-15,2440,2565,2435,2485,675846,0.024742268041237025
2023-09-18,2490,2510,2460,2465,223087,-0.008048289738430636
2023-09-19,2465,2470,2410,2430,271529,-0.014198782961460488
2023-09-20,2425,2445,2415,2425,146532,-0.002057613168724326
2023-09-21,2425,2440,2330,2330,515665,-0.039175257731958735
2023-09-22,2315,2365,2305,2335,212253,0.0021459227467810482
2023-09-25,2315,2500,2290,2410,1155423,0.032119914346895095
2023-09-26,2415,2460,2335,2360,349369,-0.020746887966805017
2023-09-27,2325,2375,2320,2340,155284,-0.008474576271186418
2023-10-04,2340,2340,2255,2275,333908,-0.02777777777777779
2023-10-05,2275,2300,2220,2220,298506,-0.0241758241758242
2023-10-06,2195,2295,2195,2275,262292,0.024774774774774855
2023-10-10,2310,2405,2300,2320,479126,0.01978021978021971
2023-10-11,2340,2390,2330,2360,182028,0.01724137931034475
2023-10-12,2360,2620,2360,2455,2678861,0.0402542372881356
2023-10-13,2455,2505,2415,2440,389070,-0.006109979633401208
2023-10-16,2440,2905,2410,2725,19149978,0.11680327868852469
2023-10-17,2660,2915,2650,2740,12785388,0.005504587155963359
2023-10-18,2695,2790,2650,2770,3222987,0.010948905109489093
2023-10-19,2660,2665,2540,2585,2769546,-0.06678700361010825
2023-10-20,2545,2680,2495,2495,2086679,-0.03481624758220503
2023-10-23,2455,2495,2315,2330,1572855,-0.06613226452905807
2023-10-24,2330,2450,2245,2385,2729306,0.023605150214592197
2023-10-25,2390,2425,2355,2355,774583,-0.012578616352201255
2023-10-26,2310,2320,2245,2255,807910,-0.0424628450106157
2023-10-27,2255,2290,2225,2230,480201,-0.011086474501108667
2023-10-30,2210,2275,2210,2265,469801,0.015695067264573925
2023-10-31,2280,2325,2225,2230,597299,-0.015452538631346546
2023-11-01,2255,2380,2250,2270,498446,0.017937219730941756
2023-11-02,2320,2350,2290,2335,487086,0.028634361233480066
2023-11-03,2380,2455,2325,2375,986031,0.017130620985010614
2023-11-06,2390,2415,2380,2415,740708,0.01684210526315799
2023-11-07,2415,2415,2330,2375,449415,-0.0165631469979296
2023-11-08,2385,2420,2335,2340,527640,-0.01473684210526316
2023-11-09,2345,2370,2320,2340,235211,0.0
2023-11-10,2320,2325,2285,2295,273179,-0.019230769230769273
2023-11-13,2305,2645,2290,2560,18935063,0.11546840958605675
2023-11-14,2540,2585,2530,2565,2673593,0.001953125
2023-11-15,2570,2575,2455,2515,2254481,-0.01949317738791423
2023-11-16,2505,2530,2480,2500,722610,-0.005964214711729587
2023-11-17,2510,2510,2430,2450,654424,-0.020000000000000018
2023-11-20,2470,2520,2460,2510,641116,0.02448979591836742
2023-11-21,2510,2620,2485,2525,1771918,0.005976095617529875
2023-11-22,2520,2800,2490,2565,7431989,0.015841584158415856
2023-11-23,2565,2635,2550,2555,913570,-0.003898635477582846
2023-11-24,2570,2660,2540,2555,1237805,0.0
2023-11-27,2545,2600,2525,2530,567990,-0.009784735812133127
2023-11-28,2535,2555,2515,2525,366448,-0.0019762845849802257
2023-11-29,2520,2600,2520,2560,623010,0.013861386138613874
2023-11-30,2560,2640,2545,2575,546013,0.005859375
2023-12-01,2590,2650,2565,2625,760244,0.01941747572815533
2023-12-04,2640,2650,2580,2590,914377,-0.013333333333333308
2023-12-05,2570,2590,2520,2535,475619,-0.021235521235521193
2023-12-06,2540,2570,2525,2555,339631,0.007889546351084853
2023-12-07,2545,2555,2465,2490,430601,-0.025440313111546042
2023-12-08,2495,2520,2485,2505,291806,0.006024096385542244
2023-12-11,2500,2565,2495,2555,331536,0.019960079840319445
2023-12-12,2555,2565,2540,2560,244422,0.001956947162426559
2023-12-13,2575,2575,2505,2510,312558,-0.01953125
2023-12-14,2525,2535,2480,2480,348458,-0.01195219123505975
2023-12-15,2485,2530,2485,2500,281395,0.008064516129032251
2023-12-18,2505,2515,2495,2505,232624,0.0020000000000000018
2023-12-19,2540,2630,2505,2505,1417186,0.0
2023-12-20,2515,2565,2515,2550,469330,0.017964071856287456
2023-12-21,2520,2560,2515,2520,354855,-0.0117647058823529
2023-12-22,2540,2565,2505,2510,398106,-0.003968253968253954
2023-12-26,2515,2515,2470,2490,315789,-0.007968127490039834
2023-12-27,2485,2505,2440,2470,771651,-0.008032128514056214
2023-12-28,2485,2560,2485,2550,804750,0.03238866396761142
2024-01-02,2545,2560,2525,2550,293544,0.0
2024-01-03,2525,2725,2520,2595,2318575,0.01764705882352935
2024-01-04,2625,2680,2585,2585,2023673,-0.003853564547206201
2024-01-05,2590,2590,2540,2570,472028,-0.005802707930367523
2024-01-08,2570,2575,2540,2555,295378,-0.005836575875486361
2024-01-09,2565,2585,2545,2580,373753,0.009784735812133016
2024-01-10,2595,2625,2560,2605,701010,0.009689922480620172
2024-01-11,2625,2665,2600,2600,811253,-0.0019193857965451588
2024-01-12,2610,2690,2600,2680,1168795,0.03076923076923066
2024-01-15,2670,2800,2640,2665,3023627,-0.005597014925373123
2024-01-16,2680,2705,2610,2640,870273,-0.009380863039399667
2024-01-17,2625,2675,2610,2650,735160,0.0037878787878788955
2024-01-18,2650,2665,2615,2620,535002,-0.01132075471698113
2024-01-19,2640,2700,2635,2690,771522,0.026717557251908497
2024-01-22,2695,2695,2570,2580,898095,-0.040892193308550207
2024-01-23,2570,2605,2545,2550,424385,-0.011627906976744207
2024-01-24,2550,2585,2525,2540,430566,-0.0039215686274509665
2024-01-25,2535,2550,2490,2535,434712,-0.0019685039370078705
2024-01-26,2535,2580,2510,2570,327151,0.013806706114398493
2024-01-29,2570,2585,2545,2560,309591,-0.0038910505836575737
2024-01-30,2565,2610,2550,2580,558133,0.0078125
2024-01-31,2560,2595,2555,2575,539962,-0.0019379844961240345
2024-02-01,2550,2650,2550,2630,800047,0.021359223300970953
2024-02-02,2650,2685,2630,2670,819747,0.015209125475285079
2024-02-05,2685,2705,2635,2680,616402,0.0037453183520599342
2024-02-06,2665,2690,2610,2625,525366,-0.020522388059701524
2024-02-07,2630,2650,2595,2645,392433,0.007619047619047636
2024-02-08,2655,2655,2600,2605,295877,-0.015122873345935761
2024-02-13,2610,2650,2605,2645,393649,0.015355086372360827
2024-02-14,2605,2645,2595,2635,359222,-0.003780718336483968
2024-02-15,2640,2650,2575,2575,522976,-0.022770398481973486
2024-02-16,2590,2625,2560,2610,518904,0.013592233009708687
2024-02-19,2605,2745,2605,2695,1724513,0.03256704980842917
2024-02-20,2710,2770,2660,2690,962590,-0.0018552875695733162
2024-02-21,2685,2725,2670,2695,496774,0.0018587360594795044
2024-02-22,2700,2700,2650,2655,455444,-0.014842300556586308
2024-02-23,2660,2670,2590,2610,341239,-0.016949152542372836
2024-02-26,2615,2645,2590,2590,326234,-0.007662835249042099
2024-02-27,2565,2590,2510,2510,597867,-0.030888030888030937
2024-02-28,2515,2545,2505,2530,290918,0.007968127490039834
2024-02-29,2520,3150,2510,2925,28100628,0.15612648221343872
2024-03-04,2875,3015,2850,2910,7206673,-0.00512820512820511
2024-03-05,2885,2935,2835,2890,4649039,-0.0068728522336769515
2024-03-06,3090,3100,2815,2840,7612331,-0.01730103806228378
2024-03-07,2770,2810,2710,2715,1868263,-0.04401408450704225
2024-03-08,2730,2765,2660,2740,2539845,0.009208103130755152
2024-03-11,2835,2880,2670,2670,2752065,-0.025547445255474477
2024-03-12,2660,2705,2640,2680,1049727,0.0037453183520599342
2024-03-13,2660,2715,2640,2670,1295252,-0.003731343283582045
2024-03-14,2680,2770,2660,2740,1986698,0.02621722846441954
2024-03-15,2750,2975,2705,2810,6145392,0.025547445255474477
2024-03-18,2785,2815,2755,2780,960211,-0.010676156583629859
2024-03-19,2765,2820,2715,2720,955776,-0.021582733812949617
2024-03-20,2730,2765,2685,2740,652908,0.007352941176470562
2024-03-21,2760,2850,2730,2735,1324332,-0.0018248175182481452
2024-03-22,2730,2810,2725,2760,937418,0.009140767824497242
2024-03-25,2750,2815,2750,2780,513149,0.007246376811594235
2024-03-26,2775,2820,2760,2770,588828,-0.003597122302158251
2024-03-27,2900,2905,2720,2725,2803436,-0.016245487364620947
2024-03-28,2735,2755,2670,2670,1004158,-0.020183486238532056
2024-03-29,2675,2750,2655,2705,708801,0.013108614232209659
2024-04-01,2710,2760,2705,2740,521803,0.012939001848428777
2024-04-02,2715,2740,2625,2650,832705,-0.03284671532846717
2024-04-03,2645,2645,2580,2610,502276,-0.015094339622641506
2024-04-04,2605,2675,2590,2630,391183,0.00766283524904221
2024-04-05,2620,2690,2600,2645,477432,0.005703422053231932
2024-04-08,2700,2705,2550,2565,632751,-0.03024574669187141
2024-04-09,2565,2605,2550,2550,336350,-0.005847953216374324
2024-04-11,2525,2545,2490,2530,293506,-0.007843137254901933
2024-04-12,2530,2540,2465,2470,735545,-0.02371541501976282
2024-04-15,2435,2475,2415,2445,540960,-0.010121457489878583
2024-04-16,2420,2440,2335,2355,757227,-0.036809815950920255
2024-04-17,2360,2380,2330,2330,405312,-0.010615711252653925
2024-04-18,2325,2435,2325,2435,735284,0.045064377682403345
2024-04-19,2410,2595,2385,2435,2492972,0.0
2024-04-22,2440,2455,2395,2400,447540,-0.014373716632443578
2024-04-23,2400,2440,2380,2390,434977,-0.004166666666666652
2024-04-24,2405,2440,2405,2435,210172,0.01882845188284521
2024-04-25,2425,2450,2410,2420,246616,-0.006160164271047264
2024-04-26,2425,2440,2395,2410,240215,-0.004132231404958664
2024-04-29,2420,2480,2415,2460,409263,0.020746887966804906
2024-04-30,2450,2495,2450,2470,308570,0.004065040650406582
2024-05-02,2470,2490,2450,2485,230535,0.006072874493927127
2024-05-03,2485,2510,2450,2455,331544,-0.012072434607645843
2024-05-07,2485,2485,2445,2475,235292,0.008146639511201537
2024-05-08,2465,2525,2460,2515,428907,0.016161616161616266
2024-05-09,2505,2520,2495,2500,235953,-0.005964214711729587
2024-05-10,2505,2525,2490,2505,204866,0.0020000000000000018
2024-05-13,2505,2515,2465,2465,345237,-0.015968063872255467
2024-05-14,2465,2520,2460,2485,217090,0.008113590263691739
2024-05-16,2505,2550,2465,2475,529477,-0.004024144869215318
2024-05-17,2485,2485,2445,2460,261602,-0.0060606060606061
2024-05-20,2455,2610,2445,2490,1419087,0.012195121951219523
2024-05-21,2510,2525,2480,2490,378582,0.0
2024-05-22,2505,2505,2450,2460,352015,-0.012048192771084376
2024-05-23,2460,2465,2425,2430,210258,-0.012195121951219523
2024-05-24,2410,2455,2395,2410,331280,-0.008230452674897082
2024-05-27,2420,2430,2370,2400,456486,-0.004149377593360981
2024-05-28,2400,2420,2400,2415,202605,0.006250000000000089
2024-05-29,2425,2425,2370,2380,346695,-0.01449275362318836
2024-05-30,2375,2375,2350,2360,211468,-0.008403361344537785
2024-05-31,2350,2375,2350,2360,119969,0.0
2024-06-03,2365,2600,2365,2530,3007735,0.07203389830508478
2024-06-04,2500,2520,2420,2440,741179,-0.035573122529644285
2024-06-05,2450,2455,2410,2415,396330,-0.010245901639344246
2024-06-07,2430,2455,2395,2400,376786,-0.006211180124223614
2024-06-10,2395,2455,2395,2435,313096,0.014583333333333393
2024-06-11,2445,2460,2415,2430,268073,-0.002053388090349051
2024-06-12,2440,2455,2415,2440,280528,0.004115226337448652
2024-06-13,2440,2460,2435,2455,207920,0.006147540983606481
2024-06-14,2455,2455,2420,2425,197324,-0.012219959266802416
2024-06-17,2435,2485,2430,2430,349214,0.0020618556701030855
2024-06-18,2435,2470,2430,2440,273008,0.004115226337448652
2024-06-19,2450,2455,2410,2440,245758,0.0
2024-06-20,2435,2525,2435,2470,1035061,0.012295081967213184
2024-06-21,2490,3210,2450,3210,18467285,0.2995951417004048
2024-06-24,3360,4150,3315,3850,151841329,0.19937694704049846
2024-06-25,4040,4430,3860,3945,78341492,0.024675324675324628
2024-06-26,3950,4020,3885,3945,4500555,0.0
2024-06-27,4000,4170,3970,4170,5349064,0.057034220532319324
2024-06-28,4070,4185,4000,4040,2883555,-0.031175059952038398
2024-07-01,4000,4040,3515,3640,10196574,-0.09900990099009899
2024-07-02,3670,3685,3390,3530,6466972,-0.030219780219780223
2024-07-03,3455,3480,3260,3405,5016269,-0.03541076487252126
2024-07-04,3390,3455,3280,3415,3703140,0.002936857562408246
2024-07-05,3375,3485,3350,3465,3116026,0.014641288433382194
2024-07-08,3440,3490,3325,3475,2940298,0.0028860028860029363
2024-07-09,3530,3530,3345,3365,2968689,-0.031654676258992764
2024-07-10,3330,3510,3300,3510,3743861,0.043090638930163516
2024-07-11,3440,3595,3315,3540,4250538,0.008547008547008517
2024-07-12,3460,3570,3210,3215,4686730,-0.09180790960451979
2024-07-15,3195,3360,3155,3280,3123662,0.02021772939346822
2024-07-16,3320,3355,3050,3095,5783892,-0.05640243902439024
2024-07-17,3070,3145,3060,3090,1900551,-0.001615508885298822
2024-07-18,3085,3710,2960,3455,51901837,0.11812297734627841
2024-07-19,3475,3750,3465,3665,26907304,0.06078147612156304
2024-07-22,3820,3830,3430,3550,12661168,-0.03137789904502042
2024-07-23,3490,3725,3415,3555,13397305,0.0014084507042253502
2024-07-24,3495,3750,3435,3650,12512318,0.026722925457102642
2024-07-25,3555,3665,3420,3495,4367834,-0.042465753424657526
2024-07-26,3465,3645,3435,3595,4090905,0.028612303290414864
2024-07-29,3800,3905,3630,3630,14402329,0.009735744089012455
2024-07-30,3680,3690,3310,3320,4984705,-0.08539944903581265
2024-07-31,3335,3575,3220,3425,6470729,0.031626506024096335
2024-08-01,3380,3455,3350,3405,1963978,-0.005839416058394109
2024-08-02,3345,3470,3265,3335,3051576,-0.02055800293685761
2024-08-05,3235,3235,2800,2995,3728677,-0.10194902548725637
2024-08-06,2995,3290,2970,3220,3398411,0.07512520868113515
2024-08-07,3300,3545,3300,3325,9569834,0.032608695652173836
2024-08-08,3255,3340,3145,3160,1840561,-0.049624060150375904
2024-08-09,3210,3730,3200,3590,27036045,0.13607594936708867
2024-08-12,3550,3635,3470,3475,5238784,-0.03203342618384397
2024-08-13,3470,3605,3365,3400,4553687,-0.021582733812949617
2024-08-14,3425,3560,3390,3475,3519446,0.022058823529411686
2024-08-16,3500,3555,3455,3520,2832268,0.012949640287769792
2024-08-19,3540,3560,3420,3495,4013527,-0.007102272727272707
2024-08-20,3745,3745,3435,3470,12202288,-0.007153075822603716
2024-08-21,3440,3735,3375,3530,12326767,0.01729106628242083
2024-08-22,3490,4215,3475,3935,73749515,0.11473087818696892
2024-08-23,3890,3980,3740,3960,13754321,0.006353240152477735
2024-08-26,3945,4085,3810,4015,14323880,0.01388888888888884
2024-08-27,3945,4155,3915,3995,16947280,-0.00498132004981322
2024-08-28,4000,4065,3810,3820,5655390,-0.04380475594493116
2024-08-29,3770,3930,3725,3755,4838583,-0.017015706806282727
2024-08-30,3880,3995,3665,3990,8147527,0.062583222370173
2024-09-02,3950,4060,3915,3990,5929442,0.0
2024-09-03,3985,4060,3790,3930,6477467,-0.015037593984962405
2024-09-04,3770,3880,3710,3730,2985279,-0.05089058524173029
2024-09-05,3780,3790,3370,3405,5334744,-0.08713136729222515
2024-09-06,3355,3405,3170,3275,3158141,-0.038179148311306865
2024-09-09,3290,3400,3245,3310,2788257,0.010687022900763399
2024-09-10,3370,3405,3310,3325,1645105,0.004531722054380571
2024-09-11,3345,3545,3330,3470,3122192,0.043609022556390986
2024-09-12,3440,3515,3440,3510,1300470,0.011527377521613813
2024-09-13,3510,4335,3480,4190,70947740,0.19373219373219364
2024-09-19,4145,4235,3975,3990,10472200,-0.04773269689737469
2024-09-20,4040,4455,3990,4310,48584276,0.08020050125313283
2024-09-23,4270,4305,4150,4215,6699660,-0.022041763341067333
2024-09-24,4255,4305,4060,4095,10715467,-0.028469750889679735
2024-09-25,4140,4160,3815,3850,9401599,-0.05982905982905984
2024-09-26,3840,3955,3810,3945,4324076,0.024675324675324628
2024-09-27,3925,4175,3845,3930,9817801,-0.0038022813688213253
2024-09-30,3930,3975,3845,3875,2411427,-0.013994910941475869
2024-10-02,3825,3895,3710,3710,3190156,-0.04258064516129034
2024-10-04,3660,3810,3660,3710,2254472,0.0
2024-10-07,3725,3940,3670,3805,5398500,0.025606469002695365
2024-10-08,3760,3865,3725,3805,1901398,0.0
2024-10-10,3845,3860,3735,3745,1552997,-0.015768725361366642
2024-10-11,3740,3800,3660,3685,1762117,-0.01602136181575431
2024-10-14,3640,3705,3635,3665,1335631,-0.005427408412483015
2024-10-15,3665,3705,3605,3700,1335080,0.009549795361528002
2024-10-16,3805,3810,3495,3525,3038710,-0.04729729729729726
2024-10-17,3520,3550,3435,3475,1244490,-0.014184397163120588
2024-10-18,3475,3500,3400,3425,1219853,-0.014388489208633115
2024-10-21,3495,3565,3440,3465,1806071,0.011678832116788218
2024-10-22,3475,3480,3335,3355,1202329,-0.031746031746031744
2024-10-23,3340,3415,3310,3365,1171139,0.0029806259314455463
2024-10-24,3315,3365,3295,3320,716392,-0.013372956909361022
2024-10-25,3320,3420,3320,3395,1288528,0.02259036144578319
2024-10-28,3360,3435,3345,3425,790005,0.008836524300441795
2024-10-29,3400,3445,3075,3255,1998020,-0.04963503649635037
2024-10-30,3255,3295,3210,3230,703007,-0.007680491551459334
2024-10-31,3200,3225,3125,3125,865566,-0.03250773993808054
2024-11-01,3075,3145,3055,3085,1272074,-0.012800000000000034
2024-11-04,3185,3325,3115,3220,2966154,0.04376012965964349
2024-11-05,3230,3270,3205,3245,777923,0.007763975155279601
2024-11-06,3255,3300,3180,3285,1139228,0.012326656394453073
2024-11-07,3335,3450,3215,3390,3030205,0.03196347031963476
2024-11-08,3360,3445,3315,3340,1007615,-0.014749262536873142
2024-11-11,3340,3340,3185,3185,1238526,-0.046407185628742464
2024-11-12,3190,3220,3050,3120,1171492,-0.020408163265306145
2024-11-13,3030,3115,2975,2980,1473118,-0.04487179487179482
2024-11-14,3005,3070,2960,2995,897937,0.005033557046979942
2024-11-15,2965,3065,2905,3030,993343,0.011686143572620988
2024-11-18,3030,3135,3025,3090,1010553,0.01980198019801982
2024-11-19,3095,3240,3095,3195,1411414,0.03398058252427183
2024-11-20,3220,3280,3145,3150,1263684,-0.014084507042253502
2024-11-21,3135,3230,3130,3140,948542,-0.0031746031746031633
2024-11-22,3125,3290,3125,3230,1280636,0.02866242038216571
2024-11-25,3300,3365,3245,3350,1844775,0.037151702786377694
2024-11-26,3365,3400,3275,3325,1276556,-0.007462686567164201
2024-11-27,3345,3355,3120,3130,1773671,-0.05864661654135339
2024-11-28,3130,3150,3050,3075,723302,-0.01757188498402551
2024-11-29,3075,3090,2945,2965,870034,-0.03577235772357723
2024-12-02,2900,2990,2810,2835,1645278,-0.04384485666104554
2024-12-03,2815,2955,2815,2950,875407,0.040564373897707284
2024-12-04,2835,2855,2570,2585,4513687,-0.12372881355932208
2024-12-05,2640,2690,2585,2635,1713405,0.01934235976789167
2024-12-06,2605,2660,2470,2560,1911782,-0.028462998102466774
2024-12-09,2555,2565,2445,2450,1313276,-0.04296875
2024-12-10,2450,2635,2450,2625,1612993,0.0714285714285714
2024-12-11,2600,2670,2600,2640,854839,0.005714285714285783
2024-12-12,2650,2700,2610,2700,1406753,0.022727272727272707
2024-12-13,2770,2775,2625,2665,1622066,-0.012962962962962954
2024-12-16,2695,2770,2680,2745,1430320,0.030018761726078758
2024-12-17,2770,2790,2715,2770,915851,0.00910746812386165
2024-12-18,2765,2775,2700,2735,682176,-0.012635379061371799
2024-12-19,2660,2745,2640,2720,539970,-0.005484460694698323
2024-12-20,2720,2755,2620,2620,948881,-0.03676470588235292
2024-12-23,2630,2740,2630,2715,802732,0.03625954198473291
2024-12-24,2715,2740,2690,2740,634452,0.009208103130755152
2024-12-26,2775,2775,2690,2700,552502,-0.014598540145985384
2024-12-27,2655,2695,2610,2635,528930,-0.024074074074074026
2024-12-30,2625,2695,2620,2675,424396,0.015180265654648917
2025-01-02,2685,2745,2675,2715,457789,0.01495327102803734
2025-01-03,2715,2775,2710,2755,703447,0.014732965009208066
2025-01-06,2765,2795,2745,2795,778065,0.014519056261343088
2025-01-07,2795,2825,2750,2815,878190,0.007155635062611854
2025-01-08,2800,2810,2750,2750,493738,-0.023090586145648295
2025-01-09,2765,2825,2725,2770,852107,0.0072727272727273196
2025-01-10,2785,2835,2745,2800,613208,0.010830324909747224
2025-01-13,2805,2835,2770,2780,631122,-0.0071428571428571175
2025-01-14,2785,2815,2755,2775,531998,-0.0017985611510791255
2025-01-15,2795,2805,2755,2790,435483,0.00540540540540535
2025-01-16,2825,2850,2785,2815,777376,0.008960573476702427
2025-01-17,2805,2830,2785,2795,344471,-0.007104795737122527
2025-01-20,2805,2910,2805,2845,1481974,0.017889087656529412
2025-01-21,2885,2885,2780,2780,882453,-0.02284710017574687
2025-01-22,2780,2830,2770,2775,547506,-0.0017985611510791255
2025-01-23,2775,2775,2660,2675,825674,-0.036036036036036
2025-01-24,2690,2810,2670,2725,504582,0.01869158878504673
2025-01-31,2695,2705,2645,2655,444412,-0.025688073394495414
2025-02-03,2845,2865,2580,2580,3992508,-0.02824858757062143
2025-02-04,2595,2785,2590,2745,3038430,0.06395348837209291
2025-02-05,2690,2735,2660,2675,972516,-0.025500910746812377
2025-02-06,2680,2730,2655,2690,1247628,0.005607476635514086
2025-02-07,2505,2530,2470,2505,2747322,-0.06877323420074355
2025-02-10,2505,2520,2480,2500,664539,-0.001996007984031989
2025-02-11,2510,2545,2495,2535,752896,0.014000000000000012
2025-02-12,2535,2540,2520,2525,538180,-0.0039447731755424265
2025-02-13,2535,2600,2535,2575,744339,0.01980198019801982
2025-02-14,2585,2605,2565,2590,517980,0.005825242718446644
2025-02-17,2585,2645,2585,2640,518322,0.019305019305019266
2025-02-18,2645,2680,2625,2680,637261,0.015151515151515138
2025-02-19,2675,2725,2660,2700,754876,0.00746268656716409
2025-02-20,2700,2730,2675,2715,715622,0.005555555555555536
2025-02-21,2715,2765,2695,2700,635715,-0.0055248618784530246
2025-02-24,2675,2740,2665,2735,702864,0.012962962962963065
2025-02-25,2715,2755,2690,2745,565423,0.003656307129798808
2025-02-26,2725,2775,2700,2710,528726,-0.012750455373406244
2025-02-27,2700,2730,2620,2660,683485,-0.01845018450184499
2025-02-28,2640,2645,2570,2575,643438,-0.03195488721804507
2025-03-04,2550,2590,2520,2575,331356,0.0
2025-03-05,2565,2750,2565,2745,2098768,0.06601941747572826
2025-03-06,2735,2790,2705,2720,937111,-0.00910746812386154
2025-03-07,2720,2745,2665,2720,422529,0.0
2025-03-10,2715,2765,2685,2735,721283,0.005514705882353033
2025-03-11,2680,2695,2590,2650,638441,-0.031078610603290646
2025-03-12,2665,2675,2605,2605,497671,-0.016981132075471694
2025-03-13,2620,2640,2580,2590,366664,-0.0057581573896353655
2025-03-14,2590,2635,2580,2615,215068,0.009652509652509744
2025-03-17,2615,2635,2595,2610,270419,-0.0019120458891013214
2025-03-18,2615,2660,2610,2640,954050,0.011494252873563315
2025-03-19,2730,2745,2595,2635,2321927,-0.0018939393939394478
2025-03-20,2630,2660,2570,2585,1006518,-0.018975332068311146
2025-03-21,2620,3175,2555,2935,33722897,0.1353965183752417
2025-03-24,2920,3200,2910,2960,25116206,0.008517887563884052
2025-03-25,2900,2930,2730,2785,7441052,-0.0591216216216216
2025-03-26,2760,2780,2700,2700,2920482,-0.030520646319569078
2025-03-27,2705,2775,2645,2660,3308907,-0.014814814814814836
2025-03-28,2670,2690,2595,2640,1867428,-0.007518796992481258
2025-03-31,2615,2615,2525,2525,922370,-0.04356060606060608
2025-04-01,2535,2585,2530,2560,809869,0.013861386138613874
2025-04-02,2570,2605,2530,2545,692204,-0.005859375
2025-04-03,2485,2570,2475,2535,751785,-0.003929273084479323
2025-04-04,2490,2570,2490,2560,854880,0.009861932938856066
2025-04-07,2490,2490,2365,2365,1145503,-0.076171875
2025-04-08,2410,2435,2350,2365,758098,0.0
2025-04-09,2560,2650,2430,2480,5537379,0.04862579281183943
2025-04-10,2565,2595,2525,2570,1273388,0.03629032258064524
2025-04-11,2535,2585,2535,2570,701658,0.0
2025-04-14,2590,2595,2555,2580,605724,0.0038910505836575737
2025-04-15,2625,2655,2595,2625,1133545,0.01744186046511631
2025-04-16,2625,2630,2555,2570,705785,-0.020952380952380945
2025-04-17,2570,2600,2555,2600,510898,0.011673151750972721
2025-04-18,2600,2625,2550,2610,464410,0.0038461538461538325
2025-04-21,2615,2630,2575,2580,377724,-0.011494252873563204
2025-04-22,2540,2595,2540,2590,353042,0.003875968992248069
2025-04-23,2625,2640,2605,2640,595048,0.019305019305019266
2025-04-24,2645,2645,2605,2615,345940,-0.009469696969697017
2025-04-25,2640,2660,2595,2625,530379,0.003824091778202643
2025-04-28,2610,2630,2590,2590,301976,-0.013333333333333308
2025-04-29,2605,2610,2580,2590,317849,0.0
2025-04-30,2600,2605,2560,2575,295746,-0.00579150579150578
2025-05-02,2580,2585,2550,2555,197798,-0.007766990291262155
2025-05-07,2555,2585,2540,2580,251560,0.009784735812133016
2025-05-08,2685,2740,2605,2615,1743118,0.013565891472868241
2025-05-09,2625,2630,2580,2585,399981,-0.01147227533460804
2025-05-12,2600,2625,2590,2605,406087,0.007736943907156624
2025-05-13,2620,2625,2585,2600,441254,-0.0019193857965451588
2025-05-14,2605,2615,2580,2605,442297,0.0019230769230769162
2025-05-15,2605,2615,2560,2565,447731,-0.015355086372360827
2025-05-16,2570,2580,2555,2560,233530,-0.0019493177387914784
2025-05-19,2560,2565,2515,2525,344747,-0.013671875
2025-05-20,2535,2560,2520,2560,231842,0.013861386138613874
2025-05-21,2560,2585,2550,2580,315698,0.0078125
2025-05-22,2570,2570,2520,2520,260528,-0.023255813953488413
2025-05-23,2530,2540,2510,2535,180683,0.005952380952380931
2025-05-26,2545,2595,2530,2595,386783,0.023668639053254337
2025-05-27,2580,2600,2555,2560,182255,-0.013487475915221592
2025-05-28,2580,2620,2560,2590,552603,0.01171875
2025-05-29,2610,2635,2595,2610,359309,0.007722007722007707
2025-05-30,2620,2640,2600,2625,430379,0.005747126436781658
2025-06-02,2625,2630,2590,2610,301973,-0.005714285714285672
2025-06-04,2630,2660,2600,2655,700676,0.01724137931034475
2025-06-05,2665,2680,2640,2655,566750,0.0
2025-06-09,2680,2725,2670,2715,705655,0.02259887005649719
2025-06-10,2725,2730,2675,2685,453722,-0.011049723756906049
2025-06-11,2705,2810,2680,2705,1520834,0.007448789571694592
2025-06-12,2720,2735,2690,2710,480930,0.001848428835489857
