Date,Open,High,Low,Close,Volume,Change
2022-01-03,14658,14778,14638,14779,3615,0.0
2022-01-04,14798,14919,14698,14799,3236,0.0013532715339332757
2022-01-05,14798,14879,14638,14719,2492,-0.005405770660179776
2022-01-06,14718,14939,14618,14659,2517,-0.004076363883416034
2022-01-07,14798,14798,14598,14619,5698,-0.002728699092707565
2022-01-10,14778,15019,14618,14979,10487,0.024625487379437816
2022-01-11,14959,15099,14778,14979,3446,0.0
2022-01-12,14979,15519,14778,15340,27854,0.024100407236798294
2022-01-13,15359,15359,15139,15179,2207,-0.010495436766623234
2022-01-14,15079,15359,15039,15260,2781,0.005336319915673071
2022-01-17,15119,15279,14979,15260,9548,0.0
2022-01-18,15199,15459,15019,15380,5198,0.007863695937090354
2022-01-19,15379,15519,15219,15320,1933,-0.0039011703511053764
2022-01-20,15399,15399,15159,15320,574,0.0
2022-01-21,15319,15399,15179,15360,1788,0.0026109660574411553
2022-01-24,15359,15359,14678,14879,6032,-0.03131510416666672
2022-01-25,14919,15119,14518,14719,1813,-0.010753410847503142
2022-01-26,14718,14718,14418,14418,14062,-0.020449758815136887
2022-01-27,14358,14518,13797,13798,11595,-0.043001803301428776
2022-01-28,14258,14678,14058,14519,2122,0.05225394984780407
2022-02-03,14418,14598,14418,14539,2607,0.001377505337833096
2022-02-04,14538,14598,14378,14539,884,0.0
2022-02-07,14538,14638,14438,14639,1663,0.006878052135635082
2022-02-08,14618,14698,14518,14619,1178,-0.0013662135391762087
2022-02-09,14798,14798,14598,14739,709,0.008208495793145865
2022-02-10,15219,15820,14939,15540,28074,0.05434561367799717
2022-02-11,15539,15840,15539,15780,12005,0.015444015444015413
2022-02-14,15820,16320,15780,16081,37876,0.019074778200253384
2022-02-15,16220,16581,16080,16361,39704,0.01741185249673527
2022-02-16,16521,16541,16240,16401,36653,0.002444838335065036
2022-02-17,16421,16541,16260,16481,35509,0.0048777513566244934
2022-02-18,16441,16561,16300,16521,36039,0.0024270371943448943
2022-02-21,16521,16701,16360,16641,40438,0.007263482840021762
2022-02-22,16641,16721,16481,16581,32099,-0.003605552550928426
2022-02-23,16581,16641,16521,16561,31440,-0.0012061998673180696
2022-02-24,16561,16641,16260,16261,31120,-0.018114848137189776
2022-02-25,16300,16501,16300,16401,11935,0.0086095566078348
2022-02-28,16421,16501,16340,16421,28818,0.0012194378391561234
2022-03-02,16320,16441,16320,16341,854,-0.004871810486572037
2022-03-03,16280,16360,16020,16181,6656,-0.009791322440487082
2022-03-04,16160,16160,15780,16041,7111,-0.008652122860144607
2022-03-07,16000,16000,15600,15720,5283,-0.02001122124555821
2022-03-08,15720,15880,15239,15320,12065,-0.025445292620865145
2022-03-10,15339,15700,15339,15660,2517,0.022193211488250597
2022-03-11,15720,15720,15479,15540,2392,-0.007662835249042099
2022-03-14,15860,15860,15559,15620,1453,0.005148005148005064
2022-03-15,15640,15780,15620,15680,1923,0.003841229193341844
2022-03-16,15700,16000,15700,15980,2722,0.01913265306122458
2022-03-17,16060,16060,15900,16041,1114,0.003817271589486859
2022-03-18,16120,16120,15940,15940,1308,-0.0062963655632441995
2022-03-21,16140,16140,15940,16021,1493,0.005081555834378859
2022-03-22,15840,16020,15800,15940,2377,-0.0050558641782659786
2022-03-23,15880,16100,15880,16021,1618,0.005081555834378859
2022-03-24,15980,15980,15840,15860,1308,-0.010049310280257129
2022-03-25,15820,16000,15820,15940,1883,0.0050441361916770955
2022-03-28,15940,16020,15860,15980,1928,0.0025094102885820924
2022-03-29,16020,16200,16020,16161,5533,0.011326658322903693
2022-03-30,16160,16200,15980,16021,734,-0.008662830270404043
2022-03-31,16160,16160,15820,15820,1049,-0.012546033331252704
2022-04-01,15820,16280,15800,15860,1278,0.0025284450063212116
2022-04-04,16120,16120,15860,16001,2257,0.008890290037830928
2022-04-05,16000,16100,15820,15960,3575,-0.002562339853759088
2022-04-06,15960,15960,15860,15860,335,-0.006265664160400974
2022-04-07,15800,15900,15559,15560,3595,-0.018915510718789386
2022-04-08,15660,15660,15479,15480,1628,-0.005141388174807249
2022-04-11,15499,15599,15499,15560,574,0.0051679586563306845
2022-04-12,15680,15820,15479,15540,2297,-0.0012853470437017567
2022-04-13,15539,16120,15539,15940,2547,0.025740025740025763
2022-04-14,16020,16441,15940,16321,21622,0.023902132998745218
2022-04-15,16461,16561,16060,16501,19375,0.011028735984314642
2022-04-18,16421,17742,15660,16441,82744,-0.0036361432640446
2022-04-19,16360,16621,16260,16401,13952,-0.0024329420351559827
2022-04-20,16721,16721,16421,16601,3316,0.012194378391561456
2022-04-21,16601,18043,16601,16962,93745,0.021745677971206634
2022-04-22,16961,17302,16781,17082,7101,0.007074637424832053
2022-04-25,17061,17081,16621,16922,11950,-0.009366584709050496
2022-04-26,16921,17162,16441,16721,26431,-0.011878028601820079
2022-04-27,16661,17121,16661,16741,26930,0.0011961007116798594
2022-04-28,16621,17422,16621,17322,18926,0.034705214742249524
2022-04-29,17322,17322,16941,17022,13647,-0.01731901627987531
2022-05-02,17001,17322,16741,16982,9143,-0.00234990012924452
2022-05-03,16981,17222,16981,17142,34341,0.009421740666588185
2022-05-04,17141,17282,16821,17022,40099,-0.007000350017500878
2022-05-06,16961,16961,16661,16741,4414,-0.01650804840794262
2022-05-09,16781,16961,16481,16481,9208,-0.015530732931127167
2022-05-10,16421,16781,16220,16621,7690,0.008494630180207574
2022-05-11,16621,16801,16561,16621,3825,0.0
2022-05-12,16601,16601,16340,16441,8914,-0.010829673304855292
2022-05-13,16421,16701,16320,16621,1818,0.010948239158202089
2022-05-16,16561,16841,16561,16822,11710,0.012093135190421656
2022-05-17,16821,17382,16601,16741,25148,-0.004815123053144688
2022-05-18,16821,17021,16521,16521,11470,-0.013141389403261483
2022-05-19,16501,16501,16260,16381,3066,-0.00847406331335876
2022-05-20,16381,16561,16220,16361,5738,-0.0012209266833527188
2022-05-23,16621,16621,16220,16221,3625,-0.008556934172727848
2022-05-24,16320,16320,15960,16121,2891,-0.0061648480364958624
2022-05-25,16220,16280,16060,16121,1533,0.0
2022-05-26,16381,16381,16080,16241,839,0.007443706966069108
2022-05-27,16240,16421,16020,16201,7001,-0.002462902530632305
2022-05-30,16360,16701,16200,16481,13797,0.017282883772606672
2022-05-31,16401,16681,16220,16521,7346,0.0024270371943448943
2022-06-02,16521,16521,16100,16141,9418,-0.023001028993402284
2022-06-03,16401,16401,16140,16221,2542,0.004956322408772751
2022-06-07,16240,16340,16120,16201,2642,-0.001232969607299128
2022-06-08,16200,16320,16200,16281,409,0.004937966792173398
2022-06-09,16240,16320,16180,16281,779,0.0
2022-06-10,16280,16280,16000,16001,3041,-0.017197960813217894
2022-06-13,15860,16000,15660,15720,5423,-0.01756140241234927
2022-06-14,15359,15640,15219,15320,8030,-0.025445292620865145
2022-06-15,15259,15600,15019,15099,3116,-0.014425587467362888
2022-06-16,15119,15419,15079,15079,1977,-0.001324591032518696
2022-06-17,14999,15419,14818,15179,4025,0.006631739505272183
2022-06-20,15159,15159,14458,14799,4479,-0.02503458725871266
2022-06-21,14859,14859,14618,14839,3381,0.002702885330089888
2022-06-22,14999,14999,14618,14799,6407,-0.0026955994339241673
2022-06-23,14798,15559,14538,14739,8409,-0.004054327995134832
2022-06-24,14798,15559,14798,15220,2831,0.03263450709003335
2022-06-27,15039,15459,14979,15220,2537,0.0
2022-06-28,15199,15399,15099,15260,2736,0.0026281208935610145
2022-06-29,15059,15439,15059,15420,3520,0.010484927916120546
2022-06-30,15519,15519,15319,15420,969,0.0
2022-07-01,15379,15459,15259,15420,1303,0.0
2022-07-04,15419,15579,15239,15520,1049,0.006485084306095956
2022-07-05,15499,15720,15479,15680,1608,0.010309278350515427
2022-07-06,15680,15920,15319,15320,6522,-0.022959183673469385
2022-07-07,15379,15419,15159,15420,2497,0.006527415143603221
2022-07-08,15339,15620,15319,15420,1154,0.0
2022-07-11,15479,15579,15399,15480,674,0.0038910505836575737
2022-07-12,15459,15499,15239,15280,1333,-0.012919896640826822
2022-07-13,15259,15800,15259,15560,1982,0.018324607329842868
2022-07-14,15620,15620,15239,15520,3780,-0.0025706940874036244
2022-07-15,15359,15539,15299,15540,1678,0.0012886597938144284
2022-07-18,15600,15760,15359,15620,2117,0.005148005148005064
2022-07-19,15700,15740,15579,15740,1263,0.007682458386683688
2022-07-20,15820,15960,15720,15860,2462,0.007623888182973326
2022-07-21,15940,15940,15800,15800,764,-0.003783102143757877
2022-07-22,15940,15940,15620,15760,4220,-0.0025316455696202667
2022-07-25,15740,15760,15519,15620,2637,-0.008883248730964466
2022-07-26,15600,15600,15339,15520,4554,-0.006402048655569814
2022-07-27,15359,15519,15279,15480,3476,-0.002577319587628857
2022-07-28,15539,15980,15399,15580,2821,0.006459948320413522
2022-07-29,15579,15600,15459,15580,1982,0.0
2022-08-01,15579,15720,15479,15560,3620,-0.0012836970474967568
2022-08-02,15539,15760,15299,15420,2667,-0.00899742930591263
2022-08-03,15419,15539,15319,15520,2552,0.006485084306095956
2022-08-04,15579,15579,15399,15580,1398,0.0038659793814432852
2022-08-05,15579,15720,15559,15580,3136,0.0
2022-08-08,15579,15760,15399,15640,2886,0.0038510911424902705
2022-08-09,15579,15640,15559,15580,874,-0.0038363171355498826
2022-08-10,15479,15579,15379,15460,2382,-0.007702182284980763
2022-08-11,15439,15579,15439,15580,1159,0.0077619663648125226
2022-08-12,15559,15559,15439,15540,529,-0.0025673940949936247
2022-08-16,15660,15820,15459,15820,8764,0.018018018018018056
2022-08-17,16000,16441,15660,15760,15041,-0.0037926675094817064
2022-08-18,15740,15920,15579,15740,8219,-0.0012690355329949554
2022-08-19,15740,16180,15620,16021,7950,0.017852604828462626
2022-08-22,16020,16100,15920,16041,5468,0.0012483615254976765
2022-08-23,15960,16020,15880,16001,4434,-0.002493610124057133
2022-08-24,16000,16080,15940,15960,3166,-0.002562339853759088
2022-08-25,16020,16120,15920,16041,14936,0.005075187969924899
2022-08-26,16020,16661,15940,16081,42266,0.002493610124057133
2022-08-29,15900,16120,15800,16021,5643,-0.0037311112493003673
2022-08-30,15940,16020,15660,16021,3061,0.0
2022-08-31,16020,16020,15900,15920,1863,-0.006304225703763766
2022-09-01,15920,16000,15880,15880,2067,-0.002512562814070307
2022-09-02,15920,18023,15920,17422,305553,0.09710327455919399
2022-09-05,17522,22629,17522,22629,751056,0.2988749856503272
2022-09-06,23630,28836,22428,24331,1664034,0.07521322197180602
2022-09-07,23730,23830,20726,20927,413659,-0.13990382639431176
2022-09-08,20926,21127,19665,20026,216028,-0.04305442729488218
2022-09-13,20025,20125,18864,18884,194485,-0.05702586637371421
2022-09-14,18603,20225,18363,19285,314177,0.02123490785850457
2022-09-15,19284,19304,18263,18504,117379,-0.04049779621467464
2022-09-16,18343,20125,18343,19946,264920,0.07792909641158663
2022-09-19,19925,21026,19244,19245,154462,-0.035144891206256856
2022-09-20,19244,20225,18864,19205,83448,-0.002078461938165743
2022-09-21,18984,19785,18724,19485,54141,0.014579536579015784
2022-09-22,19284,25232,19104,25232,974739,0.2949448293559147
2022-09-23,24231,27835,23630,24632,693630,-0.023779327837666453
2022-09-26,25332,27635,20726,21027,356378,-0.14635433582331925
2022-09-27,21127,25032,20726,23530,561934,0.11903742806867368
2022-09-28,23029,24331,21427,22028,222115,-0.06383340416489591
2022-09-29,22228,24831,21427,23130,294232,0.050027238060650125
2022-09-30,22629,24331,21427,21628,182855,-0.06493731085170773
2022-10-04,21727,23730,21527,23430,125234,0.083317921213242
2022-10-05,24030,25632,22929,23330,224642,-0.004268032437046543
2022-10-06,23329,24231,23029,23330,105530,0.0
2022-10-07,23229,23930,21627,22429,100271,-0.03861980282897559
2022-10-11,21627,22028,19985,20226,106533,-0.09822105310089613
2022-10-12,19965,21928,19625,20226,126977,0.0
2022-10-13,20025,20626,19645,20326,62824,0.004944131316127809
2022-10-14,20426,21127,20225,20727,40328,0.019728426645675423
2022-10-17,20726,21127,20326,20526,34371,-0.009697496019684504
2022-10-18,20926,22729,20726,22028,108790,0.07317548475104751
2022-10-19,22328,22328,21427,21528,41202,-0.022698383875068062
2022-10-20,21527,22128,21026,21828,35100,0.013935340022296572
2022-10-21,21827,23229,21026,21227,110513,-0.027533443283855652
2022-10-24,21827,22128,21327,22028,31525,0.03773496019220812
2022-10-25,22128,23029,21727,21728,46525,-0.01361903032504086
2022-10-26,21928,22028,21127,21227,32423,-0.02305780559646542
2022-10-27,21227,24030,21227,22529,117854,0.06133697649220338
2022-10-28,22829,23730,22028,22529,88431,0.0
2022-10-31,22829,23029,21227,21327,61107,-0.05335345554618487
2022-11-01,21427,21427,20125,20526,112101,-0.03755802503868333
2022-11-02,20326,20726,20005,20526,55229,0.0
2022-11-03,20125,20826,19825,20727,56717,0.0097924583455129
2022-11-04,20726,20726,19985,20226,32383,-0.024171370675929893
2022-11-07,20225,20326,19925,20026,21053,-0.009888262632255507
2022-11-08,20125,20125,19084,19725,48593,-0.01503046040147804
2022-11-09,19765,19925,19505,19785,35544,0.003041825095057016
2022-11-10,19765,19885,19084,19385,29242,-0.020217336365933813
2022-11-11,19645,19685,19324,19385,28259,0.0
2022-11-14,19565,19705,19064,19565,22072,0.009285530049006896
2022-11-15,19865,20225,19645,19725,34096,0.008177868642984976
2022-11-16,19825,19825,19404,19505,11915,-0.011153358681875836
2022-11-17,19585,19865,19284,19305,13553,-0.010253781081773883
2022-11-18,19284,19605,19024,19445,25947,0.007252007252007253
2022-11-21,19444,19705,19204,19265,14197,-0.009256878374903521
2022-11-22,19264,19484,18744,18744,26301,-0.027043861925772128
2022-11-23,18724,18864,18603,18784,10711,0.0021340162185232714
2022-11-24,18864,19004,18764,18784,5987,0.0
2022-11-25,18784,18844,18503,18744,15091,-0.002129471890971013
2022-11-28,18744,18824,17882,18043,28773,-0.0373986342296202
2022-11-29,17922,18523,17922,18283,24424,0.013301557390677843
2022-11-30,18083,18503,18083,18143,11770,-0.007657386643329822
2022-12-01,18223,18363,18103,18283,6557,0.007716474673427731
2022-12-02,18403,18403,18023,18123,11720,-0.0087512990209484
2022-12-05,18063,18383,18003,18243,23999,0.006621420294653291
2022-12-06,18083,18183,17902,17943,11390,-0.016444663706627227
2022-12-07,17882,17882,17482,17643,20454,-0.01671961210499917
2022-12-08,17682,17682,17422,17603,15575,-0.0022671881199342048
2022-12-09,17622,18223,17542,18103,12464,0.02840424927569174
2022-12-12,18103,18904,17922,18564,35514,0.02546539247638524
2022-12-13,18764,18764,18143,18604,14836,0.0021547080370609706
2022-12-14,18683,18764,18403,18644,12739,0.0021500752526337763
2022-12-15,18643,18904,18523,18844,18596,0.01072731173567898
2022-12-16,18844,18844,18583,18724,6567,-0.006368074718743344
2022-12-19,18924,18924,18383,18524,10147,-0.010681478316599047
2022-12-20,18603,18603,17963,18424,18152,-0.0053984020729863635
2022-12-21,18403,18403,18003,18083,7950,-0.018508467216673874
2022-12-22,18143,18423,18043,18384,6507,0.01664546811922807
2022-12-23,18403,18403,17902,17943,20574,-0.02398825065274146
2022-12-26,18023,18023,16821,17322,36753,-0.03460959705734823
2022-12-27,17402,17462,17061,17102,23075,-0.01270061193857519
2022-12-28,17422,17422,17081,17282,5143,0.010525084785405259
2022-12-29,17101,17462,16661,16902,19800,-0.02198819581067002
2023-01-02,16801,17162,16461,16661,9033,-0.014258667613300191
2023-01-03,16761,16981,16320,16822,11400,0.009663285517075737
2023-01-04,16821,17222,16621,16922,10921,0.0059445963619069175
2023-01-05,17121,17121,16741,16822,5478,-0.005909466966079635
2023-01-06,16661,16961,16661,16782,5673,-0.0023778385447628114
2023-01-09,16981,19004,16781,17843,91652,0.0632225002979383
2023-01-10,17702,17943,17402,17603,15710,-0.01345065291711034
2023-01-11,17622,17662,17362,17663,10801,0.0034085099130829466
2023-01-12,17482,17802,17402,17462,7830,-0.01137972031931156
2023-01-13,17322,17462,17141,17362,10961,-0.005726720879624336
2023-01-16,17222,17602,17222,17442,8219,0.004607764082478871
2023-01-17,17442,17662,17121,17162,10287,-0.01605320490769402
2023-01-18,17162,17302,17001,17022,5877,-0.008157557394243065
2023-01-19,17021,17422,16821,17182,6721,0.00939960051697808
2023-01-20,17182,17382,17081,17282,2627,0.0058200442323361745
2023-01-25,17262,17582,17141,17262,4364,-0.0011572734637195214
2023-01-26,17222,17382,17101,17302,10646,0.0023172285946009286
2023-01-27,17162,17422,17141,17302,6137,0.0
2023-01-30,17302,17502,17182,17202,9473,-0.005779678649867059
2023-01-31,17141,17242,17081,17142,2856,-0.0034879665155214123
2023-02-01,17141,17282,17041,17142,7366,0.0
2023-02-02,17162,17262,17121,17242,6911,0.005833625014584065
2023-02-03,17182,17902,17182,17743,37587,0.029056953949657904
2023-02-06,18003,19124,17682,19084,76956,0.07557910161753933
2023-02-07,19104,19404,18623,19004,30441,-0.004191993292810725
2023-02-08,18884,19605,18844,19565,26067,0.029520101031361712
2023-02-09,19484,20025,19224,19785,27445,0.011244569384104341
2023-02-10,20486,20586,19565,20266,33422,0.024311346980035342
2023-02-13,20265,20706,20065,20326,32528,0.00296062370472705
2023-02-14,21827,23990,20426,21588,305962,0.06208796615172685
2023-02-15,21908,22729,21587,21848,54515,0.012043727997035347
2023-02-16,22008,22508,21848,22048,41806,0.009154155986818013
2023-02-17,22148,22248,20726,21267,76467,-0.035422714078374495
2023-02-20,21267,21787,20906,21728,73046,0.021676776226077887
2023-02-21,21767,22528,21727,22529,42266,0.036864874815905724
2023-02-22,22228,22428,21948,22249,11620,-0.012428425584801839
2023-02-23,22268,22528,21787,22028,38386,-0.009933030698008882
2023-02-24,21848,21848,21227,21628,16029,-0.018158707100054516
2023-02-27,21627,22008,21447,21888,59214,0.012021453671166915
2023-02-28,22028,23129,21888,22849,53312,0.04390533625730986
2023-03-02,27034,29698,24591,29698,299316,0.2997505361284958
2023-03-03,30038,38048,28616,29538,1328120,-0.005387568186409841
2023-03-06,29257,29257,26393,26454,255307,-0.1044078813731465
2023-03-07,26513,27835,26513,26935,152499,0.018182505481212585
2023-03-08,26934,33643,26934,29278,758801,0.08698719138667155
2023-03-09,28836,29557,27635,27976,123736,-0.0444702507001844
2023-03-10,27815,32041,27335,29398,334491,0.050829282241921625
2023-03-13,29037,29197,27475,28056,87303,-0.04564936390230623
2023-03-14,28075,29577,27134,28356,121634,0.010692899914456877
2023-03-15,29037,29037,27535,28036,80292,-0.011285089575398533
2023-03-16,27675,28035,26934,27235,67279,-0.028570409473534064
2023-03-17,27375,27835,26894,27315,41552,0.0029373967321462136
2023-03-20,27315,28576,27234,27675,61901,0.01317957166392092
2023-03-21,27835,27835,27234,27696,39344,0.0007588075880757827
2023-03-22,27735,29357,27595,29157,96187,0.05275129982668969
2023-03-23,29137,29137,28035,28296,53826,-0.029529787015124986
2023-03-24,28416,29998,28416,29217,69895,0.03254877014419
2023-03-27,29037,29217,27455,27655,68612,-0.053462025533080104
2023-03-28,27935,27935,26273,27035,57691,-0.022419092388356487
2023-03-29,27254,28736,27254,28176,57596,0.04220454965785092
2023-03-30,27835,28035,27094,27936,26466,-0.008517887563884163
2023-03-31,28035,28336,27515,28016,16843,0.00286368843069873
2023-04-03,28035,28836,27775,28577,35959,0.020024271844660158
2023-04-04,28836,30819,28616,30539,143656,0.06865661196066775
2023-04-05,33482,34844,31640,33583,369705,0.09967582435574185
2023-04-06,33242,33242,30819,31040,93825,-0.07572283595866958
2023-04-07,31440,31981,30879,31741,49082,0.022583762886597913
2023-04-10,32041,32641,31340,32462,59074,0.022715100343404515
2023-04-11,31139,32101,30659,31200,120505,-0.03887622450865624
2023-04-12,0,0,0,31200,0,0.0
2023-04-13,0,0,0,31200,0,0.0
2023-04-14,0,0,0,31200,0,0.0
2023-04-17,31550,31950,27750,28550,150761,-0.08493589743589747
2023-04-18,28000,28000,26450,26900,92317,-0.05779334500875655
2023-04-19,27050,28350,26900,27500,54899,0.02230483271375472
2023-04-20,26950,27300,26300,26950,48125,-0.020000000000000018
2023-04-21,27150,27250,26950,26950,45330,0.0
2023-04-24,27000,27100,26300,26950,46179,0.0
2023-04-25,26950,27000,25500,25900,53236,-0.038961038961038974
2023-04-26,26000,26050,25100,25800,41221,-0.0038610038610038533
2023-04-27,25800,26850,25800,26750,20721,0.036821705426356655
2023-04-28,26800,27000,26000,26800,40182,0.0018691588785046953
2023-05-02,26850,26950,26000,26850,39926,0.001865671641791078
2023-05-03,26850,27650,26850,26900,31305,0.0018621973929235924
2023-05-04,26950,27450,26900,27000,11965,0.0037174721189590088
2023-05-08,27050,27250,26350,26800,15540,-0.007407407407407418
2023-05-09,27000,27150,26500,26750,32359,-0.001865671641791078
2023-05-10,26750,27200,26750,26850,17327,0.0037383177570093906
2023-05-11,27100,27100,26700,26950,34592,0.003724394785847407
2023-05-12,27050,28200,26950,28100,45681,0.042671614100185495
2023-05-15,28100,28200,26900,27500,20556,-0.02135231316725983
2023-05-16,27500,27500,26850,26950,11296,-0.020000000000000018
2023-05-17,26950,27400,26900,27150,6406,0.007421150278293043
2023-05-18,27250,27400,26900,27350,7262,0.007366482504604033
2023-05-19,27350,27450,26950,26950,10977,-0.014625228519195566
2023-05-22,27150,27350,26800,27250,29681,0.011131725417439675
2023-05-23,27350,27650,27100,27300,9606,0.0018348623853210455
2023-05-24,27300,27550,27100,27300,5896,0.0
2023-05-25,27850,27850,26950,26950,7392,-0.012820512820512775
2023-05-26,27200,27350,26950,26950,7136,0.0
2023-05-30,27000,27200,26950,27100,6276,0.005565862708719838
2023-05-31,27100,27250,26950,27050,7179,-0.0018450184501844769
2023-06-01,27100,27500,27050,27250,7366,0.007393715341959428
2023-06-02,27250,27750,27250,27550,12061,0.011009174311926495
2023-06-05,27450,27800,27300,27750,6965,0.007259528130671544
2023-06-07,27750,27800,27500,27600,4219,-0.00540540540540535
2023-06-08,27600,27700,27150,27250,5467,-0.0126811594202898
2023-06-09,27450,27450,27050,27200,3836,-0.0018348623853210455
2023-06-12,27400,27400,27000,27400,5767,0.007352941176470562
2023-06-13,27400,27500,27050,27400,2871,0.0
2023-06-14,27400,27550,27000,27200,5563,-0.007299270072992692
2023-06-15,27250,27500,27100,27200,26119,0.0
2023-06-16,27300,27450,27200,27250,19462,0.0018382352941177516
2023-06-19,27300,28100,27250,27700,18490,0.016513761467889854
2023-06-20,27700,28000,27450,27700,4216,0.0
2023-06-21,27500,27500,27150,27150,7268,-0.019855595667869985
2023-06-22,27200,27300,27150,27150,11134,0.0
2023-06-23,27750,27750,27150,27150,4485,0.0
2023-06-26,27350,27350,27150,27150,12935,0.0
2023-06-27,27200,27300,27050,27150,29642,0.0
2023-06-28,27150,27150,26550,27000,37797,-0.0055248618784530246
2023-06-29,27000,27000,26400,26700,32950,-0.011111111111111072
2023-06-30,26700,26800,25650,26300,33600,-0.014981273408239737
2023-07-03,26400,26400,25850,26000,10433,-0.011406844106463865
2023-07-04,26000,26500,25600,26300,7321,0.011538461538461497
2023-07-05,26000,26550,25600,26150,12480,-0.005703422053231932
2023-07-06,26150,26150,24850,25450,12635,-0.026768642447418722
2023-07-07,25500,25500,24750,25500,6138,0.0019646365422396617
2023-07-10,25400,26250,25050,25900,3961,0.015686274509803866
2023-07-11,25950,26000,25300,25500,4902,-0.015444015444015413
2023-07-12,25500,25600,25000,25400,6064,-0.0039215686274509665
2023-07-13,26000,26050,25250,25550,5866,0.0059055118110236116
2023-07-14,25650,25650,24900,25450,8833,-0.003913894324853229
2023-07-17,25450,26150,25200,25650,5006,0.007858546168958647
2023-07-18,25550,25700,25150,25150,5717,-0.01949317738791423
2023-07-19,25200,25550,24800,25200,6766,0.001988071570576455
2023-07-20,25000,25200,24700,25200,3338,0.0
2023-07-21,25200,25600,25050,25500,7001,0.011904761904761862
2023-07-24,25500,25500,23750,25200,11419,-0.0117647058823529
2023-07-25,25200,25200,24100,24300,9317,-0.0357142857142857
2023-07-26,24300,24300,22800,23400,21855,-0.03703703703703709
2023-07-27,23200,24800,23200,23450,6900,0.002136752136752129
2023-07-28,23450,24100,23400,23600,5504,0.006396588486140775
2023-07-31,23600,24250,23600,24150,5468,0.02330508474576276
2023-08-01,24450,24850,24150,24750,6775,0.024844720496894457
2023-08-02,24750,24750,23800,24500,10306,-0.010101010101010055
2023-08-03,24250,24450,23800,24200,5887,-0.01224489795918371
2023-08-04,24200,24700,24100,24250,3735,0.0020661157024792765
2023-08-07,24250,24500,23950,24300,2933,0.0020618556701030855
2023-08-08,24600,24600,23200,23800,5393,-0.020576131687242816
2023-08-09,23900,24150,23700,24000,9092,0.008403361344537785
2023-08-10,24000,24250,23450,23900,5610,-0.004166666666666652
2023-08-11,23900,24250,23850,24100,4449,0.008368200836819994
2023-08-14,24000,24050,23400,23550,4907,-0.022821576763485507
2023-08-16,23700,23700,22400,22600,14901,-0.04033970276008492
2023-08-17,22700,22700,21500,22550,16326,-0.0022123893805309214
2023-08-18,22250,22350,21750,21850,6783,-0.03104212860310418
2023-08-21,21850,22300,21700,21900,6273,0.0022883295194509046
2023-08-22,21900,22150,21700,21850,3539,-0.0022831050228310223
2023-08-23,22500,22500,21650,22000,1764,0.006864988558352492
2023-08-24,22000,22050,21650,21850,1742,-0.006818181818181834
2023-08-25,22200,22500,21700,22050,3203,0.009153318077803174
2023-08-28,22050,22150,21700,21950,5621,-0.0045351473922902175
2023-08-29,21950,22100,21700,22100,4064,0.006833712984054774
2023-08-30,22250,22400,21800,21800,10301,-0.013574660633484115
2023-08-31,21900,22100,21700,22050,4967,0.011467889908256979
2023-09-01,22100,22250,21900,22250,5801,0.009070294784580435
2023-09-04,22150,22400,21850,22200,10281,-0.0022471910112359383
2023-09-05,22200,22200,21500,21850,10512,-0.015765765765765716
2023-09-06,21900,21900,21000,21350,11547,-0.022883295194508046
2023-09-07,21500,21550,21000,21500,2790,0.007025761124121788
2023-09-08,21350,21800,21350,21650,3838,0.006976744186046435
2023-09-11,21950,21950,21450,21650,7674,0.0
2023-09-12,21700,21800,20550,21400,6305,-0.011547344110854452
2023-09-13,20900,21650,20900,21200,2878,-0.009345794392523366
2023-09-14,21200,21750,21200,21650,2506,0.021226415094339535
2023-09-15,21800,21900,21500,21900,4901,0.011547344110854452
2023-09-18,21700,22750,21550,22050,14463,0.006849315068493178
2023-09-19,22200,22500,21900,22250,4812,0.009070294784580435
2023-09-20,22350,22350,21850,21850,4243,-0.017977528089887618
2023-09-21,22000,22200,21300,21300,6681,-0.02517162471395884
2023-09-22,20900,21400,20900,21200,2867,-0.0046948356807511304
2023-09-25,21200,21450,21000,21150,3850,-0.002358490566037763
2023-09-26,21200,21250,20950,21150,6459,0.0
2023-09-27,21300,21500,21100,21200,4654,0.0023640661938533203
2023-10-04,21950,21950,21250,21400,11308,0.009433962264151052
2023-10-05,21250,22000,21250,21300,3426,-0.004672897196261627
2023-10-06,21100,21900,21100,21900,2269,0.028169014084507005
2023-10-10,21600,21950,21600,21900,6956,0.0
2023-10-11,21750,22500,21750,22500,2477,0.027397260273972712
2023-10-12,22500,22950,22100,22200,5160,-0.013333333333333308
2023-10-13,22700,22700,21750,22100,1419,-0.0045045045045044585
2023-10-16,21700,22200,21700,22150,4055,0.002262443438914019
2023-10-17,22200,22350,21850,22000,3758,-0.006772009029345383
2023-10-18,22100,22300,21500,21950,2827,-0.002272727272727315
2023-10-19,21950,21950,21350,21700,9515,-0.011389521640091105
2023-10-20,21700,21700,21100,21400,4562,-0.01382488479262678
2023-10-23,21400,21400,21000,21050,7355,-0.016355140186915862
2023-10-24,21050,21200,19600,20900,9363,-0.0071258907363420665
2023-10-25,20900,20900,20550,20600,3858,-0.014354066985645897
2023-10-26,20300,20350,19760,20000,4820,-0.029126213592232997
2023-10-27,19640,20100,19640,20000,6774,0.0
2023-10-30,20100,20100,19860,20000,3843,0.0
2023-10-31,20000,20200,18710,19520,11623,-0.02400000000000002
2023-11-01,19690,19690,19130,19150,5426,-0.018954918032786927
2023-11-02,19160,19570,19150,19450,4655,0.015665796344647598
2023-11-03,19620,19850,19350,19800,5085,0.01799485861182526
2023-11-06,20000,20150,19860,19970,8220,0.008585858585858697
2023-11-07,19970,20200,19960,20200,4983,0.011517275913870861
2023-11-08,20400,21300,20200,20650,9132,0.022277227722772297
2023-11-09,20600,20600,19950,19990,6186,-0.031961259079903104
2023-11-10,20150,20550,19900,20000,3828,0.0005002501250626068
2023-11-13,19950,20400,19950,20050,3912,0.0024999999999999467
2023-11-14,20200,20250,20000,20100,5694,0.0024937655860348684
2023-11-15,20200,20750,20000,20350,3161,0.01243781094527363
2023-11-16,20150,20400,20100,20400,4013,0.002457002457002533
2023-11-17,20350,20450,20250,20350,2872,-0.002450980392156854
2023-11-20,20400,21050,20400,20900,4400,0.027027027027026973
2023-11-21,20800,21850,20750,21850,9869,0.045454545454545414
2023-11-22,21950,22050,21500,21800,4952,-0.0022883295194507935
2023-11-23,21800,21900,21500,21550,4483,-0.011467889908256867
2023-11-24,21600,22000,21550,21700,4011,0.006960556844547661
2023-11-27,21700,22000,21650,21800,4251,0.004608294930875667
2023-11-28,21800,21900,21650,21650,3955,-0.006880733944954143
2023-11-29,21650,21650,21450,21600,3152,-0.002309468822170868
2023-11-30,21800,21800,21450,21450,2191,-0.00694444444444442
2023-12-01,21500,21700,21350,21600,9698,0.006993006993007089
2023-12-04,21650,21850,21450,21500,5493,-0.00462962962962965
2023-12-05,21500,21950,21350,21900,9119,0.018604651162790642
2023-12-06,21950,22700,21800,22600,19669,0.03196347031963476
2023-12-07,22600,29000,22550,25650,406830,0.13495575221238942
2023-12-08,25000,25700,24100,25400,73801,-0.00974658869395717
2023-12-11,25050,25600,24800,25000,31334,-0.015748031496062964
2023-12-12,24600,25100,24600,24950,17885,-0.0020000000000000018
2023-12-13,24800,24800,23950,24000,18600,-0.038076152304609256
2023-12-14,24000,24300,23450,24300,20600,0.012499999999999956
2023-12-15,24300,24750,23900,24150,13445,-0.006172839506172867
2023-12-18,24350,25550,24200,24900,27386,0.03105590062111796
2023-12-19,24900,25150,24650,25000,14664,0.004016064257028162
2023-12-20,25050,25350,25000,25150,17387,0.006000000000000005
2023-12-21,25150,26450,25150,26000,31759,0.03379721669980129
2023-12-22,26000,27200,25300,26550,47403,0.02115384615384608
2023-12-26,27400,27550,26900,27250,69205,0.026365348399246757
2023-12-27,25000,25500,23350,23750,93637,-0.12844036697247707
2023-12-28,23900,24350,23500,23650,25925,-0.004210526315789442
2024-01-02,23400,23600,22300,22650,34330,-0.04228329809725162
2024-01-03,22650,23100,22500,22950,12986,0.013245033112582849
2024-01-04,22900,23300,22250,22250,13298,-0.030501089324618702
2024-01-05,22250,22750,22000,22250,14375,0.0
2024-01-08,22250,22500,20900,21500,60312,-0.0337078651685393
2024-01-09,21500,21800,21400,21800,7460,0.013953488372093092
2024-01-10,21450,21750,21100,21200,9745,-0.02752293577981646
2024-01-11,21050,21300,20950,21200,7026,0.0
2024-01-12,21250,21450,20800,21050,10264,-0.007075471698113178
2024-01-15,20850,21300,20850,21050,7326,0.0
2024-01-16,21050,21300,20950,21300,5056,0.01187648456057011
2024-01-17,21300,21300,20800,20800,8555,-0.023474178403755874
2024-01-18,20600,22000,20550,21000,13733,0.009615384615384581
2024-01-19,21050,21300,20850,20850,3840,-0.0071428571428571175
2024-01-22,21450,21500,20600,20850,9110,0.0
2024-01-23,20850,21250,20700,20800,3777,-0.0023980815347721673
2024-01-24,21000,21250,20600,20600,3488,-0.009615384615384581
2024-01-25,21000,21000,20500,20750,4013,0.00728155339805836
2024-01-26,20950,21500,20750,21250,9093,0.024096385542168752
2024-01-29,21300,21950,21250,21950,10670,0.03294117647058825
2024-01-30,22400,23250,22050,22550,30404,0.02733485193621865
2024-01-31,22750,23200,22200,23100,28430,0.024390243902439046
2024-02-01,23350,25650,23100,23850,180574,0.032467532467532534
2024-02-02,24150,25300,23600,23950,40431,0.004192872117400492
2024-02-05,24000,25500,23500,25450,86261,0.06263048016701456
2024-02-06,25200,25250,23800,23900,48774,-0.06090373280943029
2024-02-07,23900,24400,23150,23800,21401,-0.004184100418409997
2024-02-08,24150,24150,23600,23700,16076,-0.004201680672268893
2024-02-13,23700,23950,22950,23300,23470,-0.016877637130801704
2024-02-14,22850,23300,22850,22900,12091,-0.01716738197424894
2024-02-15,22900,23250,22700,22900,9700,0.0
2024-02-16,23050,23900,23050,23650,13205,0.03275109170305668
2024-02-19,23650,24400,23600,23600,13992,-0.0021141649048626032
2024-02-20,23600,23950,23300,23700,13337,0.004237288135593209
2024-02-21,23700,23900,23300,23300,11257,-0.016877637130801704
2024-02-22,23550,23650,23150,23450,8121,0.006437768240343367
2024-02-23,23800,24600,23400,24250,20356,0.034115138592750505
2024-02-26,24250,24350,23600,24000,20053,-0.010309278350515427
2024-02-27,24000,24050,22700,23000,24770,-0.04166666666666663
2024-02-28,23050,23150,22750,23150,5703,0.006521739130434856
2024-02-29,23200,23300,22500,23050,10444,-0.004319654427645814
2024-03-04,23050,23150,22100,22700,22822,-0.015184381778741818
2024-03-05,22700,23000,22100,22700,11305,0.0
2024-03-06,22700,23000,22500,22750,3498,0.0022026431718060735
2024-03-07,22850,23050,22150,22200,9344,-0.0241758241758242
2024-03-08,22250,22250,21750,22000,13738,-0.009009009009009028
2024-03-11,22000,22000,21400,21900,5304,-0.004545454545454519
2024-03-12,22100,22100,21500,21900,5451,0.0
2024-03-13,21950,21950,21500,21850,10876,-0.0022831050228310223
2024-03-14,21850,22200,21650,21900,4482,0.0022883295194509046
2024-03-15,21950,22600,21900,22250,7179,0.015981735159817267
2024-03-18,22250,22600,22150,22400,3626,0.006741573033707926
2024-03-19,22400,22750,22300,22450,2213,0.0022321428571427937
2024-03-20,22950,24500,22950,23700,88701,0.055679287305122394
2024-03-21,23100,23200,22600,22650,34946,-0.044303797468354444
2024-03-22,22650,23300,22350,22850,16409,0.008830022075055233
2024-03-25,22700,22850,22300,22650,16003,-0.008752735229759279
2024-03-26,22650,22750,21800,21950,31134,-0.030905077262693204
2024-03-27,22150,22150,21550,21600,14365,-0.015945330296127547
2024-03-28,21850,21850,21350,21350,11710,-0.01157407407407407
2024-03-29,22050,22050,21200,21300,18485,-0.0023419203747072626
2024-04-01,21750,21750,21000,21550,4564,0.011737089201877993
2024-04-02,21500,21650,20900,21000,17937,-0.025522041763341052
2024-04-03,21200,21200,20800,20850,13114,-0.0071428571428571175
2024-04-04,21250,21250,20700,21000,3008,0.007194244604316502
2024-04-05,21150,21150,20650,20750,5712,-0.011904761904761862
2024-04-08,21000,21000,20650,20800,3324,0.002409638554216942
2024-04-09,20950,21200,20750,20750,2122,-0.0024038461538461453
2024-04-11,20700,20800,20200,20750,8296,0.0
2024-04-12,20950,21000,20450,20600,12224,-0.0072289156626506035
2024-04-15,20600,20650,19740,19990,56218,-0.029611650485436902
2024-04-16,19980,19980,19170,19410,27582,-0.029014507253626864
2024-04-17,19860,19860,18930,19060,26399,-0.018031942297784598
2024-04-18,19000,19200,18930,19080,16872,0.0010493179433368471
2024-04-19,19080,19310,18310,18810,33229,-0.014150943396226467
2024-04-22,18810,19250,18790,19220,14127,0.021796916533758592
2024-04-23,19080,19920,19080,19850,11132,0.03277835587929245
2024-04-24,20000,20000,19700,19700,6263,-0.007556675062972307
2024-04-25,20000,20000,19500,19750,9214,0.002538071065989911
2024-04-26,19750,19790,19500,19780,4580,0.0015189873417722488
2024-04-29,19990,19990,19670,19860,3715,0.004044489383215444
2024-04-30,20450,20450,19830,19900,3394,0.002014098690835908
2024-05-02,19880,19890,19630,19780,3210,-0.0060301507537688925
2024-05-03,19970,19970,19540,19790,5400,0.0005055611729019027
2024-05-07,19790,19890,19590,19770,14270,-0.001010611419908991
2024-05-08,19770,19840,19700,19840,2943,0.0035407182599898057
2024-05-09,19890,19920,19790,19790,5713,-0.00252016129032262
2024-05-10,19900,19920,19780,19830,5382,0.002021222839817982
2024-05-13,19860,19860,19690,19720,3408,-0.005547150781644028
2024-05-14,19840,19970,19580,19710,12127,-0.0005070993914807476
2024-05-16,19920,19920,19410,19600,6500,-0.005580923389142622
2024-05-17,19550,19670,19200,19600,3951,0.0
2024-05-20,19770,19770,19450,19620,7706,0.0010204081632652073
2024-05-21,19720,19720,19550,19670,3381,0.0025484199796126372
2024-05-22,19720,19860,19620,19760,2732,0.004575495678698527
2024-05-23,19790,19860,19690,19700,1716,-0.0030364372469635637
2024-05-24,19700,19730,19520,19680,8167,-0.0010152284263958977
2024-05-27,19770,19770,19200,19250,17695,-0.02184959349593496
2024-05-28,19590,19590,19070,19200,8119,-0.0025974025974025983
2024-05-29,19020,19490,18960,18990,7125,-0.010937500000000044
2024-05-30,19090,19090,18800,18900,7921,-0.004739336492891044
2024-05-31,19010,19050,18850,19050,1734,0.007936507936507908
2024-06-03,19050,20050,18950,19050,7916,0.0
2024-06-04,19000,19000,18800,18830,5796,-0.011548556430446166
2024-06-05,19000,19000,18820,18910,2047,0.004248539564524645
2024-06-07,19440,19440,18760,18760,5286,-0.007932310946589083
2024-06-10,18990,18990,18500,18520,16447,-0.01279317697228144
2024-06-11,18990,18990,18440,18500,8232,-0.001079913606911398
2024-06-12,18950,18950,18400,18610,6658,0.005945945945945885
2024-06-13,18890,18890,18480,18500,4965,-0.00591080064481464
2024-06-14,18410,18800,18410,18520,2604,0.00108108108108107
2024-06-17,18520,18830,18370,18500,6993,-0.001079913606911398
2024-06-18,18600,18640,18430,18450,5730,-0.002702702702702675
2024-06-19,18530,18570,18440,18450,4994,0.0
2024-06-20,18570,18570,18420,18450,1366,0.0
2024-06-21,18350,18590,18350,18590,2910,0.007588075880758716
2024-06-24,18600,18600,18510,18590,1763,0.0
2024-06-25,18590,18840,18540,18740,3451,0.008068854222700317
2024-06-26,19000,19000,18740,18780,2997,0.002134471718249653
2024-06-27,18990,18990,18700,18800,908,0.0010649627263046302
2024-06-28,18800,18810,18600,18780,576,-0.0010638297872340718
2024-07-01,19000,19100,18740,18750,3591,-0.0015974440894568342
2024-07-02,18750,18960,18700,18700,808,-0.002666666666666706
2024-07-03,18940,18940,18700,18700,1169,0.0
2024-07-04,18920,18920,18510,18580,1952,-0.0064171122994652885
2024-07-05,19000,19000,18000,18600,3313,0.0010764262648008671
2024-07-08,18600,18870,18500,18530,3745,-0.0037634408602150726
2024-07-09,18770,18770,18500,18530,1547,0.0
2024-07-10,18690,18700,18500,18570,1130,0.0021586616297895045
2024-07-11,18690,18690,18500,18500,2234,-0.003769520732364029
2024-07-12,18900,18900,18370,18650,2152,0.008108108108108025
2024-07-15,18650,18740,18460,18460,2643,-0.010187667560321745
2024-07-16,18700,18700,18410,18420,2304,-0.0021668472372697867
2024-07-17,18420,18640,18400,18420,1399,0.0
2024-07-18,18380,18440,18350,18360,1107,-0.0032573289902280145
2024-07-19,18840,18840,18320,18410,1296,0.002723311546841023
2024-07-22,18510,18570,18370,18370,4226,-0.0021727322107549796
2024-07-23,18370,18680,18370,18380,378,0.0005443658138268859
2024-07-24,18380,18540,18040,18180,13517,-0.01088139281828071
2024-07-25,18110,18240,17960,17960,8857,-0.012101210121012063
2024-07-26,17810,18240,17750,17810,6928,-0.008351893095768337
2024-07-29,17810,17990,17650,17800,2059,-0.0005614823133071045
2024-07-30,18070,18070,17700,17710,931,-0.0050561797752809445
2024-07-31,17710,17710,17460,17580,5587,-0.00734048560135514
2024-08-01,17580,17660,17530,17590,1823,0.0005688282138793799
2024-08-02,17590,17590,17270,17280,4240,-0.017623649801023267
2024-08-05,16200,16940,15310,15670,10391,-0.09317129629629628
2024-08-06,15670,16070,15300,15560,23238,-0.007019783024888371
2024-08-07,15390,16320,15390,16200,5149,0.041131105398457546
2024-08-08,16200,16500,16040,16460,4415,0.016049382716049276
2024-08-09,16990,16990,16480,16480,4312,0.0012150668286756705
2024-08-12,16470,16990,16440,16940,2535,0.027912621359223344
2024-08-13,17090,17090,16630,16940,3404,0.0
2024-08-14,16940,17150,16940,17000,2329,0.0035419126328217754
2024-08-16,17030,17160,16980,17150,2443,0.008823529411764675
2024-08-19,17150,17170,16990,16990,1185,-0.00932944606413999
2024-08-20,17190,17210,17000,17110,857,0.007062978222483807
2024-08-21,17480,17480,17000,17150,942,0.0023378141437755406
2024-08-22,16990,17120,16990,17020,578,-0.007580174927113714
2024-08-23,17000,17110,17000,17100,1071,0.004700352526439522
2024-08-26,17100,17560,16860,17090,720,-0.0005847953216374657
2024-08-27,17090,17260,17010,17190,1503,0.005851375073142151
2024-08-28,17300,17300,17110,17220,1394,0.0017452006980802626
2024-08-29,17470,17480,17100,17230,1565,0.0005807200929153211
2024-08-30,17350,17350,16760,17170,1152,-0.0034822983168891763
2024-09-02,17170,17380,17120,17240,1438,0.004076878276062956
2024-09-03,17280,17310,16970,16970,2896,-0.015661252900232014
2024-09-04,17190,17190,16840,16900,4595,-0.004124926340601021
2024-09-05,16910,17480,16910,17130,541,0.013609467455621305
2024-09-06,17130,17130,16800,16820,5076,-0.018096906012842973
2024-09-09,16820,17140,16750,17040,1936,0.013079667063020217
2024-09-10,17100,17470,16850,17020,1887,-0.0011737089201877549
2024-09-11,17020,17470,16370,16500,6804,-0.03055229142185667
2024-09-12,16500,16740,16500,16720,582,0.01333333333333342
2024-09-13,16990,17000,16580,16720,2523,0.0
2024-09-19,16960,16990,16510,16730,2302,0.0005980861244019309
2024-09-20,16730,16950,16690,16780,4397,0.002988643156007109
2024-09-23,16900,16940,16750,16800,1107,0.0011918951132301459
2024-09-24,16930,16930,16500,16570,3826,-0.013690476190476142
2024-09-25,16570,16800,16430,16800,917,0.013880506940253445
2024-09-26,16850,16850,16690,16730,1623,-0.004166666666666652
2024-09-27,16830,16830,16600,16680,2004,-0.00298864315600722
2024-09-30,16800,16800,16600,16600,1495,-0.004796163069544335
2024-10-02,16500,16730,16500,16690,1143,0.005421686746987842
2024-10-04,16720,16720,16400,16500,3107,-0.011384062312762122
2024-10-07,16690,16690,16470,16540,683,0.00242424242424244
2024-10-08,16540,16700,16230,16230,5879,-0.018742442563482453
2024-10-10,16500,16590,16210,16480,7219,0.015403573629081846
2024-10-11,16680,16680,16310,16420,1960,-0.00364077669902918
2024-10-14,16420,16430,16000,16220,13806,-0.01218026796589522
2024-10-15,16310,16310,16020,16100,7680,-0.007398273736128225
2024-10-16,16100,16270,15830,15840,19724,-0.016149068322981353
2024-10-17,15850,16000,15820,15980,11088,0.008838383838383868
2024-10-18,16290,16290,15840,16020,2932,0.0025031289111390187
2024-10-21,15750,16320,15750,15860,5909,-0.009987515605493158
2024-10-22,15860,16000,15600,15630,15331,-0.014501891551071844
2024-10-23,15750,15840,15500,15540,8309,-0.0057581573896353655
2024-10-24,15540,16000,15500,15840,3736,0.019305019305019266
2024-10-25,15840,16130,15710,15860,3661,0.0012626262626262985
2024-10-28,15680,16960,15680,15980,9870,0.007566204287515754
2024-10-29,16000,16180,15980,15980,1865,0.0
2024-10-30,16150,16150,15850,15900,3776,-0.005006257822277815
2024-10-31,15820,16100,15790,15810,6887,-0.005660377358490565
2024-11-01,15900,15900,15600,15630,5248,-0.011385199240986688
2024-11-04,15510,16260,15510,15850,3574,0.01407549584133072
2024-11-05,16250,16250,15600,15840,2533,-0.0006309148264984632
2024-11-06,15810,16240,15810,15940,2051,0.0063131313131312705
2024-11-07,16200,16200,15820,15950,1697,0.0006273525721456341
2024-11-08,15950,16190,15890,15910,5702,-0.0025078369905956466
2024-11-11,16240,16240,15780,16080,3241,0.010685103708359511
2024-11-12,15920,16080,15810,15830,4404,-0.015547263681592094
2024-11-13,15800,16560,15400,15490,6817,-0.021478205938092243
2024-11-14,16190,16190,15200,15690,3580,0.01291155584247905
2024-11-15,15690,15970,15500,15610,2862,-0.005098789037603524
2024-11-18,15550,16200,15550,15800,6522,0.0121716848174247
2024-11-19,15760,16000,15730,15840,1905,0.0025316455696202667
2024-11-20,15750,15950,15750,15870,1555,0.0018939393939394478
2024-11-21,15900,15950,15840,15920,2485,0.003150598613736566
2024-11-22,16000,16330,15850,16050,5946,0.00816582914572872
2024-11-25,16110,16110,15750,16050,9482,0.0
2024-11-26,16050,16100,15820,15990,2385,-0.0037383177570093906
2024-11-27,15860,16030,15800,15990,3968,0.0
2024-11-28,15980,16300,15940,16300,9115,0.019387116948092586
2024-11-29,16120,16300,15980,16100,9935,-0.012269938650306789
2024-12-02,16100,16300,16030,16150,4036,0.0031055900621117516
2024-12-03,16290,16600,16170,16500,3893,0.021671826625387025
2024-12-04,16490,16490,15580,16220,9708,-0.016969696969696968
2024-12-05,16210,16350,15900,15900,4276,-0.019728729963008673
2024-12-06,15900,16280,15830,16050,4195,0.009433962264151052
2024-12-09,16050,16230,15300,15300,8831,-0.04672897196261683
2024-12-10,15330,15940,15330,15790,10597,0.03202614379084978
2024-12-11,15940,15950,15860,15950,9752,0.010132995566814351
2024-12-12,15950,16060,15760,16000,6558,0.0031347962382444194
2024-12-13,16000,16080,15910,15950,3787,-0.0031250000000000444
2024-12-16,16030,16060,15960,16030,8702,0.005015673981191293
2024-12-17,16030,16040,15980,16030,2606,0.0
2024-12-18,16030,16040,15940,16000,6115,-0.0018714909544603753
2024-12-19,16060,16060,15900,16000,1096,0.0
2024-12-20,15910,16030,15800,15960,4355,-0.0024999999999999467
2024-12-23,15960,16140,15930,16000,8403,0.0025062656641603454
2024-12-24,16000,16240,15950,16060,6872,0.00374999999999992
2024-12-26,16110,16190,16060,16150,23502,0.005603985056039873
2024-12-27,15580,15770,15200,15400,19092,-0.04643962848297212
2024-12-30,15400,15770,15320,15500,7192,0.006493506493506551
2025-01-02,15500,15500,15300,15350,5371,-0.009677419354838679
2025-01-03,15540,15540,15290,15320,4232,-0.001954397394136831
2025-01-06,15570,16300,15200,16250,30438,0.06070496083550925
2025-01-07,16500,17100,15990,16890,102897,0.03938461538461535
2025-01-08,17140,17390,16500,16870,69031,-0.001184132622853773
2025-01-09,16770,16860,16280,16400,21714,-0.027860106698280984
2025-01-10,16460,16850,16280,16380,7707,-0.0012195121951219523
2025-01-13,16350,16670,16150,16270,12549,-0.006715506715506692
2025-01-14,16780,16780,16070,16100,10596,-0.010448678549477619
2025-01-15,16200,16380,16000,16070,11318,-0.0018633540372671176
2025-01-16,16100,16200,16010,16080,4363,0.000622277535780924
2025-01-17,16080,16250,16000,16080,6142,0.0
2025-01-20,16080,16530,15000,16080,12168,0.0
2025-01-21,16040,16040,15750,15950,5923,-0.008084577114427893
2025-01-22,15940,16090,15770,15780,8522,-0.01065830721003136
2025-01-23,15660,16330,15540,15610,5898,-0.010773130544993625
2025-01-24,15610,15830,15550,15720,11494,0.007046764894298452
2025-01-31,15800,15930,15720,15850,2200,0.008269720101781175
2025-02-03,15850,16240,15420,15660,19558,-0.011987381703470024
2025-02-04,15990,15990,15490,15620,12944,-0.0025542784163473664
2025-02-05,15660,15680,15480,15520,5639,-0.006402048655569814
2025-02-06,15490,15900,15450,15470,9471,-0.003221649484536071
2025-02-07,15410,15850,15390,15500,6516,0.0019392372333548735
2025-02-10,15500,15710,15420,15540,7042,0.002580645161290418
2025-02-11,15680,15680,15470,15500,2901,-0.002574002574002532
2025-02-12,15500,15580,15460,15550,4016,0.003225806451612856
2025-02-13,15690,15690,15430,15470,6111,-0.005144694533762095
2025-02-14,15500,15610,15460,15480,4942,0.0006464124111182912
2025-02-17,15360,15510,15360,15480,1711,0.0
2025-02-18,15550,15590,15460,15590,3197,0.007105943152454719
2025-02-19,15590,15590,15450,15500,1137,-0.0057729313662604476
2025-02-20,15610,15610,15500,15550,1724,0.003225806451612856
2025-02-21,15550,15600,15500,15540,3714,-0.0006430868167202064
2025-02-24,15600,15600,15410,15540,2008,0.0
2025-02-25,15600,15600,15350,15410,8801,-0.008365508365508312
2025-02-26,15590,15590,15350,15520,3613,0.007138221933809197
2025-02-27,15580,15580,15450,15520,1224,0.0
2025-02-28,15570,15570,15370,15370,6047,-0.009664948453608213
2025-03-04,15470,15480,15130,15130,9896,-0.01561483409238773
2025-03-05,15250,15290,15000,15290,3097,0.010575016523463265
2025-03-06,15380,15380,15120,15330,1614,0.002616088947024142
2025-03-07,15400,15490,15150,15300,4175,-0.00195694716242667
2025-03-10,15220,15380,15150,15220,3790,-0.005228758169934622
2025-03-11,15140,15280,15100,15270,5707,0.003285151116951379
2025-03-12,15270,15300,15200,15270,1331,0.0
2025-03-13,15270,15420,15190,15350,3047,0.0052390307793057644
2025-03-14,15390,15390,15240,15350,1805,0.0
2025-03-17,15350,15520,15250,15340,3510,-0.0006514657980456473
2025-03-18,15270,15340,15270,15280,1448,-0.003911342894393766
2025-03-19,15300,15300,15250,15290,1076,0.0006544502617800152
2025-03-20,15290,15310,15250,15300,1110,0.0006540222367561466
2025-03-21,15310,15310,15210,15230,2551,-0.004575163398692794
2025-03-24,15230,15240,15120,15240,6820,0.0006565988181221893
2025-03-25,15220,15290,15220,15290,1256,0.0032808398950130435
2025-03-26,15320,15450,15300,15330,695,0.002616088947024142
2025-03-27,15330,15340,15250,15330,529,0.0
2025-03-28,15360,15360,15170,15330,1302,0.0
2025-03-31,15330,15330,15080,15170,3749,-0.010437051532941943
2025-04-01,15120,15310,15100,15310,4815,0.009228740936058077
2025-04-02,15300,15300,15110,15140,3196,-0.011103853690398457
2025-04-03,15100,15120,14990,15120,1244,-0.0013210039630119352
2025-04-04,15000,15110,15000,15100,1587,-0.001322751322751281
2025-04-07,15100,15100,14820,14830,10144,-0.01788079470198678
2025-04-08,14900,14930,14760,14830,3966,0.0
2025-04-09,14900,14900,14520,14810,4666,-0.0013486176668914274
2025-04-10,14890,15200,14880,15180,6883,0.02498311951384191
2025-04-11,14630,15070,14500,14920,18140,-0.017127799736495364
2025-04-14,14920,15200,14910,15200,3340,0.018766756032171594
2025-04-15,15270,15280,15030,15170,1023,-0.0019736842105263497
2025-04-16,15170,15280,15110,15200,1435,0.0019775873434411118
2025-04-17,15200,15420,15080,15280,20123,0.0052631578947368585
2025-04-18,15245,15480,15210,15330,12068,0.00327225130890052
2025-04-21,15330,15480,15290,15430,1430,0.006523157208088826
2025-04-22,15460,15650,15400,15540,5835,0.0071289695398573105
2025-04-23,15570,15740,15540,15650,5445,0.007078507078507101
2025-04-24,15780,15870,15740,15830,11402,0.011501597444089517
2025-04-25,15970,15970,15770,15850,1793,0.0012634238787112562
2025-04-28,16100,16100,15820,15820,4487,-0.0018927444794952786
2025-04-29,15820,16260,15700,16260,11825,0.027812895069532217
2025-04-30,16240,16240,15760,15760,8407,-0.03075030750307506
2025-05-02,15950,15950,15640,15820,5579,0.0038071065989848663
2025-05-07,15910,15910,15730,15800,6752,-0.0012642225031606058
2025-05-08,15800,15980,15780,15930,5517,0.008227848101265867
2025-05-09,15980,15990,15930,15990,2577,0.0037664783427495685
2025-05-12,16010,16810,16000,16690,39653,0.04377736085053163
2025-05-13,16690,16690,16520,16660,8350,-0.0017974835230677444
2025-05-14,16660,17180,16630,17050,14282,0.02340936374549818
2025-05-15,16900,17140,16900,17100,10537,0.0029325513196480912
2025-05-16,17100,17180,17100,17120,5659,0.0011695906432749315
2025-05-19,17160,17200,17080,17140,7208,0.001168224299065379
2025-05-20,17140,17400,17120,17250,18753,0.0064177362893815815
2025-05-21,17240,17880,17150,17780,11638,0.030724637681159406
2025-05-22,17870,19100,17870,18620,48366,0.04724409448818889
2025-05-23,18620,18820,18340,18700,13723,0.004296455424275036
2025-05-26,18770,19310,18700,18940,13496,0.012834224598930577
2025-05-27,18900,19090,18900,18990,19693,0.0026399155227032622
2025-05-28,18990,19200,18790,18870,10328,-0.006319115323854652
2025-05-29,18920,19500,18750,19490,14484,0.03285638579756234
2025-05-30,19510,20650,19490,19880,45573,0.02001026167265274
2025-06-02,19880,20450,19820,19820,15455,-0.003018108651911433
2025-06-04,19870,22700,19870,21500,58161,0.0847628657921291
2025-06-05,21800,21950,20650,20800,20275,-0.032558139534883734
2025-06-09,21100,23150,21100,21900,61608,0.05288461538461542
2025-06-10,22400,24700,22150,23500,91033,0.0730593607305936
2025-06-11,23300,23800,22800,23800,33067,0.012765957446808418
2025-06-12,23900,23900,22650,23100,26903,-0.02941176470588236
