Date,Open,High,Low,Close,Volume,Change
2022-01-03,73100,74500,73100,73800,23588,-0.0013531799729363803
2022-01-04,73400,73600,72500,72600,57310,-0.016260162601625994
2022-01-05,72100,72800,72000,72300,54291,-0.004132231404958664
2022-01-06,72200,73000,72100,73000,63019,0.009681881051175623
2022-01-07,72200,73200,72200,72600,34381,-0.005479452054794498
2022-01-10,72300,73200,72200,73200,23767,0.008264462809917328
2022-01-11,72500,73500,72300,72800,58884,-0.005464480874316946
2022-01-12,72500,73400,72500,73400,49652,0.008241758241758212
2022-01-13,73400,73700,72700,73000,70203,-0.00544959128065392
2022-01-14,73200,73200,71900,72100,50872,-0.012328767123287676
2022-01-17,71400,71800,70200,70300,49008,-0.02496532593619971
2022-01-18,70300,70800,69100,69200,60133,-0.015647226173541973
2022-01-19,69300,71300,68900,71100,59907,0.027456647398844014
2022-01-20,71600,71700,70500,71000,31514,-0.0014064697609000865
2022-01-21,69800,71700,69800,71500,30467,0.007042253521126751
2022-01-24,71600,72500,70800,70900,40771,-0.008391608391608352
2022-01-25,70000,71300,68700,69100,49377,-0.02538787023977429
2022-01-26,70000,70800,69200,70000,43240,0.013024602026049159
2022-01-27,70000,70400,67200,67200,51526,-0.040000000000000036
2022-01-28,68200,68400,66400,67800,74127,0.008928571428571397
2022-02-03,67100,70200,67100,69300,57580,0.022123893805309658
2022-02-04,70100,70300,68100,68400,52231,-0.012987012987012991
2022-02-07,67900,68400,66300,66700,92816,-0.024853801169590684
2022-02-08,67400,68200,67100,67800,57856,0.016491754122938573
2022-02-09,68100,69400,68000,69200,56544,0.020648967551622377
2022-02-10,67900,70000,67900,69200,62780,0.0
2022-02-11,68600,69600,68300,69000,47113,-0.0028901734104046506
2022-02-14,68800,69300,67500,67800,36394,-0.017391304347826098
2022-02-15,68900,69200,67800,68500,41679,0.010324483775811188
2022-02-16,68200,69500,68100,69000,36194,0.007299270072992803
2022-02-17,69100,69700,68200,69100,59954,0.0014492753623187582
2022-02-18,69300,69800,68500,69700,32566,0.00868306801736618
2022-02-21,68400,69700,68300,69200,25031,-0.00717360114777621
2022-02-22,69000,69100,68000,69100,32981,-0.0014450867052022698
2022-02-23,69400,69500,68700,69100,21457,0.0
2022-02-24,68500,68900,67200,67500,39729,-0.02315484804630974
2022-02-25,67600,69300,67400,69000,41164,0.022222222222222143
2022-02-28,68500,70400,68000,69800,55995,0.011594202898550732
2022-03-02,70300,72800,70000,72100,108178,0.03295128939828085
2022-03-03,71500,72700,71500,72500,36290,0.00554785020804438
2022-03-04,72600,72700,71600,72500,32359,0.0
2022-03-07,71800,71900,69800,70600,39952,-0.026206896551724146
2022-03-08,70900,71300,69400,70100,42062,-0.007082152974504208
2022-03-10,71400,71600,67300,67900,108385,-0.031383737517831634
2022-03-11,68000,68100,66500,67600,62965,-0.004418262150220897
2022-03-14,67500,68400,67200,68400,50062,0.01183431952662728
2022-03-15,67900,68200,66600,67100,31673,-0.01900584795321636
2022-03-16,67200,67800,66700,67400,23454,0.0044709388971684305
2022-03-17,68100,68400,67200,67400,70975,0.0
2022-03-18,67400,68700,67100,68700,58242,0.01928783382789323
2022-03-21,68300,68500,67600,67700,25060,-0.01455604075691408
2022-03-22,68100,68100,67400,68000,26547,0.004431314623338345
2022-03-23,67900,68500,67700,67900,26282,-0.0014705882352941124
2022-03-24,67400,68100,67400,67800,30529,-0.0014727540500736325
2022-03-25,67500,68300,67500,68300,30724,0.007374631268436627
2022-03-28,67700,69900,67500,69900,66570,0.02342606149341142
2022-03-29,69900,70700,69300,70200,43188,0.0042918454935623185
2022-03-30,71000,71800,70100,70800,69850,0.008547008547008517
2022-03-31,71000,71900,70600,71300,55097,0.007062146892655274
2022-04-01,70300,71700,70000,70900,38874,-0.005610098176718092
2022-04-04,70900,72800,70400,72700,42172,0.02538787023977429
2022-04-05,72600,73100,71600,72600,37260,-0.0013755158184318717
2022-04-06,72600,73200,71700,72600,47439,0.0
2022-04-07,71800,72600,71100,72100,52788,-0.00688705234159781
2022-04-08,72000,72500,71000,72200,34326,0.001386962552011095
2022-04-11,71400,72600,71300,72000,23622,-0.0027700831024930483
2022-04-12,72000,72600,70400,70900,34787,-0.015277777777777724
2022-04-13,71200,71300,70500,70800,43361,-0.0014104372355430161
2022-04-14,70100,70600,69300,69800,63289,-0.01412429378531077
2022-04-15,69300,69400,68000,68500,42006,-0.01862464183381085
2022-04-18,68200,69000,67800,68500,20220,0.0
2022-04-19,68600,69000,68100,68900,49513,0.005839416058394109
2022-04-20,68500,69100,68200,68200,57080,-0.010159651669085612
2022-04-21,68800,69700,68300,69500,42853,0.019061583577712593
2022-04-22,68500,69300,68400,68500,46144,-0.014388489208633115
2022-04-25,67900,68200,67300,67500,37905,-0.014598540145985384
2022-04-26,67700,68400,67300,68200,40131,0.010370370370370363
2022-04-27,67500,68000,66900,67600,34211,-0.008797653958944274
2022-04-28,67200,68000,67100,68000,41794,0.00591715976331364
2022-04-29,67500,69000,67000,68900,66477,0.013235294117647012
2022-05-02,68500,69100,67800,68700,25932,-0.002902757619738794
2022-05-03,68200,69100,68000,68700,32074,0.0
2022-05-04,68500,68800,68000,68100,19006,-0.008733624454148492
2022-05-06,67800,68800,67400,68000,55798,-0.001468428781204123
2022-05-09,67600,68300,67000,67900,35533,-0.0014705882352941124
2022-05-10,68300,68400,66900,67800,55838,-0.0014727540500736325
2022-05-11,67400,69900,67300,69900,64033,0.030973451327433565
2022-05-12,69000,69500,68100,69100,67508,-0.011444921316165924
2022-05-13,69400,69800,68800,69600,41061,0.00723589001447178
2022-05-16,69600,69900,68700,68800,34727,-0.011494252873563204
2022-05-17,69100,70800,69100,70800,50162,0.029069767441860517
2022-05-18,70200,71800,69300,71600,71093,0.011299435028248483
2022-05-19,70600,71500,69900,70800,76012,-0.011173184357541888
2022-05-20,70900,72000,70300,72000,68147,0.016949152542372836
2022-05-23,71300,73200,71300,73200,67529,0.016666666666666607
2022-05-24,72200,73400,72100,73100,41428,-0.001366120218579181
2022-05-25,73200,73500,72200,72500,41478,-0.008207934336525335
2022-05-26,71200,73400,71200,72500,53587,0.0
2022-05-27,73200,73500,72500,73000,40221,0.006896551724137945
2022-05-30,72600,73500,72600,72900,38294,-0.00136986301369868
2022-05-31,72200,73400,72000,72000,188643,-0.012345679012345734
2022-06-02,71600,71700,69200,69400,75118,-0.036111111111111094
2022-06-03,69600,70100,68700,69000,39225,-0.0057636887608069065
2022-06-07,69100,69200,67300,67300,56075,-0.024637681159420333
2022-06-08,67500,67600,67000,67300,51706,0.0
2022-06-09,67200,67900,66400,67700,104967,0.005943536404160454
2022-06-10,67600,67600,66300,66400,54481,-0.019202363367799125
2022-06-13,65900,65900,64400,64400,57112,-0.030120481927710885
2022-06-14,64000,64100,62600,63900,75160,-0.00776397515527949
2022-06-15,64100,64200,62600,63000,56106,-0.014084507042253502
2022-06-16,63100,63700,62400,62400,61849,-0.00952380952380949
2022-06-17,61900,63100,61200,62200,79203,-0.0032051282051281937
2022-06-20,63000,63000,61000,61600,43286,-0.009646302250803873
2022-06-21,63600,63600,61500,61600,39177,0.0
2022-06-22,61700,61700,60900,61100,32915,-0.008116883116883078
2022-06-23,61700,63000,61400,62100,70662,0.016366612111292866
2022-06-24,62900,63900,62400,63300,44843,0.019323671497584627
2022-06-27,63300,63600,62300,62700,35360,-0.009478672985781977
2022-06-28,63200,63800,62500,63800,57847,0.01754385964912286
2022-06-29,63000,63800,63000,63400,30605,-0.006269592476489061
2022-06-30,62800,64900,62700,64200,63599,0.012618296529968376
2022-07-01,65000,65100,63400,64900,61079,0.010903426791277315
2022-07-04,64900,65400,64500,65400,36303,0.007704160246533087
2022-07-05,65400,65800,64500,64600,29599,-0.012232415902140636
2022-07-06,63400,64100,62700,62700,63309,-0.02941176470588236
2022-07-07,63400,63900,62900,63200,28319,0.00797448165869219
2022-07-08,62700,64500,62600,63700,43109,0.007911392405063333
2022-07-11,63800,64400,63100,63800,17330,0.0015698587127157548
2022-07-12,64300,64300,63100,63600,28218,-0.0031347962382445305
2022-07-13,64300,64300,63300,63800,34515,0.003144654088050425
2022-07-14,63200,63800,62700,63000,80922,-0.01253918495297801
2022-07-15,63700,64200,61800,63100,53771,0.0015873015873015817
2022-07-18,62800,63900,62700,63000,24276,-0.0015847860538826808
2022-07-19,62800,63800,62700,63500,27729,0.007936507936507908
2022-07-20,63400,64100,63300,64000,35278,0.007874015748031482
2022-07-21,63800,64200,63400,63500,28482,-0.0078125
2022-07-22,63500,64000,63200,63500,31747,0.0
2022-07-25,63300,64100,63200,63300,24031,-0.0031496062992125706
2022-07-26,63000,63700,62800,63300,21899,0.0
2022-07-27,63800,64200,63400,63800,40783,0.00789889415481837
2022-07-28,63600,65000,63300,63900,36734,0.0015673981191222097
2022-07-29,64900,64900,63100,63800,75795,-0.0015649452269170805
2022-08-01,63500,63700,62500,62700,39160,-0.017241379310344862
2022-08-02,62600,62800,61700,62000,54676,-0.011164274322169043
2022-08-03,62200,63100,62100,62300,48295,0.004838709677419395
2022-08-04,62800,63200,62400,62900,38813,0.009630818619582593
2022-08-05,63300,63900,62700,62800,40377,-0.0015898251192368873
2022-08-08,62500,63300,62100,62500,39689,-0.004777070063694322
2022-08-09,62500,62800,62000,62000,54980,-0.008000000000000007
2022-08-10,62200,62400,61700,62200,47485,0.003225806451612856
2022-08-11,62300,63700,62200,63400,54740,0.019292604501607746
2022-08-12,63500,64000,63000,63300,35302,-0.001577287066246047
2022-08-16,63700,63700,62900,63000,30153,-0.004739336492891044
2022-08-17,63400,63600,62300,62300,38669,-0.011111111111111072
2022-08-18,62000,62100,60700,60800,83308,-0.024077046548956704
2022-08-19,60900,61000,59900,60100,68672,-0.011513157894736836
2022-08-22,59700,60400,59200,60100,57260,0.0
2022-08-23,59800,60400,59200,59300,55589,-0.01331114808652245
2022-08-24,59400,59800,58500,59100,51962,-0.003372681281618939
2022-08-25,58800,59600,58800,59600,33559,0.008460236886632888
2022-08-26,59100,59800,58800,59300,46098,-0.005033557046979831
2022-08-29,58500,58800,57500,57800,68095,-0.025295109612141653
2022-08-30,57700,58000,56800,57400,72586,-0.00692041522491349
2022-08-31,57000,58600,57000,58200,112192,0.013937282229965264
2022-09-01,57200,58000,56400,56400,67503,-0.030927835051546393
2022-09-02,56400,57100,56400,56900,47040,0.00886524822695045
2022-09-05,57300,57400,56300,56700,37283,-0.0035149384885764245
2022-09-06,56900,57100,56300,56400,33602,-0.005291005291005346
2022-09-07,56300,56400,55500,55600,63735,-0.014184397163120588
2022-09-08,56500,57300,55900,56600,103030,0.017985611510791477
2022-09-13,57300,58200,57200,57700,85301,0.019434628975264934
2022-09-14,57000,57000,55800,56200,53152,-0.025996533795493937
2022-09-15,56300,56300,55500,55600,34341,-0.010676156583629859
2022-09-16,55200,55800,55000,55400,132552,-0.003597122302158251
2022-09-19,55000,56100,55000,55700,43987,0.005415162454873723
2022-09-20,56700,57300,56000,56900,73633,0.021543985637342944
2022-09-21,56300,57400,56100,56300,60011,-0.010544815465729385
2022-09-22,56000,56800,55200,56500,60752,0.003552397868561208
2022-09-23,56600,56600,55300,55600,42733,-0.015929203539822967
2022-09-26,55600,56200,55200,56000,73030,0.007194244604316502
2022-09-27,56600,56700,54800,55900,92717,-0.0017857142857142794
2022-09-28,55200,57600,55200,56900,127727,0.017889087656529412
2022-09-29,56900,57500,56600,57400,63958,0.008787346221441172
2022-09-30,57700,58200,57100,57900,125946,0.008710801393728262
2022-10-04,57900,58500,57400,58400,93755,0.008635578583765069
2022-10-05,58500,58900,57700,58500,70860,0.001712328767123239
2022-10-06,58800,58800,57600,57700,139157,-0.013675213675213627
2022-10-07,56900,57300,55600,55700,108964,-0.03466204506065862
2022-10-11,55800,56700,55000,56300,103401,0.010771992818671361
2022-10-12,55900,56500,55500,55700,63289,-0.010657193605683846
2022-10-13,55500,55700,54600,54700,74537,-0.01795332136445238
2022-10-14,54700,56500,54600,56500,65872,0.03290676416819016
2022-10-17,56300,56600,54500,56400,52931,-0.001769911504424737
2022-10-18,56500,57000,55800,57000,46339,0.010638297872340496
2022-10-19,56500,58000,56300,57700,56351,0.012280701754386003
2022-10-20,56800,59900,56800,59900,179605,0.03812824956672434
2022-10-21,59900,60800,58700,60700,77886,0.013355592654423987
2022-10-24,60900,61100,58900,59700,60569,-0.016474464579901205
2022-10-25,59800,60000,57600,57900,54064,-0.03015075376884424
2022-10-26,57200,59800,56800,59700,50764,0.031088082901554515
2022-10-27,60000,60600,59300,60200,53231,0.008375209380234505
2022-10-28,60300,61300,59800,61000,70764,0.013289036544850585
2022-10-31,61400,62400,60600,62400,56401,0.022950819672131084
2022-11-01,62100,62500,61200,61500,37611,-0.014423076923076872
2022-11-02,60600,62000,60200,61600,43677,0.001626016260162677
2022-11-03,60700,62100,59800,60500,64634,-0.017857142857142905
2022-11-04,60100,63400,60100,63400,66851,0.04793388429752077
2022-11-07,63500,63500,61100,62900,58744,-0.007886435331230235
2022-11-08,63300,63300,61600,62200,55282,-0.011128775834658211
2022-11-09,62700,63700,61900,62900,62726,0.0112540192926045
2022-11-10,62900,63800,62600,63500,76664,0.009538950715421324
2022-11-11,63900,64700,63600,64500,48591,0.015748031496062964
2022-11-14,64500,65400,63700,65300,55428,0.01240310077519391
2022-11-15,65500,65700,64500,65700,48100,0.006125574272588086
2022-11-16,65700,66500,64700,66200,62307,0.007610350076103556
2022-11-17,66700,66700,64100,64100,25946,-0.031722054380664666
2022-11-18,63800,65000,63800,64300,45916,0.0031201248049921304
2022-11-21,64300,66600,63600,66600,57417,0.035769828926905056
2022-11-22,66600,66700,64000,64200,46437,-0.036036036036036
2022-11-23,64200,65100,64100,64500,31498,0.004672897196261738
2022-11-24,64500,65500,64200,65000,28269,0.007751937984496138
2022-11-25,65500,65900,64500,64700,29314,-0.004615384615384577
2022-11-28,63900,64700,62700,63400,43804,-0.020092735703245768
2022-11-29,64900,64900,63000,64200,26134,0.012618296529968376
2022-11-30,63600,65500,63500,64200,102999,0.0
2022-12-01,64300,64800,63600,64100,69455,-0.0015576323987538387
2022-12-02,63600,64200,62300,62600,35468,-0.023400936037441533
2022-12-05,62700,63700,62100,62600,56139,0.0
2022-12-06,62600,63300,61600,62200,51088,-0.006389776357827448
2022-12-07,63300,64400,62600,63700,54746,0.02411575562700974
2022-12-08,64700,64700,62100,62900,72192,-0.012558869701726816
2022-12-09,62900,64200,62000,64200,62615,0.020667726550079424
2022-12-12,64500,64500,62600,62600,21582,-0.024922118380062308
2022-12-13,63000,63000,61700,62000,35962,-0.009584664536741228
2022-12-14,62700,65200,62700,64600,73300,0.041935483870967794
2022-12-15,65000,65400,64100,64100,45431,-0.007739938080495334
2022-12-16,64000,64100,62100,62100,42869,-0.03120124804992197
2022-12-19,61800,62800,61800,62400,48031,0.004830917874396157
2022-12-20,63100,63100,61800,62300,32630,-0.0016025641025640969
2022-12-21,63000,63600,62100,62500,28401,0.0032102728731941976
2022-12-22,62200,63700,62200,63600,59364,0.01760000000000006
2022-12-23,63400,63900,62500,62700,33275,-0.014150943396226467
2022-12-26,62500,63000,61800,62600,42303,-0.0015948963317384823
2022-12-27,63500,63700,62500,63600,55920,0.015974440894568787
2022-12-28,61700,63300,60400,60800,48997,-0.04402515723270439
2022-12-29,59900,60400,59200,59300,49292,-0.024671052631578982
2023-01-02,60500,60600,57300,57800,35407,-0.025295109612141653
2023-01-03,58000,58100,56000,56700,38689,-0.01903114186851207
2023-01-04,57200,57900,56100,57900,50915,0.021164021164021163
2023-01-05,57100,58200,57000,57200,51191,-0.012089810017271163
2023-01-06,56100,57800,56100,57000,38966,-0.0034965034965035446
2023-01-09,57700,60200,57300,60200,49406,0.056140350877192935
2023-01-10,60500,60800,59000,59500,30527,-0.011627906976744207
2023-01-11,59500,59600,58100,58300,53983,-0.020168067226890796
2023-01-12,58300,58700,57600,58100,60240,-0.0034305317324184736
2023-01-13,58700,59700,58000,58600,77368,0.008605851979345935
2023-01-16,58300,59300,58200,58700,39114,0.0017064846416381396
2023-01-17,59200,59300,57500,59200,71300,0.008517887563884052
2023-01-18,58600,59200,57700,58000,76479,-0.020270270270270285
2023-01-19,57300,59100,57300,58600,115346,0.010344827586206806
2023-01-20,57700,58800,57700,58800,51714,0.0034129692832765013
2023-01-25,58400,60000,58400,60000,52532,0.020408163265306145
2023-01-26,59600,60000,58600,59600,73746,-0.00666666666666671
2023-01-27,58800,59700,58800,59300,58773,-0.005033557046979831
2023-01-30,59300,59500,58500,59100,67148,-0.003372681281618939
2023-01-31,59600,59600,57300,57600,128045,-0.025380710659898442
2023-02-01,57600,57900,57000,57500,88397,-0.0017361111111111605
2023-02-02,57900,59000,57600,58900,101306,0.024347826086956514
2023-02-03,58400,58900,58000,58500,64978,-0.006791171477079749
2023-02-06,58400,58700,57700,57800,69105,-0.011965811965811923
2023-02-07,57600,57800,57200,57400,64083,-0.00692041522491349
2023-02-08,57500,58300,57300,58100,52993,0.012195121951219523
2023-02-09,57500,58300,57200,57300,58068,-0.013769363166953541
2023-02-10,57100,57500,56700,57100,50937,-0.003490401396160525
2023-02-13,56900,57400,56600,56800,53708,-0.005253940455341555
2023-02-14,56900,57400,56800,57200,61093,0.007042253521126751
2023-02-15,57300,57500,56500,57100,62211,-0.0017482517482517723
2023-02-16,57400,58000,57100,57800,66787,0.012259194395796813
2023-02-17,57200,57700,56900,57100,46972,-0.01211072664359858
2023-02-20,57200,58000,56900,57500,52640,0.007005253940455258
2023-02-21,57600,57700,57000,57300,45613,-0.003478260869565264
2023-02-22,57200,57400,56200,56300,69283,-0.017452006980802848
2023-02-23,56600,56600,55900,56200,59356,-0.001776198934280604
2023-02-24,56000,56300,55800,56000,38525,-0.003558718861209953
2023-02-27,55800,56800,55100,56400,96120,0.0071428571428571175
2023-02-28,56900,57300,56400,56400,112437,0.0
2023-03-02,56400,57400,56000,56300,94800,-0.0017730496453900457
2023-03-03,56300,56500,55400,55500,71796,-0.014209591474245165
2023-03-06,55800,56600,55600,56500,87143,0.018018018018018056
2023-03-07,56300,56700,56000,56500,70632,0.0
2023-03-08,55600,56100,54200,54300,98241,-0.038938053097345104
2023-03-09,54500,55300,54100,54700,129274,0.007366482504604033
2023-03-10,54200,55000,53200,53400,90425,-0.02376599634369292
2023-03-13,53900,54700,53600,53900,89094,0.009363295880149725
2023-03-14,53300,53900,53100,53400,123893,-0.00927643784786647
2023-03-15,53500,53600,51500,51800,157339,-0.029962546816479363
2023-03-16,51500,55000,51500,54900,186844,0.05984555984555984
2023-03-17,54900,54900,53100,54200,71512,-0.012750455373406244
2023-03-20,54400,55000,53600,54200,38277,0.0
2023-03-21,54300,55700,54100,55700,71388,0.027675276752767486
2023-03-22,55800,55900,55200,55600,54964,-0.0017953321364452268
2023-03-23,55900,56600,55300,55600,74210,0.0
2023-03-24,55200,55900,54900,55100,38687,-0.008992805755395739
2023-03-27,55700,55700,54100,54300,63147,-0.014519056261342977
2023-03-28,54400,54700,53200,54100,75484,-0.0036832412523020164
2023-03-29,54300,55200,54200,54900,86934,0.014787430683918634
2023-03-30,54500,55600,54500,55200,88785,0.005464480874316946
2023-03-31,55600,56100,54700,55300,72472,0.0018115942028984477
2023-04-03,54900,55300,54300,54400,64542,-0.016274864376130238
2023-04-04,54900,55800,54500,55600,78818,0.022058823529411686
2023-04-05,56100,56100,54800,54900,54120,-0.01258992805755399
2023-04-06,54900,55000,53700,54200,76366,-0.012750455373406244
2023-04-07,53600,54600,53000,53700,64741,-0.009225092250922495
2023-04-10,53200,54300,53200,53500,68998,-0.003724394785847296
2023-04-11,53500,55500,53500,55000,112419,0.028037383177569986
2023-04-12,54500,56200,54500,56200,121323,0.021818181818181737
2023-04-13,55500,56600,55400,56600,87268,0.007117437722419906
2023-04-14,56600,57000,56300,56600,64198,0.0
2023-04-17,56600,56900,55900,56500,62861,-0.0017667844522968323
2023-04-18,56000,56800,55200,55600,64022,-0.015929203539822967
2023-04-19,55600,55900,55200,55500,35355,-0.0017985611510791255
2023-04-20,55500,57000,55100,57000,94145,0.027027027027026973
2023-04-21,57000,57800,56400,57600,71994,0.010526315789473717
2023-04-24,57800,57800,56500,57000,42533,-0.01041666666666663
2023-04-25,57400,57800,56400,57200,76432,0.0035087719298245723
2023-04-26,57000,58100,56500,58100,74604,0.01573426573426584
2023-04-27,57500,57500,56200,56600,72112,-0.025817555938037917
2023-04-28,56600,58500,56500,58400,93139,0.03180212014134276
2023-05-02,57600,58800,57600,58600,60166,0.003424657534246478
2023-05-03,58700,59100,58000,58500,80268,-0.0017064846416382506
2023-05-04,57300,58500,57300,57900,42248,-0.01025641025641022
2023-05-08,57200,58500,57100,57900,49815,0.0
2023-05-09,58200,58800,57600,58500,43793,0.010362694300518172
2023-05-10,58600,58700,56500,56500,115416,-0.03418803418803418
2023-05-11,57200,58800,57200,58100,88595,0.02831858407079646
2023-05-12,57300,58100,55600,56700,123294,-0.02409638554216864
2023-05-15,55600,56600,55500,55900,79699,-0.014109347442680775
2023-05-16,55600,55900,54100,54500,114191,-0.025044722719141377
2023-05-17,54400,55000,53700,54400,141309,-0.0018348623853210455
2023-05-18,54400,55000,54400,55000,70626,0.011029411764705843
2023-05-19,55100,56800,55100,56500,89284,0.027272727272727337
2023-05-22,56600,56600,55100,55200,84565,-0.023008849557522137
2023-05-23,55500,56500,55500,56100,47964,0.016304347826086918
2023-05-24,56100,56100,55000,55100,84395,-0.017825311942959
2023-05-25,54800,55200,53900,54400,186201,-0.012704174228675091
2023-05-26,54000,54500,53700,53800,105965,-0.011029411764705843
2023-05-30,53800,54400,52700,53000,210826,-0.014869888475836479
2023-05-31,53000,56000,53000,54300,2417223,0.02452830188679256
2023-06-01,54500,55700,53300,53600,157809,-0.012891344383057057
2023-06-02,53700,53900,53300,53600,52820,0.0
2023-06-05,53700,54500,53700,54100,65668,0.009328358208955168
2023-06-07,54200,54900,53600,53900,211666,-0.003696857670979714
2023-06-08,54300,54600,53600,54100,116117,0.0037105751391466324
2023-06-09,54700,54700,53900,54200,74890,0.001848428835489857
2023-06-12,54700,54700,54100,54200,53368,0.0
2023-06-13,54700,54800,53700,54000,110524,-0.0036900369003689537
2023-06-14,54100,54500,53500,53800,140814,-0.0037037037037036535
2023-06-15,54000,54500,53700,53900,85492,0.0018587360594795044
2023-06-16,54700,55500,54400,55000,92890,0.020408163265306145
2023-06-19,55800,57100,54700,54900,105952,-0.0018181818181818299
2023-06-20,54700,55500,54500,55100,68710,0.0036429872495447047
2023-06-21,55600,55600,53700,54600,91042,-0.00907441016333943
2023-06-22,54700,54700,53600,53800,55429,-0.0146520146520146
2023-06-23,53800,54100,53400,53600,46570,-0.0037174721189591198
2023-06-26,53600,54500,53500,54000,44499,0.00746268656716409
2023-06-27,53900,54300,53400,53500,29610,-0.0092592592592593
2023-06-28,53700,54100,53400,53700,25790,0.0037383177570093906
2023-06-29,53500,53900,52700,52800,47750,-0.016759776536312887
2023-06-30,52900,53800,52400,53300,71616,0.009469696969697017
2023-07-03,53300,54200,53300,54200,82576,0.016885553470919357
2023-07-04,53700,54300,53500,53900,46764,-0.005535055350553542
2023-07-05,53500,54100,53200,53500,82598,-0.007421150278293154
2023-07-06,53500,53500,52400,53000,85548,-0.009345794392523366
2023-07-07,52500,53000,51800,52000,85666,-0.018867924528301883
2023-07-10,52200,52600,51700,52200,44094,0.0038461538461538325
2023-07-11,52800,53000,52200,52500,43453,0.005747126436781658
2023-07-12,52600,53300,52300,53000,33335,0.00952380952380949
2023-07-13,53200,53700,52600,52700,86333,-0.005660377358490565
2023-07-14,53400,53800,52800,53500,41275,0.015180265654648917
2023-07-17,53200,53800,53100,53700,63454,0.0037383177570093906
2023-07-18,54100,54100,52400,52700,58278,-0.01862197392923648
2023-07-19,53200,53400,52600,53100,70616,0.007590132827324458
2023-07-20,52700,53300,52400,53100,48989,0.0
2023-07-21,52700,53000,52300,52900,46793,-0.0037664783427495685
2023-07-24,52900,52900,51600,51800,49297,-0.020793950850661602
2023-07-25,51600,52000,50100,50300,78999,-0.02895752895752901
2023-07-26,50200,50700,48200,49700,117860,-0.011928429423459286
2023-07-27,49600,51000,49600,51000,52028,0.026156941649899457
2023-07-28,50500,51400,50200,51200,49227,0.0039215686274509665
2023-07-31,51500,51800,50600,51200,72561,0.0
2023-08-01,50900,52900,50700,52400,93228,0.0234375
2023-08-02,52400,52400,51600,51600,73459,-0.01526717557251911
2023-08-03,52200,54600,51700,54100,137400,0.04844961240310086
2023-08-04,54600,58000,53500,57100,330428,0.055452865064695045
2023-08-07,57000,57700,56100,56600,135760,-0.008756567425569184
2023-08-08,56800,57400,56200,56700,56173,0.0017667844522968323
2023-08-09,56800,56800,55200,55400,48709,-0.022927689594356315
2023-08-10,55400,56200,54600,55300,83733,-0.0018050541516245744
2023-08-11,54500,56100,54500,55300,41297,0.0
2023-08-14,55600,56400,55200,55600,47764,0.005424954792043302
2023-08-16,55200,55700,54500,55200,43560,-0.007194244604316502
2023-08-17,55700,55700,54400,55100,36774,-0.0018115942028985588
2023-08-18,54300,55000,53800,54500,51147,-0.010889292196007205
2023-08-21,54900,55900,54800,55300,38417,0.014678899082568808
2023-08-22,55400,55500,54200,54700,38586,-0.010849909584086825
2023-08-23,54000,54500,53600,53800,58460,-0.01645338208409508
2023-08-24,53800,54400,53800,54100,30523,0.005576208178438735
2023-08-25,53600,54400,53600,54100,25510,0.0
2023-08-28,55200,55600,54300,55300,40716,0.022181146025878062
2023-08-29,55700,56000,54700,55300,83814,0.0
2023-08-30,55800,56200,55300,55500,27755,0.003616636528029016
2023-08-31,55100,56000,55000,55800,52435,0.00540540540540535
2023-09-01,55200,56500,55200,55400,55645,-0.007168458781361964
2023-09-04,55100,56300,55000,56200,19173,0.014440433212996373
2023-09-05,55600,56400,54900,55400,35651,-0.014234875444839812
2023-09-06,54900,56000,54900,55800,33499,0.0072202166064982976
2023-09-07,55100,55700,54800,55400,32034,-0.007168458781361964
2023-09-08,55700,56200,55300,56000,23705,0.010830324909747224
2023-09-11,56000,56300,55200,55600,23846,-0.0071428571428571175
2023-09-12,55700,56100,55100,55300,21380,-0.0053956834532373765
2023-09-13,55000,57400,55000,57200,76287,0.03435804701627476
2023-09-14,57600,58000,56900,58000,81221,0.013986013986013957
2023-09-15,58100,58200,57200,57600,68946,-0.006896551724137945
2023-09-18,57600,57800,56800,57100,40936,-0.00868055555555558
2023-09-19,56800,58200,56800,58200,34861,0.019264448336252293
2023-09-20,58300,58300,57000,57400,54971,-0.013745704467353903
2023-09-21,57800,59100,57400,58500,94521,0.019163763066202044
2023-09-22,58600,59200,58000,58500,62328,0.0
2023-09-25,59000,59000,57700,58100,51335,-0.006837606837606813
2023-09-26,57500,58600,56900,57200,44033,-0.015490533562822706
2023-09-27,56700,57600,56400,56600,40202,-0.010489510489510523
2023-10-04,56700,57900,56200,57100,90312,0.008833922261484162
2023-10-05,57400,57600,56600,57400,45819,0.005253940455341555
2023-10-06,57900,58000,56900,57500,38788,0.0017421602787457413
2023-10-10,58900,59000,57400,58000,44779,0.008695652173912993
2023-10-11,57600,58300,55900,56600,51409,-0.024137931034482807
2023-10-12,57000,57100,56200,56800,43673,0.0035335689045936647
2023-10-13,55900,57400,55900,56600,26484,-0.0035211267605633756
2023-10-16,56300,58000,56300,57500,51346,0.01590106007067127
2023-10-17,58500,58500,56700,57100,40112,-0.006956521739130417
2023-10-18,56600,57700,56600,57000,47940,-0.0017513134851138146
2023-10-19,56600,57600,56000,57500,54423,0.00877192982456143
2023-10-20,57500,57800,56400,57100,40584,-0.006956521739130417
2023-10-23,57900,57900,56500,57200,28253,0.0017513134851139256
2023-10-24,58000,58500,56700,57200,93373,0.0
2023-10-25,56700,57300,55600,56400,36612,-0.013986013986013957
2023-10-26,56500,56500,55500,56100,202660,-0.005319148936170248
2023-10-27,57200,57300,54600,55000,56271,-0.019607843137254943
2023-10-30,55000,55100,54200,54500,77352,-0.009090909090909038
2023-10-31,55000,55900,54400,54600,128502,0.0018348623853210455
2023-11-01,55100,56800,54700,56500,67401,0.0347985347985349
2023-11-02,57000,57000,54700,54800,82915,-0.030088495575221197
2023-11-03,55000,55400,53900,53900,63223,-0.01642335766423353
2023-11-06,54400,55700,53500,55700,91419,0.033395176252319025
2023-11-07,55700,55800,54500,55000,63662,-0.012567324955116699
2023-11-08,55800,56200,54900,55300,37513,0.005454545454545379
2023-11-09,55300,55700,55000,55100,45967,-0.003616636528028905
2023-11-10,54600,55500,54600,55500,33434,0.007259528130671544
2023-11-13,56000,56600,55300,56200,28611,0.012612612612612706
2023-11-14,56700,57000,56100,57000,38944,0.014234875444839812
2023-11-15,58000,58800,57200,58300,88553,0.02280701754385972
2023-11-16,58300,58600,57200,57400,77739,-0.015437392795883409
2023-11-17,57400,60300,57400,59800,65512,0.04181184668989557
2023-11-20,59800,60100,59200,59200,29003,-0.010033444816053505
2023-11-21,59900,59900,57800,58500,41157,-0.011824324324324342
2023-11-22,57800,61000,57800,59800,41541,0.022222222222222143
2023-11-23,59900,60200,58700,59600,44261,-0.0033444816053511683
2023-11-24,60000,60300,59300,59900,18787,0.005033557046979942
2023-11-27,60300,60300,59300,59700,22090,-0.0033388981636059967
2023-11-28,60300,61300,59700,60800,43626,0.018425460636515956
2023-11-29,60300,60300,58800,59600,83892,-0.019736842105263164
2023-11-30,59600,60200,58600,60200,51115,0.010067114093959662
2023-12-01,59600,59800,57900,58400,38032,-0.029900332225913595
2023-12-04,58800,59100,58100,58500,18711,0.001712328767123239
2023-12-05,58100,59400,58100,58200,31497,-0.00512820512820511
2023-12-06,58400,59300,58000,58300,24203,0.0017182130584192379
2023-12-07,57900,59000,57800,58500,25961,0.0034305317324185847
2023-12-08,59000,59600,58800,59200,32931,0.011965811965811923
2023-12-11,60000,61300,59700,60900,50823,0.028716216216216228
2023-12-12,61400,63400,61300,63000,81703,0.034482758620689724
2023-12-13,63400,63500,62100,62700,47997,-0.004761904761904745
2023-12-14,63500,63500,59900,61200,95761,-0.02392344497607657
2023-12-15,61200,61900,60700,61100,61262,-0.0016339869281045694
2023-12-18,61000,62000,60900,61600,33705,0.008183306055646433
2023-12-19,61100,62000,60700,61000,30066,-0.009740259740259716
2023-12-20,61400,62500,61100,62300,45823,0.021311475409836023
2023-12-21,62300,62400,61400,62000,30382,-0.0048154093097912964
2023-12-22,62400,62400,61100,61700,23667,-0.004838709677419395
2023-12-26,61700,62500,61400,61900,48157,0.0032414910858995505
2023-12-27,60300,60800,58700,59000,45554,-0.04684975767366717
2023-12-28,59600,60800,59100,60000,54115,0.016949152542372836
2024-01-02,60200,61100,59700,60000,39680,0.0
2024-01-03,59500,60000,57800,57900,58952,-0.03500000000000003
2024-01-04,57500,57700,56600,56700,43567,-0.020725388601036232
2024-01-05,56700,56800,56000,56400,33927,-0.005291005291005346
2024-01-08,56600,57100,55600,56600,33440,0.0035460992907800915
2024-01-09,57400,57400,56000,57000,35108,0.007067137809187329
2024-01-10,57300,57400,55800,56200,27929,-0.01403508771929829
2024-01-11,56500,56500,55700,55700,36252,-0.008896797153024938
2024-01-12,55900,55900,54700,55100,29415,-0.010771992818671472
2024-01-15,55000,56200,55000,55800,43652,0.012704174228675091
2024-01-16,55100,55500,54000,54300,71889,-0.026881720430107503
2024-01-17,54800,54800,53100,53100,29499,-0.02209944751381221
2024-01-18,53500,53700,53000,53100,33827,0.0
2024-01-19,53600,54400,53200,53600,28087,0.009416195856873921
2024-01-22,54200,54200,53000,53100,20719,-0.009328358208955279
2024-01-23,53600,54800,53400,54300,42293,0.02259887005649719
2024-01-24,54300,54500,53200,53600,64148,-0.012891344383057057
2024-01-25,54000,54300,53300,54300,46765,0.013059701492537323
2024-01-26,53800,54900,53700,54400,37377,0.0018416206261511192
2024-01-29,55200,56100,53800,55000,66928,0.011029411764705843
2024-01-30,55400,56600,55200,56000,33602,0.018181818181818077
2024-01-31,55600,57400,55600,56900,55201,0.016071428571428514
2024-02-01,56300,57200,55700,56900,43579,0.0
2024-02-02,56400,58300,56000,58000,50363,0.019332161687170446
2024-02-05,57900,58200,56600,56800,53401,-0.020689655172413834
2024-02-06,56800,58200,56600,58200,36326,0.02464788732394374
2024-02-07,58800,59100,57800,58000,35648,-0.0034364261168384758
2024-02-08,58900,58900,57700,58600,49207,0.010344827586206806
2024-02-13,59300,60200,58900,60100,45682,0.025597269624573427
2024-02-14,59400,60000,59000,59000,34972,-0.01830282861896837
2024-02-15,60200,60300,59000,59200,19988,0.003389830508474523
2024-02-16,60000,60300,59500,59700,19707,0.008445945945946054
2024-02-19,60000,61900,59800,61200,27715,0.025125628140703515
2024-02-20,61300,61600,60000,60100,29889,-0.017973856209150374
2024-02-21,60800,61000,59400,59600,17596,-0.008319467554076532
2024-02-22,60500,60900,60000,60600,21289,0.016778523489932917
2024-02-23,60200,60800,59900,60400,22293,-0.0033003300330033403
2024-02-26,60900,61100,59500,59500,23957,-0.01490066225165565
2024-02-27,60300,60300,58800,59100,21039,-0.006722689075630228
2024-02-28,58400,60000,58400,59000,18877,-0.0016920473773265332
2024-02-29,58500,59400,58100,58100,45138,-0.015254237288135575
2024-03-04,58800,59500,57900,57900,27943,-0.0034423407917383297
2024-03-05,57400,58100,57300,57700,32034,-0.003454231433506094
2024-03-06,58000,58100,57000,57800,17807,0.0017331022530329143
2024-03-07,57300,57800,56600,56600,22073,-0.02076124567474047
2024-03-08,57900,58900,57400,57800,65568,0.021201413427561766
2024-03-11,57800,58300,57100,57700,16229,-0.0017301038062284002
2024-03-12,58200,58500,57100,57500,41362,-0.0034662045060658286
2024-03-13,58000,58000,57300,57400,20626,-0.0017391304347825765
2024-03-14,57800,59900,57500,59300,74783,0.03310104529616731
2024-03-15,59200,59400,58500,58900,43810,-0.006745362563237767
2024-03-18,59300,59400,58000,58300,28117,-0.01018675721561968
2024-03-19,57400,58900,56600,58300,43763,0.0
2024-03-20,58800,59500,58300,59300,28416,0.0171526586620927
2024-03-21,59900,61100,59800,61100,70052,0.030354131534569895
2024-03-22,59500,61500,59300,60100,42047,-0.016366612111292977
2024-03-25,59500,60100,58000,58600,91373,-0.024958402662229595
2024-03-26,59400,61000,59200,60400,60509,0.030716723549488067
2024-03-27,59800,61300,59800,60700,32809,0.004966887417218624
2024-03-28,60700,61400,60200,61100,38754,0.006589785831960571
2024-03-29,61200,61400,60000,60100,24410,-0.016366612111292977
2024-04-01,60700,60800,59800,60300,21002,0.0033277870216306127
2024-04-02,59600,61500,59600,60200,32440,-0.0016583747927031434
2024-04-03,59800,60600,59700,60000,30876,-0.0033222591362126463
2024-04-04,60500,60600,59000,59000,21328,-0.01666666666666672
2024-04-05,58500,59500,58300,58800,20767,-0.003389830508474523
2024-04-08,58700,59600,58600,59200,27378,0.006802721088435382
2024-04-09,59600,60400,58700,60200,25810,0.016891891891891886
2024-04-11,60000,61500,59400,60400,83883,0.0033222591362125353
2024-04-12,59700,61200,59700,60700,66013,0.004966887417218624
2024-04-15,60600,60700,59600,60000,48643,-0.011532125205930832
2024-04-16,59900,60800,59800,60200,69583,0.0033333333333334103
2024-04-17,61000,61000,59700,60800,130917,0.009966777408637828
2024-04-18,61000,61100,60100,60100,66136,-0.011513157894736836
2024-04-19,59600,60600,59300,60000,71590,-0.0016638935108153063
2024-04-22,60600,61000,60200,61000,23058,0.016666666666666607
2024-04-23,60500,63300,60200,63200,57187,0.0360655737704918
2024-04-24,63700,63900,62600,62800,37552,-0.006329113924050667
2024-04-25,62100,63000,61500,62400,29049,-0.006369426751592355
2024-04-26,62600,63200,60800,61700,53913,-0.011217948717948678
2024-04-29,61900,62200,59300,60100,87986,-0.02593192868719607
2024-04-30,59500,60300,59500,59800,48554,-0.004991680532445919
2024-05-02,59600,60900,59600,60200,50417,0.006688963210702337
2024-05-03,60800,60900,59700,60200,30941,0.0
2024-05-07,60800,63200,60800,62500,57757,0.038205980066445155
2024-05-08,62900,63000,62000,63000,112663,0.008000000000000007
2024-05-09,63100,63200,61800,62700,69414,-0.004761904761904745
2024-05-10,63900,64000,61900,62300,41550,-0.006379585326953707
2024-05-13,62600,63000,61800,61800,30458,-0.008025682182985605
2024-05-14,61800,62500,61500,62000,29546,0.003236245954692629
2024-05-16,63800,63900,62500,62500,35431,0.008064516129032251
2024-05-17,62200,63500,62200,63100,14769,0.009600000000000053
2024-05-20,63900,63900,62300,62500,16251,-0.009508716323296307
2024-05-21,61600,62700,61600,62100,18884,-0.006399999999999961
2024-05-22,62000,63100,61700,62500,24528,0.006441223832528209
2024-05-23,62200,62900,62200,62500,20775,0.0
2024-05-24,62000,62400,61300,61900,37126,-0.009600000000000053
2024-05-27,61500,62400,60600,60900,52611,-0.016155088852988664
2024-05-28,60500,61700,60500,61300,36641,0.006568144499178974
2024-05-29,60100,61700,59100,61700,61062,0.006525285481239873
2024-05-30,61100,62900,60600,62400,42552,0.011345218800648205
2024-05-31,63000,63600,62500,63600,52050,0.019230769230769162
2024-06-03,63700,63700,62200,62800,49895,-0.012578616352201255
2024-06-04,61800,63000,61600,62300,47866,-0.0079617834394905
2024-06-05,62000,62400,61600,61700,16435,-0.009630818619582704
2024-06-07,61900,62500,61700,62000,21375,0.004862236628849326
2024-06-10,61100,61400,60000,60100,28309,-0.030645161290322576
2024-06-11,60100,60800,59900,60100,33090,0.0
2024-06-12,59500,60300,59000,59400,99709,-0.011647254575707144
2024-06-13,59300,60600,59200,59300,77433,-0.0016835016835017313
2024-06-14,58700,59300,57700,58200,74666,-0.018549747048903886
2024-06-17,57700,58400,57700,58300,23589,0.0017182130584192379
2024-06-18,58000,58100,57100,57100,96219,-0.020583190394511175
2024-06-19,57600,58900,57300,58700,61116,0.028021015761821255
2024-06-20,58900,59700,58300,59500,37035,0.013628620102214661
2024-06-21,59300,59500,57400,57600,40944,-0.031932773109243695
2024-06-24,57700,58000,56400,56800,51998,-0.01388888888888884
2024-06-25,57800,58600,57400,58200,33105,0.02464788732394374
2024-06-26,57600,58400,57000,57100,42011,-0.018900343642611728
2024-06-27,56700,57300,56400,56900,32722,-0.003502626970227629
2024-06-28,57100,58000,57100,58000,24376,0.019332161687170446
2024-07-01,58300,58900,57900,58700,14301,0.012068965517241459
2024-07-02,58000,58700,57700,58500,16583,-0.0034071550255536653
2024-07-03,58900,59500,58600,59500,20343,0.017094017094017033
2024-07-04,59500,60000,58900,60000,25685,0.008403361344537785
2024-07-05,60100,62000,59800,61900,49538,0.03166666666666673
2024-07-08,61200,62600,61100,61600,27386,-0.004846526655896577
2024-07-09,62400,62400,60400,60900,24878,-0.011363636363636354
2024-07-10,60400,60800,59500,59700,35141,-0.019704433497536922
2024-07-11,60200,60300,58900,60000,54941,0.005025125628140614
2024-07-12,60000,61100,60000,61000,27203,0.016666666666666607
2024-07-15,61200,61600,59900,59900,17115,-0.0180327868852459
2024-07-16,60400,60400,59400,59500,34876,-0.006677796327211993
2024-07-17,60300,60300,58800,59000,22797,-0.008403361344537785
2024-07-18,59500,59500,58000,58900,60225,-0.0016949152542372614
2024-07-19,58000,58500,56700,58200,28263,-0.011884550084889645
2024-07-22,58500,59000,58000,58500,68474,0.005154639175257714
2024-07-23,58000,58800,58000,58000,19044,-0.008547008547008517
2024-07-24,57600,58300,57500,57800,192089,-0.0034482758620689724
2024-07-25,58300,58700,57800,58500,25671,0.01211072664359869
2024-07-26,58200,58200,56500,57000,40441,-0.02564102564102566
2024-07-29,57300,57700,56700,56900,29768,-0.0017543859649122862
2024-07-30,56300,57000,56000,56300,69677,-0.010544815465729385
2024-07-31,56200,56600,55800,56300,28695,0.0
2024-08-01,56000,56800,56000,56400,41313,0.001776198934280604
2024-08-02,56400,56700,55900,56500,19272,0.0017730496453900457
2024-08-05,56300,56300,53000,54700,57622,-0.031858407079646045
2024-08-06,57100,57100,54200,54600,45096,-0.001828153564899404
2024-08-07,54100,55400,53700,54200,37191,-0.0073260073260073
2024-08-08,54000,55500,53900,55100,49518,0.016605166051660625
2024-08-09,55200,55700,54600,55000,19351,-0.001814882032667886
2024-08-12,55600,55900,55000,55900,10698,0.016363636363636358
2024-08-13,55300,56100,55300,55800,29208,-0.0017889087656529634
2024-08-14,55800,56300,55500,56300,33938,0.008960573476702427
2024-08-16,56900,57900,56400,57300,40561,0.017761989342806483
2024-08-19,57300,57800,56800,57300,22430,0.0
2024-08-20,57800,57800,56800,57000,23205,-0.005235602094240788
2024-08-21,57400,58500,57100,57700,26912,0.012280701754386003
2024-08-22,58200,58700,57700,58400,34074,0.0121317157712304
2024-08-23,58900,59000,57600,58400,35414,0.0
2024-08-26,58000,59200,57900,59000,32144,0.010273972602739656
2024-08-27,59000,59300,58400,58800,35599,-0.003389830508474523
2024-08-28,58900,58900,57800,58100,14596,-0.011904761904761862
2024-08-29,58600,59300,58300,58600,32262,0.008605851979345935
2024-08-30,59100,59300,58500,59300,22552,0.011945392491467643
2024-09-02,58900,59000,57500,57500,24255,-0.030354131534570006
2024-09-03,57900,58400,57500,58400,15596,0.01565217391304352
2024-09-04,58400,58400,56800,56900,26605,-0.025684931506849362
2024-09-05,57000,57900,56700,57700,26583,0.014059753954305698
2024-09-06,58200,59100,57700,58600,39065,0.015597920277296451
2024-09-09,57000,57600,56800,57200,20889,-0.023890784982935176
2024-09-10,57400,58000,56800,57200,16158,0.0
2024-09-11,57500,57500,56600,56900,10365,-0.005244755244755206
2024-09-12,57000,57500,56300,57200,73314,0.005272407732864748
2024-09-13,57600,58000,57000,58000,30561,0.013986013986013957
2024-09-19,59000,59300,57900,59000,43445,0.01724137931034475
2024-09-20,59300,59600,58400,59100,71558,0.0016949152542373724
2024-09-23,59500,60200,58500,59300,54917,0.0033840947546530664
2024-09-24,60200,60200,59300,60100,31216,0.013490725126475533
2024-09-25,60700,61800,59700,60100,65441,0.0
2024-09-26,60200,61200,60000,60600,40834,0.008319467554076532
2024-09-27,61000,61100,59400,59400,23052,-0.01980198019801982
2024-09-30,60400,60500,59100,59100,43934,-0.005050505050505083
2024-10-02,58500,59400,56500,56600,73172,-0.04230118443316411
2024-10-04,56800,57000,55300,56000,44297,-0.010600706713780883
2024-10-07,56600,58000,56500,57900,62537,0.03392857142857153
2024-10-08,57400,58000,56300,57200,38653,-0.012089810017271163
