Date,Open,High,Low,Close,Volume,Change
2022-01-03,2390,2420,2350,2410,997268,0.019027484143763207
2022-01-04,2425,2460,2350,2445,1489518,0.014522821576763434
2022-01-05,2435,2435,2340,2350,1121244,-0.03885480572597133
2022-01-06,2305,2345,2250,2255,764102,-0.04042553191489362
2022-01-07,2285,2345,2265,2300,530520,0.019955654101995624
2022-01-10,2275,2285,2205,2220,648030,-0.034782608695652195
2022-01-11,2225,2330,2165,2265,1068686,0.020270270270270174
2022-01-12,2310,2315,2260,2285,763146,0.008830022075055233
2022-01-13,2290,2390,2280,2375,1210861,0.03938730853391692
2022-01-14,2340,2390,2315,2370,1057717,-0.002105263157894721
2022-01-17,2390,2390,2280,2290,1032078,-0.03375527426160341
2022-01-18,2335,2400,2225,2235,1168087,-0.024017467248908297
2022-01-19,2155,2250,2150,2205,860862,-0.01342281879194629
2022-01-20,2205,2360,2180,2305,1093822,0.0453514739229024
2022-01-21,2270,2310,2210,2215,663531,-0.0390455531453362
2022-01-24,2260,2290,2205,2235,815847,0.009029345372460584
2022-01-25,2245,2280,2125,2170,791779,-0.029082774049216997
2022-01-26,2210,2215,2160,2170,345205,0.0
2022-01-27,2180,2200,1965,2070,670063,-0.04608294930875578
2022-01-28,2100,2140,2010,2125,428761,0.02657004830917864
2022-02-03,2185,2200,2135,2155,345279,0.014117647058823568
2022-02-04,2140,2165,2100,2140,288210,-0.00696055684454755
2022-02-07,2140,2140,2045,2080,591049,-0.028037383177570097
2022-02-08,2070,2100,2005,2035,935216,-0.02163461538461542
2022-02-09,2055,2055,2010,2040,275479,0.002457002457002533
2022-02-10,2055,2140,2015,2115,660915,0.03676470588235303
2022-02-11,2070,2140,2070,2100,536604,-0.007092198581560294
2022-02-14,2040,2085,1990,2005,305408,-0.04523809523809519
2022-02-15,2020,2120,1980,2070,389402,0.032418952618453956
2022-02-16,2110,2150,2090,2130,354483,0.02898550724637672
2022-02-17,2095,2145,2065,2090,307469,-0.018779342723004744
2022-02-18,2040,2110,2030,2090,206665,0.0
2022-02-21,2055,2150,2020,2100,337672,0.004784688995215225
2022-02-22,2040,2105,2035,2065,337742,-0.01666666666666672
2022-02-23,2070,2085,2045,2080,166981,0.007263922518159882
2022-02-24,2060,2080,2020,2020,347516,-0.028846153846153855
2022-02-25,2080,2080,2030,2035,121421,0.007425742574257432
2022-02-28,2040,2080,2040,2045,218896,0.004914004914004844
2022-03-02,2035,2105,2035,2060,204653,0.007334963325183352
2022-03-03,2070,2110,2065,2075,184485,0.00728155339805836
2022-03-04,2100,2105,2055,2085,226395,0.004819277108433662
2022-03-07,2055,2085,2010,2030,183835,-0.026378896882493952
2022-03-08,2020,2040,1985,2015,133145,-0.007389162561576401
2022-03-10,2035,2070,2030,2030,135660,0.007444168734491274
2022-03-11,2020,2050,2005,2040,220890,0.0049261083743843415
2022-03-14,2040,2040,2000,2010,260003,-0.014705882352941124
2022-03-15,2040,2045,2005,2020,108678,0.004975124378109541
2022-03-16,2045,2050,2010,2040,214056,0.00990099009900991
2022-03-17,2065,2105,2060,2070,287436,0.014705882352941124
2022-03-18,2075,2085,2020,2070,403141,0.0
2022-03-21,2075,2075,2025,2025,214557,-0.021739130434782594
2022-03-22,2035,2040,2015,2025,119002,0.0
2022-03-23,2035,2050,2020,2040,252528,0.007407407407407307
2022-03-24,2030,2040,2020,2025,162567,-0.007352941176470562
2022-03-25,2030,2050,2010,2035,201882,0.004938271604938205
2022-03-28,2050,2120,2020,2090,632558,0.027027027027026973
2022-03-29,2095,2120,2030,2055,659201,-0.01674641148325362
2022-03-30,2095,2245,2070,2225,2183556,0.08272506082725051
2022-03-31,2215,2275,2190,2270,1119525,0.020224719101123556
2022-04-01,2255,2255,2195,2210,643768,-0.026431718061673992
2022-04-04,2210,2235,2190,2235,292660,0.011312217194570096
2022-04-05,2220,2300,2215,2230,587090,-0.0022371364653244186
2022-04-06,2215,2250,2160,2190,665990,-0.017937219730941756
2022-04-07,2150,2200,2135,2190,308833,0.0
2022-04-08,2175,2245,2165,2230,393292,0.0182648401826484
2022-04-11,2210,2255,2175,2225,286313,-0.0022421524663677195
2022-04-12,2240,2240,2090,2135,645484,-0.04044943820224722
2022-04-13,2150,2190,2130,2150,373191,0.007025761124121788
2022-04-14,2175,2205,2150,2165,373845,0.006976744186046435
2022-04-15,2165,2180,2125,2135,381984,-0.01385681293302543
2022-04-18,2145,2190,2125,2125,350864,-0.004683840749414525
2022-04-19,2135,2215,2135,2200,505889,0.03529411764705892
2022-04-20,2200,2250,2160,2235,702836,0.015909090909090873
2022-04-21,2240,2300,2200,2255,1403757,0.008948545861297452
2022-04-22,2230,2275,2210,2230,468613,-0.011086474501108667
2022-04-25,2195,2310,2140,2205,1254644,-0.011210762331838597
2022-04-26,2200,2305,2200,2230,1102606,0.01133786848072571
2022-04-27,2160,2245,2150,2200,620455,-0.013452914798206317
2022-04-28,2210,2230,2160,2195,422478,-0.002272727272727315
2022-04-29,2190,2205,2175,2180,291033,-0.006833712984054663
2022-05-02,2155,2200,2150,2195,351334,0.006880733944954143
2022-05-03,2210,2250,2180,2250,337218,0.02505694760820054
2022-05-04,2365,2700,2275,2320,17465389,0.03111111111111109
2022-05-06,2290,2500,2255,2420,5595341,0.0431034482758621
2022-05-09,2460,2560,2375,2410,5778631,-0.004132231404958664
2022-05-10,2410,2415,2270,2380,2224590,-0.012448132780082943
2022-05-11,2380,2390,2310,2360,1046251,-0.008403361344537785
2022-05-12,2335,2355,2230,2255,1627333,-0.044491525423728806
2022-05-13,2295,2355,2265,2280,2336435,0.011086474501108556
2022-05-16,2330,2340,2245,2270,947901,-0.004385964912280715
2022-05-17,2215,2220,2095,2155,2080139,-0.0506607929515418
2022-05-18,2160,2255,2160,2190,885616,0.016241299303944245
2022-05-19,2115,2160,2105,2125,620110,-0.029680365296803624
2022-05-20,2150,2155,2105,2135,392334,0.004705882352941115
2022-05-23,2140,2225,2120,2190,371716,0.025761124121779888
2022-05-24,2190,2190,2100,2110,592809,-0.0365296803652968
2022-05-25,2115,2130,2075,2120,365265,0.004739336492890933
2022-05-26,2115,2140,2070,2100,467859,-0.009433962264150941
2022-05-27,2120,2120,2080,2090,291350,-0.004761904761904745
2022-05-30,2095,2110,2065,2085,350989,-0.0023923444976076125
2022-05-31,2090,2090,2035,2065,620666,-0.00959232613908878
2022-06-02,2060,2095,2045,2065,379022,0.0
2022-06-03,2070,2110,2060,2085,308510,0.009685230024213176
2022-06-07,2085,2085,2030,2035,419418,-0.023980815347721784
2022-06-08,2040,2050,2025,2025,266305,-0.004914004914004955
2022-06-09,2020,2045,1975,1995,508124,-0.014814814814814836
2022-06-10,1990,2005,1955,1985,398148,-0.005012531328320802
2022-06-13,1950,1960,1875,1880,424977,-0.052896725440806036
2022-06-14,1815,1900,1800,1865,455705,-0.007978723404255317
2022-06-15,1865,1890,1780,1800,300483,-0.034852546916890104
2022-06-16,1820,1865,1775,1775,268234,-0.01388888888888884
2022-06-17,1730,1800,1710,1765,313202,-0.005633802816901401
2022-06-20,1765,1785,1625,1630,681668,-0.07648725212464591
2022-06-21,1640,1700,1630,1655,220884,0.015337423312883347
2022-06-22,1695,1695,1580,1595,255332,-0.03625377643504535
2022-06-23,1575,1605,1450,1455,789749,-0.08777429467084641
2022-06-24,1435,1530,1435,1500,370094,0.030927835051546282
2022-06-27,1530,1600,1510,1550,340586,0.03333333333333344
2022-06-28,1580,1590,1520,1580,197509,0.019354838709677358
2022-06-29,1525,1740,1515,1630,1468416,0.03164556962025311
2022-06-30,1630,1645,1560,1575,313886,-0.033742331288343586
2022-07-01,1570,1600,1495,1510,675412,-0.041269841269841234
2022-07-04,1640,1640,1360,1455,1492596,-0.03642384105960261
2022-07-05,1455,1535,1450,1515,322815,0.04123711340206193
2022-07-06,1500,1525,1460,1470,444679,-0.02970297029702973
2022-07-07,1495,1535,1475,1530,216474,0.04081632653061229
2022-07-08,1545,1550,1500,1525,240559,-0.0032679738562091387
2022-07-11,1535,1560,1505,1550,182790,0.016393442622950838
2022-07-12,1515,1540,1460,1475,417578,-0.048387096774193505
2022-07-13,1490,1495,1430,1475,219685,0.0
2022-07-14,1460,1510,1450,1470,159399,-0.003389830508474523
2022-07-15,1475,1500,1420,1455,275284,-0.010204081632653073
2022-07-18,1485,1555,1475,1515,516657,0.04123711340206193
2022-07-19,1500,1530,1495,1525,167961,0.0066006600660066805
2022-07-20,1545,1560,1495,1515,360546,-0.006557377049180357
2022-07-21,1515,1560,1515,1555,267849,0.0264026402640265
2022-07-22,1560,1580,1545,1565,345600,0.006430868167202508
2022-07-25,1555,1560,1530,1540,189743,-0.015974440894568676
2022-07-26,1540,1540,1490,1515,314445,-0.016233766233766267
2022-07-27,1505,1525,1495,1525,134937,0.0066006600660066805
2022-07-28,1545,1635,1540,1570,1385439,0.029508196721311553
2022-07-29,1590,1595,1555,1560,190383,-0.006369426751592355
2022-08-01,1580,1585,1535,1550,249857,-0.0064102564102563875
2022-08-02,1560,1560,1505,1540,274501,-0.006451612903225823
2022-08-03,1540,1675,1510,1610,1691881,0.045454545454545414
2022-08-04,1645,1695,1600,1635,1870755,0.01552795031055898
2022-08-05,1620,1645,1595,1620,470274,-0.00917431192660545
2022-08-08,1695,1700,1610,1615,568428,-0.0030864197530864335
2022-08-09,1615,1635,1595,1610,315258,-0.003095975232198178
2022-08-10,1605,1605,1580,1590,264118,-0.012422360248447228
2022-08-11,1610,1625,1595,1600,301395,0.0062893081761006275
2022-08-12,1615,1730,1595,1635,2698739,0.02187500000000009
2022-08-16,1645,1655,1620,1630,456501,-0.003058103975535187
2022-08-17,1635,1635,1560,1560,592560,-0.042944785276073594
2022-08-18,1550,1580,1535,1570,154980,0.0064102564102563875
2022-08-19,1575,1590,1565,1570,178447,0.0
2022-08-22,1560,1565,1520,1520,186502,-0.031847133757961776
2022-08-23,1525,1525,1465,1485,312109,-0.023026315789473673
2022-08-24,1485,1515,1480,1505,174124,0.013468013468013407
2022-08-25,1515,1555,1510,1550,199729,0.029900332225913706
2022-08-26,1560,1650,1530,1535,747960,-0.009677419354838679
2022-08-29,1480,1505,1470,1490,252665,-0.02931596091205213
2022-08-30,1495,1515,1495,1515,104686,0.016778523489932917
2022-08-31,1490,1555,1485,1515,314785,0.0
2022-09-01,1500,1665,1495,1550,4276776,0.02310231023102305
2022-09-02,1555,1640,1545,1615,1783941,0.041935483870967794
2022-09-05,1630,1650,1500,1540,871823,-0.04643962848297212
2022-09-06,1550,1610,1535,1595,469789,0.03571428571428581
2022-09-07,1595,1595,1540,1555,383789,-0.025078369905956133
2022-09-08,1565,1610,1560,1570,355595,0.009646302250803762
2022-09-13,1600,1645,1595,1635,661343,0.04140127388535042
2022-09-14,1560,1590,1545,1570,419190,-0.03975535168195721
2022-09-15,1585,1585,1540,1550,303009,-0.01273885350318471
2022-09-16,1525,1545,1490,1490,354437,-0.03870967741935483
2022-09-19,1500,1505,1450,1450,282749,-0.02684563758389258
2022-09-20,1460,1490,1455,1485,130490,0.024137931034482696
2022-09-21,1470,1505,1460,1475,207277,-0.006734006734006703
2022-09-22,1440,1775,1410,1540,10059352,0.04406779661016946
2022-09-23,1560,1690,1525,1590,6174474,0.032467532467532534
2022-09-26,1600,1635,1445,1455,1965474,-0.08490566037735847
2022-09-27,1425,1460,1360,1385,973037,-0.04810996563573888
2022-09-28,1380,1505,1265,1290,1942885,-0.06859205776173283
2022-09-29,1300,1425,1275,1290,825641,0.0
2022-09-30,1250,1305,1250,1300,202472,0.007751937984496138
2022-10-04,1335,1355,1310,1355,217323,0.04230769230769238
2022-10-05,1365,1390,1310,1320,353350,-0.02583025830258301
2022-10-06,1305,1365,1305,1365,124470,0.03409090909090917
2022-10-07,1360,1370,1330,1350,169176,-0.01098901098901095
2022-10-11,1325,1325,1240,1255,343447,-0.07037037037037042
2022-10-12,1240,1265,1215,1230,173577,-0.019920318725099584
2022-10-13,1230,1245,1165,1165,249678,-0.05284552845528456
2022-10-14,1195,1340,1180,1250,2096009,0.07296137339055786
2022-10-17,1200,1275,1200,1265,213244,0.01200000000000001
2022-10-18,1275,1290,1250,1275,230895,0.007905138339920903
2022-10-19,1285,1285,1235,1260,208796,-0.0117647058823529
2022-10-20,1270,1270,1225,1230,165096,-0.023809523809523836
2022-10-21,1230,1240,1200,1205,178629,-0.020325203252032575
2022-10-24,1225,1260,1210,1235,308138,0.024896265560165887
2022-10-25,1255,1265,1220,1250,260943,0.012145748987854255
2022-10-26,1265,1265,1215,1215,234970,-0.028000000000000025
2022-10-27,1205,1245,1205,1225,147173,0.008230452674897082
2022-10-28,1245,1250,1185,1195,247498,-0.024489795918367308
2022-10-31,1200,1215,1185,1200,181944,0.004184100418409997
2022-11-01,1200,1270,1190,1225,288548,0.02083333333333326
2022-11-02,1225,1240,1200,1225,157590,0.0
2022-11-03,1200,1220,1190,1215,174339,-0.008163265306122436
2022-11-04,1200,1215,1185,1195,241236,-0.016460905349794275
2022-11-07,1195,1235,1195,1220,189838,0.02092050209205021
2022-11-08,1245,1270,1235,1255,372574,0.028688524590164022
2022-11-09,1270,1275,1250,1260,191261,0.003984063745019917
2022-11-10,1240,1255,1225,1255,236603,-0.003968253968253954
2022-11-11,1295,1305,1250,1295,620170,0.031872509960159334
2022-11-14,1295,1680,1275,1680,33775243,0.29729729729729737
2022-11-15,1830,1915,1690,1765,44597446,0.05059523809523814
2022-11-16,1775,1925,1685,1730,26470340,-0.019830028328611915
2022-11-17,1765,1820,1690,1805,12542195,0.043352601156069426
2022-11-18,1930,2115,1800,1800,54504516,-0.0027700831024930483
2022-11-21,1800,1920,1780,1885,14210426,0.047222222222222276
2022-11-22,1805,1835,1730,1745,4119212,-0.07427055702917773
2022-11-23,1800,1920,1765,1780,10993623,0.02005730659025784
2022-11-24,1805,1880,1765,1835,5473962,0.030898876404494402
2022-11-25,1810,1895,1800,1820,4647367,-0.008174386920980936
2022-11-28,1850,1880,1775,1795,3880641,-0.013736263736263687
2022-11-29,1755,1815,1710,1815,2181195,0.011142061281337101
2022-11-30,1800,1815,1735,1755,1673461,-0.03305785123966942
2022-12-01,1825,1825,1755,1775,1529963,0.01139601139601143
2022-12-02,1815,1995,1795,1795,15611293,0.011267605633802802
2022-12-05,1835,1975,1815,1965,20697510,0.0947075208913648
2022-12-06,1890,1925,1870,1900,3810674,-0.0330788804071247
2022-12-07,1870,1880,1775,1780,2856247,-0.06315789473684208
2022-12-08,1750,1810,1710,1805,2375431,0.014044943820224809
2022-12-09,1835,1960,1815,1940,17035250,0.07479224376731297
2022-12-12,2140,2175,1900,1910,32070184,-0.015463917525773141
2022-12-13,1925,1940,1800,1800,5299414,-0.05759162303664922
2022-12-14,1795,1940,1745,1905,11563791,0.05833333333333335
2022-12-15,1895,1960,1865,1915,5770247,0.005249343832020914
2022-12-16,1865,2050,1860,1980,18913245,0.03394255874673635
2022-12-19,1950,1955,1800,1845,5575627,-0.06818181818181823
2022-12-20,1840,1845,1710,1720,3868855,-0.0677506775067751
2022-12-21,1725,1770,1565,1585,5690934,-0.07848837209302328
2022-12-22,1590,1630,1555,1565,2308099,-0.012618296529968487
2022-12-23,1535,1605,1495,1500,2892901,-0.04153354632587858
2022-12-26,1500,1515,1445,1470,1656011,-0.020000000000000018
2022-12-27,1450,1490,1440,1465,1275481,-0.003401360544217691
2022-12-28,1445,1510,1445,1485,1035813,0.013651877133105783
2022-12-29,1475,1485,1385,1400,1367052,-0.0572390572390572
2023-01-02,1410,1430,1390,1395,767542,-0.0035714285714285587
2023-01-03,1375,1435,1355,1425,1037256,0.021505376344086002
2023-01-04,1405,1470,1395,1450,959220,0.01754385964912286
2023-01-05,1460,1485,1410,1415,1602296,-0.024137931034482807
2023-01-06,1410,1445,1395,1410,667018,-0.0035335689045936647
2023-01-09,1425,1485,1425,1465,1472951,0.03900709219858145
2023-01-10,1450,1510,1450,1465,856402,0.0
2023-01-11,1530,1670,1510,1600,11339151,0.0921501706484642
2023-01-12,1610,1705,1565,1575,9274841,-0.015625
2023-01-13,1595,1665,1595,1605,3736423,0.01904761904761898
2023-01-16,1615,1630,1580,1620,1575224,0.009345794392523255
2023-01-17,1600,1615,1555,1555,1210660,-0.04012345679012341
2023-01-18,1565,1580,1535,1540,844159,-0.009646302250803873
2023-01-19,1525,1560,1505,1560,768759,0.01298701298701288
2023-01-20,1545,1995,1545,1935,100819570,0.24038461538461542
2023-01-25,1936,1939,1864,1933,16817866,-0.001033591731266159
2023-01-26,2200,2255,1993,2025,50503262,0.04759441282979826
2023-01-27,2025,2080,2005,2010,11515269,-0.007407407407407418
2023-01-30,2100,2190,2030,2050,27694064,0.01990049751243772
2023-01-31,2015,2170,1989,2145,14184688,0.04634146341463419
2023-02-01,2080,2095,2010,2045,6041914,-0.046620046620046596
2023-02-02,2035,2085,2015,2045,4184706,0.0
2023-02-03,2040,2060,1985,2025,4159465,-0.009779951100244544
2023-02-06,1998,2015,1911,1911,4269904,-0.05629629629629629
2023-02-07,1915,1920,1836,1850,4134673,-0.03192046049188901
2023-02-08,1856,1887,1820,1840,3710080,-0.00540540540540535
2023-02-09,1885,2115,1883,1990,35186190,0.08152173913043481
2023-02-10,1963,1974,1863,1863,4882968,-0.06381909547738696
2023-02-13,1878,1878,1799,1816,2141642,-0.02522812667740204
2023-02-14,1819,1845,1788,1794,1952980,-0.01211453744493396
2023-02-15,1800,1815,1741,1744,1575016,-0.027870680044593144
2023-02-16,1759,1807,1746,1792,1241326,0.02752293577981657
2023-02-17,1800,1800,1714,1730,1512599,-0.0345982142857143
2023-02-20,1750,1845,1699,1819,3883760,0.051445086705202314
2023-02-21,1799,1805,1771,1777,1259898,-0.023089609675645995
2023-02-22,1742,1760,1705,1705,1162000,-0.04051772650534613
2023-02-23,1721,1830,1712,1740,3129804,0.02052785923753664
2023-02-24,1783,1789,1707,1727,1305177,-0.007471264367816088
2023-02-27,1735,1778,1721,1737,721238,0.0057903879559930704
2023-02-28,1742,1820,1742,1748,2170876,0.0063327576280944875
2023-03-02,1769,1808,1754,1784,1677579,0.020594965675057253
2023-03-03,1782,1784,1760,1770,1083702,-0.007847533632286963
2023-03-06,1790,1838,1778,1826,2376394,0.031638418079096065
2023-03-07,1831,1841,1792,1827,1469175,0.0005476451259582849
2023-03-08,1801,1807,1771,1777,1092662,-0.027367268746579132
2023-03-09,1765,1779,1701,1704,1237054,-0.04108047270680926
2023-03-10,1661,1701,1638,1656,908370,-0.028169014084507005
2023-03-13,1626,1647,1592,1630,1112157,-0.0157004830917874
2023-03-14,1606,1623,1540,1540,1193855,-0.05521472392638038
2023-03-15,1570,1619,1570,1616,827832,0.049350649350649256
2023-03-16,1599,1605,1545,1580,656500,-0.022277227722772297
2023-03-17,1609,1674,1609,1655,1119843,0.04746835443037978
2023-03-20,1655,1690,1610,1665,580843,0.0060422960725075026
2023-03-21,1665,1680,1615,1620,723452,-0.027027027027026973
2023-03-22,1649,1668,1620,1630,527872,0.006172839506172867
2023-03-23,1629,1653,1562,1596,840974,-0.020858895705521463
2023-03-24,1646,1809,1621,1794,7704837,0.12406015037593976
2023-03-27,1850,1861,1810,1850,5363664,0.031215161649944312
2023-03-28,1871,2030,1832,1943,11368673,0.0502702702702702
2023-03-29,1943,1945,1880,1898,2549555,-0.02316006176016472
2023-03-30,1911,1968,1905,1924,3203329,0.013698630136986356
2023-03-31,2020,2195,1923,1954,23666142,0.015592515592515621
2023-04-03,1973,1973,1868,1915,3424100,-0.019959058341862845
2023-04-04,1886,1946,1843,1857,2700372,-0.030287206266318534
2023-04-05,1945,2095,1902,1926,11515780,0.037156704361873905
2023-04-06,1917,1917,1847,1850,2712101,-0.039460020768432025
2023-04-07,1855,1888,1812,1822,1927094,-0.015135135135135092
2023-04-10,1787,1810,1750,1773,2054679,-0.026893523600439062
2023-04-11,1779,1793,1738,1787,1412947,0.007896221094190636
2023-04-12,1789,1875,1741,1805,2686331,0.010072747621712397
2023-04-13,1812,1915,1750,1888,5327076,0.04598337950138509
2023-04-14,1943,1984,1901,1923,6796579,0.018538135593220373
2023-04-17,1903,1908,1829,1831,2339801,-0.04784191367654711
2023-04-18,1825,1830,1768,1774,1636897,-0.031130529765155623
2023-04-19,1785,1813,1780,1780,872277,0.0033821871476888976
2023-04-20,1775,1775,1700,1705,1465353,-0.042134831460674205
2023-04-21,1705,1830,1705,1809,3765796,0.06099706744868039
2023-04-24,1807,1807,1736,1740,990970,-0.03814262023217252
2023-04-25,1740,1740,1674,1702,1216053,-0.02183908045977012
2023-04-26,1680,1715,1657,1665,708701,-0.021739130434782594
2023-04-27,1665,1677,1624,1649,824486,-0.00960960960960966
2023-04-28,1662,1688,1601,1607,926706,-0.025469981807155873
2023-05-02,1608,1648,1605,1610,481800,0.0018668326073427721
2023-05-03,1600,1628,1589,1591,695277,-0.011801242236024856
2023-05-04,1588,1605,1546,1562,869861,-0.018227529855436853
2023-05-08,1566,1610,1566,1580,498443,0.011523687580025532
2023-05-09,1568,1587,1536,1541,552939,-0.02468354430379749
2023-05-10,1538,1829,1506,1745,10731408,0.13238157040882537
2023-05-11,1665,1719,1618,1621,2622306,-0.07106017191977076
2023-05-12,1670,1722,1622,1631,2927841,0.0061690314620603814
2023-05-15,1612,1629,1567,1575,1043004,-0.03433476394849788
2023-05-16,1569,1596,1540,1542,689658,-0.020952380952380945
2023-05-17,1542,1566,1535,1549,355809,0.004539559014267169
2023-05-18,1556,1603,1556,1594,974846,0.02905100064557775
2023-05-19,1603,1687,1596,1645,2038210,0.0319949811794229
2023-05-22,1681,1760,1659,1691,5193555,0.027963525835866365
2023-05-23,1681,1746,1670,1730,1764264,0.0230632761679479
2023-05-24,1762,1764,1715,1730,1867906,0.0
2023-05-25,1714,1772,1711,1748,1846714,0.010404624277456698
2023-05-26,1750,1754,1710,1710,969579,-0.021739130434782594
2023-05-30,1700,1721,1682,1690,684744,-0.011695906432748537
2023-05-31,1690,1730,1668,1692,547426,0.0011834319526626835
2023-06-01,1677,1866,1676,1748,9377267,0.03309692671394804
2023-06-02,1735,1745,1711,1725,1598414,-0.013157894736842146
2023-06-05,1770,1810,1718,1730,3673887,0.0028985507246377384
2023-06-07,1731,1880,1730,1782,23105852,0.03005780346820819
2023-06-08,1786,1814,1741,1767,3120519,-0.008417508417508435
2023-06-09,1783,1794,1760,1766,1862770,-0.0005659309564233217
2023-06-12,1795,1804,1754,1758,1659894,-0.0045300113250282825
2023-06-13,1762,1780,1747,1760,1511112,0.0011376564277587597
2023-06-14,1783,1784,1714,1719,2569969,-0.023295454545454564
2023-06-15,1718,1745,1679,1683,1187176,-0.020942408376963373
2023-06-16,1684,1726,1669,1669,857276,-0.008318478906714222
2023-06-19,1670,1689,1650,1664,637108,-0.0029958058717795
2023-06-20,1660,1675,1629,1634,865939,-0.018028846153846145
2023-06-21,1628,1681,1622,1623,928277,-0.006731946144430845
2023-06-22,1609,1714,1609,1623,1216042,0.0
2023-06-23,1621,1654,1621,1628,433836,0.0030807147258162804
2023-06-26,1610,1632,1605,1623,541785,-0.0030712530712531105
2023-06-27,1788,2030,1728,1978,105940430,0.21873074553296368
2023-06-28,1957,2060,1891,1892,29646585,-0.04347826086956519
2023-06-29,1910,1911,1807,1830,9329922,-0.03276955602537002
2023-06-30,1836,1845,1744,1772,10998831,-0.031693989071038264
2023-07-03,1772,1798,1761,1784,3474651,0.006772009029345272
2023-07-04,1778,1804,1751,1789,3761836,0.002802690582959677
2023-07-05,1781,1836,1750,1764,4124646,-0.013974287311347089
2023-07-06,1766,1779,1697,1724,4379616,-0.0226757369614512
2023-07-07,1742,1778,1661,1674,7202555,-0.029002320185614883
2023-07-10,1662,1677,1633,1648,1438025,-0.015531660692950977
2023-07-11,1645,1790,1645,1708,6718083,0.03640776699029136
2023-07-12,1709,1710,1671,1672,1242317,-0.021077283372365363
2023-07-13,1680,1720,1675,1693,2323452,0.012559808612440104
2023-07-14,1693,1723,1683,1709,1509269,0.00945067926757237
2023-07-17,1710,1760,1687,1747,2336719,0.022235225277940307
2023-07-18,1747,1747,1676,1679,2179757,-0.03892386949055526
2023-07-19,1673,1685,1641,1648,1266119,-0.01846337105419893
2023-07-20,1652,1673,1621,1646,1530688,-0.0012135922330097637
2023-07-21,1631,1642,1618,1618,923192,-0.017010935601458055
2023-07-24,1617,1624,1555,1565,1490550,-0.032756489493201535
2023-07-25,1548,1580,1528,1530,1399393,-0.022364217252396124
2023-07-26,1509,1519,1384,1393,3095495,-0.08954248366013073
2023-07-27,1386,1451,1386,1425,1134991,0.022972002871500363
2023-07-28,1420,1514,1420,1471,800738,0.03228070175438602
2023-07-31,1471,1494,1465,1487,488941,0.010876954452753163
2023-08-01,1475,1514,1475,1490,694144,0.0020174848688634395
2023-08-02,1490,1512,1475,1476,770089,-0.00939597315436247
2023-08-03,1464,1474,1421,1445,849616,-0.021002710027100302
2023-08-04,1435,1465,1422,1439,415759,-0.0041522491349480495
2023-08-07,1439,1464,1425,1447,487609,0.005559416261292638
2023-08-08,1446,1459,1403,1406,568698,-0.028334485141672472
2023-08-09,1401,1610,1401,1458,8451940,0.0369843527738265
2023-08-10,1458,1471,1439,1459,980593,0.000685871056241405
2023-08-11,1453,1498,1453,1475,848615,0.010966415352981596
2023-08-14,1475,1475,1425,1431,659035,-0.029830508474576245
2023-08-16,1429,1430,1397,1397,659299,-0.02375960866526905
2023-08-17,1374,1586,1370,1428,4176510,0.022190408017179752
2023-08-18,1410,1466,1399,1437,1019307,0.006302521008403339
2023-08-21,1420,1459,1420,1437,386155,0.0
2023-08-22,1427,1440,1417,1417,489612,-0.01391788448155884
2023-08-23,1418,1485,1415,1457,1413479,0.028228652081863093
2023-08-24,1479,1559,1455,1490,2188136,0.02264927934111194
2023-08-25,1478,1489,1452,1453,504831,-0.02483221476510067
2023-08-28,1453,1468,1443,1455,359900,0.0013764624913970014
2023-08-29,1455,1498,1453,1473,599064,0.012371134020618513
2023-08-30,1485,1519,1478,1506,787114,0.022403258655804503
2023-08-31,1522,1537,1487,1487,788351,-0.012616201859229736
2023-09-01,1483,1530,1482,1504,796482,0.01143241425689312
2023-09-04,1501,1510,1468,1469,535896,-0.023271276595744683
2023-09-05,1472,1505,1471,1471,322351,0.001361470388019148
2023-09-06,1475,1480,1438,1438,450231,-0.022433718558803495
2023-09-07,1436,1448,1415,1415,530168,-0.01599443671766343
2023-09-08,1413,1472,1403,1410,605661,-0.0035335689045936647
2023-09-11,1410,1419,1396,1396,402154,-0.009929078014184411
2023-09-12,1396,1423,1390,1391,422210,-0.003581661891117527
2023-09-13,1395,1568,1355,1420,14407097,0.02084831056793668
2023-09-14,1420,1775,1395,1612,93078567,0.13521126760563384
2023-09-15,1587,1738,1581,1607,55878501,-0.0031017369727046606
2023-09-18,1584,1589,1498,1513,6989869,-0.05849408836341008
2023-09-19,1508,1690,1481,1603,37106632,0.059484467944481256
2023-09-20,1580,1635,1517,1546,6664231,-0.03555832813474735
2023-09-21,1550,1590,1448,1448,3619547,-0.06338939197930138
2023-09-22,1447,1496,1413,1417,2492127,-0.02140883977900554
2023-09-25,1413,1455,1370,1370,1780171,-0.03316866619618908
2023-09-26,1376,1407,1346,1346,1349205,-0.017518248175182438
2023-09-27,1309,1411,1308,1336,956818,-0.007429420505200568
2023-10-04,1304,1336,1200,1239,1396833,-0.07260479041916168
2023-10-05,1240,1280,1205,1205,1240544,-0.027441485068603666
2023-10-06,1191,1256,1191,1248,1107435,0.03568464730290466
2023-10-10,1250,1285,1227,1230,763622,-0.014423076923076872
2023-10-11,1260,1329,1260,1291,1540572,0.04959349593495932
2023-10-12,1285,1321,1285,1299,617238,0.006196746707978207
2023-10-13,1311,1314,1260,1269,672459,-0.023094688221709014
2023-10-16,1260,1261,1205,1219,836957,-0.03940110323089041
2023-10-17,1230,1322,1230,1270,1746548,0.041837571780147575
2023-10-18,1283,1300,1234,1241,777131,-0.022834645669291387
2023-10-19,1260,1433,1255,1281,13639696,0.03223207091055591
2023-10-20,1281,1387,1280,1291,11377173,0.0078064012490242085
2023-10-23,1283,1283,1215,1222,1832011,-0.05344694035631292
2023-10-24,1222,1254,1195,1242,1328110,0.016366612111292866
2023-10-25,1260,1350,1248,1319,4909096,0.06199677938808379
2023-10-26,1274,1274,1212,1250,2293250,-0.05231235784685373
2023-10-27,1246,1252,1214,1218,868366,-0.025599999999999956
2023-10-30,1210,1245,1210,1217,534586,-0.0008210180623974273
2023-10-31,1226,1236,1198,1199,734730,-0.014790468364831555
2023-11-01,1223,1294,1204,1235,2455383,0.030025020850708906
2023-11-02,1242,1295,1242,1272,1826853,0.02995951417004039
2023-11-03,1276,1286,1262,1280,920633,0.0062893081761006275
2023-11-06,1290,1292,1232,1284,989279,0.0031250000000000444
2023-11-07,1277,1287,1240,1256,797296,-0.02180685358255452
2023-11-08,1257,1279,1232,1234,655542,-0.017515923566879033
2023-11-09,1234,1251,1229,1235,475940,0.0008103727714747766
2023-11-10,1227,1227,1198,1211,572161,-0.019433198380566785
2023-11-13,1212,1272,1201,1226,2250657,0.012386457473162693
2023-11-14,1208,1258,1206,1242,797627,0.013050570962479524
2023-11-15,1243,1265,1243,1247,580983,0.004025764895330131
2023-11-16,1255,1258,1244,1256,445578,0.0072173215717723505
2023-11-17,1249,1259,1216,1222,576301,-0.027070063694267565
2023-11-20,1224,1329,1217,1258,3440816,0.029459901800327426
2023-11-21,1259,1283,1258,1258,732690,0.0
2023-11-22,1270,1372,1243,1261,4968488,0.0023847376788552754
2023-11-23,1261,1279,1248,1251,838694,-0.007930214115781098
2023-11-24,1263,1270,1247,1248,512631,-0.0023980815347721673
2023-11-27,1245,1297,1240,1253,1217339,0.004006410256410353
2023-11-28,1269,1279,1251,1266,716464,0.010375099760574713
2023-11-29,1258,1270,1251,1251,540215,-0.011848341232227444
2023-11-30,1263,1268,1252,1255,286072,0.003197442046362964
2023-12-01,1255,1265,1250,1254,487648,-0.0007968127490040056
2023-12-04,1254,1255,1224,1227,532090,-0.021531100478468845
2023-12-05,1227,1273,1212,1217,1140963,-0.008149959250203787
2023-12-06,1218,1236,1217,1232,304487,0.012325390304026351
2023-12-07,1232,1235,1218,1218,348846,-0.011363636363636354
2023-12-08,1220,1234,1218,1225,231070,0.005747126436781658
2023-12-11,1223,1256,1223,1231,553049,0.004897959183673528
2023-12-12,1232,1250,1225,1241,434081,0.008123476848090894
2023-12-13,1242,1255,1230,1237,376574,-0.003223207091055613
2023-12-14,1240,1257,1231,1234,624260,-0.0024252223120452276
2023-12-15,1249,1249,1220,1222,654763,-0.00972447325769854
2023-12-18,1223,1247,1215,1236,405241,0.011456628477905184
2023-12-19,1230,1244,1226,1226,289468,-0.008090614886731351
2023-12-20,1227,1236,1220,1221,431028,-0.004078303425774865
2023-12-21,1216,1230,1210,1212,441735,-0.0073710073710073765
2023-12-22,1212,1346,1204,1229,10799471,0.014026402640264113
2023-12-26,1229,1235,1211,1212,996901,-0.013832384052074875
2023-12-27,1206,1219,1206,1210,442873,-0.0016501650165016146
2023-12-28,1210,1215,1206,1210,329303,0.0
2024-01-02,1211,1229,1211,1224,343710,0.011570247933884392
2024-01-03,1235,1236,1212,1228,563327,0.0032679738562091387
2024-01-04,1230,1235,1222,1230,365695,0.0016286644951140072
2024-01-05,1223,1236,1222,1231,498634,0.0008130081300812275
2024-01-08,1230,1248,1228,1235,661896,0.0032493907392363575
2024-01-09,1235,1278,1234,1257,1166292,0.017813765182186136
2024-01-10,1260,1465,1244,1400,32878933,0.11376292760540974
2024-01-11,1361,1543,1357,1394,32637981,-0.004285714285714337
2024-01-12,1410,1430,1330,1356,4114038,-0.027259684361549463
2024-01-15,1347,1469,1310,1391,12541861,0.02581120943952797
2024-01-16,1391,1420,1339,1355,4501512,-0.025880661394680038
2024-01-17,1343,1357,1276,1279,2544083,-0.056088560885608874
2024-01-18,1280,1322,1273,1295,1325726,0.012509773260359625
2024-01-19,1306,1353,1306,1327,1261467,0.024710424710424617
2024-01-22,1331,1367,1326,1343,1156266,0.012057272042200529
2024-01-23,1343,1345,1309,1316,820418,-0.02010424422933732
2024-01-24,1325,1340,1277,1303,811332,-0.009878419452887588
2024-01-25,1307,1308,1256,1283,776588,-0.01534919416730618
2024-01-26,1283,1342,1280,1333,1498427,0.03897116134060785
2024-01-29,1334,1338,1286,1297,945071,-0.027006751687921993
2024-01-30,1302,1314,1270,1277,811850,-0.01542020046260606
2024-01-31,1277,1280,1230,1237,917390,-0.03132341425215346
2024-02-01,1230,1253,1222,1238,475341,0.0008084074373484462
2024-02-02,1235,1275,1235,1247,451389,0.007269789983844976
2024-02-05,1248,1259,1224,1234,462295,-0.010425020048115519
2024-02-06,1228,1245,1213,1234,657569,0.0
2024-02-07,1247,1250,1219,1222,442460,-0.00972447325769854
2024-02-08,1222,1240,1222,1227,339140,0.004091653027823217
2024-02-13,1228,1319,1225,1261,1680152,0.027709861450692763
2024-02-14,1305,1307,1260,1277,1236118,0.012688342585249757
2024-02-15,1270,1287,1261,1265,571170,-0.009397024275646038
2024-02-16,1264,1270,1236,1247,552251,-0.014229249011857736
2024-02-19,1247,1279,1240,1272,705640,0.020048115477145245
2024-02-20,1272,1278,1251,1257,416300,-0.011792452830188704
2024-02-21,1265,1341,1250,1290,4790025,0.026252983293556076
2024-02-22,1280,1313,1267,1311,1328332,0.016279069767441756
2024-02-23,1320,1344,1285,1286,1141922,-0.019069412662090057
2024-02-26,1286,1455,1274,1371,26985931,0.06609642301710728
2024-02-27,1350,1359,1285,1285,3495641,-0.06272793581327496
2024-02-28,1266,1293,1245,1247,1550840,-0.02957198443579767
2024-02-29,1236,1290,1231,1236,1286556,-0.008821170809943824
2024-03-04,1236,1255,1234,1235,633390,-0.0008090614886731018
2024-03-05,1231,1244,1216,1223,778224,-0.009716599190283448
2024-03-06,1212,1235,1212,1222,361766,-0.0008176614881438837
2024-03-07,1230,1235,1214,1219,409970,-0.002454991816693952
2024-03-08,1226,1230,1212,1213,404592,-0.004922067268252617
2024-03-11,1217,1218,1207,1210,301219,-0.002473206924979432
2024-03-12,1210,1220,1206,1209,335468,-0.0008264462809917106
2024-03-13,1215,1230,1210,1219,466644,0.008271298593879317
2024-03-14,1225,1278,1210,1223,1238148,0.003281378178835004
2024-03-15,1223,1229,1213,1217,316265,-0.004905968928863413
2024-03-18,1217,1224,1212,1212,319315,-0.004108463434675413
2024-03-19,1210,1212,852,852,3252225,-0.29702970297029707
2024-03-20,900,1025,900,965,9020792,0.13262910798122074
2024-03-21,960,1040,960,991,2408639,0.02694300518134707
2024-03-22,1040,1041,997,1007,1038136,0.016145307769929396
2024-03-25,1005,1005,959,967,794016,-0.03972194637537241
2024-03-26,967,967,941,953,565088,-0.014477766287487093
2024-03-27,953,981,928,981,708035,0.029380902413431276
2024-03-28,981,981,951,959,398353,-0.022426095820591185
2024-03-29,964,968,951,956,305455,-0.0031282586027111536
2024-04-01,956,972,948,954,240860,-0.0020920502092049986
2024-04-02,958,959,911,921,514311,-0.03459119496855345
2024-04-03,913,918,890,906,328228,-0.016286644951140072
2024-04-04,901,913,869,873,666003,-0.03642384105960261
2024-04-05,872,881,854,858,417767,-0.01718213058419249
2024-04-08,874,874,827,827,497656,-0.036130536130536184
2024-04-09,828,852,825,829,323664,0.002418379685610539
2024-04-11,820,837,812,826,253686,-0.003618817852834688
2024-04-12,826,829,753,792,812881,-0.041162227602905554
2024-04-15,780,785,759,778,403448,-0.017676767676767624
2024-04-16,760,770,750,752,487264,-0.033419023136246784
2024-04-17,751,780,751,766,257747,0.018617021276595702
2024-04-18,759,834,757,786,1804913,0.02610966057441244
2024-04-19,782,782,745,757,553117,-0.03689567430025442
2024-04-22,747,762,740,755,275212,-0.0026420079260237594
2024-04-23,741,755,737,745,297002,-0.013245033112582738
2024-04-24,745,768,745,763,246832,0.024161073825503365
2024-04-25,761,813,760,784,615838,0.02752293577981657
2024-04-26,784,799,777,778,175215,-0.007653061224489832
2024-04-29,777,818,777,805,339114,0.03470437017994854
2024-04-30,810,875,803,857,882228,0.06459627329192541
2024-05-02,857,858,832,841,287586,-0.018669778296382722
2024-05-03,842,859,835,851,181902,0.01189060642092743
2024-05-07,851,860,826,828,301698,-0.027027027027026973
2024-05-08,826,845,825,832,131252,0.004830917874396157
2024-05-09,832,887,826,850,501553,0.02163461538461542
2024-05-10,887,904,854,902,881403,0.06117647058823539
2024-05-13,908,922,896,922,475904,0.022172949002217335
2024-05-14,925,925,908,916,308061,-0.006507592190889366
2024-05-16,912,938,908,913,342646,-0.0032751091703057122
2024-05-17,913,924,908,913,158980,0.0
2024-05-20,905,913,877,877,394451,-0.03943044906900328
2024-05-21,919,925,877,880,342402,0.003420752565564511
2024-05-22,880,903,859,859,291726,-0.02386363636363631
2024-05-23,859,865,834,845,131706,-0.016298020954598424
2024-05-24,835,855,835,848,78274,0.0035502958579882726
2024-05-27,840,860,810,826,255609,-0.02594339622641506
2024-05-28,826,875,818,873,299380,0.056900726392251855
2024-05-29,860,860,830,830,266024,-0.049255441008018375
2024-05-30,830,833,800,810,152029,-0.02409638554216864
2024-05-31,805,821,803,811,92562,0.0012345679012346622
2024-06-03,811,820,803,804,127047,-0.008631319358816225
2024-06-04,804,809,796,797,177898,-0.008706467661691586
2024-06-05,799,805,793,797,132610,0.0
2024-06-07,803,819,801,807,151216,0.012547051442910906
2024-06-10,804,810,789,798,174381,-0.01115241635687736
2024-06-11,791,799,785,786,152941,-0.015037593984962405
2024-06-12,784,797,783,783,109565,-0.003816793893129722
2024-06-13,783,793,771,771,224645,-0.01532567049808431
2024-06-14,771,773,747,763,358544,-0.01037613488975353
2024-06-17,772,772,752,760,144273,-0.003931847968545177
2024-06-18,760,760,740,747,205393,-0.017105263157894735
2024-06-19,747,749,735,737,211127,-0.01338688085676043
2024-06-20,735,745,728,745,212488,0.01085481682496603
2024-06-21,745,758,728,737,142015,-0.010738255033557076
2024-06-24,737,739,710,710,324045,-0.03663500678426057
2024-06-25,710,740,708,720,256497,0.014084507042253502
2024-06-26,720,721,710,712,100796,-0.011111111111111072
2024-06-27,710,924,710,883,21107135,0.2401685393258426
2024-06-28,882,931,824,827,5595854,-0.0634201585503964
2024-07-01,827,862,793,793,1798247,-0.04111245465538094
2024-07-02,786,803,758,791,875032,-0.0025220680958385477
2024-07-03,774,795,739,746,848506,-0.05689001264222504
2024-07-04,746,849,741,773,4863312,0.036193029490616535
2024-07-05,773,835,755,792,2339326,0.024579560155239433
2024-07-08,809,940,791,859,11077731,0.08459595959595956
2024-07-09,853,862,823,832,1309445,-0.03143189755529685
2024-07-10,833,838,803,814,669111,-0.02163461538461542
2024-07-11,810,846,807,813,810179,-0.0012285012285012664
2024-07-12,807,818,800,810,239162,-0.0036900369003689537
2024-07-15,800,842,800,834,655803,0.029629629629629672
2024-07-16,840,840,804,820,357377,-0.016786570743405282
2024-07-17,820,830,808,813,230687,-0.008536585365853666
2024-07-18,813,813,782,790,414117,-0.028290282902828978
2024-07-19,790,806,784,798,133931,0.010126582278481067
2024-07-22,790,795,774,789,305207,-0.011278195488721776
2024-07-23,766,792,766,770,333073,-0.02408111533586821
2024-07-24,765,880,765,793,2352794,0.029870129870129825
2024-07-25,767,799,767,781,455714,-0.015132408575031508
2024-07-26,771,794,768,790,255548,0.011523687580025532
2024-07-29,785,795,781,784,160458,-0.0075949367088608
2024-07-30,784,793,760,760,289273,-0.030612244897959218
2024-07-31,762,783,759,767,195430,0.009210526315789558
2024-08-01,773,790,772,779,139268,0.015645371577575062
2024-08-02,775,775,741,741,291312,-0.04878048780487809
2024-08-05,741,750,631,650,956970,-0.1228070175438597
2024-08-06,624,689,624,672,418602,0.03384615384615386
2024-08-07,661,692,661,672,124582,0.0
2024-08-08,669,684,667,668,181330,-0.005952380952380931
2024-08-09,674,690,674,683,112606,0.022455089820359264
2024-08-12,684,703,684,701,81302,0.026354319180087904
2024-08-13,712,712,685,689,176159,-0.01711840228245365
2024-08-14,690,703,690,700,142785,0.0159651669085632
2024-08-16,706,712,700,708,140790,0.011428571428571344
2024-08-19,701,713,694,696,111457,-0.016949152542372836
2024-08-20,696,711,695,709,110833,0.018678160919540332
2024-08-21,712,713,705,710,80144,0.0014104372355430161
2024-08-22,710,749,710,720,302431,0.014084507042253502
2024-08-23,718,728,701,709,177857,-0.015277777777777724
2024-08-26,727,727,704,705,112364,-0.005641748942172065
2024-08-27,705,710,685,704,172708,-0.0014184397163120588
2024-08-28,700,720,693,708,211518,0.005681818181818121
2024-08-29,706,769,704,717,592627,0.012711864406779627
2024-08-30,739,780,730,735,633103,0.025104602510460206
2024-09-02,735,742,717,742,246798,0.00952380952380949
2024-09-03,778,855,743,751,2617621,0.0121293800539084
2024-09-04,736,738,717,723,215739,-0.03728362183754996
2024-09-05,724,739,718,718,182414,-0.006915629322268302
2024-09-06,708,720,678,692,342862,-0.03621169916434541
2024-09-09,692,695,668,687,90912,-0.007225433526011571
2024-09-10,695,700,681,682,64165,-0.00727802037845704
2024-09-11,673,691,670,670,223603,-0.017595307917888547
2024-09-12,675,707,675,695,135356,0.03731343283582089
2024-09-13,695,703,686,692,65455,-0.004316546762589968
2024-09-19,699,700,677,695,80005,0.004335260115607031
2024-09-20,700,850,695,729,9176344,0.048920863309352525
2024-09-23,735,782,707,717,1707691,-0.016460905349794275
2024-09-24,723,739,713,733,436841,0.02231520223152028
2024-09-25,733,764,733,750,402886,0.023192360163710735
2024-09-26,750,778,749,762,271277,0.016000000000000014
2024-09-27,770,776,750,763,122574,0.001312335958005173
2024-09-30,758,769,753,757,138714,-0.007863695937090465
2024-10-02,757,760,730,731,201462,-0.034346103038309095
2024-10-04,723,746,723,734,86007,0.004103967168262557
2024-10-07,727,748,727,740,47301,0.008174386920980936
2024-10-08,730,750,730,741,53469,0.0013513513513514486
