Date,Open,High,Low,Close,Volume,Change
2022-01-03,2100,2100,2030,2100,2467,0.0
2022-01-04,2125,2125,2125,2125,2,0.011904761904761862
2022-01-05,2175,2300,2175,2245,134,0.05647058823529405
2022-01-06,2390,2390,2105,2200,136,-0.020044543429844075
2022-01-07,2295,2295,2120,2275,526,0.03409090909090917
2022-01-10,2270,2270,2110,2255,770,-0.00879120879120876
2022-01-11,2295,2590,2200,2200,1461,-0.024390243902439046
2022-01-12,2380,2380,2380,2380,2,0.08181818181818179
2022-01-13,2300,2700,2205,2670,39611,0.12184873949579833
2022-01-14,2800,3020,2400,2690,3330,0.0074906367041198685
2022-01-17,2900,2900,2600,2730,18654,0.014869888475836479
2022-01-18,3005,3005,2705,2905,3675,0.0641025641025641
2022-01-19,3295,3300,2900,3290,7844,0.1325301204819278
2022-01-20,3700,3780,3300,3780,21849,0.14893617021276606
2022-01-21,3790,4345,3790,4320,30661,0.1428571428571428
2022-01-24,4900,4965,4015,4535,28768,0.0497685185185186
2022-01-25,4790,4790,4200,4350,2062,-0.040793825799338435
2022-01-26,4800,4950,3800,4675,6664,0.07471264367816088
2022-01-27,4900,4965,4350,4700,3256,0.005347593582887722
2022-01-28,4880,4880,3995,4385,18606,-0.06702127659574464
2022-02-03,4690,4960,4120,4120,2144,-0.06043329532497155
2022-02-04,4200,4395,4000,4120,4195,0.0
2022-02-07,4390,4390,3900,4080,4999,-0.009708737864077666
2022-02-08,4270,4270,4000,4155,404,0.018382352941176405
2022-02-09,4170,4170,4000,4100,421,-0.013237063778580027
2022-02-10,4200,4495,4050,4095,583,-0.0012195121951219523
2022-02-11,4000,4100,4000,4020,1892,-0.01831501831501836
2022-02-14,4505,4505,3915,4095,3080,0.018656716417910557
2022-02-15,4300,4300,4000,4085,3141,-0.0024420024420024333
2022-02-16,4090,4090,3900,3985,3985,-0.0244798041615667
2022-02-17,3975,3990,3895,3985,3999,0.0
2022-02-18,3900,4580,3830,4300,15468,0.0790464240903388
2022-02-21,4900,4945,3960,4470,8960,0.03953488372093017
2022-02-22,4950,4950,3970,4300,13417,-0.03803131991051456
2022-02-23,4480,4495,4260,4375,9400,0.01744186046511631
2022-02-24,4495,4495,4210,4300,9172,-0.017142857142857126
2022-02-25,4485,4485,4020,4390,15618,0.020930232558139528
2022-02-28,4490,4490,4230,4350,6086,-0.009111617312072884
2022-03-02,4495,4500,4250,4300,4631,-0.011494252873563204
2022-03-03,4485,4485,4055,4290,2031,-0.0023255813953488857
2022-03-04,4605,4605,4200,4290,4155,0.0
2022-03-07,4500,4500,4305,4305,212,0.0034965034965035446
2022-03-08,4300,4300,4140,4270,6290,-0.008130081300813052
2022-03-10,4300,4400,4270,4350,4945,0.0187353629976581
2022-03-11,4490,4490,4300,4425,2675,0.01724137931034475
2022-03-14,4490,4550,4390,4540,10024,0.025988700564971712
2022-03-15,4995,5200,4600,4900,16482,0.07929515418502198
2022-03-16,5200,5630,4950,5630,17877,0.1489795918367347
2022-03-17,5800,6200,5700,6200,20526,0.10124333925399642
2022-03-18,6400,7100,6400,7080,34989,0.14193548387096766
2022-03-21,7620,7620,6800,7050,12266,-0.004237288135593209
2022-03-22,7490,7490,6840,7340,13166,0.041134751773049594
2022-03-23,7390,7390,6880,7130,7951,-0.028610354223433276
2022-03-24,7400,7400,6890,7350,14883,0.030855539971949453
2022-03-25,7350,7550,6930,7390,15118,0.0054421768707482165
2022-03-28,7610,7610,7010,7540,983,0.020297699594046037
2022-03-29,7620,7620,7000,7490,3525,-0.006631299734747964
2022-03-30,7580,7580,7000,7150,8307,-0.04539385847797062
2022-03-31,7400,7500,7200,7370,3653,0.03076923076923066
2022-04-01,7490,7780,7210,7780,11475,0.05563093622795123
2022-04-04,8050,8940,7800,8940,30002,0.14910025706940866
2022-04-05,9430,9490,8940,9490,11733,0.06152125279642062
2022-04-06,9740,10100,9220,10000,24221,0.05374077976817704
2022-04-07,10250,10250,9900,10050,29031,0.004999999999999893
2022-04-08,10050,10350,9620,10000,13351,-0.00497512437810943
2022-04-11,10300,10300,9800,10000,5749,0.0
2022-04-12,10250,10250,9800,9980,11988,-0.0020000000000000018
2022-04-13,10000,10100,9710,10000,6883,0.002004008016031955
2022-04-14,10100,10200,9700,10200,17665,0.020000000000000018
2022-04-15,10250,10350,9900,10250,9758,0.004901960784313708
2022-04-18,10300,10400,10200,10400,3718,0.014634146341463428
2022-04-19,10600,10600,10200,10500,5019,0.009615384615384581
2022-04-20,10500,10600,9850,10450,11219,-0.004761904761904745
2022-04-21,10000,10350,9800,10100,6311,-0.03349282296650713
2022-04-22,10350,10500,10000,10350,12489,0.024752475247524774
2022-04-25,10350,10450,9950,10200,7569,-0.01449275362318836
2022-04-26,10300,10300,9920,10050,5547,-0.014705882352941124
2022-04-27,10050,10100,9700,10000,16235,-0.00497512437810943
2022-04-28,10000,10000,9700,9980,10200,-0.0020000000000000018
2022-04-29,9990,9990,9000,9760,9121,-0.022044088176352727
2022-05-02,10450,10450,9600,9850,13566,0.009221311475409832
2022-05-03,9970,9970,9700,9850,1133,0.0
2022-05-04,9990,9990,9500,9770,12537,-0.008121827411167515
2022-05-06,9790,9790,9130,9480,4468,-0.029682702149437024
2022-05-09,9990,10000,9480,9850,3381,0.039029535864978815
2022-05-10,9900,9900,9010,9800,13401,-0.005076142131979711
2022-05-11,9790,10000,9550,9890,6849,0.009183673469387754
2022-05-12,10000,10400,9800,9990,4944,0.010111223458038499
2022-05-13,9990,10200,9800,10000,707,0.0010010010010010895
2022-05-16,9990,9990,9650,9850,4353,-0.015000000000000013
2022-05-17,9830,10400,9820,10000,4207,0.015228426395939021
2022-05-18,9980,9980,9800,9930,1713,-0.007000000000000006
2022-05-19,10450,10450,9200,9870,3735,-0.0060422960725075026
2022-05-20,9980,9980,9670,9690,1704,-0.018237082066869248
2022-05-23,10100,10300,9600,9920,113,0.023735810113518996
2022-05-24,10250,10250,9620,9780,724,-0.014112903225806495
2022-05-25,9780,9780,9500,9630,3945,-0.015337423312883458
2022-05-26,9990,9990,9440,9680,4736,0.005192107995846351
2022-05-27,9970,9970,9400,9730,4826,0.005165289256198413
2022-05-30,10150,10150,9470,9630,4087,-0.010277492291880796
2022-05-31,10000,10000,9330,9480,1991,-0.015576323987538943
2022-06-02,9500,9500,9070,9300,8176,-0.01898734177215189
2022-06-03,9990,10000,9310,9550,4688,0.026881720430107503
2022-06-07,8500,9500,8500,9440,6325,-0.011518324607329822
2022-06-08,9490,9490,9100,9400,1800,-0.004237288135593209
2022-06-09,9500,9500,9350,9480,713,0.008510638297872353
2022-06-10,9500,9500,9220,9440,208,-0.00421940928270037
2022-06-13,9450,9450,8960,9130,9528,-0.032838983050847426
2022-06-14,9250,9400,8680,9400,4715,0.02957283680175249
2022-06-15,10300,10300,9000,9500,5456,0.010638297872340496
2022-06-16,9950,9950,9200,9390,1812,-0.011578947368421022
2022-06-17,9440,9500,9000,9450,3983,0.006389776357827559
2022-06-20,9480,9480,8980,9270,5923,-0.01904761904761909
2022-06-21,9260,9260,9240,9240,71,-0.003236245954692518
2022-06-22,9400,9400,8900,9080,5699,-0.017316017316017285
2022-06-23,9240,9240,8710,9150,2004,0.007709251101321479
2022-06-24,9800,9900,9000,9150,2294,0.0
2022-06-27,9790,9790,9000,9300,1550,0.016393442622950838
2022-06-28,9300,9300,9000,9080,3073,-0.023655913978494647
2022-06-29,9940,9940,8160,9500,5724,0.04625550660792954
2022-06-30,9590,9700,9000,9430,1508,-0.00736842105263158
2022-07-01,0,0,0,9430,0,0.0
2022-07-04,0,0,0,9430,0,0.0
2022-07-05,0,0,0,9430,0,0.0
2022-07-06,0,0,0,9430,0,0.0
2022-07-07,0,0,0,9430,0,0.0
2022-07-08,0,0,0,9430,0,0.0
2022-07-11,0,0,0,9430,0,0.0
2022-07-12,0,0,0,9430,0,0.0
2022-07-13,0,0,0,9430,0,0.0
2022-07-14,0,0,0,9430,0,0.0
2022-07-15,0,0,0,9430,0,0.0
2022-07-18,0,0,0,9430,0,0.0
2022-07-19,1995,2100,1795,1920,38989,-0.7963944856839873
2022-07-20,2180,2180,1870,1945,20686,0.01302083333333326
2022-07-21,2080,2080,1800,1970,35429,0.01285347043701801
2022-07-22,1895,1895,1795,1845,22397,-0.06345177664974622
2022-07-25,1950,1950,1840,1890,6059,0.024390243902439046
2022-07-26,1970,1970,1700,1905,962,0.007936507936507908
2022-07-27,1930,1930,1780,1875,12251,-0.015748031496062964
2022-07-28,1885,1920,1830,1900,3892,0.01333333333333342
2022-07-29,1860,1995,1800,1895,9301,-0.0026315789473684292
2022-08-01,1935,1935,1805,1900,12949,0.0026385224274405594
2022-08-02,1940,1940,1805,1900,24485,0.0
2022-08-03,1945,1945,1850,1930,7718,0.015789473684210575
2022-08-04,1960,1960,1840,1940,9124,0.005181347150259086
2022-08-05,1945,1955,1855,1950,7985,0.005154639175257714
2022-08-08,1955,1960,1860,1940,12434,-0.00512820512820511
2022-08-09,1950,1955,1865,1925,37814,-0.0077319587628865705
2022-08-10,1940,1950,1845,1950,51416,0.01298701298701288
2022-08-11,1955,1960,1865,1960,28775,0.00512820512820511
2022-08-12,1965,1970,1885,1915,6148,-0.022959183673469385
2022-08-16,1930,2200,1870,2200,37272,0.1488250652741514
2022-08-17,2240,2250,2010,2180,36347,-0.009090909090909038
2022-08-18,2230,2230,2050,2125,12970,-0.025229357798165153
2022-08-19,2150,2190,2045,2175,23052,0.0235294117647058
2022-08-22,2095,2200,2050,2105,16293,-0.03218390804597704
2022-08-23,2195,2195,2045,2120,14250,0.0071258907363420665
2022-08-24,2190,2190,2070,2130,7718,0.004716981132075526
2022-08-25,2120,2125,2070,2105,40149,-0.011737089201877882
2022-08-26,2150,2150,2080,2110,5265,0.002375296912114022
2022-08-29,2185,2185,2015,2090,13165,-0.009478672985781977
2022-08-30,2170,2170,2075,2120,805,0.014354066985645897
2022-08-31,2220,2230,2090,2140,3653,0.009433962264151052
2022-09-01,2190,2190,2105,2125,5915,-0.007009345794392496
2022-09-02,2180,2180,2080,2125,10440,0.0
2022-09-05,2165,2195,2080,2110,6460,-0.007058823529411784
2022-09-06,2195,2195,2080,2100,3009,-0.004739336492891044
2022-09-07,2180,2180,2070,2145,12076,0.021428571428571352
2022-09-08,2190,2190,2070,2115,17009,-0.013986013986013957
2022-09-13,2175,2175,2060,2110,8400,-0.0023640661938534313
2022-09-14,2165,2165,2020,2110,9884,0.0
2022-09-15,2160,2180,1980,2180,41153,0.033175355450236976
2022-09-16,2180,2200,2055,2070,8283,-0.050458715596330306
2022-09-19,2170,2170,1800,2090,29591,0.009661835748792313
2022-09-20,2085,2100,2000,2100,4528,0.004784688995215225
2022-09-21,2190,2190,1850,2150,30230,0.023809523809523725
2022-09-22,2050,2145,2000,2035,5559,-0.05348837209302326
2022-09-23,2020,2100,2000,2080,5386,0.02211302211302213
2022-09-26,2045,2045,1950,2000,3366,-0.038461538461538436
2022-09-27,2080,2080,1990,2060,3478,0.030000000000000027
2022-09-28,2090,2090,1970,2015,8215,-0.021844660194174748
2022-09-29,2050,2050,1905,1980,18567,-0.017369727047146455
2022-09-30,2070,2070,1900,2000,4662,0.010101010101010166
2022-10-04,2000,2000,1945,1995,3307,-0.0024999999999999467
2022-10-05,1995,1995,1940,1985,6345,-0.005012531328320802
2022-10-06,1995,1995,1920,1965,5106,-0.010075566750629705
2022-10-07,2100,2100,1905,1975,9468,0.0050890585241729624
2022-10-11,2065,2070,1820,1955,7421,-0.010126582278481067
2022-10-12,2060,2060,1855,1970,1714,0.007672634271099765
2022-10-13,1995,1995,1810,1970,27423,0.0
2022-10-14,1825,2095,1825,1970,904,0.0
2022-10-17,1975,1975,1820,1920,6918,-0.025380710659898442
2022-10-18,1965,1965,1830,1940,14762,0.01041666666666674
2022-10-19,2000,2000,1840,1975,48,0.018041237113401998
2022-10-20,1990,1990,1810,1960,9396,-0.0075949367088608
2022-10-21,2000,2000,1840,1915,2536,-0.022959183673469385
2022-10-24,1910,1910,1810,1810,22142,-0.05483028720626637
2022-10-25,1875,1875,1735,1805,20354,-0.002762430939226568
2022-10-26,1830,1830,1700,1780,16686,-0.013850415512465353
2022-10-27,1705,1765,1560,1765,40716,-0.008426966292134797
2022-10-28,1985,1985,1630,1850,2374,0.04815864022662897
2022-10-31,2000,2000,1825,1850,5507,0.0
2022-11-01,2005,2005,1840,1845,7227,-0.002702702702702675
2022-11-02,2080,2080,1655,1850,31113,0.0027100271002709064
2022-11-03,1850,1980,1840,1855,20527,0.002702702702702675
2022-11-04,1930,1930,1825,1850,32796,-0.0026954177897574594
2022-11-07,1920,1920,1780,1795,38373,-0.02972972972972976
2022-11-08,1820,1820,1715,1795,32198,0.0
2022-11-09,1795,1830,1730,1730,31023,-0.03621169916434541
2022-11-10,1760,1835,1720,1720,42380,-0.005780346820809301
2022-11-11,1765,1800,1710,1800,45040,0.04651162790697683
2022-11-14,0,0,0,1800,0,0.0
2022-11-15,0,0,0,1800,0,0.0
2022-11-16,0,0,0,1800,0,0.0
2022-11-17,0,0,0,1800,0,0.0
2022-11-18,0,0,0,1800,0,0.0
2022-11-21,0,0,0,1800,0,0.0
2022-11-22,0,0,0,1800,0,0.0
2022-11-23,0,0,0,1800,0,0.0
2022-11-24,0,0,0,1800,0,0.0
2022-11-25,0,0,0,1800,0,0.0
2022-11-28,0,0,0,1800,0,0.0
2022-11-29,0,0,0,1800,0,0.0
2022-11-30,0,0,0,1800,0,0.0
2022-12-01,0,0,0,1800,0,0.0
2022-12-02,0,0,0,1800,0,0.0
2022-12-05,0,0,0,1800,0,0.0
2022-12-06,0,0,0,1800,0,0.0
2022-12-07,0,0,0,1800,0,0.0
2022-12-08,0,0,0,1800,0,0.0
2022-12-09,0,0,0,1800,0,0.0
2022-12-12,0,0,0,1800,0,0.0
2022-12-13,0,0,0,1800,0,0.0
2022-12-14,0,0,0,1800,0,0.0
2022-12-15,0,0,0,1800,0,0.0
2022-12-16,0,0,0,1800,0,0.0
2022-12-19,0,0,0,1800,0,0.0
2022-12-20,0,0,0,1800,0,0.0
2022-12-21,0,0,0,1800,0,0.0
2022-12-22,0,0,0,1800,0,0.0
2022-12-23,0,0,0,1800,0,0.0
2022-12-26,0,0,0,1800,0,0.0
2022-12-27,0,0,0,1800,0,0.0
2022-12-28,0,0,0,1800,0,0.0
2022-12-29,0,0,0,1800,0,0.0
2023-01-02,0,0,0,1800,0,0.0
2023-01-03,0,0,0,1800,0,0.0
2023-01-04,0,0,0,1800,0,0.0
2023-01-05,0,0,0,1800,0,0.0
2023-01-06,0,0,0,1800,0,0.0
2023-01-09,0,0,0,1800,0,0.0
2023-01-10,0,0,0,1800,0,0.0
2023-01-11,0,0,0,1800,0,0.0
2023-01-12,0,0,0,1800,0,0.0
2023-01-13,0,0,0,1800,0,0.0
2023-01-16,0,0,0,1800,0,0.0
2023-01-17,0,0,0,1800,0,0.0
2023-01-18,0,0,0,1800,0,0.0
2023-01-19,0,0,0,1800,0,0.0
2023-01-20,0,0,0,1800,0,0.0
2023-01-25,0,0,0,1800,0,0.0
2023-01-26,1800,1800,1800,1800,0,0.0
2023-01-27,1800,1800,1800,1800,0,0.0
2023-01-30,0,0,0,1800,0,0.0
2023-01-31,0,0,0,1800,0,0.0
2023-02-01,1800,1800,1800,1800,0,0.0
2023-02-02,0,0,0,1800,0,0.0
2023-02-03,0,0,0,1800,0,0.0
2023-02-06,0,0,0,1800,0,0.0
2023-02-07,0,0,0,1800,0,0.0
2023-02-08,0,0,0,1800,0,0.0
2023-02-09,0,0,0,1800,0,0.0
2023-02-10,0,0,0,1800,0,0.0
2023-02-13,0,0,0,1800,0,0.0
2023-02-14,0,0,0,1800,0,0.0
2023-02-15,0,0,0,1800,0,0.0
2023-02-16,0,0,0,1800,0,0.0
2023-02-17,0,0,0,1800,0,0.0
2023-02-20,0,0,0,1800,0,0.0
2023-02-21,0,0,0,1800,0,0.0
2023-02-22,0,0,0,1800,0,0.0
2023-02-23,0,0,0,1800,0,0.0
2023-02-24,0,0,0,1800,0,0.0
2023-02-27,0,0,0,1800,0,0.0
2023-02-28,0,0,0,1800,0,0.0
2023-03-02,0,0,0,1800,0,0.0
2023-03-03,0,0,0,1800,0,0.0
2023-03-06,0,0,0,1800,0,0.0
2023-03-07,0,0,0,1800,0,0.0
2023-03-08,0,0,0,1800,0,0.0
2023-03-09,0,0,0,1800,0,0.0
2023-03-10,0,0,0,1800,0,0.0
2023-03-13,1740,1740,1530,1734,265,-0.036666666666666625
2023-03-14,1710,1710,1474,1474,4893,-0.14994232987312572
2023-03-15,1500,1500,1253,1253,19431,-0.149932157394844
2023-03-16,1252,1252,1066,1070,72785,-0.14604948124501194
2023-03-17,1075,1230,1075,1229,68283,0.1485981308411215
2023-03-20,1404,1409,1331,1400,19942,0.13913751017087073
2023-03-21,1483,1483,1370,1450,4228,0.03571428571428581
2023-03-22,1497,1497,1350,1450,24315,0.0
2023-03-23,1597,1667,1365,1539,11967,0.06137931034482769
2023-03-24,1749,1749,1420,1544,19860,0.0032488628979856493
2023-03-27,1695,1695,1431,1585,19327,0.026554404145077815
2023-03-28,1680,1821,1610,1670,15796,0.05362776025236604
2023-03-29,1880,1880,1606,1719,26672,0.02934131736526946
2023-03-30,1800,1837,1675,1730,5059,0.006399069226294296
2023-03-31,1797,1797,1653,1740,25551,0.005780346820809301
2023-04-03,1839,1839,1602,1738,20034,-0.0011494252873562871
2023-04-04,1797,1797,1610,1667,5861,-0.04085155350978131
2023-04-05,1610,1797,1530,1574,16515,-0.05578884223155367
2023-04-06,1700,1750,1436,1607,4111,0.020965692503176703
2023-04-07,1746,1746,1452,1735,6667,0.07965152457996272
2023-04-10,1799,1799,1516,1556,20380,-0.10317002881844384
2023-04-11,1600,1659,1431,1440,51324,-0.07455012853470433
2023-04-12,1529,1529,1320,1360,19555,-0.05555555555555558
2023-04-13,1355,1450,1271,1299,27738,-0.04485294117647054
2023-04-14,1450,1450,1250,1339,35145,0.030792917628945427
2023-04-17,1499,1499,1200,1319,67629,-0.014936519790888725
2023-04-18,1399,1399,1220,1254,35879,-0.04927975739196366
2023-04-19,1379,1379,1220,1221,6951,-0.02631578947368418
2023-04-20,1384,1384,1200,1282,15573,0.04995904995904987
2023-04-21,1387,1387,1180,1239,28224,-0.03354134165366618
2023-04-24,1305,1305,1170,1184,55685,-0.04439063761097661
2023-04-25,1296,1296,1050,1147,21583,-0.03125
2023-04-26,1296,1296,1000,1194,74988,0.04097646033129898
2023-04-27,1344,1344,1193,1248,21870,0.045226130653266416
2023-04-28,1295,1295,1120,1162,43131,-0.06891025641025639
2023-05-02,1294,1294,1070,1183,38765,0.01807228915662651
2023-05-03,1170,1285,1008,1082,106525,-0.08537616229923928
2023-05-04,1178,1178,1020,1078,6748,-0.003696857670979714
2023-05-08,1109,1109,1005,1079,17032,0.0009276437847867136
2023-05-09,1076,1076,1010,1024,79468,-0.050973123262279874
2023-05-10,1068,1170,1025,1100,107740,0.07421875
2023-05-11,1120,1165,1060,1118,43232,0.016363636363636358
2023-05-12,1120,1250,1060,1249,27043,0.11717352415026827
2023-05-15,1370,1400,1200,1400,70832,0.12089671737389907
2023-05-16,1420,1549,1310,1450,24864,0.03571428571428581
2023-05-17,1375,1449,1350,1410,26509,-0.02758620689655178
2023-05-18,1400,1450,1365,1445,10772,0.024822695035461084
2023-05-19,1445,1445,1321,1445,49285,0.0
2023-05-22,1331,1430,1330,1389,32047,-0.03875432525951561
2023-05-23,1359,1359,1285,1328,14314,-0.043916486681065514
2023-05-24,1319,1319,1184,1234,50812,-0.07078313253012047
2023-05-25,1360,1360,1101,1200,16569,-0.027552674230145846
2023-05-26,1250,1280,1052,1275,16476,0.0625
2023-05-30,1167,1249,1096,1101,185266,-0.13647058823529412
2023-05-31,1160,1185,1129,1174,6652,0.06630336058128972
2023-06-01,1173,1300,1170,1229,11154,0.046848381601362954
2023-06-02,1226,1341,1200,1329,9927,0.08136696501220508
2023-06-05,1379,1379,1181,1279,36917,-0.037622272385252065
2023-06-07,1398,1398,1220,1344,3085,0.05082095387021113
2023-06-08,1290,1388,1150,1172,93628,-0.12797619047619047
2023-06-09,1249,1249,1091,1184,6556,0.010238907849829282
2023-06-12,1229,1229,1220,1220,585,0.030405405405405483
2023-06-13,1269,1269,1110,1141,78270,-0.06475409836065571
2023-06-14,1243,1243,1196,1199,2302,0.05083260297984227
2023-06-15,1346,1346,1113,1206,5368,0.005838198498749003
2023-06-16,1225,1225,1118,1133,22232,-0.06053067993366501
2023-06-19,1198,1198,1151,1179,3426,0.04060017652250658
2023-06-20,1224,1224,1110,1188,34023,0.007633587786259444
2023-06-21,1328,1328,1141,1179,18381,-0.007575757575757569
2023-06-22,1298,1298,1132,1178,21789,-0.0008481764206954567
2023-06-23,1224,1224,1132,1191,18364,0.011035653650254718
2023-06-26,1359,1359,1180,1220,6267,0.02434928631402178
2023-06-27,1239,1346,1145,1346,28911,0.10327868852459021
2023-06-28,1225,1329,1167,1289,24454,-0.04234769687964335
2023-06-29,1255,1479,1175,1344,50954,0.0426687354538402
2023-06-30,1230,1290,1216,1245,24347,-0.0736607142857143
2023-07-03,1280,1310,1185,1242,25902,-0.002409638554216831
2023-07-04,1241,1296,1191,1296,24520,0.04347826086956519
2023-07-05,1300,1300,1222,1269,7549,-0.02083333333333337
2023-07-06,1349,1349,1215,1278,16564,0.007092198581560183
2023-07-07,1298,1298,1269,1298,3424,0.015649452269170583
2023-07-10,1300,1300,1290,1298,752,0.0
2023-07-11,1474,1474,1250,1325,40599,0.02080123266563949
2023-07-12,1320,1450,1300,1325,9526,0.0
2023-07-13,1430,1430,1265,1293,36206,-0.024150943396226365
2023-07-14,1355,1355,1258,1350,17166,0.044083526682134666
2023-07-17,1544,1544,1215,1380,23500,0.022222222222222143
2023-07-18,1452,1452,1290,1374,39990,-0.004347826086956497
2023-07-19,1449,1449,1300,1316,12408,-0.042212518195050897
2023-07-20,1350,1474,1225,1315,80298,-0.0007598784194529085
2023-07-21,1315,1360,1300,1343,10463,0.021292775665399333
2023-07-24,1421,1421,1299,1300,27341,-0.03201787043931492
2023-07-25,1300,1360,1285,1360,36907,0.04615384615384621
2023-07-26,1355,1355,1296,1296,11423,-0.04705882352941182
2023-07-27,1300,1300,1250,1256,18095,-0.030864197530864224
2023-07-28,1344,1344,1260,1306,2104,0.039808917197452276
2023-07-31,1368,1368,1230,1368,14016,0.04747320061255733
2023-08-01,1487,1487,1300,1300,5675,-0.049707602339181256
2023-08-02,1300,1400,1299,1310,42498,0.007692307692307665
2023-08-03,1398,1398,1300,1300,3379,-0.007633587786259555
2023-08-04,1379,1379,1297,1329,4265,0.02230769230769236
2023-08-07,1309,1315,1309,1310,5924,-0.014296463506395796
2023-08-08,1309,1310,1263,1297,10236,-0.00992366412213741
2023-08-09,1300,1300,1290,1297,3802,0.0
2023-08-10,1454,1454,1261,1350,70365,0.040863531225906025
2023-08-11,1340,1340,1290,1320,30756,-0.022222222222222254
2023-08-14,1320,1320,1300,1320,10081,0.0
2023-08-16,1281,1319,1264,1300,4591,-0.015151515151515138
2023-08-17,1300,1310,1275,1310,35552,0.007692307692307665
2023-08-18,1310,1310,1280,1310,26918,0.0
2023-08-21,1310,1310,1290,1299,2012,-0.008396946564885543
2023-08-22,1300,1300,1282,1299,8200,0.0
2023-08-23,1396,1396,1261,1330,3943,0.02386451116243271
2023-08-24,1280,1319,1280,1315,562,-0.011278195488721776
2023-08-25,1281,1309,1210,1309,18375,-0.004562737642585524
2023-08-28,1309,1476,1270,1370,10163,0.04660045836516424
2023-08-29,1330,1330,1255,1288,5586,-0.05985401459854012
2023-08-30,1284,1284,1235,1272,18540,-0.012422360248447228
2023-08-31,1399,1399,1250,1260,4317,-0.009433962264150941
2023-09-01,1299,1299,1250,1270,7341,0.007936507936507908
2023-09-04,1391,1391,1264,1275,2902,0.003937007874015741
2023-09-05,1391,1391,1240,1270,10175,-0.0039215686274509665
2023-09-06,1270,1300,1263,1291,5074,0.016535433070866246
2023-09-07,1299,1299,1260,1289,5849,-0.0015491866769945517
2023-09-08,1280,1319,1255,1297,3875,0.006206361520558534
2023-09-11,1348,1348,1260,1299,11113,0.0015420200462605838
2023-09-12,1300,1300,1299,1300,502,0.0007698229407235857
2023-09-13,1393,1393,1260,1299,4010,-0.0007692307692307443
2023-09-14,1253,1299,1250,1298,6347,-0.0007698229407235857
2023-09-15,1300,1300,1271,1299,4566,0.0007704160246533309
2023-09-18,1388,1388,1260,1298,4172,-0.0007698229407235857
2023-09-19,1300,1378,1265,1378,3290,0.06163328197226492
2023-09-20,1375,1375,1277,1338,4083,-0.029027576197387495
2023-09-21,1339,1339,1294,1296,11029,-0.03139013452914796
2023-09-22,1348,1348,1260,1279,10025,-0.013117283950617287
2023-09-25,1347,1347,1246,1284,5562,0.00390930414386248
2023-09-26,1200,1284,1200,1277,18253,-0.005451713395638658
2023-09-27,1250,1339,1231,1295,5713,0.014095536413469167
2023-10-04,1350,1350,1240,1290,4665,-0.0038610038610038533
2023-10-05,1290,1290,1251,1278,16185,-0.009302325581395321
2023-10-06,1378,1378,1240,1280,5611,0.0015649452269170805
2023-10-10,1253,1270,1240,1255,15325,-0.01953125
2023-10-11,1359,1359,1234,1278,6081,0.018326693227091573
2023-10-12,1240,1272,1230,1240,12170,-0.029733959311424085
2023-10-13,1240,1346,1060,1227,31082,-0.010483870967741948
2023-10-16,1345,1345,1200,1287,1477,0.0488997555012225
2023-10-17,1275,1275,1205,1248,11635,-0.030303030303030276
2023-10-18,1249,1344,1200,1314,9865,0.05288461538461542
2023-10-19,1290,1305,1246,1300,2748,-0.010654490106544956
2023-10-20,1345,1345,1250,1294,5142,-0.004615384615384577
2023-10-23,1344,1344,1230,1294,2076,0.0
2023-10-24,1331,1331,1233,1264,704,-0.023183925811437356
2023-10-25,1320,1320,1205,1248,8533,-0.012658227848101222
2023-10-26,1240,1246,1205,1246,21,-0.0016025641025640969
2023-10-27,1337,1337,1181,1229,8535,-0.013643659711075395
2023-10-30,1330,1330,1200,1220,11354,-0.007323026851098424
2023-10-31,1299,1299,1153,1223,2852,0.0024590163934425924
2023-11-01,1323,1323,1151,1257,13248,0.027800490596892935
2023-11-02,1333,1333,1200,1295,32986,0.03023070803500394
2023-11-03,1250,1320,1235,1310,25403,0.01158301158301156
2023-11-06,1279,1279,1220,1259,9144,-0.03893129770992365
2023-11-07,1357,1357,1210,1260,4024,0.000794281175536149
2023-11-08,1259,1260,1249,1249,709,-0.0087301587301587
2023-11-09,1248,1254,1240,1254,5608,0.004003202562049557
2023-11-10,1331,1331,1203,1270,10419,0.012759170653907415
2023-11-13,1337,1337,1210,1269,10781,-0.0007874015748031704
2023-11-14,1333,1333,1223,1256,3352,-0.010244286840031536
2023-11-15,1255,1305,1226,1305,22592,0.03901273885350309
2023-11-16,1290,1290,1255,1257,351,-0.0367816091954023
2023-11-17,1300,1300,1224,1255,8022,-0.0015910898965791898
2023-11-20,1298,1298,1200,1238,52835,-0.013545816733067761
2023-11-21,1238,1238,1200,1200,36983,-0.030694668820678506
2023-11-22,1336,1336,1150,1190,26418,-0.008333333333333304
2023-11-23,1200,1200,1199,1199,201,0.007563025210084007
2023-11-24,1298,1298,1245,1245,3,0.038365304420350244
2023-11-27,1244,1387,1152,1194,28564,-0.04096385542168679
2023-11-28,1200,1200,1150,1185,4225,-0.007537688442211032
2023-11-29,1195,1195,1181,1189,1856,0.0033755274261604296
2023-11-30,1185,1190,1150,1190,5052,0.000841042893187538
2023-12-01,1200,1200,1150,1150,22585,-0.03361344537815125
2023-12-04,1150,1317,1090,1126,123549,-0.02086956521739125
2023-12-05,1263,1263,1120,1149,14244,0.02042628774422739
2023-12-06,1188,1188,1149,1175,4073,0.022628372497824234
2023-12-07,1140,1174,1140,1155,15904,-0.017021276595744705
2023-12-08,1254,1254,1150,1155,3420,0.0
2023-12-11,1322,1322,1150,1259,1688,0.09004329004329015
2023-12-12,1193,1193,1128,1187,11743,-0.05718824463860206
2023-12-13,1359,1359,1150,1233,508,0.03875315922493683
2023-12-14,1312,1312,1150,1184,2928,-0.03974047039740469
2023-12-15,1177,1177,1121,1165,17453,-0.01604729729729726
2023-12-18,1150,1264,1150,1214,2913,0.04206008583690979
2023-12-19,1286,1286,1150,1190,2624,-0.01976935749588138
2023-12-20,1177,1227,1175,1226,16167,0.030252100840336027
2023-12-21,1299,1299,1200,1249,2345,0.018760195758564358
2023-12-22,1433,1433,1205,1255,17541,0.0048038430744594685
2023-12-26,1255,1410,1250,1310,20387,0.043824701195219085
2023-12-27,1365,1365,1264,1347,4252,0.028244274809160252
2023-12-28,1346,1400,1286,1350,13352,0.00222717149220486
2024-01-02,1350,1547,1310,1419,6734,0.05111111111111111
2024-01-03,1498,1499,1400,1473,3443,0.038054968287526414
2024-01-04,1500,1500,1350,1479,22014,0.004073319755600879
2024-01-05,1449,1500,1381,1498,25549,0.012846517917511902
2024-01-08,1695,1695,1421,1539,9930,0.027369826435247102
2024-01-09,1530,1760,1452,1760,51529,0.1435997400909681
2024-01-10,1850,1850,1600,1763,61354,0.0017045454545454586
2024-01-11,1848,1848,1535,1790,56454,0.015314804310833763
2024-01-12,1795,1795,1760,1792,26743,0.0011173184357542443
2024-01-15,1840,1840,1790,1799,27348,0.00390625
2024-01-16,1840,1840,1751,1795,31947,-0.0022234574763757564
2024-01-17,1843,1843,1761,1803,17830,0.004456824512534929
2024-01-18,1844,1844,1755,1810,20786,0.0038824181919023815
2024-01-19,1810,1829,1760,1800,22927,-0.0055248618784530246
2024-01-22,1900,1900,1754,1849,37240,0.02722222222222226
2024-01-23,1900,1900,1776,1820,19035,-0.01568415359653863
2024-01-24,1945,1945,1800,1810,15559,-0.005494505494505475
2024-01-25,1849,1850,1798,1849,19884,0.021546961325966896
2024-01-26,1899,1899,1800,1865,36520,0.008653326122228133
2024-01-29,1948,1948,1850,1890,46514,0.013404825737265424
2024-01-30,1995,1995,1870,1990,44016,0.05291005291005302
2024-01-31,2000,2280,1950,2275,103028,0.14321608040200995
2024-02-01,2300,2610,2300,2610,180950,0.14725274725274717
2024-02-02,2830,3000,2600,3000,211847,0.14942528735632177
2024-02-05,3285,3450,3280,3450,157905,0.1499999999999999
2024-02-06,3455,3750,2935,3435,94233,-0.004347826086956497
2024-02-07,3435,3790,3015,3295,62426,-0.040756914119359555
2024-02-08,3540,3540,3015,3130,40234,-0.050075872534142696
2024-02-13,3510,3510,3130,3255,47929,0.039936102236421744
2024-02-14,3400,3400,3200,3250,40682,-0.001536098310291889
2024-02-15,3395,3395,3190,3235,40748,-0.004615384615384577
2024-02-16,3390,3390,3095,3170,55745,-0.020092735703245768
2024-02-19,3295,3495,3010,3220,66974,0.01577287066246047
2024-02-20,3220,3440,3220,3395,37993,0.05434782608695654
2024-02-21,3400,3480,3400,3460,37653,0.019145802650957222
2024-02-22,3460,3480,3420,3470,18449,0.0028901734104045396
2024-02-23,3470,3530,3400,3525,32428,0.015850144092218965
2024-02-26,3855,4000,3530,4000,66116,0.13475177304964547
2024-02-27,4000,4400,3800,4395,74019,0.0987499999999999
2024-02-28,0,0,0,4395,0,0.0
2024-02-29,4500,4870,4500,4870,64226,0.1080773606370875
2024-03-04,5000,5290,4900,4990,79646,0.024640657084188833
2024-03-05,5200,5220,4980,4985,31233,-0.0010020040080159776
2024-03-06,4995,5100,4815,4980,18277,-0.0010030090270812808
2024-03-07,5000,5010,4605,4995,25104,0.003012048192771122
2024-03-08,4995,4995,4750,4900,41277,-0.019019019019019034
2024-03-11,4920,4920,4575,4620,53436,-0.05714285714285716
2024-03-12,4605,4605,3930,4090,98922,-0.11471861471861466
2024-03-13,4040,4040,3480,4000,129221,-0.022004889975550168
2024-03-14,4020,4600,4020,4600,99274,0.1499999999999999
2024-03-15,4800,5190,4400,4585,27290,-0.003260869565217428
2024-03-18,4980,4980,4500,4630,18405,0.009814612868048078
2024-03-19,4950,4950,4400,4590,11367,-0.008639308855291628
2024-03-20,4595,4595,4300,4550,37530,-0.008714596949891074
2024-03-21,4600,4600,4110,4495,30989,-0.012087912087912045
2024-03-22,4845,4845,4100,4490,35260,-0.0011123470522803602
2024-03-25,4500,4990,4300,4535,28709,0.010022271714922093
2024-03-26,4805,4805,4350,4520,40816,-0.003307607497243681
2024-03-27,4520,4590,4380,4475,22871,-0.009955752212389424
2024-03-28,4475,4480,4200,4465,37657,-0.0022346368715083775
2024-03-29,4550,4550,4305,4420,17623,-0.01007838745800671
2024-04-01,4495,4500,4210,4305,35311,-0.02601809954751133
2024-04-02,4375,4375,3930,4080,52798,-0.05226480836236935
2024-04-03,4050,4500,4005,4280,39711,0.0490196078431373
2024-04-04,4300,4300,4050,4065,44017,-0.050233644859813076
2024-04-05,4065,4245,4060,4145,15146,0.019680196801967975
2024-04-08,4200,4200,3995,4175,30672,0.007237635705669376
2024-04-09,4020,4430,4020,4115,20635,-0.014371257485029987
2024-04-11,4280,4280,4000,4085,39068,-0.007290400972053468
2024-04-12,4120,4120,3980,4040,16948,-0.011015911872705009
2024-04-15,4200,4200,3985,4015,16670,-0.006188118811881194
2024-04-16,4015,4035,3985,4015,4898,0.0
2024-04-17,4000,4010,3915,3985,23703,-0.007471980074719831
2024-04-18,4200,4450,4050,4390,71236,0.10163111668757852
2024-04-19,4995,4995,4215,4435,52054,0.010250569476081939
2024-04-22,4450,4450,4235,4410,49420,-0.005636978579481422
2024-04-23,4490,4800,4300,4450,22632,0.009070294784580435
2024-04-24,4690,4690,4370,4590,42541,0.03146067415730336
2024-04-25,4600,4600,4460,4585,77708,-0.0010893246187363426
2024-04-26,4600,4700,4590,4670,30216,0.018538713195201728
2024-04-29,4670,4700,4555,4595,30551,-0.016059957173447548
2024-04-30,4590,4700,4370,4520,47991,-0.016322089227421066
2024-05-02,4510,4510,4235,4430,35221,-0.019911504424778736
2024-05-03,4430,4490,4260,4385,8929,-0.010158013544018019
2024-05-07,4360,4500,4210,4295,34857,-0.02052451539338651
2024-05-08,4935,4935,4280,4305,45794,0.002328288707799775
2024-05-09,4400,4400,4240,4260,15297,-0.010452961672473893
2024-05-10,4260,4395,4230,4270,10727,0.0023474178403755097
2024-05-13,4270,4350,4020,4050,66515,-0.051522248243559665
2024-05-14,4195,4195,3950,4045,26760,-0.0012345679012345512
2024-05-16,4250,4250,3925,4030,17575,-0.003708281829419069
2024-05-17,3950,4050,3950,4020,12112,-0.002481389578163795
2024-05-20,4050,4095,3910,4025,9029,0.0012437810945273853
2024-05-21,4095,4095,3710,3890,67316,-0.03354037267080745
2024-05-22,4000,4095,3715,3950,19259,0.015424164524421524
2024-05-23,4000,4080,3720,3965,9917,0.0037974683544304
2024-05-24,4000,4095,3950,3990,1579,0.006305170239596425
2024-05-27,3900,4150,3850,3970,3163,-0.005012531328320802
2024-05-28,4000,4045,3825,3870,14593,-0.02518891687657432
2024-05-29,3980,3980,3835,3890,1290,0.0051679586563306845
2024-05-30,4090,4090,3810,3810,6733,-0.020565552699228773
2024-05-31,4040,4040,3760,3820,7073,0.002624671916010568
2024-06-03,3995,3995,3755,3870,9854,0.01308900523560208
2024-06-04,3850,3900,3815,3855,8090,-0.003875968992248069
2024-06-05,3890,3890,3780,3835,19676,-0.005188067444876765
2024-06-07,3715,3950,3715,3805,16546,-0.007822685788787531
2024-06-10,3970,3970,3780,3800,9570,-0.0013140604467805073
2024-06-11,3890,3890,3730,3800,24154,0.0
2024-06-12,3890,3890,3780,3810,11373,0.002631578947368318
2024-06-13,3750,4000,3720,3990,38412,0.04724409448818889
2024-06-14,3990,4010,3850,3975,31542,-0.003759398496240629
2024-06-17,4095,4095,3850,3920,9778,-0.01383647798742138
2024-06-18,3920,3925,3850,3895,20975,-0.0063775510204081565
2024-06-19,3980,3990,3800,3885,9029,-0.0025673940949936247
2024-06-20,4000,4000,3700,3890,24380,0.0012870012870012104
2024-06-21,3900,3990,3700,3875,6818,-0.003856041131105381
2024-06-24,3990,3990,3750,3815,24844,-0.015483870967741953
2024-06-25,3980,3980,3550,3850,29403,0.00917431192660545
2024-06-26,3900,3990,3620,3695,42448,-0.04025974025974022
2024-06-27,3890,3890,3690,3790,11675,0.025710419485791558
2024-06-28,3895,3895,3725,3795,7910,0.0013192612137202797
2024-07-01,3900,4000,3710,3755,12928,-0.010540184453227908
2024-07-02,3935,3935,3720,3735,13479,-0.005326231691078598
2024-07-03,3945,3945,3600,3705,9448,-0.008032128514056214
2024-07-04,3800,3800,3700,3720,3868,0.004048582995951344
2024-07-05,3890,3890,3600,3715,6277,-0.0013440860215053752
2024-07-08,3605,3785,3605,3650,15644,-0.01749663526244949
2024-07-09,3800,4000,3650,3670,4088,0.005479452054794498
2024-07-10,3810,3810,3615,3615,5369,-0.01498637602179842
2024-07-11,3700,3700,3500,3540,37289,-0.020746887966805017
2024-07-12,3650,3650,3460,3520,10180,-0.005649717514124242
2024-07-15,3780,3780,3310,3390,14266,-0.03693181818181823
2024-07-16,3585,3590,3350,3515,19512,0.03687315634218291
2024-07-17,3560,3560,3400,3430,4742,-0.024182076813655806
2024-07-18,3430,3430,3300,3400,6326,-0.008746355685131157
2024-07-19,3420,3480,3355,3445,12088,0.013235294117647012
2024-07-22,3500,3600,3300,3470,8199,0.007256894049346929
2024-07-23,3535,3535,3400,3400,1375,-0.02017291066282423
2024-07-24,3500,3500,3300,3370,11896,-0.008823529411764675
2024-07-25,3385,3385,3320,3345,23260,-0.007418397626112738
2024-07-26,3330,3330,3285,3300,10710,-0.013452914798206317
2024-07-29,3500,3500,3280,3335,7170,0.010606060606060508
2024-07-30,3330,3365,3265,3350,11522,0.004497751124437732
2024-07-31,3500,3820,3500,3515,7359,0.04925373134328348
2024-08-01,3700,3700,3500,3500,2081,-0.004267425320056861
2024-08-02,3400,3500,3200,3345,5381,-0.04428571428571426
2024-08-05,3695,3795,3200,3260,11700,-0.025411061285500747
2024-08-06,3490,3490,3010,3220,15563,-0.012269938650306789
2024-08-07,3220,3505,3000,3460,13451,0.07453416149068315
2024-08-08,3450,3450,3110,3210,5225,-0.0722543352601156
2024-08-09,3345,3555,3205,3555,15667,0.10747663551401865
2024-08-12,3545,3545,3495,3500,11515,-0.015471167369901506
2024-08-13,3545,3600,3315,3565,11652,0.01857142857142846
2024-08-14,3645,3645,3425,3465,12889,-0.028050490883590462
2024-08-16,3500,3550,3350,3490,14921,0.00721500721500723
2024-08-19,3300,3575,3250,3390,11907,-0.028653295128939882
2024-08-20,3600,3650,3290,3380,6719,-0.002949852507374673
2024-08-21,3590,3590,3340,3430,61,0.014792899408283988
2024-08-22,3500,3595,3390,3400,2240,-0.008746355685131157
2024-08-23,3495,3495,3260,3375,5151,-0.007352941176470562
2024-08-26,3500,3585,3335,3400,1921,0.007407407407407307
2024-08-27,3500,3500,3300,3460,5182,0.01764705882352935
2024-08-28,3500,3555,3300,3365,6496,-0.027456647398843903
2024-08-29,3490,3490,3270,3340,9658,-0.007429420505200568
2024-08-30,3490,3490,3190,3280,9279,-0.017964071856287456
2024-09-02,3280,3495,3200,3245,11451,-0.010670731707317027
2024-09-03,3400,3400,3010,3265,17511,0.006163328197226425
2024-09-04,3015,3290,3015,3145,12825,-0.03675344563552829
2024-09-05,3350,3350,2970,3000,11695,-0.04610492845786962
2024-09-06,3285,3285,2550,3030,4042,0.010000000000000009
2024-09-09,3030,3095,2900,3040,4340,0.0033003300330032292
2024-09-10,3100,3200,3000,3090,8830,0.016447368421052655
2024-09-11,3100,3150,3040,3095,4459,0.0016181229773462036
2024-09-12,3120,3120,3000,3030,21702,-0.021001615508885352
2024-09-13,3100,3200,3025,3040,14775,0.0033003300330032292
2024-09-19,3075,3095,3000,3030,21887,-0.003289473684210509
2024-09-20,3100,3150,3000,3000,23155,-0.00990099009900991
2024-09-23,3005,3080,2905,3020,59878,0.006666666666666599
2024-09-24,3100,3100,3000,3050,40448,0.009933774834437026
2024-09-25,3070,3100,3005,3070,28007,0.006557377049180246
2024-09-26,3100,3530,3000,3530,60315,0.14983713355048867
2024-09-27,3005,3005,3005,3005,21111,-0.14872521246458925
2024-09-30,2555,2555,2555,2555,4765,-0.14975041597337768
2024-10-02,2175,2175,2175,2175,5044,-0.1487279843444227
2024-10-04,1850,1850,1850,1850,4301,-0.14942528735632188
2024-10-07,1573,1573,1573,1573,4653,-0.14972972972972975
2024-10-08,1338,1338,1338,1338,4956,-0.14939605848696758
2024-10-10,1138,1138,1138,1138,17147,-0.14947683109118082
2024-10-11,968,1298,968,1225,531058,0.07644991212653784
2024-10-14,1300,1399,1171,1306,74341,0.06612244897959174
2024-10-15,1472,1472,1320,1432,44506,0.0964777947932618
2024-10-16,1499,1646,1430,1646,146937,0.1494413407821229
2024-10-17,1685,1892,1685,1892,70441,0.14945321992709593
2024-10-18,1892,2000,1800,1980,45504,0.04651162790697683
2024-10-21,1980,1980,1780,1891,11083,-0.04494949494949496
2024-10-22,1791,1886,1608,1656,32696,-0.12427287149656263
2024-10-23,1644,1700,1529,1698,8348,0.0253623188405796
2024-10-24,1729,1730,1510,1628,13194,-0.04122497055359242
2024-10-25,1615,1615,1510,1598,2410,-0.01842751842751844
2024-10-28,1598,1700,1408,1536,8012,-0.038798498122653347
2024-10-29,1600,1697,1499,1599,2160,0.041015625
2024-10-30,1599,1599,1458,1565,7987,-0.021263289555972453
2024-10-31,1697,1697,1500,1684,3013,0.07603833865814691
2024-11-01,1695,1695,1480,1500,18425,-0.10926365795724469
2024-11-04,1694,1694,1420,1465,16859,-0.023333333333333317
2024-11-05,1400,1430,1310,1359,7887,-0.07235494880546078
2024-11-06,1499,1499,1280,1333,16595,-0.019131714495952856
2024-11-07,1531,1531,1201,1380,6528,0.03525881470367587
2024-11-08,1500,1500,1253,1329,21693,-0.036956521739130443
2024-11-11,1400,1498,1230,1317,48933,-0.009029345372460473
2024-11-12,1299,1489,1131,1274,23346,-0.03264996203492787
2024-11-13,1300,1300,1165,1269,6529,-0.003924646781789609
2024-11-14,1268,1268,1155,1250,2995,-0.014972419227738398
2024-11-15,1300,1300,1162,1272,10544,0.01760000000000006
2024-11-18,1300,1300,1151,1163,12651,-0.08569182389937102
2024-11-19,1296,1296,1100,1148,15547,-0.012897678417884806
2024-11-20,1148,1299,1055,1299,11421,0.13153310104529625
2024-11-21,1300,1399,1110,1350,13823,0.03926096997690531
2024-11-22,1400,1552,1300,1552,49655,0.14962962962962956
2024-11-25,1552,1784,1550,1784,103972,0.14948453608247414
2024-11-26,2045,2045,1653,1851,33127,0.037556053811659273
2024-11-27,2085,2085,1701,1890,23300,0.021069692058346856
2024-11-28,1900,2160,1607,1754,55465,-0.071957671957672
2024-11-29,1899,1899,1710,1799,7732,0.025655644241733278
2024-12-02,1900,2030,1770,1798,17334,-0.0005558643690939391
2024-12-03,1898,1898,1618,1750,7223,-0.026696329254727424
2024-12-04,1800,1800,1617,1700,16614,-0.02857142857142858
2024-12-05,1700,1700,1600,1689,14503,-0.006470588235294117
2024-12-06,1650,1689,1571,1624,19010,-0.03848431024274723
2024-12-09,1623,1698,1500,1607,22966,-0.010467980295566504
2024-12-10,1600,1698,1500,1677,6952,0.043559427504667125
2024-12-11,1698,1698,1600,1619,19894,-0.03458556946929037
2024-12-12,1619,1699,1552,1599,8080,-0.012353304508956109
2024-12-13,1700,1705,1600,1624,440,0.01563477173233263
2024-12-16,1700,1799,1600,1680,9133,0.034482758620689724
2024-12-17,1700,1750,1600,1740,1956,0.03571428571428581
2024-12-18,1800,1800,1590,1690,12308,-0.028735632183908066
2024-12-19,1698,1750,1630,1695,6454,0.002958579881656709
2024-12-20,1799,1799,1624,1699,19058,0.0023598820058996495
2024-12-23,1749,1749,1622,1659,14237,-0.023543260741612726
2024-12-24,1797,1797,1602,1674,11103,0.009041591320072317
2024-12-26,1727,1727,1620,1634,8660,-0.02389486260453999
2024-12-27,1795,1795,1600,1730,8567,0.05875152998776012
2024-12-30,1700,1790,1620,1789,12688,0.03410404624277463
2025-01-02,1800,1845,1636,1692,15974,-0.05422023476802684
2025-01-03,1730,1730,1620,1715,15814,0.013593380614657313
2025-01-06,1790,1790,1700,1782,406,0.0390670553935859
2025-01-07,1800,1900,1651,1797,3947,0.008417508417508435
2025-01-08,1700,1779,1666,1723,14599,-0.04117974401780744
2025-01-09,1720,1720,1630,1670,3948,-0.03076030179918743
2025-01-10,1670,1670,1621,1662,4755,-0.004790419161676662
2025-01-13,1749,1749,1560,1639,20440,-0.013838748495788256
2025-01-14,1678,1678,1615,1635,1545,-0.0024405125076265577
2025-01-15,1677,1677,1620,1630,5582,-0.003058103975535187
2025-01-16,1630,1630,1605,1629,10771,-0.0006134969325153339
2025-01-17,1629,1700,1588,1648,9803,0.011663597298956496
2025-01-20,1699,1699,1600,1648,13641,0.0
2025-01-21,1697,1697,1646,1648,3052,0.0
2025-01-22,1700,1700,1608,1679,3504,0.018810679611650505
2025-01-23,1700,1700,1613,1669,13512,-0.005955926146515744
2025-01-24,1697,1697,1600,1643,12635,-0.015578190533253489
2025-01-31,1690,1690,1600,1623,12862,-0.012172854534388322
2025-02-03,1697,1697,1557,1649,13601,0.01601971657424528
2025-02-04,1553,1687,1553,1601,907,-0.029108550636749553
2025-02-05,1696,1696,1580,1644,9293,0.026858213616489657
2025-02-06,1699,1699,1591,1649,8113,0.0030413625304135383
2025-02-07,1698,1699,1575,1628,11617,-0.01273499090357788
2025-02-10,1687,1687,1504,1599,10134,-0.017813267813267863
2025-02-11,1678,1678,1557,1571,11418,-0.01751094434021261
2025-02-12,1598,1598,1530,1594,21238,0.014640356460853043
2025-02-13,1625,1634,1545,1577,25715,-0.010664993726474226
2025-02-14,1666,1666,1546,1570,13071,-0.00443880786303108
2025-02-17,1666,1666,1517,1540,16732,-0.019108280254777066
2025-02-18,1698,1698,1515,1617,348,0.050000000000000044
2025-02-19,1560,1694,1539,1590,15379,-0.016697588126159513
2025-02-20,1698,1698,1500,1582,17525,-0.005031446540880502
2025-02-21,1680,1680,1535,1576,4504,-0.0037926675094817064
2025-02-24,1621,1622,1530,1577,15868,0.0006345177664974777
2025-02-25,1628,1628,1528,1562,6268,-0.009511731135066537
2025-02-26,1623,1623,1525,1549,6808,-0.008322663252240736
2025-02-27,1696,1696,1528,1584,1268,0.022595222724338226
2025-02-28,1532,1580,1528,1565,2472,-0.011994949494949503
2025-03-04,1697,1697,1502,1545,3887,-0.012779552715655007
2025-03-05,1697,1697,1502,1543,7423,-0.0012944983818770073
2025-03-06,1538,1538,1501,1526,7082,-0.011017498379779611
2025-03-07,1670,1670,1500,1530,9896,0.002621231979030192
2025-03-10,1589,1592,1492,1494,20274,-0.02352941176470591
2025-03-11,1581,1585,1470,1499,2621,0.0033467202141901353
2025-03-12,1592,1595,1451,1488,5686,-0.007338225483655814
2025-03-13,1488,1528,1450,1470,9618,-0.012096774193548376
2025-03-14,1520,1527,1420,1469,5823,-0.0006802721088435826
2025-03-17,1512,1512,1407,1448,4001,-0.014295439074200167
2025-03-18,1524,1524,1400,1470,7086,0.015193370165745845
2025-03-19,1499,1499,1300,1438,21966,-0.0217687074829932
2025-03-20,1490,1490,1440,1440,1829,0.0013908205841446364
2025-03-21,1491,1491,1371,1382,5808,-0.040277777777777746
2025-03-24,1494,1494,1381,1469,2666,0.06295224312590442
2025-03-25,1400,1466,1365,1424,3421,-0.030633083730428834
2025-03-26,1491,1491,1359,1404,15924,-0.014044943820224698
2025-03-27,1495,1495,1350,1350,9805,-0.038461538461538436
2025-03-28,1470,1470,1320,1376,4069,0.01925925925925931
2025-03-31,1500,1500,1350,1396,1021,0.014534883720930258
2025-04-01,1489,1489,1351,1382,2825,-0.01002865329512892
2025-04-02,1453,1453,1310,1396,2244,0.01013024602026058
2025-04-03,1449,1449,1303,1425,6782,0.02077363896848139
2025-04-04,1460,1466,1354,1451,230,0.01824561403508773
2025-04-07,1436,1461,1320,1379,12222,-0.049620951068228836
2025-04-08,1451,1451,1330,1400,6687,0.015228426395939021
2025-04-09,1462,1462,1350,1407,329,0.004999999999999893
2025-04-10,1476,1476,1340,1387,4495,-0.014214641080312673
2025-04-11,1528,1528,1336,1382,4700,-0.0036049026676280294
2025-04-14,1447,1447,1326,1414,2600,0.02315484804630974
2025-04-15,1453,1453,1335,1337,4755,-0.054455445544554504
2025-04-16,1445,1445,1253,1362,5199,0.018698578908002972
2025-04-17,1450,1450,1302,1382,2004,0.014684287812041008
2025-04-18,1394,1394,1309,1330,6180,-0.0376266280752533
2025-04-21,1390,1390,1304,1328,4306,-0.0015037593984962294
2025-04-22,1328,1375,1302,1334,1456,0.004518072289156683
2025-04-23,1373,1374,1301,1333,10705,-0.0007496251874062887
2025-04-24,1323,1323,1302,1318,1612,-0.011252813203300849
2025-04-25,1499,1499,1256,1349,6725,0.023520485584218598
2025-04-28,1268,1398,1268,1302,8140,-0.03484062268346921
2025-04-29,1399,1491,1270,1399,107,0.07450076804915517
2025-04-30,1497,1497,1313,1482,397,0.05932809149392426
2025-05-02,1495,1495,1356,1395,15281,-0.0587044534412956
2025-05-07,1385,1494,1371,1458,5280,0.04516129032258065
2025-05-08,1499,1499,1450,1496,6285,0.026063100137174278
2025-05-09,1496,1600,1416,1500,15942,0.002673796791443861
2025-05-12,1600,1600,1435,1490,12422,-0.00666666666666671
2025-05-13,1451,1484,1413,1450,1060,-0.02684563758389258
2025-05-14,1600,1600,1405,1448,1830,-0.0013793103448276334
2025-05-15,1534,1534,1380,1423,3467,-0.017265193370165743
2025-05-16,1361,1500,1300,1449,20474,0.01827125790583284
2025-05-19,1500,1598,1399,1499,4798,0.03450655624568677
2025-05-20,1500,1542,1405,1484,2059,-0.010006671114076049
2025-05-21,1400,1496,1365,1381,17824,-0.06940700808625333
2025-05-22,1397,1400,1360,1395,3004,0.010137581462708267
2025-05-23,1461,1461,1327,1388,25644,-0.00501792114695343
2025-05-26,1439,1439,1330,1349,9171,-0.02809798270893371
2025-05-27,1403,1403,1330,1349,6418,0.0
2025-05-28,1402,1402,1300,1339,22919,-0.007412898443291294
2025-05-29,1330,1378,1320,1349,5916,0.007468259895444307
2025-05-30,1453,1453,1331,1331,20413,-0.013343217197924417
2025-06-02,1373,1373,1331,1350,4077,0.01427498121712989
2025-06-04,1340,1396,1340,1366,1320,0.01185185185185178
2025-06-05,1498,1498,1325,1368,4139,0.0014641288433381305
2025-06-09,1411,1414,1314,1366,14985,-0.0014619883040936088
2025-06-10,1323,1407,1323,1364,5535,-0.0014641288433382416
2025-06-11,1420,1430,1330,1378,6182,0.01026392961876832
2025-06-12,1425,1425,1320,1347,13477,-0.022496371552975347
2025-06-13,1408,1412,1310,1335,15284,-0.008908685968819552
2025-06-16,1330,1356,1323,1350,16556,0.011235955056179803
2025-06-17,1356,1400,1325,1340,10297,-0.007407407407407418
2025-06-18,1380,1380,1320,1343,16684,0.002238805970149249
2025-06-19,1482,1482,1330,1374,6540,0.023082650781831804
2025-06-20,1479,1499,1330,1349,21019,-0.0181950509461426
2025-06-23,1499,1499,1325,1348,12788,-0.000741289844329085
2025-06-24,1330,1500,1330,1363,4476,0.011127596439169052
2025-06-25,1490,1490,1330,1395,3647,0.023477622890682337
2025-06-26,1458,1458,1340,1395,259,0.0
2025-06-27,1466,1466,1340,1394,244,-0.0007168458781362519
2025-06-30,1500,1500,1330,1399,16060,0.0035868005738881603
2025-07-01,1351,1497,1351,1427,11292,0.020014295925661285
2025-07-02,1427,1599,1357,1375,4073,-0.03644008409250177
2025-07-03,1497,1497,1390,1415,9656,0.029090909090909056
2025-07-04,1498,1498,1394,1424,7386,0.006360424028268641
2025-07-07,1500,1500,1393,1400,5983,-0.016853932584269704
2025-07-08,1493,1499,1412,1493,16067,0.0664285714285715
2025-07-09,1500,1699,1462,1698,60384,0.13730743469524453
2025-07-10,1900,1952,1763,1949,82838,0.1478209658421672
2025-07-11,1950,2220,1950,2210,68906,0.13391482811698308
2025-07-14,2210,2540,2210,2540,65760,0.1493212669683257
2025-07-15,2700,2915,2300,2475,85239,-0.025590551181102317
2025-07-16,2600,2600,2200,2325,48515,-0.06060606060606055
2025-07-17,2400,2400,2180,2205,24740,-0.05161290322580647
2025-07-18,2205,2400,2115,2225,2863,0.009070294784580435
2025-07-21,2400,2400,2075,2190,11007,-0.01573033707865168
2025-07-22,2190,2200,1907,2075,17993,-0.05251141552511418
2025-07-23,2090,2090,1920,1999,8099,-0.03662650602409634
2025-07-24,2100,2100,1902,1999,13017,0.0
2025-07-25,2100,2200,1954,2035,17959,0.01800900450225118
2025-07-28,1996,2030,1940,1989,20219,-0.022604422604422636
2025-07-29,2100,2200,1940,2180,33736,0.09602815485168437
2025-07-30,2180,2400,2100,2250,14093,0.032110091743119185
2025-07-31,2295,2300,1995,2160,12567,-0.040000000000000036
2025-08-01,2100,2200,2090,2155,5625,-0.0023148148148147696
2025-08-04,2200,2280,2065,2070,14380,-0.03944315545243615
2025-08-05,2200,2200,2000,2030,16041,-0.019323671497584516
2025-08-06,2100,2190,2030,2095,20213,0.03201970443349755
2025-08-07,2150,2150,2035,2035,15675,-0.02863961813842486
2025-08-08,2195,2195,2030,2060,13653,0.01228501228501222
2025-08-11,2190,2190,2070,2105,11632,0.02184466019417486
2025-08-12,2185,2185,1995,2020,19525,-0.040380047505938266
2025-08-13,2100,2100,1951,1998,28492,-0.0108910891089109
2025-08-14,1990,2085,1950,2000,9752,0.0010010010010010895
2025-08-18,2190,2190,1922,1978,21735,-0.01100000000000001
2025-08-19,2080,2080,1900,1910,11526,-0.034378159757330606
2025-08-20,1999,1999,1750,1889,29704,-0.01099476439790581
2025-08-21,1897,2000,1800,1800,21959,-0.04711487559555316
2025-08-22,1896,1896,1700,1880,17945,0.04444444444444451
