Date,Open,High,Low,Close,Volume,Change
2022-01-03,12800,12850,12250,12400,449696,-0.023622047244094446
2022-01-04,12650,12700,12050,12050,505292,-0.028225806451612878
2022-01-05,12100,12300,11800,11900,472657,-0.012448132780082943
2022-01-06,11500,11950,11400,11450,383426,-0.037815126050420145
2022-01-07,11500,11850,11500,11750,280656,0.026200873362445476
2022-01-10,11550,11600,10900,11050,569761,-0.05957446808510636
2022-01-11,10950,11250,10650,10700,407707,-0.03167420814479638
2022-01-12,10800,11350,10800,11150,367192,0.0420560747663552
2022-01-13,11200,11650,11100,11600,443080,0.04035874439461873
2022-01-14,11300,11500,11150,11250,251103,-0.030172413793103425
2022-01-17,11200,11350,10550,10850,363381,-0.03555555555555556
2022-01-18,10750,11100,10600,10950,313267,0.009216589861751112
2022-01-19,10750,10900,10450,10550,357367,-0.0365296803652968
2022-01-20,10450,11300,10450,10900,500341,0.033175355450236976
2022-01-21,10750,11000,10450,10600,350535,-0.02752293577981646
2022-01-24,10450,10600,9980,10150,514817,-0.04245283018867929
2022-01-25,10100,10350,9780,9920,498241,-0.022660098522167438
2022-01-26,9820,10150,9800,9820,439117,-0.01008064516129037
2022-01-27,9850,9950,9200,9200,547802,-0.06313645621181263
2022-01-28,9200,9520,8970,9400,609735,0.021739130434782705
2022-02-03,9700,9720,9460,9560,296077,0.017021276595744705
2022-02-04,9480,9800,9440,9710,253421,0.01569037656903771
2022-02-07,9710,9720,9390,9690,233370,-0.002059732234809486
2022-02-08,9620,10100,9500,9690,363837,0.0
2022-02-09,9750,10450,9750,10250,757961,0.057791537667698734
2022-02-10,10400,10400,9900,9940,385078,-0.030243902439024417
2022-02-11,9760,9980,9650,9770,308757,-0.017102615694164935
2022-02-14,9450,9690,9030,9130,551108,-0.06550665301944725
2022-02-15,9130,9200,8820,8880,370523,-0.027382256297918905
2022-02-16,9060,9830,9060,9630,706783,0.08445945945945943
2022-02-17,9730,9970,9350,9700,594521,0.007268951194184803
2022-02-18,9450,10250,9440,10200,433829,0.05154639175257736
2022-02-21,9910,10050,9800,10000,357540,-0.019607843137254943
2022-02-22,9730,9950,9730,9790,226050,-0.02100000000000002
2022-02-23,9920,10150,9870,10150,254137,0.036772216547497516
2022-02-24,9920,10000,9440,9450,517635,-0.06896551724137934
2022-02-25,9740,10100,9740,9990,473000,0.05714285714285716
2022-02-28,9990,10150,9850,9950,207756,-0.004004004004004025
2022-03-02,9910,10450,9900,10400,610714,0.045226130653266416
2022-03-03,10500,10550,10250,10350,420854,-0.004807692307692291
2022-03-04,10200,10300,10000,10100,211924,-0.024154589371980673
2022-03-07,9930,10000,9570,9700,321929,-0.03960396039603964
2022-03-08,9470,9600,9280,9290,284021,-0.04226804123711336
2022-03-10,9550,9670,9300,9320,194134,0.0032292787944026013
2022-03-11,9330,9500,9180,9300,242501,-0.0021459227467811592
2022-03-14,9250,9290,8870,8960,280754,-0.03655913978494618
2022-03-15,8810,8990,8680,8720,325140,-0.0267857142857143
2022-03-16,8830,9080,8780,8880,353767,0.0183486238532109
2022-03-17,9100,9360,9080,9280,342289,0.04504504504504503
2022-03-18,9400,9400,9200,9280,190966,0.0
2022-03-21,9310,9490,9200,9400,213901,0.012931034482758674
2022-03-22,9350,9420,9260,9400,137356,0.0
2022-03-23,9540,9840,9450,9570,493852,0.018085106382978777
2022-03-24,9570,9580,9380,9510,209541,-0.006269592476489061
2022-03-25,9570,9640,9480,9480,183979,-0.003154574132492094
2022-03-28,9530,9570,9400,9500,166962,0.0021097046413502962
2022-03-29,9560,9910,9500,9840,474921,0.03578947368421059
2022-03-30,9880,9930,9680,9700,251118,-0.014227642276422814
2022-03-31,9700,10050,9650,10050,344813,0.03608247422680422
2022-04-01,9910,10050,9790,9820,321006,-0.022885572139303534
2022-04-04,9940,10500,9790,10450,935198,0.0641547861507128
2022-04-05,10550,10750,10400,10550,520583,0.009569377990430672
2022-04-06,10350,10950,10250,10350,907986,-0.018957345971563955
2022-04-07,10250,10350,10050,10150,380702,-0.019323671497584516
2022-04-08,10250,10600,10150,10300,489056,0.014778325123152802
2022-04-11,10450,10450,9960,9990,296433,-0.030097087378640808
2022-04-12,9890,10150,9840,9950,263380,-0.004004004004004025
2022-04-13,9990,10250,9990,10100,277270,0.015075376884422065
2022-04-14,10150,10300,9980,9980,198867,-0.011881188118811892
2022-04-15,9960,9960,9750,9810,278830,-0.017034068136272507
2022-04-18,9780,9830,9580,9600,203818,-0.021406727828746197
2022-04-19,9620,9760,9620,9700,156709,0.01041666666666674
2022-04-20,9750,10400,9710,10300,1120638,0.061855670103092786
2022-04-21,10450,10800,10350,10500,1068454,0.01941747572815533
2022-04-22,10400,10450,10200,10450,256914,-0.004761904761904745
2022-04-25,10200,10350,10000,10050,378705,-0.038277511961722466
2022-04-26,10150,10250,9910,9910,319760,-0.013930348258706426
2022-04-27,9600,9810,9540,9800,293245,-0.011099899091826404
2022-04-28,9860,9900,9650,9680,158148,-0.01224489795918371
2022-04-29,9740,9840,9660,9700,163243,0.0020661157024792765
2022-05-02,9650,9680,9520,9560,190745,-0.014432989690721598
2022-05-03,9620,9710,9590,9590,158446,0.003138075313807498
2022-05-04,9590,9720,9490,9540,213841,-0.005213764337851923
2022-05-06,9460,9480,9110,9150,322388,-0.04088050314465408
2022-05-09,9100,9130,8820,8820,211366,-0.0360655737704918
2022-05-10,8620,8850,8300,8730,288152,-0.010204081632653073
2022-05-11,8640,8820,8500,8660,111428,-0.008018327605956443
2022-05-12,8450,8580,8190,8270,260167,-0.04503464203233254
2022-05-13,8270,8450,8250,8420,158773,0.018137847642079707
2022-05-16,8510,8740,8440,8560,141291,0.016627078384798155
2022-05-17,8500,8840,8480,8840,191375,0.032710280373831724
2022-05-18,8910,9300,8900,9020,329348,0.020361990950226172
2022-05-19,8740,9410,8710,9280,487751,0.02882483370288247
2022-05-20,9260,9350,9180,9310,203213,0.003232758620689724
2022-05-23,9310,9690,9310,9370,318999,0.0064446831364124435
2022-05-24,9370,9370,9010,9010,165373,-0.0384204909284952
2022-05-25,9020,9130,8900,9000,105539,-0.0011098779134295356
2022-05-26,9040,9290,9040,9060,102503,0.006666666666666599
2022-05-27,9210,9410,9170,9250,148899,0.020971302428256067
2022-05-30,9400,9520,9200,9460,167508,0.022702702702702693
2022-05-31,9410,9530,9320,9440,103598,-0.0021141649048626032
2022-06-02,9400,9470,9280,9280,82966,-0.016949152542372836
2022-06-03,9350,9440,9110,9250,65301,-0.003232758620689613
2022-06-07,9240,9260,8980,9010,117639,-0.025945945945945903
2022-06-08,9030,9090,8800,8860,105790,-0.01664816870144281
2022-06-09,8860,8900,8650,8720,85864,-0.015801354401805856
2022-06-10,8600,8890,8560,8750,109426,0.0034403669724769603
2022-06-13,8510,8560,8090,8090,277074,-0.0754285714285714
2022-06-14,7750,9520,7750,8330,2296117,0.02966625463535233
2022-06-15,8160,8270,7820,8170,296929,-0.019207683073229287
2022-06-16,8270,8550,8210,8210,286439,0.004895960832313362
2022-06-17,7810,8170,7810,8140,139317,-0.008526187576126665
2022-06-20,8150,8200,7470,7560,322288,-0.07125307125307123
2022-06-21,7480,7600,7340,7500,194860,-0.007936507936507908
2022-06-22,7590,7690,6840,6970,339404,-0.07066666666666666
2022-06-23,6900,7090,6510,6510,358606,-0.06599713055954093
2022-06-24,6510,7010,6510,7000,332739,0.07526881720430101
2022-06-27,7100,7310,7000,7220,193619,0.03142857142857136
2022-06-28,7200,7400,7110,7270,105212,0.006925207756232732
2022-06-29,7100,7240,7020,7160,103034,-0.015130674002751032
2022-06-30,7260,7260,6750,6780,208858,-0.05307262569832405
2022-07-01,6760,6890,6450,6550,186786,-0.03392330383480824
2022-07-04,6640,6680,6210,6400,146235,-0.022900763358778664
2022-07-05,6470,6770,6440,6720,168050,0.050000000000000044
2022-07-06,6750,6890,6590,6660,138941,-0.008928571428571397
2022-07-07,6750,6870,6670,6870,80702,0.03153153153153143
2022-07-08,7050,7050,6850,6940,119085,0.010189228529839944
2022-07-11,6970,7010,6800,6840,86397,-0.014409221902017322
2022-07-12,6780,6780,6590,6610,95144,-0.033625730994152
2022-07-13,6600,6750,6450,6680,86434,0.010590015128593144
2022-07-14,6680,7140,6680,6910,300290,0.034431137724550975
2022-07-15,6880,6940,6650,6780,184897,-0.01881331403762665
2022-07-18,6920,7450,6800,7210,581744,0.06342182890855463
2022-07-19,7230,7320,7120,7300,145635,0.012482662968099856
2022-07-20,7550,7550,7240,7280,182853,-0.002739726027397249
2022-07-21,7260,7360,7250,7280,114378,0.0
2022-07-22,7350,7550,7250,7250,203473,-0.004120879120879106
2022-07-25,7250,7390,7180,7350,91991,0.01379310344827589
2022-07-26,7350,7390,7260,7350,76519,0.0
2022-07-27,7340,7510,7260,7380,115307,0.004081632653061273
2022-07-28,7540,8480,7470,7940,2885335,0.07588075880758804
2022-07-29,7880,8210,7740,7940,529842,0.0
2022-08-01,8020,8450,7880,8260,611436,0.04030226700251882
2022-08-02,8260,8400,8100,8180,260522,-0.009685230024213065
2022-08-03,8120,10500,8120,10100,16733793,0.23471882640586794
2022-08-04,9920,9960,9600,9850,2990332,-0.024752475247524774
2022-08-05,9760,9960,9610,9800,1717015,-0.005076142131979711
2022-08-08,9690,9870,9600,9650,1018580,-0.015306122448979553
2022-08-09,9700,10450,9690,9800,4636513,0.015544041450777257
2022-08-10,9700,10350,9640,9950,2124661,0.015306122448979664
2022-08-11,10150,10350,9820,10000,1375227,0.005025125628140614
2022-08-12,10000,10300,9130,9170,1896012,-0.08299999999999996
2022-08-16,9300,10700,9280,9950,5578448,0.0850599781897492
2022-08-17,9950,10100,9720,9720,1162989,-0.02311557788944718
2022-08-18,9760,10150,9760,9840,1452046,0.012345679012345734
2022-08-19,10050,10350,9810,9870,1408140,0.0030487804878047697
2022-08-22,9810,10150,9520,9540,858164,-0.033434650455927084
2022-08-23,9360,9590,9210,9420,595000,-0.012578616352201255
2022-08-24,9510,9900,9510,9810,639824,0.04140127388535042
2022-08-25,9860,10600,9800,10500,3120286,0.07033639143730896
2022-08-26,10450,10700,10150,10300,1358748,-0.01904761904761909
2022-08-29,9850,10200,9810,10000,652604,-0.029126213592232997
2022-08-30,10150,12150,10100,11450,17481366,0.14500000000000002
2022-08-31,11450,11900,11350,11900,3572876,0.0393013100436681
2022-09-01,12300,12550,11150,11150,4915206,-0.06302521008403361
2022-09-02,11400,11650,10800,10900,1969693,-0.022421524663677084
2022-09-05,10850,11050,10600,10700,1347968,-0.01834862385321101
2022-09-06,10650,11200,10650,11150,1679850,0.0420560747663552
2022-09-07,11000,11950,10950,11800,3010724,0.058295964125560484
2022-09-08,12050,12300,11300,11350,2253877,-0.03813559322033899
2022-09-13,11550,11700,11250,11400,808023,0.004405286343612369
2022-09-14,10900,11150,10900,11000,761060,-0.03508771929824561
2022-09-15,11100,12100,11050,12100,2330730,0.10000000000000009
2022-09-16,11900,12150,11200,11450,1608422,-0.05371900826446285
2022-09-19,11450,11500,10100,10300,1187021,-0.10043668122270744
2022-09-20,10350,10550,10100,10100,783006,-0.01941747572815533
2022-09-21,9960,10300,9610,10300,535016,0.01980198019801982
2022-09-22,10000,10200,9920,10150,518109,-0.014563106796116498
2022-09-23,10150,10450,9550,9730,715356,-0.04137931034482756
2022-09-26,9450,9620,9090,9100,722590,-0.06474820143884896
2022-09-27,9100,9400,8920,9280,548114,0.01978021978021971
2022-09-28,9280,10200,8980,9560,2949956,0.030172413793103425
2022-09-29,9870,10150,9050,9100,1384585,-0.04811715481171552
2022-09-30,8920,9150,8390,8390,940002,-0.07802197802197797
2022-10-04,8570,8900,8480,8800,479509,0.04886769964243154
2022-10-05,9000,9680,8930,9040,1343119,0.027272727272727337
2022-10-06,9150,9670,9100,9420,717436,0.042035398230088505
2022-10-07,9380,9460,9170,9210,371662,-0.022292993630573243
2022-10-11,8950,8960,8300,8450,662548,-0.08251900108577637
2022-10-12,8410,8530,8200,8340,412395,-0.013017751479289963
2022-10-13,8340,8430,7750,7750,457723,-0.07074340527577938
2022-10-14,8050,8230,7990,8140,311361,0.05032258064516126
2022-10-17,7880,8440,7850,8400,299893,0.03194103194103204
2022-10-18,8700,8750,8380,8620,432387,0.026190476190476097
2022-10-19,8740,9330,8520,8690,2563515,0.008120649651972123
2022-10-20,8560,8790,8430,8480,269425,-0.024165707710011475
2022-10-21,8310,8770,8310,8470,396392,-0.001179245283018826
2022-10-24,8690,8850,8650,8670,282186,0.023612750885478206
2022-10-25,9080,9260,8600,8620,900851,-0.005767012687427964
2022-10-26,8720,9040,8610,8610,561499,-0.001160092807424573
2022-10-27,8720,8850,8630,8760,215739,0.017421602787456525
2022-10-28,8760,8930,8670,8700,345173,-0.006849315068493178
2022-10-31,8810,8830,8680,8710,236919,0.0011494252873562871
2022-11-01,8790,9180,8730,9120,646154,0.04707233065442029
2022-11-02,9120,9120,8770,8860,509027,-0.028508771929824595
2022-11-03,8610,9090,8600,9020,406067,0.018058690744920947
2022-11-04,9050,9230,8870,8970,353850,-0.005543237250554278
2022-11-07,9030,9050,8800,8840,282038,-0.01449275362318836
2022-11-08,8860,8920,8730,8810,298191,-0.0033936651583710287
2022-11-09,8870,8980,8790,8870,307310,0.006810442678774065
2022-11-10,8790,8920,8650,8660,292481,-0.02367531003382184
2022-11-11,8900,9050,8810,8940,607167,0.0323325635103926
2022-11-14,8980,9230,8950,9120,640736,0.020134228187919545
2022-11-15,9130,9200,8910,9050,309661,-0.007675438596491224
2022-11-16,9150,9150,8810,8880,335655,-0.018784530386740328
2022-11-17,8850,9200,8670,9000,607831,0.013513513513513598
2022-11-18,8940,8970,8670,8690,368765,-0.0344444444444445
2022-11-21,8750,8750,8200,8240,387593,-0.05178365937859608
2022-11-22,8160,8670,8150,8260,280797,0.0024271844660195274
2022-11-23,8310,8510,8310,8390,134723,0.0157384987893463
2022-11-24,8450,8940,8450,8880,500453,0.05840286054827182
2022-11-25,9020,9280,8980,9100,947557,0.024774774774774855
2022-11-28,9110,9300,8840,8850,549087,-0.027472527472527486
2022-11-29,8800,9180,8790,9100,293940,0.02824858757062154
2022-11-30,9100,9100,8870,8960,189692,-0.01538461538461533
2022-12-01,9100,9250,9000,9050,341423,0.010044642857142794
2022-12-02,9140,9510,8880,9000,1117238,-0.0055248618784530246
2022-12-05,9110,9150,8810,8880,345281,-0.013333333333333308
2022-12-06,8810,8880,8520,8560,325145,-0.036036036036036
2022-12-07,8400,8590,8400,8450,203909,-0.012850467289719614
2022-12-08,8420,8530,8330,8330,159870,-0.014201183431952646
2022-12-09,8350,8510,8050,8250,285867,-0.009603841536614643
2022-12-12,8060,8280,8000,8170,185111,-0.009696969696969648
2022-12-13,8170,8230,8080,8190,133246,0.00244798041615657
2022-12-14,8160,8310,8150,8290,106781,0.012210012210012167
2022-12-15,8240,8310,8170,8200,99205,-0.010856453558504175
2022-12-16,8000,8130,7990,8080,106699,-0.014634146341463428
2022-12-19,8080,8160,7960,8000,131078,-0.00990099009900991
2022-12-20,7900,7990,7550,7600,339978,-0.050000000000000044
2022-12-21,7620,7680,7350,7430,228009,-0.022368421052631593
2022-12-22,7450,7750,7450,7630,201936,0.026917900403768513
2022-12-23,7570,7570,7230,7240,251668,-0.051114023591087854
2022-12-26,7180,7280,7110,7200,142891,-0.0055248618784530246
2022-12-27,7140,7420,7140,7270,155220,0.009722222222222188
2022-12-28,7180,7260,6990,7110,181613,-0.022008253094910613
2022-12-29,7020,7080,6920,6970,171790,-0.019690576652601988
2023-01-02,6870,7140,6860,6860,188229,-0.015781922525107572
2023-01-03,6850,6980,6580,6900,205238,0.005830903790087438
2023-01-04,6760,7060,6720,7040,104063,0.020289855072463725
2023-01-05,7050,7140,6750,7000,258046,-0.005681818181818232
2023-01-06,6950,8100,6920,7410,3522449,0.0585714285714285
2023-01-09,7420,7600,7420,7480,320123,0.009446693657219951
2023-01-10,7480,7930,7480,7580,826464,0.013368983957219305
2023-01-11,7610,7890,7610,7800,408763,0.029023746701847042
2023-01-12,7890,7890,7750,7780,219977,-0.002564102564102555
2023-01-13,7820,7900,7720,7740,149062,-0.005141388174807249
2023-01-16,7850,8020,7730,7750,305761,0.0012919896640826156
2023-01-17,8000,8070,7720,7730,431012,-0.002580645161290307
2023-01-18,7760,7810,7600,7610,136542,-0.015523932729624823
2023-01-19,7550,7670,7450,7470,120844,-0.018396846254927768
2023-01-20,7480,7640,7440,7570,92066,0.01338688085676032
2023-01-25,7650,7930,7650,7810,261717,0.031704095112285335
2023-01-26,7820,8050,7770,8030,358417,0.028169014084507005
2023-01-27,8130,8130,7940,7980,235513,-0.0062266500622665255
2023-01-30,7990,8120,7920,8000,176693,0.0025062656641603454
2023-01-31,8130,8130,7890,8000,199630,0.0
2023-02-01,8010,8190,8010,8070,278231,0.008750000000000036
2023-02-02,8140,8260,8100,8140,190496,0.00867410161090465
2023-02-03,8140,8200,8040,8110,174207,-0.0036855036855036882
2023-02-06,8170,8270,8040,8160,207559,0.006165228113440113
2023-02-07,8080,8400,8080,8300,348307,0.017156862745097978
2023-02-08,8350,8460,8150,8450,384533,0.01807228915662651
2023-02-09,8350,8410,8250,8360,249514,-0.010650887573964485
2023-02-10,8420,8540,8130,8150,329216,-0.02511961722488043
2023-02-13,8160,8550,8140,8290,375709,0.01717791411042935
2023-02-14,8290,8340,8140,8290,387780,0.0
2023-02-15,8300,8400,7960,8020,321662,-0.03256936067551264
2023-02-16,8090,8620,8030,8560,950793,0.06733167082294256
2023-02-17,8400,8600,8350,8450,297233,-0.012850467289719614
2023-02-20,8500,8540,8300,8470,207815,0.002366863905325367
2023-02-21,8410,8490,8300,8370,193033,-0.011806375442739103
2023-02-22,8190,8340,8030,8090,405791,-0.03345280764635605
2023-02-23,8130,8150,7910,8090,214066,0.0
2023-02-24,8080,8120,7770,7980,373493,-0.013597033374536438
2023-02-27,7920,8000,7810,7890,129410,-0.011278195488721776
2023-02-28,7960,8270,7930,8130,434575,0.03041825095057038
2023-03-02,8230,8380,8120,8270,318915,0.017220172201722006
2023-03-03,8260,9080,8260,9080,1755795,0.09794437726723104
2023-03-06,9350,10840,9100,10580,8388389,0.16519823788546262
2023-03-07,10820,11440,10520,10920,4869082,0.032136105860113506
2023-03-08,10790,11800,10610,11110,3622868,0.017399267399267337
2023-03-09,11160,11250,10570,10810,1373833,-0.027002700270027047
2023-03-10,10640,11130,10420,10580,1020862,-0.021276595744680882
2023-03-13,10520,10680,10230,10490,769078,-0.008506616257088817
2023-03-14,10410,10450,9450,9560,1249638,-0.08865586272640613
2023-03-15,9940,10080,9690,9810,850836,0.026150627615062705
2023-03-16,9920,10410,9750,10260,1467099,0.04587155963302747
2023-03-17,10420,10430,9500,9700,981155,-0.05458089668615984
2023-03-20,9500,10100,9350,9740,837561,0.004123711340206171
2023-03-21,9920,10290,9920,10210,1180882,0.04825462012320325
2023-03-22,10650,11490,10340,10860,4724812,0.0636630754162586
2023-03-23,10800,11250,10000,10370,2194133,-0.04511970534069987
2023-03-24,10490,10590,9790,9850,1924646,-0.05014464802314367
2023-03-27,9860,10580,9860,10240,1758371,0.039593908629441676
2023-03-28,10600,10600,9970,10100,933020,-0.013671875
2023-03-29,10800,12450,10550,12070,13966002,0.195049504950495
2023-03-30,12840,13670,12130,12370,11122899,0.024855012427506207
2023-03-31,12350,12350,11340,11340,2495593,-0.08326596604688763
2023-04-03,11730,11900,11200,11610,2263311,0.023809523809523725
2023-04-04,11370,12280,11170,11300,2750493,-0.0267011197243755
2023-04-05,11350,13470,10870,12810,13786825,0.13362831858407076
2023-04-06,12570,12680,11790,12120,2354749,-0.05386416861826693
2023-04-07,12340,13380,12200,12650,5524328,0.04372937293729362
2023-04-10,13070,13300,12060,12200,2966477,-0.035573122529644285
2023-04-11,12250,12400,11340,11700,1674057,-0.040983606557377095
2023-04-12,11640,11810,11150,11150,1140251,-0.047008547008547064
2023-04-13,10990,11080,10300,10850,1128409,-0.026905829596412523
2023-04-14,11150,11880,11150,11430,1801054,0.05345622119815663
2023-04-17,11450,11890,11050,11750,1047699,0.027996500437445393
2023-04-18,11960,12090,11470,11640,1295521,-0.009361702127659521
2023-04-19,11640,12460,11580,12270,3321131,0.054123711340206215
2023-04-20,12250,12250,11380,11380,1142628,-0.07253463732681331
2023-04-21,11300,11300,10830,10830,821791,-0.048330404217926226
2023-04-24,10700,11160,10500,10690,654222,-0.012927054478301003
2023-04-25,10680,10860,9980,10260,1071860,-0.04022450888681006
2023-04-26,10120,10330,10010,10010,421913,-0.024366471734892814
2023-04-27,10030,10280,9810,10280,367231,0.02697302697302706
2023-04-28,10400,10500,9750,9750,661755,-0.051556420233463074
2023-05-02,9750,9900,9580,9620,564887,-0.013333333333333308
2023-05-03,9500,9710,9400,9410,381666,-0.021829521829521803
2023-05-04,9430,9550,9210,9350,338538,-0.006376195536663132
2023-05-08,9500,9500,9190,9240,283043,-0.0117647058823529
2023-05-09,9220,9300,8950,9110,340042,-0.01406926406926412
2023-05-10,9060,9190,8910,8910,301722,-0.021953896816684915
2023-05-11,9040,9300,8900,8940,324730,0.0033670033670034627
2023-05-12,8820,9010,8810,8850,199965,-0.010067114093959773
2023-05-15,8920,8920,8540,8800,331730,-0.005649717514124242
2023-05-16,8760,8940,8530,8640,318080,-0.018181818181818188
2023-05-17,8600,8920,8580,8910,346848,0.03125
2023-05-18,8990,9050,8870,9000,208170,0.010101010101010166
2023-05-19,9080,9080,8870,9060,245664,0.006666666666666599
2023-05-22,9060,9100,8860,9080,187960,0.002207505518763808
2023-05-23,9160,9340,9070,9080,523158,0.0
2023-05-24,9040,9250,8960,9170,238555,0.009911894273127775
2023-05-25,9170,9170,8900,8910,292693,-0.028353326063249695
2023-05-26,8910,9020,8710,8710,193439,-0.02244668911335579
2023-05-30,8750,8990,8750,8990,155684,0.03214695752009189
2023-05-31,9020,9130,9000,9100,222518,0.012235817575083408
2023-06-01,9100,9130,8970,9030,121887,-0.007692307692307665
2023-06-02,9100,9300,8980,9260,430336,0.025470653377630104
2023-06-05,9330,9360,9220,9270,233706,0.001079913606911509
2023-06-07,9330,9450,9270,9360,288743,0.009708737864077666
2023-06-08,9300,9320,9120,9170,233140,-0.020299145299145338
2023-06-09,9240,9550,9220,9550,392209,0.04143947655398028
2023-06-12,9580,9620,9340,9360,321962,-0.019895287958115238
2023-06-13,9470,10000,9460,9640,1631176,0.029914529914529808
2023-06-14,9700,9980,9360,9480,1113071,-0.016597510373444035
2023-06-15,9530,9690,9400,9420,359361,-0.006329113924050667
2023-06-16,9580,9600,9310,9330,340530,-0.009554140127388533
2023-06-19,9300,9500,9210,9440,215643,0.011789924973204746
2023-06-20,9460,9460,9250,9260,202049,-0.01906779661016944
2023-06-21,9380,9420,9030,9040,335474,-0.023758099352051865
2023-06-22,9090,9270,8970,9130,228604,0.009955752212389424
2023-06-23,9350,9360,9000,9020,194781,-0.012048192771084376
2023-06-26,8990,9000,8850,8870,194768,-0.016629711751662946
2023-06-27,8850,8930,8730,8780,169210,-0.01014656144306647
2023-06-28,8820,8890,8550,8620,244448,-0.018223234624145768
2023-06-29,8700,8730,8560,8560,147271,-0.00696055684454755
2023-06-30,8540,8820,8410,8820,190538,0.030373831775700966
2023-07-03,8900,9050,8830,9020,202733,0.0226757369614512
2023-07-04,9020,9160,8940,9160,219919,0.015521064301552201
2023-07-05,9150,9190,9040,9110,142029,-0.00545851528384278
2023-07-06,8970,9090,8640,8710,210832,-0.04390779363336994
2023-07-07,8610,8780,8610,8630,135868,-0.009184845005740572
2023-07-10,8550,8730,8400,8470,251225,-0.018539976825028948
2023-07-11,8480,8740,8480,8700,161348,0.027154663518299982
2023-07-12,8660,8820,8650,8680,166060,-0.0022988505747126853
2023-07-13,8700,8860,8700,8820,153392,0.016129032258064502
2023-07-14,8880,8880,8420,8520,374586,-0.03401360544217691
2023-07-17,8520,8560,8180,8330,322334,-0.02230046948356812
2023-07-18,8360,8510,8300,8400,261425,0.008403361344537785
2023-07-19,8350,8410,8110,8150,329783,-0.029761904761904767
2023-07-20,8150,8590,8130,8340,352059,0.02331288343558291
2023-07-21,8250,8300,8180,8190,167201,-0.017985611510791366
2023-07-24,8180,8180,7920,8100,383979,-0.01098901098901095
2023-07-25,8100,8180,7870,7870,339517,-0.02839506172839501
2023-07-26,7850,8040,7400,7510,572185,-0.04574332909783985
2023-07-27,7370,7760,7370,7420,272484,-0.011984021304926817
2023-07-28,7380,7910,7380,7890,208840,0.06334231805929913
2023-07-31,7960,8110,7810,7970,204147,0.010139416983523386
2023-08-01,8010,8040,7660,7860,249592,-0.013801756587201952
2023-08-02,7860,7970,7590,7630,196623,-0.029262086513994867
2023-08-03,7550,7710,7450,7600,197092,-0.003931847968545177
2023-08-04,7540,7700,7540,7630,91672,0.003947368421052699
2023-08-07,7600,7600,7370,7410,235928,-0.028833551769331556
2023-08-08,7380,7570,7250,7300,188886,-0.014844804318488558
2023-08-09,7210,7470,7180,7430,120883,0.017808219178082174
2023-08-10,7430,7500,7240,7470,104204,0.0053835800807537915
2023-08-11,7470,7600,7360,7480,114829,0.0013386880856760541
2023-08-14,7480,7520,7210,7270,144688,-0.02807486631016043
2023-08-16,7210,7210,6880,6970,217886,-0.04126547455295737
2023-08-17,6800,7270,6600,7210,246479,0.03443328550932567
2023-08-18,7100,7140,6960,7070,93960,-0.01941747572815533
2023-08-21,7010,7240,7010,7100,80113,0.004243281471004279
2023-08-22,7290,7320,7060,7100,84300,0.0
2023-08-23,7200,7750,7200,7480,625867,0.05352112676056331
2023-08-24,7490,7570,7390,7400,157936,-0.010695187165775444
2023-08-25,7350,7480,7210,7310,122820,-0.012162162162162149
2023-08-28,7290,7850,7270,7650,261566,0.04651162790697683
2023-08-29,7650,7660,7550,7570,149630,-0.010457516339869244
2023-08-30,7680,7720,7530,7530,106351,-0.005284015852047519
2023-08-31,7540,7670,7380,7450,114938,-0.010624169986719778
2023-09-01,7550,7550,7280,7350,117289,-0.01342281879194629
2023-09-04,7410,7950,7410,7800,408158,0.061224489795918435
2023-09-05,7750,7820,7630,7660,128937,-0.017948717948717996
2023-09-06,7650,7650,7520,7520,93064,-0.018276762402088753
2023-09-07,7450,7550,7290,7310,159989,-0.027925531914893664
2023-09-08,7300,7390,7290,7320,72679,0.001367989056087593
2023-09-11,7310,7330,7130,7180,107709,-0.01912568306010931
2023-09-12,7200,7270,7080,7080,104085,-0.013927576601671321
2023-09-13,7150,7150,6970,7010,111433,-0.009887005649717562
2023-09-14,7040,7140,6970,7000,125847,-0.0014265335235378318
2023-09-15,7020,7130,6950,6950,122095,-0.0071428571428571175
2023-09-18,7000,7000,6800,6800,139781,-0.021582733812949617
2023-09-19,6800,6900,6670,6670,160770,-0.019117647058823573
2023-09-20,6680,6830,6680,6770,85116,0.014992503748125996
2023-09-21,6670,7000,6660,6690,178019,-0.011816838995568735
2023-09-22,6580,6750,6500,6530,175765,-0.02391629297458897
2023-09-25,6500,6560,6310,6370,120153,-0.024502297090352232
2023-09-26,6370,6470,6240,6270,131811,-0.015698587127158548
2023-09-27,6200,6450,6150,6430,76048,0.02551834130781505
2023-10-04,6400,6400,5980,5980,210519,-0.06998444790046654
2023-10-05,6010,6270,5990,6000,137228,0.0033444816053511683
2023-10-06,5900,6240,5900,6170,62330,0.02833333333333332
2023-10-10,6170,6260,5920,5940,111730,-0.037277147487844386
2023-10-11,5990,6450,5990,6240,153286,0.05050505050505061
2023-10-12,6240,6390,6240,6390,68396,0.024038461538461453
2023-10-13,6350,6380,6170,6260,70846,-0.020344287949921713
2023-10-16,6230,6230,6020,6140,83714,-0.019169329073482455
2023-10-17,6160,6280,6140,6260,57881,0.019543973941368087
2023-10-18,6350,6410,6180,6210,76846,-0.007987220447284393
2023-10-19,6160,6160,5940,5980,134400,-0.03703703703703709
2023-10-20,5850,5980,5680,5730,153432,-0.041806020066889604
2023-10-23,5620,5870,5620,5660,75651,-0.012216404886561949
2023-10-24,5670,5880,5500,5880,108964,0.03886925795053009
2023-10-25,5910,5990,5680,5690,79521,-0.03231292517006801
2023-10-26,5510,5630,5320,5340,145339,-0.061511423550087874
2023-10-27,5340,5590,5260,5480,95946,0.02621722846441954
2023-10-30,5380,5560,5380,5480,42886,0.0
2023-10-31,5500,5560,5180,5200,115744,-0.051094890510948954
2023-11-01,5250,5380,5220,5280,53757,0.01538461538461533
2023-11-02,5370,5570,5360,5560,78922,0.05303030303030298
2023-11-03,5790,5800,5520,5710,68318,0.026978417266187105
2023-11-06,5890,6240,5840,6170,211926,0.08056042031523636
2023-11-07,6170,6210,5900,6020,114058,-0.024311183144246407
2023-11-08,6010,6110,5900,5900,77255,-0.019933554817275767
2023-11-09,5900,5980,5780,5870,49791,-0.005084745762711895
2023-11-10,5770,5790,5680,5700,49256,-0.028960817717206155
2023-11-13,5700,5760,5610,5640,66597,-0.010526315789473717
2023-11-14,5590,5860,5590,5800,33169,0.028368794326241176
2023-11-15,5940,6020,5910,5910,63270,0.018965517241379404
2023-11-16,5950,6080,5950,5960,76750,0.008460236886632888
2023-11-17,5960,5960,5800,5840,49997,-0.020134228187919434
2023-11-20,5980,6010,5840,5940,44873,0.017123287671232834
2023-11-21,5910,6010,5910,5970,48878,0.005050505050504972
2023-11-22,6000,6000,5850,5900,43254,-0.011725293132328285
2023-11-23,5870,6000,5870,5900,26634,0.0
2023-11-24,5900,5940,5870,5900,30775,0.0
2023-11-27,5910,5910,5800,5850,42193,-0.008474576271186418
2023-11-28,5810,5890,5760,5810,48147,-0.006837606837606813
2023-11-29,5810,5850,5740,5820,58844,0.001721170395869276
2023-11-30,5820,6130,5790,6130,200604,0.053264604810996596
2023-12-01,6150,6150,5980,6000,97067,-0.021207177814029365
2023-12-04,5950,6200,5950,6090,148847,0.014999999999999902
2023-12-05,6030,6080,5790,5800,94796,-0.04761904761904767
2023-12-06,5800,5930,5800,5840,73497,0.006896551724137945
2023-12-07,5870,5880,5660,5690,69348,-0.025684931506849362
2023-12-08,5860,5930,5600,5810,62288,0.02108963093145877
2023-12-11,5830,6010,5810,5850,89201,0.0068846815834766595
2023-12-12,5810,6500,5810,6180,840379,0.05641025641025643
2023-12-13,6460,6710,6210,6330,1048504,0.024271844660194164
2023-12-14,6470,6570,6260,6280,290562,-0.00789889415481837
2023-12-15,6260,6500,6260,6300,206510,0.0031847133757962887
2023-12-18,6350,6490,6350,6400,145262,0.015873015873015817
2023-12-19,6400,8090,6270,7780,14192312,0.21562499999999996
2023-12-20,7670,7770,7540,7540,1735501,-0.03084832904884316
2023-12-21,7410,7440,7110,7130,977578,-0.05437665782493373
2023-12-22,7130,7360,7080,7280,954568,0.02103786816269282
2023-12-26,7280,7340,6950,6980,470755,-0.04120879120879117
2023-12-27,7010,7200,7010,7090,329710,0.015759312320916985
2023-12-28,7100,7230,7030,7160,289665,0.009873060648801113
2024-01-02,7160,7310,7090,7270,295509,0.015363128491620026
2024-01-03,7160,7200,7060,7200,318100,-0.009628610729023435
2024-01-04,7490,7520,7110,7160,572508,-0.005555555555555536
2024-01-05,7200,7380,7180,7220,318652,0.008379888268156499
2024-01-08,7280,7290,7120,7120,207460,-0.013850415512465353
2024-01-09,7150,7430,7150,7340,479114,0.030898876404494402
2024-01-10,7340,7340,7160,7230,178172,-0.01498637602179842
2024-01-11,7240,7330,7130,7130,197453,-0.013831258644536604
2024-01-12,7130,7220,6970,7200,259507,0.009817671809256634
2024-01-15,7250,7290,7010,7010,202769,-0.026388888888888906
2024-01-16,6900,6970,6720,6840,302641,-0.024251069900142697
2024-01-17,6910,6910,6550,6560,206634,-0.040935672514619936
2024-01-18,6590,6670,6400,6560,234133,0.0
2024-01-19,6590,6760,6460,6550,180778,-0.0015243902439023849
2024-01-22,6590,6640,6360,6510,164584,-0.006106870229007688
2024-01-23,6470,6730,6460,6600,168738,0.01382488479262678
2024-01-24,6610,6770,6540,6620,178034,0.003030303030302939
2024-01-25,6680,6680,6380,6420,198429,-0.030211480362537735
2024-01-26,6420,6590,6380,6560,105498,0.02180685358255441
2024-01-29,6550,6560,6280,6310,188637,-0.038109756097560954
2024-01-30,6340,6490,6250,6300,152732,-0.0015847860538826808
2024-01-31,6220,6330,6070,6120,146143,-0.02857142857142858
2024-02-01,6060,6200,5910,6180,155312,0.009803921568627416
2024-02-02,6230,6310,6170,6180,84047,0.0
2024-02-05,6190,7760,6100,7010,12568017,0.13430420711974111
2024-02-06,6800,6960,6630,6900,1805517,-0.015691868758915817
2024-02-07,6790,6900,6650,6700,986725,-0.02898550724637683
2024-02-08,6620,6640,6400,6500,654832,-0.02985074626865669
2024-02-13,6500,6780,6460,6710,489346,0.03230769230769237
2024-02-14,6640,7750,6590,7320,9090144,0.09090909090909083
2024-02-15,7230,7370,7060,7240,1376668,-0.010928961748633892
2024-02-16,7570,8400,7420,8040,17272900,0.11049723756906071
2024-02-19,7970,8350,7780,7790,2035878,-0.031094527363184077
2024-02-20,7720,9040,7600,8340,12411724,0.0706033376123234
2024-02-21,8210,8500,8040,8140,1786450,-0.023980815347721784
2024-02-22,8220,8550,8070,8090,1687462,-0.00614250614250611
2024-02-23,7950,7950,7640,7720,1022862,-0.04573547589616811
2024-02-26,7640,7880,7620,7720,524372,0.0
2024-02-27,7630,7770,7380,7460,601884,-0.033678756476683946
2024-02-28,7590,7920,7470,7730,691081,0.036193029490616535
2024-02-29,7700,7710,7400,7460,321647,-0.03492884864165591
2024-03-04,7470,8210,7460,7900,2550870,0.05898123324396787
2024-03-05,7870,8470,7860,8210,3083135,0.03924050632911391
2024-03-06,8140,8170,7960,8000,474947,-0.025578562728379994
2024-03-07,7980,8580,7670,8470,2881153,0.05875000000000008
2024-03-08,8250,8370,7980,7980,1296775,-0.05785123966942152
2024-03-11,7850,8160,7750,7940,499782,-0.005012531328320802
2024-03-12,7800,8160,7800,8070,583536,0.016372795969773257
2024-03-13,8250,8300,7920,8020,658283,-0.006195786864931829
2024-03-14,8020,8420,8010,8310,1596292,0.03615960099750626
2024-03-15,8380,8580,8120,8180,894264,-0.01564380264741272
2024-03-18,8110,8390,8040,8280,624618,0.012224938875305513
2024-03-19,8350,8430,8160,8390,547706,0.013285024154589431
2024-03-20,8340,8370,8150,8220,499683,-0.020262216924910592
2024-03-21,8400,8480,8200,8200,475364,-0.0024330900243308973
2024-03-22,8190,8220,7880,7880,587377,-0.039024390243902474
2024-03-25,7770,7950,7740,7760,321289,-0.015228426395939132
2024-03-26,7740,7820,7570,7650,268297,-0.014175257731958713
2024-03-27,7590,8080,7590,7770,359988,0.015686274509803866
2024-03-28,7830,7870,7600,7640,207482,-0.016731016731016735
2024-03-29,7640,7730,7410,7620,162069,-0.002617801047120394
2024-04-01,7770,7860,7710,7750,188128,0.017060367454068137
2024-04-02,7860,7860,7510,7530,206734,-0.0283870967741936
2024-04-03,7400,7530,7110,7150,400722,-0.050464807436918946
2024-04-04,7160,7250,7010,7240,257147,0.012587412587412583
2024-04-05,7240,7250,7050,7190,147333,-0.006906077348066253
2024-04-08,7240,7360,7050,7300,253089,0.015299026425591
2024-04-09,7260,7500,7170,7190,372362,-0.015068493150684925
2024-04-11,7190,7190,6810,7000,167171,-0.026425591098748313
2024-04-12,7210,7400,7000,7000,234297,0.0
2024-04-15,6820,7160,6740,7070,201016,0.010000000000000009
2024-04-16,7050,7090,6750,6830,146622,-0.0339462517680339
2024-04-17,6830,6930,6820,6820,81267,-0.0014641288433382416
2024-04-18,6760,7030,6760,6890,107463,0.01026392961876832
2024-04-19,6940,6940,6500,6710,177659,-0.026124818577648812
2024-04-22,6710,6820,6690,6710,99797,0.0
2024-04-23,6710,6870,6640,6680,103155,-0.0044709388971684305
2024-04-24,6810,7000,6800,7000,144058,0.0479041916167664
2024-04-25,7000,7060,6770,6770,88759,-0.03285714285714281
2024-04-26,6840,6880,6680,6810,98788,0.005908419497784312
2024-04-29,6820,7000,6820,7000,112165,0.027900146842878115
2024-04-30,7030,7060,6860,6870,123381,-0.018571428571428572
2024-05-02,6870,6930,6780,6850,73651,-0.0029112081513827937
2024-05-03,6860,6930,6790,6800,89899,-0.007299270072992692
2024-05-07,6840,6920,6750,6820,81236,0.002941176470588225
2024-05-08,6810,6880,6760,6850,126551,0.004398826979472137
2024-05-09,6870,6900,6700,6740,111551,-0.016058394160583966
2024-05-10,6740,6790,6560,6590,152641,-0.022255192878338326
2024-05-13,6610,6650,6420,6460,132249,-0.019726858877086473
2024-05-14,6460,6550,6440,6520,68074,0.009287925696594534
2024-05-16,6650,7030,6560,6940,429341,0.0644171779141105
2024-05-17,6980,7180,6830,6910,307967,-0.004322766570605152
2024-05-20,6870,6930,6790,6890,148866,-0.0028943560057886897
2024-05-21,6890,6950,6750,6750,123089,-0.020319303338171224
2024-05-22,6830,7030,6730,6740,435958,-0.001481481481481528
2024-05-23,6730,6790,6580,6690,174988,-0.007418397626112738
2024-05-24,6630,6640,6510,6510,116616,-0.026905829596412523
2024-05-27,6510,6660,6420,6640,149139,0.019969278033794113
2024-05-28,6670,6750,6560,6570,101326,-0.010542168674698815
2024-05-29,6550,6570,6450,6460,110558,-0.016742770167427756
2024-05-30,6380,6440,6230,6310,123671,-0.023219814241486114
2024-05-31,6250,6370,6250,6290,65489,-0.0031695721077654726
2024-06-03,6290,6430,6290,6390,79469,0.015898251192368873
2024-06-04,6340,6530,6320,6380,98776,-0.0015649452269170805
2024-06-05,6440,6800,6410,6710,304796,0.051724137931034475
2024-06-07,6710,6840,6650,6760,139375,0.007451564828613977
2024-06-10,6800,6980,6730,6870,164391,0.016272189349112454
2024-06-11,6810,7570,6810,7270,1666929,0.05822416302765654
2024-06-12,7270,7350,7100,7180,308301,-0.012379642365887178
2024-06-13,7190,7380,7130,7310,330778,0.01810584958217265
2024-06-14,7330,7350,7130,7330,222072,0.002735978112175186
2024-06-17,7350,7490,7160,7190,325210,-0.019099590723055893
2024-06-18,7190,7440,7160,7200,216121,0.0013908205841446364
2024-06-19,7200,7270,7090,7100,194594,-0.01388888888888884
2024-06-20,7120,7310,7000,7030,222467,-0.009859154929577452
2024-06-21,6910,7180,6910,7040,120083,0.0014224751066855834
2024-06-24,7060,7060,6810,6920,165331,-0.017045454545454586
2024-06-25,7100,7520,7070,7120,600489,0.028901734104046284
2024-06-26,7110,7490,7110,7180,288454,0.008426966292134797
2024-06-27,7200,7320,7120,7130,129212,-0.0069637883008356605
2024-06-28,7090,7170,7040,7050,100950,-0.011220196353436185
2024-07-01,6980,6990,6510,6700,334045,-0.049645390070921946
2024-07-02,6700,6720,6500,6530,145314,-0.025373134328358193
2024-07-03,6530,6730,6360,6380,188785,-0.02297090352220521
2024-07-04,6330,6470,6320,6350,101564,-0.00470219435736674
2024-07-05,6360,6440,6300,6390,97131,0.006299212598425141
2024-07-08,6330,6610,6330,6550,92831,0.025039123630672844
2024-07-09,6560,6600,6540,6550,57211,0.0
2024-07-10,6600,6600,6450,6450,90154,-0.01526717557251911
2024-07-11,6470,6600,6460,6500,66082,0.007751937984496138
2024-07-12,6440,6540,6400,6400,75748,-0.01538461538461533
2024-07-15,6400,6520,6300,6430,82801,0.004687499999999956
2024-07-16,6380,6430,6250,6270,114382,-0.02488335925349927
2024-07-17,6270,6290,6080,6100,106106,-0.027113237639553422
2024-07-18,6020,6080,5880,5990,104118,-0.0180327868852459
2024-07-19,5990,6100,5890,6040,102199,0.008347245409014992
2024-07-22,6040,6040,5750,5750,138857,-0.04801324503311255
2024-07-23,5750,5900,5710,5740,88072,-0.0017391304347825765
2024-07-24,5620,5800,5620,5660,57180,-0.013937282229965153
2024-07-25,5520,5700,5450,5610,102123,-0.00883392226148405
2024-07-26,5580,5670,5500,5590,49835,-0.0035650623885917776
2024-07-29,5550,5700,5530,5680,51367,0.01610017889087656
2024-07-30,5720,5730,5560,5600,64245,-0.014084507042253502
2024-07-31,5520,5620,5500,5580,88103,-0.0035714285714285587
2024-08-01,5580,5720,5580,5710,46910,0.023297491039426577
2024-08-02,5580,5580,5190,5250,262932,-0.08056042031523647
2024-08-05,5100,5200,4190,4420,343600,-0.15809523809523807
2024-08-06,4325,4835,4325,4770,239714,0.07918552036199089
2024-08-07,4630,4890,4630,4765,148586,-0.0010482180293500676
2024-08-08,4700,4920,4605,4920,112541,0.03252885624344182
2024-08-09,4930,5190,4930,5120,123305,0.04065040650406515
2024-08-12,5200,5610,5120,5340,709597,0.04296875
2024-08-13,5700,6280,5430,5490,2602416,0.028089887640449396
2024-08-14,5490,5590,5420,5450,228803,-0.007285974499089298
2024-08-16,5540,5550,5320,5320,157628,-0.023853211009174258
2024-08-19,5500,5850,5460,5520,558918,0.03759398496240607
2024-08-20,5600,6070,5520,5840,582405,0.05797101449275366
2024-08-21,5800,5800,5600,5630,226960,-0.03595890410958902
2024-08-22,5900,5900,5510,5540,119013,-0.01598579040852577
2024-08-23,5430,5690,5430,5640,119356,0.018050541516245522
2024-08-26,5690,5800,5560,5610,171574,-0.005319148936170248
2024-08-27,5560,5640,5500,5590,47279,-0.0035650623885917776
2024-08-28,5540,5580,5430,5430,83777,-0.028622540250447193
2024-08-29,5430,5550,5350,5400,51295,-0.0055248618784530246
2024-08-30,5400,5520,5380,5500,76129,0.0185185185185186
2024-09-02,5510,5670,5480,5640,114295,0.025454545454545396
2024-09-03,5640,5680,5570,5580,80130,-0.010638297872340385
2024-09-04,5350,5450,5260,5260,146326,-0.05734767025089604
2024-09-05,5270,5340,5100,5130,64087,-0.024714828897338448
2024-09-06,5090,5240,4895,4940,81602,-0.03703703703703709
2024-09-09,4760,5060,4745,5000,98282,0.012145748987854255
2024-09-10,4950,5050,4815,4875,57281,-0.025000000000000022
2024-09-11,4825,4945,4810,4880,56100,0.0010256410256410664
2024-09-12,4890,5100,4890,5060,65689,0.03688524590163933
2024-09-13,5070,5160,4970,5010,38162,-0.00988142292490124
2024-09-19,5010,5090,4855,4935,48419,-0.014970059880239472
2024-09-20,4950,5160,4950,5090,73150,0.03140830800405259
2024-09-23,5050,5280,5050,5260,59944,0.03339882121807469
2024-09-24,5360,5490,5280,5340,91562,0.015209125475285079
2024-09-25,5340,5520,5340,5420,85217,0.014981273408239737
2024-09-26,5450,5560,5390,5550,77607,0.023985239852398532
2024-09-27,5500,5580,5460,5550,34964,0.0
2024-09-30,5550,5550,5350,5400,46984,-0.027027027027026973
2024-10-02,5310,5430,5260,5330,32533,-0.012962962962962954
2024-10-04,5280,5330,5260,5300,20844,-0.0056285178236398226
2024-10-07,5300,5530,5300,5500,57649,0.037735849056603765
2024-10-08,5380,5460,5360,5410,34517,-0.016363636363636358
2024-10-10,5430,5460,5290,5320,30853,-0.01663585951940849
2024-10-11,5320,5370,5190,5190,34850,-0.024436090225563922
2024-10-14,5140,5290,5050,5220,41231,0.005780346820809301
2024-10-15,5190,5280,5100,5190,48723,-0.005747126436781658
2024-10-16,5190,5240,5100,5140,35509,-0.009633911368015391
2024-10-17,5050,5210,5050,5110,42928,-0.005836575875486361
2024-10-18,5110,5160,4950,5020,62079,-0.017612524461839585
2024-10-21,5020,5080,4910,5020,30089,0.0
2024-10-22,5020,5050,4825,4905,48034,-0.02290836653386452
2024-10-23,4860,4920,4650,4730,133384,-0.03567787971457692
2024-10-24,4615,4705,4615,4650,53079,-0.016913319238900604
2024-10-25,4675,4790,4600,4625,37352,-0.005376344086021501
2024-10-28,4580,4820,4580,4780,43129,0.033513513513513615
2024-10-29,4830,4830,4600,4735,29529,-0.009414225941422605
2024-10-30,4735,4760,4650,4660,18140,-0.015839493136219684
2024-10-31,4590,4730,4545,4680,23940,0.0042918454935623185
2024-11-01,4680,4680,4550,4610,29220,-0.014957264957264904
2024-11-04,4605,4775,4545,4775,43730,0.03579175704989157
2024-11-05,4700,4810,4700,4775,33980,0.0
2024-11-06,4785,4805,4520,4525,88739,-0.05235602094240843
2024-11-07,4450,4500,4280,4365,87416,-0.0353591160220994
2024-11-08,4375,4550,4375,4460,33306,0.021764032073310347
2024-11-11,4360,4440,4140,4175,122119,-0.06390134529147984
2024-11-12,4180,4230,3930,3930,153639,-0.05868263473053892
2024-11-13,3765,3990,3755,3760,130692,-0.043256997455470736
2024-11-14,3740,3865,3610,3625,112720,-0.03590425531914898
2024-11-15,3580,3620,3370,3500,165998,-0.03448275862068961
2024-11-18,3465,3750,3465,3675,69951,0.050000000000000044
2024-11-19,3640,3700,3585,3700,46657,0.006802721088435382
2024-11-20,3700,3700,3520,3635,27111,-0.01756756756756761
2024-11-21,3655,3695,3570,3605,37535,-0.008253094910591452
2024-11-22,3570,3725,3460,3640,38452,0.009708737864077666
2024-11-25,3670,3820,3640,3815,39797,0.04807692307692313
2024-11-26,3815,3855,3760,3855,43298,0.010484927916120546
2024-11-27,3870,3870,3735,3745,31218,-0.02853437094682232
2024-11-28,3800,3855,3745,3790,33274,0.012016021361815676
2024-11-29,3790,3790,3595,3600,61023,-0.05013192612137207
2024-12-02,3600,3665,3480,3480,45534,-0.033333333333333326
2024-12-03,3380,3555,3380,3525,46167,0.012931034482758674
2024-12-04,3380,3520,3370,3415,77719,-0.031205673758865293
2024-12-05,3385,3490,3315,3315,53379,-0.029282576866764276
2024-12-06,3260,3325,3120,3220,108157,-0.02865761689291102
2024-12-09,3150,3155,2930,2970,141099,-0.07763975155279501
2024-12-10,2920,3170,2920,3120,114158,0.05050505050505061
2024-12-11,3085,3230,3085,3180,48320,0.019230769230769162
2024-12-12,3210,3270,3160,3265,43064,0.02672955974842761
2024-12-13,3220,3315,3135,3275,41225,0.003062787136294043
2024-12-16,3295,3370,3295,3355,48988,0.02442748091603053
2024-12-17,3385,3430,3210,3335,128173,-0.005961251862891204
2024-12-18,3465,4335,3440,4060,5189916,0.21739130434782616
2024-12-19,4120,4615,4060,4105,3311314,0.011083743842364546
2024-12-20,4235,5060,4150,4560,8720045,0.11084043848964686
2024-12-23,4535,4625,4385,4565,1124182,0.0010964912280702066
2024-12-24,4930,5800,4735,4770,10201106,0.04490690032858713
2024-12-26,4810,5290,4710,4840,1475586,0.01467505241090139
2024-12-27,4750,4795,4435,4450,540076,-0.08057851239669422
2024-12-30,4330,5350,4330,4885,6047808,0.09775280898876404
2025-01-02,4895,5040,4765,4970,844151,0.017400204708290623
2025-01-03,4950,5130,4935,5040,837293,0.014084507042253502
2025-01-06,5030,5230,4860,5090,1026245,0.009920634920634885
2025-01-07,5100,5120,4940,4945,400545,-0.028487229862475427
2025-01-08,4900,4930,4815,4820,272306,-0.025278058645096024
2025-01-09,4825,4845,4590,4830,324641,0.0020746887966804906
2025-01-10,4900,4900,4665,4750,171683,-0.0165631469979296
2025-01-13,4900,5540,4750,5100,4031810,0.0736842105263158
2025-01-14,5100,5150,4925,4940,436447,-0.03137254901960784
2025-01-15,5020,5050,4790,4805,327745,-0.027327935222672073
2025-01-16,5030,5180,4990,5120,559244,0.0655567117585849
2025-01-17,5040,5090,4950,5010,250066,-0.021484375
2025-01-20,5010,5240,4975,5040,385481,0.0059880239520957446
2025-01-21,5060,5060,4720,4725,359140,-0.0625
2025-01-22,4725,4755,4600,4600,216187,-0.02645502645502651
2025-01-23,4560,4560,4435,4455,189498,-0.03152173913043477
2025-01-24,4475,4625,4360,4430,144726,-0.0056116722783389195
2025-01-31,4440,4480,4325,4340,60307,-0.020316027088036148
2025-02-03,4400,4700,4280,4370,327088,0.00691244239631339
2025-02-04,4335,4430,4255,4345,123078,-0.005720823798627039
2025-02-05,4390,4500,4390,4420,75476,0.017261219792865434
2025-02-06,4420,4500,4380,4500,75887,0.018099547511312153
2025-02-07,4700,5580,4690,4985,6822261,0.10777777777777775
2025-02-10,4935,5050,4855,5050,402005,0.013039117352056095
2025-02-11,5020,5020,4900,4905,251786,-0.02871287128712874
2025-02-12,4865,4920,4770,4820,193177,-0.01732925586136591
2025-02-13,4820,4945,4790,4830,206094,0.0020746887966804906
2025-02-14,4835,4840,4710,4800,188534,-0.006211180124223614
2025-02-17,4750,4965,4735,4910,251979,0.022916666666666696
2025-02-18,4875,4910,4770,4810,143001,-0.020366598778004064
2025-02-19,4835,4885,4800,4825,156602,0.0031185031185030354
2025-02-20,4825,4850,4680,4695,170990,-0.02694300518134718
2025-02-21,4680,4765,4660,4705,69934,0.0021299254526092604
2025-02-24,4655,4780,4620,4750,96867,0.009564293304994642
2025-02-25,4700,4845,4650,4705,87563,-0.0094736842105263
2025-02-26,4720,4795,4660,4740,70464,0.007438894792773709
2025-02-27,4765,4790,4625,4660,89522,-0.016877637130801704
2025-02-28,4650,4650,4440,4495,109594,-0.035407725321888406
2025-03-04,4470,4490,4280,4300,112335,-0.04338153503893216
2025-03-05,4260,4450,4260,4450,41775,0.03488372093023262
2025-03-06,4480,4550,4400,4430,105761,-0.004494382022471877
2025-03-07,4430,4520,4350,4415,56451,-0.003386004514672636
2025-03-10,4380,4460,4360,4400,48041,-0.003397508493771184
2025-03-11,4140,4335,4135,4280,50121,-0.027272727272727226
2025-03-12,4280,4400,4280,4370,46282,0.02102803738317749
2025-03-13,4405,5000,4405,4645,1391755,0.06292906178489699
2025-03-14,4645,4755,4610,4670,109348,0.005382131324004336
2025-03-17,4745,4745,4550,4565,101093,-0.0224839400428265
2025-03-18,4565,4680,4490,4490,114047,-0.01642935377875132
2025-03-19,4480,4535,4425,4450,72146,-0.008908685968819552
2025-03-20,4405,4520,4310,4320,94445,-0.02921348314606742
2025-03-21,4400,4400,4260,4315,52680,-0.0011574074074074403
2025-03-24,4335,4380,4290,4295,53536,-0.004634994206257237
2025-03-25,4300,4400,4210,4210,63617,-0.019790454016297976
2025-03-26,4210,4345,4165,4295,78955,0.020190023752969077
2025-03-27,4285,4950,4205,4365,1276952,0.016298020954598424
2025-03-28,4200,4335,4105,4105,212057,-0.0595647193585338
2025-03-31,3995,4105,3895,3920,143738,-0.045066991473812434
2025-04-01,3910,4120,3910,4055,62833,0.03443877551020402
2025-04-02,4015,4080,3935,3935,54195,-0.0295930949445129
2025-04-03,3855,3990,3815,3900,51954,-0.008894536213468918
2025-04-04,4250,4250,3835,4065,72640,0.04230769230769238
2025-04-07,4035,4035,3780,3780,93700,-0.07011070110701112
2025-04-08,3800,3935,3800,3840,88658,0.015873015873015817
2025-04-09,3725,3835,3655,3690,64181,-0.0390625
2025-04-10,3830,4600,3830,4395,2420304,0.1910569105691058
2025-04-11,4315,4925,4250,4490,2960951,0.021615472127417545
2025-04-14,4490,4565,4440,4540,306295,0.011135857461024523
2025-04-15,4565,4585,4495,4550,231797,0.0022026431718060735
2025-04-16,4520,4550,4350,4360,119449,-0.04175824175824172
2025-04-17,4370,4430,4360,4415,76860,0.012614678899082632
2025-04-18,4500,4500,4370,4460,74990,0.010192525481313774
2025-04-21,4530,4595,4330,4450,175274,-0.0022421524663677195
2025-04-22,4690,5410,4640,4995,9998945,0.12247191011235947
2025-04-23,4900,4945,4770,4820,869436,-0.03503503503503502
2025-04-24,4900,4950,4725,4780,448409,-0.008298755186721962
2025-04-25,4810,4905,4755,4795,271640,0.003138075313807498
2025-04-28,4760,4815,4500,4660,234652,-0.028154327424400383
2025-04-29,4650,4695,4600,4660,118016,0.0
2025-04-30,4710,4760,4520,4535,183324,-0.02682403433476399
2025-05-02,4535,4595,4430,4475,123991,-0.013230429988974612
2025-05-07,4470,4640,4465,4600,112547,0.027932960893854775
2025-05-08,4700,4925,4635,4730,886230,0.02826086956521734
2025-05-09,4730,4730,4540,4550,224126,-0.038054968287526414
2025-05-12,4550,4700,4500,4700,182523,0.03296703296703307
2025-05-13,4695,4730,4630,4640,126900,-0.012765957446808529
2025-05-14,4640,4775,4610,4760,222045,0.02586206896551735
2025-05-15,4760,4770,4610,4610,133991,-0.031512605042016806
2025-05-16,4565,4605,4385,4400,184391,-0.045553145336225564
2025-05-19,4350,4470,4275,4330,128471,-0.015909090909090873
2025-05-20,4435,4435,4290,4320,72827,-0.002309468822170868
2025-05-21,4320,4395,4320,4360,49546,0.0092592592592593
2025-05-22,4315,4335,4225,4250,80030,-0.025229357798165153
2025-05-23,4350,4350,4150,4195,71295,-0.012941176470588234
2025-05-26,4155,4250,4135,4200,149498,0.0011918951132301459
2025-05-27,4160,4230,4150,4165,70768,-0.008333333333333304
2025-05-28,4165,4350,4165,4345,145945,0.04321728691476601
2025-05-29,4345,4375,4250,4345,87355,0.0
2025-05-30,4365,4620,4300,4435,367780,0.020713463751438344
2025-06-02,4565,4950,4500,4655,1967205,0.0496054114994362
2025-06-04,4690,4790,4620,4705,278391,0.01074113856068748
2025-06-05,4820,4820,4675,4740,318709,0.007438894792773709
2025-06-09,4740,4765,4625,4755,173842,0.0031645569620253333
2025-06-10,4740,4760,4665,4690,199256,-0.013669821240799185
2025-06-11,4720,4750,4695,4715,107229,0.005330490405117239
2025-06-12,4750,4795,4715,4735,151446,0.0042417815482502785
2025-06-13,4735,4740,4590,4640,140457,-0.020063357972544882
2025-06-16,4640,4710,4500,4705,108102,0.014008620689655249
2025-06-17,4705,4745,4590,4630,131339,-0.015940488841657774
2025-06-18,4580,4695,4580,4675,84611,0.009719222462202914
2025-06-19,4700,4860,4635,4785,275043,0.0235294117647058
2025-06-20,4785,4865,4740,4830,204578,0.00940438871473348
2025-06-23,4765,4830,4610,4755,135060,-0.01552795031055898
2025-06-24,4770,4935,4750,4885,327214,0.02733964248159837
2025-06-25,4930,4930,4795,4835,166311,-0.010235414534288667
2025-06-26,4840,4890,4735,4765,129061,-0.014477766287487093
2025-06-27,4780,4795,4605,4620,144520,-0.030430220356768123
2025-06-30,4600,4700,4545,4560,78152,-0.012987012987012991
2025-07-01,4570,4710,4570,4665,61549,0.023026315789473673
2025-07-02,4715,4760,4595,4725,82225,0.012861736334405238
2025-07-03,4725,4825,4705,4815,121282,0.01904761904761898
2025-07-04,4815,4820,4700,4740,89351,-0.015576323987538943
2025-07-07,4860,4860,4645,4665,60360,-0.015822784810126556
2025-07-08,4675,4745,4640,4660,45605,-0.001071811361200381
2025-07-09,4630,4670,4595,4600,73595,-0.012875536480686733
2025-07-10,4600,4635,4555,4595,61121,-0.0010869565217391797
2025-07-11,4710,4775,4615,4615,151305,0.0043525571273121955
2025-07-14,4615,4615,4550,4555,76888,-0.013001083423618609
2025-07-15,4555,4560,4485,4505,84435,-0.010976948408342513
2025-07-16,4500,4500,4390,4400,106462,-0.023307436182020025
2025-07-17,4390,4485,4370,4415,51942,0.003409090909090917
2025-07-18,4415,4575,4410,4510,102180,0.021517553793884536
2025-07-21,4510,4640,4490,4595,69094,0.018847006651884657
2025-07-22,4595,4695,4520,4545,80609,-0.01088139281828071
2025-07-23,4550,4580,4485,4520,66040,-0.005500550055005493
2025-07-24,4505,4690,4435,4435,86678,-0.01880530973451322
2025-07-25,4400,4500,4400,4420,41698,-0.0033821871476887866
2025-07-28,4445,4465,4350,4360,73592,-0.013574660633484115
2025-07-29,4360,4375,4265,4320,74313,-0.00917431192660545
2025-07-30,4345,4530,4270,4345,64580,0.0057870370370369795
2025-07-31,4350,4445,4300,4335,48383,-0.0023014959723820505
2025-08-01,4250,4330,4160,4170,90461,-0.03806228373702425
2025-08-04,4105,4265,4065,4210,40373,0.00959232613908867
2025-08-05,4285,4345,4225,4265,43073,0.013064133016627011
2025-08-06,4220,4340,4200,4270,47596,0.0011723329425556983
2025-08-07,4275,4315,4250,4285,36386,0.003512880562060783
2025-08-08,4300,4330,4265,4280,27566,-0.001166861143523934
2025-08-11,4310,4415,4305,4370,55627,0.02102803738317749
2025-08-12,4400,4435,4315,4320,52912,-0.011441647597253968
2025-08-13,4320,4420,4320,4400,58990,0.0185185185185186
2025-08-14,4380,4450,4350,4375,42208,-0.005681818181818232
2025-08-18,4350,4350,4190,4200,71975,-0.040000000000000036
2025-08-19,4195,4235,4100,4145,52637,-0.013095238095238049
2025-08-20,4120,4140,4035,4080,41298,-0.0156815440289505
2025-08-21,4040,4095,3980,3980,50399,-0.02450980392156865
2025-08-22,4005,4060,3995,4045,32813,0.01633165829145722
