Date,Open,High,Low,Close,Volume,Change
2022-01-03,6230,6300,6210,6270,103421,0.008038585209003246
2022-01-04,6270,6350,6200,6330,174280,0.009569377990430672
2022-01-05,6290,6330,6120,6200,157516,-0.020537124802527673
2022-01-06,6130,6240,6110,6140,139871,-0.009677419354838679
2022-01-07,6080,6200,6080,6150,65404,0.0016286644951140072
2022-01-10,6110,6180,6110,6150,63365,0.0
2022-01-11,6100,6190,5950,5970,157387,-0.029268292682926855
2022-01-12,5990,6150,5990,6100,85029,0.021775544388609624
2022-01-13,6110,6160,6030,6050,67779,-0.008196721311475419
2022-01-14,6000,6030,5970,5980,44472,-0.011570247933884281
2022-01-17,5960,6060,5930,5970,72262,-0.0016722408026755842
2022-01-18,5940,6040,5820,5840,82415,-0.021775544388609736
2022-01-19,5700,5880,5660,5720,109792,-0.020547945205479423
2022-01-20,5760,5800,5670,5740,87831,0.0034965034965035446
2022-01-21,5680,5800,5630,5680,97885,-0.010452961672473893
2022-01-24,5590,5670,5470,5510,66538,-0.029929577464788748
2022-01-25,5460,5530,5150,5150,220897,-0.06533575317604357
2022-01-26,5060,5270,5050,5130,112619,-0.003883495145631022
2022-01-27,5100,5150,4840,4850,153335,-0.05458089668615984
2022-01-28,4850,5040,4735,5020,116332,0.035051546391752675
2022-02-03,5030,5290,5030,5240,65731,0.043824701195219085
2022-02-04,5240,6540,5200,5920,7080445,0.12977099236641232
2022-02-07,5920,6280,5860,5880,806521,-0.006756756756756799
2022-02-08,5990,6200,5830,5900,355643,0.00340136054421758
2022-02-09,5890,5990,5880,5900,138450,0.0
2022-02-10,5900,5960,5840,5850,158417,-0.008474576271186418
2022-02-11,5800,5820,5680,5680,147664,-0.029059829059829068
2022-02-14,5670,5930,5330,5340,658471,-0.059859154929577496
2022-02-15,5310,5640,5240,5260,251745,-0.014981273408239737
2022-02-16,5330,5580,5320,5520,189718,0.049429657794676896
2022-02-17,5570,5820,5400,5700,335382,0.032608695652173836
2022-02-18,5560,5820,5500,5750,196612,0.00877192982456143
2022-02-21,5750,5750,5600,5640,108299,-0.019130434782608674
2022-02-22,5550,5750,5460,5460,137194,-0.03191489361702127
2022-02-23,5510,5670,5400,5590,160131,0.023809523809523725
2022-02-24,5570,5730,5300,5350,250273,-0.04293381037567079
2022-02-25,5420,5480,5360,5380,85209,0.005607476635514086
2022-02-28,5370,5570,5290,5460,120625,0.014869888475836479
2022-03-02,5570,5570,5430,5520,58750,0.01098901098901095
2022-03-03,5610,5710,5530,5640,107580,0.021739130434782705
2022-03-04,5640,6710,5610,5900,6209185,0.046099290780141855
2022-03-07,5960,6480,5870,5880,1994981,-0.003389830508474523
2022-03-08,5800,5900,5620,5650,440229,-0.03911564625850339
2022-03-10,5730,5780,5650,5680,184989,0.005309734513274433
2022-03-11,5690,5850,5670,5770,151903,0.015845070422535246
2022-03-14,5780,5830,5660,5730,142059,-0.006932409012131768
2022-03-15,5740,5880,5640,5680,160709,-0.008726003490401424
2022-03-16,5750,5770,5670,5740,109934,0.010563380281690238
2022-03-17,5820,5830,5740,5790,132341,0.008710801393728262
2022-03-18,5880,5880,5760,5820,103089,0.005181347150259086
2022-03-21,5820,6050,5750,5950,352499,0.022336769759450092
2022-03-22,5920,6000,5860,5970,154025,0.003361344537815114
2022-03-23,6050,6050,5870,5880,144550,-0.015075376884422065
2022-03-24,5880,5950,5830,5940,120314,0.010204081632652962
2022-03-25,5980,5980,5860,5860,117440,-0.013468013468013518
2022-03-28,5870,6120,5850,5950,391824,0.015358361774743923
2022-03-29,6080,6080,5930,5990,111248,0.006722689075630228
2022-03-30,6030,7140,5980,6450,13220071,0.07679465776293815
2022-03-31,6390,6440,6220,6270,1037491,-0.027906976744186074
2022-04-01,6330,6390,6150,6330,1043190,0.009569377990430672
2022-04-04,6330,6450,6260,6450,787817,0.018957345971563955
2022-04-05,6390,6470,6260,6430,828663,-0.0031007751937984773
2022-04-06,6600,6680,6320,6350,1285202,-0.01244167962674958
2022-04-07,6350,6440,6140,6200,451408,-0.023622047244094446
2022-04-08,6270,7060,6220,6330,7189934,0.020967741935483897
2022-04-11,6530,6840,6430,6690,5315270,0.056872037914691864
2022-04-12,6520,6680,6270,6270,1311648,-0.06278026905829592
2022-04-13,6270,6360,6220,6280,399633,0.0015948963317384823
2022-04-14,6340,6620,6260,6570,1206199,0.04617834394904463
2022-04-15,6450,6560,6380,6500,515686,-0.010654490106544956
2022-04-18,6550,6590,6350,6500,604313,0.0
2022-04-19,6500,6600,6410,6470,496389,-0.004615384615384577
2022-04-20,6580,6790,6530,6550,1726909,0.012364760432766575
2022-04-21,6550,6640,6470,6580,326151,0.004580152671755711
2022-04-22,6570,6690,6460,6500,470156,-0.012158054711246202
2022-04-25,6340,6590,6270,6450,444898,-0.007692307692307665
2022-04-26,6450,6650,6370,6420,510310,-0.0046511627906976605
2022-04-27,6260,6590,6250,6580,813114,0.024922118380062308
2022-04-28,6600,6620,6380,6380,479897,-0.03039513677811545
2022-04-29,6480,6490,6290,6310,252470,-0.010971786833855801
2022-05-02,6220,6320,6170,6270,188455,-0.006339144215530945
2022-05-03,6290,6380,6230,6250,134765,-0.0031897926634768536
2022-05-04,6260,6290,6040,6080,288682,-0.027200000000000002
2022-05-06,6030,6270,5990,6190,340450,0.018092105263157965
2022-05-09,6090,6130,5780,5780,286170,-0.06623586429725359
2022-05-10,5640,5720,5510,5670,221008,-0.01903114186851207
2022-05-11,5650,6750,5650,6100,10120182,0.07583774250440922
2022-05-12,6030,6310,5960,5960,1197013,-0.022950819672131195
2022-05-13,5980,6120,5950,6010,350539,0.008389261744966348
2022-05-16,6140,6320,6130,6220,891602,0.03494176372712143
2022-05-17,6270,6290,6150,6200,226605,-0.003215434083601254
2022-05-18,6220,6350,6110,6140,490450,-0.009677419354838679
2022-05-19,6000,6060,5940,5970,281392,-0.027687296416938123
2022-05-20,5990,6360,5980,6060,1018076,0.015075376884422065
2022-05-23,6120,6180,6060,6090,200352,0.004950495049504955
2022-05-24,6090,6220,5960,5970,306431,-0.019704433497536922
2022-05-25,5930,6100,5910,5920,231739,-0.008375209380234505
2022-05-26,6000,6200,5900,5940,456921,0.0033783783783782884
2022-05-27,5980,6010,5920,5950,106549,0.0016835016835017313
2022-05-30,6040,6050,5880,5980,100855,0.005042016806722671
2022-05-31,6000,6150,5990,6030,180080,0.008361204013378032
2022-06-02,6010,6060,5980,5980,96259,-0.008291873963515717
2022-06-03,6030,6240,5970,6220,552018,0.04013377926421402
2022-06-07,6350,6370,6130,6220,661610,0.0
2022-06-08,6270,6300,6050,6110,381504,-0.01768488745980712
2022-06-09,6110,6150,5980,5990,202173,-0.019639934533551506
2022-06-10,5930,6020,5930,5980,118244,-0.0016694490818029983
2022-06-13,5840,5900,5500,5580,282745,-0.06688963210702337
2022-06-14,5310,5660,5310,5460,190607,-0.021505376344086002
2022-06-15,5340,5540,5230,5230,221329,-0.042124542124542086
2022-06-16,5300,5400,5150,5190,150178,-0.007648183556405397
2022-06-17,5040,5080,4930,5080,177900,-0.021194605009633882
2022-06-20,5080,5100,4620,4670,290759,-0.0807086614173228
2022-06-21,4675,4755,4635,4690,130907,0.004282655246252709
2022-06-22,4705,4780,4375,4375,160454,-0.06716417910447758
2022-06-23,4345,4415,3925,4065,261770,-0.07085714285714284
2022-06-24,4020,4285,4020,4265,179079,0.04920049200492005
2022-06-27,4275,4480,4275,4445,112557,0.042203985932004695
2022-06-28,4445,4530,4420,4530,70628,0.01912260967379087
2022-06-29,4395,4570,4395,4505,51867,-0.0055187637969095205
2022-06-30,4510,4520,4375,4405,74786,-0.02219755826859049
2022-07-01,4415,4515,4180,4250,133092,-0.03518728717366626
2022-07-04,4250,4295,4050,4120,99596,-0.030588235294117694
2022-07-05,4180,4415,4180,4370,106029,0.06067961165048552
2022-07-06,4370,4370,4280,4280,44611,-0.020594965675057253
2022-07-07,4300,4400,4300,4385,46792,0.02453271028037385
2022-07-08,4400,4485,4395,4460,56654,0.01710376282782211
2022-07-11,4460,4540,4410,4450,55184,-0.0022421524663677195
2022-07-12,4400,4450,4305,4325,57188,-0.028089887640449396
2022-07-13,4285,4370,4205,4330,40538,0.0011560693641619046
2022-07-14,4320,4500,4280,4490,69144,0.036951501154734334
2022-07-15,4495,4610,4390,4535,163215,0.010022271714922093
2022-07-18,4545,4680,4545,4560,106427,0.005512679162072764
2022-07-19,4550,4740,4505,4610,57221,0.010964912280701844
2022-07-20,4640,4695,4625,4635,61999,0.005422993492407713
2022-07-21,4630,4785,4615,4735,99578,0.02157497303128375
2022-07-22,4775,4825,4695,4710,70843,-0.0052798310454065245
2022-07-25,4710,4800,4650,4800,54018,0.019108280254777066
2022-07-26,4770,4820,4725,4750,73854,-0.01041666666666663
2022-07-27,4725,4770,4705,4735,38060,-0.0031578947368421373
2022-07-28,4825,4825,4700,4700,69901,-0.007391763463569179
2022-07-29,4740,4810,4740,4755,42759,0.011702127659574568
2022-08-01,4835,4835,4750,4790,53536,0.007360672975814886
2022-08-02,4790,4815,4660,4695,50133,-0.019832985386221247
2022-08-03,4690,4810,4670,4785,36836,0.019169329073482455
2022-08-04,4800,4895,4795,4885,75584,0.020898641588296796
2022-08-05,4885,4935,4835,4900,45595,0.003070624360286489
2022-08-08,4900,4955,4840,4865,42391,-0.0071428571428571175
2022-08-09,4815,4885,4800,4865,44433,0.0
2022-08-10,4840,5740,4805,5070,6538527,0.0421377183967111
2022-08-11,5140,5300,5090,5150,597729,0.015779092702169706
2022-08-12,5230,5580,5100,5250,1837623,0.01941747572815533
2022-08-16,5310,5370,5200,5200,247229,-0.00952380952380949
2022-08-17,5310,5390,5100,5100,254308,-0.019230769230769273
2022-08-18,5080,5180,4900,5130,142504,0.00588235294117645
2022-08-19,5110,5150,5000,5020,94582,-0.021442495126705707
2022-08-22,4905,5140,4875,4900,134314,-0.0239043824701195
2022-08-23,4765,4915,4745,4830,74828,-0.014285714285714235
2022-08-24,4800,4890,4800,4880,47386,0.010351966873705987
2022-08-25,4860,4960,4860,4925,52069,0.009221311475409832
2022-08-26,4955,5030,4935,4965,55337,0.008121827411167404
2022-08-29,4820,4840,4765,4765,75447,-0.040281973816717054
2022-08-30,4745,4830,4745,4820,44144,0.011542497376705096
2022-08-31,4760,4950,4760,4865,50344,0.009336099585062207
2022-09-01,4850,5160,4845,4935,341970,0.014388489208633004
2022-09-02,4955,5190,4940,4940,99517,0.0010131712259371373
2022-09-05,4855,4930,4750,4755,87982,-0.037449392712550655
2022-09-06,4730,4830,4730,4800,38899,0.009463722397476282
2022-09-07,4755,4800,4580,4600,87499,-0.04166666666666663
2022-09-08,4650,4750,4600,4715,65717,0.02499999999999991
2022-09-13,4755,5040,4755,5010,153151,0.06256627783669133
2022-09-14,4970,5100,4650,5070,227494,0.011976047904191711
2022-09-15,5130,5140,4980,4980,124520,-0.017751479289940808
2022-09-16,5000,5060,4900,4920,71391,-0.012048192771084376
2022-09-19,4870,4990,4670,4705,96907,-0.04369918699186992
2022-09-20,4705,5060,4700,4765,264234,0.012752391073326264
2022-09-21,4705,4840,4705,4790,41341,0.005246589716684236
2022-09-22,4745,4750,4600,4660,105744,-0.02713987473903967
2022-09-23,4605,4660,4460,4485,99892,-0.037553648068669565
2022-09-26,4315,4545,4100,4150,167615,-0.0746934225195095
2022-09-27,4130,4225,4030,4100,109085,-0.012048192771084376
2022-09-28,4035,4300,3870,3970,199753,-0.03170731707317076
2022-09-29,4020,4110,3985,3985,58586,0.0037783375314861534
2022-09-30,3815,4030,3815,3900,57843,-0.021329987452948562
2022-10-04,3965,4090,3965,4080,66422,0.04615384615384621
2022-10-05,4095,4160,3985,4015,44866,-0.015931372549019662
2022-10-06,4020,4200,4020,4165,31176,0.03735990037359893
2022-10-07,4130,4200,4090,4155,29240,-0.0024009603841537164
2022-10-11,4115,4135,3925,3965,42804,-0.04572803850782192
2022-10-12,3960,3980,3900,3920,28725,-0.011349306431273631
2022-10-13,4110,4110,3820,3885,67470,-0.008928571428571397
2022-10-14,4000,4010,3895,3930,70002,0.01158301158301156
2022-10-17,3890,3980,3840,3940,38288,0.0025445292620864812
2022-10-18,3985,4105,3985,4070,35156,0.03299492385786795
2022-10-19,4085,4140,4065,4065,34660,-0.0012285012285012664
2022-10-20,4060,4100,4005,4055,16641,-0.002460024600245969
2022-10-21,4025,4045,3930,3975,23286,-0.019728729963008673
2022-10-24,3985,4075,3985,4000,39965,0.0062893081761006275
2022-10-25,4005,4105,3960,4000,25097,0.0
2022-10-26,4040,4045,3970,3975,32426,-0.006249999999999978
2022-10-27,4000,4070,3950,4050,33269,0.018867924528301883
2022-10-28,3985,4205,3985,4050,57156,0.0
2022-10-31,4065,4110,4045,4045,25850,-0.0012345679012345512
2022-11-01,4025,4155,4025,4135,46055,0.02224969097651419
2022-11-02,4135,4135,4030,4085,51655,-0.01209189842805325
2022-11-03,4025,4125,4025,4090,37844,0.001223990208078396
2022-11-04,4080,4100,4045,4085,22849,-0.0012224938875305957
2022-11-07,4085,4895,4085,4395,3653098,0.07588739290085678
2022-11-08,4420,4445,4330,4355,340628,-0.009101251422070522
2022-11-09,4350,4420,4290,4380,157908,0.00574052812858783
2022-11-10,4810,5290,4420,4485,2744762,0.023972602739726012
2022-11-11,4700,4700,4515,4540,348162,0.012263099219620877
2022-11-14,4585,4655,4530,4615,160769,0.016519823788546217
2022-11-15,4685,4880,4580,4705,521073,0.019501625135427858
2022-11-16,4670,4710,4635,4685,117559,-0.004250797024442088
2022-11-17,4635,4680,4545,4545,123735,-0.029882604055496254
2022-11-18,4520,4765,4510,4510,251317,-0.007700770077007646
2022-11-21,4520,4615,4510,4600,97466,0.019955654101995624
2022-11-22,4560,5470,4540,5000,11009132,0.08695652173913038
2022-11-23,4950,5020,4835,4990,841599,-0.0020000000000000018
2022-11-24,5000,5150,4925,4970,1125537,-0.004008016032064132
2022-11-25,4970,5100,4970,5010,350958,0.008048289738430636
2022-11-28,5070,5180,4910,4925,560271,-0.01696606786427146
2022-11-29,5080,5220,5040,5050,1072952,0.025380710659898442
2022-11-30,5110,5170,5050,5050,417466,0.0
2022-12-01,5080,5110,5020,5020,189552,-0.005940594059405946
2022-12-02,5090,5090,4995,5030,130277,0.0019920318725099584
2022-12-05,5010,5090,4840,4985,183647,-0.008946322067594381
2022-12-06,4950,4970,4810,4820,113417,-0.033099297893681046
2022-12-07,4785,4905,4685,4820,121650,0.0
2022-12-08,4780,4830,4685,4735,88062,-0.01763485477178428
2022-12-09,4715,4890,4715,4825,111032,0.019007391763463666
2022-12-12,4825,4835,4665,4680,110094,-0.030051813471502542
2022-12-13,4725,4725,4615,4690,53832,0.002136752136752129
2022-12-14,4725,4760,4660,4755,57175,0.013859275053304865
2022-12-15,4750,4820,4715,4730,51677,-0.00525762355415349
2022-12-16,4710,4780,4660,4750,35466,0.0042283298097252064
2022-12-19,4715,4765,4715,4730,26279,-0.004210526315789442
2022-12-20,5070,5200,4700,4700,1209343,-0.006342494714587699
2022-12-21,4650,4735,4595,4600,108453,-0.021276595744680882
2022-12-22,4640,4790,4605,4700,131977,0.021739130434782705
2022-12-23,4680,4765,4605,4605,159459,-0.02021276595744681
2022-12-26,4575,4640,4495,4535,132916,-0.015200868621064068
2022-12-27,4490,4600,4490,4565,64183,0.006615214994487362
2022-12-28,4600,4710,4500,4710,121290,0.03176341730558607
2022-12-29,4630,4635,4460,4550,67670,-0.03397027600849256
2023-01-02,4480,4545,4260,4285,142006,-0.05824175824175826
2023-01-03,4265,4340,4205,4265,45655,-0.004667444574095736
2023-01-04,4200,4385,4180,4385,34626,0.028135990621336537
2023-01-05,4415,4460,4365,4375,29515,-0.0022805017103763037
2023-01-06,4455,4455,4325,4390,27913,0.0034285714285713365
2023-01-09,4390,5070,4390,4670,2103547,0.06378132118451019
2023-01-10,4710,4725,4645,4685,175684,0.0032119914346895317
2023-01-11,4685,4745,4655,4655,83793,-0.006403415154749181
2023-01-12,4685,4705,4645,4645,58741,-0.002148227712137518
2023-01-13,4630,4745,4605,4715,101279,0.01506996770721214
2023-01-16,4710,4760,4700,4725,73549,0.0021208907741250282
2023-01-17,4710,4710,4600,4605,68368,-0.025396825396825418
2023-01-18,4635,4695,4595,4635,64538,0.006514657980456029
2023-01-19,4610,4670,4600,4670,56676,0.007551240560949246
2023-01-20,4665,4705,4630,4680,53490,0.0021413276231263545
2023-01-25,4685,4750,4620,4740,86450,0.012820512820512775
2023-01-26,4700,4860,4700,4770,213032,0.006329113924050667
2023-01-27,4775,4865,4770,4800,168907,0.0062893081761006275
2023-01-30,4800,4850,4735,4790,83425,-0.002083333333333326
2023-01-31,4755,4805,4720,4780,59733,-0.0020876826722338038
2023-02-01,4800,4800,4750,4785,48144,0.0010460251046024993
2023-02-02,4800,4860,4765,4805,111903,0.004179728317659448
2023-02-03,4805,4835,4745,4750,71576,-0.01144640998959412
2023-02-06,4750,4830,4715,4810,62442,0.012631578947368327
2023-02-07,4780,4940,4780,4870,143064,0.012474012474012364
2023-02-08,4870,4965,4870,4900,115987,0.006160164271047153
2023-02-09,4900,4940,4850,4900,78728,0.0
2023-02-10,4870,4900,4730,4730,86750,-0.03469387755102038
2023-02-13,4730,4745,4645,4670,48972,-0.012684989429175508
2023-02-14,4640,4720,4640,4700,42288,0.0064239828693790635
2023-02-15,4695,4695,4570,4610,66225,-0.019148936170212738
2023-02-16,4620,4650,4580,4605,52560,-0.0010845986984815426
2023-02-17,4595,4600,4535,4540,52813,-0.014115092290988063
2023-02-20,4570,4660,4535,4635,48615,0.020925110132158586
2023-02-21,4640,4705,4630,4650,50685,0.003236245954692629
2023-02-22,4650,4650,4515,4570,62181,-0.017204301075268824
2023-02-23,4580,4720,4545,4620,54068,0.010940919037199182
2023-02-24,4605,4635,4450,4500,115642,-0.025974025974025983
2023-02-27,4500,4500,4365,4400,70441,-0.022222222222222254
2023-02-28,4400,4545,4400,4545,53054,0.03295454545454546
2023-03-02,4635,4645,4500,4515,83753,-0.0066006600660065695
2023-03-03,4515,4570,4500,4500,57943,-0.0033222591362126463
2023-03-06,4550,4550,4490,4525,41183,0.005555555555555536
2023-03-07,4550,4555,4495,4540,47673,0.0033149171270718814
2023-03-08,4495,4505,4410,4420,55860,-0.026431718061673992
2023-03-09,4420,4465,4390,4410,49943,-0.002262443438914019
2023-03-10,4360,4400,4300,4300,52278,-0.024943310657596363
2023-03-13,4290,4360,4150,4325,60106,0.005813953488372103
2023-03-14,4325,4475,4150,4150,74642,-0.040462427745664775
2023-03-15,4190,4275,4180,4195,36473,0.010843373493975905
2023-03-16,4185,4270,4105,4190,28558,-0.0011918951132300348
2023-03-17,4195,4360,4190,4335,40526,0.034606205250596656
2023-03-20,4330,4355,4300,4310,24766,-0.005767012687427964
2023-03-21,4315,4365,4245,4270,49949,-0.009280742459396807
2023-03-22,4395,4395,4200,4205,63661,-0.015222482435597207
2023-03-23,4185,4205,4120,4140,79686,-0.015457788347205681
2023-03-24,4135,4205,4105,4190,50453,0.012077294685990392
2023-03-27,4210,4210,4065,4140,43107,-0.011933174224343701
2023-03-28,4120,4200,4120,4175,30561,0.008454106280193274
2023-03-29,4200,4270,4175,4270,49276,0.022754491017964007
2023-03-30,4275,4345,4270,4320,55117,0.011709601873536313
2023-03-31,4340,4345,4210,4260,55035,-0.01388888888888884
2023-04-03,4250,4325,4175,4285,43578,0.005868544600938996
2023-04-04,4265,4335,4265,4290,51023,0.001166861143523823
2023-04-05,4290,4335,4275,4300,58914,0.002331002331002363
2023-04-06,4300,4330,4245,4280,71837,-0.0046511627906976605
2023-04-07,4280,4315,4250,4310,32278,0.007009345794392496
2023-04-10,4305,4305,4150,4175,96787,-0.03132250580046403
2023-04-11,4120,4215,4100,4185,79335,0.0023952095808383866
2023-04-12,4180,4335,4180,4250,61177,0.015531660692950977
2023-04-13,4250,4355,4245,4285,64043,0.008235294117647118
2023-04-14,4285,4310,4245,4255,71765,-0.007001166861143493
2023-04-17,4250,4330,4240,4320,48619,0.01527614571092828
2023-04-18,4320,4590,4265,4370,386420,0.011574074074074181
2023-04-19,4395,4450,4360,4390,100597,0.004576659038901587
2023-04-20,4390,4440,4275,4280,76820,-0.02505694760820043
2023-04-21,4270,4285,4180,4195,72735,-0.01985981308411211
2023-04-24,4195,4210,4150,4150,52491,-0.010727056019070313
2023-04-25,4210,4210,4125,4140,94476,-0.002409638554216831
2023-04-26,4140,4180,4100,4120,71882,-0.004830917874396157
2023-04-27,4105,4220,4105,4140,41580,0.004854368932038833
2023-04-28,4140,4225,4135,4180,31078,0.009661835748792313
2023-05-02,4200,4205,4125,4165,53408,-0.0035885167464114742
2023-05-03,4145,4225,4140,4165,58768,0.0
2023-05-04,4155,4210,4125,4205,47962,0.009603841536614643
2023-05-08,4205,4295,4195,4245,54183,0.009512485136742077
2023-05-09,4190,4240,4175,4195,52484,-0.011778563015312105
2023-05-10,4330,4530,4210,4260,419097,0.015494636471990564
2023-05-11,4240,4305,4230,4255,52406,-0.0011737089201877549
2023-05-12,4250,4280,4230,4235,53661,-0.004700352526439522
2023-05-15,4190,4235,4135,4140,91971,-0.022432113341204207
2023-05-16,4140,4195,4125,4130,46392,-0.0024154589371980784
2023-05-17,4135,4200,4135,4190,45586,0.014527845036319542
2023-05-18,4190,4220,4175,4205,32510,0.0035799522673030104
2023-05-19,4245,4245,4190,4220,46795,0.00356718192627814
2023-05-22,4190,4255,4190,4230,38635,0.0023696682464455776
2023-05-23,4235,4240,4205,4235,19355,0.0011820330969267712
2023-05-24,4230,4245,4220,4230,29438,-0.0011806375442738881
2023-05-25,4230,4230,4160,4185,39955,-0.010638297872340385
2023-05-26,4190,4195,4130,4130,42079,-0.01314217443249699
2023-05-30,4140,4160,4130,4155,25123,0.006053268765133124
2023-05-31,4135,4190,4135,4135,27018,-0.004813477737665495
2023-06-01,4140,4150,4130,4135,22474,0.0
2023-06-02,4135,4150,4130,4140,25455,0.0012091898428052694
2023-06-05,4140,4180,4140,4155,30000,0.0036231884057971175
2023-06-07,4140,4180,4140,4155,25722,0.0
2023-06-08,4155,4170,4125,4140,46171,-0.0036101083032491488
2023-06-09,4145,4175,4140,4155,38172,0.0036231884057971175
2023-06-12,4170,4170,4135,4135,15696,-0.004813477737665495
2023-06-13,4140,4155,4135,4140,29253,0.0012091898428052694
2023-06-14,4145,4150,4130,4135,47371,-0.0012077294685990392
2023-06-15,4125,4155,4065,4075,50984,-0.0145102781136639
2023-06-16,4080,4100,4065,4080,29652,0.0012269938650306678
2023-06-19,4075,4090,4065,4080,22087,0.0
2023-06-20,4085,4320,4080,4140,227342,0.014705882352941124
2023-06-21,4125,4235,4105,4160,106620,0.004830917874396157
2023-06-22,4160,4290,4160,4200,98675,0.009615384615384581
2023-06-23,4200,4250,4130,4130,37309,-0.01666666666666672
2023-06-26,4130,4150,4090,4100,29542,-0.007263922518159771
2023-06-27,4135,4500,4120,4250,961794,0.03658536585365857
2023-06-28,4260,4270,4185,4230,145889,-0.004705882352941226
2023-06-29,4255,4310,4195,4310,154284,0.01891252955082745
2023-06-30,4305,4315,4220,4285,113657,-0.0058004640371229765
2023-07-03,4285,4315,4245,4285,115516,0.0
2023-07-04,4255,4300,4180,4180,100361,-0.02450408401400228
2023-07-05,4215,4410,4210,4350,493203,0.04066985645933019
2023-07-06,4350,4400,4250,4355,144057,0.0011494252873562871
2023-07-07,4280,4350,4245,4275,113229,-0.018369690011481032
2023-07-10,4320,4320,4205,4205,80034,-0.01637426900584793
2023-07-11,4205,4260,4195,4205,62439,0.0
2023-07-12,4200,4290,4200,4245,62096,0.009512485136742077
2023-07-13,4245,4290,4145,4165,133129,-0.018845700824499434
2023-07-14,4170,4245,4115,4155,74303,-0.0024009603841537164
2023-07-17,4130,4195,4070,4155,117284,0.0
2023-07-18,4155,4195,4055,4085,80952,-0.016847172081829176
2023-07-19,4125,4145,4050,4145,67917,0.014687882496940086
2023-07-20,4115,4130,4050,4095,50389,-0.012062726176115812
2023-07-21,4095,4110,3955,4030,143883,-0.015873015873015928
2023-07-24,3990,4040,3955,4030,108247,0.0
2023-07-25,4000,4015,3950,3990,93892,-0.00992555831265507
2023-07-26,3985,3990,3710,3855,175767,-0.03383458646616544
2023-07-27,3810,3950,3810,3910,55640,0.014267185473411104
2023-07-28,3900,3990,3900,3970,33466,0.01534526854219953
2023-07-31,3945,4045,3945,4005,33431,0.00881612090680095
2023-08-01,3965,4035,3965,4025,39631,0.004993757802746579
2023-08-02,4025,4055,3985,4025,69213,0.0
2023-08-03,4000,4120,4000,4090,85224,0.016149068322981464
2023-08-04,4090,4160,4065,4140,70148,0.012224938875305513
2023-08-07,4100,4200,4100,4180,59238,0.009661835748792313
2023-08-08,4220,4240,4150,4235,82307,0.013157894736842035
2023-08-09,4280,4365,4100,4100,208065,-0.031877213695395534
2023-08-10,4100,4125,4065,4120,32645,0.004878048780487809
2023-08-11,4100,4145,4075,4100,33367,-0.004854368932038833
2023-08-14,4140,4140,4000,4100,67859,0.0
2023-08-16,4020,4120,3985,4110,54991,0.0024390243902439046
2023-08-17,4110,4145,4005,4120,63398,0.0024330900243310083
2023-08-18,4100,4130,4070,4100,24135,-0.004854368932038833
2023-08-21,4050,4120,4050,4100,17111,0.0
2023-08-22,4070,4140,4065,4110,23446,0.0024390243902439046
2023-08-23,4060,4115,4060,4100,39046,-0.0024330900243308973
2023-08-24,4065,4135,4065,4100,17331,0.0
2023-08-25,4100,4100,4030,4070,21281,-0.007317073170731714
2023-08-28,4080,4110,4050,4090,28845,0.004914004914004844
2023-08-29,4080,4210,4080,4150,100620,0.014669926650366705
2023-08-30,4150,4175,4090,4115,32420,-0.008433734939759074
2023-08-31,4150,4180,4105,4110,47207,-0.0012150668286755595
2023-09-01,4110,4140,4085,4115,23328,0.0012165450121655041
2023-09-04,4095,4135,4065,4080,14719,-0.008505467800729027
2023-09-05,4105,4105,4050,4050,30618,-0.007352941176470562
2023-09-06,4050,4065,4025,4040,28635,-0.0024691358024691024
2023-09-07,4030,4055,3980,3980,40005,-0.014851485148514865
2023-09-08,4060,4185,4015,4025,85859,0.011306532663316604
2023-09-11,4070,4070,3985,4035,28028,0.00248447204968949
2023-09-12,4030,4045,3995,3995,25192,-0.009913258983890949
2023-09-13,3985,4015,3970,3990,26464,-0.0012515644555695093
2023-09-14,4005,4045,3995,4000,30586,0.0025062656641603454
2023-09-15,4000,4045,4000,4025,20798,0.006250000000000089
2023-09-18,4025,4025,3990,4000,19004,-0.006211180124223614
2023-09-19,3975,4000,3970,3980,19548,-0.0050000000000000044
2023-09-20,3960,4030,3940,3975,19341,-0.0012562814070351536
2023-09-21,3975,3975,3870,3870,43971,-0.026415094339622636
2023-09-22,3805,3910,3780,3825,36373,-0.011627906976744207
2023-09-25,3760,3850,3760,3845,21463,0.005228758169934622
2023-09-26,3845,3845,3775,3780,19283,-0.016905071521456483
2023-09-27,3720,3840,3720,3780,22406,0.0
2023-10-04,3730,3765,3700,3700,58372,-0.021164021164021163
2023-10-05,3700,3730,3640,3665,53148,-0.009459459459459474
2023-10-06,3595,3665,3595,3630,34882,-0.009549795361528002
2023-10-10,3610,3680,3570,3640,31743,0.0027548209366390353
2023-10-11,3650,3705,3640,3700,18320,0.016483516483516425
2023-10-12,3700,3725,3700,3715,15203,0.004054054054054124
2023-10-13,3715,3715,3670,3710,11782,-0.0013458950201884479
2023-10-16,3710,3790,3670,3705,44754,-0.0013477088948786742
2023-10-17,3705,3750,3700,3710,9845,0.0013495276653170407
2023-10-18,3710,3990,3680,3720,305120,0.0026954177897573484
2023-10-19,3710,3985,3665,3685,217327,-0.009408602150537626
2023-10-20,3695,3705,3585,3600,56036,-0.023066485753052923
2023-10-23,3560,3690,3550,3690,41039,0.02499999999999991
2023-10-24,3675,3730,3610,3730,32762,0.01084010840108407
2023-10-25,3730,3895,3665,3750,52053,0.00536193029490617
2023-10-26,3720,3835,3710,3810,60790,0.016000000000000014
2023-10-27,3845,3880,3780,3850,53197,0.01049868766404205
2023-10-30,3850,3865,3810,3860,20930,0.0025974025974024872
2023-10-31,3820,3900,3815,3900,49548,0.010362694300518172
2023-11-01,3875,3990,3825,3905,13943,0.0012820512820512775
2023-11-02,3905,3925,3860,3885,29096,-0.005121638924455829
2023-11-03,3905,3915,3850,3900,23644,0.0038610038610038533
2023-11-06,3900,3910,3850,3860,32172,-0.01025641025641022
2023-11-07,3865,3865,3815,3855,23622,-0.0012953367875647714
2023-11-08,3855,3895,3840,3860,12988,0.0012970168612191912
2023-11-09,3865,3955,3865,3920,40302,0.015544041450777257
2023-11-10,3920,3960,3885,3890,26602,-0.007653061224489832
2023-11-13,3900,3920,3805,3805,18958,-0.02185089974293064
2023-11-14,3800,3895,3800,3800,18490,-0.0013140604467805073
2023-11-15,3810,3875,3795,3850,52443,0.013157894736842035
2023-11-16,3895,3960,3890,3950,58209,0.025974025974025983
2023-11-17,3950,4000,3900,3950,23005,0.0
2023-11-20,3950,3990,3925,3960,18597,0.0025316455696202667
2023-11-21,3905,3970,3905,3960,16363,0.0
2023-11-22,3960,4050,3900,3935,114652,-0.0063131313131312705
2023-11-23,3910,3965,3910,3950,20357,0.003811944091486552
2023-11-24,3930,3990,3905,3940,16018,-0.0025316455696202667
2023-11-27,3905,3960,3905,3920,6538,-0.005076142131979711
2023-11-28,3940,4010,3920,4010,57680,0.022959183673469497
2023-11-29,4000,4015,3945,3950,23554,-0.014962593516209433
2023-11-30,3955,4040,3950,4000,28052,0.012658227848101333
2023-12-01,4010,4075,4005,4040,39183,0.010000000000000009
2023-12-04,4050,4085,3965,3985,48450,-0.013613861386138626
2023-12-05,3950,4040,3950,4020,23648,0.008782936010037545
2023-12-06,3990,4075,3990,4050,20258,0.00746268656716409
2023-12-07,4050,4075,4005,4035,9516,-0.0037037037037036535
2023-12-08,4035,4080,4035,4075,31197,0.00991325898389106
2023-12-11,4075,4090,4030,4030,51600,-0.011042944785276121
2023-12-12,4020,4080,4015,4035,28389,0.001240694789081953
2023-12-13,4025,4045,3970,3985,39957,-0.012391573729863659
2023-12-14,4000,4045,3970,3990,17326,0.0012547051442910462
2023-12-15,4045,4045,3985,4000,13313,0.0025062656641603454
2023-12-18,4080,4180,4030,4170,192754,0.04249999999999998
2023-12-19,4170,4335,4070,4095,301458,-0.017985611510791366
2023-12-20,4180,4255,4075,4190,87452,0.023199023199023117
2023-12-21,4255,4265,4055,4065,91452,-0.029832935560859197
2023-12-22,4070,4140,3995,4065,69818,0.0
2023-12-26,4010,4035,3910,3935,111378,-0.03198031980319804
2023-12-27,3900,3980,3855,3880,46078,-0.013977128335451061
2023-12-28,3895,3900,3865,3895,21767,0.0038659793814432852
2024-01-02,3875,3930,3870,3920,22784,0.006418485237484006
2024-01-03,3920,3960,3905,3935,26955,0.003826530612244916
2024-01-04,3990,4090,3935,3990,78288,0.013977128335451061
2024-01-05,3985,4005,3935,3935,24352,-0.013784461152882233
2024-01-08,3955,3955,3900,3920,15591,-0.003811944091486663
2024-01-09,3920,3940,3860,3885,35443,-0.008928571428571397
2024-01-10,3900,3915,3860,3900,28346,0.0038610038610038533
2024-01-11,3955,3955,3885,3930,26585,0.007692307692307665
2024-01-12,3965,4585,3930,4240,7023236,0.07888040712468203
2024-01-15,4600,5350,4580,4870,11305849,0.1485849056603774
2024-01-16,4815,4820,4340,4535,2468772,-0.0687885010266941
2024-01-17,5050,5390,4500,4580,7600637,0.009922822491730932
2024-01-18,4650,4860,4390,4495,2129709,-0.018558951965065518
2024-01-19,4395,4465,4335,4450,946822,-0.010011123470522798
2024-01-22,4800,4965,4495,4610,3570071,0.035955056179775235
2024-01-23,4450,4550,4230,4390,974840,-0.04772234273318876
2024-01-24,4510,4680,4185,4200,979705,-0.0432801822323462
2024-01-25,4150,4200,4030,4135,426769,-0.015476190476190421
2024-01-26,4105,4135,4045,4075,313438,-0.0145102781136639
2024-01-29,4130,4280,4040,4280,508013,0.0503067484662576
2024-01-30,4170,4185,4065,4070,301928,-0.0490654205607477
2024-01-31,4055,4090,4000,4010,149708,-0.014742014742014753
2024-02-01,3985,4145,3970,4110,194880,0.02493765586034913
2024-02-02,4110,4190,4090,4170,246448,0.014598540145985384
2024-02-05,4185,4185,4090,4100,113467,-0.016786570743405282
2024-02-06,4110,4240,4080,4125,257377,0.0060975609756097615
2024-02-07,4125,4235,4110,4215,134296,0.021818181818181737
2024-02-08,4220,4220,4100,4145,123243,-0.016607354685646447
2024-02-13,4120,4195,4115,4165,119987,0.004825090470446325
2024-02-14,4150,4160,4070,4145,77128,-0.004801920768307322
2024-02-15,4155,4165,4070,4085,146179,-0.014475271411338975
2024-02-16,4090,4110,4035,4105,78574,0.004895960832313362
2024-02-19,4105,4140,4055,4115,65946,0.0024360535931791105
2024-02-20,4140,4140,4065,4070,95440,-0.010935601458080146
2024-02-21,4055,4090,4040,4065,82430,-0.0012285012285012664
2024-02-22,4045,4070,4025,4030,68528,-0.008610086100861003
2024-02-23,4030,4040,3960,3985,100578,-0.011166253101737023
2024-02-26,3985,4020,3965,3990,78116,0.0012547051442910462
2024-02-27,3975,3990,3880,3880,123313,-0.027568922305764465
2024-02-28,3915,4000,3890,3980,81170,0.025773195876288568
2024-02-29,3945,4005,3945,3990,45635,0.002512562814070307
2024-03-04,3990,4025,3970,4010,48432,0.005012531328320913
2024-03-05,4010,4015,3960,3960,48841,-0.012468827930174564
2024-03-06,3955,3980,3905,3905,58705,-0.01388888888888884
2024-03-07,3900,3920,3810,3840,86016,-0.016645326504481472
2024-03-08,3855,3870,3810,3870,33603,0.0078125
2024-03-11,3870,3870,3800,3830,60295,-0.01033591731266148
2024-03-12,3895,3895,3790,3810,41913,-0.005221932114882533
2024-03-13,3845,3845,3770,3785,43420,-0.006561679790026198
2024-03-14,3785,3835,3770,3830,42242,0.011889035667107084
2024-03-15,3830,3870,3785,3855,55508,0.006527415143603221
2024-03-18,3845,3905,3815,3870,51443,0.0038910505836575737
2024-03-19,3870,3900,3845,3880,43910,0.0025839793281654533
2024-03-20,3850,3920,3850,3900,37291,0.005154639175257714
2024-03-21,3890,3965,3890,3950,51071,0.012820512820512775
2024-03-22,3970,3970,3900,3925,27139,-0.006329113924050667
2024-03-25,3900,3940,3880,3895,30408,-0.007643312101910826
2024-03-26,3895,3910,3855,3880,25846,-0.0038510911424903815
2024-03-27,3905,4100,3890,3995,497555,0.029639175257731853
2024-03-28,4000,4035,3925,3930,85141,-0.016270337922402955
2024-03-29,3935,3950,3860,3870,80321,-0.01526717557251911
2024-04-01,3870,3920,3855,3915,41265,0.011627906976744207
2024-04-02,3895,3910,3850,3885,45694,-0.007662835249042099
2024-04-03,3850,4215,3835,3960,1050600,0.019305019305019266
2024-04-04,3950,3975,3900,3940,58449,-0.005050505050505083
2024-04-05,3950,3970,3800,3820,126587,-0.030456852791878153
2024-04-08,3820,3875,3755,3760,157722,-0.015706806282722474
2024-04-09,3730,3795,3650,3705,136923,-0.0146276595744681
2024-04-11,3705,3810,3680,3750,57718,0.012145748987854255
2024-04-12,3740,3780,3705,3740,32837,-0.002666666666666706
2024-04-15,3775,3815,3705,3720,70816,-0.005347593582887722
2024-04-16,3720,3800,3665,3670,124543,-0.013440860215053752
2024-04-17,3670,3700,3625,3630,44090,-0.010899182561307952
2024-04-18,3640,3670,3630,3650,31874,0.005509641873278293
2024-04-19,3660,3805,3635,3750,159221,0.027397260273972712
2024-04-22,3710,3775,3695,3770,33409,0.005333333333333412
2024-04-23,3735,3985,3720,3965,271693,0.051724137931034475
2024-04-24,3945,4415,3935,4180,2751811,0.05422446406052961
2024-04-25,4180,4180,4015,4130,205691,-0.011961722488038284
2024-04-26,4130,4205,4065,4095,180561,-0.008474576271186418
2024-04-29,4130,4190,4095,4115,112566,0.004884004884004867
2024-04-30,4095,4145,4050,4075,107057,-0.009720534629404587
2024-05-02,4080,4090,4035,4040,63604,-0.008588957055214674
2024-05-03,4030,4100,4030,4050,63337,0.0024752475247524774
2024-05-07,4095,4150,4005,4135,125938,0.020987654320987703
2024-05-08,4100,4150,4090,4095,67915,-0.0096735187424426
2024-05-09,4095,4125,4055,4055,56891,-0.009768009768009733
2024-05-10,4020,4145,4005,4120,112977,0.01602959309494456
2024-05-13,4120,4130,4045,4050,57204,-0.016990291262135915
2024-05-14,4090,4180,4075,4105,80411,0.013580246913580174
2024-05-16,4095,4145,4070,4115,53460,0.0024360535931791105
2024-05-17,4155,4250,4120,4230,277317,0.0279465370595382
2024-05-20,4215,4260,4125,4205,112680,-0.005910165484633523
2024-05-21,4235,4235,4110,4145,80304,-0.014268727705113005
2024-05-22,4165,4170,4100,4100,57187,-0.010856453558504175
2024-05-23,4140,4140,4035,4110,84684,0.0024390243902439046
2024-05-24,4040,4360,4040,4310,278181,0.048661800486617945
2024-05-27,4435,4435,4280,4315,177220,0.0011600928074246841
2024-05-28,4355,4415,4295,4380,122208,0.015063731170336103
2024-05-29,4365,4600,4325,4510,390509,0.029680365296803624
2024-05-30,4480,4515,4310,4310,161321,-0.04434589800443456
2024-05-31,4250,4475,4245,4370,86657,0.0139211136890951
2024-06-03,4400,4840,4370,4675,1335369,0.06979405034324948
2024-06-04,4625,4655,4530,4585,163807,-0.019251336898395754
2024-06-05,4595,4715,4580,4660,190058,0.016357688113413316
2024-06-07,4695,4770,4610,4655,131616,-0.0010729613733905241
2024-06-10,4595,4645,4490,4515,91303,-0.03007518796992481
2024-06-11,4515,4550,4475,4485,63245,-0.006644518272425293
2024-06-12,4445,4585,4445,4560,62342,0.01672240802675584
2024-06-13,4560,4645,4535,4590,84084,0.006578947368421018
2024-06-14,4590,4755,4585,4745,178642,0.03376906318082784
2024-06-17,4780,4780,4540,4565,137752,-0.037934668071654354
2024-06-18,4570,4680,4560,4630,87035,0.014238773274917849
2024-06-19,4700,4700,4480,4490,78029,-0.030237580993520474
2024-06-20,4565,5280,4500,4660,2581041,0.03786191536748329
2024-06-21,4655,4830,4560,4695,236371,0.007510729613734002
2024-06-24,4690,4925,4615,4725,354408,0.006389776357827559
2024-06-25,4910,5450,4750,4815,4217272,0.01904761904761898
2024-06-26,4860,4880,4705,4770,397380,-0.009345794392523366
2024-06-27,4750,4825,4640,4650,191992,-0.02515723270440251
2024-06-28,4700,4905,4700,4865,365419,0.04623655913978486
2024-07-01,4865,4940,4700,4700,148974,-0.03391572456320657
2024-07-02,4700,4750,4510,4515,117190,-0.03936170212765955
2024-07-03,4515,4620,4440,4485,105385,-0.006644518272425293
2024-07-04,4455,4545,4315,4335,88280,-0.03344481605351168
2024-07-05,4315,4365,4255,4310,69591,-0.005767012687427964
2024-07-08,4300,4335,4165,4310,43311,0.0
2024-07-09,4290,4400,4290,4400,44685,0.02088167053364276
2024-07-10,4415,4485,4360,4440,32956,0.009090909090909038
2024-07-11,4430,4480,4210,4335,26091,-0.023648648648648685
2024-07-12,4310,4360,4275,4290,41683,-0.01038062283737029
2024-07-15,4300,4300,4215,4215,37301,-0.0174825174825175
2024-07-16,4215,4280,4145,4185,42148,-0.007117437722419906
2024-07-17,4150,4250,4145,4175,45528,-0.002389486260453988
2024-07-18,4135,4180,4100,4130,46671,-0.010778443113772407
2024-07-19,4175,4175,4025,4060,51833,-0.016949152542372836
2024-07-22,4010,4050,3960,4015,35085,-0.011083743842364546
2024-07-23,4060,4090,3990,4010,23464,-0.001245330012453305
2024-07-24,3955,4310,3955,4310,165515,0.07481296758104738
2024-07-25,4285,4695,4060,4100,864253,-0.04872389791183296
2024-07-26,4040,5330,4035,5330,8967413,0.30000000000000004
2024-07-29,5960,6180,5450,5550,13947754,0.0412757973733584
2024-07-30,6000,6950,5860,6130,29116053,0.10450450450450455
2024-07-31,6070,6300,5690,5760,4556155,-0.06035889070146816
2024-08-01,5720,7030,5610,6300,27130489,0.09375
2024-08-02,6240,6430,5830,5950,4678814,-0.05555555555555558
2024-08-05,5910,6000,4795,5060,2452590,-0.14957983193277313
2024-08-06,5120,5430,4920,5300,2817547,0.04743083003952564
2024-08-07,5230,6550,5230,6460,17337880,0.21886792452830184
2024-08-08,6320,6540,6020,6090,4403570,-0.05727554179566563
2024-08-09,6060,6380,6020,6110,2155585,0.003284072249589487
2024-08-12,5960,6000,5600,5710,1599519,-0.0654664484451718
2024-08-13,5690,5950,5400,5460,1534556,-0.04378283712784592
2024-08-14,5480,5670,5340,5470,920140,0.001831501831501825
2024-08-16,5480,5560,5400,5410,696190,-0.010968921389396757
2024-08-19,5360,5380,4990,5080,1104536,-0.060998151571164505
2024-08-20,5120,5190,5030,5090,661262,0.0019685039370078705
2024-08-21,5080,5090,4905,5000,514834,-0.017681728880157177
2024-08-22,5000,5030,4845,4975,794071,-0.0050000000000000044
2024-08-23,4945,4950,4700,4790,711271,-0.03718592964824119
2024-08-26,4820,4870,4610,4660,567881,-0.02713987473903967
2024-08-27,4630,4635,4470,4560,391678,-0.02145922746781115
2024-08-28,4600,4605,4410,4480,446031,-0.01754385964912286
2024-08-29,4430,4430,4310,4350,377778,-0.029017857142857095
2024-08-30,4360,4460,4335,4405,302900,0.012643678160919603
2024-09-02,4405,4530,4385,4525,431679,0.02724177071509648
2024-09-03,4505,5290,4440,4990,10576624,0.10276243093922655
2024-09-04,4810,5440,4660,4990,4486004,0.0
2024-09-05,5040,6250,4875,5800,25563660,0.16232464929859725
2024-09-06,5760,6410,5500,5580,9709859,-0.037931034482758585
2024-09-09,5400,5540,5230,5490,2863473,-0.016129032258064502
2024-09-10,5980,6150,5290,5290,6531579,-0.03642987249544627
2024-09-11,5190,5320,4940,4975,1967029,-0.05954631379962194
2024-09-12,4985,5290,4985,5180,1158757,0.04120603015075375
2024-09-13,5170,5190,5040,5050,489261,-0.025096525096525046
2024-09-19,5130,5150,4960,5130,542718,0.015841584158415856
2024-09-20,5140,5200,4980,5040,899738,-0.01754385964912286
2024-09-23,5260,5260,4980,5160,1064791,0.023809523809523725
2024-09-24,5100,5130,4995,5040,539241,-0.023255813953488413
2024-09-25,5070,5160,5030,5060,478331,0.003968253968253954
2024-09-26,5090,5200,5030,5180,649087,0.02371541501976293
2024-09-27,5170,5450,5140,5360,1334407,0.03474903474903468
2024-09-30,5480,5510,5270,5470,1391374,0.020522388059701413
2024-10-02,5510,5650,5060,5060,1869266,-0.07495429616087756
2024-10-04,4920,4955,4625,4625,1123518,-0.08596837944664026
2024-10-07,4665,5390,4640,4990,2443000,0.078918918918919
2024-10-08,5050,5070,4740,4775,523263,-0.043086172344689366
2024-10-10,4785,5070,4785,5020,635312,0.0513089005235603
2024-10-11,4980,5030,4805,4845,275293,-0.03486055776892427
2024-10-14,4855,4975,4740,4800,253907,-0.009287925696594423
2024-10-15,4800,4835,4720,4745,178649,-0.011458333333333348
2024-10-16,4725,4890,4705,4780,164870,0.007376185458377149
2024-10-17,4785,4800,4710,4710,120215,-0.014644351464435101
2024-10-18,4700,4730,4520,4625,148969,-0.018046709129511673
2024-10-21,4625,4690,4580,4600,70744,-0.00540540540540535
2024-10-22,4555,4630,4475,4545,186869,-0.011956521739130421
2024-10-23,4530,4565,4455,4505,109663,-0.008800880088008833
2024-10-24,4480,4580,4445,4485,95128,-0.004439511653718142
2024-10-25,4470,4515,4390,4410,112645,-0.01672240802675584
2024-10-28,4410,4555,4410,4540,75552,0.02947845804988658
2024-10-29,4510,4580,4460,4540,77420,0.0
2024-10-30,4575,4575,4415,4415,87881,-0.02753303964757714
2024-10-31,4400,4535,4360,4520,82539,0.023782559456398733
2024-11-01,4480,4510,4390,4415,72584,-0.023230088495575174
2024-11-04,4405,4520,4400,4510,69169,0.021517553793884536
2024-11-05,4455,4575,4455,4515,51559,0.0011086474501109667
2024-11-06,4800,4940,4315,4330,790412,-0.04097452934662238
2024-11-07,4325,4400,4255,4290,152493,-0.009237875288683584
2024-11-08,4300,4480,4300,4360,180687,0.01631701631701632
2024-11-11,4330,4450,4190,4195,205073,-0.037844036697247674
2024-11-12,4190,4245,4010,4100,195072,-0.022646007151370662
2024-11-13,4050,4130,3990,3990,162617,-0.02682926829268295
2024-11-14,3990,4135,3990,4060,149568,0.01754385964912286
2024-11-15,4060,4240,4030,4170,155398,0.027093596059113212
2024-11-18,4155,4275,4150,4205,99985,0.008393285371702586
2024-11-19,4235,4330,4175,4205,104707,0.0
2024-11-20,4240,4245,4160,4180,114081,-0.005945303210463715
2024-11-21,4180,4220,4105,4180,100858,0.0
2024-11-22,4180,4280,4135,4165,78221,-0.0035885167464114742
2024-11-25,4150,4285,4150,4220,69902,0.013205282112845218
2024-11-26,4230,4265,4150,4265,66506,0.010663507109004655
2024-11-27,4280,4345,4205,4225,72047,-0.009378663540445475
2024-11-28,4225,4320,4200,4265,83921,0.00946745562130169
2024-11-29,4250,4265,4050,4095,74289,-0.0398593200468933
2024-12-02,4075,4185,3990,3995,165381,-0.024420024420024444
2024-12-03,3995,4105,3995,4080,81783,0.02127659574468077
2024-12-04,3985,4080,3935,3990,105763,-0.022058823529411797
2024-12-05,4000,4050,3835,3835,130237,-0.03884711779448624
2024-12-06,3870,3895,3695,3795,128796,-0.010430247718383301
2024-12-09,3695,3705,3530,3530,225449,-0.06982872200263501
2024-12-10,3540,3890,3540,3845,157409,0.0892351274787535
2024-12-11,3805,3950,3800,3930,75281,0.022106631989596837
2024-12-12,3940,3960,3865,3930,66982,0.0
2024-12-13,3905,3975,3880,3970,58496,0.010178117048346147
2024-12-16,3990,4045,3905,4025,99096,0.01385390428211597
2024-12-17,4040,4050,3960,4025,42239,0.0
2024-12-18,3985,4070,3985,4040,74719,0.003726708074534235
2024-12-19,3960,4015,3895,3990,54494,-0.012376237623762387
2024-12-20,3990,4010,3860,3895,88296,-0.023809523809523836
2024-12-23,3860,3980,3860,3980,39177,0.021822849807445532
2024-12-24,3960,4050,3955,4010,50134,0.007537688442211143
2024-12-26,4050,4050,3920,3935,70081,-0.018703241895261846
2024-12-27,3900,3935,3840,3840,46707,-0.02414231257941546
2024-12-30,3825,3925,3820,3915,31874,0.01953125
2025-01-02,3880,3910,3850,3880,36115,-0.008939974457215838
2025-01-03,3880,3970,3875,3930,42648,0.012886597938144284
2025-01-06,3940,3980,3905,3965,38984,0.008905852417302906
2025-01-07,3970,3985,3940,3960,46809,-0.0012610340479193294
2025-01-08,3955,4050,3930,4020,56228,0.015151515151515138
2025-01-09,4020,4140,3960,4010,112781,-0.0024875621890547706
2025-01-10,4050,4075,3820,4000,72835,-0.0024937655860348684
2025-01-13,4050,4070,3925,3935,64649,-0.016249999999999987
2025-01-14,3915,4000,3915,3950,41520,0.003811944091486552
2025-01-15,4020,4020,3950,3950,44754,0.0
2025-01-16,3990,4010,3925,3955,66056,0.0012658227848101333
2025-01-17,4095,4100,3980,3980,154140,0.006321112515802696
2025-01-20,4040,4130,4000,4025,207274,0.011306532663316604
2025-01-21,4030,4095,3990,4065,109549,0.009937888198757738
2025-01-22,4065,4105,3950,3985,110936,-0.019680196801967975
2025-01-23,3985,3985,3860,3870,77045,-0.02885821831869506
2025-01-24,3870,3900,3845,3870,34528,0.0
2025-01-31,3870,3890,3770,3790,67707,-0.02067183462532296
2025-02-03,3750,3780,3660,3690,69042,-0.02638522427440637
2025-02-04,3690,3805,3690,3775,20319,0.023035230352303593
2025-02-05,3760,3845,3760,3820,45294,0.01192052980132452
2025-02-06,3820,3855,3775,3790,39994,-0.007853403141361293
2025-02-07,3795,3815,3725,3785,36500,-0.0013192612137202797
2025-02-10,3765,3850,3735,3840,41297,0.014531043593130732
2025-02-11,3850,3855,3810,3840,62478,0.0
2025-02-12,3855,3880,3775,3800,36766,-0.01041666666666663
2025-02-13,3820,3840,3775,3800,39504,0.0
2025-02-14,3820,3840,3795,3795,32191,-0.001315789473684159
2025-02-17,3815,3835,3790,3815,20954,0.005270092226614009
2025-02-18,3815,3835,3785,3830,39171,0.003931847968545288
2025-02-19,3820,3830,3790,3830,50396,0.0
2025-02-20,3830,3870,3810,3830,64201,0.0
2025-02-21,3835,3915,3830,3895,73879,0.016971279373368064
2025-02-24,3895,4000,3885,3965,127982,0.01797175866495504
2025-02-25,3955,4065,3925,4025,227365,0.015132408575031508
2025-02-26,4080,4085,3940,3975,125301,-0.012422360248447228
2025-02-27,3975,4010,3925,3940,44829,-0.008805031446540879
2025-02-28,3915,3915,3815,3845,95717,-0.024111675126903598
2025-03-04,3845,3865,3780,3800,33084,-0.011703511053316018
2025-03-05,3780,4050,3780,3965,176440,0.04342105263157903
2025-03-06,3970,4015,3920,3960,31081,-0.0012610340479193294
2025-03-07,3900,3980,3890,3930,31677,-0.007575757575757569
2025-03-10,3930,3950,3885,3920,39742,-0.0025445292620864812
2025-03-11,3840,3895,3820,3850,62716,-0.017857142857142905
2025-03-12,3870,3890,3820,3830,39114,-0.0051948051948051965
2025-03-13,3830,3860,3765,3780,51364,-0.01305483028720622
2025-03-14,3775,3855,3765,3780,43576,0.0
2025-03-17,3800,3820,3780,3795,33145,0.003968253968253954
2025-03-18,3770,3835,3765,3765,46428,-0.007905138339920903
2025-03-19,3765,3780,3740,3750,38841,-0.003984063745019917
2025-03-20,3750,3770,3715,3725,32581,-0.00666666666666671
2025-03-21,3715,3745,3645,3730,106985,0.0013422818791946067
2025-03-24,3750,3880,3720,3790,85613,0.01608579088471851
2025-03-25,3770,3835,3710,3720,46846,-0.01846965699208447
2025-03-26,3740,3760,3700,3720,26863,0.0
2025-03-27,3720,3755,3705,3715,36091,-0.0013440860215053752
2025-03-28,3715,3730,3645,3650,54705,-0.01749663526244949
2025-03-31,3645,3650,3495,3510,100145,-0.0383561643835616
2025-04-01,3515,3700,3515,3675,42607,0.047008547008547064
2025-04-02,3675,3705,3620,3675,16894,0.0
2025-04-03,3625,3765,3555,3565,43006,-0.029931972789115635
2025-04-04,3505,3765,3495,3745,67005,0.05049088359046294
2025-04-07,3675,3740,3500,3545,78185,-0.05340453938584777
2025-04-08,3575,3670,3500,3505,57440,-0.01128349788434413
2025-04-09,3495,3640,3445,3530,72065,0.007132667617689048
2025-04-10,3580,3770,3580,3740,95305,0.059490084985835745
2025-04-11,3700,3760,3545,3685,54924,-0.014705882352941124
2025-04-14,3685,3750,3675,3750,32631,0.01763907734056991
2025-04-15,3750,4120,3705,3880,858944,0.03466666666666662
2025-04-16,3905,3930,3865,3875,112485,-0.0012886597938144284
2025-04-17,3895,4000,3860,3915,155567,0.010322580645161228
2025-04-18,3960,4000,3870,3940,118255,0.0063856960408683605
2025-04-21,3990,4000,3860,3890,113741,-0.012690355329949221
2025-04-22,3850,3915,3840,3855,64826,-0.00899742930591263
2025-04-23,3880,3890,3805,3855,34170,0.0
2025-04-24,3860,3900,3825,3865,72617,0.0025940337224383825
2025-04-25,3885,3920,3860,3915,112214,0.012936610608020649
2025-04-28,3895,3940,3885,3910,62130,-0.0012771392081737387
2025-04-29,3900,3955,3885,3935,57372,0.006393861892583175
2025-04-30,3900,3925,3820,3825,71324,-0.027954256670902122
2025-05-02,3825,3860,3750,3825,50024,0.0
2025-05-07,3830,3890,3780,3875,31788,0.013071895424836555
2025-05-08,3855,3910,3835,3870,49162,-0.001290322580645209
2025-05-09,3840,3870,3825,3870,57496,0.0
2025-05-12,3890,3935,3870,3925,77986,0.01421188630490966
2025-05-13,3925,3960,3910,3945,34728,0.005095541401273884
2025-05-14,3965,4250,3965,4005,1012084,0.015209125475285079
2025-05-15,4005,4030,3950,3990,86379,-0.0037453183520599342
2025-05-16,3990,3990,3905,3920,70946,-0.01754385964912286
2025-05-19,3905,3990,3860,3910,56963,-0.0025510204081632404
2025-05-20,3910,3950,3890,3915,46071,0.0012787723785165905
2025-05-21,3920,4050,3920,4050,81485,0.034482758620689724
2025-05-22,4010,4180,3970,3970,82523,-0.01975308641975304
2025-05-23,3990,3990,3905,3955,35322,-0.0037783375314861534
2025-05-26,3890,3970,3815,3910,35995,-0.011378002528445008
2025-05-27,3910,3975,3850,3855,66660,-0.014066496163682829
2025-05-28,3850,3935,3830,3920,43773,0.016861219195849486
2025-05-29,3925,3995,3900,3990,65118,0.017857142857142794
2025-05-30,4010,4025,3960,3975,41560,-0.003759398496240629
2025-06-02,4000,4050,3965,4010,104473,0.008805031446540879
2025-06-04,4035,4100,3990,4080,74463,0.0174563591022443
2025-06-05,4100,4100,4005,4045,63940,-0.008578431372548989
2025-06-09,4075,4185,4075,4175,153209,0.03213844252163156
2025-06-10,4180,4235,4100,4150,107549,-0.005988023952095856
2025-06-11,4200,4200,4120,4160,78529,0.002409638554216942
2025-06-12,4150,4200,4110,4115,68532,-0.01081730769230771
2025-06-13,4155,4300,4090,4140,602081,0.0060753341433779084
2025-06-16,4175,4175,4020,4120,134091,-0.004830917874396157
2025-06-17,4085,4145,4045,4100,151899,-0.004854368932038833
2025-06-18,4075,4180,4050,4160,146754,0.014634146341463428
2025-06-19,4160,4170,4085,4125,52639,-0.008413461538461564
2025-06-20,4145,4145,4065,4125,60868,0.0
2025-06-23,4200,4270,4135,4150,305422,0.0060606060606061
2025-06-24,4125,4240,4115,4190,243597,0.009638554216867545
2025-06-25,4200,5440,4200,5050,19054538,0.20525059665871126
2025-06-26,5100,5560,4775,4840,7165739,-0.04158415841584162
2025-06-27,4795,5960,4645,5550,22036166,0.14669421487603307
2025-06-30,5520,5600,5140,5300,2251568,-0.04504504504504503
2025-07-01,5320,5570,5170,5190,2930173,-0.02075471698113207
2025-07-02,5300,6250,5150,5480,22437787,0.05587668593448947
2025-07-03,5420,6810,5260,6250,24557795,0.1405109489051095
2025-07-04,6120,6500,5800,6090,9565495,-0.025599999999999956
2025-07-07,6000,6590,5960,6160,7085775,0.011494252873563315
2025-07-08,6150,6730,6090,6260,5285903,0.016233766233766156
2025-07-09,6350,6380,5990,6000,1277754,-0.04153354632587858
2025-07-10,6030,6220,5780,5890,1986424,-0.018333333333333313
2025-07-11,5980,6710,5890,6250,8652017,0.06112054329371808
2025-07-14,6180,7940,6000,7340,40839280,0.1744000000000001
2025-07-15,7110,7110,6970,7000,1528583,-0.0463215258855586
2025-07-16,7100,7210,7040,7200,690604,0.02857142857142847
2025-07-17,7250,7550,7210,7550,1874316,0.04861111111111116
2025-07-18,7200,7380,7000,7350,2931280,-0.026490066225165587
2025-07-21,7090,7310,6910,7040,1916833,-0.042176870748299344
2025-07-22,7040,7080,6420,6660,2672910,-0.05397727272727271
2025-07-23,6820,7080,6530,6700,3292202,0.006006006006006093
2025-07-24,6790,7040,6620,6840,3106095,0.020895522388059806
2025-07-25,6810,6870,6100,6210,3949788,-0.09210526315789469
2025-07-28,6060,6110,5640,5710,1928447,-0.08051529790660228
2025-07-29,5700,5760,5520,5600,1009293,-0.019264448336252182
2025-07-30,5650,5730,5500,5580,771589,-0.0035714285714285587
2025-07-31,5540,5680,5450,5540,841442,-0.007168458781361964
2025-08-01,5530,5530,5330,5400,727053,-0.02527075812274371
2025-08-04,5330,5560,5310,5450,487367,0.0092592592592593
2025-08-05,5450,5560,5380,5540,497678,0.016513761467889854
2025-08-06,5650,5660,5450,5470,492332,-0.012635379061371799
2025-08-07,5500,5750,5400,5460,2170981,-0.001828153564899404
2025-08-08,5470,5580,5410,5480,485789,0.00366300366300365
2025-08-11,5540,5690,5430,5670,833222,0.034671532846715314
2025-08-12,5670,5680,5550,5610,432708,-0.010582010582010581
2025-08-13,5620,5890,5470,5530,1536372,-0.014260249554367221
2025-08-14,5480,5750,5480,5550,665322,0.003616636528029016
2025-08-18,5600,5650,5430,5550,345884,0.0
2025-08-19,5490,5610,5460,5560,299277,0.0018018018018017834
2025-08-20,5460,5520,5360,5510,435002,-0.008992805755395739
2025-08-21,5700,5840,5550,5560,1310175,0.00907441016333932
2025-08-22,5560,6020,5560,5730,3295222,0.030575539568345356
2025-08-25,5730,5760,5660,5730,489210,0.0
2025-08-26,5680,5740,5340,5360,811805,-0.06457242582897038
2025-08-27,5360,5530,5360,5510,299559,0.027985074626865725
2025-08-28,5510,5650,5420,5620,287768,0.019963702359346636
2025-08-29,5680,5740,5490,5580,315483,-0.007117437722419906
2025-09-01,5570,5640,5350,5480,293635,-0.017921146953404965
2025-09-02,5490,5600,5360,5500,206885,0.0036496350364962904
2025-09-03,5500,5610,5400,5580,168686,0.014545454545454639
2025-09-04,5610,5640,5550,5580,437980,0.0
2025-09-05,5820,5820,5440,5500,1273099,-0.014336917562724039
2025-09-08,5500,5720,5440,5640,775463,0.025454545454545396
2025-09-09,5690,5880,5600,5660,1243747,0.0035460992907800915
2025-09-10,5660,5750,5580,5680,558240,0.0035335689045936647
2025-09-11,5680,5850,5630,5710,715506,0.005281690140845008
2025-09-12,5760,5760,5580,5640,331997,-0.012259194395796813
2025-09-15,5650,5650,5480,5510,482031,-0.023049645390070927
2025-09-16,5490,5540,5410,5470,331488,-0.007259528130671544
2025-09-17,5460,5510,5380,5510,254786,0.007312614259597838
2025-09-18,5510,5680,5460,5660,296651,0.02722323049001818
2025-09-19,5670,5680,5500,5570,223962,-0.01590106007067138
2025-09-22,5580,5630,5490,5600,135794,0.0053859964093356805
2025-09-23,5630,5630,5470,5560,160603,-0.0071428571428571175
2025-09-24,5530,5560,5440,5480,125132,-0.014388489208633115
2025-09-25,5450,5540,5430,5480,101572,0.0
2025-09-26,5480,5520,5310,5360,192549,-0.021897810218978075
2025-09-29,5380,5540,5380,5530,115374,0.03171641791044766
2025-09-30,5530,5550,5380,5380,127028,-0.027124773960216952
2025-10-01,5400,5590,5390,5520,177987,0.026022304832713727
2025-10-02,5480,5550,5410,5470,123197,-0.009057971014492794
2025-10-10,5500,5630,5370,5630,218515,0.02925045703839113
2025-10-13,5510,5680,5410,5590,302894,-0.007104795737122527
2025-10-14,5560,5700,5490,5560,471675,-0.00536672629695889
