Date,Open,High,Low,Close,Volume,Change
2022-01-03,1165,1200,1155,1195,131693,0.025751072961373467
2022-01-04,1195,1200,1180,1185,136613,-0.008368200836820106
2022-01-05,1195,1195,1150,1150,114830,-0.029535864978902926
2022-01-06,1145,1245,1130,1175,695093,0.021739130434782705
2022-01-07,1165,1245,1165,1235,438429,0.051063829787234116
2022-01-10,1230,1250,1205,1220,266854,-0.012145748987854255
2022-01-11,1230,1230,1170,1205,164827,-0.012295081967213073
2022-01-12,1205,1265,1195,1240,493352,0.029045643153526868
2022-01-13,1250,1260,1225,1245,274727,0.0040322580645162365
2022-01-14,1240,1255,1215,1255,229337,0.008032128514056325
2022-01-17,1265,1265,1200,1210,191864,-0.03585657370517925
2022-01-18,1220,1225,1185,1190,99815,-0.016528925619834656
2022-01-19,1180,1250,1175,1205,273045,0.012605042016806678
2022-01-20,1190,1255,1190,1230,167257,0.020746887966804906
2022-01-21,1230,1260,1215,1235,254410,0.004065040650406582
2022-01-24,1235,1240,1180,1210,304493,-0.020242914979757054
2022-01-25,1210,1210,1100,1125,489306,-0.07024793388429751
2022-01-26,1125,1170,1125,1140,161372,0.01333333333333342
2022-01-27,1130,1145,1080,1085,320344,-0.04824561403508776
2022-01-28,1070,1130,1070,1115,95684,0.02764976958525356
2022-02-03,1120,1155,1120,1130,142309,0.013452914798206317
2022-02-04,1125,1145,1125,1135,85251,0.004424778761061843
2022-02-07,1140,1150,1115,1125,38499,-0.008810572687224627
2022-02-08,1130,1140,1110,1130,79937,0.004444444444444473
2022-02-09,1140,1170,1115,1150,300871,0.017699115044247815
2022-02-10,1150,1165,1135,1150,79235,0.0
2022-02-11,1145,1170,1115,1140,144587,-0.008695652173912993
2022-02-14,1135,1140,1090,1120,126823,-0.01754385964912286
2022-02-15,1115,1150,1110,1120,173003,0.0
2022-02-16,1300,1425,1145,1160,8139814,0.03571428571428581
2022-02-17,1150,1180,1125,1130,1041484,-0.025862068965517238
2022-02-18,1105,1185,1105,1160,907955,0.026548672566371723
2022-02-21,1150,1170,1130,1160,320601,0.0
2022-02-22,1140,1180,1140,1155,309574,-0.004310344827586188
2022-02-23,1155,1175,1145,1150,286151,-0.0043290043290042934
2022-02-24,1140,1155,1115,1120,302850,-0.02608695652173909
2022-02-25,1130,1150,1125,1130,163544,0.008928571428571397
2022-02-28,1130,1145,1120,1125,247830,-0.004424778761061954
2022-03-02,1130,1140,1120,1135,168701,0.008888888888888946
2022-03-03,1145,1175,1145,1175,241086,0.03524229074889873
2022-03-04,1185,1185,1160,1175,168047,0.0
2022-03-07,1170,1175,1150,1165,189308,-0.008510638297872353
2022-03-08,1155,1165,1135,1150,303227,-0.012875536480686733
2022-03-10,1160,1190,1160,1165,108628,0.01304347826086949
2022-03-11,1170,1175,1155,1170,214614,0.0042918454935623185
2022-03-14,1160,1175,1155,1165,158611,-0.004273504273504258
2022-03-15,1165,1180,1150,1170,98517,0.0042918454935623185
2022-03-16,1170,1190,1160,1190,154582,0.017094017094017033
2022-03-17,1195,1205,1180,1195,355042,0.004201680672268893
2022-03-18,1195,1200,1175,1185,104586,-0.008368200836820106
2022-03-21,1185,1195,1170,1175,123097,-0.008438818565400852
2022-03-22,1165,1190,1160,1175,147446,0.0
2022-03-23,1180,1200,1180,1185,215722,0.008510638297872353
2022-03-24,1180,1195,1175,1185,117272,0.0
2022-03-25,1185,1200,1185,1185,188840,0.0
2022-03-28,1185,1205,1180,1195,183724,0.00843881856540074
2022-03-29,1205,1225,1195,1215,251479,0.01673640167364021
2022-03-30,1225,1240,1205,1220,259786,0.004115226337448652
2022-03-31,1220,1270,1220,1255,465946,0.028688524590164022
2022-04-01,1255,1270,1240,1255,124961,0.0
2022-04-04,1255,1255,1235,1255,135354,0.0
2022-04-05,1250,1260,1235,1245,94405,-0.007968127490039834
2022-04-06,1230,1245,1230,1230,78987,-0.012048192771084376
2022-04-07,1230,1270,1215,1260,574961,0.024390243902439046
2022-04-08,1260,1265,1240,1260,148432,0.0
2022-04-11,1260,1315,1245,1280,605631,0.015873015873015817
2022-04-12,1280,1285,1235,1260,487250,-0.015625
2022-04-13,1265,1275,1245,1260,161890,0.0
2022-04-14,1265,1270,1230,1250,231000,-0.007936507936507908
2022-04-15,1245,1255,1220,1255,123074,0.0040000000000000036
2022-04-18,1265,1270,1245,1245,114954,-0.007968127490039834
2022-04-19,1245,1265,1240,1240,184771,-0.004016064257028162
2022-04-20,1250,1255,1240,1245,74792,0.0040322580645162365
2022-04-21,1245,1255,1230,1250,119619,0.004016064257028162
2022-04-22,1245,1250,1220,1225,168311,-0.020000000000000018
2022-04-25,1225,1230,1200,1200,97958,-0.020408163265306145
2022-04-26,1205,1225,1180,1225,280625,0.02083333333333326
2022-04-27,1195,1220,1190,1215,104189,-0.008163265306122436
2022-04-28,1210,1220,1205,1210,24588,-0.004115226337448541
2022-04-29,1210,1230,1205,1215,92244,0.004132231404958775
2022-05-02,1220,1225,1200,1200,110603,-0.012345679012345734
2022-05-03,1200,1220,1200,1220,72350,0.016666666666666607
2022-05-04,1215,1225,1185,1190,130681,-0.024590163934426257
2022-05-06,1180,1190,1140,1160,232579,-0.025210084033613467
2022-05-09,1160,1170,1115,1125,271645,-0.030172413793103425
2022-05-10,1115,1135,1080,1120,348411,-0.004444444444444473
2022-05-11,1120,1145,1105,1125,70051,0.0044642857142858094
2022-05-12,1120,1125,1080,1095,75173,-0.026666666666666616
2022-05-13,1090,1120,1090,1120,64246,0.022831050228310446
2022-05-16,1130,1135,1105,1120,83174,0.0
2022-05-17,1110,1125,1105,1120,53498,0.0
2022-05-18,1125,1140,1105,1105,100227,-0.013392857142857095
2022-05-19,1080,1100,1070,1100,114992,-0.004524886877828038
2022-05-20,1090,1115,1090,1100,80112,0.0
2022-05-23,1105,1105,1080,1105,99095,0.00454545454545463
2022-05-24,1110,1115,1080,1080,70431,-0.022624434389140302
2022-05-25,1080,1105,1080,1085,54091,0.004629629629629539
2022-05-26,1090,1105,1080,1090,28975,0.004608294930875667
2022-05-27,1090,1110,1080,1095,105451,0.004587155963302836
2022-05-30,1095,1120,1095,1095,47466,0.0
2022-05-31,1100,1105,1085,1090,158989,-0.004566210045662156
2022-06-02,1095,1100,1085,1095,29501,0.004587155963302836
2022-06-03,1105,1105,1075,1075,239947,-0.0182648401826484
2022-06-07,1080,1080,1045,1065,241464,-0.009302325581395321
2022-06-08,1065,1080,1050,1050,185677,-0.014084507042253502
2022-06-09,1050,1055,1025,1035,125809,-0.014285714285714235
2022-06-10,1040,1040,1015,1035,53943,0.0
2022-06-13,1025,1025,986,1020,290420,-0.01449275362318836
2022-06-14,1000,1030,993,1025,111194,0.004901960784313708
2022-06-15,1025,1035,1010,1030,46383,0.004878048780487809
2022-06-16,1035,1055,1030,1040,50340,0.009708737864077666
2022-06-17,1010,1035,995,1030,112265,-0.009615384615384581
2022-06-20,1015,1020,993,994,80507,-0.03495145631067964
2022-06-21,995,1015,992,1000,28366,0.006036217303822866
2022-06-22,1010,1010,945,945,184596,-0.05500000000000005
2022-06-23,945,1015,920,942,440299,-0.0031746031746031633
2022-06-24,925,1015,925,974,128553,0.03397027600849256
2022-06-27,978,992,966,973,73184,-0.0010266940451745254
2022-06-28,973,982,967,979,40478,0.006166495375128367
2022-06-29,971,978,954,959,98260,-0.020429009193054126
2022-06-30,960,975,954,958,83178,-0.0010427528675703845
2022-07-01,956,980,941,971,98620,0.013569937369519725
2022-07-04,971,972,958,970,21571,-0.001029866117404743
2022-07-05,970,994,953,955,109270,-0.015463917525773141
2022-07-06,960,965,941,941,51312,-0.014659685863874339
2022-07-07,949,965,943,960,64823,0.020191285866099973
2022-07-08,958,967,952,960,63978,0.0
2022-07-11,963,1020,957,1000,193686,0.04166666666666674
2022-07-12,1025,1025,989,1015,139643,0.014999999999999902
2022-07-13,1010,1055,1000,1050,98341,0.034482758620689724
2022-07-14,1040,1095,1035,1085,131106,0.03333333333333344
2022-07-15,1075,1095,1040,1045,70821,-0.03686635944700456
2022-07-18,1045,1065,1040,1065,25587,0.019138755980861344
2022-07-19,1050,1065,1025,1030,41313,-0.032863849765258246
2022-07-20,1040,1045,1020,1020,21301,-0.009708737864077666
2022-07-21,1020,1040,1015,1040,42763,0.019607843137254832
2022-07-22,1040,1045,1025,1045,35823,0.004807692307692291
2022-07-25,1045,1045,1030,1030,11680,-0.014354066985645897
2022-07-26,1035,1050,1020,1050,34943,0.01941747572815533
2022-07-27,1040,1055,1035,1055,13881,0.004761904761904745
2022-07-28,1050,1055,1025,1025,36986,-0.028436018957345932
2022-07-29,1025,1050,1025,1050,23504,0.024390243902439046
2022-08-01,1045,1065,1035,1065,33715,0.014285714285714235
2022-08-02,1060,1065,1045,1060,15108,-0.0046948356807511304
2022-08-03,1060,1060,1040,1060,19159,0.0
2022-08-04,1065,1065,1040,1060,24270,0.0
2022-08-05,1060,1060,1025,1025,105563,-0.03301886792452835
2022-08-08,1020,1030,1015,1020,56739,-0.004878048780487809
2022-08-09,1025,1030,1015,1015,19227,-0.004901960784313708
2022-08-10,1015,1245,1015,1040,8254968,0.024630541871921263
2022-08-11,1060,1070,1045,1055,578075,0.014423076923076872
2022-08-12,1055,1060,1045,1045,166113,-0.009478672985781977
2022-08-16,1050,1060,1040,1055,143072,0.009569377990430672
2022-08-17,1035,1055,1030,1040,162174,-0.014218009478673022
2022-08-18,1025,1040,1025,1025,166009,-0.014423076923076872
2022-08-19,1025,1040,1020,1025,89032,0.0
2022-08-22,1030,1030,998,999,169705,-0.025365853658536608
2022-08-23,1000,1000,980,990,151638,-0.009009009009009028
2022-08-24,990,999,987,990,43727,0.0
2022-08-25,1010,1020,994,1020,74372,0.030303030303030276
2022-08-26,1020,1020,996,998,126638,-0.021568627450980427
2022-08-29,980,980,965,974,59701,-0.024048096192384794
2022-08-30,973,997,973,990,28907,0.01642710472279263
2022-08-31,991,998,982,998,40360,0.008080808080808133
2022-09-01,994,994,970,970,144462,-0.028056112224448926
2022-09-02,984,984,968,969,65471,-0.0010309278350515427
2022-09-05,964,973,964,971,32705,0.002063983488132193
2022-09-06,968,975,967,970,30137,-0.001029866117404743
2022-09-07,975,975,964,965,42154,-0.005154639175257714
2022-09-08,967,979,967,969,27944,0.004145077720207224
2022-09-13,972,989,972,984,32117,0.015479876160990669
2022-09-14,975,982,966,980,52448,-0.004065040650406471
2022-09-15,984,988,975,988,67083,0.008163265306122547
2022-09-16,987,987,963,963,114147,-0.0253036437246964
2022-09-19,964,978,961,976,62942,0.01349948078920038
2022-09-20,980,980,965,979,37095,0.0030737704918033515
2022-09-21,978,987,967,970,98092,-0.009193054136874323
2022-09-22,969,969,952,957,106617,-0.013402061855670055
2022-09-23,956,981,953,953,93865,-0.004179728317659337
2022-09-26,952,952,896,904,207698,-0.05141657922350473
2022-09-27,887,909,886,897,185536,-0.007743362831858391
2022-09-28,886,914,871,879,194319,-0.02006688963210701
2022-09-29,881,906,881,890,77428,0.012514220705347023
2022-09-30,890,894,879,880,97212,-0.011235955056179803
2022-10-04,883,893,883,893,120089,0.014772727272727382
2022-10-05,911,911,869,877,260654,-0.017917133258678608
2022-10-06,878,900,872,895,25410,0.020524515393386622
2022-10-07,890,890,873,890,140953,-0.005586592178770999
2022-10-11,883,883,860,880,116109,-0.011235955056179803
2022-10-12,871,880,860,871,209533,-0.010227272727272751
2022-10-13,873,882,828,828,320728,-0.04936854190585538
2022-10-14,831,859,831,856,151280,0.033816425120772875
2022-10-17,850,850,835,841,88303,-0.017523364485981352
2022-10-18,857,857,847,851,18869,0.01189060642092743
2022-10-19,851,863,851,851,48859,0.0
2022-10-20,851,855,831,831,119111,-0.023501762632197387
2022-10-21,834,849,817,844,135801,0.01564380264741283
2022-10-24,855,862,831,833,168630,-0.013033175355450233
2022-10-25,841,841,820,821,40415,-0.014405762304921965
2022-10-26,821,821,801,801,126070,-0.02436053593179055
2022-10-27,801,825,796,821,154285,0.024968789013732895
2022-10-28,824,849,809,824,122700,0.0036540803897686658
2022-10-31,830,849,824,824,24808,0.0
2022-11-01,824,837,821,835,45706,0.013349514563106846
2022-11-02,834,837,822,827,15913,-0.009580838323353325
2022-11-03,827,827,806,817,20228,-0.01209189842805325
2022-11-04,816,829,815,820,25762,0.003671970624234966
2022-11-07,816,832,816,820,33053,0.0
2022-11-08,828,838,815,837,68331,0.02073170731707319
2022-11-09,836,852,832,835,42618,-0.002389486260453988
2022-11-10,835,844,825,831,58997,-0.004790419161676662
2022-11-11,840,849,837,841,46004,0.012033694344163681
2022-11-14,841,853,837,850,80717,0.010701545778834642
2022-11-15,855,859,845,850,53040,0.0
2022-11-16,851,857,843,844,27521,-0.007058823529411784
2022-11-17,841,858,833,857,98636,0.01540284360189581
2022-11-18,851,878,851,854,86253,-0.003500583430571802
2022-11-21,864,864,850,863,51459,0.01053864168618257
2022-11-22,857,869,853,853,143984,-0.011587485515643148
2022-11-23,853,877,845,854,130027,0.0011723329425556983
2022-11-24,853,874,850,867,82312,0.015222482435597096
2022-11-25,867,867,845,852,152738,-0.01730103806228378
2022-11-28,852,853,839,852,120794,0.0
2022-11-29,848,860,840,859,87256,0.008215962441314506
2022-11-30,858,865,857,859,15781,0.0
2022-12-01,860,869,843,843,209538,-0.01862630966239809
2022-12-02,844,852,839,840,76584,-0.003558718861209953
2022-12-05,841,852,840,849,57025,0.010714285714285676
2022-12-06,848,849,838,840,104873,-0.010600706713780883
2022-12-07,835,900,835,848,465325,0.00952380952380949
2022-12-08,850,856,800,846,163301,-0.002358490566037763
2022-12-09,846,859,832,833,110745,-0.015366430260047248
2022-12-12,835,859,823,852,112239,0.02280912364945986
2022-12-13,848,854,827,831,141784,-0.02464788732394363
2022-12-14,834,839,825,832,165647,0.001203369434416457
2022-12-15,840,841,823,824,89703,-0.009615384615384581
2022-12-16,823,847,813,839,102858,0.01820388349514568
2022-12-19,838,839,824,836,102518,-0.0035756853396901045
2022-12-20,822,846,822,844,109090,0.009569377990430672
2022-12-21,843,844,827,840,123790,-0.004739336492891044
2022-12-22,840,844,826,827,186272,-0.015476190476190421
2022-12-23,826,826,805,812,43197,-0.01813784764207982
2022-12-26,813,829,805,828,72233,0.019704433497536922
2022-12-27,827,855,812,815,132043,-0.0157004830917874
2022-12-28,816,822,756,756,386482,-0.07239263803680984
2022-12-29,753,761,745,760,226672,0.005291005291005346
2023-01-02,759,776,720,730,196106,-0.03947368421052633
2023-01-03,729,733,705,720,119739,-0.013698630136986356
2023-01-04,719,719,699,701,362081,-0.026388888888888906
2023-01-05,704,704,686,686,394587,-0.021398002853067033
2023-01-06,695,709,680,695,532947,0.013119533527696792
2023-01-09,702,704,691,691,714339,-0.0057553956834532904
2023-01-10,696,701,688,693,821131,0.0028943560057888007
2023-01-11,696,765,691,734,2934190,0.059163059163059195
2023-01-12,744,754,731,736,496141,0.0027247956403269047
2023-01-13,736,739,728,736,164493,0.0
2023-01-16,740,741,730,736,138553,0.0
2023-01-17,736,738,725,725,255435,-0.014945652173913082
2023-01-18,733,733,718,729,110275,0.0055172413793103114
2023-01-19,728,760,725,759,530363,0.04115226337448563
2023-01-20,758,812,758,791,567104,0.04216073781291163
2023-01-25,792,827,792,806,299661,0.01896333754740831
2023-01-26,804,813,797,804,111878,-0.002481389578163795
2023-01-27,815,819,803,803,107122,-0.0012437810945273853
2023-01-30,805,818,798,807,111909,0.00498132004981322
2023-01-31,807,819,802,807,84684,0.0
2023-02-01,806,826,802,826,43031,0.023543990086740907
2023-02-02,826,1020,821,896,9264940,0.0847457627118644
2023-02-03,909,909,862,863,970877,-0.036830357142857095
2023-02-06,864,894,859,884,634131,0.024333719582850577
2023-02-07,888,890,866,880,304512,-0.004524886877828038
2023-02-08,878,892,870,890,357375,0.011363636363636465
2023-02-09,887,889,870,878,197467,-0.013483146067415741
2023-02-10,870,877,830,833,422027,-0.05125284738041003
2023-02-13,833,853,831,842,122544,0.010804321728691502
2023-02-14,843,861,843,856,465534,0.016627078384798155
2023-02-15,856,866,842,858,133009,0.002336448598130758
2023-02-16,855,862,845,855,111504,-0.0034965034965035446
2023-02-17,842,864,839,852,62749,-0.0035087719298245723
2023-02-20,862,866,848,865,130091,0.015258215962441257
2023-02-21,865,883,854,855,151503,-0.011560693641618491
2023-02-22,853,853,816,820,126255,-0.040935672514619936
2023-02-23,821,829,817,819,63215,-0.0012195121951219523
2023-02-24,820,840,806,820,143395,0.0012210012210012167
2023-02-27,812,824,812,820,474150,0.0
2023-02-28,817,835,809,817,87181,-0.003658536585365857
2023-03-02,820,835,800,803,127997,-0.017135862913096656
2023-03-03,804,819,797,801,84115,-0.00249066002490661
2023-03-06,803,807,783,784,171442,-0.02122347066167296
2023-03-07,782,791,764,784,170312,0.0
2023-03-08,783,800,764,799,109502,0.01913265306122458
2023-03-09,790,795,765,767,202630,-0.040050062578222745
2023-03-10,750,763,733,735,144082,-0.041720990873533204
2023-03-13,728,748,711,733,174922,-0.0027210884353741083
2023-03-14,733,734,714,714,138148,-0.02592087312414737
2023-03-15,713,733,705,708,107430,-0.008403361344537785
2023-03-16,707,729,696,714,99650,0.008474576271186418
2023-03-17,710,730,707,717,112694,0.004201680672268893
2023-03-20,720,728,714,721,23687,0.00557880055788007
2023-03-21,720,764,711,738,218101,0.023578363384188616
2023-03-22,732,740,715,716,128149,-0.02981029810298108
2023-03-23,714,723,705,719,127034,0.0041899441340782495
2023-03-24,715,736,708,736,193382,0.02364394993045904
2023-03-27,730,745,708,737,157852,0.0013586956521738358
2023-03-28,722,750,714,715,247076,-0.02985074626865669
2023-03-29,715,723,713,715,49913,0.0
2023-03-30,722,722,713,716,62413,0.0013986013986013734
2023-03-31,715,727,713,718,44984,0.0027932960893854997
2023-04-03,716,724,708,719,114637,0.0013927576601671099
2023-04-04,718,726,714,721,70529,0.0027816411682892728
2023-04-05,721,737,717,731,80660,0.01386962552011095
2023-04-06,728,735,722,724,49179,-0.009575923392612817
2023-04-07,718,734,718,734,64315,0.013812154696132506
2023-04-10,734,750,719,726,126209,-0.010899182561307952
2023-04-11,726,735,721,735,61366,0.012396694214876103
2023-04-12,736,750,728,747,151684,0.01632653061224487
2023-04-13,742,753,737,747,39592,0.0
2023-04-14,743,763,743,759,220288,0.016064257028112428
2023-04-17,756,777,748,765,133729,0.007905138339920903
2023-04-18,765,776,760,765,56301,0.0
2023-04-19,766,779,765,773,185065,0.010457516339869244
2023-04-20,773,789,758,777,181549,0.005174644243208348
2023-04-21,770,791,766,773,175174,-0.005148005148005175
2023-04-24,774,795,741,758,251696,-0.019404915912031084
2023-04-25,751,774,748,753,118723,-0.006596306068601621
2023-04-26,752,762,751,753,24699,0.0
2023-04-27,752,765,742,763,30205,0.013280212483399723
2023-04-28,779,779,750,750,51090,-0.017038007863695914
2023-05-02,750,769,745,745,49256,-0.00666666666666671
2023-05-03,753,754,744,744,54177,-0.0013422818791946067
2023-05-04,743,753,738,753,35132,0.012096774193548487
2023-05-08,750,756,742,754,102803,0.0013280212483399723
2023-05-09,747,764,745,762,76351,0.010610079575596787
2023-05-10,763,763,748,752,48727,-0.013123359580052507
2023-05-11,753,768,752,759,110506,0.009308510638297962
2023-05-12,757,762,756,758,30515,-0.0013175230566534468
2023-05-15,755,760,750,750,41486,-0.01055408970976257
2023-05-16,748,779,748,753,126126,0.0040000000000000036
2023-05-17,754,777,754,768,50471,0.019920318725099584
2023-05-18,768,780,763,778,124667,0.01302083333333326
2023-05-19,776,780,766,778,66074,0.0
2023-05-22,774,783,771,780,97488,0.0025706940874035134
2023-05-23,780,782,774,780,50301,0.0
2023-05-24,779,784,770,778,59898,-0.002564102564102555
2023-05-25,777,781,773,778,39574,0.0
2023-05-26,781,784,774,780,78506,0.0025706940874035134
2023-05-30,780,783,775,777,76707,-0.0038461538461538325
2023-05-31,776,785,776,781,37136,0.005148005148005064
2023-06-01,782,796,780,785,95766,0.005121638924455718
2023-06-02,784,806,782,799,135866,0.017834394904458595
2023-06-05,798,823,798,804,82075,0.006257822277847325
2023-06-07,821,821,805,807,38798,0.003731343283582156
2023-06-08,805,831,800,815,101348,0.00991325898389106
2023-06-09,810,879,810,840,623600,0.030674846625766916
2023-06-12,840,841,788,832,135743,-0.00952380952380949
2023-06-13,826,848,820,839,66764,0.008413461538461453
2023-06-14,840,845,825,845,63249,0.007151370679380209
2023-06-15,838,840,823,839,45812,-0.007100591715976323
2023-06-16,839,858,761,778,274682,-0.07270560190703224
2023-06-19,792,815,787,814,70797,0.046272493573264795
2023-06-20,814,840,807,820,91699,0.0073710073710073765
2023-06-21,815,828,809,820,31558,0.0
2023-06-22,811,829,810,824,47980,0.004878048780487809
2023-06-23,825,837,804,804,61785,-0.024271844660194164
2023-06-26,804,824,799,824,46245,0.02487562189054726
2023-06-27,820,820,799,815,67930,-0.01092233009708743
2023-06-28,805,814,797,814,37709,-0.0012269938650306678
2023-06-29,814,814,788,801,50736,-0.01597051597051602
2023-06-30,793,806,786,805,59461,0.004993757802746579
2023-07-03,825,825,772,772,198649,-0.04099378881987581
2023-07-04,774,780,772,778,64820,0.007772020725388629
2023-07-05,781,792,773,779,54409,0.0012853470437017567
2023-07-06,782,790,774,786,54763,0.00898587933247752
2023-07-07,775,783,761,780,32693,-0.007633587786259555
2023-07-10,780,781,742,762,81536,-0.023076923076923106
2023-07-11,762,764,753,756,38624,-0.007874015748031482
2023-07-12,762,769,749,759,41591,0.003968253968253954
2023-07-13,755,769,753,768,22721,0.011857707509881354
2023-07-14,760,778,757,775,25704,0.00911458333333326
2023-07-17,771,785,768,783,30494,0.010322580645161228
2023-07-18,774,783,756,769,67240,-0.017879948914431676
2023-07-19,769,773,730,730,131525,-0.05071521456436934
2023-07-20,731,780,731,751,42026,0.02876712328767117
2023-07-21,750,754,738,747,52351,-0.005326231691078598
2023-07-24,739,745,726,736,37209,-0.014725568942436373
2023-07-25,735,749,716,732,38070,-0.005434782608695676
2023-07-26,732,732,690,691,88646,-0.05601092896174864
2023-07-27,703,718,692,692,53577,0.0014471780028944004
2023-07-28,695,720,694,719,21538,0.039017341040462394
2023-07-31,717,735,717,723,23258,0.0055632823365785455
2023-08-01,723,731,723,731,50237,0.011065006915629283
2023-08-02,742,742,717,729,58393,-0.002735978112175075
2023-08-03,729,729,686,716,29849,-0.017832647462277085
2023-08-04,716,717,709,715,21722,-0.0013966480446927498
2023-08-07,716,734,702,729,75927,0.019580419580419672
2023-08-08,723,731,713,724,18799,-0.006858710562414272
2023-08-09,717,733,716,732,20715,0.011049723756906049
2023-08-10,731,734,725,734,35519,0.002732240437158362
2023-08-11,734,736,722,736,27700,0.0027247956403269047
2023-08-14,736,736,716,716,25522,-0.02717391304347827
2023-08-16,720,737,714,728,73404,0.016759776536312776
2023-08-17,721,735,719,733,27410,0.006868131868131844
2023-08-18,732,740,719,733,135044,0.0
2023-08-21,732,743,721,732,20686,-0.0013642564802183177
2023-08-22,734,734,722,732,31561,0.0
2023-08-23,729,735,717,733,33063,0.001366120218579292
2023-08-24,734,740,721,734,58782,0.0013642564802183177
2023-08-25,739,739,721,732,22570,-0.0027247956403270157
2023-08-28,745,745,724,725,65675,-0.0095628415300546
2023-08-29,726,738,720,732,76538,0.009655172413793212
2023-08-30,732,878,715,729,2767560,-0.004098360655737654
2023-08-31,730,752,714,728,307861,-0.00137174211248281
2023-09-01,728,735,710,711,172735,-0.02335164835164838
2023-09-04,712,718,707,707,55870,-0.005625879043600568
2023-09-05,712,720,706,712,29590,0.007072135785006983
2023-09-06,712,714,706,711,28585,-0.001404494382022503
2023-09-07,708,735,700,709,170536,-0.002812939521800284
2023-09-08,707,714,704,708,44151,-0.0014104372355430161
2023-09-11,711,715,708,712,23095,0.005649717514124353
2023-09-12,712,722,705,706,79646,-0.008426966292134797
2023-09-13,710,715,704,712,36339,0.008498583569405138
2023-09-14,710,716,708,712,30805,0.0
2023-09-15,721,721,712,716,34685,0.00561797752808979
2023-09-18,720,720,712,718,29110,0.0027932960893854997
2023-09-19,718,733,717,730,110778,0.01671309192200554
2023-09-20,730,753,724,741,128077,0.015068493150685036
2023-09-21,734,742,722,732,90945,-0.012145748987854255
2023-09-22,723,744,718,730,73242,-0.002732240437158473
2023-09-25,730,730,712,725,167185,-0.006849315068493178
2023-09-26,717,725,712,721,101966,-0.0055172413793103114
2023-09-27,716,738,711,722,122329,0.001386962552011095
2023-10-04,722,745,708,722,150634,0.0
2023-10-05,723,745,711,718,172356,-0.005540166204986097
2023-10-06,730,730,710,723,37533,0.0069637883008355494
2023-10-10,723,727,714,725,35576,0.0027662517289073207
2023-10-11,726,729,719,721,54137,-0.0055172413793103114
2023-10-12,720,728,718,722,22739,0.001386962552011095
2023-10-13,721,727,715,717,42690,-0.006925207756232732
2023-10-16,716,719,713,714,16281,-0.004184100418409997
2023-10-17,713,737,712,712,50739,-0.0028011204481792618
2023-10-18,715,722,711,713,32373,0.001404494382022392
2023-10-19,712,722,710,720,47969,0.009817671809256634
2023-10-20,718,722,709,710,43126,-0.01388888888888884
2023-10-23,710,719,709,710,20402,0.0
2023-10-24,711,728,700,711,264452,0.0014084507042253502
2023-10-25,728,730,709,720,490988,0.012658227848101333
2023-10-26,719,748,709,721,69864,0.001388888888888884
2023-10-27,721,900,721,757,12924505,0.04993065187239942
2023-10-30,734,925,734,925,5078701,0.22192866578599735
2023-10-31,918,918,850,895,1424688,-0.032432432432432434
2023-11-01,872,894,803,810,1114880,-0.0949720670391061
2023-11-02,825,827,780,800,632304,-0.012345679012345734
2023-11-03,788,845,777,813,979037,0.016250000000000098
2023-11-06,812,827,796,811,332830,-0.002460024600245969
2023-11-07,807,854,790,809,184327,-0.002466091245376112
2023-11-08,805,829,800,804,210490,-0.006180469715698411
2023-11-09,807,814,794,795,143484,-0.011194029850746245
2023-11-10,790,803,775,783,142140,-0.015094339622641506
2023-11-13,794,794,765,774,156512,-0.011494252873563204
2023-11-14,770,797,751,771,157380,-0.003875968992248069
2023-11-15,773,783,763,775,246158,0.005188067444876765
2023-11-16,774,790,771,777,102193,0.002580645161290418
2023-11-17,777,777,766,766,86293,-0.014157014157014203
2023-11-20,766,777,757,765,184862,-0.0013054830287205776
2023-11-21,765,767,756,763,135499,-0.002614379084967311
2023-11-22,759,771,755,763,152605,0.0
2023-11-23,764,780,760,767,85427,0.005242463958060384
2023-11-24,769,771,761,763,79228,-0.0052151238591916504
2023-11-27,761,771,761,763,30159,0.0
2023-11-28,766,771,761,770,40095,0.00917431192660545
2023-11-29,770,777,764,767,74028,-0.003896103896103842
2023-11-30,766,770,760,766,58456,-0.0013037809647978849
2023-12-01,770,771,761,764,15298,-0.0026109660574412663
2023-12-04,770,783,761,775,138483,0.014397905759162333
2023-12-05,775,780,766,766,62408,-0.011612903225806437
2023-12-06,764,775,763,772,49413,0.007832898172323688
2023-12-07,773,780,765,773,90625,0.0012953367875647714
2023-12-08,772,778,768,770,83822,-0.0038809831824062613
2023-12-11,768,780,765,772,88930,0.0025974025974024872
2023-12-12,772,779,767,771,80055,-0.0012953367875647714
2023-12-13,776,779,770,770,79985,-0.0012970168612191912
2023-12-14,773,799,773,780,161576,0.01298701298701288
2023-12-15,780,798,776,784,63955,0.00512820512820511
2023-12-18,780,805,779,797,71720,0.01658163265306123
2023-12-19,798,804,786,799,78071,0.0025094102885820924
2023-12-20,800,808,797,807,88962,0.01001251564455563
2023-12-21,807,807,783,784,68639,-0.028500619578686548
2023-12-22,784,790,773,780,67927,-0.005102040816326481
2023-12-26,783,800,738,765,72457,-0.019230769230769273
2023-12-27,770,887,751,755,727421,-0.013071895424836555
2023-12-28,760,795,751,768,100814,0.017218543046357615
2024-01-02,761,782,760,762,44711,-0.0078125
2024-01-03,766,766,729,763,71086,0.001312335958005173
2024-01-04,762,780,745,745,112457,-0.023591087811271283
2024-01-05,752,767,736,766,107178,0.028187919463087185
2024-01-08,763,776,753,753,68788,-0.016971279373368175
2024-01-09,751,770,730,756,123971,0.003984063745019917
2024-01-10,755,763,743,752,47042,-0.005291005291005346
2024-01-11,752,765,748,751,117939,-0.0013297872340425343
2024-01-12,752,760,745,749,39826,-0.0026631158455392434
2024-01-15,740,766,740,754,88211,0.006675567423231055
2024-01-16,764,768,749,755,67696,0.0013262599469496816
2024-01-17,755,769,747,753,100635,-0.0026490066225165476
2024-01-18,754,757,746,749,21485,-0.005312084993359889
2024-01-19,750,759,748,749,42190,0.0
2024-01-22,748,755,740,750,60275,0.001335113484646211
2024-01-23,751,764,745,764,75339,0.01866666666666661
2024-01-24,765,770,749,749,83727,-0.01963350785340312
2024-01-25,749,756,741,743,39118,-0.008010680907877155
2024-01-26,744,755,744,745,53025,0.0026917900403768957
2024-01-29,746,752,745,745,25111,0.0
2024-01-30,746,760,746,749,97948,0.005369127516778427
2024-01-31,741,757,741,744,43476,-0.006675567423230944
2024-02-01,744,766,742,759,141977,0.02016129032258074
2024-02-02,760,770,756,763,109087,0.005270092226614009
2024-02-05,767,767,750,755,146480,-0.010484927916120546
2024-02-06,756,767,752,756,73292,0.0013245033112583293
2024-02-07,767,776,756,763,147490,0.0092592592592593
2024-02-08,765,777,763,769,103600,0.007863695937090354
2024-02-13,776,798,770,783,207133,0.01820546163849146
2024-02-14,778,793,769,786,1110095,0.003831417624521105
2024-02-15,791,826,781,800,197694,0.01781170483460559
2024-02-16,790,805,786,791,91772,-0.011249999999999982
2024-02-19,793,815,786,808,97489,0.02149178255372952
2024-02-20,801,810,796,803,36231,-0.006188118811881194
2024-02-21,793,850,793,800,141679,-0.0037359900373599153
2024-02-22,800,804,779,795,95213,-0.006249999999999978
2024-02-23,792,830,786,796,72316,0.0012578616352201255
2024-02-26,807,808,788,796,48823,0.0
2024-02-27,800,800,783,798,52950,0.002512562814070307
2024-02-28,798,820,787,798,35491,0.0
