Date,Open,High,Low,Close,Volume,Change
2022-01-03,28750,28750,28650,28650,92,-0.003478260869565264
2022-01-04,28350,28850,28350,28800,596,0.005235602094240788
2022-01-05,29000,29000,28650,28700,229,-0.00347222222222221
2022-01-06,29000,29000,28450,28600,316,-0.0034843205574912606
2022-01-07,28600,28600,28050,28200,324,-0.013986013986013957
2022-01-10,28500,28500,28000,28050,1087,-0.005319148936170248
2022-01-11,28250,28250,27600,27600,805,-0.016042780748663055
2022-01-12,27700,27950,27650,27950,304,0.0126811594202898
2022-01-13,27500,27850,27350,27350,760,-0.02146690518783545
2022-01-14,27350,27400,27100,27350,310,0.0
2022-01-17,27350,27350,27050,27100,377,-0.009140767824497242
2022-01-18,26950,26950,26700,26700,268,-0.014760147601476037
2022-01-19,27000,27000,26300,26400,636,-0.011235955056179803
2022-01-20,26250,26700,26150,26700,538,0.011363636363636465
2022-01-21,26500,27250,26500,26550,588,-0.005617977528089901
2022-01-24,26350,26550,26350,26400,776,-0.005649717514124242
2022-01-25,26400,26900,25300,25300,2108,-0.04166666666666663
2022-01-26,25200,25500,25100,25400,265,0.0039525691699604515
2022-01-27,24650,24650,24300,24300,845,-0.04330708661417326
2022-01-28,24200,25200,24000,24500,2019,0.008230452674897082
2022-02-03,25200,25500,25000,25150,820,0.026530612244898055
2022-02-04,24650,25500,24650,25200,165,0.001988071570576455
2022-02-07,25500,25700,25450,25650,371,0.017857142857142794
2022-02-08,25650,25650,25100,25100,307,-0.021442495126705707
2022-02-09,25500,25500,24900,25150,1126,0.0019920318725099584
2022-02-10,25450,25900,25450,25800,1300,0.025844930417495027
2022-02-11,25800,25950,25300,25500,1349,-0.011627906976744207
2022-02-14,25250,25300,25150,25300,389,-0.007843137254901933
2022-02-15,25300,25300,25000,25250,693,-0.0019762845849802257
2022-02-16,25500,25900,25500,25700,1688,0.017821782178217838
2022-02-17,25900,25900,25400,25400,178,-0.011673151750972721
2022-02-18,25350,25400,25050,25400,1027,0.0
2022-02-21,25800,25800,25300,25300,313,-0.003937007874015741
2022-02-22,25850,25850,24850,24950,721,-0.013833992094861691
2022-02-23,25400,25400,25000,25250,1095,0.012024048096192397
2022-02-24,25250,25250,24950,24950,715,-0.011881188118811892
2022-02-25,25200,25200,24700,24800,451,-0.006012024048096198
2022-02-28,24800,25900,24800,25400,1003,0.024193548387096753
2022-03-02,26000,26100,25800,25800,1367,0.015748031496062964
2022-03-03,25800,26150,25550,26050,296,0.009689922480620172
2022-03-04,26600,26600,25850,26000,570,-0.0019193857965451588
2022-03-07,26300,26300,25700,25950,337,-0.0019230769230769162
2022-03-08,25950,25950,25600,25600,1021,-0.013487475915221592
2022-03-10,26450,26450,25700,25950,247,0.013671875
2022-03-11,25950,26000,25900,26000,1686,0.0019267822736031004
2022-03-14,26100,26200,25700,25900,527,-0.0038461538461538325
2022-03-15,25900,26000,25900,25900,373,0.0
2022-03-16,26000,26500,26000,26100,681,0.007722007722007707
2022-03-17,26800,26900,26450,26850,1091,0.028735632183908066
2022-03-18,28450,28450,27050,27450,2353,0.022346368715083775
2022-03-21,27500,27500,27050,27500,636,0.0018214936247722413
2022-03-22,27250,28200,27250,27950,1553,0.016363636363636358
2022-03-23,28100,28100,27450,27950,869,0.0
2022-03-24,27950,28000,27750,28000,694,0.0017889087656528524
2022-03-25,28050,28050,27850,27950,487,-0.0017857142857142794
2022-03-28,28050,28050,27650,28000,244,0.0017889087656528524
2022-03-29,27700,27950,27700,27900,592,-0.0035714285714285587
2022-03-30,28250,28450,28250,28300,1352,0.014336917562723928
2022-03-31,28300,29150,28200,29150,1147,0.030035335689045928
2022-04-01,29000,29350,29000,29350,2349,0.006861063464836947
2022-04-04,29550,29550,29000,29350,1026,0.0
2022-04-05,29050,29300,28900,29000,473,-0.011925042589437829
2022-04-06,29000,29000,28500,28750,329,-0.008620689655172376
2022-04-07,28650,28900,27700,28300,1151,-0.01565217391304352
2022-04-08,27650,28600,27650,28350,1283,0.0017667844522968323
2022-04-11,28200,28300,27900,28000,470,-0.012345679012345734
2022-04-12,27750,27850,27700,27850,1283,-0.005357142857142838
2022-04-13,28000,28300,27850,27950,598,0.0035906642728904536
2022-04-14,28000,28150,27950,28150,1933,0.007155635062611854
2022-04-15,30550,30550,28750,28800,6319,0.023090586145648295
2022-04-18,28450,28800,28200,28400,1600,-0.01388888888888884
2022-04-19,28450,29000,28450,28700,410,0.010563380281690238
2022-04-20,29150,29150,28900,29000,1069,0.010452961672473782
2022-04-21,29800,29800,29000,29200,1583,0.006896551724137945
2022-04-22,29000,29000,28750,28750,1033,-0.015410958904109595
2022-04-25,28750,29000,28150,28200,494,-0.019130434782608674
2022-04-26,28300,28300,28000,28150,479,-0.0017730496453900457
2022-04-27,27700,27750,27550,27650,1160,-0.017761989342806372
2022-04-28,27950,27950,27800,27800,151,0.005424954792043302
2022-04-29,27600,27800,27500,27700,443,-0.003597122302158251
2022-05-02,27700,27800,27500,27750,210,0.0018050541516245744
2022-05-03,27750,27800,27750,27800,25,0.0018018018018017834
2022-05-04,27800,27800,26550,27650,325,-0.0053956834532373765
2022-05-06,27650,27650,27200,27200,58,-0.016274864376130238
2022-05-09,27100,27100,26550,26550,816,-0.023897058823529438
2022-05-10,26300,26650,26000,26600,453,0.0018832391713747842
2022-05-11,26700,26700,26600,26700,962,0.003759398496240518
2022-05-12,26000,26250,25750,25750,1227,-0.035580524344569264
2022-05-13,25750,26700,25750,26350,323,0.023300970873786353
2022-05-16,26100,26500,25950,26500,447,0.005692599620493288
2022-05-17,26500,26500,26450,26500,569,0.0
2022-05-18,26500,26500,26150,26150,404,-0.013207547169811318
2022-05-19,26100,26100,25750,25950,91,-0.007648183556405397
2022-05-20,26000,26000,25500,26000,514,0.0019267822736031004
2022-05-23,26450,27900,26000,27900,2768,0.07307692307692304
2022-05-24,27000,27800,27000,27250,1255,-0.023297491039426577
2022-05-25,27250,28100,27250,28050,1070,0.029357798165137616
2022-05-26,28100,28100,27900,28050,798,0.0
2022-05-27,28650,32250,28650,30400,18240,0.08377896613190727
2022-05-30,31850,31950,29550,29650,9411,-0.024671052631578982
2022-05-31,30100,38500,30100,38500,68239,0.2984822934232716
2022-06-02,38000,44500,34750,34750,116750,-0.09740259740259738
2022-06-03,35200,35200,32000,32600,39020,-0.06187050359712232
2022-06-07,31300,31300,30100,30200,20730,-0.07361963190184051
2022-06-08,31000,31950,30000,31300,18948,0.036423841059602724
2022-06-09,31300,31300,29300,29900,12245,-0.04472843450479236
2022-06-10,29350,31000,29300,30550,10109,0.021739130434782705
2022-06-13,29900,29900,28000,28000,9118,-0.08346972176759415
2022-06-14,27150,28500,27100,28150,5013,0.005357142857142838
2022-06-15,28000,30000,27750,27800,21566,-0.01243339253996445
2022-06-16,27450,27750,27400,27400,5734,-0.014388489208633115
2022-06-17,26400,26700,26000,26700,8382,-0.025547445255474477
2022-06-20,26850,26850,24200,24550,3762,-0.08052434456928836
2022-06-21,25000,26300,24350,25850,2242,0.05295315682281054
2022-06-22,28400,30550,28050,29000,34207,0.12185686653771755
2022-06-23,27200,27200,24450,24450,17771,-0.15689655172413797
2022-06-24,24450,25800,24450,25250,4061,0.0327198364008181
2022-06-27,25000,25750,25000,25650,3325,0.015841584158415856
2022-06-28,25100,25350,24850,25350,3925,-0.011695906432748537
2022-06-29,24750,25500,24750,25300,1680,-0.0019723865877712132
2022-06-30,25600,25800,25050,25200,3073,-0.0039525691699604515
2022-07-01,25000,25800,24800,24900,970,-0.011904761904761862
2022-07-04,25100,25100,24500,24750,1399,-0.0060240963855421326
2022-07-05,24650,25750,24650,25500,3423,0.030303030303030276
2022-07-06,25500,25700,25400,25400,1817,-0.0039215686274509665
2022-07-07,25200,25800,25200,25800,2280,0.015748031496062964
2022-07-08,25900,25900,25600,25650,1301,-0.005813953488372103
2022-07-11,25850,25850,25400,25700,2409,0.0019493177387914784
2022-07-12,26000,26000,25450,25850,1643,0.005836575875486361
2022-07-13,25850,26400,25850,26350,1481,0.01934235976789167
2022-07-14,26250,26250,26000,26050,952,-0.011385199240986688
2022-07-15,25900,27000,25900,26800,3636,0.028790786948176494
2022-07-18,26750,26900,26750,26850,2477,0.001865671641791078
2022-07-19,26700,27550,26700,27550,3580,0.026070763500931182
2022-07-20,27750,27750,27100,27100,2218,-0.016333938294010864
2022-07-21,27350,27350,26350,26400,1705,-0.02583025830258301
2022-07-22,26450,26850,26200,26300,1006,-0.0037878787878787845
2022-07-25,27300,27300,26100,26250,1528,-0.0019011406844106071
2022-07-26,26500,26850,26400,26650,373,0.015238095238095273
2022-07-27,26650,26650,26350,26600,1055,-0.0018761726078799779
2022-07-28,26900,26900,26400,26400,950,-0.007518796992481258
2022-07-29,26400,26650,26300,26400,769,0.0
2022-08-01,26700,26700,26000,26150,1268,-0.009469696969697017
2022-08-02,26900,26900,25800,26350,716,0.007648183556405286
2022-08-03,26200,26550,26100,26550,743,0.007590132827324458
2022-08-04,26400,26700,26350,26350,914,-0.007532956685499026
2022-08-05,26700,26850,26350,26650,1299,0.011385199240986799
2022-08-08,26200,26400,26100,26250,261,-0.015009380863039379
2022-08-09,26300,26300,25900,26000,1134,-0.00952380952380949
2022-08-10,26000,26000,25500,25500,1362,-0.019230769230769273
2022-08-11,25400,25900,25400,25800,1446,0.0117647058823529
2022-08-12,25750,25800,25650,25700,392,-0.003875968992248069
2022-08-16,26000,26000,25550,25600,1194,-0.0038910505836575737
2022-08-17,25650,25650,25000,25000,1324,-0.0234375
2022-08-18,25000,25000,24700,24900,795,-0.0040000000000000036
2022-08-19,24950,25500,24900,25100,646,0.008032128514056325
2022-08-22,25100,25100,24750,24900,560,-0.007968127490039834
2022-08-23,24900,24900,24550,24550,858,-0.014056224899598346
2022-08-24,24500,24600,24450,24550,632,0.0
2022-08-25,24650,25000,24650,24900,463,0.014256619144602745
2022-08-26,25000,25000,24800,24850,177,-0.002008032128514081
2022-08-29,24500,24500,24000,24300,1823,-0.02213279678068414
2022-08-30,24250,24800,24200,24700,254,0.016460905349794164
2022-08-31,24900,24900,24600,24900,204,0.00809716599190291
2022-09-01,24750,24750,24300,24400,492,-0.02008032128514059
2022-09-02,24300,24550,24200,24200,482,-0.008196721311475419
2022-09-05,24000,24200,23600,23600,1333,-0.024793388429752095
2022-09-06,23650,23800,23600,23600,706,0.0
2022-09-07,23650,23950,23500,23500,117,-0.004237288135593209
2022-09-08,24150,24200,23650,24100,1012,0.025531914893617058
2022-09-13,24100,24500,24100,24450,461,0.014522821576763434
2022-09-14,24300,24300,24300,24300,588,-0.006134969325153339
2022-09-15,24000,24300,24000,24300,752,0.0
2022-09-16,24300,24300,23950,23950,439,-0.014403292181069949
2022-09-19,23600,24000,23500,23500,585,-0.018789144050104345
2022-09-20,24000,24000,23550,23600,160,0.004255319148936065
2022-09-21,23600,23600,23250,23400,633,-0.008474576271186418
2022-09-22,23150,23150,22700,23000,713,-0.017094017094017144
2022-09-23,23100,23100,22700,22700,400,-0.013043478260869601
2022-09-26,22000,22000,21050,21100,1658,-0.07048458149779735
2022-09-27,20500,21050,20500,20950,1544,-0.007109004739336511
2022-09-28,20900,20900,20100,20600,1283,-0.01670644391408116
2022-09-29,20550,22450,20550,21600,2164,0.04854368932038833
2022-09-30,19050,20300,19050,20000,7512,-0.07407407407407407
2022-10-04,20000,20300,19700,20300,984,0.014999999999999902
2022-10-05,20450,20450,20000,20000,585,-0.014778325123152691
2022-10-06,20000,20850,20000,20800,2171,0.040000000000000036
2022-10-07,20800,20800,20400,20400,462,-0.019230769230769273
2022-10-11,20150,20150,19800,19950,314,-0.022058823529411797
2022-10-12,19700,19950,19650,19700,94,-0.01253132832080206
2022-10-13,19700,19700,18600,18600,810,-0.055837563451776595
2022-10-14,19300,19700,19050,19150,519,0.029569892473118253
2022-10-17,19150,20150,19150,20050,672,0.04699738903394257
2022-10-18,20050,20200,19950,20000,1285,-0.0024937655860348684
2022-10-19,20000,20000,19700,20000,209,0.0
2022-10-20,19950,19950,19850,19850,27,-0.007499999999999951
2022-10-21,20200,20200,19450,19850,188,0.0
2022-10-24,19850,20000,19850,19850,595,0.0
2022-10-25,19800,19950,19600,19850,611,0.0
2022-10-26,20050,20350,20000,20000,1348,0.007556675062972307
2022-10-27,20650,20650,20150,20450,210,0.022499999999999964
2022-10-28,20400,20600,20400,20400,1314,-0.0024449877750610804
2022-10-31,20400,20400,20050,20150,838,-0.01225490196078427
2022-11-01,20200,20300,20100,20300,362,0.007444168734491274
2022-11-02,20150,21050,20150,21000,743,0.034482758620689724
2022-11-03,21000,21000,20300,20550,1222,-0.021428571428571463
2022-11-04,20400,20750,20200,20750,474,0.009732360097323589
2022-11-07,20800,20800,20650,20750,576,0.0
2022-11-08,20750,21500,20750,21400,892,0.031325301204819356
2022-11-09,21050,21700,21050,21300,697,-0.004672897196261627
2022-11-10,21300,21400,21300,21300,719,0.0
2022-11-11,21750,22050,21700,22050,1295,0.035211267605633756
2022-11-14,22050,22500,22050,22500,442,0.020408163265306145
2022-11-15,22200,23200,22200,23200,3171,0.03111111111111109
2022-11-16,23200,23200,22700,23150,569,-0.0021551724137931494
2022-11-17,23350,23350,22200,22350,892,-0.03455723542116629
2022-11-18,22000,22300,21850,22250,1310,-0.004474272930648726
2022-11-21,22250,22250,21350,21450,529,-0.035955056179775235
2022-11-22,21850,21850,21350,21350,246,-0.004662004662004615
2022-11-23,21600,21600,21100,21100,87,-0.011709601873536313
2022-11-24,21100,21150,21100,21100,222,0.0
2022-11-25,21200,21400,21100,21400,121,0.014218009478673022
2022-11-28,22000,22000,20800,20800,422,-0.028037383177570097
2022-11-29,20700,21050,20650,21050,87,0.012019230769230838
2022-11-30,20800,21350,20800,20800,690,-0.01187648456057011
2022-12-01,20950,22900,20850,22700,4243,0.09134615384615374
2022-12-02,22300,22700,22000,22600,882,-0.004405286343612369
2022-12-05,22150,22700,21950,22150,472,-0.019911504424778736
2022-12-06,21900,21900,21600,21700,441,-0.020316027088036148
2022-12-07,21650,21650,21600,21600,75,-0.004608294930875556
2022-12-08,21300,23000,21200,23000,2520,0.06481481481481488
2022-12-09,22350,22600,21950,22600,1565,-0.017391304347826098
2022-12-12,23050,23100,22050,22850,2713,0.01106194690265494
2022-12-13,22900,23700,22700,23300,9297,0.01969365426695835
2022-12-14,23500,23500,22800,22900,2727,-0.01716738197424894
2022-12-15,22650,23200,22650,23200,731,0.013100436681222627
2022-12-16,22500,22900,22500,22500,844,-0.030172413793103425
2022-12-19,23200,23200,21700,21700,1464,-0.03555555555555556
2022-12-20,21650,21650,20800,21050,420,-0.02995391705069128
2022-12-21,21450,21850,21050,21750,2441,0.03325415676959631
2022-12-22,21950,21950,21150,21250,248,-0.02298850574712641
2022-12-23,21000,21600,21000,21550,1711,0.014117647058823568
2022-12-26,21600,22100,21600,22100,801,0.025522041763341052
2022-12-27,22100,22100,21650,21750,508,-0.015837104072398245
2022-12-28,21750,21750,21400,21400,321,-0.016091954022988464
2022-12-29,21100,21100,20450,21100,3719,-0.014018691588784993
2023-01-02,21100,21100,20450,20550,213,-0.026066350710900466
2023-01-03,20000,20350,19900,20350,698,-0.009732360097323589
2023-01-04,20400,20900,20100,20800,1229,0.02211302211302213
2023-01-05,20700,20950,20700,20800,518,0.0
2023-01-06,20400,20950,20400,20950,67,0.007211538461538547
2023-01-09,20950,21300,20950,21300,312,0.01670644391408116
2023-01-10,21000,21000,20600,20950,812,-0.016431924882629123
2023-01-11,21000,21000,20950,20950,234,0.0
2023-01-12,21250,21250,20700,21000,83,0.0023866348448686736
2023-01-13,21000,21000,20800,20950,195,-0.0023809523809523725
2023-01-16,20850,21150,20850,20900,439,-0.0023866348448687846
2023-01-17,21350,21350,20750,20800,77,-0.004784688995215336
2023-01-18,20000,20650,20000,20500,784,-0.014423076923076872
2023-01-19,20100,20650,20100,20650,592,0.007317073170731714
2023-01-20,20650,20700,20300,20700,177,0.002421307506053294
2023-01-25,20950,20950,20450,20700,298,0.0
2023-01-26,20700,20700,20300,20550,558,-0.007246376811594235
2023-01-27,20600,20950,20500,20850,929,0.014598540145985384
2023-01-30,21100,21100,20650,20800,395,-0.0023980815347721673
2023-01-31,21100,21100,20800,20800,83,0.0
2023-02-01,20450,21150,20400,21150,251,0.016826923076923128
2023-02-02,21250,21500,21100,21300,772,0.007092198581560183
2023-02-03,21300,21300,20500,21250,1073,-0.0023474178403756207
2023-02-06,21100,21250,21000,21150,338,-0.004705882352941226
2023-02-07,21150,21250,21150,21250,252,0.004728132387706863
2023-02-08,21400,21550,21250,21550,672,0.014117647058823568
2023-02-09,21550,21550,21300,21300,394,-0.011600928074245953
2023-02-10,21300,21650,21300,21300,357,0.0
2023-02-13,21300,21350,20900,21350,191,0.0023474178403755097
2023-02-14,21600,21900,21000,21900,149,0.025761124121779888
2023-02-15,21850,21850,20750,21000,237,-0.04109589041095896
2023-02-16,21050,21850,21050,21550,461,0.026190476190476097
2023-02-17,21050,21200,21000,21150,799,-0.018561484918793503
2023-02-20,21150,21750,21050,21750,629,0.028368794326241176
2023-02-21,21600,21800,21550,21800,87,0.0022988505747125743
2023-02-22,21750,21750,21600,21750,92,-0.002293577981651418
2023-02-23,21750,21750,21600,21700,279,-0.0022988505747126853
2023-02-24,21150,21400,21150,21200,840,-0.02304147465437789
2023-02-27,21200,21200,21000,21200,99,0.0
2023-02-28,21150,21150,20950,21000,499,-0.009433962264150941
2023-03-02,20800,21550,20800,21300,310,0.014285714285714235
2023-03-03,20900,21600,20900,21600,214,0.014084507042253502
2023-03-06,21800,21800,20950,21650,234,0.0023148148148148806
2023-03-07,21450,21450,20900,20900,615,-0.034642032332563466
2023-03-08,20900,20900,20500,20500,673,-0.019138755980861233
2023-03-09,20400,20400,20200,20200,320,-0.014634146341463428
2023-03-10,20200,20950,20100,20950,1346,0.03712871287128716
2023-03-13,20900,20900,20500,20850,19,-0.004773269689737458
2023-03-14,20400,20400,20050,20050,1380,-0.0383693045563549
2023-03-15,20150,20150,20000,20100,205,0.0024937655860348684
2023-03-16,20100,20100,20000,20000,70,-0.00497512437810943
2023-03-17,19980,20750,19980,20650,263,0.03249999999999997
2023-03-20,20600,20600,20300,20500,181,-0.007263922518159771
2023-03-21,20500,20500,19980,19980,608,-0.025365853658536608
2023-03-22,19980,19990,19970,19970,119,-0.0005005005005005447
2023-03-23,19970,19970,19870,19870,275,-0.005007511266900355
2023-03-24,19850,19850,19720,19840,175,-0.0015098137896326635
2023-03-27,19020,19430,19000,19000,3636,-0.04233870967741937
2023-03-28,19420,19420,19020,19140,128,0.007368421052631469
2023-03-29,19130,19130,18910,18990,808,-0.00783699059561127
2023-03-30,18880,18990,18800,18800,1930,-0.010005265929436513
2023-03-31,18800,18800,18530,18540,3596,-0.013829787234042601
2023-04-03,18550,18610,18460,18550,1115,0.0005393743257819938
2023-04-04,18590,18930,18450,18910,500,0.019407008086253397
2023-04-05,19050,19110,18910,19090,343,0.009518773135906988
2023-04-06,19200,19260,18930,18930,832,-0.00838135149292818
2023-04-07,19070,19070,18800,18800,819,-0.006867406233491802
2023-04-10,18810,18810,18660,18760,663,-0.0021276595744680327
2023-04-11,18760,18770,18660,18750,163,-0.0005330490405117683
2023-04-12,18550,19040,18550,19030,573,0.014933333333333243
2023-04-13,19080,19080,19030,19050,255,0.0010509721492379942
2023-04-14,19150,19300,19150,19300,1640,0.013123359580052396
2023-04-17,19420,19420,18570,19000,2702,-0.015544041450777257
2023-04-18,19000,19000,18800,18900,765,-0.0052631578947368585
2023-04-19,18900,19190,18890,19190,2533,0.015343915343915437
2023-04-20,19300,19350,18910,19350,457,0.008337675872850392
2023-04-21,19110,19320,19110,19320,249,-0.0015503875968991832
2023-04-24,19310,19310,19150,19150,235,-0.008799171842650111
2023-04-25,19100,19100,18800,18900,309,-0.01305483028720622
2023-04-26,18720,18870,18720,18860,331,-0.002116402116402072
2023-04-27,18500,18870,18500,18870,389,0.0005302226935313126
2023-04-28,19000,19000,18500,18900,490,0.0015898251192367763
2023-05-02,18630,18860,18510,18790,675,-0.0058201058201058364
2023-05-03,18790,18790,18510,18770,160,-0.001064395955295394
2023-05-04,18540,18980,18540,18910,389,0.0074587107085775095
2023-05-08,18660,18890,18660,18700,395,-0.011105235325224783
2023-05-09,18620,18850,18620,18710,281,0.0005347593582887278
2023-05-10,18880,18880,18720,18860,17,0.00801710315339399
2023-05-11,18850,18860,18600,18800,1998,-0.0031813361611876534
2023-05-12,18790,18790,18600,18650,118,-0.007978723404255317
2023-05-15,19080,19080,18970,18970,128,0.0171581769436997
2023-05-16,18970,18970,18650,18950,361,-0.0010542962572482883
2023-05-17,18720,19000,18720,18990,292,0.0021108179419524475
2023-05-18,18890,18890,18870,18890,97,-0.00526592943654558
2023-05-19,18890,18890,18800,18800,345,-0.004764425622022284
2023-05-22,18800,19140,18800,18990,343,0.01010638297872335
2023-05-23,19160,19160,18880,18980,190,-0.0005265929436545358
2023-05-24,18960,18980,18710,18840,271,-0.00737618545837726
2023-05-25,18900,19150,18840,18850,437,0.0005307855626326408
2023-05-26,19170,19170,19100,19130,510,0.01485411140583559
2023-05-30,18730,19050,18730,19050,189,-0.004181913225300593
2023-05-31,18690,19130,18690,19070,526,0.0010498687664042272
2023-06-01,19070,19070,18780,19030,135,-0.002097535395909844
2023-06-02,19010,19120,18820,18890,445,-0.0073568050446662925
2023-06-05,19090,19090,18890,19070,217,0.009528851244044567
2023-06-07,19050,19050,19030,19030,181,-0.002097535395909844
2023-06-08,19110,19110,18530,18680,309,-0.018392012611665787
2023-06-09,18680,18720,18680,18680,237,0.0
2023-06-12,18680,18730,18580,18580,341,-0.005353319057815886
2023-06-13,18800,18800,18570,18700,210,0.006458557588805203
2023-06-14,18650,18650,18500,18620,1070,-0.004278074866310155
2023-06-15,18620,18620,18510,18560,882,-0.0032223415682062218
2023-06-16,18650,18650,18500,18650,482,0.004849137931034475
2023-06-19,18650,18650,18530,18640,36,-0.0005361930294905948
2023-06-20,18740,18740,18640,18660,174,0.0010729613733906351
2023-06-21,18660,18660,18510,18580,416,-0.004287245444801746
2023-06-22,18700,18700,18200,18450,1488,-0.006996770721205636
2023-06-23,18530,18530,18270,18380,58,-0.003794037940379358
2023-06-26,18380,18380,18230,18380,394,0.0
2023-06-27,18550,18550,18000,18050,1914,-0.01795429815016325
2023-06-28,18060,18100,18060,18100,60,0.0027700831024930483
2023-06-29,18000,18000,17720,17800,660,-0.016574585635359074
2023-06-30,17780,17800,17770,17770,471,-0.0016853932584269815
2023-07-03,17760,17950,17760,17870,264,0.00562746201463149
2023-07-04,17870,17870,17670,17860,574,-0.0005595970900951208
2023-07-05,17860,17870,17650,17870,683,0.0005599104143336753
2023-07-06,17550,17550,17340,17400,435,-0.026301063234471234
2023-07-07,17270,17760,17060,17300,648,-0.005747126436781658
2023-07-10,17060,17060,15260,16770,3121,-0.03063583815028903
2023-07-11,16720,16850,16720,16720,257,-0.0029815146094215317
2023-07-12,16720,16720,16600,16600,332,-0.0071770334928229484
2023-07-13,16590,16590,15500,15700,5549,-0.054216867469879526
2023-07-14,15600,15600,15400,15550,1284,-0.009554140127388533
2023-07-17,15400,15400,15380,15390,2631,-0.01028938906752408
2023-07-18,15390,15910,15360,15790,398,0.02599090318388564
2023-07-19,15600,15790,15420,15700,470,-0.005699810006333128
2023-07-20,15700,15790,15570,15770,182,0.00445859872611476
2023-07-21,16310,16310,15550,15750,773,-0.0012682308180088642
2023-07-24,15390,15390,15250,15250,944,-0.031746031746031744
2023-07-25,15080,15080,14980,15080,1154,-0.011147540983606596
2023-07-26,14740,14740,14480,14500,841,-0.038461538461538436
2023-07-27,14550,14890,14550,14890,359,0.026896551724137963
2023-07-28,15130,15130,14620,14800,286,-0.006044325050369337
2023-07-31,14570,14970,14570,14960,513,0.0108108108108107
2023-08-01,15680,16500,15670,15670,4001,0.047459893048128254
2023-08-02,15660,15680,15200,15400,774,-0.01723037651563497
2023-08-03,15600,15780,15450,15530,819,0.008441558441558472
2023-08-04,15950,15950,15090,15350,1067,-0.011590470057952329
2023-08-07,15350,15350,15070,15080,1017,-0.017589576547231256
2023-08-08,15080,15200,15080,15150,76,0.004641909814323553
2023-08-09,15150,15310,15140,15210,635,0.003960396039603964
2023-08-10,15210,15290,15210,15290,2701,0.005259697567389976
2023-08-11,15290,15680,15290,15400,334,0.007194244604316502
2023-08-14,15310,15390,15300,15390,895,-0.0006493506493506773
2023-08-16,15170,15190,15130,15130,365,-0.016894087069525665
2023-08-17,15000,15010,14870,15010,284,-0.007931262392597449
2023-08-18,15010,15010,14800,14800,436,-0.013990672884743538
2023-08-21,14610,15100,14610,15100,363,0.020270270270270174
2023-08-22,15200,15200,14800,14800,321,-0.019867549668874163
2023-08-23,14800,14820,14690,14690,191,-0.007432432432432412
2023-08-24,14790,14790,14600,14750,45,0.004084411164057222
2023-08-25,14750,14980,14750,14750,261,0.0
2023-08-28,14750,15270,14660,15270,1588,0.035254237288135704
2023-08-29,15300,15300,15120,15300,119,0.0019646365422396617
2023-08-30,15380,15380,15100,15250,635,-0.0032679738562091387
2023-08-31,15220,15240,15080,15180,333,-0.004590163934426239
2023-09-01,15300,15300,15110,15120,1073,-0.0039525691699604515
2023-09-04,15120,15290,15120,15290,558,0.011243386243386277
2023-09-05,15280,15380,15100,15360,321,0.00457815565729236
2023-09-06,15370,15590,15370,15540,557,0.01171875
2023-09-07,15350,15520,15220,15470,7,-0.0045045045045044585
2023-09-08,15300,15570,15230,15550,128,0.005171299288946329
2023-09-11,15370,15380,15370,15380,473,-0.010932475884244397
2023-09-12,15500,15500,15250,15480,1857,0.006501950585175553
2023-09-13,15480,15480,15300,15380,879,-0.006459948320413411
2023-09-14,15470,16410,15470,16310,3552,0.060468140442132556
2023-09-15,16320,16600,16050,16560,922,0.015328019619865074
2023-09-18,16560,16570,16520,16570,298,0.0006038647342994086
2023-09-19,16900,16900,16300,16400,1399,-0.0102595051297526
2023-09-20,16410,16410,15960,16310,387,-0.005487804878048785
2023-09-21,16280,16280,15680,15990,501,-0.019619865113427393
2023-09-22,15950,16390,15700,16340,576,0.021888680425265816
2023-09-25,16120,16120,15900,16060,769,-0.017135862913096656
2023-09-26,16050,16050,15970,15970,24,-0.005603985056039873
2023-09-27,16600,16600,15570,16000,687,0.0018785222291797243
2023-10-04,16400,16400,15750,15750,458,-0.015625
2023-10-05,15750,15990,15640,15730,35,-0.0012698412698413097
2023-10-06,15670,15890,15670,15890,149,0.010171646535282797
2023-10-10,15750,15750,15550,15630,89,-0.016362492133417228
2023-10-11,15700,15950,15690,15950,154,0.020473448496481028
2023-10-12,15950,15980,15940,15950,204,0.0
2023-10-13,16400,16400,16160,16170,42,0.01379310344827589
2023-10-16,15850,15850,15590,15610,187,-0.03463203463203468
2023-10-17,15800,16000,15600,15890,144,0.017937219730941756
2023-10-18,15890,15890,15540,15540,233,-0.022026431718061623
2023-10-19,15900,15900,14710,15290,752,-0.01608751608751613
2023-10-20,15290,15290,14700,14700,690,-0.038587311968606985
2023-10-23,14660,14670,14590,14590,627,-0.007482993197278964
2023-10-24,14590,14590,14470,14550,1372,-0.002741603838245399
2023-10-25,14350,14880,14350,14880,350,0.02268041237113394
2023-10-26,14880,15000,14880,14980,144,0.006720430107526987
2023-10-27,14720,14900,14550,14600,560,-0.025367156208277675
2023-10-30,14700,14710,14540,14560,159,-0.002739726027397249
2023-10-31,14690,14690,14450,14450,788,-0.007554945054945028
2023-11-01,14450,14510,14380,14510,954,0.0041522491349481605
2023-11-02,14540,14650,14450,14650,110,0.009648518263266626
2023-11-03,14650,14890,14650,14800,227,0.010238907849829282
2023-11-06,14940,15040,14930,14930,898,0.00878378378378386
2023-11-07,14940,15350,14940,15260,843,0.022103148024112507
2023-11-08,15750,15760,14870,15000,200,-0.017038007863695914
2023-11-09,15200,15200,14830,15000,179,0.0
2023-11-10,15000,15000,14960,14990,106,-0.0006666666666667043
2023-11-13,14990,14990,14990,14990,70,0.0
2023-11-14,14710,14970,14710,14740,33,-0.016677785190126748
2023-11-15,14750,14920,14730,14730,537,-0.0006784260515604323
2023-11-16,14700,14900,14700,14840,211,0.007467752885268242
2023-11-17,14700,14790,14700,14750,203,-0.0060646900269542
2023-11-20,14700,15050,14700,15000,612,0.016949152542372836
2023-11-21,14960,15270,14960,15250,369,0.016666666666666607
2023-11-22,15700,16990,15700,16500,4399,0.08196721311475419
2023-11-23,16820,16820,16520,16520,511,0.00121212121212122
2023-11-24,17000,17150,16540,16840,1474,0.01937046004842613
2023-11-27,16770,16770,16150,16300,786,-0.03206650831353919
2023-11-28,16470,16470,15800,15800,429,-0.030674846625766916
2023-11-29,15800,15800,15520,15550,644,-0.015822784810126556
2023-11-30,15300,17000,15300,16880,1243,0.08553054662379411
2023-12-01,17160,17370,16990,17370,2221,0.029028436018957438
2023-12-04,17550,17680,17000,17290,4025,-0.004605641911341385
2023-12-05,17290,19400,17030,19400,6540,0.1220358588779642
2023-12-06,18100,19200,18100,18290,6786,-0.057216494845360844
2023-12-07,18290,18760,17730,17730,3933,-0.030617823947512335
2023-12-08,17730,18290,17350,17590,1918,-0.007896221094190636
2023-12-11,17590,17590,17380,17380,658,-0.011938601478112543
2023-12-12,17280,17280,17000,17000,556,-0.021864211737629424
2023-12-13,17000,17380,16640,17060,1015,0.003529411764705781
2023-12-14,17390,17390,16610,16670,1270,-0.022860492379835895
2023-12-15,16670,16670,16300,16350,1368,-0.01919616076784647
2023-12-18,16210,16600,16210,16240,1018,-0.006727828746177389
2023-12-19,16300,16500,16300,16500,731,0.016009852216748666
2023-12-20,16500,16530,16270,16530,529,0.0018181818181817189
2023-12-21,16320,16510,16300,16480,428,-0.003024803387779773
2023-12-22,16100,16280,16100,16280,380,-0.012135922330097082
2023-12-26,16380,16380,15850,16160,812,-0.0073710073710073765
2023-12-27,16090,16090,16040,16040,297,-0.007425742574257432
2023-12-28,16040,16540,16040,16540,597,0.0311720698254363
2024-01-02,16220,16820,16220,16610,328,0.004232164449818665
2024-01-03,16620,16750,16620,16700,213,0.005418422636965792
2024-01-04,16650,16650,16650,16650,472,-0.0029940119760478723
2024-01-05,16840,16900,16650,16650,266,0.0
2024-01-08,16410,16410,16290,16290,94,-0.021621621621621623
2024-01-09,16300,16300,16050,16050,303,-0.014732965009208066
2024-01-10,15870,15870,15460,15460,1134,-0.03676012461059186
2024-01-11,15430,15570,15430,15510,142,0.0032341526520052177
2024-01-12,15540,15640,15510,15640,189,0.008381689232753065
2024-01-15,15770,15770,15300,15650,65,0.0006393861892584063
2024-01-16,15320,15780,15320,15710,120,0.00383386581469658
2024-01-17,15710,15710,15550,15550,119,-0.010184595798854224
2024-01-18,15330,15600,15330,15600,19,0.003215434083601254
2024-01-19,15710,15710,15440,15670,335,0.004487179487179471
2024-01-22,15680,15740,15420,15740,396,0.00446713465220161
2024-01-23,15690,15700,15690,15700,101,-0.0025412960609910717
2024-01-24,15680,15680,15460,15640,184,-0.003821656050955413
2024-01-25,15480,15660,15460,15600,19,-0.002557544757033292
2024-01-26,15690,15690,15420,15440,54,-0.01025641025641022
2024-01-29,15440,15440,15320,15410,24,-0.0019430051813471572
2024-01-30,15690,15690,15160,15220,143,-0.012329656067488592
2024-01-31,15250,15250,15160,15180,77,-0.0026281208935611255
2024-02-01,14910,15070,14800,15070,1128,-0.007246376811594235
2024-02-02,15050,15270,15050,15230,1091,0.010617120106171107
2024-02-05,15230,15450,15100,15430,630,0.013131976362442455
2024-02-06,15650,15650,15390,15410,174,-0.0012961762799740262
2024-02-07,15410,15600,15410,15550,152,0.009085009733938998
2024-02-08,15680,15680,15400,15400,266,-0.009646302250803873
2024-02-13,15550,15640,15550,15620,285,0.014285714285714235
2024-02-14,15200,15480,15200,15460,192,-0.010243277848911658
2024-02-15,15570,15570,15210,15310,1031,-0.009702457956015542
2024-02-16,15430,15430,15240,15340,350,0.0019595035924233617
2024-02-19,15250,15400,15250,15400,221,0.003911342894393766
2024-02-20,15400,15480,15390,15470,105,0.00454545454545463
2024-02-21,15310,15460,15310,15460,163,-0.0006464124111182912
2024-02-22,15200,15410,15200,15380,636,-0.005174644243208237
2024-02-23,15100,15230,15100,15160,831,-0.014304291287386195
2024-02-26,15180,15180,15060,15100,331,-0.00395778364116095
2024-02-27,14940,14940,14820,14870,468,-0.015231788079470232
2024-02-28,14840,15010,14840,15010,161,0.00941492938802968
2024-02-29,15010,15010,14900,14900,38,-0.007328447701532292
2024-03-04,14850,15030,14850,14900,90,0.0
2024-03-05,15030,15030,14900,14960,290,0.00402684563758382
2024-03-06,14820,14940,14820,14940,271,-0.0013368983957219305
2024-03-07,14950,15170,14840,15170,266,0.0153949129852744
2024-03-08,15140,15140,14900,14900,689,-0.017798286090969007
2024-03-11,14900,14910,14460,14690,623,-0.014093959731543593
2024-03-12,14980,14980,14790,14790,736,0.006807351940095296
2024-03-13,14790,14940,14790,14900,593,0.007437457741717335
2024-03-14,14900,14900,14800,14800,643,-0.006711409395973145
2024-03-15,14800,14910,14800,14910,135,0.007432432432432412
2024-03-18,14900,14990,14650,14980,473,0.0046948356807512415
2024-03-19,14950,14980,14810,14810,377,-0.011348464619492682
2024-03-20,14810,14850,14810,14850,733,0.0027008777852801646
2024-03-21,14900,14910,14860,14910,380,0.004040404040404066
2024-03-22,14910,15000,14910,15000,785,0.006036217303822866
2024-03-25,15000,16220,15000,16220,1138,0.08133333333333326
2024-03-26,16640,16640,16150,16260,1747,0.002466091245376001
2024-03-27,16470,16470,16030,16300,250,0.002460024600245969
2024-03-28,17010,17010,15760,16200,2224,-0.006134969325153339
2024-03-29,16200,16200,15950,16200,206,0.0
2024-04-01,16170,16250,16170,16200,512,0.0
2024-04-02,16030,16090,15810,15840,536,-0.022222222222222254
2024-04-03,15600,15600,15490,15490,474,-0.022095959595959558
2024-04-04,15490,15600,15490,15490,40,0.0
2024-04-05,15490,15490,15200,15280,264,-0.01355713363460298
2024-04-08,15210,15210,15100,15100,382,-0.011780104712041939
2024-04-09,15100,15110,15100,15110,203,0.0006622516556291647
2024-04-11,14960,15000,14910,15000,170,-0.007279947054930513
2024-04-12,15180,15180,15010,15010,83,0.0006666666666665932
2024-04-15,15000,15010,14720,15010,269,0.0
2024-04-16,15150,15150,14910,15130,94,0.00799467021985345
2024-04-17,15140,15250,15140,15250,36,0.00793126239259756
2024-04-18,15300,15390,15300,15390,176,0.009180327868852478
2024-04-19,15390,15420,15390,15390,23,0.0
2024-04-22,15550,15640,15550,15600,180,0.013645224171539905
2024-04-23,15600,15600,15300,15590,50,-0.0006410256410256387
2024-04-24,15580,15590,15580,15590,4,0.0
2024-04-25,15580,15580,15360,15360,133,-0.014753046824887761
2024-04-26,15350,15350,15300,15300,56,-0.00390625
2024-04-29,15300,15400,15010,15350,345,0.0032679738562091387
2024-04-30,15220,15260,15050,15260,673,-0.005863192182410382
2024-05-02,15260,15260,15250,15260,174,0.0
2024-05-03,15250,15250,15020,15150,115,-0.007208387942332917
2024-05-07,15390,15420,15390,15390,181,0.015841584158415856
2024-05-08,15390,15450,15390,15400,458,0.0006497725795970855
2024-05-09,15400,15500,15400,15500,3,0.006493506493506551
2024-05-10,15500,15500,15330,15490,187,-0.000645161290322549
2024-05-13,15260,15590,15260,15590,75,0.006455777921239525
2024-05-14,15580,15580,15250,15250,327,-0.02180885182809489
2024-05-16,15250,15450,15180,15180,109,-0.004590163934426239
2024-05-17,15290,15290,15050,15050,1038,-0.008563899868247682
2024-05-20,15100,15500,15100,15480,111,0.02857142857142847
2024-05-21,15450,15450,15240,15440,17,-0.0025839793281653423
2024-05-22,15490,15490,15100,15150,60,-0.018782383419689075
2024-05-23,15050,15150,15050,15150,113,0.0
2024-05-24,15040,15180,14980,15180,102,0.001980198019801982
2024-05-27,15170,15170,15000,15130,45,-0.0032938076416337836
2024-05-28,15000,15000,14950,14960,286,-0.011235955056179803
2024-05-29,14950,15100,14950,15050,737,0.006016042780748743
2024-05-30,15130,15130,14580,14880,169,-0.011295681063122953
2024-05-31,14880,14880,14580,14600,552,-0.018817204301075252
2024-06-03,14630,14700,14630,14630,131,0.00205479452054802
2024-06-04,14360,14500,14360,14390,379,-0.01640464798359531
2024-06-05,14390,14440,14360,14360,263,-0.0020847810979847115
2024-06-07,14360,14440,14230,14230,1620,-0.009052924791086325
2024-06-10,14280,14280,14230,14230,660,0.0
2024-06-11,14230,14230,14000,14000,899,-0.016163035839775075
2024-06-12,14010,14010,14000,14010,263,0.0007142857142856673
2024-06-13,13760,14050,13760,13940,695,-0.0049964311206280865
2024-06-14,13720,14010,13720,13800,429,-0.010043041606886627
2024-06-17,13890,13890,13790,13790,848,-0.0007246376811593791
2024-06-18,13970,13970,13720,13720,358,-0.005076142131979711
2024-06-19,13720,13720,13450,13470,1059,-0.018221574344023272
2024-06-20,13470,13500,13420,13420,2197,-0.0037119524870081744
2024-06-21,13460,13460,13000,13000,4391,-0.03129657228017879
2024-06-24,13470,13640,13150,13620,1588,0.0476923076923077
2024-06-25,14000,14000,13600,13880,810,0.019089574155653377
2024-06-26,14010,14010,13650,13970,304,0.006484149855907839
2024-06-27,14040,14040,13400,13560,680,-0.029348604151753777
2024-06-28,13750,13750,13340,13670,364,0.008112094395280156
2024-07-01,0,0,0,13670,0,0.0
2024-07-02,12890,13060,12520,12570,7745,-0.08046817849305044
2024-07-03,12580,12580,11850,11850,3175,-0.05727923627684961
2024-07-04,11820,11890,11800,11890,1610,0.0033755274261604296
2024-07-05,11900,12170,11850,12170,3238,0.023549201009251508
2024-07-08,12390,12390,12080,12080,2481,-0.007395234182415722
2024-07-09,12050,12500,12050,12450,293,0.0306291390728477
2024-07-10,12500,12670,12200,12520,1008,0.005622489959839383
2024-07-11,12500,12500,12350,12390,1494,-0.010383386581469645
2024-07-12,12400,12430,12250,12430,344,0.0032284100080710587
2024-07-15,12500,12500,12430,12490,442,0.00482703137570395
2024-07-16,12310,12480,12300,12450,369,-0.0032025620496397567
2024-07-17,12440,12650,12440,12550,2720,0.008032128514056325
2024-07-18,12530,12530,12210,12210,1622,-0.027091633466135412
2024-07-19,12240,12280,12200,12270,242,0.004914004914004844
2024-07-22,12290,12290,12080,12270,283,0.0
2024-07-23,12300,12300,12100,12100,2940,-0.013854930725346382
2024-07-24,12100,12360,12100,12160,465,0.0049586776859504855
2024-07-25,12200,12200,11960,11960,1078,-0.016447368421052655
2024-07-26,12020,12060,12000,12050,703,0.007525083612040184
2024-07-29,12080,12110,12080,12110,323,0.004979253112033177
2024-07-30,12290,12420,12290,12420,113,0.025598678777869477
2024-07-31,12420,12460,12420,12460,304,0.0032206119162641045
2024-08-01,12380,12820,12310,12780,382,0.025682182985553803
2024-08-02,12600,12600,12250,12310,357,-0.036776212832550836
2024-08-05,12030,12270,11550,11720,805,-0.04792851340373683
2024-08-06,11240,11970,11240,11950,964,0.019624573378839605
2024-08-07,12170,12550,12170,12460,623,0.04267782426778233
2024-08-08,12480,13240,12410,12920,2500,0.036918138041733606
2024-08-09,13220,13220,12840,12990,921,0.005417956656346812
2024-08-12,12900,13290,12900,13290,2620,0.023094688221708903
2024-08-13,13240,13240,13030,13040,1980,-0.018811136192626088
2024-08-14,12950,13100,12950,13040,593,0.0
2024-08-16,12980,13140,12980,13130,486,0.006901840490797451
2024-08-19,13330,13330,13200,13200,185,0.005331302361005319
2024-08-20,13200,13200,12910,12910,320,-0.021969696969696972
2024-08-21,12910,13050,12880,12880,214,-0.0023237800154918276
2024-08-22,12790,12790,12590,12780,515,-0.00776397515527949
2024-08-23,12750,12750,12670,12680,62,-0.007824726134585291
2024-08-26,12840,12840,12620,12680,178,0.0
2024-08-27,12680,12680,12560,12680,244,0.0
2024-08-28,12690,12850,12690,12700,119,0.001577287066246047
2024-08-29,12690,12700,12560,12700,65,0.0
2024-08-30,12720,12720,12640,12650,256,-0.003937007874015741
2024-09-02,12630,12630,12610,12610,21,-0.003162055335968361
2024-09-03,12610,12610,12550,12560,115,-0.003965107057890549
2024-09-04,12290,12540,12180,12540,294,-0.0015923566878981443
2024-09-05,12320,12320,12290,12300,136,-0.019138755980861233
2024-09-06,12040,12190,12040,12190,221,-0.00894308943089428
2024-09-09,12180,12180,12180,12180,52,-0.0008203445447088065
2024-09-10,12160,12200,12160,12200,68,0.0016420361247948545
2024-09-11,12440,12440,12440,12440,12,0.01967213114754096
2024-09-12,12390,12390,12020,12220,327,-0.01768488745980712
2024-09-13,12280,12280,12280,12280,2,0.004909983633387904
2024-09-19,12270,12270,12100,12100,54,-0.014657980456026065
2024-09-20,12100,12300,12080,12290,410,0.015702479338842945
2024-09-23,12110,12110,12100,12100,298,-0.015459723352318933
2024-09-24,12250,12250,12030,12080,593,-0.0016528925619834212
2024-09-25,12150,12170,12080,12080,296,0.0
2024-09-26,12050,12150,12040,12150,319,0.005794701986755024
2024-09-27,12300,12300,12010,12130,284,-0.0016460905349794386
2024-09-30,12030,12180,12030,12180,201,0.004122011541632276
2024-10-02,12010,12130,12000,12120,373,-0.0049261083743842304
2024-10-04,12120,12120,12000,12040,746,-0.0066006600660065695
2024-10-07,12130,12130,12010,12110,260,0.005813953488372103
2024-10-08,12110,12130,12010,12100,229,-0.0008257638315442017
2024-10-10,12000,12140,12000,12130,381,0.0024793388429751317
2024-10-11,12140,12140,12000,12110,713,-0.0016488046166529546
2024-10-14,11900,12220,11900,12220,197,0.009083402146985886
2024-10-15,12160,12160,12000,12000,216,-0.018003273322422242
2024-10-16,12000,12000,12000,12000,170,0.0
2024-10-17,12000,12000,12000,12000,1,0.0
2024-10-18,12060,12060,11910,12000,328,0.0
2024-10-21,12120,12120,12000,12110,52,0.009166666666666767
2024-10-22,12110,12110,12110,12110,1,0.0
2024-10-23,12110,12110,12110,12110,115,0.0
2024-10-24,12110,12110,11850,11890,558,-0.018166804293971883
2024-10-25,11800,11900,11800,11900,56,0.000841042893187538
2024-10-28,11900,12150,11860,11900,152,0.0
2024-10-29,11900,11900,11890,11890,120,-0.0008403361344537785
2024-10-30,11890,12150,11850,12150,177,0.021867115222876432
2024-10-31,11810,11810,11730,11740,1237,-0.03374485596707821
2024-11-01,11850,11850,11700,11750,150,0.0008517887563883608
2024-11-04,11880,11880,11730,11860,7,0.009361702127659521
2024-11-05,11730,11900,11730,11850,9,-0.000843170320404707
2024-11-06,11930,11930,11410,11500,1257,-0.029535864978902926
2024-11-07,11440,11500,11350,11480,773,-0.0017391304347825765
2024-11-08,11600,11600,11580,11580,16,0.008710801393728262
2024-11-11,11580,11580,11570,11570,109,-0.0008635578583765513
2024-11-12,11560,11570,11000,11570,806,0.0
2024-11-13,11250,11250,10800,10930,407,-0.05531547104580814
2024-11-14,10930,10930,10500,10600,628,-0.03019213174748403
2024-11-15,10410,10610,10350,10610,251,0.0009433962264151496
2024-11-18,10630,10630,10350,10600,619,-0.0009425070688030557
2024-11-19,10600,10600,10130,10130,587,-0.04433962264150948
2024-11-20,10460,10460,9920,9940,713,-0.01875616979269501
2024-11-21,9750,9800,9470,9750,2514,-0.019114688128772594
2024-11-22,10050,10050,9810,9960,187,0.021538461538461506
2024-11-25,9960,10000,9960,10000,559,0.004016064257028162
2024-11-26,10290,10290,10200,10220,1696,0.02200000000000002
2024-11-27,10220,10220,10200,10220,208,0.0
2024-11-28,10220,10450,10210,10290,415,0.006849315068493178
2024-11-29,10290,10350,10150,10330,465,0.0038872691933915515
2024-12-02,10460,10460,10160,10440,1295,0.010648596321394033
2024-12-03,10250,10560,10250,10520,5776,0.00766283524904221
2024-12-04,10210,10290,10150,10280,1628,-0.02281368821292773
2024-12-05,10160,10180,10050,10160,1327,-0.011673151750972721
2024-12-06,10050,10150,9990,10150,1717,-0.0009842519685039353
2024-12-09,9840,9840,9700,9700,750,-0.044334975369458074
2024-12-10,9690,10120,9690,10120,1268,0.04329896907216502
2024-12-11,10180,10200,10120,10160,1118,0.0039525691699604515
2024-12-12,10000,10290,10000,10220,863,0.0059055118110236116
2024-12-13,10220,10550,10220,10420,1701,0.019569471624266255
2024-12-16,10490,10490,10200,10390,1887,-0.0028790786948176272
2024-12-17,10250,10250,10240,10240,1165,-0.01443695861405192
2024-12-18,10180,10240,10150,10240,1074,0.0
2024-12-19,10290,10290,10260,10260,722,0.001953125
2024-12-20,10350,10350,10150,10240,555,-0.0019493177387914784
2024-12-23,10240,10320,10240,10310,1298,0.0068359375
2024-12-24,10310,10400,10280,10400,260,0.008729388942773975
2024-12-26,10400,10400,10270,10350,115,-0.004807692307692291
2024-12-27,10390,10390,10200,10340,1085,-0.0009661835748792091
2024-12-30,10340,10380,10340,10380,292,0.003868471953578423
2025-01-02,10420,10430,10220,10430,1279,0.00481695568400764
2025-01-03,10430,10760,10420,10760,4311,0.03163950143815919
2025-01-06,10480,11690,10480,11580,3974,0.07620817843866168
2025-01-07,11580,11580,11220,11570,1027,-0.0008635578583765513
2025-01-08,11570,11570,11180,11200,1714,-0.03197925669835777
2025-01-09,11180,11390,11180,11390,395,0.016964285714285765
2025-01-10,11450,11450,11010,11070,567,-0.028094820017559252
2025-01-13,11130,11130,10850,11060,213,-0.0009033423667570428
2025-01-14,10840,11120,10840,11120,71,0.005424954792043302
2025-01-15,11100,11180,11100,11180,70,0.0053956834532373765
2025-01-16,11490,11490,11020,11140,450,-0.003577817531305927
2025-01-17,11000,11200,10910,11200,99,0.0053859964093356805
2025-01-20,11200,11200,11190,11190,2,-0.0008928571428571397
2025-01-21,10930,10940,10840,10870,696,-0.02859696157283287
2025-01-22,10870,10870,10520,10560,523,-0.028518859245630135
2025-01-23,10570,10570,10380,10380,584,-0.017045454545454586
2025-01-24,10460,10460,10160,10170,165,-0.020231213872832332
2025-01-31,10190,11870,10190,10480,3969,0.03048180924287114
2025-02-03,10500,10500,10230,10250,1066,-0.021946564885496178
2025-02-04,10380,10470,10380,10470,505,0.02146341463414636
2025-02-05,10470,10680,10470,10680,10,0.02005730659025784
2025-02-06,10690,10780,10510,10780,118,0.009363295880149725
2025-02-07,10800,10800,10800,10800,410,0.0018552875695732052
2025-02-10,10800,11270,10800,11160,221,0.03333333333333344
2025-02-11,11150,11150,10850,11080,215,-0.007168458781361964
2025-02-12,11080,11080,11080,11080,59,0.0
2025-02-13,11090,11300,11080,11240,206,0.014440433212996373
2025-02-14,11230,11230,10990,11200,809,-0.003558718861209953
2025-02-17,11390,11390,10830,11190,514,-0.0008928571428571397
2025-02-18,11170,11420,11050,11250,276,0.00536193029490617
2025-02-19,11250,11300,11170,11280,480,0.002666666666666595
2025-02-20,11650,11650,11280,11450,182,0.01507092198581561
2025-02-21,11450,11470,11230,11450,103,0.0
2025-02-24,11590,11590,11200,11400,173,-0.004366812227074246
2025-02-25,11400,11490,11250,11440,376,0.0035087719298245723
2025-02-26,11750,11750,11380,11600,2216,0.013986013986013957
2025-02-27,11600,11700,11600,11670,468,0.0060344827586207295
2025-02-28,11660,11680,11450,11450,1400,-0.018851756640959727
2025-03-04,11220,11220,11200,11200,188,-0.02183406113537123
2025-03-05,11020,11280,11020,11280,68,0.0071428571428571175
2025-03-06,11390,11390,11140,11300,145,0.0017730496453900457
2025-03-07,11390,11390,11170,11320,90,0.001769911504424737
2025-03-10,11310,11340,11130,11340,390,0.0017667844522968323
2025-03-11,11280,12170,11210,11660,211,0.02821869488536155
2025-03-12,11660,11660,11420,11420,131,-0.020583190394511175
2025-03-13,11670,11670,11550,11550,9,0.01138353765323985
2025-03-14,11990,11990,11350,11500,58,-0.0043290043290042934
2025-03-17,11500,11850,11400,11820,284,0.027826086956521667
2025-03-18,11800,11950,11800,11810,380,-0.0008460236886632666
2025-03-19,11880,11910,11880,11900,141,0.007620660457239525
2025-03-20,11950,11950,11660,11660,378,-0.020168067226890796
2025-03-21,11360,11980,11360,11980,1885,0.027444253859348233
2025-03-24,12220,12220,11970,12000,1218,0.0016694490818029983
2025-03-25,11380,11540,10210,10400,17281,-0.1333333333333333
2025-03-26,10360,10460,10340,10380,792,-0.0019230769230769162
2025-03-27,10300,10630,10200,10580,3646,0.019267822736030782
2025-03-28,10680,10680,10300,10490,1812,-0.008506616257088817
2025-03-31,10310,10340,10240,10240,184,-0.023832221163012424
2025-04-01,10240,10240,10160,10240,599,0.0
2025-04-02,10200,10360,10100,10100,665,-0.013671875
2025-04-03,10100,10240,10100,10120,55,0.001980198019801982
2025-04-04,10020,10160,9870,10160,1775,0.0039525691699604515
2025-04-07,10160,10160,9810,10100,277,-0.0059055118110236116
2025-04-08,10100,10290,10100,10100,1095,0.0
2025-04-09,10100,10100,9900,9900,419,-0.01980198019801982
2025-04-10,10020,10100,10020,10100,2029,0.02020202020202011
2025-04-11,10100,10240,10100,10150,702,0.004950495049504955
2025-04-14,10080,10350,10080,10330,502,0.01773399014778332
2025-04-15,10320,10450,10210,10440,1668,0.010648596321394033
2025-04-16,10440,10440,10330,10420,795,-0.0019157088122605526
2025-04-17,10430,10490,10410,10490,258,0.006717850287907945
2025-04-18,10430,13000,10430,11400,3753,0.0867492850333651
2025-04-21,11830,13180,11780,12380,8779,0.0859649122807018
2025-04-22,12040,12350,11980,12000,2797,-0.030694668820678506
2025-04-23,12790,12790,12030,12100,742,0.008333333333333304
2025-04-24,12290,12290,12100,12200,1236,0.008264462809917328
2025-04-25,13050,13050,12250,12400,1280,0.016393442622950838
2025-04-28,12120,12700,12120,12140,1472,-0.020967741935483897
2025-04-29,12050,12250,12050,12230,352,0.007413509060955503
2025-04-30,12200,12240,12200,12230,283,0.0
2025-05-02,12230,12300,12230,12260,1572,0.002452984464431651
2025-05-07,12100,12340,12100,12330,1109,0.005709624796084833
2025-05-08,12290,12350,12290,12320,127,-0.0008110300081103361
2025-05-09,12200,12410,12200,12410,329,0.007305194805194759
2025-05-12,12260,12890,12260,12460,484,0.0040290088638195165
2025-05-13,12450,12460,12320,12400,605,-0.0048154093097912964
2025-05-14,12400,12400,12270,12390,573,-0.0008064516129032695
2025-05-15,12200,12370,12200,12350,421,-0.0032284100080710587
2025-05-16,12340,12600,12300,12350,1594,0.0
2025-05-19,12400,12480,12400,12400,147,0.004048582995951344
2025-05-20,12430,12450,12400,12450,384,0.0040322580645162365
2025-05-21,12540,12630,12540,12580,688,0.010441767068273045
2025-05-22,12530,14990,12530,13330,19906,0.05961844197138322
2025-05-23,13200,13200,12600,12660,4191,-0.050262565641410406
2025-05-26,12600,13130,12600,12930,843,0.021327014218009532
2025-05-27,13400,13400,12640,12890,354,-0.0030935808197989356
2025-05-28,12710,13100,12710,12880,556,-0.0007757951900698723
2025-05-29,12740,13100,12740,12980,421,0.007763975155279601
2025-05-30,13000,13590,12980,13050,2672,0.005392912172573094
2025-06-02,12890,13470,12840,13080,4039,0.0022988505747125743
2025-06-04,12960,13390,12960,13390,881,0.023700305810397504
2025-06-05,13260,13600,13210,13600,3675,0.015683345780433067
2025-06-09,13600,16500,13600,14810,15277,0.08897058823529402
2025-06-10,14620,15690,14350,14350,6122,-0.03106009453072245
2025-06-11,14770,14770,14030,14500,3766,0.010452961672473782
2025-06-12,14310,14310,14040,14190,3835,-0.02137931034482754
2025-06-13,14300,14300,13800,14000,1758,-0.013389711064129672
2025-06-16,13990,14800,13990,14770,2690,0.05499999999999994
2025-06-17,14850,15250,14850,15250,3835,0.032498307379823954
2025-06-18,15280,15780,15070,15270,5627,0.0013114754098360049
2025-06-19,15390,15390,14400,14580,4885,-0.04518664047151277
2025-06-20,14960,15280,14700,15140,1804,0.03840877914951979
2025-06-23,15210,16000,15210,15550,6044,0.027080581241743618
2025-06-24,15340,15370,14980,15370,4465,-0.011575562700964603
2025-06-25,15200,15200,14940,15060,2174,-0.0201691607026675
2025-06-26,15250,15250,14800,15100,2152,0.0026560424966799445
2025-06-27,15500,15500,14950,15070,398,-0.001986754966887383
2025-06-30,15000,15040,14200,14440,1231,-0.041804910418049124
2025-07-01,14440,14640,14280,14440,669,0.0
2025-07-02,14550,14550,14400,14480,384,0.0027700831024930483
2025-07-03,14640,14640,14450,14450,787,-0.002071823204419898
2025-07-04,14450,14450,14320,14360,326,-0.00622837370242213
2025-07-07,14360,14360,14240,14350,125,-0.0006963788300835549
2025-07-08,14500,14500,14220,14220,170,-0.009059233449477344
2025-07-09,14960,14960,14300,14300,17,0.005625879043600568
2025-07-10,14700,14700,14280,14580,1177,0.019580419580419672
2025-07-11,14580,14890,14370,14890,780,0.02126200274348422
2025-07-14,14790,14790,14550,14760,541,-0.008730691739422425
2025-07-15,14510,14550,14450,14550,570,-0.014227642276422814
2025-07-16,14600,14600,14200,14360,336,-0.013058419243986208
2025-07-17,14680,14680,14210,14510,317,0.010445682451253546
2025-07-18,14550,14550,14300,14500,83,-0.000689179875947632
2025-07-21,14500,14500,14340,14500,110,0.0
2025-07-22,14410,14410,14300,14390,185,-0.0075862068965517615
2025-07-23,14200,14390,14200,14250,114,-0.00972897845726195
2025-07-24,14380,14380,14300,14300,75,0.0035087719298245723
2025-07-25,14680,14680,14200,14200,140,-0.006993006993006978
2025-07-28,14440,14440,13770,13860,354,-0.023943661971830954
2025-07-29,14090,14090,13860,13860,223,0.0
2025-07-30,14070,14070,14060,14060,3,0.01443001443001446
2025-07-31,14770,14770,14040,14040,323,-0.0014224751066855834
2025-08-01,14930,14930,13620,13620,422,-0.02991452991452992
2025-08-04,13890,13890,13300,13320,539,-0.022026431718061623
2025-08-05,13320,13590,13320,13590,162,0.020270270270270174
2025-08-06,13800,13800,13250,13250,719,-0.025018395879323085
2025-08-07,13230,13230,13150,13160,626,-0.0067924528301887
2025-08-08,13320,13490,13320,13490,267,0.025075987841945313
2025-08-11,13560,13560,13480,13510,77,0.00148257968865817
2025-08-12,13740,13740,13640,13640,41,0.009622501850481191
2025-08-13,13570,13570,13500,13550,38,-0.006598240469208205
2025-08-14,13680,13680,13420,13430,167,-0.0088560885608856
2025-08-18,13100,13510,13100,13490,98,0.004467609828741725
2025-08-19,13500,13500,13430,13430,68,-0.004447739065974843
2025-08-20,13520,13520,12760,12760,1389,-0.04988830975428149
2025-08-21,12770,12920,12720,12750,305,-0.0007836990595611049
2025-08-22,12870,12870,12860,12860,115,0.008627450980392082
2025-08-25,12920,13220,12920,13180,41,0.02488335925349916
2025-08-26,13180,13180,13000,13000,3,-0.01365705614567525
2025-08-27,13000,13000,13000,13000,15,0.0
2025-08-28,12990,12990,12900,12990,63,-0.0007692307692307443
2025-08-29,13000,13000,13000,13000,1,0.0007698229407235857
2025-09-01,13000,13000,12760,12760,55,-0.018461538461538418
2025-09-02,13000,13000,12500,12500,297,-0.020376175548589393
2025-09-03,12460,12760,12450,12760,516,0.02079999999999993
2025-09-04,13520,13520,12530,12900,489,0.01097178683385569
2025-09-05,12540,13150,12540,12760,461,-0.010852713178294615
2025-09-08,12720,12930,12720,12760,1084,0.0
2025-09-09,12700,12840,12700,12840,115,0.006269592476489061
2025-09-10,13090,13090,12800,12980,242,0.010903426791277315
2025-09-11,0,0,0,12980,0,0.0
2025-09-12,0,0,0,12980,0,0.0
2025-09-15,0,0,0,12980,0,0.0
2025-09-16,0,0,0,12980,0,0.0
2025-09-17,0,0,0,12980,0,0.0
2025-09-18,0,0,0,12980,0,0.0
2025-09-19,0,0,0,12980,0,0.0
2025-09-22,0,0,0,12980,0,0.0
2025-09-23,0,0,0,12980,0,0.0
2025-09-24,0,0,0,12980,0,0.0
2025-09-25,0,0,0,12980,0,0.0
2025-09-26,0,0,0,12980,0,0.0
2025-09-29,0,0,0,12980,0,0.0
2025-09-30,0,0,0,12980,0,0.0
2025-10-01,0,0,0,12980,0,0.0
2025-10-02,0,0,0,12980,0,0.0
2025-10-10,0,0,0,12980,0,0.0
2025-10-13,0,0,0,12980,0,0.0
2025-10-14,0,0,0,12980,0,0.0
2025-10-15,0,0,0,12980,0,0.0
2025-10-16,0,0,0,12980,0,0.0
2025-10-17,0,0,0,12980,0,0.0
2025-10-20,0,0,0,12980,0,0.0
2025-10-21,0,0,0,12980,0,0.0
2025-10-22,0,0,0,12980,0,0.0
2025-10-23,0,0,0,12980,0,0.0
2025-10-24,0,0,0,12980,0,0.0
2025-10-27,0,0,0,12980,0,0.0
2025-10-28,0,0,0,12980,0,0.0
2025-10-29,0,0,0,12980,0,0.0
2025-10-30,0,0,0,12980,0,0.0
2025-10-31,0,0,0,12980,0,0.0
2025-11-03,0,0,0,12980,0,0.0
2025-11-04,0,0,0,12980,0,0.0
2025-11-05,0,0,0,12980,0,0.0
2025-11-06,0,0,0,12980,0,0.0
2025-11-07,0,0,0,12980,0,0.0
2025-11-10,0,0,0,12980,0,0.0
2025-11-11,0,0,0,12980,0,0.0
2025-11-12,0,0,0,12980,0,0.0
2025-11-13,0,0,0,12980,0,0.0
2025-11-14,0,0,0,12980,0,0.0
2025-11-17,0,0,0,12980,0,0.0
2025-11-18,0,0,0,12980,0,0.0
2025-11-19,0,0,0,12980,0,0.0
2025-11-20,0,0,0,12980,0,0.0
2025-11-21,0,0,0,12980,0,0.0
2025-11-24,0,0,0,12980,0,0.0
2025-11-25,0,0,0,12980,0,0.0
2025-11-26,0,0,0,12980,0,0.0
2025-11-27,0,0,0,12980,0,0.0
2025-11-28,0,0,0,12980,0,0.0
2025-12-01,0,0,0,12980,0,0.0
