Date,Open,High,Low,Close,Volume,Change
2022-01-03,5450,5510,5450,5510,66772,0.005474452554744547
2022-01-04,5500,5590,5500,5570,74861,0.010889292196007316
2022-01-05,5550,5570,5470,5470,104974,-0.01795332136445238
2022-01-06,5410,5480,5250,5290,148348,-0.03290676416819016
2022-01-07,5280,5400,5260,5360,57812,0.013232514177693666
2022-01-10,5360,5390,5210,5270,82513,-0.016791044776119368
2022-01-11,5250,5290,5140,5180,101746,-0.017077798861480087
2022-01-12,5180,5320,5180,5280,64433,0.019305019305019266
2022-01-13,5280,5360,5200,5280,67045,0.0
2022-01-14,5280,5280,5150,5170,89922,-0.02083333333333337
2022-01-17,5120,5160,5070,5110,75191,-0.011605415860735047
2022-01-18,5060,5140,4960,4960,100545,-0.02935420743639927
2022-01-19,4870,5000,4855,4905,67525,-0.011088709677419373
2022-01-20,4860,4990,4855,4975,54747,0.014271151885830724
2022-01-21,4940,5010,4850,4930,114166,-0.009045226130653283
2022-01-24,4875,4905,4715,4725,114743,-0.04158215010141986
2022-01-25,4690,4750,4505,4505,216135,-0.04656084656084658
2022-01-26,4420,4625,4420,4555,102046,0.011098779134295134
2022-01-27,4530,4555,4295,4320,179085,-0.05159165751920969
2022-01-28,4300,4495,4270,4490,121355,0.03935185185185186
2022-02-03,4540,4690,4535,4660,96902,0.03786191536748329
2022-02-04,4615,4720,4615,4710,56104,0.010729613733905685
2022-02-07,4710,4710,4640,4695,57764,-0.0031847133757961776
2022-02-08,4690,4735,4610,4620,69393,-0.015974440894568676
2022-02-09,4675,4765,4665,4750,61015,0.02813852813852824
2022-02-10,4760,4760,4680,4705,38185,-0.0094736842105263
2022-02-11,4705,4705,4600,4600,55778,-0.022316684378320906
2022-02-14,4475,4570,4400,4420,93777,-0.03913043478260869
2022-02-15,4475,4510,4350,4375,70983,-0.010180995475113086
2022-02-16,4425,4570,4425,4560,63870,0.04228571428571426
2022-02-17,4515,4685,4500,4590,100043,0.006578947368421018
2022-02-18,4505,4650,4505,4635,31731,0.009803921568627416
2022-02-21,4635,4635,4550,4595,48943,-0.008629989212513456
2022-02-22,4500,4555,4490,4505,43616,-0.019586507072905324
2022-02-23,4505,4575,4505,4520,46443,0.0033296337402886067
2022-02-24,4515,4555,4375,4380,101553,-0.030973451327433676
2022-02-25,4475,4630,4465,4590,98187,0.047945205479452024
2022-02-28,4585,4760,4585,4680,105363,0.019607843137254832
2022-03-02,4660,4730,4650,4710,69603,0.0064102564102563875
2022-03-03,4740,4765,4700,4760,67031,0.010615711252653925
2022-03-04,4760,4765,4680,4740,44808,-0.004201680672268893
2022-03-07,4755,4755,4580,4620,66991,-0.025316455696202556
2022-03-08,4560,5630,4510,4785,3776723,0.03571428571428581
2022-03-10,4800,4890,4710,4750,451250,-0.007314524555903867
2022-03-11,4780,4975,4770,4955,447937,0.04315789473684206
2022-03-14,4955,4960,4780,4790,180866,-0.03329969727547932
2022-03-15,4780,5160,4780,4900,497128,0.022964509394572064
2022-03-16,4950,5090,4905,4910,187587,0.0020408163265306367
2022-03-17,4965,5060,4915,4980,201335,0.014256619144602745
2022-03-18,4995,5030,4930,5020,130275,0.008032128514056325
2022-03-21,5030,5060,4945,4950,97902,-0.013944223107569709
2022-03-22,5000,5000,4890,4990,83702,0.008080808080808133
2022-03-23,5000,5110,5000,5050,192620,0.012024048096192397
2022-03-24,5040,5050,4990,5030,82427,-0.003960396039603964
2022-03-25,5050,5050,4980,4995,73670,-0.006958250497017926
2022-03-28,5000,5030,4950,4975,76492,-0.004004004004004025
2022-03-29,4980,5010,4955,4955,76925,-0.004020100502512558
2022-03-30,4970,4985,4930,4935,78289,-0.004036326942482349
2022-03-31,4970,5030,4955,5020,165490,0.01722391084093222
2022-04-01,5030,5040,4940,4970,89290,-0.009960159362549792
2022-04-04,4970,5070,4960,5030,172332,0.012072434607645954
2022-04-05,5090,5250,5020,5060,143179,0.005964214711729587
2022-04-06,5060,5120,4995,5080,191877,0.0039525691699604515
2022-04-07,5090,6600,5050,6600,29262579,0.29921259842519676
2022-04-08,7020,7200,6340,6590,16564253,-0.0015151515151514694
2022-04-11,6460,6590,6140,6400,5326194,-0.028831562974203306
2022-04-12,6670,6950,5830,6080,20791281,-0.050000000000000044
2022-04-13,5990,6130,5880,6080,2158565,0.0
2022-04-14,6250,6260,6010,6050,2452999,-0.004934210526315819
2022-04-15,6020,6210,5960,6190,1515482,0.023140495867768562
2022-04-18,6140,6230,5990,5990,1243289,-0.03231017770597733
2022-04-19,5990,6310,5810,6010,3758949,0.0033388981636059967
2022-04-20,5880,6000,5860,5950,885566,-0.009983361064891838
2022-04-21,5940,6100,5900,6050,1163076,0.01680672268907557
2022-04-22,5960,6240,5920,6160,1761536,0.018181818181818077
2022-04-25,5960,6010,5860,5880,680192,-0.045454545454545414
2022-04-26,5970,5970,5830,5900,409268,0.00340136054421758
2022-04-27,5690,5750,5470,5590,715648,-0.05254237288135588
2022-04-28,5620,5650,5390,5480,446793,-0.019677996422182487
2022-04-29,5510,5610,5400,5560,400526,0.014598540145985384
2022-05-02,5430,5690,5430,5690,382881,0.023381294964028854
2022-05-03,5710,5760,5650,5720,292819,0.005272407732864748
2022-05-04,5700,5890,5610,5650,571567,-0.012237762237762184
2022-05-06,5650,5810,5580,5710,355709,0.010619469026548645
2022-05-09,5730,5760,5460,5480,267832,-0.04028021015761818
2022-05-10,5310,5460,5170,5440,243871,-0.007299270072992692
2022-05-11,5440,5490,5380,5490,137458,0.009191176470588314
2022-05-12,5350,5450,5210,5240,252127,-0.04553734061930781
2022-05-13,5220,5700,5220,5480,832598,0.04580152671755733
2022-05-16,5550,5710,5520,5610,306705,0.02372262773722622
2022-05-17,5610,5790,5560,5660,252951,0.00891265597147961
2022-05-18,5680,5700,5560,5600,141745,-0.010600706713780883
2022-05-19,5450,5530,5400,5480,134427,-0.021428571428571463
2022-05-20,5490,5650,5490,5620,129419,0.025547445255474477
2022-05-23,5620,5640,5540,5570,113393,-0.008896797153024938
2022-05-24,5570,6160,5510,5910,5573865,0.061041292639138156
2022-05-25,6060,6130,5650,5680,2579900,-0.03891708967851104
2022-05-26,5740,5740,5370,5370,639595,-0.05457746478873238
2022-05-27,5420,5470,5330,5330,368465,-0.007448789571694592
2022-05-30,5360,6400,5360,6040,16538388,0.13320825515947465
2022-05-31,6040,7700,5980,7090,48079272,0.17384105960264895
2022-06-02,6990,7170,6870,7030,5110457,-0.008462623413258097
2022-06-03,6960,7250,6740,6740,5285137,-0.04125177809388336
2022-06-07,6780,6830,6570,6750,1789143,0.0014836795252226587
2022-06-08,6690,7000,6570,6910,4658747,0.023703703703703782
2022-06-09,6780,6790,6400,6530,1987296,-0.05499276410998555
2022-06-10,6450,6940,6350,6390,3505800,-0.02143950995405819
2022-06-13,6230,6300,5960,6000,1100368,-0.06103286384976525
2022-06-14,5890,6090,5820,5990,814751,-0.0016666666666667052
2022-06-15,5960,6220,5860,5870,1570331,-0.02003338898163609
2022-06-16,6290,7490,6090,7080,29532164,0.20613287904599664
2022-06-17,6750,7310,6730,7180,8103624,0.01412429378531077
2022-06-20,7120,7180,6520,6770,2976318,-0.057103064066852394
2022-06-21,6870,7040,6570,6870,3361483,0.01477104874446078
2022-06-22,6920,7040,6650,6720,3161897,-0.02183406113537123
2022-06-23,6650,6780,5910,5980,2126924,-0.11011904761904767
2022-06-24,5940,7600,5780,7320,28821181,0.2240802675585285
2022-06-27,7280,7470,7180,7350,5769714,0.004098360655737654
2022-06-28,7300,7470,6900,7340,4337775,-0.0013605442176870541
2022-06-29,7130,7390,7080,7130,2394410,-0.028610354223433276
2022-06-30,7130,7190,6730,6920,2802674,-0.029453015427770013
2022-07-01,6860,6930,6250,6320,2932404,-0.08670520231213874
2022-07-04,6440,6580,6100,6410,2365483,0.014240506329114
2022-07-05,6350,6500,6300,6420,1165791,0.0015600624024960652
2022-07-06,6480,6760,6340,6390,3186954,-0.004672897196261627
2022-07-07,6580,6680,6350,6360,1289267,-0.0046948356807511304
2022-07-08,6470,6560,6230,6250,1162129,-0.01729559748427678
2022-07-11,6250,6450,6160,6350,801488,0.016000000000000014
2022-07-12,6300,6520,6260,6420,1142901,0.011023622047244164
2022-07-13,6440,6620,6330,6460,957375,0.006230529595015577
2022-07-14,6580,7150,6550,6570,8531320,0.017027863777089758
2022-07-15,6510,6750,6440,6710,1495016,0.021308980213089912
2022-07-18,6750,6770,6610,6610,1089106,-0.014903129657228065
2022-07-19,6580,6720,6560,6570,754502,-0.006051437216338829
2022-07-20,6640,6710,6350,6350,1017683,-0.0334855403348554
2022-07-21,6400,6420,6270,6330,553349,-0.0031496062992125706
2022-07-22,6370,6480,6300,6300,503250,-0.004739336492891044
2022-07-25,6310,6750,6260,6680,1513636,0.060317460317460325
2022-07-26,6540,6640,6460,6540,767761,-0.020958083832335328
2022-07-27,6720,6800,6500,6530,1111571,-0.001529051987767538
2022-07-28,6580,6720,6540,6600,629653,0.010719754977029039
2022-07-29,6550,6780,6550,6610,1199362,0.0015151515151514694
2022-08-01,6650,6950,6590,6770,1683445,0.024205748865355536
2022-08-02,6770,6980,6530,6570,2044084,-0.02954209748892167
2022-08-03,6560,6680,6440,6600,498388,0.004566210045662045
2022-08-04,6640,6900,6580,6870,1709916,0.040909090909091006
2022-08-05,6830,6850,6670,6670,713852,-0.02911208151382827
2022-08-08,6700,6710,6360,6390,877865,-0.04197901049475261
2022-08-09,6390,6430,6060,6240,768684,-0.023474178403755874
2022-08-10,6200,6270,6100,6100,389058,-0.022435897435897467
2022-08-11,6150,6210,6080,6100,475245,0.0
2022-08-12,6100,6170,6070,6070,348386,-0.004918032786885296
2022-08-16,6120,6120,6050,6050,212047,-0.0032948929159802853
2022-08-17,6090,6130,5910,5910,502590,-0.023140495867768562
2022-08-18,5860,6140,5860,6090,691671,0.030456852791878264
2022-08-19,6140,6750,6020,6260,4264246,0.02791461412151075
2022-08-22,6190,6190,5990,6010,573806,-0.039936102236421744
2022-08-23,5900,5950,5600,5700,847515,-0.0515806988352745
2022-08-24,5720,6190,5700,6000,1937956,0.05263157894736836
2022-08-25,5980,6240,5970,6000,1031414,0.0
2022-08-26,6060,6190,5930,5930,418487,-0.011666666666666714
2022-08-29,5740,5800,5640,5640,429193,-0.04890387858347389
2022-08-30,5640,5790,5640,5720,309223,0.014184397163120588
2022-08-31,5650,5900,5650,5830,259131,0.019230769230769162
2022-09-01,5810,5830,5640,5640,253932,-0.032590051457976
2022-09-02,5650,5770,5560,5560,157027,-0.014184397163120588
2022-09-05,5530,5750,5300,5330,366996,-0.04136690647482011
2022-09-06,5300,5440,5300,5350,237125,0.0037523452157599557
2022-09-07,5350,5350,5080,5120,316847,-0.04299065420560744
2022-09-08,5190,5500,5130,5250,580737,0.025390625
2022-09-13,5310,5370,5190,5250,367952,0.0
2022-09-14,5050,5110,5040,5080,432826,-0.0323809523809524
2022-09-15,5110,5190,5050,5060,551789,-0.003937007874015741
2022-09-16,5050,5110,4935,4955,462821,-0.02075098814229248
2022-09-19,4945,5150,4745,4750,763618,-0.04137235116044402
2022-09-20,4755,4890,4755,4810,365353,0.012631578947368327
2022-09-21,4770,4870,4765,4830,147258,0.004158004158004047
2022-09-22,4750,4805,4630,4750,298842,-0.0165631469979296
2022-09-23,4750,4770,4530,4570,328334,-0.037894736842105314
2022-09-26,4460,4500,4190,4205,518140,-0.07986870897155363
2022-09-27,4185,4325,4110,4255,442702,0.01189060642092743
2022-09-28,5110,5290,4420,4475,7077352,0.051703877790834296
2022-09-29,4480,4730,4200,4200,1472557,-0.06145251396648044
2022-09-30,4150,4185,3750,3880,1037838,-0.07619047619047614
2022-10-04,3980,4470,3965,4310,3139855,0.11082474226804129
2022-10-05,4325,4390,4235,4265,552132,-0.01044083526682138
2022-10-06,4325,4475,4300,4450,491327,0.04337631887456039
2022-10-07,4410,4515,4360,4370,264488,-0.017977528089887618
2022-10-11,4360,4495,4160,4255,998020,-0.02631578947368418
2022-10-12,4225,4235,4040,4050,429894,-0.04817861339600471
2022-10-13,4005,4110,3775,3795,480709,-0.062962962962963
2022-10-14,3870,4190,3870,4100,518699,0.08036890645586303
2022-10-17,3990,4155,3960,4120,175116,0.004878048780487809
2022-10-18,4210,4215,4095,4185,228309,0.01577669902912615
2022-10-19,4225,4240,4090,4110,197202,-0.017921146953404965
2022-10-20,4120,4180,4025,4045,147135,-0.015815085158150888
2022-10-21,4040,4075,3965,3965,136278,-0.01977750309023485
2022-10-24,4050,4140,4040,4060,104698,0.023959646910466592
2022-10-25,4085,4120,3990,3995,99508,-0.016009852216748777
2022-10-26,4035,4040,3935,3935,137299,-0.015018773466833557
2022-10-27,3940,4095,3940,4085,150462,0.03811944091486663
2022-10-28,4035,4160,4020,4055,103514,-0.007343941248470043
2022-10-31,4130,4130,4015,4015,81980,-0.009864364981504337
2022-11-01,4035,4270,4030,4170,240937,0.038605230386052236
2022-11-02,4170,4225,4130,4170,127212,0.0
2022-11-03,4125,4190,4080,4180,98161,0.0023980815347721673
2022-11-04,4145,4225,4130,4160,81072,-0.004784688995215336
2022-11-07,4185,4280,4140,4155,130968,-0.0012019230769231282
2022-11-08,4160,4260,4160,4255,171580,0.024067388688327362
2022-11-09,4400,4435,4250,4285,116798,0.007050528789659172
2022-11-10,4270,4330,4220,4325,147925,0.009334889148191472
2022-11-11,4405,4450,4325,4345,208767,0.0046242774566473965
2022-11-14,4400,4425,4355,4365,149834,0.004602991944764101
2022-11-15,4380,4515,4380,4465,259904,0.02290950744558984
2022-11-16,4530,4530,4330,4415,146250,-0.011198208286674172
2022-11-17,4415,4470,4355,4425,117057,0.0022650056625141968
2022-11-18,4385,4440,4320,4320,115915,-0.023728813559321993
2022-11-21,4310,4430,4280,4280,129934,-0.0092592592592593
2022-11-22,4255,4260,4205,4215,112740,-0.015186915887850483
2022-11-23,4250,4360,4250,4315,112129,0.023724792408066353
2022-11-24,4305,4380,4305,4350,83491,0.008111239860950192
2022-11-25,4355,4390,4310,4335,58472,-0.0034482758620689724
2022-11-28,4345,4430,4275,4305,150518,-0.00692041522491349
2022-11-29,4290,4430,4280,4425,121448,0.027874564459930307
2022-11-30,4425,4485,4380,4440,151058,0.003389830508474523
2022-12-01,4480,4515,4455,4490,164895,0.011261261261261257
2022-12-02,4485,4490,4405,4455,130449,-0.007795100222717122
2022-12-05,4455,4475,4395,4425,105830,-0.006734006734006703
2022-12-06,4370,4415,4290,4290,98615,-0.03050847457627115
2022-12-07,4240,4295,4230,4250,67705,-0.009324009324009341
2022-12-08,4220,4260,4150,4170,104436,-0.018823529411764683
2022-12-09,4190,4210,4160,4160,72011,-0.0023980815347721673
2022-12-12,4160,4195,4155,4175,61517,0.0036057692307691624
2022-12-13,4175,4245,4140,4160,117738,-0.003592814371257469
2022-12-14,4175,4270,4175,4235,122217,0.018028846153846256
2022-12-15,4235,4265,4205,4220,61269,-0.0035419126328217754
2022-12-16,4120,4155,4095,4115,163715,-0.024881516587677677
2022-12-19,4110,4120,4060,4080,71724,-0.008505467800729027
2022-12-20,4080,4085,4010,4015,109503,-0.015931372549019662
2022-12-21,4020,4060,3995,4040,84915,0.0062266500622665255
2022-12-22,4040,4115,4035,4060,101531,0.004950495049504955
2022-12-23,4000,4040,3950,3960,118238,-0.024630541871921152
2022-12-26,3975,4015,3940,3985,72136,0.0063131313131312705
2022-12-27,3940,4040,3940,4020,70929,0.008782936010037545
2022-12-28,3990,4000,3950,3955,59258,-0.016169154228855676
2022-12-29,3945,3950,3805,3820,119275,-0.034134007585335024
2023-01-02,3790,3855,3730,3730,128640,-0.023560209424083767
2023-01-03,3705,3850,3660,3815,118303,0.02278820375335111
2023-01-04,3815,4285,3815,3970,1493284,0.04062909567496731
2023-01-05,4000,4090,3950,3970,186712,0.0
2023-01-06,3980,4040,3940,3975,118583,0.0012594458438286438
2023-01-09,4010,4065,4010,4020,102668,0.01132075471698113
2023-01-10,4025,4120,4005,4070,148472,0.01243781094527363
2023-01-11,4070,4130,4070,4080,82397,0.002457002457002533
2023-01-12,4115,4210,4115,4195,176823,0.02818627450980382
2023-01-13,4195,4240,4175,4185,106142,-0.0023837902264600697
2023-01-16,4220,4240,4145,4155,94433,-0.007168458781361964
2023-01-17,4130,4195,4110,4130,63109,-0.006016847172081841
2023-01-18,4135,4165,4065,4120,77557,-0.002421307506053294
2023-01-19,4080,4165,4065,4140,56002,0.004854368932038833
2023-01-20,4160,4200,4110,4120,42995,-0.004830917874396157
2023-01-25,4125,4160,4100,4125,86198,0.0012135922330096527
2023-01-26,4125,4295,4125,4220,348424,0.023030303030302957
2023-01-27,4285,4285,4160,4190,87041,-0.007109004739336511
2023-01-30,4190,4225,4135,4140,90475,-0.011933174224343701
2023-01-31,4095,4160,4090,4145,80789,0.0012077294685990392
2023-02-01,4160,4240,4160,4200,95007,0.013268998793727338
2023-02-02,4215,4245,4195,4220,133391,0.004761904761904745
2023-02-03,4225,4290,4200,4270,155868,0.011848341232227444
2023-02-06,4280,4285,4225,4240,95157,-0.007025761124121788
2023-02-07,4220,4310,4220,4305,143795,0.015330188679245182
2023-02-08,4295,4350,4285,4315,121379,0.0023228803716608404
2023-02-09,4285,4385,4265,4350,155880,0.008111239860950192
2023-02-10,4340,4350,4225,4265,135373,-0.019540229885057436
2023-02-13,4280,4280,4195,4195,102623,-0.016412661195779554
2023-02-14,4205,4235,4160,4210,94176,0.0035756853396902155
2023-02-15,4220,4250,4100,4135,133206,-0.017814726840855055
2023-02-16,4130,4185,4100,4125,97978,-0.00241837968561065
2023-02-17,4100,4145,4065,4100,136965,-0.0060606060606061
2023-02-20,4100,4450,4060,4240,1102538,0.034146341463414664
2023-02-21,4260,4295,4235,4255,109806,0.0035377358490567
2023-02-22,4235,4300,4170,4205,143408,-0.011750881316098694
2023-02-23,4210,4220,4150,4210,78842,0.0011890606420927874
2023-02-24,4210,4220,4070,4120,198491,-0.02137767220902609
2023-02-27,4095,4110,4025,4040,104300,-0.01941747572815533
2023-02-28,4050,4120,4050,4090,76333,0.012376237623762387
2023-03-02,4060,4210,4060,4165,125996,0.01833740831295838
2023-03-03,4185,4275,4150,4255,138066,0.021608643457383003
2023-03-06,4270,4340,4220,4315,198178,0.014101057579318343
2023-03-07,4315,4450,4250,4380,316604,0.015063731170336103
2023-03-08,4405,4490,4305,4355,285172,-0.005707762557077611
2023-03-09,4350,4450,4325,4375,156329,0.004592422502870175
2023-03-10,4310,4345,4240,4270,109477,-0.02400000000000002
2023-03-13,4260,4260,4115,4215,159435,-0.012880562060889944
2023-03-14,4160,5270,4000,4075,15240946,-0.033214709371293005
2023-03-15,4125,4640,4120,4360,4807439,0.0699386503067485
2023-03-16,4360,4480,4220,4315,901395,-0.010321100917431214
2023-03-17,4315,4415,4290,4385,405409,0.016222479721900385
2023-03-20,4420,4530,4370,4395,461157,0.0022805017103761926
2023-03-21,4425,4470,4295,4360,332376,-0.007963594994311762
2023-03-22,4385,4440,4355,4440,222393,0.0183486238532109
2023-03-23,4430,4525,4350,4365,607891,-0.016891891891891886
2023-03-24,4375,4440,4330,4370,137668,0.001145475372279492
2023-03-27,4395,4565,4345,4455,471539,0.0194508009153318
2023-03-28,4495,4555,4435,4500,380776,0.010101010101010166
2023-03-29,4535,4650,4470,4620,509781,0.026666666666666616
2023-03-30,4655,4655,4540,4575,288138,-0.009740259740259716
2023-03-31,4615,4630,4500,4550,256380,-0.005464480874316946
2023-04-03,4530,4630,4505,4570,172381,0.00439560439560438
2023-04-04,4560,5260,4545,4895,7602377,0.07111597374179435
2023-04-05,4830,4890,4705,4715,816457,-0.036772216547497405
2023-04-06,4715,5400,4620,4935,6108224,0.04665959703075284
2023-04-07,4920,4965,4810,4835,614000,-0.020263424518743633
2023-04-10,4805,4915,4705,4845,549439,0.0020682523267838704
2023-04-11,4810,4955,4775,4845,412058,0.0
2023-04-12,4860,4950,4830,4840,364476,-0.0010319917440660964
2023-04-13,4840,5250,4705,4925,1959880,0.017561983471074294
2023-04-14,4970,4970,4855,4870,347683,-0.011167512690355319
2023-04-17,4890,5020,4865,4950,407144,0.01642710472279263
2023-04-18,4930,4995,4795,4815,374142,-0.027272727272727226
2023-04-19,4815,5150,4815,5100,1012578,0.05919003115264787
2023-04-20,5090,5160,4935,5000,444596,-0.019607843137254943
2023-04-21,5000,5030,4820,4855,242692,-0.029000000000000026
2023-04-24,4855,4910,4720,4735,180309,-0.02471678681771372
2023-04-25,4765,4810,4595,4660,214834,-0.015839493136219684
2023-04-26,4630,4675,4460,4520,250927,-0.030042918454935674
2023-04-27,4510,4690,4425,4640,148749,0.026548672566371723
2023-04-28,4645,4700,4485,4540,152232,-0.02155172413793105
2023-05-02,4530,4650,4510,4600,107780,0.013215859030837107
2023-05-03,4520,4950,4520,4880,395090,0.0608695652173914
2023-05-04,4750,4775,4610,4635,298508,-0.05020491803278693
2023-05-08,4750,4750,4625,4630,111063,-0.0010787486515642097
2023-05-09,4630,4675,4550,4595,83673,-0.0075593952483801186
2023-05-10,4595,4665,4565,4600,50504,0.0010881392818280489
2023-05-11,4605,4705,4520,4535,139517,-0.01413043478260867
2023-05-12,4545,4600,4480,4480,136293,-0.012127894156560126
2023-05-15,4475,4530,4415,4430,119267,-0.011160714285714302
2023-05-16,4450,4650,4440,4510,290426,0.018058690744920947
2023-05-17,4495,4545,4450,4530,48280,0.0044345898004434225
2023-05-18,4545,4570,4485,4530,92584,0.0
2023-05-19,4570,4595,4510,4595,81444,0.014348785871964642
2023-05-22,4595,4630,4550,4600,62688,0.0010881392818280489
2023-05-23,4580,4645,4580,4605,78651,0.0010869565217390686
2023-05-24,4605,4615,4555,4570,77565,-0.007600434310532034
2023-05-25,4565,4585,4455,4475,129819,-0.020787746170678356
2023-05-26,4505,4530,4415,4440,71580,-0.007821229050279377
2023-05-30,4450,4460,4420,4425,50808,-0.0033783783783783994
2023-05-31,4425,5100,4425,4565,4471379,0.031638418079096065
2023-06-01,4590,4695,4545,4590,386739,0.005476451259583737
2023-06-02,4650,4755,4605,4650,472326,0.013071895424836555
2023-06-05,4650,4805,4650,4730,367800,0.017204301075268713
2023-06-07,4750,4800,4695,4730,193507,0.0
2023-06-08,4730,4760,4690,4725,101994,-0.0010570824524313016
2023-06-09,4725,4770,4725,4765,135459,0.00846560846560851
2023-06-12,4770,4785,4730,4780,88957,0.0031479538300105414
2023-06-13,4790,4895,4780,4865,285468,0.01778242677824271
2023-06-14,4900,4900,4700,4745,163991,-0.02466598150051391
2023-06-15,4765,4805,4655,4665,122947,-0.01685985247629085
2023-06-16,4665,4840,4665,4775,163755,0.023579849946409492
2023-06-19,4755,4820,4740,4800,65105,0.005235602094240788
2023-06-20,4780,4825,4700,4715,86208,-0.017708333333333326
2023-06-21,4715,4795,4690,4705,55903,-0.0021208907741251393
2023-06-22,4710,4845,4695,4840,203066,0.02869287991498415
2023-06-23,4795,4825,4680,4710,163038,-0.02685950413223137
2023-06-26,4790,4790,4655,4740,80945,0.006369426751592355
2023-06-27,4700,4735,4645,4690,88514,-0.010548523206751037
2023-06-28,4690,4715,4650,4650,57003,-0.008528784648187626
2023-06-29,4615,4700,4520,4520,164096,-0.027956989247311825
2023-06-30,4565,5020,4555,4720,2257565,0.04424778761061954
2023-07-03,4730,4920,4700,4770,598718,0.010593220338983134
2023-07-04,4770,4780,4680,4735,149317,-0.007337526205450695
2023-07-05,4715,4755,4670,4680,127211,-0.011615628299894376
2023-07-06,4635,4660,4560,4600,177410,-0.017094017094017144
2023-07-07,4545,4610,4530,4610,76671,0.0021739130434783593
2023-07-10,4540,4640,4540,4560,42574,-0.010845986984815648
2023-07-11,4560,4730,4560,4655,139960,0.02083333333333326
2023-07-12,4660,4700,4615,4650,81168,-0.0010741138560687036
2023-07-13,4665,4690,4605,4660,136190,0.0021505376344086446
2023-07-14,4665,4670,4575,4655,110872,-0.0010729613733905241
2023-07-17,4650,4655,4575,4585,60508,-0.015037593984962405
2023-07-18,4590,4655,4480,4485,195229,-0.021810250817884458
2023-07-19,4540,4540,4400,4445,108643,-0.00891861761426982
2023-07-20,4440,4495,4415,4425,81965,-0.004499437570303688
2023-07-21,4425,4485,4410,4425,76381,0.0
2023-07-24,4385,4450,4240,4260,208491,-0.037288135593220306
2023-07-25,4260,4360,4165,4285,152906,0.005868544600938996
2023-07-26,4330,4350,3900,4025,438163,-0.0606767794632439
2023-07-27,3910,4145,3910,4050,95071,0.006211180124223503
2023-07-28,3990,4190,3990,4180,79869,0.032098765432098775
2023-07-31,4245,4270,4145,4245,66226,0.015550239234449759
2023-08-01,4250,4325,4190,4205,97227,-0.009422850412249661
2023-08-02,4180,4590,4180,4300,664908,0.022592152199762294
2023-08-03,4430,4450,4000,4170,184907,-0.03023255813953485
2023-08-04,4120,4205,4120,4190,74176,0.004796163069544335
2023-08-07,4145,4195,4120,4185,62147,-0.0011933174224343368
2023-08-08,4190,4220,4120,4130,61684,-0.01314217443249699
2023-08-09,4130,4190,4110,4185,38695,0.013317191283293006
2023-08-10,4185,4200,4110,4145,118928,-0.009557945041816063
2023-08-11,4180,4275,4160,4205,86670,0.014475271411338975
2023-08-14,4185,4215,4120,4150,34007,-0.013079667063020217
2023-08-16,4140,4140,4035,4080,83542,-0.016867469879518038
2023-08-17,4040,4085,3925,4070,133327,-0.002450980392156854
2023-08-18,3990,4130,3985,4050,81590,-0.004914004914004955
2023-08-21,4015,4095,4000,4030,101301,-0.004938271604938316
2023-08-22,4020,4070,3995,4070,52279,0.00992555831265518
2023-08-23,4030,4170,4030,4125,88131,0.013513513513513598
2023-08-24,4140,4175,4100,4110,61485,-0.0036363636363636598
2023-08-25,4060,4180,4060,4155,72346,0.010948905109489093
2023-08-28,4155,4245,4120,4235,89645,0.019253910950661757
2023-08-29,4235,4270,4205,4255,48912,0.0047225501770955525
2023-08-30,4265,4265,4210,4235,58923,-0.004700352526439522
2023-08-31,4260,4300,4230,4250,75118,0.0035419126328217754
2023-09-01,4210,4250,4140,4205,61704,-0.010588235294117676
2023-09-04,4175,4205,4110,4200,65498,-0.0011890606420927874
2023-09-05,4175,4200,4100,4140,77521,-0.014285714285714235
2023-09-06,4140,4145,4055,4070,53058,-0.016908212560386437
2023-09-07,4065,4070,3995,4005,83942,-0.01597051597051602
2023-09-08,4020,4125,3990,4085,68269,0.019975031210986316
2023-09-11,4140,4380,4105,4270,276712,0.04528763769889843
2023-09-12,4305,4305,4025,4200,112046,-0.016393442622950838
2023-09-13,4180,4180,4100,4100,56472,-0.023809523809523836
2023-09-14,4100,4165,4100,4135,26679,0.008536585365853666
2023-09-15,4135,4280,4135,4190,83346,0.01330108827085863
2023-09-18,4190,4260,4150,4210,49021,0.004773269689737569
2023-09-19,4225,4225,4145,4145,36874,-0.015439429928741144
2023-09-20,4105,4190,4100,4145,39851,0.0
2023-09-21,4145,4155,4040,4055,84842,-0.021712907117008462
2023-09-22,4040,4160,3980,4135,58866,0.019728729963008673
2023-09-25,4130,4150,3990,4010,52150,-0.030229746070132957
2023-09-26,4010,4070,3985,4000,53811,-0.0024937655860348684
2023-09-27,3960,4040,3960,4030,26520,0.007500000000000062
2023-10-04,4005,4010,3920,3950,135507,-0.01985111662531014
2023-10-05,3925,3965,3840,3840,112134,-0.027848101265822822
2023-10-06,3790,3930,3790,3875,57312,0.00911458333333326
2023-10-10,3875,3935,3720,3770,90237,-0.02709677419354839
2023-10-11,3800,3825,3780,3820,87513,0.013262599469495928
2023-10-12,3805,3920,3805,3900,104012,0.020942408376963373
2023-10-13,3895,3930,3855,3915,97021,0.0038461538461538325
2023-10-16,3910,4085,3815,3855,195094,-0.01532567049808431
2023-10-17,3850,3965,3850,3960,90262,0.027237354085603016
2023-10-18,3970,4020,3905,3930,76655,-0.007575757575757569
2023-10-19,3910,3910,3810,3830,80945,-0.025445292620865145
2023-10-20,3835,3840,3660,3770,173562,-0.015665796344647487
2023-10-23,3735,3770,3640,3650,122828,-0.03183023872679047
2023-10-24,3650,3715,3590,3695,101716,0.012328767123287676
2023-10-25,3695,3750,3680,3710,46097,0.004059539918809252
2023-10-26,3685,3725,3600,3600,98171,-0.029649595687331498
2023-10-27,3610,3645,3570,3610,34156,0.002777777777777768
2023-10-30,3600,3735,3595,3695,48686,0.023545706371191244
2023-10-31,3715,3770,3635,3645,88113,-0.013531799729364025
2023-11-01,3650,3690,3635,3635,67304,-0.002743484224965731
2023-11-02,3645,3710,3640,3675,71551,0.011004126547455195
2023-11-03,3675,3755,3675,3705,82891,0.008163265306122547
2023-11-06,3720,3800,3715,3755,86401,0.013495276653171295
2023-11-07,3770,3780,3700,3750,63158,-0.0013315579227696217
2023-11-08,3750,3775,3705,3715,44264,-0.009333333333333305
2023-11-09,3700,3730,3690,3720,32026,0.0013458950201883368
2023-11-10,3710,3735,3675,3690,29080,-0.008064516129032251
2023-11-13,3700,3745,3680,3730,51675,0.01084010840108407
2023-11-14,3720,3800,3720,3780,56511,0.013404825737265424
2023-11-15,3790,3865,3790,3790,65205,0.002645502645502562
2023-11-16,3810,3850,3790,3850,70324,0.0158311345646438
2023-11-17,3835,3855,3795,3835,45956,-0.003896103896103842
2023-11-20,3840,3875,3800,3855,71412,0.0052151238591917615
2023-11-21,3865,3925,3850,3875,59613,0.005188067444876765
2023-11-22,3875,3875,3810,3855,99344,-0.005161290322580614
2023-11-23,3855,3870,3830,3855,23285,0.0
2023-11-24,3855,3920,3830,3855,61708,0.0
2023-11-27,3855,3895,3815,3875,44624,0.005188067444876765
2023-11-28,3875,3980,3850,3895,65792,0.005161290322580614
2023-11-29,3885,3940,3825,3845,64754,-0.012836970474967901
2023-11-30,3845,3860,3825,3850,39943,0.0013003901170351995
2023-12-01,3850,3875,3830,3830,50005,-0.0051948051948051965
2023-12-04,3840,3880,3820,3820,49221,-0.0026109660574412663
2023-12-05,3810,3850,3810,3840,53183,0.005235602094240788
2023-12-06,3820,3845,3815,3820,34655,-0.00520833333333337
2023-12-07,3830,3840,3790,3810,72511,-0.002617801047120394
2023-12-08,3800,3830,3790,3795,38163,-0.003937007874015741
2023-12-11,3800,3825,3795,3820,23298,0.006587615283267567
2023-12-12,3810,3835,3790,3810,32994,-0.002617801047120394
2023-12-13,3810,3825,3790,3810,45540,0.0
2023-12-14,3805,3955,3805,3900,120213,0.023622047244094446
2023-12-15,3890,3935,3870,3910,46804,0.002564102564102555
2023-12-18,3920,3920,3850,3865,53513,-0.011508951406649648
2023-12-19,3865,3870,3825,3835,37134,-0.0077619663648124115
2023-12-20,3835,3875,3835,3850,64992,0.003911342894393766
2023-12-21,3850,3875,3840,3845,37665,-0.0012987012987012436
2023-12-22,3840,3970,3840,3955,164488,0.02860858257477239
2023-12-26,3960,3985,3925,3930,124383,-0.006321112515802807
2023-12-27,3905,3940,3870,3900,83582,-0.007633587786259555
2023-12-28,3900,3925,3880,3910,71406,0.002564102564102555
2024-01-02,3910,3910,3855,3875,52484,-0.008951406649616356
2024-01-03,3850,3870,3800,3825,63196,-0.012903225806451646
2024-01-04,3825,3830,3760,3765,67837,-0.015686274509803977
2024-01-05,3775,3785,3700,3705,81348,-0.015936254980079667
2024-01-08,3735,3735,3660,3695,39589,-0.0026990553306343035
2024-01-09,3695,3715,3680,3705,46064,0.0027063599458727605
2024-01-10,3695,3740,3685,3705,39858,0.0
2024-01-11,3710,3755,3700,3755,31709,0.013495276653171295
2024-01-12,3710,3755,3685,3690,58074,-0.017310252996005304
2024-01-15,3655,3750,3655,3710,54604,0.005420054200542035
2024-01-16,3680,3755,3680,3745,57695,0.009433962264151052
2024-01-17,3735,3745,3670,3690,71569,-0.014686248331108098
2024-01-18,3695,4060,3670,3800,797724,0.02981029810298108
2024-01-19,3755,3840,3730,3770,144698,-0.007894736842105288
2024-01-22,3790,3790,3710,3725,54650,-0.011936339522546469
2024-01-23,3705,3740,3705,3725,44653,0.0
2024-01-24,3725,3760,3710,3710,44076,-0.004026845637583931
2024-01-25,3695,3720,3660,3705,61164,-0.0013477088948786742
2024-01-26,3705,3760,3705,3715,55674,0.0026990553306343035
2024-01-29,3705,3715,3680,3710,37765,-0.0013458950201884479
2024-01-30,3710,3745,3700,3715,60689,0.0013477088948787852
2024-01-31,3715,3750,3665,3710,89692,-0.0013458950201884479
2024-02-01,3685,4100,3685,3960,1148378,0.06738544474393526
2024-02-02,4025,4180,3945,4035,903122,0.018939393939394034
2024-02-05,4115,4130,3975,4105,380270,0.017348203221809078
2024-02-06,4115,4350,4010,4025,1217259,-0.01948842874543244
2024-02-07,4035,4155,4025,4100,283820,0.01863354037267073
2024-02-08,4135,4170,4115,4155,262979,0.013414634146341475
2024-02-13,4180,4225,4075,4145,285436,-0.002406738868832692
2024-02-14,4100,4170,4080,4135,118599,-0.0024125452352231624
2024-02-15,4150,4150,4065,4080,120167,-0.013301088270858519
2024-02-16,4090,4140,4025,4135,164832,0.013480392156862697
2024-02-19,4160,4275,4155,4190,222304,0.01330108827085863
2024-02-20,4205,4290,4165,4265,484500,0.017899761336515496
2024-02-21,4265,4290,4225,4225,195731,-0.009378663540445475
2024-02-22,4225,4275,4180,4240,142235,0.0035502958579882726
2024-02-23,4240,4270,4205,4215,132171,-0.005896226415094352
2024-02-26,4215,4225,4095,4095,156777,-0.028469750889679735
2024-02-27,4095,4210,3970,4145,254257,0.012210012210012167
2024-02-28,4200,4310,4180,4230,198547,0.020506634499396936
2024-02-29,4230,4295,4180,4210,154022,-0.004728132387706863
2024-03-04,4210,4465,4185,4320,610365,0.026128266033254244
2024-03-05,4310,4415,4270,4345,256507,0.0057870370370369795
2024-03-06,4345,4390,4290,4305,125686,-0.009205983889528202
2024-03-07,4310,4325,4235,4250,99876,-0.012775842044134733
2024-03-08,4250,4300,4225,4280,102085,0.007058823529411784
2024-03-11,4280,4355,4235,4250,82854,-0.007009345794392496
2024-03-12,4255,4260,4140,4230,123353,-0.004705882352941226
2024-03-13,4230,4370,4185,4280,189853,0.011820330969267046
2024-03-14,4300,4415,4270,4335,192829,0.012850467289719614
2024-03-15,4355,4465,4330,4380,345885,0.01038062283737018
2024-03-18,4405,4635,4380,4520,802471,0.03196347031963476
2024-03-19,4520,4545,4420,4465,224044,-0.012168141592920345
2024-03-20,4470,4520,4440,4450,145912,-0.0033594624860022737
2024-03-21,4465,4530,4445,4500,134685,0.011235955056179803
2024-03-22,4505,4510,4400,4425,129710,-0.01666666666666672
2024-03-25,4425,4470,4375,4395,142261,-0.006779661016949157
2024-03-26,4350,4440,4350,4405,99362,0.0022753128555177415
2024-03-27,4370,4435,4335,4435,116934,0.006810442678774065
2024-03-28,4430,4500,4335,4435,187108,0.0
2024-03-29,4445,4450,4345,4410,129816,-0.005636978579481422
2024-04-01,4410,4455,4385,4410,65170,0.0
2024-04-02,4410,4415,4310,4365,150789,-0.010204081632653073
2024-04-03,4370,4370,4245,4270,101754,-0.021764032073310458
2024-04-04,4285,4525,4195,4430,423014,0.0374707259953162
2024-04-05,4450,4460,4335,4340,136897,-0.020316027088036148
2024-04-08,4350,4375,4285,4315,87978,-0.005760368663594417
2024-04-09,4295,4355,4230,4275,68655,-0.009269988412514474
2024-04-11,4270,4270,4115,4190,125249,-0.019883040935672502
2024-04-12,4180,4250,4145,4195,116501,0.0011933174224343368
2024-04-15,4180,4195,4095,4150,84192,-0.010727056019070313
2024-04-16,4100,4135,3990,4020,131132,-0.031325301204819245
2024-04-17,4010,4070,4010,4030,66033,0.0024875621890547706
2024-04-18,4035,4145,4030,4135,59582,0.026054590570719682
2024-04-19,4140,4140,4025,4095,72910,-0.0096735187424426
2024-04-22,4100,4135,4060,4095,36230,0.0
2024-04-23,4100,4130,4070,4130,55057,0.008547008547008517
2024-04-24,4130,4160,4105,4160,41225,0.007263922518159882
2024-04-25,4160,4160,4105,4120,26767,-0.009615384615384581
2024-04-26,4120,4480,4120,4290,616023,0.04126213592233019
2024-04-29,4285,4440,4225,4330,218560,0.00932400932400923
2024-04-30,4355,4385,4265,4300,154235,-0.006928406466512715
2024-05-02,4275,4880,4250,4365,4172794,0.015116279069767424
2024-05-03,4345,4500,4255,4255,969315,-0.025200458190148933
2024-05-07,4255,4410,4255,4395,263204,0.03290246768507643
2024-05-08,4395,4520,4395,4490,308285,0.021615472127417545
2024-05-09,4480,4520,4435,4470,163862,-0.0044543429844098315
2024-05-10,4445,4600,4440,4545,494723,0.016778523489932917
2024-05-13,4560,4750,4520,4585,651329,0.008800880088008833
2024-05-14,4610,4610,4480,4560,220210,-0.005452562704471142
2024-05-16,4560,4590,4495,4585,151883,0.005482456140350811
2024-05-17,4595,4595,4470,4530,86429,-0.01199563794983638
2024-05-20,4530,4620,4500,4590,141168,0.013245033112582849
2024-05-21,4640,4650,4470,4540,148119,-0.01089324618736387
2024-05-22,4515,4555,4430,4465,159722,-0.016519823788546217
2024-05-23,4450,4465,4330,4460,146883,-0.0011198208286674616
2024-05-24,4440,4505,4375,4495,84529,0.007847533632286963
2024-05-27,4510,4645,4500,4590,198430,0.021134593993325845
2024-05-28,4610,4645,4565,4645,167886,0.011982570806100323
2024-05-29,4685,4735,4535,4580,264926,-0.013993541442411161
2024-05-30,4545,4565,4435,4445,124219,-0.029475982532751077
2024-05-31,4420,4480,4405,4430,64472,-0.003374578177727794
2024-06-03,4425,4465,4415,4465,78091,0.007900677200902928
2024-06-04,4430,4475,4320,4320,197262,-0.03247480403135494
2024-06-05,4330,4340,4180,4230,143918,-0.02083333333333337
2024-06-07,4210,4245,4175,4225,66330,-0.0011820330969266601
2024-06-10,4225,4270,4145,4250,98818,0.00591715976331364
2024-06-11,4235,4250,4170,4205,50759,-0.010588235294117676
2024-06-12,4200,4215,4145,4170,72346,-0.008323424494649179
2024-06-13,4170,4270,4155,4190,97917,0.004796163069544335
2024-06-14,4200,4255,4100,4230,209871,0.009546539379474916
2024-06-17,4215,4260,4175,4180,86797,-0.011820330969267157
2024-06-18,4165,4200,4045,4085,224496,-0.022727272727272707
2024-06-19,4085,4140,4070,4090,96962,0.001223990208078396
2024-06-20,4105,4110,4050,4090,65511,0.0
2024-06-21,4090,4190,4040,4155,107195,0.01589242053789741
2024-06-24,4165,4170,4080,4120,83305,-0.008423586040914532
2024-06-25,4120,4125,4050,4110,55310,-0.0024271844660194164
2024-06-26,4080,4170,4070,4110,76322,0.0
2024-06-27,4090,4115,4060,4110,59414,0.0
2024-06-28,4115,4130,4070,4095,31295,-0.0036496350364964014
2024-07-01,4105,4105,4025,4070,56406,-0.006105006105006083
2024-07-02,4080,4080,4005,4030,82513,-0.009828009828009798
2024-07-03,4020,4045,3975,3995,107120,-0.008684863523573227
2024-07-04,3990,4005,3950,4000,82463,0.0012515644555695093
2024-07-05,4000,4015,3940,3980,57913,-0.0050000000000000044
2024-07-08,3960,4010,3920,3970,91855,-0.002512562814070307
2024-07-09,3970,3995,3945,3975,40345,0.0012594458438286438
2024-07-10,3985,4025,3970,4000,60617,0.0062893081761006275
2024-07-11,3990,4060,3990,4050,60698,0.012499999999999956
2024-07-12,4060,4060,4000,4045,39889,-0.0012345679012345512
2024-07-15,4045,4070,4010,4050,55556,0.0012360939431397266
2024-07-16,4060,4065,4005,4045,49743,-0.0012345679012345512
2024-07-17,4045,4050,3990,4015,84250,-0.007416563658838027
2024-07-18,4010,4010,3945,3970,61466,-0.011207970112079746
2024-07-19,3970,3970,3905,3965,66722,-0.0012594458438287548
2024-07-22,3965,3965,3865,3965,72949,0.0
2024-07-23,3945,3975,3925,3960,67160,-0.0012610340479193294
2024-07-24,3925,3975,3920,3950,35178,-0.002525252525252486
2024-07-25,3930,3935,3845,3885,77730,-0.016455696202531622
2024-07-26,3840,3950,3840,3950,68465,0.016731016731016624
2024-07-29,3950,4010,3940,4000,36445,0.012658227848101333
2024-07-30,3950,4005,3905,3930,48932,-0.01749999999999996
2024-07-31,3920,3980,3895,3970,59922,0.010178117048346147
2024-08-01,3950,4040,3950,4030,58374,0.015113350125944613
2024-08-02,3990,4000,3875,3925,91531,-0.02605459057071957
2024-08-05,3895,3895,3465,3640,244535,-0.07261146496815285
2024-08-06,3620,3780,3600,3735,234043,0.026098901098901006
2024-08-07,3695,3855,3695,3830,54604,0.025435073627844806
2024-08-08,3800,3840,3745,3825,29787,-0.0013054830287205776
2024-08-09,3850,3875,3800,3860,53096,0.009150326797385588
2024-08-12,3880,3915,3835,3910,53967,0.012953367875647714
2024-08-13,3915,3940,3845,3925,57813,0.0038363171355497716
2024-08-14,3970,3995,3920,3960,55149,0.008917197452229297
2024-08-16,3975,4015,3925,3950,43331,-0.002525252525252486
2024-08-19,3950,3950,3895,3935,53475,-0.0037974683544304
2024-08-20,3935,3970,3905,3965,39896,0.007623888182973326
2024-08-21,3970,3970,3920,3940,42767,-0.006305170239596425
2024-08-22,3945,3945,3890,3925,51153,-0.0038071065989847552
2024-08-23,3935,3935,3890,3935,25280,0.002547770700636942
2024-08-26,3940,3945,3890,3930,27706,-0.0012706480304955914
2024-08-27,3930,3930,3860,3920,44649,-0.0025445292620864812
2024-08-28,3910,3920,3845,3880,33560,-0.010204081632653073
2024-08-29,3840,3865,3795,3820,49014,-0.015463917525773141
2024-08-30,3805,3880,3805,3880,29400,0.015706806282722585
2024-09-02,3850,3905,3815,3880,27320,0.0
2024-09-03,3900,3925,3835,3840,46290,-0.010309278350515427
2024-09-04,3765,3800,3700,3740,76903,-0.02604166666666663
2024-09-05,3740,3830,3670,3720,54335,-0.005347593582887722
2024-09-06,3685,3720,3620,3690,45639,-0.008064516129032251
2024-09-09,3615,3720,3595,3700,31949,0.0027100271002709064
2024-09-10,3690,3745,3665,3690,30686,-0.002702702702702675
2024-09-11,3725,3725,3660,3700,20444,0.0027100271002709064
2024-09-12,3720,3745,3685,3740,22015,0.0108108108108107
2024-09-13,3740,3770,3690,3725,62499,-0.004010695187165791
2024-09-19,3770,3770,3705,3760,25876,0.00939597315436247
2024-09-20,3750,3845,3750,3800,59158,0.010638297872340496
2024-09-23,3790,3795,3730,3775,34806,-0.006578947368421018
2024-09-24,3775,3780,3735,3770,43890,-0.0013245033112583293
2024-09-25,3785,3980,3625,3785,174467,0.003978779840848823
2024-09-26,3790,3840,3780,3820,43546,0.009247027741083214
2024-09-27,3835,3865,3815,3850,26267,0.007853403141361293
2024-09-30,3855,3860,3800,3800,66565,-0.012987012987012991
2024-10-02,3785,3860,3745,3745,46247,-0.014473684210526305
2024-10-04,3740,3790,3740,3780,17750,0.009345794392523255
2024-10-07,3800,3810,3770,3805,21993,0.006613756613756516
2024-10-08,3775,3815,3775,3800,22707,-0.0013140604467805073
2024-10-10,3800,3825,3755,3800,45007,0.0
2024-10-11,3765,3820,3760,3805,28602,0.001315789473684159
2024-10-14,3820,3830,3770,3830,27527,0.006570302233902758
2024-10-15,3770,3825,3770,3805,35244,-0.00652741514360311
2024-10-16,3775,3820,3775,3805,14546,0.0
2024-10-17,3830,3915,3795,3905,85901,0.026281208935611033
2024-10-18,3905,3915,3840,3855,34487,-0.012804097311139517
2024-10-21,3855,3920,3855,3920,66866,0.016861219195849486
2024-10-22,3885,4015,3885,4010,113825,0.022959183673469497
2024-10-23,4000,4025,3965,4025,47207,0.0037406483790523026
2024-10-24,3990,4040,3975,4030,37152,0.001242236024844745
2024-10-25,4040,4120,3985,4030,103356,0.0
2024-10-28,4045,4060,3990,4005,28330,-0.006203473945409432
2024-10-29,4025,4075,3955,4005,54461,0.0
2024-10-30,4005,4015,3950,3985,26833,-0.004993757802746579
2024-10-31,3985,3990,3890,3990,35403,0.0012547051442910462
2024-11-01,3980,4045,3950,3990,24759,0.0
2024-11-04,3990,4035,3960,4035,34702,0.011278195488721776
2024-11-05,4040,4055,4010,4045,42325,0.0024783147459728205
2024-11-06,4050,4080,4020,4065,32340,0.0049443757725586845
2024-11-07,4085,4120,4050,4095,74914,0.007380073800737907
2024-11-08,4095,4130,4070,4115,51873,0.004884004884004867
2024-11-11,4085,4150,4045,4110,73620,-0.0012150668286755595
2024-11-12,4080,4120,3950,3985,82282,-0.03041362530413627
2024-11-13,3985,4005,3850,3935,37589,-0.012547051442910906
2024-11-14,3900,3960,3895,3960,31398,0.006353240152477735
2024-11-15,3940,3960,3845,3925,61413,-0.008838383838383868
2024-11-18,3935,3935,3760,3790,130125,-0.03439490445859872
2024-11-19,3790,3845,3770,3810,50074,0.005277044854881341
2024-11-20,3860,3860,3765,3790,43268,-0.005249343832021025
2024-11-21,3785,3790,3725,3775,37909,-0.00395778364116095
2024-11-22,3745,3840,3745,3785,48912,0.0026490066225166586
2024-11-25,3775,3865,3775,3825,63532,0.010568031704095038
2024-11-26,3820,3875,3780,3805,50926,-0.005228758169934622
2024-11-27,3800,3845,3765,3785,36394,-0.005256241787122251
2024-11-28,3785,3815,3765,3815,35542,0.00792602377807139
2024-11-29,3830,3830,3700,3745,101101,-0.01834862385321101
2024-12-02,3745,3785,3715,3735,32137,-0.002670226969292422
2024-12-03,3735,3785,3725,3780,56158,0.012048192771084265
2024-12-04,3675,3775,3670,3710,76448,-0.01851851851851849
2024-12-05,3745,3745,3650,3660,91085,-0.013477088948787075
2024-12-06,3625,3705,3560,3605,107377,-0.015027322404371546
2024-12-09,3530,3640,3450,3480,92268,-0.03467406380027738
2024-12-10,3450,3705,3450,3660,49472,0.051724137931034475
2024-12-11,3640,3805,3635,3760,51530,0.02732240437158473
2024-12-12,3775,3835,3725,3835,54242,0.019946808510638236
2024-12-13,3820,3840,3710,3725,176310,-0.028683181225554133
2024-12-16,3755,3790,3730,3780,55614,0.014765100671140896
2024-12-17,3750,3820,3750,3820,28015,0.010582010582010692
2024-12-18,3815,3855,3800,3840,45917,0.005235602094240788
2024-12-19,3815,3855,3800,3855,30096,0.00390625
2024-12-20,3850,3895,3805,3865,31760,0.0025940337224383825
2024-12-23,3855,3930,3855,3900,115421,0.009055627425614388
2024-12-24,3905,3930,3875,3900,41419,0.0
2024-12-26,3905,3935,3880,3920,58866,0.00512820512820511
2024-12-27,3820,3880,3740,3750,62366,-0.04336734693877553
2024-12-30,3750,3825,3715,3775,22748,0.006666666666666599
2025-01-02,3780,3795,3740,3760,22825,-0.003973509933774877
2025-01-03,3755,3780,3735,3750,31493,-0.0026595744680850686
2025-01-06,3760,3770,3720,3725,60186,-0.00666666666666671
2025-01-07,3720,3745,3690,3705,48532,-0.005369127516778538
2025-01-08,3705,3725,3665,3715,35367,0.0026990553306343035
2025-01-09,3715,3720,3685,3705,25765,-0.0026917900403768957
2025-01-10,3705,3710,3665,3705,29471,0.0
2025-01-13,3720,3740,3645,3700,40713,-0.0013495276653171517
2025-01-14,3705,3750,3680,3705,23200,0.0013513513513514486
2025-01-15,3705,3725,3680,3705,30283,0.0
2025-01-16,3700,3750,3685,3700,49780,-0.0013495276653171517
2025-01-17,3695,3735,3695,3725,47545,0.006756756756756799
2025-01-20,3730,3745,3690,3730,36442,0.0013422818791946067
2025-01-21,3700,3740,3700,3730,41075,0.0
2025-01-22,3735,3930,3730,3850,223169,0.03217158176943702
2025-01-23,3840,3860,3755,3770,70262,-0.020779220779220786
2025-01-24,3775,3920,3770,3910,122670,0.037135278514588865
2025-01-31,3890,3895,3810,3860,93260,-0.012787723785166238
2025-02-03,3840,3840,3665,3695,96093,-0.04274611398963735
2025-02-04,3700,3780,3695,3760,52061,0.017591339648173276
2025-02-05,3760,3765,3710,3740,33160,-0.005319148936170248
2025-02-06,3750,3775,3715,3750,40134,0.002673796791443861
2025-02-07,3725,3790,3710,3735,35934,-0.0040000000000000036
2025-02-10,3715,3735,3670,3720,95013,-0.004016064257028162
2025-02-11,3725,3725,3695,3710,24899,-0.0026881720430107503
2025-02-12,3725,3725,3685,3690,54418,-0.005390835579514808
2025-02-13,3700,3775,3690,3745,40481,0.01490514905149043
2025-02-14,3765,3765,3705,3705,38905,-0.010680907877169576
2025-02-17,3710,3780,3700,3760,71029,0.014844804318488558
2025-02-18,3740,3765,3735,3755,17436,-0.0013297872340425343
2025-02-19,3770,3845,3755,3770,91882,0.003994673768308976
2025-02-20,3760,3805,3740,3775,31554,0.0013262599469496816
2025-02-21,3765,3800,3765,3770,26840,-0.0013245033112583293
2025-02-24,3770,3780,3745,3770,18012,0.0
2025-02-25,3755,3790,3740,3765,29698,-0.0013262599469495706
2025-02-26,3750,3815,3745,3790,39286,0.006640106241699861
2025-02-27,3780,3800,3745,3765,33776,-0.006596306068601621
2025-02-28,3760,3760,3645,3705,86970,-0.015936254980079667
2025-03-04,3680,3700,3585,3655,79739,-0.013495276653171406
2025-03-05,3625,3700,3625,3685,74477,0.008207934336525335
2025-03-06,3690,3705,3660,3690,41584,0.0013568521031208647
2025-03-07,3690,3705,3665,3665,58890,-0.006775067750677488
2025-03-10,3650,3680,3630,3665,38819,0.0
2025-03-11,3615,3645,3580,3620,67097,-0.012278308321964526
2025-03-12,3640,3670,3620,3660,29500,0.011049723756906049
2025-03-13,3640,3670,3635,3655,34977,-0.001366120218579181
2025-03-14,3635,3665,3630,3650,18136,-0.001367989056087593
2025-03-17,3615,3680,3615,3655,32249,0.00136986301369868
2025-03-18,3650,3685,3650,3670,18534,0.004103967168262557
2025-03-19,3645,3680,3645,3660,30125,-0.0027247956403270157
2025-03-20,3660,3680,3630,3650,28257,-0.002732240437158473
2025-03-21,3630,3650,3620,3630,26175,-0.005479452054794498
2025-03-24,3620,3665,3610,3630,16121,0.0
2025-03-25,3620,3650,3590,3590,35311,-0.011019283746556474
2025-03-26,3585,3645,3585,3610,22698,0.0055710306406684396
2025-03-27,3600,3635,3595,3605,18796,-0.0013850415512465242
2025-03-28,3605,3620,3575,3595,23504,-0.00277392510402219
2025-03-31,3570,3595,3510,3545,43158,-0.013908205841446475
2025-04-01,3570,3590,3535,3555,38306,0.0028208744710860323
2025-04-02,3540,3565,3505,3540,31669,-0.00421940928270037
2025-04-03,3555,3555,3485,3535,31754,-0.0014124293785310327
2025-04-04,3505,3560,3500,3540,57155,0.0014144271570013522
2025-04-07,3520,3520,3280,3395,75147,-0.04096045197740117
2025-04-08,3415,3450,3395,3400,56299,0.0014727540500736325
2025-04-09,3360,3410,3310,3340,63087,-0.01764705882352946
2025-04-10,3395,3525,3395,3520,68469,0.05389221556886237
2025-04-11,3465,3555,3465,3555,36305,0.009943181818181879
2025-04-14,3530,3650,3530,3630,26934,0.021097046413502074
2025-04-15,3640,3650,3595,3635,31550,0.0013774104683195176
2025-04-16,3645,3655,3595,3610,29135,-0.00687757909215958
2025-04-17,3625,3660,3620,3655,27676,0.012465373961218829
2025-04-18,3655,3685,3645,3685,29417,0.008207934336525335
2025-04-21,3685,3690,3640,3650,20244,-0.009497964721845276
2025-04-22,3655,3695,3625,3685,47548,0.009589041095890316
2025-04-23,3695,3765,3695,3750,63156,0.01763907734056991
2025-04-24,3740,3765,3700,3750,56453,0.0
2025-04-25,3765,3785,3745,3765,61787,0.0040000000000000036
2025-04-28,3770,3790,3720,3735,48486,-0.007968127490039834
2025-04-29,3740,3845,3735,3835,42309,0.02677376171352086
2025-04-30,3835,3850,3775,3815,43520,-0.0052151238591916504
2025-05-02,3815,3820,3785,3800,37038,-0.003931847968545177
2025-05-07,3800,3820,3745,3765,79688,-0.009210526315789447
2025-05-08,3750,3815,3750,3805,32294,0.010624169986719778
2025-05-09,3805,3815,3780,3810,37624,0.0013140604467805073
2025-05-12,3810,3880,3810,3860,63792,0.013123359580052396
2025-05-13,3885,3885,3860,3880,40201,0.005181347150259086
2025-05-14,3880,3910,3870,3895,47197,0.0038659793814432852
2025-05-15,3920,3970,3895,3955,80917,0.015404364569961526
2025-05-16,3955,4070,3955,4045,127074,0.022756005056890016
2025-05-19,4095,4170,4055,4145,169980,0.024721878862793645
2025-05-20,4130,4250,4130,4175,115324,0.007237635705669376
2025-05-21,4185,4210,4115,4200,50006,0.0059880239520957446
2025-05-22,4165,4245,4160,4230,64393,0.0071428571428571175
2025-05-23,4230,4295,4210,4275,61450,0.010638297872340496
2025-05-26,4280,4285,4205,4215,61179,-0.01403508771929829
2025-05-27,4220,4230,4145,4215,80364,0.0
2025-05-28,4235,4320,4210,4300,95914,0.02016607354685651
2025-05-29,4300,4465,4300,4450,190161,0.03488372093023262
2025-05-30,4490,4525,4405,4460,142780,0.0022471910112360494
2025-06-02,4470,4585,4420,4545,159761,0.01905829596412567
2025-06-04,4545,4770,4545,4690,204763,0.03190319031903188
2025-06-05,4720,4925,4720,4900,249991,0.04477611940298498
2025-06-09,4960,5220,4955,5080,415551,0.03673469387755102
2025-06-10,5150,5350,5110,5210,432306,0.025590551181102317
2025-06-11,5210,5270,5120,5270,225909,0.011516314779270731
2025-06-12,5300,5300,5150,5150,174027,-0.022770398481973486
2025-06-13,5150,5180,4960,5170,260455,0.003883495145631022
2025-06-16,5180,5310,5090,5310,248218,0.027079303675048294
2025-06-17,5360,5390,5200,5330,175006,0.0037664783427495685
2025-06-18,5330,5380,5280,5330,94290,0.0
2025-06-19,5330,5370,5230,5340,91616,0.0018761726078799779
2025-06-20,5370,5430,5260,5300,113180,-0.0074906367041198685
2025-06-23,5260,5300,5100,5190,144890,-0.02075471698113207
2025-06-24,5210,5280,5150,5220,100389,0.005780346820809301
2025-06-25,5230,5260,5100,5200,116894,-0.003831417624521105
2025-06-26,5190,5210,4900,5030,179821,-0.03269230769230769
2025-06-27,5050,5380,4975,5150,397875,0.02385685884691857
2025-06-30,5190,5700,5150,5590,765342,0.08543689320388359
2025-07-01,5620,6030,5550,5900,840033,0.05545617173524153
2025-07-02,6230,6300,5630,6000,1182634,0.016949152542372836
2025-07-03,6000,6000,5500,5620,598895,-0.06333333333333335
2025-07-04,5650,5840,5600,5630,358409,0.001779359430605032
2025-07-07,5630,5860,5550,5800,219355,0.030195381882770933
2025-07-08,5780,6190,5740,6170,512146,0.06379310344827593
2025-07-09,6170,6290,6000,6180,356354,0.0016207455429497752
2025-07-10,6180,6290,6090,6280,226271,0.016181229773462702
2025-07-11,6230,6300,6040,6160,271345,-0.019108280254777066
2025-07-14,6160,6330,6100,6270,216005,0.017857142857142794
2025-07-15,6270,6510,6230,6470,414661,0.03189792663476876
2025-07-16,6480,6500,6310,6390,188986,-0.012364760432766575
2025-07-17,6430,6430,6070,6170,272339,-0.03442879499217533
2025-07-18,6170,6200,5900,6010,225375,-0.02593192868719607
2025-07-21,5800,5950,5730,5920,240243,-0.014975041597337757
2025-07-22,5930,5970,5780,5880,136527,-0.006756756756756799
2025-07-23,5880,5900,5670,5810,228643,-0.011904761904761862
2025-07-24,5830,5880,5790,5790,104320,-0.0034423407917383297
2025-07-25,5810,5880,5720,5790,111960,0.0
2025-07-28,5810,5810,5590,5620,207823,-0.029360967184801412
2025-07-29,5660,5920,5520,5870,272302,0.04448398576512447
2025-07-30,5870,5880,5750,5850,101062,-0.0034071550255536653
2025-07-31,5800,6040,5800,6020,211544,0.029059829059828957
2025-08-01,6050,6090,5840,6080,244947,0.009966777408637828
2025-08-04,6030,6170,5950,6030,234456,-0.008223684210526327
2025-08-05,6050,6120,5940,6030,122270,0.0
2025-08-06,5990,6040,5900,5970,103060,-0.00995024875621886
2025-08-07,5970,6080,5860,5950,112462,-0.00335008375209378
2025-08-08,5950,5960,5660,5830,105453,-0.020168067226890796
2025-08-11,5830,5900,5780,5800,83023,-0.005145797598627766
2025-08-12,5780,6000,5710,5770,91615,-0.005172413793103403
2025-08-13,5800,5860,5600,5670,117207,-0.017331022530329254
2025-08-14,5680,5710,5550,5610,91771,-0.010582010582010581
2025-08-18,5650,5660,5510,5560,59580,-0.0089126559714795
2025-08-19,5540,5590,5400,5490,82232,-0.01258992805755399
2025-08-20,5420,5490,5200,5380,119718,-0.02003642987249543
2025-08-21,5370,5500,5370,5470,60284,0.016728624535315983
2025-08-22,5470,5580,5450,5530,66832,0.010968921389396646
2025-08-25,5580,5590,5490,5520,64156,-0.001808318264014508
2025-08-26,5540,5540,5400,5500,80544,-0.0036231884057971175
2025-08-27,5480,5540,5360,5400,150758,-0.018181818181818188
2025-08-28,5420,5730,5360,5650,161951,0.04629629629629628
2025-08-29,5670,5900,5650,5840,257074,0.03362831858407089
2025-09-01,5870,5880,5530,5540,200317,-0.05136986301369861
2025-09-02,5540,5560,5340,5400,102736,-0.02527075812274371
2025-09-03,5370,5520,5320,5430,89864,0.005555555555555536
2025-09-04,5440,5520,5360,5420,61420,-0.0018416206261510082
2025-09-05,5390,5590,5360,5540,150273,0.022140221402213944
2025-09-08,5520,5560,5390,5480,57482,-0.010830324909747335
2025-09-09,5470,5630,5420,5630,109099,0.027372262773722733
2025-09-10,5580,5850,5580,5780,178961,0.026642984014209503
2025-09-11,5760,5780,5630,5710,132282,-0.01211072664359858
2025-09-12,5720,5740,5570,5650,100102,-0.010507880910682998
2025-09-15,5690,5840,5670,5720,137554,0.012389380530973382
2025-09-16,5750,5790,5630,5700,85007,-0.0034965034965035446
2025-09-17,5700,5710,5540,5590,56343,-0.019298245614035037
2025-09-18,5580,5670,5520,5670,68545,0.014311270125223707
2025-09-19,5670,5670,5490,5550,65496,-0.021164021164021163
2025-09-22,5540,5580,5410,5450,85927,-0.018018018018018056
2025-09-23,5460,5620,5460,5490,59361,0.007339449541284404
2025-09-24,5510,5520,5400,5460,45637,-0.005464480874316946
2025-09-25,5460,5460,5330,5380,123588,-0.0146520146520146
2025-09-26,5390,5400,5290,5350,81877,-0.005576208178438624
2025-09-29,5320,5430,5320,5410,45410,0.01121495327102795
2025-09-30,5410,5490,5400,5460,37561,0.009242144177449063
2025-10-01,5440,5490,5430,5490,32924,0.005494505494505475
2025-10-02,5440,5580,5440,5530,68337,0.007285974499089187
2025-10-10,5500,5650,5500,5640,137625,0.019891500904159143
2025-10-13,5520,6230,5520,5950,1002555,0.054964539007092306
2025-10-14,5950,6210,5920,6100,454714,0.025210084033613356
2025-10-15,6100,6420,6070,6390,346000,0.04754098360655745
2025-10-16,6410,6410,6230,6330,168937,-0.009389671361502372
2025-10-17,6330,6340,6070,6090,199793,-0.03791469194312791
2025-10-20,6100,6340,6100,6280,187363,0.031198686371100237
2025-10-21,6330,6360,6180,6250,122142,-0.004777070063694322
2025-10-22,6260,6340,6120,6340,117885,0.014399999999999968
2025-10-23,6340,6370,6160,6240,112359,-0.01577287066246058
2025-10-24,6250,6660,6250,6550,689206,0.049679487179487225
2025-10-27,6590,6640,6170,6290,391872,-0.03969465648854964
2025-10-28,6290,6460,6240,6440,201028,0.0238473767885532
2025-10-29,6450,6610,6360,6560,192798,0.01863354037267073
2025-10-30,6570,7100,6450,6750,731049,0.028963414634146423
2025-10-31,6740,7090,6600,7000,425644,0.03703703703703698
2025-11-03,7080,7300,6860,7200,507121,0.02857142857142847
2025-11-04,7210,7440,7100,7250,358559,0.00694444444444442
2025-11-05,7200,7200,6760,6960,241880,-0.040000000000000036
2025-11-06,7030,7230,6880,7000,237782,0.005747126436781658
2025-11-07,6900,7320,6890,7240,319918,0.03428571428571425
2025-11-10,7270,7640,7270,7600,433938,0.04972375690607733
2025-11-11,7680,8140,7640,8070,717869,0.06184210526315792
2025-11-12,8090,8130,7870,8050,599048,-0.0024783147459727095
2025-11-13,8050,8060,7630,7910,419773,-0.017391304347826098
2025-11-14,7660,7810,7250,7440,394312,-0.05941845764854614
2025-11-17,7470,8030,7470,7980,284038,0.07258064516129026
2025-11-18,7890,8190,7840,8000,380156,0.0025062656641603454
2025-11-19,8030,8180,7660,7910,293650,-0.011249999999999982
2025-11-20,8050,8310,8020,8230,300419,0.04045512010113783
2025-11-21,8060,8060,7650,7670,264348,-0.06804374240583233
2025-11-24,7680,7720,7440,7510,162819,-0.020860495436766602
2025-11-25,7580,7770,7340,7430,181529,-0.010652463382157085
2025-11-26,7460,7500,6980,7090,448054,-0.04576043068640645
2025-11-27,7120,7180,6880,6970,428157,-0.016925246826516194
2025-11-28,6970,7050,6880,7000,222214,0.004304160688665792
2025-12-01,7050,7060,6830,6890,281471,-0.01571428571428568
