Date,Open,High,Low,Close,Volume,Change
2022-01-03,107000,108500,105500,105500,36810,-0.014018691588784993
2022-01-04,105500,106500,103500,104000,38240,-0.014218009478673022
2022-01-05,104500,106000,102500,103500,23611,-0.004807692307692291
2022-01-06,101500,102500,99100,99600,77542,-0.03768115942028982
2022-01-07,99600,103500,99600,103000,26985,0.034136546184738936
2022-01-10,103500,103500,101000,102500,12932,-0.004854368932038833
2022-01-11,102000,102000,99300,99900,22993,-0.025365853658536608
2022-01-12,100500,102500,100000,100000,16090,0.0010010010010010895
2022-01-13,100500,100500,99800,100000,15579,0.0
2022-01-14,99700,101000,99200,99300,31738,-0.007000000000000006
2022-01-17,99700,100500,96900,97000,31884,-0.023162134944612278
2022-01-18,97100,97900,93700,94700,37923,-0.023711340206185594
2022-01-19,92800,94700,90900,91500,61793,-0.03379091869060191
2022-01-20,91300,93300,89100,89400,57560,-0.022950819672131195
2022-01-21,88400,89400,85200,87400,66413,-0.022371364653243853
2022-01-24,87400,87800,85000,85100,24158,-0.02631578947368418
2022-01-25,84800,85400,80800,81100,48492,-0.047003525264394774
2022-01-26,81100,83000,81100,81500,20805,0.004932182490752224
2022-01-27,80200,82000,78400,78600,34152,-0.03558282208588959
2022-01-28,78800,81100,78100,80600,22302,0.025445292620865034
2022-02-03,81200,83000,81200,82100,12581,0.018610421836228186
2022-02-04,81500,82600,81300,82500,9369,0.004872107186357999
2022-02-07,82900,82900,80000,81100,21059,-0.016969696969696968
2022-02-08,81200,82400,80500,80900,18223,-0.002466091245376112
2022-02-09,82200,90300,81500,85700,114550,0.05933250927070466
2022-02-10,86000,87200,85200,85800,36566,0.001166861143523823
2022-02-11,85500,87300,84600,85700,33020,-0.0011655011655011815
2022-02-14,84700,85000,82700,83000,16687,-0.031505250875145885
2022-02-15,83000,84200,81300,82600,13049,-0.004819277108433773
2022-02-16,83000,84000,82400,83000,17907,0.004842615012106588
2022-02-17,83000,84200,82300,83000,19434,0.0
2022-02-18,82600,84400,82400,84000,16142,0.012048192771084265
2022-02-21,83900,85100,82500,84500,11951,0.005952380952380931
2022-02-22,83100,84000,83000,83400,8542,-0.013017751479289963
2022-02-23,83400,84100,82700,83200,14106,-0.0023980815347721673
2022-02-24,83200,83400,81400,81900,14867,-0.015625
2022-02-25,82500,83400,82400,82500,11430,0.0073260073260073
2022-02-28,82500,83900,81900,83100,9489,0.0072727272727273196
2022-03-02,83300,83900,82600,83000,15902,-0.001203369434416346
2022-03-03,83100,84800,83100,84700,13474,0.02048192771084345
2022-03-04,84800,84800,83300,83800,9499,-0.010625737898465215
2022-03-07,82700,83700,81800,81900,10755,-0.022673031026252954
2022-03-08,81400,81700,80000,81000,11863,-0.01098901098901095
2022-03-10,83800,85100,83500,83800,20645,0.03456790123456788
2022-03-11,84100,84400,83400,84100,11143,0.0035799522673030104
2022-03-14,83500,86200,83500,84800,16040,0.00832342449464929
2022-03-15,84500,85000,84000,84100,9014,-0.008254716981132115
2022-03-16,84300,86000,84200,85500,15477,0.016646848989298357
2022-03-17,86500,86900,86100,86500,13712,0.011695906432748648
2022-03-18,86600,87000,86100,86300,18124,-0.0023121387283236983
2022-03-21,86400,89200,86400,88500,23475,0.02549246813441486
2022-03-22,88900,90300,88700,89400,17775,0.01016949152542379
2022-03-23,89400,91000,89400,91000,13099,0.017897091722595126
2022-03-24,91000,92700,90600,92200,19517,0.01318681318681314
2022-03-25,92400,93300,88500,89100,42064,-0.033622559652928374
2022-03-28,89200,89500,88000,89200,14741,0.001122334455667895
2022-03-29,89000,90900,89000,90300,9722,0.012331838565022402
2022-03-30,90400,92200,90200,91800,17752,0.01661129568106312
2022-03-31,91900,93300,91700,92700,11974,0.009803921568627416
2022-04-01,92800,93100,91900,92900,12687,0.0021574973031284195
2022-04-04,92800,93900,92700,93900,12263,0.010764262648008671
2022-04-05,94000,95300,93900,94200,23567,0.0031948881789136685
2022-04-06,94100,96300,93900,96200,32158,0.02123142250530785
2022-04-07,96200,96200,93600,95300,34730,-0.009355509355509328
2022-04-08,95800,96300,95000,96200,14439,0.009443861490031402
2022-04-11,96100,96700,95400,96700,21292,0.005197505197505281
2022-04-12,96400,96500,95200,95600,23295,-0.011375387797311287
2022-04-13,95600,96400,95100,96000,10152,0.004184100418409997
2022-04-14,96000,97200,96000,97000,10253,0.01041666666666674
2022-04-15,97000,97300,96500,97000,11270,0.0
2022-04-18,97300,97300,96100,96500,8153,-0.005154639175257714
2022-04-19,96500,97300,96500,97000,10960,0.005181347150259086
2022-04-20,97000,97200,96200,96400,10128,-0.006185567010309256
2022-04-21,96500,96900,95500,96900,14147,0.005186721991701226
2022-04-22,96500,97000,95900,96700,9215,-0.0020639834881320818
2022-04-25,96000,96500,95200,95200,13762,-0.015511892450879028
2022-04-26,95300,95800,95000,95000,12599,-0.0021008403361344463
2022-04-27,93000,94000,92300,92800,19283,-0.023157894736842155
2022-04-28,93400,94400,92800,94100,10108,0.014008620689655249
2022-04-29,94200,95600,93800,95300,12062,0.012752391073326264
2022-05-02,93700,95400,93700,95300,10119,0.0
2022-05-03,95300,95500,90100,94700,8531,-0.006295907660020972
2022-05-04,95100,97300,94900,96800,18944,0.022175290390707536
2022-05-06,96800,96800,95500,95600,18122,-0.012396694214875992
2022-05-09,95200,95900,94000,94400,21470,-0.012552301255230103
2022-05-10,93400,95300,92600,94900,20024,0.005296610169491567
2022-05-11,94900,95400,94700,95100,7080,0.0021074815595363283
2022-05-12,95000,95000,93100,94400,11814,-0.007360672975814886
2022-05-13,94400,95700,94400,95300,5880,0.009533898305084776
2022-05-16,94700,101000,94700,96400,21224,0.011542497376705096
2022-05-17,96100,97400,95400,97000,16090,0.006224066390041472
2022-05-18,97500,98000,96900,96900,13537,-0.0010309278350515427
2022-05-19,95200,96500,95200,96200,8071,-0.007223942208462342
2022-05-20,96200,96800,96100,96600,7065,0.004158004158004047
2022-05-23,96700,96800,96000,96500,6674,-0.0010351966873706209
2022-05-24,96500,96800,95200,95400,6592,-0.011398963730569922
2022-05-25,95400,96100,95200,95600,6169,0.002096436058700135
2022-05-26,96400,96400,95300,95700,3993,0.0010460251046024993
2022-05-27,96200,96700,95700,96600,6192,0.00940438871473348
2022-05-30,96800,97600,96700,97200,6592,0.006211180124223503
2022-05-31,97200,97900,97200,97500,4955,0.0030864197530864335
2022-06-02,97500,97500,97100,97400,3701,-0.0010256410256410664
2022-06-03,97500,97700,97200,97500,7026,0.0010266940451746365
2022-06-07,97900,97900,97400,97500,8411,0.0
2022-06-08,97500,98000,97500,97600,7845,0.0010256410256410664
2022-06-09,97000,99400,97000,99000,11843,0.014344262295082011
2022-06-10,98400,100500,98400,99600,14111,0.0060606060606061
2022-06-13,99400,99400,97400,98200,17181,-0.014056224899598346
2022-06-14,97000,97600,95000,96000,21790,-0.022403258655804503
2022-06-15,96000,97000,94600,95600,14152,-0.004166666666666652
2022-06-16,95600,97100,95000,95400,7566,-0.0020920502092049986
2022-06-17,93500,95700,93500,95200,8700,-0.002096436058700246
2022-06-20,95600,95700,91800,91800,13252,-0.0357142857142857
2022-06-21,91800,92900,91700,92100,5757,0.0032679738562091387
2022-06-22,92500,92600,88400,88600,13587,-0.03800217155266017
2022-06-23,88600,89700,85700,85800,15874,-0.03160270880361171
2022-06-24,84800,89300,84800,89300,10125,0.04079254079254069
2022-06-27,91800,91800,89200,90900,6218,0.01791713325867872
2022-06-28,90900,91300,90100,91000,4976,0.0011001100110010764
2022-06-29,90200,90800,90000,90600,3772,-0.00439560439560438
2022-06-30,90600,90600,88700,89200,6157,-0.015452538631346546
2022-07-01,88800,89900,87500,88300,8227,-0.010089686098654682
2022-07-04,88300,89900,87000,87300,6946,-0.011325028312570762
2022-07-05,86500,88700,86500,88300,3139,0.01145475372279492
2022-07-06,87600,88500,87300,87400,5473,-0.010192525481313663
2022-07-07,87300,88800,87000,87400,9871,0.0
2022-07-08,88200,88300,87200,87600,6480,0.0022883295194509046
2022-07-11,87500,87500,84600,84900,21725,-0.03082191780821919
2022-07-12,84800,84800,80600,81200,25271,-0.043580683156654865
2022-07-13,81400,82700,81400,81700,11544,0.006157635467980205
2022-07-14,81000,81900,80600,81100,14510,-0.007343941248470043
2022-07-15,81100,81100,78400,80200,17691,-0.011097410604192337
2022-07-18,81200,87000,81100,83300,8005,0.03865336658354113
2022-07-19,83800,83800,82600,83000,5094,-0.0036014405762304635
2022-07-20,84200,84600,83400,83900,6298,0.010843373493975905
2022-07-21,84400,84400,83900,84200,3941,0.0035756853396902155
2022-07-22,83900,84400,83400,83400,7085,-0.009501187648456089
2022-07-25,83400,84300,83200,84300,5490,0.010791366906474753
2022-07-26,84000,85200,83800,85000,3323,0.008303677342823335
2022-07-27,85000,85200,84600,85100,4975,0.0011764705882353343
2022-07-28,85800,85800,85200,85400,3970,0.003525264394829586
2022-07-29,86200,87400,85600,87300,7395,0.022248243559718883
2022-08-01,87300,88700,87200,88700,8511,0.016036655211912887
2022-08-02,88300,88600,88000,88100,5636,-0.006764374295377684
2022-08-03,88100,89000,87700,88700,8419,0.006810442678774065
2022-08-04,88300,89200,88300,89000,3605,0.0033821871476888976
2022-08-05,89300,89400,88400,89000,4833,0.0
2022-08-08,89000,89000,88500,88900,5248,-0.0011235955056180247
2022-08-09,88900,89300,88700,89100,4008,0.0022497187851517886
2022-08-10,89400,90800,89100,89400,12963,0.0033670033670034627
2022-08-11,89500,91000,89500,90700,8082,0.014541387024608499
2022-08-12,90800,92800,90600,92000,12465,0.014332965821389099
2022-08-16,92500,93500,92300,93400,7286,0.01521739130434785
2022-08-17,92400,94100,92400,93300,8775,-0.0010706638115631772
2022-08-18,93600,94000,92000,93800,6456,0.005359056806002238
2022-08-19,93800,94100,93400,93600,4564,-0.002132196162046962
2022-08-22,93100,93100,91000,92100,8734,-0.01602564102564108
2022-08-23,91100,92400,90100,91300,7962,-0.008686210640608039
2022-08-24,92000,93600,91300,93400,10435,0.02300109529025196
2022-08-25,93800,94200,92800,93500,22425,0.0010706638115631772
2022-08-26,94400,94400,92600,92900,4149,-0.0064171122994652885
2022-08-29,92000,92000,90900,91800,8968,-0.011840688912809427
2022-08-30,91800,93200,91800,92400,4870,0.006535947712418277
2022-08-31,92400,93500,91800,92900,4226,0.005411255411255311
2022-09-01,92900,92900,91500,92100,4741,-0.008611410118406937
2022-09-02,92100,92100,91100,91700,8938,-0.004343105320304019
2022-09-05,90500,92900,90500,91900,3580,0.0021810250817884125
2022-09-06,92000,92600,91900,92100,3808,0.0021762785636560977
2022-09-07,92100,92100,90900,90900,5193,-0.013029315960912058
2022-09-08,91700,91700,90500,91000,6824,0.0011001100110010764
2022-09-13,91100,92800,91100,91700,5285,0.007692307692307665
2022-09-14,90700,91500,90600,91500,4960,-0.0021810250817884125
2022-09-15,91700,91700,91000,91000,5281,-0.005464480874316946
2022-09-16,90800,91300,90600,90900,8342,-0.001098901098901095
2022-09-19,91000,91300,89900,90400,6883,-0.005500550055005493
2022-09-20,90500,91600,90000,90400,9145,0.0
2022-09-21,91100,91100,89900,90200,4866,-0.0022123893805309214
2022-09-22,90200,90200,88300,89500,7099,-0.0077605321507761005
2022-09-23,89100,90000,87300,87400,5607,-0.02346368715083802
2022-09-26,87400,87400,84200,84200,9290,-0.03661327231121281
2022-09-27,84200,85000,83000,83800,6821,-0.004750593824228044
2022-09-28,82500,84000,81200,81900,10026,-0.022673031026252954
2022-09-29,82100,84700,82100,83500,4991,0.019536019536019467
2022-09-30,81000,84300,81000,83100,8198,-0.004790419161676662
2022-10-04,84500,84800,83500,84500,5078,0.016847172081829065
2022-10-05,85600,85600,83200,83700,3295,-0.009467455621301801
2022-10-06,83600,85800,83600,85600,5252,0.022700119474313052
2022-10-07,85600,89000,84700,89000,10947,0.03971962616822422
2022-10-11,88000,88400,86600,86700,5280,-0.025842696629213457
2022-10-12,86700,87800,86000,87000,4236,0.0034602076124568004
2022-10-13,87000,87200,84000,84200,6424,-0.03218390804597704
2022-10-14,85400,87600,85200,86600,7746,0.028503562945368266
2022-10-17,86300,87500,85000,86500,3750,-0.0011547344110854896
2022-10-18,87000,87900,85900,86500,6003,0.0
2022-10-19,86400,87200,86100,86400,5343,-0.0011560693641619046
2022-10-20,86600,87100,86100,86400,2711,0.0
2022-10-21,86600,86600,85600,86000,2884,-0.00462962962962965
2022-10-24,86300,87400,86000,86200,3007,0.0023255813953488857
2022-10-25,86800,86800,85700,85700,3163,-0.0058004640371229765
2022-10-26,85800,86600,85600,86000,4004,0.003500583430571691
2022-10-27,86000,86700,86000,86700,2602,0.008139534883720989
2022-10-28,86700,86700,86100,86300,2159,-0.0046136101499423265
2022-10-31,86800,87100,86400,87000,2379,0.008111239860950192
2022-11-01,87100,88900,87100,87700,2810,0.008045977011494232
2022-11-02,87700,88800,87500,88600,7017,0.010262257696693311
2022-11-03,88600,88800,88000,88600,4403,0.0
2022-11-04,88600,88700,87800,87900,6693,-0.007900677200902928
2022-11-07,87800,91800,87800,90700,16015,0.03185437997724683
2022-11-08,90700,91400,90400,90700,4314,0.0
2022-11-09,90700,90900,90400,90500,4630,-0.0022050716648290836
2022-11-10,90500,91200,90100,90100,8700,-0.0044198895027623974
2022-11-11,91200,91800,90900,91000,5180,0.009988901220865598
2022-11-14,91000,94000,90600,93300,13927,0.025274725274725185
2022-11-15,93300,94000,93000,93500,3600,0.002143622722400762
2022-11-16,94000,94000,91800,92400,8329,-0.0117647058823529
2022-11-17,92600,92600,91300,91700,4558,-0.007575757575757569
2022-11-18,91700,92300,91400,91400,2147,-0.0032715376226826187
2022-11-21,91200,91200,90200,90900,5174,-0.005470459518599591
2022-11-22,91200,91200,89900,90100,3743,-0.008800880088008833
2022-11-23,90100,90800,90100,90400,2009,0.0033296337402886067
2022-11-24,90700,91000,90000,91000,6381,0.006637168141592875
2022-11-25,91000,91400,90900,91200,1345,0.00219780219780219
2022-11-28,91400,91500,90600,91200,2995,0.0
2022-11-29,91200,92500,90900,92200,5182,0.010964912280701844
2022-11-30,92200,94500,91500,94200,7658,0.021691973969631295
2022-12-01,93800,94200,93400,93900,4254,-0.0031847133757961776
2022-12-02,94300,94500,92500,93600,6578,-0.0031948881789137795
2022-12-05,93600,94400,93000,93300,4838,-0.0032051282051281937
2022-12-06,93500,93500,92300,92700,4955,-0.006430868167202619
2022-12-07,92700,93300,92000,92600,3138,-0.0010787486515642097
2022-12-08,91600,92700,91100,91200,8251,-0.015118790496760237
2022-12-09,91600,94400,91300,94300,23850,0.033991228070175517
2022-12-12,94300,94400,93200,94000,3553,-0.0031813361611876534
2022-12-13,93500,94200,93200,93600,4136,-0.004255319148936176
2022-12-14,93600,94000,93300,93800,3538,0.002136752136752129
2022-12-15,93500,93800,92700,92900,5392,-0.009594882729211052
2022-12-16,92900,92900,91600,92200,3023,-0.00753498385360607
2022-12-19,92500,93100,92200,92700,2398,0.005422993492407713
2022-12-20,92400,92900,92300,92400,3711,-0.003236245954692518
2022-12-21,92400,92700,92300,92500,4358,0.0010822510822510178
2022-12-22,92500,93000,92400,92500,5944,0.0
2022-12-23,92700,92700,91800,92200,9325,-0.00324324324324321
2022-12-26,92500,92500,91000,91400,22613,-0.008676789587852451
2022-12-27,91400,92100,91400,92000,39321,0.006564551422319376
2022-12-28,85200,85200,83500,83700,32462,-0.0902173913043478
2022-12-29,83700,83700,81000,81000,19681,-0.032258064516129004
2023-01-02,81000,81500,76300,77100,14342,-0.04814814814814816
2023-01-03,77200,77200,74800,76700,12569,-0.005188067444876765
2023-01-04,76900,78700,76400,78200,4349,0.019556714471968606
2023-01-05,78200,80800,77200,80100,5776,0.024296675191815886
2023-01-06,80200,80600,76200,80500,4230,0.004993757802746579
2023-01-09,80500,83000,80500,82800,14648,0.02857142857142847
2023-01-10,81500,83000,81500,82500,4899,-0.0036231884057971175
2023-01-11,82900,82900,82100,82500,3918,0.0
2023-01-12,83200,83200,82000,82400,3097,-0.00121212121212122
2023-01-13,82400,82500,81500,81700,5957,-0.008495145631068013
2023-01-16,81700,82700,81600,82200,9450,0.006119951040391758
2023-01-17,82200,82800,81700,81900,6145,-0.0036496350364964014
2023-01-18,81900,81900,80800,81800,4762,-0.0012210012210012167
2023-01-19,81400,82000,81100,81800,7200,0.0
2023-01-20,81200,81800,80800,81300,4237,-0.006112469437652757
2023-01-25,81000,81700,80900,81600,7616,0.0036900369003689537
2023-01-26,81700,81700,80500,81000,5714,-0.007352941176470562
2023-01-27,81100,81700,80500,81000,13829,0.0
2023-01-30,81100,81600,80600,80700,7247,-0.0037037037037036535
2023-01-31,80400,81000,79600,80000,13783,-0.008674101610904539
2023-02-01,80100,80600,79800,80100,5918,0.0012499999999999734
2023-02-02,80300,80500,79300,79500,10763,-0.0074906367041198685
2023-02-03,79500,79800,78900,79300,7498,-0.002515723270440251
2023-02-06,79100,80600,78800,80600,8193,0.016393442622950838
2023-02-07,80600,80600,79800,80000,3489,-0.007444168734491274
2023-02-08,80300,80500,79700,80000,3366,0.0
2023-02-09,80000,80100,78600,78800,13610,-0.015000000000000013
2023-02-10,78000,78700,77500,78300,8875,-0.006345177664974666
2023-02-13,78600,79100,77800,78100,5167,-0.0025542784163473664
2023-02-14,78100,78600,77700,77800,6006,-0.003841229193341844
2023-02-15,77300,78000,76900,77300,8539,-0.006426735218509005
2023-02-16,77300,77600,76400,76600,14989,-0.009055627425614499
2023-02-17,76700,77900,76200,77500,6084,0.011749347258485532
2023-02-20,77600,80500,76500,80200,16709,0.03483870967741942
2023-02-21,80300,82200,80000,81500,24804,0.016209476309226867
2023-02-22,81000,81500,80000,80500,8496,-0.012269938650306789
2023-02-23,80200,81300,79500,80700,9290,0.00248447204968949
2023-02-24,80700,81100,80100,80800,9501,0.0012391573729864103
2023-02-27,81100,81600,79900,80300,7571,-0.006188118811881194
2023-02-28,80300,80800,79700,80800,11748,0.0062266500622665255
2023-03-02,80800,82900,80800,82700,35289,0.023514851485148425
2023-03-03,82900,83000,81300,82300,10441,-0.0048367593712213
2023-03-06,82300,82300,80500,81000,6843,-0.015795868772782495
2023-03-07,81000,81100,80100,80300,5048,-0.00864197530864197
2023-03-08,80300,80300,79000,79400,6955,-0.011207970112079746
2023-03-09,80500,80500,79400,79800,5887,0.005037783375314797
2023-03-10,79800,79800,77600,77900,10789,-0.023809523809523836
2023-03-13,77700,78000,76500,77900,7328,0.0
2023-03-14,77200,77800,75200,75400,12223,-0.03209242618741981
2023-03-15,76400,76400,74900,75200,7826,-0.0026525198938992522
2023-03-16,74900,75700,72200,74200,5685,-0.013297872340425565
2023-03-17,74900,74900,72600,73900,11593,-0.0040431266846361336
2023-03-20,74000,75600,73800,74800,14084,0.012178619756427533
2023-03-21,75500,75500,74000,74500,4115,-0.004010695187165791
2023-03-22,75400,75400,73800,74300,5980,-0.0026845637583892135
2023-03-23,73000,74200,73000,74000,8694,-0.004037685060565233
2023-03-24,74000,74000,73000,73100,8455,-0.012162162162162149
2023-03-27,72800,73100,72100,72400,9544,-0.009575923392612817
2023-03-28,71700,73200,71700,73100,3334,0.00966850828729271
2023-03-29,73700,74900,73200,73500,5080,0.00547195622435015
2023-03-30,73500,73600,72800,72800,8614,-0.00952380952380949
2023-03-31,73100,73700,72700,73400,12477,0.008241758241758212
2023-04-03,74000,74000,72600,72900,7832,-0.006811989100817484
2023-04-04,72900,73600,72600,73000,6607,0.00137174211248281
2023-04-05,73000,73400,72200,72600,11995,-0.005479452054794498
2023-04-06,72800,72800,71700,72100,7972,-0.00688705234159781
2023-04-07,72000,72600,71700,72400,6420,0.004160887656033285
2023-04-10,72400,72400,71600,72000,9687,-0.0055248618784530246
2023-04-11,71900,72300,71400,72000,14472,0.0
2023-04-12,72000,72200,71200,71500,23977,-0.00694444444444442
2023-04-13,71500,71800,71100,71400,21762,-0.0013986013986013734
2023-04-14,71800,72600,71200,72600,12325,0.01680672268907557
2023-04-17,72700,72900,71500,71800,16622,-0.011019283746556474
2023-04-18,71900,72000,71300,71800,8152,0.0
2023-04-19,71900,71900,71300,71400,13109,-0.005571030640668551
2023-04-20,71400,71700,71200,71200,10571,-0.0028011204481792618
2023-04-21,71300,71900,70300,70900,23413,-0.004213483146067398
2023-04-24,70900,71400,70900,71200,5258,0.004231311706629048
2023-04-25,71300,71600,70400,70600,13300,-0.008426966292134797
2023-04-26,70600,70600,69700,70000,22740,-0.008498583569405138
2023-04-27,69400,70400,69300,70200,8242,0.0028571428571428914
2023-04-28,70200,70600,69500,69900,19242,-0.004273504273504258
2023-05-02,69600,71700,69600,71100,9990,0.01716738197424883
2023-05-03,71000,71300,69900,70500,10379,-0.008438818565400852
2023-05-04,70400,70800,69900,70400,4024,-0.0014184397163120588
2023-05-08,71000,71400,70500,71400,6301,0.014204545454545414
2023-05-09,71400,71500,70800,71200,7362,-0.0028011204481792618
2023-05-10,71200,71200,70000,70400,7221,-0.011235955056179803
2023-05-11,70400,70900,70300,70500,3229,0.0014204545454545858
2023-05-12,70000,70600,69700,70000,8034,-0.007092198581560294
2023-05-15,70000,70100,69600,69900,5073,-0.0014285714285714457
2023-05-16,69900,69900,69600,69700,6042,-0.0028612303290415086
2023-05-17,69900,69900,69300,69500,15010,-0.0028694404591105283
2023-05-18,69500,69800,69200,69700,6231,0.0028776978417266452
2023-05-19,70000,70000,69600,70000,8603,0.004304160688665792
2023-05-22,70000,70600,69300,69400,20271,-0.008571428571428563
2023-05-23,69500,70000,69300,69500,11948,0.0014409221902016434
2023-05-24,69500,69600,69200,69500,10153,0.0
2023-05-25,69700,69700,69100,69400,8016,-0.0014388489208633226
2023-05-26,69100,69500,68900,69000,8685,-0.0057636887608069065
2023-05-30,69200,69300,67100,67200,28371,-0.02608695652173909
2023-05-31,67400,67400,66000,66000,23517,-0.017857142857142905
2023-06-01,66000,66300,65400,65700,16107,-0.004545454545454519
2023-06-02,66000,66500,65800,66300,8375,0.009132420091324311
2023-06-05,66500,67900,66500,67600,12439,0.019607843137254832
2023-06-07,68000,68200,67400,67500,14449,-0.0014792899408283544
2023-06-08,67500,68000,67100,67700,8093,0.002962962962963056
2023-06-09,67800,67900,67100,67100,8604,-0.008862629246676468
2023-06-12,67100,67500,66700,66800,5310,-0.0044709388971684305
2023-06-13,67300,67300,66100,66400,8401,-0.005988023952095856
2023-06-14,66800,67400,66400,66600,6904,0.003012048192771122
2023-06-15,66700,67000,64200,64700,28657,-0.028528528528528496
2023-06-16,65300,65300,64600,64800,10376,0.0015455950540959051
2023-06-19,64800,65400,64700,65200,5791,0.006172839506172867
2023-06-20,65400,69500,65300,69400,42432,0.0644171779141105
2023-06-21,69000,69300,67600,68200,10697,-0.01729106628242072
2023-06-22,68500,69200,68000,68200,9000,0.0
2023-06-23,68300,68600,67100,67600,5527,-0.008797653958944274
2023-06-26,67600,67900,66500,67800,4301,0.002958579881656709
2023-06-27,67700,69500,67400,68800,9639,0.014749262536873253
2023-06-28,69200,69200,68500,68800,3049,0.0
2023-06-29,69000,69000,67100,67400,6538,-0.02034883720930236
2023-06-30,67900,67900,66400,67200,4737,-0.0029673590504450953
2023-07-03,66600,67300,66000,67300,5698,0.0014880952380953438
2023-07-04,67400,67400,66200,66500,7503,-0.011887072808320909
2023-07-05,66800,66900,65600,65800,6200,-0.010526315789473717
2023-07-06,65800,65800,64400,65100,8653,-0.010638297872340385
2023-07-07,65100,65100,63000,63500,11405,-0.02457757296466978
2023-07-10,63500,64400,63000,63800,6018,0.0047244094488188
2023-07-11,63200,64100,63200,63900,3927,0.0015673981191222097
2023-07-12,63400,64200,63400,63900,3115,0.0
2023-07-13,64400,64400,63900,64400,3269,0.00782472613458518
2023-07-14,64000,65300,63800,65300,7125,0.013975155279503104
2023-07-17,65300,65400,64700,65000,3574,-0.004594180704441064
2023-07-18,65000,65400,64500,64700,3995,-0.004615384615384577
2023-07-19,64600,64600,64000,64200,7007,-0.007727975270479082
2023-07-20,64400,64400,63600,64000,3747,-0.0031152647975077885
2023-07-21,64000,64000,63300,63400,5418,-0.009375000000000022
2023-07-24,63200,63200,61400,61900,16094,-0.023659305993690816
2023-07-25,61400,61900,60600,61600,12330,-0.004846526655896577
2023-07-26,61600,61600,59000,59900,23447,-0.02759740259740262
2023-07-27,59000,61300,59000,61100,7102,0.02003338898163598
2023-07-28,60400,61300,59900,61300,4876,0.003273322422258529
2023-07-31,61000,63800,60600,63800,14189,0.040783034257748874
2023-08-01,63800,65100,63500,64400,9429,0.00940438871473348
2023-08-02,64400,64400,63300,63700,2798,-0.010869565217391353
2023-08-03,63200,64000,62700,63200,3716,-0.00784929356357933
2023-08-04,63300,63700,62700,62800,3003,-0.006329113924050667
2023-08-07,62800,65000,62500,63100,5946,0.004777070063694211
2023-08-08,63100,63500,62600,62800,3717,-0.004754358161648153
2023-08-09,62800,64100,62700,63300,5222,0.0079617834394905
2023-08-10,63900,63900,63100,63400,2371,0.0015797788309637184
2023-08-11,63900,64300,63400,63700,2574,0.004731861198738141
2023-08-14,63700,64000,63400,63600,2794,-0.0015698587127158659
2023-08-16,63600,63600,61100,61900,7993,-0.026729559748427723
2023-08-17,62000,62000,60500,61300,4109,-0.009693053311793265
2023-08-18,61300,61900,60500,61300,5713,0.0
2023-08-21,60700,62400,60700,61700,5367,0.006525285481239873
2023-08-22,61900,62000,60800,61100,2204,-0.00972447325769854
2023-08-23,61100,61400,60500,60700,2320,-0.006546644844517169
2023-08-24,60900,61100,60400,60900,4166,0.0032948929159801743
2023-08-25,60700,62700,60700,62100,6813,0.019704433497536922
2023-08-28,62100,63000,61700,62200,6065,0.0016103059581320522
2023-08-29,61800,62800,61800,62200,3994,0.0
2023-08-30,62500,63200,62200,63100,5408,0.014469453376205754
2023-08-31,63100,63100,62500,62700,2650,-0.006339144215530945
2023-09-01,62700,63200,62400,62800,2342,0.0015948963317384823
2023-09-04,62800,65400,62000,63700,16549,0.014331210191082855
2023-09-05,64300,64900,64000,64000,3786,0.0047095761381474865
2023-09-06,64100,64700,63200,63200,4123,-0.012499999999999956
2023-09-07,63700,63700,62500,63400,4273,0.0031645569620253333
2023-09-08,63400,63400,62500,62900,3382,-0.007886435331230235
2023-09-11,62900,64600,62400,63700,6700,0.012718600953895098
2023-09-12,62900,64300,62900,63500,3710,-0.0031397174254317317
2023-09-13,62800,64200,62800,63800,4189,0.0047244094488188
2023-09-14,64200,64200,63200,64000,2881,0.0031347962382444194
2023-09-15,63900,64600,63900,64500,8442,0.0078125
2023-09-18,64500,64800,64100,64400,3402,-0.0015503875968991832
2023-09-19,64400,65800,64400,65400,10171,0.01552795031055898
2023-09-20,65400,65900,64800,64800,3779,-0.00917431192660545
2023-09-21,64500,65100,63700,64000,4970,-0.012345679012345734
2023-09-22,63900,63900,62800,63400,3376,-0.009375000000000022
2023-09-25,63400,64900,63000,63900,6642,0.007886435331230235
2023-09-26,64300,64300,63300,63500,2205,-0.006259780907668211
2023-09-27,63400,65300,63100,64400,6559,0.014173228346456623
2023-10-04,64500,64500,61800,62000,9025,-0.037267080745341574
2023-10-05,62200,62500,61500,62400,4641,0.006451612903225712
2023-10-06,62300,64100,62000,63600,3590,0.019230769230769162
2023-10-10,63600,65000,62600,63200,6508,-0.0062893081761006275
2023-10-11,62900,63600,62800,63100,3761,-0.0015822784810126667
2023-10-12,63000,63500,62900,63000,3140,-0.0015847860538826808
2023-10-13,62900,63400,62700,63400,2540,0.006349206349206327
2023-10-16,63500,63500,62400,63100,4505,-0.004731861198738141
2023-10-17,63800,65000,63000,63300,5394,0.0031695721077653616
2023-10-18,63100,64200,62800,63900,4978,0.009478672985782088
2023-10-19,63700,63800,62700,63100,3504,-0.012519561815336422
2023-10-20,62700,62800,61400,61900,7750,-0.019017432646592725
2023-10-23,61900,61900,60200,60200,7130,-0.02746365105008075
2023-10-24,61200,61200,59500,60300,6406,0.0016611295681063787
2023-10-25,60700,61700,60300,60900,3110,0.00995024875621886
2023-10-26,60900,60900,59600,60000,4023,-0.014778325123152691
2023-10-27,60100,60700,60000,60000,1415,0.0
2023-10-30,60400,62900,60100,62400,7716,0.040000000000000036
2023-10-31,62400,63100,61600,62000,4295,-0.0064102564102563875
2023-11-01,62100,62200,59100,59800,10646,-0.03548387096774197
2023-11-02,60100,61200,60000,60200,5658,0.006688963210702337
2023-11-03,60400,61700,60400,60700,3317,0.008305647840531671
2023-11-06,60800,62100,60800,61600,7165,0.014827018121911006
2023-11-07,61600,61800,60500,61400,3836,-0.0032467532467532756
2023-11-08,61500,62100,61400,61700,3691,0.004885993485342022
2023-11-09,61900,62100,61300,61800,2346,0.0016207455429497752
2023-11-10,61800,62000,60400,60900,7195,-0.014563106796116498
2023-11-13,61100,61100,60600,60700,2145,-0.003284072249589487
2023-11-14,60900,61900,60900,61500,3763,0.01317957166392092
2023-11-15,61800,62900,61700,62600,7685,0.01788617886178856
2023-11-16,62600,63100,62200,63100,3817,0.007987220447284393
2023-11-17,63300,63400,62500,63000,2279,-0.0015847860538826808
2023-11-20,63000,63300,62600,63000,2260,0.0
2023-11-21,63000,63500,62500,62800,6471,-0.0031746031746031633
2023-11-22,62900,62900,62500,62900,1402,0.0015923566878981443
2023-11-23,63700,63700,63000,63400,5810,0.007949125596184325
2023-11-24,63500,64000,63500,64000,5693,0.009463722397476282
2023-11-27,64100,64200,63700,64100,3527,0.0015624999999999112
2023-11-28,64100,64300,63300,64200,2998,0.0015600624024960652
2023-11-29,64300,64300,63600,63600,2752,-0.009345794392523366
2023-11-30,63000,64000,63000,63800,2455,0.003144654088050425
2023-12-01,63900,64500,63600,64000,7695,0.0031347962382444194
2023-12-04,63800,64200,63200,63800,5275,-0.0031250000000000444
2023-12-05,63800,64400,63700,64000,2831,0.0031347962382444194
2023-12-06,64100,64100,63000,63300,8662,-0.010937500000000044
2023-12-07,63100,64000,63100,63900,3536,0.009478672985782088
2023-12-08,64300,64300,63500,63900,4493,0.0
2023-12-11,64300,64300,63600,64000,2879,0.0015649452269170805
2023-12-12,64000,64200,63800,64000,3850,0.0
2023-12-13,64000,64100,63600,63800,3200,-0.0031250000000000444
2023-12-14,64100,64200,63800,63800,6246,0.0
2023-12-15,63700,65000,63700,63800,25808,0.0
2023-12-18,63800,67100,63600,66500,39149,0.042319749216300995
2023-12-19,66500,66500,64900,65500,15352,-0.015037593984962405
2023-12-20,65900,65900,64500,65800,22072,0.004580152671755711
2023-12-21,65600,66500,64900,65100,18180,-0.010638297872340385
2023-12-22,65200,65400,63400,64300,62688,-0.01228878648233489
2023-12-26,64500,64900,63600,64800,32245,0.007776049766718529
2023-12-27,62200,63100,61100,61700,33307,-0.0478395061728395
2023-12-28,62000,62000,60600,61400,29130,-0.004862236628849326
2024-01-02,61000,61000,60000,60400,13420,-0.016286644951140072
2024-01-03,60500,60500,60200,60400,5361,0.0
2024-01-04,60400,60400,60000,60400,6423,0.0
2024-01-05,60400,60600,60000,60300,6175,-0.0016556291390728006
2024-01-08,60300,60900,60000,60300,5030,0.0
2024-01-09,60300,60500,60000,60300,4846,0.0
2024-01-10,60200,60200,59900,60000,5460,-0.00497512437810943
2024-01-11,60500,60500,60000,60100,2099,0.0016666666666667052
2024-01-12,60200,60300,59700,59900,6452,-0.0033277870216306127
2024-01-15,59900,60200,59700,60000,6505,0.0016694490818029983
2024-01-16,60100,60100,59300,59400,7556,-0.010000000000000009
2024-01-17,59500,59700,57700,57900,12308,-0.025252525252525304
2024-01-18,57800,58200,57300,57800,7845,-0.0017271157167529916
2024-01-19,58100,59000,57200,57700,7733,-0.0017301038062284002
2024-01-22,57900,58000,57000,57200,7159,-0.008665511265164683
2024-01-23,57000,57400,56900,57100,4287,-0.0017482517482517723
2024-01-24,57300,58100,56900,57800,4184,0.012259194395796813
2024-01-25,57900,59000,57800,59000,8699,0.02076124567474058
2024-01-26,58900,59000,58400,58600,3237,-0.006779661016949157
2024-01-29,59000,60700,58100,60500,20135,0.03242320819112621
2024-01-30,61300,63100,60900,61800,35437,0.02148760330578514
2024-01-31,62200,63400,59100,60700,17448,-0.017799352750809017
2024-02-01,60500,63000,60000,62800,21481,0.034596375617792496
2024-02-02,62800,63000,61600,62000,11300,-0.01273885350318471
2024-02-05,62700,64700,61700,63600,54873,0.02580645161290329
2024-02-06,63600,64200,62900,63800,17259,0.003144654088050425
2024-02-07,63800,65900,63700,65500,45654,0.026645768025078453
2024-02-08,65400,66000,64300,64600,20790,-0.013740458015267132
2024-02-13,65000,66000,64700,64700,47234,0.001547987616099089
2024-02-14,64700,66300,64600,65600,37891,0.01391035548686248
2024-02-15,65600,67500,65200,67100,46508,0.02286585365853666
2024-02-16,68100,72200,67300,71200,127133,0.06110283159463492
2024-02-19,71300,75000,71300,75000,80247,0.05337078651685401
2024-02-20,74800,75400,72400,74000,58370,-0.013333333333333308
2024-02-21,73400,75000,72800,74000,31845,0.0
2024-02-22,74000,74000,72000,72500,22433,-0.020270270270270285
2024-02-23,72500,73600,70900,71300,26070,-0.016551724137931045
2024-02-26,71100,72100,69300,70500,35380,-0.011220196353436185
2024-02-27,70500,71200,66500,70100,16144,-0.005673758865248235
2024-02-28,69700,72900,69500,72000,21302,0.02710413694721825
2024-02-29,71900,73100,70400,70800,20130,-0.01666666666666672
2024-03-04,71000,71700,70400,71100,19404,0.004237288135593209
2024-03-05,71100,71600,70800,71000,5170,-0.0014064697609000865
2024-03-06,71000,71400,69500,70500,27457,-0.007042253521126751
2024-03-07,73600,74000,69000,69700,50575,-0.01134751773049647
2024-03-08,69300,70900,69300,69900,23104,0.0028694404591105283
2024-03-11,69900,70000,68600,68900,6354,-0.014306151645207432
2024-03-12,68900,69100,67900,68300,7453,-0.00870827285921627
2024-03-13,67500,68200,67500,67800,5026,-0.007320644216691097
2024-03-14,68000,69700,67800,69300,11559,0.022123893805309658
2024-03-15,68900,70200,68900,69800,8076,0.00721500721500723
2024-03-18,69000,69800,68900,69000,2897,-0.011461318051575908
2024-03-19,69000,70000,68600,68900,6684,-0.0014492753623188692
2024-03-20,68900,70000,68800,69300,13158,0.005805515239477588
2024-03-21,69300,69700,69100,69400,4332,0.0014430014430013571
2024-03-22,69400,69700,68300,68700,8591,-0.010086455331412059
2024-03-25,68700,68900,67200,68600,8128,-0.0014556040756914523
2024-03-26,68400,70300,68400,69600,12829,0.014577259475218707
2024-03-27,69600,69600,68000,69000,6040,-0.008620689655172376
2024-03-28,69000,69200,66800,68300,14743,-0.010144927536231862
2024-03-29,67800,68300,66500,67000,8983,-0.019033674963396807
2024-04-01,66600,67300,66000,66200,9872,-0.011940298507462699
2024-04-02,66700,66700,64600,64600,9899,-0.024169184290030232
2024-04-03,65500,65500,63500,63900,5858,-0.010835913312693513
2024-04-04,63900,64600,63700,64400,2689,0.00782472613458518
2024-04-05,64400,65000,64100,64600,2570,0.0031055900621117516
2024-04-08,64600,65500,63000,65000,14248,0.006191950464396356
2024-04-09,64600,65500,64200,64600,2654,-0.006153846153846176
2024-04-11,65100,65100,62600,62900,7436,-0.02631578947368418
2024-04-12,62300,63400,61000,61000,7795,-0.030206677265500748
2024-04-15,61900,63700,61600,62200,7415,0.01967213114754096
2024-04-16,63000,63000,60100,60200,12384,-0.032154340836012874
2024-04-17,60900,61100,60000,60100,4881,-0.0016611295681062677
2024-04-18,60200,61900,60200,60900,5949,0.01331114808652245
2024-04-19,61300,61300,60200,60900,4372,0.0
2024-04-22,61200,63300,61200,63000,7532,0.034482758620689724
2024-04-23,63000,63000,60200,62400,3605,-0.00952380952380949
2024-04-24,62400,63200,62300,63000,3879,0.009615384615384581
2024-04-25,62900,64600,62500,64200,5142,0.01904761904761898
2024-04-26,63600,64400,63500,64200,1978,0.0
2024-04-29,64200,66700,64200,66300,12071,0.032710280373831724
2024-04-30,66000,66500,65600,66300,6203,0.0
2024-05-02,66300,66300,64800,65000,5262,-0.019607843137254943
2024-05-03,65000,66200,64800,65600,5298,0.009230769230769154
2024-05-07,65700,67200,65700,66200,13574,0.009146341463414531
2024-05-08,66000,67300,65500,66600,6564,0.0060422960725075026
2024-05-09,66600,66900,66400,66700,2178,0.0015015015015014122
2024-05-10,66700,67000,66000,66300,5120,-0.005997001499250421
2024-05-13,66300,66500,65900,66500,3050,0.003016591251885359
2024-05-14,66500,68600,66500,68400,13732,0.02857142857142847
2024-05-16,68400,69900,68000,69600,13607,0.01754385964912286
2024-05-17,69300,69900,67800,69700,6883,0.001436781609195359
2024-05-20,69900,72000,69800,70300,18402,0.008608321377331363
2024-05-21,70200,70300,68800,68800,4828,-0.02133712660028453
2024-05-22,69700,70000,68900,69000,3980,0.0029069767441860517
2024-05-23,69400,69400,67600,67900,3706,-0.01594202898550723
2024-05-24,68100,68200,67200,67500,2317,-0.00589101620029453
2024-05-27,67500,70300,67500,69200,10308,0.0251851851851852
2024-05-28,69600,69600,68000,68400,2737,-0.011560693641618491
2024-05-29,68400,68500,66800,67900,7206,-0.007309941520467822
2024-05-30,67900,68100,67200,67300,2306,-0.008836524300441795
2024-05-31,67300,68900,67300,67900,3994,0.008915304606240682
2024-06-03,67900,70200,67900,69100,8081,0.01767304860088359
2024-06-04,69800,69800,67800,67900,5992,-0.01736613603473225
2024-06-05,67900,68900,67500,68000,5798,0.0014727540500736325
2024-06-07,68200,68700,66500,67800,6644,-0.002941176470588225
2024-06-10,68500,68500,66500,66800,4771,-0.014749262536873142
2024-06-11,66800,68800,66800,67600,8627,0.011976047904191711
2024-06-12,68000,68000,67000,67500,4281,-0.0014792899408283544
2024-06-13,67000,67700,66100,66800,7132,-0.010370370370370363
2024-06-14,66700,68300,65900,67600,10277,0.011976047904191711
2024-06-17,67600,69400,67000,68600,7476,0.014792899408283988
2024-06-18,68600,68700,66300,66600,4373,-0.029154518950437303
2024-06-19,67600,68300,66400,67300,6164,0.010510510510510551
2024-06-20,67600,68700,66800,67500,16126,0.002971768202080227
2024-06-21,67500,68200,66600,66900,3562,-0.008888888888888835
2024-06-24,67600,68000,67400,67500,3647,0.008968609865470878
2024-06-25,67600,68000,66700,67500,3606,0.0
2024-06-26,67600,67600,66100,66600,4584,-0.013333333333333308
2024-06-27,66900,67000,65200,66000,7173,-0.009009009009009028
2024-06-28,66200,67000,65500,66500,5902,0.007575757575757569
2024-07-01,66500,66500,65300,65700,3677,-0.012030075187969946
2024-07-02,65800,65900,64700,65100,3818,-0.0091324200913242
2024-07-03,66100,66400,65100,65800,5972,0.010752688172043001
2024-07-04,65900,66100,64900,65400,1489,-0.006079027355623046
2024-07-05,65400,66000,64900,65300,3645,-0.001529051987767538
2024-07-08,66000,68000,66000,67000,17381,0.026033690658499253
2024-07-09,67000,67600,66000,66500,3821,-0.007462686567164201
2024-07-10,66800,67000,66100,66400,1087,-0.0015037593984962294
2024-07-11,66700,70000,66600,69600,22593,0.04819277108433728
2024-07-12,70000,70400,68600,70300,9610,0.010057471264367734
2024-07-15,70300,70600,69500,70500,6713,0.002844950213371167
2024-07-16,70100,70100,68900,69600,7814,-0.012765957446808529
2024-07-17,70000,71000,69600,70400,12097,0.011494252873563315
2024-07-18,69900,70500,68800,69500,3865,-0.01278409090909094
2024-07-19,69800,69800,67200,68000,9416,-0.021582733812949617
2024-07-22,68000,69300,67100,68700,3543,0.010294117647058787
2024-07-23,69400,69800,68400,68400,8910,-0.004366812227074246
2024-07-24,68400,68800,67800,68100,1828,-0.004385964912280715
2024-07-25,67900,67900,66800,66900,3859,-0.017621145374449365
2024-07-26,66600,68000,66600,67200,5267,0.004484304932735439
2024-07-29,67200,68000,66700,67900,6209,0.01041666666666674
2024-07-30,68000,68000,66700,67300,5390,-0.008836524300441795
2024-07-31,67500,67500,65300,65700,13952,-0.02377414561664193
2024-08-01,66400,66800,66200,66600,1675,0.013698630136986356
2024-08-02,66600,66600,65200,66000,4746,-0.009009009009009028
2024-08-05,65300,65700,58000,61600,24915,-0.06666666666666665
2024-08-06,60700,63500,60700,62400,9139,0.01298701298701288
2024-08-07,61100,63100,61100,62700,5909,0.004807692307692291
2024-08-08,62400,62900,61200,62300,3345,-0.006379585326953707
2024-08-09,62300,63600,62300,63500,2347,0.019261637239165408
2024-08-12,63700,64300,63400,63700,1341,0.0031496062992126816
2024-08-13,64200,64200,63100,63300,954,-0.006279434850863463
2024-08-14,64000,64000,62800,63300,2206,0.0
2024-08-16,64000,64200,63000,63200,3273,-0.0015797788309637184
2024-08-19,63200,64400,63200,63900,3770,0.011075949367088667
2024-08-20,64100,64300,62700,63600,6329,-0.0046948356807511304
2024-08-21,63600,65100,63300,64300,6281,0.011006289308176154
2024-08-22,64300,65400,63500,64200,2613,-0.0015552099533436836
2024-08-23,64200,65100,64000,65100,3404,0.014018691588784993
2024-08-26,65000,66500,64800,66200,5893,0.016897081413210335
2024-08-27,66100,66700,65500,66100,1691,-0.0015105740181269312
2024-08-28,66600,66600,64800,64800,5408,-0.01966717095310133
2024-08-29,65700,66400,63900,66400,7654,0.024691358024691468
