Date,Open,High,Low,Close,Volume,Change
2022-01-03,7030,7280,6850,7160,5971252,0.01849217638691325
2022-01-04,7250,7390,7130,7170,6462878,0.0013966480446927498
2022-01-05,7170,7200,6460,6760,5762156,-0.057182705718270554
2022-01-06,6590,6790,6220,6230,4793665,-0.07840236686390534
2022-01-07,6230,6430,6210,6270,2777461,0.006420545746388395
2022-01-10,6270,7270,6150,6730,21930306,0.07336523125996819
2022-01-11,6680,6720,6370,6400,3665719,-0.04903417533432397
2022-01-12,6400,6650,6260,6260,2970072,-0.021874999999999978
2022-01-13,6190,6360,6020,6070,2869386,-0.030351437699680517
2022-01-14,6030,6180,5740,5810,3672567,-0.04283360790774304
2022-01-17,5880,5900,5480,5600,3041345,-0.03614457831325302
2022-01-18,5530,5710,5080,5200,5015630,-0.0714285714285714
2022-01-19,5060,5240,5010,5100,2884262,-0.019230769230769273
2022-01-20,5120,5340,5040,5130,3108476,0.00588235294117645
2022-01-21,5060,5220,4890,4920,2963270,-0.040935672514619936
2022-01-24,4950,5920,4625,5180,24372462,0.05284552845528445
2022-01-25,5090,5840,5020,5370,20541444,0.03667953667953672
2022-01-26,5480,5660,5210,5210,5603357,-0.029795158286778367
2022-01-27,5150,5510,4845,4900,11672018,-0.05950095969289826
2022-01-28,5160,5450,5030,5150,9368142,0.05102040816326525
2022-02-03,5330,5780,5210,5630,13857290,0.09320388349514563
2022-02-04,5570,5670,5050,5230,6193529,-0.0710479573712256
2022-02-07,5380,5540,5220,5450,6187281,0.042065009560229516
2022-02-08,5410,5410,5120,5170,2825786,-0.05137614678899083
2022-02-09,5230,5490,5210,5260,4862072,0.01740812379110257
2022-02-10,5530,6070,5380,5450,28307231,0.03612167300380231
2022-02-11,5470,5840,5250,5540,12313625,0.016513761467889854
2022-02-14,5460,5500,5150,5190,3874544,-0.06317689530685922
2022-02-15,5070,5190,4865,4915,3405550,-0.05298651252408482
2022-02-16,4995,5130,4980,5040,2894232,0.025432349949135347
2022-02-17,5200,5380,4900,5080,5943250,0.007936507936507908
2022-02-18,5000,5130,4995,5110,1652971,0.0059055118110236116
2022-02-21,5000,5170,4955,5050,2178325,-0.011741682974559686
2022-02-22,4955,5050,4870,4880,2311287,-0.03366336633663369
2022-02-23,4865,4970,4865,4880,1616877,0.0
2022-02-24,4800,4870,4425,4430,3564667,-0.09221311475409832
2022-02-25,4555,4610,4405,4445,2188198,0.003386004514672747
2022-02-28,4370,4485,4295,4410,1910904,-0.007874015748031482
2022-03-02,4350,4780,4310,4475,3568717,0.01473922902494329
2022-03-03,4510,4580,4470,4470,1480228,-0.0011173184357542443
2022-03-04,4495,4525,4385,4395,1388716,-0.016778523489932917
2022-03-07,4430,4555,4390,4460,1468552,0.014789533560864543
2022-03-08,4400,4870,4350,4545,9209383,0.01905829596412567
2022-03-10,4575,4790,4515,4555,3587688,0.002200220022002153
2022-03-11,4580,5750,4580,5490,34712005,0.20526893523600442
2022-03-14,5460,5470,4940,5000,6095614,-0.08925318761384338
2022-03-15,4940,5430,4810,5040,10054650,0.008000000000000007
2022-03-16,5050,5150,4950,4995,2434564,-0.008928571428571397
2022-03-17,5030,5230,4950,5080,3929010,0.017017017017016967
2022-03-18,5150,5930,5060,5510,30269044,0.08464566929133865
2022-03-21,5470,5550,5300,5300,5128683,-0.038112522686025385
2022-03-22,5420,5460,5220,5290,3592603,-0.0018867924528301883
2022-03-23,5400,5650,5340,5380,7739295,0.017013232514177634
2022-03-24,5300,5350,5220,5260,2415537,-0.022304832713754608
2022-03-25,5350,5440,5170,5240,2151390,-0.0038022813688213253
2022-03-28,5220,5240,4970,4990,2194552,-0.04770992366412219
2022-03-29,5010,5150,4950,5020,1662599,0.006012024048096087
2022-03-30,5030,5260,4980,4980,2515771,-0.007968127490039834
2022-03-31,4980,5050,4965,5040,1024271,0.012048192771084265
2022-04-01,5070,5150,4955,4955,1741927,-0.016865079365079416
2022-04-04,4955,4955,4550,4710,2019589,-0.04944500504540872
2022-04-05,4690,4770,4620,4630,1399233,-0.01698513800424628
2022-04-06,4660,4660,4500,4580,862286,-0.010799136069114423
2022-04-07,4470,4530,4435,4450,1234302,-0.028384279475982543
2022-04-08,4435,4830,4300,4545,2268741,0.02134831460674147
2022-04-11,4500,4525,4395,4395,710320,-0.03300330033003296
2022-04-12,4335,4590,4185,4230,1720235,-0.03754266211604096
2022-04-13,4170,4925,4170,4455,13950106,0.05319148936170204
2022-04-14,4415,4490,4385,4395,1575078,-0.013468013468013518
2022-04-15,4350,4390,4280,4285,939585,-0.025028441410693936
2022-04-18,4260,4440,4170,4260,1084972,-0.005834305717619559
2022-04-19,4285,4345,4220,4230,870889,-0.007042253521126751
2022-04-20,4250,4305,4220,4230,690744,0.0
2022-04-21,4250,4250,4200,4200,595393,-0.007092198581560294
2022-04-22,4200,4200,4060,4165,790509,-0.008333333333333304
2022-04-25,4090,4545,4090,4155,3143160,-0.0024009603841537164
2022-04-26,4160,4225,4140,4150,661211,-0.001203369434416346
2022-04-27,4055,4140,4025,4025,749136,-0.030120481927710885
2022-04-28,4055,4090,3895,3960,863000,-0.016149068322981353
2022-04-29,3965,4100,3965,3995,800489,0.008838383838383868
2022-05-02,3990,4060,3980,4015,442510,0.005006257822277815
2022-05-03,4020,4075,4000,4040,391713,0.0062266500622665255
2022-05-04,4095,4095,3900,3975,560082,-0.016089108910891103
2022-05-06,3915,4025,3875,3930,505053,-0.01132075471698113
2022-05-09,3900,3930,3780,3795,550351,-0.03435114503816794
2022-05-10,3690,3765,3595,3750,771988,-0.011857707509881465
2022-05-11,3710,3915,3710,3870,609470,0.03200000000000003
2022-05-12,3780,3825,3645,3700,552204,-0.043927648578811374
2022-05-13,3660,3925,3660,3885,846643,0.050000000000000044
2022-05-16,3850,4050,3850,3935,596059,0.01287001287001277
2022-05-17,3920,4140,3920,4060,812420,0.031766200762388896
2022-05-18,4185,4610,4070,4150,6894247,0.022167487684729092
2022-05-19,4070,4180,4040,4080,725477,-0.016867469879518038
2022-05-20,4080,4125,4050,4050,511149,-0.007352941176470562
2022-05-23,4080,4935,4080,4425,23036179,0.09259259259259256
2022-05-24,4425,4475,4250,4300,2351956,-0.02824858757062143
2022-05-25,4300,4310,4135,4160,1455085,-0.032558139534883734
2022-05-26,4165,4300,4070,4070,1683937,-0.02163461538461542
2022-05-27,4095,4145,4050,4070,721671,0.0
2022-05-30,4090,4285,4075,4120,990237,0.01228501228501222
2022-05-31,4130,4145,4080,4125,498537,0.0012135922330096527
2022-06-02,4125,4125,4030,4040,571789,-0.020606060606060628
2022-06-03,4045,4110,3955,3955,666051,-0.02103960396039606
2022-06-07,3930,3940,3830,3840,540449,-0.029077117572692823
2022-06-08,3815,3880,3780,3805,423967,-0.00911458333333337
2022-06-09,3795,4155,3730,3910,2612952,0.02759526938239154
2022-06-10,3830,3990,3820,3845,672476,-0.01662404092071612
2022-06-13,3755,3800,3560,3650,825946,-0.05071521456436934
2022-06-14,3510,3595,3440,3480,914303,-0.046575342465753455
2022-06-15,3420,3650,3080,3185,1359496,-0.08477011494252873
2022-06-16,3235,3685,3235,3420,2478196,0.07378335949764514
2022-06-17,3280,3980,3280,3595,9025200,0.051169590643274754
2022-06-20,3640,3675,3395,3425,1010405,-0.04728789986091797
2022-06-21,3395,3520,3350,3365,668248,-0.017518248175182438
2022-06-22,3380,3540,3345,3365,725582,0.0
2022-06-23,3330,3425,3170,3170,808715,-0.05794947994056465
2022-06-24,3135,3375,3135,3330,604076,0.050473186119873725
2022-06-27,3400,3480,3330,3435,545412,0.03153153153153143
2022-06-28,3510,3520,3375,3440,336110,0.0014556040756914523
2022-06-29,3360,3520,3360,3480,395281,0.011627906976744207
2022-06-30,3440,3480,3370,3370,419516,-0.031609195402298895
2022-07-01,3370,3450,3270,3295,345080,-0.022255192878338326
2022-07-04,3300,3455,3300,3355,521280,0.018209408194233667
2022-07-05,3355,3720,3355,3640,2085644,0.08494783904619974
2022-07-06,3615,4115,3600,3820,10178248,0.0494505494505495
2022-07-07,3865,4075,3865,4005,2189374,0.048429319371727786
2022-07-08,4015,4230,3830,4140,2882506,0.03370786516853941
2022-07-11,4195,4545,4120,4385,4990304,0.0591787439613527
2022-07-12,4495,4695,4355,4375,8344160,-0.0022805017103763037
2022-07-13,4375,4500,4255,4380,1798916,0.0011428571428571122
2022-07-14,4470,5020,4470,4770,13765339,0.08904109589041087
2022-07-15,4775,6200,4720,6200,23899243,0.29979035639413
2022-07-18,8060,8060,6780,7650,53093717,0.2338709677419355
2022-07-19,7440,8060,7280,7360,18216619,-0.03790849673202612
2022-07-20,7890,8020,6890,7230,17658565,-0.017663043478260865
2022-07-21,7210,7360,6840,7120,8639443,-0.015214384508990264
2022-07-22,6910,6960,6290,6440,9581818,-0.0955056179775281
2022-07-25,6370,6460,6260,6270,4307829,-0.026397515527950333
2022-07-26,6360,6630,6200,6260,9276438,-0.0015948963317384823
2022-07-27,6290,6850,6160,6800,15872417,0.08626198083067083
2022-07-28,6630,6640,6310,6320,4483916,-0.07058823529411762
2022-07-29,6250,6410,6010,6200,3389017,-0.01898734177215189
2022-08-01,6090,6380,6090,6340,2179961,0.022580645161290214
2022-08-02,6330,6430,6130,6180,2257708,-0.025236593059936863
2022-08-03,6160,6280,6080,6140,1407958,-0.006472491909385147
2022-08-04,6150,6300,6090,6150,1832736,0.0016286644951140072
2022-08-05,6150,6410,6100,6240,2559728,0.014634146341463428
2022-08-08,6270,6300,5820,5860,2949871,-0.0608974358974359
2022-08-09,5860,5910,5590,5660,2954038,-0.03412969283276446
2022-08-10,5630,5730,5550,5550,1965176,-0.019434628975265045
2022-08-11,5600,5620,5470,5540,1325844,-0.0018018018018017834
2022-08-12,5560,5610,5410,5410,1447308,-0.023465703971119134
2022-08-16,5410,5520,5320,5360,1728048,-0.009242144177449174
2022-08-17,5360,5410,5180,5230,1800807,-0.02425373134328357
2022-08-18,5220,5250,4955,5060,2758463,-0.0325047801147228
2022-08-19,5000,5090,4830,4935,2793958,-0.024703557312252933
2022-08-22,4895,5080,4785,4820,2635339,-0.023302938196555267
2022-08-23,4815,4945,4735,4820,1599115,0.0
2022-08-24,4820,4885,4695,4705,1431613,-0.023858921161825752
2022-08-25,4660,4890,4660,4855,1556130,0.03188097768331555
2022-08-26,4855,4895,4675,4705,1462623,-0.030895983522142068
2022-08-29,4430,4565,4370,4485,1389375,-0.046758767268862966
2022-08-30,4490,4535,4395,4495,996734,0.0022296544035673715
2022-08-31,4460,4575,4450,4530,772698,0.007786429365962189
2022-09-01,4485,4520,4330,4330,1016784,-0.04415011037527594
2022-09-02,4330,4435,4220,4225,910581,-0.024249422632794504
2022-09-05,4210,4295,4115,4200,730606,-0.00591715976331364
2022-09-06,4205,4370,4200,4275,672805,0.017857142857142794
2022-09-07,4235,4250,4120,4195,602194,-0.018713450292397682
2022-09-08,4195,4395,4140,4150,902524,-0.010727056019070313
2022-09-13,4175,4645,4175,4510,3773974,0.08674698795180724
2022-09-14,4400,4960,4375,4810,5047203,0.06651884700665178
2022-09-15,4890,4910,4215,4285,4217788,-0.10914760914760913
2022-09-16,4060,4235,4050,4095,1841184,-0.04434072345390894
2022-09-19,3885,4045,3840,3910,1595826,-0.04517704517704513
2022-09-20,3825,3950,3770,3800,1206220,-0.02813299232736577
2022-09-21,3765,3820,3665,3690,879299,-0.02894736842105261
2022-09-22,3675,3745,3520,3670,1427194,-0.005420054200542035
2022-09-23,3600,3700,3515,3550,790690,-0.032697547683923744
2022-09-26,3450,4570,3440,4430,12551679,0.24788732394366186
2022-09-27,4265,5150,4250,4390,26235468,-0.009029345372460473
2022-09-28,4475,4740,4085,4190,5230196,-0.04555808656036442
2022-09-29,4280,4895,4280,4680,14604603,0.11694510739856812
2022-09-30,4645,5680,4590,5280,26609027,0.1282051282051282
2022-10-04,5580,5770,5040,5150,13650313,-0.024621212121212155
2022-10-05,5170,5270,4475,4485,9497511,-0.12912621359223297
2022-10-06,4370,4435,4050,4340,6041076,-0.032329988851728
2022-10-07,4320,4980,4315,4540,23802059,0.04608294930875578
2022-10-11,4340,4450,4010,4110,3494789,-0.09471365638766516
2022-10-12,4110,4750,3945,4355,9330239,0.05961070559610704
2022-10-13,4290,4290,4030,4110,2205723,-0.05625717566016075
2022-10-14,4320,4335,4160,4195,2895720,0.020681265206812682
2022-10-17,4105,4265,4060,4085,1039127,-0.026221692491060766
2022-10-18,4180,4440,4100,4100,2478357,0.003671970624234966
2022-10-19,4125,4235,4030,4060,1262256,-0.009756097560975618
2022-10-20,4010,4060,3895,3965,1222288,-0.023399014778325178
2022-10-21,3935,3955,3780,3780,871582,-0.046658259773013855
2022-10-24,3800,3930,3750,3780,722842,0.0
2022-10-25,3780,3835,3745,3765,808430,-0.003968253968253954
2022-10-26,3770,3775,3630,3645,573201,-0.031872509960159334
2022-10-27,3620,3785,3600,3685,787643,0.010973936899862924
2022-10-28,3635,3680,3460,3470,916068,-0.05834464043419263
2022-10-31,3500,3690,3485,3525,723641,0.015850144092218965
2022-11-01,3500,3550,3485,3540,527530,0.004255319148936065
2022-11-02,3520,3535,3410,3445,1771620,-0.026836158192090398
2022-11-03,3395,3395,3275,3275,1047351,-0.04934687953555883
2022-11-04,3150,3170,2510,2835,14807827,-0.13435114503816792
2022-11-07,2835,3275,2740,2895,6358235,0.021164021164021163
2022-11-08,2910,2990,2905,2950,2395832,0.01899827288428324
2022-11-09,2950,2950,2825,2825,2319955,-0.0423728813559322
2022-11-10,2815,2935,2780,2845,2734202,0.0070796460176991705
2022-11-11,2915,2940,2800,2810,2546187,-0.012302284710017597
2022-11-14,2850,3030,2810,2950,4963970,0.04982206405693956
2022-11-15,2985,3325,2880,3155,17363821,0.06949152542372872
2022-11-16,3090,3165,2960,2995,4924718,-0.05071315372424723
2022-11-17,2980,3030,2900,2925,1666751,-0.023372287145242088
2022-11-18,2975,3020,2905,2910,1871174,-0.00512820512820511
2022-11-21,2930,3075,2860,2940,2954208,0.010309278350515427
2022-11-22,2965,3050,2965,2975,1210624,0.011904761904761862
2022-11-23,3000,3125,2975,3025,3442536,0.01680672268907557
2022-11-24,3115,3280,3085,3085,8860111,0.01983471074380172
2022-11-25,3100,3175,3050,3115,1647597,0.009724473257698651
2022-11-28,3115,3175,3030,3035,1364118,-0.025682182985553803
2022-11-29,2990,3035,2950,2965,1149676,-0.023064250411861664
2022-11-30,2965,3110,2870,2965,1878605,0.0
2022-12-01,3005,3085,2995,3035,1488228,0.02360876897133224
2022-12-02,3070,3070,2985,3000,648318,-0.011532125205930832
2022-12-05,3010,3030,2970,2995,514377,-0.0016666666666667052
2022-12-06,2985,2985,2900,2900,867214,-0.03171953255425708
2022-12-07,2865,2940,2840,2880,758077,-0.006896551724137945
2022-12-08,2885,2920,2800,2830,783584,-0.01736111111111116
2022-12-09,2830,2870,2805,2835,662485,0.0017667844522968323
2022-12-12,2815,3020,2805,2975,2358223,0.04938271604938271
2022-12-13,3010,3150,2940,3075,6189127,0.03361344537815136
2022-12-14,3465,3665,3210,3220,30417963,0.047154471544715415
2022-12-15,3225,3270,3070,3080,4416004,-0.04347826086956519
2022-12-16,3005,3535,2975,3270,23006472,0.06168831168831179
2022-12-19,3325,3500,3285,3470,12623428,0.06116207951070329
2022-12-20,3380,3440,3235,3260,3833251,-0.060518731988472574
2022-12-21,3355,3755,3325,3520,24697687,0.07975460122699385
2022-12-22,3550,3665,3355,3495,10574094,-0.007102272727272707
2022-12-23,3420,3550,3280,3280,4080936,-0.061516452074391936
2022-12-26,3240,3280,3060,3060,2517718,-0.06707317073170727
2022-12-27,2965,3115,2965,2995,1897035,-0.021241830065359513
2022-12-28,2980,3095,2975,2985,1619216,-0.0033388981636059967
2022-12-29,2985,3030,2810,2865,1571769,-0.04020100502512558
2023-01-02,2865,3020,2850,2875,1799563,0.003490401396160525
2023-01-03,2870,2930,2835,2850,1428186,-0.008695652173912993
2023-01-04,2830,2915,2830,2880,984844,0.010526315789473717
2023-01-05,2900,2930,2840,2855,1227634,-0.00868055555555558
2023-01-06,2830,2930,2760,2835,1619658,-0.007005253940455369
2023-01-09,2845,2950,2845,2900,1132573,0.022927689594356204
2023-01-10,2910,2925,2855,2880,975796,-0.006896551724137945
2023-01-11,2905,2960,2890,2910,885026,0.01041666666666674
2023-01-12,2930,2950,2900,2910,640060,0.0
2023-01-13,2915,2940,2885,2890,684487,-0.0068728522336769515
2023-01-16,2895,2930,2845,2855,977295,-0.01211072664359858
2023-01-17,2875,2875,2820,2830,636662,-0.008756567425569184
2023-01-18,2830,2845,2755,2760,958927,-0.02473498233215543
2023-01-19,2720,2750,2700,2710,769493,-0.018115942028985477
2023-01-20,2710,2710,2640,2650,837551,-0.022140221402214055
2023-01-25,2680,2715,2645,2650,836017,0.0
2023-01-26,2665,2670,2630,2640,639468,-0.0037735849056603765
2023-01-27,2670,2730,2660,2695,955427,0.02083333333333326
2023-01-30,2715,2720,2635,2645,686307,-0.01855287569573283
2023-01-31,2645,2645,2565,2590,769977,-0.020793950850661602
2023-02-01,2590,2845,2585,2645,2034728,0.021235521235521304
2023-02-02,2715,2715,2670,2690,576269,0.017013232514177634
2023-02-03,2715,2805,2685,2760,1578398,0.026022304832713727
2023-02-06,2765,2900,2765,2865,2257374,0.03804347826086962
2023-02-07,2870,2890,2845,2860,769995,-0.0017452006980802626
2023-02-08,2880,2890,2810,2845,892771,-0.005244755244755206
2023-02-09,2845,3040,2765,3015,2758232,0.05975395430579966
2023-02-10,2920,2920,2850,2850,1495810,-0.05472636815920395
2023-02-13,2855,2855,2650,2710,877934,-0.0491228070175439
2023-02-14,2710,2775,2685,2700,556536,-0.0036900369003689537
2023-02-15,2720,2725,2595,2605,994148,-0.03518518518518521
2023-02-16,2630,2710,2620,2660,640415,0.02111324376199608
2023-02-17,2660,2720,2610,2655,564240,-0.001879699248120259
2023-02-20,2675,2990,2670,2850,7410498,0.07344632768361592
2023-02-21,2710,2750,2700,2720,1502179,-0.04561403508771933
2023-02-22,2685,2740,2660,2685,604943,-0.012867647058823484
2023-02-23,2680,2710,2675,2685,415541,0.0
2023-02-24,2690,2710,2640,2665,566781,-0.007448789571694592
2023-02-27,2685,2930,2680,2725,5739121,0.022514071294559068
2023-02-28,2725,2765,2700,2705,705651,-0.007339449541284404
2023-03-02,2710,2760,2660,2700,843588,-0.001848428835489857
2023-03-03,2715,2880,2670,2730,2540062,0.011111111111111072
2023-03-06,2730,2845,2710,2810,2386781,0.0293040293040292
2023-03-07,2855,2965,2845,2900,3376303,0.03202846975088969
2023-03-08,2900,3380,2865,3170,18634177,0.09310344827586214
2023-03-09,3355,3620,3250,3250,13635033,0.025236593059936974
2023-03-10,3155,3275,3060,3065,3148210,-0.056923076923076965
2023-03-13,3065,3425,3020,3355,7281462,0.09461663947797727
2023-03-14,3290,3640,3165,3230,17862615,-0.037257824143069995
2023-03-15,3280,3435,3245,3345,3323264,0.035603715170278605
2023-03-16,3385,3410,3180,3210,2023663,-0.04035874439461884
2023-03-17,3210,3300,3145,3200,1575370,-0.0031152647975077885
2023-03-20,3200,3410,3200,3330,3623953,0.04062499999999991
2023-03-21,3295,3320,2345,2570,8163272,-0.2282282282282282
2023-03-22,2815,3095,2675,3005,17831384,0.16926070038910512
2023-03-23,2885,2930,2565,2610,7997331,-0.1314475873544093
2023-03-24,2610,2700,2590,2630,2616479,0.00766283524904221
2023-03-27,2625,2650,2365,2600,2349259,-0.011406844106463865
2023-03-28,2550,3035,2535,2820,15553117,0.08461538461538454
2023-03-29,2820,2855,2605,2705,4736220,-0.04078014184397161
2023-03-30,3150,3490,3055,3385,23677964,0.25138632162661745
2023-03-31,3405,4155,3170,3385,50542654,0.0
2023-04-03,3435,3480,3230,3310,5580477,-0.02215657311669128
2023-04-04,3385,3720,3360,3530,12949977,0.06646525679758297
2023-04-05,3420,3620,3395,3615,4187543,0.024079320113314484
2023-04-06,3565,3640,3475,3510,2325630,-0.02904564315352698
2023-04-07,3465,3980,3400,3850,10100734,0.09686609686609682
2023-04-10,3790,4130,3660,4005,10078783,0.04025974025974022
2023-04-11,4005,4060,3810,3905,3444350,-0.024968789013732784
2023-04-12,3965,4360,3895,4230,8089837,0.08322663252240714
2023-04-13,4265,4400,4090,4115,2817480,-0.027186761229314405
2023-04-14,4140,4330,4070,4115,2343570,0.0
2023-04-17,4115,4195,3965,4035,2354443,-0.019441069258809285
2023-04-18,4025,4025,3800,3915,1774967,-0.029739776951672847
2023-04-19,3875,3885,3350,3630,8786987,-0.07279693486590033
2023-04-20,3640,3760,3500,3580,2793498,-0.01377410468319562
2023-04-21,3550,3635,3460,3615,1701879,0.009776536312849249
2023-04-24,3615,3615,3465,3585,1260727,-0.008298755186721962
2023-04-25,3595,3750,3530,3665,1369833,0.02231520223152028
2023-04-26,3570,3675,3465,3490,1058311,-0.04774897680763979
2023-04-27,3500,3680,3485,3590,1166269,0.02865329512893977
2023-04-28,3600,3655,3470,3515,854114,-0.02089136490250698
2023-05-02,3475,3645,3340,3555,768959,0.011379800853485111
2023-05-03,3565,3920,3485,3540,2649891,-0.00421940928270037
2023-05-04,3500,3870,3500,3790,2705077,0.07062146892655363
2023-05-08,3780,3830,3630,3720,1637239,-0.01846965699208447
2023-05-09,3665,3700,3530,3570,717262,-0.040322580645161255
2023-05-10,3570,3570,3215,3280,1862325,-0.08123249299719892
2023-05-11,3250,3315,3095,3100,1329262,-0.054878048780487854
2023-05-12,3050,3130,2915,3005,1396636,-0.030645161290322576
2023-05-15,3005,3055,2925,2935,516602,-0.02329450915141429
2023-05-16,2935,3010,2920,2975,384002,0.013628620102214661
2023-05-17,2915,3155,2915,3075,668031,0.03361344537815136
2023-05-18,3075,3150,3050,3080,403649,0.001626016260162677
2023-05-19,3110,3110,2995,3060,475806,-0.00649350649350644
2023-05-22,3060,3200,3010,3190,661511,0.042483660130719025
2023-05-23,3190,3240,3060,3090,852620,-0.031347962382445194
2023-05-24,3090,3120,3010,3050,435164,-0.012944983818770184
2023-05-25,3015,3105,3000,3010,419788,-0.013114754098360604
2023-05-26,2990,3010,2825,2845,982534,-0.054817275747508276
2023-05-30,2880,2910,2780,2880,431854,0.012302284710017597
2023-05-31,2910,2940,2895,2905,261642,0.00868055555555558
2023-06-01,3000,3135,2945,3050,1643567,0.04991394148020656
2023-06-02,3100,3100,2850,3030,612473,-0.006557377049180357
2023-06-05,3095,3095,2990,3050,356951,0.0066006600660066805
2023-06-07,3010,3040,2930,2950,593154,-0.032786885245901676
2023-06-08,2945,3000,2900,2935,312937,-0.005084745762711895
2023-06-09,2935,2975,2860,2860,588089,-0.02555366269165249
2023-06-12,2850,2925,2720,2720,1281388,-0.04895104895104896
2023-06-13,2720,2780,2615,2615,1318081,-0.03860294117647056
2023-06-14,2640,2675,2480,2550,1440878,-0.0248565965583174
2023-06-15,2525,2545,2400,2430,1574379,-0.04705882352941182
2023-06-16,2440,2495,2410,2490,870923,0.024691358024691468
2023-06-19,2520,2550,2435,2505,765737,0.006024096385542244
2023-06-20,1850,2300,1780,1842,10422916,-0.26467065868263473
2023-06-21,1927,2340,1903,2145,14318056,0.16449511400651473
2023-06-22,2245,2245,2005,2010,3368482,-0.06293706293706292
2023-06-23,2015,2045,1944,1998,1477399,-0.005970149253731294
2023-06-26,1997,2070,1905,2000,1208984,0.0010010010010010895
2023-06-27,1996,1996,1893,1896,1345649,-0.052000000000000046
2023-06-28,1896,2045,1896,1915,1478703,0.010021097046413407
2023-06-29,1900,1921,1880,1887,610495,-0.014621409921671047
2023-06-30,1887,1887,1801,1851,699567,-0.019077901430842648
2023-07-03,1854,1990,1854,1930,1098558,0.042679632631010156
2023-07-04,1930,1930,1868,1882,654527,-0.024870466321243567
2023-07-05,1902,1931,1883,1905,493926,0.01222104144527103
2023-07-06,1866,1895,1814,1830,765611,-0.03937007874015752
2023-07-07,1805,1852,1805,1809,396189,-0.011475409836065542
2023-07-10,1809,1880,1805,1842,751149,0.018242122719734688
2023-07-11,1800,1858,1800,1815,569682,-0.014657980456026065
2023-07-12,1786,1813,1751,1770,814542,-0.024793388429752095
2023-07-13,1818,1877,1775,1800,1212981,0.016949152542372836
2023-07-14,1806,1806,1730,1748,580956,-0.028888888888888853
2023-07-17,1752,1752,1670,1705,796198,-0.024599542334096114
2023-07-18,1681,1718,1644,1654,797121,-0.029912023460410553
2023-07-19,1633,1680,1585,1625,817996,-0.017533252720677184
2023-07-20,1627,1650,1570,1614,596535,-0.00676923076923075
2023-07-21,1585,1654,1585,1615,465051,0.0006195786864930941
2023-07-24,1584,1608,1455,1519,782957,-0.05944272445820431
2023-07-25,1459,1519,1419,1439,1388631,-0.05266622778143515
2023-07-26,1439,1495,1250,1336,1908514,-0.0715774843641418
2023-07-27,1280,1388,1280,1322,935570,-0.010479041916167664
2023-07-28,1322,1454,1322,1397,1334479,0.056732223903177115
2023-07-31,1383,1452,1378,1433,574369,0.02576950608446671
2023-08-01,1433,1498,1431,1469,457899,0.02512212142358683
2023-08-02,1454,1499,1400,1404,506406,-0.04424778761061943
2023-08-03,1439,1459,1355,1440,526035,0.02564102564102555
2023-08-04,1445,1467,1400,1408,375618,-0.022222222222222254
2023-08-07,1408,1435,1374,1380,294351,-0.019886363636363646
2023-08-08,1374,1410,1324,1324,432331,-0.04057971014492756
2023-08-09,1320,1396,1316,1378,410814,0.04078549848942603
2023-08-10,1378,1405,1360,1360,389920,-0.013062409288824406
2023-08-11,1380,1450,1360,1403,702716,0.03161764705882364
2023-08-14,1405,1405,1325,1335,345871,-0.0484675694939416
2023-08-16,1353,1353,1261,1265,468833,-0.05243445692883897
2023-08-17,1265,1265,1218,1238,305842,-0.02134387351778655
2023-08-18,1241,1241,1206,1210,330246,-0.022617124394184174
2023-08-21,1210,1350,1197,1258,1126513,0.03966942148760322
2023-08-22,1259,1269,1210,1217,418786,-0.032591414944356134
2023-08-23,1217,1221,1166,1171,589183,-0.03779786359901394
2023-08-24,1161,1200,1120,1198,586408,0.02305721605465405
2023-08-25,1204,1210,1174,1184,277989,-0.011686143572620988
2023-08-28,1180,1223,1167,1187,549243,0.0025337837837837718
2023-08-29,1175,1535,1175,1352,6841513,0.139005897219882
2023-08-30,1352,1400,1321,1373,1408099,0.015532544378698221
2023-08-31,1379,1396,1351,1356,620044,-0.012381646030589999
2023-09-01,1363,1364,1282,1308,446436,-0.03539823008849563
2023-09-04,1318,1340,1260,1282,503294,-0.019877675840978548
2023-09-05,1300,1300,1254,1257,309205,-0.01950078003120126
2023-09-06,1248,1270,1228,1239,283335,-0.014319809069212375
2023-09-07,1230,1253,1194,1199,312106,-0.032284100080710254
2023-09-08,1198,1252,1192,1219,327593,0.016680567139282676
2023-09-11,1225,1265,1214,1221,260618,0.001640689089417613
2023-09-12,1234,1255,1204,1206,328255,-0.012285012285012331
2023-09-13,1208,1221,1177,1182,215691,-0.01990049751243783
2023-09-14,1182,1202,1174,1200,204333,0.015228426395939021
2023-09-15,1198,1255,1193,1216,234031,0.01333333333333342
2023-09-18,1216,1235,1176,1177,351220,-0.032072368421052655
2023-09-19,1169,1186,1152,1152,294008,-0.021240441801189447
2023-09-20,1152,1152,1119,1123,358283,-0.02517361111111116
2023-09-21,1123,1123,1099,1102,257080,-0.018699910952804988
2023-09-22,1052,1230,1052,1134,514376,0.029038112522685955
2023-09-25,1134,1370,1101,1103,3545812,-0.02733686067019403
2023-09-26,1103,1161,1083,1085,691772,-0.016319129646418906
2023-09-27,921,1185,921,1185,3650147,0.09216589861751157
2023-10-04,1170,1494,1133,1290,14343011,0.08860759493670889
2023-10-05,1255,1628,1236,1484,20906206,0.15038759689922476
2023-10-06,1482,1746,1464,1638,15150561,0.10377358490566047
2023-10-10,1654,1750,1557,1557,10040150,-0.0494505494505495
2023-10-11,1561,1616,1508,1515,1939804,-0.026974951830443183
2023-10-12,1524,1560,1497,1543,1294400,0.018481848184818572
2023-10-13,1528,1612,1438,1469,1611652,-0.047958522359040856
2023-10-16,1490,1501,1394,1418,777621,-0.034717494894486056
2023-10-17,1403,1452,1350,1358,1089879,-0.042313117066290595
2023-10-18,1350,1350,1240,1272,670940,-0.06332842415316642
2023-10-19,1271,1292,1200,1270,685858,-0.0015723270440252124
2023-10-20,1251,1251,1200,1220,688365,-0.03937007874015752
2023-10-23,1217,1255,1151,1225,605100,0.004098360655737654
2023-10-24,1230,1247,1129,1209,465888,-0.013061224489795964
2023-10-25,1212,1240,1185,1188,413478,-0.017369727047146455
2023-10-26,1188,1188,1120,1130,260224,-0.04882154882154888
2023-10-27,1120,1167,1118,1123,407862,-0.006194690265486691
2023-10-30,1123,1175,1068,1163,409556,0.0356188780053428
2023-10-31,1163,1189,1100,1111,253313,-0.044711951848667275
2023-11-01,1111,1180,1090,1097,441337,-0.012601260126012592
2023-11-02,1097,1133,1097,1128,302357,0.028258887876025485
2023-11-03,1134,1169,1110,1163,336797,0.031028368794326244
2023-11-06,1175,1200,1130,1182,376553,0.016337059329320613
2023-11-07,1198,1530,1182,1356,9597416,0.14720812182741128
2023-11-08,1363,1494,1353,1353,3623335,-0.0022123893805309214
2023-11-09,1384,1384,1261,1321,676589,-0.023651145602365142
2023-11-10,1309,1309,1265,1270,367491,-0.03860711582134746
2023-11-13,1280,1285,1226,1227,283793,-0.03385826771653544
2023-11-14,1227,1268,1227,1254,239529,0.022004889975550057
2023-11-15,1255,1301,1255,1288,290225,0.027113237639553533
2023-11-16,1288,1416,1251,1319,1675513,0.02406832298136652
2023-11-17,1314,1314,1270,1293,551396,-0.019711902956785488
2023-11-20,1340,1391,1305,1357,1129983,0.04949729311678275
2023-11-21,1357,1376,1343,1347,569906,-0.007369196757553431
2023-11-22,1347,1347,1284,1301,400886,-0.034149962880475115
2023-11-23,1350,1350,1270,1277,209831,-0.0184473481936972
2023-11-24,1280,1301,1242,1281,240248,0.003132341425215346
2023-11-27,1285,1286,1232,1238,244453,-0.0335675253708041
2023-11-28,1256,1256,1201,1250,213813,0.009693053311793154
2023-11-29,1250,1250,1201,1222,213676,-0.022399999999999975
2023-11-30,1222,1269,1222,1251,217489,0.023731587561374834
2023-12-01,1263,1272,1225,1230,207219,-0.016786570743405282
2023-12-04,1230,1239,1200,1210,276762,-0.016260162601625994
2023-12-05,1210,1238,1190,1225,256128,0.012396694214876103
2023-12-06,1217,1336,1195,1281,1875408,0.04571428571428582
2023-12-07,1297,1306,1221,1237,568602,-0.03434816549570652
2023-12-08,1233,1290,1217,1261,405502,0.019401778496362265
2023-12-11,1261,1282,1222,1225,540119,-0.028548770816812064
2023-12-12,1216,1235,1199,1225,221608,0.0
2023-12-13,1207,1317,1206,1303,1588565,0.0636734693877552
2023-12-14,1294,1324,1264,1268,855925,-0.026861089792785897
2023-12-15,1269,1272,1211,1219,663919,-0.03864353312302837
2023-12-18,1215,1232,1215,1222,212764,0.0024610336341264194
2023-12-19,1234,1248,1215,1227,390886,0.004091653027823217
2023-12-20,1230,1244,1201,1215,433232,-0.009779951100244544
2023-12-21,1209,1215,1188,1188,453380,-0.022222222222222254
2023-12-22,1188,1190,1166,1166,260758,-0.01851851851851849
2023-12-26,1160,1187,1144,1145,217560,-0.018010291595197292
2023-12-27,1146,1162,1137,1139,263707,-0.005240174672489051
2023-12-28,1139,1176,1130,1150,222348,0.009657594381035972
2024-01-02,1139,1174,1130,1159,288902,0.00782608695652165
2024-01-03,1159,1166,1147,1155,202889,-0.00345125107851596
2024-01-04,1150,1155,1101,1134,332514,-0.018181818181818188
2024-01-05,1134,1142,1127,1132,133091,-0.0017636684303351524
2024-01-08,1132,1142,1124,1134,157627,0.0017667844522968323
2024-01-09,1135,1190,1134,1164,286187,0.02645502645502651
2024-01-10,1164,1168,1140,1140,143298,-0.020618556701030966
2024-01-11,1135,1159,1130,1137,155184,-0.0026315789473684292
2024-01-12,1128,1147,1115,1125,228719,-0.01055408970976257
2024-01-15,1125,1155,1111,1125,252747,0.0
2024-01-16,1125,1132,1102,1103,205246,-0.019555555555555548
2024-01-17,999,999,773,781,13129070,-0.29193109700815956
2024-01-18,776,776,603,604,23970286,-0.22663252240717024
2024-01-19,631,687,601,614,16842164,0.01655629139072845
2024-01-22,622,638,563,584,5235661,-0.04885993485342022
2024-01-23,569,590,541,564,3736230,-0.03424657534246578
2024-01-24,560,579,521,546,3824455,-0.03191489361702127
2024-01-25,544,554,512,525,2639446,-0.038461538461538436
2024-01-26,528,561,513,516,2570414,-0.017142857142857126
2024-01-29,518,518,489,496,1767550,-0.03875968992248058
2024-01-30,499,524,491,504,1865791,0.016129032258064502
2024-01-31,505,524,490,521,962224,0.03373015873015883
2024-02-01,520,520,488,507,591117,-0.026871401151631447
2024-02-02,507,543,500,521,1489031,0.027613412228796763
2024-02-05,529,649,521,587,17975268,0.12667946257197693
2024-02-06,588,599,541,559,3288331,-0.047700170357751315
2024-02-07,552,562,540,545,1150321,-0.025044722719141377
2024-02-08,546,562,531,546,1244091,0.0018348623853210455
2024-02-13,564,566,540,559,1272333,0.023809523809523725
2024-02-14,554,560,545,555,546653,-0.007155635062611854
2024-02-15,558,565,546,555,637679,0.0
2024-02-16,558,584,556,581,1227282,0.04684684684684681
2024-02-19,607,607,570,579,920603,-0.0034423407917383297
2024-02-20,579,600,573,594,876167,0.02590673575129543
2024-02-21,594,598,564,571,980469,-0.03872053872053871
2024-02-22,569,570,539,542,1279362,-0.05078809106830118
2024-02-23,548,560,534,542,567518,0.0
2024-02-26,542,546,510,510,1076406,-0.059040590405904037
2024-02-27,511,513,488,492,1326475,-0.03529411764705881
2024-02-28,490,498,481,487,713571,-0.010162601626016232
2024-02-29,494,633,492,555,60476876,0.13963039014373724
2024-03-04,435,493,400,431,18706207,-0.22342342342342347
2024-03-05,431,480,398,435,10887505,0.009280742459396807
2024-03-06,433,458,420,422,3182232,-0.029885057471264354
2024-03-07,422,431,412,413,1292099,-0.021327014218009532
2024-03-08,413,427,388,411,2458347,-0.004842615012106588
2024-03-11,418,470,413,428,4665154,0.041362530413625365
2024-03-12,433,433,415,423,1297286,-0.011682242990654235
2024-03-13,423,429,410,428,1093540,0.011820330969267046
2024-03-14,428,429,410,417,984279,-0.025700934579439227
2024-03-15,417,421,407,410,917867,-0.016786570743405282
2024-03-18,411,416,401,401,1077644,-0.02195121951219514
2024-03-19,406,406,395,399,867358,-0.004987531172069848
2024-03-20,399,404,393,397,776046,-0.005012531328320802
2024-03-21,387,395,325,382,4519571,-0.03778337531486142
2024-03-22,382,383,360,375,2290567,-0.01832460732984298
2024-03-25,375,380,350,355,2284832,-0.053333333333333344
2024-03-26,355,370,345,350,1733038,-0.014084507042253502
2024-03-27,356,357,332,334,1201280,-0.04571428571428571
2024-03-28,334,338,322,325,1132798,-0.026946107784431184
2024-03-29,325,422,324,412,26162348,0.2676923076923077
2024-04-01,0,0,0,412,0,0.0
2024-04-02,0,0,0,412,0,0.0
2024-04-03,0,0,0,412,0,0.0
2024-04-04,0,0,0,412,0,0.0
2024-04-05,0,0,0,412,0,0.0
2024-04-08,0,0,0,412,0,0.0
2024-04-09,0,0,0,412,0,0.0
2024-04-11,0,0,0,412,0,0.0
2024-04-12,0,0,0,412,0,0.0
2024-04-15,0,0,0,412,0,0.0
2024-04-16,0,0,0,412,0,0.0
2024-04-17,0,0,0,412,0,0.0
2024-04-18,0,0,0,412,0,0.0
2024-04-19,0,0,0,412,0,0.0
2024-04-22,0,0,0,412,0,0.0
2024-04-23,0,0,0,412,0,0.0
2024-04-24,0,0,0,412,0,0.0
2024-04-25,0,0,0,412,0,0.0
2024-04-26,0,0,0,412,0,0.0
2024-04-29,0,0,0,412,0,0.0
2024-04-30,0,0,0,412,0,0.0
2024-05-02,0,0,0,412,0,0.0
2024-05-03,0,0,0,412,0,0.0
2024-05-07,0,0,0,412,0,0.0
2024-05-08,0,0,0,412,0,0.0
2024-05-09,0,0,0,412,0,0.0
2024-05-10,0,0,0,412,0,0.0
2024-05-13,0,0,0,412,0,0.0
2024-05-14,0,0,0,412,0,0.0
2024-05-16,0,0,0,412,0,0.0
2024-05-17,0,0,0,412,0,0.0
2024-05-20,0,0,0,412,0,0.0
2024-05-21,0,0,0,412,0,0.0
2024-05-22,0,0,0,412,0,0.0
2024-05-23,0,0,0,412,0,0.0
2024-05-24,0,0,0,412,0,0.0
2024-05-27,0,0,0,412,0,0.0
2024-05-28,0,0,0,412,0,0.0
2024-05-29,0,0,0,412,0,0.0
2024-05-30,0,0,0,412,0,0.0
2024-05-31,0,0,0,412,0,0.0
2024-06-03,0,0,0,412,0,0.0
2024-06-04,0,0,0,412,0,0.0
2024-06-05,0,0,0,412,0,0.0
2024-06-07,0,0,0,412,0,0.0
2024-06-10,0,0,0,412,0,0.0
2024-06-11,0,0,0,412,0,0.0
2024-06-12,0,0,0,412,0,0.0
2024-06-13,0,0,0,412,0,0.0
2024-06-14,0,0,0,412,0,0.0
2024-06-17,0,0,0,412,0,0.0
2024-06-18,0,0,0,412,0,0.0
2024-06-19,0,0,0,412,0,0.0
2024-06-20,0,0,0,412,0,0.0
2024-06-21,0,0,0,412,0,0.0
2024-06-24,0,0,0,412,0,0.0
2024-06-25,0,0,0,412,0,0.0
2024-06-26,0,0,0,412,0,0.0
2024-06-27,0,0,0,412,0,0.0
2024-06-28,0,0,0,412,0,0.0
2024-07-01,0,0,0,412,0,0.0
2024-07-02,0,0,0,412,0,0.0
2024-07-03,0,0,0,412,0,0.0
2024-07-04,0,0,0,412,0,0.0
2024-07-05,0,0,0,412,0,0.0
2024-07-08,0,0,0,412,0,0.0
2024-07-09,0,0,0,412,0,0.0
2024-07-10,0,0,0,412,0,0.0
2024-07-11,0,0,0,412,0,0.0
2024-07-12,0,0,0,412,0,0.0
2024-07-15,0,0,0,412,0,0.0
2024-07-16,0,0,0,412,0,0.0
2024-07-17,0,0,0,412,0,0.0
2024-07-18,0,0,0,412,0,0.0
2024-07-19,0,0,0,412,0,0.0
2024-07-22,0,0,0,412,0,0.0
2024-07-23,0,0,0,412,0,0.0
2024-07-24,0,0,0,412,0,0.0
2024-07-25,0,0,0,412,0,0.0
2024-07-26,0,0,0,412,0,0.0
2024-07-29,0,0,0,412,0,0.0
2024-07-30,0,0,0,412,0,0.0
2024-07-31,0,0,0,412,0,0.0
2024-08-01,0,0,0,412,0,0.0
2024-08-02,0,0,0,412,0,0.0
2024-08-05,0,0,0,412,0,0.0
2024-08-06,0,0,0,412,0,0.0
2024-08-07,0,0,0,412,0,0.0
2024-08-08,0,0,0,412,0,0.0
2024-08-09,0,0,0,412,0,0.0
2024-08-12,0,0,0,412,0,0.0
2024-08-13,0,0,0,412,0,0.0
2024-08-14,0,0,0,412,0,0.0
2024-08-16,0,0,0,412,0,0.0
2024-08-19,0,0,0,412,0,0.0
2024-08-20,0,0,0,412,0,0.0
2024-08-21,0,0,0,412,0,0.0
2024-08-22,0,0,0,412,0,0.0
2024-08-23,0,0,0,412,0,0.0
2024-08-26,0,0,0,412,0,0.0
2024-08-27,0,0,0,412,0,0.0
2024-08-28,0,0,0,412,0,0.0
2024-08-29,0,0,0,412,0,0.0
2024-08-30,0,0,0,412,0,0.0
2024-09-02,0,0,0,412,0,0.0
2024-09-03,0,0,0,412,0,0.0
2024-09-04,0,0,0,412,0,0.0
2024-09-05,0,0,0,412,0,0.0
