Date,Open,High,Low,Close,Volume,Change
2023-02-03,5502,7153,5502,6716,59484840,
2023-02-06,6465,6590,6202,6428,11628894,-0.0428826682549136
2023-02-07,6890,7128,6490,6578,19787554,0.023335407591785984
2023-02-08,6778,6790,6327,6353,7959515,-0.03420492550927334
2023-02-09,6203,6240,5877,5878,5315077,-0.07476782622383127
2023-02-10,5777,6328,5477,5928,16218064,0.008506294658046976
2023-02-13,5765,6053,5702,5778,4751426,-0.0253036437246964
2023-02-14,5965,6140,5815,5815,4834905,0.006403599861543707
2023-02-15,5765,5815,5477,5715,3210643,-0.017196904557179704
2023-02-16,5777,6003,5577,5828,5338308,0.019772528433945835
2023-02-17,5640,5727,5514,5590,2860936,-0.04083733699382297
2023-02-20,5502,5552,5164,5252,3542620,-0.06046511627906981
2023-02-21,5239,5402,5201,5252,2109391,0.0
2023-02-22,5090,5102,4907,4910,2708739,-0.06511805026656514
2023-02-23,4930,4995,4739,4815,1636946,-0.0193482688391039
2023-02-24,4842,4887,4701,4722,1274090,-0.019314641744548333
2023-02-27,4654,4664,4497,4497,1508536,-0.047649301143583234
2023-02-28,4514,5165,4439,4780,6459566,0.06293084278407823
2023-03-02,4845,4845,4637,4665,1213551,-0.024058577405857706
2023-03-03,4656,5614,4651,5227,19519942,0.12047159699892829
2023-03-06,5477,5652,5176,5252,8825071,0.004782858236081822
2023-03-07,5265,5402,5102,5140,5200167,-0.021325209444021276
2023-03-08,5002,5114,4934,4947,2383327,-0.0375486381322957
2023-03-09,4967,5215,4947,4955,4017095,0.0016171417020416357
2023-03-10,4829,5052,4689,4727,3265170,-0.046014127144298644
2023-03-13,4614,4691,4466,4529,1592818,-0.041887031944150666
2023-03-14,4502,4504,4212,4212,1680259,-0.06999337602119671
2023-03-15,4354,4542,4326,4452,2036638,0.056980056980056926
2023-03-16,4512,5115,4512,4755,9730653,0.06805929919137466
2023-03-17,4877,5040,4677,4750,2896805,-0.001051524710830698
2023-03-20,4702,5027,4702,4840,3297380,0.0189473684210526
2023-03-21,4944,5039,4864,4872,2300068,0.006611570247933907
2023-03-22,4977,5102,4906,4947,2809620,0.015394088669950845
2023-03-23,4977,5227,4954,5040,5295112,0.018799272286234014
2023-03-24,5177,5214,5001,5052,1629930,0.0023809523809523725
2023-03-27,5077,5164,4949,4972,1706916,-0.015835312747426777
2023-03-28,4999,5077,4796,4832,1355386,-0.028157683024939706
2023-03-29,4809,5165,4802,5165,3403435,0.06891556291390732
2023-03-30,5440,5665,5140,5140,9514614,-0.004840271055179035
2023-03-31,5127,5164,4964,4997,2010176,-0.027821011673151763
2023-04-03,5064,5377,4999,5265,3589774,0.05363217930758446
2023-04-04,5190,5477,5127,5190,4167661,-0.014245014245014231
2023-04-05,5215,5340,5190,5190,1909955,0.0
2023-04-06,5152,5252,4984,5000,1786130,-0.036608863198458574
2023-04-07,5014,5139,5002,5002,1286508,0.00039999999999995595
2023-04-10,5014,5077,4736,4752,1983663,-0.049980007996801246
2023-04-11,4779,4855,4502,4855,2173460,0.021675084175084125
2023-04-12,4882,5002,4689,4752,1652782,-0.02121524201853764
2023-04-13,4747,4872,4701,4712,1441656,-0.008417508417508435
2023-04-14,4752,4877,4732,4790,1235263,0.016553480475381965
2023-04-17,4810,4877,4754,4760,818033,-0.006263048016701411
2023-04-18,4779,5052,4779,5000,4508829,0.050420168067226934
2023-04-19,5077,5140,4979,5015,2168551,0.0029999999999998916
2023-04-20,5064,5365,4987,5215,6188353,0.039880358923230386
2023-04-21,5139,5152,4884,4927,2110442,-0.05522531160115052
2023-04-24,4939,5427,4939,5077,8682652,0.030444489547391873
2023-04-25,5164,5327,5001,5202,4608079,0.024620839078195678
2023-04-26,5102,5139,4952,4952,1647888,-0.048058439061899216
2023-04-27,5065,5065,4732,4835,1751912,-0.02362681744749595
2023-04-28,4834,4987,4744,4767,1318978,-0.014064115822130296
2023-05-02,4767,4852,4721,4767,699017,0.0
2023-05-03,4752,4832,4715,4715,681531,-0.010908328088944819
2023-05-04,4717,4809,4701,4717,763219,0.00042417815482509447
2023-05-08,4804,4814,4702,4702,636863,-0.0031799872800508666
2023-05-09,4716,4721,4499,4499,1085404,-0.043173117822203344
2023-05-10,4499,4619,4404,4487,1350805,-0.0026672593909757847
2023-05-11,4576,4676,4479,4479,1104446,-0.001782928459995503
2023-05-12,4486,4616,4456,4529,643611,0.011163206072784204
2023-05-15,4584,4584,4464,4477,481691,-0.011481563258997518
2023-05-16,4501,5126,4358,4524,13164336,0.010498101407192317
2023-05-17,4551,4681,4488,4614,1599119,0.019893899204244114
2023-05-18,4667,4852,4614,4657,2114708,0.009319462505418263
2023-05-19,4690,4827,4659,4665,2059198,0.0017178441056473481
2023-05-22,4697,4712,4566,4667,547491,0.0004287245444800636
2023-05-23,4704,4777,4664,4697,859806,0.006428112277694353
2023-05-24,4699,4852,4631,4817,2057819,0.025548222269533793
2023-05-25,4782,4802,4652,4690,956302,-0.026364957442391534
2023-05-26,4664,4797,4659,4697,746976,0.0014925373134329067
2023-05-30,4712,4789,4694,4702,638742,0.001064509261230473
2023-05-31,4695,4775,4677,4690,458056,-0.002552105487026779
2023-06-01,4672,4702,4609,4617,555943,-0.015565031982942457
2023-06-02,4644,4644,4596,4602,359341,-0.0032488628979857603
2023-06-05,4602,4645,4594,4625,259075,0.004997827031725244
2023-06-07,4636,4992,4576,4697,3872213,0.015567567567567497
2023-06-08,4697,4724,4644,4662,438155,-0.007451564828613977
2023-06-09,4681,4794,4664,4707,1338180,0.009652509652509744
2023-06-12,4707,4877,4532,4740,863173,0.007010834926704845
2023-06-13,4787,4834,4722,4722,687288,-0.0037974683544304
2023-06-14,4752,4795,4602,4645,1027916,-0.01630664972469298
2023-06-15,4669,4719,4606,4614,480540,-0.0066738428417653095
2023-06-16,4644,4644,4604,4622,382916,0.001733853489380044
2023-06-19,4581,4639,4563,4579,300093,-0.009303331890956335
2023-06-20,4579,4649,4548,4579,417390,0.0
2023-06-21,4564,4752,4541,4547,1000554,-0.006988425420397459
2023-06-22,4536,4584,4531,4549,249057,0.0004398504508467127
2023-06-23,4584,4584,4476,4479,323529,-0.015387997362057648
2023-06-26,4476,4562,4451,4487,471489,0.0017861129716454371
2023-06-27,4464,4484,4376,4409,404964,-0.017383552484956488
2023-06-28,4449,4449,4254,4257,576824,-0.034474937627579916
2023-06-29,4279,4322,4219,4257,300797,0.0
2023-06-30,4309,4309,3998,4179,457352,-0.018322762508809043
2023-07-03,4188,4336,4188,4334,316440,0.037090212969610015
2023-07-04,4303,4351,4291,4314,321905,-0.00461467466543608
2023-07-05,4356,4359,4241,4244,296415,-0.016226240148354165
2023-07-06,4297,4297,4099,4112,401039,-0.031102733270499505
2023-07-07,4102,4102,3954,3977,481575,-0.03283073929961089
2023-07-10,3941,4014,3881,3939,285285,-0.0095549409102339
2023-07-11,3926,4001,3908,3989,273388,0.012693577050012728
2023-07-12,4047,4047,3949,3987,233257,-0.0005013787916771095
2023-07-13,4037,4057,3966,3987,280352,0.0
2023-07-14,4009,4009,3896,3949,383008,-0.00953097567093053
2023-07-17,3948,4051,3866,3989,411317,0.010129146619397345
2023-07-18,4026,4176,3981,4084,686152,0.023815492604662758
2023-07-19,4112,4114,3989,4002,350338,-0.02007835455435847
2023-07-20,4002,4027,3924,3927,294112,-0.01874062968515744
2023-07-21,3951,3961,3914,3914,266092,-0.003310415075120976
2023-07-24,3914,3914,3673,3689,776120,-0.057485947879407306
2023-07-25,3689,3724,3443,3479,981121,-0.05692599620493355
2023-07-26,3421,4457,3181,4452,13074544,0.2796780684104627
2023-07-27,4466,4469,3948,4014,5582656,-0.09838274932614555
2023-07-28,3899,4049,3779,3982,2044018,-0.007972097658196287
2023-07-31,3951,4174,3946,4022,2430861,0.010045203415369075
2023-08-01,4021,4112,3969,4052,1246985,0.0074589756340128766
2023-08-02,4024,4127,3872,3872,831222,-0.0444225074037512
2023-08-03,3826,3826,3551,3554,1200222,-0.08212809917355368
2023-08-04,3551,3623,3530,3551,422471,-0.0008441193021947457
2023-08-07,3516,3551,3438,3449,557270,-0.028724303013235697
2023-08-08,3501,3611,3446,3459,968436,0.0028993911278631934
2023-08-09,3453,3569,3451,3464,587190,0.0014455044810639528
2023-08-10,3443,3606,3420,3466,1419536,0.0005773672055426893
2023-08-11,3473,3543,3473,3531,514597,0.018753606462781347
2023-08-14,3528,3661,3495,3621,1113062,0.02548853016142738
2023-08-16,3670,3801,3610,3691,1580169,0.019331676332504877
2023-08-17,3734,4797,3554,4677,46936755,0.2671362774315904
2023-08-18,4451,4524,4146,4159,7700431,-0.11075475732307039
2023-08-21,4123,4481,4076,4309,8035162,0.03606636210627556
2023-08-22,4326,4469,4254,4377,3686086,0.01578092364817829
2023-08-23,4391,4607,4351,4557,5339600,0.04112405757368065
2023-08-24,4569,4667,4489,4572,3645364,0.003291639236339794
2023-08-25,4509,4957,4509,4760,11889817,0.04111986001749779
2023-08-28,4759,4797,4661,4727,2183978,-0.006932773109243673
2023-08-29,4769,4774,4564,4577,2540753,-0.031732599957689844
2023-08-30,4584,4670,4527,4625,3244957,0.010487218702206702
2023-08-31,6010,6010,6010,6010,419123,0.2994594594594595
2023-09-01,6840,7600,5740,5940,10572316,-0.011647254575707144
2023-09-04,5950,5990,5060,5120,1952623,-0.13804713804713808
2023-09-05,5180,6420,5030,5990,13794465,0.169921875
2023-09-06,5880,5980,5480,5600,1307499,-0.06510851419031716
2023-09-07,5590,5760,5300,5300,851346,-0.0535714285714286
2023-09-08,5230,5380,5170,5290,470357,-0.0018867924528301883
2023-09-11,5270,5340,5150,5230,322981,-0.011342155009451793
2023-09-12,5180,6390,5180,5880,15176493,0.124282982791587
2023-09-13,5650,6790,5500,5950,12334707,0.011904761904761862
2023-09-14,5950,6150,5640,5850,1719129,-0.01680672268907568
2023-09-15,5840,6280,5780,5870,2470033,0.0034188034188034067
2023-09-18,5750,5820,5300,5310,843052,-0.09540034071550252
2023-09-19,5390,5730,5110,5120,1361749,-0.03578154425612057
2023-09-20,4490,4815,4465,4495,2840180,-0.1220703125
2023-09-21,4450,4460,4020,4070,1541905,-0.09454949944382651
2023-09-22,3885,4600,3770,3960,12186414,-0.027027027027026973
2023-09-25,3960,3985,3615,3615,2283702,-0.08712121212121215
2023-09-26,3585,3755,3490,3490,2409230,-0.03457814661134162
2023-09-27,3415,3570,3410,3500,1039527,0.002865329512893977
2023-10-04,3470,3500,3210,3225,1260736,-0.07857142857142863
2023-10-05,3240,3385,3100,3100,1054042,-0.03875968992248058
2023-10-06,3050,3450,3050,3245,1691303,0.04677419354838719
2023-10-10,3265,3750,3210,3365,7310805,0.036979969183358996
2023-10-11,3420,3675,3415,3540,2288716,0.0520059435364042
2023-10-12,3555,3625,3520,3520,1260609,-0.005649717514124242
2023-10-13,3560,3560,3355,3395,882222,-0.035511363636363646
2023-10-16,3340,3445,3230,3270,824025,-0.03681885125184092
2023-10-17,3320,3420,3300,3330,1030467,0.0183486238532109
2023-10-18,3345,3380,3245,3245,741517,-0.02552552552552556
2023-10-19,3185,3185,3080,3090,779141,-0.04776579352850541
2023-10-20,3040,3070,2920,2995,999711,-0.03074433656957931
2023-10-23,2995,3055,2905,2915,618012,-0.026711185308848084
2023-10-24,2930,2990,2775,2955,806490,0.013722126929674117
2023-10-25,2970,3000,2870,2870,466288,-0.02876480541455162
2023-10-26,2770,2795,2620,2650,903843,-0.0766550522648084
2023-10-27,2665,2725,2600,2640,579247,-0.0037735849056603765
2023-10-30,2605,2700,2600,2670,454037,0.011363636363636465
2023-10-31,2685,2925,2610,2680,2166816,0.0037453183520599342
2023-11-01,2710,2885,2700,2770,2396369,0.033582089552238736
2023-11-02,2820,2905,2800,2850,1322565,0.028880866425992746
2023-11-03,2930,2950,2830,2880,985764,0.010526315789473717
2023-11-06,2945,3220,2930,3140,2342089,0.09027777777777768
2023-11-07,3165,3170,2880,2930,1082868,-0.06687898089171973
2023-11-08,2930,2960,2805,2810,698212,-0.04095563139931746
2023-11-09,2810,2850,2745,2785,429695,-0.008896797153024938
2023-11-10,2750,2760,2695,2710,332215,-0.026929982046678624
2023-11-13,2730,2780,2630,2640,742993,-0.02583025830258301
2023-11-14,2660,2770,2660,2725,557852,0.032196969696969724
2023-11-15,2800,2835,2760,2780,450471,0.020183486238532167
2023-11-16,2785,2915,2760,2835,757493,0.019784172661870603
2023-11-17,3035,3160,2825,2840,3268815,0.0017636684303350414
2023-11-20,2815,2945,2800,2870,775167,0.010563380281690238
2023-11-21,2895,2950,2855,2925,805690,0.019163763066202044
2023-11-22,2915,2955,2880,2880,573111,-0.01538461538461533
2023-11-23,2900,2920,2850,2850,393787,-0.01041666666666663
2023-11-24,2865,2895,2830,2835,443782,-0.0052631578947368585
2023-11-27,2840,2840,2710,2820,517581,-0.005291005291005346
2023-11-28,2805,2835,2795,2820,451408,0.0
2023-11-29,2825,2845,2790,2805,336761,-0.005319148936170248
2023-11-30,2810,2905,2790,2895,555744,0.03208556149732611
2023-12-01,2950,2955,2855,2860,485734,-0.012089810017271163
2023-12-04,2880,2910,2800,2805,586179,-0.019230769230769273
2023-12-05,2790,2920,2770,2775,435450,-0.010695187165775444
2023-12-06,2750,2860,2750,2845,512130,0.02522522522522519
2023-12-07,2850,2850,2760,2770,331941,-0.026362038664323406
2023-12-08,2775,2830,2750,2770,545567,0.0
2023-12-11,2775,2840,2770,2785,319121,0.005415162454873723
2023-12-12,2790,2925,2785,2870,1333038,0.030520646319569078
2023-12-13,2870,2905,2820,2860,662038,-0.0034843205574912606
2023-12-14,2875,2905,2810,2840,475628,-0.006993006993006978
2023-12-15,2845,2975,2845,2900,1577675,0.021126760563380254
2023-12-18,2930,2980,2900,2945,988372,0.01551724137931032
2023-12-19,2960,2985,2910,2925,642305,-0.006791171477079749
2023-12-20,2930,2985,2920,2925,811306,0.0
2023-12-21,2900,2965,2865,2890,454962,-0.011965811965811923
2023-12-22,2910,2950,2880,2895,647880,0.0017301038062282892
2023-12-26,2895,2900,2805,2805,419985,-0.031088082901554404
2023-12-27,2815,2855,2795,2810,289066,0.0017825311942958333
2023-12-28,2825,2895,2800,2890,404737,0.028469750889679624
2024-01-02,2890,2955,2860,2920,659857,0.01038062283737018
2024-01-03,2910,2915,2850,2890,353057,-0.010273972602739767
2024-01-04,2890,2920,2840,2845,436343,-0.01557093425605538
2024-01-05,2850,2900,2815,2860,323244,0.005272407732864748
2024-01-08,2860,2925,2835,2915,462223,0.019230769230769162
2024-01-09,2940,2955,2880,2910,462539,-0.0017152658662092923
2024-01-10,2915,2930,2870,2895,347852,-0.005154639175257714
2024-01-11,2905,3430,2905,3320,18220083,0.14680483592400684
2024-01-12,3240,3270,3130,3270,3597717,-0.015060240963855387
2024-01-15,3365,3405,3130,3160,3225429,-0.033639143730886834
2024-01-16,3145,3195,3030,3195,1795161,0.011075949367088667
2024-01-17,3130,3150,2985,2990,1219774,-0.06416275430359941
2024-01-18,2970,3295,2930,3110,6563182,0.04013377926421402
2024-01-19,3115,3170,3035,3075,1081363,-0.0112540192926045
2024-01-22,3075,3095,2920,2925,1142968,-0.04878048780487809
2024-01-23,2920,2975,2860,2900,692944,-0.008547008547008517
2024-01-24,2895,2970,2860,2935,883708,0.012068965517241459
2024-01-25,2935,2940,2730,2785,1030852,-0.05110732538330498
2024-01-26,2735,2830,2735,2800,430704,0.0053859964093356805
2024-01-29,2820,2845,2750,2760,434191,-0.014285714285714235
2024-01-30,2770,2835,2755,2760,399864,0.0
2024-01-31,2755,2780,2720,2730,391302,-0.010869565217391353
2024-02-01,2730,2840,2730,2805,593470,0.027472527472527375
2024-02-02,2815,2935,2815,2865,630116,0.021390374331550888
2024-02-05,2865,2905,2845,2890,290278,0.008726003490401313
2024-02-06,2870,2885,2805,2810,373145,-0.02768166089965396
2024-02-07,2840,2885,2805,2810,411180,0.0
2024-02-08,2860,2955,2835,2890,682397,0.028469750889679624
2024-02-13,2930,2935,2895,2920,426375,0.01038062283737018
2024-02-14,2865,2970,2865,2940,658693,0.006849315068493178
2024-02-15,2945,2990,2945,2950,462786,0.00340136054421758
2024-02-16,2955,2995,2935,2995,511036,0.015254237288135686
2024-02-19,2980,3020,2935,2965,387041,-0.01001669449081799
2024-02-20,2985,2985,2905,2910,564474,-0.018549747048903886
2024-02-21,2890,2935,2850,2880,422955,-0.010309278350515427
2024-02-22,2900,2940,2825,2855,453997,-0.00868055555555558
2024-02-23,2855,2870,2780,2790,514288,-0.02276707530647981
2024-02-26,2815,2830,2735,2785,332665,-0.0017921146953404632
2024-02-27,2785,2870,2765,2785,383945,0.0
2024-02-28,2780,2820,2760,2775,214394,-0.0035906642728904536
2024-02-29,2780,2810,2740,2780,268049,0.0018018018018017834
2024-03-04,2780,2845,2760,2795,472640,0.0053956834532373765
2024-03-05,2770,2790,2720,2730,412861,-0.023255813953488413
2024-03-06,2715,2770,2655,2685,510275,-0.016483516483516536
2024-03-07,2680,2790,2630,2750,542391,0.024208566108007368
2024-03-08,2765,2825,2735,2760,301335,0.0036363636363636598
2024-03-11,2725,2760,2695,2700,200495,-0.021739130434782594
2024-03-12,2730,2790,2690,2740,176442,0.014814814814814836
2024-03-13,2720,2780,2710,2750,222871,0.0036496350364962904
2024-03-14,2730,3070,2695,2860,6732289,0.040000000000000036
2024-03-15,2835,2860,2775,2830,831697,-0.010489510489510523
2024-03-18,2810,2880,2805,2865,535786,0.012367491166077826
2024-03-19,2865,2955,2825,2950,951729,0.029668411867364686
2024-03-20,2970,3000,2885,2980,1190526,0.01016949152542379
2024-03-21,3075,3310,3000,3000,8989557,0.006711409395973256
2024-03-22,3005,3130,2960,3035,1399745,0.011666666666666714
2024-03-25,3055,3090,3000,3010,764558,-0.008237232289950547
2024-03-26,2970,3150,2970,3085,1537191,0.024916943521594792
2024-03-27,3085,3340,3020,3030,3737244,-0.017828200972447306
2024-03-28,3045,3050,2920,2940,696664,-0.02970297029702973
2024-03-29,3000,3020,2935,2950,464250,0.00340136054421758
2024-04-01,2950,3000,2940,2985,369269,0.011864406779660941
2024-04-02,2985,3020,2915,2915,460747,-0.02345058626465657
2024-04-03,2885,2955,2805,2810,524739,-0.03602058319039447
2024-04-04,2815,2865,2795,2810,254179,0.0
2024-04-05,2785,3150,2765,2965,2975362,0.05516014234875444
2024-04-08,2990,2990,2850,2885,522141,-0.026981450252951067
2024-04-09,2885,3125,2885,2950,1364289,0.022530329289428108
2024-04-11,2910,3025,2910,3025,751131,0.025423728813559254
2024-04-12,3020,3090,2980,3010,679778,-0.0049586776859503745
2024-04-15,2975,3190,2910,3065,1341476,0.0182724252491695
2024-04-16,3000,3095,2960,2970,574884,-0.030995106035889064
2024-04-17,2970,3005,2900,2900,405126,-0.023569023569023573
2024-04-18,2885,3015,2860,3010,323205,0.037931034482758585
2024-04-19,3005,3025,2885,2900,455564,-0.03654485049833889
2024-04-22,2955,3020,2910,2975,494334,0.02586206896551735
2024-04-23,2960,2995,2945,2950,254702,-0.008403361344537785
2024-04-24,3000,3080,2955,3045,1023168,0.03220338983050852
2024-04-25,3035,3070,2990,3010,435917,-0.011494252873563204
2024-04-26,3015,3045,2985,2990,407712,-0.006644518272425293
2024-04-29,2990,3035,2965,3015,316797,0.008361204013378032
2024-04-30,3025,3085,3000,3015,813830,0.0
2024-05-02,3015,3150,2980,3075,1848782,0.01990049751243772
2024-05-03,3080,3085,3010,3020,515812,-0.01788617886178867
2024-05-07,3030,3030,2995,3005,429294,-0.004966887417218513
2024-05-08,3030,3155,3030,3145,2146304,0.04658901830282858
2024-05-09,3155,3170,3055,3060,1549055,-0.027027027027026973
2024-05-10,3080,3080,3030,3055,468376,-0.0016339869281045694
2024-05-13,3050,3090,2985,2995,597165,-0.019639934533551506
2024-05-14,2995,3010,2945,2950,445279,-0.015025041736227096
2024-05-16,2970,2990,2935,2945,340995,-0.0016949152542372614
2024-05-17,2950,2985,2925,2930,220332,-0.005093378607809895
2024-05-20,2925,2975,2910,2930,336758,0.0
2024-05-21,2940,2980,2905,2915,412687,-0.005119453924914641
2024-05-22,2920,2975,2910,2965,378424,0.0171526586620927
2024-05-23,2970,2970,2900,2905,387018,-0.0202360876897133
2024-05-24,2875,2905,2835,2840,439181,-0.022375215146299476
2024-05-27,2840,2875,2800,2845,373509,0.0017605633802817433
2024-05-28,2825,2865,2820,2830,222555,-0.005272407732864637
2024-05-29,2820,2845,2775,2780,294047,-0.017667844522968212
2024-05-30,2775,2800,2735,2740,177949,-0.014388489208633115
2024-05-31,2735,2770,2720,2750,230156,0.0036496350364962904
2024-06-03,2750,2775,2720,2760,179389,0.0036363636363636598
2024-06-04,2760,2765,2725,2745,180866,-0.005434782608695676
2024-06-05,2745,2815,2720,2790,334673,0.016393442622950838
2024-06-07,2780,2810,2770,2780,172247,-0.0035842293906810374
2024-06-10,2780,2805,2765,2780,175779,0.0
2024-06-11,2780,2860,2780,2805,367509,0.008992805755395628
2024-06-12,2815,2840,2775,2780,232338,-0.0089126559714795
2024-06-13,2790,2820,2775,2790,154649,0.003597122302158251
2024-06-14,2805,2805,2750,2760,209150,-0.010752688172043001
2024-06-17,2750,2770,2710,2710,227582,-0.018115942028985477
2024-06-18,2710,2730,2665,2665,261009,-0.016605166051660514
2024-06-19,2700,2835,2700,2740,678493,0.02814258911819878
2024-06-20,2760,2780,2705,2705,193872,-0.012773722627737238
2024-06-21,2710,2750,2665,2665,238704,-0.014787430683918634
2024-06-24,2645,2690,2550,2580,444638,-0.031894934333958735
2024-06-25,2550,2620,2550,2575,182823,-0.0019379844961240345
2024-06-26,2580,2600,2560,2570,111442,-0.001941747572815511
2024-06-27,2565,2590,2530,2545,125023,-0.009727626459143934
2024-06-28,2540,2565,2510,2535,154979,-0.003929273084479323
2024-07-01,2515,2535,2495,2510,231256,-0.009861932938856066
2024-07-02,2515,2525,2440,2440,219577,-0.027888446215139417
2024-07-03,2485,2530,2385,2415,278252,-0.010245901639344246
2024-07-04,2405,2445,2385,2400,171665,-0.006211180124223614
2024-07-05,2395,2435,2380,2380,210778,-0.008333333333333304
2024-07-08,2385,2455,2380,2425,181365,0.018907563025210017
2024-07-09,2425,2480,2400,2425,160027,0.0
2024-07-10,2430,2435,2375,2400,171613,-0.010309278350515427
2024-07-11,2405,2440,2380,2400,159541,0.0
2024-07-12,2400,2430,2375,2395,145963,-0.002083333333333326
2024-07-15,2450,2580,2400,2475,930289,0.03340292275574108
2024-07-16,2705,2820,2555,2565,5714892,0.036363636363636376
2024-07-17,2610,2610,2475,2480,679040,-0.033138401559454245
2024-07-18,2480,2480,2380,2385,574340,-0.03830645161290325
2024-07-19,2375,2435,2375,2415,241460,0.012578616352201255
2024-07-22,2410,2415,2290,2300,421090,-0.04761904761904767
2024-07-23,2310,2330,2250,2250,278720,-0.021739130434782594
2024-07-24,2210,2300,2200,2210,528087,-0.01777777777777778
2024-07-25,2155,2165,2085,2110,426199,-0.04524886877828049
2024-07-26,2100,2120,2080,2105,261411,-0.0023696682464454666
2024-07-29,2110,2150,2095,2150,125868,0.0213776722090262
2024-07-30,2145,2145,2095,2100,224113,-0.023255813953488413
2024-07-31,2085,2120,2085,2105,145059,0.0023809523809523725
2024-08-01,2110,2180,2110,2160,172274,0.026128266033254244
2024-08-02,2105,2135,1909,2015,419543,-0.06712962962962965
2024-08-05,1955,1955,1606,1693,735358,-0.1598014888337469
2024-08-06,1686,1819,1686,1799,667651,0.06261075014766693
2024-08-07,1750,1855,1750,1836,216711,0.020566981656475747
2024-08-08,1807,1852,1789,1809,227739,-0.014705882352941124
2024-08-09,1821,1925,1821,1905,275229,0.05306799336650081
2024-08-12,1901,2475,1900,2475,14393699,0.29921259842519676
2024-08-13,2500,2740,2270,2315,13968494,-0.06464646464646462
2024-08-14,2300,2340,2220,2220,1412097,-0.04103671706263501
2024-08-16,2265,2775,2160,2430,22431802,0.09459459459459452
2024-08-19,2560,2680,2460,2515,7979283,0.034979423868312765
2024-08-20,2485,2710,2410,2610,8419996,0.0377733598409542
2024-08-21,2525,2590,2465,2590,1869333,-0.007662835249042099
2024-08-22,2590,2605,2350,2350,1689121,-0.0926640926640927
2024-08-23,2410,2630,2345,2435,6543935,0.036170212765957555
2024-08-26,2490,2565,2385,2390,1458133,-0.01848049281314168
2024-08-27,2350,2370,2280,2370,693305,-0.008368200836820106
2024-08-28,2320,2370,2250,2270,689543,-0.04219409282700426
2024-08-29,2240,2360,2225,2260,720406,-0.004405286343612369
2024-08-30,2260,2315,2230,2280,388560,0.008849557522123908
2024-09-02,2255,2260,2205,2215,347462,-0.028508771929824595
2024-09-03,2215,2245,2150,2170,274726,-0.020316027088036148
2024-09-04,2085,2100,2030,2060,398486,-0.05069124423963134
2024-09-05,2075,2125,2030,2085,313551,0.012135922330097193
2024-09-06,2145,2180,1990,1996,611122,-0.04268585131894487
2024-09-09,1901,1991,1901,1962,221546,-0.017034068136272507
2024-09-10,1962,1993,1909,1931,212130,-0.015800203873598373
2024-09-11,1930,1969,1900,1924,186553,-0.0036250647332988217
2024-09-12,1925,2005,1925,1990,172095,0.03430353430353428
2024-09-13,1995,2535,1995,2230,14978507,0.12060301507537696
2024-09-19,2265,2430,2230,2405,4187895,0.07847533632286985
2024-09-20,2435,2450,2285,2285,1733021,-0.0498960498960499
2024-09-23,2290,2320,2265,2265,438492,-0.008752735229759279
2024-09-24,2265,2400,2245,2400,1189087,0.0596026490066226
2024-09-25,2405,2430,2315,2320,1197042,-0.033333333333333326
2024-09-26,2305,2355,2300,2315,402360,-0.0021551724137931494
2024-09-27,2315,2355,2290,2290,424358,-0.010799136069114423
2024-09-30,2300,2315,2245,2250,311478,-0.017467248908296984
2024-10-02,2180,2235,2160,2200,294776,-0.022222222222222254
2024-10-04,2180,2250,2165,2180,195045,-0.009090909090909038
2024-10-07,2180,2260,2170,2235,261703,0.025229357798165042
2024-10-08,2205,2275,2190,2210,204731,-0.01118568232662187
2024-10-10,2230,2300,2200,2200,270691,-0.004524886877828038
2024-10-11,2200,2230,2180,2180,219097,-0.009090909090909038
2024-10-14,2210,2215,2130,2140,198075,-0.01834862385321101
2024-10-15,2145,2180,2100,2115,181891,-0.011682242990654235
2024-10-16,2190,2300,2115,2130,339984,0.007092198581560183
2024-10-17,2130,2155,2045,2045,255057,-0.039906103286385
2024-10-18,2045,2080,2000,2010,206459,-0.017114914425427896
2024-10-21,2010,2075,2000,2075,152776,0.03233830845771135
2024-10-22,2045,2050,1960,1962,290332,-0.05445783132530124
2024-10-23,1958,2550,1929,2285,18415835,0.16462793068297654
2024-10-24,2265,2440,2190,2230,7288873,-0.024070021881838044
2024-10-25,2210,2255,2115,2205,2291584,-0.011210762331838597
2024-10-28,2195,2255,2170,2200,1237380,-0.0022675736961451642
2024-10-29,2195,2205,2120,2160,639257,-0.018181818181818188
2024-10-30,2145,2175,2080,2090,482847,-0.03240740740740744
2024-10-31,2060,2085,2030,2055,409214,-0.01674641148325362
2024-11-01,2005,2075,2000,2035,257082,-0.009732360097323589
2024-11-04,2040,2100,2040,2075,204220,0.019656019656019597
2024-11-05,2060,2140,2060,2060,275807,-0.0072289156626506035
2024-11-06,2070,2120,1995,2005,462332,-0.02669902912621358
2024-11-07,2005,2025,1972,2000,254482,-0.0024937655860348684
2024-11-08,1991,2035,1900,1985,290644,-0.007499999999999951
2024-11-11,2020,2035,1959,1965,273289,-0.010075566750629705
2024-11-12,1971,1975,1861,1865,599907,-0.05089058524173029
2024-11-13,1817,1890,1779,1779,332393,-0.04611260053619304
2024-11-14,1779,1808,1735,1735,213992,-0.02473299606520518
2024-11-15,1686,1760,1677,1748,248739,0.007492795389048901
2024-11-18,1749,2135,1749,1899,3039688,0.08638443935926765
2024-11-19,1899,1940,1875,1875,335675,-0.012638230647709303
2024-11-20,1875,1904,1848,1848,144303,-0.014399999999999968
2024-11-21,1829,1848,1792,1802,263020,-0.024891774891774854
2024-11-22,1808,1839,1791,1791,129242,-0.006104328523862335
2024-11-25,1791,1848,1791,1812,181249,0.011725293132328396
2024-11-26,1802,1840,1798,1811,90505,-0.0005518763796908965
2024-11-27,1806,1819,1782,1785,131071,-0.014356709000552192
2024-11-28,1780,1809,1770,1786,108057,0.0005602240896358524
2024-11-29,1783,1786,1742,1773,122161,-0.007278835386338223
2024-12-02,1773,1819,1751,1755,241511,-0.010152284263959421
2024-12-03,1754,1810,1754,1810,163152,0.031339031339031376
2024-12-04,1766,1810,1741,1748,210217,-0.034254143646408886
2024-12-05,1743,2165,1738,1850,13339458,0.0583524027459954
2024-12-06,1848,1859,1741,1761,1237501,-0.04810810810810806
2024-12-09,1710,1738,1550,1565,926179,-0.11130039750141962
2024-12-10,1565,1784,1565,1725,763981,0.10223642172523961
2024-12-11,1716,1788,1710,1781,404466,0.03246376811594209
2024-12-12,1780,1811,1765,1788,237077,0.003930376193149954
2024-12-13,1750,1802,1719,1800,194313,0.006711409395973256
2024-12-16,1807,1870,1800,1868,330133,0.03777777777777769
2024-12-17,1854,1868,1810,1833,220012,-0.01873661670235549
2024-12-18,1833,1844,1770,1834,150266,0.0005455537370431252
2024-12-19,1801,1815,1785,1804,89549,-0.016357688113413316
2024-12-20,1804,1805,1708,1710,233885,-0.05210643015521066
2024-12-23,1710,1746,1700,1708,152445,-0.0011695906432748204
2024-12-24,1698,1733,1693,1702,167652,-0.003512880562060894
2024-12-26,1702,1723,1676,1680,171339,-0.01292596944770863
2024-12-27,1661,1694,1636,1649,131353,-0.018452380952380998
2024-12-30,1630,1713,1623,1699,134073,0.03032140691328067
2025-01-02,1699,1715,1685,1710,67412,0.0064743967039435635
2025-01-03,1730,1757,1710,1743,169335,0.019298245614035148
2025-01-06,1743,1768,1742,1763,94666,0.011474469305794655
2025-01-07,1770,1776,1751,1765,88219,0.0011344299489506326
2025-01-08,1774,1776,1745,1765,79556,0.0
2025-01-09,1765,1783,1747,1769,111935,0.002266288951841444
2025-01-10,1768,1924,1762,1801,1197499,0.018089315997738886
2025-01-13,1796,1807,1759,1769,192988,-0.017767906718489712
2025-01-14,1769,1820,1758,1800,166462,0.017524024872809463
2025-01-15,1783,1810,1773,1779,93062,-0.011666666666666714
2025-01-16,1794,1898,1788,1815,289104,0.02023608768971341
2025-01-17,1815,1837,1800,1807,147625,-0.0044077134986225674
2025-01-20,1800,1869,1797,1855,278284,0.026563364692861136
2025-01-21,1864,1873,1779,1779,257696,-0.04097035040431263
2025-01-22,1779,1797,1760,1778,94857,-0.0005621135469364713
2025-01-23,1767,1767,1716,1718,165495,-0.03374578177727783
2025-01-24,1710,1735,1706,1713,63463,-0.0029103608847497187
2025-01-31,1713,1737,1688,1690,116691,-0.013426736719206023
2025-02-03,1674,1679,1588,1615,197389,-0.044378698224852076
2025-02-04,1611,1659,1611,1638,64383,0.014241486068111486
2025-02-05,1624,1665,1624,1644,111368,0.00366300366300365
2025-02-06,1644,1664,1635,1647,96974,0.0018248175182482562
2025-02-07,1630,1663,1628,1639,93626,-0.004857316332726125
2025-02-10,1649,1675,1620,1671,161394,0.019524100061012906
2025-02-11,1699,1699,1658,1684,111062,0.007779772591262724
2025-02-12,1678,1678,1640,1656,131623,-0.016627078384798155
2025-02-13,1664,1699,1659,1693,161979,0.022342995169082114
2025-02-14,1700,1728,1684,1694,215435,0.0005906674542233148
2025-02-17,1700,1700,1680,1682,118935,-0.00708382526564344
2025-02-18,1665,1695,1665,1679,140013,-0.00178359096313907
2025-02-19,1680,1748,1675,1727,306782,0.02858844550327566
2025-02-20,1756,1794,1730,1731,325766,0.0023161551823971394
2025-02-21,1755,1814,1733,1746,383408,0.008665511265164572
2025-02-24,1722,1894,1717,1764,1247482,0.010309278350515427
2025-02-25,1786,1806,1721,1752,266780,-0.006802721088435382
2025-02-26,1750,1770,1730,1766,146904,0.007990867579908745
2025-02-27,1749,1775,1742,1742,178121,-0.013590033975084959
2025-02-28,1742,1757,1689,1694,250200,-0.027554535017221604
2025-03-04,1651,1694,1647,1647,170674,-0.02774498229043687
2025-03-05,1647,1685,1647,1673,104607,0.015786278081360017
2025-03-06,1686,1717,1648,1653,147860,-0.011954572624028659
2025-03-07,1684,1684,1602,1623,130159,-0.01814882032667875
2025-03-10,1638,1638,1608,1611,74801,-0.007393715341959317
2025-03-11,1586,1639,1565,1618,211363,0.004345127250155123
2025-03-12,1618,1666,1618,1630,42813,0.007416563658838138
2025-03-13,1641,1648,1608,1618,60717,-0.007361963190184007
2025-03-14,1602,1619,1580,1601,122192,-0.010506798516687232
2025-03-17,1602,1632,1600,1601,136853,0.0
2025-03-18,1623,1623,1601,1610,73729,0.0056214865708932304
2025-03-19,1610,1622,1602,1603,126409,-0.004347826086956497
2025-03-20,1603,1616,1591,1599,152932,-0.0024953212726138707
2025-03-21,1599,1600,1564,1582,113750,-0.010631644777986282
2025-03-24,1583,1716,1583,1634,212284,0.03286978508217442
2025-03-25,1658,1784,1651,1659,1169769,0.015299877600979173
2025-03-26,1658,1713,1640,1677,163512,0.010849909584086825
2025-03-27,1677,1713,1653,1653,226844,-0.014311270125223596
2025-03-28,1707,1707,1627,1632,147862,-0.012704174228675091
2025-03-31,1635,1640,1581,1581,168890,-0.03125
2025-04-01,1572,1616,1572,1587,104918,0.00379506641366234
2025-04-02,1598,1979,1574,1723,21980579,0.0856962822936358
2025-04-03,1692,1780,1652,1652,1895176,-0.04120719674985496
2025-04-04,1640,1705,1601,1626,1099447,-0.0157384987893463
2025-04-07,1595,1615,1551,1567,607238,-0.03628536285362849
2025-04-08,1573,1594,1545,1546,523149,-0.01340140395660494
2025-04-09,1515,1540,1467,1484,613300,-0.040103492884864145
2025-04-10,1534,1589,1532,1589,402470,0.070754716981132
2025-04-11,1550,1576,1535,1555,312336,-0.021397105097545666
2025-04-14,1556,1593,1555,1579,259933,0.015434083601286064
2025-04-15,1605,1633,1580,1609,277433,0.01899936668777702
2025-04-16,1597,1624,1569,1583,199016,-0.01615910503418272
2025-04-17,1583,1624,1583,1616,227782,0.020846493998736504
2025-04-18,1616,1641,1605,1638,198816,0.013613861386138515
2025-04-21,1639,1681,1620,1665,271677,0.016483516483516425
2025-04-22,1681,1681,1640,1644,184460,-0.012612612612612595
2025-04-23,1646,1684,1646,1683,230542,0.02372262773722622
2025-04-24,1681,1714,1670,1681,173638,-0.0011883541295305555
2025-04-25,1711,1722,1682,1712,190366,0.01844140392623439
2025-04-28,1714,1750,1688,1688,234177,-0.014018691588784993
2025-04-29,1688,1719,1680,1701,109979,0.007701421800947905
2025-04-30,1693,1705,1662,1663,212347,-0.022339800117577857
2025-05-02,1664,1685,1649,1650,80255,-0.007817197835237488
2025-05-07,1654,1680,1640,1670,136204,0.0121212121212122
2025-05-08,1655,1715,1655,1713,177340,0.02574850299401188
2025-05-09,1713,1723,1690,1696,116703,-0.009924109748978394
2025-05-12,1717,1755,1698,1742,262801,0.027122641509433887
2025-05-13,1742,1777,1731,1754,162572,0.006888633754305484
2025-05-14,1788,1788,1733,1738,135877,-0.009122006841505104
2025-05-15,1738,1750,1718,1740,87076,0.0011507479861909697
2025-05-16,1741,1751,1711,1713,149921,-0.01551724137931032
2025-05-19,1713,1740,1690,1705,151678,-0.004670169293636839
2025-05-20,1706,1725,1687,1698,157211,-0.004105571847507372
2025-05-21,1698,1738,1698,1713,107137,0.008833922261484162
2025-05-22,1696,1714,1685,1700,91269,-0.007589025102159974
2025-05-23,1693,1710,1661,1672,156488,-0.016470588235294126
2025-05-26,1672,1692,1670,1676,75475,0.0023923444976077235
2025-05-27,1725,1740,1683,1689,249359,0.007756563245823411
2025-05-28,1681,1722,1681,1717,169838,0.0165778567199526
2025-05-29,1715,1744,1704,1739,213386,0.012813046010483387
2025-05-30,1716,1755,1716,1727,119854,-0.006900517538815376
2025-06-02,1727,1747,1724,1742,125649,0.008685581933989495
2025-06-04,1742,1752,1735,1749,78102,0.0040183696900115695
2025-06-05,1765,1767,1740,1743,150569,-0.0034305317324184736
2025-06-09,1743,1749,1712,1712,202571,-0.017785427423981592
2025-06-10,1712,1739,1695,1735,175765,0.013434579439252303
2025-06-11,1720,1769,1720,1755,157652,0.011527377521613813
2025-06-12,1755,1760,1731,1742,156663,-0.007407407407407418
2025-06-13,1750,1750,1697,1738,227329,-0.0022962112514350874
2025-06-16,1711,1718,1692,1698,181078,-0.023014959723820505
2025-06-17,1729,1888,1698,1704,2041645,0.0035335689045936647
2025-06-18,1705,1723,1701,1719,179540,0.008802816901408494
2025-06-19,1709,1734,1701,1727,176202,0.0046538685282140335
2025-06-20,1750,1750,1716,1739,147707,0.00694846554719164
2025-06-23,1736,1740,1698,1700,264094,-0.022426682001150056
2025-06-24,1747,1747,1704,1719,160795,0.011176470588235343
2025-06-25,1719,1773,1719,1763,356666,0.025596276905177406
2025-06-26,1760,1762,1724,1743,168802,-0.011344299489506549
2025-06-27,1743,1811,1716,1720,784382,-0.01319563970166382
2025-06-30,1720,1734,1695,1700,191455,-0.011627906976744207
2025-07-01,1703,1725,1700,1708,146671,0.004705882352941115
2025-07-02,1708,1718,1675,1705,224579,-0.0017564402810303914
2025-07-03,1694,1790,1694,1750,372481,0.02639296187683282
2025-07-04,1742,1909,1728,1740,3802711,-0.005714285714285672
2025-07-07,1750,1762,1732,1739,288264,-0.0005747126436781436
2025-07-08,1735,1817,1735,1769,634713,0.017251293847038607
2025-07-09,1772,1780,1742,1756,176514,-0.007348784624081395
2025-07-10,1753,1776,1743,1754,170486,-0.001138952164009166
2025-07-11,1754,1781,1754,1774,278489,0.011402508551881407
2025-07-14,1775,1849,1765,1841,672797,0.037767756482525394
2025-07-15,1849,1850,1797,1817,318457,-0.0130363932645301
2025-07-16,1807,1818,1788,1788,227785,-0.015960374243258135
2025-07-17,1790,1820,1777,1783,185833,-0.002796420581655523
2025-07-18,1806,1840,1785,1814,365168,0.01738642736960183
2025-07-21,1835,1872,1812,1859,399021,0.02480705622932744
2025-07-22,1849,1857,1803,1808,241278,-0.0274341043571813
2025-07-23,1794,1870,1794,1840,340108,0.017699115044247815
2025-07-24,1826,1835,1796,1809,263533,-0.016847826086956563
2025-07-25,1809,1834,1790,1795,235610,-0.007739082365948002
2025-07-28,1796,1830,1794,1809,172639,0.007799442896935904
2025-07-29,1822,1822,1775,1786,136532,-0.012714206744057543
2025-07-30,1787,2320,1786,2320,29844837,0.29899216125419925
2025-07-31,2370,2465,2100,2180,24377913,-0.06034482758620685
2025-08-01,2175,2180,2010,2020,2923343,-0.07339449541284404
2025-08-04,1987,2040,1940,1953,2194685,-0.0331683168316832
2025-08-05,1945,2080,1944,1981,4370143,0.014336917562723928
2025-08-06,1957,2040,1957,1984,1161903,0.0015143866733973166
2025-08-07,1980,2520,1961,2320,47435083,0.1693548387096775
2025-08-08,2305,2375,2215,2230,6412393,-0.03879310344827591
2025-08-11,2330,2575,2325,2370,29653707,0.06278026905829592
2025-08-12,2350,2615,2340,2390,19407841,0.00843881856540074
2025-08-13,2410,2445,2280,2345,2640274,-0.01882845188284521
2025-08-14,2345,2445,2285,2305,2502525,-0.017057569296375252
2025-08-18,2300,2335,2210,2265,1062632,-0.017353579175705014
2025-08-19,2265,2300,2210,2260,1171595,-0.002207505518763808
2025-08-20,2210,2460,2180,2350,9140153,0.03982300884955747
2025-08-21,2330,2410,2300,2350,1978737,0.0
2025-08-22,2410,2425,2215,2245,1779929,-0.044680851063829796
2025-08-25,2265,2320,2235,2250,724997,0.00222717149220486
2025-08-26,2270,2285,2130,2155,1044463,-0.04222222222222227
2025-08-27,2165,2180,2125,2145,527053,-0.004640371229698403
2025-08-28,2240,2340,2170,2175,2971075,0.013986013986013957
2025-08-29,2175,2225,2100,2120,709868,-0.025287356321839094
2025-09-01,2140,2160,2105,2105,497876,-0.007075471698113178
2025-09-02,2095,2140,2085,2130,382975,0.01187648456057011
2025-09-03,2135,2135,2050,2060,736483,-0.032863849765258246
2025-09-04,2140,2190,2060,2085,956607,0.012135922330097193
2025-09-05,2085,2090,2055,2070,252916,-0.007194244604316502
2025-09-08,2075,2085,2035,2060,444290,-0.004830917874396157
2025-09-09,2060,2125,2060,2085,487224,0.012135922330097193
2025-09-10,2075,2080,2020,2055,378554,-0.014388489208633115
2025-09-11,2050,2100,2035,2035,379846,-0.009732360097323589
2025-09-12,2060,2090,2035,2080,435874,0.02211302211302213
2025-09-15,2100,2100,2050,2060,321373,-0.009615384615384581
2025-09-16,2045,2075,2035,2045,317075,-0.007281553398058249
2025-09-17,2025,2070,2020,2055,263612,0.004889975550122161
2025-09-18,2055,2085,2040,2065,278644,0.0048661800486617945
2025-09-19,2065,2080,2030,2030,313212,-0.016949152542372836
2025-09-22,2045,2095,2035,2035,297973,0.0024630541871921707
2025-09-23,2040,2120,2015,2085,559904,0.024570024570024662
2025-09-24,2080,2080,2005,2005,419109,-0.0383693045563549
2025-09-25,2000,2040,2000,2010,260347,0.0024937655860348684
2025-09-26,2005,2330,1981,2110,10999524,0.04975124378109452
2025-09-29,2210,2250,2105,2120,1823097,0.004739336492890933
2025-09-30,2100,2125,2025,2030,670559,-0.04245283018867929
2025-10-01,2035,2210,2010,2120,3150365,0.044334975369458185
2025-10-02,2120,2145,2075,2095,722212,-0.011792452830188704
2025-10-10,2110,2155,2025,2090,820704,-0.0023866348448687846
2025-10-13,2045,2082,2025,2040,403622,-0.02392344497607657
2025-10-14,2045,2230,2040,2180,2534848,0.06862745098039214
2025-10-15,2175,2185,2105,2185,800428,0.002293577981651307
2025-10-16,2215,2250,2165,2235,1589604,0.022883295194507935
2025-10-17,2235,2445,2170,2265,5626632,0.01342281879194629
2025-10-20,2255,2300,2180,2280,1212246,0.0066225165562914245
2025-10-21,2280,2315,2220,2230,874458,-0.021929824561403466
2025-10-22,2235,2285,2220,2270,625735,0.017937219730941756
2025-10-23,2270,2275,2140,2150,788512,-0.052863436123347984
2025-10-24,2185,2320,2150,2265,2066216,0.05348837209302326
2025-10-27,2315,2385,2225,2230,1136638,-0.015452538631346546
2025-10-28,2255,2255,2190,2215,545683,-0.006726457399103158
2025-10-29,2215,2245,2190,2200,487429,-0.006772009029345383
2025-10-30,2200,2265,2100,2100,878976,-0.045454545454545414
2025-10-31,2100,2140,2060,2075,440453,-0.011904761904761862
2025-11-03,2095,2130,2055,2090,448027,0.0072289156626506035
2025-11-04,2120,2135,2060,2065,397626,-0.011961722488038284
2025-11-05,2080,2080,1992,2035,596703,-0.014527845036319653
2025-11-06,2045,2070,2025,2055,241066,0.00982800982800991
2025-11-07,2040,2040,1951,1976,570201,-0.0384428223844282
2025-11-10,2000,2115,1974,2045,588350,0.03491902834008087
2025-11-11,2025,2095,2000,2030,387190,-0.007334963325183352
2025-11-12,2030,2075,2005,2075,206637,0.022167487684729092
2025-11-13,2055,2075,2020,2060,156882,-0.0072289156626506035
2025-11-14,2035,2035,1991,2010,290479,-0.024271844660194164
2025-11-17,2015,2035,1960,1977,280622,-0.016417910447761197
2025-11-18,1960,1967,1873,1879,387782,-0.04957005563985839
2025-11-19,1878,1940,1833,1860,196065,-0.010111761575306022
2025-11-20,1929,1935,1886,1921,135038,0.03279569892473111
2025-11-21,1834,1895,1834,1858,142179,-0.03279541905257677
2025-11-24,1870,1900,1811,1811,143618,-0.025296017222820266
2025-11-25,1811,1867,1810,1840,127982,0.016013252346769757
2025-11-26,1841,1888,1841,1878,112676,0.020652173913043415
2025-11-27,1878,1917,1871,1885,101298,0.0037273695420660946
2025-11-28,1880,1960,1880,1939,186830,0.02864721485411148
2025-12-01,1932,1967,1895,1898,194094,-0.021144920061887618
2025-12-02,1888,1938,1888,1915,162585,0.008956796628029506
2025-12-03,1905,1939,1890,1915,116758,0.0
2025-12-04,1937,1972,1895,1908,285248,-0.0036553524804177062
2025-12-05,1908,1925,1891,1925,150879,0.008909853249475796
2025-12-08,1909,1934,1907,1928,195164,0.0015584415584415368
2025-12-09,1912,1940,1886,1890,201713,-0.01970954356846477
2025-12-10,1911,1916,1859,1862,151954,-0.014814814814814836
2025-12-11,1854,1906,1854,1892,101362,0.01611170784103111
2025-12-12,1878,1900,1855,1876,126502,-0.008456659619450302
2025-12-15,1869,1885,1840,1878,119499,0.0010660980810235365
2025-12-16,1866,1870,1821,1826,195964,-0.027689030883919052
2025-12-17,1828,1844,1799,1824,123511,-0.0010952902519167917
2025-12-18,1790,1810,1772,1773,220091,-0.02796052631578949
2025-12-19,1775,1794,1746,1788,142369,0.008460236886632888
2025-12-22,1789,1810,1779,1798,113591,0.005592841163311046
2025-12-23,1821,1824,1748,1752,121202,-0.025583982202447175
2025-12-24,1728,1762,1728,1731,118352,-0.011986301369863006
2025-12-26,1767,1767,1697,1702,214837,-0.01675332177931832
2025-12-29,1714,1730,1691,1710,136762,0.004700352526439522
2025-12-30,1710,1713,1680,1680,208674,-0.01754385964912286
2026-01-02,1680,1718,1680,1714,137261,0.020238095238095166
2026-01-05,1714,1725,1691,1700,150884,-0.008168028004667427
2026-01-06,1700,1730,1650,1684,218262,-0.009411764705882342
2026-01-07,1684,1692,1644,1659,229063,-0.014845605700712583
2026-01-08,1655,1655,1609,1611,198517,-0.02893309222423146
2026-01-09,1611,1635,1605,1632,126976,0.013035381750465591
2026-01-12,1634,1785,1628,1672,936042,0.02450980392156854
2026-01-13,1673,1995,1655,1856,21026943,0.11004784688995217
2026-01-14,1860,1977,1782,1785,3384661,-0.038254310344827624
2026-01-15,1788,1799,1744,1777,667405,-0.004481792717086819
2026-01-16,1771,1814,1733,1752,664220,-0.014068655036578503
2026-01-19,1752,1897,1735,1830,2384554,0.044520547945205546
2026-01-20,1786,1836,1770,1803,438511,-0.014754098360655776
2026-01-21,1788,1802,1751,1787,354997,-0.0088740987243483
2026-01-22,1787,1884,1770,1860,877206,0.04085058757694471
2026-01-23,1892,1892,1812,1823,428733,-0.019892473118279574
2026-01-26,1840,1887,1840,1879,714636,0.030718595721338504
2026-01-27,1880,1885,1814,1825,422555,-0.028738690792974975
2026-01-28,1825,1903,1825,1861,718189,0.01972602739726037
2026-01-29,1884,1900,1834,1875,396971,0.007522837184309461
2026-01-30,1888,1892,1814,1816,307135,-0.03146666666666664
2026-02-02,1770,1815,1744,1747,329443,-0.03799559471365643
2026-02-03,1760,1794,1710,1765,390333,0.01030337721808805
2026-02-04,1757,1775,1733,1753,276550,-0.0067988668555241105
2026-02-05,1770,1770,1725,1738,251762,-0.00855675984027382
2026-02-06,1725,1741,1650,1717,287236,-0.012082853855005737
2026-02-09,1733,1789,1733,1784,216740,0.0390215492137449
