Date,Open,High,Low,Close,Volume,Change
2022-01-03,2870,3060,2770,2865,2968502,0.0
2022-01-04,2900,3040,2820,2915,3256167,0.017452006980802848
2022-01-05,2920,3550,2910,3510,21221932,0.20411663807890212
2022-01-06,3370,3450,3185,3220,3771921,-0.08262108262108259
2022-01-07,2985,2995,2790,2810,3096643,-0.1273291925465838
2022-01-10,2810,2940,2735,2820,1759798,0.003558718861210064
2022-01-11,2820,2830,2665,2695,684733,-0.04432624113475181
2022-01-12,2695,2765,2665,2700,604160,0.0018552875695732052
2022-01-13,2715,3085,2715,2870,11396825,0.06296296296296289
2022-01-14,2815,2885,2800,2825,1146389,-0.015679442508710784
2022-01-17,2760,2790,2585,2610,1264621,-0.07610619469026547
2022-01-18,2610,2685,2600,2620,536393,0.003831417624521105
2022-01-19,2550,2625,2405,2490,474641,-0.04961832061068705
2022-01-20,2500,2660,2495,2645,454259,0.06224899598393585
2022-01-21,2630,2725,2545,2685,508471,0.01512287334593565
2022-01-24,2630,2655,2445,2490,701481,-0.07262569832402233
2022-01-25,2490,2550,2360,2395,482253,-0.0381526104417671
2022-01-26,2340,2545,2340,2465,351262,0.029227557411273475
2022-01-27,2455,2490,2360,2410,387084,-0.022312373225152116
2022-01-28,2425,2585,2390,2560,430183,0.06224066390041494
2022-02-03,2580,2680,2560,2645,369885,0.033203125
2022-02-04,2620,2695,2610,2670,263547,0.00945179584120992
2022-02-07,2700,2710,2580,2670,201479,0.0
2022-02-08,2660,2735,2625,2680,288026,0.0037453183520599342
2022-02-09,2710,2760,2685,2745,234246,0.02425373134328357
2022-02-10,2745,2770,2675,2695,200772,-0.01821493624772308
2022-02-11,2665,2670,2630,2630,171251,-0.024118738404452666
2022-02-14,2555,2600,2475,2545,213783,-0.03231939163498099
2022-02-15,2505,2600,2505,2540,164386,-0.0019646365422396617
2022-02-16,2570,2675,2570,2660,232774,0.04724409448818889
2022-02-17,2685,2740,2555,2640,383164,-0.007518796992481258
2022-02-18,2600,2740,2575,2695,387260,0.02083333333333326
2022-02-21,2690,2720,2650,2680,188893,-0.005565862708719838
2022-02-22,2670,2680,2570,2585,218129,-0.035447761194029814
2022-02-23,2570,2660,2565,2590,505361,0.0019342359767891004
2022-02-24,2610,2610,2430,2445,399858,-0.055984555984555984
2022-02-25,2495,2920,2455,2580,7345281,0.05521472392638027
2022-02-28,2595,2685,2565,2670,663157,0.03488372093023262
2022-03-02,2670,2780,2670,2725,721292,0.020599250936329527
2022-03-03,2795,2865,2745,2830,673905,0.038532110091743066
2022-03-04,2890,3010,2810,2835,1043774,0.0017667844522968323
2022-03-07,2820,2925,2755,2780,431743,-0.01940035273368612
2022-03-08,2710,2820,2685,2715,371438,-0.023381294964028743
2022-03-10,2730,2790,2690,2740,242714,0.009208103130755152
2022-03-11,2765,2910,2735,2875,717752,0.0492700729927007
2022-03-14,2875,2965,2840,2935,689381,0.02086956521739136
2022-03-15,2900,2905,2720,2820,632282,-0.03918228279386715
2022-03-16,2825,2955,2760,2890,389794,0.024822695035461084
2022-03-17,2980,2980,2880,2955,286988,0.02249134948096887
2022-03-18,2965,3050,2905,3030,647572,0.025380710659898442
2022-03-21,3020,3130,2990,3030,518466,0.0
2022-03-22,3025,3030,2850,2930,570193,-0.03300330033003296
2022-03-23,2900,3180,2900,2975,2597229,0.015358361774743923
2022-03-24,2965,2975,2880,2915,489822,-0.020168067226890796
2022-03-25,2915,2925,2800,2820,534761,-0.032590051457976
2022-03-28,2820,3100,2785,3015,1734859,0.06914893617021267
2022-03-29,3065,3065,2960,2985,664925,-0.00995024875621886
2022-03-30,2990,3195,2965,3080,2110498,0.031825795644891075
2022-03-31,3060,3145,3025,3115,639867,0.011363636363636465
2022-04-01,3115,3120,2990,3025,534779,-0.028892455858748
2022-04-04,3040,3070,2985,3030,353477,0.0016528925619834212
2022-04-05,3040,3115,3025,3035,349040,0.0016501650165017256
2022-04-06,3000,3040,2910,2945,368235,-0.029654036243822124
2022-04-07,2945,2945,2790,2810,329696,-0.04584040747028861
2022-04-08,2810,2860,2770,2810,192578,0.0
2022-04-11,2815,2820,2740,2745,234576,-0.02313167259786475
2022-04-12,2700,2755,2620,2665,273188,-0.02914389799635697
2022-04-13,2645,2740,2645,2710,140539,0.016885553470919357
2022-04-14,2750,2750,2680,2695,158382,-0.005535055350553542
2022-04-15,2700,2725,2665,2705,111137,0.0037105751391466324
2022-04-18,2675,2705,2645,2655,163347,-0.01848428835489835
2022-04-19,2665,2715,2660,2715,183820,0.02259887005649719
2022-04-20,2725,2815,2685,2795,185465,0.02946593001841613
2022-04-21,2795,2795,2740,2780,153801,-0.00536672629695889
2022-04-22,2775,2775,2730,2765,108911,-0.0053956834532373765
2022-04-25,2700,2730,2630,2670,361146,-0.03435804701627487
2022-04-26,2670,2750,2665,2705,179647,0.013108614232209659
2022-04-27,2655,2675,2620,2660,206609,-0.01663585951940849
2022-04-28,2685,2735,2675,2700,148148,0.015037593984962516
2022-04-29,2730,2850,2700,2835,345975,0.050000000000000044
2022-05-02,2780,2860,2780,2835,235436,0.0
2022-05-03,2810,2865,2800,2860,202938,0.008818342151675429
2022-05-04,2890,3150,2835,2890,2412423,0.010489510489510412
2022-05-06,2840,3060,2795,2920,944211,0.01038062283737018
2022-05-09,2920,2975,2750,2800,417201,-0.04109589041095896
2022-05-10,2700,2770,2630,2740,248220,-0.021428571428571463
2022-05-11,2685,2865,2685,2810,291881,0.025547445255474477
2022-05-12,2750,2790,2640,2650,269679,-0.05693950177935947
2022-05-13,2655,2710,2600,2655,138974,0.0018867924528302993
2022-05-16,2680,2780,2670,2750,123732,0.03578154425612046
2022-05-17,2775,2815,2710,2760,181146,0.0036363636363636598
2022-05-18,2780,2950,2780,2820,289372,0.021739130434782705
2022-05-19,2780,2780,2700,2725,172657,-0.03368794326241131
2022-05-20,2725,2770,2685,2695,173406,-0.011009174311926606
2022-05-23,2675,2695,2620,2685,193420,-0.0037105751391465214
2022-05-24,2685,2705,2580,2590,172061,-0.035381750465549366
2022-05-25,2590,2615,2555,2575,106479,-0.00579150579150578
2022-05-26,2575,2640,2565,2595,89341,0.007766990291262044
2022-05-27,2640,2640,2595,2615,64417,0.007707129094412402
2022-05-30,2640,2690,2630,2645,87479,0.011472275334607929
2022-05-31,2680,2680,2615,2680,109747,0.013232514177693666
2022-06-02,2680,2690,2625,2680,123290,0.0
2022-06-03,2695,2740,2670,2705,146466,0.009328358208955168
2022-06-07,2720,3030,2720,2835,3743537,0.04805914972273562
2022-06-08,2840,2905,2800,2835,670508,0.0
2022-06-09,2850,2850,2710,2780,387237,-0.01940035273368612
2022-06-10,2780,2790,2720,2735,148879,-0.01618705035971224
2022-06-13,2635,2680,2570,2580,303266,-0.05667276051188297
2022-06-14,2530,2620,2450,2500,241056,-0.03100775193798455
2022-06-15,2485,2515,2270,2355,382621,-0.05800000000000005
2022-06-16,2355,2480,2320,2340,120757,-0.006369426751592355
2022-06-17,2230,2335,2185,2320,205937,-0.008547008547008517
2022-06-20,2340,2355,2080,2095,351403,-0.09698275862068961
2022-06-21,2090,2230,2090,2185,275521,0.042959427207637235
2022-06-22,2210,2280,1990,2060,193386,-0.05720823798627006
2022-06-23,2040,2110,1900,1955,228456,-0.050970873786407744
2022-06-24,1905,2035,1905,1975,238134,0.010230179028132946
2022-06-27,2055,2125,2030,2110,116971,0.06835443037974676
2022-06-28,2130,2170,2095,2140,119576,0.014218009478673022
2022-06-29,2135,2170,2080,2160,104008,0.009345794392523255
2022-06-30,2160,2170,2060,2060,89372,-0.04629629629629628
2022-07-01,2045,2105,1975,1995,125352,-0.03155339805825241
2022-07-04,1995,2040,1930,1990,89425,-0.0025062656641604564
2022-07-05,1990,2085,1990,2075,66431,0.04271356783919589
2022-07-06,2095,2115,2045,2065,99630,-0.004819277108433773
2022-07-07,2065,2150,2065,2150,169449,0.041162227602905554
2022-07-08,2165,2180,2115,2155,109805,0.0023255813953488857
2022-07-11,2155,2200,2125,2155,102901,0.0
2022-07-12,2155,2165,2080,2110,82931,-0.02088167053364265
2022-07-13,2090,2160,2085,2130,103893,0.009478672985782088
2022-07-14,2130,2175,2100,2120,72880,-0.0046948356807511304
2022-07-15,2130,2260,2100,2140,161874,0.009433962264151052
2022-07-18,2170,2200,2040,2195,162716,0.025700934579439227
2022-07-19,2200,2250,2195,2250,90677,0.02505694760820054
2022-07-20,2255,2285,2220,2260,150613,0.004444444444444473
2022-07-21,2265,2310,2250,2295,117301,0.015486725663716783
2022-07-22,2295,2315,2220,2240,106850,-0.023965141612200425
2022-07-25,2240,2280,2225,2240,30927,0.0
2022-07-26,2240,2275,2220,2225,59336,-0.006696428571428603
2022-07-27,2225,2345,2190,2345,219072,0.053932584269662964
2022-07-28,2345,2350,2300,2335,114249,-0.004264392324093813
2022-07-29,2360,2370,2320,2345,82113,0.004282655246252709
2022-08-01,2345,2385,2320,2380,134637,0.014925373134328401
2022-08-02,2480,2480,2315,2340,276298,-0.01680672268907568
2022-08-03,2330,2400,2305,2380,94517,0.017094017094017033
2022-08-04,2415,2425,2380,2405,72709,0.010504201680672232
2022-08-05,2405,2430,2400,2420,58810,0.006237006237006293
2022-08-08,2435,2435,2360,2395,44959,-0.010330578512396715
2022-08-09,2395,2420,2340,2380,88676,-0.006263048016701411
2022-08-10,2400,2425,2375,2405,133750,0.010504201680672232
2022-08-11,2405,2425,2395,2410,52122,0.0020790020790020236
2022-08-12,2410,2430,2380,2415,84175,0.0020746887966804906
2022-08-16,2415,2435,2375,2425,112621,0.0041407867494824835
2022-08-17,2425,2425,2370,2375,95310,-0.020618556701030966
2022-08-18,2330,2390,2300,2385,83332,0.004210526315789442
2022-08-19,2360,2415,2350,2355,68453,-0.012578616352201255
2022-08-22,2290,2330,2275,2275,95344,-0.03397027600849256
2022-08-23,2245,2310,2225,2245,67400,-0.01318681318681314
2022-08-24,2205,2295,2205,2295,59388,0.022271714922049046
2022-08-25,2295,2345,2295,2345,47416,0.02178649237472774
2022-08-26,2360,2380,2335,2345,58765,0.0
2022-08-29,2295,2295,2245,2250,84873,-0.04051172707889128
2022-08-30,2225,2275,2220,2265,55117,0.006666666666666599
2022-08-31,2270,2335,2245,2285,161997,0.008830022075055233
2022-09-01,2285,2285,2180,2220,134360,-0.02844638949671774
2022-09-02,2195,2200,2130,2140,129654,-0.036036036036036
2022-09-05,2105,2155,2050,2100,123495,-0.01869158878504673
2022-09-06,2100,2195,2095,2170,99923,0.03333333333333344
2022-09-07,2200,2205,2080,2105,115012,-0.02995391705069128
2022-09-08,2105,2155,2100,2145,94934,0.019002375296912177
2022-09-13,2165,2255,2165,2255,88370,0.05128205128205132
2022-09-14,2210,2255,2150,2225,76117,-0.013303769401330379
2022-09-15,2235,2290,2205,2240,74652,0.006741573033707926
2022-09-16,2215,2295,2205,2220,86011,-0.008928571428571397
2022-09-19,2210,2220,2130,2135,44493,-0.03828828828828834
2022-09-20,2120,2195,2120,2160,40229,0.011709601873536313
2022-09-21,2160,2205,2140,2140,26697,-0.0092592592592593
2022-09-22,2125,2140,2080,2125,37190,-0.007009345794392496
2022-09-23,2100,2175,2100,2115,50278,-0.004705882352941226
2022-09-26,2095,2095,1930,1945,143696,-0.08037825059101655
2022-09-27,1900,1975,1820,1940,212307,-0.0025706940874036244
2022-09-28,1920,1995,1800,1850,158797,-0.046391752577319534
2022-09-29,1870,1920,1830,1830,66825,-0.010810810810810811
2022-09-30,1775,1885,1775,1870,65585,0.021857923497267784
2022-10-04,1875,1995,1875,1985,105752,0.06149732620320858
2022-10-05,2015,2040,1970,1975,121256,-0.005037783375314908
2022-10-06,1975,2040,1970,2035,52513,0.030379746835442978
2022-10-07,2035,2055,1880,1960,65802,-0.03685503685503688
2022-10-11,1960,1960,1870,1885,74146,-0.03826530612244894
2022-10-12,1850,1865,1820,1820,77550,-0.03448275862068961
2022-10-13,1805,1810,1710,1720,98341,-0.05494505494505497
2022-10-14,1720,1860,1720,1855,146414,0.07848837209302317
2022-10-17,1855,1925,1855,1895,54879,0.02156334231805923
2022-10-18,1915,1960,1915,1955,57877,0.0316622691292876
2022-10-19,1960,2000,1945,1965,46040,0.005115089514066584
2022-10-20,1960,2010,1935,1935,51227,-0.01526717557251911
2022-10-21,1915,1945,1895,1895,46022,-0.02067183462532296
2022-10-24,1910,1950,1880,1880,48939,-0.0079155672823219
2022-10-25,1905,1970,1900,1970,63106,0.0478723404255319
2022-10-26,1990,2000,1950,1990,54221,0.010152284263959421
2022-10-27,1990,2040,1990,2005,52227,0.007537688442211143
2022-10-28,2005,2020,1985,1990,34934,-0.007481296758104716
2022-10-31,1995,2030,1945,2030,39344,0.0201005025125629
2022-11-01,2030,2045,2000,2030,49687,0.0
2022-11-02,2030,2030,1955,1960,31511,-0.03448275862068961
2022-11-03,1925,1925,1850,1905,99096,-0.028061224489795866
2022-11-04,1895,1900,1845,1895,58033,-0.005249343832021025
2022-11-07,1895,1930,1885,1885,69813,-0.00527704485488123
2022-11-08,1910,1960,1895,1910,63594,0.013262599469495928
2022-11-09,1915,1930,1890,1915,41983,0.002617801047120505
2022-11-10,1895,1925,1870,1900,45753,-0.007832898172323799
2022-11-11,1930,1960,1925,1935,78867,0.018421052631578894
2022-11-14,1940,2030,1940,1980,57583,0.023255813953488413
2022-11-15,1960,1985,1905,1985,89382,0.002525252525252597
2022-11-16,1985,1995,1950,1975,86722,-0.005037783375314908
2022-11-17,1960,2020,1945,2020,91937,0.022784810126582178
2022-11-18,2130,2130,1960,1975,254113,-0.022277227722772297
2022-11-21,1975,1990,1920,1930,95354,-0.02278481012658229
2022-11-22,1910,1995,1900,1910,90487,-0.010362694300518172
2022-11-23,1915,1940,1910,1920,45562,0.005235602094240788
2022-11-24,1935,1975,1920,1970,63780,0.02604166666666674
2022-11-25,1970,1995,1960,1990,47500,0.010152284263959421
2022-11-28,1990,2000,1850,1950,58686,-0.02010050251256279
2022-11-29,1920,1945,1920,1940,30528,-0.00512820512820511
2022-11-30,1960,1980,1940,1970,50847,0.015463917525773141
2022-12-01,1990,2020,1975,2020,64080,0.025380710659898442
2022-12-02,2020,2035,1995,2005,67552,-0.007425742574257432
2022-12-05,2000,2015,1965,1965,63725,-0.01995012468827928
2022-12-06,1960,1995,1940,1985,46228,0.010178117048346147
2022-12-07,1950,1965,1910,1930,50875,-0.027707808564231717
2022-12-08,1915,1915,1880,1895,72266,-0.01813471502590669
2022-12-09,1895,2030,1895,2010,201204,0.06068601583113464
2022-12-12,2010,2040,2000,2000,74203,-0.00497512437810943
2022-12-13,1980,2000,1940,1965,59592,-0.01749999999999996
2022-12-14,1970,2010,1955,1995,124427,0.01526717557251911
2022-12-15,1995,2010,1985,2000,40860,0.0025062656641603454
2022-12-16,2000,2130,1980,2060,346968,0.030000000000000027
2022-12-19,2075,2100,2010,2010,123563,-0.024271844660194164
2022-12-20,2010,2080,2010,2010,85091,0.0
2022-12-21,2030,2035,2010,2025,60063,0.00746268656716409
2022-12-22,2025,2050,2005,2025,49976,0.0
2022-12-23,2025,2030,1950,1975,91862,-0.024691358024691357
2022-12-26,1955,2025,1950,2025,90476,0.025316455696202445
2022-12-27,2025,2025,1975,1995,39558,-0.014814814814814836
2022-12-28,1995,2005,1975,1995,62561,0.0
2022-12-29,1995,1995,1945,1965,51375,-0.015037593984962405
2023-01-02,1965,1975,1880,1890,77334,-0.03816793893129766
2023-01-03,1885,1905,1835,1895,77491,0.002645502645502562
2023-01-04,1875,1980,1850,1900,43701,0.0026385224274405594
2023-01-05,1930,1935,1900,1915,26168,0.007894736842105177
2023-01-06,1915,1955,1900,1955,26910,0.02088772845953013
2023-01-09,1955,1975,1940,1960,16412,0.002557544757033181
2023-01-10,1960,1975,1940,1950,28090,-0.005102040816326481
2023-01-11,1955,1980,1950,1980,33224,0.01538461538461533
2023-01-12,2005,2015,1950,1985,59531,0.002525252525252597
2023-01-13,1980,2005,1970,1990,27202,0.0025188916876575096
2023-01-16,1990,2005,1985,1990,28952,0.0
2023-01-17,1990,2010,1970,2010,58676,0.01005025125628145
2023-01-18,2010,2010,1990,1995,28602,-0.007462686567164201
2023-01-19,1995,2005,1965,1985,43361,-0.005012531328320802
2023-01-20,2000,2005,1980,2000,29346,0.007556675062972307
2023-01-25,2000,2010,1975,2000,52026,0.0
2023-01-26,2010,2010,1994,2005,51107,0.0024999999999999467
2023-01-27,2005,2015,1997,2010,55016,0.0024937655860348684
2023-01-30,2025,2025,1990,2005,51151,-0.0024875621890547706
2023-01-31,2010,2020,1989,2010,59254,0.0024937655860348684
2023-02-01,2010,2020,1996,2005,31335,-0.0024875621890547706
2023-02-02,2005,2020,1999,2015,50531,0.004987531172069737
2023-02-03,2015,2050,2000,2040,59099,0.012406947890818865
2023-02-06,2040,2045,2015,2035,40313,-0.002450980392156854
2023-02-07,2040,2055,2010,2020,49337,-0.0073710073710073765
2023-02-08,2040,2075,2025,2070,75773,0.024752475247524774
2023-02-09,2070,2090,2045,2065,35713,-0.0024154589371980784
2023-02-10,2065,2065,1998,2005,58501,-0.029055690072639195
2023-02-13,2005,2025,1988,1999,35174,-0.0029925187032419087
2023-02-14,1999,2020,1999,2015,19472,0.008004002001000599
2023-02-15,2015,2020,1986,1994,48450,-0.01042183622828785
2023-02-16,1978,2010,1978,1998,32178,0.0020060180541625616
2023-02-17,1998,2005,1980,1992,21841,-0.0030030030030030463
2023-02-20,1992,2035,1992,2020,41941,0.014056224899598346
2023-02-21,2030,2035,2000,2020,29284,0.0
2023-02-22,2010,2040,2000,2020,49240,0.0
2023-02-23,2000,2025,2000,2025,35895,0.0024752475247524774
2023-02-24,2025,2040,2000,2005,48345,-0.00987654320987652
2023-02-27,2005,2005,1975,1981,26757,-0.011970074812967635
2023-02-28,1981,2010,1981,2010,29834,0.01463907117617369
2023-03-02,2030,2035,1998,2020,48788,0.004975124378109541
2023-03-03,2025,2035,2000,2020,37132,0.0
2023-03-06,2020,2025,1998,2005,51649,-0.007425742574257432
2023-03-07,2015,2015,1998,2000,60149,-0.0024937655860348684
2023-03-08,1980,1993,1974,1991,28995,-0.0044999999999999485
2023-03-09,1985,2005,1981,1985,18573,-0.0030135610246107003
2023-03-10,1985,1995,1976,1986,23188,0.0005037783375314575
2023-03-13,1961,1975,1951,1963,38029,-0.011581067472306139
2023-03-14,1945,1952,1901,1903,40271,-0.030565461029037233
2023-03-15,1903,1945,1903,1912,35150,0.004729374671571307
2023-03-16,1912,1918,1884,1907,31148,-0.0026150627615062483
2023-03-17,1902,1926,1902,1915,23894,0.004195070791819688
2023-03-20,1917,2025,1917,1954,68966,0.020365535248041855
2023-03-21,1957,1968,1945,1947,21150,-0.003582395087000978
2023-03-22,1947,1967,1940,1944,25408,-0.0015408320493066618
2023-03-23,1935,1959,1925,1938,36255,-0.0030864197530864335
2023-03-24,1931,1949,1921,1930,27982,-0.0041279669762641635
2023-03-27,1930,1935,1919,1924,18740,-0.0031088082901554737
2023-03-28,1916,1924,1901,1906,64737,-0.009355509355509328
2023-03-29,1906,1913,1897,1913,48015,0.003672612801678854
2023-03-30,1907,1929,1900,1922,39902,0.00470465237846307
2023-03-31,1937,1937,1908,1914,33393,-0.004162330905306932
2023-04-03,1968,1980,1938,1976,87341,0.03239289446185989
2023-04-04,1995,1995,1931,1981,98187,0.0025303643724696734
2023-04-05,1982,2080,1973,1999,111694,0.009086320040383677
2023-04-06,1999,2035,1992,2015,65705,0.008004002001000599
2023-04-07,2015,2040,1999,2020,57841,0.002481389578163684
2023-04-10,2020,2020,1986,2000,72450,-0.00990099009900991
2023-04-11,2000,2015,1977,2015,45581,0.007500000000000062
2023-04-12,2025,2030,2000,2020,51249,0.002481389578163684
2023-04-13,2020,2035,2000,2030,45553,0.004950495049504955
2023-04-14,2040,2055,1988,2005,56343,-0.012315270935960632
2023-04-17,2025,2045,2005,2040,63495,0.0174563591022443
2023-04-18,2045,2050,2015,2050,73101,0.004901960784313708
2023-04-19,2050,2075,2045,2070,66697,0.009756097560975618
2023-04-20,2070,2080,2055,2055,64276,-0.007246376811594235
2023-04-21,2030,2045,1994,1998,71765,-0.027737226277372296
2023-04-24,1998,2005,1968,1971,69457,-0.013513513513513487
2023-04-25,1952,1989,1938,1970,65584,-0.0005073566717402889
2023-04-26,1961,1981,1949,1980,31112,0.0050761421319796
2023-04-27,1970,2035,1940,2035,71212,0.02777777777777768
2023-04-28,2040,2060,2000,2005,78504,-0.014742014742014753
2023-05-02,2040,2080,2025,2080,128409,0.03740648379052369
2023-05-03,2080,2090,2040,2040,81264,-0.019230769230769273
2023-05-04,2030,2060,2025,2055,43201,0.007352941176470562
2023-05-08,2055,2075,2045,2055,48345,0.0
2023-05-09,2070,2085,2040,2045,42702,-0.0048661800486617945
2023-05-10,2065,2075,2045,2075,51318,0.014669926650366705
2023-05-11,2055,2095,2050,2080,50113,0.002409638554216942
2023-05-12,2075,2090,2050,2065,42052,-0.007211538461538436
2023-05-15,2065,2065,2010,2035,38585,-0.014527845036319653
2023-05-16,2035,2040,2015,2025,51064,-0.004914004914004955
2023-05-17,2085,2190,2050,2190,289188,0.08148148148148149
2023-05-18,2190,2240,2155,2185,179772,-0.0022831050228310223
2023-05-19,2185,2240,2185,2210,73285,0.011441647597254079
2023-05-22,2225,2265,2210,2220,75132,0.004524886877828038
2023-05-23,2220,2265,2205,2210,83982,-0.0045045045045044585
2023-05-24,2195,2230,2180,2205,58697,-0.002262443438914019
2023-05-25,2205,2235,2190,2210,50763,0.0022675736961450532
2023-05-26,2190,2215,2175,2200,47295,-0.004524886877828038
2023-05-30,2200,2210,2175,2195,70078,-0.002272727272727315
2023-05-31,2195,2235,2195,2230,61973,0.015945330296127658
2023-06-01,2230,2250,2200,2230,71326,0.0
2023-06-02,2230,2250,2205,2250,69483,0.008968609865470878
2023-06-05,2250,2260,2225,2250,54219,0.0
2023-06-07,2250,2265,2225,2230,52800,-0.008888888888888835
2023-06-08,2225,2250,2200,2235,40743,0.0022421524663676085
2023-06-09,2235,2250,2210,2215,34957,-0.008948545861297563
2023-06-12,2215,2240,2175,2180,55020,-0.015801354401805856
2023-06-13,2180,2220,2150,2155,38559,-0.011467889908256867
2023-06-14,2175,2185,2070,2085,86213,-0.0324825986078886
2023-06-15,2095,2110,2065,2105,61956,0.00959232613908867
2023-06-16,2120,2170,2100,2140,46773,0.016627078384798155
2023-06-19,2140,2180,2135,2150,41623,0.004672897196261738
2023-06-20,2150,2160,2110,2110,42380,-0.018604651162790753
2023-06-21,2115,2130,2075,2095,40403,-0.007109004739336511
2023-06-22,2070,2180,2070,2140,78234,0.021479713603818507
2023-06-23,2130,2135,2085,2085,44328,-0.025700934579439227
2023-06-26,2085,2120,2085,2120,74713,0.01678657074340517
2023-06-27,2150,2160,2130,2155,73259,0.01650943396226423
2023-06-28,2150,2180,2140,2180,39929,0.011600928074245953
2023-06-29,2155,2200,2150,2165,36615,-0.006880733944954143
2023-06-30,2145,2210,2105,2185,81647,0.009237875288683695
2023-07-03,2185,2225,2170,2195,119568,0.004576659038901587
2023-07-04,2210,2225,2170,2200,80081,0.002277904328018332
2023-07-05,2200,2220,2170,2170,37635,-0.013636363636363669
2023-07-06,2170,2190,2070,2095,79522,-0.03456221198156684
2023-07-07,2080,2095,2040,2070,89533,-0.011933174224343701
2023-07-10,2050,2070,2020,2030,62423,-0.019323671497584516
2023-07-11,2030,2095,2020,2040,71816,0.0049261083743843415
2023-07-12,2070,2165,2070,2150,84142,0.05392156862745101
2023-07-13,2155,2210,2150,2180,61153,0.013953488372093092
2023-07-14,2195,2205,2120,2145,77998,-0.016055045871559592
2023-07-17,2145,2195,2125,2195,39028,0.02331002331002341
2023-07-18,2195,2195,2100,2110,47158,-0.038724373576309756
2023-07-19,2095,2125,2080,2095,57956,-0.007109004739336511
2023-07-20,2095,2095,2070,2070,27303,-0.011933174224343701
2023-07-21,2070,2105,2065,2070,27957,0.0
2023-07-24,2070,2070,1990,2015,99130,-0.02657004830917875
2023-07-25,1995,2020,1995,2010,47182,-0.002481389578163795
2023-07-26,2000,2010,1890,1897,148341,-0.05621890547263686
2023-07-27,1891,1931,1878,1927,64262,0.015814443858724214
2023-07-28,1927,1977,1918,1977,42863,0.025947067981318073
2023-07-31,1977,2045,1977,2035,46116,0.0293373798684875
2023-08-01,2035,2040,2005,2015,45320,-0.009828009828009798
2023-08-02,2015,2015,1955,1970,65263,-0.022332506203473934
2023-08-03,1962,1985,1945,1972,40465,0.0010152284263960087
2023-08-04,1972,2020,1964,2020,30492,0.024340770791074995
2023-08-07,2020,2065,1984,1990,37721,-0.014851485148514865
2023-08-08,1970,1985,1952,1952,43417,-0.019095477386934623
2023-08-09,1951,1960,1930,1949,30340,-0.0015368852459016757
2023-08-10,1969,1979,1959,1977,25871,0.014366341713699438
2023-08-11,1977,1984,1961,1961,36670,-0.008093070308548334
2023-08-14,1961,1968,1940,1949,56129,-0.006119326874043818
2023-08-16,1922,1929,1884,1884,90485,-0.03335043612108779
2023-08-17,1865,1865,1810,1825,128216,-0.031316348195329136
2023-08-18,1806,1829,1801,1825,68928,0.0
2023-08-21,1817,1853,1815,1851,55465,0.01424657534246565
2023-08-22,1870,1880,1851,1858,25348,0.003781739600215994
2023-08-23,1858,1862,1849,1849,27868,-0.004843918191603902
2023-08-24,1850,1910,1850,1886,42301,0.020010816657652697
2023-08-25,1886,1903,1868,1885,43202,-0.0005302226935313126
2023-08-28,1885,1899,1876,1877,32181,-0.004244031830238693
2023-08-29,1877,1900,1877,1877,48780,0.0
2023-08-30,1878,1895,1875,1884,42438,0.0037293553542887548
2023-08-31,1884,1901,1866,1867,61474,-0.009023354564755892
2023-09-01,1867,1881,1850,1855,65885,-0.006427423674343902
2023-09-04,1854,1855,1833,1839,49122,-0.00862533692722367
2023-09-05,1839,1867,1831,1845,67084,0.0032626427406199365
2023-09-06,1836,1871,1836,1865,30249,0.01084010840108407
2023-09-07,1863,1865,1851,1851,25552,-0.00750670241286866
2023-09-08,1845,1851,1837,1848,24210,-0.0016207455429497752
2023-09-11,1848,1874,1848,1861,23387,0.007034632034631949
2023-09-12,1861,1867,1855,1867,25598,0.003224073078989864
2023-09-13,1858,1859,1851,1851,16686,-0.008569898232458462
2023-09-14,1838,1853,1838,1852,27384,0.0005402485143166658
2023-09-15,1852,1868,1846,1864,22668,0.00647948164146861
2023-09-18,1864,1882,1860,1870,22481,0.0032188841201716833
2023-09-19,1870,1870,1852,1855,15972,-0.008021390374331583
2023-09-20,1855,1855,1841,1847,29940,-0.004312668463611891
2023-09-21,1847,1848,1840,1847,32983,0.0
2023-09-22,1827,1845,1803,1845,28910,-0.0010828370330265846
2023-09-25,1826,1845,1815,1845,39992,0.0
2023-09-26,1845,1853,1813,1844,38911,-0.0005420054200542257
2023-09-27,1836,1844,1807,1820,54356,-0.013015184381778733
2023-10-04,1820,1825,1806,1810,65248,-0.005494505494505475
2023-10-05,1810,1831,1801,1830,43308,0.011049723756906049
2023-10-06,1828,1866,1812,1860,22107,0.016393442622950838
2023-10-10,1865,1880,1805,1806,29675,-0.029032258064516148
2023-10-11,1806,1839,1800,1831,33890,0.013842746400885897
2023-10-12,1834,1865,1834,1851,20778,0.010922992900054718
2023-10-13,1851,1868,1851,1856,30369,0.0027012425715828847
2023-10-16,1859,1870,1803,1830,48170,-0.014008620689655138
2023-10-17,1813,1845,1811,1838,13863,0.004371584699453646
2023-10-18,1838,1857,1835,1843,21548,0.002720348204570122
2023-10-19,1843,1843,1808,1829,27790,-0.007596310363537695
2023-10-20,1829,1842,1800,1812,38994,-0.009294696555494752
2023-10-23,1791,1810,1784,1788,36920,-0.013245033112582738
2023-10-24,1782,1813,1771,1813,31142,0.013982102908277394
2023-10-25,1832,1832,1803,1826,40368,0.007170435741864267
2023-10-26,1817,1830,1808,1812,44048,-0.00766703176341732
2023-10-27,1812,1848,1812,1844,32377,0.017660044150110465
2023-10-30,1844,1861,1843,1845,41777,0.0005422993492407713
2023-10-31,1845,1881,1845,1868,43078,0.012466124661246525
2023-11-01,1864,1877,1859,1869,71520,0.0005353319057814776
2023-11-02,1872,1913,1872,1904,51037,0.01872659176029967
2023-11-03,1905,1919,1905,1912,32041,0.004201680672268893
2023-11-06,1914,1950,1914,1931,35080,0.009937238493723743
2023-11-07,1931,1945,1915,1919,33940,-0.006214396685655155
2023-11-08,1948,1948,1919,1920,15777,0.0005211047420532466
2023-11-09,1920,1933,1917,1918,20526,-0.0010416666666667185
2023-11-10,1917,1918,1890,1894,36062,-0.012513034410844615
2023-11-13,1894,1900,1879,1892,16804,-0.001055966209081327
2023-11-14,1892,1892,1870,1885,40057,-0.0036997885835095
2023-11-15,1888,1919,1888,1919,46826,0.018037135278514693
2023-11-16,1919,1922,1900,1902,79277,-0.008858780614903639
2023-11-17,1902,1922,1884,1892,63773,-0.00525762355415349
2023-11-20,1892,1967,1892,1950,63042,0.030655391120507414
2023-11-21,1950,1989,1950,1966,40191,0.00820512820512831
2023-11-22,1964,1998,1959,1970,50688,0.0020345879959309254
2023-11-23,1970,2005,1968,1995,41302,0.012690355329949332
2023-11-24,1995,2000,1977,1994,36335,-0.0005012531328321135
2023-11-27,1994,2010,1973,1990,26186,-0.0020060180541624506
2023-11-28,1990,1998,1969,1980,35411,-0.005025125628140725
2023-11-29,1980,1980,1957,1970,24538,-0.005050505050505083
2023-11-30,1970,1988,1946,1976,28738,0.003045685279187804
2023-12-01,1976,1976,1951,1951,39881,-0.012651821862348145
2023-12-04,1952,1970,1950,1951,40733,0.0
2023-12-05,1957,1970,1935,1935,35756,-0.008200922603792904
2023-12-06,1935,1950,1916,1946,22817,0.00568475452196382
2023-12-07,1946,1946,1935,1939,21074,-0.003597122302158251
2023-12-08,1919,1958,1919,1956,21627,0.008767405879319234
2023-12-11,1956,1975,1921,1958,44747,0.0010224948875254825
2023-12-12,1959,1977,1951,1974,16238,0.008171603677221695
2023-12-13,1974,1988,1960,1970,17439,-0.0020263424518743856
2023-12-14,1970,1970,1944,1954,24534,-0.008121827411167515
2023-12-15,1954,1967,1950,1966,27888,0.0061412487205732
2023-12-18,1969,1970,1947,1963,22616,-0.0015259409969481386
2023-12-19,1963,1969,1945,1960,14692,-0.0015282730514518672
2023-12-20,1960,1978,1959,1972,20370,0.00612244897959191
2023-12-21,1972,1982,1934,1936,25621,-0.018255578093306246
2023-12-22,1922,1950,1922,1944,41344,0.004132231404958775
2023-12-26,1938,1952,1922,1938,46618,-0.0030864197530864335
2023-12-27,1921,1946,1921,1939,28330,0.0005159958720331037
2023-12-28,1939,1958,1936,1944,28128,0.002578648788035043
2024-01-02,1944,1959,1940,1953,37933,0.004629629629629539
2024-01-03,1947,1958,1936,1939,23762,-0.007168458781361964
2024-01-04,1939,1944,1934,1942,11712,0.0015471892728209369
2024-01-05,1939,1939,1930,1936,17671,-0.003089598352214229
2024-01-08,1935,1935,1922,1927,13600,-0.004648760330578483
2024-01-09,1927,1939,1917,1932,14014,0.002594706798131785
2024-01-10,1932,1943,1921,1931,32597,-0.0005175983436852549
2024-01-11,1931,1947,1929,1934,21749,0.0015535991714137332
2024-01-12,1934,1944,1927,1937,26060,0.0015511892450879028
2024-01-15,1925,2115,1921,2110,410180,0.08931337119256577
2024-01-16,2085,2085,2025,2055,107441,-0.026066350710900466
2024-01-17,2050,2095,2000,2000,118391,-0.02676399026763987
2024-01-18,2000,2035,1962,1991,63599,-0.0044999999999999485
2024-01-19,1991,2050,1991,2050,57180,0.02963335007533896
2024-01-22,2055,2090,2030,2030,57873,-0.009756097560975618
2024-01-23,2030,2050,2010,2040,16521,0.0049261083743843415
2024-01-24,2050,2050,1961,1961,61403,-0.038725490196078405
2024-01-25,1961,1983,1956,1958,31485,-0.0015298317185109545
2024-01-26,1958,1989,1951,1989,23163,0.015832482124616964
2024-01-29,1989,1989,1960,1963,21600,-0.013071895424836555
2024-01-30,1954,1975,1945,1964,29009,0.0005094243504839557
2024-01-31,1964,1964,1943,1943,28395,-0.01069246435845217
2024-02-01,1941,1960,1937,1940,36955,-0.0015440041173443442
2024-02-02,1940,1960,1937,1945,43017,0.002577319587628857
2024-02-05,1941,1964,1940,1942,31109,-0.0015424164524421302
2024-02-06,1942,1942,1925,1925,31714,-0.00875386199794026
2024-02-07,1925,1936,1920,1921,27191,-0.002077922077922123
2024-02-08,1921,1944,1921,1928,21506,0.0036439354502864063
2024-02-13,1937,1950,1929,1931,19325,0.001556016597510368
2024-02-14,1931,1945,1928,1931,25552,0.0
2024-02-15,1931,1943,1931,1933,25708,0.0010357327809424888
2024-02-16,1937,1968,1937,1955,42800,0.011381272633212536
2024-02-19,1955,1955,1930,1945,40924,-0.005115089514066473
2024-02-20,1940,1953,1936,1947,20878,0.0010282776349614942
2024-02-21,1947,1947,1936,1936,38777,-0.005649717514124242
2024-02-22,1936,1952,1931,1935,25342,-0.0005165289256198191
2024-02-23,1935,1939,1920,1922,29484,-0.006718346253229979
2024-02-26,1925,1934,1800,1846,80876,-0.03954214360041619
2024-02-27,1859,1859,1830,1843,43379,-0.0016251354279522845
2024-02-28,1842,1857,1834,1841,27929,-0.0010851871947911151
2024-02-29,1841,1849,1821,1832,45254,-0.004888647474198815
2024-03-04,1832,1846,1820,1828,50769,-0.0021834061135370675
2024-03-05,1834,1841,1797,1830,41601,0.001094091903719896
2024-03-06,1806,1822,1803,1807,26811,-0.012568306010928953
2024-03-07,1793,1807,1783,1807,45529,0.0
2024-03-08,1800,1807,1771,1788,25656,-0.010514665190924144
2024-03-11,1788,1820,1787,1800,38516,0.006711409395973256
2024-03-12,1783,1800,1782,1782,28491,-0.010000000000000009
2024-03-13,1782,1800,1768,1772,54749,-0.0056116722783389195
2024-03-14,1772,1779,1759,1770,33007,-0.0011286681715575453
2024-03-15,1770,1784,1758,1782,29362,0.006779661016949046
2024-03-18,1782,1816,1778,1808,55518,0.014590347923681302
2024-03-19,1808,1851,1796,1833,54767,0.01382743362831862
2024-03-20,1833,1836,1812,1832,38153,-0.0005455537370431252
2024-03-21,1832,1850,1828,1842,25902,0.005458515283842891
2024-03-22,1839,1872,1833,1872,32943,0.016286644951140072
2024-03-25,1872,1872,1854,1863,21321,-0.004807692307692291
2024-03-26,1862,1862,1855,1861,29960,-0.0010735373054213682
2024-03-27,1859,1860,1841,1841,25010,-0.010746910263299325
2024-03-28,1836,1841,1821,1830,37022,-0.005975013579576305
2024-03-29,1821,1837,1809,1819,37515,-0.006010928961748596
2024-04-01,1821,1830,1798,1801,103245,-0.009895547003848315
2024-04-02,1793,1801,1779,1801,81972,0.0
2024-04-03,1782,1808,1782,1801,57281,0.0
2024-04-04,1801,1835,1801,1826,30781,0.013881177123820088
2024-04-05,1826,1867,1809,1841,58821,0.008214676889375605
2024-04-08,1841,1863,1830,1839,45887,-0.0010863661053774898
2024-04-09,1842,1864,1842,1861,57989,0.011963023382272953
2024-04-11,1860,1860,1725,1757,91266,-0.05588393336915631
2024-04-12,1757,1812,1751,1805,96094,0.027319294251565207
2024-04-15,1800,1802,1772,1792,94545,-0.00720221606648197
2024-04-16,1781,1792,1765,1773,38260,-0.010602678571428603
2024-04-17,1763,1794,1750,1774,40147,0.0005640157924422518
2024-04-18,1763,1790,1763,1789,34003,0.008455467869222133
2024-04-19,1793,1805,1730,1765,49334,-0.013415315818893214
2024-04-22,1741,1769,1741,1768,32922,0.0016997167138810276
2024-04-23,1768,1775,1758,1770,14563,0.0011312217194570096
2024-04-24,1772,1776,1763,1774,33780,0.002259887005649608
2024-04-25,1760,1774,1746,1772,19808,-0.0011273957158962622
2024-04-26,1772,1794,1762,1794,39614,0.01241534988713311
2024-04-29,1794,1804,1784,1803,41056,0.0050167224080268635
2024-04-30,1803,1803,1783,1793,28266,-0.005546311702717688
2024-05-02,1793,1793,1766,1789,19389,-0.002230897936419396
2024-05-03,1789,1792,1773,1789,31192,0.0
2024-05-07,1789,1794,1772,1794,28434,0.0027948574622693734
2024-05-08,1793,1804,1793,1799,16693,0.00278706800445927
2024-05-09,1799,1809,1799,1802,4736,0.0016675931072818173
2024-05-10,1788,1804,1788,1800,35546,-0.0011098779134295356
2024-05-13,1797,1803,1790,1800,20567,0.0
2024-05-14,1801,1804,1780,1804,25462,0.0022222222222221255
2024-05-16,1819,1819,1787,1812,9579,0.0044345898004434225
2024-05-17,1797,1815,1797,1802,29215,-0.0055187637969095205
2024-05-20,1797,1810,1790,1803,50174,0.0005549389567147678
2024-05-21,1804,1810,1790,1801,19599,-0.0011092623405435376
2024-05-22,1800,1800,1784,1792,17279,-0.0049972237645752315
2024-05-23,1786,1792,1775,1789,28560,-0.0016741071428570953
2024-05-24,1788,1789,1767,1781,39770,-0.004471771939631108
2024-05-27,1781,1781,1755,1767,28457,-0.007860752386299796
2024-05-28,1766,1766,1747,1747,26410,-0.011318619128466323
2024-05-29,1747,1747,1728,1744,23516,-0.0017172295363480083
2024-05-30,1751,1780,1744,1778,54461,0.019495412844036775
2024-05-31,1767,1786,1758,1784,32477,0.003374578177727683
2024-06-03,1771,1828,1767,1808,116548,0.013452914798206317
2024-06-04,1805,1826,1800,1826,75702,0.009955752212389424
2024-06-05,1819,1825,1799,1818,55387,-0.004381161007667056
2024-06-07,1818,1818,1789,1805,30158,-0.007150715071507108
2024-06-10,1799,1804,1769,1804,41808,-0.0005540166204985875
2024-06-11,1803,1822,1787,1815,69686,0.0060975609756097615
2024-06-12,1816,1816,1799,1800,21314,-0.008264462809917328
2024-06-13,1800,1824,1800,1807,35221,0.0038888888888888307
2024-06-14,1807,1825,1805,1821,94315,0.00774764803541772
2024-06-17,1820,1833,1812,1830,51927,0.0049423393739702615
2024-06-18,1830,1837,1795,1829,74136,-0.0005464480874316502
2024-06-19,1820,1828,1795,1810,123141,-0.010388190267905939
2024-06-20,1810,1950,1788,1929,530558,0.06574585635359109
2024-06-21,1907,1930,1882,1882,195511,-0.02436495593571797
2024-06-24,1887,1944,1859,1859,197555,-0.01222104144527103
2024-06-25,1859,1920,1815,1861,156207,0.0010758472296934496
2024-06-26,1870,1883,1803,1851,147525,-0.005373455131649663
2024-06-27,1851,1859,1799,1823,87625,-0.015126958400864421
2024-06-28,1825,1910,1815,1853,121490,0.01645639056500281
2024-07-01,1866,1950,1853,1929,286864,0.04101457096600103
2024-07-02,1910,1947,1860,1905,158039,-0.01244167962674958
2024-07-03,1904,1904,1852,1853,70932,-0.02729658792650924
2024-07-04,1886,1894,1839,1845,66613,-0.004317323259579009
2024-07-05,1860,1871,1821,1862,75866,0.009214092140921393
2024-07-08,1862,1865,1755,1790,144531,-0.03866809881847477
2024-07-09,1790,1807,1755,1769,57015,-0.01173184357541901
2024-07-10,1765,1779,1726,1779,102170,0.005652911249293346
2024-07-11,1779,1788,1746,1756,52528,-0.012928611579539062
2024-07-12,1756,1763,1743,1752,29217,-0.002277904328018221
2024-07-15,1752,1756,1722,1756,44296,0.0022831050228311334
2024-07-16,1757,1818,1732,1800,58286,0.02505694760820054
2024-07-17,1783,1815,1775,1799,60840,-0.0005555555555555314
2024-07-18,1781,1794,1758,1769,26816,-0.016675931072818284
2024-07-19,1768,1768,1744,1757,27933,-0.006783493499152082
2024-07-22,1758,1774,1737,1767,17316,0.00569151963574277
2024-07-23,1767,1767,1725,1744,40282,-0.013016411997736288
2024-07-24,1743,1786,1720,1720,32729,-0.013761467889908285
2024-07-25,1720,1720,1665,1677,63197,-0.025000000000000022
2024-07-26,1685,1693,1671,1676,20368,-0.0005963029218842841
2024-07-29,1682,1708,1670,1670,17343,-0.0035799522673031214
2024-07-30,1670,1691,1652,1653,44318,-0.010179640718562921
2024-07-31,1658,1700,1650,1690,44190,0.02238354506957041
2024-08-01,1690,1722,1689,1719,23293,0.017159763313609577
2024-08-02,1702,1719,1681,1685,33542,-0.019778941244909864
2024-08-05,1668,1669,1510,1514,77900,-0.10148367952522253
2024-08-06,1514,1574,1510,1556,50942,0.02774108322324964
2024-08-07,1541,1670,1538,1616,33527,0.03856041131105403
2024-08-08,1608,1644,1552,1621,22751,0.0030940594059405413
2024-08-09,1621,1685,1611,1659,13329,0.02344231955582976
2024-08-12,1659,1684,1648,1682,53400,0.013863773357444265
2024-08-13,1682,1687,1667,1680,8966,-0.0011890606420927874
2024-08-14,1686,1686,1674,1684,5041,0.0023809523809523725
2024-08-16,1671,1717,1663,1690,30774,0.0035629453681709222
2024-08-19,1690,1698,1583,1660,33028,-0.017751479289940808
2024-08-20,1644,1697,1637,1686,24040,0.015662650602409567
2024-08-21,1675,1695,1637,1660,17584,-0.01542111506524313
2024-08-22,1659,1689,1645,1660,7192,0.0
2024-08-23,1644,1680,1641,1672,5626,0.0072289156626506035
2024-08-26,1655,1670,1646,1665,6921,-0.004186602870813405
2024-08-27,1665,1665,1640,1656,8757,-0.00540540540540535
2024-08-28,1641,1648,1634,1641,12953,-0.009057971014492794
2024-08-29,1633,1641,1621,1640,15899,-0.0006093845216331717
2024-08-30,1623,1657,1623,1640,17017,0.0
2024-09-02,1640,1659,1630,1630,7414,-0.0060975609756097615
2024-09-03,1625,1641,1622,1629,1538,-0.0006134969325153339
2024-09-04,1625,1625,1596,1604,24449,-0.015346838551258402
2024-09-05,1600,1638,1590,1604,12506,0.0
2024-09-06,1590,1627,1571,1588,6446,-0.009975062344139696
2024-09-09,1588,1588,1568,1587,11987,-0.0006297229219143219
2024-09-10,1570,1587,1566,1576,3383,-0.006931316950220534
2024-09-11,1576,1609,1567,1567,3558,-0.005710659898477188
2024-09-12,1600,1611,1567,1570,4185,0.0019144862795150708
2024-09-13,1584,1603,1569,1578,19423,0.005095541401273884
2024-09-19,1578,1586,1570,1586,9176,0.005069708491761693
2024-09-20,1578,1607,1578,1604,7786,0.011349306431273742
2024-09-23,1604,1613,1598,1600,7583,-0.0024937655860348684
2024-09-24,1585,1616,1585,1616,9027,0.010000000000000009
2024-09-25,1627,1665,1612,1624,13874,0.004950495049504955
2024-09-26,1624,1639,1620,1624,13391,0.0
2024-09-27,1617,1631,1614,1627,13991,0.001847290640394128
2024-09-30,1625,1675,1625,1634,20181,0.004302397049784856
2024-10-02,1634,1640,1625,1636,8909,0.001223990208078396
2024-10-04,1635,1635,1615,1626,9128,-0.006112469437652757
2024-10-07,1626,1649,1613,1615,12261,-0.006765067650676526
2024-10-08,1605,1635,1603,1604,14895,-0.0068111455108359475
2024-10-10,1607,1645,1606,1618,10846,0.008728179551122262
2024-10-11,1607,1629,1607,1629,6876,0.0067985166872681635
2024-10-14,1618,1619,1599,1604,19076,-0.015346838551258402
2024-10-15,1596,1601,1578,1585,34436,-0.011845386533665847
2024-10-16,1577,1584,1550,1575,61608,-0.006309148264984188
2024-10-17,1568,1568,1545,1546,39610,-0.018412698412698436
2024-10-18,1546,1553,1520,1539,28009,-0.004527813712807194
2024-10-21,1532,1548,1515,1526,19357,-0.008447043534762888
2024-10-22,1525,1614,1522,1534,17639,0.005242463958060384
2024-10-23,1534,1534,1442,1494,30297,-0.026075619295958252
2024-10-24,1479,1493,1471,1473,15065,-0.014056224899598346
2024-10-25,1473,1500,1458,1458,25991,-0.010183299389002087
2024-10-28,1458,1495,1453,1478,24832,0.013717421124828544
2024-10-29,1493,1511,1482,1495,6676,0.01150202976995951
2024-10-30,1504,1514,1492,1497,9124,0.0013377926421405117
2024-10-31,1497,1513,1497,1498,9502,0.0006680026720107257
2024-11-01,1498,1508,1487,1501,12990,0.0020026702269693164
2024-11-04,1501,1510,1494,1500,6196,-0.0006662225183211579
2024-11-05,1510,1517,1500,1501,9414,0.0006666666666665932
2024-11-06,1515,1515,1501,1509,7234,0.005329780146569041
2024-11-07,1518,1518,1499,1506,9907,-0.001988071570576566
2024-11-08,1507,1514,1491,1507,5632,0.0006640106241699861
2024-11-11,1507,1507,1488,1488,5833,-0.012607830126078357
2024-11-12,1488,1505,1470,1483,21942,-0.0033602150537634934
2024-11-13,1483,1505,1467,1467,8025,-0.01078894133513153
2024-11-14,1467,1483,1453,1454,13446,-0.008861622358554921
2024-11-15,1446,1500,1444,1499,22546,0.030949105914718
2024-11-18,1461,1563,1461,1553,62691,0.03602401601067373
2024-11-19,1553,1636,1529,1552,40662,-0.0006439150032195862
2024-11-20,1542,1571,1532,1558,15264,0.0038659793814432852
2024-11-21,1548,1574,1537,1562,27154,0.0025673940949935137
2024-11-22,1564,1624,1564,1608,20988,0.0294494238156211
2024-11-25,1596,1665,1593,1661,48615,0.032960199004975044
2024-11-26,1661,1675,1651,1668,24875,0.004214328717639937
2024-11-27,1668,1700,1668,1693,33754,0.014988009592326046
2024-11-28,1693,1710,1690,1696,9551,0.0017720023626697223
2024-11-29,1707,1710,1654,1656,29513,-0.02358490566037741
2024-12-02,1656,1678,1582,1585,26417,-0.04287439613526567
2024-12-03,1585,1638,1560,1601,21918,0.010094637223974745
2024-12-04,1600,1775,1600,1659,283534,0.03622735790131171
2024-12-05,1630,1659,1604,1628,50042,-0.0186859553948161
2024-12-06,1611,1745,1593,1719,140475,0.0558968058968059
2024-12-09,1719,2230,1719,2230,3001898,0.2972658522396743
2024-12-10,2420,2745,2215,2650,3588228,0.188340807174888
2024-12-11,2850,2850,2345,2630,1429230,-0.007547169811320753
2024-12-12,2580,3110,2450,2860,2015071,0.0874524714828897
2024-12-13,2845,2845,2640,2730,685532,-0.045454545454545414
2024-12-16,3115,3465,2720,2745,2362039,0.005494505494505475
2024-12-17,2610,2770,2500,2610,609988,-0.049180327868852514
2024-12-18,2660,3090,2450,2685,2415260,0.028735632183908066
2024-12-19,2685,2900,2670,2850,731802,0.06145251396648055
2024-12-20,2825,2920,2650,2725,467291,-0.04385964912280704
2024-12-23,2845,3100,2795,2965,868040,0.08807339449541285
2024-12-24,2920,2960,2820,2900,295337,-0.021922428330522714
2024-12-26,2765,2870,2655,2690,418570,-0.07241379310344831
2024-12-27,2600,2815,2545,2600,259392,-0.03345724907063197
2024-12-30,2580,2590,2475,2590,270370,-0.0038461538461538325
2025-01-02,2660,2835,2610,2735,411553,0.055984555984555984
2025-01-03,2690,3000,2690,2860,968605,0.04570383912248621
2025-01-06,2855,2865,2670,2750,444848,-0.038461538461538436
2025-01-07,2830,2925,2790,2810,355964,0.021818181818181737
2025-01-08,2875,2875,2750,2815,257652,0.001779359430605032
2025-01-09,2780,2835,2655,2770,348730,-0.01598579040852577
2025-01-10,3005,3070,2740,2780,1866557,0.0036101083032491488
2025-01-13,2755,2840,2720,2770,379982,-0.003597122302158251
2025-01-14,2745,2810,2695,2760,210616,-0.0036101083032491488
2025-01-15,2820,2830,2540,2685,534411,-0.02717391304347827
2025-01-16,2650,2720,2595,2620,369200,-0.02420856610800748
2025-01-17,2665,2810,2600,2775,740039,0.059160305343511466
2025-01-20,2750,2910,2625,2650,595686,-0.04504504504504503
2025-01-21,2630,2660,2550,2570,197866,-0.030188679245283012
2025-01-22,2570,2570,2360,2365,292818,-0.0797665369649806
2025-01-23,2320,2415,2300,2335,159273,-0.012684989429175508
2025-01-24,2350,2380,2310,2380,100809,0.01927194860813697
2025-01-31,2385,2520,2385,2455,207502,0.03151260504201692
2025-02-03,2365,2450,2195,2395,223260,-0.024439918533604943
2025-02-04,2350,2535,2350,2460,107718,0.02713987473903967
2025-02-05,2460,2510,2350,2475,82352,0.0060975609756097615
2025-02-06,2445,2500,2335,2360,151351,-0.04646464646464643
2025-02-07,2320,2375,2235,2275,142536,-0.03601694915254239
2025-02-10,2250,2250,2135,2180,247795,-0.04175824175824172
2025-02-11,2155,2225,2125,2225,112500,0.020642201834862428
2025-02-12,2205,2210,2020,2130,232472,-0.04269662921348316
2025-02-13,2150,2230,2080,2150,114999,0.009389671361502261
2025-02-14,2150,2180,2100,2105,56689,-0.020930232558139528
2025-02-17,2110,2175,2105,2135,30649,0.014251781472684133
2025-02-18,2145,2260,2090,2155,54645,0.00936768149882905
2025-02-19,2155,2185,2065,2150,109444,-0.002320185614849146
2025-02-20,2150,2200,2115,2160,46079,0.0046511627906977715
2025-02-21,2220,2240,2165,2195,54154,0.01620370370370372
2025-02-24,2195,2340,2090,2235,131276,0.018223234624145768
2025-02-25,2315,2315,2165,2170,65814,-0.029082774049216997
2025-02-26,2170,2245,2135,2195,36014,0.011520737327188835
2025-02-27,2230,2260,2135,2170,43045,-0.011389521640091105
2025-02-28,2160,2170,2085,2165,108872,-0.0023041474654378336
2025-03-04,2165,2210,2045,2050,60501,-0.053117782909930744
2025-03-05,2050,2165,2040,2165,89499,0.056097560975609806
2025-03-06,2220,2220,2110,2155,41601,-0.004618937644341847
2025-03-07,2130,2150,1985,2015,123563,-0.06496519721577731
2025-03-10,2000,2095,1980,2090,125646,0.037220843672456594
2025-03-11,2025,2085,2010,2015,52828,-0.03588516746411485
2025-03-12,2015,2035,1935,2005,109737,-0.00496277915632759
2025-03-13,2005,2060,1985,2045,36796,0.01995012468827939
2025-03-14,2030,2095,1996,1996,142841,-0.023960880195599055
2025-03-17,2010,2085,2000,2065,60594,0.03456913827655317
2025-03-18,2105,2105,2010,2090,26441,0.012106537530266248
2025-03-19,2085,2110,1992,1994,87170,-0.04593301435406694
2025-03-20,1995,2020,1874,1918,132661,-0.03811434302908723
2025-03-21,1880,1977,1870,1967,57984,0.025547445255474477
2025-03-24,1967,1993,1880,1993,57609,0.013218098627351349
2025-03-25,2010,2010,1893,1960,54461,-0.01655795283492223
2025-03-26,1944,1974,1882,1902,66021,-0.0295918367346939
2025-03-27,1928,1978,1902,1930,77136,0.014721345951629772
2025-03-28,1930,1940,1864,1879,63551,-0.02642487046632125
2025-03-31,1870,1870,1707,1759,185135,-0.0638637573177222
2025-04-01,1799,2080,1732,1988,357729,0.1301876065946561
2025-04-02,2000,2030,1890,1950,172574,-0.019114688128772594
2025-04-03,1950,2030,1876,1932,153089,-0.009230769230769265
2025-04-04,1931,2510,1907,2480,2379367,0.28364389233954457
2025-04-07,2580,3170,2535,3090,4888675,0.24596774193548376
2025-04-08,3055,3255,2650,2745,2190836,-0.11165048543689315
2025-04-09,2690,2795,2340,2445,936425,-0.10928961748633881
2025-04-10,2445,2535,2340,2375,569653,-0.02862985685071573
2025-04-11,2390,2395,2160,2225,1057520,-0.06315789473684208
2025-04-14,2255,2560,2180,2390,1074570,0.07415730337078652
2025-04-15,2365,2410,2220,2375,454765,-0.006276150627615107
2025-04-16,2390,2430,2250,2260,317505,-0.04842105263157892
2025-04-17,2225,2295,2045,2150,625155,-0.04867256637168138
2025-04-18,2295,2795,2270,2740,5962149,0.27441860465116275
2025-04-21,2400,2565,2230,2360,1878973,-0.13868613138686137
2025-04-22,2270,2330,2180,2240,776460,-0.05084745762711862
2025-04-23,2210,2260,2060,2105,638670,-0.060267857142857095
2025-04-24,2100,2125,1919,2010,1568235,-0.04513064133016631
2025-04-25,1986,2060,1956,1987,610082,-0.011442786069651767
2025-04-28,1987,1998,1730,1730,1091539,-0.1293407146451938
2025-04-29,1727,1780,1503,1568,1441138,-0.09364161849710984
2025-04-30,1553,1627,1540,1620,653383,0.03316326530612246
2025-05-02,1623,1633,1520,1567,272574,-0.032716049382715995
2025-05-07,1566,1613,1536,1603,166453,0.02297383535417996
2025-05-08,1628,1628,1580,1593,81348,-0.006238303181534621
2025-05-09,1610,1610,1540,1565,161421,-0.017576898932831098
2025-05-12,1569,1631,1565,1613,241682,0.030670926517571973
2025-05-13,1648,1648,1540,1616,190578,0.0018598884066955979
2025-05-14,1616,1654,1610,1638,100101,0.013613861386138515
2025-05-15,1638,1665,1591,1602,104389,-0.02197802197802201
2025-05-16,1602,1602,1556,1584,63638,-0.011235955056179803
2025-05-19,1575,1583,1559,1566,95137,-0.011363636363636354
2025-05-20,1566,1580,1556,1560,57299,-0.003831417624521105
2025-05-21,1564,1570,1524,1546,99626,-0.008974358974358942
2025-05-22,1545,1565,1515,1546,125306,0.0
2025-05-23,1539,1576,1539,1566,86647,0.012936610608020649
2025-05-26,1560,1561,1530,1547,46531,-0.012132822477650018
2025-05-27,1550,1550,1512,1529,121578,-0.011635423400129241
2025-05-28,1548,1558,1529,1540,42134,0.007194244604316502
2025-05-29,1531,1560,1531,1554,32502,0.009090909090909038
2025-05-30,1554,1569,1534,1562,67568,0.005148005148005064
2025-06-02,1555,1569,1532,1563,42222,0.000640204865556937
2025-06-04,1562,1579,1541,1577,77411,0.00895713371721052
2025-06-05,1577,1585,1555,1567,68054,-0.006341154090044432
2025-06-09,1600,1600,1571,1583,70454,0.0102105934907466
2025-06-10,1583,1593,1558,1584,90665,0.0006317119393557391
2025-06-11,1583,1584,1571,1582,58203,-0.0012626262626262985
2025-06-12,1581,1595,1568,1593,78999,0.006953223767383054
2025-06-13,1592,1605,1562,1570,75625,-0.014438166980539902
2025-06-16,1560,1593,1548,1585,63887,0.009554140127388644
2025-06-17,1585,1597,1567,1578,37813,-0.004416403785488909
2025-06-18,1580,1580,1558,1558,67337,-0.012674271229404344
2025-06-19,1565,1565,1500,1540,77070,-0.011553273427471145
2025-06-20,1531,1558,1520,1530,54304,-0.00649350649350644
2025-06-23,1530,1537,1401,1461,222034,-0.045098039215686225
2025-06-24,1467,1547,1461,1547,95759,0.058863791923340125
2025-06-25,1554,1554,1517,1541,92479,-0.003878474466709747
2025-06-26,1549,1555,1497,1507,59969,-0.022063595068137598
2025-06-27,1507,1522,1480,1490,102771,-0.011280690112806857
2025-06-30,1483,1500,1473,1494,36457,0.0026845637583892135
2025-07-01,1491,1515,1490,1513,57463,0.012717536813922292
2025-07-02,1523,1523,1498,1517,60706,0.0026437541308659274
2025-07-03,1517,1550,1511,1547,131894,0.019775873434410007
2025-07-04,1547,1561,1521,1538,72283,-0.005817711700064621
2025-07-07,1538,1545,1522,1533,64988,-0.0032509752925877766
2025-07-08,1533,1559,1530,1543,45701,0.006523157208088826
2025-07-09,1551,1551,1533,1542,31404,-0.0006480881399870686
2025-07-10,1542,1549,1533,1545,27966,0.0019455252918287869
2025-07-11,1545,1565,1535,1549,73966,0.0025889967637540146
2025-07-14,1560,1567,1534,1538,63917,-0.007101355713363455
2025-07-15,1538,1541,1517,1530,93351,-0.005201560468140465
2025-07-16,1530,1531,1517,1522,45786,-0.005228758169934622
2025-07-17,1522,1533,1521,1522,34013,0.0
2025-07-18,1523,1548,1518,1541,60097,0.012483574244415152
2025-07-21,1540,1552,1524,1531,35866,-0.0064892926670993
2025-07-22,1522,1542,1506,1507,45707,-0.015676028739386005
2025-07-23,1507,1524,1496,1505,45789,-0.0013271400132713884
2025-07-24,1505,1522,1484,1490,67288,-0.009966777408637828
2025-07-25,1490,1506,1488,1489,34800,-0.0006711409395973034
2025-07-28,1485,1500,1483,1483,44979,-0.004029550033579632
2025-07-29,1483,1512,1476,1511,35014,0.018880647336480205
2025-07-30,1501,1539,1483,1492,38534,-0.012574454003970836
2025-07-31,1492,1492,1479,1486,49242,-0.004021447721179627
2025-08-01,1485,1485,1412,1423,225639,-0.042395693135935386
2025-08-04,1438,1447,1421,1446,45363,0.016163035839775075
2025-08-05,1446,1481,1353,1375,488819,-0.049100968188105165
2025-08-06,1377,1393,1298,1349,898527,-0.018909090909090875
2025-08-07,1359,1361,1341,1356,139207,0.005189028910304039
2025-08-08,1356,1399,1356,1394,127499,0.028023598820059004
2025-08-11,1394,1400,1372,1390,106140,-0.0028694404591105283
2025-08-12,1390,1410,1377,1395,90299,0.003597122302158251
2025-08-13,1395,1412,1386,1406,61368,0.007885304659498216
2025-08-14,1405,1433,1394,1418,91281,0.008534850640113723
2025-08-18,1408,1417,1359,1393,82150,-0.017630465444287702
2025-08-19,1393,1436,1377,1394,57743,0.00071787508973431
2025-08-20,1380,1394,1350,1389,52674,-0.0035868005738880493
2025-08-21,1389,1410,1377,1397,54674,0.005759539236861011
2025-08-22,1384,1399,1384,1390,53324,-0.005010737294201872
2025-08-25,1413,1413,1388,1407,58956,0.012230215827338187
2025-08-26,1407,1414,1387,1396,23856,-0.00781805259417201
2025-08-27,1388,1404,1387,1394,15979,-0.0014326647564469885
2025-08-28,1394,1399,1383,1399,33009,0.0035868005738881603
2025-08-29,1399,1410,1383,1388,43583,-0.00786275911365264
2025-09-01,1384,1385,1340,1368,125949,-0.014409221902017322
2025-09-02,1368,1377,1355,1375,25057,0.005116959064327409
2025-09-03,1362,1381,1362,1380,11197,0.0036363636363636598
2025-09-04,1374,1396,1374,1386,34534,0.004347826086956497
2025-09-05,1399,1410,1382,1395,49892,0.006493506493506551
2025-09-08,1408,1408,1385,1394,33134,-0.0007168458781362519
2025-09-09,1390,1395,1383,1391,44533,-0.002152080344332896
2025-09-10,1397,1397,1383,1395,32317,0.0028756290438534116
2025-09-11,1395,1399,1389,1390,15707,-0.0035842293906810374
2025-09-12,1390,1398,1386,1396,17602,0.004316546762589857
2025-09-15,1388,1411,1384,1389,30179,-0.005014326647564515
2025-09-16,1382,1389,1377,1384,30468,-0.003599712023038104
2025-09-17,1384,1384,1362,1371,58313,-0.009393063583814976
2025-09-18,1372,1391,1372,1377,18361,0.004376367614879584
2025-09-19,1390,1390,1376,1380,14606,0.002178649237472685
2025-09-22,1376,1387,1376,1381,38694,0.0007246376811593791
2025-09-23,1385,1387,1372,1376,54202,-0.003620564808110016
2025-09-24,1376,1385,1355,1362,73000,-0.01017441860465118
2025-09-25,1370,1370,1350,1358,20391,-0.002936857562408246
2025-09-26,1351,1358,1322,1330,46810,-0.020618556701030966
2025-09-29,1330,1343,1327,1335,42094,0.003759398496240518
2025-09-30,1345,1347,1332,1337,34796,0.0014981273408238849
2025-10-01,1337,1345,1335,1339,33538,0.0014958863126401933
2025-10-02,1339,1376,1337,1376,52035,0.02763256161314409
2025-10-10,1376,1388,1354,1367,54477,-0.006540697674418561
2025-10-13,1352,1367,1340,1352,45616,-0.010972933430870468
2025-10-14,1352,1365,1344,1360,36002,0.00591715976331364
2025-10-15,1347,1375,1347,1375,39067,0.011029411764705843
2025-10-16,1375,1375,1340,1351,89730,-0.0174545454545455
2025-10-17,1350,1363,1341,1347,96478,-0.002960769800148033
2025-10-20,1342,1365,1340,1363,43181,0.01187824795842607
2025-10-21,1363,1363,1334,1350,93676,-0.009537784299339713
2025-10-22,1350,1379,1344,1367,58836,0.012592592592592489
2025-10-23,1366,1380,1328,1344,53006,-0.016825164594001518
2025-10-24,1344,1359,1344,1348,21280,0.0029761904761904656
2025-10-27,1353,1353,1330,1343,65627,-0.0037091988130564246
2025-10-28,1349,1349,1331,1348,48653,0.0037230081906181045
2025-10-29,1348,1354,1339,1353,67521,0.0037091988130564246
2025-10-30,1340,1348,1334,1342,77271,-0.008130081300813052
2025-10-31,1331,1377,1330,1370,113531,0.02086438152011927
2025-11-03,1361,1429,1360,1382,96653,0.008759124087591275
2025-11-04,1382,1389,1360,1380,46215,-0.0014471780028944004
2025-11-05,1364,1382,1351,1381,61762,0.0007246376811593791
2025-11-06,1380,1433,1366,1421,104043,0.028964518464880573
2025-11-07,1435,1439,1403,1407,61029,-0.009852216748768461
2025-11-10,1408,1423,1387,1411,80522,0.002842928216062468
2025-11-11,1418,1418,1393,1397,30967,-0.009922041105598911
2025-11-12,1385,1447,1382,1441,56051,0.03149606299212593
2025-11-13,1429,1429,1403,1428,53830,-0.009021512838306767
2025-11-14,1410,1425,1383,1391,51217,-0.025910364145658282
2025-11-17,1382,1398,1379,1387,32475,-0.0028756290438533005
2025-11-18,1385,1393,1372,1385,50453,-0.0014419610670511895
2025-11-19,1372,1390,1365,1382,35978,-0.0021660649819494893
2025-11-20,1371,1403,1368,1397,34269,0.01085383502170778
2025-11-21,1380,1420,1380,1412,75004,0.010737294201861092
2025-11-24,1412,1416,1392,1398,34169,-0.009915014164305958
2025-11-25,1399,1415,1384,1411,53855,0.009298998569384764
2025-11-26,1411,1411,1397,1405,4195,-0.00425230333097093
2025-11-27,1395,1410,1388,1397,55540,-0.005693950177935947
2025-11-28,1385,1408,1385,1396,28337,-0.0007158196134574579
2025-12-01,1389,1409,1389,1396,20936,0.0
2025-12-02,1386,1408,1378,1404,21263,0.005730659025787954
2025-12-03,1404,1413,1400,1411,49820,0.004985754985755042
2025-12-04,1411,1411,1396,1405,14878,-0.00425230333097093
2025-12-05,1397,1434,1397,1419,52246,0.009964412811387824
2025-12-08,1411,1449,1410,1426,77217,0.0049330514446792595
2025-12-09,1454,1454,1415,1431,26212,0.003506311360448766
2025-12-10,1430,1431,1413,1423,18563,-0.005590496156533842
