Date,Open,High,Low,Close,Volume,Change
2023-02-16,19900,24750,19300,21500,16938119,
2023-02-17,20900,23800,20350,22050,4556283,0.0255813953488373
2023-02-20,22700,23350,20650,21100,2515407,-0.04308390022675734
2023-02-21,21300,24150,20800,22450,3604296,0.06398104265402837
2023-02-22,21500,22950,20900,21100,1670310,-0.060133630289532336
2023-02-23,21600,22000,19940,20950,1183526,-0.007109004739336511
2023-02-24,20600,21400,20350,20400,441921,-0.026252983293556076
2023-02-27,20200,20750,19390,20250,497547,-0.007352941176470562
2023-02-28,20300,22150,20300,21150,1061087,0.04444444444444451
2023-03-02,21400,25000,20700,23500,3527703,0.11111111111111116
2023-03-03,24300,28600,24000,27600,5177383,0.1744680851063829
2023-03-06,28750,30900,28100,29600,2378047,0.07246376811594213
2023-03-07,29700,29800,26150,26600,1841991,-0.10135135135135132
2023-03-08,25400,27800,25300,25850,1417222,-0.02819548872180455
2023-03-09,25800,26500,23600,23750,896252,-0.0812379110251451
2023-03-10,22900,23300,22150,22400,497061,-0.056842105263157916
2023-03-13,22200,25050,21550,24400,1348466,0.08928571428571419
2023-03-14,24200,24650,21700,22000,843163,-0.09836065573770492
2023-03-15,23450,27350,23250,25100,3926558,0.14090909090909087
2023-03-16,24600,28300,23850,27450,3642579,0.09362549800796804
2023-03-17,27700,28200,25650,27550,1729798,0.0036429872495447047
2023-03-20,26850,28700,26100,27250,1312903,-0.010889292196007205
2023-03-21,27450,28600,27000,28100,1351305,0.031192660550458662
2023-03-22,28800,28850,27300,28000,1267280,-0.003558718861209953
2023-03-23,27800,29400,26000,27050,2021916,-0.03392857142857142
2023-03-24,27350,27800,26000,26100,964696,-0.03512014787430684
2023-03-27,26850,33600,26700,33300,7533039,0.27586206896551735
2023-03-28,34600,35500,30600,31700,3103481,-0.048048048048048075
2023-03-29,32150,34450,31050,33200,3099587,0.04731861198738163
2023-03-30,34250,39200,33800,35500,4347461,0.06927710843373491
2023-03-31,34800,36350,32150,34850,1872635,-0.018309859154929553
2023-04-03,37000,37800,34350,35100,2123584,0.007173601147776099
2023-04-04,36300,40750,35300,35400,4998052,0.008547008547008517
2023-04-05,34700,36850,33600,36100,1502278,0.019774011299435124
2023-04-06,36100,37300,34000,34500,1187324,-0.04432132963988922
2023-04-07,35750,40350,35050,39650,7148951,0.14927536231884053
2023-04-10,40100,44300,39250,39900,4311261,0.006305170239596425
2023-04-11,40400,41500,36700,38450,1525733,-0.036340852130325785
2023-04-12,38450,38500,34150,34300,1644036,-0.10793237971391423
2023-04-13,33500,35700,32800,34600,1344918,0.008746355685131268
2023-04-14,35200,37350,35050,35950,1251586,0.039017341040462394
2023-04-17,36050,36250,33600,35400,770578,-0.015299026425591111
2023-04-18,36400,37500,35300,35300,1113632,-0.0028248587570621764
2023-04-19,35750,36950,34700,35600,906112,0.008498583569405138
2023-04-20,35850,36350,32300,32300,1052757,-0.0926966292134831
2023-04-21,31700,32150,29400,31250,879319,-0.03250773993808054
2023-04-24,31100,31550,28700,29400,812939,-0.05920000000000003
2023-04-25,29400,29450,27150,27800,775429,-0.05442176870748294
2023-04-26,28350,28750,27400,27400,519558,-0.014388489208633115
2023-04-27,27450,30450,26650,29800,856507,0.0875912408759123
2023-04-28,31000,32300,29800,29950,968329,0.005033557046979942
2023-05-02,30000,31450,29700,30300,500991,0.011686143572620988
2023-05-03,30950,32500,28200,28350,696975,-0.0643564356435643
2023-05-04,28600,29250,27500,28300,407901,-0.0017636684303351524
2023-05-08,29600,29850,27900,28350,423275,0.0017667844522968323
2023-05-09,27900,28550,26850,27450,306570,-0.031746031746031744
2023-05-10,27450,27900,26050,26150,390791,-0.04735883424408016
2023-05-11,26700,27300,26200,26600,322974,0.017208413001912115
2023-05-12,27000,28500,26650,28050,481163,0.05451127819548862
2023-05-15,29100,29200,27000,27200,382010,-0.030303030303030276
2023-05-16,27550,28700,27050,27450,719396,0.009191176470588314
2023-05-17,27650,29900,27600,29900,1211912,0.08925318761384338
2023-05-18,30350,31350,29700,30700,602575,0.026755852842809347
2023-05-19,30200,30500,28600,28800,666609,-0.061889250814332275
2023-05-22,29000,30700,29000,29650,652437,0.02951388888888884
2023-05-23,30150,31900,29950,31700,1081672,0.06913996627318708
2023-05-24,31500,31750,30750,31550,464867,-0.004731861198738141
2023-05-25,31250,31450,30450,30700,309259,-0.02694136291600635
2023-05-26,30750,32300,30750,31450,593944,0.02442996742671011
2023-05-30,31850,32200,30350,31450,395477,0.0
2023-05-31,31900,33350,31350,32250,1187704,0.025437201907790197
2023-06-01,32200,32850,31550,32200,412939,-0.0015503875968991832
2023-06-02,32650,33250,32250,32700,751113,0.01552795031055898
2023-06-05,33150,33500,32400,32450,422733,-0.007645259938837912
2023-06-07,32500,34200,31350,32650,1439888,0.006163328197226425
2023-06-08,33150,33200,32400,32400,459392,-0.007656967840735107
2023-06-09,32750,32950,32050,32100,408446,-0.0092592592592593
2023-06-12,32350,33450,31850,33350,792230,0.0389408099688473
2023-06-13,34000,34100,33100,33650,847051,0.008995502248875464
2023-06-14,33950,35500,32500,33050,1868799,-0.017830609212481474
2023-06-15,33900,36200,32800,35800,1992907,0.08320726172465953
2023-06-16,35800,36550,34750,36050,933087,0.006983240223463749
2023-06-19,35750,36800,35500,36500,807867,0.012482662968099856
2023-06-20,36000,38500,35500,37600,1072193,0.03013698630136985
2023-06-21,38150,38700,35650,35800,820198,-0.0478723404255319
2023-06-22,35550,36200,34500,34600,608109,-0.03351955307262566
2023-06-23,34950,36550,33850,36450,595002,0.053468208092485536
2023-06-26,36000,37300,35800,36250,503562,-0.005486968449931462
2023-06-27,36050,36100,34550,34950,390122,-0.035862068965517246
2023-06-28,35150,35650,33900,33900,350633,-0.030042918454935674
2023-06-29,33900,34250,31600,31600,739429,-0.06784660766961648
2023-06-30,31550,32250,30350,31950,547875,0.011075949367088667
2023-07-03,32400,34200,31900,34100,521500,0.06729264475743357
2023-07-04,34200,35000,33300,33550,421383,-0.016129032258064502
2023-07-05,33550,34700,32800,34100,459765,0.016393442622950838
2023-07-06,33850,34750,32100,32300,520942,-0.05278592375366564
2023-07-07,31800,32500,31300,32050,290565,-0.007739938080495334
2023-07-10,31850,32100,30550,31200,313111,-0.026521060842433664
2023-07-11,31200,32150,30900,32100,278214,0.028846153846153744
2023-07-12,32300,32450,31050,31300,309450,-0.024922118380062308
2023-07-13,31450,32300,31000,31850,403593,0.01757188498402562
2023-07-14,32050,36300,31600,35600,2233054,0.11773940345368916
2023-07-17,35500,36100,34150,34350,843376,-0.0351123595505618
2023-07-18,35300,37050,34700,35800,1647904,0.04221251819505101
2023-07-19,36450,36550,34450,35200,589008,-0.016759776536312887
2023-07-20,34750,36950,34250,34750,909353,-0.01278409090909094
2023-07-21,34450,36650,34000,36350,1166630,0.04604316546762588
2023-07-24,35950,39650,35750,38800,3350605,0.06740027510316371
2023-07-25,40100,41050,38000,38350,1834727,-0.011597938144329856
2023-07-26,37950,39500,31100,33250,2594636,-0.13298565840938725
2023-07-27,33850,33850,29200,29600,1384086,-0.10977443609022552
2023-07-28,29050,32000,28650,31150,810587,0.05236486486486491
2023-07-31,31500,32400,30800,32150,478737,0.0321027287319422
2023-08-01,32200,32350,29850,30250,802968,-0.059097978227060644
2023-08-02,29550,30450,28650,28950,608875,-0.04297520661157028
2023-08-03,28950,29250,27950,28750,426604,-0.006908462867012077
2023-08-04,28750,29000,27950,28100,379718,-0.022608695652173938
2023-08-07,27800,27900,26400,27000,524327,-0.039145907473309594
2023-08-08,27100,27550,26500,27200,426759,0.007407407407407307
2023-08-09,27200,28200,26850,27750,370515,0.020220588235294157
2023-08-10,27750,28700,27350,28400,402928,0.023423423423423406
2023-08-11,28500,28500,27250,27400,316497,-0.035211267605633756
2023-08-14,27350,27450,26550,26950,217929,-0.01642335766423353
2023-08-16,27000,27500,26200,27000,281341,0.0018552875695732052
2023-08-17,26900,30550,26700,30300,1266241,0.12222222222222223
2023-08-18,29850,31200,29100,31000,643398,0.02310231023102305
2023-08-21,31600,31700,30200,30500,405719,-0.016129032258064502
2023-08-22,30850,31300,29750,29950,401565,-0.0180327868852459
2023-08-23,30100,30200,28100,28450,420243,-0.05008347245409017
2023-08-24,28700,29750,28150,29250,333241,0.02811950790861162
2023-08-25,28600,29500,28350,29100,145214,-0.00512820512820511
2023-08-28,29550,30000,28800,29100,233266,0.0
2023-08-29,29300,31000,29200,30800,581083,0.05841924398625431
2023-08-30,31400,31900,30600,30700,460411,-0.0032467532467532756
2023-08-31,31150,32000,30850,31100,365635,0.013029315960912058
2023-09-01,31000,31050,29850,30100,235811,-0.032154340836012874
2023-09-04,29700,30650,29400,29900,179996,-0.006644518272425293
2023-09-05,29700,31050,29600,30300,334841,0.013377926421404673
2023-09-06,30400,30500,29200,29400,218694,-0.02970297029702973
2023-09-07,29050,29250,28500,29000,211560,-0.013605442176870763
2023-09-08,29300,30000,29150,30000,166498,0.034482758620689724
2023-09-11,30050,30100,28900,29400,160593,-0.020000000000000018
2023-09-12,29700,29900,28050,28100,258599,-0.04421768707482998
2023-09-13,28000,28250,27600,27800,139855,-0.010676156583629859
2023-09-14,27800,29300,27800,29300,155354,0.05395683453237421
2023-09-15,29050,29050,28600,28900,117155,-0.013651877133105783
2023-09-18,28650,29250,28250,28700,134866,-0.00692041522491349
2023-09-19,28350,29500,28000,28000,214797,-0.024390243902439046
2023-09-20,28000,28150,27550,27700,79493,-0.010714285714285676
2023-09-21,27500,27900,27000,27200,115721,-0.018050541516245522
2023-09-22,26650,26950,26300,26400,151131,-0.02941176470588236
2023-09-25,26100,26400,25350,25400,212446,-0.037878787878787845
2023-09-26,25150,25900,24600,24650,147459,-0.029527559055118058
2023-09-27,24000,25000,23500,25000,249723,0.014198782961460488
2023-10-04,24700,24700,22700,22800,225604,-0.08799999999999997
2023-10-05,23000,24700,23000,23700,228071,0.03947368421052633
2023-10-06,23700,24450,23550,23750,106926,0.0021097046413502962
2023-10-10,23750,24200,22700,22850,167539,-0.037894736842105314
2023-10-11,23400,24500,23400,24150,154188,0.05689277899343548
2023-10-12,24250,25400,24150,24900,209938,0.03105590062111796
2023-10-13,24700,25100,24050,24350,180790,-0.02208835341365467
2023-10-16,23950,24700,23300,24200,159973,-0.006160164271047264
2023-10-17,24400,24800,24350,24500,59783,0.012396694214876103
2023-10-18,24500,24700,23450,23900,102747,-0.024489795918367308
2023-10-19,23350,23400,22400,22500,143837,-0.05857740585774063
2023-10-20,21750,22200,20850,21100,322198,-0.06222222222222218
2023-10-23,20850,21400,20800,21000,92251,-0.004739336492891044
2023-10-24,21100,21500,19950,21500,290637,0.023809523809523725
2023-10-25,21700,22100,19940,19940,245155,-0.07255813953488377
2023-10-26,19010,19400,17900,18120,475186,-0.09127382146439322
2023-10-27,18120,18990,17530,18530,309763,0.022626931567328867
2023-10-30,18240,19140,18230,18880,217178,0.01888828926065833
2023-10-31,18930,19440,18000,18880,393548,0.0
2023-11-01,19300,22200,19250,21950,831103,0.16260593220338992
2023-11-02,21950,23650,21700,23400,448002,0.06605922551252852
2023-11-03,24000,24050,22850,23100,208157,-0.012820512820512775
2023-11-06,24000,26000,23300,25200,647632,0.09090909090909083
2023-11-07,24800,25100,23050,23500,410259,-0.06746031746031744
2023-11-08,23450,24000,22500,22650,231314,-0.036170212765957444
2023-11-09,22600,24100,22150,22950,316072,0.013245033112582849
2023-11-10,22500,22550,21850,22150,181241,-0.034858387799564294
2023-11-13,22600,23400,22300,22350,212418,0.009029345372460584
2023-11-14,22800,24550,22800,24400,459927,0.09172259507829983
2023-11-15,25600,27000,25100,25600,765073,0.049180327868852514
2023-11-16,25400,26500,24600,26150,332763,0.021484375
2023-11-17,26000,27000,25600,26700,275319,0.021032504780114758
2023-11-20,27300,27650,25600,26000,438477,-0.02621722846441943
2023-11-21,25800,26700,24700,26500,281870,0.019230769230769162
2023-11-22,26150,26750,25600,25600,160452,-0.03396226415094339
2023-11-23,25800,26050,25100,25250,119019,-0.013671875
2023-11-24,25500,26500,25500,26200,207136,0.03762376237623766
2023-11-27,26500,26500,25500,25550,123137,-0.024809160305343525
2023-11-28,25450,26600,25300,25950,157111,0.015655577299412915
2023-11-29,26000,27300,25750,27000,304030,0.040462427745664664
2023-11-30,27000,28450,26650,28400,369881,0.051851851851851816
2023-12-01,28200,28500,27450,27950,208184,-0.015845070422535246
2023-12-04,28650,29450,27650,27850,282292,-0.003577817531305927
2023-12-05,27350,27900,26200,26500,190738,-0.04847396768402157
2023-12-06,26750,27200,26700,26800,108096,0.01132075471698113
2023-12-07,26800,27300,26300,26500,115092,-0.011194029850746245
2023-12-08,26900,28150,26650,28000,227984,0.05660377358490565
2023-12-11,28550,28950,28100,28500,176502,0.017857142857142794
2023-12-12,28250,29250,28200,28750,177403,0.00877192982456143
2023-12-13,28400,28600,27500,27700,180648,-0.03652173913043477
2023-12-14,28700,31500,28350,30600,1501336,0.10469314079422376
2023-12-15,30600,31000,29650,29850,454679,-0.02450980392156865
2023-12-18,30000,30150,28700,29500,532956,-0.011725293132328285
2023-12-19,29100,29900,28800,29550,206832,0.0016949152542373724
2023-12-20,29600,30750,29550,30200,316681,0.021996615905245376
2023-12-21,29550,29850,29000,29400,218996,-0.026490066225165587
2023-12-22,29400,29650,28600,28600,237542,-0.027210884353741527
2023-12-26,28600,28650,26700,27050,409662,-0.054195804195804165
2023-12-27,27300,28000,26950,27600,237301,0.020332717190388205
2023-12-28,27650,27950,27100,27400,212816,-0.007246376811594235
2024-01-02,27400,28000,27050,27850,145889,0.01642335766423364
2024-01-03,27450,28200,27100,27200,158542,-0.02333931777378817
2024-01-04,27000,27100,25800,26350,335189,-0.03125
2024-01-05,26600,27100,26000,26950,161456,0.022770398481973375
2024-01-08,27100,27250,26400,26700,139436,-0.00927643784786647
2024-01-09,26800,27150,25700,25900,335717,-0.029962546816479363
2024-01-10,25750,26050,24650,25550,320532,-0.013513513513513487
2024-01-11,25550,26100,25500,25550,120609,0.0
2024-01-12,25350,27100,24850,25850,386432,0.011741682974559797
2024-01-15,25800,25800,24550,24850,201070,-0.03868471953578334
2024-01-16,24300,25050,24300,24800,125494,-0.002012072434607659
2024-01-17,24650,24900,23950,23950,147120,-0.03427419354838712
2024-01-18,23950,24500,23450,23650,122133,-0.012526096033402934
2024-01-19,23800,24600,23150,23350,154427,-0.012684989429175508
2024-01-22,23500,23600,22500,22700,155753,-0.027837259100642386
2024-01-23,22550,23400,22300,22650,160064,-0.0022026431718061845
2024-01-24,22600,22850,22150,22150,117620,-0.02207505518763797
2024-01-25,22100,22200,21400,21450,164688,-0.03160270880361171
2024-01-26,21150,22450,21100,21800,211685,0.01631701631701632
2024-01-29,22100,22250,20800,21100,262177,-0.032110091743119296
2024-01-30,21500,21700,20400,20550,188346,-0.026066350710900466
2024-01-31,20550,20800,19120,19900,242854,-0.031630170316301665
2024-02-01,19850,19900,19160,19710,263665,-0.009547738693467367
2024-02-02,19910,20650,19750,20300,216166,0.029934043632673824
2024-02-05,20200,21150,19920,21000,170910,0.034482758620689724
2024-02-06,20700,21000,19960,20250,205805,-0.0357142857142857
2024-02-07,20700,21950,20700,20850,356564,0.029629629629629672
2024-02-08,21350,21600,20500,20600,206185,-0.011990407673860948
2024-02-13,20750,20750,20000,20250,254612,-0.016990291262135915
2024-02-14,19800,21950,19600,21850,368834,0.07901234567901239
2024-02-15,22500,24300,21400,23600,738503,0.08009153318077811
2024-02-16,23500,24300,22500,22900,384524,-0.029661016949152574
2024-02-19,22600,22800,21950,22100,232884,-0.03493449781659386
2024-02-20,22200,23600,22000,23150,310542,0.04751131221719462
2024-02-21,23600,27800,23200,26650,2244670,0.1511879049676026
2024-02-22,26500,29600,26450,26850,1839429,0.007504690431519689
2024-02-23,27100,27450,25650,26500,717552,-0.013035381750465591
2024-02-26,26500,27600,25350,25450,480671,-0.03962264150943395
2024-02-27,25700,27700,25550,26500,983807,0.04125736738703334
2024-02-28,26950,27600,26100,26200,612331,-0.01132075471698113
2024-02-29,27050,28450,27000,28400,1310085,0.08396946564885499
2024-03-04,28200,28650,27350,28200,588824,-0.007042253521126751
2024-03-05,27500,28200,26750,26850,413485,-0.0478723404255319
2024-03-06,26550,29400,26200,28350,943501,0.05586592178770955
2024-03-07,28100,30100,27300,29650,921443,0.04585537918871263
2024-03-08,29900,30600,28200,28500,742279,-0.038785834738617186
2024-03-11,28400,29300,27900,28250,369507,-0.00877192982456143
2024-03-12,28800,30400,28650,30000,737295,0.06194690265486735
2024-03-13,29500,29750,28950,29200,340618,-0.026666666666666616
2024-03-14,29100,29200,28050,28600,279614,-0.020547945205479423
2024-03-15,28150,29100,27450,28650,280822,0.0017482517482516613
2024-03-18,28500,29750,28500,29350,283426,0.024432809773123898
2024-03-19,29950,30100,28750,28750,303424,-0.020442930153321992
2024-03-20,28750,28750,28050,28300,168843,-0.01565217391304352
2024-03-21,28300,28750,27100,27300,420501,-0.035335689045936425
2024-03-22,27300,27500,26650,26900,309450,-0.0146520146520146
2024-03-25,27250,28500,26900,27850,424485,0.03531598513011147
2024-03-26,28900,32400,27700,28050,3762111,0.007181328545780907
2024-03-27,28050,28100,27100,27600,514782,-0.016042780748663055
2024-03-28,27600,27900,27000,27050,395231,-0.019927536231884035
2024-03-29,27000,27500,26250,26950,476944,-0.003696857670979714
2024-04-01,26900,26900,25800,26050,389346,-0.033395176252319136
2024-04-02,26100,26400,25600,25900,206237,-0.0057581573896353655
2024-04-03,25400,25700,25000,25500,207670,-0.015444015444015413
2024-04-04,25500,26300,25150,25300,277329,-0.007843137254901933
2024-04-05,24800,25300,24200,24350,281123,-0.03754940711462451
2024-04-08,24200,24350,23200,23850,279329,-0.02053388090349073
2024-04-09,23850,25000,23850,24750,234113,0.037735849056603765
2024-04-11,24200,24900,24150,24500,102224,-0.010101010101010055
2024-04-12,24500,24750,23400,23500,233944,-0.04081632653061229
2024-04-15,23150,23900,22550,23100,348554,-0.017021276595744705
2024-04-16,22650,23450,22650,23200,158634,0.0043290043290042934
2024-04-17,23200,23350,22400,22500,179525,-0.030172413793103425
2024-04-18,22500,23700,22400,23600,150755,0.04888888888888898
2024-04-19,23350,23650,22600,23150,174650,-0.01906779661016944
2024-04-22,23200,24000,23200,23900,125778,0.03239740820734349
2024-04-23,23800,24350,23600,23600,91856,-0.012552301255230103
2024-04-24,24700,26150,24500,26150,477805,0.10805084745762716
2024-04-25,25450,26500,25350,25500,246659,-0.0248565965583174
2024-04-26,26000,26200,25000,25350,120499,-0.00588235294117645
2024-04-29,25400,25800,25000,25650,142827,0.01183431952662728
2024-04-30,25850,26350,25100,25250,174291,-0.015594541910331383
2024-05-02,25050,25450,24250,24350,170999,-0.035643564356435675
2024-05-03,24550,25900,24550,24900,232267,0.022587268993839782
2024-05-07,25100,25150,23850,23900,242407,-0.04016064257028118
2024-05-08,23800,24150,23050,23250,321883,-0.027196652719665315
2024-05-09,23300,23400,23000,23050,139452,-0.008602150537634357
2024-05-10,23300,23400,22850,23150,111969,0.00433839479392617
2024-05-13,23300,23350,22700,22750,98805,-0.017278617710583144
2024-05-14,22750,23400,22750,22850,171155,0.00439560439560438
2024-05-16,23050,23450,22500,22600,237609,-0.01094091903719907
2024-05-17,22900,24150,22650,23100,381697,0.022123893805309658
2024-05-20,23500,23550,22300,22350,258067,-0.03246753246753242
2024-05-21,22400,22450,21500,21750,254106,-0.02684563758389258
2024-05-22,21950,22200,21650,21750,127439,0.0
2024-05-23,21750,22000,21300,21800,119881,0.0022988505747125743
2024-05-24,21500,21600,20850,21150,249532,-0.029816513761467878
2024-05-27,21200,22400,20950,22300,226698,0.05437352245862881
2024-05-28,22100,22300,21400,21700,213258,-0.026905829596412523
2024-05-29,21600,21600,20900,20900,153461,-0.03686635944700456
2024-05-30,20600,21900,20550,21800,232366,0.04306220095693769
2024-05-31,21800,22450,21500,22450,208332,0.029816513761467878
2024-06-03,22500,23000,22000,22100,177004,-0.015590200445434244
2024-06-04,22100,23200,21750,22850,357050,0.03393665158371051
2024-06-05,22900,23900,22800,22950,340619,0.004376367614879584
2024-06-07,23250,24000,22650,23600,300012,0.028322440087146017
2024-06-10,23600,24250,23200,24000,289143,0.016949152542372836
2024-06-11,24000,27600,23900,25900,2649075,0.07916666666666661
2024-06-12,26350,26750,25000,25250,701851,-0.025096525096525046
2024-06-13,25900,26000,24800,24950,442619,-0.011881188118811892
2024-06-14,24850,24950,24000,24050,269903,-0.03607214428857719
2024-06-17,23750,24150,23300,23450,249162,-0.02494802494802495
2024-06-18,23450,24450,23050,23250,235670,-0.008528784648187626
2024-06-19,23250,23550,22800,23250,230101,0.0
2024-06-20,23350,23650,22800,22800,140998,-0.01935483870967747
2024-06-21,22650,23100,22200,22300,196001,-0.021929824561403466
2024-06-24,22100,22650,21800,22300,201518,0.0
2024-06-25,22100,24350,22100,24000,646889,0.07623318385650224
2024-06-26,23750,24800,23650,24300,297961,0.012499999999999956
2024-06-27,24300,24750,23700,24300,292998,0.0
2024-06-28,24250,24250,23150,23550,235293,-0.030864197530864224
2024-07-01,23100,23750,22600,23700,193384,0.006369426751592355
2024-07-02,23850,23950,22800,23050,151509,-0.02742616033755274
2024-07-03,23600,24500,23350,23650,381741,0.026030368763557465
2024-07-04,24450,24450,23400,23550,228550,-0.0042283298097252064
2024-07-05,24000,24550,22900,23100,272414,-0.019108280254777066
2024-07-08,22850,23800,22600,22950,230258,-0.00649350649350644
2024-07-09,23050,23200,22650,22750,160872,-0.008714596949891074
2024-07-10,22950,22950,22100,22200,199466,-0.0241758241758242
2024-07-11,22300,22600,22000,22250,124998,0.0022522522522523403
2024-07-12,22250,22300,21250,21750,238790,-0.022471910112359605
2024-07-15,21750,21850,21300,21850,99613,0.0045977011494253706
2024-07-16,21850,21850,21200,21350,129058,-0.022883295194508046
2024-07-17,21150,21300,20250,20350,276429,-0.04683840749414525
2024-07-18,19990,20400,19670,19750,399575,-0.029484029484029506
2024-07-19,19950,20350,19670,20300,212572,0.02784810126582271
2024-07-22,20200,20200,18900,18960,377017,-0.06600985221674882
2024-07-23,19170,19360,18000,18190,325830,-0.04061181434599159
2024-07-24,17910,18420,17900,18020,124880,-0.009345794392523366
2024-07-25,17680,18230,17460,17920,188796,-0.005549389567147567
2024-07-26,17850,18200,17590,17700,157935,-0.012276785714285698
2024-07-29,17700,18340,17490,18150,101404,0.025423728813559254
2024-07-30,18150,18800,18000,18020,110812,-0.007162534435261714
2024-07-31,18130,18300,17640,17900,122768,-0.006659267480577102
2024-08-01,17900,18370,17630,18060,113753,0.00893854748603351
2024-08-02,17830,17940,16980,17140,176329,-0.05094130675526021
2024-08-05,16600,16690,14000,14210,303663,-0.1709451575262544
2024-08-06,14340,16070,14340,15760,263728,0.10907811400422229
2024-08-07,15600,15740,15320,15460,134829,-0.019035532994923887
2024-08-08,15150,15200,14670,14810,126432,-0.042043984476067275
2024-08-09,15110,15770,15070,15340,142946,0.03578663065496279
2024-08-12,15350,15750,15350,15670,89080,0.02151238591916549
2024-08-13,15670,16910,15270,16210,237552,0.03446075303126994
2024-08-14,16430,16700,16280,16400,102575,0.01172115977791477
2024-08-16,16760,16850,16250,16530,105605,0.007926829268292579
2024-08-19,16550,18200,16480,16950,348058,0.025408348457350183
2024-08-20,16900,17800,16900,17740,138303,0.04660766961651919
2024-08-21,17740,18700,16900,18300,239992,0.031567080045095786
2024-08-22,18300,18300,17800,17940,117540,-0.01967213114754096
2024-08-23,17700,17860,17230,17450,89990,-0.027313266443701245
2024-08-26,17600,17940,17330,17440,63362,-0.0005730659025787732
2024-08-27,17300,17530,17020,17350,53054,-0.0051605504587155515
2024-08-28,17340,17350,16800,17100,90230,-0.014409221902017322
2024-08-29,16800,17780,16800,17490,92694,0.02280701754385972
2024-08-30,17580,17980,17230,17980,128849,0.028016009148084553
2024-09-02,17980,18390,17810,18040,156432,0.0033370411568409697
2024-09-03,18290,18520,17920,18080,132283,0.0022172949002217113
2024-09-04,17500,17700,16960,17100,151497,-0.05420353982300885
2024-09-05,17130,17300,16500,16700,93576,-0.023391812865497075
2024-09-06,16700,16730,15820,15950,114309,-0.04491017964071853
2024-09-09,15750,15820,15430,15610,73684,-0.02131661442006272
2024-09-10,15550,15780,15090,15170,94594,-0.02818705957719414
2024-09-11,15320,15940,15300,15670,50261,0.032959789057350086
2024-09-12,15890,16500,15840,16300,83581,0.04020421186981493
2024-09-13,16460,16630,16000,16360,48935,0.0036809815950920033
2024-09-19,16360,16890,16360,16790,121134,0.026283618581907087
2024-09-20,17000,17270,16780,16850,42396,0.003573555687909513
2024-09-23,16750,17410,16690,17280,62133,0.025519287833827953
2024-09-24,17410,18180,17360,18010,123949,0.04224537037037046
2024-09-25,18210,18390,17710,17900,143391,-0.0061077179344808386
2024-09-26,18000,18370,17910,18300,64366,0.022346368715083775
2024-09-27,18230,18690,18010,18500,101517,0.010928961748633892
2024-09-30,18690,18850,18030,18220,66337,-0.015135135135135092
2024-10-02,17800,18400,17750,18110,61162,-0.006037321624588365
2024-10-04,18000,18340,17820,17820,65809,-0.016013252346769757
2024-10-07,17890,20300,17890,19400,547977,0.08866442199775526
2024-10-08,19260,19390,18700,18950,144851,-0.023195876288659822
2024-10-10,18970,19300,18750,19010,103828,0.0031662269129286713
2024-10-11,19010,19630,18870,19000,130916,-0.0005260389268806342
2024-10-14,19000,19000,18300,18340,92408,-0.03473684210526318
2024-10-15,19640,20900,18620,18900,518153,0.03053435114503822
2024-10-16,19010,19130,18300,18430,69495,-0.024867724867724816
2024-10-17,18460,18670,18150,18300,59464,-0.007053716766142193
2024-10-18,18250,18370,17700,17900,106027,-0.021857923497267784
2024-10-21,17900,18860,17700,18070,84981,0.009497206703910521
2024-10-22,18070,18070,16870,16890,160120,-0.06530160486995018
2024-10-23,16890,17500,16700,17300,82424,0.02427471876850218
2024-10-24,17560,17560,17000,17290,53239,-0.0005780346820809523
2024-10-25,17600,17800,17360,17580,78968,0.01677270098322725
2024-10-28,17710,19800,17710,19790,634800,0.12571103526734917
2024-10-29,19650,19720,18900,19450,181859,-0.017180394138453736
2024-10-30,19160,19390,18720,18850,103510,-0.03084832904884316
2024-10-31,18810,22100,18430,19930,1922339,0.05729442970822274
2024-11-01,19570,19870,19180,19300,204707,-0.031610637230306105
2024-11-04,19300,22250,19300,20000,2376749,0.03626943005181338
2024-11-05,20000,20650,19650,20150,405978,0.007500000000000062
2024-11-06,20150,20850,18730,18910,613153,-0.06153846153846154
2024-11-07,18910,19080,17650,18210,441829,-0.0370174510840825
2024-11-08,18940,21450,18930,20600,1732169,0.1312465678198791
2024-11-11,21000,21300,17930,17950,1832377,-0.12864077669902918
2024-11-12,18060,18240,16540,17200,807922,-0.04178272980501396
2024-11-13,16700,17200,15590,15650,506355,-0.09011627906976749
2024-11-14,15700,15820,14500,14550,399630,-0.07028753993610226
2024-11-15,13790,14540,13200,14130,469044,-0.028865979381443307
2024-11-18,14010,14440,13960,14100,200210,-0.002123142250530785
2024-11-19,13900,14370,13660,14310,152022,0.014893617021276562
2024-11-20,14130,15200,14060,14880,210300,0.0398322851153039
2024-11-21,14700,15240,14690,14810,108498,-0.0047043010752688685
2024-11-22,14780,15210,14760,14940,105240,0.008777852802160702
2024-11-25,15620,18600,15620,16860,2440702,0.12851405622489964
2024-11-26,16860,18700,16720,17200,1391054,0.02016607354685651
2024-11-27,17200,17300,16530,16730,205737,-0.027325581395348797
2024-11-28,16630,16820,16390,16460,140319,-0.016138673042438767
2024-11-29,16330,16500,15900,15970,155096,-0.029769137302551596
2024-12-02,15960,16540,15640,15670,180454,-0.018785222291797132
2024-12-03,16500,17970,16120,16200,1560343,0.03382259093809825
2024-12-04,15500,16080,15290,15350,265847,-0.05246913580246915
2024-12-05,15350,15400,14410,14410,214003,-0.06123778501628663
2024-12-06,14350,14840,14240,14670,185814,0.018043025676613533
2024-12-09,14340,14370,13600,13600,171605,-0.07293796864349011
2024-12-10,13540,14060,13540,13950,146015,0.025735294117646967
2024-12-11,13900,14440,13900,14160,144190,0.01505376344086029
2024-12-12,15000,15090,14110,14250,268232,0.006355932203389925
2024-12-13,14370,15800,14370,15800,381357,0.1087719298245613
2024-12-16,15800,15850,15390,15830,223662,0.0018987341772152
2024-12-17,15840,15860,15080,15510,188456,-0.020214782059380876
2024-12-18,15520,15650,15240,15390,86811,-0.007736943907156624
2024-12-19,15100,15450,14980,14980,102457,-0.026640675763482835
2024-12-20,14920,15000,14310,14310,83456,-0.04472630173564751
2024-12-23,14400,14820,14300,14410,64036,0.006988120195667413
2024-12-24,14530,14780,14300,14300,81660,-0.007633587786259555
2024-12-26,14400,14500,13900,13950,73660,-0.02447552447552448
2024-12-27,14090,14090,13500,13690,111993,-0.018637992831541217
2024-12-30,13600,13980,13500,13950,70570,0.018991964937910888
2025-01-02,13820,14200,13630,13870,84641,-0.005734767025089571
2025-01-03,13870,14800,13820,14380,120468,0.03677000720980539
2025-01-06,14390,14750,14390,14610,103138,0.01599443671766343
2025-01-07,14880,17800,14560,15170,1575684,0.038329911019849394
2025-01-08,15170,15310,15010,15160,207549,-0.0006591957811470373
2025-01-09,15100,15350,14930,15070,168485,-0.00593667546174137
2025-01-10,15070,15070,14630,14880,107064,-0.012607830126078357
2025-01-13,14790,14820,14390,14420,94661,-0.03091397849462363
2025-01-14,14420,15130,14410,14950,128052,0.03675450762829402
2025-01-15,14950,15270,14720,14830,107016,-0.008026755852842848
2025-01-16,15090,15250,14910,14980,88731,0.010114632501685872
2025-01-17,14930,15050,14760,14900,55476,-0.005340453938584733
2025-01-20,14900,15150,14760,15120,100250,0.014765100671140896
2025-01-21,15010,15060,14230,14350,165283,-0.05092592592592593
2025-01-22,14360,14480,14200,14440,68331,0.006271777003484358
2025-01-23,14410,14410,13930,13930,116307,-0.035318559556786755
2025-01-24,13900,14320,13590,14000,140904,0.005025125628140614
2025-01-31,13950,14100,13600,13730,89839,-0.01928571428571424
2025-02-03,13650,13720,12930,13090,144117,-0.04661325564457397
2025-02-04,13240,13480,12950,12950,75932,-0.010695187165775444
2025-02-05,12950,13210,12950,13010,61469,0.004633204633204713
2025-02-06,13050,14350,12960,13140,291401,0.009992313604919367
2025-02-07,13100,13290,13080,13090,73901,-0.003805175038051778
2025-02-10,12960,13330,12890,13210,87742,0.009167303284950412
2025-02-11,13210,13370,13080,13080,73965,-0.009841029523088518
2025-02-12,13020,13350,13000,13030,92011,-0.003822629969418956
2025-02-13,13070,13280,13050,13200,74227,0.01304681504221028
2025-02-14,13210,13220,13000,13040,99152,-0.012121212121212088
2025-02-17,13020,13470,12940,13190,195916,0.011503067484662566
2025-02-18,13300,13300,12950,13000,175066,-0.014404852160727843
2025-02-19,12980,13420,12970,13340,352289,0.026153846153846194
2025-02-20,13360,13900,13150,13310,337268,-0.002248875562218866
2025-02-21,13360,13730,13190,13670,218493,0.02704733283245675
2025-02-24,13590,14610,13390,14590,528090,0.06730065837600585
2025-02-25,14590,14640,13900,14050,273229,-0.037011651816312496
