Date,Open,High,Low,Close,Volume,Change
2022-01-03,7200,7580,6900,7400,3241,0.05714285714285716
2022-01-04,7400,7450,7300,7450,866,0.006756756756756799
2022-01-05,7550,7550,7400,7400,535,-0.006711409395973145
2022-01-06,7590,7590,7480,7580,4729,0.024324324324324298
2022-01-07,7590,7760,7200,7750,2363,0.02242744063324542
2022-01-10,7600,8910,7600,8910,6965,0.1496774193548387
2022-01-11,9260,9490,8800,9030,6175,0.013468013468013407
2022-01-12,9200,9310,8670,8670,2332,-0.039867109634551534
2022-01-13,8610,8800,8500,8770,1278,0.011534025374855927
2022-01-14,8800,8980,8500,8840,1253,0.007981755986316896
2022-01-17,8990,8990,8100,8910,1415,0.007918552036199067
2022-01-18,9000,9000,7590,8000,8180,-0.10213243546576878
2022-01-19,8410,8410,7800,8000,310,0.0
2022-01-20,8000,8980,8000,8150,1393,0.018750000000000044
2022-01-21,8140,8140,8120,8140,198,-0.0012269938650306678
2022-01-24,8600,8600,8000,8170,806,0.0036855036855036882
2022-01-25,7800,9000,7800,8570,634,0.0489596083231334
2022-01-26,8600,9000,8410,8650,1588,0.009334889148191472
2022-01-27,8800,8800,8050,8550,2584,-0.011560693641618491
2022-01-28,8490,8980,8400,8640,432,0.010526315789473717
2022-02-03,8800,8800,8700,8770,128,0.01504629629629628
2022-02-04,8980,8980,8610,8950,1382,0.020524515393386622
2022-02-07,8980,9000,8600,8960,192,0.0011173184357542443
2022-02-08,9000,9000,8800,8950,1070,-0.0011160714285713969
2022-02-09,8990,8990,8250,8800,1364,-0.016759776536312887
2022-02-10,8800,8930,8600,8830,238,0.003409090909090917
2022-02-11,8830,8830,8270,8800,222,-0.003397508493771184
2022-02-14,8800,8900,8760,8900,1240,0.011363636363636465
2022-02-15,8970,8970,8600,8920,453,0.0022471910112360494
2022-02-16,8920,8920,8890,8900,140,-0.0022421524663677195
2022-02-17,8940,9200,8910,8940,1128,0.004494382022471877
2022-02-18,8940,8940,8940,8940,16,0.0
2022-02-21,8940,8940,8810,8920,184,-0.0022371364653244186
2022-02-22,9000,9000,8660,8980,129,0.006726457399103047
2022-02-23,8940,8940,8800,8910,180,-0.007795100222717122
2022-02-24,8970,10000,8800,8940,3447,0.0033670033670034627
2022-02-25,8980,9200,8650,8800,2365,-0.015659955257270708
2022-02-28,8600,10100,8160,9480,2319,0.07727272727272738
2022-03-02,9600,9600,9000,9470,84,-0.0010548523206751481
2022-03-03,9470,9550,9020,9400,657,-0.007391763463569179
2022-03-04,9360,9360,9020,9310,559,-0.009574468085106425
2022-03-07,9190,9300,8800,9010,2292,-0.03222341568206233
2022-03-08,9270,9270,9000,9110,313,0.011098779134295134
2022-03-10,9150,9150,9000,9120,769,0.001097694840834329
2022-03-11,9120,9600,9120,9390,1895,0.02960526315789469
2022-03-14,9550,9550,9440,9490,818,0.010649627263045858
2022-03-15,9510,9510,9000,9460,349,-0.0031612223393044925
2022-03-16,9410,9500,9400,9480,5061,0.0021141649048626032
2022-03-17,9480,9480,8450,9430,3165,-0.0052742616033755185
2022-03-18,9470,9470,9460,9470,152,0.0042417815482502785
2022-03-21,9470,9470,9200,9380,294,-0.009503695881731833
2022-03-22,9200,9320,9200,9300,1226,-0.008528784648187626
2022-03-23,9400,9400,9000,9000,587,-0.032258064516129004
2022-03-24,9380,9800,9000,9130,1935,0.014444444444444482
2022-03-25,9000,9150,8800,9000,875,-0.014238773274917849
2022-03-28,9280,9280,9000,9060,239,0.006666666666666599
2022-03-29,9000,9200,8060,8100,3831,-0.10596026490066224
2022-03-30,8790,8790,7600,8000,4823,-0.012345679012345734
2022-03-31,8600,8600,8000,8200,797,0.02499999999999991
2022-04-01,8860,8860,8000,8580,1027,0.04634146341463419
2022-04-04,8880,9860,8410,9270,1941,0.08041958041958042
2022-04-05,9340,9340,9280,9280,7,0.0010787486515642097
2022-04-06,9330,9330,9180,9180,30,-0.010775862068965525
2022-04-07,9340,9340,8610,9020,232,-0.017429193899782147
2022-04-08,9410,9410,9000,9050,193,0.003325942350332678
2022-04-11,9200,10400,9200,9350,743,0.03314917127071815
2022-04-12,9400,9540,9210,9300,1175,-0.005347593582887722
2022-04-13,10000,10500,9400,9750,109,0.048387096774193505
2022-04-14,9750,9900,9580,9600,152,-0.01538461538461533
2022-04-15,9660,9660,9400,9400,107,-0.02083333333333337
2022-04-18,9600,9600,9030,9550,390,0.015957446808510634
2022-04-19,9550,10950,9540,9900,211,0.03664921465968596
2022-04-20,9900,9900,9800,9860,107,-0.004040404040404066
2022-04-21,10850,10850,9750,9900,36,0.0040567951318457585
2022-04-22,9980,9980,9900,9900,10,0.0
2022-04-25,9030,11350,9030,9600,99,-0.030303030303030276
2022-04-26,10800,10800,9590,9680,1234,0.008333333333333304
2022-04-27,9600,9940,9410,9760,653,0.008264462809917328
2022-04-28,9800,9800,9600,9790,17,0.0030737704918033515
2022-04-29,9800,9800,9400,9800,403,0.0010214504596526286
2022-05-02,9800,10100,9600,9800,652,0.0
2022-05-03,9800,9800,9780,9790,31,-0.0010204081632653184
2022-05-04,9600,10500,9200,10400,560,0.06230847803881501
2022-05-06,10000,10000,9300,9300,196,-0.10576923076923073
2022-05-09,9490,9490,9000,9390,396,0.00967741935483879
2022-05-10,9480,9480,9390,9390,23,0.0
2022-05-11,9390,9390,9200,9390,87,0.0
2022-05-12,9010,9300,9000,9300,543,-0.009584664536741228
2022-05-13,9300,9300,8500,8990,717,-0.033333333333333326
2022-05-16,9000,9290,8810,9280,325,0.032258064516129004
2022-05-17,9100,9100,9010,9100,85,-0.0193965517241379
2022-05-18,9100,9100,8150,8200,2622,-0.09890109890109888
2022-05-19,8190,8600,8010,8400,1125,0.024390243902439046
2022-05-20,8200,8790,8000,8790,800,0.046428571428571486
2022-05-23,8500,8790,8500,8690,93,-0.011376564277588153
2022-05-24,8800,9900,8050,9790,4571,0.12658227848101267
2022-05-25,8340,9800,8330,9600,1402,-0.019407558733401387
2022-05-26,9400,11000,9200,9790,375,0.019791666666666652
2022-05-27,9200,9890,9000,9770,679,-0.002042900919305368
2022-05-30,9790,10000,9010,9950,831,0.0184237461617196
2022-05-31,9400,9950,9400,9950,359,0.0
2022-06-02,10000,10000,9050,9500,3183,-0.045226130653266305
2022-06-03,9200,9600,9190,9590,1016,0.0094736842105263
2022-06-07,9050,9300,8550,9000,3811,-0.0615224191866528
2022-06-08,9000,9000,8600,8700,2502,-0.033333333333333326
2022-06-09,8700,8900,8700,8900,717,0.02298850574712641
2022-06-10,8940,9300,8940,9300,421,0.04494382022471921
2022-06-13,9400,9400,8200,8700,881,-0.06451612903225812
2022-06-14,8980,8980,7450,7800,3013,-0.10344827586206895
2022-06-15,7900,8890,7700,8800,2587,0.1282051282051282
2022-06-16,8900,9140,8860,9100,1237,0.03409090909090917
2022-06-17,8810,9600,8810,9450,1205,0.03846153846153855
2022-06-20,10500,10850,9550,9940,563,0.051851851851851816
2022-06-21,9950,9970,9600,9970,350,0.003018108651911433
2022-06-22,9600,10000,9600,9990,1462,0.0020060180541625616
2022-06-23,9990,10000,9950,9990,414,0.0
2022-06-24,10000,10000,9010,9350,2623,-0.06406406406406406
2022-06-27,9600,9600,9010,9290,1581,-0.0064171122994652885
2022-06-28,9010,9120,8850,9060,985,-0.024757804090419833
2022-06-29,9200,9600,8860,9190,1795,0.014348785871964642
2022-06-30,9010,9400,9000,9190,1233,0.0
2022-07-01,9050,9140,9000,9110,412,-0.008705114254624613
2022-07-04,9200,9400,9000,9180,1358,0.007683863885839637
2022-07-05,9000,9400,9000,9170,1604,-0.0010893246187363426
2022-07-06,9090,9390,9020,9340,483,0.018538713195201728
2022-07-07,9330,9390,9310,9350,167,0.0010706638115631772
2022-07-08,9390,9400,9390,9400,150,0.005347593582887722
2022-07-11,9400,9500,9400,9490,238,0.009574468085106425
2022-07-12,9490,9490,9480,9490,34,0.0
2022-07-13,9490,9490,9490,9490,14,0.0
2022-07-14,9500,9500,9500,9500,106,0.0010537407797681642
2022-07-15,9500,9500,9440,9440,15,-0.0063157894736841635
2022-07-18,9800,9800,9070,9480,85,0.004237288135593209
2022-07-19,9470,9470,8990,9000,907,-0.05063291139240511
2022-07-20,9290,9290,8900,9000,237,0.0
2022-07-21,9390,9390,9000,9000,214,0.0
2022-07-22,9200,9200,8990,9000,72,0.0
2022-07-25,8990,8990,8990,8990,0,-0.0011111111111110628
2022-07-26,9200,9200,8990,8990,109,0.0
2022-07-27,9200,9290,8950,8990,54,0.0
2022-07-28,8990,8990,8900,8990,104,0.0
2022-07-29,9000,9000,8990,9000,277,0.0011123470522802492
2022-08-01,9190,9190,9190,9190,2,0.02111111111111108
2022-08-02,9190,9190,9190,9190,2,0.0
2022-08-03,9190,9190,9190,9190,3,0.0
2022-08-04,9170,9200,8800,9200,945,0.0010881392818280489
2022-08-05,9200,9200,9200,9200,3,0.0
2022-08-08,9100,9100,8810,9000,428,-0.021739130434782594
2022-08-09,9200,9200,7850,9000,489,0.0
2022-08-10,9400,10000,9000,9080,478,0.008888888888888946
2022-08-11,9000,9080,8000,8140,4467,-0.1035242290748899
2022-08-12,8200,8290,8000,8080,198,-0.0073710073710073765
2022-08-16,8000,8200,8000,8150,675,0.00866336633663356
2022-08-17,8330,8330,8000,8010,506,-0.01717791411042946
2022-08-18,8330,8330,8010,8220,926,0.02621722846441954
2022-08-19,8330,8330,8020,8190,498,-0.0036496350364964014
2022-08-22,8330,8330,8000,8290,701,0.012210012210012167
2022-08-23,8290,8290,8000,8190,968,-0.012062726176115812
2022-08-24,8200,8600,8000,8370,908,0.0219780219780219
2022-08-25,8400,8400,8000,8170,366,-0.02389486260453999
2022-08-26,8150,8150,8000,8090,265,-0.009791921664626724
2022-08-29,8140,8140,8140,8140,3,0.006180469715698411
2022-08-30,8140,8990,8000,8500,537,0.04422604422604426
2022-08-31,8600,8600,8000,8480,822,-0.0023529411764705577
2022-09-01,8480,8480,8000,8480,1236,0.0
2022-09-02,8600,8600,8000,8030,2331,-0.05306603773584906
2022-09-05,8080,8100,8080,8090,197,0.007471980074719831
2022-09-06,8190,8190,6900,6900,564,-0.1470951792336218
2022-09-07,7400,7930,7400,7890,781,0.14347826086956528
2022-09-08,7990,8190,6710,6990,12088,-0.11406844106463876
2022-09-13,6990,8000,6990,8000,651,0.14449213161659524
2022-09-14,8200,8200,7800,8000,82,0.0
2022-09-15,8400,8600,7200,7980,655,-0.0024999999999999467
2022-09-16,8000,8400,7800,7980,1137,0.0
2022-09-19,8150,8150,7800,8150,303,0.02130325814536338
2022-09-20,8200,8390,8000,8000,413,-0.018404907975460127
2022-09-21,8200,8200,8000,8000,115,0.0
2022-09-22,8190,8190,7250,7410,1502,-0.07374999999999998
2022-09-23,7600,7600,6450,7050,3090,-0.04858299595141702
2022-09-26,7000,7380,7000,7250,411,0.028368794326241176
2022-09-27,7380,7380,7280,7290,177,0.0055172413793103114
2022-09-28,7360,7360,7190,7330,346,0.005486968449931462
2022-09-29,7340,7340,7300,7340,411,0.0013642564802183177
2022-09-30,7380,7380,7290,7300,95,-0.00544959128065392
2022-10-04,7300,7600,7000,7400,292,0.013698630136986356
2022-10-05,7600,7600,6800,7190,330,-0.02837837837837842
2022-10-06,7160,7170,6150,6420,3532,-0.10709318497913767
2022-10-07,6600,6940,6150,6400,2773,-0.0031152647975077885
2022-10-11,6600,6600,5550,6390,1366,-0.0015625000000000222
2022-10-12,6380,6600,5520,6590,1153,0.031298904538341166
2022-10-13,6190,6570,5840,6570,326,-0.003034901365705611
2022-10-14,6560,6810,6500,6790,185,0.03348554033485551
2022-10-17,6800,6800,6800,6800,5,0.0014727540500736325
2022-10-18,6790,6800,6430,6600,131,-0.02941176470588236
2022-10-19,6790,6790,5610,6120,3897,-0.07272727272727275
2022-10-20,5800,5800,5370,5790,943,-0.05392156862745101
2022-10-21,5770,6400,5770,6350,696,0.0967184801381693
2022-10-24,6400,6400,5800,6380,391,0.0047244094488188
2022-10-25,6000,6190,5430,5710,2178,-0.10501567398119127
2022-10-26,6180,6180,5600,5800,177,0.015761821366024442
2022-10-27,5700,6370,5400,5980,416,0.03103448275862064
2022-10-28,6000,6330,5600,6330,452,0.05852842809364556
2022-10-31,6400,6400,6200,6290,71,-0.006319115323854652
2022-11-01,6390,6390,5800,6330,403,0.006359300476947549
2022-11-02,6330,6390,6000,6390,140,0.009478672985782088
2022-11-03,6200,6390,5500,5560,284,-0.1298904538341158
2022-11-04,5800,6380,5600,5790,176,0.04136690647482011
2022-11-07,5990,5990,5150,5580,1270,-0.03626943005181349
2022-11-08,5590,5750,5500,5690,1827,0.019713261648745428
2022-11-09,5800,6540,5800,6200,3535,0.08963093145869938
2022-11-10,6400,6870,6020,6200,1787,0.0
2022-11-11,6200,6400,6200,6400,48,0.032258064516129004
2022-11-14,6400,6400,6390,6390,30,-0.0015625000000000222
2022-11-15,6380,6380,6320,6330,33,-0.009389671361502372
2022-11-16,6300,6300,5500,5580,2319,-0.11848341232227488
2022-11-17,5940,5940,5400,5740,2092,0.028673835125448077
2022-11-18,5800,6400,5600,6400,1004,0.11498257839721249
2022-11-21,6390,6390,6000,6090,120,-0.04843750000000002
2022-11-22,6110,6300,6100,6300,215,0.034482758620689724
2022-11-23,6390,6400,6000,6400,620,0.015873015873015817
2022-11-24,6550,6550,6010,6220,1607,-0.028124999999999956
2022-11-25,6190,6190,6000,6140,81,-0.012861736334405127
2022-11-28,5600,5780,5360,5690,2252,-0.07328990228013033
2022-11-29,5670,5670,5390,5390,380,-0.0527240773286467
2022-11-30,5390,5390,5390,5390,424,0.0
2022-12-01,5390,5500,5390,5500,252,0.020408163265306145
2022-12-02,5000,5380,4770,4770,3236,-0.1327272727272727
2022-12-05,4890,5090,4800,5090,1222,0.06708595387840677
2022-12-06,5090,5090,5080,5080,20,-0.0019646365422396617
2022-12-07,5080,5090,4550,4790,1861,-0.057086614173228356
2022-12-08,4600,4800,4510,4800,1216,0.0020876826722338038
2022-12-09,4600,5490,4510,5400,2054,0.125
2022-12-12,5600,5600,5400,5520,282,0.022222222222222143
2022-12-13,5520,5600,5510,5600,139,0.01449275362318847
2022-12-14,5790,5790,5400,5620,899,0.0035714285714285587
2022-12-15,5800,5800,5500,5800,527,0.03202846975088969
2022-12-16,6000,6600,5990,6390,1084,0.10172413793103452
2022-12-19,6300,7010,6300,6800,574,0.06416275430359941
2022-12-20,6800,6800,5970,6380,947,-0.061764705882352944
2022-12-21,6400,6400,6000,6200,537,-0.028213166144200663
2022-12-22,6190,6200,6190,6200,83,0.0
2022-12-23,6300,6300,6290,6300,510,0.016129032258064502
2022-12-26,6340,6340,6340,6340,3,0.006349206349206327
2022-12-27,6400,7290,5400,5960,939,-0.05993690851735012
2022-12-28,6040,6100,5800,6100,82,0.02348993288590595
2022-12-29,6120,6120,5800,6050,93,-0.008196721311475419
2023-01-02,6190,6190,6190,6190,6,0.023140495867768562
2023-01-03,6200,6200,5270,5270,2057,-0.14862681744749595
2023-01-04,5360,5600,4620,5220,2613,-0.009487666034155628
2023-01-05,5190,5590,5160,5200,482,-0.003831417624521105
2023-01-06,5400,5400,5190,5190,369,-0.0019230769230769162
2023-01-09,5390,5390,4770,5240,643,0.009633911368015502
2023-01-10,5380,5380,5280,5300,484,0.011450381679389388
2023-01-11,5380,5380,4900,5200,303,-0.018867924528301883
2023-01-12,5200,5200,5200,5200,5,0.0
2023-01-13,5400,5400,4995,5140,271,-0.011538461538461497
2023-01-16,5200,5200,5160,5170,68,0.005836575875486361
2023-01-17,5200,5200,5050,5090,57,-0.015473887814313358
2023-01-18,5250,5250,5180,5190,61,0.01964636542239684
2023-01-19,5250,5250,5180,5180,12,-0.0019267822736031004
2023-01-20,5350,5350,5350,5350,3,0.032818532818532864
2023-01-25,5400,5400,5190,5250,178,-0.01869158878504673
2023-01-26,5250,5250,5220,5220,15,-0.005714285714285672
2023-01-27,5380,5380,5250,5300,83,0.015325670498084198
2023-01-30,5300,5300,5300,5300,5,0.0
2023-01-31,5400,5590,5200,5280,77,-0.0037735849056603765
2023-02-01,5300,5300,5200,5200,15,-0.015151515151515138
2023-02-02,5300,5300,5200,5200,53,0.0
2023-02-03,5400,5400,5190,5190,49,-0.0019230769230769162
2023-02-06,5400,5400,5200,5200,6,0.0019267822736031004
2023-02-07,5180,5180,5180,5180,3,-0.0038461538461538325
2023-02-08,5400,5400,5390,5390,24,0.04054054054054057
2023-02-09,5400,5400,5180,5180,76,-0.038961038961038974
2023-02-10,5400,5790,5200,5200,42,0.0038610038610038533
2023-02-13,5400,5400,5200,5200,6,0.0
2023-02-14,5400,5400,5400,5400,3,0.03846153846153855
2023-02-15,5300,5300,5300,5300,3,-0.01851851851851849
2023-02-16,5400,5590,5300,5380,23,0.015094339622641506
2023-02-17,5590,5590,5590,5590,4,0.0390334572490707
2023-02-20,5590,5590,5590,5590,13,0.0
2023-02-21,5590,5590,5200,5200,19,-0.06976744186046513
2023-02-22,5300,5300,5300,5300,4,0.019230769230769162
2023-02-23,5400,5400,5000,5090,370,-0.03962264150943395
2023-02-24,5300,5300,5000,5150,561,0.011787819253438192
2023-02-27,5190,5190,4900,5040,889,-0.021359223300970842
2023-02-28,5100,5100,4800,5080,767,0.007936507936507908
2023-03-02,5200,5200,4600,5090,1416,0.0019685039370078705
2023-03-03,5000,5000,4705,4895,1964,-0.03831041257367385
2023-03-06,5300,5300,5030,5030,64,0.027579162410623193
2023-03-07,4995,4995,4315,4975,693,-0.010934393638170947
2023-03-08,5000,5000,4975,4975,33,0.0
2023-03-09,5000,5000,5000,5000,1,0.005025125628140614
2023-03-10,4700,5000,4700,5000,2,0.0
2023-03-13,5000,5100,5000,5080,30,0.016000000000000014
2023-03-14,5090,5090,5090,5090,1,0.0019685039370078705
2023-03-15,4985,4985,4985,4985,0,-0.02062868369351667
2023-03-16,4995,4995,4995,4995,1,0.0020060180541625616
2023-03-17,4995,4995,4980,4980,51,-0.0030030030030030463
2023-03-20,4995,4995,4980,4980,23,0.0
2023-03-21,4980,5000,4700,5000,241,0.004016064257028162
2023-03-22,5000,5000,4320,4985,628,-0.0030000000000000027
2023-03-23,5000,5000,4300,4315,1858,-0.13440320962888663
2023-03-24,4695,4905,4330,4595,709,0.06488991888760132
2023-03-27,4550,4700,4350,4700,1482,0.02285092491838947
2023-03-28,4695,5000,4600,5000,1832,0.06382978723404253
2023-03-29,4700,5100,4600,4800,3458,-0.040000000000000036
2023-03-30,4900,5000,4600,5000,3292,0.04166666666666674
2023-03-31,5000,5750,5000,5750,1076,0.1499999999999999
2023-04-03,5500,6000,5470,5800,2908,0.008695652173912993
2023-04-04,5800,6000,5700,5700,3613,-0.017241379310344862
2023-04-05,6000,6000,5700,5970,982,0.047368421052631504
2023-04-06,6000,6000,5400,5700,266,-0.045226130653266305
2023-04-07,5590,5590,5590,5590,40,-0.019298245614035037
2023-04-10,5590,5900,4905,5800,1592,0.0375670840787119
2023-04-11,5800,5800,5600,5800,177,0.0
2023-04-12,5800,6000,5600,5920,85,0.020689655172413834
2023-04-13,5800,6000,5800,5900,106,-0.0033783783783783994
2023-04-14,5900,5900,5600,5900,296,0.0
2023-04-17,6000,6000,6000,6000,101,0.016949152542372836
2023-04-18,5670,5900,5220,5380,910,-0.10333333333333339
2023-04-19,5560,5560,5200,5370,1540,-0.0018587360594795044
2023-04-20,5330,5330,5330,5330,1,-0.007448789571694592
2023-04-21,5390,5390,4660,4670,1807,-0.1238273921200751
2023-04-24,5000,5000,4705,4945,1268,0.058886509635974305
2023-04-25,4950,5600,4950,5600,525,0.1324570273003034
2023-04-26,5800,6000,5400,5790,119,0.03392857142857153
2023-04-27,5790,6240,5450,6240,401,0.07772020725388606
2023-04-28,6400,6500,6010,6500,168,0.04166666666666674
2023-05-02,6590,6790,6000,6570,161,0.010769230769230864
2023-05-03,6600,6900,6600,6900,298,0.05022831050228316
2023-05-04,6990,6990,6980,6980,27,0.011594202898550732
2023-05-08,7000,7000,6900,6900,444,-0.011461318051575908
2023-05-09,6980,6980,6920,6920,440,0.0028985507246377384
2023-05-10,7000,7000,6970,6970,411,0.007225433526011571
2023-05-11,7000,7000,6000,6600,488,-0.05308464849354377
2023-05-12,6800,6800,6450,6500,435,-0.015151515151515138
2023-05-15,6790,6790,6200,6590,816,0.013846153846153841
2023-05-16,6600,6600,6000,6400,743,-0.028831562974203306
2023-05-17,6600,6600,6200,6600,422,0.03125
2023-05-18,6600,6600,5610,5800,1092,-0.12121212121212122
2023-05-19,6200,6200,5250,5530,543,-0.04655172413793107
2023-05-22,5550,5550,5060,5290,1471,-0.04339963833634719
2023-05-23,5500,5500,5200,5290,33,0.0
2023-05-24,5390,5390,5370,5370,11,0.01512287334593565
2023-05-25,5390,5390,5370,5370,39,0.0
2023-05-26,5390,5390,5150,5390,402,0.003724394785847407
2023-05-30,5400,5400,5400,5400,1,0.0018552875695732052
2023-05-31,5390,5980,5300,5980,449,0.1074074074074074
2023-06-01,5400,5990,5400,5990,116,0.0016722408026756952
2023-06-02,5990,5990,5600,5940,45,-0.008347245409014992
2023-06-05,6000,6000,5220,5950,1123,0.0016835016835017313
2023-06-07,6000,6000,5360,5600,2397,-0.05882352941176472
2023-06-08,5540,5540,5540,5540,0,-0.010714285714285676
2023-06-09,5600,5690,5600,5690,157,0.02707581227436817
2023-06-12,5800,5990,5600,5600,284,-0.01581722319859402
2023-06-13,5800,6000,5600,5790,724,0.03392857142857153
2023-06-14,5800,5800,5260,5790,512,0.0
2023-06-15,5570,5800,5300,5790,635,0.0
2023-06-16,5400,5600,5300,5470,4416,-0.05526770293609673
2023-06-19,5450,5490,5050,5300,4098,-0.031078610603290646
2023-06-20,5000,5590,5000,5590,1644,0.05471698113207557
2023-06-21,5200,5540,5000,5540,759,-0.008944543828264706
2023-06-22,5010,5600,5000,5000,563,-0.09747292418772568
2023-06-23,5080,5080,4905,4990,676,-0.0020000000000000018
2023-06-26,5200,5200,4950,4950,83,-0.008016032064128265
2023-06-27,4950,4950,4940,4940,201,-0.002020202020202033
2023-06-28,5200,5200,4930,4930,1574,-0.002024291497975672
2023-06-29,4930,4930,4930,4930,1,0.0
2023-06-30,4900,4900,4800,4900,21,-0.006085192697768749
2023-07-03,4800,4900,4800,4900,1250,0.0
2023-07-04,5000,5000,5000,5000,11,0.020408163265306145
2023-07-05,5100,5100,5000,5000,16,0.0
2023-07-06,5100,5100,5000,5000,51,0.0
2023-07-07,4995,4995,4900,4995,389,-0.0010000000000000009
2023-07-10,5090,5090,5090,5090,7,0.019019019019018923
2023-07-11,5090,5090,4500,4895,493,-0.03831041257367385
2023-07-12,4900,4900,4700,4895,374,0.0
2023-07-13,4900,4900,4500,4895,453,0.0
2023-07-14,4600,4700,4165,4700,2957,-0.03983656792645551
2023-07-17,4700,4800,4700,4800,19,0.02127659574468077
2023-07-18,4895,4895,4895,4895,13,0.019791666666666652
2023-07-19,4895,4895,4600,4895,3,0.0
2023-07-20,4895,4895,4605,4895,114,0.0
2023-07-21,4890,4890,4890,4890,1,-0.0010214504596527396
2023-07-24,4880,5000,4880,5000,601,0.02249488752556239
2023-07-25,5000,5000,5000,5000,11,0.0
2023-07-26,5090,5090,5050,5050,24,0.010000000000000009
2023-07-27,5100,5200,4310,4310,377,-0.14653465346534655
2023-07-28,4700,4955,4700,4785,221,0.11020881670533633
2023-07-31,5480,5480,5480,5480,1,0.14524555903866254
2023-08-01,5000,5000,5000,5000,0,-0.08759124087591241
2023-08-02,5000,5000,5000,5000,20,0.0
2023-08-03,5100,5190,5100,5190,42,0.038000000000000034
2023-08-04,5200,5200,5200,5200,10,0.0019267822736031004
2023-08-07,5390,5390,5000,5000,25,-0.038461538461538436
2023-08-08,5200,5200,4300,4300,2501,-0.14
2023-08-09,4480,4480,4200,4200,549,-0.023255813953488413
2023-08-10,4400,4400,4400,4400,60,0.04761904761904767
2023-08-11,4495,4495,4495,4495,3,0.021590909090908994
2023-08-14,4500,4500,4295,4300,215,-0.04338153503893216
2023-08-16,4295,4295,4295,4295,206,-0.0011627906976744429
2023-08-17,4500,4500,4200,4250,63,-0.010477299185098987
2023-08-18,4390,4400,4390,4400,2,0.03529411764705892
2023-08-21,4300,4300,4300,4300,31,-0.022727272727272707
2023-08-22,4400,4400,4400,4400,11,0.023255813953488413
2023-08-23,4290,4290,4200,4280,92,-0.027272727272727226
2023-08-24,4400,4600,4300,4300,34,0.004672897196261738
2023-08-25,4500,4600,4500,4500,863,0.04651162790697683
2023-08-28,5150,5150,5100,5100,262,0.1333333333333333
2023-08-29,4790,5200,4790,5180,90,0.015686274509803866
2023-08-30,5170,5170,5170,5170,1,-0.0019305019305019266
2023-08-31,5400,5400,4905,5350,67,0.03481624758220514
2023-09-01,5330,5330,4900,5270,21,-0.01495327102803734
2023-09-04,5100,5100,5100,5100,0,-0.032258064516129004
2023-09-05,5100,5100,5100,5100,6,0.0
2023-09-06,5000,5000,5000,5000,0,-0.019607843137254943
2023-09-07,5200,5200,5200,5200,1,0.040000000000000036
2023-09-08,5200,5400,5200,5400,282,0.03846153846153855
2023-09-11,5400,5400,4700,5100,73,-0.05555555555555558
2023-09-12,4800,5000,4800,5000,16,-0.019607843137254943
2023-09-13,5000,5090,5000,5090,11,0.018000000000000016
2023-09-14,5100,5100,5090,5090,11,0.0
2023-09-15,5100,5200,5100,5200,12,0.0216110019646365
2023-09-18,5200,5200,5200,5200,1,0.0
2023-09-19,5200,5200,5200,5200,1,0.0
2023-09-20,5200,5300,5000,5200,41,0.0
2023-09-21,5200,5200,5100,5200,7,0.0
2023-09-22,5070,5070,5070,5070,0,-0.025000000000000022
2023-09-25,5140,5140,5140,5140,1,0.013806706114398493
2023-09-26,5200,5200,5200,5200,1,0.011673151750972721
2023-09-27,5150,5150,5150,5150,1,-0.009615384615384581
2023-10-04,5200,5200,5200,5200,1,0.009708737864077666
2023-10-05,5200,5400,5000,5300,35,0.019230769230769162
2023-10-06,5400,5400,5000,5300,52,0.0
2023-10-10,5370,5370,5000,5370,21,0.013207547169811429
2023-10-11,4900,5090,4570,5000,400,-0.06890130353817503
2023-10-12,5100,5100,4600,5090,171,0.018000000000000016
2023-10-13,5200,5200,4800,4800,89,-0.056974459724950854
2023-10-16,5000,5000,4800,4800,20,0.0
2023-10-17,5000,5000,4995,4995,13,0.04062499999999991
2023-10-18,4995,5000,4995,5000,13,0.0010010010010010895
2023-10-19,4700,4995,4700,4995,12,-0.0010000000000000009
2023-10-20,4705,4995,4705,4995,13,0.0
2023-10-23,4700,4995,4700,4995,20,0.0
2023-10-24,4600,4900,4600,4900,21,-0.019019019019019034
2023-10-25,4600,4800,4600,4800,33,-0.020408163265306145
2023-10-26,4500,4750,4500,4700,31,-0.02083333333333337
2023-10-27,4795,5100,4500,4800,116,0.02127659574468077
2023-10-30,4700,4985,4600,4795,31,-0.0010416666666667185
2023-10-31,4500,4695,4400,4400,32,-0.08237747653806049
2023-11-01,4600,4800,4400,4500,55,0.022727272727272707
2023-11-02,4495,4500,4495,4500,12,0.0
2023-11-03,4495,4500,4495,4500,11,0.0
2023-11-06,4600,4600,4550,4550,4,0.011111111111111072
2023-11-07,4545,4550,4545,4550,12,0.0
2023-11-08,4595,4600,3880,4300,516,-0.05494505494505497
2023-11-09,4395,4395,4355,4355,45,0.012790697674418539
2023-11-10,4400,4400,4400,4400,1,0.010332950631458004
2023-11-13,4100,4340,3740,4340,256,-0.013636363636363669
2023-11-14,3990,4090,3690,3875,1147,-0.1071428571428571
2023-11-15,3895,3895,3400,3430,2059,-0.11483870967741938
2023-11-16,3430,3700,3400,3695,447,0.07725947521865884
2023-11-17,3650,3650,3500,3645,74,-0.013531799729364025
2023-11-20,3700,3700,3400,3695,24,0.013717421124828544
2023-11-21,3700,3700,3450,3695,18,0.0
2023-11-22,3600,3700,3450,3700,124,0.0013531799729364913
2023-11-23,3700,3700,3600,3700,36,0.0
2023-11-24,3700,3700,3690,3695,168,-0.0013513513513513375
2023-11-27,3795,3795,3795,3795,2,0.02706359945872805
2023-11-28,3785,3785,3785,3785,40,-0.0026350461133070047
2023-11-29,3800,3800,3785,3785,13,0.0
2023-11-30,3800,3800,3505,3795,72,0.0026420079260238705
2023-12-01,3795,3795,3405,3770,343,-0.006587615283267456
2023-12-04,3795,3795,3500,3755,36,-0.003978779840848823
2023-12-05,3800,3800,3240,3780,112,0.0066577896138482195
2023-12-06,3795,3795,3495,3700,35,-0.021164021164021163
2023-12-07,3500,3800,3500,3795,464,0.025675675675675746
2023-12-08,3600,3795,3600,3795,412,0.0
2023-12-11,3600,3795,3600,3795,500,0.0
2023-12-12,3800,4200,3615,3910,1048,0.030303030303030276
2023-12-13,4200,4490,3910,4490,787,0.1483375959079285
2023-12-14,4300,4700,4200,4600,386,0.024498886414253906
2023-12-15,4600,4700,4300,4700,750,0.021739130434782705
2023-12-18,4700,4800,4400,4800,217,0.02127659574468077
2023-12-19,4500,4900,4400,4900,314,0.02083333333333326
2023-12-20,4900,4900,4400,4600,239,-0.061224489795918324
2023-12-21,4600,4600,4105,4600,256,0.0
2023-12-22,4300,4600,4100,4395,1788,-0.04456521739130437
2023-12-26,4395,4395,3750,3900,557,-0.11262798634812288
2023-12-27,4000,4000,3750,3995,2431,0.024358974358974272
2023-12-28,4000,4000,4000,4000,132,0.0012515644555695093
2024-01-02,4100,4100,3795,4100,214,0.02499999999999991
2024-01-03,3800,4000,3650,4000,1312,-0.024390243902439046
2024-01-04,3995,3995,3700,3980,1016,-0.0050000000000000044
2024-01-05,3700,3900,3700,3700,663,-0.07035175879396982
2024-01-08,3650,3650,3610,3650,1750,-0.013513513513513487
2024-01-09,3900,3900,3620,3900,1568,0.06849315068493156
2024-01-10,3900,4100,3655,4100,1429,0.05128205128205132
2024-01-11,4100,4100,4100,4100,1,0.0
2024-01-12,4100,4100,4100,4100,30,0.0
2024-01-15,4195,4195,3600,4195,2147,0.023170731707317094
2024-01-16,3900,4185,3710,4000,282,-0.04648390941597136
2024-01-17,3710,3995,3705,3995,159,-0.0012499999999999734
2024-01-18,3700,3995,3700,3995,572,0.0
2024-01-19,3995,3995,3950,3995,170,0.0
2024-01-22,4000,4000,3700,3800,821,-0.04881101376720898
2024-01-23,3790,3790,3615,3780,550,-0.0052631578947368585
2024-01-24,3775,3775,3775,3775,150,-0.001322751322751281
2024-01-25,3605,3900,3605,3750,939,-0.0066225165562914245
2024-01-26,3890,3890,3690,3690,200,-0.016000000000000014
2024-01-29,3690,3845,3615,3845,572,0.042005420054200604
2024-01-30,3625,3840,3625,3795,479,-0.013003901170351106
2024-01-31,3620,3745,3620,3735,107,-0.015810276679841917
2024-02-01,3690,3900,3650,3865,3311,0.03480589022757696
2024-02-02,3900,4100,3700,4095,4037,0.05950840879689512
2024-02-05,4100,4705,4000,4705,430,0.14896214896214888
2024-02-06,4805,5400,4200,5400,648,0.14771519659936239
2024-02-07,5600,6190,5000,5540,1180,0.025925925925925908
2024-02-08,5600,5600,4710,4750,9933,-0.14259927797833938
2024-02-13,5100,5100,4200,4495,3990,-0.05368421052631578
2024-02-14,4205,4400,4100,4400,749,-0.021134593993325956
2024-02-15,4100,4500,4000,4500,2099,0.022727272727272707
2024-02-16,4500,4600,4400,4495,6183,-0.0011111111111110628
2024-02-19,4600,4900,4500,4510,408,0.0033370411568409697
2024-02-20,4700,4700,4415,4500,6097,-0.0022172949002217113
2024-02-21,4400,4600,4205,4495,752,-0.0011111111111110628
2024-02-22,4500,4500,4410,4500,953,0.0011123470522802492
2024-02-23,4600,4800,4600,4800,21,0.06666666666666665
2024-02-26,4800,4800,4410,4800,1386,0.0
2024-02-27,4505,4795,4505,4770,350,-0.006249999999999978
2024-02-28,4795,4795,4500,4650,2874,-0.02515723270440251
2024-02-29,4400,4700,4400,4700,994,0.010752688172043001
2024-03-04,4700,4700,4700,4700,746,0.0
2024-03-05,4800,4800,4300,4495,1716,-0.043617021276595724
2024-03-06,4500,4500,4300,4490,597,-0.0011123470522803602
2024-03-07,4500,4500,4200,4500,402,0.00222717149220486
2024-03-08,4500,4500,4205,4500,670,0.0
2024-03-11,4475,4475,4475,4475,12,-0.005555555555555536
2024-03-12,4495,4495,4215,4475,70,0.0
2024-03-13,4495,4495,4210,4210,1147,-0.05921787709497206
2024-03-14,4500,4500,4210,4485,103,0.0653206650831355
2024-03-15,4495,4495,4490,4490,10,0.0011148272017837968
2024-03-18,4500,4500,4485,4490,112,0.0
2024-03-19,4500,4500,4300,4495,408,0.00111358574610243
2024-03-20,4600,4600,4200,4220,671,-0.06117908787541715
2024-03-21,4500,4500,3900,4195,2095,-0.005924170616113722
2024-03-22,4300,4300,4100,4185,93,-0.0023837902264600697
2024-03-25,4290,4810,3900,4795,3232,0.14575866188769404
2024-03-26,4800,5400,4800,5370,1437,0.11991657977059433
2024-03-27,5550,5600,5400,5590,1352,0.040968342644320366
2024-03-28,5600,6200,5200,5600,3326,0.0017889087656528524
2024-03-29,6000,6000,5550,5770,127,0.03035714285714275
2024-04-01,5770,5770,5200,5350,810,-0.07279029462738307
2024-04-02,5390,5490,5000,5200,1530,-0.028037383177570097
2024-04-03,5130,5190,5100,5190,1420,-0.0019230769230769162
2024-04-04,5400,5400,5000,5100,1734,-0.017341040462427793
2024-04-05,5390,5390,5000,5180,270,0.015686274509803866
2024-04-08,5000,5130,4800,5070,1082,-0.021235521235521193
2024-04-09,5070,5400,5060,5400,837,0.06508875739644981
2024-04-11,5000,5400,5000,5400,296,0.0
2024-04-12,5200,5490,5000,5200,799,-0.03703703703703709
2024-04-15,5400,5400,5290,5290,9,0.017307692307692246
2024-04-16,5010,5390,4800,4995,1039,-0.055765595463137974
2024-04-17,4995,5510,4805,5000,1204,0.0010010010010010895
2024-04-18,4900,5000,4900,5000,19,0.0
2024-04-19,5500,5500,5480,5480,8,0.09600000000000009
2024-04-22,5100,5200,5100,5200,11,-0.051094890510948954
2024-04-23,5200,5400,5010,5380,1105,0.034615384615384714
2024-04-24,5400,5400,5040,5170,1103,-0.03903345724907059
2024-04-25,5100,5100,4980,5080,495,-0.01740812379110257
2024-04-26,5290,5390,5000,5340,1301,0.051181102362204633
2024-04-29,5350,5350,5000,5100,5704,-0.0449438202247191
2024-04-30,5000,5090,4990,4990,3256,-0.021568627450980427
2024-05-02,5100,5100,5000,5040,516,0.01002004008016022
2024-05-03,4900,5000,4900,4995,179,-0.008928571428571397
2024-05-07,5100,5100,4920,5000,1635,0.0010010010010010895
2024-05-08,5040,5050,4830,5000,67,0.0
2024-05-09,5090,5100,5090,5100,6,0.020000000000000018
2024-05-10,5100,5100,5050,5050,7,-0.009803921568627416
2024-05-13,5200,5600,5000,5100,839,0.00990099009900991
2024-05-14,5270,5270,5170,5180,396,0.015686274509803866
2024-05-16,5200,5200,4800,4995,1940,-0.0357142857142857
2024-05-17,5000,5000,4600,4990,424,-0.0010010010010009784
2024-05-20,4995,5100,4980,5080,2169,0.018036072144288484
2024-05-21,5080,5200,4850,4950,3157,-0.025590551181102317
2024-05-22,5170,5170,4900,4990,1776,0.008080808080808133
2024-05-23,5100,5200,4800,5100,2471,0.022044088176352616
2024-05-24,5200,5600,5000,5190,1871,0.01764705882352935
2024-05-27,5000,5100,5000,5050,7677,-0.026974951830443183
2024-05-28,5200,5200,5000,5050,1510,0.0
2024-05-29,5200,5200,5000,5150,3559,0.01980198019801982
2024-05-30,5200,5200,5000,5000,4742,-0.029126213592232997
2024-05-31,5000,5090,5000,5050,6616,0.010000000000000009
2024-06-03,5000,5390,5000,5390,15107,0.06732673267326739
2024-06-04,5010,5290,5000,5190,1005,-0.03710575139146566
2024-06-05,5200,5400,5010,5380,524,0.03660886319845846
2024-06-07,5400,5600,5050,5590,2265,0.0390334572490707
2024-06-10,5390,5600,5200,5600,1691,0.0017889087656528524
2024-06-11,5600,6000,5600,5610,2237,0.0017857142857142794
2024-06-12,6400,6400,4770,4770,14066,-0.14973262032085566
2024-06-13,5200,5200,4055,4115,5554,-0.13731656184486374
2024-06-14,4300,4600,3500,4600,6219,0.11786148238153094
2024-06-17,4595,4595,4500,4595,166,-0.0010869565217391797
2024-06-18,4600,4600,4500,4600,40,0.0010881392818280489
2024-06-19,4695,4695,4400,4695,1899,0.020652173913043415
2024-06-20,4400,4500,4400,4500,429,-0.04153354632587858
2024-06-21,4500,4600,4100,4490,720,-0.0022222222222222365
2024-06-24,4400,4500,4400,4495,226,0.00111358574610243
2024-06-25,4600,4600,4400,4495,20,0.0
2024-06-26,4600,4600,4600,4600,20,0.023359288097886566
2024-06-27,4700,4700,3910,4200,990,-0.08695652173913049
2024-06-28,4400,4400,4400,4400,547,0.04761904761904767
2024-07-01,4400,4400,4400,4400,70,0.0
2024-07-02,4470,4470,3900,4000,1906,-0.09090909090909094
2024-07-03,4100,4295,3900,4000,766,0.0
2024-07-04,4100,4100,3800,4045,73,0.011249999999999982
2024-07-05,4200,4200,3900,4200,90,0.03831891223732997
2024-07-08,4200,4200,3990,4000,199,-0.04761904761904767
2024-07-09,4200,4200,3800,3995,1375,-0.0012499999999999734
2024-07-10,4000,4000,3800,3900,460,-0.02377972465581979
2024-07-11,4000,4000,3330,3400,3533,-0.1282051282051282
2024-07-12,3600,3800,3200,3600,6803,0.05882352941176472
2024-07-15,3600,4000,3600,4000,161,0.11111111111111116
2024-07-16,4100,4100,3700,3700,207,-0.07499999999999996
2024-07-17,3895,3895,3145,3145,7490,-0.15000000000000002
2024-07-18,3145,3290,3000,3290,2769,0.04610492845786962
2024-07-19,3295,3295,3275,3280,180,-0.003039513677811523
2024-07-22,3300,3400,3200,3395,474,0.035060975609756184
2024-07-23,3200,3495,3200,3485,221,0.026509572901325384
2024-07-24,3495,3495,3000,3140,4817,-0.09899569583931134
2024-07-25,3195,3195,2905,3175,2725,0.011146496815286566
2024-07-26,3100,3185,2820,3050,5555,-0.03937007874015752
2024-07-29,3030,3195,2900,3000,953,-0.016393442622950838
2024-07-30,3100,3100,2720,3075,6823,0.02499999999999991
2024-07-31,3100,3100,2900,3045,195,-0.009756097560975618
2024-08-01,3100,3300,3000,3295,230,0.08210180623973717
2024-08-02,3300,3300,3000,3300,189,0.0015174506828528056
2024-08-05,3400,3400,2900,3365,380,0.01969696969696977
2024-08-06,3400,3400,3100,3385,767,0.005943536404160454
2024-08-07,3400,3400,3200,3400,463,0.004431314623338345
2024-08-08,3400,3500,3400,3495,992,0.027941176470588136
2024-08-09,3600,3700,3400,3700,831,0.05865522174535043
2024-08-12,4000,4000,3700,3790,678,0.024324324324324298
2024-08-13,3800,3900,3800,3900,282,0.029023746701847042
2024-08-14,3900,4000,3900,4000,212,0.02564102564102555
2024-08-16,4000,4100,3400,4100,3229,0.02499999999999991
2024-08-19,4200,4200,4100,4150,125,0.012195121951219523
2024-08-20,3900,3950,3800,3950,344,-0.048192771084337394
2024-08-21,4100,4100,4000,4100,240,0.03797468354430378
2024-08-22,3900,3900,3900,3900,0,-0.04878048780487809
2024-08-23,4000,4000,4000,4000,2,0.02564102564102555
2024-08-26,4100,4100,3900,3900,12,-0.025000000000000022
2024-08-27,4100,4100,4100,4100,2,0.05128205128205132
2024-08-28,3800,4100,3800,4100,3,0.0
2024-08-29,3850,3995,3485,3985,2084,-0.028048780487804903
2024-08-30,3995,3995,3600,3995,264,0.0025094102885820924
2024-09-02,3700,3995,3410,3415,498,-0.14518147684605753
2024-09-03,3500,3595,3500,3590,685,0.051244509516837455
2024-09-04,3600,3800,3600,3795,503,0.057103064066852394
2024-09-05,3800,3800,3800,3800,254,0.0013175230566535578
2024-09-06,3890,3890,3885,3885,58,0.022368421052631593
2024-09-09,3895,3895,3600,3600,508,-0.07335907335907332
2024-09-10,3800,3800,3500,3500,257,-0.02777777777777779
2024-09-11,3400,3500,3300,3500,410,0.0
2024-09-12,3500,3500,3500,3500,21,0.0
2024-09-13,3600,3600,3300,3595,1144,0.027142857142857135
2024-09-19,3500,3600,3210,3475,1714,-0.033379694019471495
2024-09-20,3300,3300,3200,3280,1035,-0.05611510791366903
2024-09-23,3400,3400,2805,3095,1278,-0.05640243902439024
2024-09-24,3090,3090,2800,3000,931,-0.030694668820678506
2024-09-25,2995,3000,2890,2990,850,-0.0033333333333332993
2024-09-26,2990,2990,2950,2950,101,-0.013377926421404673
2024-09-27,2985,2990,2985,2990,117,0.013559322033898313
2024-09-30,2990,2990,2900,2900,358,-0.030100334448160515
2024-10-02,3290,3290,3100,3100,6,0.06896551724137923
2024-10-04,3000,3095,2800,2800,6518,-0.09677419354838712
2024-10-07,2900,2900,2800,2900,605,0.03571428571428581
2024-10-08,2900,3100,2900,3000,221,0.034482758620689724
2024-10-10,3000,3100,3000,3100,232,0.03333333333333344
2024-10-11,3200,3495,3200,3495,2430,0.1274193548387097
2024-10-14,3600,3600,3450,3600,506,0.030042918454935563
2024-10-15,3700,3900,3400,3890,602,0.08055555555555549
2024-10-16,3895,4000,3600,3990,1043,0.02570694087403602
2024-10-17,4000,4000,3690,3700,2014,-0.07268170426065168
2024-10-18,3900,3900,3605,3775,2395,0.020270270270270174
2024-10-21,3895,3895,3600,3650,185,-0.0331125827814569
2024-10-22,3700,3700,3400,3625,567,-0.006849315068493178
2024-10-23,3625,3695,3625,3685,91,0.016551724137930934
2024-10-24,3690,3690,3400,3400,122,-0.07734056987788329
2024-10-25,3600,3600,3580,3580,19,0.05294117647058827
2024-10-28,3695,3695,3685,3685,38,0.029329608938547524
2024-10-29,3685,3700,3600,3695,17,0.0027137042062415073
2024-10-30,3695,3695,3695,3695,8,0.0
2024-10-31,3590,3600,3150,3600,1337,-0.025710419485791558
2024-11-01,3600,3700,3600,3650,25,0.01388888888888884
2024-11-04,3645,3645,3645,3645,21,-0.00136986301369868
2024-11-05,3795,3795,3200,3650,107,0.00137174211248281
2024-11-06,3685,3685,3685,3685,7,0.009589041095890316
2024-11-07,3695,3695,3680,3680,2,-0.0013568521031207537
2024-11-08,3695,3695,3500,3600,153,-0.021739130434782594
2024-11-11,3690,3690,3450,3450,3,-0.04166666666666663
2024-11-12,3600,3600,3200,3200,1722,-0.07246376811594202
2024-11-13,3300,3300,3200,3300,147,0.03125
2024-11-14,3300,3300,3300,3300,10,0.0
2024-11-15,3350,3350,3200,3200,128,-0.030303030303030276
2024-11-18,3500,3675,3200,3670,1470,0.1468750000000001
2024-11-19,3695,3695,3400,3695,63,0.006811989100817373
2024-11-20,3695,3695,3155,3685,751,-0.0027063599458727605
2024-11-21,3680,3680,3135,3500,531,-0.05020352781546811
2024-11-22,3595,3595,3050,3395,369,-0.030000000000000027
2024-11-25,3495,3495,3495,3495,10,0.02945508100147265
2024-11-26,3550,3550,2975,2975,52,-0.14878397711015734
2024-11-27,3415,3415,3200,3380,43,0.13613445378151257
2024-11-28,3395,3395,3100,3380,75,0.0
2024-11-29,3395,3395,3375,3375,24,-0.0014792899408283544
2024-12-02,3395,3395,3375,3375,31,0.0
2024-12-03,3395,3395,3345,3345,2,-0.008888888888888835
2024-12-04,3395,3395,3395,3395,1,0.014947683109117982
2024-12-05,3100,3395,3000,3100,314,-0.08689248895434465
2024-12-06,3395,3395,3395,3395,1,0.0951612903225807
2024-12-09,3395,3395,2900,3200,863,-0.05743740795287189
2024-12-10,2900,3200,2800,3200,86,0.0
2024-12-11,3300,3300,3300,3300,1,0.03125
2024-12-12,3000,3200,3000,3200,102,-0.030303030303030276
2024-12-13,3150,3150,3145,3145,101,-0.017187500000000022
2024-12-16,3200,3200,2900,2900,2,-0.07790143084260737
2024-12-17,3200,3200,3000,3100,252,0.06896551724137923
2024-12-18,3000,3100,3000,3100,2820,0.0
2024-12-19,3195,3195,3000,3050,103,-0.016129032258064502
2024-12-20,3195,3195,3145,3150,624,0.032786885245901676
2024-12-23,3195,3195,3195,3195,1,0.014285714285714235
2024-12-24,3195,3195,3000,3095,129,-0.031298904538341166
2024-12-26,3195,3195,2635,3170,2654,0.024232633279483107
2024-12-27,3195,3195,3195,3195,6,0.007886435331230235
2024-12-30,3000,3150,3000,3150,151,-0.014084507042253502
2025-01-02,3195,3195,3195,3195,5,0.014285714285714235
2025-01-03,3195,3195,3195,3195,1,0.0
2025-01-06,3000,3150,3000,3100,831,-0.029733959311424085
2025-01-07,3200,3200,3140,3140,2,0.012903225806451646
2025-01-08,3200,3200,2700,3180,209,0.01273885350318471
2025-01-09,3200,3200,3200,3200,101,0.0062893081761006275
2025-01-10,3300,3300,3000,3200,15,0.0
2025-01-13,3100,3100,3100,3100,0,-0.03125
2025-01-14,3200,3200,3000,3100,105,0.0
2025-01-15,3200,3200,2950,3150,902,0.016129032258064502
2025-01-16,3195,3195,2950,3150,217,0.0
2025-01-17,3200,3200,2900,3000,509,-0.04761904761904767
2025-01-20,3200,3200,2800,3000,625,0.0
2025-01-21,3000,3000,2810,2945,1330,-0.018333333333333313
2025-01-22,3000,3000,2650,2995,692,0.01697792869269943
2025-01-23,2995,2995,2710,2900,678,-0.03171953255425708
2025-01-24,2900,2995,2900,2975,24,0.02586206896551735
2025-01-31,3000,3000,2800,2900,505,-0.025210084033613467
2025-02-03,2850,2850,2800,2800,526,-0.03448275862068961
2025-02-04,2900,2900,2700,2795,2172,-0.0017857142857142794
2025-02-05,2800,2800,2795,2795,2,0.0
2025-02-06,2800,2800,2700,2800,44,0.0017889087656528524
2025-02-07,2800,2800,2800,2800,6,0.0
2025-02-10,2800,2800,2800,2800,1,0.0
2025-02-11,2800,2900,2695,2700,5313,-0.0357142857142857
2025-02-12,2800,3100,2800,3100,127,0.14814814814814814
2025-02-13,3195,3195,3195,3195,184,0.030645161290322687
2025-02-14,3200,3600,3200,3600,55,0.12676056338028174
2025-02-17,3400,3400,3400,3400,10,-0.05555555555555558
2025-02-18,3600,3600,3300,3500,25,0.02941176470588225
2025-02-19,3550,3550,3200,3400,122,-0.02857142857142858
2025-02-20,3100,3450,2900,3450,104,0.014705882352941124
2025-02-21,3500,3500,3500,3500,1,0.01449275362318847
2025-02-24,3200,3300,3200,3300,7,-0.05714285714285716
2025-02-25,3300,3300,3000,3000,23,-0.09090909090909094
2025-02-26,3300,3300,2700,2700,541,-0.09999999999999998
2025-02-27,2900,3100,2500,3000,2515,0.11111111111111116
2025-02-28,2800,3000,2550,2600,1255,-0.1333333333333333
2025-03-04,2800,2800,2600,2600,227,0.0
2025-03-05,2700,2900,2600,2600,68,0.0
2025-03-06,2795,2990,2700,2980,116,0.14615384615384608
2025-03-07,2995,2995,2550,2995,334,0.005033557046979942
2025-03-10,3195,3195,2700,3000,150,0.0016694490818029983
2025-03-11,3195,3195,2800,2890,34,-0.036666666666666625
2025-03-12,2700,2795,2600,2695,63,-0.06747404844290661
2025-03-13,2695,2700,2600,2650,527,-0.016697588126159513
2025-03-14,2700,2700,2400,2700,1705,0.018867924528301883
2025-03-17,2700,2700,2400,2410,1637,-0.1074074074074074
2025-03-18,2600,2600,2415,2495,1555,0.03526970954356856
2025-03-19,2600,2600,2500,2595,164,0.04008016032064132
2025-03-20,2600,2600,2495,2495,3,-0.038535645472061675
2025-03-21,2600,2600,2300,2395,1236,-0.04008016032064132
2025-03-24,2400,2500,2400,2495,21,0.04175365344467652
2025-03-25,2495,2495,2200,2210,3282,-0.11422845691382766
2025-03-26,2400,2400,2110,2295,5574,0.03846153846153855
2025-03-27,2400,2400,2105,2295,147,0.0
2025-03-28,2200,2400,2200,2400,258,0.045751633986928164
2025-03-31,2400,2400,2400,2400,3,0.0
2025-04-01,2400,2400,2400,2400,4,0.0
2025-04-02,2400,2400,2400,2400,5,0.0
2025-04-03,2400,2400,2400,2400,1,0.0
2025-04-04,2400,2400,2400,2400,0,0.0
2025-04-07,2400,2400,2400,2400,5,0.0
2025-04-08,2595,2595,2400,2500,46,0.04166666666666674
2025-04-09,2500,2500,2500,2500,5,0.0
2025-04-10,2300,2500,2130,2500,135,0.0
2025-04-11,2500,2500,2500,2500,3,0.0
2025-04-14,2500,2500,2500,2500,2,0.0
2025-04-15,2500,2500,2500,2500,1,0.0
2025-04-16,2500,2500,2500,2500,2,0.0
2025-04-17,2500,2500,2500,2500,0,0.0
2025-04-18,2300,2500,2300,2500,35,0.0
2025-04-21,2500,2500,2500,2500,0,0.0
2025-04-22,2300,2395,2130,2395,852,-0.04200000000000004
2025-04-23,2400,2500,2040,2500,1792,0.04384133611691032
2025-04-24,2300,2500,2300,2500,11,0.0
2025-04-25,2875,2875,2875,2875,3,0.1499999999999999
2025-04-28,2445,2500,2445,2500,91,-0.13043478260869568
2025-04-29,2500,2500,2500,2500,0,0.0
2025-04-30,2300,2300,2295,2295,35,-0.08199999999999996
2025-05-02,2400,2400,2350,2350,5,0.023965141612200425
2025-05-07,2400,2400,2395,2395,7,0.01914893617021285
2025-05-08,2395,2395,2300,2385,152,-0.0041753653444676075
2025-05-09,2200,2385,2200,2380,62,-0.002096436058700246
2025-05-12,2400,2400,2400,2400,7,0.008403361344537785
2025-05-13,2200,2390,2040,2390,60,-0.004166666666666652
2025-05-14,2400,2400,2035,2040,282,-0.14644351464435146
2025-05-15,2200,2300,2200,2300,17,0.12745098039215685
2025-05-16,2400,2400,1955,2010,1338,-0.12608695652173918
2025-05-19,2200,2200,1800,2080,410,0.03482587064676612
2025-05-20,2370,2370,2000,2100,41,0.009615384615384581
2025-05-21,2100,2300,1805,2100,501,0.0
2025-05-22,2200,2300,2095,2100,309,0.0
2025-05-23,2200,2295,2200,2295,26,0.09285714285714275
2025-05-26,2290,2300,1980,2295,166,0.0
2025-05-27,2300,2300,1955,2300,1434,0.002178649237472685
2025-05-28,2640,2640,1960,2300,7,0.0
2025-05-29,2295,2295,2285,2285,2,-0.006521739130434745
2025-05-30,2295,2295,2000,2000,53,-0.12472647702407003
2025-06-02,2000,2300,2000,2020,381,0.010000000000000009
2025-06-04,2200,2300,1720,2200,2063,0.08910891089108919
2025-06-05,2100,2295,2000,2030,2509,-0.07727272727272727
2025-06-09,2100,2200,1730,1800,2629,-0.11330049261083741
2025-06-10,1900,2060,1800,2000,191,0.11111111111111116
2025-06-11,2100,2100,1700,1980,613,-0.010000000000000009
2025-06-12,1990,1990,1683,1684,1697,-0.14949494949494946
2025-06-13,1800,1935,1432,1679,9164,-0.002969121140142472
2025-06-16,1600,1930,1600,1600,186,-0.0470518165574747
2025-06-17,1700,1840,1700,1700,682,0.0625
2025-06-18,1800,1950,1700,1890,834,0.11176470588235299
2025-06-19,1900,2095,1610,1800,682,-0.04761904761904767
2025-06-20,1900,1900,1700,1800,9152,0.0
2025-06-23,1700,1713,1605,1605,5199,-0.10833333333333328
2025-06-24,1700,1800,1500,1791,6155,0.11588785046728978
2025-06-25,1700,1799,1650,1650,3040,-0.07872696817420433
2025-06-26,1800,1896,1600,1700,55,0.030303030303030276
2025-06-27,1799,1799,1650,1660,54,-0.02352941176470591
2025-06-30,1800,1897,1670,1700,45,0.024096385542168752
2025-07-01,1700,1955,1700,1955,1202,0.1499999999999999
2025-07-02,2100,2200,2100,2200,26,0.1253196930946292
2025-07-03,2300,2500,2300,2500,87,0.13636363636363646
2025-07-04,2500,2500,2500,2500,3,0.0
2025-07-07,2600,2600,2500,2500,6,0.0
2025-07-08,2600,2600,2600,2600,6,0.040000000000000036
2025-07-09,2700,2700,2600,2600,24,0.0
2025-07-10,2990,2990,2990,2990,1,0.1499999999999999
2025-07-11,2545,2700,2545,2545,91,-0.1488294314381271
2025-07-14,2600,2600,2600,2600,6,0.0216110019646365
2025-07-15,2700,2700,2500,2595,17,-0.0019230769230769162
2025-07-16,2590,2590,2590,2590,0,-0.0019267822736031004
2025-07-17,2600,2600,2600,2600,1,0.0038610038610038533
2025-07-18,2400,2400,2210,2340,68,-0.09999999999999998
2025-07-21,2300,2500,2300,2500,22,0.06837606837606836
2025-07-22,2300,2500,2300,2500,61,0.0
2025-07-23,2200,2390,2130,2385,472,-0.04600000000000004
2025-07-24,2300,2300,2300,2300,0,-0.03563941299790352
2025-07-25,2250,2500,2250,2500,2248,0.08695652173913038
2025-07-28,2400,2400,2400,2400,14,-0.040000000000000036
2025-07-29,2500,2500,2200,2300,191,-0.04166666666666663
2025-07-30,2400,2400,2090,2145,80,-0.06739130434782614
2025-07-31,2010,2095,2000,2095,40,-0.023310023310023298
2025-08-01,2100,2400,1785,1999,387,-0.045823389021479755
2025-08-04,1999,2000,1999,2000,205,0.0005002501250626068
2025-08-05,2100,2100,1800,1900,448,-0.050000000000000044
2025-08-06,2000,2000,1799,1849,186,-0.02684210526315789
2025-08-07,1849,1849,1695,1700,602,-0.0805840995132504
2025-08-08,1750,1750,1700,1700,65,0.0
2025-08-11,1800,1800,1700,1700,13,0.0
2025-08-12,1800,1955,1700,1750,121,0.02941176470588225
2025-08-13,1800,1800,1750,1750,3,0.0
2025-08-14,1800,1800,1600,1700,114,-0.02857142857142858
2025-08-18,1700,1700,1600,1600,36,-0.05882352941176472
2025-08-19,1700,1800,1600,1800,429,0.125
2025-08-20,1650,1650,1650,1650,0,-0.08333333333333337
2025-08-21,1650,1670,1600,1670,243,0.0121212121212122
2025-08-22,1700,1700,1670,1700,112,0.017964071856287456
2025-08-25,1800,1800,1600,1700,214,0.0
2025-08-26,1700,1800,1600,1650,624,-0.02941176470588236
2025-08-27,1650,1800,1650,1700,116,0.030303030303030276
2025-08-28,1800,1955,1800,1955,21,0.1499999999999999
2025-08-29,2000,2000,1800,1800,27,-0.07928388746803072
2025-09-01,1700,1700,1700,1700,28,-0.05555555555555558
2025-09-02,1800,1800,1600,1700,12,0.0
2025-09-03,1700,1700,1600,1700,285,0.0
2025-09-04,1700,1800,1700,1800,133,0.05882352941176472
2025-09-05,1800,1900,1650,1750,573,-0.02777777777777779
2025-09-08,1800,1800,1610,1700,161,-0.02857142857142858
2025-09-09,1800,1800,1700,1700,2,0.0
2025-09-10,1800,1800,1700,1700,18,0.0
2025-09-11,1800,1800,1700,1700,153,0.0
2025-09-12,1900,1900,1600,1700,148,0.0
2025-09-15,1600,1955,1600,1955,303,0.1499999999999999
2025-09-16,2100,2100,1900,1900,18,-0.02813299232736577
2025-09-17,1800,1800,1800,1800,53,-0.052631578947368474
2025-09-18,1900,1900,1700,1900,124,0.05555555555555558
2025-09-19,1900,1900,1900,1900,4,0.0
2025-09-22,1700,1750,1700,1750,201,-0.07894736842105265
2025-09-23,1800,1800,1700,1750,202,0.0
2025-09-24,1800,2000,1800,2000,21,0.1428571428571428
2025-09-25,1800,1800,1700,1800,286,-0.09999999999999998
2025-09-26,1800,2000,1800,2000,82,0.11111111111111116
2025-09-29,1850,2000,1850,2000,11,0.0
2025-09-30,2000,2000,1700,1790,32,-0.10499999999999998
2025-10-01,1800,1800,1800,1800,2,0.005586592178770999
2025-10-02,1800,1800,1800,1800,1,0.0
2025-10-10,1800,1900,1750,1900,354,0.05555555555555558
2025-10-13,2000,2000,1700,1800,537,-0.052631578947368474
2025-10-14,1800,2000,1800,2000,586,0.11111111111111116
2025-10-15,2000,2090,2000,2090,17,0.04499999999999993
2025-10-16,2100,2200,2100,2200,23,0.05263157894736836
2025-10-17,2200,2300,1900,2095,518,-0.04772727272727273
2025-10-20,1950,1950,1950,1950,0,-0.06921241050119331
2025-10-21,2100,2100,1900,1900,99,-0.02564102564102566
2025-10-22,2000,2100,1900,1900,28,0.0
2025-10-23,2000,2100,1800,1850,295,-0.02631578947368418
2025-10-24,1900,2000,1900,1900,131,0.027027027027026973
2025-10-27,2000,2000,1800,1900,329,0.0
2025-10-28,1900,2000,1800,1800,118,-0.052631578947368474
2025-10-29,1800,1900,1700,1800,189,0.0
2025-10-30,1900,1900,1530,1750,240,-0.02777777777777779
2025-10-31,1790,1850,1600,1850,273,0.05714285714285716
2025-11-03,1900,1900,1600,1899,1845,0.026486486486486438
2025-11-04,1700,1700,1700,1700,844,-0.1047919957872564
2025-11-05,1951,1951,1700,1700,528,0.0
2025-11-06,1800,1800,1600,1690,1602,-0.00588235294117645
2025-11-07,1700,1700,1600,1600,2,-0.053254437869822535
2025-11-10,1700,1700,1500,1500,1337,-0.0625
2025-11-11,1600,1600,1500,1500,50,0.0
2025-11-12,1600,1600,1400,1599,7842,0.06600000000000006
2025-11-13,1600,1600,1550,1550,153,-0.03064415259537212
2025-11-14,1600,1600,1500,1500,112,-0.032258064516129004
2025-11-17,1500,1600,1500,1500,32,0.0
2025-11-18,1500,1724,1500,1723,153,0.14866666666666672
2025-11-19,1800,1800,1500,1500,57,-0.12942542077771324
2025-11-20,1700,1700,1500,1599,47,0.06600000000000006
2025-11-21,1500,1500,1500,1500,850,-0.06191369606003749
2025-11-24,1500,1500,1400,1500,98,0.0
2025-11-25,1500,1600,1500,1500,536,0.0
2025-11-26,1600,1600,1500,1500,1133,0.0
2025-11-27,1500,1500,1499,1500,627,0.0
2025-11-28,1500,1500,1450,1500,1121,0.0
2025-12-01,1500,1600,1500,1600,1952,0.06666666666666665
2025-12-02,1600,1700,1360,1407,253,-0.12062499999999998
2025-12-03,1600,1600,1400,1597,7,0.13503909026297078
2025-12-04,1600,1800,1450,1800,278,0.12711333750782727
2025-12-05,1900,2000,1600,2000,51,0.11111111111111116
2025-12-08,2000,2100,2000,2100,11,0.050000000000000044
2025-12-09,2100,2100,2100,2100,1,0.0
2025-12-10,2100,2100,2100,2100,1,0.0
2025-12-11,2100,2200,2100,2200,11,0.04761904761904767
2025-12-12,2000,2000,2000,2000,10,-0.09090909090909094
2025-12-15,2000,2000,1900,1900,11,-0.050000000000000044
2025-12-16,1990,2000,1990,2000,2,0.05263157894736836
2025-12-17,2000,2000,1700,1800,5945,-0.09999999999999998
2025-12-18,1800,1800,1800,1800,41,0.0
2025-12-19,1900,1900,1800,1899,4,0.05499999999999994
2025-12-22,1900,1900,1700,1700,11,-0.1047919957872564
2025-12-23,1800,1800,1800,1800,1,0.05882352941176472
2025-12-24,1800,1900,1700,1700,56,-0.05555555555555558
2025-12-26,1800,1900,1445,1500,2186,-0.11764705882352944
2025-12-29,1700,1700,1600,1699,61,0.1326666666666667
2025-12-30,1700,1700,1500,1700,71,0.0005885815185402432
2026-01-02,1700,1900,1700,1700,942,0.0
