Date,Open,High,Low,Close,Volume,Change
2022-01-03,1350,1415,1315,1390,3725081,0.03731343283582089
2022-01-04,1400,1405,1360,1395,1431977,0.003597122302158251
2022-01-05,1400,1530,1375,1465,8811388,0.05017921146953408
2022-01-06,1430,1530,1425,1470,6762588,0.0034129692832765013
2022-01-07,1475,1505,1445,1450,1739084,-0.013605442176870763
2022-01-10,1455,1460,1395,1415,1457595,-0.024137931034482807
2022-01-11,1430,1440,1365,1400,1566251,-0.010600706713780883
2022-01-12,1405,1420,1385,1400,870191,0.0
2022-01-13,1410,1445,1395,1415,1606423,0.010714285714285676
2022-01-14,1410,1530,1385,1475,6438771,0.042402826855123754
2022-01-17,1485,1500,1425,1430,1891589,-0.03050847457627115
2022-01-18,1435,1445,1385,1395,1475185,-0.02447552447552448
2022-01-19,1370,1405,1360,1385,1031721,-0.007168458781361964
2022-01-20,1370,1395,1370,1385,657327,0.0
2022-01-21,1375,1400,1370,1375,761671,-0.0072202166064981865
2022-01-24,1365,1370,1290,1300,1706075,-0.054545454545454564
2022-01-25,1310,1315,1220,1250,1744061,-0.038461538461538436
2022-01-26,1225,1270,1225,1235,972527,-0.01200000000000001
2022-01-27,1245,1250,1170,1170,1412617,-0.052631578947368474
2022-01-28,1170,1225,1160,1215,896322,0.03846153846153855
2022-02-03,1240,1265,1225,1265,603890,0.04115226337448563
2022-02-04,1235,1300,1235,1280,754782,0.011857707509881354
2022-02-07,1290,1295,1250,1290,771864,0.0078125
2022-02-08,1290,1295,1240,1285,1020781,-0.003875968992248069
2022-02-09,1275,1310,1275,1305,1313614,0.015564202334630295
2022-02-10,1305,1320,1280,1285,781065,-0.01532567049808431
2022-02-11,1270,1285,1250,1260,669923,-0.01945525291828798
2022-02-14,1235,1255,1185,1195,944074,-0.051587301587301626
2022-02-15,1195,1220,1150,1180,1019497,-0.012552301255230103
2022-02-16,1205,1240,1205,1240,1386815,0.05084745762711873
2022-02-17,1230,1275,1220,1240,1367909,0.0
2022-02-18,1210,1270,1210,1260,586785,0.016129032258064502
2022-02-21,1240,1255,1215,1235,634182,-0.019841269841269882
2022-02-22,1210,1220,1180,1190,872218,-0.036437246963562764
2022-02-23,1190,1230,1190,1205,1000871,0.012605042016806678
2022-02-24,1195,1205,1135,1150,1214400,-0.0456431535269709
2022-02-25,1185,1195,1165,1180,474417,0.026086956521739202
2022-02-28,1180,1195,1175,1190,362152,0.008474576271186418
2022-03-02,1180,1225,1180,1210,673898,0.01680672268907557
2022-03-03,1220,1235,1210,1225,745397,0.012396694214876103
2022-03-04,1220,1250,1210,1225,725055,0.0
2022-03-07,1225,1230,1205,1210,420351,-0.01224489795918371
2022-03-08,1185,1210,1185,1190,329973,-0.016528925619834656
2022-03-10,1200,1210,1195,1210,468959,0.01680672268907557
2022-03-11,1290,1470,1280,1310,17424832,0.0826446280991735
2022-03-14,1325,1360,1275,1280,2858979,-0.022900763358778664
2022-03-15,1280,1295,1245,1260,1495591,-0.015625
2022-03-16,1260,1275,1245,1260,1177507,0.0
2022-03-17,1280,1325,1270,1280,1742565,0.015873015873015817
2022-03-18,1285,1285,1255,1270,818068,-0.0078125
2022-03-21,1260,1290,1255,1280,899457,0.007874015748031482
2022-03-22,1275,1285,1265,1275,512853,-0.00390625
2022-03-23,1285,1305,1270,1270,850595,-0.0039215686274509665
2022-03-24,1265,1275,1250,1265,628871,-0.003937007874015741
2022-03-25,1280,1280,1255,1255,536316,-0.007905138339920903
2022-03-28,1255,1255,1230,1250,581253,-0.003984063745019917
2022-03-29,1250,1260,1245,1255,417643,0.0040000000000000036
2022-03-30,1265,1265,1235,1240,577479,-0.01195219123505975
2022-03-31,1240,1260,1225,1255,610127,0.012096774193548487
2022-04-01,1255,1265,1250,1260,393417,0.003984063745019917
2022-04-04,1265,1275,1255,1275,650954,0.011904761904761862
2022-04-05,1275,1285,1265,1280,584663,0.0039215686274509665
2022-04-06,1275,1280,1265,1275,614268,-0.00390625
2022-04-07,1275,1290,1250,1265,1684769,-0.007843137254901933
2022-04-08,1270,1280,1240,1255,862180,-0.007905138339920903
2022-04-11,1255,1265,1240,1240,570822,-0.01195219123505975
2022-04-12,1230,1240,1200,1205,901082,-0.028225806451612878
2022-04-13,1215,1270,1210,1240,557632,0.029045643153526868
2022-04-14,1245,1265,1240,1245,516921,0.0040322580645162365
2022-04-15,1240,1250,1230,1250,380439,0.004016064257028162
2022-04-18,1240,1260,1235,1245,462972,-0.0040000000000000036
2022-04-19,1245,1295,1245,1270,1423611,0.02008032128514059
2022-04-20,1275,1280,1260,1275,542510,0.003937007874015741
2022-04-21,1270,1275,1250,1255,591201,-0.015686274509803977
2022-04-22,1240,1255,1225,1235,911401,-0.015936254980079667
2022-04-25,1210,1250,1200,1215,902940,-0.01619433198380571
2022-04-26,1215,1235,1215,1220,477213,0.004115226337448652
2022-04-27,1190,1215,1175,1205,551040,-0.012295081967213073
2022-04-28,1215,1215,1200,1210,491996,0.004149377593360981
2022-04-29,1215,1220,1205,1220,394367,0.008264462809917328
2022-05-02,1205,1220,1200,1215,349411,-0.004098360655737654
2022-05-03,1215,1225,1210,1215,368487,0.0
2022-05-04,1215,1220,1205,1210,316023,-0.004115226337448541
2022-05-06,1195,1200,1185,1190,401753,-0.016528925619834656
2022-05-09,1185,1190,1155,1160,653538,-0.025210084033613467
2022-05-10,1140,1140,1080,1125,730272,-0.030172413793103425
2022-05-11,1125,1145,1125,1140,216366,0.01333333333333342
2022-05-12,1125,1150,1095,1100,497580,-0.03508771929824561
2022-05-13,1110,1120,1095,1100,320188,0.0
2022-05-16,1110,1135,1105,1110,281705,0.009090909090909038
2022-05-17,1100,1185,1100,1125,738659,0.013513513513513598
2022-05-18,1130,1135,1125,1125,228759,0.0
2022-05-19,1095,1115,1090,1105,251128,-0.01777777777777778
2022-05-20,1110,1150,1110,1135,431432,0.02714932126696823
2022-05-23,1135,1175,1120,1140,510281,0.004405286343612369
2022-05-24,1140,1150,1120,1120,332338,-0.01754385964912286
2022-05-25,1130,1130,1110,1120,185681,0.0
2022-05-26,1120,1135,1115,1120,214837,0.0
2022-05-27,1125,1145,1120,1135,273858,0.013392857142857206
2022-05-30,1145,1160,1135,1145,268897,0.008810572687224738
2022-05-31,1140,1180,1140,1175,485067,0.026200873362445476
2022-06-02,1175,1190,1150,1180,343837,0.004255319148936065
2022-06-03,1190,1190,1180,1185,227462,0.004237288135593209
2022-06-07,1190,1190,1155,1165,264754,-0.016877637130801704
2022-06-08,1165,1170,1155,1160,189584,-0.0042918454935622075
2022-06-09,1160,1165,1130,1135,239595,-0.02155172413793105
2022-06-10,1120,1135,1110,1115,316346,-0.017621145374449365
2022-06-13,1085,1110,1035,1035,699889,-0.0717488789237668
2022-06-14,1000,1035,990,1000,764029,-0.033816425120772986
2022-06-15,996,1020,963,982,681925,-0.018000000000000016
2022-06-16,994,1150,993,1040,3526184,0.05906313645621175
2022-06-17,1000,1025,991,1015,429515,-0.024038461538461564
2022-06-20,1015,1020,954,965,794458,-0.049261083743842415
2022-06-21,954,976,954,962,371097,-0.0031088082901554737
2022-06-22,963,1080,935,937,3092698,-0.02598752598752596
2022-06-23,940,944,866,870,935059,-0.07150480256136604
2022-06-24,860,923,860,910,830551,0.04597701149425282
2022-06-27,931,971,921,968,601339,0.06373626373626373
2022-06-28,972,977,960,975,373136,0.00723140495867769
2022-06-29,956,981,956,974,140543,-0.0010256410256410664
2022-06-30,970,972,941,950,187587,-0.024640657084188944
2022-07-01,950,954,900,903,356037,-0.049473684210526336
2022-07-04,901,967,878,882,831516,-0.023255813953488413
2022-07-05,895,918,894,912,219676,0.03401360544217691
2022-07-06,915,942,890,925,354538,0.014254385964912242
2022-07-07,923,947,923,938,303448,0.014054054054054133
2022-07-08,943,995,943,988,810024,0.05330490405117261
2022-07-11,994,998,975,981,242573,-0.007085020242915019
2022-07-12,966,978,931,940,341635,-0.041794087665647295
2022-07-13,944,945,919,927,174678,-0.013829787234042601
2022-07-14,920,941,920,928,114311,0.0010787486515642097
2022-07-15,928,935,908,917,167008,-0.0118534482758621
2022-07-18,920,932,919,929,127903,0.013086150490730697
2022-07-19,923,963,923,953,309029,0.02583423035522059
2022-07-20,958,974,955,957,237961,0.0041972717733473885
2022-07-21,961,970,957,960,128789,0.0031347962382444194
2022-07-22,962,978,962,972,213815,0.012499999999999956
2022-07-25,973,973,959,963,109413,-0.0092592592592593
2022-07-26,959,970,955,964,135695,0.0010384215991692258
2022-07-27,958,966,952,963,152484,-0.0010373443983402453
2022-07-28,965,973,963,969,190142,0.006230529595015577
2022-07-29,965,982,965,972,173261,0.003095975232198178
2022-08-01,996,996,974,974,147589,0.002057613168724215
2022-08-02,973,1235,966,1110,43527192,0.13963039014373724
2022-08-03,1100,1120,1060,1085,3991327,-0.022522522522522515
2022-08-04,1085,1225,1080,1105,17221076,0.018433179723502224
2022-08-05,1185,1190,1135,1140,6249304,0.03167420814479649
2022-08-08,1150,1195,1135,1175,3183346,0.030701754385964897
2022-08-09,1170,1170,1140,1160,1138810,-0.012765957446808529
2022-08-10,1130,1190,1125,1135,1995005,-0.02155172413793105
2022-08-11,1150,1175,1125,1145,1168276,0.008810572687224738
2022-08-12,1135,1165,1130,1140,823016,-0.004366812227074246
2022-08-16,1135,1155,1110,1130,634791,-0.00877192982456143
2022-08-17,1130,1150,1120,1135,722278,0.004424778761061843
2022-08-18,1120,1135,1090,1105,649784,-0.026431718061673992
2022-08-19,1105,1125,1090,1095,308893,-0.009049773755656076
2022-08-22,1065,1075,1050,1060,537175,-0.03196347031963476
2022-08-23,1035,1070,1035,1035,489748,-0.02358490566037741
2022-08-24,1040,1170,1040,1115,5527988,0.07729468599033806
2022-08-25,1100,1140,1085,1125,887030,0.008968609865470878
2022-08-26,1135,1145,1100,1100,615916,-0.022222222222222254
2022-08-29,1050,1100,1050,1080,403342,-0.018181818181818188
2022-08-30,870,960,870,931,6763063,-0.13796296296296295
2022-08-31,915,995,915,976,2854090,0.04833512352309355
2022-09-01,1020,1020,934,934,1726702,-0.04303278688524592
2022-09-02,934,952,932,939,496275,0.005353319057815886
2022-09-05,935,947,928,936,380367,-0.0031948881789137795
2022-09-06,931,1000,922,969,1062514,0.03525641025641035
2022-09-07,958,968,937,949,362095,-0.02063983488132093
2022-09-08,954,954,934,944,241407,-0.005268703898840932
2022-09-13,955,969,944,963,264141,0.020127118644067687
2022-09-14,940,974,930,971,248412,0.008307372793354029
2022-09-15,967,995,966,980,384293,0.009268795056642576
2022-09-16,980,1015,961,961,585212,-0.019387755102040827
2022-09-19,954,1000,921,924,967122,-0.03850156087408951
2022-09-20,924,947,923,947,251895,0.024891774891774965
2022-09-21,943,954,932,941,145293,-0.006335797254487852
2022-09-22,930,940,914,930,270578,-0.011689691817215686
2022-09-23,924,950,894,901,345659,-0.03118279569892468
2022-09-26,873,899,800,829,650308,-0.07991120976692567
2022-09-27,801,841,800,828,351075,-0.0012062726176115257
2022-09-28,824,840,766,783,351715,-0.05434782608695654
2022-09-29,797,895,790,810,1386217,0.034482758620689724
2022-09-30,804,829,799,825,156373,0.0185185185185186
2022-10-04,827,852,827,847,120804,0.026666666666666616
2022-10-05,856,862,831,842,138911,-0.005903187721369552
2022-10-06,851,868,835,845,288294,0.0035629453681709222
2022-10-07,838,852,830,840,143234,-0.00591715976331364
2022-10-11,827,830,799,804,293625,-0.042857142857142816
2022-10-12,792,809,790,792,223578,-0.014925373134328401
2022-10-13,785,795,715,735,519538,-0.07196969696969702
2022-10-14,741,773,741,772,137750,0.05034013605442178
2022-10-17,750,798,737,788,192429,0.020725388601036343
2022-10-18,798,819,796,815,254896,0.03426395939086291
2022-10-19,815,822,809,810,252747,-0.006134969325153339
2022-10-20,809,822,801,808,204499,-0.0024691358024691024
2022-10-21,800,810,790,790,253037,-0.022277227722772297
2022-10-24,801,819,801,801,204986,0.013924050632911467
2022-10-25,800,809,795,804,96144,0.0037453183520599342
2022-10-26,804,808,793,796,108892,-0.00995024875621886
2022-10-27,792,802,790,798,165042,0.002512562814070307
2022-10-28,798,802,785,791,106844,-0.00877192982456143
2022-10-31,792,798,775,791,142924,0.0
2022-11-01,783,802,783,796,132714,0.006321112515802696
2022-11-02,790,802,786,792,148096,-0.005025125628140725
2022-11-03,783,784,770,776,163682,-0.02020202020202022
2022-11-04,771,793,750,787,283575,0.014175257731958713
2022-11-07,795,796,777,782,138858,-0.006353240152477735
2022-11-08,776,1000,776,910,25373395,0.1636828644501278
2022-11-09,907,958,873,885,4088552,-0.027472527472527486
2022-11-10,864,873,858,865,873265,-0.02259887005649719
2022-11-11,877,887,862,865,966687,0.0
2022-11-14,867,1120,851,1120,61699884,0.2947976878612717
2022-11-15,1175,1305,1125,1170,63295909,0.044642857142857206
2022-11-16,1170,1180,1125,1145,6567469,-0.021367521367521403
2022-11-17,1130,1240,1100,1130,18284769,-0.013100436681222738
2022-11-18,1120,1160,1100,1105,4787757,-0.02212389380530977
2022-11-21,1080,1270,1050,1090,19418519,-0.013574660633484115
2022-11-22,1065,1130,1045,1065,3758062,-0.022935779816513735
2022-11-23,1070,1160,1055,1085,11349298,0.018779342723004744
2022-11-24,1080,1120,1070,1080,4371236,-0.004608294930875556
2022-11-25,1090,1095,1055,1060,1619858,-0.01851851851851849
2022-11-28,1045,1075,1020,1040,1866476,-0.018867924528301883
2022-11-29,1060,1155,1055,1080,11261626,0.03846153846153855
2022-11-30,1080,1090,1055,1055,1274698,-0.02314814814814814
2022-12-01,1075,1075,1025,1040,1839262,-0.014218009478673022
2022-12-02,1040,1075,1035,1045,1798850,0.004807692307692291
2022-12-05,1070,1170,1065,1125,18089700,0.07655502392344493
2022-12-06,1110,1120,1055,1085,3913728,-0.03555555555555556
2022-12-07,1085,1150,1075,1090,7880965,0.004608294930875667
2022-12-08,1090,1105,1015,1015,3534868,-0.06880733944954132
2022-12-09,1045,1060,977,1000,2803900,-0.014778325123152691
2022-12-12,996,1030,996,1000,986264,0.0
2022-12-13,1000,1015,997,1000,703982,0.0
2022-12-14,999,1050,999,1030,1586470,0.030000000000000027
2022-12-15,1020,1050,1005,1020,905892,-0.009708737864077666
2022-12-16,1000,1015,990,1005,771604,-0.014705882352941124
2022-12-19,1005,1010,998,998,575378,-0.006965174129353269
2022-12-20,986,996,956,956,1288057,-0.04208416833667339
2022-12-21,976,992,937,943,1001475,-0.013598326359832602
2022-12-22,943,959,943,952,672630,0.009544008483563182
2022-12-23,934,950,918,925,769443,-0.028361344537815136
2022-12-26,920,935,860,903,677021,-0.023783783783783763
2022-12-27,883,1015,883,928,9843178,0.027685492801771794
2022-12-28,929,984,915,935,2979236,0.007543103448275801
2022-12-29,922,969,900,909,1552668,-0.027807486631016065
2023-01-02,909,927,876,879,763679,-0.03300330033003296
2023-01-03,860,894,859,894,771513,0.017064846416382284
2023-01-04,882,918,882,909,406379,0.016778523489932917
2023-01-05,907,921,904,915,358667,0.0066006600660066805
2023-01-06,941,956,923,933,1131320,0.01967213114754096
2023-01-09,935,960,930,953,768128,0.02143622722400851
2023-01-10,949,963,949,953,524027,0.0
2023-01-11,963,970,952,963,538151,0.01049317943336825
2023-01-12,964,982,959,971,596244,0.008307372793354029
2023-01-13,979,980,964,964,486980,-0.007209062821833201
2023-01-16,969,969,956,961,432340,-0.003112033195020736
2023-01-17,957,964,949,950,367121,-0.01144640998959412
2023-01-18,951,954,935,935,344236,-0.015789473684210575
2023-01-19,935,939,926,928,264561,-0.007486631016042744
2023-01-20,925,940,920,933,162421,0.005387931034482651
2023-01-25,935,970,935,957,761704,0.025723472668810254
2023-01-26,957,973,945,967,383065,0.010449320794148287
2023-01-27,968,979,963,963,511799,-0.004136504653567741
2023-01-30,962,977,962,970,564526,0.007268951194184803
2023-01-31,960,970,953,967,510041,-0.003092783505154628
2023-02-01,972,977,960,966,350766,-0.0010341261633919352
2023-02-02,966,975,963,971,505783,0.005175983436852993
2023-02-03,970,975,969,970,244560,-0.001029866117404743
2023-02-06,970,971,958,961,299364,-0.009278350515463885
2023-02-07,954,962,949,959,397203,-0.002081165452653466
2023-02-08,959,964,950,960,338362,0.0010427528675704956
2023-02-09,960,961,947,952,269801,-0.008333333333333304
2023-02-10,942,946,924,924,534988,-0.02941176470588236
2023-02-13,920,1038,912,937,5711614,0.01406926406926412
2023-02-14,926,945,926,932,521283,-0.005336179295624355
2023-02-15,932,940,905,907,618353,-0.02682403433476399
2023-02-16,907,921,907,921,251511,0.015435501653803696
2023-02-17,910,950,910,948,501429,0.02931596091205213
2023-02-20,941,942,927,934,440533,-0.014767932489451518
2023-02-21,931,944,928,939,317711,0.005353319057815886
2023-02-22,932,936,918,922,344517,-0.018104366347177825
2023-02-23,916,928,915,915,281024,-0.007592190889370909
2023-02-24,918,920,897,911,725659,-0.0043715846994535346
2023-02-27,911,911,894,894,295091,-0.01866081229418226
2023-02-28,885,901,885,898,167128,0.004474272930648837
2023-03-02,900,920,899,914,272556,0.017817371937639104
2023-03-03,914,924,910,918,289611,0.004376367614879584
2023-03-06,918,927,914,923,355082,0.005446623093681824
2023-03-07,916,922,904,918,275949,-0.005417118093174467
2023-03-08,909,915,900,904,325258,-0.015250544662309351
2023-03-09,896,907,892,903,281978,-0.0011061946902655162
2023-03-10,892,901,881,891,405026,-0.013289036544850474
2023-03-13,880,888,844,870,488472,-0.023569023569023573
2023-03-14,855,868,829,829,471449,-0.047126436781609216
2023-03-15,830,858,830,856,193383,0.03256936067551264
2023-03-16,847,856,826,852,277276,-0.004672897196261627
2023-03-17,855,870,850,870,249590,0.021126760563380254
2023-03-20,862,877,855,868,223927,-0.0022988505747126853
2023-03-21,862,894,862,882,603453,0.016129032258064502
2023-03-22,883,884,867,880,326651,-0.0022675736961451642
2023-03-23,871,880,853,866,431135,-0.015909090909090873
2023-03-24,862,865,853,861,187372,-0.005773672055427226
2023-03-27,865,903,848,867,1346242,0.006968641114982521
2023-03-28,864,926,864,923,2131460,0.06459054209919257
2023-03-29,924,926,907,919,853863,-0.004333694474539573
2023-03-30,931,931,908,920,433979,0.0010881392818280489
2023-03-31,920,966,916,941,1698456,0.022826086956521774
2023-04-03,941,1007,929,990,4145948,0.05207226354941552
2023-04-04,1007,1130,975,1060,14356066,0.07070707070707072
2023-04-05,1050,1064,1028,1046,1786034,-0.013207547169811318
2023-04-06,1046,1309,1022,1185,39875622,0.13288718929254295
2023-04-07,1167,1397,1164,1286,58905983,0.08523206751054846
2023-04-10,1376,1671,1369,1615,81600194,0.2558320373250389
2023-04-11,1680,1720,1473,1580,21252547,-0.021671826625387025
2023-04-12,1610,1619,1476,1480,9586498,-0.06329113924050633
2023-04-13,1479,1560,1414,1455,8115659,-0.016891891891891886
2023-04-14,1457,1750,1457,1589,33354780,0.09209621993127137
2023-04-17,1662,1710,1558,1559,14445243,-0.01887979861548139
2023-04-18,1630,2025,1625,2025,85417318,0.29890955740859515
2023-04-19,2135,2135,1936,2005,8953098,-0.00987654320987652
2023-04-20,1954,1954,1870,1870,3971673,-0.06733167082294267
2023-04-21,1892,1892,1760,1760,3271175,-0.05882352941176472
2023-04-24,1760,2140,1759,1865,48348522,0.05965909090909083
2023-04-25,1827,1839,1518,1560,15203993,-0.16353887399463807
2023-04-26,1604,1647,1473,1527,14299005,-0.02115384615384619
2023-04-27,1477,1732,1410,1626,30505766,0.06483300589390972
2023-04-28,1626,1627,1438,1469,8201288,-0.09655596555965562
2023-05-02,1469,1565,1381,1517,7676220,0.032675289312457556
2023-05-03,1514,1820,1464,1691,50880478,0.11470006591957804
2023-05-04,1660,1691,1580,1640,8798233,-0.030159668835008868
2023-05-08,1797,1925,1685,1710,29430857,0.04268292682926833
2023-05-09,1774,1783,1610,1620,7834197,-0.052631578947368474
2023-05-10,1630,2105,1630,2105,70793637,0.2993827160493827
2023-05-11,2290,2735,2285,2735,90357404,0.2992874109263659
2023-05-12,3210,3555,3100,3555,40791775,0.29981718464351004
2023-05-15,4385,4620,3165,3395,151181250,-0.04500703234880454
2023-05-16,3270,3590,3100,3395,70016133,0.0
2023-05-17,3255,3400,2860,2870,33309234,-0.15463917525773196
2023-05-18,2905,3150,2675,2835,45829659,-0.012195121951219523
2023-05-19,2760,2895,2610,2715,18322970,-0.042328042328042326
2023-05-22,2730,2835,2570,2815,22716976,0.036832412523020164
2023-05-23,2790,3030,2775,2960,27788832,0.051509769094138624
2023-05-24,2915,3230,2865,3060,32585522,0.03378378378378377
2023-05-25,3005,3020,2840,2870,10743253,-0.06209150326797386
2023-05-26,2870,2980,2720,2910,11404450,0.013937282229965264
2023-05-30,3000,3630,2910,3365,87551271,0.1563573883161513
2023-05-31,3575,3680,3165,3170,39122655,-0.05794947994056465
2023-06-01,3125,3415,3040,3180,23067532,0.003154574132492094
2023-06-02,3215,3215,2995,3015,9927433,-0.05188679245283023
2023-06-05,3000,3125,2950,3020,8319044,0.0016583747927032544
2023-06-07,3020,3275,2980,3140,21767919,0.039735099337748325
2023-06-08,3150,3625,3080,3390,75873733,0.07961783439490455
2023-06-09,3355,3370,3205,3325,15259713,-0.019174041297935096
2023-06-12,3340,3530,3270,3405,20166876,0.024060150375939893
2023-06-13,3425,4425,3410,4425,109931283,0.2995594713656389
2023-06-14,4645,5120,4100,4175,91621450,-0.05649717514124297
2023-06-15,4265,4565,3970,4215,34444795,0.009580838323353325
2023-06-16,4175,4190,3980,4085,11487811,-0.03084223013048637
2023-06-19,4045,4335,3990,4140,18830091,0.01346389228886169
2023-06-20,4140,4285,3980,3985,9949357,-0.037439613526570104
2023-06-21,3970,4235,3950,4000,10389546,0.0037641154328733606
2023-06-22,4180,4940,4030,4485,90021141,0.12125000000000008
2023-06-23,4510,4795,4270,4295,34972775,-0.0423634336677815
2023-06-26,4210,4545,4150,4290,16076356,-0.0011641443538998875
2023-06-27,4275,4495,4225,4360,15655452,0.01631701631701632
2023-06-28,4450,4620,4010,4020,14875468,-0.07798165137614677
2023-06-29,4000,4150,3620,3740,11441820,-0.06965174129353235
2023-06-30,3780,3780,3450,3620,9952495,-0.03208556149732622
2023-07-03,3635,3810,3530,3675,8150993,0.015193370165745845
2023-07-04,3700,3760,3510,3560,5617057,-0.03129251700680269
2023-07-05,3575,3960,3535,3685,19301796,0.0351123595505618
2023-07-06,3720,3985,3715,3850,13374569,0.04477611940298498
2023-07-07,3860,3900,3630,3745,4974690,-0.027272727272727226
2023-07-10,3755,3775,3545,3600,4325907,-0.03871829105473967
2023-07-11,3630,3690,3515,3565,6068208,-0.009722222222222188
2023-07-12,3565,3565,3285,3380,7872101,-0.05189340813464238
2023-07-13,3470,3870,3350,3490,31847452,0.03254437869822491
2023-07-14,3495,3535,3300,3350,6113707,-0.04011461318051579
2023-07-17,3350,3430,3240,3325,4680654,-0.007462686567164201
2023-07-18,3310,3640,3290,3470,15655886,0.043609022556390986
2023-07-19,3385,3490,3310,3315,6286050,-0.04466858789625361
2023-07-20,3320,3320,3165,3195,3275587,-0.03619909502262442
2023-07-21,3145,3155,3005,3015,5169901,-0.05633802816901412
2023-07-24,3015,3085,2915,2980,5913888,-0.011608623548922004
2023-07-25,2910,2940,2785,2800,5300268,-0.06040268456375841
2023-07-26,2850,2850,2575,2710,7282152,-0.03214285714285714
2023-07-27,2805,2910,2525,2525,10793207,-0.06826568265682653
2023-07-28,2455,2655,2420,2615,3788781,0.035643564356435675
2023-07-31,2640,2805,2615,2730,3364888,0.04397705544933084
2023-08-01,2750,2790,2605,2635,3063552,-0.034798534798534786
2023-08-02,2600,3195,2580,3050,47670475,0.1574952561669829
2023-08-03,2990,3320,2800,2820,24828317,-0.07540983606557372
2023-08-04,2755,2775,2640,2705,4381036,-0.04078014184397161
2023-08-07,2660,2950,2620,2770,7568374,0.02402957486136792
2023-08-08,2730,2805,2610,2625,3940571,-0.05234657039711188
2023-08-09,2700,2950,2610,2780,12711048,0.059047619047619015
2023-08-10,2730,2765,2680,2680,2759937,-0.03597122302158273
2023-08-11,2680,2785,2640,2670,4131551,-0.003731343283582045
2023-08-14,2655,2660,2515,2525,2976963,-0.054307116104868935
2023-08-16,2450,2765,2450,2535,9227270,0.003960396039603964
2023-08-17,2515,2515,2360,2485,3892080,-0.01972386587771202
2023-08-18,2475,2505,2390,2405,2503660,-0.03219315895372232
2023-08-21,2430,2490,2420,2435,1850729,0.012474012474012364
2023-08-22,2590,2645,2440,2455,5337778,0.008213552361396204
2023-08-23,2600,2625,2465,2505,4348362,0.020366598778004175
2023-08-24,2580,2580,2490,2495,3577504,-0.003992015968063867
2023-08-25,2445,2445,2380,2385,2413710,-0.044088176352705455
2023-08-28,2395,2410,2280,2385,2735891,0.0
2023-08-29,2400,2890,2370,2570,37657343,0.07756813417190767
2023-08-30,2545,2685,2485,2580,11275065,0.0038910505836575737
2023-08-31,2970,2975,2605,2620,21581405,0.015503875968992276
2023-09-01,2595,2665,2510,2520,4294348,-0.03816793893129766
2023-09-04,2605,2725,2605,2630,9439333,0.04365079365079372
2023-09-05,2600,2720,2600,2680,5229043,0.019011406844106515
2023-09-06,2700,2705,2600,2610,2581268,-0.026119402985074647
2023-09-07,2600,2610,2510,2540,2484993,-0.026819923371647514
2023-09-08,2600,2640,2505,2515,3424359,-0.009842519685039353
2023-09-11,2525,2550,2410,2420,2235379,-0.03777335984095431
2023-09-12,2425,3145,2425,2985,72325952,0.23347107438016534
2023-09-13,3300,3310,2690,2715,37903806,-0.09045226130653261
2023-09-14,2730,2925,2685,2805,14231214,0.03314917127071815
2023-09-15,2775,2880,2740,2780,6801930,-0.0089126559714795
2023-09-18,2730,2845,2710,2750,4521173,-0.010791366906474864
2023-09-19,2725,2745,2565,2585,3750977,-0.06000000000000005
2023-09-20,2610,2665,2525,2550,2842265,-0.013539651837524147
2023-09-21,2530,2605,2510,2535,1980416,-0.00588235294117645
2023-09-22,2500,2550,2455,2495,1810005,-0.015779092702169595
2023-09-25,2495,2530,2365,2385,2257008,-0.044088176352705455
2023-09-26,2415,2415,2305,2310,1691810,-0.03144654088050314
2023-09-27,2280,2325,2245,2320,1054356,0.0043290043290042934
2023-10-04,2280,2480,2210,2230,3249795,-0.03879310344827591
2023-10-05,2230,2450,2230,2240,3620252,0.004484304932735439
2023-10-06,2265,2310,2240,2300,896954,0.02678571428571419
2023-10-10,2300,2370,2240,2240,1407635,-0.02608695652173909
2023-10-11,2260,2485,2260,2315,5676904,0.033482142857142794
2023-10-12,2320,2365,2315,2340,2557685,0.010799136069114423
2023-10-13,2330,2340,2260,2270,1355881,-0.02991452991452992
2023-10-16,2270,2335,2200,2235,2412411,-0.01541850220264318
2023-10-17,2280,2305,2250,2270,2137478,0.015659955257270708
2023-10-18,2280,2375,2220,2230,3403553,-0.017621145374449365
2023-10-19,2215,2215,2055,2060,2168304,-0.07623318385650224
2023-10-20,2010,2315,1901,2075,30332162,0.00728155339805836
2023-10-23,2160,2355,2020,2070,23188187,-0.002409638554216831
2023-10-24,2080,2145,1976,2020,6370823,-0.024154589371980673
2023-10-25,2105,2110,1916,1916,11158266,-0.05148514851485153
2023-10-26,1810,1830,1660,1696,6264866,-0.1148225469728601
2023-10-27,1680,1725,1634,1688,3091099,-0.004716981132075526
2023-10-30,1688,1792,1645,1724,3609632,0.021327014218009532
2023-10-31,1750,1769,1666,1673,2337858,-0.029582366589327114
2023-11-01,1680,1738,1680,1699,2137158,0.015540944411237323
2023-11-02,1716,1757,1716,1749,2200855,0.029429075927015935
2023-11-03,1773,1782,1711,1760,1900203,0.0062893081761006275
2023-11-06,1800,1880,1766,1832,4676394,0.040909090909091006
2023-11-07,1880,1885,1700,1752,2692469,-0.04366812227074235
2023-11-08,1752,1779,1697,1703,1842622,-0.027968036529680385
2023-11-09,1720,1727,1669,1674,1298558,-0.01702877275396364
2023-11-10,1670,1670,1631,1634,1047357,-0.02389486260453999
2023-11-13,1599,1625,1566,1593,1973299,-0.025091799265605896
2023-11-14,1592,1672,1590,1672,1483575,0.04959196484620221
2023-11-15,1689,1771,1689,1761,4027866,0.053229665071770293
2023-11-16,1789,1789,1714,1773,2273495,0.006814310051107331
2023-11-17,1773,1773,1679,1679,1645886,-0.05301748448956567
2023-11-20,1700,1727,1681,1712,1023784,0.01965455628350199
2023-11-21,1713,1726,1687,1703,1085084,-0.005257009345794428
2023-11-22,1702,1702,1665,1674,1044349,-0.01702877275396364
2023-11-23,1674,1716,1666,1670,1019891,-0.002389486260453988
2023-11-24,1682,1683,1643,1647,993114,-0.01377245508982039
2023-11-27,1651,1724,1651,1684,2488627,0.022465088038858605
2023-11-28,1703,1758,1698,1720,2339547,0.0213776722090262
2023-11-29,1720,1728,1671,1679,1320588,-0.02383720930232558
2023-11-30,1680,1737,1680,1727,3147441,0.02858844550327566
2023-12-01,1755,1756,1674,1676,2531558,-0.029530978575564526
2023-12-04,1707,1707,1610,1616,2153907,-0.03579952267303099
2023-12-05,1600,1608,1559,1575,1786122,-0.02537128712871284
2023-12-06,1571,1598,1535,1598,1385167,0.014603174603174507
2023-12-07,1591,1710,1565,1609,2678916,0.006883604505631968
2023-12-08,1625,1687,1625,1659,2250054,0.031075201988812973
2023-12-11,1675,1703,1660,1673,1623257,0.00843881856540074
2023-12-12,1671,1671,1630,1641,979084,-0.019127316198445876
2023-12-13,1638,1639,1593,1594,1122643,-0.02864107251675807
2023-12-14,1609,1634,1590,1600,920306,0.0037641154328733606
2023-12-15,1603,1646,1600,1628,1397602,0.01750000000000007
2023-12-18,1632,1642,1619,1632,874456,0.002457002457002533
2023-12-19,1632,1695,1605,1629,1677497,-0.0018382352941176405
2023-12-20,1630,1644,1618,1625,1171744,-0.0024554941682013443
2023-12-21,1624,1624,1585,1596,1305805,-0.017846153846153845
2023-12-22,1612,1612,1577,1577,1032393,-0.011904761904761862
2023-12-26,1590,1591,1525,1528,1289413,-0.03107165504121745
2023-12-27,1525,1560,1525,1533,999846,0.00327225130890052
2023-12-28,1534,1567,1533,1550,982082,0.01108936725375087
2024-01-02,1550,1562,1545,1551,1164726,0.00064516129032266
2024-01-03,1549,1549,1512,1519,1059764,-0.02063185041908444
2024-01-04,1520,1620,1501,1541,7475158,0.014483212639894605
2024-01-05,1533,1615,1518,1535,3223820,-0.0038935756002596023
2024-01-08,1531,1562,1531,1544,1399779,0.005863192182410382
2024-01-09,1557,1567,1535,1545,1522235,0.0006476683937823857
2024-01-10,1549,1549,1507,1517,1640837,-0.018122977346278324
2024-01-11,1520,1529,1506,1512,951980,-0.003295978905734964
2024-01-12,1512,1512,1443,1446,2149318,-0.04365079365079361
2024-01-15,1447,1468,1411,1459,1712959,0.008990318118948792
2024-01-16,1550,1560,1420,1422,2318350,-0.025359835503769745
2024-01-17,1431,1435,1361,1374,1462629,-0.03375527426160341
2024-01-18,1350,1396,1335,1370,964817,-0.0029112081513827937
2024-01-19,1369,1394,1340,1349,1391585,-0.01532846715328462
2024-01-22,1346,1349,1301,1323,1065517,-0.01927353595255743
2024-01-23,1323,1363,1297,1328,1119577,0.0037792894935753107
2024-01-24,1336,1336,1296,1306,1358795,-0.016566265060240948
2024-01-25,1306,1316,1269,1282,1127563,-0.018376722817764146
2024-01-26,1285,1343,1265,1343,2229722,0.0475819032761311
2024-01-29,1691,1692,1401,1423,36496523,0.05956813104988834
2024-01-30,1424,1465,1350,1353,5132698,-0.04919184820801126
2024-01-31,1339,1540,1320,1419,26790406,0.04878048780487809
2024-02-01,1388,1439,1365,1365,4966819,-0.038054968287526414
2024-02-02,1376,1380,1350,1360,2156364,-0.00366300366300365
2024-02-05,1363,1423,1355,1391,2916338,0.022794117647058743
2024-02-06,1398,1404,1331,1334,2311578,-0.040977713874910116
2024-02-07,1344,1359,1297,1315,1948446,-0.014242878560719596
2024-02-08,1300,1328,1300,1312,1063507,-0.0022813688212928174
2024-02-13,1314,1342,1308,1327,1354611,0.01143292682926833
2024-02-14,1333,1352,1323,1342,1308968,0.01130369253956287
2024-02-15,1355,1528,1347,1455,15388244,0.0842026825633384
2024-02-16,1460,1550,1415,1463,8557709,0.005498281786941561
2024-02-19,1456,1456,1390,1409,3578649,-0.03691045796308956
2024-02-20,1520,1633,1488,1507,27843198,0.06955287437899216
2024-02-21,1503,1503,1450,1452,4088222,-0.03649635036496346
2024-02-22,1451,1472,1416,1438,2797627,-0.009641873278236957
2024-02-23,1444,1444,1400,1402,2177147,-0.025034770514603566
2024-02-26,1403,1427,1389,1392,1484776,-0.007132667617689048
2024-02-27,1392,1392,1338,1354,2216683,-0.027298850574712596
2024-02-28,1354,1364,1333,1352,1226079,-0.001477104874446078
2024-02-29,1351,1360,1324,1330,1319232,-0.016272189349112454
2024-03-04,1327,1337,1306,1330,1589445,0.0
2024-03-05,1328,1331,1302,1317,1068538,-0.009774436090225547
2024-03-06,1316,1321,1297,1308,1177223,-0.006833712984054663
2024-03-07,1308,1347,1300,1338,1616697,0.022935779816513735
2024-03-08,1340,1344,1314,1328,1273887,-0.007473841554558991
2024-03-11,1326,1329,1315,1321,846815,-0.005271084337349352
2024-03-12,1320,1326,1300,1317,1037199,-0.003028009084027228
