Date,Open,High,Low,Close,Volume,Change
2022-01-03,4600,4700,4500,4500,938,0.0044642857142858094
2022-01-04,4700,4700,4315,4545,334,0.010000000000000009
2022-01-05,4475,4595,4345,4595,1281,0.011001100110010986
2022-01-06,4700,4700,4550,4665,22138,0.015233949945593128
2022-01-07,4665,4725,4570,4660,6539,-0.001071811361200381
2022-01-10,4790,4790,4550,4660,36084,0.0
2022-01-11,4795,4795,4605,4605,2552,-0.011802575107296098
2022-01-12,4795,4795,4575,4700,2164,0.02062975027144409
2022-01-13,4700,4700,4700,4700,10,0.0
2022-01-14,4800,4800,4700,4785,1997,0.018085106382978777
2022-01-17,4850,4850,4615,4655,2879,-0.027168234064785746
2022-01-18,4850,4850,4610,4740,153,0.018259935553168738
2022-01-19,4760,4800,4700,4700,155,-0.008438818565400852
2022-01-20,4700,4880,4600,4700,60,0.0
2022-01-21,4510,4700,4510,4650,1003,-0.010638297872340385
2022-01-24,4560,4650,4460,4585,949,-0.013978494623655968
2022-01-25,4400,4700,4225,4600,3242,0.0032715376226826187
2022-01-26,4500,4700,4265,4265,3783,-0.07282608695652171
2022-01-27,4490,4490,4210,4440,3557,0.041031652989449
2022-01-28,4300,4390,4280,4345,1927,-0.021396396396396344
2022-02-03,4495,4495,4300,4475,1825,0.029919447640966546
2022-02-04,4445,4450,4220,4350,3047,-0.027932960893854775
2022-02-07,4500,4500,4230,4300,1813,-0.011494252873563204
2022-02-08,4300,4340,4110,4240,4824,-0.013953488372092981
2022-02-09,4165,4205,4120,4185,3596,-0.01297169811320753
2022-02-10,4335,4335,4100,4195,4875,0.002389486260454099
2022-02-11,4295,4295,3895,4195,8213,0.0
2022-02-14,4295,4295,3800,3800,3758,-0.09415971394517286
2022-02-15,4000,4000,3770,3790,4676,-0.0026315789473684292
2022-02-16,3890,4095,3600,3775,6119,-0.00395778364116095
2022-02-17,3900,3900,3625,3900,16167,0.0331125827814569
2022-02-18,4000,4000,3660,3785,5089,-0.029487179487179493
2022-02-21,3875,3875,3660,3870,3738,0.022457067371202122
2022-02-22,3700,3795,3610,3730,7777,-0.036175710594315236
2022-02-23,3730,3730,3600,3685,2245,-0.012064343163538882
2022-02-24,3685,3695,3600,3695,1032,0.0027137042062415073
2022-02-25,3895,3995,3695,3965,2554,0.07307171853856564
2022-02-28,3850,3850,3700,3840,7821,-0.031525851197982346
2022-03-02,3995,3995,3980,3980,15,0.03645833333333326
2022-03-03,3940,3995,3940,3995,173,0.0037688442211054607
2022-03-04,3710,3995,3710,3995,1101,0.0
2022-03-07,3990,3990,3990,3990,125,-0.0012515644555695093
2022-03-08,3900,3900,3850,3870,312,-0.03007518796992481
2022-03-10,4095,4095,3755,3755,2988,-0.029715762273901825
2022-03-11,3995,3995,3950,3950,526,0.051930758988016024
2022-03-14,3950,4505,3805,4505,4676,0.14050632911392413
2022-03-15,4700,4700,4200,4200,45,-0.06770255271920089
2022-03-16,4400,4830,4200,4200,230,0.0
2022-03-17,4400,4500,4200,4200,2548,0.0
2022-03-18,4400,4400,4200,4300,314,0.023809523809523725
2022-03-21,4500,4500,4340,4340,33,0.009302325581395321
2022-03-22,4590,4590,4505,4515,44,0.040322580645161255
2022-03-23,4300,4600,4205,4565,7279,0.011074197120708673
2022-03-24,4700,4700,4400,4590,54,0.005476451259583737
2022-03-25,4585,4585,4320,4570,707,-0.004357298474945481
2022-03-28,4560,4560,4535,4545,259,-0.005470459518599591
2022-03-29,4690,4690,4400,4595,50,0.011001100110010986
2022-03-30,4595,4645,4495,4645,8541,0.01088139281828071
2022-03-31,4800,4800,4600,4690,595,0.009687836383207804
2022-04-01,4400,4800,4400,4700,6517,0.002132196162046851
2022-04-04,4800,4800,4515,4740,5522,0.008510638297872353
2022-04-05,4740,4740,4690,4695,1519,-0.009493670886076
2022-04-06,4785,4785,4695,4695,6682,0.0
2022-04-07,4885,4885,4500,4765,10487,0.014909478168264156
2022-04-08,4500,4770,4500,4745,459,-0.0041972717733472775
2022-04-11,4505,5390,4500,4700,30838,-0.009483667017913588
2022-04-12,4700,4785,4500,4695,35,-0.0010638297872340718
2022-04-13,4790,4790,4550,4600,2069,-0.020234291799786974
2022-04-14,4645,4645,4500,4625,3741,0.005434782608695565
2022-04-15,4980,4980,4460,4695,209,0.015135135135135203
2022-04-18,4800,4800,4520,4795,567,0.021299254526091493
2022-04-19,4790,4790,4700,4785,1064,-0.002085505735140769
2022-04-20,4900,4900,4700,4785,162,0.0
2022-04-21,4785,4850,4780,4780,2064,-0.0010449320794148065
2022-04-22,4900,4900,4700,4700,138,-0.01673640167364021
2022-04-25,4800,4800,4600,4690,841,-0.0021276595744680327
2022-04-26,4755,4755,4395,4670,13656,-0.004264392324093813
2022-04-27,4605,4645,4300,4595,378,-0.016059957173447548
2022-04-28,4795,4795,4690,4695,141,0.02176278563656142
2022-04-29,4690,4690,4400,4490,5981,-0.04366347177848773
2022-05-02,4450,4700,4210,4700,2560,0.04677060133630295
2022-05-03,4600,4600,4200,4445,6437,-0.05425531914893622
2022-05-04,4395,4595,4300,4520,3509,0.01687289088863886
2022-05-06,4500,4500,4300,4365,4549,-0.034292035398230114
2022-05-09,4450,4450,4200,4400,1907,0.008018327605956443
2022-05-10,4600,4600,4305,4565,3071,0.03750000000000009
2022-05-11,4595,4595,4300,4535,2530,-0.006571741511500528
2022-05-12,4600,4600,4330,4455,5567,-0.01764057331863289
2022-05-13,4545,4545,4440,4450,2498,-0.001122334455667784
2022-05-16,4450,4450,4350,4445,409,-0.0011235955056180247
2022-05-17,4540,4540,4400,4510,483,0.01462317210348707
2022-05-18,4595,4800,4510,4770,2553,0.05764966740576494
2022-05-19,4895,4895,4400,4635,573,-0.028301886792452824
2022-05-20,5030,5030,4400,4540,766,-0.02049622437971954
2022-05-23,4685,4685,4400,4485,4079,-0.01211453744493396
2022-05-24,4485,4485,4335,4455,1016,-0.006688963210702337
2022-05-25,4310,4595,4305,4540,2136,0.019079685746352437
2022-05-26,4700,4700,4360,4495,135,-0.009911894273127775
2022-05-27,4645,4645,4300,4550,2442,0.012235817575083408
2022-05-30,5210,5210,4500,4510,3303,-0.00879120879120876
2022-05-31,4510,4900,4510,4795,751,0.06319290465631933
2022-06-02,4600,4900,4600,4850,3457,0.011470281543274341
2022-06-03,4700,4900,4650,4795,3311,-0.01134020618556697
2022-06-07,4900,4900,4700,4795,255,0.0
2022-06-08,4795,4795,4640,4680,1564,-0.023983315954118845
2022-06-09,4600,4855,4600,4830,1763,0.03205128205128216
2022-06-10,4900,4900,4340,4585,14468,-0.050724637681159424
2022-06-13,4500,4700,4450,4570,1938,-0.0032715376226826187
2022-06-14,4695,4695,4500,4655,4212,0.018599562363238453
2022-06-15,4800,4800,4305,4590,9161,-0.013963480128893702
2022-06-16,4785,4785,4445,4570,871,-0.004357298474945481
2022-06-17,4645,4900,4520,4860,5501,0.06345733041575485
2022-06-20,4715,5000,4600,4630,6192,-0.04732510288065839
2022-06-21,4630,4845,4300,4660,7328,0.00647948164146861
2022-06-22,4895,4895,4425,4655,1155,-0.0010729613733905241
2022-06-23,4890,4890,4430,4605,2471,-0.01074113856068748
2022-06-24,4800,4800,4420,4685,589,0.017372421281216077
2022-06-27,4895,4895,4640,4830,2149,0.03094983991462108
2022-06-28,4900,4900,4655,4850,354,0.0041407867494824835
2022-06-29,4900,5100,4705,5000,2217,0.030927835051546282
2022-06-30,4965,5160,4900,4940,3186,-0.01200000000000001
2022-07-01,5100,5100,4630,4860,1274,-0.01619433198380571
2022-07-04,4990,4990,4215,4750,5506,-0.02263374485596703
2022-07-05,4995,5110,4795,5090,4348,0.07157894736842096
2022-07-06,5110,5110,4600,5000,5615,-0.017681728880157177
2022-07-07,5000,5080,4665,4990,1322,-0.0020000000000000018
2022-07-08,5100,5100,4820,5010,4819,0.004008016032064132
2022-07-11,5110,5110,4950,5010,815,0.0
2022-07-12,5000,5110,4850,4935,2206,-0.014970059880239472
2022-07-13,4995,4995,4895,4935,199,0.0
2022-07-14,4995,4995,4880,4880,158,-0.011144883485309065
2022-07-15,5000,5200,4900,5050,11030,0.0348360655737705
2022-07-18,5780,5780,4900,5200,4409,0.02970297029702973
2022-07-19,5190,5190,4985,5060,1177,-0.02692307692307694
2022-07-20,5150,5150,4860,5020,6250,-0.007905138339920903
2022-07-21,5090,5090,4995,5010,1526,-0.0019920318725099584
2022-07-22,5100,5100,4900,5010,976,0.0
2022-07-25,5200,5200,4755,4910,3565,-0.019960079840319334
2022-07-26,4900,5000,4710,4900,3496,-0.0020366598778004397
2022-07-27,5000,5000,4750,4840,614,-0.01224489795918371
2022-07-28,4985,4985,4705,4925,1285,0.017561983471074294
2022-07-29,5000,5000,4755,4950,743,0.0050761421319796
2022-08-01,4895,5200,4700,5200,3098,0.05050505050505061
2022-08-02,5190,5190,4780,5040,362,-0.03076923076923077
2022-08-03,5080,5080,4715,4985,561,-0.010912698412698374
2022-08-04,5180,5180,4765,5030,2125,0.009027081243731194
2022-08-05,5040,5060,4820,4980,5177,-0.00994035785288272
2022-08-08,5190,5190,4930,4995,2955,0.003012048192771122
2022-08-09,5110,5110,4865,4930,2201,-0.013013013013013053
2022-08-10,5080,5080,4900,4990,57,0.012170385395537497
2022-08-11,5200,5200,4985,4985,8,-0.0010020040080159776
2022-08-12,5080,5080,4810,4900,1216,-0.017051153460381108
2022-08-16,4900,4900,4800,4900,1118,0.0
2022-08-17,4900,4900,4640,4700,14836,-0.04081632653061229
2022-08-18,4700,4990,4700,4780,1445,0.017021276595744705
2022-08-19,4990,4990,4195,4755,9410,-0.005230125523012608
2022-08-22,4165,4590,4165,4485,2410,-0.056782334384858024
2022-08-23,4695,4695,4670,4670,25,0.04124860646599782
2022-08-24,4900,4900,4485,4740,1044,0.01498929336188426
2022-08-25,4720,4720,4690,4710,155,-0.006329113924050667
2022-08-26,4730,4880,4550,4695,410,-0.0031847133757961776
2022-08-29,4800,4800,4460,4685,1432,-0.0021299254526091493
2022-08-30,5000,5000,4400,4675,1393,-0.002134471718249764
2022-08-31,4885,4885,4505,4800,2887,0.02673796791443861
2022-09-01,4980,5000,4810,4895,9945,0.019791666666666652
2022-09-02,4995,4995,4810,4950,23381,0.011235955056179803
2022-09-05,4985,5000,4870,4940,2994,-0.002020202020202033
2022-09-06,5120,5120,4810,4915,3945,-0.005060728744939236
2022-09-07,5000,5000,4250,4545,7935,-0.07527975584944047
2022-09-08,4530,4680,4505,4625,2664,0.017601760176017667
2022-09-13,4890,4890,4400,4775,1195,0.03243243243243232
2022-09-14,4840,4840,4600,4685,2744,-0.01884816753926699
2022-09-15,4685,4685,4615,4680,821,-0.0010672358591248265
2022-09-16,4600,5000,4600,4790,4472,0.02350427350427342
2022-09-19,4830,4830,4500,4670,2065,-0.025052192066805867
2022-09-20,4650,4665,4540,4545,5309,-0.02676659528907921
2022-09-21,4610,4610,4450,4580,984,0.007700770077007757
2022-09-22,4580,4580,4450,4540,2996,-0.008733624454148492
2022-09-23,4795,4795,4415,4495,950,-0.009911894273127775
2022-09-26,4495,4770,3900,4340,13151,-0.03448275862068961
2022-09-27,4590,4590,4400,4490,1310,0.034562211981566726
2022-09-28,4760,4760,4200,4300,6636,-0.04231625835189312
2022-09-29,4630,4630,4300,4520,1399,0.051162790697674376
2022-09-30,4660,4660,4580,4590,1425,0.015486725663716783
2022-10-04,4705,4705,4400,4600,662,0.002178649237472685
2022-10-05,4800,4800,4500,4620,542,0.004347826086956497
2022-10-06,5190,5190,4335,4615,377,-0.0010822510822511289
2022-10-07,4795,4795,4220,4630,474,0.003250270855904569
2022-10-11,4900,4900,4000,4600,5978,-0.006479481641468721
2022-10-12,4495,4580,4495,4500,1091,-0.021739130434782594
2022-10-13,4765,4765,3830,4185,17918,-0.06999999999999995
2022-10-14,4180,4350,4000,4175,7616,-0.002389486260453988
2022-10-17,4535,4535,4050,4205,4063,0.007185628742514938
2022-10-18,4205,4600,4000,4190,7381,-0.003567181926278251
2022-10-19,4485,4485,4000,4325,5950,0.03221957040572798
2022-10-20,4010,4175,4000,4110,2701,-0.04971098265895957
2022-10-21,4355,4355,4000,4045,3688,-0.015815085158150888
2022-10-24,4400,4400,4100,4205,1715,0.0395550061804697
2022-10-25,4495,4495,4000,4165,1339,-0.009512485136741966
2022-10-26,4350,4350,3950,4095,3826,-0.01680672268907568
2022-10-27,4140,4140,3830,4055,498,-0.009768009768009733
2022-10-28,4450,4450,3965,4050,3630,-0.0012330456226880004
2022-10-31,4115,4115,3790,4005,11435,-0.011111111111111072
2022-11-01,3960,4005,3950,4005,1704,0.0
2022-11-02,4150,4150,3800,3975,5652,-0.0074906367041198685
2022-11-03,4400,4400,3635,3910,1265,-0.01635220125786163
2022-11-04,4300,4300,3800,4060,243,0.038363171355498826
2022-11-07,4185,4185,3740,4100,218,0.009852216748768461
2022-11-08,4590,4590,3935,4430,712,0.08048780487804885
2022-11-09,4275,4275,3915,4140,1087,-0.06546275395033863
2022-11-10,4400,4400,3730,4220,4315,0.019323671497584627
2022-11-11,4125,4300,4100,4290,1178,0.016587677725118377
2022-11-14,4495,4495,4450,4475,164,0.04312354312354305
2022-11-15,4440,4440,4400,4400,18,-0.016759776536312887
2022-11-16,4500,4500,3800,4050,10981,-0.07954545454545459
2022-11-17,4395,4395,4365,4365,295,0.07777777777777772
2022-11-18,4595,4595,4100,4320,358,-0.010309278350515427
2022-11-21,4300,4380,4000,4170,1788,-0.03472222222222221
2022-11-22,4000,4120,3930,4065,1700,-0.025179856115107868
2022-11-23,4050,4480,3965,4015,478,-0.012300123001230068
2022-11-24,4460,4460,3815,4000,2427,-0.0037359900373599153
2022-11-25,3820,4000,3800,3995,5163,-0.0012499999999999734
2022-11-28,4110,4130,3850,4130,1615,0.03379224030037542
2022-11-29,4295,4295,3650,4105,426,-0.006053268765133124
2022-11-30,4200,4200,4000,4175,812,0.01705237515225333
2022-12-01,4300,4300,4185,4185,12,0.0023952095808383866
2022-12-02,4495,4495,3900,4300,733,0.027479091995221028
2022-12-05,4400,4400,3900,4100,3764,-0.046511627906976716
2022-12-06,4200,4200,3900,4085,428,-0.003658536585365857
2022-12-07,4480,4480,3875,3995,3067,-0.022031823745410017
2022-12-08,4350,4350,3850,4190,969,0.04881101376720909
2022-12-09,4815,4815,3900,4350,17,0.038186157517899666
2022-12-12,4300,4300,4200,4290,123,-0.01379310344827589
2022-12-13,4600,4600,4600,4600,1,0.07226107226107237
2022-12-14,4300,4300,4000,4045,2831,-0.1206521739130435
2022-12-15,4185,4185,3840,4060,7269,0.003708281829418958
2022-12-16,4150,4150,3860,4030,763,-0.007389162561576401
2022-12-19,4000,4480,4000,4080,610,0.012406947890818865
2022-12-20,4400,4400,4000,4020,132,-0.014705882352941124
2022-12-21,4500,4500,3900,4180,103,0.03980099502487566
2022-12-22,4400,4400,3960,4165,616,-0.0035885167464114742
2022-12-23,4200,4200,3780,4055,1898,-0.026410564225690325
2022-12-26,4135,4135,3950,3950,1084,-0.025893958076448786
2022-12-27,4200,4200,4000,4085,47,0.03417721518987338
2022-12-28,4485,4485,3950,3995,1311,-0.022031823745410017
2022-12-29,4295,4295,3625,3965,9181,-0.007509386733416723
2023-01-02,4295,4295,3705,3955,8517,-0.0025220680958385477
2023-01-03,3950,3950,3800,3950,1003,-0.0012642225031606058
2023-01-04,4000,4000,3705,3885,2321,-0.016455696202531622
2023-01-05,4000,4000,3410,3900,12259,0.0038610038610038533
2023-01-06,3650,3970,3630,3960,4712,0.01538461538461533
2023-01-09,4290,4290,3850,3995,3071,0.008838383838383868
2023-01-10,4100,4150,4000,4150,1046,0.038798498122653235
2023-01-11,4395,4395,3900,4180,2509,0.0072289156626506035
2023-01-12,4490,4490,3900,4200,1326,0.004784688995215225
2023-01-13,4385,4385,3910,4100,2415,-0.023809523809523836
2023-01-16,4370,4370,4000,4200,1502,0.024390243902439046
2023-01-17,4480,4480,4000,4045,5180,-0.036904761904761885
2023-01-18,4300,4300,3775,4000,1268,-0.011124845488257096
2023-01-19,4385,4385,3995,4000,120,0.0
2023-01-20,4395,4395,3770,3785,3024,-0.053749999999999964
2023-01-25,4280,4280,4160,4160,245,0.0990752972258917
2023-01-26,4380,4380,3750,4080,1575,-0.019230769230769273
2023-01-27,3880,4080,3800,4080,1847,0.0
2023-01-30,4080,4195,4080,4195,55,0.02818627450980382
2023-01-31,4000,4000,3645,3800,6080,-0.09415971394517286
2023-02-01,3800,3980,3800,3865,234,0.017105263157894735
2023-02-02,4370,4370,3620,3795,3609,-0.018111254851228997
2023-02-03,4060,4060,3600,3835,1407,0.010540184453228019
2023-02-06,3835,4190,3810,3810,207,-0.006518904823989535
2023-02-07,4170,4170,3930,3930,56,0.03149606299212593
2023-02-08,3980,3980,3620,3930,2347,0.0
2023-02-09,3930,3995,3690,3925,523,-0.0012722646310432406
2023-02-10,4485,4485,3715,3995,78,0.017834394904458595
2023-02-13,3995,4100,3895,3995,3160,0.0
2023-02-14,4400,4590,3800,3800,1707,-0.04881101376720898
2023-02-15,4360,4360,3760,3870,1701,0.018421052631578894
2023-02-16,3985,3985,3715,3840,2348,-0.007751937984496138
2023-02-17,4410,4410,3805,3850,2741,0.0026041666666667407
2023-02-20,4195,4195,3715,3800,4740,-0.012987012987012991
2023-02-21,4365,4365,3700,3875,1928,0.019736842105263053
2023-02-22,3995,3995,3820,3885,1094,0.002580645161290418
2023-02-23,4395,4395,3800,3830,1628,-0.014157014157014203
2023-02-24,4380,4380,3800,3810,240,-0.005221932114882533
2023-02-27,3850,3850,3750,3830,3974,0.005249343832020914
2023-02-28,3700,3830,3700,3820,391,-0.0026109660574412663
2023-03-02,4390,4390,3800,3870,858,0.01308900523560208
2023-03-03,4400,4400,3800,3850,286,-0.0051679586563307955
2023-03-06,4420,4420,3750,3820,1860,-0.007792207792207795
2023-03-07,4100,4100,3530,3750,16664,-0.01832460732984298
2023-03-08,3840,3840,3780,3780,89,0.008000000000000007
2023-03-09,3850,3850,3685,3720,1948,-0.015873015873015928
2023-03-10,4145,4145,3640,3715,2245,-0.0013440860215053752
2023-03-13,3925,3925,3590,3695,744,-0.0053835800807536804
2023-03-14,4220,4220,3575,3775,80,0.021650879566982306
2023-03-15,4145,4145,4075,4075,10,0.07947019867549665
2023-03-16,4500,4500,3515,3600,8198,-0.1165644171779141
2023-03-17,3695,3695,3600,3645,2402,0.012499999999999956
2023-03-20,3550,3685,3515,3635,15207,-0.002743484224965731
2023-03-21,3635,3635,3400,3545,16015,-0.024759284731774467
2023-03-22,3655,3655,3380,3485,2722,-0.016925246826516194
2023-03-23,3505,3505,3365,3445,986,-0.011477761836441891
2023-03-24,3935,3935,3480,3480,630,0.010159651669085612
2023-03-27,3435,3535,3200,3280,10786,-0.05747126436781613
2023-03-28,3670,3670,2790,2790,21848,-0.14939024390243905
2023-03-29,2820,3075,2820,3045,12261,0.09139784946236551
2023-03-30,3030,3195,2975,3050,13600,0.0016420361247948545
2023-03-31,3295,3295,3000,3135,2193,0.02786885245901649
2023-04-03,3585,3585,3525,3525,25,0.12440191387559807
2023-04-04,4015,4015,3100,3200,1523,-0.09219858156028371
2023-04-05,3655,3655,3105,3465,1240,0.08281249999999996
2023-04-06,3450,3595,3200,3405,10473,-0.017316017316017285
2023-04-07,3700,3700,3320,3450,3260,0.013215859030837107
2023-04-10,3900,3900,2935,3390,7748,-0.017391304347826098
2023-04-11,3385,3385,3005,3240,3120,-0.04424778761061943
2023-04-12,3385,3385,3005,3340,274,0.030864197530864113
2023-04-13,3495,3495,3215,3335,432,-0.0014970059880239361
2023-04-14,3490,3490,3200,3400,6776,0.019490254872563728
2023-04-17,3595,3595,3300,3380,206,-0.00588235294117645
2023-04-18,3380,3600,3030,3285,10476,-0.028106508875739622
2023-04-19,3490,3490,3200,3300,7055,0.004566210045662045
2023-04-20,3595,3595,3305,3305,38,0.0015151515151514694
2023-04-21,3570,3570,3155,3385,43,0.024205748865355536
2023-04-24,3380,3380,3160,3265,790,-0.03545051698670609
2023-04-25,3540,3540,3125,3225,920,-0.01225114854517606
2023-04-26,3280,3280,3160,3245,316,0.006201550387596955
2023-04-27,3010,3240,3000,3240,12623,-0.0015408320493066618
2023-04-28,3140,3140,3000,3045,10345,-0.06018518518518523
2023-05-02,3480,3480,3005,3090,496,0.014778325123152802
2023-05-03,3090,3460,3000,3200,6178,0.03559870550161803
2023-05-04,3150,3300,3150,3290,1715,0.028124999999999956
2023-05-08,3140,3290,3120,3275,1484,-0.00455927051671734
2023-05-09,3585,3585,3120,3250,3012,-0.007633587786259555
2023-05-10,3250,3495,3210,3445,1162,0.06000000000000005
2023-05-11,3200,3495,3200,3250,1617,-0.05660377358490565
2023-05-12,3590,3590,3250,3250,934,0.0
2023-05-15,3490,3490,3205,3235,673,-0.004615384615384577
2023-05-16,3495,3590,3305,3540,2023,0.09428129829984555
2023-05-17,3700,3700,3300,3580,832,0.011299435028248483
2023-05-18,3795,3795,3335,3335,116,-0.06843575418994419
2023-05-19,3455,3455,3445,3450,1711,0.034482758620689724
2023-05-22,3700,3800,3450,3450,127,0.0
2023-05-23,3690,3690,3405,3635,14,0.05362318840579716
2023-05-24,3350,3600,3210,3365,1096,-0.07427785419532329
2023-05-25,3580,3580,3325,3325,141,-0.011887072808320909
2023-05-26,3325,3445,3285,3300,1732,-0.007518796992481258
2023-05-30,3395,3395,3265,3265,686,-0.010606060606060619
2023-05-31,3495,3495,3160,3300,125,0.010719754977029039
2023-06-01,3495,3495,3135,3135,412,-0.050000000000000044
2023-06-02,3390,3390,3185,3185,3248,0.01594896331738438
2023-06-05,3250,3495,3185,3185,1464,0.0
2023-06-07,3655,3655,3205,3210,149,0.007849293563579218
2023-06-08,3490,3490,3220,3440,252,0.07165109034267902
2023-06-09,3885,3885,3225,3265,304,-0.05087209302325579
2023-06-12,3490,3490,3215,3240,1439,-0.007656967840735107
2023-06-13,3470,3470,3220,3335,1678,0.029320987654321007
2023-06-14,3700,3700,3240,3245,390,-0.026986506746626726
2023-06-15,3245,3495,3200,3480,682,0.07241910631741133
2023-06-16,3590,3590,3055,3055,4605,-0.12212643678160917
2023-06-19,3255,3255,3075,3075,1534,0.00654664484451728
2023-06-20,3275,3275,3010,3015,1951,-0.019512195121951237
2023-06-21,3420,3420,2990,2995,332,-0.0066334991708125735
2023-06-22,3190,3345,3035,3060,8559,0.02170283806343898
2023-06-23,3270,3495,3120,3120,16974,0.019607843137254832
2023-06-26,3290,3495,3180,3210,10312,0.028846153846153744
2023-06-27,3500,3500,3235,3255,3063,0.014018691588784993
2023-06-28,3500,3500,3260,3265,3362,0.003072196620583778
2023-06-29,3350,3495,3210,3210,4575,-0.016845329249617125
2023-06-30,3270,3275,3115,3125,647,-0.026479750778816147
2023-07-03,3245,3495,3150,3175,1758,0.016000000000000014
2023-07-04,3495,3495,3195,3205,682,0.009448818897637823
2023-07-05,3495,3500,3035,3150,1679,-0.01716068642745705
2023-07-06,3150,3545,3040,3255,825,0.03333333333333344
2023-07-07,3560,3560,3210,3425,10,0.05222734254992312
2023-07-10,3790,3790,3195,3245,2785,-0.052554744525547425
2023-07-11,3520,3520,3190,3335,784,0.027734976887519247
2023-07-12,2920,3490,2920,3220,3007,-0.03448275862068961
2023-07-13,3490,3490,2950,3090,11651,-0.04037267080745344
2023-07-14,3190,3190,3000,3150,3276,0.01941747572815533
2023-07-17,3495,3495,3005,3100,4919,-0.015873015873015928
2023-07-18,3100,3155,3050,3100,601,0.0
2023-07-19,3145,3145,3000,3035,2514,-0.020967741935483897
2023-07-20,3135,3135,2830,2985,8525,-0.016474464579901205
2023-07-21,3145,3155,2950,2970,602,-0.005025125628140725
2023-07-24,3140,3140,2825,2970,1736,0.0
2023-07-25,3120,3120,2830,2950,1448,-0.006734006734006703
2023-07-26,2950,3140,2635,2725,6062,-0.07627118644067798
2023-07-27,2900,2900,2600,2795,725,0.025688073394495303
2023-07-28,2995,2995,2755,2800,781,0.0017889087656528524
2023-07-31,3185,3185,2625,2845,7089,0.016071428571428514
2023-08-01,2910,2910,2420,2485,17632,-0.12653778558875217
2023-08-02,2690,2690,2480,2550,3030,0.026156941649899457
2023-08-03,2700,2700,2600,2650,764,0.03921568627450989
2023-08-04,2845,2845,2700,2795,870,0.05471698113207557
2023-08-07,2980,2980,2700,2850,806,0.019677996422182487
2023-08-08,2995,2995,2750,2870,224,0.007017543859649145
2023-08-09,3185,3185,2635,2865,3194,-0.0017421602787456303
2023-08-10,3285,3285,2660,2975,278,0.03839441535776622
2023-08-11,3405,3405,3245,3245,19,0.0907563025210083
2023-08-14,3695,3695,2885,3295,2012,0.015408320493066174
2023-08-16,3495,3500,3265,3265,930,-0.009104704097116834
2023-08-17,3690,3690,2900,3200,2201,-0.019908116385911168
2023-08-18,3580,3580,2955,3085,2613,-0.035937499999999956
2023-08-21,3490,3490,2955,3125,1763,0.01296596434359798
2023-08-22,3480,3480,3000,3070,2010,-0.01759999999999995
2023-08-23,3510,3510,3005,3195,1240,0.04071661237785018
2023-08-24,3200,3200,3010,3135,1312,-0.018779342723004744
2023-08-25,3200,3200,2715,2975,10100,-0.05103668261562999
2023-08-28,3405,3405,2540,2985,7002,0.003361344537815114
2023-08-29,3425,3425,2840,2930,1037,-0.018425460636515956
2023-08-30,3195,3195,2735,2930,794,0.0
2023-08-31,3350,3350,2905,3115,168,0.06313993174061427
2023-09-01,3115,3560,3000,3085,665,-0.009630818619582704
2023-09-04,3100,3100,2650,2720,26744,-0.11831442463533226
2023-09-05,2945,2945,2600,2615,18820,-0.03860294117647056
2023-09-06,2770,2770,2530,2620,3697,0.0019120458891013214
2023-09-07,2995,2995,2600,2710,3884,0.03435114503816794
2023-09-08,2800,2800,2640,2725,1210,0.005535055350553542
2023-09-11,2865,2865,2700,2740,359,0.005504587155963359
2023-09-12,2840,2840,2630,2660,2897,-0.029197080291970767
2023-09-13,2885,2885,2580,2660,1447,0.0
2023-09-14,3030,3030,2640,2765,185,0.03947368421052633
2023-09-15,2870,2870,2630,2720,477,-0.016274864376130238
2023-09-18,2750,2750,2710,2710,5,-0.003676470588235281
2023-09-19,3030,3030,2690,2690,214,-0.0073800738007380184
2023-09-20,2950,2950,2535,2695,191,0.0018587360594795044
2023-09-21,2690,2690,2500,2640,4037,-0.020408163265306145
2023-09-22,2835,2835,2605,2780,152,0.05303030303030298
2023-09-25,2835,2835,2620,2770,122,-0.003597122302158251
2023-09-26,2880,2880,2600,2645,115,-0.045126353790613694
2023-09-27,2730,2730,2520,2670,2404,0.00945179584120992
2023-10-04,2885,2885,2540,2630,2517,-0.014981273408239737
2023-10-05,2725,2725,2450,2680,1793,0.019011406844106515
2023-10-06,2895,2895,2485,2620,1422,-0.02238805970149249
2023-10-10,2600,2600,2410,2555,894,-0.024809160305343525
2023-10-11,2915,2915,2265,2735,1446,0.07045009784735812
2023-10-12,2595,2595,2590,2595,259,-0.051188299817184646
2023-10-13,2900,2900,2450,2625,1198,0.011560693641618602
2023-10-16,2700,2700,2495,2610,104,-0.005714285714285672
2023-10-17,2650,2650,2450,2640,758,0.011494252873563315
2023-10-18,2730,2730,2495,2665,803,0.009469696969697017
2023-10-19,2720,2720,2445,2455,470,-0.07879924953095685
2023-10-20,2730,2730,2395,2485,1120,0.012219959266802416
2023-10-23,2695,2695,2240,2580,128,0.03822937625754519
2023-10-24,2580,2650,2580,2650,19,0.027131782945736482
2023-10-25,2635,2635,2595,2595,16,-0.02075471698113207
2023-10-26,2645,2645,2355,2630,20,0.01348747591522148
2023-10-27,2615,2615,2575,2575,10,-0.020912547528517123
2023-10-30,2575,2600,2355,2535,3394,-0.01553398058252431
2023-10-31,2600,2600,2230,2495,1694,-0.015779092702169595
2023-11-01,2555,2555,2465,2465,102,-0.012024048096192397
2023-11-02,2600,2600,2245,2430,493,-0.014198782961460488
2023-11-03,2755,2755,2205,2445,2044,0.006172839506172867
2023-11-06,2635,2635,2250,2380,3434,-0.026584867075664653
2023-11-07,2705,2705,2205,2390,2473,0.004201680672268893
2023-11-08,2695,2695,2290,2600,10062,0.08786610878661083
2023-11-09,2690,2690,2400,2660,986,0.023076923076922995
2023-11-10,2685,2685,2675,2675,312,0.005639097744360999
2023-11-13,2670,2670,2665,2665,11,-0.0037383177570093906
2023-11-14,2690,2690,2660,2660,159,-0.0018761726078799779
2023-11-15,2990,2990,2400,2685,203,0.009398496240601517
2023-11-16,2670,2670,2670,2670,100,-0.005586592178770999
2023-11-17,2665,2665,2505,2585,10,-0.03183520599250933
2023-11-20,2675,2675,2480,2565,232,-0.007736943907156624
2023-11-21,2945,2945,2595,2600,147,0.013645224171539905
2023-11-22,2645,2645,2455,2600,588,0.0
2023-11-23,2735,2735,2410,2595,3190,-0.0019230769230769162
2023-11-24,2820,2820,2285,2590,2566,-0.0019267822736031004
2023-11-27,2825,2825,2500,2575,642,-0.00579150579150578
2023-11-28,2740,2740,2340,2580,43,0.001941747572815622
2023-11-29,2665,2665,2275,2605,9660,0.009689922480620172
2023-11-30,2335,2600,2335,2585,56,-0.007677543186180413
2023-12-01,2745,2745,2330,2570,470,-0.005802707930367523
2023-12-04,2840,2840,2505,2680,126,0.04280155642023353
2023-12-05,2915,2915,2325,2685,1235,0.001865671641791078
2023-12-06,2890,2890,2315,2330,8622,-0.13221601489757917
2023-12-07,2255,2580,2255,2525,1848,0.08369098712446355
2023-12-08,2735,2735,2515,2645,7438,0.04752475247524757
2023-12-11,2840,2840,2740,2740,273,0.03591682419659725
2023-12-12,2755,2755,2700,2700,50,-0.014598540145985384
2023-12-13,3000,3000,2470,2860,47,0.059259259259259345
2023-12-14,2815,2815,2535,2765,538,-0.03321678321678323
2023-12-15,3170,3170,3105,3105,72,0.12296564195298365
2023-12-18,3490,3490,2680,3060,3505,-0.01449275362318836
2023-12-19,3505,3505,2620,2755,4201,-0.09967320261437906
2023-12-20,2895,2895,2670,2745,711,-0.003629764065335772
2023-12-21,3090,3090,2545,2925,821,0.06557377049180335
2023-12-22,2890,2890,2710,2830,123,-0.032478632478632474
2023-12-26,2830,2830,2600,2700,144,-0.04593639575971731
2023-12-27,2700,3095,2620,2940,237,0.0888888888888888
2023-12-28,2800,2800,2695,2765,43,-0.059523809523809534
2024-01-02,3160,3160,3030,3030,32,0.0958408679927667
2024-01-03,3025,3025,2925,2925,169,-0.034653465346534684
2024-01-04,3335,3335,2510,2535,4327,-0.1333333333333333
2024-01-05,2800,2840,2600,2620,192,0.0335305719921104
2024-01-08,2600,2995,2595,2885,536,0.10114503816793885
2024-01-09,3305,3305,2610,2925,274,0.013864818024263537
2024-01-10,3340,3340,2545,2975,389,0.017094017094017033
2024-01-11,2985,2985,2610,2980,157,0.001680672268907557
2024-01-12,3385,3385,2600,2900,407,-0.02684563758389258
2024-01-15,3095,3095,2525,2610,1501,-0.09999999999999998
2024-01-16,2910,2910,2510,2630,300,0.00766283524904221
2024-01-17,2920,2920,2415,2645,661,0.005703422053231932
2024-01-18,2625,2625,2430,2555,442,-0.03402646502835538
2024-01-19,2890,2890,2890,2890,1,0.13111545988258322
2024-01-22,2890,2890,2530,2755,113,-0.04671280276816614
2024-01-23,2840,2840,2435,2475,34,-0.10163339382940106
2024-01-24,2765,2765,2480,2550,106,0.030303030303030276
2024-01-25,2820,2820,2540,2785,98,0.09215686274509793
2024-01-26,2985,2985,2520,2645,78,-0.050269299820466795
2024-01-29,2830,2830,2415,2600,1003,-0.017013232514177745
2024-01-30,2420,2590,2420,2590,508,-0.0038461538461538325
2024-01-31,2550,2835,2430,2635,357,0.01737451737451745
2024-02-01,2780,2780,2410,2640,354,0.00189753320683117
2024-02-02,2785,2785,2320,2320,2942,-0.12121212121212122
2024-02-05,2585,2585,2220,2570,2168,0.10775862068965525
2024-02-06,2735,2735,2370,2710,19,0.054474708171206254
2024-02-07,2790,2790,2360,2580,2048,-0.047970479704797064
2024-02-08,2410,2680,2410,2620,374,0.015503875968992276
2024-02-13,2770,2770,2745,2770,711,0.057251908396946494
2024-02-14,2430,2765,2430,2765,118,-0.0018050541516245744
2024-02-15,2505,2765,2500,2765,3903,0.0
2024-02-16,2765,2765,2700,2700,304,-0.023508137432188048
2024-02-19,2760,2760,2555,2750,137,0.0185185185185186
2024-02-20,2765,2765,2540,2690,164,-0.021818181818181848
2024-02-21,2760,2760,2710,2710,4,0.0074349442379182396
2024-02-22,2765,2765,2705,2705,3,-0.0018450184501844769
2024-02-23,2790,2790,2550,2745,131,0.014787430683918634
2024-02-26,2740,2790,2545,2785,612,0.014571948998178597
2024-02-27,2785,2800,2535,2785,966,0.0
2024-02-28,2785,2785,2550,2575,363,-0.07540394973070019
2024-02-29,2780,2780,2780,2780,2,0.07961165048543695
2024-03-04,2780,2780,2500,2735,1568,-0.01618705035971224
2024-03-05,2750,2750,2585,2590,792,-0.05301645338208405
2024-03-06,2585,2640,2400,2420,2845,-0.06563706563706562
2024-03-07,2635,2635,2435,2505,320,0.03512396694214881
2024-03-08,2625,2625,2410,2500,2222,-0.001996007984031989
2024-03-11,2675,2675,2425,2570,1929,0.028000000000000025
2024-03-12,2630,2630,2410,2500,1666,-0.027237354085603127
2024-03-13,2600,2600,2500,2500,472,0.0
2024-03-14,2590,2590,2495,2495,199,-0.0020000000000000018
2024-03-15,2590,2590,2410,2470,4674,-0.01002004008016033
2024-03-18,2505,2505,2420,2460,2274,-0.004048582995951455
2024-03-19,2495,2495,2410,2465,11605,0.00203252032520318
2024-03-20,2540,2540,2535,2535,3,0.028397565922920975
2024-03-21,2545,2545,2425,2535,5090,0.0
2024-03-22,2580,2580,2575,2580,955,0.01775147928994092
2024-03-25,2590,2680,2505,2645,646,0.025193798449612448
2024-03-26,2695,2695,2545,2680,49,0.013232514177693666
2024-03-27,2700,2800,2600,2790,870,0.04104477611940305
2024-03-28,2780,3090,2600,2900,2383,0.03942652329749108
2024-03-29,3000,3000,2895,2900,164,0.0
2024-04-01,3000,3000,2550,2685,1673,-0.07413793103448274
2024-04-02,2700,2780,2600,2685,726,0.0
2024-04-03,2780,2780,2695,2750,817,0.024208566108007368
2024-04-04,2785,2785,2550,2700,1308,-0.018181818181818188
2024-04-05,2680,2745,2600,2745,999,0.016666666666666607
2024-04-08,2785,2785,2395,2425,9749,-0.1165755919854281
2024-04-09,2485,2485,2315,2400,1619,-0.010309278350515427
2024-04-11,2490,2490,2320,2400,1153,0.0
2024-04-12,2485,2485,2350,2400,3546,0.0
2024-04-15,2450,2450,2330,2395,1323,-0.002083333333333326
2024-04-16,2450,2485,2350,2395,1486,0.0
2024-04-17,2445,2445,2390,2400,3035,0.0020876826722338038
2024-04-18,2395,2445,2395,2400,525,0.0
2024-04-19,2500,2500,2390,2390,15,-0.004166666666666652
2024-04-22,2410,2410,2300,2380,942,-0.004184100418409997
2024-04-23,2395,2395,2230,2315,4419,-0.027310924369747913
2024-04-24,2370,2370,2250,2295,2100,-0.008639308855291628
2024-04-25,2300,2300,2125,2250,12401,-0.019607843137254943
2024-04-26,2300,2300,2145,2170,19530,-0.03555555555555556
2024-04-29,2225,2340,2170,2340,1059,0.07834101382488479
2024-04-30,2390,2500,2350,2420,10154,0.03418803418803429
2024-05-02,2480,2480,2400,2400,1098,-0.008264462809917328
2024-05-03,2445,2445,2350,2400,250,0.0
2024-05-07,2490,2490,2405,2440,374,0.016666666666666607
2024-05-08,2485,2485,2215,2345,2051,-0.03893442622950816
2024-05-09,2360,2385,2300,2385,466,0.017057569296375252
2024-05-10,2400,2400,2395,2395,81,0.004192872117400492
2024-05-13,2350,2400,2330,2400,968,0.0020876826722338038
2024-05-14,2440,2440,2440,2440,1,0.016666666666666607
2024-05-16,2490,2490,2305,2480,14151,0.016393442622950838
2024-05-17,2490,2540,2315,2540,380,0.024193548387096753
2024-05-20,2585,2640,2515,2625,2310,0.0334645669291338
2024-05-21,2645,2645,2520,2625,817,0.0
2024-05-22,2650,2650,2515,2640,703,0.005714285714285783
2024-05-23,2685,2690,2245,2245,25419,-0.14962121212121215
2024-05-24,2280,2400,2245,2400,1855,0.069042316258352
2024-05-27,2310,2395,2225,2330,1934,-0.029166666666666674
2024-05-28,2330,2330,2325,2325,24,-0.0021459227467811592
2024-05-29,2320,2445,2305,2390,2416,0.027956989247311936
2024-05-30,2390,2440,2350,2440,223,0.02092050209205021
2024-05-31,2490,2490,2130,2150,14614,-0.11885245901639341
2024-06-03,2195,2195,2100,2100,3306,-0.023255813953488413
2024-06-04,2100,2140,2045,2125,495,0.011904761904761862
2024-06-05,2185,2185,2020,2035,3625,-0.04235294117647059
2024-06-07,2090,2190,2080,2190,5723,0.07616707616707608
2024-06-10,2200,2200,2200,2200,2,0.004566210045662045
2024-06-11,2200,2250,2100,2250,17,0.022727272727272707
2024-06-12,2295,2295,2000,2030,5486,-0.09777777777777774
2024-06-13,2090,2090,2000,2000,4394,-0.014778325123152691
2024-06-14,2090,2090,2090,2090,4,0.04499999999999993
2024-06-17,2050,2050,2000,2030,118,-0.028708133971291905
2024-06-18,2090,2090,1730,1730,10343,-0.14778325123152714
2024-06-19,1786,1880,1485,1879,14643,0.0861271676300579
2024-06-20,1895,1940,1880,1900,1058,0.011176157530601305
2024-06-21,1940,1979,1900,1979,530,0.04157894736842116
2024-06-24,1840,1940,1683,1683,10725,-0.14957049014653867
2024-06-25,1740,1740,1431,1593,47764,-0.053475935828877
2024-06-26,1600,1600,1355,1378,38554,-0.13496547394852476
2024-06-27,1440,1480,1370,1479,711,0.07329462989840341
2024-06-28,1500,1539,1400,1537,986,0.03921568627450989
2024-07-01,1589,1589,1450,1500,5385,-0.02407286922576446
2024-07-02,1560,1560,1406,1438,8512,-0.04133333333333333
2024-07-03,1490,1490,1350,1487,6153,0.0340751043115437
2024-07-04,1500,1590,1415,1585,24588,0.0659045057162071
2024-07-05,1600,1600,1417,1558,45,-0.017034700315457396
2024-07-08,1558,1590,1460,1590,582,0.020539152759948553
2024-07-09,1595,1595,1500,1593,418,0.0018867924528302993
2024-07-10,1600,1600,1500,1597,1595,0.0025109855618330457
2024-07-11,1600,1600,1479,1592,292,-0.003130870381966133
2024-07-12,1600,1600,1500,1573,18663,-0.011934673366834181
2024-07-15,1573,1573,1530,1564,1788,-0.005721551176096629
2024-07-16,1564,1564,1510,1560,100,-0.002557544757033292
2024-07-17,1590,1590,1405,1560,376,0.0
2024-07-18,1590,1590,1440,1545,2977,-0.009615384615384581
2024-07-19,1590,1590,1544,1544,16,-0.0006472491909385036
2024-07-22,1544,1544,1461,1543,126,-0.0006476683937823857
2024-07-23,1585,1585,1425,1500,1480,-0.027867790019442618
2024-07-24,1545,1545,1480,1500,869,0.0
2024-07-25,1500,1500,1490,1490,25,-0.00666666666666671
2024-07-26,1520,1520,1450,1456,2507,-0.02281879194630876
2024-07-29,1490,1560,1489,1559,6891,0.07074175824175821
2024-07-30,1584,1792,1584,1792,11851,0.14945477870429769
2024-07-31,1815,2060,1815,2060,3816,0.1495535714285714
2024-08-01,2140,2360,2060,2180,7033,0.058252427184465994
2024-08-02,2195,2200,1865,2170,3499,-0.004587155963302725
2024-08-05,2195,2195,1865,1939,9328,-0.1064516129032258
2024-08-06,1959,1959,1803,1959,55,0.010314595152140171
2024-08-07,1959,1960,1850,1959,854,0.0
