Date,Open,High,Low,Close,Volume,Change
2022-01-03,16750,17000,16650,16800,59162,-0.0029673590504450953
2022-01-04,16700,17550,16500,17250,243683,0.02678571428571419
2022-01-05,17000,17100,16500,16550,219236,-0.04057971014492756
2022-01-06,16350,17050,16250,16500,193355,-0.0030211480362537513
2022-01-07,16400,16700,16150,16550,132939,0.003030303030302939
2022-01-10,16350,17150,16150,16950,222787,0.024169184290030232
2022-01-11,16650,16850,16050,16150,337276,-0.0471976401179941
2022-01-12,16250,16250,15150,15350,549455,-0.049535603715170295
2022-01-13,15350,15650,15200,15250,188678,-0.006514657980456029
2022-01-14,15200,15300,15000,15100,100005,-0.00983606557377048
2022-01-17,15050,15250,15000,15150,55364,0.0033112582781456013
2022-01-18,15200,15500,15100,15200,70242,0.0033003300330032292
2022-01-19,14900,15400,14900,15200,58038,0.0
2022-01-20,15350,15750,15250,15400,80777,0.013157894736842035
2022-01-21,15200,15350,14900,14950,68436,-0.02922077922077926
2022-01-24,15100,15200,14500,14550,61652,-0.026755852842809347
2022-01-25,14750,14800,13850,14250,102768,-0.020618556701030966
2022-01-26,14250,14500,13500,13850,176958,-0.028070175438596467
2022-01-27,14000,14000,12900,13050,237574,-0.0577617328519856
2022-01-28,13250,14250,13000,14250,143096,0.09195402298850586
2022-02-03,14250,14600,14150,14250,54615,0.0
2022-02-04,14400,15600,14200,15550,155271,0.09122807017543866
2022-02-07,15400,16250,15100,16100,233085,0.03536977491961424
2022-02-08,16250,16400,15500,15700,125322,-0.024844720496894457
2022-02-09,15800,16650,15650,16400,167484,0.04458598726114649
2022-02-10,16200,16700,16200,16550,133285,0.009146341463414531
2022-02-11,16150,16500,15800,16000,132674,-0.033232628398791486
2022-02-14,16050,16250,15700,16000,120227,0.0
2022-02-15,16300,16350,14550,14650,235550,-0.08437499999999998
2022-02-16,15100,16150,14900,15800,376546,0.07849829351535842
2022-02-17,15800,16600,15700,16300,296884,0.03164556962025311
2022-02-18,16050,16250,15750,15850,82251,-0.027607361963190136
2022-02-21,15700,16600,15550,16400,140455,0.034700315457413256
2022-02-22,16300,16650,16000,16500,154919,0.0060975609756097615
2022-02-23,16600,17200,16300,16950,281382,0.027272727272727337
2022-02-24,16650,16800,16050,16750,177052,-0.01179941002949858
2022-02-25,16850,16900,16050,16600,209176,-0.008955223880596996
2022-02-28,16600,16700,16150,16250,79862,-0.02108433734939763
2022-03-02,16200,16400,16050,16150,85549,-0.006153846153846176
2022-03-03,16100,16450,16050,16300,67816,0.009287925696594534
2022-03-04,16200,16550,16100,16350,51021,0.0030674846625766694
2022-03-07,16050,16250,14800,14950,337784,-0.08562691131498468
2022-03-08,14950,15050,14600,14900,146564,-0.0033444816053511683
2022-03-10,15100,15250,14000,14300,410116,-0.04026845637583898
2022-03-11,14300,14700,14100,14500,263792,0.013986013986013957
2022-03-14,14450,14500,14150,14250,104677,-0.017241379310344862
2022-03-15,14250,14750,14050,14500,162017,0.01754385964912286
2022-03-16,14800,14900,14400,14550,122747,0.0034482758620688614
2022-03-17,14850,15150,14350,14750,235461,0.013745704467353903
2022-03-18,14850,15000,14450,14600,216714,-0.01016949152542368
2022-03-21,14650,14900,14400,14850,100283,0.017123287671232834
2022-03-22,14850,14900,14550,14800,156018,-0.0033670033670033517
2022-03-23,14800,14900,14600,14850,196828,0.0033783783783782884
2022-03-24,14700,15300,14650,15250,207221,0.026936026936027035
2022-03-25,15150,15400,14950,15250,197827,0.0
2022-03-28,15150,15550,15050,15550,154534,0.01967213114754096
2022-03-29,15550,15650,15000,15250,179048,-0.019292604501607746
2022-03-30,15350,15450,15150,15150,109930,-0.006557377049180357
2022-03-31,15200,15400,14950,15350,125269,0.013201320132013139
2022-04-01,15150,15250,15050,15100,74783,-0.016286644951140072
2022-04-04,15000,15650,14950,15500,145110,0.026490066225165476
2022-04-05,15600,15750,15300,15600,76127,0.006451612903225712
2022-04-06,15450,15700,15200,15300,145659,-0.019230769230769273
2022-04-07,15100,15150,14700,15000,163503,-0.019607843137254943
2022-04-08,15000,15050,14750,15050,62980,0.0033333333333334103
2022-04-11,14900,15200,14850,15050,64362,0.0
2022-04-12,14900,15150,14850,15150,64374,0.006644518272425293
2022-04-13,15200,15250,14950,15150,102142,0.0
2022-04-14,15100,15700,15000,15600,197209,0.02970297029702973
2022-04-15,15500,16450,15300,16350,455371,0.04807692307692313
2022-04-18,16300,17000,16050,16750,288029,0.024464831804281273
2022-04-19,16600,17000,16150,16950,237331,0.011940298507462588
2022-04-20,16750,16900,16350,16650,204727,-0.017699115044247815
2022-04-21,16800,16800,16450,16500,78995,-0.009009009009009028
2022-04-22,16300,17000,16150,16900,159297,0.024242424242424176
2022-04-25,16400,16750,16000,16450,210387,-0.026627218934911268
2022-04-26,16450,16550,16200,16350,68459,-0.006079027355623046
2022-04-27,15950,16400,15800,16350,127793,0.0
2022-04-28,16250,16850,16200,16350,105326,0.0
2022-04-29,16600,16650,16350,16500,67211,0.00917431192660545
2022-05-02,16750,17300,16400,17100,199548,0.036363636363636376
2022-05-03,16950,17250,16500,16550,93791,-0.032163742690058506
2022-05-04,16550,16800,16450,16700,50525,0.009063444108761365
2022-05-06,16450,16600,15800,16500,172990,-0.0119760479041916
2022-05-09,16150,16200,15100,15150,256031,-0.08181818181818179
2022-05-10,14800,15100,14650,14900,165066,-0.01650165016501648
2022-05-11,14900,14950,14500,14800,172786,-0.006711409395973145
2022-05-12,14500,14550,13850,14050,227098,-0.05067567567567566
2022-05-13,14200,14700,13900,14600,171747,0.039145907473309594
2022-05-16,14800,15500,14650,15350,221396,0.051369863013698724
2022-05-17,15100,17200,15100,16650,559323,0.08469055374592838
2022-05-18,16650,17100,16000,16200,243479,-0.027027027027026973
2022-05-19,15850,16050,15450,15550,174918,-0.04012345679012341
2022-05-20,15550,16150,15500,16000,98981,0.02893890675241151
2022-05-23,16000,16200,15450,15900,101873,-0.006249999999999978
2022-05-24,15800,15850,15150,15200,92491,-0.04402515723270439
2022-05-25,15300,15950,15100,15650,98546,0.02960526315789469
2022-05-26,15450,16250,15450,15850,165448,0.012779552715654896
2022-05-27,16150,16300,15800,15950,59448,0.006309148264984188
2022-05-30,16300,16300,15800,15800,61452,-0.009404388714733591
2022-05-31,15800,16000,15550,15800,94278,0.0
2022-06-02,15700,15800,15450,15600,89966,-0.012658227848101222
2022-06-03,15700,16100,15650,16050,125116,0.028846153846153744
2022-06-07,15950,16150,15700,15950,77706,-0.006230529595015577
2022-06-08,15850,16100,15400,15600,89612,-0.021943573667711602
2022-06-09,15500,15750,15400,15750,70056,0.009615384615384581
2022-06-10,15500,15600,15000,15150,169148,-0.03809523809523807
2022-06-13,14800,15000,14200,14300,166501,-0.05610561056105612
2022-06-14,14100,14400,13500,14150,218304,-0.010489510489510523
2022-06-15,14000,14450,13850,14050,140258,-0.007067137809187329
2022-06-16,14300,14650,14150,14200,87325,0.01067615658362997
2022-06-17,13950,14500,13700,14350,117607,0.010563380281690238
2022-06-20,14550,14550,13250,13550,166184,-0.05574912891986061
2022-06-21,13700,13950,13500,13800,134414,0.01845018450184499
2022-06-22,13850,13850,12850,13000,181934,-0.05797101449275366
2022-06-23,13000,13150,12150,12350,251578,-0.050000000000000044
2022-06-24,12350,13250,12350,13050,128420,0.05668016194331993
2022-06-27,13200,13200,12850,13050,186194,0.0
2022-06-28,13000,13150,12600,12800,199181,-0.019157088122605415
2022-06-29,12550,12900,12200,12250,290440,-0.04296875
2022-06-30,12400,12400,11650,11950,216057,-0.024489795918367308
2022-07-01,12000,12250,11250,11500,291884,-0.03765690376569042
2022-07-04,11550,11550,11100,11500,198465,0.0
2022-07-05,11500,11900,11500,11750,83384,0.021739130434782705
2022-07-06,11750,11900,11350,11500,150710,-0.021276595744680882
2022-07-07,11600,11800,11450,11750,146597,0.021739130434782705
2022-07-08,11850,11950,11600,11750,125332,0.0
2022-07-11,11750,11900,11500,11700,130167,-0.004255319148936176
2022-07-12,11700,11700,10950,11050,231542,-0.05555555555555558
2022-07-13,11000,11400,11000,11300,137391,0.02262443438914019
2022-07-14,11200,11350,11100,11150,124990,-0.013274336283185861
2022-07-15,11200,11200,10550,10800,289932,-0.03139013452914796
2022-07-18,10950,11250,10850,11150,124751,0.03240740740740744
2022-07-19,11650,11850,11450,11700,229298,0.049327354260089606
2022-07-20,11950,12400,11900,12200,221569,0.042735042735042805
2022-07-21,12150,12300,12050,12200,87084,0.0
2022-07-22,12200,12650,12100,12350,136921,0.012295081967213184
2022-07-25,12300,12500,12250,12250,66589,-0.0080971659919028
2022-07-26,12150,12300,12050,12100,41736,-0.01224489795918371
2022-07-27,12100,12150,11850,12000,141410,-0.008264462809917328
2022-07-28,12100,12350,11800,12000,199535,0.0
2022-07-29,12200,12400,12000,12050,83802,0.004166666666666652
2022-08-01,12100,12500,12050,12300,109991,0.020746887966804906
2022-08-02,12250,12300,12000,12050,77411,-0.020325203252032575
2022-08-03,12050,12250,12000,12050,89256,0.0
2022-08-04,12100,12400,12000,12100,257997,0.004149377593360981
2022-08-05,12200,12800,12150,12550,335454,0.037190082644628086
2022-08-08,12350,12400,12150,12300,140748,-0.019920318725099584
2022-08-09,12400,12750,12200,12600,140507,0.024390243902439046
2022-08-10,12600,12650,11850,11900,314704,-0.05555555555555558
2022-08-11,12050,12350,12000,12150,163134,0.021008403361344463
2022-08-12,12150,13350,12150,13000,934016,0.06995884773662553
2022-08-16,13300,13750,13100,13350,563324,0.026923076923076827
2022-08-17,13400,13800,13300,13400,276680,0.0037453183520599342
2022-08-18,13200,14050,13200,13800,322096,0.029850746268656803
2022-08-19,13700,13850,13400,13400,137802,-0.02898550724637683
2022-08-22,13300,13450,13100,13350,147938,-0.003731343283582045
2022-08-23,13150,13200,12750,12750,231746,-0.0449438202247191
2022-08-24,12750,13350,12750,13050,186940,0.0235294117647058
2022-08-25,13050,13800,13050,13300,364686,0.019157088122605304
2022-08-26,13450,13450,13200,13200,95855,-0.007518796992481258
2022-08-29,12700,13000,12450,12850,177312,-0.02651515151515149
2022-08-30,13000,13400,13000,13300,151894,0.035019455252918386
2022-08-31,13200,13500,13100,13250,159724,-0.003759398496240629
2022-09-01,13100,13200,12650,12650,130548,-0.04528301886792452
2022-09-02,12800,13050,12600,12650,93176,0.0
2022-09-05,12650,12900,12400,12550,54690,-0.007905138339920903
2022-09-06,12600,12850,12300,12600,59160,0.003984063745019917
2022-09-07,12500,12600,12300,12500,93763,-0.007936507936507908
2022-09-08,12650,13100,12550,12900,171535,0.03200000000000003
2022-09-13,13100,13250,13000,13100,76768,0.015503875968992276
2022-09-14,12650,12950,12550,12850,93109,-0.01908396946564883
2022-09-15,13000,14100,12750,13650,584114,0.0622568093385214
2022-09-16,13700,13950,13450,13700,367130,0.00366300366300365
2022-09-19,13850,14150,13600,13750,264543,0.0036496350364962904
2022-09-20,13900,14400,13800,14000,315615,0.018181818181818077
2022-09-21,13850,14050,13400,13500,151862,-0.0357142857142857
2022-09-22,13300,13800,13250,13750,161194,0.0185185185185186
2022-09-23,13600,13750,13000,13000,147354,-0.054545454545454564
2022-09-26,12900,12900,12100,12250,202881,-0.05769230769230771
2022-09-27,12400,12600,11700,12000,231498,-0.020408163265306145
2022-09-28,11900,12050,11250,11450,244664,-0.04583333333333328
2022-09-29,11550,11800,11100,11100,205606,-0.03056768558951961
2022-09-30,10950,11100,10400,10700,359083,-0.036036036036036
2022-10-04,10950,11050,10450,10850,219432,0.014018691588784993
2022-10-05,11400,11500,10750,10900,161248,0.004608294930875667
2022-10-06,10950,11300,10950,11000,110902,0.00917431192660545
2022-10-07,10900,11050,10700,10850,179019,-0.013636363636363669
2022-10-11,10600,10800,10200,10350,224708,-0.04608294930875578
2022-10-12,10350,10550,10150,10250,110854,-0.009661835748792313
2022-10-13,10200,10450,10000,10000,243839,-0.024390243902439046
2022-10-14,10200,10500,10100,10250,211165,0.02499999999999991
2022-10-17,10100,10400,9870,10400,124064,0.014634146341463428
2022-10-18,10650,10850,10450,10650,196338,0.024038461538461453
2022-10-19,10750,10850,10500,10650,116752,0.0
2022-10-20,10600,10700,10050,10200,205573,-0.04225352112676062
2022-10-21,10150,10200,9960,10000,193299,-0.019607843137254943
2022-10-24,10150,10300,9950,9980,166436,-0.0020000000000000018
2022-10-25,10050,10100,9690,9690,174442,-0.029058116232464903
2022-10-26,9690,9700,8830,8930,666638,-0.07843137254901966
2022-10-27,8960,9070,8900,9070,241483,0.015677491601343796
2022-10-28,9070,9200,8780,8800,330626,-0.029768467475192906
2022-10-31,8970,8970,8760,8820,197596,0.002272727272727204
2022-11-01,8860,9050,8780,8950,333665,0.01473922902494329
2022-11-02,8950,9170,8900,9090,217617,0.015642458100558754
2022-11-03,9010,9010,8760,8790,357124,-0.03300330033003296
2022-11-04,8760,9130,8700,9090,310230,0.03412969283276457
2022-11-07,9290,9710,9220,9500,426786,0.04510451045104502
2022-11-08,9500,9920,9500,9820,232039,0.03368421052631576
2022-11-09,9910,9940,9760,9770,128297,-0.005091649694501044
2022-11-10,9680,9880,9510,9580,192090,-0.019447287615148467
2022-11-11,9880,10050,9690,9780,227291,0.02087682672233826
2022-11-14,9880,10800,9880,10450,633379,0.06850715746421265
2022-11-15,10450,10550,10150,10350,250853,-0.009569377990430672
2022-11-16,10400,10700,10100,10450,244244,0.009661835748792313
2022-11-17,10400,10500,10100,10150,171164,-0.028708133971291905
2022-11-18,10200,10500,10150,10250,169706,0.009852216748768461
2022-11-21,10400,10450,9990,10000,140504,-0.024390243902439046
2022-11-22,9950,9980,9560,9560,246825,-0.04400000000000004
2022-11-23,9660,9960,9620,9870,192811,0.03242677824267792
2022-11-24,9910,10250,9910,10050,162499,0.01823708206686936
2022-11-25,10100,10150,9320,9370,546220,-0.06766169154228852
2022-11-28,9390,9400,9170,9240,169318,-0.0138740661686233
2022-11-29,9240,9350,9100,9350,147403,0.011904761904761862
2022-11-30,9340,9440,9200,9370,138038,0.002139037433155133
2022-12-01,9560,9690,9500,9600,202972,0.0245464247598719
2022-12-02,9560,9840,9550,9600,206085,0.0
2022-12-05,9620,9700,9490,9600,130218,0.0
2022-12-06,9590,9760,9360,9450,136248,-0.015625
2022-12-07,9450,9480,9270,9360,178445,-0.00952380952380949
2022-12-08,9300,9390,9190,9210,167247,-0.01602564102564108
2022-12-09,9250,9370,9110,9370,181074,0.017372421281216077
2022-12-12,9380,9420,9270,9270,55376,-0.01067235859124871
2022-12-13,9300,9430,9210,9360,89314,0.009708737864077666
2022-12-14,9430,9670,9430,9530,143727,0.018162393162393098
2022-12-15,9530,9880,9450,9620,202117,0.009443861490031402
2022-12-16,9600,9780,9470,9540,143354,-0.008316008316008316
2022-12-19,9650,9650,9400,9400,68556,-0.014675052410901501
2022-12-20,9400,9400,9070,9120,156571,-0.029787234042553234
2022-12-21,9370,10450,9350,10200,2224070,0.11842105263157898
2022-12-22,10300,10500,10000,10050,599021,-0.014705882352941124
2022-12-23,9990,10200,9390,9410,840763,-0.06368159203980095
2022-12-26,9500,9500,9170,9300,297262,-0.011689691817215686
2022-12-27,9290,9880,9290,9700,400999,0.043010752688172005
2022-12-28,9680,9720,9420,9530,232479,-0.017525773195876337
2022-12-29,9430,9440,9100,9230,327117,-0.03147953830010497
2023-01-02,9230,9260,8730,8840,370533,-0.04225352112676062
2023-01-03,8800,8840,8460,8620,272700,-0.02488687782805432
2023-01-04,8620,8950,8540,8880,182702,0.030162412993039345
2023-01-05,8930,9180,8920,9010,175144,0.014639639639639546
2023-01-06,9010,9340,8870,9180,189754,0.018867924528301883
2023-01-09,9270,9570,9240,9440,177660,0.028322440087146017
2023-01-10,9430,10200,9360,9860,749393,0.044491525423728806
2023-01-11,9860,9940,9710,9720,243948,-0.014198782961460488
2023-01-12,9810,9960,9700,9880,233564,0.016460905349794164
2023-01-13,9920,9970,9750,9800,110447,-0.0080971659919028
2023-01-16,9810,10100,9700,9850,223108,0.005102040816326481
2023-01-17,9880,10050,9830,9840,148061,-0.0010152284263958977
2023-01-18,9900,10550,9830,10350,490027,0.05182926829268286
2023-01-19,10300,10400,9990,10200,388847,-0.01449275362318836
2023-01-20,10200,10450,9990,10300,304067,0.009803921568627416
2023-01-25,10400,10490,10170,10310,171567,0.000970873786407811
2023-01-26,10260,10350,10170,10290,122157,-0.0019398642095053154
2023-01-27,10280,10470,10250,10280,238951,-0.0009718172983479434
2023-01-30,10290,10330,10050,10120,131814,-0.015564202334630295
2023-01-31,10030,10340,10030,10200,139889,0.007905138339920903
2023-02-01,10200,10350,10080,10250,183683,0.004901960784313708
2023-02-02,10260,10760,10260,10650,351890,0.039024390243902474
2023-02-03,10640,11360,10570,11030,492779,0.03568075117370895
2023-02-06,11100,11100,10590,10640,218221,-0.035358114233907556
2023-02-07,10590,10920,10500,10710,182851,0.006578947368421018
2023-02-08,10730,10790,10460,10530,168981,-0.01680672268907568
2023-02-09,10570,10600,10260,10380,216880,-0.014245014245014231
2023-02-10,10290,10320,9860,10030,467061,-0.033718689788053924
2023-02-13,9880,9980,9500,9700,463748,-0.032901296111665035
2023-02-14,9760,9810,9650,9670,148877,-0.003092783505154628
2023-02-15,9670,9700,9330,9440,245292,-0.02378490175801451
2023-02-16,9500,9690,9500,9640,136256,0.021186440677966045
2023-02-17,9580,9660,9410,9530,101085,-0.011410788381742698
2023-02-20,9500,9840,9450,9690,149797,0.016789087093389332
2023-02-21,9720,9920,9680,9700,144120,0.0010319917440659854
2023-02-22,9650,9650,9420,9450,143135,-0.02577319587628868
2023-02-23,9450,9550,9360,9470,99455,0.002116402116402183
2023-02-24,9450,9520,9250,9280,146615,-0.020063357972544882
2023-02-27,9120,9430,9000,9360,153826,0.008620689655172376
2023-02-28,9400,9470,9250,9320,98978,-0.004273504273504258
2023-03-02,9300,9440,9190,9340,84782,0.0021459227467810482
2023-03-03,9410,9490,9320,9370,112624,0.0032119914346895317
2023-03-06,9480,9480,9230,9260,149252,-0.011739594450373536
2023-03-07,9260,9670,9200,9550,271447,0.03131749460043198
2023-03-08,9560,9570,9170,9240,245166,-0.032460732984293195
2023-03-09,9250,9490,9250,9460,269447,0.023809523809523725
2023-03-10,9450,9520,8980,9040,394808,-0.04439746300211411
2023-03-13,9040,9050,8680,8810,294540,-0.025442477876106206
2023-03-14,8750,8870,8480,8480,318335,-0.03745743473325769
2023-03-15,8620,8820,8560,8730,232369,0.02948113207547176
2023-03-16,8600,8670,8370,8410,217752,-0.03665521191294385
2023-03-17,8490,8630,8460,8510,150680,0.01189060642092743
2023-03-20,8560,8810,8480,8500,154472,-0.001175088131609825
2023-03-21,8580,8630,8350,8440,153900,-0.007058823529411784
2023-03-22,8550,8550,8300,8320,237294,-0.014218009478673022
2023-03-23,8300,8300,8090,8180,293422,-0.016826923076923128
2023-03-24,8190,8320,8150,8290,93663,0.01344743276283622
2023-03-27,8360,8360,8060,8190,221126,-0.012062726176115812
2023-03-28,8170,8290,8170,8290,97894,0.012210012210012167
2023-03-29,8290,8400,8210,8250,182397,-0.004825090470446325
2023-03-30,8300,8370,8130,8330,274705,0.00969696969696976
2023-03-31,8360,8550,8330,8530,261318,0.02400960384153672
2023-04-03,8610,8610,8410,8500,163728,-0.003516998827667095
2023-04-04,8580,8600,8480,8570,174062,0.008235294117647118
2023-04-05,8490,8740,8410,8690,292133,0.014002333722286986
2023-04-06,8670,8670,8330,8350,218849,-0.03912543153049486
2023-04-07,8360,8490,8320,8440,84972,0.010778443113772518
2023-04-10,8430,8490,8120,8280,204387,-0.018957345971563955
2023-04-11,8280,8730,8280,8700,327916,0.050724637681159424
2023-04-12,8700,8810,8560,8580,148455,-0.01379310344827589
2023-04-13,8510,8620,8480,8620,109138,0.004662004662004726
2023-04-14,8660,8750,8590,8640,168574,0.002320185614849146
2023-04-17,8680,8690,8550,8620,123986,-0.0023148148148147696
2023-04-18,8530,8600,8410,8420,219630,-0.023201856148491906
2023-04-19,8440,8480,8330,8340,142170,-0.009501187648456089
2023-04-20,8380,8380,8210,8260,248567,-0.00959232613908878
2023-04-21,8260,8260,7960,8020,402464,-0.029055690072639195
2023-04-24,8020,8080,7900,7960,150912,-0.007481296758104716
2023-04-25,7960,8040,7710,7760,242488,-0.025125628140703515
2023-04-26,7760,7840,7620,7720,173075,-0.005154639175257714
2023-04-27,7680,7750,7520,7580,282150,-0.01813471502590669
2023-04-28,7580,8030,7570,7940,285652,0.0474934036939314
2023-05-02,7990,7990,7760,7840,116999,-0.012594458438287104
2023-05-03,7770,7990,7730,7800,79720,-0.005102040816326481
2023-05-04,7820,7900,7740,7850,198814,0.0064102564102563875
2023-05-08,8030,8240,8010,8010,288435,0.020382165605095537
2023-05-09,8020,8100,7810,8030,106486,0.0024968789013732895
2023-05-10,8130,8250,7980,8070,120372,0.00498132004981322
2023-05-11,8090,8120,7950,7970,230352,-0.012391573729863659
2023-05-12,7970,8000,7860,7920,143325,-0.006273525721455453
2023-05-15,7880,7880,7650,7750,211903,-0.02146464646464652
2023-05-16,7740,7790,7500,7580,307282,-0.021935483870967776
2023-05-17,7510,7660,7440,7620,267621,0.005277044854881341
2023-05-18,7660,7660,7500,7570,245797,-0.006561679790026198
2023-05-19,7540,7540,7340,7430,496814,-0.018494055482166427
2023-05-22,7400,7580,7400,7560,284309,0.01749663526244949
2023-05-23,7570,7700,7510,7680,173414,0.015873015873015817
2023-05-24,7590,7650,7540,7560,158891,-0.015625
2023-05-25,7610,7620,7300,7330,316979,-0.030423280423280463
2023-05-26,7330,7370,7200,7280,195371,-0.006821282401091366
2023-05-30,7290,7390,7100,7130,264845,-0.020604395604395642
2023-05-31,7130,7260,7100,7170,160232,0.005610098176718203
2023-06-01,7220,7240,7120,7160,142046,-0.001394700139469962
2023-06-02,7170,7210,7100,7150,197031,-0.0013966480446927498
2023-06-05,7120,7400,7120,7310,204305,0.02237762237762242
2023-06-07,7320,7570,7300,7340,341634,0.004103967168262557
2023-06-08,7340,7440,7240,7440,659209,0.013623978201634968
2023-06-09,7480,7480,7270,7310,249071,-0.017473118279569877
2023-06-12,7310,7330,7170,7220,235530,-0.012311901504788003
2023-06-13,7270,7420,7210,7290,268905,0.00969529085872578
2023-06-14,7330,7430,7260,7330,166100,0.005486968449931462
2023-06-15,7420,7470,7320,7400,163285,0.009549795361528002
2023-06-16,7420,7770,7420,7640,459933,0.03243243243243232
2023-06-19,7670,7750,7530,7740,186062,0.01308900523560208
2023-06-20,7740,8190,7740,8120,624536,0.04909560723514206
2023-06-21,8120,8210,7830,7860,327161,-0.03201970443349755
2023-06-22,7850,8070,7840,7940,203505,0.010178117048346147
2023-06-23,7940,8000,7810,7900,135140,-0.005037783375314908
2023-06-26,7880,7970,7710,7940,126030,0.005063291139240533
2023-06-27,8020,8820,8020,8750,2466824,0.10201511335012592
2023-06-28,8740,8930,8500,8910,1038650,0.01828571428571424
2023-06-29,8780,9330,8770,9270,999214,0.04040404040404044
2023-06-30,9210,9540,9130,9260,773903,-0.0010787486515642097
2023-07-03,9170,9350,8860,8940,534410,-0.03455723542116629
2023-07-04,8940,9110,8910,9000,292536,0.006711409395973256
2023-07-05,9090,9100,8730,8800,278912,-0.022222222222222254
2023-07-06,8860,9050,8620,8930,353767,0.014772727272727382
2023-07-07,8870,9060,8760,8800,255643,-0.014557670772676334
2023-07-10,8740,8790,8400,8430,293169,-0.0420454545454545
2023-07-11,8500,8870,8470,8790,251692,0.04270462633451966
2023-07-12,8750,9060,8600,8890,196961,0.011376564277588264
2023-07-13,8990,9000,8620,8680,300743,-0.023622047244094446
2023-07-14,8770,8770,8460,8570,198830,-0.012672811059907807
2023-07-17,8600,8650,8340,8440,206914,-0.01516919486581092
2023-07-18,8370,8480,8220,8240,170660,-0.023696682464455
2023-07-19,8400,8400,8220,8300,139876,0.00728155339805836
2023-07-20,8210,8550,8210,8480,111838,0.02168674698795181
2023-07-21,8350,8440,8070,8140,168904,-0.04009433962264153
2023-07-24,8140,8190,7990,8070,139998,-0.008599508599508643
2023-07-25,8000,8210,7980,8050,141111,-0.0024783147459727095
2023-07-26,8070,8140,7760,8000,223014,-0.006211180124223614
2023-07-27,7820,8420,7820,8300,176935,0.03750000000000009
2023-07-28,8300,8470,8230,8310,96045,0.00120481927710836
2023-07-31,8400,8610,8200,8540,157531,0.02767749699157651
2023-08-01,8500,8620,8340,8410,99473,-0.015222482435597207
2023-08-02,8410,8460,8080,8200,155864,-0.024970273483947647
2023-08-03,8190,8350,8050,8290,142282,0.01097560975609757
2023-08-04,8290,9180,8190,8990,729360,0.08443908323281057
2023-08-07,8980,9090,8590,8990,316029,0.0
2023-08-08,8840,8970,8520,8520,289406,-0.0522803114571746
2023-08-09,8510,8660,8440,8530,101782,0.0011737089201877549
2023-08-10,8540,9150,8530,9120,368498,0.06916764361078553
2023-08-11,9220,9270,8550,8600,416577,-0.05701754385964908
2023-08-14,8510,8560,8250,8460,217819,-0.016279069767441867
2023-08-16,8330,8400,8060,8090,224307,-0.043735224586288424
2023-08-17,8090,8170,7730,8000,231781,-0.011124845488257096
2023-08-18,7840,8300,7840,8170,187142,0.02124999999999999
2023-08-21,8060,8210,8040,8110,50747,-0.007343941248470043
2023-08-22,8080,8190,8080,8130,51881,0.002466091245376001
2023-08-23,8200,8200,7620,7710,386835,-0.05166051660516602
2023-08-24,7640,7750,7540,7630,178245,-0.01037613488975353
2023-08-25,7620,7780,7510,7560,199456,-0.00917431192660545
2023-08-28,7560,7730,7560,7610,88797,0.006613756613756516
2023-08-29,7610,7730,7610,7680,53549,0.009198423127463773
2023-08-30,7740,7870,7620,7630,210080,-0.00651041666666663
2023-08-31,7630,7730,7600,7650,86585,0.002621231979030192
2023-09-01,7650,7700,7560,7650,89417,0.0
2023-09-04,7630,7770,7600,7660,82412,0.0013071895424836555
2023-09-05,7710,7710,7510,7610,156845,-0.00652741514360311
2023-09-06,7560,7640,7440,7440,147838,-0.0223390275952694
2023-09-07,7400,7480,7200,7220,213114,-0.029569892473118253
2023-09-08,7210,7570,7180,7490,241010,0.037396121883656486
2023-09-11,7500,7800,7420,7630,168178,0.01869158878504673
2023-09-12,7600,7730,7480,7540,88187,-0.011795543905635641
2023-09-13,7500,7580,7360,7450,90335,-0.011936339522546469
2023-09-14,7440,7510,7370,7500,95538,0.006711409395973256
2023-09-15,7480,7540,7390,7480,130666,-0.002666666666666706
2023-09-18,7420,7480,7370,7450,89878,-0.004010695187165791
2023-09-19,7430,7430,7260,7360,122539,-0.012080536912751683
2023-09-20,7310,7400,7220,7290,135355,-0.009510869565217406
2023-09-21,7270,7340,7190,7240,132662,-0.006858710562414272
2023-09-22,7100,7270,7100,7220,97958,-0.002762430939226568
2023-09-25,7160,7720,7160,7670,233894,0.06232686980609414
2023-09-26,7600,7670,7300,7350,150171,-0.041720990873533204
2023-09-27,7260,7670,7260,7540,140708,0.02585034013605436
2023-10-04,7520,7660,7210,7250,144383,-0.038461538461538436
2023-10-05,7300,7450,7150,7170,140383,-0.011034482758620734
2023-10-06,7070,7250,7070,7180,84769,0.001394700139470073
2023-10-10,7200,7590,7200,7260,108070,0.011142061281337101
2023-10-11,7260,7620,7260,7440,77191,0.024793388429751984
2023-10-12,7450,7500,7300,7390,114579,-0.006720430107526876
2023-10-13,7360,7360,7160,7220,85655,-0.023004059539918797
2023-10-16,7170,7180,7020,7090,98356,-0.018005540166205036
2023-10-17,7200,7230,7120,7200,37384,0.015514809590973178
2023-10-18,7180,7740,7180,7690,330753,0.06805555555555554
2023-10-19,7630,7830,7530,7660,300355,-0.0039011703511053764
2023-10-20,7640,7750,7380,7590,121918,-0.009138381201044377
2023-10-23,7480,7770,7480,7610,87420,0.0026350461133068936
2023-10-24,7820,8020,7400,7980,219534,0.04862023653088032
2023-10-25,8130,8630,8050,8400,840649,0.05263157894736836
2023-10-26,8290,8470,8100,8250,258351,-0.017857142857142905
2023-10-27,8080,8280,7910,7950,262665,-0.036363636363636376
2023-10-30,7930,8290,7880,8180,168326,0.028930817610062887
2023-10-31,8200,8680,8200,8410,389010,0.028117359413202925
2023-11-01,8380,8490,8130,8250,190849,-0.019024970273483932
2023-11-02,8250,8360,8000,8060,315705,-0.023030303030303068
2023-11-03,8050,8490,8050,8390,257652,0.04094292803970223
2023-11-06,8390,8400,8120,8290,200724,-0.011918951132300348
2023-11-07,8290,8340,8160,8340,131363,0.006031363088057962
2023-11-08,8280,8600,8200,8490,226324,0.017985611510791477
2023-11-09,8590,8610,8320,8370,219686,-0.014134275618374548
2023-11-10,8280,8550,8190,8210,175107,-0.019115890083632014
2023-11-13,8140,8350,7960,8100,212905,-0.013398294762484775
2023-11-14,8000,8320,8000,8230,285199,0.016049382716049276
2023-11-15,8250,8300,7900,7980,388994,-0.03037667071688943
2023-11-16,7980,8350,7930,8050,342861,0.00877192982456143
2023-11-17,8060,8350,8000,8300,281241,0.03105590062111796
2023-11-20,8350,9300,8180,9150,1477879,0.10240963855421681
2023-11-21,9050,9110,8750,8950,549803,-0.021857923497267784
2023-11-22,8850,8970,8570,8700,338748,-0.027932960893854775
2023-11-23,8690,8800,8540,8760,242224,0.006896551724137945
2023-11-24,8700,8800,8610,8710,131485,-0.005707762557077611
2023-11-27,8700,8790,8580,8700,140470,-0.0011481056257175437
2023-11-28,8650,8780,8450,8500,262036,-0.02298850574712641
2023-11-29,8500,8840,8370,8420,409799,-0.009411764705882342
2023-11-30,8450,8840,8380,8660,461954,0.028503562945368266
2023-12-01,8650,8660,8040,8130,661859,-0.06120092378752884
2023-12-04,8130,8160,7750,7930,574572,-0.024600246002460024
2023-12-05,7950,8370,7800,8200,443150,0.034047919293821005
2023-12-06,8170,8460,8130,8380,243624,0.02195121951219514
2023-12-07,8340,8550,8250,8490,234565,0.013126491646778149
2023-12-08,8410,8650,8380,8550,158855,0.007067137809187329
2023-12-11,8530,8600,8300,8520,171407,-0.0035087719298245723
2023-12-12,8520,8640,8410,8620,250604,0.011737089201877993
2023-12-13,8620,9180,8620,8830,825527,0.024361948955916368
2023-12-14,8840,9280,8720,9150,591682,0.03624009060022648
2023-12-15,9090,9190,8740,8890,354249,-0.02841530054644814
2023-12-18,9190,9560,8970,9460,961019,0.06411698537682797
2023-12-19,9440,9580,9250,9420,391694,-0.0042283298097252064
2023-12-20,9370,9530,9240,9470,267807,0.005307855626327074
2023-12-21,9350,9500,9200,9470,205762,0.0
2023-12-22,9340,9350,8680,8950,878470,-0.05491024287222812
2023-12-26,8900,8900,8470,8560,583941,-0.04357541899441342
2023-12-27,8560,8790,8510,8740,271599,0.02102803738317749
2023-12-28,8670,8700,8370,8490,444519,-0.028604118993134975
2024-01-02,8450,8600,8330,8560,306634,0.008244994110718551
2024-01-03,8470,8530,8230,8330,410017,-0.026869158878504718
2024-01-04,8320,8370,8240,8330,147398,0.0
2024-01-05,8330,8350,7980,8050,409858,-0.03361344537815125
2024-01-08,8140,8240,8000,8050,291730,0.0
2024-01-09,8080,8210,8010,8190,145847,0.017391304347825987
2024-01-10,8190,8260,8110,8210,93446,0.0024420024420024333
2024-01-11,8240,8270,8040,8270,360976,0.0073081607795371095
2024-01-12,8310,8360,8050,8090,236874,-0.021765417170495738
2024-01-15,8050,8090,7820,7840,361436,-0.030902348578491945
2024-01-16,7830,7890,7660,7880,183463,0.005102040816326481
2024-01-17,7860,7860,7610,7710,251609,-0.021573604060913687
2024-01-18,7650,7780,7510,7670,261780,-0.005188067444876765
2024-01-19,7730,7850,7620,7840,188808,0.022164276401564598
2024-01-22,7850,7860,7480,7500,364403,-0.04336734693877553
2024-01-23,7510,7510,7320,7450,312389,-0.00666666666666671
2024-01-24,7410,7660,7270,7630,281934,0.024161073825503365
2024-01-25,7550,7570,7330,7470,225406,-0.020969855832241202
2024-01-26,7650,8130,7640,8010,1088603,0.07228915662650603
2024-01-29,7950,7980,7730,7730,376488,-0.03495630461922594
2024-01-30,7730,7910,7680,7830,220166,0.012936610608020649
2024-01-31,7800,7830,7610,7690,254305,-0.017879948914431676
2024-02-01,7630,7680,7350,7420,428626,-0.03511053315994794
2024-02-02,7460,7500,7300,7410,289319,-0.0013477088948786742
2024-02-05,7380,7700,7360,7600,242226,0.02564102564102555
2024-02-06,7590,7590,7420,7450,161648,-0.019736842105263164
2024-02-07,7420,7800,7390,7700,288213,0.033557046979865834
2024-02-08,7640,7690,7510,7540,195881,-0.020779220779220786
2024-02-13,7620,7950,7550,7670,263433,0.01724137931034475
2024-02-14,7620,7980,7550,7870,372432,0.026075619295958363
2024-02-15,7910,7920,7710,7850,222970,-0.0025412960609910717
2024-02-16,7850,7860,7760,7850,189584,0.0
2024-02-19,7900,7900,7660,7720,229364,-0.016560509554140124
2024-02-20,7740,7830,7680,7740,175040,0.002590673575129543
2024-02-21,7760,7860,7610,7820,270923,0.010335917312661591
2024-02-22,7840,7840,7710,7800,155033,-0.002557544757033292
2024-02-23,7740,7850,7450,7620,663544,-0.023076923076923106
2024-02-26,7620,7650,7220,7250,567469,-0.048556430446194176
2024-02-27,7250,7250,6890,7010,939901,-0.03310344827586209
2024-02-28,7010,7160,6960,7000,193598,-0.0014265335235378318
2024-02-29,7000,7100,6950,7010,184404,0.0014285714285713347
2024-03-04,7000,7100,6960,7000,251454,-0.0014265335235378318
2024-03-05,7000,7060,6910,7060,209423,0.008571428571428674
2024-03-06,7060,7070,6940,6960,145290,-0.014164305949008527
2024-03-07,6990,7000,6650,6680,556978,-0.04022988505747127
2024-03-08,6680,6800,6580,6660,488048,-0.0029940119760478723
2024-03-11,6700,6840,6620,6810,218075,0.022522522522522515
2024-03-12,6840,7090,6770,7040,203492,0.03377386196769461
2024-03-13,7040,7350,7040,7270,368173,0.032670454545454586
2024-03-14,7500,7700,7370,7600,783738,0.0453920220082531
2024-03-15,7500,7690,7420,7620,266984,0.002631578947368318
2024-03-18,7640,7640,7440,7550,191240,-0.009186351706036766
2024-03-19,7550,7640,7450,7530,163443,-0.0026490066225165476
2024-03-20,7500,7570,7390,7450,195193,-0.010624169986719778
2024-03-21,7450,7640,7410,7560,157131,0.014765100671140896
2024-03-22,7530,7670,7500,7570,202382,0.001322751322751392
2024-03-25,7530,7590,7330,7380,199851,-0.02509907529722588
2024-03-26,7390,7430,7200,7300,341495,-0.010840108401083959
2024-03-27,7320,7620,7270,7500,267231,0.027397260273972712
2024-03-28,7570,7570,7320,7360,137585,-0.01866666666666672
2024-03-29,7350,7430,7260,7270,96607,-0.012228260869565188
2024-04-01,7300,7530,7240,7480,266816,0.028885832187070193
2024-04-02,7480,7490,7000,7330,183215,-0.020053475935828846
2024-04-03,7260,7350,7180,7270,118529,-0.008185538881309684
2024-04-04,7370,7370,7090,7100,222963,-0.023383768913342484
2024-04-05,7100,7260,7040,7240,215334,0.019718309859154903
2024-04-08,7240,7440,7120,7300,280408,0.008287292817679592
2024-04-09,7300,7540,7300,7500,199235,0.027397260273972712
2024-04-11,7400,7610,7340,7610,313509,0.014666666666666606
2024-04-12,7640,7680,7370,7410,194714,-0.026281208935611033
2024-04-15,7270,7530,7260,7420,226803,0.0013495276653170407
2024-04-16,7350,7940,7350,7640,1172400,0.029649595687331498
2024-04-17,7800,8630,7800,8500,3511794,0.11256544502617793
2024-04-18,8830,9400,8660,8990,4458174,0.057647058823529385
2024-04-19,8910,9010,8650,8710,975485,-0.031145717463848754
2024-04-22,8800,9430,8800,9140,1515258,0.04936854190585538
2024-04-23,9160,9320,8930,9030,573120,-0.012035010940919078
2024-04-24,9030,9050,8790,8910,367408,-0.013289036544850474
2024-04-25,8860,8950,8690,8880,404412,-0.0033670033670033517
2024-04-26,8790,9290,8670,9050,720699,0.019144144144144226
2024-04-29,8970,9540,8960,9480,576960,0.04751381215469608
2024-04-30,9430,9550,9280,9410,285593,-0.007383966244725704
2024-05-02,9410,9510,9110,9200,301247,-0.022316684378320906
2024-05-03,9150,9250,8710,8840,577395,-0.03913043478260869
2024-05-07,8890,8920,8590,8700,403073,-0.015837104072398245
2024-05-08,8690,8870,8620,8760,311049,0.006896551724137945
2024-05-09,8720,8900,8700,8740,283493,-0.0022831050228310223
2024-05-10,8740,8790,8470,8530,416251,-0.024027459954233388
2024-05-13,8530,8530,8310,8350,342126,-0.021101992966002348
2024-05-14,8300,9180,8270,9080,894309,0.08742514970059889
2024-05-16,9090,10050,9090,10000,1377930,0.1013215859030836
2024-05-17,9920,10030,9670,9710,416852,-0.029000000000000026
2024-05-20,9660,10040,9580,9720,383206,0.001029866117404632
2024-05-21,9710,9980,9630,9670,250186,-0.005144032921810648
2024-05-22,9760,9980,9380,9380,341482,-0.02998965873836612
2024-05-23,9360,9800,9230,9490,426037,0.011727078891258014
2024-05-24,9450,10160,9020,9280,1542737,-0.02212855637513167
2024-05-27,9210,9590,8850,9340,669746,0.006465517241379226
2024-05-28,9290,9290,8750,8870,610213,-0.050321199143469
2024-05-29,8870,9050,8750,8870,215684,0.0
2024-05-30,8810,9060,8780,8830,181396,-0.00450958286358516
2024-05-31,9010,9660,8920,9310,659192,0.054360135900339834
2024-06-03,9330,9700,9330,9490,307177,0.01933404940923733
2024-06-04,9370,9560,9200,9220,178921,-0.028451001053740765
2024-06-05,9270,9600,9150,9230,202509,0.0010845986984815426
2024-06-07,9350,9420,9080,9100,192097,-0.014084507042253502
2024-06-10,9100,9330,9030,9120,180009,0.00219780219780219
2024-06-11,9120,9220,8900,8920,152798,-0.021929824561403466
2024-06-12,8910,9070,8570,8960,305344,0.004484304932735439
2024-06-13,9060,9110,8580,8670,572834,-0.0323660714285714
2024-06-14,8670,8670,8360,8450,359336,-0.025374855824682796
2024-06-17,8450,8800,8200,8230,611491,-0.026035502958579926
2024-06-18,8230,8290,7970,8030,2755623,-0.024301336573511523
2024-06-19,8150,8340,7980,8070,434481,0.00498132004981322
2024-06-20,8070,8110,7730,7830,697663,-0.029739776951672847
2024-06-21,7810,7970,7730,7840,213199,0.0012771392081736277
2024-06-24,7850,8130,7780,7860,181138,0.0025510204081633514
2024-06-25,7840,8360,7840,8230,871233,0.04707379134860057
2024-06-26,8350,8430,8120,8200,360050,-0.0036452004860266785
2024-06-27,8110,8190,7840,7840,265600,-0.04390243902439028
2024-06-28,7820,7910,7550,7760,497781,-0.010204081632653073
2024-07-01,7770,7920,7640,7920,272460,0.020618556701030855
2024-07-02,7830,7830,7380,7560,582780,-0.045454545454545414
2024-07-03,7570,7720,7230,7330,743195,-0.030423280423280463
2024-07-04,7330,7360,7090,7340,573351,0.0013642564802183177
2024-07-05,7340,7340,7100,7220,362387,-0.016348773841961872
2024-07-08,7220,7460,7220,7450,266851,0.03185595567867039
2024-07-09,7450,7590,7410,7540,200428,0.012080536912751683
2024-07-10,7530,7820,7420,7690,287251,0.019893899204244114
2024-07-11,7710,7820,7590,7710,370408,0.002600780234070177
2024-07-12,7710,7790,7530,7600,236189,-0.014267185473411104
2024-07-15,7600,7930,7560,7880,465049,0.03684210526315779
2024-07-16,7860,7930,7710,7850,273122,-0.0038071065989847552
2024-07-17,8170,8450,7910,7990,809446,0.017834394904458595
2024-07-18,8170,8290,7970,8040,772895,0.006257822277847325
2024-07-19,8220,8230,7780,7830,349292,-0.026119402985074647
2024-07-22,7860,7860,7300,7600,647573,-0.02937420178799488
2024-07-23,7580,7790,7490,7540,245656,-0.007894736842105288
2024-07-24,7500,7850,7450,7780,206009,0.03183023872679036
2024-07-25,7620,8160,7620,8020,569361,0.03084832904884327
2024-07-26,8070,8180,7900,8120,300481,0.012468827930174564
2024-07-29,8120,8160,7980,8000,158502,-0.014778325123152691
2024-07-30,8000,8090,7880,7990,141517,-0.0012499999999999734
2024-07-31,8080,8110,7900,8050,220145,0.007509386733416834
2024-08-01,7950,8250,7940,8190,257254,0.017391304347825987
2024-08-02,8050,8080,7720,7970,307555,-0.026862026862026878
2024-08-05,7880,7880,6930,7100,553662,-0.10915934755332501
2024-08-06,7110,7510,7110,7390,279935,0.04084507042253516
2024-08-07,7280,7490,7180,7250,404655,-0.018944519621109657
2024-08-08,7180,7640,7090,7600,220876,0.048275862068965614
2024-08-09,7580,7850,7580,7850,162039,0.03289473684210531
2024-08-12,7860,8050,7760,8030,154435,0.02292993630573248
2024-08-13,8020,8120,7920,8120,229859,0.011207970112079746
2024-08-14,8130,8500,7800,7970,787144,-0.018472906403940836
2024-08-16,8160,8250,8030,8130,374086,0.020075282308657405
2024-08-19,8200,8200,7720,7890,263095,-0.029520295202952074
2024-08-20,7800,8020,7800,7960,140243,0.008871989860582907
2024-08-21,7990,7990,7660,7890,231116,-0.008793969849246186
2024-08-22,7980,8300,7890,8080,472928,0.02408111533586821
2024-08-23,7980,8190,7980,8150,202712,0.00866336633663356
2024-08-26,8200,8200,7740,7750,268962,-0.049079754601227044
2024-08-27,7720,7810,7600,7740,112436,-0.001290322580645209
2024-08-28,7740,7880,7670,7770,127828,0.003875968992248069
2024-08-29,7710,7740,7570,7630,105478,-0.018018018018018056
2024-08-30,7630,7910,7630,7770,136377,0.0183486238532109
2024-09-02,7880,7880,7560,7620,116556,-0.019305019305019266
2024-09-03,7580,8200,7580,8010,647615,0.051181102362204633
2024-09-04,7700,7890,7500,7560,390376,-0.0561797752808989
2024-09-05,7570,7760,7340,7490,245323,-0.0092592592592593
2024-09-06,7490,7500,7180,7330,251151,-0.021361815754339153
2024-09-09,7170,7430,7070,7430,159113,0.013642564802182733
2024-09-10,7430,7450,7220,7310,136693,-0.016150740242261152
2024-09-11,7310,7390,7190,7250,154395,-0.008207934336525335
2024-09-12,7250,7390,7250,7310,77538,0.008275862068965578
2024-09-13,7270,7390,7190,7270,140200,-0.005471956224350261
2024-09-19,7220,7240,6960,7020,372987,-0.03438789546079779
2024-09-20,7040,7200,6970,7050,414232,0.004273504273504258
2024-09-23,7060,7540,7020,7450,506701,0.05673758865248235
2024-09-24,7420,7470,7280,7440,207315,-0.0013422818791946067
2024-09-25,7490,7830,7440,7650,482987,0.02822580645161299
2024-09-26,7660,7820,7560,7730,279498,0.010457516339869244
2024-09-27,7860,8480,7790,8210,1101152,0.06209573091849929
2024-09-30,8290,8630,8220,8360,837219,0.018270401948842885
2024-10-02,8150,8330,8000,8020,331296,-0.04066985645933019
2024-10-04,8020,8280,7970,8240,193377,0.027431421446383997
2024-10-07,8500,8740,8340,8710,511504,0.05703883495145634
2024-10-08,8640,8740,8500,8640,288908,-0.008036739380022917
2024-10-10,8630,8710,8190,8660,594547,0.0023148148148148806
2024-10-11,8660,8660,8310,8490,263114,-0.019630484988452657
2024-10-14,8400,8920,8390,8760,494633,0.03180212014134276
2024-10-15,8780,9200,8710,9000,686122,0.027397260273972712
2024-10-16,9300,9510,8900,8990,1145996,-0.0011111111111110628
2024-10-17,8890,9040,8410,8840,948344,-0.016685205784204626
2024-10-18,8820,9000,8710,8830,272203,-0.0011312217194570096
2024-10-21,9050,9050,8720,8830,240853,0.0
2024-10-22,8850,8890,8570,8660,231714,-0.01925254813137034
2024-10-23,8670,8860,8560,8670,188577,0.0011547344110853786
2024-10-24,8530,8800,8500,8670,138434,0.0
2024-10-25,8680,8880,8610,8790,218724,0.01384083044982698
2024-10-28,8750,9300,8750,9250,468124,0.05233219567690561
2024-10-29,9220,9220,8890,8930,263845,-0.034594594594594574
2024-10-30,9180,9500,9030,9350,680984,0.04703247480403139
2024-10-31,9230,9330,9070,9200,231316,-0.016042780748663055
2024-11-01,9040,9290,8930,9050,328794,-0.016304347826086918
2024-11-04,9020,9200,8710,8860,590187,-0.020994475138121582
2024-11-05,8930,9080,8730,8870,369227,0.0011286681715576563
2024-11-06,8960,9040,8800,8930,179391,0.006764374295377573
2024-11-07,8850,9260,8850,9130,309235,0.022396416573348343
2024-11-08,9210,9850,9210,9720,956275,0.06462212486308871
2024-11-11,9720,9730,9450,9600,456430,-0.012345679012345734
2024-11-12,9600,9600,9110,9170,512032,-0.044791666666666674
2024-11-13,9170,9260,8960,9000,230182,-0.018538713195201728
2024-11-14,9170,9200,8500,9050,728211,0.005555555555555536
2024-11-15,9260,9530,9040,9380,409441,0.03646408839779003
2024-11-18,9450,9500,8910,8960,339593,-0.04477611940298509
2024-11-19,8850,8950,8540,8740,370389,-0.024553571428571397
2024-11-20,8730,8760,8300,8440,467599,-0.034324942791762014
2024-11-21,8450,8460,8020,8300,377444,-0.016587677725118488
2024-11-22,8310,8830,8180,8700,549439,0.04819277108433728
2024-11-25,8670,9090,8660,8870,188015,0.019540229885057547
2024-11-26,8780,8940,8730,8850,134899,-0.0022547914317925244
2024-11-27,8900,8900,8700,8880,112982,0.003389830508474523
2024-11-28,8900,8920,8690,8780,104128,-0.011261261261261257
2024-11-29,8880,9190,8580,8580,557845,-0.02277904328018221
2024-12-02,8580,8660,8360,8500,182754,-0.009324009324009341
2024-12-03,8510,8900,8510,8850,180189,0.04117647058823537
2024-12-04,8520,9250,8520,9120,473893,0.03050847457627115
2024-12-05,9110,9370,8980,9110,234980,-0.0010964912280702066
2024-12-06,9120,9480,8720,9290,380471,0.019758507135016368
2024-12-09,9180,9340,8920,9030,392429,-0.027987082884822434
2024-12-10,9030,9430,8960,9320,352818,0.032115171650055396
2024-12-11,9320,9350,8950,9110,241214,-0.022532188841201672
2024-12-12,9060,9170,8700,8840,352748,-0.029637760702524663
2024-12-13,8840,9250,8780,9090,179308,0.02828054298642524
2024-12-16,9250,9250,8840,8900,153319,-0.020902090209020896
2024-12-17,8920,9230,8820,9030,184043,0.014606741573033766
2024-12-18,9000,9120,8910,8930,104727,-0.011074197120708784
2024-12-19,8750,9040,8740,8900,125861,-0.0033594624860022737
2024-12-20,8900,8900,8420,8470,213251,-0.04831460674157306
2024-12-23,8690,8790,8420,8610,158328,0.016528925619834656
2024-12-24,8650,8650,8370,8440,81869,-0.019744483159117254
2024-12-26,8500,8540,8310,8390,210906,-0.005924170616113722
2024-12-27,8340,8750,8330,8640,164499,0.029797377830750982
2024-12-30,8570,8750,8550,8650,46525,0.0011574074074074403
2025-01-02,8660,8820,8530,8660,84104,0.0011560693641619046
2025-01-03,8760,8810,8560,8780,88299,0.01385681293302543
2025-01-06,8790,8790,8450,8520,199632,-0.029612756264236872
2025-01-07,8640,8900,8600,8810,235919,0.034037558685446
2025-01-08,8830,8830,8580,8620,91076,-0.02156640181611802
2025-01-09,8670,8900,8570,8770,133444,0.01740139211136893
2025-01-10,8770,9260,8750,9260,500992,0.05587229190421894
2025-01-13,9150,9470,9120,9440,235370,0.01943844492440605
2025-01-14,9490,9590,9270,9460,286788,0.0021186440677967155
2025-01-15,9470,9490,9170,9170,95893,-0.030655391120507414
2025-01-16,9190,9540,9190,9360,129145,0.02071973827699014
2025-01-17,9540,9630,9330,9570,238544,0.022435897435897356
2025-01-20,9600,9600,9000,9120,264007,-0.047021943573667735
2025-01-21,9150,9420,9120,9320,133070,0.021929824561403466
2025-01-22,9430,10410,9410,10400,1294653,0.11587982832618016
2025-01-23,10310,10790,10110,10640,469394,0.023076923076922995
2025-01-24,10480,10910,10400,10430,263680,-0.019736842105263164
2025-01-31,10520,10850,10350,10670,260795,0.02301054650047929
2025-02-03,10670,10670,9970,10180,378826,-0.04592314901593253
2025-02-04,10240,10450,10050,10420,223205,0.023575638506876162
2025-02-05,10320,10960,10110,10730,412340,0.029750479846449185
2025-02-06,10740,11000,10400,10590,166549,-0.013047530288909592
2025-02-07,10670,10780,10330,10440,92906,-0.014164305949008527
2025-02-10,10250,10590,10070,10140,225084,-0.028735632183908066
2025-02-11,10150,10180,9950,10090,227739,-0.004930966469428033
2025-02-12,10020,10350,9970,10240,178886,0.014866204162537144
2025-02-13,10190,11200,10190,11200,617319,0.09375
2025-02-14,12000,12000,10580,11200,1442150,0.0
2025-02-17,11550,11760,11060,11290,433630,0.008035714285714368
2025-02-18,11400,11400,10950,11170,213775,-0.010628875110717417
2025-02-19,11170,11170,10590,10740,385542,-0.038495971351835245
2025-02-20,10730,10850,10500,10660,319809,-0.007448789571694592
2025-02-21,10670,10800,10440,10690,191204,0.0028142589118198558
2025-02-24,10490,10670,10230,10430,210751,-0.024321796071094526
2025-02-25,10540,10690,10320,10390,144182,-0.003835091083413178
2025-02-26,10400,10490,10150,10390,139383,0.0
2025-02-27,10360,10770,10300,10420,161195,0.002887391722810495
2025-02-28,10290,10370,9950,10030,302235,-0.0374280230326296
2025-03-04,10020,10230,9700,10090,110474,0.005982053838484491
2025-03-05,9900,10060,9620,9730,327834,-0.03567888999008917
2025-03-06,9860,9860,8620,8800,1854569,-0.09558067831449124
2025-03-07,8840,8950,8620,8750,363713,-0.005681818181818232
2025-03-10,8780,8820,8580,8780,229671,0.0034285714285713365
2025-03-11,8520,8670,8360,8450,426039,-0.0375854214123007
2025-03-12,8490,8530,8210,8350,326128,-0.011834319526627168
2025-03-13,8430,8640,8220,8350,383409,0.0
2025-03-14,8360,8380,8010,8220,432592,-0.015568862275449069
2025-03-17,8240,8560,8220,8490,351026,0.03284671532846706
2025-03-18,8540,8820,8420,8750,306557,0.03062426383981154
2025-03-19,8890,8930,8450,8900,537335,0.017142857142857126
2025-03-20,8970,8970,8440,8720,665391,-0.020224719101123556
2025-03-21,8720,8930,8630,8800,230442,0.00917431192660545
2025-03-24,8800,8900,8620,8710,89356,-0.010227272727272751
2025-03-25,8800,8850,8495,8820,254861,0.012629161882893314
2025-03-26,8720,9010,8640,8710,197889,-0.012471655328798237
2025-03-27,8660,8950,8590,8660,271648,-0.00574052812858783
2025-03-28,8660,8720,8400,8530,350076,-0.01501154734411081
2025-03-31,8300,8410,8190,8320,159303,-0.024618991793669442
2025-04-01,8260,8550,8230,8460,129594,0.016826923076923128
2025-04-02,8390,8600,8270,8330,112359,-0.015366430260047248
2025-04-03,7980,8300,7580,7770,793695,-0.0672268907563025
2025-04-04,7540,7650,7010,7470,685512,-0.038610038610038644
2025-04-07,7350,7490,7100,7240,315050,-0.030789825970548912
2025-04-08,7460,7630,7180,7340,301428,0.013812154696132506
2025-04-09,7370,7490,6980,7360,388150,0.0027247956403269047
2025-04-10,8510,8510,7780,8110,449366,0.10190217391304346
2025-04-11,7890,7980,7640,7880,265095,-0.0283600493218249
2025-04-14,7890,7900,7560,7790,309997,-0.011421319796954266
2025-04-15,7790,7900,7700,7880,117608,0.011553273427471034
2025-04-16,7800,7870,7590,7590,157542,-0.03680203045685282
2025-04-17,7580,7650,7390,7450,384337,-0.01844532279314892
2025-04-18,7450,7510,7300,7430,225037,-0.0026845637583892135
2025-04-21,7490,7490,7360,7410,67817,-0.0026917900403768957
2025-04-22,7350,7420,7280,7390,133053,-0.0026990553306343035
2025-04-23,7460,7770,7440,7710,193639,0.043301759133964834
2025-04-24,7840,7870,7630,7720,144720,0.0012970168612191912
2025-04-25,7810,8010,7760,7930,259426,0.0272020725388602
2025-04-28,7880,7900,7780,7830,140406,-0.01261034047919296
2025-04-29,7830,8000,7680,7930,135431,0.012771392081736943
2025-04-30,7930,7930,7710,7750,110058,-0.022698612862547263
2025-05-02,7730,7830,7650,7810,104278,0.007741935483871032
2025-05-07,7820,7910,7750,7820,101631,0.001280409731113874
2025-05-08,7830,7910,7740,7810,103279,-0.0012787723785165905
2025-05-09,7850,7880,7690,7770,100832,-0.005121638924455829
2025-05-12,7770,8080,7750,8060,149882,0.03732303732303732
2025-05-13,8210,8520,8130,8490,270022,0.053349875930521096
2025-05-14,8490,8710,8220,8680,232513,0.022379269729092988
2025-05-15,8620,8650,8100,8200,371630,-0.055299539170506895
2025-05-16,8580,8580,7990,7990,251483,-0.025609756097561
2025-05-19,8000,8000,7790,7860,101052,-0.016270337922402955
2025-05-20,7890,8040,7720,7870,187065,0.0012722646310432406
2025-05-21,7970,7970,7810,7840,63678,-0.003811944091486663
2025-05-22,7840,7850,7590,7610,129763,-0.029336734693877542
2025-05-23,7620,7700,7470,7530,126377,-0.010512483574244391
2025-05-26,7530,7840,7460,7760,177446,0.030544488711819362
2025-05-27,7740,7780,7580,7610,101834,-0.019329896907216537
2025-05-28,7630,7740,7580,7680,79297,0.009198423127463773
2025-05-29,7750,8120,7720,8120,263939,0.05729166666666674
2025-05-30,7950,8030,7820,7830,145617,-0.0357142857142857
2025-06-02,7760,8040,7710,7730,109355,-0.012771392081736943
2025-06-04,7790,7840,7710,7750,129771,0.002587322121604174
2025-06-05,7750,7770,7590,7660,299274,-0.011612903225806437
2025-06-09,7700,7840,7650,7830,141159,0.022193211488250597
2025-06-10,7850,8030,7780,7810,135294,-0.0025542784163473664
2025-06-11,7940,7940,7740,7810,235126,0.0
2025-06-12,7750,7790,7530,7540,465859,-0.03457106274007682
2025-06-13,7600,7600,7300,7350,277647,-0.025198938992042397
2025-06-16,7400,7490,7250,7450,169279,0.013605442176870763
2025-06-17,7460,7600,7380,7580,164522,0.01744966442953011
2025-06-18,7580,7590,7440,7570,101585,-0.0013192612137202797
2025-06-19,7580,7650,7520,7640,110747,0.009247027741083214
2025-06-20,7640,7780,7560,7660,174980,0.002617801047120505
2025-06-23,7570,7590,7430,7430,152218,-0.030026109660574396
2025-06-24,7530,7610,7460,7570,161875,0.018842530282638048
2025-06-25,7570,7620,7450,7590,171760,0.0026420079260238705
2025-06-26,7620,7620,7420,7490,157415,-0.013175230566534912
2025-06-27,7640,7640,7380,7450,164680,-0.005340453938584733
2025-06-30,7490,7680,7450,7560,133408,0.014765100671140896
2025-07-01,7580,7700,7460,7650,172520,0.011904761904761862
2025-07-02,7760,7960,7610,7870,355976,0.02875816993464042
2025-07-03,8250,8300,8070,8270,731078,0.0508259212198221
2025-07-04,8270,8270,8030,8070,294307,-0.024183796856106388
2025-07-07,8060,8230,7940,8100,228684,0.0037174721189590088
2025-07-08,8100,8310,8040,8300,282944,0.024691358024691468
2025-07-09,8290,8470,8190,8420,354694,0.014457831325301207
2025-07-10,8420,8510,8350,8400,178114,-0.002375296912114022
2025-07-11,8470,8500,8250,8380,261505,-0.0023809523809523725
2025-07-14,8380,8380,7960,8070,533892,-0.03699284009546544
2025-07-15,8070,8120,7900,8120,211091,0.006195786864931829
2025-07-16,8130,8160,7820,7870,336664,-0.030788177339901468
2025-07-17,7890,7960,7720,7950,205444,0.010165184243964509
2025-07-18,7950,7970,7870,7960,117613,0.0012578616352201255
2025-07-21,7900,7970,7730,7850,209994,-0.013819095477386911
2025-07-22,7890,7970,7710,7810,150015,-0.005095541401273884
2025-07-23,7800,7810,7680,7780,93757,-0.003841229193341844
2025-07-24,7740,7750,7630,7650,180647,-0.016709511568123392
2025-07-25,7640,7670,7560,7630,107981,-0.002614379084967311
2025-07-28,7650,7710,7550,7620,90729,-0.001310615989515096
2025-07-29,7620,7620,7520,7570,98497,-0.006561679790026198
2025-07-30,7650,7870,7580,7780,265270,0.02774108322324964
2025-07-31,7610,7640,7380,7530,415173,-0.03213367609254503
2025-08-01,7530,7530,7300,7360,220232,-0.02257636122177953
2025-08-04,7400,7470,7310,7460,71593,0.013586956521739024
2025-08-05,7500,7530,7400,7510,105074,0.006702412868632601
2025-08-06,7500,7500,7400,7470,66390,-0.005326231691078598
2025-08-07,7470,7520,7430,7520,77359,0.006693440428380271
2025-08-08,7510,7560,7460,7550,68583,0.003989361702127603
2025-08-11,7510,7540,7450,7510,56844,-0.005298013245033095
2025-08-12,7510,7510,7360,7430,121677,-0.010652463382157085
2025-08-13,7410,7520,7300,7520,134318,0.01211305518169592
2025-08-14,7520,7550,7190,7470,388247,-0.0066489361702127825
2025-08-18,7400,7440,7230,7300,147978,-0.022757697456492587
2025-08-19,7300,7300,7070,7290,245762,-0.00136986301369868
2025-08-20,7160,7220,7050,7130,246322,-0.021947873799725626
2025-08-21,7170,7240,7080,7190,96890,0.008415147265077083
2025-08-22,7190,7280,7070,7160,169004,-0.004172461752433909
2025-08-25,7170,7230,7110,7200,83350,0.005586592178770999
2025-08-26,7130,7200,7120,7140,39118,-0.008333333333333304
2025-08-27,7170,7170,6970,7050,272996,-0.012605042016806678
2025-08-28,6950,7090,6860,6860,310898,-0.026950354609929117
2025-08-29,6830,6930,6730,6740,194417,-0.017492711370262426
2025-09-01,6760,6760,6630,6680,134895,-0.008902077151335286
2025-09-02,6690,6770,6690,6770,65723,0.013473053892215647
2025-09-03,6740,6810,6720,6790,44304,0.002954209748892156
2025-09-04,6850,6860,6740,6800,69512,0.0014727540500736325
2025-09-05,6840,6850,6750,6790,56478,-0.0014705882352941124
2025-09-08,6750,6960,6750,6930,129228,0.020618556701030855
2025-09-09,6970,7070,6890,7050,114620,0.017316017316017396
2025-09-10,7070,7140,7010,7050,120657,0.0
2025-09-11,7030,7130,6980,7040,85167,-0.0014184397163120588
2025-09-12,7040,7080,6900,6950,203099,-0.01278409090909094
2025-09-15,6950,7110,6630,6900,130418,-0.007194244604316502
2025-09-16,6890,6910,6740,6800,180624,-0.01449275362318836
2025-09-17,6800,6800,6630,6740,216044,-0.008823529411764675
2025-09-18,6750,6870,6600,6720,207538,-0.0029673590504450953
2025-09-19,6690,6740,6530,6590,285459,-0.019345238095238138
2025-09-22,6630,6660,6390,6450,406845,-0.02124430955993928
2025-09-23,6420,6500,6350,6460,163381,0.0015503875968991832
2025-09-24,6520,6530,6310,6390,193420,-0.010835913312693513
2025-09-25,6390,6420,6290,6340,138003,-0.007824726134585291
2025-09-26,6280,6340,6170,6190,140830,-0.023659305993690816
2025-09-29,6210,6310,6200,6250,83999,0.009693053311793154
2025-09-30,6230,6260,6040,6060,151397,-0.030399999999999983
2025-10-01,6060,6080,5770,5780,461210,-0.04620462046204621
2025-10-02,5850,5860,5650,5660,247650,-0.02076124567474047
2025-10-10,5620,5680,5540,5600,241712,-0.010600706713780883
2025-10-13,5510,5580,5460,5550,147728,-0.008928571428571397
2025-10-14,5570,5640,5430,5540,133329,-0.0018018018018017834
2025-10-15,5550,5700,5550,5690,122477,0.02707581227436817
2025-10-16,5700,5740,5600,5650,110052,-0.007029876977152849
2025-10-17,5650,5720,5610,5670,91061,0.003539823008849474
2025-10-20,5720,5840,5680,5820,94159,0.02645502645502651
2025-10-21,5850,5860,5690,5760,104980,-0.010309278350515427
2025-10-22,5760,5810,5670,5800,109882,0.00694444444444442
2025-10-23,5800,5870,5720,5770,103611,-0.005172413793103403
2025-10-24,5800,5800,5610,5640,192642,-0.022530329289428108
2025-10-27,5640,5700,5500,5670,157292,0.005319148936170137
2025-10-28,5670,5680,5490,5580,308480,-0.015873015873015928
2025-10-29,5560,5570,5380,5400,316108,-0.032258064516129004
2025-10-30,5330,5360,5130,5160,328074,-0.0444444444444444
2025-10-31,5180,5180,5060,5100,224766,-0.011627906976744207
2025-11-03,5030,5120,4970,4990,248379,-0.021568627450980427
2025-11-04,5000,5040,4895,4985,148737,-0.0010020040080159776
2025-11-05,5070,5070,4780,4890,276823,-0.01905717151454367
2025-11-06,4910,5000,4710,4920,240288,0.006134969325153339
2025-11-07,4940,4940,4640,4680,381243,-0.04878048780487809
2025-11-10,4630,4905,4630,4880,435203,0.042735042735042805
2025-11-11,4900,4955,4750,4805,119263,-0.015368852459016424
