Date,Open,High,Low,Close,Volume,Change
2022-01-03,3175,3375,3175,3337,3252339,0.04706620646375903
2022-01-04,3336,3386,3247,3314,1740728,-0.006892418339826234
2022-01-05,3314,3320,3225,3231,1171457,-0.025045262522631284
2022-01-06,3175,3247,3142,3148,1072350,-0.025688641287527125
2022-01-07,3142,3292,3142,3225,931147,0.0244599745870393
2022-01-10,3269,3314,3236,3259,870485,0.010542635658914667
2022-01-11,3281,3281,3158,3187,548385,-0.02209266646210495
2022-01-12,3186,3214,3136,3203,458268,0.0050203953561342995
2022-01-13,3169,3258,3119,3253,973584,0.015610365282547667
2022-01-14,3253,3253,3169,3187,640398,-0.02028896403320013
2022-01-17,3186,3186,3092,3109,730271,-0.024474427361154683
2022-01-18,3064,3119,2947,3003,936802,-0.03409456416854295
2022-01-19,2930,3008,2869,2936,567284,-0.022311022311022333
2022-01-20,2891,2969,2891,2964,398218,0.0095367847411445
2022-01-21,2947,3058,2902,3014,354945,0.01686909581646434
2022-01-24,2986,2986,2847,2914,675166,-0.033178500331785044
2022-01-25,2936,2936,2736,2881,665905,-0.01132463967055597
2022-01-26,2880,2880,2808,2864,461101,-0.005900728913571629
2022-01-27,2786,2852,2708,2820,489791,-0.015363128491620137
2022-01-28,2819,2863,2752,2836,349694,0.005673758865248235
2022-02-03,2858,2952,2852,2920,316814,0.02961918194640334
2022-02-04,2908,2947,2869,2925,184935,0.001712328767123239
2022-02-07,2936,2941,2908,2931,173552,0.002051282051282133
2022-02-08,2930,2947,2908,2914,315285,-0.005800068236096911
2022-02-09,2919,3169,2914,3136,1047526,0.07618393960192171
2022-02-10,3136,3264,3136,3198,923217,0.019770408163265252
2022-02-11,3164,3180,3075,3164,687735,-0.010631644777986282
2022-02-14,3114,3114,2919,2992,532255,-0.05436156763590394
2022-02-15,2969,3003,2886,2947,316221,-0.015040106951871635
2022-02-16,2964,3014,2952,2981,306600,0.01153715643026798
2022-02-17,2980,3025,2936,2953,348858,-0.009392821200939316
2022-02-18,2897,3036,2897,3025,228658,0.02438198442262096
2022-02-21,2986,3097,2958,3086,253697,0.020165289256198315
2022-02-22,3047,3058,2997,3025,623225,-0.019766688269604704
2022-02-23,3025,3214,3025,3198,1121557,0.057190082644628104
2022-02-24,3158,3175,3108,3125,656141,-0.022826766729205805
2022-02-25,3136,3264,3136,3259,1464571,0.04288000000000003
2022-02-28,3231,3264,3175,3214,579466,-0.013807916538815634
2022-03-02,3214,3225,3147,3159,300459,-0.0171126322339763
2022-03-03,3164,3292,3164,3264,550507,0.033238366571699984
2022-03-04,3264,3281,3197,3264,538845,0.0
2022-03-07,3258,3258,3169,3192,510065,-0.022058823529411797
2022-03-08,3147,3219,3125,3192,189125,0.0
2022-03-10,3225,3258,3175,3225,353038,0.010338345864661758
2022-03-11,3264,3264,3180,3225,222148,0.0
2022-03-14,3203,3464,3203,3320,2195948,0.029457364341085368
2022-03-15,3314,3375,3264,3303,746132,-0.005120481927710863
2022-03-16,3353,3442,3325,3409,967318,0.032092037541628926
2022-03-17,3442,3453,3358,3426,1127815,0.004986799647990647
2022-03-18,3442,3453,3370,3448,897584,0.0064214827787507645
2022-03-21,3492,3492,3381,3415,791131,-0.009570765661252922
2022-03-22,3386,3475,3370,3465,532947,0.014641288433382194
2022-03-23,3492,3603,3447,3604,943393,0.040115440115440215
2022-03-24,3598,3892,3559,3826,2498206,0.06159822419533856
2022-03-25,3831,3898,3648,3670,1161639,-0.040773653946680644
2022-03-28,3648,3653,3375,3453,1552107,-0.05912806539509541
2022-03-29,3442,3809,3442,3704,2459554,0.07269041413263833
2022-03-30,3698,3837,3631,3782,946090,0.021058315334773203
2022-03-31,3748,3864,3720,3776,811352,-0.0015864621893177944
2022-04-01,3770,3915,3725,3909,1237100,0.03522245762711873
2022-04-04,4098,4187,3436,3654,6896135,-0.0652340752110514
2022-04-05,3653,3987,3598,3948,2802145,0.08045977011494254
2022-04-06,3948,4015,3725,3915,1971193,-0.008358662613981771
2022-04-07,3915,3915,3759,3765,847001,-0.03831417624521072
2022-04-08,3770,3898,3764,3871,583593,0.028154050464807456
2022-04-11,3903,3903,3731,3748,695737,-0.03177473521053986
2022-04-12,3709,3953,3670,3921,675795,0.04615795090715058
2022-04-13,3920,3920,3820,3871,610269,-0.012751849018107664
2022-04-14,3892,3970,3814,3821,665186,-0.012916559028674723
2022-04-15,3826,3953,3787,3893,754295,0.018843234755299587
2022-04-18,3903,4037,3853,4004,813797,0.02851271512971998
2022-04-19,4004,4093,3981,4004,764347,0.0
2022-04-20,4081,4137,3981,4065,947133,0.015234765234765302
2022-04-21,4087,4154,4042,4065,667757,0.0
2022-04-22,4065,4154,3987,4099,782419,0.008364083640836517
2022-04-25,4015,4093,3953,4026,714555,-0.017809221761405203
2022-04-26,4026,4059,3953,3971,432851,-0.013661202185792365
2022-04-27,3842,3920,3814,3876,618271,-0.02392344497607657
2022-04-28,3876,3965,3848,3932,452056,0.014447884416924683
2022-04-29,3942,4059,3909,4054,528128,0.031027466937945114
2022-05-02,4048,4259,4004,4226,1388552,0.04242723236309809
2022-05-03,4270,4270,4137,4238,803575,0.002839564600094713
2022-05-04,4215,4421,4170,4421,1764940,0.043180745634733286
2022-05-06,4343,4465,4309,4371,1187560,-0.011309658448314885
2022-05-09,4398,5672,4359,5461,71758264,0.2493708533516359
2022-05-10,5216,5661,5099,5322,25705820,-0.025453213697125054
2022-05-11,5516,6918,5394,6529,79832492,0.22679443818113487
2022-05-12,6840,6929,6350,6640,27418739,0.017001072139684492
2022-05-13,6506,7329,6506,7007,6291350,0.055271084337349397
2022-05-16,7118,7296,6918,7296,3390197,0.041244469815898466
2022-05-17,7240,7863,7240,7841,4262148,0.0746984649122806
2022-05-18,8230,10188,7641,10188,37614506,0.2993240658079326
2022-05-19,10699,11111,9631,10188,32026751,0.0
2022-05-20,10065,10332,9009,9343,19216049,-0.08294071456615626
2022-05-23,9153,9376,8642,8887,15870734,-0.04880659317135827
2022-05-24,8630,9064,8186,8308,21997433,-0.06515134466074046
2022-05-25,8842,9064,7885,8197,26133618,-0.013360616273471404
2022-05-26,8008,9409,7930,9042,40072972,0.10308649505916789
2022-05-27,8953,9064,7996,8030,21198615,-0.11192214111922139
2022-05-30,7841,8252,7652,7730,18502276,-0.03735990037359904
2022-05-31,10000,10000,10000,10000,254469,0.2936610608020698
2022-06-02,13000,13000,13000,13000,29650,0.30000000000000004
2022-06-03,16900,16900,16600,16900,1783419,0.30000000000000004
2022-06-07,19350,21950,19050,21950,7963584,0.29881656804733736
2022-06-08,23550,28500,23400,28500,5726244,0.2984054669703873
2022-06-09,33500,37050,33200,37050,4908670,0.30000000000000004
2022-06-10,0,0,0,37050,0,0.0
2022-06-13,43750,43950,26050,26600,12414066,-0.28205128205128205
2022-06-14,27500,30800,22100,24100,7111601,-0.09398496240601506
2022-06-15,23350,23700,21050,21700,3161372,-0.09958506224066388
2022-06-16,21900,23300,19750,20200,3081478,-0.06912442396313367
2022-06-17,19750,19750,14900,15700,4012826,-0.22277227722772275
2022-06-20,11000,11000,11000,11000,590526,-0.2993630573248408
2022-06-21,7950,8670,7700,7700,29751306,-0.30000000000000004
2022-06-22,7790,8090,6670,7560,44431652,-0.018181818181818188
2022-06-23,7560,7950,7030,7110,25187113,-0.059523809523809534
2022-06-24,7260,7600,7030,7190,16714841,0.011251758087201136
2022-06-27,7420,9340,7330,9340,78490837,0.2990264255910988
2022-06-28,9780,9920,8020,8330,58870959,-0.10813704496788012
2022-06-29,8220,8690,8200,8480,23724580,0.01800720288115243
2022-06-30,8440,8460,7860,7860,13471767,-0.07311320754716977
2022-07-01,7700,8170,7300,7360,13576192,-0.06361323155216281
2022-07-04,7600,7740,7080,7210,9537651,-0.020380434782608647
2022-07-05,7320,7640,7140,7430,13350763,0.030513176144244092
2022-07-06,7330,7400,6930,7000,7240758,-0.05787348586810226
2022-07-07,7090,7350,6990,7210,9371709,0.030000000000000027
2022-07-08,7250,9000,7160,8250,65212042,0.1442441054091539
2022-07-11,8300,8460,7760,7820,15270197,-0.052121212121212124
2022-07-12,7730,7980,7450,7560,8214699,-0.03324808184143224
2022-07-13,7530,7820,7350,7600,9179178,0.005291005291005346
2022-07-14,7510,7540,7260,7290,4651754,-0.04078947368421049
2022-07-15,7310,7650,7200,7300,8935660,0.00137174211248281
2022-07-18,7440,7750,7350,7460,7726610,0.021917808219177992
2022-07-19,7450,7490,7180,7210,4459406,-0.03351206434316356
2022-07-20,7320,7700,7240,7540,10769575,0.04576976421636614
2022-07-21,7530,7610,7280,7300,4781218,-0.03183023872679047
2022-07-22,7360,7440,7180,7210,3823957,-0.012328767123287676
2022-07-25,7220,7310,7110,7150,2865012,-0.00832177531206657
2022-07-26,7180,7300,7130,7250,2677042,0.013986013986013957
2022-07-27,7220,7520,7190,7230,5201904,-0.0027586206896551557
2022-07-28,7330,7350,7120,7130,2920007,-0.013831258644536604
2022-07-29,7190,7220,7080,7080,2145385,-0.007012622720897643
2022-08-01,7110,7200,7030,7140,1646854,0.008474576271186418
2022-08-02,7120,7130,6900,6930,2468045,-0.02941176470588236
2022-08-03,6880,7050,6880,6930,1846290,0.0
2022-08-04,7000,7090,6930,6980,2139257,0.00721500721500723
2022-08-05,6980,7070,6950,7000,1548691,0.002865329512893977
2022-08-08,7010,7270,7000,7110,3050480,0.01571428571428579
2022-08-09,7170,7180,6950,6980,2079161,-0.01828410689170179
2022-08-10,6990,7000,6760,6770,2161556,-0.03008595988538687
2022-08-11,6800,6860,6770,6780,1249529,0.001477104874446189
2022-08-12,6780,6820,6580,6680,2364386,-0.014749262536873142
2022-08-16,6700,6730,6580,6690,1645639,0.0014970059880239361
2022-08-17,6670,6690,6520,6520,1948145,-0.025411061285500747
2022-08-18,6530,7180,6520,6700,11209704,0.027607361963190247
2022-08-19,6640,6690,6520,6530,2016501,-0.025373134328358193
2022-08-22,6530,6620,6250,6250,2156284,-0.04287901990811638
2022-08-23,6140,6250,6070,6110,1674391,-0.022399999999999975
2022-08-24,6100,6200,5970,6050,1841993,-0.009819967266775809
2022-08-25,6050,6180,6040,6070,1160661,0.0033057851239668423
2022-08-26,6070,6180,5980,6010,1534546,-0.009884678747940745
2022-08-29,5760,5890,5750,5810,1234914,-0.03327787021630613
2022-08-30,5840,6110,5830,5900,1380278,0.015490533562822817
2022-08-31,5890,6030,5800,5990,1128534,0.015254237288135686
2022-09-01,6020,6050,5780,5780,1203870,-0.035058430717863076
2022-09-02,5850,5910,5630,5650,1262897,-0.02249134948096887
2022-09-05,5580,5700,5490,5570,1584792,-0.01415929203539823
2022-09-06,5560,5750,5560,5620,1096941,0.008976660682226134
2022-09-07,5600,5650,5450,5490,1133390,-0.02313167259786475
2022-09-08,5710,5900,5460,5650,4439812,0.02914389799635697
2022-09-13,5800,6370,5740,5930,9158175,0.04955752212389375
2022-09-14,5670,5810,5650,5660,1846905,-0.04553119730185495
2022-09-15,5700,5900,5670,5670,1795823,0.0017667844522968323
2022-09-16,5650,5810,5430,5440,1717674,-0.040564373897707284
2022-09-19,5430,5500,5200,5210,1498233,-0.04227941176470584
2022-09-20,5240,5420,5240,5260,1258002,0.009596928982725572
2022-09-21,5210,5360,5120,5160,1244253,-0.019011406844106515
2022-09-22,5120,5210,5010,5150,1293914,-0.0019379844961240345
2022-09-23,5150,5170,4975,4980,1044911,-0.03300970873786413
2022-09-26,4825,4955,4705,4750,1564762,-0.04618473895582331
2022-09-27,4700,4875,4605,4735,1553548,-0.0031578947368421373
2022-09-28,4725,4915,4490,4565,2007539,-0.035902851108764566
2022-09-29,4690,4875,4630,4640,2128960,0.016429353778751432
2022-09-30,4650,4850,4510,4700,3381091,0.012931034482758674
2022-10-04,4855,4980,4765,4930,2029244,0.04893617021276597
2022-10-05,5080,5100,4860,4860,2184481,-0.014198782961460488
2022-10-06,4880,4985,4860,4945,1113505,0.017489711934156382
2022-10-07,4935,5060,4875,4900,1324413,-0.009100101112234582
2022-10-11,4780,4795,4600,4610,1059099,-0.0591836734693878
2022-10-12,4590,4675,4585,4605,662341,-0.0010845986984815426
2022-10-13,4580,4585,4410,4410,1025445,-0.04234527687296419
2022-10-14,4460,4610,4460,4580,930295,0.038548752834467015
2022-10-17,4500,4550,4300,4520,801116,-0.013100436681222738
2022-10-18,4555,4775,4555,4645,1506753,0.02765486725663724
2022-10-19,4645,4725,4590,4605,836133,-0.008611410118406937
2022-10-20,4605,5060,4525,4610,7545878,0.0010857763300760048
2022-10-21,4610,4845,4440,4440,3334728,-0.03687635574837311
2022-10-24,4530,5770,4500,5770,35322617,0.2995495495495495
2022-10-25,6040,7050,5920,6170,81081227,0.06932409012131724
2022-10-26,6100,6320,5810,5850,14630334,-0.05186385737439225
2022-10-27,5880,6000,5750,5890,10309693,0.006837606837606813
2022-10-28,5760,6090,5730,5770,10023206,-0.02037351443123936
2022-10-31,5750,5850,5620,5720,3857721,-0.008665511265164683
2022-11-01,5680,5730,5560,5620,3688404,-0.0174825174825175
2022-11-02,5640,5920,5400,5550,11122779,-0.01245551601423489
2022-11-03,5370,5640,5360,5450,2823889,-0.018018018018018056
2022-11-04,5410,5900,5400,5640,14136579,0.034862385321100975
2022-11-07,5660,5800,5550,5570,3338047,-0.012411347517730542
2022-11-08,5570,5800,5520,5790,5328702,0.039497307001795434
2022-11-09,5770,5780,5500,5590,2437134,-0.0345423143350605
2022-11-10,5590,5670,5470,5470,1794735,-0.02146690518783545
2022-11-11,5600,5860,5580,5840,6757378,0.06764168190127973
2022-11-14,5830,5970,5730,5880,4593580,0.006849315068493178
2022-11-15,5810,5830,5630,5790,2716565,-0.015306122448979553
2022-11-16,5790,6150,5660,5940,13615979,0.02590673575129543
2022-11-17,6000,6210,5850,5850,6745137,-0.015151515151515138
2022-11-18,5910,6150,5860,5960,5541601,0.018803418803418737
2022-11-21,6040,6080,5760,5790,3201957,-0.028523489932885893
2022-11-22,5710,5880,5530,5530,2132280,-0.04490500863557856
2022-11-23,5570,5670,5520,5580,1166359,0.009041591320072317
2022-11-24,5620,5710,5600,5660,1090983,0.014336917562723928
2022-11-25,5660,5730,5510,5520,1284611,-0.02473498233215543
2022-11-28,5560,5570,5230,5250,1645982,-0.048913043478260865
2022-11-29,5250,5460,5230,5260,1511549,0.0019047619047618536
2022-11-30,5280,5340,5260,5260,708806,0.0
2022-12-01,5330,5450,5280,5290,955193,0.005703422053231932
2022-12-02,5320,5430,5250,5250,945334,-0.007561436672967825
2022-12-05,5260,5420,5260,5300,1084724,0.00952380952380949
2022-12-06,5270,5290,5130,5130,830296,-0.0320754716981132
2022-12-07,5020,5630,5020,5390,5330868,0.050682261208577106
2022-12-08,5390,6480,5380,5760,30583837,0.06864564007421148
2022-12-09,5820,6050,5700,5750,7188798,-0.0017361111111111605
2022-12-12,5750,5970,5680,5800,4151062,0.008695652173912993
2022-12-13,5790,5930,5750,5760,2578766,-0.006896551724137945
2022-12-14,5860,6380,5860,6050,14729285,0.05034722222222232
2022-12-15,6110,6300,5880,5930,4821799,-0.01983471074380161
2022-12-16,5780,6250,5750,5970,8577677,0.006745362563237878
2022-12-19,6250,6370,5950,5950,5438940,-0.00335008375209378
2022-12-20,5950,6100,5800,5930,4064396,-0.003361344537815114
2022-12-21,5950,6000,5780,5840,2372558,-0.015177065767284947
2022-12-22,6080,6150,5870,5920,5816371,0.013698630136986356
2022-12-23,5940,5980,5470,5480,4719700,-0.07432432432432434
2022-12-26,5300,5310,4965,5030,3535555,-0.08211678832116787
2022-12-27,4965,5150,4965,5020,2044684,-0.001988071570576566
2022-12-28,5000,5150,4995,5030,1826556,0.0019920318725099584
2022-12-29,4975,5100,4630,4650,2755746,-0.07554671968190851
2023-01-02,4615,4705,4475,4480,1743606,-0.03655913978494618
2023-01-03,4480,4625,4420,4555,2067176,0.016741071428571397
2023-01-04,4555,4810,4555,4730,2258038,0.03841931942919863
2023-01-05,4740,4970,4730,4745,2087966,0.003171247357293794
2023-01-06,4680,5160,4680,4960,6759440,0.0453108535300315
2023-01-09,5030,5090,4965,4985,1648693,0.00504032258064524
2023-01-10,5000,5080,4955,4960,1519334,-0.005015045135406182
2023-01-11,4980,5070,4980,5020,1142726,0.012096774193548487
2023-01-12,5080,5100,5010,5050,1076827,0.005976095617529875
2023-01-13,5060,5090,5000,5000,969742,-0.00990099009900991
2023-01-16,5020,5070,4975,5000,786011,0.0
2023-01-17,5000,5060,4815,4820,1345061,-0.03600000000000003
2023-01-18,4795,4835,4710,4730,794273,-0.018672199170124526
2023-01-19,4690,4775,4680,4710,696086,-0.0042283298097252064
2023-01-20,4685,4905,4685,4770,1577729,0.01273885350318471
2023-01-25,4820,4845,4760,4770,913682,0.0
2023-01-26,4820,4860,4795,4850,759999,0.016771488469601747
2023-01-27,4890,5060,4850,4915,1870885,0.013402061855670055
2023-01-30,4925,5040,4885,4930,1211478,0.003051881993896277
2023-01-31,4900,4925,4830,4835,703143,-0.01926977687626774
2023-02-01,4840,4975,4840,4930,1368073,0.01964839710444677
2023-02-02,4960,5020,4900,4935,1041318,0.0010141987829614951
2023-02-03,4950,5020,4930,4935,1135867,0.0
2023-02-06,4965,4980,4830,4870,910578,-0.01317122593718334
2023-02-07,4940,4990,4870,4875,1407649,0.0010266940451746365
2023-02-08,4895,4900,4830,4850,668636,-0.00512820512820511
2023-02-09,4860,4860,4745,4750,683312,-0.020618556701030966
2023-02-10,4755,4760,4605,4605,785880,-0.030526315789473735
2023-02-13,4620,4660,4550,4550,624318,-0.011943539630836053
2023-02-14,4570,4750,4550,4645,997435,0.020879120879120805
2023-02-15,4645,4655,4245,4300,3346033,-0.07427341227125939
2023-02-16,4345,4420,4300,4330,1306528,0.006976744186046435
2023-02-17,4300,4480,4300,4345,1241015,0.0034642032332563577
2023-02-20,4415,4995,4370,4760,21034685,0.09551208285385493
2023-02-21,4800,4830,4620,4675,2813902,-0.017857142857142905
2023-02-22,4610,4730,4510,4520,2039675,-0.03315508021390379
2023-02-23,4515,4600,4455,4540,1506167,0.004424778761061843
2023-02-24,4610,4675,4445,4445,3147191,-0.020925110132158586
2023-02-27,4405,4510,4355,4360,1492131,-0.019122609673790758
2023-02-28,4400,4485,4355,4355,1103057,-0.0011467889908256534
2023-03-02,4365,4420,4300,4305,1088695,-0.01148105625717566
2023-03-03,4315,4390,4310,4325,812866,0.004645760743321681
2023-03-06,4355,4440,4310,4330,780744,0.0011560693641619046
2023-03-07,4330,4560,4325,4500,2177794,0.03926096997690531
2023-03-08,4440,4500,4370,4370,1258306,-0.028888888888888853
2023-03-09,4375,4610,4375,4455,2968751,0.0194508009153318
2023-03-10,4365,4510,4330,4450,1326471,-0.001122334455667784
2023-03-13,4385,4930,4385,4630,10575135,0.04044943820224711
2023-03-14,4575,4675,4395,4410,2261313,-0.04751619870410362
2023-03-15,4530,4705,4425,4450,3535946,0.009070294784580435
2023-03-16,4450,4535,4430,4430,1485002,-0.004494382022471877
2023-03-17,4455,4525,4435,4495,991556,0.0146726862302482
2023-03-20,4510,4610,4505,4530,1531554,0.007786429365962189
2023-03-21,4580,4650,4475,4475,1497606,-0.012141280353200834
2023-03-22,4540,4540,4400,4420,1260101,-0.012290502793296132
2023-03-23,4405,4420,4250,4250,1492216,-0.038461538461538436
2023-03-24,4280,4320,4210,4245,1318241,-0.0011764705882353343
2023-03-27,4235,4235,4000,4040,1743639,-0.04829210836277975
2023-03-28,4070,4080,4035,4045,900118,0.0012376237623761277
2023-03-29,4045,4065,3995,4000,797869,-0.011124845488257096
2023-03-30,4015,4155,4015,4070,1234065,0.01750000000000007
2023-03-31,4100,4150,3980,4015,1494416,-0.013513513513513487
2023-04-03,4030,4050,3990,3995,908501,-0.00498132004981322
2023-04-04,3985,4070,3950,4060,929579,0.016270337922402955
2023-04-05,4070,4235,4030,4190,1891143,0.03201970443349755
2023-04-06,4215,4315,4115,4180,1986482,-0.0023866348448687846
2023-04-07,4220,4220,4090,4110,1041993,-0.01674641148325362
2023-04-10,4075,4110,4010,4030,958081,-0.019464720194647178
2023-04-11,4030,4125,4000,4120,1099025,0.022332506203474045
2023-04-12,4120,4210,4100,4180,1119187,0.014563106796116498
2023-04-13,4200,4255,4110,4230,1300113,0.011961722488038173
2023-04-14,4290,4520,4265,4410,3179969,0.042553191489361764
2023-04-17,4490,4610,4380,4380,3313289,-0.006802721088435382
2023-04-18,4390,5380,4390,4890,37052298,0.11643835616438358
2023-04-19,4975,5120,4650,4990,10263240,0.020449897750511203
2023-04-20,4980,5120,4630,4630,5374119,-0.07214428857715427
2023-04-21,4600,4665,4440,4445,2301067,-0.0399568034557235
2023-04-24,4430,4510,4260,4265,1666062,-0.040494938132733416
2023-04-25,4255,4305,4110,4145,1590952,-0.028135990621336426
2023-04-26,4115,4170,4030,4045,1055491,-0.024125452352231624
2023-04-27,4030,4215,4000,4190,863458,0.03584672435105074
2023-04-28,4235,4320,4100,4110,1393086,-0.019093078758949833
2023-05-02,4110,4205,4065,4150,937474,0.009732360097323589
2023-05-03,4095,4155,4065,4070,640605,-0.01927710843373498
2023-05-04,4055,4160,4025,4075,1765552,0.0012285012285011554
2023-05-08,4095,4175,4050,4115,1131727,0.009815950920245342
2023-05-09,4125,4160,4060,4085,1020873,-0.007290400972053468
2023-05-10,4060,4095,4050,4080,533173,-0.001223990208078285
2023-05-11,4085,4150,4040,4070,841944,-0.002450980392156854
2023-05-12,4135,4150,4035,4065,977638,-0.0012285012285012664
2023-05-15,4020,4070,3980,4005,768170,-0.014760147601476037
2023-05-16,4000,4015,3775,3780,1539790,-0.0561797752808989
2023-05-17,3745,4910,3735,4675,34008557,0.23677248677248675
2023-05-18,4650,4720,4355,4370,7998628,-0.0652406417112299
2023-05-19,4360,4410,4215,4305,2945692,-0.014874141876430214
2023-05-22,4210,4315,4210,4210,1899962,-0.022067363530778206
2023-05-23,4210,4515,4195,4320,6409612,0.026128266033254244
2023-05-24,4235,4340,4220,4235,1152023,-0.01967592592592593
2023-05-25,4225,4260,4110,4125,939140,-0.025974025974025983
2023-05-26,4130,4600,4060,4275,10224541,0.036363636363636376
2023-05-30,4280,4495,4280,4335,2294589,0.01403508771929829
2023-05-31,4340,4455,4305,4375,1633578,0.009227220299884653
2023-06-01,4375,4585,4350,4475,3733533,0.02285714285714291
2023-06-02,4490,4550,4415,4490,1732543,0.003351955307262511
2023-06-05,4505,4605,4450,4450,2197525,-0.008908685968819552
2023-06-07,4455,4475,4255,4255,1235167,-0.043820224719101075
2023-06-08,4230,4310,4160,4205,757424,-0.011750881316098694
2023-06-09,4220,4290,4190,4200,737683,-0.0011890606420927874
2023-06-12,4220,4250,4150,4155,457615,-0.010714285714285676
2023-06-13,4160,4300,4160,4160,934227,0.001203369434416457
2023-06-14,4165,4230,4020,4050,833000,-0.02644230769230771
2023-06-15,4125,4125,4005,4045,618543,-0.0012345679012345512
2023-06-16,4040,4130,4025,4030,603629,-0.003708281829419069
2023-06-19,4030,4045,3945,3960,756369,-0.017369727047146455
2023-06-20,3960,4005,3920,3920,488417,-0.010101010101010055
2023-06-21,3925,3960,3870,3875,516899,-0.011479591836734748
2023-06-22,3925,4315,3915,4015,6314292,0.03612903225806452
2023-06-23,4015,4035,3950,3950,741650,-0.016189290161892855
2023-06-26,3950,4045,3820,3925,764511,-0.006329113924050667
2023-06-27,3910,3940,3870,3895,468654,-0.007643312101910826
2023-06-28,3910,3935,3870,3875,425418,-0.005134788189987138
2023-06-29,3875,3930,3840,3840,422159,-0.00903225806451613
2023-06-30,3825,3965,3785,3845,713302,0.0013020833333332593
2023-07-03,3845,3945,3835,3875,427384,0.007802340702210753
2023-07-04,3860,3900,3815,3885,441197,0.002580645161290418
2023-07-05,3855,3925,3820,3830,456795,-0.014157014157014203
2023-07-06,3835,3845,3735,3735,632521,-0.024804177545691863
2023-07-07,3685,3750,3610,3630,657872,-0.028112449799196804
2023-07-10,3600,3625,3500,3515,499766,-0.031680440771349905
2023-07-11,3520,3680,3515,3585,472083,0.019914651493598834
2023-07-12,3585,3670,3585,3670,368858,0.023709902370990132
2023-07-13,3670,3765,3665,3665,398982,-0.0013623978201634523
2023-07-14,3670,3705,3555,3585,507304,-0.021828103683492528
2023-07-17,3900,3915,3640,3640,1211767,0.015341701534170138
2023-07-18,3640,3735,3530,3540,512012,-0.027472527472527486
2023-07-19,3545,3630,3400,3500,644950,-0.011299435028248594
2023-07-20,3465,3730,3465,3600,1124348,0.02857142857142847
2023-07-21,3605,3670,3590,3605,428496,0.001388888888888884
2023-07-24,3580,3605,3385,3390,907792,-0.05963938973647709
2023-07-25,3340,3410,3225,3250,951695,-0.041297935103244865
2023-07-26,3205,3245,2985,3080,1618895,-0.05230769230769228
2023-07-27,3000,3230,3000,3200,766692,0.03896103896103886
2023-07-28,3150,3260,3150,3240,527203,0.012499999999999956
2023-07-31,3210,3285,3160,3255,461665,0.004629629629629539
2023-08-01,3275,3435,3270,3370,955603,0.03533026113671278
2023-08-02,3360,3375,3215,3240,507609,-0.03857566765578635
2023-08-03,3225,3355,3145,3295,545221,0.016975308641975273
2023-08-04,3300,3325,3215,3230,301610,-0.019726858877086473
2023-08-07,3230,3320,3200,3230,426046,0.0
2023-08-08,3205,3250,3075,3120,626143,-0.034055727554179516
2023-08-09,3085,3320,3085,3265,827671,0.04647435897435903
2023-08-10,3220,3295,3195,3270,424399,0.0015313935681469104
2023-08-11,3330,3355,3250,3300,451087,0.00917431192660545
2023-08-14,3300,3325,3200,3220,508465,-0.024242424242424288
2023-08-16,3175,3180,3090,3120,495489,-0.03105590062111796
2023-08-17,3060,3120,3035,3100,441530,-0.0064102564102563875
2023-08-18,3105,3350,2870,3030,2199845,-0.022580645161290325
2023-08-21,3035,3160,3015,3040,535068,0.0033003300330032292
2023-08-22,3040,3070,2940,2940,657729,-0.03289473684210531
2023-08-23,2985,3120,2955,3035,784327,0.03231292517006801
2023-08-24,3040,3095,3015,3060,259729,0.008237232289950658
2023-08-25,3020,3090,3015,3030,295197,-0.009803921568627416
2023-08-28,3035,3130,3030,3080,267869,0.01650165016501659
2023-08-29,3080,3160,3080,3115,290870,0.011363636363636465
2023-08-30,3130,3205,3115,3135,284988,0.006420545746388395
2023-08-31,3150,3205,3050,3060,412137,-0.02392344497607657
2023-09-01,3090,3095,2985,2995,413170,-0.021241830065359513
2023-09-04,3015,3055,2980,2985,237753,-0.0033388981636059967
2023-09-05,2965,3030,2965,2985,272498,0.0
2023-09-06,2980,3140,2970,3085,591069,0.03350083752093802
2023-09-07,3055,3325,3055,3275,2584117,0.06158833063209079
2023-09-08,3275,3600,3225,3325,5370237,0.01526717557251911
2023-09-11,3440,3710,3380,3585,5427925,0.0781954887218046
2023-09-12,3590,3650,3455,3500,2219043,-0.023709902370990243
2023-09-13,3475,3500,3400,3495,732532,-0.0014285714285714457
2023-09-14,3770,3920,3500,3500,4040588,0.0014306151645206988
2023-09-15,3475,3550,3395,3500,1189205,0.0
2023-09-18,3495,3565,3425,3435,787691,-0.018571428571428572
2023-09-19,3405,3460,3320,3335,928177,-0.02911208151382827
2023-09-20,3300,3340,3185,3185,925360,-0.044977511244377766
2023-09-21,3125,3210,3010,3060,898206,-0.039246467817896424
2023-09-22,3000,3080,3000,3020,563950,-0.013071895424836555
2023-09-25,2980,3040,2905,2910,562017,-0.03642384105960261
2023-09-26,2910,2970,2850,2860,557369,-0.01718213058419249
2023-09-27,2800,2920,2800,2905,396213,0.01573426573426584
2023-10-04,2870,2875,2775,2780,581093,-0.04302925989672979
2023-10-05,2780,2845,2755,2760,458939,-0.007194244604316502
2023-10-06,2705,2840,2705,2815,286283,0.019927536231884035
2023-10-10,2815,2865,2705,2710,551895,-0.03730017761989346
2023-10-11,2720,2830,2720,2810,321189,0.03690036900368998
2023-10-12,2815,2890,2815,2860,289294,0.017793594306049876
2023-10-13,2845,2860,2800,2830,232398,-0.010489510489510523
2023-10-16,2830,2830,2735,2755,358230,-0.026501766784452263
2023-10-17,2760,2850,2760,2805,329272,0.01814882032667886
2023-10-18,2800,2820,2715,2715,322972,-0.03208556149732622
2023-10-19,2710,2720,2620,2625,393140,-0.03314917127071826
2023-10-20,2600,2625,2510,2545,517491,-0.030476190476190435
2023-10-23,2510,2625,2510,2550,317296,0.0019646365422396617
2023-10-24,2555,2615,2470,2610,329144,0.0235294117647058
2023-10-25,2610,2640,2535,2550,349995,-0.02298850574712641
2023-10-26,2500,2500,2440,2455,409675,-0.03725490196078429
2023-10-27,2455,2560,2435,2460,486172,0.0020366598778003286
2023-10-30,2430,2620,2430,2540,354435,0.03252032520325199
2023-10-31,2555,2570,2480,2505,262938,-0.013779527559055094
2023-11-01,2500,2545,2485,2500,120844,-0.001996007984031989
2023-11-02,2525,2585,2525,2560,245113,0.02400000000000002
2023-11-03,2570,2595,2530,2595,289826,0.013671875
2023-11-06,2680,2745,2630,2710,548589,0.044315992292870865
2023-11-07,2700,2740,2635,2660,282561,-0.01845018450184499
2023-11-08,2665,2720,2660,2680,178291,0.007518796992481258
2023-11-09,2680,2690,2600,2605,161340,-0.027985074626865725
2023-11-10,2600,2625,2530,2540,262636,-0.0249520153550864
2023-11-13,2595,2630,2480,2490,292481,-0.019685039370078705
2023-11-14,2505,2600,2505,2545,171868,0.02208835341365467
2023-11-15,2575,2640,2575,2630,200631,0.03339882121807469
2023-11-16,2640,2705,2590,2640,205527,0.0038022813688212143
2023-11-17,2640,2640,2570,2590,156821,-0.018939393939393923
2023-11-20,2575,2655,2560,2625,164410,0.013513513513513598
2023-11-21,2625,2675,2615,2670,233629,0.017142857142857126
2023-11-22,2670,2685,2625,2670,179639,0.0
2023-11-23,2670,2725,2650,2690,313916,0.0074906367041198685
2023-11-24,2660,2725,2640,2655,192168,-0.013011152416356864
2023-11-27,2635,2705,2600,2610,259467,-0.016949152542372836
2023-11-28,2615,2660,2585,2605,446701,-0.0019157088122605526
2023-11-29,2610,2620,2575,2585,248788,-0.007677543186180413
2023-11-30,2580,2595,2565,2580,248438,-0.0019342359767892114
2023-12-01,2565,2590,2555,2575,166432,-0.0019379844961240345
2023-12-04,2575,2645,2545,2635,358745,0.023300970873786353
2023-12-05,2625,2670,2580,2595,286423,-0.015180265654648917
2023-12-06,2595,2620,2580,2595,209173,0.0
2023-12-07,2585,2690,2555,2565,371327,-0.011560693641618491
2023-12-08,2610,2665,2570,2665,284626,0.03898635477582846
2023-12-11,2670,2735,2630,2680,432529,0.0056285178236397115
2023-12-12,2690,2745,2660,2715,401858,0.013059701492537323
2023-12-13,2740,2740,2675,2685,292996,-0.011049723756906049
2023-12-14,2710,2925,2705,2805,1773940,0.04469273743016755
2023-12-15,2840,2930,2815,2825,1491482,0.007130124777183555
2023-12-18,2825,2875,2745,2795,1074956,-0.010619469026548645
2023-12-19,2805,2980,2805,2830,1785268,0.012522361359570633
2023-12-20,2910,2970,2845,2890,1054627,0.021201413427561766
2023-12-21,2890,2955,2850,2925,766935,0.01211072664359869
2023-12-22,2920,2950,2880,2910,520551,-0.00512820512820511
2023-12-26,2910,2955,2860,2910,582536,0.0
2023-12-27,2935,3430,2930,3130,12773338,0.07560137457044669
2023-12-28,3150,3175,3075,3090,882566,-0.012779552715655007
2024-01-02,3050,3200,3050,3135,968787,0.014563106796116498
2024-01-03,3150,3225,3130,3175,746288,0.012759170653907415
2024-01-04,3150,3165,3000,3040,874453,-0.04251968503937009
2024-01-05,3030,3085,3025,3040,370401,0.0
2024-01-08,3040,3115,3025,3030,321220,-0.003289473684210509
2024-01-09,3030,3075,3025,3045,266749,0.004950495049504955
2024-01-10,3040,3075,2990,3045,388938,0.0
2024-01-11,3075,3075,2990,3050,364725,0.0016420361247948545
2024-01-12,3040,3040,2965,2980,422060,-0.022950819672131195
2024-01-15,2995,3010,2935,2940,341280,-0.01342281879194629
2024-01-16,2925,3000,2850,2880,545125,-0.020408163265306145
2024-01-17,2895,2920,2780,2845,303032,-0.01215277777777779
2024-01-18,2825,2900,2825,2830,450542,-0.005272407732864637
2024-01-19,2835,2920,2830,2835,380675,0.0017667844522968323
2024-01-22,2865,2920,2835,2840,276259,0.0017636684303350414
2024-01-23,2880,3690,2815,3395,35467005,0.1954225352112675
2024-01-24,3205,3285,3060,3105,5348193,-0.08541973490427102
2024-01-25,3105,3320,3070,3155,8915009,0.016103059581320522
2024-01-26,3130,3425,3065,3260,10968284,0.033280507131537185
2024-01-29,3300,4130,3275,3580,43689199,0.09815950920245409
2024-01-30,3785,3840,3600,3710,10468869,0.036312849162011274
2024-01-31,3715,3835,3555,3565,4176347,-0.03908355795148244
2024-02-01,3505,3585,3405,3410,2212739,-0.04347826086956519
2024-02-02,3375,3760,3375,3685,4848058,0.08064516129032251
2024-02-05,3775,4210,3660,3935,22855321,0.0678426051560379
2024-02-06,3950,4100,3815,4050,7282926,0.029224904701397714
2024-02-07,4050,4200,3980,3995,4280433,-0.013580246913580285
2024-02-08,3995,4030,3915,3925,2531438,-0.017521902377972465
2024-02-13,4185,4190,4010,4050,4269082,0.031847133757961776
2024-02-14,4000,4050,3850,3870,1959832,-0.0444444444444444
2024-02-15,3865,3865,3580,3600,3073499,-0.06976744186046513
2024-02-16,3620,3650,3540,3595,1274021,-0.001388888888888884
2024-02-19,3620,4025,3595,3910,4615046,0.08762169680111276
2024-02-20,3910,4070,3795,3825,2789894,-0.021739130434782594
2024-02-21,4005,4010,3775,3800,2490597,-0.006535947712418277
2024-02-22,3785,3815,3640,3660,1317684,-0.0368421052631579
2024-02-23,3685,3865,3630,3635,1518133,-0.006830601092896127
2024-02-26,3645,3750,3530,3530,1132451,-0.028885832187070193
2024-02-27,3535,3565,3380,3415,1566269,-0.03257790368271951
2024-02-28,3410,3440,3345,3410,1043078,-0.0014641288433382416
2024-02-29,3360,3440,3320,3395,1015619,-0.004398826979472137
2024-03-04,3410,3595,3405,3450,1329319,0.016200294550809957
2024-03-05,3455,3505,3360,3365,972417,-0.024637681159420333
2024-03-06,3350,3420,3320,3370,857172,0.0014858841010401136
2024-03-07,3375,3405,3275,3300,1045393,-0.020771513353115778
2024-03-08,3310,4050,3300,3790,30990340,0.14848484848484844
2024-03-11,3960,3990,3795,3870,7738480,0.02110817941952514
2024-03-12,3880,3895,3785,3795,2694033,-0.019379844961240345
2024-03-13,3820,4330,3410,3900,31590726,0.027667984189723382
2024-03-14,3960,4140,3845,3890,5581034,-0.002564102564102555
2024-03-15,3950,3985,3800,3885,3018168,-0.0012853470437017567
2024-03-18,3930,3995,3780,3825,2270664,-0.015444015444015413
2024-03-19,3815,3905,3770,3870,1446540,0.0117647058823529
2024-03-20,3900,3925,3835,3845,1189859,-0.006459948320413411
2024-03-21,3895,4085,3885,4020,5634586,0.04551365409622887
2024-03-22,3905,3975,3830,3965,2904611,-0.013681592039801016
2024-03-25,4100,4460,4020,4310,18418465,0.08701134930643128
2024-03-26,4410,4600,4045,4140,19025069,-0.03944315545243615
2024-03-27,4180,4185,3970,3970,4555627,-0.04106280193236711
2024-03-28,3950,4545,3895,4415,13496976,0.11209068010075574
2024-03-29,4480,4705,4305,4510,11793909,0.021517553793884536
2024-04-01,4580,4585,4330,4420,3540274,-0.019955654101995512
2024-04-02,4480,4480,4050,4065,4214706,-0.08031674208144801
2024-04-03,4065,4065,3665,3985,2913152,-0.019680196801967975
2024-04-04,3990,4145,3850,3910,1915274,-0.01882057716436636
2024-04-05,3820,3930,3765,3775,1750342,-0.03452685421994883
2024-04-08,3820,4075,3820,3995,2831978,0.05827814569536427
2024-04-09,4130,4150,3830,3830,2260820,-0.041301627033792254
2024-04-11,3860,4070,3755,3755,1295248,-0.019582245430809442
2024-04-12,3760,3880,3690,3815,878621,0.015978695073235683
2024-04-15,3770,3915,3690,3855,1034764,0.010484927916120546
2024-04-16,3830,3895,3745,3775,660376,-0.02075226977950717
2024-04-17,3830,3850,3710,3715,861668,-0.015894039735099286
2024-04-18,3710,3860,3710,3850,625717,0.03633916554508754
2024-04-19,3880,3900,3730,3880,759208,0.007792207792207684
2024-04-22,3920,4100,3900,3940,1405166,0.015463917525773141
2024-04-23,3920,3995,3865,3865,715422,-0.019035532994923887
2024-04-24,3925,3940,3870,3900,632220,0.009055627425614388
2024-04-25,3890,3980,3860,3860,678398,-0.01025641025641022
2024-04-26,3865,3920,3610,3780,1032612,-0.020725388601036232
2024-04-29,3785,3840,3720,3730,491171,-0.013227513227513255
2024-04-30,3730,3795,3715,3730,717878,0.0
2024-05-02,3755,3770,3485,3570,878964,-0.04289544235924936
2024-05-03,3565,3620,3530,3570,613026,0.0
2024-05-07,3590,3660,3545,3550,704110,-0.0056022408963585235
2024-05-08,3510,3560,3400,3535,754681,-0.004225352112676051
2024-05-09,3570,3640,3540,3575,872694,0.011315417256011262
2024-05-10,3575,3625,3460,3475,599427,-0.027972027972028024
2024-05-13,3440,3530,3285,3290,1059977,-0.05323741007194249
2024-05-14,3290,3430,3290,3295,853106,0.001519756838905817
2024-05-16,3335,3600,3080,3140,4395365,-0.047040971168436974
2024-05-17,2200,2375,2200,2200,16367879,-0.2993630573248408
2024-05-20,2230,2370,2230,2290,8879839,0.040909090909091006
2024-05-21,2340,2820,2275,2610,22051042,0.13973799126637565
2024-05-22,2590,2655,2510,2555,3505518,-0.021072796934865856
2024-05-23,2530,2780,2530,2550,4903019,-0.00195694716242667
2024-05-24,2520,2585,2490,2560,1495926,0.0039215686274509665
2024-05-27,2585,2620,2525,2590,1717208,0.01171875
2024-05-28,2625,2860,2565,2685,5345024,0.03667953667953672
2024-05-29,2685,2735,2650,2715,1492641,0.011173184357541999
2024-05-30,2715,2745,2640,2645,1169206,-0.025782688766114226
2024-05-31,2660,2740,2645,2685,1166707,0.01512287334593565
2024-06-03,2665,2680,2595,2610,978189,-0.027932960893854775
2024-06-04,2605,2645,2535,2580,1058896,-0.011494252873563204
2024-06-05,2610,2625,2535,2610,558033,0.011627906976744207
2024-06-07,2630,2630,2570,2585,361880,-0.009578544061302652
2024-06-10,2585,2645,2560,2605,378797,0.007736943907156624
2024-06-11,2585,2620,2570,2605,460272,0.0
2024-06-12,2605,2630,2570,2615,471700,0.0038387715930903177
2024-06-13,2680,2740,2630,2635,1004937,0.007648183556405286
2024-06-14,2640,2730,2580,2585,491382,-0.018975332068311146
2024-06-17,2555,2595,2550,2570,383733,-0.005802707930367523
2024-06-18,2535,2590,2515,2535,357026,-0.013618677042801508
2024-06-19,2510,2535,2480,2510,400823,-0.009861932938856066
2024-06-20,2500,2520,2455,2470,356996,-0.015936254980079667
2024-06-21,2465,2480,2410,2415,272763,-0.022267206477732837
2024-06-24,2410,2470,2390,2410,661125,-0.0020703933747412417
2024-06-25,2405,2505,2405,2445,646702,0.014522821576763434
2024-06-26,2445,2460,2315,2345,979951,-0.04089979550102252
2024-06-27,2300,2360,2300,2325,445063,-0.008528784648187626
2024-06-28,2310,2350,2275,2285,530599,-0.017204301075268824
2024-07-01,2300,2345,2255,2315,349011,0.013129102844638973
2024-07-02,2305,2320,2250,2320,377522,0.002159827213822796
2024-07-03,2585,2970,2380,2800,15233718,0.2068965517241379
2024-07-04,2790,2850,2600,2635,5323102,-0.05892857142857144
2024-07-05,2680,3265,2665,3050,19139781,0.1574952561669829
2024-07-08,3130,3185,2980,3040,4118266,-0.003278688524590123
2024-07-09,3050,3080,2950,3065,2046018,0.008223684210526327
2024-07-10,3185,3230,3035,3040,3013505,-0.00815660685154973
2024-07-11,3040,3070,2925,2940,1361353,-0.03289473684210531
2024-07-12,2785,2925,2740,2820,1275441,-0.04081632653061229
2024-07-15,2820,2895,2755,2765,538051,-0.019503546099290725
2024-07-16,2755,2790,2680,2720,452795,-0.016274864376130238
2024-07-17,2730,2775,2655,2695,570553,-0.009191176470588203
2024-07-18,2630,2710,2615,2655,320030,-0.014842300556586308
2024-07-19,2660,2710,2620,2640,274126,-0.005649717514124242
2024-07-22,2625,2665,2565,2600,318182,-0.015151515151515138
2024-07-23,2640,2680,2600,2605,268053,0.0019230769230769162
2024-07-24,2600,2635,2555,2565,296034,-0.015355086372360827
2024-07-25,2565,2565,2510,2550,233669,-0.005847953216374324
2024-07-26,2550,2665,2530,2530,243394,-0.007843137254901933
2024-07-29,2540,2585,2515,2540,209947,0.0039525691699604515
2024-07-30,2510,2545,2505,2515,189000,-0.009842519685039353
2024-07-31,2470,2525,2470,2520,243344,0.001988071570576455
2024-08-01,2535,2640,2525,2585,456509,0.025793650793650702
2024-08-02,2575,2580,2505,2510,197696,-0.029013539651837505
2024-08-05,2470,2470,2155,2280,783311,-0.0916334661354582
2024-08-06,2280,2405,2280,2360,448594,0.03508771929824572
2024-08-07,2340,2490,2340,2440,198576,0.03389830508474567
2024-08-08,2380,2480,2380,2425,206882,-0.006147540983606592
2024-08-09,2415,2495,2415,2490,329000,0.02680412371134011
2024-08-12,2545,2575,2500,2575,270744,0.034136546184738936
2024-08-13,2555,2590,2500,2580,251309,0.001941747572815622
2024-08-14,2625,2635,2550,2555,215356,-0.009689922480620172
2024-08-16,2575,2635,2545,2605,454219,0.019569471624266255
2024-08-19,2645,2645,2540,2570,228191,-0.013435700575815779
2024-08-20,2595,2650,2575,2640,393003,0.027237354085603016
2024-08-21,2645,2645,2405,2495,711948,-0.05492424242424243
2024-08-22,2495,2510,2430,2445,319480,-0.02004008016032066
2024-08-23,2440,2480,2415,2460,214046,0.006134969325153339
2024-08-26,2450,2465,2400,2400,278222,-0.024390243902439046
2024-08-27,2380,2420,2380,2405,151017,0.002083333333333437
2024-08-28,2405,2430,2365,2380,200927,-0.01039501039501034
2024-08-29,2365,2455,2360,2410,131078,0.012605042016806678
2024-08-30,2390,2535,2390,2525,470092,0.047717842323651505
2024-09-02,2550,2600,2500,2560,256883,0.013861386138613874
2024-09-03,2535,2580,2475,2500,191042,-0.0234375
2024-09-04,2450,2495,2410,2485,148532,-0.006000000000000005
2024-09-05,2490,2525,2430,2435,291282,-0.02012072434607648
2024-09-06,2500,2500,2375,2380,156731,-0.022587268993839782
2024-09-09,2330,2480,2325,2445,181146,0.027310924369747802
2024-09-10,2450,2475,2350,2350,152745,-0.03885480572597133
2024-09-11,2340,2390,2325,2355,169289,0.0021276595744681437
2024-09-12,2355,2445,2355,2400,122169,0.019108280254777066
2024-09-13,2410,2455,2380,2430,118071,0.012499999999999956
2024-09-19,2480,2550,2405,2425,373013,-0.002057613168724326
2024-09-20,2465,2525,2415,2475,291792,0.020618556701030855
2024-09-23,2490,2615,2450,2455,687024,-0.008080808080808133
2024-09-24,2455,2545,2405,2460,278437,0.0020366598778003286
2024-09-25,2495,2495,2430,2440,217866,-0.008130081300813052
2024-09-26,2415,2460,2370,2385,510881,-0.02254098360655743
2024-09-27,2420,2420,2350,2370,226902,-0.0062893081761006275
2024-09-30,2370,2390,2335,2360,392945,-0.00421940928270037
2024-10-02,2335,2355,2315,2335,175857,-0.010593220338983023
2024-10-04,2340,2350,2175,2250,818591,-0.036402569593147804
2024-10-07,2275,2330,2260,2260,225397,0.004444444444444473
2024-10-08,2270,2270,2215,2230,168616,-0.013274336283185861
2024-10-10,2235,2240,2165,2200,531505,-0.013452914798206317
2024-10-11,2010,2130,2010,2070,821969,-0.05909090909090908
2024-10-14,2080,2080,2010,2065,326697,-0.0024154589371980784
2024-10-15,2040,2210,2040,2180,319538,0.0556900726392251
2024-10-16,2160,2170,2090,2100,209942,-0.03669724770642202
2024-10-17,2075,2195,2050,2125,233715,0.011904761904761862
2024-10-18,2125,2315,2025,2275,846030,0.07058823529411762
2024-10-21,2275,2350,2195,2345,504854,0.03076923076923066
2024-10-22,2325,2380,2260,2270,369649,-0.031982942430703654
2024-10-23,2265,2295,2155,2260,180170,-0.004405286343612369
2024-10-24,2225,2235,2160,2165,211309,-0.042035398230088505
2024-10-25,2130,2210,2115,2135,192021,-0.01385681293302543
2024-10-28,2120,2190,2120,2175,209497,0.0187353629976581
2024-10-29,2175,2175,2100,2155,195908,-0.00919540229885063
2024-10-30,2135,2140,2075,2115,148910,-0.018561484918793503
2024-10-31,2120,2150,2075,2120,146898,0.0023640661938533203
2024-11-01,2080,2115,2065,2075,155304,-0.021226415094339646
2024-11-04,2075,2135,2070,2105,133028,0.014457831325301207
2024-11-05,2160,2160,2075,2080,109878,-0.01187648456057011
2024-11-06,2085,2125,2045,2050,199363,-0.014423076923076872
2024-11-07,2040,2070,1999,2025,169289,-0.012195121951219523
2024-11-08,2025,2075,2015,2040,137408,0.007407407407407307
2024-11-11,2030,2060,2005,2010,221561,-0.014705882352941124
2024-11-12,2010,2110,2000,2025,340578,0.00746268656716409
2024-11-13,2005,2050,1986,1998,260071,-0.013333333333333308
2024-11-14,2010,2070,1988,1995,161451,-0.0015015015015015232
2024-11-15,1965,2055,1953,2050,292318,0.027568922305764465
2024-11-18,2050,2565,2030,2345,6407159,0.14390243902439015
2024-11-19,2335,2335,2150,2160,783376,-0.0788912579957356
2024-11-20,2150,2210,2115,2165,340085,0.0023148148148148806
2024-11-21,2140,2210,2125,2160,357669,-0.002309468822170868
2024-11-22,2185,2270,2140,2160,512086,0.0
2024-11-25,2165,2205,2140,2185,335934,0.011574074074074181
2024-11-26,2185,2210,2120,2135,291473,-0.022883295194508046
2024-11-27,2135,2150,2115,2115,183540,-0.00936768149882905
2024-11-28,2100,2135,2060,2100,194026,-0.007092198581560294
2024-11-29,2140,2140,2040,2055,182960,-0.021428571428571463
2024-12-02,2050,2070,2010,2025,191067,-0.014598540145985384
2024-12-03,2015,2080,2015,2080,105737,0.02716049382716057
2024-12-04,2000,2070,2000,2015,254867,-0.03125
2024-12-05,2015,2040,1990,1995,335040,-0.00992555831265507
2024-12-06,1995,2005,1933,1976,514480,-0.00952380952380949
2024-12-09,1976,1979,1935,1935,363116,-0.020748987854251055
2024-12-10,1929,2015,1929,1982,203660,0.02428940568475446
2024-12-11,1984,2100,1984,2035,220408,0.026740665993945534
2024-12-12,2035,2070,1990,2030,214911,-0.002457002457002422
2024-12-13,2020,2100,1990,2100,215787,0.034482758620689724
2024-12-16,2100,2160,2080,2120,319720,0.00952380952380949
2024-12-17,2125,2130,2070,2075,94650,-0.021226415094339646
2024-12-18,2075,2090,2045,2085,126237,0.004819277108433662
2024-12-19,2040,2075,2030,2040,127299,-0.021582733812949617
2024-12-20,2040,2065,2000,2005,181134,-0.01715686274509809
2024-12-23,2000,2025,1980,1980,215236,-0.012468827930174564
2024-12-24,1980,2025,1966,1971,165182,-0.004545454545454519
2024-12-26,1980,2025,1960,1981,172084,0.005073566717402445
2024-12-27,1962,2060,1960,2000,263196,0.009591115598182709
2024-12-30,1999,2100,1995,2095,253273,0.0475000000000001
2025-01-02,2095,2145,2080,2115,209965,0.009546539379474916
2025-01-03,2115,2300,2105,2265,546181,0.07092198581560294
2025-01-06,2265,2365,2250,2340,371125,0.0331125827814569
2025-01-07,2340,2435,2340,2410,464086,0.029914529914529808
2025-01-08,2410,2495,2345,2430,322363,0.008298755186721962
2025-01-09,2430,2465,2390,2395,153416,-0.014403292181069949
2025-01-10,2395,2445,2375,2400,130716,0.0020876826722338038
2025-01-13,2385,2440,2280,2330,318254,-0.029166666666666674
2025-01-14,2325,2370,2295,2315,429190,-0.006437768240343367
2025-01-15,2585,2660,2205,2260,2469505,-0.023758099352051865
2025-01-16,2265,2365,2255,2340,466297,0.03539823008849563
2025-01-17,2340,2340,2265,2295,398416,-0.019230769230769273
2025-01-20,2295,2310,2265,2285,150424,-0.004357298474945481
2025-01-21,2320,2400,2265,2360,226890,0.03282275711159732
2025-01-22,2330,2380,2300,2305,167000,-0.02330508474576276
2025-01-23,2290,2350,2285,2330,165536,0.010845986984815648
2025-01-24,2330,2330,2255,2320,222727,-0.0042918454935622075
2025-01-31,2300,2380,2280,2335,174155,0.006465517241379226
2025-02-03,2335,2350,2240,2275,246218,-0.025695931477516032
2025-02-04,2250,2335,2250,2320,143901,0.01978021978021971
2025-02-05,2335,2335,2280,2285,140960,-0.015086206896551713
2025-02-06,2290,2290,2215,2220,159018,-0.02844638949671774
2025-02-07,2235,2300,2210,2260,116394,0.018018018018018056
2025-02-10,2260,2270,2110,2235,158180,-0.011061946902654829
2025-02-11,2220,2260,2210,2250,132624,0.006711409395973256
2025-02-12,2250,2285,2210,2215,132360,-0.015555555555555545
2025-02-13,2210,2230,2170,2185,176782,-0.013544018058690765
2025-02-14,2185,2395,2165,2295,569417,0.05034324942791768
2025-02-17,2305,2380,2285,2365,661956,0.030501089324618702
2025-02-18,2365,2475,2285,2440,799390,0.031712473572938604
2025-02-19,2455,2480,2360,2440,472273,0.0
2025-02-20,2400,2490,2325,2380,383203,-0.024590163934426257
2025-02-21,2380,2520,2365,2385,463502,0.0021008403361344463
2025-02-24,2385,2495,2360,2455,464709,0.029350104821803003
2025-02-25,2430,2465,2385,2405,252523,-0.020366598778004064
2025-02-26,2405,2435,2335,2335,226200,-0.029106029106029108
2025-02-27,2350,2575,2350,2440,1662455,0.044967880085653
2025-02-28,2440,2460,2350,2375,324644,-0.026639344262295084
2025-03-04,2390,2400,2215,2325,267170,-0.021052631578947323
2025-03-05,2335,2365,2290,2320,141200,-0.0021505376344086446
2025-03-06,2300,2380,2255,2275,355845,-0.0193965517241379
2025-03-07,2245,2320,2240,2320,217966,0.01978021978021971
2025-03-10,2375,2375,1910,2195,633876,-0.053879310344827624
2025-03-11,2190,2280,2150,2210,230889,0.006833712984054774
2025-03-12,2270,2365,2210,2310,468582,0.045248868778280604
2025-03-13,2345,2360,2190,2190,427808,-0.051948051948051965
2025-03-14,2240,2265,2105,2170,385670,-0.0091324200913242
2025-03-17,2190,2325,2190,2255,472820,0.03917050691244239
2025-03-18,2290,2305,2240,2265,216929,0.0044345898004434225
2025-03-19,2270,2300,2120,2175,518346,-0.039735099337748325
2025-03-20,2175,2245,2040,2040,927726,-0.06206896551724139
2025-03-21,1470,1849,1461,1740,3324467,-0.1470588235294118
2025-03-24,1760,1930,1760,1872,1665672,0.07586206896551717
2025-03-25,1916,1951,1810,1817,780097,-0.029380341880341887
2025-03-26,1810,1829,1785,1816,226538,-0.0005503577325260967
2025-03-27,1813,1863,1798,1832,441645,0.008810572687224738
2025-03-28,1840,1879,1780,1781,281491,-0.027838427947598277
2025-03-31,1760,1778,1666,1698,496111,-0.046603032004491896
2025-04-01,1730,1774,1728,1732,172036,0.020023557126030544
2025-04-02,1778,1778,1669,1689,154981,-0.024826789838337193
2025-04-03,1680,1704,1652,1680,156206,-0.005328596802841923
2025-04-04,1631,1727,1631,1695,188059,0.008928571428571397
2025-04-07,1650,1660,1599,1611,233201,-0.04955752212389386
2025-04-08,1615,1656,1603,1610,165445,-0.0006207324643079382
2025-04-09,1594,1599,1458,1516,454298,-0.05838509316770191
2025-04-10,1585,1599,1553,1598,215903,0.05408970976253302
2025-04-11,1590,1595,1548,1585,161424,-0.008135168961201478
2025-04-14,1575,1615,1556,1594,194708,0.005678233438485725
2025-04-15,1594,1654,1571,1639,191666,0.02823086574654954
2025-04-16,1640,1646,1625,1632,134249,-0.004270896888346587
2025-04-17,1632,1720,1632,1653,114616,0.012867647058823595
2025-04-18,1653,1670,1613,1642,135240,-0.006654567453115545
2025-04-21,1640,1640,1590,1606,182855,-0.02192448233861144
2025-04-22,1600,1622,1590,1609,92646,0.0018679950186799577
2025-04-23,1610,1660,1610,1657,139265,0.029832193909260507
2025-04-24,1657,1674,1623,1642,110730,-0.00905250452625228
2025-04-25,1642,1670,1639,1651,140294,0.005481120584652777
2025-04-28,1651,1682,1643,1650,140106,-0.0006056935190793533
2025-04-29,1650,1685,1650,1657,96629,0.004242424242424159
2025-04-30,1657,1688,1636,1639,105306,-0.010863005431502759
2025-05-02,1642,1686,1629,1670,141840,0.018913971934106266
2025-05-07,1662,1696,1646,1683,104158,0.007784431137724646
2025-05-08,1683,1694,1665,1678,127914,-0.0029708853238265
2025-05-09,1678,1681,1654,1681,147296,0.0017878426698449967
2025-05-12,1681,1684,1616,1631,260909,-0.02974419988102317
2025-05-13,1633,1650,1615,1618,192479,-0.00797057020232983
2025-05-14,1631,1637,1609,1618,145552,0.0
2025-05-15,1618,1640,1603,1620,105981,0.0012360939431397266
2025-05-16,1620,1637,1598,1605,170340,-0.0092592592592593
2025-05-19,1590,1605,1560,1567,144911,-0.023676012461059215
2025-05-20,1567,1605,1551,1551,131602,-0.0102105934907466
2025-05-21,1540,1575,1530,1552,70427,0.0006447453255964408
2025-05-22,1550,1585,1544,1553,189408,0.0006443298969072142
2025-05-23,1553,1560,1530,1531,119329,-0.014166130070830674
2025-05-26,1531,1558,1528,1533,141633,0.001306335728282093
2025-05-27,1533,1546,1514,1532,149810,-0.000652315720808927
2025-05-28,1532,1588,1532,1553,218930,0.013707571801566676
2025-05-29,1553,1588,1553,1581,166277,0.01802962009014819
2025-05-30,1580,1597,1545,1570,107883,-0.006957621758380772
2025-06-02,1580,1580,1546,1555,122252,-0.009554140127388533
2025-06-04,1554,1573,1538,1542,138277,-0.00836012861736335
2025-06-05,1570,1580,1545,1562,116828,0.012970168612191912
2025-06-09,1570,1570,1542,1566,147151,0.00256081946222797
2025-06-10,1566,1614,1556,1603,233829,0.023627075351213334
2025-06-11,1633,1633,1580,1617,162497,0.008733624454148492
2025-06-12,1617,1666,1590,1650,206379,0.020408163265306145
2025-06-13,1650,1668,1597,1625,196653,-0.015151515151515138
2025-06-16,1625,1625,1575,1576,238965,-0.030153846153846198
2025-06-17,1570,1591,1545,1570,91181,-0.0038071065989847552
2025-06-18,1570,1570,1539,1544,199594,-0.016560509554140124
2025-06-19,1544,1663,1480,1600,865670,0.03626943005181338
2025-06-20,1600,1622,1578,1605,505027,0.0031250000000000444
2025-06-23,1605,1610,1557,1562,271932,-0.026791277258567003
2025-06-24,1555,1576,1500,1501,583009,-0.03905249679897571
2025-06-25,1502,1516,1488,1494,463109,-0.004663557628247883
2025-06-26,1497,1497,1465,1495,272037,0.0006693440428380271
2025-06-27,1495,1499,1476,1487,181234,-0.005351170568561825
2025-06-30,1473,1498,1470,1475,263058,-0.00806993947545398
2025-07-01,1471,1510,1471,1472,266838,-0.0020338983050847137
2025-07-02,1474,1489,1462,1475,138069,0.0020380434782609758
2025-07-03,1499,1499,1473,1474,141782,-0.0006779661016949046
2025-07-04,1475,1489,1462,1462,173632,-0.008141112618724522
2025-07-07,1462,1476,1435,1444,147331,-0.012311901504788003
2025-07-08,1450,1453,1423,1423,260128,-0.01454293628808867
2025-07-09,1423,1440,1420,1427,144822,0.0028109627547434624
2025-07-10,1421,1458,1421,1458,140030,0.021723896285914535
2025-07-11,1457,1490,1456,1460,302234,0.00137174211248281
2025-07-14,1488,1495,1461,1475,181626,0.010273972602739656
2025-07-15,1495,1495,1462,1474,108815,-0.0006779661016949046
2025-07-16,1474,1480,1447,1473,85324,-0.0006784260515604323
2025-07-17,1480,1515,1462,1506,290001,0.022403258655804503
2025-07-18,1506,1506,1468,1496,154123,-0.006640106241699861
2025-07-21,1496,1496,1440,1447,197925,-0.03275401069518713
2025-07-22,1447,1475,1436,1444,118695,-0.0020732550103662595
2025-07-23,1450,1474,1431,1453,95579,0.006232686980609525
2025-07-24,1453,1459,1430,1432,139597,-0.014452856159669625
2025-07-25,1469,1469,1429,1430,70637,-0.0013966480446927498
2025-07-28,1430,1446,1390,1408,262350,-0.01538461538461533
2025-07-29,1408,1408,1378,1389,189875,-0.013494318181818232
2025-07-30,1370,1404,1366,1389,195115,0.0
2025-07-31,1389,1399,1369,1380,129220,-0.006479481641468721
2025-08-01,1378,1378,1337,1344,193291,-0.02608695652173909
2025-08-04,1317,1350,1317,1350,137135,0.0044642857142858094
2025-08-05,1350,1367,1349,1362,63564,0.008888888888888946
2025-08-06,1400,1400,1343,1355,55009,-0.0051395007342144305
2025-08-07,1341,1358,1316,1316,131592,-0.028782287822878283
2025-08-08,1316,1330,1292,1297,359016,-0.014437689969604817
2025-08-11,1283,1310,1220,1286,309264,-0.008481110254433322
2025-08-12,1286,1345,1285,1318,177791,0.02488335925349916
2025-08-13,1345,1391,1316,1365,251380,0.03566009104704104
2025-08-14,1359,1425,1359,1378,174613,0.00952380952380949
2025-08-18,1378,1378,1304,1309,280514,-0.0500725689404935
2025-08-19,1311,1311,1283,1285,132600,-0.018334606569900713
2025-08-20,1273,1315,1220,1293,201763,0.006225680933852118
2025-08-21,1293,1325,1281,1285,87026,-0.006187161639597871
2025-08-22,1285,1296,1240,1256,194797,-0.02256809338521404
2025-08-25,1257,1320,1246,1249,132442,-0.005573248407643283
2025-08-26,1250,1258,1230,1244,63542,-0.004003202562049668
2025-08-27,1244,1251,1221,1249,128212,0.004019292604501512
2025-08-28,1240,1267,1221,1258,75061,0.007205764611689425
2025-08-29,1268,1278,1245,1246,79950,-0.009538950715421324
2025-09-01,1236,1300,1225,1246,197183,0.0
2025-09-02,1240,1288,1230,1287,101238,0.0329052969502408
2025-09-03,1273,1305,1273,1297,101359,0.007770007770007803
2025-09-04,1297,1328,1287,1311,97362,0.010794140323824308
2025-09-05,1312,1415,1300,1354,439997,0.03279938977879482
2025-09-08,1400,1400,1310,1316,293750,-0.028064992614475592
2025-09-09,1316,1326,1298,1309,116644,-0.005319148936170248
2025-09-10,1310,1319,1297,1310,103073,0.0007639419404126269
2025-09-11,1320,1324,1303,1319,93863,0.006870229007633677
2025-09-12,1319,1329,1306,1322,88090,0.0022744503411675776
2025-09-15,1322,1358,1317,1353,129621,0.02344931921331317
2025-09-16,1370,1383,1350,1360,235100,0.005173688100517326
2025-09-17,1360,1370,1340,1364,69086,0.002941176470588225
2025-09-18,1364,1391,1350,1365,153008,0.0007331378299120228
2025-09-19,1370,1391,1335,1376,449295,0.00805860805860803
2025-09-22,1376,1390,1338,1367,160405,-0.006540697674418561
2025-09-23,1367,1367,1300,1342,178418,-0.018288222384784225
2025-09-24,1321,1349,1294,1314,196193,-0.02086438152011927
2025-09-25,1297,1353,1292,1343,271018,0.022070015220700068
2025-09-26,1342,1388,1307,1355,945805,0.008935219657483229
2025-09-29,1354,1388,1337,1380,342811,0.01845018450184499
2025-09-30,1380,1386,1343,1352,488712,-0.020289855072463725
2025-10-01,1352,1388,1326,1342,288926,-0.007396449704141994
2025-10-02,1343,1377,1337,1369,443826,0.020119225037257715
