Date,Open,High,Low,Close,Volume,Change
2022-01-03,1250,1290,1250,1290,3028,0.0705394190871369
2022-01-04,1290,1345,1290,1340,60998,0.03875968992248069
2022-01-05,1400,1400,1380,1380,2,0.029850746268656803
2022-01-06,1400,1450,1400,1450,30,0.050724637681159424
2022-01-07,1300,1445,1235,1400,125152,-0.03448275862068961
2022-01-10,1300,1440,1300,1310,1093,-0.06428571428571428
2022-01-11,1300,1400,1210,1255,110,-0.041984732824427495
2022-01-12,1400,1425,1265,1350,5994,0.07569721115537842
2022-01-13,1430,1430,1350,1365,2775,0.011111111111111072
2022-01-14,1495,1495,1305,1440,1020,0.05494505494505497
2022-01-17,1430,1430,1315,1315,15004,-0.08680555555555558
2022-01-18,1470,1470,1410,1410,22,0.07224334600760463
2022-01-19,1500,1590,1400,1400,24,-0.007092198581560294
2022-01-20,1400,1560,1400,1440,45,0.02857142857142847
2022-01-21,1310,1425,1310,1380,40,-0.04166666666666663
2022-01-24,1495,1495,1440,1440,35,0.04347826086956519
2022-01-25,1485,1485,1305,1305,131,-0.09375
2022-01-26,1300,1480,1300,1330,4,0.019157088122605304
2022-01-27,1440,1440,1390,1390,8,0.04511278195488733
2022-01-28,1300,1445,1220,1380,2473,-0.007194244604316502
2022-02-03,1380,1380,1260,1260,348,-0.08695652173913049
2022-02-04,1375,1375,1285,1345,165,0.06746031746031744
2022-02-07,1400,1500,1210,1230,7103,-0.08550185873605953
2022-02-08,1230,1360,1205,1205,1020,-0.020325203252032575
2022-02-09,1360,1360,1200,1265,8,0.049792531120331995
2022-02-10,1390,1390,1200,1240,118,-0.01976284584980237
2022-02-11,1395,1395,1200,1285,13,0.03629032258064524
2022-02-14,1400,1400,1205,1315,19,0.023346303501945442
2022-02-15,1400,1400,1200,1270,199,-0.034220532319391594
2022-02-16,1200,1380,1135,1265,2679,-0.003937007874015741
2022-02-17,1280,1280,1155,1175,2423,-0.07114624505928857
2022-02-18,1290,1290,1120,1120,6,-0.04680851063829783
2022-02-21,1270,1270,1115,1230,140,0.09821428571428581
2022-02-22,1315,1315,1110,1240,21,0.008130081300812941
2022-02-23,1300,1300,1110,1225,11,-0.012096774193548376
2022-02-24,1270,1270,1050,1165,3556,-0.048979591836734726
2022-02-25,1200,1270,1020,1190,5022,0.02145922746781115
2022-02-28,1110,1230,1110,1180,607,-0.008403361344537785
2022-03-02,1300,1300,1100,1145,1369,-0.029661016949152574
2022-03-03,1270,1270,1230,1235,59,0.0786026200873362
2022-03-04,1245,1245,1235,1235,420,0.0
2022-03-07,1285,1285,1245,1245,2,0.00809716599190291
2022-03-08,1300,1300,1240,1255,250,0.008032128514056325
2022-03-10,1305,1340,1200,1200,281,-0.043824701195219085
2022-03-11,1200,1295,1200,1275,245,0.0625
2022-03-14,1280,1285,1280,1285,40,0.007843137254901933
2022-03-15,1295,1340,1285,1295,209,0.0077821011673151474
2022-03-16,1300,1300,1205,1280,74,-0.01158301158301156
2022-03-17,1205,1295,1205,1255,246,-0.01953125
2022-03-18,1300,1435,1250,1300,3368,0.03585657370517925
2022-03-21,1400,1400,1360,1360,30,0.04615384615384621
2022-03-22,1380,1500,1305,1305,221,-0.0404411764705882
2022-03-23,1400,1400,1300,1370,80,0.04980842911877392
2022-03-24,1400,1510,1395,1400,245,0.021897810218978186
2022-03-25,1495,1495,1215,1445,872,0.03214285714285725
2022-03-28,1305,1445,1300,1435,236,-0.00692041522491349
2022-03-29,1500,1500,1300,1435,136,0.0
2022-03-30,1500,1500,1235,1440,577,0.0034843205574912606
2022-03-31,1325,1420,1325,1410,115,-0.02083333333333337
2022-04-01,1500,1500,1310,1390,331,-0.014184397163120588
2022-04-04,1445,1445,1305,1305,312,-0.0611510791366906
2022-04-05,1485,1485,1310,1310,11,0.003831417624521105
2022-04-06,1310,1315,1310,1315,160,0.003816793893129722
2022-04-07,1440,1440,1310,1310,16640,-0.0038022813688213253
2022-04-08,1320,1330,1320,1330,90,0.01526717557251911
2022-04-11,1340,1340,1330,1330,101,0.0
2022-04-12,1305,1305,1305,1305,96,-0.018796992481203034
2022-04-13,1300,1395,1300,1395,1379,0.06896551724137923
2022-04-14,1395,1395,1395,1395,301,0.0
2022-04-15,1395,1400,1270,1360,3848,-0.02508960573476704
2022-04-18,1325,1340,1325,1330,413,-0.022058823529411797
2022-04-19,1395,1395,1310,1310,12,-0.015037593984962405
2022-04-20,1310,1310,1310,1310,0,0.0
2022-04-21,1310,1310,1310,1310,1000,0.0
2022-04-22,1210,1395,1210,1300,626,-0.007633587786259555
2022-04-25,1300,1395,1290,1290,1703,-0.007692307692307665
2022-04-26,1455,1455,1140,1320,10877,0.023255813953488413
2022-04-27,1320,1320,1320,1320,752,0.0
2022-04-28,1320,1320,1320,1320,0,0.0
2022-04-29,1220,1220,1220,1220,1,-0.0757575757575758
2022-05-02,1395,1395,1395,1395,1,0.14344262295081966
2022-05-03,1260,1260,1260,1260,1,-0.09677419354838712
2022-05-04,1400,1400,1255,1255,7,-0.003968253968253954
2022-05-06,1400,1400,1215,1215,2,-0.031872509960159334
2022-05-09,1390,1390,1210,1210,6,-0.004115226337448541
2022-05-10,1390,1390,1350,1350,3,0.11570247933884303
2022-05-11,1345,1345,1205,1205,105,-0.1074074074074074
2022-05-12,1375,1375,1200,1200,2,-0.004149377593360981
2022-05-13,1105,1105,1105,1105,11,-0.07916666666666672
2022-05-16,1270,1270,1270,1270,1,0.1493212669683257
2022-05-17,1300,1300,1295,1300,49,0.023622047244094446
2022-05-18,1305,1305,1205,1205,52,-0.07307692307692304
2022-05-19,1375,1375,1370,1370,6,0.13692946058091282
2022-05-20,1215,1355,1215,1355,2,-0.010948905109489093
2022-05-23,1220,1335,1220,1220,13,-0.09963099630996308
2022-05-24,1325,1325,1230,1230,302,0.008196721311475308
2022-05-25,1315,1315,1220,1305,96,0.060975609756097615
2022-05-26,1215,1305,1215,1255,25,-0.03831417624521072
2022-05-27,1300,1300,1105,1255,2823,0.0
2022-05-30,1435,1435,1295,1400,200,0.11553784860557759
2022-05-31,1230,1375,1230,1375,11,-0.017857142857142905
2022-06-02,1210,1300,1210,1300,11,-0.054545454545454564
2022-06-03,1300,1300,1270,1270,1003,-0.023076923076923106
2022-06-07,1200,1200,1200,1200,4,-0.055118110236220486
2022-06-08,1200,1200,1200,1200,1,0.0
2022-06-09,1300,1300,1250,1250,5,0.04166666666666674
2022-06-10,1300,1300,1285,1285,3300,0.028000000000000025
2022-06-13,1295,1295,1200,1200,11,-0.06614785992217898
2022-06-14,1365,1365,1250,1250,6,0.04166666666666674
2022-06-15,1300,1300,1300,1300,11,0.040000000000000036
2022-06-16,1110,1110,1110,1110,11,-0.1461538461538462
2022-06-17,1200,1270,1200,1200,969,0.08108108108108114
2022-06-20,1100,1100,1100,1100,11,-0.08333333333333337
2022-06-21,952,1260,952,1000,315,-0.09090909090909094
2022-06-22,1145,1150,1125,1150,1334,0.1499999999999999
2022-06-23,1300,1300,1100,1100,2,-0.04347826086956519
2022-06-24,1260,1260,1200,1255,532,0.14090909090909087
2022-06-27,1250,1250,1200,1200,2,-0.043824701195219085
2022-06-28,1250,1250,1200,1250,102,0.04166666666666674
2022-06-29,1250,1250,1250,1250,0,0.0
2022-06-30,1250,1300,1200,1200,21,-0.040000000000000036
2022-07-01,1200,1200,1200,1200,0,0.0
2022-07-04,1200,1200,1200,1200,2,0.0
2022-07-05,1200,1200,1065,1065,32,-0.11250000000000004
2022-07-06,1200,1220,1100,1220,2127,0.1455399061032865
2022-07-07,1280,1280,1200,1200,122,-0.016393442622950838
2022-07-08,1200,1300,1200,1295,18001,0.07916666666666661
2022-07-11,1200,1295,1200,1295,10,0.0
2022-07-12,1250,1250,1250,1250,0,-0.03474903474903479
2022-07-13,1200,1200,1100,1100,11,-0.12
2022-07-14,1260,1260,1200,1260,106,0.1454545454545455
2022-07-15,1400,1400,1215,1215,15002,-0.0357142857142857
2022-07-18,1290,1290,1290,1290,1,0.06172839506172845
2022-07-19,1250,1300,1250,1300,24,0.007751937984496138
2022-07-20,1370,1370,1200,1200,11,-0.07692307692307687
2022-07-21,1300,1300,1300,1300,80,0.08333333333333326
2022-07-22,1235,1235,1230,1230,7,-0.05384615384615388
2022-07-25,1230,1230,1230,1230,1,0.0
2022-07-26,1200,1200,1200,1200,2,-0.024390243902439046
2022-07-27,1210,1210,1210,1210,0,0.008333333333333304
2022-07-28,1300,1300,1300,1300,1,0.07438016528925617
2022-07-29,1295,1300,1135,1135,52,-0.12692307692307692
2022-08-01,1295,1295,1200,1200,2,0.05726872246696035
2022-08-02,1300,1300,1200,1300,1564,0.08333333333333326
2022-08-03,1495,1495,1135,1445,711,0.11153846153846159
2022-08-04,1295,1300,1240,1240,16,-0.1418685121107266
2022-08-05,1400,1400,1220,1220,2,-0.016129032258064502
2022-08-08,1320,1320,1200,1200,2,-0.016393442622950838
2022-08-09,1375,1375,1220,1225,3,0.02083333333333326
2022-08-10,1225,1400,1225,1300,122,0.061224489795918435
2022-08-11,1300,1400,1210,1220,1548,-0.06153846153846154
2022-08-12,1215,1400,1200,1200,102,-0.016393442622950838
2022-08-16,1345,1345,1210,1340,5,0.1166666666666667
2022-08-17,1215,1215,1215,1215,500,-0.09328358208955223
2022-08-18,1215,1215,1215,1215,0,0.0
2022-08-19,1215,1215,1215,1215,0,0.0
2022-08-22,1210,1210,1210,1210,1000,-0.004115226337448541
2022-08-23,1210,1210,1210,1210,1000,0.0
2022-08-24,1205,1205,1205,1205,400,-0.004132231404958664
2022-08-25,1205,1205,1205,1205,798,0.0
2022-08-26,1205,1205,1205,1205,1000,0.0
2022-08-29,1200,1300,1115,1300,12,0.07883817427385886
2022-08-30,1110,1300,1110,1300,6,0.0
2022-08-31,1105,1300,1105,1200,1586,-0.07692307692307687
2022-09-01,1105,1250,1105,1110,457,-0.07499999999999996
2022-09-02,1100,1250,1100,1250,11,0.12612612612612617
2022-09-05,1105,1270,1105,1270,150,0.016000000000000014
2022-09-06,1270,1270,1105,1105,4,-0.12992125984251968
2022-09-07,1110,1110,1110,1110,0,0.004524886877828038
2022-09-08,1270,1270,1250,1270,955,0.14414414414414423
2022-09-13,1290,1395,1290,1395,3916,0.09842519685039375
2022-09-14,1395,1580,1395,1475,5591,0.057347670250896154
2022-09-15,1475,1475,1455,1455,750,-0.013559322033898313
2022-09-16,1455,1455,1450,1450,640,-0.0034364261168384758
2022-09-19,1500,1500,1450,1450,130,0.0
2022-09-20,1450,1450,1405,1450,185,0.0
2022-09-21,1400,1440,1335,1335,1109,-0.07931034482758625
2022-09-22,1440,1440,1310,1405,23,0.05243445692883886
2022-09-23,1430,1430,1430,1430,2,0.017793594306049876
2022-09-26,1430,1490,1300,1425,2164,-0.0034965034965035446
2022-09-27,1440,1440,1420,1420,552,-0.0035087719298245723
2022-09-28,1420,1445,1300,1395,438,-0.017605633802816878
2022-09-29,1395,1400,1310,1395,429,0.0
2022-09-30,1420,1420,1305,1305,3,-0.06451612903225812
2022-10-04,1410,1410,1200,1250,17533,-0.04214559386973182
2022-10-05,1370,1385,1370,1385,1714,0.1080000000000001
2022-10-06,1400,1400,1385,1385,2,0.0
2022-10-07,1390,1390,1385,1390,107,0.0036101083032491488
2022-10-11,1380,1380,1380,1380,0,-0.007194244604316502
2022-10-12,1220,1375,1200,1375,2003,-0.0036231884057971175
2022-10-13,1360,1360,1360,1360,3035,-0.010909090909090868
2022-10-14,1370,1370,1300,1365,9,0.003676470588235281
2022-10-17,1365,1365,1365,1365,11,0.0
2022-10-18,1360,1360,1235,1235,120,-0.09523809523809523
2022-10-19,1200,1300,1200,1300,2955,0.05263157894736836
2022-10-20,1295,1295,1295,1295,2,-0.0038461538461538325
2022-10-21,1300,1395,1220,1220,23,-0.05791505791505791
2022-10-24,1295,1310,1295,1305,375,0.069672131147541
2022-10-25,1300,1470,1300,1400,314,0.07279693486590033
2022-10-26,1470,1470,1405,1405,132,0.0035714285714285587
2022-10-27,1470,1470,1430,1430,3,0.017793594306049876
2022-10-28,1420,1420,1420,1420,172,-0.006993006993006978
2022-10-31,1470,1470,1220,1395,133,-0.017605633802816878
2022-11-01,1215,1375,1200,1370,2263,-0.017921146953404965
2022-11-02,1395,1395,1370,1370,3,0.0
2022-11-03,1250,1395,1250,1345,1335,-0.018248175182481785
2022-11-04,1200,1365,1200,1200,603,-0.10780669144981414
2022-11-07,1245,1380,1245,1380,347,0.1499999999999999
2022-11-08,1400,1485,1400,1435,1117,0.03985507246376807
2022-11-09,1235,1430,1220,1430,12490,-0.0034843205574912606
2022-11-10,1500,1600,1300,1300,23,-0.09090909090909094
2022-11-11,1300,1465,1300,1395,110,0.07307692307692304
2022-11-14,1400,1400,1395,1395,4,0.0
2022-11-15,1385,1385,1385,1385,2,-0.007168458781361964
2022-11-16,1345,1345,1345,1345,0,-0.028880866425992746
2022-11-17,1400,1400,1395,1395,2,0.037174721189590976
2022-11-18,1250,1370,1190,1190,4018,-0.1469534050179212
2022-11-21,1300,1325,1290,1325,15,0.11344537815126055
2022-11-22,1400,1400,1200,1200,102,-0.09433962264150941
2022-11-23,1300,1300,1240,1240,204,0.03333333333333344
2022-11-24,1325,1325,1055,1305,18,0.05241935483870974
2022-11-25,1400,1400,1205,1325,616,0.015325670498084198
2022-11-28,1380,1380,1220,1375,1010,0.037735849056603765
2022-11-29,1395,1395,1210,1345,1984,-0.021818181818181848
2022-11-30,1395,1395,1205,1375,5,0.02230483271375472
2022-12-01,1385,1385,1385,1385,1,0.0072727272727273196
2022-12-02,1295,1295,1290,1290,2,-0.06859205776173283
2022-12-05,1400,1400,1295,1295,4,0.003875968992248069
2022-12-06,1375,1375,1375,1375,1,0.061776061776061875
2022-12-07,1385,1385,1320,1320,157,-0.040000000000000036
2022-12-08,1375,1375,1215,1215,2,-0.07954545454545459
2022-12-09,1375,1375,1375,1375,1,0.13168724279835398
2022-12-12,1400,1400,1300,1380,63,0.0036363636363636598
2022-12-13,1285,1285,1285,1285,0,-0.0688405797101449
2022-12-14,1275,1275,1270,1270,19,-0.011673151750972721
2022-12-15,1265,1265,1265,1265,0,-0.003937007874015741
2022-12-16,1385,1385,1310,1380,12,0.09090909090909083
2022-12-19,1385,1385,1375,1380,8,0.0
2022-12-20,1370,1370,1200,1200,19,-0.13043478260869568
2022-12-21,1370,1370,1020,1100,7108,-0.08333333333333337
2022-12-22,1200,1250,1100,1185,1067,0.07727272727272738
2022-12-23,1015,1200,1015,1200,4646,0.012658227848101333
2022-12-26,1200,1240,1200,1240,12,0.03333333333333344
2022-12-27,1240,1240,1235,1235,4,-0.0040322580645161255
2022-12-28,1290,1290,1250,1250,3,0.012145748987854255
2022-12-29,1300,1300,1075,1235,48,-0.01200000000000001
2023-01-02,1235,1235,1100,1235,23,0.0
2023-01-03,1290,1290,1290,1290,1,0.044534412955465674
2023-01-04,1100,1285,1100,1285,1013,-0.003875968992248069
2023-01-05,1275,1295,1275,1290,1250,0.0038910505836575737
2023-01-06,1100,1300,1100,1280,139,-0.007751937984496138
2023-01-09,1295,1295,1100,1255,384,-0.01953125
2023-01-10,1265,1270,1100,1225,789,-0.0239043824701195
2023-01-11,1100,1140,1055,1070,6712,-0.12653061224489792
2023-01-12,1185,1185,1010,1015,1017,-0.051401869158878455
2023-01-13,1160,1160,1005,1150,2002,0.13300492610837433
2023-01-16,1200,1200,1140,1195,1526,0.03913043478260869
2023-01-17,1025,1150,1025,1150,5001,-0.03765690376569042
2023-01-18,1020,1145,1020,1140,2007,-0.008695652173912993
2023-01-19,1100,1100,1035,1035,3043,-0.09210526315789469
2023-01-20,1000,1100,951,1090,7325,0.0531400966183575
2023-01-25,1095,1242,1095,1232,57,0.13027522935779823
2023-01-26,1231,1231,1048,1048,2166,-0.14935064935064934
2023-01-27,1200,1200,954,1193,7195,0.13835877862595414
2023-01-30,1190,1190,1185,1185,21,-0.0067057837384744134
2023-01-31,1145,1145,1011,1142,15,-0.036286919831223674
2023-02-01,1060,1060,1000,1000,818,-0.12434325744308228
2023-02-02,1150,1150,903,905,49,-0.09499999999999997
2023-02-03,1040,1040,801,990,185,0.09392265193370175
2023-02-06,1100,1120,900,900,1039,-0.09090909090909094
2023-02-07,1030,1030,900,1024,665,0.13777777777777778
2023-02-08,1098,1168,872,1100,2641,0.07421875
2023-02-09,1197,1197,1000,1000,82,-0.09090909090909094
2023-02-10,1100,1150,999,1054,1090,0.05400000000000005
2023-02-13,1100,1200,1100,1173,1084,0.11290322580645151
2023-02-14,1000,1200,1000,1099,376,-0.06308610400682013
2023-02-15,1260,1260,1100,1200,32,0.09190172884440395
2023-02-16,1200,1300,1100,1288,63,0.07333333333333325
2023-02-17,1300,1390,1095,1283,1792,-0.0038819875776398005
2023-02-20,1101,1278,1100,1274,447,-0.007014809041309467
2023-02-21,1100,1271,1083,1083,173,-0.14992150706436425
2023-02-22,1199,1199,1174,1174,30,0.08402585410895669
2023-02-23,1200,1200,1097,1100,9,-0.06303236797274281
2023-02-24,1050,1195,1000,1169,312,0.06272727272727274
2023-02-27,1199,1199,1167,1183,2506,0.011976047904191711
2023-02-28,1200,1200,1200,1200,1,0.014370245139475823
2023-03-02,1193,1193,1020,1180,9,-0.01666666666666672
2023-03-03,1174,1189,1003,1176,5541,-0.003389830508474523
2023-03-06,1351,1351,1000,1249,17,0.062074829931972886
2023-03-07,1436,1436,1062,1179,273,-0.05604483586869491
2023-03-08,1176,1176,1010,1160,35,-0.016115351993214566
2023-03-09,1200,1200,1148,1148,509,-0.010344827586206917
2023-03-10,1000,1147,976,981,561,-0.1454703832752613
2023-03-13,940,1126,834,855,865,-0.12844036697247707
2023-03-14,980,980,900,980,50,0.14619883040935666
2023-03-15,1100,1100,1000,1045,41,0.06632653061224492
2023-03-16,1100,1100,889,900,3048,-0.13875598086124397
2023-03-17,1000,1000,800,1000,4,0.11111111111111116
2023-03-20,1000,1149,850,1090,1068,0.09000000000000008
2023-03-21,1100,1100,930,930,496,-0.14678899082568808
2023-03-22,901,901,800,814,1207,-0.12473118279569895
2023-03-23,899,899,840,840,548,0.03194103194103204
2023-03-24,850,900,850,900,611,0.0714285714285714
2023-03-27,899,900,850,850,543,-0.05555555555555558
2023-03-28,802,949,802,945,469,0.11176470588235299
2023-03-29,1000,1000,984,1000,3138,0.05820105820105814
2023-03-30,1100,1127,1000,1097,33,0.09699999999999998
2023-03-31,1096,1096,1086,1086,11,-0.010027347310847756
2023-04-03,1100,1100,1100,1100,1,0.012891344383057168
2023-04-04,1009,1100,1009,1100,2071,0.0
2023-04-05,960,1100,960,973,18,-0.11545454545454548
2023-04-06,999,1000,999,1000,10,0.027749229188078095
2023-04-07,1100,1150,1000,1090,41,0.09000000000000008
2023-04-10,961,1070,960,1066,2708,-0.022018348623853212
2023-04-11,1064,1064,908,909,622,-0.14727954971857415
2023-04-12,999,999,804,805,23,-0.11441144114411439
2023-04-13,925,925,802,925,214,0.14906832298136652
2023-04-14,1060,1060,901,1046,211,0.1308108108108108
2023-04-17,1099,1099,902,902,38,-0.13766730401529637
2023-04-18,1036,1036,900,1031,5,0.1430155210643016
2023-04-19,1099,1099,906,1089,17,0.0562560620756547
2023-04-20,1099,1099,945,1000,361,-0.08172635445362719
2023-04-21,1100,1150,901,901,28,-0.09899999999999998
2023-04-24,1036,1036,1020,1029,10,0.142064372918979
2023-04-25,1095,1180,900,900,29,-0.12536443148688048
2023-04-26,1035,1035,901,901,2,0.0011111111111110628
2023-04-27,1036,1036,901,901,2,0.0
2023-04-28,1036,1036,1036,1036,3,0.14983351831298553
2023-05-02,1100,1100,903,1068,154,0.030888030888030826
2023-05-03,910,999,910,999,11,-0.0646067415730337
2023-05-04,999,999,853,998,788,-0.0010010010010009784
2023-05-08,998,998,998,998,0,0.0
2023-05-09,850,999,850,999,22,0.0010020040080160886
2023-05-10,999,999,999,999,2,0.0
2023-05-11,1000,1129,900,999,1052,0.0
2023-05-12,1100,1100,1100,1100,2,0.10110110110110115
2023-05-15,1070,1070,1070,1070,0,-0.027272727272727226
2023-05-16,1100,1200,910,1100,489,0.028037383177569986
2023-05-17,999,1099,940,1099,1311,-0.0009090909090908594
2023-05-18,1099,1099,940,940,2,-0.14467697907188348
2023-05-19,1069,1069,1069,1069,2,0.1372340425531915
2023-05-22,909,1099,909,909,1128,-0.14967259120673526
2023-05-23,1000,1000,803,803,3,-0.11661166116611665
2023-05-24,920,923,803,900,1345,0.12079701120797015
2023-05-25,900,965,766,812,999,-0.09777777777777774
2023-05-26,929,929,821,821,302,0.011083743842364546
2023-05-30,944,944,822,822,11,0.0012180267965895553
2023-05-31,900,945,881,881,521,0.07177615571776164
2023-06-01,1013,1013,901,901,11,0.022701475595913845
2023-06-02,1000,1028,766,771,2052,-0.14428412874583796
2023-06-05,886,886,886,886,502,0.14915693904020744
2023-06-07,999,1000,901,901,41,0.016930022573363512
2023-06-08,901,901,901,901,0,0.0
2023-06-09,1035,1035,910,910,111,0.009988901220865598
2023-06-12,1039,1039,906,906,103,-0.00439560439560438
2023-06-13,1041,1041,900,910,6,0.004415011037527616
2023-06-14,1046,1046,901,901,3,-0.009890109890109855
2023-06-15,1034,1034,1000,1034,7,0.14761376248612645
2023-06-16,1099,1179,920,1099,1175,0.06286266924564798
2023-06-19,953,1099,941,941,1016,-0.1437670609645132
2023-06-20,1077,1077,910,916,1006,-0.026567481402762994
2023-06-21,1049,1049,910,1000,2041,0.09170305676855905
2023-06-22,900,1142,851,900,1056,-0.09999999999999998
2023-06-23,1035,1035,908,908,503,0.008888888888888946
2023-06-26,1040,1040,910,1039,12,0.14427312775330403
2023-06-27,1100,1100,901,901,3,-0.1328200192492781
2023-06-28,1036,1036,1030,1030,12,0.14317425083240853
2023-06-29,1178,1178,892,1061,248,0.030097087378640808
2023-06-30,1099,1100,911,914,818,-0.1385485391140433
2023-07-03,1049,1050,980,1030,515,0.12691466083150993
2023-07-04,1000,1000,930,930,603,-0.09708737864077666
2023-07-05,1060,1060,900,900,519,-0.032258064516129004
2023-07-06,900,1029,900,900,1014,0.0
2023-07-07,1035,1035,1031,1031,102,0.14555555555555566
2023-07-10,1100,1180,1100,1149,1371,0.11445198836081483
2023-07-11,1300,1300,1000,1069,6219,-0.0696257615317668
2023-07-12,1149,1149,1000,1001,589,-0.06361085126286248
2023-07-13,1100,1150,910,1099,4093,0.09790209790209792
2023-07-14,940,1099,935,936,19520,-0.14831665150136486
2023-07-17,1000,1000,812,901,1888,-0.03739316239316237
2023-07-18,1000,1000,900,997,3,0.10654827968923408
2023-07-19,958,1100,958,1100,512,0.10330992978936804
2023-07-20,951,951,951,951,1,-0.1354545454545455
2023-07-21,1090,1090,900,990,1164,0.04100946372239744
2023-07-24,1000,1039,910,910,15,-0.08080808080808077
2023-07-25,1003,1003,949,949,3,0.04285714285714293
2023-07-26,1056,1056,901,949,921,0.0
2023-07-27,949,949,949,949,0,0.0
2023-07-28,926,926,926,926,1,-0.02423603793466811
2023-07-31,1030,1030,901,901,3,-0.02699784017278617
2023-08-01,1009,1009,902,902,12,0.0011098779134295356
2023-08-02,911,1019,911,1019,6,0.1297117516629711
2023-08-03,1005,1006,903,903,301,-0.11383709519136409
2023-08-04,1024,1024,850,1000,1014,0.10741971207087486
2023-08-07,993,993,910,910,12,-0.08999999999999997
2023-08-08,1000,1000,856,856,211,-0.05934065934065935
2023-08-09,979,980,950,950,1119,0.10981308411214963
2023-08-10,900,1080,900,964,7,0.01473684210526316
2023-08-11,1000,1000,922,922,5,-0.04356846473029041
2023-08-14,1000,1000,970,970,8597,0.05206073752711493
2023-08-16,1000,1000,902,902,4,-0.07010309278350513
2023-08-17,900,1019,900,970,18,0.07538802660753885
2023-08-18,1000,1000,970,970,5,0.0
2023-08-21,1000,1000,903,903,106,-0.06907216494845358
2023-08-22,1008,1008,900,903,2041,0.0
2023-08-23,900,1009,900,953,21,0.05537098560354381
2023-08-24,1048,1048,900,999,116,0.0482686253934943
2023-08-25,900,1010,900,1010,200,0.011011011011011096
2023-08-28,1020,1020,1009,1009,7,-0.000990099009900991
2023-08-29,1099,1099,900,996,1343,-0.012884043607532258
2023-08-30,1097,1097,900,900,19,-0.09638554216867468
2023-08-31,1019,1019,803,803,49,-0.10777777777777775
2023-09-01,923,923,800,800,38,-0.0037359900373599153
2023-09-04,920,920,770,801,159,0.0012499999999999734
2023-09-05,801,921,801,921,76,0.14981273408239693
2023-09-06,999,999,805,989,121,0.07383279044516833
2023-09-07,988,988,850,850,9,-0.14054600606673406
2023-09-08,850,970,850,969,13,0.1399999999999999
2023-09-11,999,999,983,986,1183,0.01754385964912286
2023-09-12,1000,1100,999,999,16,0.013184584178498993
2023-09-13,1000,1000,990,990,2,-0.009009009009009028
2023-09-14,1050,1050,1000,1000,2,0.010101010101010166
2023-09-15,1040,1040,990,990,3,-0.010000000000000009
2023-09-18,990,990,871,871,1017,-0.1202020202020202
2023-09-19,999,999,801,987,8,0.13318025258323773
2023-09-20,999,999,840,840,73,-0.14893617021276595
2023-09-21,898,898,723,800,25,-0.04761904761904767
2023-09-22,900,919,800,919,135,0.14874999999999994
2023-09-25,999,999,782,949,1969,0.03264417845484213
2023-09-26,1000,1000,810,949,132,0.0
2023-09-27,1000,1000,812,984,26,0.03688092729188619
2023-10-04,1000,1000,840,987,9,0.0030487804878047697
2023-10-05,999,999,844,970,316,-0.01722391084093211
2023-10-06,1000,1000,831,980,5,0.010309278350515427
2023-10-10,960,960,850,959,4,-0.021428571428571463
2023-10-11,1000,1000,980,980,2,0.021897810218978186
2023-10-12,1096,1096,995,995,2,0.015306122448979664
2023-10-13,846,994,846,846,2031,-0.14974874371859292
2023-10-16,900,900,770,868,9,0.026004728132387633
2023-10-17,889,889,889,889,1,0.024193548387096753
2023-10-18,879,879,878,878,2,-0.01237345331833517
2023-10-19,877,877,874,874,2,-0.004555808656036442
2023-10-20,815,815,750,814,4,-0.06864988558352403
2023-10-23,814,814,810,811,4,-0.0036855036855036882
2023-10-24,889,889,800,860,26,0.06041923551171391
2023-10-25,900,900,860,870,5,0.011627906976744207
2023-10-26,890,890,869,869,2,-0.0011494252873562871
2023-10-27,900,900,740,741,32,-0.14729574223245112
2023-10-30,850,850,633,849,54,0.14574898785425106
2023-10-31,974,974,890,890,10,0.04829210836277964
2023-11-01,1000,1000,800,899,292,0.010112359550561889
2023-11-02,900,900,770,876,5,-0.025583982202447175
2023-11-03,900,900,800,800,35,-0.08675799086757996
2023-11-06,895,895,888,888,3,0.1100000000000001
2023-11-07,900,900,888,888,503,0.0
2023-11-08,875,875,853,853,2,-0.0394144144144144
2023-11-09,979,979,886,886,3,0.0386869871043376
2023-11-10,874,874,865,865,3,-0.023702031602708784
2023-11-13,899,899,743,743,45,-0.1410404624277457
2023-11-14,850,850,740,789,4,0.06191117092866749
2023-11-15,867,867,672,863,57,0.09378960709759188
2023-11-16,900,900,734,859,457,-0.004634994206257237
2023-11-17,840,880,840,880,40,0.024447031431897637
2023-11-20,870,870,750,863,25,-0.01931818181818179
2023-11-21,892,892,892,892,1,0.03360370799536505
2023-11-22,884,884,759,867,506,-0.028026905829596438
2023-11-23,900,900,737,849,508,-0.02076124567474047
2023-11-24,867,867,724,860,15,0.012956419316843437
2023-11-27,867,870,867,870,1011,0.011627906976744207
2023-11-28,741,870,741,868,4,-0.0022988505747126853
2023-11-29,900,900,870,870,8,0.0023041474654377225
2023-11-30,870,870,868,868,14,-0.0022988505747126853
2023-12-01,889,889,741,880,15,0.01382488479262678
2023-12-04,875,875,870,870,13,-0.011363636363636354
2023-12-05,746,746,740,740,1510,-0.14942528735632188
2023-12-06,629,629,629,629,1685,-0.15000000000000002
2023-12-07,699,699,535,690,64191,0.09697933227345001
2023-12-08,700,700,596,596,16,-0.13623188405797104
2023-12-11,680,680,531,674,188,0.1308724832214765
2023-12-12,700,749,700,749,72,0.1112759643916914
2023-12-13,800,809,800,809,36,0.08010680907877177
2023-12-14,899,899,701,787,939,-0.027194066749072876
2023-12-15,898,898,701,825,1240,0.04828462515883092
2023-12-18,899,899,865,865,103,0.048484848484848575
2023-12-19,900,900,736,818,669,-0.054335260115606965
2023-12-20,800,899,700,860,46,0.05134474327628369
2023-12-21,900,900,731,731,236,-0.15000000000000002
2023-12-22,800,800,622,700,2701,-0.04240766073871405
2023-12-26,800,800,595,699,2000,-0.0014285714285714457
2023-12-27,690,690,595,659,662,-0.05722460658082973
2023-12-28,700,700,561,639,5038,-0.030349013657056112
2024-01-02,550,630,544,599,2990,-0.06259780907668233
2024-01-03,600,679,600,676,22,0.12854757929883132
2024-01-04,700,700,697,697,105,0.031065088757396442
2024-01-05,675,789,594,788,563,0.1305595408895266
2024-01-08,800,800,670,690,5809,-0.12436548223350252
2024-01-09,690,790,588,689,538,-0.0014492753623188692
2024-01-10,696,790,591,790,517,0.14658925979680704
2024-01-11,800,900,800,900,12,0.139240506329114
2024-01-12,900,1000,800,859,15,-0.04555555555555557
2024-01-15,980,980,800,898,24,0.04540162980209539
2024-01-16,890,890,890,890,1,-0.008908685968819552
2024-01-17,800,800,758,758,172,-0.14831460674157304
2024-01-18,800,869,652,844,989,0.11345646437994716
2024-01-19,899,899,880,880,3,0.042654028436019065
2024-01-22,900,999,888,888,13,0.009090909090909038
2024-01-23,850,890,850,850,1816,-0.0427927927927928
2024-01-24,850,850,777,800,12948,-0.05882352941176472
2024-01-25,890,890,700,870,26,0.08749999999999991
2024-01-26,867,867,860,860,18,-0.011494252873563204
2024-01-29,900,900,862,888,5,0.032558139534883734
2024-01-30,885,885,756,756,14,-0.14864864864864868
2024-01-31,800,859,800,858,95,0.13492063492063489
2024-02-01,900,900,900,900,43,0.04895104895104896
2024-02-02,849,849,849,849,1,-0.05666666666666664
2024-02-05,800,800,730,730,213,-0.14016489988221437
2024-02-06,700,839,622,778,79,0.0657534246575342
2024-02-07,799,799,799,799,3,0.02699228791773778
2024-02-08,799,799,799,799,0,0.0
2024-02-13,683,789,680,680,2013,-0.14893617021276595
2024-02-14,700,779,700,770,14,0.13235294117647056
2024-02-15,660,769,660,758,14,-0.01558441558441559
2024-02-16,800,869,700,800,22,0.0554089709762533
2024-02-19,799,799,797,797,37,-0.003750000000000031
2024-02-20,799,799,799,799,1,0.0025094102885820924
2024-02-21,680,800,680,766,18,-0.041301627033792254
2024-02-22,698,698,660,698,608,-0.08877284595300261
2024-02-23,800,800,609,609,703,-0.1275071633237822
2024-02-26,600,700,600,700,773,0.14942528735632177
2024-02-27,805,805,601,601,32,-0.14142857142857146
2024-02-28,691,691,513,601,272,0.0
2024-02-29,690,690,516,516,2,-0.14143094841930115
2024-03-04,593,593,593,593,10,0.14922480620155043
2024-03-05,681,681,521,521,202,-0.12141652613827991
2024-03-06,599,599,510,510,492,-0.021113243761996192
2024-03-07,586,586,550,586,6002,0.14901960784313717
2024-03-08,673,673,500,625,2797,0.06655290102389078
2024-03-11,700,700,532,540,2250,-0.136
2024-03-12,600,610,505,505,83,-0.06481481481481477
2024-03-13,500,577,483,500,1636,-0.00990099009900991
2024-03-14,461,570,461,570,331,0.1399999999999999
2024-03-15,501,650,501,570,3,0.0
2024-03-18,654,655,505,505,4,-0.11403508771929827
2024-03-19,578,579,436,436,668,-0.13663366336633664
2024-03-20,501,501,400,501,57,0.1490825688073394
2024-03-21,575,576,512,576,67,0.14970059880239517
2024-03-22,655,656,600,600,314,0.04166666666666674
2024-03-25,600,600,599,599,166,-0.0016666666666667052
2024-03-26,684,684,513,513,2,-0.1435726210350584
2024-03-27,589,589,550,589,2552,0.14814814814814814
2024-03-28,677,677,507,673,34,0.14261460101867574
2024-03-29,699,699,574,574,104,-0.1471025260029718
2024-04-01,574,650,511,573,126,-0.0017421602787456303
2024-04-02,512,512,512,512,1,-0.10645724258289702
2024-04-03,500,588,500,530,27,0.03515625
2024-04-04,609,609,472,472,82,-0.10943396226415092
2024-04-05,542,542,480,480,14,0.016949152542372836
2024-04-08,552,552,552,552,10,0.1499999999999999
2024-04-09,634,634,600,629,343,0.13949275362318847
2024-04-11,719,719,719,719,1,0.14308426073131963
2024-04-12,800,800,800,800,1,0.11265646731571621
2024-04-15,800,800,800,800,56,0.0
2024-04-16,800,800,800,800,0,0.0
2024-04-17,900,900,702,800,69,0.0
2024-04-18,799,799,799,799,34,-0.0012499999999999734
2024-04-19,887,888,887,888,56,0.11138923654568211
2024-04-22,888,888,888,888,45,0.0
2024-04-23,756,756,755,755,80,-0.14977477477477474
2024-04-24,800,867,700,700,14,-0.07284768211920534
2024-04-25,804,804,601,601,20,-0.14142857142857146
2024-04-26,691,691,511,689,1739,0.14642262895174718
2024-04-29,789,789,789,789,1,0.1451378809869377
2024-04-30,800,800,767,798,13,0.011406844106463865
2024-05-02,690,690,690,690,749,-0.13533834586466165
2024-05-03,793,793,591,591,13,-0.14347826086956517
2024-05-07,678,679,546,546,3,-0.07614213197969544
2024-05-08,626,627,550,550,12,0.0073260073260073
2024-05-09,632,632,624,625,14,0.13636363636363646
2024-05-10,700,718,601,601,12,-0.03839999999999999
2024-05-13,600,691,600,650,15,0.08153078202995001
2024-05-14,747,747,600,729,1803,0.1215384615384616
2024-05-16,829,829,700,799,24,0.0960219478737998
2024-05-17,680,680,680,680,11,-0.14893617021276595
2024-05-20,680,777,680,777,21,0.14264705882352935
2024-05-21,776,776,776,776,1,-0.0012870012870013214
2024-05-22,800,800,798,798,22,0.028350515463917425
2024-05-23,800,899,800,899,11,0.12656641604010033
2024-05-24,765,899,765,894,20,-0.005561735261401579
2024-05-27,760,989,760,976,262,0.09172259507829983
2024-05-28,830,999,830,906,22,-0.07172131147540983
2024-05-29,900,998,771,890,90,-0.017660044150110354
2024-05-30,889,889,889,889,0,-0.0011235955056180247
2024-05-31,884,889,884,889,200,0.0
2024-06-03,900,997,800,900,13,0.012373453318335281
2024-06-04,998,998,900,989,602,0.0988888888888888
2024-06-05,985,985,985,985,101,-0.004044489383215333
2024-06-07,841,949,838,838,33,-0.14923857868020307
2024-06-10,894,894,713,713,27,-0.149164677804296
2024-06-11,713,713,710,710,149,-0.0042075736325385416
2024-06-12,709,709,708,708,11,-0.0028169014084507005
2024-06-13,800,800,798,798,3,0.12711864406779672
2024-06-14,800,900,736,888,14,0.11278195488721798
2024-06-17,879,879,875,875,103,-0.014639639639639657
2024-06-18,747,874,746,870,252,-0.005714285714285672
2024-06-19,896,896,890,890,12,0.02298850574712641
2024-06-20,884,884,884,884,0,-0.006741573033707815
2024-06-21,896,896,896,896,1,0.013574660633484115
2024-06-24,900,900,900,900,1,0.0044642857142858094
2024-06-25,899,899,898,898,100,-0.0022222222222222365
2024-06-26,764,764,764,764,23,-0.1492204899777283
2024-06-27,799,799,795,795,2,0.04057591623036649
2024-06-28,677,779,677,778,158,-0.021383647798742134
2024-07-01,800,800,800,800,1,0.028277634961439535
2024-07-02,800,887,800,880,21,0.10000000000000009
2024-07-03,748,810,748,810,101,-0.07954545454545459
2024-07-04,800,800,786,786,12,-0.029629629629629672
2024-07-05,785,785,785,785,0,-0.0012722646310432406
2024-07-08,800,800,800,800,1,0.019108280254777066
2024-07-09,800,899,800,899,11,0.12375000000000003
2024-07-10,765,896,765,896,12,-0.0033370411568409697
2024-07-11,762,762,762,762,12,-0.1495535714285714
2024-07-12,800,800,651,787,14,0.03280839895013132
2024-07-15,787,787,787,787,0,0.0
2024-07-16,800,800,798,798,14,0.013977128335451061
2024-07-17,797,797,797,797,10,-0.0012531328320801727
2024-07-18,796,796,796,796,10,-0.0012547051442910462
2024-07-19,677,798,677,795,45,-0.0012562814070351536
2024-07-22,676,730,676,730,12,-0.08176100628930816
2024-07-23,700,700,700,700,1,-0.04109589041095896
2024-07-24,700,700,700,700,0,0.0
2024-07-25,699,700,699,700,5,0.0
2024-07-26,798,798,798,798,10,0.1399999999999999
2024-07-29,798,798,798,798,0,0.0
2024-07-30,798,798,798,798,0,0.0
2024-07-31,898,898,898,898,11,0.12531328320802015
2024-08-01,888,888,888,888,12,-0.011135857461024523
2024-08-02,756,795,755,795,587,-0.10472972972972971
2024-08-05,795,795,795,795,0,0.0
2024-08-06,795,795,676,676,6320,-0.14968553459119494
2024-08-07,700,776,590,590,640,-0.1272189349112426
2024-08-08,670,678,506,506,891,-0.14237288135593218
2024-08-09,581,581,500,550,19,0.08695652173913038
2024-08-12,632,632,600,600,11,0.09090909090909083
2024-08-13,690,690,600,601,6943,0.0016666666666667052
2024-08-14,691,691,600,600,42,-0.0016638935108153063
2024-08-16,690,690,550,550,20,-0.08333333333333337
2024-08-19,632,632,500,561,14,0.020000000000000018
2024-08-20,645,645,501,501,524,-0.106951871657754
2024-08-21,576,576,460,460,33,-0.08183632734530943
2024-08-22,400,529,400,529,11,0.1499999999999999
2024-08-23,608,608,550,600,160,0.13421550094517953
2024-08-26,690,690,690,690,1,0.1499999999999999
2024-08-27,700,793,700,793,17,0.14927536231884053
2024-08-28,899,899,700,890,3,0.1223203026481714
2024-08-29,757,830,757,830,92,-0.0674157303370787
2024-08-30,800,800,706,706,117,-0.14939759036144573
2024-09-02,799,799,739,739,3,0.04674220963172804
2024-09-03,800,800,800,800,2,0.08254397834912042
2024-09-04,800,800,800,800,0,0.0
2024-09-05,799,799,799,799,1,-0.0012499999999999734
2024-09-06,799,799,799,799,0,0.0
2024-09-09,800,800,800,800,1,0.0012515644555695093
2024-09-10,800,920,680,739,261,-0.07625000000000004
2024-09-11,630,799,630,799,12,0.08119079837618393
2024-09-12,799,799,799,799,0,0.0
2024-09-13,800,899,765,899,42,0.12515644555694627
2024-09-19,765,765,765,765,217,-0.14905450500556172
2024-09-20,800,800,800,800,1,0.045751633986928164
2024-09-23,749,749,680,740,325,-0.07499999999999996
2024-09-24,700,799,629,780,48,0.054054054054053946
2024-09-25,800,896,800,895,62,0.14743589743589736
