Date,Open,High,Low,Close,Volume,Change
2022-01-03,138500,138500,134000,137000,120509,-0.007246376811594235
2022-01-04,138500,144500,137000,142000,324826,0.03649635036496357
2022-01-05,143000,147500,139000,143500,301398,0.010563380281690238
2022-01-06,139500,144000,133500,133500,321309,-0.06968641114982577
2022-01-07,136000,139500,133500,139500,204523,0.04494382022471921
2022-01-10,138000,139500,134500,135000,132085,-0.032258064516129004
2022-01-11,135500,137500,128500,129500,190334,-0.040740740740740744
2022-01-12,130500,132000,128500,131000,123156,0.01158301158301156
2022-01-13,132000,132000,128500,128500,100104,-0.01908396946564883
2022-01-14,125500,136500,125500,136500,206581,0.0622568093385214
2022-01-17,136500,138000,133000,137000,125744,0.00366300366300365
2022-01-18,137500,144500,134500,140500,262288,0.025547445255474477
2022-01-19,139000,144000,137500,140500,136363,0.0
2022-01-20,140500,142000,137000,140500,91671,0.0
2022-01-21,138000,139500,134000,136500,94267,-0.028469750889679735
2022-01-24,134000,134500,130500,132500,117682,-0.02930402930402931
2022-01-25,133500,135000,127000,128000,202409,-0.03396226415094339
2022-01-26,127500,130000,122500,123500,169895,-0.03515625
2022-01-27,124500,128000,122000,124000,184411,0.004048582995951344
2022-01-28,125000,131500,124500,130000,155070,0.048387096774193505
2022-02-03,133000,133000,130000,131500,99088,0.011538461538461497
2022-02-04,130500,131500,127000,128000,150258,-0.026615969581749055
2022-02-07,127000,127500,125000,125000,66764,-0.0234375
2022-02-08,125000,127000,121000,121500,102274,-0.028000000000000025
2022-02-09,123500,124000,121000,121500,72566,0.0
2022-02-10,123000,123500,121000,122000,65257,0.004115226337448652
2022-02-11,120500,120500,114500,114500,199378,-0.061475409836065587
2022-02-14,111000,113500,109500,110000,139151,-0.0393013100436681
2022-02-15,110500,113000,107500,109500,110677,-0.004545454545454519
2022-02-16,113500,114000,111500,112000,76690,0.022831050228310446
2022-02-17,112500,116500,111000,113500,120532,0.013392857142857206
2022-02-18,111000,113500,110500,113000,69429,-0.004405286343612369
2022-02-21,111000,112500,109000,112000,80171,-0.008849557522123908
2022-02-22,108500,110500,107500,108500,112826,-0.03125
2022-02-23,109000,110500,108500,110000,53991,0.01382488479262678
2022-02-24,108000,109500,104500,105000,97806,-0.045454545454545414
2022-02-25,107000,108000,105000,108000,81499,0.02857142857142847
2022-02-28,107000,108000,105500,107500,99826,-0.00462962962962965
2022-03-02,106000,109500,106000,108000,72125,0.0046511627906977715
2022-03-03,111500,115000,110500,114000,130287,0.05555555555555558
2022-03-04,113500,115500,111500,115000,86651,0.00877192982456143
2022-03-07,112500,120500,111500,118500,200654,0.0304347826086957
2022-03-08,116000,123000,116000,120000,185443,0.012658227848101333
2022-03-10,122500,125500,119000,123000,142815,0.02499999999999991
2022-03-11,123000,124500,120000,120500,70502,-0.020325203252032575
2022-03-14,119500,119500,115000,117000,76688,-0.02904564315352698
2022-03-15,116500,121000,116500,117000,76381,0.0
2022-03-16,119000,119000,116500,118500,31569,0.012820512820512775
2022-03-17,121000,122000,119500,120000,45216,0.012658227848101333
2022-03-18,122500,125500,120000,121500,129500,0.012499999999999956
2022-03-21,121500,122000,119000,119000,38662,-0.020576131687242816
2022-03-22,118500,120500,118000,119500,31913,0.004201680672268893
2022-03-23,120500,122500,119000,119000,53033,-0.004184100418409997
2022-03-24,118000,119000,116000,117000,57644,-0.01680672268907568
2022-03-25,118000,119500,116500,118000,43342,0.008547008547008517
2022-03-28,118500,118500,116000,116500,39802,-0.012711864406779627
2022-03-29,117000,119500,117000,118000,37186,0.012875536480686733
2022-03-30,118500,122000,118000,119500,60498,0.012711864406779627
2022-03-31,119000,121000,118500,120500,30814,0.008368200836819994
2022-04-01,120000,125000,118000,125000,100484,0.03734439834024905
2022-04-04,124500,128000,124000,127000,80990,0.016000000000000014
2022-04-05,128000,128000,125500,126000,45456,-0.007874015748031482
2022-04-06,125000,127500,123500,127000,73802,0.007936507936507908
2022-04-07,126500,130000,126000,128000,107219,0.007874015748031482
2022-04-08,129500,129500,125000,128000,58142,0.0
2022-04-11,127500,128500,125500,126000,34878,-0.015625
2022-04-12,125000,126000,123000,123000,42679,-0.023809523809523836
2022-04-13,124500,130500,124000,130500,131346,0.060975609756097615
2022-04-14,131000,134000,129000,129500,87270,-0.007662835249042099
2022-04-15,128500,132500,128000,132000,83398,0.019305019305019266
2022-04-18,133500,137000,132000,135000,120357,0.022727272727272707
2022-04-19,136000,136500,133500,135500,60805,0.0037037037037037646
2022-04-20,136500,137000,134500,135000,51297,-0.0036900369003689537
2022-04-21,135000,136000,133000,133500,67627,-0.011111111111111072
2022-04-22,135000,135000,131500,135000,63350,0.011235955056179803
2022-04-25,132000,133500,129000,131000,74869,-0.029629629629629672
2022-04-26,133000,138000,132500,135000,146198,0.03053435114503822
2022-04-27,132500,138000,131000,138000,109193,0.022222222222222143
2022-04-28,137000,138000,134500,137000,68411,-0.007246376811594235
2022-04-29,137000,139500,134000,135000,114016,-0.014598540145985384
2022-05-02,133000,139500,133000,139000,128823,0.029629629629629672
2022-05-03,140000,141000,136500,138000,78463,-0.007194244604316502
2022-05-04,138500,139000,135500,135500,58415,-0.018115942028985477
2022-05-06,133000,136000,133000,134500,35725,-0.0073800738007380184
2022-05-09,134500,134500,125000,126000,176104,-0.06319702602230481
2022-05-10,124000,128000,123500,127000,89676,0.007936507936507908
2022-05-11,127000,132000,125500,130500,62928,0.027559055118110187
2022-05-12,128500,131500,127500,127500,64349,-0.02298850574712641
2022-05-13,130000,132000,128000,131000,65628,0.027450980392156765
2022-05-16,133000,133000,129500,130500,37801,-0.003816793893129722
2022-05-17,130500,131500,126500,128000,60673,-0.019157088122605415
2022-05-18,129000,129500,126500,128000,78235,0.0
2022-05-19,125000,131000,124000,130000,82235,0.015625
2022-05-20,131000,132000,128500,129000,50990,-0.007692307692307665
2022-05-23,131000,136000,131000,132500,100771,0.027131782945736482
2022-05-24,134000,134000,130000,130000,47669,-0.018867924528301883
2022-05-25,131500,135000,130000,133500,79309,0.026923076923076827
2022-05-26,133500,134500,131000,131500,52149,-0.014981273408239737
2022-05-27,133000,133500,131000,132500,41264,0.0076045627376426506
2022-05-30,134000,135000,132000,134500,42373,0.015094339622641506
2022-05-31,135500,136500,132500,134000,97668,-0.0037174721189591198
2022-06-02,133500,134500,131500,132500,38349,-0.011194029850746245
2022-06-03,133500,134000,131500,131500,35648,-0.007547169811320753
2022-06-07,131000,131000,125500,127000,78500,-0.034220532319391594
2022-06-08,127000,128500,124500,124500,55040,-0.019685039370078705
2022-06-09,124500,126000,123500,124500,39500,0.0
2022-06-10,123500,126500,123000,124000,36167,-0.004016064257028162
2022-06-13,121000,121500,115500,116000,116391,-0.06451612903225812
2022-06-14,113000,117000,112000,115000,78627,-0.008620689655172376
2022-06-15,114500,117000,111000,111500,63521,-0.0304347826086957
2022-06-16,114500,116500,112500,113000,52127,0.013452914798206317
2022-06-17,110500,114500,110000,113000,47448,0.0
2022-06-20,114000,114000,108500,110000,50354,-0.026548672566371723
2022-06-21,110500,113000,109500,112000,35752,0.018181818181818077
2022-06-22,113000,113000,105500,105500,73750,-0.0580357142857143
2022-06-23,105500,107000,101000,101500,108856,-0.03791469194312791
2022-06-24,101500,105500,101500,104500,41821,0.029556650246305383
2022-06-27,106000,115000,106000,113500,96872,0.0861244019138756
2022-06-28,113500,118000,113000,116000,70754,0.022026431718061623
2022-06-29,112500,115000,111000,113500,55197,-0.02155172413793105
2022-06-30,113000,116000,111000,112500,76543,-0.008810572687224627
2022-07-01,113500,118500,112000,117000,61902,0.040000000000000036
2022-07-04,117000,117500,112000,116000,55995,-0.008547008547008517
2022-07-05,116500,117500,114500,117000,36064,0.008620689655172376
2022-07-06,117000,118000,111500,112500,50603,-0.038461538461538436
2022-07-07,114000,115500,112000,114500,29004,0.01777777777777767
2022-07-08,116500,116500,113500,113500,36952,-0.008733624454148492
2022-07-11,113500,117000,113500,115500,46057,0.017621145374449254
2022-07-12,115500,117000,114500,117000,40135,0.01298701298701288
2022-07-13,117000,122000,116000,119500,87500,0.02136752136752129
2022-07-14,119000,124500,118000,123000,90497,0.029288702928870203
2022-07-15,123000,123500,121000,122500,36175,-0.004065040650406471
2022-07-18,124000,125500,122500,124000,40264,0.012244897959183598
2022-07-19,124000,126500,122500,123500,51254,-0.0040322580645161255
2022-07-20,125000,125000,120500,121000,55291,-0.020242914979757054
2022-07-21,121500,123500,120500,122500,37581,0.012396694214876103
2022-07-22,123000,125500,122500,124500,45517,0.01632653061224487
2022-07-25,125000,128000,124500,127500,68320,0.024096385542168752
2022-07-26,127500,128000,125500,127500,27948,0.0
2022-07-27,127500,127500,124500,126000,33282,-0.0117647058823529
2022-07-28,128000,128000,125500,126500,40375,0.003968253968253954
2022-07-29,127000,127500,124500,125500,50399,-0.007905138339920903
2022-08-01,125500,126000,123500,124000,66888,-0.01195219123505975
2022-08-02,124000,125000,122500,123500,37518,-0.0040322580645161255
2022-08-03,123000,128000,123000,128000,95931,0.036437246963562764
2022-08-04,128500,130500,128000,130000,74734,0.015625
2022-08-05,130500,131000,128000,130000,47057,0.0
2022-08-08,129000,130500,127500,129000,44998,-0.007692307692307665
2022-08-09,129500,130000,126500,129500,56483,0.003875968992248069
2022-08-10,129000,129000,125500,126000,76432,-0.027027027027026973
2022-08-11,127500,127500,125000,126500,38935,0.003968253968253954
2022-08-12,125500,132000,125000,130000,85101,0.027667984189723382
2022-08-16,131500,137000,131000,136500,214489,0.050000000000000044
2022-08-17,136500,137500,128000,128500,169631,-0.05860805860805862
2022-08-18,126500,127000,119000,120500,330795,-0.0622568093385214
2022-08-19,120500,121000,117500,118000,189742,-0.020746887966805017
2022-08-22,116500,120500,115500,119500,110484,0.012711864406779627
2022-08-23,118500,120500,118500,119000,44301,-0.004184100418409997
2022-08-24,119500,120500,117500,119000,50236,0.0
2022-08-25,119000,120000,118500,119500,50039,0.004201680672268893
2022-08-26,120000,120000,118000,118500,52262,-0.008368200836820106
2022-08-29,114500,116500,114000,115000,59872,-0.029535864978902926
2022-08-30,117000,121000,116500,120500,100259,0.047826086956521685
2022-08-31,119500,121000,118500,120500,51472,0.0
2022-09-01,119000,120500,117500,118500,40200,-0.016597510373444035
2022-09-02,120000,123500,119500,121000,85430,0.021097046413502074
2022-09-05,120000,122000,118500,119000,48018,-0.016528925619834656
2022-09-06,118500,120000,118000,118000,26941,-0.008403361344537785
2022-09-07,118500,119000,115500,116500,49390,-0.012711864406779627
2022-09-08,118000,119000,116500,117500,33224,0.008583690987124415
2022-09-13,120500,120500,118000,119000,46808,0.012765957446808418
2022-09-14,115000,118000,115000,117500,32983,-0.012605042016806678
2022-09-15,118000,119000,115500,116000,44359,-0.012765957446808529
2022-09-16,115500,116500,115000,115500,29790,-0.004310344827586188
2022-09-19,115500,116000,111500,112000,73516,-0.030303030303030276
2022-09-20,113500,117000,113500,115000,52235,0.02678571428571419
2022-09-21,113500,115000,112500,113500,28465,-0.013043478260869601
2022-09-22,112500,113500,111000,113000,35717,-0.004405286343612369
2022-09-23,112000,113500,109000,109000,52170,-0.03539823008849563
2022-09-26,107500,108000,104000,104000,69928,-0.04587155963302747
2022-09-27,103500,106000,103500,105500,39356,0.014423076923076872
2022-09-28,105500,106500,101500,102500,43182,-0.028436018957345932
2022-09-29,105000,106000,102500,102500,29471,0.0
2022-09-30,101000,106000,100500,103500,39939,0.009756097560975618
2022-10-04,106500,112500,106500,111000,58473,0.07246376811594213
2022-10-05,114000,114500,109000,110500,40153,-0.0045045045045044585
2022-10-06,111500,114000,110500,113500,30689,0.02714932126696823
2022-10-07,112500,115500,111500,113000,27365,-0.004405286343612369
2022-10-11,109000,110000,107500,108000,35336,-0.04424778761061943
2022-10-12,108000,112500,107500,112000,28664,0.03703703703703698
2022-10-13,112500,117500,112000,115000,106902,0.02678571428571419
2022-10-14,117000,118500,114000,115000,64074,0.0
2022-10-17,113000,116000,112000,114500,41453,-0.004347826086956497
2022-10-18,116500,117500,114500,116500,55972,0.017467248908296984
2022-10-19,115500,119000,115000,115500,40523,-0.008583690987124415
2022-10-20,115500,117000,115000,116500,23610,0.008658008658008587
2022-10-21,116000,120000,116000,117000,48049,0.0042918454935623185
2022-10-24,119000,119500,116000,116500,39438,-0.004273504273504258
2022-10-25,116000,117000,112000,114000,43211,-0.02145922746781115
2022-10-26,114000,116000,113000,114000,24409,0.0
2022-10-27,114500,116000,113500,114500,33626,0.004385964912280604
2022-10-28,114500,119500,114000,118500,81542,0.03493449781659397
2022-10-31,119500,120500,117000,118500,37225,0.0
2022-11-01,118000,119000,117000,117500,34342,-0.008438818565400852
2022-11-02,117500,118000,113500,114000,63570,-0.029787234042553234
2022-11-03,112000,115500,111500,114000,23203,0.0
2022-11-04,113500,115500,112500,114000,30406,0.0
2022-11-07,115500,117000,114500,115500,29693,0.013157894736842035
2022-11-08,116000,116500,114500,115500,34104,0.0
2022-11-09,116000,117500,115000,116000,34375,0.0043290043290042934
2022-11-10,115000,118000,114500,116000,36832,0.0
2022-11-11,119000,119000,115500,117000,90052,0.008620689655172376
2022-11-14,117000,119500,117000,118500,94317,0.012820512820512775
2022-11-15,119500,119500,116000,119000,58358,0.00421940928270037
2022-11-16,119000,119500,116500,118000,36634,-0.008403361344537785
2022-11-17,118000,118000,114000,114000,43772,-0.03389830508474578
2022-11-18,114500,115500,113000,114000,36245,0.0
2022-11-21,114000,114500,111500,111500,34102,-0.021929824561403466
2022-11-22,111000,111500,109000,109000,34232,-0.022421524663677084
2022-11-23,110000,111000,109000,109500,19721,0.004587155963302836
2022-11-24,110500,112000,110000,111000,20020,0.013698630136986356
2022-11-25,111000,112000,111000,111000,12371,0.0
2022-11-28,111500,111500,109500,110000,13804,-0.009009009009009028
2022-11-29,109500,112000,109000,111500,12714,0.013636363636363669
2022-11-30,110500,112000,110000,111000,23729,-0.004484304932735439
2022-12-01,112000,112500,110500,111000,26084,0.0
2022-12-02,111000,111500,108500,109500,25370,-0.013513513513513487
2022-12-05,109500,109500,105500,106500,43915,-0.0273972602739726
2022-12-06,106000,109000,105500,107500,34251,0.009389671361502261
2022-12-07,107000,108000,105500,106000,16855,-0.013953488372092981
2022-12-08,106000,106000,103000,103500,40922,-0.02358490566037741
2022-12-09,104000,106000,103500,104000,32971,0.004830917874396157
2022-12-12,103500,106000,103000,105500,23896,0.014423076923076872
2022-12-13,106000,107500,101500,102500,63347,-0.028436018957345932
2022-12-14,103000,105500,102500,104000,30674,0.014634146341463428
2022-12-15,103500,105000,103000,104500,18258,0.004807692307692291
2022-12-16,103000,105500,103000,104000,14836,-0.004784688995215336
2022-12-19,103500,103500,100000,100500,72709,-0.033653846153846145
2022-12-20,100500,101000,99700,100000,34351,-0.00497512437810943
2022-12-21,100000,101000,100000,100500,20442,0.004999999999999893
2022-12-22,100500,102000,100500,101500,21512,0.00995024875621886
2022-12-23,99800,101000,99500,100000,21254,-0.014778325123152691
2022-12-26,100500,101000,99200,99500,25773,-0.0050000000000000044
2022-12-27,99800,101000,99400,101000,88284,0.015075376884422065
2022-12-28,100500,100500,98800,99600,97565,-0.013861386138613874
2022-12-29,99600,99600,94800,95500,52687,-0.04116465863453811
2023-01-02,96800,98700,95400,95900,25216,0.004188481675392763
2023-01-03,96300,96500,94100,95800,32540,-0.0010427528675703845
2023-01-04,95200,96100,94600,95000,32897,-0.008350730688935326
2023-01-05,95000,96400,93000,93600,40933,-0.01473684210526316
2023-01-06,93000,96900,92700,96200,52837,0.02777777777777768
2023-01-09,97000,101000,96400,100500,67714,0.04469854469854462
2023-01-10,100000,102500,99400,101500,37038,0.00995024875621886
2023-01-11,102000,102500,100500,101000,16406,-0.0049261083743842304
2023-01-12,102000,102000,100500,100500,21720,-0.004950495049504955
2023-01-13,101000,103500,100500,103500,37405,0.029850746268656803
2023-01-16,103500,104000,102000,102500,39515,-0.009661835748792313
2023-01-17,102000,102500,99800,100000,35254,-0.024390243902439046
2023-01-18,100000,101000,99800,100500,12159,0.004999999999999893
2023-01-19,99700,102000,99600,101000,22967,0.004975124378109541
2023-01-20,100500,101500,99900,101000,19412,0.0
2023-01-25,102000,104600,101500,104400,44389,0.03366336633663369
2023-01-26,105000,108000,104300,107700,68383,0.031609195402298784
2023-01-27,108700,108700,106000,106800,45365,-0.00835654596100277
2023-01-30,106900,107200,104300,104500,24846,-0.021535580524344566
2023-01-31,104000,114300,103000,112000,230631,0.0717703349282297
2023-02-01,115000,117200,113300,116600,192628,0.04107142857142865
2023-02-02,116600,119200,114300,114800,104203,-0.015437392795883409
2023-02-03,114900,116600,114500,115300,43352,0.00435540069686402
2023-02-06,114500,117500,113700,116900,55603,0.013876843018213458
2023-02-07,116600,117000,114500,116400,41545,-0.004277159965782706
2023-02-08,117200,118600,116900,118000,39897,0.013745704467353903
2023-02-09,118000,120900,117800,119800,85692,0.015254237288135686
2023-02-10,119500,122200,118800,120500,56810,0.005843071786310494
2023-02-13,120600,121300,117800,118000,39820,-0.020746887966805017
2023-02-14,119200,121900,119100,120400,64550,0.02033898305084736
2023-02-15,122000,122500,119900,120000,66837,-0.0033222591362126463
2023-02-16,120400,120900,118700,119600,42226,-0.0033333333333332993
2023-02-17,118900,119000,116100,116400,66151,-0.026755852842809347
2023-02-20,116400,117400,115300,116600,33807,0.0017182130584192379
2023-02-21,116900,121200,116600,118400,72801,0.015437392795883298
2023-02-22,116500,119200,116300,116900,36501,-0.01266891891891897
2023-02-23,118200,119400,116500,117000,61263,0.0008554319931566301
2023-02-24,116800,117800,113700,115100,63988,-0.016239316239316293
2023-02-27,113600,114900,112600,113400,63594,-0.01476976542137276
2023-02-28,114300,115700,113400,113600,54175,0.0017636684303350414
2023-03-02,114000,115500,113600,114700,37625,0.009683098591549255
2023-03-03,114700,115500,112300,113900,48057,-0.006974716652136004
2023-03-06,113900,115800,112100,115700,55456,0.015803336259877065
2023-03-07,115100,115800,112800,113000,51735,-0.023336214347450257
2023-03-08,112300,112900,111000,112400,42377,-0.005309734513274322
2023-03-09,113100,119000,112500,115400,93715,0.026690391459074814
2023-03-10,115000,117500,113900,114400,57765,-0.008665511265164683
2023-03-13,113500,116900,112500,116700,43737,0.020104895104895215
2023-03-14,115900,116700,111400,111500,63097,-0.04455869751499575
2023-03-15,113400,115000,112400,114200,38863,0.024215246636771326
2023-03-16,112700,115300,112100,114200,24746,0.0
2023-03-17,115400,116700,114000,114300,30581,0.0008756567425569628
2023-03-20,114300,114800,112100,112200,25480,-0.018372703412073532
2023-03-21,113900,113900,111400,111700,25886,-0.004456327985739805
2023-03-22,112500,112500,111400,111700,24664,0.0
2023-03-23,111400,113500,110400,111600,46051,-0.0008952551477170445
2023-03-24,112400,112400,108400,109200,54793,-0.021505376344086002
2023-03-27,109400,109900,105800,107100,73576,-0.019230769230769273
2023-03-28,107200,111000,107200,109700,44555,0.024276377217553602
2023-03-29,109800,114200,109600,113700,67101,0.03646308113035546
2023-03-30,113700,113700,111100,111500,41244,-0.019349164467898028
2023-03-31,111600,113600,111300,112600,29369,0.009865470852017832
2023-04-03,113700,117500,113700,115500,78857,0.0257548845470692
2023-04-04,116500,118400,114200,115700,58237,0.0017316017316018062
2023-04-05,116300,116300,113700,115600,48061,-0.0008643042350907626
2023-04-06,115600,115600,113000,113000,44182,-0.02249134948096887
2023-04-07,113300,114400,112900,113000,24058,0.0
2023-04-10,112700,112700,110700,111400,37255,-0.01415929203539823
2023-04-11,112000,123400,110900,123300,244626,0.106822262118492
2023-04-12,127100,132400,125800,128700,381290,0.04379562043795615
2023-04-13,129800,129800,123500,124700,131473,-0.0310800310800311
2023-04-14,126000,128600,124400,125600,89115,0.0072173215717723505
2023-04-17,126000,128500,124200,125100,53790,-0.00398089171974525
2023-04-18,125100,125100,118700,120400,126824,-0.037569944044764214
2023-04-19,120500,122800,119500,122800,58104,0.019933554817275656
2023-04-20,121700,121900,117300,117800,66409,-0.04071661237785018
2023-04-21,117900,118500,114500,116900,45620,-0.007640067911714787
2023-04-24,117500,124400,117300,124000,148726,0.06073567151411452
2023-04-25,123500,127000,120700,124600,128911,0.004838709677419395
2023-04-26,125700,127600,122100,124700,122483,0.0008025682182986049
2023-04-27,124400,125600,122500,122600,32887,-0.016840417000801966
2023-04-28,123400,123400,120400,122800,51104,0.0016313213703098572
2023-05-02,123000,126500,122800,124500,66151,0.01384364820846895
2023-05-03,124700,125200,119700,119700,76047,-0.03855421686746985
2023-05-04,120300,127400,120000,125000,83137,0.044277360066833804
2023-05-08,126000,127400,123500,124000,46867,-0.008000000000000007
2023-05-09,123500,125000,121500,124900,35745,0.007258064516129092
2023-05-10,124600,128000,123200,126300,89466,0.011208967173738982
2023-05-11,126900,126900,123300,124500,47358,-0.014251781472684133
2023-05-12,123900,126200,121800,124500,61277,0.0
2023-05-15,124000,124000,121000,122800,45257,-0.013654618473895597
2023-05-16,125300,125400,119200,119600,57987,-0.026058631921824116
2023-05-17,120700,127500,120100,127500,141937,0.06605351170568552
2023-05-18,127000,127500,125600,126600,48455,-0.007058823529411784
2023-05-19,127000,127300,123800,124300,35545,-0.018167456556082096
2023-05-22,124900,128600,124000,128100,75627,0.03057119871279168
2023-05-23,128200,129200,126000,127700,65670,-0.0031225604996096834
2023-05-24,126500,127800,126000,126100,35562,-0.012529365700861383
2023-05-25,126500,126600,123800,124300,40154,-0.014274385408405976
2023-05-26,123900,125500,123200,124100,22538,-0.0016090104585679832
2023-05-30,125000,125100,122100,123000,38476,-0.008863819500402936
2023-05-31,122500,126800,122500,126000,45077,0.024390243902439046
2023-06-01,126000,126000,123000,123700,41950,-0.0182539682539683
2023-06-02,124300,124900,122900,124800,34217,0.008892481810832686
2023-06-05,125400,127500,124100,127200,53463,0.019230769230769162
2023-06-07,128000,128100,124800,126400,60436,-0.0062893081761006275
2023-06-08,126200,127800,125200,126200,39202,-0.0015822784810126667
2023-06-09,126200,126400,125300,125900,34428,-0.002377179080824132
2023-06-12,125400,125800,122600,123000,61040,-0.023034154090548098
2023-06-13,123600,123900,122600,123300,37181,0.0024390243902439046
2023-06-14,122500,124000,121100,121900,47444,-0.01135442011354415
2023-06-15,121500,123400,120700,121300,41065,-0.004922067268252617
2023-06-16,122100,124100,121900,124100,106015,0.02308326463314092
2023-06-19,124500,124500,120900,121600,52332,-0.02014504431909747
2023-06-20,121300,121500,119600,120000,37234,-0.013157894736842146
2023-06-21,120200,124200,120000,122700,60366,0.022499999999999964
2023-06-22,122200,122200,120200,120800,35799,-0.015484922575387139
2023-06-23,121000,121000,119600,119800,22638,-0.008278145695364225
2023-06-26,120000,121000,119300,119500,24530,-0.0025041736227044975
2023-06-27,119300,121600,119100,121100,20471,0.013389121338912124
2023-06-28,121300,133400,120800,132100,308705,0.09083402146985953
2023-06-29,131500,140000,130000,138900,498474,0.051476154428463206
2023-06-30,139200,147500,139000,140200,270382,0.009359251259899226
2023-07-03,140500,147000,140000,141700,179589,0.010699001426533572
2023-07-04,142900,149500,142900,145900,190317,0.029640084685956136
2023-07-05,147800,151900,145000,146500,159536,0.004112405757368043
2023-07-06,147500,153900,146400,151300,234825,0.032764505119453835
2023-07-07,154700,154700,142400,146400,179603,-0.032385988103106444
2023-07-10,146400,149500,142600,146400,103747,0.0
2023-07-11,148000,151000,146100,149500,78835,0.02117486338797825
2023-07-12,149500,149600,145000,147200,110522,-0.01538461538461533
2023-07-13,147500,149100,145800,146500,89678,-0.004755434782608647
2023-07-14,147000,160000,147000,159000,334768,0.0853242320819112
2023-07-17,157800,160500,148400,149500,284707,-0.05974842767295596
2023-07-18,151000,151900,147000,151400,185382,0.012709030100334529
2023-07-19,151400,152900,144300,147600,193172,-0.02509907529722588
2023-07-20,146700,148400,145800,146700,50091,-0.0060975609756097615
2023-07-21,145600,150100,143600,148500,98558,0.012269938650306678
2023-07-24,148500,148500,142500,142600,105122,-0.03973063973063973
2023-07-25,143000,147600,142600,143500,93893,0.006311360448807868
2023-07-26,143700,143800,138200,141100,112356,-0.01672473867595814
2023-07-27,143200,149700,137600,139600,155766,-0.010630758327427325
2023-07-28,138600,142000,138100,141300,57083,0.012177650429799458
2023-07-31,145000,157700,142800,153000,333653,0.08280254777070062
2023-08-01,154000,154000,147800,151200,171088,-0.0117647058823529
2023-08-02,151100,165000,150900,160000,445990,0.05820105820105814
2023-08-03,160000,162400,151400,153200,192751,-0.04249999999999998
2023-08-04,154500,160900,150700,157100,137896,0.025456919060052208
2023-08-07,157000,171500,156200,164500,327368,0.04710375556970092
2023-08-08,164000,167500,160300,166100,107386,0.009726443768997006
2023-08-09,165000,165900,162500,163200,97608,-0.017459361830222786
2023-08-10,161900,161900,155300,155300,132823,-0.04840686274509809
2023-08-11,156000,159500,153800,155500,93811,0.0012878300064391723
2023-08-14,153900,157200,151900,154600,47151,-0.005787781350482302
2023-08-16,154000,156000,150000,151300,83650,-0.021345407503234104
2023-08-17,150800,154000,145300,153000,70836,0.011235955056179803
2023-08-18,150400,154400,150000,152400,41878,-0.0039215686274509665
2023-08-21,152900,154000,150200,153100,42501,0.0045931758530184386
2023-08-22,152600,156400,151500,151500,54276,-0.0104506858262573
2023-08-23,151600,157200,151000,156000,72127,0.02970297029702973
2023-08-24,157600,159100,154300,156800,59317,0.00512820512820511
2023-08-25,155000,156100,150000,150100,68849,-0.04272959183673475
2023-08-28,150500,154500,148000,154000,49394,0.025982678214523602
2023-08-29,155000,157300,153200,155600,37565,0.010389610389610393
2023-08-30,158100,176600,158100,174900,387722,0.12403598971722363
2023-08-31,176000,176900,171200,175700,181606,0.004574042309891446
2023-09-01,175800,193700,175700,189900,419791,0.08081957882754698
2023-09-04,189700,197800,186500,189600,212012,-0.0015797788309637184
2023-09-05,193600,193900,187900,189500,114465,-0.0005274261603375185
2023-09-06,189200,207000,187200,200500,347660,0.05804749340369386
2023-09-07,201000,219000,200000,215500,389952,0.07481296758104738
2023-09-08,219000,223000,210500,217500,226199,0.009280742459396807
2023-09-11,220500,240000,218000,240000,401235,0.10344827586206895
2023-09-12,249000,263000,201000,204500,875662,-0.1479166666666667
2023-09-13,201500,206000,188000,191100,666741,-0.06552567237163809
2023-09-14,191800,198300,189100,193000,342687,0.009942438513867113
2023-09-15,191100,198300,187700,189700,278764,-0.01709844559585494
2023-09-18,188900,192000,185200,185400,183287,-0.022667369530838144
2023-09-19,185900,188400,181800,183800,146075,-0.008629989212513456
2023-09-20,184300,187400,180500,181400,141188,-0.01305767138193692
2023-09-21,181400,183200,175600,176000,125681,-0.029768467475192906
2023-09-22,173000,186300,172500,181800,200499,0.03295454545454546
2023-09-25,182800,182800,173500,176900,111495,-0.026952695269526927
2023-09-26,176200,182200,175800,178300,84971,0.007914075749010818
2023-09-27,177300,187700,177300,186600,183152,0.046550757150869426
2023-10-04,181100,183000,176600,177100,121419,-0.050911039657020374
2023-10-05,180500,180700,167500,172100,139063,-0.028232636928289145
2023-10-06,170500,183700,170500,181100,111065,0.052295177222545064
2023-10-10,180300,181000,172300,173000,104060,-0.04472667034787414
2023-10-11,177700,178000,172700,174700,77465,0.009826589595375745
2023-10-12,178500,185400,178000,180100,114333,0.030910131654264372
2023-10-13,180200,180200,174200,176700,69254,-0.01887840088839532
2023-10-16,173000,174200,169500,171500,78617,-0.029428409734012395
2023-10-17,173300,174500,169100,171300,67632,-0.0011661807580174433
2023-10-18,170500,172500,168200,170400,59150,-0.005253940455341555
2023-10-19,167100,167100,162000,163300,122778,-0.04166666666666663
2023-10-20,161000,162300,155400,157900,117378,-0.03306797305572562
2023-10-23,157000,162100,157000,159100,53162,0.007599746675110763
2023-10-24,160600,163400,154200,162400,68570,0.020741671904462633
2023-10-25,164300,169400,163200,166000,100158,0.022167487684729092
2023-10-26,161300,162900,157700,158400,90310,-0.04578313253012045
2023-10-27,158400,163900,152900,153900,123987,-0.02840909090909094
2023-10-30,151200,151200,138000,140000,330318,-0.09031838856400265
2023-10-31,141100,141200,129400,130000,273435,-0.0714285714285714
2023-11-01,132000,134400,130000,130500,107381,0.0038461538461538325
2023-11-02,134000,137400,133100,133300,143978,0.0214559386973181
2023-11-03,136100,142700,136100,140100,177068,0.05101275318829712
2023-11-06,143300,148300,142000,146600,177388,0.04639543183440398
2023-11-07,146600,146600,138700,140200,140114,-0.043656207366984945
2023-11-08,141000,141300,136200,136600,123241,-0.025677603423680417
2023-11-09,137300,140500,135000,139800,86610,0.02342606149341142
2023-11-10,137100,137400,133300,135900,89714,-0.027896995708154515
2023-11-13,137200,138000,133500,134700,58989,-0.008830022075055233
2023-11-14,135700,143700,135700,143600,132565,0.06607275426874537
2023-11-15,147700,151300,143600,150600,196476,0.04874651810584951
2023-11-16,152000,162500,152000,159700,369296,0.06042496679946874
2023-11-17,161800,165000,156500,163300,255886,0.02254226675015647
2023-11-20,158300,166700,156000,163600,176544,0.001837109614206911
2023-11-21,164400,172800,163000,164300,176621,0.0042787286063570296
2023-11-22,162000,172400,161800,171500,156846,0.04382227632379787
2023-11-23,171000,174300,168800,169500,124030,-0.011661807580174877
2023-11-24,169000,173300,165100,172700,144531,0.01887905604719764
2023-11-27,172800,183800,169000,181800,255821,0.0526925303995367
2023-11-28,182300,188900,178100,184000,290451,0.012101210121012063
2023-11-29,183000,196600,181500,191200,394295,0.03913043478260869
2023-11-30,191800,193500,184000,185000,342504,-0.03242677824267781
2023-12-01,183200,186500,175400,177300,313544,-0.04162162162162164
2023-12-04,174500,180000,172400,173600,158230,-0.020868584320360983
2023-12-05,172300,175700,170900,172200,122424,-0.008064516129032251
2023-12-06,173500,178100,173200,175100,108604,0.016840882694541204
2023-12-07,174500,178800,169300,171300,119982,-0.021701884637350122
2023-12-08,173200,175000,170000,174500,86978,0.018680677174547577
2023-12-11,174400,178700,170900,171600,122501,-0.01661891117478509
2023-12-12,169800,171800,165900,168200,139348,-0.019813519813519864
2023-12-13,168000,168400,163600,164300,111978,-0.023186682520808577
2023-12-14,166700,171500,165500,171000,163459,0.04077906269020093
2023-12-15,171800,177000,170200,172000,137654,0.005847953216374213
2023-12-18,172000,176700,169800,175500,90716,0.02034883720930236
2023-12-19,176300,177000,173600,176500,67615,0.005698005698005604
2023-12-20,177900,190800,175500,190500,288300,0.07932011331444766
2023-12-21,187100,205500,187100,203000,580641,0.06561679790026242
2023-12-22,205500,207000,198400,202500,214006,-0.0024630541871921707
2023-12-26,203000,205000,193400,196800,203509,-0.028148148148148144
2023-12-27,196500,216000,196500,211500,268592,0.07469512195121952
2023-12-28,213000,214500,205500,211500,161220,0.0
2024-01-02,212500,214000,199000,199400,290140,-0.05721040189125293
2024-01-03,197300,197400,188500,189500,247614,-0.04964894684052157
2024-01-04,187500,197300,187100,191900,214081,0.01266490765171513
2024-01-05,189500,191000,183600,184700,208631,-0.037519541427826986
2024-01-08,186200,191900,186100,189000,183972,0.023280996210070404
2024-01-09,190900,192100,185100,187500,123782,-0.007936507936507908
2024-01-10,187600,192400,185700,190700,122290,0.017066666666666563
2024-01-11,191200,192900,188500,192000,100366,0.0068169900367067715
2024-01-12,191000,191900,182200,185200,141617,-0.03541666666666665
2024-01-15,183700,186200,181900,184000,81481,-0.006479481641468721
2024-01-16,184100,185700,179600,180200,81085,-0.020652173913043526
2024-01-17,180000,180900,173400,174800,149212,-0.029966703662597127
2024-01-18,174000,176900,170500,174700,139929,-0.0005720823798627261
2024-01-19,177200,182000,175400,177000,114303,0.013165426445334916
2024-01-22,178500,184100,173500,182600,122393,0.031638418079096065
2024-01-23,180800,181400,176100,176200,99798,-0.035049288061336226
2024-01-24,175700,177100,172000,173500,100750,-0.015323496027241812
2024-01-25,172500,177800,171200,175000,127124,0.008645533141210304
2024-01-26,176800,181000,175600,178200,133566,0.01828571428571424
2024-01-29,178000,178000,155900,156100,535596,-0.12401795735129073
2024-01-30,157100,157400,148200,148800,404588,-0.046764894298526594
2024-01-31,148600,152700,147800,148000,193869,-0.005376344086021501
2024-02-01,150000,155400,149100,151300,228320,0.022297297297297236
2024-02-02,151900,156400,150900,155300,159436,0.026437541308658385
2024-02-05,157000,161900,154500,154600,217360,-0.004507405022536992
2024-02-06,153800,155300,149800,150300,125935,-0.02781371280724454
2024-02-07,150300,153500,147900,149700,167325,-0.003992015968063867
2024-02-08,151100,155100,150700,154300,129140,0.030728122912491607
2024-02-13,154700,159600,154700,156800,141207,0.01620220349967605
2024-02-14,154000,158900,152600,158700,120011,0.01211734693877542
2024-02-15,161500,161500,156500,156700,96320,-0.012602394454946486
2024-02-16,157500,158700,155200,156800,81074,0.0006381620931716903
2024-02-19,156000,157200,153800,155300,98144,-0.00956632653061229
2024-02-20,155200,161000,154500,156000,128353,0.004507405022537103
2024-02-21,155300,155900,152800,152800,90884,-0.02051282051282055
2024-02-22,153300,155300,152100,154800,82587,0.01308900523560208
2024-02-23,155400,155800,152600,152600,83815,-0.014211886304909549
2024-02-26,152100,153700,150500,150600,88372,-0.013106159895150737
2024-02-27,150100,151100,149000,149100,96138,-0.009960159362549792
2024-02-28,148500,153000,148300,150100,105352,0.0067069081153587895
2024-02-29,150000,151400,148000,149300,67184,-0.00532978014656893
2024-03-04,150100,151600,147200,147300,122173,-0.01339584728734089
2024-03-05,146200,150900,145800,146400,107637,-0.006109979633401208
2024-03-06,146400,148000,145100,145800,79007,-0.004098360655737654
2024-03-07,146100,150500,145000,146600,132144,0.005486968449931462
2024-03-08,148000,149200,145900,146300,74896,-0.0020463847203274765
2024-03-11,146100,149000,145600,146300,71261,0.0
2024-03-12,146100,148700,146000,146300,72573,0.0
2024-03-13,147000,150800,146600,150600,139334,0.029391660970608413
2024-03-14,150100,150300,148500,149900,83613,-0.004648074369189903
2024-03-15,149900,149900,144500,144500,228097,-0.03602401601067373
2024-03-18,145200,145200,141700,142600,107191,-0.01314878892733562
2024-03-19,142900,143700,141500,141800,65368,-0.005610098176718092
2024-03-20,142800,149500,142800,145900,150118,0.028913963328631942
2024-03-21,148500,150400,145100,148800,110263,0.01987662782727906
2024-03-22,150200,151800,146600,147300,104029,-0.01008064516129037
2024-03-25,147100,148000,143400,143800,96066,-0.023761031907671426
2024-03-26,143900,146000,143800,144600,53207,0.0055632823365785455
2024-03-27,145500,151300,142900,151100,194646,0.044951590594744184
2024-03-28,152700,152700,146800,147400,156707,-0.024487094639311757
2024-03-29,148000,148400,143700,144000,106073,-0.023066485753052923
2024-04-01,145000,147700,145000,146400,61374,0.016666666666666607
2024-04-02,148000,151500,147500,148700,190590,0.015710382513661303
2024-04-03,148700,148700,145500,145700,92390,-0.02017484868863484
2024-04-04,146500,147100,144200,147100,65132,0.009608785175017065
2024-04-05,145600,147200,144500,145000,54864,-0.014276002719238567
2024-04-08,147300,154000,146900,154000,386081,0.06206896551724128
2024-04-09,157000,158500,150100,150300,290721,-0.02402597402597406
2024-04-11,149100,151600,148000,150600,95334,0.001996007984031989
2024-04-12,152000,152000,148500,149400,92887,-0.007968127490039834
2024-04-15,147300,148600,145000,147700,88356,-0.011378848728246349
2024-04-16,145900,149300,142000,142000,141774,-0.03859174001354093
2024-04-17,143000,143400,136300,136300,204787,-0.04014084507042248
2024-04-18,136100,138500,135600,138300,79892,0.014673514306676516
2024-04-19,138000,138500,133500,136000,83456,-0.016630513376717282
2024-04-22,138000,141700,137900,141300,76970,0.0389705882352942
2024-04-23,142000,143100,139700,140200,57161,-0.007784854918612916
2024-04-24,143200,154700,142500,154200,413460,0.09985734664764623
2024-04-25,152900,153600,150200,151500,114046,-0.017509727626459193
2024-04-26,154200,154500,150000,153700,102742,0.014521452145214608
2024-04-29,157100,162500,153200,161400,436688,0.050097592713077344
2024-04-30,170000,173500,154000,154000,1092422,-0.045848822800495626
2024-05-02,155000,160800,150600,151600,343019,-0.01558441558441559
2024-05-03,151200,154300,151000,151900,148094,0.0019788918205805306
2024-05-07,152300,156600,152300,154600,120228,0.0177748518762344
2024-05-08,153200,156100,152000,152700,77473,-0.012289780077619716
2024-05-09,151300,152500,148300,148500,152826,-0.027504911591355596
2024-05-10,148500,149500,145700,145800,127750,-0.018181818181818188
2024-05-13,145800,148300,145100,148300,69340,0.01714677640603557
2024-05-14,148800,151900,147000,150500,80122,0.014834794335805812
2024-05-16,150600,151600,148900,150400,60470,-0.0006644518272425071
2024-05-17,149400,150200,148100,148200,52472,-0.0146276595744681
2024-05-20,148200,150700,146700,150400,59561,0.014844804318488558
2024-05-21,150100,152000,148300,151200,64409,0.005319148936170137
2024-05-22,152400,155000,149800,155000,124584,0.025132275132275117
2024-05-23,155500,155500,152500,152900,74249,-0.013548387096774195
2024-05-24,151100,153800,150500,153100,56028,0.001308044473512071
2024-05-27,153700,153800,150300,152500,69154,-0.003919007184846501
2024-05-28,155800,157800,152100,152100,112840,-0.0026229508196721207
2024-05-29,152700,152700,149100,149100,68326,-0.01972386587771202
2024-05-30,148600,150000,147900,147900,48145,-0.008048289738430636
2024-05-31,148300,149200,147500,148000,38752,0.0006761325219744041
2024-06-03,149000,152300,148700,150100,54072,0.01418918918918921
2024-06-04,148800,150500,148800,148800,34032,-0.008660892738174497
2024-06-05,149700,149700,146700,147400,83033,-0.009408602150537626
2024-06-07,147800,148200,146400,146800,45475,-0.004070556309362261
2024-06-10,145900,148700,145500,148100,48816,0.008855585831062607
2024-06-11,148000,148500,146400,147000,41452,-0.007427413909520619
2024-06-12,147000,147500,146400,147300,36625,0.0020408163265306367
2024-06-13,148500,153700,148000,152700,189125,0.03665987780040725
2024-06-14,153900,159700,151200,155200,394309,0.016371971185330736
2024-06-17,155300,159100,151300,153500,152029,-0.010953608247422641
2024-06-18,157500,163000,156600,161700,388097,0.053420195439739304
2024-06-19,163400,163500,155200,156000,280739,-0.03525046382189234
2024-06-20,156600,159300,154000,155400,108000,-0.0038461538461538325
2024-06-21,156000,157400,153500,156700,78024,0.008365508365508312
2024-06-24,156200,158600,155500,156800,57306,0.0006381620931716903
2024-06-25,156400,162300,156400,160600,160947,0.02423469387755106
2024-06-26,162000,162000,157500,159000,113869,-0.00996264009962644
2024-06-27,159800,161300,158000,160700,77676,0.010691823899371178
2024-06-28,161000,167300,159500,164400,211039,0.023024268823895522
2024-07-01,166600,168700,162100,162600,147057,-0.010948905109489093
2024-07-02,165000,165200,156500,157400,142053,-0.03198031980319804
2024-07-03,161000,172800,160200,168300,569958,0.06925031766200762
2024-07-04,172600,178000,170500,174000,402884,0.033868092691622165
2024-07-05,172900,174300,168300,170500,221151,-0.02011494252873558
2024-07-08,171500,178500,171100,177000,234418,0.038123167155425186
2024-07-09,177300,181000,174400,176600,179761,-0.002259887005649719
2024-07-10,176600,179000,170700,177300,174172,0.003963759909399789
2024-07-11,177600,181900,175000,175000,168755,-0.012972363226170347
2024-07-12,168600,172000,165900,166500,252181,-0.0485714285714286
2024-07-15,167500,169200,164900,169000,88965,0.01501501501501501
2024-07-16,170100,175800,169500,175400,196405,0.037869822485207205
2024-07-17,176500,176500,169200,169300,120123,-0.03477765108323827
2024-07-18,165500,169100,165500,166000,85485,-0.019492025989367945
2024-07-19,165900,166000,161000,163000,91394,-0.01807228915662651
2024-07-22,161600,163000,157400,159500,111526,-0.021472392638036797
2024-07-23,160600,162600,158400,158400,86894,-0.006896551724137945
2024-07-24,158500,159400,155200,158900,70242,0.0031565656565657463
2024-07-25,156000,156700,153900,154300,82822,-0.028949024543738155
2024-07-26,154000,167300,148000,166500,306342,0.0790667530784186
2024-07-29,166700,172000,164000,170200,179185,0.022222222222222143
2024-07-30,169000,172400,165500,165800,86270,-0.025851938895417148
2024-07-31,166000,166500,160200,164300,60712,-0.009047044632086831
2024-08-01,165000,169900,165000,166800,59827,0.015216068167985375
2024-08-02,162000,162400,157700,157800,105892,-0.0539568345323741
2024-08-05,151100,154000,139700,144500,178185,-0.08428390367553862
2024-08-06,146200,153200,146100,151000,96300,0.04498269896193774
2024-08-07,148300,157000,148300,155600,67864,0.030463576158940464
2024-08-08,152000,155200,150000,154500,48931,-0.007069408740359884
2024-08-09,158000,158100,153900,155600,41605,0.007119741100323651
2024-08-12,156500,157400,153400,153500,43573,-0.01349614395886889
2024-08-13,153500,155100,150000,150500,41651,-0.019543973941368087
2024-08-14,152300,152800,150300,150900,41528,0.0026578073089700283
2024-08-16,154500,160600,153300,160400,106267,0.06295559973492382
2024-08-19,160400,161800,157800,158900,59404,-0.009351620947630868
2024-08-20,159100,161500,157500,161400,49988,0.01573316551290116
2024-08-21,160400,162400,159300,161100,41120,-0.0018587360594795044
2024-08-22,162000,162600,155500,155800,67384,-0.032898820608317836
2024-08-23,154800,157600,154000,157500,36654,0.010911424903722766
2024-08-26,158000,158800,154400,154700,41800,-0.01777777777777778
2024-08-27,154300,156400,151000,155300,50354,0.003878474466709747
2024-08-28,156400,164500,155000,163200,104544,0.05086928525434642
2024-08-29,165700,168700,161400,163200,182949,0.0
2024-08-30,164800,166100,159900,161300,70732,-0.011642156862745057
2024-09-02,162000,163100,159300,163100,55223,0.011159330440173587
2024-09-03,163300,163300,155000,155000,107803,-0.049662783568362956
2024-09-04,150000,153400,148000,152100,53853,-0.01870967741935481
2024-09-05,153800,156400,151900,155200,60574,0.020381328073635796
2024-09-06,157100,161400,152400,153000,155332,-0.014175257731958713
2024-09-09,150000,157000,148500,155700,56218,0.01764705882352935
2024-09-10,157700,158000,151500,151700,32934,-0.025690430314707746
2024-09-11,153000,160000,152800,155600,79835,0.02570863546473312
2024-09-12,157100,158500,155700,157100,24041,0.009640102827763508
2024-09-13,159000,164400,159000,160300,127017,0.020369191597708447
2024-09-19,163400,165800,161000,165400,87327,0.0318153462258266
2024-09-20,166000,168800,163700,165300,106855,-0.0006045949214026347
2024-09-23,167000,167100,162700,165800,56723,0.003024803387779773
2024-09-24,167700,168000,160700,162900,109646,-0.017490952955367955
2024-09-25,163000,163100,158500,159000,76610,-0.023941068139963217
2024-09-26,160700,161900,159000,161900,78511,0.01823899371069193
2024-09-27,162400,162400,159400,159700,45187,-0.013588634959851742
2024-09-30,160400,160400,156000,156300,60898,-0.02128991859737006
2024-10-02,155500,156600,153700,155200,42449,-0.00703774792066536
2024-10-04,155000,158600,153400,158500,38325,0.02126288659793807
2024-10-07,160400,161200,158200,158900,41516,0.0025236593059936308
2024-10-08,157200,157300,154100,154100,71628,-0.030207677784770293
2024-10-10,155000,156100,153800,154000,48710,-0.0006489292667098967
2024-10-11,154100,154800,150000,150300,94155,-0.02402597402597406
2024-10-14,149000,149800,142900,143100,200940,-0.04790419161676651
2024-10-15,143100,144700,142700,143000,78068,-0.0006988120195667857
2024-10-16,142500,147700,141900,146300,90659,0.023076923076922995
2024-10-17,145500,145800,142500,142800,75375,-0.02392344497607657
2024-10-18,142800,143900,139600,139800,77547,-0.021008403361344574
2024-10-21,139900,140600,138000,138700,55896,-0.007868383404864066
2024-10-22,139000,139600,135100,135400,73093,-0.023792357606344683
2024-10-23,136100,140600,134500,140600,57191,0.03840472673559825
2024-10-24,140500,141000,139100,139700,32723,-0.006401137980085347
2024-10-25,141000,144600,139800,142300,57386,0.018611309949892574
2024-10-28,142400,142800,141100,142000,24792,-0.0021082220660576523
2024-10-29,142000,142000,138700,140100,35437,-0.013380281690140827
2024-10-30,140600,141700,137600,138000,41161,-0.01498929336188437
2024-10-31,139000,139000,134700,135100,62247,-0.021014492753623215
2024-11-01,134100,134800,131000,131100,74934,-0.02960769800148033
2024-11-04,131100,133200,130500,132500,38381,0.01067887109077037
2024-11-05,132500,133300,132000,132600,19221,0.0007547169811321641
2024-11-06,133500,133600,128700,128700,50366,-0.02941176470588236
2024-11-07,130800,141500,130800,138700,186508,0.07770007770007781
2024-11-08,138700,144400,137000,143500,95711,0.03460706560922855
2024-11-11,144200,144400,140100,142300,63645,-0.00836236933797907
2024-11-12,143200,145400,137200,137800,80791,-0.03162333099086434
2024-11-13,136200,136700,128800,129000,103728,-0.06386066763425258
2024-11-14,129300,133200,128400,128400,48492,-0.0046511627906976605
2024-11-15,127600,129400,123000,127800,85035,-0.004672897196261627
2024-11-18,129300,142900,128500,141100,165200,0.10406885758998441
2024-11-19,144000,149800,142800,147900,246916,0.04819277108433728
2024-11-20,148500,148500,144600,146000,68149,-0.01284651791751179
2024-11-21,145800,145900,142600,143500,42038,-0.017123287671232834
2024-11-22,144400,145900,142100,145800,46861,0.016027874564459976
2024-11-25,146500,146500,141900,143200,70854,-0.017832647462277085
2024-11-26,143500,143500,139200,140400,46958,-0.019553072625698276
2024-11-27,140700,146700,138600,145700,88895,0.03774928774928776
2024-11-28,145700,145700,140200,141400,50654,-0.029512697323267
2024-11-29,142300,143000,139200,140000,37498,-0.00990099009900991
2024-12-02,139400,141500,133100,133100,82828,-0.049285714285714266
2024-12-03,134000,134700,132900,134200,44220,0.008264462809917328
2024-12-04,130200,133500,130100,131800,48149,-0.01788375558867361
2024-12-05,132800,132900,130200,131200,31247,-0.004552352048558417
2024-12-06,131200,132400,124500,129200,80307,-0.015243902439024404
2024-12-09,124100,128600,123800,124500,67183,-0.03637770897832815
2024-12-10,124900,131000,124900,130600,45292,0.048995983935743004
2024-12-11,131000,133200,129100,132900,31707,0.01761102603369058
2024-12-12,135300,136300,132400,134200,55268,0.009781790820165615
2024-12-13,134000,134000,130600,132600,53199,-0.011922503725782407
2024-12-16,135500,137100,131500,131900,49022,-0.005279034690799378
2024-12-17,132600,133300,129700,130500,63001,-0.010614101592115288
2024-12-18,130500,137400,130300,137100,103660,0.05057471264367819
2024-12-19,133600,136600,132600,134400,53807,-0.01969365426695846
2024-12-20,133100,134400,130300,131500,46158,-0.02157738095238093
2024-12-23,132100,133300,130500,132300,23837,0.006083650190114032
2024-12-24,132400,132700,129000,129000,68686,-0.024943310657596363
2024-12-26,129600,130000,126400,127500,53395,-0.011627906976744207
2024-12-27,127400,128600,125600,126600,33315,-0.007058823529411784
2024-12-30,126500,127100,125000,126100,44930,-0.003949447077409185
2025-01-02,126700,135000,126700,135000,116483,0.070578905630452
2025-01-03,134000,134500,132000,132300,55805,-0.020000000000000018
2025-01-06,133800,134800,132100,134500,41395,0.016628873771730834
2025-01-07,134600,135500,131800,132400,65213,-0.015613382899628214
2025-01-08,131700,134300,130800,133300,52866,0.006797583081570968
2025-01-09,133300,135300,132700,133500,72873,0.0015003750937734317
2025-01-10,138300,146600,138200,142000,401806,0.06367041198501866
2025-01-13,141300,143400,138600,141100,107881,-0.006338028169014076
2025-01-14,142000,143800,139900,140400,52317,-0.0049610205527994555
2025-01-15,143000,144400,140300,140300,83175,-0.0007122507122506727
2025-01-16,142400,143100,141000,141500,42262,0.008553100498930766
2025-01-17,140700,140700,137600,138000,49022,-0.02473498233215543
2025-01-20,138500,138500,136000,136400,44524,-0.011594202898550732
2025-01-21,136400,139200,135800,138600,55656,0.016129032258064502
2025-01-22,138400,140300,137200,139700,38668,0.007936507936507908
2025-01-23,139700,139800,136900,137700,39484,-0.01431639226914816
2025-01-24,137900,142300,137000,138300,60123,0.004357298474945592
2025-01-31,138500,143600,138200,143000,91432,0.033984092552422185
2025-02-03,140200,146800,138000,144400,133052,0.009790209790209836
2025-02-04,145700,145800,140400,141300,101216,-0.02146814404432129
2025-02-05,142300,149900,142300,149900,191494,0.06086341118188243
2025-02-06,149900,149900,145800,147800,86075,-0.014009339559706513
2025-02-07,147800,150200,146100,147700,63882,-0.0006765899864682456
2025-02-10,147300,153200,147200,150800,143731,0.02098849018280302
2025-02-11,150800,151400,148000,148300,56722,-0.01657824933687002
2025-02-12,146900,147100,141600,141700,114805,-0.044504383007417436
2025-02-13,142800,144600,141400,141500,78694,-0.0014114326040931546
2025-02-14,142800,142800,139200,140500,53070,-0.007067137809187329
2025-02-17,140000,140500,138400,138900,67416,-0.011387900355871894
2025-02-18,138600,140500,138300,140500,48578,0.011519078473722022
2025-02-19,140000,141100,139300,140300,50589,-0.001423487544483959
2025-02-20,140500,141600,136800,137000,85273,-0.023521026372059883
2025-02-21,138100,140500,137400,138900,50687,0.013868613138686037
2025-02-24,137900,139800,136600,139000,33992,0.0007199424046075986
2025-02-25,138900,138900,136900,136900,37168,-0.015107913669064721
2025-02-26,136800,136900,134200,134800,67826,-0.015339663988312657
2025-02-27,134800,135400,133800,134500,31400,-0.002225519287833877
2025-02-28,133300,133900,131500,131700,43065,-0.020817843866171026
2025-03-04,129100,133000,129000,131500,25718,-0.0015186028853454436
2025-03-05,131600,134200,131300,132200,33978,0.005323193916349833
2025-03-06,133400,136800,132100,133000,82683,0.00605143721633894
2025-03-07,131400,135500,131400,133000,34965,0.0
2025-03-10,133000,134000,130100,130300,54851,-0.020300751879699264
2025-03-11,128300,131000,127300,129600,38972,-0.005372217958557135
2025-03-12,129600,137500,129600,134800,75336,0.04012345679012341
2025-03-13,136000,139300,134600,136700,95390,0.014094955489614147
2025-03-14,136700,138100,134900,136700,26470,0.0
2025-03-17,137200,137300,134100,134200,35664,-0.018288222384784225
2025-03-18,134700,134800,132100,132400,37761,-0.01341281669150518
2025-03-19,132400,133300,132300,133000,23774,0.004531722054380571
2025-03-20,133900,135000,131200,131600,35795,-0.010526315789473717
2025-03-21,131200,132700,131200,131900,27324,0.0022796352583587254
2025-03-24,132600,136600,131600,134400,49389,0.018953752843063
2025-03-25,139000,139200,134500,135200,77262,0.005952380952380931
2025-03-26,135900,136400,134900,135200,23154,0.0
2025-03-27,133500,134400,131000,131100,34512,-0.03032544378698221
2025-03-28,131000,131000,127700,128000,50955,-0.023646071700991644
2025-03-31,125500,127500,119000,119300,65753,-0.06796875000000002
2025-04-01,120100,121100,117800,120300,36100,0.0083822296730931
2025-04-02,120300,121000,118400,118500,21955,-0.014962593516209433
2025-04-03,114700,119400,114500,118400,35965,-0.0008438818565400519
2025-04-04,116200,119900,116200,119400,28019,0.008445945945946054
2025-04-07,115000,116400,111200,111500,44460,-0.06616415410385257
