Date,Open,High,Low,Close,Volume,Change
2022-01-03,4250,4430,4215,4250,347182,0.031553398058252524
2022-01-04,4245,4245,4130,4195,89122,-0.012941176470588234
2022-01-05,4185,4290,4050,4140,116259,-0.013110846245530383
2022-01-06,4130,4200,4050,4060,82637,-0.019323671497584516
2022-01-07,4060,4220,4060,4135,95770,0.018472906403940836
2022-01-10,4240,4500,4200,4375,749325,0.058041112454655375
2022-01-11,4300,4410,4230,4370,230952,-0.0011428571428571122
2022-01-12,4425,4470,4290,4330,185808,-0.009153318077803174
2022-01-13,4330,4350,4220,4250,93368,-0.018475750577367167
2022-01-14,4190,4275,4145,4180,81723,-0.016470588235294126
2022-01-17,4105,4180,4070,4100,92550,-0.019138755980861233
2022-01-18,4190,4190,3910,3960,132827,-0.034146341463414664
2022-01-19,3855,4050,3855,3960,74391,0.0
2022-01-20,3865,4050,3865,4050,53942,0.022727272727272707
2022-01-21,4110,4120,3960,4020,79897,-0.007407407407407418
2022-01-24,3980,4000,3765,3830,111163,-0.04726368159203975
2022-01-25,3830,3850,3635,3635,117372,-0.050913838120104415
2022-01-26,3600,3955,3600,3795,86118,0.044016506189821225
2022-01-27,3870,3950,3730,3780,72096,-0.0039525691699604515
2022-01-28,3780,3890,3745,3880,58096,0.02645502645502651
2022-02-03,3955,4025,3880,3960,51785,0.020618556701030855
2022-02-04,4005,4095,3950,4010,64220,0.012626262626262541
2022-02-07,4055,4230,4055,4105,149100,0.023690773067331694
2022-02-08,4200,4200,4055,4100,65047,-0.0012180267965895553
2022-02-09,4065,4220,4000,4200,104719,0.024390243902439046
2022-02-10,4200,4235,4100,4115,42550,-0.020238095238095277
2022-02-11,4115,4235,4040,4135,64632,0.004860267314702238
2022-02-14,3950,4015,3650,3740,221719,-0.09552599758162028
2022-02-15,3740,3800,3615,3640,68278,-0.0267379679144385
2022-02-16,3700,3955,3695,3930,94162,0.07967032967032961
2022-02-17,3985,4135,3920,4035,160354,0.026717557251908497
2022-02-18,3950,4240,3950,4230,327191,0.048327137546468446
2022-02-21,4190,4275,4030,4270,236991,0.009456264775413725
2022-02-22,4200,4505,4145,4350,499236,0.0187353629976581
2022-02-23,4370,4885,4370,4865,1322840,0.11839080459770113
2022-02-24,4835,4840,4510,4550,435297,-0.06474820143884896
2022-02-25,4650,4950,4620,4810,596854,0.05714285714285716
2022-02-28,5290,5320,4850,4950,1537392,0.029106029106028997
2022-03-02,4935,5210,4860,5050,478869,0.02020202020202011
2022-03-03,5150,5350,4990,5300,668128,0.04950495049504955
2022-03-04,5260,5400,5070,5150,465183,-0.028301886792452824
2022-03-07,5100,5150,4840,4895,400650,-0.04951456310679614
2022-03-08,4810,4945,4620,4830,422536,-0.013278855975485171
2022-03-10,5180,5350,4820,4875,573808,0.009316770186335477
2022-03-11,4875,5650,4875,5650,2335938,0.15897435897435908
2022-03-14,5600,5720,5110,5450,986393,-0.03539823008849563
2022-03-15,5450,5680,5290,5430,613514,-0.003669724770642202
2022-03-16,5460,5810,5400,5490,638724,0.011049723756906049
2022-03-17,5510,5530,5320,5440,329809,-0.00910746812386154
2022-03-18,5420,5490,5300,5350,301473,-0.016544117647058876
2022-03-21,5350,5360,5110,5150,390168,-0.03738317757009346
2022-03-22,5210,5380,5110,5340,251780,0.03689320388349504
2022-03-23,5340,5760,5250,5510,926972,0.03183520599250933
2022-03-24,5420,5940,5390,5720,1342586,0.038112522686025496
2022-03-25,5720,5990,5630,5950,898388,0.04020979020979021
2022-03-28,5900,6020,5660,5960,628908,0.001680672268907557
2022-03-29,5950,6500,5750,6260,1577799,0.05033557046979875
2022-03-30,6260,6350,6050,6060,479614,-0.03194888178913735
2022-03-31,6040,6360,5980,6290,372772,0.037953795379537913
2022-04-01,6310,6450,6150,6150,346162,-0.022257551669316422
2022-04-04,6080,6380,6000,6330,427593,0.029268292682926855
2022-04-05,6400,6740,6180,6600,956128,0.042654028436019065
2022-04-06,6600,6690,6320,6390,482159,-0.03181818181818186
2022-04-07,6400,6400,6120,6260,298438,-0.020344287949921713
2022-04-08,6220,6410,5970,6130,332010,-0.02076677316293929
2022-04-11,6200,6660,6130,6330,998918,0.03262642740619892
2022-04-12,6380,6390,6060,6090,361900,-0.03791469194312791
2022-04-13,6080,6210,6000,6170,132389,0.013136288998357948
2022-04-14,6210,6280,5970,6070,242051,-0.01620745542949753
2022-04-15,6070,6070,5810,5960,277741,-0.018121911037891292
2022-04-18,5930,6140,5850,5860,231506,-0.016778523489932917
2022-04-19,5870,5980,5640,5840,362271,-0.0034129692832765013
2022-04-20,5930,6030,5790,5980,187821,0.023972602739726012
2022-04-21,6130,6380,6050,6140,662223,0.026755852842809347
2022-04-22,6130,6140,5980,6030,157195,-0.01791530944625408
2022-04-25,5980,6200,5840,6000,217734,-0.00497512437810943
2022-04-26,6000,6110,5910,5960,191642,-0.00666666666666671
2022-04-27,5790,6000,5790,5940,168820,-0.003355704697986628
2022-04-28,6010,6010,5820,5830,154167,-0.01851851851851849
2022-04-29,5870,6000,5720,5810,172255,-0.0034305317324184736
2022-05-02,5790,5930,5740,5810,161357,0.0
2022-05-03,5900,6100,5660,5810,730723,0.0
2022-05-04,5950,6240,5840,6070,1046373,0.04475043029259895
2022-05-06,6020,6080,5810,5910,343185,-0.02635914332784184
2022-05-09,6160,6200,5100,5350,922175,-0.09475465313028764
2022-05-10,5210,5230,4875,5190,635925,-0.029906542056074792
2022-05-11,5200,5200,4965,5040,356981,-0.028901734104046284
2022-05-12,5070,5120,4770,4855,288052,-0.03670634920634919
2022-05-13,4950,5020,4835,4940,117628,0.01750772399588052
2022-05-16,5180,5180,4955,5120,221022,0.036437246963562764
2022-05-17,5190,5400,5130,5230,284483,0.021484375
2022-05-18,5270,5300,4860,4890,496322,-0.06500956022944548
2022-05-19,4750,4800,4455,4755,319517,-0.027607361963190136
2022-05-20,5130,5500,4940,5370,2123120,0.12933753943217674
2022-05-23,5620,6660,5410,5530,4204040,0.029795158286778367
2022-05-24,5580,5910,5370,5570,1194999,0.00723327305605781
2022-05-25,5580,5580,5060,5280,792253,-0.05206463195691202
2022-05-26,5270,5310,5060,5150,383970,-0.024621212121212155
2022-05-27,5180,5270,5060,5220,279719,0.013592233009708687
2022-05-30,5230,5540,5200,5320,331268,0.019157088122605304
2022-05-31,5400,5580,5260,5510,375440,0.03571428571428581
2022-06-02,5600,5870,5550,5730,1087815,0.03992740471869327
2022-06-03,5730,5890,5600,5820,454357,0.015706806282722585
2022-06-07,5800,6020,5800,5900,533889,0.013745704467353903
2022-06-08,5950,6400,5910,5910,1330874,0.0016949152542373724
2022-06-09,5990,5990,5700,5820,295438,-0.015228426395939132
2022-06-10,5820,5820,5480,5500,386046,-0.054982817869415834
2022-06-13,5400,5500,5100,5500,500888,0.0
2022-06-14,5350,6200,5230,6140,2478870,0.11636363636363645
2022-06-15,6050,6230,5820,6230,895370,0.014657980456026065
2022-06-16,6150,6220,5810,5930,587192,-0.0481540930979133
2022-06-17,5720,5900,5530,5640,437768,-0.04890387858347389
2022-06-20,5730,5760,5100,5200,528617,-0.07801418439716312
2022-06-21,5260,5300,5020,5180,287317,-0.0038461538461538325
2022-06-22,5270,5290,4795,5100,537710,-0.015444015444015413
2022-06-23,5250,5500,4810,4855,867853,-0.04803921568627456
2022-06-24,5070,5460,4880,5240,766621,0.07929969104016488
2022-06-27,5360,6150,5360,6100,1516430,0.16412213740458026
2022-06-28,6200,7900,6150,7390,11357227,0.2114754098360656
2022-06-29,7320,7750,7300,7500,3935074,0.014884979702300516
2022-06-30,7700,7770,7070,7070,2022071,-0.05733333333333335
2022-07-01,7070,7760,6810,7560,4079496,0.06930693069306937
2022-07-04,7650,8280,7060,7700,4399764,0.0185185185185186
2022-07-05,7720,7950,7100,7450,2165097,-0.03246753246753242
2022-07-06,7400,7680,6800,7000,1918075,-0.06040268456375841
2022-07-07,7330,8350,7030,7710,6279370,0.10142857142857142
2022-07-08,7840,8030,7120,7600,1853221,-0.014267185473411104
2022-07-11,7550,7670,7240,7440,900586,-0.021052631578947323
2022-07-12,7400,7630,7160,7510,852153,0.009408602150537737
2022-07-13,7350,7400,7040,7070,811351,-0.05858854860186413
2022-07-14,7050,7130,6870,6870,474359,-0.028288543140028266
2022-07-15,6870,6960,6300,6320,1025552,-0.08005822416302766
2022-07-18,6350,6580,6320,6470,589333,0.023734177215189778
2022-07-19,6470,7030,6400,6870,1127910,0.0618238021638331
2022-07-20,6930,7120,6690,7010,860718,0.020378457059679667
2022-07-21,7200,7200,6990,7010,459512,0.0
2022-07-22,7090,7090,6700,6730,575132,-0.03994293865905851
2022-07-25,6710,6790,6520,6640,226032,-0.013372956909361022
2022-07-26,6810,7480,6790,7290,2692759,0.09789156626506035
2022-07-27,7350,7720,7260,7510,1709764,0.030178326474622708
2022-07-28,7650,7730,7340,7730,917983,0.02929427430093212
2022-07-29,7700,7800,7450,7750,951687,0.002587322121604174
2022-08-01,7770,7930,7550,7570,703355,-0.023225806451612874
2022-08-02,7510,7660,7050,7150,1081129,-0.05548216644649939
2022-08-03,7150,7200,6920,7130,613770,-0.002797202797202747
2022-08-04,7130,7200,6980,7160,379447,0.004207573632538653
2022-08-05,7180,7450,7050,7430,661838,0.0377094972067038
2022-08-08,7490,7590,7380,7570,491665,0.018842530282638048
2022-08-09,7470,7670,7440,7670,518848,0.013210039630118908
2022-08-10,7740,8450,7590,8190,3537338,0.06779661016949157
2022-08-11,8280,8990,8070,8820,3457746,0.07692307692307687
2022-08-12,8870,8990,8540,8580,1217441,-0.027210884353741527
2022-08-16,8660,8800,8380,8620,1447715,0.004662004662004726
2022-08-17,7830,8350,7630,8140,3031489,-0.05568445475638051
2022-08-18,8040,8320,7950,8250,757727,0.013513513513513598
2022-08-19,8390,8960,8360,8650,2438624,0.048484848484848575
2022-08-22,8600,8780,8060,8200,969360,-0.052023121387283267
2022-08-23,8020,8590,7970,8350,931196,0.018292682926829285
2022-08-24,8480,8900,8200,8840,1038104,0.05868263473053892
2022-08-25,9030,9900,8840,9560,4115542,0.08144796380090491
2022-08-26,9510,10250,9090,9560,3241560,0.0
2022-08-29,9210,9940,9150,9530,1708745,-0.003138075313807498
2022-08-30,9850,9850,9260,9730,1119699,0.02098635886673672
2022-08-31,9600,11750,9500,11300,5583606,0.16135662898252834
2022-09-01,11300,11650,10850,11050,1829361,-0.02212389380530977
2022-09-02,11000,11150,10500,10650,1070347,-0.03619909502262442
2022-09-05,10600,11550,10400,11100,1461460,0.04225352112676051
2022-09-06,11100,11100,10650,10950,829934,-0.013513513513513487
2022-09-07,10800,10800,9700,9840,1847078,-0.10136986301369866
2022-09-08,9990,9990,9510,9520,946342,-0.03252032520325199
2022-09-13,9530,9620,8660,9050,1739672,-0.04936974789915971
2022-09-14,8580,8920,8420,8470,983572,-0.06408839779005526
2022-09-15,8570,9040,8490,9000,961740,0.06257378984651707
2022-09-16,9030,9060,8510,8510,610148,-0.054444444444444406
2022-09-19,8440,8600,8090,8170,731851,-0.0399529964747356
2022-09-20,8190,8590,8080,8490,868081,0.03916768665850667
2022-09-21,8510,9180,8410,8900,1506376,0.04829210836277964
2022-09-22,8690,8830,8360,8750,599833,-0.016853932584269704
2022-09-23,8690,8700,7720,7950,959761,-0.09142857142857141
2022-09-26,7680,7900,7120,7280,945802,-0.08427672955974841
2022-09-27,7280,7450,6980,7450,898657,0.02335164835164827
2022-09-28,7510,7510,6480,6700,1100436,-0.10067114093959728
2022-09-29,6900,7310,6870,6920,754355,0.032835820895522394
2022-09-30,6800,6950,6410,6670,824613,-0.036127167630057855
2022-10-04,6870,7060,6680,7030,499182,0.05397301349325345
2022-10-05,7150,7200,6620,6650,452613,-0.05405405405405406
2022-10-06,6690,7350,6680,7290,958577,0.09624060150375935
2022-10-07,7300,7730,7100,7490,1426816,0.027434842249657088
2022-10-11,7370,7370,6800,7040,626540,-0.060080106809078826
2022-10-12,7060,7150,6720,6960,499033,-0.011363636363636354
2022-10-13,6930,6930,6360,6490,513826,-0.06752873563218387
2022-10-14,6790,6790,5890,6300,1440129,-0.02927580893682591
2022-10-17,6120,6140,5690,5870,1247227,-0.06825396825396823
2022-10-18,6010,6020,5370,5510,2492865,-0.061328790459965976
2022-10-19,5510,5580,5330,5350,1162955,-0.029038112522686066
2022-10-20,5580,6330,5480,5860,5557770,0.09532710280373835
2022-10-21,5880,5900,5420,5430,1259546,-0.07337883959044367
2022-10-24,5590,5660,5360,5650,876027,0.04051565377532218
2022-10-25,5330,5340,4970,5010,1847879,-0.11327433628318584
2022-10-26,5120,5250,5000,5000,957938,-0.001996007984031989
2022-10-27,4950,5200,4950,5140,616030,0.028000000000000025
2022-10-28,5100,5260,5060,5150,497229,0.0019455252918287869
2022-10-31,5000,5230,4700,5070,881507,-0.01553398058252431
2022-11-01,5630,6290,5350,6030,5064245,0.18934911242603558
2022-11-02,5890,5900,5440,5500,1423712,-0.08789386401326704
2022-11-03,5350,5990,5270,5720,1562680,0.040000000000000036
2022-11-04,5630,5850,5570,5740,717092,0.0034965034965035446
2022-11-07,5770,5790,5550,5640,382777,-0.017421602787456414
2022-11-08,5660,5830,5590,5790,480066,0.02659574468085113
2022-11-09,6350,7480,6080,6880,7126541,0.18825561312607952
2022-11-10,6980,7900,6910,7570,4304279,0.10029069767441867
2022-11-11,8150,9430,8050,9250,6917742,0.22192866578599735
2022-11-14,9420,9420,8600,9100,1769110,-0.01621621621621616
2022-11-15,8800,9350,8260,8490,1960659,-0.06703296703296702
2022-11-16,8720,8970,8510,8750,1511008,0.03062426383981154
2022-11-17,8740,8740,7950,8090,1104922,-0.0754285714285714
2022-11-18,8070,8170,7670,7780,782953,-0.03831891223733008
2022-11-21,7810,7930,7510,7600,560512,-0.023136246786632397
2022-11-22,7700,8110,7700,8050,1365794,0.05921052631578938
2022-11-23,8180,8180,7790,7840,593749,-0.02608695652173909
2022-11-24,7930,8000,7810,7890,303701,0.0063775510204082675
2022-11-25,7940,8170,7880,8000,490099,0.013941698352344822
2022-11-28,8170,8170,7690,7720,370540,-0.03500000000000003
2022-11-29,7680,7730,7440,7660,301526,-0.007772020725388629
2022-11-30,7560,7720,7470,7620,360523,-0.005221932114882533
2022-12-01,7770,7810,7590,7640,302123,0.002624671916010568
2022-12-02,7640,7660,7380,7390,292093,-0.0327225130890052
2022-12-05,7450,7450,6710,7090,451175,-0.04059539918809196
2022-12-06,7000,7040,6780,6840,283470,-0.035260930888575404
2022-12-07,6680,6940,6680,6800,262700,-0.005847953216374324
2022-12-08,6810,6850,6510,6690,240161,-0.016176470588235348
2022-12-09,6690,6700,6480,6570,181254,-0.017937219730941756
2022-12-12,6520,6990,6510,6710,304562,0.021308980213089912
2022-12-13,6820,7440,6800,6890,1126353,0.02682563338301036
2022-12-14,6820,7100,6750,7030,289599,0.020319303338171224
2022-12-15,7450,7980,7000,7090,3465550,0.008534850640113723
2022-12-16,6830,6950,6650,6830,897449,-0.03667136812411853
2022-12-19,6710,6760,6510,6510,493715,-0.04685212298682284
2022-12-20,6500,6610,6310,6330,306424,-0.027649769585253448
2022-12-21,6440,6460,6310,6320,239040,-0.0015797788309637184
2022-12-22,6340,6460,6250,6320,236472,0.0
2022-12-23,6200,6210,6050,6140,306372,-0.02848101265822789
2022-12-26,6130,6150,5750,5770,546235,-0.06026058631921827
2022-12-27,5770,5960,5740,5930,292261,0.02772963604852685
2022-12-28,6030,6550,5920,6450,1125492,0.08768971332209108
2022-12-29,6460,6590,6230,6490,506991,0.006201550387596955
2023-01-02,6590,6660,6230,6310,301990,-0.027734976887519247
2023-01-03,6250,6310,6010,6180,258292,-0.020602218700475405
2023-01-04,6040,6310,5960,6230,314150,0.008090614886731462
2023-01-05,6300,6300,6030,6250,253497,0.0032102728731941976
2023-01-06,6140,6370,6120,6340,261521,0.014399999999999968
2023-01-09,6370,6930,6300,6850,781686,0.08044164037854884
2023-01-10,7130,7150,6700,6720,1498461,-0.01897810218978102
2023-01-11,6840,7200,6820,7160,1128436,0.06547619047619047
2023-01-12,7220,7590,7100,7500,1374474,0.04748603351955305
2023-01-13,7610,7640,7300,7610,1156227,0.014666666666666606
2023-01-16,7550,7660,7100,7120,1406762,-0.06438896189224708
2023-01-17,7090,7270,6830,6890,526801,-0.032303370786516905
2023-01-18,6810,6880,6690,6730,320593,-0.023222060957910018
2023-01-19,6830,7060,6800,6830,474398,0.014858841010401136
2023-01-20,6850,6900,6600,6900,272068,0.01024890190336758
2023-01-25,6920,6930,6730,6810,240178,-0.013043478260869601
2023-01-26,6810,6830,6710,6820,255621,0.001468428781204123
2023-01-27,6870,6960,6760,6770,241145,-0.007331378299120228
2023-01-30,6770,6840,6690,6730,296212,-0.005908419497784312
2023-01-31,6680,6810,6630,6730,208426,0.0
2023-02-01,6750,6790,6520,6570,391246,-0.02377414561664193
2023-02-02,6620,6700,6500,6650,308097,0.0121765601217656
2023-02-03,6650,6650,6550,6590,147024,-0.009022556390977488
2023-02-06,6550,6550,6370,6400,249051,-0.028831562974203306
2023-02-07,6340,6440,6300,6360,168031,-0.006249999999999978
2023-02-08,6400,6430,6330,6370,199213,0.0015723270440251014
2023-02-09,6370,6380,6250,6280,197240,-0.014128728414442682
2023-02-10,6300,6300,6100,6130,199676,-0.023885350318471388
2023-02-13,6130,6410,6110,6400,290022,0.04404567699836859
2023-02-14,6400,6470,6310,6340,134202,-0.009375000000000022
2023-02-15,6350,6350,6090,6100,239598,-0.03785488958990535
2023-02-16,6150,6180,6100,6130,116820,0.004918032786885185
2023-02-17,6090,6230,6050,6140,131833,0.0016313213703098572
2023-02-20,6120,6210,5960,6170,141980,0.004885993485342022
2023-02-21,6170,6420,6130,6350,215156,0.029173419773095732
2023-02-22,6260,6290,6140,6190,128517,-0.025196850393700787
2023-02-23,6300,6300,6120,6170,112227,-0.003231017770597755
2023-02-24,6240,6260,6070,6070,135287,-0.01620745542949753
2023-02-27,6070,6070,5950,5990,157460,-0.01317957166392092
2023-02-28,5990,6030,5830,5910,267044,-0.013355592654423987
2023-03-02,5850,6190,5850,6140,267294,0.03891708967851093
2023-03-03,6160,6190,5990,6070,125736,-0.01140065146579805
2023-03-06,6000,6080,5930,6070,224996,0.0
2023-03-07,6120,6240,5950,6180,272935,0.01812191103789118
2023-03-08,6080,6600,6040,6530,824122,0.05663430420711979
2023-03-09,6810,6930,6570,6690,1315200,0.02450229709035212
2023-03-10,6620,6850,6380,6380,576802,-0.046337817638266054
2023-03-13,6150,6550,6150,6280,280494,-0.01567398119122254
2023-03-14,6290,6320,5800,5870,377851,-0.0652866242038217
2023-03-15,5960,6350,5960,6230,305889,0.061328790459965976
2023-03-16,6250,6460,6160,6430,423729,0.0321027287319422
2023-03-17,6510,6890,6190,6360,919665,-0.010886469673405896
2023-03-20,6420,6520,6300,6450,262464,0.014150943396226356
2023-03-21,6590,6600,6450,6470,316851,0.0031007751937983663
2023-03-22,6500,6550,6250,6300,310553,-0.026275115919629055
2023-03-23,6300,6300,6050,6100,345185,-0.031746031746031744
2023-03-24,6090,6410,6090,6370,351724,0.04426229508196711
2023-03-27,6340,6560,6100,6500,489295,0.020408163265306145
2023-03-28,6590,6770,6500,6740,376375,0.036923076923076836
2023-03-29,6720,6940,6540,6930,820782,0.028189910979228516
2023-03-30,7020,7070,6770,6920,684448,-0.0014430014430014682
2023-03-31,6920,7870,6840,7720,3415516,0.11560693641618491
2023-04-03,7770,8020,7610,7970,1520013,0.032383419689119064
2023-04-04,7910,8870,7850,8610,2478991,0.08030112923462984
2023-04-05,8480,8510,7950,8200,1556243,-0.04761904761904767
2023-04-06,8150,8770,8100,8480,1266720,0.034146341463414664
2023-04-07,8580,8630,8310,8460,524488,-0.002358490566037763
2023-04-10,8460,8700,8050,8620,960744,0.01891252955082745
2023-04-11,8720,9000,8540,8850,908261,0.026682134570765736
2023-04-12,8850,9360,8830,9320,1325492,0.05310734463276834
2023-04-13,9500,9760,9230,9240,768136,-0.008583690987124415
2023-04-14,9260,9550,9030,9400,596905,0.017316017316017396
2023-04-17,9750,10660,9560,9970,2303847,0.06063829787234032
2023-04-18,9870,9960,8410,8660,2149817,-0.1313941825476429
2023-04-19,8660,8980,8600,8710,690599,0.005773672055427337
2023-04-20,8950,9200,8390,8600,768251,-0.012629161882893203
2023-04-21,8450,8870,8220,8720,527311,0.013953488372093092
2023-04-24,8850,8850,8300,8600,406904,-0.013761467889908285
2023-04-25,8770,9140,7970,8220,1020272,-0.04418604651162794
2023-04-26,8000,8090,7120,7670,1642165,-0.06690997566909973
2023-04-27,7200,7850,6930,7670,926190,0.0
2023-04-28,7890,7890,7130,7280,611871,-0.05084745762711862
2023-05-02,7280,7820,7100,7550,545961,0.03708791208791218
2023-05-03,7550,7560,7100,7150,453265,-0.052980132450331174
2023-05-04,7190,7540,7090,7240,398211,0.012587412587412583
2023-05-08,7260,7290,7060,7100,276634,-0.01933701657458564
2023-05-09,7120,7690,6830,6940,913515,-0.022535211267605604
2023-05-10,6970,7060,6750,6780,290694,-0.023054755043227626
2023-05-11,6840,7070,6790,6850,256577,0.010324483775811188
2023-05-12,6990,6990,6590,6720,411831,-0.01897810218978102
2023-05-15,6610,6950,6610,6900,256429,0.02678571428571419
2023-05-16,7020,7420,6980,7210,534993,0.04492753623188417
2023-05-17,7390,7390,7070,7110,238865,-0.01386962552011095
2023-05-18,7110,7190,6980,7120,223097,0.0014064697609001975
2023-05-19,7120,7750,7050,7700,452189,0.0814606741573034
2023-05-22,7700,7990,7430,7840,526580,0.018181818181818077
2023-05-23,7990,8530,7880,8450,1183160,0.07780612244897966
2023-05-24,8350,8680,8160,8430,654927,-0.002366863905325478
2023-05-25,8350,9180,7740,8520,2182929,0.01067615658362997
2023-05-26,8680,8740,7880,8300,1015073,-0.025821596244131495
2023-05-30,8210,8210,7810,8050,510329,-0.030120481927710885
2023-05-31,7920,7970,7720,7750,278730,-0.037267080745341574
2023-06-01,7740,7890,7660,7790,173838,0.005161290322580614
2023-06-02,7760,7910,7750,7870,121008,0.010269576379974277
2023-06-05,7850,8100,7750,8020,173672,0.019059720457433205
2023-06-07,8040,8240,8030,8140,240273,0.014962593516209433
2023-06-08,8140,8360,8030,8110,281752,-0.0036855036855036882
2023-06-09,8140,8850,8070,8710,1097247,0.07398273736128247
2023-06-12,8710,8750,8400,8590,387722,-0.013777267508610747
2023-06-13,8600,8830,8570,8770,375847,0.020954598370197974
2023-06-14,8840,8850,8310,8690,365204,-0.009122006841505104
2023-06-15,8620,8680,8290,8480,279664,-0.024165707710011475
2023-06-16,8580,8710,8350,8670,265982,0.022405660377358583
2023-06-19,8670,8970,8520,8760,420272,0.01038062283737018
2023-06-20,8890,9310,8720,8760,865406,0.0
2023-06-21,8830,8830,8510,8640,255844,-0.013698630136986356
2023-06-22,8590,8590,8250,8400,232639,-0.02777777777777779
2023-06-23,8320,8390,8120,8290,145656,-0.013095238095238049
2023-06-26,8290,8290,7950,8080,130086,-0.02533172496984315
2023-06-27,8000,8180,7930,8090,150759,0.0012376237623761277
2023-06-28,8220,8220,7820,7870,184538,-0.027194066749072876
2023-06-29,7880,8050,7650,7940,164425,0.008894536213468918
2023-06-30,7790,7970,7790,7920,75299,-0.0025188916876573986
2023-07-03,8000,8150,7910,7950,137190,0.0037878787878788955
2023-07-04,8000,8000,7750,7820,115911,-0.01635220125786163
2023-07-05,7900,7900,7580,7650,209602,-0.021739130434782594
2023-07-06,7650,8090,7530,8000,252109,0.045751633986928164
2023-07-07,8000,8290,7820,8080,262820,0.010000000000000009
2023-07-10,8150,8420,7960,8140,308108,0.007425742574257432
2023-07-11,8450,8760,8300,8700,1573373,0.0687960687960687
2023-07-12,8780,8850,8510,8590,509141,-0.012643678160919491
2023-07-13,8640,11160,8590,11160,8074853,0.2991850989522702
2023-07-14,10800,11670,9860,11050,10378368,-0.009856630824372714
2023-07-17,11040,11040,9550,9860,2890045,-0.10769230769230764
2023-07-18,9640,9980,9300,9400,1419650,-0.04665314401622722
2023-07-19,9340,9600,9210,9500,726513,0.010638297872340496
2023-07-20,9330,9390,8900,9150,740713,-0.0368421052631579
2023-07-21,9010,9050,8670,8800,820009,-0.03825136612021862
2023-07-24,8750,8760,6610,7240,2716514,-0.17727272727272725
2023-07-25,7150,7520,7000,7160,1548588,-0.011049723756906049
2023-07-26,7200,7310,6810,6920,992733,-0.03351955307262566
2023-07-27,7010,7170,6760,7000,466857,0.011560693641618602
2023-07-28,6980,7220,6770,7090,525656,0.0128571428571429
2023-07-31,7140,7490,6990,7440,467950,0.049365303244005565
2023-08-01,7270,7500,7220,7370,343976,-0.009408602150537626
2023-08-02,7240,7750,7230,7560,627790,0.02578018995929443
2023-08-03,7540,7560,6960,7060,614638,-0.06613756613756616
2023-08-04,6990,7400,6920,7160,353210,0.014164305949008416
2023-08-07,7220,7450,7110,7230,362904,0.009776536312849249
2023-08-08,7250,7360,7080,7210,207151,-0.0027662517289073207
2023-08-09,7200,7310,7070,7200,185116,-0.001386962552011095
2023-08-10,7100,7180,7080,7100,159943,-0.01388888888888884
2023-08-11,7100,7210,6850,7200,166883,0.014084507042253502
2023-08-14,7110,7150,6970,7000,177574,-0.02777777777777779
2023-08-16,6910,7000,6790,6920,160475,-0.011428571428571455
2023-08-17,6920,7040,6750,6970,144525,0.007225433526011571
2023-08-18,6950,7010,6810,6990,119730,0.0028694404591105283
2023-08-21,7000,7130,6880,6890,114101,-0.014306151645207432
2023-08-22,7080,7150,6650,6720,342573,-0.02467343976777936
2023-08-23,6700,7300,6670,6970,437700,0.03720238095238093
2023-08-24,7360,7380,6780,7180,642840,0.03012912482065988
2023-08-25,7110,7300,6970,7060,214911,-0.01671309192200554
2023-08-28,7280,7690,7240,7420,1193509,0.05099150141643061
2023-08-29,7580,7610,7150,7440,681126,0.0026954177897573484
2023-08-30,7630,7650,7420,7510,290208,0.009408602150537737
2023-08-31,7680,7800,7310,7350,522516,-0.02130492676431428
2023-09-01,7570,7760,7320,7380,412717,0.004081632653061273
2023-09-04,7410,7450,7150,7180,192456,-0.027100271002710064
2023-09-05,7230,7230,7070,7100,119845,-0.011142061281337101
2023-09-06,7080,7200,7000,7000,163787,-0.014084507042253502
2023-09-07,6950,7280,6900,7080,381948,0.011428571428571344
2023-09-08,7170,7310,7060,7120,201519,0.005649717514124353
2023-09-11,7210,7380,7140,7190,252366,0.00983146067415741
2023-09-12,7130,7190,7000,7000,155532,-0.026425591098748313
2023-09-13,7090,7100,6920,6960,116338,-0.005714285714285672
2023-09-14,7060,7110,6960,7040,85316,0.011494252873563315
2023-09-15,7000,7170,7000,7160,114966,0.017045454545454586
2023-09-18,7160,7360,7060,7100,192066,-0.008379888268156388
2023-09-19,7700,8170,7340,7890,3007881,0.11126760563380289
2023-09-20,7980,8000,7430,7770,840429,-0.01520912547528519
2023-09-21,7660,8060,7300,7380,853201,-0.050193050193050204
2023-09-22,7290,7760,7160,7540,419919,0.021680216802167918
2023-09-25,7520,7730,7300,7710,385471,0.022546419098143256
2023-09-26,7710,7960,7590,7810,563191,0.012970168612191912
2023-09-27,7720,8400,7610,8240,678940,0.055057618437900135
2023-10-04,8170,8320,7780,7780,512438,-0.05582524271844658
2023-10-05,7840,8500,7570,8380,1075771,0.07712082262210807
2023-10-06,8290,8520,8100,8400,558214,0.0023866348448686736
2023-10-10,8270,8270,7550,7670,607943,-0.08690476190476193
2023-10-11,7670,8030,7670,7880,190754,0.027379400260756137
2023-10-12,7960,8040,7580,7640,339767,-0.030456852791878153
2023-10-13,7860,7980,7400,7880,543590,0.03141361256544495
2023-10-16,7750,7750,7550,7610,155284,-0.03426395939086291
2023-10-17,7610,7900,7600,7710,188853,0.013140604467805517
2023-10-18,7710,7930,7650,7790,238774,0.01037613488975353
2023-10-19,7670,7670,7350,7600,247947,-0.024390243902439046
2023-10-20,7600,8120,7200,7600,831981,0.0
2023-10-23,7570,7690,7450,7470,143233,-0.017105263157894735
2023-10-24,7510,8010,7170,7710,634138,0.032128514056224855
2023-10-25,7640,7730,7350,7480,234399,-0.02983138780804151
2023-10-26,7200,7410,7050,7130,190669,-0.046791443850267345
2023-10-27,7140,7460,6760,6940,485684,-0.02664796633941091
2023-10-30,6800,7060,6800,6940,117722,0.0
2023-10-31,6950,7090,6810,6890,105294,-0.007204610951008661
2023-11-01,6890,7070,6890,6960,101121,0.010159651669085612
2023-11-02,7080,7140,7030,7100,96897,0.02011494252873569
2023-11-03,7130,7200,7050,7150,166988,0.007042253521126751
2023-11-06,7200,7310,7050,7310,239350,0.02237762237762242
2023-11-07,7310,7310,6800,6930,294686,-0.051983584131326976
2023-11-08,6940,7020,6860,6920,88340,-0.0014430014430014682
2023-11-09,6920,7020,6820,6880,108179,-0.005780346820809301
2023-11-10,6880,6900,6770,6790,80817,-0.013081395348837233
2023-11-13,6800,6870,6340,6400,376520,-0.05743740795287189
2023-11-14,6400,6640,6400,6610,116810,0.03281249999999991
2023-11-15,6780,7070,6660,6940,342222,0.04992435703479581
2023-11-16,7080,7260,7000,7100,235209,0.023054755043227626
2023-11-17,7050,7150,6960,7040,112472,-0.008450704225352101
2023-11-20,6960,7190,6960,7110,85746,0.009943181818181879
2023-11-21,7020,7070,6950,7000,86359,-0.015471167369901506
2023-11-22,7000,7030,6840,6930,79680,-0.010000000000000009
2023-11-23,7100,7150,6930,6950,93684,0.0028860028860029363
2023-11-24,7020,7150,6920,7010,140497,0.008633093525179936
2023-11-27,6960,7140,6920,6950,82479,-0.008559201141226769
2023-11-28,7040,7060,6940,6980,95145,0.004316546762589857
2023-11-29,7090,7130,6910,6920,130896,-0.008595988538681931
2023-11-30,7020,7020,6920,6970,67243,0.007225433526011571
2023-12-01,6970,7050,6930,6940,80524,-0.004304160688665681
2023-12-04,7050,7230,6970,7050,212315,0.015850144092218965
2023-12-05,7050,7050,6910,6930,143361,-0.017021276595744705
2023-12-06,7150,7160,6860,7040,217278,0.015873015873015817
2023-12-07,6960,7450,6960,7350,261201,0.04403409090909083
2023-12-08,7320,7330,7100,7120,166736,-0.03129251700680269
2023-12-11,7200,7370,7080,7280,165404,0.022471910112359605
2023-12-12,7400,7520,7210,7420,256235,0.019230769230769162
2023-12-13,7490,7510,7260,7300,181169,-0.016172506738544423
2023-12-14,7360,7480,7300,7450,222088,0.020547945205479534
2023-12-15,7460,7500,7300,7440,168889,-0.0013422818791946067
2023-12-18,7490,7680,7350,7600,225806,0.021505376344086002
2023-12-19,7570,7750,7490,7720,170184,0.015789473684210575
2023-12-20,7800,8070,7720,7900,346081,0.023316062176165886
2023-12-21,7910,7990,7560,7710,297889,-0.024050632911392422
2023-12-22,7730,7960,7730,7840,236337,0.016861219195849486
2023-12-26,8050,8060,7680,7840,184955,0.0
2023-12-27,7840,7990,7700,7920,184708,0.010204081632652962
2023-12-28,7920,8200,7830,8100,213749,0.022727272727272707
2024-01-02,8050,8050,7810,7910,215088,-0.023456790123456805
2024-01-03,7830,7830,7560,7650,230534,-0.03286978508217442
2024-01-04,7550,7750,7510,7570,149279,-0.010457516339869244
2024-01-05,7570,7800,7520,7800,162461,0.03038309114927351
2024-01-08,7730,8090,7730,7930,213046,0.016666666666666607
2024-01-09,7950,7990,7880,7970,104166,0.0050441361916770955
2024-01-10,7970,7970,7740,7890,132156,-0.010037641154328703
2024-01-11,7920,8080,7890,7990,141765,0.012674271229404344
2024-01-12,8000,8000,7800,7920,102477,-0.008760951188986232
2024-01-15,8000,8360,7850,8340,514810,0.05303030303030298
2024-01-16,8350,8540,8170,8420,465739,0.00959232613908867
2024-01-17,8450,8450,7920,7980,344981,-0.052256532066508266
2024-01-18,8100,8440,8080,8180,376903,0.02506265664160412
2024-01-19,8250,8540,8210,8430,381012,0.030562347188264116
2024-01-22,8450,8830,8250,8620,521556,0.022538552787663146
2024-01-23,8620,8750,8400,8620,232101,0.0
2024-01-24,8660,8660,8430,8560,163028,-0.00696055684454755
2024-01-25,8480,8530,8150,8440,191623,-0.014018691588784993
2024-01-26,8440,8500,8240,8260,145474,-0.021327014218009532
2024-01-29,8220,8420,7980,8120,187805,-0.016949152542372836
2024-01-30,8120,8180,7790,7790,184898,-0.04064039408866993
2024-01-31,7790,7850,7570,7700,107600,-0.011553273427471145
2024-02-01,7700,8300,7500,8260,303979,0.07272727272727275
2024-02-02,8400,8400,8060,8230,1190625,-0.003631961259079941
2024-02-05,8180,8370,8000,8180,127615,-0.0060753341433779084
2024-02-06,8180,8320,7920,8230,161481,0.006112469437652868
2024-02-07,8260,8530,8150,8240,273053,0.0012150668286756705
2024-02-08,8050,8250,7930,8050,192285,-0.02305825242718451
2024-02-13,7990,8040,7790,7910,201590,-0.017391304347826098
2024-02-14,7840,7940,7760,7810,133907,-0.012642225031605614
2024-02-15,7820,7920,7700,7830,187675,0.00256081946222797
2024-02-16,7890,7900,7780,7830,91773,0.0
2024-02-19,7910,8180,7810,8110,202598,0.03575989782886335
2024-02-20,8050,8150,7920,7960,96340,-0.018495684340320562
2024-02-21,7970,8370,7910,8230,285630,0.03391959798994981
2024-02-22,8230,8690,8060,8560,673160,0.04009720534629402
2024-02-23,8680,9190,8610,8650,935690,0.010514018691588856
2024-02-26,8720,8840,8480,8660,265794,0.0011560693641619046
2024-02-27,8660,8750,8260,8350,182837,-0.035796766743648956
2024-02-28,8320,8480,8240,8300,162658,-0.005988023952095856
2024-02-29,8220,8390,8210,8310,98472,0.00120481927710836
2024-03-04,8350,8410,8050,8280,188598,-0.0036101083032491488
2024-03-05,8250,8790,8240,8590,688119,0.03743961352656999
2024-03-06,8570,8700,8370,8660,258853,0.008149010477299212
2024-03-07,8700,8910,8500,8510,278915,-0.01732101616628179
2024-03-08,8450,8590,8300,8440,201606,-0.008225616921269108
2024-03-11,8560,9840,8520,9240,3180272,0.09478672985782
2024-03-12,9270,9530,9060,9380,968349,0.015151515151515138
2024-03-13,9380,10150,9220,9810,1749917,0.04584221748400852
2024-03-14,10180,10940,10000,10440,2435290,0.06422018348623859
2024-03-15,10420,10680,9970,10330,756628,-0.010536398467432928
2024-03-18,10330,10810,10060,10260,3601459,-0.006776379477250738
2024-03-19,10850,10850,9420,9720,2590841,-0.052631578947368474
2024-03-20,9530,9600,9250,9410,865703,-0.03189300411522633
2024-03-21,9420,9580,9310,9390,499594,-0.002125398512221044
2024-03-22,9390,9550,9300,9370,447911,-0.0021299254526091493
2024-03-25,9430,9430,8870,8970,809931,-0.042689434364994616
2024-03-26,8880,9000,8490,8720,1056819,-0.027870680044593144
2024-03-27,8680,8940,8630,8880,497972,0.0183486238532109
2024-03-28,9140,9380,8980,9040,1118364,0.018018018018018056
2024-03-29,8960,9190,8820,9000,488283,-0.004424778761061954
2024-04-01,9100,9250,8850,9100,498565,0.011111111111111072
2024-04-02,9110,9120,8630,8660,556541,-0.0483516483516484
2024-04-03,8670,8990,8520,8910,511646,0.02886836027713624
2024-04-04,9100,9270,8800,9070,652310,0.017957351290684542
2024-04-05,8980,9410,8840,9170,970317,0.011025358324145529
2024-04-08,9300,9300,8430,8430,927067,-0.08069792802617226
2024-04-09,8500,8710,8130,8480,835870,0.005931198102016699
2024-04-11,8110,8210,7810,8050,772936,-0.050707547169811296
2024-04-12,8000,8290,7860,8190,388142,0.017391304347825987
2024-04-15,8230,8460,8050,8190,530876,0.0
2024-04-16,8180,8180,7750,7820,437404,-0.04517704517704513
2024-04-17,7820,8000,7660,7810,307368,-0.0012787723785165905
2024-04-18,7760,8300,7670,8220,482396,0.052496798975672165
2024-04-19,8120,8230,7800,8040,307379,-0.021897810218978075
2024-04-22,8150,8500,8150,8390,432951,0.04353233830845782
2024-04-23,8460,8490,8260,8370,234903,-0.0023837902264600697
2024-04-24,8550,8760,8420,8660,468233,0.0346475507765831
2024-04-25,8680,8890,8570,8800,510238,0.01616628175519641
2024-04-26,8810,8870,8550,8830,449407,0.003409090909090917
2024-04-29,8920,9050,8820,8880,371081,0.005662514156285381
2024-04-30,8900,8930,8650,8690,363139,-0.021396396396396344
2024-05-02,8650,8840,8580,8600,185949,-0.010356731875719172
2024-05-03,8630,8680,8420,8490,280966,-0.01279069767441865
2024-05-07,8500,8800,8410,8750,388028,0.03062426383981154
2024-05-08,8830,9140,8750,9080,960729,0.03771428571428581
2024-05-09,9130,9390,8980,9260,828292,0.01982378854625555
2024-05-10,9270,9400,8880,8900,595178,-0.0388768898488121
2024-05-13,9030,9270,8940,9170,626707,0.030337078651685445
2024-05-14,9260,10000,9130,9930,2650549,0.08287895310796078
2024-05-16,9960,9970,9620,9800,2829309,-0.01309164149043307
2024-05-17,9660,9680,9170,9200,1132759,-0.061224489795918324
2024-05-20,9270,9570,9170,9320,897693,0.01304347826086949
2024-05-21,9430,9640,9310,9360,605126,0.0042918454935623185
2024-05-22,9500,10400,9420,10180,4293961,0.08760683760683752
2024-05-23,10190,10500,9900,10430,2153721,0.024557956777996104
2024-05-24,10200,10770,9990,10610,1879105,0.01725790987535958
2024-05-27,11070,12170,10660,11360,9251209,0.07068803016022618
2024-05-28,11770,11780,10710,11370,3916136,0.0008802816901407606
2024-05-29,11430,11500,10510,10610,2482601,-0.06684256816182943
2024-05-30,10260,10910,10050,10780,1802579,0.01602262016965117
2024-05-31,10700,11550,10420,11290,3672379,0.04730983302411884
2024-06-03,11740,11920,11150,11410,2630926,0.010628875110717528
2024-06-04,11180,11220,10310,10540,2177939,-0.0762489044697634
2024-06-05,10410,10910,10060,10800,1493511,0.024667931688804545
2024-06-07,10810,11150,10360,10540,1578826,-0.024074074074074026
2024-06-10,10520,11600,10520,11540,2519439,0.09487666034155606
2024-06-11,11710,11920,10780,10810,1751506,-0.06325823223570193
2024-06-12,11100,11320,10900,11110,1186703,0.02775208140610541
2024-06-13,11110,11150,10730,10800,745747,-0.027902790279027867
2024-06-14,10720,11020,10530,10600,683887,-0.01851851851851849
2024-06-17,10600,10670,10300,10410,604635,-0.017924528301886844
2024-06-18,10370,10590,10170,10420,902126,0.0009606147934677622
2024-06-19,10740,11050,10440,10870,1303469,0.04318618042226485
2024-06-20,10880,11010,10560,10780,943665,-0.008279668813247487
2024-06-21,10900,10970,10460,10500,607441,-0.025974025974025983
2024-06-24,10600,10610,10000,10210,699122,-0.027619047619047654
2024-06-25,10100,10210,9940,10090,363274,-0.01175318315377083
2024-06-26,10100,10210,9930,10000,352796,-0.008919722497522264
2024-06-27,9950,9950,9630,9820,546266,-0.018000000000000016
2024-06-28,9760,9930,9640,9820,340774,0.0
2024-07-01,9800,9910,9590,9790,453082,-0.003054989816700604
2024-07-02,9620,9680,9010,9060,1189335,-0.07456588355464755
2024-07-03,8170,8620,8070,8240,2883089,-0.09050772626931569
2024-07-04,8400,8640,8170,8540,697492,0.03640776699029136
2024-07-05,8690,8840,8540,8700,521181,0.0187353629976581
2024-07-08,8810,9140,8760,9050,773687,0.04022988505747116
2024-07-09,9360,9750,9260,9750,1666612,0.07734806629834257
2024-07-10,9990,9990,9420,9490,955995,-0.026666666666666616
2024-07-11,9530,9580,9160,9390,619049,-0.010537407797681753
2024-07-12,9160,9600,9100,9430,544512,0.004259850905218299
2024-07-15,9690,9860,9480,9790,753238,0.038176033934252285
2024-07-16,9790,9800,9030,9190,918967,-0.06128702757916238
2024-07-17,9190,9630,9190,9270,673734,0.008705114254624613
2024-07-18,10210,10530,8760,8810,3755430,-0.04962243797195254
2024-07-19,8800,8830,8460,8770,553275,-0.004540295119182747
2024-07-22,8770,8900,8510,8570,415840,-0.022805017103762815
2024-07-23,8520,8870,8370,8770,448614,0.023337222870478458
2024-07-24,8770,8920,8640,8710,233957,-0.0068415051311288
2024-07-25,8610,8900,8350,8590,453104,-0.013777267508610747
2024-07-26,8650,9090,8600,9010,461645,0.04889406286379505
2024-07-29,9000,9000,8800,8850,225615,-0.017758046614872347
2024-07-30,8780,8840,8590,8790,221912,-0.006779661016949157
2024-07-31,8800,9380,8800,9040,623228,0.028441410693970326
2024-08-01,9050,9100,8770,8860,293190,-0.019911504424778736
2024-08-02,8670,8670,8330,8340,370105,-0.05869074492099324
2024-08-05,8150,8190,7100,7400,754079,-0.11270983213429253
2024-08-06,7400,7980,7390,7750,389046,0.04729729729729737
2024-08-07,7750,8070,7750,7950,187795,0.02580645161290329
2024-08-08,7870,8200,7800,8000,181273,0.0062893081761006275
2024-08-09,8270,8370,8210,8300,260352,0.03750000000000009
2024-08-12,8320,8550,8210,8550,213259,0.030120481927710774
2024-08-13,8470,8590,8210,8300,168256,-0.0292397660818714
2024-08-14,8500,8710,8150,8330,269504,0.0036144578313253017
2024-08-16,8390,8460,8140,8230,262245,-0.01200480192076836
2024-08-19,8310,8310,7930,7990,221336,-0.02916160388821387
2024-08-20,8030,8130,7980,8100,139898,0.013767209011264159
2024-08-21,8100,8200,7980,8110,140975,0.0012345679012346622
2024-08-22,8120,8830,8010,8250,1002230,0.01726263871763245
2024-08-23,8120,8300,8080,8190,154166,-0.0072727272727273196
2024-08-26,8210,8230,7950,7980,159442,-0.02564102564102566
2024-08-27,7800,8170,7760,8070,151966,0.011278195488721776
2024-08-28,8080,8330,8030,8040,145933,-0.0037174721189591198
2024-08-29,8040,8120,7890,7920,112246,-0.014925373134328401
2024-08-30,7950,8230,7950,8160,123875,0.030303030303030276
2024-09-02,8220,8250,8080,8160,93579,0.0
2024-09-03,8180,8300,8020,8040,127880,-0.014705882352941124
2024-09-04,7810,8170,7660,7940,354786,-0.01243781094527363
2024-09-05,7860,7950,7490,7600,240304,-0.04282115869017633
2024-09-06,7530,7600,7330,7350,195900,-0.03289473684210531
2024-09-09,7000,7380,7000,7350,187152,0.0
2024-09-10,7360,7410,7200,7220,84132,-0.017687074829931926
2024-09-11,7240,7310,7170,7220,89181,0.0
2024-09-12,7260,7830,7260,7800,200804,0.08033240997229907
2024-09-13,7890,8040,7760,7920,240763,0.01538461538461533
2024-09-19,8150,8350,7900,8180,337094,0.03282828282828287
2024-09-20,8250,8360,7900,7930,259306,-0.030562347188264005
2024-09-23,8130,8210,7710,7760,291950,-0.021437578814628044
2024-09-24,7850,7850,7680,7760,108550,0.0
2024-09-25,7840,7890,7580,7680,183537,-0.010309278350515427
2024-09-26,7620,7800,7620,7780,112237,0.01302083333333326
2024-09-27,7800,7800,7650,7690,101748,-0.011568123393316143
2024-09-30,7760,7790,7620,7620,101929,-0.00910273081924573
2024-10-02,7510,7590,7290,7290,177507,-0.04330708661417326
2024-10-04,7370,7440,7290,7430,106723,0.019204389574760006
2024-10-07,7430,7730,7300,7540,115741,0.014804845222072593
2024-10-08,7540,8060,7500,7960,411664,0.0557029177718833
2024-10-10,8000,8000,7800,7810,107918,-0.018844221105527637
2024-10-11,7850,8090,7850,7990,158743,0.023047375160051287
2024-10-14,8030,8080,7860,7910,55835,-0.010012515644555742
2024-10-15,8070,8400,8000,8220,468962,0.03919089759797734
2024-10-16,8160,8820,8130,8810,889748,0.07177615571776164
2024-10-17,10000,10420,9600,10140,8239371,0.15096481271282625
2024-10-18,10020,10140,9610,9750,1571019,-0.038461538461538436
2024-10-21,10290,10780,10050,10530,6069837,0.08000000000000007
2024-10-22,10520,10920,10020,10210,2874950,-0.03038936372269707
2024-10-23,10250,10770,9940,10450,2194447,0.02350636630754166
2024-10-24,10270,11880,10100,11600,7891101,0.11004784688995217
2024-10-25,11610,11690,11000,11150,2797853,-0.03879310344827591
2024-10-28,11310,12300,11200,11800,9340631,0.058295964125560484
2024-10-29,12240,13120,12050,12450,7817954,0.05508474576271194
2024-10-30,12450,12450,11860,11980,977866,-0.03775100401606424
2024-10-31,11310,11550,11070,11330,1317096,-0.05425709515859767
2024-11-01,11620,11850,11390,11800,816439,0.04148278905560465
2024-11-04,11600,11610,10580,11040,2631215,-0.06440677966101693
2024-11-05,10980,11240,10580,11120,1546086,0.007246376811594235
2024-11-06,11370,12020,11270,11900,3399118,0.07014388489208634
2024-11-07,12260,13220,11730,12290,3736042,0.032773109243697585
2024-11-08,12100,12940,12000,12800,1910834,0.041497152156224626
2024-11-11,12800,13450,12570,12950,2804307,0.01171875
2024-11-12,13000,15040,12650,15040,11845829,0.16138996138996142
2024-11-13,15920,16150,13860,14220,10640100,-0.05452127659574468
2024-11-14,14520,16190,13950,15800,8313578,0.11111111111111116
2024-11-15,15540,15770,14600,14820,3101636,-0.0620253164556962
2024-11-18,14590,17190,14380,16130,10471482,0.0883940620782726
2024-11-19,16450,19100,16250,17920,14442424,0.110973341599504
2024-11-20,17760,18140,17120,17270,2619855,-0.0362723214285714
2024-11-21,17450,17640,16640,16900,2502540,-0.021424435437174316
2024-11-22,17340,19920,17230,19100,14821142,0.1301775147928994
2024-11-25,19360,19690,18450,18490,4611173,-0.03193717277486907
2024-11-26,18400,18800,18000,18400,2216158,-0.004867495943753353
2024-11-27,18220,18950,16830,17020,3830839,-0.07499999999999996
2024-11-28,17190,17690,16480,16550,2622615,-0.02761457109283194
2024-11-29,16550,17210,15760,16960,3370174,0.02477341389728105
2024-12-02,16910,17840,16910,17320,1738375,0.021226415094339535
2024-12-03,17050,18040,16370,17870,2311257,0.03175519630484991
2024-12-04,17040,17370,13820,14680,9537062,-0.17851147174034698
2024-12-05,15010,15580,13790,14830,5124263,0.01021798365122617
2024-12-06,14650,15140,13580,13670,3336900,-0.07821982467970334
2024-12-09,13250,13580,12850,12960,2246599,-0.05193855157278715
2024-12-10,13050,13540,12500,13300,3114980,0.026234567901234573
2024-12-11,13390,13920,13070,13800,1902587,0.03759398496240607
2024-12-12,14150,14820,13700,13890,2206092,0.006521739130434856
2024-12-13,13800,13810,13220,13240,1127064,-0.04679625629949602
2024-12-16,13250,14470,13240,14400,1948210,0.08761329305135956
2024-12-17,14790,15540,14200,15130,2658384,0.050694444444444375
2024-12-18,15130,15330,14700,15180,1014553,0.0033046926635822427
2024-12-19,14660,15340,14340,15250,1398945,0.004611330698287119
2024-12-20,16120,16130,14510,14550,2130523,-0.04590163934426228
2024-12-23,14600,15900,14520,15430,1835911,0.060481099656357395
2024-12-24,15860,15960,15100,15290,1106819,-0.009073233959818516
2024-12-26,15570,15570,14730,14840,797074,-0.029431000654022266
2024-12-27,14550,15860,14530,15660,1993809,0.05525606469002686
2024-12-30,15370,15570,15120,15440,757159,-0.01404853128991057
2025-01-02,15370,15880,15280,15330,756121,-0.007124352331606243
2025-01-03,15470,15950,14650,14840,1634298,-0.03196347031963476
2025-01-06,15310,16120,14850,15940,2690023,0.07412398921832875
2025-01-07,16210,16810,15670,15690,1841930,-0.015683814303638632
2025-01-08,15350,15430,14920,15380,937607,-0.019757807520713877
2025-01-09,15550,15750,14850,14930,831589,-0.02925877763328999
2025-01-10,16410,17200,16060,16490,8087029,0.10448760884125918
2025-01-13,16740,17430,16550,17180,4158902,0.041843541540327545
2025-01-14,17140,17640,16850,17410,2118017,0.013387660069848595
2025-01-15,17210,17670,17010,17330,1275107,-0.004595060310166543
2025-01-16,17970,18430,17560,18000,3185901,0.038661281015579974
2025-01-17,19060,19430,18050,18080,4672118,0.004444444444444473
2025-01-20,18280,18950,17350,17570,2823372,-0.028207964601769886
2025-01-21,17700,18750,17400,18440,2687894,0.049516220830961855
2025-01-22,18930,22300,18810,20900,14737325,0.13340563991323218
2025-01-23,20750,21150,20200,20850,2639585,-0.0023923444976076125
2025-01-24,21950,23950,21350,23500,9647811,0.12709832134292576
2025-01-31,22050,22900,21600,21950,2853675,-0.06595744680851068
2025-02-03,21150,21650,20700,20900,1703236,-0.04783599088838264
2025-02-04,21600,22550,21100,21850,2299417,0.045454545454545414
2025-02-05,22150,22200,20500,20550,1907361,-0.059496567505720854
2025-02-06,21100,21250,20150,20400,1565694,-0.007299270072992692
2025-02-07,19650,21600,19150,19830,4143361,-0.027941176470588247
2025-02-10,20700,21300,19770,19890,2424624,0.00302571860816947
2025-02-11,20050,20700,19990,20350,1452395,0.02312719959778775
2025-02-12,21150,22400,19990,21950,5932603,0.07862407862407861
2025-02-13,22000,22400,21500,22300,1776805,0.015945330296127658
2025-02-14,22000,24800,21600,23000,7759974,0.03139013452914807
2025-02-17,21900,23200,21250,23150,2573040,0.006521739130434856
2025-02-18,24200,24700,22700,23200,3611463,0.002159827213822796
2025-02-19,23200,23500,21950,22150,1554571,-0.04525862068965514
2025-02-20,21950,22450,21050,21100,1395468,-0.04740406320541757
2025-02-21,20900,21500,20650,21000,820123,-0.004739336492891044
2025-02-24,20350,20750,19600,20250,1373866,-0.0357142857142857
2025-02-25,19780,21000,19400,20650,965342,0.01975308641975304
2025-02-26,20300,20650,19760,20100,779756,-0.0266343825665859
2025-02-27,20300,21000,19980,20400,1031919,0.014925373134328401
2025-02-28,20000,20650,19710,19900,747800,-0.02450980392156865
2025-03-04,19400,20650,19200,20300,694597,0.0201005025125629
2025-03-05,21300,22700,20550,22100,2517523,0.08866995073891615
2025-03-06,22150,22550,21300,21650,963921,-0.020361990950226283
2025-03-07,21450,21650,20600,21200,994033,-0.020785219399538146
2025-03-10,21000,21000,19740,19830,1383591,-0.06462264150943398
2025-03-11,18640,19420,18520,19420,1209333,-0.020675743822491155
2025-03-12,19940,20450,19580,19640,998559,0.011328527291452062
2025-03-13,19640,20250,19180,19370,691333,-0.013747454175152773
2025-03-14,19430,20900,19430,20750,1357026,0.07124419204956123
2025-03-17,20800,20800,19190,19200,1836126,-0.07469879518072287
2025-03-18,19010,19900,18740,19350,1109291,0.0078125
2025-03-19,19310,19980,19230,19440,1123002,0.0046511627906977715
2025-03-20,20000,20500,19330,19330,1097782,-0.005658436213991758
2025-03-21,19310,20750,18710,20150,2342601,0.042421107087428966
2025-03-24,19940,20600,19750,19980,701097,-0.008436724565756837
2025-03-25,19990,21000,19870,20000,1666934,0.0010010010010010895
2025-03-26,20050,20200,19210,19280,761943,-0.03600000000000003
2025-03-27,19020,19380,17790,18000,940429,-0.06639004149377592
2025-03-28,17870,18000,16940,17400,1050106,-0.033333333333333326
2025-03-31,16700,17280,16650,17230,577438,-0.009770114942528774
2025-04-01,17260,17690,17210,17320,413214,0.0052234474753336535
2025-04-02,17250,17870,17010,17360,413662,0.002309468822170979
2025-04-03,16850,17580,16740,17500,212928,0.008064516129032251
2025-04-04,17290,18030,16220,16850,819493,-0.037142857142857144
2025-04-07,15910,16060,15270,15480,505877,-0.08130563798219581
2025-04-08,15960,16140,15530,15820,305451,0.021963824289405576
2025-04-09,15500,16130,15500,15780,294109,-0.0025284450063211006
2025-04-10,17070,17130,16610,16970,435522,0.0754119138149556
2025-04-11,16670,18040,16590,18040,460791,0.0630524454920447
2025-04-14,18310,18310,17890,18080,301164,0.0022172949002217113
2025-04-15,18280,19880,18080,19830,1478817,0.09679203539823011
2025-04-16,20150,20500,19730,19870,852749,0.0020171457387796465
2025-04-17,20000,20600,19920,20400,551766,0.02667337695017613
2025-04-18,21050,21750,20550,21250,1258053,0.04166666666666674
2025-04-21,21700,22000,21250,21450,793697,0.009411764705882453
2025-04-22,21050,21950,21050,21500,474495,0.002331002331002363
2025-04-23,21850,22750,21200,21450,1272950,-0.0023255813953488857
2025-04-24,21650,22500,21500,22300,835294,0.03962703962703973
2025-04-25,23150,23150,20900,21800,1809719,-0.022421524663677084
2025-04-28,23400,25850,23150,25600,6181801,0.17431192660550465
2025-04-29,25250,29450,24800,28800,5683201,0.125
2025-04-30,28700,29200,27350,28250,1739108,-0.01909722222222221
2025-05-02,29100,29150,26850,28500,1761502,0.008849557522123908
2025-05-07,27000,30750,26950,30550,2064497,0.07192982456140351
2025-05-08,30550,31400,29450,30600,988413,0.0016366612111293755
2025-05-09,31250,31700,29950,31200,963966,0.019607843137254832
2025-05-12,31650,32100,29800,30250,915361,-0.03044871794871795
2025-05-13,30550,31150,30100,30400,471381,0.0049586776859504855
2025-05-14,31050,32500,31000,31800,921197,0.046052631578947345
2025-05-15,32250,33800,31050,31900,1192131,0.003144654088050425
2025-05-16,33000,40100,32650,37800,7228687,0.1849529780564263
2025-05-19,37550,38250,36050,37000,1017153,-0.021164021164021163
2025-05-20,37050,39300,37000,38400,1388409,0.037837837837837895
2025-05-21,39000,39150,36100,37400,1354380,-0.02604166666666663
2025-05-22,36600,37250,35800,36100,835091,-0.03475935828877008
2025-05-23,37950,39700,37450,38150,1903759,0.056786703601108046
2025-05-26,39350,39850,36100,37000,1443662,-0.03014416775884665
2025-05-27,36400,37800,36100,37550,737790,0.014864864864864824
2025-05-28,38250,39300,34600,35100,1539049,-0.06524633821571235
2025-05-29,35150,36250,34700,35450,671657,0.009971509971509862
2025-05-30,34900,36000,34150,34500,771813,-0.026798307475317307
2025-06-02,33500,36700,33450,35900,1032187,0.04057971014492745
2025-06-04,35300,37100,34850,36800,878943,0.025069637883008422
2025-06-05,38750,38750,35300,37550,1759944,0.020380434782608647
2025-06-09,37900,39400,36200,37700,1159661,0.003994673768308976
2025-06-10,37350,38650,36600,37700,765033,0.0
2025-06-11,37400,42850,37050,41100,2308575,0.09018567639257302
2025-06-12,43850,45650,42300,43050,1722045,0.04744525547445266
2025-06-13,43300,44100,40850,43500,1069358,0.010452961672473782
2025-06-16,44050,44550,43050,43950,975965,0.010344827586206806
2025-06-17,47550,47600,42100,45000,1477593,0.023890784982935065
2025-06-18,44450,45850,43450,45050,788291,0.0011111111111110628
2025-06-19,44450,46300,44000,45800,547414,0.01664816870144281
2025-06-20,45350,45350,42675,43600,796345,-0.048034934497816595
2025-06-23,43500,44750,42700,44000,874977,0.00917431192660545
2025-06-24,45050,45050,42150,42650,717968,-0.030681818181818143
2025-06-25,42800,43600,40000,42800,775711,0.003516998827667095
2025-06-26,41700,42400,40600,41850,549755,-0.02219626168224298
2025-06-27,42550,43100,40250,40850,418936,-0.02389486260453999
2025-06-30,42000,43450,41650,42450,533072,0.03916768665850667
2025-07-01,42550,43200,39050,39700,833867,-0.06478209658421674
2025-07-02,39500,40800,38350,38900,491009,-0.02015113350125941
2025-07-03,39350,39650,38050,38350,327187,-0.014138817480719768
2025-07-04,38350,39100,36500,36950,351891,-0.03650586701434155
2025-07-07,36100,38250,36100,38000,331715,0.02841677943166432
2025-07-08,38300,39800,37700,39150,405346,0.03026315789473677
2025-07-09,39350,39450,36000,38150,270048,-0.025542784163473775
2025-07-10,38400,38600,37100,38500,178833,0.00917431192660545
2025-07-11,38600,38600,36500,37050,294959,-0.03766233766233762
2025-07-14,37000,37750,36100,36550,327146,-0.013495276653171406
2025-07-15,37200,39600,37150,39150,726028,0.07113543091655261
2025-07-16,39250,39300,37850,38350,194079,-0.020434227330779042
2025-07-17,39450,39600,37200,37500,309992,-0.022164276401564487
2025-07-18,37700,37800,36700,37600,253089,0.002666666666666595
2025-07-21,37900,39650,37300,39450,509086,0.049202127659574435
2025-07-22,38400,38600,34900,35850,1023667,-0.09125475285171103
2025-07-23,35950,36250,34550,35450,403636,-0.01115760111576014
2025-07-24,38400,42000,37400,40500,4306751,0.14245416078984485
2025-07-25,39750,41500,39350,40500,554052,0.0
2025-07-28,40750,43500,39550,42900,1227915,0.059259259259259345
2025-07-29,41700,43300,40950,42300,579788,-0.013986013986013957
2025-07-30,42000,42000,40050,40300,412494,-0.047281323877068515
2025-07-31,40850,41225,38800,40300,769478,0.0
2025-08-01,39900,39900,36350,37100,1113322,-0.07940446650124067
2025-08-04,36900,39900,36500,39850,562535,0.07412398921832875
2025-08-05,40000,42350,39600,42300,727996,0.06148055207026348
2025-08-06,42500,44500,42500,44050,852587,0.04137115839243499
2025-08-07,43900,44950,42000,42650,551586,-0.03178206583427923
2025-08-08,42700,43600,42000,42750,358957,0.0023446658851113966
2025-08-11,42750,44500,42500,43500,582225,0.01754385964912286
2025-08-12,44000,47500,43850,44250,1532716,0.01724137931034475
2025-08-13,45050,45100,43000,43750,462348,-0.011299435028248594
2025-08-14,44200,46150,42500,44700,1641145,0.021714285714285797
2025-08-18,44200,45750,43250,43600,606650,-0.02460850111856827
2025-08-19,41600,43400,40650,41200,792621,-0.05504587155963303
2025-08-20,39100,44000,37700,43500,1726860,0.05582524271844669
2025-08-21,43500,47450,43050,46850,1402910,0.07701149425287346
2025-08-22,48850,52000,46750,51900,1773675,0.10779082177161148
2025-08-25,53900,54200,52300,52900,851677,0.019267822736030782
2025-08-26,51500,56800,51100,55600,1489302,0.051039697542533125
2025-08-27,55600,56700,54600,55100,465018,-0.008992805755395739
2025-08-28,54200,58800,54000,57400,605847,0.04174228675136127
