Date,Open,High,Low,Close,Volume,Change
2022-01-03,26900,26950,26350,26400,195643,-0.001890359168241984
2022-01-04,26600,27100,26400,27000,382720,0.022727272727272707
2022-01-05,27200,27300,26250,26350,283967,-0.024074074074074026
2022-01-06,25950,26300,25850,26000,248450,-0.013282732447817858
2022-01-07,26000,26200,25550,26100,329702,0.0038461538461538325
2022-01-10,26000,26100,25550,25700,170016,-0.01532567049808431
2022-01-11,25700,26450,25700,26000,262644,0.011673151750972721
2022-01-12,26050,26650,26050,26200,166967,0.007692307692307665
2022-01-13,26550,27400,26450,26600,463178,0.01526717557251911
2022-01-14,26400,26700,26000,26000,196805,-0.022556390977443663
2022-01-17,26100,26150,25400,25550,139351,-0.017307692307692357
2022-01-18,25500,25700,25000,25350,170513,-0.007827788649706457
2022-01-19,25050,26050,25000,25350,141598,0.0
2022-01-20,25550,25850,25350,25400,83935,0.0019723865877712132
2022-01-21,25250,25850,25150,25650,142777,0.009842519685039353
2022-01-24,25450,25900,24500,24600,249606,-0.040935672514619936
2022-01-25,24550,24750,23250,23750,253394,-0.03455284552845528
2022-01-26,23500,24050,23500,23950,136350,0.008421052631578885
2022-01-27,24000,24050,22550,22600,286483,-0.056367432150313146
2022-01-28,22850,24350,22300,24300,377052,0.0752212389380531
2022-02-03,25200,26300,25200,25650,504372,0.05555555555555558
2022-02-04,25400,26800,25400,26800,447715,0.04483430799220267
2022-02-07,27000,27350,26550,27150,363711,0.013059701492537323
2022-02-08,27150,27600,26800,26900,369735,-0.009208103130755041
2022-02-09,27100,27950,26900,27950,454075,0.0390334572490707
2022-02-10,28050,28750,27800,28250,560291,0.01073345259391778
2022-02-11,27700,28200,27550,27750,296673,-0.017699115044247815
2022-02-14,27500,28150,27300,27450,333218,-0.010810810810810811
2022-02-15,27850,27900,26600,26700,290106,-0.02732240437158473
2022-02-16,27000,27300,26800,27100,179517,0.014981273408239737
2022-02-17,27250,27700,26600,27050,326907,-0.0018450184501844769
2022-02-18,26500,27650,26500,27300,238705,0.009242144177449063
2022-02-21,26850,27200,26650,27200,184256,-0.00366300366300365
2022-02-22,26950,28250,26550,28150,541053,0.03492647058823528
2022-02-23,28300,28500,27650,27950,332648,-0.007104795737122527
2022-02-24,27950,28650,27250,27450,450290,-0.017889087656529523
2022-02-25,27750,29150,27300,28850,706387,0.051001821493624755
2022-02-28,29000,29600,28750,29550,513868,0.024263431542461023
2022-03-02,29600,29800,28000,28050,691796,-0.050761421319796995
2022-03-03,28450,30000,28150,29800,903525,0.06238859180035661
2022-03-04,29750,32000,29550,31650,1402788,0.06208053691275173
2022-03-07,32500,34850,32000,33300,2291785,0.05213270142180093
2022-03-08,33700,34200,31100,31250,1515159,-0.06156156156156156
2022-03-10,30200,30750,29200,30300,981719,-0.030399999999999983
2022-03-11,30300,31250,29850,30750,599060,0.014851485148514865
2022-03-14,31050,32000,30500,31250,597516,0.016260162601626105
2022-03-15,30900,31350,29950,30050,409785,-0.03839999999999999
2022-03-16,30050,30600,29600,30200,332449,0.004991680532445919
2022-03-17,30400,30600,29650,30150,469412,-0.0016556291390728006
2022-03-18,30250,31350,30050,30800,428165,0.021558872305140975
2022-03-21,31150,31650,31000,31350,318241,0.017857142857142794
2022-03-22,31900,34500,31850,33650,1541821,0.07336523125996819
2022-03-23,33800,34250,33100,34150,646032,0.014858841010401136
2022-03-24,34200,34500,33700,34300,367571,0.004392386530014614
2022-03-25,34000,34400,33400,33800,275602,-0.014577259475218707
2022-03-28,33700,34650,33450,34250,362683,0.013313609467455523
2022-03-29,35200,35700,33100,33900,711752,-0.010218978102189746
2022-03-30,33500,34200,33150,33650,345547,-0.007374631268436627
2022-03-31,34250,35400,34050,34450,644010,0.023774145616641817
2022-04-01,34600,35500,34550,34800,448701,0.010159651669085612
2022-04-04,34850,35100,34250,34300,208314,-0.014367816091954033
2022-04-05,34450,34550,33750,34300,204662,0.0
2022-04-06,34500,36200,34450,35300,760057,0.029154518950437414
2022-04-07,35350,35550,33950,33950,415422,-0.0382436260623229
2022-04-08,34100,34600,33600,34200,242204,0.007363770250368162
2022-04-11,35300,35750,34550,35400,458878,0.03508771929824572
2022-04-12,35500,36300,34950,35650,901236,0.007062146892655274
2022-04-13,36200,36200,34900,35000,582929,-0.018232819074333828
2022-04-14,35200,37250,35100,36850,897279,0.052857142857142936
2022-04-15,37250,38200,36800,37000,770923,0.004070556309362372
2022-04-18,36650,37500,36250,36800,264835,-0.00540540540540535
2022-04-19,37350,38500,37000,38450,506068,0.044836956521739024
2022-04-20,38400,38800,38000,38450,408653,0.0
2022-04-21,38350,38500,36900,37100,535889,-0.03511053315994794
2022-04-22,37050,38250,36600,37900,378222,0.02156334231805923
2022-04-25,39950,42500,37900,38300,1942558,0.01055408970976246
2022-04-26,38900,38950,37050,38300,747283,0.0
2022-04-27,37200,38300,36950,37550,374273,-0.019582245430809442
2022-04-28,37950,39550,37100,39350,661183,0.04793608521970705
2022-04-29,39500,39500,38450,38450,438837,-0.02287166454891998
2022-05-02,38000,38900,38000,38450,220879,0.0
2022-05-03,38500,39900,38400,39600,485490,0.02990897269180759
2022-05-04,39800,40100,38900,38900,316142,-0.017676767676767624
2022-05-06,38900,40200,38900,40050,435218,0.02956298200514129
2022-05-09,39850,40200,38750,39250,391326,-0.019975031210986316
2022-05-10,38600,38850,36450,37250,708126,-0.05095541401273884
2022-05-11,36550,37800,36250,37350,443672,0.0026845637583892135
2022-05-12,37100,38650,37000,37900,469872,0.014725568942436373
2022-05-13,38100,38200,36900,37850,332167,-0.0013192612137202797
2022-05-16,38150,38650,37450,38300,243615,0.011889035667107084
2022-05-17,38550,39250,38300,38850,259673,0.01436031331592691
2022-05-18,39050,39050,37700,38250,274526,-0.015444015444015413
2022-05-19,37300,37950,37150,37500,210821,-0.019607843137254943
2022-05-20,37700,38450,37600,37800,200316,0.008000000000000007
2022-05-23,37900,38050,37150,37550,190110,-0.006613756613756627
2022-05-24,37650,38600,37350,37550,208035,0.0
2022-05-25,38000,38350,37550,37900,192314,0.009320905459387463
2022-05-26,37950,38900,37800,38500,242252,0.0158311345646438
2022-05-27,38700,39500,38400,39200,250387,0.018181818181818077
2022-05-30,39500,39550,38000,38000,320853,-0.030612244897959218
2022-05-31,38050,38400,37750,38050,247903,0.001315789473684159
2022-06-02,37950,38600,37800,38400,210526,0.009198423127463773
2022-06-03,38650,39100,38050,39000,168733,0.015625
2022-06-07,39150,40800,38850,40300,625147,0.03333333333333344
2022-06-08,40850,41350,40200,40500,362125,0.00496277915632759
2022-06-09,40650,41050,40250,41050,285223,0.013580246913580174
2022-06-10,41050,42000,40550,41150,321824,0.0024360535931791105
2022-06-13,40550,41350,39950,40050,299833,-0.026731470230862753
2022-06-14,39500,39900,38650,39750,415802,-0.0074906367041198685
2022-06-15,39950,40150,38350,38600,240180,-0.028930817610062887
2022-06-16,39600,40500,38800,38850,308938,0.006476683937823857
2022-06-17,37850,38350,36200,36800,516702,-0.052767052767052736
2022-06-20,36900,36900,34800,35950,492601,-0.02309782608695654
2022-06-21,36250,36500,35100,35650,225726,-0.008344923504867818
2022-06-22,36100,36700,34050,34450,412179,-0.033660589060308554
2022-06-23,34450,34850,32550,32750,577967,-0.04934687953555883
2022-06-24,33000,33300,32000,32700,370523,-0.0015267175572518665
2022-06-27,33050,33700,32550,33000,337178,0.00917431192660545
2022-06-28,33850,34700,33600,34250,437621,0.037878787878787845
2022-06-29,34200,35250,33700,34050,393361,-0.005839416058394109
2022-06-30,34300,34300,32450,32550,291682,-0.04405286343612336
2022-07-01,32450,33250,32200,32600,216692,0.001536098310291889
2022-07-04,32900,33050,31100,31650,351541,-0.02914110429447858
2022-07-05,31600,31900,30350,31900,348113,0.00789889415481837
2022-07-06,31350,31350,28650,28650,910396,-0.10188087774294674
2022-07-07,29000,29200,28600,29050,408178,0.013961605584642323
2022-07-08,29400,30250,29300,29600,344668,0.018932874354561147
2022-07-11,29700,29800,28850,29350,224867,-0.008445945945945943
2022-07-12,29350,29400,28300,28850,298694,-0.017035775127768327
2022-07-13,28700,28800,27600,28800,349965,-0.0017331022530329143
2022-07-14,28450,29300,28450,28850,244375,0.0017361111111111605
2022-07-15,29150,29300,28050,28800,311534,-0.0017331022530329143
2022-07-18,29300,30100,29000,30050,314282,0.04340277777777768
2022-07-19,30000,31100,29850,30600,363656,0.01830282861896837
2022-07-20,31150,31300,30400,30650,266078,0.0016339869281045694
2022-07-21,30450,30750,30400,30650,132857,0.0
2022-07-22,30650,31100,30350,31000,196013,0.011419249592169667
2022-07-25,30700,31300,30650,30950,164646,-0.001612903225806428
2022-07-26,30950,31500,30850,31450,193443,0.016155088852988664
2022-07-27,31450,31750,30850,31750,241139,0.009538950715421324
2022-07-28,31850,32050,31400,31700,194588,-0.0015748031496063408
2022-07-29,31900,33100,31900,32800,471395,0.034700315457413256
2022-08-01,33250,33750,32900,33200,362790,0.012195121951219523
2022-08-02,33150,33700,33000,33350,241942,0.004518072289156683
2022-08-03,33000,33300,32450,33200,180993,-0.004497751124437732
2022-08-04,33450,33450,31950,32050,342150,-0.034638554216867457
2022-08-05,32050,32900,32050,32600,177243,0.01716068642745716
2022-08-08,32500,33300,32200,32850,162732,0.0076687116564417845
2022-08-09,32700,33400,32650,33200,190548,0.010654490106544845
2022-08-10,33250,33950,33150,33500,237456,0.009036144578313143
2022-08-11,33800,34200,33100,34000,298689,0.014925373134328401
2022-08-12,34350,35650,34150,35450,503611,0.04264705882352948
2022-08-16,35300,35600,35100,35150,249393,-0.008462623413258097
2022-08-17,35500,36000,35100,35300,231336,0.004267425320056972
2022-08-18,34900,35650,34850,35500,165450,0.0056657223796034994
2022-08-19,35850,37150,35350,37050,458041,0.04366197183098586
2022-08-22,37050,38100,36650,37400,496697,0.009446693657219951
2022-08-23,37600,39400,37400,38950,688929,0.041443850267379734
2022-08-24,39350,41350,39100,39900,850320,0.024390243902439046
2022-08-25,39900,41250,39550,40800,341254,0.022556390977443552
2022-08-26,41100,42250,40500,42250,410572,0.035539215686274606
2022-08-29,41500,42700,41200,42300,520312,0.0011834319526626835
2022-08-30,42600,43750,41950,42750,589577,0.010638297872340496
2022-08-31,42500,43600,41100,43250,492561,0.011695906432748648
2022-09-01,43050,43900,42550,42700,401290,-0.012716763005780396
2022-09-02,42900,44850,42250,44300,710920,0.0374707259953162
2022-09-05,44950,46500,44750,45750,1040967,0.03273137697516937
2022-09-06,46400,46400,44900,46150,401119,0.008743169398907069
2022-09-07,46200,46700,45100,45700,507101,-0.009750812567713929
2022-09-08,45650,45650,42700,44600,859263,-0.024070021881838044
2022-09-13,45350,46400,44000,45950,549766,0.030269058295964157
2022-09-14,44700,47600,44700,47200,567320,0.027203482045701888
2022-09-15,47850,49650,47550,48600,877657,0.029661016949152463
2022-09-16,48200,48600,41250,41300,2109183,-0.15020576131687247
2022-09-19,40550,41500,39550,40150,901316,-0.02784503631961255
2022-09-20,40850,42750,40850,41650,543352,0.03735990037359893
2022-09-21,41300,43300,41050,42050,483031,0.009603841536614643
2022-09-22,41650,42600,40500,42500,415435,0.010701545778834642
2022-09-23,42550,42550,40500,40600,315782,-0.04470588235294115
2022-09-26,39100,40300,38950,39250,431238,-0.03325123152709364
2022-09-27,39250,40150,38500,39500,452857,0.006369426751592355
2022-09-28,39550,39900,37350,37950,472175,-0.03924050632911391
2022-09-29,38750,40450,38600,39000,426958,0.027667984189723382
2022-09-30,38800,39450,38000,38900,305665,-0.002564102564102555
2022-10-04,39900,41200,39300,41200,298571,0.059125964010282805
2022-10-05,42000,42350,41100,41750,379320,0.013349514563106846
2022-10-06,42350,42550,41450,41650,219623,-0.0023952095808382756
2022-10-07,41250,42200,41050,41650,327951,0.0
2022-10-11,40700,42250,40350,41950,348843,0.007202881152460927
2022-10-12,42050,43350,41200,43200,352137,0.029797377830750982
2022-10-13,43350,43750,41550,42050,457611,-0.02662037037037035
2022-10-14,42800,43300,42400,42750,164805,0.016646848989298357
2022-10-17,42550,43400,41750,43050,165824,0.007017543859649145
2022-10-18,43550,43600,41500,43000,255601,-0.0011614401858304202
2022-10-19,43150,43400,42450,43050,202881,0.0011627906976743319
2022-10-20,43000,44550,42300,43850,476696,0.018583042973286945
2022-10-21,43900,43900,40650,41500,419327,-0.05359179019384264
2022-10-24,41950,42700,41700,42050,185882,0.013253012048192847
2022-10-25,42350,42400,40400,40700,238344,-0.03210463733650415
2022-10-26,40650,41000,40050,40300,182626,-0.009828009828009798
2022-10-27,40750,41550,40500,41200,189003,0.022332506203474045
2022-10-28,41250,42300,40800,41250,212552,0.0012135922330096527
2022-10-31,41900,41900,40350,40650,224116,-0.014545454545454528
2022-11-01,40450,42000,40450,41700,228102,0.02583025830258312
2022-11-02,41250,42100,41000,41200,207867,-0.011990407673860948
2022-11-03,40650,42350,40550,42050,165214,0.020631067961164984
2022-11-04,41900,42950,41750,41850,220156,-0.0047562425683710385
2022-11-07,41900,42000,39550,39950,452778,-0.04540023894862599
2022-11-08,40050,40700,39900,40600,208150,0.016270337922402955
2022-11-09,40500,41300,40400,40850,190283,0.006157635467980205
2022-11-10,40600,41500,40600,41100,199584,0.006119951040391758
2022-11-11,41750,41800,40000,40400,425439,-0.01703163017031628
2022-11-14,40400,40650,39650,40350,287578,-0.0012376237623762387
2022-11-15,40400,40700,39000,39350,344677,-0.024783147459727428
2022-11-16,39600,40150,39250,40000,260341,0.016518424396442244
2022-11-17,40100,40150,39250,39250,145813,-0.018750000000000044
2022-11-18,39400,40250,39050,39850,197493,0.015286624203821653
2022-11-21,39850,40050,39100,39900,119815,0.0012547051442910462
2022-11-22,39900,40100,39300,40050,100724,0.003759398496240518
2022-11-23,40400,41100,39900,41050,281092,0.024968789013732895
2022-11-24,41250,41250,40250,40250,157755,-0.01948842874543244
2022-11-25,40300,41100,40200,40950,169650,0.017391304347825987
2022-11-28,40950,41150,39550,39650,230546,-0.031746031746031744
2022-11-29,39650,40400,39550,40350,139255,0.017654476670870167
2022-11-30,40200,41300,39900,41200,298065,0.02106567534076831
2022-12-01,41400,42850,41100,41900,332025,0.016990291262136026
2022-12-02,42250,42300,41100,41250,175227,-0.015513126491646823
2022-12-05,41400,41450,39950,40000,229996,-0.030303030303030276
2022-12-06,39900,40100,39250,39450,196426,-0.01375000000000004
2022-12-07,39150,39850,39150,39200,191679,-0.006337135614702172
2022-12-08,39100,39350,38700,39200,266663,0.0
2022-12-09,39300,39500,38650,38950,202407,-0.0063775510204081565
2022-12-12,38950,39100,38050,38900,228909,-0.0012836970474967568
2022-12-13,39000,41000,39000,40900,349781,0.05141388174807204
2022-12-14,41000,41150,40000,40600,207372,-0.007334963325183352
2022-12-15,40650,41000,40050,40250,144612,-0.008620689655172376
2022-12-16,39300,40050,39300,39750,208268,-0.012422360248447228
2022-12-19,39750,40750,39300,40350,200794,0.015094339622641506
2022-12-20,40050,40450,39450,39850,174094,-0.012391573729863659
2022-12-21,40200,40700,40000,40650,193547,0.020075282308657405
2022-12-22,40650,41400,40600,41250,222971,0.014760147601476037
2022-12-23,40550,41300,40300,41200,232071,-0.00121212121212122
2022-12-26,41200,41500,41000,41300,248130,0.0024271844660195274
2022-12-27,41500,41750,40400,41750,535202,0.010895883777239712
2022-12-28,39500,39750,35900,36000,1260167,-0.13772455089820357
2022-12-29,36100,36100,33700,33950,738292,-0.056944444444444464
2023-01-02,34100,34400,32550,32550,280904,-0.04123711340206182
2023-01-03,32550,32950,31650,32650,283603,0.003072196620583778
2023-01-04,32550,32600,32050,32300,253959,-0.01071975497702915
2023-01-05,32300,32550,31200,31750,469893,-0.017027863777089758
2023-01-06,31400,33150,31400,32700,360869,0.029921259842519587
2023-01-09,33100,34150,32800,33850,262125,0.03516819571865448
2023-01-10,34000,34550,33100,33200,331862,-0.019202363367799125
2023-01-11,33300,33850,33100,33550,164838,0.010542168674698704
2023-01-12,33900,34350,33300,33300,233773,-0.007451564828613977
2023-01-13,33650,34200,33400,34200,194279,0.027027027027026973
2023-01-16,34450,34450,33650,34150,155380,-0.0014619883040936088
2023-01-17,34300,34500,33600,33800,181918,-0.010248901903367469
2023-01-18,33750,33850,33150,33400,342896,-0.011834319526627168
2023-01-19,33100,33900,33100,33750,170350,0.010479041916167775
2023-01-20,33800,34350,33700,33950,221030,0.00592592592592589
2023-01-25,34300,34550,33950,34350,227057,0.01178203240058906
2023-01-26,34600,35050,34350,34650,270441,0.008733624454148492
2023-01-27,34950,35600,34850,35150,287590,0.01443001443001446
2023-01-30,35300,35450,34500,34650,204954,-0.014224751066856278
2023-01-31,34600,35350,34200,35050,240408,0.011544011544011523
2023-02-01,35250,35500,34800,35150,227216,0.0028530670470756636
2023-02-02,35450,35600,34250,34450,285497,-0.019914651493598834
2023-02-03,34400,34750,33800,34550,225737,0.002902757619738683
2023-02-06,34100,34750,33900,34200,166265,-0.01013024602026047
2023-02-07,33950,34400,33200,33400,284229,-0.023391812865497075
2023-02-08,33800,34050,33400,33500,264062,0.0029940119760478723
2023-02-09,33450,33450,32950,33100,289475,-0.011940298507462699
2023-02-10,32850,32900,32100,32750,210380,-0.010574018126888185
2023-02-13,32750,33100,32350,33100,174448,0.010687022900763399
2023-02-14,33250,33350,32750,33150,180279,0.0015105740181269312
2023-02-15,33300,33300,32000,32050,196176,-0.03318250377073906
2023-02-16,32100,32850,32100,32750,191605,0.021840873634945357
2023-02-17,32350,33200,32250,32700,117604,-0.0015267175572518665
2023-02-20,32750,33000,32000,32700,154596,0.0
2023-02-21,32750,33200,32400,32900,123522,0.006116207951070374
2023-02-22,32400,32950,32400,32800,151770,-0.003039513677811523
2023-02-23,32800,32850,32400,32700,109946,-0.0030487804878048808
2023-02-24,32650,33000,32350,32650,128229,-0.001529051987767538
2023-02-27,32500,32500,31450,32000,267977,-0.019908116385911168
2023-02-28,32000,32250,31350,31350,262498,-0.020312499999999956
2023-03-02,31400,33250,31400,32500,266488,0.03668261562998398
2023-03-03,32600,32900,32200,32450,155604,-0.0015384615384614886
2023-03-06,32450,32500,32000,32150,142733,-0.009244992295839749
2023-03-07,32050,32450,31900,32000,189853,-0.004665629860031051
2023-03-08,31600,31700,31000,31500,234376,-0.015625
2023-03-09,31550,32400,30650,30700,383212,-0.025396825396825418
2023-03-10,30150,30600,29750,30000,252872,-0.0228013029315961
2023-03-13,29600,30050,29300,30000,159261,0.0
2023-03-14,29700,30000,28600,28650,200763,-0.04500000000000004
2023-03-15,28950,29650,28850,29000,123862,0.01221640488656206
2023-03-16,28650,28950,28250,28600,218276,-0.01379310344827589
2023-03-17,28900,29350,28650,29300,193826,0.02447552447552437
2023-03-20,29300,29850,29000,29100,157480,-0.0068259385665528916
2023-03-21,29200,29400,28850,28850,116900,-0.00859106529209619
2023-03-22,29050,29150,28450,28550,132599,-0.010398613518197597
2023-03-23,28500,28500,27750,27850,229258,-0.024518388791593737
2023-03-24,27850,28150,27450,28000,224266,0.0053859964093356805
2023-03-27,28000,28500,27600,28250,172107,0.008928571428571397
2023-03-28,28250,28900,28200,28850,170930,0.02123893805309729
2023-03-29,28700,29100,28350,28700,219693,-0.005199306759098743
2023-03-30,28750,29300,28400,29150,263928,0.015679442508710784
2023-03-31,29150,29450,28950,28950,243545,-0.006861063464837058
2023-04-03,29250,29950,29200,29400,230583,0.015544041450777257
2023-04-04,29500,30100,29300,29350,221662,-0.00170068027210879
2023-04-05,29350,29450,28850,29350,180945,0.0
2023-04-06,29350,29350,28400,28400,276894,-0.03236797274275982
2023-04-07,28500,28600,28200,28450,150988,0.0017605633802817433
2023-04-10,28200,28500,28050,28400,165024,-0.0017574692442882123
2023-04-11,28450,28950,27900,28800,260885,0.014084507042253502
2023-04-12,29000,30200,28800,29650,391475,0.02951388888888884
2023-04-13,29650,29950,28800,29650,381674,0.0
2023-04-14,30000,30550,29350,30050,458323,0.013490725126475533
2023-04-17,30150,32100,29900,31250,887694,0.03993344425956735
2023-04-18,32100,32850,30950,31450,973174,0.006399999999999961
2023-04-19,31600,32100,31200,31750,493844,0.009538950715421324
2023-04-20,32050,32700,31650,32000,605477,0.007874015748031482
2023-04-21,31800,31900,30500,31350,583617,-0.020312499999999956
2023-04-24,31700,32250,30800,30800,383226,-0.01754385964912286
2023-04-25,30700,31000,29850,30350,444686,-0.01461038961038963
2023-04-26,30050,30300,29650,29700,278662,-0.021416803953871466
2023-04-27,29500,29700,28850,29400,266404,-0.010101010101010055
2023-04-28,29500,29550,28900,29250,265116,-0.005102040816326481
2023-05-02,29500,30400,29200,30200,264559,0.032478632478632585
2023-05-03,30050,31050,30050,30300,264322,0.0033112582781456013
2023-05-04,30400,31550,30050,30900,357541,0.01980198019801982
2023-05-08,31000,31400,30850,31000,209461,0.003236245954692629
2023-05-09,31100,31300,30600,30900,185682,-0.003225806451612856
2023-05-10,30700,31250,30600,30700,162543,-0.006472491909385147
2023-05-11,30900,31350,30800,30900,267142,0.006514657980456029
2023-05-12,31000,31150,30400,30900,204400,0.0
2023-05-15,30700,31300,30450,30950,156233,0.0016181229773462036
2023-05-16,31000,31050,30100,30150,176707,-0.02584814216478193
2023-05-17,30150,30350,29900,30100,107560,-0.0016583747927031434
2023-05-18,30200,32450,30150,32300,852811,0.07308970099667778
2023-05-19,32300,32500,31300,31600,366783,-0.021671826625387025
2023-05-22,31750,32200,31500,31900,263628,0.009493670886076
2023-05-23,31900,31900,30800,30800,461116,-0.03448275862068961
2023-05-24,30700,31150,30600,31000,261464,0.006493506493506551
2023-05-25,30900,31150,30550,30900,187611,-0.003225806451612856
2023-05-26,30850,31000,30250,30300,232792,-0.01941747572815533
2023-05-30,30600,31000,30400,30750,205175,0.014851485148514865
2023-05-31,30700,30750,30100,30200,305771,-0.01788617886178867
2023-06-01,30200,30250,29650,30000,212705,-0.0066225165562914245
2023-06-02,30150,30900,30100,30650,193204,0.021666666666666723
2023-06-05,30850,31300,30800,31250,278400,0.019575856443719397
2023-06-07,31350,31450,31000,31150,222428,-0.0031999999999999806
2023-06-08,31050,33800,31050,33400,1647389,0.07223113964687
2023-06-09,33900,34000,32900,33100,636970,-0.008982035928143728
2023-06-12,33400,33450,32550,32850,278699,-0.007552870090634434
2023-06-13,33050,33100,32400,32750,340887,-0.0030441400304414
2023-06-14,32700,33350,32400,32600,310033,-0.004580152671755711
2023-06-15,32900,33450,31850,32100,541874,-0.015337423312883458
2023-06-16,32700,34750,32500,34650,1245368,0.07943925233644866
2023-06-19,34950,35800,34200,34600,734090,-0.0014430014430014682
2023-06-20,34850,36000,34450,35000,782412,0.011560693641618602
2023-06-21,35200,35300,34350,34850,422533,-0.004285714285714337
2023-06-22,34550,35000,33900,34850,417128,0.0
2023-06-23,34900,35200,34050,34100,249796,-0.021520803443328518
2023-06-26,34050,34500,33400,33700,299743,-0.011730205278592365
2023-06-27,33950,35450,33750,34700,573350,0.029673590504450953
2023-06-28,34800,35050,34200,34500,355418,-0.0057636887608069065
2023-06-29,34550,34800,34000,34100,214647,-0.011594202898550732
2023-06-30,34300,36200,34250,36050,794336,0.05718475073313778
2023-07-03,36150,36150,34700,35050,766502,-0.0277392510402219
2023-07-04,35100,35700,35000,35300,530520,0.007132667617689048
2023-07-05,35300,37650,35050,37000,1250227,0.04815864022662897
2023-07-06,37450,37450,35350,35550,737423,-0.03918918918918923
2023-07-07,35300,35550,33950,34750,660950,-0.02250351617440227
2023-07-10,34500,34800,33000,33100,646476,-0.0474820143884892
2023-07-11,33100,35200,32800,35200,534233,0.06344410876132933
2023-07-12,35250,35900,35100,35500,398880,0.008522727272727293
2023-07-13,35900,35900,34800,35550,412728,0.0014084507042253502
2023-07-14,35550,36950,35350,36050,506008,0.014064697609001309
2023-07-17,36050,36850,35200,35500,396525,-0.015256588072122046
2023-07-18,36000,36550,35000,35250,421269,-0.007042253521126751
2023-07-19,35350,35650,34000,34650,440060,-0.017021276595744705
2023-07-20,34450,35500,34000,35000,305687,0.010101010101010166
2023-07-21,34700,35950,34500,35600,395230,0.017142857142857126
2023-07-24,35600,42100,35150,40250,4339064,0.1306179775280898
2023-07-25,40200,42800,38350,41950,3073829,0.04223602484472044
2023-07-26,42700,48450,38600,40350,5553627,-0.038140643623361115
2023-07-27,40100,40500,36400,36400,1835012,-0.09789343246592319
2023-07-28,35500,38250,35300,37600,1153470,0.03296703296703307
2023-07-31,37650,39850,37650,38450,920930,0.022606382978723305
2023-08-01,38400,38450,36150,36700,816434,-0.04551365409622887
2023-08-02,36200,36650,35400,35500,605834,-0.032697547683923744
2023-08-03,35450,35500,34150,34700,567096,-0.022535211267605604
2023-08-04,34650,35300,34350,35000,344044,0.008645533141210304
2023-08-07,35750,35900,34400,35250,593468,0.0071428571428571175
2023-08-08,35400,36800,35050,35850,683605,0.017021276595744705
2023-08-09,36100,36550,35450,36050,477013,0.00557880055788007
2023-08-10,36050,36700,35300,35500,613168,-0.015256588072122046
2023-08-11,35500,36350,35000,36050,468564,0.015492957746478853
2023-08-14,36350,38600,35500,36550,1152821,0.01386962552011095
2023-08-16,36150,36150,34600,35100,686078,-0.03967168262653897
2023-08-17,34700,35450,33850,35450,518392,0.009971509971509862
2023-08-18,34750,35350,34450,34950,343470,-0.014104372355430161
2023-08-21,34600,34700,31700,32550,1347020,-0.06866952789699576
2023-08-22,32700,32750,31050,31450,949995,-0.03379416282642089
2023-08-23,31550,31700,30700,30950,472578,-0.015898251192368873
2023-08-24,31050,31200,30500,30850,413096,-0.003231017770597755
2023-08-25,30500,30750,30250,30400,371576,-0.014586709886547866
2023-08-28,30500,31450,30350,31150,394245,0.024671052631578982
2023-08-29,31050,31200,30750,31100,260044,-0.0016051364365970988
2023-08-30,31300,31300,30150,30550,553805,-0.01768488745980712
2023-08-31,30500,30700,30100,30350,409533,-0.006546644844517169
2023-09-01,30250,30550,30000,30300,319357,-0.0016474464579900872
2023-09-04,30250,31200,29650,30650,698836,0.011551155115511635
2023-09-05,30700,31300,30450,30650,414381,0.0
2023-09-06,30450,30650,29700,29800,483625,-0.027732463295269127
2023-09-07,29700,29700,29100,29550,431487,-0.008389261744966459
2023-09-08,29600,29800,29150,29700,236183,0.0050761421319796
2023-09-11,29800,29850,29250,29500,225330,-0.006734006734006703
2023-09-12,29500,29950,29000,29000,339949,-0.016949152542372836
2023-09-13,29050,29050,28500,28550,341747,-0.01551724137931032
2023-09-14,28600,29300,28500,29000,486561,0.015761821366024442
2023-09-15,29000,30150,29000,29850,443200,0.02931034482758621
2023-09-18,29850,29950,29350,29800,286198,-0.0016750418760469454
2023-09-19,29700,30250,29500,30200,263630,0.01342281879194629
2023-09-20,30100,30600,30100,30400,259808,0.0066225165562914245
2023-09-21,30300,30350,29750,29800,286807,-0.019736842105263164
2023-09-22,29500,29750,29000,29600,319934,-0.006711409395973145
2023-09-25,29600,29650,28550,28600,267217,-0.03378378378378377
2023-09-26,28550,28900,28200,28400,255917,-0.006993006993006978
2023-09-27,28100,28700,27750,28550,230659,0.005281690140845008
2023-10-04,28250,28300,27400,27600,452332,-0.03327495621716292
2023-10-05,27800,27800,26650,26700,448620,-0.03260869565217395
2023-10-06,26500,26950,26350,26500,223112,-0.0074906367041198685
2023-10-10,26300,26650,25800,25950,398222,-0.02075471698113207
2023-10-11,26050,26650,26000,26300,380884,0.01348747591522148
2023-10-12,26300,26800,26250,26500,300080,0.0076045627376426506
2023-10-13,26300,26400,25700,25750,392954,-0.028301886792452824
2023-10-16,25750,25900,25400,25850,292995,0.003883495145631022
2023-10-17,26000,26350,26000,26150,177083,0.011605415860735047
2023-10-18,26000,26600,26000,26500,515671,0.013384321223709472
2023-10-19,26350,26350,25850,25950,222637,-0.02075471698113207
2023-10-20,25500,25800,25000,25200,307127,-0.028901734104046284
2023-10-23,25050,25450,24900,25200,165520,0.0
2023-10-24,25200,25750,24600,25750,261571,0.021825396825396748
2023-10-25,25850,25950,25450,25650,132331,-0.003883495145631022
2023-10-26,25300,25350,24700,24850,203363,-0.031189083820662766
2023-10-27,24950,25200,24650,24700,232133,-0.006036217303822977
2023-10-30,24550,25600,24550,25550,185818,0.03441295546558698
2023-10-31,25800,25800,24650,24850,273206,-0.0273972602739726
2023-11-01,24900,25300,24900,25000,178623,0.006036217303822866
2023-11-02,25200,25800,25200,25550,168862,0.02200000000000002
2023-11-03,25900,26400,25450,26300,319738,0.02935420743639927
2023-11-06,26950,28100,26650,28050,572075,0.06653992395437269
2023-11-07,28000,28150,27050,27900,479164,-0.005347593582887722
2023-11-08,28750,29650,27600,27700,573651,-0.007168458781361964
2023-11-09,27900,28300,27500,28000,311722,0.010830324909747224
2023-11-10,27800,28300,27600,28150,198022,0.005357142857142838
2023-11-13,28750,29700,28450,29350,629413,0.04262877442273538
2023-11-14,29100,29550,28950,29550,250993,0.006814310051107331
2023-11-15,29950,30000,29400,29950,337061,0.013536379018612488
2023-11-16,29850,30100,29400,29650,242705,-0.01001669449081799
2023-11-17,29550,29650,29250,29500,158332,-0.005059021922428353
2023-11-20,29700,30000,29350,29800,218862,0.01016949152542379
2023-11-21,30000,30050,29500,29500,161866,-0.010067114093959773
2023-11-22,29250,30100,29250,30050,235581,0.01864406779661021
2023-11-23,30050,30100,29450,30000,146372,-0.0016638935108153063
2023-11-24,30500,31150,30250,30950,598377,0.03166666666666673
2023-11-27,30950,31200,30300,30500,211113,-0.014539579967689842
2023-11-28,30600,30650,29850,29950,230616,-0.0180327868852459
2023-11-29,29800,30100,29450,30050,169113,0.0033388981636059967
2023-11-30,29800,29900,29400,29750,296126,-0.009983361064891838
2023-12-01,29850,30150,29550,29600,182180,-0.005042016806722671
2023-12-04,29600,29850,29400,29600,110315,0.0
2023-12-05,29600,29700,29250,29250,155091,-0.011824324324324342
2023-12-06,29350,30650,29300,30150,310851,0.03076923076923066
2023-12-07,30100,30400,29650,29800,133780,-0.011608623548922004
2023-12-08,30100,30150,29600,29600,169880,-0.006711409395973145
2023-12-11,29750,29950,29650,29950,94464,0.011824324324324342
2023-12-12,29950,30050,29500,29700,248638,-0.008347245409014992
2023-12-13,29650,29800,29400,29400,137411,-0.010101010101010055
2023-12-14,29700,29950,29550,29550,249885,0.005102040816326481
2023-12-15,29800,30450,29750,30000,308534,0.015228426395939021
2023-12-18,30250,30500,29850,30350,215162,0.011666666666666714
2023-12-19,30700,30900,30150,30150,277422,-0.00658978583196046
2023-12-20,30150,30450,30100,30400,231549,0.008291873963515828
2023-12-21,30300,31000,30100,30750,425597,0.011513157894736947
2023-12-22,30950,31800,30700,31650,583713,0.029268292682926855
2023-12-26,31950,32300,31600,31900,895412,0.00789889415481837
2023-12-27,30700,30800,29300,29500,984367,-0.07523510971786829
2023-12-28,29400,29550,29000,29400,336090,-0.003389830508474523
2024-01-02,29150,29200,28350,28550,386033,-0.028911564625850317
2024-01-03,28600,28950,28300,28400,263760,-0.005253940455341555
2024-01-04,28250,28350,27800,27850,224488,-0.01936619718309862
2024-01-05,27900,27950,27050,27300,337041,-0.019748653500897717
2024-01-08,27500,27650,27050,27100,243691,-0.0073260073260073
2024-01-09,27300,27400,26950,27050,238445,-0.0018450184501844769
2024-01-10,27150,27200,26600,26700,207366,-0.012939001848428888
2024-01-11,26750,27200,26600,26700,202325,0.0
2024-01-12,26750,26950,26500,26500,151669,-0.0074906367041198685
2024-01-15,26500,26750,26450,26650,77947,0.005660377358490676
2024-01-16,26600,27950,26300,27850,386632,0.045028142589118136
2024-01-17,28100,28200,26800,27250,392766,-0.021543985637342944
2024-01-18,27450,27450,26700,27150,180220,-0.003669724770642202
2024-01-19,27200,27500,26800,26800,187513,-0.012891344383057057
2024-01-22,26950,27150,26550,26900,158848,0.003731343283582156
2024-01-23,26900,27150,26750,26850,94138,-0.0018587360594795044
2024-01-24,26850,26950,26550,26600,90049,-0.009310986964618295
2024-01-25,26600,27050,26400,26850,122048,0.009398496240601517
2024-01-26,26650,27200,26600,26800,135935,-0.0018621973929237035
2024-01-29,26850,27900,26800,27650,263319,0.03171641791044766
2024-01-30,28050,28550,27850,28250,399189,0.02169981916817365
2024-01-31,28300,28500,27850,28200,260972,-0.001769911504424737
2024-02-01,28200,29400,28100,29250,588440,0.037234042553191404
2024-02-02,29300,29300,28150,28400,735494,-0.029059829059829068
2024-02-05,28050,28350,27550,28200,374737,-0.007042253521126751
2024-02-06,27950,28300,27450,27550,271128,-0.023049645390070927
2024-02-07,27700,28400,27650,28250,268798,0.025408348457350183
2024-02-08,28250,28400,28000,28000,220048,-0.008849557522123908
2024-02-13,28250,28350,27800,27800,208202,-0.0071428571428571175
2024-02-14,27650,27750,27200,27350,219031,-0.01618705035971224
2024-02-15,27600,27650,27150,27250,152695,-0.003656307129798919
2024-02-16,27450,28150,27300,27950,205229,0.025688073394495303
2024-02-19,28000,29000,28000,28600,350193,0.023255813953488413
2024-02-20,28800,28850,28100,28250,209422,-0.012237762237762184
2024-02-21,28350,28450,28000,28100,142441,-0.005309734513274322
2024-02-22,28300,28350,28000,28200,116130,0.003558718861210064
2024-02-23,28450,28450,28050,28150,157766,-0.0017730496453900457
2024-02-26,28150,28150,27300,27500,228860,-0.023090586145648295
2024-02-27,27400,27550,26650,26700,241581,-0.029090909090909056
2024-02-28,26750,27700,26750,27450,207911,0.028089887640449396
2024-02-29,27300,27850,27200,27450,277245,0.0
2024-03-04,27550,27750,27150,27200,175478,-0.00910746812386154
2024-03-05,26950,27400,26800,26800,173987,-0.014705882352941124
2024-03-06,26750,27100,26550,26700,113169,-0.003731343283582045
2024-03-07,26850,26850,26450,26550,156025,-0.005617977528089901
2024-03-08,26650,26800,26500,26800,180682,0.009416195856873921
2024-03-11,26750,26800,26450,26450,142674,-0.013059701492537323
2024-03-12,26700,26900,26450,26550,159969,0.003780718336483968
2024-03-13,26750,26800,26450,26600,145450,0.0018832391713747842
2024-03-14,26700,26800,26400,26450,278784,-0.005639097744360888
2024-03-15,26450,26600,25900,26250,346618,-0.007561436672967825
2024-03-18,26350,26350,26050,26200,117967,-0.0019047619047618536
2024-03-19,26050,26200,25800,25850,191741,-0.013358778625954248
2024-03-20,26050,26050,25800,26050,135747,0.007736943907156624
2024-03-21,26100,26200,25900,26050,164841,0.0
2024-03-22,26000,26600,25950,26250,188843,0.007677543186180413
2024-03-25,26250,26300,25850,25850,191975,-0.015238095238095273
2024-03-26,25900,26450,25900,26050,264063,0.007736943907156624
2024-03-27,26200,26950,25950,26700,332449,0.0249520153550864
2024-03-28,26800,26850,26450,26550,155646,-0.005617977528089901
2024-03-29,26800,27250,26650,27000,336380,0.016949152542372836
2024-04-01,27150,27150,26500,26700,223636,-0.011111111111111072
2024-04-02,26600,27050,26500,26750,174270,0.001872659176029856
2024-04-03,26700,27450,26500,27350,267969,0.02242990654205612
2024-04-04,27450,27450,26850,27000,159206,-0.012797074954296161
2024-04-05,26700,26900,26450,26650,159807,-0.012962962962962954
2024-04-08,26650,26650,26250,26450,112229,-0.007504690431519689
2024-04-09,26400,26900,26400,26600,108737,0.005671077504725952
2024-04-11,26250,26500,25800,26100,187612,-0.018796992481203034
2024-04-12,26200,26450,25950,26150,141182,0.0019157088122605526
2024-04-15,26350,27000,26250,26650,223615,0.019120458891013437
2024-04-16,26550,26850,25850,26050,210769,-0.022514071294559068
2024-04-17,26050,26300,25850,25900,126615,-0.0057581573896353655
2024-04-18,25850,26450,25850,26050,135691,0.005791505791505891
2024-04-19,25900,26050,25400,25800,189480,-0.009596928982725572
2024-04-22,26000,26750,25900,26450,162923,0.025193798449612448
2024-04-23,26450,26750,26400,26450,132773,0.0
2024-04-24,26700,26800,26500,26700,116503,0.00945179584120992
2024-04-25,26500,26750,26200,26200,135790,-0.01872659176029967
2024-04-26,26400,26700,26250,26650,88574,0.01717557251908386
2024-04-29,27050,28450,26950,28300,738700,0.06191369606003749
2024-04-30,28300,28300,27600,28000,396912,-0.010600706713780883
2024-05-02,27850,28600,27850,28500,349952,0.017857142857142794
2024-05-03,28550,28800,28150,28450,200290,-0.0017543859649122862
2024-05-07,28650,28950,28450,28900,226610,0.01581722319859402
2024-05-08,29000,29350,28450,29200,238850,0.01038062283737018
2024-05-09,29200,29350,28750,28850,231313,-0.011986301369863006
2024-05-10,29100,29600,28900,29350,277234,0.017331022530329365
2024-05-13,29600,29800,29150,29250,230996,-0.0034071550255536653
2024-05-14,29350,29350,28700,29150,200223,-0.0034188034188034067
2024-05-16,29250,29450,28850,29250,199801,0.0034305317324185847
2024-05-17,29150,29350,28850,29000,123037,-0.008547008547008517
2024-05-20,29100,34900,29100,32900,4856104,0.1344827586206896
2024-05-21,33700,35950,32650,34450,3654135,0.04711246200607899
2024-05-22,33700,34100,32800,33350,976178,-0.03193033381712629
2024-05-23,33000,33100,30200,31150,1596452,-0.06596701649175407
2024-05-24,30850,31850,30700,31250,520954,0.0032102728731941976
2024-05-27,31400,32100,30600,31850,566466,0.019200000000000106
2024-05-28,31850,32250,31450,31750,317802,-0.0031397174254317317
2024-05-29,32050,32250,31400,31600,384204,-0.0047244094488189115
2024-05-30,31350,31900,30800,31700,342492,0.0031645569620253333
2024-05-31,31850,32000,31350,31350,331438,-0.01104100946372244
2024-06-03,31750,33700,31750,32450,948231,0.03508771929824572
2024-06-04,32100,32350,29800,29850,742487,-0.08012326656394453
2024-06-05,29700,29800,28900,29600,495606,-0.008375209380234505
2024-06-07,29500,30550,29500,29800,244585,0.006756756756756799
2024-06-10,29700,29850,29200,29650,158580,-0.005033557046979831
2024-06-11,29900,30000,28950,29350,281522,-0.010118043844856706
2024-06-12,29350,29800,29150,29450,179633,0.0034071550255536653
2024-06-13,29650,30600,29500,29650,382209,0.00679117147707986
2024-06-14,29750,30550,29500,29550,285415,-0.003372681281618939
2024-06-17,29550,29850,29100,29200,198643,-0.011844331641285955
2024-06-18,29200,29650,28400,28500,382713,-0.023972602739726012
2024-06-19,28750,28900,28050,28550,216989,0.0017543859649122862
2024-06-20,28500,29950,28200,29650,381612,0.038528896672504365
2024-06-21,29700,30500,29550,30400,418455,0.025295109612141653
2024-06-24,30700,30700,29400,29400,294556,-0.03289473684210531
2024-06-25,29600,30850,29600,29900,417055,0.017006802721088343
2024-06-26,30450,30700,29800,30700,282370,0.026755852842809347
2024-06-27,30450,30750,29900,30400,211204,-0.009771986970684043
2024-06-28,30750,31200,30350,30500,316272,0.00328947368421062
2024-07-01,30750,31450,30650,30850,261189,0.011475409836065653
2024-07-02,30750,31450,30300,31300,448296,0.014586709886547755
2024-07-03,31450,31800,30900,31750,315162,0.01437699680511173
2024-07-04,32000,32050,31250,31600,177877,-0.0047244094488189115
2024-07-05,31800,32150,31000,31350,306192,-0.007911392405063333
2024-07-08,31100,31150,30450,30750,222380,-0.019138755980861233
2024-07-09,30800,31050,30300,31050,252035,0.009756097560975618
2024-07-10,30900,30900,29950,30200,300967,-0.027375201288244777
2024-07-11,30150,30350,29750,30100,196448,-0.0033112582781457123
2024-07-12,30200,30350,29900,30200,120503,0.0033222591362125353
2024-07-15,30400,30450,30000,30200,93633,0.0
2024-07-16,30250,30900,30000,30900,252648,0.023178807947019875
2024-07-17,30950,31500,30900,31100,303927,0.006472491909385036
2024-07-18,31000,31500,30550,31450,397634,0.0112540192926045
2024-07-19,31300,31450,30650,31300,194380,-0.004769475357710662
2024-07-22,31200,31300,30350,30600,172457,-0.022364217252396124
2024-07-23,30450,30900,30050,30200,174168,-0.013071895424836555
2024-07-24,30200,30750,30100,30550,119553,0.011589403973509826
2024-07-25,30100,30350,29550,29750,168426,-0.026186579378068786
2024-07-26,29900,30950,29800,30800,135451,0.03529411764705892
2024-07-29,30950,31550,30400,30650,169172,-0.004870129870129913
2024-07-30,30400,31100,30400,30900,133810,0.00815660685154973
2024-07-31,31000,31300,30650,30750,160415,-0.004854368932038833
2024-08-01,30800,31400,30700,31200,153167,0.014634146341463428
2024-08-02,30900,31200,29900,30150,379154,-0.033653846153846145
2024-08-05,29850,29850,26200,26900,492169,-0.10779436152570476
2024-08-06,27250,28800,27250,28100,270724,0.044609665427509215
2024-08-07,27950,28450,27650,28450,189110,0.01245551601423478
2024-08-08,27750,28900,27700,28900,154957,0.01581722319859402
2024-08-09,29100,29300,28750,29000,137643,0.0034602076124568004
2024-08-12,29000,29300,28900,29300,64588,0.010344827586206806
2024-08-13,29100,29500,28950,29500,107952,0.006825938566553003
2024-08-14,29600,29700,29300,29400,69411,-0.003389830508474523
2024-08-16,29900,30000,29300,29950,139515,0.018707482993197244
2024-08-19,29600,30000,29550,29800,67441,-0.005008347245408995
2024-08-20,30150,31350,30000,31000,356744,0.04026845637583887
2024-08-21,30950,31200,30700,30950,80780,-0.001612903225806428
2024-08-22,30900,31250,30650,31250,137988,0.009693053311793154
2024-08-23,30850,31450,30750,31350,140703,0.0032000000000000917
2024-08-26,31500,31550,31150,31500,85820,0.004784688995215225
2024-08-27,31600,33000,31500,32850,456300,0.04285714285714293
2024-08-28,32950,33000,31650,31700,244460,-0.03500761035007616
2024-08-29,31550,31900,31150,31650,131744,-0.001577287066246047
2024-08-30,31800,32000,31200,32000,178937,0.011058451816745585
2024-09-02,32300,32300,31050,31100,124110,-0.028124999999999956
2024-09-03,30950,31300,30750,30900,126700,-0.006430868167202619
2024-09-04,30100,30350,29800,30000,195978,-0.029126213592232997
2024-09-05,30300,30450,29450,29800,113881,-0.00666666666666671
2024-09-06,29950,29950,29450,29900,129880,0.003355704697986628
2024-09-09,29450,29650,28950,29500,96681,-0.013377926421404673
2024-09-10,29800,30000,29450,29500,70175,0.0
2024-09-11,29550,30200,29400,29750,100101,0.008474576271186418
2024-09-12,30050,30050,29500,29650,150649,-0.003361344537815114
2024-09-13,29750,30300,29700,30250,94374,0.02023608768971341
2024-09-19,30650,30700,30050,30250,100736,0.0
2024-09-20,30500,30550,29650,29750,212215,-0.016528925619834656
2024-09-23,29950,30800,29900,30600,138964,0.02857142857142847
2024-09-24,30850,31300,30750,31300,138512,0.02287581699346397
2024-09-25,31350,31500,30450,30500,180962,-0.025559105431309903
2024-09-26,30750,30900,30450,30650,113507,0.004918032786885185
2024-09-27,30950,30950,30300,30550,124822,-0.0032626427406199365
2024-09-30,30750,30900,30000,30000,195043,-0.018003273322422242
2024-10-02,30000,30100,29300,29300,186760,-0.023333333333333317
2024-10-04,29400,29500,29000,29000,140038,-0.010238907849829393
2024-10-07,29250,29800,29100,29650,100715,0.022413793103448265
2024-10-08,29550,29650,29200,29200,118853,-0.015177065767284947
2024-10-10,29500,29700,29200,29200,133056,0.0
2024-10-11,29500,29650,29050,29250,86269,0.001712328767123239
2024-10-14,29250,30200,29250,29950,123047,0.023931623931623847
2024-10-15,30000,30100,29550,29550,95485,-0.013355592654423987
2024-10-16,29600,29900,29250,29900,203909,0.011844331641285955
2024-10-17,29900,30250,29700,30050,125048,0.0050167224080268635
2024-10-18,30150,30250,29700,30000,100414,-0.0016638935108153063
2024-10-21,30100,30100,29550,29600,70817,-0.013333333333333308
2024-10-22,29500,29800,29250,29650,102886,0.0016891891891892552
2024-10-23,29800,29800,29450,29550,75537,-0.003372681281618939
2024-10-24,29550,29650,29200,29650,95195,0.0033840947546530664
2024-10-25,29500,29800,28900,29050,120905,-0.0202360876897133
2024-10-28,29300,29550,29000,29450,52550,0.013769363166953541
2024-10-29,29450,29550,29200,29450,51470,0.0
2024-10-30,29500,29650,29250,29650,84907,0.00679117147707986
2024-10-31,29800,30900,29250,30500,387719,0.02866779089376048
2024-11-01,30150,30200,29700,29950,145883,-0.0180327868852459
2024-11-04,30000,30050,29600,29700,74790,-0.008347245409014992
2024-11-05,29650,29800,29250,29300,118164,-0.013468013468013518
2024-11-06,29400,29600,29150,29550,95140,0.008532423208191142
2024-11-07,29450,30300,29250,29700,146923,0.0050761421319796
2024-11-08,29950,29950,29300,29350,97736,-0.011784511784511786
2024-11-11,29350,29350,28400,28500,149231,-0.028960817717206155
2024-11-12,28350,28800,28000,28300,137589,-0.007017543859649145
2024-11-13,28050,28250,27250,27300,149435,-0.035335689045936425
2024-11-14,27500,27700,27150,27150,110610,-0.005494505494505475
2024-11-15,27200,27500,26650,27500,130772,0.012891344383057168
2024-11-18,27300,28700,27150,28200,139975,0.025454545454545396
2024-11-19,27950,28150,27700,28000,76882,-0.007092198581560294
2024-11-20,27750,28100,27700,27800,77318,-0.0071428571428571175
2024-11-21,27850,28350,27750,28000,61162,0.007194244604316502
2024-11-22,28200,28500,28000,28200,111976,0.0071428571428571175
2024-11-25,28400,28550,28100,28500,114324,0.010638297872340496
2024-11-26,28250,28300,27850,28300,151470,-0.007017543859649145
2024-11-27,28100,28350,27950,28050,94494,-0.00883392226148405
2024-11-28,28050,29100,27950,28900,185754,0.030303030303030276
2024-11-29,28900,28950,28350,28550,131429,-0.01211072664359858
2024-12-02,28800,28850,28100,28400,72130,-0.005253940455341555
2024-12-03,28600,29400,28500,29300,149781,0.03169014084507049
2024-12-04,28900,29050,28050,28200,165724,-0.03754266211604096
2024-12-05,28200,28250,27900,28000,100992,-0.007092198581560294
2024-12-06,28150,28700,27550,28550,179523,0.019642857142857073
