Date,Open,High,Low,Close,Volume,Change
2022-01-03,2275,2275,2240,2260,165666,-0.00659340659340657
2022-01-04,2260,2325,2245,2315,264761,0.02433628318584069
2022-01-05,2330,2355,2290,2330,404880,0.00647948164146861
2022-01-06,2280,2365,2255,2320,269265,-0.0042918454935622075
2022-01-07,2320,2350,2295,2320,122697,0.0
2022-01-10,2320,2335,2245,2255,211008,-0.028017241379310387
2022-01-11,2255,2270,2160,2220,260514,-0.01552106430155209
2022-01-12,2205,2225,2175,2200,292133,-0.009009009009009028
2022-01-13,2205,2210,2060,2155,366218,-0.020454545454545503
2022-01-14,2155,2200,2140,2180,134710,0.011600928074245953
2022-01-17,2165,2180,2115,2145,225425,-0.016055045871559592
2022-01-18,2130,2165,2110,2145,160024,0.0
2022-01-19,2100,2130,2070,2115,288245,-0.013986013986013957
2022-01-20,2095,2420,2045,2170,1408208,0.026004728132387633
2022-01-21,2160,2165,2125,2140,166383,-0.01382488479262678
2022-01-24,2150,2150,2075,2090,234024,-0.02336448598130836
2022-01-25,2060,2105,2025,2065,249713,-0.011961722488038284
2022-01-26,2035,2095,2035,2055,107668,-0.004842615012106588
2022-01-27,2030,2075,1925,1945,454143,-0.05352798053527985
2022-01-28,1975,2070,1940,2065,214600,0.06169665809768632
2022-02-03,2070,2140,2070,2130,189470,0.0314769975786926
2022-02-04,2130,2160,2090,2155,175012,0.011737089201877993
2022-02-07,2200,2200,2115,2175,182930,0.009280742459396807
2022-02-08,2175,2195,2135,2160,88670,-0.006896551724137945
2022-02-09,2160,2330,2155,2270,603692,0.05092592592592582
2022-02-10,2275,2330,2265,2315,335012,0.01982378854625555
2022-02-11,2300,2300,2255,2295,162926,-0.008639308855291628
2022-02-14,2400,2400,2165,2255,348378,-0.017429193899782147
2022-02-15,2265,2290,2160,2215,211673,-0.0177383592017738
2022-02-16,2250,2355,2220,2335,431946,0.05417607223476306
2022-02-17,2340,2390,2250,2315,377197,-0.008565310492505307
2022-02-18,2270,2335,2260,2330,131755,0.00647948164146861
2022-02-21,2315,2340,2270,2340,124114,0.0042918454935623185
2022-02-22,2260,2330,2245,2325,243778,-0.0064102564102563875
2022-02-23,2320,2425,2305,2420,734179,0.04086021505376336
2022-02-24,2410,2420,2270,2390,531713,-0.012396694214875992
2022-02-25,2385,2420,2335,2360,243582,-0.012552301255230103
2022-02-28,2325,2390,2310,2365,215609,0.0021186440677967155
2022-03-02,2360,2365,2310,2330,143972,-0.014799154334038
2022-03-03,2375,2375,2310,2320,188860,-0.0042918454935622075
2022-03-04,2335,2345,2305,2345,142494,0.010775862068965525
2022-03-07,2345,2345,2260,2300,102647,-0.019189765458422214
2022-03-08,2225,2290,2220,2240,136423,-0.02608695652173909
2022-03-10,2250,2280,2235,2280,80871,0.017857142857142794
2022-03-11,2255,2325,2255,2305,94944,0.010964912280701844
2022-03-14,2290,2290,2230,2240,91551,-0.02819956616052066
2022-03-15,2250,2320,2230,2270,122192,0.013392857142857206
2022-03-16,2310,2315,2245,2315,180841,0.01982378854625555
2022-03-17,2325,2410,2325,2375,497785,0.02591792656587466
2022-03-18,2425,2430,2320,2370,271816,-0.002105263157894721
2022-03-21,2390,2415,2355,2365,230702,-0.002109704641350185
2022-03-22,2330,2380,2330,2360,137755,-0.0021141649048626032
2022-03-23,2360,2370,2340,2355,118812,-0.0021186440677966045
2022-03-24,2340,2380,2295,2370,183516,0.006369426751592355
2022-03-25,2365,2420,2360,2370,199433,0.0
2022-03-28,2390,2390,2340,2370,168686,0.0
2022-03-29,2370,2410,2365,2405,202703,0.014767932489451407
2022-03-30,2405,2420,2370,2390,123272,-0.006237006237006182
2022-03-31,2390,2400,2365,2380,135362,-0.004184100418409997
2022-04-01,2370,2485,2350,2425,535446,0.018907563025210017
2022-04-04,2460,2500,2415,2475,385828,0.020618556701030855
2022-04-05,2485,2575,2450,2515,647327,0.016161616161616266
2022-04-06,2525,2525,2455,2485,224393,-0.011928429423459286
2022-04-07,2465,2535,2350,2500,706678,0.006036217303822866
2022-04-08,2500,2530,2430,2490,502929,-0.0040000000000000036
2022-04-11,2455,2490,2430,2445,182780,-0.01807228915662651
2022-04-12,2405,2445,2365,2420,173249,-0.010224948875255602
2022-04-13,2415,2515,2415,2510,424545,0.037190082644628086
2022-04-14,2535,2625,2530,2610,1087403,0.03984063745019917
2022-04-15,2600,2650,2565,2640,498328,0.011494252873563315
2022-04-18,2660,2765,2600,2685,1122012,0.017045454545454586
2022-04-19,2665,2700,2600,2690,440357,0.0018621973929235924
2022-04-20,2665,2670,2575,2650,458682,-0.014869888475836479
2022-04-21,2615,2655,2615,2625,229954,-0.009433962264150941
2022-04-22,2590,2680,2565,2640,500931,0.005714285714285783
2022-04-25,2585,2695,2545,2685,545230,0.017045454545454586
2022-04-26,2655,2740,2630,2645,357190,-0.014897579143389184
2022-04-27,2540,2665,2535,2620,281029,-0.009451795841209809
2022-04-28,2630,2770,2595,2645,750579,0.009541984732824416
2022-04-29,2660,2660,2600,2630,188264,-0.005671077504725952
2022-05-02,2600,2630,2585,2630,152150,0.0
2022-05-03,2630,2700,2595,2660,257010,0.011406844106463865
2022-05-04,2660,2660,2575,2615,219159,-0.016917293233082664
2022-05-06,2570,2570,2460,2480,684753,-0.05162523900573612
2022-05-09,2480,2490,2390,2425,214938,-0.022177419354838745
2022-05-10,2405,2430,2260,2430,257630,0.0020618556701030855
2022-05-11,2395,2425,2345,2355,162902,-0.030864197530864224
2022-05-12,2345,2500,2285,2415,566102,0.02547770700636942
2022-05-13,2440,2445,2380,2420,164977,0.0020703933747412417
2022-05-16,2450,2455,2350,2395,478353,-0.010330578512396715
2022-05-17,2390,2400,2360,2370,148784,-0.01043841336116913
2022-05-18,2390,2390,2350,2360,189915,-0.00421940928270037
2022-05-19,2295,2350,2285,2335,193409,-0.010593220338983023
2022-05-20,2335,2380,2310,2370,248133,0.01498929336188426
2022-05-23,2375,2375,2340,2360,112072,-0.00421940928270037
2022-05-24,2360,2370,2330,2350,215845,-0.004237288135593209
2022-05-25,2330,2360,2330,2335,173806,-0.006382978723404209
2022-05-26,2335,2355,2325,2345,164794,0.004282655246252709
2022-05-27,2350,2385,2345,2370,156441,0.010660980810234477
2022-05-30,2390,2405,2370,2380,105484,0.00421940928270037
2022-05-31,2380,2385,2320,2350,133115,-0.012605042016806678
2022-06-02,2350,2350,2300,2320,55011,-0.012765957446808529
2022-06-03,2325,2350,2275,2310,134357,-0.004310344827586188
2022-06-07,2295,2305,2235,2240,171670,-0.030303030303030276
2022-06-08,2260,2270,2200,2235,66943,-0.0022321428571429047
2022-06-09,2205,2245,2190,2230,115773,-0.0022371364653244186
2022-06-10,2225,2315,2220,2310,141922,0.03587443946188351
2022-06-13,2285,2290,2140,2155,186403,-0.0670995670995671
2022-06-14,2130,2130,2020,2110,270637,-0.02088167053364265
2022-06-15,2065,2110,1980,1980,286087,-0.06161137440758291
2022-06-16,2010,2060,1965,1965,139859,-0.007575757575757569
2022-06-17,1900,1965,1860,1950,269687,-0.007633587786259555
2022-06-20,1950,1950,1775,1795,425783,-0.07948717948717954
2022-06-21,1775,1855,1775,1825,285810,0.01671309192200554
2022-06-22,1825,1850,1720,1720,164477,-0.05753424657534245
2022-06-23,1725,1740,1600,1610,440316,-0.06395348837209303
2022-06-24,1610,1740,1610,1740,130238,0.08074534161490687
2022-06-27,1765,1870,1760,1855,165007,0.06609195402298851
2022-06-28,1855,1905,1810,1900,100521,0.0242587601078168
2022-06-29,1835,1880,1800,1870,52235,-0.015789473684210575
2022-06-30,1870,1870,1805,1840,53320,-0.016042780748663055
2022-07-01,1800,1845,1715,1760,131999,-0.04347826086956519
2022-07-04,1765,1765,1665,1740,99587,-0.011363636363636354
2022-07-05,1695,1820,1695,1810,67705,0.04022988505747116
2022-07-06,1810,1815,1755,1795,62730,-0.008287292817679592
2022-07-07,1795,1830,1760,1815,82374,0.011142061281337101
2022-07-08,1835,1850,1800,1845,60291,0.016528925619834656
2022-07-11,1845,1845,1735,1740,170200,-0.05691056910569103
2022-07-12,1740,1750,1640,1660,136211,-0.04597701149425293
2022-07-13,1665,1675,1625,1650,116342,-0.0060240963855421326
2022-07-14,1660,1670,1615,1660,101433,0.0060606060606061
2022-07-15,1650,1670,1625,1650,46246,-0.0060240963855421326
2022-07-18,1680,1720,1670,1715,60115,0.039393939393939315
2022-07-19,1715,1745,1690,1740,65518,0.014577259475218707
2022-07-20,1750,1790,1725,1790,70190,0.028735632183908066
2022-07-21,1800,1805,1785,1805,46296,0.008379888268156499
2022-07-22,1815,1815,1790,1805,47618,0.0
2022-07-25,1770,1815,1770,1810,47497,0.0027700831024930483
2022-07-26,1795,1810,1750,1780,75494,-0.016574585635359074
2022-07-27,1780,1795,1725,1750,119075,-0.016853932584269704
2022-07-28,1760,1780,1735,1750,73425,0.0
2022-07-29,1765,1840,1745,1825,191756,0.04285714285714293
2022-08-01,1815,1880,1815,1840,85210,0.008219178082191858
2022-08-02,1840,1855,1810,1845,49709,0.0027173913043478937
2022-08-03,1810,1895,1810,1860,101802,0.008130081300812941
2022-08-04,1855,1855,1805,1820,92504,-0.021505376344086002
2022-08-05,1805,1850,1800,1840,57390,0.01098901098901095
2022-08-08,1840,1850,1805,1835,70641,-0.0027173913043477826
2022-08-09,1815,1830,1800,1820,77785,-0.008174386920980936
2022-08-10,1820,1820,1780,1800,70743,-0.01098901098901095
2022-08-11,1800,1820,1800,1815,51030,0.008333333333333304
2022-08-12,1805,1855,1805,1855,80044,0.02203856749311295
2022-08-16,1850,1865,1835,1855,55308,0.0
2022-08-17,1855,1880,1840,1880,136430,0.013477088948786964
2022-08-18,1880,1955,1845,1900,231894,0.010638297872340496
2022-08-19,1890,1915,1845,1875,134148,-0.013157894736842146
2022-08-22,1840,1860,1800,1810,108893,-0.03466666666666662
2022-08-23,1795,1945,1740,1770,342348,-0.02209944751381221
2022-08-24,1770,1840,1770,1840,99117,0.039548022598870025
2022-08-25,1845,1860,1810,1850,194146,0.005434782608695565
2022-08-26,1875,1890,1810,1865,215375,0.008108108108108025
2022-08-29,1780,1810,1765,1780,138716,-0.04557640750670244
2022-08-30,1755,1805,1755,1790,138856,0.00561797752808979
2022-08-31,1785,1785,1755,1775,92342,-0.008379888268156388
2022-09-01,1770,1770,1715,1730,139311,-0.025352112676056304
2022-09-02,1725,1735,1710,1725,72983,-0.0028901734104046506
2022-09-05,1715,1715,1650,1680,114426,-0.02608695652173909
2022-09-06,1665,1705,1665,1695,95490,0.008928571428571397
2022-09-07,1685,1695,1620,1650,102602,-0.026548672566371723
2022-09-08,1650,1685,1635,1640,128330,-0.0060606060606061
2022-09-13,1670,1720,1660,1710,82901,0.04268292682926833
2022-09-14,1665,1725,1655,1720,81320,0.005847953216374213
2022-09-15,1735,1735,1670,1695,109254,-0.014534883720930258
2022-09-16,1670,1695,1665,1675,62558,-0.01179941002949858
2022-09-19,1660,1705,1650,1650,103207,-0.014925373134328401
2022-09-20,1650,1715,1650,1695,125529,0.027272727272727337
2022-09-21,1670,1745,1670,1740,104923,0.026548672566371723
2022-09-22,1705,1805,1705,1750,206496,0.005747126436781658
2022-09-23,1770,1780,1655,1670,145326,-0.04571428571428571
2022-09-26,1630,1710,1605,1635,405557,-0.020958083832335328
2022-09-27,1610,1640,1560,1615,139800,-0.012232415902140636
2022-09-28,1585,1620,1520,1560,137757,-0.034055727554179516
2022-09-29,1550,1610,1465,1485,258706,-0.04807692307692313
2022-09-30,1440,1480,1385,1410,298573,-0.0505050505050505
2022-10-04,1430,1460,1415,1460,113322,0.03546099290780136
2022-10-05,1480,1480,1410,1425,107367,-0.023972602739726012
2022-10-06,1415,1450,1405,1440,230743,0.010526315789473717
2022-10-07,1440,1440,1405,1420,113280,-0.01388888888888884
2022-10-11,1420,1420,1290,1310,286076,-0.07746478873239437
2022-10-12,1320,1320,1245,1290,213726,-0.01526717557251911
2022-10-13,1275,1290,1195,1215,307631,-0.05813953488372092
2022-10-14,1235,1265,1220,1225,174629,0.008230452674897082
2022-10-17,1220,1265,1190,1265,134333,0.03265306122448974
2022-10-18,1270,1310,1270,1300,119984,0.027667984189723382
2022-10-19,1305,1340,1270,1310,239453,0.007692307692307665
2022-10-20,1300,1300,1255,1285,91487,-0.01908396946564883
2022-10-21,1270,1290,1250,1285,74991,0.0
2022-10-24,1290,1320,1285,1310,139131,0.01945525291828787
2022-10-25,1315,1320,1265,1280,103265,-0.022900763358778664
2022-10-26,1280,1280,1165,1170,746018,-0.0859375
2022-10-27,1175,1265,1165,1195,1098162,0.02136752136752129
2022-10-28,1195,1250,1175,1190,683504,-0.004184100418409997
2022-10-31,1235,1235,1185,1200,311011,0.008403361344537785
2022-11-01,1200,1245,1195,1225,361492,0.02083333333333326
2022-11-02,1240,1240,1215,1220,78693,-0.004081632653061273
2022-11-03,1205,1245,1190,1245,311218,0.020491803278688492
2022-11-04,1220,1240,1190,1215,438331,-0.02409638554216864
2022-11-07,1215,1230,1200,1230,370647,0.012345679012345734
2022-11-08,1235,1260,1230,1250,308295,0.016260162601626105
2022-11-09,1250,1280,1240,1270,322221,0.016000000000000014
2022-11-10,1255,1270,1235,1265,271590,-0.003937007874015741
2022-11-11,1295,1300,1245,1290,328160,0.01976284584980248
2022-11-14,1610,1675,1600,1675,5664879,0.29844961240310086
2022-11-15,1675,1700,1475,1510,9580176,-0.09850746268656718
2022-11-16,1515,1875,1480,1640,27147827,0.08609271523178808
2022-11-17,1655,1985,1650,1740,40361089,0.060975609756097615
2022-11-18,1740,1835,1695,1730,10813284,-0.005747126436781658
2022-11-21,1730,1775,1695,1730,3848934,0.0
2022-11-22,1715,1730,1625,1655,2538933,-0.043352601156069315
2022-11-23,1660,1705,1630,1650,1444765,-0.0030211480362537513
2022-11-24,1680,1720,1620,1700,1808377,0.030303030303030276
2022-11-25,1690,1730,1680,1705,1394775,0.002941176470588225
2022-11-28,1695,1785,1690,1705,3535706,0.0
2022-11-29,1685,1760,1680,1715,1189209,0.0058651026392961825
2022-11-30,1715,1875,1710,1800,9002316,0.04956268221574334
2022-12-01,1810,1815,1750,1780,2204946,-0.011111111111111072
2022-12-02,1770,1790,1740,1765,1263800,-0.008426966292134797
2022-12-05,1765,2235,1765,2135,59902785,0.2096317280453257
2022-12-06,2130,2190,2070,2160,10395762,0.011709601873536313
2022-12-07,2095,2100,1960,2000,6503484,-0.07407407407407407
2022-12-08,2130,2340,2045,2085,31315711,0.04249999999999998
2022-12-09,2070,2090,2010,2045,2684232,-0.01918465227817745
2022-12-12,2045,2045,1930,1965,2769235,-0.03911980440097795
2022-12-13,1940,1980,1865,1870,2774105,-0.04834605597964381
2022-12-14,1865,1905,1850,1865,1460654,-0.002673796791443861
2022-12-15,1870,2035,1860,1910,7621035,0.024128686327077764
2022-12-16,1855,1875,1820,1840,1364969,-0.03664921465968585
2022-12-19,1820,1920,1805,1850,1884768,0.005434782608695565
2022-12-20,1850,2100,1850,1935,15610902,0.04594594594594592
2022-12-21,1950,1990,1850,1905,2707827,-0.015503875968992276
2022-12-22,1920,1965,1855,1865,2066532,-0.02099737532808399
2022-12-23,1830,1835,1735,1740,1745910,-0.06702412868632712
2022-12-26,1705,1735,1675,1700,1263781,-0.02298850574712641
2022-12-27,1695,1755,1695,1750,1203785,0.02941176470588225
2022-12-28,1735,1835,1730,1780,1573054,0.017142857142857126
2022-12-29,1755,1775,1695,1715,729788,-0.0365168539325843
2023-01-02,1715,1775,1655,1725,727356,0.005830903790087438
2023-01-03,1705,1760,1685,1745,626661,0.011594202898550732
2023-01-04,1730,1765,1715,1760,483101,0.008595988538681931
2023-01-05,1765,1785,1705,1735,597912,-0.014204545454545414
2023-01-06,1725,1760,1680,1745,589370,0.0057636887608070175
2023-01-09,1765,1835,1755,1825,1241018,0.04584527220630363
2023-01-10,1815,1865,1805,1855,1005701,0.016438356164383494
2023-01-11,1855,1865,1780,1800,747775,-0.029649595687331498
2023-01-12,1800,1820,1750,1800,714207,0.0
2023-01-13,1800,1840,1760,1825,634027,0.01388888888888884
2023-01-16,1825,1830,1795,1800,512361,-0.013698630136986356
2023-01-17,1790,1830,1740,1760,820570,-0.022222222222222254
2023-01-18,1760,1795,1715,1790,559934,0.017045454545454586
2023-01-19,1775,1790,1730,1735,478403,-0.030726256983240274
2023-01-20,1725,1745,1705,1745,322511,0.0057636887608070175
2023-01-25,1745,1778,1742,1761,412055,0.009169054441260815
2023-01-26,1754,1774,1754,1767,349610,0.0034071550255536653
2023-01-27,1779,1810,1690,1775,691825,0.004527447651386574
2023-01-30,1775,1789,1725,1740,481687,-0.019718309859154903
2023-01-31,1740,1777,1727,1775,404703,0.02011494252873569
2023-02-01,1777,1798,1764,1771,318480,-0.0022535211267605826
2023-02-02,1785,1811,1770,1802,597375,0.017504234895539206
2023-02-03,1795,1803,1764,1777,383392,-0.013873473917869084
2023-02-06,1773,1795,1743,1789,328043,0.006752954417557744
2023-02-07,1785,1792,1766,1781,302233,-0.004471771939631108
2023-02-08,1781,1832,1781,1815,544271,0.019090398652442442
2023-02-09,1815,1818,1791,1805,327651,-0.0055096418732781816
2023-02-10,1805,1897,1767,1897,1633739,0.05096952908587249
2023-02-13,1907,1990,1862,1893,2655776,-0.0021085925144965767
2023-02-14,1898,1898,1840,1856,723373,-0.01954569466455358
2023-02-15,1856,1908,1794,1794,588828,-0.03340517241379315
2023-02-16,1794,1845,1794,1843,296429,0.027313266443701245
2023-02-17,1841,1922,1823,1894,1001256,0.027672273467173047
2023-02-20,1897,1944,1862,1936,1219585,0.022175290390707536
2023-02-21,1864,1887,1795,1809,2651559,-0.06559917355371903
2023-02-22,1801,1803,1736,1737,1091849,-0.03980099502487566
2023-02-23,1733,1761,1731,1755,405468,0.010362694300518172
2023-02-24,1755,1791,1732,1779,578083,0.013675213675213627
2023-02-27,1767,1767,1715,1719,450052,-0.033726812816188834
2023-02-28,1715,1739,1715,1720,306769,0.0005817335660267542
2023-03-02,1720,1727,1702,1708,254737,-0.006976744186046546
2023-03-03,1713,1722,1670,1690,297885,-0.010538641686182681
2023-03-06,1692,1709,1663,1693,291213,0.0017751479289940253
2023-03-07,1695,1705,1653,1680,375745,-0.007678676904902537
2023-03-08,1670,1680,1657,1670,274045,-0.005952380952380931
2023-03-09,1674,1677,1653,1663,232052,-0.004191616766467066
2023-03-10,1629,1647,1575,1593,564323,-0.042092603728202005
2023-03-13,1584,1588,1542,1582,465089,-0.0069052102950407646
2023-03-14,1560,1569,1485,1500,590142,-0.05183312262958284
2023-03-15,1506,1548,1506,1529,198549,0.019333333333333425
2023-03-16,1515,1519,1460,1487,322972,-0.027468933943754048
2023-03-17,1496,1554,1496,1544,192696,0.03833221250840624
2023-03-20,1547,1569,1544,1547,147969,0.0019430051813471572
2023-03-21,1554,1566,1542,1542,112648,-0.003232062055591456
2023-03-22,1545,1562,1517,1517,266895,-0.01621271076524
2023-03-23,1560,1589,1525,1538,436798,0.013843111404087116
2023-03-24,1538,1557,1526,1548,151632,0.006501950585175553
2023-03-27,1534,1557,1506,1551,207538,0.0019379844961240345
2023-03-28,1545,1574,1545,1574,297550,0.014829142488717029
2023-03-29,1574,1592,1563,1588,176431,0.008894536213468918
2023-03-30,1593,1624,1588,1620,297325,0.02015113350125941
2023-03-31,1620,1624,1582,1586,239331,-0.020987654320987703
2023-04-03,1587,1634,1586,1630,353953,0.027742749054224358
2023-04-04,1630,1655,1618,1649,218668,0.011656441717791344
2023-04-05,1648,1649,1618,1626,141747,-0.013947847180109108
2023-04-06,1610,1610,1577,1585,181561,-0.025215252152521517
2023-04-07,1585,1611,1570,1585,201378,0.0
2023-04-10,1585,1600,1545,1550,208392,-0.02208201892744477
2023-04-11,1548,1573,1530,1570,315247,0.012903225806451646
2023-04-12,1567,1620,1563,1606,239348,0.02292993630573248
2023-04-13,1606,1622,1579,1609,193372,0.0018679950186799577
2023-04-14,1609,1643,1609,1634,261383,0.015537600994406375
2023-04-17,1634,1679,1604,1656,548574,0.01346389228886169
2023-04-18,1656,1675,1619,1644,250661,-0.007246376811594235
2023-04-19,1644,1675,1633,1659,237744,0.009124087591240837
2023-04-20,1660,1675,1615,1617,469293,-0.025316455696202556
2023-04-21,1600,1608,1550,1589,387907,-0.017316017316017285
2023-04-24,1582,1582,1543,1559,306448,-0.01887979861548139
2023-04-25,1559,1587,1528,1560,366359,0.0006414368184732844
2023-04-26,1550,1584,1533,1546,138863,-0.008974358974358942
2023-04-27,1546,1549,1501,1526,192159,-0.012936610608020649
2023-04-28,1531,1542,1512,1512,230383,-0.00917431192660545
2023-05-02,1513,1549,1513,1540,140610,0.0185185185185186
2023-05-03,1530,1552,1525,1539,86622,-0.0006493506493506773
2023-05-04,1530,1540,1513,1523,99476,-0.010396361273554255
2023-05-08,1532,1564,1523,1554,183180,0.02035456336178587
2023-05-09,1548,1554,1520,1530,111188,-0.015444015444015413
2023-05-10,1529,1553,1516,1531,78818,0.0006535947712418277
2023-05-11,1532,1574,1500,1564,205610,0.02155453951665587
2023-05-12,1547,1574,1530,1552,166983,-0.007672634271099765
2023-05-15,1540,1560,1508,1522,195983,-0.019329896907216537
2023-05-16,1527,1529,1450,1469,569216,-0.034822601839684664
2023-05-17,1471,1525,1468,1516,271599,0.03199455411844787
2023-05-18,1517,1534,1516,1530,87553,0.00923482849604218
2023-05-19,1535,1545,1518,1530,125836,0.0
2023-05-22,1530,1546,1515,1536,123403,0.0039215686274509665
2023-05-23,1530,1545,1526,1532,47204,-0.0026041666666666297
2023-05-24,1531,1547,1518,1539,131567,0.004569190600522299
2023-05-25,1525,1539,1516,1525,116941,-0.009096816114359974
2023-05-26,1521,1525,1499,1506,172829,-0.012459016393442601
2023-05-30,1508,1532,1508,1524,119373,0.01195219123505975
2023-05-31,1524,1538,1521,1525,115427,0.0006561679790026975
2023-06-01,1510,1534,1505,1527,119445,0.0013114754098360049
2023-06-02,1526,1552,1523,1544,187754,0.011132940406024971
2023-06-05,1544,1584,1542,1575,212822,0.020077720207253957
2023-06-07,1576,1576,1542,1552,161439,-0.014603174603174618
2023-06-08,1533,1557,1532,1550,132523,-0.0012886597938144284
2023-06-09,1550,1680,1550,1623,1065645,0.04709677419354841
2023-06-12,1623,1676,1617,1640,592273,0.010474430067775709
2023-06-13,1635,1645,1610,1616,274769,-0.014634146341463428
2023-06-14,1617,1636,1581,1595,246191,-0.012995049504950451
2023-06-15,1591,1602,1558,1559,152259,-0.022570532915360486
2023-06-16,1559,1600,1559,1593,135282,0.021808851828095
2023-06-19,1586,1640,1586,1625,248741,0.020087884494664143
2023-06-20,1625,1640,1612,1630,114409,0.003076923076922977
2023-06-21,1618,1630,1580,1581,174991,-0.030061349693251582
2023-06-22,1570,1597,1561,1584,173896,0.00189753320683117
2023-06-23,1584,1606,1576,1584,106102,0.0
2023-06-26,1584,1597,1551,1584,164717,0.0
2023-06-27,1618,1805,1609,1706,10117424,0.07702020202020199
2023-06-28,1713,1849,1713,1758,4790937,0.030480656506447934
2023-06-29,1758,1771,1698,1707,1187386,-0.029010238907849817
2023-06-30,1720,1845,1706,1837,3730051,0.07615700058582298
2023-07-03,1820,1829,1764,1789,1748855,-0.026129559063690855
2023-07-04,1793,1810,1760,1777,573088,-0.006707657909446607
2023-07-05,1770,1796,1743,1754,482603,-0.01294316263365225
2023-07-06,1740,1784,1720,1738,481986,-0.009122006841505104
2023-07-07,1729,1746,1692,1703,344745,-0.02013808975834297
2023-07-10,1703,1755,1699,1735,290856,0.01879036993540817
2023-07-11,1735,1761,1710,1713,248879,-0.012680115273775217
2023-07-12,1731,1790,1707,1773,463715,0.035026269702276736
2023-07-13,1783,1792,1710,1734,788442,-0.021996615905245376
2023-07-14,1730,1746,1677,1690,460723,-0.025374855824682796
2023-07-17,1682,1697,1654,1674,257850,-0.009467455621301801
2023-07-18,1689,1689,1648,1650,346609,-0.014336917562724039
2023-07-19,1651,1668,1631,1645,253431,-0.00303030303030305
2023-07-20,1634,1656,1625,1646,234203,0.0006079027355623268
2023-07-21,1645,1650,1618,1620,232144,-0.015795868772782495
2023-07-24,1619,1620,1562,1578,547507,-0.025925925925925908
2023-07-25,1579,1590,1523,1536,341252,-0.026615969581749055
2023-07-26,1536,1536,1425,1466,754728,-0.04557291666666663
2023-07-27,1460,1515,1460,1497,284556,0.02114597544338337
2023-07-28,1514,1542,1495,1529,192010,0.021376085504342113
2023-07-31,1547,1688,1532,1644,949598,0.07521255722694575
2023-08-01,1644,1665,1585,1618,241851,-0.015815085158150888
2023-08-02,1618,1665,1600,1634,283429,0.009888751545117369
2023-08-03,1616,1656,1602,1633,198020,-0.000611995104039198
2023-08-04,1634,2080,1634,2065,14209266,0.2645437844458052
2023-08-07,2025,2050,1933,1987,3749827,-0.03777239709443103
2023-08-08,1955,2280,1949,2070,15785818,0.04177151484650232
2023-08-09,2030,2165,1967,2080,3071213,0.004830917874396157
2023-08-10,2060,2220,2010,2220,2212432,0.06730769230769229
2023-08-11,2170,2260,2120,2195,2295971,-0.011261261261261257
2023-08-14,2150,2210,2110,2145,1361165,-0.02277904328018221
2023-08-16,2115,2150,2015,2080,1575034,-0.030303030303030276
2023-08-17,2030,2055,1934,1944,1554955,-0.06538461538461537
2023-08-18,1925,1959,1851,1939,1081283,-0.002572016460905324
2023-08-21,1917,2080,1906,2030,1242535,0.04693140794223827
2023-08-22,2030,2135,2000,2075,1302741,0.022167487684729092
2023-08-23,2070,2330,2070,2175,6485744,0.04819277108433728
2023-08-24,2140,2440,2055,2315,5217866,0.06436781609195408
2023-08-25,2290,2430,2215,2285,3149773,-0.01295896328293733
2023-08-28,2265,2425,2255,2365,1546679,0.035010940919037115
2023-08-29,2370,2400,2235,2245,1133432,-0.05073995771670192
2023-08-30,2245,2275,2195,2230,798481,-0.006681514476614692
2023-08-31,2235,2245,2145,2175,839846,-0.024663677130044803
2023-09-01,2160,2245,2155,2155,901103,-0.00919540229885063
2023-09-04,2150,2170,2095,2125,308409,-0.0139211136890951
2023-09-05,2135,2330,2130,2275,1750398,0.07058823529411762
2023-09-06,2275,2455,2185,2350,3584393,0.03296703296703307
2023-09-07,2355,2355,2205,2205,1253797,-0.0617021276595745
2023-09-08,2160,2180,2085,2130,1502617,-0.03401360544217691
2023-09-11,2105,2170,2105,2160,918680,0.014084507042253502
2023-09-12,2155,2180,2050,2050,860104,-0.05092592592592593
2023-09-13,2035,2090,1999,2080,569956,0.014634146341463428
2023-09-14,2050,2085,1998,2050,521818,-0.014423076923076872
2023-09-15,2045,2075,2025,2070,346684,0.009756097560975618
2023-09-18,2045,2085,2025,2060,541228,-0.004830917874396157
2023-09-19,2050,2065,1985,2010,489071,-0.024271844660194164
2023-09-20,2005,2015,1946,1989,574479,-0.010447761194029903
2023-09-21,1971,1992,1944,1965,379097,-0.012066365007541435
2023-09-22,2030,2030,1829,1838,1943157,-0.06463104325699742
2023-09-25,1819,1841,1770,1792,1265331,-0.02502720348204568
2023-09-26,1770,1834,1741,1781,539408,-0.006138392857142905
2023-09-27,1620,1744,1620,1731,704509,-0.028074115665356558
2023-10-04,1730,1731,1626,1640,563530,-0.05257076834199881
2023-10-05,1669,1686,1599,1600,525320,-0.024390243902439046
2023-10-06,1600,1660,1600,1614,294293,0.008750000000000036
2023-10-10,1600,1640,1566,1575,556309,-0.024163568773234223
2023-10-11,1591,1651,1576,1615,220137,0.025396825396825307
2023-10-12,1618,1716,1614,1700,398624,0.05263157894736836
2023-10-13,1699,1700,1642,1658,422720,-0.024705882352941133
2023-10-16,1655,1686,1618,1670,335877,0.007237635705669376
2023-10-17,1670,1732,1669,1713,312617,0.02574850299401188
2023-10-18,1732,1733,1696,1710,140066,-0.0017513134851138146
2023-10-19,1690,1834,1670,1816,643868,0.06198830409356715
2023-10-20,1791,1841,1773,1813,579009,-0.0016519823788546661
2023-10-23,1841,1899,1735,1735,794782,-0.043022614451185826
2023-10-24,1750,1803,1690,1755,301307,0.011527377521613813
2023-10-25,1758,1790,1726,1727,172232,-0.015954415954415935
2023-10-26,1727,1727,1640,1677,301324,-0.02895193977996524
2023-10-27,1653,1711,1653,1687,162355,0.005963029218843063
2023-10-30,1687,1740,1660,1736,170637,0.029045643153526868
2023-10-31,1727,1743,1673,1681,241464,-0.03168202764976957
2023-11-01,1684,1750,1682,1749,184778,0.04045211183819153
2023-11-02,1741,1776,1719,1769,270228,0.011435105774728394
2023-11-03,1777,1778,1727,1772,155855,0.0016958733747880483
2023-11-06,1772,1787,1701,1725,387168,-0.026523702031602703
2023-11-07,1730,1839,1685,1764,1041087,0.022608695652173827
2023-11-08,1755,1844,1754,1799,514677,0.01984126984126977
2023-11-09,1800,1893,1777,1783,688761,-0.008893829905503026
2023-11-10,1784,1829,1750,1813,349272,0.016825574873808202
2023-11-13,1830,1866,1788,1788,501755,-0.013789299503585206
2023-11-14,1789,1860,1785,1823,511363,0.01957494407158844
2023-11-15,1830,1900,1804,1886,733014,0.03455842018650568
2023-11-16,2070,2450,1963,2450,27862642,0.29904559915164364
2023-11-17,2710,2785,2530,2635,33670662,0.07551020408163267
2023-11-20,2885,2965,2635,2640,30002543,0.00189753320683117
